timestamp,frame,x,y,z,doppler,SNR,w_snr,d2,is_inlier
14:44:37.058303,30,0.3017976421431786,4.983436434514714,1.187488474310935,-0.4174800111504737,27.239999391138557,1.0,3.6624750752925097,1
14:44:37.058303,30,0.251544156696942,4.986108892396823,1.1867723913796178,-0.4174800111504737,29.999999329447743,1.0,1.167627461208279,1
14:44:37.058303,30,0.352921988750683,4.953559918719813,1.038966340579942,-0.4174800111504737,23.87999946624041,1.0,3.930295395979215,1
14:44:37.058303,30,0.4032385554767573,4.949907913375563,1.039944892462688,-0.4174800111504737,20.51999954134226,1.0,3.8280377195781057,1
14:44:37.058303,30,0.0502759476605932,4.999840479255969,1.2351712583135035,-0.4174800111504737,26.6399994045496,1.0,3.742967735908735,1
14:44:37.058303,30,0.1508077332739514,4.997898095346225,1.2356917185135108,-0.4174800111504737,31.359999299049377,1.0,0.8332519427691665,1
14:44:37.058303,30,0.2012655170457795,4.988295813363622,1.1861864076726534,-0.4174800111504737,31.63999929279089,1.0,1.445777712907236,1
14:44:37.058303,30,0.1005468677685416,4.999112054938955,1.2353664390209949,-0.4174800111504737,29.519999340176582,1.0,1.2627201462078546,1
14:44:37.113534,31,0.3580336403762236,4.972171218416205,0.8267441280509227,-0.4174800111504737,63.11999858915806,1.0,1.5872748277547837,1
14:44:37.113534,31,0.3531517883559097,4.943661715129122,0.9893625013007376,-0.4174800111504737,26.99999939650297,1.0,0.9417180834547434,1
14:44:37.113534,31,0.3068450361379476,4.986901593156548,0.875783527108452,-0.4174800111504737,82.75999815016985,1.0,2.6074261997940793,1
14:44:37.113534,31,0.3027671439053969,4.946829586640402,0.9885136726875644,-0.4174800111504737,30.51999931782484,1.0,0.40052696529069687,1
14:44:37.113534,31,0.2557510897164155,4.989618746377459,0.8750554680971971,-0.4174800111504737,101.23999773710966,1.0,2.911313179912477,1
14:44:37.113534,31,0.4035011179234577,4.940007331838999,0.9903416903521594,-0.4174800111504737,23.11999948322773,1.0,1.9319839202900546,1
14:44:37.113534,31,0.5619491653733301,4.954396145704355,0.8315069444294672,-0.4174800111504737,21.7599995136261,1.0,3.162180603092405,1
14:44:37.113534,31,0.4600834164867791,4.964268551227337,0.8288616413422316,-0.4174800111504737,35.759999200701714,1.0,1.5651448643213102,1
14:44:37.113534,31,0.5110418428081194,4.959578337404419,0.830118380348412,-0.4174800111504737,27.639999382197857,1.0,2.1641650177140552,1
14:44:37.113534,31,0.2523522229941522,4.949510629588344,0.98779528939479,-0.4174800111504737,32.87999926507473,1.0,0.3295229735267837,1
14:44:37.113534,31,0.4090789822092485,4.968466318155658,0.8277368530837741,-0.4174800111504737,47.35999894142151,1.0,1.3694796058570509,1
14:44:37.113534,31,0.0,4.965496169045863,1.0357680319444211,-0.4174800111504737,21.119999527931213,1.0,4.501141629360141,1
14:44:37.113534,31,0.0504577837718282,4.965252474638108,1.035833329664179,-0.4174800111504737,24.99999944120645,1.0,2.788306361666853,1
14:44:37.113534,31,0.2019120670720289,4.9517045758709015,0.9872074232601418,-0.4174800111504737,33.359999254345894,1.0,0.7553827089777867,1
14:44:37.113534,31,0.1513531688756395,4.963303065589046,1.0363556722445932,-0.4174800111504737,31.75999929010868,1.0,1.0910299138510966,1
14:44:37.113534,31,0.1009105218075527,4.964521415784078,1.0360292162937363,-0.4174800111504737,28.759999357163903,1.0,1.6678722980655798,1
14:44:37.220595,33,0.2558406555896376,4.978100986309591,0.825155251532586,-0.3480400092958007,52.23999883234501,1.0,0.4512014153658017,1
14:44:37.220595,33,0.306952495479122,4.975382881522056,0.8258835655153489,-0.3480400092958007,44.87999899685383,1.0,0.31839338174689125,1
14:44:37.220595,33,0.3580336403762236,4.972171218416205,0.8267441280509227,-0.3480400092958007,36.75999917834997,1.0,0.519844672417777,1
14:44:37.220595,33,0.4090789822092485,4.968466318155658,0.8277368530837741,-0.3480400092958007,29.519999340176582,1.0,1.0675215901812547,1
14:44:37.220595,33,0.4600834164867791,4.964268551227337,0.8288616413422316,-0.3480400092958007,23.639999471604824,1.0,1.977687809491445,1
14:44:37.220595,33,0.5110418428081194,4.959578337404419,0.830118380348412,-0.3480400092958007,18.999999575316902,1.0,3.270896222941249,1
14:44:37.220595,33,0.2021850373443766,4.919058872600359,0.839019159677808,-0.3480400092958007,23.9999994635582,1.0,9.367536953608397,1
14:44:37.220595,33,0.2047032318489376,4.98032526097061,0.8245592589334207,-0.6263600167294499,56.519998736679554,1.0,0.910605833162611,1
14:44:37.220595,33,0.1009762281075673,4.95463034959989,0.9864234645522229,-0.4174800111504737,22.75999949127436,1.0,5.944963081157539,1
14:44:37.220595,33,0.1023720896590139,4.983291479615527,0.8237644630429413,-0.6263600167294499,49.63999889045954,1.0,2.800089663993981,1
14:44:37.220595,33,0.1535453379565534,4.982055483079509,0.824095647316615,-0.6263600167294499,55.35999876260757,1.0,1.6932508837651257,1
14:44:37.220595,33,0.1992575496198179,4.899556119548384,1.0488566719780137,-0.4174800111504737,5.759999871253967,0.5759999871253967,11.040467375543503,1
14:44:37.276656,34,0.3580336403762236,4.972171218416205,0.8267441280509227,-0.6263600167294499,48.119998924434185,1.0,0.893864578534499,1
14:44:37.276656,34,0.3520209480780472,4.980278706960843,1.1883345848589124,-0.2783200074336491,41.879999063909054,1.0,1.8483940373586871,1
14:44:37.276656,34,0.3472530063387786,4.925816112355827,1.2478176105693146,-0.3480400092958007,26.6399994045496,1.0,4.900743007738642,1
14:44:37.276656,34,0.306952495479122,4.975382881522056,0.8258835655153489,-0.6263600167294499,61.63999862223864,1.0,0.7915333728426299,1
14:44:37.276656,34,0.2558406555896376,4.978100986309591,0.825155251532586,-0.6263600167294499,71.8799983933568,1.0,0.8526291427132238,1
14:44:37.276656,34,0.2965897130693617,4.94939828663968,1.395418729669125,-0.3480400092958007,31.119999304413795,1.0,2.215278214331426,1
14:44:37.276656,34,0.251544156696942,4.986108892396823,1.1867723913796178,-0.3480400092958007,61.35999862849712,1.0,1.3491564764660227,1
14:44:37.276656,34,0.3017976421431786,4.983436434514714,1.187488474310935,-0.3480400092958007,52.63999882340431,1.0,1.547946469490543,1
14:44:37.276656,34,0.5175604825578791,4.969156941788816,0.6148454100215535,-0.6958000185841229,17.999999597668648,1.0,3.5636668264070424,1
14:44:37.276656,34,0.4022090522130315,4.976636025505318,1.1893106384132042,-0.2783200074336491,32.239999279379845,1.0,2.256328122923847,1
14:44:37.276656,34,0.4090789822092485,4.968466318155658,0.8277368530837741,-0.6958000185841229,36.11999919265509,1.0,1.1656733722501282,1
14:44:37.276656,34,0.4142970256077451,4.978158293970271,0.6124335049737444,-0.6958000185841229,27.759999379515648,1.0,2.854765456008317,1
14:44:37.276656,34,0.4518804548591318,4.980428291897791,1.2403727382394492,-0.2783200074336491,24.759999446570877,1.0,4.344940682864962,1
14:44:37.276656,34,0.4600834164867791,4.964268551227337,0.8288616413422316,-0.6958000185841229,27.239999391138557,1.0,1.6174645645439503,1
14:44:37.276656,34,0.4659520514901991,4.9739069820519575,0.6135726405690292,-0.6958000185841229,22.51999949663877,1.0,3.114665099417903,1
14:44:37.276656,34,0.5019303285121076,4.975821701267182,1.2416070704787816,-0.2783200074336491,19.239999569952488,1.0,4.917797446266786,1
14:44:37.276656,34,0.5110418428081194,4.959578337404419,0.830118380348412,-0.6958000185841229,20.75999953597784,1.0,2.264191900935435,1
14:44:37.276656,34,0.5619491653733301,4.954396145704355,0.8315069444294672,-0.6958000185841229,16.119999639689922,1.0,3.125250567177572,1
14:44:37.276656,34,0.5691171580109159,4.96390864818089,0.6162516860554383,-0.6958000185841229,14.51999967545271,1.0,4.2216852052442775,1
14:44:37.276656,34,0.2472034199114993,4.952024627623711,1.394715003723405,-0.3480400092958007,34.879999220371246,1.0,1.841066296472488,1
14:44:37.276656,34,0.3967613385515905,4.9222227691372735,1.248780443982854,-0.3480400092958007,22.359999500215054,1.0,5.70316853336084,1
14:44:37.276656,34,-0.1023720896590139,4.983291479615527,0.8237644630429413,-0.6263600167294499,17.11999961733818,1.0,6.283751977833019,1
14:44:37.276656,34,0.2012655170457795,4.988295813363622,1.1861864076726534,-0.3480400092958007,63.23999858647585,1.0,1.2505095262402361,1
14:44:37.276656,34,-0.1005468677685416,4.999112054938955,1.2353664390209949,-0.4174800111504737,16.99999962002039,1.0,3.8272526651005037,1
14:44:37.276656,34,-0.0493882934620651,4.963577696074978,1.4427885306087416,-0.3480400092958007,20.75999953597784,1.0,3.226882482351566,1
14:44:37.276656,34,-0.0502759476605932,4.999840479255969,1.2351712583135035,-0.4174800111504737,21.639999516308308,1.0,3.3454502357918425,1
14:44:37.276656,34,-0.0511886042382759,4.984033126980045,0.8235657392305498,-0.6263600167294499,21.87999951094389,1.0,4.873858931581377,1
14:44:37.276656,34,0.0,4.96381622519825,1.4427246169227894,-0.3480400092958007,24.99999944120645,1.0,2.566613982035618,1
14:44:37.276656,34,0.0,4.984280351008951,0.823499495751655,-0.6263600167294499,28.359999366104603,1.0,3.7097289984957005,1
14:44:37.276656,34,0.0493882934620651,4.963577696074978,1.4427885306087416,-0.3480400092958007,29.35999934375286,1.0,2.1182126865679907,1
14:44:37.276656,34,0.0502759476605932,4.999840479255969,1.2351712583135035,-0.3480400092958007,36.23999918997288,1.0,2.8161687485355005,1
14:44:37.276656,34,0.2047032318489376,4.98032526097061,0.8245592589334207,-0.6263600167294499,72.23999838531017,1.0,1.0755585030915906,1
14:44:37.276656,34,0.0511886042382759,4.984033126980045,0.8235657392305498,-0.6263600167294499,37.35999916493893,1.0,2.7662737192368727,1
14:44:37.276656,34,0.1975037889317725,4.960000236261078,1.4437471080768307,-0.3480400092958007,36.87999917566776,1.0,1.8721241508073447,1
14:44:37.276656,34,0.1508077332739514,4.997898095346225,1.2356917185135108,-0.3480400092958007,56.99999872595072,1.0,2.7255223483299096,1
14:44:37.276656,34,0.1481451257281954,4.961669606202699,1.4432998017491043,-0.3480400092958007,36.35999918729067,1.0,1.78404205061554,1
14:44:37.276656,34,0.1535453379565534,4.982055483079509,0.824095647316615,-0.6263600167294499,62.5199986025691,1.0,1.4631860905558178,1
14:44:37.276656,34,0.1023720896590139,4.983291479615527,0.8237644630429413,-0.6263600167294499,49.23999889940024,1.0,2.022833122122337,1
14:44:37.276656,34,0.1005468677685416,4.999112054938955,1.2353664390209949,-0.3480400092958007,46.51999896019697,1.0,2.7244076604092706,1
14:44:37.276656,34,0.0987716481361616,4.962862132557877,1.4429802652752817,-0.3480400092958007,33.639999248087406,1.0,1.862403312204489,1
14:44:37.337926,35,0.3487358637548102,4.973801192782518,0.2995202199045094,-0.3480400092958007,41.23999907821417,1.0,1.602020509432057,1
14:44:37.337926,35,0.3432173796636997,4.895094510713206,0.4923534649652788,-0.3480400092958007,22.239999502897263,1.0,3.1442712456242936,1
14:44:37.337926,35,0.2942500907704485,4.898281874555543,0.4923534649652788,-0.3480400092958007,24.63999944925308,1.0,1.7502185007661195,1
14:44:37.337926,35,0.2490345739315865,4.9765403218920365,0.3493645312487533,-0.3480400092958007,55.63999875634909,1.0,1.1292004286017336,1
14:44:37.337926,35,0.2452533771146431,4.900979414314208,0.4923534649652788,-0.3480400092958007,26.239999413490292,1.0,1.0095075381326768,1
14:44:37.337926,35,0.2987866949946033,4.973801192782518,0.3493645312487533,-0.3480400092958007,49.51999889314175,1.0,2.154241456837458,1
14:44:37.337926,35,0.3931541038842481,4.903937823248509,0.344940646043251,-0.3480400092958007,19.35999956727028,1.0,5.264372051406011,1
14:44:37.337926,35,0.398455608961137,4.970065204369156,0.2995202199045094,-0.3480400092958007,33.2399992570281,1.0,2.667600953576123,1
14:44:37.337926,35,0.4481355089403941,4.965832213599281,0.2995202199045094,-0.3480400092958007,26.519999407231808,1.0,4.253390386087985,1
14:44:37.337926,35,0.4984435449990835,4.96780968985761,0.1498275272799897,-0.3480400092958007,21.239999525249004,1.0,8.463854631627115,1
14:44:37.337926,35,0.1992575496198179,4.978781801138718,0.3493645312487533,-0.3480400092958007,56.63999873399735,1.0,0.7956928158038905,1
14:44:37.337926,35,-0.0992895970946207,4.963818017411153,0.5483426265196257,-0.3480400092958007,18.11999959498644,1.0,4.338892268055188,1
14:44:37.337926,35,-0.0496996309797268,4.969797542522674,0.4986679287274431,-0.3480400092958007,22.51999949663877,1.0,3.0159631844599724,1
14:44:37.337926,35,0.0,4.970046042742857,0.4986679287274431,-0.3480400092958007,28.359999366104603,1.0,3.073733823483551,1
14:44:37.337926,35,0.049018614120522,4.901698125151285,0.5413991488164493,-0.3480400092958007,20.51999954134226,1.0,3.1495380201863394,1
14:44:37.337926,35,0.0498268432640304,4.982518347193609,0.3493645312487533,-0.3480400092958007,35.63999920338392,1.0,4.884445865977162,1
14:44:37.337926,35,0.1960254412196645,4.898022188703982,0.5413991488164493,-0.3480400092958007,26.519999407231808,1.0,1.5986266126495945,1
14:44:37.337926,35,0.1494605997200255,4.980525406376513,0.3493645312487533,-0.3480400092958007,51.99999883770943,1.0,1.2449548188076682,1
14:44:37.337926,35,0.1470362355703671,4.899737511343971,0.5413991488164493,-0.3480400092958007,25.359999433159828,1.0,1.2233827786824154,1
14:44:37.337926,35,0.1927832495742541,4.817010629589798,0.6793656708279345,-0.3480400092958007,6.359999857842922,0.6359999857842922,9.05251342750406,1
14:44:37.337926,35,0.0996487038854793,4.981770963246357,0.3493645312487533,-0.3480400092958007,43.99999901652336,1.0,2.5737749986126897,1
14:44:37.337926,35,0.0980323264206998,4.900962864337829,0.5413991488164493,-0.3480400092958007,23.11999948322773,1.0,1.7073262104324982,1
14:44:37.390146,36,0.4600834164867791,4.964268551227337,0.8288616413422316,-0.6263600167294499,71.51999840140343,1.0,1.4982968441675475,1
14:44:37.390146,36,0.4544236156103003,4.903199687428983,0.8432686155370939,-0.6263600167294499,59.8799986615777,1.0,0.42368931392678866,1
14:44:37.390146,36,0.4487413552065339,4.841888486869523,0.857732760264476,-0.3480400092958007,33.2399992570281,1.0,2.9342844584529675,1
14:44:37.390146,36,0.4040466217739675,4.907345814754377,0.8421576640685378,-0.6263600167294499,78.51999824494123,1.0,0.07031048867455458,1
14:44:37.390146,36,0.4090789822092485,4.968466318155658,0.8277368530837741,-0.6263600167294499,81.35999818146229,1.0,1.9704171229512246,1
14:44:37.390146,36,0.3989942916544196,4.845982769672934,0.8566357004937175,-0.3480400092958007,44.23999901115894,1.0,1.7726707828636612,1
14:44:37.390146,36,0.3580336403762236,4.972171218416205,0.8267441280509227,-0.6263600167294499,81.99999816715717,1.0,3.3840925570906353,1
14:44:37.390146,36,0.4984435449990835,4.837313897063231,0.8589585179087758,-0.3480400092958007,25.23999943584204,1.0,5.068265607512726,1
14:44:37.390146,36,0.6054131849954867,4.875969862176501,0.7982145484282308,-0.7655200204462744,26.239999413490292,1.0,3.8753834852468603,1
14:44:37.390146,36,0.5110418428081194,4.959578337404419,0.830118380348412,-0.6263600167294499,57.759998708963394,1.0,1.9890934404055702,1
14:44:37.390146,36,0.5482329616547927,4.820534319572011,0.8117589202064786,-0.3480400092958007,19.35999956727028,1.0,5.525693323516124,1
14:44:37.390146,36,0.5551750507087799,4.881575119514539,0.7967126242511349,-0.7655200204462744,33.99999924004078,1.0,1.7491968217391987,1
14:44:37.390146,36,0.5620897006755972,4.942374651473105,0.781725799821307,-0.6263600167294499,45.11999899148941,1.0,1.530619747416992,1
14:44:37.390146,36,0.6130455035094162,4.897673902724405,0.6346540338984779,-0.6263600167294499,34.879999220371246,1.0,4.582223609183117,1
14:44:37.390146,36,0.6205238289149607,4.997670291198354,0.768218914906571,-0.6263600167294499,26.519999407231808,1.0,5.231642340094418,1
14:44:37.390146,36,0.6638556755033754,4.891506892338273,0.6363064793511561,-0.6263600167294499,27.239999391138557,1.0,3.225271693367219,1
14:44:37.390146,36,0.6720546252667318,4.951919450002984,0.6194641820251052,-0.904680024163099,21.119999527931213,1.0,5.844597786748153,1
14:44:37.390146,36,0.7145994624859633,4.884849409917145,0.638090346389522,-0.7655200204462744,21.7599995136261,1.0,2.9080895870664314,1
14:44:37.390146,36,0.3536292236139679,4.911005138502078,0.8411771512254975,-0.6263600167294499,96.51999784260988,1.0,0.6640162052761612,1
14:44:37.390146,36,0.5047551674657885,4.898567171135152,0.8445098945369498,-0.6263600167294499,44.87999899685383,1.0,1.7449106683434616,1
14:44:37.390146,36,0.3492073290074175,4.849596336048609,0.8556674483015589,-0.3480400092958007,57.35999871790409,1.0,1.563264178005594,1
14:44:37.390146,36,0.7234251234090264,4.945179744342775,0.6212700807139817,-0.904680024163099,16.99999962002039,1.0,4.535967400957762,1
14:44:37.390146,36,-0.0498268432640304,4.903165345883922,1.0478895826961052,-0.3480400092958007,17.359999611973763,1.0,5.7445696078494395,1
14:44:37.390146,36,-0.0502759476605932,4.999840479255969,1.2351712583135035,-0.3480400092958007,20.239999547600743,1.0,9.287056802418043,1
14:44:37.390146,36,0.0,4.903405993057696,1.0478251014802318,-0.3480400092958007,22.359999500215054,1.0,3.547373514818865,1
14:44:37.390146,36,0.0498268432640304,4.903165345883922,1.0478895826961052,-0.3480400092958007,29.35999934375286,1.0,2.171398499392172,1
14:44:37.390146,36,0.0504577837718282,4.965252474638108,1.035833329664179,-0.3480400092958007,33.11999925971031,1.0,3.4855401094190226,1
14:44:37.390146,36,0.0996487038854793,4.902443428427118,1.048083019895658,-0.3480400092958007,39.11999912559986,1.0,1.633539082578988,1
14:44:37.390146,36,0.1009105218075527,4.964521415784078,1.0360292162937363,-0.3480400092958007,43.75999902188778,1.0,2.3047200727825654,1
14:44:37.390146,36,0.1495579186400911,4.891472144406846,0.9994201383251822,-0.3480400092958007,51.63999884575605,1.0,1.1726688037036102,1
14:44:37.390146,36,0.1513531688756395,4.963303065589046,1.0363556722445932,-0.3480400092958007,58.35999869555235,1.0,1.9713102554789117,1
14:44:37.390146,36,0.3027671439053969,4.946829586640402,0.9885136726875644,-0.3480400092958007,103.99999767541884,1.0,2.4244319293572847,1
14:44:37.390146,36,0.2993854459200809,4.852728824642941,0.8548281005124079,-0.3480400092958007,68.99999845772982,1.0,2.2862139360196627,1
14:44:37.390146,36,0.2523522229941522,4.949510629588344,0.98779528939479,-0.3480400092958007,95.3599978685379,1.0,1.2986656539570545,1
14:44:37.390146,36,0.2463738644284491,4.793897884155689,0.8686276615564228,-0.3480400092958007,14.759999670088291,1.0,6.909002259544665,1
14:44:37.390146,36,0.2017806807536425,4.9615975458870105,1.0368126648714289,-0.3480400092958007,76.99999827891588,1.0,2.5034544300017387,1
14:44:37.390146,36,0.1993872930410289,4.8897868544407945,0.999871710410598,-0.3480400092958007,64.63999855518341,1.0,1.2080870784982887,1
14:44:37.390146,36,0.2495336245389777,4.855379922209695,0.85411774106034,-0.3480400092958007,72.23999838531017,1.0,3.921988977375312,1
14:44:37.445643,37,0.306952495479122,4.975382881522056,0.8258835655153489,-0.6263600167294499,36.87999917566776,1.0,3.0461410052384323,1
14:44:37.445643,37,0.3536292236139679,4.911005138502078,0.8411771512254975,-0.6263600167294499,68.35999847203493,1.0,2.2421167856576254,1
14:44:37.445643,37,0.3487358637548102,4.881844564240589,1.0019998406557966,-0.4174800111504737,61.75999861955643,1.0,0.49794750479900446,1
14:44:37.445643,37,0.3440958865262058,4.829678076241079,1.0630004942727482,-0.4174800111504737,38.6399991363287,1.0,2.3677340602799672,1
14:44:37.445643,37,0.3031764628278778,4.914177292742775,0.840327175058436,-0.4174800111504737,88.3599980250001,1.0,3.630630357753902,1
14:44:37.445643,37,0.2452533771146431,4.861413044052397,1.207110115392958,-0.4174800111504737,54.51999878138304,1.0,2.7842024916367136,1
14:44:37.445643,37,0.2942500907704485,4.85880742073206,1.207808290057422,-0.4174800111504737,47.35999894142151,1.0,4.567811569438025,1
14:44:37.445643,37,0.2558406555896376,4.978100986309591,0.825155251532586,-0.4174800111504737,39.99999910593033,1.0,3.4573662377535124,1
14:44:37.445643,37,0.2523522229941522,4.949510629588344,0.98779528939479,-0.4174800111504737,107.99999758601189,1.0,1.3579214381996314,1
14:44:37.445643,37,0.2490345739315865,4.897391016854924,1.049436809496257,-0.4174800111504737,102.8799977004528,1.0,0.048380872687532814,1
14:44:37.445643,37,0.3580336403762236,4.972171218416205,0.8267441280509227,-0.6263600167294499,32.239999279379845,1.0,3.3448206439325716,1
14:44:37.445643,37,0.2989812452542791,4.884972823658145,1.0011616260711476,-0.4174800111504737,81.99999816715717,1.0,0.33744638389446713,1
14:44:37.445643,37,0.3931541038842481,4.826117402617492,1.0639545738946992,-0.4174800111504737,30.759999312460423,1.0,2.543680174256029,1
14:44:37.445643,37,0.4544236156103003,4.903199687428983,0.8432686155370939,-0.6263600167294499,39.99999910593033,1.0,1.5657770352512106,1
14:44:37.445643,37,0.4040466217739675,4.907345814754377,0.8421576640685378,-0.6263600167294499,51.99999883770943,1.0,1.5665726388871946,1
14:44:37.445643,37,0.4090789822092485,4.968466318155658,0.8277368530837741,-0.5566400148672983,27.239999391138557,1.0,4.312874889919044,1
14:44:37.445643,37,0.4421730061612868,4.822083048943036,1.0650355757037508,-0.4174800111504737,24.23999945819378,1.0,3.3735959546597694,1
14:44:37.445643,37,0.4487413552065339,4.841888486869523,0.857732760264476,-0.6263600167294499,34.879999220371246,1.0,4.999426803181259,1
14:44:37.445643,37,0.4600834164867791,4.964268551227337,0.8288616413422316,-0.5566400148672983,22.63999949395657,1.0,5.910958805752473,1
14:44:37.445643,37,0.4911476915081622,4.817575418649697,1.0662433916006293,-0.4174800111504737,19.35999956727028,1.0,4.822317714228668,1
14:44:37.445643,37,0.4984435449990835,4.837313897063231,0.8589585179087758,-0.6263600167294499,26.99999939650297,1.0,4.115335512243227,1
14:44:37.445643,37,0.5048813993821285,4.886694841576861,0.795340798859064,-0.6263600167294499,31.119999304413795,1.0,2.5741191316608862,1
14:44:37.445643,37,0.5480958908547295,4.832259457709204,0.8603128508518794,-0.6263600167294499,21.359999522566795,1.0,3.8787786957826595,1
14:44:37.445643,37,0.5551750507087799,4.881575119514539,0.7967126242511349,-0.6263600167294499,24.759999446570877,1.0,2.806776986984934,1
14:44:37.445643,37,0.398455608961137,4.878235876545406,1.0029667856094568,-0.4174800111504737,46.11999896913767,1.0,1.3315883476998365,1
14:44:37.445643,37,0.5111696469304059,4.947558139163841,0.7803368884805977,-0.5566400148672983,18.759999580681324,1.0,4.773436805514159,1
14:44:37.445643,37,0.1992575496198179,4.899556119548384,1.0488566719780137,-0.4174800111504737,113.75999745726584,1.0,0.2594302353309934,1
14:44:37.445643,37,0.2019120670720289,4.9517045758709015,0.9872074232601418,-0.4174800111504737,117.87999736517668,1.0,0.8437068179204186,1
14:44:37.445643,37,-0.1489219844221592,4.935402755153342,1.2452488773735948,-0.4174800111504737,21.359999522566795,1.0,4.110909340706434,1
14:44:37.445643,37,-0.1508077332739514,4.997898095346225,1.2356917185135108,-0.4174800111504737,25.23999943584204,1.0,4.960539112639441,1
14:44:37.445643,37,-0.0980323264206998,4.874091015063548,1.2544888915418952,-0.4174800111504737,17.879999600350857,1.0,7.448767202806578,1
14:44:37.445643,37,-0.0992895970946207,4.936601535001251,1.2449276652814452,-0.4174800111504737,27.359999388456345,1.0,2.5469493399351375,1
14:44:37.445643,37,-0.1005468677685416,4.999112054938955,1.2353664390209949,-0.4174800111504737,31.999999284744263,1.0,5.620147694537803,1
14:44:37.445643,37,-0.049018614120522,4.874801222472323,1.2542985920402554,-0.4174800111504737,22.51999949663877,1.0,4.681330169341658,1
14:44:37.445643,37,-0.0496472808905576,4.937320850864145,1.2447349251768798,-0.4174800111504737,35.879999198019505,1.0,1.9122423931526713,1
14:44:37.445643,37,0.0,4.875037966166638,1.2542351567585506,-0.4174800111504737,28.519999362528324,1.0,2.832403668160345,1
14:44:37.445643,37,0.0,4.937560630811041,1.2446706763337476,-0.4174800111504737,47.8799989297986,1.0,2.1599168042904564,1
14:44:37.445643,37,0.0,4.965496169045863,1.0357680319444211,-0.4174800111504737,54.35999878495932,1.0,3.481923328454688,1
14:44:37.445643,37,-0.0503289606412819,4.991941410762281,1.1852095727937535,-0.4174800111504737,41.35999907553196,1.0,4.125396399453339,1
14:44:37.445643,37,0.0496996309797268,4.929520554887084,1.195397976791341,-0.4174800111504737,64.7599985525012,1.0,1.1446157913121295,1
14:44:37.445643,37,0.1962321383265998,4.863545273079828,1.2065387863469794,-0.4174800111504737,56.759998731315136,1.0,1.6909188654647922,1
14:44:37.445643,37,0.049018614120522,4.874801222472323,1.2542985920402554,-0.4174800111504737,36.23999918997288,1.0,1.8574357071003718,1
14:44:37.445643,37,0.1513531688756395,4.963303065589046,1.0363556722445932,-0.4174800111504737,111.11999751627444,1.0,1.4295845949755328,1
14:44:37.445643,37,0.1494605997200255,4.901240312878423,1.048405393735332,-0.4174800111504737,105.99999763071536,1.0,1.235699031016686,1
14:44:37.445643,37,0.1470362355703671,4.872907414960459,1.254806036233679,-0.4174800111504737,52.87999881803989,1.0,2.3559275741157473,1
14:44:37.445643,37,0.1927832495742541,4.82870774682887,1.4094827555477762,-0.4174800111504737,17.759999603033066,1.0,10.9912504421881,1
14:44:37.445643,37,0.1009105218075527,4.964521415784078,1.0360292162937363,-0.4174800111504737,92.35999793559311,1.0,1.2879289374862788,1
14:44:37.445643,37,0.0996487038854793,4.902443428427118,1.048083019895658,-0.4174800111504737,85.87999808043242,1.0,3.0189294472378374,1
14:44:37.445643,37,0.0980323264206998,4.874091015063548,1.2544888915418952,-0.4174800111504737,44.87999899685383,1.0,1.7128219533746245,1
14:44:37.445643,37,0.0504577837718282,4.965252474638108,1.035833329664179,-0.4174800111504737,71.75999839603901,1.0,1.9570006859925297,1
14:44:37.500092,38,0.4487413552065339,4.841888486869523,0.857732760264476,-0.4174800111504737,69.99999843537807,1.0,0.5962933319630045,1
14:44:37.500092,38,0.4430590948027675,4.7805772863100655,0.8721969049918574,-0.4174800111504737,35.63999920338392,1.0,2.2408603697545035,1
14:44:37.500092,38,0.4090789822092485,4.968466318155658,0.8277368530837741,-0.4174800111504737,66.35999851673841,1.0,2.6301676273566343,1
14:44:37.500092,38,0.4040466217739675,4.907345814754377,0.8421576640685378,-0.4174800111504737,124.51999721676113,1.0,0.540045517879806,1
14:44:37.500092,38,0.3989942916544196,4.845982769672934,0.8566357004937175,-0.4174800111504737,104.51999766379596,1.0,0.38340185472089316,1
14:44:37.500092,38,0.3580336403762236,4.972171218416205,0.8267441280509227,-0.4174800111504737,82.11999816447496,1.0,2.8197976971224916,1
14:44:37.500092,38,0.3536292236139679,4.911005138502078,0.8411771512254975,-0.4174800111504737,183.11999590694904,1.0,0.8785834873031125,1
14:44:37.500092,38,0.3492073290074175,4.849596336048609,0.8556674483015589,-0.4174800111504737,154.99999653548002,1.0,0.8676487987142297,1
14:44:37.500092,38,0.3447854344008671,4.788187533595141,0.8701577453776204,-0.4174800111504737,60.63999864459038,1.0,2.798534451955535,1
14:44:37.500092,38,0.4544236156103003,4.903199687428983,0.8432686155370939,-0.4174800111504737,82.11999816447496,1.0,0.9009788799963193,1
14:44:37.500092,38,0.3939419615348716,4.784619724591488,0.8711137369188975,-0.4174800111504737,47.11999894678593,1.0,2.17237586745614,1
14:44:37.500092,38,0.4600834164867791,4.964268551227337,0.8288616413422316,-0.4872000130126253,49.23999889940024,1.0,3.142171116032628,1
14:44:37.500092,38,0.6556891326560799,4.831333119486468,0.6530822063320452,-0.6958000185841229,22.359999500215054,1.0,7.221937181555525,1
14:44:37.500092,38,0.4985681984705643,4.8255900229677104,0.8104042485644294,-0.4174800111504737,48.51999891549349,1.0,1.2151909071071079,1
14:44:37.500092,38,0.5048813993821285,4.886694841576861,0.795340798859064,-0.4174800111504737,55.75999875366688,1.0,1.0084302150614652,1
14:44:37.500092,38,0.5110418428081194,4.959578337404419,0.830118380348412,-0.4872000130126253,35.879999198019505,1.0,4.353353880339921,1
14:44:37.500092,38,0.5411555374820446,4.771070186297771,0.8747443247625137,-0.4174800111504737,20.75999953597784,1.0,4.452892933509497,1
14:44:37.500092,38,0.5482329616547927,4.820534319572011,0.8117589202064786,-0.6958000185841229,34.99999921768904,1.0,1.5887502866799532,1
14:44:37.500092,38,0.5551750507087799,4.881575119514539,0.7967126242511349,-0.6958000185841229,39.63999911397696,1.0,1.5032446483382782,1
14:44:37.500092,38,0.5620897006755972,4.942374651473105,0.781725799821307,-0.4872000130126253,26.519999407231808,1.0,3.345775153106295,1
14:44:37.500092,38,0.5902726190088452,4.754028442206092,0.8282695792439927,-0.4174800111504737,16.239999637007713,1.0,4.561616847698653,1
14:44:37.500092,38,0.5978429020021658,4.814999152191297,0.8132420638361118,-0.6958000185841229,26.119999416172504,1.0,2.6576819127088323,1
14:44:37.500092,38,0.6054131849954867,4.875969862176501,0.7982145484282308,-0.6958000185841229,29.23999934643507,1.0,2.6956772080869116,1
14:44:37.500092,38,0.6129535459216401,4.93669958121315,0.783246430314452,-0.6958000185841229,20.119999550282955,1.0,4.663954303658446,1
14:44:37.500092,38,0.6474901828927235,4.770920561821758,0.6699245036580963,-0.8349600223009475,20.239999547600743,1.0,8.998050675841064,1
14:44:37.500092,38,0.306952495479122,4.975382881522056,0.8258835655153489,-0.4174800111504737,86.35999806970358,1.0,3.713600907275947,1
14:44:37.500092,38,0.6637560963266238,4.930533495886244,0.7848986278982577,-0.6958000185841229,15.639999650418758,1.0,6.679761550205594,1
14:44:37.500092,38,0.4921319225323783,4.776060622991309,0.8734071412806015,-0.4174800111504737,26.99999939650297,1.0,3.001752578307358,1
14:44:37.500092,38,0.3031764628278778,4.914177292742775,0.840327175058436,-0.4872000130126253,225.23999496549368,1.0,1.9190549179150753,1
14:44:37.500092,38,0.2495336245389777,4.855379922209695,0.85411774106034,-0.4872000130126253,203.239995457232,1.0,3.937177028374399,1
14:44:37.500092,38,0.2955944290122841,4.791280356543109,0.86932902596638,-0.4872000130126253,72.11999838799238,1.0,4.121646209815435,1
14:44:37.500092,38,-0.0491959027562326,4.841078217129737,1.0599458357280311,-0.4174800111504737,20.359999544918537,1.0,4.670442570231474,1
14:44:37.500092,38,-0.0498268432640304,4.903165345883922,1.0478895826961052,-0.4174800111504737,28.879999354481697,1.0,3.434889896671857,1
14:44:37.500092,38,-0.0504577837718282,4.965252474638108,1.035833329664179,-0.4174800111504737,26.87999939918518,1.0,4.158159105220834,1
14:44:37.500092,38,0.0,4.841315817069527,1.0598821710160429,-0.4174800111504737,25.75999942421913,1.0,3.3396399733170163,1
14:44:37.500092,38,0.2993854459200809,4.852728824642941,0.8548281005124079,-0.4872000130126253,203.3599954545498,1.0,2.051419691916357,1
14:44:37.500092,38,0.0,4.965496169045863,1.0357680319444211,-0.4174800111504737,34.99999921768904,1.0,3.325926174318294,1
14:44:37.500092,38,0.0491959027562326,4.841078217129737,1.0599458357280311,-0.4174800111504737,33.11999925971031,1.0,2.709834229338705,1
14:44:37.500092,38,0.0498268432640304,4.903165345883922,1.0478895826961052,-0.4174800111504737,51.35999885201454,1.0,1.9690495235337053,1
14:44:37.500092,38,0.0504577837718282,4.965252474638108,1.035833329664179,-0.4174800111504737,47.11999894678593,1.0,3.200253662954765,1
14:44:37.500092,38,0.098386885963406,4.8403654410701575,1.06013682349758,-0.4174800111504737,43.119999036192894,1.0,2.7777495748890253,1
14:44:37.500092,38,0.0996487038854793,4.902443428427118,1.048083019895658,-0.4174800111504737,72.75999837368727,1.0,2.2885269088951006,1
14:44:37.500092,38,0.0,4.903405993057696,1.0478251014802318,-0.4174800111504737,37.87999915331602,1.0,2.350041575153762,1
14:44:37.500092,38,0.1009762281075673,4.95463034959989,0.9864234645522229,-0.4174800111504737,66.23999851942062,1.0,1.9862146371889928,1
14:44:37.500092,38,0.2558406555896376,4.978100986309591,0.825155251532586,-0.4174800111504737,75.51999831199646,1.0,5.314200861558053,1
14:44:37.500092,38,0.2460412347652666,4.825730054361156,1.0131091619577437,-0.4174800111504737,75.35999831557274,1.0,2.9248964384262885,1
14:44:37.500092,38,0.2019120670720289,4.9517045758709015,0.9872074232601418,-0.4174800111504737,144.75999676436186,1.0,2.674079372287313,1
14:44:37.500092,38,0.2526933846495063,4.916861960263702,0.839607820564257,-0.4872000130126253,202.63999547064304,1.0,3.6640024087896683,1
14:44:37.500092,38,0.1968625190100289,4.827869133010688,1.0125359975610544,-0.4174800111504737,68.11999847739935,1.0,1.9950482704769232,1
14:44:37.500092,38,0.1514517201123605,4.953411206095281,0.9867501330697408,-0.4174800111504737,96.87999783456326,1.0,1.9799583192823995,1
14:44:37.500092,38,0.1495579186400911,4.891472144406846,0.9994201383251822,-0.4174800111504737,106.51999761909246,1.0,0.884271343128824,1
14:44:37.500092,38,0.1476641171678217,4.8295330827184095,1.0120901435806249,-0.4174800111504737,55.519998759031296,1.0,1.7575276343112485,1
14:44:37.500092,38,0.1993872930410289,4.8897868544407945,0.999871710410598,-0.4174800111504737,155.6399965211749,1.0,1.347275538682728,1
14:44:37.551890,39,0.4487413552065339,4.841888486869523,0.857732760264476,-0.5566400148672983,52.3599988296628,1.0,0.58934672274834,1
14:44:37.551890,39,0.3536292236139679,4.911005138502078,0.8411771512254975,-0.5566400148672983,41.11999908089638,1.0,1.5010667463721032,1
14:44:37.551890,39,0.3580336403762236,4.972171218416205,0.8267441280509227,-0.5566400148672983,11.519999742507936,1.0,5.973268301041326,1
14:44:37.551890,39,0.3939419615348716,4.784619724591488,0.8711137369188975,-0.5566400148672983,44.359999008476734,1.0,3.574120625322056,1
14:44:37.551890,39,0.6472311954642311,4.820713100050755,0.8634066880619817,-0.5566400148672983,20.359999544918537,1.0,4.225075860257948,1
14:44:37.551890,39,0.4040466217739675,4.907345814754377,0.8421576640685378,-0.5566400148672983,40.3599990978837,1.0,1.5959396294055197,1
14:44:37.551890,39,0.4430590948027675,4.7805772863100655,0.8721969049918574,-0.5566400148672983,35.23999921232462,1.0,3.123832451127252,1
14:44:37.551890,39,0.4544236156103003,4.903199687428983,0.8432686155370939,-0.5566400148672983,36.999999172985554,1.0,2.053216436172885,1
14:44:37.551890,39,0.590125037331343,4.765606475268937,0.8762083217203669,-0.5566400148672983,17.359999611973763,1.0,4.107232618238324,1
14:44:37.551890,39,0.4984435449990835,4.837313897063231,0.8589585179087758,-0.5566400148672983,40.99999908357859,1.0,0.9609553406787851,1
14:44:37.551890,39,0.5047551674657885,4.898567171135152,0.8445098945369498,-0.5566400148672983,32.119999282062054,1.0,2.862333404595146,1
14:44:37.551890,39,0.5411555374820446,4.771070186297771,0.8747443247625137,-0.5566400148672983,21.7599995136261,1.0,3.3994994596276547,1
14:44:37.551890,39,0.5480958908547295,4.832259457709204,0.8603128508518794,-0.5566400148672983,31.999999284744263,1.0,1.6967460106218983,1
14:44:37.551890,39,0.5550362442274146,4.893448729120635,0.8458813769412452,-0.5566400148672983,27.119999393820763,1.0,4.0133223576454,1
14:44:37.551890,39,0.5976934275804853,4.826725674247141,0.8617956236616275,-0.5566400148672983,25.359999433159828,1.0,2.787622558545424,1
14:44:37.551890,39,0.6052618178296276,4.887844873225346,0.8473829256028884,-0.5566400148672983,22.51999949663877,1.0,5.496815654932316,1
14:44:37.551890,39,0.3492073290074175,4.849596336048609,0.8556674483015589,-0.5566400148672983,75.51999831199646,1.0,0.9779681712690085,1
14:44:37.551890,39,0.4921319225323783,4.776060622991309,0.8734071412806015,-0.5566400148672983,27.639999382197857,1.0,3.068756531877573,1
14:44:37.551890,39,0.3447854344008671,4.788187533595141,0.8701577453776204,-0.4872000130126253,53.87999879568815,1.0,4.429574555438999,1
14:44:37.551890,39,0.3989942916544196,4.845982769672934,0.8566357004937175,-0.5566400148672983,64.99999854713678,1.0,0.5915988621760341,1
14:44:37.551890,39,0.2993854459200809,4.852728824642941,0.8548281005124079,-0.5566400148672983,78.75999823957682,1.0,1.759283641145303,1
14:44:37.551890,39,0.3031764628278778,4.914177292742775,0.840327175058436,-0.5566400148672983,38.99999912828207,1.0,1.7797518707626456,1
14:44:37.551890,39,0.0,4.903405993057696,1.0478251014802318,-0.4872000130126253,23.23999948054552,1.0,3.2538566045072312,1
14:44:37.551890,39,0.049018614120522,4.874801222472323,1.2542985920402554,-0.4872000130126253,27.87999937683344,1.0,8.888488552835003,1
14:44:37.551890,39,0.0498268432640304,4.903165345883922,1.0478895826961052,-0.4872000130126253,29.35999934375286,1.0,2.317021492832162,1
14:44:37.551890,39,0.098386885963406,4.8403654410701575,1.06013682349758,-0.4872000130126253,35.51999920606613,1.0,2.453796539708392,1
14:44:37.551890,39,0.0996487038854793,4.902443428427118,1.048083019895658,-0.4872000130126253,37.51999916136265,1.0,1.8086437578759749,1
14:44:37.551890,39,0.1011127405453175,4.921988601760359,0.8382341411153442,-0.5566400148672983,20.359999544918537,1.0,6.873494695057962,1
14:44:37.551890,39,0.1475680305644116,4.8391775601678,1.0604551152260706,-0.4872000130126253,44.75999899953604,1.0,1.7315831141928393,1
14:44:37.551890,39,0.1494605997200255,4.901240312878423,1.048405393735332,-0.4872000130126253,48.239998921751976,1.0,1.714398055277389,1
14:44:37.551890,39,0.0,4.875037966166638,1.2542351567585506,-0.4872000130126253,21.99999950826168,1.0,8.1759332192048,1
14:44:37.551890,39,0.1967344184859934,4.837514693209759,1.0609006790845985,-0.4872000130126253,54.11999879032373,1.0,1.4300232762263432,1
14:44:37.551890,39,0.1516564717049033,4.920767810063349,0.8385612512646845,-0.5566400148672983,24.63999944925308,1.0,4.977431765996137,1
14:44:37.551890,39,0.2526933846495063,4.916861960263702,0.839607820564257,-0.5566400148672983,34.759999223053455,1.0,2.4437338347894153,1
14:44:37.551890,39,0.2491967288797094,4.88762034197475,1.000452225676267,-0.4872000130126253,72.63999837636948,1.0,0.8127477231614338,1
14:44:37.551890,39,0.2951953466031614,4.823116060675886,1.0138095794547315,-0.4872000130126253,60.35999865084887,1.0,1.0038182696206401,1
14:44:37.551890,39,0.2427276923295153,4.773362996107747,1.0735101315380433,-0.4872000130126253,20.359999544918537,1.0,4.451714377140195,1
14:44:37.551890,39,0.2021850373443766,4.919058872600359,0.839019159677808,-0.5566400148672983,29.639999337494373,1.0,3.505330338790512,1
14:44:37.551890,39,0.1992575496198179,4.899556119548384,1.0488566719780137,-0.4872000130126253,60.87999863922596,1.0,2.020496612179824,1
14:44:37.551890,39,0.2458811331305509,4.835377006481336,1.06147347051715,-0.4872000130126253,60.35999865084887,1.0,1.536266984465914,1
14:44:37.607607,40,0.2957127101482724,4.742130973194239,0.6782934519683577,-0.4174800111504737,33.7599992454052,1.0,2.888073651622596,1
14:44:37.607607,40,0.3940995961116784,4.735467676012708,0.6800788770670776,-0.4174800111504737,27.519999384880062,1.0,3.219321552850918,1
14:44:37.607607,40,0.2993854459200809,4.852728824642941,0.8548281005124079,-0.4872000130126253,54.87999877333641,1.0,1.9637144734877674,1
14:44:37.607607,40,0.3031764628278778,4.914177292742775,0.840327175058436,-0.4872000130126253,42.35999905318022,1.0,1.2540456166087646,1
14:44:37.607607,40,0.3449233991554446,4.739036912663367,0.6791225029889378,-0.4174800111504737,30.999999307096004,1.0,2.9456526789854482,1
14:44:37.607607,40,0.3492073290074175,4.849596336048609,0.8556674483015589,-0.4872000130126253,49.11999890208244,1.0,2.1267734668324083,1
14:44:37.607607,40,0.3536292236139679,4.911005138502078,0.8411771512254975,-0.4872000130126253,38.99999912828207,1.0,1.5094759118630827,1
14:44:37.607607,40,0.3989942916544196,4.845982769672934,0.8566357004937175,-0.6263600167294499,41.879999063909054,1.0,2.5635069480885977,1
14:44:37.607607,40,0.4544236156103003,4.903199687428983,0.8432686155370939,-0.5566400148672983,29.23999934643507,1.0,2.65303584143453,1
14:44:37.607607,40,0.443236383438478,4.731423620162936,0.6811624785661703,-0.6263600167294499,23.75999946892261,1.0,3.7085293994963564,1
14:44:37.607607,40,0.4487413552065339,4.841888486869523,0.857732760264476,-0.6263600167294499,34.759999223053455,1.0,3.273334652597536,1
14:44:37.607607,40,0.4923288474982776,4.726905149516249,0.6823731991269739,-0.6263600167294499,20.239999547600743,1.0,4.41423756844511,1
14:44:37.607607,40,0.4984435449990835,4.837313897063231,0.8589585179087758,-0.6263600167294499,28.519999362528324,1.0,4.2572211189149956,1
14:44:37.607607,40,0.5047551674657885,4.898567171135152,0.8445098945369498,-0.5566400148672983,24.51999945193529,1.0,3.5415627653121726,1
14:44:37.607607,40,0.5480958908547295,4.832259457709204,0.8603128508518794,-0.6263600167294499,23.35999947786331,1.0,5.517675178164212,1
14:44:37.607607,40,0.2558406555896376,4.978100986309591,0.825155251532586,-0.4872000130126253,13.519999697804453,1.0,8.787785958904907,1
14:44:37.607607,40,0.4040466217739675,4.907345814754377,0.8421576640685378,-0.4872000130126253,34.23999923467636,1.0,1.9760049600010428,1
14:44:37.607607,40,0.2495960292643715,4.843660566163958,0.8055622611082032,-0.4872000130126253,57.11999872326851,1.0,0.1718387916818899,1
14:44:37.607607,40,0.2526933846495063,4.916861960263702,0.839607820564257,-0.4872000130126253,43.5199990272522,1.0,1.2119018427720476,1
14:44:37.607607,40,0.0,4.861406952070238,0.8525028032764492,-0.4872000130126253,29.519999340176582,1.0,6.959431674449355,1
14:44:37.607607,40,0.2464724501178337,4.744749548201861,0.6775918069097449,-0.4174800111504737,34.99999921768904,1.0,3.04864730324816,1
14:44:37.607607,40,0.0505588981963894,4.922721125613242,0.8380378619405275,-0.4872000130126253,28.519999362528324,1.0,3.275543873471191,1
14:44:37.607607,40,0.0499391792598914,4.849447913577413,0.8040115460424495,-0.4872000130126253,35.759999200701714,1.0,3.0529606931719466,1
14:44:37.607607,40,0.1011127405453175,4.921988601760359,0.8382341411153442,-0.4872000130126253,33.359999254345894,1.0,2.4109016899853035,1
14:44:37.607607,40,0.1497975627747101,4.847518540531776,0.8045285199919263,-0.4872000130126253,49.63999889045954,1.0,1.090991876183076,1
14:44:37.607607,40,0.1516564717049033,4.920767810063349,0.8385612512646845,-0.4872000130126253,38.1199991479516,1.0,1.7841718730074247,1
14:44:37.607607,40,0.197207543048878,4.74689237583093,0.677017637977017,-0.4174800111504737,34.51999922841787,1.0,3.4309473960273316,1
14:44:37.607607,40,0.1997067812749473,4.845830550141306,0.8049808156538842,-0.4872000130126253,55.11999876797199,1.0,0.5046364980277726,1
14:44:37.607607,40,0.2021850373443766,4.919058872600359,0.839019159677808,-0.4872000130126253,41.879999063909054,1.0,1.3868221241965453,1
14:44:37.607607,40,0.2433114256397169,4.6838978406084575,0.6945517741045459,-0.4174800111504737,9.999999776482582,0.9999999776482582,6.0835851577640465,1
14:44:37.607607,40,0.0998733646436959,4.848724368537741,0.8042054193515173,-0.4872000130126253,42.63999904692173,1.0,1.937666310568988,1
14:44:37.664697,41,0.3939419615348716,4.784619724591488,0.8711137369188975,-0.5566400148672983,75.35999831557274,1.0,0.5218974644474543,1
14:44:37.664697,41,0.3888896314153237,4.723256679510045,0.885591773344077,-0.5566400148672983,59.99999865889549,1.0,1.4636054736818056,1
14:44:37.664697,41,0.590125037331343,4.765606475268937,0.8762083217203669,-0.6958000185841229,26.519999407231808,1.0,3.7229757039451075,1
14:44:37.664697,41,0.3537707271816349,4.86059379803913,0.6452418311438726,-0.5566400148672983,9.119999796152117,0.9119999796152116,9.713686279053897,1
14:44:37.664697,41,0.2993854459200809,4.852728824642941,0.8548281005124079,-0.5566400148672983,40.759999088943005,1.0,2.176214455335093,1
14:44:37.664697,41,0.3447854344008671,4.788187533595141,0.8701577453776204,-0.5566400148672983,89.87999799102545,1.0,0.3275574103076495,1
14:44:37.664697,41,0.3403635397943167,4.726778731141673,0.8846480424536816,-0.5566400148672983,74.87999832630157,1.0,1.5609907330692567,1
14:44:37.664697,41,0.3354880899515118,4.696393111574993,1.0399118587209748,-0.5566400148672983,26.239999413490292,1.0,2.501935830915883,1
14:44:37.664697,41,0.3989942916544196,4.845982769672934,0.8566357004937175,-0.5566400148672983,38.519999139010906,1.0,2.9279001081653564,1
14:44:37.664697,41,0.3492073290074175,4.849596336048609,0.8556674483015589,-0.5566400148672983,41.11999908089638,1.0,2.434319497483229,1
14:44:37.664697,41,0.4316945739952346,4.657954885191147,0.901125194446621,-0.5566400148672983,19.239999569952488,1.0,5.656712968008115,1
14:44:37.664697,41,0.5411555374820446,4.771070186297771,0.8747443247625137,-0.6958000185841229,34.11999923735857,1.0,2.570252151729001,1
14:44:37.664697,41,0.4430590948027675,4.7805772863100655,0.8721969049918574,-0.5566400148672983,58.75999868661165,1.0,0.9644057761171994,1
14:44:37.664697,41,0.4487413552065339,4.841888486869523,0.857732760264476,-0.5566400148672983,33.99999924004078,1.0,3.6502325250482137,1
14:44:37.664697,41,0.4795086775989681,4.653554074847465,0.9023043880242532,-0.5566400148672983,15.999999642372131,1.0,5.840002741815964,1
14:44:37.664697,41,0.4858203000656733,4.714807348919388,0.8878557646524272,-0.5566400148672983,34.759999223053455,1.0,2.064011416597136,1
14:44:37.664697,41,0.4921319225323783,4.776060622991309,0.8734071412806015,-0.5566400148672983,44.75999899953604,1.0,1.6490415652819113,1
14:44:37.664697,41,0.4984435449990835,4.837313897063231,0.8589585179087758,-0.5566400148672983,28.759999357163903,1.0,4.59509318787013,1
14:44:37.664697,41,0.5342151841093595,4.709880914886337,0.8891757986731483,-0.6958000185841229,26.75999940186739,1.0,2.750554426229054,1
14:44:37.664697,41,0.5480958908547295,4.832259457709204,0.8603128508518794,-0.5566400148672983,23.75999946892261,1.0,5.756761821240468,1
14:44:37.664697,41,0.5825566470822008,4.704487276290732,0.890621019779106,-0.6958000185841229,20.87999953329563,1.0,3.6879499106616347,1
14:44:37.664697,41,0.4373768343990011,4.719266085750606,0.8866610497192393,-0.5566400148672983,45.87999897450209,1.0,1.6332325904371527,1
14:44:37.664697,41,0.2955944290122841,4.791280356543109,0.86932902596638,-0.5566400148672983,94.51999788731337,1.0,0.38791149095021765,1
14:44:37.664697,41,0.3838373012957757,4.661893634428601,0.9000698097692565,-0.5566400148672983,22.879999488592148,1.0,5.753024135868295,1
14:44:37.664697,41,0.2876235493009259,4.69940253471137,1.039105486221899,-0.5566400148672983,28.759999357163903,1.0,2.071087950906713,1
14:44:37.664697,41,0.2918034121044873,4.729831888443277,0.8838299514203516,-0.5566400148672983,84.63999810814857,1.0,1.931719252677771,1
14:44:37.664697,41,-0.0485649622484348,4.778991088375551,1.0720020887599575,-0.4872000130126253,20.51999954134226,1.0,4.362691480722133,1
14:44:37.664697,41,0.0,4.79984859577025,0.8670331731849108,-0.4872000130126253,25.359999433159828,1.0,6.524311352600264,1
14:44:37.664697,41,0.047934021740637,4.716903959621364,1.084058341791884,-0.5566400148672983,18.35999958962202,1.0,3.590406469867806,1
14:44:37.664697,41,0.0485649622484348,4.778991088375551,1.0720020887599575,-0.5566400148672983,33.2399992570281,1.0,3.331569113491158,1
14:44:37.664697,41,0.0492944884456172,4.799610519694184,0.8670969654772298,-0.4872000130126253,32.35999927669764,1.0,4.7720252472346285,1
14:44:37.664697,41,0.0958632501192592,4.716209466356237,1.0842444307014234,-0.5566400148672983,21.87999951094389,1.0,3.0554237905198156,1
14:44:37.664697,41,0.0971250680413326,4.778287453713197,1.0721906270995016,-0.5566400148672983,43.35999903082848,1.0,3.2301150678009805,1
14:44:37.664697,41,0.0985840474836889,4.798896315273395,0.867288335975011,-0.4872000130126253,41.999999061226845,1.0,3.3235758059778098,1
14:44:37.664697,41,0.0998483940145032,4.860442458516877,0.8527612385451777,-0.5566400148672983,22.879999488592148,1.0,3.6503379294496865,1
14:44:37.664697,41,0.1437828922531837,4.715052054746554,1.0845545582075484,-0.5566400148672983,25.359999433159828,1.0,2.802176821585001,1
14:44:37.664697,41,0.0,4.77922564108136,1.0719392405518535,-0.4872000130126253,25.87999942153692,1.0,3.7058743486656858,1
14:44:37.664697,41,0.147863748199606,4.797706053927726,0.8676072655413651,-0.4872000130126253,54.75999877601862,1.0,2.1696036595943062,1
14:44:37.664697,41,0.1456754614087977,4.777114807457177,1.0725048367168095,-0.5566400148672983,56.519998736679554,1.0,3.3922973746046408,1
14:44:37.664697,41,0.2495336245389777,4.855379922209695,0.85411774106034,-0.5566400148672983,37.51999916136265,1.0,2.160805604082225,1
14:44:37.664697,41,0.2428857406508239,4.763839766747562,1.02576609823922,-0.5566400148672983,82.99999814480543,1.0,1.60464923446328,1
14:44:37.664697,41,0.2395742515284797,4.711348985734159,1.0855467925589366,-0.5566400148672983,29.519999340176582,1.0,3.107342702994861,1
14:44:37.664697,41,0.2463738644284491,4.793897884155689,0.8686276615564228,-0.4872000130126253,86.23999807238579,1.0,0.7099674257724604,1
14:44:37.664697,41,0.1971286626645835,4.796039854682316,0.8680537222836022,-0.4872000130126253,70.63999842107296,1.0,1.3012112701421077,1
14:44:37.664697,41,0.1943377449790289,4.765951411580582,1.025200284711511,-0.5566400148672983,71.3599984049797,1.0,1.336634459916425,1
14:44:37.664697,41,0.1916881562183444,4.713431840532507,1.0849886932977677,-0.5566400148672983,28.23999936878681,1.0,2.8221685798794414,1
14:44:37.664697,41,0.1497601099522547,4.859236931995538,0.8530842584030247,-0.5566400148672983,27.519999384880062,1.0,2.889421408207109,1
14:44:37.664697,41,0.1996568500044801,4.857549363641336,0.8535364409807054,-0.5566400148672983,32.75999926775694,1.0,2.3958068262289443,1
14:44:37.718633,42,0.38399089252611,4.614002342000317,0.7139350177982611,-0.5566400148672983,19.759999558329586,1.0,0.7641875050156015,1
14:44:37.718633,42,0.4545372603385288,4.838965148737091,0.5986764608766322,-0.5566400148672983,7.639999829232693,0.7639999829232693,3.05688275524299,1
14:44:37.718633,42,0.3940995961116784,4.735467676012708,0.6800788770670776,-0.5566400148672983,61.23999863117933,1.0,0.9555991264763055,1
14:44:37.718633,42,0.3991539479044627,4.796200343018905,0.6631508067014855,-0.5566400148672983,36.23999918997288,1.0,1.1003890251359785,1
14:44:37.718633,42,0.4374862159755109,4.707840237645774,0.8393361342611669,-0.5566400148672983,44.11999901384115,1.0,4.225657618856466,1
14:44:37.718633,42,0.443236383438478,4.731423620162936,0.6811624785661703,-0.5566400148672983,47.11999894678593,1.0,0.8276957053341376,1
14:44:37.718633,42,0.4489209175800067,4.792104421901732,0.6642483054570933,-0.5566400148672983,31.359999299049377,1.0,0.9461337916334887,1
14:44:37.718633,42,0.4860146994566562,4.666282297444083,0.6992718446696755,-0.5566400148672983,35.51999920606613,1.0,0.9476244657716117,1
14:44:37.718633,42,0.5483152096180006,4.782471539717147,0.6668294284592373,-0.5566400148672983,20.75999953597784,1.0,1.6105718694020792,1
14:44:37.718633,42,0.4986429955398989,4.787528001588415,0.6654745535842721,-0.5566400148672983,25.87999942153692,1.0,1.1160851626564194,1
14:44:37.718633,42,0.5344289485536009,4.6613538921147,0.7005924068976568,-0.5566400148672983,27.99999937415123,1.0,1.4626496033102907,1
14:44:37.718633,42,0.5413720790858009,4.721912715915924,0.683710917678447,-0.6958000185841229,26.119999416172504,1.0,1.5210409266598108,1
14:44:37.718633,42,0.5827897552034352,4.655958095272397,0.7020382063040742,-0.5566400148672983,22.11999950557947,1.0,2.2866194344078337,1
14:44:37.718633,42,0.5903611739189775,4.716446818601139,0.6851755004498548,-0.6958000185841229,19.879999555647373,1.0,2.3428045688673467,1
14:44:37.718633,42,0.5979325926345196,4.776935541929881,0.6683127945956353,-0.5566400148672983,16.639999628067017,1.0,2.4297981554469774,1
14:44:37.718633,42,0.6392912331293672,4.710508004157047,0.6867668009841474,-0.6958000185841229,15.519999653100967,1.0,3.481436483887814,1
14:44:37.718633,42,0.3493470631685397,4.799815355351249,0.6621821670664052,-0.5566400148672983,38.6399991363287,1.0,1.578397815504474,1
14:44:37.718633,42,0.4923288474982776,4.726905149516249,0.6823731991269739,-0.5566400148672983,35.11999921500683,1.0,1.0160702424944272,1
14:44:37.718633,42,0.3448716602166998,4.776615147726122,0.8222174897402212,-0.5566400148672983,71.99999839067459,1.0,1.8793247783103975,1
14:44:37.718633,42,0.3889868870485146,4.711831829394595,0.8382665904755555,-0.5566400148672983,52.11999883502722,1.0,2.9236351566289933,1
14:44:37.718633,42,0.2995052440189833,4.802949097400562,0.6613424834150043,-0.5566400148672983,37.35999916493893,1.0,2.379583018964878,1
14:44:37.718633,42,0.340448659758707,4.715354761840042,0.8373226235718085,-0.5566400148672983,56.519998736679554,1.0,1.9311766725566468,1
14:44:37.718633,42,0.0,4.79984859577025,0.8670331731849108,-0.3480400092958007,15.75999964773655,1.0,3.416709145072118,1
14:44:37.718633,42,0.0486622835702311,4.738055216734655,0.8816265172455808,-0.5566400148672983,19.519999563694,1.0,2.6575236891933876,1
14:44:37.718633,42,0.0499391792598914,4.849447913577413,0.8040115460424495,-0.5566400148672983,14.51999967545271,1.0,2.6648870261347364,1
14:44:37.718633,42,0.0973197009528746,4.737350172029913,0.8818154334048443,-0.5566400148672983,24.51999945193529,1.0,2.269211773301615,1
14:44:37.718633,42,0.0986087019182277,4.787326607514716,0.8193473627401091,-0.5566400148672983,26.6399994045496,1.0,1.6438456085807038,1
14:44:37.718633,42,0.0998733646436959,4.848724368537741,0.8042054193515173,-0.5566400148672983,17.999999597668648,1.0,1.7244602771932511,1
14:44:37.718633,42,0.1459673864469573,4.736175175859915,0.8821302726797049,-0.5566400148672983,31.119999304413795,1.0,2.1869577694111006,1
14:44:37.718633,42,0.1479007267696049,4.786136048502018,0.8196663720661028,-0.5566400148672983,35.51999920606613,1.0,1.0609969607843248,1
14:44:37.718633,42,0.0492944884456172,4.799610519694184,0.8670969654772298,-0.5566400148672983,20.239999547600743,1.0,2.6841894227019947,1
14:44:37.718633,42,0.1946491420694857,4.723108314987578,0.8352450652674546,-0.5566400148672983,39.11999912559986,1.0,0.8065615102379591,1
14:44:37.718633,42,0.1971779616722165,4.784469432564443,0.8201129404606693,-0.5566400148672983,47.63999893516302,1.0,0.7922826545756397,1
14:44:37.718633,42,0.1997367420346015,4.80777156532174,0.6600503070299995,-0.4872000130126253,27.639999382197857,1.0,4.948555275141844,1
14:44:37.718633,42,0.2432749286233419,4.720993286560407,0.8358117854264839,-0.5566400148672983,47.8799989297986,1.0,0.8732199147744033,1
14:44:37.718633,42,0.2464354789438567,4.782326926362183,0.8206870232673433,-0.5566400148672983,61.63999862223864,1.0,0.8386005533345791,1
14:44:37.718633,42,0.2496334745959506,4.805601255795264,0.6606318397149442,-0.4872000130126253,33.11999925971031,1.0,3.5032436650726417,1
14:44:37.718633,42,0.2918763878881517,4.718408682691822,0.8365043279458255,-0.5566400148672983,54.75999877601862,1.0,1.24787869128844,1
14:44:37.718633,42,0.1498200359663885,4.809459808950853,0.6595979435129518,-0.4872000130126253,22.359999500215054,1.0,6.714570229528386,1
14:44:37.718633,42,0.2956683528740663,4.779708744144068,0.8213885630783249,-0.5566400148672983,72.23999838531017,1.0,1.2007286704178082,1
14:44:37.777286,43,0.3888896314153237,4.723256679510045,0.885591773344077,-0.6958000185841229,93.51999790966512,1.0,0.8518571394539461,1
14:44:37.777286,43,0.3838373012957757,4.661893634428601,0.9000698097692565,-0.6958000185841229,80.99999818950891,1.0,0.786844040029825,1
14:44:37.777286,43,0.3787849711762278,4.600530589347158,0.9145478461944364,-0.6263600167294499,37.35999916493893,1.0,0.7643391933005563,1
14:44:37.777286,43,0.3448716602166998,4.776615147726122,0.8222174897402212,-0.6958000185841229,68.35999847203493,1.0,0.5363847721417522,1
14:44:37.777286,43,0.340448659758707,4.715354761840042,0.8373226235718085,-0.6958000185841229,118.75999734550714,1.0,0.43445779373200566,1
14:44:37.777286,43,0.3359416451877663,4.665369928688204,0.8991383395297432,-0.5566400148672983,102.51999770849945,1.0,0.5543072669247264,1
14:44:37.777286,43,0.2918763878881517,4.718408682691822,0.8365043279458255,-0.6958000185841229,144.63999676704407,1.0,0.16727867094032678,1
14:44:37.777286,43,0.2956683528740663,4.779708744144068,0.8213885630783249,-0.6958000185841229,79.87999821454287,1.0,0.25230013583305955,1
14:44:37.777286,43,0.2880123951966905,4.668383420343442,0.8983308768743241,-0.5566400148672983,122.23999726772308,1.0,0.4692708079117828,1
14:44:37.777286,43,0.2842213782888936,4.60693495224361,0.912831802328296,-0.7655200204462744,48.75999891012907,1.0,0.4740730395666693,1
14:44:37.777286,43,0.2496334745959506,4.805601255795264,0.6606318397149442,-0.6263600167294499,16.759999625384808,1.0,3.835399515279799,1
14:44:37.777286,43,0.3940404806822454,4.773046446465399,0.8231737203610598,-0.6958000185841229,56.63999873399735,1.0,0.974947946450468,1
14:44:37.777286,43,0.331519750581216,4.603961126234736,0.9136286366058044,-0.6263600167294499,43.99999901652336,1.0,0.547225902408957,1
14:44:37.777286,43,0.4260123135914682,4.5966436846316885,0.9155893391740032,-0.6263600167294499,30.879999309778214,1.0,1.1249686058579198,1
14:44:37.777286,43,0.5342151841093595,4.709880914886337,0.8891757986731483,-0.6958000185841229,45.639998979866505,1.0,2.498259291436488,1
14:44:37.777286,43,0.4373768343990011,4.719266085750606,0.8866610497192393,-0.6958000185841229,72.99999836832285,1.0,1.2507597557138532,1
14:44:37.777286,43,0.4431698974298502,4.769002997229033,0.8242571593185803,-0.6958000185841229,46.23999896645546,1.0,1.5674884821732717,1
14:44:37.777286,43,0.473197055132263,4.592300800775544,0.9167530113960792,-0.6263600167294499,25.11999943852425,1.0,1.6286199522149114,1
14:44:37.777286,43,0.4795086775989681,4.653554074847465,0.9023043880242532,-0.6958000185841229,48.75999891012907,1.0,1.6925385511302826,1
14:44:37.777286,43,0.4858203000656733,4.714807348919388,0.8878557646524272,-0.6958000185841229,57.35999871790409,1.0,1.7997521564227676,1
14:44:37.777286,43,0.4922549975590001,4.76448520435856,0.8254676982697948,-0.6958000185841229,37.75999915599823,1.0,2.3134513555641263,1
14:44:37.777286,43,0.5204646054388443,4.576371119801896,0.8719441040278522,-0.6263600167294499,20.63999953866005,1.0,2.7283526564243963,1
14:44:37.777286,43,0.5272748307366745,4.648691643474905,0.9036072725837824,-0.5566400148672983,38.519999139010906,1.0,2.36462856864473,1
14:44:37.777286,43,0.5749882568330584,4.643368077312528,0.9050337178378453,-0.5566400148672983,30.879999309778214,1.0,3.1820839569083263,1
14:44:37.777286,43,0.5825566470822008,4.704487276290732,0.890621019779106,-0.5566400148672983,36.999999172985554,1.0,3.3456541095600185,1
14:44:37.777286,43,0.2464724501178337,4.744749548201861,0.6775918069097449,-0.5566400148672983,87.87999803572893,1.0,3.5895325335037924,1
14:44:37.777286,43,0.4316945739952346,4.657954885191147,0.901125194446621,-0.6958000185841229,62.759998597204685,1.0,1.1664239299596102,1
14:44:37.777286,43,0.2432749286233419,4.720993286560407,0.8358117854264839,-0.6958000185841229,161.63999638706446,1.0,0.051393584263158806,1
14:44:37.777286,43,0.2368945840968633,4.60945176999367,0.9121574230446712,-0.5566400148672983,49.99999888241291,1.0,0.545274816211931,1
14:44:37.777286,43,0.2400543442073919,4.6709338080476765,0.8976475025485884,-0.5566400148672983,130.63999707996845,1.0,0.5321404526510701,1
14:44:37.777286,43,-0.1460257948152878,4.687658674650096,0.6935440616602215,-0.5566400148672983,32.87999926507473,1.0,3.8392055302975576,1
14:44:37.777286,43,-0.1479229153908382,4.748559241800473,0.6765710025865868,-0.5566400148672983,25.11999943852425,1.0,3.959265172666963,1
14:44:37.777286,43,-0.09735864311028,4.688834140990936,0.6932290964034631,-0.5566400148672983,40.99999908357859,1.0,3.249982296692241,1
14:44:37.777286,43,-0.0986234955651891,4.749749979425294,0.6762519454016187,-0.5566400148672983,30.759999312460423,1.0,3.3674386195369643,1
14:44:37.777286,43,-0.0480420903180367,4.66522714448806,0.8494447410651613,-0.5566400148672983,36.35999918729067,1.0,2.5229729956213367,1
14:44:37.777286,43,-0.0486817556225283,4.689539467816991,0.6930401046500214,-0.5566400148672983,52.11999883502722,1.0,2.813236507586266,1
14:44:37.777286,43,-0.0493142134726104,4.750464469632628,0.6760604983275635,-0.5566400148672983,37.99999915063381,1.0,2.9317611061575493,1
14:44:37.777286,43,0.0,4.615173526870285,0.9106242829102948,-0.5566400148672983,21.99999950826168,1.0,3.0768712096308106,1
14:44:37.777286,43,0.0,4.665459171895376,0.8493825695087494,-0.5566400148672983,46.75999895483256,1.0,1.733682998972323,1
14:44:37.777286,43,0.0,4.689774584596171,0.6929771052989135,-0.5566400148672983,67.23999849706888,1.0,2.528909570254895,1
14:44:37.777286,43,0.0,4.750702640974051,0.6759966805089692,-0.5566400148672983,47.23999894410372,1.0,2.652171258477389,1
14:44:37.777286,43,0.047397873819459,4.614944610815598,0.9106856207822828,-0.5566400148672983,27.239999391138557,1.0,2.279748892534573,1
14:44:37.777286,43,0.0480420903180367,4.66522714448806,0.8494447410651613,-0.5566400148672983,60.87999863922596,1.0,1.0935440920489523,1
14:44:37.777286,43,-0.0960793764672913,4.664531085468664,0.8496312495172926,-0.5566400148672983,28.759999357163903,1.0,3.4614722833227805,1
14:44:37.777286,43,0.0493142134726104,4.750464469632628,0.6760604983275635,-0.5566400148672983,58.63999868929386,1.0,2.5285525472247654,1
14:44:37.777286,43,0.0486817556225283,4.689539467816991,0.6930401046500214,-0.5566400148672983,87.35999804735184,1.0,2.3968891115014257,1
14:44:37.777286,43,0.2332673699264085,4.587320964986982,1.1096201146007227,-0.5566400148672983,7.519999831914902,0.7519999831914902,10.148821621197765,1
14:44:37.777286,43,0.197207543048878,4.74689237583093,0.677017637977017,-0.5566400148672983,88.99999801069498,1.0,3.091532218462579,1
14:44:37.777286,43,0.1920722879847904,4.673020836764271,0.897088284889396,-0.5566400148672983,121.9999972730875,1.0,0.7432703837075019,1
14:44:37.777286,43,0.1895441006448938,4.611511327805249,0.9116055661922932,-0.5566400148672983,46.879998952150345,1.0,0.7611751546635304,1
14:44:37.777286,43,0.1479229153908382,4.748559241800473,0.6765710025865868,-0.5566400148672983,82.35999815911055,1.0,2.748487078793137,1
14:44:37.777286,43,0.1946491420694857,4.723108314987578,0.8352450652674546,-0.5566400148672983,159.63999643176794,1.0,0.08718432863303599,1
14:44:37.777286,43,0.1441070547593945,4.663371064442504,0.8499420762144554,-0.5566400148672983,101.75999772548676,1.0,0.26022485934483486,1
14:44:37.777286,43,0.14217466294166,4.613113419724293,0.9111762869563852,-0.5566400148672983,40.759999088943005,1.0,1.1220675133166003,1
14:44:37.777286,43,0.0986234955651891,4.749749979425294,0.6762519454016187,-0.5566400148672983,71.11999841034412,1.0,2.560733357353591,1
14:44:37.777286,43,0.0973440391927595,4.72592884649169,0.8344893061287011,-0.5566400148672983,112.6399974822998,1.0,0.6150546912980754,1
14:44:37.777286,43,0.0960793764672913,4.664531085468664,0.8496312495172926,-0.5566400148672983,79.63999821990728,1.0,0.6024456807990206,1
14:44:37.777286,43,0.1460038907644997,4.724753556472263,0.8348042241402791,-0.5566400148672983,139.75999687612057,1.0,0.2749795723455062,1
14:44:37.777286,43,0.0947910078912461,4.6142578855429495,0.910869628264511,-0.5566400148672983,33.7599992454052,1.0,1.62819473128188,1
14:44:37.829193,44,0.526220316239771,4.6891513040071775,1.091494643451524,-0.6263600167294499,46.75999895483256,1.0,1.0091496961979027,1
14:44:37.829193,44,0.5203344773639895,4.587502372063471,0.9180387464944172,-0.6958000185841229,28.23999936878681,1.0,8.124883551995108,1
14:44:37.829193,44,0.4921319225323783,4.776060622991309,0.8734071412806015,-0.6958000185841229,19.759999558329586,1.0,2.586813120152992,1
14:44:37.829193,44,0.4848486918654611,4.755789714745486,1.0782188780874262,-0.6958000185841229,52.23999883234501,1.0,1.927936174231627,1
14:44:37.829193,44,0.4430590948027675,4.7805772863100655,0.8721969049918574,-0.6958000185841229,20.51999954134226,1.0,2.40188642545933,1
14:44:37.829193,44,0.4725581911949995,4.622931377847286,1.055669354643988,-0.6263600167294499,34.35999923199415,1.0,2.184337615596868,1
14:44:37.829193,44,0.4365021098993714,4.760239534400401,1.0770265525044276,-0.6958000185841229,55.75999875366688,1.0,2.028857829684952,1
14:44:37.829193,44,0.5331467893685709,4.750873133251952,1.0795362721281403,-0.6958000185841229,44.11999901384115,1.0,2.010425614601048,1
14:44:37.829193,44,0.4308312136374559,4.698396019857763,1.0890175293051043,-0.6958000185841229,67.5199984908104,1.0,0.5708965414181038,1
14:44:37.829193,44,0.4785496922227599,4.694004010841274,1.0901943645742231,-0.6958000185841229,58.63999868929386,1.0,0.6920929505423765,1
14:44:37.829193,44,0.5411555374820446,4.771070186297771,0.8747443247625137,-0.6958000185841229,18.11999959498644,1.0,2.9635813552001147,1
14:44:37.829193,44,0.6688974174431614,4.671834079316636,1.0961347798225032,-0.6263600167294499,21.639999516308308,1.0,3.1875451505643353,1
14:44:37.829193,44,0.573838318666026,4.68383838462209,1.09291823591021,-0.6263600167294499,35.999999195337296,1.0,1.5271211943550247,1
14:44:37.829193,44,0.5813915726394148,4.74549028157383,1.0809786028882695,-0.6263600167294499,35.11999921500683,1.0,2.281538798544166,1
14:44:37.829193,44,0.590125037331343,4.765606475268937,0.8762083217203669,-0.6958000185841229,16.119999639689922,1.0,3.537532381849857,1
14:44:37.829193,44,0.6144485142925694,4.576540844933071,0.92097587883682,-0.6958000185841229,18.519999586045746,1.0,10.910659172543463,1
14:44:37.829193,44,0.6213989377411765,4.6780657839735005,1.094464999592227,-0.6263600167294499,27.639999382197857,1.0,2.251366208690617,1
14:44:37.829193,44,0.6295782172400849,4.739641697991778,1.0825457261359464,-0.6263600167294499,27.359999388456345,1.0,2.7468025477982634,1
14:44:37.829193,44,0.6777019045464922,4.733327967359252,1.0842374851601593,-0.6263600167294499,21.359999522566795,1.0,3.412055083910518,1
14:44:37.829193,44,0.725757822230224,4.726549721044028,1.0860537107864228,-0.6263600167294499,16.99999962002039,1.0,4.283443090600333,1
14:44:37.829193,44,0.4251603173755405,4.636552505315127,1.1010085061057813,-0.6958000185841229,40.11999910324812,1.0,1.482926557640164,1
14:44:37.829193,44,0.5674198665839162,4.582248878334324,0.9194464158965844,-0.6958000185841229,22.879999488592148,1.0,9.398913224084275,1
14:44:37.829193,44,0.3939419615348716,4.784619724591488,0.8711137369188975,-0.6958000185841229,19.999999552965164,1.0,2.403786104239302,1
14:44:37.829193,44,0.3830696522917389,4.702326891859422,1.08796425532671,-0.6958000185841229,68.11999847739935,1.0,0.640812940379348,1
14:44:37.829193,44,0.1891650250845198,4.651390414193881,1.0970327004043523,-0.6958000185841229,27.119999393820763,1.0,2.763680459493837,1
14:44:37.829193,44,0.3881118780879934,4.764222147238457,1.0759594146107043,-0.6958000185841229,52.3599988296628,1.0,2.3082947167458006,1
14:44:37.829193,44,0.0946014321971858,4.654131478999277,1.0962982343033454,-0.6958000185841229,17.519999608397484,1.0,4.593620773253555,1
14:44:37.829193,44,0.0960553544220603,4.675804028786431,0.8963425308346775,-0.6958000185841229,16.99999962002039,1.0,4.107957256793972,1
14:44:37.829193,44,0.1418903230975698,4.652989302035932,1.096604279698287,-0.6958000185841229,21.7599995136261,1.0,3.5876167834475243,1
14:44:37.829193,44,0.1440710246943086,4.674644297792104,0.8966532798180451,-0.6958000185841229,21.639999516308308,1.0,3.3196053545167445,1
14:44:37.829193,44,0.1459673864469573,4.736175175859915,0.8821302726797049,-0.6958000185841229,16.759999625384808,1.0,3.0296245656937915,1
14:44:37.829193,44,0.1920722879847904,4.673020836764271,0.897088284889396,-0.6958000185841229,27.99999937415123,1.0,2.7209020373388375,1
14:44:37.829193,44,0.1946004753246869,4.734530345723293,0.8825710035864993,-0.6958000185841229,21.239999525249004,1.0,2.29573512384548,1
14:44:37.829193,44,0.2364208107274441,4.64933497536057,1.09758345357983,-0.6958000185841229,33.2399992570281,1.0,2.124587320736982,1
14:44:37.829193,44,0.2432141043179205,4.7324158461016825,0.8831375820525056,-0.6958000185841229,27.239999391138557,1.0,1.741647766737172,1
14:44:37.829193,44,0.2463738644284491,4.793897884155689,0.8686276615564228,-0.6958000185841229,14.359999679028988,1.0,3.485234587898659,1
14:44:37.829193,44,0.2400543442073919,4.6709338080476765,0.8976475025485884,-0.6958000185841229,36.75999917834997,1.0,2.3146837185297087,1
14:44:37.829193,44,0.2836529544873691,4.646823191078161,1.0982564841498623,-0.6958000185841229,39.35999912023544,1.0,1.6734215301179054,1
14:44:37.829193,44,0.3780274264954842,4.640431636480388,1.0999690960427153,-0.6958000185841229,43.75999902188778,1.0,1.3487426031133538,1
14:44:37.829193,44,0.3493470631685397,4.799815355351249,0.6621821670664052,-0.6958000185841229,5.639999873936176,0.5639999873936177,9.583330903176376,1
14:44:37.829193,44,0.3447854344008671,4.788187533595141,0.8701577453776204,-0.6958000185841229,18.639999583363533,1.0,2.5878255888918997,1
14:44:37.829193,44,0.2788609458313732,4.616864112980199,1.2946589639254595,-0.5566400148672983,14.6399996727705,1.0,7.966657036095807,1
14:44:37.829193,44,0.3352697843017286,4.705796233762344,1.0870346479655546,-0.6958000185841229,59.8799986615777,1.0,0.8974038850494331,1
14:44:37.829193,44,0.3396828354139672,4.767737155001711,1.0750175711191514,-0.6958000185841229,44.23999901115894,1.0,2.7616701985608745,1
14:44:37.829193,44,0.2955944290122841,4.791280356543109,0.86932902596638,-0.6958000185841229,16.639999628067017,1.0,2.9496492542356663,1
14:44:37.829193,44,0.2918034121044873,4.729831888443277,0.8838299514203516,-0.6958000185841229,35.11999921500683,1.0,1.370614217842263,1
14:44:37.829193,44,0.2874363896141777,4.708803698635246,1.0862288001815958,-0.6958000185841229,47.8799989297986,1.0,1.3365425953924706,1
14:44:37.829193,44,0.3308567331894901,4.643855312522978,1.0990517248119576,-0.6958000185841229,43.35999903082848,1.0,1.4135743776990695,1
14:44:37.886747,45,0.4373768343990011,4.719266085750606,0.8866610497192393,-0.4872000130126253,60.63999864459038,1.0,2.4023036483488553,1
14:44:37.886747,45,0.4316945739952346,4.657954885191147,0.901125194446621,-0.4872000130126253,77.11999827623367,1.0,0.642739597870999,1
14:44:37.886747,45,0.4260123135914682,4.5966436846316885,0.9155893391740032,-0.4872000130126253,55.11999876797199,1.0,1.1543005388095866,1
14:44:37.886747,45,0.3940404806822454,4.773046446465399,0.8231737203610598,-0.4872000130126253,22.75999949127436,1.0,3.9943957011119506,1
14:44:37.886747,45,0.4203300531877018,4.53533248407223,0.9300534839013848,-0.4872000130126253,20.999999530613422,1.0,3.936986471164628,1
14:44:37.886747,45,0.3888896314153237,4.723256679510045,0.885591773344077,-0.4872000130126253,73.75999835133553,1.0,2.2139317987140847,1
14:44:37.886747,45,0.3359416451877663,4.665369928688204,0.8991383395297432,-0.4872000130126253,122.35999726504087,1.0,0.21349820266212763,1
14:44:37.886747,45,0.3787849711762278,4.600530589347158,0.9145478461944364,-0.4872000130126253,71.23999840766191,1.0,0.7886129361262233,1
14:44:37.886747,45,0.3737326410566798,4.5391675442657125,0.9290258826196164,-0.4872000130126253,23.87999946624041,1.0,3.486286542565987,1
14:44:37.886747,45,0.3448716602166998,4.776615147726122,0.8222174897402212,-0.4872000130126253,23.87999946624041,1.0,3.8040625168255446,1
14:44:37.886747,45,0.3403635397943167,4.726778731141673,0.8846480424536816,-0.4872000130126253,86.35999806970358,1.0,2.139342452946192,1
14:44:37.886747,45,0.4431698974298502,4.769002997229033,0.8242571593185803,-0.4872000130126253,20.87999953329563,1.0,4.298561309356253,1
14:44:37.886747,45,0.3838373012957757,4.661893634428601,0.9000698097692565,-0.4872000130126253,98.99999778717756,1.0,0.3644946881756263,1
14:44:37.886747,45,0.4668854326655579,4.531047526703622,0.9312016347679046,-0.4872000130126253,17.999999597668648,1.0,4.542466198703706,1
14:44:37.886747,45,0.4795086775989681,4.653554074847465,0.9023043880242532,-0.4872000130126253,59.75999866425991,1.0,1.0501299524859498,1
14:44:37.886747,45,0.4858203000656733,4.714807348919388,0.8878557646524272,-0.4872000130126253,48.87999890744686,1.0,2.7064150155734756,1
14:44:37.886747,45,0.5133941239913044,4.52631310065204,0.9324702204050516,-0.4872000130126253,15.239999659359457,1.0,5.304800695425885,1
14:44:37.886747,45,0.5203344773639895,4.587502372063471,0.9180387464944172,-0.4872000130126253,32.75999926775694,1.0,2.3142952223241164,1
14:44:37.886747,45,0.5272748307366745,4.648691643474905,0.9036072725837824,-0.4872000130126253,46.63999895751476,1.0,1.5888775686779446,1
14:44:37.886747,45,0.5342151841093595,4.709880914886337,0.8891757986731483,-0.4872000130126253,39.51999911665917,1.0,3.1285477344874706,1
14:44:37.886747,45,0.5674198665839162,4.582248878334324,0.9194464158965844,-0.4872000130126253,25.75999942421913,1.0,3.1131918597870385,1
14:44:37.886747,45,0.5749882568330584,4.643368077312528,0.9050337178378453,-0.4872000130126253,37.11999917030335,1.0,2.2615079368522593,1
14:44:37.886747,45,0.5825566470822008,4.704487276290732,0.890621019779106,-0.4872000130126253,32.119999282062054,1.0,3.6713073065184756,1
14:44:37.886747,45,0.6144485142925694,4.576540844933071,0.92097587883682,-0.4872000130126253,20.63999953866005,1.0,4.061586203668887,1
14:44:37.886747,45,0.6226441845854849,4.637583908712491,0.9065835811431104,-0.4872000130126253,29.999999329447743,1.0,3.07085893690369,1
14:44:37.886747,45,0.473197055132263,4.592300800775544,0.9167530113960792,-0.4872000130126253,42.35999905318022,1.0,1.6621470135293501,1
14:44:37.886747,45,0.331519750581216,4.603961126234736,0.9136286366058044,-0.4872000130126253,87.75999803841114,1.0,0.5632462677090831,1
14:44:37.886747,45,-0.0480420903180367,4.66522714448806,0.8494447410651613,-0.6958000185841229,36.51999918371439,1.0,3.757891852570573,1
14:44:37.886747,45,0.2956683528740663,4.779708744144068,0.8213885630783249,-0.4872000130126253,24.119999460875988,1.0,3.7258984276602205,1
14:44:37.886747,45,-0.0960793764672913,4.664531085468664,0.8496312495172926,-0.6958000185841229,29.23999934643507,1.0,4.654230892429122,1
14:44:37.886747,45,0.3270978559746656,4.542552323781268,0.9281189336818656,-0.4872000130126253,25.87999942153692,1.0,3.188586648087035,1
14:44:37.886747,45,-0.0486744532986549,4.726634067517845,0.8343003427242575,-0.6263600167294499,30.63999931514263,1.0,3.89024600063561,1
14:44:37.886747,45,0.0,4.615173526870285,0.9106242829102948,-0.6958000185841229,28.999999351799488,1.0,2.824671040360508,1
14:44:37.886747,45,0.0,4.665459171895376,0.8493825695087494,-0.6263600167294499,46.35999896377325,1.0,2.9993282063270184,1
14:44:37.886747,45,0.0,4.726869149029215,0.8342373528231304,-0.6263600167294499,37.87999915331602,1.0,3.1660372708402362,1
14:44:37.886747,45,0.047397873819459,4.614944610815598,0.9106856207822828,-0.6958000185841229,37.51999916136265,1.0,2.093483750112664,1
14:44:37.886747,45,0.0480420903180367,4.66522714448806,0.8494447410651613,-0.6263600167294499,59.75999866425991,1.0,2.3775719001054254,1
14:44:37.886747,45,0.0486744532986549,4.726634067517845,0.8343003427242575,-0.6263600167294499,47.11999894678593,1.0,2.565401909444825,1
14:44:37.886747,45,0.0947910078912461,4.6142578855429495,0.910869628264511,-0.4872000130126253,48.99999890476465,1.0,1.4983481179648441,1
14:44:37.886747,45,0.0960793764672913,4.664531085468664,0.8496312495172926,-0.6263600167294499,77.63999826461077,1.0,1.8919712595156444,1
14:44:37.886747,45,0.0973440391927595,4.72592884649169,0.8344893061287011,-0.6263600167294499,58.75999868661165,1.0,2.0876672139490604,1
14:44:37.886747,45,0.14217466294166,4.613113419724293,0.9111762869563852,-0.4872000130126253,64.11999856680632,1.0,1.038950369011053,1
14:44:37.886747,45,-0.047397873819459,4.614944610815598,0.9106856207822828,-0.6958000185841229,22.879999488592148,1.0,3.6925317038372687,1
14:44:37.886747,45,0.1460038907644997,4.724753556472263,0.8348042241402791,-0.6263600167294499,71.99999839067459,1.0,1.732487290940917,1
14:44:37.886747,45,0.1441070547593945,4.663371064442504,0.8499420762144554,-0.6263600167294499,99.99999776482582,1.0,1.5421913400678955,1
14:44:37.886747,45,0.2918034121044873,4.729831888443277,0.8838299514203516,-0.4872000130126253,94.11999789625406,1.0,2.1769044037123746,1
14:44:37.886747,45,0.2842213782888936,4.60693495224361,0.912831802328296,-0.4872000130126253,97.87999781221151,1.0,0.4766684536260331,1
14:44:37.886747,45,0.2804303613810968,4.545486484143778,0.927332727782268,-0.4872000130126253,26.6399994045496,1.0,3.042403136214335,1
14:44:37.886747,45,0.2432749286233419,4.720993286560407,0.8358117854264839,-0.6263600167294499,93.6399979069829,1.0,1.3900432180848175,1
14:44:37.886747,45,0.2400543442073919,4.6709338080476765,0.8976475025485884,-0.4872000130126253,139.75999687612057,1.0,0.2872419955423681,1
14:44:37.886747,45,0.2880123951966905,4.668383420343442,0.8983308768743241,-0.4872000130126253,139.23999688774347,1.0,0.18816887612533167,1
14:44:37.886747,45,0.1946491420694857,4.723108314987578,0.8352450652674546,-0.6263600167294499,84.99999810010195,1.0,1.4998432481469235,1
14:44:37.886747,45,0.1920722879847904,4.673020836764271,0.897088284889396,-0.6263600167294499,123.63999723643064,1.0,0.509770033424309,1
14:44:37.886747,45,0.1895441006448938,4.611511327805249,0.9116055661922932,-0.4872000130126253,81.2399981841445,1.0,0.7152848492557052,1
14:44:37.886747,45,0.2368945840968633,4.60945176999367,0.9121574230446712,-0.4872000130126253,94.99999787658452,1.0,0.5276540468155216,1
14:44:37.940829,46,0.4261188530668321,4.585514718479256,0.8694940841463394,-0.4872000130126253,51.51999884843826,1.0,1.4452785923539933,1
14:44:37.940829,46,0.4203300531877018,4.53533248407223,0.9300534839013848,-0.4872000130126253,27.639999382197857,1.0,2.9849136392369173,1
14:44:37.940829,46,0.3940404806822454,4.721992615901547,0.6326382307757528,-0.7655200204462744,9.759999781847,0.9759999781847,5.422246256114445,1
14:44:37.940829,46,0.3890452443188942,4.674735009006513,0.6970069474326692,-0.6958000185841229,36.35999918729067,1.0,2.4967402650218204,1
14:44:37.940829,46,0.3737326410566798,4.5391675442657125,0.9290258826196164,-0.4872000130126253,33.359999254345894,1.0,2.279187816534651,1
14:44:37.940829,46,0.3788796997810529,4.589402595252987,0.8684523307045464,-0.4872000130126253,64.11999856680632,1.0,0.5985669529949593,1
14:44:37.940829,46,0.3404997351423495,4.678258469975487,0.69606283891147,-0.6958000185841229,36.63999918103218,1.0,3.349077099051774,1
14:44:37.940829,46,0.3360256593007141,4.65409437595396,0.852427757403396,-0.3480400092958007,79.63999821990728,1.0,1.5238134206698362,1
14:44:37.940829,46,0.4318025345211715,4.646677478062514,0.8544151092037529,-0.3480400092958007,62.1199986115098,1.0,5.103231682490617,1
14:44:37.940829,46,0.331519750581216,4.603961126234736,0.9136286366058044,-0.4872000130126253,76.87999828159809,1.0,0.8375951459993007,1
14:44:37.940829,46,0.3839332934147837,4.650617212323791,0.8533594605900507,-0.3480400092958007,72.23999838531017,1.0,3.003124842624737,1
14:44:37.940829,46,0.4375518492969494,4.670742818424141,0.698076651675247,-0.6958000185841229,34.51999922841787,1.0,2.3175044460106893,1
14:44:37.940829,46,0.5274858180214009,4.600795068313477,0.7174738961168667,-0.6958000185841229,42.75999904423952,1.0,2.4653900060652756,1
14:44:37.940829,46,0.4668854326655579,4.531047526703622,0.9312016347679046,-0.4872000130126253,22.75999949127436,1.0,4.312866797481021,1
14:44:37.940829,46,0.4733153948243074,4.581170748531108,0.8706580473858907,-0.4872000130126253,40.759999088943005,1.0,2.91217117693768,1
14:44:37.940829,46,0.4797005514150349,4.605659445371917,0.7161704902123773,-0.6958000185841229,51.87999884039164,1.0,2.5239127534089336,1
14:44:37.940829,46,0.4860146994566562,4.666282297444083,0.6992718446696755,-0.6958000185841229,31.5199992954731,1.0,2.7830363767078783,1
14:44:37.940829,46,0.5205426874892011,4.540236244512253,0.7343553853360767,-0.4872000130126253,32.51999927312136,1.0,6.729374010241359,1
14:44:37.940829,46,0.5344289485536009,4.6613538921147,0.7005924068976568,-0.6958000185841229,27.99999937415123,1.0,3.8657525243876485,1
14:44:37.940829,46,0.5676469177723508,4.534980648614914,0.7357636180125129,-0.4872000130126253,26.119999416172504,1.0,6.20414798107841,1
14:44:37.940829,46,0.575218336487893,4.595469371943657,0.7189009121582934,-0.6958000185841229,35.11999921500683,1.0,3.024946297860353,1
14:44:37.940829,46,0.3270978559746656,4.542552323781268,0.9281189336818656,-0.4872000130126253,39.23999912291765,1.0,2.2219232369232924,1
14:44:37.940829,46,0.14217466294166,4.613113419724293,0.9111762869563852,-0.6958000185841229,65.75999853014946,1.0,2.2944489477561953,1
14:44:37.940829,46,0.288084422902237,4.657108621239575,0.8516200928133262,-0.6958000185841229,81.75999817252159,1.0,0.6938382844156664,1
14:44:37.940829,46,-0.0466721407250415,4.592729702112993,1.1081708478557362,-0.5566400148672983,19.119999572634697,1.0,4.361616045151681,1
14:44:37.940829,46,-0.0473030812328392,4.654816830867179,1.0961145948238098,-0.6958000185841229,26.75999940186739,1.0,4.365179118341764,1
14:44:37.940829,46,0.0,4.6457732234458575,1.0495489005622145,-0.5566400148672983,33.2399992570281,1.0,2.686198789125429,1
14:44:37.940829,46,0.0,4.676731883170273,0.8960939130018335,-0.6958000185841229,32.63999927043915,1.0,6.013226167977059,1
14:44:37.940829,46,0.0466721407250415,4.592729702112993,1.1081708478557362,-0.5566400148672983,28.639999359846115,1.0,2.95413456986849,1
14:44:37.940829,46,0.0473338818906044,4.645544616451023,1.0496101556218642,-0.5566400148672983,41.879999063909054,1.0,2.6880519928934126,1
14:44:37.940829,46,0.0480300786948451,4.676499913775126,0.8961560690139319,-0.6958000185841229,39.759999111294746,1.0,3.6480859351219195,1
14:44:37.940829,46,0.0934003908976979,4.582904512072453,1.0624680046999877,-0.5566400148672983,34.35999923199415,1.0,1.991260208007354,1
14:44:37.940829,46,0.0947910078912461,4.6142578855429495,0.910869628264511,-0.6958000185841229,52.87999881803989,1.0,4.503242292618675,1
14:44:37.940829,46,0.0960553544220603,4.675804028786431,0.8963425308346775,-0.6958000185841229,48.51999891549349,1.0,2.093150120913212,1
14:44:37.940829,46,0.140088911278744,4.581776835964671,1.062770164602392,-0.5566400148672983,40.23999910056591,1.0,1.9913045902262514,1
14:44:37.940829,46,0.2919201762775616,4.681312848987916,0.6952444205217114,-0.6958000185841229,35.23999921232462,1.0,4.903583772596281,1
14:44:37.940829,46,0.0,4.592955113116855,1.108110449159286,-0.5566400148672983,23.35999947786331,1.0,3.262939231399063,1
14:44:37.940829,46,0.1867634228860288,4.580198247290265,1.06319314616288,-0.5566400148672983,44.75999899953604,1.0,2.711025233500253,1
14:44:37.940829,46,0.1440710246943086,4.674644297792104,0.8966532798180451,-0.6958000185841229,58.63999868929386,1.0,1.3157553608045343,1
14:44:37.940829,46,0.2842213782888936,4.60693495224361,0.912831802328296,-0.6958000185841229,85.75999808311462,1.0,0.1546156276321994,1
14:44:37.940829,46,0.2432749286233419,4.720993286560407,0.8358117854264839,-0.6958000185841229,32.51999927312136,1.0,4.770649104592973,1
14:44:37.940829,46,0.2400543442073919,4.6709338080476765,0.8976475025485884,-0.6958000185841229,77.63999826461077,1.0,1.966107249011777,1
14:44:37.940829,46,0.2368945840968633,4.60945176999367,0.9121574230446712,-0.6958000185841229,86.35999806970358,1.0,0.15023823978149015,1
14:44:37.940829,46,0.2804303613810968,4.545486484143778,0.927332727782268,-0.4872000130126253,43.99999901652336,1.0,2.8400298739425898,1
14:44:37.940829,46,0.2301139291253729,4.525306954613393,1.1216567756216165,-0.5566400148672983,13.759999692440031,1.0,5.986225485612017,1
14:44:37.940829,46,0.1946491420694857,4.723108314987578,0.8352450652674546,-0.5566400148672983,28.999999351799488,1.0,3.9379559630844425,1
14:44:37.940829,46,0.1920722879847904,4.673020836764271,0.897088284889396,-0.6958000185841229,68.99999845772982,1.0,1.283869421760217,1
14:44:37.940829,46,0.1895441006448938,4.611511327805249,0.9116055661922932,-0.6958000185841229,78.35999824851751,1.0,0.8535886933125807,1
14:44:37.940829,46,0.2337348239863347,4.547969731939664,0.9266673435407538,-0.4872000130126253,46.11999896913767,1.0,4.161080314808123,1
14:44:37.993827,47,0.2400543442073919,4.6709338080476765,0.8976475025485884,-0.5566400148672983,46.23999896645546,1.0,0.9340784345578971,1
14:44:37.993827,47,0.331519750581216,4.603961126234736,0.9136286366058044,-0.6263600167294499,44.359999008476734,1.0,0.9921684081848656,1
14:44:37.993827,47,0.2432749286233419,4.720993286560407,0.8358117854264839,-0.5566400148672983,12.639999717473984,1.0,3.296222864375019,1
14:44:37.993827,47,0.2804303613810968,4.545486484143778,0.927332727782268,-0.4872000130126253,24.759999446570877,1.0,2.224955067695155,1
14:44:37.993827,47,0.2842213782888936,4.60693495224361,0.912831802328296,-0.6263600167294499,50.6399988681078,1.0,0.4064698106460654,1
14:44:37.993827,47,0.288084422902237,4.657108621239575,0.8516200928133262,-0.5566400148672983,46.11999896913767,1.0,0.8111209562911467,1
14:44:37.993827,47,0.2918763878881517,4.718408682691822,0.8365043279458255,-0.5566400148672983,13.519999697804453,1.0,3.7332035466005538,1
14:44:37.993827,47,0.3270978559746656,4.542552323781268,0.9281189336818656,-0.4872000130126253,21.359999522566795,1.0,2.622862723948682,1
14:44:37.993827,47,0.3360256593007141,4.65409437595396,0.852427757403396,-0.4174800111504737,43.35999903082848,1.0,1.3584214494917002,1
14:44:37.993827,47,0.4733864033734135,4.54503659329975,0.7330691357550789,-0.7655200204462744,26.519999407231808,1.0,5.795132699281382,1
14:44:37.993827,47,0.3788796997810529,4.589402595252987,0.8684523307045464,-0.4174800111504737,37.75999915599823,1.0,1.7268827244464093,1
14:44:37.993827,47,0.3839332934147837,4.650617212323791,0.8533594605900507,-0.4174800111504737,38.87999913096428,1.0,2.2162535984167113,1
14:44:37.993827,47,0.4261827810138922,4.549381214946548,0.7319049978934007,-0.7655200204462744,31.75999929010868,1.0,5.099122741001437,1
14:44:37.993827,47,0.4318673151554208,4.610062016685345,0.714990824784324,-0.7655200204462744,33.7599992454052,1.0,3.0553586169560147,1
14:44:37.993827,47,0.4797005514150349,4.605659445371917,0.7161704902123773,-0.7655200204462744,28.639999359846115,1.0,3.8834554912744736,1
14:44:37.993827,47,0.2368945840968633,4.60945176999367,0.9121574230446712,-0.6263600167294499,55.11999876797199,1.0,0.14126947935375736,1
14:44:37.993827,47,0.340448659758707,4.715354761840042,0.8373226235718085,-0.5566400148672983,13.879999689757824,1.0,4.471948795257377,1
14:44:37.993827,47,0.2337348239863347,4.547969731939664,0.9266673435407538,-0.4872000130126253,27.87999937683344,1.0,2.159655928314862,1
14:44:37.993827,47,0.1895441006448938,4.611511327805249,0.9116055661922932,-0.6263600167294499,56.759998731315136,1.0,0.2008583979466981,1
14:44:37.993827,47,0.1920722879847904,4.673020836764271,0.897088284889396,-0.5566400148672983,43.75999902188778,1.0,0.7760388269636093,1
14:44:37.993827,47,0.1946004753246869,4.734530345723293,0.8825710035864993,-0.5566400148672983,11.359999746084211,1.0,4.156664584229521,1
14:44:37.993827,47,-0.0933396142751124,4.592053491642317,1.1083520379052674,-0.6263600167294499,18.639999583363533,1.0,4.59992976077939,1
14:44:37.993827,47,-0.0466721407250415,4.592729702112993,1.1081708478557362,-0.6263600167294499,21.7599995136261,1.0,3.2556604857973195,1
14:44:37.993827,47,-0.0473030812328392,4.654816830867179,1.0961145948238098,-0.6263600167294499,30.879999309778214,1.0,2.9316713473964207,1
14:44:37.993827,47,0.0,4.592955113116855,1.108110449159286,-0.6263600167294499,25.23999943584204,1.0,2.256014827807295,1
14:44:37.993827,47,0.0,4.615173526870285,0.9106242829102948,-0.6263600167294499,36.87999917566776,1.0,3.7845411905340147,1
14:44:37.993827,47,0.0466721407250415,4.592729702112993,1.1081708478557362,-0.6263600167294499,28.359999366104603,1.0,1.5948597621201446,1
14:44:37.993827,47,0.047397873819459,4.614944610815598,0.9106856207822828,-0.6263600167294499,43.35999903082848,1.0,2.3762556238843633,1
14:44:37.993827,47,0.0480300786948451,4.676499913775126,0.8961560690139319,-0.5566400148672983,28.879999354481697,1.0,2.2255571457565555,1
14:44:37.993827,47,0.0933396142751124,4.592053491642317,1.1083520379052674,-0.6263600167294499,30.63999931514263,1.0,1.2663726769746633,1
14:44:37.993827,47,0.0,4.676731883170273,0.8960939130018335,-0.5566400148672983,24.23999945819378,1.0,3.3681120083017806,1
14:44:37.993827,47,0.0960553544220603,4.675804028786431,0.8963425308346775,-0.5566400148672983,33.99999924004078,1.0,1.4164961477133196,1
14:44:37.993827,47,0.1399977539419559,4.590926549325309,1.1086540011890258,-0.6263600167294499,31.239999301731583,1.0,1.265044311205946,1
14:44:37.993827,47,0.14217466294166,4.613113419724293,0.9111762869563852,-0.6263600167294499,54.63999877870083,1.0,0.589860830051077,1
14:44:37.993827,47,0.1440710246943086,4.674644297792104,0.8966532798180451,-0.5566400148672983,39.23999912291765,1.0,0.9351406201956489,1
14:44:37.993827,47,0.1459673864469573,4.736175175859915,0.8821302726797049,-0.5566400148672983,10.119999773800371,1.0,4.079676926271858,1
14:44:37.993827,47,0.1870159133049972,4.550001818846228,0.92612284749519,-0.4872000130126253,30.23999932408333,1.0,2.4311232971787486,1
14:44:37.993827,47,0.0947910078912461,4.6142578855429495,0.910869628264511,-0.6263600167294499,49.75999888777733,1.0,1.3132320048309498,1
14:44:38.048604,48,0.4318025345211715,4.646677478062514,0.8544151092037529,-0.2088800055789761,54.75999877601862,1.0,1.8396247494849516,1
14:44:38.048604,48,0.4260123135914682,4.5966436846316885,0.9155893391740032,-0.6263600167294499,78.51999824494123,1.0,1.1940953436814201,1
14:44:38.048604,48,0.4203300531877018,4.53533248407223,0.9300534839013848,-0.6263600167294499,42.9999990388751,1.0,1.4479416462009898,1
14:44:38.048604,48,0.3889868870485146,4.711831829394595,0.8382665904755555,-0.2088800055789761,8.639999806880951,0.8639999806880951,5.84392567138185,1
14:44:38.048604,48,0.3787849711762278,4.600530589347158,0.9145478461944364,-0.6263600167294499,94.35999789088964,1.0,0.6862190849141354,1
14:44:38.048604,48,0.3737326410566798,4.5391675442657125,0.9290258826196164,-0.6263600167294499,49.359998896718025,1.0,1.0821282444993157,1
14:44:38.048604,48,0.4668854326655579,4.531047526703622,0.9312016347679046,-0.6263600167294499,36.63999918103218,1.0,2.014457098223408,1
14:44:38.048604,48,0.3839332934147837,4.650617212323791,0.8533594605900507,-0.6263600167294499,62.35999860614538,1.0,1.4753172325335382,1
14:44:38.048604,48,0.473197055132263,4.592300800775544,0.9167530113960792,-0.6263600167294499,63.23999858647585,1.0,1.8844992364301985,1
14:44:38.048604,48,0.5133941239913044,4.52631310065204,0.9324702204050516,-0.4174800111504737,30.759999312460423,1.0,2.7793120498127006,1
14:44:38.048604,48,0.5203344773639895,4.587502372063471,0.9180387464944172,-0.8349600223009475,50.6399988681078,1.0,2.7549930573360153,1
14:44:38.048604,48,0.5274858180214009,4.600795068313477,0.7174738961168667,-0.8349600223009475,37.63999915868044,1.0,7.982291100005156,1
14:44:38.048604,48,0.5674198665839162,4.582248878334324,0.9194464158965844,-0.2088800055789761,40.639999091625214,1.0,3.8035814668399444,1
14:44:38.048604,48,0.575218336487893,4.595469371943657,0.7189009121582934,-0.8349600223009475,30.759999312460423,1.0,8.096838359466787,1
14:44:38.048604,48,0.6144485142925694,4.576540844933071,0.92097587883682,-0.2088800055789761,32.87999926507473,1.0,5.028712454471354,1
14:44:38.048604,48,0.6228933336026546,4.589682888827628,0.7204513956362495,-0.8349600223009475,25.11999943852425,1.0,8.41602428042808,1
14:44:38.048604,48,0.3360256593007141,4.65409437595396,0.852427757403396,-0.6263600167294499,66.35999851673841,1.0,1.289206463868338,1
14:44:38.048604,48,0.4797005514150349,4.605659445371917,0.7161704902123773,-0.8349600223009475,45.87999897450209,1.0,8.073881161103708,1
14:44:38.048604,48,0.331519750581216,4.603961126234736,0.9136286366058044,-0.6263600167294499,106.99999760836364,1.0,0.36374934101479617,1
14:44:38.048604,48,0.0,4.615173526870285,0.9106242829102948,-0.6263600167294499,39.759999111294746,1.0,3.631555926770891,1
14:44:38.048604,48,0.288084422902237,4.657108621239575,0.8516200928133262,-0.6263600167294499,64.99999854713678,1.0,1.2846873867703177,1
14:44:38.048604,48,0.3270978559746656,4.542552323781268,0.9281189336818656,-0.6263600167294499,54.51999878138304,1.0,0.9198066273181109,1
14:44:38.048604,48,0.0467656689440729,4.553389307856069,0.925215172550634,-0.6263600167294499,33.639999248087406,1.0,4.428860486767937,1
14:44:38.048604,48,0.047397873819459,4.614944610815598,0.9106856207822828,-0.6263600167294499,49.23999889940024,1.0,2.5388678245274394,1
14:44:38.048604,48,0.0935266613604318,4.552711742299468,0.9253967256943444,-0.6263600167294499,39.759999111294746,1.0,3.2879264008934492,1
14:44:38.048604,48,0.0947910078912461,4.6142578855429495,0.910869628264511,-0.6263600167294499,61.23999863117933,1.0,1.6639435586977587,1
14:44:38.048604,48,0.0960553544220603,4.675804028786431,0.8963425308346775,-0.6263600167294499,34.639999225735664,1.0,3.1954284534421107,1
14:44:38.048604,48,0.1402783011890113,4.551582541656481,0.9256992940947252,-0.6263600167294499,46.23999896645546,1.0,2.376100633947176,1
14:44:38.048604,48,0.14217466294166,4.613113419724293,0.9111762869563852,-0.6263600167294499,75.87999830394983,1.0,1.0008684317796033,1
14:44:38.048604,48,0.0480300786948451,4.676499913775126,0.8961560690139319,-0.6263600167294499,28.519999362528324,1.0,3.7968352331988835,1
14:44:38.048604,48,0.1870159133049972,4.550001818846228,0.92612284749519,-0.6263600167294499,52.11999883502722,1.0,1.6880670459078322,1
14:44:38.048604,48,0.1895441006448938,4.611511327805249,0.9116055661922932,-0.6263600167294499,91.63999795168638,1.0,0.5441542422031861,1
14:44:38.048604,48,0.1920722879847904,4.673020836764271,0.897088284889396,-0.6263600167294499,50.75999886542559,1.0,2.5690927219409248,1
14:44:38.048604,48,0.2337348239863347,4.547969731939664,0.9266673435407538,-0.6263600167294499,56.11999874562025,1.0,1.2189250983388082,1
14:44:38.048604,48,0.2368945840968633,4.60945176999367,0.9121574230446712,-0.6263600167294499,105.2399976477027,1.0,0.2887420548760386,1
14:44:38.048604,48,0.2400543442073919,4.6709338080476765,0.8976475025485884,-0.6263600167294499,58.999998681247234,1.0,2.533281044281259,1
14:44:38.048604,48,0.2766393444733,4.484038016043943,0.94183365323624,-0.4174800111504737,19.519999563694,1.0,4.878422286475663,1
14:44:38.048604,48,0.2804303613810968,4.545486484143778,0.927332727782268,-0.6263600167294499,56.99999872595072,1.0,0.9641923321078318,1
14:44:38.048604,48,0.1440710246943086,4.674644297792104,0.8966532798180451,-0.6263600167294499,42.11999905854464,1.0,2.7880685950126574,1
14:44:38.048604,48,0.2842213782888936,4.60693495224361,0.912831802328296,-0.6263600167294499,111.35999751091003,1.0,0.2300047488465335,1
14:44:38.105626,49,0.4261188530668321,4.585514718479256,0.8694940841463394,-0.2783200074336491,64.87999854981899,1.0,0.5767484900332506,1
14:44:38.105626,49,0.4204351716124928,4.524351958895997,0.8845730590889258,-0.2783200074336491,53.35999880731106,1.0,0.8718378955053738,1
14:44:38.105626,49,0.4146477927839354,4.47402128351277,0.9445176286287664,-0.4872000130126253,32.99999926239252,1.0,4.167647621027315,1
14:44:38.105626,49,0.3838373012957757,4.661893634428601,0.9000698097692565,-0.2783200074336491,34.759999223053455,1.0,2.300186952681785,1
14:44:38.105626,49,0.3788796997810529,4.589402595252987,0.8684523307045464,-0.2783200074336491,78.87999823689461,1.0,0.4020352476044785,1
14:44:38.105626,49,0.3316026588427213,4.592833990067881,0.8675328912349833,-0.4872000130126253,89.51999799907207,1.0,0.39430459792962813,1
14:44:38.105626,49,0.3686803109371319,4.477804499184269,0.9435039190447956,-0.4872000130126253,41.999999061226845,1.0,3.304916962699521,1
14:44:38.105626,49,0.3359416451877663,4.665369928688204,0.8991383395297432,-0.5566400148672983,33.7599992454052,1.0,2.254165735094451,1
14:44:38.105626,49,0.3271796583847284,4.5315736041818,0.8826380250665706,-0.4872000130126253,89.35999800264835,1.0,0.24669855571504662,1
14:44:38.105626,49,0.3226759613681152,4.481143521327798,0.942609230757927,-0.4872000130126253,52.999998815357685,1.0,2.6274861407389807,1
14:44:38.105626,49,0.4316945739952346,4.657954885191147,0.901125194446621,-0.2783200074336491,32.75999926775694,1.0,2.5072393661702175,1
14:44:38.105626,49,0.3738261061473221,4.528187978182183,0.8835452008190419,-0.4872000130126253,69.75999844074249,1.0,0.47169854672236355,1
14:44:38.105626,49,0.4373768343990011,4.719266085750606,0.8866610497192393,-0.4872000130126253,8.999999798834324,0.8999999798834324,5.336100081923701,1
14:44:38.105626,49,0.5751320530222037,4.632087022235681,0.858324610059755,-0.2783200074336491,19.63999956101179,1.0,2.816804959375003,1
14:44:38.105626,49,0.4670021939127433,4.520065929921957,0.8857214970912561,-0.2783200074336491,41.11999908089638,1.0,1.4522782661414269,1
14:44:38.105626,49,0.4733153948243074,4.581170748531108,0.8706580473858907,-0.2783200074336491,51.51999884843826,1.0,0.9237701207971475,1
14:44:38.105626,49,0.4795086775989681,4.653554074847465,0.9023043880242532,-0.2783200074336491,28.759999357163903,1.0,2.880786284276721,1
14:44:38.105626,49,0.5064537706186194,4.465123829240606,0.9469016943156856,-0.4872000130126253,20.75999953597784,1.0,6.469105556855574,1
14:44:38.105626,49,0.5205426874892011,4.540236244512253,0.7343553853360767,-0.2783200074336491,40.51999909430742,1.0,7.902286508820195,1
14:44:38.105626,49,0.5274066944928314,4.637411919744426,0.8568978080725085,-0.2783200074336491,23.9999994635582,1.0,2.3641852688207696,1
14:44:38.105626,49,0.5600754990568085,4.474491925286172,0.7526263238667328,-0.2783200074336491,25.63999942690134,1.0,7.935203782584702,1
14:44:38.105626,49,0.5676469177723508,4.534980648614914,0.7357636180125129,-0.2783200074336491,31.999999284744263,1.0,7.829779017589875,1
14:44:38.105626,49,0.6146943838392983,4.529270331162918,0.7372936929623009,-0.2783200074336491,25.63999942690134,1.0,7.940290809594526,1
14:44:38.105626,49,0.6227998988281199,4.626301407099316,0.8598748609632612,-0.2783200074336491,15.999999642372131,1.0,3.451283051322607,1
14:44:38.105626,49,0.6704054651659356,4.6200556528919945,0.8615484057592364,-0.2783200074336491,13.119999706745148,1.0,4.273997752201123,1
14:44:38.105626,49,0.2880123951966905,4.668383420343442,0.8983308768743241,-0.5566400148672983,30.119999326765537,1.0,2.363940631588474,1
14:44:38.105626,49,0.4605738101988528,4.469794252631701,0.9456502581397304,-0.4872000130126253,25.999999418854717,1.0,5.2206513022945105,1
14:44:38.105626,49,0.2842213782888936,4.60693495224361,0.912831802328296,-0.4872000130126253,91.75999794900416,1.0,0.5776387727452668,1
14:44:38.105626,49,0.5135995569570011,4.47967742071103,0.7512368745552866,-0.2783200074336491,32.239999279379845,1.0,7.738092353463923,1
14:44:38.105626,49,0.2766393444733,4.484038016043943,0.94183365323624,-0.4872000130126253,63.999998569488525,1.0,2.130588853386145,1
14:44:38.105626,49,-0.0935266613604318,4.552711742299468,0.9253967256943444,-0.4872000130126253,27.359999388456345,1.0,3.7929820073798366,1
14:44:38.105626,49,-0.0461334640686868,4.491834004896538,0.9397447243189848,-0.5566400148672983,26.119999416172504,1.0,3.351384783646411,1
14:44:38.105626,49,-0.0467656689440729,4.553389307856069,0.925215172550634,-0.4872000130126253,34.35999923199415,1.0,2.8632939299073557,1
14:44:38.105626,49,0.0,4.492056814270307,0.9396850227272178,-0.4872000130126253,32.99999926239252,1.0,2.700147703469559,1
14:44:38.105626,49,0.0,4.553615170570297,0.925154652818756,-0.4872000130126253,43.87999901920557,1.0,2.074787408446257,1
14:44:38.105626,49,0.0,4.615173526870285,0.9106242829102948,-0.4872000130126253,29.639999337494373,1.0,3.184916443482587,1
14:44:38.105626,49,0.2804303613810968,4.545486484143778,0.927332727782268,-0.4872000130126253,108.11999758332968,1.0,0.4998548466777973,1
14:44:38.105626,49,0.0467656689440729,4.553389307856069,0.925215172550634,-0.4872000130126253,56.99999872595072,1.0,1.43059206570827,1
14:44:38.105626,49,0.047397873819459,4.614944610815598,0.9106856207822828,-0.4872000130126253,36.87999917566776,1.0,2.390846585228448,1
14:44:38.105626,49,0.0922623148296175,4.491165599055984,0.9399238231241778,-0.4872000130126253,52.999998815357685,1.0,1.8603818134284835,1
14:44:38.105626,49,0.0935266613604318,4.552711742299468,0.9253967256943444,-0.4872000130126253,73.99999834597111,1.0,0.9340679675119417,1
14:44:38.105626,49,0.0947910078912461,4.6142578855429495,0.910869628264511,-0.4872000130126253,46.23999896645546,1.0,1.7354176730433122,1
14:44:38.105626,49,0.0461334640686868,4.491834004896538,0.9397447243189848,-0.4872000130126253,42.11999905854464,1.0,2.2020610625621204,1
14:44:38.105626,49,0.1402783011890113,4.551582541656481,0.9256992940947252,-0.4872000130126253,93.87999790161848,1.0,0.5888039685641073,1
14:44:38.105626,49,0.1383819394363626,4.490051663588669,0.9402223012330652,-0.4872000130126253,63.999998569488525,1.0,1.6785882833104968,1
14:44:38.105626,49,0.2400543442073919,4.6709338080476765,0.8976475025485884,-0.5566400148672983,25.51999942958355,1.0,2.62450740654872,1
14:44:38.105626,49,0.2368945840968633,4.60945176999367,0.9121574230446712,-0.4872000130126253,84.51999811083078,1.0,0.6391579692559225,1
14:44:38.105626,49,0.2337348239863347,4.547969731939664,0.9266673435407538,-0.4872000130126253,117.5199973732233,1.0,0.36754486503088146,1
14:44:38.105626,49,0.2274153037652775,4.425005655831649,0.9556871845329196,-0.6263600167294499,20.75999953597784,1.0,4.965527655784123,1
14:44:38.105626,49,0.1920722879847904,4.673020836764271,0.897088284889396,-0.5566400148672983,20.999999530613422,1.0,3.0310951682205363,1
14:44:38.105626,49,0.2305750638758061,4.486487693885656,0.9411772640368368,-0.4872000130126253,71.51999840140343,1.0,1.8096680938736234,1
14:44:38.105626,49,0.1870159133049972,4.550001818846228,0.92612284749519,-0.4872000130126253,111.35999751091003,1.0,0.39861593794360806,1
14:44:38.105626,49,0.1844877259651006,4.488492309887205,0.9406401287980872,-0.4872000130126253,71.51999840140343,1.0,1.6603784487398574,1
14:44:38.105626,49,0.1440710246943086,4.674644297792104,0.8966532798180451,-0.5566400148672983,17.11999961733818,1.0,3.579168743665875,1
14:44:38.105626,49,0.14217466294166,4.613113419724293,0.9111762869563852,-0.4872000130126253,57.999998703598976,1.0,1.222330788682588,1
14:44:38.105626,49,0.1895441006448938,4.611511327805249,0.9116055661922932,-0.4872000130126253,71.63999839872122,1.0,0.8555215111038331,1
14:44:38.160801,50,0.4797005514150349,4.605659445371917,0.7161704902123773,-0.4174800111504737,18.35999958962202,1.0,1.355797946666483,1
14:44:38.160801,50,0.4542621877321477,4.408540978559779,0.9600988815115564,-0.4872000130126253,18.639999583363533,1.0,2.0947467116440848,1
14:44:38.160801,50,0.4733864033734135,4.54503659329975,0.7330691357550789,-0.4872000130126253,54.63999877870083,1.0,1.2221119516151366,1
14:44:38.160801,50,0.4670722553317922,4.484413741227585,0.7499677812977807,-0.4872000130126253,57.35999871790409,1.0,1.1289396359220027,1
14:44:38.160801,50,0.460688993001179,4.458961111312807,0.9007849467966214,-0.4872000130126253,39.99999910593033,1.0,1.0438919775440434,1
14:44:38.160801,50,0.4318673151554208,4.610062016685345,0.714990824784324,-0.4174800111504737,19.35999956727028,1.0,1.6089516958246737,1
14:44:38.160801,50,0.3789365407333258,4.553269674994121,0.7308630881638529,-0.4872000130126253,79.75999821722507,1.0,2.0226464991262456,1
14:44:38.160801,50,0.4204351716124928,4.524351958895997,0.8845730590889258,-0.4872000130126253,81.51999817788601,1.0,0.41214516242749594,1
14:44:38.160801,50,0.4147514901581535,4.46318919931274,0.8996520340315115,-0.4872000130126253,53.99999879300594,1.0,0.4020876336274024,1
14:44:38.160801,50,0.408965532380169,4.412710082953312,0.958981773356148,-0.4872000130126253,21.51999951899052,1.0,1.1865308815956754,1
14:44:38.160801,50,0.38399089252611,4.614002342000317,0.7139350177982611,-0.4174800111504737,19.239999569952488,1.0,2.188671143293461,1
14:44:38.160801,50,0.4995134172459344,4.403934557829173,0.9613331682263202,-0.4872000130126253,15.75999964773655,1.0,3.2974219359841066,1
14:44:38.160801,50,0.4261827810138922,4.549381214946548,0.7319049978934007,-0.4872000130126253,69.75999844074249,1.0,1.4632224965648144,1
14:44:38.160801,50,0.5065804273308702,4.45428951991684,0.9020366959385386,-0.4872000130126253,29.639999337494373,1.0,1.9881481642972922,1
14:44:38.160801,50,0.5274858180214009,4.600795068313477,0.7174738961168667,-0.4174800111504737,16.759999625384808,1.0,1.4293432203581729,1
14:44:38.160801,50,0.5525040803412664,4.414003201957431,0.769489029720952,-0.4872000130126253,22.239999502897263,1.0,1.5475857639407669,1
14:44:38.160801,50,0.5600754990568085,4.474491925286172,0.7526263238667328,-0.4872000130126253,29.23999934643507,1.0,1.601223896817834,1
14:44:38.160801,50,0.5676469177723508,4.534980648614914,0.7357636180125129,-0.4872000130126253,30.51999931782484,1.0,1.6952275676904525,1
14:44:38.160801,50,0.575218336487893,4.595469371943657,0.7189009121582934,-0.4174800111504737,14.759999670088291,1.0,1.8295967765586192,1
14:44:38.160801,50,0.5982964843125856,4.408445215833498,0.7709782876144031,-0.4872000130126253,17.11999961733818,1.0,2.23651100355378,1
14:44:38.160801,50,0.606495434075942,4.4688577734982085,0.754135990288352,-0.4872000130126253,21.87999951094389,1.0,2.3027054989592166,1
14:44:38.160801,50,0.6146943838392983,4.529270331162918,0.7372936929623009,-0.4872000130126253,23.23999948054552,1.0,2.409349765266256,1
14:44:38.160801,50,0.6228933336026546,4.589682888827628,0.7204513956362495,-0.4174800111504737,12.759999714791777,1.0,2.556443802474896,1
14:44:38.160801,50,0.6528547200597903,4.4627755287575965,0.7557657228547674,-0.4872000130126253,16.8799996227026,1.0,3.314149064570556,1
14:44:38.160801,50,0.6615811281029845,4.510153783129428,0.6933288862264142,-0.4174800111504737,17.999999597668648,1.0,3.381838060786671,1
14:44:38.160801,50,0.3738261061473221,4.528187978182183,0.8835452008190419,-0.4872000130126253,108.11999758332968,1.0,0.06866521348182847,1
14:44:38.160801,50,0.5135995569570011,4.47967742071103,0.7512368745552866,-0.4872000130126253,40.3599990978837,1.0,1.2099319321924207,1
14:44:38.160801,50,0.3686803109371319,4.477804499184269,0.9435039190447956,-0.4872000130126253,69.35999844968319,1.0,0.5419895302955183,1
14:44:38.160801,50,0.5205426874892011,4.540236244512253,0.7343553853360767,-0.4872000130126253,40.8799990862608,1.0,1.2994441598323259,1
14:44:38.160801,50,0.3360760711292543,4.617480027287604,0.7130031748340029,-0.4174800111504737,18.11999959498644,1.0,3.094698956187801,1
14:44:38.160801,50,0.3631370462248921,4.445835689490255,1.091342452410541,-0.4872000130126253,23.87999946624041,1.0,5.106375115161839,1
14:44:38.160801,50,0.0460412002172437,4.530642573358806,1.1202271008876623,-0.4872000130126253,20.239999547600743,1.0,3.838184322153319,1
14:44:38.160801,50,0.046702530555813,4.583581162846947,1.0622866966714042,-0.5566400148672983,21.239999525249004,1.0,3.308735292411692,1
14:44:38.160801,50,0.047397873819459,4.614944610815598,0.9106856207822828,-0.5566400148672983,16.359999634325504,1.0,4.945592014424993,1
14:44:38.160801,50,0.092077796353039,4.529975504285356,1.1204058415071891,-0.4872000130126253,26.519999407231808,1.0,3.499622998667518,1
14:44:38.160801,50,0.0935266613604318,4.552711742299468,0.9253967256943444,-0.4872000130126253,28.11999937146902,1.0,3.22893285306852,1
14:44:38.160801,50,0.0947910078912461,4.6142578855429495,0.910869628264511,-0.5566400148672983,20.87999953329563,1.0,3.3754909646148588,1
14:44:38.160801,50,0.1381951098064746,4.519837774276235,1.0754401698578335,-0.4872000130126253,35.23999921232462,1.0,2.2815590686045946,1
14:44:38.160801,50,0.1402783011890113,4.551582541656481,0.9256992940947252,-0.4872000130126253,38.35999914258719,1.0,2.010649228697003,1
14:44:38.160801,50,0.14217466294166,4.613113419724293,0.9111762869563852,-0.4872000130126253,27.359999388456345,1.0,2.1205594541816235,1
14:44:38.160801,50,0.1815956316830463,4.465266135178004,1.133164721724107,-0.4872000130126253,21.239999525249004,1.0,3.6912440844404495,1
14:44:38.160801,50,0.1844877259651006,4.488492309887205,0.9406401287980872,-0.4872000130126253,47.35999894142151,1.0,1.059164382301637,1
14:44:38.160801,50,0.1870159133049972,4.550001818846228,0.92612284749519,-0.4872000130126253,54.11999879032373,1.0,1.1003016567112294,1
14:44:38.160801,50,0.1895441006448938,4.611511327805249,0.9116055661922932,-0.4872000130126253,36.51999918371439,1.0,1.181647447764665,1
14:44:38.160801,50,0.136212615630728,4.466801043904065,1.1327534441705036,-0.4872000130126253,18.35999958962202,1.0,3.4339345109821653,1
14:44:38.160801,50,0.2881276424068507,4.620494724781591,0.712195389075065,-0.4174800111504737,16.359999634325504,1.0,4.326653898751861,1
14:44:38.160801,50,0.3271796583847284,4.5315736041818,0.8826380250665706,-0.4872000130126253,119.51999732851982,1.0,0.03549644160328115,1
14:44:38.160801,50,0.3226759613681152,4.481143521327798,0.942609230757927,-0.4872000130126253,79.11999823153019,1.0,0.2186017473535407,1
14:44:38.160801,50,0.3176175798527744,4.458032548804876,1.135102955351167,-0.4872000130126253,25.23999943584204,1.0,6.220891827499181,1
14:44:38.160801,50,0.2842924579163223,4.595808559787329,0.8667358576808271,-0.4872000130126253,64.3599985614419,1.0,0.37424795943698147,1
14:44:38.160801,50,0.2804303613810968,4.545486484143778,0.927332727782268,-0.4872000130126253,103.75999768078329,1.0,0.20614096646855973,1
14:44:38.160801,50,0.1921203224667548,4.661747197410713,0.8503771900742396,-0.4174800111504737,12.11999972909689,1.0,2.0566740683515694,1
14:44:38.160801,50,0.3316026588427213,4.592833990067881,0.8675328912349833,-0.4872000130126253,77.35999827086926,1.0,0.08516205516912226,1
14:44:38.160801,50,0.2723026491069436,4.46088166840691,1.1343395360546626,-0.4872000130126253,25.23999943584204,1.0,5.084329555727599,1
14:44:38.160801,50,0.2401143783028271,4.65965964675863,0.8509365475856241,-0.4174800111504737,14.239999681711195,1.0,1.103647429744284,1
14:44:38.160801,50,0.2369538279823122,4.598326006956855,0.8660613097447647,-0.4872000130126253,49.11999890208244,1.0,0.981114618453931,1
14:44:38.160801,50,0.2337348239863347,4.547969731939664,0.9266673435407538,-0.4872000130126253,76.87999828159809,1.0,0.4986008806902573,1
14:44:38.160801,50,0.2305750638758061,4.486487693885656,0.9411772640368368,-0.4872000130126253,62.5199986025691,1.0,0.47759601958752435,1
14:44:38.160801,50,0.2269604883243373,4.463292944239806,1.133693436642509,-0.4872000130126253,23.75999946892261,1.0,4.2412262996378,1
14:44:38.160801,50,0.2766393444733,4.484038016043943,0.94183365323624,-0.4872000130126253,75.87999830394983,1.0,0.19725384923429998,1
14:44:38.212760,51,0.4668854326655579,4.653281198482741,0.1403414501023528,-0.5566400148672983,29.759999334812164,1.0,0.8159869397780254,1
14:44:38.212760,51,0.4599519889203965,4.5841780284911255,0.2767638788727253,-0.5566400148672983,37.75999915599823,1.0,0.7249742201411283,1
14:44:38.212760,51,0.453648887783095,4.5213572592782425,0.272971155367428,-0.5566400148672983,21.119999527931213,1.0,0.7432217349814991,1
14:44:38.212760,51,0.4138185248517096,4.585562447732927,0.3228212200157399,-0.5566400148672983,43.35999903082848,1.0,0.5037460869009425,1
14:44:38.212760,51,0.498839023555195,4.516594780140608,0.272971155367428,-0.5566400148672983,18.639999583363533,1.0,1.5776040982529942,1
14:44:38.212760,51,0.4197625650560299,4.651428922798326,0.2805566023780226,-0.5566400148672983,33.359999254345894,1.0,0.22643402823213168,1
14:44:38.212760,51,0.5064537706186194,4.585540322118538,0.1384442346668254,-0.4872000130126253,31.239999301731583,1.0,1.1064043804119108,1
14:44:38.212760,51,0.5522830860856317,4.580246593838866,0.1384442346668254,-0.4872000130126253,25.359999433159828,1.0,1.7631395034812118,1
14:44:38.212760,51,0.559851476334774,4.643013487362928,0.1403414501023528,-0.5566400148672983,21.51999951899052,1.0,1.7898839392064898,1
14:44:38.212760,51,0.5980571737067384,4.574494844737145,0.1384442346668254,-0.4872000130126253,20.51999954134226,1.0,2.740246923263382,1
14:44:38.212760,51,0.6062528439996538,4.637182917303416,0.1403414501023528,-0.5566400148672983,17.999999597668648,1.0,2.7701552901837534,1
14:44:38.212760,51,0.6437714561115275,4.568285649983464,0.1384442346668254,-0.4872000130126253,16.639999628067017,1.0,4.037999057946084,1
14:44:38.212760,51,0.4084133875022842,4.525667606477944,0.272971155367428,-0.5566400148672983,23.23999948054552,1.0,0.21953151275593444,1
14:44:38.212760,51,0.5133941239913044,4.648379759963625,0.1403414501023528,-0.5566400148672983,25.63999942690134,1.0,1.1386309924572786,1
14:44:38.212760,51,0.331519750581216,4.728258553961446,0.1422386655378801,-0.3480400092958007,15.75999964773655,1.0,1.9831532320461183,1
14:44:38.212760,51,0.367942974902975,4.589471287718051,0.3228212200157399,-0.5566400148672983,46.35999896377325,1.0,0.1412111262772091,1
14:44:38.212760,51,0.3729852006992296,4.652364594824142,0.3272451052212421,-0.5566400148672983,35.35999920964241,1.0,0.16601717605084532,1
14:44:38.212760,51,0.0917459730510955,4.586687098971207,0.5066817603005671,-0.5566400148672983,18.999999575316902,1.0,3.499927114106667,1
14:44:38.212760,51,0.1376074913114066,4.585540322118537,0.5066817603005671,-0.5566400148672983,23.35999947786331,1.0,2.639707010286669,1
14:44:38.212760,51,0.1815956316830463,4.537469360206952,0.3183973348102376,-0.5566400148672983,18.35999958962202,1.0,1.726942337971725,1
14:44:38.212760,51,0.1834552489378743,4.583934995075426,0.5066817603005671,-0.5566400148672983,28.759999357163903,1.0,2.0909097343948866,1
14:44:38.212760,51,0.1861653808882402,4.651652156402118,0.4670956099166215,-0.5566400148672983,24.879999443888664,1.0,1.7919435731002804,1
14:44:38.212760,51,0.2269604883243373,4.535426562629235,0.3183973348102376,-0.5566400148672983,20.87999953329563,1.0,0.8701842167891299,1
14:44:38.212760,51,0.229526428158896,4.586702587675211,0.4607811461544572,-0.5566400148672983,34.879999220371246,1.0,1.2723645256503944,1
14:44:38.212760,51,0.1394932401631987,4.648379759963625,0.5136252380037435,-0.5566400148672983,20.87999953329563,1.0,2.7912254497554634,1
14:44:38.212760,51,0.2723026491069436,4.532930226195039,0.3183973348102376,-0.5566400148672983,22.99999948590994,1.0,0.31993903309080063,1
14:44:38.212760,51,0.2760860842337521,4.5959117928503925,0.3228212200157399,-0.5566400148672983,40.99999908357859,1.0,0.3684250752627064,1
14:44:38.212760,51,0.2798695193605606,4.658893359505747,0.3272451052212421,-0.5566400148672983,32.75999926775694,1.0,0.44480975720279914,1
14:44:38.212760,51,0.3176175798527744,4.529980600535914,0.3183973348102376,-0.5566400148672983,24.23999945819378,1.0,0.07723777218540659,1
14:44:38.212760,51,0.322030630965013,4.592921184419466,0.3228212200157399,-0.5566400148672983,45.35999898612499,1.0,0.09637709966439688,1
14:44:38.212760,51,0.3264436820772516,4.6558617683030175,0.3272451052212421,-0.5566400148672983,35.11999921500683,1.0,0.1427031650910009,1
14:44:38.212760,51,0.2332673699264085,4.66145906527575,0.3272451052212421,-0.5566400148672983,29.11999934911728,1.0,1.071368007503957,1
14:44:38.212760,51,0.3629007491067204,4.526577980611959,0.3183973348102376,-0.5566400148672983,24.35999945551157,1.0,0.14299336330971493,1
14:44:38.269659,52,0.3183336574687426,4.40905283240964,0.9128482927297452,-0.5566400148672983,38.75999913364649,1.0,0.9641233653547477,1
14:44:38.269659,52,0.3138321721550144,4.358325916420862,0.97158982491005,-0.4872000130126253,22.11999950557947,1.0,2.620986557693694,1
14:44:38.269659,52,0.2843351085361398,4.559676600575267,0.7291463576284185,-0.4872000130126253,9.239999793469906,0.9239999793469906,5.195108032759878,1
14:44:38.269659,52,0.280542574665429,4.4988584763689445,0.746097326181772,-0.4872000130126253,42.63999904692173,1.0,1.8479196943195344,1
14:44:38.269659,52,0.2690573106577064,4.361141079844278,0.9708355041441838,-0.4872000130126253,24.99999944120645,1.0,2.3907503302749005,1
14:44:38.269659,52,0.2729165629585783,4.411908375430594,0.9120831522833284,-0.4872000130126253,47.9999989271164,1.0,0.5418227336416515,1
14:44:38.269659,52,0.2338283522053662,4.501342717828247,0.7454316756889481,-0.4872000130126253,43.87999901920557,1.0,1.9977635560898155,1
14:44:38.269659,52,0.2306327273412826,4.475658727353303,0.8963108340630455,-0.4872000130126253,70.63999842107296,1.0,0.6777713482129957,1
14:44:38.269659,52,0.322805079089969,4.435144699223961,0.7638241826016003,-0.4872000130126253,51.87999884039164,1.0,2.063293585259182,1
14:44:38.269659,52,0.2767500407947182,4.438040352162622,0.7630482947351254,-0.4872000130126253,62.639998599886894,1.0,2.500750660241601,1
14:44:38.269659,52,0.3272287431030641,4.495923141911843,0.7468838466790677,-0.4872000130126253,38.6399991363287,1.0,2.076569060956042,1
14:44:38.269659,52,0.4607581072901708,4.42379088915542,0.7668664268404821,-0.4872000130126253,26.519999407231808,1.0,2.9926106221625832,1
14:44:38.269659,52,0.3637189188798604,4.405758744040576,0.9137309410480324,-0.5566400148672983,30.63999931514263,1.0,1.7481752968706716,1
14:44:38.269659,52,0.3688278371477573,4.431804340981731,0.7647192288950364,-0.4872000130126253,41.63999906927347,1.0,2.0087828487300476,1
14:44:38.269659,52,0.3738821889405415,4.492537007987925,0.747791158529445,-0.4872000130126253,33.359999254345894,1.0,2.6686143196717786,1
14:44:38.269659,52,0.4091291785893063,4.367338809730162,0.7826475172206311,-0.4872000130126253,24.23999945819378,1.0,5.08922736570549,1
14:44:38.269659,52,0.414813712730835,4.428019611468958,0.7657333441115544,-0.4872000130126253,33.11999925971031,1.0,2.3230939019118964,1
14:44:38.269659,52,0.4204982468723636,4.488700413207753,0.7488191710024776,-0.4872000130126253,27.99999937415123,1.0,3.6094763430643724,1
14:44:38.269659,52,0.4544439592485495,4.363168037083255,0.7837650723831839,-0.4872000130126253,19.35999956727028,1.0,5.168775042496176,1
14:44:38.269659,52,0.2274721770207678,4.414325087551528,0.9114355962221856,-0.4872000130126253,56.35999874025583,1.0,0.4955817006675655,1
14:44:38.269659,52,0.358575650698036,4.355078409021381,0.9724599918951552,-0.5566400148672983,18.999999575316902,1.0,3.2195665245996605,1
14:44:38.269659,52,0.2239527759641673,4.392498041065997,1.10170771592808,-0.5566400148672983,27.239999391138557,1.0,4.082443660608397,1
14:44:38.269659,52,0.4670021939127433,4.471631173547319,0.7049605254488867,-0.4872000130126253,23.23999948054552,1.0,4.028845048150057,1
14:44:38.269659,52,0.1870626832612932,4.539024962256985,0.88064143968781,-0.4872000130126253,41.879999063909054,1.0,3.8623547284049913,1
14:44:38.269659,52,-0.0909979682988032,4.429619455812502,0.9544509205540112,-0.4872000130126253,20.239999547600743,1.0,7.991910567311642,1
14:44:38.269659,52,-0.0922623148296175,4.491165599055984,0.9399238231241778,-0.4872000130126253,22.51999949663877,1.0,4.4418306935968825,1
14:44:38.269659,52,-0.0455012591933008,4.430278701937009,0.9542742760873362,-0.4872000130126253,25.51999942958355,1.0,5.561225371884827,1
14:44:38.269659,52,-0.0467656689440729,4.553389307856069,0.925215172550634,-0.4872000130126253,17.879999600350857,1.0,4.211604971848255,1
14:44:38.269659,52,0.0,4.406684585152351,1.144281657766719,-0.4872000130126253,18.35999958962202,1.0,3.599321643439998,1
14:44:38.269659,52,0.0,4.430498457970319,0.9542153926356792,-0.4872000130126253,32.35999927669764,1.0,3.607102522763342,1
14:44:38.269659,52,0.0,4.492056814270307,0.9396850227272178,-0.4872000130126253,35.51999920606613,1.0,1.7373136539999992,1
14:44:38.269659,52,0.0,4.553615170570297,0.925154652818756,-0.4872000130126253,21.7599995136261,1.0,3.94517179262631,1
14:44:38.269659,52,0.0447793192016481,4.406468315850435,1.1443396069515148,-0.4872000130126253,21.51999951899052,1.0,3.4694128583415296,1
14:44:38.269659,52,0.0455012591933008,4.430278701937009,0.9542742760873362,-0.4872000130126253,40.8799990862608,1.0,2.111977812107691,1
14:44:38.269659,52,0.0461334640686868,4.491834004896538,0.9397447243189848,-0.4872000130126253,44.87999899685383,1.0,1.0575284456361522,1
14:44:38.269659,52,-0.0461334640686868,4.491834004896538,0.9397447243189848,-0.4872000130126253,28.11999937146902,1.0,2.8593662849760437,1
14:44:38.269659,52,0.0895541605088923,4.4058195295714375,1.1445134487110329,-0.5566400148672983,24.63999944925308,1.0,3.74947534839089,1
14:44:38.269659,52,0.0467656689440729,4.553389307856069,0.925215172550634,-0.4872000130126253,26.359999410808086,1.0,4.10364198037338,1
14:44:38.269659,52,0.1845338636585624,4.47766384468012,0.8957735644945952,-0.4872000130126253,71.99999839067459,1.0,0.2937866195010621,1
14:44:38.269659,52,0.1819595386252041,4.426982800928183,0.955157410100984,-0.4872000130126253,60.51999864727259,1.0,0.21151870892818336,1
14:44:38.269659,52,0.1403133827491841,4.540606080382993,0.8802177803628077,-0.4872000130126253,37.35999916493893,1.0,3.098041021299351,1
14:44:38.269659,52,0.138416546744079,4.479223588353235,0.8953556324369845,-0.4872000130126253,66.11999852210283,1.0,0.29737215745600487,1
14:44:38.269659,52,0.1791891007930288,4.394445082999945,1.101186007614249,-0.5566400148672983,27.87999937683344,1.0,3.1503897559449325,1
14:44:38.269659,52,0.1344075068619357,4.395959650899365,1.1007801803687176,-0.5566400148672983,26.87999939918518,1.0,2.5927847162328694,1
14:44:38.269659,52,0.0935266613604318,4.552711742299468,0.9253967256943444,-0.4872000130126253,31.87999928742647,1.0,4.66874674903435,1
14:44:38.269659,52,0.0922853882908866,4.480337802399588,0.8950570796830686,-0.4872000130126253,55.75999875366688,1.0,0.7047752948885916,1
14:44:38.269659,52,0.0909979682988032,4.429619455812502,0.9544509205540112,-0.4872000130126253,50.23999887704849,1.0,1.0587214833427194,1
14:44:38.269659,52,0.136485577683714,4.428520785520858,0.9547453083714053,-0.4872000130126253,57.999998703598976,1.0,0.43064685559564087,1
14:44:38.327921,53,0.408965532380169,4.412710082953312,0.958981773356148,-0.5566400148672983,75.87999830394983,1.0,0.6309286883714517,1
14:44:38.327921,53,0.3686803109371319,4.477804499184269,0.9435039190447956,-0.5566400148672983,117.6399973705411,1.0,0.31846445398753453,1
14:44:38.327921,53,0.4027387987254113,4.380389675302645,1.104952142756031,-0.6263600167294499,46.999998949468136,1.0,2.984352075073631,1
14:44:38.327921,53,0.3970642099485384,4.318669994535684,1.1175633650707293,-0.6263600167294499,22.63999949395657,1.0,2.9096714168593545,1
14:44:38.327921,53,0.3788796997810529,4.540313070331046,0.6852477295764423,-0.5566400148672983,5.519999876618385,0.5519999876618386,6.096642267208011,1
14:44:38.327921,53,0.3738821889405415,4.492537007987925,0.747791158529445,-0.5566400148672983,37.51999916136265,1.0,3.9433643325003533,1
14:44:38.327921,53,0.3636279808175839,4.4164414541028245,0.9579819554699752,-0.5566400148672983,106.63999761641026,1.0,0.2560921938333237,1
14:44:38.327921,53,0.3134084669460146,4.387307357132332,1.1030985554962704,-0.6263600167294499,86.63999806344509,1.0,0.7827207309077666,1
14:44:38.327921,53,0.3528162975142112,4.330955359585212,1.1599932996227431,-0.6263600167294499,27.119999393820763,1.0,2.8592292218764452,1
14:44:38.327921,53,0.3271796583847284,4.5315736041818,0.8826380250665706,-0.5566400148672983,36.87999917566776,1.0,1.0280791451165991,1
14:44:38.327921,53,0.3226759613681152,4.481143521327798,0.942609230757927,-0.5566400148672983,136.2399969547987,1.0,0.3215693744813105,1
14:44:38.327921,53,0.317824391547114,4.449124508020865,1.0904612161412115,-0.6263600167294499,144.11999677866697,1.0,0.8342877915317296,1
14:44:38.327921,53,0.3087914776282973,4.334150706326143,1.1591371090439733,-0.6263600167294499,31.359999299049377,1.0,1.6803712544539384,1
14:44:38.327921,53,0.2804303613810968,4.545486484143778,0.927332727782268,-0.5566400148672983,33.11999925971031,1.0,0.8325324657696849,1
14:44:38.327921,53,0.4147514901581535,4.46318919931274,0.8996520340315115,-0.5566400148672983,91.35999795794488,1.0,0.6488650524707911,1
14:44:38.327921,53,0.3580915372625714,4.384064234196662,1.1039675476678386,-0.6263600167294499,64.51999855786562,1.0,1.6951910254036164,1
14:44:38.327921,53,0.4204982468723636,4.488700413207753,0.7488191710024776,-0.5566400148672983,34.879999220371246,1.0,3.001817430326258,1
14:44:38.327921,53,0.5525040803412664,4.414003201957431,0.769489029720952,-0.5566400148672983,39.11999912559986,1.0,2.4771192767731494,1
14:44:38.327921,53,0.4479505652654426,4.347287704487857,0.974547504883382,-0.5566400148672983,34.639999225735664,1.0,1.3380464399101266,1
14:44:38.327921,53,0.6057677608798692,4.415068547030205,0.5748969206024777,-0.3480400092958007,17.519999608397484,1.0,6.640329090909429,1
14:44:38.327921,53,0.5982067390960277,4.395837752033628,0.7265788486296785,-0.5566400148672983,30.51999931782484,1.0,3.3647168069396036,1
14:44:38.327921,53,0.5900975345492293,4.348032658168789,0.787820584940454,-0.5566400148672983,23.9999994635582,1.0,3.020594659636809,1
14:44:38.327921,53,0.5594035204968023,4.420695938963092,0.5733890654785672,-0.2783200074336491,21.119999527931213,1.0,7.30334123281872,1
14:44:38.327921,53,0.2766393444733,4.484038016043943,0.94183365323624,-0.5566400148672983,133.8799970075488,1.0,0.7229857306562013,1
14:44:38.327921,53,0.5448509210489209,4.388204182294862,0.918434671691279,-0.5566400148672983,30.759999312460423,1.0,3.0707567457337013,1
14:44:38.327921,53,0.5371463055873471,4.3377720824215045,0.977097208131541,-0.5566400148672983,20.359999544918537,1.0,3.9344847794452265,1
14:44:38.327921,53,0.5135225163848571,4.46689556348473,0.7062294283408259,-0.5566400148672983,25.51999942958355,1.0,3.2351505660294375,1
14:44:38.327921,53,0.5066564264248012,4.419118596909808,0.7681183637744962,-0.5566400148672983,51.23999885469675,1.0,2.207423557273229,1
14:44:38.327921,53,0.499638338276883,4.393248719974311,0.9170829918938824,-0.5566400148672983,40.23999910056591,1.0,1.8535434304935827,1
14:44:38.327921,53,0.4925730638732494,4.34274528641774,0.9757646421369546,-0.5566400148672983,26.119999416172504,1.0,2.4477679881475423,1
14:44:38.327921,53,0.4849770571694006,4.310149846321677,1.119846331904066,-0.6263600167294499,15.239999659359457,1.0,6.495385168960102,1
14:44:38.327921,53,0.4670021939127433,4.471631173547319,0.7049605254488867,-0.5566400148672983,30.35999932140112,1.0,3.697688901112528,1
14:44:38.327921,53,0.4607581072901708,4.42379088915542,0.7668664268404821,-0.5566400148672983,68.35999847203493,1.0,2.336082669111149,1
14:44:38.327921,53,0.4542621877321477,4.408540978559779,0.9600988815115564,-0.5566400148672983,54.51999878138304,1.0,1.3936321091786683,1
14:44:38.327921,53,0.441042685508492,4.314622215417046,1.1186479642167078,-0.6263600167294499,18.639999583363533,1.0,4.519481312382255,1
14:44:38.327921,53,0.2724799546964549,4.45197548278234,1.0896972997562324,-0.6263600167294499,169.63999620825052,1.0,0.2725649941431382,1
14:44:38.327921,53,0.2647357788533265,4.33692065329274,1.1583949039911967,-0.6263600167294499,34.35999923199415,1.0,0.8676646698437991,1
14:44:38.327921,53,0.0880669245219524,4.367094840197811,1.2872645675195469,-0.6263600167294499,24.23999945819378,1.0,1.628775373578518,1
14:44:38.327921,53,0.0466721407250415,4.592729702112993,1.1081708478557362,-0.5566400148672983,12.23999972641468,1.0,2.5475399535443697,1
14:44:38.327921,53,0.0460412002172437,4.530642573358806,1.1202271008876623,-0.4174800111504737,35.63999920338392,1.0,2.396956253780979,1
14:44:38.327921,53,0.0452943233488411,4.492574563760706,1.2667168047744508,-0.6263600167294499,45.759998977184296,1.0,1.7905479983663288,1
14:44:38.327921,53,0.0447793192016481,4.406468315850435,1.1443396069515148,-0.6263600167294499,37.75999915599823,1.0,2.267434566057112,1
14:44:38.327921,53,0.0440356640257309,4.367732852010313,1.287093612769625,-0.6263600167294499,19.999999552965164,1.0,1.733041149624714,1
14:44:38.327921,53,0.0,4.562424642944618,1.302057558882565,-0.6263600167294499,27.639999382197857,1.0,2.6861722600909483,1
14:44:38.327921,53,0.0,4.499901978300213,1.311622039307368,-0.6263600167294499,34.23999923467636,1.0,2.55079822340544,1
14:44:38.327921,53,0.0,4.437379313655809,1.3211865197321706,-0.6263600167294499,28.359999366104603,1.0,2.4736965582461146,1
14:44:38.327921,53,0.0,4.367945529703677,1.28703662595344,-0.6263600167294499,16.519999630749226,1.0,2.1997550043253624,1
14:44:38.327921,53,-0.045875280270344,4.562203080513206,1.3021169263571346,-0.6263600167294499,21.87999951094389,1.0,3.215773831689283,1
14:44:38.327921,53,-0.0452466135003085,4.499683452121383,1.3116805932205104,-0.6263600167294499,26.359999410808086,1.0,3.0791351939604814,1
14:44:38.327921,53,-0.0446179467302729,4.43716382372956,1.3212442600838863,-0.6263600167294499,21.87999951094389,1.0,3.000602392492052,1
14:44:38.327921,53,0.268519213980135,4.3989011608498245,1.1463672200229296,-0.6263600167294499,106.23999762535097,1.0,0.8655471220826599,1
14:44:38.327921,53,0.0895541605088923,4.4058195295714375,1.1445134487110329,-0.6263600167294499,51.51999884843826,1.0,1.2370460001242902,1
14:44:38.327921,53,0.0908159784309656,4.467897516928397,1.132459645109111,-0.6263600167294499,62.99999859184027,1.0,1.2567301635524362,1
14:44:38.327921,53,0.0933396142751124,4.592053491642317,1.1083520379052674,-0.5566400148672983,14.879999667406082,1.0,1.467581565613931,1
14:44:38.327921,53,0.2337348239863347,4.547969731939664,0.9266673435407538,-0.5566400148672983,27.99999937415123,1.0,1.642920315408654,1
14:44:38.327921,53,0.2302637641930528,4.516278616293185,1.0763938433651268,-0.6263600167294499,112.2399974912405,1.0,0.16497274042567514,1
14:44:38.327921,53,0.2269604883243373,4.463292944239806,1.133693436642509,-0.6263600167294499,159.63999643176794,1.0,0.4265723937597692,1
14:44:38.327921,53,0.2238070475233017,4.401278933866217,1.1457300976634028,-0.6263600167294499,109.51999755203724,1.0,0.39488471423623506,1
14:44:38.327921,53,0.2206536067222661,4.339264923492629,1.157766758684296,-0.6263600167294499,34.879999220371246,1.0,0.4210213581922816,1
14:44:38.327921,53,0.092077796353039,4.529975504285356,1.1204058415071891,-0.6263600167294499,46.999998949468136,1.0,1.3335753520489817,1
14:44:38.327921,53,0.1870159133049972,4.550001818846228,0.92612284749519,-0.5566400148672983,22.75999949127436,1.0,2.861588492077969,1
14:44:38.327921,53,0.1841187628168708,4.52730756151663,1.121120714617522,-0.6263600167294499,85.51999808847904,1.0,0.3925233571873886,1
14:44:38.327921,53,0.2169573013650143,4.300528160985369,1.298589680322528,-0.6263600167294499,4.999999888241291,0.4999999888241291,3.457871663554141,1
14:44:38.327921,53,0.1790725005492218,4.403224708839379,1.1452087288306914,-0.6263600167294499,93.2399979159236,1.0,0.3001859807058006,1
14:44:38.327921,53,0.1765493694153972,4.341183282500753,1.1572527359372762,-0.6263600167294499,32.75999926775694,1.0,0.3402153469785417,1
14:44:38.327921,53,0.1402783011890113,4.551582541656481,0.9256992940947252,-0.5566400148672983,18.35999958962202,1.0,4.487997956686159,1
14:44:38.327921,53,0.1381051847863419,4.528863796614686,1.1207037226797647,-0.6263600167294499,63.23999858647585,1.0,0.6652008294694646,1
14:44:38.327921,53,0.136212615630728,4.466801043904065,1.1327534441705036,-0.6263600167294499,88.87999801337719,1.0,0.594517203054596,1
14:44:38.327921,53,0.134320046475114,4.404738291193442,1.1448031656612423,-0.6263600167294499,70.63999842107296,1.0,0.5810779038523122,1
14:44:38.327921,53,0.1324274773195001,4.342675538482819,1.1568528871519812,-0.6263600167294499,28.879999354481697,1.0,0.6248829318626126,1
14:44:38.327921,53,0.1815956316830463,4.465266135178004,1.133164721724107,-0.6263600167294499,124.2399972230196,1.0,0.3176219841087499,1
14:44:38.381717,54,0.5060485400658725,4.366043717834972,0.59130578097578,-0.4872000130126253,81.2399981841445,1.0,0.969269322753515,1
14:44:38.381717,54,0.499638338276883,4.346123500694279,0.7412092792229816,-0.4872000130126253,79.23999822884798,1.0,0.8338060333215147,1
14:44:38.381717,54,0.4926962492228958,4.332207920031782,0.9321292878492256,-0.6263600167294499,44.11999901384115,1.0,4.352489208767382,1
14:44:38.381717,54,0.4856327105005644,4.2815560150063074,0.9901961160475888,-0.6263600167294499,20.239999547600743,1.0,3.9482868704429728,1
14:44:38.381717,54,0.466255090057698,4.416042761511863,0.5262713406128414,-0.4872000130126253,24.759999446570877,1.0,2.580192475936095,1
14:44:38.381717,54,0.4602052897325925,4.370710404264547,0.5900553461156464,-0.4872000130126253,105.87999763339758,1.0,0.9506801605896236,1
14:44:38.381717,54,0.3976010115726361,4.290087681834393,0.9879100628109116,-0.6263600167294499,32.87999926507473,1.0,2.4259127011721673,1
14:44:38.381717,54,0.4480625911780506,4.336751474094504,0.9309118462073522,-0.6263600167294499,62.99999859184027,1.0,2.996672516760642,1
14:44:38.381717,54,0.4416389427987374,4.286034430415935,0.988996128255208,-0.6263600167294499,25.999999418854717,1.0,3.03736976917196,1
14:44:38.381717,54,0.4197625650560299,4.420321933754156,0.5251247398662455,-0.4872000130126253,23.75999946892261,1.0,2.5306658416501087,1
14:44:38.381717,54,0.4143160192558996,4.374934052957232,0.5889236228593286,-0.4872000130126253,124.99999720603228,1.0,1.2522415753181089,1
14:44:38.381717,54,0.4091291785893063,4.367338809730162,0.7826475172206311,-0.4872000130126253,161.35999639332294,1.0,0.501532833983683,1
14:44:38.381717,54,0.4033841272494748,4.340863680146221,0.9298099839166842,-0.6263600167294499,91.75999794900416,1.0,1.920988265322911,1
14:44:38.381717,54,0.5115464596266303,4.364992549062796,0.3950501851226495,-0.4872000130126253,23.9999994635582,1.0,5.254826339789173,1
14:44:38.381717,54,0.4544439592485495,4.363168037083255,0.7837650723831839,-0.4872000130126253,113.87999745458364,1.0,1.1757663438536077,1
14:44:38.381717,54,0.5295779153382049,4.2766528834433,0.99150990619028,-0.6263600167294499,15.999999642372131,1.0,5.14193158370239,1
14:44:38.381717,54,0.5972497359668815,4.341025361846079,0.5502987085754871,-0.4872000130126253,44.87999899685383,1.0,1.699145076765563,1
14:44:38.381717,54,0.5448509210489209,4.34107896301483,0.7425609590203783,-0.4872000130126253,56.35999874025583,1.0,1.6613929449014433,1
14:44:38.381717,54,0.3734336051061132,4.438719371175387,0.5685597013724457,-0.4872000130126253,21.359999522566795,1.0,2.9166973791942574,1
14:44:38.381717,54,0.7323571116013314,4.2761069053653324,0.4247523786289457,-0.4872000130126253,20.999999530613422,1.0,6.735492389178538,1
14:44:38.381717,54,0.696353897109467,4.341654594771185,0.4013035711280812,-0.4872000130126253,13.519999697804453,1.0,4.086103033360778,1
14:44:38.381717,54,0.6869401896037926,4.2829616419270975,0.4229156575028927,-0.4872000130126253,26.359999410808086,1.0,6.898509793119376,1
14:44:38.381717,54,0.6794295832579753,4.283441478503203,0.6167116812790956,-0.4872000130126253,24.759999446570877,1.0,3.049543215151171,1
14:44:38.381717,54,0.6502449547967198,4.348158221866336,0.3995609295000624,-0.4872000130126253,16.119999639689922,1.0,3.9304611155496048,1
14:44:38.381717,54,0.6429022994616952,4.335035837669443,0.5519035967416634,-0.4872000130126253,33.99999924004078,1.0,2.1635921931181112,1
14:44:38.381717,54,0.6344412812034368,4.289787040243097,0.6150113931353691,-0.4872000130126253,31.63999929279089,1.0,2.5759809521246875,1
14:44:38.381717,54,0.6263777372906008,4.281784525480705,0.8062265198813894,-0.4872000130126253,18.639999583363533,1.0,3.430489810348097,1
14:44:38.381717,54,0.6040709885332686,4.354216153033717,0.3979377117359592,-0.4872000130126253,18.999999575316902,1.0,4.062643462166394,1
14:44:38.381717,54,0.589389535552313,4.295697738331445,0.613427626355892,-0.4872000130126253,41.63999906927347,1.0,2.389043365145346,1
14:44:38.381717,54,0.5818985847858731,4.2876201005040775,0.8046628822665054,-0.4872000130126253,23.9999994635582,1.0,2.410050327971212,1
14:44:38.381717,54,0.5734701628279921,4.271325526035962,0.9929373673053684,-0.6263600167294499,12.639999717473984,1.0,6.602310159857005,1
14:44:38.381717,54,0.5578366156770553,4.359827782485284,0.3964340801561892,-0.4872000130126253,21.87999951094389,1.0,4.498527832132066,1
14:44:38.381717,54,0.5518411859691138,4.360934460333242,0.5926748023972914,-0.4872000130126253,60.23999865353108,1.0,1.2899372703814425,1
14:44:38.381717,54,0.537361242910182,4.293025755299946,0.8032144414293911,-0.4872000130126253,31.999999284744263,1.0,1.663213291062754,1
14:44:38.381717,54,0.3687725125135913,4.4191933732840445,0.7203207287769025,-0.6263600167294499,125.23999720066786,1.0,2.120786759716716,1
14:44:38.381717,54,0.3227566579267355,4.422533230468384,0.7194258167415231,-0.6263600167294499,106.63999761641026,1.0,1.632350665008516,1
14:44:38.381717,54,0.3586653252461296,4.344544126969772,0.9288238111625278,-0.6263600167294499,128.35999713093042,1.0,1.1434555360377248,1
14:44:38.381717,54,0.1769031639454109,4.303963783010139,0.9841919727067784,-0.4174800111504737,31.119999304413795,1.0,4.496788589938762,1
14:44:38.381717,54,0.1384373125130863,4.44405640604858,0.7614362979547604,-0.6263600167294499,34.759999223053455,1.0,2.738566768227308,1
14:44:38.381717,54,0.136485577683714,4.428520785520858,0.9547453083714053,-0.4174800111504737,57.999998703598976,1.0,2.9778882454485065,1
14:44:38.381717,54,0.1345892159310653,4.366989907453046,0.9692683155097456,-0.4174800111504737,48.87999890744686,1.0,1.646204286972787,1
14:44:38.381717,54,0.1326928541784166,4.305459029385236,0.9837913226480854,-0.4174800111504737,24.51999945193529,1.0,6.073741482495075,1
14:44:38.381717,54,0.0922853882908866,4.480337802399588,0.8950570796830686,-0.6263600167294499,27.119999393820763,1.0,6.143650699591435,1
14:44:38.381717,54,0.1794313512853075,4.3654732919691615,0.9696746914038812,-0.4174800111504737,70.63999842107296,1.0,1.1217063117400963,1
14:44:38.381717,54,0.0909979682988032,4.429619455812502,0.9544509205540112,-0.4174800111504737,42.63999904692173,1.0,2.798312275553911,1
14:44:38.381717,54,0.0884692752371747,4.306527169325539,0.9835051154136776,-0.4174800111504737,19.239999569952488,1.0,8.087217451617812,1
14:44:38.381717,54,0.0455012591933008,4.430278701937009,0.9542742760873362,-0.4174800111504737,32.51999927312136,1.0,3.0212458843044994,1
14:44:38.381717,54,0.0448690543179147,4.368723398977481,0.968803827855687,-0.4174800111504737,25.999999418854717,1.0,3.9425287677096468,1
14:44:38.381717,54,0.0442368494425286,4.307168096017952,0.9833333796240382,-0.4174800111504737,15.119999662041664,1.0,10.559527233327561,1
14:44:38.381717,54,0.363773485354973,4.371071673975536,0.7816472992606283,-0.4872000130126253,204.99999541789293,1.0,0.1360242962768096,1
14:44:38.381717,54,0.0,4.36894010167033,0.9687457625441404,-0.4174800111504737,19.999999552965164,1.0,5.761162300292456,1
14:44:38.381717,54,0.0897336217679889,4.368073312569021,0.9689780179838444,-0.4174800111504737,34.99999921768904,1.0,2.5787894793622845,1
14:44:38.381717,54,0.1819595386252041,4.426982800928183,0.955157410100984,-0.6263600167294499,81.51999817788601,1.0,3.536138449521716,1
14:44:38.381717,54,0.0,4.430498457970319,0.9542153926356792,-0.4174800111504737,25.359999433159828,1.0,3.671220880005989,1
14:44:38.381717,54,0.2210957835442203,4.302041579723636,0.9847070255250848,-0.4174800111504737,38.1199991479516,1.0,3.3347097295522796,1
14:44:38.381717,54,0.1845615481202609,4.442496428376876,0.7618542927121046,-0.6263600167294499,45.759998977184296,1.0,2.3129578857643875,1
14:44:38.381717,54,0.3268361340709723,4.442101442415964,0.5676534781147884,-0.4872000130126253,18.35999958962202,1.0,3.012015044360945,1
14:44:38.381717,54,0.3183814150768739,4.374366256536081,0.7807645185241328,-0.4872000130126253,206.99999537318945,1.0,0.09850027063826673,1
14:44:38.381717,54,0.3139106570107498,4.347792446523559,0.927953426561333,-0.6263600167294499,152.35999659448862,1.0,0.6828389972925082,1
14:44:38.381717,54,0.309410277548464,4.296917113967394,0.9860801219861112,-0.6263600167294499,43.99999901652336,1.0,2.171951356698054,1
14:44:38.381717,54,0.2802059796962479,4.44503325505891,0.566867901284752,-0.4872000130126253,15.359999656677246,1.0,3.455523504383742,1
14:44:38.381717,54,0.2767500407947182,4.438040352162622,0.7630482947351254,-0.6263600167294499,82.11999816447496,1.0,2.587552663484425,1
14:44:38.381717,54,0.353523320578488,4.293715363939937,0.9869380283203346,-0.6263600167294499,39.759999111294746,1.0,2.131378430377911,1
14:44:38.381717,54,0.2690573106577064,4.361141079844278,0.9708355041441838,-0.6263600167294499,138.63999690115452,1.0,1.208139908674125,1
14:44:38.381717,54,0.2652662937499095,4.299692611744445,0.985336429598156,-0.6263600167294499,43.35999903082848,1.0,2.5665284358550693,1
14:44:38.381717,54,0.2335478049583107,4.447514515925415,0.5662030494393608,-0.4872000130126253,12.759999714791777,1.0,4.2690924012472955,1
14:44:38.381717,54,0.2306673277272493,4.440491010234844,0.7623916428837487,-0.6263600167294499,61.11999863386154,1.0,2.270271249773789,1
14:44:38.381717,54,0.2274721770207678,4.414325087551528,0.9114355962221856,-0.6263600167294499,117.2399973794818,1.0,2.3120890610765583,1
14:44:38.381717,54,0.2729575069240073,4.377222227956298,0.7799992632884789,-0.4174800111504737,165.2399963065982,1.0,0.40897745559744286,1
14:44:38.381717,54,0.2242555436547489,4.363523617777642,0.970197105029002,-0.6263600167294499,102.51999770849945,1.0,0.9829135147536139,1
14:44:38.436425,55,0.4857541601689087,4.271167120089254,0.9471755838045688,-0.6958000185841229,27.87999937683344,1.0,7.551549418928456,1
14:44:38.436425,55,0.4602052897325925,4.370710404264547,0.5900553461156464,-0.6958000185841229,63.999998569488525,1.0,2.1651590172284068,1
14:44:38.436425,55,0.4538987174055236,4.310814957818932,0.6093769796024158,-0.6263600167294499,107.11999760568142,1.0,1.5340669738989936,1
14:44:38.436425,55,0.4481298112069282,4.3025451850110885,0.8006637179258855,-0.6958000185841229,70.51999842375517,1.0,1.2064525576195195,1
14:44:38.436425,55,0.4417493902664864,4.275646655485354,0.9459752959127176,-0.6958000185841229,34.99999921768904,1.0,4.813956531526536,1
14:44:38.436425,55,0.4034446444477778,4.306658007991365,0.7995616903297083,-0.6958000185841229,92.63999792933464,1.0,0.3094513685844731,1
14:44:38.436425,55,0.4090678087038141,4.354901220449448,0.7388572963031974,-0.6958000185841229,130.51999708265066,1.0,1.3024554198024856,1
14:44:38.436425,55,0.3977004457951355,4.279700920562962,0.9448889588592706,-0.6958000185841229,43.63999902456999,1.0,2.8567533927165103,1
14:44:38.436425,55,0.3683853175243955,4.378714241551696,0.5879107243782045,-0.6958000185841229,62.639998599886894,1.0,2.4399524192093054,1
14:44:38.436425,55,0.6869401896037926,4.2829616419270975,0.4229156575028927,-0.6263600167294499,23.75999946892261,1.0,3.684007204687756,1
14:44:38.436425,55,0.4926962492228958,4.285737469299055,0.7586992046640595,-0.6958000185841229,52.51999882608652,1.0,1.2618198148436324,1
14:44:38.436425,55,0.4143160192558996,4.374934052957232,0.5889236228593286,-0.6958000185841229,66.75999850779772,1.0,1.8621719517694508,1
14:44:38.436425,55,0.4991137399013906,4.306212222839183,0.6106102787232142,-0.6958000185841229,81.35999818146229,1.0,0.9367440241976617,1
14:44:38.436425,55,0.581200422888535,4.236012333982066,0.6326929792325993,-0.6263600167294499,30.119999326765537,1.0,2.9890370325949083,1
14:44:38.436425,55,0.5127009899409892,4.411314727414827,0.527538213530929,-0.6958000185841229,9.759999781847,0.9759999781847,7.92070857500821,1
14:44:38.436425,55,0.5297898241946397,4.232537031971205,0.8200771472836101,-0.6958000185841229,22.239999502897263,1.0,3.437954243154013,1
14:44:38.436425,55,0.5372806380556002,4.280763021576928,0.7600321039139941,-0.6958000185841229,39.35999912023544,1.0,2.779434667422983,1
14:44:38.436425,55,0.5439792758428671,4.287008943751847,0.5686988804857744,-0.6958000185841229,60.51999864727259,1.0,1.7090982059058337,1
14:44:38.436425,55,0.5515374479988475,4.346573624007172,0.5488120562100263,-0.6958000185841229,46.11999896913767,1.0,2.8907804926760106,1
14:44:38.436425,55,0.5736996350225168,4.227207542839368,0.8215051795925563,-0.6958000185841229,17.999999597668648,1.0,4.947802370090982,1
14:44:38.436425,55,0.5890651306587014,4.2815367139993095,0.5701651600287643,-0.6958000185841229,45.51999898254872,1.0,1.7090875737798292,1
14:44:38.436425,55,0.5959048138018277,4.295353385910152,0.41959529970982,-0.6263600167294499,36.999999172985554,1.0,4.379789613228546,1
14:44:38.436425,55,0.6256262093079745,4.230183760481358,0.6342547407951393,-0.6263600167294499,23.639999471604824,1.0,3.141263772694333,1
14:44:38.436425,55,0.6326641935289058,4.230596476727979,0.4428322182883586,-0.6263600167294499,34.879999220371246,1.0,8.0677036485805,1
14:44:38.436425,55,0.6414545741628128,4.2893773492971565,0.4211965738942109,-0.6263600167294499,29.639999337494373,1.0,3.64579645434965,1
14:44:38.436425,55,0.6775264820981183,4.224268689083009,0.4445277438777042,-0.6263600167294499,27.359999388456345,1.0,6.590552931666043,1
14:44:38.436425,55,0.3587191335621888,4.310339006969341,0.7985753696262201,-0.6958000185841229,111.75999750196934,1.0,0.2615358881234467,1
14:44:38.436425,55,0.5057700067480921,4.351680069331154,0.5474437883092713,-0.6958000185841229,55.99999874830246,1.0,2.0145244189154425,1
14:44:38.436425,55,0.353523320578488,4.293715363939937,0.9869380283203346,-0.6958000185841229,52.23999883234501,1.0,3.055574450801872,1
14:44:38.436425,55,0.3637189188798604,4.3586335247605446,0.7378572283771319,-0.6958000185841229,136.99999693781135,1.0,0.44544367609079444,1
14:44:38.436425,55,0.3183814150768739,4.374366256536081,0.7807645185241328,-0.6958000185841229,120.99999729543924,1.0,0.7435301097685233,1
14:44:38.436425,55,0.3224177775697724,4.382050592032249,0.5870167519612732,-0.6958000185841229,53.75999879837036,1.0,3.939885066840533,1
14:44:38.436425,55,0.0,4.344594409164183,1.1563387273025298,-0.6958000185841229,17.999999597668648,1.0,5.313226785376537,1
14:44:38.436425,55,0.0,4.406684585152351,1.144281657766719,-0.4174800111504737,19.879999555647373,1.0,3.717652334885269,1
14:44:38.436425,55,0.0441483786938503,4.344381187096249,1.1563958599834412,-0.6958000185841229,22.359999500215054,1.0,3.7201590335878336,1
14:44:38.436425,55,0.0448084765514389,4.397690802034719,1.1003163198200232,-0.6263600167294499,25.11999943852425,1.0,2.847542769412831,1
14:44:38.436425,55,0.088349832757785,4.335087287054162,1.1131643647984977,-0.6958000185841229,28.11999937146902,1.0,3.0405915229842133,1
14:44:38.436425,55,0.0897336217679889,4.368073312569021,0.9689780179838444,-0.4174800111504737,32.51999927312136,1.0,2.8596379075179286,1
14:44:38.436425,55,0.0909979682988032,4.429619455812502,0.9544509205540112,-0.4174800111504737,30.119999326765537,1.0,2.7389633595368186,1
14:44:38.436425,55,0.1326928541784166,4.305459029385236,0.9837913226480854,-0.6958000185841229,35.51999920606613,1.0,6.030500362999623,1
14:44:38.436425,55,0.1345892159310653,4.366989907453046,0.9692683155097456,-0.4174800111504737,42.9999990388751,1.0,1.350078168437483,1
14:44:38.436425,55,0.136485577683714,4.428520785520858,0.9547453083714053,-0.6958000185841229,39.23999912291765,1.0,3.3292044368680007,1
14:44:38.436425,55,0.1384373125130863,4.44405640604858,0.7614362979547604,-0.6958000185841229,21.7599995136261,1.0,4.357349189794163,1
14:44:38.436425,55,0.1769031639454109,4.303963783010139,0.9841919727067784,-0.6958000185841229,44.23999901115894,1.0,3.519867337351357,1
14:44:38.436425,55,0.0455012591933008,4.430278701937009,0.9542742760873362,-0.4174800111504737,23.75999946892261,1.0,3.197732930154025,1
14:44:38.436425,55,0.1820050440558316,4.416302727103255,0.9109056893013804,-0.6958000185841229,52.11999883502722,1.0,2.527681776025038,1
14:44:38.436425,55,0.1794313512853075,4.3654732919691615,0.9696746914038812,-0.4174800111504737,57.999998703598976,1.0,0.8629570762897845,1
14:44:38.436425,55,0.3139106570107498,4.347792446523559,0.927953426561333,-0.6958000185841229,115.5199974179268,1.0,2.184972023557701,1
14:44:38.436425,55,0.309410277548464,4.296917113967394,0.9860801219861112,-0.6958000185841229,58.23999869823456,1.0,1.8154145256383623,1
14:44:38.436425,55,0.276708527944493,4.425428449055504,0.7186500452591926,-0.6958000185841229,43.63999902456999,1.0,3.003408951929997,1
14:44:38.436425,55,0.2691245979726636,4.350608313978348,0.9271989171508292,-0.6958000185841229,100.6399977505207,1.0,0.8618166658973054,1
14:44:38.436425,55,0.2652662937499095,4.299692611744445,0.985336429598156,-0.6958000185841229,58.51999869197607,1.0,1.4528758325718996,1
14:44:38.436425,55,0.2729575069240073,4.377222227956298,0.7799992632884789,-0.6958000185841229,94.63999788463116,1.0,0.6094485985104259,1
14:44:38.436425,55,0.2275063032491324,4.379639302641441,0.7793516100785494,-0.4174800111504737,70.35999842733145,1.0,1.423921448033271,1
14:44:38.436425,55,0.2242555436547489,4.363523617777642,0.970197105029002,-0.6958000185841229,78.11999825388193,1.0,1.355459967134486,1
14:44:38.436425,55,0.2210957835442203,4.302041579723636,0.9847070255250848,-0.6958000185841229,52.87999881803989,1.0,2.0076076321762484,1
14:44:38.436425,55,0.2179485126040891,4.2408025536777485,0.9991595945567564,-0.6958000185841229,15.359999656677246,1.0,9.391749802574166,1
14:44:38.436425,55,0.1845338636585624,4.429883856852785,0.7174562223379599,-0.6958000185841229,27.239999391138557,1.0,3.9438921684332424,1
14:44:38.436425,55,0.2306327273412826,4.427878739525968,0.7179934919064102,-0.6958000185841229,34.51999922841787,1.0,2.978246451184835,1
14:44:38.487684,56,0.4032832719764025,4.351398882393852,0.97344591808353,-0.6958000185841229,36.87999917566776,1.0,0.1966702812136833,1
14:44:38.487684,56,0.4787197893546489,4.220608598422587,1.0045705485593666,-0.7655200204462744,20.239999547600743,1.0,1.0178322699358522,1
14:44:38.487684,56,0.4347644978144209,4.253204105589045,1.131193900669139,-0.6263600167294499,23.35999947786331,1.0,1.6914279178426868,1
14:44:38.487684,56,0.4416389427987374,4.286034430415935,0.988996128255208,-0.5566400148672983,42.51999904960394,1.0,0.4518005549745673,1
14:44:38.487684,56,0.4479505652654426,4.347287704487857,0.974547504883382,-0.6958000185841229,35.999999195337296,1.0,0.513133729161107,1
14:44:38.487684,56,0.4538987174055236,4.310814957818932,0.6093769796024158,-0.5566400148672983,20.75999953597784,1.0,9.53858477074344,1
14:44:38.487684,56,0.4856327105005644,4.2815560150063074,0.9901961160475888,-0.5566400148672983,36.23999918997288,1.0,1.088235146686947,1
14:44:38.487684,56,0.5220394396750275,4.215775262326669,1.0058656370630166,-0.7655200204462744,17.23999961465597,1.0,1.9552150591340292,1
14:44:38.487684,56,0.5295779153382049,4.2766528834433,0.99150990619028,-0.5566400148672983,30.119999326765537,1.0,2.072583778224383,1
14:44:38.487684,56,0.5372806380556002,4.327233472309655,0.9334621870991606,-0.6958000185841229,29.879999332129955,1.0,1.9090786024194357,1
14:44:38.487684,56,0.5734701628279921,4.271325526035962,0.9929373673053684,-0.6958000185841229,24.759999446570877,1.0,3.4042151402237915,1
14:44:38.487684,56,0.5818985847858731,4.2876201005040775,0.8046628822665054,-0.5566400148672983,25.999999418854717,1.0,3.351186450389997,1
14:44:38.487684,56,0.3976010115726361,4.290087681834393,0.9879100628109116,-0.5566400148672983,47.35999894142151,1.0,0.1637759155801507,1
14:44:38.487684,56,0.4925730638732494,4.34274528641774,0.9757646421369546,-0.6958000185841229,33.519999250769615,1.0,1.1878506713694166,1
14:44:38.487684,56,0.3914120503763172,4.257194265076102,1.130124740656911,-0.6263600167294499,25.87999942153692,1.0,0.877384581582023,1
14:44:38.487684,56,0.3480204620611012,4.260765479559254,1.129167836620152,-0.6263600167294499,27.119999393820763,1.0,0.40122636762384767,1
14:44:38.487684,56,0.3530460283002507,4.322292778903069,1.1165926429251365,-0.7655200204462744,49.11999890208244,1.0,0.48057858335957915,1
14:44:38.487684,56,0.358575650698036,4.355078409021381,0.9724599918951552,-0.5566400148672983,35.879999198019505,1.0,0.2388330071325292,1
14:44:38.487684,56,0.0882923425868189,4.3437415422144765,1.1565672523129549,-0.7655200204462744,18.999999575316902,1.0,4.23281919810179,1
14:44:38.487684,56,0.1305423886743827,4.280858093095163,1.168854981285049,-0.7655200204462744,15.519999653100967,1.0,2.7757763972728604,1
14:44:38.487684,56,0.1324274773195001,4.342675538482819,1.1568528871519812,-0.7655200204462744,23.35999947786331,1.0,2.849098073729585,1
14:44:38.487684,56,0.1765493694153972,4.341183282500753,1.1572527359372762,-0.7655200204462744,28.759999357163903,1.0,1.8121259767247277,1
14:44:38.487684,56,0.2175126301141199,4.277496027784548,1.169755843969929,-0.7655200204462744,21.7599995136261,1.0,1.0569347928737631,1
14:44:38.487684,56,0.2206536067222661,4.339264923492629,1.157766758684296,-0.7655200204462744,34.99999921768904,1.0,1.122280058175367,1
14:44:38.487684,56,0.2238070475233017,4.401278933866217,1.1457300976634028,-0.6958000185841229,25.23999943584204,1.0,1.2166568829031856,1
14:44:38.487684,56,0.174036211131904,4.279387079191133,1.1692491382726888,-0.7655200204462744,18.519999586045746,1.0,1.7476146977475266,1
14:44:38.487684,56,0.2649081573942194,4.328261956817824,1.1149932065233998,-0.7655200204462744,41.51999907195568,1.0,0.503687098638454,1
14:44:38.487684,56,0.268519213980135,4.3989011608498245,1.1463672200229296,-0.6958000185841229,29.23999934643507,1.0,0.8851499953363147,1
14:44:38.487684,56,0.2999828182935919,4.210513689623058,1.183123764409323,-0.6263600167294499,5.239999882876873,0.5239999882876873,0.6222958173866187,1
14:44:38.487684,56,0.3045940719912509,4.263917391920046,1.128323284248464,-0.7655200204462744,26.75999940186739,1.0,0.2632243486196511,1
14:44:38.487684,56,0.3089925423449152,4.325490206243801,1.11573589485133,-0.7655200204462744,46.879998952150345,1.0,0.3181541993766989,1
14:44:38.487684,56,0.3138321721550144,4.358325916420862,0.97158982491005,-0.5566400148672983,32.99999926239252,1.0,0.6398549080253496,1
14:44:38.487684,56,0.2609672980155567,4.275185127978965,1.170375047706624,-0.7655200204462744,24.63999944925308,1.0,0.7039737528973131,1
14:44:38.544588,57,0.4538987174055236,4.310814957818932,0.6093769796024158,-0.6958000185841229,29.999999329447743,1.0,2.3048634947434135,1
14:44:38.544588,57,0.4480625911780506,4.290281023361777,0.7574817630221862,-0.7655200204462744,53.63999880105257,1.0,0.9078392003269913,1
14:44:38.544588,57,0.4417493902664864,4.22983097329993,0.7749888422132856,-0.7655200204462744,38.35999914258719,1.0,1.3356110396815801,1
14:44:38.544588,57,0.4353522674564066,4.225023264146668,1.0033876424437458,-0.6263600167294499,20.239999547600743,1.0,4.360752506157761,1
14:44:38.544588,57,0.3919412106961573,4.229018818036038,1.002317037005774,-0.6263600167294499,23.35999947786331,1.0,3.5288491909152353,1
14:44:38.544588,57,0.3586653252461296,4.2980736762370455,0.7553937279773617,-0.7655200204462744,82.51999815553427,1.0,0.2554377766378991,1
14:44:38.544588,57,0.4033841272494748,4.294393229413494,0.7563799007315182,-0.7655200204462744,69.2399984523654,1.0,0.47411537256789127,1
14:44:38.544588,57,0.3637189188798604,4.3586335247605446,0.7378572283771319,-0.6958000185841229,33.87999924272299,1.0,3.7823153311160214,1
14:44:38.544588,57,0.4602052897325925,4.370710404264547,0.5900553461156464,-0.6958000185841229,5.999999865889549,0.5999999865889549,5.493887761195679,1
14:44:38.544588,57,0.4090678087038141,4.354901220449448,0.7388572963031974,-0.7655200204462744,32.99999926239252,1.0,4.414493943474286,1
14:44:38.544588,57,0.4788395102020916,4.210367588130689,0.9621624082343972,-0.6263600167294499,17.11999961733818,1.0,3.699744109725216,1
14:44:38.544588,57,0.5736135793639356,4.215118390437186,0.7789310669099339,-0.7655200204462744,16.759999625384808,1.0,2.891369434162419,1
14:44:38.544588,57,0.4921789397369085,4.246380727843395,0.6299147764706483,-0.7655200204462744,40.23999910056591,1.0,3.6373327532865525,1
14:44:38.544588,57,0.4991137399013906,4.306212222839183,0.6106102787232142,-0.6958000185841229,26.119999416172504,1.0,2.56945042404089,1
14:44:38.544588,57,0.5221699941361261,4.205533043287804,0.9634578206208202,-0.6263600167294499,14.119999684393406,1.0,4.726934155746211,1
14:44:38.544588,57,0.5297103550622795,4.220447080139027,0.7775032488076095,-0.7655200204462744,21.7599995136261,1.0,2.1499328630390178,1
14:44:38.544588,57,0.5367165169137367,4.24141150307354,0.6312462762347397,-0.7655200204462744,30.35999932140112,1.0,3.8062332927265907,1
14:44:38.544588,57,0.5442788514414252,4.301172981703391,0.6119605393160152,-0.7655200204462744,22.11999950557947,1.0,3.046992652204943,1
14:44:38.544588,57,0.581200422888535,4.236012333982066,0.6326929792325993,-0.7655200204462744,23.23999948054552,1.0,4.20886841826668,1
14:44:38.544588,57,0.589389535552313,4.295697738331445,0.613427626355892,-1.1132800297345966,18.519999586045746,1.0,3.7304974622321936,1
14:44:38.544588,57,0.6256262093079745,4.230183760481358,0.6342547407951393,-0.7655200204462744,18.23999959230423,1.0,4.839116292263327,1
14:44:38.544588,57,0.3536117316123988,4.237513827713544,0.7729302275775918,-0.7655200204462744,60.75999864190817,1.0,1.460033696392108,1
14:44:38.544588,57,0.4857541601689087,4.22535143790383,0.7761891301051369,-0.7655200204462744,28.759999357163903,1.0,1.6291366542335404,1
14:44:38.544588,57,0.348490960143207,4.232594860538657,1.0013588393050985,-0.6263600167294499,25.63999942690134,1.0,2.904996961126859,1
14:44:38.544588,57,0.3977004457951355,4.233885238377538,0.7739025051598387,-0.7655200204462744,49.99999888241291,1.0,1.2766152099314376,1
14:44:38.544588,57,0.3139106570107498,4.301321995790832,0.7545233433761664,-0.6958000185841229,85.35999809205532,1.0,0.26059794230170086,1
14:44:38.544588,57,0.0442545506719533,4.263064455107539,0.8118973489072265,-0.6958000185841229,16.639999628067017,1.0,7.094965847855598,1
14:44:38.544588,57,0.0448870085220354,4.323989456923174,0.7949177425847689,-0.6958000185841229,21.51999951899052,1.0,4.111414951378933,1
14:44:38.544588,57,0.0885046759259159,4.262423271950423,0.812069153416376,-0.6958000185841229,21.239999525249004,1.0,5.283609926949782,1
14:44:38.544588,57,0.0897695283808251,4.323339110384782,0.7950920024145314,-0.6958000185841229,27.359999388456345,1.0,2.8944814928886475,1
14:44:38.544588,57,0.1308039879267666,4.244171356369075,0.9982569265961554,-0.6263600167294499,16.8799996227026,1.0,3.2194354641378267,1
14:44:38.544588,57,0.1327459507864353,4.261354704597445,0.8123554751756648,-0.6958000185841229,27.759999379515648,1.0,3.7743329625819078,1
14:44:38.544588,57,0.1346430713619856,4.322255271747824,0.7953824161020302,-0.6958000185841229,35.51999920606613,1.0,1.9543284072492986,1
14:44:38.544588,57,0.136540191937536,4.383155838898202,0.7784093570283954,-0.6958000185841229,18.11999959498644,1.0,4.8475230745309705,1
14:44:38.544588,57,0.1743849694408499,4.242697394639888,0.9986518734511658,-0.6263600167294499,19.999999552965164,1.0,2.665934982468153,1
14:44:38.544588,57,0.1769739511630906,4.259858859904442,0.8127562855531572,-0.6958000185841229,36.51999918371439,1.0,2.55496459610377,1
14:44:38.544588,57,0.1820323491345375,4.381617238886064,0.7788216236591223,-0.6958000185841229,21.639999516308308,1.0,4.730786561677661,1
14:44:38.544588,57,0.179503150148814,4.320738049395254,0.7957889546061399,-0.6958000185841229,46.63999895751476,1.0,1.2783737314478651,1
14:44:38.544588,57,0.2211842542928986,4.257935887454633,0.8132715444681509,-0.6958000185841229,47.63999893516302,1.0,1.6139270270140385,1
14:44:38.544588,57,0.2243452787710155,4.318787595048036,0.7963115772733504,-0.6958000185841229,60.87999863922596,1.0,0.8546485241210138,1
14:44:38.544588,57,0.2275063032491324,4.379639302641441,0.7793516100785494,-0.6958000185841229,25.51999942958355,1.0,4.839330560738373,1
14:44:38.544588,57,0.2614902610986653,4.238487022965164,0.9997800391412426,-0.6263600167294499,25.359999433159828,1.0,2.315414128136846,1
14:44:38.544588,57,0.2653724391825857,4.255585979543651,0.813901200395186,-0.6958000185841229,58.75999868661165,1.0,0.9402408504676413,1
14:44:38.544588,57,0.2691245979726636,4.304137863245621,0.7537688339656627,-0.6958000185841229,75.99999830126762,1.0,0.49902573636768655,1
14:44:38.544588,57,0.3183336574687426,4.361927613129608,0.7369745800588445,-0.6958000185841229,32.51999927312136,1.0,3.3460277556441484,1
14:44:38.544588,57,0.2729165629585783,4.364783156150562,0.7362094396124277,-0.6958000185841229,29.35999934375286,1.0,3.1153728486126036,1
14:44:38.544588,57,0.2999828182935919,4.210513689623058,1.183123764409323,-0.6263600167294499,11.879999734461308,1.0,9.932781096806684,1
14:44:38.544588,57,0.3050058607862084,4.235751034053267,1.000513145160686,-0.6263600167294499,26.359999410808086,1.0,2.497537377468943,1
14:44:38.544588,57,0.3095340870506836,4.252809371160317,0.8146451903691978,-0.6958000185841229,64.63999855518341,1.0,0.5235305844619651,1
14:44:38.544588,57,0.2179485126040891,4.2408025536777485,0.9991595945567564,-0.6263600167294499,22.99999948590994,1.0,2.368168573425259,1
14:44:38.592640,58,0.0784061301182718,0.167493578219565,2.1726481569424125,-3.4790000929206144,5.639999873936176,0.5639999873936177,9.05940476021243,1
14:44:38.592640,58,0.5439792758428671,4.287008943751847,0.5686988804857744,-1.1132800297345966,5.879999868571758,0.5879999868571758,6.156248333252417,1
14:44:38.592640,58,0.3530460283002507,4.184919027661525,0.6039068236653684,-0.6263600167294499,24.879999443888664,1.0,1.413143610708035,1
14:44:38.592640,58,0.3805766898886245,4.106396416917121,1.0312453264605377,-0.6263600167294499,5.239999882876873,0.5239999882876873,3.337486392153826,1
14:44:38.592640,58,0.3482121209033813,4.138930897482323,0.6652383301442988,-0.7655200204462744,24.99999944120645,1.0,1.0131787627096998,1
14:44:38.592640,58,0.3435245190233313,4.161142230765546,0.9740427658929138,-0.6263600167294499,15.359999656677246,1.0,2.286810042740857,1
14:44:38.592640,58,0.4463384270310934,4.192493273635782,0.458927297844792,-0.7655200204462744,16.239999637007713,1.0,1.8344270797160611,1
14:44:38.652655,59,0.3429749530987805,4.1989940242656605,1.1417929318774496,-0.5566400148672983,55.63999875634909,1.0,1.3572762924522472,1
14:44:38.652655,59,0.348490960143207,4.232594860538657,1.0013588393050985,-0.6958000185841229,69.35999844968319,1.0,0.7848061426856943,1
14:44:38.652655,59,0.6085178030875454,4.204854554155917,1.0087918319981457,-0.5566400148672983,19.759999558329586,1.0,4.934654323522569,1
14:44:38.652655,59,0.3536647817694046,4.249606339963145,0.815503439991812,-0.6958000185841229,39.23999912291765,1.0,1.8863265386111352,1
14:44:38.652655,59,0.3857374615994444,4.195474584309139,1.1427359629716094,-0.5566400148672983,47.75999893248081,1.0,1.8358186106381407,1
14:44:38.652655,59,0.3919412106961573,4.229018818036038,1.002317037005774,-0.6958000185841229,60.23999865353108,1.0,1.0833139143537092,1
14:44:38.652655,59,0.3977601103062491,4.2459772062525705,0.816475863438785,-0.6958000185841229,36.999999172985554,1.0,1.8268915264816687,1
14:44:38.652655,59,0.4284613966771194,4.191542273102997,1.143789622583683,-0.5566400148672983,38.75999913364649,1.0,2.4808191822393773,1
14:44:38.652655,59,0.4353522674564066,4.225023264146668,1.0033876424437458,-0.6958000185841229,49.23999889940024,1.0,1.5406635489115785,1
14:44:38.652655,59,0.4717794359819638,4.159419327011154,1.0190020224700014,-0.5566400148672983,30.759999312460423,1.0,3.9219740871552973,1
14:44:38.652655,59,0.4787197893546489,4.220608598422587,1.0045705485593666,-0.5566400148672983,38.99999912828207,1.0,2.154355631920662,1
14:44:38.652655,59,0.4858270348282015,4.2374421255061385,0.8187628314321258,-0.6958000185841229,29.23999934643507,1.0,2.2705681065820444,1
14:44:38.652655,59,0.5144710494258852,4.154656063348465,1.0202783351217557,-0.5566400148672983,24.35999945551157,1.0,4.728477054974413,1
14:44:38.652655,59,0.5220394396750275,4.215775262326669,1.0058656370630166,-0.5566400148672983,30.879999309778214,1.0,2.923634792667863,1
14:44:38.652655,59,0.5297898241946397,4.232537031971205,0.8200771472836101,-0.6958000185841229,25.11999943852425,1.0,2.7703934926288705,1
14:44:38.652655,59,0.5571112161958882,4.149480675409054,1.0216650761406385,-0.5566400148672983,19.519999563694,1.0,5.7743036246161665,1
14:44:38.652655,59,0.5653068864888037,4.210523739188475,1.007272778446929,-0.5566400148672983,24.51999945193529,1.0,3.849490057293675,1
14:44:38.652655,59,0.3095340870506836,4.252809371160317,0.8146451903691978,-0.6958000185841229,39.51999911665917,1.0,2.1384561802672826,1
14:44:38.652655,59,0.4418156631653068,4.241922332938923,0.8175623634685871,-0.6958000185841229,33.359999254345894,1.0,1.9558187057101524,1
14:44:38.652655,59,0.3050058607862084,4.235751034053267,1.000513145160686,-0.6958000185841229,72.51999837905169,1.0,0.6493824606925889,1
14:44:38.652655,59,0.2573513241182729,4.204792923987625,1.14023912137996,-0.5566400148672983,55.75999875366688,1.0,0.9177629335517012,1
14:44:38.652655,59,0.295762222789052,4.140283090142982,1.1535979629585822,-0.5566400148672983,22.63999949395657,1.0,5.528801703009216,1
14:44:38.652655,59,0.3001781473901515,4.2021002410315145,1.140960623603523,-0.5566400148672983,58.87999868392944,1.0,1.0493201639040968,1
14:44:38.652655,59,0.042888991514254,4.220452333258843,1.1804607128732545,-0.4174800111504737,19.119999572634697,1.0,3.6216548357393323,1
14:44:38.652655,59,0.0436071434006421,4.245856094651149,0.9978055023340162,-0.6958000185841229,23.519999474287037,1.0,3.71804983952139,1
14:44:38.652655,59,0.085773694165289,4.219830935039517,1.1806272160243008,-0.4174800111504737,24.119999460875988,1.0,3.0190781747601743,1
14:44:38.652655,59,0.1267572503631548,4.156732587673918,1.1929544242665264,-0.5566400148672983,17.11999961733818,1.0,5.562945838871457,1
14:44:38.652655,59,0.1286498195187687,4.21879534038454,1.1809047027757875,-0.4174800111504737,30.63999931514263,1.0,2.6233221372677153,1
14:44:38.652655,59,0.1308039879267666,4.244171356369075,0.9982569265961554,-0.6958000185841229,37.239999167621136,1.0,1.8842289455656427,1
14:44:38.652655,59,0.168989948864255,4.155304226513882,1.193337152485858,-0.5566400148672983,19.35999956727028,1.0,4.7290222162613365,1
14:44:38.652655,59,0.1715130799980795,4.217345652852508,1.1812931453792732,-0.4174800111504737,38.75999913364649,1.0,2.4202020275544687,1
14:44:38.652655,59,0.0872099261234782,4.245224291470371,0.997974793486081,-0.6958000185841229,29.35999934375286,1.0,2.6886608423780856,1
14:44:38.652655,59,0.1769739511630906,4.259858859904442,0.8127562855531572,-0.6958000185841229,30.23999932408333,1.0,4.1211724331283675,1
14:44:38.652655,59,0.2112057485120487,4.153468007037372,1.1938291660117153,-0.5566400148672983,21.359999522566795,1.0,4.156816453580951,1
14:44:38.652655,59,0.2143591893130844,4.21548201741096,1.181792504990822,-0.5566400148672983,47.8799989297986,1.0,2.39719517912604,1
14:44:38.652655,59,0.2179485126040891,4.2408025536777485,0.9991595945567564,-0.6958000185841229,57.999998703598976,1.0,0.8934568030770428,1
14:44:38.652655,59,0.2211842542928986,4.257935887454633,0.8132715444681509,-0.6958000185841229,34.35999923199415,1.0,3.247077533063617,1
14:44:38.652655,59,0.2535654254671552,4.142936161005368,1.1528870747635436,-0.5566400148672983,22.51999949663877,1.0,5.7773162407009515,1
14:44:38.652655,59,0.2614902610986653,4.238487022965164,0.9997800391412426,-0.6958000185841229,67.87999848276377,1.0,0.6830257983933978,1
14:44:38.652655,59,0.1743849694408499,4.242697394639888,0.9986518734511658,-0.6958000185841229,46.999998949468136,1.0,1.2901299777426551,1
14:44:38.652655,59,0.2653724391825857,4.255585979543651,0.813901200395186,-0.6958000185841229,37.63999915868044,1.0,2.589403189538033,1
14:44:38.709099,60,0.4857541601689087,4.22535143790383,0.7761891301051369,-0.6958000185841229,54.51999878138304,1.0,1.5660982928123657,1
14:44:38.709099,60,0.4788395102020916,4.165204086474594,0.7936099254061317,-0.6958000185841229,69.35999844968319,1.0,0.7842254451123896,1
14:44:38.709099,60,0.4719682169674862,4.116563840843617,0.8524590846167148,-0.6958000185841229,43.87999901920557,1.0,3.0259254993955835,1
14:44:38.709099,60,0.4480625911780506,4.290281023361777,0.7574817630221862,-0.6958000185841229,15.359999656677246,1.0,5.0034985017348,1
14:44:38.709099,60,0.4033841272494748,4.294393229413494,0.7563799007315182,-0.5566400148672983,15.239999659359457,1.0,5.838729307273591,1
14:44:38.709099,60,0.435003927587665,4.131365359377131,0.6672655099698921,-0.6263600167294499,84.23999811708927,1.0,3.6035951759420937,1
14:44:38.709099,60,0.4291479418066449,4.109169806180432,0.8099338026540182,-0.6263600167294499,52.63999882340431,1.0,1.7951534255053103,1
14:44:38.709099,60,0.3972828777427794,4.195074073204521,0.6469350501288427,-0.7655200204462744,68.75999846309423,1.0,2.131165527220164,1
14:44:38.709099,60,0.4926962492228958,4.285737469299055,0.7586992046640595,-0.6958000185841229,14.879999667406082,1.0,4.421885245206519,1
14:44:38.709099,60,0.4412855727513858,4.191024064927704,0.6480202465759552,-0.7655200204462744,63.11999858915806,1.0,2.9185477476671418,1
14:44:38.709099,60,0.5146769133197432,4.111798671176681,0.8537359079807676,-0.6958000185841229,35.999999195337296,1.0,3.1556315097683347,1
14:44:38.709099,60,0.6174594427882294,4.209365901662814,0.7804724416314959,-0.6958000185841229,30.23999932408333,1.0,2.3320670891033766,1
14:44:38.709099,60,0.5297103550622795,4.220447080139027,0.7775032488076095,-0.6958000185841229,45.2399989888072,1.0,1.5456102305029402,1
14:44:38.709099,60,0.5367165169137367,4.24141150307354,0.6312462762347397,-0.7655200204462744,13.879999689757824,1.0,6.146145910725162,1
14:44:38.709099,60,0.5573341424118649,4.106621212322853,0.8551232038994963,-0.6958000185841229,29.23999934643507,1.0,3.567392709827132,1
14:44:38.709099,60,0.5654482615082213,4.155116705164058,0.7963128310820344,-0.6958000185841229,44.99999899417162,1.0,1.606032904328415,1
14:44:38.709099,60,0.5736135793639356,4.215118390437186,0.7789310669099339,-0.6958000185841229,36.999999172985554,1.0,1.7987033313272676,1
14:44:38.709099,60,0.581200422888535,4.236012333982066,0.6326929792325993,-0.7655200204462744,12.519999720156193,1.0,7.50752827849662,1
14:44:38.709099,60,0.5999356385566803,4.101031982023678,0.8566208336444718,-0.6958000185841229,23.9999994635582,1.0,4.267506996315118,1
14:44:38.709099,60,0.6086699845278987,4.149446102350887,0.7978322645264213,-0.6958000185841229,36.35999918729067,1.0,2.443413106743007,1
14:44:38.709099,60,0.6518308410590676,4.143358300247727,0.7994634861836436,-0.6958000185841229,29.639999337494373,1.0,3.5739230723807323,1
14:44:38.709099,60,0.6612435607855524,4.203190189059969,0.7821272188361148,-0.6958000185841229,24.759999446570877,1.0,3.1525834247549556,1
14:44:38.709099,60,0.3916276054617433,4.135357716290577,0.6661957611590372,-0.6263600167294499,97.51999782025814,1.0,2.5763339969751184,1
14:44:38.709099,60,0.5221699941361261,4.160369541631709,0.7949053377925548,-0.6958000185841229,55.99999874830246,1.0,1.0551269853352823,1
14:44:38.709099,60,0.3863555480305451,4.113108418325532,0.8088784547104393,-0.6263600167294499,60.35999865084887,1.0,1.7944416846104698,1
14:44:38.709099,60,0.2146168928492133,4.087007995986389,0.6824237266501809,-0.5566400148672983,51.51999884843826,1.0,2.776653127425761,1
14:44:38.709099,60,0.3532404547792425,4.198698852680624,0.64596379339548,-0.6263600167294499,69.2399984523654,1.0,1.612227152064022,1
14:44:38.709099,60,0.0435722518708537,4.152181520839124,0.6616878363166352,-0.5566400148672983,33.7599992454052,1.0,3.8198474565068334,1
14:44:38.709099,60,0.0858768116680379,4.091362141902359,0.6812570367682693,-0.5566400148672983,29.23999934643507,1.0,3.8257107788404463,1
14:44:38.709099,60,0.0871401465530253,4.151550223185143,0.6618569920132031,-0.5566400148672983,41.51999907195568,1.0,2.7907043095735298,1
14:44:38.709099,60,0.088398488019495,4.211500406913447,0.6425336272769318,-0.5566400148672983,26.119999416172504,1.0,3.8289005964236944,1
14:44:38.709099,60,0.1288044828831833,4.09032530225105,0.6815348571155184,-0.5566400148672983,35.63999920338392,1.0,3.22242150489718,1
14:44:38.709099,60,0.1325866822003137,4.210433121627534,0.6428196055073858,-0.5566400148672983,31.75999929010868,1.0,2.8504651677789887,1
14:44:38.709099,60,0.1717192737579529,4.088873871898453,0.6819237667063665,-0.5566400148672983,43.119999036192894,1.0,2.8712733312042062,1
14:44:38.709099,60,0.1742454382108406,4.149025348209088,0.6625335302240265,-0.5566400148672983,63.51999858021736,1.0,1.4581169969457586,1
14:44:38.709099,60,0.1767616178239935,4.208939071648931,0.6432199349926042,-0.5566400148672983,38.75999913364649,1.0,2.109163077533264,1
14:44:38.709099,60,0.3586653252461296,4.2980736762370455,0.7553937279773617,-0.5566400148672983,14.359999679028988,1.0,6.9212826486465815,1
14:44:38.709099,60,0.2177741247302955,4.147132023372397,0.6630408450850276,-0.5566400148672983,77.63999826461077,1.0,1.1635317486192573,1
14:44:38.709099,60,0.1306993272935476,4.150498130572338,0.662138899379167,-0.5566400148672983,51.23999885469675,1.0,2.002019558655171,1
14:44:38.709099,60,0.2577636910188165,4.122441689245831,0.806377612304604,-0.5566400148672983,59.35999867320061,1.0,3.381459946350474,1
14:44:38.709099,60,0.2612810340197287,4.144818345393164,0.6636607932311089,-0.5566400148672983,91.99999794363976,1.0,1.1230080230870323,1
14:44:38.709099,60,0.2650540453413132,4.204671317889815,0.6443634761658543,-0.5566400148672983,56.23999874293804,1.0,1.356916377962221,1
14:44:38.709099,60,0.3006591378520202,4.11974469166912,0.8071002706272727,-0.5566400148672983,64.51999855786562,1.0,2.5930053807022686,1
14:44:38.709099,60,0.3047618154246614,4.142084545637243,0.6643933126679764,-0.6263600167294499,102.35999771207572,1.0,1.341496754743477,1
14:44:38.709099,60,0.3091627080661727,4.201898040881102,0.6451065735007266,-0.6263600167294499,64.3599985614419,1.0,1.3559896769061086,1
14:44:38.709099,60,0.3139106570107498,4.301321995790832,0.7545233433761664,-0.5566400148672983,13.119999706745148,1.0,8.245076078191822,1
14:44:38.709099,60,0.3385217040661222,4.067648389011778,0.8662207417195533,-0.5566400148672983,20.119999550282955,1.0,6.2076517189202844,1
14:44:38.709099,60,0.3435245190233313,4.116633497656754,0.8079339125503826,-0.5566400148672983,64.99999854713678,1.0,2.0622280780607953,1
14:44:38.709099,60,0.3482121209033813,4.138930897482323,0.6652383301442988,-0.6263600167294499,104.63999766111374,1.0,1.8241531291897428,1
14:44:38.709099,60,0.2209188774339821,4.207018406381385,0.6437345756999737,-0.5566400148672983,47.11999894678593,1.0,1.6096795314890153,1
14:44:38.764741,61,0.4227290225229965,4.1025167160028255,1.0322848891873977,-0.4872000130126253,59.99999865889549,1.0,1.4296860883965468,1
14:44:38.764741,61,0.4158551944025164,4.068218608130901,1.1689810664127709,-0.5566400148672983,41.879999063909054,1.0,2.576927604284041,1
14:44:38.764741,61,0.3919412106961573,4.229018818036038,1.002317037005774,-0.4872000130126253,67.23999849706888,1.0,1.960297407240374,1
14:44:38.764741,61,0.3862589502923909,4.16770761747658,1.016781181733156,-0.4872000130126253,102.35999771207572,1.0,0.5484271990590501,1
14:44:38.764741,61,0.3805766898886245,4.106396416917121,1.0312453264605377,-0.4872000130126253,78.35999824851751,1.0,1.675297063356999,1
14:44:38.764741,61,0.332667324075423,4.08361898334725,1.2079652125234608,-0.5566400148672983,56.87999872863293,1.0,1.9689229534946173,1
14:44:38.764741,61,0.3675330236387864,4.040086562239864,1.3422259406817312,-0.5566400148672983,15.999999642372131,1.0,9.317900722001843,1
14:44:38.764741,61,0.348490960143207,4.232594860538657,1.0013588393050985,-0.4872000130126253,67.35999849438667,1.0,1.670141338313825,1
14:44:38.764741,61,0.3434386300236591,4.171231815457212,1.0158368757302785,-0.4872000130126253,117.99999736249448,1.0,0.7084086432154799,1
14:44:38.764741,61,0.3383862999041111,4.109868770375768,1.030314912155458,-0.4872000130126253,97.9999978095293,1.0,2.272295829942678,1
14:44:38.764741,61,0.4290406449897016,4.163769990074747,1.0178362658155715,-0.4872000130126253,85.11999809741974,1.0,0.7332588115866977,1
14:44:38.764741,61,0.3741446656280326,4.080205315200344,1.2088799021466523,-0.5566400148672983,50.75999886542559,1.0,2.713851526515751,1
14:44:38.764741,61,0.4353522674564066,4.225023264146668,1.0033876424437458,-0.4872000130126253,64.23999856412411,1.0,2.588343994673581,1
14:44:38.764741,61,0.5489155459029728,4.088437611629632,1.036057373834348,-0.974120026017772,27.639999382197857,1.0,2.720635825614149,1
14:44:38.764741,61,0.4648390826092788,4.098230055599722,1.0334334963806355,-0.974120026017772,45.759998977184296,1.0,1.5273099106840835,1
14:44:38.764741,61,0.4717794359819638,4.159419327011154,1.0190020224700014,-0.974120026017772,69.51999844610691,1.0,1.2544614269830694,1
14:44:38.764741,61,0.4788395102020916,4.210367588130689,0.9621624082343972,-0.4872000130126253,59.11999867856503,1.0,2.4844707553588687,1
14:44:38.764741,61,0.4986601171052303,4.059384774286046,1.1713480850575708,-0.5566400148672983,26.119999416172504,1.0,4.84672153895565,1
14:44:38.764741,61,0.5069026591767429,4.093536864370261,1.0346910331804946,-0.974120026017772,35.23999921232462,1.0,1.9602119122080937,1
14:44:38.764741,61,0.5145997111428052,4.144562333302599,0.9784853360287012,-0.974120026017772,56.519998736679554,1.0,1.7241832792816272,1
14:44:38.764741,61,0.5221699941361261,4.205533043287804,0.9634578206208202,-0.4872000130126253,52.87999881803989,1.0,3.2944834484003027,1
14:44:38.764741,61,0.5297898241946397,4.232537031971205,0.8200771472836101,-0.6263600167294499,13.879999689757824,1.0,5.818114067792244,1
14:44:38.764741,61,0.5399898490282302,4.0543684384614895,1.1726922081907238,-0.5566400148672983,20.63999953866005,1.0,6.455662357603085,1
14:44:38.764741,61,0.3050058607862084,4.235751034053267,1.000513145160686,-0.4872000130126253,64.63999855518341,1.0,1.7268192496421046,1
14:44:38.764741,61,0.5573341424118649,4.106621212322853,0.8551232038994963,-0.974120026017772,46.23999896645546,1.0,6.333438546965688,1
14:44:38.764741,61,0.4572805195882977,4.064001651403797,1.170110996562315,-0.5566400148672983,33.2399992570281,1.0,3.5512787129242165,1
14:44:38.764741,61,0.300583966179658,4.174342231599799,1.015003442236747,-0.4872000130126253,127.11999715864658,1.0,1.2218449875175688,1
14:44:38.764741,61,0.5655330921752212,4.167033769987562,0.8382809065734453,-0.974120026017772,46.51999896019697,1.0,4.907884292141697,1
14:44:38.764741,61,0.2911567160691147,4.086631847144324,1.2071579181021297,-0.4872000130126253,57.2399987205863,1.0,1.562231620722323,1
14:44:38.764741,61,-0.0427344312690595,4.249852051709789,1.3498974596192177,-0.4872000130126253,34.759999223053455,1.0,7.121834979549726,1
14:44:38.764741,61,0.0,4.158569296915047,1.1924622795086353,-0.4872000130126253,25.63999942690134,1.0,5.036760166585195,1
14:44:38.764741,61,0.0,4.220659472903216,1.180405209972824,-0.4872000130126253,42.35999905318022,1.0,3.692436824232505,1
14:44:38.764741,61,0.0416271104986584,4.096278075750472,1.2045732189371066,-0.4872000130126253,16.8799996227026,1.0,6.706631053876274,1
14:44:38.764741,61,0.0422580510064562,4.1583652045046575,1.1925169659051806,-0.4872000130126253,32.63999927043915,1.0,3.3533988318658494,1
14:44:38.764741,61,0.042888991514254,4.220452333258843,1.1804607128732545,-0.4872000130126253,52.23999883234501,1.0,2.547616555979773,1
14:44:38.764741,61,0.0832500583211422,4.0956749603255975,1.2047348232281443,-0.4872000130126253,21.119999527931213,1.0,4.901810463708707,1
14:44:38.764741,61,0.0845118762432156,4.157752947682559,1.1926810196262223,-0.4872000130126253,42.23999905586243,1.0,2.0660628661552813,1
14:44:38.764741,61,0.085773694165289,4.219830935039517,1.1806272160243008,-0.4872000130126253,64.7599985525012,1.0,1.7940348607327183,1
14:44:38.764741,61,0.0870355120873624,4.281908922396477,1.1685734124223788,-0.4872000130126253,34.99999921768904,1.0,4.08572644744087,1
14:44:38.764741,61,0.1248646812075408,4.094669834963295,1.2050041457572656,-0.4872000130126253,26.75999940186739,1.0,3.4881015177363754,1
14:44:38.764741,61,0.1267572503631548,4.156732587673918,1.1929544242665264,-0.4872000130126253,55.63999875634909,1.0,1.165022621365681,1
14:44:38.764741,61,0.1286498195187687,4.21879534038454,1.1809047027757875,-0.4872000130126253,79.99999821186066,1.0,1.4216121335297958,1
14:44:38.764741,61,0.295762222789052,4.140283090142982,1.1535979629585822,-0.4872000130126253,110.87999752163888,1.0,0.26623886101391747,1
14:44:38.764741,61,0.1664668177304305,4.093262800175257,1.2053811595924426,-0.4872000130126253,34.11999923735857,1.0,2.4562746822217076,1
14:44:38.764741,61,0.2611372227693906,4.266649686969885,1.1275911679963764,-0.4872000130126253,59.75999866425991,1.0,4.2215437517679515,1
14:44:38.764741,61,0.2573513241182729,4.204792923987625,1.14023912137996,-0.4872000130126253,125.63999719172716,1.0,0.9035142377246097,1
14:44:38.764741,61,0.2535654254671552,4.142936161005368,1.1528870747635436,-0.4872000130126253,108.75999756902456,1.0,0.1793433235586426,1
14:44:38.764741,61,0.1305423886743827,4.280858093095163,1.168854981285049,-0.4872000130126253,40.639999091625214,1.0,4.257870054228686,1
14:44:38.764741,61,0.2176542600440345,4.26896209148155,1.1269715610749014,-0.4872000130126253,53.51999880373478,1.0,3.4811449086513595,1
14:44:38.764741,61,0.249616992635131,4.089243605307712,1.2064580996114247,-0.4872000130126253,51.63999884575605,1.0,1.5021580378966786,1
14:44:38.764741,61,0.2112057485120487,4.153468007037372,1.1938291660117153,-0.4872000130126253,92.999997921288,1.0,0.48372865288959455,1
14:44:38.764741,61,0.2080523077110131,4.091453996663784,1.2058658270326086,-0.4872000130126253,42.87999904155731,1.0,1.7972612743866354,1
14:44:38.764741,61,0.174036211131904,4.279387079191133,1.1692491382726888,-0.4872000130126253,46.999998949468136,1.0,4.795455347092592,1
14:44:38.764741,61,0.1715130799980795,4.217345652852508,1.1812931453792732,-0.4872000130126253,97.35999782383442,1.0,1.4204379639547364,1
14:44:38.764741,61,0.168989948864255,4.155304226513882,1.193337152485858,-0.4872000130126253,72.99999836832285,1.0,0.640711075664422,1
14:44:38.764741,61,0.2143591893130844,4.21548201741096,1.181792504990822,-0.4872000130126253,114.23999744653702,1.0,1.7807761060975618,1
14:44:38.820924,62,0.5911099776336172,4.194592976669484,-0.0423617950271124,-0.8349600223009475,58.35999869555235,1.0,1.9360313516488716,1
14:44:38.820924,62,0.5820514107579686,4.130312212627234,0.1251712254933728,-0.4872000130126253,26.99999939650297,1.0,3.1643691126717552,1
14:44:38.820924,62,0.5940641960371762,4.543952855496631,-1.2190760083439125,-1.948240052035544,7.879999823868275,0.7879999823868274,2.9388095925959186,1
14:44:38.820924,62,0.564854565595223,4.320530564538688,-0.2180466262226507,-0.5566400148672983,37.239999167621136,1.0,1.5915125147526368,1
14:44:38.820924,62,0.5216217385086668,4.122124757191821,-1.3302584781369768,-0.5566400148672983,35.759999200701714,1.0,2.9864224175940133,1
14:44:38.820924,62,0.5491351926485085,4.20029424990415,-0.0423617950271124,-0.7655200204462744,64.11999856680632,1.0,2.539913552449597,1
14:44:38.820924,62,0.5407198756100574,4.135926115716196,0.1251712254933728,-0.4872000130126253,31.239999301731583,1.0,3.9855448113874545,1
14:44:38.820924,62,0.5412784138178942,4.488981599598571,-1.202815663019629,-1.948240052035544,7.639999829232693,0.7639999829232693,1.9024390351190807,1
14:44:38.820924,62,0.5291541823860483,4.181650024443688,-1.349467986846536,-0.5566400148672983,8.879999801516533,0.8879999801516533,3.089011223579768,1
14:44:38.820924,62,0.5992158358029932,4.252113196313312,-0.2148854436867313,-0.7655200204462744,66.75999850779772,1.0,1.0700177892237752,1
14:44:38.820924,62,0.5566654529314449,4.257892650790004,-0.2148854436867313,-0.7655200204462744,66.9999985024333,1.0,1.4390344284786196,1
14:44:38.820924,62,0.6080309076984554,4.314666088432586,-0.2180466262226507,-0.6263600167294499,36.63999918103218,1.0,1.2002217667989257,1
14:44:38.820924,62,0.7166629097745828,4.174974912420002,-0.0423617950271124,-0.8349600223009475,34.23999923467636,1.0,2.2291431081083393,1
14:44:38.820924,62,0.6417062975929849,4.245908534079414,-0.2148854436867313,-0.904680024163099,62.23999860882759,1.0,1.0611105052999077,1
14:44:38.820924,62,0.6511464472203267,4.308370149332472,-0.2180466262226507,-0.904680024163099,34.23999923467636,1.0,1.1794092428255076,1
14:44:38.820924,62,0.6748780245639104,4.181932674917626,-0.0423617950271124,-0.8349600223009475,41.75999906659126,1.0,1.7803620987641369,1
14:44:38.820924,62,0.6841325892908393,4.239279284549333,-0.2148854436867313,-0.8349600223009475,54.87999877333641,1.0,1.4126483436460335,1
14:44:38.820924,62,0.6941968726430071,4.301643376826981,-0.2180466262226507,-0.904680024163099,30.63999931514263,1.0,1.5294218254940355,1
14:44:38.820924,62,0.7264904683029314,4.232226110642468,-0.2148854436867313,-0.8349600223009475,46.63999895751476,1.0,2.124829025738073,1
14:44:38.820924,62,0.7371778789600218,4.294486443587727,-0.2180466262226507,-0.8349600223009475,26.75999940186739,1.0,2.2504642908553354,1
14:44:38.820924,62,0.7583761292946988,4.167599655928934,-0.0423617950271124,-0.8349600223009475,28.11999937146902,1.0,3.0291558811932666,1
14:44:38.820924,62,0.7687756988768476,4.224749717670303,-0.2148854436867313,-0.8349600223009475,38.99999912828207,1.0,3.1977121146699767,1
14:44:38.820924,62,0.7800851681067489,4.286900065302039,-0.2180466262226507,-0.8349600223009475,22.99999948590994,1.0,3.3425991919643687,1
14:44:38.820924,62,0.8109840525249569,4.2168508532658695,-0.2148854436867313,-0.8349600223009475,32.35999927669764,1.0,4.631218956886994,1
14:44:38.820924,62,0.5140594039809782,4.06236327856197,-1.3109727412182528,-0.7655200204462744,62.759998597204685,1.0,2.9262070963848403,1
14:44:38.820924,62,0.6330256521161948,4.188472247651385,-0.0423617950271124,-0.8349600223009475,50.1199988797307,1.0,1.682730464641676,1
14:44:38.820924,62,0.507105494604201,4.05130994784794,-1.129401386165013,-0.7655200204462744,65.35999853909016,1.0,1.457448006407129,1
14:44:38.820924,62,0.4852441395724266,4.186549232847607,-1.350780725781918,-0.5566400148672983,8.359999813139439,0.8359999813139438,2.196654178700058,1
14:44:38.820924,62,0.4993342689276006,4.032417665392056,-0.9508962687607662,-0.4872000130126253,35.23999921232462,1.0,0.5363786713295591,1
14:44:38.820924,62,0.249616992635131,4.089243605307712,-0.7935419003885753,-0.5566400148672983,25.999999418854717,1.0,5.40035821201213,1
14:44:38.820924,62,0.2539082272830716,4.115590086765498,-0.9712181099508131,-0.7655200204462744,25.359999433159828,1.0,4.258999600989302,1
14:44:38.820924,62,0.2911567160691147,4.086631847144324,-0.7928420818978703,-0.5566400148672983,30.23999932408333,1.0,3.6776511757556603,1
14:44:38.820924,62,0.2961620715731076,4.11293342914633,-0.9705062606871911,-0.7655200204462744,30.879999309778214,1.0,2.770900907492324,1
14:44:38.820924,62,0.326444426649129,4.049870875968351,-0.6180829970653585,-0.5566400148672983,16.99999962002039,1.0,3.3530270369365813,1
14:44:38.820924,62,0.332667324075423,4.08361898334725,-0.7920347874765392,-0.5566400148672983,34.35999923199415,1.0,2.2878480162921084,1
14:44:38.820924,62,0.3431638333216636,4.078925767858633,-1.315410646849943,-0.7655200204462744,33.11999925971031,1.0,1.6101521735684696,1
14:44:38.820924,62,0.3482121209033813,4.138930897482323,-1.3347616698557012,-0.5566400148672983,20.63999953866005,1.0,1.6719859507507466,1
14:44:38.820924,62,0.3536117316123988,4.237513827713544,-1.2270697724224082,-0.5566400148672983,6.359999857842922,0.6359999857842922,1.6222291378823173,1
14:44:38.820924,62,0.3741446656280326,4.080205315200344,-0.7911200978533477,-0.5566400148672983,37.51999916136265,1.0,1.2315333629072063,1
14:44:38.820924,62,0.3807289763960567,4.064174646102345,-1.1328484716731508,-0.7655200204462744,45.759998977184296,1.0,0.8662892321567552,1
14:44:38.820924,62,0.3383862999041111,4.109868770375768,-0.969685087844542,-0.7655200204462744,37.75999915599823,1.0,1.6271701854653602,1
14:44:38.820924,62,0.3916276054617433,4.135357716290577,-1.3338042388409628,-0.5566400148672983,24.35999945551157,1.0,1.4520090386793925,1
14:44:38.820924,62,0.4783367496852747,4.126954225974331,-1.3315525303971218,-0.5566400148672983,32.51999927312136,1.0,2.1090304822439396,1
14:44:38.820924,62,0.3859498916240365,4.075404389706341,-1.3144670964177916,-0.7655200204462744,39.759999111294746,1.0,1.405936600354373,1
14:44:38.820924,62,0.4714019495207927,4.067122730978542,-1.3122480326496877,-0.7655200204462744,55.63999875634909,1.0,2.0637739229716034,1
14:44:38.820924,62,0.4650250864352863,4.056005017042395,-1.1306594261640754,-0.7655200204462744,61.63999862223864,1.0,0.9141599371233415,1
14:44:38.820924,62,0.4417493902664864,4.22983097329993,-1.2250111577867144,-0.5566400148672983,7.639999829232693,0.7639999829232693,1.0250211004329208,1
14:44:38.820924,62,0.4578987292365938,4.03704078418829,-0.9521350297087302,-0.4872000130126253,38.1199991479516,1.0,0.29496262122203476,1
14:44:38.820924,62,0.4286973552605962,4.0714699129315175,-1.3134128565433385,-0.7655200204462744,47.51999893784523,1.0,1.5570577737289475,1
14:44:38.820924,62,0.4228981761473267,4.060293392738522,-1.131808492968694,-0.7655200204462744,54.239998787641525,1.0,0.7171564717103485,1
14:44:38.820924,62,0.4155845930275381,4.07639118406756,-0.7900981044964921,-0.5566400148672983,38.87999913096428,1.0,0.5091641792011959,1
14:44:38.820924,62,0.3977004457951355,4.233885238377538,-1.2260974948401613,-0.5566400148672983,6.8799998462200165,0.6879999846220016,1.1353695405519095,1
14:44:38.820924,62,0.435003927587665,4.131365359377131,-1.332734490030108,-0.5566400148672983,28.519999362528324,1.0,1.5976015879951424,1
14:44:38.874861,63,0.4503495363954006,4.002403735168166,1.182689592169177,-0.5566400148672983,32.87999926507473,1.0,2.833797975510942,1
14:44:38.874861,63,0.4719682169674862,4.116563840843617,0.8524590846167148,-0.6263600167294499,48.63999891281128,1.0,2.8216737329343617,1
14:44:38.874861,63,0.4650250864352863,4.056005017042395,0.8693405738359246,-0.6263600167294499,82.87999814748764,1.0,1.1905463604170445,1
14:44:38.874861,63,0.4578987292365938,4.03704078418829,1.0478649702912697,-0.4872000130126253,66.9999985024333,1.0,0.8038093402526463,1
14:44:38.874861,63,0.435003927587665,4.131365359377131,0.6672655099698921,-0.6263600167294499,6.359999857842922,0.6359999857842922,4.855536394947165,1
14:44:38.874861,63,0.3864135105375853,4.1248554478411394,0.8502373552177724,-0.6263600167294499,58.23999869823456,1.0,2.4488011102856104,1
14:44:38.874861,63,0.4228981761473267,4.060293392738522,0.868191507031306,-0.6263600167294499,103.35999768972395,1.0,0.9866391883458274,1
14:44:38.874861,63,0.4164174000562914,4.041263441930904,1.0467335125592232,-0.4872000130126253,83.99999812245369,1.0,0.5042091777269846,1
14:44:38.874861,63,0.4095520932652149,4.006556775644852,1.1815767883273152,-0.5566400148672983,38.519999139010906,1.0,2.480838847086231,1
14:44:38.874861,63,0.4917658786784584,3.971298466413852,1.0635164292979729,-0.6263600167294499,27.119999393820763,1.0,4.010430649239883,1
14:44:38.874861,63,0.429212324188948,4.120916244810688,0.8512928614886042,-0.6263600167294499,55.519998759031296,1.0,2.5785761595025285,1
14:44:38.874861,63,0.4993342689276006,4.032417665392056,1.0491037312392335,-0.4872000130126253,51.35999885201454,1.0,1.2366971228189407,1
14:44:38.874861,63,0.6330256521161948,4.034789477363749,0.8750252605598081,-0.904680024163099,28.999999351799488,1.0,3.580187162311277,1
14:44:38.874861,63,0.5146769133197432,4.111798671176681,0.8537359079807676,-0.6263600167294499,40.3599990978837,1.0,3.177321692742206,1
14:44:38.874861,63,0.5325242053171418,3.9663514840707896,1.0648419692217674,-0.6263600167294499,22.11999950557947,1.0,4.622608919999503,1
14:44:38.874861,63,0.5407198756100574,4.027394547850211,1.050449671528058,-0.5566400148672983,39.23999912291765,1.0,1.8030242884114125,1
14:44:38.874861,63,0.5491351926485085,4.046208654658143,0.8719655012255476,-0.6958000185841229,48.119998924434185,1.0,2.0688672297408086,1
14:44:38.874861,63,0.6424771416402667,4.095031539197507,0.8582286474539735,-0.5566400148672983,21.359999522566795,1.0,4.926002364377761,1
14:44:38.874861,63,0.5573341424118649,4.106621212322853,0.8551232038994963,-0.5566400148672983,32.63999927043915,1.0,3.6456916963535377,1
14:44:38.874861,63,0.5732292799814429,3.961011060441758,1.0662729314204065,-0.6263600167294499,17.999999597668648,1.0,5.412687108035562,1
14:44:38.874861,63,0.5820514107579686,4.021971933870298,1.0519026565648413,-0.5566400148672983,30.23999932408333,1.0,2.5038281365284885,1
14:44:38.874861,63,0.5911099776336172,4.040701647598048,0.8734410993200123,-0.6958000185841229,36.999999172985554,1.0,2.744522512327202,1
14:44:38.874861,63,0.5999356385566803,4.101031982023678,0.8566208336444718,-0.5566400148672983,26.359999410808086,1.0,4.227899096410801,1
14:44:38.874861,63,0.623574162592123,3.974547415529991,0.8918218736656427,-0.4872000130126253,23.87999946624041,1.0,9.35787013073404,1
14:44:38.874861,63,0.3807289763960567,4.064174646102345,0.8671515283268492,-0.6263600167294499,115.87999740988016,1.0,0.9402588689110598,1
14:44:38.874861,63,0.507105494604201,4.05130994784794,0.870598613834987,-0.6263600167294499,63.51999858021736,1.0,1.5512340070753743,1
14:44:38.874861,63,0.374894429484858,4.045085216357663,1.0457094711879191,-0.4872000130126253,95.879997856915,1.0,0.3386305019635246,1
14:44:38.874861,63,0.1668004074211602,4.058168867762823,1.0422037173598562,-0.6263600167294499,37.75999915599823,1.0,1.608656499999265,1
14:44:38.874861,63,0.3435760558589064,4.128381056017972,0.8492926713539617,-0.6263600167294499,55.35999876260757,1.0,2.434064142055653,1
14:44:38.874861,63,0.0847151179780063,4.079916530712305,0.8629335030582665,-0.6263600167294499,25.51999942958355,1.0,5.280073085148163,1
14:44:38.874861,63,0.1229721120519269,4.032607082252672,1.2170538672480042,-0.6263600167294499,19.999999552965164,1.0,4.819638754340119,1
14:44:38.874861,63,0.1251149026688205,4.059578722165641,1.0418259480111756,-0.6263600167294499,29.11999934911728,1.0,2.3121120760854756,1
14:44:38.874861,63,0.1270620875600828,4.078893716850461,0.863207565206555,-0.6263600167294499,32.51999927312136,1.0,4.1264955188138295,1
14:44:38.874861,63,0.1289592081356332,4.139794284000839,0.8462345061329202,-0.6263600167294499,20.63999953866005,1.0,4.211886953721024,1
14:44:38.874861,63,0.163943686596606,4.031221373836631,1.2174251666990277,-0.6263600167294499,24.63999944925308,1.0,4.316675213124106,1
14:44:38.874861,63,0.169396351039856,4.077461920639483,0.8635912138450124,-0.6263600167294499,42.11999905854464,1.0,3.1611020822807605,1
14:44:38.874861,63,0.1719255500255794,4.138341110130295,0.8466238828979946,-0.6263600167294499,25.63999942690134,1.0,3.5927668138000506,1
14:44:38.874861,63,0.2048988669099775,4.029439986290195,1.217902488053502,-0.6263600167294499,30.119999326765537,1.0,3.9536514611969293,1
14:44:38.874861,63,0.2084692322725033,4.056356439515728,1.0426893560450048,-0.6263600167294499,49.63999889045954,1.0,1.0621726233918778,1
14:44:38.874861,63,0.2117136750264456,4.075621285257796,0.8640844106090955,-0.6263600167294499,55.63999875634909,1.0,2.3768020899958926,1
14:44:38.874861,63,0.3687136952688258,4.010315542008253,1.1805696299157045,-0.6263600167294499,42.63999904692173,1.0,2.2600608993449365,1
14:44:38.874861,63,0.2458335575083225,4.027263097750628,1.2184857835796916,-0.6263600167294499,35.879999198019505,1.0,3.724731073062981,1
14:44:38.874861,63,0.2148746995045625,4.136472992851199,0.8471244434142948,-0.6263600167294499,32.119999282062054,1.0,3.111367340621025,1
14:44:38.874861,63,0.3385217040661222,4.067648389011778,0.8662207417195533,-0.6263600167294499,111.99999749660492,1.0,1.0530628946088925,1
14:44:38.874861,63,0.3333339697845632,4.048505725294325,1.044792948580637,-0.6263600167294499,95.11999787390232,1.0,0.3086924544515019,1
14:44:38.874861,63,0.3225828724829138,3.959828472589179,1.231974893955472,-0.6263600167294499,11.879999734461308,1.0,4.829946302272557,1
14:44:38.874861,63,0.3007042438624898,4.131492716783321,0.8484589043647668,-0.6263600167294499,48.35999891906977,1.0,2.5370233779534654,1
14:44:38.874861,63,0.3276250982791684,4.021723727968215,1.2199700532394664,-0.6263600167294499,43.63999902456999,1.0,3.6500981191877755,1
14:44:38.874861,63,0.2917401769665572,4.051524626692863,1.0439840363888702,-0.6263600167294499,82.23999816179276,1.0,0.41689864852290015,1
14:44:38.874861,63,0.2867436649568762,4.024690925904957,1.219174994948533,-0.6263600167294499,40.99999908357859,1.0,3.624925809184605,1
14:44:38.874861,63,0.2578023616936173,4.1341901189737165,0.8477361376261883,-0.6263600167294499,39.87999910861254,1.0,2.7612781790543743,1
14:44:38.874861,63,0.2540098278229065,4.073371994767394,0.864687106179542,-0.6263600167294499,73.51999835669994,1.0,1.7674041009167083,1
14:44:38.874861,63,0.2501172103752748,4.054141618665665,1.0432828155031588,-0.6263600167294499,65.11999854445457,1.0,0.6666359187787476,1
14:44:38.874861,63,0.2962805798493947,4.07071427409544,0.8653992402872994,-0.6263600167294499,94.51999788731337,1.0,1.3276190455144976,1
14:44:38.930795,64,0.4919626571731165,3.930332501190456,0.904324025543426,-0.5566400148672983,47.8799989297986,1.0,2.2023599686410673,1
14:44:38.930795,64,0.5327372931217959,3.925383539328722,0.9056500958776496,-0.5566400148672983,37.11999917030335,1.0,2.3425857531815444,1
14:44:38.930795,64,0.5146769133197432,4.111798671176681,0.8537359079807676,-0.5566400148672983,72.75999837368727,1.0,2.248504658266704,1
14:44:38.930795,64,0.507105494604201,4.05130994784794,0.870598613834987,-0.5566400148672983,131.51999706029892,1.0,0.5197815195135325,1
14:44:38.930795,64,0.4995340758886587,3.990821224519197,0.8874613196892067,-0.5566400148672983,107.11999760568142,1.0,0.5043999563049804,1
14:44:38.930795,64,0.4788395102020916,4.165204086474594,0.7936099254061317,-0.5566400148672983,7.239999838173389,0.723999983817339,5.172375575058103,1
14:44:38.930795,64,0.429212324188948,4.120916244810688,0.8512928614886042,-0.5566400148672983,98.75999779254198,1.0,1.8601109759476264,1
14:44:38.930795,64,0.4650250864352863,4.056005017042395,0.8693405738359246,-0.5566400148672983,195.1199956387281,1.0,0.3487980301260962,1
14:44:38.930795,64,0.4580819559030864,3.9954461932411713,0.8862220630551343,-0.5566400148672983,157.9999964684248,1.0,0.5292203626080032,1
14:44:38.930795,64,0.4511388253708865,3.934887369439948,0.9031035522743444,-0.5566400148672983,59.75999866425991,1.0,2.4171260747418875,1
14:44:38.930795,64,0.5409362428851523,3.985796096993432,0.8888077985515987,-0.5566400148672983,72.35999838262796,1.0,0.8339520705346144,1
14:44:38.930795,64,0.4228981761473267,4.060293392738522,0.868191507031306,-0.5566400148672983,253.5199943333864,1.0,0.5355550213701439,1
14:44:38.930795,64,0.4719682169674862,4.116563840843617,0.8524590846167148,-0.5566400148672983,90.3599979802966,1.0,1.875859077296149,1
14:44:38.930795,64,0.5491351926485085,4.046208654658143,0.8719655012255476,-0.5566400148672983,87.87999803572893,1.0,1.044333766487905,1
14:44:38.930795,64,0.6234806256923934,3.963150349420381,0.851678672361319,-0.5566400148672983,36.87999917566776,1.0,1.8036056061186845,1
14:44:38.930795,64,0.5733726362760947,3.908815797177596,0.8675471088504867,-0.5566400148672983,28.759999357163903,1.0,3.442407243569329,1
14:44:38.930795,64,0.5821969733390456,3.96897337347092,0.85011839776947,-0.5566400148672983,50.6399988681078,1.0,1.4539940698148284,1
14:44:38.930795,64,0.5911099776336172,4.040701647598048,0.8734410993200123,-0.6263600167294499,60.87999863922596,1.0,1.9183731543364844,1
14:44:38.930795,64,0.6140305539035019,3.903081032477932,0.869083734420544,-0.5566400148672983,22.51999949663877,1.0,3.624725952283907,1
14:44:38.930795,64,0.4165840281057054,3.9996705406663566,0.8850901525740076,-0.5566400148672983,209.23999532312155,1.0,0.9124422958652834,1
14:44:38.930795,64,0.6329306974812847,4.02321966636283,0.8342736103020938,-0.6263600167294499,43.99999901652336,1.0,1.691429774488834,1
14:44:38.930795,64,0.6424771416402667,4.095031539197507,0.8582286474539735,-0.6263600167294499,31.63999929279089,1.0,5.4651294811276045,1
14:44:38.930795,64,0.6546270689899543,3.896953835741472,0.8707255118379451,-0.5566400148672983,17.879999600350857,1.0,4.155456485413385,1
14:44:38.930795,64,0.6647019305055245,3.9569288537135257,0.8533457171116845,-0.5566400148672983,27.759999379515648,1.0,2.5007552567889877,1
14:44:38.930795,64,0.684851653536665,4.076878889657634,0.8185861276591628,-0.6263600167294499,24.63999944925308,1.0,4.332577973709205,1
14:44:38.930795,64,0.7051156469887504,3.9137586790233865,0.7353911351823925,-0.5566400148672983,21.639999516308308,1.0,9.097731826388985,1
14:44:38.930795,64,0.7165554094470309,4.010184197306669,0.8377664537086529,-0.6263600167294499,25.63999942690134,1.0,3.7709080521632075,1
14:44:38.930795,64,0.7272540532115691,4.070058886118624,0.8204135420998178,-0.6263600167294499,19.63999956101179,1.0,5.718324860336029,1
14:44:38.930795,64,0.5573341424118649,4.106621212322853,0.8551232038994963,-0.6263600167294499,55.23999876528978,1.0,2.9737308410414265,1
14:44:38.930795,64,0.410269880064084,3.9390476885941914,0.9019887981167094,-0.5566400148672983,69.35999844968319,1.0,2.990772799432992,1
14:44:38.930795,64,0.6747767920210948,4.016903871685581,0.8359659223854234,-0.6263600167294499,33.11999925971031,1.0,2.5597957528876067,1
14:44:38.930795,64,0.3807289763960567,4.064174646102345,0.8671515283268492,-0.5566400148672983,245.5199945122004,1.0,1.0843122436586903,1
14:44:38.930795,64,0.3864135105375853,4.1248554478411394,0.8502373552177724,-0.5566400148672983,91.23999796062708,1.0,2.2056690681693163,1
14:44:38.930795,64,0.0834168865310354,4.060585861739925,1.0415560857755808,-0.5566400148672983,23.23999948054552,1.0,3.235506157206622,1
14:44:38.930795,64,0.0846812330618497,4.122132004983408,1.0270289883457475,-0.5566400148672983,24.119999460875988,1.0,3.4818254095796064,1
14:44:38.930795,64,0.1232185409161719,3.9980478440978304,1.0563489551495158,-0.5566400148672983,20.999999530613422,1.0,3.9256928897400636,1
14:44:38.930795,64,0.1251149026688205,4.059578722165641,1.0418259480111756,-0.5566400148672983,29.759999334812164,1.0,2.728875556101782,1
14:44:38.930795,64,0.1270112644214692,4.121109600233453,1.0273029408728356,-0.5566400148672983,30.999999307096004,1.0,3.25978739775599,1
14:44:38.930795,64,0.1289398640940673,4.172553746750024,0.970985059400458,-0.5566400148672983,18.639999583363533,1.0,4.131054060741874,1
14:44:38.930795,64,0.1642722200812637,3.9966593588038,1.0567209986627537,-0.5566400148672983,26.519999407231808,1.0,3.5208600153230503,1
14:44:38.930795,64,0.1668004074211602,4.058168867762823,1.0422037173598562,-0.5566400148672983,39.35999912023544,1.0,2.600214592836445,1
14:44:38.930795,64,0.1693285947610568,4.1196783767218434,1.0276864360569598,-0.5566400148672983,41.11999908089638,1.0,3.415859069672179,1
14:44:38.930795,64,0.1719255500255794,4.138341110130295,0.8466238828979946,-0.5566400148672983,23.75999946892261,1.0,9.513503344518906,1
14:44:38.930795,64,0.2053094721619747,3.994874401461722,1.0571992765410874,-0.5566400148672983,33.7599992454052,1.0,3.4889394385920856,1
14:44:38.930795,64,0.2084692322725033,4.056356439515728,1.0426893560450048,-0.5566400148672983,53.99999879300594,1.0,2.844596645384046,1
14:44:38.930795,64,0.2116819177119507,4.10789931399641,0.9869996253492744,-0.5566400148672983,56.519998736679554,1.0,1.744395887102509,1
14:44:38.930795,64,0.2148746995045625,4.136472992851199,0.8471244434142948,-0.5566400148672983,30.999999307096004,1.0,7.292226859252822,1
14:44:38.930795,64,0.5999356385566803,4.101031982023678,0.8566208336444718,-0.6263600167294499,41.51999907195568,1.0,4.047314727405224,1
14:44:38.930795,64,0.2501797610469871,4.044350299450132,1.0027179953821364,-0.5566400148672983,76.99999827891588,1.0,1.2335538121885739,1
14:44:38.930795,64,0.2463877960610725,3.983050237997887,1.0178337602496366,-0.5566400148672983,43.239999033510685,1.0,2.2901041577786305,1
14:44:38.930795,64,0.3693599081129995,3.942813042624753,0.9009798745450028,-0.5566400148672983,71.8799983933568,1.0,3.9272695006839777,1
14:44:38.930795,64,0.3435760558589064,4.128381056017972,0.8492926713539617,-0.5566400148672983,73.63999835401773,1.0,2.9170317003756705,1
14:44:38.930795,64,0.3385217040661222,4.067648389011778,0.8662207417195533,-0.5566400148672983,181.23999594897032,1.0,1.9994153374885437,1
14:44:38.930795,64,0.3334173317558697,4.038712996623938,1.0042285061219047,-0.5566400148672983,165.75999629497528,1.0,2.136379119993286,1
14:44:38.930795,64,0.3284130004805537,3.9461830549993873,0.9000768824507368,-0.5566400148672983,65.75999853014946,1.0,5.230664158916918,1
14:44:38.930795,64,0.3232293095454673,3.9257796351314354,1.073749021430997,-0.4872000130126253,10.359999768435957,1.0,7.169331788449069,1
14:44:38.930795,64,0.3750444422545281,4.0034938443635495,0.8840657014359259,-0.5566400148672983,213.3599952310324,1.0,1.6581790544968915,1
14:44:38.930795,64,0.2962361373940274,4.10299303889183,0.9883142578013916,-0.5566400148672983,120.87999729812144,1.0,2.4423251531083565,1
14:44:38.930795,64,0.2918131369360345,4.04173265300575,1.0034193916329788,-0.5566400148672983,113.63999745994806,1.0,1.5035410226161856,1
14:44:38.930795,64,0.2873901364780417,3.980472267119669,1.018524525464566,-0.5566400148672983,54.75999877601862,1.0,2.305220265490633,1
14:44:38.930795,64,0.2578023616936173,4.1341901189737165,0.8477361376261883,-0.5566400148672983,41.11999908089638,1.0,5.455598496827475,1
14:44:38.930795,64,0.2539717260329018,4.105650360902377,0.9876022305146356,-0.5566400148672983,81.1199981868267,1.0,1.9097477492665118,1
14:44:38.930795,64,0.3007042438624898,4.131492716783321,0.8484589043647668,-0.5566400148672983,55.519998759031296,1.0,3.9987845885158197,1
14:44:38.981848,65,0.4039557320224626,3.878424836522025,0.9188874436594112,-0.5566400148672983,13.639999695122242,1.0,3.261644581850827,1
14:44:38.981848,65,0.410269880064084,3.9390476885941914,0.9019887981167094,-0.5566400148672983,47.75999893248081,1.0,1.0312448838321535,1
14:44:38.981848,65,0.4165840281057054,3.9996705406663566,0.8850901525740076,-0.5566400148672983,61.99999861419201,1.0,0.16390184556531184,1
14:44:38.981848,65,0.4228347408950807,4.048719756118586,0.827440881845118,-0.5566400148672983,31.5199992954731,1.0,1.1792614474590135,1
14:44:38.981848,65,0.451071153986143,3.923659960893694,0.8635696271704427,-0.5566400148672983,43.239999033510685,1.0,0.9735453528753524,1
14:44:38.981848,65,0.4580132430401302,3.98404599228892,0.8460797017293649,-0.5566400148672983,54.63999877870083,1.0,0.4029952934495699,1
14:44:38.981848,65,0.4918888621628431,3.9191057758801024,0.8647899173670166,-0.5566400148672983,37.11999917030335,1.0,1.6953338826366275,1
14:44:38.981848,65,0.5326573818654317,3.914157556368802,0.8661157887890414,-0.5566400148672983,30.879999309778214,1.0,2.6610782982606396,1
14:44:38.981848,65,0.5070294281494846,4.039737658755906,0.8298476275797855,-0.5566400148672983,24.63999944925308,1.0,1.465886303699751,1
14:44:38.981848,65,0.5408551017761292,3.9743973435676168,0.8486650493622896,-0.5566400148672983,37.87999915331602,1.0,1.6358286470494987,1
14:44:38.981848,65,0.5484763402676668,3.997506627273675,0.7096782430995985,-0.5566400148672983,21.119999527931213,1.0,3.666211086429003,1
14:44:38.981848,65,0.3806718665762058,4.052600427289577,0.82640105913876,-0.5566400148672983,33.87999924272299,1.0,1.3854307046049428,1
14:44:38.981848,65,0.581585692012069,3.932402947758679,0.7303954184313022,-0.5566400148672983,30.999999307096004,1.0,2.375616747847812,1
14:44:38.981848,65,0.6133858487109592,3.867070924549078,0.7511737782715717,-0.5566400148672983,20.87999953329563,1.0,3.213136496299536,1
14:44:38.981848,65,0.6228259983383011,3.926586037628396,0.7319540548031558,-0.6958000185841229,25.51999942958355,1.0,3.223349017715817,1
14:44:38.981848,65,0.4994591451561638,3.979421717318004,0.8473187724734013,-0.5566400148672983,45.99999897181988,1.0,0.8981729276275039,1
14:44:38.981848,65,0.572770620116607,3.8727996679969383,0.7496387660910722,-0.5566400148672983,25.359999433159828,1.0,2.1234390631571864,1
14:44:38.981848,65,0.4649553320941172,4.044432023684145,0.828589776288287,-0.5566400148672983,28.11999937146902,1.0,1.204525772273675,1
14:44:38.981848,65,0.3385217040661222,4.067648389011778,0.8662207417195533,-0.5566400148672983,34.879999220371246,1.0,1.0647858909057428,1
14:44:38.981848,65,0.3750444422545281,4.0034938443635495,0.8840657014359259,-0.5566400148672983,65.75999853014946,1.0,0.024668991207775826,1
14:44:38.981848,65,0.1232185409161719,3.9980478440978304,1.0563489551495158,-0.5566400148672983,18.639999583363533,1.0,4.917599187609003,1
14:44:38.981848,65,0.1251461920838569,4.049788762690509,1.0012607635488109,-0.5566400148672983,27.359999388456345,1.0,3.128387539262133,1
14:44:38.981848,65,0.164313302171114,3.987017438126774,1.016770752178889,-0.5566400148672983,22.75999949127436,1.0,3.4407006884540863,1
14:44:38.981848,65,0.1668421217738448,4.048378555703638,1.001638627372104,-0.5566400148672983,33.639999248087406,1.0,2.22571099795726,1
14:44:38.981848,65,0.2053608170709211,3.9852320343928582,1.0172491496675549,-0.5566400148672983,27.99999937415123,1.0,2.960601492013624,1
14:44:38.981848,65,0.2085526505483287,4.014769577664392,0.8810443778038963,-0.4872000130126253,41.11999908089638,1.0,1.7501206639163773,1
14:44:38.981848,65,0.2117136750264456,4.075621285257796,0.8640844106090955,-0.4872000130126253,28.759999357163903,1.0,3.3569936307276804,1
14:44:38.981848,65,0.3693599081129995,3.942813042624753,0.9009798745450028,-0.5566400148672983,48.87999890744686,1.0,0.6722759213376356,1
14:44:38.981848,65,0.2502172939521956,4.01255387056107,0.8816380747328953,-0.4872000130126253,49.75999888777733,1.0,0.98487844437725,1
14:44:38.981848,65,0.2540098278229065,4.073371994767394,0.864687106179542,-0.4872000130126253,31.87999928742647,1.0,2.374153782484963,1
14:44:38.981848,65,0.2874332518232045,3.949157388719677,0.8992799121323645,-0.5566400148672983,40.639999091625214,1.0,0.653271753166702,1
14:44:38.981848,65,0.2918569158362996,4.00993583140756,0.8823395762098316,-0.5566400148672983,58.23999869823456,1.0,0.4394399105724808,1
14:44:38.981848,65,0.2962805798493947,4.07071427409544,0.8653992402872994,-0.5566400148672983,34.11999923735857,1.0,1.6086515546161722,1
14:44:38.981848,65,0.3284130004805537,3.9461830549993873,0.9000768824507368,-0.5566400148672983,46.11999896913767,1.0,0.5476761740687326,1
14:44:38.981848,65,0.2463877960610725,3.983050237997887,1.0178337602496366,-0.5566400148672983,34.11999923735857,1.0,2.709193290914204,1
14:44:38.981848,65,0.3334673522733379,4.006915722005583,0.883148812085145,-0.5566400148672983,64.23999856412411,1.0,0.11795685512908216,1
14:44:39.041435,66,0.451071153986143,3.923659960893694,0.8635696271704427,-0.6263600167294499,97.35999782383442,1.0,1.5086287975611983,1
14:44:39.041435,66,0.4436627488628649,3.827796750995388,0.7649699583400484,-0.5566400148672983,47.23999894410372,1.0,4.5098582869057156,1
14:44:39.041435,66,0.4223907829335273,4.011574466485903,0.7059087769434313,-0.4174800111504737,69.11999845504761,1.0,3.3521826588380605,1
14:44:39.041435,66,0.4165215399835165,3.988269706056738,0.8449479610362176,-0.6263600167294499,141.23999684304,1.0,1.8641454410831848,1
14:44:39.041435,66,0.4102083390719522,3.9278196559948895,0.8624550402273177,-0.4174800111504737,127.35999715328217,1.0,1.568727273888126,1
14:44:39.041435,66,0.3802721777863297,4.0154510631221045,0.7048700460053798,-0.4174800111504737,74.87999832630157,1.0,2.82333370446737,1
14:44:39.041435,66,0.3857374615994444,4.062019589457867,0.6446751416628207,-0.4872000130126253,8.51999980956316,0.851999980956316,7.920546615091111,1
14:44:39.041435,66,0.4580132430401302,3.98404599228892,0.8460797017293649,-0.6263600167294499,113.23999746888876,1.0,1.7340254772753008,1
14:44:39.041435,66,0.374594463948623,3.955497736537867,0.7242071884285513,-0.4174800111504737,165.75999629497528,1.0,1.326613896946112,1
14:44:39.041435,66,0.3693045036675271,3.931584445217666,0.8614462679954014,-0.4174800111504737,157.11999648809433,1.0,1.805285996301307,1
14:44:39.041435,66,0.3632390362732094,3.8355910833693936,0.7628814732748941,-0.5566400148672983,65.51999853551388,1.0,3.034945330850324,1
14:44:39.041435,66,0.3381155457399459,4.018920638234942,0.7039403761558158,-0.4174800111504737,75.51999831199646,1.0,2.4630957802315736,1
14:44:39.041435,66,0.4034710659523206,3.83188812714906,0.7638736774037402,-0.5566400148672983,57.35999871790409,1.0,3.6800748931037672,1
14:44:39.041435,66,0.4644671493563107,4.007291235982754,0.7070564650977464,-0.4174800111504737,60.23999865353108,1.0,4.051017173507441,1
14:44:39.041435,66,0.5070294281494846,4.039737658755906,0.8298476275797855,-0.6263600167294499,50.87999886274338,1.0,3.501176751799356,1
14:44:39.041435,66,0.4918888621628431,3.9191057758801024,0.8647899173670166,-0.6263600167294499,73.51999835669994,1.0,1.626491793271741,1
14:44:39.041435,66,0.4994591451561638,3.979421717318004,0.8473187724734013,-0.6263600167294499,88.63999801874161,1.0,1.7769102460429782,1
14:44:39.041435,66,0.5239090022763325,3.818450414225536,0.7674743017297199,-0.5566400148672983,29.999999329447743,1.0,6.728965596102029,1
14:44:39.041435,66,0.5327372931217959,3.925383539328722,0.9056500958776496,-0.6263600167294499,55.99999874830246,1.0,3.366793736338654,1
14:44:39.041435,66,0.5409362428851523,3.985796096993432,0.8888077985515987,-0.6263600167294499,69.35999844968319,1.0,3.6005609345571425,1
14:44:39.041435,66,0.5490528216868266,4.034637130766431,0.831214309935538,-0.6263600167294499,42.23999905586243,1.0,3.6363198800898844,1
14:44:39.041435,66,0.5734586557874909,3.9200409787467874,0.9070816306710938,-0.6263600167294499,43.35999903082848,1.0,3.5603051356290507,1
14:44:39.041435,66,0.582284316710554,3.9803713131724177,0.8902613649955529,-0.6263600167294499,54.87999877333641,1.0,3.7004969629040465,1
14:44:39.041435,66,0.5910213104019967,4.029130949764243,0.8326896866884537,-0.6263600167294499,34.99999921768904,1.0,3.9429171884364385,1
14:44:39.041435,66,0.6141226730680511,3.914305353696234,0.9086184867714772,-0.6263600167294499,34.35999923199415,1.0,3.93606039988562,1
14:44:39.041435,66,0.623574162592123,3.974547415529991,0.8918218736656427,-0.6263600167294499,43.99999901652336,1.0,3.9778781070962306,1
14:44:39.041435,66,0.3330672581582283,3.958915508611252,0.7232913991615744,-0.4174800111504737,175.23999608308077,1.0,0.9313251660955647,1
14:44:39.041435,66,0.6648016515798638,3.9683249864510377,0.8934891685123081,-0.6263600167294499,35.879999198019505,1.0,4.4348263801583325,1
14:44:39.041435,66,0.483810065870224,3.823317364042566,0.7661702064566436,-0.5566400148672983,37.75999915599823,1.0,5.525659039155396,1
14:44:39.041435,66,0.5639555482211449,3.813196388235201,0.7688821137508421,-0.5566400148672983,23.9999994635582,1.0,8.12139053851238,1
14:44:39.041435,66,0.3229706829947929,3.838905249363869,0.7619934451730916,-0.5566400148672983,68.35999847203493,1.0,2.5732317075300135,1
14:44:39.041435,66,0.3182565508546771,3.813834255039253,0.8956164105515318,-0.5566400148672983,10.119999773800371,1.0,6.121438768967071,1
14:44:39.041435,66,0.3280189705765106,3.89891037898756,0.7426424221673329,-0.5566400148672983,172.35999614745378,1.0,0.9680371418617153,1
14:44:39.041435,66,0.0,3.911590822136182,0.7392447076659909,-0.6263600167294499,28.759999357163903,1.0,3.8584796090501037,1
14:44:39.041435,66,0.0,3.971791106703397,0.7198413930507161,-0.6263600167294499,33.11999925971031,1.0,3.9109424900994822,1
14:44:39.041435,66,0.0410454557621319,3.911392586159781,0.7392978248357782,-0.6263600167294499,35.759999200701714,1.0,2.8881949246578893,1
14:44:39.041435,66,0.0416771547893124,3.971589819829617,0.7198953277059925,-0.6263600167294499,40.99999908357859,1.0,2.947334151259267,1
14:44:39.041435,66,0.0809084224285717,3.886110973170106,0.8749403852021911,-0.4872000130126253,22.99999948590994,1.0,9.218426565360287,1
14:44:39.041435,66,0.0820868070130756,3.9107978980540095,0.7394571710334679,-0.6263600167294499,45.51999898254872,1.0,2.091130505069654,1
14:44:39.041435,66,0.0846134767830504,4.031174060619578,0.7006570815233355,-0.6263600167294499,28.639999359846115,1.0,3.783445845616058,1
14:44:39.041435,66,0.1213525200736465,3.8851341197114193,0.8752021322975698,-0.4872000130126253,28.759999357163903,1.0,7.80625011059535,1
14:44:39.041435,66,0.1231199496520904,3.909806817287184,0.739722730324573,-0.6263600167294499,58.87999868392944,1.0,1.4675060669157811,1
14:44:39.041435,66,0.1250147940624547,3.969979645608472,0.7203267725882216,-0.5566400148672983,65.75999853014946,1.0,1.5246610363870792,1
14:44:39.041435,66,0.126909638472819,4.030152473929761,0.70093081485187,-0.4872000130126253,34.879999220371246,1.0,3.152911049731598,1
14:44:39.041435,66,0.1616146159464023,3.848267966655911,0.759484712635728,-0.6263600167294499,36.11999919265509,1.0,2.540210081064996,1
14:44:39.041435,66,0.1641407803992899,3.908419442966546,0.7400944761533876,-0.6263600167294499,77.63999826461077,1.0,1.0176752415861947,1
14:44:39.041435,66,0.083350141898063,3.970985979336794,0.7200571262784015,-0.6263600167294499,51.51999884843826,1.0,2.15183236564516,1
14:44:39.041435,66,0.1691931093050653,4.028722395587818,0.7013140031887071,-0.4872000130126253,42.75999904423952,1.0,2.6857339081848406,1
14:44:39.041435,66,0.1666669448521776,3.9685709192771816,0.7207042396710475,-0.5566400148672983,84.75999810546637,1.0,1.0661831839594582,1
14:44:39.041435,66,0.2959251024222615,4.021982844869811,0.7031198603609454,-0.4872000130126253,70.51999842375517,1.0,2.2702359966611065,1
14:44:39.041435,66,0.2915067459210617,3.961931994486096,0.72248313420743,-0.4174800111504737,163.75999633967876,1.0,0.7086236342806931,1
14:44:39.041435,66,0.2870883894198618,3.90188114410238,0.7418464080539144,-0.5566400148672983,161.87999638170004,1.0,0.7164857719083872,1
14:44:39.041435,66,0.2826700329186619,3.841830293718664,0.7612096819003991,-0.6263600167294499,64.23999856412411,1.0,2.2938224095442235,1
14:44:39.041435,66,0.2499170832535276,3.9645468925163407,0.7217824743919359,-0.5566400148672983,137.99999691545963,1.0,0.6574545634741011,1
14:44:39.041435,66,0.2537050668422613,4.024637376808615,0.7024085806716605,-0.4872000130126253,61.75999861955643,1.0,2.24366373581675,1
14:44:39.041435,66,0.2423411160760603,3.844365923931794,0.760530261832487,-0.6263600167294499,55.35999876260757,1.0,2.1957326765698864,1
14:44:39.041435,66,0.2114596609681312,4.026883968600383,0.7018066082153338,-0.4872000130126253,51.87999884039164,1.0,2.382431204297124,1
14:44:39.041435,66,0.208302429087049,3.966759941214374,0.7211894897804871,-0.5566400148672983,109.35999755561352,1.0,0.7769007897619116,1
14:44:39.041435,66,0.2051451972059668,3.906635913828368,0.74057237134564,-0.5566400148672983,102.8799977004528,1.0,0.7421254233634533,1
14:44:39.041435,66,0.2019879653248847,3.84651188644236,0.7599552529107936,-0.6263600167294499,45.2399989888072,1.0,2.2781051051017367,1
14:44:39.041435,66,0.246129099664794,3.904456408224067,0.7411563681122115,-0.5566400148672983,133.63999701291323,1.0,0.6414775437251549,1
14:44:39.096717,67,0.4371869758781688,3.844122788475518,1.0524401839664574,-0.6958000185841229,21.87999951094389,1.0,4.837502054674005,1
14:44:39.096717,67,0.3975819372488238,3.84815444624347,1.051359904523376,-0.6958000185841229,24.99999944120645,1.0,4.288407946787992,1
14:44:39.096717,67,0.4158551944025164,3.9386901295835455,0.6855742034469432,-0.6263600167294499,99.11999778449535,1.0,0.7656832490269008,1
14:44:39.096717,67,0.4095520932652149,3.878991555249454,0.7054969045329682,-0.6263600167294499,101.63999772816896,1.0,1.5156562427761902,1
14:44:39.096717,67,0.4034710659523206,3.83188812714906,0.7638736774037402,-0.4872000130126253,56.519998736679554,1.0,2.9877992288721558,1
14:44:39.096717,67,0.3802721777863297,4.0154510631221045,0.7048700460053798,-0.6958000185841229,24.759999446570877,1.0,3.3922874144768786,1
14:44:39.096717,67,0.3328839351741391,3.945922635131119,0.6836362594262173,-0.6958000185841229,128.11999713629484,1.0,0.5753424423629994,1
14:44:39.096717,67,0.3687136952688258,3.882750321612855,0.7044897461213575,-0.4872000130126253,127.75999714434148,1.0,1.3559801797193147,1
14:44:39.096717,67,0.3632390362732094,3.8355910833693936,0.7628814732748941,-0.4872000130126253,65.99999852478504,1.0,2.7958752666072275,1
14:44:39.096717,67,0.3578476482735588,3.8611516146792857,1.0891019053700646,-0.6958000185841229,27.359999388456345,1.0,5.296498386361286,1
14:44:39.096717,67,0.3381155457399459,4.018920638234942,0.7039403761558158,-0.6958000185841229,23.35999947786331,1.0,3.303545906189907,1
14:44:39.096717,67,0.3280189705765106,3.89891037898756,0.7426424221673329,-0.4872000130126253,143.8799967840314,1.0,0.38676413683231314,1
14:44:39.096717,67,0.4436627488628649,3.827796750995388,0.7649699583400484,-0.4872000130126253,46.11999896913767,1.0,3.3326793926198692,1
14:44:39.096717,67,0.3743882840456987,3.942506744227859,0.6845515446351786,-0.6958000185841229,121.11999729275703,1.0,0.603536103350863,1
14:44:39.096717,67,0.4503495363954006,3.874838514772768,0.70660970837483,-0.6263600167294499,77.23999827355146,1.0,1.8220376833164351,1
14:44:39.096717,67,0.5900758024254373,3.978831235473336,0.6708919102365658,-0.6263600167294499,13.879999689757824,1.0,4.407355830968321,1
14:44:39.096717,67,0.4644671493563107,4.007291235982754,0.7070564650977464,-0.6263600167294499,22.11999950557947,1.0,3.91145336272215,1
14:44:39.096717,67,0.6319181434285878,3.972929408863936,0.6724732999104233,-0.6263600167294499,11.759999737143517,1.0,5.180157333969383,1
14:44:39.096717,67,0.622483189737975,3.9136109585574985,0.6922941470702144,-0.6263600167294499,25.87999942153692,1.0,3.593194148712941,1
14:44:39.096717,67,0.3229706829947929,3.838905249363869,0.7619934451730916,-0.4872000130126253,70.87999841570854,1.0,2.7569891719591366,1
14:44:39.096717,67,0.5812655824187312,3.919424667012152,0.6907363685847601,-0.6263600167294499,32.87999926507473,1.0,2.7565971007444414,1
14:44:39.096717,67,0.572770620116607,3.8727996679969383,0.7496387660910722,-0.6263600167294499,35.35999920964241,1.0,2.826450290879456,1
14:44:39.096717,67,0.5481744543364103,3.984328607760904,0.669418893771619,-0.6263600167294499,16.359999634325504,1.0,3.7578616128832922,1
14:44:39.096717,67,0.4572805195882977,3.934473172856441,0.6867041335964876,-0.6263600167294499,75.35999831557274,1.0,1.061701296912016,1
14:44:39.096717,67,0.5399898490282302,3.924839959914134,0.6892853452248962,-0.6263600167294499,42.51999904960394,1.0,2.0565006297407087,1
14:44:39.096717,67,0.5239090022763325,3.818450414225536,0.7674743017297199,-0.4872000130126253,29.519999340176582,1.0,4.482362164726069,1
14:44:39.096717,67,0.5062182892612107,3.989420975994016,0.668054397815995,-0.6263600167294499,19.239999569952488,1.0,3.2305329810632046,1
14:44:39.096717,67,0.4986601171052303,3.9298562957386896,0.6879412220917431,-0.6263600167294499,56.23999874293804,1.0,1.491803860325427,1
14:44:39.096717,67,0.49110194494925,3.8702916154833646,0.7078280463674913,-0.6263600167294499,58.63999868929386,1.0,2.2753297614062844,1
14:44:39.096717,67,0.483810065870224,3.823317364042566,0.7661702064566436,-0.4872000130126253,36.87999917566776,1.0,3.830710214860068,1
14:44:39.096717,67,0.4768198197420321,3.809355054532973,0.9380494372518648,-0.7655200204462744,18.639999583363533,1.0,3.8025333417403235,1
14:44:39.096717,67,0.5320981149401106,3.8781358185749153,0.7482089488530126,-0.6263600167294499,44.99999899417162,1.0,2.067095639658562,1
14:44:39.096717,67,0.3181769794259192,3.864416590049992,1.0882270578561766,-0.6958000185841229,28.359999366104603,1.0,4.960145339909575,1
14:44:39.096717,67,0.4223907829335273,4.011574466485903,0.7059087769434313,-0.6958000185841229,24.23999945819378,1.0,3.594952812234676,1
14:44:39.096717,67,0.2959251024222615,4.021982844869811,0.7031198603609454,-0.6958000185841229,20.63999953866005,1.0,3.329124994493685,1
14:44:39.096717,67,0.0,3.911590822136182,0.7392447076659909,-0.4872000130126253,22.63999949395657,1.0,5.107615340753252,1
14:44:39.096717,67,0.04046230340486,3.8977552544975778,0.9137078737735056,-0.6263600167294499,19.35999956727028,1.0,3.155780252330587,1
14:44:39.096717,67,0.0410454557621319,3.911392586159781,0.7392978248357782,-0.4872000130126253,28.519999362528324,1.0,4.001625541561794,1
14:44:39.096717,67,0.0416771547893124,3.971589819829617,0.7198953277059925,-0.4872000130126253,22.359999500215054,1.0,3.7048451558844557,1
14:44:39.096717,67,0.0809084224285717,3.886110973170106,0.8749403852021911,-0.4872000130126253,24.23999945819378,1.0,2.451014080476455,1
14:44:39.096717,67,0.0820868070130756,3.9107978980540095,0.7394571710334679,-0.4872000130126253,36.75999917834997,1.0,3.047049223157334,1
14:44:39.096717,67,0.083350141898063,3.970985979336794,0.7200571262784015,-0.4872000130126253,28.519999362528324,1.0,2.857195951660048,1
14:44:39.096717,67,0.1213525200736465,3.8851341197114193,0.8752021322975698,-0.4872000130126253,30.63999931514263,1.0,1.7837779976046777,1
14:44:39.096717,67,0.1231199496520904,3.909806817287184,0.739722730324573,-0.4872000130126253,48.51999891549349,1.0,2.2415236133100005,1
14:44:39.096717,67,0.1250147940624547,3.969979645608472,0.7203267725882216,-0.4872000130126253,36.999999172985554,1.0,2.1458728504042996,1
14:44:39.096717,67,0.126909638472819,4.030152473929761,0.70093081485187,-0.4872000130126253,10.239999771118164,1.0,4.593345075039153,1
14:44:39.096717,67,0.1592158454014705,3.873640340885757,1.0857555612685474,-0.6263600167294499,18.879999577999115,1.0,4.83080705579542,1
14:44:39.096717,67,0.1617844825683832,3.883766661630332,0.8755685415860806,-0.4872000130126253,38.87999913096428,1.0,1.258049444091036,1
14:44:39.096717,67,0.1641407803992899,3.908419442966546,0.7400944761533876,-0.4872000130126253,64.99999854713678,1.0,1.582968068992463,1
14:44:39.096717,67,0.1194258174108745,3.874986087962208,1.0853949694261955,-0.6263600167294499,15.87999964505434,1.0,5.107754138553749,1
14:44:39.096717,67,0.1691931093050653,4.028722395587818,0.7013140031887071,-0.6958000185841229,12.23999972641468,1.0,4.10036726601701,1
14:44:39.096717,67,0.2913462981879525,3.948937460707094,0.6828284393478141,-0.6958000185841229,113.99999745190144,1.0,0.6814810095361541,1
14:44:39.096717,67,0.1666669448521776,3.9685709192771816,0.7207042396710475,-0.4872000130126253,49.23999889940024,1.0,1.568718754443,1
14:44:39.096717,67,0.2870883894198618,3.90188114410238,0.7418464080539144,-0.4872000130126253,138.2399969100952,1.0,0.47256882700540365,1
14:44:39.096717,67,0.2826700329186619,3.841830293718664,0.7612096819003991,-0.4872000130126253,68.51999846845865,1.0,2.871498701050485,1
14:44:39.096717,67,0.2784744931469061,3.867298219332457,1.087454927617054,-0.6958000185841229,27.519999384880062,1.0,4.74461692870426,1
14:44:39.096717,67,0.2497795268160374,3.9515509194757543,0.6821281651812994,-0.4872000130126253,89.51999799907207,1.0,0.9226265210983475,1
14:44:39.096717,67,0.246129099664794,3.904456408224067,0.7411563681122115,-0.4872000130126253,114.75999743491413,1.0,0.6998615384430815,1
14:44:39.096717,67,0.2537050668422613,4.024637376808615,0.7024085806716605,-0.6958000185841229,17.519999608397484,1.0,3.4697291620883446,1
14:44:39.096717,67,0.2387441596518843,3.869796214366166,1.0867855918650746,-0.6263600167294499,25.23999943584204,1.0,4.650560816755244,1
14:44:39.096717,67,0.2114596609681312,4.026883968600383,0.7018066082153338,-0.6958000185841229,14.6399996727705,1.0,3.7263703139996407,1
14:44:39.096717,67,0.208302429087049,3.966759941214374,0.7211894897804871,-0.4872000130126253,66.63999851047993,1.0,1.1238702879273732,1
14:44:39.096717,67,0.2051451972059668,3.906635913828368,0.74057237134564,-0.4872000130126253,87.51999804377556,1.0,1.0695851488911972,1
14:44:39.096717,67,0.2022002667504063,3.8820087356715054,0.8760395764271018,-0.4872000130126253,48.99999890476465,1.0,0.8720708085833818,1
14:44:39.096717,67,0.1989899519409175,3.871910325353708,1.0862191175332532,-0.6263600167294499,22.11999950557947,1.0,4.678894940937033,1
14:44:39.096717,67,0.2423411160760603,3.844365923931794,0.760530261832487,-0.4872000130126253,59.8799986615777,1.0,3.1400375226747723,1
14:44:39.146455,68,0.3280189705765106,3.89891037898756,0.7426424221673329,-0.5566400148672983,54.63999877870083,1.0,0.40437140283332323,1
14:44:39.146455,68,0.3689167501109162,3.8955444099536303,0.7435443308517224,-0.5566400148672983,54.11999879032373,1.0,0.6472912433577399,1
14:44:39.146455,68,0.3330672581582283,3.958915508611252,0.7232913991615744,-0.5566400148672983,24.63999944925308,1.0,3.0401222684185747,1
14:44:39.146455,68,0.3579908398299422,3.821451439147162,0.9348082207631568,-0.5566400148672983,26.75999940186739,1.0,3.4020069404090196,1
14:44:39.146455,68,0.3632390362732094,3.8355910833693936,0.7628814732748941,-0.5566400148672983,50.75999886542559,1.0,0.9398170518926288,1
14:44:39.146455,68,0.4034710659523206,3.83188812714906,0.7638736774037402,-0.5566400148672983,49.23999889940024,1.0,1.1809165799062928,1
14:44:39.146455,68,0.5320981149401106,3.8781358185749153,0.7482089488530126,-0.5566400148672983,31.5199992954731,1.0,3.7757823837223525,1
14:44:39.146455,68,0.4436627488628649,3.827796750995388,0.7649699583400484,-0.5566400148672983,44.99999899417162,1.0,1.6515642959695949,1
14:44:39.146455,68,0.4505975490273468,3.887628245991176,0.7456654605926145,-0.5566400148672983,44.11999901384115,1.0,1.788515215349275,1
14:44:39.146455,68,0.483810065870224,3.823317364042566,0.7661702064566436,-0.5566400148672983,39.11999912559986,1.0,2.3478158647109595,1
14:44:39.146455,68,0.4913724003979126,3.883078842672417,0.7468844695379195,-0.5566400148672983,37.51999916136265,1.0,2.678312410732299,1
14:44:39.146455,68,0.5239090022763325,3.818450414225536,0.7674743017297199,-0.5566400148672983,33.11999925971031,1.0,3.2660478752842472,1
14:44:39.146455,68,0.5639555482211449,3.813196388235201,0.7688821137508421,-0.5566400148672983,27.639999382197857,1.0,4.402959625173786,1
14:44:39.146455,68,0.3229706829947929,3.838905249363869,0.7619934451730916,-0.5566400148672983,48.87999890744686,1.0,0.9325290185389223,1
14:44:39.146455,68,0.4097776382793895,3.8917835735946738,0.7445520439169706,-0.5566400148672983,50.1199988797307,1.0,1.1101455280753485,1
14:44:39.146455,68,0.3183042968949852,3.824717720986997,0.9339330231819204,-0.5566400148672983,25.87999942153692,1.0,3.2720913967431438,1
14:44:39.146455,68,0.2499170832535276,3.9645468925163407,0.7217824743919359,-0.4872000130126253,22.99999948590994,1.0,2.705087606960728,1
14:44:39.146455,68,0.2870883894198618,3.90188114410238,0.7418464080539144,-0.8349600223009475,51.63999884575605,1.0,0.3861340043839341,1
14:44:39.146455,68,0.2915067459210617,3.961931994486096,0.72248313420743,-0.4872000130126253,24.23999945819378,1.0,2.7647578336184946,1
14:44:39.146455,68,0.0820868070130756,3.9107978980540095,0.7394571710334679,-0.8349600223009475,22.75999949127436,1.0,3.8540781827820902,1
14:44:39.146455,68,0.1231199496520904,3.909806817287184,0.739722730324573,-0.8349600223009475,27.359999388456345,1.0,2.666345046297175,1
14:44:39.146455,68,0.1616146159464023,3.848267966655911,0.759484712635728,-0.5566400148672983,26.519999407231808,1.0,3.3377984382714923,1
14:44:39.146455,68,0.1641407803992899,3.908419442966546,0.7400944761533876,-0.8349600223009475,32.99999926239252,1.0,1.731879930576246,1
14:44:39.146455,68,0.1668421217738448,4.005179359689454,0.8404170330010414,-0.6958000185841229,18.639999583363533,1.0,8.366264037421283,1
14:44:39.146455,68,0.2019879653248847,3.84651188644236,0.7599552529107936,-0.5566400148672983,31.999999284744263,1.0,2.3609057867443957,1
14:44:39.146455,68,0.1212251052417261,3.849633988965896,0.7591186880609246,-0.5566400148672983,21.99999950826168,1.0,4.574523566530401,1
14:44:39.146455,68,0.2085213673914359,4.00336647818045,0.8409027931373523,-0.6958000185841229,20.999999530613422,1.0,8.349361142113887,1
14:44:39.146455,68,0.2388396923400631,3.8300994979421,0.9324909803929562,-0.5566400148672983,21.639999516308308,1.0,3.699413144508165,1
14:44:39.146455,68,0.2423411160760603,3.844365923931794,0.760530261832487,-0.5566400148672983,38.1199991479516,1.0,1.6380226189788196,1
14:44:39.146455,68,0.246129099664794,3.904456408224067,0.7411563681122115,-0.8349600223009475,45.99999897181988,1.0,0.5976536379211207,1
14:44:39.146455,68,0.2785859237970142,3.827600503343916,0.9331605839774292,-0.5566400148672983,23.9999994635582,1.0,3.369637801780822,1
14:44:39.146455,68,0.2051451972059668,3.906635913828368,0.74057237134564,-0.8349600223009475,39.35999912023544,1.0,1.0443289488927203,1
14:44:39.146455,68,0.2826700329186619,3.841830293718664,0.7612096819003991,-0.5566400148672983,44.11999901384115,1.0,1.1636326357450222,1
14:44:39.204768,69,0.5558073339413646,3.799380309895527,0.9407221620221752,-0.4174800111504737,42.35999905318022,1.0,0.6315273591559347,1
14:44:39.204768,69,0.5467628876518661,3.778128440156139,1.1093837559871025,-0.6958000185841229,24.51999945193529,1.0,2.7691617464528866,1
14:44:39.204768,69,0.5320981149401106,3.8781358185749153,0.7482089488530126,-0.8349600223009475,35.63999920338392,1.0,1.2654463617320248,1
14:44:39.204768,69,0.5239090022763325,3.818450414225536,0.7674743017297199,-0.8349600223009475,63.63999857753515,1.0,1.1662914288413477,1
14:44:39.204768,69,0.4986601171052303,3.9298562957386896,0.6879412220917431,-0.8349600223009475,6.6399998515844345,0.6639999851584435,2.0640417460610134,1
14:44:39.204768,69,0.5079371944383956,3.783222292732525,1.1080188623028964,-0.6958000185841229,30.999999307096004,1.0,2.3057855540709036,1
14:44:39.204768,69,0.4913724003979126,3.883078842672417,0.7468844695379195,-0.8349600223009475,35.51999920606613,1.0,1.1817025714507108,1
14:44:39.204768,69,0.483810065870224,3.823317364042566,0.7661702064566436,-0.8349600223009475,67.75999848544598,1.0,1.0929489314626109,1
14:44:39.204768,69,0.5645482992131436,3.8486582208842735,0.8849758199315025,-0.4174800111504737,55.99999874830246,1.0,0.6003072041542122,1
14:44:39.204768,69,0.5163393935950833,3.804558423999303,0.9393346905297522,-0.8349600223009475,52.3599988296628,1.0,0.27868608922563115,1
14:44:39.204768,69,0.572770620116607,3.8727996679969383,0.7496387660910722,-0.8349600223009475,33.639999248087406,1.0,1.5129263848220786,1
14:44:39.204768,69,0.6539397392343358,3.860950161100875,0.7528138318945794,-0.4174800111504737,26.119999416172504,1.0,2.4978313991141405,1
14:44:39.204768,69,0.5952196940199075,3.793821230028717,0.9422117129831468,-0.4174800111504737,33.7599992454052,1.0,1.1384451284436443,1
14:44:39.204768,69,0.6045804821146106,3.843011715535484,0.886488796479769,-0.4174800111504737,47.23999894410372,1.0,1.0962166621408693,1
14:44:39.204768,69,0.6133858487109592,3.867070924549078,0.7511737782715717,-0.4174800111504737,30.119999326765537,1.0,1.9238414031786708,1
14:44:39.204768,69,0.6242463695174907,3.7668169825146425,1.11241465192736,-0.6958000185841229,15.359999656677246,1.0,4.14260286175311,1
14:44:39.204768,69,0.6345725326277241,3.787881740302204,0.9438031944588192,-0.4174800111504737,26.99999939650297,1.0,1.7990883902503048,1
14:44:39.204768,69,0.6445522074743841,3.836978817769418,0.8881053065642057,-0.4174800111504737,39.11999912559986,1.0,1.750508251345402,1
14:44:39.204768,69,0.6844594781534166,3.8305601308708015,0.8898251885351582,-0.4174800111504737,32.119999282062054,1.0,2.5627656042972657,1
14:44:39.204768,69,0.69442823633166,3.854437989723548,0.7545587629561075,-0.4174800111504737,22.239999502897263,1.0,3.2344777383631342,1
14:44:39.204768,69,0.7348472911871438,3.847535061628778,0.7564083969645112,-0.4174800111504737,18.879999577999115,1.0,4.133303356435216,1
14:44:39.204768,69,0.4768198197420321,3.809355054532973,0.9380494372518648,-0.8349600223009475,61.99999861419201,1.0,0.08021695759740619,1
14:44:39.204768,69,0.5855339050346496,3.772659821131072,1.1108490680385823,-0.6958000185841229,19.35999956727028,1.0,3.3815514688882047,1
14:44:39.204768,69,0.4690607079310315,3.787940869479238,1.1067545234741902,-0.6958000185841229,38.239999145269394,1.0,1.9917211797041077,1
14:44:39.204768,69,0.6738619145139232,3.7815624346599823,0.945496447302378,-0.4174800111504737,21.7599995136261,1.0,2.613050925066225,1
14:44:39.204768,69,0.4436627488628649,3.827796750995388,0.7649699583400484,-0.8349600223009475,66.75999850779772,1.0,1.178899149229109,1
14:44:39.204768,69,0.1566876580615739,3.812130831926735,1.1002728425714443,-0.8349600223009475,15.519999653100967,1.0,4.872463423756054,1
14:44:39.204768,69,0.1958301918303889,3.810428287299701,1.100729038029336,-0.8349600223009475,19.519999563694,1.0,3.9877569228279635,1
14:44:39.204768,69,0.199069577113978,3.832214454884182,0.9319242793882988,-0.8349600223009475,25.359999433159828,1.0,3.026507533629055,1
14:44:39.204768,69,0.2349531427440875,3.8083477462663327,1.101286517319047,-0.8349600223009475,24.759999446570877,1.0,3.2528086851474916,1
14:44:39.204768,69,0.4505975490273468,3.887628245991176,0.7456654605926145,-0.8349600223009475,33.2399992570281,1.0,1.2619373306591388,1
14:44:39.204768,69,0.2388396923400631,3.8300994979421,0.9324909803929562,-0.8349600223009475,31.87999928742647,1.0,2.1407673415149326,1
14:44:39.204768,69,0.2740525985403557,3.805889416878988,1.1019452246931154,-0.8349600223009475,31.239999301731583,1.0,2.6677519394490306,1
14:44:39.204768,69,0.2785859237970142,3.827600503343916,0.9331605839774292,-0.8349600223009475,40.11999910324812,1.0,1.4099099519331377,1
14:44:39.204768,69,0.2826700329186619,3.841830293718664,0.7612096819003991,-0.8349600223009475,35.999999195337296,1.0,3.1183036522686436,1
14:44:39.204768,69,0.3131246493063713,3.803053544968548,1.102705094281356,-0.8349600223009475,38.6399991363287,1.0,2.2326658844914844,1
14:44:39.204768,69,0.3183042968949852,3.824717720986997,0.9339330231819204,-0.8349600223009475,49.99999888241291,1.0,0.8340298338654409,1
14:44:39.204768,69,0.3229706829947929,3.838905249363869,0.7619934451730916,-0.8349600223009475,43.87999901920557,1.0,2.393987860493353,1
14:44:39.204768,69,0.2423411160760603,3.844365923931794,0.760530261832487,-0.8349600223009475,29.519999340176582,1.0,4.002222296932072,1
14:44:39.204768,69,0.3521653878697924,3.7998404141198265,1.1035660500974465,-0.6958000185841229,44.87999899685383,1.0,1.9475756728612459,1
14:44:39.204768,69,0.3280189705765106,3.89891037898756,0.7426424221673329,-0.8349600223009475,21.639999516308308,1.0,2.488049945961373,1
14:44:39.204768,69,0.4372525643064867,3.8137697218375024,0.9368665307127642,-0.8349600223009475,67.87999848276377,1.0,0.03636010161991364,1
14:44:39.204768,69,0.4301373157458538,3.792283698542558,1.1055908659338074,-0.6958000185841229,44.63999900221825,1.0,1.8272132090469273,1
14:44:39.204768,69,0.4097776382793895,3.8917835735946738,0.7445520439169706,-0.8349600223009475,29.639999337494373,1.0,1.506333917371824,1
14:44:39.204768,69,0.3976415839808413,3.81780198444986,0.9357860892021128,-0.8349600223009475,66.9999985024333,1.0,0.14730004491896245,1
14:44:39.204768,69,0.4034710659523206,3.83188812714906,0.7638736774037402,-0.8349600223009475,60.99999863654375,1.0,1.4243189455797778,1
14:44:39.204768,69,0.3843396887160089,3.759909445700659,1.2319596759854914,-0.6958000185841229,17.359999611973763,1.0,4.786560404716806,1
14:44:39.204768,69,0.3689167501109162,3.8955444099536303,0.7435443308517224,-0.8349600223009475,25.51999942958355,1.0,1.915016476091145,1
14:44:39.204768,69,0.3632390362732094,3.8355910833693936,0.7628814732748941,-0.8349600223009475,52.63999882340431,1.0,1.829327824407679,1
14:44:39.204768,69,0.3579908398299422,3.821451439147162,0.9348082207631568,-0.8349600223009475,59.99999865889549,1.0,0.41316560689252274,1
14:44:39.204768,69,0.3911709101894709,3.796250345643217,1.1045280060465266,-0.6958000185841229,47.35999894142151,1.0,1.8124524157990267,1
14:44:39.260532,70,0.4767482961762017,3.798473893004299,0.8997322071542475,-0.2783200074336491,84.35999811440706,1.0,0.8610390765966505,1
14:44:39.260532,70,0.444129064932156,3.863273929498469,0.8810595526115206,-0.7655200204462744,97.11999782919884,1.0,3.425674872569442,1
14:44:39.260532,70,0.469178013182881,3.738157951566397,0.9172033520478629,-0.7655200204462744,49.51999889314175,1.0,1.1378712124765182,1
14:44:39.260532,70,0.4616077301895602,3.7177673634061623,1.0836779438838686,-0.6958000185841229,27.119999393820763,1.0,3.068985364827438,1
14:44:39.260532,70,0.4371869758781688,3.802887898103244,0.8985494780525984,-0.2783200074336491,110.35999753326178,1.0,0.4570769315833202,1
14:44:39.260532,70,0.4231969623731688,3.7310944271311257,1.1200223398444416,-0.6958000185841229,32.239999279379845,1.0,3.3366674263059943,1
14:44:39.260532,70,0.4038951381603881,3.867369605933043,0.8799621194184173,-0.7655200204462744,105.5199976414442,1.0,2.8746150456801782,1
14:44:39.260532,70,0.39132743593922,3.757179132377694,0.9526847347448142,-0.7655200204462744,87.99999803304672,1.0,0.40345344236460434,1
14:44:39.260532,70,0.3848592877227658,3.734997071571295,1.1189766294183523,-0.7655200204462744,36.63999918103218,1.0,2.6954552780000887,1
14:44:39.260532,70,0.4843185791695224,3.858789834442201,0.882261062260632,-0.2783200074336491,83.51999813318253,1.0,4.137961862238244,1
14:44:39.260532,70,0.4302448868241817,3.7425018667080185,0.916039403493676,-0.7655200204462744,66.63999851047993,1.0,1.0327957168740585,1
14:44:39.260532,70,0.4999414940683707,3.683733308669883,0.9730192851818542,-0.7655200204462744,22.359999500215054,1.0,3.733623453663815,1
14:44:39.260532,70,0.643875455882168,3.8015292479821614,0.7720083145596246,-0.2783200074336491,37.11999917030335,1.0,3.7544945382473975,1
14:44:39.260532,70,0.5157198896125544,3.758765009876156,0.7867396546064269,-0.7655200204462744,64.51999855786562,1.0,2.2798281486083156,1
14:44:39.260532,70,0.5239090022763325,3.818450414225536,0.7674743017297199,-0.7655200204462744,69.11999845504761,1.0,2.110440945845034,1
14:44:39.260532,70,0.5320981149401106,3.8781358185749153,0.7482089488530126,-0.7655200204462744,17.23999961465597,1.0,5.386367264698366,1
14:44:39.260532,70,0.5381560120952382,3.678719641044266,0.9743626933732564,-0.7655200204462744,18.23999959230423,1.0,4.144293309239906,1
14:44:39.260532,70,0.5463254044302207,3.693989828711723,0.8073688090703821,-0.7655200204462744,28.519999362528324,1.0,5.776113566537985,1
14:44:39.260532,70,0.5551404763256828,3.753593108473461,0.7881254614106121,-0.2783200074336491,49.99999888241291,1.0,2.4070918707142406,1
14:44:39.260532,70,0.5639555482211449,3.813196388235201,0.7688821137508421,-0.2783200074336491,56.11999874562025,1.0,2.491246646356317,1
14:44:39.260532,70,0.5850653998289337,3.688525585311122,0.8088329486768202,-0.7655200204462744,22.359999500215054,1.0,5.859692563022547,1
14:44:39.260532,70,0.5945055494562755,3.74804069839044,0.789613225208404,-0.2783200074336491,39.51999911665917,1.0,2.72006881790005,1
14:44:39.260532,70,0.6039456990836174,3.80755581146976,0.7703935017399879,-0.2783200074336491,45.51999898254872,1.0,3.0408639335980774,1
14:44:39.260532,70,0.6338111725300001,3.7421083348634494,0.7912027972246691,-0.2783200074336491,31.75999929010868,1.0,3.2141315091093987,1
14:44:39.260532,70,0.3636208222131878,3.8710764541817113,0.8789688724237219,-0.7655200204462744,105.35999764502048,1.0,2.4911514663209093,1
14:44:39.260532,70,0.6837408256745695,3.795117300423708,0.7737263907298231,-0.2783200074336491,30.63999931514263,1.0,4.627718279306377,1
14:44:39.260532,70,0.5080642221333396,3.733438194772359,0.9184680070692968,-0.7655200204462744,37.11999917030335,1.0,1.432140306233473,1
14:44:39.260532,70,0.3579371407588484,3.810568463145756,0.8964914768520427,-0.7655200204462744,164.75999631732702,1.0,0.1902175961788553,1
14:44:39.260532,70,0.3975819372488238,3.806919555871196,0.8974691986095171,-0.7655200204462744,140.35999686270952,1.0,0.23142287074546794,1
14:44:39.260532,70,0.3464831274660259,3.738529213560368,1.1180301948248283,-0.7655200204462744,38.75999913364649,1.0,2.235952964549017,1
14:44:39.260532,70,0.3523063056884136,3.7607706374083656,0.9517223938722336,-0.7655200204462744,107.7599975913763,1.0,0.4683848728550391,1
14:44:39.260532,70,0.0391817092729395,3.8149689739344455,1.0995123647124734,-0.7655200204462744,19.999999552965164,1.0,3.4303833045870453,1
14:44:39.260532,70,0.0398298455547778,3.8368302526819416,0.9306874800959636,-0.7655200204462744,33.87999924272299,1.0,5.454757845599434,1
14:44:39.260532,70,0.0783595004077783,3.814401288765998,1.099664475494914,-0.7655200204462744,25.23999943584204,1.0,2.6691592097572867,1
14:44:39.260532,70,0.0796557081583697,3.836253176974868,0.9308421070656456,-0.7655200204462744,42.63999904692173,1.0,4.0501439287750785,1
14:44:39.260532,70,0.1154018354294712,3.7843560714101816,1.2652527532109592,-0.7655200204462744,16.359999634325504,1.0,5.812849046344019,1
14:44:39.260532,70,0.1175764846823309,3.774390881098567,0.9480728605747288,-0.7655200204462744,32.87999926507473,1.0,5.29323684882457,1
14:44:39.260532,70,0.1213707258334317,3.896192015399324,0.9141267424274592,-0.7655200204462744,37.11999917030335,1.0,3.9590410422175055,1
14:44:39.260532,70,0.1538511620613079,3.783055668482128,1.2656011951253665,-0.6958000185841229,19.879999555647373,1.0,6.012114861508225,1
14:44:39.260532,70,0.1567503561112388,3.7730659731854295,0.9484278685800998,-0.7655200204462744,43.63999902456999,1.0,3.9246723473841088,1
14:44:39.260532,70,0.1592795550969622,3.83394516267624,0.9314605376330822,-0.7655200204462744,70.99999841302633,1.0,1.947975042217456,1
14:44:39.260532,70,0.1618087540826857,3.8948243521670514,0.9144932066860648,-0.7655200204462744,45.35999898612499,1.0,3.4696203462761988,1
14:44:39.260532,70,0.1922851037058351,3.781383944795842,1.2660491321370748,-0.6958000185841229,24.23999945819378,1.0,6.409253086476033,1
14:44:39.260532,70,0.1959085526358611,3.771362747290778,0.9488842465830992,-0.7655200204462744,58.87999868392944,1.0,2.792134852189511,1
14:44:39.260532,70,0.1194736052578813,3.8352914482489457,0.9310998015010944,-0.7655200204462744,54.51999878138304,1.0,2.884183658113365,1
14:44:39.260532,70,0.202230601592095,3.893066162477585,0.9149643121934978,-0.7655200204462744,55.87999875098467,1.0,3.185935891430993,1
14:44:39.260532,70,0.2311621258362907,3.746899278166501,1.1157874427730188,-0.7655200204462744,29.23999934643507,1.0,2.0106168622790634,1
14:44:39.260532,70,0.2350471584693522,3.769281373735776,0.9494419489463096,-0.7655200204462744,79.11999823153019,1.0,1.8876867899342007,1
14:44:39.260532,70,0.2388396923400631,3.8300994979421,0.9324909803929562,-0.7655200204462744,121.63999728113411,1.0,0.7308502436416466,1
14:44:39.260532,70,0.2426322262107739,3.890917622148424,0.9155400118396024,-0.7655200204462744,68.75999846309423,1.0,3.099437228930456,1
14:44:39.260532,70,0.2696307039338053,3.744480614425521,1.1164355217691768,-0.7655200204462744,34.23999923467636,1.0,1.8869161949781794,1
14:44:39.260532,70,0.274162259783919,3.7668220606560334,0.9501009198999616,-0.7655200204462744,100.87999774515627,1.0,1.2037144886701554,1
14:44:39.260532,70,0.2785859237970142,3.827600503343916,0.9331605839774292,-0.7655200204462744,151.23999661952257,1.0,0.43378831018843134,1
14:44:39.260532,70,0.2830095878101093,3.888378946031796,0.9162202480548968,-0.7655200204462744,83.11999814212322,1.0,3.2019236397294373,1
14:44:39.260532,70,0.323310144488408,3.874394103562753,0.878079910951302,-0.7655200204462744,96.75999783724546,1.0,2.282020707652992,1
14:44:39.260532,70,0.3080723191868234,3.741690499887104,1.1171831307065356,-0.7655200204462744,37.87999915331602,1.0,1.9642881577696687,1
14:44:39.260532,70,0.3132499451022009,3.7639850539808006,0.9508610935475124,-0.7655200204462744,113.75999745726584,1.0,0.7329320207118636,1
14:44:39.260532,70,0.3182565508546771,3.813834255039253,0.8956164105515318,-0.7655200204462744,169.51999621093273,1.0,0.3399556948326977,1
14:44:39.260532,70,0.199069577113978,3.832214454884182,0.9319242793882988,-0.7655200204462744,93.3599979132414,1.0,1.232944311749714,1
14:44:39.316827,71,0.5469816730183015,3.739049975469896,0.9575424276977158,-0.4174800111504737,52.11999883502722,1.0,3.564697104273719,1
14:44:39.316827,71,0.5558073339413646,3.799380309895527,0.9407221620221752,-0.4174800111504737,112.2399974912405,1.0,0.2616289645621019,1
14:44:39.316827,71,0.572770620116607,3.8727996679969383,0.7496387660910722,-0.5566400148672983,21.87999951094389,1.0,2.369156145895502,1
14:44:39.316827,71,0.5320981149401106,3.8781358185749153,0.7482089488530126,-0.5566400148672983,21.119999527931213,1.0,2.3543327405985375,1
14:44:39.316827,71,0.5857682044958357,3.73357916819496,0.9590083260889812,-0.4174800111504737,43.35999903082848,1.0,3.490476916414985,1
14:44:39.316827,71,0.5645482992131436,3.8486582208842735,0.8849758199315025,-0.4174800111504737,63.35999858379364,1.0,1.7975085124282792,1
14:44:39.316827,71,0.5244596619547344,3.853917769169988,0.8835665282157932,-0.5566400148672983,65.51999853551388,1.0,1.471611169785542,1
14:44:39.316827,71,0.4768198197420321,3.809355054532973,0.9380494372518648,-0.4174800111504737,139.519996881485,1.0,0.23219928110117372,1
14:44:39.316827,71,0.508140443831727,3.744145866334592,0.9561769878558032,-0.4174800111504737,61.35999862849712,1.0,3.8771730527796655,1
14:44:39.316827,71,0.4990668224873297,3.7471089084678537,1.235389569599706,-0.6958000185841229,20.359999544918537,1.0,1.9298499638602076,1
14:44:39.316827,71,0.4913724003979126,3.883078842672417,0.7468844695379195,-0.5566400148672983,18.999999575316902,1.0,2.5394866410057912,1
14:44:39.316827,71,0.4843185791695224,3.858789834442201,0.882261062260632,-0.5566400148672983,60.35999865084887,1.0,1.3357934304610317,1
14:44:39.316827,71,0.4692484010264899,3.7488663312042303,0.9549121431060844,-0.4174800111504737,69.2399984523654,1.0,4.435953884155172,1
14:44:39.316827,71,0.4605693638239833,3.759303613733157,1.271965539013933,-0.6958000185841229,23.87999946624041,1.0,2.211724591815419,1
14:44:39.316827,71,0.5951304103257191,3.782942398593034,0.9038938585389944,-0.4174800111504737,91.11999796330927,1.0,0.8126171245438581,1
14:44:39.316827,71,0.5163393935950833,3.804558423999303,0.9393346905297522,-0.4174800111504737,130.87999707460403,1.0,0.14116915308318545,1
14:44:39.316827,71,0.6045804821146106,3.843011715535484,0.886488796479769,-0.4174800111504737,55.63999875634909,1.0,2.304845153913633,1
14:44:39.316827,71,0.7751928619291643,3.840242067103592,0.7583625489579393,-0.4174800111504737,11.639999739825726,1.0,5.159700598697793,1
14:44:39.316827,71,0.6244961596436776,3.727733991585926,0.9605745364409892,-0.4174800111504737,35.879999198019505,1.0,3.647156515693071,1
14:44:39.316827,71,0.4518595201414082,3.717734074301802,1.3959139598777413,-0.6958000185841229,20.239999547600743,1.0,4.189109883477311,1
14:44:39.316827,71,0.8424788096575493,3.7656290699668618,0.7816277382669579,-0.4174800111504737,17.519999608397484,1.0,4.864277718275494,1
14:44:39.316827,71,0.8029107825635133,3.7735757575189126,0.7794984297548833,-0.4174800111504737,20.75999953597784,1.0,3.8292042218379354,1
14:44:39.316827,71,0.7903606510925774,3.714591779596493,0.7985758359869364,-0.4174800111504737,29.879999332129955,1.0,7.873103446055358,1
14:44:39.316827,71,0.7632624650638999,3.7811398563257335,0.7774716355881264,-0.4174800111504737,24.99999944120645,1.0,2.9852642762116908,1
14:44:39.316827,71,0.7521217631136872,3.756912014987582,0.9108686788047478,-0.4174800111504737,36.51999918371439,1.0,3.2603819523226054,1
14:44:39.316827,71,0.7348472911871438,3.847535061628778,0.7564083969645112,-0.4174800111504737,13.879999689757824,1.0,4.262517502126617,1
14:44:39.316827,71,0.6133858487109592,3.867070924549078,0.7511737782715717,-0.5566400148672983,21.119999527931213,1.0,2.575095100839013,1
14:44:39.316827,71,0.7235378219572424,3.7883206099837823,0.7755475584444054,-0.4174800111504737,30.35999932140112,1.0,2.3365181228984193,1
14:44:39.316827,71,0.69442823633166,3.854437989723548,0.7545587629561075,-0.4174800111504737,16.519999630749226,1.0,3.5287119937789684,1
14:44:39.316827,71,0.6844594781534166,3.8305601308708015,0.8898251885351582,-0.4174800111504737,37.51999916136265,1.0,3.833007151753973,1
14:44:39.316827,71,0.6737608343888785,3.770685442058847,0.9071781001439934,-0.4174800111504737,56.99999872595072,1.0,1.6427881359094973,1
14:44:39.316827,71,0.6630621906243402,3.710810753246891,0.9245310117528284,-0.4174800111504737,29.639999337494373,1.0,6.080516578628896,1
14:44:39.316827,71,0.6539397392343358,3.860950161100875,0.7528138318945794,-0.5566400148672983,18.999999575316902,1.0,2.9640549132411835,1
14:44:39.316827,71,0.6445522074743841,3.836978817769418,0.8881053065642057,-0.4174800111504737,46.11999896913767,1.0,2.9857264116272137,1
14:44:39.316827,71,0.634477345958814,3.777003799797365,0.9054851012904666,-0.4174800111504737,72.23999838531017,1.0,1.1262841957121335,1
14:44:39.316827,71,0.7129769472999815,3.763987957207961,0.9089726858011078,-0.4174800111504737,45.35999898612499,1.0,2.3559656183181965,1
14:44:39.316827,71,0.4505975490273468,3.887628245991176,0.7456654605926145,-0.6958000185841229,16.359999634325504,1.0,2.9342422368863454,1
14:44:39.316827,71,0.2785859237970142,3.827600503343916,0.9331605839774292,-0.6263600167294499,62.35999860614538,1.0,4.201976122373392,1
14:44:39.316827,71,0.4372525643064867,3.8137697218375024,0.9368665307127642,-0.6263600167294499,133.9999970048666,1.0,0.5437904363553184,1
14:44:39.316827,71,0.306671232565138,3.794522016778063,1.381875906627811,-0.6958000185841229,32.75999926775694,1.0,4.340693931441033,1
14:44:39.316827,71,0.3013241517108025,3.738228643588037,1.4294792020518434,-0.6958000185841229,26.87999939918518,1.0,3.1743102920823585,1
14:44:39.316827,71,0.2829671360200488,3.877322222314012,0.8772953238965597,-0.6263600167294499,20.63999953866005,1.0,3.861928588602159,1
14:44:39.316827,71,0.2740525985403557,3.805889416878988,1.1019452246931154,-0.5566400148672983,49.63999889045954,1.0,1.6971241697928408,1
14:44:39.316827,71,0.2681217281675844,3.803331589855522,1.4192233372498908,-0.6958000185841229,31.119999304413795,1.0,5.719720213137951,1
14:44:39.316827,71,0.2388396923400631,3.8300994979421,0.9324909803929562,-0.6263600167294499,50.23999887704849,1.0,5.777154058688905,1
14:44:39.316827,71,0.2349531427440875,3.8083477462663327,1.101286517319047,-0.5566400148672983,41.23999907821417,1.0,2.6949126774595586,1
14:44:39.316827,71,0.2298684376885169,3.8057367176567207,1.4185788851978662,-0.6958000185841229,28.23999936878681,1.0,5.20290822376354,1
14:44:39.316827,71,0.2260986370315393,3.743323326228241,1.4281140859527075,-0.6958000185841229,22.879999488592148,1.0,3.3685665465118575,1
14:44:39.316827,71,0.199069577113978,3.832214454884182,0.9319242793882988,-0.6263600167294499,40.99999908357859,1.0,7.642072017553502,1
14:44:39.316827,71,0.1954385445068707,3.8433979551694297,1.2540124711161815,-0.6958000185841229,34.11999923735857,1.0,3.800615615058153,1
14:44:39.316827,71,0.1915921605582646,3.807772232956928,1.4180334705169946,-0.6958000185841229,24.759999446570877,1.0,4.897257329537654,1
14:44:39.316827,71,0.18845008389908,3.7453254594469705,1.4275776159736098,-0.6958000185841229,19.879999555647373,1.0,3.8273232151187475,1
14:44:39.316827,71,0.1532967243724724,3.809437932206319,1.417587147748287,-0.6958000185841229,21.119999527931213,1.0,4.8158781146571865,1
14:44:39.316827,71,0.444129064932156,3.863273929498469,0.8810595526115206,-0.6263600167294499,50.6399988681078,1.0,1.3994369137986271,1
14:44:39.316827,71,0.3131246493063713,3.803053544968548,1.102705094281356,-0.6958000185841229,58.87999868392944,1.0,0.956079827599521,1
14:44:39.316827,71,0.3183042968949852,3.824717720986997,0.9339330231819204,-0.6263600167294499,77.99999825656414,1.0,2.9032802506345883,1
14:44:39.316827,71,0.2637245804897211,3.7409576420864528,1.4287479691080471,-0.6958000185841229,25.359999433159828,1.0,3.1548958957343096,1
14:44:39.316827,71,0.3388935907691625,3.7351366036305578,1.430307711661415,-0.6958000185841229,26.99999939650297,1.0,3.4154224451280637,1
14:44:39.316827,71,0.4302448868241817,3.783081988532989,1.067486479921801,-0.4174800111504737,73.75999835133553,1.0,0.25019492712918984,1
14:44:39.316827,71,0.323310144488408,3.874394103562753,0.878079910951302,-0.6263600167294499,25.359999433159828,1.0,2.8919695942597827,1
14:44:39.316827,71,0.414363509459447,3.721917645049528,1.3947929754744095,-0.6958000185841229,23.11999948322773,1.0,3.5441893419124586,1
14:44:39.316827,71,0.4097776382793895,3.8917835735946738,0.7445520439169706,-0.6958000185841229,13.759999692440031,1.0,3.54898173225609,1
14:44:39.316827,71,0.4038951381603881,3.867369605933043,0.8799621194184173,-0.6263600167294499,40.3599990978837,1.0,1.6726598687656569,1
14:44:39.316827,71,0.3976415839808413,3.81780198444986,0.9357860892021128,-0.6263600167294499,117.35999737679958,1.0,1.0857249793263746,1
14:44:39.316827,71,0.3911709101894709,3.796250345643217,1.1045280060465266,-0.6958000185841229,72.99999836832285,1.0,0.19601013919533394,1
14:44:39.316827,71,0.3840895948140324,3.767462664546504,1.2697793279374925,-0.6958000185841229,30.51999931782484,1.0,1.3018660022168858,1
14:44:39.316827,71,0.4223505966719186,3.7635678251349423,1.2708229470124688,-0.6958000185841229,27.359999388456345,1.0,1.6573022407133946,1
14:44:39.316827,71,0.3705431450274343,3.663618628424723,1.4038769359735233,-0.6958000185841229,10.359999768435957,1.0,7.660252756379322,1
14:44:39.316827,71,0.3689167501109162,3.8955444099536303,0.7435443308517224,-0.6958000185841229,11.359999746084211,1.0,4.3948399386334245,1
14:44:39.316827,71,0.3636208222131878,3.8710764541817113,0.8789688724237219,-0.6263600167294499,31.75999929010868,1.0,2.166312112426561,1
14:44:39.316827,71,0.3579908398299422,3.821451439147162,0.9348082207631568,-0.6263600167294499,96.99999783188105,1.0,1.8684916397320945,1
14:44:39.316827,71,0.3521653878697924,3.7998404141198265,1.1035660500974465,-0.6958000185841229,67.35999849438667,1.0,0.459559195100426,1
14:44:39.316827,71,0.3457901843184554,3.770987742487161,1.2688347861500362,-0.6958000185841229,32.51999927312136,1.0,1.1552879631537056,1
14:44:39.316827,71,0.376826062773694,3.725738829013924,1.3937690923170192,-0.6958000185841229,25.51999942958355,1.0,3.1008236160477693,1
14:44:39.373927,72,0.4998665022226422,3.673198407573545,0.9359187464960486,-0.5566400148672983,55.519998759031296,1.0,2.0325360148352654,1
14:44:39.373927,72,0.4917425443050143,3.623320751005173,0.9898615825079056,-0.5566400148672983,26.519999407231808,1.0,2.9007350167036936,1
14:44:39.373927,72,0.4899960526377298,3.829613086629741,0.5914496309744908,-0.6958000185841229,9.359999790787697,0.9359999790787696,3.8907278047043574,1
14:44:39.373927,72,0.4835437727932697,3.81072693522804,0.7277148706432395,-0.6958000185841229,27.99999937415123,1.0,0.8585482679235645,1
14:44:39.373927,72,0.4762477313425355,3.763555885412715,0.7854559433753678,-0.6958000185841229,88.99999801069498,1.0,0.45199428853949597,1
14:44:39.373927,72,0.4686853968148469,3.703794406782863,0.8047416802940923,-0.8349600223009475,110.87999752163888,1.0,0.405179245147954,1
14:44:39.373927,72,0.4616077301895602,3.677842010128496,0.9346744969414784,-0.5566400148672983,77.75999826192856,1.0,1.1173635352337268,1
14:44:39.373927,72,0.429793148533901,3.7081337610038103,0.8035789538349167,-0.6958000185841229,156.11999651044607,1.0,0.41546077699003436,1
14:44:39.373927,72,0.4434185532025034,3.8152038566890942,0.7265152831531723,-0.6958000185841229,28.999999351799488,1.0,1.0499518433507045,1
14:44:39.373927,72,0.4367279486983829,3.7679652559996,0.7842744560874826,-0.6958000185841229,110.23999753594398,1.0,0.4279487917497744,1
14:44:39.373927,72,0.4233027977701946,3.682115835312794,0.933529328934754,-0.5566400148672983,107.2399976029992,1.0,0.4775448516847478,1
14:44:39.373927,72,0.416423172709887,3.632093250433833,0.9875109983703936,-0.5566400148672983,41.75999906659126,1.0,1.0233395735587187,1
14:44:39.373927,72,0.4034710659523206,3.83188812714906,0.7638736774037402,-0.6958000185841229,27.239999391138557,1.0,0.7641493203931653,1
14:44:39.373927,72,0.3971644936252517,3.771992680703446,0.7831953108905096,-0.6958000185841229,118.11999735981226,1.0,0.698426009233828,1
14:44:39.373927,72,0.5075307769487764,3.699079605526776,0.8060050074831342,-0.8349600223009475,77.23999827355146,1.0,0.6796755071314501,1
14:44:39.373927,72,0.4541055635954054,3.627888884546747,0.9886375548145232,-0.5566400148672983,33.639999248087406,1.0,1.8287633307915594,1
14:44:39.373927,72,0.5154360331036899,3.746374016373825,0.7488846995847274,-0.8349600223009475,67.23999849706888,1.0,0.8519765600527838,1
14:44:39.373927,72,0.6818256486047939,3.7425533838555536,0.6206625650849678,-0.1391600037168245,12.879999712109566,1.0,3.6152199767628,1
14:44:39.373927,72,0.3912687363372596,3.746469505809349,0.9149762778006164,-0.6958000185841229,194.87999564409256,1.0,0.1669223721251434,1
14:44:39.373927,72,0.6711681736822056,3.684054310204532,0.642222701686568,-0.904680024163099,23.519999474287037,1.0,3.457050807800724,1
14:44:39.373927,72,0.6420719428219667,3.74894737137056,0.6189493012939071,-0.904680024163099,15.119999662041664,1.0,3.0558675043551062,1
14:44:39.373927,72,0.6320358498073888,3.690348354630368,0.6405362175655396,-0.904680024163099,29.519999340176582,1.0,2.9459125928997905,1
14:44:39.373927,72,0.6234035737115428,3.670502207139062,0.7731410059013863,-0.4872000130126253,30.999999307096004,1.0,2.6310530098567835,1
14:44:39.373927,72,0.6136826058256644,3.623266508626023,0.8295917625547589,-0.5566400148672983,23.35999947786331,1.0,3.0160129184479594,1
14:44:39.373927,72,0.6022540303827856,3.75495705428621,0.6173390116098916,-0.904680024163099,17.759999603033066,1.0,2.7944159329057827,1
14:44:39.373927,72,0.5224415185893393,3.765821140956653,0.6144279883600448,-0.6958000185841229,24.879999443888664,1.0,3.1706336987389534,1
14:44:39.373927,72,0.5928403228771113,3.696264101442121,0.6389510979847033,-0.904680024163099,37.99999915063381,1.0,2.723965431278514,1
14:44:39.373927,72,0.5756252502015919,3.629010472231804,0.8280526721452361,-0.5566400148672983,30.23999932408333,1.0,1.9614803061577188,1
14:44:39.373927,72,0.566865225447692,3.613095044527444,0.9926015523006508,-0.5566400148672983,16.639999628067017,1.0,5.8398278631156835,1
14:44:39.373927,72,0.5623758930451352,3.760581831639248,0.6158318570605399,-0.904680024163099,20.999999530613422,1.0,2.8322467837947185,1
14:44:39.373927,72,0.5535855124112282,3.701800959070069,0.6374675014546884,-0.904680024163099,50.23999887704849,1.0,2.7925448538421094,1
14:44:39.373927,72,0.5463254044302207,3.693989828711723,0.8073688090703821,-0.8349600223009475,54.9999987706542,1.0,1.2378651131242115,1
14:44:39.373927,72,0.5375103325347584,3.634386548949984,0.8266121567301521,-0.5566400148672983,40.51999909430742,1.0,1.1796906390223512,1
14:44:39.373927,72,0.5293303511721751,3.618389306618635,0.9911829590487972,-0.5566400148672983,20.87999953329563,1.0,4.238155173934964,1
14:44:39.373927,72,0.5850653998289337,3.688525585311122,0.8088329486768202,-0.8349600223009475,40.639999091625214,1.0,2.0785607438161784,1
14:44:39.373927,72,0.3850132878975986,3.696556280305528,0.969583380287516,-0.5566400148672983,135.23999697715044,1.0,0.5207199611322947,1
14:44:39.373927,72,0.1194258174108745,3.874986087962208,1.0853949694261955,-0.6958000185841229,19.879999555647373,1.0,2.923097996926761,1
14:44:39.373927,72,0.3632390362732094,3.8355910833693936,0.7628814732748941,-0.6958000185841229,23.639999471604824,1.0,1.3124601620317038,1
14:44:39.373927,72,0.2273711089284939,3.6854508100666665,1.1302883682269909,-0.5566400148672983,36.11999919265509,1.0,1.9123751647613587,1
14:44:39.373927,72,0.2022002667504063,3.8820087356715054,0.8760395764271018,-0.6958000185841229,10.359999768435957,1.0,2.548495261934035,1
14:44:39.373927,72,0.199069577113978,3.832214454884182,0.9319242793882988,-0.6958000185841229,33.2399992570281,1.0,1.7689209090833926,1
14:44:39.373927,72,0.1959085526358611,3.771362747290778,0.9488842465830992,-0.6958000185841229,50.87999886274338,1.0,1.7112809092416323,1
14:44:39.373927,72,0.1927475281577443,3.710511039697375,0.9658442137779002,-0.5566400148672983,45.2399989888072,1.0,1.7341728248792165,1
14:44:39.373927,72,0.1895106716093317,3.687464211191688,1.1297488790215016,-0.5566400148672983,28.639999359846115,1.0,1.8379522363033693,1
14:44:39.373927,72,0.2312546245986414,3.708463249529453,0.966392917499663,-0.5566400148672983,62.759998597204685,1.0,0.933262083856282,1
14:44:39.373927,72,0.1592795550969622,3.83394516267624,0.9314605376330822,-0.6958000185841229,25.359999433159828,1.0,2.844061957877342,1
14:44:39.373927,72,0.1541594707216774,3.750621322967713,1.1147901238743414,-0.5566400148672983,33.519999250769615,1.0,2.112528653594731,1
14:44:39.373927,72,0.1516312833817808,3.6891118140086903,1.1293074051772385,-0.5566400148672983,22.63999949395657,1.0,2.033677032031414,1
14:44:39.373927,72,0.1175294556582259,3.813455209894396,1.099917976564536,-0.6958000185841229,28.23999936878681,1.0,2.696661198571273,1
14:44:39.373927,72,0.1156330939055772,3.751924331826585,1.114440983702876,-0.5566400148672983,25.51999942958355,1.0,2.55561203201614,1
14:44:39.373927,72,0.0783595004077783,3.814401288765998,1.099664475494914,-0.6958000185841229,21.99999950826168,1.0,3.4037312307017427,1
14:44:39.373927,72,0.077095153876964,3.752855145522516,1.1141915729247476,-0.5566400148672983,19.999999552965164,1.0,3.278149612855542,1
14:44:39.373927,72,0.1566876580615739,3.812130831926735,1.1002728425714443,-0.6958000185841229,37.239999167621136,1.0,2.277783527515945,1
14:44:39.373927,72,0.2350471584693522,3.769281373735776,0.9494419489463096,-0.6958000185841229,71.8799983933568,1.0,0.9217405677884281,1
14:44:39.373927,72,0.1137367321529285,3.690393453758773,1.1289639908412163,-0.5566400148672983,17.999999597668648,1.0,2.4999504972613527,1
14:44:39.373927,72,0.2423411160760603,3.844365923931794,0.760530261832487,-0.6958000185841229,12.759999714791777,1.0,4.79130415974765,1
14:44:39.373927,72,0.2388396923400631,3.8300994979421,0.9324909803929562,-0.6958000185841229,44.519999004900455,1.0,0.9915417596948751,1
14:44:39.373927,72,0.3575613224355026,3.775637756785157,0.7822186156980653,-0.6958000185841229,105.639997638762,1.0,1.26433515235843,1
14:44:39.373927,72,0.3523063056884136,3.7607706374083656,0.9517223938722336,-0.6958000185841229,191.3599957227707,1.0,0.281366140355107,1
14:44:39.373927,72,0.346621771546885,3.7000898356695706,0.9686365669813102,-0.5566400148672983,140.9999968484044,1.0,0.20645897994595497,1
14:44:39.373927,72,0.3409372374053564,3.6394090339307743,0.9855507400903872,-0.5566400148672983,52.87999881803989,1.0,0.21604826133929478,1
14:44:39.373927,72,0.3229706829947929,3.838905249363869,0.7619934451730916,-0.6958000185841229,19.519999563694,1.0,2.1659620731230333,1
14:44:39.373927,72,0.3182565508546771,3.813834255039253,0.8956164105515318,-0.6958000185841229,82.51999815553427,1.0,0.2699580620507357,1
14:44:39.373927,72,0.3132499451022009,3.7639850539808006,0.9508610935475124,-0.6958000185841229,148.99999666959047,1.0,0.20738947170213634,1
14:44:39.373927,72,0.3786991398559773,3.635933428233363,0.9864820258302176,-0.5566400148672983,49.11999890208244,1.0,0.4854662135197618,1
14:44:39.373927,72,0.3030957699534846,3.671425294199116,1.0947857268088774,-0.5566400148672983,50.75999886542559,1.0,1.7496366017366114,1
14:44:39.373927,72,0.3081955933094167,3.7032523869746057,0.967789163913104,-0.5566400148672983,118.87999734282494,1.0,0.16998845300004484,1
14:44:39.373927,72,0.2826700329186619,3.841830293718664,0.7612096819003991,-0.6958000185841229,15.75999964773655,1.0,3.325374294860878,1
14:44:39.373927,72,0.2785859237970142,3.827600503343916,0.9331605839774292,-0.6958000185841229,60.75999864190817,1.0,0.5114585048460325,1
14:44:39.373927,72,0.274162259783919,3.7668220606560334,0.9501009198999616,-0.6958000185841229,104.11999767273664,1.0,0.4206279254093641,1
14:44:39.373927,72,0.2697385957708239,3.706043617968153,0.967041255822494,-0.5566400148672983,87.99999803304672,1.0,0.4120446858929723,1
14:44:39.373927,72,0.2652088093272549,3.683071811972052,1.1309258188452382,-0.5566400148672983,44.23999901115894,1.0,2.2564455980522644,1
14:44:39.427493,73,0.4539239274327469,3.764525068514297,0.1137879328802084,-0.6263600167294499,37.63999915868044,1.0,1.8877166517191948,1
14:44:39.427493,73,0.4364875700096063,3.9520514378593177,-0.2388516348217491,-0.5566400148672983,28.999999351799488,1.0,2.152427046247683,1
14:44:39.427493,73,0.429793148533901,3.891438719797002,-0.1959183484712144,-0.5566400148672983,87.11999805271626,1.0,0.7344699901482291,1
14:44:39.427493,73,0.4233663032420869,3.833248693501742,-0.0385668581813669,-0.5566400148672983,75.51999831199646,1.0,0.3960442690879034,1
14:44:39.427493,73,0.4162566090004838,3.768876007357096,0.1137879328802084,-0.6263600167294499,47.9999989271164,1.0,1.379869930299705,1
14:44:39.427493,73,0.3908579212981828,3.895542009248583,-0.1959183484712144,-0.5566400148672983,97.63999781757592,1.0,0.7654604875045341,1
14:44:39.427493,73,0.3969458909906119,3.956218639797915,-0.2388516348217491,-0.5566400148672983,28.519999362528324,1.0,2.431199485677035,1
14:44:39.427493,73,0.4616769823109476,3.8288234402957184,-0.0385668581813669,-0.5566400148672983,58.63999868929386,1.0,0.7601313611341349,1
14:44:39.427493,73,0.3850132878975986,3.8372906250499135,-0.0385668581813669,-0.4872000130126253,94.99999787658452,1.0,0.30963498831255787,1
14:44:39.427493,73,0.3785476652560607,3.772850061756726,0.1137879328802084,-0.6263600167294499,59.75999866425991,1.0,1.146886241664844,1
14:44:39.427493,73,0.3714915955286302,3.70252472217528,0.2609043128509833,-0.6263600167294499,29.35999934375286,1.0,3.5535089788376686,1
14:44:39.427493,73,0.3575613224355026,3.96217103501956,-0.1990795310071339,-0.5566400148672983,26.6399994045496,1.0,3.1230693145925654,1
14:44:39.427493,73,0.4087636372380177,3.701033044894174,0.2236807408005598,-0.6263600167294499,26.6399994045496,1.0,3.675843879187688,1
14:44:39.427493,73,0.4684274284813091,3.884806882225527,-0.2350589113164518,-0.5566400148672983,73.87999834865332,1.0,1.0410778420555966,1
14:44:39.427493,73,0.5072514277955098,3.879928447399494,-0.2350589113164518,-0.5566400148672983,60.99999863654375,1.0,1.6247983163870705,1
14:44:39.427493,73,0.4915458538525646,3.7597976803185698,0.1137879328802084,-0.6263600167294499,29.35999934375286,1.0,2.675579044627092,1
14:44:39.427493,73,0.4999414940683707,3.8240153079534567,-0.0385668581813669,-0.5566400148672983,45.639998979866505,1.0,1.4072425466988348,1
14:44:39.427493,73,0.5142753438578984,3.9336538589987184,-0.3580087401169781,-0.5566400148672983,26.359999410808086,1.0,2.754933262796199,1
14:44:39.427493,73,0.5224415185893393,3.996116322208828,-0.3636935584970444,-0.2783200074336491,6.999999843537808,0.6999999843537809,4.472952250022379,1
14:44:39.427493,73,0.5291186260988147,3.7546943155047714,0.1137879328802084,-0.6263600167294499,23.23999948054552,1.0,3.7486155388426665,1
14:44:39.427493,73,0.5381560120952382,3.8188247772841626,-0.0385668581813669,-0.5566400148672983,35.879999198019505,1.0,2.3427307625186278,1
14:44:39.427493,73,0.5535855124112282,3.928314510342071,-0.3580087401169781,-0.5566400148672983,23.87999946624041,1.0,3.5032662826058867,1
14:44:39.427493,73,0.5763167149717638,3.813252367336555,-0.0385668581813669,-0.5566400148672983,28.759999357163903,1.0,3.5719528975433934,1
14:44:39.427493,73,0.5834266153714369,3.8602956749940622,-0.3523239217369118,-0.7655200204462744,40.8799990862608,1.0,4.445148682343533,1
14:44:39.427493,73,0.5928403228771113,3.922582333525535,-0.3580087401169781,-0.5566400148672983,21.239999525249004,1.0,4.551075018116774,1
14:44:39.427493,73,0.6314338847069406,3.912727779530863,-0.3976614668876052,-0.5566400148672983,18.639999583363533,1.0,6.2176044843726626,1
14:44:39.427493,73,0.3518836085977958,3.899255747762925,-0.1959183484712144,-0.5566400148672983,101.75999772548676,1.0,1.0711325193199248,1
14:44:39.427493,73,0.4749137482010432,3.938599845565084,-0.3580087401169781,-0.5566400148672983,28.23999936878681,1.0,2.3003833344046694,1
14:44:39.427493,73,0.5447951317773212,3.865936830613424,-0.3523239217369118,-0.7655200204462744,49.87999888509512,1.0,3.1174973653564857,1
14:44:39.427493,73,0.3408008670622595,3.776446834311077,0.1137879328802084,-0.6263600167294499,69.6399984434247,1.0,1.1836213347854074,1
14:44:39.427493,73,0.3344483917946246,3.70605445144746,0.2609043128509833,-0.6263600167294499,30.999999307096004,1.0,3.4151082022653263,1
14:44:39.427493,73,0.346621771546885,3.840948830750468,-0.0385668581813669,-0.4872000130126253,112.11999749392272,1.0,0.49556657867772663,1
14:44:39.427493,73,0.0385649298546135,3.7149802490506696,-1.0353533072591208,-0.7655200204462744,25.51999942958355,1.0,4.665826636288058,1
14:44:39.427493,73,0.0758611507936422,3.653505661671791,-1.0182264399288206,-0.7655200204462744,20.63999953866005,1.0,4.826831152374504,1
14:44:39.427493,73,0.0771260032485514,3.71442150010615,-1.0352035909306652,-0.7655200204462744,32.239999279379845,1.0,4.061525861193179,1
14:44:39.427493,73,0.0783908557034605,3.775337338540509,-1.05218074193251,-0.7655200204462744,31.999999284744263,1.0,4.366846739840478,1
14:44:39.427493,73,0.1137822435312302,3.6525897467978097,-1.0179810212780014,-0.6958000185841229,26.239999413490292,1.0,4.716152280032088,1
14:44:39.427493,73,0.1156793641067806,3.713490313948189,-1.0349540803516364,-0.7655200204462744,41.51999907195568,1.0,3.7043935904689795,1
14:44:39.427493,73,0.1516919581397919,3.651307594203808,-1.0176374695258652,-0.4872000130126253,33.87999924272299,1.0,4.8554264302548455,1
14:44:39.427493,73,0.1542211571255154,3.712186783694619,-1.0346048004728827,-0.7655200204462744,53.99999879300594,1.0,3.5989639600811247,1
14:44:39.427493,73,0.1567268433629216,3.7623539635712095,-1.0892799498288803,-0.5566400148672983,48.51999891549349,1.0,3.6738817682055624,1
14:44:39.427493,73,0.1859782221037639,3.6573559240486646,-0.7098775458211388,-0.6958000185841229,23.75999946892261,1.0,3.054098193264757,1
14:44:39.427493,73,0.1895865036796274,3.649659332103971,-1.0171958190272992,-0.4872000130126253,43.87999901920557,1.0,5.249034869990639,1
14:44:39.427493,73,0.1927475281577443,3.710511039697375,-1.0341557862220998,-0.7655200204462744,70.51999842375517,1.0,3.7497904934089608,1
14:44:39.427493,73,0.1958791661093766,3.914318212818486,-0.0783947754093914,-0.5566400148672983,59.8799986615777,1.0,5.831082030882803,1
14:44:39.427493,73,0.1175764846823309,3.774390881098567,-1.0519271394252712,-0.7655200204462744,39.23999912291765,1.0,3.755238016434758,1
14:44:39.427493,73,0.2273711089284939,3.7849700530114063,0.1137879328802084,-0.6263600167294499,55.63999875634909,1.0,2.860876703322612,1
14:44:39.427493,73,0.3279604552440755,3.6341610092190506,0.3661141064315747,-0.6263600167294499,8.999999798834324,0.8999999798834324,6.954776665630899,1
14:44:39.427493,73,0.2231329467474713,3.714418798674072,0.2609043128509833,-0.6263600167294499,26.99999939650297,1.0,4.551548325901567,1
14:44:39.427493,73,0.3179223954130751,3.9655484816787454,-0.1990795310071339,-0.5566400148672983,24.119999460875988,1.0,4.000580434462557,1
14:44:39.427493,73,0.3128741078313574,3.902579563969292,-0.1959183484712144,-0.5566400148672983,97.51999782025814,1.0,1.6459868587771473,1
14:44:39.427493,73,0.3081955933094167,3.844222944785895,-0.0385668581813669,-0.4872000130126253,118.23999735713004,1.0,0.9485141140207396,1
14:44:39.427493,73,0.2973717435016407,3.7092135783794298,0.2609043128509833,-0.6263600167294499,31.119999304413795,1.0,3.5385880332910924,1
14:44:39.427493,73,0.278251676417462,3.968529376812104,-0.1990795310071339,-0.5566400148672983,21.239999525249004,1.0,5.143601524885339,1
14:44:39.427493,73,0.3030199890672754,3.7796659653459073,0.1137879328802084,-0.6263600167294499,72.63999837636948,1.0,1.4849419276783262,1
14:44:39.427493,73,0.2738333199162621,3.905513125488846,-0.1959183484712144,-0.5566400148672983,86.75999806076288,1.0,2.4845399969064585,1
14:44:39.427493,73,0.2697385957708239,3.8471126397475377,-0.0385668581813669,-0.4872000130126253,109.11999756097794,1.0,1.663167337097316,1
14:44:39.427493,73,0.2652088093272549,3.78250713295081,0.1137879328802084,-0.6263600167294499,66.87999850511551,1.0,2.045728272505473,1
14:44:39.427493,73,0.2602653582834449,3.7120017870611446,0.2609043128509833,-0.6263600167294499,29.639999337494373,1.0,3.91903447895416,1
14:44:39.427493,73,0.2347651488985929,3.908056138967893,-0.1959183484712144,-0.5566400148672983,73.11999836564064,1.0,3.581326861269263,1
14:44:39.427493,73,0.2312546245986414,3.84961762666832,-0.0385668581813669,-0.7655200204462744,90.3599979802966,1.0,2.634233296517598,1
14:44:39.483076,74,0.4917425443050143,3.7613021509616735,-0.037934368707076,-0.5566400148672983,62.35999860614538,1.0,1.042560636732362,1
14:44:39.483076,74,0.5142753438578984,3.9336538589987184,-0.3580087401169781,-0.5566400148672983,22.99999948590994,1.0,1.3257390512782865,1
14:44:39.483076,74,0.5072514277955098,3.879928447399494,-0.2350589113164518,-0.5566400148672983,70.99999841302633,1.0,0.5588301309827538,1
14:44:39.483076,74,0.4998665022226422,3.823441700902552,-0.0771298597092271,-0.5566400148672983,90.8799979686737,1.0,0.8229631979240812,1
14:44:39.483076,74,0.520504690249112,3.693568710822389,-0.0373018792327851,-0.5566400148672983,21.87999951094389,1.0,1.5943941286622978,1
14:44:39.483076,74,0.4834710624012475,3.698034201022038,0.0746000283088985,-0.5566400148672983,26.519999407231808,1.0,2.2945455329565663,1
14:44:39.483076,74,0.429793148533901,3.891438719797002,-0.1959183484712144,-0.6263600167294499,93.3599979132414,1.0,0.17858623538864324,1
14:44:39.483076,74,0.4686853968148469,3.886946289733693,-0.1959183484712144,-0.6263600167294499,84.11999811977148,1.0,0.27499153885636624,1
14:44:39.483076,74,0.4616077301895602,3.828249112018984,-0.0771298597092271,-0.6263600167294499,116.51999739557505,1.0,0.4253400094554803,1
14:44:39.483076,74,0.4464671642029187,3.702683930798941,0.0746000283088985,-0.5566400148672983,31.63999929279089,1.0,1.7267058190305042,1
14:44:39.483076,74,0.4364875700096063,3.9520514378593177,-0.2388516348217491,-0.5566400148672983,22.11999950557947,1.0,0.44780383213342306,1
14:44:39.483076,74,0.4233027977701946,3.8326737014315246,-0.0771298597092271,-0.6263600167294499,142.87999680638313,1.0,0.1729037248286756,1
14:44:39.483076,74,0.5293303511721751,3.756196744053275,-0.037934368707076,-0.5566400148672983,47.8799989297986,1.0,1.6173290677121006,1
14:44:39.483076,74,0.4749137482010432,3.938599845565084,-0.3580087401169781,-0.5566400148672983,23.11999948322773,1.0,1.299605581342821,1
14:44:39.483076,74,0.5380752880242905,3.818251948819313,-0.0771298597092271,-0.5566400148672983,70.11999843269587,1.0,1.3655315422303866,1
14:44:39.483076,74,0.6896094142675385,3.789697284248154,-0.192757165935295,-0.7655200204462744,27.759999379515648,1.0,3.796527317242046,1
14:44:39.483076,74,0.5535855124112282,3.928314510342071,-0.3580087401169781,-0.5566400148672983,21.99999950826168,1.0,1.5054581633600475,1
14:44:39.483076,74,0.416423172709887,3.770384110662827,-0.037934368707076,-0.6263600167294499,102.759997703135,1.0,0.3150936429061565,1
14:44:39.483076,74,0.6982898892497689,3.837400189379,-0.3913470031254408,-0.7655200204462744,24.35999945551157,1.0,3.70599403717365,1
14:44:39.483076,74,0.6605106987596174,3.847855887468463,-0.3523239217369118,-0.7655200204462744,29.879999332129955,1.0,2.8098839349412823,1
14:44:39.483076,74,0.6516785937032982,3.796403780025664,-0.192757165935295,-0.7655200204462744,34.11999923735857,1.0,2.8388428052934334,1
14:44:39.483076,74,0.6219997567928109,3.85426849304136,-0.3523239217369118,-0.7655200204462744,36.999999172985554,1.0,2.1921413519371327,1
14:44:39.483076,74,0.5460247023919066,3.874662022979329,-0.2350589113164518,-0.5566400148672983,57.759998708963394,1.0,0.8983618201057719,1
14:44:39.483076,74,0.6136826058256644,3.8027306386058006,-0.192757165935295,-0.7655200204462744,42.75999904423952,1.0,2.024862434965126,1
14:44:39.483076,74,0.5922756884744595,3.918846378248415,-0.3976614668876052,-0.3480400092958007,20.119999550282955,1.0,2.126300101740218,1
14:44:39.483076,74,0.5834266153714369,3.8602956749940622,-0.3523239217369118,-0.7655200204462744,46.23999896645546,1.0,1.7226930791683501,1
14:44:39.483076,74,0.5756252502015919,3.808677227308008,-0.192757165935295,-0.7655200204462744,54.35999878495932,1.0,1.3550062641361666,1
14:44:39.483076,74,0.566865225447692,3.750715720617416,-0.037934368707076,-0.5566400148672983,37.239999167621136,1.0,2.3324214847064497,1
14:44:39.483076,74,0.5623758930451352,3.9906921900707193,-0.3636935584970444,-0.3480400092958007,5.639999873936176,0.5639999873936177,1.685962862565898,1
14:44:39.483076,74,0.6043434136755843,3.744859628751848,-0.037934368707076,-0.5566400148672983,29.35999934375286,1.0,3.1875042167658063,1
14:44:39.483076,74,0.4094186196622204,3.706963395284876,0.0746000283088985,-0.5566400148672983,36.75999917834997,1.0,1.2951201957299907,1
14:44:39.483076,74,0.4541055635954054,3.766031430806199,-0.037934368707076,-0.6263600167294499,81.2399981841445,1.0,0.6084025320102981,1
14:44:39.483076,74,0.3908579212981828,3.895542009248583,-0.1959183484712144,-0.6263600167294499,94.75999788194896,1.0,0.2319928948777304,1
14:44:39.483076,74,0.2312546245986414,3.84961762666832,-0.0385668581813669,-0.6958000185841229,89.23999800533056,1.0,1.0169893196472037,1
14:44:39.483076,74,0.2274620907279305,3.786484596296433,-0.037934368707076,-0.6958000185841229,70.99999841302633,1.0,0.966315661032962,1
14:44:39.483076,74,0.2235800920206971,3.721862275008778,0.111890717444681,-0.6958000185841229,30.759999312460423,1.0,1.4159321293510083,1
14:44:39.483076,74,0.1959085526358611,3.914905453504234,-0.0391993476556578,-0.6958000185841229,41.11999908089638,1.0,1.7271664696070255,1
14:44:39.483076,74,0.1927475281577443,3.851737655051647,-0.0385668581813669,-0.6958000185841229,69.35999844968319,1.0,1.5835024305596281,1
14:44:39.483076,74,0.1895865036796274,3.78856985659906,-0.037934368707076,-0.6958000185841229,54.239998787641525,1.0,1.5204509197510543,1
14:44:39.483076,74,0.2350471584693522,3.912750657040205,-0.0391993476556578,-0.6263600167294499,50.75999886542559,1.0,1.1481725611438185,1
14:44:39.483076,74,0.1567503561112388,3.916668762702825,-0.0391993476556578,-0.6958000185841229,33.519999250769615,1.0,2.455922278917373,1
14:44:39.483076,74,0.1516919581397919,3.790276263090093,-0.037934368707076,-0.6958000185841229,41.75999906659126,1.0,2.2157727101524074,1
14:44:39.483076,74,0.1491030960418842,3.725589231038793,0.111890717444681,-0.6958000185841229,20.999999530613422,1.0,2.227138007349482,1
14:44:39.483076,74,0.1156793641067806,3.854822026718424,-0.0385668581813669,-0.6958000185841229,43.119999036192894,1.0,3.1527107075990806,1
14:44:39.483076,74,0.1137822435312302,3.7916036451303134,-0.037934368707076,-0.6958000185841229,32.63999927043915,1.0,3.0521381671613503,1
14:44:39.483076,74,0.0771260032485514,3.8557860615672888,-0.0385668581813669,-0.6958000185841229,34.759999223053455,1.0,4.155062615297694,1
14:44:39.483076,74,0.0758611507936422,3.792551869982631,-0.037934368707076,-0.6958000185841229,25.999999418854717,1.0,4.029356711228857,1
14:44:39.483076,74,0.1542211571255154,3.853472512896459,-0.0385668581813669,-0.6958000185841229,54.239998787641525,1.0,2.2954585579761972,1
14:44:39.483076,74,0.2607869147207045,3.719440419847044,0.111890717444681,-0.6958000185841229,35.999999195337296,1.0,1.2151986164657784,1
14:44:39.483076,74,0.1863509114988031,3.72391194706119,0.111890717444681,-0.6958000185841229,25.51999942958355,1.0,1.7532692876582796,1
14:44:39.483076,74,0.2697385957708239,3.8471126397475377,-0.0385668581813669,-0.6958000185841229,113.87999745458364,1.0,0.5960169046859872,1
14:44:39.483076,74,0.2653149317577288,3.7840206907064977,-0.037934368707076,-0.6958000185841229,91.75999794900416,1.0,0.5534620409816255,1
14:44:39.483076,74,0.3850132878975986,3.8372906250499135,-0.0385668581813669,-0.6263600167294499,160.3599964156747,1.0,0.20658048940570609,1
14:44:39.483076,74,0.3786991398559773,3.77435975526722,-0.037934368707076,-0.6263600167294499,120.63999730348588,1.0,0.16282530582166985,1
14:44:39.483076,74,0.372329133602567,3.71087216653698,0.0746000283088985,-0.5566400148672983,40.639999091625214,1.0,0.9999884227328588,1
14:44:39.483076,74,0.3575613224355026,3.96217103501956,-0.1990795310071339,-0.6263600167294499,17.999999597668648,1.0,0.5692207160687721,1
14:44:39.483076,74,0.3969458909906119,3.956218639797915,-0.2388516348217491,-0.6263600167294499,20.239999547600743,1.0,0.556856148829631,1
14:44:39.483076,74,0.346621771546885,3.840948830750468,-0.0385668581813669,-0.6263600167294499,159.11999644339085,1.0,0.19083816792754246,1
14:44:39.483076,74,0.3409372374053564,3.777957967058248,-0.037934368707076,-0.6958000185841229,124.87999720871449,1.0,0.15174122026644282,1
14:44:39.483076,74,0.3518836085977958,3.899255747762925,-0.1959183484712144,-0.6263600167294499,87.75999803841114,1.0,0.4353430316175685,1
14:44:39.483076,74,0.3352024149414911,3.714409853681401,0.0746000283088985,-0.5566400148672983,41.879999063909054,1.0,0.8414642001027898,1
14:44:39.483076,74,0.3287999101424401,3.6434630888199706,0.2564979133577558,-0.5566400148672983,5.359999880194664,0.5359999880194664,3.466602787855056,1
14:44:39.483076,74,0.3132029572209463,3.906681408370315,-0.0783947754093914,-0.6263600167294499,75.63999830931425,1.0,0.38963895516036745,1
14:44:39.483076,74,0.3081955933094167,3.844222944785895,-0.0385668581813669,-0.6263600167294499,140.11999686807394,1.0,0.32063352409353074,1
14:44:39.483076,74,0.3031412415166324,3.7811783862177455,-0.037934368707076,-0.6958000185841229,112.7599974796176,1.0,0.2819373831007125,1
14:44:39.483076,74,0.2979676589477275,3.716646623759476,0.111890717444681,-0.6263600167294499,40.11999910324812,1.0,1.1510946563194797,1
14:44:39.483076,74,0.2741211351040631,3.9096180532383817,-0.0783947754093914,-0.6263600167294499,62.5199986025691,1.0,0.725019820586039,1
14:44:39.540450,75,0.4835435945416581,3.562908193340463,1.0067038798339567,-0.5566400148672983,54.11999879032373,1.0,1.8364919423468518,1
14:44:39.540450,75,0.520504690249112,3.5580589721930056,1.0080032247243378,-0.5566400148672983,41.11999908089638,1.0,2.381151388406461,1
14:44:39.540450,75,0.5154360331036899,3.746374016373825,0.7488846995847274,-0.5566400148672983,10.639999762177467,1.0,3.803401252739846,1
14:44:39.540450,75,0.5075307769487764,3.699079605526776,0.8060050074831342,-0.4872000130126253,66.87999850511551,1.0,1.4805600498742477,1
14:44:39.540450,75,0.4993416642849982,3.639394201177396,0.825270360359841,-0.4872000130126253,139.99999687075615,1.0,0.3625376922661912,1
14:44:39.540450,75,0.4916687823119448,3.612958620374731,0.9533694859228004,-0.5566400148672983,115.5199974179268,1.0,0.5653724743173253,1
14:44:39.540450,75,0.5292509509613395,3.608027915710983,0.954690664255568,-0.5566400148672983,84.75999810546637,1.0,0.9502041192061026,1
14:44:39.540450,75,0.4759856006372894,3.751162254972714,0.7476016949189876,-0.5566400148672983,9.879999779164793,0.9879999779164793,3.968671889197638,1
14:44:39.540450,75,0.4163607087162075,3.6217298039175687,0.9510192543758318,-0.5566400148672983,211.5199952721596,1.0,0.15883316654507268,1
14:44:39.540450,75,0.4611230622871584,3.644032928153013,0.8240274172128164,-0.4872000130126253,185.99999584257603,1.0,0.17080923462273923,1
14:44:39.540450,75,0.4540374471962395,3.617526068690594,0.9521456418350938,-0.5566400148672983,158.5199964568019,1.0,0.302767175751415,1
14:44:39.540450,75,0.4465341448798632,3.5674001612180057,1.0055002606687429,-0.5566400148672983,72.23999838531017,1.0,1.420693870389797,1
14:44:39.540450,75,0.4389268032767653,3.5350962243991053,1.1287010928134096,-0.5566400148672983,22.359999500215054,1.0,3.2355615962046302,1
14:44:39.540450,75,0.4367279486983829,3.7679652559996,0.7842744560874826,-0.5566400148672983,8.639999806880951,0.8639999806880951,5.425118207143741,1
14:44:39.540450,75,0.429793148533901,3.7081337610038103,0.8035789538349167,-0.4872000130126253,78.51999824494123,1.0,1.6038738796533636,1
14:44:39.540450,75,0.422858348369419,3.6483022660080224,0.8228834515823507,-0.4872000130126253,228.35999489575624,1.0,0.09854717154550599,1
14:44:39.540450,75,0.5375103325347584,3.634386548949984,0.8266121567301521,-0.4872000130126253,102.9999976977706,1.0,0.6774073398635289,1
14:44:39.540450,75,0.4686853968148469,3.703794406782863,0.8047416802940923,-0.4872000130126253,76.63999828696251,1.0,1.4878021550426963,1
14:44:39.540450,75,0.5463254044302207,3.693989828711723,0.8073688090703821,-0.4872000130126253,54.35999878495932,1.0,1.585964410744753,1
14:44:39.540450,75,0.6896094142675385,3.610677255048796,0.8329650428840876,-0.4872000130126253,35.11999921500683,1.0,3.2493907432047116,1
14:44:39.540450,75,0.5574137359236201,3.5528529826936857,1.0093981654064854,-0.5566400148672983,31.87999928742647,1.0,3.0582978813676687,1
14:44:39.540450,75,0.7274712744681073,3.60383322399216,0.8347988954786869,-0.4872000130126253,28.23999936878681,1.0,4.242656270255316,1
14:44:39.540450,75,0.7005330919247775,3.657713534955914,0.7765677202851271,-0.5566400148672983,21.359999522566795,1.0,3.080355155447539,1
14:44:39.540450,75,0.4094800421776871,3.571534426632609,1.0043924875896035,-0.5566400148672983,95.3599978685379,1.0,1.130334824460638,1
14:44:39.540450,75,0.6790128788257026,3.5846829387230024,0.9609459319868204,-0.5566400148672983,30.63999931514263,1.0,3.7902507049541643,1
14:44:39.540450,75,0.6711681736822056,3.684054310204532,0.642222701686568,-0.3480400092958007,10.639999762177467,1.0,3.317347739252088,1
14:44:39.540450,75,0.662001432612478,3.664294126079481,0.774804456207848,-0.5566400148672983,26.6399994045496,1.0,2.415658666494706,1
14:44:39.540450,75,0.6516785937032982,3.6171552325241914,0.8312292740509686,-0.4872000130126253,44.519999004900455,1.0,2.4008733390959893,1
14:44:39.540450,75,0.6416649030952639,3.59106137562298,0.9592368349704984,-0.5566400148672983,38.239999145269394,1.0,2.876765932017174,1
14:44:39.540450,75,0.5548349223986128,3.741204961628602,0.7502697436293424,-0.5566400148672983,10.99999975413084,1.0,3.7440728127486596,1
14:44:39.540450,75,0.6320358498073888,3.690348354630368,0.6405362175655396,-0.3480400092958007,11.239999748766422,1.0,2.8313961316590985,1
14:44:39.540450,75,0.6136826058256644,3.623266508626023,0.8295917625547589,-0.4872000130126253,57.6399987116456,1.0,1.6923587042238317,1
14:44:39.540450,75,0.6042527614121034,3.597078745881203,0.9576244854692486,-0.5566400148672983,48.75999891012907,1.0,2.101821354437314,1
14:44:39.540450,75,0.5942670406915378,3.547290745437092,1.0108885623875,-0.5566400148672983,25.11999943852425,1.0,3.8717585841834357,1
14:44:39.540450,75,0.6022540303827856,3.75495705428621,0.6173390116098916,-0.3480400092958007,7.639999829232693,0.7639999829232693,4.960571835671201,1
14:44:39.540450,75,0.5941783286661368,3.735655607638188,0.7517566885495883,-0.5566400148672983,11.359999746084211,1.0,3.7948741013818217,1
14:44:39.540450,75,0.5847433749755241,3.676337157331752,0.7715775357093793,-0.4872000130126253,42.87999904155731,1.0,1.4840898779641862,1
14:44:39.540450,75,0.5756252502015919,3.629010472231804,0.8280526721452361,-0.4872000130126253,76.359998293221,1.0,1.119311228165958,1
14:44:39.540450,75,0.566780194959045,3.6027344477656875,0.9561090447166698,-0.5566400148672983,63.51999858021736,1.0,1.4610284828124753,1
14:44:39.540450,75,0.6234035737115428,3.670502207139062,0.7731410059013863,-0.5566400148672983,33.639999248087406,1.0,1.8851370745496385,1
14:44:39.540450,75,0.4025039696954032,3.539160056746838,1.1276121922176592,-0.5566400148672983,26.119999416172504,1.0,2.862097620862462,1
14:44:39.540450,75,0.3845513489711139,3.6522017878122175,0.8218385778640491,-0.4872000130126253,241.9999945908785,1.0,0.14229680802474182,1
14:44:39.540450,75,0.3971644936252517,3.771992680703446,0.7831953108905096,-0.5566400148672983,7.519999831914902,0.7519999831914902,5.829702140054917,1
14:44:39.540450,75,0.2309771653098593,3.664094471054972,0.8186519429933139,-0.6958000185841229,98.1199978068471,1.0,1.4161156122714684,1
14:44:39.540450,75,0.2274279711314991,3.637279346006295,0.9468527671304838,-0.6263600167294499,131.2399970665574,1.0,1.1098134593551718,1
14:44:39.540450,75,0.2236695568572197,3.586827001116806,1.0002948546063704,-0.6263600167294499,86.63999806344509,1.0,1.4547841731347286,1
14:44:39.540450,75,0.2198040593694528,3.5627967531875537,1.1592329032240496,-0.5566400148672983,29.879999332129955,1.0,2.838288307098514,1
14:44:39.540450,75,0.1956735015627204,3.726263831670345,0.7987210160410998,-0.6958000185841229,23.11999948322773,1.0,4.401031741353842,1
14:44:39.540450,75,0.1925162696816382,3.666139804284337,0.8181038976062529,-0.6958000185841229,74.75999832898378,1.0,1.9959214583081009,1
14:44:39.540450,75,0.189359037800556,3.60601577689833,0.8374867791714062,-0.6958000185841229,97.63999781757592,1.0,1.9347610326798832,1
14:44:39.540450,75,0.1864254792015105,3.588807624510568,0.9997641481675016,-0.6263600167294499,65.75999853014946,1.0,1.8567802500030974,1
14:44:39.540450,75,0.2347651488985929,3.724184955347246,0.7992780492730382,-0.6958000185841229,28.879999354481697,1.0,3.699202638541174,1
14:44:39.540450,75,0.1832036405586719,3.5647431470917934,1.1587113685492556,-0.5566400148672983,26.359999410808086,1.0,3.1707080741193336,1
14:44:39.540450,75,0.1515099581348516,3.6076620614133694,0.8370456585650894,-0.6958000185841229,73.99999834597111,1.0,2.507132108080878,1
14:44:39.540450,75,0.1465849015373232,3.566335916679418,1.1582845872245229,-0.5566400148672983,22.63999949395657,1.0,3.6082634045064714,1
14:44:39.540450,75,0.1155405720106331,3.669115504002032,0.8173065612699792,-0.6958000185841229,46.23999896645546,1.0,3.453644295929491,1
14:44:39.540450,75,0.1136457276002688,3.608942675680743,0.8367025190063309,-0.6263600167294499,57.35999871790409,1.0,3.188658147472123,1
14:44:39.540450,75,0.1118851229556798,3.5916891796474317,0.9989920377956332,-0.6263600167294499,38.75999913364649,1.0,2.98095128291002,1
14:44:39.540450,75,0.0757701325881385,3.609857491640098,0.8364573948087985,-0.6263600167294499,45.639998979866505,1.0,3.977758264577607,1
14:44:39.540450,75,0.0745962983387331,3.5925898232374323,0.9987507110730244,-0.6263600167294499,30.63999931514263,1.0,3.699855861558833,1
14:44:39.540450,75,0.1540361225877393,3.6678135377240046,0.817655422082749,-0.6958000185841229,58.11999870091677,1.0,2.675721707097373,1
14:44:39.540450,75,0.2563824979584488,3.560496929604457,1.1598491390958745,-0.5566400148672983,32.51999927312136,1.0,2.6128882386430536,1
14:44:39.540450,75,0.1491627591540685,3.590428404712997,0.9993298614211524,-0.6263600167294499,49.99999888241291,1.0,2.366083508099776,1
14:44:39.540450,75,0.2652751341880774,3.634899752958904,0.9474903771658472,-0.5566400148672983,176.63999605178833,1.0,0.7062019292737751,1
14:44:39.540450,75,0.2608912677446337,3.5844867325923917,1.0009219276675592,-0.6263600167294499,111.11999751627444,1.0,1.1620520427128989,1
14:44:39.540450,75,0.3908579212981828,3.712097234257832,0.8025169443772795,-0.4872000130126253,71.23999840766191,1.0,1.8251872146206372,1
14:44:39.540450,75,0.3786423345141312,3.6255694056856544,0.9499904361828162,-0.5566400148672983,256.9999942556024,1.0,0.13022849314831103,1
14:44:39.540450,75,0.3659493674470248,3.5514793571581853,1.162265390350542,-0.5566400148672983,29.759999334812164,1.0,2.600726531569218,1
14:44:39.540450,75,0.3518836085977958,3.71568443020092,0.8015557581212369,-0.4872000130126253,59.11999867856503,1.0,2.1483847776808127,1
14:44:39.540450,75,0.346205894760089,3.655731103616684,0.8208929005444081,-0.6958000185841229,216.87999515235424,1.0,0.2988252796174525,1
14:44:39.540450,75,0.3408860963958304,3.6290444900378898,0.9490592901370044,-0.5566400148672983,264.63999408483505,1.0,0.21382598211089915,1
14:44:39.540450,75,0.3352527032638278,3.578728232191979,1.0024649131994638,-0.5566400148672983,135.7599969655275,1.0,0.9132713010085369,1
14:44:39.540450,75,0.3723849918143559,3.5753105761611974,1.0033806713729194,-0.5566400148672983,120.11999731510878,1.0,0.9621975089656932,1
14:44:39.540450,75,0.3128741078313574,3.718894990116488,0.8006954911846087,-0.4872000130126253,46.75999895483256,1.0,2.5703414831837845,1
14:44:39.540450,75,0.3078258202496398,3.658889860492797,0.8200465141903672,-0.6958000185841229,172.6399961411953,1.0,0.5651231670838229,1
14:44:39.540450,75,0.3030957699534846,3.632154709468752,0.9482259093522216,-0.5566400148672983,228.51999489218,1.0,0.40671480476886923,1
14:44:39.540450,75,0.2980868897238482,3.581787052962215,1.0016453046442877,-0.5566400148672983,131.6399970576167,1.0,0.980753762383655,1
14:44:39.540450,75,0.2929352985124465,3.557843906322936,1.1605600145416588,-0.5566400148672983,33.519999250769615,1.0,2.4965976890709767,1
14:44:39.540450,75,0.2738333199162621,3.7217285929512327,0.7999362295933683,-0.4872000130126253,36.63999918103218,1.0,3.0881660916638687,1
14:44:39.540450,75,0.3294588057820143,3.554837948643095,1.1613654584744544,-0.5566400148672983,32.35999927669764,1.0,2.491711127954515,1
14:44:39.540450,75,0.2694149634150622,3.661677742567517,0.8192995034398527,-0.6958000185841229,130.51999708265066,1.0,0.9384059947933223,1
14:44:39.591101,76,0.4233027977701946,3.682115835312794,0.933529328934754,-0.6263600167294499,77.87999825924635,1.0,1.9507687627320163,1
14:44:39.591101,76,0.4163607087162075,3.6217298039175687,0.9510192543758318,-0.6263600167294499,130.11999709159136,1.0,0.31322291331222085,1
14:44:39.591101,76,0.4094800421776871,3.571534426632609,1.0043924875896035,-0.5566400148672983,77.35999827086926,1.0,0.5749128935372891,1
14:44:39.591101,76,0.4025039696954032,3.539160056746838,1.1276121922176592,-0.5566400148672983,36.11999919265509,1.0,3.87268579496023,1
14:44:39.591101,76,0.39132743593922,3.757179132377694,0.9526847347448142,-0.5566400148672983,9.119999796152117,0.9119999796152116,6.848024958756264,1
14:44:39.591101,76,0.3659493674470248,3.5514793571581853,1.162265390350542,-0.5566400148672983,40.99999908357859,1.0,4.275931755000531,1
14:44:39.591101,76,0.3786423345141312,3.6255694056856544,0.9499904361828162,-0.6263600167294499,143.3599967956543,1.0,0.39687644539516886,1
14:44:39.591101,76,0.3723849918143559,3.5753105761611974,1.0033806713729194,-0.5566400148672983,89.99999798834324,1.0,0.6520868956167777,1
14:44:39.591101,76,0.3523063056884136,3.7607706374083656,0.9517223938722336,-0.5566400148672983,8.759999804198742,0.8759999804198741,5.297865130166718,1
14:44:39.591101,76,0.346621771546885,3.7000898356695706,0.9686365669813102,-0.5566400148672983,76.7599982842803,1.0,1.476971917397833,1
14:44:39.591101,76,0.4389268032767653,3.5350962243991053,1.1287010928134096,-0.5566400148672983,30.63999931514263,1.0,5.716084652332771,1
14:44:39.591101,76,0.3850132878975986,3.696556280305528,0.969583380287516,-0.6263600167294499,81.75999817252159,1.0,2.25326321916919,1
14:44:39.591101,76,0.4464671642029187,3.557210127252693,0.9696167867287092,-0.5566400148672983,63.23999858647585,1.0,1.015665236042437,1
14:44:39.591101,76,0.5567449509469081,3.509980246073167,0.8664921190820685,-0.4174800111504737,32.51999927312136,1.0,4.037740448120657,1
14:44:39.591101,76,0.4616077301895602,3.677842010128496,0.9346744969414784,-0.6263600167294499,67.23999849706888,1.0,3.2222477469851496,1
14:44:39.591101,76,0.4753770516943624,3.502734420488657,1.0234796068148455,-0.5566400148672983,25.63999942690134,1.0,3.0816170298634,1
14:44:39.591101,76,0.4829634389574421,3.520023392478637,0.8638010661132554,-0.4174800111504737,50.6399988681078,1.0,5.609877076450302,1
14:44:39.591101,76,0.4911525516212202,3.579708796828017,0.8445357132365483,-0.6263600167294499,84.87999810278416,1.0,2.714029111469624,1
14:44:39.591101,76,0.4998665022226422,3.673198407573545,0.9359187464960486,-0.6263600167294499,54.63999877870083,1.0,5.104976363056102,1
14:44:39.591101,76,0.5198801887438343,3.515179989426506,0.8650988520496923,-0.4174800111504737,40.51999909430742,1.0,4.525586196856263,1
14:44:39.591101,76,0.5286952606392964,3.574783269188245,0.8458555043899223,-0.6263600167294499,65.87999852746725,1.0,2.2781636714715425,1
14:44:39.591101,76,0.5375103325347584,3.634386548949984,0.8266121567301521,-0.6263600167294499,43.239999033510685,1.0,2.4985336580599897,1
14:44:39.591101,76,0.6406383761774069,3.5460458590006407,0.8143420164858346,-0.6263600167294499,32.51999927312136,1.0,4.177832563033855,1
14:44:39.591101,76,0.5756252502015919,3.629010472231804,0.8280526721452361,-0.6263600167294499,34.11999923735857,1.0,3.3389381333903616,1
14:44:39.591101,76,0.6032860859374329,3.552053602750518,0.8127322463997217,-0.6263600167294499,40.51999909430742,1.0,3.5586231039223026,1
14:44:39.591101,76,0.6136826058256644,3.623266508626023,0.8295917625547589,-0.6263600167294499,27.119999393820763,1.0,4.7714808153595145,1
14:44:39.591101,76,0.3409372374053564,3.6394090339307743,0.9855507400903872,-0.6263600167294499,139.75999687612057,1.0,0.16096553902030206,1
14:44:39.591101,76,0.4535607277594699,3.5842714495231616,0.8433131541315404,-0.6263600167294499,107.63999759405851,1.0,3.7640281507956868,1
14:44:39.591101,76,0.3352527032638278,3.578728232191979,1.0024649131994638,-0.5566400148672983,96.63999783992767,1.0,1.3498459950342052,1
14:44:39.591101,76,0.5661851005742501,3.5694953591524854,0.8472723956136523,-0.6263600167294499,51.23999885469675,1.0,2.4434158458616055,1
14:44:39.591101,76,0.3233394142584946,3.5168020471799366,1.281409561704775,-0.5566400148672983,14.359999679028988,1.0,10.1572337657335,1
14:44:39.591101,76,0.3294588057820143,3.554837948643095,1.1613654584744544,-0.5566400148672983,44.11999901384115,1.0,2.9327574730293,1
14:44:39.591101,76,0.0744657885431232,3.653834796934708,1.252529259851911,-0.4872000130126253,28.759999357163903,1.0,3.6463084623212936,1
14:44:39.591101,76,0.0758308073461497,3.691309002279034,1.1287186703545808,-0.5566400148672983,30.119999326765537,1.0,4.298106979567105,1
14:44:39.591101,76,0.1118403704002799,3.628862575690962,1.1434869979795563,-0.6263600167294499,35.63999920338392,1.0,4.077145060424516,1
14:44:39.591101,76,0.1137367321529285,3.690393453758773,1.1289639908412163,-0.5566400148672983,37.239999167621136,1.0,2.677682409456962,1
14:44:39.591101,76,0.1156330939055772,3.751924331826585,1.114440983702876,-0.5566400148672983,21.359999522566795,1.0,3.774542334768526,1
14:44:39.591101,76,0.1491030960418842,3.627602305049669,1.1438246864801354,-0.5566400148672983,44.359999008476734,1.0,2.370897742502744,1
14:44:39.591101,76,0.1516312833817808,3.6891118140086903,1.1293074051772385,-0.5566400148672983,46.75999895483256,1.0,1.7524914595132635,1
14:44:39.591101,76,0.1541594707216774,3.750621322967713,1.1147901238743414,-0.5566400148672983,26.519999407231808,1.0,3.6574180102296032,1
14:44:39.591101,76,0.1829562970939167,3.588413553374756,1.2661478327550126,-0.5566400148672983,31.359999299049377,1.0,4.222513174839877,1
14:44:39.591101,76,0.1863509114988031,3.6259821731376816,1.144258799517584,-0.5566400148672983,55.63999875634909,1.0,1.338054475820738,1
14:44:39.591101,76,0.189558065468347,3.678563835383979,1.0928729604632568,-0.5566400148672983,59.63999866694212,1.0,1.181669382278402,1
14:44:39.591101,76,0.1927186157888618,3.7398974751857543,1.0777481983041164,-0.5566400148672983,33.11999925971031,1.0,2.787866166483628,1
14:44:39.591101,76,0.1462917415101656,3.5971766124952578,1.301685611673948,-0.5566400148672983,26.119999416172504,1.0,5.301253121634298,1
14:44:39.591101,76,0.2235800920206971,3.624002341966834,1.1447892936809627,-0.5566400148672983,69.11999845504761,1.0,0.965355852114087,1
14:44:39.591101,76,0.3132499451022009,3.7639850539808006,0.9508610935475124,-0.5566400148672983,8.119999818503857,0.8119999818503857,4.39964580814512,1
14:44:39.591101,76,0.2198040593694528,3.5627967531875537,1.1592329032240496,-0.5566400148672983,36.75999917834997,1.0,2.5636132955151467,1
14:44:39.591101,76,0.3081955933094167,3.7032523869746057,0.967789163913104,-0.5566400148672983,65.63999853283167,1.0,1.3466375517521496,1
14:44:39.591101,76,0.3031412415166324,3.64251971996841,0.9847172342786958,-0.6263600167294499,121.51999728381634,1.0,0.7738051454906203,1
14:44:39.591101,76,0.2929352985124465,3.557843906322936,1.1605600145416588,-0.5566400148672983,44.23999901115894,1.0,2.1911560599615703,1
14:44:39.591101,76,0.274162259783919,3.7668220606560334,0.9501009198999616,-0.5566400148672983,7.519999831914902,0.7519999831914902,4.16793201836742,1
14:44:39.591101,76,0.2980868897238482,3.581787052962215,1.0016453046442877,-0.5566400148672983,93.75999790430068,1.0,2.6811485893605367,1
14:44:39.591101,76,0.2697385957708239,3.706043617968153,0.967041255822494,-0.5566400148672983,52.999998815357685,1.0,1.8762850078429776,1
14:44:39.591101,76,0.2653149317577288,3.645265175280272,0.9839815917450268,-0.6263600167294499,98.1199978068471,1.0,2.0399641045789734,1
14:44:39.591101,76,0.2608521337300845,3.612909951803186,1.1091553284540905,-0.5566400148672983,83.11999814212322,1.0,0.5424249315624632,1
14:44:39.591101,76,0.2563824979584488,3.560496929604457,1.1598491390958745,-0.5566400148672983,41.51999907195568,1.0,2.0638602880857047,1
14:44:39.591101,76,0.2312546245986414,3.708463249529453,0.966392917499663,-0.5566400148672983,41.999999061226845,1.0,3.0799526446971903,1
14:44:39.591101,76,0.2274620907279305,3.647645125323129,0.9833438860530168,-0.6263600167294499,76.63999828696251,1.0,3.9729487244073938,1
14:44:39.649059,77,0.4669912369275453,3.478248250767352,1.1799234642192955,-0.5566400148672983,35.63999920338392,1.0,3.6591624783986596,1
14:44:39.649059,77,0.4993416642849982,3.639394201177396,0.825270360359841,-0.5566400148672983,38.239999145269394,1.0,1.9431123876235523,1
14:44:39.649059,77,0.4917425443050143,3.623320751005173,0.9898615825079056,-0.5566400148672983,151.99999660253525,1.0,1.323616766489235,1
14:44:39.649059,77,0.4835435945416581,3.562908193340463,1.0067038798339567,-0.5566400148672983,163.11999635398388,1.0,0.4757657266108785,1
14:44:39.649059,77,0.475305744545533,3.5306807835565195,1.129884206621408,-0.5566400148672983,90.3599979802966,1.0,0.9879316780137921,1
14:44:39.649059,77,0.5026871038513584,3.473565025082328,1.1811783307595705,-0.5566400148672983,29.23999934643507,1.0,4.0652328621055,1
14:44:39.649059,77,0.4611230622871584,3.644032928153013,0.8240274172128164,-0.5566400148672983,40.11999910324812,1.0,1.8390558178715053,1
14:44:39.649059,77,0.416423172709887,3.632093250433833,0.9875109983703936,-0.5566400148672983,223.51999500393867,1.0,1.0764493894440992,1
14:44:39.649059,77,0.4465341448798632,3.5674001612180057,1.0055002606687429,-0.5566400148672983,217.7599951326847,1.0,0.2804221392595111,1
14:44:39.649059,77,0.4389268032767653,3.5350962243991053,1.1287010928134096,-0.5566400148672983,119.6399973258376,1.0,0.7397477194493398,1
14:44:39.649059,77,0.4306664418996525,3.505876522052938,1.2843370473394402,-0.6263600167294499,42.51999904960394,1.0,2.4419659602623387,1
14:44:39.649059,77,0.422858348369419,3.6483022660080224,0.8228834515823507,-0.5566400148672983,39.11999912559986,1.0,1.837426267594241,1
14:44:39.649059,77,0.4094800421776871,3.571534426632609,1.0043924875896035,-0.5566400148672983,272.8799939006567,1.0,0.1979245933747043,1
14:44:39.649059,77,0.4025039696954032,3.539160056746838,1.1276121922176592,-0.5566400148672983,149.51999665796757,1.0,0.6044241515128373,1
14:44:39.649059,77,0.5116371556380578,3.5259141757594645,1.1311614153312646,-0.5566400148672983,67.5199984908104,1.0,1.3494255112817664,1
14:44:39.649059,77,0.4541055635954054,3.627888884546747,0.9886375548145232,-0.5566400148672983,193.11999568343165,1.0,1.1533474880538896,1
14:44:39.649059,77,0.520504690249112,3.5580589721930056,1.0080032247243378,-0.5566400148672983,120.75999730080366,1.0,0.7844267068875321,1
14:44:39.649059,77,0.6516785937032982,3.6171552325241914,0.8312292740509686,-0.5566400148672983,21.239999525249004,1.0,3.399693230733738,1
14:44:39.649059,77,0.5375103325347584,3.634386548949984,0.8266121567301521,-0.5566400148672983,34.35999923199415,1.0,2.150109056808252,1
14:44:39.649059,77,0.7164004147901138,3.5883009506364614,0.9992451097358008,-0.5566400148672983,34.11999923735857,1.0,4.359880481183487,1
14:44:39.649059,77,0.6896094142675385,3.610677255048796,0.8329650428840876,-0.5566400148672983,18.11999959498644,1.0,4.031340653608581,1
14:44:39.649059,77,0.6791147468821339,3.5950408273297305,0.997439165218754,-0.5566400148672983,41.879999063909054,1.0,3.6058964740537722,1
14:44:39.649059,77,0.6677916922517675,3.5350997880972,1.0141551195616865,-0.5566400148672983,43.63999902456999,1.0,3.1743493467177846,1
14:44:39.649059,77,0.3949290660427091,3.5098638753077607,1.283268639254873,-0.6263600167294499,48.51999891549349,1.0,2.2418358563606837,1
14:44:39.649059,77,0.6310609192532635,3.5413728166422893,1.0124742666289324,-0.5566400148672983,54.51999878138304,1.0,2.40046250459913,1
14:44:39.649059,77,0.6203099026956918,3.5095122925018583,1.1355562867044895,-0.5566400148672983,31.239999301731583,1.0,3.1235067498519458,1
14:44:39.649059,77,0.5293303511721751,3.618389306618635,0.9911829590487972,-0.5566400148672983,115.35999742150308,1.0,1.587747871633627,1
14:44:39.649059,77,0.6136826058256644,3.623266508626023,0.8295917625547589,-0.5566400148672983,25.23999943584204,1.0,2.876916461739849,1
14:44:39.649059,77,0.5942670406915378,3.547290745437092,1.0108885623875,-0.5566400148672983,69.35999844968319,1.0,1.745398404768616,1
14:44:39.649059,77,0.584142859967981,3.51532940099783,1.13399759718071,-0.5566400148672983,39.51999911665917,1.0,2.4158897620592863,1
14:44:39.649059,77,0.5756252502015919,3.629010472231804,0.8280526721452361,-0.5566400148672983,29.639999337494373,1.0,2.460947286869519,1
14:44:39.649059,77,0.566865225447692,3.613095044527444,0.9926015523006508,-0.5566400148672983,87.35999804735184,1.0,1.946608697702188,1
14:44:39.649059,77,0.5574137359236201,3.5528529826936857,1.0093981654064854,-0.5566400148672983,90.63999797403812,1.0,1.20723894794521,1
14:44:39.649059,77,0.5479174034436687,3.520796877664728,1.1325325912231787,-0.5566400148672983,51.11999885737896,1.0,1.825028590921276,1
14:44:39.649059,77,0.5383327024859381,3.468537243713363,1.182525520717105,-0.5566400148672983,23.87999946624041,1.0,4.598243176985642,1
14:44:39.649059,77,0.6043434136755843,3.60743849415337,0.99411722040533,-0.5566400148672983,67.11999849975109,1.0,2.40144394174152,1
14:44:39.649059,77,0.3845513489711139,3.6522017878122175,0.8218385778640491,-0.4872000130126253,35.51999920606613,1.0,1.9380992990148025,1
14:44:39.649059,77,0.6417611680684284,3.601420221146712,0.9957298117972936,-0.5566400148672983,52.51999882608652,1.0,2.9538744669454777,1
14:44:39.649059,77,0.3723849918143559,3.5753105761611974,1.0033806713729194,-0.4872000130126253,298.2399933338165,1.0,0.22816449737711714,1
14:44:39.649059,77,0.2274620907279305,3.647645125323129,0.9833438860530168,-0.4872000130126253,87.51999804377556,1.0,2.101776865623016,1
14:44:39.649059,77,0.2236695568572197,3.586827001116806,1.0002948546063704,-0.4872000130126253,120.63999730348588,1.0,1.487021396668305,1
14:44:39.649059,77,0.2198040593694528,3.5627967531875537,1.1592329032240496,-0.4872000130126253,71.75999839603901,1.0,1.4149106987966444,1
14:44:39.649059,77,0.2155810307828929,3.5316640195372613,1.314659715072987,-0.6263600167294499,33.639999248087406,1.0,3.085263380066971,1
14:44:39.649059,77,0.1895865036796274,3.649659332103971,0.9828041809727008,-0.4872000130126253,67.11999849975109,1.0,2.5959356283988764,1
14:44:39.649059,77,0.1864254792015105,3.588807624510568,0.9997641481675016,-0.4872000130126253,90.3599979802966,1.0,2.092009894796077,1
14:44:39.649059,77,0.1832036405586719,3.5647431470917934,1.1587113685492556,-0.4872000130126253,54.11999879032373,1.0,1.9150814898089445,1
14:44:39.649059,77,0.1796838046945821,3.5335730179669964,1.3141482004853873,-0.6263600167294499,27.639999382197857,1.0,3.5016509990422238,1
14:44:39.649059,77,0.1516919581397919,3.651307594203808,0.9823625304741348,-0.4872000130126253,52.3599988296628,1.0,3.190590898024248,1
14:44:39.649059,77,0.1491627591540685,3.590428404712997,0.9993298614211524,-0.4872000130126253,69.11999845504761,1.0,2.8166924673843496,1
14:44:39.649059,77,0.3786991398559773,3.635933428233363,0.9864820258302176,-0.6263600167294499,223.87999499589205,1.0,1.0928093232345164,1
14:44:39.649059,77,0.1137822435312302,3.6525897467978097,0.9820189787219986,-0.4872000130126253,41.75999906659126,1.0,3.888262921629909,1
14:44:39.649059,77,0.1118851229556798,3.5916891796474317,0.9989920377956332,-0.4872000130126253,54.11999879032373,1.0,3.6634910516890287,1
14:44:39.649059,77,0.1099515041486298,3.567574902674802,1.1579526019276265,-0.4872000130126253,32.63999927043915,1.0,3.258348320422031,1
14:44:39.649059,77,0.0745962983387331,3.5925898232374323,0.9987507110730244,-0.4872000130126253,43.239999033510685,1.0,4.635185608545359,1
14:44:39.649059,77,0.2312546245986414,3.708463249529453,0.966392917499663,-0.4872000130126253,17.639999605715275,1.0,6.561291085852726,1
14:44:39.649059,77,0.2514566989487394,3.5294083817656703,1.315264111392302,-0.6263600167294499,40.3599990978837,1.0,2.7770501104224343,1
14:44:39.649059,77,0.1465849015373232,3.566335916679418,1.1582845872245229,-0.4872000130126253,41.63999906927347,1.0,2.528778175931778,1
14:44:39.649059,77,0.2608912677446337,3.5844867325923917,1.0009219276675592,-0.4872000130126253,163.23999635130167,1.0,0.9996642992447803,1
14:44:39.649059,77,0.2563824979584488,3.560496929604457,1.1598491390958745,-0.4872000130126253,96.11999785155058,1.0,1.0262653994037416,1
14:44:39.649059,77,0.3660408860542896,3.542871874219887,1.126617613723304,-0.6263600167294499,165.1199963092804,1.0,0.5818616123838882,1
14:44:39.649059,77,0.3591521976100333,3.513505838414514,1.2822927781815543,-0.6263600167294499,51.99999883770943,1.0,2.150615277686383,1
14:44:39.649059,77,0.3465697778501697,3.6895524810738456,0.931536685708684,-0.6263600167294499,30.63999931514263,1.0,4.264207759305525,1
14:44:39.649059,77,0.3409372374053564,3.6394090339307743,0.9855507400903872,-0.4872000130126253,193.8799956664443,1.0,1.2026917011060974,1
14:44:39.649059,77,0.3352527032638278,3.578728232191979,1.0024649131994638,-0.4872000130126253,273.35999388992786,1.0,0.37139607716098266,1
14:44:39.649059,77,0.3294588057820143,3.554837948643095,1.1613654584744544,-0.6263600167294499,154.75999654084444,1.0,0.5772914028701917,1
14:44:39.649059,77,0.3233394142584946,3.5168020471799366,1.281409561704775,-0.6263600167294499,51.23999885469675,1.0,2.1685526380467888,1
14:44:39.649059,77,0.3081493635872155,3.692714557992253,0.9306894097519915,-0.6263600167294499,25.63999942690134,1.0,4.452375377908685,1
14:44:39.649059,77,0.3031412415166324,3.64251971996841,0.9847172342786958,-0.4872000130126253,152.75999658554792,1.0,1.40673836098963,1
14:44:39.649059,77,0.2980868897238482,3.581787052962215,1.0016453046442877,-0.4872000130126253,218.23999512195587,1.0,0.6282362477750271,1
14:44:39.649059,77,0.2929352985124465,3.557843906322936,1.1605600145416588,-0.4872000130126253,126.35999717563392,1.0,0.7474933680841086,1
14:44:39.649059,77,0.2873072216553617,3.5268063302141117,1.3159613290042065,-0.6263600167294499,46.879998952150345,1.0,2.5754152799095262,1
14:44:39.649059,77,0.2696981346460702,3.695505370297681,0.9299416138485253,-0.6263600167294499,21.239999525249004,1.0,4.7227304756556485,1
14:44:39.649059,77,0.3163140850180341,3.486275188956083,1.4682646711651914,-0.6263600167294499,9.879999779164793,0.9879999779164793,5.943334769692556,1
14:44:39.649059,77,0.2653149317577288,3.645265175280272,0.9839815917450268,-0.4872000130126253,115.75999741256236,1.0,1.7059682417606559,1
14:44:39.699114,78,0.5336416765301499,3.528357861024364,0.5369759601697115,-0.3480400092958007,22.239999502897263,1.0,6.669766261768717,1
14:44:39.699114,78,0.5284042623784942,3.562985256245052,0.8098031186739245,-0.6263600167294499,70.11999843269587,1.0,2.5499447981960186,1
14:44:39.699114,78,0.5198801887438343,3.515179989426506,0.8650988520496923,-0.6263600167294499,111.35999751091003,1.0,0.8938838762357645,1
14:44:39.699114,78,0.5110999590297771,3.455812295750781,0.8842661390467752,-0.6263600167294499,86.5199980661273,1.0,1.9477348772263212,1
14:44:39.699114,78,0.4957477219717824,3.53332947137,0.5356438211925161,-0.3480400092958007,23.519999474287037,1.0,6.841036654532085,1
14:44:39.699114,78,0.4748066943279082,3.4605738988183843,0.8829902713501336,-0.6263600167294499,105.99999763071536,1.0,1.6349275457914536,1
14:44:39.699114,78,0.4829634389574421,3.520023392478637,0.8638010661132554,-0.6263600167294499,139.87999687343836,1.0,0.574970333030823,1
14:44:39.699114,78,0.4578041930565556,3.537934811752128,0.5344098239562545,-0.3480400092958007,23.75999946892261,1.0,7.1357995931436164,1
14:44:39.699114,78,0.4533110841693484,3.5724682142067388,0.8072621677462324,-0.6263600167294499,93.6399979069829,1.0,2.115123099192239,1
14:44:39.699114,78,0.5473421141639432,3.450700370594952,0.8856358752640481,-0.6263600167294499,69.11999845504761,1.0,2.3906522597356292,1
14:44:39.699114,78,0.4908822171791495,3.567908072833517,0.8084840539445586,-0.6263600167294499,83.23999813944101,1.0,2.285991277356874,1
14:44:39.699114,78,0.5567449509469081,3.509980246073167,0.8664921190820685,-0.6263600167294499,87.35999804735184,1.0,1.3213348516905015,1
14:44:39.699114,78,0.639195748914441,3.508557089251463,0.7069031114913691,-0.3480400092958007,37.75999915599823,1.0,2.231431957272519,1
14:44:39.699114,78,0.5707065653906169,3.5081717208305845,0.5028202616625186,-0.3480400092958007,20.359999544918537,1.0,8.927543636423328,1
14:44:39.699114,78,0.5835295355452564,3.445238634539128,0.887099343029478,-0.6263600167294499,54.9999987706542,1.0,2.96395483907743,1
14:44:39.699114,78,0.5935540391213288,3.5044246823885974,0.8679807278848486,-0.6263600167294499,68.63999846577644,1.0,1.8576110213284822,1
14:44:39.699114,78,0.6019275707636551,3.5145513044097902,0.7052969663804367,-0.3480400092958007,46.51999896019697,1.0,1.8059692284712539,1
14:44:39.699114,78,0.6084387230894969,3.502476839064999,0.504346200632598,-0.3480400092958007,18.11999959498644,1.0,8.957591892180707,1
14:44:39.699114,78,0.6196586044618967,3.43942763375234,0.8886563959975147,-0.6263600167294499,43.99999901652336,1.0,3.6683218964226283,1
14:44:39.699114,78,0.6303037723891172,3.498513853924512,0.8695645295983991,-0.6263600167294499,54.35999878495932,1.0,2.5034208949243393,1
14:44:39.699114,78,0.6557257080372414,3.4332679493297977,0.8903068784641655,-0.6263600167294499,35.63999920338392,1.0,4.504836485793063,1
14:44:39.699114,78,0.666990475807736,3.4922483517588048,0.8712433658438758,-0.6263600167294499,43.75999902188778,1.0,3.2598933543989057,1
14:44:39.699114,78,0.6764000080258543,3.502203196851368,0.7086056318287688,-0.6263600167294499,30.879999309778214,1.0,2.7735105844386316,1
14:44:39.699114,78,0.7036104807375789,3.485628802436444,0.8730170687390606,-0.6263600167294499,35.63999920338392,1.0,4.128577063562934,1
14:44:39.699114,78,0.5645992003600883,3.520185242909857,0.7037873571091373,-0.3480400092958007,57.51999871432781,1.0,1.495937570649063,1
14:44:39.699114,78,0.4389268032767653,3.4971325887453752,0.9870188757136544,-0.6263600167294499,123.75999723374844,1.0,2.5013130827989296,1
14:44:39.699114,78,0.4459983932317813,3.5245099708933108,0.8625988910502644,-0.6263600167294499,167.8799962475896,1.0,0.36472736895757585,1
14:44:39.699114,78,0.4089887480404552,3.5286392760164453,0.861492447077219,-0.3480400092958007,185.63999585062265,1.0,0.2637089858977929,1
14:44:39.699114,78,0.4156946204309149,3.5766652243544,0.8061375822665411,-0.6263600167294499,97.75999781489372,1.0,2.037907949070821,1
14:44:39.699114,78,0.1098635282831385,3.488834856304259,0.8754177706144632,-0.4872000130126253,33.639999248087406,1.0,5.891020355272589,1
14:44:39.699114,78,0.1117508831899045,3.548769847359455,0.8560984767426822,-0.4872000130126253,44.99999899417162,1.0,3.592598358393604,1
14:44:39.699114,78,0.1489837936819639,3.547510585102734,0.8564358950474298,-0.4872000130126253,55.23999876528978,1.0,2.749561105905068,1
14:44:39.699114,78,0.1830570532157873,3.4860053665033344,0.876175930121613,-0.4872000130126253,50.6399988681078,1.0,3.916709388130597,1
14:44:39.699114,78,0.1862018059194739,3.5458917495123226,0.8568696607365593,-0.4872000130126253,68.87999846041203,1.0,2.0352539916995336,1
14:44:39.699114,78,0.189359037800556,3.60601577689833,0.8374867791714062,-0.4872000130126253,39.23999912291765,1.0,4.411390742078451,1
14:44:39.699114,78,0.2196281868108074,3.4840605299737724,0.8766970474991198,-0.4872000130126253,62.99999859184027,1.0,3.150089819007035,1
14:44:39.699114,78,0.2234011981323919,3.5439135024704247,0.857399730433865,-0.4872000130126253,86.63999806344509,1.0,1.4457838371044642,1
14:44:39.699114,78,0.2271891817211256,3.6040039867626974,0.8380258367135895,-0.4872000130126253,47.8799989297986,1.0,4.006239875455859,1
14:44:39.699114,78,0.2561773577711511,3.4817625465562263,0.8773127903000713,-0.4872000130126253,78.63999824225903,1.0,2.525903125378655,1
14:44:39.699114,78,0.2605782504126624,3.5415760418000857,0.8580260511328217,-0.4872000130126253,109.51999755203724,1.0,0.977670177077379,1
14:44:39.699114,78,0.146467614068811,3.4875968616628907,0.8757494902788518,-0.4872000130126253,40.99999908357859,1.0,4.829106038689309,1
14:44:39.699114,78,0.2927009112103433,3.479111646047114,0.878023096950703,-0.4872000130126253,96.99999783188105,1.0,2.0412031826736015,1
14:44:39.699114,78,0.2649966069138623,3.601626892183801,0.8386627772863373,-0.4872000130126253,58.51999869197607,1.0,3.7004861844006913,1
14:44:39.699114,78,0.3951465579888212,3.409212774147381,0.900025140209449,-0.4174800111504737,28.519999362528324,1.0,6.8337579926859515,1
14:44:39.699114,78,0.4025039696954032,3.501196421093108,0.985929975117904,-0.6263600167294499,133.23999702185392,1.0,2.241160172993286,1
14:44:39.699114,78,0.3719382043169761,3.5324108949209885,0.8604818448375884,-0.4872000130126253,184.1199958845973,1.0,0.27288977214936805,1
14:44:39.699114,78,0.3660408860542896,3.504908238566157,0.9849353966235488,-0.6263600167294499,130.11999709159136,1.0,2.094270515765838,1
14:44:39.699114,78,0.3780365875787074,3.5804986835790027,0.8051104099630912,-0.4872000130126253,93.75999790430068,1.0,2.055349922156926,1
14:44:39.699114,78,0.3348504670846755,3.53582445044821,0.8595671853907507,-0.4872000130126253,164.63999632000923,1.0,0.393664419186577,1
14:44:39.699114,78,0.3291951948036394,3.476108093534266,0.8788278964209453,-0.4872000130126253,115.99999740719797,1.0,1.693443445675353,1
14:44:39.699114,78,0.302777532667922,3.598884730869106,0.8393975371961258,-0.4872000130126253,70.75999841839075,1.0,3.490940989427467,1
14:44:39.699114,78,0.2977292450862044,3.538879601245416,0.8587485602018843,-0.4872000130126253,136.7599969431758,1.0,0.6278470239668589,1
14:44:39.699114,78,0.3405281809223823,3.5957777770324464,0.8402300429675795,-0.4872000130126253,83.51999813318253,1.0,3.374848480803492,1
14:44:39.760039,79,0.4826976118709695,3.5084194249867475,0.8283505053978357,-0.6263600167294499,93.1199979186058,1.0,0.5849123882531634,1
14:44:39.760039,79,0.4748066943279082,3.4605738988183843,0.8829902713501336,-0.6263600167294499,84.87999810278416,1.0,0.977601950034098,1
14:44:39.760039,79,0.4671781019310061,3.442321862823947,1.0403219041408966,-0.6263600167294499,46.63999895751476,1.0,1.4209532363844368,1
14:44:39.760039,79,0.4581761461650386,3.440092271383303,1.2980373678771395,-0.6263600167294499,22.51999949663877,1.0,5.703818221017075,1
14:44:39.760039,79,0.4598314437643565,3.593858573358295,0.6781612906529271,-0.5566400148672983,10.759999759495258,1.0,2.8165529569455945,1
14:44:39.760039,79,0.4522902915460132,3.5349199450404334,0.6998392055725362,-0.5566400148672983,42.51999904960394,1.0,1.0700547435063992,1
14:44:39.760039,79,0.4457529120133681,3.512903533951414,0.8271489920219803,-0.6263600167294499,113.63999745994806,1.0,0.3124704132012718,1
14:44:39.760039,79,0.4384659493543998,3.4649847036414427,0.8818083997598238,-0.4872000130126253,104.51999766379596,1.0,0.7182500058353177,1
14:44:39.760039,79,0.4087636372380177,3.517030566270726,0.8260431570448834,-0.6263600167294499,132.87999702990055,1.0,0.15505707834936186,1
14:44:39.760039,79,0.4231082697436722,3.444348583645655,1.296896892443708,-0.6263600167294499,24.879999443888664,1.0,5.261207512911559,1
14:44:39.760039,79,0.4216739103745672,3.598115952679229,0.67702052930201,-0.5566400148672983,10.239999771118164,1.0,2.65561076528029,1
14:44:39.760039,79,0.4156946204309149,3.5766652243544,0.8061375822665411,-0.6263600167294499,44.99999899417162,1.0,1.9025499014262734,1
14:44:39.760039,79,0.3956212243169719,3.450656141970089,1.0380887407741923,-0.6263600167294499,61.35999862849712,1.0,0.894209294979631,1
14:44:39.760039,79,0.3879980828498119,3.4482659590721294,1.2958472348617345,-0.6263600167294499,26.239999413490292,1.0,4.917216484017822,1
14:44:39.760039,79,0.3834742099470192,3.602004551814392,0.6759785823040545,-0.5566400148672983,9.359999790787697,0.9359999790787696,2.6003285835345906,1
14:44:39.760039,79,0.3780365875787074,3.5804986835790027,0.8051104099630912,-0.5566400148672983,44.359999008476734,1.0,1.791176273279126,1
14:44:39.760039,79,0.4897768196635756,3.53037007246239,0.7010583402554875,-0.5566400148672983,37.99999915063381,1.0,1.2959191297822152,1
14:44:39.760039,79,0.4314212340049667,3.446661800423481,1.0391590213659,-0.6263600167294499,54.87999877333641,1.0,1.0993960952768331,1
14:44:39.760039,79,0.4979429943950166,3.5892328395859554,0.6794007522816268,-0.6263600167294499,10.759999759495258,1.0,3.08209552173747,1
14:44:39.760039,79,0.5932273420503781,3.492829300556246,0.8325278666488893,-0.6263600167294499,49.359998896718025,1.0,2.0866487018891537,1
14:44:39.760039,79,0.5110999590297771,3.455812295750781,0.8842661390467752,-0.6263600167294499,68.11999847739935,1.0,1.359522342156783,1
14:44:39.760039,79,0.3719382043169761,3.5324108949209885,0.8604818448375884,-0.5566400148672983,144.75999676436186,1.0,0.23330903151335233,1
14:44:39.760039,79,0.6651222169338191,3.443810063280563,0.7301373818714287,-0.6263600167294499,33.7599992454052,1.0,5.275690973124562,1
14:44:39.760039,79,0.6385869645657072,3.4953574257069038,0.6713439977631308,-0.6263600167294499,20.51999954134226,1.0,3.807848967205632,1
14:44:39.760039,79,0.6285382739918527,3.45005801560044,0.7284632480929694,-0.6263600167294499,40.51999909430742,1.0,4.431340821359694,1
14:44:39.760039,79,0.6196586044618967,3.43942763375234,0.8886563959975147,-0.6263600167294499,36.35999918729067,1.0,3.23781944784541,1
14:44:39.760039,79,0.6092657104578014,3.51731785564702,0.5399341206950059,-0.7655200204462744,8.51999980956316,0.851999980956316,5.038106129497786,1
14:44:39.760039,79,0.6019275707636551,3.5145513044097902,0.7052969663804367,-0.6263600167294499,23.9999994635582,1.0,2.680230137771468,1
14:44:39.760039,79,0.5835295355452564,3.445238634539128,0.887099343029478,-0.6263600167294499,44.359999008476734,1.0,2.4896482735489576,1
14:44:39.760039,79,0.5741541222846464,3.4272329861417545,1.044364956462583,-0.6263600167294499,25.63999942690134,1.0,3.0783791186230745,1
14:44:39.760039,79,0.5734662051148866,3.565447191259396,0.6460262877606224,-0.6263600167294499,9.359999790787697,0.9359999790787696,3.3595937968295924,1
14:44:39.760039,79,0.5645992003600883,3.520185242909857,0.7037873571091373,-0.6263600167294499,27.99999937415123,1.0,2.1013058546612093,1
14:44:39.760039,79,0.5564385139036859,3.49838180641244,0.8310400771887532,-0.6263600167294499,60.63999864459038,1.0,1.4722972341042295,1
14:44:39.760039,79,0.5473421141639432,3.450700370594952,0.8856358752640481,-0.6263600167294499,54.75999877601862,1.0,1.8635885653140898,1
14:44:39.760039,79,0.5385481145415795,3.432606969942509,1.0429250018430327,-0.6263600167294499,31.359999299049377,1.0,2.410729667407713,1
14:44:39.760039,79,0.5354942482123524,3.570803103483368,0.6445911754054772,-0.6263600167294499,10.239999771118164,1.0,2.9048308987481724,1
14:44:39.760039,79,0.5272143705095071,3.5254583413625324,0.7023744346371332,-0.5566400148672983,32.87999926507473,1.0,1.6398173127802669,1
14:44:39.760039,79,0.5195940423717882,3.503578687783868,0.8296475770221188,-0.6263600167294499,75.23999831825495,1.0,0.9716666566023001,1
14:44:39.760039,79,0.5028882524382546,3.437636763161609,1.0415772728118795,-0.6263600167294499,38.35999914258719,1.0,1.8582030591308332,1
14:44:39.760039,79,0.3656565591532553,3.4727521893704165,0.879727108231525,-0.4872000130126253,138.2399969100952,1.0,0.5702919673333339,1
14:44:39.760039,79,0.4020813581533032,3.4690442691431698,0.8807206424620149,-0.4872000130126253,124.2399972230196,1.0,0.5821592013555458,1
14:44:39.760039,79,0.3526194938323161,3.458778357293844,1.3296094264327931,-0.6263600167294499,26.239999413490292,1.0,5.880141937053145,1
14:44:39.760039,79,0.2234011981323919,3.5439135024704247,0.857399730433865,-0.5566400148672983,88.51999802142382,1.0,1.0444691768876015,1
14:44:39.760039,79,0.2196281868108074,3.4840605299737724,0.8766970474991198,-0.5566400148672983,90.3599979802966,1.0,1.7937176645705026,1
14:44:39.760039,79,0.2158402032220737,3.423970045681498,0.8960709412193955,-0.4872000130126253,37.87999915331602,1.0,5.508324439896697,1
14:44:39.760039,79,0.2117975956560844,3.469683511980177,1.3266873990412538,-0.6263600167294499,17.11999961733818,1.0,5.761363534343557,1
14:44:39.760039,79,0.189359037800556,3.60601577689833,0.8374867791714062,-0.5566400148672983,21.99999950826168,1.0,3.608183950382244,1
14:44:39.760039,79,0.1862018059194739,3.5458917495123226,0.8568696607365593,-0.5566400148672983,70.63999842107296,1.0,1.5405721588527603,1
14:44:39.760039,79,0.1830570532157873,3.4860053665033344,0.876175930121613,-0.5566400148672983,72.35999838262796,1.0,2.426804494155567,1
14:44:39.760039,79,0.1798998213347052,3.425881339117327,0.8955588116867661,-0.4872000130126253,30.879999309778214,1.0,6.273914546253361,1
14:44:39.760039,79,0.1515099581348516,3.6076620614133694,0.8370456585650894,-0.5566400148672983,18.759999580681324,1.0,4.070027218772663,1
14:44:39.760039,79,0.1489837936819639,3.547510585102734,0.8564358950474298,-0.5566400148672983,56.519998736679554,1.0,2.158927554094991,1
14:44:39.760039,79,0.146467614068811,3.4875968616628907,0.8757494902788518,-0.5566400148672983,57.759998708963394,1.0,3.19551759834036,1
14:44:39.760039,79,0.1439414496159233,3.427445385352256,0.895139726761192,-0.4872000130126253,25.23999943584204,1.0,7.188024256621746,1
14:44:39.760039,79,0.1136457276002688,3.608942675680743,0.8367025190063309,-0.5566400148672983,16.239999637007713,1.0,4.643226093260795,1
14:44:39.760039,79,0.1117508831899045,3.548769847359455,0.8560984767426822,-0.5566400148672983,45.51999898254872,1.0,2.9024805991760103,1
14:44:39.760039,79,0.0745067977031511,3.5496694103573145,0.855857439563865,-0.5566400148672983,37.11999917030335,1.0,3.7744494596544333,1
14:44:39.760039,79,0.0732484562366814,3.4897192266290094,0.8751808043001363,-0.5566400148672983,37.75999915599823,1.0,5.151402617629789,1
14:44:39.760039,79,0.0372552615990492,3.5502091841407686,0.8557128076144931,-0.5566400148672983,30.759999312460423,1.0,4.7783235913077595,1
14:44:39.760039,79,0.2271891817211256,3.6040039867626974,0.8380258367135895,-0.5566400148672983,25.87999942153692,1.0,3.2546325602789534,1
14:44:39.760039,79,0.2470436478365008,3.4674674605263043,1.3272811882387048,-0.6263600167294499,19.879999555647373,1.0,5.640536958049816,1
14:44:39.760039,79,0.1098635282831385,3.488834856304259,0.8754177706144632,-0.5566400148672983,46.35999896377325,1.0,4.102686463214523,1
14:44:39.760039,79,0.2561773577711511,3.4817625465562263,0.8773127903000713,-0.5566400148672983,110.75999752432108,1.0,1.293691111707724,1
14:44:39.760039,79,0.2517590012699512,3.4217116961725105,0.8966760641465559,-0.4872000130126253,45.99999897181988,1.0,4.888791104385947,1
14:44:39.760039,79,0.3454363077093768,3.415383360457604,1.4442683586483285,-0.6263600167294499,11.239999748766422,1.0,8.318820712153652,1
14:44:39.760039,79,0.3403407513844615,3.5839682085378346,0.8041807535522527,-0.5566400148672983,40.8799990862608,1.0,1.7829220906834888,1
14:44:39.760039,79,0.3597276851427254,3.444458188504309,1.0024424758146486,-0.4872000130126253,63.75999857485294,1.0,1.0462249748788786,1
14:44:39.760039,79,0.3348504670846755,3.53582445044821,0.8595671853907507,-0.5566400148672983,143.3599967956543,1.0,0.26434672822865324,1
14:44:39.760039,79,0.3291951948036394,3.476108093534266,0.8788278964209453,-0.4872000130126253,140.51999685913324,1.0,0.6838799976923947,1
14:44:39.760039,79,0.3238575171769007,3.447759678949929,1.0015578441159256,-0.4872000130126253,60.99999863654375,1.0,1.1169294784574157,1
14:44:39.760039,79,0.3460153401613343,3.643724631152839,0.7842425520660736,-0.5566400148672983,8.239999815821648,0.8239999815821648,6.324428556955837,1
14:44:39.760039,79,0.3076563903625356,3.646881649422943,0.7833966315701089,-0.5566400148672983,7.1199998408555984,0.7119999840855599,6.319236475577483,1
14:44:39.760039,79,0.302777532667922,3.598884730869106,0.8393975371961258,-0.5566400148672983,35.879999198019505,1.0,2.8615800351822798,1
14:44:39.760039,79,0.2977292450862044,3.538879601245416,0.8587485602018843,-0.5566400148672983,129.5199971050024,1.0,0.4086129932848084,1
14:44:39.760039,79,0.2927009112103433,3.479111646047114,0.878023096950703,-0.5566400148672983,129.6399971023202,1.0,0.9244236341867286,1
14:44:39.760039,79,0.2876526236286256,3.419106516423424,0.8973741199564618,-0.4872000130126253,54.239998787641525,1.0,4.413105693133263,1
14:44:39.760039,79,0.2822649958591071,3.464911074835076,1.327966169720212,-0.6263600167294499,22.75999949127436,1.0,5.6212995224596085,1
14:44:39.760039,79,0.2649966069138623,3.601626892183801,0.8386627772863373,-0.5566400148672983,30.63999931514263,1.0,3.006594946319785,1
14:44:39.760039,79,0.3174581176186092,3.462014610542922,1.3287422749882,-0.6263600167294499,24.99999944120645,1.0,5.701726117452902,1
14:44:39.760039,79,0.2605782504126624,3.5415760418000857,0.8580260511328217,-0.5566400148672983,109.11999756097794,1.0,0.6679477979443121,1
14:44:39.812765,80,0.5248900498910025,3.470493432500401,0.5609692888841127,-0.6263600167294499,29.35999934375286,1.0,1.6924550064468622,1
14:44:39.812765,80,0.516138423251855,3.412629003976439,0.5849626175985136,-0.6263600167294499,43.63999902456999,1.0,1.5660817648818393,1
14:44:39.812765,80,0.5096683538291789,3.408128931688875,0.7455602070444249,-0.6263600167294499,49.51999889314175,1.0,0.5451391108825395,1
14:44:39.812765,80,0.5022848871343151,3.396209015989043,0.9035094867065454,-0.6263600167294499,37.87999915331602,1.0,0.8117618439052758,1
14:44:39.812765,80,0.4939884815121557,3.4042894860782127,1.1611315785218284,-0.6958000185841229,21.7599995136261,1.0,4.084476217442907,1
14:44:39.812765,80,0.4876175493096407,3.4753835093387164,0.5596589967443599,-0.4174800111504737,32.35999927669764,1.0,1.442811768986204,1
14:44:39.812765,80,0.4589103047241383,3.408891672064285,1.1598984265034424,-0.6958000185841229,25.23999943584204,1.0,3.684971884003831,1
14:44:39.812765,80,0.4734767475711737,3.4128771973738496,0.7442879130886877,-0.6263600167294499,64.99999854713678,1.0,0.2596598303305126,1
14:44:39.812765,80,0.4666175816641301,3.400888494469005,0.9022556242268404,-0.6263600167294499,46.51999896019697,1.0,0.48520212704456034,1
14:44:39.812765,80,0.4502962873818742,3.479913322974447,0.5584452368388024,-0.4174800111504737,32.75999926775694,1.0,1.3392444697377188,1
14:44:39.812765,80,0.5290172598658859,3.399348706685223,1.1624554563701603,-0.6958000185841229,18.35999958962202,1.0,4.61304852211596,1
14:44:39.812765,80,0.4443255502853533,3.4629770446264603,0.6865575086492788,-0.6263600167294499,70.63999842107296,1.0,0.307618981349928,1
14:44:39.812765,80,0.4811519481662126,3.4585072943913686,0.6877551746151407,-0.6263600167294499,57.35999871790409,1.0,0.4479627334917719,1
14:44:39.812765,80,0.5384673316547773,3.4227639250685487,1.0082554361826488,-0.6263600167294499,30.119999326765537,1.0,2.324223280477059,1
14:44:39.812765,80,0.6097027150965114,3.4215153491532235,1.0458969926762742,-0.6958000185841229,19.239999569952488,1.0,4.250365858299342,1
14:44:39.812765,80,0.5527378564463071,3.40746668505409,0.586345856784829,-0.6263600167294499,32.75999926775694,1.0,1.9477320818068562,1
14:44:39.812765,80,0.4372377940350908,3.4172756474099195,0.7431093519535741,-0.6263600167294499,81.75999817252159,1.0,0.11216200160402534,1
14:44:39.812765,80,0.6725039108369602,3.43275987274992,0.5321642588543369,-0.8349600223009475,13.759999692440031,1.0,4.533360192580564,1
14:44:39.812765,80,0.6621899044455409,3.3898624135876254,0.5910629071076063,-0.6263600167294499,15.519999653100967,1.0,3.939065782811878,1
14:44:39.812765,80,0.6355139500809858,3.439077166418458,0.5304715451175017,-0.6263600167294499,16.759999625384808,1.0,3.717321083620842,1
14:44:39.812765,80,0.6257672484821598,3.396082820671233,0.5893961540529609,-0.6263600167294499,19.35999956727028,1.0,3.1345162131036073,1
14:44:39.812765,80,0.5458089936788015,3.403031325177586,0.7469261065924564,-0.5566400148672983,37.51999916136265,1.0,0.9684293333397888,1
14:44:39.812765,80,0.6179229234760732,3.391790163584401,0.749938166763338,-0.5566400148672983,22.63999949395657,1.0,2.2275214127281266,1
14:44:39.812765,80,0.589282016318199,3.401951106767952,0.5878237515323903,-0.6263600167294499,24.879999443888664,1.0,2.470632792321272,1
14:44:39.812765,80,0.5818950530863357,3.3975848875963632,0.7483854751439718,-0.5566400148672983,28.879999354481697,1.0,1.5293121390207658,1
14:44:39.812765,80,0.5740679984524109,3.417390747372046,1.0096951748072156,-0.6263600167294499,23.9999994635582,1.0,2.9564332165607494,1
14:44:39.812765,80,0.5640777493005998,3.367085237425476,1.0611362984447532,-0.6958000185841229,15.359999656677246,1.0,3.360252245309848,1
14:44:39.812765,80,0.5707065653906169,3.5081717208305845,0.5028202616625186,-0.8349600223009475,11.119999751448631,1.0,2.7299491367844775,1
14:44:39.812765,80,0.5621100619071286,3.4652435814630893,0.5623759822299441,-0.6263600167294499,24.99999944120645,1.0,2.087998649492322,1
14:44:39.812765,80,0.5992738633880001,3.4596344812074857,0.5638789361136982,-0.6263600167294499,20.63999953866005,1.0,2.6292164424780653,1
14:44:39.812765,80,0.4309036148267113,3.405223225011592,0.901094136678548,-0.6263600167294499,54.63999877870083,1.0,0.2925821243973316,1
14:44:39.812765,80,0.4237862372901239,3.413154804428696,1.1587561236291717,-0.6958000185841229,27.99999937415123,1.0,3.414708833598138,1
14:44:39.812765,80,0.2227754451629076,3.4953304984680638,0.7163325228692379,-0.4174800111504737,23.87999946624041,1.0,2.2344658833704187,1
14:44:39.812765,80,0.2876526236286256,3.419106516423424,0.8973741199564618,-0.6263600167294499,43.87999901920557,1.0,0.8632801420214475,1
14:44:39.812765,80,0.2828306382733506,3.4351178161600475,1.1895160873920183,-0.6263600167294499,24.35999945551157,1.0,4.312967517226505,1
14:44:39.812765,80,0.259848363485726,3.4929995850900744,0.7169570892264969,-0.4174800111504737,31.239999301731583,1.0,1.5336648829611472,1
14:44:39.812765,80,0.2554597978669067,3.434006495120052,0.7386263348209559,-0.6263600167294499,48.99999890476465,1.0,1.44700531606643,1
14:44:39.812765,80,0.2517590012699512,3.4217116961725105,0.8966760641465559,-0.6263600167294499,35.759999200701714,1.0,1.3412864147425512,1
14:44:39.812765,80,0.226552818504253,3.554597210894336,0.6945666980777305,-0.6958000185841229,11.119999751448631,1.0,2.4099740818991964,1
14:44:39.812765,80,0.2918810478170766,3.4313630198569967,0.7393346518829034,-0.6263600167294499,63.879998572170734,1.0,0.9037170785624711,1
14:44:39.812765,80,0.2190130021509745,3.4362980418221314,0.7380123167327155,-0.6263600167294499,37.51999916136265,1.0,2.128290398220409,1
14:44:39.812765,80,0.1856802494822143,3.497303204384975,0.7158039379118972,-0.4174800111504737,18.759999580681324,1.0,3.0774695921853947,1
14:44:39.812765,80,0.1825443053183165,3.4382374308104824,0.7374926590194772,-0.6263600167294499,29.11999934911728,1.0,2.9474068601835404,1
14:44:39.812765,80,0.1798998213347052,3.425881339117327,0.8955588116867661,-0.6263600167294499,23.23999948054552,1.0,2.6990963492130566,1
14:44:39.812765,80,0.1485664859321358,3.498917505571873,0.7153713872125274,-0.4174800111504737,15.119999662041664,1.0,4.062455677474789,1
14:44:39.812765,80,0.1460573542080624,3.439824468147832,0.7370674136465762,-0.3480400092958007,22.99999948590994,1.0,3.904141314811715,1
14:44:39.812765,80,0.4129299962026282,3.4840824204300254,0.5573281305424136,-0.4174800111504737,30.119999326765537,1.0,1.381877840533125,1
14:44:39.812765,80,0.2158402032220737,3.423970045681498,0.8960709412193955,-0.6263600167294499,28.759999357163903,1.0,1.9532770623669549,1
14:44:39.812765,80,0.2968952971898971,3.490310697340395,0.7176775745275616,-0.4174800111504737,41.51999907195568,1.0,0.9752373804179844,1
14:44:39.812765,80,0.2642543440474771,3.55222677462347,0.6952018545622187,-0.6958000185841229,13.759999692440031,1.0,1.6893142712654143,1
14:44:39.812765,80,0.3180942849744815,3.4322155475241773,1.1902937479292175,-0.6263600167294499,27.239999391138557,1.0,4.078092779449574,1
14:44:39.812765,80,0.4074547202217219,3.4670908616244054,0.6854552147068702,-0.6263600167294499,75.75999830663204,1.0,0.3096162949188585,1
14:44:39.812765,80,0.4009551170859225,3.4213238419557666,0.7420246414942104,-0.6263600167294499,93.6399979069829,1.0,0.10276821202835996,1
14:44:39.812765,80,0.3951465579888212,3.409212774147381,0.900025140209449,-0.6263600167294499,59.239998675882816,1.0,0.2340258336533362,1
14:44:39.812765,80,0.388619791587429,3.417078456861782,1.157704784128346,-0.6958000185841229,29.519999340176582,1.0,3.273815396816181,1
14:44:39.812765,80,0.3016418800118885,3.5362536430282367,0.6603858893583918,-0.6958000185841229,16.99999962002039,1.0,1.3057651236602852,1
14:44:39.812765,80,0.376826062773694,3.529699927633635,0.6621419521057987,-0.6958000185841229,25.75999942421913,1.0,0.5713131513212437,1
14:44:39.812765,80,0.3705431450274343,3.4708483340069507,0.6844484030163849,-0.6263600167294499,68.63999846577644,1.0,0.4540305522190129,1
14:44:39.812765,80,0.3646323449609662,3.4250213761953274,0.7410338901807336,-0.6263600167294499,92.999997921288,1.0,0.2315530709415166,1
14:44:39.812765,80,0.3808191352632649,3.39348080946568,1.3425259086629575,-0.6263600167294499,13.35999970138073,1.0,7.374988632690298,1
14:44:39.812765,80,0.3593499868261864,3.4128567429248022,0.8990487417182946,-0.6263600167294499,58.23999869823456,1.0,0.30961066133536413,1
14:44:39.812765,80,0.3533261225136145,3.428972809014341,1.1911626370941937,-0.6263600167294499,29.23999934643507,1.0,3.972550591996415,1
14:44:39.812765,80,0.3392509337973687,3.533158342699504,0.6612152725818077,-0.6958000185841229,21.119999527931213,1.0,0.8650974004882842,1
14:44:39.812765,80,0.3339125416130883,3.4872641041055457,0.7184939067245053,-0.6263600167294499,54.75999877601862,1.0,0.559304565369007,1
14:44:39.812765,80,0.328273109907003,3.428367880378276,0.7401371970874453,-0.6263600167294499,80.51999820023775,1.0,0.4985431727663323,1
14:44:39.812765,80,0.3235174809659327,3.41615476695003,0.8981650388441165,-0.6263600167294499,52.23999883234501,1.0,0.519367386439231,1
14:44:39.869572,81,0.4589791521676498,3.510697401085422,-0.0354069107683088,-0.7655200204462744,162.3599963709712,1.0,0.6218253469665455,1
14:44:39.869572,81,0.4940625915151915,3.505932152763051,-0.0354069107683088,-0.7655200204462744,113.11999747157095,1.0,0.7603369406379437,1
14:44:39.869572,81,0.4850428422983072,3.441926843856028,0.1043093545778107,-0.6958000185841229,60.87999863922596,1.0,1.2209850930989128,1
14:44:39.869572,81,0.4755777653422365,3.374761431621728,0.2047321142760703,-0.6263600167294499,24.99999944120645,1.0,2.870916144124343,1
14:44:39.869572,81,0.4816106449321347,3.68380400615828,-0.3352694665967131,-0.8349600223009475,8.999999798834324,0.8999999798834324,1.6387025258169956,1
14:44:39.869572,81,0.4748066943279082,3.631761093989915,-0.1832861131201686,-0.8349600223009475,76.2399982959032,1.0,0.9592010344811683,1
14:44:39.869572,81,0.4671781019310061,3.5734105580772044,-0.0360394002425997,-0.6958000185841229,188.7599957808852,1.0,0.815302549540771,1
14:44:39.869572,81,0.5028882524382546,3.568560185993938,-0.0360394002425997,-0.6958000185841229,134.23999699950218,1.0,1.2834899678929244,1
14:44:39.869572,81,0.4505998963417145,3.446605096430164,0.1043093545778107,-0.6958000185841229,80.23999820649624,1.0,1.0534508912492635,1
14:44:39.869572,81,0.3956212243169719,3.582038838758093,-0.0360394002425997,-0.6958000185841229,251.2399943843484,1.0,0.31147821112717144,1
14:44:39.869572,81,0.4447491393276699,3.688435843574758,-0.3352694665967131,-0.8349600223009475,8.879999801516533,0.8879999801516533,1.5324368068780743,1
14:44:39.869572,81,0.4314212340049667,3.5779035920984685,-0.0360394002425997,-0.6958000185841229,241.6399945989251,1.0,0.48929053724556604,1
14:44:39.869572,81,0.4237862372901239,3.514584311500932,0.0708102808752047,-0.6958000185841229,210.7599952891469,1.0,0.2455151976940716,1
14:44:39.869572,81,0.4161118907730005,3.450938691382224,0.1043093545778107,-0.6958000185841229,97.75999781489372,1.0,1.042630097122744,1
14:44:39.869572,81,0.4077264407690503,3.381395680223552,0.2388023725357469,-0.6263600167294499,31.359999299049377,1.0,2.3727056170185294,1
14:44:39.869572,81,0.4087636372380177,3.701033044894174,-0.2236807408005598,-0.6958000185841229,8.239999815821648,0.8239999815821648,2.709121138365428,1
14:44:39.869572,81,0.4025039696954032,3.6443566815517614,-0.0733401122755333,-0.6958000185841229,90.63999797403812,1.0,2.6786734714699896,1
14:44:39.869572,81,0.5110999590297771,3.626831519753458,-0.1832861131201686,-0.8349600223009475,60.35999865084887,1.0,1.350982346985277,1
14:44:39.869572,81,0.4415194471011522,3.377149415493515,0.2388023725357469,-0.6263600167294499,28.639999359846115,1.0,2.3732133182905875,1
14:44:39.869572,81,0.5184239898756001,3.67880379142748,-0.3352694665967131,-0.6958000185841229,8.999999798834324,0.8999999798834324,1.9038532277359863,1
14:44:39.869572,81,0.6450935587947363,3.545063708921393,-0.072075196575369,-0.7655200204462744,38.99999912828207,1.0,3.6051135446022977,1
14:44:39.869572,81,0.5194372843770393,3.4369044014811565,0.1043093545778107,-0.6958000185841229,45.2399989888072,1.0,1.5399863264377869,1
14:44:39.869572,81,0.6805113498428993,3.538435629292266,-0.072075196575369,-0.7655200204462744,30.759999312460423,1.0,4.63949492747072,1
14:44:39.869572,81,0.6685684134173822,3.4763362803597646,-0.0708102808752047,-0.7655200204462744,24.63999944925308,1.0,3.8481849632714766,1
14:44:39.869572,81,0.6557257080372414,3.6034918949009,-0.1832861131201686,-0.8349600223009475,22.75999949127436,1.0,4.297354383247576,1
14:44:39.869572,81,0.63386728351731,3.4833705474724987,-0.0354069107683088,-0.7655200204462744,31.359999299049377,1.0,2.819279611373741,1
14:44:39.869572,81,0.6225442288869436,3.421145542282176,-0.0347744212940179,-0.7655200204462744,20.359999544918537,1.0,5.460534301030259,1
14:44:39.869572,81,0.6196586044618967,3.609868869462401,-0.1832861131201686,-0.8349600223009475,28.23999936878681,1.0,3.364077539793273,1
14:44:39.869572,81,0.6096112589311536,3.551337285149685,-0.072075196575369,-0.6958000185841229,50.75999886542559,1.0,2.6944215203331265,1
14:44:39.869572,81,0.5990024662813466,3.489534947453792,-0.0354069107683088,-0.7655200204462744,41.11999908089638,1.0,2.0883069038610116,1
14:44:39.869572,81,0.5093010377576997,3.3698369966792723,0.2047321142760703,-0.6263600167294499,21.239999525249004,1.0,3.107024070889705,1
14:44:39.869572,81,0.5883022174661815,3.427199824831056,-0.0347744212940179,-0.7655200204462744,25.999999418854717,1.0,4.973979129330153,1
14:44:39.869572,81,0.5835295355452564,3.6158848601613074,-0.1832861131201686,-0.8349600223009475,35.999999195337296,1.0,2.558709484792421,1
14:44:39.869572,81,0.5741541222846464,3.557789403458985,-0.0360394002425997,-0.6958000185841229,68.11999847739935,1.0,2.6240764654055306,1
14:44:39.869572,81,0.5640777493005998,3.495350396863874,-0.0354069107683088,-0.7655200204462744,55.75999875366688,1.0,1.4985003551822156,1
14:44:39.869572,81,0.5539182754212705,3.432396449291802,0.0695453651750404,-0.6958000185841229,33.99999924004078,1.0,2.244227493887901,1
14:44:39.869572,81,0.5546567217553136,3.669937036957547,-0.3724036118389479,-0.6958000185841229,8.879999801516533,0.8879999801516533,2.3133218584594157,1
14:44:39.869572,81,0.5473421141639432,3.6215392654035887,-0.1832861131201686,-0.8349600223009475,46.51999896019697,1.0,1.8859769708456624,1
14:44:39.869572,81,0.5385481145415795,3.563352960881816,-0.0360394002425997,-0.6958000185841229,94.51999788731337,1.0,1.8881844617339518,1
14:44:39.869572,81,0.5290966250175076,3.500816314162677,-0.0354069107683088,-0.7655200204462744,78.23999825119972,1.0,1.054260564324556,1
14:44:39.869572,81,0.5913277470477789,3.664207066991778,-0.3724036118389479,-0.6958000185841229,8.639999806880951,0.8639999806880951,2.773522386648578,1
14:44:39.869572,81,0.388619791587429,3.5186463754051136,0.0708102808752047,-0.6958000185841229,217.11999514698985,1.0,0.12721716903287628,1
14:44:39.869572,81,0.4384659493543998,3.636327495159665,-0.1832861131201686,-0.8349600223009475,88.87999801337719,1.0,0.7164788106067728,1
14:44:39.869572,81,0.373892662134465,3.3853038082185027,0.2388023725357469,-0.6263600167294499,32.51999927312136,1.0,2.5325035623126055,1
14:44:39.869572,81,0.2605782504126624,3.7164643715190735,-0.186434800863456,-0.5566400148672983,6.11999986320734,0.611999986320734,3.5272442201346887,1
14:44:39.869572,81,0.2564466154873407,3.657537450443484,-0.0733401122755333,-0.6958000185841229,37.87999915331602,1.0,2.3977806691468286,1
14:44:39.869572,81,0.2520614245564399,3.594994218876029,-0.0360394002425997,-0.7655200204462744,74.63999833166599,1.0,1.2149965639256144,1
14:44:39.869572,81,0.247538708745348,3.530489556081609,0.1062065700133381,-0.6958000185841229,59.35999867320061,1.0,1.144313438956531,1
14:44:39.869572,81,0.2426305967242623,3.460488228538337,0.2432262577412491,-0.6958000185841229,38.87999913096428,1.0,1.7479421960251589,1
14:44:39.869572,81,0.2376093554046305,3.3888734086688426,0.3408562513829175,-0.6263600167294499,21.359999522566795,1.0,3.327950055656684,1
14:44:39.869572,81,0.2160994793682514,3.5973350428502293,-0.0360394002425997,-0.7655200204462744,54.75999877601862,1.0,1.8807849974936812,1
14:44:39.869572,81,0.2122220255538592,3.5327883788586103,0.1062065700133381,-0.6958000185841229,43.35999903082848,1.0,1.7458340243149442,1
14:44:39.869572,81,0.2714856435562384,3.386327912518432,0.3408562513829175,-0.6263600167294499,25.11999943852425,1.0,2.760332838018403,1
14:44:39.869572,81,0.2080141605292759,3.4627414710512925,0.2432262577412491,-0.6958000185841229,29.23999934643507,1.0,2.345411740738725,1
14:44:39.869572,81,0.1832494571210743,3.6619345576424975,-0.0733401122755333,-0.6958000185841229,23.519999474287037,1.0,3.259256642955947,1
14:44:39.869572,81,0.1801159244131744,3.599316136333995,-0.0360394002425997,-0.7655200204462744,41.51999907195568,1.0,2.7382131027944623,1
14:44:39.869572,81,0.1765303638935465,3.527664693641488,0.2476501429467513,-0.6263600167294499,32.75999926775694,1.0,3.4533154405042508,1
14:44:39.869572,81,0.1727521198784897,3.452162792881142,0.3817540507951949,-0.6263600167294499,22.63999949395657,1.0,3.8771672262182406,1
14:44:39.869572,81,0.1441143580165573,3.600937301219638,-0.0360394002425997,-0.7655200204462744,32.35999927669764,1.0,3.7957027178723446,1
14:44:39.869572,81,0.1412454792425166,3.529253586062446,0.2476501429467513,-0.6263600167294499,25.51999942958355,1.0,3.916165646999519,1
14:44:39.869572,81,0.1382224305452189,3.453717678555908,0.3817540507951949,-0.6263600167294499,17.879999600350857,1.0,4.392212344721862,1
14:44:39.869572,81,0.3815822743638282,3.454927195356346,0.1043093545778107,-0.6958000185841229,102.23999771475792,1.0,1.1940977774784356,1
14:44:39.869572,81,0.2034947334875268,3.387508095578027,0.3748105730920184,-0.6263600167294499,17.879999600350857,1.0,3.8496900116376356,1
14:44:39.869572,81,0.2772227700628525,3.457888940101727,0.2432262577412491,-0.6958000185841229,52.3599988296628,1.0,1.3251462048986813,1
14:44:39.869572,81,0.2198590291635666,3.659918998459773,-0.0733401122755333,-0.6958000185841229,29.519999340176582,1.0,2.73823621416722,1
14:44:39.869572,81,0.2879981638133501,3.5922938984918305,-0.0360394002425997,-0.6958000185841229,104.75999765843152,1.0,0.7327571395490673,1
14:44:39.869572,81,0.3669661890056651,3.3225900450582717,0.2343784873302447,-0.6263600167294499,5.239999882876873,0.5239999882876873,8.52687937156395,1
14:44:39.869572,81,0.2828306382733506,3.5278376873068464,0.1062065700133381,-0.6958000185841229,84.11999811977148,1.0,0.7207147622612851,1
14:44:39.869572,81,0.3717334864414059,3.704935562946381,-0.2236807408005598,-0.6958000185841229,7.35999983549118,0.735999983549118,2.5246398067165385,1
14:44:39.869572,81,0.3660408860542896,3.64819943776764,-0.0733401122755333,-0.6958000185841229,80.11999820917845,1.0,2.3774564336717035,1
14:44:39.869572,81,0.3597816528379971,3.5858158845348784,-0.0360394002425997,-0.6958000185841229,207.11999537050724,1.0,0.2882428018425379,1
14:44:39.869572,81,0.3533261225136145,3.521475907780447,0.1062065700133381,-0.6958000185841229,173.87999611347914,1.0,0.3776751218225076,1
14:44:39.869572,81,0.3465459953354304,3.4539007895304707,0.2085248377813676,-0.6958000185841229,90.11999798566104,1.0,0.7654883007487028,1
14:44:39.869572,81,0.3400214945469139,3.3888734086688426,0.2388023725357469,-0.6263600167294499,31.5199992954731,1.0,2.8582712518198727,1
14:44:39.869572,81,0.32954119863124,3.6516773770962048,-0.0733401122755333,-0.6958000185841229,64.23999856412411,1.0,2.2252750572385005,1
14:44:39.869572,81,0.3348504670846755,3.710509885993024,-0.186434800863456,-0.6958000185841229,6.8799998462200165,0.6879999846220016,3.3818388753165856,1
14:44:39.869572,81,0.2930085573644171,3.6547901517464383,-0.0733401122755333,-0.6958000185841229,49.51999889314175,1.0,2.2294805153073916,1
14:44:39.869572,81,0.3061163250947784,3.392104124617516,0.2388023725357469,-0.6263600167294499,28.879999354481697,1.0,3.3559823963158815,1
14:44:39.869572,81,0.2977292450862044,3.713672810840932,-0.186434800863456,-0.6958000185841229,6.519999854266644,0.6519999854266645,3.3715577056989705,1
14:44:39.869572,81,0.3180942849744815,3.5248330377189787,0.1062065700133381,-0.6958000185841229,122.23999726772308,1.0,0.46755424264286605,1
14:44:39.869572,81,0.3239061034951639,3.589234351727409,-0.0360394002425997,-0.6958000185841229,149.63999665528536,1.0,0.42631130917293203,1
14:44:39.869572,81,0.3117872213566938,3.4549438656681297,0.2432262577412491,-0.6958000185841229,70.35999842733145,1.0,1.069835426983646,1
14:44:39.925845,82,0.561347081301434,3.7142044141042017,-0.5293568187913669,-1.0438400278799236,5.119999885559082,0.5119999885559082,5.5074488695562875,1
14:44:39.925845,82,0.5093010377576997,3.3698369966792723,0.2047321142760703,-0.6958000185841229,31.359999299049377,1.0,3.245613537262982,1
14:44:39.925845,82,0.5546567217553136,3.669937036957547,-0.3724036118389479,-0.7655200204462744,14.51999967545271,1.0,3.724529011543629,1
14:44:39.925845,82,0.5458089936788015,3.611395233194381,-0.3296071178545127,-0.7655200204462744,38.99999912828207,1.0,2.649122146384408,1
14:44:39.925845,82,0.5379019645366013,3.559077650150531,-0.1801249305842492,-0.7655200204462744,93.75999790430068,1.0,1.5758387542335432,1
14:44:39.925845,82,0.5290966250175076,3.500816314162677,-0.0354069107683088,-0.7655200204462744,79.35999822616577,1.0,1.1052345338486553,1
14:44:39.925845,82,0.5437074405931358,3.36912423971948,0.1024121391422833,-0.6958000185841229,23.9999994635582,1.0,5.502296570867422,1
14:44:39.925845,82,0.5195671880769945,3.437763921218328,0.0695453651750404,-0.6958000185841229,50.1199988797307,1.0,1.8100625242965631,1
14:44:39.925845,82,0.5179302312553646,3.675300016294296,-0.3724036118389479,-0.7655200204462744,13.519999697804453,1.0,3.252520933480838,1
14:44:39.925845,82,0.4851641444492047,3.4427876196328926,0.0695453651750404,-0.6958000185841229,73.11999836564064,1.0,1.3047650447148347,1
14:44:39.925845,82,0.5022848871343151,3.5642786276341845,-0.1801249305842492,-0.7655200204462744,149.35999666154385,1.0,1.0558241988026065,1
14:44:39.925845,82,0.4940625915151915,3.505932152763051,-0.0354069107683088,-0.7655200204462744,126.51999717205764,1.0,0.6326846678152365,1
14:44:39.925845,82,0.4755777653422365,3.374761431621728,0.2047321142760703,-0.6958000185841229,40.99999908357859,1.0,2.741419123192581,1
14:44:39.925845,82,0.4811519481662126,3.680295468708586,-0.3724036118389479,-0.7655200204462744,11.879999734461308,1.0,2.9442774970177754,1
14:44:39.925845,82,0.4745453567813987,3.6297621425320905,-0.2199030082972596,-0.7655200204462744,45.639998979866505,1.0,1.5950881745562016,1
14:44:39.925845,82,0.4666175816641301,3.569123180241231,-0.1801249305842492,-0.7655200204462744,213.23999523371455,1.0,0.7016431660380242,1
14:44:39.925845,82,0.4589791521676498,3.510697401085422,-0.0354069107683088,-0.7655200204462744,195.35999563336367,1.0,0.3247784449109501,1
14:44:39.925845,82,0.5540013763165532,3.4329113902687625,-0.0347744212940179,-0.7655200204462744,35.35999920964241,1.0,4.152191783988687,1
14:44:39.925845,82,0.5096683538291789,3.6166726637926216,-0.3296071178545127,-0.7655200204462744,45.35999898612499,1.0,2.0525618736422775,1
14:44:39.925845,82,0.5640777493005998,3.495350396863874,-0.0354069107683088,-0.7655200204462744,51.99999883770943,1.0,1.7459284307556733,1
14:44:39.925845,82,0.7338354993098151,3.3620482487053454,0.5602488348114392,-1.0438400278799236,9.63999978452921,0.963999978452921,4.0206158282514295,1
14:44:39.925845,82,0.5818950530863357,3.6057566660984506,-0.3296071178545127,-0.7655200204462744,31.119999304413795,1.0,3.4172265166182565,1
14:44:39.925845,82,0.4505998963417145,3.446605096430164,0.1043093545778107,-0.6958000185841229,105.639997638762,1.0,0.7115137778810728,1
14:44:39.925845,82,0.724930306146526,3.3595804124460287,0.7207739278769374,-0.8349600223009475,13.119999706745148,1.0,3.9009974496644677,1
14:44:39.925845,82,0.7151094675296927,3.3609210503146323,0.9129648686115408,-0.8349600223009475,16.8799996227026,1.0,5.556444669014551,1
14:44:39.925845,82,0.6985463419732606,3.383290507552628,0.5928238440224174,-1.0438400278799236,10.99999975413084,1.0,3.000004240003997,1
14:44:39.925845,82,0.6891327212001367,3.366409869196185,0.7189439804559896,-0.8349600223009475,15.87999964505434,1.0,3.305315306559134,1
14:44:39.925845,82,0.6797968427258855,3.3676579864569245,0.9111597120127536,-0.8349600223009475,21.87999951094389,1.0,5.354529912881764,1
14:44:39.925845,82,0.6686687145559761,3.349222773419283,1.0659225312500429,-0.6958000185841229,19.879999555647373,1.0,7.446970815421217,1
14:44:39.925845,82,0.6621899044455409,3.3898624135876254,0.5910629071076063,-0.8349600223009475,12.519999720156193,1.0,2.384343646858756,1
14:44:39.925845,82,0.5734652521930886,3.55352076788366,-0.1801249305842492,-0.7655200204462744,60.23999865353108,1.0,2.2653015374622196,1
14:44:39.925845,82,0.6538890020911596,3.385647732609248,0.7515840261826945,-0.8349600223009475,19.519999563694,1.0,3.435495229205758,1
14:44:39.925845,82,0.63386728351731,3.3555135915032936,1.0642369116247008,-0.6958000185841229,26.239999413490292,1.0,7.630305845845648,1
14:44:39.925845,82,0.6225442288869436,3.2955725522707637,1.0809528659676333,-0.7655200204462744,19.63999956101179,1.0,5.79626440464699,1
14:44:39.925845,82,0.6257672484821598,3.396082820671233,0.5893961540529609,-0.8349600223009475,13.759999692440031,1.0,1.9437439514505064,1
14:44:39.925845,82,0.6179229234760732,3.391790163584401,0.749938166763338,-0.8349600223009475,24.51999945193529,1.0,3.2904776716612414,1
14:44:39.925845,82,0.6089711938048062,3.3801069444525007,0.9078240237712298,-0.7655200204462744,40.8799990862608,1.0,5.422561764959777,1
14:44:39.925845,82,0.5990024662813466,3.3614679446488,1.062641447507913,-0.7655200204462744,36.11999919265509,1.0,7.960282803233447,1
14:44:39.925845,82,0.5883022174661815,3.427199824831056,-0.0347744212940179,-0.7655200204462744,25.87999942153692,1.0,5.174208506826887,1
14:44:39.925845,82,0.5773709355751409,3.3635188012518653,0.1024121391422833,-0.6958000185841229,18.639999583363533,1.0,6.5029522945112594,1
14:44:39.925845,82,0.589282016318199,3.65153054194469,-0.4835677727277277,-0.8349600223009475,14.6399996727705,1.0,5.060329768430097,1
14:44:39.925845,82,0.6444162388073401,3.3740534976848022,0.9094460399440596,-0.7655200204462744,29.23999934643507,1.0,5.310990697701243,1
14:44:39.925845,82,0.4418069355486783,3.3793483932483985,0.2047321142760703,-0.6958000185841229,51.99999883770943,1.0,2.4029560700771837,1
14:44:39.925845,82,0.4238498152894245,3.515111582608949,-0.0354069107683088,-0.7655200204462744,236.7599947080016,1.0,0.1781520673064254,1
14:44:39.925845,82,0.4382246140556328,3.634326030316725,-0.2199030082972596,-0.7655200204462744,39.11999912559986,1.0,1.5298630556671844,1
14:44:39.925845,82,0.2876526236286256,3.5879838644248285,-0.1801249305842492,-0.7655200204462744,42.23999905586243,1.0,1.3017345402030167,1
14:44:39.925845,82,0.2829438120205658,3.5292493399236813,-0.0354069107683088,-0.7655200204462744,52.11999883502722,1.0,1.1420424517158605,1
14:44:39.925845,82,0.2777783081538026,3.4648183457204147,0.1043093545778107,-0.7655200204462744,51.87999884039164,1.0,1.624176151847058,1
14:44:39.925845,82,0.2721805442665979,3.3949956329956352,0.2388023725357469,-0.6958000185841229,35.999999195337296,1.0,3.038824429735829,1
14:44:39.925845,82,0.2561773577711511,3.6536971962880025,-0.1832861131201686,-0.6263600167294499,11.759999737143517,1.0,3.974979731192837,1
14:44:39.925845,82,0.2517590012699512,3.590680944964745,-0.1801249305842492,-0.6263600167294499,30.35999932140112,1.0,1.874694013038704,1
14:44:39.925845,82,0.2476377605433447,3.531902269834989,-0.0354069107683088,-0.7655200204462744,36.51999918371439,1.0,1.756253319998888,1
14:44:39.925845,82,0.2927009112103433,3.650952782134282,-0.1832861131201686,-0.6263600167294499,14.239999681711195,1.0,3.245443783861843,1
14:44:39.925845,82,0.2431168141387976,3.467422842977842,0.1043093545778107,-0.7655200204462744,36.75999917834997,1.0,2.257609343852989,1
14:44:39.925845,82,0.2158402032220737,3.5930189604184406,-0.1801249305842492,-0.6263600167294499,22.75999949127436,1.0,2.592241613378599,1
14:44:39.925845,82,0.2123069454975405,3.534202012478344,-0.0354069107683088,-0.7655200204462744,26.75999940186739,1.0,2.5145191796185027,1
14:44:39.925845,82,0.2080141605292759,3.4627414710512925,0.2432262577412491,-0.6958000185841229,26.99999939650297,1.0,3.7793728177285955,1
14:44:39.925845,82,0.2037093065165516,3.3910800203175877,0.3408562513829175,-0.6263600167294499,21.51999951899052,1.0,4.781566351877009,1
14:44:39.925845,82,0.1798998213347052,3.5949976769863285,-0.1801249305842492,-0.6263600167294499,17.639999605715275,1.0,3.451940090935699,1
14:44:39.925845,82,0.4447491393276699,3.688435843574758,-0.3352694665967131,-0.7655200204462744,9.879999779164793,0.9879999779164793,3.080936736310778,1
14:44:39.925845,82,0.173376923092511,3.4646484423182304,0.2432262577412491,-0.6958000185841229,20.51999954134226,1.0,4.8457345638305105,1
14:44:39.925845,82,0.1696100432193051,3.389373634966049,0.3748105730920184,-0.6263600167294499,16.99999962002039,1.0,6.02230808365407,1
14:44:39.925845,82,0.2382175456120237,3.397547644654785,0.2388023725357469,-0.6958000185841229,27.759999379515648,1.0,3.6708362466631486,1
14:44:39.925845,82,0.3061163250947784,3.392104124617516,0.2388023725357469,-0.6958000185841229,46.35999896377325,1.0,2.5544248032388763,1
14:44:39.925845,82,0.1769548999350575,3.536148337881408,-0.0354069107683088,-0.7655200204462744,20.51999954134226,1.0,3.41447551994037,1
14:44:39.925845,82,0.3182215693536353,3.5262434880351896,-0.0354069107683088,-0.7655200204462744,78.51999824494123,1.0,0.6743979244117296,1
14:44:39.925845,82,0.312412024570715,3.461867369531243,0.1043093545778107,-0.7655200204462744,75.23999831825495,1.0,1.137485973506067,1
14:44:39.925845,82,0.4309036148267113,3.5736108235204678,-0.1801249305842492,-0.7655200204462744,215.2399951890111,1.0,0.5098225584466303,1
14:44:39.925845,82,0.4077264407690503,3.381395680223552,0.2388023725357469,-0.6958000185841229,61.11999863386154,1.0,2.012197681387358,1
14:44:39.925845,82,0.4001731867956616,3.318754316300541,0.2343784873302447,-0.6958000185841229,17.23999961465597,1.0,5.918088969075303,1
14:44:39.925845,82,0.4078431591818836,3.692698840497053,-0.3352694665967131,-0.6263600167294499,8.119999818503857,0.8119999818503857,3.1579012051035686,1
14:44:39.925845,82,0.4018600492356063,3.63852648854317,-0.2199030082972596,-0.7655200204462744,30.35999932140112,1.0,1.6190936426190174,1
14:44:39.925845,82,0.3951465579888212,3.5777411087113253,-0.1801249305842492,-0.7655200204462744,152.63999658823013,1.0,0.47703263683956343,1
14:44:39.925845,82,0.3886780937847719,3.5191742559191788,-0.0354069107683088,-0.7655200204462744,191.87999571114776,1.0,0.18958002125426376,1
14:44:39.925845,82,0.3815822743638282,3.454927195356346,0.1043093545778107,-0.7655200204462744,137.23999693244696,1.0,0.6147308958947119,1
14:44:39.925845,82,0.4161118907730005,3.450938691382224,0.1043093545778107,-0.6958000185841229,136.2399969547987,1.0,0.5842091009809287,1
14:44:39.925845,82,0.3708963950618704,3.696592570629045,-0.3352694665967131,-0.6263600167294499,6.6399998515844345,0.6639999851584435,3.3856979868762087,1
14:44:39.925845,82,0.373892662134465,3.3853038082185027,0.2388023725357469,-0.6958000185841229,63.11999858915806,1.0,2.038449751679145,1
14:44:39.925845,82,0.347449728012866,3.8501234951280967,-1.1958225471316293,-0.6263600167294499,6.11999986320734,0.611999986320734,10.357505892400198,1
14:44:39.925845,82,0.3400214945469139,3.3888734086688426,0.2388023725357469,-0.6958000185841229,56.87999872863293,1.0,2.220101192271289,1
14:44:39.925845,82,0.3291951948036394,3.647843275761119,-0.1832861131201686,-0.6263600167294499,17.759999603033066,1.0,2.6559680819314884,1
14:44:39.925845,82,0.3534675047963758,3.522885014752184,-0.0354069107683088,-0.7655200204462744,124.1199972257018,1.0,0.3559766956649937,1
14:44:39.925845,82,0.3593499868261864,3.581513622788748,-0.1801249305842492,-0.7655200204462744,96.35999784618616,1.0,0.6000886928271572,1
14:44:39.925845,82,0.3656565591532553,3.644368988116547,-0.1832861131201686,-0.7655200204462744,22.99999948590994,1.0,2.2094048909603994,1
14:44:39.925845,82,0.3470145000469095,3.4585702095054733,0.1043093545778107,-0.7655200204462744,107.8799975886941,1.0,0.800103236022584,1
14:44:39.925845,82,0.3235174809659327,3.584927988504486,-0.1801249305842492,-0.7655200204462744,62.1199986115098,1.0,0.8759526424394399,1
14:44:39.979385,83,0.5379019645366013,3.391185257515634,0.9048555987324642,-0.6958000185841229,57.759998708963394,1.0,2.5225626424728937,1
14:44:39.979385,83,0.4934698152388529,3.336605736227304,0.9227528343663154,-0.6958000185841229,188.23999579250813,1.0,0.3498785627985375,1
14:44:39.979385,83,0.5284618149092595,3.3316701444363157,0.9240753222008804,-0.6958000185841229,125.87999718636274,1.0,0.647911780456902,1
14:44:39.979385,83,0.5190216652819176,3.2721550313569967,0.9432950456692965,-0.7655200204462744,105.1199976503849,1.0,0.688709142988682,1
14:44:39.979385,83,0.510117116288103,3.242555974241202,1.0604706223603242,-0.7655200204462744,57.999998703598976,1.0,1.2540241808445656,1
14:44:39.979385,83,0.499866084067087,3.2467194473372567,1.338071911006656,-0.6263600167294499,22.239999502897263,1.0,2.31181526166712,1
14:44:39.979385,83,0.5022848871343151,3.396209015989043,0.9035094867065454,-0.6958000185841229,64.3599985614419,1.0,2.0406636672439893,1
14:44:39.979385,83,0.4666175816641301,3.400888494469005,0.9022556242268404,-0.6958000185841229,64.99999854713678,1.0,1.6977747595479908,1
14:44:39.979385,83,0.4764112696690652,3.2566457598847176,1.0920380698385015,-0.7655200204462744,76.87999828159809,1.0,0.8857038939164781,1
14:44:39.979385,83,0.4664638147551186,3.2579607720285204,1.36967850729623,-0.6263600167294499,25.87999942153692,1.0,2.210490211305534,1
14:44:39.979385,83,0.458428469000352,3.341203090119625,0.9215209771035476,-0.6263600167294499,233.35999478399756,1.0,0.19661928406008894,1
14:44:39.979385,83,0.4502393563365739,3.281517685770245,0.9407863299802548,-0.6263600167294499,222.759995020926,1.0,0.598085349161328,1
14:44:39.979385,83,0.4425812526409372,3.261084189829817,1.09084879611905,-0.7655200204462744,91.99999794363976,1.0,0.8921608674736068,1
14:44:39.979385,83,0.4333401676022438,3.262306527671859,1.368514065581094,-0.6263600167294499,28.999999351799488,1.0,2.054737962137209,1
14:44:39.979385,83,0.5329146366090254,3.2417314580271284,1.33940843871416,-0.6263600167294499,18.879999577999115,1.0,2.706880437302,1
14:44:39.979385,83,0.4846547433433908,3.2770024564655653,0.9419961820260851,-0.6263600167294499,168.63999623060226,1.0,0.5682748835368341,1
14:44:39.979385,83,0.5438434139057002,3.237465693455884,1.0618345589859977,-0.7655200204462744,42.35999905318022,1.0,1.4951215594744343,1
14:44:39.979385,83,0.6217973003475376,3.255624594394811,0.9477243629038477,-0.7655200204462744,30.51999931782484,1.0,1.9228559745435574,1
14:44:39.979385,83,0.5634009688409208,3.3263968083017024,0.9254883083595676,-0.6958000185841229,82.35999815911055,1.0,1.0876706042133206,1
14:44:39.979385,83,0.4313565202834446,3.4368166473074737,1.0044900206072698,-0.7655200204462744,58.63999868929386,1.0,3.1374847245411126,1
14:44:39.979385,83,0.6900092045878209,3.2429530944697933,0.9511196810756471,-0.6958000185841229,17.11999961733818,1.0,3.446529497572471,1
14:44:39.979385,83,0.6778927128620441,3.320877001815394,0.7748246482509213,-0.6958000185841229,26.6399994045496,1.0,3.717669380172344,1
14:44:39.979385,83,0.667498846624043,3.2975592693542355,0.8966143428999274,-0.6958000185841229,29.759999334812164,1.0,2.957553452588687,1
14:44:39.979385,83,0.6559360489953571,3.2494535649012084,0.9493778852731272,-0.6958000185841229,22.359999500215054,1.0,2.61626157813659,1
14:44:39.979385,83,0.6440056521300928,3.19035135412335,0.9684869719033142,-0.7655200204462744,18.23999959230423,1.0,3.941314939629601,1
14:44:39.979385,83,0.6426112109991244,3.3272545990384423,0.7731157762253544,-0.6958000185841229,32.35999927669764,1.0,2.9031715237481874,1
14:44:39.979385,83,0.6327583023552694,3.3038390813508043,0.8949316723468277,-0.6958000185841229,39.99999910593033,1.0,2.1549102089225456,1
14:44:39.979385,83,0.7021726415673855,3.290944209056621,0.8983868429645563,-0.6958000185841229,22.99999948590994,1.0,3.8932621645264076,1
14:44:39.979385,83,0.6086360110039212,3.3689071506098083,0.8735702194319093,-0.6958000185841229,39.63999911397696,1.0,3.2879732875837187,1
14:44:39.979385,83,0.5982837831477158,3.3207862551526617,0.926991651544945,-0.6958000185841229,55.99999874830246,1.0,1.6662345388050097,1
14:44:39.979385,83,0.5875963724906254,3.261465565852822,0.9461592793186604,-0.7655200204462744,43.5199990272522,1.0,1.3687393124682374,1
14:44:39.979385,83,0.5769089618335349,3.2021448765529827,0.9653269070923756,-0.7655200204462744,31.239999301731583,1.0,2.9983365614429793,1
14:44:39.979385,83,0.5818950530863357,3.3975848875963632,0.7483854751439718,-0.6958000185841229,6.7599998489022255,0.6759999848902225,3.8733697241203786,1
14:44:39.979385,83,0.5731496121572449,3.374614784318668,0.8720408635889276,-0.6958000185841229,48.51999891549349,1.0,2.589070939901495,1
14:44:39.979385,83,0.553336685488753,3.266975895182989,0.9446827910246124,-0.7655200204462744,65.75999853014946,1.0,0.956464433913409,1
14:44:39.979385,83,0.4237862372901239,3.376500705869572,1.0219611655008851,-0.7655200204462744,203.99999544024467,1.0,0.6279213147296012,1
14:44:39.979385,83,0.6104878311176362,3.1964101427498157,0.9668635243837418,-0.7655200204462744,23.519999474287037,1.0,3.3973647619827863,1
14:44:39.979385,83,0.4087069778583401,3.265195630437256,1.0897471389285582,-0.7655200204462744,91.99999794363976,1.0,1.0491037795840428,1
14:44:39.979385,83,0.2993627053295014,3.2994445126574408,1.4967605487748517,-0.6263600167294499,25.51999942958355,1.0,3.4287918149885397,1
14:44:39.979385,83,0.2879549637306863,3.4880233979948896,1.140004681539263,-0.7655200204462744,23.87999946624041,1.0,5.612709204234202,1
14:44:39.979385,83,0.2829438120205658,3.399829102010847,1.052362606372029,-0.7655200204462744,41.35999907553196,1.0,1.5359499190014196,1
14:44:39.979385,83,0.2778894602277816,3.339096435004652,1.0692906767376211,-0.7655200204462744,33.7599992454052,1.0,1.4301775987285905,1
14:44:39.979385,83,0.2727259780342547,3.31239172599716,1.2184721602423776,-0.7655200204462744,31.239999301731583,1.0,1.967972537163819,1
14:44:39.979385,83,0.2661756247219979,3.302175875751552,1.4960286822395483,-0.6263600167294499,21.87999951094389,1.0,3.8358161614922563,1
14:44:39.979385,83,0.2520236150293478,3.490631315943619,1.1393058920309742,-0.7655200204462744,19.119999572634697,1.0,5.709307463179148,1
14:44:39.979385,83,0.2476377605433447,3.402391635527514,1.0516759775856606,-0.6263600167294499,30.119999326765537,1.0,2.056550448753804,1
14:44:39.979385,83,0.2432140965302496,3.341613192839633,1.0686163135081932,-0.7655200204462744,24.35999945551157,1.0,2.1734487251185564,1
14:44:39.979385,83,0.2386949195322472,3.314861719790584,1.2178103274001195,-0.7655200204462744,23.639999471604824,1.0,2.6968655267592503,1
14:44:39.979385,83,0.216013042461656,3.50134828508772,1.1737338286780217,-0.7655200204462744,15.639999650418758,1.0,6.675443740289468,1
14:44:39.979385,83,0.2123069454975405,3.4046130163405484,1.051080760390726,-0.6263600167294499,22.75999949127436,1.0,2.738433446165743,1
14:44:39.979385,83,0.2085144116268297,3.343794892134225,1.0680317289440795,-0.7655200204462744,18.35999958962202,1.0,3.082754632621432,1
14:44:39.979385,83,0.2046399917382655,3.317002880788221,1.2172366050399377,-0.7655200204462744,18.23999959230423,1.0,3.5889674423097553,1
14:44:39.979385,83,0.4162159542968032,3.3161847644316698,1.039432310394501,-0.7655200204462744,191.87999571114776,1.0,0.05610402354805839,1
14:44:39.979385,83,0.3068525010705781,3.2755640685641616,1.086968924305682,-0.7655200204462744,42.51999904960394,1.0,2.4540043666789764,1
14:44:39.979385,83,0.3125370352121067,3.336244870302957,1.070054751196605,-0.7655200204462744,49.11999890208244,1.0,0.8491714549187532,1
14:44:39.979385,83,0.1769548999350575,3.40649302231373,1.050577014308446,-0.6263600167294499,17.759999603033066,1.0,3.585647075232164,1
14:44:39.979385,83,0.3239061034951639,3.457606473780549,1.0362264049784513,-0.7655200204462744,30.23999932408333,1.0,3.424586051500745,1
14:44:39.979385,83,0.3182215693536353,3.396925672041753,1.053140578087528,-0.7655200204462744,59.51999866962433,1.0,1.1726986831926616,1
14:44:39.979385,83,0.3956212243169719,3.450656141970089,1.0380887407741923,-0.7655200204462744,48.63999891281128,1.0,3.5905791783105108,1
14:44:39.979385,83,0.388619791587429,3.380424358302658,1.0209098260000595,-0.7655200204462744,139.11999689042568,1.0,0.5979709874625789,1
14:44:39.979385,83,0.3816777025334418,3.3200383269074325,1.0383997514411374,-0.7655200204462744,123.35999724268912,1.0,0.22620574819520184,1
14:44:39.979385,83,0.3747918327203721,3.26897967056642,1.088733208431822,-0.7655200204462744,76.99999827891588,1.0,1.3595916749862538,1
14:44:39.979385,83,0.3669661890056651,3.2700371509761306,1.3664426513097254,-0.6263600167294499,30.759999312460423,1.0,2.1713307278494343,1
14:44:39.979385,83,0.358742230792676,3.2308651843255136,1.507947907343553,-0.6263600167294499,6.519999854266644,0.6519999854266645,4.697447063516846,1
14:44:39.979385,83,0.4001731867956616,3.266332121506399,1.3674354109640734,-0.6263600167294499,30.759999312460423,1.0,2.040701773627494,1
14:44:39.979385,83,0.3597816528379971,3.4543044880329616,1.0371111693929365,-0.7655200204462744,38.6399991363287,1.0,3.4354218617796244,1
14:44:39.979385,83,0.3534675047963758,3.393681635960796,1.054009814935638,-0.7655200204462744,89.63999799638987,1.0,0.9629805452447492,1
14:44:39.979385,83,0.347101283319597,3.323558088380615,1.037456634196848,-0.7655200204462744,75.99999830126762,1.0,0.5499258762997205,1
14:44:39.979385,83,0.3408392087131331,3.2724359318164646,1.0878071060210417,-0.7655200204462744,57.999998703598976,1.0,1.8267970725572504,1
14:44:39.979385,83,0.3337224949042128,3.2734212455812104,1.3655358858931836,-0.6263600167294499,28.759999357163903,1.0,2.4496829452851516,1
14:44:40.033173,84,0.5634009688409208,3.491156675606012,-0.1769637480483297,-0.6958000185841229,110.75999752432108,1.0,0.6413303011712496,1
14:44:40.033173,84,0.553336685488753,3.428792583328365,-0.1738025655124103,-0.6958000185841229,74.63999833166599,1.0,0.5630394614501883,1
14:44:40.033173,84,0.5432724021365851,3.3664284910507174,-0.1706413829764908,-0.6958000185841229,43.87999901920557,1.0,0.5668201146477192,1
14:44:40.033173,84,0.5332081187844173,3.30406439877307,-0.1674802004405713,-0.6958000185841229,18.23999959230423,1.0,0.6526722607638443,1
14:44:40.033173,84,0.537605898829538,3.5571187042636296,-0.2161102847919623,-0.6958000185841229,68.99999845772982,1.0,0.49464559690706544,1
14:44:40.033173,84,0.5284618149092595,3.496616034897473,-0.1769637480483297,-0.6958000185841229,149.23999666422606,1.0,0.3865196254580984,1
14:44:40.033173,84,0.5020084253623549,3.5623168190860968,-0.2161102847919623,-0.6958000185841229,66.63999851047993,1.0,0.35907953205787657,1
14:44:40.033173,84,0.5095815156545757,3.371692804391357,-0.1706413829764908,-0.6958000185841229,62.99999859184027,1.0,0.31134712560295974,1
14:44:40.033173,84,0.5001413660272338,3.309231189138299,-0.1674802004405713,-0.6958000185841229,20.999999530613422,1.0,0.3971394895743857,1
14:44:40.033173,84,0.4934698152388529,3.5017257355149107,-0.1769637480483297,-0.6958000185841229,195.23999563604596,1.0,0.2776711153724912,1
14:44:40.033173,84,0.4846547433433908,3.439172843395637,-0.1738025655124103,-0.6958000185841229,169.23999621719122,1.0,0.19380897421340476,1
14:44:40.033173,84,0.4760539939851352,3.378140811764808,-0.1365335876815771,-0.6263600167294499,92.11999794095756,1.0,0.2985917226049647,1
14:44:40.033173,84,0.5718589600717578,3.5435672573778216,-0.3239222994744465,-0.6958000185841229,66.63999851047993,1.0,0.9440904653469725,1
14:44:40.033173,84,0.4670245995524666,3.31406705915709,-0.1674802004405713,-0.6958000185841229,23.639999471604824,1.0,0.27361609927749386,1
14:44:40.033173,84,0.5190216652819176,3.4341544196444147,-0.1738025655124103,-0.6958000185841229,110.35999753326178,1.0,0.30780717089753123,1
14:44:40.033173,84,0.5769089618335349,3.3608275376813697,-0.1706413829764908,-0.6958000185841229,31.63999929279089,1.0,0.9589727882029695,1
14:44:40.033173,84,0.6426112109991244,3.531422151099011,-0.3239222994744465,-0.8349600223009475,52.63999882340431,1.0,2.1584604466635153,1
14:44:40.033173,84,0.5979544827863856,3.4834298389845,-0.2123175612866649,-0.7655200204462744,82.51999815553427,1.0,1.0546055414934248,1
14:44:40.033173,84,0.4666175816641301,3.569123180241231,-0.1801249305842492,-0.6958000185841229,60.35999865084887,1.0,0.4912071409029401,1
14:44:40.033173,84,0.7449500378309808,3.4950807528712504,-0.4672014618083857,-0.974120026017772,31.239999301731583,1.0,6.466277673752086,1
14:44:40.033173,84,0.7124272474884668,3.514514030138778,-0.3597996426694104,-0.974120026017772,37.35999916493893,1.0,4.2279524206858685,1
14:44:40.033173,84,0.700591447817991,3.456126195947368,-0.3182374810943802,-0.7655200204462744,38.87999913096428,1.0,3.7546809440451976,1
14:44:40.033173,84,0.677247072658066,3.521462459487874,-0.3597996426694104,-0.974120026017772,44.63999900221825,1.0,3.2145178402144774,1
14:44:40.033173,84,0.5875963724906254,3.4230878706266274,-0.1738025655124103,-0.6958000185841229,52.7599988207221,1.0,0.9596069533364925,1
14:44:40.033173,84,0.6659957333702227,3.462959188642279,-0.3182374810943802,-0.6958000185841229,48.87999890744686,1.0,2.7950312642864965,1
14:44:40.033173,84,0.6436511860724815,3.346774877687015,-0.2047321142760703,-0.6958000185841229,18.23999959230423,1.0,2.2252370227315055,1
14:44:40.033173,84,0.6313334199070894,3.469445888319596,-0.3182374810943802,-0.6958000185841229,62.759998597204685,1.0,1.980749428634405,1
14:44:40.033173,84,0.621455057951126,3.4151600843517125,-0.2085248377813676,-0.7655200204462744,38.99999912828207,1.0,1.5408064169108813,1
14:44:40.033173,84,0.6101518135469826,3.3530439447872995,-0.2047321142760703,-0.6958000185841229,23.639999471604824,1.0,1.5312944269135094,1
14:44:40.033173,84,0.6151986976734001,3.5838873393737827,-0.4754008215362936,-0.8349600223009475,10.239999771118164,1.0,2.6061931819967423,1
14:44:40.033173,84,0.6072654485534851,3.5376715863358013,-0.3239222994744465,-0.8349600223009475,60.63999864459038,1.0,1.4761629019430291,1
14:44:40.033173,84,0.6555750163482623,3.40877488091282,-0.2085248377813676,-0.7655200204462744,29.879999332129955,1.0,2.249547251778246,1
14:44:40.033173,84,0.4589103047241383,3.510170792110122,-0.0708102808752047,-0.5566400148672983,232.1199948117137,1.0,0.868602579567864,1
14:44:40.033173,84,0.4425148649027435,3.384763292229608,-0.0682804494748762,-0.6263600167294499,128.11999713629484,1.0,0.7198256049180463,1
14:44:40.033173,84,0.1705646001165575,3.318814994875767,-0.7832489494664132,-0.5566400148672983,18.639999583363533,1.0,4.483416371707496,1
14:44:40.033173,84,0.3125370352121067,3.4632526243429704,-0.0347744212940179,-0.5566400148672983,118.23999735713004,1.0,2.996335766789654,1
14:44:40.033173,84,0.3068525010705781,3.400261760650751,-0.034141931819727,-0.6263600167294499,65.51999853551388,1.0,2.8528555553255774,1
14:44:40.033173,84,0.3011679669290495,3.214883266825366,-0.8961169025852413,-0.5566400148672983,20.75999953597784,1.0,5.087967803643783,1
14:44:40.033173,84,0.2829438120205658,3.399829102010847,-0.9476373936279708,-0.5566400148672983,82.99999814480543,1.0,5.327747993891896,1
14:44:40.033173,84,0.2778477764632247,3.365594163853282,-0.8298095782317461,-0.5566400148672983,79.11999823153019,1.0,3.7325452149862763,1
14:44:40.033173,84,0.2476006145713549,3.429370930057539,-0.8455889741374385,-0.5566400148672983,62.5199986025691,1.0,4.143053321205183,1
14:44:40.033173,84,0.3182215693536353,3.5262434880351896,-0.0354069107683088,-0.5566400148672983,112.35999748855828,1.0,3.2257038016009276,1
14:44:40.033173,84,0.2431776141133621,3.3681105441714583,-0.8304838403058511,-0.5566400148672983,55.35999876260757,1.0,3.9841858252247393,1
14:44:40.033173,84,0.2122220255538592,3.439899816987887,-0.8117652458680064,-0.5566400148672983,48.119998924434185,1.0,4.217058680006487,1
14:44:40.033173,84,0.2084310086460623,3.3784513488880545,-0.7972643204140344,-0.5566400148672983,40.639999091625214,1.0,4.040282294522752,1
14:44:40.033173,84,0.2046911692199079,3.308991854756198,-0.8159525723140525,-0.5566400148672983,24.23999945819378,1.0,4.278623212434503,1
14:44:40.033173,84,0.1768841203376147,3.44177907098378,-0.8122687904585789,-0.5566400148672983,37.87999915331602,1.0,4.8045615662483865,1
14:44:40.033173,84,0.1737243602270861,3.3802970329297737,-0.7977588699624961,-0.5566400148672983,30.879999309778214,1.0,4.602046449123494,1
14:44:40.033173,84,0.4507125848134409,3.4474670421698645,-0.0695453651750404,-0.5566400148672983,251.87999437004328,1.0,0.7525656488133436,1
14:44:40.033173,84,0.2387546136553692,3.306850158285378,-0.8153787064742637,-0.5566400148672983,32.51999927312136,1.0,3.908045469121901,1
14:44:40.033173,84,0.3238575171769007,3.5886959621118613,-0.072075196575369,-0.6958000185841229,30.35999932140112,1.0,3.1456356033120025,1
14:44:40.033173,84,0.2728351084349973,3.278363767998456,-0.9137812528967872,-0.6263600167294499,45.35999898612499,1.0,5.084548305091009,1
14:44:40.033173,84,0.3408392087131331,3.397023275186795,-0.034141931819727,-0.6263600167294499,95.63999786227942,1.0,2.175827442441944,1
14:44:40.033173,84,0.3345250606715118,3.3340924054041,-0.0335094423454361,-0.5566400148672983,23.35999947786331,1.0,2.1498810974001605,1
14:44:40.033173,84,0.4309036148267113,3.5736108235204678,-0.1801249305842492,-0.6958000185841229,52.23999883234501,1.0,0.6887590069350769,1
14:44:40.033173,84,0.4237862372901239,3.514584311500932,-0.0708102808752047,-0.5566400148672983,234.1199947670102,1.0,1.1445291610425858,1
14:44:40.033173,84,0.4162159542968032,3.4518017208909098,-0.0695453651750404,-0.5566400148672983,307.75999312102795,1.0,1.0105928813249836,1
14:44:40.033173,84,0.4086456713034825,3.3890191302808885,-0.0682804494748762,-0.6263600167294499,148.7599966749549,1.0,0.9604253070606189,1
14:44:40.033173,84,0.4010753883101617,3.326236539670867,-0.0670155337747119,-0.5566400148672983,26.119999416172504,1.0,0.9940264382494917,1
14:44:40.033173,84,0.3951465579888212,3.5777411087113253,-0.1801249305842492,-0.6958000185841229,43.99999901652336,1.0,1.0364311755980873,1
14:44:40.033173,84,0.4343171449920461,3.32205954228935,-0.0670155337747119,-0.6958000185841229,25.51999942958355,1.0,0.7703824478819716,1
14:44:40.033173,84,0.381734963252572,3.456309673080264,-0.0347744212940179,-0.5566400148672983,266.23999404907227,1.0,1.717704294296642,1
14:44:40.033173,84,0.3747918327203721,3.393445090241349,-0.034141931819727,-0.6263600167294499,131.3599970638752,1.0,1.6343509202308826,1
14:44:40.033173,84,0.3677935244254676,3.3300809161851403,-0.0670155337747119,-0.5566400148672983,25.23999943584204,1.0,1.3492992518904274,1
14:44:40.033173,84,0.3593499868261864,3.581513622788748,-0.1801249305842492,-0.6958000185841229,36.51999918371439,1.0,1.5339032048272898,1
14:44:40.033173,84,0.3534675047963758,3.522885014752184,-0.0354069107683088,-0.5566400148672983,152.63999658823013,1.0,2.483220090703379,1
14:44:40.033173,84,0.3471533567547545,3.459954144969489,-0.0347744212940179,-0.5566400148672983,182.1199959293008,1.0,2.2869404402096807,1
14:44:40.033173,84,0.3886780937847719,3.5191742559191788,-0.0354069107683088,-0.5566400148672983,199.3599955439568,1.0,1.8855794126456518,1
14:44:40.087107,85,0.5769089618335349,3.3608275376813697,-0.1706413829764908,-0.6958000185841229,34.11999923735857,1.0,1.0797621645517572,1
14:44:40.087107,85,0.5666749667166426,3.30120861184594,0.1005149237067559,-0.5566400148672983,21.239999525249004,1.0,3.657809519793518,1
14:44:40.087107,85,0.5793296627150768,3.5898600308147355,-0.4754008215362936,-0.6958000185841229,5.239999882876873,0.5239999882876873,4.43326219771546,1
14:44:40.087107,85,0.5713143087890075,3.540192284548856,-0.3597996426694104,-0.6263600167294499,14.879999667406082,1.0,2.3582094907460487,1
14:44:40.087107,85,0.5612877743742171,3.478062106414084,-0.353485178907246,-0.6263600167294499,45.2399989888072,1.0,0.8497166040288451,1
14:44:40.087107,85,0.5517867740426021,3.4191884399365637,-0.312552662714314,-0.6263600167294499,58.11999870091677,1.0,0.24264031827882016,1
14:44:40.087107,85,0.5432724021365851,3.3664284910507174,-0.1706413829764908,-0.4174800111504737,41.11999908089638,1.0,0.6195292066790716,1
14:44:40.087107,85,0.5264796696079691,3.4835009888365214,-0.353485178907246,-0.6263600167294499,43.5199990272522,1.0,1.0504397451316436,1
14:44:40.087107,85,0.5358844112877555,3.5457283241592386,-0.3597996426694104,-0.6263600167294499,12.999999709427357,1.0,2.8618733722254235,1
14:44:40.087107,85,0.5175678711617786,3.424535257599961,-0.312552662714314,-0.904680024163099,62.99999859184027,1.0,0.1942866619549429,1
14:44:40.087107,85,0.5095815156545757,3.371692804391357,-0.1706413829764908,-0.4174800111504737,48.239998921751976,1.0,0.4390169615424267,1
14:44:40.087107,85,0.5006670444992116,3.3127093889295804,0.0670155337747119,-0.5566400148672983,30.879999309778214,1.0,2.5889049550062992,1
14:44:40.087107,85,0.5004009257943393,3.55090979390782,-0.3597996426694104,-0.6958000185841229,10.87999975681305,1.0,3.655156742742892,1
14:44:40.087107,85,0.5859504987083085,3.4134997062937704,-0.312552662714314,-0.6263600167294499,50.99999886006117,1.0,0.5753147979545432,1
14:44:40.087107,85,0.5336350980237529,3.306710207893381,0.1005149237067559,-0.5566400148672983,25.87999942153692,1.0,3.1447455545577854,1
14:44:40.087107,85,0.5960397508332749,3.4722754206949293,-0.353485178907246,-0.6263600167294499,43.35999903082848,1.0,0.9384474552920119,1
14:44:40.087107,85,0.4920875925613648,3.491917304335326,-0.3182374810943802,-0.6263600167294499,38.75999913364649,1.0,1.6729150151843768,1
14:44:40.087107,85,0.5996581683876216,3.29537689770307,0.1005149237067559,-0.6958000185841229,17.519999608397484,1.0,4.449876549164831,1
14:44:40.087107,85,0.7661764622446685,3.4262519540206866,-0.4590021020804777,-1.0438400278799236,19.519999563694,1.0,6.742319024340466,1
14:44:40.087107,85,0.7449500378309808,3.4950807528712504,-0.4672014618083857,-0.6263600167294499,11.759999737143517,1.0,4.941945322057674,1
14:44:40.087107,85,0.7318762060072267,3.433742279614007,-0.4590021020804777,-1.0438400278799236,23.23999948054552,1.0,4.993815177051795,1
14:44:40.087107,85,0.7099625664041552,3.502355376351788,-0.4672014618083857,-0.6263600167294499,13.119999706745148,1.0,3.7738880334248233,1
14:44:40.087107,85,0.697502762762351,3.440889233856158,-0.4590021020804777,-1.0438400278799236,27.99999937415123,1.0,3.558164428111903,1
14:44:40.087107,85,0.6880764696143652,3.394387868786831,-0.312552662714314,-0.6263600167294499,29.759999334812164,1.0,3.327288968942965,1
14:44:40.087107,85,0.606687075338028,3.534302228675993,-0.3597996426694104,-0.6263600167294499,15.639999650418758,1.0,2.1494229101560687,1
14:44:40.087107,85,0.6749040993154966,3.509279767228966,-0.4672014618083857,-0.6263600167294499,14.51999967545271,1.0,2.9201100726527804,1
14:44:40.087107,85,0.6540987538784013,3.401098800678818,-0.312552662714314,-0.6263600167294499,35.999999195337296,1.0,2.1128723881011533,1
14:44:40.087107,85,0.6440056521300928,3.3486179848268387,-0.1706413829764908,-0.6958000185841229,23.23999948054552,1.0,2.8579914969951563,1
14:44:40.087107,85,0.6419991736877977,3.5280587455413057,-0.3597996426694104,-0.6263600167294499,15.519999653100967,1.0,2.240737643337785,1
14:44:40.087107,85,0.630732123816612,3.4661415103427795,-0.353485178907246,-0.6263600167294499,38.87999913096428,1.0,1.32164553343778,1
14:44:40.087107,85,0.6200556288150542,3.407469625540181,-0.312552662714314,-0.6263600167294499,43.239999033510685,1.0,1.1971303604174197,1
14:44:40.087107,85,0.6104878311176362,3.354890504373958,-0.1706413829764908,-0.6958000185841229,28.11999937146902,1.0,1.8243747093446945,1
14:44:40.087107,85,0.6653614241159953,3.459660988743532,-0.353485178907246,-0.6263600167294499,33.359999254345894,1.0,2.004288456249526,1
14:44:40.087107,85,0.4832972119274578,3.4295396246066785,-0.312552662714314,-0.904680024163099,63.75999857485294,1.0,0.42540111591380186,1
14:44:40.087107,85,0.2676736479147067,3.251028680915716,-0.7670498033324429,-0.5566400148672983,23.35999947786331,1.0,3.020364392056443,1
14:44:40.087107,85,0.4675154703233026,3.317550341736829,0.0670155337747119,-0.5566400148672983,35.759999200701714,1.0,2.5979231602608577,1
14:44:40.087107,85,0.3677935244254676,3.233956057034196,-0.7971563280056239,-0.5566400148672983,37.51999916136265,1.0,2.8477673650577326,1
14:44:40.087107,85,0.3602741500782233,3.2018742941296034,-0.6538383827108191,-0.5566400148672983,19.879999555647373,1.0,3.0647594867405266,1
14:44:40.087107,85,0.3520545300758173,3.306876934423234,-1.2155386879385282,-0.904680024163099,18.23999959230423,1.0,5.920071794202238,1
14:44:40.087107,85,0.3467368421720487,3.293065850033574,-1.062307991308166,-0.4872000130126253,38.87999913096428,1.0,4.08499031694901,1
14:44:40.087107,85,0.3407880824080329,3.263108038318768,-0.9450362866120522,-0.4872000130126253,45.2399989888072,1.0,3.2864832589070168,1
14:44:40.087107,85,0.3344748814964686,3.2373477811741336,-0.7980651377498693,-0.5566400148672983,33.2399992570281,1.0,2.7164992684097418,1
14:44:40.087107,85,0.3747356134794546,3.259652295512207,-0.9441103231177848,-0.4872000130126253,51.99999883770943,1.0,3.4438750560836002,1
14:44:40.087107,85,0.3274234952615117,3.211635541677,-0.6224886276200197,-0.5566400148672983,18.35999958962202,1.0,2.686267801640786,1
14:44:40.087107,85,0.3011227913595434,3.240417507723321,-0.7988876684997085,-0.5566400148672983,28.11999937146902,1.0,2.8377756193246793,1
14:44:40.087107,85,0.2947745325709475,3.2146405523723764,-0.6232938178090925,-0.5566400148672983,16.359999634325504,1.0,2.8515456941934554,1
14:44:40.087107,85,0.2728351084349973,3.278363767998456,-0.9137812528967872,-0.4872000130126253,31.75999929010868,1.0,3.5004024444753647,1
14:44:40.087107,85,0.2387904325171545,3.2808347501517514,-0.9144433505692744,-0.4872000130126253,26.359999410808086,1.0,4.182752698173217,1
14:44:40.087107,85,0.2342730249256969,3.253452917337115,-0.767699375523819,-0.5566400148672983,19.239999569952488,1.0,3.6987361948373203,1
14:44:40.087107,85,0.4758396714479288,3.376619951276364,-0.1706413829764908,-0.4174800111504737,54.35999878495932,1.0,0.5335346844902258,1
14:44:40.087107,85,0.3068525010705781,3.2755640685641616,-0.913031075694318,-0.4872000130126253,38.239999145269394,1.0,3.068683590877614,1
14:44:40.087107,85,0.3812769576598573,3.289549784155804,-1.061365864295683,-0.4872000130126253,46.23999896645546,1.0,4.2201683500515115,1
14:44:40.087107,85,0.3121620532905191,3.296248113781556,-1.0631606763095407,-0.4872000130126253,32.51999927312136,1.0,4.216310748473678,1
14:44:40.087107,85,0.3940397414895807,3.567719756357182,-0.3239222994744465,-0.6958000185841229,6.11999986320734,0.611999986320734,8.050319335332523,1
14:44:40.087107,85,0.4579573253288242,3.249724506645481,0.1971466672654756,-0.6263600167294499,18.999999575316902,1.0,5.456485126856696,1
14:44:40.087107,85,0.3871243658932389,3.5051064726197816,-0.3182374810943802,-0.904680024163099,22.11999950557947,1.0,4.921849304045929,1
14:44:40.087107,85,0.4653105728397328,3.5591259669444253,-0.3239222994744465,-0.6958000185841229,8.879999801516533,0.8879999801516533,4.967299781941552,1
14:44:40.087107,85,0.4571443981082919,3.496663503734316,-0.3182374810943802,-0.904680024163099,32.87999926507473,1.0,2.4831379172495422,1
14:44:40.087107,85,0.4499915408568585,3.4419518305693217,-0.2085248377813676,-0.4872000130126253,60.23999865353108,1.0,1.4548319248190449,1
14:44:40.087107,85,0.4343171449920461,3.32205954228935,0.0670155337747119,-0.5566400148672983,39.11999912559986,1.0,2.8724624873086513,1
14:44:40.087107,85,0.4254377249323182,3.254141518606553,0.1971466672654756,-0.6263600167294499,20.239999547600743,1.0,5.521592377717846,1
14:44:40.087107,85,0.4425148649027435,3.384763292229608,-0.0682804494748762,-0.4872000130126253,57.51999871432781,1.0,1.581976047838354,1
14:44:40.087107,85,0.4296966418167475,3.5636010402100204,-0.3239222994744465,-0.6958000185841229,7.35999983549118,0.735999983549118,6.371858066649151,1
14:44:40.087107,85,0.4221554895984042,3.5010600397124385,-0.3182374810943802,-0.904680024163099,27.119999393820763,1.0,3.567830928644227,1
14:44:40.087107,85,0.4155500975876919,3.446279574729405,-0.2085248377813676,-0.4872000130126253,53.75999879837036,1.0,2.3529130302671404,1
14:44:40.087107,85,0.4086456713034825,3.3890191302808885,-0.0682804494748762,-0.4872000130126253,56.63999873399735,1.0,2.311140547796564,1
14:44:40.087107,85,0.4010753883101617,3.326236539670867,0.0670155337747119,-0.5566400148672983,39.87999910861254,1.0,3.4079479226424665,1
14:44:40.087107,85,0.392875581119751,3.258233119142086,0.1971466672654756,-0.6263600167294499,20.63999953866005,1.0,5.8423857416737395,1
14:44:40.087107,85,0.3850666788488842,3.1934715884545195,0.2255307169192402,-0.6263600167294499,5.119999885559082,0.5119999885559082,8.058006132318917,1
14:44:40.144744,86,0.56182286705718,3.280386854115979,0.7915593076872365,-0.5566400148672983,23.9999994635582,1.0,2.983805588102948,1
14:44:40.144744,86,0.5859504987083085,3.216292942631333,0.8146185765681391,-0.8349600223009475,83.8799981251359,1.0,0.6097324006492587,1
14:44:40.144744,86,0.5752930237857203,3.1577938689803102,0.8361787131697396,-0.5566400148672983,78.51999824494123,1.0,3.134564299087107,1
14:44:40.144744,86,0.5669017198358518,3.18132573113553,1.112874812002829,-0.5566400148672983,49.51999889314175,1.0,1.5194988312133781,1
14:44:40.144744,86,0.5559789978581444,3.154059776046689,1.2569687944686354,-0.6263600167294499,37.35999916493893,1.0,3.3004342217052827,1
14:44:40.144744,86,0.5693378156452755,3.286812355416312,0.6356187388305701,-0.5566400148672983,9.879999779164793,0.9879999779164793,3.1776567049735993,1
14:44:40.144744,86,0.5960397508332749,3.2624718083753046,0.7598685277658641,-0.8349600223009475,24.63999944925308,1.0,2.2000460678693923,1
14:44:40.144744,86,0.5517867740426021,3.221787837375786,0.8131462239588689,-0.6958000185841229,87.11999805271626,1.0,0.5228515309483228,1
14:44:40.144744,86,0.5175678711617786,3.226952466645321,0.8117623657168909,-0.6958000185841229,86.75999806076288,1.0,0.6024307745185205,1
14:44:40.144744,86,0.53384863034846,3.1866419912766424,1.111450324391264,-0.5566400148672983,64.87999854981899,1.0,1.00851540141811,1
14:44:40.144744,86,0.5235627554543699,3.159273605679213,1.2555717530291273,-0.5566400148672983,48.99999890476465,1.0,2.6710541616642125,1
14:44:40.144744,86,0.512463466304488,3.125687064819016,1.395961254366637,-0.6263600167294499,23.87999946624041,1.0,5.199863380297135,1
14:44:40.144744,86,0.5358844112877555,3.331787561366141,0.734758213804183,-0.5566400148672983,9.119999796152117,0.9119999796152116,7.352883195206559,1
14:44:40.144744,86,0.5269815786674529,3.2856454194894096,0.7901502793420794,-0.6958000185841229,22.11999950557947,1.0,2.6402800542506237,1
14:44:40.144744,86,0.5093010377576997,3.2020240151581456,0.9300659697183034,-0.5566400148672983,99.63999777287243,1.0,0.17140701775522482,1
14:44:40.144744,86,0.5007421564452921,3.1916387226074767,1.1101114542663717,-0.5566400148672983,83.63999813050032,1.0,0.645457463812716,1
14:44:40.144744,86,0.6045882081709548,3.2811426809728896,0.6371379235190326,-0.8349600223009475,10.119999773800371,1.0,3.3382339331514848,1
14:44:40.144744,86,0.5417506810280242,3.163188820635594,0.8347331402305012,-0.5566400148672983,89.87999799102545,1.0,3.431361311703837,1
14:44:40.144744,86,0.5883396428279328,3.14853309547176,1.2584496640655125,-0.6263600167294499,28.639999359846115,1.0,4.067532253062325,1
14:44:40.144744,86,0.7524899096111938,3.133709742798852,0.6936196638823473,-0.8349600223009475,47.11999894678593,1.0,6.216058430419057,1
14:44:40.144744,86,0.6087778377230191,3.152075198326027,0.8377110263533343,-0.8349600223009475,67.23999849706888,1.0,3.0219464363384905,1
14:44:40.144744,86,0.4910941572136911,3.1641740629907344,1.2542586794499615,-0.5566400148672983,63.35999858379364,1.0,2.1855909056005007,1
14:44:40.144744,86,0.8004001014777888,3.183140717311276,0.6718860723597433,-0.8349600223009475,18.879999577999115,1.0,4.377222483376405,1
14:44:40.144744,86,0.7861021966783904,3.126278851782803,0.6956107651291412,-0.8349600223009475,40.99999908357859,1.0,6.727201595012542,1
14:44:40.144744,86,0.7661764622446685,3.190706764001448,0.6698587562592153,-0.8349600223009475,20.75999953597784,1.0,3.642577880043846,1
14:44:40.144744,86,0.7318762060072267,3.19794186293935,0.6679201173416454,-0.8349600223009475,22.75999949127436,1.0,3.0547104487391614,1
14:44:40.144744,86,0.7188023741834727,3.140815597930266,0.6917156557383524,-0.8349600223009475,54.239998787641525,1.0,5.876813184863366,1
14:44:40.144744,86,0.6999241888304075,3.243693324798766,0.7649002072752786,-0.8349600223009475,24.35999945551157,1.0,3.968791970150089,1
14:44:40.144744,86,0.6874211301723483,3.185749780975135,0.7869633469744493,-0.8349600223009475,62.1199986115098,1.0,1.8100464213937197,1
14:44:40.144744,86,0.5998981196262108,3.1756904738057017,1.1143847746534978,-0.5566400148672983,38.1199991479516,1.0,2.17197730119677,1
14:44:40.144744,86,0.6755614914107394,3.139669019784004,0.8410352518748256,-0.8349600223009475,48.35999891906977,1.0,3.3253281506491765,1
14:44:40.144744,86,0.6653614241159953,3.250287202769484,0.7631333829980353,-0.8349600223009475,25.51999942958355,1.0,3.245894726778352,1
14:44:40.144744,86,0.8196358741845162,3.118523667964997,0.6976887603702775,-0.8349600223009475,35.63999920338392,1.0,7.406343524576279,1
14:44:40.144744,86,0.6534757755739247,3.192225869556134,0.7852280842690584,-0.8349600223009475,70.11999843269587,1.0,1.4021178048819083,1
14:44:40.144744,86,0.6422017743865799,3.146033380535019,0.8393299265512508,-0.8349600223009475,57.11999872326851,1.0,3.0874151258937212,1
14:44:40.144744,86,0.6328345301072023,3.1697367828081675,1.1159800613482715,-0.5566400148672983,29.879999332129955,1.0,2.959958469660223,1
14:44:40.144744,86,0.6206414543263498,3.142694116617851,1.2600142137340398,-0.6263600167294499,22.359999500215054,1.0,4.966570651228963,1
14:44:40.144744,86,0.630732123816612,3.2565469059500214,0.7614561005859519,-0.8349600223009475,25.75999942421913,1.0,2.6542765466658818,1
14:44:40.144744,86,0.6194650739454264,3.198373752860608,0.7835807639024637,-0.8349600223009475,77.75999826192856,1.0,1.1511653064562593,1
14:44:40.144744,86,0.6657076576653722,3.16346525350704,1.117660512559817,-0.5566400148672983,23.87999946624041,1.0,3.877891075177251,1
14:44:40.144744,86,0.4806831873844834,3.130483634693739,1.394676017342266,-0.6263600167294499,26.519999407231808,1.0,4.652944685251395,1
14:44:40.144744,86,0.3064843394528124,3.2362947871973198,0.9561764661136308,-0.6958000185841229,65.63999853283167,1.0,2.6672186673274627,1
14:44:40.144744,86,0.4920875925613648,3.290567186550517,0.7888314958327216,-0.6958000185841229,19.63999956101179,1.0,2.4455425513320126,1
14:44:40.144744,86,0.3528490964727318,3.341940348987044,0.884722468453095,-0.6958000185841229,10.359999768435957,1.0,6.412512282578395,1
14:44:40.144744,86,0.3465459953354304,3.2822417746529537,0.9046451695391196,-0.6958000185841229,51.99999883770943,1.0,1.9000869165281309,1
14:44:40.144744,86,0.3404302698449797,3.23317040358796,0.9570136421786036,-0.6958000185841229,77.35999827086926,1.0,1.7464575095341102,1
14:44:40.144744,86,0.3345250606715118,3.211813079744299,1.104705751563743,-0.6958000185841229,67.11999849975109,1.0,1.3043624570620576,1
14:44:40.144744,86,0.3276366919235259,3.2051966759842725,1.3452713877542746,-0.6263600167294499,51.11999885737896,1.0,3.2863170350677278,1
14:44:40.144744,86,0.3119902367047489,3.285422286856549,0.9037929538626488,-0.6958000185841229,44.87999899685383,1.0,2.4625870155006244,1
14:44:40.144744,86,0.3011679669290495,3.214883266825366,1.1038830974147589,-0.6958000185841229,51.11999885737896,1.0,1.9880005887892231,1
14:44:40.144744,86,0.2947745325709475,3.2146405523723764,1.3767061821909077,-0.6263600167294499,38.99999912828207,1.0,4.165188102948651,1
14:44:40.144744,86,0.2775560484651902,3.2990962571760423,0.9360761659679788,-0.6958000185841229,38.75999913364649,1.0,3.2631578132923162,1
14:44:40.144744,86,0.2725077608834725,3.2390911275523515,0.9554271889737374,-0.6958000185841229,55.11999876797199,1.0,3.80221018598149,1
14:44:40.144744,86,0.2677807566422131,3.217631100992261,1.1031468174688046,-0.6958000185841229,39.11999912559986,1.0,2.8765481546183604,1
14:44:40.144744,86,0.2620960926740887,3.217330053318936,1.375985532584234,-0.6263600167294499,29.879999332129955,1.0,4.19908792100816,1
14:44:40.144744,86,0.2385039317663515,3.241559145021364,0.9547658856860096,-0.6958000185841229,46.23999896645546,1.0,5.161561446431344,1
14:44:40.144744,86,0.2343667685040594,3.2200563074638704,1.1024969853532582,-0.6958000185841229,30.51999931782484,1.0,3.979806909374989,1
14:44:40.144744,86,0.2044762524558727,3.2436985928046767,0.9541926223802222,-0.6958000185841229,38.87999913096428,1.0,6.7558173767319785,1
14:44:40.144744,86,0.200929343885408,3.2221586437215786,1.1019336660507866,-0.6958000185841229,24.23999945819378,1.0,5.307980056863181,1
14:44:40.144744,86,0.5004009257943393,3.3367924768144306,0.7334171507516278,-0.5566400148672983,8.239999815821648,0.8239999815821648,6.8955374595956,1
14:44:40.144744,86,0.3607612142457731,3.180632839255942,1.2498485636412946,-0.5566400148672983,65.63999853283167,1.0,1.821447403098582,1
14:44:40.144744,86,0.3678487021881722,3.208420846765197,1.1056146976510317,-0.6958000185841229,86.23999807238579,1.0,0.8162383898685283,1
14:44:40.144744,86,0.2293914433875466,3.219703775568836,1.3753494956243175,-0.6263600167294499,23.23999948054552,1.0,4.41481059208703,1
14:44:40.144744,86,0.380208990296897,3.2442984962577346,0.8071145110903584,-0.6958000185841229,59.99999865889549,1.0,2.737982491249056,1
14:44:40.144744,86,0.3743421574953753,3.229718289160016,0.957938633451751,-0.6958000185841229,89.23999800533056,1.0,1.0302179887302898,1
14:44:40.144744,86,0.4755777653422365,3.206780654048944,0.9287914321688272,-0.6958000185841229,105.2399976477027,1.0,0.3294951795488063,1
14:44:40.144744,86,0.4832972119274578,3.231786313981338,0.8104671402268697,-0.6958000185841229,82.99999814480543,1.0,0.8557578802644361,1
14:44:40.144744,86,0.4585764499687302,3.168760657939629,1.2530297050373966,-0.5566400148672983,77.23999827355146,1.0,1.850661440176494,1
14:44:40.144744,86,0.4488548405484572,3.1349729959432904,1.3934730966209168,-0.6263600167294499,28.23999936878681,1.0,4.255436981547904,1
14:44:40.144744,86,0.46486740062758,3.341454403588631,0.7321679912373076,-0.5566400148672983,7.239999838173389,0.723999983817339,6.579624058644066,1
14:44:40.144744,86,0.4571443981082919,3.295151663126719,0.787603089036409,-0.6958000185841229,16.8799996227026,1.0,2.4076711149419396,1
14:44:40.144744,86,0.448978223376851,3.2362888960031526,0.8092606770102697,-0.6958000185841229,76.359998293221,1.0,1.2905807418138155,1
14:44:40.144744,86,0.4418069355486783,3.211211318748342,0.9276042391406903,-0.6958000185841229,105.2399976477027,1.0,0.6661799286569589,1
14:44:40.144744,86,0.467585608746002,3.1963154254590878,1.1088583355140424,-0.5566400148672983,101.75999772548676,1.0,0.43719038599645654,1
14:44:40.144744,86,0.4260128854629681,3.1730329318702446,1.2518849526878435,-0.5566400148672983,83.99999812245369,1.0,1.6732976170736458,1
14:44:40.144744,86,0.4169816086044271,3.139154699635306,1.3923526124936552,-0.6263600167294499,28.879999354481697,1.0,4.014084799872943,1
14:44:40.144744,86,0.4221554895984042,3.2993983907741966,0.7864651817927923,-0.6958000185841229,14.359999679028988,1.0,2.5352199187997666,1
14:44:40.144744,86,0.4146143373800609,3.240459762456335,0.8081430967124015,-0.6958000185841229,68.35999847203493,1.0,1.9151035135480297,1
14:44:40.144744,86,0.4079919254317116,3.2153155661935835,0.9265045093522006,-0.6958000185841229,99.23999778181314,1.0,1.1894138672004788,1
14:44:40.144744,86,0.4011355591427978,3.204706907108515,1.1066098447827777,-0.6958000185841229,103.75999768078329,1.0,0.5146441277935083,1
14:44:40.144744,86,0.3934067200255737,3.176990457558767,1.2508245368755788,-0.5566400148672983,78.9999982342124,1.0,1.660942650563137,1
14:44:40.144744,86,0.4343823028775809,3.2006716321651068,1.1076910934451012,-0.5566400148672983,110.5199975296855,1.0,0.3910110331013432,1
14:44:40.144744,86,0.3879980828498119,3.338362302130708,0.8856812032187309,-0.6958000185841229,12.11999972909689,1.0,6.609694183687955,1
14:44:40.198145,87,0.6087778377230191,3.152075198326027,0.8377110263533343,-0.8349600223009475,184.5199958756566,1.0,0.4348228448552164,1
14:44:40.198145,87,0.597500046630984,3.093682064755222,0.8592427763959942,-0.8349600223009475,89.51999799907207,1.0,1.6265522220482036,1
14:44:40.198145,87,0.5862222555389488,3.035288931184417,0.880774526438654,-0.8349600223009475,25.11999943852425,1.0,4.703729005252203,1
14:44:40.198145,87,0.5960397508332749,3.2624718083753046,0.7598685277658641,-0.7655200204462744,29.23999934643507,1.0,2.838190509784195,1
14:44:40.198145,87,0.5859504987083085,3.216292942631333,0.8146185765681391,-0.8349600223009475,125.75999718904497,1.0,0.9129278186603101,1
14:44:40.198145,87,0.5765914263513146,3.191534749991548,0.9328765598488888,-0.5566400148672983,215.5199951827526,1.0,0.58882270848515,1
14:44:40.198145,87,0.5517867740426021,3.221787837375786,0.8131462239588689,-0.5566400148672983,125.87999718636274,1.0,0.8030154068768288,1
14:44:40.198145,87,0.5539780739405439,3.0407957216782644,0.8792989863729403,-0.5566400148672983,30.999999307096004,1.0,4.416138116954382,1
14:44:40.198145,87,0.5612877743742171,3.2680613175600546,0.7583708232937241,-0.7655200204462744,28.759999357163903,1.0,2.769434152789653,1
14:44:40.198145,87,0.5429733804960802,3.1969418777358523,0.9314277243364308,-0.5566400148672983,233.63999477773905,1.0,0.3986050176616461,1
14:44:40.198145,87,0.5329146366090254,3.1377175755415805,0.9512233445855984,-0.5566400148672983,146.35999672859907,1.0,0.43238468460378754,1
14:44:40.198145,87,0.5216784949988684,3.04599078715521,0.8779069727737658,-0.5566400148672983,38.519999139010906,1.0,4.252731350919595,1
14:44:40.198145,87,0.6200556288150542,3.2104683318968323,0.8161792763106743,-0.8349600223009475,118.75999734550714,1.0,1.1285408736732707,1
14:44:40.198145,87,0.5646355488631322,3.0992947953292878,0.8577388497713399,-0.8349600223009475,115.63999741524458,1.0,1.3618799113613989,1
14:44:40.198145,87,0.630732123816612,3.2565469059500214,0.7614561005859519,-0.7655200204462744,28.639999359846115,1.0,3.008054115757464,1
14:44:40.198145,87,0.7088536528517436,3.1329827525037235,0.8428268317929555,-0.8349600223009475,97.35999782383442,1.0,1.8344719027658913,1
14:44:40.198145,87,0.6422017743865799,3.146033380535019,0.8393299265512508,-0.8349600223009475,151.11999662220478,1.0,0.7880681680436342,1
14:44:40.198145,87,0.5095815156545757,3.2126399182776786,0.9625147691377124,-0.5566400148672983,230.3599948510528,1.0,0.6437971761236456,1
14:44:40.198145,87,0.8224812932681692,3.1565768168754587,0.7947802191457798,-0.8349600223009475,47.63999893516302,1.0,4.3182607758524885,1
14:44:40.198145,87,0.8075217125926231,3.0991638812414197,0.816701182809052,-0.8349600223009475,52.87999881803989,1.0,4.310013081880395,1
14:44:40.198145,87,0.7895832181692165,3.1764210749828545,0.8253022113052695,-0.8349600223009475,56.23999874293804,1.0,3.8112138353068192,1
14:44:40.198145,87,0.7744836605231996,3.106804443978204,0.8146539001940112,-0.8349600223009475,64.11999856680632,1.0,3.3897288520025066,1
14:44:40.198145,87,0.7558220890123639,3.1838848715058865,0.8233022930544527,-0.8349600223009475,66.75999850779772,1.0,3.05823983145656,1
14:44:40.198145,87,0.742074929521341,3.125975247315305,0.8447044871491491,-0.8349600223009475,78.63999824225903,1.0,2.529060054392118,1
14:44:40.198145,87,0.7219853782798384,3.1910221928188323,0.8213898535725277,-0.8349600223009475,78.9999982342124,1.0,2.414367263864199,1
14:44:40.198145,87,0.6950593062763624,3.0633065413228526,0.8328463420079917,-0.8349600223009475,43.75999902188778,1.0,3.5893356211975713,1
14:44:40.198145,87,0.6999241888304075,3.243693324798766,0.7649002072752786,-0.8349600223009475,25.23999943584204,1.0,3.652965472675052,1
14:44:40.198145,87,0.6880764696143652,3.1978323251955403,0.8195650841018396,-0.8349600223009475,92.75999792665245,1.0,1.8786474162873272,1
14:44:40.198145,87,0.6755614914107394,3.139669019784004,0.8410352518748256,-0.8349600223009475,121.51999728381634,1.0,1.2544009716894198,1
14:44:40.198145,87,0.6630465132071136,3.081505714372468,0.8625054196478117,-0.8349600223009475,54.63999877870083,1.0,2.5125224806320166,1
14:44:40.198145,87,0.6653614241159953,3.250287202769484,0.7631333829980353,-0.7655200204462744,27.239999391138557,1.0,3.2794554524077593,1
14:44:40.198145,87,0.6540987538784013,3.204314587628477,0.8178281671178076,-0.8349600223009475,106.75999761372805,1.0,1.4502654582097565,1
14:44:40.198145,87,0.6303047948947585,3.087752173441561,0.8608316859846938,-0.8349600223009475,69.35999844968319,1.0,2.0099336149370535,1
14:44:40.198145,87,0.499866084067087,3.142705564851709,0.9498868168780944,-0.5566400148672983,174.6399960964918,1.0,0.3390103259373891,1
14:44:40.198145,87,0.5175678711617786,3.226952466645321,0.8117623657168909,-0.7655200204462744,118.75999734550714,1.0,0.798527923813739,1
14:44:40.198145,87,0.3539624411237724,3.08730319916275,1.1393776760894516,-0.6263600167294499,12.11999972909689,1.0,4.169153574581308,1
14:44:40.198145,87,0.3457656226332429,3.2478047135371875,0.806175023001841,-0.7655200204462744,56.35999874025583,1.0,2.3572883418573247,1
14:44:40.198145,87,0.3407880824080329,3.263108038318768,1.0549637133879477,-0.5566400148672983,91.11999796330927,1.0,2.8768242302510036,1
14:44:40.198145,87,0.3344748814964686,3.2026579882569206,1.0724707925790475,-0.5566400148672983,89.51999799907207,1.0,1.5706538425699235,1
14:44:40.198145,87,0.327817125190842,3.113379510696731,0.995656909152143,-0.5566400148672983,52.23999883234501,1.0,3.052460101516044,1
14:44:40.198145,87,0.3112876786970081,3.2509780636759023,0.8053247263948711,-0.7655200204462744,47.75999893248081,1.0,2.9871389125923575,1
14:44:40.198145,87,0.3604725571664114,3.1100552991684385,0.9965476289466192,-0.5566400148672983,60.35999865084887,1.0,2.5909346322606344,1
14:44:40.198145,87,0.3068525010705781,3.2755640685641616,1.086968924305682,-0.5566400148672983,73.63999835401773,1.0,3.8594448342379155,1
14:44:40.198145,87,0.2728351084349973,3.278363767998456,1.0862187471032128,-0.5566400148672983,60.11999865621328,1.0,4.344016380191508,1
14:44:40.198145,87,0.2677807566422131,3.217631100992261,1.1031468174688046,-0.5566400148672983,53.99999879300594,1.0,2.7866216286555545,1
14:44:40.198145,87,0.2627264048494289,3.1568984339860653,1.1200748878343965,-0.5566400148672983,34.879999220371246,1.0,3.2157197029261875,1
14:44:40.198145,87,0.2343667685040594,3.2200563074638704,1.1024969853532582,-0.5566400148672983,42.87999904155731,1.0,3.4196762134143395,1
14:44:40.198145,87,0.2299431044909642,3.159277864775989,1.1194373212757909,-0.5566400148672983,27.99999937415123,1.0,3.895295835759872,1
14:44:40.198145,87,0.4904311303764743,3.083387114545272,0.9697076640378856,-0.5566400148672983,47.35999894142151,1.0,2.293175927396467,1
14:44:40.198145,87,0.3011679669290495,3.214883266825366,1.1038830974147589,-0.5566400148672983,68.99999845772982,1.0,2.259921861505581,1
14:44:40.198145,87,0.3677935244254676,3.1992662641169827,1.073379602323293,-0.5566400148672983,116.11999740451574,1.0,1.2240321397029366,1
14:44:40.198145,87,0.295439109905204,3.145219723770152,1.089170866257529,-0.5566400148672983,43.119999036192894,1.0,2.728380566746356,1
14:44:40.198145,87,0.380208990296897,3.2442984962577346,0.8071145110903584,-0.7655200204462744,66.75999850779772,1.0,1.8340499544172284,1
14:44:40.198145,87,0.4832972119274578,3.231786313981338,0.8104671402268697,-0.7655200204462744,106.87999761104584,1.0,0.8993249689965448,1
14:44:40.198145,87,0.3743421574953753,3.229718289160016,0.957938633451751,-0.5566400148672983,113.75999745726584,1.0,1.2574112177811325,1
14:44:40.198145,87,0.4758396714479288,3.217399176703826,0.9612395296858552,-0.5566400148672983,207.51999536156652,1.0,0.6409718043399038,1
14:44:40.198145,87,0.4670245995524666,3.1577958969420874,0.9804828773456252,-0.5566400148672983,186.99999582022429,1.0,0.30380481834307166,1
14:44:40.198145,87,0.448978223376851,3.2362888960031526,0.8092606770102697,-0.7655200204462744,92.87999792397022,1.0,1.105401526363065,1
14:44:40.198145,87,0.4420502436727958,3.2218322814208658,0.960051682856962,-0.5566400148672983,174.8799960911274,1.0,0.742186373176842,1
14:44:40.198145,87,0.4579573253288242,3.087967517126577,0.9684803488652158,-0.5566400148672983,56.23999874293804,1.0,2.309441648549118,1
14:44:40.198145,87,0.4256720183452396,3.1024614727221067,0.998582388610376,-0.5566400148672983,62.99999859184027,1.0,2.0198367307230187,1
14:44:40.198145,87,0.4146143373800609,3.240459762456335,0.8081430967124015,-0.7655200204462744,79.11999823153019,1.0,1.4168879627397113,1
14:44:40.198145,87,0.4082166112436457,3.2259387891220386,0.9589513474347204,-0.5566400148672983,141.9999968260527,1.0,0.9475771122866647,1
14:44:40.198145,87,0.3930919421882686,3.1064158318623365,0.9975228212721688,-0.5566400148672983,64.63999855518341,1.0,2.246847973578572,1
14:44:40.198145,87,0.4338611310090177,3.1621468770714856,0.9793170357336688,-0.5566400148672983,175.51999607682228,1.0,0.4096243802508709,1
14:44:40.198145,87,0.4006542767159571,3.166177310492188,0.9782370843534444,-0.5566400148672983,147.35999670624733,1.0,0.6261065391812048,1
14:44:40.255758,88,0.6716702241186345,3.3134533169713065,-0.4764350912240476,-0.7655200204462744,157.23999648541212,1.0,2.5729793437885613,1
14:44:40.255758,88,0.6052712475484621,3.326223157066714,-0.4764350912240476,-0.4872000130126253,180.99999595433476,1.0,1.491056018384867,1
14:44:40.255758,88,0.616484078011211,3.3878424335357686,-0.4852611934485247,-0.4872000130126253,66.51999851316214,1.0,1.7065083024233363,1
14:44:40.255758,88,0.6385026606991141,3.320004235840051,-0.4764350912240476,-0.7655200204462744,172.1199961528182,1.0,1.9828921381420337,1
14:44:40.255758,88,0.6503311130061271,3.381508304937769,-0.4852611934485247,-0.4872000130126253,62.639998599886894,1.0,2.219465562010132,1
14:44:40.255758,88,0.6601233518369379,3.256490806369268,-0.4344040228967537,-0.7655200204462744,129.35999710857868,1.0,2.181719402194621,1
14:44:40.255758,88,0.5948658588022271,3.2690411165415902,-0.4344040228967537,-0.6958000185841229,150.51999663561585,1.0,1.1947649228328954,1
14:44:40.255758,88,0.6275259813557794,3.262929106543914,-0.4344040228967537,-0.6958000185841229,141.6399968340993,1.0,1.6405477559321282,1
14:44:40.255758,88,0.5885750649958443,3.2344705267112075,-0.0328769528711452,-0.6263600167294499,60.99999863654375,1.0,0.056839626472377655,1
14:44:40.255758,88,0.5486084551873277,3.3994937469870226,-0.4852611934485247,-0.4872000130126253,63.35999858379364,1.0,0.9850853791883555,1
14:44:40.255758,88,0.5719793077801518,3.332109458764383,-0.4764350912240476,-0.4872000130126253,181.999995931983,1.0,1.0975957511272325,1
14:44:40.255758,88,0.5621462501611735,3.274826225166417,-0.4344040228967537,-0.6958000185841229,154.75999654084444,1.0,0.8444884878035018,1
14:44:40.255758,88,0.5562014710206868,3.240194456962848,-0.0328769528711452,-0.6263600167294499,67.63999848812819,1.0,0.026759810361730127,1
14:44:40.255758,88,0.5452830289996461,3.176588233034089,0.0967204928357011,-0.6263600167294499,23.23999948054552,1.0,0.20414154050027966,1
14:44:40.255758,88,0.5593459685754744,3.466029560053794,-0.4590021020804777,-0.5566400148672983,6.359999857842922,0.6359999857842922,1.1713548976334833,1
14:44:40.255758,88,0.5386301705602683,3.337662552307819,-0.4764350912240476,-0.4872000130126253,175.23999608308077,1.0,0.8026063303121802,1
14:44:40.255758,88,0.5312081711298458,3.291671572009771,-0.3345417876207531,-0.6958000185841229,153.35999657213688,1.0,0.27650847335697987,1
14:44:40.255758,88,0.5237722573644135,3.245594370483429,-0.0328769528711452,-0.6263600167294499,72.75999837368727,1.0,0.0900361064394839,1
14:44:40.255758,88,0.6841131154345907,3.374836028342306,-0.4852611934485247,-0.7655200204462744,56.63999873399735,1.0,2.833757355819759,1
14:44:40.255758,88,0.5825753951249844,3.393837780728752,-0.4852611934485247,-0.4872000130126253,66.75999850779772,1.0,1.2950152821155074,1
14:44:40.255758,88,0.6926547105359647,3.249726859842276,-0.4344040228967537,-0.7655200204462744,115.5199974179268,1.0,2.8181335114803483,1
14:44:40.255758,88,1.0313559822028382,2.986673485662035,0.7064813500056499,-0.7655200204462744,30.879999309778214,1.0,5.987172774427664,1
14:44:40.255758,88,0.7178267071246612,3.127475534872472,0.6596161012282007,-0.7655200204462744,49.75999888777733,1.0,1.9192031800913032,1
14:44:40.255758,88,0.5134904128849869,3.181882144241184,0.0967204928357011,-0.6263600167294499,26.99999939650297,1.0,0.36771795507261895,1
14:44:40.255758,88,0.999108029005012,2.996479955302439,0.7038537143849035,-0.7655200204462744,36.23999918997288,1.0,5.170361798482681,1
14:44:40.255758,88,0.9667601658413388,3.005974448513539,0.7013096725964465,-0.7655200204462744,42.75999904423952,1.0,4.445436926967531,1
14:44:40.255758,88,0.9488506453055068,2.950287874926812,0.7253682984171319,-0.7655200204462744,40.99999908357859,1.0,4.327244958877045,1
14:44:40.255758,88,0.9017776583207522,3.024023739174687,0.6964733797398373,-0.7655200204462744,50.75999886542559,1.0,3.273573106848718,1
14:44:40.255758,88,0.8850719581263353,2.9680027970928835,0.7206215993287528,-0.7655200204462744,47.75999893248081,1.0,3.2517263336564755,1
14:44:40.255758,88,0.8691495121601486,3.0325767317107903,0.6941816122969189,-0.7655200204462744,60.35999865084887,1.0,2.8277287782426628,1
14:44:40.255758,88,0.8530482581090013,2.976397342890198,0.7183722875615364,-0.7655200204462744,55.63999875634909,1.0,2.849745666155578,1
14:44:40.255758,88,0.8519296495724653,3.0971461274033354,0.6677428414664703,-0.7655200204462744,27.239999391138557,1.0,2.5156215106604485,1
14:44:40.255758,88,0.7047706210784687,3.3065710555468786,-0.4764350912240476,-0.7655200204462744,138.9999968931079,1.0,3.2611631387560456,1
14:44:40.255758,88,0.8364344517765031,3.040814138170191,0.6919744058883956,-0.7655200204462744,71.99999839067459,1.0,2.4759592936397765,1
14:44:40.255758,88,0.8185233406824248,3.1052138628786925,0.6655810982611003,-0.7655200204462744,31.63999929279089,1.0,2.219107084616789,1
14:44:40.255758,88,0.8036357486484454,3.0487351348191445,0.6898519812330588,-0.7655200204462744,85.75999808311462,1.0,2.218741670213245,1
14:44:40.255758,88,0.7887481566144661,2.992256406759597,0.7141228642050172,-0.7655200204462744,75.63999830931425,1.0,2.3197615220063796,1
14:44:40.255758,88,0.7850351801440757,3.112958520190664,0.663505923588702,-0.7655200204462744,36.87999917566776,1.0,2.020578576360399,1
14:44:40.255758,88,0.7707566826188097,3.0563389295646224,0.687814550571596,-0.7655200204462744,101.87999772280456,1.0,2.0565243936582385,1
14:44:40.255758,88,0.7564781850935436,2.999719338938581,0.7121231775544903,-0.7655200204462744,87.87999803572893,1.0,2.1926439105981386,1
14:44:40.255758,88,0.7514685167454154,3.120379324880008,0.6615175249650029,-0.7655200204462744,42.9999990388751,1.0,1.9204744463429928,1
14:44:40.255758,88,0.7378005415666525,3.06362476203352,0.6858623176453664,-0.7655200204462744,119.999997317791,1.0,1.9897272042436995,1
14:44:40.255758,88,0.7251168043442445,3.019715700393659,0.7411414791286115,-0.7655200204462744,101.23999773710966,1.0,2.311185106479175,1
14:44:40.255758,88,0.8209392539805409,2.984482148937046,0.7162059703103212,-0.7655200204462744,64.87999854981899,1.0,2.5389384948872005,1
14:44:40.255758,88,0.524658284354202,3.4714496263645875,-0.4590021020804777,-0.5566400148672983,5.879999868571758,0.5879999868571758,0.9797875068974127,1
14:44:40.255758,88,0.2674594733017548,3.1790859979286608,-1.0252217880205043,-0.6263600167294499,61.75999861955643,1.0,3.606960415963184,1
14:44:40.255758,88,0.5059138734325592,3.347425513468981,-0.4426033826246617,-0.4872000130126253,162.51999636739492,1.0,0.506028362554868,1
14:44:40.255758,88,0.3663782391042133,3.31726662140758,-0.3011830259541815,-0.6958000185841229,95.7599978595972,1.0,0.8946488555661753,1
14:44:40.255758,88,0.3600397158768653,3.25987628189804,0.2299546021247424,-0.6263600167294499,55.23999876528978,1.0,3.668887232780077,1
14:44:40.255758,88,0.3531132427480654,3.1971625187378083,0.2255307169192402,-0.6263600167294499,28.23999936878681,1.0,3.518652920790915,1
14:44:40.255758,88,0.3442412518823473,3.4309302305298863,-0.4508027423525697,-0.5566400148672983,25.999999418854717,1.0,1.3141068916620975,1
14:44:40.255758,88,0.3379800702341637,3.3685272579688466,-0.4426033826246617,-0.4872000130126253,82.63999815285206,1.0,1.1388068067468449,1
14:44:40.255758,88,0.333187807748094,3.320764480712534,-0.3011830259541815,-0.6958000185841229,83.11999814212322,1.0,1.320841425189639,1
14:44:40.255758,88,0.3274234952615117,3.2633136265214877,0.2299546021247424,-0.6263600167294499,47.51999893784523,1.0,4.49223791944437,1
14:44:40.255758,88,0.3211244956188105,3.200533735447809,0.2255307169192402,-0.6263600167294499,24.35999945551157,1.0,4.317845206573392,1
14:44:40.255758,88,0.3420188135690717,3.789943015437784,-1.1771308935776752,-0.904680024163099,7.35999983549118,0.735999983549118,5.511003573735005,1
14:44:40.255758,88,0.3042784609638329,3.371738577314096,-0.4426033826246617,-0.4872000130126253,70.75999841839075,1.0,1.5611123624727283,1
14:44:40.255758,88,0.3008066256151055,3.33326683947795,-0.1674802004405713,-0.6263600167294499,71.75999839603901,1.0,2.461760416216919,1
14:44:40.255758,88,0.2947745325709475,3.2664246425162884,0.2299546021247424,-0.6263600167294499,40.51999909430742,1.0,5.407665474900488,1
14:44:40.255758,88,0.2891036363090321,3.2035849014656748,0.2255307169192402,-0.6263600167294499,20.63999953866005,1.0,5.206174082615827,1
14:44:40.255758,88,0.2705464241023305,3.37461272562646,-0.4426033826246617,-0.4872000130126253,60.63999864459038,1.0,2.081728995632661,1
14:44:40.255758,88,0.2620960926740887,3.217330053318936,-0.6240144674157659,-0.6263600167294499,34.35999923199415,1.0,1.9065975841649816,1
14:44:40.255758,88,0.2376093554046305,3.185180257957352,-1.206346835867833,-0.4872000130126253,51.99999883770943,1.0,5.005595242247956,1
14:44:40.255758,88,0.2037093065165516,3.1873116811374644,-1.2069179489876736,-0.4872000130126253,44.75999899953604,1.0,5.05704579464729,1
14:44:40.255758,88,0.200688268867139,3.183608108512403,-1.0264334838995022,-0.6263600167294499,45.759998977184296,1.0,3.904997651255817,1
14:44:40.255758,88,0.5145866548637766,3.4048097667186927,-0.4852611934485247,-0.4872000130126253,57.2399987205863,1.0,0.7767866118105264,1
14:44:40.255758,88,0.3716478817806309,3.364979088719954,-0.4426033826246617,-0.4872000130126253,96.23999784886836,1.0,0.8149588049749366,1
14:44:40.255758,88,0.3785327696835745,3.427316330386949,-0.4508027423525697,-0.5566400148672983,30.51999931782484,1.0,0.9855980979228918,1
14:44:40.255758,88,0.2340855752651516,3.181508294637648,-1.025870840467506,-0.6263600167294499,53.11999881267548,1.0,3.7073397306679587,1
14:44:40.255758,88,0.3850666788488842,3.1934715884545195,0.2255307169192402,-0.6263600167294499,31.359999299049377,1.0,2.808753247500416,1
14:44:40.255758,88,0.4056965120577878,3.6732626401645385,-1.3072694351989158,-1.878800050180871,8.879999801516533,0.8879999801516533,6.1693757722122085,1
14:44:40.255758,88,0.4982654445686095,3.2968189828683707,-0.3345417876207531,-0.6958000185841229,146.87999671697617,1.0,0.19582384106079795,1
14:44:40.255758,88,0.4912169727103202,3.250182122785207,0.0657506180745476,-0.6263600167294499,74.99999832361937,1.0,0.5353040797620174,1
14:44:40.255758,88,0.4899181347440535,3.4765225506211284,-0.4590021020804777,-0.5566400148672983,5.119999885559082,0.5119999885559082,0.893213712220892,1
14:44:40.255758,88,0.4805133963058604,3.409785308326244,-0.4852611934485247,-0.6263600167294499,49.87999888509512,1.0,0.6701561166061863,1
14:44:40.255758,88,0.4724148814657586,3.352317197898239,-0.4426033826246617,-0.4872000130126253,146.23999673128128,1.0,0.43517778624910597,1
14:44:40.255758,88,0.4657164506596437,3.304784265149383,-0.3011830259541815,-0.6958000185841229,136.2399969547987,1.0,0.19230385725384563,1
14:44:40.255758,88,0.4585764499687302,3.254117895294797,0.0986177082712285,-0.6263600167294499,73.87999834865332,1.0,1.012537501998887,1
14:44:40.255758,88,0.4491471053221181,3.1872060441573584,0.1933539437601782,-0.6263600167294499,32.75999926775694,1.0,1.4637502535645401,1
14:44:40.255758,88,0.4977702612916568,3.532242257807177,-1.4662917085759433,-1.878800050180871,5.879999868571758,0.5879999868571758,9.670251239336352,1
14:44:40.255758,88,0.4816464481592417,3.186857869899637,0.0967204928357011,-0.6263600167294499,30.51999931782484,1.0,0.6214474258110342,1
14:44:40.255758,88,0.4388686484066009,3.356873653416281,-0.4426033826246617,-0.4872000130126253,128.75999712198973,1.0,0.46307237699215364,1
14:44:40.255758,88,0.4469988210687427,3.419060739475761,-0.4508027423525697,-0.6263600167294499,42.51999904960394,1.0,0.6336883543861593,1
14:44:40.255758,88,0.3995320329433743,3.313437038219694,-0.3011830259541815,-0.6958000185841229,109.51999755203724,1.0,0.5644362223254058,1
14:44:40.255758,88,0.4127864345249685,3.423359701482382,-0.4508027423525697,-0.6263600167294499,35.999999195337296,1.0,0.7587621141921825,1
14:44:40.255758,88,0.4052785288502871,3.3610944243813727,-0.4426033826246617,-0.4872000130126253,111.87999749928711,1.0,0.5896850442785179,1
14:44:40.255758,88,0.4172531196241381,3.1915380812856298,0.1933539437601782,-0.6263600167294499,33.11999925971031,1.0,1.9706031750058046,1
14:44:40.255758,88,0.4260128854629681,3.2585408787313503,0.0986177082712285,-0.6263600167294499,69.51999844610691,1.0,1.457968308624589,1
14:44:40.255758,88,0.4326458739139691,3.309276114103987,-0.3011830259541815,-0.6958000185841229,123.35999724268912,1.0,0.33029906038473833,1
14:44:40.255758,88,0.409068514315958,3.128934643964707,0.1895612202548809,-0.6263600167294499,7.1199998408555984,0.7119999840855599,1.9886614197165677,1
14:44:40.255758,88,0.3934067200255737,3.2626380108100386,0.0986177082712285,-0.6263600167294499,62.87999859452248,1.0,1.9964101430034382,1
14:44:40.309020,89,0.6089450738080195,3.0500794557340902,1.1493517480804245,-0.5566400148672983,38.75999913364649,1.0,2.157725158873693,1
14:44:40.309020,89,0.6194650739454264,3.198373752860608,0.7835807639024637,-0.4174800111504737,15.519999653100967,1.0,2.148396359181649,1
14:44:40.309020,89,0.5853924263285216,3.204192816105379,0.7820215506053216,-0.6263600167294499,16.8799996227026,1.0,1.913438467154117,1
14:44:40.309020,89,0.6087778377230191,3.152075198326027,0.8377110263533343,-0.4872000130126253,75.51999831199646,1.0,0.9796792295088612,1
14:44:40.309020,89,0.597500046630984,3.093682064755222,0.8592427763959942,-0.4872000130126253,128.11999713629484,1.0,0.4270293652825456,1
14:44:40.309020,89,0.5878688926578336,3.0779812394598247,1.0051418473435298,-0.4872000130126253,104.87999765574932,1.0,0.4562477704275568,1
14:44:40.309020,89,0.577252010365478,3.05580839534064,1.1478166833393626,-0.5566400148672983,50.23999887704849,1.0,1.8647987333429394,1
14:44:40.309020,89,0.5345870601411479,3.032703662695642,1.2855577831386125,-0.6263600167294499,16.99999962002039,1.0,4.549358734981743,1
14:44:40.309020,89,0.5646355488631322,3.0992947953292878,0.8577388497713399,-0.4872000130126253,142.99999680370092,1.0,0.2333497652066488,1
14:44:40.309020,89,0.555534140519354,3.0835034979533043,1.003662162639806,-0.4872000130126253,121.9999972730875,1.0,0.2672298000878332,1
14:44:40.309020,89,0.545501222205522,3.061230922126684,1.146363721666106,-0.5566400148672983,62.99999859184027,1.0,1.6828656185804804,1
14:44:40.309020,89,0.5512612399594267,3.2096824773889963,0.7805506002976559,-0.6263600167294499,17.639999605715275,1.0,1.794728525272532,1
14:44:40.309020,89,0.5417506810280242,3.163188820635594,0.8347331402305012,-0.4872000130126253,92.63999792933464,1.0,0.6611098647118093,1
14:44:40.309020,89,0.5317145880134463,3.104589803895402,0.8563200565021334,-0.4872000130126253,148.99999666959047,1.0,0.15213232732947637,1
14:44:40.309020,89,0.6201448583995643,3.072146932567634,1.0067051451636877,-0.6263600167294499,84.99999810010195,1.0,0.7569740417562377,1
14:44:40.309020,89,0.5231438354322495,3.0887131558268512,1.0022662390197468,-0.4872000130126253,129.6399971023202,1.0,0.19023939464131828,1
14:44:40.309020,89,0.5752930237857203,3.1577938689803102,0.8361787131697396,-0.4872000130126253,85.87999808043242,1.0,0.7630919406727431,1
14:44:40.309020,89,0.6317273557967008,3.120841943544741,0.9557451565509164,-0.6263600167294499,109.11999756097794,1.0,0.6581457070321336,1
14:44:40.309020,89,0.7088536528517436,3.1329827525037235,0.8428268317929555,-0.6958000185841229,44.519999004900455,1.0,2.3135716994566455,1
14:44:40.309020,89,0.6534757755739247,3.192225869556134,0.7852280842690584,-0.4174800111504737,13.999999687075617,1.0,2.499245188696043,1
14:44:40.309020,89,0.5136958843803668,3.0663464938440863,1.1449930083556046,-0.5566400148672983,72.99999836832285,1.0,1.6122336189231667,1
14:44:40.309020,89,0.7933177054694408,3.053367166869051,0.8700451207275366,-0.6958000185841229,40.51999909430742,1.0,3.9314944099983364,1
14:44:40.309020,89,0.7752219993196973,3.118647204963396,0.846668030179444,-0.6958000185841229,30.999999307096004,1.0,3.7692233151840577,1
14:44:40.309020,89,0.7608607804701781,3.0608733349439383,0.8680338490536186,-0.6958000185841229,48.99999890476465,1.0,3.070392127808477,1
14:44:40.309020,89,0.7485964009606559,3.045701356349487,1.0137912159547158,-0.6958000185841229,33.7599992454052,1.0,3.0701497049966284,1
14:44:40.309020,89,0.742074929521341,3.125975247315305,0.8447044871491491,-0.6958000185841229,36.999999172985554,1.0,2.9850166584205815,1
14:44:40.309020,89,0.7299715630298889,3.101110961840103,0.9610320571645474,-0.6263600167294499,59.8799986615777,1.0,2.2985251130035524,1
14:44:40.309020,89,0.7036462537963005,3.031060041741351,1.154447984700292,-0.6263600167294499,18.23999959230423,1.0,3.6992043706015787,1
14:44:40.309020,89,0.7212977432336765,3.1789461347210444,0.7887863784938198,-0.4174800111504737,11.239999748766422,1.0,3.5471235827226044,1
14:44:40.309020,89,0.6972921309515183,3.108004173444259,0.9591850266819568,-0.6263600167294499,73.63999835401773,1.0,1.6392082665882965,1
14:44:40.309020,89,0.6845075266159911,3.0595445384365627,1.0100819464938071,-0.6263600167294499,52.999998815357685,1.0,1.6922131006789711,1
14:44:40.309020,89,0.6721453555110414,3.0377046601998527,1.1526675645503237,-0.6263600167294499,23.11999948322773,1.0,3.075265947386657,1
14:44:40.309020,89,0.6874211301723483,3.185749780975135,0.7869633469744493,-0.4174800111504737,12.639999717473984,1.0,2.9656151034954217,1
14:44:40.309020,89,0.6755614914107394,3.139669019784004,0.8410352518748256,-0.6958000185841229,53.51999880373478,1.0,1.7552817441146562,1
14:44:40.309020,89,0.6645429702442445,3.1145813865844065,0.957422667732607,-0.6263600167294499,90.23999798297882,1.0,1.092291961850734,1
14:44:40.309020,89,0.6523588101750132,3.066001160702534,1.008351899771807,-0.6263600167294499,67.23999849706888,1.0,1.1690770532032877,1
14:44:40.309020,89,0.6405772432533551,3.044044676196195,1.1509687623841032,-0.6263600167294499,29.759999334812164,1.0,2.5613249056799567,1
14:44:40.309020,89,0.6422017743865799,3.146033380535019,0.8393299265512508,-0.6263600167294499,64.11999856680632,1.0,1.3105279642515246,1
14:44:40.309020,89,0.5034180703156039,3.037716884177146,1.284214494491165,-0.6263600167294499,18.639999583363533,1.0,4.487002871532395,1
14:44:40.309020,89,0.7165877928777885,3.052777711426536,1.0118951123264648,-0.6263600167294499,41.999999061226845,1.0,2.326026492238152,1
14:44:40.309020,89,0.5081541636561042,3.168259513801233,0.8333744520917021,-0.4872000130126253,93.6399979069829,1.0,0.6740639715617674,1
14:44:40.309020,89,0.3782699395272891,3.0547520596023574,1.2796499329930573,-0.5566400148672983,17.11999961733818,1.0,5.3459362695509,1
14:44:40.309020,89,0.380208990296897,3.2442984962577346,0.8071145110903584,-0.4872000130126253,12.879999712109566,1.0,2.7301455436650004,1
14:44:40.309020,89,0.3663782391042133,3.126281599125714,0.8505077574877902,-0.4872000130126253,77.99999825656414,1.0,1.4436294048380967,1
14:44:40.309020,89,0.3594628635078715,3.067273150559703,0.8722043806865063,-0.4872000130126253,56.11999874562025,1.0,1.4168195250001514,1
14:44:40.309020,89,0.3539624411237724,3.08730319916275,1.1393776760894516,-0.5566400148672983,32.51999927312136,1.0,2.9384922100130186,1
14:44:40.309020,89,0.3457656226332429,3.2478047135371875,0.806175023001841,-0.4872000130126253,11.639999739825726,1.0,3.3139589772280504,1
14:44:40.309020,89,0.3394767151906684,3.1887324926511407,0.8278887339422099,-0.4872000130126253,48.51999891549349,1.0,2.473545227352558,1
14:44:40.309020,89,0.3859927217117134,3.0837294604510315,1.1403352564912164,-0.5566400148672983,42.11999905854464,1.0,2.448438215333643,1
14:44:40.309020,89,0.333187807748094,3.1296602717650943,0.8496024448825792,-0.4872000130126253,64.63999855518341,1.0,2.043394989384241,1
14:44:40.309020,89,0.3218967645882691,3.090567375599968,1.1385030426491465,-0.4872000130126253,25.23999943584204,1.0,3.5414301701345563,1
14:44:40.309020,89,0.3112876786970081,3.2509780636759023,0.8053247263948711,-0.4872000130126253,10.359999768435957,1.0,4.01665367864965,1
14:44:40.309020,89,0.3056258682936765,3.191848124775112,0.8270539028306798,-0.4872000130126253,40.759999088943005,1.0,3.1823300720466117,1
14:44:40.309020,89,0.2996783654026579,3.12102638892475,0.8173803554558159,-0.4872000130126253,53.87999879568815,1.0,2.8702717829521593,1
14:44:40.309020,89,0.289451197939692,3.056434807444609,1.014187893383145,-0.4872000130126253,19.999999552965164,1.0,3.4288988878190976,1
14:44:40.309020,89,0.2714856435562384,3.1827214974849505,0.7943119870151283,-0.4872000130126253,34.35999923199415,1.0,4.17860517531979,1
14:44:40.309020,89,0.5175678711617786,3.226952466645321,0.8117623657168909,-0.4872000130126253,17.759999603033066,1.0,1.5782289973739843,1
14:44:40.309020,89,0.3268989003055196,3.070588050879048,0.8713161558229481,-0.4872000130126253,44.99999899417162,1.0,2.023508263323095,1
14:44:40.309020,89,0.392875581119751,3.096186205682933,0.966278157903697,-0.4872000130126253,70.51999842375517,1.0,0.9403185893980901,1
14:44:40.309020,89,0.3732936147005551,3.185290047691724,0.8288111342890745,-0.4872000130126253,57.759998708963394,1.0,1.881404744393043,1
14:44:40.309020,89,0.4070731851617176,3.1815211341384737,0.8298210116320104,-0.4872000130126253,68.35999847203493,1.0,1.405657756655355,1
14:44:40.309020,89,0.4987404561504298,3.1095665609571457,0.8549865384665134,-0.4872000130126253,143.8799967840314,1.0,0.18369417043782527,1
14:44:40.309020,89,0.490701216399892,3.093609692119041,1.0009542160745448,-0.4872000130126253,123.51999723911284,1.0,0.2255833689589285,1
14:44:40.309020,89,0.4818391773971485,3.071154598939961,1.143704680478041,-0.5566400148672983,74.5199983343482,1.0,1.6531982069311366,1
14:44:40.309020,89,0.4832972119274578,3.231786313981338,0.8104671402268697,-0.4872000130126253,16.99999962002039,1.0,1.6892898809901682,1
14:44:40.309020,89,0.4745068312935507,3.173005441412159,0.832102784621018,-0.4872000130126253,88.63999801874161,1.0,0.8022722727242447,1
14:44:40.309020,89,0.3995320329433743,3.122582505820612,0.8514989265516195,-0.4872000130126253,93.99999789893629,1.0,0.9580353200150493,1
14:44:40.309020,89,0.4582095276570045,3.098192617180348,0.9997262250053952,-0.4872000130126253,107.359997600317,1.0,0.37355593855462227,1
14:44:40.309020,89,0.4499342868998757,3.0756547566078267,1.1424988668651237,-0.5566400148672983,66.63999851047993,1.0,1.8060423784808908,1
14:44:40.309020,89,0.440932188415679,3.04683891108255,1.2817702547485272,-0.6263600167294499,19.759999558329586,1.0,4.694275134436082,1
14:44:40.309020,89,0.4657164506596437,3.1142245688429804,0.8537384290151662,-0.4872000130126253,129.99999709427357,1.0,0.32833972434590375,1
14:44:40.309020,89,0.448978223376851,3.2362888960031526,0.8092606770102697,-0.4872000130126253,15.75999964773655,1.0,1.9180952662784958,1
14:44:40.309020,89,0.44081204864541,3.177426128879587,0.8309182649841302,-0.4872000130126253,79.23999822884798,1.0,1.0460396617474002,1
14:44:40.309020,89,0.4326458739139691,3.1185633617560216,0.8525758529579908,-0.4872000130126253,112.11999749392272,1.0,0.5863605764223452,1
14:44:40.309020,89,0.4256720183452396,3.1024614727221067,0.998582388610376,-0.4872000130126253,88.11999803036451,1.0,0.6344385710681396,1
14:44:40.309020,89,0.4179844033508682,3.0798465168356874,1.1413756880972037,-0.5566400148672983,54.11999879032373,1.0,2.0710365096328447,1
14:44:40.309020,89,0.4096215448771372,3.050946804311402,1.280669548075263,-0.6263600167294499,18.759999580681324,1.0,4.964432596867191,1
14:44:40.309020,89,0.4146143373800609,3.240459762456335,0.8081430967124015,-0.4872000130126253,14.359999679028988,1.0,2.26495008368303,1
14:44:40.361031,90,0.6786584489860835,2.9568246412011416,0.7327542305716799,-0.5566400148672983,133.35999701917171,1.0,0.6622290433519834,1
14:44:40.361031,90,0.6716702241186345,3.0772396577018237,0.6822142173460106,-0.6263600167294499,71.63999839872122,1.0,0.7316192529616797,1
14:44:40.361031,90,0.646784441486722,2.963226091999464,0.7310389669998818,-0.4872000130126253,150.3599966391921,1.0,0.4941903276510724,1
14:44:40.361031,90,0.6385026606991141,3.083567359423068,0.6805187147798581,-0.6263600167294499,80.87999819219112,1.0,0.4469264928625231,1
14:44:40.361031,90,0.6052712475484621,3.089574376047559,0.6789091395264055,-0.6263600167294499,86.87999805808067,1.0,0.26155443916556076,1
14:44:40.361031,90,0.6148457560850883,2.9693193485957945,0.7294062838156194,-0.4872000130126253,163.87999633699656,1.0,0.423539060695676,1
14:44:40.361031,90,0.5940584170857133,3.0323390888585693,0.7033827419061243,-0.4872000130126253,189.1199957728386,1.0,0.029333685168698526,1
14:44:40.361031,90,0.6917145350322761,3.013708272424919,0.7083748541238535,-0.6263600167294499,140.11999686807394,1.0,0.5546848148778639,1
14:44:40.361031,90,0.5828455866229645,2.975103801669579,0.727856344285843,-0.4872000130126253,170.99999617785215,1.0,0.4519910341432872,1
14:44:40.361031,90,0.6266742083921013,3.0264433540094315,0.7049624992977388,-0.6263600167294499,179.2399959936738,1.0,0.10580300830878489,1
14:44:40.361031,90,0.7047706210784687,3.0705919036486957,0.6839954776760271,-0.6263600167294499,61.35999862849712,1.0,1.113761503730536,1
14:44:40.361031,90,0.8530482581090013,2.976397342890198,0.7183722875615364,-0.6263600167294499,58.11999870091677,1.0,3.321221899532594,1
14:44:40.361031,90,0.7241325663878897,3.006870199187033,0.7102071103257299,-0.6263600167294499,118.75999734550714,1.0,0.923534906690466,1
14:44:40.361031,90,0.7378005415666525,3.06362476203352,0.6858623176453664,-0.6263600167294499,51.759998843073845,1.0,1.5915062354801466,1
14:44:40.361031,90,0.7421996875682775,2.943099748312539,0.7364318045373843,-0.5566400148672983,98.6399977952242,1.0,1.2837152098925109,1
14:44:40.361031,90,0.7564781850935436,2.999719338938581,0.7121231775544903,-0.6263600167294499,99.35999777913094,1.0,1.3863220028213425,1
14:44:40.361031,90,0.7707566826188097,3.0563389295646224,0.687814550571596,-0.6263600167294499,43.35999903082848,1.0,2.1630315527586785,1
14:44:40.361031,90,0.7738605645804867,2.935777678700049,0.7383937471769757,-0.5566400148672983,83.63999813050032,1.0,1.7338431386674231,1
14:44:40.361031,90,0.7887481566144661,2.992256406759597,0.7141228642050172,-0.6263600167294499,82.87999814748764,1.0,1.9413249121445475,1
14:44:40.361031,90,0.8047280469976951,3.0618028564628297,0.7213756578272379,-0.6263600167294499,36.35999918729067,1.0,3.273408552119712,1
14:44:40.361031,90,0.8054440561845788,2.928150159703901,0.7404375347322465,-0.6263600167294499,70.75999841839075,1.0,2.274721106913941,1
14:44:40.361031,90,0.8209392539805409,2.984482148937046,0.7162059703103212,-0.6263600167294499,69.2399984523654,1.0,2.5868479771467228,1
14:44:40.361031,90,0.8643049186947283,2.8725862117236725,0.6544419176179836,-0.6263600167294499,59.99999865889549,1.0,4.747738718669503,1
14:44:40.361031,90,0.5719793077801518,3.0952601068786665,0.6773856525418294,-0.6263600167294499,87.63999804109335,1.0,0.17739758945270725,1
14:44:40.361031,90,0.7104645912091271,2.950115636340545,0.7345519030060932,-0.5566400148672983,115.5199974179268,1.0,0.9259611591915345,1
14:44:40.361031,90,0.5613832204353192,3.037919489829512,0.7018874779725184,-0.6958000185841229,188.11999579519036,1.0,0.05392438638891984,1
14:44:40.361031,90,0.6592273328026782,3.0202328748506435,0.7066265921729462,-0.6263600167294499,161.51999638974667,1.0,0.2815176100616175,1
14:44:40.361031,90,0.5428031283095092,2.971076847025678,0.8706336419631517,-0.6958000185841229,60.51999864727259,1.0,2.328358570092636,1
14:44:40.361031,90,0.5515357606587282,2.9932233211344665,0.7567286925776082,-0.4872000130126253,169.9999962002039,1.0,0.4452808957378694,1
14:44:40.361031,90,0.3265875544705977,3.059119793614731,0.8405053916003269,-0.6958000185841229,70.23999843001366,1.0,4.49948734336661,1
14:44:40.361031,90,0.3317188885859801,3.08103879780206,0.7247100047006554,-0.6958000185841229,69.99999843537807,1.0,2.9212924163975735,1
14:44:40.361031,90,0.3578781059747439,3.019584019446109,0.7496653647530831,-0.4872000130126253,82.35999815911055,1.0,3.188342756065666,1
14:44:40.361031,90,0.3902627175009245,3.0159707467007357,0.7506335382672393,-0.4872000130126253,96.51999784260988,1.0,2.4602875918269893,1
14:44:40.361031,90,0.3972307088571032,3.0610730619673414,0.6956834970162913,-0.6958000185841229,98.75999779254198,1.0,1.7577241180494432,1
14:44:40.361031,90,0.4047284236691628,3.118850701826916,0.6710645716764763,-0.6958000185841229,43.99999901652336,1.0,1.342658865834521,1
14:44:40.361031,90,0.4226083030823174,3.012044848511497,0.7516854795166124,-0.4872000130126253,112.519997484982,1.0,1.843038050043641,1
14:44:40.361031,90,0.430153812481175,3.057077068369495,0.696754220273794,-0.6958000185841229,116.9999973848462,1.0,1.1999037602048548,1
14:44:40.361031,90,0.3642678824949458,3.064750848313755,0.6946980371348355,-0.6958000185841229,82.99999814480543,1.0,2.4279048067975686,1
14:44:40.361031,90,0.4549116281874637,3.0078067174649257,0.7528210833079587,-0.4872000130126253,129.759997099638,1.0,1.334741370044986,1
14:44:40.361031,90,0.4630339010843819,3.0527632671162275,0.6979100998359153,-0.6958000185841229,137.63999692350626,1.0,0.7525160546142258,1
14:44:40.361031,90,0.4717736486951212,3.110384059907962,0.6733332015412634,-0.6958000185841229,63.23999858647585,1.0,0.5514926256924197,1
14:44:40.361031,90,0.5460426196029131,3.116029739493998,0.5559766210548642,-0.4872000130126253,11.119999751448631,1.0,1.9031751375537724,1
14:44:40.361031,90,0.4871694625109165,3.0032567773705745,0.7540402360818501,-0.4872000130126253,146.75999671965835,1.0,0.9335604165616121,1
14:44:40.361031,90,0.4958676866854105,3.048132089584051,0.6991510201156672,-0.6958000185841229,158.63999645411968,1.0,0.41364975553591715,1
14:44:40.361031,90,0.5052271707745936,3.105665469072619,0.6745975441450065,-0.6958000185841229,73.75999835133553,1.0,0.32041824749106956,1
14:44:40.361031,90,0.5193785802962694,2.9983954832186406,0.7553428159240307,-0.4872000130126253,161.11999639868736,1.0,0.6376746185978167,1
14:44:40.361031,90,0.5286518859332091,3.0431839988868377,0.7004768570220614,-0.6958000185841229,176.8799960464239,1.0,0.18141102362676148,1
14:44:40.361031,90,0.5386301705602683,3.1006239833480707,0.6759484061735523,-0.6958000185841229,82.75999815016985,1.0,0.1963727833479913,1
14:44:40.361031,90,0.4382729496460316,3.11477928399897,0.6721555047955241,-0.6958000185841229,52.999998815357685,1.0,0.8915739946776339,1
14:44:40.424590,91,0.534800973390357,3.0011835176222603,1.163108176497745,-0.6263600167294499,112.35999748855828,1.0,0.7812416334574738,1
14:44:40.424590,91,0.5448467298622636,3.024182808653465,1.0228297904135213,-0.6263600167294499,264.51999408751726,1.0,0.6556046704510605,1
14:44:40.424590,91,0.5552283699162435,3.073286482912707,0.9724141201268756,-0.6263600167294499,313.2399929985404,1.0,0.516581121269013,1
14:44:40.424590,91,0.5646355488631322,3.0992947953292878,0.8577388497713399,-0.4872000130126253,63.879998572170734,1.0,1.0810044257849698,1
14:44:40.424590,91,0.597500046630984,3.093682064755222,0.8592427763959942,-0.4872000130126253,53.11999881267548,1.0,1.4049259769715805,1
14:44:40.424590,91,0.5543840661488666,2.9668178936267995,1.3012476798038044,-0.6263600167294499,41.51999907195568,1.0,2.2281069243274607,1
14:44:40.424590,91,0.5659289557351116,2.9958673561081093,1.1645326376822949,-0.6263600167294499,76.359998293221,1.0,0.9902281069069476,1
14:44:40.424590,91,0.5765594234279323,3.018766787814829,1.024281008823424,-0.4872000130126253,190.51999574154613,1.0,0.6886184377208491,1
14:44:40.424590,91,0.5875453247386958,3.0677672639161497,0.973892990399854,-0.4872000130126253,233.51999478042129,1.0,0.9098758958291704,1
14:44:40.424590,91,0.5238910912826497,2.972025606020118,1.299852277473601,-0.6263600167294499,57.6399987116456,1.0,1.9210122787719404,1
14:44:40.424590,91,0.5752930237857203,3.1577938689803102,0.8361787131697396,-0.5566400148672983,13.759999692440031,1.0,4.4739222603051525,1
14:44:40.424590,91,0.5132373989809043,2.911587383560703,1.314090271830981,-0.6958000185841229,21.7599995136261,1.0,5.37164674659276,1
14:44:40.424590,91,0.4723876878730766,3.010912537106203,1.1605012935838757,-0.6263600167294499,230.99999483674765,1.0,0.823539433582714,1
14:44:40.424590,91,0.5417506810280242,3.163188820635594,0.8347331402305012,-0.5566400148672983,16.99999962002039,1.0,3.716107286224543,1
14:44:40.424590,91,0.5317145880134463,3.104589803895402,0.8563200565021334,-0.6263600167294499,78.23999825119972,1.0,0.9114407138607818,1
14:44:40.424590,91,0.5228558927219705,3.078493273347309,0.971018964834766,-0.6263600167294499,408.1199908778072,1.0,0.27260825571163766,1
14:44:40.424590,91,0.5130795520800817,3.0292922427081383,1.0214607216847915,-0.6263600167294499,357.63999200612307,1.0,0.7822249812251004,1
14:44:40.424590,91,0.5036195113963203,3.006198745127808,1.161764350337775,-0.6263600167294499,167.51999625563622,1.0,0.7227879819127265,1
14:44:40.424590,91,0.4933457277462209,2.9769385234261123,1.298535865222184,-0.6263600167294499,79.51999822258949,1.0,1.757935941826775,1
14:44:40.424590,91,0.4826606750547276,2.936035504360589,1.4017023609362804,-0.6958000185841229,24.23999945819378,1.0,3.7702673584493964,1
14:44:40.424590,91,0.5081541636561042,3.168259513801233,0.8333744520917021,-0.6263600167294499,20.119999550282955,1.0,3.1048590678918275,1
14:44:40.424590,91,0.499866084067087,3.142705564851709,0.9498868168780944,-0.6263600167294499,93.75999790430068,1.0,2.4124355371963055,1
14:44:40.424590,91,0.490701216399892,3.093609692119041,1.0009542160745448,-0.6263600167294499,485.9999891370535,1.0,0.30866172292709776,1
14:44:40.424590,91,0.4817669009214288,3.062348023413855,1.1126858085379996,-0.6263600167294499,434.8799902796745,1.0,0.2054914097390278,1
14:44:40.424590,91,0.6087778377230191,3.152075198326027,0.8377110263533343,-0.5566400148672983,10.99999975413084,1.0,5.368199746397027,1
14:44:40.424590,91,0.462751030050343,2.981556154557158,1.2972985746896757,-0.6263600167294499,102.8799977004528,1.0,1.747210674851783,1
14:44:40.424590,91,0.6456796287292288,2.9421472610243717,1.2757954548510797,-0.6263600167294499,17.999999597668648,1.0,3.3803169728063023,1
14:44:40.424590,91,0.59691079486428,2.9816200608496817,1.135626338008287,-0.6263600167294499,53.87999879568815,1.0,1.3257149869041065,1
14:44:40.424590,91,0.452728607921101,2.940553125236817,1.4004918680707854,-0.6958000185841229,25.999999418854717,1.0,3.873154232434861,1
14:44:40.424590,91,0.8101103313876579,2.988063267079503,0.8934286049975892,-0.4872000130126253,45.759998977184296,1.0,4.19368062642549,1
14:44:40.424590,91,0.7933177054694408,3.053367166869051,0.8700451207275366,-0.4872000130126253,22.11999950557947,1.0,6.089928930540957,1
14:44:40.424590,91,0.7783438633712785,2.995734975492009,0.891372976923891,-0.4872000130126253,54.75999877601862,1.0,3.451232827127903,1
14:44:40.424590,91,0.763370021273116,2.938102784114967,0.9127008331202452,-0.4872000130126253,41.11999908089638,1.0,5.161435749500459,1
14:44:40.424590,91,0.7608607804701781,3.0608733349439383,0.8680338490536186,-0.4872000130126253,24.879999443888664,1.0,5.024404805030137,1
14:44:40.424590,91,0.7464995616206589,3.0030994649244804,0.8893996679277929,-0.4872000130126253,66.63999851047993,1.0,2.824464356135509,1
14:44:40.424590,91,0.7321383427711396,2.945325594905022,0.9107654868019674,-0.4872000130126253,50.23999887704849,1.0,4.957315121699855,1
14:44:40.424590,91,0.7283277700303181,3.068065623124724,0.8661066812438452,-0.4872000130126253,28.359999366104603,1.0,4.062217644274989,1
14:44:40.424590,91,0.7145806105392953,3.010155998934142,0.8875088753385412,-0.4872000130126253,82.35999815911055,1.0,2.3203529307627333,1
14:44:40.424590,91,0.7008334510482724,2.9522463747435603,0.9089110694332376,-0.4872000130126253,62.639998599886894,1.0,4.894353210795554,1
14:44:40.424590,91,0.6890162452239096,2.935318543151741,1.0499135955720589,-0.4872000130126253,23.639999471604824,1.0,3.7522336574464505,1
14:44:40.424590,91,0.5849678584387631,2.9540347989216933,1.2726101986714975,-0.6263600167294499,30.63999931514263,1.0,2.402615551631217,1
14:44:40.424590,91,0.6957219274236489,3.0749433121886147,0.864263810013383,-0.4872000130126253,32.51999927312136,1.0,3.2110109130468985,1
14:44:40.424590,91,0.6709694050292959,2.990677247768133,0.9984757142751328,-0.4872000130126253,79.63999821990728,1.0,1.743408955218093,1
14:44:40.424590,91,0.658170304468041,2.9418250086328293,1.0481701934008203,-0.4872000130126253,30.119999326765537,1.0,3.6333570726973066,1
14:44:40.424590,91,0.6755614914107394,3.139669019784004,0.8410352518748256,-0.5566400148672983,7.35999983549118,0.735999983549118,7.527443971329079,1
14:44:40.424590,91,0.6630465132071136,3.081505714372468,0.8625054196478117,-0.4872000130126253,37.75999915599823,1.0,2.478777541721871,1
14:44:40.424590,91,0.6505315350034879,3.023342408960931,0.8839755874207975,-0.4872000130126253,133.23999702185392,1.0,1.7096970540584573,1
14:44:40.424590,91,0.6394565226954838,2.99700617160293,0.9967798842446408,-0.4872000130126253,103.75999768078329,1.0,1.4544050139738438,1
14:44:40.424590,91,0.6279178334610807,2.975704543661457,1.137211396061684,-0.6263600167294499,39.63999911397696,1.0,1.648691645192611,1
14:44:40.424590,91,0.6153545110517762,2.948237638858706,1.2741635430287692,-0.6263600167294499,23.11999948322773,1.0,2.8282129423166724,1
14:44:40.424590,91,0.6422017743865799,3.146033380535019,0.8393299265512508,-0.5566400148672983,8.999999798834324,0.8999999798834324,6.389178270129919,1
14:44:40.424590,91,0.6303047948947585,3.087752173441561,0.8608316859846938,-0.4872000130126253,44.359999008476734,1.0,1.873855963975239,1
14:44:40.424590,91,0.61980352552092,3.06193616827491,0.9754554277679124,-0.4872000130126253,174.8799960911274,1.0,1.4434441068999462,1
14:44:40.424590,91,0.6082144615343001,3.013044721789776,1.0258142317938743,-0.4872000130126253,138.8799968957901,1.0,0.8725875938952035,1
14:44:40.424590,91,0.6825902019955541,3.016903871873506,0.885700788233811,-0.4872000130126253,103.75999768078329,1.0,1.9462139893992978,1
14:44:40.424590,91,0.4745068312935507,3.173005441412159,0.832102784621018,-0.6263600167294499,22.239999502897263,1.0,2.6506195967428448,1
14:44:40.424590,91,0.1672708938103765,3.1853852295732974,0.9730903379473788,-0.4872000130126253,20.75999953597784,1.0,4.465097274093913,1
14:44:40.424590,91,0.4582095276570045,3.098192617180348,0.9997262250053952,-0.6263600167294499,494.7599889412522,1.0,0.16914684508810326,1
14:44:40.424590,91,0.3056258682936765,3.191848124775112,0.8270539028306798,-0.2783200074336491,12.11999972909689,1.0,3.1229963292076928,1
14:44:40.424590,91,0.3008066256151055,3.176341460613082,0.975513608536802,-0.6263600167294499,37.35999916493893,1.0,1.8049746933900281,1
14:44:40.424590,91,0.295439109905204,3.145219723770152,1.089170866257529,-0.6958000185841229,133.35999701917171,1.0,1.1680840495045626,1
14:44:40.424590,91,0.2897554284508646,3.1180919885568037,1.231270281385464,-0.6958000185841229,100.99999774247408,1.0,1.5076024204237788,1
14:44:40.424590,91,0.2836172928203845,3.0847642818112027,1.3696881179076636,-0.6958000185841229,46.879998952150345,1.0,2.512363308984502,1
14:44:40.424590,91,0.2777618437852012,3.0291100087444667,1.4126791125929377,-0.6958000185841229,30.879999309778214,1.0,2.8290075214276893,1
14:44:40.424590,91,0.2717444590659087,3.194636632503033,0.8263067244368949,-0.2783200074336491,10.119999773800371,1.0,3.848328736684729,1
14:44:40.424590,91,0.2674594733017548,3.1790859979286608,0.9747782119794955,-0.6263600167294499,31.63999929279089,1.0,2.1220954321274443,1
14:44:40.424590,91,0.2627264048494289,3.1568984339860653,1.1200748878343965,-0.6958000185841229,101.87999772280456,1.0,1.7237341341057948,1
14:44:40.424590,91,0.2575689876756108,3.128302590752828,1.2619062695179166,-0.6958000185841229,76.87999828159809,1.0,2.176612630925396,1
14:44:40.424590,91,0.2520116410815795,3.0935395425608654,1.3999952140162453,-0.6958000185841229,34.99999921768904,1.0,3.2251973829473046,1
14:44:40.424590,91,0.2469694152853248,3.0316442871818303,1.4120000547322509,-0.6958000185841229,23.519999474287037,1.0,3.3433836111994584,1
14:44:40.424590,91,0.3085264963334083,3.026278429964365,1.413437831840371,-0.6958000185841229,41.75999906659126,1.0,2.510993149355948,1
14:44:40.424590,91,0.2378358756199021,3.197097736986472,0.8256472734780691,-0.2783200074336491,8.51999980956316,0.851999980956316,4.812762818010629,1
14:44:40.424590,91,0.2299431044909642,3.159277864775989,1.1194373212757909,-0.6958000185841229,79.51999822258949,1.0,1.9592446414394062,1
14:44:40.424590,91,0.2205653411630695,3.0958219330901016,1.399383649317124,-0.6958000185841229,26.99999939650297,1.0,3.1807840611772944,1
14:44:40.424590,91,0.2161522900508309,3.0338810118507347,1.4114007261635269,-0.6958000185841229,18.35999958962202,1.0,4.064579440053011,1
14:44:40.424590,91,0.200688268867139,3.183608108512403,0.9735665161004978,-0.6263600167294499,23.639999471604824,1.0,3.439441184038938,1
14:44:40.424590,91,0.1971368100146971,3.1613405195152544,1.1188846346041403,-0.4872000130126253,63.23999858647585,1.0,2.417485056745824,1
14:44:40.424590,91,0.193266941014875,3.1326574764887223,1.2607393814018537,-0.4872000130126253,47.8799989297986,1.0,2.474336775360879,1
14:44:40.424590,91,0.1643108020225899,3.163086191940116,1.118416883087649,-0.4872000130126253,51.23999885469675,1.0,3.1108875575210826,1
14:44:40.424590,91,0.1610853197849717,3.134368880713746,1.2602808120218352,-0.4872000130126253,38.87999913096428,1.0,2.9529551044955067,1
14:44:40.424590,91,0.1338367918043727,3.1868394801097137,0.9727006726905536,-0.4872000130126253,18.35999958962202,1.0,5.752817862991564,1
14:44:40.424590,91,0.1314683630879401,3.164514707484795,1.1180341135010772,-0.4872000130126253,42.11999905854464,1.0,4.052145740031974,1
14:44:40.424590,91,0.0986127774271259,3.165625923298932,1.1177363641210625,-0.4872000130126253,35.11999921500683,1.0,5.254208244963151,1
14:44:40.424590,91,0.4667675453355303,3.14737408558776,0.9486358905170216,-0.6263600167294499,98.99999778717756,1.0,1.8679305097689274,1
14:44:40.424590,91,0.2340855752651516,3.181508294637648,0.974129159532494,-0.6263600167294499,27.239999391138557,1.0,2.6627252258027174,1
14:44:40.424590,91,0.3154563877133839,3.061453164582811,1.2778543773251485,-0.6958000185841229,65.23999854177237,1.0,1.1575869939872696,1
14:44:40.424590,91,0.2254292357125961,3.130635312430179,1.2612812186283038,-0.4872000130126253,59.99999865889549,1.0,2.219545095836269,1
14:44:40.424590,91,0.3281616805849044,3.142207938195073,1.0899778717701474,-0.6958000185841229,178.23999601602554,1.0,1.098150281825645,1
14:44:40.424590,91,0.4498667961974006,3.066847506052475,1.1114801757986237,-0.6263600167294499,435.6399902626872,1.0,0.05473994890232198,1
14:44:40.424590,91,0.3218967645882691,3.090567375599968,1.1385030426491465,-0.4872000130126253,136.3599969521165,1.0,0.7245758532872257,1
14:44:40.424590,91,0.4410424591344496,3.0394154170344563,1.2510420680935197,-0.6958000185841229,251.7599943727255,1.0,0.7988495986346436,1
14:44:40.424590,91,0.4321100576391533,2.9858780376540093,1.2961405296040924,-0.6263600167294499,113.75999745726584,1.0,1.8974462477885963,1
14:44:40.424590,91,0.4227512683059787,2.9447814034922377,1.3993589043268713,-0.6958000185841229,26.75999940186739,1.0,4.13724679506194,1
14:44:40.424590,91,0.44081204864541,3.177426128879587,0.8309182649841302,-0.6263600167294499,22.359999500215054,1.0,2.3641634155139557,1
14:44:40.424590,91,0.4336223302404983,3.1517226709015724,0.9474706905939676,-0.6263600167294499,90.3599979802966,1.0,1.4850471962429994,1
14:44:40.424590,91,0.4179844033508682,3.0798465168356874,1.1413756880972037,-0.6263600167294499,358.51999198645353,1.0,0.23343487561835913,1
14:44:40.424590,91,0.4096215448771372,3.050946804311402,1.280669548075263,-0.6958000185841229,204.1199954375625,1.0,1.1099640985808887,1
14:44:40.424590,91,0.4008839090077778,3.0099289293922107,1.385813673849715,-0.6958000185841229,102.51999770849945,1.0,2.0650160492823373,1
14:44:40.424590,91,0.3927316539182072,2.948719916302569,1.398303582999963,-0.6958000185841229,26.239999413490292,1.0,4.571034898417995,1
14:44:40.424590,91,0.4070731851617176,3.1815211341384737,0.8298210116320104,-0.6263600167294499,20.63999953866005,1.0,2.2565922492924244,1
14:44:40.424590,91,0.4004337532757313,3.1557508859382577,0.9463913336279488,-0.6263600167294499,74.35999833792448,1.0,1.274538702443881,1
14:44:40.424590,91,0.4256720183452396,3.1024614727221067,0.998582388610376,-0.6263600167294499,426.1199904754758,1.0,0.20085409697752715,1
14:44:40.424590,91,0.3859927217117134,3.0837294604510315,1.1403352564912164,-0.6263600167294499,263.99999409914017,1.0,0.21253009008898296,1
14:44:40.424590,91,0.3394767151906684,3.1887324926511407,0.8278887339422099,-0.2783200074336491,14.759999670088291,1.0,2.6241143705193766,1
14:44:40.424590,91,0.3930919421882686,3.1064158318623365,0.9975228212721688,-0.6263600167294499,328.35999266058207,1.0,0.41410582281472647,1
14:44:40.424590,91,0.3394812004995318,3.017080545422709,1.3838974041097658,-0.6958000185841229,57.51999871432781,1.0,2.1598953254896607,1
14:44:40.424590,91,0.3468805075004031,3.058254296433077,1.2787115114625631,-0.6958000185841229,94.35999789088964,1.0,0.9623538099995672,1
14:44:40.424590,91,0.3539624411237724,3.08730319916275,1.1393776760894516,-0.6263600167294499,188.7599957808852,1.0,0.3727282976582584,1
14:44:40.424590,91,0.3672051332711205,3.1594583278796877,0.9453979275537576,-0.6263600167294499,58.23999869823456,1.0,1.2474694430074453,1
14:44:40.424590,91,0.3604725571664114,3.1100552991684385,0.9965476289466192,-0.6263600167294499,242.23999458551407,1.0,0.8195228215610666,1
14:44:40.424590,91,0.3732936147005551,3.185290047691724,0.8288111342890745,-0.6263600167294499,17.759999603033066,1.0,2.339329466269167,1
14:44:40.424590,91,0.3624367716875061,2.9583163201348617,1.4270863838483925,-0.6958000185841229,24.63999944925308,1.0,4.506188944844632,1
14:44:40.424590,91,0.3702010646518101,3.013653014794673,1.384815808173581,-0.6958000185841229,79.11999823153019,1.0,2.0265380054027577,1
14:44:40.424590,91,0.3782699395272891,3.0547520596023574,1.2796499329930573,-0.6958000185841229,140.75999685376885,1.0,0.9498604109495572,1
14:44:40.424590,91,0.3341236975179109,3.173274957142345,0.9763352756653734,-0.6263600167294499,45.2399989888072,1.0,1.6990690676027553,1
14:44:40.485076,92,0.5621462501611735,3.050807193102151,0.732810538765893,-0.4174800111504737,68.11999847739935,1.0,0.4741316497280349,1
14:44:40.485076,92,0.5743968744606837,2.965681140502957,0.87207941716851,-0.4174800111504737,282.3599936887622,1.0,0.6662754478732413,1
14:44:40.485076,92,0.5431102778443544,2.906485573646655,1.3154572976773875,-0.6958000185841229,36.63999918103218,1.0,3.4109189183291218,1
14:44:40.485076,92,0.5543840661488666,2.9668178936267995,1.3012476798038044,-0.6958000185841229,50.519998870790005,1.0,3.5222847960432437,1
14:44:40.485076,92,0.5515357606587282,2.9932233211344665,0.7567286925776082,-0.4174800111504737,133.11999702453613,1.0,0.4163957787936077,1
14:44:40.485076,92,0.565249954198031,2.9595523361698337,1.043420170303318,-0.4174800111504737,141.1199968457222,1.0,1.4058478976541986,1
14:44:40.485076,92,0.5693041669805992,3.054015498765581,0.5836715534087653,-0.5566400148672983,16.359999634325504,1.0,0.31044714759884834,1
14:44:40.485076,92,0.5729288461350381,2.9010954737845567,1.3169015705825595,-0.6958000185841229,27.639999382197857,1.0,2.99442244048395,1
14:44:40.485076,92,0.5948658588022271,3.0452192072735427,0.7343078350559851,-0.4174800111504737,61.23999863117933,1.0,0.5222707550423938,1
14:44:40.485076,92,0.6024404007204588,3.048356360033724,0.5851879150618222,-0.5566400148672983,15.239999659359457,1.0,0.5259146387457008,1
14:44:40.485076,92,0.584821603072932,2.961315907013033,1.3027219326737298,-0.6958000185841229,35.879999198019505,1.0,3.096030804259827,1
14:44:40.485076,92,0.5962840646690359,2.953942511011918,1.0449233184240612,-0.4174800111504737,108.51999757438898,1.0,1.2476925211702627,1
14:44:40.485076,92,0.540925271156283,2.9356394491667817,0.7806468463893232,-0.4174800111504737,331.11999259889126,1.0,0.45411424571947623,1
14:44:40.485076,92,0.6059331814056421,2.959980536702733,0.8736068893531499,-0.4174800111504737,235.87999472767115,1.0,0.6892510912158372,1
14:44:40.485076,92,0.5836377879071984,2.9877408083299284,0.7581977274560774,-0.4174800111504737,120.63999730348588,1.0,0.45484207411690014,1
14:44:40.485076,92,0.5341593192051731,2.9648621193536258,1.041997418187237,-0.4174800111504737,180.11999597400427,1.0,1.6613590263714366,1
14:44:40.485076,92,0.4777972570500951,2.945479880961574,0.7780101106367352,-0.6263600167294499,399.5199910700321,1.0,0.6973681495961699,1
14:44:40.485076,92,0.5125444765252221,2.931228992621857,1.4029902618750845,-0.6958000185841229,48.51999891549349,1.0,5.061124311042123,1
14:44:40.485076,92,0.6156814518658501,2.981948493051713,0.7597497736571817,-0.4174800111504737,109.51999755203724,1.0,0.5972356692004602,1
14:44:40.485076,92,0.4430051983593854,2.885103036564155,1.442123881078269,-0.6958000185841229,17.759999603033066,1.0,6.830597237254191,1
14:44:40.485076,92,0.452728607921101,2.940553125236817,1.4004918680707854,-0.6958000185841229,69.99999843537807,1.0,6.531663533275777,1
14:44:40.485076,92,0.462751030050343,2.981556154557158,1.2972985746896757,-0.7655200204462744,124.87999720871449,1.0,5.360087955680367,1
14:44:40.485076,92,0.4718209171452083,2.974579465960404,1.039393663011377,-0.6263600167294499,233.11999478936195,1.0,2.464287306972109,1
14:44:40.485076,92,0.4871694625109165,3.0032567773705745,0.7540402360818501,-0.6263600167294499,159.35999643802643,1.0,0.6512975143154274,1
14:44:40.485076,92,0.4958676866854105,3.048132089584051,0.6991510201156672,-0.6263600167294499,76.2399982959032,1.0,0.527498313628477,1
14:44:40.485076,92,0.5028642289702353,3.064372195197398,0.5808964849636058,-0.5566400148672983,16.99999962002039,1.0,0.21077113910012418,1
14:44:40.485076,92,0.4826606750547276,2.936035504360589,1.4017023609362804,-0.6958000185841229,61.35999862849712,1.0,5.751757547174943,1
14:44:40.485076,92,0.4933457277462209,2.9769385234261123,1.298535865222184,-0.7655200204462744,101.23999773710966,1.0,4.654386926120052,1
14:44:40.485076,92,0.5030152687279139,2.969871329589425,1.0406552043498365,-0.7655200204462744,216.51999516040087,1.0,2.014193328244612,1
14:44:40.485076,92,0.5093867332264681,2.940712108779106,0.779287631342723,-0.6263600167294499,374.1199916377664,1.0,0.5255137487492021,1
14:44:40.485076,92,0.5193785802962694,2.9983954832186406,0.7553428159240307,-0.5566400148672983,146.5199967250228,1.0,0.48189313495234054,1
14:44:40.485076,92,0.5286518859332091,3.0431839988868377,0.7004768570220614,-0.6263600167294499,73.75999835133553,1.0,0.3991539440707015,1
14:44:40.485076,92,0.5361110033010053,3.0593542884449705,0.5822410290256133,-0.5566400148672983,17.11999961733818,1.0,0.20540649567574268,1
14:44:40.485076,92,0.5238910912826497,2.972025606020118,1.299852277473601,-0.6958000185841229,72.35999838262796,1.0,4.04175640576128,1
14:44:40.485076,92,0.6275259813557794,3.03931545896625,0.735889739647241,-0.4174800111504737,54.239998787641525,1.0,0.6778661659453775,1
14:44:40.485076,92,0.8248149325544246,2.911590897671721,0.8865728540535431,-0.4174800111504737,65.99999852478504,1.0,3.6649506665499625,1
14:44:40.485076,92,0.6026901220211088,2.895417622979879,1.3184229461204175,-0.6958000185841229,21.119999527931213,1.0,2.667929906813579,1
14:44:40.485076,92,0.7575063870795935,3.012555120725859,0.7430601506679373,-0.4174800111504737,32.87999926507473,1.0,2.373673142787114,1
14:44:40.485076,92,0.7626429705659846,2.9269250743393007,0.8824640737988689,-0.4174800111504737,92.999997921288,1.0,2.313301429792187,1
14:44:40.485076,92,0.7776025512415309,2.98433800997334,0.8605431101355967,-0.4174800111504737,66.23999851942062,1.0,2.4679307781794417,1
14:44:40.485076,92,0.7898202198108739,3.005082044960663,0.7450625552841981,-0.4174800111504737,29.11999934911728,1.0,3.0653978193526967,1
14:44:40.485076,92,0.7937686396596777,2.919408121012671,0.8844782353722818,-0.4174800111504737,78.11999825388193,1.0,2.939157399442964,1
14:44:40.485076,92,0.8093387641622284,2.9766736082677654,0.8625967803830732,-0.4174800111504737,59.35999867320061,1.0,3.1230800215183505,1
14:44:40.485076,92,0.7457885787171853,2.9916954853011166,0.8585716805631871,-0.4174800111504737,73.63999835401773,1.0,1.9163593959318632,1
14:44:40.485076,92,0.8249088886647791,3.03393909552286,0.8407153253938644,-0.4174800111504737,25.999999418854717,1.0,3.4091093506240946,1
14:44:40.485076,92,0.8557787446469469,2.9034741860322337,0.8887477203825398,-0.4174800111504737,56.11999874562025,1.0,4.490441530384382,1
14:44:40.485076,92,0.8725652249071172,2.9604271220739578,0.8669500132385473,-0.4174800111504737,47.23999894410372,1.0,4.743212265106308,1
14:44:40.485076,92,0.8866569795819765,2.895058797758575,0.8910026168744611,-0.4174800111504737,47.9999989271164,1.0,5.415358732655951,1
14:44:40.485076,92,0.9040491501382054,2.9518466622207327,0.8692491405269065,-0.4174800111504737,41.999999061226845,1.0,5.707663325068996,1
14:44:40.485076,92,0.9354426712116928,2.942962525097264,0.8716296378945874,-0.4174800111504737,37.239999167621136,1.0,6.77462856671028,1
14:44:40.485076,92,0.4695671686378685,3.0690687172363904,0.5796380556760228,-0.5566400148672983,15.999999642372131,1.0,0.3264844419607692,1
14:44:40.485076,92,0.8409940438845742,2.968703046618142,0.864732485940312,-0.4174800111504737,52.999998815357685,1.0,3.881590381513458,1
14:44:40.485076,92,0.7314410378141779,2.934141005962574,0.8805305707477746,-0.4174800111504737,111.11999751627444,1.0,1.7875908099485585,1
14:44:40.485076,92,0.7177771239216205,2.887551724885564,0.932131305676142,-0.4174800111504737,42.11999905854464,1.0,1.676081280360971,1
14:44:40.485076,92,0.7251168043442445,3.019715700393659,0.7411414791286115,-0.4174800111504737,37.11999917030335,1.0,1.7889068259324188,1
14:44:40.485076,92,0.615200658326654,2.955520196372872,1.3042748886593256,-0.6958000185841229,26.359999410808086,1.0,2.7630234349847997,1
14:44:40.485076,92,0.6255015785962363,2.907015798137858,0.9269159229667696,-0.4174800111504737,83.75999812781811,1.0,0.8596689650730336,1
14:44:40.485076,92,0.6374088955401113,2.9539756056806104,0.8752159057711322,-0.4174800111504737,195.23999563604596,1.0,0.8129352713403466,1
14:44:40.485076,92,0.6476635481951337,2.9758469545264945,0.7613846759776013,-0.4174800111504737,99.35999777913094,1.0,0.8435472289612207,1
14:44:40.485076,92,0.6601233518369379,3.033096538550158,0.7375560943505262,-0.4174800111504737,47.8799989297986,1.0,0.9408866407662825,1
14:44:40.485076,92,0.6323911293999114,2.889452589012945,1.3200212721546816,-0.6958000185841229,16.519999630749226,1.0,2.4314413388496057,1
14:44:40.485076,92,0.645518194029959,2.949431341272522,1.3059063924662944,-0.6958000185841229,19.999999552965164,1.0,2.5232619926193554,1
14:44:40.485076,92,0.6563267511393643,2.900824991243288,0.9285747446746666,-0.4174800111504737,65.51999853551388,1.0,1.0346062540814716,1
14:44:40.485076,92,0.6688208693190482,2.947666947924661,0.8769063055221631,-0.4174800111504737,161.35999639332294,1.0,1.037279125114363,1
14:44:40.485076,92,0.6795808787122106,2.9694368029030143,0.763102270928474,-0.4174800111504737,90.11999798566104,1.0,1.1937144439264218,1
14:44:40.485076,92,0.6926547105359647,3.026563067912098,0.7393067325317668,-0.4174800111504737,42.11999905854464,1.0,1.31126673548494,1
14:44:40.485076,92,0.6870862915572495,2.894336750552979,0.9303132635279336,-0.4174800111504737,52.11999883502722,1.0,1.3067785050879053,1
14:44:40.485076,92,0.7001659615713919,2.941055194295374,0.8786779195676842,-0.4174800111504737,133.63999701291323,1.0,1.3622018648950753,1
14:44:40.485076,92,0.7139000279597902,2.998745298509728,0.8566826888071495,-0.4174800111504737,81.6399981752038,1.0,1.468549688423169,1
14:44:40.485076,92,0.6355163909249713,3.042377438158531,0.5867899623498891,-0.5566400148672983,13.879999689757824,1.0,0.8517954059845113,1
14:44:40.485076,92,0.4630339010843819,3.0527632671162275,0.6979100998359153,-0.6263600167294499,74.35999833792448,1.0,0.763079906695149,1
14:44:40.485076,92,0.0664500496032041,3.32205954228935,-0.4344040228967537,-0.6263600167294499,18.759999580681324,1.0,3.5708662432882115,1
14:44:40.485076,92,0.4461600015483162,2.949942288940963,0.7768144120223597,-0.6263600167294499,397.2399911209941,1.0,0.9696096170481071,1
14:44:40.485076,92,0.1954831228075756,3.2541415186065525,-0.4262046631688457,-0.6263600167294499,72.87999837100506,1.0,1.5334021857871973,1
14:44:40.485076,92,0.1989733990981844,3.3122429691336044,-0.4676089889995704,-0.6263600167294499,27.119999393820763,1.0,1.7020373340191517,1
14:44:40.485076,92,0.2202119533728976,3.140745160415061,-0.2841285708139828,-0.6263600167294499,41.35999907553196,1.0,1.1403348679791327,1
14:44:40.485076,92,0.2236276648442488,3.1894613136878784,-0.4180053034409377,-0.6263600167294499,108.75999756902456,1.0,1.3638985225148081,1
14:44:40.485076,92,0.2280142208378598,3.252024014289757,-0.4262046631688457,-0.6263600167294499,86.23999807238579,1.0,1.357392746324447,1
14:44:40.485076,92,0.2320853274248739,3.310087657588205,-0.4676089889995704,-0.6263600167294499,29.35999934375286,1.0,1.530627255975765,1
14:44:40.485076,92,0.1923879794574565,3.202617712678937,-0.3219128600964245,-0.6263600167294499,87.75999803841114,1.0,1.3911549081610652,1
14:44:40.485076,92,0.2501393972864196,3.567581547792367,-1.2650833169456857,-0.4174800111504737,7.999999821186066,0.7999999821186066,7.111750844325995,1
14:44:40.485076,92,0.2469694152853248,3.080529097465176,0.2166829465082357,-0.6263600167294499,19.35999956727028,1.0,1.4176726784267237,1
14:44:40.485076,92,0.2516078703147409,3.1383860416899982,-0.2841285708139828,-0.6263600167294499,51.51999884843826,1.0,0.9977686187320929,1
14:44:40.485076,92,0.2555105644044709,3.1870656026308914,-0.4180053034409377,-0.6263600167294499,135.87999696284533,1.0,1.3174368557478404,1
14:44:40.485076,92,0.2605225176370908,3.249581310296081,-0.4262046631688457,-0.6263600167294499,101.75999772548676,1.0,1.2856188624919218,1
14:44:40.485076,92,0.2651740474132623,3.307601340050241,-0.4676089889995704,-0.6263600167294499,31.239999301731583,1.0,1.4666942671216452,1
14:44:40.485076,92,0.2721133621330167,3.0153140567369587,0.2122765470150082,-0.6958000185841229,19.759999558329586,1.0,0.9433309973860654,1
14:44:40.485076,92,0.2413294071005882,3.010179458004961,0.3029944271647227,-0.6958000185841229,15.519999653100967,1.0,1.7185211718570457,1
14:44:40.485076,92,0.1887940154202108,3.142790207255401,-0.2841285708139828,-0.6263600167294499,33.7599992454052,1.0,1.3808206500700966,1
14:44:40.485076,92,0.1658415735982851,3.31406705915709,-0.4676089889995704,-0.6263600167294499,24.879999443888664,1.0,1.9803685008413172,1
14:44:40.485076,92,0.1629324766287867,3.25593361149781,-0.4262046631688457,-0.6263600167294499,61.519998624920845,1.0,1.8131094594545427,1
14:44:40.485076,92,0.4549116281874637,3.0078067174649257,0.7528210833079587,-0.6263600167294499,169.11999621987343,1.0,0.9245393242995882,1
14:44:40.485076,92,-0.0325995336608687,3.259844773118293,-0.4262046631688457,-0.6263600167294499,23.9999994635582,1.0,5.635124755507645,1
14:44:40.485076,92,0.0,3.260007772141282,-0.4262046631688457,-0.6263600167294499,27.759999379515648,1.0,4.746194368853243,1
14:44:40.485076,92,0.0321139614504322,3.211289169574093,-0.289813389194049,-0.6263600167294499,33.99999924004078,1.0,4.250286691708336,1
14:44:40.485076,92,0.0325995336608687,3.259844773118293,-0.4262046631688457,-0.6263600167294499,32.239999279379845,1.0,3.9571111217071246,1
14:44:40.485076,92,0.0642247115316244,3.210807472205798,-0.289813389194049,-0.6263600167294499,40.3599990978837,1.0,3.479901320375614,1
14:44:40.485076,92,0.0651958073956832,3.2593557923490937,-0.4262046631688457,-0.6263600167294499,37.75999915599823,1.0,3.268589654661071,1
14:44:40.485076,92,0.0977855616043793,3.2585408787313503,-0.4262046631688457,-0.6263600167294499,44.23999901115894,1.0,2.681315875064503,1
14:44:40.485076,92,0.0995314853564138,3.316720878148541,-0.4676089889995704,-0.6263600167294499,20.63999953866005,1.0,2.855414175638886,1
14:44:40.485076,92,0.1283014203952189,3.2058247135065194,-0.3219128600964245,-0.6263600167294499,58.51999869197607,1.0,2.176033941017851,1
14:44:40.485076,92,0.1303655373388397,3.2574001137557413,-0.4262046631688457,-0.6263600167294499,51.99999883770943,1.0,2.195946641620262,1
14:44:40.485076,92,0.1326931640799682,3.3155597452511887,-0.4676089889995704,-0.6263600167294499,22.75999949127436,1.0,2.365033514827608,1
14:44:40.485076,92,0.1473404660643679,3.681546984855679,-1.1397475864697668,-0.4174800111504737,6.999999843537808,0.6999999843537809,5.948687071324461,1
14:44:40.485076,92,0.1603527174950406,3.2043814308219525,-0.3219128600964245,-0.6263600167294499,71.3599984049797,1.0,1.733567445180321,1
14:44:40.485076,92,0.2777618437852012,3.077905419364447,0.2166829465082357,-0.6263600167294499,25.23999943584204,1.0,0.9554427277956615,1
14:44:40.485076,92,0.2829786266803499,3.135713086990109,-0.2841285708139828,-0.6263600167294499,65.23999854177237,1.0,0.9536025987014847,1
14:44:40.485076,92,0.096329039195471,3.2100046967803,-0.289813389194049,-0.6263600167294499,48.35999891906977,1.0,2.807737866454465,1
14:44:40.485076,92,0.2930047624028239,3.2468136508938774,-0.4262046631688457,-0.6263600167294499,119.23999733477832,1.0,1.3185877896216547,1
14:44:40.485076,92,0.3827548118262432,3.174298593078344,-0.4180053034409377,-0.6263600167294499,317.9999928921461,1.0,2.150237389486288,1
14:44:40.485076,92,0.3902627175009245,3.2365638701793538,-0.4262046631688457,-0.6263600167294499,167.1199962645769,1.0,2.0505618112383637,1
14:44:40.485076,92,0.3972307088571032,3.294351478525715,-0.4676089889995704,-0.6263600167294499,57.999998703598976,1.0,2.2957449076916703,1
14:44:40.485076,92,0.4028355133764847,3.340833776202036,-0.5776308499515445,-0.5566400148672983,12.359999723732471,1.0,3.1328239719497133,1
14:44:40.485076,92,0.3924760992756819,3.0020204952838307,0.2122765470150082,-0.6958000185841229,57.999998703598976,1.0,0.1758719960107788,1
14:44:40.485076,92,0.4014258745842218,3.070476661032537,0.0929260619646463,-0.7655200204462744,95.7599978595972,1.0,0.19851518308488936,1
14:44:40.485076,92,0.3779672731328915,3.134594122046081,-0.1579966528328129,-0.6263600167294499,143.51999679207802,1.0,0.7391033493975006,1
14:44:40.485076,92,0.4092937930176835,3.1306577840004417,-0.1579966528328129,-0.6263600167294499,183.23999590426683,1.0,0.9737906045946908,1
14:44:40.485076,92,0.430153812481175,3.290214521536793,-0.4676089889995704,-0.6263600167294499,67.75999848544598,1.0,2.7764255938549542,1
14:44:40.485076,92,0.4362231519820416,3.3366384480078906,-0.5776308499515445,-0.5566400148672983,14.359999679028988,1.0,3.7089670674144095,1
14:44:40.485076,92,0.422476179582747,2.997945700023934,0.2122765470150082,-0.6958000185841229,68.51999846845865,1.0,0.2144358520054953,1
14:44:40.485076,92,0.4321100576391533,3.0663089467335656,0.0929260619646463,-0.7655200204462744,121.87999727576972,1.0,0.32124541942974605,1
14:44:40.485076,92,0.4405793838660803,3.126408382799269,-0.1579966528328129,-0.6263600167294499,218.99999510496852,1.0,1.3089006520845192,1
14:44:40.485076,92,0.2873679131223194,3.184351187683768,-0.4180053034409377,-0.6263600167294499,170.23999619483948,1.0,1.3723987983155332,1
14:44:40.485076,92,0.4144781304201756,3.1703123952378407,-0.4180053034409377,-0.6263600167294499,366.879991799593,1.0,2.615154791413093,1
14:44:40.485076,92,0.3707015492781468,3.074337330237852,0.0929260619646463,-0.6263600167294499,67.87999848276377,1.0,0.17222709985858298,1
14:44:40.485076,92,0.4226083030823174,3.232499481297321,-0.4262046631688457,-0.6263600167294499,172.239996150136,1.0,2.5069566726664854,1
14:44:40.485076,92,0.3694075915570859,3.3446950238175144,-0.5776308499515445,-0.5566400148672983,10.239999771118164,1.0,2.6694395130352486,1
14:44:40.485076,92,0.2982362502190723,3.3047842651493835,-0.4676089889995704,-0.6263600167294499,32.75999926775694,1.0,1.5107628555269077,1
14:44:40.485076,92,0.3624367716875061,3.005795091009293,0.2122765470150082,-0.6958000185841229,45.11999899148941,1.0,0.229841039121585,1
14:44:40.485076,92,0.3022523939224965,3.0124422040887278,0.2122765470150082,-0.6958000185841229,25.75999942421913,1.0,0.6139592206493295,1
14:44:40.485076,92,0.3085264963334083,3.0749739533004536,0.2166829465082357,-0.6263600167294499,34.11999923735857,1.0,0.587308998605337,1
14:44:40.485076,92,0.3143210854203707,3.132726563608624,-0.2841285708139828,-0.6263600167294499,84.11999811977148,1.0,1.0082887833070702,1
14:44:40.485076,92,0.3191965252896129,3.1813183402857272,-0.4180053034409377,-0.6263600167294499,212.999995239079,1.0,1.5292404047898671,1
14:44:40.485076,92,0.3254577069377965,3.2437213128467675,-0.4262046631688457,-0.6263600167294499,137.51999692618847,1.0,1.4567760662024498,1
14:44:40.485076,92,0.3312686296497231,3.301636714590761,-0.4676089889995704,-0.6263600167294499,37.51999916136265,1.0,1.663325737241916,1
14:44:40.485076,92,0.3038654483170599,3.3671619448780308,-0.4764350912240476,-0.6263600167294499,6.8799998462200165,0.6879999846220016,1.6812895131993248,1
14:44:40.485076,92,0.3642678824949458,3.2981590031267944,-0.4676089889995704,-0.6263600167294499,47.23999894410372,1.0,1.9248436081835782,1
14:44:40.485076,92,0.3359427292880216,3.3482218047328,-0.5776308499515445,-0.5566400148672983,8.359999813139439,0.8359999813139438,2.3184146742593974,1
14:44:40.485076,92,0.3323612007258113,3.0092691097439133,0.2122765470150082,-0.6958000185841229,33.99999924004078,1.0,0.37599515507383874,1
14:44:40.485076,92,0.3399401541277181,3.077890568285826,0.0929260619646463,-0.6263600167294499,47.63999893516302,1.0,0.24202557398646374,1
14:44:40.485076,92,0.3456321123151878,3.1294267701953777,-0.2841285708139828,-0.6263600167294499,109.75999754667282,1.0,1.1622502028011465,1
14:44:40.485076,92,0.3509932180718004,3.17796736371897,-0.4180053034409377,-0.6263600167294499,263.6399941071868,1.0,1.7883878859653506,1
14:44:40.485076,92,0.3578781059747439,3.2403046053859645,-0.4262046631688457,-0.6263600167294499,154.51999654620886,1.0,1.7006292742986973,1
14:44:40.534151,93,0.5241007245751922,2.941136113117837,1.1798526313293831,-0.7655200204462744,109.63999754935504,1.0,0.44973412302175264,1
14:44:40.534151,93,0.5341593192051731,2.9648621193536258,1.041997418187237,-0.6958000185841229,184.35999587923288,1.0,0.4278108808788866,1
14:44:40.534151,93,0.544546841698708,3.014162349373287,0.9921829002658688,-0.7655200204462744,128.87999711930752,1.0,0.9588924741314524,1
14:44:40.534151,93,0.5539780739405439,3.0407957216782644,0.8792989863729403,-0.6958000185841229,32.35999927669764,1.0,1.4380948609747388,1
14:44:40.534151,93,0.5621462501611735,3.050807193102151,0.732810538765893,-0.6958000185841229,13.519999697804453,1.0,1.8510510293464701,1
14:44:40.534151,93,0.5431102778443544,2.906485573646655,1.3154572976773875,-0.7655200204462744,54.35999878495932,1.0,1.3453136400447119,1
14:44:40.534151,93,0.5132373989809043,2.911587383560703,1.314090271830981,-0.7655200204462744,71.75999839603901,1.0,1.081533093281727,1
14:44:40.534151,93,0.5546059011047452,2.9359263168755785,1.1812485920252274,-0.7655200204462744,76.11999829858541,1.0,0.6997323729835488,1
14:44:40.534151,93,0.565249954198031,2.9595523361698337,1.043420170303318,-0.7655200204462744,128.11999713629484,1.0,0.6088822965340879,1
14:44:40.534151,93,0.5762420803345524,3.0087493095574858,0.9936333199131104,-0.7655200204462744,99.75999777019024,1.0,1.451634139444974,1
14:44:40.534151,93,0.531073779573331,2.865152858157148,1.416768792439958,-0.6958000185841229,32.51999927312136,1.0,2.498523659152057,1
14:44:40.534151,93,0.5018629483076866,2.870141600930479,1.415432062842597,-0.6958000185841229,39.63999911397696,1.0,2.371805459728673,1
14:44:40.534151,93,0.4629361983490048,2.950670475272445,1.1772979066897102,-0.7655200204462744,179.99999597668648,1.0,0.34194817505054187,1
14:44:40.534151,93,0.5216784949988684,3.04599078715521,0.8779069727737658,-0.6958000185841229,33.2399992570281,1.0,1.0642292729077034,1
14:44:40.534151,93,0.4723168291325374,3.0022787064714063,1.130090870597225,-0.6958000185841229,320.2399928420782,1.0,0.6747806281603428,1
14:44:40.534151,93,0.5127971488349157,3.019268971153037,0.9908145850839336,-0.6958000185841229,161.35999639332294,1.0,0.5877227535075549,1
14:44:40.534151,93,0.5030152687279139,2.969871329589425,1.0406552043498365,-0.6958000185841229,259.11999420821667,1.0,0.38362980551029846,1
14:44:40.534151,93,0.4935431384122737,2.9460509964115302,1.178535692319945,-0.7655200204462744,151.51999661326408,1.0,0.32815022187079146,1
14:44:40.534151,93,0.483313196807547,2.9164003933499845,1.31280062974478,-0.7655200204462744,89.87999799102545,1.0,0.9408930117419732,1
14:44:40.534151,93,0.4726019311676727,2.874847944014359,1.4141710020139675,-0.6958000185841229,46.51999896019697,1.0,2.3723164052319285,1
14:44:40.534151,93,0.4965416679717379,3.0610336737795736,0.7300703615269653,-0.6263600167294499,11.239999748766422,1.0,1.694091236236467,1
14:44:40.534151,93,0.4893267486447555,3.0508736081130574,0.8765986248413249,-0.6263600167294499,31.999999284744263,1.0,0.8233200482661243,1
14:44:40.534151,93,0.4812610667725502,3.034094579039723,1.020173939542961,-0.6958000185841229,184.99999586492777,1.0,1.0496523488918734,1
14:44:40.534151,93,0.5862222555389488,3.035288931184417,0.880774526438654,-0.5566400148672983,29.999999329447743,1.0,1.9371084702582575,1
14:44:40.534151,93,0.5293704273660705,3.0560788576581746,0.7313980005053387,-0.6263600167294499,12.639999717473984,1.0,1.6978141609669688,1
14:44:40.534151,93,0.5948658588022271,3.0452192072735427,0.7343078350559851,-0.6958000185841229,13.759999692440031,1.0,2.145784713400581,1
14:44:40.534151,93,0.6578080420681848,2.9320137849300703,1.0181210580717206,-0.7655200204462744,50.519998870790005,1.0,2.094335430455688,1
14:44:40.534151,93,0.5729288461350381,2.9010954737845567,1.3169015705825595,-0.7655200204462744,40.8799990862608,1.0,1.7259147762974254,1
14:44:40.534151,93,0.453340663719429,2.920924121717551,1.3115885003819128,-0.7655200204462744,100.51999775320292,1.0,0.9300774601253434,1
14:44:40.534151,93,0.7457885787171853,2.9916954853011166,0.8585716805631871,-0.4174800111504737,18.35999958962202,1.0,4.842863139475414,1
14:44:40.534151,93,0.7321383427711396,2.945325594905022,0.9107654868019674,-0.2783200074336491,34.23999923467636,1.0,3.654014485853629,1
14:44:40.534151,93,0.7139000279597902,2.998745298509728,0.8566826888071495,-0.4174800111504737,19.759999558329586,1.0,3.928889036600446,1
14:44:40.534151,93,0.7008334510482724,2.9522463747435603,0.9089110694332376,-0.2783200074336491,40.8799990862608,1.0,2.956093645969916,1
14:44:40.534151,93,0.6886370049621714,2.9255109006616014,1.01986350065993,-0.7655200204462744,39.35999912023544,1.0,2.6557087776056574,1
14:44:40.534151,93,0.6759401789847593,2.903693555723369,1.1578162192204686,-0.7655200204462744,22.63999949395657,1.0,2.6083834998651563,1
14:44:40.534151,93,0.6621944619815187,2.876063451568724,1.2921981971688328,-0.7655200204462744,18.879999577999115,1.0,3.144628621458723,1
14:44:40.534151,93,0.6926547105359647,3.026563067912098,0.7393067325317668,-0.5566400148672983,11.519999742507936,1.0,3.805380770366372,1
14:44:40.534151,93,0.6819400877977052,3.0054867446237568,0.8548763237650774,-0.4174800111504737,21.239999525249004,1.0,3.117325506212716,1
14:44:40.534151,93,0.6694584765674592,2.9588644315583967,0.9071377664542388,-0.5566400148672983,49.63999889045954,1.0,2.3759111136033657,1
14:44:40.534151,93,0.6456796287292288,2.9100765422963715,1.156105903122934,-0.7655200204462744,29.23999934643507,1.0,1.9990008956744623,1
14:44:40.534151,93,0.6325492812114942,2.882316635638788,1.290522661547136,-0.7655200204462744,23.87999946624041,1.0,2.5296765185506427,1
14:44:40.534151,93,0.6601233518369379,3.033096538550158,0.7375560943505262,-0.5566400148672983,12.519999720156193,1.0,3.1298654442337055,1
14:44:40.534151,93,0.6499119541981706,3.0119191495042417,0.8531527660719616,-0.4174800111504737,23.9999994635582,1.0,2.4137932924964978,1
14:44:40.534151,93,0.6380165567998621,2.965179103549394,0.9054457551937836,-0.5566400148672983,61.35999862849712,1.0,1.9188635676305514,1
14:44:40.534151,93,0.6272585472331413,2.948033204857695,1.0465067122359135,-0.7655200204462744,66.63999851047993,1.0,1.3547530263767842,1
14:44:40.534151,93,0.6153545110517762,2.9161669201307063,1.1544739913006237,-0.7655200204462744,38.99999912828207,1.0,1.5017839278325633,1
14:44:40.534151,93,0.6028408460432992,2.8882831613738453,1.288923935794808,-0.7655200204462744,30.999999307096004,1.0,2.0218031941202486,1
14:44:40.534151,93,0.590129940730224,2.8350765473115174,1.3326271466666724,-0.6958000185841229,21.119999527931213,1.0,4.636924338294401,1
14:44:40.534151,93,0.6275259813557794,3.03931545896625,0.735889739647241,-0.6958000185841229,13.23999970406294,1.0,2.5744356150941083,1
14:44:40.534151,93,0.6178188299477126,3.018041869916083,0.851512188082127,-0.5566400148672983,26.99999939650297,1.0,1.824350797078128,1
14:44:40.534151,93,0.6078796952451393,3.0030303930050786,0.9951656989849088,-0.7655200204462744,77.63999826461077,1.0,2.0588137019084614,1
14:44:40.534151,93,0.5962840646690359,2.953942511011918,1.0449233184240612,-0.7655200204462744,90.8799979686737,1.0,0.9200088854253702,1
14:44:40.534151,93,0.585055617508837,2.930422128660013,1.182723434812577,-0.7655200204462744,53.63999880105257,1.0,1.0715572348270146,1
14:44:40.534151,93,0.5609888957172322,2.8406360705829514,1.3311374768957895,-0.6958000185841229,26.239999413490292,1.0,4.538230775778666,1
14:44:40.534151,93,0.4432936542304881,2.879271416778421,1.412985736059096,-0.6958000185841229,51.35999885201454,1.0,2.5064340781400523,1
14:44:40.534151,93,0.4307384757444591,3.06999081054278,0.7276703039647687,-0.6263600167294499,7.879999823868275,0.7879999823868274,2.1694191426521012,1
14:44:40.534151,93,0.4569260700257366,3.0554436962738016,0.8753740734093145,-0.6263600167294499,28.639999359846115,1.0,0.7235977742075703,1
14:44:40.534151,93,0.3268989003055196,3.070588050879048,0.8713161558229481,-0.6263600167294499,17.879999600350857,1.0,1.9157325925601958,1
14:44:40.534151,93,0.321510552863773,3.0534840642511165,1.0149785426389129,-0.6958000185841229,71.51999840140343,1.0,1.132931234338033,1
14:44:40.534151,93,0.3155826165466477,3.0299445235278024,1.155401688191848,-0.6958000185841229,83.51999813318253,1.0,1.1903860702666087,1
14:44:40.534151,93,0.3091447652466788,3.0001998905108893,1.2923030006969742,-0.6958000185841229,45.99999897181988,1.0,1.6871542960183985,1
14:44:40.534151,93,0.3022523939224965,2.9647369383285507,1.4253659843884847,-0.7655200204462744,36.87999917566776,1.0,2.4968983257162147,1
14:44:40.534151,93,0.2959533942797954,2.9029512344243398,1.4373414708752816,-0.7655200204462744,28.759999357163903,1.0,4.466018336518196,1
14:44:40.534151,93,0.2943022474870132,3.073588246973529,0.8705122557022968,-0.6263600167294499,16.759999625384808,1.0,2.6598830918166847,1
14:44:40.534151,93,0.289451197939692,3.056434807444609,1.014187893383145,-0.6958000185841229,55.63999875634909,1.0,1.6332706515464879,1
14:44:40.534151,93,0.2841143645044636,3.0328408616089786,1.1546256167419893,-0.6958000185841229,61.519998624920845,1.0,1.5397516928416304,1
14:44:40.534151,93,0.2721133621330167,2.967510934970774,1.4246226942283944,-0.7655200204462744,28.639999359846115,1.0,2.795756492416799,1
14:44:40.534151,93,0.2657622149762306,2.9213765414772954,1.5243652142395363,-0.7655200204462744,23.519999474287037,1.0,4.000746071267875,1
14:44:40.534151,93,0.2573628981383195,3.0590757386812792,1.013480257991013,-0.6958000185841229,44.359999008476734,1.0,2.3180736564516726,1
14:44:40.534151,93,0.2525798082945706,3.059521078499263,1.2456547723407312,-0.6958000185841229,46.75999895483256,1.0,4.135314359049042,1
14:44:40.534151,93,0.2474643274365149,3.0055765005899397,1.2908623423682757,-0.6958000185841229,26.6399994045496,1.0,2.422943124730328,1
14:44:40.534151,93,0.2419471192353004,2.969993677080973,1.4239574454849515,-0.6958000185841229,22.75999949127436,1.0,3.2546214196117855,1
14:44:40.534151,93,0.2290239144963999,3.078643357919681,0.8691577428066257,-0.6263600167294499,14.51999967545271,1.0,4.756821889642518,1
14:44:40.534151,93,0.2254856122813907,3.08968874480453,1.105359884320884,-0.6958000185841229,36.23999918997288,1.0,3.747552807867143,1
14:44:40.534151,93,0.2210626118233978,3.0618086147410564,1.2450418288520857,-0.6958000185841229,36.63999918103218,1.0,4.23753934682234,1
14:44:40.534151,93,0.1963487621029017,3.080697767264493,0.8686072654817605,-0.6263600167294499,13.519999697804453,1.0,6.13211259444161,1
14:44:40.534151,93,0.1933152742621639,3.0917114145768547,1.1048179115888348,-0.6958000185841229,30.119999326765537,1.0,4.136994456089588,1
14:44:40.534151,93,0.161149777544473,3.1022344843467127,1.13537685028245,-0.6958000185841229,25.51999942958355,1.0,5.441172474719348,1
14:44:40.534151,93,0.4636632548266111,3.0656711459888872,0.7288277545935578,-0.6263600167294499,9.63999978452921,0.963999978452921,1.84833291074757,1
14:44:40.534151,93,0.2616761646903248,3.0762734388260524,0.8697927607138907,-0.6263600167294499,15.639999650418758,1.0,3.6032263725646674,1
14:44:40.534151,93,0.3254347275970115,2.8999501353068684,1.4381456129602137,-0.7655200204462744,35.23999921232462,1.0,3.696695861181162,1
14:44:40.534151,93,0.2783184621481165,3.0030371436079646,1.29154276102089,-0.6958000185841229,34.35999923199415,1.0,1.9724837614756443,1
14:44:40.534151,93,0.3399401541277181,2.997065025021644,1.2931429853731975,-0.6958000185841229,63.51999858021736,1.0,1.5573738797007226,1
14:44:40.534151,93,0.4493944557615424,3.03858933741861,1.018969572665165,-0.6958000185841229,183.6399958953261,1.0,0.7751050912009027,1
14:44:40.534151,93,0.3323612007258113,2.961671964551643,1.4261872416368298,-0.7655200204462744,48.119998924434185,1.0,2.3488911288376944,1
14:44:40.534151,93,0.4410424591344496,3.0066899297591534,1.1289088868796398,-0.6958000185841229,310.9999930486083,1.0,0.4531367861004757,1
14:44:40.534151,93,0.4322181220714985,2.9786030721938297,1.2660271496888018,-0.7655200204462744,167.3599962592125,1.0,1.0272442657579535,1
14:44:40.534151,93,0.4233227969447483,2.9251581162943574,1.3104540049542996,-0.7655200204462744,96.51999784260988,1.0,1.0561313557859027,1
14:44:40.534151,93,0.4136716924794162,2.889240502618847,1.441015250390203,-0.6958000185841229,52.11999883502722,1.0,2.3430078088414374,1
14:44:40.534151,93,0.4048672053760855,2.827746614576232,1.4529125450525466,-0.6958000185841229,9.879999779164793,0.9879999779164793,8.29760016776198,1
14:44:40.534151,93,0.4244796991825282,3.0597005946324565,0.8742334409318515,-0.6263600167294499,23.9999994635582,1.0,0.7737111772972773,1
14:44:40.534151,93,0.4097854535875119,3.019433959170977,1.1582179854232546,-0.6958000185841229,241.2399946078658,1.0,1.0834019123633154,1
14:44:40.534151,93,0.4015262653492567,2.982629781841461,1.2649481960905642,-0.6958000185841229,127.63999714702368,1.0,0.8876250606522074,1
14:44:40.534151,93,0.3927316539182072,2.948719916302569,1.398303582999963,-0.7655200204462744,81.1199981868267,1.0,1.6801912400242713,1
14:44:40.534151,93,0.3842968197767735,2.89309442662156,1.439982594565985,-0.6958000185841229,48.51999891549349,1.0,2.643091167914145,1
14:44:40.534151,93,0.4174829056814615,3.042776068372727,1.017847741487083,-0.6958000185841229,157.51999647915363,1.0,0.6371765545207504,1
14:44:40.534151,93,0.3919908807250309,3.0636438775027512,0.8731768414712284,-0.6263600167294499,20.119999550282955,1.0,0.9827228032562652,1
14:44:40.534151,93,0.3470193105915725,3.026744375361526,1.1562591653086614,-0.6958000185841229,117.35999737679958,1.0,1.004216952905115,1
14:44:40.534151,93,0.3977706231756058,3.073992235478416,0.7265981253846916,-0.6263600167294499,6.519999854266644,0.6519999854266645,2.6666547466385744,1
14:44:40.534151,93,0.3594628635078715,3.067273150559703,0.8722043806865063,-0.6263600167294499,18.999999575316902,1.0,1.3601044838126894,1
14:44:40.534151,93,0.3647629938776874,3.077675020656653,0.7256113260702854,-0.6263600167294499,5.239999882876873,0.5239999882876873,3.349764728814103,1
14:44:40.534151,93,0.3548835177141174,2.8966644231831222,1.4390260168703328,-0.7655200204462744,42.23999905586243,1.0,3.091741952831292,1
14:44:40.534151,93,0.3535377570019295,3.0502238041726497,1.0158521266940532,-0.6958000185841229,93.6399979069829,1.0,0.8067119316576274,1
14:44:40.534151,93,0.3707942563368788,2.98635983453226,1.2639487314843394,-0.6958000185841229,90.11999798566104,1.0,0.8841759978781787,1
14:44:40.534151,93,0.3784213029961712,3.0232407371222894,1.157197962345436,-0.6958000185841229,169.11999621987343,1.0,0.971634346479946,1
14:44:40.534151,93,0.3855296076605801,3.0466543532324857,1.0168085581908928,-0.6958000185841229,123.35999724268912,1.0,0.6446516271064855,1
14:44:40.534151,93,0.3626727666940748,2.952368269819829,1.39732600962131,-0.7655200204462744,63.23999858647585,1.0,1.6857008251214989,1
14:44:40.587994,94,0.5317917522846656,2.8459138396983352,1.3297233029234845,-0.7655200204462744,41.51999907195568,1.0,1.38255589116124,1
14:44:40.587994,94,0.5840320346935778,2.885218842465416,1.034586241418901,-0.7655200204462744,78.63999824225903,1.0,0.5508441041758603,1
14:44:40.587994,94,0.5731581017234731,2.87082994205395,1.19934332622859,-0.8349600223009475,33.99999924004078,1.0,1.0071182607996991,1
14:44:40.587994,94,0.5609888957172322,2.8406360705829514,1.3311374768957895,-0.7655200204462744,31.239999301731583,1.0,1.797926950313527,1
14:44:40.587994,94,0.5490489452994262,2.7801766673813457,1.3453733832090196,-0.7655200204462744,20.359999544918537,1.0,2.0508124116646687,1
14:44:40.587994,94,0.5912800125398718,2.991884648890096,0.6113977310894534,-0.904680024163099,10.519999764859676,1.0,2.0158869877681913,1
14:44:40.587994,94,0.5836377879071984,2.9877408083299284,0.7581977274560774,-0.904680024163099,37.63999915868044,1.0,1.0412240665447372,1
14:44:40.587994,94,0.5743968744606837,2.965681140502957,0.87207941716851,-0.7655200204462744,73.51999835669994,1.0,0.5280954071792225,1
14:44:40.587994,94,0.5636666733548785,2.9185026640428067,0.9238380265239738,-0.8349600223009475,186.7599958255887,1.0,0.32395320169006575,1
14:44:40.587994,94,0.5536355915262655,2.8907134008401583,1.0331139789396235,-0.7655200204462744,112.8799974769354,1.0,0.2540939601214521,1
14:44:40.587994,94,0.5433276016310206,2.876222198746733,1.1978984754023774,-0.8349600223009475,46.63999895751476,1.0,0.6411171238935769,1
14:44:40.587994,94,0.5204732267249769,2.7853421057500154,1.343989308169582,-0.7655200204462744,24.119999460875988,1.0,1.6424504917515872,1
14:44:40.587994,94,0.5016063089697127,2.9287927536748253,0.9210808053170308,-0.8349600223009475,281.359993711114,1.0,0.17349278851963432,1
14:44:40.587994,94,0.5515357606587282,2.9932233211344665,0.7567286925776082,-0.904680024163099,37.51999916136265,1.0,0.9818503384607502,1
14:44:40.587994,94,0.5428031283095092,2.971076847025678,0.8706336419631517,-0.7655200204462744,84.63999810814857,1.0,0.414495736794631,1
14:44:40.587994,94,0.5326631240953675,2.9237975743762186,0.9224192595761412,-0.8349600223009475,249.75999441742897,1.0,0.1897743056111512,1
14:44:40.587994,94,0.5234719085480827,2.9055414300537867,1.0611650459609518,-0.8349600223009475,156.11999651044607,1.0,0.08772206619959247,1
14:44:40.587994,94,0.5133657521798144,2.9044569657763013,1.2845901779666309,-0.7655200204462744,63.51999858021736,1.0,0.7589881802600673,1
14:44:40.587994,94,0.5018629483076866,2.870141600930479,1.415432062842597,-0.7655200204462744,54.63999877870083,1.0,1.6572022664102144,1
14:44:40.587994,94,0.4918454612639078,2.7902312702096563,1.3426792605009583,-0.7655200204462744,27.99999937415123,1.0,1.3365815202352207,1
14:44:40.587994,94,0.5261793869990975,3.0026788373959428,0.6085054369963623,-0.904680024163099,9.359999790787697,0.9359999790787696,2.1729114378495553,1
14:44:40.587994,94,0.5193785802962694,2.9983954832186406,0.7553428159240307,-0.904680024163099,33.7599992454052,1.0,1.0478752336701422,1
14:44:40.587994,94,0.5116424019842906,2.987391770415017,0.8994938890453983,-0.7655200204462744,84.75999810546637,1.0,0.348815025378044,1
14:44:40.587994,94,0.5946138564192943,2.912908552161186,0.9253369642850237,-0.8349600223009475,131.6399970576167,1.0,0.5760867996874861,1
14:44:40.587994,94,0.5587576374172917,2.997438950388361,0.609909460488474,-0.904680024163099,10.119999773800371,1.0,2.0302433398909274,1
14:44:40.587994,94,0.6059331814056421,2.959980536702733,0.8736068893531499,-0.7655200204462744,58.87999868392944,1.0,0.7636641876789834,1
14:44:40.587994,94,0.6237432601565728,2.9860164883266425,0.6129700999734871,-0.904680024163099,10.239999771118164,1.0,2.1299216585845744,1
14:44:40.587994,94,0.492950985375746,2.910450416470712,1.0598496870148812,-0.8349600223009475,186.2399958372116,1.0,0.004952660507413691,1
14:44:40.587994,94,0.7749123926240528,2.948361233458496,0.7687494527411587,-0.4872000130126253,14.359999679028988,1.0,4.031813696022484,1
14:44:40.587994,94,0.7600045654372315,2.8916404219563288,0.7924363501981191,-0.4872000130126253,23.35999947786331,1.0,3.7160025842027014,1
14:44:40.587994,94,0.7476833898904385,2.869512138705261,0.9043850374621412,-0.4872000130126253,31.5199992954731,1.0,3.5534372576889997,1
14:44:40.587994,94,0.743208482280195,2.955693255197387,0.7667848434373354,-0.4872000130126253,17.11999961733818,1.0,3.220049514811189,1
14:44:40.587994,94,0.7289105774807965,2.8988313896689144,0.7905095362067336,-0.4872000130126253,26.99999939650297,1.0,2.922175877400348,1
14:44:40.587994,94,0.7170934969111707,2.8765865266240302,0.9024894609323624,-0.4872000130126253,39.63999911397696,1.0,2.7283022456497044,1
14:44:40.587994,94,0.7034159050721013,2.829777854866106,0.9534971245503164,-0.8349600223009475,23.75999946892261,1.0,2.672441765418992,1
14:44:40.587994,94,0.7114302517107699,2.9627186791910645,0.7649023867517433,-0.4872000130126253,20.51999954134226,1.0,2.5334736795944433,1
14:44:40.587994,94,0.6977436990772953,2.9057216579884684,0.7886632943748753,-0.4872000130126253,31.63999929279089,1.0,2.2492794274930494,1
14:44:40.587994,94,0.6864318951829934,2.8833650900810204,0.9006731503282188,-0.4872000130126253,51.11999885737896,1.0,2.0206238220760824,1
14:44:40.587994,94,0.6733391320662268,2.836427126362397,0.9517154576226295,-0.8349600223009475,30.51999931782484,1.0,1.9648436783101506,1
14:44:40.587994,94,0.6795808787122106,2.9694368029030143,0.763102270928474,-0.4872000130126253,24.759999446570877,1.0,1.9722261791091344,1
14:44:40.587994,94,0.6665070468884566,2.9123105378939305,0.7868978093251813,-0.4872000130126253,37.35999916493893,1.0,1.69744913711965,1
14:44:40.587994,94,0.6563267511393643,2.900824991243288,0.9285747446746666,-0.8349600223009475,67.87999848276377,1.0,1.4342511862712588,1
14:44:40.587994,94,0.6431950257112695,2.842785550928179,0.9500117228950944,-0.8349600223009475,40.51999909430742,1.0,1.3708861862951043,1
14:44:40.587994,94,0.6326441786249062,2.8591823984203915,1.202464276139008,-0.7655200204462744,19.35999956727028,1.0,2.070755247186384,1
14:44:40.587994,94,0.7910225535738552,2.884149473941457,0.7944435436692474,-0.4872000130126253,20.359999544918537,1.0,4.630583276211038,1
14:44:40.587994,94,0.6592273328026782,3.0202328748506435,0.7066265921729462,-0.904680024163099,9.759999781847,0.9759999781847,1.9999492132385672,1
14:44:40.587994,94,0.6476635481951337,2.9758469545264945,0.7613846759776013,-0.904680024163099,29.639999337494373,1.0,1.5364050445288746,1
14:44:40.587994,94,0.6374088955401113,2.9539756056806104,0.8752159057711322,-0.4872000130126253,45.87999897450209,1.0,1.1212234843296707,1
14:44:40.587994,94,0.6255015785962363,2.907015798137858,0.9269159229667696,-0.8349600223009475,93.2399979159236,1.0,0.9461931849817911,1
14:44:40.587994,94,0.6129866003926105,2.848852492726321,0.9483860907397554,-0.8349600223009475,55.519998759031296,1.0,0.890666224128915,1
14:44:40.587994,94,0.602931286485946,2.8651498192759965,1.200865310539852,-0.8349600223009475,25.359999433159828,1.0,1.4836752814668652,1
14:44:40.587994,94,0.590129940730224,2.8350765473115174,1.3326271466666724,-0.7655200204462744,23.75999946892261,1.0,2.3197501091468498,1
14:44:40.587994,94,0.6156814518658501,2.981948493051713,0.7597497736571817,-0.904680024163099,34.35999923199415,1.0,1.2260663228987503,1
14:44:40.587994,94,0.483313196807547,2.9164003933499845,1.31280062974478,-0.7655200204462744,81.75999817252159,1.0,0.7182303520156612,1
14:44:40.587994,94,0.6192119732435541,2.829235825831703,1.3341921632704037,-0.7655200204462744,18.519999586045746,1.0,2.9479872840897463,1
14:44:40.587994,94,0.4625431872806178,2.8136603836681298,1.4266396430916546,-0.7655200204462744,31.239999301731583,1.0,1.6708952544372107,1
14:44:40.587994,94,0.3473302637407287,2.835012526231383,1.4509656498922732,-0.7655200204462744,26.239999413490292,1.0,1.884462079056469,1
14:44:40.587994,94,0.3578781059747439,3.019584019446109,0.7496653647530831,-0.904680024163099,10.359999768435957,1.0,3.253600668975565,1
14:44:40.587994,94,0.3525474879115297,3.008264701993692,0.8939010038852224,-0.7655200204462744,24.879999443888664,1.0,2.1399652126155764,1
14:44:40.587994,94,0.3466029568374476,2.9903923091768614,1.0351566244414874,-0.7655200204462744,68.99999845772982,1.0,1.4584472063122444,1
14:44:40.587994,94,0.3400761800593725,2.9661855515603044,1.173140654527871,-0.7655200204462744,47.63999893516302,1.0,1.202494419314865,1
14:44:40.587994,94,0.3323612007258113,2.961671964551643,1.4261872416368298,-0.7655200204462744,36.51999918371439,1.0,1.8443310694885473,1
14:44:40.587994,94,0.3254347275970115,2.8999501353068684,1.4381456129602137,-0.7655200204462744,34.879999220371246,1.0,1.9360057617298596,1
14:44:40.587994,94,0.3185082544682116,2.838228306062094,1.450103984283598,-0.7655200204462744,22.359999500215054,1.0,2.1384005365607934,1
14:44:40.587994,94,0.3254577069377965,3.022884305423373,0.7487810557906833,-0.904680024163099,8.239999815821648,0.8239999815821648,4.06820580368827,1
14:44:40.587994,94,0.3206099928629451,3.0115158299930003,0.8930298667633174,-0.974120026017772,21.7599995136261,1.0,2.861999103264992,1
14:44:40.587994,94,0.3152039805367042,2.9935886178055022,1.0343001761256825,-0.7655200204462744,52.23999883234501,1.0,2.0898731327463365,1
14:44:40.587994,94,0.3092684685050264,2.9693216714556367,1.1723003337345497,-0.7655200204462744,35.63999920338392,1.0,1.7458944321290395,1
14:44:40.587994,94,0.3022523939224965,2.9647369383285507,1.4253659843884847,-0.7655200204462744,27.119999393820763,1.0,2.2445015254273755,1
14:44:40.587994,94,0.2959533942797954,2.9029512344243398,1.4373414708752816,-0.7655200204462744,26.519999407231808,1.0,2.3133906952074437,1
14:44:40.587994,94,0.2896543946370942,2.8411655305201284,1.4493169573620786,-0.7655200204462744,18.759999580681324,1.0,2.493614873199282,1
14:44:40.587994,94,0.2886404370836815,3.014458308072738,0.8922414321381056,-0.974120026017772,19.519999563694,1.0,3.704591776054238,1
14:44:40.587994,94,0.2837734841019852,2.996481480860372,1.0335250358063162,-0.7655200204462744,40.759999088943005,1.0,2.8383479233278606,1
14:44:40.587994,94,0.2783184621481165,3.0030371436079646,1.29154276102089,-0.7655200204462744,27.519999384880062,1.0,2.4707026379979764,1
14:44:40.587994,94,0.2721133621330167,2.967510934970774,1.4246226942283944,-0.7655200204462744,20.75999953597784,1.0,2.7535457310884155,1
14:44:40.587994,94,0.2664424658711013,2.9056674204281374,1.4366136710290711,-0.7655200204462744,20.51999954134226,1.0,2.795685605939937,1
14:44:40.587994,94,0.2566420175025329,3.017091841987561,0.8915357788523885,-0.974120026017772,17.519999608397484,1.0,4.667358977813547,1
14:44:40.587994,94,0.2523146105566017,2.999070609057588,1.0328312809967717,-0.974120026017772,32.63999927043915,1.0,3.703506768109429,1
14:44:40.587994,94,0.2363000545473387,2.923801336192444,1.523715492453801,-0.7655200204462744,16.119999639689922,1.0,3.802262111985645,1
14:44:40.587994,94,0.4726019311676727,2.874847944014359,1.4141710020139675,-0.7655200204462744,68.23999847471714,1.0,1.4141613146597458,1
14:44:40.587994,94,0.3548835177141174,2.8966644231831222,1.4390260168703328,-0.7655200204462744,46.23999896645546,1.0,1.6638003134102286,1
14:44:40.587994,94,0.3626727666940748,2.952368269819829,1.39732600962131,-0.7655200204462744,49.87999888509512,1.0,1.3918564206980404,1
14:44:40.587994,94,0.2419471192353004,2.969993677080973,1.4239574454849515,-0.7655200204462744,16.239999637007713,1.0,3.3711461587234024,1
14:44:40.587994,94,0.3779672731328915,2.9868928746026344,1.036094295109617,-0.7655200204462744,94.11999789625406,1.0,0.9443961878187862,1
14:44:40.587994,94,0.370849884280629,2.962752013793548,1.1740606681996557,-0.7655200204462744,65.99999852478504,1.0,0.7726461213973219,1
14:44:40.587994,94,0.4935485190830368,3.007603785928529,0.6071858010142912,-0.904680024163099,8.239999815821648,0.8239999815821648,2.4437690078518113,1
14:44:40.587994,94,0.4871694625109165,3.0032567773705745,0.7540402360818501,-0.904680024163099,27.99999937415123,1.0,1.2391869165520317,1
14:44:40.587994,94,0.4715612229952489,2.9647502139323976,1.0093493583574684,-0.7655200204462744,249.6399944201112,1.0,0.12313798139796753,1
14:44:40.587994,94,0.4623807675178665,2.915064352881086,1.058613386479793,-0.8349600223009475,174.11999610811472,1.0,0.03643470384157209,1
14:44:40.587994,94,0.453340663719429,2.920924121717551,1.3115885003819128,-0.7655200204462744,91.75999794900416,1.0,0.6272629095866848,1
14:44:40.587994,94,0.4432936542304881,2.879271416778421,1.412985736059096,-0.7655200204462744,75.99999830126762,1.0,1.2772434282444955,1
14:44:40.587994,94,0.4338587005398754,2.817989708320027,1.4254796040474067,-0.7655200204462744,32.87999926507473,1.0,1.5308380332361566,1
14:44:40.587994,94,0.4600541548550724,2.9980923788162803,0.5755722800362235,-0.904680024163099,7.1199998408555984,0.7119999840855599,3.101218867439502,1
14:44:40.587994,94,0.4549116281874637,3.0078067174649257,0.7528210833079587,-0.904680024163099,21.99999950826168,1.0,1.55563167411666,1
14:44:40.587994,94,0.4481356893918297,2.9966628237046224,0.8970097178034626,-0.7655200204462744,55.63999875634909,1.0,0.7004571208760086,1
14:44:40.587994,94,0.4403368853154119,2.96915438020421,1.008169265561604,-0.7655200204462744,186.99999582022429,1.0,0.29835331298417256,1
14:44:40.587994,94,0.4799130411390812,2.9921806552689687,0.8982107112161364,-0.7655200204462744,72.63999837636948,1.0,0.4636977668157599,1
14:44:40.587994,94,0.4233227969447483,2.9251581162943574,1.3104540049542996,-0.7655200204462744,84.99999810010195,1.0,0.6465735639914081,1
14:44:40.587994,94,0.4322181220714985,2.94653235346583,1.1463375979606565,-0.7655200204462744,133.11999702453613,1.0,0.20932293192263324,1
14:44:40.587994,94,0.3902627175009245,3.0159707467007357,0.7506335382672393,-0.904680024163099,13.119999706745148,1.0,2.563096605602077,1
14:44:40.587994,94,0.3842968197767735,2.89309442662156,1.439982594565985,-0.7655200204462744,59.99999865889549,1.0,1.4970093907432045,1
14:44:40.587994,94,0.3932625982450333,2.9291019536844933,1.3093972569105332,-0.7655200204462744,67.5199984908104,1.0,0.7760184761088077,1
14:44:40.587994,94,0.4015865038241556,2.959021401506268,1.1750602827493055,-0.7655200204462744,93.87999790161848,1.0,0.4566194635246832,1
14:44:40.587994,94,0.3761175402778652,2.831518512603284,1.4519018680222655,-0.7655200204462744,29.879999332129955,1.0,1.7320239622517146,1
14:44:40.587994,94,0.4163135244510872,3.0008378275088905,0.8958910289057123,-0.7655200204462744,40.759999088943005,1.0,1.0589103804335789,1
14:44:40.587994,94,0.4226083030823174,3.012044848511497,0.7516854795166124,-0.904680024163099,16.99999962002039,1.0,1.9970139852075588,1
14:44:40.587994,94,0.4051308282925664,2.8220417502659547,1.4243938626802983,-0.7655200204462744,32.35999927669764,1.0,1.492864213284256,1
14:44:40.587994,94,0.4136716924794162,2.889240502618847,1.441015250390203,-0.7655200204462744,72.23999838531017,1.0,1.4358334601859069,1
14:44:40.587994,94,0.4092937930176835,2.983090664023347,1.03711309436379,-0.7655200204462744,132.2399970442057,1.0,0.5480072171437056,1
14:44:40.587994,94,0.3844497285066877,3.004705249184889,0.8948547563908378,-0.7655200204462744,29.759999334812164,1.0,1.5388343039223826,1
14:44:40.642053,95,0.5919923928859915,2.8672145612226374,0.8074698416770636,-0.8349600223009475,39.51999911665917,1.0,1.133668002260672,1
14:44:40.642053,95,0.5827168769274731,2.854627345067728,0.9468387237184666,-0.8349600223009475,78.87999823689461,1.0,0.7016944487061497,1
14:44:40.642053,95,0.5433276016310206,2.876222198746733,1.1978984754023774,-0.8349600223009475,82.11999816447496,1.0,1.5824453999234356,1
14:44:40.642053,95,0.5731581017234731,2.87082994205395,1.19934332622859,-0.8349600223009475,60.23999865353108,1.0,1.7166466574496435,1
14:44:40.642053,95,0.5609888957172322,2.8406360705829514,1.3311374768957895,-0.7655200204462744,49.99999888241291,1.0,1.6576565841582904,1
14:44:40.642053,95,0.5490489452994262,2.7801766673813457,1.3453733832090196,-0.7655200204462744,37.239999167621136,1.0,3.14933243030532,1
14:44:40.642053,95,0.5801196243592849,2.935412937746467,0.6376075471170846,-0.7655200204462744,10.759999759495258,1.0,2.764232221554517,1
14:44:40.642053,95,0.5716327561602156,2.9178685144805896,0.7523299466655617,-0.8349600223009475,23.87999946624041,1.0,1.724259992501386,1
14:44:40.642053,95,0.5611816461171413,2.8727840104427,0.8059775122562618,-0.8349600223009475,44.63999900221825,1.0,0.7586661944206367,1
14:44:40.642053,95,0.5523888822628434,2.860109530472001,0.9453697765666338,-0.8349600223009475,101.87999772280456,1.0,0.3511496704069579,1
14:44:40.642053,95,0.521508479300003,2.854518862485827,0.9149396876420668,-0.8349600223009475,126.51999717205764,1.0,0.455212789080009,1
14:44:40.642053,95,0.5204732267249769,2.7853421057500154,1.343989308169582,-0.7655200204462744,50.519998870790005,1.0,2.701493041836808,1
14:44:40.642053,95,0.5482111078539841,2.940862402011141,0.636147367568183,-0.7655200204462744,9.63999978452921,0.963999978452921,2.7074189327931224,1
14:44:40.642053,95,0.5401910457456541,2.9232382557312024,0.750891128833896,-0.8349600223009475,24.23999945819378,1.0,1.6510742099827809,1
14:44:40.642053,95,0.5303147816538376,2.878055577199097,0.8045650002010385,-0.8349600223009475,49.87999888509512,1.0,0.5223679957529758,1
14:44:40.642053,95,0.5128267406208621,2.846455209881615,1.0802569123600674,-0.8349600223009475,104.87999765574932,1.0,0.19179679969172092,1
14:44:40.642053,95,0.502541430122406,2.85090932688518,1.3283847661659696,-0.7655200204462744,94.51999788731337,1.0,1.3788837462528418,1
14:44:40.642053,95,0.4911814200901511,2.8090542092391013,1.4278738638101096,-0.7655200204462744,65.11999854445457,1.0,1.8365014772658843,1
14:44:40.642053,95,0.5162477706971897,2.9460033863469146,0.6347698449671113,-0.7655200204462744,8.239999815821648,0.8239999815821648,2.7716115993793244,1
14:44:40.642053,95,0.6030173037780754,2.912195343182158,0.7538500683335001,-0.8349600223009475,22.359999500215054,1.0,1.9215065991971392,1
14:44:40.642053,95,0.5086953166790907,2.9283040299643712,0.74953375871908,-0.8349600223009475,23.35999947786331,1.0,1.6981453612371569,1
14:44:40.642053,95,0.5317917522846656,2.8459138396983352,1.3297233029234845,-0.7655200204462744,70.75999841839075,1.0,1.4617672345375567,1
14:44:40.642053,95,0.6119701293881743,2.9296555384947527,0.639150237597085,-0.7655200204462744,11.519999742507936,1.0,2.945971001248516,1
14:44:40.642053,95,0.6754843710410443,2.917219268706277,0.6424825260437625,-0.7655200204462744,11.519999742507936,1.0,3.7018938872533544,1
14:44:40.642053,95,0.590129940730224,2.8350765473115174,1.3326271466666724,-0.7655200204462744,35.35999920964241,1.0,1.9701761016019117,1
14:44:40.642053,95,0.4987170320520315,2.870864045503138,0.7740622095675893,-0.8349600223009475,54.11999879032373,1.0,0.8489764687410819,1
14:44:40.642053,95,0.7245167108112357,2.847699672801004,0.672188512256211,-0.904680024163099,16.119999639689922,1.0,5.439417636578504,1
14:44:40.642053,95,0.6918772063013445,2.846388078094465,1.2058925039380457,-0.7655200204462744,18.999999575316902,1.0,3.434638828241316,1
14:44:40.642053,95,0.6771873742476999,2.8167131525771305,1.3375476034560454,-0.7655200204462744,14.879999667406082,1.0,3.6487312749857583,1
14:44:40.642053,95,0.7071417562940718,2.910541641786077,0.6442717907843867,-0.7655200204462744,10.87999975681305,1.0,4.285901074053864,1
14:44:40.642053,95,0.6935377060817381,2.854548406642599,0.6703533995541799,-0.904680024163099,16.519999630749226,1.0,4.376475982138848,1
14:44:40.642053,95,0.6840571464438207,2.848724636785872,0.8124242019980075,-0.1391600037168245,27.519999384880062,1.0,3.1329396313924636,1
14:44:40.642053,95,0.6752304713969702,2.8765889590143443,1.0689228371948558,-0.4174800111504737,36.999999172985554,1.0,3.074830461388274,1
14:44:40.642053,95,0.6622938068760341,2.8529282762242207,1.2041400631308377,-0.7655200204462744,24.51999945193529,1.0,2.818996953599213,1
14:44:40.642053,95,0.6482320850783363,2.823114490210763,1.3358323702066346,-0.7655200204462744,19.239999569952488,1.0,2.9612624297333587,1
14:44:40.642053,95,0.5775697594393393,2.774735471643156,1.3468313472129274,-0.7655200204462744,27.359999388456345,1.0,3.7355098944642577,1
14:44:40.642053,95,0.6344352719610805,2.763028012039372,1.3499683515591814,-0.7655200204462744,15.75999964773655,1.0,5.338238018361192,1
14:44:40.642053,95,0.6534332150647025,2.855184272884846,0.8106933477218883,-0.1391600037168245,30.999999307096004,1.0,2.316232379618079,1
14:44:40.642053,95,0.6431950257112695,2.842785550928179,0.9500117228950944,-0.8349600223009475,46.879998952150345,1.0,1.820313774880496,1
14:44:40.642053,95,0.6326441786249062,2.8591823984203915,1.202464276139008,-0.8349600223009475,32.35999927669764,1.0,2.3306116766520195,1
14:44:40.642053,95,0.6192119732435541,2.829235825831703,1.3341921632704037,-0.7655200204462744,25.75999942421913,1.0,2.40328240427148,1
14:44:40.642053,95,0.6060328170871969,2.769019062650462,1.3483630543861258,-0.7655200204462744,20.51999954134226,1.0,4.463786738988488,1
14:44:40.642053,95,0.6437594379168341,2.9235907799911,0.6407752847404287,-0.7655200204462744,11.759999737143517,1.0,3.256953383008682,1
14:44:40.642053,95,0.6343415501707657,2.906219309148284,0.7554513418268174,-0.8349600223009475,20.359999544918537,1.0,2.2470046430165564,1
14:44:40.642053,95,0.622743940911525,2.8613477864791665,0.8090418392317518,-0.904680024163099,34.879999220371246,1.0,1.651393709777725,1
14:44:40.642053,95,0.6129866003926105,2.848852492726321,0.9483860907397554,-0.8349600223009475,60.51999864727259,1.0,1.1899978387397667,1
14:44:40.642053,95,0.602931286485946,2.8651498192759965,1.200865310539852,-0.8349600223009475,43.75999902188778,1.0,1.96465609704429,1
14:44:40.642053,95,0.6624893481626789,2.8610975688368616,0.6685985568331265,-0.904680024163099,18.11999959498644,1.0,3.478801944835378,1
14:44:40.642053,95,0.4894030390868656,2.8253453599000373,0.8271772621801072,-0.8349600223009475,143.7599967867136,1.0,3.296385586716977,1
14:44:40.642053,95,0.4286567482700213,2.8342134318930388,0.8248010694511614,-0.8349600223009475,126.63999716937542,1.0,3.1473546457299304,1
14:44:40.642053,95,0.473240854238164,2.855622032598951,1.327122000475799,-0.7655200204462744,106.87999761104584,1.0,1.4057159436704278,1
14:44:40.642053,95,0.3628724947278215,2.867606128720916,1.0745895407379005,-0.8349600223009475,44.99999899417162,1.0,0.9414281230142434,1
14:44:40.642053,95,0.3548835177141174,2.8966644231831222,1.4390260168703328,-0.7655200204462744,37.63999915868044,1.0,6.3408602764336806,1
14:44:40.642053,95,0.3473302637407287,2.835012526231383,1.4509656498922732,-0.7655200204462744,32.35999927669764,1.0,2.8309572844405095,1
14:44:40.642053,95,0.3505167971068197,2.949056732434408,0.7439730888514704,-0.8349600223009475,12.759999714791777,1.0,3.6315127940939034,1
14:44:40.642053,95,0.3436412544127566,2.891209674494734,0.7686106147097878,-0.8349600223009475,41.63999906927347,1.0,2.078330430074538,1
14:44:40.642053,95,0.3372234422659134,2.845311015814477,0.8218274808014754,-0.8349600223009475,61.75999861955643,1.0,4.028727116867284,1
14:44:40.642053,95,0.3327607667858137,2.870965807307798,1.0736893175737174,-0.8349600223009475,33.7599992454052,1.0,1.4484552837397155,1
14:44:40.642053,95,0.3254347275970115,2.8999501353068684,1.4381456129602137,-0.7655200204462744,27.639999382197857,1.0,6.930187383598221,1
14:44:40.642053,95,0.3677390004768806,2.841906280367691,0.8227397769148834,-0.8349600223009475,79.87999821454287,1.0,3.590229598403585,1
14:44:40.642053,95,0.3185082544682116,2.838228306062094,1.450103984283598,-0.7655200204462744,24.23999945819378,1.0,3.322329208226413,1
14:44:40.642053,95,0.4829264817996737,2.851264368621244,1.078968302159511,-0.8349600223009475,115.23999742418528,1.0,0.09636686557589157,1
14:44:40.642053,95,0.3066741619932457,2.848420828287312,0.8209942090607671,-0.8349600223009475,48.35999891906977,1.0,4.610036961740205,1
14:44:40.642053,95,0.301768127876892,2.834532654373936,0.9580851746399964,-0.8349600223009475,25.999999418854717,1.0,4.240207289831497,1
14:44:40.642053,95,0.2959533942797954,2.9029512344243398,1.4373414708752816,-0.7655200204462744,20.999999530613422,1.0,7.599160651486254,1
14:44:40.642053,95,0.2896543946370942,2.8411655305201284,1.4493169573620786,-0.7655200204462744,18.519999586045746,1.0,3.9166926980077656,1
14:44:40.642053,95,0.2813486559251096,2.897246814554788,0.7669929679061029,-0.8349600223009475,32.75999926775694,1.0,3.4790629282143595,1
14:44:40.642053,95,0.2760942145613105,2.8512354068075534,0.8202400450192344,-0.8349600223009475,38.35999914258719,1.0,5.333190562356047,1
14:44:40.642053,95,0.2607715696091858,2.8438239058855013,1.448604647829748,-0.7655200204462744,14.51999967545271,1.0,4.613176128602522,1
14:44:40.642053,95,0.2501585966532902,2.899813818799775,0.7663051411916912,-0.8349600223009475,28.999999351799488,1.0,4.3694226877166855,1
14:44:40.642053,95,0.2192411088506378,2.914286543538092,0.7948569420295055,-0.8349600223009475,25.87999942153692,1.0,5.170771109959763,1
14:44:40.642053,95,0.3187632635946081,2.9522891337771395,0.7431069695220722,-0.8349600223009475,12.999999709427357,1.0,4.342115172977412,1
14:44:40.642053,95,0.3747375644209244,2.887740142388617,0.7695402730357359,-0.8349600223009475,46.75999895483256,1.0,1.5695976031712031,1
14:44:40.642053,95,0.3125105805670507,2.8943786708491186,0.7677614846958134,-0.8349600223009475,36.87999917566776,1.0,2.7151552403066317,1
14:44:40.642053,95,0.3679382607789568,2.769942598585007,1.463821141478546,-0.7655200204462744,16.99999962002039,1.0,5.149930291518951,1
14:44:40.642053,95,0.382235279232984,2.945517782248192,0.7449213476959209,-0.8349600223009475,13.35999970138073,1.0,3.0265578737614476,1
14:44:40.642053,95,0.4625431872806178,2.8136603836681298,1.4266396430916546,-0.7655200204462744,74.35999833792448,1.0,1.7566682547867687,1
14:44:40.642053,95,0.4842328091958383,2.95083537665966,0.6334751170649762,-0.8349600223009475,6.999999843537808,0.6999999843537809,2.9532912232609685,1
14:44:40.642053,95,0.4771487185070446,2.9330653306069143,0.7482579720569889,-0.8349600223009475,21.359999522566795,1.0,1.8620581832209815,1
14:44:40.642053,95,0.4677892344178616,2.875531951118347,0.7728114480276496,-0.8349600223009475,56.11999874562025,1.0,0.8277051542317451,1
14:44:40.642053,95,0.4529779307349015,2.855784477402872,1.0777571426617727,-0.8349600223009475,104.63999766111374,1.0,0.12615376890963495,1
14:44:40.642053,95,0.4438929546649796,2.8600514855730257,1.325935132128484,-0.7655200204462744,96.23999784886836,1.0,1.5393094303661892,1
14:44:40.642053,95,0.4338587005398754,2.817989708320027,1.4254796040474067,-0.7655200204462744,70.99999841302633,1.0,1.7930761538222248,1
14:44:40.642053,95,0.4241475698265471,2.762291382109586,1.4658712787542507,-0.7655200204462744,19.119999572634697,1.0,4.993689056939839,1
14:44:40.642053,95,0.4455544058629035,2.937521681532759,0.747063896425219,-0.8349600223009475,18.759999580681324,1.0,2.1397877459521366,1
14:44:40.642053,95,0.4368146582521643,2.8799008887410253,0.7716407947198709,-0.8349600223009475,55.11999876797199,1.0,0.9423327513962863,1
14:44:40.642053,95,0.4590528461284524,2.829926088143575,0.8259498597465049,-0.8349600223009475,143.7599967867136,1.0,3.146721045806813,1
14:44:40.642053,95,0.4229840822565611,2.860015084219408,1.0766235549817882,-0.8349600223009475,82.35999815911055,1.0,0.27844307737268675,1
14:44:40.642053,95,0.4139410482992725,2.883411576879096,1.4118763835035846,-0.7655200204462744,73.23999836295843,1.0,4.295602129285413,1
14:44:40.642053,95,0.4048672053760855,2.827746614576232,1.4529125450525466,-0.7655200204462744,57.999998703598976,1.0,2.1623004609397274,1
14:44:40.642053,95,0.3960627182727548,2.7662527265336165,1.4648098397148903,-0.7655200204462744,18.35999958962202,1.0,5.007016837191039,1
14:44:40.642053,95,0.4139155381514618,2.941672637110545,0.7459516512303339,-0.8349600223009475,15.999999642372131,1.0,2.5287009583752496,1
14:44:40.642053,95,0.4057964009866053,2.88397042148107,0.7705503667086038,-0.8349600223009475,51.63999884575605,1.0,1.1903436857553416,1
14:44:40.642053,95,0.3982177850958922,2.838206962417647,0.8237310061721437,-0.8349600223009475,102.51999770849945,1.0,3.295874871022426,1
14:44:40.642053,95,0.3929479357243715,2.863955766013716,1.0755676524773754,-0.8349600223009475,60.99999863654375,1.0,0.550871512063585,1
14:44:40.642053,95,0.3845470486100271,2.887268010303842,1.4108430552817597,-0.7655200204462744,52.3599988296628,1.0,4.701007674869024,1
14:44:40.642053,95,0.3761175402778652,2.831518512603284,1.4519018680222655,-0.7655200204462744,43.75999902188778,1.0,2.4437738326597946,1
14:44:40.692385,96,0.5319247456571192,2.8389307719316044,1.3008383315957956,-0.6958000185841229,61.35999862849712,1.0,1.30680532674725,1
14:44:40.692385,96,0.5204732267249769,2.7853421057500154,1.343989308169582,-0.6958000185841229,50.75999886542559,1.0,0.8703995932320596,1
14:44:40.692385,96,0.509154701165288,2.724770371801696,1.358255313415679,-0.6958000185841229,24.119999460875988,1.0,3.4022069736854252,1
14:44:40.692385,96,0.5367147727818435,2.8707231070274903,0.633146923346839,-0.6958000185841229,7.519999831914902,0.7519999831914902,6.2849253111888626,1
14:44:40.692385,96,0.5134427692336049,2.881326050133194,1.1965309025450868,-0.6958000185841229,49.63999889045954,1.0,2.364504308199871,1
14:44:40.692385,96,0.5026671084152763,2.8439275084170417,1.2994994600897316,-0.6958000185841229,83.23999813944101,1.0,1.0106521662372159,1
14:44:40.692385,96,0.4835065929894289,2.8861409858324705,1.1952407444128577,-0.6958000185841229,57.11999872326851,1.0,2.182604408127804,1
14:44:40.692385,96,0.4811494924054095,2.729553213534132,1.356973754835947,-0.6958000185841229,27.99999937415123,1.0,3.071054178007656,1
14:44:40.692385,96,0.505421727103485,2.87575628165697,0.631798288269505,-0.6958000185841229,7.519999831914902,0.7519999831914902,5.8699536494767095,1
14:44:40.692385,96,0.463168511668781,2.794843671847918,1.341443371206818,-0.6958000185841229,83.3599981367588,1.0,0.40482659476126964,1
14:44:40.692385,96,0.4733592048837269,2.8486413927098786,1.2982363786002522,-0.6958000185841229,102.63999770581722,1.0,0.8545895703582054,1
14:44:40.692385,96,0.5433276016310206,2.876222198746733,1.1978984754023774,-0.6958000185841229,41.23999907821417,1.0,2.6846646716946805,1
14:44:40.692385,96,0.4918454612639078,2.7902312702096563,1.3426792605009583,-0.6958000185841229,68.51999846845865,1.0,0.5640625580656409,1
14:44:40.692385,96,0.5679541474325843,2.865387921489119,0.634576482003316,-0.6958000185841229,7.1199998408555984,0.7119999840855599,6.866732578013266,1
14:44:40.692385,96,0.619366829140118,2.822248587136596,1.3053083095396047,-0.6958000185841229,24.35999945551157,1.0,3.0408144366055554,1
14:44:40.692385,96,0.5491862544445262,2.7733409337197363,1.317103538681747,-0.6958000185841229,36.63999918103218,1.0,1.4133279956366587,1
14:44:40.692385,96,0.5611291908700433,2.833651682923028,1.3022528592324158,-0.6958000185841229,44.23999901115894,1.0,1.7434683522502796,1
14:44:40.692385,96,0.5731581017234731,2.87082994205395,1.19934332622859,-0.6958000185841229,33.639999248087406,1.0,3.1435218513454863,1
14:44:40.692385,96,0.599136727144414,2.8597512585559386,0.6360868212842679,-0.6958000185841229,6.519999854266644,0.6519999854266645,7.6158290584127295,1
14:44:40.692385,96,0.5650095781484545,2.7143943959747947,1.3610355477591822,-0.6958000185841229,16.239999637007713,1.0,4.534397904976581,1
14:44:40.692385,96,0.5777142012246905,2.767898377217736,1.3185618673012187,-0.6958000185841229,26.75999940186739,1.0,2.0353875530281447,1
14:44:40.692385,96,0.5902775236339948,2.8280907692957906,1.3037429015480133,-0.6958000185841229,32.35999927669764,1.0,2.3212232521851965,1
14:44:40.692385,96,0.602931286485946,2.8651498192759965,1.200865310539852,-0.6958000185841229,27.359999388456345,1.0,3.7416827498908516,1
14:44:40.692385,96,0.5930019249973655,2.702112490132212,1.334879605524543,-0.6958000185841229,13.23999970406294,1.0,5.965920910549117,1
14:44:40.692385,96,0.6061843770687417,2.762180538634404,1.3200939575320738,-0.6958000185841229,19.999999552965164,1.0,2.8086077839337293,1
14:44:40.692385,96,0.6345939349829478,2.7561879897488075,1.3216996561665737,-0.6958000185841229,15.359999656677246,1.0,3.7338485371192363,1
14:44:40.692385,96,0.6483941984822332,2.816125720658765,1.3069489266677032,-0.6958000185841229,18.879999577999115,1.0,3.9031483208758484,1
14:44:40.692385,96,0.453096169099398,2.734065311096884,1.3557647419378371,-0.6958000185841229,30.759999312460423,1.0,2.8959768075505163,1
14:44:40.692385,96,0.5371089948816202,2.71971726417974,1.3596092895222498,-0.6958000185841229,19.999999552965164,1.0,3.889813384270318,1
14:44:40.692385,96,0.4740781396758585,2.8804869420643104,0.6305307116336922,-0.6958000185841229,7.35999983549118,0.735999983549118,5.621549021927738,1
14:44:40.692385,96,0.3851632275828449,2.861081360292886,1.294903099332516,-0.6958000185841229,65.63999853283167,1.0,1.2251968448061024,1
14:44:40.692385,96,0.4440039658282698,2.853071953425633,1.297049213434449,-0.6958000185841229,104.99999765306713,1.0,0.8383611693149015,1
14:44:40.692385,96,0.453522066491036,2.890666524355026,1.1940281300204232,-0.6958000185841229,61.11999863386154,1.0,2.138699399726508,1
14:44:40.692385,96,0.2607715696091858,2.8438239058855013,1.448604647829748,-0.6958000185841229,15.999999642372131,1.0,4.370197916297411,1
14:44:40.692385,96,0.2669764008678713,2.880657079250152,1.3204138799431344,-0.7655200204462744,19.759999558329586,1.0,4.188705703251169,1
14:44:40.692385,96,0.271677384570933,2.8373022065438858,0.9573430753726624,-0.6263600167294499,24.119999460875988,1.0,3.9206542120370322,1
14:44:40.692385,96,0.274429921019005,2.8017110151280544,0.7066676692036538,-0.8349600223009475,22.99999948590994,1.0,9.911346807147387,1
14:44:40.692385,96,0.2898429985429472,2.83546940372603,1.420795933779426,-0.6958000185841229,20.75999953597784,1.0,3.1250121422301502,1
14:44:40.692385,96,0.3026157630459145,2.8740344658093164,1.0728670730063885,-0.6263600167294499,29.879999332129955,1.0,2.294602207032229,1
14:44:40.692385,96,0.3115817813394118,2.7765064768173198,1.4620623556069816,-0.6958000185841229,17.23999961465597,1.0,3.4388625033023104,1
14:44:40.692385,96,0.3187156461113261,2.832530266740461,1.4215834731611536,-0.6958000185841229,27.639999382197857,1.0,2.4047025457209106,1
14:44:40.692385,96,0.3260868796091176,2.874928337026492,1.32194889179561,-0.6958000185841229,34.51999922841787,1.0,2.682936675650102,1
14:44:40.692385,96,0.3327607667858137,2.870965807307798,1.0736893175737174,-0.6263600167294499,37.11999917030335,1.0,1.635641530954583,1
14:44:40.692385,96,0.3351906622666332,2.795822336312749,0.7082455359367013,-0.8349600223009475,24.879999443888664,1.0,8.390402878613092,1
14:44:40.692385,96,0.3399982502261339,2.7677844545979804,1.4350055449341128,-0.6958000185841229,21.119999527931213,1.0,2.9014210367929065,1
14:44:40.692385,96,0.348026293116685,2.810516841551113,1.337243758042011,-0.6958000185841229,37.75999915599823,1.0,1.236326612235124,1
14:44:40.692385,96,0.3555946833658273,2.8716360405293178,1.3228310599832716,-0.6958000185841229,47.35999894142151,1.0,2.1381445666553214,1
14:44:40.692385,96,0.2965464674376429,2.877935450169701,1.3211431382573382,-0.7655200204462744,25.75999942421913,1.0,3.3662168062014843,1
14:44:40.692385,96,0.3723260285874814,2.836114539339685,0.6541433360071187,-0.6958000185841229,10.119999773800371,1.0,6.3832650071945105,1
14:44:40.692385,96,0.4344452456105302,2.7991788494285,1.3402817638750557,-0.6958000185841229,83.99999812245369,1.0,0.39244723524779135,1
14:44:40.692385,96,0.3628724947278215,2.867606128720916,1.0745895407379005,-0.6263600167294499,45.35999898612499,1.0,1.1274073437989103,1
14:44:40.692385,96,0.4249975365560808,2.7383062132839746,1.3546283956216267,-0.6958000185841229,30.999999307096004,1.0,2.876743180490957,1
14:44:40.692385,96,0.4426871448314477,2.8849146151874354,0.6293443201960021,-0.6958000185841229,6.8799998462200165,0.6879999846220016,5.539628045986539,1
14:44:40.692385,96,0.4146043267482168,2.8572187475119475,1.2959380833078429,-0.6958000185841229,87.99999803304672,1.0,0.9618736583023946,1
14:44:40.692385,96,0.405678535391697,2.803236369437278,1.3391945546654305,-0.6958000185841229,69.87999843806028,1.0,0.5268348331135726,1
14:44:40.692385,96,0.4234921881659553,2.8949022131508,1.192893180628206,-0.6958000185841229,59.75999866425991,1.0,2.2326946322831698,1
14:44:40.692385,96,0.4112518816434373,2.889038858262741,0.628239232594584,-0.6958000185841229,6.11999986320734,0.611999986320734,5.624292579117164,1
14:44:40.692385,96,0.3929479357243715,2.863955766013716,1.0755676524773754,-0.6263600167294499,53.75999879837036,1.0,0.7693125044682281,1
14:44:40.692385,96,0.3768712576592024,2.8070158261256504,1.3381818522979527,-0.6958000185841229,52.11999883502722,1.0,0.8080546089236645,1
14:44:40.692385,96,0.3681778379936669,2.764364198306388,1.4359219998453527,-0.6958000185841229,25.11999943852425,1.0,2.4429842994369606,1
14:44:40.692385,96,0.3797754936118098,2.8928592588693767,0.627215559337273,-0.6958000185841229,5.359999880194664,0.5359999880194664,5.875829671152566,1
14:44:40.692385,96,0.3963206082858603,2.760671923652813,1.4369113418570116,-0.6958000185841229,28.879999354481697,1.0,2.133900247031943,1
14:44:40.751367,97,0.6038517534800605,2.668896634885284,1.0142379264171666,-0.5566400148672983,31.63999929279089,1.0,2.1418476781947913,1
14:44:40.751367,97,0.5754911320987437,2.674592470979505,1.0127117317355,-0.5566400148672983,39.99999910593033,1.0,1.9827791854107508,1
14:44:40.751367,97,0.6169834789081553,2.726936075200393,0.9928009481967386,-0.5566400148672983,56.87999872863293,1.0,1.1912924288179987,1
14:44:40.751367,97,0.6265356743186058,2.8115084959091314,0.5507676984220393,-0.7655200204462744,14.879999667406082,1.0,3.841995757220144,1
14:44:40.751367,97,0.6178965756825073,2.79783485869848,0.6644003455214511,-0.7655200204462744,32.99999926239252,1.0,1.7097947886200977,1
14:44:40.751367,97,0.6102841372697206,2.804098202455503,0.8328704208588271,-0.6263600167294499,62.5199986025691,1.0,0.49780335687721056,1
14:44:40.751367,97,0.6005210885059952,2.7909190818025773,0.969771396189528,-0.5566400148672983,101.75999772548676,1.0,1.4783968281292463,1
14:44:40.751367,97,0.5880061103023694,2.7327557763910413,0.9912415639625138,-0.5566400148672983,84.99999810010195,1.0,0.834604412576926,1
14:44:40.751367,97,0.6072797852939024,2.8726757602455417,0.5207277707603901,-0.6958000185841229,5.239999882876873,0.5239999882876873,3.407138608956229,1
14:44:40.751367,97,0.5679541474325843,2.865387921489119,0.634576482003316,-0.6958000185841229,14.239999681711195,1.0,1.524838764351042,1
14:44:40.751367,97,0.5884238678513773,2.816933638830975,0.6915105128442809,-0.7655200204462744,40.23999910056591,1.0,1.0277132922600536,1
14:44:40.751367,97,0.5801478633960623,2.8098475953081,0.8313298756870044,-0.7655200204462744,93.1199979186058,1.0,0.22084595282114008,1
14:44:40.751367,97,0.5708669210700066,2.7965764984766146,0.9682554959604732,-0.5566400148672983,166.23999628424644,1.0,1.0383090942288482,1
14:44:40.751367,97,0.5589699415781852,2.7382952913831566,0.9897572553939163,-0.5566400148672983,132.87999702990055,1.0,0.6040667443608646,1
14:44:40.751367,97,0.557798847998111,2.8224695154592108,0.6900271791723469,-0.6958000185841229,44.519999004900455,1.0,1.0939753765188271,1
14:44:40.751367,97,0.5499535752221126,2.815305611499085,0.8298674046563541,-0.7655200204462744,136.2399969547987,1.0,0.07796464433545602,1
14:44:40.751367,97,0.6301152043362501,2.7849755155155016,0.9713639699763108,-0.5566400148672983,66.51999851316214,1.0,2.0409692894937677,1
14:44:40.751367,97,0.541155667420184,2.801947199800686,0.9668164208778998,-0.5566400148672983,276.75999381393194,1.0,0.7239111209876465,1
14:44:40.751367,97,0.599136727144414,2.8597512585559386,0.6360868212842679,-0.6958000185841229,15.239999659359457,1.0,1.5501158032189934,1
14:44:40.751367,97,0.6403593832409485,2.7980580078757624,0.8344888861185955,-0.6263600167294499,43.239999033510685,1.0,0.9055445191794845,1
14:44:40.751367,97,0.7028637766411738,2.6975002604024865,0.9700612843268068,-0.5566400148672983,22.51999949663877,1.0,2.6286049825970244,1
14:44:40.751367,97,0.6574118078507367,2.805307454209172,0.5524292625377751,-0.7655200204462744,13.639999695122242,1.0,3.831578909485492,1
14:44:40.751367,97,0.7995657512205298,2.756747628628048,0.6754096356380548,-0.7655200204462744,11.239999748766422,1.0,4.446477985747652,1
14:44:40.751367,97,0.7599900359658253,2.7710017274835272,0.8417385945998848,-0.6263600167294499,14.6399996727705,1.0,3.7816449884425416,1
14:44:40.751367,97,0.7471198081461069,2.747838005046815,0.9500361123755234,-0.5566400148672983,19.999999552965164,1.0,4.397974212017176,1
14:44:40.751367,97,0.7802281602623831,2.777530679679294,0.5598720268413975,-0.7655200204462744,8.759999804198742,0.8759999804198741,5.227690986278971,1
14:44:40.751367,97,0.7392969933087528,2.7716123964718977,0.6714266330986192,-0.7655200204462744,13.519999697804453,1.0,3.0027511914233207,1
14:44:40.751367,97,0.7301889110635892,2.778198798951995,0.8398101451120399,-0.6263600167294499,18.35999958962202,1.0,2.881890377550329,1
14:44:40.751367,97,0.71782335731672,2.754913196036526,0.9481403206635346,-0.5566400148672983,25.51999942958355,1.0,3.45093967293194,1
14:44:40.751367,97,0.5298778763281488,2.7435540662298807,0.9883481709205596,-0.5566400148672983,204.6399954259396,1.0,0.5027331226475935,1
14:44:40.751367,97,0.7496334474952978,2.784919405274864,0.5578922237849693,-0.7655200204462744,10.239999771118164,1.0,4.66927992095204,1
14:44:40.751367,97,0.6483469681530849,2.791719321165463,0.6660389988647051,-0.7655200204462744,25.999999418854717,1.0,1.8261113759250571,1
14:44:40.751367,97,0.7090502121029765,2.77860743446333,0.66955231831779,-0.7655200204462744,16.519999630749226,1.0,2.475704692366033,1
14:44:40.751367,97,0.6891114499334499,2.772232340064116,0.9747784935475176,-0.5566400148672983,33.639999248087406,1.0,3.521182339847786,1
14:44:40.751367,97,0.6741075838499871,2.7041505766690275,0.9682793374537756,-0.5566400148672983,29.519999340176582,1.0,1.9857276743624919,1
14:44:40.751367,97,0.6603890122344115,2.6566846000252,1.0175101312958668,-0.5566400148672983,19.879999555647373,1.0,2.837404747812078,1
14:44:40.751367,97,0.6882222007528628,2.79880848698807,0.5541706555563057,-0.7655200204462744,11.9999997317791,1.0,3.9681301317338535,1
14:44:40.751367,97,0.6787325264700329,2.7853099661103675,0.6677563803757223,-0.7655200204462744,20.51999954134226,1.0,2.082468618452764,1
14:44:40.751367,97,0.6703705938103461,2.791727615583276,0.8361851096211392,-0.6263600167294499,31.359999299049377,1.0,1.440866017966578,1
14:44:40.751367,97,0.6596463091739827,2.778746393967036,0.9730330580647776,-0.5566400148672983,46.11999896913767,1.0,2.7229079533866716,1
14:44:40.751367,97,0.6458991496829598,2.720836769776454,0.9944352521594736,-0.5566400148672983,39.99999910593033,1.0,1.6711591629826592,1
14:44:40.751367,97,0.6321519901919369,2.662927145585872,1.01583744625417,-0.5566400148672983,24.879999443888664,1.0,2.427639223418476,1
14:44:40.751367,97,0.7003147678819994,2.78510765861197,0.8379589217455297,-0.6263600167294499,23.639999471604824,1.0,2.100654932396369,1
14:44:40.751367,97,0.5197705351691876,2.71389281031104,1.0922569424615542,-0.5566400148672983,58.87999868392944,1.0,1.5007733169561897,1
14:44:40.751367,97,0.5483076736301713,2.7087343458071858,1.0936391488595465,-0.5566400148672983,49.75999888777733,1.0,1.647465738335296,1
14:44:40.751367,97,0.527118048727369,2.8277093052567013,0.6886231817276005,-0.6958000185841229,42.51999904960394,1.0,1.307110062119196,1
14:44:40.751367,97,0.3982177850958922,2.838206962417647,0.8237310061721437,-0.6958000185841229,51.87999884039164,1.0,1.4959453251248167,1
14:44:40.751367,97,0.3918472776272445,2.824482185296785,0.960778189712773,-0.7655200204462744,80.11999820917845,1.0,1.155295747081357,1
14:44:40.751367,97,0.3847588230605934,2.804270361664336,1.0948330053540825,-0.7655200204462744,62.759998597204685,1.0,2.229341919413983,1
14:44:40.751367,97,0.3765697103968153,2.7445849573149563,1.1140983582307895,-0.6263600167294499,34.23999923467636,1.0,2.606715990132154,1
14:44:40.751367,97,0.3729849210401734,2.849449651818712,0.6827978734231372,-0.6958000185841229,13.35999970138073,1.0,4.70283625029242,1
14:44:40.751367,97,0.3677390004768806,2.841906280367691,0.8227397769148834,-0.6958000185841229,36.75999917834997,1.0,2.2314268157126214,1
14:44:40.751367,97,0.3618560787774219,2.8281223232365136,0.9598028176914848,-0.7655200204462744,54.51999878138304,1.0,1.6669808787537699,1
14:44:40.751367,97,0.3477478256724445,2.7480831714612144,1.1131610145753488,-0.6263600167294499,26.99999939650297,1.0,3.1768734575734374,1
14:44:40.751367,97,0.3436412544127566,2.891209674494734,0.7686106147097878,-0.6958000185841229,10.99999975413084,1.0,3.015107833698971,1
14:44:40.751367,97,0.3372234422659134,2.845311015814477,0.8218274808014754,-0.6958000185841229,27.119999393820763,1.0,3.1263769717506027,1
14:44:40.751367,97,0.3318286946228849,2.83147259127023,0.9589051160774228,-0.7655200204462744,39.11999912559986,1.0,2.329074210229503,1
14:44:40.751367,97,0.3258259666213317,2.811134312312009,1.0929938153211514,-0.7655200204462744,31.63999929279089,1.0,3.034948059879113,1
14:44:40.751367,97,0.3188911664568498,2.7513028173162204,1.1122983130685855,-0.6263600167294499,21.359999522566795,1.0,3.89181506245429,1
14:44:40.751367,97,0.3066741619932457,2.848420828287312,0.8209942090607671,-0.6958000185841229,20.87999953329563,1.0,4.184736568968067,1
14:44:40.751367,97,0.301768127876892,2.834532654373936,0.9580851746399964,-0.7655200204462744,29.35999934375286,1.0,3.145411885295948,1
14:44:40.751367,97,0.2963091907188456,2.814139019363702,1.092188706493158,-0.7655200204462744,23.87999946624041,1.0,3.6547856496772297,1
14:44:40.751367,97,0.5367147727818435,2.8707231070274903,0.633146923346839,-0.6958000185841229,12.23999972641468,1.0,1.6467670565706674,1
14:44:40.751367,97,0.4038984957760062,2.8456975618535174,0.6838032428992398,-0.6958000185841229,16.759999625384808,1.0,3.700507996438275,1
14:44:40.751367,97,0.4053539384656369,2.74080852469593,1.1151102503013282,-0.6263600167294499,43.35999903082848,1.0,2.1778765691259467,1
14:44:40.751367,97,0.355310160200133,2.807844650091065,1.0938752776566243,-0.7655200204462744,43.5199990272522,1.0,2.5610385008428844,1
14:44:40.751367,97,0.4217992920775943,2.820552541461786,0.9618311346049028,-0.7655200204462744,125.63999719172716,1.0,0.7902552108011845,1
14:44:40.751367,97,0.4139410482992725,2.791169483391652,1.0676242040119244,-0.7655200204462744,95.23999787122013,1.0,1.5118070656170914,1
14:44:40.751367,97,0.5113902986569997,2.8070306487091576,0.96545431484811,-0.5566400148672983,382.6399914473295,1.0,0.5384928649916576,1
14:44:40.751367,97,0.5007328237344115,2.7485315750581347,0.9870144514497105,-0.5566400148672983,258.9999942108989,1.0,0.5337377967064573,1
14:44:40.751367,97,0.4914519193066812,2.7278138312819364,1.1185921679074975,-0.5566400148672983,63.51999858021736,1.0,1.7056383526306207,1
14:44:40.751367,97,0.505421727103485,2.87575628165697,0.631798288269505,-0.6958000185841229,9.879999779164793,0.9879999779164793,1.9195836755638511,1
14:44:40.751367,97,0.4963845380933742,2.832652484248858,0.6872986609086094,-0.6958000185841229,35.759999200701714,1.0,1.6706602620085351,1
14:44:40.751367,97,0.4894030390868656,2.8253453599000373,0.8271772621801072,-0.6958000185841229,157.75999647378922,1.0,0.208034381919544,1
14:44:40.751367,97,0.4815737912923931,2.811826336861398,0.9641693140805656,-0.6263600167294499,332.1199925765395,1.0,0.4854275738617071,1
14:44:40.751367,97,0.4715376982778152,2.753227320121206,0.9857562303521978,-0.6263600167294499,224.63999497890472,1.0,0.7002940035713796,1
14:44:40.751367,97,0.4627979150953381,2.732422542383817,1.1173572674896004,-0.5566400148672983,61.11999863386154,1.0,1.730630025802076,1
14:44:40.751367,97,0.5197042921513924,2.8204717052314128,0.8284831540127533,-0.7655200204462744,170.35999619215727,1.0,0.07253904926305241,1
14:44:40.751367,97,0.4740781396758585,2.8804869420643104,0.6305307116336922,-0.6958000185841229,7.759999826550484,0.7759999826550483,2.3470610017769733,1
14:44:40.751367,97,0.4347716810006478,2.8416470622723997,0.6848885709909429,-0.6958000185841229,21.51999951899052,1.0,2.863605674476263,1
14:44:40.751367,97,0.4426871448314477,2.8849146151874354,0.6293443201960021,-0.6958000185841229,6.11999986320734,0.611999986320734,2.9330589033678613,1
14:44:40.751367,97,0.4340976314802177,2.736754251244234,1.116196589598605,-0.5566400148672983,53.23999880999327,1.0,1.8869572650166975,1
14:44:40.751367,97,0.4286567482700213,2.8342134318930388,0.8248010694511614,-0.6958000185841229,76.359998293221,1.0,0.9160662284320622,1
14:44:40.751367,97,0.4517091269521202,2.8163337846926098,0.962961547074267,-0.7655200204462744,208.5199953392148,1.0,0.5681701070938567,1
14:44:40.751367,97,0.4590528461284524,2.829926088143575,0.8259498597465049,-0.6958000185841229,114.11999744921924,1.0,0.4879997207523155,1
14:44:40.751367,97,0.4656013894214414,2.837298558121922,0.6860537491663468,-0.6958000185841229,27.99999937415123,1.0,2.1882546185029583,1
14:44:40.751367,97,0.4432936542304881,2.787029323290977,1.0687335565674358,-0.6958000185841229,149.99999664723873,1.0,1.357737094268348,1
14:44:40.806348,98,0.6052146114212149,2.697591804972435,1.0966247836778489,-0.5566400148672983,47.23999894410372,1.0,1.4806607602922575,1
14:44:40.806348,98,0.6207936714836625,2.6667960262820904,1.2265256932656678,-0.6958000185841229,19.119999572634697,1.0,4.292214690819001,1
14:44:40.806348,98,0.6559777373560085,2.790655046905419,0.5237416029113833,-0.6958000185841229,5.759999871253967,0.5759999871253967,3.4250680053668967,1
14:44:40.806348,98,0.6445163831813122,2.7502801022232117,0.5808240056435237,-0.6958000185841229,11.119999751448631,1.0,1.5561670420089024,1
14:44:40.806348,98,0.6394901908475056,2.786173747529811,0.8058923599151591,-0.5566400148672983,28.879999354481697,1.0,1.8451687319650067,1
14:44:40.806348,98,0.6301152043362501,2.7849755155155016,0.9713639699763108,-0.5566400148672983,81.35999818146229,1.0,1.8491221630720132,1
14:44:40.806348,98,0.6321519901919369,2.662927145585872,1.01583744625417,-0.5566400148672983,34.759999223053455,1.0,3.9705954292575067,1
14:44:40.806348,98,0.6169834789081553,2.726936075200393,0.9928009481967386,-0.5566400148672983,83.8799981251359,1.0,0.37479099883009115,1
14:44:40.806348,98,0.5930019249973655,2.672658257575452,1.224954913124767,-0.6958000185841229,23.35999947786331,1.0,3.5984892476948156,1
14:44:40.806348,98,0.5880061103023694,2.7327557763910413,0.9912415639625138,-0.5566400148672983,115.23999742418528,1.0,0.1613420877190303,1
14:44:40.806348,98,0.6142458987252885,2.7563595077353824,0.5791950338460761,-0.6263600167294499,10.759999759495258,1.0,1.4481467219028563,1
14:44:40.806348,98,0.6094557675388532,2.7922057434459244,0.8042760914806886,-0.5566400148672983,30.51999931782484,1.0,2.034944142278008,1
14:44:40.806348,98,0.5999491387701156,2.7803740000746324,0.9413181187828767,-0.5566400148672983,99.35999777913094,1.0,1.32196793537719,1
14:44:40.806348,98,0.5767899817831648,2.7033004962341827,1.0950951444644248,-0.5566400148672983,64.3599985614419,1.0,1.080101570931728,1
14:44:40.806348,98,0.5651508788153862,2.678251752582922,1.223456140654648,-0.5566400148672983,28.639999359846115,1.0,3.052113151006737,1
14:44:40.806348,98,0.5839139901940077,2.762146223732405,0.5776444879678453,-0.6263600167294499,9.999999776482582,0.9999999776482582,1.4795355355154263,1
14:44:40.806348,98,0.5793603991640495,2.7979473323548847,0.8027376373692614,-0.5566400148672983,31.359999299049377,1.0,2.3475240231596946,1
14:44:40.806348,98,0.5703232146274224,2.786026028498308,0.9398036623311552,-0.5566400148672983,117.6399973705411,1.0,1.5649812731555637,1
14:44:40.806348,98,0.6473569061277448,2.7501421966124515,1.0786174323720514,-0.5566400148672983,61.23999863117933,1.0,0.9978146194929549,1
14:44:40.806348,98,0.8080732144313933,2.773189501708962,1.0685154092798117,-0.6958000185841229,24.51999945193529,1.0,4.710716785721367,1
14:44:40.806348,98,0.6596463091739827,2.778746393967036,0.9730330580647776,-0.5566400148672983,65.87999852746725,1.0,1.7726547962332682,1
14:44:40.806348,98,0.5589699415781852,2.7382952913831566,0.9897572553939163,-0.5566400148672983,151.63999661058187,1.0,0.08210766446919161,1
14:44:40.806348,98,0.7048609782203056,2.7372456836031693,0.5843165675865729,-0.6958000185841229,10.87999975681305,1.0,2.2166136312459024,1
14:44:40.806348,98,0.8228813909649294,2.6934211792089577,0.5640852812148003,-0.6958000185841229,8.999999798834324,0.8999999798834324,6.490890897364627,1
14:44:40.806348,98,0.7886432419044125,2.7516797876078285,0.8151349886200059,-0.6958000185841229,17.999999597668648,1.0,2.971813925035951,1
14:44:40.806348,98,0.7788354852576259,2.780853745891421,1.066461781240527,-0.5566400148672983,29.35999934375286,1.0,4.35522057733025,1
14:44:40.806348,98,0.7626043997740856,2.722900204070126,1.085916902273982,-0.5566400148672983,21.51999951899052,1.0,2.915739819726688,1
14:44:40.806348,98,0.7931078719056509,2.701225872893793,0.5619940198447764,-0.6958000185841229,9.519999787211418,0.9519999787211418,5.262123005031409,1
14:44:40.806348,98,0.7589584627966922,2.759154192004467,0.8131322279980229,-0.6958000185841229,19.999999552965164,1.0,2.446206875653419,1
14:44:40.806348,98,0.7478320601510279,2.7583520692225045,0.9784977009102528,-0.5566400148672983,35.35999920964241,1.0,2.358697866533612,1
14:44:40.806348,98,0.733899730855344,2.7301278240834583,1.0839802673282106,-0.5566400148672983,26.99999939650297,1.0,2.2088781399779203,1
14:44:40.806348,98,0.716662124200746,2.643382864360348,1.0210743206251962,-0.5566400148672983,15.87999964505434,1.0,7.254361366798091,1
14:44:40.806348,98,0.764923638278635,2.723048181465705,0.5881207768188457,-0.6958000185841229,9.999999776482582,0.9999999776482582,3.515895838993575,1
14:44:40.806348,98,0.7291977884785484,2.766341494521406,0.8112063960928508,-0.5566400148672983,22.239999502897263,1.0,2.078059452198974,1
14:44:40.806348,98,0.718507680125262,2.765434005206676,0.9766001018824452,-0.5566400148672983,43.239999033510685,1.0,2.02058246767154,1
14:44:40.806348,98,0.7051216725783785,2.7370778215356517,1.082118021123497,-0.5566400148672983,34.639999225735664,1.0,1.6581932281925402,1
14:44:40.806348,98,0.6885599959289372,2.650169622452592,1.0192558142751538,-0.5566400148672983,20.119999550282955,1.0,5.988970003200243,1
14:44:40.806348,98,0.7349290543943279,2.730291973926241,0.5861798084789065,-0.6958000185841229,10.359999768435957,1.0,2.782796760481544,1
14:44:40.806348,98,0.6993641949924791,2.7732409764344146,0.8093576854860671,-0.5566400148672983,24.51999945193529,1.0,1.8599230486559437,1
14:44:40.806348,98,0.6891114499334499,2.772232340064116,0.9747784935475176,-0.5566400148672983,53.23999880999327,1.0,1.8275634003657593,1
14:44:40.806348,98,0.6762731027249067,2.743749501432782,1.080330349882902,-0.5566400148672983,45.51999898254872,1.0,1.256740868002164,1
14:44:40.806348,98,0.6603890122344115,2.6566846000252,1.0175101312958668,-0.5566400148672983,26.119999416172504,1.0,4.896489402763792,1
14:44:40.806348,98,0.6694606656728388,2.779851947801083,0.807586281047183,-0.5566400148672983,26.75999940186739,1.0,1.7846043088930015,1
14:44:40.806348,98,0.5483076736301713,2.7087343458071858,1.0936391488595465,-0.5566400148672983,84.75999810546637,1.0,0.8186640405858627,1
14:44:40.806348,98,0.4813420227881101,2.701183836619925,1.2467642670400023,-0.6263600167294499,42.87999904155731,1.0,2.0734736942270375,1
14:44:40.806348,98,0.5535236907529113,2.767639671547529,0.5761725230621204,-0.5566400148672983,8.879999801516533,0.8879999801516533,1.6441275734752139,1
14:44:40.806348,98,0.4193697074876453,2.7648870533266936,0.8206974494186818,-0.6263600167294499,106.23999762535097,1.0,1.5457441876037694,1
14:44:40.806348,98,0.4111880864013673,2.718713288001336,0.8726928915886019,-0.7655200204462744,82.51999815553427,1.0,1.3223499846739244,1
14:44:40.806348,98,0.4053539384656369,2.74080852469593,1.1151102503013282,-0.7655200204462744,48.87999890744686,1.0,1.5538956512598885,1
14:44:40.806348,98,0.3970152053967658,2.713911209873909,1.243353977654828,-0.6263600167294499,34.759999223053455,1.0,2.5378428713760193,1
14:44:40.806348,98,0.3877681090328758,2.7320496956031395,0.7363678425303892,-0.6958000185841229,90.11999798566104,1.0,1.9360041649844142,1
14:44:40.806348,98,0.3814710809432802,2.711091846591181,0.8442492850189935,-0.7655200204462744,61.87999861687422,1.0,2.0984767456768045,1
14:44:40.806348,98,0.3769655076721475,2.770077803442706,1.1975418873880228,-0.7655200204462744,36.63999918103218,1.0,3.3398963116893663,1
14:44:40.806348,98,0.3687677877614501,2.739292248800651,1.3249173192145507,-0.6263600167294499,29.23999934643507,1.0,3.5190664895766974,1
14:44:40.806348,98,0.4260728090913426,2.7847916485314013,0.7112011998196732,-0.6263600167294499,26.6399994045496,1.0,2.697205135854494,1
14:44:40.806348,98,0.3506264734206834,2.678640412113011,0.7617570835413865,-0.7655200204462744,47.35999894142151,1.0,4.8551922216365195,1
14:44:40.806348,98,0.3405430464307633,2.742717985539998,1.323999395821761,-0.6263600167294499,24.119999460875988,1.0,4.105557353634564,1
14:44:40.806348,98,0.3283743253645034,2.7389673307647486,0.7345142677753029,-0.6958000185841229,63.63999857753515,1.0,3.1726346580836116,1
14:44:40.806348,98,0.3215309395064129,2.681886710115368,0.7608872406132641,-0.7655200204462744,37.239999167621136,1.0,5.282441744838794,1
14:44:40.806348,98,0.3192742316664574,2.78474844309656,1.22371839693167,-0.7655200204462744,21.87999951094389,1.0,5.595746091662582,1
14:44:40.806348,98,0.2980991563342067,2.7291817804550997,0.706195695924529,-0.6958000185841229,53.75999879837036,1.0,4.174798529787081,1
14:44:40.806348,98,0.2683742637284677,2.731917659724703,0.7054626192836497,-0.6958000185841229,45.759998977184296,1.0,5.015101936008666,1
14:44:40.806348,98,0.5373239172746992,2.6913439514428346,1.2494008563268189,-0.5566400148672983,34.23999923467636,1.0,2.377708697243248,1
14:44:40.806348,98,0.3580891215047612,2.7356519393498733,0.7354026242275118,-0.6958000185841229,75.63999830931425,1.0,2.4985089889971785,1
14:44:40.806348,98,0.3481655546901903,2.7815249296702818,1.2245821347510324,-0.7655200204462744,27.99999937415123,1.0,4.742475283739191,1
14:44:40.806348,98,0.4340976314802177,2.736754251244234,1.116196589598605,-0.7655200204462744,65.63999853283167,1.0,1.1490542195792655,1
14:44:40.806348,98,0.4251675979188205,2.709940338853752,1.2444179693379271,-0.6263600167294499,39.87999910861254,1.0,2.2662351345380474,1
14:44:40.806348,98,0.5492070952347179,2.8033979401026103,0.8012771514249994,-0.5566400148672983,31.5199992954731,1.0,2.776770712436094,1
14:44:40.806348,98,0.5406402586410838,2.7913916146461384,0.9383659578559244,-0.5566400148672983,132.11999704688787,1.0,1.924482409560291,1
14:44:40.806348,98,0.5298778763281488,2.7435540662298807,0.9883481709205596,-0.5566400148672983,177.87999602407217,1.0,0.13141151121009326,1
14:44:40.806348,98,0.5200567787378326,2.72292857880584,1.11990116736329,-0.5566400148672983,100.6399977505207,1.0,0.6193981579045083,1
14:44:40.806348,98,0.518998871055989,2.8085570216328937,0.7998947796952738,-0.5566400148672983,30.879999309778214,1.0,3.316818458673097,1
14:44:40.806348,98,0.5091357413426325,2.7631154375007547,0.8523067696671098,-0.6263600167294499,138.51999690383673,1.0,0.549647154747774,1
14:44:40.806348,98,0.5002559145770767,2.73819122969408,0.9591581719658848,-0.5566400148672983,174.51999609917402,1.0,0.17083475243953086,1
14:44:40.806348,98,0.4914519193066812,2.7278138312819364,1.1185921679074975,-0.5566400148672983,100.7599977478385,1.0,0.6772055912521275,1
14:44:40.806348,98,0.5093584377399213,2.696399081049141,1.2480463384311742,-0.5566400148672983,39.51999911665917,1.0,2.1611191545081025,1
14:44:40.806348,98,0.4864529217914664,2.77597703319983,0.7135630688793586,-0.6263600167294499,29.759999334812164,1.0,1.5412868474644499,1
14:44:40.806348,98,0.4794506854837434,2.767889982987932,0.8510274340595951,-0.6263600167294499,134.35999699681997,1.0,0.9191042038620036,1
14:44:40.806348,98,0.4710885952119125,2.742882502424372,0.957901149226329,-0.5566400148672983,145.5199967473745,1.0,0.39856123094722185,1
14:44:40.806348,98,0.4627979150953381,2.732422542383817,1.1173572674896004,-0.5566400148672983,85.35999809205532,1.0,0.8553323507910887,1
14:44:40.806348,98,0.4532774740372891,2.705697739683637,1.2455547703593686,-0.6263600167294499,42.9999990388751,1.0,2.1100184925969003,1
14:44:40.806348,98,0.456285679534243,2.7805301488530536,0.7123430652170317,-0.6263600167294499,28.23999936878681,1.0,2.065116100248045,1
14:44:40.806348,98,0.4491072602477532,2.760692596803221,0.8218213506568339,-0.6263600167294499,122.23999726772308,1.0,1.0203016355560681,1
14:44:40.806348,98,0.4704535235469113,2.668875156858608,1.3712682491709356,-0.6958000185841229,19.999999552965164,1.0,5.007011217848283,1
14:44:40.806348,98,0.4403454794971686,2.7146006625050574,0.8737948662691013,-0.7655200204462744,110.87999752163888,1.0,1.0397988103105318,1
14:44:40.863994,99,0.5525875564060818,2.647513593061628,1.348199798807629,-0.6263600167294499,47.75999893248081,1.0,1.8047683207104694,1
14:44:40.863994,99,0.5652356648679201,2.68601895330973,1.2508276852762814,-0.6263600167294499,68.87999846041203,1.0,1.4605827214436586,1
14:44:40.863994,99,0.5771076266121286,2.712330431420674,1.1227409323964113,-0.6263600167294499,111.35999751091003,1.0,1.7352871356199264,1
14:44:40.863994,99,0.5880061103023694,2.7327557763910413,0.9912415639625138,-0.6263600167294499,94.35999789088964,1.0,2.3038944230095386,1
14:44:40.863994,99,0.5932198045698409,2.686098472487113,0.7177398335018124,-0.8349600223009475,30.35999932140112,1.0,0.7237843551598504,1
14:44:40.863994,99,0.5798194729259891,2.642044441630019,1.3496652535170122,-0.6263600167294499,34.759999223053455,1.0,2.1618838046576423,1
14:44:40.863994,99,0.6129059898442029,2.7419812523656053,0.5510736488280803,-0.7655200204462744,14.359999679028988,1.0,2.525580380448005,1
14:44:40.863994,99,0.566495348618125,2.588368773106737,1.3908757277332915,-0.6263600167294499,23.35999947786331,1.0,4.963958047518099,1
14:44:40.863994,99,0.5930908893682091,2.6804246191451795,1.2523266825978627,-0.6263600167294499,49.359998896718025,1.0,1.8738412246309866,1
14:44:40.863994,99,0.5398892155666851,2.593712244638072,1.389443948851692,-0.6263600167294499,28.519999362528324,1.0,4.724252363150143,1
14:44:40.863994,99,0.605547910018283,2.706618596317464,1.1242714139996162,-0.6263600167294499,82.23999816179276,1.0,2.1593358174504167,1
14:44:40.863994,99,0.6006430230248605,2.687119943006293,0.5800636343438175,-0.8349600223009475,24.759999446570877,1.0,1.5530647615881485,1
14:44:40.863994,99,0.5826402469864832,2.747755345287452,0.5495264852926494,-0.5566400148672983,12.879999712109566,1.0,2.4000202135366684,1
14:44:40.863994,99,0.5355221838431844,2.709749301516395,0.7423432151168281,-0.8349600223009475,36.63999918103218,1.0,0.4904397516754717,1
14:44:40.863994,99,0.5649241404282895,2.704434509719892,0.7437673092866408,-0.8349600223009475,33.639999248087406,1.0,0.48588849192740585,1
14:44:40.863994,99,0.5584375660853518,2.727964695284958,0.961898363602178,-0.6263600167294499,122.99999725073576,1.0,1.1887783995490802,1
14:44:40.863994,99,0.5486096329268141,2.717767273476683,1.121284134958128,-0.6263600167294499,152.75999658554792,1.0,1.3947658642192715,1
14:44:40.863994,99,0.5373239172746992,2.6913439514428346,1.2494008563268189,-0.6263600167294499,97.9999978095293,1.0,1.1342990901045278,1
14:44:40.863994,99,0.5251690444638142,2.6592578609781343,1.3738451958354796,-0.6263600167294499,66.51999851316214,1.0,1.641727518514549,1
14:44:40.863994,99,0.5132290940460082,2.5987984577765286,1.3880811021487098,-0.6263600167294499,34.11999923735857,1.0,4.593720321965986,1
14:44:40.863994,99,0.5523162405922015,2.75323680975921,0.5480577313141017,-0.5566400148672983,10.759999759495258,1.0,2.3731610566245713,1
14:44:40.863994,99,0.5424488395263011,2.7122649908910232,0.6046603326046496,-0.8349600223009475,19.519999563694,1.0,1.2492028335231706,1
14:44:40.863994,99,0.5200567787378326,2.72292857880584,1.11990116736329,-0.6263600167294499,205.2399954125285,1.0,1.140085597702858,1
14:44:40.863994,99,0.5093584377399213,2.696399081049141,1.2480463384311742,-0.6263600167294499,136.87999694049358,1.0,0.8972096788264562,1
14:44:40.863994,99,0.4978361756055993,2.664198637853376,1.3725213186617764,-0.6263600167294499,90.23999798297882,1.0,1.441693698072668,1
14:44:40.863994,99,0.6169834789081553,2.726936075200393,0.9928009481967386,-0.6263600167294499,72.87999837100506,1.0,2.7209755357929297,1
14:44:40.863994,99,0.5709828343737842,2.692778508406651,0.578547426314473,-0.8349600223009475,22.879999488592148,1.0,1.5797678322656052,1
14:44:40.863994,99,0.622454107819569,2.680227169549128,0.7193130443825639,-0.8349600223009475,27.99999937415123,1.0,0.8785526077075421,1
14:44:40.863994,99,0.7577920124470819,2.6642064452890986,0.4764325434746395,-0.7655200204462744,11.759999737143517,1.0,3.683476525214765,1
14:44:40.863994,99,0.643110442616431,2.735915108398126,0.5526990672053373,-0.7655200204462744,14.999999664723871,1.0,2.7472578845700513,1
14:44:40.863994,99,0.8273746083484984,2.5731074341316504,0.4860071659350291,-0.7655200204462744,10.119999773800371,1.0,9.516223133047175,1
14:44:40.863994,99,0.7985609091117227,2.580960164936637,0.4839030330574538,-0.7655200204462744,11.359999746084211,1.0,8.730635284615943,1
14:44:40.863994,99,0.7900181958334713,2.585854734329517,0.6214310252232247,-0.7655200204462744,16.8799996227026,1.0,6.872471746641576,1
14:44:40.863994,99,0.7874311687405565,2.6567435283743825,0.4784322260351183,-0.7655200204462744,10.119999773800371,1.0,4.28297484442001,1
14:44:40.863994,99,0.7696673544530708,2.5885341887907813,0.4818735794822819,-0.7655200204462744,13.35999970138073,1.0,8.072850411914924,1
14:44:40.863994,99,0.76143373388174,2.5933477340395923,0.6194232820020233,-0.7655200204462744,18.759999580681324,1.0,6.17334778055994,1
14:44:40.863994,99,0.7322470921758869,2.7008674667914265,0.9997860107677244,-0.5566400148672983,30.999999307096004,1.0,5.170421387098239,1
14:44:40.863994,99,0.4865176500459106,2.603626903905056,1.3867873239078738,-0.6263600167294499,39.63999911397696,1.0,4.574369979322957,1
14:44:40.863994,99,0.7406968337038016,2.5958287482980458,0.4799190081531697,-0.7655200204462744,15.87999964505434,1.0,7.543259332398838,1
14:44:40.863994,99,0.7327731291945504,2.600564259010416,0.6174896199639321,-0.7655200204462744,20.87999953329563,1.0,5.595292564724589,1
14:44:40.863994,99,0.7035338380270996,2.707801813829634,0.9979279580787994,-0.5566400148672983,37.35999916493893,1.0,4.443989724485104,1
14:44:40.863994,99,0.6904940890773343,2.6878389816618,1.1293033965807688,-0.5566400148672983,38.1199991479516,1.0,3.913592452709748,1
14:44:40.863994,99,0.676289599252358,2.6620313290786943,1.2572551498173286,-0.6263600167294499,21.87999951094389,1.0,3.617178061318847,1
14:44:40.863994,99,0.7333258886768288,2.7159705819724533,0.5580431869545175,-0.4872000130126253,13.23999970406294,1.0,3.967759023837022,1
14:44:40.863994,99,0.7135097782096557,2.617933921542189,0.5050315419509941,-0.8349600223009475,18.879999577999115,1.0,5.378794213901243,1
14:44:40.863994,99,0.705578388323222,2.621253029929977,0.642643169231627,-0.8349600223009475,23.11999948322773,1.0,3.824615083359956,1
14:44:40.863994,99,0.6747502310839306,2.714458470044658,0.9961443124216922,-0.5566400148672983,45.87999897450209,1.0,3.7927146793685123,1
14:44:40.863994,99,0.6622439760304365,2.6943722591262973,1.1275528101602283,-0.6263600167294499,48.119998924434185,1.0,3.2501207677702473,1
14:44:40.863994,99,0.6486206330243495,2.668430207314094,1.2555405755616882,-0.6263600167294499,27.87999937683344,1.0,2.95370639459372,1
14:44:40.863994,99,0.6341066442105063,2.630318425144813,1.352807230164657,-0.6263600167294499,19.999999552965164,1.0,3.153968189765579,1
14:44:40.863994,99,0.7033234026555226,2.722909122907723,0.5561840105142617,-0.4872000130126253,14.51999967545271,1.0,3.4701629131759706,1
14:44:40.863994,99,0.689251372535171,2.668429406965006,0.5850717483821852,-0.8349600223009475,21.87999951094389,1.0,2.143339533137735,1
14:44:40.863994,99,0.6516261661800079,2.674073783201255,0.7209618392851933,-0.8349600223009475,25.51999942958355,1.0,1.1390123792160032,1
14:44:40.863994,99,0.6458991496829598,2.720836769776454,0.9944352521594736,-0.5566400148672983,57.2399987205863,1.0,3.2178602062712764,1
14:44:40.863994,99,0.6339276391407642,2.700632339345778,1.1258754267208646,-0.6263600167294499,62.1199986115098,1.0,2.6648700611069085,1
14:44:40.863994,99,0.6208868052764533,2.674561508377913,1.2538976983930858,-0.6263600167294499,36.51999918371439,1.0,2.3721152470088676,1
14:44:40.863994,99,0.6069934079843772,2.6363125279288924,1.351201115164314,-0.6263600167294499,25.999999418854717,1.0,2.612157307829694,1
14:44:40.863994,99,0.6302431478768535,2.681175169890832,0.5816565314992914,-0.8349600223009475,24.23999945819378,1.0,1.6394931536647102,1
14:44:40.863994,99,0.5219370030365916,2.7584250976390257,0.5466675337666049,-0.5566400148672983,8.759999804198742,0.8759999804198741,2.447891609743613,1
14:44:40.863994,99,0.5293732087698981,2.7332184615567257,0.960490621172436,-0.6263600167294499,157.9999964684248,1.0,0.9885495700708088,1
14:44:40.863994,99,0.5060666754883557,2.71477983122312,0.7409952887444105,-0.8349600223009475,36.75999917834997,1.0,0.6027246749945709,1
14:44:40.863994,99,0.3833156764192593,2.755262797964627,0.9545838590342588,-0.6958000185841229,127.11999715864658,1.0,1.4218085495465007,1
14:44:40.863994,99,0.376362443301847,2.735537268969628,1.0864573272433766,-0.6958000185841229,128.35999713093042,1.0,1.0035611269712572,1
14:44:40.863994,99,0.3688231116867911,2.717609955660332,1.242362901708348,-0.7655200204462744,67.23999849706888,1.0,1.14540347503657,1
14:44:40.863994,99,0.3599932326854868,2.70291229230766,1.4484614721271492,-0.6958000185841229,48.35999891906977,1.0,2.1120763254001904,1
14:44:40.863994,99,0.3515797017811401,2.646790770548453,1.487659688391107,-0.6263600167294499,30.759999312460423,1.0,4.208988856052763,1
14:44:40.863994,99,0.3602607703186999,2.7841141255377475,0.8466801881654846,-0.7655200204462744,21.51999951899052,1.0,2.928465292062138,1
14:44:40.863994,99,0.3527528646440187,2.726092636760067,0.8707156010480324,-0.6958000185841229,97.51999782025814,1.0,2.14561545690703,1
14:44:40.863994,99,0.3467737743407353,2.710245066600791,1.0031586475307028,-0.7655200204462744,93.99999789893629,1.0,1.9447511010223377,1
14:44:40.863994,99,0.340594135974648,2.7210362063415405,1.2414448406052516,-0.7655200204462744,47.9999989271164,1.0,1.5044905627527139,1
14:44:40.863994,99,0.3324400780701536,2.706256516190697,1.4475653900383805,-0.6958000185841229,35.11999921500683,1.0,2.384288562678721,1
14:44:40.863994,99,0.3246705018205625,2.650056835376163,1.4867845489580946,-0.6263600167294499,25.359999433159828,1.0,4.721637912273688,1
14:44:40.863994,99,0.3303657673586336,2.787449623304369,0.8457864442325622,-0.7655200204462744,19.999999552965164,1.0,3.3921173560346074,1
14:44:40.863994,99,0.3234808794556901,2.7293586220938257,0.8698404829153599,-0.6958000185841229,75.35999831557274,1.0,2.9080593074049985,1
14:44:40.863994,99,0.3179979434302012,2.713455694138209,1.0022983624748547,-0.7655200204462744,70.23999843001366,1.0,2.6758762065059116,1
14:44:40.863994,99,0.3122842510807406,2.7458709254779308,1.323154568111608,-0.6958000185841229,35.23999921232462,1.0,2.528572272956211,1
14:44:40.863994,99,0.3046553082106119,2.714784647572544,1.474020726930366,-0.6958000185841229,26.119999416172504,1.0,2.905551478689239,1
14:44:40.863994,99,0.2977288350818121,2.653062818327769,1.48597909825375,-0.6263600167294499,20.75999953597784,1.0,5.3553436311162095,1
14:44:40.863994,99,0.3004377280986122,2.790496195562296,0.8449701176563682,-0.7655200204462744,18.519999586045746,1.0,3.9707693637503816,1
14:44:40.863994,99,0.2941765464504286,2.732341703183608,0.8690411687463959,-0.6958000185841229,59.239998675882816,1.0,3.8016874721642906,1
14:44:40.863994,99,0.2891903129917432,2.716388212601843,1.0015125965207343,-0.7655200204462744,53.75999879837036,1.0,3.5367524830576604,1
14:44:40.863994,99,0.2839232225042327,2.7554289020258578,1.3500403850009897,-0.6958000185841229,26.75999940186739,1.0,3.270772969439969,1
14:44:40.863994,99,0.512612341979053,2.717360587458157,0.6032949716195313,-0.8349600223009475,15.639999650418758,1.0,1.4402569424569205,1
14:44:40.863994,99,0.2648427960369834,2.7350415817238045,0.8683177384718883,-0.6958000185841229,47.51999893784523,1.0,4.831294286309111,1
14:44:40.863994,99,0.2603537637642698,2.719042328742304,1.0008014282442796,-0.7655200204462744,42.11999905854464,1.0,4.532013388652648,1
14:44:40.863994,99,0.2354825615658199,2.737457987728823,0.8676702644342578,-0.6958000185841229,38.75999913364649,1.0,6.001934213529659,1
14:44:40.863994,99,0.3901197475035612,2.780490035809412,0.84765126008149,-0.6263600167294499,23.23999948054552,1.0,2.575053279933049,1
14:44:40.863994,99,0.3696492569627627,2.5817710624057706,1.5005017237019214,-0.6263600167294499,5.519999876618385,0.5519999876618386,10.445733412250348,1
14:44:40.863994,99,0.277056395351692,2.717594122711706,1.473267930335672,-0.6958000185841229,19.999999552965164,1.0,3.3436167050766157,1
14:44:40.863994,99,0.3880342738386457,2.6813146225801985,1.3679351043765609,-0.6263600167294499,67.35999849438667,1.0,1.634149833216084,1
14:44:40.863994,99,0.3787001682724479,2.6379322704265307,1.4619463002104385,-0.6263600167294499,36.51999918371439,1.0,4.112348785998611,1
14:44:40.863994,99,0.5002559145770767,2.73819122969408,0.9591581719658848,-0.6263600167294499,191.5199957191944,1.0,0.8797368962899842,1
14:44:40.863994,99,0.4813420227881101,2.701183836619925,1.2467642670400023,-0.6263600167294499,170.75999618321657,1.0,0.7517927347856976,1
14:44:40.863994,99,0.4704535235469113,2.668875156858608,1.3712682491709356,-0.6263600167294499,110.23999753594398,1.0,1.338187191384806,1
14:44:40.863994,99,0.4591368354375445,2.6257920341649665,1.4651992667126477,-0.6263600167294499,43.35999903082848,1.0,3.4844806200530827,1
14:44:40.863994,99,0.4915055722179573,2.763319690102457,0.5453560316687491,-0.5566400148672983,6.8799998462200165,0.6879999846220016,2.627404156934169,1
14:44:40.863994,99,0.485593583677034,2.762937807589795,0.6854740570813853,-0.6263600167294499,12.23999972641468,1.0,1.9716870982282444,1
14:44:40.863994,99,0.478799902658099,2.756211112092376,0.8230221608659971,-0.6263600167294499,33.7599992454052,1.0,1.4108165686931975,1
14:44:40.863994,99,0.4710885952119125,2.742882502424372,0.957901149226329,-0.6263600167294499,207.3599953651428,1.0,0.8652907040638347,1
14:44:40.863994,99,0.4627979150953381,2.732422542383817,1.1173572674896004,-0.6263600167294499,264.75999408215284,1.0,0.8988541887974479,1
14:44:40.863994,99,0.4532774740372891,2.705697739683637,1.2455547703593686,-0.6263600167294499,169.9999962002039,1.0,0.7007841745166414,1
14:44:40.863994,99,0.443023826530015,2.67328695034585,1.3700861126688562,-0.6263600167294499,110.87999752163888,1.0,1.3338179954065408,1
14:44:40.863994,99,0.4323669556194532,2.63009770262944,1.464045566324716,-0.6263600167294499,44.11999901384115,1.0,3.582293052271554,1
14:44:40.863994,99,0.4914519193066812,2.7278138312819364,1.1185921679074975,-0.6263600167294499,253.3599943369627,1.0,0.9738305332315134,1
14:44:40.863994,99,0.4554796330332795,2.767482879986117,0.6842562086032498,-0.6263600167294499,9.519999787211418,0.9519999787211418,2.1592444422767265,1
14:44:40.863994,99,0.4620328643868274,2.7823550594592383,0.5722295467548673,-0.5566400148672983,5.519999876618385,0.5519999876618386,3.383063730121588,1
14:44:40.863994,99,0.4051308282925664,2.731762914930468,1.0874686623601186,-0.6263600167294499,175.51999607682228,1.0,0.7201700937926168,1
14:44:40.863994,99,0.4126155525053628,2.7514187133666166,0.9556138783979328,-0.6263600167294499,162.51999636739492,1.0,1.132685486432662,1
14:44:40.863994,99,0.4193697074876453,2.7648870533266936,0.8206974494186818,-0.6263600167294499,25.11999943852425,1.0,1.7518449392924578,1
14:44:40.863994,99,0.4253201348078229,2.7717368515585905,0.6831163603557806,-0.6263600167294499,7.519999831914902,0.7519999831914902,2.452981298804512,1
14:44:40.863994,99,0.3970152053967658,2.713911209873909,1.243353977654828,-0.7655200204462744,96.35999784618616,1.0,0.8942159136776457,1
14:44:40.863994,99,0.4155498275016314,2.677433577139449,1.3689750273681982,-0.6263600167294499,91.35999795794488,1.0,1.431440054407824,1
14:44:40.863994,99,0.4251675979188205,2.709940338853752,1.2444179693379271,-0.6263600167294499,135.35999697446823,1.0,0.7471762218087972,1
14:44:40.863994,99,0.4338587005398754,2.7277108729845403,1.088554403727227,-0.6263600167294499,229.3599948734045,1.0,0.5420958522820588,1
14:44:40.863994,99,0.4418741673819055,2.7472918106242594,0.9567196786549892,-0.6263600167294499,194.7599956467748,1.0,0.9484389256637198,1
14:44:40.863994,99,0.4491072602477532,2.760692596803221,0.8218213506568339,-0.6263600167294499,28.999999351799488,1.0,1.5300693853327352,1
14:44:40.863994,99,0.4055538394680372,2.6341445829448418,1.4629612080123384,-0.6263600167294499,41.35999907553196,1.0,3.790603189636598,1
14:44:41.037915,100,0.5345761629579449,2.696992507898736,0.7148207855109519,-0.6958000185841229,30.23999932408333,1.0,0.9411208978087783,1
14:44:41.037915,100,0.5412655479176404,2.6981503002401053,0.5771080590307909,-0.6958000185841229,9.999999776482582,0.9999999776482582,1.4114110728127747,1
14:44:41.037915,100,0.5535236907529113,2.767639671547529,0.5761725230621204,-0.4872000130126253,5.119999885559082,0.5119999885559082,6.117104110079549,1
14:44:41.037915,100,0.5125361828028291,2.6164060808773044,1.467714225316273,-0.6958000185841229,24.63999944925308,1.0,4.4644383611198855,1
14:44:41.037915,100,0.5328165617584397,2.5806064785507976,0.9266757032919464,-0.5566400148672983,30.759999312460423,1.0,3.045868041684568,1
14:44:41.037915,100,0.5413778788914926,2.591712610056114,0.7961275845338367,-0.5566400148672983,85.51999808847904,1.0,2.6745429209277822,1
14:44:41.037915,100,0.5531510096598912,2.648073559888003,0.7699474469102388,-0.5566400148672983,85.35999809205532,1.0,0.4472869315959003,1
14:44:41.037915,100,0.5243617956625974,2.653277590372767,0.7685530311444593,-0.5566400148672983,97.9999978095293,1.0,0.35434560825977485,1
14:44:41.037915,100,0.5709828343737842,2.692778508406651,0.578547426314473,-0.6958000185841229,11.359999746084211,1.0,1.518201658773878,1
14:44:41.037915,100,0.5251690444638142,2.6592578609781343,1.3738451958354796,-0.6263600167294499,25.51999942958355,1.0,4.0538589479138105,1
14:44:41.037915,100,0.5639261798366557,2.691687104889835,0.7162423639627087,-0.6958000185841229,32.87999926507473,1.0,1.1699258398119945,1
14:44:41.037915,100,0.5051726889108064,2.7020141509779605,0.7134752403031963,-0.6958000185841229,26.119999416172504,1.0,0.8194375503673731,1
14:44:41.037915,100,0.5050856713688561,2.585619203072232,0.9253325478045484,-0.5566400148672983,38.6399991363287,1.0,3.087618178546588,1
14:44:41.037915,100,0.4978361756055993,2.664198637853376,1.3725213186617764,-0.6263600167294499,31.119999304413795,1.0,3.399147706101082,1
14:44:41.037915,100,0.4858608019567574,2.6212280081146613,1.4664221938070616,-0.6958000185841229,29.639999337494373,1.0,3.9104758901695673,1
14:44:41.037915,100,0.5114941353601774,2.703234781331973,0.5757456764282933,-0.6958000185841229,8.239999815821648,0.8239999815821648,1.4163852319174666,1
14:44:41.037915,100,0.4955201459250481,2.6582032828459004,0.7672331958241192,-0.6958000185841229,109.11999756097794,1.0,0.3774153841438115,1
14:44:41.037915,100,0.4872524907896526,2.636761813240566,0.8733034108275348,-0.5566400148672983,138.63999690115452,1.0,0.6045887067265132,1
14:44:41.037915,100,0.4773042728352966,2.590363821597701,0.9240612311022552,-0.5566400148672983,49.11999890208244,1.0,3.255603419094272,1
14:44:41.037915,100,0.4704535235469113,2.668875156858608,1.3712682491709356,-0.7655200204462744,37.75999915599823,1.0,2.836978533961948,1
14:44:41.037915,100,0.4591368354375445,2.6257920341649665,1.4651992667126477,-0.6958000185841229,34.639999225735664,1.0,3.4558156367231905,1
14:44:41.037915,100,0.5839139901940077,2.762146223732405,0.5776444879678453,-0.4872000130126253,5.879999868571758,0.5879999868571758,6.528392736280809,1
14:44:41.037915,100,0.4816715738177087,2.708031443238406,0.5744604147440995,-0.6958000185841229,6.6399998515844345,0.6639999851584435,1.5368251808628886,1
14:44:41.037915,100,0.5156129233344664,2.6319183049672183,0.8746012249579118,-0.5566400148672983,108.63999757170676,1.0,0.5871354955479757,1
14:44:41.037915,100,0.5391603104600238,2.611326734641581,1.4690752320382132,-0.6958000185841229,20.359999544918537,1.0,5.114862101050798,1
14:44:41.037915,100,0.689251372535171,2.668429406965006,0.5850717483821852,-0.7655200204462744,12.639999717473984,1.0,2.997191306678773,1
14:44:41.037915,100,0.5808569865668615,2.630119649296072,0.744462388866231,-0.5566400148672983,73.51999835669994,1.0,0.8667832678791527,1
14:44:41.037915,100,0.4757186980180111,2.706751531967407,0.7122058628928356,-0.6958000185841229,21.359999522566795,1.0,0.8084985801452959,1
14:44:41.037915,100,0.7985609091117227,2.580960164936637,0.4839030330574538,-0.7655200204462744,8.359999813139439,0.8359999813139438,5.037392879887394,1
14:44:41.037915,100,0.7900181958334713,2.585854734329517,0.6214310252232247,-0.6263600167294499,19.239999569952488,1.0,4.687437448196619,1
14:44:41.037915,100,0.7772394423609985,2.6471799934282227,0.5907655115790011,-0.7655200204462744,9.359999790787697,0.9359999790787696,5.133662734880075,1
14:44:41.037915,100,0.76143373388174,2.5933477340395923,0.6194232820020233,-0.7655200204462744,21.51999951899052,1.0,3.890426123751322,1
14:44:41.037915,100,0.7479839058466942,2.6545463177641744,0.5887917109219973,-0.7655200204462744,10.519999764859676,1.0,4.328348993552732,1
14:44:41.037915,100,0.7327731291945504,2.600564259010416,0.6174896199639321,-0.7655200204462744,23.9999994635582,1.0,3.19766564618665,1
14:44:41.037915,100,0.694980099601514,2.6054690831839817,0.7510674881489354,-0.5566400148672983,40.759999088943005,1.0,2.511401854752425,1
14:44:41.037915,100,0.7333258886768288,2.7159705819724533,0.5580431869545175,-0.5566400148672983,5.359999880194664,0.5359999880194664,8.012958497615262,1
14:44:41.037915,100,0.7186535715684668,2.661629691720256,0.5868937265907774,-0.7655200204462744,11.759999737143517,1.0,3.615513199258203,1
14:44:41.037915,100,0.7040392478083591,2.6075035875955384,0.6156302324735345,-0.7655200204462744,26.6399994045496,1.0,2.610868948971402,1
14:44:41.037915,100,0.5695002129666525,2.586347436272257,0.7975651785164737,-0.5566400148672983,68.23999847471714,1.0,2.6860001278658934,1
14:44:41.037915,100,0.666546450871339,2.6120448061261845,0.7493055284969214,-0.5566400148672983,46.879998952150345,1.0,1.9387936122645972,1
14:44:41.037915,100,0.6767111329058528,2.627929031154012,0.640854340094978,-0.7655200204462744,29.35999934375286,1.0,1.960414432925116,1
14:44:41.037915,100,0.6380461480545102,2.6183455569121343,0.7476172474121163,-0.5566400148672983,54.239998787641525,1.0,1.4722152365255345,1
14:44:41.037915,100,0.6445163831813122,2.7502801022232117,0.5808240056435237,-0.5566400148672983,6.359999857842922,0.6359999857842922,7.617576845095649,1
14:44:41.037915,100,0.6302431478768535,2.681175169890832,0.5816565314992914,-0.7655200204462744,12.999999709427357,1.0,2.0534410851777594,1
14:44:41.037915,100,0.6187765039004453,2.640442897666254,0.6375012596688316,-0.7655200204462744,31.75999929010868,1.0,1.2009614153387442,1
14:44:41.037915,100,0.6094820411574314,2.6243707054720327,0.746002813721214,-0.5566400148672983,62.99999859184027,1.0,1.1140199207136154,1
14:44:41.037915,100,0.5975655974976435,2.580710894390452,0.7990754853618076,-0.5566400148672983,55.23999876528978,1.0,2.8199243423194322,1
14:44:41.037915,100,0.6142458987252885,2.7563595077353824,0.5791950338460761,-0.4872000130126253,6.359999857842922,0.6359999857842922,7.0296864630363345,1
14:44:41.037915,100,0.6006430230248605,2.687119943006293,0.5800636343438175,-0.7655200204462744,12.11999972909689,1.0,1.7332892387916647,1
14:44:41.037915,100,0.5897149237267696,2.6462795115782947,0.6359373436845681,-0.7655200204462744,33.11999925971031,1.0,0.9859288730240698,1
14:44:41.037915,100,0.7048609782203056,2.7372456836031693,0.5843165675865729,-0.5566400148672983,5.999999865889549,0.5999999865889549,9.040764342238184,1
14:44:41.037915,100,0.4666289445880537,2.662850144742284,0.7659880729316442,-0.6958000185841229,115.63999741524458,1.0,0.5199679059264334,1
14:44:41.037915,100,0.145182749820197,2.764754682248265,1.1086938967233515,-0.6958000185841229,36.11999919265509,1.0,4.60040276381007,1
14:44:41.037915,100,0.4494751442743397,2.594839859669329,0.9228618803156716,-0.5566400148672983,62.5199986025691,1.0,3.5530302003923104,1
14:44:41.037915,100,0.3246705018205625,2.650056835376163,1.4867845489580946,-0.6958000185841229,33.359999254345894,1.0,2.806585323987345,1
14:44:41.037915,100,0.3299173450827098,2.775744203113174,0.8177882849012907,-0.6958000185841229,10.239999771118164,1.0,3.3453158552861586,1
14:44:41.037915,100,0.3234808794556901,2.7293586220938257,0.8698404829153599,-0.6958000185841229,64.3599985614419,1.0,1.4841964146062394,1
14:44:41.037915,100,0.3176950750659817,2.7033131213818327,0.975040946846708,-0.6958000185841229,154.63999654352665,1.0,1.0514356019593372,1
14:44:41.037915,100,0.3119563662923678,2.691471322320432,1.1316028108160197,-0.7655200204462744,84.35999811440706,1.0,0.9157143667087757,1
14:44:41.037915,100,0.3046553082106119,2.714784647572544,1.474020726930366,-0.7655200204462744,39.759999111294746,1.0,2.9165178572621495,1
14:44:41.037915,100,0.2977288350818121,2.653062818327769,1.48597909825375,-0.6958000185841229,28.519999362528324,1.0,2.9605271700281417,1
14:44:41.037915,100,0.2941765464504286,2.732341703183608,0.8690411687463959,-0.6958000185841229,53.63999880105257,1.0,2.009515312682353,1
14:44:41.037915,100,0.2891903129917432,2.716388212601843,1.0015125965207343,-0.6958000185841229,119.51999732851982,1.0,1.4035241604343363,1
14:44:41.037915,100,0.2836960460647078,2.6943481264724727,1.1308319734666976,-0.7655200204462744,68.51999846845865,1.0,1.3633623610382197,1
14:44:41.037915,100,0.277056395351692,2.717594122711706,1.473267930335672,-0.7655200204462744,33.11999925971031,1.0,2.8450488932653952,1
14:44:41.037915,100,0.3322237557939512,2.711708732327903,1.474844915936154,-0.7655200204462744,46.23999896645546,1.0,3.097856871201546,1
14:44:41.037915,100,0.2648427960369834,2.7350415817238045,0.8683177384718883,-0.6958000185841229,45.11999899148941,1.0,2.6697597114000624,1
14:44:41.037915,100,0.2557141623112139,2.7296766979811613,1.2391296278482071,-0.7655200204462744,53.99999879300594,1.0,1.8278544581141856,1
14:44:41.037915,100,0.249429777085355,2.7201368768002285,1.4725866014311015,-0.7655200204462744,27.239999391138557,1.0,2.88797841636828,1
14:44:41.037915,100,0.2354825615658199,2.737457987728823,0.8676702644342578,-0.6958000185841229,38.519999139010906,1.0,3.4701793392829527,1
14:44:41.037915,100,0.2314911793785445,2.721417777150201,1.000164928761722,-0.6958000185841229,70.99999841302633,1.0,2.739179761952474,1
14:44:41.037915,100,0.2273659199750095,2.732009815009917,1.238504471024505,-0.7655200204462744,42.35999905318022,1.0,2.203441886367291,1
14:44:41.037915,100,0.2068142643109646,2.7723685821438853,0.9500003779775256,-0.6958000185841229,33.11999925971031,1.0,4.032661232347388,1
14:44:41.037915,100,0.2026054460688248,2.723514320282684,0.999603161722476,-0.6958000185841229,55.87999875098467,1.0,3.6194696879899406,1
14:44:41.037915,100,0.1989949412372948,2.7340689969595875,1.237952714884022,-0.7655200204462744,33.639999248087406,1.0,2.710414707004165,1
14:44:41.037915,100,0.1773077928214285,2.774223764639456,0.9495032833260252,-0.6958000185841229,28.879999354481697,1.0,4.7868284147643845,1
14:44:41.037915,100,0.1741873560131524,2.7632122302621083,1.109107195487406,-0.6958000185841229,44.63999900221825,1.0,3.8378398566547545,1
14:44:41.037915,100,0.4588433334039805,2.64133114316991,0.8720790625630157,-0.5566400148672983,174.6399960964918,1.0,0.7427202617054995,1
14:44:41.037915,100,0.2603537637642698,2.719042328742304,1.0008014282442796,-0.6958000185841229,91.75999794900416,1.0,2.0022887268653253,1
14:44:41.037915,100,0.3401854911447559,2.6883216928313627,1.1324467514940728,-0.7655200204462744,96.99999783188105,1.0,0.5959366392763663,1
14:44:41.037915,100,0.2707573957089909,2.655808418807495,1.485243416822469,-0.6958000185841229,23.87999946624041,1.0,3.236718012680531,1
14:44:41.037915,100,0.3527528646440187,2.726092636760067,0.8707156010480324,-0.6958000185841229,77.35999827086926,1.0,1.0887582259518023,1
14:44:41.037915,100,0.3452449589693374,2.6680711479823853,0.8947510139305805,-0.6958000185841229,193.23999568074944,1.0,1.7885246860347086,1
14:44:41.037915,100,0.4320856098667473,2.6354354806874545,1.490702329139183,-0.6958000185841229,38.99999912828207,1.0,3.3336510138960107,1
14:44:41.037915,100,0.451800845521403,2.7125398062972312,0.573252402503301,-0.6958000185841229,5.359999880194664,0.5359999880194664,1.776663407520906,1
14:44:41.037915,100,0.4462171356539713,2.711204177132946,0.7110127802165471,-0.6958000185841229,17.359999611973763,1.0,0.9121527160362046,1
14:44:41.037915,100,0.4397477761585702,2.7031592173146533,0.8463748266274946,-0.6958000185841229,114.3599974438548,1.0,0.3498261997272304,1
14:44:41.037915,100,0.4309732740363473,2.6568237660960574,0.8977647408239862,-0.5566400148672983,209.75999531149864,1.0,0.48011896264742304,1
14:44:41.037915,100,0.4234680044350972,2.6402549261603454,1.0277978061987012,-0.5566400148672983,78.11999825388193,1.0,0.7994917150390305,1
14:44:41.037915,100,0.414718755560128,2.7008855548823014,1.4777449775922418,-0.6263600167294499,50.23999887704849,1.0,4.258591239658746,1
14:44:41.037915,100,0.4052899412937088,2.6394797276550164,1.4896186764302328,-0.6958000185841229,41.23999907821417,1.0,3.037979918289081,1
14:44:41.037915,100,0.4174083200749596,2.7281609597459013,0.7374098261629141,-0.6958000185841229,14.51999967545271,1.0,1.2974393602725387,1
14:44:41.037915,100,0.410629959876906,2.70726626053496,0.8452743477133338,-0.6958000185841229,105.5199976414442,1.0,0.4719942018120258,1
14:44:41.037915,100,0.4024364597622198,2.6608488594773734,0.8966862203030028,-0.6958000185841229,230.23999485373497,1.0,0.7864064914653056,1
14:44:41.037915,100,0.442425699506508,2.6912852629756703,1.4515769252470287,-0.6263600167294499,44.63999900221825,1.0,4.124257914364664,1
14:44:41.037915,100,0.3580891215047612,2.7356519393498733,0.7354026242275118,-0.6958000185841229,11.119999751448631,1.0,1.9100792178118415,1
14:44:41.037915,100,0.3954281501758732,2.6442099237542496,1.0267380677873477,-0.5566400148672983,92.75999792665245,1.0,1.055460338037586,1
14:44:41.037915,100,0.3434004222822318,2.585214856530177,1.4995789618473876,-0.6263600167294499,11.239999748766422,1.0,6.35443162126841,1
14:44:41.037915,100,0.3597589812800484,2.70836668456673,1.4757404149348263,-0.7655200204462744,51.23999885469675,1.0,3.3847220651543375,1
14:44:41.037915,100,0.3673487534329217,2.647893883926088,1.025750953634355,-0.5566400148672983,100.51999775320292,1.0,1.438635722703687,1
14:44:41.037915,100,0.3515797017811401,2.646790770548453,1.487659688391107,-0.6958000185841229,37.87999915331602,1.0,2.7707765915087643,1
14:44:41.037915,100,0.3814710809432802,2.711091846591181,0.8442492850189935,-0.6958000185841229,91.87999794632196,1.0,0.7138892750110374,1
14:44:41.037915,100,0.3877681090328758,2.7320496956031395,0.7363678425303892,-0.6958000185841229,12.519999720156193,1.0,1.5420621451701246,1
14:44:41.037915,100,0.3784537440660934,2.643264950448386,1.4886044290395777,-0.6958000185841229,40.8799990862608,1.0,2.849161691989323,1
14:44:41.037915,100,0.3872582311694241,2.704758838491001,1.476707134377234,-0.6263600167294499,52.87999881803989,1.0,3.7729563010392466,1
14:44:41.037915,100,0.3738594021792777,2.664598111746845,0.8956816111851775,-0.6958000185841229,223.63999500125647,1.0,1.2211416969691022,1
14:44:41.050081,101,0.5133574451679751,2.592408686109862,1.36165557702974,-0.6263600167294499,50.1199988797307,1.0,3.0816926789680394,1
14:44:41.050081,101,0.5345761629579449,2.696992507898736,0.7148207855109519,-0.4872000130126253,21.99999950826168,1.0,2.578061886044856,1
14:44:41.050081,101,0.5424488395263011,2.7122649908910232,0.6046603326046496,-0.4872000130126253,8.999999798834324,0.8999999798834324,3.89270866437173,1
14:44:41.050081,101,0.5012891436282022,2.538339054574923,1.4023170084619396,-0.6263600167294499,23.87999946624041,1.0,6.577649943974261,1
14:44:41.050081,101,0.5363838433543906,2.6498285705373545,1.1133494200765428,-0.5566400148672983,106.35999762266874,1.0,1.7710104111926825,1
14:44:41.050081,101,0.5642467580087843,2.644512888743445,1.1147737527204415,-0.5566400148672983,90.63999797403812,1.0,1.6690520656800931,1
14:44:41.050081,101,0.5531510096598912,2.648073559888003,0.7699474469102388,-0.5566400148672983,43.99999901652336,1.0,0.6929750588869408,1
14:44:41.050081,101,0.5605943725547847,2.651835125038466,0.6344487215444559,-0.4872000130126253,22.239999502897263,1.0,1.7349848302210034,1
14:44:41.050081,101,0.5722310926440604,2.706881455475838,0.6061028465715728,-0.4872000130126253,9.759999781847,0.9759999781847,3.4665857802098023,1
14:44:41.050081,101,0.5243617956625974,2.653277590372767,0.7685530311444593,-0.5566400148672983,46.35999896377325,1.0,0.5236073572140466,1
14:44:41.050081,101,0.5400242339967775,2.587321200983573,1.3630187645608345,-0.6263600167294499,40.23999910056591,1.0,3.429565014756244,1
14:44:41.050081,101,0.5446610912483689,2.637973444465335,0.9028156692820052,-0.5566400148672983,117.99999736249448,1.0,0.32526317049103415,1
14:44:41.050081,101,0.5163137422638846,2.643097602015845,0.9014426554044564,-0.5566400148672983,141.1199968457222,1.0,0.17737874558078934,1
14:44:41.050081,101,0.5051726889108064,2.7020141509779605,0.7134752403031963,-0.4872000130126253,20.119999550282955,1.0,3.05834415784778,1
14:44:41.050081,101,0.4979606771828402,2.62886198379528,1.2379996264102635,-0.6958000185841229,78.51999824494123,1.0,2.056674300385429,1
14:44:41.050081,101,0.4866393210247473,2.5972383397624466,1.360361475233808,-0.6263600167294499,60.11999865621328,1.0,2.8743519346612594,1
14:44:41.050081,101,0.4751991244862217,2.543055169956736,1.4010533291539709,-0.6263600167294499,26.119999416172504,1.0,5.777580404107486,1
14:44:41.050081,101,0.512612341979053,2.717360587458157,0.6032949716195313,-0.4872000130126253,7.999999821186066,0.7999999821186066,4.454997978654666,1
14:44:41.050081,101,0.4946447902045103,2.6457036419007425,0.7402866706329567,-0.5566400148672983,46.51999896019697,1.0,0.6000460248403687,1
14:44:41.050081,101,0.4872524907896526,2.636761813240566,0.8733034108275348,-0.5566400148672983,164.75999631732702,1.0,0.08873989663856517,1
14:44:41.050081,101,0.479417873889235,2.6315334277560893,1.030134724652911,-0.5566400148672983,145.3599967509508,1.0,0.23030120563556095,1
14:44:41.050081,101,0.4700770979925002,2.609172452682257,1.1569274234549285,-0.5566400148672983,88.7599980160594,1.0,0.8032337874982761,1
14:44:41.050081,101,0.4598725333571237,2.6018096789800063,1.359136588582134,-0.6263600167294499,66.9999985024333,1.0,2.798414098517712,1
14:44:41.050081,101,0.4490615858299148,2.547519043507561,1.3998572378409126,-0.6263600167294499,27.519999384880062,1.0,5.128264480202856,1
14:44:41.050081,101,0.4827245836270742,2.722167735621854,0.6020069001511721,-0.4872000130126253,6.999999843537808,0.6999999843537809,5.14246500365496,1
14:44:41.050081,101,0.5073222941440785,2.626767799088271,1.0314116710058796,-0.5566400148672983,124.7599972113967,1.0,0.2949772350208778,1
14:44:41.050081,101,0.5749430214539971,2.6644869124273702,0.9854443981812182,-0.5566400148672983,97.75999781489372,1.0,1.6547113656584176,1
14:44:41.050081,101,0.7917452998500034,2.5995568488661585,0.6484566434265169,-0.5566400148672983,8.999999798834324,0.8999999798834324,11.098603839355908,1
14:44:41.050081,101,0.5897149237267696,2.6462795115782947,0.6359373436845681,-0.5566400148672983,20.63999953866005,1.0,2.183598682381886,1
14:44:41.050081,101,0.4757186980180111,2.706751531967407,0.7122058628928356,-0.4872000130126253,17.359999611973763,1.0,3.662862221042441,1
14:44:41.050081,101,0.757532612705906,2.650898041266193,0.8908639321858007,-0.6263600167294499,20.119999550282955,1.0,3.655993446317016,1
14:44:41.050081,101,0.7772394423609985,2.6471799934282227,0.5907655115790011,-0.4872000130126253,6.239999860525131,0.6239999860525132,6.301976113108199,1
14:44:41.050081,101,0.7630983477691743,2.607066229451969,0.6464445109628909,-0.5566400148672983,9.759999781847,0.9759999781847,9.118002947768314,1
14:44:41.050081,101,0.7280293130458587,2.646712869622103,0.8614995799073997,-0.5566400148672983,22.63999949395657,1.0,3.006446808782364,1
14:44:41.050081,101,0.7479839058466942,2.6545463177641744,0.5887917109219973,-0.4872000130126253,7.1199998408555984,0.7119999840855599,5.149378804813554,1
14:44:41.050081,101,0.7343750864928927,2.6142985308812703,0.6445066216354913,-0.5566400148672983,10.639999762177467,1.0,7.395030298054425,1
14:44:41.050081,101,0.6994814486478781,2.653607274481597,0.8596522296930051,-0.5566400148672983,25.359999433159828,1.0,2.390339287922812,1
14:44:41.050081,101,0.6885599959289372,2.650169622452592,1.0192558142751538,-0.4872000130126253,47.75999893248081,1.0,2.6631763352078557,1
14:44:41.050081,101,0.7186535715684668,2.661629691720256,0.5868937265907774,-0.4872000130126253,7.999999821186066,0.7999999821186066,4.229665788202059,1
14:44:41.050081,101,0.705578388323222,2.621253029929977,0.642643169231627,-0.5566400148672983,12.639999717473984,1.0,5.916150818687403,1
14:44:41.050081,101,0.6708636366910588,2.660225588030656,0.8578788579222789,-0.5566400148672983,28.639999359846115,1.0,1.9728522872547303,1
14:44:41.050081,101,0.6603890122344115,2.6566846000252,1.0175101312958668,-0.5566400148672983,56.519998736679554,1.0,2.423953014414384,1
14:44:41.050081,101,0.689251372535171,2.668429406965006,0.5850717483821852,-0.4872000130126253,8.879999801516533,0.8879999801516533,3.5291076401925734,1
14:44:41.050081,101,0.6477762069421426,2.6343258669588443,0.6391403131069584,-0.5566400148672983,15.239999659359457,1.0,3.638337343027533,1
14:44:41.050081,101,0.6391752761818593,2.630796783203642,0.774576745270626,-0.5566400148672983,32.239999279379845,1.0,2.21488979330743,1
14:44:41.050081,101,0.631549914476785,2.652832697350936,0.9885671356993672,-0.5566400148672983,67.35999849438667,1.0,1.6655464773293236,1
14:44:41.050081,101,0.5932821375433995,2.555650329813707,1.287069455234585,-0.6263600167294499,25.51999942958355,1.0,5.780112897487529,1
14:44:41.050081,101,0.6302431478768535,2.681175169890832,0.5816565314992914,-0.4872000130126253,9.63999978452921,0.963999978452921,2.7324565625123847,1
14:44:41.050081,101,0.6187765039004453,2.640442897666254,0.6375012596688316,-0.5566400148672983,17.999999597668648,1.0,2.8141592089281535,1
14:44:41.050081,101,0.610560620376009,2.636832594259868,0.7729594545724434,-0.5566400148672983,36.23999918997288,1.0,1.527432840263124,1
14:44:41.050081,101,0.6032766315442554,2.658796501175028,0.9869691392808844,-0.5566400148672983,80.99999818950891,1.0,1.58152758696449,1
14:44:41.050081,101,0.5920532484601037,2.6389283421343714,1.1162701274744369,-0.5566400148672983,77.23999827355146,1.0,1.7118977026956819,1
14:44:41.050081,101,0.5666370208546129,2.581976393127828,1.364450901509481,-0.6263600167294499,31.999999284744263,1.0,3.927430681698681,1
14:44:41.050081,101,0.601956123131971,2.701210519561634,0.6076223692701124,-0.4872000130126253,9.999999776482582,0.9999999776482582,3.188040266377503,1
14:44:41.050081,101,0.5818849090196492,2.6425917117902977,0.7714163036810489,-0.5566400148672983,40.3599990978837,1.0,1.0239192979099245,1
14:44:41.050081,101,0.4658046263047856,2.65034229493382,0.7390437472987754,-0.5566400148672983,44.23999901115894,1.0,0.5450608927954905,1
14:44:41.050081,101,0.5253003815934921,2.6239199713036974,1.2393238346663675,-0.6958000185841229,68.11999847739935,1.0,2.0103226644543564,1
14:44:41.050081,101,0.4514655122486595,2.636029286640821,1.0289300628954627,-0.5566400148672983,166.99999626725912,1.0,0.2988931252918682,1
14:44:41.050081,101,0.3377370532946561,2.6100496592047047,0.9187864268131284,-0.4872000130126253,201.35999549925327,1.0,0.8998741626112374,1
14:44:41.050081,101,0.3324400780701536,2.619904197159127,1.125294148061162,-0.6958000185841229,92.999997921288,1.0,1.1309560401408376,1
14:44:41.050081,101,0.3253211223692581,2.6271592446165,1.3804818522182285,-0.5566400148672983,32.75999926775694,1.0,5.09572380043235,1
14:44:41.050081,101,0.3209629425247737,2.669345231469538,0.7339519258002101,-0.6263600167294499,26.239999413490292,1.0,2.170754315661892,1
14:44:41.050081,101,0.3146875536483223,2.6248060894659866,0.7872602134512252,-0.6263600167294499,126.9999971613288,1.0,1.442617086536559,1
14:44:41.050081,101,0.3092907170005207,2.602203029294154,0.891700862476243,-0.4872000130126253,186.11999583989385,1.0,1.6645961807529754,1
14:44:41.050081,101,0.3041671922375176,2.5954387970061874,1.0456916088722867,-0.5566400148672983,83.11999814212322,1.0,1.3857710699843193,1
14:44:41.050081,101,0.2983254661183775,2.63017125138076,1.3796747874381476,-0.5566400148672983,25.999999418854717,1.0,5.708782599112112,1
14:44:41.050081,101,0.2918867109839139,2.6723050926087115,0.7331588333982602,-0.6263600167294499,23.75999946892261,1.0,2.816186804696032,1
14:44:41.050081,101,0.2856742656336212,2.6154284047623246,0.7601219708719911,-0.6263600167294499,105.1199976503849,1.0,2.4040573151223956,1
14:44:41.050081,101,0.2812718795914277,2.6050552513194,0.8909366118879443,-0.4872000130126253,164.75999631732702,1.0,1.8216333417723807,1
14:44:41.050081,101,0.2766124981065943,2.59824377082975,1.0449400184014728,-0.5566400148672983,72.51999837905169,1.0,1.5824782038631062,1
14:44:41.050081,101,0.2627812910164988,2.674983955613471,0.7324410342195011,-0.6263600167294499,21.51999951899052,1.0,3.55037641018318,1
14:44:41.050081,101,0.2571883183045299,2.61805025150224,0.7594194491553525,-0.6263600167294499,86.63999806344509,1.0,2.680640738561335,1
14:44:41.050081,101,0.2532249152300255,2.6076366940646927,0.8902449163890358,-0.4872000130126253,141.35999684035778,1.0,2.089541121914517,1
14:44:41.050081,101,0.2286766523590806,2.620396818620814,0.7587906883909454,-0.6263600167294499,71.51999840140343,1.0,3.0655100116879415,1
14:44:41.050081,101,0.2251526285892523,2.6099470993879192,0.8896258451484886,-0.4872000130126253,119.11999733746052,1.0,2.4619779885353354,1
14:44:41.050081,101,0.200142118939981,2.622467871463301,0.7582357514543188,-0.6263600167294499,59.51999866962433,1.0,3.5525307451081596,1
14:44:41.050081,101,0.1961361896307865,2.5774629198238603,0.811024044155455,-0.6263600167294499,99.51999777555466,1.0,6.073008775641926,1
14:44:41.050081,101,0.1715875714766666,2.624263202926152,0.7577546938387016,-0.6263600167294499,49.87999888509512,1.0,4.13597883193973,1
14:44:41.050081,101,0.1681531735332831,2.5792223169668147,0.810552615111835,-0.6263600167294499,82.87999814748764,1.0,6.382156584823381,1
14:44:41.050081,101,0.1430158653999608,2.625782633477724,0.7573475636494527,-0.6263600167294499,42.11999905854464,1.0,4.810543290304441,1
14:44:41.050081,101,0.1401533422593053,2.580711335472126,0.8101536338058217,-0.6263600167294499,69.11999845504761,1.0,6.800994710313136,1
14:44:41.050081,101,0.1121394957685221,2.5819298264391937,0.8098271401352113,-0.6263600167294499,57.87999870628119,1.0,7.324844825327878,1
14:44:41.050081,101,0.0841144354221126,2.5828776680199392,0.809573166749098,-0.6263600167294499,48.75999891012907,1.0,7.949427987490511,1
14:44:41.050081,101,0.3431638253366056,2.6216288848761478,0.7881115428552612,-0.6263600167294499,151.11999662220478,1.0,1.2716583475162544,1
14:44:41.050081,101,0.3500070780402841,2.6661046681795844,0.7348202321167752,-0.6263600167294499,29.23999934643507,1.0,1.6213775612255512,1
14:44:41.050081,101,0.2490301429576065,2.600782450940722,1.044259781115897,-0.5566400148672983,62.35999860614538,1.0,1.882972269241812,1
14:44:41.050081,101,0.3434004222822318,2.585214856530177,1.4995789618473876,-0.6263600167294499,20.87999953329563,1.0,4.9796092503576395,1
14:44:41.050081,101,0.3574565430646124,2.722849387709275,0.7078924554469292,-0.4872000130126253,8.639999806880951,0.8639999806880951,7.124616754211235,1
14:44:41.050081,101,0.4426693483910023,2.613580716146392,1.15574623281969,-0.5566400148672983,97.63999781757592,1.0,0.7388612862840223,1
14:44:41.050081,101,0.4330597588214461,2.6061222466324496,1.3579810395623575,-0.6263600167294499,67.5199984908104,1.0,2.8450881160791663,1
14:44:41.050081,101,0.4223082117323983,2.568910142283211,1.476514207402403,-0.6263600167294499,27.519999384880062,1.0,4.518769482129651,1
14:44:41.050081,101,0.4462171356539713,2.711204177132946,0.7110127802165471,-0.4872000130126253,14.51999967545271,1.0,4.381365686995043,1
14:44:41.050081,101,0.4303882920693872,2.6456258378260853,0.8709283025981551,-0.5566400148672983,193.9999956637621,1.0,0.16965960583087686,1
14:44:41.050081,101,0.4230646840223325,2.6303464370080505,1.001129524924071,-0.5566400148672983,186.8799958229065,1.0,0.13064507383847598,1
14:44:41.050081,101,0.4152173322255341,2.617724025085597,1.1546360365354371,-0.5566400148672983,103.35999768972395,1.0,0.7995484141561411,1
14:44:41.050081,101,0.4062036786727041,2.6101756114666244,1.3568949437284117,-0.6263600167294499,61.23999863117933,1.0,3.0059249601872398,1
14:44:41.050081,101,0.3961188857774245,2.5728628744864466,1.4754550760006493,-0.6263600167294499,26.119999416172504,1.0,4.392880082708555,1
14:44:41.050081,101,0.4166709519502074,2.7153716412137903,0.7098961115815992,-0.4872000130126253,11.9999997317791,1.0,5.204024369642722,1
14:44:41.050081,101,0.4369178823326818,2.6547021460938485,0.7378755287013259,-0.4872000130126253,40.639999091625214,1.0,0.6288629570204143,1
14:44:41.050081,101,0.4000105762563493,2.6144501322639058,0.7900350838203742,-0.4872000130126253,190.11999575048685,1.0,1.301954817036516,1
14:44:41.050081,101,0.3522842467804561,2.623886634787386,1.3813587453790814,-0.5566400148672983,41.23999907821417,1.0,4.561918235135215,1
14:44:41.050081,101,0.407987446938395,2.658782759399368,0.7367821316614882,-0.4872000130126253,36.63999918103218,1.0,0.8420879941963535,1
14:44:41.050081,101,0.3601914850692591,2.625214148616196,1.1526290639842038,-0.5566400148672983,100.7599977478385,1.0,1.26264446581083,1
14:44:41.050081,101,0.3657292295171359,2.6066521497155617,0.9196967867370214,-0.5566400148672983,206.99999537318945,1.0,0.8611200741770892,1
14:44:41.050081,101,0.3716057809298581,2.618176784073058,0.7890365304776399,-0.4872000130126253,173.99999611079693,1.0,1.2221761736276335,1
14:44:41.050081,101,0.4588433334039805,2.64133114316991,0.8720790625630157,-0.5566400148672983,184.35999587923288,1.0,0.06266056154921562,1
14:44:41.050081,101,0.3790162131412265,2.662583726792465,0.7357636655180511,-0.4872000130126253,32.63999927043915,1.0,1.1757763801931518,1
14:44:41.050081,101,0.3870831015003356,2.7192535074670245,0.7088559686539193,-0.4872000130126253,10.119999773800371,1.0,6.121433171708555,1
14:44:41.050081,101,0.3698899482657418,2.5765624438133896,1.474463779387152,-0.6263600167294499,23.75999946892261,1.0,4.381193480579974,1
14:44:41.050081,101,0.3793069784964127,2.613969368149444,1.35587840968897,-0.5566400148672983,51.35999885201454,1.0,3.2728218535102713,1
14:44:41.050081,101,0.3877237946747127,2.6216019651724523,1.153596945620868,-0.5566400148672983,104.51999766379596,1.0,0.9768395395914632,1
14:44:41.050081,101,0.3936848331230723,2.602984430953412,0.9206795490174038,-0.5566400148672983,201.519995495677,1.0,0.94771798743498,1
14:44:41.095441,102,0.5667220298637443,2.561252766295038,1.2855682869037657,-0.6958000185841229,26.239999413490292,1.0,1.915665639947623,1
14:44:41.095441,102,0.6417367837901922,2.577647356331352,0.5319625748135526,-0.4174800111504737,24.51999945193529,1.0,0.9281470548187764,1
14:44:41.095441,102,0.5792480194920575,2.5226820993538084,1.4065122769693676,-0.6263600167294499,19.999999552965164,1.0,3.2235823404681656,1
14:44:41.095441,102,0.6267269974782674,2.509419836822822,0.5366735652560926,-0.4174800111504737,24.63999944925308,1.0,1.970326788258216,1
14:44:41.095441,102,0.5929856545615965,2.530388193694333,0.6942907458803285,-0.4174800111504737,32.75999926775694,1.0,0.6638972062845097,1
14:44:41.095441,102,0.6302431478768535,2.681175169890832,0.5816565314992914,-0.4174800111504737,8.359999813139439,0.8359999813139438,4.902795442147028,1
14:44:41.095441,102,0.5533161924617677,2.528152009925494,1.4050466188490138,-0.6263600167294499,24.119999460875988,1.0,2.824578919378468,1
14:44:41.095441,102,0.5273290342758005,2.5333711689697096,1.403648149397947,-0.6263600167294499,28.359999366104603,1.0,2.5426674678132,1
14:44:41.095441,102,0.5884285264301006,2.632475476766979,0.6089390349365673,-0.4174800111504737,23.87999946624041,1.0,1.5761044041089367,1
14:44:41.095441,102,0.5986696273243377,2.515338097246178,0.5350877721550573,-0.4174800111504737,29.23999934643507,1.0,1.6975596665917059,1
14:44:41.095441,102,0.563902592791416,2.522752858048356,0.6669190059680417,-0.4174800111504737,36.75999917834997,1.0,0.9605500452111453,1
14:44:41.095441,102,0.540105250455903,2.5665983759988853,1.2841359351005677,-0.6958000185841229,28.23999936878681,1.0,1.6807862994229688,1
14:44:41.095441,102,0.5709828343737842,2.692778508406651,0.578547426314473,-0.4174800111504737,6.999999843537808,0.6999999843537809,5.062209287369725,1
14:44:41.095441,102,0.5932821375433995,2.555650329813707,1.287069455234585,-0.6958000185841229,23.519999474287037,1.0,2.26798255780632,1
14:44:41.095441,102,0.5593714984907794,2.638018971276367,0.6074536600595304,-0.4174800111504737,19.879999555647373,1.0,1.6634435320630043,1
14:44:41.095441,102,0.6006430230248605,2.687119943006293,0.5800636343438175,-0.4174800111504737,7.879999823868275,0.7879999823868274,4.920207709576533,1
14:44:41.095441,102,0.6485055453234508,2.5183959100861424,0.6975040685885481,-0.4174800111504737,28.759999357163903,1.0,1.3728601883814442,1
14:44:41.095441,102,0.7540156296853034,2.535894532918019,0.5127457436180523,-0.4174800111504737,10.359999768435957,1.0,3.2482688881428494,1
14:44:41.095441,102,0.6704019402565169,2.5713101602567923,0.5336606213840085,-0.4174800111504737,21.359999522566795,1.0,1.268839346757015,1
14:44:41.095441,102,0.5705523907092415,2.5209850528974225,0.5335746749486121,-0.4174800111504737,28.359999366104603,1.0,1.5683237090924285,1
14:44:41.095441,102,0.8105493661516117,2.5207814921205807,0.5167952706949044,-0.4174800111504737,6.7599998489022255,0.6759999848902225,5.247184355013757,1
14:44:41.095441,102,0.7823216136714263,2.5284745321441875,0.5147339268332387,-0.4174800111504737,8.239999815821648,0.8239999815821648,4.174450729527169,1
14:44:41.095441,102,0.7660178765825572,2.475780623031133,0.5456871654255937,-0.4174800111504737,8.879999801516533,0.8879999801516533,5.521878142519894,1
14:44:41.095441,102,0.7772394423609985,2.6471799934282227,0.5907655115790011,-0.4174800111504737,6.6399998515844345,0.6639999851584435,6.720007525790372,1
14:44:41.095441,102,0.7383017948986162,2.483045989521951,0.5437404163416626,-0.4174800111504737,10.519999764859676,1.0,4.516081988458822,1
14:44:41.095441,102,0.7479839058466942,2.6545463177641744,0.5887917109219973,-0.4174800111504737,7.35999983549118,0.735999983549118,6.098734488784071,1
14:44:41.095441,102,0.7256342447679269,2.5430407524482144,0.5108309198660006,-0.4174800111504737,13.23999970406294,1.0,2.4671924718993843,1
14:44:41.095441,102,0.7105118836537354,2.4900432804243766,0.5418654978951523,-0.4174800111504737,12.519999720156193,1.0,3.6592615619864555,1
14:44:41.095441,102,0.7186535715684668,2.661629691720256,0.5868937265907774,-0.4174800111504737,8.119999818503857,0.8119999818503857,5.6076650107972,1
14:44:41.095441,102,0.6990000570904793,2.564696401510828,0.5354327726989241,-0.4174800111504737,16.99999962002039,1.0,1.748653276437539,1
14:44:41.095441,102,0.6826509218157566,2.4967717960151794,0.5400625975763362,-0.4174800111504737,15.239999659359457,1.0,2.9501364326078305,1
14:44:41.095441,102,0.6523598392729164,2.556450683475396,0.7759250036622514,-0.4174800111504737,25.11999943852425,1.0,0.8403740251040384,1
14:44:41.095441,102,0.6051219222056927,2.516961984241127,1.4080449771944237,-0.6263600167294499,16.519999630749226,1.0,3.740426739563544,1
14:44:41.095441,102,0.689251372535171,2.668429406965006,0.5850717483821852,-0.4174800111504737,8.359999813139439,0.8359999813139438,5.2454560264922545,1
14:44:41.095441,102,0.6547216954575216,2.5032308634484384,0.5383318956737364,-0.4174800111504737,18.879999577999115,1.0,2.3875213346532327,1
14:44:41.095441,102,0.5360566732653812,2.528065297514766,0.6654955421031779,-0.4174800111504737,40.23999910056591,1.0,0.9446215473799227,1
14:44:41.095441,102,0.5141495706013972,2.5314628183069567,0.5307671661686446,-0.4174800111504737,22.51999949663877,1.0,1.7373472754638843,1
14:44:41.095441,102,0.5012891436282022,2.538339054574923,1.4023170084619396,-0.6263600167294499,32.119999282062054,1.0,2.3771826665895945,1
14:44:41.095441,102,0.4223082117323983,2.568910142283211,1.476514207402403,-0.6263600167294499,30.35999932140112,1.0,3.1771889570525698,1
14:44:41.095441,102,0.4426131588629626,2.657378409332504,0.6022663142664682,-0.4174800111504737,5.759999871253967,0.5759999871253967,3.2947569902737706,1
14:44:41.095441,102,0.429166813989653,2.545131448037596,0.5271046678706797,-0.4174800111504737,7.999999821186066,0.7999999821186066,3.0505761651331356,1
14:44:41.095441,102,0.4241648673979989,2.5466178265382498,0.6605244069337803,-0.6263600167294499,35.759999200701714,1.0,2.254186427332938,1
14:44:41.095441,102,0.3961188857774245,2.5728628744864466,1.4754550760006493,-0.6263600167294499,26.239999413490292,1.0,3.4540262502003025,1
14:44:41.095441,102,0.4007496141277218,2.54913966990781,0.5260306680574711,-0.4174800111504737,6.6399998515844345,0.6639999851584435,3.7691812013060324,1
14:44:41.095441,102,0.3960788704887666,2.5505793325136907,0.6594629246068497,-0.6263600167294499,31.5199992954731,1.0,2.922688987336262,1
14:44:41.095441,102,0.3696492569627627,2.5817710624057706,1.5005017237019214,-0.6263600167294499,21.87999951094389,1.0,4.103163795876563,1
14:44:41.095441,102,0.4406591338860541,2.6844630162319194,-0.0631485676196992,-0.0697200018621515,5.519999876618385,0.5519999876618386,10.400613273407798,1
14:44:41.095441,102,0.3722923396401261,2.5528732068769644,0.5250302698416744,-0.4174800111504737,5.759999871253967,0.5759999871253967,4.627787517420557,1
14:44:41.095441,102,0.3679532660243205,2.554269355045315,0.6584741860494483,-0.6263600167294499,27.359999388456345,1.0,3.727090623848789,1
14:44:41.095441,102,0.3434004222822318,2.585214856530177,1.4995789618473876,-0.6263600167294499,17.999999597668648,1.0,4.592650121984887,1
14:44:41.095441,102,0.3397908665415436,2.55768752513396,0.6575582901346038,-0.6263600167294499,23.75999946892261,1.0,4.667287908962167,1
14:44:41.095441,102,0.3115944882567896,2.560833500965481,0.65671532845114,-0.6263600167294499,20.63999953866005,1.0,5.743274232996793,1
14:44:41.095441,102,0.5134344609755166,2.5716866243687573,1.2827725430589716,-0.6958000185841229,29.11999934911728,1.0,1.5626405018272793,1
14:44:41.095441,102,0.433124728069196,2.5854022422510803,1.279097454323709,-0.6958000185841229,23.87999946624041,1.0,1.9028962696757976,1
14:44:41.095441,102,0.4514655122486595,2.636029286640821,1.0289300628954627,-0.4872000130126253,61.23999863117933,1.0,2.1406611660707053,1
14:44:41.095441,102,0.4575410975297417,2.540848942085152,0.5282521618822185,-0.4174800111504737,11.239999748766422,1.0,2.4721808099377203,1
14:44:41.095441,102,0.5424488395263011,2.7122649908910232,0.6046603326046496,-0.4174800111504737,5.999999865889549,0.5999999865889549,6.518527270815099,1
14:44:41.095441,102,0.4522084481758572,2.54238523326627,0.6616585268828965,-0.4174800111504737,39.51999911665917,1.0,1.721783170438201,1
14:44:41.095441,102,0.5302585338702512,2.6432815239602068,0.6060435633177694,-0.4174800111504737,14.879999667406082,1.0,1.8795714775384031,1
14:44:41.095441,102,0.5081571485211287,2.533108504921997,0.6641442187511477,-0.4174800111504737,42.11999905854464,1.0,1.0665589717931558,1
14:44:41.095441,102,0.4867123284791885,2.57651700258408,1.281478247117039,-0.6958000185841229,28.519999362528324,1.0,1.5606129075514183,1
14:44:41.095441,102,0.4751991244862217,2.543055169956736,1.4010533291539709,-0.6263600167294499,33.99999924004078,1.0,2.327543229749529,1
14:44:41.095441,102,0.4632543131484706,2.4992655830934183,1.4912488944906137,-0.6263600167294499,10.639999762177467,1.0,3.9911942671118847,1
14:44:41.095441,102,0.4971640463609008,2.5958569015937125,1.1317376014880671,-0.6958000185841229,33.359999254345894,1.0,1.0524663447419256,1
14:44:41.095441,102,0.5010925438405869,2.648262608567637,0.6047088857197775,-0.4174800111504737,10.639999762177467,1.0,2.2238416595542994,1
14:44:41.095441,102,0.4858696273434056,2.536292580297485,0.5294730353436479,-0.4174800111504737,15.999999642372131,1.0,2.0343024686293334,1
14:44:41.095441,102,0.4802068084877585,2.5378819759535327,0.6628651710431541,-0.4174800111504737,41.879999063909054,1.0,1.3257761685709724,1
14:44:41.095441,102,0.4718764449763544,2.652961726994372,0.6034497607321956,-0.4174800111504737,7.759999826550484,0.7759999826550483,2.6957143621118096,1
14:44:41.095441,102,0.4599415251577803,2.5810890276110783,1.28025317670328,-0.6958000185841229,26.6399994045496,1.0,1.674177184168913,1
14:44:41.095441,102,0.512612341979053,2.717360587458157,0.6032949716195313,-0.4174800111504737,4.999999888241291,0.4999999888241291,6.908137275904295,1
14:44:41.095441,102,0.448455307220009,2.564704642473589,1.47764106768016,-0.6263600167294499,33.359999254345894,1.0,3.011319402761836,1
14:44:41.128755,103,0.5925703176599459,2.6499054836909104,-0.1358808698740087,-0.6958000185841229,100.51999775320292,1.0,0.9333539240548316,1
14:44:41.128755,103,0.5534545687832366,2.596641805100264,0.0531064607397038,-0.6263600167294499,69.75999844074249,1.0,1.8933621645505898,1
14:44:41.128755,103,0.5660420767963579,2.6556985938097037,-0.1358808698740087,-0.6958000185841229,120.35999730974436,1.0,0.6951998009649569,1
14:44:41.128755,103,0.5881157311705323,2.7592615183426545,-0.3688415536099637,-0.6958000185841229,55.75999875366688,1.0,0.6138872004398929,1
14:44:41.128755,103,0.6417367837901922,2.869772197107713,-0.750871035569778,-0.4174800111504737,11.359999746084211,1.0,3.3496374811570857,1
14:44:41.128755,103,0.5654512063748018,2.5286319747660726,0.0777558373556663,-0.6263600167294499,26.6399994045496,1.0,3.1760868745657143,1
14:44:41.128755,103,0.5793928809858064,2.5909775207755783,0.0531064607397038,-0.6263600167294499,53.35999880731106,1.0,2.09964740195514,1
14:44:41.128755,103,0.5401370363054103,2.534159961922549,0.0777558373556663,-0.6263600167294499,32.119999282062054,1.0,2.8144668316139443,1
14:44:41.128755,103,0.604559417270187,2.8364103308462383,-0.648523898932787,-0.3480400092958007,12.999999709427357,1.0,1.9490860920456492,1
14:44:41.128755,103,0.5884285264301006,2.902809120738962,-0.6623269229447324,-0.4174800111504737,11.239999748766422,1.0,3.4840935495623047,1
14:44:41.128755,103,0.5593714984907794,2.908548168560765,-0.6623269229447324,-0.4174800111504737,10.239999771118164,1.0,3.8280149212463153,1
14:44:41.128755,103,0.5604941709382416,2.765004615584053,-0.3688415536099637,-0.5566400148672983,64.23999856412411,1.0,0.6301208088395509,1
14:44:41.128755,103,0.5499369041378787,2.712923982199245,-0.2777365721160654,-0.5566400148672983,151.51999661326408,1.0,0.3188242043821762,1
14:44:41.128755,103,0.5394572321993207,2.661226136294061,-0.1358808698740087,-0.5566400148672983,134.1199970021844,1.0,0.644039641468112,1
14:44:41.128755,103,0.5274609115874732,2.6020464274199084,0.0531064607397038,-0.6263600167294499,85.63999808579683,1.0,1.8672921640727385,1
14:44:41.128755,103,0.5147688529849157,2.539434535205954,0.0777558373556663,-0.6263600167294499,37.63999915868044,1.0,2.6272928101454665,1
14:44:41.128755,103,0.5477140858780803,2.847933449726673,-0.648523898932787,-0.3480400092958007,12.519999720156193,1.0,2.041088519890087,1
14:44:41.128755,103,0.5328165617584397,2.770471214680415,-0.3688415536099637,-0.5566400148672983,73.51999835669994,1.0,0.8420323530709931,1
14:44:41.128755,103,0.5227806204591398,2.718287614399352,-0.2777365721160654,-0.5566400148672983,167.51999625563622,1.0,0.46148959720494254,1
14:44:41.128755,103,0.5125361828028291,2.665019901504451,-0.1630271467197968,-0.5566400148672983,135.23999697715044,1.0,0.6202989930678656,1
14:44:41.128755,103,0.6040817816999883,2.701383410910553,-0.2777365721160654,-0.6958000185841229,112.35999748855828,1.0,0.606781942149414,1
14:44:41.128755,103,0.5761655596107582,2.8423140047960493,-0.648523898932787,-0.3480400092958007,12.999999709427357,1.0,1.8925451590983382,1
14:44:41.128755,103,0.6156784803224297,2.753242497261134,-0.3688415536099637,-0.6958000185841229,48.35999891906977,1.0,0.7960442464614471,1
14:44:41.128755,103,0.6724950100353704,2.6337039468334416,-0.0543713764398681,-0.6263600167294499,51.11999885737896,1.0,2.770631072561536,1
14:44:41.128755,103,0.6704019402565169,2.863211448961133,-0.750871035569778,-0.4174800111504737,10.87999975681305,1.0,3.823299476275188,1
14:44:41.128755,103,0.5014145087424581,2.607190847276807,0.0531064607397038,-0.6263600167294499,93.1199979186058,1.0,2.0190390573879804,1
14:44:41.128755,103,0.7823216136714263,2.826733998492432,-0.7802394950071224,-0.4174800111504737,6.239999860525131,0.6239999860525132,8.265742817487665,1
14:44:41.128755,103,0.7660178765825572,2.7678243031367,-0.7639791496828389,-0.4174800111504737,7.519999831914902,0.7519999831914902,8.263395871692474,1
14:44:41.128755,103,0.6987979854977991,2.626847424871254,-0.0543713764398681,-0.6263600167294499,41.11999908089638,1.0,3.679711668948381,1
14:44:41.128755,103,0.7540156296853034,2.8344157485522032,-0.7802394950071224,-0.4174800111504737,7.239999838173389,0.723999983817339,6.844439740778685,1
14:44:41.128755,103,0.7383017948986162,2.775345964006593,-0.7639791496828389,-0.4174800111504737,8.639999806880951,0.8639999806880951,6.701478553400036,1
14:44:41.128755,103,0.6854921882504643,2.6846050227551648,-0.2500421301714512,-0.6958000185841229,66.51999851316214,1.0,2.4253634592072255,1
14:44:41.128755,103,0.656948381841535,2.5728184154569296,-0.0265545580866325,-0.6958000185841229,23.87999946624041,1.0,3.7366670542675107,1
14:44:41.128755,103,0.7256342447679269,2.841814059411796,-0.7802394950071224,-0.4174800111504737,8.51999980956316,0.851999980956316,5.649207099195257,1
14:44:41.128755,103,0.7105118836537354,2.782590092605274,-0.7639791496828389,-0.4174800111504737,9.879999779164793,0.9879999779164793,5.359079624736472,1
14:44:41.128755,103,0.6586123117326125,2.6913256011097757,-0.2500421301714512,-0.6958000185841229,79.23999822884798,1.0,1.630819046085764,1
14:44:41.128755,103,0.6454463829049347,2.637524904273267,-0.1358808698740087,-0.6958000185841229,64.23999856412411,1.0,1.980490706740237,1
14:44:41.128755,103,0.6311877799190359,2.579259149794645,-0.0265545580866325,-0.6958000185841229,30.759999312460423,1.0,2.887588900012347,1
14:44:41.128755,103,0.616061416299126,2.517447414822879,0.0518415450395395,-0.6263600167294499,17.639999605715275,1.0,4.373495875999897,1
14:44:41.128755,103,0.6971802970340106,2.8489281912463222,-0.7802394950071224,-0.4174800111504737,9.759999781847,0.9759999781847,4.6773435767514675,1
14:44:41.128755,103,0.6844327577128936,2.7968371836612644,-0.7352227347461244,-0.3480400092958007,11.119999751448631,1.0,3.9633724398675145,1
14:44:41.128755,103,0.6423066416405266,2.743219581651642,-0.3970350569832969,-0.6958000185841229,41.999999061226845,1.0,1.2054948485692456,1
14:44:41.128755,103,0.6310649611409654,2.6952076258694277,-0.2777365721160654,-0.6958000185841229,94.51999788731337,1.0,1.0425787200879837,1
14:44:41.128755,103,0.6190393019882239,2.643847385243842,-0.1358808698740087,-0.6958000185841229,80.87999819219112,1.0,1.3609728465073012,1
14:44:41.128755,103,0.6052732543856936,2.585054140869538,0.0531064607397038,-0.6263600167294499,40.23999910056591,1.0,2.488512181666536,1
14:44:41.128755,103,0.5908565594732872,2.5234820548556054,0.0518415450395395,-0.6263600167294499,21.639999516308308,1.0,3.6298706060486365,1
14:44:41.128755,103,0.6611629329668801,2.82375268570248,-0.648523898932787,-0.3480400092958007,12.23999972641468,1.0,2.688817593367708,1
14:44:41.128755,103,0.4893491932103962,2.5444551671633797,0.0777558373556663,-0.6263600167294499,41.35999907553196,1.0,2.612296733128679,1
14:44:41.128755,103,0.5770381945869412,2.707289059873808,-0.2777365721160654,-0.6958000185841229,131.99999704957008,1.0,0.366386595877891,1
14:44:41.128755,103,0.5203429111886008,2.8595057964858217,-0.6194907231493265,-0.5566400148672983,11.359999746084211,1.0,2.597997443421752,1
14:44:41.128755,103,0.3966544093927326,2.5556883048503973,-0.6023317091386592,-0.5566400148672983,40.99999908357859,1.0,1.9249184472357004,1
14:44:41.128755,103,0.3866839320868118,2.5115811660280523,-0.5120510560110402,-0.6263600167294499,28.639999359846115,1.0,2.6281375057986756,1
14:44:41.128755,103,0.3950515355483751,2.634297667773657,-0.9999292041686824,-0.5566400148672983,90.11999798566104,1.0,3.536037322026679,1
14:44:41.128755,103,0.3862695270698812,2.575737144977177,-0.97770074545199,-0.5566400148672983,128.63999712467194,1.0,4.633797973671426,1
14:44:41.128755,103,0.3778473889080592,2.526648178615892,-0.929990643424356,-0.5566400148672983,53.63999880105257,1.0,5.624204909597935,1
14:44:41.128755,103,0.3703900122855944,2.559392875723119,-0.6033243459123087,-0.5566400148672983,31.239999301731583,1.0,1.9745345094394162,1
14:44:41.128755,103,0.3610797282590357,2.515192617200248,-0.5130187414361345,-0.6263600167294499,23.519999474287037,1.0,2.6510353010262966,1
14:44:41.128755,103,0.3673487534329217,2.647893883926088,-0.974249046365645,-0.5566400148672983,83.23999813944101,1.0,3.1246901004840817,1
14:44:41.128755,103,0.3588404851681264,2.579335779906652,-0.978664996775197,-0.5566400148672983,109.75999754667282,1.0,4.442132940986806,1
14:44:41.128755,103,0.3510164039700399,2.530168349678957,-0.9309338704179236,-0.5566400148672983,43.239999033510685,1.0,5.339226783994569,1
14:44:41.128755,103,0.3440885764875407,2.562843571007964,-0.6042489569272089,-0.5566400148672983,24.119999460875988,1.0,2.192679261997036,1
14:44:41.128755,103,0.3354394167609464,2.5185565743114777,-0.5139201110274614,-0.6263600167294499,19.119999572634697,1.0,2.8356557395013766,1
14:44:41.128755,103,0.339232622122392,2.65130643828293,-0.975163437549688,-0.5566400148672983,74.75999832898378,1.0,3.3502480865692656,1
14:44:41.128755,103,0.3313755595184915,2.5826692951278902,-0.9795582094866848,-0.5566400148672983,92.87999792397022,1.0,4.433180846431366,1
14:44:41.128755,103,0.3177527321201158,2.566040045638295,-0.6051054497230326,-0.5566400148672983,19.119999572634697,1.0,2.5771994900048507,1
14:44:41.128755,103,0.3110825678338594,2.6544472455721984,-0.9760050143264294,-0.5566400148672983,66.11999852210283,1.0,3.761093150664652,1
14:44:41.128755,103,0.3038774965905316,2.5857373572921643,-0.9803802942659304,-0.5566400148672983,78.51999824494123,1.0,4.604610114508133,1
14:44:41.128755,103,0.2829014055491687,2.657315991715796,-0.9767736925388965,-0.5566400148672983,57.759998708963394,1.0,4.354725709856361,1
14:44:41.128755,103,0.2763490461675014,2.588539659595828,-0.981131168905145,-0.5566400148672983,66.35999851673841,1.0,4.954057668801241,1
14:44:41.128755,103,0.2546919533609381,2.6599123898415127,-0.9774693953199116,-0.5566400148672983,50.35999887436628,1.0,5.128614777073997,1
14:44:41.128755,103,0.2264570321907525,2.6622361803117105,-0.9780920530997804,-0.5566400148672983,43.87999901920557,1.0,6.080199202803944,1
14:44:41.128755,103,0.4046405894237485,2.522869020472169,-0.928978021051676,-0.5566400148672983,67.23999849706888,1.0,6.088417520717096,1
14:44:41.128755,103,0.413659942342546,2.737018922811044,-0.2777365721160654,-0.5566400148672983,147.87999669462442,1.0,2.881114654930462,1
14:44:41.128755,103,0.5302585338702512,2.913996364002497,-0.6623269229447324,-0.4174800111504737,8.879999801516533,0.8879999801516533,4.3797623191343265,1
14:44:41.128755,103,0.4426131588629626,2.928590533646408,-0.6623269229447324,-0.4174800111504737,4.999999888241291,0.4999999888241291,7.250983079643959,1
14:44:41.128755,103,0.4230646840223325,2.7992462581337607,-0.2840510358782297,-0.5566400148672983,93.99999789893629,1.0,4.700440346192442,1
14:44:41.128755,103,0.5050856713688561,2.775660768976413,-0.3688415536099637,-0.5566400148672983,82.35999815911055,1.0,1.2468725460043701,1
14:44:41.128755,103,0.4955720591563411,2.723379420115403,-0.2777365721160654,-0.5566400148672983,176.23999606072903,1.0,0.7917422147734687,1
14:44:41.128755,103,0.4858608019567574,2.670011927916957,-0.1630271467197968,-0.5566400148672983,123.23999724537134,1.0,0.9009174931657268,1
14:44:41.128755,103,0.4751991244862217,2.6114214717548503,0.0796530527911937,-0.6263600167294499,86.63999806344509,1.0,2.6067392342473794,1
14:44:41.128755,103,0.463880598926533,2.549221355735835,0.0777558373556663,-0.6263600167294499,41.999999061226845,1.0,2.7671789657048294,1
14:44:41.128755,103,0.4525620733668442,2.48702123971682,0.0758586219201389,-0.6263600167294499,6.519999854266644,0.6519999854266645,3.6708948933487062,1
14:44:41.128755,103,0.4917223135171887,2.864566164666047,-0.6194907231493265,-0.5566400148672983,9.879999779164793,0.9879999779164793,3.204384172199573,1
14:44:41.128755,103,0.4872524907896526,2.83852686851174,-0.405861159207774,-0.5566400148672983,14.759999670088291,1.0,3.3185950578066623,1
14:44:41.128755,103,0.4789612655675704,2.790225698152156,-0.2840510358782297,-0.5566400148672983,89.75999799370766,1.0,2.689946735090697,1
14:44:41.128755,103,0.4683139410628174,2.7281988901710914,-0.2777365721160654,-0.5566400148672983,175.11999608576298,1.0,1.3069074229355593,1
14:44:41.128755,103,0.5010925438405869,2.9191531622491773,-0.6623269229447324,-0.4174800111504737,7.35999983549118,0.735999983549118,5.136256231330039,1
14:44:41.128755,103,0.4490615858299148,2.616042813714382,0.0796530527911937,-0.6263600167294499,70.99999841302633,1.0,3.1329505951861636,1
14:44:41.128755,103,0.4383656169714165,2.5537326243084566,0.0777558373556663,-0.6263600167294499,39.23999912291765,1.0,3.089609465572587,1
14:44:41.128755,103,0.4718764449763544,2.924018047625302,-0.6623269229447324,-0.4174800111504737,6.11999986320734,0.611999986320734,6.0943803460834705,1
14:44:41.128755,103,0.4128067988218661,2.557988521758167,0.0777558373556663,-0.6263600167294499,34.23999923467636,1.0,3.5772289417811187,1
14:44:41.128755,103,0.4658046263047856,2.886393564422999,-0.5320311483352028,-0.5566400148672983,8.51999980956316,0.851999980956316,5.122264474816197,1
14:44:41.128755,103,0.4510355263823317,2.7948757207582218,-0.2840510358782297,-0.5566400148672983,93.87999790161848,1.0,3.6029232721387596,1
14:44:41.128755,103,0.4410089919675412,2.7327455426234506,-0.2777365721160654,-0.5566400148672983,164.63999632000923,1.0,2.004277837029157,1
14:44:41.128755,103,0.4313933262195037,2.673161343228621,-0.2443573117913849,-0.5566400148672983,84.23999811708927,1.0,1.3191262051633554,1
14:44:41.128755,103,0.422879141391249,2.620402553584265,0.0796530527911937,-0.5566400148672983,54.35999878495932,1.0,3.8293300008304842,1
14:44:41.128755,103,0.4581029240440586,2.668713825014001,-0.2443573117913849,-0.5566400148672983,103.99999767541884,1.0,0.7906713951573877,1
14:44:41.159013,104,0.6244661299290124,2.5626173306230147,0.7742726555390393,-0.6263600167294499,35.51999920606613,1.0,0.5224032749998577,1
14:44:41.159013,104,0.6611629329668801,2.559685309925196,0.6427330433359453,-0.6263600167294499,32.75999926775694,1.0,1.354076690053541,1
14:44:41.159013,104,0.6686566318544891,2.5565090167631905,0.5072221093193541,-0.6263600167294499,15.119999662041664,1.0,2.5738947448631855,1
14:44:41.159013,104,0.5907088317972913,2.457011750573926,1.4221444519420992,-0.6263600167294499,32.63999927043915,1.0,3.0758861508834134,1
14:44:41.159013,104,0.6431796621421108,2.557884946954715,0.9327639193339148,-0.6263600167294499,28.879999354481697,1.0,0.4292327157129014,1
14:44:41.159013,104,0.617305355685854,2.483362989966825,1.0816075879183902,-0.6958000185841229,55.99999874830246,1.0,0.563759957623941,1
14:44:41.159013,104,0.6316665745353731,2.541136859986284,1.0602417690442156,-0.6958000185841229,82.51999815553427,1.0,0.6411841850987164,1
14:44:41.159013,104,0.6523598392729164,2.556450683475396,0.7759250036622514,-0.6263600167294499,34.23999923467636,1.0,0.6482010997040941,1
14:44:41.159013,104,0.6156784803224297,2.5639648154416776,0.931134823482746,-0.6263600167294499,31.119999304413795,1.0,0.2006762296504142,1
14:44:41.159013,104,0.6053640597473544,2.490472336533723,1.305188647185331,-0.6958000185841229,32.119999282062054,1.0,1.996790072963901,1
14:44:41.159013,104,0.6046576712098912,2.5471078972047088,1.0586418344435624,-0.6958000185841229,101.99999772012234,1.0,0.3419522801437822,1
14:44:41.159013,104,0.5401370363054103,2.4679352467442524,1.419217509964736,-0.6263600167294499,53.75999879837036,1.0,2.2583813084920092,1
14:44:41.159013,104,0.5794798036768727,2.496194740531604,1.3036553336553345,-0.6958000185841229,40.99999908357859,1.0,1.580913401450781,1
14:44:41.159013,104,0.5654512063748018,2.462595621182418,1.4206482583219142,-0.6263600167294499,42.11999905854464,1.0,2.614122505270494,1
14:44:41.159013,104,0.6400661015719834,2.562829714732823,0.50552848340279,-0.6263600167294499,14.119999684393406,1.0,2.6298419930993537,1
14:44:41.159013,104,0.604559417270187,2.5719116562695548,0.6394570037065912,-0.6263600167294499,30.119999326765537,1.0,1.4101874884395555,1
14:44:41.159013,104,0.5965099744952937,2.568514241394939,0.7726925830598639,-0.6263600167294499,33.99999924004078,1.0,0.5258241973963174,1
14:44:41.159013,104,0.5881157311705323,2.569778743353297,0.9295769861939748,-0.6263600167294499,34.35999923199415,1.0,0.09717029790041042,1
14:44:41.159013,104,0.5775883026238708,2.5528177542550656,1.0571118828580222,-0.6958000185841229,124.2399972230196,1.0,0.1632762768030806,1
14:44:41.159013,104,0.564456577195776,2.4947783139399573,1.07854886107845,-0.6958000185841229,83.51999813318253,1.0,0.12272932405072554,1
14:44:41.159013,104,0.5534545687832366,2.521908344625635,1.3792365495019503,-0.6263600167294499,51.23999885469675,1.0,2.1229049799646567,1
14:44:41.159013,104,0.6893669306999972,2.553162697343341,0.6444807721097945,-0.6263600167294499,30.51999931782484,1.0,1.5254211097816643,1
14:44:41.159013,104,0.5269578801490531,2.407718483563011,1.433388401080458,-0.6263600167294499,27.759999379515648,1.0,2.353953841023213,1
14:44:41.159013,104,0.6114115652155682,2.568873937963204,0.5039089386693361,-0.6263600167294499,12.23999972641468,1.0,2.8224778279478957,1
14:44:41.159013,104,0.5909105117188683,2.4891982730141278,1.0800440285382584,-0.6958000185841229,69.6399984434247,1.0,0.285092407270893,1
14:44:41.159013,104,0.6971802970340106,2.5499124761188083,0.5089896470578552,-0.6263600167294499,14.879999667406082,1.0,2.654370167305845,1
14:44:41.159013,104,0.6854921882504643,2.5284136594981903,1.0636509403401395,-0.6958000185841229,54.239998787641525,1.0,1.6001951432686246,1
14:44:41.159013,104,0.6311877799190359,2.4845002001119307,1.3067888763166389,-0.6958000185841229,25.23999943584204,1.0,2.523407569674979,1
14:44:41.159013,104,0.8388039067444748,2.454950826722888,0.6850865055068904,-0.5566400148672983,13.879999689757824,1.0,5.135972565739065,1
14:44:41.159013,104,0.829296717287532,2.516482145087301,0.6543092964647279,-0.6263600167294499,10.239999771118164,1.0,4.362942167144833,1
14:44:41.159013,104,0.8116461688334438,2.462921954735902,0.6829506481930381,-0.5566400148672983,16.239999637007713,1.0,4.214567751508934,1
14:44:41.159013,104,0.8105493661516117,2.5207814921205807,0.5167952706949044,-0.4872000130126253,8.639999806880951,0.8639999806880951,4.3339360762752435,1
14:44:41.159013,104,0.5761655596107582,2.577614167407667,0.6379290204523045,-0.6263600167294499,24.35999945551157,1.0,1.6381464011352647,1
14:44:41.159013,104,0.7844072669855273,2.4706303649694377,0.6808851858960345,-0.5566400148672983,19.119999572634697,1.0,3.419318066835995,1
14:44:41.159013,104,0.7823216136714263,2.5284745321441875,0.5147339268332387,-0.5566400148672983,10.119999773800371,1.0,3.71113961688566,1
14:44:41.159013,104,0.7735540604507802,2.5319650104592237,0.6501606751918017,-0.6263600167294499,15.87999964505434,1.0,2.8333009615308278,1
14:44:41.159013,104,0.7570899250680894,2.47807528658893,0.6788903251603786,-0.5566400148672983,22.63999949395657,1.0,2.7506791060997307,1
14:44:41.159013,104,0.7243018670201838,2.5271842852456983,0.9118020743612238,-0.6263600167294499,22.879999488592148,1.0,1.7508300742389142,1
14:44:41.159013,104,0.7123035161237972,2.521662768537912,1.0654598361211365,-0.6958000185841229,44.63999900221825,1.0,2.259334907322448,1
14:44:41.159013,104,0.6976800578399244,2.4910860367849432,1.163737386407803,-0.6958000185841229,28.639999359846115,1.0,2.6892134343856164,1
14:44:41.159013,104,0.7540156296853034,2.535894532918019,0.5127457436180523,-0.6263600167294499,11.879999734461308,1.0,3.2233473146772775,1
14:44:41.159013,104,0.7455653043370876,2.5393018545740222,0.6481947737362481,-0.6263600167294499,20.239999547600743,1.0,2.2653892344204625,1
14:44:41.159013,104,0.7312921069148742,2.4984026782079254,0.7028612389244047,-0.6263600167294499,26.6399994045496,1.0,2.0360178997705436,1
14:44:41.159013,104,0.6979863298359471,2.544929846714818,0.9362352279810596,-0.6263600167294499,24.759999446570877,1.0,1.2603682402371827,1
14:44:41.159013,104,0.6714191615253525,2.497698333213393,1.1619656269196847,-0.6958000185841229,35.51999920606613,1.0,2.0018873768764927,1
14:44:41.159013,104,0.656948381841535,2.4782789284748645,1.3084558610276855,-0.6958000185841229,19.999999552965164,1.0,3.160472657978972,1
14:44:41.159013,104,0.6412046674994719,2.439012874115695,1.40013878678668,-0.6263600167294499,19.999999552965164,1.0,3.966868742227204,1
14:44:41.159013,104,0.7256342447679269,2.5430407524482144,0.5108309198660006,-0.6263600167294499,13.519999697804453,1.0,2.87096670581972,1
14:44:41.159013,104,0.7175019923175964,2.5463679857377937,0.6463014095973032,-0.6263600167294499,25.51999942958355,1.0,1.8293048728576846,1
14:44:41.159013,104,0.680188313179441,2.55001491661163,0.7776494621960723,-0.6263600167294499,30.879999309778214,1.0,0.9029466546901868,1
14:44:41.159013,104,0.6706165265344342,2.551539745874165,0.9344641108392616,-0.6263600167294499,26.75999940186739,1.0,0.782565685900264,1
14:44:41.159013,104,0.6586123117326125,2.534905239698508,1.0619115266678625,-0.6958000185841229,66.63999851047993,1.0,1.0606997671249265,1
14:44:41.159013,104,0.6450911238571436,2.5040566424834028,1.1602619230855584,-0.6958000185841229,44.519999004900455,1.0,1.4296703780420117,1
14:44:41.159013,104,0.616061416299126,2.4450850534858413,1.3985117512281522,-0.6263600167294499,25.359999433159828,1.0,3.31131090267319,1
14:44:41.159013,104,0.8014654618065121,2.524358187071661,0.6521989173754652,-0.6263600167294499,12.639999717473984,1.0,3.532632502340129,1
14:44:41.159013,104,0.5695002129666525,2.586347436272257,0.7975651785164737,-0.6263600167294499,30.119999326765537,1.0,0.5253537666280217,1
14:44:41.159013,104,0.5504611756914922,2.5582658601564323,1.0556520672814718,-0.6958000185841229,145.9999967366457,1.0,0.10539661706911478,1
14:44:41.159013,104,0.4620424465761058,2.5976734801303207,0.6325541438075462,-0.6263600167294499,7.35999983549118,0.735999983549118,3.8869123781279264,1
14:44:41.159013,104,0.4588433334039805,2.64133114316991,0.8720790625630157,-0.3480400092958007,12.999999709427357,1.0,1.8328717526773852,1
14:44:41.159013,104,0.4510355263823317,2.6261248220822555,1.0022607032341928,-0.6958000185841229,38.35999914258719,1.0,1.3390847206598921,1
14:44:41.159013,104,0.4410089919675412,2.567745981911197,1.0244404802381248,-0.5566400148672983,134.63999699056149,1.0,1.1102963035335358,1
14:44:41.159013,104,0.4294914501347372,2.479473110790261,0.9707515111530558,-0.5566400148672983,59.35999867320061,1.0,1.6026125766282433,1
14:44:41.159013,104,0.422879141391249,2.5517302288437835,1.3987288541308942,-0.6263600167294499,42.11999905854464,1.0,2.2078244718003632,1
14:44:41.159013,104,0.4122494678453435,2.507722581936981,1.48898284848009,-0.6263600167294499,47.63999893516302,1.0,2.7838395551501174,1
14:44:41.159013,104,0.4333890131304808,2.6019981179353766,0.6313953606001244,-0.3480400092958007,5.759999871253967,0.5759999871253967,4.7838926505948685,1
14:44:41.159013,104,0.4230646840223325,2.6303464370080505,1.001129524924071,-0.5566400148672983,36.87999917566776,1.0,1.9202898534650457,1
14:44:41.159013,104,0.4122288631147045,2.541269973278059,0.945704489933756,-0.5566400148672983,112.8799974769354,1.0,2.0431904926053024,1
14:44:41.159013,104,0.4028566576538831,2.483493076869059,0.969674364488641,-0.5566400148672983,47.35999894142151,1.0,2.226462730637631,1
14:44:41.159013,104,0.3966544093927326,2.5556883048503973,1.3976682908613407,-0.5566400148672983,32.99999926239252,1.0,2.490049827382519,1
14:44:41.159013,104,0.3866839320868118,2.5115811660280523,1.4879489439889595,-0.6263600167294499,36.75999917834997,1.0,3.009052565354278,1
14:44:41.159013,104,0.3950515355483751,2.634297667773657,1.0000707958313175,-0.5566400148672983,34.879999220371246,1.0,2.6274925651396694,1
14:44:41.159013,104,0.3849332064839249,2.54512000242945,0.9446728777318047,-0.5566400148672983,92.87999792397022,1.0,2.8021439497749543,1
14:44:41.159013,104,0.3761815798447774,2.487255573905488,0.9686662064462056,-0.5566400148672983,37.87999915331602,1.0,2.967653025957954,1
14:44:41.159013,104,0.3696492569627627,2.5817710624057706,1.5005017237019214,-0.6263600167294499,25.75999942421913,1.0,3.9272023424282714,1
14:44:41.159013,104,0.360844769859432,2.520277174363155,1.5123990183642648,-0.6263600167294499,28.359999366104603,1.0,3.5868135521194366,1
14:44:41.159013,104,0.3669988822518373,2.63797811925931,0.999084621827955,-0.5566400148672983,32.63999927043915,1.0,3.460708201304031,1
14:44:41.159013,104,0.3575990568549941,2.5487061876842776,0.943711962288865,-0.5566400148672983,75.99999830126762,1.0,3.6827575359192335,1
14:44:41.159013,104,0.3434004222822318,2.585214856530177,1.4995789618473876,-0.6263600167294499,20.359999544918537,1.0,4.3468210485357,1
14:44:41.159013,104,0.3352211427833234,2.5236389425119,1.511498235303668,-0.6263600167294499,22.11999950557947,1.0,4.004275038015547,1
14:44:41.159013,104,0.5604941709382416,2.5753261493016533,0.9280905632500248,-0.6263600167294499,36.75999917834997,1.0,0.11895603297347337,1
14:44:41.159013,104,0.3302291476199748,2.552028170427023,0.9428218396956762,-0.5566400148672983,62.5199986025691,1.0,4.685004865556309,1
14:44:41.159013,104,0.4718764449763544,2.652961726994372,0.6034497607321956,-0.6263600167294499,5.119999885559082,0.5119999885559082,4.153754078094391,1
14:44:41.159013,104,0.4377737790024735,2.503617250782211,1.490082868647673,-0.6263600167294499,59.75999866425991,1.0,2.6647739378695103,1
14:44:41.159013,104,0.3389095293745464,2.641387423422944,0.998171101530557,-0.5566400148672983,30.35999932140112,1.0,4.419918401223385,1
14:44:41.159013,104,0.4576666165580642,2.5050752606143782,1.0477702633237147,-0.5566400148672983,73.11999836564064,1.0,0.6997281021232199,1
14:44:41.159013,104,0.4490615858299148,2.547519043507561,1.3998572378409126,-0.6263600167294499,52.51999882608652,1.0,2.036644539603876,1
14:44:41.159013,104,0.5273290342758005,2.5333711689697096,1.403648149397947,-0.6263600167294499,60.63999864459038,1.0,2.1882742368974903,1
14:44:41.159013,104,0.5147688529849157,2.4730300933013485,1.4178523499442015,-0.6263600167294499,65.35999853909016,1.0,2.008892780880781,1
14:44:41.159013,104,0.502208671694031,2.412689017632987,1.4320565504904563,-0.6263600167294499,28.879999354481697,1.0,2.1259575544128655,1
14:44:41.159013,104,0.5826958882148727,2.574641082037075,0.5023636370721083,-0.6263600167294499,10.119999773800371,1.0,3.152032391476311,1
14:44:41.159013,104,0.5477140858780803,2.583042134395566,0.6364746010813542,-0.6263600167294499,18.23999959230423,1.0,1.9996517922575325,1
14:44:41.159013,104,0.5413778788914926,2.591712610056114,0.7961275845338367,-0.6263600167294499,25.11999943852425,1.0,0.7640962651846928,1
14:44:41.159013,104,0.5328165617584397,2.5806064785507976,0.9266757032919464,-0.6263600167294499,37.63999915868044,1.0,0.266241473290378,1
14:44:41.159013,104,0.5227806204591398,2.5537806956449067,1.0281824674152469,-0.6958000185841229,161.35999639332294,1.0,0.1266471200022914,1
14:44:41.159013,104,0.5113820236108997,2.5051704630093234,1.0757642931276894,-0.6958000185841229,94.35999789088964,1.0,0.14780120091051704,1
14:44:41.159013,104,0.5012891436282022,2.538339054574923,1.4023170084619396,-0.6263600167294499,64.87999854981899,1.0,2.027009235106927,1
14:44:41.159013,104,0.4893491932103962,2.477879651373317,1.4165529147751696,-0.6263600167294499,71.99999839067459,1.0,1.8658591879708715,1
14:44:41.159013,104,0.5379461974878663,2.500102554744896,1.0771222350544578,-0.6958000185841229,93.2399979159236,1.0,0.07689951306521672,1
14:44:41.159013,104,0.51920784119569,2.588195014441101,0.6350938910344586,-0.6263600167294499,13.35999970138073,1.0,2.4948678493802414,1
14:44:41.159013,104,0.5250926042820697,2.585341853642337,0.4994963739620885,-0.6263600167294499,8.119999818503857,0.8119999818503857,4.222638679346513,1
14:44:41.159013,104,0.4789612655675704,2.621633245154229,1.0034642176448,-0.6958000185841229,39.11999912559986,1.0,0.8838281507084887,1
14:44:41.159013,104,0.4872524907896526,2.636761813240566,0.8733034108275348,-0.6958000185841229,16.119999639689922,1.0,1.275265791777816,1
14:44:41.159013,104,0.4906496761641727,2.593072292260585,0.6337870283814657,-0.6263600167294499,9.879999779164793,0.9879999779164793,3.12392351017332,1
14:44:41.159013,104,0.5010925438405869,2.648262608567637,0.6047088857197775,-0.6263600167294499,6.359999857842922,0.6359999857842922,3.3723857164269146,1
14:44:41.159013,104,0.4683139410628174,2.563354252884303,1.0256172404842574,-0.5566400148672983,153.87999656051397,1.0,0.6609555049108845,1
14:44:41.159013,104,0.4751991244862217,2.543055169956736,1.4010533291539709,-0.6263600167294499,61.519998624920845,1.0,1.9764144868003113,1
14:44:41.159013,104,0.4843050092851554,2.5005258491990743,1.0489892744384823,-0.6958000185841229,86.35999806970358,1.0,0.37368856389271166,1
14:44:41.159013,104,0.4955720591563411,2.5586990022884866,1.0268646111219708,-0.6958000185841229,164.35999632626772,1.0,0.3331090434303307,1
14:44:41.159013,104,0.5068391090275268,2.6168721553779,1.0047399478054593,-0.6958000185841229,38.87999913096428,1.0,0.5544375049541557,1
14:44:41.159013,104,0.5156129233344664,2.6319183049672183,0.8746012249579118,-0.6958000185841229,20.239999547600743,1.0,0.8480138860837367,1
14:44:41.159013,104,0.463880598926533,2.482483436008416,1.4153193344000683,-0.6263600167294499,69.6399984434247,1.0,1.8294547493468216,1
14:44:41.191311,105,0.6470909028465284,2.5052055939824798,0.6716207812038688,-0.6263600167294499,44.87999899685383,1.0,0.7054385454978795,1
14:44:41.191311,105,0.6826509218157566,2.4967717960151794,0.5400625975763362,-0.6263600167294499,29.639999337494373,1.0,1.3251684200725857,1
14:44:41.191311,105,0.6746946135916352,2.498821807091144,0.6733313117460544,-0.6958000185841229,32.119999282062054,1.0,0.9547190970482022,1
14:44:41.191311,105,0.6381732276744939,2.500856560824607,0.8025444788275817,-0.6958000185841229,39.759999111294746,1.0,0.5889018290628226,1
14:44:41.191311,105,0.6280281441152605,2.4903668161525307,0.9308047388709616,-0.6958000185841229,102.63999770581722,1.0,0.6577426904407137,1
14:44:41.191311,105,0.6137496465899945,2.4337472255264894,0.9551133658538558,-0.6263600167294499,88.2399980276823,1.0,1.6599398633150908,1
14:44:41.191311,105,0.5907088317972913,2.457011750573926,1.4221444519420992,-0.6263600167294499,18.759999580681324,1.0,4.547128069879192,1
14:44:41.191311,105,0.6610085926977332,2.494763138773957,0.402987039246732,-0.6263600167294499,10.519999764859676,1.0,2.125528685172883,1
14:44:41.191311,105,0.6564306312874149,2.517723548185542,0.5642194239202398,-0.6263600167294499,34.639999225735664,1.0,1.372415470355008,1
14:44:41.191311,105,0.6892060065581253,2.4882420488149406,0.4047343600350215,-0.6263600167294499,10.639999762177467,1.0,2.2952578790895015,1
14:44:41.191311,105,0.632745078531865,2.5010115411238845,0.4013127848830844,-0.6263600167294499,9.63999978452921,0.963999978452921,2.0759024670937225,1
14:44:41.191311,105,0.6011748133963323,2.4963034599040057,0.9292140199720028,-0.6263600167294499,140.75999685376885,1.0,0.43714317325058294,1
14:44:41.191311,105,0.5875068382175694,2.4395488970575183,0.953558812652366,-0.6263600167294499,100.99999774247408,1.0,1.456636988832131,1
14:44:41.191311,105,0.5654512063748018,2.462595621182418,1.4206482583219142,-0.6263600167294499,21.87999951094389,1.0,4.197797739668798,1
14:44:41.191311,105,0.5517923539872358,2.3965616042890616,1.4102040331597951,-0.6263600167294499,14.51999967545271,1.0,6.431820633444971,1
14:44:41.191311,105,0.6283628623487656,2.523928675841085,0.5625567649760048,-0.6263600167294499,32.99999926239252,1.0,1.2584980398034076,1
14:44:41.191311,105,0.5916921225306095,2.517171717762261,0.6684144680005453,-0.6263600167294499,54.51999878138304,1.0,0.5220660199848094,1
14:44:41.191311,105,0.5835379078331562,2.512657777317844,0.799382352398514,-0.6263600167294499,74.23999834060669,1.0,0.32049910625530265,1
14:44:41.191311,105,0.5742613656997291,2.5019804278979776,0.9276928809825606,-0.6263600167294499,183.11999590694904,1.0,0.31601783272582185,1
14:44:41.191311,105,0.5612052796535364,2.445096796674201,0.9520722574303868,-0.6263600167294499,109.11999756097794,1.0,1.3700969828948923,1
14:44:41.191311,105,0.5401370363054103,2.4679352467442524,1.419217509964736,-0.6263600167294499,25.23999943584204,1.0,3.939107624983345,1
14:44:41.191311,105,0.6399310805119605,2.4276923622434063,0.9567357615808388,-0.6263600167294499,74.23999834060669,1.0,1.9797807951088084,1
14:44:41.191311,105,0.6108861118035147,2.5068891043338946,0.8009280636659624,-0.6958000185841229,54.75999877601862,1.0,0.4040799374109729,1
14:44:41.191311,105,0.6548186725459398,2.484171090302954,0.9324648786088804,-0.6958000185841229,74.99999832361937,1.0,0.9775802184920853,1
14:44:41.191311,105,0.7466563337471828,2.474100141037248,0.8097138399019526,-0.6958000185841229,18.759999580681324,1.0,2.3399722536296803,1
14:44:41.191311,105,0.7022308554406423,2.492171712465172,0.6751131992306743,-0.6958000185841229,22.63999949395657,1.0,1.3090254853219787,1
14:44:41.191311,105,0.527089664640484,2.4017722476212504,1.4088078454868884,-0.6263600167294499,16.119999639689922,1.0,6.22708951056961,1
14:44:41.191311,105,0.821217472587878,2.460448596141245,0.5497953696490714,-0.6958000185841229,7.999999821186066,0.7999999821186066,4.05922443434476,1
14:44:41.191311,105,0.8058367770233702,2.422155943805472,0.6060269994430767,-0.6263600167294499,8.879999801516533,0.8879999801516533,4.56575662590376,1
14:44:41.191311,105,0.8012783696558193,2.4594442625981743,0.4124507035956082,-0.6263600167294499,7.35999983549118,0.735999983549118,4.180741867113108,1
14:44:41.191311,105,0.7936573571206101,2.4682479074824832,0.5477055504736676,-0.6958000185841229,9.879999779164793,0.9879999779164793,3.285601299134859,1
14:44:41.191311,105,0.7787928387684416,2.429809180766468,0.603976320779894,-0.6263600167294499,10.359999768435957,1.0,3.725021331987206,1
14:44:41.191311,105,0.7735972105022896,2.4667578192107555,0.8116812091059304,-0.5566400148672983,15.639999650418758,1.0,3.0329564531839703,1
14:44:41.191311,105,0.7347866868121351,2.4640357450051926,0.9378601281207372,-0.6958000185841229,33.99999924004078,1.0,2.5341892344909733,1
14:44:41.191311,105,0.7180809866177184,2.4080148029233888,0.962008347709653,-0.6263600167294499,41.51999907195568,1.0,3.6401000406253896,1
14:44:41.191311,105,0.7733734838698249,2.4670493102673614,0.4104129372142493,-0.6263600167294499,8.359999813139439,0.8359999813139438,3.5270909953789857,1
14:44:41.191311,105,0.6653965267573677,2.4945607500392777,0.8042314362432097,-0.6958000185841229,29.759999334812164,1.0,0.8747252199876726,1
14:44:41.191311,105,0.7660178765825572,2.475780623031133,0.5456871654255937,-0.6958000185841229,12.759999714791777,1.0,2.626452666870203,1
14:44:41.191311,105,0.7082006129690366,2.471004896425106,0.9359927496258412,-0.6958000185841229,43.119999036192894,1.0,1.9153680606880343,1
14:44:41.191311,105,0.6920993589178893,2.414825507604513,0.9601834248904586,-0.6263600167294499,50.35999887436628,1.0,2.9694497301206106,1
14:44:41.191311,105,0.7453912613833763,2.4743844416870906,0.4084474946739567,-0.6263600167294499,9.519999787211418,0.9519999787211418,2.995539741792852,1
14:44:41.191311,105,0.7383017948986162,2.483045989521951,0.5437404163416626,-0.6263600167294499,16.8799996227026,1.0,2.080564634479514,1
14:44:41.191311,105,0.7296968747924352,2.485255975108453,0.6769662654704729,-0.6958000185841229,16.519999630749226,1.0,1.768686518087093,1
14:44:41.191311,105,0.7196407919842506,2.4811818712072617,0.8078162960218824,-0.6958000185841229,23.23999948054552,1.0,1.7498061586340732,1
14:44:41.191311,105,0.6815437196579722,2.4777169019226686,0.9341942731731764,-0.6958000185841229,55.99999874830246,1.0,1.3966882807565983,1
14:44:41.191311,105,0.66604852186201,2.4213849126895237,0.9584258375951016,-0.6263600167294499,61.35999862849712,1.0,2.416189407385591,1
14:44:41.191311,105,0.7173345003952788,2.4814489233503663,0.4065545725173374,-0.6263600167294499,10.239999771118164,1.0,2.58514453585765,1
14:44:41.191311,105,0.7105118836537354,2.4900432804243766,0.5418654978951523,-0.6263600167294499,22.63999949395657,1.0,1.647013934808042,1
14:44:41.191311,105,0.7570899250680894,2.47807528658893,0.6788903251603786,-0.6958000185841229,12.519999720156193,1.0,2.334316077888935,1
14:44:41.191311,105,0.6044182903882578,2.506986631029722,0.3997117643681118,-0.6263600167294499,8.51999980956316,0.851999980956316,2.146621371171098,1
14:44:41.191311,105,0.4531970469591173,2.55565682990838,0.6875200352129387,-0.6263600167294499,10.119999773800371,1.0,2.2213498326902834,1
14:44:41.191311,105,0.563902592791416,2.522752858048356,0.6669190059680417,-0.6263600167294499,49.51999889314175,1.0,0.5887426773798619,1
14:44:41.191311,105,0.4383656169714165,2.4868409868320374,1.4141517321759012,-0.6958000185841229,28.519999362528324,1.0,3.8235378923559336,1
14:44:41.191311,105,0.4620424465761058,2.5976734801303207,0.6325541438075462,-0.6263600167294499,6.239999860525131,0.6239999860525132,5.241611712031725,1
14:44:41.191311,105,0.6002322576503244,2.5298623839384047,0.5609668326832062,-0.6263600167294499,25.63999942690134,1.0,1.2500298156314846,1
14:44:41.191311,105,0.4459764828783348,2.537523820866644,0.7927195161106559,-0.6263600167294499,27.87999937683344,1.0,1.4490004313139437,1
14:44:41.191311,105,0.438886764149862,2.526451174247443,0.9211359642600344,-0.6263600167294499,77.99999825656414,1.0,1.229552447900126,1
14:44:41.191311,105,0.4289084795228028,2.46901118978621,0.9456644151085436,-0.6263600167294499,61.75999861955643,1.0,2.7144945752159324,1
14:44:41.191311,105,0.4128067988218661,2.49095186809275,1.4130502248619132,-0.6958000185841229,25.87999942153692,1.0,4.029710883514223,1
14:44:41.191311,105,0.4276186290113923,2.598200115054752,0.7647382771861047,-0.6958000185841229,7.239999838173389,0.723999983817339,5.446958427427184,1
14:44:41.191311,105,0.4183193756901028,2.541698084015656,0.7916010256708832,-0.6263600167294499,21.239999525249004,1.0,1.9934094732037122,1
14:44:41.191311,105,0.4116693238910213,2.5305590788489494,0.9200352545394764,-0.6263600167294499,57.51999871432781,1.0,1.7252470651614524,1
14:44:41.191311,105,0.4023098398018382,2.4730256993603814,0.9445887305101376,-0.6263600167294499,50.6399988681078,1.0,3.347471404697729,1
14:44:41.191311,105,0.3872067003382833,2.4948156687058725,1.412014922607912,-0.6958000185841229,22.63999949395657,1.0,4.332842438131345,1
14:44:41.191311,105,0.3993039419265826,2.6021938775849454,0.7636681517413777,-0.6263600167294499,5.759999871253967,0.5759999871253967,5.943098762445819,1
14:44:41.191311,105,0.3844107170446883,2.534403882159757,0.9190050425972892,-0.6263600167294499,43.63999902456999,1.0,2.3295657351529857,1
14:44:41.191311,105,0.3756709694339491,2.476783089368023,0.943581940891941,-0.6263600167294499,41.63999906927347,1.0,4.105883592369485,1
14:44:41.191311,105,0.3635246168783492,2.5612403283080174,0.8153708744512653,-0.6263600167294499,13.879999689757824,1.0,3.631580023114557,1
14:44:41.191311,105,0.3571136694487105,2.537985199702756,0.9180454314538036,-0.6263600167294499,33.99999924004078,1.0,3.0448786098532237,1
14:44:41.191311,105,0.3357011772525278,2.564617357639285,0.8144660021691359,-0.6263600167294499,11.759999737143517,1.0,4.45159381363486,1
14:44:41.191311,105,0.3297809107849779,2.5413026733491924,0.9171565170693292,-0.6263600167294499,27.239999391138557,1.0,3.873818585596461,1
14:44:41.191311,105,0.4554642287551549,2.4647399620931023,0.9468088871196014,-0.6263600167294499,74.87999832630157,1.0,2.2049575439572457,1
14:44:41.191311,105,0.4660603160999875,2.5220805791422563,0.9223070616889126,-0.6263600167294499,107.99999758601189,1.0,0.8403756849604037,1
14:44:41.191311,105,0.3913117043470441,2.557594718522908,0.8163477126491041,-0.6263600167294499,16.8799996227026,1.0,2.9223892212348637,1
14:44:41.191311,105,0.4812566160897598,2.551143727766963,0.6887293172870905,-0.6263600167294499,14.879999667406082,1.0,1.7683467801810766,1
14:44:41.191311,105,0.4735889927919182,2.533082623746307,0.7939095312924775,-0.6263600167294499,38.75999913364649,1.0,1.013082860721048,1
14:44:41.191311,105,0.5561313505609027,2.51816200291399,0.7979074995950679,-0.6263600167294499,86.75999806076288,1.0,0.3386763712973797,1
14:44:41.191311,105,0.5472904923476726,2.5073971524424024,0.92624147401526,-0.6263600167294499,206.75999537855387,1.0,0.29487141457064625,1
14:44:41.191311,105,0.5348476010317164,2.4503903695912226,0.9506538488421956,-0.6263600167294499,109.35999755561352,1.0,1.4007989868750543,1
14:44:41.191311,105,0.5147688529849157,2.4730300933013485,1.4178523499442015,-0.6263600167294499,28.11999937146902,1.0,3.77151941993535,1
14:44:41.191311,105,0.5760310609219942,2.5126878109874857,0.3981841378025246,-0.6263600167294499,7.239999838173389,0.723999983817339,2.3382240579724236,1
14:44:41.191311,105,0.5720416302289932,2.5355240791116613,0.5594497860337411,-0.6263600167294499,17.879999600350857,1.0,1.3475498440483025,1
14:44:41.191311,105,0.53722857745489,2.5413055885253306,0.691365438751911,-0.6263600167294499,34.99999921768904,1.0,1.1760951507800717,1
14:44:41.191311,105,0.5286691806195206,2.5234012307043834,0.7965036527396694,-0.6263600167294499,76.7599982842803,1.0,0.45940598754963674,1
14:44:41.191311,105,0.5202648904049016,2.5125530918693637,0.9248599442095822,-0.6263600167294499,190.23999574780464,1.0,0.37447699686851643,1
14:44:41.191311,105,0.5084364380978887,2.4554290864557267,0.9493037287274628,-0.6263600167294499,101.63999772816896,1.0,1.5494762361782877,1
14:44:41.191311,105,0.502208671694031,2.412689017632987,1.4320565504904563,-0.6263600167294499,17.359999611973763,1.0,5.832323106961665,1
14:44:41.191311,105,0.4774092427925903,2.4174202481717115,1.4307888210884,-0.6263600167294499,17.759999603033066,1.0,5.833399078036431,1
14:44:41.191311,105,0.4906496761641727,2.593072292260585,0.6337870283814657,-0.6263600167294499,8.639999806880951,0.8639999806880951,4.861005952453207,1
14:44:41.191311,105,0.4893491932103962,2.477879651373317,1.4165529147751696,-0.6263600167294499,29.879999332129955,1.0,3.695731943094017,1
14:44:41.191311,105,0.463880598926533,2.482483436008416,1.4153193344000683,-0.6263600167294499,29.999999329447743,1.0,3.712680794789235,1
14:44:41.191311,105,0.4734889208679731,2.4515883983758555,1.0960069211338592,-0.7655200204462744,18.879999577999115,1.0,2.299858090493725,1
14:44:41.191311,105,0.4931872624089687,2.5174477305892387,0.9235484297173492,-0.6263600167294499,148.5199966803193,1.0,0.5558756043998655,1
14:44:41.191311,105,0.4819744319462199,2.460212443400249,0.948022032097068,-0.6263600167294499,88.99999801069498,1.0,1.8171156924091134,1
14:44:41.191311,105,0.501154144202996,2.528374936770636,0.795170952215827,-0.6263600167294499,55.63999875634909,1.0,0.6837590314922837,1
14:44:41.191311,105,0.5092680599619904,2.5463598211770626,0.6900111611945203,-0.6263600167294499,22.63999949395657,1.0,1.420486938121744,1
14:44:41.191311,105,0.51920784119569,2.588195014441101,0.6350938910344586,-0.6263600167294499,12.23999972641468,1.0,4.57358562832563,1
14:44:41.191311,105,0.5475862288322374,2.518114510883956,0.3967300579476995,-0.4174800111504737,5.999999865889549,0.5999999865889549,2.651545430162196,1
14:44:41.241356,106,0.5249307868217602,2.432712737132846,1.073696956977901,-0.6263600167294499,71.11999841034412,1.0,0.6583644616361741,1
14:44:41.241356,106,0.5447308208606593,2.473858885236177,0.8498629281873231,-0.6958000185841229,71.75999839603901,1.0,0.6826356321427751,1
14:44:41.241356,106,0.5262464336545478,2.345611027944056,1.2144968464573769,-0.6958000185841229,9.519999787211418,0.9519999787211418,1.740288098377313,1
14:44:41.241356,106,0.535574563654633,2.460826981254325,0.9757477265041756,-0.6263600167294499,89.63999799638987,1.0,0.46308572504630297,1
14:44:41.241356,106,0.5516396259720736,2.467891548689044,0.6959089914837788,-0.8349600223009475,21.7599995136261,1.0,1.8405673276970558,1
14:44:41.241356,106,0.5129162410806148,2.383775943921823,1.1200625706004297,-0.7655200204462744,41.23999907821417,1.0,0.783657273001327,1
14:44:41.241356,106,0.4875880646272569,2.388608048822407,1.1187678119945756,-0.7655200204462744,44.87999899685383,1.0,0.5567384625256155,1
14:44:41.241356,106,0.5178316173546957,2.478990710392336,0.8484878597810328,-0.6958000185841229,85.23999809473753,1.0,0.3882518637906432,1
14:44:41.241356,106,0.5091275027785811,2.465872546721722,0.974395771311828,-0.6263600167294499,109.23999755829573,1.0,0.1946027406637627,1
14:44:41.241356,106,0.4990093233749984,2.4376580292182064,1.0723718699572924,-0.6263600167294499,85.23999809473753,1.0,0.41332899782652033,1
14:44:41.241356,106,0.4981932087353802,2.4909851405205563,0.7184989707370497,-0.8349600223009475,24.879999443888664,1.0,1.0665170392296934,1
14:44:41.241356,106,0.5381931263395863,2.3786994333097398,1.1214228175193055,-0.7655200204462744,36.35999918729067,1.0,1.1389621827700434,1
14:44:41.241356,106,0.4908806311208366,2.483862456941882,0.8471824792273528,-0.6958000185841229,92.999997921288,1.0,0.23833433715507857,1
14:44:41.241356,106,0.5255456799049428,2.4860408202687627,0.7198237973556385,-0.8349600223009475,23.639999471604824,1.0,1.2375864067138738,1
14:44:41.241356,106,0.550799757629627,2.4275173143786435,1.0750890663092276,-0.6263600167294499,56.519998736679554,1.0,1.0374006537239144,1
14:44:41.241356,106,0.6408008721607918,2.4380981228698304,0.9818379057531824,-0.6958000185841229,31.63999929279089,1.0,2.92855439364512,1
14:44:41.241356,106,0.5715755517409126,2.46846749465162,0.851307546940536,-0.6958000185841229,57.6399987116456,1.0,1.1213276572303592,1
14:44:41.241356,106,0.6133878933845514,2.456009958912821,0.5678186471093953,-0.8349600223009475,5.359999880194664,0.5359999880194664,4.783635719683325,1
14:44:41.241356,106,0.5634161927368226,2.3733790246329645,1.122848416727651,-0.6958000185841229,31.239999301731583,1.0,1.6224730799051472,1
14:44:41.241356,106,0.5771633522278454,2.4312886488235463,1.1014462226329544,-0.6958000185841229,44.23999901115894,1.0,1.7099245950056832,1
14:44:41.241356,106,0.5883053750554804,2.449970773036485,0.97865663872901,-0.6958000185841229,52.7599988207221,1.0,1.4179803754878268,1
14:44:41.241356,106,0.5983631255448584,2.462817077773208,0.8528215715800056,-0.8349600223009475,45.51999898254872,1.0,1.7041209963318562,1
14:44:41.241356,106,0.6029441368363349,2.425589119947367,1.1029734067925645,-0.6958000185841229,34.759999223053455,1.0,2.354210218701162,1
14:44:41.241356,106,0.6145838525433138,2.4441612158977706,0.9802133048727112,-0.6958000185841229,40.51999909430742,1.0,2.103947964225412,1
14:44:41.241356,106,0.6250908635375586,2.4569081996378945,0.854404850704537,-0.8349600223009475,35.999999195337296,1.0,2.4307598349067585,1
14:44:41.241356,106,0.6286646275362877,2.419640856944424,1.1045672390605712,-0.6958000185841229,27.639999382197857,1.0,3.131889181686504,1
14:44:41.241356,106,0.651756092967607,2.4507414511285424,0.8560572259875436,-0.8349600223009475,28.759999357163903,1.0,3.3009395911885084,1
14:44:41.241356,106,0.6669538122279172,2.431782100256888,0.9835302789116968,-0.6958000185841229,25.11999943852425,1.0,3.8914598693356073,1
14:44:41.241356,106,0.4826295295787988,2.470662405185003,0.9731123326047326,-0.6263600167294499,118.99999734014273,1.0,0.0656465677679676,1
14:44:41.241356,106,0.5619680675230242,2.455526213335129,0.9771680629873888,-0.6263600167294499,69.2399984523654,1.0,0.8709444111021087,1
14:44:41.241356,106,0.4730379594139697,2.4423526961096607,1.071113937754994,-0.6263600167294499,93.3599979132414,1.0,0.3024381374063098,1
14:44:41.241356,106,0.4294914501347372,2.479473110790261,0.9707515111530558,-0.6263600167294499,93.3599979132414,1.0,0.22668215726545124,1
14:44:41.241356,106,0.4638805572351254,2.488473637714241,0.8459469170632452,-0.4872000130126253,91.11999796330927,1.0,0.23299201226137117,1
14:44:41.241356,106,0.462211129775938,2.3931952648050507,1.1175386711765192,-0.7655200204462744,46.11999896913767,1.0,0.4583424130072674,1
14:44:41.241356,106,0.2900599181150814,2.468161593202495,1.064198464621431,-0.7655200204462744,24.63999944925308,1.0,3.2847687052315178,1
14:44:41.241356,106,0.2959413278439161,2.4969946172516493,0.9660566376465498,-0.4872000130126253,26.119999416172504,1.0,3.0724398890597553,1
14:44:41.241356,106,0.3024151743064576,2.5443559713544803,0.9163383883345606,-0.4872000130126253,26.87999939918518,1.0,3.2399038111712573,1
14:44:41.241356,106,0.308773649950327,2.4065149102427297,1.087253857461589,-0.7655200204462744,21.87999951094389,1.0,2.4160476679472214,1
14:44:41.241356,106,0.3163076198063818,2.465233038537783,1.0649831684788311,-0.7655200204462744,30.879999309778214,1.0,2.45644635990518,1
14:44:41.241356,106,0.3227212419452934,2.4940066816493416,0.9668572525782242,-0.4872000130126253,32.99999926239252,1.0,2.2244606878949296,1
14:44:41.241356,106,0.3297809107849779,2.5413026733491924,0.9171565170693292,-0.4872000130126253,33.359999254345894,1.0,2.3654666513938505,1
14:44:41.241356,106,0.3425236910007044,2.462051101201334,1.065835766018499,-0.7655200204462744,39.11999912559986,1.0,1.7619997648673247,1
14:44:41.241356,106,0.3494688841928524,2.490760225652995,0.9677271378407086,-0.4872000130126253,42.35999905318022,1.0,1.5157381270904366,1
14:44:41.241356,106,0.3571136694487105,2.537985199702756,0.9180454314538036,-0.4872000130126253,41.879999063909054,1.0,1.6360110819975129,1
14:44:41.241356,106,0.3599235016343996,2.400055576587738,1.0889846306980877,-0.7655200204462744,30.879999309778214,1.0,1.2039735397811866,1
14:44:41.241356,106,0.3687055101128935,2.458616099384217,1.066756171981395,-0.7655200204462744,50.23999887704849,1.0,1.2016040479933974,1
14:44:41.241356,106,0.3761815798447774,2.487255573905488,0.9686662064462056,-0.6263600167294499,55.35999876260757,1.0,0.9464530913591166,1
14:44:41.241356,106,0.3343652939169934,2.4034087618486764,1.0880861474153471,-0.7655200204462744,26.119999416172504,1.0,1.7458423095434759,1
14:44:41.241356,106,0.456083293830406,2.475196077662332,0.9718975387256852,-0.6263600167294499,111.99999749660492,1.0,0.07632093782862714,1
14:44:41.241356,106,0.3844107170446883,2.534403882159757,0.9190050425972892,-0.4872000130126253,52.87999881803989,1.0,1.0517249267912079,1
14:44:41.241356,106,0.4470192920533111,2.446796268344453,1.0699232861631722,-0.7655200204462744,90.75999797135592,1.0,0.3257902307365437,1
14:44:41.241356,106,0.4367879741988822,2.397537133151998,1.1163752710593124,-0.7655200204462744,44.63999900221825,1.0,0.4885622765958496,1
14:44:41.241356,106,0.4459764828783348,2.537523820866644,0.7927195161106559,-0.6958000185841229,24.759999446570877,1.0,0.6397177064585776,1
14:44:41.241356,106,0.4209559231379604,2.450988301569082,1.0688000342459885,-0.7655200204462744,78.9999982342124,1.0,0.48343805868953715,1
14:44:41.241356,106,0.4368340956823304,2.492823791595199,0.8447812968438915,-0.4872000130126253,80.51999820023775,1.0,0.3722847756969755,1
14:44:41.241356,106,0.4183193756901028,2.541698084015656,0.7916010256708832,-0.6958000185841229,23.35999947786331,1.0,0.9264166656280308,1
14:44:41.241356,106,0.409743951085947,2.4969124835730128,0.8436857351303366,-0.4872000130126253,66.35999851673841,1.0,0.6562234108827516,1
14:44:41.241356,106,0.4028566576538831,2.483493076869059,0.969674364488641,-0.6263600167294499,72.75999837368727,1.0,0.5167390788687768,1
14:44:41.241356,106,0.394850458982973,2.4549283765837364,1.0677442943276936,-0.7655200204462744,63.999998569488525,1.0,0.7753888053251866,1
14:44:41.241356,106,0.3854457173031865,2.3964556897756326,1.0899492174622345,-0.7655200204462744,35.999999195337296,1.0,0.7905656397228613,1
14:44:41.241356,106,0.41092938872317,2.392609461398024,1.0909798112499205,-0.7655200204462744,40.99999908357859,1.0,0.5056994017568696,1
14:44:41.296913,107,0.6453499793749111,2.3901400265867503,0.7310323910185743,-0.7655200204462744,21.7599995136261,1.0,0.8806478320999435,1
14:44:41.296913,107,0.8212635503006418,2.3782729850314586,0.9699776437952292,-0.6263600167294499,35.11999921500683,1.0,6.967012051070795,1
14:44:41.296913,107,0.5875068382175694,2.4395488970575183,0.953558812652366,-0.7655200204462744,113.11999747157095,1.0,1.050568073394825,1
14:44:41.296913,107,0.6002859477439153,2.387299350369298,1.003937997642109,-0.7655200204462744,133.63999701291323,1.0,0.3152335704916496,1
14:44:41.296913,107,0.5880223384319438,2.3588237006377675,1.1000326785613022,-0.6958000185841229,67.5199984908104,1.0,0.5706579953566038,1
14:44:41.296913,107,0.5742216991372965,2.310041379908452,1.1457050445409134,-0.6958000185841229,39.63999911397696,1.0,2.265460476035039,1
14:44:41.296913,107,0.5766136489231914,2.422072280493523,1.0765480587415055,-0.7655200204462744,166.11999628692865,1.0,0.6600863975115943,1
14:44:41.296913,107,0.5250614009114914,2.3206599929946305,1.1428597957397333,-0.7655200204462744,63.75999857485294,1.0,2.161394001332324,1
14:44:41.296913,107,0.5496690332457997,2.315469400442383,1.144250610822347,-0.7655200204462744,51.63999884575605,1.0,2.155951741478969,1
14:44:41.296913,107,0.5612052796535364,2.445096796674201,0.9520722574303868,-0.7655200204462744,105.5199976414442,1.0,0.9250897241997221,1
14:44:41.296913,107,0.550799757629627,2.4275173143786435,1.0750890663092276,-0.7655200204462744,179.6399959847331,1.0,0.5642495241121687,1
14:44:41.296913,107,0.5381931263395863,2.3786994333097398,1.1214228175193055,-0.6958000185841229,118.11999735981226,1.0,0.294076510286692,1
14:44:41.296913,107,0.5139072125691078,2.3161785778461192,1.328330577993988,-0.6958000185841229,15.519999653100967,1.0,2.8296218542431744,1
14:44:41.296913,107,0.598716943339963,2.3043764741903408,1.1472229514532797,-0.6958000185841229,29.999999329447743,1.0,2.489379654868008,1
14:44:41.296913,107,0.5634161927368226,2.3733790246329645,1.122848416727651,-0.6958000185841229,92.51999793201684,1.0,0.34096578999174193,1
14:44:41.296913,107,0.613106292587897,2.3530226465982484,1.1015870663064409,-0.6958000185841229,48.75999891012907,1.0,0.8344969467481547,1
14:44:41.296913,107,0.7698262285659045,2.393642244093486,0.9658594632412942,-0.8349600223009475,51.51999884843826,1.0,4.91345035603086,1
14:44:41.296913,107,0.6399310805119605,2.4276923622434063,0.9567357615808388,-0.7655200204462744,104.35999766737224,1.0,1.623714679461138,1
14:44:41.296913,107,0.5348476010317164,2.4503903695912226,0.9506538488421956,-0.7655200204462744,92.63999792933464,1.0,0.907941727809385,1
14:44:41.296913,107,0.7955846683334192,2.38608182718855,0.9678852708454144,-0.6263600167294499,42.35999905318022,1.0,5.88758877047804,1
14:44:41.296913,107,0.7266823310388314,2.3450968148495908,0.9880046252022838,-0.6263600167294499,33.519999250769615,1.0,2.882050085212039,1
14:44:41.296913,107,0.7180809866177184,2.4080148029233888,0.962008347709653,-0.8349600223009475,62.87999859452248,1.0,3.2809296074632472,1
14:44:41.296913,107,0.7013752864233016,2.3519938608415845,0.9861565672985688,-0.6263600167294499,42.75999904423952,1.0,2.142785932686218,1
14:44:41.296913,107,0.6856001862676174,2.305869011286192,1.0342457930597366,-0.8349600223009475,21.119999527931213,1.0,2.968800162486664,1
14:44:41.296913,107,0.6258930449739707,2.381377311367664,1.0055248032101427,-0.7655200204462744,100.51999775320292,1.0,0.6136144301036658,1
14:44:41.296913,107,0.6920993589178893,2.414825507604513,0.9601834248904586,-0.7655200204462744,76.2399982959032,1.0,2.6227404612828225,1
14:44:41.296913,107,0.6607937798559383,2.3123716488507746,1.0325034165756346,-0.8349600223009475,27.239999391138557,1.0,2.370308939210367,1
14:44:41.296913,107,0.6475253746502815,2.292338296776557,1.1504485713696455,-0.6958000185841229,17.879999600350857,1.0,3.278698233119514,1
14:44:41.296913,107,0.66604852186201,2.4213849126895237,0.9584258375951016,-0.7655200204462744,90.9999979659915,1.0,2.0702225258349696,1
14:44:41.296913,107,0.6514375534239022,2.375208227027924,1.0071778043770154,-0.8349600223009475,74.5199983343482,1.0,1.0220397358755544,1
14:44:41.296913,107,0.6359212946198872,2.3186343537989584,1.0308253298423342,-0.8349600223009475,35.999999195337296,1.0,1.8860910601454766,1
14:44:41.296913,107,0.623152316349901,2.2984752497738765,1.148804179770026,-0.6958000185841229,22.99999948590994,1.0,2.8272509014572376,1
14:44:41.296913,107,0.6769169186642662,2.3687927142533445,1.0088968358439956,-0.8349600223009475,55.87999875098467,1.0,1.5400946798233308,1
14:44:41.296913,107,0.5249307868217602,2.432712737132846,1.073696956977901,-0.7655200204462744,163.35999634861946,1.0,0.5755494771718142,1
14:44:41.296913,107,0.6137496465899945,2.4337472255264894,0.9551133658538558,-0.7655200204462744,112.7599974796176,1.0,1.283652501706275,1
14:44:41.296913,107,0.5015306391368828,2.350574851289754,1.2131667940005262,-0.6958000185841229,70.23999843001366,1.0,1.3234578687836538,1
14:44:41.296913,107,0.4294914501347372,2.479473110790261,0.9707515111530558,-0.7655200204462744,44.75999899953604,1.0,2.3315697214999176,1
14:44:41.296913,107,0.4213572332049258,2.460232236420245,1.0936908117103596,-0.7655200204462744,54.9999987706542,1.0,1.9734833686679494,1
14:44:41.296913,107,0.4124764983344989,2.435317976790253,1.2133296808148244,-0.6958000185841229,45.51999898254872,1.0,1.8867656609603234,1
14:44:41.296913,107,0.4021907239582886,2.3680357351670125,1.208488164266481,-0.6958000185841229,33.11999925971031,1.0,2.863669930015018,1
14:44:41.296913,107,0.5054568712580217,2.451454356452458,-0.2280231049621539,-0.1391600037168245,17.759999603033066,1.0,6.556947896869477,1
14:44:41.296913,107,0.5348768860811255,2.4464298884732574,-0.226676802824731,-0.0697200018621515,19.63999956101179,1.0,6.237858343018933,1
14:44:41.296913,107,0.3961188857774245,2.490437071758792,1.167837792366392,-0.6958000185841229,42.35999905318022,1.0,3.6431159921049456,1
14:44:41.296913,107,0.4759863111712646,2.4561944024316773,-0.229293196454372,-0.1391600037168245,15.639999650418758,1.0,7.021344076245149,1
14:44:41.296913,107,0.3700936508837885,2.5023954056489743,1.192083640940408,-0.6958000185841229,33.359999254345894,1.0,4.721692592467173,1
14:44:41.296913,107,0.3612785789883264,2.442792125887235,1.2113269886001783,-0.6958000185841229,25.75999942421913,1.0,3.151374729891116,1
14:44:41.296913,107,0.3524635070928643,2.383188846125497,1.230570336259948,-0.7655200204462744,19.759999558329586,1.0,4.0789456838367695,1
14:44:41.296913,107,0.3356241470779249,2.446157935568057,1.2104251226143252,-0.8349600223009475,20.119999550282955,1.0,3.9514325899851994,1
14:44:41.296913,107,0.5129162410806148,2.383775943921823,1.1200625706004297,-0.6958000185841229,127.87999714165926,1.0,0.357964915689022,1
14:44:41.296913,107,0.3772489783961991,2.3718001711459182,1.2074794866859746,-0.6958000185841229,25.359999433159828,1.0,3.536052707803087,1
14:44:41.296913,107,0.3868968833435085,2.4391786858476423,1.2122952069406854,-0.6958000185841229,33.7599992454052,1.0,2.463575982338612,1
14:44:41.296913,107,0.4377737790024735,2.423154706206514,1.1897925641848963,-0.6958000185841229,62.759998597204685,1.0,1.278286833234192,1
14:44:41.296913,107,0.6196095458863369,2.407464354298784,-0.2470873281081336,-0.6958000185841229,20.239999547600743,1.0,6.317732219643061,1
14:44:41.296913,107,0.4270922507849379,2.364030572667094,1.2095613443238895,-0.6958000185841229,43.63999902456999,1.0,2.3072134469545778,1
14:44:41.296913,107,0.5084364380978887,2.4554290864557267,0.9493037287274628,-0.7655200204462744,78.35999824851751,1.0,0.9999439448202532,1
14:44:41.296913,107,0.4994850441190783,2.446889255915865,1.0972660525611326,-0.7655200204462744,130.35999708622694,1.0,0.9951764659769377,1
14:44:41.296913,107,0.4875880646272569,2.388608048822407,1.1187678119945756,-0.7655200204462744,112.99999747425318,1.0,0.5333770429168689,1
14:44:41.296913,107,0.5905088408973063,2.413308825885468,-0.2486533495499721,-0.0697200018621515,20.999999530613422,1.0,6.232645165105322,1
14:44:41.296913,107,0.4826295295787988,2.470662405185003,0.9731123326047326,-0.7655200204462744,65.11999854445457,1.0,1.622708455066923,1
14:44:41.296913,107,0.4767646919754867,2.3552996941881976,1.211900776161524,-0.6958000185841229,66.87999850511551,1.0,1.5380208970924536,1
14:44:41.296913,107,0.4632543131484706,2.418803038517721,1.190958590027837,-0.6958000185841229,86.5199980661273,1.0,0.9097344630505152,1
14:44:41.296913,107,0.4519510687443271,2.359785084159057,1.2106989195410935,-0.6958000185841229,55.99999874830246,1.0,1.8656484638642603,1
14:44:41.296913,107,0.5748934870490684,2.487197578207401,-0.2672560189297543,-0.0697200018621515,13.999999687075617,1.0,7.703820006981692,1
14:44:41.296913,107,0.5613490855189147,2.418871918717011,-0.2501439757816035,-0.0697200018621515,20.87999953329563,1.0,6.292263149817597,1
14:44:41.296913,107,0.4734889208679731,2.4515883983758555,1.0960069211338592,-0.7655200204462744,97.9999978095293,1.0,1.2126751417969217,1
14:44:41.296913,107,0.456083293830406,2.475196077662332,0.9718975387256852,-0.7655200204462744,53.87999879568815,1.0,1.9218881408067419,1
14:44:41.296913,107,0.4474454491214704,2.456036206803021,1.094815134457712,-0.7655200204462744,72.87999837100506,1.0,1.5384230843381959,1
14:44:41.355220,108,0.6718336809556943,2.28596622888854,1.1521559618143562,-0.6958000185841229,37.75999915599823,1.0,0.8630987243787528,1
14:44:41.355220,108,0.6475253746502815,2.292338296776557,1.1504485713696455,-0.6958000185841229,48.119998924434185,1.0,0.6856880356975892,1
14:44:41.355220,108,0.659896850815595,2.302466729963329,1.0085647754196936,-0.6958000185841229,71.8799983933568,1.0,0.3685725920595644,1
14:44:41.355220,108,0.7241616543027074,2.370295838848342,0.7363496250975325,-0.8349600223009475,11.759999737143517,1.0,3.5640004785539676,1
14:44:41.355220,108,0.709244656990839,2.328680455635871,0.7892887971386631,-0.6958000185841229,37.11999917030335,1.0,0.7383935480123923,1
14:44:41.355220,108,0.6575615226916744,2.282221833788491,1.3374292601418198,-0.6958000185841229,26.519999407231808,1.0,1.4805902397102435,1
14:44:41.355220,108,0.6337696120427396,2.2884585360883505,1.335758140797139,-0.6958000185841229,32.63999927043915,1.0,1.2863163998078564,1
14:44:41.355220,108,0.6968617500274648,2.3091021613300806,0.8890941400086583,-0.6958000185841229,80.51999820023775,1.0,0.4733175010508636,1
14:44:41.355220,108,0.6979600157031304,2.377164216177313,0.7345092489389224,-0.8349600223009475,10.519999764859676,1.0,2.9994431783861457,1
14:44:41.355220,108,0.6109852177871494,2.324656499865496,1.029211700667103,-0.6958000185841229,103.63999768346548,1.0,0.13280530905876203,1
14:44:41.355220,108,0.6716478773795544,2.315711610224368,0.8873231435150193,-0.6958000185841229,101.75999772548676,1.0,0.22451124931292923,1
14:44:41.355220,108,0.6350581262700857,2.3087209342232344,1.0068889664389524,-0.6958000185841229,90.23999798297882,1.0,0.284620388553805,1
14:44:41.355220,108,0.623152316349901,2.2984752497738765,1.148804179770026,-0.6958000185841229,59.75999866425991,1.0,0.6229598197287639,1
14:44:41.355220,108,0.6099143249635732,2.2944651181815017,1.334148681976008,-0.6958000185841229,39.51999911665917,1.0,1.1984295852697,1
14:44:41.355220,108,0.6578524765741522,2.341886039813329,0.7857503715227319,-0.7655200204462744,42.87999904155731,1.0,0.1795712094849577,1
14:44:41.355220,108,0.6210211674911484,2.3281982503222225,0.8839773583846211,-0.6958000185841229,117.2399973794818,1.0,0.0884028610297915,1
14:44:41.355220,108,0.6000682123162174,2.329290758194216,1.2188698495571042,-0.6263600167294499,69.99999843537807,1.0,0.8295388827584113,1
14:44:41.355220,108,0.5859980469628971,2.30024097941477,1.3326010446229597,-0.6958000185841229,46.11999896913767,1.0,1.2207018520509063,1
14:44:41.355220,108,0.6846695862288847,2.295972918759781,1.0103047868874842,-0.6958000185841229,55.23999876528978,1.0,0.5706510553267996,1
14:44:41.355220,108,0.6835827456334242,2.335407351341859,0.7874863308666751,-0.7655200204462744,41.51999907195568,1.0,0.4010326391340642,1
14:44:41.355220,108,0.7220059370842036,2.302249499662301,0.8909303051685435,-0.6958000185841229,61.35999862849712,1.0,0.8373075731980921,1
14:44:41.355220,108,0.8093880603423115,2.2870943644616744,0.7729333349457141,-0.8349600223009475,18.759999580681324,1.0,2.8070461431720117,1
14:44:41.355220,108,0.744920638629467,2.3241289808809737,0.6646938712084114,-0.6263600167294499,12.23999972641468,1.0,1.3407181379060467,1
14:44:41.355220,108,0.8457112523135318,2.2799518775354164,0.6486611642343902,-0.8349600223009475,10.239999771118164,1.0,3.999551876176803,1
14:44:41.355220,108,0.8346146869536208,2.279154374911942,0.7750608487334767,-0.8349600223009475,15.999999642372131,1.0,3.6315611727377273,1
14:44:41.355220,108,0.8218356512492708,2.2724207938248644,0.8989228828089502,-0.8349600223009475,22.63999949395657,1.0,3.3788522317922256,1
14:44:41.355220,108,0.802260767068696,2.2182951620382245,0.9251488770331392,-0.6958000185841229,20.51999954134226,1.0,5.559037749052059,1
14:44:41.355220,108,0.8222899567637577,2.301420140360144,0.6707786866870149,-0.6958000185841229,10.99999975413084,1.0,3.3431216652004023,1
14:44:41.355220,108,0.6453499793749111,2.3901400265867503,0.7310323910185743,-0.8349600223009475,7.639999829232693,0.7639999829232693,2.173889178915097,1
14:44:41.355220,108,0.7969952770814007,2.28023921181405,0.8968279440226588,-0.8349600223009475,28.23999936878681,1.0,2.5864035685011744,1
14:44:41.355220,108,0.7793888740352665,2.236685803261215,0.9466480638633918,-0.6958000185841229,25.51999942958355,1.0,3.8203244852301044,1
14:44:41.355220,108,0.7436368820073564,2.2567161402627134,1.1339295308299413,-0.6958000185841229,18.879999577999115,1.0,2.169581211164289,1
14:44:41.355220,108,0.7348356444767606,2.3217060253793,0.7911575900935786,-0.8349600223009475,31.63999929279089,1.0,1.1876016030632033,1
14:44:41.355220,108,0.7965789816025693,2.309238741925231,0.6686836987117091,-0.6958000185841229,11.759999737143517,1.0,2.567230684029963,1
14:44:41.355220,108,0.7720752040535461,2.2878173033005136,0.894797400528692,-0.8349600223009475,35.879999198019505,1.0,1.8969088338140545,1
14:44:41.355220,108,0.7550193097272052,2.2440964873152027,0.9446623770557636,-0.6958000185841229,32.51999927312136,1.0,3.2906692665804966,1
14:44:41.355220,108,0.7195603423296696,2.2637828989342195,1.1320359985508055,-0.6958000185841229,23.519999474287037,1.0,1.7042490168766942,1
14:44:41.355220,108,0.7707883492105951,2.3168086077589214,0.6666553592747599,-0.6958000185841229,12.23999972641468,1.0,1.8987365368696083,1
14:44:41.355220,108,0.7586945234711794,2.302241383681703,0.7688747033779688,-0.8349600223009475,26.519999407231808,1.0,1.4790722792066846,1
14:44:41.355220,108,0.7470779241521311,2.295154310481454,0.8928314553796977,-0.6958000185841229,46.63999895751476,1.0,1.3129141671763922,1
14:44:41.355220,108,0.7305742441207269,2.251271412851126,0.9427398615526594,-0.6958000185841229,42.11999905854464,1.0,2.8834882490944724,1
14:44:41.355220,108,0.6954118472205981,2.2706167466371325,1.130204874577613,-0.6958000185841229,29.759999334812164,1.0,1.3486890585639046,1
14:44:41.355220,108,0.6812876777392457,2.275755634946929,1.3391618728995154,-0.6958000185841229,21.51999951899052,1.0,1.7777774169729479,1
14:44:41.355220,108,0.784080495603074,2.294790290580316,0.7708712177572146,-0.8349600223009475,22.239999502897263,1.0,2.088674290783032,1
14:44:41.355220,108,0.6320564228183723,2.348115873186862,0.7840810927013133,-0.7655200204462744,40.23999910056591,1.0,0.07840949247994122,1
14:44:41.355220,108,0.6716885816867344,2.383779165919927,0.7327367784974166,-0.8349600223009475,8.999999798834324,0.8999999798834324,2.5345358530532685,1
14:44:41.355220,108,0.5859880429445169,2.3304374848408256,1.0276626904115072,-0.6958000185841229,104.35999766737224,1.0,0.22295558481269712,1
14:44:41.355220,108,0.5051645144747637,2.411210647914082,0.8500111785909765,-0.7655200204462744,19.63999956101179,1.0,2.097488856860075,1
14:44:41.355220,108,0.4942853558178988,2.366268810728557,0.9008481350282288,-0.7655200204462744,48.35999891906977,1.0,1.52499185639355,1
14:44:41.355220,108,0.4875880646272569,2.388608048822407,1.1187678119945756,-0.6263600167294499,44.359999008476734,1.0,2.2113026710050594,1
14:44:41.355220,108,0.4770272517352287,2.363154008809534,1.2359386547392492,-0.6263600167294499,39.87999910861254,1.0,2.077029093902618,1
14:44:41.355220,108,0.4656555483771512,2.3323719702206023,1.349515916523277,-0.6263600167294499,34.35999923199415,1.0,2.883830772598415,1
14:44:41.355220,108,0.6047568178773085,2.481500257379404,-0.2657294264148717,-0.2783200074336491,16.99999962002039,1.0,9.105350182412844,1
14:44:41.355220,108,0.5935535173777141,2.4355297246769805,-0.223756112738152,-0.2783200074336491,20.239999547600743,1.0,7.735534025165027,1
14:44:41.355220,108,0.4788727983663633,2.415963222685236,0.8487377300190775,-0.7655200204462744,16.639999628067017,1.0,2.4562165970934484,1
14:44:41.355220,108,0.622804266237229,2.4296551188671525,-0.222182016855557,-0.2783200074336491,19.759999558329586,1.0,7.2520426956704345,1
14:44:41.355220,108,0.462211129775938,2.3931952648050507,1.1175386711765192,-0.6263600167294499,34.639999225735664,1.0,2.5926513178277677,1
14:44:41.355220,108,0.4414201099577228,2.336752845653957,1.3483420644887685,-0.6263600167294499,28.11999937146902,1.0,3.5912840229129235,1
14:44:41.355220,108,0.5642434136637412,2.4411215009366627,-0.2252544246711894,-0.2783200074336491,19.759999558329586,1.0,8.405373874138373,1
14:44:41.355220,108,0.4427874981085103,2.375320540959801,0.8984227312226627,-0.7655200204462744,29.879999332129955,1.0,3.1337991288896334,1
14:44:41.355220,108,0.4367879741988822,2.397537133151998,1.1163752710593124,-0.6263600167294499,27.519999384880062,1.0,3.1073004439574556,1
14:44:41.355220,108,0.4277766020635093,2.3940409170819863,1.3061578899803323,-0.6263600167294499,25.23999943584204,1.0,4.2093022394807935,1
14:44:41.355220,108,0.4171405298971207,2.3408994095933857,1.3472309960298343,-0.6263600167294499,22.99999948590994,1.0,4.439487692941377,1
14:44:41.355220,108,0.5348768860811255,2.4464298884732574,-0.226676802824731,-0.2783200074336491,18.23999959230423,1.0,9.26969269582593,1
14:44:41.355220,108,0.5956133928792263,2.3340741928722406,0.8824029043235719,-0.7655200204462744,117.6399973705411,1.0,0.20991278241861752,1
14:44:41.355220,108,0.4521999633584248,2.3676418689358667,1.2347361362426543,-0.6263600167294499,31.63999929279089,1.0,2.601544030752236,1
14:44:41.355220,108,0.4898444216318686,2.327757221377196,1.3507524347491402,-0.6263600167294499,41.23999907821417,1.0,2.3113195964856095,1
14:44:41.355220,108,0.4685598547596626,2.370919034654625,0.8996021112826151,-0.7655200204462744,37.75999915599823,1.0,2.2513072885135728,1
14:44:41.355220,108,0.5124277281637009,2.374769193309215,1.0957600966770715,-0.6263600167294499,57.51999871432781,1.0,1.4007158747046897,1
14:44:41.355220,108,0.575517683786082,2.334968449271812,1.2173485168179892,-0.6263600167294499,74.63999833166599,1.0,0.8196806927162046,1
14:44:41.355220,108,0.501806837786513,2.358426563886156,1.2372053697887309,-0.6263600167294499,50.1199988797307,1.0,1.6824347789260101,1
14:44:41.355220,108,0.5621074864703592,2.3125144657533534,1.3548367188089738,-0.6263600167294499,50.6399988681078,1.0,1.3496092155269297,1
14:44:41.355220,108,0.618946842605825,2.3962461620970457,0.7293962569397157,-0.7655200204462744,6.519999854266644,0.6519999854266645,1.9224763517334034,1
14:44:41.355220,108,0.6061971639498477,2.354096228484339,0.7824786613289032,-0.7655200204462744,34.759999223053455,1.0,0.10229343069582222,1
14:44:41.355220,108,0.5711550251201909,2.3508306074862526,0.904984789119592,-0.7655200204462744,102.63999770581722,1.0,0.21918383242012712,1
14:44:41.355220,108,0.5509096039697372,2.340408720529281,1.215890800527944,-0.6263600167294499,71.11999841034412,1.0,0.92288953571337,1
14:44:41.355220,108,0.5380728020772919,2.317827972685296,1.353412968917583,-0.6263600167294499,51.11999885737896,1.0,1.5493054007788007,1
14:44:41.355220,108,0.5240607670230345,2.282336186668245,1.463056202379554,-0.6958000185841229,20.119999550282955,1.0,3.4631058137510804,1
14:44:41.355220,108,0.7101711646167995,2.41034033975168,-0.2170066373895807,-0.2783200074336491,16.519999630749226,1.0,6.844667068967933,1
14:44:41.355220,108,0.5609322697885312,2.3359767306312933,1.026178453975274,-0.6958000185841229,91.99999794363976,1.0,0.43891014176215265,1
14:44:41.355220,108,0.531405714554944,2.406204356531908,0.8513526103239051,-0.7655200204462744,23.639999471604824,1.0,1.8730548514174483,1
14:44:41.355220,108,0.5542993805533231,2.365306137736451,0.7794749751975736,-0.7655200204462744,28.759999357163903,1.0,0.5458961990944228,1
14:44:41.355220,108,0.5455855059841817,2.3562240949127884,0.9035396085192642,-0.7655200204462744,81.99999816715717,1.0,0.515002335719752,1
14:44:41.355220,108,0.5376805391509699,2.369697517679548,1.097119048066313,-0.6263600167294499,74.1199983432889,1.0,1.1821606419472026,1
14:44:41.355220,108,0.5265362435744327,2.353460006906263,1.2385361547206564,-0.6263600167294499,61.519998624920845,1.0,1.4119414375968822,1
14:44:41.355220,108,0.5139843108548147,2.322909060594755,1.3520514955155716,-0.6263600167294499,47.51999893784523,1.0,1.8682246551066677,1
14:44:41.355220,108,0.651992735191906,2.4234982709628365,-0.2205322944316745,-0.2783200074336491,18.35999958962202,1.0,6.947188682217689,1
14:44:41.355220,108,0.5393766591527314,2.413030239329732,0.7248989769995158,-0.7655200204462744,5.239999882876873,0.5239999882876873,1.878757496833068,1
14:44:41.355220,108,0.5659575330514547,2.4076918407476744,0.7263293965884536,-0.7655200204462744,5.759999871253967,0.5759999871253967,1.7690426012966896,1
14:44:41.355220,108,0.519961428754666,2.3613703342000965,0.9021606778581728,-0.7655200204462744,63.11999858915806,1.0,0.948301223594099,1
14:44:41.412260,109,0.5710520208079396,2.247792028156247,1.3728338449823856,-0.5566400148672983,57.35999871790409,1.0,1.1941814536425714,1
14:44:41.412260,109,0.5860859605857137,2.306969071145168,1.356322602815949,-0.6958000185841229,73.51999835669994,1.0,1.8961702891128343,1
14:44:41.412260,109,0.5960773906003283,2.267935688363329,1.0528985981240635,-0.5566400148672983,82.63999815285206,1.0,0.901936072771757,1
14:44:41.412260,109,0.6073022041679651,2.283585379830325,0.9340813601963373,-0.6263600167294499,108.75999756902456,1.0,0.8289922857674211,1
14:44:41.412260,109,0.6100058265960329,2.301192343395555,1.3578704723513522,-0.6958000185841229,56.519998736679554,1.0,2.2499092859986667,1
14:44:41.412260,109,0.6564174448097805,2.3295828926473043,0.7615485681307876,-0.6958000185841229,10.239999771118164,1.0,1.0946550640831647,1
14:44:41.412260,109,0.6716885816867344,2.383779165919927,0.7327367784974166,-0.6958000185841229,6.999999843537808,0.6999999843537809,3.340434956447856,1
14:44:41.412260,109,0.5943583081808654,2.242163481702452,1.374342009459241,-0.5566400148672983,45.759998977184296,1.0,1.2984756913362614,1
14:44:41.412260,109,0.6453499793749111,2.3901400265867503,0.7310323910185743,-0.5566400148672983,5.759999871253967,0.5759999871253967,2.6950157149847533,1
14:44:41.412260,109,0.6210211674911484,2.3281982503222225,0.8839773583846211,-0.6958000185841229,27.119999393820763,1.0,0.4818331462136604,1
14:44:41.412260,109,0.6306776622665491,2.335799136334553,0.7598829306548343,-0.6958000185841229,9.63999978452921,0.963999978452921,0.7048867737980287,1
14:44:41.412260,109,0.5472457171550565,2.2789797094286977,1.049939361598406,-0.5566400148672983,138.63999690115452,1.0,0.9768546049346616,1
14:44:41.412260,109,0.5824557120795243,2.2893315170781205,0.932541687361192,-0.6263600167294499,138.9999968931079,1.0,0.7639871938866076,1
14:44:41.412260,109,0.5716901381451184,2.2735756193123544,1.0513873831809053,-0.5566400148672983,107.7599975913763,1.0,0.8813325741157438,1
14:44:41.412260,109,0.5620231696484744,2.305785542206869,1.3311153835004332,-0.5566400148672983,94.23999789357184,1.0,1.1913838083442705,1
14:44:41.412260,109,0.547606474736068,2.2715097111468063,1.4410925127500318,-0.6263600167294499,67.35999849438667,1.0,1.256362214397729,1
14:44:41.412260,109,0.5332467628075052,2.211944628190615,1.4557485675665762,-0.6263600167294499,21.119999527931213,1.0,3.015840747757777,1
14:44:41.412260,109,0.6048748124854733,2.3417664461543284,0.758283994807639,-0.7655200204462744,8.359999813139439,0.8359999813139438,0.4302077037110655,1
14:44:41.412260,109,0.5701460574270216,2.3397044254665342,0.8808942880467314,-0.5566400148672983,36.999999172985554,1.0,0.06595524977234335,1
14:44:41.412260,109,0.560170887860044,2.3260397713645435,1.0022483980130923,-0.5566400148672983,168.75999622792006,1.0,0.028061698512933074,1
14:44:41.412260,109,0.5379920904879504,2.311098252106165,1.329691847173296,-0.5566400148672983,115.23999742418528,1.0,1.0593737855742185,1
14:44:41.412260,109,0.6204050358158723,2.2620604805699944,1.0544728553076528,-0.5566400148672983,63.75999857485294,1.0,1.0355126395182812,1
14:44:41.412260,109,0.5956133928792263,2.3340741928722406,0.8824029043235719,-0.6263600167294499,32.51999927312136,1.0,0.21713715662457123,1
14:44:41.412260,109,0.6320879665447876,2.277599535208297,0.935685262428828,-0.6958000185841229,83.8799981251359,1.0,1.010169854367875,1
14:44:41.412260,109,0.7763450719252675,2.3558015740331024,0.7402333516496586,-0.6263600167294499,8.879999801516533,0.8879999801516533,6.9067044695219675,1
14:44:41.412260,109,0.6820915861584779,2.323118336711744,0.7632807406731468,-0.6958000185841229,10.119999773800371,1.0,1.5961218614062453,1
14:44:41.412260,109,0.524191826988665,2.276686142469146,1.4397054921575356,-0.6263600167294499,70.75999841839075,1.0,1.2545751759918549,1
14:44:41.412260,109,0.7492325887903831,2.1996747740763247,0.8511561824905445,-0.6958000185841229,33.11999925971031,1.0,6.2545729732355095,1
14:44:41.412260,109,0.6869658887982362,2.2174068986158826,1.380975515904641,-0.6958000185841229,17.11999961733818,1.0,2.668770661577573,1
14:44:41.412260,109,0.7586945234711794,2.302241383681703,0.7688747033779688,-0.6958000185841229,7.879999823868275,0.7879999823868274,3.7392934893716534,1
14:44:41.412260,109,0.7426640136850977,2.2606397332942603,0.8211704623220151,-0.6263600167294499,13.879999689757824,1.0,3.3025589970090317,1
14:44:41.412260,109,0.7292836561413526,2.2404872006573338,0.9192025382067486,-0.6958000185841229,40.759999088943005,1.0,3.193255720172819,1
14:44:41.412260,109,0.681389887069534,2.2824800532942016,1.3628844153725468,-0.6958000185841229,27.239999391138557,1.0,3.825015747648278,1
14:44:41.412260,109,0.6639112658154944,2.223931188498152,1.3792273376995006,-0.6958000185841229,21.639999516308308,1.0,2.188203384939961,1
14:44:41.412260,109,0.7502908773435575,2.363174720764991,0.738257722937173,-0.6958000185841229,8.999999798834324,0.8999999798834324,5.873894072998311,1
14:44:41.412260,109,0.7332326825225726,2.309446898662767,0.7669439914577423,-0.6958000185841229,8.759999804198742,0.8759999804198741,2.9214156695671525,1
14:44:41.412260,109,0.7177401577592784,2.267693002444039,0.8192805445493323,-0.6263600167294499,15.999999642372131,1.0,2.6466894274972925,1
14:44:41.412260,109,0.7048088459448415,2.2474133931461493,0.917346670522748,-0.6958000185841229,50.99999886006117,1.0,2.6160616757427713,1
14:44:41.412260,109,0.6688717797553494,2.2496066079825554,1.0578098604100972,-0.6958000185841229,39.759999111294746,1.0,1.6297018564989396,1
14:44:41.412260,109,0.6576601725352775,2.2889472222191425,1.3611515426817933,-0.6958000185841229,34.23999923467636,1.0,3.217045895942248,1
14:44:41.412260,109,0.6407902522623965,2.230232465327584,1.3775389156617694,-0.6958000185841229,27.519999384880062,1.0,1.7980421642647793,1
14:44:41.412260,109,0.7241616543027074,2.370295838848342,0.7363496250975325,-0.6958000185841229,8.759999804198742,0.8759999804198741,4.933185617907849,1
14:44:41.412260,109,0.7076975189200164,2.316406114978048,0.7650792750661095,-0.6958000185841229,9.63999978452921,0.963999978452921,2.2060616430838578,1
14:44:41.412260,109,0.6927445284190062,2.274505176989813,0.8174552278810923,-0.6263600167294499,18.759999580681324,1.0,2.099525512883421,1
14:44:41.412260,109,0.6802635554542252,2.254102834761025,0.9155542400442268,-0.6958000185841229,64.99999854713678,1.0,2.1468112653470697,1
14:44:41.412260,109,0.6446706410476104,2.255950583448205,1.0561099973072734,-0.6958000185841229,49.99999888241291,1.0,1.2790548582572052,1
14:44:41.412260,109,0.6338646925347556,2.295184860172451,1.3594801726295265,-0.6958000185841229,43.63999902456999,1.0,2.6911299368961883,1
14:44:41.412260,109,0.6176051602209268,2.2363100989817752,1.3759104186322366,-0.6958000185841229,35.51999920606613,1.0,1.500637115076826,1
14:44:41.412260,109,0.6979600157031304,2.377164216177313,0.7345092489389224,-0.6958000185841229,8.119999818503857,0.8119999818503857,4.087624777302744,1
14:44:41.412260,109,0.6716478773795544,2.315711610224368,0.8873231435150193,-0.6958000185841229,22.51999949663877,1.0,1.338141852060555,1
14:44:41.412260,109,0.5530902383118772,2.352951902240381,0.7552868608824075,-0.7655200204462744,6.8799998462200165,0.6879999846220016,0.24049586448992888,1
14:44:41.412260,109,0.4250405571142547,2.551817130803289,-0.1299699346384573,-0.904680024163099,15.239999659359457,1.0,7.901354436468626,1
14:44:41.412260,109,0.5350931075611511,2.331329534226647,1.0008310103260396,-0.5566400148672983,185.99999584257603,1.0,0.024511238699169383,1
14:44:41.412260,109,0.426130499276294,2.339038059500976,1.1379354076609127,-0.5566400148672983,130.51999708265066,1.0,1.3903012265509895,1
14:44:41.412260,109,0.416640044707048,2.312569006183061,1.2527655623235043,-0.5566400148672983,69.51999844610691,1.0,2.1174435595114645,1
14:44:41.412260,109,0.406379314534433,2.299162392183712,1.4336829991976376,-0.5566400148672983,27.119999393820763,1.0,2.8084591158505603,1
14:44:41.412260,109,0.5250466608759108,2.58609959740771,-0.1664531026671531,-0.974120026017772,7.759999826550484,0.7759999826550483,10.376323033466251,1
14:44:41.412260,109,0.515320014818826,2.5381913307207244,-0.126318912510106,-0.974120026017772,16.239999637007713,1.0,7.089731609656553,1
14:44:41.412260,109,0.4189301948957435,2.4115712053249774,0.9701928659570528,-0.5566400148672983,19.63999956101179,1.0,1.8416577276544166,1
14:44:41.412260,109,0.411321140190348,2.4016332196800527,1.115277727981992,-0.5566400148672983,78.63999824225903,1.0,2.3689273892526614,1
14:44:41.412260,109,0.4012850471757701,2.3430342029398608,1.1368646442536243,-0.5566400148672983,101.87999772280456,1.0,1.9882625404773195,1
14:44:41.412260,109,0.3923479316301632,2.3164761505528277,1.251718646144914,-0.5566400148672983,54.239998787641525,1.0,2.797680095630806,1
14:44:41.412260,109,0.4367879741988822,2.397537133151998,1.1163752710593124,-0.5566400148672983,100.1199977621436,1.0,2.1064660783857194,1
14:44:41.412260,109,0.3826854512435952,2.302973314035664,1.432661865764989,-0.5566400148672983,21.639999516308308,1.0,3.455740465023276,1
14:44:41.412260,109,0.3858131744123998,2.405483114783993,1.1142461516979467,-0.5566400148672983,62.35999860614538,1.0,2.7535916428939817,1
14:44:41.412260,109,0.3772489783961991,2.3718001711459182,1.2074794866859746,-0.4872000130126253,79.23999822884798,1.0,2.591146542903841,1
14:44:41.412260,109,0.3680165840888248,2.320148459689005,1.2507346538775177,-0.5566400148672983,42.75999904423952,1.0,3.6065281807005203,1
14:44:41.412260,109,0.4551802304542591,2.547565955514046,-0.1288308356528213,-0.904680024163099,16.359999634325504,1.0,7.453933631512054,1
14:44:41.412260,109,0.3612785789883264,2.442792125887235,1.2113269886001783,-0.4872000130126253,50.23999887704849,1.0,5.960038383225708,1
14:44:41.412260,109,0.3524635070928643,2.383188846125497,1.230570336259948,-0.4872000130126253,62.23999860882759,1.0,3.426171590072528,1
14:44:41.412260,109,0.5446217078467432,2.34508838508656,0.879451660414464,-0.5566400148672983,38.35999914258719,1.0,0.03189046158872219,1
14:44:41.412260,109,0.3274350344141468,2.3864725312186774,1.2296904754910325,-0.4872000130126253,49.75999888777733,1.0,4.147921741465081,1
14:44:41.412260,109,0.3948583800746381,2.555776971505395,-0.1310309707567425,-0.904680024163099,13.759999692440031,1.0,8.534370632309933,1
14:44:41.412260,109,0.3646367175278268,2.559445081639612,-0.132013837904954,-0.904680024163099,11.9999997317791,1.0,9.359756564955791,1
14:44:41.412260,109,0.3929503557126552,2.415492319871813,0.969142206480798,-0.5566400148672983,16.8799996227026,1.0,2.2575943798484177,1
14:44:41.412260,109,0.4427874981085103,2.375320540959801,0.8984227312226627,-0.7655200204462744,22.99999948590994,1.0,0.9173063170206858,1
14:44:41.412260,109,0.4852743861525687,2.5430238707516355,-0.1276137877087797,-0.974120026017772,16.759999625384808,1.0,7.185523369291628,1
14:44:41.412260,109,0.5752536780575215,2.5276568468501863,-0.1234962060643165,-0.974120026017772,15.119999662041664,1.0,7.391418612612849,1
14:44:41.412260,109,0.4488782054585158,2.3723110270323766,0.7500995990282191,-0.7655200204462744,5.239999882876873,0.5239999882876873,1.4092595110518629,1
14:44:41.412260,109,0.5245613206723129,2.311877720980452,1.119149029823399,-0.5566400148672983,169.9999962002039,1.0,0.21219631099109934,1
14:44:41.412260,109,0.5133676325004577,2.2946002420043965,1.257580278174163,-0.5566400148672983,128.35999713093042,1.0,0.6047835299088129,1
14:44:41.412260,109,0.5007247604977314,2.2816361506168663,1.4383791414718266,-0.6263600167294499,65.75999853014946,1.0,1.352628409208402,1
14:44:41.412260,109,0.5271136923333891,2.3581689299704203,0.7538889625152527,-0.7655200204462744,5.359999880194664,0.5359999880194664,0.3330549255534956,1
14:44:41.412260,109,0.519961428754666,2.3613703342000965,0.9021606778581728,-0.7655200204462744,36.11999919265509,1.0,0.11948921441009455,1
14:44:41.412260,109,0.5106549563710243,2.3463278132069973,1.023404889758326,-0.5566400148672983,180.87999595701692,1.0,0.15721514649671628,1
14:44:41.412260,109,0.4892567063155771,2.2994425859637366,1.2562827760207842,-0.5566400148672983,125.75999718904497,1.0,0.809163248988997,1
14:44:41.412260,109,0.4772076219502558,2.2863592405932995,1.4371135933268615,-0.6263600167294499,55.35999876260757,1.0,1.5536860355720155,1
14:44:41.412260,109,0.501084435427284,2.363134786872364,0.7525583651686485,-0.7655200204462744,5.359999880194664,0.5359999880194664,0.5558830789915032,1
14:44:41.412260,109,0.4942853558178988,2.366268810728557,0.9008481350282288,-0.7655200204462744,31.87999928742647,1.0,0.25855415991604747,1
14:44:41.412260,109,0.5004012628769892,2.325612638510287,1.1415327383734155,-0.5566400148672983,189.5199957638979,1.0,0.34022157287785637,1
14:44:41.412260,109,0.4685598547596626,2.370919034654625,0.8996021112826151,-0.7655200204462744,27.119999393820763,1.0,0.5230815858427044,1
14:44:41.412260,109,0.4756910851354355,2.3303268417289487,1.1402695714280189,-0.5566400148672983,185.87999584525824,1.0,0.5702610304638799,1
14:44:41.412260,109,0.4650968548699645,2.304051798031676,1.255047741369436,-0.5566400148672983,109.63999754935504,1.0,1.1269797791867844,1
14:44:41.412260,109,0.45364276304039,2.290854940093405,1.4359089742763955,-0.5566400148672983,44.11999901384115,1.0,1.8610416848804352,1
14:44:41.412260,109,0.6051357193138479,2.5219559564501197,-0.1219686570854801,-0.974120026017772,13.519999697804453,1.0,7.777105669032586,1
14:44:41.412260,109,0.475005070497445,2.367848976364683,0.7512952019012142,-0.7655200204462744,5.359999880194664,0.5359999880194664,0.9131700787741757,1
14:44:41.412260,109,0.461770909542784,2.3841795430202484,1.0932386010715058,-0.5566400148672983,127.23999715596436,1.0,1.375191091980273,1
14:44:41.412260,109,0.4509333386839028,2.334802131234245,1.1390704212191791,-0.5566400148672983,161.75999638438225,1.0,0.9189836383344425,1
14:44:41.412260,109,0.4408904941285235,2.308427417290872,1.2538752977225485,-0.5566400148672983,88.63999801874161,1.0,1.5618300896727981,1
14:44:41.412260,109,0.4854384437987225,2.351138614892647,1.02211583933171,-0.5566400148672983,157.11999648809433,1.0,0.32655642474926344,1
14:44:41.412260,109,0.4300325402342824,2.2951227995509984,1.4347654047813236,-0.5566400148672983,34.639999225735664,1.0,2.2781168403943473,1
14:44:41.471296,110,0.5942691536956239,2.235608819398178,1.3512287167990913,-0.6958000185841229,59.51999866962433,1.0,2.475059440856966,1
14:44:41.471296,110,0.5786858210492871,2.20120382640319,1.4586265567315797,-0.6958000185841229,44.23999901115894,1.0,3.597822285981199,1
14:44:41.471296,110,0.6175125186789746,2.229756314692187,1.352796890708761,-0.6958000185841229,45.2399989888072,1.0,2.2010374992908623,1
14:44:41.471296,110,0.6651448003111607,2.33105086435286,0.6349692319826077,-0.4872000130126253,6.519999854266644,0.6519999854266645,3.098108744624974,1
14:44:41.471296,110,0.6048887770118573,2.205486607341029,1.0781203807729716,-0.5566400148672983,76.2399982959032,1.0,2.060671954759613,1
14:44:41.471296,110,0.6195629284741236,2.252388944990089,1.031120530860878,-0.5566400148672983,81.99999816715717,1.0,1.3595230961344948,1
14:44:41.471296,110,0.6013196826012326,2.195504790082829,1.460153608911256,-0.6958000185841229,37.11999917030335,1.0,3.3076728147673755,1
14:44:41.471296,110,0.6716478773795544,2.315711610224368,0.8873231435150193,-0.5566400148672983,15.999999642372131,1.0,2.88251222274636,1
14:44:41.471296,110,0.6754464557518677,2.2716518159376817,0.6677191072361051,-0.4174800111504737,11.359999746084211,1.0,1.1542226253111532,1
14:44:41.471296,110,0.6911602905385549,2.3245003593337485,0.6367244345124945,-0.4872000130126253,7.519999831914902,0.7519999831914902,3.1726440301908214,1
14:44:41.471296,110,0.6500224391969691,2.2780533923290225,0.6660038100117593,-0.5566400148672983,10.519999764859676,1.0,1.025360053541079,1
14:44:41.471296,110,0.6320879665447876,2.277599535208297,0.935685262428828,-0.5566400148672983,45.11999899148941,1.0,1.446548294275269,1
14:44:41.471296,110,0.6210211674911484,2.3281982503222225,0.8839773583846211,-0.5566400148672983,17.359999611973763,1.0,3.2058076600843526,1
14:44:41.471296,110,0.5332467628075052,2.211944628190615,-0.5442514324334237,-0.6958000185841229,52.7599988207221,1.0,1.5813565732635655,1
14:44:41.471296,110,0.5952683044100222,2.2582561780647628,1.029548410496714,-0.5566400148672983,115.11999742686749,1.0,1.58689393419681,1
14:44:41.471296,110,0.5831871312368047,2.2381967753301693,1.1454289936329851,-0.5566400148672983,110.75999752432108,1.0,2.026116206349871,1
14:44:41.471296,110,0.5709663622947827,2.2412365215630063,1.3497207785487828,-0.5566400148672983,76.2399982959032,1.0,2.8775149188940996,1
14:44:41.471296,110,0.5559940914000601,2.206683955108545,1.457158160670561,-0.6958000185841229,50.1199988797307,1.0,4.015025581886938,1
14:44:41.471296,110,0.6390627961609943,2.3373497557042917,0.6332814491317804,-0.4872000130126253,5.239999882876873,0.5239999882876873,3.167616615223083,1
14:44:41.471296,110,0.6245334209427402,2.2842090756006623,0.6643543996502617,-0.5566400148672983,8.879999801516533,0.8879999801516533,1.042787914257401,1
14:44:41.471296,110,0.5956133928792263,2.3340741928722406,-1.117597095676428,-0.5566400148672983,18.759999580681324,1.0,1.8105791166379182,1
14:44:41.471296,110,0.5824557120795243,2.2893315170781205,-1.067458312638808,-0.5566400148672983,72.11999838799238,1.0,0.7333406992500585,1
14:44:41.471296,110,0.5709141540141963,2.2638884536483648,-0.9719607531974616,-0.5566400148672983,160.2399964183569,1.0,0.588966694091494,1
14:44:41.471296,110,0.5593272566259294,2.243714741960681,-0.8560495410695224,-0.5566400148672983,158.1199964657426,1.0,0.7442296063150454,1
14:44:41.471296,110,0.5476886287113609,2.253195175493229,-0.6286139239831453,-0.6263600167294499,90.11999798566104,1.0,0.2989049267026742,1
14:44:41.471296,110,0.5188300678950988,2.152143175857614,-0.5295372186691946,-0.6958000185841229,11.639999739825726,1.0,5.563871347278418,1
14:44:41.471296,110,0.6285475022392825,2.199529518045636,1.0797165780389124,-0.5566400148672983,54.11999879032373,1.0,2.0053643356906967,1
14:44:41.471296,110,0.6073022041679651,2.283585379830325,0.9340813601963373,-0.5566400148672983,57.87999870628119,1.0,1.6468474351979998,1
14:44:41.471296,110,0.6437955967644478,2.2462873411427364,1.0327554506843108,-0.5566400148672983,59.75999866425991,1.0,1.2689672570745425,1
14:44:41.471296,110,0.7905581588005547,2.2338865599367272,0.8014802651764024,-0.7655200204462744,10.519999764859676,1.0,3.559137989187776,1
14:44:41.471296,110,0.6927445284190062,2.274505176989813,0.8174552278810923,-0.4174800111504737,14.6399996727705,1.0,1.6102956426091075,1
14:44:41.471296,110,0.8612241232257584,2.215881642900753,0.5551172056374856,-0.8349600223009475,5.879999868571758,0.5879999868571758,6.990944545820618,1
14:44:41.471296,110,0.8513818470421872,2.2200126282192767,0.681555785883051,-0.8349600223009475,7.759999826550484,0.7759999826550483,6.23909182742723,1
14:44:41.471296,110,0.8360380770769918,2.2240788579940527,0.5529207684730517,-0.8349600223009475,6.519999854266644,0.6519999854266645,5.680835936249835,1
14:44:41.471296,110,0.8015027714461099,2.2359787994803884,0.6772776631874191,-0.8349600223009475,8.119999818503857,0.8119999818503857,4.0278894493953565,1
14:44:41.471296,110,0.7058861976893376,2.2474658779616,-2.293452177970672,-1.4613200390303973,17.519999608397484,1.0,10.198957867098635,1
14:44:41.471296,110,0.810768427820951,2.232032388765718,0.5507896263258081,-0.8349600223009475,7.1199998408555984,0.7119999840855599,4.529102927627599,1
14:44:41.471296,110,0.776441760206987,2.2435997496959463,0.6752356357316025,-0.8349600223009475,8.759999804198742,0.8759999804198741,3.1522520307657116,1
14:44:41.471296,110,0.7658393585559404,2.24140344519946,0.799466121840656,-0.4174800111504737,11.359999746084211,1.0,2.7876087762534514,1
14:44:41.471296,110,0.7550193097272052,2.2440964873152027,0.9446623770557636,-0.5566400148672983,19.119999572634697,1.0,2.5376501704469847,1
14:44:41.471296,110,0.6861416671540017,2.189879331846198,1.2889128584630702,-0.5566400148672983,21.119999527931213,1.0,2.500465105323597,1
14:44:41.471296,110,0.6689517988942659,2.1592605366542594,1.3972079997747795,-0.6958000185841229,19.999999552965164,1.0,3.851197505372324,1
14:44:41.471296,110,0.7687816972287295,2.303345838130712,0.6423927713851154,-0.4872000130126253,7.759999826550484,0.7759999826550483,4.270704143946741,1
14:44:41.471296,110,0.7513031054423466,2.2509782521272013,0.6732585719637967,-0.8349600223009475,9.759999781847,0.9759999781847,2.4282279001885447,1
14:44:41.471296,110,0.681467394262462,2.264911142070015,0.9390851071234788,-0.5566400148672983,35.23999921232462,1.0,1.4615774977583,1
14:44:41.471296,110,0.7305742441207269,2.251271412851126,0.9427398615526594,-0.5566400148672983,22.99999948590994,1.0,2.037101178473393,1
14:44:41.471296,110,0.6756740304559222,2.186931285767036,1.0830922642040228,-0.5566400148672983,30.35999932140112,1.0,2.3116316573525,1
14:44:41.471296,110,0.6638116783001269,2.2173792610605285,1.3561133122340403,-0.6958000185841229,26.75999940186739,1.0,2.041626401240848,1
14:44:41.471296,110,0.646501730020957,2.165613742140032,1.395505663495518,-0.6958000185841229,24.63999944925308,1.0,3.680336795540378,1
14:44:41.471296,110,0.7429813300276058,2.310647153568189,0.6404363898099583,-0.4872000130126253,8.119999818503857,0.8119999818503857,3.757853032187017,1
14:44:41.471296,110,0.7260893209966043,2.258113568930092,0.671346669588722,-0.8349600223009475,10.759999759495258,1.0,1.8546238671940614,1
14:44:41.471296,110,0.7177401577592784,2.267693002444039,0.8192805445493323,-0.4174800111504737,13.35999970138073,1.0,1.9045689068240452,1
14:44:41.471296,110,0.7060561217019123,2.258209862382444,0.940880709604019,-0.5566400148672983,28.11999937146902,1.0,1.6787724178162355,1
14:44:41.471296,110,0.6679638860344679,2.2399519766779767,1.0344530064764,-0.5566400148672983,44.87999899685383,1.0,1.316096472040815,1
14:44:41.471296,110,0.6521433732430814,2.193344204678919,1.0813739277604577,-0.5566400148672983,39.759999111294746,1.0,2.088723658309342,1
14:44:41.471296,110,0.6406941329278102,2.223679592690601,1.3544251434617145,-0.6958000185841229,34.51999922841787,1.0,2.056268629761768,1
14:44:41.471296,110,0.6239870115162858,2.1717497825739365,1.3938615164165284,-0.6958000185841229,30.23999932408333,1.0,3.6417560947112593,1
14:44:41.471296,110,0.7171066653159498,2.31769889569197,0.6385468812026589,-0.4872000130126253,8.119999818503857,0.8119999818503857,3.3922073675089788,1
14:44:41.471296,110,0.7008029282270808,2.265004986578916,0.6695001197950139,-0.8349600223009475,11.359999746084211,1.0,1.4303104824295338,1
14:44:41.471296,110,0.7160976669584083,2.226582523333306,1.03803534070335,-0.5566400148672983,34.759999223053455,1.0,1.8271848747961066,1
14:44:41.471296,110,0.6005453954110067,2.3033770999005445,-1.3135453659348355,-0.6263600167294499,6.8799998462200165,0.6879999846220016,1.6056183234398724,1
14:44:41.471296,110,0.7410439750170913,2.2486811933303037,0.7975160551062792,-0.4174800111504737,12.23999972641468,1.0,2.1639894202811147,1
14:44:41.471296,110,0.5575509749078573,2.294837372342775,-1.0689336021106146,-0.5566400148672983,83.11999814212322,1.0,0.5194001385659391,1
14:44:41.471296,110,0.4300970553273563,2.2768118064214256,-0.6349419811682994,-0.4872000130126253,36.87999917566776,1.0,1.7397140959272326,1
14:44:41.471296,110,0.4186512339429545,2.240435914183311,-0.5276730319880567,-0.6263600167294499,25.11999943852425,1.0,2.897732505662038,1
14:44:41.471296,110,0.5492134068843421,2.3274773490536784,-2.347427504750133,-1.3916000371682458,21.51999951899052,1.0,3.95093713902312,1
14:44:41.471296,110,0.5388470243163221,2.2835463009105434,-2.3031198981624144,-1.4613200390303973,23.519999474287037,1.0,3.7089815908436456,1
14:44:41.471296,110,0.4427874981085103,2.375320540959801,-1.1015772687773373,-0.7655200204462744,14.879999667406082,1.0,3.2106878305092863,1
14:44:41.471296,110,0.4342720540654898,2.350058727994793,-1.004187462019021,-0.6958000185841229,39.99999910593033,1.0,2.326680923773144,1
14:44:41.471296,110,0.4242518253230701,2.302444461759278,-0.9563479998391694,-0.6958000185841229,65.99999852478504,1.0,1.6093818618282998,1
14:44:41.471296,110,0.4150773185390517,2.271959291534677,-0.8636176453184554,-0.4872000130126253,47.51999893784523,1.0,2.0504742918707852,1
14:44:41.471296,110,0.4064402810819558,2.280852005088962,-0.636024549138527,-0.4872000130126253,27.99999937415123,1.0,2.411383611758913,1
14:44:41.471296,110,0.5206291287670558,2.3326443346727133,-2.348811994374057,-1.3916000371682458,20.999999530613422,1.0,3.492911763504517,1
14:44:41.471296,110,0.5108022733822404,2.288615759868759,-2.304478255596331,-1.4613200390303973,21.639999516308308,1.0,3.257037084738167,1
14:44:41.471296,110,0.4189301948957435,2.4115712053249774,-1.029807134042947,-0.7655200204462744,13.519999697804453,1.0,5.973108545843099,1
14:44:41.471296,110,0.4392368098004126,2.2678332368414225,-0.8625120722954711,-0.4872000130126253,67.75999848544598,1.0,1.495551934282848,1
14:44:41.471296,110,0.4089519102686844,2.3541312208637435,-1.0052786831944378,-0.6958000185841229,32.239999279379845,1.0,3.001537233340409,1
14:44:41.471296,110,0.3895240618555322,2.248739613032123,-0.9334692271721758,-0.4872000130126253,34.51999922841787,1.0,3.36509410002447,1
14:44:41.471296,110,0.382742863148963,2.2846634986696905,-0.6370458357654396,-0.4872000130126253,21.639999516308308,1.0,3.210024535058445,1
14:44:41.471296,110,0.4919927881730762,2.3375349636279013,-2.35012243445308,-1.3916000371682458,19.35999956727028,1.0,3.2121339426877347,1
14:44:41.471296,110,0.4827064426487709,2.29341407838485,-2.3057639611677447,-1.4613200390303973,19.119999572634697,1.0,2.9836811619225045,1
14:44:41.471296,110,0.3835908716234723,2.357958940383246,-1.006304317548541,-0.6958000185841229,26.359999410808086,1.0,3.8098350701310433,1
14:44:41.471296,110,0.374740041271419,2.31016238764206,-0.958416011846704,-0.6958000185841229,36.63999918103218,1.0,3.075664064549764,1
14:44:41.471296,110,0.3653678358105976,2.2523854912330603,-0.9344461372918192,-0.4872000130126253,25.999999418854717,1.0,4.140704318870411,1
14:44:41.471296,110,0.4759863111712646,2.4561944024316773,-2.229293196454372,-1.3916000371682458,17.23999961465597,1.0,9.215258731981853,1
14:44:41.471296,110,0.349926699927335,2.313662288333601,-0.9593538074105916,-0.6958000185841229,28.519999362528324,1.0,4.010833135124264,1
14:44:41.471296,110,0.3411750732881875,2.2557978598096398,-0.9353604786961908,-0.4872000130126253,20.239999547600743,1.0,5.053330611999469,1
14:44:41.471296,110,0.4169053480918455,2.4648193608770224,-2.2316042471045545,-1.3916000371682458,14.999999664723871,1.0,9.76975353704251,1
14:44:41.471296,110,0.5701460574270216,2.3397044254665342,-1.1191057119532686,-0.5566400148672983,19.519999563694,1.0,1.608653707405383,1
14:44:41.471296,110,0.3995159089253335,2.3064229874716577,-0.957414042590868,-0.6958000185841229,48.35999891906977,1.0,2.275113806540535,1
14:44:41.471296,110,0.448945316893713,2.2982272083541604,-0.9552179901949908,-0.5566400148672983,92.75999792665245,1.0,1.0787293480024491,1
14:44:41.471296,110,0.4545623416754484,2.297940776630985,-2.306976886307176,-1.4613200390303973,16.519999630749226,1.0,2.8885921915279216,1
14:44:41.471296,110,0.4685598547596626,2.370919034654625,-1.1003978887173849,-0.7655200204462744,16.239999637007713,1.0,2.7027072661288774,1
14:44:41.471296,110,0.4595487710207222,2.34574186902227,-1.0030307631434945,-0.6958000185841229,50.1199988797307,1.0,1.7855374697258513,1
14:44:41.471296,110,0.5472457171550565,2.2789797094286977,-0.950060638401594,-0.5566400148672983,204.6399954259396,1.0,0.31428571149440065,1
14:44:41.471296,110,0.5354114497579964,2.249001967850463,-0.8574662489768903,-0.5566400148672983,198.8799955546856,1.0,0.6231929164033041,1
14:44:41.471296,110,0.524270468210765,2.258372383403193,-0.630001152661668,-0.4872000130126253,92.75999792665245,1.0,0.3298809405573465,1
14:44:41.471296,110,0.6782066206572903,2.254150588514309,-2.2952433407649058,-1.4613200390303973,20.119999550282955,1.0,8.664314801239248,1
14:44:41.471296,110,0.5530902383118772,2.352951902240381,-1.2447131391175923,-0.5566400148672983,5.239999882876873,0.5239999882876873,2.03868346749941,1
14:44:41.471296,110,0.5446217078467432,2.34508838508656,-1.120548339585536,-0.5566400148672983,19.519999563694,1.0,1.5455382182948822,1
14:44:41.471296,110,0.5325904831058161,2.3001023950433725,-1.0703443606913714,-0.5566400148672983,84.63999810814857,1.0,0.445404321516814,1
14:44:41.471296,110,0.522746572051762,2.2841474183078767,-0.9514453218224892,-0.5566400148672983,215.3599951863289,1.0,0.3007813850838664,1
14:44:41.471296,110,0.5114421021936557,2.254057924281356,-0.858820988419515,-0.5566400148672983,192.75999569147825,1.0,0.6383234203254478,1
14:44:41.471296,110,0.5007998811025823,2.263323134169684,-0.6313277023314771,-0.4872000130126253,81.87999816983938,1.0,0.4899596877226636,1
14:44:41.471296,110,0.4874725032062909,2.2273062049409504,-0.5241549369997108,-0.6263600167294499,45.11999899148941,1.0,1.5777696190037191,1
14:44:41.471296,110,0.6504592235313793,2.2605676051131534,-2.296962775180383,-1.4613200390303973,22.51999949663877,1.0,7.311842345634632,1
14:44:41.471296,110,0.519961428754666,2.3613703342000965,-1.0978393221418272,-0.5566400148672983,18.759999580681324,1.0,2.0932456351904705,1
14:44:41.471296,110,0.5103184867639498,2.222487204458006,-0.5228636897119806,-0.6263600167294499,50.75999886542559,1.0,1.3917773238366693,1
14:44:41.471296,110,0.4537108202275599,2.272543306683564,-0.6337982401106467,-0.4872000130126253,49.11999890208244,1.0,1.1953305602209738,1
14:44:41.471296,110,0.5947720743683127,2.2725960164974555,-2.3001857782970365,-1.4613200390303973,24.51999945193529,1.0,5.150318257041599,1
14:44:41.471296,110,0.5075767327016693,2.305126058682057,-1.0716904473064024,-0.5566400148672983,75.99999830126762,1.0,0.5107707725500321,1
14:44:41.471296,110,0.4416365850190846,2.2362810085400238,-0.5265597283763103,-0.6263600167294499,30.999999307096004,1.0,2.331181901115229,1
14:44:41.471296,110,0.4633523777487864,2.263474029578156,-0.861344026229639,-0.4872000130126253,99.75999777019024,1.0,1.0749617857936755,1
14:44:41.471296,110,0.4735939143087932,2.29377164897811,-0.9540241266583492,-0.5566400148672983,131.99999704957008,1.0,0.6834788955830964,1
14:44:41.471296,110,0.4847795334838628,2.341181075628453,-1.001808702236776,-0.6958000185841229,62.87999859452248,1.0,1.3784434347003627,1
14:44:41.471296,110,0.6226467810280705,2.2667162860618504,-2.298610309275104,-1.4613200390303973,23.9999994635582,1.0,6.140748357565281,1
14:44:41.471296,110,0.4645777728067163,2.231904292903271,-0.5253869909559418,-0.6263600167294499,37.87999915331602,1.0,1.8910580743232628,1
14:44:41.471296,110,0.49819515272922,2.289078229183334,-0.9527665286145988,-0.5566400148672983,180.63999596238136,1.0,0.4240145079356401,1
14:44:41.471296,110,0.4772792144258599,2.2680469327217736,-0.6325934403387168,-0.4872000130126253,64.87999854981899,1.0,0.7786036035832077,1
14:44:41.471296,110,0.4874216108475823,2.2588821056619524,-0.860113623924587,-0.4872000130126253,146.1199967339635,1.0,0.7890756460105584,1
14:44:41.471296,110,0.4942853558178988,2.366268810728557,-1.099151864971771,-0.7655200204462744,17.639999605715275,1.0,2.3300890348757055,1
14:44:41.525730,111,0.6210211674911484,2.3281982503222225,0.8839773583846211,-0.4872000130126253,16.99999962002039,1.0,3.355217279003362,1
14:44:41.525730,111,0.5631251192494048,2.124339073975112,1.4072199787852642,-0.6263600167294499,21.359999522566795,1.0,6.174609074200971,1
14:44:41.525730,111,0.5787726376645722,2.1833679356682154,1.3907484416773752,-0.6263600167294499,56.519998736679554,1.0,2.5850536719803,1
14:44:41.525730,111,0.5933184498628633,2.207161469625812,1.2594473264090271,-0.5566400148672983,89.35999800264835,1.0,1.2420305564158163,1
14:44:41.525730,111,0.6195629284741236,2.252388944990089,1.031120530860878,-0.5566400148672983,84.11999811977148,1.0,0.6038346641155244,1
14:44:41.525730,111,0.6320879665447876,2.277599535208297,0.935685262428828,-0.4872000130126253,38.75999913364649,1.0,1.2393098583275213,1
14:44:41.525730,111,0.6676796252062742,2.281075575719837,0.815694694847432,-0.4872000130126253,13.759999692440031,1.0,2.0713301996285476,1
14:44:41.525730,111,0.6073022041679651,2.283585379830325,0.9340813601963373,-0.4872000130126253,57.759998708963394,1.0,1.0611269932516685,1
14:44:41.525730,111,0.6014098948332397,2.1776680443570715,1.3922757229511415,-0.6263600167294499,54.75999877601862,1.0,2.850460752046866,1
14:44:41.525730,111,0.6168641575758966,2.2087598521530927,1.2838538382941584,-0.5566400148672983,70.51999842375517,1.0,1.4594419929575402,1
14:44:41.525730,111,0.606988687623151,2.232448619750967,1.146969207278401,-0.5566400148672983,90.3599979802966,1.0,0.628348366113345,1
14:44:41.525730,111,0.5701460574270216,2.3397044254665342,0.8808942880467314,-0.4872000130126253,24.879999443888664,1.0,3.2562393452318568,1
14:44:41.525730,111,0.5824557120795243,2.2893315170781205,0.932541687361192,-0.4872000130126253,90.23999798297882,1.0,0.9711910555409692,1
14:44:41.525730,111,0.5811695634135071,2.2112148768611624,1.076585495581024,-0.5566400148672983,134.63999699056149,1.0,0.517361182950719,1
14:44:41.525730,111,0.5687692591436382,2.1891120914362565,1.1898786638459884,-0.5566400148672983,109.23999755829573,1.0,1.4348879910164936,1
14:44:41.525730,111,0.5560775037170342,2.188848886523014,1.3892798253220775,-0.5566400148672983,53.87999879568815,1.0,2.4096660563791668,1
14:44:41.525730,111,0.5956133928792263,2.3340741928722406,0.8824029043235719,-0.4872000130126253,20.999999530613422,1.0,3.2632384951851434,1
14:44:41.525730,111,0.5709141540141963,2.2638884536483648,1.0280392468025383,-0.5566400148672983,211.11999528110027,1.0,0.3370771525513972,1
14:44:41.525730,111,0.55739223334572,2.216713753783882,1.0751120759503032,-0.5566400148672983,205.9999953955412,1.0,0.4307457645816483,1
14:44:41.525730,111,0.5454992614382581,2.194493639869535,1.1884366822892625,-0.5566400148672983,123.35999724268912,1.0,1.3493246673006207,1
14:44:41.525730,111,0.5333267624850068,2.1941103488309723,1.3878700207456531,-0.5566400148672983,47.8799989297986,1.0,2.324249448826892,1
14:44:41.525730,111,0.711588690764364,2.124592537192264,-0.4060443003842695,-1.600480042747222,15.239999659359457,1.0,6.2579286857055685,1
14:44:41.525730,111,0.6307295456492704,2.226470850033818,1.1485709458466502,-0.5566400148672983,63.51999858021736,1.0,0.8949794706379776,1
14:44:41.525730,111,0.6978990900675817,2.083719454391743,-0.3597566258350166,-1.600480042747222,16.99999962002039,1.0,7.384197840543941,1
14:44:41.525730,111,0.5952683044100222,2.2582561780647628,1.029548410496714,-0.5566400148672983,128.9999971166253,1.0,0.4258600190291747,1
14:44:41.525730,111,0.6437955967644478,2.2462873411427364,1.0327554506843108,-0.5566400148672983,58.23999869823456,1.0,0.8710589156198523,1
14:44:41.525730,111,0.7305742441207269,2.251271412851126,0.9427398615526594,-0.7655200204462744,16.759999625384808,1.0,2.8368675854243124,1
14:44:41.525730,111,0.6927445284190062,2.274505176989813,0.8174552278810923,-0.7655200204462744,11.519999742507936,1.0,2.4284815571802194,1
14:44:41.525730,111,0.8416438120129514,2.1655025940461625,0.5879672547904076,-0.7655200204462744,7.759999826550484,0.7759999826550483,5.581530304740766,1
14:44:41.525730,111,0.5575509749078573,2.294837372342775,0.9310663978893854,-0.4872000130126253,138.7599968984723,1.0,0.9695171604121214,1
14:44:41.525730,111,0.8360380770769918,2.2240788579940527,0.5529207684730517,-0.8349600223009475,5.519999876618385,0.5519999876618386,5.978319696169232,1
14:44:41.525730,111,0.8170303817588324,2.173513441830097,0.5858207545960137,-0.7655200204462744,7.759999826550484,0.7759999826550483,4.609756105527796,1
14:44:41.525730,111,0.6913349731481336,2.152690801431845,1.3989683550221117,-0.6263600167294499,28.879999354481697,1.0,4.8154246950807895,1
14:44:41.525730,111,0.810768427820951,2.232032388765718,0.5507896263258081,-0.8349600223009475,5.519999876618385,0.5519999876618386,5.136232441299387,1
14:44:41.525730,111,0.7923352491510461,2.1812861455631904,0.5837380649077248,-0.8349600223009475,7.519999831914902,0.7519999831914902,3.737963053797033,1
14:44:41.525730,111,0.7658393585559404,2.24140344519946,0.799466121840656,-0.7655200204462744,8.639999806880951,0.8639999806880951,3.6167706325440614,1
14:44:41.525730,111,0.7550193097272052,2.2440964873152027,0.9446623770557636,-0.7655200204462744,13.999999687075617,1.0,3.458716549490406,1
14:44:41.525730,111,0.6861416671540017,2.189879331846198,1.2889128584630702,-0.6263600167294499,34.759999223053455,1.0,2.7910056171889335,1
14:44:41.525730,111,0.6689517988942659,2.1592605366542594,1.3972079997747795,-0.6263600167294499,35.11999921500683,1.0,4.188214402868228,1
14:44:41.525730,111,0.7854177024013906,2.2397414398693365,0.548723992308183,-0.8349600223009475,5.239999882876873,0.5239999882876873,4.389598548579704,1
14:44:41.525730,111,0.681467394262462,2.264911142070015,0.9390851071234788,-0.4872000130126253,27.759999379515648,1.0,1.8607359260080616,1
14:44:41.525730,111,0.7675608836821641,2.188819927981581,0.5817193939927652,-0.8349600223009475,6.8799998462200165,0.6879999846220016,2.9655461089458237,1
14:44:41.525730,111,0.6920653794755054,2.233383485126949,1.0362130284829885,-0.5566400148672983,32.239999279379845,1.0,1.6738502306673382,1
14:44:41.525730,111,0.6786660534152124,2.222353159005448,1.1750863895764352,-0.6958000185841229,35.35999920964241,1.0,1.7548943534686492,1
14:44:41.525730,111,0.6631147051069365,2.196395793885743,1.287166777722066,-0.6958000185841229,43.5199990272522,1.0,2.257570958353913,1
14:44:41.525730,111,0.646501730020957,2.165613742140032,1.395505663495518,-0.6263600167294499,42.23999905586243,1.0,3.6518375618961807,1
14:44:41.525730,111,0.7260893209966043,2.258113568930092,0.671346669588722,-0.6263600167294499,5.999999865889549,0.5999999865889549,2.869704604998318,1
14:44:41.525730,111,0.7161744877015876,2.255719076560544,0.7956302599783116,-0.7655200204462744,10.239999771118164,1.0,2.441461696227329,1
14:44:41.525730,111,0.7060561217019123,2.258209862382444,0.940880709604019,-0.7655200204462744,20.999999530613422,1.0,2.3043287602398963,1
14:44:41.525730,111,0.6679638860344679,2.2399519766779767,1.0344530064764,-0.5566400148672983,42.51999904960394,1.0,1.2276631528362776,1
14:44:41.525730,111,0.6544073312492509,2.220264063950684,1.1502340491652188,-0.5566400148672983,46.51999896019697,1.0,1.2511561974995715,1
14:44:41.525730,111,0.6400214321449187,2.202689510443502,1.285480381453024,-0.6958000185841229,55.23999876528978,1.0,1.8137995027334233,1
14:44:41.525730,111,0.6239870115162858,2.1717497825739365,1.3938615164165284,-0.6263600167294499,49.359998896718025,1.0,3.205997852304625,1
14:44:41.525730,111,0.7008029282270808,2.265004986578916,0.6695001197950139,-0.6263600167294499,4.999999888241291,0.4999999888241291,2.413474135939597,1
14:44:41.525730,111,0.7410439750170913,2.2486811933303037,0.7975160551062792,-0.7655200204462744,9.359999790787697,0.9359999790787696,2.983484493018155,1
14:44:41.525730,111,0.5465029126812813,2.269285208518056,1.026593190693456,-0.5566400148672983,349.5199921876192,1.0,0.3375008243892911,1
14:44:41.525730,111,0.5190428965519647,2.350225533340866,0.8780751656883237,-0.4872000130126253,28.23999936878681,1.0,3.4976433515940886,1
14:44:41.525730,111,0.522174714263754,2.19965015206122,1.1870549990117392,-0.5566400148672983,124.3599972203374,1.0,1.3562764466429127,1
14:44:41.525730,111,0.4483359405579733,2.28850658183328,1.0214428392362245,-0.5566400148672983,153.99999655783176,1.0,1.234095321835872,1
14:44:41.525730,111,0.4371231100952245,2.2312712946442903,1.0459164416159432,-0.5566400148672983,127.23999715596436,1.0,1.5240962272592091,1
14:44:41.525730,111,0.4264891751036557,2.183270410466931,1.0925617946051938,-0.5566400148672983,56.519998736679554,1.0,3.511182564467937,1
14:44:41.525730,111,0.5604879549012819,2.2027354454960206,-0.4623183945791629,-1.600480042747222,14.759999670088291,1.0,6.194717865142087,1
14:44:41.525730,111,0.5534059537800324,2.185010061305648,-0.3934857366699167,-1.600480042747222,21.51999951899052,1.0,5.602035096786173,1
14:44:41.525730,111,0.5427594853512933,2.142974661297258,-0.3474396647835593,-1.600480042747222,19.519999563694,1.0,6.140874473451566,1
14:44:41.525730,111,0.4427874981085103,2.375320540959801,0.8984227312226627,-0.4872000130126253,23.519999474287037,1.0,5.165566848500379,1
14:44:41.525730,111,0.4322409685452027,2.318743992582581,0.9246606383023716,-0.8349600223009475,67.63999848812819,1.0,2.2909241234414126,1
14:44:41.525730,111,0.4236759667206572,2.2927181109456387,1.0203143634116678,-0.5566400148672983,99.23999778181314,1.0,1.6833111444924531,1
14:44:41.525730,111,0.4130798793758247,2.2353774938964843,1.0448161888423564,-0.5566400148672983,86.23999807238579,1.0,2.00042096638739,1
14:44:41.525730,111,0.4030308463181794,2.187276717823909,1.0914883077842608,-0.5566400148672983,44.23999901115894,1.0,4.006600912997339,1
14:44:41.525730,111,0.5260783659108144,2.190223613552773,-0.3948827037842317,-1.600480042747222,19.999999552965164,1.0,5.98409031146517,1
14:44:41.525730,111,0.4169708630785149,2.3794728894971438,0.8973101127853893,-0.4872000130126253,21.359999522566795,1.0,5.66388951696391,1
14:44:41.525730,111,0.4070392467766071,2.322797438448115,0.9235745207561386,-0.8349600223009475,50.75999886542559,1.0,2.823390776893319,1
14:44:41.525730,111,0.3971076304746994,2.2661219873990865,0.9498389287268876,-0.8349600223009475,68.11999847739935,1.0,2.0624751850108876,1
14:44:41.525730,111,0.5335591645215819,2.221982688226102,1.0737002692215378,-0.5566400148672983,299.5199933052063,1.0,0.43644551748091454,1
14:44:41.525730,111,0.379532214785731,2.1910562385925885,1.0904755882465165,-0.5566400148672983,35.11999921500683,1.0,4.599610820675969,1
14:44:41.525730,111,0.39111253131155,2.3833756650352758,0.896264367231707,-0.4872000130126253,19.35999956727028,1.0,6.248287192665018,1
14:44:41.525730,111,0.3811223624049447,2.315689959859268,0.8990520196099983,-0.8349600223009475,39.51999911665917,1.0,3.1705937901903765,1
14:44:41.525730,111,0.3724811115371531,2.269838846497538,0.9488429993330773,-0.8349600223009475,49.359998896718025,1.0,2.7214310535003445,1
14:44:41.525730,111,0.3648719034451063,2.242892181406109,1.0428026343927803,-0.5566400148672983,45.2399989888072,1.0,3.238058208447441,1
14:44:41.525730,111,0.3558864168675206,2.319249468512833,0.8980982521408238,-0.8349600223009475,31.75999929010868,1.0,3.895844712732835,1
14:44:41.525730,111,0.3478173448005182,2.2733176498179195,0.9479108567927544,-0.8349600223009475,37.35999916493893,1.0,3.475560674155646,1
14:44:41.525730,111,0.339118472891213,2.216462236076922,0.9742234856214842,-0.6263600167294499,34.639999225735664,1.0,4.864852733544348,1
14:44:41.525730,111,0.3306148829865717,2.322565042745105,0.8972098467028409,-0.8349600223009475,26.119999416172504,1.0,4.714072669174049,1
14:44:41.525730,111,0.4573994665790757,2.314447323510997,0.9258119273102464,-0.8349600223009475,93.51999790966512,1.0,1.8484033026546358,1
14:44:41.525730,111,0.4685598547596626,2.370919034654625,0.8996021112826151,-0.4872000130126253,25.63999942690134,1.0,4.752741478525842,1
14:44:41.525730,111,0.3889953410145659,2.239251251941277,1.0437782185025808,-0.5566400148672983,61.11999863386154,1.0,2.5715786121638757,1
14:44:41.525730,111,0.4499048553289346,2.179037717149035,1.0936959413615328,-0.5566400148672983,72.51999837905169,1.0,3.1129585302608738,1
14:44:41.525730,111,0.5770086694244249,2.1557162576224163,-0.4143838761389808,-1.600480042747222,21.99999950826168,1.0,5.849961973622453,1
14:44:41.525730,111,0.5105226890235525,2.1991517964502685,1.386519168927379,-0.5566400148672983,40.639999091625214,1.0,2.328817523458703,1
14:44:41.525730,111,0.6848042691418781,2.13133665336069,-0.407851380865261,-1.600480042747222,17.519999608397484,1.0,5.93965561574179,1
14:44:41.525730,111,0.6759012328885384,2.1135401329755887,-0.3395527066901769,-1.600480042747222,18.999999575316902,1.0,5.951358107347815,1
14:44:41.525730,111,0.5446217078467432,2.34508838508656,0.879451660414464,-0.4872000130126253,27.519999384880062,1.0,3.3343156394434477,1
14:44:41.525730,111,0.5220370215149586,2.27444590300287,1.0252103867738662,-0.5566400148672983,472.6399894356728,1.0,0.42721837793794726,1
14:44:41.525730,111,0.509672740228008,2.2270211532987934,1.0723502165742178,-0.5566400148672983,346.51999225467443,1.0,0.5345431670521059,1
14:44:41.525730,111,0.4983228837149986,2.19623812758226,1.1632089933375709,-0.5566400148672983,111.63999750465156,1.0,1.668415403712048,1
14:44:41.525730,111,0.4876675637209121,2.2039727252403645,1.3852274049513047,-0.5566400148672983,33.519999250769615,1.0,2.4234460815412993,1
14:44:41.525730,111,0.6706090892097822,2.1789493058663925,-0.4559449176743504,-1.600480042747222,12.999999709427357,1.0,5.834934608380541,1
14:44:41.525730,111,0.6579513676662077,2.1378217189979805,-0.4095890489656359,-1.600480042747222,19.759999558329586,1.0,5.739750937092872,1
14:44:41.525730,111,0.6493974419048991,2.1199408872598755,-0.3412677836316016,-1.600480042747222,20.63999953866005,1.0,5.751486674079569,1
14:44:41.525730,111,0.5325904831058161,2.3001023950433725,0.9296556393086286,-0.4872000130126253,180.35999596863985,1.0,1.056196429896359,1
14:44:41.525730,111,0.4975189270838476,2.279370021037684,1.0238909733230024,-0.5566400148672983,402.2399910092354,1.0,0.60638969659314,1
14:44:41.525730,111,0.4611226288698369,2.2269330648011803,1.0470788667989852,-0.5566400148672983,194.11999566107988,1.0,1.1421826828157917,1
14:44:41.525730,111,0.5075767327016693,2.305126058682057,0.9283095526935976,-0.4872000130126253,172.6399961411953,1.0,1.2313959473469878,1
14:44:41.525730,111,0.4729510811768498,2.2840570702148164,1.0226350822811046,-0.5566400148672983,252.99999434500933,1.0,0.8752471202231588,1
14:44:41.525730,111,0.4825122250495003,2.309907860896669,0.9270282726518267,-0.4872000130126253,131.3599970638752,1.0,1.495358670432621,1
14:44:41.525730,111,0.5845030164546695,2.09015321934596,-0.298503481669071,-1.600480042747222,13.35999970138073,1.0,7.469555434631495,1
14:44:41.525730,111,0.4942853558178988,2.366268810728557,0.9008481350282288,-0.4872000130126253,27.359999388456345,1.0,4.424915409716516,1
14:44:41.525730,111,0.6040508728053169,2.15001213064432,-0.4128554599216754,-1.600480042747222,21.239999525249004,1.0,5.6948448987746865,1
14:44:41.525730,111,0.61567165227606,2.191374237636412,-0.4592741681081387,-1.600480042747222,14.119999684393406,1.0,5.78389398119506,1
14:44:41.525730,111,0.464763672070468,2.2085726531124203,1.383994857992746,-0.5566400148672983,27.359999388456345,1.0,2.6082730133906065,1
14:44:41.525730,111,0.4732755454456113,2.1745790611360056,1.094890634639552,-0.5566400148672983,91.87999794632196,1.0,2.8115951480974806,1
14:44:41.525730,111,0.4857353490874156,2.23182864515967,1.0710620530124766,-0.5566400148672983,286.3599935993552,1.0,0.7251898548521818,1
14:44:41.525730,111,0.5961976991880054,2.1319728132166227,-0.344491728475103,-1.600480042747222,21.239999525249004,1.0,5.708248000174312,1
14:44:41.573361,112,0.6512581858400511,2.353167320881107,-0.3440784436364341,-0.4872000130126253,96.87999783456326,1.0,0.2923005097577758,1
14:44:41.573361,112,0.6636653608809859,2.3979977114782245,-0.4527658026885598,-0.4872000130126253,106.63999761641026,1.0,0.5216149402570637,1
14:44:41.573361,112,0.6354149667308134,2.295921598253716,-0.3114460355146078,-0.4872000130126253,57.6399987116456,1.0,1.5145226048945202,1
14:44:41.573361,112,0.6844991911382117,2.47327582635804,-0.6826774230614212,-0.7655200204462744,5.119999885559082,0.5119999885559082,1.7953896579415023,1
14:44:41.573361,112,0.6747692481546345,2.438118980178124,-0.5657057548611145,-0.4872000130126253,35.35999920964241,1.0,1.1154530237346794,1
14:44:41.573361,112,0.6276943427133005,2.359562136671158,-0.3440784436364341,-0.4872000130126253,119.8799973204732,1.0,0.24584626196330306,1
14:44:41.573361,112,0.5893725182078422,2.30816988110814,-0.3114460355146078,-0.4872000130126253,68.51999846845865,1.0,1.020743157500223,1
14:44:41.573361,112,0.6503547270691732,2.4447446551201955,-0.5657057548611145,-0.4872000130126253,36.23999918997288,1.0,1.1886162687466242,1
14:44:41.573361,112,0.6396526009764237,2.4045143554473087,-0.4527658026885598,-0.4872000130126253,121.87999727576972,1.0,0.5527175845718184,1
14:44:41.573361,112,0.6012425126850458,2.3546565476811128,-0.4171613877917612,-0.4872000130126253,133.75999701023102,1.0,0.19798531490567262,1
14:44:41.573361,112,0.5780782262784576,2.263937848472619,-0.116926269451124,-0.6263600167294499,29.639999337494373,1.0,1.829994817169756,1
14:44:41.573361,112,0.5631251192494048,2.205376734394214,-0.0227621211992834,-0.6263600167294499,11.119999751448631,1.0,4.63314814236945,1
14:44:41.573361,112,0.6888285974671179,2.395472966443557,-0.4278621716416361,-0.4872000130126253,87.11999805271626,1.0,0.8782795954213042,1
14:44:41.573361,112,0.6124243634309544,2.302160846758889,-0.3114460355146078,-0.4872000130126253,65.63999853283167,1.0,1.1829541926617222,1
14:44:41.573361,112,0.6991162928806027,2.431249495380692,-0.5657057548611145,-0.4872000130126253,33.11999925971031,1.0,1.2149258819120639,1
14:44:41.573361,112,0.768053627954444,2.3176771322322827,-0.3440784436364341,-0.5566400148672983,34.51999922841787,1.0,3.1608466781249644,1
14:44:41.573361,112,0.6981881464225762,2.3396724080266984,-0.3440784436364341,-0.4872000130126253,74.75999832898378,1.0,0.8987945881300966,1
14:44:41.573361,112,0.6258751710558725,2.451125857644965,-0.5657057548611145,-0.4872000130126253,35.63999920338392,1.0,1.4297306800312939,1
14:44:41.573361,112,0.791191610121501,2.309880841246965,-0.3440784436364341,-0.5566400148672983,27.639999382197857,1.0,4.294392022895892,1
14:44:41.573361,112,0.802260767068696,2.420900528618469,-0.4640894234952232,-0.5566400148672983,20.75999953597784,1.0,4.270944388753206,1
14:44:41.573361,112,0.7877552976160553,2.377128852241891,-0.3529045458609112,-0.5566400148672983,34.23999923467636,1.0,3.167350964485434,1
14:44:41.573361,112,0.7493691151453937,2.2612947827604493,-0.3114460355146078,-0.4872000130126253,25.11999943852425,1.0,5.8601022940375795,1
14:44:41.573361,112,0.7780120531027156,2.4288019583880724,-0.4640894234952232,-0.5566400148672983,23.639999471604824,1.0,3.792358098258867,1
14:44:41.573361,112,0.7603720561038438,2.373733326628504,-0.4278621716416361,-0.4872000130126253,42.75999904423952,1.0,2.133478117298805,1
14:44:41.573361,112,0.7448388410680672,2.325241657446129,-0.3440784436364341,-0.5566400148672983,43.99999901652336,1.0,2.220281023640749,1
14:44:41.573361,112,0.7267190765619357,2.2686752850583063,-0.3114460355146078,-0.4872000130126253,30.999999307096004,1.0,4.618111838147576,1
14:44:41.573361,112,0.7536855385832442,2.4364605099966887,-0.4640894234952232,-0.5566400148672983,26.75999940186739,1.0,3.4991129733821356,1
14:44:41.573361,112,0.7365971007040609,2.3812182346195785,-0.4278621716416361,-0.4872000130126253,54.11999879032373,1.0,1.5333023066777232,1
14:44:41.573361,112,0.7215495709216104,2.3325736604423195,-0.3440784436364341,-0.5566400148672983,56.99999872595072,1.0,1.467847964969882,1
14:44:41.573361,112,0.7039963666796677,2.275828921728355,-0.3114460355146078,-0.4872000130126253,38.6399991363287,1.0,3.5670040307678286,1
14:44:41.573361,112,0.724974878356315,2.4294364321335244,-0.5403801891423712,-0.4872000130126253,29.999999329447743,1.0,1.8048249741549203,1
14:44:41.573361,112,0.7127484862113294,2.388465022782177,-0.4278621716416361,-0.4872000130126253,68.87999846041203,1.0,1.1165261954790133,1
14:44:41.573361,112,0.6583420290663503,2.289452759512242,-0.3114460355146078,-0.4872000130126253,47.75999893248081,1.0,2.0195631475415414,1
14:44:41.573361,112,0.5914375946470022,2.416825667508159,-0.4527658026885598,-0.4872000130126253,125.87999718636274,1.0,1.1094655903295478,1
14:44:41.573361,112,0.5466923729159716,2.444744655120196,-0.6664170777371378,-0.6958000185841229,27.87999937683344,1.0,0.8075771091360818,1
14:44:41.573361,112,0.566261736226686,2.313948100403066,-0.3114460355146078,-0.4872000130126253,64.63999855518341,1.0,1.023874120545326,1
14:44:41.573361,112,0.4732755454456113,2.3347416181146423,-0.3114460355146078,-0.4872000130126253,28.879999354481697,1.0,2.6130996638571604,1
14:44:41.573361,112,0.5924300933345735,2.649278416830359,-1.740043589203576,-0.2088800055789761,13.519999697804453,1.0,5.532954928229515,1
14:44:41.573361,112,0.5845030164546695,2.6138294517579106,-1.6792124144104168,-0.0697200018621515,26.359999410808086,1.0,5.206087714152744,1
14:44:41.573361,112,0.5728083337213338,2.5615321918690417,-1.645614886466895,-1.7396400464640465,19.63999956101179,1.0,6.989284080370016,1
14:44:41.573361,112,0.4855479081698231,2.3952830855125367,-0.6501567324128542,-0.6958000185841229,50.6399988681078,1.0,1.7372473265191175,1
14:44:41.573361,112,0.4544547849764874,2.36301569905394,-0.5380997068372236,-0.6958000185841229,39.11999912559986,1.0,2.9107498057316343,1
14:44:41.573361,112,0.4791069433869133,2.363508807960733,-0.5140100111400527,-0.6958000185841229,50.519998870790005,1.0,2.09876941199226,1
14:44:41.573361,112,0.449294176562824,2.336182229363908,-0.335252341411957,-0.4872000130126253,23.11999948322773,1.0,3.344588659210295,1
14:44:41.573361,112,0.43754833483669,2.4045143554473087,-0.6501567324128542,-0.6958000185841229,40.759999088943005,1.0,3.0645974099056996,1
14:44:41.573361,112,0.4308022997991999,2.3674420212649614,-0.5380997068372236,-0.6958000185841229,30.879999309778214,1.0,3.6276334402757957,1
14:44:41.573361,112,0.5181142591802823,2.694024067564945,-1.570762378479516,-0.0697200018621515,23.11999948322773,1.0,7.790536080588211,1
14:44:41.573361,112,0.4911485626126097,2.6990704236141507,-1.570762378479516,-0.0697200018621515,20.239999547600743,1.0,8.684905961463546,1
14:44:41.573361,112,0.4641337516001603,2.7038468748822786,-1.570762378479516,-0.0697200018621515,17.359999611973763,1.0,9.741183493646105,1
14:44:41.573361,112,0.5776662783015374,2.36055114062598,-0.4171613877917612,-0.4872000130126253,129.5199971050024,1.0,0.2867358206824962,1
14:44:41.573361,112,0.5718875279740944,2.683123686588597,-1.570762378479516,-0.0697200018621515,25.23999943584204,1.0,6.5048708369460435,1
14:44:41.573361,112,0.4903247918753622,2.4188481931956622,-0.5519027308491691,-0.6958000185841229,63.51999858021736,1.0,1.9641609449873165,1
14:44:41.573361,112,0.536037819665626,2.514927674585166,-1.6121501550765094,-1.7396400464640465,5.759999871253967,0.5759999871253967,10.232627133915841,1
14:44:41.573361,112,0.4965989084042539,2.329892205541948,-0.3114460355146078,-0.4872000130126253,36.51999918371439,1.0,1.9866977220102586,1
14:44:41.573361,112,0.6366592225839238,2.601617422570141,-1.6792124144104168,-0.0697200018621515,25.999999418854717,1.0,6.149514003352834,1
14:44:41.573361,112,0.5559940914000601,2.271990829193992,-0.0467868819056814,-0.6263600167294499,28.879999354481697,1.0,1.8372848374986601,1
14:44:41.573361,112,0.601333028049825,2.457261949637525,-0.5657057548611145,-0.6958000185841229,33.7599992454052,1.0,1.8342256892015265,1
14:44:41.573361,112,0.586660710941463,2.3973056112000397,-0.5519027308491691,-0.6958000185841229,116.35999739915133,1.0,0.07995274283844972,1
14:44:41.573361,112,0.5430943285463214,2.31949492682658,-0.3114460355146078,-0.4872000130126253,55.87999875098467,1.0,1.188433091530859,1
14:44:41.573361,112,0.5332467628075052,2.2774370787287834,-0.0467868819056814,-0.6263600167294499,26.75999940186739,1.0,2.2002140803308574,1
14:44:41.573361,112,0.6885607735242046,2.5883647811476296,-1.6792124144104168,-0.2088800055789761,21.7599995136261,1.0,7.908421549951587,1
14:44:41.573361,112,0.554032277774168,2.3662096804344563,-0.4171613877917612,-0.4872000130126253,110.1199975386262,1.0,0.5374530315666366,1
14:44:41.573361,112,0.5626587221244181,2.4030522561257075,-0.5519027308491691,-0.6958000185841229,98.75999779254198,1.0,0.3135779787543451,1
14:44:41.573361,112,0.5294060030505287,2.367442021264962,-0.4414421818818966,-0.4872000130126253,86.5199980661273,1.0,0.881843276580849,1
14:44:41.573361,112,0.5198726118881073,2.324809805700685,-0.3114460355146078,-0.4872000130126253,45.759998977184296,1.0,1.5106094256037714,1
14:44:41.573361,112,0.5104461099854243,2.282655586463741,-0.0467868819056814,-0.6263600167294499,23.9999994635582,1.0,2.7118584389649607,1
14:44:41.573361,112,0.6626431299329794,2.5951208568146287,-1.6792124144104168,-0.0697200018621515,24.23999945819378,1.0,6.924614077303559,1
14:44:41.573361,112,0.5144883540931448,2.413824085710486,-0.5519027308491691,-0.6958000185841229,79.87999821454287,1.0,1.2596062470746077,1
14:44:41.573361,112,0.5711120770757165,2.4391555864195134,-0.6664170777371378,-0.6958000185841229,30.879999309778214,1.0,0.39821485789648814,1
14:44:41.573361,112,0.5057055078603303,2.372617621833908,-0.4414421818818966,-0.6958000185841229,66.11999852210283,1.0,1.3839033929409694,1
14:44:41.632183,113,0.5811695634135071,2.2112148768611624,1.076585495581024,-0.5566400148672983,181.51999594271183,1.0,1.5756243015181663,1
14:44:41.632183,113,0.6276381435913222,2.171165606575584,0.6058008788533078,-0.5566400148672983,8.639999806880951,0.8639999806880951,1.9311118366094828,1
14:44:41.632183,113,0.5474776008342374,2.065310212282009,1.4236915158931531,-0.6263600167294499,17.879999600350857,1.0,4.811896497962909,1
14:44:41.632183,113,0.5630406497813377,2.1181288554235604,1.3853212764261942,-0.6263600167294499,53.75999879837036,1.0,1.83061312219755,1
14:44:41.632183,113,0.6048887770118573,2.205486607341029,1.0781203807729716,-0.5566400148672983,160.99999640136957,1.0,1.8035635146183606,1
14:44:41.632183,113,0.5893725182078422,2.148912734112064,1.1017679062382904,-0.5566400148672983,99.87999776750804,1.0,0.43263489660116466,1
14:44:41.632183,113,0.566261736226686,2.1544940653589952,1.1002723930379843,-0.5566400148672983,133.11999702453613,1.0,0.24044384538559746,1
14:44:41.632183,113,0.6521866539056196,2.1649844760791006,0.6074571077781521,-0.5566400148672983,8.119999818503857,0.8119999818503857,2.349957032768649,1
14:44:41.632183,113,0.5764590130884117,2.126248654347957,1.2125849658252177,-0.5566400148672983,91.99999794363976,1.0,0.9535278089586212,1
14:44:41.632183,113,0.5538546021921089,2.1317076952820493,1.2111222202154797,-0.5566400148672983,110.75999752432108,1.0,0.7962751331212521,1
14:44:41.632183,113,0.5439469246955236,2.2388441371992966,0.9571480066591784,-0.4174800111504737,56.11999874562025,1.0,2.0224555563556295,1
14:44:41.632183,113,0.6030268699885014,2.1771093115743243,0.6042082678988467,-0.5566400148672983,8.639999806880951,0.8639999806880951,1.614518580104217,1
14:44:41.632183,113,0.55739223334572,2.216713753783882,1.0751120759503032,-0.5566400148672983,196.5199956074357,1.0,1.4310961615478421,1
14:44:41.632183,113,0.5430943285463214,2.1598518882554094,1.0988367687197014,-0.5566400148672983,170.63999618589878,1.0,0.14016618189647567,1
14:44:41.632183,113,0.5306888844677529,2.128833271344221,1.1877814452673032,-0.5566400148672983,117.119997382164,1.0,0.9203385338319765,1
14:44:41.632183,113,0.5188300678950988,2.128579272208612,1.382521095688071,-0.6263600167294499,47.51999893784523,1.0,1.6824121034708515,1
14:44:41.632183,113,0.578355294203898,2.1828149967098,0.6026794341745298,-0.5566400148672983,8.239999815821648,0.8239999815821648,1.4005879856559946,1
14:44:41.632183,113,0.5335591645215819,2.221982688226102,1.0737002692215378,-0.5566400148672983,202.63999547064304,1.0,1.3704800369333294,1
14:44:41.632183,113,0.5198726118881073,2.164985667023506,1.0974611768446698,-0.5566400148672983,198.51999556273225,1.0,0.13227378515807978,1
14:44:41.632183,113,0.5850625892374678,2.112583896490361,1.3868070436944089,-0.6263600167294499,49.63999889045954,1.0,2.037489868437142,1
14:44:41.632183,113,0.5409624067319455,2.123460825060476,1.383892579467915,-0.6263600167294499,52.87999881803989,1.0,1.7121482347039336,1
14:44:41.632183,113,0.5990057785663635,2.12057154816479,1.2141061418423431,-0.4872000130126253,70.99999841302633,1.0,1.2027472318336674,1
14:44:41.632183,113,0.7030407965686584,2.108528400853514,1.0879427542827065,-0.4872000130126253,34.639999225735664,1.0,2.865793649315775,1
14:44:41.632183,113,0.6285475022392825,2.199529518045636,1.0797165780389124,-0.5566400148672983,138.8799968957901,1.0,2.1145389248257382,1
14:44:41.632183,113,0.7690975632340289,2.15901672044108,1.0905719494401784,-0.4872000130126253,58.999998681247234,1.0,5.7190737881393465,1
14:44:41.632183,113,0.7458512229063863,2.166333422040344,1.0886114451553963,-0.4872000130126253,69.87999843806028,1.0,4.910679791143518,1
14:44:41.632183,113,0.6901254495115344,2.1186603071970427,1.287072137887659,-0.6263600167294499,24.35999945551157,1.0,3.015924355950366,1
14:44:41.632183,113,0.6718372156214133,2.068417977644838,1.3279907886344555,-0.6263600167294499,21.99999950826168,1.0,4.296438798326538,1
14:44:41.632183,113,0.722530298081328,2.173425219150075,1.0867112038469584,-0.4872000130126253,83.11999814212322,1.0,4.185725458344298,1
14:44:41.632183,113,0.4967203551570255,2.1396962071681656,1.403105047348128,-0.6263600167294499,40.11999910324812,1.0,1.729589232137013,1
14:44:41.632183,113,0.6662776860881843,2.1022376238683727,1.2190187020516616,-0.4872000130126253,31.119999304413795,1.0,2.500546653177197,1
14:44:41.632183,113,0.6500853152380006,2.074802426270513,1.326280080781088,-0.6263600167294499,27.639999382197857,1.0,3.7099621860849865,1
14:44:41.632183,113,0.7497040649629377,2.137898416093825,0.6147147956773473,-0.4872000130126253,6.359999857842922,0.6359999857842922,5.044356994148121,1
14:44:41.632183,113,0.7160976669584083,2.226582523333306,1.03803534070335,-0.4872000130126253,37.99999915063381,1.0,7.143880852791693,1
14:44:41.632183,113,0.6756740304559222,2.186931285767036,1.0830922642040228,-0.4872000130126253,99.11999778449535,1.0,2.984730166938442,1
14:44:41.632183,113,0.6574484279121795,2.1216701554043085,1.0844214317636929,-0.4872000130126253,43.87999901920557,1.0,1.6411333711445084,1
14:44:41.632183,113,0.6439173606265393,2.1085654326242507,1.2173231708056655,-0.4872000130126253,40.51999909430742,1.0,1.9763094680266486,1
14:44:41.632183,113,0.6282684068677062,2.080976451959385,1.3246257555837055,-0.6263600167294499,34.51999922841787,1.0,3.2164339861366353,1
14:44:41.632183,113,0.7010855718685431,2.151912434704926,0.6109597507077882,-0.4872000130126253,6.999999843537808,0.6999999843537809,3.493433644499705,1
14:44:41.632183,113,0.6679638860344679,2.2399519766779767,1.0344530064764,-0.4872000130126253,40.51999909430742,1.0,6.081528286334823,1
14:44:41.632183,113,0.6521433732430814,2.193344204678919,1.0813739277604577,-0.4872000130126253,117.87999736517668,1.0,2.508301900636217,1
14:44:41.632183,113,0.6345524856456344,2.127910092514369,1.0827494456542313,-0.4872000130126253,56.759998731315136,1.0,1.168777498001014,1
14:44:41.632183,113,0.6214926439683063,2.114676944438409,1.2156855961505282,-0.4872000130126253,53.51999880373478,1.0,1.5437109134674492,1
14:44:41.632183,113,0.6063886721830889,2.086939437314057,1.323027978473443,-0.6263600167294499,42.35999905318022,1.0,2.815742374792481,1
14:44:41.632183,113,0.6766699461009291,2.158566538192744,0.6091767890518747,-0.4872000130126253,7.639999829232693,0.7639999829232693,2.8707780799338343,1
14:44:41.632183,113,0.6124243634309544,2.143108452643065,1.1033231587705516,-0.4872000130126253,74.75999832898378,1.0,0.7163858654627921,1
14:44:41.632183,113,0.5536258833744209,2.188282091418279,0.6012145305624483,-0.5566400148672983,7.519999831914902,0.7519999831914902,1.2898652167310414,1
14:44:41.632183,113,0.5079976018285846,2.1338497835490857,1.1864372748731888,-0.5566400148672983,106.75999761372805,1.0,0.9514126338025561,1
14:44:41.632183,113,0.5089809354687659,2.217562271779093,1.0495897632216926,-0.5566400148672983,197.99999557435515,1.0,0.8868287867462274,1
14:44:41.632183,113,0.4371231100952245,2.2312712946442903,1.0459164416159432,-0.5566400148672983,142.99999680370092,1.0,1.5073030975325776,1
14:44:41.632183,113,0.4264891751036557,2.183270410466931,1.0925617946051938,-0.5566400148672983,103.63999768346548,1.0,1.0381240147266957,1
14:44:41.632183,113,0.415305483935485,2.12601919887092,1.1163572605531118,-0.5566400148672983,39.51999911665917,1.0,3.349337649256553,1
14:44:41.632183,113,0.4541794295699671,2.2077539908983765,0.5959970508216563,-0.5566400148672983,7.519999831914902,0.7519999831914902,1.8946443249772138,1
14:44:41.632183,113,0.4238228456232668,2.2124015954491987,0.7172630523663064,-0.5566400148672983,26.359999410808086,1.0,1.6703102953403883,1
14:44:41.632183,113,0.420949499260438,2.251530078360218,0.9279666829412796,-0.5566400148672983,56.519998736679554,1.0,2.2419327145179264,1
14:44:41.632183,113,0.4130798793758247,2.2353774938964843,1.0448161888423564,-0.5566400148672983,122.23999726772308,1.0,1.893616534960994,1
14:44:41.632183,113,0.4030308463181794,2.187276717823909,1.0914883077842608,-0.5566400148672983,78.63999824225903,1.0,1.5033607034918013,1
14:44:41.632183,113,0.3924622955094197,2.1299204500932505,1.1153119234386173,-0.5566400148672983,30.999999307096004,1.0,3.903150085444445,1
14:44:41.632183,113,0.399111940799688,2.2163760982990617,0.7161980875373706,-0.5566400148672983,25.999999418854717,1.0,2.1952681081169465,1
14:44:41.632183,113,0.3964061243122075,2.2554776356987056,0.9269089381403564,-0.5566400148672983,53.51999880373478,1.0,2.6911981231866724,1
14:44:41.632183,113,0.3889953410145659,2.239251251941277,1.0437782185025808,-0.5566400148672983,103.51999768614768,1.0,2.371646433887521,1
14:44:41.632183,113,0.379532214785731,2.1910562385925885,1.0904755882465165,-0.5566400148672983,60.63999864459038,1.0,2.0662831462781646,1
14:44:41.632183,113,0.3743611251164055,2.2201117173973106,0.7151971314167644,-0.5566400148672983,25.11999943852425,1.0,2.8270081139371204,1
14:44:41.632183,113,0.3718231090836552,2.2591879288201717,0.9259147680947768,-0.5566400148672983,49.99999888241291,1.0,3.2345220010780573,1
14:44:41.632183,113,0.3648719034451063,2.242892181406109,1.0428026343927803,-0.5566400148672983,87.51999804377556,1.0,2.942760036067889,1
14:44:41.632183,113,0.5466923729159716,2.18896056936282,0.7235440563759084,-0.5566400148672983,20.239999547600743,1.0,0.6014476235453367,1
14:44:41.632183,113,0.3472029118557082,2.26266058669841,0.9249842722207132,-0.5566400148672983,46.11999896913767,1.0,3.8734555274102855,1
14:44:41.632183,113,0.3407119789909922,2.246299918201086,1.0418895340705483,-0.5566400148672983,73.99999834597111,1.0,3.6084462730724582,1
14:44:41.632183,113,0.3199428605038703,2.2209892380641576,0.8335159761110726,-0.5566400148672983,42.23999905586243,1.0,4.094698495417661,1
14:44:41.632183,113,0.3165179836244277,2.249474121555381,1.041039008845153,-0.5566400148672983,62.759998597204685,1.0,4.370314998997826,1
14:44:41.632183,113,0.4454507796114143,2.247345651557135,0.9290878967239528,-0.5566400148672983,58.75999868661165,1.0,1.8853012270493603,1
14:44:41.632183,113,0.4484913685173625,2.208188606294678,0.7183919194079813,-0.5566400148672983,25.999999418854717,1.0,1.2506975674173673,1
14:44:41.632183,113,0.3559956303497762,2.1946085948240603,1.089523737263066,-0.5566400148672983,47.51999893784523,1.0,2.7281820852585064,1
14:44:41.632183,113,0.4298685762926048,2.153122456540463,1.3995074946714423,-0.6263600167294499,21.359999522566795,1.0,2.434382437369708,1
14:44:41.632183,113,0.4791153972533793,2.203246485552667,0.5972048332389179,-0.5566400148672983,7.35999983549118,0.735999983549118,1.5844060709815715,1
14:44:41.632183,113,0.4965989084042539,2.1698948882897096,1.096145754970925,-0.5566400148672983,199.1199955493212,1.0,0.21735671121670896,1
14:44:41.632183,113,0.4744831339686797,2.1443867988152934,1.4018482071042562,-0.6263600167294499,32.75999926775694,1.0,1.8754665461939237,1
14:44:41.632183,113,0.5288411104204345,2.1935100489948693,0.5998137035517368,-0.5566400148672983,6.6399998515844345,0.6639999851584435,1.2830296138415243,1
14:44:41.632183,113,0.5222179999769544,2.1941230529440245,0.7221607730693858,-0.5566400148672983,22.879999488592148,1.0,0.6114821980943731,1
14:44:41.632183,113,0.4943172605460059,2.238267886958784,0.9315202764171608,-0.5566400148672983,59.75999866425991,1.0,1.444879293560326,1
14:44:41.632183,113,0.4850760357678913,2.222363238186504,1.048303348149938,-0.5566400148672983,184.2399958819151,1.0,1.0049692406882313,1
14:44:41.632183,113,0.4732755454456113,2.1745790611360056,1.094890634639552,-0.5566400148672983,172.5199961438775,1.0,0.39612289843671955,1
14:44:41.632183,113,0.4852555198548343,2.1386468676290105,1.185151900067949,-0.5566400148672983,86.99999805539846,1.0,1.0776388761121312,1
14:44:41.632183,113,0.4521984648644594,2.1488623644569973,1.400648982904889,-0.6263600167294499,26.359999410808086,1.0,2.1101488049469768,1
14:44:41.632183,113,0.4608649900395453,2.1175557600531474,1.118625032149524,-0.5566400148672983,67.23999849706888,1.0,2.5531480003403124,1
14:44:41.632183,113,0.4499048553289346,2.179037717149035,1.0936959413615328,-0.5566400148672983,136.1199969574809,1.0,0.6693978101382024,1
14:44:41.632183,113,0.4611226288698369,2.2269330648011803,1.0470788667989852,-0.5566400148672983,164.63999632000923,1.0,1.2114612723829885,1
14:44:41.632183,113,0.4699075152576284,2.2429247737286304,0.9302724673679376,-0.5566400148672983,59.8799986615777,1.0,1.6200064741780675,1
14:44:41.632183,113,0.4381071421610999,2.1218974981353456,1.1174616669366515,-0.5566400148672983,51.23999885469675,1.0,2.8996684099814534,1
14:44:41.632183,113,0.5040034537984697,2.1984983466481944,0.5984770932239223,-0.5566400148672983,7.1199998408555984,0.7119999840855599,1.3808943593136742,1
14:44:41.632183,113,0.4976914056754542,2.199048878059508,0.7208409022076352,-0.5566400148672983,24.879999443888664,1.0,0.722399413933782,1
14:44:41.685533,114,0.6597442712753405,2.166154619697698,0.8737880893659509,-0.6263600167294499,75.51999831199646,1.0,1.2971797763352033,1
14:44:41.685533,114,0.6236549627748583,2.1502413492414747,0.9668299910081564,-0.5566400148672983,272.119993917644,1.0,0.47418877024590605,1
14:44:41.685533,114,0.6315846907958588,2.0991220055253965,1.0167429722689396,-0.5566400148672983,219.9999950826168,1.0,0.6926764820616054,1
14:44:41.685533,114,0.6150228445856032,2.0440773910204646,1.0425266112895668,-0.5566400148672983,107.51999759674072,1.0,2.0375833318399623,1
14:44:41.685533,114,0.5688908302055822,2.059918521975721,1.4251362149565618,-0.6263600167294499,8.119999818503857,0.8119999818503857,5.896305149574692,1
14:44:41.685533,114,0.6440187861784935,2.1659547291455463,0.7297084526833264,-0.4174800111504737,14.239999681711195,1.0,1.5527439186965193,1
14:44:41.685533,114,0.6358733843519743,2.1724120244757925,0.8721114228089459,-0.6263600167294499,91.11999796330927,1.0,1.0358939759609118,1
14:44:41.685533,114,0.6470671663077466,2.1441041816229136,0.968474440115364,-0.5566400148672983,206.11999539285895,1.0,0.7157414502468673,1
14:44:41.685533,114,0.5766458082249291,2.161835750605167,0.9637232805260328,-0.5566400148672983,327.3599926829338,1.0,0.2434905865694968,1
14:44:41.685533,114,0.5704580182202837,2.0555286382948443,1.0394582588300676,-0.5566400148672983,143.8799967840314,1.0,1.7151519686393653,1
14:44:41.685533,114,0.6213954430260018,2.1846703543853434,0.7506626368753291,-0.4174800111504737,15.119999662041664,1.0,1.6004109675873397,1
14:44:41.685533,114,0.6119389106229081,2.1784385451725643,0.8704966214550764,-0.3480400092958007,104.99999765306713,1.0,0.8587234590395928,1
14:44:41.685533,114,0.5628483153683235,2.1164293085321075,1.0121054944051309,-0.5566400148672983,396.7599911317229,1.0,0.28082738551750397,1
14:44:41.685533,114,0.5480889214585609,2.0609308500773635,1.0380107405455996,-0.5566400148672983,174.8799960911274,1.0,1.684276855310336,1
14:44:41.685533,114,0.5357767805113931,2.032564501905859,1.1265360100407849,-0.5566400148672983,29.23999934643507,1.0,3.651261625467212,1
14:44:41.685533,114,0.5970289614473788,2.1905549412904257,0.7490858665663216,-0.4174800111504737,15.87999964505434,1.0,1.490084620929075,1
14:44:41.685533,114,0.6681954540493426,2.1596171683528067,0.7314065969797241,-0.6263600167294499,13.23999970406294,1.0,1.8329014108399428,1
14:44:41.685533,114,0.5858197857551749,2.110881621501758,1.0135919926647734,-0.5566400148672983,311.5199930369854,1.0,0.3327579487532284,1
14:44:41.685533,114,0.6372141177438997,2.038029500643737,1.044147138631923,-0.5566400148672983,78.51999824494123,1.0,2.328807094509599,1
14:44:41.685533,114,0.7181748916809166,2.134586136984265,0.9961621202527724,-0.5566400148672983,84.75999810546637,1.0,2.117905196868965,1
14:44:41.685533,114,0.6704146636661173,2.1377411801138466,0.9701794012311566,-0.5566400148672983,151.63999661058187,1.0,1.0411952324268614,1
14:44:41.685533,114,0.5879432435154623,2.1842335791409924,0.8689438467831252,-0.3480400092958007,112.519997484982,1.0,0.7658841792030309,1
14:44:41.685533,114,0.7780615923031733,2.1314270398396307,0.8830933163440076,-0.6263600167294499,27.87999937683344,1.0,3.8607628200037514,1
14:44:41.685533,114,0.7644614497612163,2.120264492581123,0.99999959330488,-0.5566400148672983,51.759998843073845,1.0,3.348673680164085,1
14:44:41.685533,114,0.7483519582928324,2.0945085563755312,1.0916993602885918,-0.5566400148672983,48.239998921751976,1.0,3.2150417024973983,1
14:44:41.685533,114,0.7545443099255105,2.138829019469877,0.8811099618796914,-0.6263600167294499,33.2399992570281,1.0,3.1806479624008843,1
14:44:41.685533,114,0.741355238172421,2.1275370891663,0.9980509069230044,-0.5566400148672983,65.51999853551388,1.0,2.691769144902034,1
14:44:41.685533,114,0.7223384202409983,2.0729627321188424,1.0237523284528107,-0.5566400148672983,61.519998624920845,1.0,2.4326098625691315,1
14:44:41.685533,114,0.7067020049391639,2.0465175718551163,1.1136598428170807,-0.5566400148672983,34.11999923735857,1.0,3.2738025297099314,1
14:44:41.685533,114,0.730951573749013,2.146003473291166,0.8791875727721425,-0.6263600167294499,40.3599990978837,1.0,2.584208257932688,1
14:44:41.685533,114,0.6997526826577725,2.0798309618187965,1.021911991851277,-0.5566400148672983,80.75999819487333,1.0,1.8703399848163522,1
14:44:41.685533,114,0.6846051794265873,2.053237125409696,1.1118593438686335,-0.5566400148672983,43.87999901920557,1.0,2.7306978456025224,1
14:44:41.685533,114,0.7072857430275323,2.152949683864125,0.8773263412586618,-0.6263600167294499,49.51999889314175,1.0,2.0714463169257873,1
14:44:41.685533,114,0.6949227283019317,2.1414109311361424,0.9943334221712684,-0.5566400148672983,112.2399974912405,1.0,1.627084165233141,1
14:44:41.685533,114,0.677096970392534,2.08648069027865,1.0201302024805727,-0.5566400148672983,109.51999755203724,1.0,1.3928932074074165,1
14:44:41.685533,114,0.6593416700242803,2.03176756499767,1.0458250192313423,-0.5566400148672983,57.999998703598976,1.0,2.7065406910616607,1
14:44:41.685533,114,0.7874912158455016,2.1127690744823,1.0020079845313932,-0.5566400148672983,41.75999906659126,1.0,4.088657467109237,1
14:44:41.685533,114,0.6835491843243137,2.159666956573517,0.8755264534608407,-0.6263600167294499,61.11999863386154,1.0,1.6424074720846147,1
14:44:41.685533,114,0.654373548997529,2.0929112525311293,1.0184071385181428,-0.5566400148672983,153.35999657213688,1.0,1.000311828063022,1
14:44:41.685533,114,0.5530535580839587,2.167291824919876,0.962261329819562,-0.5566400148672983,335.5199925005436,1.0,0.2547984962403519,1
14:44:41.685533,114,0.5256650162638815,2.0661167264747857,1.036621189152863,-0.5566400148672983,177.75999602675438,1.0,1.7405763969255024,1
14:44:41.685533,114,0.4464028491128716,2.130734190938329,0.9837799932192446,-0.6263600167294499,113.87999745458364,1.0,1.3629992115282055,1
14:44:41.685533,114,0.4354662360896156,2.0846868321218084,1.0316453443413824,-0.6263600167294499,58.75999868661165,1.0,2.8431500160030696,1
14:44:41.685533,114,0.4529036851483225,2.257675957326473,0.8093958573345923,-0.4174800111504737,15.359999656677246,1.0,3.637993697186888,1
14:44:41.685533,114,0.4428189526023289,2.2141117372380235,0.8609380184496964,-0.4174800111504737,60.11999865621328,1.0,1.997230558308472,1
14:44:41.685533,114,0.434310106693098,2.191139794514435,0.955871285625578,-0.4872000130126253,97.87999781221151,1.0,1.5906071484287096,1
14:44:41.685533,114,0.4231694337747816,2.1349339374717347,0.9826546745272032,-0.6263600167294499,83.63999813050032,1.0,1.8339975364467047,1
14:44:41.685533,114,0.4128020260629753,2.088783687280925,1.03054759530999,-0.6263600167294499,43.75999902188778,1.0,3.3398516680903576,1
14:44:41.685533,114,0.4184624315251856,2.21827144147246,0.8598234290593267,-0.3480400092958007,50.1199988797307,1.0,2.5043047718238367,1
14:44:41.685533,114,0.410421600554142,2.1952195692830005,0.95477811327104,-0.4872000130126253,76.63999828696251,1.0,2.116475154310229,1
14:44:41.685533,114,0.3998937018478459,2.1389090602057825,0.9815895436008004,-0.6263600167294499,63.35999858379364,1.0,2.393392210166089,1
14:44:41.685533,114,0.3900965361795744,2.0926614217945603,1.029508559478599,-0.6263600167294499,33.359999254345894,1.0,3.925784214337809,1
14:44:41.685533,114,0.394064064555478,2.2221956757222947,0.858771933661173,-0.3480400092958007,42.11999905854464,1.0,3.0989529533625304,1
14:44:41.685533,114,0.3842085674882047,2.1666188166912805,0.8873139167358788,-0.3480400092958007,61.35999862849712,1.0,2.58218972027375,1
14:44:41.685533,114,0.3765779808857567,2.142659161631531,0.9805847069522364,-0.6263600167294499,49.51999889314175,1.0,3.0416765912330375,1
14:44:41.685533,114,0.3673520369693788,2.0963196478925124,1.0285283407499224,-0.6263600167294499,26.239999413490292,1.0,4.601411774279661,1
14:44:41.685533,114,0.3696262915094619,2.2258840475673907,0.8577836374038939,-0.3480400092958007,35.759999200701714,1.0,3.7817666677024415,1
14:44:41.685533,114,0.5398205606214899,2.121754834518347,1.0106785240178469,-0.5566400148672983,403.5199909806252,1.0,0.31454794185636437,1
14:44:41.685533,114,0.4581551821852501,2.18682948233348,0.957026230293591,-0.4872000130126253,127.99999713897704,1.0,1.1515841071020576,1
14:44:41.685533,114,0.4671311921552061,2.209716978985925,0.8621155903742763,-0.4174800111504737,72.23999838531017,1.0,1.5771795255653582,1
14:44:41.685533,114,0.4580868998574811,2.0803712659992946,1.0328016967987932,-0.6263600167294499,80.75999819487333,1.0,2.435249471525976,1
14:44:41.685533,114,0.4777696102018857,2.253181113110762,0.8106002472122957,-0.4174800111504737,15.999999642372131,1.0,3.247647629437581,1
14:44:41.685533,114,0.5726027774728026,2.1962038757580453,0.7475722391376265,-0.4174800111504737,16.359999634325504,1.0,1.4652512814313428,1
14:44:41.685533,114,0.5294060030505287,2.172519746599175,0.9608605124275008,-0.5566400148672983,290.99999349564314,1.0,0.3509141173101237,1
14:44:41.685533,114,0.5167388242708562,2.126857666912341,1.0093112241987647,-0.6263600167294499,324.23999275267124,1.0,0.4341911208967666,1
14:44:41.685533,114,0.5031885450079784,2.0710857489038177,1.0352897436058317,-0.5566400148672983,149.23999666422606,1.0,1.8843056118153236,1
14:44:41.685533,114,0.5273556488327222,2.243472025225794,0.8132017894703159,-0.4174800111504737,16.639999628067017,1.0,2.722561873567099,1
14:44:41.685533,114,0.5638887825762445,2.189796546882536,0.8674532540692583,-0.4174800111504737,110.35999753326178,1.0,0.7576345547497688,1
14:44:41.685533,114,0.5057055078603303,2.1775189928552763,0.9595209684304142,-0.4872000130126253,226.8799949288368,1.0,0.5321651042764287,1
14:44:41.685533,114,0.4927334411981926,2.121662528778181,0.9862107377690644,-0.6263600167294499,230.51999484747648,1.0,0.6844015033433409,1
14:44:41.685533,114,0.4806617553191463,2.075837420466379,1.0340165370479453,-0.5566400148672983,111.75999750196934,1.0,2.1157548158478727,1
14:44:41.685533,114,0.5025877586947045,2.2484463112517963,0.8118689335467271,-0.4174800111504737,16.519999630749226,1.0,2.9426684674483874,1
14:44:41.685533,114,0.4913967189802307,2.205087606188306,0.8633560270768608,-0.4174800111504737,86.23999807238579,1.0,1.2436419595380066,1
14:44:41.685533,114,0.5156131065450498,2.2002240817785688,0.8646592045148189,-0.4174800111504737,100.1199977621436,1.0,0.9961494910158226,1
14:44:41.685533,114,0.4819544425430264,2.1822890637677435,0.9582428317815794,-0.4872000130126253,170.23999619483948,1.0,0.7989192125039163,1
14:44:41.685533,114,0.469591624540047,2.126310240576702,0.984965387145998,-0.6263600167294499,160.2399964183569,1.0,0.9799404933103947,1
14:44:41.736476,115,0.5031885450079784,2.2502006006859805,-0.3958021156803509,-0.6958000185841229,82.11999816447496,1.0,1.0347138525928998,1
14:44:41.736476,115,0.5200141647285397,2.325442813525942,-0.6338963870885707,-0.4872000130126253,84.11999811977148,1.0,0.5370026975758836,1
14:44:41.736476,115,0.4936054144707197,2.315847635437092,-0.4064606039418864,-0.6958000185841229,115.75999741256236,1.0,0.42362934859352985,1
14:44:41.736476,115,0.4806617553191463,2.255119893071832,-0.3958021156803509,-0.6958000185841229,89.51999799907207,1.0,0.9867573180984168,1
14:44:41.736476,115,0.5094760620857238,2.390307924312717,-0.6501567324128542,-0.4872000130126253,37.11999917030335,1.0,2.4761254766620033,1
14:44:41.736476,115,0.4704226445426793,2.3206678157926555,-0.4064606039418864,-0.6958000185841229,142.99999680370092,1.0,0.23023565284595915,1
14:44:41.736476,115,0.4580868998574811,2.259813675357718,-0.3958021156803509,-0.6958000185841229,91.63999795168638,1.0,1.0455857695238489,1
14:44:41.736476,115,0.5167388242708562,2.310795872258204,-0.4064606039418864,-0.6958000185841229,89.99999798834324,1.0,0.7163068419496984,1
14:44:41.736476,115,0.4855479081698231,2.3952830855125367,-0.6501567324128542,-0.4872000130126253,36.23999918997288,1.0,2.105796969125946,1
14:44:41.736476,115,0.4780618250560199,2.3583530772527497,-0.5380997068372236,-0.4872000130126253,94.51999788731337,1.0,0.7350634587708379,1
14:44:41.736476,115,0.5432422042817815,2.3201264874969296,-0.6338963870885707,-0.4872000130126253,72.11999838799238,1.0,0.8533388597365849,1
14:44:41.736476,115,0.5822561607154626,2.1887557321752653,-0.227245820373542,-0.5566400148672983,15.999999642372131,1.0,3.6237805580969376,1
14:44:41.736476,115,0.5398205606214899,2.305513031428077,-0.4064606039418864,-0.4174800111504737,69.51999844610691,1.0,1.1053799565146158,1
14:44:41.736476,115,0.5664159200697239,2.3145781507629715,-0.6338963870885707,-0.4872000130126253,60.51999864727259,1.0,1.2669313414609322,1
14:44:41.736476,115,0.5506643725453726,2.2502116906251985,-0.3264611249670233,-0.5566400148672983,60.99999863654375,1.0,1.3656588491618247,1
14:44:41.736476,115,0.5628483153683235,2.299999641226368,-0.4064606039418864,-0.4174800111504737,54.11999879032373,1.0,1.5880737407196512,1
14:44:41.736476,115,0.5977393579900033,2.340937081798063,-0.747370621943875,-0.4872000130126253,33.11999925971031,1.0,2.816985588543187,1
14:44:41.736476,115,0.5731385809273278,2.2445926291578417,-0.3264611249670233,-0.5566400148672983,51.11999885737896,1.0,1.7930368017014384,1
14:44:41.736476,115,0.5858197857551749,2.294256252987477,-0.4064606039418864,-0.4174800111504737,42.75999904423952,1.0,2.1617278397014794,1
14:44:41.736476,115,0.5955554759313663,2.2387491103080905,-0.3264611249670233,-0.5566400148672983,42.63999904692173,1.0,2.3138616435821353,1
14:44:41.736476,115,0.6326857322345274,2.1201696967300823,0.0442570505053528,-0.6263600167294499,16.639999628067017,1.0,8.716229624131614,1
14:44:41.736476,115,0.4544547849764874,2.36301569905394,-0.5380997068372236,-0.6958000185841229,101.11999773979188,1.0,0.5597429192412477,1
14:44:41.736476,115,0.5281350981875097,2.255605732808722,-0.3264611249670233,-0.6958000185841229,71.8799983933568,1.0,1.0341510957792481,1
14:44:41.736476,115,0.447192832744305,2.3252559313108967,-0.4064606039418864,-0.6263600167294499,162.11999637633562,1.0,0.13912572359743927,1
14:44:41.736476,115,0.4354662360896156,2.264281478169341,-0.3958021156803509,-0.6958000185841229,87.75999803841114,1.0,1.214019683099492,1
14:44:41.736476,115,0.2426157383735635,2.418064850265769,-0.4171613877917612,-0.6263600167294499,37.11999917030335,1.0,3.961273938603224,1
14:44:41.736476,115,0.2611619181420792,2.3646156386189565,-0.335252341411957,-0.6263600167294499,34.759999223053455,1.0,3.1510607820654903,1
14:44:41.736476,115,0.2663125685304823,2.411250724408343,-0.4414421818818966,-0.6263600167294499,43.239999033510685,1.0,3.174139919692349,1
14:44:41.736476,115,0.2847946219126203,2.361885833231283,-0.335252341411957,-0.6263600167294499,43.239999033510685,1.0,2.4231366204943265,1
14:44:41.736476,115,0.2904113578456567,2.408467081641621,-0.4414421818818966,-0.6263600167294499,50.6399988681078,1.0,2.611069250077649,1
14:44:41.736476,115,0.3144811062683534,2.4054425941845494,-0.4414421818818966,-0.6958000185841229,59.239998675882816,1.0,2.173015792974609,1
14:44:41.736476,115,0.3217551119655248,2.283215956294728,-0.3958021156803509,-0.6958000185841229,39.87999910861254,1.0,3.806137151255938,1
14:44:41.736476,115,0.3319722313802529,2.355717959239051,-0.335252341411957,-0.6263600167294499,69.99999843537807,1.0,1.3452702150221922,1
14:44:41.736476,115,0.3385194068438958,2.402177564483342,-0.4414421818818966,-0.6958000185841229,69.11999845504761,1.0,1.855921939515506,1
14:44:41.736476,115,0.3445708028632541,2.2798842990311954,-0.3958021156803509,-0.6958000185841229,47.9999989271164,1.0,3.043804799759069,1
14:44:41.736476,115,0.3555124193559232,2.352280507416725,-0.335252341411957,-0.6263600167294499,90.51999797672032,1.0,0.9876590630268821,1
14:44:41.736476,115,0.3083988464595711,2.3589198412390773,-0.335252341411957,-0.6263600167294499,54.63999877870083,1.0,1.8225011772129491,1
14:44:41.736476,115,0.3673520369693788,2.27632465524785,-0.3958021156803509,-0.6958000185841229,57.759998708963394,1.0,2.4067000395186358,1
14:44:41.736476,115,0.3625238557623657,2.398672319038232,-0.4414421818818966,-0.6958000185841229,79.63999821990728,1.0,1.6558343492081185,1
14:44:41.736476,115,0.4308022997991999,2.3674420212649614,-0.5380997068372236,-0.6958000185841229,102.35999771207572,1.0,0.4882512823104506,1
14:44:41.736476,115,0.4239183020373148,2.3296115231841084,-0.4064606039418864,-0.6263600167294499,162.2399963736534,1.0,0.15340983002259068,1
14:44:41.736476,115,0.4128020260629753,2.268522854730165,-0.3958021156803509,-0.6958000185841229,79.23999822884798,1.0,1.4949828648895658,1
14:44:41.736476,115,0.413481715336577,2.408769541063003,-0.6501567324128542,-0.4872000130126253,32.99999926239252,1.0,1.5988505459437787,1
14:44:41.736476,115,0.43754833483669,2.4045143554473087,-0.6501567324128542,-0.4872000130126253,34.879999220371246,1.0,1.6637700773003545,1
14:44:41.736476,115,0.4006013798552799,2.333734155856752,-0.4064606039418864,-0.6263600167294499,143.2399967983365,1.0,0.2763069901339662,1
14:44:41.736476,115,0.3900965361795744,2.2725373809060856,-0.3958021156803509,-0.6958000185841229,68.51999846845865,1.0,1.891500982193841,1
14:44:41.736476,115,0.3842085674882047,2.380777420335252,-0.5140100111400527,-0.6958000185841229,89.87999799102545,1.0,0.8066325278123103,1
14:44:41.736476,115,0.3790170563875067,2.348607829514399,-0.335252341411957,-0.6263600167294499,116.11999740451574,1.0,0.7459845280059767,1
14:44:41.736476,115,0.4071067347528591,2.371631601257301,-0.5380997068372236,-0.6958000185841229,98.1199978068471,1.0,0.523921586221963,1
14:44:41.790088,116,0.5895389924398355,2.028949796716533,1.341838952822286,-0.6263600167294499,35.23999921232462,1.0,0.978213505410219,1
14:44:41.790088,116,0.5732912433971112,1.9897420205563456,1.422341499336866,-0.6263600167294499,30.63999931514263,1.0,1.2770993405495223,1
14:44:41.790088,116,0.5565073304247619,1.936890755007702,1.4594110083364336,-0.6263600167294499,8.759999804198742,0.8759999804198741,1.5294134892706475,1
14:44:41.790088,116,0.7009858259822913,1.6401102071775917,-0.0518917234465101,-1.1830000315967482,4.999999888241291,0.4999999888241291,7.696596174641099,1
14:44:41.790088,116,0.6304689717345072,2.089104855053858,0.9949345401509326,-0.4872000130126253,43.75999902188778,1.0,0.7290766924432621,1
14:44:41.790088,116,0.613936382673415,2.034322917127368,1.0212900548108663,-0.6263600167294499,93.99999789893629,1.0,0.4595183756916253,1
14:44:41.790088,116,0.6076573245732929,2.0950845955805097,0.9933322735058684,-0.5566400148672983,47.11999894678593,1.0,0.3992429010225072,1
14:44:41.790088,116,0.5682082750116377,2.0345413331175,1.3403407051591976,-0.6263600167294499,35.11999921500683,1.0,0.7202503825273883,1
14:44:41.790088,116,0.5917229181432753,2.0401458528035805,1.0197298038988467,-0.6263600167294499,105.2399976477027,1.0,0.18540745156235128,1
14:44:41.790088,116,0.5576433831313657,2.027283644141436,1.1279510116141056,-0.5566400148672983,47.11999894678593,1.0,0.09080918562897511,1
14:44:41.790088,116,0.546820737231984,2.0399265544739884,1.338897739445664,-0.6263600167294499,32.87999926507473,1.0,0.5926586055803805,1
14:44:41.790088,116,0.5794542218802191,2.021791838780606,1.1294225364255288,-0.5566400148672983,45.759998977184296,1.0,0.20833537014943718,1
14:44:41.790088,116,0.6020242738901203,2.024779375808736,1.1519729912054109,-0.5566400148672983,42.23999905586243,1.0,0.5094606140202806,1
14:44:41.790088,116,0.6738799738694571,1.9976939437986545,1.3273380098794187,-0.6958000185841229,22.239999502897263,1.0,3.196542373295837,1
14:44:41.790088,116,0.6532175725267554,2.082905073597695,0.9965957665853612,-0.4872000130126253,38.87999913096428,1.0,1.2062502690835883,1
14:44:41.790088,116,0.6108107564627057,2.0231525044200414,1.343392332611418,-0.6263600167294499,33.359999254345894,1.0,1.3660131993312428,1
14:44:41.790088,116,0.6237465322215525,2.0188593082134094,1.153559268536716,-0.5566400148672983,37.63999915868044,1.0,0.9049559454311208,1
14:44:41.790088,116,0.6581769171733801,2.022034836893753,1.0245826359859922,-0.6263600167294499,64.3599985614419,1.0,1.4275965249826115,1
14:44:41.790088,116,0.6759008521090171,2.076485871184972,0.998315786687902,-0.4872000130126253,33.87999924272299,1.0,1.8300949038031125,1
14:44:41.790088,116,0.6146028707054565,1.97826746228792,1.4254160979583943,-0.6263600167294499,28.23999936878681,1.0,2.0846456869023005,1
14:44:41.790088,116,0.6320214399216674,2.017150035952398,1.3450006891899164,-0.6263600167294499,29.999999329447743,1.0,1.883067688989863,1
14:44:41.790088,116,0.6801995631268202,2.015570921134081,1.0263146369937393,-0.6263600167294499,51.99999883770943,1.0,2.120252551873091,1
14:44:41.790088,116,0.653168921766145,2.010942991555421,1.3466638617234707,-0.6263600167294499,26.119999416172504,1.0,2.5287484740505684,1
14:44:41.790088,116,0.7021541896938194,2.0088946096927027,1.0281035492528754,-0.6958000185841229,42.23999905586243,1.0,2.9510283861313575,1
14:44:41.790088,116,0.6843325258477948,1.7090029562210671,-0.1694345395104002,-1.1830000315967482,5.519999876618385,0.5519999876618386,7.954896907050181,1
14:44:41.790088,116,0.6360884540796438,2.02828571058556,1.0229077194282838,-0.6263600167294499,78.9999982342124,1.0,0.8737914985197092,1
14:44:41.790088,116,0.6691197915503261,1.6710117649440326,-0.1212079391680638,-1.1830000315967482,6.239999860525131,0.6239999860525132,7.308231685096975,1
14:44:41.790088,116,0.4927334411981926,2.121662528778181,0.9862107377690644,-0.5566400148672983,37.35999916493893,1.0,0.9798056151019952,1
14:44:41.790088,116,0.561854021802856,2.106381584032815,0.9903052545731696,-0.5566400148672983,48.119998924434185,1.0,0.18400109776895401,1
14:44:41.790088,116,0.3871067056358923,2.052054581781265,0.9452577747268862,-0.5566400148672983,28.359999366104603,1.0,4.233942112019664,1
14:44:41.790088,116,0.4096381730380184,2.0482065675240637,0.9462888470395668,-0.5566400148672983,35.23999921232462,1.0,3.213431025789272,1
14:44:41.790088,116,0.4231694337747816,2.1349339374717347,0.9826546745272032,-0.5566400148672983,23.35999947786331,1.0,3.127225309077649,1
14:44:41.790088,116,0.549048207956149,2.097887281596769,-0.1233560450555866,-0.4174800111504737,7.879999823868275,0.7879999823868274,8.825939704173056,1
14:44:41.790088,116,0.4464028491128716,2.130734190938329,0.9837799932192446,-0.5566400148672983,27.359999388456345,1.0,2.2607596937260177,1
14:44:41.790088,116,0.5691885343930869,2.0259258096680406,-0.2735993353622845,-0.4174800111504737,11.519999742507936,1.0,9.942409059111844,1
14:44:41.790088,116,0.4457022038044844,2.0241269904812533,1.058950571634218,-0.5566400148672983,27.99999937415123,1.0,1.5766718591483513,1
14:44:41.790088,116,0.4545759683883945,2.0398586218574697,0.9485256723393892,-0.5566400148672983,55.75999875366688,1.0,1.5980014930304691,1
14:44:41.790088,116,0.469591624540047,2.126310240576702,0.984965387145998,-0.5566400148672983,32.119999282062054,1.0,1.545030651485513,1
14:44:41.790088,116,0.4676667324407808,2.0197157205969627,1.0601325678373097,-0.5566400148672983,32.87999926507473,1.0,0.9944430839208163,1
14:44:41.790088,116,0.4769778025947584,2.0353595252356507,0.9497312016458754,-0.5566400148672983,69.99999843537807,1.0,1.002712374251682,1
14:44:41.790088,116,0.4321286769660359,2.044141112035417,0.947378182554614,-0.5566400148672983,44.11999901384115,1.0,2.334837271128278,1
14:44:41.790088,116,0.4823386162690429,2.054839046578032,1.33490194922925,-0.6263600167294499,21.639999516308308,1.0,0.9967488239828037,1
14:44:41.790088,116,0.5953328973019646,2.112797799556815,0.8767957266642721,-0.6958000185841229,11.759999737143517,1.0,0.42876530560285286,1
14:44:41.790088,116,0.5471207009397635,2.051146603889603,1.0167821615292114,-0.5566400148672983,107.8799975886941,1.0,0.05993856737628518,1
14:44:41.790088,116,0.5357767805113931,2.032564501905859,1.1265360100407849,-0.5566400148672983,45.99999897181988,1.0,0.1090812463090497,1
14:44:41.790088,116,0.57430049113196,2.0733983991607854,0.6706995705201217,-0.6958000185841229,6.999999843537808,0.6999999843537809,0.8519766942644489,1
14:44:41.790088,116,0.5388669464855361,2.111697702269087,0.9888808049848924,-0.5566400148672983,46.35999896377325,1.0,0.29966119360308346,1
14:44:41.790088,116,0.525378517836734,2.045104922268373,1.3375101999770471,-0.6263600167294499,29.519999340176582,1.0,0.5959256920020938,1
14:44:41.790088,116,0.5138566006622436,2.037633883992523,1.1251776732045384,-0.5566400148672983,42.75999904423952,1.0,0.2636076762059544,1
14:44:41.790088,116,0.5038837610298628,2.0500759186682123,1.3361782255061323,-0.6263600167294499,25.51999942958355,1.0,0.7304916631123524,1
14:44:41.790088,116,0.5158259849250308,2.116791520310054,0.987515920554424,-0.5566400148672983,42.35999905318022,1.0,0.5647967645612807,1
14:44:41.790088,116,0.4993319394204752,2.030644272075853,0.9509946499221515,-0.4872000130126253,85.9999980777502,1.0,0.5487067704376515,1
14:44:41.790088,116,0.4895844947956447,2.01509251376034,1.0613713523756247,-0.5566400148672983,37.99999915063381,1.0,0.5483363796168234,1
14:44:41.790088,116,0.5247364084507437,2.056323319233518,1.0153950648333634,-0.5566400148672983,100.3599977567792,1.0,0.20958556896418254,1
14:44:41.843191,117,0.5694502818170674,2.0457539353255103,1.018227122716009,-0.6958000185841229,80.99999818950891,1.0,2.083697337812214,1
14:44:41.843191,117,0.6027590692743107,1.9278304274095277,1.095831424574672,-0.6263600167294499,36.75999917834997,1.0,3.0421344215819874,1
14:44:41.843191,117,0.536291309146173,1.9364772323018729,1.4379232934292734,-0.6958000185841229,15.239999659359457,1.0,5.616087806186258,1
14:44:41.843191,117,0.5516644429761388,1.969733225775975,1.3387565779973056,-0.6958000185841229,25.51999942958355,1.0,2.9035140746776067,1
14:44:41.843191,117,0.581767708941201,1.9335512999907192,1.0942985213865404,-0.6263600167294499,43.5199990272522,1.0,2.474144959294902,1
14:44:41.843191,117,0.5983952767634021,1.988814345505592,1.0684125663380537,-0.6958000185841229,88.3599980250001,1.0,0.4418792813270028,1
14:44:41.843191,117,0.5723740997442793,1.964304491366999,1.340211202998114,-0.6958000185841229,24.119999460875988,1.0,3.1368503626921718,1
14:44:41.843191,117,0.6199865935091052,1.982929964026632,1.0699892816032974,-0.6958000185841229,79.75999821722507,1.0,0.7844979750721274,1
14:44:41.843191,117,0.6843799496664192,1.9640297269450635,1.0750535848660607,-0.5566400148672983,52.51999882608652,1.0,2.7249692115817696,1
14:44:41.843191,117,0.6236901542054851,1.921907083282686,1.097418579849951,-0.6263600167294499,30.63999931514263,1.0,3.7680139509734687,1
14:44:41.843191,117,0.6415159121148828,1.976837324140178,1.0716217995406463,-0.5566400148672983,70.23999843001366,1.0,1.277285457999786,1
14:44:41.843191,117,0.6434202321862164,1.9065862143491,1.0789631509583866,-0.6263600167294499,25.51999942958355,1.0,5.9774487198658575,1
14:44:41.843191,117,0.6629810796669113,1.9705370351051128,1.073309956899675,-0.5566400148672983,60.99999863654375,1.0,1.9231099951056092,1
14:44:41.843191,117,0.7111159474145397,2.081242909056888,0.8852508340909799,-0.4872000130126253,13.23999970406294,1.0,9.110706257825957,1
14:44:41.843191,117,0.7090264911817106,1.984443330468181,1.1394300390663503,-0.5566400148672983,45.11999899148941,1.0,3.7661858104422694,1
14:44:41.843191,117,0.5550352912904128,1.999956000392665,1.065427168908716,-0.6958000185841229,94.63999788463116,1.0,0.19633065378808368,1
14:44:41.843191,117,0.6532175725267554,2.082905073597695,0.9965957665853612,-0.5566400148672983,27.639999382197857,1.0,7.30072578426436,1
14:44:41.843191,117,0.539612564360542,1.9443833624904847,1.091396078987365,-0.6263600167294499,49.99999888241291,1.0,1.801707512655722,1
14:44:41.843191,117,0.5930265195819809,1.958675991807663,1.341719354909637,-0.6958000185841229,21.87999951094389,1.0,3.5023726822334136,1
14:44:41.843191,117,0.5332709585253469,2.005212159644624,1.0640187852818643,-0.6958000185841229,97.51999782025814,1.0,0.28832371756839403,1
14:44:41.843191,117,0.5311919927087473,1.9816231859378477,1.3577927769423028,-0.6958000185841229,25.51999942958355,1.0,3.6540533985427963,1
14:44:41.843191,117,0.3923161077322242,2.0025563723199085,1.1437141175285743,-0.6958000185841229,29.639999337494373,1.0,2.964835870420335,1
14:44:41.843191,117,0.4009321222184586,2.022744380924052,1.036115589133214,-0.6958000185841229,56.23999874293804,1.0,3.7008271208282304,1
14:44:41.843191,117,0.4138555724177021,1.9986628297292963,1.144757389121425,-0.6958000185841229,35.63999920338392,1.0,2.1658673486793463,1
14:44:41.843191,117,0.4229446348774918,2.018765328667376,1.0371817729720314,-0.6958000185841229,64.87999854981899,1.0,2.8164656926184,1
14:44:41.843191,117,0.4449148534273807,2.014573854365335,1.0383048751263593,-0.6958000185841229,74.1199983432889,1.0,2.06585142799075,1
14:44:41.843191,117,0.4572776714303601,2.070552677556376,1.011582319761941,-0.6958000185841229,63.23999858647585,1.0,4.7288153337116094,1
14:44:41.843191,117,0.4546717095624153,1.963594020727547,1.0862485986266737,-0.6958000185841229,48.75999891012907,1.0,2.247072621359353,1
14:44:41.843191,117,0.4353536518926669,1.9945614300341616,1.1458563558575738,-0.6958000185841229,42.23999905586243,1.0,1.496945542544724,1
14:44:41.843191,117,0.4685528424421034,1.996109462440634,1.3539111908520471,-0.6958000185841229,19.239999569952488,1.0,4.169314881053286,1
14:44:41.843191,117,0.475980444583311,1.959099278616862,1.0874529611454178,-0.6958000185841229,53.99999879300594,1.0,1.9171858579982741,1
14:44:41.843191,117,0.4887196246350058,2.005555337400941,1.0407213794638948,-0.6958000185841229,90.9999979659915,1.0,0.9725619847734078,1
14:44:41.843191,117,0.4894822030157919,1.9914824700212337,1.3551509897342104,-0.6958000185841229,21.99999950826168,1.0,3.8761209659948737,1
14:44:41.843191,117,0.4972415819585252,1.954398938101604,1.0887124135906328,-0.6263600167294499,56.23999874293804,1.0,1.7316850566107629,1
14:44:41.843191,117,0.5105497968523212,2.00072919658273,1.0420145399986935,-0.6958000185841229,96.11999785155058,1.0,0.6335821232874308,1
14:44:41.843191,117,0.5103626157792674,1.9866535502243263,1.3564448948941064,-0.6958000185841229,24.23999945819378,1.0,3.703696459248136,1
14:44:41.843191,117,0.4668405808646768,2.0101703771618458,1.039484783286923,-0.6958000185841229,83.23999813944101,1.0,1.4506239873549576,1
14:44:41.843191,117,0.5184529955921331,1.949493469211885,1.0900268300181288,-0.6263600167294499,54.75999877601862,1.0,1.6925047886426188,1
14:44:41.907752,118,0.6861246267208408,1.9826201006508544,0.8293346629315588,-0.8349600223009475,21.639999516308308,1.0,0.579381150283705,1
14:44:41.907752,118,0.7045871426105207,1.9818415702209395,0.5958267355541726,-0.4872000130126253,6.359999857842922,0.6359999857842922,1.8813961204758936,1
14:44:41.907752,118,0.5785239269556843,1.8673750291881728,1.4786924922181333,-0.6958000185841229,8.51999980956316,0.851999980956316,8.906408897793472,1
14:44:41.907752,118,0.5958936892890009,1.9018452553161675,1.382441906007574,-0.6958000185841229,24.879999443888664,1.0,4.701991789114906,1
14:44:41.907752,118,0.6801995631268202,2.015570921134081,1.0263146369937393,-0.6958000185841229,35.51999920606613,1.0,1.6487102110714904,1
14:44:41.907752,118,0.648467829120543,1.950639768824542,1.180327240844903,-0.6958000185841229,28.879999354481697,1.0,1.011367391073792,1
14:44:41.907752,118,0.6660964050736351,1.997726440142689,1.135870840556092,-0.6958000185841229,32.99999926239252,1.0,1.2394917954632676,1
14:44:41.907752,118,0.6961336088052583,1.98513388043056,0.7137010007310938,-0.8349600223009475,9.119999796152117,0.9119999796152116,1.0802424609392876,1
14:44:41.907752,118,0.6122378523907134,1.9317312810049303,1.2823618101028251,-0.6958000185841229,31.87999928742647,1.0,2.137342434534624,1
14:44:41.907752,118,0.6639101465104321,1.9891403221096464,0.8275875748572035,-0.8349600223009475,21.639999516308308,1.0,0.4650354766465547,1
14:44:41.907752,118,0.6372141177438997,2.038029500643737,1.044147138631923,-0.6958000185841229,55.11999876797199,1.0,1.655518148851097,1
14:44:41.907752,118,0.6228998892966071,2.0101776030131355,1.1325345615201274,-0.6958000185841229,43.99999901652336,1.0,0.6315469367972202,1
14:44:41.907752,118,0.6064145308319805,1.9627614054151672,1.177079258109501,-0.6958000185841229,38.99999912828207,1.0,0.6255468129660451,1
14:44:41.907752,118,0.5916911075045536,1.937545859706768,1.2808037984353406,-0.6958000185841229,41.35999907553196,1.0,1.996965801449186,1
14:44:41.907752,118,0.57650075620113,1.925728128284201,1.4408035071701666,-0.6958000185841229,25.75999942421913,1.0,3.688095926139431,1
14:44:41.907752,118,0.6817749062813355,1.9885372404066808,0.5940326361351178,-0.4872000130126253,5.239999882876873,0.5239999882876873,1.9189913653996566,1
14:44:41.907752,118,0.6509891729749049,1.998146520758303,0.7102142742638784,-0.8349600223009475,7.35999983549118,0.735999983549118,1.072235748576698,1
14:44:41.907752,118,0.641629275841597,1.9954456457396028,0.8258980684825397,-0.8349600223009475,21.359999522566795,1.0,0.43699672474260653,1
14:44:41.907752,118,0.718602534471427,1.9783011727530808,0.7155318192353923,-0.8349600223009475,11.119999751448631,1.0,1.2158068929074601,1
14:44:41.907752,118,0.6020242738901203,2.024779375808736,1.1519729912054109,-0.6958000185841229,60.75999864190817,1.0,0.810304403683245,1
14:44:41.907752,118,0.5852958673778521,1.9685169725050988,1.1755370585557712,-0.6958000185841229,54.75999877601862,1.0,0.5588288504362424,1
14:44:41.907752,118,0.6593416700242803,2.03176756499767,1.0458250192313423,-0.6958000185841229,44.23999901115894,1.0,1.9535720605609121,1
14:44:41.907752,118,0.7273289208157484,1.9749258892110388,0.5976797866958867,-0.4872000130126253,7.639999829232693,0.7639999829232693,1.9346675836602283,1
14:44:41.907752,118,0.6735025596024923,1.913100936076836,1.2873537959810215,-0.6958000185841229,19.35999956727028,1.0,3.0604631911693545,1
14:44:41.907752,118,0.6327233740045677,1.9257185300264668,1.283972921871794,-0.6958000185841229,24.63999944925308,1.0,2.3623428779233926,1
14:44:41.907752,118,0.5710851940033624,1.9431616846789797,1.279299042669202,-0.6958000185841229,52.3599988296628,1.0,1.9427907155889075,1
14:44:41.907752,118,0.9173220307764818,1.9071449569790964,0.7345980697884862,-0.5566400148672983,11.759999737143517,1.0,6.135875389977851,1
14:44:41.907752,118,0.8955798202774047,1.9159006733401152,0.732251982660395,-0.5566400148672983,12.759999714791777,1.0,5.272156604030969,1
14:44:41.907752,118,0.8518289107426025,1.9327799078314751,0.7277292054095796,-0.5566400148672983,13.759999692440031,1.0,3.7780585639650672,1
14:44:41.907752,118,0.8621731383480201,1.9288518344987875,0.610025292448062,-0.3480400092958007,7.999999821186066,0.7999999821186066,4.080268761950974,1
14:44:41.907752,118,0.8298245867611761,1.940901738052509,0.725552967560791,-0.5566400148672983,14.359999679028988,1.0,3.148807417941235,1
14:44:41.907752,118,0.8178934009700511,1.9390239263039657,0.8410162226408939,-0.5566400148672983,17.759999603033066,1.0,2.991580824518412,1
14:44:41.907752,118,0.8399016037416704,1.9370722925772696,0.6078226273445186,-0.3480400092958007,8.639999806880951,0.8639999806880951,3.5113859091625166,1
14:44:41.907752,118,0.8077372810163014,1.9488106202843545,0.7234337889537352,-0.5566400148672983,14.6399996727705,1.0,2.5990762103689495,1
14:44:41.907752,118,0.7961236656523146,1.946819094933185,0.8389275135018304,-0.5566400148672983,18.879999577999115,1.0,2.390585612438439,1
14:44:41.907752,118,0.6158323340556086,1.8959930193765864,1.384010007901501,-0.6958000185841229,22.879999488592148,1.0,4.903166727830676,1
14:44:41.907752,118,0.785569202220048,1.9565057636454135,0.7213718815044976,-0.5566400148672983,14.51999967545271,1.0,2.1297824132909238,1
14:44:41.907752,118,0.7725920134924293,1.9604372828997327,0.6015619970564536,-0.3480400092958007,8.999999798834324,0.8999999798834324,2.3073687807889667,1
14:44:41.907752,118,0.7633225671617231,1.9639863986277972,0.7193674514020958,-0.8349600223009475,14.119999684393406,1.0,1.741984153580044,1
14:44:41.907752,118,0.7523475448345213,1.9617766765229656,0.834919641594126,-0.5566400148672983,20.75999953597784,1.0,1.4238378897379396,1
14:44:41.907752,118,0.6357093961047553,1.889948486741302,1.385629635539749,-0.6958000185841229,20.359999544918537,1.0,5.189856633538799,1
14:44:41.907752,118,0.7499979667382514,1.9677908889392877,0.5995916042566984,-0.4872000130126253,8.51999980956316,0.851999980956316,2.0771599443934807,1
14:44:41.907752,118,0.7409996004861944,1.971251777174276,0.7174206990878604,-0.8349600223009475,12.879999712109566,1.0,1.4368797026619298,1
14:44:41.907752,118,0.708270495043413,1.975885633379911,0.8311391579982619,-0.5566400148672983,21.359999522566795,1.0,0.778324759159505,1
14:44:41.907752,118,0.7021541896938194,2.0088946096927027,1.0281035492528754,-0.5566400148672983,28.759999357163903,1.0,2.051745347113512,1
14:44:41.907752,118,0.6875958276310201,1.9911885543642691,1.1376226617706262,-0.6263600167294499,25.51999942958355,1.0,1.6554259818724963,1
14:44:41.907752,118,0.6693982586603804,1.944274911477352,1.1820326992310215,-0.6958000185841229,22.11999950557947,1.0,1.3272726054980992,1
14:44:41.907752,118,0.774274318635006,1.9544035978208296,0.8368952520780943,-0.5566400148672983,19.879999555647373,1.0,1.867659760462959,1
14:44:41.907752,118,0.556423853633247,1.9311997794584557,1.4393373826567606,-0.6958000185841229,25.359999433159828,1.0,3.5728557699602503,1
14:44:41.907752,118,0.8175460796786169,1.9450772167218504,0.605677714384506,-0.3480400092958007,8.999999798834324,0.8999999798834324,3.025629540749205,1
14:44:41.907752,118,0.6192842427827353,2.001535441013644,0.8242663127567895,-0.8349600223009475,20.87999953329563,1.0,0.4971064858316475,1
14:44:41.907752,118,0.4835767518050998,2.112994418794495,1.1198472398561827,-0.6958000185841229,56.11999874562025,1.0,3.885646263215455,1
14:44:41.907752,118,0.4705029199813457,2.055868153785411,1.14364277825289,-0.6263600167294499,109.23999755829573,1.0,1.1280646091434574,1
14:44:41.907752,118,0.4590170828975201,2.0230072742308187,1.2292118635821203,-0.6958000185841229,96.11999785155058,1.0,1.1766026028841738,1
14:44:41.907752,118,0.4475766269767247,2.000534064787165,1.3527256222264654,-0.6958000185841229,31.87999928742647,1.0,2.0259333644236444,1
14:44:41.907752,118,0.4608649900395453,2.1175557600531474,1.118625032149524,-0.6958000185841229,45.99999897181988,1.0,4.005280171449323,1
14:44:41.907752,118,0.4499618540775867,2.0852805000559744,1.2059885890871576,-0.6958000185841229,76.11999829858541,1.0,2.1754035009603085,1
14:44:41.907752,118,0.4378758381758706,2.035026005940397,1.2487987149151318,-0.6958000185841229,65.63999853283167,1.0,1.4696664375561617,1
14:44:41.907752,118,0.4265556542236285,2.004755834604296,1.351594402413335,-0.6958000185841229,24.759999446570877,1.0,2.4482429459251245,1
14:44:41.907752,118,0.4381071421610999,2.1218974981353456,1.1174616669366515,-0.7655200204462744,37.63999915868044,1.0,4.210136871836842,1
14:44:41.907752,118,0.4682949470675929,1.9894399553016295,1.333476175735448,-0.6958000185841229,41.11999908089638,1.0,1.8993001824898883,1
14:44:41.907752,118,0.4277424109705667,2.089519521373731,1.2048527467483665,-0.6958000185841229,53.75999879837036,1.0,2.4578190046013377,1
14:44:41.907752,118,0.4054920262624784,2.0087743497185837,1.3505176445336895,-0.6958000185841229,19.519999563694,1.0,2.966812493779711,1
14:44:41.907752,118,0.415305483935485,2.12601919887092,1.1163572605531118,-0.7655200204462744,30.999999307096004,1.0,4.503260747777931,1
14:44:41.907752,118,0.4054801939808128,2.093543710984604,1.2037744683919434,-0.6958000185841229,39.11999912559986,1.0,2.831192916543666,1
14:44:41.907752,118,0.3945889594731028,2.043067266279709,1.2466440657010849,-0.6958000185841229,33.2399992570281,1.0,2.5144996381905305,1
14:44:41.907752,118,0.3924622955094197,2.1299204500932505,1.1153119234386173,-0.7655200204462744,25.75999942421913,1.0,4.887818524786157,1
14:44:41.907752,118,0.3728852490701616,2.046773912880845,1.2456508727376827,-0.6958000185841229,24.879999443888664,1.0,3.1859640595387013,1
14:44:41.907752,118,0.3608363472200273,2.100946006946572,1.201791029166798,-0.6958000185841229,22.879999488592148,1.0,3.862967449010409,1
14:44:41.907752,118,0.351144250454717,2.0502707359058565,1.2447139018320563,-0.6263600167294499,19.35999956727028,1.0,3.9606716147891317,1
14:44:41.907752,118,0.6283181772164812,2.004325152155435,0.7085587149706871,-0.8349600223009475,5.759999871253967,0.5759999871253967,1.2034345349513877,1
14:44:41.907752,118,0.4162532113106835,2.0391511667640034,1.247693381403798,-0.6958000185841229,45.759998977184296,1.0,1.9433431047487777,1
14:44:41.907752,118,0.4805294690517879,2.0184695751203794,1.2304277363942582,-0.6958000185841229,136.87999694049358,1.0,0.8418439683808728,1
14:44:41.907752,118,0.3831774293113724,2.097352666473003,1.2027538618448208,-0.6958000185841229,29.519999340176582,1.0,3.29853450258007,1
14:44:41.907752,118,0.5062401563006147,2.1082139304896947,1.1211281678368803,-0.6958000185841229,66.9999985024333,1.0,3.848314636191698,1
14:44:41.907752,118,0.4925536036671401,2.051216909287099,1.1448890754600125,-0.6958000185841229,149.87999664992094,1.0,0.8616732436800856,1
14:44:41.907752,118,0.5955554759313663,2.077971227601199,1.105231861160911,-0.6958000185841229,66.87999850511551,1.0,3.5074768576938893,1
14:44:41.907752,118,0.5802418136356755,2.030489330001572,1.1504430135906214,-0.6958000185841229,86.23999807238579,1.0,0.6575778096220329,1
14:44:41.907752,118,0.566077049385313,1.9982479939672877,1.2358460927339094,-0.6958000185841229,79.51999822258949,1.0,0.3942628961030411,1
14:44:41.907752,118,0.536291309146173,1.9364772323018729,1.4379232934292734,-0.6958000185841229,23.75999946892261,1.0,3.5431946903334963,1
14:44:41.907752,118,0.596877281818432,2.0074090989573445,0.8226924708541583,-0.8349600223009475,20.239999547600743,1.0,0.6473380362906974,1
14:44:41.907752,118,0.5731385809273278,2.0836156333745808,1.1037194471921803,-0.6958000185841229,76.51999828964472,1.0,3.2906678762431207,1
14:44:41.907752,118,0.5584013296859941,2.0359885998012843,1.1489694886888278,-0.6958000185841229,122.5199972614646,1.0,0.5841492982305982,1
14:44:41.907752,118,0.5447697316070296,2.003613016530017,1.2344085392708513,-0.6958000185841229,115.99999740719797,1.0,0.37696493976221823,1
14:44:41.907752,118,0.5308996202258857,1.9749616521656976,1.3373556253684935,-0.6958000185841229,66.35999851673841,1.0,1.3356574643205832,1
14:44:41.907752,118,0.5161051359774899,1.9415599590735897,1.4365613808954438,-0.6958000185841229,21.359999522566795,1.0,3.600826304501372,1
14:44:41.907752,118,0.5516644429761388,1.969733225775975,1.3387565779973056,-0.6958000185841229,62.35999860614538,1.0,1.3237038352968793,1
14:44:41.907752,118,0.5506643725453726,2.0890432299654065,1.1022651270688266,-0.6958000185841229,80.11999820917845,1.0,3.1479562650608126,1
14:44:41.907752,118,0.5744106336260114,2.0130660322098306,0.8211767001575179,-0.8349600223009475,19.35999956727028,1.0,0.8897953485995256,1
14:44:41.907752,118,0.4892127879474613,1.9848155096172708,1.3347152922220131,-0.6958000185841229,51.99999883770943,1.0,1.6213648082635377,1
14:44:41.907752,118,0.5019938026617385,2.0137243126671347,1.2316992256364787,-0.6958000185841229,167.2399962618947,1.0,0.5985500082135375,1
14:44:41.907752,118,0.5281350981875097,2.094253474618564,1.1008690462216444,-0.6958000185841229,76.2399982959032,1.0,3.0817415093786718,1
14:44:41.907752,118,0.5145550324052296,2.0463529076550997,1.1461923807692904,-0.6958000185841229,175.99999606609344,1.0,0.6838731388251547,1
14:44:41.907752,118,0.510081707958398,1.9799892476979108,1.336008485205767,-0.6958000185841229,61.99999861419201,1.0,1.4341988733982565,1
14:44:41.907752,118,0.5234079373119939,2.008771961393355,1.2330262041609232,-0.6958000185841229,155.7599965184927,1.0,0.44434457833285435,1
14:44:41.907752,118,0.5365050060711732,2.0412766352855,1.147552563851285,-0.6958000185841229,161.63999638706446,1.0,0.5921599656373048,1
14:44:41.907752,118,0.5518865448514697,2.0185056750825163,0.8197191522426679,-0.8349600223009475,18.519999586045746,1.0,1.2267120333752668,1
14:44:41.961455,119,0.6320057435726205,1.82623861924676,0.921672261838726,-0.8349600223009475,52.999998815357685,1.0,2.9766828638254506,1
14:44:41.961455,119,0.6299338977188826,1.894888315874632,1.20375439946061,-0.7655200204462744,37.51999916136265,1.0,1.6546559544144992,1
14:44:41.961455,119,0.6604905516779487,1.8834921274530243,0.7795613874928091,-0.8349600223009475,36.11999919265509,1.0,1.050762996960481,1
14:44:41.961455,119,0.5958936892890009,1.9018452553161675,1.382441906007574,-0.7655200204462744,42.63999904692173,1.0,3.855511055151059,1
14:44:41.961455,119,0.7045871426105207,1.9818415702209395,0.5958267355541726,-0.7655200204462744,9.999999776482582,0.9999999776482582,5.838589347064092,1
14:44:41.961455,119,0.6869654989687194,1.9322759398071492,0.6309449478816536,-0.7655200204462744,28.359999366104603,1.0,2.5877376566057895,1
14:44:41.961455,119,0.6500691702698497,1.8784345490557783,0.8908524563987346,-0.8349600223009475,69.87999843806028,1.0,0.6479323597132325,1
14:44:41.961455,119,0.678276790086032,1.9342123685428043,0.7466964024156759,-0.6958000185841229,35.879999198019505,1.0,1.80865194899052,1
14:44:41.961455,119,0.5590247567620111,1.8673517543978,1.457754946504692,-0.6958000185841229,28.23999936878681,1.0,5.0818754361986205,1
14:44:41.961455,119,0.6115434564943129,1.832244550605056,0.9200629773814736,-0.8349600223009475,55.23999876528978,1.0,2.690505285020607,1
14:44:41.961455,119,0.5890825294424086,1.9066635026169256,1.2005992476822869,-0.7655200204462744,37.51999916136265,1.0,1.496500313133216,1
14:44:41.961455,119,0.5758954556527046,1.907504609341354,1.3809254866668432,-0.7655200204462744,42.75999904423952,1.0,3.9037578616418727,1
14:44:41.961455,119,0.6647237940542519,1.938804152049337,0.6291957186833401,-0.7655200204462744,28.759999357163903,1.0,2.1833788105514,1
14:44:41.961455,119,0.6542533911165086,1.9280491951264935,0.7246233498703949,-0.6263600167294499,39.87999910861254,1.0,1.1734619430848063,1
14:44:41.961455,119,0.6009587772418645,1.8445831969486304,0.8093380276967062,-0.8349600223009475,75.23999831825495,1.0,2.5520813741082113,1
14:44:41.961455,119,0.6818090355453325,1.8770092643843992,0.7812984654166888,-0.7655200204462744,32.75999926775694,1.0,1.509367892721196,1
14:44:41.961455,119,0.5910200155827072,1.8380525344523373,0.918506732799942,-0.8349600223009475,53.51999880373478,1.0,2.5241038497485127,1
14:44:41.961455,119,0.5685674608655842,1.9122545692014628,1.1991011259061313,-0.7655200204462744,35.63999920338392,1.0,1.570497286173241,1
14:44:41.961455,119,0.6426337329587222,1.8325706155652688,0.8125567891773913,-0.8349600223009475,74.35999833792448,1.0,3.1053762029624297,1
14:44:41.961455,119,0.7001693558015222,1.9275549295505527,0.7484802578173091,-0.6958000185841229,31.359999299049377,1.0,2.263899775687091,1
14:44:41.961455,119,0.6793571686357198,1.8551792668248743,1.0029276903897686,-0.7655200204462744,40.99999908357859,1.0,1.5876989035468096,1
14:44:41.961455,119,0.6158323340556086,1.8959930193765864,1.384010007901501,-0.7655200204462744,40.11999910324812,1.0,3.9034001795874165,1
14:44:41.961455,119,0.7202191048921841,1.8416599477954727,1.0065501810059156,-0.7655200204462744,28.519999362528324,1.0,2.8487902699944927,1
14:44:41.961455,119,0.5558396329533289,1.912970515521485,1.3794609015199728,-0.7655200204462744,40.23999910056591,1.0,4.048059350268588,1
14:44:41.961455,119,0.6949512410349813,1.8706672489261824,1.3907960276413829,-0.7655200204462744,25.999999418854717,1.0,5.0608575422169455,1
14:44:41.961455,119,0.7970993459737248,1.8964310585733104,0.64054955486105,-0.2783200074336491,17.359999611973763,1.0,6.371082701200016,1
14:44:41.961455,119,0.7198248505473844,1.9013509894696787,0.9762660726167444,-0.6958000185841229,48.239998921751976,1.0,2.3213434963246735,1
14:44:41.961455,119,0.6998231276271771,1.8485182821291155,1.0047124958597935,-0.7655200204462744,34.35999923199415,1.0,2.161560659202461,1
14:44:41.961455,119,0.6931313625222182,1.899095084265692,1.268951248740679,-0.7655200204462744,28.519999362528324,1.0,3.8375969541906367,1
14:44:41.961455,119,0.6555228877468895,1.8837122618585136,1.387300626960911,-0.7655200204462744,30.759999312460423,1.0,4.2883280846236085,1
14:44:41.961455,119,0.7532695758279785,1.9114069712574204,0.6365367711514238,-0.2783200074336491,20.239999547600743,1.0,4.503818731450095,1
14:44:41.961455,119,0.7437422559489161,1.9136073497732065,0.7522175005550178,-0.6958000185841229,23.639999471604824,1.0,3.5135779136077057,1
14:44:41.961455,119,0.6919662969369794,1.86547105005032,0.8943260154883288,-0.8349600223009475,55.63999875634909,1.0,1.5645484641611351,1
14:44:41.961455,119,0.6705333008465391,1.8823263488870363,1.2071203683702825,-0.7655200204462744,32.35999927669764,1.0,2.2219608782579656,1
14:44:41.961455,119,0.6357093961047553,1.889948486741302,1.385629635539749,-0.7655200204462744,35.759999200701714,1.0,4.047589874232165,1
14:44:41.961455,119,0.7312406035922671,1.9185766644531623,0.634615657649646,-0.6958000185841229,23.35999947786331,1.0,3.7476313787646767,1
14:44:41.961455,119,0.7219919051680349,1.9206863610103209,0.7503206852108222,-0.6958000185841229,27.239999391138557,1.0,2.83208374310914,1
14:44:41.961455,119,0.703059339080382,1.8703208081513607,0.783090631862942,-0.7655200204462744,29.35999934375286,1.0,2.0863010998815557,1
14:44:41.961455,119,0.6710512858866051,1.8720539741856488,0.8925621262824321,-0.8349600223009475,63.11999858915806,1.0,1.0487035941141976,1
14:44:41.961455,119,0.6588232744965647,1.8616422357898608,1.0011959430748931,-0.8349600223009475,47.75999893248081,1.0,1.1267813422632116,1
14:44:41.961455,119,0.6502661123159298,1.8887053732256835,1.2054111139502437,-0.7655200204462744,35.63999920338392,1.0,1.8870499937576208,1
14:44:41.961455,119,0.7091385079088302,1.9255332191862868,0.6327516544268021,-0.6958000185841229,26.359999410808086,1.0,3.109063731776181,1
14:44:41.961455,119,0.6263431781688461,1.991344855877886,0.6876877169698732,-0.6958000185841229,26.99999939650297,1.0,3.6061013722251203,1
14:44:41.961455,119,0.6176575768730772,1.895838501597505,0.7762531865113429,-0.8349600223009475,38.75999913364649,1.0,0.4876094937397071,1
14:44:41.961455,119,0.5961473691971846,1.901700778046291,0.7746823942710828,-0.8349600223009475,40.51999909430742,1.0,0.38283439912513717,1
14:44:41.961455,119,0.5370286449569804,2.0268409256777216,0.7025256316384283,-0.7655200204462744,12.879999712109566,1.0,5.214929910480817,1
14:44:41.961455,119,0.5163618292376587,1.922812315828505,0.6553178599699689,-0.6958000185841229,27.87999937683344,1.0,1.7719750278691162,1
14:44:41.961455,119,0.5095319942722724,1.9230637110911604,0.7689582136137498,-0.8349600223009475,42.11999905854464,1.0,1.144212490002663,1
14:44:41.961455,119,0.4957564445232998,1.8710723540804688,0.8022402794350492,-0.8349600223009475,43.75999902188778,1.0,3.320532907125729,1
14:44:41.961455,119,0.5140662857956988,2.0319173665654757,0.7011654034021304,-0.7655200204462744,10.239999771118164,1.0,5.619080031504099,1
14:44:41.961455,119,0.5008797532694581,1.9797957916145408,0.7344823610153577,-0.6958000185841229,22.879999488592148,1.0,2.220963786087064,1
14:44:41.961455,119,0.4877453414251393,1.927880230793848,0.7676676310490862,-0.8349600223009475,38.87999913096428,1.0,1.63101378201121,1
14:44:41.961455,119,0.4745588088988987,1.8757586558429131,0.8009845886623135,-0.8349600223009475,37.51999916136265,1.0,3.8445478763870056,1
14:44:41.961455,119,0.5083558475572538,1.859293676985477,0.9128151858118728,-0.8349600223009475,29.23999934643507,1.0,3.0562726338909676,1
14:44:41.961455,119,0.4910525204365228,2.0367717579774425,0.6998646731435492,-0.7655200204462744,8.239999815821648,0.8239999815821648,6.1315810121672465,1
14:44:41.961455,119,0.4659099144524972,1.9324860702781008,0.7664335000788132,-0.8349600223009475,35.23999921232462,1.0,2.2372647535333146,1
14:44:41.961455,119,0.4440278968787496,1.9368807689638297,0.765255944114994,-0.8349600223009475,31.75999929010868,1.0,2.96356433106251,1
14:44:41.961455,119,0.4334681762008074,1.9933344686651413,0.7308546834330638,-0.6958000185841229,16.99999962002039,1.0,4.249292259438258,1
14:44:41.961455,119,0.4221014768873211,1.9410638873848485,0.7641350809122383,-0.8349600223009475,28.359999366104603,1.0,3.8106055022498477,1
14:44:41.961455,119,0.4109079568977014,1.9974125261281677,0.7297619712291579,-0.6958000185841229,15.359999656677246,1.0,5.157025149499668,1
14:44:41.961455,119,0.4001328471018407,1.9450350072328189,0.7630710225559274,-0.8349600223009475,25.51999942958355,1.0,4.77917494036913,1
14:44:41.961455,119,0.3883066471431646,2.0012724683420813,0.7287277028301091,-0.6958000185841229,13.999999687075617,1.0,6.1820522745076545,1
14:44:41.961455,119,0.6259367416018564,1.8952221759873344,0.6627106156594724,-0.904680024163099,42.23999905586243,1.0,1.3273445159538253,1
14:44:41.961455,119,0.4784563237752189,1.9845256609716333,0.7332149963408201,-0.6958000185841229,20.87999953329563,1.0,2.782051389012717,1
14:44:41.961455,119,0.5169045049185939,1.8661815366112056,0.8035507700262661,-0.8349600223009475,50.99999886006117,1.0,2.92038118327172,1
14:44:41.961455,119,0.4559850490494533,1.989038703755333,0.7320057301715206,-0.6958000185841229,18.879999577999115,1.0,3.4579142731911388,1
14:44:41.961455,119,0.5383888775416759,1.9177182187516144,0.6566828191678877,-0.6958000185841229,33.7599992454052,1.0,1.4382275663097346,1
14:44:41.961455,119,0.5800301129023686,1.8502869827005208,0.8078097029106872,-0.8349600223009475,72.35999838262796,1.0,2.4597207868392204,1
14:44:41.961455,119,0.5312676943468646,1.918036992817975,0.7703051187156287,-0.8349600223009475,44.359999008476734,1.0,0.7763563358753743,1
14:44:41.961455,119,0.5704374731647005,1.8436619899950857,0.917003683717284,-0.8349600223009475,48.51999891549349,1.0,2.4774147069437173,1
14:44:41.961455,119,0.5479955360190195,1.9176471991964328,1.1976561750538992,-0.6263600167294499,32.51999927312136,1.0,1.7465283813618997,1
14:44:41.961455,119,0.536291309146173,1.9364772323018729,1.4379232934292734,-0.7655200204462744,35.999999195337296,1.0,6.048447089941359,1
14:44:41.961455,119,0.6055843501667413,2.010284493275105,0.7069619143302499,-0.6958000185841229,23.75999946892261,1.0,4.647381604655255,1
14:44:41.961455,119,0.6041382082267949,1.901163031173308,0.6611187683100406,-0.6958000185841229,42.11999905854464,1.0,1.1719101793897768,1
14:44:41.961455,119,0.5745775472838249,1.907354992199983,0.7731673521547684,-0.8349600223009475,43.63999902456999,1.0,0.39593477736678606,1
14:44:41.961455,119,0.5590434460375322,1.8557883312653185,0.8063356210054673,-0.8349600223009475,66.35999851673841,1.0,2.490224840881462,1
14:44:41.961455,119,0.5038527009502671,1.8244194772130196,1.4908571989674022,-0.7655200204462744,6.11999986320734,0.611999986320734,8.596414574470188,1
14:44:41.961455,119,0.5273688120779642,1.9228408533433548,1.1962645396194649,-0.6263600167294499,28.639999359846115,1.0,2.0246907126530282,1
14:44:41.961455,119,0.5161051359774899,1.9415599590735897,1.4365613808954438,-0.7655200204462744,31.119999304413795,1.0,6.402220450246071,1
14:44:41.961455,119,0.5827899651893439,2.016023948188193,0.7054240320212932,-0.6958000185841229,19.879999555647373,1.0,4.72949332539757,1
14:44:41.961455,119,0.5822792615370579,1.9068930351693711,0.6595834183666685,-0.6958000185841229,38.99999912828207,1.0,1.1384743946418867,1
14:44:41.961455,119,0.5529502680971186,1.9128005786419056,0.7717082116653413,-0.8349600223009475,44.99999899417162,1.0,0.5270354345932805,1
14:44:41.961455,119,0.5380008752964591,1.8610866925127751,0.804915929388003,-0.8349600223009475,58.75999868661165,1.0,2.6437098749176267,1
14:44:41.961455,119,0.5291033224617537,1.8542830923123224,0.914157767928652,-0.8349600223009475,35.11999921500683,1.0,2.7433479566890018,1
14:44:41.961455,119,0.5599373017036894,2.021542942954016,0.7039452218307594,-0.6958000185841229,16.119999639689922,1.0,4.918556522690663,1
14:44:41.961455,119,0.5497978874772904,1.8490723562924465,0.9155539804371498,-0.8349600223009475,41.879999063909054,1.0,2.550460019826487,1
14:44:41.961455,119,0.4958673527276021,1.946447451505188,1.435251781245384,-0.7655200204462744,26.359999410808086,1.0,6.84820098773116,1
14:44:42.021462,120,0.5867412102535697,1.89635589910814,0.8860504451249289,-0.7655200204462744,70.51999842375517,1.0,0.8178135635694732,1
14:44:42.021462,120,0.5961473691971846,1.901700778046291,0.7746823942710828,-0.7655200204462744,19.759999558329586,1.0,1.4113421848997412,1
14:44:42.021462,120,0.6102765834130195,1.940264023622273,0.721350396439266,-0.6263600167294499,9.63999978452921,0.963999978452921,3.875891025266385,1
14:44:42.021462,120,0.5389899532100757,1.854980874923961,1.3982718758688164,-0.6958000185841229,41.63999906927347,1.0,1.269722823378531,1
14:44:42.021462,120,0.5537547994125771,1.8787715581194775,1.2809341350839416,-0.6958000185841229,84.35999811440706,1.0,0.47440465802129356,1
14:44:42.021462,120,0.6079120246137087,1.890586119090436,0.8875964530211782,-0.7655200204462744,49.87999888509512,1.0,1.0871545131548865,1
14:44:42.021462,120,0.5968345476496378,1.8798366847781895,0.9963207551617412,-0.8349600223009475,136.639996945858,1.0,0.5676044298896556,1
14:44:42.021462,120,0.6176575768730772,1.895838501597505,0.7762531865113429,-0.7655200204462744,12.639999717473984,1.0,1.7307385637280288,1
14:44:42.021462,120,0.6542533911165086,1.9280491951264935,0.7246233498703949,-0.6263600167294499,8.51999980956316,0.851999980956316,4.687879480114233,1
14:44:42.021462,120,0.5719264127299668,1.854401032729275,0.9362958806794384,-0.6263600167294499,170.35999619215727,1.0,0.27760046814041334,1
14:44:42.021462,120,0.5584378052477041,1.8496806618020103,1.3996920636945558,-0.6958000185841229,43.87999901920557,1.0,1.3174472147504843,1
14:44:42.021462,120,0.5844971806615578,1.863777391037105,1.1021568154908967,-0.6958000185841229,132.2399970442057,1.0,0.3894455262879429,1
14:44:42.021462,120,0.5641417989536969,1.8693249374202003,1.100670354917572,-0.6958000185841229,147.23999670892954,1.0,0.22379802017442402,1
14:44:42.021462,120,0.5529502680971186,1.9128005786419056,0.7717082116653413,-0.7655200204462744,51.35999885201454,1.0,0.9873823385322136,1
14:44:42.021462,120,0.5881955378490016,1.946052247598248,0.7197994464992932,-0.6958000185841229,10.119999773800371,1.0,3.5710221548791297,1
14:44:42.021462,120,0.5745775472838249,1.907354992199983,0.7731673521547684,-0.7655200204462744,32.119999282062054,1.0,1.1633680756799902,1
14:44:42.021462,120,0.5655117222639776,1.9019208996885144,0.884559307713539,-0.7655200204462744,101.51999773085116,1.0,0.6195640101807249,1
14:44:42.021462,120,0.5512329541867462,1.8598255210098884,0.934842393425296,-0.7655200204462744,208.35999534279108,1.0,0.13352875154070154,1
14:44:42.021462,120,0.5437300035385793,1.8746755918206872,1.0992366513919838,-0.8349600223009475,154.51999654620886,1.0,0.1301825743978667,1
14:44:42.021462,120,0.5136294826019282,1.8890820420198289,1.2781714492492684,-0.6958000185841229,73.75999835133553,1.0,0.4749169191356236,1
14:44:42.021462,120,0.4999345036622736,1.8650164488655656,1.3955828519355804,-0.6958000185841229,32.239999279379845,1.0,1.3870613417739368,1
14:44:42.021462,120,0.5678405723886845,1.964310062059063,0.738631749743955,-0.6958000185841229,9.759999781847,0.9759999781847,4.172375433264756,1
14:44:42.021462,120,0.5442256835759453,1.907280564336161,0.8831231898995004,-0.7655200204462744,142.51999681442976,1.0,0.4929500361040941,1
14:44:42.021462,120,0.5304843728099303,1.8650498579437804,0.9334425365628714,-0.7655200204462744,243.8799945488572,1.0,0.06489694918412817,1
14:44:42.021462,120,0.5027453416735441,1.8847841041725464,1.0965280836706228,-0.7655200204462744,151.51999661326408,1.0,0.1610947278876794,1
14:44:42.021462,120,0.4934887759609015,1.893946090125276,1.2768681314874677,-0.7655200204462744,62.23999860882759,1.0,0.5807898853791289,1
14:44:42.021462,120,0.5737353970841352,1.8733261533643253,1.2823932268905454,-0.6958000185841229,78.87999823689461,1.0,0.5787564362522948,1
14:44:42.021462,120,0.5337188267250138,1.8840236960744443,1.2795268289603714,-0.6958000185841229,82.35999815911055,1.0,0.43963464095388033,1
14:44:42.021462,120,0.6047941131410446,1.858033507421392,1.1036958844671454,-0.6958000185841229,113.99999745190144,1.0,0.6267016777639652,1
14:44:42.021462,120,0.6653139488883901,1.8396296748352488,1.10862717654624,-0.6958000185841229,66.11999852210283,1.0,1.7649522352777196,1
14:44:42.021462,120,0.6290220482806956,1.8846121366085669,0.8891971768027926,-0.7655200204462744,36.51999918371439,1.0,1.4271198251027344,1
14:44:42.021462,120,0.4803308116643344,1.8697508061362336,1.3943142847282246,-0.7655200204462744,27.239999391138557,1.0,1.5530684081516344,1
14:44:42.021462,120,0.6899494259464011,1.8139933711915692,1.2339187363811135,-0.6958000185841229,29.23999934643507,1.0,2.863791720994609,1
14:44:42.021462,120,0.6735136310915063,1.8077185460539789,1.390021313198633,-0.6958000185841229,24.879999443888664,1.0,3.2090429138884535,1
14:44:42.021462,120,0.6998231276271771,1.8485182821291155,1.0047124958597935,-0.8349600223009475,48.99999890476465,1.0,2.713691151287799,1
14:44:42.021462,120,0.6853568491815282,1.8331063815868376,1.1103750877041432,-0.6958000185841229,54.9999987706542,1.0,2.285828980865038,1
14:44:42.021462,120,0.6704106596042972,1.8205634604939815,1.232158286258332,-0.6958000185841229,36.23999918997288,1.0,2.3250395373451633,1
14:44:42.021462,120,0.654440312133283,1.8141321244066144,1.3883028000584503,-0.6958000185841229,29.759999334812164,1.0,2.7347941756178153,1
14:44:42.021462,120,0.7128121119373898,1.8586864349366912,0.8961439476289819,-0.7655200204462744,18.35999958962202,1.0,3.486595555106227,1
14:44:42.021462,120,0.6793571686357198,1.8551792668248743,1.0029276903897686,-0.8349600223009475,58.87999868392944,1.0,2.1444399379429386,1
14:44:42.021462,120,0.6508048527579038,1.8269444944541469,1.23044849336183,-0.6958000185841229,45.2399989888072,1.0,1.8571448380863511,1
14:44:42.021462,120,0.6160992576282779,1.8264050030685168,1.3850142921321886,-0.6958000185841229,35.11999921500683,1.0,1.997036161398088,1
14:44:42.021462,120,0.7124832404462828,1.8693624399670368,0.6696397110425931,-0.6263600167294499,5.359999880194664,0.5359999880194664,4.516647220596055,1
14:44:42.021462,120,0.703059339080382,1.8703208081513607,0.783090631862942,-0.7655200204462744,6.239999860525131,0.6239999860525132,3.7140236410403022,1
14:44:42.021462,120,0.6175599008521269,1.8739715612276264,0.9978923102806234,-0.8349600223009475,109.23999755829573,1.0,0.8563427296051868,1
14:44:42.021462,120,0.6710512858866051,1.8720539741856488,0.8925621262824321,-0.7655200204462744,22.239999502897263,1.0,2.317442442069092,1
14:44:42.021462,120,0.6452045177577637,1.8459590456024304,1.1069312267605764,-0.6958000185841229,79.63999821990728,1.0,1.3147008964853535,1
14:44:42.021462,120,0.6311339659714793,1.833135834974015,1.2287895286694654,-0.6958000185841229,56.11999874562025,1.0,1.4601693118609895,1
14:44:42.021462,120,0.5971640402003402,1.838518033287169,1.4026830809905162,-0.6958000185841229,39.99999910593033,1.0,1.6238027186215733,1
14:44:42.021462,120,0.690948095001912,1.8761405491615348,0.6678235221577173,-0.6263600167294499,6.239999860525131,0.6239999860525132,3.8641579817112874,1
14:44:42.021462,120,0.6818090355453325,1.8770092643843992,0.7812984654166888,-0.7655200204462744,7.35999983549118,0.735999983549118,3.112999223035507,1
14:44:42.021462,120,0.6500691702698497,1.8784345490557783,0.8908524563987346,-0.7655200204462744,27.99999937415123,1.0,1.8373198375974291,1
14:44:42.021462,120,0.638223498581923,1.8679065427325936,0.9995174270884472,-0.8349600223009475,87.99999803304672,1.0,1.215580461554757,1
14:44:42.021462,120,0.6250305667159144,1.8520938609566104,1.10528740794071,-0.6958000185841229,95.879997856915,1.0,0.9352139541908987,1
14:44:42.021462,120,0.6113999663172223,1.839136862924721,1.2271815580763172,-0.6958000185841229,68.11999847739935,1.0,1.1342425671684837,1
14:44:42.021462,120,0.5778298139726676,1.844192864998052,1.4011625144164026,-0.6958000185841229,43.239999033510685,1.0,1.4355778276173385,1
14:44:42.021462,120,0.5597659386563344,1.7865404746799367,1.419883122825231,-0.6958000185841229,18.23999959230423,1.0,4.541594402962878,1
14:44:42.021462,120,0.671678064899832,1.895871494899511,0.6860263890507174,-0.6958000185841229,7.239999838173389,0.723999983817339,3.8100226185077597,1
14:44:42.021462,120,0.6604905516779487,1.8834921274530243,0.7795613874928091,-0.7655200204462744,8.879999801516533,0.8879999801516533,2.581933147566203,1
14:44:42.021462,120,0.6588232744965647,1.8616422357898608,1.0011959430748931,-0.8349600223009475,71.51999840140343,1.0,1.6450204029966102,1
14:44:42.021462,120,0.5194882026286922,1.8600929743470327,1.3969020929567766,-0.6958000185841229,37.35999916493893,1.0,1.292780806736369,1
14:44:42.021462,120,0.5312676943468646,1.918036992817975,0.7703051187156287,-0.7655200204462744,70.63999842107296,1.0,0.884030642167044,1
14:44:42.021462,120,0.5053516672115997,1.754993353509339,-0.1817576293233789,-0.0697200018621515,13.35999970138073,1.0,7.4740993499994275,1
14:44:42.021462,120,0.4941176832203394,1.7159797942054236,-0.1332570862938724,-0.0697200018621515,7.35999983549118,0.735999983549118,10.529078114469645,1
14:44:42.021462,120,0.4334681762008074,1.9933344686651413,0.7308546834330638,-0.6958000185841229,6.8799998462200165,0.6879999846220016,4.16826504536796,1
14:44:42.021462,120,0.4221014768873211,1.9410638873848485,0.7641350809122383,-0.7655200204462744,28.359999366104603,1.0,1.4849074583272357,1
14:44:42.021462,120,0.415441456585154,1.9350979276836449,0.8756695498549789,-0.7655200204462744,75.99999830126762,1.0,1.2777331959788378,1
14:44:42.021462,120,0.3838757926023652,1.8959746293391968,0.9251562690413526,-0.7655200204462744,126.63999716937542,1.0,1.7549567753486137,1
14:44:42.021462,120,0.3793208615212144,1.91936855385004,1.1091770433928834,-0.7655200204462744,59.63999866694212,1.0,2.031002528660557,1
14:44:42.021462,120,0.482728038674913,1.759765451701964,-0.1830363091802951,-0.0697200018621515,12.999999709427357,1.0,7.4836687991457005,1
14:44:42.021462,120,0.4719969786815247,1.720645808500084,-0.1345073410559987,-0.0697200018621515,7.519999831914902,0.7519999831914902,10.613787895138282,1
14:44:42.021462,120,0.4001328471018407,1.9450350072328189,0.7630710225559274,-0.7655200204462744,22.75999949127436,1.0,1.8353296249535915,1
14:44:42.021462,120,0.3721580682225715,1.9427058083291493,0.8736310243799037,-0.7655200204462744,59.35999867320061,1.0,2.1494330678164144,1
14:44:42.021462,120,0.3627613421512771,1.899580639765357,0.9241900414597648,-0.7655200204462744,100.7599977478385,1.0,2.316905641843555,1
14:44:42.021462,120,0.3584569474896517,1.9229317766629004,1.108222280717725,-0.7655200204462744,49.87999888509512,1.0,2.607400656995236,1
14:44:42.021462,120,0.437338231574326,1.7686529054770532,-0.1854176952420991,-0.0697200018621515,12.11999972909689,1.0,7.8145008253951955,1
14:44:42.021462,120,0.4306475472842559,1.7504417120843496,-0.1189670214112843,-0.0697200018621515,7.1199998408555984,0.7119999840855599,9.026513757806537,1
14:44:42.021462,120,0.3781242043668818,1.948793731399084,0.7620638754510054,-0.7655200204462744,18.759999580681324,1.0,2.2651015039682183,1
14:44:42.021462,120,0.350459467738563,1.946195812037125,0.8726958807047698,-0.7655200204462744,47.51999893784523,1.0,2.7045938399016967,1
14:44:42.021462,120,0.3440733353320172,1.934433048381728,0.9816917036244972,-0.7655200204462744,80.75999819487333,1.0,2.8108217765313888,1
14:44:42.021462,120,0.4145765919531081,1.7727673723215864,-0.1865201633103765,-0.0697200018621515,10.99999975413084,1.0,8.138091601121362,1
14:44:42.021462,120,0.4082341300082049,1.75449323314301,-0.1200526232070702,-0.0697200018621515,6.6399998515844345,0.6639999851584435,9.40436424993424,1
14:44:42.021462,120,0.3560777495282791,1.952339684014376,0.7611137403113388,-0.7655200204462744,15.87999964505434,1.0,2.7754903744832706,1
14:44:42.021462,120,0.3287258216013957,1.9494760523582328,0.8718169429597491,-0.7655200204462744,38.75999913364649,1.0,3.340996789583469,1
14:44:42.021462,120,0.3227357234147401,1.9376535156022507,0.9808287820335072,-0.7655200204462744,65.35999853909016,1.0,3.499150937241708,1
14:44:42.021462,120,0.3013658381955099,1.9406677197362203,0.9800211284699876,-0.7655200204462744,53.63999880105257,1.0,4.269826735600369,1
14:44:42.021462,120,0.2851620890404095,1.9554059517636715,0.8702280312028641,-0.7655200204462744,27.119999393820763,1.0,4.863066034344955,1
14:44:42.021462,120,0.2799658166449446,1.9434753593657492,0.9792688236986176,-0.7655200204462744,44.519999004900455,1.0,5.124227161750626,1
14:44:42.021462,120,0.2585377987472704,1.946076153729226,0.9785719429492444,-0.7655200204462744,37.239999167621136,1.0,6.063797929407638,1
14:44:42.021462,120,0.4001468437844202,1.9156039826261408,1.1101857572121765,-0.7655200204462744,71.75999839603901,1.0,1.5325751552552538,1
14:44:42.021462,120,0.4259874241429333,1.8881516907795437,0.92725241911085,-0.7655200204462744,159.11999644339085,1.0,0.8763230220954474,1
14:44:42.021462,120,0.3069593031574751,1.952546201271188,0.8709942990378796,-0.7655200204462744,32.239999279379845,1.0,4.06000829752868,1
14:44:42.021462,120,0.4440278968787496,1.9368807689638297,0.765255944114994,-0.7655200204462744,36.23999918997288,1.0,1.212643583781247,1
14:44:42.021462,120,0.4370219161611545,1.9309808115278064,0.8767727278040811,-0.7655200204462744,98.99999778717756,1.0,0.9588239657078711,1
14:44:42.021462,120,0.522885222775508,1.9124343570891065,0.8817422352933912,-0.7655200204462744,180.11999597400427,1.0,0.4385927095823263,1
14:44:42.021462,120,0.5096827434402736,1.8700735211016348,0.9320964500766784,-0.7655200204462744,264.75999408215284,1.0,0.07228999533627826,1
14:44:42.021462,120,0.4716613180070342,1.875767311069682,1.2173664590774846,-0.7655200204462744,50.87999886274338,1.0,0.8672319416087215,1
14:44:42.021462,120,0.5232530952080079,1.9748495686670289,0.7358076974597281,-0.6958000185841229,9.519999787211418,0.9519999787211418,3.8926292066586505,1
14:44:42.021462,120,0.5095319942722724,1.9230637110911604,0.7689582136137498,-0.7655200204462744,74.1199983432889,1.0,0.8540379057564256,1
14:44:42.021462,120,0.5014924738908668,1.917381762572393,0.8804165819895153,-0.7655200204462744,188.9999957755208,1.0,0.4571896785243614,1
14:44:42.021462,120,0.4888301462232856,1.8748960081213448,0.9308042685742376,-0.7655200204462744,261.239994160831,1.0,0.15636484849337332,1
14:44:42.021462,120,0.4615595883840104,1.8940988848227007,1.094032195717741,-0.7655200204462744,122.11999727040528,1.0,0.48697845013634833,1
14:44:42.021462,120,0.4514939457667162,1.880225845679311,1.2161717983294085,-0.7655200204462744,41.23999907821417,1.0,1.122478623653159,1
14:44:42.021462,120,0.5008797532694581,1.9797957916145408,0.7344823610153577,-0.6958000185841229,8.999999798834324,0.8999999798834324,3.8557078797580884,1
14:44:42.021462,120,0.5455741122754187,1.969687486747247,0.737190873141397,-0.6958000185841229,9.359999790787697,0.9359999790787696,3.998470093378656,1
14:44:42.021462,120,0.4821765736554761,1.8895409512811523,1.0952534903293536,-0.7655200204462744,139.35999688506126,1.0,0.28682159321190426,1
14:44:42.021462,120,0.4800495761789874,1.9221222860496168,0.8791463625520923,-0.7655200204462744,165.1199963092804,1.0,0.5495148238655175,1
14:44:42.021462,120,0.4877453414251393,1.927880230793848,0.7676676310490862,-0.7655200204462744,62.1199986115098,1.0,0.8982079406182714,1
14:44:42.021462,120,0.5161889764048043,1.711100347177343,-0.131949642403188,-0.0697200018621515,6.999999843537808,0.6999999843537809,10.549902668942323,1
14:44:42.021462,120,0.4469803941045404,1.8839355449333528,0.9283821319855086,-0.7655200204462744,196.99999559670687,1.0,0.557545919452812,1
14:44:42.021462,120,0.4585586739116761,1.926655453472403,0.8779317040020018,-0.7655200204462744,129.87999709695578,1.0,0.7164178718942008,1
14:44:42.021462,120,0.4659099144524972,1.9324860702781008,0.7664335000788132,-0.7655200204462744,47.63999893516302,1.0,1.0174230495216088,1
14:44:42.021462,120,0.4201892174214219,1.902616207983253,1.0917499858551962,-0.7655200204462744,86.35999806970358,1.0,1.113747426915114,1
14:44:42.021462,120,0.5601745054291796,1.7007031279776843,-0.12916371591511,-0.0697200018621515,6.359999857842922,0.6359999857842922,10.90458399493702,1
14:44:42.021462,120,0.4679286664012175,1.879516836758248,0.9295661212726168,-0.7655200204462744,234.7599947527051,1.0,0.31785016261664445,1
14:44:42.021462,120,0.4784563237752189,1.9845256609716333,0.7332149963408201,-0.6958000185841229,8.239999815821648,0.8239999815821648,3.888644924181537,1
14:44:42.021462,120,0.4408964475404014,1.898457449007657,1.092864321964223,-0.7655200204462744,103.63999768346548,1.0,0.7623393474395119,1
14:44:42.021462,120,0.4559850490494533,1.989038703755333,0.7320057301715206,-0.6958000185841229,7.519999831914902,0.7519999831914902,3.992462388368818,1
14:44:42.021462,120,0.4312814245100836,1.8844893587581597,1.2150293934430114,-0.7655200204462744,33.519999250769615,1.0,1.452976771985211,1
14:44:42.073264,121,0.6016942718009197,2.092454302075996,-0.3961924560497363,-0.6958000185841229,155.3599965274334,1.0,1.287397605384253,1
14:44:42.073264,121,0.6290220482806956,1.8846121366085669,0.8891971768027926,-0.5566400148672983,41.35999907553196,1.0,1.5830191288572886,1
14:44:42.073264,121,0.6693438553269182,1.88271030939336,0.6660631602091338,-0.4872000130126253,8.119999818503857,0.8119999818503857,1.5205656701414085,1
14:44:42.073264,121,0.6047941131410446,1.858033507421392,1.1036958844671454,-0.6958000185841229,178.75999600440264,1.0,2.7052779660304322,1
14:44:42.073264,121,0.5869998451302662,1.8033663975972711,1.1300669672941963,-0.6263600167294499,108.35999757796526,1.0,2.9986040499921263,1
14:44:42.073264,121,0.5658425779282147,1.722402312328229,1.1018388770073495,-0.6263600167294499,25.23999943584204,1.0,3.332774302032712,1
14:44:42.073264,121,0.6476726818271682,2.170391907780291,-0.8012027597105601,-0.4872000130126253,7.639999829232693,0.7639999829232693,4.391891895249685,1
14:44:42.073264,121,0.6391060193087567,2.141684482674461,-0.6913695413355855,-0.4872000130126253,17.23999961465597,1.0,3.420563464303399,1
14:44:42.073264,121,0.6079120246137087,2.1140771830507874,-0.5851796212553418,-0.5566400148672983,62.1199986115098,1.0,1.9738780861322467,1
14:44:42.073264,121,0.6604905516779487,1.8834921274530243,0.7795613874928091,-0.4872000130126253,14.999999664723871,1.0,1.456523254973889,1
14:44:42.073264,121,0.6225883811518231,1.912700617245512,1.0773248016400945,-0.6958000185841229,93.1199979186058,1.0,2.617629170083235,1
14:44:42.073264,121,0.5867412102535697,2.120050498869323,-0.5851796212553418,-0.5566400148672983,85.87999808043242,1.0,1.6175203280972728,1
14:44:42.073264,121,0.5673000895221957,1.9728449621697084,-0.3735452144364097,-0.6263600167294499,152.51999659091234,1.0,0.37458833133207947,1
14:44:42.073264,121,0.5468528616781999,1.901737604375461,-0.4217665031082274,-0.6263600167294499,31.239999301731583,1.0,0.41474524462491696,1
14:44:42.073264,121,0.6259367416018564,2.1767600078226854,-0.8012027597105601,-0.5566400148672983,6.8799998462200165,0.6879999846220016,3.633042920794337,1
14:44:42.073264,121,0.5961473691971846,2.1540374280509926,-0.6913695413355855,-0.4872000130126253,18.759999580681324,1.0,2.3172676864270674,1
14:44:42.073264,121,0.5807399935269363,2.098366522539071,-0.3961924560497363,-0.6958000185841229,242.23999458551407,1.0,1.1013635046334527,1
14:44:42.073264,121,0.5651401411189999,2.042000147889095,-0.3636997641307264,-0.6958000185841229,390.99999126046896,1.0,0.533447764307514,1
14:44:42.073264,121,0.5475436043804576,1.97841922696691,-0.3735452144364097,-0.6958000185841229,216.51999516040087,1.0,0.1810895054524662,1
14:44:42.073264,121,0.5278084606001712,1.9071109556447496,-0.4217665031082274,-0.6263600167294499,38.75999913364649,1.0,0.16625670743534168,1
14:44:42.073264,121,0.6041382082267949,2.182910433687989,-0.8012027597105601,-0.5566400148672983,5.999999865889549,0.5999999865889549,3.081140209965182,1
14:44:42.073264,121,0.542271424589173,1.745448916894808,1.4930377875578946,-0.6958000185841229,7.35999983549118,0.735999983549118,6.915334316386952,1
14:44:42.073264,121,0.5745775472838249,2.159891101283248,-0.6913695413355855,-0.4872000130126253,18.11999959498644,1.0,2.068168048096736,1
14:44:42.073264,121,0.5844971806615578,2.032649632122852,-0.384868835243073,-0.6958000185841229,265.9999940544367,1.0,0.7118266840562193,1
14:44:42.073264,121,0.5602141847093733,1.8285613700539936,1.5709035677972834,-0.6958000185841229,11.879999734461308,1.0,7.627137031352149,1
14:44:42.073264,121,0.6793571686357198,1.8551792668248743,1.0029276903897686,-0.5566400148672983,28.519999362528324,1.0,2.1323339163345647,1
14:44:42.073264,121,0.6213377404772403,1.824187808109009,1.047265118452714,-0.5566400148672983,124.1199972257018,1.0,2.1423607397099422,1
14:44:42.073264,121,0.5655117222639776,2.125811811414153,-0.5851796212553418,-0.5566400148672983,93.1199979186058,1.0,1.456856931963066,1
14:44:42.073264,121,0.7408037675150629,1.8942966363169655,0.9781562808471376,-0.6958000185841229,9.239999793469906,0.9239999793469906,3.3378404565057513,1
14:44:42.073264,121,0.7202191048921841,1.8416599477954727,1.0065501810059156,-0.5566400148672983,16.8799996227026,1.0,3.1148394369199632,1
14:44:42.073264,121,0.6996344422693055,1.78902325927398,1.0349440811646935,-0.6263600167294499,41.63999906927347,1.0,3.102559683704065,1
14:44:42.073264,121,0.735530660956777,1.80653600402623,0.7082248326890372,-0.6958000185841229,7.519999831914902,0.7519999831914902,4.733446836966774,1
14:44:42.073264,121,0.7198248505473844,1.9013509894696787,0.9762660726167444,-0.6958000185841229,11.359999746084211,1.0,2.6852503313264786,1
14:44:42.073264,121,0.6998231276271771,1.8485182821291155,1.0047124958597935,-0.5566400148672983,21.51999951899052,1.0,2.530203697842577,1
14:44:42.073264,121,0.6798214047069697,1.795685574788552,1.0331589191028427,-0.5566400148672983,52.23999883234501,1.0,2.583030456760863,1
14:44:42.073264,121,0.7339471381635277,1.862376659615108,0.6715115452463936,-0.4872000130126253,7.35999983549118,0.735999983549118,3.8592844043100096,1
14:44:42.073264,121,0.7147010737704779,1.8135401436709868,0.7063480791275496,-0.6958000185841229,8.759999804198742,0.8759999804198741,3.636301090608574,1
14:44:42.073264,121,0.6919662969369794,1.86547105005032,0.8943260154883288,-0.6958000185841229,14.6399996727705,1.0,2.17350560705032,1
14:44:42.073264,121,0.6599403855737183,1.802156181137268,1.031425125357165,-0.5566400148672983,67.35999849438667,1.0,2.240466697844159,1
14:44:42.073264,121,0.6419238878373156,1.7584905174477616,1.078518863009795,-0.6263600167294499,46.63999895751476,1.0,2.522620573989583,1
14:44:42.073264,121,0.7124832404462828,1.8693624399670368,0.6696397110425931,-0.4872000130126253,7.879999823868275,0.7879999823868274,2.8743889705404633,1
14:44:42.073264,121,0.6938000170755789,1.82034273810734,0.7045253294418925,-0.6958000185841229,10.519999764859676,1.0,2.734103866714651,1
14:44:42.073264,121,0.6710512858866051,1.8720539741856488,0.8925621262824321,-0.6958000185841229,19.759999558329586,1.0,1.7825536038542396,1
14:44:42.073264,121,0.6588232744965647,1.8616422357898608,1.0011959430748931,-0.5566400148672983,39.759999111294746,1.0,1.921516449958102,1
14:44:42.073264,121,0.64139249911521,1.818089238673534,1.0488992252079343,-0.5566400148672983,89.75999799370766,1.0,2.0991804982085247,1
14:44:42.073264,121,0.6225214324474407,1.764597370155753,1.076882536758393,-0.6263600167294499,59.99999865889549,1.0,2.429176496933178,1
14:44:42.073264,121,0.690948095001912,1.8761405491615348,0.6678235221577173,-0.4872000130126253,8.119999818503857,0.8119999818503857,2.094717252301049,1
14:44:42.073264,121,0.6818090355453325,1.8770092643843992,0.7812984654166888,-0.4872000130126253,12.519999720156193,1.0,1.8375035757623523,1
14:44:42.073264,121,0.6500691702698497,1.8784345490557783,0.8908524563987346,-0.6958000185841229,27.87999937683344,1.0,1.5856661427845382,1
14:44:42.073264,121,0.6396187555186105,1.8778591088941672,1.0192337281711157,-0.5566400148672983,58.87999868392944,1.0,1.9830254834053553,1
14:44:42.073264,121,0.6030567254358702,1.7705165073238502,1.0752965087343125,-0.6263600167294499,79.35999822616577,1.0,2.5042222567620867,1
14:44:42.073264,121,0.539612564360542,2.1132941052492358,-0.3744005479806013,-0.6958000185841229,265.7599940598011,1.0,1.3777623162566015,1
14:44:42.073264,121,0.5442256835759453,2.1313605445588477,-0.5851796212553418,-0.5566400148672983,76.359998293221,1.0,1.4916390679303781,1
14:44:42.073264,121,0.5078683534991711,1.988973698127838,-0.3735452144364097,-0.6958000185841229,292.6399934589863,1.0,0.3099041436346257,1
14:44:42.073264,121,0.4234855791141323,1.9458070079821557,-0.80988922296925,-0.6958000185841229,115.63999741524458,1.0,1.0344640816802382,1
14:44:42.073264,121,0.4104678692607544,1.8805478643318017,-0.805318894488555,-0.6958000185841229,115.23999742418528,1.0,1.0907535696552297,1
14:44:42.073264,121,0.3954635814154632,1.7906585616011703,-0.8548049034159666,-0.7655200204462744,52.51999882608652,1.0,1.6416057287031574,1
14:44:42.073264,121,0.4320232956914956,1.8845158582406147,-1.2013618966481063,-0.5566400148672983,16.99999962002039,1.0,1.604700185685165,1
14:44:42.073264,121,0.4158567624284961,2.031458188160381,-0.7730525519806107,-0.6958000185841229,28.359999366104603,1.0,2.157341945087105,1
14:44:42.073264,121,0.4039711138864255,1.9733968549470304,-0.7509578507095879,-0.6958000185841229,84.51999811083078,1.0,1.8466976390419432,1
14:44:42.073264,121,0.3901986678036762,1.884414818902023,-0.8063550418428135,-0.6958000185841229,83.3599981367588,1.0,1.549479139237734,1
14:44:42.073264,121,0.3759353025879782,1.7943841630867738,-0.8558031753253543,-0.7655200204462744,43.35999903082848,1.0,1.9428820738522674,1
14:44:42.073264,121,0.3945889594731028,2.043067266279709,-0.7533559342989151,-0.6958000185841229,22.359999500215054,1.0,3.2192724000504347,1
14:44:42.073264,121,0.3829460942384415,1.9771974048057777,-0.7519762049750335,-0.6958000185841229,63.999998569488525,1.0,2.6615294742685833,1
14:44:42.073264,121,0.3698904468067265,1.888085797941929,-0.807338677711988,-0.6958000185841229,62.35999860614538,1.0,2.1791823472189686,1
14:44:42.073264,121,0.3563694305451934,1.7979209527532516,-0.8567508552602856,-0.7655200204462744,35.11999921500683,1.0,2.404087366133164,1
14:44:42.073264,121,0.3622277741475734,1.9882748392298224,-0.7327889906607168,-0.6958000185841229,49.99999888241291,1.0,3.8430188921984767,1
14:44:42.073264,121,0.3500203374996384,1.8995849622225125,-0.7890154613145224,-0.6958000185841229,47.9999989271164,1.0,3.0798798047447264,1
14:44:42.073264,121,0.3367679218579206,1.8012685769245993,-0.8576478484535612,-0.7655200204462744,28.359999366104603,1.0,3.024814374340771,1
14:44:42.073264,121,0.3411081574401391,1.991671719165664,-0.7336991818963111,-0.6958000185841229,39.99999910593033,1.0,5.055066459178563,1
14:44:42.073264,121,0.3296124729034038,1.902867363922346,-0.7898949781992273,-0.6958000185841229,37.99999915063381,1.0,4.083585143958948,1
14:44:42.073264,121,0.31769395545984,1.8129423926473716,-0.8401496193963325,-0.7655200204462744,22.99999948590994,1.0,3.8484343870775133,1
14:44:42.073264,121,0.524189837430671,2.0528938105556005,-0.3636997641307264,-0.6958000185841229,502.1199887767434,1.0,0.73987506642388,1
14:44:42.073264,121,0.4359453827559366,2.003056592005819,-0.8337178045963252,-0.6958000185841229,37.35999916493893,1.0,1.1898774197591293,1
14:44:42.073264,121,0.4533137177911934,1.8802399732722916,-1.200216176723916,-0.5566400148672983,21.51999951899052,1.0,1.8354919837422314,1
14:44:42.073264,121,0.410689671624178,1.888585883162967,-1.2024524565392254,-0.6958000185841229,13.879999689757824,1.0,1.5640341056437261,1
14:44:42.073264,121,0.4149523142161262,1.7867445208534671,-0.8537561393584769,-0.7655200204462744,60.63999864459038,1.0,1.500609224115712,1
14:44:42.073264,121,0.5087112791182807,1.9122935974162536,-0.4217665031082274,-0.6958000185841229,47.51999893784523,1.0,0.07852567205869317,1
14:44:42.073264,121,0.4659099144524972,1.9324860702781008,-1.2335664999211868,-0.5566400148672983,5.239999882876873,0.5239999882876873,1.745676340144608,1
14:44:42.073264,121,0.5184529955921331,2.118584477017254,-0.3744005479806013,-0.6958000185841229,190.7599957361817,1.0,1.7893279735608656,1
14:44:42.073264,121,0.5060015964434343,2.067703604155384,-0.2999828182935919,-0.6958000185841229,484.9999891594052,1.0,1.3555285926712688,1
14:44:42.073264,121,0.4888170697257052,1.99748147821803,-0.3529989802808516,-0.6958000185841229,337.5199924558401,1.0,0.685895827715412,1
14:44:42.073264,121,0.4731617688293978,1.933508316245901,-0.3622215936297465,-0.6263600167294499,56.519998736679554,1.0,0.4640808691270019,1
14:44:42.073264,121,0.5312676943468646,2.1709499220821806,-0.6913695413355855,-0.4872000130126253,12.359999723732471,1.0,2.1738226692721767,1
14:44:42.073264,121,0.522885222775508,2.136696143434742,-0.5851796212553418,-0.5566400148672983,54.75999877601862,1.0,1.7215480532705207,1
14:44:42.073264,121,0.4995781031369775,2.133642011842574,-0.3088089205180691,-0.6958000185841229,118.51999735087156,1.0,2.7622110403280136,1
14:44:42.073264,121,0.4852996056117115,2.0726601513595,-0.2999828182935919,-0.6958000185841229,361.3599919229746,1.0,1.97891640514042,1
14:44:42.073264,121,0.468818147653169,1.842681149728421,-0.8591963619715974,-0.6958000185841229,306.6399931460619,1.0,1.0976883379551077,1
14:44:42.073264,121,0.4538033504586309,1.778352705979575,-0.8515075593399861,-0.7655200204462744,63.11999858915806,1.0,1.7005766629609753,1
14:44:42.073264,121,0.5529502680971186,2.1655287872149342,-0.6913695413355855,-0.4872000130126253,15.639999650418758,1.0,2.0204599160401684,1
14:44:42.073264,121,0.4306960242747967,1.8764853209234829,-0.8042303392630795,-0.6958000185841229,163.35999634861946,1.0,0.8033970788169881,1
14:44:42.073264,121,0.5014924738908668,1.917381762572393,-1.1195834180104849,-0.5566400148672983,38.6399991363287,1.0,2.013599869328207,1
14:44:42.073264,121,0.4782170604047747,1.98573672062098,-0.851779070381725,-0.6958000185841229,75.75999830663204,1.0,0.6243868544255902,1
14:44:42.073264,121,0.4645490852260119,1.928982157774492,-0.8274342777013615,-0.6958000185841229,243.63999455422163,1.0,0.5511185521427895,1
14:44:42.073264,121,0.4487723441586437,1.8471128083299064,-0.8603838213149959,-0.6958000185841229,231.8799948170781,1.0,0.947543943135946,1
14:44:42.073264,121,0.4343995521330151,1.7826424322444607,-0.8526569880284127,-0.7655200204462744,64.7599985525012,1.0,1.5201869523534,1
14:44:42.073264,121,0.4877453414251393,1.927880230793848,-1.2323323689509138,-0.5566400148672983,6.8799998462200165,0.6879999846220016,2.1811111331763824,1
14:44:42.073264,121,0.4800495761789874,1.9221222860496168,-1.1208536374479077,-0.5566400148672983,28.23999936878681,1.0,1.5412512466863402,1
14:44:42.073264,121,0.4574290881575917,1.9987418887763275,-0.832561683350403,-0.6958000185841229,51.759998843073845,1.0,0.8116677249337034,1
14:44:42.073264,121,0.4443552563338376,1.941615623767243,-0.8087661449536957,-0.6958000185841229,164.8799963146448,1.0,0.6861827987864386,1
14:44:42.073264,121,0.5095319942722724,1.9230637110911604,-1.2310417863862502,-0.5566400148672983,9.239999793469906,0.9239999793469906,2.8172283990970035,1
14:44:42.129110,122,0.5598274524898036,1.7235680611083346,1.4400292271685464,-0.6263600167294499,32.99999926239252,1.0,2.1842624032069207,1
14:44:42.129110,122,0.5763259346518065,1.7489773170877496,1.3287868250006662,-0.5566400148672983,46.23999896645546,1.0,1.0589417218384356,1
14:44:42.129110,122,0.6072380698003932,1.7373353362089166,1.159483011765711,-0.5566400148672983,56.87999872863293,1.0,0.9579657752187359,1
14:44:42.129110,122,0.6262212937790784,1.7916471909056737,1.1332071192631437,-0.4872000130126253,109.75999754667282,1.0,0.26978375108021996,1
14:44:42.129110,122,0.6140551305132619,1.744239020681753,1.3502562810200265,-0.5566400148672983,39.51999911665917,1.0,1.3278146745019734,1
14:44:42.129110,122,0.6641877417364488,1.900270900299188,1.0806553342580094,-0.5566400148672983,20.75999953597784,1.0,2.2142620762253884,1
14:44:42.129110,122,0.7040194410649125,1.76075158251578,0.6298280176552069,-0.4174800111504737,9.879999779164793,0.9879999779164793,2.119979034054173,1
14:44:42.129110,122,0.7229778615765987,1.8081665642206288,0.5929308879746245,-0.6958000185841229,8.119999818503857,0.8119999818503857,2.6195407119392695,1
14:44:42.129110,122,0.5411591586345355,1.6660930750189176,1.4587023002575614,-0.6263600167294499,5.359999880194664,0.5359999880194664,4.738735847336198,1
14:44:42.129110,122,0.5778968593633811,1.7180732289607308,1.4415015630050414,-0.6263600167294499,31.359999299049377,1.0,2.3187767551965375,1
14:44:42.129110,122,0.6452045177577637,1.8459590456024304,1.1069312267605764,-0.5566400148672983,101.23999773710966,1.0,0.6885491847490987,1
14:44:42.129110,122,0.701834754579082,1.81504793792953,0.5910870294465078,-0.6958000185841229,7.35999983549118,0.735999983549118,2.2673527276863776,1
14:44:42.129110,122,0.5576663783970551,1.7544541249154095,1.3273193187661445,-0.5566400148672983,51.759998843073845,1.0,0.986060802093857,1
14:44:42.129110,122,0.6434202321862164,1.9065862143491,1.0789631509583866,-0.5566400148672983,22.75999949127436,1.0,2.0494947518214106,1
14:44:42.129110,122,0.6261366616206229,1.861026684774176,1.1248097000966837,-0.5566400148672983,131.51999706029892,1.0,0.6905419516873963,1
14:44:42.129110,122,0.6066409012456124,1.79760150756412,1.1316116649230337,-0.5566400148672983,150.2399966418743,1.0,0.11439353363710764,1
14:44:42.129110,122,0.5882512357753105,1.74310915417163,1.157935921905357,-0.5566400148672983,77.35999827086926,1.0,0.8072659919144177,1
14:44:42.129110,122,0.5417020633400011,1.7288880843618215,1.4386037312340598,-0.6263600167294499,32.87999926507473,1.0,2.116772639361888,1
14:44:42.129110,122,0.659340113232884,1.8281963155069576,0.5875639322928565,-0.4872000130126253,6.239999860525131,0.6239999860525132,1.8073862980806936,1
14:44:42.129110,122,0.6517918624504995,1.8333405905622333,0.7010425653732648,-0.4174800111504737,7.999999821186066,0.7999999821186066,1.276276026894629,1
14:44:42.129110,122,0.6236901542054851,1.921907083282686,1.097418579849951,-0.5566400148672983,24.35999945551157,1.0,2.290441385260744,1
14:44:42.129110,122,0.6058643962960875,1.8669768424251936,1.1232153601592554,-0.5566400148672983,163.23999635130167,1.0,0.6035157709595204,1
14:44:42.129110,122,0.5869998451302662,1.8033663975972711,1.1300669672941963,-0.5566400148672983,205.63999540358785,1.0,0.03127479447943175,1
14:44:42.129110,122,0.6704159331867926,1.8139666604217723,0.6834407718072835,-0.4174800111504737,9.239999793469906,0.9239999793469906,1.3829103053711298,1
14:44:42.129110,122,0.6261641805272404,1.7313784112619683,1.1610791649946182,-0.5566400148672983,42.75999904423952,1.0,1.180320880401759,1
14:44:42.129110,122,0.8260015249452592,1.7164016747616928,0.6417115396223092,-0.6958000185841229,6.8799998462200165,0.6879999846220016,5.889019012319443,1
14:44:42.129110,122,0.6653139488883901,1.8396296748352488,1.10862717654624,-0.5566400148672983,77.23999827355146,1.0,0.9213951093229614,1
14:44:42.129110,122,0.5692055771194876,1.7486992877731509,1.1564380501212477,-0.5566400148672983,105.639997638762,1.0,0.7282323266726669,1
14:44:42.129110,122,0.7669877183548989,1.8657034657517104,1.0899176504294217,-0.5566400148672983,12.879999712109566,1.0,4.135920925153246,1
14:44:42.129110,122,0.8068062845406886,1.7786094635218692,0.6008506892374625,-0.6958000185841229,6.7599998489022255,0.6759999848902225,4.8434310952001995,1
14:44:42.129110,122,0.7856496577244291,1.731969548349391,0.6375401404666157,-0.6958000185841229,7.759999826550484,0.7759999826550483,4.309093821886635,1
14:44:42.129110,122,0.746572931292505,1.8730134631108115,1.087958942540377,-0.5566400148672983,13.999999687075617,1.0,3.605144175274448,1
14:44:42.129110,122,0.7209501893569649,1.791767289834156,1.0559521701426593,-0.5566400148672983,37.87999915331602,1.0,1.7529104444806127,1
14:44:42.129110,122,0.8482447803722956,1.7626223652981268,0.6051344192958314,-0.6958000185841229,5.999999865889549,0.5999999865889549,6.445129831804747,1
14:44:42.129110,122,0.7859649786735193,1.7863020219472343,0.5987894744196569,-0.6958000185841229,7.519999831914902,0.7519999831914902,4.1651112350147255,1
14:44:42.129110,122,0.7653548668498225,1.7394603872406054,0.6355329762350832,-0.6958000185841229,8.639999806880951,0.8639999806880951,3.640555913635797,1
14:44:42.129110,122,0.7260834875624611,1.8801259065634064,1.0860531690610422,-0.5566400148672983,15.239999659359457,1.0,3.147623284361744,1
14:44:42.129110,122,0.7053312143639408,1.8263898181810585,1.1121747854446342,-0.5566400148672983,47.11999894678593,1.0,1.6054003395735115,1
14:44:42.129110,122,0.6457390647078153,1.7855040430486089,1.134853170770429,-0.4872000130126253,81.75999817252159,1.0,0.49743445296526717,1
14:44:42.129110,122,0.6805342892539749,1.7457161268430457,1.0819417506561284,-0.5566400148672983,49.11999890208244,1.0,1.3533743649492707,1
14:44:42.129110,122,0.7650450769669649,1.7937928875516689,0.5967823030303383,-0.6958000185841229,8.119999818503857,0.8119999818503857,3.5683881643566293,1
14:44:42.129110,122,0.744983541129746,1.7467548222381395,0.6335784382682526,-0.6958000185841229,9.359999790787697,0.9359999790787696,3.052886375571302,1
14:44:42.129110,122,0.7055214360919744,1.887040084871112,1.0842005205671676,-0.5566400148672983,16.8799996227026,1.0,2.7633185092418753,1
14:44:42.129110,122,0.6853568491815282,1.8331063815868376,1.1103750877041432,-0.5566400148672983,59.75999866425991,1.0,1.2270080861333839,1
14:44:42.129110,122,0.6612621513762109,1.752196559880031,1.080205323857264,-0.5566400148672983,62.5199986025691,1.0,0.9771028876031694,1
14:44:42.129110,122,0.6450276753606358,1.7252389750182908,1.162724221978094,-0.5566400148672983,32.99999926239252,1.0,1.474330162315155,1
14:44:42.129110,122,0.6325538344348173,1.7382183116710346,1.3518695251373112,-0.5566400148672983,32.99999926239252,1.0,1.6062967077831471,1
14:44:42.129110,122,0.5959084770351846,1.7124041373976209,1.4430205915111949,-0.6263600167294499,28.519999362528324,1.0,2.5203061146545336,1
14:44:42.129110,122,0.7440486713936693,1.801081311254889,0.5948293757849648,-0.6958000185841229,8.359999813139439,0.8359999813139438,3.0532107435438895,1
14:44:42.129110,122,0.7245377176797041,1.7538521239046043,0.6316767220182831,-0.6958000185841229,9.879999779164793,0.9879999779164793,2.546038898017721,1
14:44:42.129110,122,0.684888833068965,1.8937553066218888,1.0824011823220512,-0.5566400148672983,18.759999580681324,1.0,2.4522028494748316,1
14:44:42.129110,122,0.6317511461457468,1.7005454610116162,1.4461981142721267,-0.6263600167294499,25.11999943852425,1.0,3.124414171773146,1
14:44:42.129110,122,0.5370865252736926,1.7383697942221998,1.2711592164006429,-0.5566400148672983,54.35999878495932,1.0,1.3639102314548919,1
14:44:42.129110,122,0.3961634195924978,1.7991498884090924,1.1635460709759171,-0.6263600167294499,36.63999918103218,1.0,3.088978525797048,1
14:44:42.129110,122,0.6379928283127352,1.8344620045487416,0.5858850459740861,-0.4872000130126253,4.999999888241291,0.4999999888241291,1.699621984392492,1
14:44:42.129110,122,0.4995781031369775,1.9810142933664816,1.1494863001874327,-0.6958000185841229,19.879999555647373,1.0,4.383867846252375,1
14:44:42.129110,122,0.4859592228064327,1.9326291765981545,1.1936417663080867,-0.6263600167294499,91.99999794363976,1.0,2.4661818552989336,1
14:44:42.129110,122,0.4710211080864454,1.8677751121143984,1.1981035541532212,-0.6263600167294499,158.99999644607306,1.0,1.195793632952614,1
14:44:42.129110,122,0.4546064305004908,1.7868222555418296,1.1668492502472876,-0.5566400148672983,91.5199979543686,1.0,1.6070300878327906,1
14:44:42.129110,122,0.4424641130359132,1.7545359308623152,1.2467208081190095,-0.5566400148672983,28.359999366104603,1.0,2.5712642611389747,1
14:44:42.129110,122,0.4782170604047747,1.98573672062098,1.148220929618275,-0.6958000185841229,17.999999597668648,1.0,4.797586034976013,1
14:44:42.129110,122,0.4651804984001909,1.9372228668819071,1.1924108907062765,-0.6263600167294499,70.75999841839075,1.0,2.879924717635528,1
14:44:42.129110,122,0.4508811100472492,1.8722275949280047,1.1969105149790018,-0.6263600167294499,114.9999974295497,1.0,1.6126390618991624,1
14:44:42.129110,122,0.43516829394631,1.7911195731864284,1.1656977874547974,-0.6263600167294499,66.23999851942062,1.0,2.0291466247763927,1
14:44:42.129110,122,0.4215642437339764,1.7351263380429505,1.1917793962245906,-0.5566400148672983,23.23999948054552,1.0,3.6996317975318327,1
14:44:42.129110,122,0.4443552563338376,1.941615623767243,1.1912338550463044,-0.6263600167294499,55.23999876528978,1.0,3.365359928026883,1
14:44:42.129110,122,0.4312814245100836,1.8844893587581597,1.2150293934430114,-0.6263600167294499,84.51999811083078,1.0,2.192807308298186,1
14:44:42.129110,122,0.4249557367614682,1.9693934124087125,1.2501148684854988,-0.6263600167294499,43.87999901920557,1.0,4.747185359405396,1
14:44:42.129110,122,0.411025775472328,1.8885574239584917,1.213939358657825,-0.6263600167294499,63.75999857485294,1.0,2.750501306915594,1
14:44:42.129110,122,0.4039711138864255,1.9733968549470304,1.2490421492904122,-0.6263600167294499,35.63999920338392,1.0,5.3675867390873115,1
14:44:42.129110,122,0.3907290242013827,1.8924296344771956,1.2129018029764154,-0.6263600167294499,49.359998896718025,1.0,3.379693352669574,1
14:44:42.129110,122,0.3766005822476233,1.8028820829623629,1.1625460324593726,-0.4872000130126253,28.23999936878681,1.0,3.7268982260247365,1
14:44:42.129110,122,0.3716790443672558,1.9190242517163647,1.2701484583414782,-0.6263600167294499,39.11999912559986,1.0,4.45165383917766,1
14:44:42.129110,122,0.5235225044377032,1.7340327667233228,1.437225217749981,-0.6263600167294499,30.999999307096004,1.0,2.1163255741353155,1
14:44:42.129110,122,0.4613388203414961,1.7501708616081202,1.247890424900577,-0.5566400148672983,34.51999922841787,1.0,2.2248260444990997,1
14:44:42.129110,122,0.4739991067924913,1.7823373979136674,1.1680509642269223,-0.5566400148672983,123.99999722838402,1.0,1.256659332968275,1
14:44:42.129110,122,0.4156866409273189,1.795228921119299,1.1645966909947665,-0.6263600167294499,48.63999891281128,1.0,2.52309694760383,1
14:44:42.129110,122,0.5060015964434343,1.9196070457867636,1.1750777759847018,-0.6263600167294499,119.7599973231554,1.0,1.8756098893241282,1
14:44:42.129110,122,0.630688965300587,1.839534548806418,0.6993828992637834,-0.4174800111504737,6.6399998515844345,0.6639999851584435,1.1731424531490768,1
14:44:42.129110,122,0.4911140044094549,1.863128317727216,1.1993486589566602,-0.6263600167294499,217.7599951326847,1.0,0.8504190207023162,1
14:44:42.129110,122,0.6136378530735034,1.7898014604490742,0.7345459818120057,-0.4872000130126253,6.11999986320734,0.611999986320734,0.7241131559509623,1
14:44:42.129110,122,0.6027590692743107,1.9278304274095277,1.095831424574672,-0.6958000185841229,24.99999944120645,1.0,2.272019629023061,1
14:44:42.129110,122,0.5855315450395163,1.872730890792423,1.1216735675460463,-0.5566400148672983,182.87999591231343,1.0,0.5889742000556474,1
14:44:42.129110,122,0.5683040208047218,1.8176313541753184,1.1475157105174212,-0.5566400148672983,266.5199940428138,1.0,0.022037174562415707,1
14:44:42.129110,122,0.5183822413287801,1.743467359290553,1.2697933279572124,-0.5566400148672983,52.999998815357685,1.0,1.4296009093981081,1
14:44:42.129110,122,0.5058216843416541,1.7555730561647855,1.490325032616444,-0.6263600167294499,27.99999937415123,1.0,1.958147974706328,1
14:44:42.129110,122,0.6095229997825361,1.8455243624234636,0.6977779335422833,-0.4174800111504737,5.239999882876873,0.5239999882876873,1.1495680955793288,1
14:44:42.129110,122,0.5930441240671075,1.795629335313703,0.7329844074484386,-0.4872000130126253,5.639999873936176,0.5639999873936177,0.7045192832260683,1
14:44:42.129110,122,0.581767708941201,1.9335512999907192,1.0942985213865404,-0.6958000185841229,24.63999944925308,1.0,2.3265021105801496,1
14:44:42.129110,122,0.5472517137779247,1.909433061139422,1.1778038869547636,-0.6263600167294499,177.75999602675438,1.0,1.4034161067624906,1
14:44:42.129110,122,0.5510764965699274,1.7625318175582136,1.1733578534887958,-0.5566400148672983,138.51999690383673,1.0,0.5712085525433624,1
14:44:42.129110,122,0.5318850054745978,1.7677621634461016,1.1719563865320008,-0.5566400148672983,160.6399964094162,1.0,0.6352849330837778,1
14:44:42.129110,122,0.5208891884774137,1.9760857738463116,1.1508068930127433,-0.6958000185841229,21.639999516308308,1.0,4.042397011626094,1
14:44:42.129110,122,0.5485125732967989,1.8230252089609744,1.146070431483514,-0.5566400148672983,300.11999329179525,1.0,0.08321289495624418,1
14:44:42.129110,122,0.4808200356659191,1.75311923365646,1.267207116015421,-0.5566400148672983,41.35999907553196,1.0,1.7704053844370236,1
14:44:42.129110,122,0.4933443835709293,1.7776654487839467,1.1693028092233102,-0.5566400148672983,153.75999656319618,1.0,0.9779558829399666,1
14:44:42.129110,122,0.5516808195936435,1.8066868975251955,0.7300215425836125,-0.4872000130126253,6.239999860525131,0.6239999860525132,0.9021351287837268,1
14:44:42.129110,122,0.5266529875394413,1.9146196656751464,1.176414140457957,-0.6263600167294499,151.75999660789967,1.0,1.6036470732036818,1
14:44:42.129110,122,0.5087671105008001,1.8332380866861264,1.1433338991446618,-0.6263600167294499,277.1199938058853,1.0,0.42185097552858974,1
14:44:42.129110,122,0.539612564360542,1.9443833624904847,1.091396078987365,-0.6958000185841229,23.35999947786331,1.0,2.654392524175695,1
14:44:42.129110,122,0.5723910911451578,1.8012580019597262,0.7314762107661728,-0.4872000130126253,5.999999865889549,0.5999999865889549,0.7638440360252696,1
14:44:42.129110,122,0.4875200290548783,1.7603705681133848,1.489039543164138,-0.6263600167294499,24.51999945193529,1.0,2.0906509617043487,1
14:44:42.129110,122,0.4996261195940357,1.7483840029887232,1.2684759172488165,-0.5566400148672983,48.119998924434185,1.0,1.5650838101918663,1
14:44:42.189063,123,0.74881689900337,1.7222779370739076,0.5016546601178333,-0.6263600167294499,15.119999662041664,1.0,2.136429209215187,1
14:44:42.189063,123,0.7538212509349331,1.7057115070368285,0.3868585255896626,-0.7655200204462744,5.879999868571758,0.5879999868571758,2.682200116455145,1
14:44:42.189063,123,0.7049493395462392,1.7064355191442,0.6686702878795114,-0.6263600167294499,18.639999583363533,1.0,0.91555655550956,1
14:44:42.189063,123,0.5930637895941552,1.6439941925612391,1.4456706704100677,-0.6263600167294499,31.63999929279089,1.0,6.169199439786058,1
14:44:42.189063,123,0.7216076436485819,1.7402393573230035,0.6128770213914709,-0.6263600167294499,21.119999527931213,1.0,1.6139221219302464,1
14:44:42.189063,123,0.6121410640123672,1.6821252972765484,1.3727849601041813,-0.6263600167294499,96.75999783724546,1.0,2.6957310566385546,1
14:44:42.189063,123,0.7248423960233314,1.69953009793527,0.6705205899158411,-0.6263600167294499,17.359999611973763,1.0,1.1988556924644196,1
14:44:42.189063,123,0.6492054852188287,1.7576977757238448,1.2367361409429043,-0.6263600167294499,119.8799973204732,1.0,1.2544889989565933,1
14:44:42.189063,123,0.666369429934762,1.787810067487506,1.1555063002026775,-0.6263600167294499,87.87999803572893,1.0,2.631263741227856,1
14:44:42.189063,123,0.7153932282834241,1.702038703284086,0.7798990834056592,-0.6263600167294499,10.119999773800371,1.0,0.8906402168617809,1
14:44:42.189063,123,0.7419707829610364,1.7331707575705957,0.6147710469867476,-0.6263600167294499,19.879999555647373,1.0,1.7990282858828532,1
14:44:42.189063,123,0.7692930466121649,1.7149459681198662,0.5036192552779988,-0.6263600167294499,14.999999664723871,1.0,2.422895892482931,1
14:44:42.189063,123,0.6760561984415763,1.7154795203863618,0.77629762731749,-0.6263600167294499,10.99999975413084,1.0,0.399272805946307,1
14:44:42.189063,123,0.7949697880362798,1.6907508360382046,0.3908672253019716,-0.7655200204462744,6.11999986320734,0.611999986320734,3.4253021929812153,1
14:44:42.189063,123,0.6319513759942075,1.7314694104713368,1.3334780544396936,-0.6263600167294499,129.35999710857868,1.0,1.1720034564680584,1
14:44:42.189063,123,0.6599403855737183,1.802156181137268,1.031425125357165,-0.4174800111504737,17.359999611973763,1.0,3.2165505176986837,1
14:44:42.189063,123,0.639993372954808,1.808434431264914,1.0297428733055811,-0.6263600167294499,20.51999954134226,1.0,3.312242994668156,1
14:44:42.189063,123,0.6302198125352645,1.7638769767686968,1.235080429013067,-0.6263600167294499,155.8799965158105,1.0,1.1780279530684907,1
14:44:42.189063,123,0.6089739037257842,1.6202332883762998,1.3952542309657825,-0.6263600167294499,28.11999937146902,1.0,8.13594829684286,1
14:44:42.189063,123,0.5408613001407987,1.6604247374420933,1.4412681191780394,-0.6263600167294499,34.35999923199415,1.0,5.384300538173264,1
14:44:42.189063,123,0.5595193188121406,1.7177041836614622,1.421993621516742,-0.6263600167294499,107.63999759405851,1.0,1.770290972541067,1
14:44:42.189063,123,0.5768753636697069,1.7557429091065817,1.3471738234067758,-0.6263600167294499,168.63999623060226,1.0,1.0944695177856267,1
14:44:42.189063,123,0.6111711183984455,1.7698724844008822,1.2334739375848085,-0.6263600167294499,190.11999575048685,1.0,1.1636151800210421,1
14:44:42.189063,123,0.6262212937790784,1.7916471909056737,1.1332071192631437,-0.6263600167294499,136.87999694049358,1.0,2.0783590265186427,1
14:44:42.189063,123,0.8823221851030216,1.678235196490118,0.6294909862140121,-0.6263600167294499,5.759999871253967,0.5759999871253967,5.35577230967406,1
14:44:42.189063,123,0.6562852907836103,1.7219142891350896,0.7745734362277872,-0.6263600167294499,11.639999739825726,1.0,0.2679327041191873,1
14:44:42.189063,123,0.6849857887257992,1.7131484461216262,0.6668715645170611,-0.4872000130126253,18.23999959230423,1.0,0.7114823278225699,1
14:44:42.189063,123,0.7011723441763261,1.7471109141093162,0.6110357932998338,-0.6263600167294499,18.519999586045746,1.0,1.5039401930582699,1
14:44:42.189063,123,0.707642015683807,1.7363467185281962,0.4978849414886666,-0.6263600167294499,13.119999706745148,1.0,1.8022513969239298,1
14:44:42.189063,123,0.7331328795030855,1.7128930037077,0.3849342493562557,-0.7655200204462744,5.359999880194664,0.5359999880194664,2.4381995982811926,1
14:44:42.189063,123,0.5583185413870987,1.6551160623383792,1.442690574384959,-0.6263600167294499,33.99999924004078,1.0,5.572823948922498,1
14:44:42.189063,123,0.5942393208168518,1.6879517155500587,1.371223776033028,-0.6263600167294499,111.11999751627444,1.0,2.441973063929732,1
14:44:42.189063,123,0.613470290652623,1.7374843852239346,1.3318663468122414,-0.6263600167294499,160.6399964094162,1.0,1.0272767078153258,1
14:44:42.189063,123,0.6468818067228136,1.7941526366300369,1.153806813922998,-0.6263600167294499,110.1199975386262,1.0,2.63457493143726,1
14:44:42.189063,123,0.6299815936143339,1.6761262556464396,1.3743923984643294,-0.6263600167294499,75.23999831825495,1.0,3.020866370332036,1
14:44:42.189063,123,0.7254647992145529,1.7387978598920495,1.2625559147291825,-0.6263600167294499,42.51999904960394,1.0,2.4777892655966127,1
14:44:42.189063,123,0.6690343522866311,1.7590041161099177,1.2571416646935485,-0.6263600167294499,90.75999797135592,1.0,1.7236899675825388,1
14:44:42.189063,123,0.8226611251857269,1.7029403600449295,0.6228712575906217,-0.6263600167294499,10.359999768435957,1.0,3.3267211285475615,1
14:44:42.189063,123,0.8302517657552412,1.6917686056411132,0.5098296108368641,-0.6263600167294499,9.119999796152117,0.9119999796152116,3.7824090509084085,1
14:44:42.189063,123,0.6831180921551301,1.6570994755571893,1.3794906088238088,-0.6263600167294499,31.5199992954731,1.0,4.437059979034622,1
14:44:42.189063,123,0.7052253862440613,1.705633694815745,1.3404007135854896,-0.6263600167294499,39.11999912559986,1.0,2.4205596561998544,1
14:44:42.189063,123,0.823180895991842,1.6621404169933611,0.6805391247294827,-0.6263600167294499,9.63999978452921,0.963999978452921,3.8643205192365095,1
14:44:42.189063,123,0.8426330706764764,1.6948975398403257,0.6250263247693137,-0.6263600167294499,8.359999813139439,0.8359999813139438,3.9153344096028513,1
14:44:42.189063,123,0.8036700026316077,1.6699975687866229,0.6784338072516696,-0.6263600167294499,11.239999748766422,1.0,3.1584585055318684,1
14:44:42.189063,123,0.8704791763280885,1.6753402589878492,0.5142315730555846,-0.4174800111504737,7.519999831914902,0.7519999831914902,5.126348768153818,1
14:44:42.189063,123,0.7233721467612632,1.698734041210243,1.3422494701971384,-0.6263600167294499,30.51999931782484,1.0,2.9072600171120118,1
14:44:42.189063,123,0.8426094719521388,1.654095200441701,0.6826948340074337,-0.6263600167294499,8.359999813139439,0.8359999813139438,4.660633784064013,1
14:44:42.189063,123,0.8625207535661171,1.6866622108133875,0.6272329745314864,-0.6263600167294499,6.8799998462200165,0.6879999846220016,4.590913939808699,1
14:44:42.189063,123,0.8904633143828493,1.6668354891528097,0.5165104192646961,-0.4174800111504737,6.239999860525131,0.6239999860525132,5.936364377268658,1
14:44:42.189063,123,0.8523252795367823,1.6921968271867058,0.7385222670929825,-0.6263600167294499,7.239999838173389,0.723999983817339,4.206836848286052,1
14:44:42.189063,123,0.6869473974268745,1.7430821241620855,0.4960801949883699,-0.6263600167294499,10.119999773800371,1.0,1.7511296578254938,1
14:44:42.189063,123,0.7006959908880848,1.6504161112038096,1.3812814109050198,-0.6263600167294499,24.35999945551157,1.0,5.060603042184048,1
14:44:42.189063,123,0.7067246950953805,1.745714861482687,1.2607025097389264,-0.6263600167294499,53.75999879837036,1.0,2.16047244065427,1
14:44:42.189063,123,0.6870081037790735,1.712357722120294,1.3385990158993508,-0.6263600167294499,51.63999884575605,1.0,2.005194247679337,1
14:44:42.189063,123,0.6654718821852769,1.6636127191151753,1.3777453904723391,-0.6263600167294499,41.63999906927347,1.0,3.8902032401328928,1
14:44:42.189063,123,0.6857904167620017,1.7812795826267,1.157256138347314,-0.6263600167294499,70.51999842375517,1.0,2.688054320617391,1
14:44:42.189063,123,0.7349554167972782,1.6950339990009875,0.781775988261534,-0.6263600167294499,9.359999790787697,0.9359999790787696,1.2537618283260712,1
14:44:42.189063,123,0.744662968868095,1.6924328730311728,0.672422285597396,-0.6263600167294499,15.359999656677246,1.0,1.5630167245876292,1
14:44:42.189063,123,0.7622597258168183,1.7259058217061456,0.6167176806846908,-0.6263600167294499,16.519999630749226,1.0,2.0609851244180555,1
14:44:42.189063,123,0.789692265560813,1.70741658466403,0.5056367474944943,-0.6263600167294499,13.23999970406294,1.0,2.791391831127756,1
14:44:42.189063,123,0.815425838886543,1.6829731577650189,0.3929512479142607,-0.7655200204462744,6.11999986320734,0.611999986320734,3.9282649477131084,1
14:44:42.189063,123,0.6261586169814773,1.6142680067956696,1.3968526233479368,-0.6263600167294499,24.23999945819378,1.0,8.660196589904256,1
14:44:42.189063,123,0.647759125584738,1.669955190558869,1.376045930370984,-0.6263600167294499,55.99999874830246,1.0,3.418593704470653,1
14:44:42.189063,123,0.6687221210792839,1.7189054507267925,1.3368445573069814,-0.6263600167294499,69.87999843806028,1.0,1.659613270921389,1
14:44:42.189063,123,0.6879139190987933,1.752450504741537,1.2588976995672132,-0.6263600167294499,69.2399984523654,1.0,1.9096285364910415,1
14:44:42.189063,123,0.705142825122121,1.7745618350906325,1.1590561533745596,-0.6263600167294499,57.2399987205863,1.0,2.80641896745286,1
14:44:42.189063,123,0.7644090760398511,1.685144554148451,0.6743751847562018,-0.6263600167294499,13.23999970406294,1.0,2.0097714902870765,1
14:44:42.189063,123,0.7824724433386405,1.7184452762171527,0.6187167278235619,-0.6263600167294499,13.119999706745148,1.0,2.4016192531270626,1
14:44:42.189063,123,0.8100125159445097,1.6996905396384354,0.5077069350197889,-0.6263600167294499,10.99999975413084,1.0,3.2438764420860724,1
14:44:42.189063,123,0.8358003478360819,1.6749982813918578,0.3950881095981873,-0.7655200204462744,5.759999871253967,0.5759999871253967,4.521578537786517,1
14:44:42.189063,123,0.6503692667276421,1.7252762258678658,1.3351375132527703,-0.6263600167294499,95.879997856915,1.0,1.3823462407462839,1
14:44:42.189063,123,0.6806669280570955,1.7537847407796123,0.6092475468331027,-0.6263600167294499,13.759999692440031,1.0,1.4674571064533846,1
14:44:42.189063,123,0.6600934458153224,1.7602601699568154,0.6075124608144262,-0.6263600167294499,9.359999790787697,0.9359999790787696,1.5029493330628787,1
14:44:42.189063,123,0.6364487551464022,1.7281577670320396,0.7729005013673378,-0.6263600167294499,12.11999972909689,1.0,0.21091489207125141,1
14:44:42.189063,123,0.4546064305004908,1.7868222555418296,1.1668492502472876,-0.5566400148672983,54.239998787641525,1.0,2.1781055978613852,1
14:44:42.189063,123,0.4840124845311833,1.7926050199400627,1.0482742932639306,-0.5566400148672983,97.63999781757592,1.0,1.945834525111146,1
14:44:42.189063,123,0.4881781260620526,1.7624706241976669,0.8700420726475411,-0.6958000185841229,52.999998815357685,1.0,1.4774231104617377,1
14:44:42.189063,123,0.5084485106023834,1.7109448810134753,0.6917503329161117,-0.6958000185841229,21.51999951899052,1.0,2.374059592226084,1
14:44:42.189063,123,0.4502990075494013,1.7528480620481413,1.4321836745623426,-0.6263600167294499,22.239999502897263,1.0,2.598170089124521,1
14:44:42.189063,123,0.4640115496031345,1.7859145470197972,1.3390893573936054,-0.5566400148672983,33.87999924272299,1.0,2.308821511842864,1
14:44:42.189063,123,0.4450274932024914,1.7903049049507964,1.3379129645315109,-0.5566400148672983,26.6399994045496,1.0,2.7124444662528626,1
14:44:42.189063,123,0.4739991067924913,1.7823373979136674,1.1680509642269223,-0.5566400148672983,69.87999843806028,1.0,1.7451317459533051,1
14:44:42.189063,123,0.5081020896951403,1.757658920254514,0.8713313648333265,-0.6958000185841229,54.35999878495932,1.0,1.0706959952009494,1
14:44:42.189063,123,0.5283352138473332,1.7059375585190308,0.6930920409347403,-0.6958000185841229,20.75999953597784,1.0,2.0626586637088327,1
14:44:42.189063,123,0.5434356215634849,1.7546951502842043,0.6557391586885233,-0.4872000130126253,6.11999986320734,0.611999986320734,1.3840321020355253,1
14:44:42.189063,123,0.4686770146158001,1.748409711793284,1.433372926928858,-0.6263600167294499,28.519999362528324,1.0,2.3020013588847474,1
14:44:42.189063,123,0.4829492052375665,1.7813410397614855,1.340314824970048,-0.5566400148672983,44.23999901115894,1.0,1.961630396513626,1
14:44:42.189063,123,0.4933443835709293,1.7776654487839467,1.1693028092233102,-0.5566400148672983,91.5199979543686,1.0,1.3711879447891113,1
14:44:42.189063,123,0.5037664362650508,1.787834374439945,1.0495525838730624,-0.5566400148672983,122.75999725610018,1.0,1.5381303519202678,1
14:44:42.189063,123,0.4885109629323519,1.715759865547043,0.6904601616987738,-0.6958000185841229,21.51999951899052,1.0,2.760943289583891,1
14:44:42.189063,123,0.4682053450253548,1.7670896400590823,0.8688044110776483,-0.6958000185841229,49.23999889940024,1.0,1.949849074869604,1
14:44:42.189063,123,0.4642101319543687,1.7971846215727842,1.0470471927047869,-0.5566400148672983,77.51999826729298,1.0,2.4125571487149737,1
14:44:42.189063,123,0.6649537399003684,1.7196682075804754,0.6651245996993189,-0.4872000130126253,16.119999639689922,1.0,0.5850917058115587,1
14:44:42.189063,123,0.3827578482418654,1.7368492568884455,0.7924087653650567,-0.6958000185841229,29.999999329447743,1.0,5.38978741444322,1
14:44:42.189063,123,0.3845563860299872,1.8135837178148737,1.0426530681101185,-0.6958000185841229,41.51999907195568,1.0,4.860870929349701,1
14:44:42.189063,123,0.4045324943645486,1.809772679497299,1.0436742327496369,-0.6958000185841229,50.519998870790005,1.0,4.162218519288639,1
14:44:42.189063,123,0.4281213244685856,1.7757477792606742,0.8664844696706255,-0.6958000185841229,39.11999912559986,1.0,3.089822915056593,1
14:44:42.189063,123,0.4484913141543251,1.724810914035654,0.6880349405655957,-0.6958000185841229,19.759999558329586,1.0,3.758806847309798,1
14:44:42.189063,123,0.4244681497885909,1.8057688805607557,1.0447470474413405,-0.6958000185841229,62.1199986115098,1.0,3.5211162931303592,1
14:44:42.189063,123,0.4481857438464173,1.7715155059410448,0.867618503888768,-0.6958000185841229,44.23999901115894,1.0,2.4874563379030348,1
14:44:42.189063,123,0.468524564575302,1.7203820306253146,0.6892216562987676,-0.6958000185841229,20.75999953597784,1.0,3.2226980829246807,1
14:44:42.189063,123,0.43516829394631,1.7911195731864284,1.1656977874547974,-0.5566400148672983,42.9999990388751,1.0,2.6696228184086146,1
14:44:42.189063,123,0.5246143995454307,1.792304345222911,1.0694584751644387,-0.5566400148672983,151.23999661952257,1.0,1.5603601782299175,1
14:44:42.189063,123,0.5279752435449466,1.752655009395988,0.872672158706866,-0.6958000185841229,52.23999883234501,1.0,0.7302806057532039,1
14:44:42.189063,123,0.4026405300023156,1.7330560424757004,0.7934251541036699,-0.6958000185841229,34.35999923199415,1.0,4.66005805959677,1
14:44:42.189063,123,0.5638363657866315,1.7493473927924772,0.6571720859897492,-0.4872000130126253,6.11999986320734,0.611999986320734,1.0712386215703442,1
14:44:42.189063,123,0.5232343533048598,1.7281631294155997,1.4191911554482397,-0.6263600167294499,67.63999848812819,1.0,1.7941031548008777,1
14:44:42.189063,123,0.5394648543825676,1.7665262867892844,1.3442844260650155,-0.6263600167294499,111.11999751627444,1.0,1.2645952686936477,1
14:44:42.189063,123,0.5728922912904704,1.781310039673433,1.230409253886142,-0.6263600167294499,190.87999573349956,1.0,1.316168583777347,1
14:44:42.189063,123,0.5869998451302662,1.8033663975972711,1.1300669672941963,-0.6263600167294499,186.3599958345294,1.0,2.3436186724702024,1
14:44:42.189063,123,0.59406486470793,1.779876964601545,0.9509287779601552,-0.5566400148672983,31.5199992954731,1.0,1.0132121372871952,1
14:44:42.189063,123,0.6143368247656303,1.7219128286624636,0.7530132553031612,-0.4872000130126253,12.23999972641468,1.0,0.31021337197972426,1
14:44:42.189063,123,0.5057863117355794,1.6705349138175831,1.4385591055828906,-0.6263600167294499,29.519999340176582,1.0,5.2220020645804475,1
14:44:42.189063,123,0.6246921676363588,1.7321256454412952,0.6617866392847513,-0.4872000130126253,13.119999706745148,1.0,0.5596790974118088,1
14:44:42.189063,123,0.5233499732176184,1.6655645259266756,1.4398909170043286,-0.6263600167294499,32.75999926775694,1.0,5.26764124172934,1
14:44:42.189063,123,0.5414039060270072,1.7230212787299823,1.4205689101870522,-0.6263600167294499,89.11999800801277,1.0,1.7501141583865771,1
14:44:42.189063,123,0.5920613076618264,1.7756836990746605,1.2319168273059256,-0.6263600167294499,205.51999540627003,1.0,1.2100370748546974,1
14:44:42.189063,123,0.6066409012456124,1.79760150756412,1.1316116649230337,-0.6263600167294499,164.8799963146448,1.0,2.1821063127287044,1
14:44:42.189063,123,0.6139423168753914,1.7740426894377417,0.9524920672787172,-0.4174800111504737,25.11999943852425,1.0,0.8725655876245956,1
14:44:42.189063,123,0.5481690840135378,1.7007383987917637,0.6944851515849819,-0.6958000185841229,18.999999575316902,1.0,1.8274464344555654,1
14:44:42.189063,123,0.6661840850057242,1.749617301702148,0.4943290994441163,-0.6263600167294499,7.239999838173389,0.723999983817339,1.7752176725774653,1
14:44:42.189063,123,0.6453541547342032,1.755951597636104,0.4926318299639929,-0.6263600167294499,4.999999888241291,0.4999999888241291,1.8730694031880473,1
14:44:42.189063,123,0.5581980186932426,1.7612249381414875,1.3457049181539888,-0.6263600167294499,145.8799967393279,1.0,1.1495081797975581,1
14:44:42.189063,123,0.6044666703212752,1.7380620761099164,0.660195977481171,-0.4872000130126253,9.879999779164793,0.9879999779164793,0.6580596675273447,1
14:44:42.189063,123,0.6187505188889237,1.7726132655863098,0.6042024588164787,-0.6263600167294499,6.239999860525131,0.6239999860525132,1.784279453540766,1
14:44:42.189063,123,0.4870081543733952,1.743794068500054,1.4346096848218293,-0.6263600167294499,37.35999916493893,1.0,2.066130982803385,1
14:44:42.189063,123,0.50183856635609,1.7765848405227564,1.341589244715107,-0.5566400148672983,59.239998675882816,1.0,1.6714227932794692,1
14:44:42.189063,123,0.5475436043804576,1.8143256108511443,1.127130454953141,-0.5566400148672983,177.5199960321188,1.0,2.8356628011330045,1
14:44:42.189063,123,0.5477956003127367,1.747459392008982,0.8740643201898952,-0.5566400148672983,46.75999895483256,1.0,0.4568848547676353,1
14:44:42.189063,123,0.5679481377305977,1.695347921743291,0.6959295255569387,-0.6958000185841229,16.359999634325504,1.0,1.669222751955859,1
14:44:42.189063,123,0.5841807268455821,1.7438028499178344,0.6586577417754096,-0.4872000130126253,7.35999983549118,0.735999983549118,0.8289302560287632,1
14:44:42.189063,123,0.5318850054745978,1.7677621634461016,1.1719563865320008,-0.5566400148672983,120.87999729812144,1.0,0.802787749098586,1
14:44:42.189063,123,0.5050124775857481,1.733129221537553,1.4178604950746236,-0.6263600167294499,50.1199988797307,1.0,1.9014231326040703,1
14:44:42.189063,123,0.5944465997178798,1.7277508528227492,0.7514489614440194,-0.4872000130126253,13.119999706745148,1.0,0.3766970486024432,1
14:44:42.189063,123,0.4884409139803156,1.6810119531313887,1.4547047989153463,-0.6263600167294499,25.75999942421913,1.0,4.897737752888608,1
14:44:42.189063,123,0.5741280065517058,1.78551894981424,0.9494170125787054,-0.5566400148672983,39.23999912291765,1.0,1.2162557142935935,1
14:44:42.189063,123,0.5673000895221957,1.8089412845209532,1.1285731808451012,-0.5566400148672983,191.6399957165122,1.0,2.561803506237632,1
14:44:42.189063,123,0.4707681302457468,1.6856446155765643,1.4534634807543556,-0.6263600167294499,21.87999951094389,1.0,4.9966085391881485,1
14:44:42.189063,123,0.5343843149146846,1.7920058666720906,1.2275433156794686,-0.6263600167294499,156.75999649614096,1.0,1.7035063015402754,1
14:44:42.189063,123,0.5206777440384186,1.771646424919548,1.342912489187876,-0.6263600167294499,80.99999818950891,1.0,1.438836527321833,1
14:44:42.242142,124,0.7410396938943014,1.787101968783294,0.575523421198123,-0.6263600167294499,6.239999860525131,0.6239999860525132,6.935153584280333,1
14:44:42.242142,124,0.7216076436485819,1.7402393573230035,0.6128770213914709,-0.6263600167294499,17.759999603033066,1.0,2.347750490344478,1
14:44:42.242142,124,0.7020984820923636,1.693190783118823,0.6503788501570145,-0.6263600167294499,39.87999910861254,1.0,0.502264132890848,1
14:44:42.242142,124,0.6398179588665549,1.6900201601074256,1.0900517655889412,-0.4872000130126253,37.51999916136265,1.0,1.9360764965014332,1
14:44:42.242142,124,0.6654984036321259,1.712290281030156,0.8834878550751921,-0.4872000130126253,71.8799983933568,1.0,0.4273306679331309,1
14:44:42.242142,124,0.6342834392351488,1.7099639081515623,0.9864958731757928,-0.4872000130126253,54.11999879032373,1.0,0.6338170644615995,1
14:44:42.242142,124,0.6211068194497152,1.696110009762055,1.0884199952919564,-0.4872000130126253,47.23999894410372,1.0,1.6198544120306855,1
14:44:42.242142,124,0.6030054254306919,1.6518770257357358,1.1343862791752688,-0.5566400148672983,33.7599992454052,1.0,4.534813941460804,1
14:44:42.242142,124,0.7011723441763261,1.7471109141093162,0.6110357932998338,-0.6263600167294499,13.879999689757824,1.0,2.3539348104419817,1
14:44:42.242142,124,0.6822156650700415,1.6998765626165129,0.6485874009398362,-0.6263600167294499,35.999999195337296,1.0,0.4102859661799342,1
14:44:42.242142,124,0.6659521363866859,1.6655453097274722,0.7039151113789153,-0.6263600167294499,92.35999793559311,1.0,0.7350657555967148,1
14:44:42.242142,124,0.6460362531259034,1.718624559659495,0.8817905902318273,-0.4872000130126253,89.11999800801277,1.0,0.2610944120042891,1
14:44:42.242142,124,0.6853609614127741,1.6590189143837952,0.7056638537407398,-0.6263600167294499,73.51999835669994,1.0,0.9126196746831144,1
14:44:42.242142,124,0.6017412244876557,1.76113285197088,1.05670723525533,-0.4872000130126253,80.63999819755554,1.0,1.2238825762448453,1
14:44:42.242142,124,0.6036503657796713,1.711105501637971,1.1048658483088514,-0.4872000130126253,60.35999865084887,1.0,1.3136458550345513,1
14:44:42.242142,124,0.588254845821708,1.6830234815121594,1.1857589042682777,-0.6263600167294499,43.63999902456999,1.0,3.1828533462128115,1
14:44:42.242142,124,0.6806669280570955,1.7537847407796123,0.6092475468331027,-0.6263600167294499,10.119999773800371,1.0,2.412443370326758,1
14:44:42.242142,124,0.6622646270527734,1.7063699577685798,0.6468475009527037,-0.6263600167294499,27.639999382197857,1.0,0.37837616182415357,1
14:44:42.242142,124,0.6464767167048943,1.671883907029365,0.7022166893507271,-0.6263600167294499,110.5199975296855,1.0,0.6227918569783274,1
14:44:42.242142,124,0.6265094995356181,1.7247705347768163,0.8801437811624391,-0.4872000130126253,110.1199975386262,1.0,0.15155122216092282,1
14:44:42.242142,124,0.5882512357753105,1.74310915417163,1.157935921905357,-0.6263600167294499,77.99999825656414,1.0,1.4377217150104644,1
14:44:42.242142,124,0.5698615703050086,1.6886168007791402,1.1842601788876808,-0.6263600167294499,56.99999872595072,1.0,2.9141338383923654,1
14:44:42.242142,124,0.6600934458153224,1.7602601699568154,0.6075124608144262,-0.6263600167294499,7.239999838173389,0.723999983817339,2.5223361759724185,1
14:44:42.242142,124,0.6422473631276459,1.7126703192409496,0.645159324184158,-0.6263600167294499,18.879999577999115,1.0,0.40565359518141975,1
14:44:42.242142,124,0.6269366498930506,1.678034072435054,0.700568757496955,-0.6263600167294499,120.11999731510878,1.0,0.5749665508516402,1
14:44:42.242142,124,0.6928184043644554,1.7487946449179304,0.9592572604182656,-0.4872000130126253,58.35999869555235,1.0,2.1222503593848283,1
14:44:42.242142,124,0.6069200955202694,1.730727591789758,0.8785475925465551,-0.4872000130126253,133.51999701559544,1.0,0.0979758318470979,1
14:44:42.242142,124,0.615111920044987,1.715998074525363,0.984879023168938,-0.4872000130126253,66.11999852210283,1.0,0.4509946420707889,1
14:44:42.242142,124,0.7047012509169172,1.6523053736324014,0.7074627415634294,-0.6263600167294499,57.759998708963394,1.0,1.15638360746065,1
14:44:42.242142,124,0.7931932249154303,1.672891165166924,0.7877091427055081,-0.4174800111504737,25.11999943852425,1.0,2.176410933785351,1
14:44:42.242142,124,0.7419707829610364,1.7331707575705957,0.6147710469867476,-0.6263600167294499,20.239999547600743,1.0,2.394941674950518,1
14:44:42.242142,124,0.5822588039439507,1.7668511805248273,1.055175013737244,-0.6263600167294499,96.75999783724546,1.0,1.1377925128011193,1
14:44:42.242142,124,0.9301624642435704,1.64924900873016,0.5212227024916509,-0.4174800111504737,5.359999880194664,0.5359999880194664,5.200434022584361,1
14:44:42.242142,124,0.9057711072207422,1.6060012719767782,0.5600002133108082,-0.4174800111504737,9.239999793469906,0.9239999793469906,4.887863541270293,1
14:44:42.242142,124,0.8812829590986169,1.5625819172204063,0.5989316031411529,-0.4174800111504737,12.999999709427357,1.0,7.105033217807854,1
14:44:42.242142,124,0.9103584068522028,1.6581381158235644,0.5188408734245393,-0.4174800111504737,6.239999860525131,0.6239999860525132,4.647053064052436,1
14:44:42.242142,124,0.8864863653821973,1.6146572828175771,0.5576808421963411,-0.4174800111504737,10.759999759495258,1.0,4.1647628813071,1
14:44:42.242142,124,0.8625195935888978,1.571003906823471,0.5966749378283485,-0.4174800111504737,14.999999664723871,1.0,6.221520746688686,1
14:44:42.242142,124,0.8904633143828493,1.6668354891528097,0.5165104192646961,-0.4174800111504737,7.1199998408555984,0.7119999840855599,4.163729221233072,1
14:44:42.242142,124,0.8671129756498132,1.6231265876682617,0.5554114988011474,-0.3480400092958007,12.359999723732471,1.0,3.5182724548553095,1
14:44:42.242142,124,0.8392019086577791,1.64106213180764,0.6643466801783697,-0.4174800111504737,17.359999611973763,1.0,2.923802700565437,1
14:44:42.242142,124,0.8704791763280885,1.6753402589878492,0.5142315730555846,-0.3480400092958007,8.119999818503857,0.8119999818503857,3.7483976255867013,1
14:44:42.242142,124,0.8514979423730915,1.6454700113938985,0.5714901240559824,-0.3480400092958007,14.51999967545271,1.0,2.8801499711861274,1
14:44:42.242142,124,0.8198519030251462,1.649074813020535,0.6621996887181665,-0.4174800111504737,20.51999954134226,1.0,2.3779841751953508,1
14:44:42.242142,124,0.721911089854695,1.68631328784786,0.6522216694608183,-0.6263600167294499,38.519999139010906,1.0,0.6552960687458267,1
14:44:42.242142,124,0.8340178990171734,1.7062834629937826,0.5286000929916745,-0.3480400092958007,8.879999801516533,0.8879999801516533,3.810733386738746,1
14:44:42.242142,124,0.8004199128890834,1.6569001900202056,0.6601028852706357,-0.6263600167294499,24.23999945819378,1.0,1.9012901984348092,1
14:44:42.242142,124,0.7738573601941552,1.680459501223623,0.7856812131710682,-0.4174800111504737,30.119999326765537,1.0,1.7220037150316756,1
14:44:42.242142,124,0.813686841257272,1.714241331945244,0.5264677884326576,-0.6263600167294499,9.239999793469906,0.9239999793469906,3.6116559442881195,1
14:44:42.242142,124,0.7923497877716494,1.6692893219920493,0.565107759016942,-0.6263600167294499,18.999999575316902,1.0,1.666835914184287,1
14:44:42.242142,124,0.7809078814323244,1.6645374802755075,0.6580564795143653,-0.6263600167294499,28.879999354481697,1.0,1.4921219874284315,1
14:44:42.242142,124,0.7544441103851991,1.6878406918726043,0.7837034290974936,-0.4174800111504737,36.87999917566776,1.0,1.3306857793718623,1
14:44:42.242142,124,0.7932744154949523,1.722002423346353,0.5243882102593467,-0.6263600167294499,8.879999801516533,0.8879999801516533,3.470893022359133,1
14:44:42.242142,124,0.7622597258168183,1.7259058217061456,0.6167176806846908,-0.6263600167294499,19.999999552965164,1.0,2.4966703746961296,1
14:44:42.242142,124,0.7416515071128585,1.679244764547388,0.6541156745708601,-0.6263600167294499,33.99999924004078,1.0,0.8704709663122489,1
14:44:42.242142,124,0.7239710708863676,1.6454053588217397,0.7093115949597089,-0.6263600167294499,45.759998977184296,1.0,1.4673856403140828,1
14:44:42.242142,124,0.7123691364145945,1.7420080538325138,0.9610757220189634,-0.4872000130126253,48.119998924434185,1.0,2.383017915327165,1
14:44:42.242142,124,0.6106844478493353,1.6438381983734274,1.4646654764823748,-0.6263600167294499,5.519999876618385,0.5519999876618386,11.22833302956771,1
14:44:42.242142,124,0.772782662955689,1.729565961094471,0.5223615664278161,-0.6263600167294499,7.759999826550484,0.7759999826550483,3.3869046693010074,1
14:44:42.242142,124,0.8121477106142256,1.661540129729013,0.5671841488258158,-0.6263600167294499,16.8799996227026,1.0,2.003565571960264,1
14:44:42.242142,124,0.5692055771194876,1.7486992877731509,1.1564380501212477,-0.6263600167294499,99.75999777019024,1.0,1.2789271974344278,1
14:44:42.242142,124,0.587670397109712,1.6897666664168016,0.6974250184144233,-0.6263600167294499,115.35999742150308,1.0,0.6698312994909046,1
14:44:42.242142,124,0.6187505188889237,1.7726132655863098,0.6042024588164787,-0.6263600167294499,5.239999882876873,0.5239999882876873,2.893073650828477,1
14:44:42.242142,124,0.4546064305004908,1.7868222555418296,1.1668492502472876,-0.6263600167294499,89.11999800801277,1.0,1.6052339583738628,1
14:44:42.242142,124,0.4403947133478127,1.7309633613552384,1.1928948624661726,-0.6263600167294499,68.75999846309423,1.0,2.467018867867665,1
14:44:42.242142,124,0.4885109629323519,1.715759865547043,0.6904601616987738,-0.4174800111504737,39.87999910861254,1.0,1.9957787753421625,1
14:44:42.242142,124,0.4620390603136969,1.7205268578365578,0.7967823390095488,-0.4174800111504737,102.35999771207572,1.0,1.9358710555467638,1
14:44:42.242142,124,0.4479795702585128,1.838370658533581,1.120687603844664,-0.6263600167294499,80.11999820917845,1.0,3.804537599676845,1
14:44:42.242142,124,0.43516829394631,1.7911195731864284,1.1656977874547974,-0.6263600167294499,68.23999847471714,1.0,1.7936782770786348,1
14:44:42.242142,124,0.4235451596897236,1.7587184692350295,1.2456001003397286,-0.6263600167294499,52.11999883502722,1.0,2.2908741973503837,1
14:44:42.242142,124,0.468524564575302,1.7203820306253146,0.6892216562987676,-0.4174800111504737,32.63999927043915,1.0,2.445553175165503,1
14:44:42.242142,124,0.4422831181510325,1.724894434872795,0.7956120502698081,-0.4174800111504737,82.99999814480543,1.0,2.3774655834104212,1
14:44:42.242142,124,0.4279243808782638,1.8426009849305616,1.119554091302873,-0.6263600167294499,65.23999854177237,1.0,4.042745933103243,1
14:44:42.242142,124,0.4045838521824115,1.7627180584759294,1.2445284136325732,-0.6263600167294499,39.35999912023544,1.0,2.501166942025364,1
14:44:42.242142,124,0.4484913141543251,1.724810914035654,0.6880349405655957,-0.4174800111504737,27.359999388456345,1.0,2.9567808395642,1
14:44:42.242142,124,0.4224829480470981,1.7290709689691464,0.7944929513315298,-0.4174800111504737,67.5199984908104,1.0,2.8803318789857215,1
14:44:42.242142,124,0.4078263994184425,1.8466373847922115,1.1184725412196148,-0.6263600167294499,52.999998815357685,1.0,4.324284789083978,1
14:44:42.242142,124,0.3980249779447982,1.823541081480622,1.2190934803383806,-0.6263600167294499,40.3599990978837,1.0,3.1211347529152986,1
14:44:42.242142,124,0.3855820866288419,1.7665342986294423,1.2435058551653162,-0.6263600167294499,30.23999932408333,1.0,2.766669510636061,1
14:44:42.242142,124,0.4026405300023156,1.7330560424757004,0.7934251541036699,-0.4174800111504737,55.23999876528978,1.0,3.4447369779507815,1
14:44:42.242142,124,0.3876876356603566,1.8504794544819247,1.117443061748992,-0.6263600167294499,43.239999033510685,1.0,4.649557656943925,1
14:44:42.242142,124,0.3783702154966633,1.8272908134883856,1.218088742675067,-0.6263600167294499,31.75999929010868,1.0,3.4063911435979266,1
14:44:42.242142,124,0.3670399652215241,1.77769570264812,1.2606218709962973,-0.6263600167294499,23.75999946892261,1.0,3.041315171854632,1
14:44:42.242142,124,0.3827578482418654,1.7368492568884455,0.7924087653650567,-0.4174800111504737,45.759998977184296,1.0,4.071045175601118,1
14:44:42.242142,124,0.3675101034635097,1.8541268097959516,1.1164657558380893,-0.6263600167294499,35.63999920338392,1.0,5.019069574451232,1
14:44:42.242142,124,0.3591651294603419,1.8386272041528484,1.2358067225535727,-0.6263600167294499,25.51999942958355,1.0,4.078623666823694,1
14:44:42.242142,124,0.3628368910172659,1.7404502328891185,0.7914438867537126,-0.4174800111504737,38.239999145269394,1.0,4.759717822131896,1
14:44:42.242142,124,0.5514113091087091,1.6940321779490304,1.1828091329482988,-0.6263600167294499,74.1199983432889,1.0,2.7061799819920953,1
14:44:42.242142,124,0.4850706119395066,1.8020574784016137,1.066845131005532,-0.6263600167294499,96.63999783992767,1.0,1.8389422991626136,1
14:44:42.242142,124,0.4817487989574267,1.715968674614478,0.798003700522858,-0.4174800111504737,124.7599972113967,1.0,1.555378672961947,1
14:44:42.242142,124,0.4176399382286041,1.8196016896997065,1.2201490371847468,-0.6263600167294499,52.23999883234501,1.0,2.8830899988012435,1
14:44:42.242142,124,0.5229805342334728,1.7598455876217458,0.6543591031632623,-0.4174800111504737,5.999999865889549,0.5999999865889549,1.9097324448496908,1
14:44:42.242142,124,0.6020221708146667,1.72468944038933,0.6419388103787176,-0.6263600167294499,12.359999723732471,1.0,0.6347696834299635,1
14:44:42.242142,124,0.5084485106023834,1.7109448810134753,0.6917503329161117,-0.4174800111504737,49.63999889045954,1.0,1.6073893473748093,1
14:44:42.242142,124,0.5872700000038468,1.7364951349976092,0.8770021840016999,-0.4872000130126253,154.51999654620886,1.0,0.09974295888084006,1
14:44:42.242142,124,0.5627181580076681,1.7723810405737437,1.0536932922028797,-0.6263600167294499,111.87999749928711,1.0,1.1014170658226474,1
14:44:42.242142,124,0.5501029983828337,1.7541051780048018,1.1549895461993054,-0.6263600167294499,121.87999727576972,1.0,1.1724908647331411,1
14:44:42.242142,124,0.5329059072434715,1.6992690714886505,1.1814059115535098,-0.6263600167294499,92.51999793201684,1.0,2.5585498985762696,1
14:44:42.242142,124,0.5818182649123456,1.730406998163296,0.640406795390505,-0.4174800111504737,8.639999806880951,0.8639999806880951,0.8353712024047353,1
14:44:42.242142,124,0.5679481377305977,1.695347921743291,0.6959295255569387,-0.6263600167294499,99.11999778449535,1.0,0.8113548457745596,1
14:44:42.242142,124,0.5431212407270306,1.7777218791362566,1.0522622188231492,-0.6263600167294499,121.51999728381634,1.0,1.1143482259211304,1
14:44:42.242142,124,0.5309454098072183,1.7593262842820887,1.153590554988709,-0.6263600167294499,135.35999697446823,1.0,1.118029963474587,1
14:44:42.242142,124,0.5152574376523967,1.712499117931229,1.1978423415804875,-0.6263600167294499,104.75999765843152,1.0,2.2642458688057943,1
14:44:42.242142,124,0.4937288345789577,1.6160527075253746,1.13845116872888,-0.5566400148672983,10.119999773800371,1.0,10.653219304661128,1
14:44:42.242142,124,0.5615561776709811,1.7359291185736632,0.6389271476860399,-0.4174800111504737,6.8799998462200165,0.6879999846220016,1.0926862966456676,1
14:44:42.242142,124,0.5481690840135378,1.7007383987917637,0.6944851515849819,-0.6263600167294499,79.75999821722507,1.0,1.0149945470285329,1
14:44:42.242142,124,0.5477956003127367,1.747459392008982,0.8740643201898952,-0.6263600167294499,166.11999628692865,1.0,0.26730539442209206,1
14:44:42.242142,124,0.5405811084851413,1.7011551410051275,0.8019729748905347,-0.4174800111504737,163.11999635398388,1.0,0.7802811647141943,1
14:44:42.242142,124,0.4591811438592774,1.7266187074809285,1.1940590089631868,-0.6263600167294499,87.75999803841114,1.0,2.328988372271228,1
14:44:42.242142,124,0.4739991067924913,1.7823373979136674,1.1680509642269223,-0.6263600167294499,112.6399974822998,1.0,1.4669522337865624,1
14:44:42.242142,124,0.5037664362650508,1.787834374439945,1.0495525838730624,-0.6263600167294499,111.99999749660492,1.0,1.2869958599567757,1
14:44:42.242142,124,0.5283352138473332,1.7059375585190308,0.6930920409347403,-0.4174800111504737,62.759998597204685,1.0,1.2804170608335448,1
14:44:42.242142,124,0.5412379352823218,1.7412552494130171,0.6375000152288526,-0.4174800111504737,6.11999986320734,0.611999986320734,1.4063607827815692,1
14:44:42.242142,124,0.5210217866760833,1.706282331885684,0.8005991482346495,-0.4174800111504737,146.99999671429396,1.0,0.9775094837544966,1
14:44:42.242142,124,0.4779216566410584,1.7220928108817672,1.1952717193019589,-0.6263600167294499,102.63999770581722,1.0,2.2491665863608303,1
14:44:42.242142,124,0.4924728714196971,1.7692120750790077,1.150941665328132,-0.6263600167294499,131.51999706029892,1.0,1.1639764862114836,1
14:44:42.242142,124,0.5234700117773478,1.7828731621329854,1.0508819367041915,-0.6263600167294499,121.63999728113411,1.0,1.176277458991409,1
14:44:42.297822,125,0.721911089854695,1.68631328784786,0.6522216694608183,-0.5566400148672983,10.639999762177467,1.0,0.7903977266295801,1
14:44:42.297822,125,0.647239553332332,1.696585977212533,1.2622484514008896,-0.6263600167294499,34.759999223053455,1.0,0.7044958452326913,1
14:44:42.297822,125,0.74912011760631,1.669975480714434,0.5428583757431333,-0.5566400148672983,5.119999885559082,0.5119999885559082,1.1905836718573244,1
14:44:42.297822,125,0.6089739037257842,1.6202332883762998,1.3952542309657825,-0.6263600167294499,50.6399988681078,1.0,1.7568049332101698,1
14:44:42.297822,125,0.6299815936143339,1.6761262556464396,1.3743923984643294,-0.6263600167294499,61.75999861955643,1.0,1.0330909611746402,1
14:44:42.297822,125,0.6638266679668999,1.7189176414163636,1.164418018211818,-0.6263600167294499,27.359999388456345,1.0,0.6918796676163099,1
14:44:42.297822,125,0.7689844142682714,1.662643537906971,0.5448229638973441,-0.5566400148672983,6.8799998462200165,0.6879999846220016,1.545777222389819,1
14:44:42.297822,125,0.7032791729046403,1.598377844612307,0.7462009043220217,-0.4872000130126253,5.759999871253967,0.5759999871253967,0.5006339042121565,1
14:44:42.297822,125,0.7210432884088989,1.63258370738863,0.6915136684570296,-0.4872000130126253,14.879999667406082,1.0,0.510197240679556,1
14:44:42.297822,125,0.7416515071128585,1.679244764547388,0.6541156745708601,-0.4872000130126253,14.359999679028988,1.0,1.0733893425829397,1
14:44:42.297822,125,0.647759125584738,1.669955190558869,1.376045930370984,-0.6263600167294499,52.63999882340431,1.0,1.1432230477721443,1
14:44:42.297822,125,0.6261586169814773,1.6142680067956696,1.3968526233479368,-0.5566400148672983,43.63999902456999,1.0,1.8068879714590858,1
14:44:42.297822,125,0.7018513967483536,1.6394558181251244,0.6896722919348885,-0.4872000130126253,12.519999720156193,1.0,0.28976830017117666,1
14:44:42.297822,125,0.6914097932918021,1.6907546478993087,0.9916429789475834,-0.4174800111504737,8.879999801516533,0.8879999801516533,0.5390034773400063,1
14:44:42.297822,125,0.6845601058105028,1.605080649329532,0.7444048932110179,-0.4872000130126253,5.759999871253967,0.5759999871253967,0.3275757334211843,1
14:44:42.297822,125,0.5583185413870987,1.6551160623383792,1.442690574384959,-0.6263600167294499,54.51999878138304,1.0,1.8448810155145972,1
14:44:42.297822,125,0.6450276753606358,1.7252389750182908,1.162724221978094,-0.6263600167294499,35.11999921500683,1.0,0.5711094077382186,1
14:44:42.297822,125,0.6289102933542094,1.7027493589120155,1.2605969782518684,-0.6263600167294499,42.51999904960394,1.0,0.6189775125246906,1
14:44:42.297822,125,0.6121410640123672,1.6821252972765484,1.3727849601041813,-0.6263600167294499,68.11999847739935,1.0,0.9805676392888698,1
14:44:42.297822,125,0.5930637895941552,1.6439941925612391,1.4456706704100677,-0.6263600167294499,54.75999877601862,1.0,1.6892875989554033,1
14:44:42.297822,125,0.7020984820923636,1.693190783118823,0.6503788501570145,-0.5566400148672983,6.999999843537808,0.6999999843537809,0.5742754411573825,1
14:44:42.297822,125,0.6853609614127741,1.6590189143837952,0.7056638537407398,-0.4872000130126253,9.119999796152117,0.9119999796152116,0.16738298589647377,1
14:44:42.297822,125,0.6657725832793092,1.611602309623391,0.7426574196019682,-0.4872000130126253,5.879999868571758,0.5879999868571758,0.21861295376115703,1
14:44:42.297822,125,0.6533915306127903,1.7037448639189043,0.9881622610556268,-0.4174800111504737,12.11999972909689,1.0,0.24575122743440486,1
14:44:42.297822,125,0.6261641805272404,1.7313784112619683,1.1610791649946182,-0.6263600167294499,44.63999900221825,1.0,0.5120741541194933,1
14:44:42.297822,125,0.6113479565806333,1.7161807855883673,1.2771047433449256,-0.6263600167294499,50.6399988681078,1.0,0.6479021957340458,1
14:44:42.297822,125,0.5942393208168518,1.6879517155500587,1.371223776033028,-0.6263600167294499,69.11999845504761,1.0,0.9861976451440354,1
14:44:42.297822,125,0.6659521363866859,1.6655453097274722,0.7039151113789153,-0.4872000130126253,6.11999986320734,0.611999986320734,0.06559835270758035,1
14:44:42.297822,125,0.6352409178113694,1.6607978567574015,0.7918423294784638,-0.4872000130126253,5.999999865889549,0.5999999865889549,0.007714505703046787,1
14:44:42.297822,125,0.6655040898973792,1.6902458595783831,1.2639472808008785,-0.6263600167294499,28.23999936878681,1.0,0.8494507453922315,1
14:44:42.297822,125,0.6724342833847824,1.6973415637266016,0.9898780201710484,-0.4174800111504737,10.359999768435957,1.0,0.3608609612652014,1
14:44:42.297822,125,0.6825592784625217,1.7124150425842513,1.166160384317586,-0.6263600167294499,21.51999951899052,1.0,0.8737740417344502,1
14:44:42.297822,125,0.9057711072207422,1.6060012719767782,0.5600002133108082,-0.5566400148672983,5.879999868571758,0.5879999868571758,5.864581231778894,1
14:44:42.297822,125,0.740163076344694,1.6255265639104766,0.6934046243528713,-0.4872000130126253,14.879999667406082,1.0,0.7954758612068829,1
14:44:42.297822,125,0.615111920044987,1.715998074525363,0.984879023168938,-0.4174800111504737,13.879999689757824,1.0,0.2071339641656519,1
14:44:42.297822,125,0.8999581970507656,1.553979111544661,0.6012367179746108,-0.5566400148672983,5.519999876618385,0.5519999876618386,5.54265081301577,1
14:44:42.297822,125,0.8749511213941106,1.5107988023496253,0.6401040557398414,-0.3480400092958007,5.519999876618385,0.5519999876618386,4.975127263736353,1
14:44:42.297822,125,0.8812829590986169,1.5625819172204063,0.5989316031411529,-0.5566400148672983,6.519999854266644,0.6519999854266645,4.744444259895591,1
14:44:42.297822,125,0.9249652727074208,1.5971594207396964,0.5623693802093805,-0.4174800111504737,4.999999888241291,0.4999999888241291,6.735082169395605,1
14:44:42.297822,125,0.8864863653821973,1.6146572828175771,0.5576808421963411,-0.5566400148672983,6.7599998489022255,0.6759999848902225,5.056097430349793,1
14:44:42.297822,125,0.8625195935888978,1.571003906823471,0.5966749378283485,-0.5566400148672983,7.999999821186066,0.7999999821186066,4.00722880030686,1
14:44:42.297822,125,0.8385528217955984,1.527350530829365,0.6356690334603561,-0.5566400148672983,7.519999831914902,0.7519999831914902,3.5778122796353053,1
14:44:42.297822,125,0.7182038206089943,1.6435632943858725,1.3831176176372644,-0.5566400148672983,22.99999948590994,1.0,2.1489559125027577,1
14:44:42.297822,125,0.6935930037362931,1.582478369332339,1.386474511442423,-0.5566400148672983,19.519999563694,1.0,2.5779193572413366,1
14:44:42.297822,125,0.8671129756498132,1.6231265876682617,0.5554114988011474,-0.5566400148672983,7.879999823868275,0.7879999823868274,4.310309331705475,1
14:44:42.297822,125,0.8436699768424395,1.5792442381619494,0.5944669477008384,-0.5566400148672983,9.999999776482582,0.9999999776482582,3.331643991474986,1
14:44:42.297822,125,0.8202269780350657,1.5353618886556373,0.6335223966005294,-0.5566400148672983,8.999999798834324,0.8999999798834324,2.9696498227985977,1
14:44:42.297822,125,0.7006959908880848,1.6504161112038096,1.3812814109050198,-0.5566400148672983,28.23999936878681,1.0,1.8138289520578699,1
14:44:42.297822,125,0.7190083928477207,1.5790672077571382,0.7307485726175262,-0.4174800111504737,5.759999871253967,0.5759999871253967,0.8032418348868711,1
14:44:42.297822,125,0.6773302223768569,1.5953804876194462,1.4019135188582332,-0.5566400148672983,23.87999946624041,1.0,2.289741360513838,1
14:44:42.297822,125,0.8247359938051244,1.5873020872096115,0.5923078535557853,-0.5566400148672983,12.519999720156193,1.0,2.7183324158382565,1
14:44:42.297822,125,0.8018191122639167,1.543195834813782,0.6314232970539058,-0.5566400148672983,10.99999975413084,1.0,2.4226222827568256,1
14:44:42.297822,125,0.6831180921551301,1.6570994755571893,1.3794906088238088,-0.6263600167294499,34.879999220371246,1.0,1.534135891475343,1
14:44:42.297822,125,0.660338485286111,1.601840985071362,1.4001824337832889,-0.5566400148672983,29.35999934375286,1.0,2.0738594520357543,1
14:44:42.297822,125,0.8084803354773722,1.6474058909042182,0.5489058791062824,-0.5566400148672983,9.119999796152117,0.9119999796152116,2.455954593807952,1
14:44:42.297822,125,0.7866225106349085,1.602867133648526,0.5881372119323254,-0.5566400148672983,15.119999662041664,1.0,1.6811126505525176,1
14:44:42.297822,125,0.7781787005924401,1.6108600199954817,0.6973345129506499,-0.4872000130126253,13.23999970406294,1.0,1.5580217952482616,1
14:44:42.297822,125,0.7559374882957968,1.5648198499707575,0.734566140630664,-0.4174800111504737,5.759999871253967,0.5759999871253967,1.4402528121808444,1
14:44:42.297822,125,0.7155650152691145,1.672866103775434,1.1151120640851708,-0.5566400148672983,17.11999961733818,1.0,1.082320936879469,1
14:44:42.297822,125,0.6837020766109965,1.6837296400160184,1.265693296570318,-0.6263600167294499,22.99999948590994,1.0,1.0532646109098176,1
14:44:42.297822,125,0.6654718821852769,1.6636127191151753,1.3777453904723391,-0.6263600167294499,43.119999036192894,1.0,1.310419408183613,1
14:44:42.297822,125,0.6432807149000686,1.6081370346633312,1.3984954123796145,-0.5566400148672983,36.11999919265509,1.0,1.9127406201052795,1
14:44:42.297822,125,0.7887718131330617,1.6551200905240873,0.546838865547886,-0.5566400148672983,8.51999980956316,0.851999980956316,1.96779900895846,1
14:44:42.297822,125,0.7613177598416672,1.671985920063815,0.6560606760882166,-0.4872000130126253,16.239999637007713,1.0,1.4225668919635897,1
14:44:42.297822,125,0.8476528753463322,1.6314083396054415,0.5531924100576648,-0.5566400148672983,8.879999801516533,0.8879999801516533,3.6278989388712333,1
14:44:42.297822,125,0.6083126779407283,1.7457322987552328,1.177859270985286,-0.6263600167294499,54.35999878495932,1.0,0.6064002179564747,1
14:44:42.297822,125,0.8567948109764917,1.5191625624640352,0.6378629929714976,-0.5566400148672983,6.359999857842922,0.6359999857842922,4.246505325355829,1
14:44:42.297822,125,0.5582593602247533,1.6990843687999535,1.368240790585103,-0.6263600167294499,64.23999856412411,1.0,1.1740946295865535,1
14:44:42.297822,125,0.6756233723770014,1.5378622785146492,-0.13778271479684,-0.1391600037168245,7.35999983549118,0.735999983549118,2.5345254716032937,1
14:44:42.297822,125,0.5405811084851413,1.7011551410051275,0.8019729748905347,-0.3480400092958007,5.759999871253967,0.5759999871253967,0.876150547254525,1
14:44:42.297822,125,0.5183702179039161,1.743375269500312,0.9775433258843708,-0.4174800111504737,11.9999997317791,1.0,1.2574461967857502,1
14:44:42.297822,125,0.495662591947517,1.8019556872088565,1.2248772693018075,-0.6263600167294499,33.639999248087406,1.0,2.122835546054304,1
14:44:42.297822,125,0.4824892335968268,1.7745510675096403,1.3219343592276855,-0.6263600167294499,36.63999918103218,1.0,2.2355989963391916,1
14:44:42.297822,125,0.6954560235378109,1.6296375754771175,-0.306511509946417,-0.1391600037168245,34.759999223053455,1.0,3.2414726445380233,1
14:44:42.297822,125,0.6803322162526926,1.5941984911900526,-0.2563527157211767,-0.1391600037168245,31.75999929010868,1.0,2.7995708815601095,1
14:44:42.297822,125,0.6652084089675743,1.558759406902988,-0.2061939214959367,-0.1391600037168245,20.239999547600743,1.0,2.740182725193763,1
14:44:42.297822,125,0.4988586002333705,1.7482881482646455,0.9762269239869557,-0.4174800111504737,10.519999764859676,1.0,1.6690965167676712,1
14:44:42.297822,125,0.4768736973238885,1.8143933892768316,1.242300153679127,-0.6263600167294499,26.239999413490292,1.0,2.628000767567151,1
14:44:42.297822,125,0.4635696146098093,1.7791202188571964,1.3207100588140124,-0.6263600167294499,29.879999332129955,1.0,2.6834661365675894,1
14:44:42.297822,125,0.6518982700955935,1.6426524521121355,-0.3099988356303607,-0.1391600037168245,36.87999917566776,1.0,3.497078094915407,1
14:44:42.297822,125,0.6377216960596485,1.606930338446641,-0.259764203911736,-0.1391600037168245,32.87999926507473,1.0,3.14576154691816,1
14:44:42.297822,125,0.4792970971207457,1.7530123167782188,0.9749610868488352,-0.4174800111504737,9.119999796152117,0.9119999796152116,2.1493880380988784,1
14:44:42.297822,125,0.701536490978209,1.587524522358454,-0.2545644311624393,-0.1391600037168245,28.999999351799488,1.0,2.7473671504436052,1
14:44:42.297822,125,0.4573634132076357,1.81890544554121,1.2410911518468828,-0.6263600167294499,20.63999953866005,1.0,3.111993029875611,1
14:44:42.297822,125,0.6300205188342501,1.6488436958946964,-0.3116577744020423,-0.1391600037168245,36.23999918997288,1.0,3.7497819083655703,1
14:44:42.297822,125,0.6163197116084408,1.612986943697571,-0.2613870663975968,-0.1391600037168245,31.999999284744263,1.0,3.4412692197866557,1
14:44:42.297822,125,0.4378073931332417,1.8232288244767152,1.2399327059525405,-0.6263600167294499,16.519999630749226,1.0,3.6634420838189437,1
14:44:42.297822,125,0.608079766048855,1.65482331079477,-0.313260007385566,-0.1391600037168245,33.11999925971031,1.0,4.086817428626185,1
14:44:42.297822,125,0.5948560957024256,1.618836522275681,-0.2629544562536638,-0.1391600037168245,29.35999934375286,1.0,3.819396554357339,1
14:44:42.297822,125,0.5640180382141917,1.6661452833440404,-0.3162937207868701,-0.1391600037168245,28.639999359846115,1.0,5.01706531338216,1
14:44:42.297822,125,0.5517525608488667,1.629912280362603,-0.2659221966886171,-0.1391600037168245,25.87999942153692,1.0,4.8265326263909945,1
14:44:42.297822,125,0.5419014693007921,1.6714865088054682,-0.3177248978358524,-0.1391600037168245,23.87999946624041,1.0,5.611862423341347,1
14:44:42.297822,125,0.5301169522186964,1.635137352304885,-0.2673222504959458,-0.1391600037168245,22.11999950557947,1.0,5.457046242426243,1
14:44:42.297822,125,0.5197307106944676,1.676613841122088,-0.3190987623894168,-0.1391600037168245,19.63999956101179,1.0,6.294159901480038,1
14:44:42.297822,125,0.512430888474544,1.662460040479154,-0.2514638637725257,-0.1391600037168245,18.639999583363533,1.0,5.933176644359308,1
14:44:42.297822,125,0.4975079794525047,1.6815267675649634,-0.3204151770622587,-0.1391600037168245,16.119999639689922,1.0,7.064742134105317,1
14:44:42.297822,125,0.5928696732825781,1.721996758470678,1.275546358107909,-0.6263600167294499,57.51999871432781,1.0,0.6765083323919164,1
14:44:42.297822,125,0.4450274932024914,1.7903049049507964,1.3379129645315109,-0.6263600167294499,24.35999945551157,1.0,3.2298986250442847,1
14:44:42.297822,125,0.7171316699798335,1.6228152441014192,-0.3046834717638012,-0.1391600037168245,30.759999312460423,1.0,3.23697129062922,1
14:44:42.297822,125,0.4867401010419775,1.7379190584907922,1.4165770621311269,-0.6263600167294499,30.879999309778214,1.0,2.2803788251711343,1
14:44:42.297822,125,0.4707681302457468,1.6856446155765643,1.4534634807543556,-0.6263600167294499,23.519999474287037,1.0,3.210783611385404,1
14:44:42.297822,125,0.5408613001407987,1.6604247374420933,1.4412681191780394,-0.6263600167294499,49.87999888509512,1.0,2.008642336448296,1
14:44:42.297822,125,0.5222032814694567,1.6031452912227249,1.4605426168393367,-0.6263600167294499,15.639999650418758,1.0,3.585105891983424,1
14:44:42.297822,125,0.618258342239484,1.6787650970072878,0.8079723690982532,-0.4872000130126253,6.11999986320734,0.611999986320734,0.044389129233186844,1
14:44:42.297822,125,0.5958788901781621,1.7218467596287232,0.9833118727187083,-0.4174800111504737,15.119999662041664,1.0,0.2848781376063446,1
14:44:42.297822,125,0.5892922435743343,1.7515163344432378,1.1763094432936922,-0.6263600167294499,60.75999864190817,1.0,0.6648838165069864,1
14:44:42.297822,125,0.5743321035139015,1.7276339570248995,1.2740358753077314,-0.6263600167294499,60.63999864459038,1.0,0.7661930141870079,1
14:44:42.297822,125,0.5401847407940856,1.7043894905203405,1.3668192875043768,-0.6263600167294499,55.87999875098467,1.0,1.3574486523123677,1
14:44:42.297822,125,0.8030955634846589,1.5934427933942057,-0.2968131473170805,-0.1391600037168245,17.999999597668648,1.0,4.022284977782925,1
14:44:42.297822,125,0.7856309616657128,1.558790822728164,-0.2468652595509448,-0.1391600037168245,18.519999586045746,1.0,3.326719741498553,1
14:44:42.297822,125,0.5989269315250957,1.6846436993208638,0.8063972023557069,-0.4872000130126253,6.239999860525131,0.6239999860525132,0.15087627733143869,1
14:44:42.297822,125,0.5765862729215471,1.727509378598034,0.9817945785388364,-0.4174800111504737,15.519999653100967,1.0,0.42815787475929845,1
14:44:42.297822,125,0.5702128804772922,1.7571163607102096,1.174808920777864,-0.6263600167294499,59.99999865889549,1.0,0.78685750624554,1
14:44:42.297822,125,0.5370865252736926,1.7383697942221998,1.2711592164006429,-0.6263600167294499,58.63999868929386,1.0,1.1311130358154595,1
14:44:42.297822,125,0.5220561033419058,1.7095197624834566,1.3654446352749077,-0.6263600167294499,46.51999896019697,1.0,1.6011295400338499,1
14:44:42.297822,125,0.5233499732176184,1.6655645259266756,1.4398909170043286,-0.6263600167294499,42.87999904155731,1.0,2.2303870885262302,1
14:44:42.297822,125,0.7817196997948751,1.601096926971168,-0.2988640662277873,-0.1391600037168245,21.7599995136261,1.0,3.7070607303869307,1
14:44:42.297822,125,0.5013606040647146,1.769799398181601,1.3232075651868336,-0.6263600167294499,44.519999004900455,1.0,1.8519991137709693,1
14:44:42.297822,125,0.5060648540327026,1.676208819183979,1.4559917947776937,-0.6263600167294499,35.51999920606613,1.0,2.482519619039567,1
14:44:42.297822,125,0.5150492056756303,1.7970742834982372,1.2261852374839983,-0.6263600167294499,42.87999904155731,1.0,1.7643587385499557,1
14:44:42.297822,125,0.5378299989869624,1.7382741717689776,0.978910160901994,-0.4174800111504737,13.639999695122242,1.0,0.9138196832565995,1
14:44:42.297822,125,0.5600863726362502,1.6958392810941825,0.8033973552607494,-0.4872000130126253,5.999999865889549,0.5999999865889549,0.5661299312900349,1
14:44:42.297822,125,0.7387356038556714,1.6157838866666072,-0.3027994252174486,-0.1391600037168245,26.119999416172504,1.0,3.31360301962732,1
14:44:42.297822,125,0.4884409139803156,1.6810119531313887,1.4547047989153463,-0.6263600167294499,28.879999354481697,1.0,2.816959143524982,1
14:44:42.297822,125,0.7437324678507318,1.5735638311783675,-0.2508236752349551,-0.1391600037168245,25.51999942958355,1.0,2.8809343457133734,1
14:44:42.297822,125,0.5183822413287801,1.743467359290553,1.2697933279572124,-0.6263600167294499,52.51999882608652,1.0,1.4075032938769056,1
14:44:42.297822,125,0.5343843149146846,1.7920058666720906,1.2275433156794686,-0.6263600167294499,52.7599988207221,1.0,1.4715836646490756,1
14:44:42.297822,125,0.5572359975207043,1.7329853651761422,0.9803272923574688,-0.4174800111504737,14.999999664723871,1.0,0.6375973923359318,1
14:44:42.297822,125,0.5795356286193362,1.6903352837343864,0.8048721469084499,-0.4872000130126253,6.11999986320734,0.611999986320734,0.32458063683297694,1
14:44:42.297822,125,0.7647199504354025,1.566278504887301,-0.2488715779386665,-0.1391600037168245,21.7599995136261,1.0,3.065180782542246,1
14:44:42.297822,125,0.5050124775857481,1.733129221537553,1.4178604950746236,-0.6263600167294499,37.99999915063381,1.0,1.9311217960974933,1
14:44:42.343998,126,0.6481192786268613,1.7040148610282655,1.2803645930059826,-0.6263600167294499,34.99999921768904,1.0,1.3387727770960651,1
14:44:42.343998,126,0.748194388962664,1.6176928203294478,0.5841646811589354,-0.4174800111504737,6.359999857842922,0.6359999857842922,2.186956099086773,1
14:44:42.343998,126,0.7274043636570569,1.5727421027519246,0.6235063984205269,-0.4174800111504737,6.359999857842922,0.6359999857842922,0.9340236479422703,1
14:44:42.343998,126,0.6664086402736364,1.697666125932738,1.2820657314477883,-0.6263600167294499,26.99999939650297,1.0,1.7698589074703621,1
14:44:42.343998,126,0.6845789411654204,1.772653729798711,1.1382964018282262,-0.5566400148672983,35.63999920338392,1.0,1.634856702645231,1
14:44:42.343998,126,0.6681262378977759,1.7513354991812535,1.238440907804515,-0.5566400148672983,80.11999820917845,1.0,1.068332775990239,1
14:44:42.343998,126,0.7288671372948763,1.624826538993901,0.5822532070037645,-0.4174800111504737,5.119999885559082,0.5119999885559082,2.34434464558361,1
14:44:42.343998,126,0.6113479565806333,1.7161807855883673,1.2771047433449256,-0.6263600167294499,64.11999856680632,1.0,0.7140885346072368,1
14:44:42.343998,126,0.6492054852188287,1.7576977757238448,1.2367361409429043,-0.5566400148672983,98.1199978068471,1.0,0.8300629210905189,1
14:44:42.343998,126,0.6297651055952181,1.710186619970383,1.2787108751815628,-0.6263600167294499,46.63999895751476,1.0,0.9871596211269961,1
14:44:42.343998,126,0.6457390647078153,1.7855040430486089,1.134853170770429,-0.4872000130126253,35.35999920964241,1.0,1.5415076920312019,1
14:44:42.343998,126,0.6302198125352645,1.7638769767686968,1.235080429013067,-0.5566400148672983,114.51999744027852,1.0,0.6703932771921737,1
14:44:42.343998,126,0.5916195084919981,1.660798931155477,1.3004328683364732,-0.6263600167294499,42.23999905586243,1.0,2.2133864385162934,1
14:44:42.343998,126,0.68698017851269,1.7447907833632466,1.2401945591226415,-0.5566400148672983,64.23999856412411,1.0,1.3862056451311378,1
14:44:42.343998,126,0.6262212937790784,1.7916471909056737,1.1332071192631437,-0.4872000130126253,33.99999924004078,1.0,1.6115473776829445,1
14:44:42.343998,126,0.665192262271082,1.7791726783025643,1.1365496548411185,-0.4872000130126253,35.999999195337296,1.0,1.5489266951739027,1
14:44:42.343998,126,0.7461218305037253,1.5656254585722615,0.6254132974812872,-0.4174800111504737,7.999999821186066,0.7999999821186066,0.9891951923433595,1
14:44:42.343998,126,0.8812829590986169,1.5625819172204063,0.5989316031411529,-0.4174800111504737,6.11999986320734,0.611999986320734,3.473098438285654,1
14:44:42.343998,126,0.7057654216853053,1.7380642827359232,1.2419969195336202,-0.5566400148672983,51.51999884843826,1.0,1.7846995421587704,1
14:44:42.343998,126,0.6083126779407283,1.7457322987552328,1.177859270985286,-0.4872000130126253,122.6399972587824,1.0,0.31101112894725663,1
14:44:42.343998,126,0.910999452225569,1.4935472698449723,0.6447265899426624,-0.4872000130126253,8.239999815821648,0.8239999815821648,5.394027704880832,1
14:44:42.343998,126,0.8999581970507656,1.553979111544661,0.6012367179746108,-0.3480400092958007,5.359999880194664,0.5359999880194664,4.0128256819234185,1
14:44:42.343998,126,0.8749511213941106,1.5107988023496253,0.6401040557398414,-0.4872000130126253,9.239999793469906,0.9239999793469906,3.785352758956679,1
14:44:42.343998,126,0.8567948109764917,1.5191625624640352,0.6378629929714976,-0.4174800111504737,10.239999771118164,1.0,3.1195482646268413,1
14:44:42.343998,126,0.8625195935888978,1.571003906823471,0.5966749378283485,-0.4174800111504737,6.8799998462200165,0.6879999846220016,3.024891685270558,1
14:44:42.343998,126,0.8385528217955984,1.527350530829365,0.6356690334603561,-0.4174800111504737,10.99999975413084,1.0,2.5444953364528735,1
14:44:42.343998,126,0.8169746033448455,1.74506211575619,1.0467234340686342,-0.5566400148672983,9.879999779164793,0.9879999779164793,4.402638932897729,1
14:44:42.343998,126,0.8436699768424395,1.5792442381619494,0.5944669477008384,-0.4174800111504737,7.759999826550484,0.7759999826550483,2.666929458966678,1
14:44:42.343998,126,0.8202269780350657,1.5353618886556373,0.6335223966005294,-0.4174800111504737,11.239999748766422,1.0,2.059003076316794,1
14:44:42.343998,126,0.7431223087268601,1.7240686357420991,1.2457470418431664,-0.5566400148672983,34.23999923467636,1.0,2.827695385675794,1
14:44:42.343998,126,0.8247359938051244,1.5873020872096115,0.5923078535557853,-0.4174800111504737,8.239999815821648,0.8239999815821648,2.397947119270139,1
14:44:42.343998,126,0.8018191122639167,1.543195834813782,0.6314232970539058,-0.4174800111504737,10.87999975681305,1.0,1.661890863177422,1
14:44:42.343998,126,0.7244800889070432,1.7311566699437098,1.2438478088029208,-0.5566400148672983,41.63999906927347,1.0,2.2648471694176884,1
14:44:42.343998,126,0.8084803354773722,1.6474058909042182,0.5489058791062824,-0.4174800111504737,4.999999888241291,0.4999999888241291,4.405589448978967,1
14:44:42.343998,126,0.7866225106349085,1.602867133648526,0.5881372119323254,-0.4174800111504737,8.239999815821648,0.8239999815821648,2.121924028497266,1
14:44:42.343998,126,0.7647646857924449,1.5583283763928342,0.6273685447583683,-0.4174800111504737,9.63999978452921,0.963999978452921,1.1281391284055324,1
14:44:42.343998,126,0.7674468218183934,1.6103727745481744,0.5861260815145866,-0.4174800111504737,7.519999831914902,0.7519999831914902,2.1124163878420714,1
14:44:42.343998,126,0.5928696732825781,1.721996758470678,1.275546358107909,-0.6263600167294499,89.87999799102545,1.0,0.518642948586679,1
14:44:42.343998,126,0.5510764965699274,1.7625318175582136,1.1733578534887958,-0.4872000130126253,85.63999808579683,1.0,0.6138986732029723,1
14:44:42.343998,126,0.7590158296287934,1.3303978397777296,-0.169243526707262,-1.2524400334514212,6.999999843537808,0.6999999843537809,8.533637725167573,1
14:44:42.343998,126,0.4824892335968268,1.7745510675096403,1.3219343592276855,-0.6263600167294499,107.51999759674072,1.0,0.9196425038362204,1
14:44:42.343998,126,0.4669191090942762,1.717285580254546,1.343815814216894,-0.6263600167294499,97.63999781757592,1.0,1.6086054756792407,1
14:44:42.343998,126,0.4731617688293978,1.7738757710278428,1.149692031764897,-0.4872000130126253,43.63999902456999,1.0,2.0391160443506267,1
14:44:42.343998,126,0.4635696146098093,1.7791202188571964,1.3207100588140124,-0.5566400148672983,76.87999828159809,1.0,1.2097533167990222,1
14:44:42.343998,126,0.4486100339342631,1.7217072832231566,1.3426310224772848,-0.6263600167294499,86.119998075068,1.0,1.8058310659013015,1
14:44:42.343998,126,0.4538033504586309,1.778352705979575,1.148492440660014,-0.4872000130126253,35.35999920964241,1.0,2.585133129346588,1
14:44:42.343998,126,0.4446036390497097,1.7835063953129615,1.3195347863748297,-0.5566400148672983,55.35999876260757,1.0,1.5707443388958897,1
14:44:42.343998,126,0.4933443835709293,1.7776654487839467,1.1693028092233102,-0.4872000130126253,54.51999878138304,1.0,1.5813883167494047,1
14:44:42.343998,126,0.4302560981467024,1.725951915974418,1.3414936765594174,-0.6263600167294499,71.23999840766191,1.0,2.074303214371801,1
14:44:42.343998,126,0.4255932034981944,1.7877091582629656,1.3184086594363966,-0.5566400148672983,40.99999908357859,1.0,2.0018461174085105,1
14:44:42.343998,126,0.4118591371097961,1.7300190540486122,1.3404038901969313,-0.5566400148672983,56.99999872595072,1.0,2.4133082877432726,1
14:44:42.343998,126,0.4065402089828916,1.7917280874344348,1.3173317906104636,-0.5566400148672983,31.239999301731583,1.0,2.502307908670132,1
14:44:42.343998,126,0.3937960506836185,1.740494994745973,1.3571448468048,-0.5566400148672983,45.11999899148941,1.0,2.7520050362970716,1
14:44:42.343998,126,0.3878159253613676,1.8023727842942512,1.3346793860070756,-0.5566400148672983,24.51999945193529,1.0,3.0254110300812704,1
14:44:42.343998,126,0.5737375269381276,1.6664272202190094,1.2989247728271307,-0.6263600167294499,52.7599988207221,1.0,1.9224280853591114,1
14:44:42.343998,126,0.3567683138515766,1.7477451312967116,1.3552021785710142,-0.5566400148672983,28.879999354481697,1.0,3.7543652079531165,1
14:44:42.343998,126,0.4343995521330151,1.7826424322444607,1.1473430119715873,-0.4872000130126253,28.999999351799488,1.0,3.2007010784576577,1
14:44:42.343998,126,0.485181492734565,1.7126872492351797,1.3450479333000644,-0.6263600167294499,100.51999775320292,1.0,1.4833567646101429,1
14:44:42.343998,126,0.3753009471577417,1.744209478882715,1.3561495537800616,-0.5566400148672983,35.879999198019505,1.0,3.218931446780176,1
14:44:42.343998,126,0.5318850054745978,1.7677621634461016,1.1719563865320008,-0.4872000130126253,68.51999846845865,1.0,0.8637511490518531,1
14:44:42.343998,126,0.5013606040647146,1.769799398181601,1.3232075651868336,-0.6263600167294499,144.11999677866697,1.0,0.70119969150096,1
14:44:42.343998,126,0.5892922435743343,1.7515163344432378,1.1763094432936922,-0.4872000130126253,118.23999735713004,1.0,0.33660598740608116,1
14:44:42.343998,126,0.5743321035139015,1.7276339570248995,1.2740358753077314,-0.6263600167294499,124.6399972140789,1.0,0.39992109931487185,1
14:44:42.343998,126,0.5557981721122411,1.6718825040749887,1.2974630339234388,-0.6263600167294499,65.63999853283167,1.0,1.7081098346755479,1
14:44:42.343998,126,0.5372642407105809,1.6161310511250784,1.320890192539146,-0.6263600167294499,21.51999951899052,1.0,4.603556576992469,1
14:44:42.343998,126,0.5835317132569974,1.7762473370432963,1.0737609375390265,-0.4872000130126253,29.639999337494373,1.0,1.5877781936786466,1
14:44:42.343998,126,0.5702128804772922,1.7571163607102096,1.174808920777864,-0.4872000130126253,103.87999767810106,1.0,0.43787896387575787,1
14:44:42.343998,126,0.6030567254358702,1.7705165073238502,1.0752965087343125,-0.4872000130126253,31.999999284744263,1.0,1.3383826836334214,1
14:44:42.343998,126,0.5197545238841207,1.6822718914239578,1.2946792059734282,-0.6263600167294499,80.23999820649624,1.0,1.5061282982867963,1
14:44:42.343998,126,0.5639483483956822,1.7817892862359208,1.0722759767283685,-0.4872000130126253,27.239999391138557,1.0,1.911612079359053,1
14:44:42.343998,126,0.5183822413287801,1.743467359290553,1.2697933279572124,-0.4872000130126253,168.63999623060226,1.0,0.49531196980803505,1
14:44:42.343998,126,0.5033953586320659,1.707912749994306,1.3463272565159197,-0.6263600167294499,93.51999790966512,1.0,1.430831583894255,1
14:44:42.343998,126,0.5370865252736926,1.7383697942221998,1.2711592164006429,-0.4872000130126253,158.99999644607306,1.0,0.3891183234328923,1
14:44:42.399974,127,0.5692716218430228,1.6287116268154025,-0.7879652032291553,-0.4872000130126253,66.35999851673841,1.0,0.264168889270228,1
14:44:42.399974,127,0.554605380593677,1.610857681967341,-0.6776968124536474,-0.6263600167294499,60.23999865353108,1.0,0.2646479465120969,1
14:44:42.399974,127,0.5222032814694567,1.6031452912227249,-0.5394573831606632,-0.6263600167294499,40.99999908357859,1.0,0.30789445552300027,1
14:44:42.399974,127,0.5835000874405221,1.707746006590023,-0.9146978606612288,-0.5566400148672983,37.87999915331602,1.0,0.5916495013981605,1
14:44:42.399974,127,0.5664946953531298,1.663173905753533,-0.8686407107024913,-0.5566400148672983,83.23999813944101,1.0,0.24066933142828448,1
14:44:42.399974,127,0.5514719048347066,1.63412444738665,-0.7894155641299956,-0.4872000130126253,87.11999805271626,1.0,0.12254996076035664,1
14:44:42.399974,127,0.5365349846029699,1.6091516432736388,-0.6960486826316993,-0.6263600167294499,66.9999985024333,1.0,0.13966394062206244,1
14:44:42.399974,127,0.5646082554898625,1.7132909901734277,-0.9161836345344458,-0.5566400148672983,43.5199990272522,1.0,0.4620859413529145,1
14:44:42.399974,127,0.722875211424424,1.3057795021448264,-2.1194697500387853,-0.8349600223009475,9.759999781847,0.9759999781847,11.333096026426308,1
14:44:42.399974,127,0.548153442599432,1.6685572876131616,-0.870083183524327,-0.5566400148672983,105.5199976414442,1.0,0.134618867985724,1
14:44:42.399974,127,0.5336170410979306,1.63936506812491,-0.7908197842246503,-0.4872000130126253,116.75999739021064,1.0,0.03663304854484698,1
14:44:42.399974,127,0.501740558824966,1.6191809489838918,-0.6987360269974064,-0.6263600167294499,71.51999840140343,1.0,0.05964078270808729,1
14:44:42.399974,127,0.5456599631866832,1.71865321847152,-0.917620439276551,-0.5566400148672983,47.9999989271164,1.0,0.393659008796081,1
14:44:42.399974,127,0.5835036683295377,1.6488110176900714,-0.884616336002354,-0.5566400148672983,65.99999852478504,1.0,0.3761453325845349,1
14:44:42.399974,127,0.5297573749607175,1.6737632403653988,-0.8714781143601236,-0.5566400148672983,131.7599970549345,1.0,0.08697873362987776,1
14:44:42.399974,127,0.6023335698712944,1.702018822215019,-0.9131632662330422,-0.5566400148672983,31.999999284744263,1.0,0.7821305989449471,1
14:44:42.399974,127,0.6046985015397436,1.6173715684497432,-0.7849266437479552,-0.4872000130126253,41.35999907553196,1.0,0.7136760150521105,1
14:44:42.399974,127,0.6331960138257082,1.5536779846643038,-1.3440881777459892,-0.4174800111504737,5.119999885559082,0.5119999885559082,1.8196327913051817,1
14:44:42.399974,127,0.5157088161041096,1.6444329649724985,-0.7921777230922858,-0.5566400148672983,157.23999648541212,1.0,0.00661086977489515,1
14:44:42.399974,127,0.6045581083782167,1.656194328999076,-0.1591075057282572,-0.6263600167294499,43.5199990272522,1.0,2.360220233391388,1
14:44:42.399974,127,0.5842733008383889,1.6006238507493944,-0.1023585616370365,-0.5566400148672983,19.35999956727028,1.0,2.345893772567003,1
14:44:42.399974,127,0.7004350697049392,1.860865516147122,-0.8173100668985892,-0.4174800111504737,5.639999873936176,0.5639999873936177,4.940059726408442,1
14:44:42.399974,127,0.5879662138372345,1.6621570001658852,-0.1591075057282572,-0.6263600167294499,46.35999896377325,1.0,2.070696008015599,1
14:44:42.399974,127,0.7086141569834425,1.5796775972733674,-1.3783519617356044,-0.4872000130126253,5.119999885559082,0.5119999885559082,3.4065022925054493,1
14:44:42.399974,127,0.6817917036420122,1.592598348402389,-1.2728770855910407,-0.4174800111504737,5.879999868571758,0.5879999868571758,2.462968590120998,1
14:44:42.399974,127,0.571315523167467,1.569939268487576,-0.585384169962079,-0.6263600167294499,46.999998949468136,1.0,0.737793978393166,1
14:44:42.399974,127,0.6700391794516107,1.5410892800102531,-1.3407150445001823,-0.4174800111504737,5.639999873936176,0.5639999873936177,2.622958024385685,1
14:44:42.399974,127,0.6016900363877139,1.6430869240744483,-0.8830825697406477,-0.5566400148672983,52.999998815357685,1.0,0.5966998290753281,1
14:44:42.399974,127,0.5870144121660908,1.6231271476886886,-0.7864688465570039,-0.4872000130126253,51.759998843073845,1.0,0.46128391516162975,1
14:44:42.399974,127,0.5718910604033628,1.6054170767225873,-0.6762390066719791,-0.6263600167294499,52.7599988207221,1.0,0.43837621677254845,1
14:44:42.399974,127,0.5390583026400391,1.5980197487616663,-0.5380839981974511,-0.6263600167294499,44.99999899417162,1.0,0.40709183958344397,1
14:44:42.399974,127,0.615111920044987,1.715998074525363,-1.015120976831062,-0.5566400148672983,8.51999980956316,0.851999980956316,1.0779132959423006,1
14:44:42.399974,127,0.4993939238655439,1.5972332077068996,-0.7491157175970803,-0.4872000130126253,72.63999837636948,1.0,0.09092266332107951,1
14:44:42.399974,127,0.5052960404082296,1.6081077731233695,-0.5407870761783949,-0.6263600167294499,35.999999195337296,1.0,0.25930948050213776,1
14:44:42.399974,127,0.5266571053443396,1.7238321552659626,-0.9190081312082738,-0.5566400148672983,50.35999887436628,1.0,0.3865730538527978,1
14:44:42.399974,127,0.4208195340075174,1.7269142059553406,-0.8260015799014897,-0.5566400148672983,118.35999735444784,1.0,1.1409001779870775,1
14:44:42.399974,127,0.4072395158820197,1.6711859796662207,-0.7993461717745667,-0.5566400148672983,136.3599969521165,1.0,1.0093734531257958,1
14:44:42.399974,127,0.393659497756522,1.6154577533771008,-0.7726907636476437,-0.5566400148672983,40.51999909430742,1.0,1.1804223722647764,1
14:44:42.399974,127,0.4125006792476362,1.7602227653058478,-0.9082950828253826,-0.6263600167294499,35.23999921232462,1.0,1.7042215016257027,1
14:44:42.399974,127,0.4019802475539885,1.7308880567763725,-0.8270663700198269,-0.5566400148672983,92.51999793201684,1.0,1.5049958994165138,1
14:44:42.399974,127,0.3890081808918509,1.675031592699278,-0.800376600681177,-0.5566400148672983,98.5199977979064,1.0,1.374883146945645,1
14:44:42.399974,127,0.3831007634124838,1.7346797384101291,-0.828082348051548,-0.5566400148672983,71.75999839603901,1.0,1.9289266633973519,1
14:44:42.399974,127,0.3648274514792249,1.7465211331304735,-0.8112738299170295,-0.4872000130126253,56.11999874562025,1.0,2.460417070745359,1
14:44:42.399974,127,0.3524306364432213,1.682193580296473,-0.802295649474047,-0.5566400148672983,53.63999880105257,1.0,2.2768257681804767,1
14:44:42.399974,127,0.3458396969794535,1.7499534204191547,-0.8121935085242231,-0.4872000130126253,44.519999004900455,1.0,3.003917595639629,1
14:44:42.399974,127,0.3340880847085608,1.6855092386678512,-0.8031840774570354,-0.5566400148672983,40.99999908357859,1.0,2.8133852805667443,1
14:44:42.399974,127,0.3268173587997289,1.7532021315312407,-0.8130639980431484,-0.4872000130126253,35.879999198019505,1.0,3.607523674843786,1
14:44:42.399974,127,0.3157121244453285,1.6886475587701637,-0.8040249877940404,-0.5566400148672983,32.239999279379845,1.0,3.4070647228575934,1
14:44:42.399974,127,0.6845681072657391,1.3582894582771106,-2.176717063359768,-0.8349600223009475,20.359999544918537,1.0,9.40652442238494,1
14:44:42.399974,127,0.4511221745145854,1.7518805312297705,-0.9060597879416264,-0.6263600167294499,39.759999111294746,1.0,1.039079438948775,1
14:44:42.399974,127,0.4112435156633633,1.6115703380272093,-0.7716491338439959,-0.5566400148672983,47.9999989271164,1.0,0.8684309646967279,1
14:44:42.399974,127,0.3707379454095043,1.678700915219088,-0.8013597926871294,-0.5566400148672983,71.75999839603901,1.0,1.7973438330772884,1
14:44:42.399974,127,0.4396167388602084,1.7227585833287866,-0.824888084174656,-0.5566400148672983,146.23999673128128,1.0,0.8365470417733499,1
14:44:42.399974,127,0.5113083320283383,1.6787912434193313,-0.872825363717966,-0.5566400148672983,157.3599964827299,1.0,0.09793985535279867,1
14:44:42.399974,127,0.4254301272617859,1.6671644606779978,-0.7982686090093258,-0.5566400148672983,184.5199958756566,1.0,0.7007306186348288,1
14:44:42.399974,127,0.4977490206607395,1.649327631143977,-0.7934892449401534,-0.5566400148672983,203.7599954456091,1.0,0.03266284692075273,1
14:44:42.399974,127,0.4820023020079946,1.6019730269014838,-0.7503857483225387,-0.5566400148672983,69.87999843806028,1.0,0.13340034220068422,1
14:44:42.399974,127,0.729211896818606,1.4948421615791132,-2.3860155018568,-0.0697200018621515,6.11999986320734,0.611999986320734,9.426564264859046,1
14:44:42.399974,127,0.681638248057619,1.3973189364941427,-2.2303522935097733,-0.7655200204462744,20.51999954134226,1.0,8.839494990390413,1
14:44:42.399974,127,0.5076015822326954,1.7288272826674154,-0.9203465715615836,-0.5566400148672983,50.23999887704849,1.0,0.44101758735126795,1
14:44:42.399974,127,0.4957370889338832,1.7092053308377937,-0.8212565011148794,-0.5566400148672983,172.239996150136,1.0,0.2807990903640313,1
14:44:42.399974,127,0.701536490978209,1.587524522358454,-2.2545644311624398,-0.2088800055789761,14.359999679028988,1.0,7.10918417343495,1
14:44:42.399974,127,0.4797394507323178,1.6540485771768294,-0.7947542186171671,-0.5566400148672983,235.75999473035336,1.0,0.11495501926387577,1
14:44:42.399974,127,0.4470762027813166,1.6109475350774085,-0.7527904605407442,-0.5566400148672983,63.879998572170734,1.0,0.37914678341179775,1
14:44:42.399974,127,0.6652084089675743,1.558759406902988,-2.2061939214959367,-0.2088800055789761,17.879999600350857,1.0,6.243885783515623,1
14:44:42.399974,127,0.4895632269346772,1.7427939053065995,-0.903625033863589,-0.5566400148672983,47.8799989297986,1.0,0.6229589897488618,1
14:44:42.399974,127,0.4583699824073248,1.7184216044554907,-0.8237259941879655,-0.5566400148672983,167.7599962502718,1.0,0.591829374773161,1
14:44:42.399974,127,0.4435781959852516,1.662967437883139,-0.7971440201408284,-0.5566400148672983,227.1199949234724,1.0,0.4488566908517515,1
14:44:42.399974,127,0.4287864095631785,1.607513271310787,-0.7705620460936913,-0.5566400148672983,56.11999874562025,1.0,0.6104047329370804,1
14:44:42.399974,127,0.4703662188385366,1.7474300470529909,-0.9048672843005306,-0.5566400148672983,44.11999901384115,1.0,0.7999546084869711,1
14:44:42.456397,128,0.6146785297058994,1.559704806001017,-1.345703059656088,-0.4174800111504737,6.239999860525131,0.6239999860525132,2.0965182852731363,1
14:44:42.456397,128,0.5035452627981147,1.5458658450033562,-0.5201828854993655,-0.6263600167294499,19.119999572634697,1.0,0.033139147210997304,1
14:44:42.456397,128,0.5210273533348463,1.585767288186697,-0.5896252750582425,-0.6263600167294499,29.519999340176582,1.0,0.01796451850878602,1
14:44:42.456397,128,0.6331960138257082,1.8486133098218065,-0.8961680313070386,-0.4174800111504737,6.519999854266644,0.6519999854266645,4.017795286252242,1
14:44:42.456397,128,0.5546077014240316,1.6735831199362938,-0.1591075057282572,-0.6263600167294499,34.759999223053455,1.0,0.46579911643320043,1
14:44:42.456397,128,0.5197980638929793,1.6227082222117184,-0.1023585616370365,-0.5566400148672983,22.239999502897263,1.0,0.2421474466521828,1
14:44:42.456397,128,0.6095226703139457,1.5763153059271442,-1.2235991313464565,-0.4174800111504737,21.119999527931213,1.0,1.7361390412004076,1
14:44:42.456397,128,0.5458438652460241,1.5423954086401763,-0.8275224755409777,-0.5566400148672983,25.75999942421913,1.0,0.2271015272555716,1
14:44:42.456397,128,0.5896431421958084,1.6232780483717613,-1.0539593416737272,-0.5566400148672983,52.11999883502722,1.0,1.1768103428873233,1
14:44:42.456397,128,0.5116566101275981,1.5526104191192285,-0.8302595793495151,-0.5566400148672983,32.75999926775694,1.0,0.09720587831745023,1
14:44:42.456397,128,0.5041581849957717,1.5907185952780454,-0.5909519737948477,-0.6263600167294499,24.63999944925308,1.0,0.027439601013469647,1
14:44:42.456397,128,0.5960995782480981,1.5655524638227647,-1.347269934847039,-0.4174800111504737,5.639999873936176,0.5639999873936177,1.7159503943809424,1
14:44:42.456397,128,0.5910995571630594,1.582113914205034,-1.2251528637517413,-0.5566400148672983,24.759999446570877,1.0,1.3896547466281417,1
14:44:42.456397,128,0.5636836442414931,1.585512438493284,-1.1233663729893315,-0.4872000130126253,63.11999858915806,1.0,0.7926384626506322,1
14:44:42.456397,128,0.4872386012605819,1.595506713871801,-0.5922349463053089,-0.6263600167294499,20.51999954134226,1.0,0.08712468875803075,1
14:44:42.456397,128,0.5774610173318848,1.5712203733686636,-1.348788646632635,-0.4174800111504737,4.999999888241291,0.4999999888241291,1.394816127956748,1
14:44:42.456397,128,0.5674395279855161,1.7123044147832824,-0.3282507312097567,-0.6263600167294499,21.87999951094389,1.0,0.7703763127297272,1
14:44:42.456397,128,0.5287766762991214,1.5475854704474516,-0.8289131484109047,-0.5566400148672983,29.639999337494373,1.0,0.13648757105892345,1
14:44:42.456397,128,0.6461842051458443,1.8267369360735464,-0.7739255797318607,-0.4872000130126253,12.639999717473984,1.0,3.8504918064155373,1
14:44:42.456397,128,0.6369516530604844,1.5405092082895775,1.404257328175874,-0.6263600167294499,34.11999923735857,1.0,3.789062635699686,1
14:44:42.456397,128,0.5521461079014032,1.5305689046643225,1.4839159173111456,-0.5566400148672983,25.23999943584204,1.0,4.073303533414028,1
14:44:42.456397,128,0.6835508798048671,1.5022654403857187,1.3598889928033504,-0.6263600167294499,19.759999558329586,1.0,4.2953203655877985,1
14:44:42.456397,128,0.6696662202695243,1.527887828366825,1.407639216733542,-0.6263600167294499,23.9999994635582,1.0,4.1847286386730635,1
14:44:42.456397,128,0.6533416034714928,1.5342775185981796,1.4059271043961654,-0.6263600167294499,28.879999354481697,1.0,3.9635006857728525,1
14:44:42.456397,128,0.6305986853544014,1.4853092404507198,1.44317773476466,-0.5566400148672983,26.239999413490292,1.0,4.015063198034144,1
14:44:42.456397,128,0.5540778506865857,1.5931758470305724,-1.2281168997190717,-0.5566400148672983,26.519999407231808,1.0,0.8725479742449713,1
14:44:42.456397,128,0.6147792715480729,1.4913240040997084,1.4415660837022497,-0.5566400148672983,28.639999359846115,1.0,3.908883192206829,1
14:44:42.456397,128,0.7296219530253524,1.5844007000917708,0.8550943747317821,-0.4872000130126253,5.519999876618385,0.5519999876618386,4.208450342932151,1
14:44:42.456397,128,0.6204980080178086,1.5465822742772704,1.4026300550488908,-0.6263600167294499,38.87999913096428,1.0,3.661963770308889,1
14:44:42.456397,128,0.5988983803296521,1.4971856657596438,1.4399954561941652,-0.5566400148672983,29.879999332129955,1.0,3.847512261898415,1
14:44:42.456397,128,0.6700391794516107,1.83558052375125,-0.8961680313070386,-0.4174800111504737,6.239999860525131,0.6239999860525132,4.937670786095796,1
14:44:42.456397,128,0.5780967174369028,1.4579985087348457,1.507272092771483,-0.5566400148672983,7.879999823868275,0.7879999823868274,4.3326007364642924,1
14:44:42.456397,128,0.6039823136941849,1.552496109259747,1.4010454477411654,-0.6263600167294499,41.879999063909054,1.0,3.582741069788943,1
14:44:42.456397,128,0.582957599774956,1.502893639269271,1.4384660093018424,-0.5566400148672983,29.639999337494373,1.0,3.8314449499803898,1
14:44:42.456397,128,0.7066143383514496,1.5277913851744012,0.6628481156821182,-0.4174800111504737,5.119999885559082,0.5119999885559082,3.2273809321546625,1
14:44:42.456397,128,0.6825872749229128,1.5513503304028735,0.7830902136843347,-0.4872000130126253,7.239999838173389,0.723999983817339,2.8552782251765416,1
14:44:42.456397,128,0.5874062216452084,1.5582501218584637,1.3995036647121006,-0.6263600167294499,41.999999061226845,1.0,3.5519189492627596,1
14:44:42.456397,128,0.5669585239486847,1.5084473538360208,1.4369778959686887,-0.5566400148672983,27.99999937415123,1.0,3.8611640235579254,1
14:44:42.456397,128,0.6883611766720089,1.534528655552834,0.661042869525027,-0.4174800111504737,5.639999873936176,0.5639999873936177,2.782604583155422,1
14:44:42.456397,128,0.6644189607040883,1.5578559250266628,0.7813470448586062,-0.4872000130126253,9.359999790787697,0.9359999790787696,2.5041181660092042,1
14:44:42.456397,128,0.571315523167467,1.569939268487576,1.414615830037921,-0.6263600167294499,39.23999912291765,1.0,3.627146035768607,1
14:44:42.456397,128,0.7006873309861174,1.5446695715456316,0.7848803176249599,-0.4872000130126253,6.11999986320734,0.611999986320734,3.2629780335427085,1
14:44:42.456397,128,0.5454334041651688,1.5908691070196983,-1.1248016879951055,-0.5566400148672983,72.87999837100506,1.0,0.607171293760364,1
14:44:42.456397,128,0.6278848317084591,1.5703390369391643,-1.221997794897376,-0.4872000130126253,16.759999625384808,1.0,2.1404233380101205,1
14:44:42.456397,128,0.5078821787636382,1.58457643583249,-0.910403270950915,-0.5566400148672983,85.35999809205532,1.0,0.15911866642625536,1
14:44:42.456397,128,0.434850809991714,1.6192840865764926,-1.1324154588202957,-0.5566400148672983,61.75999861955643,1.0,0.7296351339215172,1
14:44:42.456397,128,0.4268786957784372,1.6111155690270038,-1.0313493914584528,-0.5566400148672983,97.9999978095293,1.0,0.7393713334505032,1
14:44:42.456397,128,0.4178828555090617,1.5977128426838818,-0.9329246998841896,-0.5566400148672983,85.35999809205532,1.0,0.8123281733813148,1
14:44:42.456397,128,0.4292702528303893,1.674144546278445,-1.1689524163796,-0.5566400148672983,15.87999964505434,1.0,0.9900124025610726,1
14:44:42.456397,128,0.416257387509746,1.6233946576840943,-1.1335168830290083,-0.5566400148672983,53.75999879837036,1.0,0.9606392700766936,1
14:44:42.456397,128,0.4086261462676953,1.6151507810882415,-1.03243062327155,-0.5566400148672983,86.5199980661273,1.0,1.0034939536792014,1
14:44:42.456397,128,0.4000149516166917,1.601663018589615,-0.9339831463280917,-0.5566400148672983,75.35999831557274,1.0,1.1105943834881966,1
14:44:42.456397,128,0.4029289311459778,1.671255585249056,-1.0668148839348328,-0.5566400148672983,46.23999896645546,1.0,1.2515421743004147,1
14:44:42.456397,128,0.3903327344846738,1.6190094882432475,-1.033464560737562,-0.5566400148672983,75.11999832093716,1.0,1.3270019360395913,1
14:44:42.456397,128,0.3821070465642928,1.6054404091702494,-0.9349952950836696,-0.5566400148672983,65.11999854445457,1.0,1.4660284937856347,1
14:44:42.456397,128,0.3720002897552252,1.622691304624538,-1.0344511004636083,-0.5566400148672983,64.51999855786562,1.0,1.710300805659151,1
14:44:42.456397,128,0.3641609311273672,1.6090446366898918,-0.9359610449368958,-0.5566400148672983,55.519998759031296,1.0,1.8790145761028518,1
14:44:42.456397,128,0.365042450571606,1.6786738662754408,-1.0688026063450795,-0.5566400148672983,34.11999923735857,1.0,2.0081163911135773,1
14:44:42.456397,128,0.353630645308463,1.6261958620535597,-1.0353901437965431,-0.5566400148672983,55.11999876797199,1.0,2.1537782362239892,1
14:44:42.456397,128,0.3461783999024232,1.6124753407288095,-0.936880299313594,-0.5566400148672983,47.11999894678593,1.0,2.349919569831705,1
14:44:42.456397,128,0.3460435062615086,1.6821081762700585,-1.0697228269346954,-0.5566400148672983,29.519999340176582,1.0,2.4820430591004192,1
14:44:42.456397,128,0.3352256380934421,1.629522810077506,-1.03628159683282,-0.5566400148672983,47.11999894678593,1.0,2.657803840816148,1
14:44:42.456397,128,0.3167871085954641,1.6326718160043618,-1.0371253704278818,-0.5566400148672983,40.3599990978837,1.0,3.222728969373978,1
14:44:42.456397,128,0.5234519794587014,1.627918195899947,-0.9578521480850042,-0.5566400148672983,109.51999755203724,1.0,0.3398013413504264,1
14:44:42.456397,128,0.4484449351527054,1.669905472206525,-1.1678165599053736,-0.5566400148672983,17.879999600350857,1.0,0.8040955233218081,1
14:44:42.456397,128,0.3840048909424793,1.6750562153477533,-1.067833259700508,-0.5566400148672983,39.759999111294746,1.0,1.598082798137979,1
14:44:42.456397,128,0.4357089714659834,1.593590276467331,-0.9318200615957212,-0.5566400148672983,93.51999790966512,1.0,0.5708288654456256,1
14:44:42.456397,128,0.4253232160977352,1.5752414589312749,-0.8363235481910294,-0.5566400148672983,23.9999994635582,1.0,0.6872184961252418,1
14:44:42.456397,128,0.717178864399656,1.4229942658357828,-2.2804092902530124,-0.3480400092958007,9.63999978452921,0.963999978452921,9.1666140297437,1
14:44:42.456397,128,0.5354829595006291,1.598438065394206,-1.2295269068800034,-0.5566400148672983,26.239999413490292,1.0,0.7031149510585533,1
14:44:42.456397,128,0.5271286212053927,1.596049226874662,-1.1261896969269396,-0.5566400148672983,78.87999823689461,1.0,0.47964124389367363,1
14:44:42.456397,128,0.5009637944425381,1.6033765931218122,-1.0098609519232096,-0.5566400148672983,115.99999740719797,1.0,0.2689985412402832,1
14:44:42.456397,128,0.4944853787237284,1.5574697521648493,-0.831561633714843,-0.5566400148672983,34.35999923199415,1.0,0.10974084914497433,1
14:44:42.456397,128,0.4772646991962667,1.5621629836550806,-0.8328191813025427,-0.5566400148672983,33.87999924272299,1.0,0.17456225597608316,1
14:44:42.456397,128,0.5168345204673506,1.603520410790337,-1.2308887172245528,-0.5566400148672983,24.63999944925308,1.0,0.5938602653315314,1
14:44:42.456397,128,0.508771125825125,1.601052280050529,-1.127530260985103,-0.5566400148672983,80.11999820917845,1.0,0.41059633371782256,1
14:44:42.456397,128,0.4828379074731497,1.608128029970119,-1.0111340955896009,-0.5566400148672983,118.23999735713004,1.0,0.2970248858142243,1
14:44:42.456397,128,0.4901949495461205,1.58939681826898,-0.9116948885319816,-0.5566400148672983,93.2399979159236,1.0,0.17564247083258733,1
14:44:42.456397,128,0.4599962935987381,1.566689644270706,-0.8340320963589094,-0.5566400148672983,31.359999299049377,1.0,0.2921250081852015,1
14:44:42.456397,128,0.5056922702173033,1.6560800490659286,-1.1641120489398322,-0.5566400148672983,22.359999500215054,1.0,0.6295285567529376,1
14:44:42.456397,128,0.4903627537585234,1.605877766246173,-1.1288232461143135,-0.5566400148672983,76.51999828964472,1.0,0.40056778695886136,1
14:44:42.456397,128,0.4632539112931619,1.602517261867123,-1.029045481998688,-0.5566400148672983,115.5199974179268,1.0,0.38757212229310656,1
14:44:42.456397,128,0.4534915168907958,1.5892957321931305,-0.9306693419255893,-0.5566400148672983,98.1199978068471,1.0,0.3856787478951066,1
14:44:42.456397,128,0.4426818887572349,1.5710492813494557,-0.8352002575934532,-0.5566400148672983,27.87999937683344,1.0,0.46286892204561164,1
14:44:42.456397,128,0.467574773357214,1.6654813999688842,-1.1666311333220407,-0.5566400148672983,20.119999550282955,1.0,0.6823768586120701,1
14:44:42.456397,128,0.4534007477570013,1.61499412532329,-1.1312659671669392,-0.5566400148672983,69.87999843806028,1.0,0.559599123002974,1
14:44:42.456397,128,0.4712287135438547,1.5848296393121095,-0.9294726559447972,-0.5566400148672983,97.87999781221151,1.0,0.2564436136866034,1
14:44:42.456397,128,0.4450885577772407,1.6069042555773587,-1.0302209734205463,-0.5566400148672983,108.23999758064748,1.0,0.5342109144812023,1
14:44:42.506228,129,0.6241862854021181,1.479792036994098,1.1155060329706885,-0.6263600167294499,33.99999924004078,1.0,1.2473429193564867,1
14:44:42.506228,129,0.7655228000252967,1.4167041162909242,0.4820099622359557,-0.4174800111504737,5.999999865889549,0.5999999865889549,4.925226759598576,1
14:44:42.506228,129,0.7425496694906755,1.4395186584283783,0.5865533183428231,-0.4872000130126253,6.359999857842922,0.6359999857842922,3.2475886917307943,1
14:44:42.506228,129,0.6849446165912708,1.5753577473586964,1.0562313816554414,-0.6263600167294499,11.239999748766422,1.0,4.716914470000872,1
14:44:42.506228,129,0.6628411742446393,1.5245203098482691,1.086687180181101,-0.6263600167294499,29.639999337494373,1.0,0.6005941500256335,1
14:44:42.506228,129,0.6672512241004372,1.581888406058594,1.0544814969307603,-0.6263600167294499,13.879999689757824,1.0,3.789410397388232,1
14:44:42.506228,129,0.7478716598889615,1.4240133110085769,0.480051469414039,-0.4174800111504737,6.239999860525131,0.6239999860525132,4.532384262858116,1
14:44:42.506228,129,0.7249498837246883,1.446606195925461,0.5846542183941543,-0.4872000130126253,6.239999860525131,0.6239999860525132,2.903207381805644,1
14:44:42.506228,129,0.6457187547512776,1.530840221526346,1.0849937649507244,-0.6263600167294499,35.759999200701714,1.0,0.27048613038452207,1
14:44:42.506228,129,0.5988983803296521,1.4971856657596438,1.4399954561941652,-0.5566400148672983,28.879999354481697,1.0,1.9182722148686207,1
14:44:42.506228,129,0.592089702650868,1.4362839266197542,1.4621761227923245,-0.5566400148672983,18.35999958962202,1.0,6.497220816441911,1
14:44:42.506228,129,0.6770268444527882,1.4605199206397608,1.4322276071298146,-0.5566400148672983,31.75999929010868,1.0,2.191438817571245,1
14:44:42.506228,129,0.6798973101759053,1.5180353270513374,1.0884248260844689,-0.6263600167294499,24.23999945819378,1.0,1.0699715263263174,1
14:44:42.506228,129,0.7775247254496696,1.424835378151111,0.5904876914353565,-0.4872000130126253,6.239999860525131,0.6239999860525132,4.375795968950085,1
14:44:42.506228,129,0.8005936679379004,1.4015760889243098,0.4860635049519159,-0.4174800111504737,5.519999876618385,0.5519999876618386,6.15078767277576,1
14:44:42.506228,129,0.6299980890415695,1.479458677727492,1.4271529824625078,-0.5566400148672983,34.99999921768904,1.0,1.7586865125746893,1
14:44:42.506228,129,0.7056394857042652,1.467049456412897,1.0266040307700743,-0.6263600167294499,19.879999555647373,1.0,1.1107821368227349,1
14:44:42.506228,129,0.7948964981663826,1.4172411036866528,0.5925225711452085,-0.4872000130126253,5.879999868571758,0.5879999868571758,5.148694507816593,1
14:44:42.506228,129,0.6457394368027555,1.4732972874013104,1.4288039220246609,-0.5566400148672983,35.879999198019505,1.0,1.7815585311150723,1
14:44:42.506228,129,0.6794304410013807,1.474731787633464,1.2947867056147548,-0.5566400148672983,29.519999340176582,1.0,1.3207864693468228,1
14:44:42.506228,129,0.6614162111612623,1.4669841579361809,1.4304955199665557,-0.5566400148672983,34.639999225735664,1.0,1.927288849777503,1
14:44:42.506228,129,0.6925697756270821,1.453905221930364,1.4340000103071726,-0.5566400148672983,27.99999937415123,1.0,2.569646602974337,1
14:44:42.506228,129,0.7209435192550203,1.4219258830757826,1.389904514125739,-0.5566400148672983,23.9999994635582,1.0,3.3863503881147685,1
14:44:42.506228,129,0.582957599774956,1.502893639269271,1.4384660093018424,-0.5566400148672983,24.99999944120645,1.0,2.238367470751281,1
14:44:42.506228,129,0.6147792715480729,1.4913240040997084,1.4415660837022497,-0.5566400148672983,32.51999927312136,1.0,1.733642244933597,1
14:44:42.506228,129,0.7301457332132051,1.4311516461937563,0.4781387582658674,-0.4174800111504737,6.239999860525131,0.6239999860525132,4.293576379984219,1
14:44:42.506228,129,0.5591725542033689,1.559942174865076,1.0771959200554435,-0.6263600167294499,43.99999901652336,1.0,0.9036408126094424,1
14:44:42.506228,129,0.6494911070462172,1.5882478360328998,1.052777492804823,-0.6263600167294499,16.8799996227026,1.0,3.00168493145781,1
14:44:42.506228,129,0.7072776035776923,1.453523381009686,0.5828007642369397,-0.4872000130126253,5.759999871253967,0.5759999871253967,2.7127559264736605,1
14:44:42.506228,129,0.4712287135438547,1.5848296393121095,1.0705273440552028,-0.6263600167294499,17.11999961733818,1.0,5.8729768681781405,1
14:44:42.506228,129,0.4917331526880429,1.6747814032018455,1.108424920172641,-0.5566400148672983,13.999999687075617,1.0,3.9012846052685317,1
14:44:42.506228,129,0.4889187877203551,1.5801924444298143,1.071769876679059,-0.6263600167294499,20.999999530613422,1.0,4.49651591767128,1
14:44:42.506228,129,0.5101929699616486,1.6699424313956683,1.1097215187603031,-0.5566400148672983,16.119999639689922,1.0,3.6045821959640354,1
14:44:42.506228,129,0.5065599704277,1.5753846112618488,1.0730581316937593,-0.6263600167294499,25.999999418854717,1.0,3.3174252497861305,1
14:44:42.506228,129,0.5286017683656983,1.6649253963692965,1.1110658292440183,-0.5566400148672983,18.519999586045746,1.0,3.4988141249518314,1
14:44:42.506228,129,0.5241504975623984,1.5704066205875011,1.0743919802748805,-0.6263600167294499,31.87999928742647,1.0,2.329602683013443,1
14:44:42.506228,129,0.5430428340951712,1.6322591197726408,1.0606198792877533,-0.3480400092958007,20.87999953329563,1.0,1.8769509824154311,1
14:44:42.506228,129,0.5612130855287691,1.6269259288905298,1.062048903477696,-0.6263600167294499,22.63999949395657,1.0,1.808332962715735,1
14:44:42.506228,129,0.5416886100864744,1.5652589702016684,1.075771289038682,-0.6263600167294499,38.239999145269394,1.0,1.527002960601375,1
14:44:42.506228,129,0.7098221009558273,1.503233609543406,0.5392430847814338,-0.4174800111504737,5.879999868571758,0.5879999868571758,2.458081401503819,1
14:44:42.506228,129,0.6930898517006966,1.474071422396079,0.5970868164221486,-0.4872000130126253,4.999999888241291,0.4999999888241291,2.0537401561101314,1
14:44:42.506228,129,0.6316660414254366,1.5944354013439443,1.051119539676614,-0.6263600167294499,19.999999552965164,1.0,2.359737495245313,1
14:44:42.506228,129,0.6112819204457638,1.5429823201526154,1.0817402994293968,-0.6263600167294499,46.23999896645546,1.0,0.05009016365137912,1
14:44:42.506228,129,0.6285317639234247,1.5369944300996954,1.083344749733443,-0.6263600167294499,41.879999063909054,1.0,0.08513039207562625,1
14:44:42.506228,129,0.6150558200012053,1.6581281941853097,1.017219159071614,-0.6263600167294499,6.359999857842922,0.6359999857842922,6.959826277444481,1
14:44:42.506228,129,0.5958282007672618,1.6062924802190568,1.0479424449674353,-0.6263600167294499,22.359999500215054,1.0,1.5375926861149918,1
14:44:42.506228,129,0.5766005815333183,1.554456766252804,1.0786657308632566,-0.6263600167294499,47.11999894678593,1.0,0.45359398056113515,1
14:44:42.506228,129,0.5778190094839083,1.6119608080851715,1.046423621093275,-0.6263600167294499,23.23999948054552,1.0,1.3698033463374495,1
14:44:42.506228,129,0.6730809046284975,1.5165918718066598,0.5356637491957119,-0.4174800111504737,5.239999882876873,0.5239999882876873,1.859869546523773,1
14:44:42.558760,130,0.592089702650868,1.4362839266197542,1.4621761227923245,-0.6263600167294499,34.759999223053455,1.0,1.186049333198321,1
14:44:42.558760,130,0.5614424686760561,1.4474265629517755,1.4591904623856058,-0.6263600167294499,30.879999309778214,1.0,1.2482731021853088,1
14:44:42.558760,130,0.5824023778991517,1.497026328770732,1.4224457445525598,-0.5566400148672983,65.63999853283167,1.0,0.20680733516241806,1
14:44:42.558760,130,0.6018928037981658,1.5333129895063415,1.351569827089514,-0.6263600167294499,28.759999357163903,1.0,1.0399072915082501,1
14:44:42.558760,130,0.5767949251681008,1.4419292527878464,1.460663462204574,-0.6263600167294499,33.7599992454052,1.0,1.169084620855871,1
14:44:42.558760,130,0.596258027691988,1.4728458018292088,1.3762605630171,-0.6263600167294499,61.63999862223864,1.0,0.3079423246376902,1
14:44:42.558760,130,0.6183513611726665,1.527419613759904,1.353148952361465,-0.5566400148672983,23.11999948322773,1.0,1.4278350439864005,1
14:44:42.558760,130,0.5693100957818489,1.3810254361339271,1.4828679477518047,-0.6263600167294499,6.999999843537808,0.6999999843537809,5.162313248146748,1
14:44:42.558760,130,0.6120689051077434,1.467009982372781,1.3778242661276234,-0.5566400148672983,51.87999884039164,1.0,0.4769536844826776,1
14:44:42.558760,130,0.7025695151942926,1.5686565129936054,1.0580269719918594,-0.4872000130126253,6.239999860525131,0.6239999860525132,6.523636127995648,1
14:44:42.558760,130,0.6067468414671003,1.424856512117163,1.4482949637775997,-0.6263600167294499,33.639999248087406,1.0,1.510332763788685,1
14:44:42.558760,130,0.6278185761457797,1.4610217359053164,1.3794288119326592,-0.5566400148672983,40.99999908357859,1.0,0.7409958565902413,1
14:44:42.558760,130,0.6219072256026539,1.4189225193249877,1.4498849723541551,-0.5566400148672983,30.63999931514263,1.0,1.6809681555878937,1
14:44:42.558760,130,0.6370054195366814,1.412842387608132,1.4515141387375614,-0.5566400148672983,26.6399994045496,1.0,1.9418297076209199,1
14:44:42.558760,130,0.6591280055511414,1.4485903723984872,1.3827597857451317,-0.5566400148672983,24.63999944925308,1.0,1.5443063369182586,1
14:44:42.558760,130,0.6497841456677733,1.3889233342175955,1.4072025704755218,-0.5566400148672983,22.63999949395657,1.0,3.022554230152021,1
14:44:42.558760,130,0.6746846330017573,1.4421484984850583,1.384485880657978,-0.5566400148672983,19.35999956727028,1.0,2.0787623285998333,1
14:44:42.558760,130,0.5853740576475516,1.5390470957833098,1.3500333779432865,-0.6263600167294499,35.23999921232462,1.0,0.7493656200534953,1
14:44:42.558760,130,0.6347480839291052,1.5213675578766346,1.3547705958479352,-0.5566400148672983,18.639999583363533,1.0,1.910353215730836,1
14:44:42.558760,130,0.5664185399510638,1.5025747538553298,1.4209590485318773,-0.5566400148672983,60.99999863654375,1.0,0.11509803519463421,1
14:44:42.558760,130,0.6435054658521884,1.4548816612464446,1.3810740399789705,-0.5566400148672983,31.75999929010868,1.0,1.0975903025163156,1
14:44:42.558760,130,0.5687967745815995,1.544621359184985,1.348539758566409,-0.6263600167294499,41.999999061226845,1.0,0.5590541350484368,1
14:44:42.558760,130,0.5460338684075207,1.4527753073851306,1.457757270634168,-0.6263600167294499,26.99999939650297,1.0,1.4260056272371657,1
14:44:42.558760,130,0.4190900233086474,1.6130179728886715,1.4030729259826684,-0.6263600167294499,16.99999962002039,1.0,3.6607624584860274,1
14:44:42.558760,130,0.4357788600891749,1.6027546057443576,1.3875787241953117,-0.6263600167294499,20.999999530613422,1.0,2.926675742709551,1
14:44:42.558760,130,0.4528232700742658,1.598462951342336,1.3887286695265266,-0.6263600167294499,25.999999418854717,1.0,2.367335060882935,1
14:44:42.558760,130,0.4698223981117251,1.594006877910858,1.389922670803905,-0.6263600167294499,32.119999282062054,1.0,1.9294341441375242,1
14:44:42.558760,130,0.4698298502199199,1.5385001895659738,1.4289252629045823,-0.6263600167294499,18.879999577999115,1.0,1.5715290926406569,1
14:44:42.558760,130,0.4867745443029908,1.5893868310535328,1.391160608628319,-0.6263600167294499,38.87999913096428,1.0,1.6097561448521978,1
14:44:42.558760,130,0.326922212920892,1.692708464854879,1.375834565957044,-0.6263600167294499,8.879999801516533,0.8879999801516533,10.190905419254163,1
14:44:42.558760,130,0.4861449070966148,1.533883147656898,1.4301623955555405,-0.6263600167294499,23.9999994635582,1.0,1.0690646840881795,1
14:44:42.558760,130,0.5036780134476464,1.5846032727711754,1.392442359207024,-0.6263600167294499,44.99999899417162,1.0,1.4051212926395975,1
14:44:42.558760,130,0.5024113498898928,1.5291087478800691,1.4314416921200848,-0.6263600167294499,30.879999309778214,1.0,0.6790765706194438,1
14:44:42.558760,130,0.5354732342492265,1.5552881437156725,1.3456816022655744,-0.6263600167294499,48.119998924434185,1.0,0.4907318745666225,1
14:44:42.558760,130,0.5006139525717973,1.484052798737003,1.500290866806039,-0.6263600167294499,19.239999569952488,1.0,1.5518152303361716,1
14:44:42.558760,130,0.5342825439510345,1.5132070640700284,1.4181101295961716,-0.6263600167294499,39.99999910593033,1.0,0.23320917370231126,1
14:44:42.558760,130,0.5521626123147276,1.5500352222896974,1.3470891183195686,-0.6263600167294499,46.999998949468136,1.0,0.4718639751974139,1
14:44:42.558760,130,0.5305706652096122,1.4579749512179494,1.4563640302682344,-0.6263600167294499,22.99999948590994,1.0,1.704713816424241,1
14:44:42.558760,130,0.5503780606235267,1.507968512078863,1.4195137953717127,-0.6263600167294499,50.87999886274338,1.0,0.12300254124810797,1
14:44:42.697708,131,0.576126466532033,1.6286865074736236,-0.386321000112986,-0.6958000185841229,68.63999846577644,1.0,0.7450767142287235,1
14:44:42.697708,131,0.6089203600080477,1.6177358173916072,-0.6114485993462276,-0.6958000185841229,44.519999004900455,1.0,1.0722171162590297,1
14:44:42.697708,131,0.6250670024361782,1.6115658293006438,-0.6114485993462276,-0.6958000185841229,34.11999923735857,1.0,1.2743503260857112,1
14:44:42.697708,131,0.5803875249730088,1.5899787202601714,-0.2212854870440939,-0.6263600167294499,122.75999725610018,1.0,1.6578073051367443,1
14:44:42.697708,131,0.5923842537143666,1.6228439053145527,-0.386321000112986,-0.6958000185841229,52.11999883502722,1.0,1.1338288698911692,1
14:44:42.697708,131,0.5644589839877817,1.5957030003794406,-0.2212854870440939,-0.6263600167294499,142.11999682337046,1.0,1.2607795302849087,1
14:44:42.697708,131,0.560907738293032,1.536613606497929,-0.16412614110669,-0.6263600167294499,102.11999771744011,1.0,1.265268266196129,1
14:44:42.697708,131,0.5455138135205325,1.5421457602347004,-0.16412614110669,-0.6263600167294499,85.63999808579683,1.0,1.2602819820511355,1
14:44:42.697708,131,0.5305706652096122,1.5489990020333202,-0.1477603386059905,-0.6263600167294499,67.23999849706888,1.0,1.1973652031132094,1
14:44:42.697708,131,0.5927128260540705,1.6237440332561717,-0.6114485993462276,-0.6958000185841229,58.87999868392944,1.0,0.9980192618038704,1
14:44:42.697708,131,0.5610349022160256,1.6379392239771742,-0.3690261471035905,-0.6958000185841229,89.63999799638987,1.0,0.9040132679061457,1
14:44:42.697708,131,0.5484739975770598,1.6012677115355527,-0.2212854870440939,-0.6263600167294499,142.35999681800604,1.0,0.9751332920323903,1
14:44:42.697708,131,0.6108974493430199,1.67356103107452,-0.8170667944467012,-0.6958000185841229,11.239999748766422,1.0,1.4361255111854963,1
14:44:42.697708,131,0.5874190707454494,1.660610248501078,-0.7035434188144772,-0.6958000185841229,34.99999921768904,1.0,0.7257528115647611,1
14:44:42.697708,131,0.5601215724548712,1.635272761277061,-0.6114485993462276,-0.6958000185841229,77.87999825924635,1.0,1.251754424278322,1
14:44:42.697708,131,0.6343896588598275,1.6356017718029798,-0.7211223953435977,-0.6958000185841229,20.51999954134226,1.0,1.5610329321482306,1
14:44:42.697708,131,0.601552931216647,1.6479616094248055,-0.7211223953435977,-0.6958000185841229,31.359999299049377,1.0,1.2524836832844986,1
14:44:42.697708,131,0.5762455727616311,1.5309277926878837,-0.16412614110669,-0.6263600167294499,108.63999757170676,1.0,1.3868601777503802,1
14:44:42.697708,131,0.6067468414671003,1.5190974744634638,-0.16412614110669,-0.6263600167294499,83.8799981251359,1.0,1.9637225891161005,1
14:44:42.697708,131,0.6247204944504654,1.6106724523871645,-0.386321000112986,-0.6958000185841229,40.11999910324812,1.0,2.2433179925227344,1
14:44:42.697708,131,0.6795526828604805,1.4817303727869289,-0.2131185358526598,-0.6263600167294499,30.63999931514263,1.0,4.994244232099619,1
14:44:42.697708,131,0.6497841456677733,1.495024183905053,-0.2131185358526598,-0.6263600167294499,39.11999912559986,1.0,3.6187545955265383,1
14:44:42.697708,131,0.6582333375510713,1.5568682864007135,-0.2382001027222521,-0.6263600167294499,33.639999248087406,1.0,4.496318609767676,1
14:44:42.697708,131,0.6348016643972327,1.501447166336755,-0.2131185358526598,-0.6263600167294499,50.6399988681078,1.0,3.0798938473239748,1
14:44:42.697708,131,0.642632003120641,1.56337266716195,-0.2382001027222521,-0.6263600167294499,42.87999904155731,1.0,3.6511393271038117,1
14:44:42.697708,131,0.6197557034920901,1.5077200053097366,-0.2131185358526598,-0.6263600167294499,65.75999853014946,1.0,2.6446071488583067,1
14:44:42.697708,131,0.6992888392077506,1.6089246453929442,-0.7211223953435977,-0.6958000185841229,9.999999776482582,0.9999999776482582,3.6629131760766165,1
14:44:42.697708,131,0.596258027691988,1.5840954436009618,-0.2212854870440939,-0.6263600167294499,96.63999783992767,1.0,2.1616612457520104,1
14:44:42.697708,131,0.6269664060282963,1.5697207119662653,-0.2382001027222521,-0.6263600167294499,55.75999875366688,1.0,2.8983658363991127,1
14:44:42.697708,131,0.5834033270371769,1.4606528788066424,-0.1578116773445256,-0.6263600167294499,25.75999942421913,1.0,7.414865414318445,1
14:44:42.697708,131,0.6831648971171647,1.6158369715228789,-0.7211223953435977,-0.6958000185841229,12.519999720156193,1.0,2.962351921575152,1
14:44:42.697708,131,0.6407957144072484,1.6043448187539422,-0.386321000112986,-0.6958000185841229,31.359999299049377,1.0,2.9550662964141194,1
14:44:42.697708,131,0.6120689051077434,1.5780537587245484,-0.2212854870440939,-0.6263600167294499,73.35999836027622,1.0,2.767944571453486,1
14:44:42.697708,131,0.5915257831557331,1.5250888873811823,-0.16412614110669,-0.6263600167294499,100.87999774515627,1.0,1.620986025448027,1
14:44:42.697708,131,0.6669726391092231,1.6225877153094106,-0.7211223953435977,-0.6958000185841229,15.87999964505434,1.0,2.3758336042860315,1
14:44:42.697708,131,0.6388511312830077,1.599476212753826,-0.6287031463573121,-0.6958000185841229,26.6399994045496,1.0,2.042922859495258,1
14:44:42.697708,131,0.5478646438049414,1.6532352823943857,-0.3169271104030934,-0.6958000185841229,112.2399974912405,1.0,2.4905491566804696,1
14:44:42.697708,131,0.5342825439510345,1.6122499643210455,-0.1704156465140631,-0.6263600167294499,123.23999724537134,1.0,2.0347459484088217,1
14:44:42.697708,131,0.6180021948891002,1.641863783115271,-0.7211223953435977,-0.6958000185841229,25.999999418854717,1.0,1.3412447618001426,1
14:44:42.697708,131,0.5773062854277884,1.6854434642403724,-0.8170667944467012,-0.6958000185841229,13.35999970138073,1.0,1.5641104548097164,1
14:44:42.697708,131,0.4534678107518268,1.6384986116624003,-0.1534226873481909,-0.6263600167294499,42.35999905318022,1.0,2.4294880842356497,1
14:44:42.697708,131,0.4867851921556761,1.6928460469872093,-0.7035434188144772,-0.6958000185841229,23.11999948322773,1.0,3.4562211510115635,1
14:44:42.697708,131,0.4672093188386569,1.6881502989234856,-0.5418363129039522,-0.6958000185841229,84.63999810814857,1.0,2.006581099472504,1
14:44:42.697708,131,0.4653747341857935,1.6815214614725758,-0.2994950610314774,-0.6958000185841229,64.3599985614419,1.0,2.573523516891349,1
14:44:42.697708,131,0.4370604248825743,1.6429512898467598,-0.1534226873481909,-0.5566400148672983,33.11999925971031,1.0,2.7973254721768357,1
14:44:42.697708,131,0.4698326751480695,1.6976291760762914,-0.7035434188144772,-0.6958000185841229,19.999999552965164,1.0,4.472489328228392,1
14:44:42.697708,131,0.4503047373134828,1.6927379073318385,-0.5418363129039522,-0.6958000185841229,65.35999853909016,1.0,2.8580749218422365,1
14:44:42.697708,131,0.4333551256918431,1.6971562433676348,-0.5418363129039522,-0.6958000185841229,50.1199988797307,1.0,3.878990825390174,1
14:44:42.697708,131,0.4166760442395579,1.7026874312157545,-0.2470262049467292,-0.6958000185841229,37.75999915599823,1.0,4.960522032374815,1
14:44:42.697708,131,0.4211795962477293,1.7210905563921357,-0.4713572039853571,-0.5566400148672983,38.87999913096428,1.0,3.579226664156955,1
14:44:42.697708,131,0.4001717940100418,1.7090888217335076,-0.2294848467720018,-0.6958000185841229,29.759999334812164,1.0,5.908467122861901,1
14:44:42.697708,131,0.4039479191120941,1.7252162282573744,-0.4713572039853571,-0.5566400148672983,30.759999312460423,1.0,4.495230733372402,1
14:44:42.697708,131,0.5150544053896952,1.554227170837603,-0.1477603386059905,-0.6263600167294499,51.63999884575605,1.0,1.3899954795112226,1
14:44:42.697708,131,0.4821663996307495,1.6767837164281163,-0.2994950610314774,-0.6958000185841229,84.35999811440706,1.0,2.4594009298024826,1
14:44:42.697708,131,0.4840671798233755,1.6833938768995744,-0.5418363129039522,-0.6958000185841229,105.2399976477027,1.0,1.318383768387744,1
14:44:42.697708,131,0.4336818007636683,1.6984356066538444,-0.2470262049467292,-0.6958000185841229,48.99999890476465,1.0,4.654091049199872,1
14:44:42.697708,131,0.4524899084719088,1.5735806372131924,-0.1477603386059905,-0.6263600167294499,24.63999944925308,1.0,3.4870172996694775,1
14:44:42.697708,131,0.570783874691119,1.666401311357757,-0.7035434188144772,-0.6958000185841229,35.759999200701714,1.0,0.8077250864691963,1
14:44:42.697708,131,0.5036890310518961,1.6878936347116966,-0.7035434188144772,-0.6958000185841229,26.6399994045496,1.0,2.609803648057025,1
14:44:42.697708,131,0.5437411119077041,1.640792120570243,-0.6114485993462276,-0.6958000185841229,99.63999777287243,1.0,1.5892557173028234,1
14:44:42.697708,131,0.5313051738856522,1.658631176328088,-0.3169271104030934,-0.6958000185841229,127.23999715596436,1.0,2.163722613686562,1
14:44:42.697708,131,0.5019328420666499,1.6226124633685328,-0.1704156465140631,-0.6263600167294499,96.99999783188105,1.0,1.7111019673764751,1
14:44:42.697708,131,0.5604232669954938,1.6911321592812063,-0.8170667944467012,-0.6958000185841229,14.999999664723871,1.0,1.8467006629300222,1
14:44:42.697708,131,0.5540916007275228,1.6720257354794126,-0.7035434188144772,-0.6958000185841229,33.87999924272299,1.0,1.0318065272320576,1
14:44:42.697708,131,0.534343606186094,1.6681165696357003,-0.5418363129039522,-0.6958000185841229,116.63999739289284,1.0,0.1745455808906594,1
14:44:42.697708,131,0.4838689274862235,1.564216736930827,-0.1477603386059905,-0.6263600167294499,39.759999111294746,1.0,2.1636830793730475,1
14:44:42.697708,131,0.4856818917978435,1.6275505780785036,-0.1704156465140631,-0.6263600167294499,73.35999836027622,1.0,1.7345247532730843,1
14:44:42.697708,131,0.468202827924332,1.568977135271528,-0.1477603386059905,-0.6263600167294499,30.999999307096004,1.0,2.754195289987525,1
14:44:42.697708,131,0.5434842067060227,1.6966517425229446,-0.8170667944467012,-0.6958000185841229,15.999999642372131,1.0,2.2820913184410427,1
14:44:42.697708,131,0.5373439180680722,1.677482958428345,-0.7035434188144772,-0.6958000185841229,30.51999931782484,1.0,1.403225932924884,1
14:44:42.697708,131,0.5176360019241373,1.6733765113916026,-0.5418363129039522,-0.6958000185841229,118.99999734014273,1.0,0.4081168168667826,1
14:44:42.697708,131,0.5146925738941028,1.6638612085337596,-0.3169271104030934,-0.6958000185841229,124.99999720603228,1.0,1.9591681874805917,1
14:44:42.697708,131,0.4980285050763736,1.6689248560125625,-0.3169271104030934,-0.6958000185841229,107.11999760568142,1.0,1.8823846072725132,1
14:44:42.697708,131,0.469382373746762,1.6323259390942295,-0.1704156465140631,-0.6263600167294499,55.35999876260757,1.0,1.8885524873757547,1
14:44:42.719778,132,0.658578252045855,1.5576840859171075,-0.523144659349998,-0.6958000185841229,85.35999809205532,1.0,1.7234089091021887,1
14:44:42.719778,132,0.6429687425108287,1.5641918749760952,-0.523144659349998,-0.6958000185841229,105.1199976503849,1.0,1.3144987635416387,1
14:44:42.719778,132,0.6571711603626035,1.5987430205294697,-0.6114485993462276,-0.6958000185841229,55.35999876260757,1.0,1.877131194230518,1
14:44:42.719778,132,0.6774027027433459,1.6479616094248055,-0.6503914332441951,-0.6958000185841229,24.63999944925308,1.0,1.8981892794846136,1
14:44:42.719778,132,0.6038270483365665,1.5117872586248038,-0.2294088862773183,-0.5566400148672983,90.9999979659915,1.0,2.826620592391002,1
14:44:42.719778,132,0.5813850112726663,1.455599670168383,-0.2049191761247518,-0.5566400148672983,60.11999865621328,1.0,2.589909949036363,1
14:44:42.719778,132,0.62293171055591,1.5596191419481813,-0.3056034895964301,-0.5566400148672983,69.87999843806028,1.0,3.8052848425490042,1
14:44:42.719778,132,0.6731254654720025,1.592091482119392,-0.6114485993462276,-0.6958000185841229,42.23999905586243,1.0,2.3418797920611816,1
14:44:42.719778,132,0.6179004572761887,1.547022514115509,-0.3725179761010405,-0.6958000185841229,83.51999813318253,1.0,0.5600503879647583,1
14:44:42.719778,132,0.7088125452582144,1.6764993654394835,-0.7270041391202717,-0.6958000185841229,15.119999662041664,1.0,3.7319891519248625,1
14:44:42.719778,132,0.5886792369520222,1.5177498396062292,-0.2294088862773183,-0.5566400148672983,88.99999801069498,1.0,2.8951114618143468,1
14:44:42.719778,132,0.5521586861594083,1.4669354847523255,-0.2049191761247518,-0.5566400148672983,40.11999910324812,1.0,2.575627849241352,1
14:44:42.719778,132,0.6920123910633503,1.6835035483328225,-0.7270041391202717,-0.6958000185841229,15.87999964505434,1.0,3.327363247323193,1
14:44:42.719778,132,0.6608894918249495,1.65465312601081,-0.6503914332441951,-0.6958000185841229,28.879999354481697,1.0,1.6063638737636898,1
14:44:42.719778,132,0.6411511386877468,1.605234685976922,-0.6114485993462276,-0.6958000185841229,73.35999836027622,1.0,1.5044195974795485,1
14:44:42.719778,132,0.6115584018015175,1.5767375643312245,-0.523144659349998,-0.6958000185841229,128.87999711930752,1.0,0.7620406235946922,1
14:44:42.719778,132,0.5965308472047446,1.5379930883123003,-0.4388365133367901,-0.6958000185841229,96.35999784618616,1.0,1.132706517530715,1
14:44:42.719778,132,0.5734725581369787,1.523560646875266,-0.2294088862773183,-0.5566400148672983,77.51999826729298,1.0,3.024206256969336,1
14:44:42.719778,132,0.6582061676169614,1.6970061837086543,-0.7270041391202717,-0.6958000185841229,15.639999650418758,1.0,2.7675486339217628,1
14:44:42.719778,132,0.6443101925110645,1.6611791786704828,-0.6503914332441951,-0.6958000185841229,32.87999926507473,1.0,1.3958823556464157,1
14:44:42.719778,132,0.6938481739589963,1.6411052980585223,-0.6503914332441951,-0.6958000185841229,20.51999954134226,1.0,2.272975118274628,1
14:44:42.719778,132,0.6250670024361782,1.6115658293006438,-0.6114485993462276,-0.6958000185841229,95.51999786496162,1.0,1.2222333806514332,1
14:44:42.719778,132,0.5668001884880288,1.4613406438803924,-0.2049191761247518,-0.5566400148672983,50.6399988681078,1.0,2.5462182438181777,1
14:44:42.719778,132,0.5959116960432612,1.4497131377088603,-0.2049191761247518,-0.5566400148672983,64.51999855786562,1.0,2.7078317742655784,1
14:44:42.719778,132,0.6795526828604805,1.4817303727869289,-0.2131185358526598,-0.5566400148672983,41.35999907553196,1.0,4.15163609365222,1
14:44:42.719778,132,0.6539974310634896,1.546849425157358,-0.3056034895964301,-0.5566400148672983,57.6399987116456,1.0,3.8162763708137106,1
14:44:42.719778,132,0.5957607116349881,1.5827742100689413,-0.523144659349998,-0.6958000185841229,154.51999654620886,1.0,0.6157459958291782,1
14:44:42.719778,132,0.694904859148198,1.4025766545833396,-0.2205827840528412,-0.6263600167294499,19.35999956727028,1.0,6.264780982107464,1
14:44:42.719778,132,0.7090494080527759,1.4678438893023251,-0.2131185358526598,-0.6263600167294499,25.63999942690134,1.0,4.776677548606001,1
14:44:42.719778,132,0.6808445817255948,1.4094554589574193,-0.2205827840528412,-0.6263600167294499,24.759999446570877,1.0,5.53511323611759,1
14:44:42.719778,132,0.6943357619538684,1.474860873470481,-0.2131185358526598,-0.6263600167294499,32.35999927669764,1.0,4.429481947806925,1
14:44:42.719778,132,0.666716220415231,1.4161933189664462,-0.2205827840528412,-0.6263600167294499,31.87999928742647,1.0,4.89388842736169,1
14:44:42.719778,132,0.6525211880414014,1.4227895608300645,-0.2205827840528412,-0.6263600167294499,40.99999908357859,1.0,4.33907300725344,1
14:44:42.719778,132,0.7589198761845906,1.6120460630372666,-0.6503914332441951,-0.6263600167294499,12.359999723732471,1.0,4.640070764824715,1
14:44:42.719778,132,0.6497841456677733,1.495024183905053,-0.2131185358526598,-0.5566400148672983,53.35999880731106,1.0,3.7957369125333305,1
14:44:42.719778,132,0.623936794593825,1.4355545658740918,-0.2205827840528412,-0.5566400148672983,51.63999884575605,1.0,3.4811746356497952,1
14:44:42.719778,132,0.6197557034920901,1.5077200053097366,-0.2131185358526598,-0.5566400148672983,82.23999816179276,1.0,3.693890277890146,1
14:44:42.719778,132,0.770293534583664,1.6795862262651802,-0.6536347175994579,-0.6263600167294499,10.759999759495258,1.0,9.459792247767421,1
14:44:42.719778,132,0.7205781610505856,1.5711843601312283,-0.6114485993462276,-0.6958000185841229,26.359999410808086,1.0,4.305872610866253,1
14:44:42.719778,132,0.6895981449433624,1.5442018728384777,-0.523144659349998,-0.6263600167294499,57.51999871432781,1.0,2.814613738021423,1
14:44:42.719778,132,0.6582333375510713,1.5568682864007135,-0.2382001027222521,-0.5566400148672983,47.35999894142151,1.0,10.119395850062874,1
14:44:42.719778,132,0.6348016643972327,1.501447166336755,-0.2131185358526598,-0.5566400148672983,67.75999848544598,1.0,3.713910678570512,1
14:44:42.719778,132,0.6103787901435073,1.4436816351501371,-0.2049191761247518,-0.5566400148672983,60.99999863654375,1.0,2.9012455125060246,1
14:44:42.719778,132,0.5859559158897816,1.3859161039635193,-0.1967198163968438,-0.6263600167294499,13.23999970406294,1.0,9.759663367793532,1
14:44:42.719778,132,0.7365499966477485,1.694655163541924,-0.6536347175994579,-0.6263600167294499,12.359999723732471,1.0,8.801684768889059,1
14:44:42.719778,132,0.7265293260870513,1.6269010498974668,-0.6503914332441951,-0.6958000185841229,17.11999961733818,1.0,3.2787557637614784,1
14:44:42.719778,132,0.6890124585987993,1.585280735894958,-0.6114485993462276,-0.6958000185841229,32.87999926507473,1.0,2.9003379468025097,1
14:44:42.719778,132,0.6741219043074341,1.5510205297545572,-0.523144659349998,-0.6958000185841229,69.75999844074249,1.0,2.2228613030593665,1
14:44:42.719778,132,0.7427617389116233,1.6195545335156103,-0.6503914332441951,-0.6263600167294499,14.51999967545271,1.0,3.913842330621327,1
14:44:42.719778,132,0.5811213467037991,1.543881398219559,-0.4388365133367901,-0.6958000185841229,105.2399976477027,1.0,1.016544127328154,1
14:44:42.719778,132,0.7195669006409189,1.7019358085377738,-0.6536347175994579,-0.6958000185841229,13.879999689757824,1.0,8.575012096551596,1
14:44:42.719778,132,0.5374619684247708,1.4723836333047835,-0.2049191761247518,-0.5566400148672983,31.359999299049377,1.0,2.6771435057028388,1
14:44:42.719778,132,0.5540916007275228,1.6720257354794126,-0.7035434188144772,-0.6958000185841229,34.35999923199415,1.0,2.1490647923358104,1
14:44:42.719778,132,0.527306277704893,1.6461474020260254,-0.6114485993462276,-0.6958000185841229,88.2399980276823,1.0,1.3659524858299492,1
14:44:42.719778,132,0.5159104275161892,1.6105717793278422,-0.523144659349998,-0.6958000185841229,133.35999701917171,1.0,1.1426843520723715,1
14:44:42.719778,132,0.4874983299947868,1.5759496088439855,-0.4388365133367901,-0.6958000185841229,60.75999864190817,1.0,2.0529174818554194,1
14:44:42.719778,132,0.5530169496892634,1.7264111077335096,-0.7451693132323455,-0.5566400148672983,7.759999826550484,0.7759999826550483,2.567281595707497,1
14:44:42.719778,132,0.5205425014670021,1.682772434486831,-0.7035434188144772,-0.6958000185841229,29.519999340176582,1.0,2.6343391132385676,1
14:44:42.719778,132,0.5108187133160893,1.6513380701207483,-0.6114485993462276,-0.6958000185841229,70.35999842733145,1.0,1.6887775519113037,1
14:44:42.719778,132,0.4997791832049107,1.6156502695887565,-0.523144659349998,-0.6958000185841229,107.51999759674072,1.0,1.495056594579464,1
14:44:42.719778,132,0.4717147222032499,1.580745713965383,-0.4388365133367901,-0.6958000185841229,49.75999888777733,1.0,2.5092451238392903,1
14:44:42.719778,132,0.5036890310518961,1.6878936347116966,-0.7035434188144772,-0.6958000185841229,25.359999433159828,1.0,3.0106318399773055,1
14:44:42.719778,132,0.5702531220311636,1.720794710697058,-0.7451693132323455,-0.5566400148672983,8.119999818503857,0.8119999818503857,2.358919446903128,1
14:44:42.719778,132,0.5008766344956637,1.678469116898322,-0.5418363129039522,-0.6958000185841229,55.99999874830246,1.0,2.846116124628928,1
14:44:42.719778,132,0.4558839433346956,1.585383745839734,-0.4388365133367901,-0.6958000185841229,40.8799990862608,1.0,3.045985337939397,1
14:44:42.719778,132,0.4867851921556761,1.6928460469872093,-0.7035434188144772,-0.6958000185841229,21.7599995136261,1.0,3.4759238713190523,1
14:44:42.719778,132,0.4672093188386569,1.6881502989234856,-0.5418363129039522,-0.6958000185841229,44.99999899417162,1.0,3.9293959036706867,1
14:44:42.719778,132,0.4563113135426169,1.6487729360234684,-0.4550968586610736,-0.6958000185841229,68.35999847203493,1.0,3.692886258023671,1
14:44:42.719778,132,0.4698326751480695,1.6976291760762914,-0.7035434188144772,-0.6958000185841229,18.879999577999115,1.0,4.030350649163797,1
14:44:42.719778,132,0.4503047373134828,1.6927379073318385,-0.5418363129039522,-0.6958000185841229,36.63999918103218,1.0,4.571731732591459,1
14:44:42.719778,132,0.4398010439704805,1.6532535350492712,-0.4550968586610736,-0.6958000185841229,54.9999987706542,1.0,4.356732331655741,1
14:44:42.719778,132,0.4333551256918431,1.6971562433676348,-0.5418363129039522,-0.6958000185841229,30.23999932408333,1.0,5.2817694861638,1
14:44:42.719778,132,0.4232467946624128,1.6575688101066663,-0.4550968586610736,-0.6958000185841229,44.87999899685383,1.0,5.087062235242567,1
14:44:42.719778,132,0.4066502210294752,1.6617183296717637,-0.4550968586610736,-0.6958000185841229,36.999999172985554,1.0,5.884482976910339,1
14:44:42.719778,132,0.4673683801921628,1.6253220674019482,-0.523144659349998,-0.6958000185841229,85.63999808579683,1.0,2.4442476923163436,1
14:44:42.719778,132,0.5032331883617507,1.570995910082036,-0.4388365133367901,-0.6958000185841229,73.87999834865332,1.0,1.6770462261709111,1
14:44:42.719778,132,0.4163621789206994,1.7014048652009737,-0.5418363129039522,-0.6958000185841229,25.359999433159828,1.0,6.060151072182798,1
14:44:42.719778,132,0.5319900812169465,1.6053322332383335,-0.523144659349998,-0.6958000185841229,160.2399964183569,1.0,0.87200729814647,1
14:44:42.719778,132,0.6412034789594581,1.7035032859389223,-0.7270041391202717,-0.6958000185841229,14.359999679028988,1.0,2.609170288473143,1
14:44:42.719778,132,0.627666462717732,1.6675391148040262,-0.6503914332441951,-0.6958000185841229,40.8799990862608,1.0,1.2653014788528099,1
14:44:42.719778,132,0.6089203600080477,1.6177358173916072,-0.6114485993462276,-0.6958000185841229,116.9999973848462,1.0,1.0292226279605723,1
14:44:42.719778,132,0.5799034458964241,1.5886525797117008,-0.523144659349998,-0.6958000185841229,176.75999604910612,1.0,0.5545017450771865,1
14:44:42.719778,132,0.5656537345550472,1.5496153212804609,-0.4388365133367901,-0.6958000185841229,106.63999761641026,1.0,0.9842399127502603,1
14:44:42.719778,132,0.5428886865705888,1.5347246312080909,-0.2294088862773183,-0.5566400148672983,48.99999890476465,1.0,3.4600207826103357,1
14:44:42.719778,132,0.524526131826388,1.4828144224397828,-0.1578116773445256,-0.5566400148672983,24.51999945193529,1.0,3.5212391715363474,1
14:44:42.719778,132,0.6216126243229882,1.702915383931788,-0.7451693132323455,-0.6958000185841229,12.519999720156193,1.0,2.2218250538816715,1
14:44:42.719778,132,0.6109599668039872,1.6737322984231546,-0.6503914332441951,-0.6958000185841229,44.63999900221825,1.0,1.213352026309872,1
14:44:42.719778,132,0.5764460213140631,1.6295898760777845,-0.6114485993462276,-0.6958000185841229,128.75999712198973,1.0,0.906140411298149,1
14:44:42.719778,132,0.5639881902991138,1.5943720854274637,-0.523144659349998,-0.6958000185841229,187.3599958121777,1.0,0.5773232161054069,1
14:44:42.719778,132,0.5582085325465773,1.529219099356056,-0.2294088862773183,-0.5566400148672983,62.639998599886894,1.0,3.2128216622604633,1
14:44:42.719778,132,0.5250473725438527,1.5328737704888675,-0.2781357889200671,-0.6958000185841229,38.1199991479516,1.0,1.763505523561034,1
14:44:42.719778,132,0.5096720089810426,1.487985456120256,-0.1578116773445256,-0.5566400148672983,19.519999563694,1.0,3.815683535379044,1
14:44:42.719778,132,0.6045526743112718,1.7090462613786528,-0.7451693132323455,-0.6958000185841229,10.519999764859676,1.0,2.18551832031034,1
14:44:42.719778,132,0.5773653652671367,1.6856159476025168,-0.6503914332441951,-0.6958000185841229,43.5199990272522,1.0,1.341144420123248,1
14:44:42.719778,132,0.5601215724548712,1.635272761277061,-0.6114485993462276,-0.6958000185841229,124.51999721676113,1.0,0.9741833945877212,1
14:44:42.719778,132,0.5480165363552835,1.5999321552704495,-0.523144659349998,-0.6958000185841229,180.87999595701692,1.0,0.6833821901590303,1
14:44:42.719778,132,0.5345503679635911,1.5606177288090786,-0.4388365133367901,-0.6958000185841229,87.75999803841114,1.0,1.1675967380475591,1
14:44:42.719778,132,0.5096926385105707,1.5380475135430938,-0.2781357889200671,-0.6958000185841229,29.999999329447743,1.0,2.077200985228484,1
14:44:42.719778,132,0.5874322695386189,1.71500623563122,-0.7451693132323455,-0.5566400148672983,8.639999806880951,0.8639999806880951,2.231471060204264,1
14:44:42.719778,132,0.570783874691119,1.666401311357757,-0.7035434188144772,-0.6958000185841229,39.51999911665917,1.0,2.0406672035020996,1
14:44:42.719778,132,0.5437411119077041,1.640792120570243,-0.6114485993462276,-0.6958000185841229,108.11999758332968,1.0,1.127631684209514,1
14:44:42.719778,132,0.5501295575067451,1.5551942841075037,-0.4388365133367901,-0.6958000185841229,99.87999776750804,1.0,1.03485441832078,1
14:44:42.757647,133,0.6006230577890657,1.4491105230827794,1.0507617771658413,-0.4872000130126253,174.7599960938096,1.0,1.0700198498085218,1
14:44:42.757647,133,0.6180021948891002,1.3992784215948415,0.8785036378878766,-0.4872000130126253,30.35999932140112,1.0,0.5818863147461357,1
14:44:42.757647,133,0.6481738392852577,1.3377785214313844,0.7225730288601648,-0.5566400148672983,8.879999801516533,0.8879999801516533,2.170545600109665,1
14:44:42.757647,133,0.5596739859291422,1.3268492548777189,1.2069222351806992,-0.5566400148672983,60.11999865621328,1.0,3.314529355597715,1
14:44:42.757647,133,0.6369655859323834,1.4041945889428116,0.895385450493718,-0.4872000130126253,34.51999922841787,1.0,0.8788176492422948,1
14:44:42.757647,133,0.6026538160529586,1.42874385246185,1.1460183009906524,-0.6263600167294499,253.2399943396449,1.0,0.8667222319544412,1
14:44:42.757647,133,0.6170468943837032,1.4432295799327892,1.0523375711336145,-0.4872000130126253,162.63999636471272,1.0,1.2461048108927981,1
14:44:42.757647,133,0.5866130776778398,1.4344876182332862,1.1444792635906826,-0.5566400148672983,281.9999936968088,1.0,0.6665780498204608,1
14:44:42.757647,133,0.5811213467037991,1.377695667929602,1.1765305690106165,-0.6263600167294499,181.3599959462881,1.0,0.9377016198356507,1
14:44:42.757647,133,0.5656537345550472,1.3832342123000816,1.1750465205193026,-0.5566400148672983,219.9999950826168,1.0,0.7237497660511356,1
14:44:42.757647,133,0.570513678486418,1.4400761577699577,1.142981818934962,-0.5566400148672983,303.7599932104349,1.0,0.5272000337603863,1
14:44:42.757647,133,0.6319135291700734,1.3439609200587577,0.7209164601406728,-0.5566400148672983,7.639999829232693,0.7639999829232693,1.914763789298726,1
14:44:42.757647,133,0.601552931216647,1.405168469511446,0.8769254043052417,-0.4872000130126253,25.87999942153692,1.0,0.43943244569268924,1
14:44:42.757647,133,0.5841391593918516,1.4548325327563076,1.0492285692947363,-0.4872000130126253,179.6399959847331,1.0,0.9551022884256619,1
14:44:42.757647,133,0.6643693325595541,1.3314393720077222,0.7242715988289352,-0.6263600167294499,9.999999776482582,0.9999999776482582,2.4978042850527293,1
14:44:42.757647,133,0.5501295575067451,1.388623076578629,1.1736025786877449,-0.5566400148672983,257.23999425023794,1.0,0.5728265775357341,1
14:44:42.757647,133,0.5312089428517339,1.3452670366411308,1.2184567088719378,-0.5566400148672983,104.35999766737224,1.0,2.5455333860573908,1
14:44:42.757647,133,0.5992049688056246,1.355853007722674,0.7177299848548064,-0.5566400148672983,6.239999860525131,0.6239999860525132,1.6167585973607028,1
14:44:42.757647,133,0.591183539306823,1.3597214056794733,0.8170711661096774,-0.4872000130126253,21.51999951899052,1.0,1.0631784497682586,1
14:44:42.757647,133,0.5675968475680906,1.4603950367572005,1.0477381008398023,-0.5566400148672983,175.63999607414007,1.0,0.9012423661547506,1
14:44:42.757647,133,0.5543572284051244,1.445508912222593,1.141526116766702,-0.5566400148672983,313.2399929985404,1.0,0.44848645983556423,1
14:44:42.757647,133,0.5447772346857046,1.3321833889990242,1.205492958250576,-0.5566400148672983,79.75999821722507,1.0,3.0883683883992807,1
14:44:42.757647,133,0.5745147702428822,1.321371498294743,1.2083899956334416,-0.6263600167294499,45.759998977184296,1.0,3.6057595372615605,1
14:44:42.757647,133,0.589298103560927,1.315750667021167,1.209896092833988,-0.6263600167294499,35.35999920964241,1.0,3.9622024539542937,1
14:44:42.757647,133,0.6186342895513761,1.4228454348274144,1.147598777232421,-0.6263600167294499,222.6399950236082,1.0,1.1277705170955106,1
14:44:42.757647,133,0.5189177238314877,1.398949624354046,1.1708355885507205,-0.5566400148672983,282.3599936887622,1.0,0.4597294591879953,1
14:44:42.757647,133,0.6041337166479797,1.322999089104834,1.5669846060568529,-0.5566400148672983,4.999999888241291,0.4999999888241291,8.259783345410536,1
14:44:42.757647,133,0.7388760239634642,1.4530960432352853,1.0303428365626732,-0.6263600167294499,32.239999279379845,1.0,6.48640005611493,1
14:44:42.757647,133,0.722500990928234,1.4407563258465574,1.1259656202486463,-0.6263600167294499,81.99999816715717,1.0,5.457194875996793,1
14:44:42.757647,133,0.6956864200006604,1.382543741866354,1.1407104288736778,-0.6263600167294499,123.87999723106624,1.0,3.156707233785569,1
14:44:42.757647,133,0.7127812276232739,1.4203735688858683,0.964556737132496,-0.6263600167294499,35.11999921500683,1.0,3.5685102893727683,1
14:44:42.757647,133,0.6900010436454909,1.4544005022992963,1.1223096741867475,-0.6263600167294499,95.3599978685379,1.0,4.440102695632487,1
14:44:42.757647,133,0.6643926608788994,1.3956815346022065,1.1371901679197784,-0.6263600167294499,143.6399967893958,1.0,2.0780079176945225,1
14:44:42.757647,133,0.6423952994288807,1.3540559898690478,1.1828648016562735,-0.6263600167294499,80.75999819487333,1.0,2.4267987553320607,1
14:44:42.757647,133,0.6963461830564607,1.427179188239876,0.962733176922596,-0.4872000130126253,37.239999167621136,1.0,3.1051239780480855,1
14:44:42.757647,133,0.6736467564571363,1.4609864701756514,1.1205449694129008,-0.6263600167294499,110.87999752163888,1.0,4.020715222887678,1
14:44:42.757647,133,0.6504080559685005,1.4105870187229053,1.150883409928109,-0.6263600167294499,166.63999627530575,1.0,1.8333117267690593,1
14:44:42.757647,133,0.738643401055123,1.4336994816763882,1.1278564959451558,-0.6263600167294499,70.63999842107296,1.0,6.055632341057427,1
14:44:42.757647,133,0.6040225075623301,1.309987323135408,1.21144037617388,-0.6263600167294499,27.99999937415123,1.0,4.384031454150036,1
14:44:42.757647,133,0.6798415044547413,1.4338257196251072,0.9609522442054552,-0.4872000130126253,38.1199991479516,1.0,2.7047773690311407,1
14:44:42.757647,133,0.6516850819486564,1.4403154410134744,1.0712801532807543,-0.4872000130126253,128.11999713629484,1.0,2.1647290018372476,1
14:44:42.757647,133,0.6345529001391308,1.416792955166801,1.1492205342696882,-0.6263600167294499,193.11999568343165,1.0,1.4498969781994353,1
14:44:42.757647,133,0.6118806951207436,1.366171769224533,1.179618388362298,-0.6263600167294499,119.7599973231554,1.0,1.5552261539283752,1
14:44:42.757647,133,0.6998843222553915,1.295231180879174,0.6121674903271115,-0.5566400148672983,8.359999813139439,0.8359999813139438,4.810163846852211,1
14:44:42.757647,133,0.6696808687496989,1.3915729329362003,0.8987674130278327,-0.4872000130126253,37.239999167621136,1.0,1.4942953781943065,1
14:44:42.757647,133,0.633409026805865,1.437190291395725,1.0539557936199793,-0.4872000130126253,146.1199967339635,1.0,1.4835051492497133,1
14:44:42.757647,133,0.5965308472047446,1.3720079973169872,1.178054575758081,-0.6263600167294499,147.51999670267105,1.0,1.2148076096986138,1
14:44:42.757647,133,0.6271693554798646,1.360187567270159,1.181221850443317,-0.6263600167294499,97.87999781221151,1.0,1.9591485280015948,1
14:44:42.757647,133,0.5010705782704156,1.3552384232940282,1.2157848838708756,-0.5566400148672983,128.51999712735417,1.0,2.410813003323471,1
14:44:42.757647,133,0.5586763759618152,1.37082856956019,0.8140950105176392,-0.4872000130126253,17.879999600350857,1.0,0.9973052094852035,1
14:44:42.757647,133,0.4503047373134828,1.4948217047226626,1.0385135029603625,-0.5566400148672983,77.99999825656414,1.0,2.23265998591693,1
14:44:42.757647,133,0.440949000067369,1.4877343554305262,1.147946112499381,-0.5566400148672983,153.5199965685606,1.0,1.7943244547641446,1
14:44:42.757647,133,0.4282594345094333,1.4585978853395665,1.22351088710954,-0.5566400148672983,118.75999734550714,1.0,1.4429578139525443,1
14:44:42.757647,133,0.4124537260301748,1.4047656259509358,1.2521686575325623,-0.5566400148672983,48.119998924434185,1.0,2.605828009603292,1
14:44:42.757647,133,0.4333551256918431,1.4990894896088622,1.0373699534466354,-0.5566400148672983,65.75999853014946,1.0,2.6679054856768922,1
14:44:42.757647,133,0.4243515413315766,1.4919134708653308,1.1468263218935486,-0.5566400148672983,127.11999715864658,1.0,2.1926690267529443,1
14:44:42.757647,133,0.3969288383511831,1.408674676050453,1.2511212307152235,-0.4872000130126253,37.35999916493893,1.0,2.9987998649602985,1
14:44:42.757647,133,0.4163621789206994,1.5031933431638198,1.036270329200729,-0.5566400148672983,55.63999875634909,1.0,3.1649432323223152,1
14:44:42.757647,133,0.4077116477971733,1.4959320608812332,1.145749543944076,-0.5566400148672983,105.2399976477027,1.0,2.6517305962985622,1
14:44:42.757647,133,0.3959785818810112,1.4665596784268808,1.2213775310814905,-0.4872000130126253,77.35999827086926,1.0,2.2704034195186846,1
14:44:42.757647,133,0.3813642581209036,1.412433574302163,1.2501140369642474,-0.4872000130126253,29.639999337494373,1.0,3.455089737821502,1
14:44:42.757647,133,0.3993275962804922,1.507132855005618,1.0352147401841465,-0.5566400148672983,47.23999894410372,1.0,3.724045344509554,1
14:44:42.757647,133,0.3910309834395713,1.4997897236225983,1.1447158863278557,-0.4872000130126253,87.35999804735184,1.0,3.171771845918482,1
14:44:42.757647,133,0.3797779512322585,1.4703063259164837,1.2203736199123274,-0.4872000130126253,63.35999858379364,1.0,2.7761774018641714,1
14:44:42.757647,133,0.3822530812152139,1.510907631186373,1.034203291954905,-0.5566400148672983,40.3599990978837,1.0,4.34552162561307,1
14:44:42.757647,133,0.3601316760907037,1.5320691880242885,1.1895343689111106,-0.4872000130126253,72.99999836832285,1.0,5.130128993436436,1
14:44:42.757647,133,0.343217660267837,1.5354661327007395,1.1886241603283223,-0.4872000130126253,61.35999862849712,1.0,5.798290524340278,1
14:44:42.757647,133,0.5827599893849934,1.3615615075604144,0.7162003969332906,-0.4174800111504737,5.119999885559082,0.5119999885559082,1.5741913479790757,1
14:44:42.757647,133,0.4279373686821175,1.4007068149053463,1.2532562126744584,-0.5566400148672983,62.99999859184027,1.0,2.275980405735852,1
14:44:42.757647,133,0.412139615003327,1.462656734804211,1.222423321673289,-0.4872000130126253,95.3599978685379,1.0,1.826079107140099,1
14:44:42.757647,133,0.4563113135426169,1.474804626203706,1.1336763538637695,-0.5566400148672983,184.5199958756566,1.0,1.2490345004141281,1
14:44:42.757647,133,0.5509977765351058,1.465797478839718,1.0462905208466358,-0.5566400148672983,163.87999633699656,1.0,0.9083685988632835,1
14:44:42.757647,133,0.4443364284308848,1.454383535914493,1.224640118634611,-0.5566400148672983,148.5199966803193,1.0,1.1208265841550025,1
14:44:42.757647,133,0.5218796436422901,1.4559049084248852,1.1387405179797807,-0.5566400148672983,307.11999313533306,1.0,0.4728271256614987,1
14:44:42.757647,133,0.5045467132263602,1.412122278790355,1.1844066204797752,-0.5566400148672983,284.759993635118,1.0,0.4056949569387916,1
14:44:42.757647,133,0.4859254812795174,1.3600052878332411,1.214507606367165,-0.5566400148672983,140.11999686807394,1.0,2.4398339710674497,1
14:44:42.757647,133,0.5423381794253587,1.3761461057250512,0.8126701809965415,-0.4872000130126253,15.119999662041664,1.0,1.0680205500029232,1
14:44:42.757647,133,0.534343606186094,1.4710393187641788,1.044885974072023,-0.5566400148672983,146.99999671429396,1.0,0.9764478167711488,1
14:44:42.757647,133,0.4887707841824535,1.4169196737837415,1.183121162365524,-0.5566400148672983,262.51999413222075,1.0,0.50109704128644,1
14:44:42.757647,133,0.4707317921476002,1.3646256260694034,1.2132695904680266,-0.5566400148672983,130.99999707192185,1.0,2.5331082677527834,1
14:44:42.757647,133,0.4514428735437957,1.304485629179537,1.229748498825832,-0.4872000130126253,27.519999384880062,1.0,7.592195715812254,1
14:44:42.757647,133,0.5259457495253309,1.3813055637891982,0.8112877083748711,-0.4872000130126253,12.999999709427357,1.0,1.2077738022649398,1
14:44:42.757647,133,0.5055617566920161,1.4608671105836315,1.1374108999186645,-0.5566400148672983,285.99999360740185,1.0,0.5758593876075973,1
14:44:42.757647,133,0.4891933139896326,1.4656714485804792,1.136123581432243,-0.5566400148672983,254.63999430835247,1.0,0.7395121460946443,1
14:44:42.757647,133,0.472945978469621,1.4215644476795395,1.1818765989511195,-0.5566400148672983,225.23999496549368,1.0,0.6587881621822745,1
14:44:42.757647,133,0.4587747297789862,1.3921415484221498,1.2555512689115884,-0.5566400148672983,107.99999758601189,1.0,1.8050365401233361,1
14:44:42.757647,133,0.5095007254909885,1.3863064278111468,0.809947730898732,-0.4872000130126253,11.519999742507936,1.0,1.4165625865493523,1
14:44:42.757647,133,0.4840671798233755,1.485796064406508,1.0409319159942496,-0.5566400148672983,109.35999755561352,1.0,1.5466465902439792,1
14:44:42.757647,133,0.4727759523656971,1.4703174419856535,1.1348786912512865,-0.5566400148672983,219.23999509960413,1.0,0.9638651772975206,1
14:44:42.757647,133,0.4570738785551761,1.42605613600425,1.1806730546918611,-0.4872000130126253,184.7599958702922,1.0,0.8788424118228271,1
14:44:42.757647,133,0.4433782179557183,1.3964986487913895,1.2543837873863093,-0.5566400148672983,83.23999813944101,1.0,2.00909399874209,1
14:44:42.757647,133,0.5176360019241373,1.4761200323509809,1.043524600969466,-0.5566400148672983,127.99999713897704,1.0,1.1054851807498618,1
14:44:42.757647,133,0.4672093188386569,1.490390415280134,1.0397008633879163,-0.5566400148672983,92.63999792933464,1.0,1.8589724550403202,1
14:44:42.786927,134,0.7125507493587254,1.3114878360481503,0.7296175967770631,-0.6263600167294499,7.639999829232693,0.7639999829232693,2.2967229494233226,1
14:44:42.786927,134,0.6115584018015175,1.387611733484201,1.086591351871158,-0.4174800111504737,265.6399940624833,1.0,0.5438706280132226,1
14:44:42.786927,134,0.633409026805865,1.437190291395725,1.0539557936199793,-0.4174800111504737,84.51999811083078,1.0,1.2555620503104528,1
14:44:42.786927,134,0.6804983894572038,1.3249441056974018,0.7260120001914108,-0.6263600167294499,6.11999986320734,0.611999986320734,1.8881881310845836,1
14:44:42.786927,134,0.568104889244823,1.272665187900756,1.2541106287175476,-0.4174800111504737,62.1199986115098,1.0,1.3436657809866253,1
14:44:42.786927,134,0.6659416406686086,1.4246391096295654,1.057318872638278,-0.4174800111504737,79.23999822884798,1.0,1.6950210038958884,1
14:44:42.786927,134,0.6118806951207436,1.366171769224533,1.179618388362298,-0.5566400148672983,216.87999515235424,1.0,0.9930975232749002,1
14:44:42.786927,134,0.627294936640231,1.381628481584496,1.088194559385796,-0.4174800111504737,228.11999490112063,1.0,0.730426026561649,1
14:44:42.786927,134,0.5965308472047446,1.3720079973169872,1.178054575758081,-0.4174800111504737,269.8799939677119,1.0,0.7799181611753736,1
14:44:42.786927,134,0.5950956952326035,1.3463023740782023,1.2678338386587584,-0.5566400148672983,140.35999686270952,1.0,1.452544377358785,1
14:44:42.786927,134,0.5745147702428822,1.321371498294743,1.2083899956334416,-0.4174800111504737,176.75999604910612,1.0,0.7001157372157534,1
14:44:42.786927,134,0.523817891562912,1.2809299830658196,1.236060215179196,-0.4174800111504737,74.63999833166599,1.0,0.8759872818076122,1
14:44:42.786927,134,0.6170468943837032,1.4432295799327892,1.0523375711336145,-0.4174800111504737,87.23999805003405,1.0,1.1074210917987795,1
14:44:42.786927,134,0.5957607116349881,1.3934426855064197,1.0850289529857,-0.4174800111504737,301.7599932551384,1.0,0.40324366772524234,1
14:44:42.786927,134,0.5811213467037991,1.377695667929602,1.1765305690106165,-0.4174800111504737,333.1199925541878,1.0,0.6107065533763721,1
14:44:42.786927,134,0.5596739859291422,1.3268492548777189,1.2069222351806992,-0.4174800111504737,218.75999511033297,1.0,0.540620477160729,1
14:44:42.786927,134,0.5381415165799827,1.2758010703454703,1.237434503200663,-0.4174800111504737,74.23999834060669,1.0,0.985484901565151,1
14:44:42.786927,134,0.6006230577890657,1.4491105230827794,1.0507617771658413,-0.4174800111504737,86.87999805808067,1.0,1.0071644078691833,1
14:44:42.786927,134,0.5799034458964241,1.3991207545608346,1.0835075189680017,-0.4174800111504737,328.2399926632643,1.0,0.30865516444924235,1
14:44:42.786927,134,0.5591838340037824,1.34913098603889,1.1162532607701614,-0.4174800111504737,398.11999110132456,1.0,0.10075552337734014,1
14:44:42.786927,134,0.5447772346857046,1.3321833889990242,1.205492958250576,-0.4174800111504737,258.359994225204,1.0,0.4234158137832961,1
14:44:42.786927,134,0.5841391593918516,1.4548325327563076,1.0492285692947363,-0.4174800111504737,83.23999813944101,1.0,0.9549049061802115,1
14:44:42.786927,134,0.7317720203586667,1.3409922915893642,0.6734291064991673,-0.4174800111504737,5.119999885559082,0.5119999885559082,2.7412386417378976,1
14:44:42.786927,134,0.5538532161330856,1.2780838744854293,1.2526586960231472,-0.4174800111504737,69.6399984434247,1.0,1.1455118554285295,1
14:44:42.786927,134,0.5864976339850461,1.2889096366269326,1.2975021182874331,-0.5566400148672983,53.63999880105257,1.0,1.8019878210620295,1
14:44:42.786927,134,0.8224064568583711,1.2595737189424403,0.7435279425313128,-0.6263600167294499,9.119999796152117,0.9119999796152116,5.316148790478114,1
14:44:42.786927,134,0.6271693554798646,1.360187567270159,1.181221850443317,-0.5566400148672983,175.23999608308077,1.0,1.250132012637703,1
14:44:42.786927,134,0.5639881902991138,1.404645372845298,1.082027201960189,-0.4174800111504737,335.9999924898148,1.0,0.2602104832457618,1
14:44:42.786927,134,0.8377836163946267,1.2515555499619568,0.7456764044344095,-0.6263600167294499,7.999999821186066,0.7999999821186066,5.947437029997909,1
14:44:42.786927,134,0.8263320946995847,1.236231238059779,0.6279764773590508,-0.4872000130126253,6.239999860525131,0.6239999860525132,6.3489991272438715,1
14:44:42.786927,134,0.8069470573654424,1.2674429575413635,0.7414193864036835,-0.6263600167294499,10.119999773800371,1.0,4.73454132903967,1
14:44:42.786927,134,0.8107989020072643,1.2441380393268544,0.6258578563448245,-0.4872000130126253,6.6399998515844345,0.6639999851584435,5.806829007340578,1
14:44:42.786927,134,0.7914069638428379,1.275162478841459,0.7393509469053681,-0.6263600167294499,10.87999975681305,1.0,4.202772709113862,1
14:44:42.786927,134,0.7131625201624388,1.3842413457527274,1.1579427117245225,-0.5566400148672983,119.6399973258376,1.0,3.407611832004386,1
14:44:42.786927,134,0.7794908404039942,1.259499570372711,0.6217417465065815,-0.4174800111504737,6.7599998489022255,0.6759999848902225,4.876722182682688,1
14:44:42.786927,134,0.7600909186078704,1.2901492968113155,0.7353352411332328,-0.6263600167294499,10.99999975413084,1.0,3.289361448875243,1
14:44:42.786927,134,0.6819216678468587,1.3977172731225376,1.1543318478685214,-0.5566400148672983,139.87999687343836,1.0,2.548886014225752,1
14:44:42.786927,134,0.6575570043861534,1.3477776501738017,1.1845470777074232,-0.5566400148672983,118.35999735444784,1.0,1.895294113725973,1
14:44:42.786927,134,0.6409171094445868,1.3356769599739042,1.2873089209466602,-0.5566400148672983,73.23999836295843,1.0,2.6300827500701023,1
14:44:42.786927,134,0.7643963032806818,1.3265399339211543,0.6773016040650899,-0.4174800111504737,6.519999854266644,0.6519999854266645,3.3466107701780747,1
14:44:42.786927,134,0.744318098473794,1.297415094811835,0.733388376426626,-0.6263600167294499,10.359999768435957,1.0,2.9080119706212595,1
14:44:42.786927,134,0.6661981715371857,1.404228246084172,1.1525872379215103,-0.5566400148672983,164.35999632626772,1.0,2.187335945758742,1
14:44:42.786927,134,0.6423952994288807,1.3540559898690478,1.1828648016562735,-0.5566400148672983,143.11999680101871,1.0,1.5509046423287303,1
14:44:42.786927,134,0.6247732284679269,1.3345189525773582,1.270991196933985,-0.5566400148672983,89.87999799102545,1.0,2.048316119688639,1
14:44:42.786927,134,0.600736180596518,1.2831756899553886,1.2990385246675165,-0.5566400148672983,45.51999898254872,1.0,2.1035495059005207,1
14:44:42.786927,134,0.5778731759844832,1.1681993902921828,1.222710320566753,-0.6263600167294499,8.239999815821648,0.8239999815821648,3.4361585747867904,1
14:44:42.786927,134,0.7481215675846651,1.3338448950036146,0.675344245642304,-0.4174800111504737,5.999999865889549,0.5999999865889549,3.017716881927975,1
14:44:42.786927,134,0.7284708471534608,1.3045281783249107,0.7314824314436021,-0.6263600167294499,9.239999793469906,0.9239999793469906,2.577087547955618,1
14:44:42.786927,134,0.6992888392077506,1.367461657773153,0.8870289140596697,-0.4872000130126253,7.879999823868275,0.7879999823868274,1.380220357721882,1
14:44:42.786927,134,0.658578252045855,1.3692074866033646,1.0915227549601814,-0.5566400148672983,193.7599956691265,1.0,1.2408590917416031,1
14:44:42.786927,134,0.6099649598427428,1.3404823296629302,1.269393314859744,-0.5566400148672983,111.75999750196934,1.0,1.7295457372296243,1
14:44:42.786927,134,0.5438372212063761,1.354458212934288,1.114825834625642,-0.4174800111504737,444.2399900704622,1.0,0.055981885230605107,1
14:44:42.786927,134,0.5298260061752132,1.3373733672497163,1.204102307769568,-0.4174800111504737,280.1199937388301,1.0,0.34859810705343447,1
14:44:42.786927,134,0.5094418851955403,1.2859202860583876,1.2347230675223506,-0.4174800111504737,70.51999842375517,1.0,0.8070892321898022,1
14:44:42.786927,134,0.4672093188386569,1.490390415280134,1.0397008633879163,-0.4174800111504737,41.51999907195568,1.0,1.9414529639866243,1
14:44:42.786927,134,0.4510920625438409,1.4389766199343643,1.0728281720275206,-0.4174800111504737,126.9999971613288,1.0,1.2209757723212669,1
14:44:42.786927,134,0.434974806249025,1.387562824588595,1.1059554806671248,-0.4872000130126253,153.35999657213688,1.0,0.9903748669566685,1
14:44:42.786927,134,0.4189212545245443,1.3363522458252195,1.1389518513279162,-0.4174800111504737,91.5199979543686,1.0,1.2476611356828167,1
14:44:42.786927,134,0.4503047373134828,1.4948217047226626,1.0385135029603625,-0.4174800111504737,36.11999919265509,1.0,2.2766375156644454,1
14:44:42.786927,134,0.4347706360671901,1.4432550437879974,1.0716817718110614,-0.4174800111504737,102.11999771744011,1.0,1.5449004735903134,1
14:44:42.786927,134,0.4192365348208973,1.3916883828533324,1.1048500406617607,-0.4872000130126253,118.99999734014273,1.0,1.3030180682586516,1
14:44:42.786927,134,0.4037638331842736,1.3403255427128755,1.1378872096355797,-0.4174800111504737,72.35999838262796,1.0,1.5490459065563558,1
14:44:42.786927,134,0.4333551256918431,1.4990894896088622,1.0373699534466354,-0.4174800111504737,31.5199992954731,1.0,2.6606090640449254,1
14:44:42.786927,134,0.4184057328911836,1.447375603479732,1.070577671169297,-0.4174800111504737,82.63999815285206,1.0,1.915699974383142,1
14:44:42.786927,134,0.4034563400905241,1.3956617173506014,1.1037853888919589,-0.4872000130126253,93.51999790966512,1.0,1.6606402501838762,1
14:44:42.786927,134,0.3876358000641581,1.3994824307502811,1.102761631822004,-0.4872000130126253,74.63999833166599,1.0,2.0632924106708104,1
14:44:42.786927,134,0.3733293821356039,1.347831936821009,1.1358758773962356,-0.4174800111504737,47.23999894410372,1.0,2.281182282528317,1
14:44:42.786927,134,0.3855520465315196,1.455141497994925,1.0684968060054456,-0.4174800111504737,55.63999875634909,1.0,2.7981431293368586,1
14:44:42.786927,134,0.3717764967825471,1.4031501409842322,1.1017788718267454,-0.4872000130126253,60.51999864727259,1.0,2.511020610104508,1
14:44:42.786927,134,0.3580553958468116,1.3513642834083643,1.1349293879807671,-0.4872000130126253,38.99999912828207,1.0,2.7120212194307136,1
14:44:42.786927,134,0.3690665486889732,1.4587860562354389,1.067520249568132,-0.4872000130126253,46.23999896645546,1.0,3.3098837175048543,1
14:44:42.786927,134,0.3558800161627325,1.4066644812845044,1.1008372071813592,-0.4872000130126253,49.63999889045954,1.0,3.003865932181647,1
14:44:42.786927,134,0.3525441445007622,1.4622711972258209,1.0665864088542505,-0.4872000130126253,38.87999913096428,1.0,3.8686928894489476,1
14:44:42.786927,134,0.3399479478394583,1.410025100220012,1.0999367320515212,-0.4872000130126253,41.23999907821417,1.0,3.541864445460883,1
14:44:42.786927,134,0.4019989894924287,1.4513378869570506,1.0695159805113663,-0.4174800111504737,67.5199984908104,1.0,2.333430503513855,1
14:44:42.786927,134,0.4340367840903351,1.3322327405968364,1.1400556694270774,-0.4174800111504737,117.119997382164,1.0,0.9893325945287309,1
14:44:42.786927,134,0.3885660357989582,1.3441522339334442,1.1368618508133452,-0.4174800111504737,58.11999870091677,1.0,1.8935376138098077,1
14:44:42.786927,134,0.4673683801921628,1.4345407597576334,1.0740167571796129,-0.4174800111504737,158.5199964568019,1.0,0.9438645242471291,1
14:44:42.786927,134,0.4506695805609501,1.383285455108759,1.1071015983649763,-0.4872000130126253,199.63999553769827,1.0,0.7226547505885735,1
14:44:42.786927,134,0.5675968475680906,1.4603950367572005,1.0477381008398023,-0.4174800111504737,77.35999827086926,1.0,0.9507506000487671,1
14:44:42.786927,134,0.5480165363552835,1.410015987902609,1.080588149992724,-0.4174800111504737,320.2399928420782,1.0,0.2580102865866942,1
14:44:42.786927,134,0.5284362251424765,1.359636939048018,1.1134381991456463,-0.4174800111504737,447.3599900007248,1.0,0.055606400464035186,1
14:44:42.786927,134,0.5089333064641074,1.3094570168687414,1.146158406207055,-0.4174800111504737,271.63999392837286,1.0,0.3414356542872494,1
14:44:42.786927,134,0.4950149350664597,1.2907714802970562,1.233423193943773,-0.4174800111504737,63.11999858915806,1.0,0.7788758226234993,1
14:44:42.786927,134,0.5509977765351058,1.465797478839718,1.0462905208466358,-0.4174800111504737,69.99999843537807,1.0,0.994804556535253,1
14:44:42.786927,134,0.512982385898787,1.3646666465118071,1.1120904930925593,-0.4174800111504737,402.7599909976125,1.0,0.09971808225695034,1
14:44:42.786927,134,0.4940498198111339,1.314301093652848,1.144860439744679,-0.4174800111504737,236.8799947053194,1.0,0.3854048502423445,1
14:44:42.786927,134,0.4660139792049428,1.3000546160105282,1.2309357852261196,-0.4174800111504737,54.63999877870083,1.0,0.8448223054622357,1
14:44:42.786927,134,0.534343606186094,1.4710393187641788,1.044885974072023,-0.4174800111504737,62.1199986115098,1.0,1.0871648450777103,1
14:44:42.786927,134,0.5319900812169465,1.4152320626757628,1.0791905069695975,-0.4174800111504737,285.1199936270714,1.0,0.3021504859631937,1
14:44:42.786927,134,0.4641361260776011,1.32355676748569,1.1423803894157631,-0.4174800111504737,150.7599966302514,1.0,0.6016181919052797,1
14:44:42.786927,134,0.4974772488462844,1.3695468323591231,1.110782851235857,-0.4174800111504737,331.87999258190393,1.0,0.18840134183222662,1
14:44:42.786927,134,0.4791169285900946,1.3190011671929691,1.1436010588352366,-0.4174800111504737,192.2399957031012,1.0,0.4721078488882703,1
14:44:42.786927,134,0.4514428735437957,1.304485629179537,1.229748498825832,-0.4174800111504737,46.11999896913767,1.0,0.9391313223770489,1
14:44:42.786927,134,0.5176360019241373,1.4761200323509809,1.043524600969466,-0.4174800111504737,54.63999877870083,1.0,1.227924486696324,1
14:44:42.786927,134,0.4997791832049107,1.4251985204632258,1.0765200026540478,-0.4174800111504737,196.99999559670687,1.0,0.5298116772312497,1
14:44:42.786927,134,0.4819223644856843,1.37427700857547,1.1095154043386302,-0.4174800111504737,259.87999419122934,1.0,0.3217359444874816,1
14:44:42.786927,134,0.4368266239735133,1.308775677075889,1.2285989839565137,-0.4174800111504737,38.75999913364649,1.0,1.0744231511650124,1
14:44:42.786927,134,0.5159104275161892,1.4202930755616512,1.07783441265394,-0.4174800111504737,240.99999461323023,1.0,0.39272219401926967,1
14:44:42.786927,134,0.5008766344956637,1.481039111533023,1.0422065376751328,-0.4174800111504737,47.63999893516302,1.0,1.4171714037900818,1
14:44:42.836332,135,0.6118806951207436,1.366171769224533,1.179618388362298,-0.6263600167294499,154.35999654978514,1.0,0.7868904485843335,1
14:44:42.836332,135,0.6895564458398787,1.269165588277719,0.770613355452497,-0.3480400092958007,9.519999787211418,0.9519999787211418,1.7915647104742036,1
14:44:42.836332,135,0.5656537345550472,1.3832342123000816,1.1750465205193026,-0.4872000130126253,179.3599959909916,1.0,0.43020417364780517,1
14:44:42.836332,135,0.7088956678131653,1.2990707483084905,0.7148998140310729,-0.4174800111504737,8.759999804198742,0.8759999804198741,1.985882128064243,1
14:44:42.836332,135,0.5825577606759158,1.283094039669488,1.1532223446576748,-0.4174800111504737,148.87999667227268,1.0,1.7279029985742782,1
14:44:42.836332,135,0.6988550383984227,1.3548115481638403,0.6697262478600381,-0.6263600167294499,5.639999873936176,0.5639999873936177,3.348883459536697,1
14:44:42.836332,135,0.6448489838410405,1.32522657368484,0.7078913817441106,-0.6263600167294499,6.11999986320734,0.611999986320734,1.394239850769723,1
14:44:42.836332,135,0.5745147702428822,1.321371498294743,1.2083899956334416,-0.4872000130126253,179.5199959874153,1.0,0.7547776195160594,1
14:44:42.836332,135,0.6609614011398484,1.318919941395001,0.7095812387731328,-0.4174800111504737,7.1199998408555984,0.7119999840855599,1.4230247853915605,1
14:44:42.836332,135,0.5596739859291422,1.3268492548777189,1.2069222351806992,-0.4872000130126253,206.99999537318945,1.0,0.5629438463132042,1
14:44:42.836332,135,0.7317720203586667,1.3409922915893642,0.6734291064991673,-0.6263600167294499,6.7599998489022255,0.6759999848902225,3.6197694398439255,1
14:44:42.836332,135,0.5965308472047446,1.3720079973169872,1.178054575758081,-0.6263600167294499,169.51999621093273,1.0,0.5981578452419245,1
14:44:42.836332,135,0.611610024778074,1.27155888037053,1.156313181276395,-0.4174800111504737,121.11999729275703,1.0,2.481557094874444,1
14:44:42.836332,135,0.74607961473379,1.3905343099828091,1.0664572261616516,-0.6263600167294499,31.5199992954731,1.0,5.804876129656138,1
14:44:42.836332,135,0.658578252045855,1.3692074866033646,1.0915227549601814,-0.6263600167294499,83.8799981251359,1.0,1.6333291920841195,1
14:44:42.836332,135,0.7481215675846651,1.3338448950036146,0.675344245642304,-0.6263600167294499,7.759999826550484,0.7759999826550483,3.876000325494256,1
14:44:42.836332,135,0.6260451409018059,1.265581415248994,1.1579148382284958,-0.4174800111504737,98.23999780416489,1.0,2.9692797236649793,1
14:44:42.836332,135,0.6500359218487729,1.3140799731326236,1.1256451513722885,-0.6263600167294499,118.63999734818935,1.0,1.4134623268658568,1
14:44:42.836332,135,0.6982078867660955,1.4114619980894347,1.060849669034031,-0.6263600167294499,37.75999915599823,1.0,4.635024961539636,1
14:44:42.836332,135,0.7643963032806818,1.3265399339211543,0.6773016040650899,-0.6263600167294499,8.639999806880951,0.8639999806880951,4.213982229441739,1
14:44:42.836332,135,0.6404176530359484,1.2594648188104964,1.1595537753046183,-0.4174800111504737,80.11999820917845,1.0,3.5317593103884595,1
14:44:42.836332,135,0.6649592054333114,1.3077289815751325,1.127346894431255,-0.6263600167294499,102.11999771744011,1.0,1.9011911072831726,1
14:44:42.836332,135,0.7301948590306743,1.3976642274440216,1.0645467705358191,-0.6263600167294499,34.35999923199415,1.0,5.340852669617338,1
14:44:42.836332,135,0.6173541514242579,1.2145306264887676,1.3317218559649762,-0.6263600167294499,9.519999787211418,0.9519999787211418,9.253034990292534,1
14:44:42.836332,135,0.8521645449601797,1.274877784856903,0.5850848486393967,-0.6263600167294499,5.119999885559082,0.5119999885559082,7.380165527972594,1
14:44:42.836332,135,0.5447772346857046,1.3321833889990242,1.205492958250576,-0.4872000130126253,221.87999504059556,1.0,0.4414637077558672,1
14:44:42.836332,135,0.6271693554798646,1.360187567270159,1.181221850443317,-0.6263600167294499,136.639996945858,1.0,1.046293288936458,1
14:44:42.836332,135,0.523817891562912,1.2809299830658196,1.236060215179196,-0.4872000130126253,86.75999806076288,1.0,2.6884363489922065,1
14:44:42.836332,135,0.5811213467037991,1.377695667929602,1.1765305690106165,-0.4872000130126253,178.63999600708485,1.0,0.47946450616241965,1
14:44:42.836332,135,0.5501295575067451,1.388623076578629,1.1736025786877449,-0.4872000130126253,171.11999617516994,1.0,0.4497956129166286,1
14:44:42.836332,135,0.6319135291700734,1.3439609200587577,0.7209164601406728,-0.6263600167294499,5.119999885559082,0.5119999885559082,1.626539856572342,1
14:44:42.836332,135,0.3844695158559397,1.4413699580228707,1.3090788089566248,-0.5566400148672983,45.51999898254872,1.0,3.8042372309721584,1
14:44:42.836332,135,0.412139615003327,1.462656734804211,1.222423321673289,-0.6263600167294499,49.51999889314175,1.0,4.561703773199812,1
14:44:42.836332,135,0.4133554147388872,1.4121966659700291,1.2668055275199317,-0.4872000130126253,55.23999876528978,1.0,2.367522412587954,1
14:44:42.836332,135,0.4282594345094333,1.4585978853395665,1.22351088710954,-0.6263600167294499,58.51999869197607,1.0,3.9624230542347507,1
14:44:42.836332,135,0.4279373686821175,1.4007068149053463,1.2532562126744584,-0.4872000130126253,67.99999848008156,1.0,1.8381297025003036,1
14:44:42.836332,135,0.4443364284308848,1.454383535914493,1.224640118634611,-0.4872000130126253,69.6399984434247,1.0,3.4261713662815105,1
14:44:42.836332,135,0.4263200231347334,1.3427708266891658,1.2830700559068786,-0.4872000130126253,47.63999893516302,1.0,2.2431207202057353,1
14:44:42.836332,135,0.4433782179557183,1.3964986487913895,1.2543837873863093,-0.4872000130126253,84.35999811440706,1.0,1.4277481884897274,1
14:44:42.836332,135,0.4558839433346956,1.4177838573475556,1.16578897103005,-0.6263600167294499,82.99999814480543,1.0,1.9839056756964761,1
14:44:42.836332,135,0.4411241813248981,1.3385813580707502,1.2841926206398986,-0.4872000130126253,55.63999875634909,1.0,1.9583450821802044,1
14:44:42.836332,135,0.4717147222032499,1.4133038625769685,1.1669893820109245,-0.6263600167294499,98.99999778717756,1.0,1.5619733391548776,1
14:44:42.836332,135,0.5298260061752132,1.3373733672497163,1.204102307769568,-0.4872000130126253,217.11999514698985,1.0,0.3898056592641147,1
14:44:42.836332,135,0.4587747297789862,1.3921415484221498,1.2555512689115884,-0.4872000130126253,105.7599976360798,1.0,1.0825562186404378,1
14:44:42.836332,135,0.5189177238314877,1.398949624354046,1.1708355885507205,-0.4872000130126253,155.8799965158105,1.0,0.6933357223271577,1
14:44:42.836332,135,0.49976610309254,1.347318794632719,1.20143743853391,-0.4872000130126253,194.5199956521392,1.0,0.4939443379420248,1
14:44:42.836332,135,0.4805384838585964,1.2954830806664663,1.2321607244297312,-0.4872000130126253,80.51999820023775,1.0,2.5449224123938614,1
14:44:42.836332,135,0.5032331883617507,1.4038862752047898,1.1695128169419493,-0.4872000130126253,136.87999694049358,1.0,0.9162495935310355,1
14:44:42.836332,135,0.5094418851955403,1.2859202860583876,1.2347230675223506,-0.4872000130126253,85.35999809205532,1.0,2.5706836039822307,1
14:44:42.836332,135,0.4660139792049428,1.3000546160105282,1.2309357852261196,-0.4872000130126253,72.87999837100506,1.0,2.6360500349155243,1
14:44:42.836332,135,0.4874983299947868,1.4086711807746133,1.1682307053586558,-0.6263600167294499,117.2399973794818,1.0,1.2059461462862857,1
14:44:42.836332,135,0.4741253645136381,1.3876359495040147,1.2567585405031212,-0.4872000130126253,132.35999704152346,1.0,0.8029255780526552,1
14:44:42.836332,135,0.4514428735437957,1.304485629179537,1.229748498825832,-0.4872000130126253,64.23999856412411,1.0,2.7959757599185364,1
14:44:42.836332,135,0.4894285871090611,1.3829823025931007,1.25800548143476,-0.5566400148672983,163.35999634861946,1.0,0.589253025968942,1
14:44:42.899562,136,0.611610024778074,1.27155888037053,1.156313181276395,-0.4872000130126253,369.5199917405844,1.0,0.23931187510174096,1
14:44:42.899562,136,0.6350476352166499,1.3202865016985978,1.1239821170552349,-0.4872000130126253,376.8799915760756,1.0,1.2699806806330698,1
14:44:42.899562,136,0.6499047478875443,1.3319962873239175,1.0319116417278111,-0.4174800111504737,132.11999704688787,1.0,1.9962856515381884,1
14:44:42.899562,136,0.5474795492315127,1.2339837848631543,1.459265846032101,-0.5566400148672983,25.51999942958355,1.0,2.2466668124851967,1
14:44:42.899562,136,0.576699132725109,1.2318324273334191,1.3270858524010478,-0.5566400148672983,113.99999745190144,1.0,1.3735636423970097,1
14:44:42.899562,136,0.6500359218487729,1.3140799731326236,1.1256451513722885,-0.4872000130126253,290.35999350994825,1.0,1.3819014991960652,1
14:44:42.899562,136,0.6260451409018059,1.265581415248994,1.1579148382284958,-0.4872000130126253,268.5199939981103,1.0,0.38015858604205066,1
14:44:42.899562,136,0.6652436895743248,1.325644555328962,1.0336135831863984,-0.4174800111504737,99.99999776482582,1.0,2.117661361478723,1
14:44:42.899562,136,0.560770844249353,1.2286313019934036,1.4607000394945522,-0.5566400148672983,30.879999309778214,1.0,2.3104870329136022,1
14:44:42.899562,136,0.6157787135258974,1.2110091315904452,1.1918884612608125,-0.4872000130126253,80.11999820917845,1.0,1.5046793488005266,1
14:44:42.899562,136,0.6404176530359484,1.2594648188104964,1.1595537753046183,-0.4872000130126253,199.23999554663897,1.0,0.572721757439814,1
14:44:42.899562,136,0.6019591584431445,1.2168904027705882,1.1903125793976244,-0.4872000130126253,109.11999756097794,1.0,1.284394922628012,1
14:44:42.899562,136,0.5880794079488689,1.2226378954657635,1.1887725433714484,-0.4872000130126253,153.99999655783176,1.0,1.1170561647700858,1
14:44:42.899562,136,0.6429298630267012,1.2884732800283911,0.7654398750401954,-0.4174800111504737,6.239999860525131,0.6239999860525132,1.0551903486046574,1
14:44:42.899562,136,0.6643178230166702,1.2785583204388022,0.8661159580426283,-0.4174800111504737,18.35999958962202,1.0,1.0164683172822369,1
14:44:42.899562,136,0.6345008162704656,1.338199541408381,1.0302494848054342,-0.4174800111504737,159.23999644070864,1.0,1.9254771522984624,1
14:44:42.899562,136,0.6199958443530487,1.3263479466253985,1.122357957782133,-0.4872000130126253,476.3599893525243,1.0,1.2079700325936722,1
14:44:42.899562,136,0.5825577606759158,1.283094039669488,1.1532223446576748,-0.4872000130126253,509.1199886202812,1.0,0.11159791322267278,1
14:44:42.899562,136,0.5601448784601301,1.233729259858603,1.185800621239428,-0.4872000130126253,221.51999504864216,1.0,0.9401483570362783,1
14:44:42.899562,136,0.5493051809704841,1.2427091561214552,1.324171441706001,-0.5566400148672983,106.35999762266874,1.0,1.2549319082871282,1
14:44:42.899562,136,0.6336177367376628,1.291095832858681,0.8627565417146266,-0.4174800111504737,16.759999625384808,1.0,0.6890588403491615,1
14:44:42.899562,136,0.6190334351033453,1.3442536972621413,1.0286272786335668,-0.4174800111504737,170.519996188581,1.0,1.9049231827916926,1
14:44:42.899562,136,0.5897077767971702,1.3380331755726766,1.1192269101223369,-0.4872000130126253,564.1199873909354,1.0,1.2325097315983908,1
14:44:42.899562,136,0.5679435178995593,1.288650580340645,1.1517334740721277,-0.4174800111504737,667.119985088706,1.0,0.12420662297566576,1
14:44:42.899562,136,0.5477548235214675,1.247125388980283,1.197869264184313,-0.4872000130126253,307.35999312996864,1.0,0.7329866495644993,1
14:44:42.899562,136,0.6649592054333114,1.3077289815751325,1.127346894431255,-0.4872000130126253,223.35999500751493,1.0,1.54405836006539,1
14:44:42.899562,136,0.6181718826157163,1.2971415627167833,0.8611365932814912,-0.4174800111504737,14.6399996727705,1.0,0.607164791410574,1
14:44:42.899562,136,0.5630303081273492,1.2373369435909347,1.3256109217151224,-0.5566400148672983,112.2399974912405,1.0,1.2891024621022171,1
14:44:42.899562,136,0.6895981449433624,1.3561846687951835,1.095012208475061,-0.4872000130126253,76.51999828964472,1.0,4.426398177332998,1
14:44:42.899562,136,0.71753121067891,1.321209443838605,1.1916660071392826,-0.5566400148672983,110.1199975386262,1.0,3.792157412186586,1
14:44:42.899562,136,0.6295366912531979,1.2049946700475251,1.1935000313741455,-0.4872000130126253,60.99999863654375,1.0,1.778203579609785,1
14:44:42.899562,136,0.6035041511113414,1.350158149474685,1.0270451854314675,-0.4174800111504737,163.23999635130167,1.0,1.9343394224377304,1
14:44:42.899562,136,0.7109136075612306,1.1319441818286344,1.4271584204966472,-0.5566400148672983,24.63999944925308,1.0,8.0794401864824,1
14:44:42.899562,136,0.6984619050970582,1.1387509994331435,1.4253345392164931,-0.5566400148672983,29.639999337494373,1.0,7.369407973406843,1
14:44:42.899562,136,0.6859403570275481,1.1454372044969583,1.423542975969215,-0.5566400148672983,35.63999920338392,1.0,6.713362218483736,1
14:44:42.899562,136,0.6745418200074311,1.157866407832456,1.4350380737841333,-0.5566400148672983,41.999999061226845,1.0,5.818481950924329,1
14:44:42.899562,136,0.7959151927766215,1.3059428033776133,1.108474475739932,-0.5566400148672983,28.879999354481697,1.0,6.721807623539677,1
14:44:42.899562,136,0.761763737535088,1.2997744987450697,1.197409483366901,-0.5566400148672983,63.23999858647585,1.0,4.899537401100368,1
14:44:42.899562,136,0.6491158833995351,1.1706523853576225,1.4316120814318225,-0.5566400148672983,47.8799989297986,1.0,4.789838879029052,1
14:44:42.899562,136,0.6208837502552884,1.1197369558414665,1.4563330962844525,-0.5566400148672983,8.639999806880951,0.8639999806880951,8.995082043094158,1
14:44:42.899562,136,0.7809537697174831,1.3135585589498553,1.106433840184597,-0.5566400148672983,33.2399992570281,1.0,6.2411872445659045,1
14:44:42.899562,136,0.7470937791835788,1.3070617815275871,1.195456861830308,-0.5566400148672983,74.87999832630157,1.0,4.47992296706813,1
14:44:42.899562,136,0.636304911231105,1.1768605426695025,1.4299486106936188,-0.5566400148672983,51.87999884039164,1.0,4.353762894469397,1
14:44:42.899562,136,0.7659142519356565,1.3210294199000223,1.1044320290262344,-0.5566400148672983,38.6399991363287,1.0,5.812345064410487,1
14:44:42.899562,136,0.5844376285130102,1.2004466219644505,1.4236287397939211,-0.4872000130126253,37.11999917030335,1.0,3.1228815345304355,1
14:44:42.899562,136,0.732349112080067,1.314207001397433,1.19354230593644,-0.5566400148672983,89.99999798834324,1.0,4.1109628466807,1
14:44:42.899562,136,0.6234303091046486,1.1829446471525076,1.428318379810731,-0.5566400148672983,52.3599988296628,1.0,3.9693625878651444,1
14:44:42.899562,136,0.7356069556196659,1.3355334841788378,1.1005456767157569,-0.4872000130126253,45.51999898254872,1.0,5.107807570912331,1
14:44:42.899562,136,0.6831452252725495,1.2402864273351273,1.1646926098125714,-0.4872000130126253,94.75999788194896,1.0,1.4640569505343772,1
14:44:42.899562,136,0.6104933644695921,1.1889040904012864,1.4267215518048817,-0.4872000130126253,49.23999889940024,1.0,3.636295132246857,1
14:44:42.899562,136,0.7203422077897419,1.3425652371132086,1.098661524195617,-0.4872000130126253,53.99999879300594,1.0,4.831087998216061,1
14:44:42.899562,136,0.6946048008456938,1.294596164243608,1.1308658222295824,-0.4872000130126253,136.99999693781135,1.0,2.0205164947129304,1
14:44:42.899562,136,0.6689691227828474,1.2468166924525437,1.1629428305479983,-0.4872000130126253,118.63999734818935,1.0,1.1143123330143665,1
14:44:42.899562,136,0.6432317158387993,1.1988476195829427,1.195147128581964,-0.4872000130126253,47.8799989297986,1.0,2.1052834165989576,1
14:44:42.899562,136,0.5974953710095605,1.194738276476507,1.4251582863575334,-0.4872000130126253,43.63999902456999,1.0,3.3542364792647517,1
14:44:42.899562,136,0.7854520439561291,1.2052443133970765,0.668815716513459,-0.3480400092958007,4.999999888241291,0.4999999888241291,5.207335718002113,1
14:44:42.899562,136,0.7050054263425423,1.34944919478199,1.096816973297537,-0.4872000130126253,64.3599985614419,1.0,4.604098645926687,1
14:44:42.899562,136,0.6798159936544101,1.301234162119959,1.129087176059255,-0.4872000130126253,173.63999611884356,1.0,1.7568037313385783,1
14:44:42.899562,136,0.65472612394133,1.2532097027095563,1.161229828612428,-0.4872000130126253,151.75999660789967,1.0,0.8173241050696309,1
14:44:42.899562,136,0.7112910776343563,1.2268167582633172,1.1683017967626774,-0.5566400148672983,77.11999827623367,1.0,2.3234152205446197,1
14:44:42.899562,136,0.5744745288862729,1.3436557910800495,1.1177203348377858,-0.4174800111504737,599.6399865970016,1.0,1.3185427463691852,1
14:44:42.899562,136,0.5316920800138905,1.2269443489050382,1.2825618037103437,-0.4174800111504737,97.35999782383442,1.0,1.8540250654118455,1
14:44:42.899562,136,0.5336052983678214,1.2523480007316443,1.1964698695831544,-0.4872000130126253,364.87999184429646,1.0,0.78097717740019,1
14:44:42.899562,136,0.5142189706131414,1.2839182581997437,0.7963159360241647,-0.5566400148672983,9.119999796152117,0.9119999796152116,0.9000201919385107,1
14:44:42.899562,136,0.499478701626234,1.3319515135140212,0.9463342311420124,-0.5566400148672983,57.999998703598976,1.0,1.304073914578925,1
14:44:42.899562,136,0.4755754260324866,1.337684286424335,1.0522246886480715,-0.4174800111504737,177.1199960410595,1.0,1.6704871092186788,1
14:44:42.899562,136,0.4641361260776011,1.32355676748569,1.1423803894157631,-0.4174800111504737,160.3599964156747,1.0,1.6217000204636287,1
14:44:42.899562,136,0.4368266239735133,1.308775677075889,1.2285989839565137,-0.4174800111504737,59.75999866425991,1.0,2.3331340339368984,1
14:44:42.899562,136,0.673441780440905,1.172970530152195,-0.1369272124532856,-1.2524400334514212,18.759999580681324,1.0,10.352286839930851,1
14:44:42.899562,136,0.46819538622061,1.341298838813492,0.943829622876628,-0.5566400148672983,48.87999890744686,1.0,2.0617904760099983,1
14:44:42.899562,136,0.4601778430297508,1.3422036652329794,1.051013724746005,-0.4174800111504737,140.35999686270952,1.0,2.082490207362805,1
14:44:42.899562,136,0.4340367840903351,1.3322327405968364,1.1400556694270774,-0.4174800111504737,123.51999723911284,1.0,2.498935234120926,1
14:44:42.899562,136,0.4221666921068073,1.312924330698388,1.2274873555686887,-0.4174800111504737,45.35999898612499,1.0,2.7958696813543615,1
14:44:42.899562,136,0.6565475901314566,1.1793939389457444,-0.1386483596521719,-1.2524400334514212,20.359999544918537,1.0,10.055022770599125,1
14:44:42.899562,136,0.452482716512281,1.3457454095545631,0.9426381678374702,-0.5566400148672983,41.63999906927347,1.0,2.5183861757395336,1
14:44:42.899562,136,0.4447342426282493,1.3465740913258608,1.0498426726038377,-0.5566400148672983,112.99999747425318,1.0,2.544870189871652,1
14:44:42.899562,136,0.7070264475477279,1.1596357868179954,-0.1333541787456105,-1.2524400334514212,16.759999625384808,1.0,11.168416427949767,1
14:44:42.899562,136,0.4189212545245443,1.3363522458252195,1.1389518513279162,-0.4174800111504737,97.51999782025814,1.0,3.012195487074923,1
14:44:42.899562,136,0.6225639428559313,1.1917496191724852,-0.1419590541908646,-1.2524400334514212,21.119999527931213,1.0,9.680748454760657,1
14:44:42.899562,136,0.606993690034406,1.161944097854707,-0.0883889038636316,-1.2524400334514212,11.9999997317791,1.0,10.330920743758409,1
14:44:42.899562,136,0.4367247989113912,1.350039987767173,0.9414874390735692,-0.5566400148672983,35.759999200701714,1.0,3.026802954671339,1
14:44:42.899562,136,0.4292461691750837,1.3507951276640318,1.0487116493258022,-0.5566400148672983,92.23999793827534,1.0,3.0576287607950787,1
14:44:42.899562,136,0.4037638331842736,1.3403255427128755,1.1378872096355797,-0.4174800111504737,78.51999824494123,1.0,3.575241638932027,1
14:44:42.899562,136,0.6054778842261106,1.197680655048005,-0.1435482704639898,-1.2524400334514212,20.75999953597784,1.0,9.603296480677047,1
14:44:42.899562,136,0.4137151714646235,1.3548663521473951,1.047620768013279,-0.5566400148672983,76.359998293221,1.0,3.620794110844183,1
14:44:42.899562,136,0.3885660357989582,1.3441522339334442,1.1368618508133452,-0.4174800111504737,64.51999855786562,1.0,4.188123070659751,1
14:44:42.899562,136,0.5711258397692366,1.2090461528895615,-0.1465936464322128,-1.2524400334514212,19.35999956727028,1.0,9.666903303694168,1
14:44:42.899562,136,0.3825306197559379,1.36255775209532,1.045559863608568,-0.5566400148672983,63.879998572170734,1.0,4.8985901216015115,1
14:44:42.899562,136,0.5538632891178489,1.214479478315336,-0.1480495015922645,-1.2524400334514212,17.359999611973763,1.0,9.80771652521367,1
14:44:42.899562,136,0.519173761999562,1.224844565591257,-0.1508268183573253,-1.2524400334514212,15.119999662041664,1.0,10.30699502824592,1
14:44:42.899562,136,0.5532724812472366,1.2940656827976578,1.1502825017418392,-0.4174800111504737,761.5199829787016,1.0,0.18748398169018296,1
14:44:42.899562,136,0.6381341956774567,1.2215551404902625,-0.1955292045180972,-1.2524400334514212,16.119999639689922,1.0,9.812977400323499,1
14:44:42.899562,136,0.4514428735437957,1.304485629179537,1.229748498825832,-0.4174800111504737,81.35999818146229,1.0,1.9197302987105356,1
14:44:42.899562,136,0.4074645439245822,1.316931175185148,1.226413724824264,-0.4174800111504737,35.51999920606613,1.0,3.307934167399852,1
14:44:42.899562,136,0.4909254518910567,1.333016406834023,1.0534754432146616,-0.4174800111504737,226.35999494045973,1.0,1.3088856973971057,1
14:44:42.899562,136,0.5179574853794059,1.2320138091561308,1.281203445930002,-0.4174800111504737,86.63999806344509,1.0,1.903595174070451,1
14:44:42.899562,136,0.4791169285900946,1.3190011671929691,1.1436010588352366,-0.4174800111504737,213.63999522477388,1.0,1.2577515008548015,1
14:44:42.899562,136,0.6026642118234133,1.303037797286784,0.8595567019900752,-0.4174800111504737,12.11999972909689,1.0,0.5794320657362639,1
14:44:42.899562,136,0.5879145172098427,1.3559123076057382,1.025503363407131,-0.4174800111504737,144.23999677598476,1.0,2.013470054022582,1
14:44:42.899562,136,0.5591838340037824,1.34913098603889,1.1162532607701614,-0.4174800111504737,561.6399874463677,1.0,1.4534515247942086,1
14:44:42.899562,136,0.5385461178103212,1.2993388055348185,1.1488695727628269,-0.4174800111504737,709.5199841409922,1.0,0.30122946708167264,1
14:44:42.899562,136,0.5194024131313936,1.257433679717792,1.195107166005852,-0.4174800111504737,332.7599925622344,1.0,0.8803243992760905,1
14:44:42.899562,136,0.5028585484401197,1.229676577132615,1.266627472107816,-0.4174800111504737,75.63999830931425,1.0,2.266435779291071,1
14:44:42.899562,136,0.5637132351720165,1.3217323035123172,0.966057803096548,-0.4174800111504737,121.75999727845192,1.0,0.6316170586907726,1
14:44:42.899562,136,0.5438372212063761,1.354458212934288,1.114825834625642,-0.4174800111504737,474.1199894025922,1.0,1.6370453793064188,1
14:44:42.899562,136,0.5237659002128192,1.3044694212442705,1.147494828426805,-0.4174800111504737,558.3599875196815,1.0,0.46526734608520437,1
14:44:42.899562,136,0.5051475880888084,1.2623819173750874,1.193781289721623,-0.4174800111504737,245.5199945122004,1.0,1.0308654991743869,1
14:44:42.899562,136,0.4890577642158674,1.2344672048670589,1.2653438272751334,-0.4174800111504737,65.11999854445457,1.0,2.412971850225058,1
14:44:42.899562,136,0.5605317909719962,1.268345147785471,0.8004887383833097,-0.5566400148672983,9.879999779164793,0.9879999779164793,0.41693567918972413,1
14:44:42.899562,136,0.5870962751148405,1.3087839469501668,0.8580170258281834,-0.4174800111504737,9.879999779164793,0.9879999779164793,0.6056112643607129,1
14:44:42.899562,136,0.4660139792049428,1.3000546160105282,1.2309357852261196,-0.4174800111504737,114.9999974295497,1.0,1.5556850396693664,1
14:44:42.899562,136,0.5214766971259694,1.3232370272478622,1.0560958200772506,-0.4174800111504737,376.63999158144,1.0,0.7371196797933931,1
14:44:42.899562,136,0.5089333064641074,1.3094570168687414,1.146158406207055,-0.4174800111504737,406.3599909171462,1.0,0.6794467581698945,1
14:44:42.899562,136,0.4893529952513003,1.25907796801415,1.179008455359977,-0.4174800111504737,167.639996252954,1.0,1.4080717942015437,1
14:44:42.899562,136,0.4613108646246529,1.2436473667002137,1.2628840103255523,-0.4174800111504737,55.75999875366688,1.0,2.858934069873667,1
14:44:42.899562,136,0.5451481839476456,1.2736852163836838,0.7990578713148919,-0.5566400148672983,9.759999781847,0.9759999781847,0.5220481819295609,1
14:44:42.899562,136,0.5171375543365744,1.3373938031715922,0.9618613169105852,-0.5566400148672983,69.2399984523654,1.0,1.240526676994846,1
14:44:42.899562,136,0.5327165700128923,1.3323233549683948,0.9632199394118957,-0.5566400148672983,83.51999813318253,1.0,0.986051690726258,1
14:44:42.899562,136,0.5062263856157355,1.3282004932460905,1.054765863371366,-0.4174800111504737,292.1199934706092,1.0,0.9977372839423616,1
14:44:42.899562,136,0.4940498198111339,1.314301093652848,1.144860439744679,-0.4174800111504737,292.1199934706092,1.0,0.9436417842057906,1
14:44:42.899562,136,0.5297100625616259,1.2788764262273191,0.7976668908295492,-0.5566400148672983,9.519999787211418,0.9519999787211418,0.6831194578049093,1
14:44:42.899562,136,0.4473675239244034,1.2480359827904326,1.2617080841882882,-0.4174800111504737,47.51999893784523,1.0,3.158159555385438,1
14:44:42.899562,136,0.5482423144785195,1.3271026810609643,0.964618814769338,-0.4174800111504737,100.99999774247408,1.0,0.783036885317016,1
14:44:42.948793,137,0.6440640534683515,1.1018978584229648,1.4469323834858554,-0.5566400148672983,29.35999934375286,1.0,3.1021034835012515,1
14:44:42.948793,137,0.6086299683840241,1.125675100466411,1.4547419752276594,-0.5566400148672983,32.239999279379845,1.0,2.794865001934947,1
14:44:42.948793,137,0.7026363775256819,1.2021063983873823,1.3966354363334186,-0.5566400148672983,52.63999882340431,1.0,0.4749284520149033,1
14:44:42.948793,137,0.7674776071570077,1.2592822287053158,1.1403281627386326,-0.4872000130126253,46.35999896377325,1.0,2.4500458014305866,1
14:44:42.948793,137,0.7566204065104594,1.1646679700651363,1.1203350997667054,-0.3480400092958007,91.35999795794488,1.0,0.7520966254039176,1
14:44:42.948793,137,0.6733502154970168,1.1520021284051736,1.421783909909637,-0.5566400148672983,60.51999864727259,1.0,1.0403890756914955,1
14:44:42.948793,137,0.7430562325428376,1.1719109122449145,1.1183943592588084,-0.3480400092958007,99.23999778181314,1.0,0.5114261200090662,1
14:44:42.948793,137,0.6628069076937271,1.2218916358630807,1.3913339979297474,-0.4872000130126253,79.35999822616577,1.0,0.39318355261683663,1
14:44:42.948793,137,0.6479691948006991,1.1647655190009056,1.4183639697068275,-0.5566400148672983,75.99999830126762,1.0,0.9195345394668375,1
14:44:42.948793,137,0.6208837502552884,1.1197369558414665,1.4563330962844525,-0.5566400148672983,31.63999929279089,1.0,2.7894808829855218,1
14:44:42.948793,137,0.7530507470175081,1.2666258777728587,1.1383604379014869,-0.4872000130126253,50.23999887704849,1.0,2.3398456856727603,1
14:44:42.948793,137,0.7157063334419013,1.1860019460032851,1.1146186781427334,-0.3480400092958007,104.23999767005444,1.0,0.1848877475195992,1
14:44:42.948793,137,0.6351808537157185,1.170962709360056,1.4167034375547511,-0.4872000130126253,88.2399980276823,1.0,0.930509612879499,1
14:44:42.948793,137,0.781827720178785,1.2517995963747892,1.1423331280288562,-0.4872000130126253,41.879999063909054,1.0,2.611347238403746,1
14:44:42.948793,137,0.6761514547774186,1.215424909804968,1.393066751954692,-0.5566400148672983,65.51999853551388,1.0,0.37245021030408415,1
14:44:42.948793,137,0.6561066093349283,1.095618464126023,1.4486149421166774,-0.5566400148672983,26.239999413490292,1.0,3.2415185404168043,1
14:44:42.948793,137,0.852377130173635,1.2123283569796408,1.1529094147490415,-0.4872000130126253,25.11999943852425,1.0,4.18939803712514,1
14:44:42.948793,137,0.715774104720168,1.1952559448678937,1.3984710098217523,-0.5566400148672983,41.879999063909054,1.0,0.5983410623190968,1
14:44:42.948793,137,0.7385485824342131,1.2738298092186633,1.1364301502882543,-0.4872000130126253,52.87999881803989,1.0,2.2806240828170647,1
14:44:42.948793,137,0.8607117272104515,1.143218352118926,1.190701922177596,-0.3480400092958007,38.239999145269394,1.0,4.035348012316015,1
14:44:42.948793,137,0.8662369041175982,1.204028019589852,1.1551334834495417,-0.4872000130126253,21.99999950826168,1.0,4.660464696403,1
14:44:42.948793,137,0.8363696237203957,1.1184928113820822,1.1327076962462086,-0.3480400092958007,44.87999899685383,1.0,3.288148126460186,1
14:44:42.948793,137,0.8232794947664477,1.126508367729955,1.1305599343959098,-0.3480400092958007,52.7599988207221,1.0,2.734715765953417,1
14:44:42.948793,137,0.7232942192602508,1.125017432359488,1.4290144374230778,-0.5566400148672983,21.99999950826168,1.0,1.856014903293714,1
14:44:42.948793,137,0.8384321192307768,1.2204944064542804,1.1507213283869593,-0.4872000130126253,28.639999359846115,1.0,3.770385678987242,1
14:44:42.948793,137,0.8101070385527673,1.134397084477272,1.1284461591141484,-0.3480400092958007,61.63999862223864,1.0,2.2338014157163477,1
14:44:42.948793,137,0.7109136075612306,1.1319441818286344,1.4271584204966472,-0.5566400148672983,27.87999937683344,1.0,1.5801011108537222,1
14:44:42.948793,137,0.8244032657784347,1.2285253514156649,1.1485694431700977,-0.4872000130126253,32.75999926775694,1.0,3.4032434995013343,1
14:44:42.948793,137,0.7835204213854858,1.149790856472715,1.1243214103395007,-0.3480400092958007,71.3599984049797,1.0,1.3888643498287838,1
14:44:42.948793,137,0.7288402551038583,1.1882789352860892,1.4003404939047814,-0.5566400148672983,33.639999248087406,1.0,0.7700170642366022,1
14:44:42.948793,137,0.6984619050970582,1.1387509994331435,1.4253345392164931,-0.5566400148672983,35.879999198019505,1.0,1.3522683410279714,1
14:44:42.948793,137,0.7960996510835605,1.2441787290382431,1.1443751332773084,-0.4872000130126253,37.11999917030335,1.0,2.823883230597512,1
14:44:42.948793,137,0.7701089190713273,1.1572943723565383,1.122310849318036,-0.3480400092958007,81.6399981752038,1.0,1.0445315111165987,1
14:44:42.948793,137,0.6859403570275481,1.1454372044969583,1.423542975969215,-0.5566400148672983,46.63999895751476,1.0,1.172400629063016,1
14:44:42.948793,137,0.7112910776343563,1.2268167582633172,1.1683017967626774,-0.3480400092958007,105.639997638762,1.0,0.4957657850050717,1
14:44:42.948793,137,0.6924214423660292,1.2859023320566447,1.1163388571608237,-0.4872000130126253,52.11999883502722,1.0,2.060372417726421,1
14:44:42.948793,137,0.6234303091046486,1.1829446471525076,1.428318379810731,-0.4872000130126253,90.9999979659915,1.0,0.9397355615138303,1
14:44:42.948793,137,0.5316353703044635,1.2220103713972978,1.4178507505476026,-0.4872000130126253,26.239999413490292,1.0,2.694597674566458,1
14:44:42.948793,137,0.5398856360413924,1.274203980802292,1.3773169473491074,-0.4872000130126253,37.35999916493893,1.0,2.7257513317643105,1
14:44:42.948793,137,0.6214903934938483,1.245507188049061,0.8066081512514556,-0.4174800111504737,13.639999695122242,1.0,2.0921500827944035,1
14:44:42.948793,137,0.6063401705762858,1.251437203594104,0.8050192083750571,-0.4174800111504737,15.519999653100967,1.0,2.43743353796561,1
14:44:42.948793,137,0.6105484766462865,1.2326032943560297,0.6940212173748821,-0.4872000130126253,5.239999882876873,0.5239999882876873,2.67931972200196,1
14:44:42.948793,137,0.5537778973453974,1.2689219476424949,1.3787322638686694,-0.4872000130126253,45.87999897450209,1.0,2.276426778725234,1
14:44:42.948793,137,0.5880970727982419,1.2454490840930117,0.7897434233830813,-0.3480400092958007,16.759999625384808,1.0,2.668179170175908,1
14:44:42.948793,137,0.5306268254309238,1.2131556540429491,0.731768514606576,-0.4174800111504737,16.759999625384808,1.0,4.045014859026946,1
14:44:42.948793,137,0.5751920193172126,1.1377729433581778,-0.0363284775760126,-1.1132800297345966,8.119999818503857,0.8119999818503857,10.753482640294113,1
14:44:42.948793,137,0.6493960804745665,1.228229142312094,1.3896358681947072,-0.4872000130126253,91.11999796330927,1.0,0.46177833859090117,1
14:44:42.948793,137,0.5605199196878261,1.2026156347284107,0.734592704270115,-0.4174800111504737,17.359999611973763,1.0,3.0058707447710296,1
14:44:42.948793,137,0.5581481253078706,1.2114835205004744,1.4206714117442494,-0.4872000130126253,32.87999926507473,1.0,1.957892025614067,1
14:44:42.948793,137,0.5456006523634408,1.2079578312650512,0.733161267022314,-0.4174800111504737,17.23999961465597,1.0,3.4977461128293528,1
14:44:42.948793,137,0.5713214427432507,1.20602855603535,1.42213306506742,-0.4872000130126253,41.879999063909054,1.0,1.6600545166455711,1
14:44:42.948793,137,0.596315324025832,1.1314945877181624,1.453182648318189,-0.5566400148672983,31.239999301731583,1.0,2.8471053464089717,1
14:44:42.948793,137,0.5813949042992651,1.2579566551113135,1.3816704051471704,-0.4872000130126253,56.35999874025583,1.0,1.5201781489720196,1
14:44:42.948793,137,0.7216968931382629,1.2722425428157065,1.1199989866567126,-0.4872000130126253,53.63999880105257,1.0,1.9347045571416022,1
14:44:42.948793,137,0.6359203141914231,1.2344367954066728,1.3879725325611223,-0.4872000130126253,96.23999784886836,1.0,0.5781548515345436,1
14:44:42.948793,137,0.5839410486348308,1.137194835652872,1.451655271487427,-0.5566400148672983,28.759999357163903,1.0,2.9461352588811476,1
14:44:42.948793,137,0.6506740719654043,1.2298442512680536,1.2497485957591603,-0.4174800111504737,68.35999847203493,1.0,0.2875571520870125,1
14:44:42.948793,137,0.6223809564096351,1.2405139743867082,1.3863441573611623,-0.4872000130126253,92.51999793201684,1.0,0.74224176622764,1
14:44:42.948793,137,0.6104933644695921,1.1889040904012864,1.4267215518048817,-0.4872000130126253,82.51999815553427,1.0,1.0490585649131057,1
14:44:42.948793,137,0.5715083796281923,1.1427752742505222,1.4501599974717752,-0.4872000130126253,25.63999942690134,1.0,3.091894507569333,1
14:44:42.948793,137,0.6854568254763246,1.2590528422700575,1.0732939206089032,-0.4872000130126253,53.75999879837036,1.0,1.1767661226371542,1
14:44:42.948793,137,0.5951168882715702,1.2522744922599958,1.383192936094443,-0.4872000130126253,68.87999846041203,1.0,1.2133036372607582,1
14:44:42.948793,137,0.6087793610536373,1.246460071539394,1.3847509054309832,-0.4872000130126253,81.99999816715717,1.0,0.953976179928431,1
14:44:42.948793,137,0.5844376285130102,1.2004466219644505,1.4236287397939211,-0.4872000130126253,53.75999879837036,1.0,1.4092728151474148,1
14:44:42.948793,137,0.5974953710095605,1.194738276476507,1.4251582863575334,-0.4872000130126253,68.11999847739935,1.0,1.205590483953884,1
14:44:42.948793,137,0.6957204742840465,1.312498213063238,1.0371361349799222,-0.4872000130126253,30.51999931782484,1.0,3.631880380455603,1
14:44:43.007100,138,0.6510484930178686,1.1683123167080285,1.283069976132717,-0.5566400148672983,87.35999804735184,1.0,0.17935335105495448,1
14:44:43.007100,138,0.6839254081329129,1.179617147581958,1.2002999180246972,-0.4174800111504737,75.99999830126762,1.0,0.4187067885159622,1
14:44:43.007100,138,0.7112910776343563,1.2268167582633172,1.1683017967626774,-0.4174800111504737,53.11999881267548,1.0,0.8328801756290726,1
14:44:43.007100,138,0.6075547997377098,1.1200337828570317,1.442072877179755,-0.4872000130126253,67.23999849706888,1.0,0.633456935343114,1
14:44:43.007100,138,0.6441408418019248,1.1464084793784857,1.3789738832133294,-0.4872000130126253,101.11999773979188,1.0,0.4055280976173124,1
14:44:43.007100,138,0.6641563034042652,1.1619603125179343,1.2847719905257715,-0.5566400148672983,70.75999841839075,1.0,0.3027560997638327,1
14:44:43.007100,138,0.6314280572161339,1.1525690552928665,1.3773231618721606,-0.4872000130126253,97.87999781221151,1.0,0.3384428662682851,1
14:44:43.007100,138,0.6973549902448306,1.1729460200875488,1.2020874412494291,-0.4174800111504737,59.11999867856503,1.0,0.6603797597600866,1
14:44:43.007100,138,0.732349112080067,1.314207001397433,1.19354230593644,-0.4174800111504737,38.1199991479516,1.0,1.5658169832488604,1
14:44:43.007100,138,0.596315324025832,1.1314945877181624,1.453182648318189,-0.4872000130126253,58.63999868929386,1.0,0.7171117150924475,1
14:44:43.007100,138,0.5839410486348308,1.137194835652872,1.451655271487427,-0.4872000130126253,47.9999989271164,1.0,0.8158678657103461,1
14:44:43.007100,138,0.71753121067891,1.321209443838605,1.1916660071392826,-0.4872000130126253,43.35999903082848,1.0,1.1766022752082963,1
14:44:43.007100,138,0.6831452252725495,1.2402864273351273,1.1646926098125714,-0.4174800111504737,71.51999840140343,1.0,0.3140002925264599,1
14:44:43.007100,138,0.656862417791717,1.1925685948965952,1.196829588175926,-0.3480400092958007,99.87999776750804,1.0,0.10932809924907867,1
14:44:43.007100,138,0.6378755783276191,1.174537393687805,1.2814019717831642,-0.4872000130126253,107.51999759674072,1.0,0.11138435858757034,1
14:44:43.007100,138,0.6058143387964029,1.1645202972399966,1.3741208362438782,-0.4872000130126253,86.119998075068,1.0,0.36207297034697433,1
14:44:43.007100,138,0.7026415567578334,1.3280684086127268,1.189828153067143,-0.4872000130126253,46.51999896019697,1.0,0.8559889094115547,1
14:44:43.007100,138,0.6689691227828474,1.2468166924525437,1.1629428305479983,-0.4872000130126253,97.35999782383442,1.0,0.1491597498351369,1
14:44:43.007100,138,0.6432317158387993,1.1988476195829427,1.195147128581964,-0.3480400092958007,133.63999701291323,1.0,0.04312864633276917,1
14:44:43.007100,138,0.6246388766139497,1.1806349209547822,1.2797681442761508,-0.4872000130126253,129.2399971112609,1.0,0.09954607662086867,1
14:44:43.007100,138,0.7252580129448056,1.2198787012645458,1.1701608435325392,-0.4174800111504737,40.639999091625214,1.0,1.1852718754404492,1
14:44:43.007100,138,0.5692003389470153,1.0800445282838174,1.4780469168256478,-0.5566400148672983,12.23999972641468,1.0,1.2314761734188122,1
14:44:43.007100,138,0.7530507470175081,1.2666258777728587,1.1383604379014869,-0.4174800111504737,32.35999927669764,1.0,1.998911818331216,1
14:44:43.007100,138,0.8244032657784347,1.2285253514156649,1.1485694431700977,-0.4174800111504737,16.519999630749226,1.0,5.304131522405884,1
14:44:43.007100,138,0.656789212843197,1.1401254174701008,1.380657424577676,-0.4872000130126253,94.23999789357184,1.0,0.5243304326280412,1
14:44:43.007100,138,0.5929159663128454,1.170309768158564,1.3725695521866443,-0.4872000130126253,71.11999841034412,1.0,0.4540737501604679,1
14:44:43.007100,138,0.7110851578864025,1.045240663547797,1.4197319263446702,-0.4872000130126253,23.23999948054552,1.0,2.0350041549489517,1
14:44:43.007100,138,0.7312563911436272,1.0998908743737337,1.3914382379081829,-0.5566400148672983,33.639999248087406,1.0,2.284022355422281,1
14:44:43.007100,138,0.6994517036828505,1.0520530900834544,1.4179065421559445,-0.4872000130126253,28.999999351799488,1.0,1.6937374965811252,1
14:44:43.007100,138,0.8384321192307768,1.2204944064542804,1.1507213283869593,-0.4174800111504737,14.239999681711195,1.0,6.148932985589113,1
14:44:43.007100,138,0.7190208284640218,1.1068952336954196,1.3895614254844395,-0.5566400148672983,41.75999906659126,1.0,1.869735714274557,1
14:44:43.007100,138,0.6799936930498001,1.082712296320186,1.452073139357632,-0.5566400148672983,36.51999918371439,1.0,1.310004241459371,1
14:44:43.007100,138,0.6943352293995654,1.1205476596544788,1.385903268973984,-0.5566400148672983,52.51999882608652,1.0,1.184151885871025,1
14:44:43.007100,138,0.6680835550902582,1.089223063580198,1.4503285845282048,-0.5566400148672983,45.87999897450209,1.0,1.0806193154635897,1
14:44:43.007100,138,0.7960996510835605,1.2441787290382431,1.1443751332773084,-0.4174800111504737,19.239999569952488,1.0,3.7952812836171184,1
14:44:43.007100,138,0.6818876615539392,1.1271943610606936,1.3841222906998578,-0.5566400148672983,65.75999853014946,1.0,0.9143458847536716,1
14:44:43.007100,138,0.6561066093349283,1.095618464126023,1.4486149421166774,-0.5566400148672983,56.35999874025583,1.0,0.8970123733355989,1
14:44:43.007100,138,0.8107970249833006,1.2981829147524726,1.110553731630394,-0.4872000130126253,20.51999954134226,1.0,4.506881357823828,1
14:44:43.007100,138,0.781827720178785,1.2517995963747892,1.1423331280288562,-0.4174800111504737,22.75999949127436,1.0,3.133253591190161,1
14:44:43.007100,138,0.752972918555315,1.2055996112713263,1.1739869141648738,-0.4174800111504737,25.999999418854717,1.0,2.0717009909877446,1
14:44:43.007100,138,0.6693719055134437,1.1337204978686386,1.382373617612474,-0.4872000130126253,80.75999819487333,1.0,0.6941684583701414,1
14:44:43.007100,138,0.6440640534683515,1.1018978584229648,1.4469323834858554,-0.5566400148672983,65.63999853283167,1.0,0.7598480250973138,1
14:44:43.007100,138,0.7674776071570077,1.2592822287053158,1.1403281627386326,-0.4174800111504737,27.119999393820763,1.0,2.5341419614175145,1
14:44:43.007100,138,0.7391524230615821,1.2128060831819212,1.1720559458361524,-0.4174800111504737,31.999999284744263,1.0,1.5985020285147005,1
14:44:43.007100,138,0.7107148374419684,1.1661455085096235,1.2039096328348526,-0.4174800111504737,46.999998949468136,1.0,0.959008900294063,1
14:44:43.007100,138,0.6771976987167522,1.1554820163126205,1.2865078447623153,-0.5566400148672983,57.51999871432781,1.0,0.48087915151966776,1
14:44:43.007100,138,0.6197869348239797,1.1141061281968434,1.443661187458963,-0.5566400148672983,70.11999843269587,1.0,0.6274392994385288,1
14:44:43.007100,138,0.5715083796281923,1.1427752742505222,1.4501599974717752,-0.4872000130126253,38.239999145269394,1.0,0.9648673206160068,1
14:44:43.007100,138,0.5447772346857046,1.3321833889990242,1.205492958250576,-0.4872000130126253,69.51999844610691,1.0,1.4612674062995632,1
14:44:43.007100,138,0.6567186592981241,1.261477448195326,1.1752991409180953,-0.4872000130126253,130.35999708622694,1.0,0.06381513593671051,1
14:44:43.007100,138,0.5524113278962507,1.270534060784316,1.2388457941591016,-0.4872000130126253,184.2399958819151,1.0,1.072779876875519,1
14:44:43.007100,138,0.530307885549619,1.2196966232738888,1.2693015926847613,-0.4174800111504737,91.87999794632196,1.0,1.643260542770449,1
14:44:43.007100,138,0.5744745288862729,1.3436557910800495,1.1177203348377858,-0.4872000130126253,42.51999904960394,1.0,0.8832296923597602,1
14:44:43.007100,138,0.5596739859291422,1.3268492548777189,1.2069222351806992,-0.4872000130126253,86.99999805539846,1.0,1.0584465370650449,1
14:44:43.007100,138,0.5381415165799827,1.2758010703454703,1.237434503200663,-0.4872000130126253,138.11999691277742,1.0,1.4720354042991084,1
14:44:43.007100,138,0.5166090472308231,1.2247528858132226,1.2679467712206272,-0.4174800111504737,73.63999835401773,1.0,2.1034672476673015,1
14:44:43.007100,138,0.6876816392697546,1.334783209829067,1.188028927503889,-0.4872000130126253,54.35999878495932,1.0,0.6048680236023,1
14:44:43.007100,138,0.523817891562912,1.2809299830658196,1.236060215179196,-0.4872000130126253,103.63999768346548,1.0,1.9374779087189844,1
14:44:43.007100,138,0.5028585484401197,1.229676577132615,1.266627472107816,-0.4174800111504737,59.11999867856503,1.0,2.625279853898514,1
14:44:43.007100,138,0.5107716158229187,1.2935102604443234,1.2485252083633307,-0.4872000130126253,79.11999823153019,1.0,2.4228633007512155,1
14:44:43.007100,138,0.4890577642158674,1.2344672048670589,1.2653438272751334,-0.4174800111504737,47.8799989297986,1.0,3.209212375279451,1
14:44:43.007100,138,0.4817927716550848,1.3030980155851797,1.245956177116111,-0.4174800111504737,61.75999861955643,1.0,3.67543633679453,1
14:44:43.007100,138,0.4705986855673044,1.3297744980681534,1.2865524116654483,-0.4174800111504737,49.23999889940024,1.0,4.278765425565753,1
14:44:43.007100,138,0.4853929870666943,1.2278777545416524,0.7278237396670586,-0.3480400092958007,7.519999831914902,0.7519999831914902,7.835004776888896,1
14:44:43.007100,138,0.5745147702428822,1.321371498294743,1.2083899956334416,-0.4872000130126253,110.1199975386262,1.0,0.7265548368214948,1
14:44:43.007100,138,0.5897077767971702,1.3380331755726766,1.1192269101223369,-0.4872000130126253,47.11999894678593,1.0,0.583888619606535,1
14:44:43.007100,138,0.5298260061752132,1.3373733672497163,1.204102307769568,-0.4872000130126253,56.35999874025583,1.0,1.935641688778745,1
14:44:43.007100,138,0.5666258985425398,1.2651294810788989,1.2402939469265977,-0.4872000130126253,236.9999947026372,1.0,0.7391222246890997,1
14:44:43.007100,138,0.5439536935241526,1.2145082951366308,1.2706918010192074,-0.4174800111504737,113.35999746620656,1.0,1.2441260635109381,1
14:44:43.007100,138,0.6314525673269524,1.2129443286099526,1.2070280517069825,-0.4872000130126253,178.99999599903822,1.0,0.01711310224505768,1
14:44:43.007100,138,0.6113397115359418,1.186604288761341,1.278168656993059,-0.4872000130126253,148.2399966865778,1.0,0.14451861473009883,1
14:44:43.007100,138,0.5786931884126455,1.169560747901175,1.3580614405934428,-0.4872000130126253,56.99999872595072,1.0,0.5996133985200908,1
14:44:43.007100,138,0.5590185602624013,1.1482353454719274,1.4486969757973829,-0.4872000130126253,30.23999932408333,1.0,1.1646784650536466,1
14:44:43.007100,138,0.6575570043861534,1.3477776501738017,1.1845470777074232,-0.4872000130126253,59.239998675882816,1.0,0.31456029437988553,1
14:44:43.007100,138,0.6423666432627438,1.2677516005612572,1.1736179868584542,-0.4872000130126253,162.2399963736534,1.0,0.016858671796235167,1
14:44:43.007100,138,0.5845593170216682,1.198156171141619,1.2750733394382043,-0.4872000130126253,157.51999647915363,1.0,0.40753033494742813,1
14:44:43.007100,138,0.565705921692283,1.1750878171167842,1.3565804668606094,-0.4872000130126253,45.35999898612499,1.0,0.8075581374322673,1
14:44:43.007100,138,0.5464728395089302,1.153574503314541,1.4472663527651923,-0.4872000130126253,24.119999460875988,1.0,1.4158543167474373,1
14:44:43.007100,138,0.6423952994288807,1.3540559898690478,1.1828648016562735,-0.4872000130126253,59.51999866962433,1.0,0.27704651178388473,1
14:44:43.007100,138,0.6212152568371947,1.2345465442481225,1.2326948230148658,-0.4872000130126253,232.1199948117137,1.0,0.04007015961763168,1
14:44:43.007100,138,0.589298103560927,1.315750667021167,1.209896092833988,-0.4872000130126253,138.11999691277742,1.0,0.46494512232820306,1
14:44:43.007100,138,0.5948836377107225,1.253909786751902,1.2433002549608403,-0.4872000130126253,273.5199938863516,1.0,0.2661396653023202,1
14:44:43.007100,138,0.5710807656024174,1.203737530536778,1.2735778186956035,-0.4872000130126253,152.51999659091234,1.0,0.6268424883795154,1
14:44:43.007100,138,0.5526620848536999,1.1804891647114495,1.3551331801345792,-0.4872000130126253,36.23999918997288,1.0,1.0708223033013105,1
14:44:43.007100,138,0.6271693554798646,1.360187567270159,1.181221850443317,-0.4872000130126253,56.519998736679554,1.0,0.31237050591485255,1
14:44:43.007100,138,0.6040225075623301,1.309987323135408,1.21144037617388,-0.4872000130126253,164.8799963146448,1.0,0.27294760821499064,1
14:44:43.007100,138,0.5807838070736943,1.259587871682662,1.241778816689088,-0.4872000130126253,275.6399938389659,1.0,0.4704523875695014,1
14:44:43.007100,138,0.5575451065850583,1.209188420229916,1.2721172572042962,-0.4174800111504737,135.63999696820974,1.0,0.9055107575478802,1
14:44:43.007100,138,0.6118806951207436,1.366171769224533,1.179618388362298,-0.4872000130126253,51.99999883770943,1.0,0.42131172550726703,1
14:44:43.007100,138,0.6186865098190274,1.3040820429670266,1.2130226912260773,-0.4872000130126253,176.51999605447054,1.0,0.14987025232934173,1
14:44:43.062386,139,0.6138431299046255,1.202920069251168,1.1784461559142154,-0.5566400148672983,300.63999328017235,1.0,0.14146650870771244,1
14:44:43.062386,139,0.6341872465727707,1.2338521785710008,1.117870987629252,-0.4872000130126253,210.5199952945113,1.0,0.42378260869863144,1
14:44:43.062386,139,0.5791578258769338,1.1085646047234623,1.2580404368975813,-0.4872000130126253,59.99999865889549,1.0,2.0277904496638888,1
14:44:43.062386,139,0.6043472585650659,1.1567796373854935,1.2257702341358634,-0.4174800111504737,137.35999692976475,1.0,0.6840964498261111,1
14:44:43.062386,139,0.6155533326247505,1.1431498470392258,1.214437150405126,-0.4174800111504737,106.51999761909246,1.0,0.802597440205701,1
14:44:43.062386,139,0.6601587704060208,1.2125851626783684,1.1074957267024232,-0.4174800111504737,183.11999590694904,1.0,0.5800783796834884,1
14:44:43.062386,139,0.6854568254763246,1.2590528422700575,1.0732939206089032,-0.4872000130126253,63.35999858379364,1.0,1.838937284673589,1
14:44:43.062386,139,0.5917569019507031,1.102909473843742,1.2595557246498947,-0.4872000130126253,51.23999885469675,1.0,2.1204997876631295,1
14:44:43.062386,139,0.5911397740158465,1.1625534443703942,1.2242231472170062,-0.5566400148672983,176.63999605178833,1.0,0.5974954930711315,1
14:44:43.062386,139,0.6275578620377444,1.1969245130276387,1.1800526603624857,-0.5566400148672983,253.2399943396449,1.0,0.2471593480246699,1
14:44:43.062386,139,0.5665008345057957,1.1140977571503434,1.2565578331732,-0.4872000130126253,68.63999846577644,1.0,1.9689323291242706,1
14:44:43.062386,139,0.62407728671281,1.2571494617104648,1.1439398222809245,-0.5566400148672983,233.87999477237463,1.0,0.5259126326786934,1
14:44:43.062386,139,0.6019591584431445,1.2168904027705882,1.1903125793976244,-0.5566400148672983,348.63999220728874,1.0,0.10898523775546701,1
14:44:43.062386,139,0.5778731759844832,1.1681993902921828,1.222710320566753,-0.5566400148672983,220.2399950772524,1.0,0.5455318414770687,1
14:44:43.062386,139,0.5537871935258218,1.119508377813777,1.255108061735882,-0.4872000130126253,75.23999831825495,1.0,1.944157665339317,1
14:44:43.062386,139,0.626684030303086,1.2844048368659382,1.0665008741304187,-0.4872000130126253,65.35999853909016,1.0,1.3850793672090138,1
14:44:43.062386,139,0.6096875446394091,1.2631081378038451,1.1423431998337443,-0.5566400148672983,248.51999444514516,1.0,0.4605051986973527,1
14:44:43.062386,139,0.5880794079488689,1.2226378954657635,1.1887725433714484,-0.4872000130126253,387.8799913302064,1.0,0.06305253385207729,1
14:44:43.062386,139,0.5645487911196638,1.1737169105609973,1.221231905466502,-0.5566400148672983,254.99999430030584,1.0,0.5284638717829294,1
14:44:43.062386,139,0.5410181742904587,1.1247959256562308,1.2536912675615557,-0.4872000130126253,77.87999825924635,1.0,1.9537014506912338,1
14:44:43.062386,139,0.6504720257813981,1.1681207575463066,1.1567024016779377,-0.4174800111504737,210.8799952864647,1.0,0.44157504713984386,1
14:44:43.062386,139,0.6414749205498503,1.2782800485505088,1.0681420062133495,-0.4872000130126253,66.11999852210283,1.0,1.4447673481842538,1
14:44:43.062386,139,0.6741481730107645,1.206140901435928,1.1092224612981505,-0.4174800111504737,155.8799965158105,1.0,0.7515513085438885,1
14:44:43.062386,139,0.8101070385527673,1.134397084477272,1.1284461591141484,-0.4174800111504737,40.759999088943005,1.0,4.321409467414122,1
14:44:43.062386,139,0.6615978756536353,1.1534108117274773,1.1451885879381165,-0.4174800111504737,175.23999608308077,1.0,0.5794750672100445,1
14:44:43.062386,139,0.8411512863805193,1.1778685055977511,1.095047198058304,-0.4174800111504737,25.999999418854717,1.0,5.927719812656067,1
14:44:43.062386,139,0.6414009414754624,1.2344520680429725,0.9052314015407484,-0.4872000130126253,4.999999888241291,0.4999999888241291,2.0197846712298544,1
14:44:43.062386,139,0.8135458389933238,1.1938521849141874,1.090764384093387,-0.4174800111504737,28.999999351799488,1.0,4.8856423164540645,1
14:44:43.062386,139,0.7835204213854858,1.149790856472715,1.1243214103395007,-0.4174800111504737,47.23999894410372,1.0,3.343845939690115,1
14:44:43.062386,139,0.6418355876921253,1.0603970616003446,1.524053175144867,-0.5566400148672983,8.239999815821648,0.8239999815821648,9.118658411055726,1
14:44:43.062386,139,0.7996203922474182,1.2016432442899094,1.0886767760254792,-0.4174800111504737,32.63999927043915,1.0,4.413296694146416,1
14:44:43.062386,139,0.7378240049193928,1.104438026491809,1.142910049484852,-0.4174800111504737,73.99999834597111,1.0,2.2438068063591188,1
14:44:43.062386,139,0.7856149841322105,1.2092994068742016,1.0866253134438968,-0.4174800111504737,36.63999918103218,1.0,3.973760652135415,1
14:44:43.062386,139,0.7566204065104594,1.1646679700651363,1.1203350997667054,-0.4174800111504737,64.87999854981899,1.0,2.496068216618667,1
14:44:43.062386,139,0.7249009649290673,1.1115025043303235,1.1410171283530746,-0.4174800111504737,86.87999805808067,1.0,1.8781347595807272,1
14:44:43.062386,139,0.6402587729545814,1.084411354674421,1.4092361712903223,-0.4174800111504737,13.759999692440031,1.0,5.242013151579656,1
14:44:43.062386,139,0.7715310151767785,1.2168199070572192,1.084610201493179,-0.4174800111504737,41.11999908089638,1.0,3.567302396550476,1
14:44:43.062386,139,0.7430562325428376,1.1719109122449145,1.1183943592588084,-0.4174800111504737,76.99999827891588,1.0,2.121460802135902,1
14:44:43.062386,139,0.7144684547397144,1.126823707135735,1.1523125811425556,-0.4174800111504737,102.759997703135,1.0,1.6233041758901772,1
14:44:43.062386,139,0.7431330360008063,1.2314509256858923,1.0806898318671814,-0.4174800111504737,45.99999897181988,1.0,2.854721588808713,1
14:44:43.062386,139,0.7294177535744948,1.1790224746077234,1.11648882186677,-0.4174800111504737,91.75999794900416,1.0,1.7800446380629131,1
14:44:43.062386,139,0.7013546921915345,1.1336616646813615,1.1504803559403267,-0.4174800111504737,121.9999972730875,1.0,1.3123223214664097,1
14:44:43.062386,139,0.6732916308085741,1.088300854755,1.1844718900138833,-0.4174800111504737,53.75999879837036,1.0,1.798526053161732,1
14:44:43.062386,139,0.7288218655543918,1.238559981041943,1.0787849662255795,-0.4174800111504737,50.99999886006117,1.0,2.549164601888637,1
14:44:43.062386,139,0.7019233432755829,1.1928486284903073,1.1127841150995037,-0.4174800111504737,109.63999754935504,1.0,1.1978278801461943,1
14:44:43.062386,139,0.6749180808290011,1.146955881682514,1.1469181812308638,-0.4174800111504737,145.8799967393279,1.0,0.7901619988626019,1
14:44:43.062386,139,0.6479128183824191,1.1010631348747206,1.1810522473622245,-0.4174800111504737,66.51999851316214,1.0,1.3334086791835351,1
14:44:43.062386,139,0.688070161363009,1.1995618374062773,1.110985316191848,-0.4174800111504737,131.11999706923962,1.0,0.9575606885727764,1
14:44:43.062386,139,0.6351255899442616,1.1072597860486777,1.179391859684385,-0.4174800111504737,83.51999813318253,1.0,1.1506745805661154,1
14:44:43.062386,139,0.6118304721783278,1.2903864523000177,1.0648981051054236,-0.4872000130126253,63.23999858647585,1.0,1.3617820613890272,1
14:44:43.062386,139,0.7701089190713273,1.1572943723565383,1.122310849318036,-0.4174800111504737,55.11999876797199,1.0,2.9036128489820836,1
14:44:43.062386,139,0.574140850006492,1.2282510349315163,1.1872685071845968,-0.4872000130126253,406.8799909055233,1.0,0.05280292611343076,1
14:44:43.062386,139,0.4613108646246529,1.2436473667002137,1.2628840103255523,-0.5566400148672983,89.63999799638987,1.0,1.3669415992810887,1
14:44:43.062386,139,0.4501923728256862,1.158319870304968,1.244708553665821,-0.5566400148672983,35.51999920606613,1.0,3.001686982050052,1
14:44:43.062386,139,0.5062263856157355,1.3282004932460905,1.054765863371366,-0.4872000130126253,39.35999912023544,1.0,2.2459079867817953,1
14:44:43.062386,139,0.4940498198111339,1.314301093652848,1.144860439744679,-0.4872000130126253,112.7599974796176,1.0,1.2689455127061338,1
14:44:43.062386,139,0.4660139792049428,1.3000546160105282,1.2309357852261196,-0.4872000130126253,170.1199961975217,1.0,1.1509523864442992,1
14:44:43.062386,139,0.4473675239244034,1.2480359827904326,1.2617080841882882,-0.5566400148672983,69.99999843537807,1.0,1.638771498369846,1
14:44:43.062386,139,0.4370267338566554,1.1626048451609816,1.2435603981135643,-0.5566400148672983,29.519999340176582,1.0,3.2945287914238017,1
14:44:43.062386,139,0.4791169285900946,1.3190011671929691,1.1436010588352366,-0.4872000130126253,93.75999790430068,1.0,1.5288022651785746,1
14:44:43.062386,139,0.4514428735437957,1.304485629179537,1.229748498825832,-0.4872000130126253,137.11999693512917,1.0,1.4345005625511018,1
14:44:43.062386,139,0.4950149350664597,1.2907714802970562,1.233423193943773,-0.4872000130126253,210.8799952864647,1.0,0.6994384075470494,1
14:44:43.062386,139,0.4345106414744424,1.2596224985160094,1.2738057199119406,-0.5566400148672983,55.75999875366688,1.0,1.884628187724351,1
14:44:43.062386,139,0.4641361260776011,1.32355676748569,1.1423803894157631,-0.4872000130126253,78.11999825388193,1.0,1.8277677550663756,1
14:44:43.062386,139,0.4368266239735133,1.308775677075889,1.2285989839565137,-0.4872000130126253,111.11999751627444,1.0,1.7570110179577725,1
14:44:43.062386,139,0.42347363287081,1.2850211677193506,1.3128339723682088,-0.4872000130126253,44.99999899417162,1.0,2.0779266609021363,1
14:44:43.062386,139,0.4340367840903351,1.3322327405968364,1.1400556694270774,-0.4872000130126253,65.23999854177237,1.0,2.5444087290256423,1
14:44:43.062386,139,0.4221666921068073,1.312924330698388,1.2274873555686887,-0.4872000130126253,90.63999797403812,1.0,2.1188124385712035,1
14:44:43.062386,139,0.4074645439245822,1.316931175185148,1.226413724824264,-0.4872000130126253,74.5199983343482,1.0,2.5202353539351385,1
14:44:43.062386,139,0.4037638331842736,1.3403255427128755,1.1378872096355797,-0.4872000130126253,46.35999896377325,1.0,3.421657962707131,1
14:44:43.062386,139,0.3927216496293388,1.3207958098550767,1.2253781990854151,-0.4872000130126253,61.87999861687422,1.0,2.961611957498612,1
14:44:43.062386,139,0.3885660357989582,1.3441522339334442,1.1368618508133452,-0.4872000130126253,39.35999912023544,1.0,3.9213910186233014,1
14:44:43.062386,139,0.3789259703205139,1.3322085688859606,1.2381560278679435,-0.4872000130126253,51.63999884575605,1.0,3.377772527127853,1
14:44:43.062386,139,0.5089333064641074,1.3094570168687414,1.146158406207055,-0.4872000130126253,135.51999697089195,1.0,1.0478546231920092,1
14:44:43.062386,139,0.4189212545245443,1.3363522458252195,1.1389518513279162,-0.4872000130126253,54.87999877333641,1.0,2.9627816894760914,1
14:44:43.062386,139,0.463312992934606,1.1539079415112412,1.2458907264231636,-0.5566400148672983,42.75999904423952,1.0,2.7451281395620843,1
14:44:43.062386,139,0.5214766971259694,1.3232370272478622,1.0560958200772506,-0.4872000130126253,43.63999902456999,1.0,2.0049936900957155,1
14:44:43.062386,139,0.5393684820600415,1.1920800009478851,1.2313431320444748,-0.5566400148672983,262.359994135797,1.0,0.5582429123433242,1
14:44:43.062386,139,0.5281950536909321,1.1299598719273498,1.2523075923284517,-0.4872000130126253,75.75999830663204,1.0,1.9978013141475977,1
14:44:43.062386,139,0.5969157315189441,1.2962242966962152,1.063333859413924,-0.4872000130126253,60.23999865353108,1.0,1.3752058953312973,1
14:44:43.062386,139,0.5679435178995593,1.288650580340645,1.1517334740721277,-0.4872000130126253,238.75999466329813,1.0,0.5443895875950484,1
14:44:43.062386,139,0.5460928928952119,1.2390720224291203,1.1843690323233065,-0.4872000130126253,397.7599911093712,1.0,0.14051625512017396,1
14:44:43.062386,139,0.5258377002649546,1.1972245945137303,1.22996464235312,-0.5566400148672983,237.119994699955,1.0,0.6378078760926496,1
14:44:43.062386,139,0.502391642886517,1.139914906606072,1.249640148825664,-0.5566400148672983,69.2399984523654,1.0,2.1906322563726777,1
14:44:43.062386,139,0.5819412997865047,1.3019177862749822,1.0618082934791782,-0.4872000130126253,56.519998736679554,1.0,1.4256855445801915,1
14:44:43.062386,139,0.5532724812472366,1.2940656827976578,1.1502825017418392,-0.4872000130126253,216.75999515503645,1.0,0.6137895921260442,1
14:44:43.062386,139,0.5336052983678214,1.2523480007316443,1.1964698695831544,-0.4872000130126253,362.6399918943644,1.0,0.23731051935375816,1
14:44:43.062386,139,0.5952368343223412,1.268927524050559,1.140783899988493,-0.4872000130126253,250.2399944067001,1.0,0.4311993747812699,1
14:44:43.062386,139,0.4894139330010911,1.1447049995185483,1.248356647298096,-0.5566400148672983,60.51999864727259,1.0,2.339850690114604,1
14:44:43.062386,139,0.5166090472308231,1.2247528858132226,1.2679467712206272,-0.4872000130126253,194.23999565839767,1.0,0.6524753801019115,1
14:44:43.062386,139,0.5094418851955403,1.2859202860583876,1.2347230675223506,-0.4872000130126253,259.519994199276,1.0,0.530826033352082,1
14:44:43.062386,139,0.5237659002128192,1.3044694212442705,1.147494828426805,-0.4872000130126253,161.51999638974667,1.0,0.8651893977547679,1
14:44:43.062386,139,0.4763872821323964,1.149369499968984,1.2471067981693071,-0.5566400148672983,51.23999885469675,1.0,2.524599660523931,1
14:44:43.062386,139,0.5518193586442859,1.3128694380957682,1.0588738072180115,-0.4872000130126253,47.8799989297986,1.0,1.6391710351386974,1
14:44:43.062386,139,0.5028585484401197,1.229676577132615,1.266627472107816,-0.4872000130126253,151.23999661952257,1.0,0.7757445273427351,1
14:44:43.062386,139,0.5194024131313936,1.257433679717792,1.195107166005852,-0.4872000130126253,312.63999301195145,1.0,0.3622557121480609,1
14:44:43.062386,139,0.5385461178103212,1.2993388055348185,1.1488695727628269,-0.4872000130126253,189.5199957638979,1.0,0.7206124920263988,1
14:44:43.062386,139,0.5669086744116376,1.307466351692131,1.060321559856502,-0.4872000130126253,52.23999883234501,1.0,1.5135597277474713,1
14:44:43.062386,139,0.4890577642158674,1.2344672048670589,1.2653438272751334,-0.4872000130126253,116.11999740451574,1.0,0.9357195144331933,1
14:44:43.115008,140,0.6042968028300518,1.097132930019531,1.2611035449026349,-0.4872000130126253,105.639997638762,1.0,1.9094537276083274,1
14:44:43.115008,140,0.6347603262282953,1.1659330875327434,1.1418332542486955,-0.4872000130126253,199.7599955350161,1.0,0.2891214742200044,1
14:44:43.115008,140,0.6741481730107645,1.206140901435928,1.1092224612981505,-0.4872000130126253,82.99999814480543,1.0,1.7850020857396929,1
14:44:43.115008,140,0.6482115112449914,1.159736757873992,1.1434935557767951,-0.4872000130126253,171.87999615818262,1.0,0.4578739887192644,1
14:44:43.115008,140,0.6222748494792184,1.1133326143120563,1.17776465025544,-0.4872000130126253,172.1199961528182,1.0,0.7493742321251582,1
14:44:43.115008,140,0.5917569019507031,1.102909473843742,1.2595557246498947,-0.4872000130126253,127.11999715864658,1.0,1.7875398291861204,1
14:44:43.115008,140,0.6601587704060208,1.2125851626783684,1.1074957267024232,-0.4872000130126253,93.51999790966512,1.0,1.5665652930327536,1
14:44:43.115008,140,0.584701765702615,1.0766270277560044,1.3413048716641722,-0.4872000130126253,44.99999899417162,1.0,3.9622756074991803,1
14:44:43.115008,140,0.5892816382288593,1.1547880468693013,1.2113187041593052,-0.4872000130126253,249.99999441206452,1.0,0.2825431910141929,1
14:44:43.115008,140,0.5791578258769338,1.1085646047234623,1.2580404368975813,-0.4872000130126253,148.6399966776371,1.0,1.708065218703382,1
14:44:43.115008,140,0.6461033524773181,1.2188939767128728,1.1058052850766795,-0.4872000130126253,102.23999771475792,1.0,1.3891443737687488,1
14:44:43.115008,140,0.621245665710779,1.1719991810759574,1.1402078493825798,-0.4872000130126253,228.99999488145116,1.0,0.16223635301706488,1
14:44:43.115008,140,0.6351255899442616,1.1072597860486777,1.179391859684385,-0.4872000130126253,140.75999685376885,1.0,0.913897567552159,1
14:44:43.115008,140,0.5665008345057957,1.1140977571503434,1.2565578331732,-0.5566400148672983,164.8799963146448,1.0,1.6713947792844648,1
14:44:43.115008,140,0.6178000992290298,1.2311027532612984,1.102533953259957,-0.4872000130126253,107.8799975886941,1.0,1.1592146569159738,1
14:44:43.115008,140,0.5961029016495444,1.1922059467882933,1.1502487946709965,-0.4872000130126253,256.7599942609668,1.0,0.09275093658964612,1
14:44:43.115008,140,0.5778731759844832,1.1681993902921828,1.222710320566753,-0.4872000130126253,287.2399935796857,1.0,0.2168972930293588,1
14:44:43.115008,140,0.5537871935258218,1.119508377813777,1.255108061735882,-0.5566400148672983,170.23999619483948,1.0,1.677905820959691,1
14:44:43.115008,140,0.6114869158835261,1.127350289904876,1.188845548425267,-0.4872000130126253,209.3599953204393,1.0,0.5476153693710514,1
14:44:43.115008,140,0.6615978756536353,1.1534108117274773,1.1451885879381165,-0.4872000130126253,146.99999671429396,1.0,0.6680857111563637,1
14:44:43.115008,140,0.7019233432755829,1.1928486284903073,1.1127841150995037,-0.4872000130126253,61.35999862849712,1.0,2.3431599945284822,1
14:44:43.115008,140,0.7118749041613739,1.2363761125647057,1.0627393607403377,-0.4872000130126253,12.759999714791777,1.0,4.528075875698478,1
14:44:43.115008,140,0.8109750929684694,1.09162342935871,1.0761959386287256,-0.4174800111504737,25.11999943852425,1.0,5.283899876441731,1
14:44:43.115008,140,0.6777320970863848,1.1547477194222455,0.7474188735197633,-0.3480400092958007,5.239999882876873,0.5239999882876873,3.17523670918801,1
14:44:43.115008,140,0.7939950121301961,1.1335476197777483,1.1126567906639957,-0.4872000130126253,28.359999366104603,1.0,5.136491633684196,1
14:44:43.115008,140,0.7673463002293099,1.148629521146629,1.1086156073718785,-0.4872000130126253,32.51999927312136,1.0,4.059002561893861,1
14:44:43.115008,140,0.7378240049193928,1.104438026491809,1.142910049484852,-0.4872000130126253,68.23999847471714,1.0,2.611880621406857,1
14:44:43.115008,140,0.7539061751342,1.1559766674800267,1.1066469454451713,-0.4872000130126253,37.63999915868044,1.0,3.577402433589862,1
14:44:43.115008,140,0.7249009649290673,1.1115025043303235,1.1410171283530746,-0.4872000130126253,78.9999982342124,1.0,2.1721063294030003,1
14:44:43.115008,140,0.6071284770896657,1.0784945182196068,1.5192039762586784,-0.5566400148672983,13.879999689757824,1.0,6.932713192304589,1
14:44:43.115008,140,0.688070161363009,1.1995618374062773,1.110985316191848,-0.4872000130126253,71.8799983933568,1.0,2.044009656930616,1
14:44:43.115008,140,0.7403906600531999,1.1631936269863905,1.104713166973633,-0.4872000130126253,44.11999901384115,1.0,3.134317081098958,1
14:44:43.115008,140,0.6538396662027408,1.0728243591650295,1.2676170068322534,-0.4872000130126253,58.75999868661165,1.0,2.8146492937505725,1
14:44:43.115008,140,0.7294177535744948,1.1790224746077234,1.11648882186677,-0.4872000130126253,51.99999883770943,1.0,3.060263546638591,1
14:44:43.115008,140,0.7013546921915345,1.1336616646813615,1.1504803559403267,-0.4872000130126253,107.11999760568142,1.0,1.543626371274166,1
14:44:43.115008,140,0.6732916308085741,1.088300854755,1.1844718900138833,-0.4174800111504737,95.3599978685379,1.0,1.656856741689774,1
14:44:43.115008,140,0.6415489448448805,1.0790806577335557,1.2659406366832089,-0.4872000130126253,71.23999840766191,1.0,2.5263724311893725,1
14:44:43.115008,140,0.6749180808290011,1.146955881682514,1.1469181812308638,-0.4872000130126253,125.35999719798563,1.0,0.9193638548609667,1
14:44:43.115008,140,0.6479128183824191,1.1010631348747206,1.1810522473622245,-0.4872000130126253,115.5199974179268,1.0,1.1202134704949878,1
14:44:43.115008,140,0.6291940691300261,1.0852179262192392,1.2642961605487368,-0.4872000130126253,86.75999806076288,1.0,2.2792030578475666,1
14:44:43.115008,140,0.6858806769365913,1.0817365020265557,1.186230803026303,-0.4174800111504737,79.35999822616577,1.0,1.9865364816666744,1
14:44:43.115008,140,0.7119054354495715,1.1184418040503268,1.139157748597062,-0.4872000130126253,91.75999794900416,1.0,1.7718878049695537,1
14:44:43.115008,140,0.654352465157989,1.1149125444817185,0.7906289941905433,-0.3480400092958007,7.35999983549118,0.735999983549118,1.5571970174085528,1
14:44:43.115008,140,0.5823581825473251,1.197897524073477,1.148723741133772,-0.4872000130126253,278.5199937745929,1.0,0.08042461183403643,1
14:44:43.115008,140,0.5089333064641074,1.3094570168687414,1.146158406207055,-0.5566400148672983,71.51999840140343,1.0,2.597753890354749,1
14:44:43.115008,140,0.4893529952513003,1.25907796801415,1.179008455359977,-0.5566400148672983,185.5199958533049,1.0,1.2231616192766523,1
14:44:43.115008,140,0.4752080746249265,1.2391242899577943,1.2640959650859878,-0.5566400148672983,140.9999968484044,1.0,1.1549462599221172,1
14:44:43.115008,140,0.4554012141833933,1.187477099618532,1.294768736228203,-0.5566400148672983,55.519998759031296,1.0,2.4651423621481747,1
14:44:43.115008,140,0.4940498198111339,1.314301093652848,1.144860439744679,-0.5566400148672983,63.75999857485294,1.0,2.840176097194379,1
14:44:43.115008,140,0.4750421244929744,1.2637356774888924,1.1777604258676408,-0.5566400148672983,157.3599964827299,1.0,1.5285898691165574,1
14:44:43.115008,140,0.4473675239244034,1.2480359827904326,1.2617080841882882,-0.5566400148672983,115.11999742686749,1.0,1.8213748248646633,1
14:44:43.115008,140,0.4333794468465665,1.2522896993705188,1.2605683042658231,-0.5566400148672983,94.63999788463116,1.0,2.225809740232503,1
14:44:43.115008,140,0.4462793073583746,1.2726352555979343,1.1753757911003453,-0.5566400148672983,111.63999750465156,1.0,2.282111950539289,1
14:44:43.115008,140,0.4193480321871304,1.256408091072378,1.259464784535195,-0.5566400148672983,78.51999824494123,1.0,2.6785002432260776,1
14:44:43.115008,140,0.4173379844591224,1.2809774359479618,1.1731405106124406,-0.5566400148672983,94.11999789625406,1.0,3.229982796858351,1
14:44:43.115008,140,0.4028039982297283,1.28493845047945,1.1720791599675204,-0.5566400148672983,79.75999821722507,1.0,3.778391992083898,1
14:44:43.115008,140,0.3882297319379809,1.2887588817782103,1.171055478486279,-0.5566400148672983,67.75999848544598,1.0,4.377323013162881,1
14:44:43.115008,140,0.3736166429982988,1.2924383478043135,1.170069568536007,-0.5566400148672983,57.87999870628119,1.0,5.027444144369406,1
14:44:43.115008,140,0.6035550942110565,1.237001494907793,1.1009533901994188,-0.5566400148672983,109.8799975439906,1.0,1.107679489137467,1
14:44:43.115008,140,0.4791169285900946,1.3190011671929691,1.1436010588352366,-0.5566400148672983,56.759998731315136,1.0,3.129566608730033,1
14:44:43.115008,140,0.4686736432361945,1.18301412367573,1.2959645870279162,-0.5566400148672983,67.35999849438667,1.0,2.145493492563958,1
14:44:43.115008,140,0.4606837499201898,1.2682549239904417,1.176549497417153,-0.5566400148672983,132.63999703526497,1.0,1.8813699786596279,1
14:44:43.115008,140,0.5036149311200815,1.2542822613332605,1.1802934610922575,-0.5566400148672983,215.99999517202377,1.0,0.9644878720499444,1
14:44:43.115008,140,0.5645487911196638,1.1737169105609973,1.221231905466502,-0.5566400148672983,310.8799930512905,1.0,0.21758434561171971,1
14:44:43.115008,140,0.4849352933258053,1.2118706687437577,1.2260402385908982,-0.5566400148672983,172.99999613314867,1.0,1.0531983052312466,1
14:44:43.115008,140,0.5410181742904587,1.1247959256562308,1.2536912675615557,-0.5566400148672983,162.3599963709712,1.0,1.7279878934822563,1
14:44:43.115008,140,0.589249734189321,1.2427623477335843,1.0994097743370337,-0.5566400148672983,108.11999758332968,1.0,1.0991069768181287,1
14:44:43.115008,140,0.5723361471137718,1.2201077759385166,1.1738407237875972,-0.4872000130126253,289.5199935287237,1.0,0.24806362752026623,1
14:44:43.115008,140,0.5168873904684121,1.1423936351752633,1.2633810542179094,-0.5566400148672983,144.35999677330256,1.0,1.7642949992773143,1
14:44:43.115008,140,0.5748854496878406,1.2483847356582178,1.0979032600330936,-0.5566400148672983,103.23999769240618,1.0,1.1340242221963046,1
14:44:43.115008,140,0.5443763534371839,1.2308947497138107,1.1709503628757316,-0.5566400148672983,286.9999935850501,1.0,0.38670842022277063,1
14:44:43.115008,140,0.5242422678908645,1.1894934645175963,1.2170045905744853,-0.5566400148672983,289.2399935349822,1.0,0.48283849154431746,1
14:44:43.115008,140,0.551167951848712,1.179105453429433,1.219788049756524,-0.5566400148672983,311.759993031621,1.0,0.26183071443224515,1
14:44:43.115008,140,0.5515333741146261,1.28554419436531,1.1363314765967611,-0.5566400148672983,96.23999784886836,1.0,1.9097038147269765,1
14:44:43.115008,140,0.5319862984985214,1.2442787883712878,1.1829738835939247,-0.5566400148672983,271.2399939373136,1.0,0.5850795417654511,1
14:44:43.115008,140,0.5107001157498062,1.1944918939449185,1.2156652654460105,-0.5566400148672983,252.1199943646789,1.0,0.6605509490643415,1
14:44:43.115008,140,0.4909033719129555,1.1521284707031434,1.260772612899764,-0.5566400148672983,100.87999774515627,1.0,2.1530070210091448,1
14:44:43.115008,140,0.5385461178103212,1.2993388055348185,1.1488695727628269,-0.5566400148672983,88.11999803036451,1.0,2.251209187414725,1
14:44:43.115008,140,0.5178265059176795,1.2493490370128737,1.181615314564987,-0.5566400148672983,245.99999450147152,1.0,0.7519842267765914,1
14:44:43.115008,140,0.497106894025038,1.1993592684909289,1.2143610563671472,-0.5566400148672983,210.99999528378248,1.0,0.8837243369284302,1
14:44:43.115008,140,0.5039205770084416,1.147323800047178,1.2620600205219277,-0.5566400148672983,122.23999726772308,1.0,1.9360840644635038,1
14:44:43.115008,140,0.4778370768915573,1.1568071666801196,1.2595189600911023,-0.5566400148672983,82.35999815911055,1.0,2.415515563708784,1
14:44:43.115008,140,0.5237659002128192,1.3044694212442705,1.147494828426805,-0.5566400148672983,79.75999821722507,1.0,2.4016450774332285,1
14:44:43.173098,141,0.7673463002293099,1.148629521146629,1.1086156073718785,-0.5566400148672983,42.75999904423952,1.0,1.752594476902512,1
14:44:43.173098,141,0.8013869124711869,1.1572691096770986,1.03441390797719,-0.4872000130126253,23.639999471604824,1.0,3.154452686604646,1
14:44:43.173098,141,0.6325546302287792,1.017329903513939,1.4274314563645016,-0.4872000130126253,80.11999820917845,1.0,2.4072461665985556,1
14:44:43.173098,141,0.6696737918514575,1.040686408000616,1.3648700947728074,-0.4872000130126253,90.9999979659915,1.0,1.1793460973748857,1
14:44:43.173098,141,0.7939950121301961,1.1335476197777483,1.1126567906639957,-0.5566400148672983,31.5199992954731,1.0,2.467036985920218,1
14:44:43.173098,141,0.7328998971457253,1.0463251295697893,1.1809347200928306,-0.4174800111504737,150.7599966302514,1.0,0.5678704759028108,1
14:44:43.173098,141,0.754744781200562,1.0644479529904056,1.107765910483396,-0.4872000130126253,49.87999888509512,1.0,0.7592378302860348,1
14:44:43.173098,141,0.8375608944040689,1.001987299282325,1.1093350797789103,-0.4174800111504737,18.999999575316902,1.0,3.786655147947072,1
14:44:43.173098,141,0.7378240049193928,1.104438026491809,1.142910049484852,-0.4174800111504737,68.11999847739935,1.0,0.45765615140320914,1
14:44:43.173098,141,0.6550437526685211,1.004892243881248,1.4307641172188144,-0.4872000130126253,65.35999853909016,1.0,2.6843869749764577,1
14:44:43.173098,141,0.7023365256346156,1.0466215537763506,1.2746380273755795,-0.4174800111504737,110.75999752432108,1.0,0.5837327693595948,1
14:44:43.173098,141,0.7108517546780652,1.0682446533157222,1.1898459329927735,-0.4174800111504737,195.35999563336367,1.0,0.20354905361680087,1
14:44:43.173098,141,0.6660650041417682,1.066449656138276,1.2693251033602602,-0.4174800111504737,167.99999624490738,1.0,0.30957048514199026,1
14:44:43.173098,141,0.6508074112460763,1.0721361742330024,1.3984562184079716,-0.5566400148672983,110.5199975296855,1.0,1.0810745683749987,1
14:44:43.173098,141,0.6225726956357179,1.0291437599438449,1.4376952872454778,-0.4872000130126253,90.75999797135592,1.0,2.3140177190019555,1
14:44:43.173098,141,0.5929152126766073,0.9801184593854202,1.464481785518288,-0.4872000130126253,26.519999407231808,1.0,4.7724051723448255,1
14:44:43.173098,141,0.7876695898108041,1.1649437270357412,1.032357500453724,-0.4872000130126253,26.119999416172504,1.0,2.853687659837748,1
14:44:43.173098,141,0.7566204065104594,1.1646679700651363,1.1203350997667054,-0.5566400148672983,58.35999869555235,1.0,1.8123631138345688,1
14:44:43.173098,141,0.7275107710410028,1.1198594243798443,1.1541786550828586,-0.4872000130126253,95.3599978685379,1.0,0.4068007657815345,1
14:44:43.173098,141,0.6984011355715464,1.0750508786945523,1.188022210399012,-0.4872000130126253,247.99999445676804,1.0,0.14350207600340043,1
14:44:43.173098,141,0.6388621198912803,1.0783648515370288,1.3967872493544438,-0.5566400148672983,123.63999723643064,1.0,0.9959569850317322,1
14:44:43.173098,141,0.6111456403957194,1.035102211480203,1.4360987249681707,-0.4872000130126253,91.87999794632196,1.0,2.31185806420899,1
14:44:43.173098,141,0.7738735008513505,1.1724854637157482,1.030336698200788,-0.4872000130126253,27.87999937683344,1.0,2.637034313922295,1
14:44:43.173098,141,0.6813362091884464,1.0341614765140448,1.3666184448953025,-0.4872000130126253,71.8799983933568,1.0,1.3821532945398889,1
14:44:43.173098,141,0.6782237361384111,1.0599571861182573,1.2710647554590075,-0.4174800111504737,138.359996907413,1.0,0.3294715792543562,1
14:44:43.173098,141,0.7142881718754289,1.0397797250065246,1.2764712898692068,-0.4174800111504737,87.99999803304672,1.0,0.8162515895289378,1
14:44:43.173098,141,0.7513413730493576,0.9821948037085808,1.234740062389593,-0.4174800111504737,46.11999896913767,1.0,2.2276932783629784,1
14:44:43.173098,141,0.7797742568186788,1.0496251435272388,1.111737670308612,-0.4872000130126253,38.239999145269394,1.0,1.3154704022285848,1
14:44:43.173098,141,0.7430562325428376,1.1719109122449145,1.1183943592588084,-0.5566400148672983,74.5199983343482,1.0,1.6148338170334813,1
14:44:43.173098,141,0.8040478616214927,0.961895129945234,1.1449729454780937,-0.4174800111504737,47.35999894142151,1.0,3.5007948838556673,1
14:44:43.173098,141,0.7050182750133803,0.954400662756405,1.4041906036359313,-0.4872000130126253,24.879999443888664,1.0,4.260495600669777,1
14:44:43.173098,141,0.8620536156879937,1.059298687244482,1.0848573271737771,-0.3480400092958007,12.23999972641468,1.0,4.84314033304267,1
14:44:43.173098,141,0.8255355521633057,1.010019505084695,1.107182856720725,-0.4174800111504737,21.7599995136261,1.0,3.150588642893836,1
14:44:43.173098,141,0.7925036852176601,0.9696059458902576,1.1429068385726395,-0.4174800111504737,57.999998703598976,1.0,2.978621421375064,1
14:44:43.173098,141,0.7253995714107476,1.0006081418988042,1.3616740707391228,-0.4872000130126253,34.879999220371246,1.0,2.7030014218832243,1
14:44:43.173098,141,0.688283387423714,0.9854274687697684,1.435979687990789,-0.4872000130126253,31.359999299049377,1.0,3.5718094872854955,1
14:44:43.173098,141,0.8652310502728278,1.1076558681654292,1.031329269481483,-0.4872000130126253,14.119999684393406,1.0,5.313292417370592,1
14:44:43.173098,141,0.836681685079964,1.0757077568407385,1.080460530226914,-0.3480400092958007,14.879999667406082,1.0,3.4636568862174153,1
14:44:43.173098,141,0.8012384198703998,1.0257334584666091,1.1029723156021407,-0.4174800111504737,25.51999942958355,1.0,2.0886743514025214,1
14:44:43.173098,141,0.7485734206688883,1.0076268576957677,1.1472794019884982,-0.4872000130126253,116.35999739915133,1.0,1.3631208205132122,1
14:44:43.173098,141,0.7691787456291834,0.984691142320468,1.1388647723715,-0.4174800111504737,71.99999839067459,1.0,2.136993266204421,1
14:44:43.173098,141,0.7140462490714374,1.007560189144974,1.3598112752937686,-0.4872000130126253,43.99999901652336,1.0,2.2679567243745042,1
14:44:43.173098,141,0.6772708663527082,0.9920226441868484,1.4342125160638406,-0.4872000130126253,39.99999910593033,1.0,3.214185973927436,1
14:44:43.173098,141,0.8554412267299614,1.1252573802607624,1.042991425022621,-0.4872000130126253,16.239999637007713,1.0,5.174380779601121,1
14:44:43.173098,141,0.8238695821582053,1.0837276702687133,1.078311600900521,-0.3480400092958007,18.519999586045746,1.0,2.884711562123644,1
14:44:43.173098,141,0.792172653282593,1.0420331598401875,1.1137719362065075,-0.4872000130126253,30.63999931514263,1.0,1.704656865772948,1
14:44:43.173098,141,0.7604757244069809,1.000338649411662,1.149232271512494,-0.4872000130126253,90.8799979686737,1.0,1.645517928042107,1
14:44:43.173098,141,0.7282568158540794,0.9964871008341164,1.23091045291682,-0.4174800111504737,70.23999843001366,1.0,1.5403824261212928,1
14:44:43.173098,141,0.6911265347758458,1.0211335681137232,1.3561742993605306,-0.4872000130126253,56.11999874562025,1.0,1.590534465230891,1
14:44:43.173098,141,0.6661906187624852,0.9985111188380178,1.43247393452095,-0.4872000130126253,51.35999885201454,1.0,2.9181080615290194,1
14:44:43.173098,141,0.8420526056552172,1.1334557140604122,1.040794688101724,-0.4872000130126253,18.519999586045746,1.0,4.549301017380664,1
14:44:43.173098,141,0.8109750929684694,1.09162342935871,1.0761959386287256,-0.3480400092958007,23.75999946892261,1.0,2.3811318235291354,1
14:44:43.173098,141,0.7398360859460982,0.9893966976596064,1.232810320721441,-0.4174800111504737,56.63999873399735,1.0,1.850636554263424,1
14:44:43.173098,141,0.7144684547397144,1.126823707135735,1.1523125811425556,-0.4872000130126253,129.759997099638,1.0,0.31978765072312665,1
14:44:43.173098,141,0.815024097111725,1.1494623790951268,1.0365057151321568,-0.4872000130126253,20.999999530613422,1.0,3.5381194033255703,1
14:44:43.173098,141,0.6538396662027408,1.0728243591650295,1.2676170068322534,-0.4174800111504737,192.6399956941605,1.0,0.362376497741885,1
14:44:43.173098,141,0.5445577033758768,1.0853986355795398,1.4630764118196269,-0.5566400148672983,33.519999250769615,1.0,3.251515530724143,1
14:44:43.173098,141,0.65472612394133,1.2532097027095563,1.161229828612428,-0.5566400148672983,25.23999943584204,1.0,3.064258903424283,1
14:44:43.173098,141,0.6295366912531979,1.2049946700475251,1.1935000313741455,-0.5566400148672983,81.75999817252159,1.0,1.656460041807265,1
14:44:43.173098,141,0.6113397115359418,1.186604288761341,1.278168656993059,-0.5566400148672983,173.99999611079693,1.0,1.196682617550734,1
14:44:43.173098,141,0.5873880225944207,1.1440090139480208,1.3209845728427012,-0.5566400148672983,113.23999746888876,1.0,1.2731752557999358,1
14:44:43.173098,141,0.5547340547337792,1.1248274635703732,1.3984067075504436,-0.5566400148672983,45.759998977184296,1.0,2.2815718015256063,1
14:44:43.173098,141,0.532656867636881,1.0906012256912223,1.461682382000651,-0.5566400148672983,26.75999940186739,1.0,3.649920106769585,1
14:44:43.173098,141,0.6404176530359484,1.2594648188104964,1.1595537753046183,-0.5566400148672983,21.359999522566795,1.0,3.3884777543781994,1
14:44:43.173098,141,0.6157787135258974,1.2110091315904452,1.1918884612608125,-0.5566400148672983,65.23999854177237,1.0,2.0769449430303313,1
14:44:43.173098,141,0.5845593170216682,1.198156171141619,1.2750733394382043,-0.5566400148672983,137.75999692082405,1.0,2.0071127903167505,1
14:44:43.173098,141,0.565705921692283,1.1750878171167842,1.3565804668606094,-0.5566400148672983,90.9999979659915,1.0,1.9853219524377144,1
14:44:43.173098,141,0.5671281479396032,1.1194092401640452,1.3998585161365806,-0.5566400148672983,57.6399987116456,1.0,1.8915991928466174,1
14:44:43.173098,141,0.6260451409018059,1.265581415248994,1.1579148382284958,-0.5566400148672983,18.519999586045746,1.0,3.8043665898798986,1
14:44:43.173098,141,0.5710807656024174,1.203737530536778,1.2735778186956035,-0.5566400148672983,109.9999975413084,1.0,2.5385435138396852,1
14:44:43.173098,141,0.5526620848536999,1.1804891647114495,1.3551331801345792,-0.5566400148672983,73.35999836027622,1.0,2.469246422915724,1
14:44:43.173098,141,0.611610024778074,1.27155888037053,1.156313181276395,-0.5566400148672983,16.239999637007713,1.0,4.313062846304477,1
14:44:43.173098,141,0.5807838070736943,1.259587871682662,1.241778816689088,-0.5566400148672983,44.359999008476734,1.0,3.7990511557118767,1
14:44:43.173098,141,0.5575451065850583,1.209188420229916,1.2721172572042962,-0.5566400148672983,89.11999800801277,1.0,3.155419732523152,1
14:44:43.173098,141,0.5395629822696525,1.185764250554937,1.353719725142812,-0.5566400148672983,59.8799986615777,1.0,3.0342803354864607,1
14:44:43.173098,141,0.5493051809704841,1.2427091561214552,1.324171441706001,-0.5566400148672983,73.23999836295843,1.0,3.737170476041634,1
14:44:43.173098,141,0.6858806769365913,1.0817365020265557,1.186230803026303,-0.4872000130126253,297.23999335616827,1.0,0.1587692112015194,1
14:44:43.173098,141,0.5948836377107225,1.253909786751902,1.2433002549608403,-0.5566400148672983,53.23999880999327,1.0,3.2715827647334206,1
14:44:43.173098,141,0.5986036812624951,1.1314255906415105,1.3097876927931418,-0.5566400148672983,140.11999686807394,1.0,0.9942206192124429,1
14:44:43.173098,141,0.5455074738621114,1.147883900318718,1.4346104606967844,-0.5566400148672983,36.63999918103218,1.0,2.5645899314793743,1
14:44:43.173098,141,0.6432317158387993,1.1988476195829427,1.195147128581964,-0.5566400148672983,104.11999767273664,1.0,1.3226085191024408,1
14:44:43.173098,141,0.6174943088947512,1.1508785467133422,1.227351426615929,-0.5566400148672983,219.51999509334564,1.0,0.9619768151769621,1
14:44:43.173098,141,0.6268529428597344,1.084477836681191,1.395149279921722,-0.5566400148672983,123.75999723374844,1.0,0.9803289271886948,1
14:44:43.173098,141,0.5996574711036995,1.0409499900608057,1.434531817419982,-0.4872000130126253,82.63999815285206,1.0,2.3759372796056284,1
14:44:43.173098,141,0.7460505501631866,1.1871672917338312,1.02640271423993,-0.4872000130126253,28.359999366104603,1.0,2.4608815521871295,1
14:44:43.173098,141,0.7294177535744948,1.1790224746077234,1.11648882186677,-0.5566400148672983,79.23999822884798,1.0,1.500120911036324,1
14:44:43.173098,141,0.6881707947617308,1.1403726132266987,1.1486821626971568,-0.4872000130126253,156.23999650776386,1.0,0.3854498048562917,1
14:44:43.173098,141,0.6694519675448555,1.1260133389105522,1.234014038966319,-0.5566400148672983,322.8799927830696,1.0,0.06928837487752133,1
14:44:43.173098,141,0.6364740060795077,1.1135293472680106,1.3145829767526218,-0.5566400148672983,202.35999547690156,1.0,0.3270954590923528,1
14:44:43.173098,141,0.5881093365669627,1.0466865109126935,1.4329947212903549,-0.4872000130126253,68.35999847203493,1.0,2.507050405910359,1
14:44:43.173098,141,0.7290661117082529,1.18471873638092,1.0106803361767165,-0.4872000130126253,27.519999384880062,1.0,2.396286162438188,1
14:44:43.173098,141,0.7019233432755829,1.1928486284903073,1.1127841150995037,-0.5566400148672983,65.87999852746725,1.0,1.5237401360622909,1
14:44:43.173098,141,0.6839254081329129,1.179617147581958,1.2002999180246972,-0.5566400148672983,155.1199965327978,1.0,0.8302434425170597,1
14:44:43.173098,141,0.6565597386314694,1.1324175369005984,1.232298039286717,-0.5566400148672983,310.8799930512905,1.0,0.17315478850175192,1
14:44:43.173098,141,0.6147810810590802,1.0904745183720963,1.3935424739053774,-0.5566400148672983,110.75999752432108,1.0,1.0350677486983264,1
14:44:43.173098,141,0.6239125344126758,1.1196165974119603,1.312951902992424,-0.5566400148672983,192.87999568879604,1.0,0.47317674198893633,1
14:44:43.173098,141,0.7009140672472772,1.19853174436818,1.0069791518414852,-0.4872000130126253,22.11999950557947,1.0,2.8423727750510714,1
14:44:43.173098,141,0.5564040838007658,1.0800813542676837,1.4645011730530677,-0.5566400148672983,42.51999904960394,1.0,2.9237187438437324,1
14:44:43.173098,141,0.5794655288057737,1.11387157191737,1.4013423298712286,-0.5566400148672983,73.11999836564064,1.0,1.576188166261387,1
14:44:43.173098,141,0.6112886720151172,1.125582210721905,1.3113534217236682,-0.5566400148672983,168.87999622523785,1.0,0.695244782887336,1
14:44:43.173098,141,0.6305796103108843,1.1448507624580628,1.2289665665392804,-0.5566400148672983,269.63999397307634,1.0,0.6185181675572115,1
14:44:43.173098,141,0.6689691227828474,1.2468166924525437,1.1629428305479983,-0.5566400148672983,30.759999312460423,1.0,2.8305629740883016,1
14:44:43.173098,141,0.688070161363009,1.1995618374062773,1.110985316191848,-0.5566400148672983,46.23999896645546,1.0,1.664355541498923,1
14:44:43.173098,141,0.7150258404702639,1.191693222906571,1.0088115281445462,-0.4872000130126253,25.23999943584204,1.0,2.5742675337526832,1
14:44:43.173098,141,0.5681948242834305,1.0746499134793297,1.4659565232260443,-0.5566400148672983,54.239998787641525,1.0,2.6657465892331174,1
14:44:43.173098,141,0.6026477416653845,1.0963542969465998,1.3919669919846651,-0.5566400148672983,91.75999794900416,1.0,1.1610455351794846,1
14:44:43.173098,141,0.656862417791717,1.1925685948965952,1.196829588175926,-0.5566400148672983,131.51999706029892,1.0,1.0743332977868267,1
14:44:43.222329,142,0.6370956993372525,1.020066337760593,1.3011044997587222,-0.4872000130126253,41.75999906659126,1.0,1.861322555540805,1
14:44:43.222329,142,0.7144684547397144,1.126823707135735,1.1523125811425556,-0.4872000130126253,75.11999832093716,1.0,2.4583011281366094,1
14:44:43.222329,142,0.6858806769365913,1.0817365020265557,1.186230803026303,-0.4872000130126253,124.2399972230196,1.0,0.5771332669268381,1
14:44:43.222329,142,0.6517844451938927,1.0655123616023758,1.2552156636481049,-0.4872000130126253,99.63999777287243,1.0,0.3551906441616756,1
14:44:43.222329,142,0.625402080583127,1.0261637844927325,1.2994706938309537,-0.4872000130126253,49.75999888777733,1.0,1.7093892773738326,1
14:44:43.222329,142,0.6606352560815604,1.0947432804501125,1.1827456472515805,-0.4872000130126253,136.87999694049358,1.0,0.20060166967508317,1
14:44:43.222329,142,0.7013546921915345,1.1336616646813615,1.1504803559403267,-0.4872000130126253,80.99999818950891,1.0,2.1228128422009984,1
14:44:43.222329,142,0.6395323573880395,1.0717489946826786,1.2535445628507484,-0.4872000130126253,116.9999973848462,1.0,0.21666502576564484,1
14:44:43.222329,142,0.6136459221449054,1.032147976556559,1.2978672344000983,-0.5566400148672983,57.2399987205863,1.0,1.638730776486589,1
14:44:43.222329,142,0.6749180808290011,1.146955881682514,1.1469181812308638,-0.4872000130126253,84.63999810814857,1.0,1.721212405513798,1
14:44:43.222329,142,0.6692915001020897,1.0302423330092605,1.221865765715165,-0.4872000130126253,82.35999815911055,1.0,0.7503958588765316,1
14:44:43.222329,142,0.5969644949635132,0.9795032098204352,1.331324380829654,-0.4872000130126253,5.639999873936176,0.5639999873936177,4.892802710095484,1
14:44:43.222329,142,0.6984011355715464,1.0750508786945523,1.188022210399012,-0.4872000130126253,108.63999757170676,1.0,0.8944038825972117,1
14:44:43.222329,142,0.7691787456291834,0.984691142320468,1.1388647723715,-0.4872000130126253,46.35999896377325,1.0,3.9481408980190347,1
14:44:43.222329,142,0.6487256090552037,1.013856246099705,1.3027684888041804,-0.4872000130126253,34.35999923199415,1.0,2.093761548173435,1
14:44:43.222329,142,0.681223172481434,1.023719793795314,1.2236134748301424,-0.4872000130126253,67.35999849438667,1.0,1.050488038223085,1
14:44:43.222329,142,0.7083017096094756,1.0602465318369887,1.1772044915978257,-0.4872000130126253,92.63999792933464,1.0,1.1220928760456101,1
14:44:43.222329,142,0.7378240049193928,1.104438026491809,1.142910049484852,-0.4872000130126253,60.51999864727259,1.0,3.0351764525613283,1
14:44:43.222329,142,0.6120913014189857,1.014560625792959,1.5584443667997323,-0.5566400148672983,5.999999865889549,0.5999999865889549,9.776850551711963,1
14:44:43.222329,142,0.6717896559448171,1.0011006232098356,1.3061863476564768,-0.4872000130126253,28.359999366104603,1.0,2.797067855313585,1
14:44:43.222329,142,0.6930867231142596,1.0170823315239936,1.2253919774855346,-0.4872000130126253,55.11999876797199,1.0,1.4318023821281223,1
14:44:43.222329,142,0.7328998971457253,1.0463251295697893,1.1809347200928306,-0.4872000130126253,77.99999825656414,1.0,2.1119013648675944,1
14:44:43.222329,142,0.7634474546379607,1.089936374673769,1.1467957553784132,-0.4872000130126253,53.23999880999327,1.0,4.245493209187405,1
14:44:43.222329,142,0.7166047206906094,1.0034653041977326,1.229040648960919,-0.4872000130126253,45.2399989888072,1.0,2.43480762669112,1
14:44:43.222329,142,0.7485734206688883,1.0076268576957677,1.1472794019884982,-0.4872000130126253,65.51999853551388,1.0,2.730803060680167,1
14:44:43.222329,142,0.7604757244069809,1.000338649411662,1.149232271512494,-0.4872000130126253,54.9999987706542,1.0,3.411274021701468,1
14:44:43.222329,142,0.6501722912841956,1.109068881004613,1.1937440371765953,-0.4872000130126253,143.6399967893958,1.0,0.1913607985818572,1
14:44:43.222329,142,0.7275107710410028,1.1198594243798443,1.1541786550828586,-0.4872000130126253,67.99999848008156,1.0,2.8822734168997406,1
14:44:43.222329,142,0.6291940691300261,1.0852179262192392,1.2642961605487368,-0.4872000130126253,130.63999707996845,1.0,0.15754738209592806,1
14:44:43.222329,142,0.6174943088947512,1.1508785467133422,1.227351426615929,-0.5566400148672983,134.35999699681997,1.0,0.5149535164042732,1
14:44:43.222329,142,0.6415788139058665,1.131006478455088,1.2176909562106393,-0.5566400148672983,142.63999681174755,1.0,0.32215699964485006,1
14:44:43.222329,142,0.6018283996285825,1.0380183155378797,1.2962942818107568,-0.5566400148672983,62.5199986025691,1.0,1.6501131478930344,1
14:44:43.222329,142,0.5212814885057653,1.1638871091943628,1.301089655111817,-0.5566400148672983,57.87999870628119,1.0,2.662227999841016,1
14:44:43.222329,142,0.5110677056077866,1.1083895173244236,1.3327941382347124,-0.5566400148672983,31.5199992954731,1.0,3.7259204433737754,1
14:44:43.222329,142,0.5343064060964224,1.1587889687771695,1.3024556977195043,-0.5566400148672983,70.11999843269587,1.0,2.050095834528646,1
14:44:43.222329,142,0.5575451065850583,1.209188420229916,1.2721172572042962,-0.5566400148672983,78.35999824851751,1.0,2.2151771974145076,1
14:44:43.222329,142,0.5880794079488689,1.2226378954657635,1.1887725433714484,-0.5566400148672983,59.99999865889549,1.0,3.340335019313837,1
14:44:43.222329,142,0.5234750213858073,1.103393018106529,1.33413294616513,-0.5566400148672983,37.99999915063381,1.0,3.1299780821268497,1
14:44:43.222329,142,0.5472778934941124,1.1535652743216536,1.303855382430367,-0.5566400148672983,84.87999810278416,1.0,1.5312490797572993,1
14:44:43.222329,142,0.5796318239027312,1.1758657157933796,1.2356877366574723,-0.5566400148672983,91.63999795168638,1.0,1.313440769175881,1
14:44:43.222329,142,0.6019591584431445,1.2168904027705882,1.1903125793976244,-0.5566400148672983,66.75999850779772,1.0,2.969295386901382,1
14:44:43.222329,142,0.5358299901002573,1.098276925244146,1.335503799116008,-0.5566400148672983,45.51999898254872,1.0,2.622770599511624,1
14:44:43.222329,142,0.5439536935241526,1.2145082951366308,1.2706918010192074,-0.5566400148672983,66.87999850511551,1.0,2.7449270424948704,1
14:44:43.222329,142,0.5911397740158465,1.1625534443703942,1.2242231472170062,-0.5566400148672983,106.23999762535097,1.0,0.9622895680536674,1
14:44:43.222329,142,0.5682248728496626,1.1214280809709298,1.2689987575358317,-0.5566400148672983,101.63999772816896,1.0,0.9360417927989064,1
14:44:43.222329,142,0.5797730718246195,1.0563772183645648,1.305153584227978,-0.5566400148672983,63.51999858021736,1.0,1.7606527765489957,1
14:44:43.222329,142,0.6482115112449914,1.159736757873992,1.1434935557767951,-0.4174800111504737,83.63999813050032,1.0,1.6852929041301359,1
14:44:43.222329,142,0.5917569019507031,1.102909473843742,1.2595557246498947,-0.5566400148672983,131.3599970638752,1.0,0.42946008404466973,1
14:44:43.222329,142,0.5677420684846252,1.0619193369754985,1.303668578021821,-0.5566400148672983,59.99999865889549,1.0,1.997127001321099,1
14:44:43.222329,142,0.6042968028300518,1.097132930019531,1.2611035449026349,-0.5566400148672983,136.2399969547987,1.0,0.2514841455522012,1
14:44:43.222329,142,0.6275578620377444,1.1969245130276387,1.1800526603624857,-0.5566400148672983,79.23999822884798,1.0,2.351186652421454,1
14:44:43.222329,142,0.6043472585650659,1.1567796373854935,1.2257702341358634,-0.5566400148672983,121.23999729007484,1.0,0.6922733898469747,1
14:44:43.222329,142,0.5791578258769338,1.1085646047234623,1.2580404368975813,-0.5566400148672983,118.51999735087156,1.0,0.6958839444834497,1
14:44:43.222329,142,0.5588592299399067,1.0810148757696951,1.326231209331093,-0.5566400148672983,53.35999880731106,1.0,1.9897756249135554,1
14:44:43.222329,142,0.6157787135258974,1.2110091315904452,1.1918884612608125,-0.5566400148672983,73.35999836027622,1.0,2.6963186665318566,1
14:44:43.222329,142,0.6601587704060208,1.2125851626783684,1.1074957267024232,-0.5566400148672983,25.11999943852425,1.0,4.8994980884109225,1
14:44:43.279834,143,0.7124221673550241,1.028796645538956,1.1416069744319777,-0.4872000130126253,39.87999910861254,1.0,1.3114043846554084,1
14:44:43.279834,143,0.5807628688731301,0.9802964448372196,1.4516444836870557,-0.5566400148672983,57.2399987205863,1.0,2.7754819669566357,1
14:44:43.279834,143,0.5916218343067315,0.9746342144627116,1.453161673743264,-0.5566400148672983,68.75999846309423,1.0,2.696163484034622,1
14:44:43.279834,143,0.7554385615645195,1.068016268492083,1.0043142630911472,-0.4872000130126253,21.51999951899052,1.0,4.8395540415507945,1
14:44:43.279834,143,0.7264636260916628,1.07001614891289,1.0911068044583825,-0.4872000130126253,34.11999923735857,1.0,3.768280301046928,1
14:44:43.279834,143,0.7002276523362011,1.0356192769635253,1.1397788558515092,-0.4872000130126253,48.99999890476465,1.0,1.063425896907766,1
14:44:43.279834,143,0.6683281532461177,0.98438778083604,1.1638412591387648,-0.4872000130126253,52.23999883234501,1.0,1.3601846277743517,1
14:44:43.279834,143,0.7579191223033425,0.919066076509674,1.413658477485631,-0.5566400148672983,26.239999413490292,1.0,4.613873951790665,1
14:44:43.279834,143,0.6225726956357179,1.0291437599438449,1.4376952872454778,-0.4872000130126253,38.99999912828207,1.0,2.9338805077926136,1
14:44:43.279834,143,0.7282962552444915,1.0359512025222704,0.9516079324338332,-0.4872000130126253,25.75999942421913,1.0,2.8760239706337343,1
14:44:43.279834,143,0.7137395639455348,1.0769718540035265,1.089243028896557,-0.4872000130126253,37.99999915063381,1.0,3.532782630562324,1
14:44:43.279834,143,0.6879631151387958,1.0423237792552127,1.137982389876799,-0.4872000130126253,60.99999863654375,1.0,0.8613554555203301,1
14:44:43.279834,143,0.6566223380469992,0.990786853509175,1.1621266327836903,-0.4872000130126253,63.51999858021736,1.0,1.1729488604200595,1
14:44:43.279834,143,0.569845827639205,0.985853504301485,1.4501554740913138,-0.5566400148672983,45.99999897181988,1.0,2.8996886459235665,1
14:44:43.279834,143,0.6919862282945585,1.0566852083202307,1.0495568242980684,-0.5566400148672983,40.99999908357859,1.0,1.3048991296536505,1
14:44:43.279834,143,0.6632288868615321,1.0553757265413528,1.134485131141824,-0.5566400148672983,75.63999830931425,1.0,0.5950666091796859,1
14:44:43.279834,143,0.6355852446249642,1.0113872489771083,1.1705601330892903,-0.4872000130126253,77.87999825924635,1.0,0.45142346880160966,1
14:44:43.279834,143,0.5600935839494817,0.9968255266797972,1.4600051403288672,-0.5566400148672983,36.51999918371439,1.0,2.999838766540252,1
14:44:43.279834,143,0.7391150424838134,1.0629378886533252,1.09300341857875,-0.4872000130126253,30.119999326765537,1.0,4.045414505393253,1
14:44:43.279834,143,0.7409795870053847,1.0288550861366217,0.953509331088765,-0.4872000130126253,23.87999946624041,1.0,3.2663890430551312,1
14:44:43.279834,143,0.7682938440607985,1.0606571449157065,1.006286134310438,-0.4872000130126253,18.999999575316902,1.0,5.228821126829953,1
14:44:43.279834,143,0.6611516779990709,0.9153718424943572,1.4308486576133064,-0.5566400148672983,48.35999891906977,1.0,4.511726342490746,1
14:44:43.279834,143,0.6339374941277449,1.023075231291892,1.4393213445970137,-0.5566400148672983,47.8799989297986,1.0,2.907494449147033,1
14:44:43.279834,143,0.7027123802820237,1.0497741449680904,0.9479040861684538,-0.5566400148672983,26.239999413490292,1.0,2.257586662204789,1
14:44:43.279834,143,0.7474863400239119,0.9263366870111762,1.411710323273272,-0.5566400148672983,32.51999927312136,1.0,4.090918617470076,1
14:44:43.279834,143,0.7316342855546388,0.9579931083401028,1.4433307027127822,-0.5566400148672983,40.23999910056591,1.0,3.8826929196280635,1
14:44:43.279834,143,0.7000441298741295,0.8833445340095993,1.4267626561735414,-0.5566400148672983,24.51999945193529,1.0,6.784647362708201,1
14:44:43.279834,143,0.720903613615648,0.9650083859964034,1.4414509647300962,-0.5566400148672983,49.51999889314175,1.0,3.5527613588244895,1
14:44:43.279834,143,0.6816478465310434,0.9024009630160338,1.4343241942946443,-0.5566400148672983,30.51999931782484,1.0,5.21085944516563,1
14:44:43.279834,143,0.6992270807326216,0.9787262520987948,1.437775273586082,-0.5566400148672983,58.999998681247234,1.0,3.012318359115234,1
14:44:43.279834,143,0.671433333650476,0.9089358976128596,1.4325731638468349,-0.5566400148672983,38.35999914258719,1.0,4.836494600261733,1
14:44:43.279834,143,0.688283387423714,0.9854274687697684,1.435979687990789,-0.5566400148672983,66.51999851316214,1.0,2.801053998350821,1
14:44:43.279834,143,0.6024216380525635,0.9688673793962538,1.4547068925422046,-0.5566400148672983,76.87999828159809,1.0,2.6616335274367264,1
14:44:43.279834,143,0.6772708663527082,0.9920226441868484,1.4342125160638406,-0.5566400148672983,68.99999845772982,1.0,2.6286877707635647,1
14:44:43.279834,143,0.6661906187624852,0.9985111188380178,1.43247393452095,-0.5566400148672983,65.35999853909016,1.0,2.4949864437172735,1
14:44:43.279834,143,0.6344553096781491,0.9509450647867996,1.4595091622683043,-0.5566400148672983,71.23999840766191,1.0,2.8265483413724004,1
14:44:43.279834,143,0.7797742568186788,1.0496251435272388,1.111737670308612,-0.4872000130126253,23.23999948054552,1.0,6.181728074191184,1
14:44:43.279834,143,0.7485734206688883,1.0076268576957677,1.1472794019884982,-0.4872000130126253,27.87999937683344,1.0,2.3316621585462403,1
14:44:43.279834,143,0.6564757813258415,1.0106103809792633,1.4426612911720575,-0.5566400148672983,57.35999871790409,1.0,2.9654264393908587,1
14:44:43.279834,143,0.6238394466197288,0.9570222123049053,1.457880795498543,-0.5566400148672983,77.99999825656414,1.0,2.7267972389393487,1
14:44:43.279834,143,0.5926351405709366,0.9091521807285626,1.484997473778272,-0.5566400148672983,22.239999502897263,1.0,7.7061591312798905,1
14:44:43.279834,143,0.7516925479909469,1.055737781044928,1.0949326815978373,-0.4872000130126253,26.519999407231808,1.0,4.364241604675452,1
14:44:43.279834,143,0.7245454407539793,1.021856567238931,1.1434665628078782,-0.4872000130126253,32.87999926507473,1.0,1.6053442324161489,1
14:44:43.279834,143,0.6450077277371489,0.9447656814718656,1.4611649230372634,-0.5566400148672983,59.99999865889549,1.0,2.9712028074718106,1
14:44:43.279834,143,0.6762177032716123,1.0540258379431735,1.0353601964459855,-0.5566400148672983,42.51999904960394,1.0,0.9301768416080622,1
14:44:43.279834,143,0.6111456403957194,1.035102211480203,1.4360987249681707,-0.4872000130126253,31.5199992954731,1.0,2.9972214928390546,1
14:44:43.279834,143,0.6236376655093977,1.0174688791712765,1.168930565190098,-0.4872000130126253,95.23999787122013,1.0,0.4276847100466902,1
14:44:43.279834,143,0.5858896500356666,1.0967118416142785,1.0239225162342012,-0.5566400148672983,39.51999911665917,1.0,1.1775474941435695,1
14:44:43.279834,143,0.5617396479680925,1.1027301336278008,1.1217965560049556,-0.5566400148672983,96.23999784886836,1.0,1.402588384871496,1
14:44:43.279834,143,0.531977702375047,1.0863094552534291,1.1926743191238869,-0.5566400148672983,117.99999736249448,1.0,1.6672887063471866,1
14:44:43.279834,143,0.5947473972390005,1.0412069996346882,0.8753223687939222,-0.5566400148672983,15.75999964773655,1.0,6.3328983166352195,1
14:44:43.279834,143,0.5727408774112906,1.1023076438689043,1.02242312553907,-0.5566400148672983,35.51999920606613,1.0,1.4238722060769304,1
14:44:43.279834,143,0.5487872639945613,1.1080936113289075,1.1203594164863218,-0.5566400148672983,83.51999813318253,1.0,1.7214558368669315,1
14:44:43.279834,143,0.5193688575007305,1.0913871114266267,1.1913137652528354,-0.5566400148672983,97.63999781757592,1.0,2.0871118636379076,1
14:44:43.279834,143,0.5357800017544052,1.113331712524415,1.118955871501113,-0.5566400148672983,71.63999839872122,1.0,2.0908880502593696,1
14:44:43.279834,143,0.5067080761757917,1.0963427236626846,1.1899859129561818,-0.5566400148672983,79.11999823153019,1.0,2.558301489733086,1
14:44:43.279834,143,0.5329562058602638,1.1183291656746956,1.0181301717096904,-0.5566400148672983,28.23999936878681,1.0,2.4936816280455325,1
14:44:43.279834,143,0.5096060506932341,1.1234297027656344,1.116250123170801,-0.5566400148672983,61.23999863117933,1.0,2.9848061155556795,1
14:44:43.279834,143,0.4957751231485204,1.109147006848502,1.2007233220808993,-0.5566400148672983,63.75999857485294,1.0,3.2502945919770574,1
14:44:43.279834,143,0.5021662618553622,1.1539843712116356,1.1520875132371509,-0.5566400148672983,52.3599988296628,1.0,5.2116936245311996,1
14:44:43.279834,143,0.4829683302654505,1.113874014029456,1.1994567243241463,-0.5566400148672983,51.63999884575605,1.0,3.808212324062827,1
14:44:43.279834,143,0.4888001843284832,1.1587704114051671,1.1508050976323512,-0.5566400148672983,44.87999899685383,1.0,5.723409134190667,1
14:44:43.279834,143,0.4701132409539852,1.1184770828065442,1.1982233357626209,-0.5566400148672983,42.23999905586243,1.0,4.418410551767591,1
14:44:43.279834,143,0.4619227319324527,1.1679539955060154,1.1483443636889057,-0.5566400148672983,38.6399991363287,1.0,6.896655406558367,1
14:44:43.279834,143,0.6507616691837792,1.0617218663520114,1.1327846881045032,-0.5566400148672983,91.75999794900416,1.0,0.5310826948076409,1
14:44:43.279834,143,0.6076856109135624,1.0353996458850137,0.8768784445413094,-0.5566400148672983,17.23999961465597,1.0,6.176317444193343,1
14:44:43.279834,143,0.5570345445958057,1.075790054294585,1.195492984115668,-0.5566400148672983,136.639996945858,1.0,0.9787372532333495,1
14:44:43.279834,143,0.5462728319324027,1.1131168463547094,1.0195268084621738,-0.5566400148672983,31.63999929279089,1.0,2.081114553189573,1
14:44:43.279834,143,0.598979834185898,1.0909893138764204,1.0254558629202248,-0.5566400148672983,43.35999903082848,1.0,0.985101535013037,1
14:44:43.279834,143,0.5490395587758647,1.0021822729364482,1.4585698044953392,-0.5566400148672983,29.11999934911728,1.0,3.2153348843893985,1
14:44:43.279834,143,0.5746358584474527,1.0972418157643713,1.123267146344267,-0.5566400148672983,108.63999757170676,1.0,1.1335280936379122,1
14:44:43.279834,143,0.6862759417027922,1.0463078032842654,0.9336972430999956,-0.5566400148672983,25.359999433159828,1.0,2.3048295108220813,1
14:44:43.279834,143,0.6635063249356481,1.0604962619135638,1.0336264515684326,-0.5566400148672983,42.9999990388751,1.0,0.8106285679375503,1
14:44:43.279834,143,0.6382293758843165,1.067947266792718,1.1311165970838553,-0.5566400148672983,106.99999760836364,1.0,0.5134757013672938,1
14:44:43.279834,143,0.6116277231497643,1.0234348024601716,1.1673320008627326,-0.4872000130126253,114.8799974322319,1.0,0.4561003789822892,1
14:44:43.279834,143,0.69716984339661,1.0429985040741592,0.842434620957321,-0.5566400148672983,13.35999970138073,1.0,4.530286217770417,1
14:44:43.279834,143,0.6714394976824996,1.004504710426431,0.8851567175476482,-0.5566400148672983,22.99999948590994,1.0,6.404197151209231,1
14:44:43.279834,143,0.6507285965230765,1.0668435819283506,1.0319256922963684,-0.5566400148672983,46.999998949468136,1.0,0.7420858763126534,1
14:44:43.279834,143,0.6256332601819745,1.074051305328645,1.1294810248875853,-0.5566400148672983,117.99999736249448,1.0,0.5425331133640974,1
14:44:43.279834,143,0.7405378616396838,1.0020599328020512,0.7425164308252425,-0.4872000130126253,6.519999854266644,0.6519999854266645,10.985457615524442,1
14:44:43.279834,143,0.658817938910141,1.0109294138902007,0.8834352234429217,-0.5566400148672983,20.51999954134226,1.0,6.225201505717404,1
14:44:43.279834,143,0.5995566185302382,1.0292844222564623,1.1657645999622874,-0.4872000130126253,133.75999701023102,1.0,0.5369300360977551,1
14:44:43.279834,143,0.562988431971811,1.046129669619984,1.1612509295349294,-0.5566400148672983,147.51999670267105,1.0,1.0974181984801976,1
14:44:43.279834,143,0.5874746058223987,1.0916292065658075,1.1247710404464537,-0.5566400148672983,117.99999736249448,1.0,0.9135836297313965,1
14:44:43.279834,143,0.6120101208545364,1.0851406329033093,1.0270230122637574,-0.5566400148672983,46.51999896019697,1.0,0.8458812906224641,1
14:44:43.279834,143,0.6205630565361525,1.0294676110389258,0.8784679284877919,-0.5566400148672983,18.639999583363533,1.0,6.087730223127825,1
14:44:43.279834,143,0.5752357569083685,1.0406324232316635,1.1627239122652746,-0.4872000130126253,146.35999672859907,1.0,0.8571762837831415,1
14:44:43.279834,143,0.6002546062289491,1.085892867288327,1.1263080879233651,-0.5566400148672983,121.75999727845192,1.0,0.7421302833363514,1
14:44:43.279834,143,0.624979207023832,1.0791663835581429,1.0286238075511769,-0.5566400148672983,47.9999989271164,1.0,0.7593030338034095,1
14:44:43.279834,143,0.6461304988958494,1.0172318832602565,0.8817464818648935,-0.5566400148672983,19.879999555647373,1.0,6.112577786337634,1
14:44:43.336115,144,0.5600935839494817,0.9968255266797972,1.4600051403288672,-0.5566400148672983,27.99999937415123,1.0,2.166730056460121,1
14:44:43.336115,144,0.6879631151387958,1.0423237792552127,1.137982389876799,-0.5566400148672983,18.879999577999115,1.0,4.2522507990623435,1
14:44:43.336115,144,0.6566223380469992,0.990786853509175,1.1621266327836903,-0.5566400148672983,34.11999923735857,1.0,1.842215518397607,1
14:44:43.336115,144,0.5710916002339507,0.9913622763561578,1.4614690138411357,-0.5566400148672983,36.23999918997288,1.0,2.046622141510698,1
14:44:43.336115,144,0.5425257293642018,0.9417745626515102,1.4884062102622886,-0.6263600167294499,43.119999036192894,1.0,2.7148157327455826,1
14:44:43.336115,144,0.6632288868615321,1.0553757265413528,1.134485131141824,-0.5566400148672983,25.75999942421913,1.0,3.2249779824842815,1
14:44:43.336115,144,0.6330148997355305,1.0032442076238095,1.1587886948088455,-0.5566400148672983,45.2399989888072,1.0,1.0981138975337772,1
14:44:43.336115,144,0.5320778313320007,0.9469645424469012,1.48701555936738,-0.6263600167294499,33.7599992454052,1.0,2.935557132253128,1
14:44:43.336115,144,0.6382293758843165,1.067947266792718,1.1311165970838553,-0.6263600167294499,56.759998731315136,1.0,2.409246012879935,1
14:44:43.336115,144,0.621115637347233,1.009301243340335,1.157165716980076,-0.5566400148672983,61.75999861955643,1.0,0.8052247466161168,1
14:44:43.336115,144,0.5950459119094181,0.92750273008316,1.1511535873834358,-0.6263600167294499,29.639999337494373,1.0,2.8092598378802776,1
14:44:43.336115,144,0.5215767259624418,0.9520533454843088,1.4856520187030653,-0.6263600167294499,26.87999939918518,1.0,3.2020414447948706,1
14:44:43.336115,144,0.6091542639155719,1.0152430400772592,1.1555736173428273,-0.6263600167294499,86.119998075068,1.0,0.5661158813853604,1
14:44:43.336115,144,0.5838603814553133,0.9331964575813808,1.1496279576983646,-0.6263600167294499,37.239999167621136,1.0,2.6551662145241224,1
14:44:43.336115,144,0.6256332601819745,1.074051305328645,1.1294810248875853,-0.6263600167294499,81.2399981841445,1.0,2.0828237879240707,1
14:44:43.336115,144,0.5971319755678693,1.021069003659886,1.1540125551057292,-0.6263600167294499,120.63999730348588,1.0,0.3815571863623226,1
14:44:43.336115,144,0.5529193752779951,0.9364839250917674,1.4898238323238675,-0.6263600167294499,54.9999987706542,1.0,2.5392701799159623,1
14:44:43.336115,144,0.6507616691837792,1.0617218663520114,1.1327846881045032,-0.6263600167294499,38.35999914258719,1.0,2.7902497392173378,1
14:44:43.336115,144,0.5820325078368571,0.9857930682859852,1.462961278646019,-0.5566400148672983,47.75999893248081,1.0,1.9719750555579842,1
14:44:43.336115,144,0.7170103804525426,0.8987005747169242,1.4735080311915034,-0.6263600167294499,22.11999950557947,1.0,4.655491223436058,1
14:44:43.336115,144,0.5929152126766073,0.9801184593854202,1.464481785518288,-0.5566400148672983,63.63999857753515,1.0,1.9421805782206345,1
14:44:43.336115,144,0.6385236046043726,1.1250495895190329,1.091527750915546,-0.6263600167294499,34.99999921768904,1.0,4.967903995723479,1
14:44:43.336115,144,0.7069312554098128,0.9055777418790668,1.4716652998041937,-0.6263600167294499,27.87999937683344,1.0,4.182680362379791,1
14:44:43.336115,144,0.6967814378338096,0.9123572099386632,1.469848746812512,-0.6263600167294499,35.999999195337296,1.0,3.7487293132491795,1
14:44:43.336115,144,0.657190808210082,0.8509615976634854,1.4643076438066494,-0.6263600167294499,27.239999391138557,1.0,3.7503351853303997,1
14:44:43.336115,144,0.6865619426977871,0.9190383009545864,1.4680585538702364,-0.6263600167294499,47.51999893784523,1.0,3.3540983170954517,1
14:44:43.336115,144,0.6475519775764459,0.8572630738023015,1.4626191683641296,-0.6263600167294499,34.35999923199415,1.0,3.438094879593174,1
14:44:43.336115,144,0.6659180143749954,0.9321026893458304,1.464557961551196,-0.6263600167294499,63.23999858647585,1.0,2.684704692028764,1
14:44:43.336115,144,0.6378483922875715,0.8634711324693141,1.4609557240577389,-0.6263600167294499,43.75999902188778,1.0,3.1670311379157177,1
14:44:43.336115,144,0.6554956455637629,0.938484680293257,1.4628479122307303,-0.6263600167294499,82.99999814480543,1.0,2.410929117868759,1
14:44:43.336115,144,0.562029045837059,0.9258832345775656,1.4805144014109102,-0.6263600167294499,68.63999846577644,1.0,2.36644381166961,1
14:44:43.336115,144,0.6212842960288882,0.8863178897009586,1.47899316560939,-0.6263600167294499,55.87999875098467,1.0,2.5445945254053814,1
14:44:43.336115,144,0.6127445891215897,0.897508718756883,1.4881173300106862,-0.6263600167294499,69.51999844610691,1.0,2.383553720238697,1
14:44:43.336115,144,0.6661906187624852,0.9985111188380178,1.43247393452095,-0.5566400148672983,14.879999667406082,1.0,3.791209691207518,1
14:44:43.336115,144,0.6344553096781491,0.9509450647867996,1.4595091622683043,-0.5566400148672983,111.23999751359224,1.0,1.9877844704603347,1
14:44:43.336115,144,0.602720000593813,0.9033790107355816,1.486544390015659,-0.6263600167294499,81.51999817788601,1.0,2.2942586980895516,1
14:44:43.336115,144,0.6238394466197288,0.9570222123049053,1.457880795498543,-0.5566400148672983,102.759997703135,1.0,1.8394785309227764,1
14:44:43.336115,144,0.5926351405709366,0.9091521807285626,1.484997473778272,-0.6263600167294499,86.119998075068,1.0,2.247407674209028,1
14:44:43.336115,144,0.6037386264918346,0.974339017110599,1.4660303824085286,-0.5566400148672983,83.51999813318253,1.0,1.9566412177651369,1
14:44:43.336115,144,0.572288645876348,0.9204048552785684,1.481982328719908,-0.6263600167294499,80.75999819487333,1.0,2.2829976019332796,1
14:44:43.336115,144,0.5421556537001324,0.8719423311608833,1.5092577648976109,-0.6263600167294499,11.879999734461308,1.0,4.973356417127108,1
14:44:43.336115,144,0.6450077277371489,0.9447656814718656,1.4611649230372634,-0.5566400148672983,102.35999771207572,1.0,2.178447239452825,1
14:44:43.336115,144,0.6104956756668262,1.0714364462068424,1.1156214382479537,-0.6263600167294499,108.63999757170676,1.0,1.4913940415650466,1
14:44:43.336115,144,0.5726164654522216,0.9387818582712862,1.1481313540941,-0.6263600167294499,47.11999894678593,1.0,2.5557516024580718,1
14:44:43.336115,144,0.5499579800538671,0.9496254559730364,1.1452258208468682,-0.6263600167294499,59.51999866962433,1.0,2.523645699112527,1
14:44:43.336115,144,0.5075451732277781,1.1146572800425432,1.1040404507254775,-0.6263600167294499,62.1199986115098,1.0,1.4846969715530638,1
14:44:43.336115,144,0.4863904897308048,1.0681979238892043,1.1413843989901329,-0.6263600167294499,61.75999861955643,1.0,1.307922387271963,1
14:44:43.336115,144,0.471108593626999,0.9925118388078396,1.1468539828136637,-0.6263600167294499,57.759998708963394,1.0,3.5836717921207244,1
14:44:43.336115,144,0.5150425567791987,1.166157566857016,1.0653457891610707,-0.6263600167294499,35.759999200701714,1.0,3.29194114846759,1
14:44:43.336115,144,0.494434338075239,1.1194965096982583,1.1027437830472402,-0.6263600167294499,49.99999888241291,1.0,1.762997304436761,1
14:44:43.336115,144,0.4738261193712794,1.0728354525395003,1.1401417769334097,-0.4872000130126253,47.23999894410372,1.0,1.7136422900492885,1
14:44:43.336115,144,0.4532179006673196,1.026174395380743,1.177539770819579,-0.6263600167294499,45.639998979866505,1.0,3.1438761053051762,1
14:44:43.336115,144,0.5061644051746845,1.1283666343831338,1.0154406400752118,-0.6263600167294499,31.75999929010868,1.0,1.9876334254439034,1
14:44:43.336115,144,0.48127405990313,1.12420885856524,1.1014811129738789,-0.6263600167294499,40.639999091625214,1.0,2.1065178305461734,1
14:44:43.336115,144,0.4411546736904473,1.0304939191197684,1.17638235792202,-0.6263600167294499,35.999999195337296,1.0,3.7270356373568543,1
14:44:43.336115,144,0.4926919097188666,1.1331907800331238,1.0141480141441268,-0.6263600167294499,27.99999937415123,1.0,2.2390643730182394,1
14:44:43.336115,144,0.4680656547282423,1.1287938554125487,1.1002525667713432,-0.6263600167294499,33.639999248087406,1.0,2.516240398788244,1
14:44:43.336115,144,0.448556493172024,1.0817452812083683,1.1377543955368867,-0.4872000130126253,29.759999334812164,1.0,2.717126848098053,1
14:44:43.336115,144,0.4290473316158057,1.034696707004188,1.1752562243024305,-0.6263600167294499,28.639999359846115,1.0,4.373103538698391,1
14:44:43.336115,144,0.4656004646377431,1.142447481920269,1.0116676883488906,-0.4872000130126253,24.759999446570877,1.0,2.9511661005165974,1
14:44:43.336115,144,0.4548104433800277,1.1332510417443418,1.099058267293224,-0.4872000130126253,28.11999937146902,1.0,2.9931547411383255,1
14:44:43.336115,144,0.4358537642737432,1.0860166902515378,1.1366098749332263,-0.4872000130126253,24.35999945551157,1.0,3.31667098472817,1
14:44:43.336115,144,0.4415097513685156,1.1375799718457198,1.0978983339684691,-0.4872000130126253,23.87999946624041,1.0,3.5382579613999576,1
14:44:43.336115,144,0.5850499745228877,1.0267785514967385,1.152482686373698,-0.6263600167294499,161.11999639868736,1.0,0.2523304973000164,1
14:44:43.336115,144,0.5286998567247514,1.1611166361958811,1.066696502460823,-0.6263600167294499,39.99999910593033,1.0,3.1531531711624172,1
14:44:43.336115,144,0.4828798741031793,0.987904390020542,1.148088544995388,-0.6263600167294499,71.51999840140343,1.0,3.166195239820321,1
14:44:43.336115,144,0.4612143667967887,1.077351388842504,1.1389317354479491,-0.4872000130126253,37.11999917030335,1.0,2.1830816732462424,1
14:44:43.336115,144,0.533613275259389,1.104600126680137,1.1067352568470905,-0.6263600167294499,77.99999825656414,1.0,1.119871926278962,1
14:44:43.336115,144,0.5113720629627455,1.058559956655413,1.1439668845271047,-0.6263600167294499,82.51999815553427,1.0,0.684132837786424,1
14:44:43.336115,144,0.6094859735382175,1.1281246460855732,1.0755366795675758,-0.6263600167294499,41.23999907821417,1.0,3.660007042282505,1
14:44:43.336115,144,0.5850988232448174,1.082985386958632,1.1125269089000769,-0.6263600167294499,128.87999711930752,1.0,1.1306544782422239,1
14:44:43.336115,144,0.5607116729514172,1.0378461278316904,1.1495171382325775,-0.6263600167294499,188.63999578356743,1.0,0.16305792708535605,1
14:44:43.336115,144,0.5385456764881609,0.9548825686341949,1.1438171817547913,-0.6263600167294499,73.11999836564064,1.0,2.5923218285131893,1
14:44:43.336115,144,0.5723119965350867,1.088575298428619,1.1110290966359322,-0.6263600167294499,131.6399970576167,1.0,1.0377483156236609,1
14:44:43.336115,144,0.5484578062346952,1.0432030495814293,1.1480817553758185,-0.6263600167294499,181.999995931983,1.0,0.20463198205698988,1
14:44:43.336115,144,0.5270795188059997,0.9600291858941014,1.1424381498162473,-0.6263600167294499,84.75999810546637,1.0,2.7184111281574297,1
14:44:43.336115,144,0.5961661868354783,1.1339475472758085,1.073976437896046,-0.6263600167294499,45.759998977184296,1.0,3.421259552719924,1
14:44:43.336115,144,0.5827867840135241,1.1396415002108409,1.072450747805363,-0.6263600167294499,47.51999893784523,1.0,3.242852772899485,1
14:44:43.336115,144,0.559467939105186,1.0940414212050933,1.1095644534522466,-0.6263600167294499,117.87999736517668,1.0,1.0043645698271646,1
14:44:43.336115,144,0.536149094196848,1.0484413421993457,1.14667815909913,-0.6263600167294499,148.6399966776371,1.0,0.3047771088630189,1
14:44:43.336115,144,0.5178993058226755,0.9734031258890288,1.1519741470086573,-0.6263600167294499,89.11999800801277,1.0,2.275132540369701,1
14:44:43.336115,144,0.5693491030014277,1.1452059355001476,1.0709597618632585,-0.6263600167294499,46.63999895751476,1.0,3.125803766575767,1
14:44:43.336115,144,0.5465679353500975,1.0993832086803563,1.108133125812111,-0.6263600167294499,97.51999782025814,1.0,1.031427439051234,1
14:44:43.336115,144,0.5237867676987672,1.0535604818605655,1.1453064897609635,-0.6263600167294499,111.75999750196934,1.0,0.46432898908982845,1
14:44:43.336115,144,0.4946028669965062,0.9831834716631116,1.1493535112567943,-0.6263600167294499,83.63999813050032,1.0,2.809442395149389,1
14:44:43.336115,144,0.5558544875560324,1.150640296704861,1.0695036291670763,-0.6263600167294499,43.87999901920557,1.0,3.071141745023416,1
14:44:43.390997,145,0.6106959165652202,1.042290836449908,-0.3736853109719375,-0.6263600167294499,175.35999608039856,1.0,2.3860906442623833,1
14:44:43.390997,145,0.6392271611496506,1.0909858644928656,-0.4050416150147254,-0.4872000130126253,175.75999607145786,1.0,1.4728052010485193,1
14:44:43.390997,145,0.6742234301026098,1.1247749902641582,-0.4638805572351255,-0.4872000130126253,49.359998896718025,1.0,2.489593849974735,1
14:44:43.390997,145,0.6940552722225125,1.132032930609178,-0.5929856545615965,-0.5566400148672983,16.359999634325504,1.0,4.205922543434512,1
14:44:43.390997,145,0.5868615203232318,0.8875549553845219,1.442468425365809,-0.4872000130126253,90.23999798297882,1.0,4.0859242337851445,1
14:44:43.390997,145,0.5574123695589159,0.9513504006752934,-0.2815457128429678,-0.5566400148672983,31.87999928742647,1.0,7.467802102777181,1
14:44:43.390997,145,0.6521548015867978,0.9493330100583895,1.33940846149138,-0.4872000130126253,152.51999659091234,1.0,3.5739575216954,1
14:44:43.390997,145,0.6210881164424823,0.904109652584322,1.3708770473024663,-0.4872000130126253,178.35999601334333,1.0,2.869974427674462,1
14:44:43.390997,145,0.5768162242172438,1.0074304804977832,-0.3088180208821435,-0.4872000130126253,80.75999819487333,1.0,3.43194172152632,1
14:44:43.390997,145,0.7326946403784607,1.1686660884035407,-0.6326014594759536,-0.5566400148672983,13.999999687075617,1.0,6.679675999414163,1
14:44:43.390997,145,0.5478711539374254,0.9568768642231876,-0.2815457128429678,-0.5566400148672983,29.879999332129955,1.0,7.066071800842134,1
14:44:43.390997,145,0.6973102294246706,1.190117769871313,-0.6326014594759536,-0.5566400148672983,16.519999630749226,1.0,4.264833558392699,1
14:44:43.390997,145,0.7091763432860473,1.183085278560757,-0.6326014594759536,-0.5566400148672983,15.519999653100967,1.0,4.957235397026773,1
14:44:43.390997,145,0.6799671361898375,1.1605178549807205,-0.552889017228642,-0.5566400148672983,22.99999948590994,1.0,2.922051710975088,1
14:44:43.390997,145,0.6492571189896411,1.133951133635237,-0.4769708626032294,-0.4872000130126253,64.99999854713678,1.0,1.4536437326273708,1
14:44:43.390997,145,0.621966008088172,1.0862862174722157,-0.4427874981085103,-0.4872000130126253,198.99999555200336,1.0,1.391302449835869,1
14:44:43.390997,145,0.5897293548887886,1.054295489053869,-0.3736853109719375,-0.6263600167294499,160.759996406734,1.0,1.618218344033931,1
14:44:43.390997,145,0.5667132469720912,1.0131481753734652,-0.3088180208821435,-0.4872000130126253,66.51999851316214,1.0,3.1223410683085,1
14:44:43.390997,145,0.5324362573673866,0.97461805759402,-0.2483453174006937,-0.5566400148672983,26.75999940186739,1.0,5.5415356774962,1
14:44:43.390997,145,0.7214258448885335,0.8392171225424625,1.388264948321995,-0.4872000130126253,46.35999896377325,1.0,4.06039595385613,1
14:44:43.390997,145,0.6683281532461177,1.1672593874567452,-0.552889017228642,-0.5566400148672983,33.11999925971031,1.0,2.39970530630212,1
14:44:43.390997,145,0.6854372814032235,0.9598213774378864,1.2625721455765089,-0.4872000130126253,38.519999139010906,1.0,3.4396977182233686,1
14:44:43.390997,145,0.7402700587933356,1.1549241808769208,-0.7854432992586777,-0.4174800111504737,5.519999876618385,0.5519999876618386,8.705413865811975,1
14:44:43.390997,145,0.7133198999106495,0.91805277910617,1.1263884853287394,-0.5566400148672983,12.23999972641468,1.0,2.707949595605637,1
14:44:43.390997,145,0.6920370831154882,0.859698163385665,1.38277706996791,-0.4872000130126253,68.51999846845865,1.0,2.802686362018312,1
14:44:43.390997,145,0.566897844410451,0.8406344828207347,1.483275098995528,-0.5566400148672983,32.35999927669764,1.0,4.881001412137019,1
14:44:43.390997,145,0.6378853343136692,1.1403868993893724,-0.4769708626032294,-0.4872000130126253,88.2399980276823,1.0,1.0850354997908718,1
14:44:43.390997,145,0.7117004338613614,0.8461386484921226,1.3864103310333926,-0.4872000130126253,56.11999874562025,1.0,3.5552409682894357,1
14:44:43.390997,145,0.6761013413807516,0.8038149873476965,1.4171019455546563,-0.4872000130126253,25.359999433159828,1.0,3.9634454374275023,1
14:44:43.390997,145,0.6574215469296008,0.8166962584159986,1.4136504193744184,-0.4872000130126253,31.87999928742647,1.0,3.3002957675630036,1
14:44:43.390997,145,0.6821011097153875,0.8663347963894186,1.3809987895140927,-0.4872000130126253,84.11999811977148,1.0,2.555231018275718,1
14:44:43.390997,145,0.6499545812595671,0.8287599398414313,1.4223169519610912,-0.4872000130126253,40.51999909430742,1.0,2.940323257410734,1
14:44:43.390997,145,0.7057150609146243,0.9165361386021011,1.3481963567123596,-0.4872000130126253,81.75999817252159,1.0,3.178590666964615,1
14:44:43.390997,145,0.6720969267757805,0.8728751250328427,1.379246313735853,-0.4872000130126253,103.23999769240618,1.0,2.393595680291554,1
14:44:43.390997,145,0.6361878330149456,0.8580144275814858,1.450383785934622,-0.5566400148672983,51.759998843073845,1.0,2.6838918999054684,1
14:44:43.390997,145,0.695139900123891,0.923301804760282,1.3463835019290165,-0.4872000130126253,95.63999786227942,1.0,3.075178790101589,1
14:44:43.390997,145,0.7443444717994915,0.9579818410133148,1.088392316648693,-0.5566400148672983,12.359999723732471,1.0,4.263896695256621,1
14:44:43.390997,145,0.6620255347065791,0.8793184952885534,1.377519817879301,-0.4872000130126253,125.51999719440936,1.0,2.317716308969196,1
14:44:43.390997,145,0.5934613316070674,0.8186139938755135,1.4777750485270464,-0.5566400148672983,28.639999359846115,1.0,4.1045654877161475,1
14:44:43.390997,145,0.6737821027780557,0.936525016409154,1.3428403530463553,-0.4872000130126253,111.99999749660492,1.0,3.142306179661544,1
14:44:43.390997,145,0.6416851583226145,0.8919117930705143,1.3741454539085796,-0.4872000130126253,148.6399966776371,1.0,2.42289732441764,1
14:44:43.390997,145,0.6166413060367104,0.8701162309204891,1.4471411175029758,-0.5566400148672983,79.87999821454287,1.0,3.0041854021785923,1
14:44:43.390997,145,0.5841729916918015,0.8243015781789939,1.476251064906045,-0.5566400148672983,31.119999304413795,1.0,4.308043830730911,1
14:44:43.390997,145,0.7559198693969549,0.9507360604265552,1.0903338177054485,-0.5566400148672983,10.87999975681305,1.0,4.7819670140483055,1
14:44:43.390997,145,0.724412830359487,0.9111090055191556,1.1282490638538043,-0.5566400148672983,9.759999781847,0.9759999781847,3.163878501707087,1
14:44:43.390997,145,0.6630016019847943,0.9429812395897588,1.3411104132589573,-0.4872000130126253,130.99999707192185,1.0,3.312629895320992,1
14:44:43.390997,145,0.6314182080284484,0.8980604612775372,1.3724979232279808,-0.4872000130126253,168.23999623954296,1.0,2.603757778012625,1
14:44:43.390997,145,0.5968481307688605,0.8818380292570887,1.4440002711048434,-0.5566400148672983,89.99999798834324,1.0,3.6453404914744585,1
14:44:43.390997,145,0.6264458915579875,0.8641125308813362,1.4487498040800657,-0.5566400148672983,65.51999853551388,1.0,2.803874215018256,1
14:44:43.390997,145,0.6110722291631767,1.092451459897773,-0.4427874981085103,-0.6263600167294499,219.51999509334564,1.0,1.0200996730256882,1
14:44:43.390997,145,0.6853743851245584,1.1970312504019631,-0.6326014594759536,-0.5566400148672983,16.8799996227026,1.0,3.684562281536521,1
14:44:43.390997,145,0.5565535988770343,1.018764556280426,-0.3088180208821435,-0.4872000130126253,52.51999882608652,1.0,2.9016988739179306,1
14:44:43.390997,145,0.5999721313671771,1.2420367562220052,-0.6326014594759536,-0.6263600167294499,15.359999656677246,1.0,2.7322272670983643,1
14:44:43.390997,145,0.5874255587511681,1.2160633758948534,-0.5394111067937016,-0.5566400148672983,73.75999835133553,1.0,1.9883770757893475,1
14:44:43.390997,145,0.550216907587788,1.1687333900814791,-0.5159503864879071,-0.4872000130126253,225.7599949538708,1.0,1.0757569021049933,1
14:44:43.390997,145,0.5251980582672073,1.1155900493750426,-0.4924896661821126,-0.6263600167294499,174.2399961054325,1.0,1.4508929985393513,1
14:44:43.390997,145,0.562988431971811,1.2275678990315897,-0.5394111067937016,-0.6263600167294499,60.11999865621328,1.0,2.792099189024348,1
14:44:43.390997,145,0.5385022581212234,1.1741770311520998,-0.5159503864879071,-0.4872000130126253,161.51999638974667,1.0,1.4716948520877238,1
14:44:43.390997,145,0.5140160842706358,1.1207861632726095,-0.4924896661821126,-0.6263600167294499,150.7599966302514,1.0,1.7918645533538342,1
14:44:43.390997,145,0.5464937921556062,1.2573736079494098,-0.4849736163617407,-0.6263600167294499,48.51999891549349,1.0,5.514239844619352,1
14:44:43.390997,145,0.5267337588800045,1.1795032555033311,-0.5159503864879071,-0.4872000130126253,113.99999745190144,1.0,1.9669615202566741,1
14:44:43.390997,145,0.5027827090962803,1.1258701994928455,-0.4924896661821126,-0.6263600167294499,128.9999971166253,1.0,2.226900407897932,1
14:44:43.390997,145,0.5338929414576817,1.2627755865132946,-0.4849736163617407,-0.6263600167294499,39.35999912023544,1.0,6.361571770865247,1
14:44:43.390997,145,0.5149125867041955,1.1847115305172011,-0.5159503864879071,-0.4872000130126253,82.11999816447496,1.0,2.561119348009451,1
14:44:43.390997,145,0.4895114043801719,1.126268458110179,-0.5047951814511463,-0.6263600167294499,109.8799975439906,1.0,2.8436173464053587,1
14:44:43.390997,145,0.5212387019129076,1.2680512885764827,-0.4849736163617407,-0.6263600167294499,32.239999279379845,1.0,7.313330961331566,1
14:44:43.390997,145,0.5030399237011103,1.189801335370572,-0.5159503864879071,-0.4872000130126253,61.11999863386154,1.0,3.2537171990894027,1
14:44:43.390997,145,0.5085323389346363,1.2732001865731872,-0.4849736163617407,-0.6263600167294499,26.87999939918518,1.0,8.368973216548847,1
14:44:43.390997,145,0.4911169571271022,1.1947721610872224,-0.5159503864879071,-0.4872000130126253,46.75999895483256,1.0,4.044290561382026,1
14:44:43.390997,145,0.4668896383694588,1.1358327871369815,-0.5047951814511463,-0.6263600167294499,79.51999822258949,1.0,4.146508716159884,1
14:44:43.390997,145,0.4671248873240782,1.2043548987442545,-0.5159503864879071,-0.4872000130126253,36.75999917834997,1.0,5.917440121805072,1
14:44:43.390997,145,0.5593364342394771,1.2196049020516195,-1.9164987362781545,-0.1391600037168245,5.639999873936176,0.5639999873936177,9.93477551638274,1
14:44:43.390997,145,0.5791570897282212,1.0601399698504064,-0.3736853109719375,-0.6263600167294499,139.87999687343836,1.0,1.3748485111968147,1
14:44:43.390997,145,0.5425117003431801,1.123084618899335,-0.4552825757163464,-0.6263600167294499,197.8799955770373,1.0,0.8978110922896105,1
14:44:43.390997,145,0.5734799768785018,1.157496046907396,-0.5159503864879071,-0.6263600167294499,286.3599935993552,1.0,0.5835483119723723,1
14:44:43.390997,145,0.4782244323961066,1.1311071775086343,-0.5047951814511463,-0.6263600167294499,93.3599979132414,1.0,3.4488023021929255,1
14:44:43.390997,145,0.6246912194994582,1.2297897147496533,-0.6326014594759536,-0.5566400148672983,15.639999650418758,1.0,2.452918548010768,1
14:44:43.390997,145,0.5995566185302382,1.21012841568302,-0.5394111067937016,-0.5566400148672983,86.35999806970358,1.0,1.7446611281016309,1
14:44:43.390997,145,0.5226636178549798,0.9798936008151464,-0.2483453174006937,-0.5566400148672983,23.35999947786331,1.0,5.421170860667076,1
14:44:43.390997,145,0.6566223380469992,1.1738841949719547,-0.552889017228642,-0.5566400148672983,47.9999989271164,1.0,1.9852539542913323,1
14:44:43.390997,145,0.6306139658372751,1.1273874261219166,-0.5159503864879071,-0.6263600167294499,123.63999723643064,1.0,1.1192084290178772,1
14:44:43.390997,145,0.5685269093438994,1.065878437538145,-0.3736853109719375,-0.6263600167294499,117.99999736249448,1.0,1.2248148907850134,1
14:44:43.390997,145,0.5360683595278409,1.029691139842119,-0.3088180208821435,-0.4872000130126253,40.99999908357859,1.0,2.726224729451644,1
14:44:43.390997,145,0.6612982863594774,1.2104984257246156,-0.6326014594759536,-0.5566400148672983,16.359999634325504,1.0,2.859062631687731,1
14:44:43.390997,145,0.6330148997355305,1.1867809969577698,-0.552889017228642,-0.5566400148672983,66.87999850511551,1.0,1.4786765887279378,1
14:44:43.390997,145,0.6079416023883962,1.1397733943956776,-0.5159503864879071,-0.6263600167294499,175.99999606609344,1.0,0.6003372186841407,1
14:44:43.390997,145,0.5891024466596931,1.1044536064619432,-0.4427874981085103,-0.6263600167294499,238.75999466329813,1.0,0.5716460366030665,1
14:44:43.390997,145,0.5578398767449554,1.071510318275123,-0.3736853109719375,-0.6263600167294499,98.1199978068471,1.0,1.1678194396900592,1
14:44:43.390997,145,0.6001173435272218,1.0985074580925975,-0.4427874981085103,-0.6263600167294499,233.75999477505684,1.0,0.7469822745858223,1
14:44:43.390997,145,0.6491604394842143,1.2170507738103682,-0.6326014594759536,-0.5566400148672983,15.239999659359457,1.0,2.6131173917696637,1
14:44:43.390997,145,0.5257448167804769,1.0350002498476485,-0.3088180208821435,-0.4872000130126253,32.119999282062054,1.0,2.770828322311667,1
14:44:43.390997,145,0.585026070415212,1.1517034685288356,-0.5159503864879071,-0.6263600167294499,295.51999339461327,1.0,0.4880831247435622,1
14:44:43.390997,145,0.6116277231497643,1.2040724436434649,-0.5394111067937016,-0.5566400148672983,91.75999794900416,1.0,1.6069608018132349,1
14:44:43.390997,145,0.5153686999919043,1.0402058606953175,-0.3088180208821435,-0.4872000130126253,25.63999942690134,1.0,2.9032617491095065,1
14:44:43.390997,145,0.6369576771088699,1.2234814178383857,-0.6326014594759536,-0.5566400148672983,15.519999653100967,1.0,2.4778693712204958,1
14:44:43.390997,145,0.5668970310426735,1.1160139863291283,-0.4427874981085103,-0.6263600167294499,233.35999478399756,1.0,0.5130285172713331,1
14:44:43.390997,145,0.5965136618350161,1.145795720768321,-0.5159503864879071,-0.6263600167294499,243.1199945658445,1.0,0.4935571785156738,1
14:44:43.390997,145,0.621115637347233,1.1930517017589817,-0.552889017228642,-0.5566400148672983,84.23999811708927,1.0,1.3858303439075041,1
14:44:43.390997,145,0.5470970606256956,1.0770350488779867,-0.3736853109719375,-0.6263600167294499,81.35999818146229,1.0,1.2035506651806454,1
14:44:43.390997,145,0.5537152337435644,1.1176034386748384,-0.4552825757163464,-0.6263600167294499,218.75999511033297,1.0,0.7005555183101746,1
14:44:43.443541,146,0.5482183118904712,0.8029947933269178,1.5420221439575317,-0.4872000130126253,10.519999764859676,1.0,6.560998077905185,1
14:44:43.443541,146,0.6282742654378556,0.9282698755426336,1.4147249471900725,-0.4872000130126253,103.23999769240618,1.0,1.716397345701222,1
14:44:43.443541,146,0.5614308345221443,0.86128214915222,1.512114152058001,-0.4872000130126253,38.99999912828207,1.0,2.111776496882876,1
14:44:43.443541,146,0.5984060066766733,0.8873569178281262,1.4545555471602618,-0.4872000130126253,91.75999794900416,1.0,0.6364080337046524,1
14:44:43.443541,146,0.5709846915094771,0.8558129566843639,1.5135796177630134,-0.4872000130126253,45.87999897450209,1.0,2.0553312814601448,1
14:44:43.443541,146,0.6177618251394186,0.9342878177596072,1.4131124444329373,-0.4872000130126253,108.51999757438898,1.0,1.5456465314986318,1
14:44:43.443541,146,0.5883933294662985,0.8930887661125062,1.4530197030413243,-0.4872000130126253,76.2399982959032,1.0,0.5838891493591968,1
14:44:43.443541,146,0.5324362573673866,0.8771322546924204,1.5078671290785564,-0.4872000130126253,25.75999942421913,1.0,2.5422961759385685,1
14:44:43.443541,146,0.5783218134159334,0.8987236143858661,1.4515098499970056,-0.4872000130126253,60.75999864190817,1.0,0.5734498984753551,1
14:44:43.443541,146,0.5421556537001324,0.8719423311608833,1.5092577648976109,-0.4872000130126253,31.999999284744263,1.0,2.354701048015773,1
14:44:43.443541,146,0.5681924656687452,0.9042608991680994,1.4500261390113451,-0.5566400148672983,47.75999893248081,1.0,0.6057039900984352,1
14:44:43.443541,146,0.6110722291631767,0.9406252416386766,1.2895528763474715,-0.6263600167294499,54.35999878495932,1.0,1.4111590494078974,1
14:44:43.443541,146,0.5477643324708823,0.9150405731754684,1.4471377340663998,-0.5566400148672983,37.63999915868044,1.0,0.8008598104613476,1
14:44:43.443541,146,0.5804814505060304,0.8502517560419003,1.5150697369841089,-0.4872000130126253,50.1199988797307,1.0,2.0415207044849604,1
14:44:43.443541,146,0.5226636178549798,0.8822280381374108,1.5065017180196671,-0.4872000130126253,20.75999953597784,1.0,2.774756959137271,1
14:44:43.443541,146,0.607187609176029,0.9402039184008092,1.411527230043786,-0.4872000130126253,109.63999754935504,1.0,1.414928791723193,1
14:44:43.443541,146,0.6182508455240828,0.8756045235890124,1.4577045917057645,-0.4872000130126253,101.35999773442744,1.0,0.865344784883119,1
14:44:43.443541,146,0.6650280830457083,0.8391598430043743,1.455435856645683,-0.4872000130126253,55.99999874830246,1.0,2.1266029718992723,1
14:44:43.443541,146,0.5950103673886459,0.8237984632333558,1.487786296847721,-0.4872000130126253,49.99999888241291,1.0,2.6906326442359116,1
14:44:43.443541,146,0.6001173435272218,0.9464748866990176,1.2879854686775445,-0.6263600167294499,66.35999851673841,1.0,1.2504760914174446,1
14:44:43.443541,146,0.6932698527165306,0.8194781414553509,1.4607095526814144,-0.4872000130126253,27.239999391138557,1.0,3.3589908628191996,1
14:44:43.443541,146,0.6839240075154107,0.8261295323220528,1.458927317870138,-0.4872000130126253,34.23999923467636,1.0,2.910441396453868,1
14:44:43.443541,146,0.6479130243933714,0.7826309325972912,1.4874166807377458,-0.4872000130126253,20.51999954134226,1.0,4.274310808312978,1
14:44:43.443541,146,0.6745097704865313,0.832690318196091,1.457169360593476,-0.4872000130126253,43.63999902456999,1.0,2.499521602010712,1
14:44:43.443541,146,0.6389944797616421,0.7888462702244756,1.485751286039855,-0.4872000130126253,25.359999433159828,1.0,3.9497237007972723,1
14:44:43.443541,146,0.7000441298741295,0.8833445340095993,1.4267626561735414,-0.4872000130126253,55.11999876797199,1.0,3.980270466964553,1
14:44:43.443541,146,0.6491096203816193,0.915930883661984,1.4180311700999066,-0.4872000130126253,94.87999787926674,1.0,2.1753743586001786,1
14:44:43.443541,146,0.630012036217287,0.794975151999149,1.4841090571178253,-0.4872000130126253,31.5199992954731,1.0,3.6656035611334286,1
14:44:43.443541,146,0.645866156221601,0.8518225308261582,1.452042899669829,-0.4872000130126253,71.23999840766191,1.0,1.4963794395840313,1
14:44:43.443541,146,0.6134561086218484,0.8121251845885696,1.4909141424336143,-0.4872000130126253,38.6399991363287,1.0,2.9662117219957445,1
14:44:43.443541,146,0.6696853401435161,0.903191878190875,1.4214445763282662,-0.4872000130126253,74.23999834060669,1.0,2.7868762988447995,1
14:44:43.443541,146,0.6361878330149456,0.8580144275814858,1.450383785934622,-0.4872000130126253,87.51999804377556,1.0,1.2399412237770484,1
14:44:43.443541,146,0.6042634509246672,0.8180063673257685,1.4893382842686422,-0.4872000130126253,45.35999898612499,1.0,2.8075824091235733,1
14:44:43.443541,146,0.6594304515089074,0.909611067887159,1.4197245596330843,-0.4872000130126253,84.75999810546637,1.0,2.4623545232424764,1
14:44:43.443541,146,0.6264458915579875,0.8641125308813362,1.4487498040800657,-0.4872000130126253,99.63999777287243,1.0,1.0232371369724071,1
14:44:43.443541,146,0.6798732608051734,0.8966739564867239,1.4231910481852226,-0.4872000130126253,64.23999856412411,1.0,3.1483838881060273,1
14:44:43.443541,146,0.5891024466596931,0.9522184249759152,1.2864464922345524,-0.6263600167294499,81.1199981868267,1.0,1.133158525551918,1
14:44:43.443541,146,0.5199430071648388,0.9772435032850292,1.2668051864913317,-0.5566400148672983,129.99999709427357,1.0,1.123438301254467,1
14:44:43.443541,146,0.5668970310426735,0.9633848944513412,1.283454445756305,-0.6263600167294499,98.5199977979064,1.0,1.0318963510893442,1
14:44:43.443541,146,0.4687854348134507,0.974119394599204,1.2291226743891948,-0.5566400148672983,64.3599985614419,1.0,1.932495059643529,1
14:44:43.443541,146,0.5363203023521207,0.8918545079916012,0.8101567877529154,-0.4872000130126253,13.639999695122242,1.0,3.7626869312061952,1
14:44:43.443541,146,0.5185105372867445,0.8670640772123462,0.8676779709440541,-0.5566400148672983,40.23999910056591,1.0,4.159405171684771,1
14:44:43.443541,146,0.4689812319162593,0.984087217746957,1.1359918196097925,-0.5566400148672983,71.51999840140343,1.0,1.9873322330380196,1
14:44:43.443541,146,0.4458843056395002,0.9829547201628144,1.2267552560395591,-0.5566400148672983,52.3599988296628,1.0,2.9074868932483118,1
14:44:43.443541,146,0.4957966247331828,0.876861858424076,0.8650526633807543,-0.5566400148672983,39.759999111294746,1.0,4.4699786124403325,1
14:44:43.443541,146,0.4572162086972283,0.988560445064585,1.1347932219624732,-0.5566400148672983,60.63999864459038,1.0,2.4080271499098185,1
14:44:43.443541,146,0.4343662853002145,0.987206039392483,1.2256161184852026,-0.5566400148672983,42.87999904155731,1.0,3.4804287952263184,1
14:44:43.443541,146,0.4843647304747777,0.8815957136017535,0.8637842307088097,-0.5566400148672983,37.87999915331602,1.0,4.716598818007112,1
14:44:43.443541,146,0.4454054642403835,0.9929198092215336,1.1336251338571055,-0.5566400148672983,51.35999885201454,1.0,2.887315332230065,1
14:44:43.443541,146,0.5965136618350161,0.9732158919905424,1.2050764422756928,-0.6263600167294499,72.35999838262796,1.0,2.554183436749513,1
14:44:43.443541,146,0.4335501796102758,0.9971648742850387,1.1324876721015218,-0.5566400148672983,43.63999902456999,1.0,3.426336513389808,1
14:44:43.443541,146,0.4497830281185068,0.8951314901815838,0.860157330305316,-0.4872000130126253,31.87999928742647,1.0,5.834111661863257,1
14:44:43.443541,146,0.4381642965313874,0.899419982089538,0.8590082323618322,-0.4872000130126253,28.639999359846115,1.0,6.336037728853357,1
14:44:43.443541,146,0.4891308506661022,1.012519786630689,1.181198512207119,-0.5566400148672983,83.8799981251359,1.0,2.5446731435451975,1
14:44:43.443541,146,0.5297902842096753,0.8620011309482066,0.8690345833068525,-0.5566400148672983,39.11999912559986,1.0,4.093471405821106,1
14:44:43.443541,146,0.4728844001491263,0.8862189103124315,0.8625454488837332,-0.5566400148672983,35.11999921500683,1.0,5.025463245076349,1
14:44:43.443541,146,0.4801662535543847,0.9695362717904168,1.230350718444622,-0.5566400148672983,79.51999822258949,1.0,1.5283580548716862,1
14:44:43.443541,146,0.547987485263808,0.8866176599896591,0.8115599969459204,-0.4872000130126253,13.519999697804453,1.0,3.8223465851722973,1
14:44:43.443541,146,0.585026070415212,0.9789223381276247,1.20354740464161,-0.5566400148672983,86.35999806970358,1.0,2.40339582390295,1
14:44:43.443541,146,0.5734799768785018,0.98451753918428,1.2020481750369894,-0.5566400148672983,100.3599977567792,1.0,2.2983741000289117,1
14:44:43.443541,146,0.5444648641818993,0.9741201836262487,1.280577933691374,-0.6263600167294499,130.51999708265066,1.0,1.11418114579763,1
14:44:43.443541,146,0.559604273378949,0.9821206567866344,1.189343934499442,-0.5566400148672983,111.51999750733376,1.0,1.7905214813170864,1
14:44:43.443541,146,0.5331665495173931,0.9793247869502454,1.279183364433785,-0.6263600167294499,135.87999696284533,1.0,1.2263906893383845,1
14:44:43.443541,146,0.5363245226580171,0.9927068687047492,1.1865073675650786,-0.5566400148672983,117.2399973794818,1.0,1.8380430443491416,1
14:44:43.443541,146,0.5557087328161406,0.968806709012278,1.282001674923191,-0.6263600167294499,116.23999740183352,1.0,1.0496541092139062,1
14:44:43.443541,146,0.5510462905992991,1.0036825618882077,1.10344405418424,-0.5566400148672983,48.35999891906977,1.0,3.089597599980868,1
14:44:43.443541,146,0.5246036159343036,0.9978308007342398,1.1851344141157043,-0.5566400148672983,115.87999740988016,1.0,1.9366659123947394,1
14:44:43.443541,146,0.5027827090962803,0.9600413976152514,1.2328948623120928,-0.5566400148672983,115.23999742418528,1.0,0.8817335706944384,1
14:44:43.443541,146,0.5826556049433094,0.8702346711960893,0.8159498055627656,-0.4872000130126253,13.639999695122242,1.0,4.345794983697363,1
14:44:43.443541,146,0.5128302492885098,1.002841263193598,1.1837918647460133,-0.5566400148672983,108.23999758064748,1.0,2.086590852215686,1
14:44:43.443541,146,0.4914990560722471,0.9648434497030064,1.2316081563331664,-0.5566400148672983,96.99999783188105,1.0,1.1784352968030642,1
14:44:43.443541,146,0.6178680324597848,0.899144339367178,0.7701565920027118,-0.4174800111504737,6.7599998489022255,0.6759999848902225,6.122260831277483,1
14:44:43.443541,146,0.5010056000474369,1.0077377550407751,1.1824798537098165,-0.5566400148672983,96.63999783992767,1.0,2.288893541850817,1
14:44:43.496744,147,0.5900214312981668,0.8588862951102545,1.402345633113553,-0.5566400148672983,79.87999821454287,1.0,0.14455576464152675,1
14:44:43.496744,147,0.6118590516380288,0.8069711051655926,1.4808947511544353,-0.4872000130126253,97.35999782383442,1.0,0.9417606133774453,1
14:44:43.496744,147,0.5778519470544564,0.7621196795050269,1.5097466026390416,-0.4872000130126253,29.11999934911728,1.0,3.7880386067605087,1
14:44:43.496744,147,0.6361878330149456,0.8580144275814858,1.450383785934622,-0.4174800111504737,137.51999692618847,1.0,0.989579933321687,1
14:44:43.496744,147,0.6026903258863752,0.8128369769720962,1.479322995540978,-0.4174800111504737,105.87999763339758,1.0,0.9047207511146446,1
14:44:43.496744,147,0.5706785095617627,0.7725416021822229,1.517720844479546,-0.4872000130126253,29.879999332129955,1.0,3.5804545297039594,1
14:44:43.496744,147,0.585697783314386,0.8295008931065939,1.4862583353682912,-0.4174800111504737,80.75999819487333,1.0,0.8605760286129683,1
14:44:43.496744,147,0.5950103673886459,0.8237984632333558,1.487786296847721,-0.4174800111504737,98.5199977979064,1.0,0.838564966954175,1
14:44:43.496744,147,0.6095882138671734,0.8472985697318746,1.4054505547708036,-0.5566400148672983,112.519997484982,1.0,0.2364916440091632,1
14:44:43.496744,147,0.5998348140721026,0.8531396829653156,1.4038854331970043,-0.5566400148672983,95.51999786496162,1.0,0.17359628380109177,1
14:44:43.496744,147,0.566897844410451,0.8406344828207347,1.483275098995528,-0.4174800111504737,61.99999861419201,1.0,1.0053679698275548,1
14:44:43.496744,147,0.645866156221601,0.8518225308261582,1.452042899669829,-0.4174800111504737,137.51999692618847,1.0,1.176195503416637,1
14:44:43.496744,147,0.6264458915579875,0.8641125308813362,1.4487498040800657,-0.4174800111504737,127.87999714165926,1.0,0.8324613886176889,1
14:44:43.496744,147,0.5949959893888657,0.750790460993924,1.5127822575899672,-0.4872000130126253,27.239999391138557,1.0,3.6942879191010167,1
14:44:43.496744,147,0.6567667782654832,0.7763297606461512,1.4891050746734231,-0.4872000130126253,34.35999923199415,1.0,1.5834005819962718,1
14:44:43.496744,147,0.6650280830457083,0.8391598430043743,1.455435856645683,-0.4174800111504737,127.51999714970589,1.0,1.6345540634351259,1
14:44:43.496744,147,0.6034791890367529,0.7450022222528605,1.5143332114862338,-0.4872000130126253,24.51999945193529,1.0,3.696288114121457,1
14:44:43.496744,147,0.6389944797616421,0.7888462702244756,1.485751286039855,-0.4872000130126253,60.23999865353108,1.0,1.2382479823026624,1
14:44:43.496744,147,0.6745097704865313,0.832690318196091,1.457169360593476,-0.4174800111504737,110.99999751895666,1.0,1.9046774463123821,1
14:44:43.496744,147,0.6479130243933714,0.7826309325972912,1.4874166807377458,-0.4872000130126253,45.2399989888072,1.0,1.3965214347661052,1
14:44:43.496744,147,0.6839240075154107,0.8261295323220528,1.458927317870138,-0.4872000130126253,92.75999792665245,1.0,2.2010594319350374,1
14:44:43.496744,147,0.6932698527165306,0.8194781414553509,1.4607095526814144,-0.4872000130126253,75.99999830126762,1.0,2.522954194562995,1
14:44:43.496744,147,0.6742763788265351,0.7634724427400185,1.492550182623202,-0.4872000130126253,26.6399994045496,1.0,2.0404569073275494,1
14:44:43.496744,147,0.7117526362613139,0.805906214271922,1.4643461396099484,-0.4872000130126253,61.87999861687422,1.0,3.2404303695958125,1
14:44:43.496744,147,0.6829304745700882,0.7569175825060444,1.494306552129394,-0.4872000130126253,21.119999527931213,1.0,2.3094331121347897,1
14:44:43.496744,147,0.7208877263421077,0.7989870351365429,1.4662001280715593,-0.4872000130126253,50.519998870790005,1.0,3.634652778649384,1
14:44:43.496744,147,0.7299507282542276,0.7919799652354782,1.468077666792858,-0.4872000130126253,41.51999907195568,1.0,4.051670608790211,1
14:44:43.496744,147,0.5574123695589159,0.8460645293119936,1.4818201224233316,-0.4174800111504737,46.999998949468136,1.0,1.1297984542984651,1
14:44:43.496744,147,0.630012036217287,0.794975151999149,1.4841090571178253,-0.4872000130126253,78.9999982342124,1.0,1.1092388055925284,1
14:44:43.496744,147,0.6026530248430334,0.8843738065752724,1.3264625446315683,-0.4174800111504737,97.11999782919884,1.0,0.2743088289796394,1
14:44:43.496744,147,0.5442944161172596,0.7886975307017942,1.5133918764797518,-0.4872000130126253,27.239999391138557,1.0,4.065016992054453,1
14:44:43.496744,147,0.5324362573673866,0.8771322546924204,1.5078671290785564,-0.4174800111504737,27.99999937415123,1.0,1.6062691298474654,1
14:44:43.496744,147,0.5478711539374254,0.8514026831809497,1.4803897684050715,-0.5566400148672983,35.879999198019505,1.0,1.290051638753705,1
14:44:43.496744,147,0.4251524839289498,0.947770867501,1.1730199651177369,-0.5566400148672983,40.8799990862608,1.0,4.582593893023493,1
14:44:43.496744,147,0.4454054642403835,0.9929198092215336,1.1336251338571055,-0.5566400148672983,33.519999250769615,1.0,3.168769622814906,1
14:44:43.496744,147,0.436426183391621,0.9436097274870618,1.1741349392240643,-0.5566400148672983,49.23999889940024,1.0,3.945669529875029,1
14:44:43.496744,147,0.4572162086972283,0.988560445064585,1.1347932219624732,-0.5566400148672983,38.99999912828207,1.0,2.7305112595125225,1
14:44:43.496744,147,0.4476562406015911,0.9393399017710438,1.175279035576493,-0.5566400148672983,59.63999866694212,1.0,3.366281113969112,1
14:44:43.496744,147,0.458841532562548,0.9349618173319408,1.176452139766346,-0.5566400148672983,72.35999838262796,1.0,2.843064596147673,1
14:44:43.496744,147,0.4806993574050117,0.9795005745876332,1.137220806940303,-0.5566400148672983,52.999998815357685,1.0,2.0255421894514885,1
14:44:43.496744,147,0.4810733512464597,0.9258826342855846,1.1788848995315515,-0.5566400148672983,87.75999803841114,1.0,1.959763917731123,1
14:44:43.496744,147,0.5010056000474369,1.0077377550407751,1.1824798537098165,-0.5566400148672983,61.35999862849712,1.0,2.462848387623646,1
14:44:43.496744,147,0.492117654806172,0.9211824435890296,1.1801443118329655,-0.5566400148672983,104.99999765306713,1.0,1.5970265958185648,1
14:44:43.496744,147,0.5128302492885098,1.002841263193598,1.1837918647460133,-0.5566400148672983,70.23999843001366,1.0,2.347395216729551,1
14:44:43.496744,147,0.5877083227152883,0.81345220413452,0.7786625204840614,-0.2088800055789761,6.11999986320734,0.611999986320734,10.036228104446,1
14:44:43.496744,147,0.4689812319162593,0.984087217746957,1.1359918196097925,-0.5566400148672983,45.51999898254872,1.0,2.349942993817413,1
14:44:43.496744,147,0.5246036159343036,0.9978308007342398,1.1851344141157043,-0.5566400148672983,78.63999824225903,1.0,2.281836928042484,1
14:44:43.496744,147,0.654349229572211,0.9087495959205516,0.9758868585808746,-0.2783200074336491,8.239999815821648,0.8239999815821648,5.782720326191409,1
14:44:43.496744,147,0.5053949338494883,0.924313187793838,1.1918284082708128,-0.5566400148672983,122.6399972587824,1.0,1.0863474910310231,1
14:44:43.496744,147,0.621115637347233,1.009301243340335,1.157165716980076,-0.4872000130126253,20.359999544918537,1.0,7.737826415337782,1
14:44:43.496744,147,0.5965136618350161,0.9732158919905424,1.2050764422756928,-0.4872000130126253,69.99999843537807,1.0,3.377949781620927,1
14:44:43.496744,147,0.5826601898618261,0.9710868617826836,1.1923004309602012,-0.4872000130126253,79.75999821722507,1.0,2.6501941522422006,1
14:44:43.496744,147,0.5561661158080803,0.926930683488108,1.2290272445775754,-0.5566400148672983,133.8799970075488,1.0,0.45081315140195277,1
14:44:43.496744,147,0.5670870121972073,0.9215057423724464,1.2304808531685032,-0.5566400148672983,119.23999733477832,1.0,0.450639239679398,1
14:44:43.496744,147,0.5711607894205991,0.9766594355103329,1.1908072643301149,-0.4872000130126253,86.23999807238579,1.0,2.4885747761309602,1
14:44:43.496744,147,0.5451896032733289,0.9322498673607796,1.2276019735545003,-0.5566400148672983,143.51999679207802,1.0,0.4937350795350922,1
14:44:43.496744,147,0.559604273378949,0.9821206567866344,1.189343934499442,-0.4872000130126253,87.99999803304672,1.0,2.369489861236588,1
14:44:43.496744,147,0.5341585722350105,0.9374627620765305,1.2262051826251863,-0.5566400148672983,144.87999676167965,1.0,0.5806660491895699,1
14:44:43.496744,147,0.5363245226580171,0.9927068687047492,1.1865073675650786,-0.4872000130126253,85.11999809741974,1.0,2.2646590783434783,1
14:44:43.496744,147,0.511937372364617,0.9475676095778076,1.2234975968975794,-0.5566400148672983,137.11999693512917,1.0,0.891702328222663,1
14:44:43.552698,148,0.6026903258863752,0.8128369769720962,1.479322995540978,-0.4174800111504737,99.87999776750804,1.0,0.5387268739626466,1
14:44:43.552698,148,0.5949959893888657,0.750790460993924,1.5127822575899672,-0.4174800111504737,67.23999849706888,1.0,1.7149083565592265,1
14:44:43.552698,148,0.6479825686402604,0.8230009285589474,1.411961088101071,-0.4174800111504737,85.75999808311462,1.0,0.4217048494899264,1
14:44:43.552698,148,0.5778519470544564,0.7621196795050269,1.5097466026390416,-0.4174800111504737,76.359998293221,1.0,1.694365866791022,1
14:44:43.552698,148,0.6384787926369365,0.8292141114635844,1.4102962707593465,-0.4174800111504737,69.11999845504761,1.0,0.32658662273157724,1
14:44:43.552698,148,0.630012036217287,0.794975151999149,1.4841090571178253,-0.4174800111504737,116.87999738752842,1.0,0.5794192239622009,1
14:44:43.552698,148,0.5691928187578046,0.767659526362707,1.508262205147334,-0.4174800111504737,75.75999830663204,1.0,1.7541567883311264,1
14:44:43.552698,148,0.6409948229959381,0.8537429838423979,1.322350417748699,-0.3480400092958007,39.87999910861254,1.0,0.48564407170910084,1
14:44:43.552698,148,0.6289111692892669,0.8353351858168248,1.4086561338295849,-0.4174800111504737,54.63999877870083,1.0,0.28336264969023894,1
14:44:43.552698,148,0.5934613316070674,0.8186139938755135,1.4777750485270464,-0.4174800111504737,73.75999835133553,1.0,0.6238634827499634,1
14:44:43.552698,148,0.5604767716561474,0.7731154568696907,1.5068002929740274,-0.4174800111504737,65.63999853283167,1.0,1.8607090372962611,1
14:44:43.552698,148,0.7050593971467507,0.9026065100281851,1.2106496859102185,-0.4872000130126253,16.359999634325504,1.0,3.994368290668752,1
14:44:43.552698,148,0.6095882138671734,0.8472985697318746,1.4054505547708036,-0.4174800111504737,43.239999033510685,1.0,0.3528314749233236,1
14:44:43.552698,148,0.5841729916918015,0.8243015781789939,1.476251064906045,-0.4174800111504737,52.7599988207221,1.0,0.7584259598506373,1
14:44:43.552698,148,0.6574215469296008,0.8166962584159986,1.4136504193744184,-0.4174800111504737,101.11999773979188,1.0,0.5686545445200372,1
14:44:43.552698,148,0.535827712843181,0.7226606427517736,1.537087030525997,-0.4174800111504737,11.119999751448631,1.0,4.4624947083961555,1
14:44:43.552698,148,0.6034791890367529,0.7450022222528605,1.5143332114862338,-0.4174800111504737,53.87999879568815,1.0,1.7951539061626365,1
14:44:43.552698,148,0.7208877263421077,0.7989870351365429,1.4662001280715593,-0.4174800111504737,57.35999871790409,1.0,2.6162664865610474,1
14:44:43.552698,148,0.6761013413807516,0.8038149873476965,1.4171019455546563,-0.4174800111504737,108.87999756634235,1.0,1.0177802590977885,1
14:44:43.552698,148,0.7566981786393852,0.7704384614730933,1.4738496953297413,-0.4872000130126253,28.23999936878681,1.0,4.749006296509974,1
14:44:43.552698,148,0.7478568497014378,0.7777049646597045,1.4719026416690906,-0.4872000130126253,35.35999920964241,1.0,4.139072431506475,1
14:44:43.552698,148,0.7299507282542276,0.7919799652354782,1.468077666792858,-0.4174800111504737,44.87999899685383,1.0,3.0726128672811277,1
14:44:43.552698,148,0.6920260114020949,0.7228660349576044,1.458143175672613,-0.4174800111504737,20.239999547600743,1.0,3.350260327835687,1
14:44:43.552698,148,0.5517046773468924,0.7784869254374989,1.505361012309114,-0.4174800111504737,52.11999883502722,1.0,2.0140584747595276,1
14:44:43.552698,148,0.6836067719447532,0.7295098863392451,1.45636296106027,-0.4174800111504737,26.359999410808086,1.0,2.8492593359721328,1
14:44:43.552698,148,0.6456119315884213,0.6889637524983337,1.4865782885760326,-0.4174800111504737,19.239999569952488,1.0,4.138719188464952,1
14:44:43.552698,148,0.6389944797616421,0.7888462702244756,1.485751286039855,-0.4174800111504737,93.6399979069829,1.0,0.6915164834779745,1
14:44:43.552698,148,0.7117526362613139,0.805906214271922,1.4643461396099484,-0.4174800111504737,72.99999836832285,1.0,2.2112900191947316,1
14:44:43.552698,148,0.6375960725119229,0.6951612227637869,1.4849176814232887,-0.4174800111504737,24.51999945193529,1.0,3.7385957644123353,1
14:44:43.552698,148,0.6945107043220035,0.7905754505951275,1.4206494687356694,-0.4174800111504737,90.23999798297882,1.0,1.6733941070606075,1
14:44:43.552698,148,0.6655548560100085,0.7699433844829717,1.4908162990089089,-0.4872000130126253,48.51999891549349,1.0,1.3226122775902078,1
14:44:43.552698,148,0.6232649192089674,0.7123866020318981,1.4909480950273162,-0.4174800111504737,31.63999929279089,1.0,2.8545855774573687,1
14:44:43.552698,148,0.685340289578767,0.7972396745386582,1.4188637953118202,-0.4174800111504737,104.35999766737224,1.0,1.319813850482426,1
14:44:43.552698,148,0.6479130243933714,0.7826309325972912,1.4874166807377458,-0.4872000130126253,67.99999848008156,1.0,0.8527883234799954,1
14:44:43.552698,148,0.6102436823857268,0.7342508053029086,1.5064758615348472,-0.4872000130126253,41.35999907553196,1.0,2.059884427164174,1
14:44:43.552698,148,0.6771737701328004,0.7413951894589756,1.46445076686284,-0.4174800111504737,35.23999921232462,1.0,2.2638249417228957,1
14:44:43.552698,148,0.6942628257346085,0.9093647735679882,1.2088388146524915,-0.4872000130126253,17.999999597668648,1.0,3.7530244873060292,1
14:44:43.552698,148,0.6118590516380288,0.8069711051655926,1.4808947511544353,-0.4174800111504737,119.8799973204732,1.0,0.5029724947228927,1
14:44:43.552698,148,0.5998348140721026,0.8531396829653156,1.4038854331970043,-0.4174800111504737,34.639999225735664,1.0,0.46563262826032636,1
14:44:43.552698,148,0.5474033352267655,0.9397506561120976,1.2383317501116913,-0.4174800111504737,44.87999899685383,1.0,3.3457331959793537,1
14:44:43.552698,148,0.5363275128979634,0.944984717687108,1.2369292875395326,-0.4174800111504737,38.239999145269394,1.0,3.8576662385627056,1
14:44:43.552698,148,0.5140160842706358,0.9551305957283366,1.234210707711881,-0.4174800111504737,32.51999927312136,1.0,5.0547035376517195,1
14:44:43.552698,148,0.5504283892626425,0.8056282241028863,0.9216517184963487,-0.2783200074336491,22.63999949395657,1.0,2.8062980423868837,1
14:44:43.552698,148,0.5027827090962803,0.9600413976152514,1.2328948623120928,-0.4174800111504737,27.639999382197857,1.0,5.739867887987734,1
14:44:43.552698,148,0.5386853312739717,0.7804434311813476,0.8152921738458054,-0.4872000130126253,22.879999488592148,1.0,5.18088368085785,1
14:44:43.552698,148,0.5280538200708408,0.7855954284805612,0.8139117003300738,-0.4872000130126253,26.359999410808086,1.0,5.1476552075556095,1
14:44:43.552698,148,0.5389336694130837,0.8235988518114696,0.7630657935289162,-0.4872000130126253,11.9999997317791,1.0,4.874725515177713,1
14:44:43.552698,148,0.5173695039281067,0.7906444773834606,0.8125588117539968,-0.4872000130126253,29.11999934911728,1.0,5.175836638005386,1
14:44:43.552698,148,0.4958467356880892,0.8004317207429191,0.8099363277997029,-0.4872000130126253,30.51999931782484,1.0,5.416738953826144,1
14:44:43.552698,148,0.4631934227318153,0.8143281875449221,0.8062127807424604,-0.4872000130126253,28.879999354481697,1.0,6.240479836258703,1
14:44:43.552698,148,0.4522148911355573,0.8187493069486454,0.805028145368591,-0.4872000130126253,26.6399994045496,1.0,6.6386072513792005,1
14:44:43.552698,148,0.4411911384290519,0.8230641625959848,0.8038719832824297,-0.4872000130126253,23.9999994635582,1.0,7.098595794039031,1
14:44:43.552698,148,0.6626940811424344,0.8680151532026573,1.2448136133392131,-0.4872000130126253,25.359999433159828,1.0,1.3139308110252206,1
14:44:43.552698,148,0.5584244176806599,0.9344098737950784,1.239762808420487,-0.4174800111504737,51.87999884039164,1.0,2.891476878658953,1
14:44:43.552698,148,0.5693896581606345,0.9289629048098076,1.2412223193612877,-0.4174800111504737,57.999998703598976,1.0,2.494856872503061,1
14:44:43.552698,148,0.4850104358495978,0.8051689364833424,0.8086669946676845,-0.4872000130126253,30.35999932140112,1.0,5.629603059541759,1
14:44:43.552698,148,0.6054830500478754,0.9596098970635858,1.195375674388244,-0.4872000130126253,26.99999939650297,1.0,3.9760737893829483,1
14:44:43.552698,148,0.5654219960998653,0.8354061829715436,1.4732755950196146,-0.4174800111504737,38.239999145269394,1.0,1.1759862516368813,1
14:44:43.552698,148,0.5779512003602204,0.9159755865033612,1.231962653967643,-0.4174800111504737,61.519998624920845,1.0,1.8482500523289047,1
14:44:43.552698,148,0.5339958614308701,0.7889743366859987,1.5025509189343855,-0.4174800111504737,39.99999910593033,1.0,2.461275999004732,1
14:44:43.552698,148,0.6523221705264262,0.87436624678395,1.2431118429430512,-0.4872000130126253,31.75999929010868,1.0,1.1806043104467983,1
14:44:43.552698,148,0.555961215507045,0.840822093009437,1.4718244062986814,-0.4174800111504737,28.639999359846115,1.0,1.4590544445852998,1
14:44:43.552698,148,0.5250609106908581,0.7940892306343518,1.5011803872315534,-0.4174800111504737,30.63999931514263,1.0,2.7551993799465846,1
14:44:43.552698,148,0.6614609104889496,0.9290091750330508,1.2035751131441352,-0.4872000130126253,20.119999550282955,1.0,3.387120101208526,1
14:44:43.552698,148,0.6313836979882839,0.886766306362425,1.2397892569929012,-0.4872000130126253,39.51999911665917,1.0,1.0851254008022886,1
14:44:43.552698,148,0.6833968286215468,0.9160184140662584,1.207055977054253,-0.4872000130126253,19.239999569952488,1.0,3.571308019289862,1
14:44:43.552698,148,0.5174204944589172,0.8040817519760332,1.509269686813138,-0.4174800111504737,23.87999946624041,1.0,3.096956575484576,1
14:44:43.552698,148,0.6503931830428497,0.9353449964363596,1.2018774349157308,-0.4872000130126253,21.119999527931213,1.0,3.384820531500443,1
14:44:43.552698,148,0.6208192298958617,0.8928140323640378,1.2381687736947242,-0.4872000130126253,48.119998924434185,1.0,1.1231223624842421,1
14:44:43.552698,148,0.5995051121484637,0.9046018530148232,1.235010236670823,-0.4174800111504737,60.87999863922596,1.0,1.3709338979888244,1
14:44:43.552698,148,0.5083578376503507,0.8090359220652779,1.5079422209385585,-0.4174800111504737,18.879999577999115,1.0,3.4955389977049247,1
14:44:43.552698,148,0.6101926804005727,0.8987594127591899,1.2365757138191475,-0.4872000130126253,55.87999875098467,1.0,1.218370161462305,1
14:44:43.552698,148,0.5464448392584587,0.846146349656086,1.4703977760299156,-0.4174800111504737,21.99999950826168,1.0,1.7916892104829434,1
14:44:43.552698,148,0.6280637250977315,0.947694353261999,1.198568434727257,-0.4872000130126253,26.239999413490292,1.0,3.5602105815706473,1
14:44:43.627039,149,0.5998348140721026,0.8531396829653156,1.4038854331970043,-0.4872000130126253,211.99999526143077,1.0,1.1085843169495242,1
14:44:43.627039,149,0.6309625302704973,0.8598861171852417,1.3207043701304877,-0.3480400092958007,73.23999836295843,1.0,2.0244148853893282,1
14:44:43.627039,149,0.6613987522845514,0.831854895704355,1.2040795561505166,-0.3480400092958007,6.7599998489022255,0.6759999848902225,3.0687415412012173,1
14:44:43.627039,149,0.5207203271250703,0.7374758599302254,1.5432529620464577,-0.4174800111504737,48.75999891012907,1.0,4.799372283931826,1
14:44:43.627039,149,0.5531447211046893,0.7833972626241756,1.5148120790308184,-0.4174800111504737,91.87999794632196,1.0,1.5039051144811728,1
14:44:43.627039,149,0.6095882138671734,0.8472985697318746,1.4054505547708036,-0.4872000130126253,211.11999528110027,1.0,1.2542638999921905,1
14:44:43.627039,149,0.6435425734693518,0.8273920064021373,1.2927264844719788,-0.3480400092958007,57.51999871432781,1.0,1.835300027136496,1
14:44:43.627039,149,0.6814553204471464,0.8188834893133126,1.2075552340176925,-0.3480400092958007,4.999999888241291,0.4999999888241291,4.441551065877305,1
14:44:43.627039,149,0.5289997708308106,0.7324060590301826,1.5446114111034106,-0.4174800111504737,58.51999869197607,1.0,4.582994184234861,1
14:44:43.627039,149,0.5654219960998653,0.8354061829715436,1.4732755950196146,-0.4872000130126253,118.35999735444784,1.0,0.9084654612734684,1
14:44:43.627039,149,0.5604767716561474,0.7731154568696907,1.5068002929740274,-0.4174800111504737,127.51999714970589,1.0,1.4999817284930488,1
14:44:43.627039,149,0.5841729916918015,0.8243015781789939,1.476251064906045,-0.4174800111504737,174.3599961027503,1.0,0.8276678357271907,1
14:44:43.627039,149,0.5353896821442287,0.7939120478133432,1.511994650830794,-0.4174800111504737,64.63999855518341,1.0,1.869787146186367,1
14:44:43.627039,149,0.671616635760421,0.884662664205878,1.1626325484389497,-0.4174800111504737,6.359999857842922,0.6359999857842922,5.516865453588691,1
14:44:43.627039,149,0.6512707561329653,0.8381946552918803,1.2023808226888315,-0.3480400092958007,10.759999759495258,1.0,2.492984104785268,1
14:44:43.627039,149,0.6208671418206502,0.865932040484821,1.3190843698648649,-0.4872000130126253,92.35999793559311,1.0,1.7251298696962785,1
14:44:43.627039,149,0.5900214312981668,0.8588862951102545,1.402345633113553,-0.4872000130126253,174.6399960964918,1.0,1.0325851298113733,1
14:44:43.627039,149,0.555961215507045,0.840822093009437,1.4718244062986814,-0.4872000130126253,80.51999820023775,1.0,1.0496748410381653,1
14:44:43.627039,149,0.5302265284733519,0.8134121175758773,1.53923083033773,-0.4174800111504737,46.23999896645546,1.0,2.1231513342600867,1
14:44:43.627039,149,0.4991455596026181,0.7657312956105085,1.5662403280708983,-0.4174800111504737,30.23999932408333,1.0,5.061935234501124,1
14:44:43.627039,149,0.6410776334514011,0.8444362705962289,1.2007083869085655,-0.3480400092958007,16.99999962002039,1.0,1.9922781481247096,1
14:44:43.627039,149,0.610709667176784,0.8718801491538705,1.3174905789505005,-0.4872000130126253,111.99999749660492,1.0,1.4988132732639594,1
14:44:43.627039,149,0.5801490468754217,0.8645378315102914,1.400831308499168,-0.4872000130126253,128.75999712198973,1.0,1.027133055793133,1
14:44:43.627039,149,0.5464448392584587,0.846146349656086,1.4703977760299156,-0.4872000130126253,56.759998731315136,1.0,1.2591373863756863,1
14:44:43.627039,149,0.5120226615239166,0.8234798070431979,1.536533201075314,-0.4174800111504737,34.23999923467636,1.0,2.8779110460577675,1
14:44:43.627039,149,0.5934613316070674,0.8186139938755135,1.4777750485270464,-0.4174800111504737,232.75999479740855,1.0,0.8865207739051327,1
14:44:43.627039,149,0.5040060580687818,0.7473742864621076,1.540600686650901,-0.4174800111504737,38.75999913364649,1.0,5.416914164454853,1
14:44:43.627039,149,0.6289111692892669,0.8353351858168248,1.4086561338295849,-0.4872000130126253,172.99999613314867,1.0,1.7512231370222766,1
14:44:43.627039,149,0.5760333940509609,0.6958056643719767,1.5442828002956188,-0.4174800111504737,34.35999923199415,1.0,4.875460189305677,1
14:44:43.627039,149,0.535827712843181,0.7226606427517736,1.537087030525997,-0.4174800111504737,63.879998572170734,1.0,4.756985652942916,1
14:44:43.627039,149,0.4820087720835754,0.7752088344042387,1.5637008292048835,-0.4174800111504737,23.75999946892261,1.0,6.0562630973513585,1
14:44:43.627039,149,0.6456119315884213,0.6889637524983337,1.4865782885760326,-0.4174800111504737,24.63999944925308,1.0,5.321148028505204,1
14:44:43.627039,149,0.6751191723829432,0.7360720832800087,1.4546046256894185,-0.4174800111504737,33.359999254345894,1.0,4.556907107496128,1
14:44:43.627039,149,0.639536475791061,0.7001884708884306,1.4942165744163771,-0.4174800111504737,32.239999279379845,1.0,4.495861103741042,1
14:44:43.627039,149,0.6020479454585772,0.6591446247233029,1.5238647305566593,-0.4174800111504737,21.239999525249004,1.0,7.26042918972848,1
14:44:43.627039,149,0.6579422947083787,0.7489488972131155,1.4511542937949566,-0.4174800111504737,44.23999901115894,1.0,3.254701506291189,1
14:44:43.627039,149,0.628563340506816,0.7271499582364446,1.5191167112124997,-0.4174800111504737,43.5199990272522,1.0,3.019088220934882,1
14:44:43.627039,149,0.5917180365273517,0.6845256759671764,1.5473052640793177,-0.4174800111504737,26.87999939918518,1.0,5.329575569078908,1
14:44:43.627039,149,0.6853639682079344,0.7671493384434364,1.379709887886428,-0.3480400092958007,38.6399991363287,1.0,4.5976918060249945,1
14:44:43.627039,149,0.6492547342690005,0.7552622265348538,1.4494626423016452,-0.4174800111504737,60.99999863654375,1.0,2.6934975882865833,1
14:44:43.627039,149,0.611902041271332,0.7391323328725297,1.5159060436053533,-0.4174800111504737,60.63999864459038,1.0,2.27894890698338,1
14:44:43.627039,149,0.6739761450172669,0.7980339840300041,1.4067887257825764,-0.4872000130126253,50.1199988797307,1.0,3.8457797983462423,1
14:44:43.627039,149,0.6424514965784796,0.7668917910493432,1.4576189730569626,-0.4174800111504737,87.51999804377556,1.0,2.2289862926441515,1
14:44:43.627039,149,0.6034791890367529,0.7450022222528605,1.5143332114862338,-0.4174800111504737,86.23999807238579,1.0,1.9973460025903038,1
14:44:43.627039,149,0.5681042749550451,0.7013314709135442,1.5428021648952752,-0.4174800111504737,43.75999902188778,1.0,4.73443129136064,1
14:44:43.627039,149,0.6574215469296008,0.8166962584159986,1.4136504193744184,-0.4872000130126253,66.9999985024333,1.0,2.9979108746375864,1
14:44:43.627039,149,0.6283045961569002,0.7897728872206071,1.4741328646112954,-0.4174800111504737,129.6399971023202,1.0,1.6083180614214085,1
14:44:43.627039,149,0.5949959893888657,0.750790460993924,1.5127822575899672,-0.4174800111504737,121.11999729275703,1.0,1.7755795591536796,1
14:44:43.627039,149,0.5601183459075922,0.7067804130361502,1.541342125253919,-0.4174800111504737,53.99999879300594,1.0,4.651501534475195,1
14:44:43.627039,149,0.6479825686402604,0.8230009285589474,1.411961088101071,-0.4872000130126253,91.75999794900416,1.0,2.5166380227040706,1
14:44:43.627039,149,0.6118590516380288,0.8069711051655926,1.4808947511544353,-0.4174800111504737,189.1199957728386,1.0,1.1988683081207487,1
14:44:43.627039,149,0.5778519470544564,0.7621196795050269,1.5097466026390416,-0.4174800111504737,153.35999657213688,1.0,1.5141662887864207,1
14:44:43.627039,149,0.5439792579040207,0.7174455322067559,1.5384844151849737,-0.4174800111504737,61.99999861419201,1.0,4.662206686208208,1
14:44:43.627039,149,0.6727162353363817,0.8083194507027504,1.297836960369227,-0.3480400092958007,36.35999918729067,1.0,3.537756234521549,1
14:44:43.627039,149,0.6384787926369365,0.8292141114635844,1.4102962707593465,-0.4872000130126253,127.51999714970589,1.0,2.100796378134139,1
14:44:43.627039,149,0.6026903258863752,0.8128369769720962,1.479322995540978,-0.4174800111504737,241.2399946078658,1.0,1.0105100281926203,1
14:44:43.627039,149,0.5691928187578046,0.767659526362707,1.508262205147334,-0.4174800111504737,156.63999649882317,1.0,1.4758377821799855,1
14:44:43.627039,149,0.6533327843159854,0.8211285273385787,1.2944047786288686,-0.3480400092958007,45.35999898612499,1.0,2.3330606675306833,1
14:44:43.627039,149,0.6500588425112961,0.8974294942687028,1.15921168663371,-0.4174800111504737,7.35999983549118,0.735999983549118,4.361745785215788,1
14:44:43.627039,149,0.5902125283698069,0.8834805532177082,1.3143822600497204,-0.4872000130126253,124.99999720603228,1.0,1.2688626808165957,1
14:44:43.627039,149,0.5544843200522657,0.8512724453381562,0.9594589743679072,-0.4174800111504737,24.23999945819378,1.0,2.741040005638208,1
14:44:43.627039,149,0.5185282024161264,0.9277160400643134,1.314849028170019,-0.4174800111504737,45.759998977184296,1.0,3.272720122101275,1
14:44:43.627039,149,0.6029284852462468,0.8129579384422723,0.8693439511694028,-0.2783200074336491,13.519999697804453,1.0,5.499433156647084,1
14:44:43.627039,149,0.576203528489881,0.8403504755704225,0.9623855073469284,-0.4174800111504737,17.639999605715275,1.0,2.655870378535192,1
14:44:43.627039,149,0.524950904397212,0.9064451467780004,1.1840931586120986,-0.4174800111504737,32.35999927669764,1.0,1.7199886630158958,1
14:44:43.627039,149,0.5077681053396675,0.932672711804621,1.3135208919800574,-0.3480400092958007,36.87999917566776,1.0,3.8213775000201826,1
14:44:43.627039,149,0.5921195950900418,0.8187296254330056,0.8677974323012707,-0.2783200074336491,14.759999670088291,1.0,5.239686963670422,1
14:44:43.627039,149,0.5653721926438708,0.845863908751078,0.9609081873786488,-0.4174800111504737,21.51999951899052,1.0,2.6525836416771766,1
14:44:43.627039,149,0.5394318713181365,0.915611057073745,1.1024751634777177,-0.4174800111504737,23.23999948054552,1.0,1.8281157909108785,1
14:44:43.627039,149,0.511937372364617,0.9475676095778076,1.2234975968975794,-0.4174800111504737,26.119999416172504,1.0,3.884812687993677,1
14:44:43.627039,149,0.4969572318780832,0.9375252028913796,1.3122206709120812,-0.3480400092958007,30.23999932408333,1.0,4.453422664799577,1
14:44:43.627039,149,0.5703252671883963,0.8299583546166014,0.8647887033844983,-0.2783200074336491,16.519999630749226,1.0,5.000444646295808,1
14:44:43.627039,149,0.5282379974372692,0.920767549430236,1.1010934855150187,-0.4174800111504737,20.75999953597784,1.0,2.1973627781811005,1
14:44:43.627039,149,0.5465790884286034,0.8960946170522648,1.1868665746933438,-0.4174800111504737,40.3599990978837,1.0,1.025612519582038,1
14:44:43.627039,149,0.5007494256339119,0.9524585518870502,1.2221870728555908,-0.4174800111504737,21.359999522566795,1.0,4.496556411578894,1
14:44:43.627039,149,0.5593420088574866,0.8354142739459529,0.8633267942062293,-0.2783200074336491,18.759999580681324,1.0,5.023101261432456,1
14:44:43.627039,149,0.5325433252895695,0.8617726758787267,0.9566454460742206,-0.4174800111504737,25.23999943584204,1.0,3.197397757687314,1
14:44:43.627039,149,0.5169913001992162,0.925815661249975,1.0997408480296176,-0.4174800111504737,18.23999959230423,1.0,2.6586117040545996,1
14:44:43.627039,149,0.5483028167943084,0.8407638321233686,0.8618933844127274,-0.2783200074336491,19.999999552965164,1.0,5.1420477800202615,1
14:44:43.627039,149,0.5214923971995726,0.8668633198179623,0.955281412141748,-0.4174800111504737,24.63999944925308,1.0,3.567409341657423,1
14:44:43.627039,149,0.5260610525939134,0.8511417359065683,0.8591126334748911,-0.6263600167294499,20.119999550282955,1.0,5.6731305782897605,1
14:44:43.627039,149,0.5103893203067624,0.871846967240107,0.9539460478396228,-0.2783200074336491,22.63999949395657,1.0,4.0333833448891205,1
14:44:43.627039,149,0.5148607046144825,0.8561690437306688,0.8577655704033207,-0.6263600167294499,19.35999956727028,1.0,6.08742742795648,1
14:44:43.627039,149,0.4880311664100588,0.8814912898402543,0.9513618593873684,-0.2783200074336491,20.239999547600743,1.0,5.257437639576942,1
14:44:43.627039,149,0.4923066769122234,0.865897857661291,0.855158742567298,-0.6263600167294499,18.11999959498644,1.0,7.218929297742397,1
14:44:43.627039,149,0.4767783252028232,0.8861510005940769,0.9501132936539188,-0.2783200074336491,17.759999603033066,1.0,6.017624361491379,1
14:44:43.627039,149,0.6205000921239204,0.8566225816069519,1.1974430747145282,-0.4174800111504737,26.359999410808086,1.0,1.2199197410144094,1
14:44:43.627039,149,0.5877083227152883,0.81345220413452,0.7786625204840614,-0.3480400092958007,8.51999980956316,0.851999980956316,7.8327367046377745,1
14:44:43.627039,149,0.5726853861200665,0.8994965071122638,1.1067930441262877,-0.4174800111504737,26.75999940186739,1.0,1.2615506137667787,1
14:44:43.627039,149,0.5616566768905038,0.9049750041165664,1.1053250852782484,-0.4174800111504737,25.51999942958355,1.0,1.361292349795152,1
14:44:43.627039,149,0.6243643136777087,0.8011028054245364,0.8725205244876686,-0.2783200074336491,12.11999972909689,1.0,6.293812379726813,1
14:44:43.627039,149,0.5602312278055812,0.875553426044048,1.3978796888396992,-0.4872000130126253,92.23999793827534,1.0,1.23135985610594,1
14:44:43.627039,149,0.538275151659548,0.8566484106166886,1.4789841799749517,-0.4872000130126253,41.63999906927347,1.0,1.7260850698307144,1
14:44:43.627039,149,0.5028434688977143,0.8283812748072749,1.5352198567462023,-0.4174800111504737,26.119999416172504,1.0,3.354731962445171,1
14:44:43.627039,149,0.4733676479714002,0.7798229865422288,1.5624644708657551,-0.4174800111504737,18.879999577999115,1.0,6.6490117855973345,1
14:44:43.627039,149,0.6376168191039316,0.8644141178191123,1.1161933420059418,-0.4174800111504737,10.759999759495258,1.0,2.46661170953562,1
14:44:43.627039,149,0.6101177312148971,0.8625660586924351,1.19585052482924,-0.4174800111504737,39.11999912559986,1.0,0.9502315540012997,1
14:44:43.627039,149,0.5798749139034038,0.8891316885818088,1.3128680428925907,-0.4872000130126253,124.6399972140789,1.0,1.2671297201927116,1
14:44:43.627039,149,0.5501877849237057,0.8809163826275427,1.3964426889541086,-0.4872000130126253,66.9999985024333,1.0,1.442793593702168,1
14:44:43.627039,149,0.528625322317472,0.8618011870508616,1.477603497690637,-0.4872000130126253,31.63999929279089,1.0,2.072576433469984,1
14:44:43.627039,149,0.5976922632090141,0.8290111352176133,0.9654238744371652,-0.4174800111504737,13.639999695122242,1.0,2.9334674978253883,1
14:44:43.627039,149,0.5996743590439093,0.8684089543748199,1.1942849256496857,-0.4174800111504737,52.51999882608652,1.0,0.7595224224059927,1
14:44:43.627039,149,0.5694793124314301,0.8946826893700066,1.3113806567142086,-0.4872000130126253,110.99999751895666,1.0,1.3421663083188258,1
14:44:43.627039,149,0.5360683595278409,0.9146772797993644,1.4352010204419974,-0.4872000130126253,49.99999888241291,1.0,3.6106365288993656,1
14:44:43.627039,149,0.5128387124186756,0.8872291719217794,1.5051616682609057,-0.4872000130126253,24.759999446570877,1.0,3.7557848454142353,1
14:44:43.627039,149,0.6269480568883761,0.8705215479416304,1.1145568610367835,-0.4174800111504737,14.879999667406082,1.0,2.0564196397159393,1
14:44:43.627039,149,0.557311733628535,0.8907631894706529,1.1882951264083417,-0.4174800111504737,49.75999888777733,1.0,0.8064300408343232,1
14:44:43.627039,149,0.5292364471067669,0.922655683333478,1.3162049466694596,-0.4174800111504737,57.51999871432781,1.0,2.8064696620370957,1
14:44:43.627039,149,0.616216600392389,0.8765256220854489,1.1129480742186508,-0.4174800111504737,19.519999563694,1.0,1.7285453771045303,1
14:44:43.627039,149,0.5836568272908134,0.89391175665762,1.1082894735005389,-0.4174800111504737,26.239999413490292,1.0,1.2494813532584417,1
14:44:43.627039,149,0.6083475132266687,0.8231863619699948,0.9669846177249593,-0.4174800111504737,10.119999773800371,1.0,3.2056810830531814,1
14:44:43.627039,149,0.5379550098654275,0.9107293837238196,1.3070809579209153,-0.4174800111504737,72.87999837100506,1.0,2.037516573109353,1
14:44:43.627039,149,0.5153686999919043,0.9248337202276896,1.432479610431253,-0.4872000130126253,30.23999932408333,1.0,4.527904270693205,1
14:44:43.627039,149,0.5945699032678193,0.8882213112230011,1.1098142237593185,-0.4174800111504737,23.639999471604824,1.0,1.3240067564390556,1
14:44:43.627039,149,0.6189419290026745,0.8172589598644775,0.9685728603323472,-0.4174800111504737,7.639999829232693,0.7639999829232693,3.5654452119567166,1
14:44:43.627039,149,0.5257448167804769,0.9198054862683154,1.433826921660022,-0.4872000130126253,38.35999914258719,1.0,4.031314299777395,1
14:44:43.627039,149,0.5590267635053237,0.9001330004868742,1.3099202502519456,-0.4174800111504737,91.63999795168638,1.0,1.4949331999317403,1
14:44:43.627039,149,0.5786087642265543,0.8797906745080852,1.1912352029315003,-0.4174800111504737,60.11999865621328,1.0,0.619024326807261,1
14:44:43.627039,149,0.5679886481220202,0.8853283607964884,1.1897513843625855,-0.4174800111504737,57.999998703598976,1.0,0.671236758220273,1
14:44:43.661704,150,0.5793602396672509,0.8652906743988228,-0.2658974120193142,-0.3480400092958007,68.51999846845865,1.0,0.3594818825269231,1
14:44:43.661704,150,0.5879840342341608,0.8594539045199487,-0.2658974120193142,-0.3480400092958007,74.75999832898378,1.0,0.4499613462556914,1
14:44:43.661704,150,0.553517419526785,0.8090741920428548,-0.2503109621870586,-0.4174800111504737,68.11999847739935,1.0,0.5142957168274604,1
14:44:43.661704,150,0.6118590516380288,0.9138285563623932,-0.29255767555786,-0.4174800111504737,52.999998815357685,1.0,0.6543010489191354,1
14:44:43.661704,150,0.5453991369931064,0.8145688204912853,-0.2503109621870586,-0.4174800111504737,63.75999857485294,1.0,0.42778586135321994,1
14:44:43.661704,150,0.5571324199839102,0.8886400010365566,-0.2345422933887483,-0.4174800111504737,47.35999894142151,1.0,0.5922009597173931,1
14:44:43.661704,150,0.6026903258863752,0.9199013537210056,-0.29255767555786,-0.4174800111504737,54.239998787641525,1.0,0.6053336711121906,1
14:44:43.661704,150,0.5659908153021165,0.883024338188379,-0.2345422933887483,-0.4174800111504737,58.23999869823456,1.0,0.5426668597956055,1
14:44:43.661704,150,0.5372263150026643,0.8199819927401133,-0.2503109621870586,-0.4174800111504737,54.87999877333641,1.0,0.38092463761331014,1
14:44:43.661704,150,0.6273443504894327,0.9169867209216634,-0.4567013456736505,-0.2783200074336491,39.51999911665917,1.0,0.38549263251129606,1
14:44:43.661704,150,0.630012036217287,0.9014094317878592,-0.29255767555786,-0.4174800111504737,49.51999889314175,1.0,0.896612096732134,1
14:44:43.661704,150,0.6390671235253687,0.9143652812573004,-0.4455682255705237,-0.2783200074336491,32.87999926507473,1.0,0.5915600645995173,1
14:44:43.661704,150,0.5681042749550451,0.7957656876494374,-0.2601012550489147,-0.4174800111504737,65.63999853283167,1.0,0.805109294364994,1
14:44:43.661704,150,0.5810535651449726,0.9916994530492752,-0.5271331436621702,-0.3480400092958007,54.35999878495932,1.0,0.6987430991845984,1
14:44:43.661704,150,0.6389944797616421,0.8950643464739904,-0.29255767555786,-0.4174800111504737,44.519999004900455,1.0,1.0899808269504525,1
14:44:43.661704,150,0.5760333940509609,0.7900449517593984,-0.2601012550489147,-0.4174800111504737,57.51999871432781,1.0,1.0124227891462678,1
14:44:43.661704,150,0.611902041271332,0.8392397449008286,-0.2762973302335765,-0.4174800111504737,65.99999852478504,1.0,0.9383654724866766,1
14:44:43.661704,150,0.6479130243933714,0.8886297554753598,-0.29255767555786,-0.4174800111504737,38.99999912828207,1.0,1.3314847008307684,1
14:44:43.661704,150,0.5839049102900727,0.7842452120360837,-0.2601012550489147,-0.4174800111504737,47.51999893784523,1.0,1.2592553351721159,1
14:44:43.661704,150,0.620263703814436,0.8330788649723556,-0.2762973302335765,-0.4174800111504737,54.9999987706542,1.0,1.2062150393753557,1
14:44:43.661704,150,0.5994719914567196,0.7724110488084014,-0.2601012550489147,-0.4174800111504737,37.99999915063381,1.0,1.8713412431022889,1
14:44:43.661704,150,0.6368001213917562,0.8205078079632611,-0.2762973302335765,-0.4174800111504737,44.23999901115894,1.0,1.872881240352919,1
14:44:43.661704,150,0.60716599968918,0.7663778087104418,-0.2601012550489147,-0.3480400092958007,30.119999326765537,1.0,2.236497977662286,1
14:44:43.661704,150,0.6449732227980688,0.814098887977808,-0.2762973302335765,-0.4174800111504737,35.23999921232462,1.0,2.2715912407827794,1
14:44:43.661704,150,0.6147992918303556,0.7602679314736831,-0.2601012550489147,-0.3480400092958007,24.119999460875988,1.0,2.6409805326080935,1
14:44:43.661704,150,0.6530818274224608,0.8076085587856101,-0.2762973302335765,-0.4174800111504737,28.11999937146902,1.0,2.7137935179319457,1
14:44:43.661704,150,0.6691023094415154,0.7943862769668556,-0.2762973302335765,-0.4174800111504737,22.63999949395657,1.0,3.72832165351461,1
14:44:43.661704,150,0.5244742739415874,0.8365494496847975,-0.2207938267839647,-0.4174800111504737,44.75999899953604,1.0,0.4991801785894332,1
14:44:43.661704,150,0.6050543731430611,0.8475231230174911,-0.2658974120193142,-0.3480400092958007,73.75999835133553,1.0,0.7625145963057085,1
14:44:43.661704,150,0.6088803744231015,0.9293493799858354,-0.4567013456736505,-0.3480400092958007,47.35999894142151,1.0,0.15754194317118547,1
14:44:43.661704,150,0.5042144379749786,0.9685054716167124,-0.5007660647087243,-0.3480400092958007,36.51999918371439,1.0,1.8557917863625286,1
14:44:43.661704,150,0.51608269556193,0.8417522777729949,-0.2207938267839647,-0.4174800111504737,35.759999200701714,1.0,0.5789491028125903,1
14:44:43.661704,150,0.4791459752194009,1.044753648080237,-0.5271331436621702,-0.2783200074336491,23.9999994635582,1.0,5.167562463956365,1
14:44:43.661704,150,0.4895693802439104,1.039910031047642,-0.5271331436621702,-0.4174800111504737,29.23999934643507,1.0,4.488263267230048,1
14:44:43.661704,150,0.5482183118904712,0.894166800629134,-0.2345422933887483,-0.4174800111504737,37.87999915331602,1.0,0.6857989000180447,1
14:44:43.661704,150,0.5205417114049851,1.0247572285343898,-0.5271331436621702,-0.4174800111504737,43.75999902188778,1.0,2.757716215947856,1
14:44:43.661704,150,0.5307630858017568,1.019500660861047,-0.5271331436621702,-0.4174800111504737,52.3599988296628,1.0,2.284085014188943,1
14:44:43.661704,150,0.513874120547224,0.9634149865171036,-0.5007660647087243,-0.3480400092958007,43.87999901920557,1.0,1.4729588167625591,1
14:44:43.661704,150,0.5409313843346221,1.0141421439757563,-0.5271331436621702,-0.3480400092958007,59.99999865889549,1.0,1.86240931112544,1
14:44:43.661704,150,0.5679886481220202,1.0648693014344093,-0.553500222615616,-0.4174800111504737,17.11999961733818,1.0,2.629965397964801,1
14:44:43.661704,150,0.5234824161379389,0.9582281607259928,-0.5007660647087243,-0.3480400092958007,52.3599988296628,1.0,1.1379359995798086,1
14:44:43.661704,150,0.4999438287405571,1.03496242388318,-0.5271331436621702,-0.4174800111504737,35.759999200701714,1.0,3.8600282235714,1
14:44:43.661704,150,0.5425410083234766,0.9475675713643218,-0.5007660647087243,-0.3480400092958007,60.87999863922596,1.0,0.6119224889290804,1
14:44:43.661704,150,0.5611046919325194,1.0031214160993809,-0.5271331436621702,-0.3480400092958007,63.75999857485294,1.0,1.1756510437358958,1
14:44:43.661704,150,0.6298917132470836,0.9614195131827564,-0.5271331436621702,-0.3480400092958007,22.879999488592148,1.0,0.4309040568553486,1
14:44:43.661704,150,0.5995565919580865,0.9353916150347282,-0.4567013456736505,-0.3480400092958007,55.87999875098467,1.0,0.118349995363833,1
14:44:43.661704,150,0.539249382425141,0.899604184290782,-0.2345422933887483,-0.4174800111504737,30.23999932408333,1.0,0.8233905644268842,1
14:44:43.661704,150,0.6202461842441231,0.9676702546200951,-0.5271331436621702,-0.3480400092958007,28.639999359846115,1.0,0.3784630460332098,1
14:44:43.661704,150,0.5892216123552811,0.919267610409165,-0.5007660647087243,-0.3480400092958007,63.879998572170734,1.0,0.1426413985638466,1
14:44:43.661704,150,0.5076395093450908,0.8468709313386358,-0.2207938267839647,-0.4174800111504737,28.519999362528324,1.0,0.6985050095788368,1
14:44:43.661704,150,0.5799996288333614,0.9251137652024732,-0.5007660647087243,-0.3480400092958007,69.6399984434247,1.0,0.13946065583642137,1
14:44:43.661704,150,0.5909413417365448,0.985839429812242,-0.5271331436621702,-0.3480400092958007,44.99999899417162,1.0,0.5393231043207072,1
14:44:43.661704,150,0.5613825913491692,0.9365279676251134,-0.5007660647087243,-0.3480400092958007,71.11999841034412,1.0,0.2788164137062497,1
14:44:43.661704,150,0.5519893990750481,0.9420948738437658,-0.5007660647087243,-0.3480400092958007,67.75999848544598,1.0,0.42119811331394974,1
14:44:43.661704,150,0.5711076836836929,0.99746030717185,-0.5271331436621702,-0.3480400092958007,61.519998624920845,1.0,0.9108939345746325,1
14:44:43.661704,150,0.6105386311423812,0.9738242298426866,-0.5271331436621702,-0.3480400092958007,36.11999919265509,1.0,0.3790970214144292,1
14:44:43.717338,151,0.5681042749550451,0.7013314709135442,1.5428021648952752,-0.3480400092958007,73.51999835669994,1.0,2.1915428918548825,1
14:44:43.717338,151,0.6487632766278661,0.7929261340917996,1.372803016308987,-0.3480400092958007,90.75999797135592,1.0,1.5132267434633146,1
14:44:43.717338,151,0.6580130673794047,0.7866148365393342,1.3744941233913628,-0.4174800111504737,77.23999827355146,1.0,1.8683452721018432,1
14:44:43.717338,151,0.6228060107437133,0.773694353446332,1.4445237687809267,-0.3480400092958007,132.75999703258276,1.0,0.540488345950821,1
14:44:43.717338,151,0.5949959893888657,0.750790460993924,1.5127822575899672,-0.3480400092958007,114.9999974295497,1.0,0.4257481805253498,1
14:44:43.717338,151,0.5601183459075922,0.7067804130361502,1.541342125253919,-0.3480400092958007,73.87999834865332,1.0,2.19205551356867,1
14:44:43.717338,151,0.6138640275651333,0.7796670607284762,1.4429233866880486,-0.3480400092958007,146.99999671429396,1.0,0.357713820363531,1
14:44:43.717338,151,0.5372263150026643,0.7272565396677031,1.545991220657995,-0.3480400092958007,53.23999880999327,1.0,2.336463652294811,1
14:44:43.717338,151,0.5453991369931064,0.7220278167904088,1.5473922527304125,-0.3480400092958007,65.63999853283167,1.0,2.1512659365400535,1
14:44:43.717338,151,0.7346442387281931,0.8439001247065747,1.1735548379792295,-0.3480400092958007,8.999999798834324,0.8999999798834324,10.093714538684655,1
14:44:43.717338,151,0.6394486100921988,0.7991477714553759,1.3711359336018174,-0.3480400092958007,105.5199976414442,1.0,1.2324315708151827,1
14:44:43.717338,151,0.6048606584980927,0.7855530978943259,1.4413462277828395,-0.3480400092958007,151.35999661684036,1.0,0.2468454126864713,1
14:44:43.717338,151,0.5691928187578046,0.767659526362707,1.508262205147334,-0.3480400092958007,90.9999979659915,1.0,0.38931667377004464,1
14:44:43.717338,151,0.6034791890367529,0.7450022222528605,1.5143332114862338,-0.3480400092958007,104.23999767005444,1.0,0.5742859340309683,1
14:44:43.717338,151,0.5778519470544564,0.7621196795050269,1.5097466026390416,-0.3480400092958007,109.11999756097794,1.0,0.3324418316818613,1
14:44:43.717338,151,0.6405022489001418,0.7614913262032704,1.44779356007592,-0.3480400092958007,113.51999746263029,1.0,1.1181165654917948,1
14:44:43.717338,151,0.6603762174350782,0.807951709112508,1.2858027659802984,-0.4174800111504737,15.119999662041664,1.0,2.2117107169027275,1
14:44:43.717338,151,0.5760333940509609,0.6958056643719767,1.5442828002956188,-0.3480400092958007,64.63999855518341,1.0,2.2549465441573404,1
14:44:43.717338,151,0.6206283818982573,0.8113195860099245,1.3678745057215047,-0.3480400092958007,119.999997317791,1.0,0.8977938621335331,1
14:44:43.717338,151,0.630037572789725,0.6306421202936398,1.52148006026376,-0.3480400092958007,19.63999956101179,1.0,5.677265846799301,1
14:44:43.717338,151,0.6535632300126551,0.6826891661429573,1.4882595589227952,-0.3480400092958007,29.23999934643507,1.0,3.233627770768203,1
14:44:43.717338,151,0.6171248801866368,0.6473679272373359,1.5270202871375296,-0.3480400092958007,24.63999944925308,1.0,4.483471526125815,1
14:44:43.717338,151,0.6836067719447532,0.7295098863392451,1.45636296106027,-0.4174800111504737,51.35999885201454,1.0,3.7569597804440784,1
14:44:43.717338,151,0.6456119315884213,0.6889637524983337,1.4865782885760326,-0.3480400092958007,37.51999916136265,1.0,2.685270061234674,1
14:44:43.717338,151,0.60716599968918,0.6729449596665117,1.5504083076598545,-0.3480400092958007,31.5199992954731,1.0,3.133430413616266,1
14:44:43.717338,151,0.6761013413807516,0.8038149873476965,1.4171019455546563,-0.4174800111504737,65.35999853909016,1.0,3.992126946648752,1
14:44:43.717338,151,0.6751191723829432,0.7360720832800087,1.4546046256894185,-0.4174800111504737,62.639998599886894,1.0,3.0962645093116614,1
14:44:43.717338,151,0.5994719914567196,0.6787726220933337,1.5488467902188263,-0.3480400092958007,40.759999088943005,1.0,2.821506844461554,1
14:44:43.717338,151,0.6579422947083787,0.7489488972131155,1.4511542937949566,-0.4174800111504737,76.7599982842803,1.0,1.972458708531203,1
14:44:43.717338,151,0.6232649192089674,0.7123866020318981,1.4909480950273162,-0.3480400092958007,64.63999855518341,1.0,1.3745464168670685,1
14:44:43.717338,151,0.5839049102900727,0.6902035459874724,1.5457838833926505,-0.3480400092958007,52.23999883234501,1.0,2.3815514336543213,1
14:44:43.717338,151,0.685340289578767,0.7972396745386582,1.4188637953118202,-0.4174800111504737,55.35999876260757,1.0,4.566668554701659,1
14:44:43.717338,151,0.6492547342690005,0.7552622265348538,1.4494626423016452,-0.3480400092958007,93.99999789893629,1.0,1.5111521972756434,1
14:44:43.717338,151,0.611902041271332,0.7391323328725297,1.5159060436053533,-0.3480400092958007,84.35999811440706,1.0,0.7896510289909393,1
14:44:43.717338,151,0.6375960725119229,0.6951612227637869,1.4849176814232887,-0.3480400092958007,48.99999890476465,1.0,2.1993305577080826,1
14:44:43.717338,151,0.5957968038719549,0.791351876345096,1.4397924497798686,-0.3480400092958007,144.11999677866697,1.0,0.20879301460199912,1
14:44:43.717338,151,0.5517046773468924,0.7784869254374989,1.505361012309114,-0.3480400092958007,53.51999880373478,1.0,0.7142262974340592,1
14:44:43.717338,151,0.5289997708308106,0.7324060590301826,1.5446114111034106,-0.3480400092958007,41.63999906927347,1.0,2.588372176873566,1
14:44:43.717338,151,0.6205000921239204,0.8566225816069519,1.1974430747145282,-0.4174800111504737,9.519999787211418,0.9519999787211418,2.9490896328275653,1
14:44:43.717338,151,0.5909413417365448,0.815815668945201,1.235674462795346,-0.3480400092958007,44.75999899953604,1.0,1.0483856359948436,1
14:44:43.717338,151,0.5616713236018858,0.8077521042193938,1.3107514512527114,-0.2783200074336491,119.999997317791,1.0,1.120439339671735,1
14:44:43.717338,151,0.5810535651449726,0.8214760167325055,1.2341577771768586,-0.3480400092958007,49.87999888509512,1.0,1.3658325004446685,1
14:44:43.717338,151,0.5520572075550276,0.81313104468234,1.30931016849953,-0.2783200074336491,105.87999763339758,1.0,1.5694073620629299,1
14:44:43.717338,151,0.5425410083234766,0.7856721946471491,1.271048591178072,-0.2783200074336491,91.63999795168638,1.0,2.2190049853208507,1
14:44:43.717338,151,0.6811720154852956,0.779573245231296,0.9786707171344976,-0.2783200074336491,5.639999873936176,0.5639999873936177,2.837280613054877,1
14:44:43.717338,151,0.5510455901822466,0.8378801038715675,1.2297623152753772,-0.2783200074336491,50.75999886542559,1.0,2.838721468340521,1
14:44:43.717338,151,0.5409313843346221,0.8431539915098172,1.2283491813417358,-0.2783200074336491,47.23999894410372,1.0,3.506550167094882,1
14:44:43.717338,151,0.5307630858017568,0.8483299213599254,1.226962295118319,-0.2783200074336491,42.51999904960394,1.0,4.264475000109826,1
14:44:43.717338,151,0.5205417114049851,0.8534073758332432,1.2256017952925875,-0.2783200074336491,37.35999916493893,1.0,5.113485927632741,1
14:44:43.717338,151,0.5234824161379389,0.7959695332350497,1.268289427619254,-0.2783200074336491,78.51999824494123,1.0,3.5281522023013387,1
14:44:43.717338,151,0.5496021771856232,0.8190169009437764,1.4323796287800652,-0.2783200074336491,75.23999831825495,1.0,1.142559468147614,1
14:44:43.717338,151,0.5711076836836929,0.8270405745109843,1.2326667584138788,-0.3480400092958007,51.87999884039164,1.0,1.7693654169485344,1
14:44:43.717338,151,0.6113075640815888,0.8386669128792497,1.2775726519356423,-0.4174800111504737,37.99999915063381,1.0,1.6684555378728203,1
14:44:43.717338,151,0.573548738521066,0.808899638481559,1.321969824430289,-0.2783200074336491,131.7599970549345,1.0,0.7507713126042788,1
14:44:43.717338,151,0.6111247022470349,0.8172685460296389,1.3662804866884173,-0.3480400092958007,131.8799970522523,1.0,0.845942761251726,1
14:44:43.717338,151,0.5774912694117322,0.8026853463932347,1.4367556556330277,-0.3480400092958007,128.51999712735417,1.0,0.35477304200562676,1
14:44:43.717338,151,0.5604767716561474,0.7731154568696907,1.5068002929740274,-0.3480400092958007,70.51999842375517,1.0,0.5163049142013884,1
14:44:43.717338,151,0.51608269556193,0.7559246170258284,1.568868019678095,-0.3480400092958007,32.119999282062054,1.0,2.6114436074453953,1
14:44:43.717338,151,0.6311253365502605,0.8266655328373265,1.280788412025935,-0.4174800111504737,24.51999945193529,1.0,1.6408855941100395,1
14:44:43.717338,151,0.6015599106375885,0.8231254116396645,1.3647111442780333,-0.3480400092958007,138.63999690115452,1.0,0.8723969043594065,1
14:44:43.717338,151,0.5682514201157567,0.8082189046530939,1.4352729431660278,-0.3480400092958007,109.51999755203724,1.0,0.5406211168962757,1
14:44:43.717338,151,0.640940048664318,0.8205218777359022,1.282434599448937,-0.4174800111504737,19.239999569952488,1.0,1.750603025821841,1
14:44:43.717338,151,0.5076395093450908,0.7608688567007075,1.5675432146500254,-0.3480400092958007,24.99999944120645,1.0,3.033846542165005,1
14:44:43.717338,151,0.6212475124313055,0.8327140795016418,1.2791677088318496,-0.4174800111504737,30.879999309778214,1.0,1.6131479806451068,1
14:44:43.717338,151,0.5925692399199355,0.7976354285384126,1.3249880603879298,-0.3480400092958007,138.63999690115452,1.0,0.3004700129005854,1
14:44:43.717338,151,0.5589547461538512,0.813662937636187,1.4338142189246397,-0.2783200074336491,91.11999796330927,1.0,0.8029155865467152,1
14:44:43.717338,151,0.5250609106908581,0.7940892306343518,1.5011803872315534,-0.2783200074336491,31.63999929279089,1.0,1.741761229852326,1
14:44:43.717338,151,0.4991455596026181,0.7657312956105085,1.5662403280708983,-0.3480400092958007,19.879999555647373,1.0,3.5256453153347938,1
14:44:43.717338,151,0.5339958614308701,0.7889743366859987,1.5025509189343855,-0.2783200074336491,40.759999088943005,1.0,1.3261393815543494,1
14:44:43.766750,152,0.6579422947083787,0.7489488972131155,1.4511542937949566,-0.3480400092958007,78.11999825388193,1.0,2.0783175657138293,1
14:44:43.766750,152,0.5994719914567196,0.6787726220933337,1.5488467902188263,-0.3480400092958007,83.23999813944101,1.0,0.7361436480878789,1
14:44:43.766750,152,0.6368001213917562,0.721038671208115,1.5207542256364552,-0.3480400092958007,100.7599977478385,1.0,0.5341957994141331,1
14:44:43.766750,152,0.60716599968918,0.6729449596665117,1.5504083076598545,-0.3480400092958007,71.3599984049797,1.0,0.7070091594500417,1
14:44:43.766750,152,0.6449732227980688,0.7148481298755458,1.5224129761872287,-0.3480400092958007,95.3599978685379,1.0,0.7141905505533421,1
14:44:43.766750,152,0.6147992918303556,0.6670432714480709,1.551989660251966,-0.3480400092958007,57.51999871432781,1.0,0.7452659461495547,1
14:44:43.766750,152,0.6530818274224608,0.7085789532876839,1.5240927969911544,-0.3480400092958007,83.3599981367588,1.0,0.9627014923122807,1
14:44:43.766750,152,0.6770125848013978,0.68930592005678,1.5292569906810731,-0.3480400092958007,55.99999874830246,1.0,2.1082274015055846,1
14:44:43.766750,152,0.6691023094415154,0.6958072097964766,1.5275149753455608,-0.3480400092958007,69.2399984523654,1.0,1.6608183365285614,1
14:44:43.766750,152,0.6373359846945481,0.6245211251684286,1.5231201759644353,-0.3480400092958007,35.23999921232462,1.0,2.200920093907526,1
14:44:43.766750,152,0.6445706635348624,0.6183299400214357,1.5247790990247636,-0.3480400092958007,27.759999379515648,1.0,2.517489087112263,1
14:44:43.766750,152,0.6847070132286565,0.6568323232399684,1.4951878790974695,-0.3480400092958007,44.87999899685383,1.0,2.355320346404396,1
14:44:43.766750,152,0.6998711818464413,0.6434578793497546,1.4987715505370676,-0.3480400092958007,36.11999919265509,1.0,3.5894462937806884,1
14:44:43.766750,152,0.7073486637278446,0.636661472904319,1.5005926421555558,-0.3480400092958007,29.35999934375286,1.0,4.2988559849863055,1
14:44:43.766750,152,0.6319549732018779,0.6353023404232703,1.5302532513805662,-0.3480400092958007,44.99999899417162,1.0,1.7199482028107709,1
14:44:43.766750,152,0.620263703814436,0.7331813798369516,1.5175005966654322,-0.3480400092958007,97.11999782919884,1.0,0.38427581081680456,1
14:44:43.766750,152,0.6034791890367529,0.7450022222528605,1.5143332114862338,-0.3480400092958007,72.99999836832285,1.0,0.5220866801554479,1
14:44:43.766750,152,0.611902041271332,0.7391323328725297,1.5159060436053533,-0.3480400092958007,86.5199980661273,1.0,0.41663714608182345,1
14:44:43.766750,152,0.5839049102900727,0.6902035459874724,1.5457838833926505,-0.3480400092958007,87.35999804735184,1.0,1.0005167849195968,1
14:44:43.766750,152,0.59202215798021,0.7817137446597822,1.0134329370619182,-0.2783200074336491,7.35999983549118,0.735999983549118,5.088230057399141,1
14:44:43.766750,152,0.6410776334514011,0.8444362705962289,1.2007083869085655,-0.3480400092958007,9.519999787211418,0.9519999787211418,8.036257164332888,1
14:44:43.766750,152,0.6298917132470836,0.792227840796955,1.2419948022988727,-0.3480400092958007,21.119999527931213,1.0,3.1140858727185377,1
14:44:43.766750,152,0.5289997708308106,0.7324060590301826,1.5446114111034106,-0.3480400092958007,26.6399994045496,1.0,3.9351060817903103,1
14:44:43.766750,152,0.5372263150026643,0.7272565396677031,1.545991220657995,-0.3480400092958007,33.639999248087406,1.0,3.2679772748972087,1
14:44:43.766750,152,0.5439792579040207,0.7174455322067559,1.5384844151849737,-0.3480400092958007,42.87999904155731,1.0,2.910437078556467,1
14:44:43.766750,152,0.5778519470544564,0.7621196795050269,1.5097466026390416,-0.3480400092958007,48.63999891281128,1.0,1.2886738459940088,1
14:44:43.766750,152,0.5601183459075922,0.7067804130361502,1.541342125253919,-0.3480400092958007,54.87999877333641,1.0,1.9272957929995684,1
14:44:43.766750,152,0.5949959893888657,0.750790460993924,1.5127822575899672,-0.3480400092958007,59.8799986615777,1.0,0.7017912288292054,1
14:44:43.766750,152,0.5681042749550451,0.7013314709135442,1.5428021648952752,-0.3480400092958007,68.63999846577644,1.0,1.5463308999963137,1
14:44:43.766750,152,0.6390671235253687,0.767887497158307,1.3329589945777256,-0.3480400092958007,61.75999861955643,1.0,1.8330460299045086,1
14:44:43.766750,152,0.5760333940509609,0.6958056643719767,1.5442828002956188,-0.3480400092958007,81.2399981841445,1.0,1.2377420699175485,1
14:44:43.826316,153,0.5778519470544564,0.7621196795050269,1.5097466026390416,-0.3480400092958007,36.999999172985554,1.0,1.648810229363964,1
14:44:43.826316,153,0.5439792579040207,0.7174455322067559,1.5384844151849737,-0.3480400092958007,32.239999279379845,1.0,0.9035138433821324,1
14:44:43.826316,153,0.535827712843181,0.7226606427517736,1.537087030525997,-0.3480400092958007,26.519999407231808,1.0,0.9222067892905443,1
14:44:43.826316,153,0.5892216123552811,0.758336531477591,1.2783731600489243,-0.3480400092958007,38.1199991479516,1.0,0.6133064492065531,1
14:44:43.826316,153,0.5613825913491692,0.7750087562834503,1.2739058508761645,-0.3480400092958007,50.99999886006117,1.0,0.5894707769764597,1
14:44:43.826316,153,0.5411520604862866,0.7600377003505475,1.3484316885391991,-0.3480400092958007,50.1199988797307,1.0,0.5614474335659634,1
14:44:43.826316,153,0.5519893990750481,0.7803859747725759,1.2724650295244773,-0.3480400092958007,55.87999875098467,1.0,0.7116868436053583,1
14:44:43.826316,153,0.5229252330051236,0.7392959328126465,1.3107722818720955,-0.2088800055789761,48.35999891906977,1.0,0.412235905022277,1
14:44:43.826316,153,0.5984401743591239,0.8309381633928827,1.1548187435237882,-0.3480400092958007,10.639999762177467,1.0,2.1317663333344763,1
14:44:43.826316,153,0.5711076836836929,0.8270405745109843,1.2326667584138788,-0.3480400092958007,23.639999471604824,1.0,1.961764994364825,1
14:44:43.826316,153,0.5601183459075922,0.7067804130361502,1.541342125253919,-0.3480400092958007,38.87999913096428,1.0,1.0233385147133252,1
14:44:43.826316,153,0.5799996288333614,0.7639834833769309,1.2768600638477987,-0.3480400092958007,44.75999899953604,1.0,0.5405436591678239,1
14:44:43.826316,153,0.532588984230156,0.6574874229419291,1.571384090341654,-0.3480400092958007,9.239999793469906,0.9239999793469906,1.2911526270144977,1
14:44:43.826316,153,0.5692087479171606,0.6308755070360132,1.5785147317176893,-0.3480400092958007,14.359999679028988,1.0,2.354922522057417,1
14:44:43.826316,153,0.5400224109289216,0.6523070646472151,1.5727721631632263,-0.3480400092958007,11.119999751448631,1.0,1.410617114188678,1
14:44:43.826316,153,0.5760333940509609,0.6958056643719767,1.5442828002956188,-0.3480400092958007,50.6399988681078,1.0,1.3510790821984875,1
14:44:43.826316,153,0.5474018358390254,0.6470551651782728,1.5741794053846592,-0.3480400092958007,12.879999712109566,1.0,1.5769830122577693,1
14:44:43.826316,153,0.5839049102900727,0.6902035459874724,1.5457838833926505,-0.3480400092958007,52.3599988296628,1.0,1.5922380580911877,1
14:44:43.826316,153,0.5619957340219407,0.6363388505614302,1.5770508332320798,-0.3480400092958007,13.999999687075617,1.0,2.049402219518046,1
14:44:43.826316,153,0.5994719914567196,0.6787726220933337,1.5488467902188263,-0.3480400092958007,50.1199988797307,1.0,2.2276754663710934,1
14:44:43.826316,153,0.60716599968918,0.6729449596665117,1.5504083076598545,-0.3480400092958007,44.63999900221825,1.0,2.6213376445736607,1
14:44:43.826316,153,0.5763648414144723,0.6253427654741737,1.5799972253511143,-0.3480400092958007,13.999999687075617,1.0,2.7062784697878306,1
14:44:43.826316,153,0.6373272692931512,0.6488999903395647,1.5568511377730412,-0.3480400092958007,25.359999433159828,1.0,4.694585223705696,1
14:44:43.826316,153,0.6147992918303556,0.6670432714480709,1.551989660251966,-0.3480400092958007,37.75999915599823,1.0,3.065199918356739,1
14:44:43.826316,153,0.5924480277558498,0.5955861328307109,1.5596196777212423,-0.3480400092958007,12.999999709427357,1.0,4.163534568739248,1
14:44:43.826316,153,0.629880680695467,0.6550201856353431,1.5552112363860164,-0.3480400092958007,31.119999304413795,1.0,4.102174332894139,1
14:44:43.826316,153,0.5425410083234766,0.7856721946471491,1.271048591178072,-0.3480400092958007,57.999998703598976,1.0,0.8993968939932783,1
14:44:43.826316,153,0.5681042749550451,0.7013314709135442,1.5428021648952752,-0.3480400092958007,45.51999898254872,1.0,1.161352427553662,1
14:44:43.826316,153,0.5139743329632602,0.7443038147833139,1.3094304239422652,-0.2783200074336491,44.87999899685383,1.0,0.6415116404149662,1
14:44:43.826316,153,0.5100281163433296,0.7635801303803208,0.8723209816499362,-0.2783200074336491,9.999999776482582,0.9999999776482582,2.4304485630751644,1
14:44:43.826316,153,0.5330383639256141,0.7908668872896112,1.2696566774795963,-0.3480400092958007,56.87999872863293,1.0,1.1528261265199804,1
14:44:43.826316,153,0.4878453565986395,0.7303695797552182,0.9213673615094112,-0.3480400092958007,13.999999687075617,1.0,2.817308790401382,1
14:44:43.826316,153,0.4976673353003143,0.7256098793911664,0.922642719378173,-0.3480400092958007,15.519999653100967,1.0,2.364956520586439,1
14:44:43.826316,153,0.5202967091017126,0.7586040022319221,0.8736543311687333,-0.2783200074336491,10.759999759495258,1.0,2.0032143745355784,1
14:44:43.826316,153,0.5611046919325194,0.8325087858295219,1.231201555607034,-0.3480400092958007,24.51999945193529,1.0,2.173282952680164,1
14:44:43.826316,153,0.5406767852656701,0.7483554438479366,0.8764004241113055,-0.2783200074336491,11.119999751448631,1.0,1.3768943826431768,1
14:44:43.826316,153,0.5268307697279404,0.7107649286555309,0.9266204119394664,-0.3480400092958007,17.11999961733818,1.0,1.4330588706007035,1
14:44:43.826316,153,0.5464840840743416,0.7325155017992093,0.868797344028668,-0.2783200074336491,11.119999751448631,1.0,1.3182517631030568,1
14:44:43.826316,153,0.5417464167481909,0.6903737942035852,0.9207521007566064,-0.3480400092958007,16.519999630749226,1.0,1.430808755406284,1
14:44:43.826316,153,0.5663801053602133,0.7217657010931444,0.8716777444466537,-0.3480400092958007,10.519999764859676,1.0,1.143763385140586,1
14:44:43.826316,153,0.4850395996511271,0.7815249631164811,1.2273700637602414,-0.2783200074336491,34.99999921768904,1.0,2.302934692133959,1
14:44:43.826316,153,0.5171610165408609,0.7158070637046449,0.9252693759249276,-0.3480400092958007,16.639999628067017,1.0,1.6730032106218777,1
14:44:43.826316,153,0.5762436557043541,0.7162472062262404,0.8731564206896758,-0.3480400092958007,9.359999790787697,0.9359999790787696,1.1680869277877,1
14:44:43.826316,153,0.5511809696302263,0.6850953163903732,0.9221664646239224,-0.3480400092958007,14.999999664723871,1.0,1.400115475688657,1
14:44:43.826316,153,0.4959192420936312,0.7540589625985321,1.306816539963131,-0.2783200074336491,40.51999909430742,1.0,1.2818563822847833,1
14:44:43.826316,153,0.5975082954407993,0.6573508209787498,0.9296005797638758,-0.3480400092958007,8.239999815821648,0.8239999815821648,2.2776152766028845,1
14:44:43.826316,153,0.5409313843346221,0.8431539915098172,1.2283491813417358,-0.3480400092958007,24.23999945819378,1.0,2.81053768114349,1
14:44:43.826316,153,0.6054846469626932,0.6991239940407821,0.8777445715665961,-0.3480400092958007,8.119999818503857,0.8119999818503857,1.6840584723187344,1
14:44:43.826316,153,0.5791501763280772,0.6687168476608065,0.926555062093268,-0.3480400092958007,10.519999764859676,1.0,1.721522196975822,1
14:44:43.826316,153,0.513874120547224,0.8009796222231457,1.2669469783208858,-0.3480400092958007,52.87999881803989,1.0,1.8576659485224236,1
14:44:43.826316,153,0.50403865117404,0.7719708825916363,1.2299300719212956,-0.2783200074336491,47.11999894678593,1.0,1.358981124522027,1
14:44:43.826316,153,0.595796904159826,0.7049257866338221,0.8761899859266382,-0.3480400092958007,8.879999801516533,0.8879999801516533,1.4385280471737178,1
14:44:43.826316,153,0.569883784553081,0.6742663016727846,0.925068090372325,-0.3480400092958007,12.879999712109566,1.0,1.5457357001624366,1
14:44:43.826316,153,0.5205417114049851,0.8534073758332432,1.2256017952925875,-0.3480400092958007,20.87999953329563,1.0,3.734814758893751,1
14:44:43.826316,153,0.4945638533980804,0.776793802421716,1.2286377744476655,-0.2783200074336491,40.8799990862608,1.0,1.7984250881108603,1
14:44:43.826316,153,0.5307630858017568,0.8483299213599254,1.226962295118319,-0.3480400092958007,22.879999488592148,1.0,3.236702222857688,1
14:44:43.882792,154,0.6371091944332058,0.6682463567253468,1.4498851453383526,-0.3480400092958007,87.11999805271626,1.0,0.2315432139662923,1
14:44:43.882792,154,0.6449557739121474,0.662054406944555,1.45154427328169,-0.3480400092958007,94.75999788194896,1.0,0.37851907499787035,1
14:44:43.882792,154,0.60716599968918,0.6729449596665117,1.5504083076598545,-0.2783200074336491,56.63999873399735,1.0,0.7814448371330197,1
14:44:43.882792,154,0.5715064229317475,0.6124518023660438,1.5551005351894398,-0.2783200074336491,10.639999762177467,1.0,3.4345003510571805,1
14:44:43.882792,154,0.674258845871529,0.6349388268404477,1.3387346841417953,-0.3480400092958007,44.359999008476734,1.0,0.7462911718865993,1
14:44:43.882792,154,0.5994719914567196,0.6787726220933337,1.5488467902188263,-0.2783200074336491,51.51999884843826,1.0,0.8013022518495061,1
14:44:43.882792,154,0.681729057848143,0.6570511985223562,1.2607227084620989,-0.3480400092958007,24.879999443888664,1.0,1.067090760869746,1
14:44:43.882792,154,0.6981116501948055,0.6437225167672949,1.264294117974539,-0.3480400092958007,20.63999953866005,1.0,1.6864328018122268,1
14:44:43.882792,154,0.6584360074975208,0.6478120994389622,1.3352853011450778,-0.3480400092958007,55.87999875098467,1.0,0.28199402599921847,1
14:44:43.882792,154,0.6212256953406635,0.680401343304105,1.4466282265005632,-0.3480400092958007,71.99999839067459,1.0,0.12752239293788098,1
14:44:43.882792,154,0.5839049102900727,0.6902035459874724,1.5457838833926505,-0.2783200074336491,43.5199990272522,1.0,1.0274465043906293,1
14:44:43.882792,154,0.5474018358390254,0.6470551651782728,1.5741794053846592,-0.2783200074336491,7.35999983549118,0.735999983549118,3.684401776364779,1
14:44:43.882792,154,0.6820695209807155,0.6283882094059419,1.3404899167932969,-0.3480400092958007,35.11999921500683,1.0,1.0732135851500195,1
14:44:43.882792,154,0.5619957340219407,0.6363388505614302,1.5770508332320798,-0.2783200074336491,9.239999793469906,0.9239999793469906,3.141123560542824,1
14:44:43.882792,154,0.5767896940376863,0.6024942303666851,1.548373288335214,-0.2783200074336491,11.359999746084211,1.0,3.5743322962139867,1
14:44:43.882792,154,0.6504254265032804,0.6541334672864965,1.3335914957352708,-0.3480400092958007,68.75999846309423,1.0,0.14659911293257805,1
14:44:43.882792,154,0.6604546695569662,0.64944469028718,1.4549230366768189,-0.3480400092958007,89.75999799370766,1.0,0.8576201326745019,1
14:44:43.882792,154,0.6974854778167234,0.6150622874822043,1.344060586811162,-0.3480400092958007,27.99999937415123,1.0,1.9116874611669126,1
14:44:43.882792,154,0.5906504944809036,0.591217248429471,1.551394946538351,-0.2783200074336491,11.359999746084211,1.0,3.5107975694732274,1
14:44:43.882792,154,0.629880680695467,0.6550201856353431,1.5552112363860164,-0.2783200074336491,51.35999885201454,1.0,1.0840433324489276,1
14:44:43.882792,154,0.6681054358462638,0.643028184371698,1.4566423342551018,-0.3480400092958007,75.75999830663204,1.0,1.1878423840325978,1
14:44:43.882792,154,0.5974926429283705,0.585478910029409,1.552932529678544,-0.2783200074336491,10.99999975413084,1.0,3.562895456462152,1
14:44:43.882792,154,0.6373359846945481,0.6245211251684286,1.5231201759644353,-0.2783200074336491,43.35999903082848,1.0,1.3047553648607157,1
14:44:43.882792,154,0.6756893921517161,0.6365380997846508,1.4583813471790106,-0.3480400092958007,59.75999866425991,1.0,1.577250287749846,1
14:44:43.882792,154,0.6109970152978793,0.5738054074541542,1.556060435266426,-0.2783200074336491,10.239999771118164,1.0,3.831146679249377,1
14:44:43.882792,154,0.6445706635348624,0.6183299400214357,1.5247790990247636,-0.2783200074336491,35.23999921232462,1.0,1.5790202060117666,1
14:44:43.882792,154,0.6906538480107587,0.6233397979008524,1.4619178215102366,-0.3480400092958007,46.11999896913767,1.0,2.5298637139355398,1
14:44:43.882792,154,0.7125807183575629,0.6030069657501239,1.467365987464862,-0.3480400092958007,27.99999937415123,1.0,4.379320541252715,1
14:44:43.882792,154,0.6980328511313001,0.6166329004232319,1.463714929273083,-0.3480400092958007,35.759999200701714,1.0,3.0912024690263444,1
14:44:43.882792,154,0.6658850993502179,0.5993414703056011,1.5298670441506244,-0.2783200074336491,22.63999949395657,1.0,2.734999712364206,1
14:44:43.882792,154,0.6147992918303556,0.6670432714480709,1.551989660251966,-0.2783200074336491,56.519998736679554,1.0,0.8225417334042777,1
14:44:43.882792,154,0.613190364063665,0.6863631646135969,1.4450307612952662,-0.3480400092958007,56.11999874562025,1.0,0.17239775648106098,1
14:44:43.882792,154,0.6588459346202716,0.6057394830724486,1.5281527017965837,-0.2783200074336491,28.23999936878681,1.0,2.2949842234386413,1
14:44:43.882792,154,0.5400224109289216,0.6523070646472151,1.5727721631632263,-0.2783200074336491,5.639999873936176,0.5639999873936177,4.046766877325362,1
14:44:43.882792,154,0.5760333940509609,0.6958056643719767,1.5442828002956188,-0.2783200074336491,35.35999920964241,1.0,1.2355197579272077,1
14:44:43.882792,154,0.5581970404664391,0.7184074695704463,1.3163693287289706,-0.3480400092958007,26.99999939650297,1.0,3.2221388267399984,1
14:44:43.882792,154,0.5892216123552811,0.758336531477591,1.2783731600489243,-0.3480400092958007,27.87999937683344,1.0,3.154414143649931,1
14:44:43.882792,154,0.5668776351721481,0.7129737309821549,1.3178252945955848,-0.3480400092958007,33.87999924272299,1.0,2.578340651550567,1
14:44:43.882792,154,0.5983846742096158,0.752600785889555,1.279910048447229,-0.3480400092958007,32.35999927669764,1.0,2.6573397287176395,1
14:44:43.882792,154,0.5840679003342893,0.7018560804658631,1.3208042600731569,-0.3480400092958007,42.9999990388751,1.0,1.5172851595180035,1
14:44:43.882792,154,0.6165303737052416,0.7408652167483463,1.2830545847213353,-0.3480400092958007,36.63999918103218,1.0,1.900658143447824,1
14:44:43.882792,154,0.6781489468799867,0.7815882256512608,1.168042019488182,-0.3480400092958007,8.359999813139439,0.8359999813139438,6.85193286442498,1
14:44:43.882792,154,0.5925758517786075,0.6961732802936,1.322326961790062,-0.3480400092958007,54.51999878138304,1.0,1.0980263092010085,1
14:44:43.882792,154,0.6255111967917859,0.7348665667422557,1.2846619181461445,-0.3480400092958007,39.759999111294746,1.0,1.638778206820491,1
14:44:43.882792,154,0.6584465418049641,0.7735598531909114,1.2469968745022264,-0.3480400092958007,16.119999639689922,1.0,4.584442218573989,1
14:44:43.882792,154,0.6010245461342083,0.6904085851301811,1.3238716072037118,-0.3480400092958007,67.35999849438667,1.0,0.7516098415181858,1
14:44:43.882792,154,0.6678343924312007,0.7671543549183779,1.2487132225914706,-0.3480400092958007,14.359999679028988,1.0,4.578291815237933,1
14:44:43.882792,154,0.6344294692827045,0.7287814700242795,1.2862924148975914,-0.3480400092958007,40.3599990978837,1.0,1.4530216846444757,1
14:44:43.882792,154,0.7088937970369548,0.698536846008361,1.2199511161572647,-0.3480400092958007,7.639999829232693,0.7639999829232693,3.6752983687075966,1
14:44:43.882792,154,0.6780515830122751,0.6970808825455681,1.2947865617121042,-0.3480400092958007,29.639999337494373,1.0,1.6262625530909856,1
14:44:43.882792,154,0.6050937142639914,0.6922470737898054,1.443454172583163,-0.3480400092958007,42.87999904155731,1.0,0.28314701423453603,1
14:44:43.882792,154,0.5681042749550451,0.7013314709135442,1.5428021648952752,-0.2783200074336491,28.23999936878681,1.0,1.5081192516475244,1
14:44:43.882792,154,0.7000922360694065,0.7053417825554466,1.218127738904928,-0.3480400092958007,9.759999781847,0.9759999781847,3.353266564594483,1
14:44:43.882792,154,0.6608000967934237,0.7100136275018099,1.2913212431451615,-0.3480400092958007,34.51999922841787,1.0,1.3411093812550645,1
14:44:43.882792,154,0.6342099460771627,0.6665425054838869,1.3302665039714332,-0.3480400092958007,79.51999822258949,1.0,0.07429124573357473,1
14:44:43.882792,154,0.5887197037802415,0.7037788100484074,1.440364253165342,-0.3480400092958007,32.99999926239252,1.0,0.7061246774488171,1
14:44:43.882792,154,0.5601183459075922,0.7067804130361502,1.541342125253919,-0.2783200074336491,22.63999949395657,1.0,1.846139328959659,1
14:44:43.882792,154,0.6822799753726305,0.7186949175702007,1.214549777161301,-0.3480400092958007,12.11999972909689,1.0,2.9261088135863997,1
14:44:43.882792,154,0.6520748015427448,0.7163543790547138,1.2896222438871543,-0.3480400092958007,38.519999139010906,1.0,1.3053251629979772,1
14:44:43.882792,154,0.6177407901399737,0.6786358238204073,1.32702610908935,-0.3480400092958007,78.75999823957682,1.0,0.27328867499597925,1
14:44:43.882792,154,0.6260066681797428,0.6726289349403201,1.3286356501137928,-0.3480400092958007,83.63999813050032,1.0,0.13937611684383652,1
14:44:43.882792,154,0.5804439804834955,0.7094254839668359,1.4388512314489772,-0.3480400092958007,25.87999942153692,1.0,1.0202831653837416,1
14:44:43.936113,155,0.6071495736269972,0.6232459141438972,1.483693806459874,-0.3480400092958007,74.87999832630157,1.0,0.6004393807149278,1
14:44:43.936113,155,0.5697724281103677,0.6080317462150915,1.5468895154355589,-0.2783200074336491,8.759999804198742,0.8759999804198741,2.1817843636104337,1
14:44:43.936113,155,0.5997629471670584,0.6290749024581248,1.4821319337483865,-0.3480400092958007,70.23999843001366,1.0,0.6110015273621368,1
14:44:43.936113,155,0.5626981854175938,0.6135012047373358,1.545423978441488,-0.2783200074336491,6.8799998462200165,0.6879999846220016,2.403273356055812,1
14:44:43.936113,155,0.5848105115244627,0.6405173845898379,1.4790659299017863,-0.3480400092958007,62.99999859184027,1.0,0.8396732662597721,1
14:44:43.936113,155,0.726283379554772,0.6846736372064915,1.2236657517602296,-0.2783200074336491,5.239999882876873,0.5239999882876873,5.897874562456196,1
14:44:43.936113,155,0.6899548514750257,0.6504264188962421,1.2624978128129505,-0.2783200074336491,23.9999994635582,1.0,2.206981932441444,1
14:44:43.936113,155,0.5772461975728431,0.6461297341686967,1.47756210536449,-0.3480400092958007,54.87999877333641,1.0,1.0596954015269244,1
14:44:43.936113,155,0.6429823027632665,0.634186741399962,1.417360653926309,-0.3480400092958007,122.35999726504087,1.0,0.5283237099093554,1
14:44:43.936113,155,0.7088937970369548,0.698536846008361,1.2199511161572647,-0.2783200074336491,6.239999860525131,0.6239999860525132,4.520060673576789,1
14:44:43.936113,155,0.5483816050359377,0.6242337688986292,1.5425481965417542,-0.2783200074336491,5.119999885559082,0.5119999885559082,3.044271440696381,1
14:44:43.936113,155,0.5767896940376863,0.6024942303666851,1.548373288335214,-0.2783200074336491,10.239999771118164,1.0,2.025169829649418,1
14:44:43.936113,155,0.6160355052784724,0.5441975399408564,1.5267118961763382,-0.2783200074336491,9.119999796152117,0.9119999796152116,3.2315193132301365,1
14:44:43.936113,155,0.5906504944809036,0.591217248429471,1.551394946538351,-0.2783200074336491,10.87999975681305,1.0,1.9031395486993103,1
14:44:43.936113,155,0.6289422421190578,0.6053349760763577,1.488493027850755,-0.2783200074336491,72.11999838799238,1.0,0.9722708546229002,1
14:44:43.936113,155,0.6360816399250978,0.599225329106416,1.4901301028223903,-0.2783200074336491,65.51999853551388,1.0,1.2274810673920247,1
14:44:43.936113,155,0.609523307595445,0.5501165836789565,1.52512589318675,-0.2783200074336491,10.119999773800371,1.0,2.9985756681527738,1
14:44:43.936113,155,0.6501689050708398,0.5868006890218074,1.4934592750993088,-0.2783200074336491,57.2399987205863,1.0,1.9289361540323045,1
14:44:43.936113,155,0.6906538480107587,0.6233397979008524,1.4619178215102366,-0.2783200074336491,99.35999777913094,1.0,3.5157286009334148,1
14:44:43.936113,155,0.6571153636958296,0.5804869383607396,1.4951510394901533,-0.2783200074336491,48.99999890476465,1.0,2.3732175143013654,1
14:44:43.936113,155,0.6980328511313001,0.6166329004232319,1.463714929273083,-0.2783200074336491,90.23999798297882,1.0,4.194848946663439,1
14:44:43.936113,155,0.6288744464872281,0.5321722326252547,1.5299340675602895,-0.2783200074336491,8.119999818503857,0.8119999818503857,3.870310433776881,1
14:44:43.936113,155,0.6708104599192969,0.5676597325868229,1.498588078918422,-0.2783200074336491,41.35999907553196,1.0,3.4439672249213436,1
14:44:43.936113,155,0.6734350918866286,0.6635961931732253,1.2589689824309325,-0.2783200074336491,29.999999329447743,1.0,1.3177197295178484,1
14:44:43.936113,155,0.6144754856382437,0.61734586913472,1.4852747187553903,-0.3480400092958007,75.63999830931425,1.0,0.6577762927479296,1
14:44:43.936113,155,0.5696241594850834,0.6516687386897752,1.4760779335761949,-0.3480400092958007,46.999998949468136,1.0,1.3514407161168962,1
14:44:43.936113,155,0.5963167140785325,0.5617644918778706,1.522004845591339,-0.2783200074336491,10.759999759495258,1.0,2.7098380901677626,1
14:44:43.936113,155,0.6650737829801301,0.6700607483548677,1.2572368100905849,-0.2783200074336491,36.87999917566776,1.0,0.9926047741877132,1
14:44:43.936113,155,0.5688985276925337,0.7356828439902061,1.2396534225594582,-0.3480400092958007,32.75999926775694,1.0,3.055523435526638,1
14:44:43.936113,155,0.5475132374178185,0.6916993483863725,1.2810943112502802,-0.3480400092958007,78.11999825388193,1.0,3.4224501764182964,1
14:44:43.936113,155,0.5779440039087473,0.7301439738568805,1.2411375583386637,-0.3480400092958007,37.63999915868044,1.0,2.4186116777656697,1
14:44:43.936113,155,0.5560276869141169,0.6863696106950521,1.2825224101605397,-0.3480400092958007,87.99999803304672,1.0,2.7139008843957906,1
14:44:43.936113,155,0.5869316862087722,0.7245180095320134,1.242645030936158,-0.3480400092958007,42.75999904423952,1.0,1.8751293462457381,1
14:44:43.936113,155,0.6178356855034277,0.7626664083689747,1.202767651711777,-0.3480400092958007,16.8799996227026,1.0,2.916506526851733,1
14:44:43.936113,155,0.572888933120528,0.6754647502508471,1.285444358710138,-0.3480400092958007,98.23999780416489,1.0,1.55539333808954,1
14:44:43.936113,155,0.6047300798866733,0.7130070573276186,1.245729381283439,-0.3480400092958007,47.51999893784523,1.0,1.0637873677936658,1
14:44:43.936113,155,0.6365712266528186,0.7505493644043902,1.2060144038567395,-0.3480400092958007,17.23999961465597,1.0,2.4956697667299927,1
14:44:43.936113,155,0.5389440370564855,0.6969465776989423,1.2796883203934764,-0.3480400092958007,68.75999846309423,1.0,4.218562903231015,1
14:44:43.936113,155,0.6135390114400934,0.7071232205336675,1.2473059506007746,-0.3480400092958007,50.87999886274338,1.0,0.7935666762153168,1
14:44:43.936113,155,0.5812340437201468,0.6698907179748708,1.286937916157071,-0.3480400092958007,108.23999758064748,1.0,1.103359163143532,1
14:44:43.936113,155,0.6260066681797428,0.6726289349403201,1.3286356501137928,-0.3480400092958007,130.11999709159136,1.0,0.10268238482251782,1
14:44:43.936113,155,0.6822799753726305,0.7186949175702007,1.214549777161301,-0.3480400092958007,10.87999975681305,1.0,3.089692472592782,1
14:44:43.936113,155,0.6481524874783491,0.6827459626185872,1.2538378171728055,-0.3480400092958007,43.75999902188778,1.0,0.5876640961317129,1
14:44:43.936113,155,0.6732710568545492,0.7252417807355548,1.212795550463187,-0.3480400092958007,13.35999970138073,1.0,2.7882055654167126,1
14:44:43.936113,155,0.63959419299844,0.6889653531898656,1.2521713364918177,-0.3480400092958007,49.11999890208244,1.0,0.5103226403261745,1
14:44:43.936113,155,0.7000922360694065,0.7053417825554466,1.218127738904928,-0.2783200074336491,8.359999813139439,0.8359999813139438,3.9570173398718422,1
14:44:43.936113,155,0.6550521478104337,0.7380728250435269,1.2093574825028182,-0.3480400092958007,15.519999653100967,1.0,2.456513182397999,1
14:44:43.936113,155,0.6222865896063927,0.7011545916042206,1.2489052399023408,-0.3480400092958007,51.63999884575605,1.0,0.6120545345267496,1
14:44:43.936113,155,0.5895210314023517,0.664236358164914,1.288452997301864,-0.3480400092958007,117.119997382164,1.0,0.7347376659325084,1
14:44:43.936113,155,0.64584397916004,0.744355723092464,1.2076739850444782,-0.3480400092958007,16.8799996227026,1.0,2.4290545228528546,1
14:44:43.936113,155,0.6010245461342083,0.6904085851301811,1.3238716072037118,-0.3480400092958007,124.1199972257018,1.0,0.4862632353954498,1
14:44:43.987522,156,0.5963167140785325,0.5617644918778706,1.522004845591339,-0.2783200074336491,16.519999630749226,1.0,1.9528033811868237,1
14:44:43.987522,156,0.6408502255075921,0.5881420239144586,1.4832426992164762,-0.2783200074336491,102.51999770849945,1.0,0.20917193223970332,1
14:44:43.987522,156,0.6775803134998835,0.5967937928962279,1.417067963013383,-0.2783200074336491,113.87999745458364,1.0,0.7624431975144442,1
14:44:43.987522,156,0.609523307595445,0.5501165836789565,1.52512589318675,-0.2783200074336491,16.759999625384808,1.0,1.6278290476653376,1
14:44:43.987522,156,0.6478365481494209,0.5819180930040357,1.484910396477671,-0.2783200074336491,99.11999778449535,1.0,0.27905930746778246,1
14:44:43.987522,156,0.6160355052784724,0.5441975399408564,1.5267118961763382,-0.2783200074336491,15.519999653100967,1.0,1.5357458658631824,1
14:44:43.987522,156,0.6547580876791925,0.5756269917190603,1.486596091986483,-0.2783200074336491,87.75999803841114,1.0,0.3957643673878065,1
14:44:43.987522,156,0.7019307756249908,0.5821955599132117,1.431291649019224,-0.2783200074336491,108.87999756634235,1.0,2.050149045217963,1
14:44:43.987522,156,0.6266184793738699,0.5276592461995131,1.5219023774690772,-0.2783200074336491,13.639999695122242,1.0,1.7185098943350412,1
14:44:43.987522,156,0.6329212476364048,0.5215760858846149,1.5235323553628837,-0.2783200074336491,11.639999739825726,1.0,1.7425743489759067,1
14:44:43.987522,156,0.7089910637600079,0.575381274062028,1.4331175314100433,-0.2783200074336491,102.11999771744011,1.0,2.4793934999739786,1
14:44:43.987522,156,0.6751271189205403,0.5563569898721762,1.4917594734195014,-0.2783200074336491,58.75999868661165,1.0,1.0147669046959908,1
14:44:43.987522,156,0.7228982455597871,0.5615498246772167,1.4368236571028556,-0.2783200074336491,93.75999790430068,1.0,3.4632360736483334,1
14:44:43.987522,156,0.6453362854355301,0.5092286549384079,1.526840839513519,-0.2783200074336491,9.879999779164793,0.9879999779164793,1.9179385364147414,1
14:44:43.987522,156,0.7365162777127829,0.5474524932852447,1.4406010256647683,-0.2783200074336491,84.35999811440706,1.0,4.605754765966046,1
14:44:43.987522,156,0.6559102818033411,0.4768365918017733,1.508003147971544,-0.2783200074336491,8.359999813139439,0.8359999813139438,3.131799556371123,1
14:44:43.987522,156,0.6996491593194838,0.5086340767057925,1.475194712662319,-0.2783200074336491,37.51999916136265,1.0,2.4012372223688816,1
14:44:43.987522,156,0.7432151558968275,0.5403058798512977,1.4425159549630118,-0.2783200074336491,74.75999832898378,1.0,5.233415103913805,1
14:44:43.987522,156,0.6266860318018029,0.6003858918393586,1.479961964693766,-0.2783200074336491,96.23999784886836,1.0,0.21475140017118205,1
14:44:43.987522,156,0.66840405535742,0.5628458010989534,1.490020801691449,-0.2783200074336491,72.99999836832285,1.0,0.7648059425708151,1
14:44:43.987522,156,0.6869674227151503,0.5220282105579844,1.47160576531331,-0.2783200074336491,46.879998952150345,1.0,1.6569467510486404,1
14:44:43.987522,156,0.6195095771453464,0.6064046044773014,1.478349255502954,-0.2783200074336491,83.75999812781811,1.0,0.2926998442272645,1
14:44:43.987522,156,0.5760612781100807,0.5787522183091494,1.517452998012837,-0.2783200074336491,11.519999742507936,1.0,2.8083688119040318,1
14:44:43.987522,156,0.5896236388929343,0.5674921915576232,1.5204701130876612,-0.2783200074336491,14.51999967545271,1.0,2.1878288130657775,1
14:44:43.987522,156,0.5749793975772614,0.7229115193762006,1.232016063258691,-0.3480400092958007,27.87999937683344,1.0,4.215753150899334,1
14:44:43.987522,156,0.5839209768990187,0.7173144138496694,1.2335158031644768,-0.3480400092958007,31.359999299049377,1.0,3.559036672270424,1
14:44:43.987522,156,0.6103918178960348,0.7000088527025521,1.2381528142984142,-0.3480400092958007,37.35999916493893,1.0,2.057487833164612,1
14:44:43.987522,156,0.64584397916004,0.744355723092464,1.2076739850444782,-0.3480400092958007,12.11999972909689,1.0,4.089267971496422,1
14:44:43.987522,156,0.6277353226019784,0.6880490644952539,1.241357429890207,-0.3480400092958007,38.75999913364649,1.0,1.4295933180927276,1
14:44:43.987522,156,0.6550521478104337,0.7380728250435269,1.2093574825028182,-0.3480400092958007,12.11999972909689,1.0,4.056770630333463,1
14:44:43.987522,156,0.6016280724057632,0.7058625079223462,1.2365843321095,-0.3480400092958007,34.759999223053455,1.0,2.4816438804272116,1
14:44:43.987522,156,0.6732710568545492,0.7252417807355548,1.212795550463187,-0.3480400092958007,11.359999746084211,1.0,4.21246650538312,1
14:44:43.987522,156,0.6448277415597979,0.6757566397272421,1.2446511751798162,-0.3480400092958007,35.35999920964241,1.0,1.0841108919304685,1
14:44:43.987522,156,0.6822799753726305,0.7186949175702007,1.214549777161301,-0.3480400092958007,10.239999771118164,1.0,4.396746893048197,1
14:44:43.987522,156,0.6504254265032804,0.6541334672864965,1.3335914957352708,-0.3480400092958007,81.75999817252159,1.0,0.6077001607354181,1
14:44:43.987522,156,0.5848105115244627,0.6405173845898379,1.4790659299017863,-0.3480400092958007,45.87999897450209,1.0,1.3374310048362623,1
14:44:43.987522,156,0.5622685005069976,0.5897480059120646,1.5145066856044918,-0.2783200074336491,5.999999865889549,0.5999999865889549,3.636887126710711,1
14:44:43.987522,156,0.5997629471670584,0.6290749024581248,1.4821319337483865,-0.2783200074336491,56.63999873399735,1.0,0.7427108937806948,1
14:44:43.987522,156,0.5691933487375407,0.5842834193876812,1.5159709171506703,-0.2783200074336491,8.359999813139439,0.8359999813139438,3.1960768698675097,1
14:44:43.987522,156,0.6363133474817103,0.6819441274765501,1.2429932428342116,-0.3480400092958007,38.1199991479516,1.0,1.222407799700042,1
14:44:43.987522,156,0.6049715403508116,0.6182325778332523,1.4751799595941304,-0.2783200074336491,69.51999844610691,1.0,0.6052046820748987,1
14:44:44.044672,157,0.5974926429283705,0.585478910029409,1.552932529678544,-0.2783200074336491,25.63999942690134,1.0,0.6977892230975693,1
14:44:44.044672,157,0.5576493011621929,0.5464366948903893,1.5827448833926527,-0.2783200074336491,6.8799998462200165,0.6879999846220016,2.8910053530362427,1
14:44:44.044672,157,0.5906504944809036,0.591217248429471,1.551394946538351,-0.2783200074336491,19.519999563694,1.0,0.7723259055388978,1
14:44:44.044672,157,0.5512634161720821,0.5517923765653023,1.5813098328129416,-0.2783200074336491,5.519999876618385,0.5519999876618386,3.087627412626269,1
14:44:44.044672,157,0.5626981854175938,0.6135012047373358,1.545423978441488,-0.2783200074336491,6.359999857842922,0.6359999857842922,1.4646380506953984,1
14:44:44.044672,157,0.5697724281103677,0.6080317462150915,1.5468895154355589,-0.2783200074336491,9.519999787211418,0.9519999787211418,1.2311749230741544,1
14:44:44.044672,157,0.7105864771519609,0.5822884335422421,1.2260434519758336,-0.2783200074336491,9.63999978452921,0.963999978452921,2.640905516160248,1
14:44:44.044672,157,0.6951901393164445,0.5958676452805229,1.22240491315671,-0.2783200074336491,13.119999706745148,1.0,1.8774103723754707,1
14:44:44.044672,157,0.5684606621184856,0.5314599846314859,1.5780161172464766,-0.2783200074336491,7.999999821186066,0.7999999821186066,2.9083464974137474,1
14:44:44.044672,157,0.5767896940376863,0.6024942303666851,1.548373288335214,-0.2783200074336491,13.759999692440031,1.0,1.0383950228270904,1
14:44:44.044672,157,0.6109970152978793,0.5738054074541542,1.556060435266426,-0.2783200074336491,30.23999932408333,1.0,0.662692365399506,1
14:44:44.044672,157,0.6537926699654548,0.5073897028675738,1.5365745263952606,-0.2783200074336491,18.23999959230423,1.0,1.9659790454146702,1
14:44:44.044672,157,0.6176578887939982,0.5678714106194391,1.557650444926177,-0.2783200074336491,31.63999929279089,1.0,0.7009655399346219,1
14:44:44.044672,157,0.6588459346202716,0.6057394830724486,1.5281527017965837,-0.2088800055789761,73.99999834597111,1.0,2.487898497561636,1
14:44:44.044672,157,0.5869384330551594,0.4966847326636865,1.5612800562021578,-0.2783200074336491,8.879999801516533,0.8879999801516533,3.863224441719148,1
14:44:44.044672,157,0.6288744464872281,0.5321722326252547,1.5299340675602895,-0.2783200074336491,29.639999337494373,1.0,1.0916851274566335,1
14:44:44.044672,157,0.6728576761281084,0.5928757854613628,1.5315995191831522,-0.2088800055789761,71.23999840766191,1.0,2.9433086180111636,1
14:44:44.044672,157,0.5928420842395588,0.4909867829530152,1.5628068172256453,-0.2783200074336491,8.639999806880951,0.8639999806880951,3.9153787792322507,1
14:44:44.044672,157,0.6351999061295921,0.5260671715684099,1.531569913740214,-0.2783200074336491,25.87999942153692,1.0,1.2570524098124918,1
14:44:44.044672,157,0.6476596408502221,0.513675287100537,1.5348903091760804,-0.2783200074336491,21.7599995136261,1.0,1.6946653149590016,1
14:44:44.044672,157,0.686600283548841,0.5797439924954785,1.5351181725035334,-0.2783200074336491,59.239998675882816,1.0,3.5344625676225476,1
14:44:44.044672,157,0.7000682600229786,0.5663493567166593,1.538707254343377,-0.2783200074336491,51.99999883770943,1.0,4.256628691986573,1
14:44:44.044672,157,0.6585859550818846,0.5644931365904142,1.263348005138261,-0.4174800111504737,26.75999940186739,1.0,0.5159979361586654,1
14:44:44.044672,157,0.5749556468611151,0.5079081415209734,1.5582727528625235,-0.2783200074336491,8.759999804198742,0.8759999804198741,3.8705424745900885,1
14:44:44.044672,157,0.687387306088935,0.6025450370831038,1.2206157114156624,-0.2783200074336491,17.519999608397484,1.0,1.561129350623966,1
14:44:44.044672,157,0.6797629677021068,0.5863430751028007,1.5333499536481152,-0.2088800055789761,65.99999852478504,1.0,3.222220096879429,1
14:44:44.044672,157,0.6715762123203134,0.6156720539539902,1.217098337846079,-0.2783200074336491,22.51999949663877,1.0,1.063588544544934,1
14:44:44.044672,157,0.5189690012746129,0.7002603123512079,1.2683232997529568,-0.4174800111504737,29.759999334812164,1.0,4.93221733437246,1
14:44:44.044672,157,0.532928879903094,0.6567632576074701,1.238624300726219,-0.4174800111504737,37.11999917030335,1.0,3.6999922111757315,1
14:44:44.044672,157,0.6511939682241065,0.570818940437521,1.2616530111059512,-0.4174800111504737,33.639999248087406,1.0,0.34852670704028094,1
14:44:44.044672,157,0.549450051219042,0.6463079316939652,1.241425796861347,-0.4174800111504737,46.63999895751476,1.0,2.5676302597741305,1
14:44:44.044672,157,0.5576286317326314,0.6409611077985514,1.2428584740061943,-0.4174800111504737,58.35999869555235,1.0,2.085773525057633,1
14:44:44.044672,157,0.5839209768990187,0.7173144138496694,1.2335158031644768,-0.4174800111504737,23.11999948322773,1.0,3.3779258435533683,1
14:44:44.044672,157,0.5657514498502295,0.6355355535390974,1.2443122468885064,-0.4174800111504737,71.23999840766191,1.0,1.6589270399340035,1
14:44:44.044672,157,0.5818265554548449,0.6244504319503065,1.2472824962662237,-0.4174800111504737,81.87999816983938,1.0,0.9667144071985085,1
14:44:44.044672,157,0.6103918178960348,0.7000088527025521,1.2381528142984142,-3.33984008920379,29.879999332129955,1.0,2.6389757044584696,1
14:44:44.044672,157,0.5897772354447693,0.6187919731238413,1.2487986757391798,-0.4174800111504737,85.51999808847904,1.0,0.699602718130987,1
14:44:44.044672,157,0.6016280724057632,0.7058625079223462,1.2365843321095,-0.4174800111504737,26.519999407231808,1.0,2.830700892190493,1
14:44:44.044672,157,0.720447740814703,0.4947875342660314,0.9178625168243324,-0.3480400092958007,7.519999831914902,0.7519999831914902,7.0871447949425725,1
14:44:44.044672,157,0.6362153836591189,0.5832547741100027,1.2583208395162018,-0.4174800111504737,42.87999904155731,1.0,0.14989522447462916,1
14:44:44.044672,157,0.6616622380301118,0.6631364952043075,1.2480327327131004,-0.2783200074336491,27.639999382197857,1.0,2.568770470425212,1
14:44:44.044672,157,0.6277353226019784,0.6880490644952539,1.241357429890207,-3.33984008920379,32.35999927669764,1.0,2.413964873267017,1
14:44:44.044672,157,0.6448277415597979,0.6757566397272421,1.2446511751798162,-0.2783200074336491,31.5199992954731,1.0,2.3932659965252294,1
14:44:44.044672,157,0.6132722613599031,0.6013598173932027,1.253469607789538,-0.4174800111504737,67.99999848008156,1.0,0.20403712444172087,1
14:44:44.044672,157,0.6286302837978168,0.5893635603624289,1.25668399517313,-0.4174800111504737,54.63999877870083,1.0,0.12022765982057611,1
14:44:44.044672,157,0.6363133474817103,0.6819441274765501,1.2429932428342116,-3.33984008920379,33.11999925971031,1.0,2.3785892839738323,1
14:44:44.044672,157,0.6055008745726683,0.6072460885558976,1.2518923861850633,-0.4174800111504737,79.87999821454287,1.0,0.3190984462297044,1
14:44:44.044672,157,0.5791866106296625,0.5679362598799161,1.2949617407485112,-0.2088800055789761,38.35999914258719,1.0,2.1748300260121005,1
14:44:44.093960,158,0.6822799753726305,0.7186949175702007,1.214549777161301,-0.2088800055789761,4.999999888241291,0.4999999888241291,4.483268653805879,1
14:44:44.093960,158,0.6537926699654548,0.5073897028675738,1.5365745263952606,-0.2783200074336491,16.239999637007713,1.0,1.5165198199662127,1
14:44:44.093960,158,0.6908483306591588,0.5479293323394501,1.5038748237310484,-0.2783200074336491,30.759999312460423,1.0,2.2835294786866616,1
14:44:44.093960,158,0.6476596408502221,0.513675287100537,1.5348903091760804,-0.2783200074336491,15.639999650418758,1.0,1.279477199875247,1
14:44:44.093960,158,0.6899548514750257,0.6504264188962421,1.2624978128129505,-0.2783200074336491,23.639999471604824,1.0,2.191670505785955,1
14:44:44.093960,158,0.6286302837978168,0.5893635603624289,1.25668399517313,-0.2783200074336491,61.75999861955643,1.0,0.24454119011086606,1
14:44:44.093960,158,0.6055008745726683,0.6072460885558976,1.2518923861850633,-0.2783200074336491,57.759998708963394,1.0,0.7472266498272849,1
14:44:44.093960,158,0.5897772354447693,0.6187919731238413,1.2487986757391798,-0.2783200074336491,52.999998815357685,1.0,1.44239679405365,1
14:44:44.093960,158,0.5143804709282563,0.5359355474840886,0.8994973648196116,-0.2783200074336491,6.11999986320734,0.611999986320734,8.553642700329396,1
14:44:44.093960,158,0.7301645633801634,0.6679825151529718,0.091575369225811,-0.0697200018621515,5.239999882876873,0.5239999882876873,6.326250343625885,1
14:44:44.093960,158,0.7041517729789201,0.7157635457856643,0.0278888742365253,-0.0697200018621515,10.99999975413084,1.0,3.9215924033556298,1
14:44:44.093960,158,0.6742653331557513,0.7632422332152798,-0.035716608135659,-0.0697200018621515,12.759999714791777,1.0,3.00710417927679,1
14:44:44.093960,158,0.5725710450232495,0.5361640205106422,1.265303999100117,-0.4174800111504737,39.11999912559986,1.0,2.194028274610711,1
14:44:44.150798,159,0.6288744464872281,0.5321722326252547,1.5299340675602895,-0.2783200074336491,28.759999357163903,1.0,0.6084306337833032,1
14:44:44.150798,159,0.6708104599192969,0.5676597325868229,1.498588078918422,-0.2783200074336491,42.63999904692173,1.0,4.20454848105143,1
14:44:44.150798,159,0.632475392713765,0.4495450575859623,1.5739110940706995,-0.2783200074336491,17.759999603033066,1.0,2.634714067506127,1
14:44:44.150798,159,0.5928420842395588,0.4909867829530152,1.5628068172256453,-0.2783200074336491,23.75999946892261,1.0,0.6989290499990428,1
14:44:44.150798,159,0.6351999061295921,0.5260671715684099,1.531569913740214,-0.2783200074336491,30.63999931514263,1.0,0.9192036170038219,1
14:44:44.150798,159,0.6476596408502221,0.513675287100537,1.5348903091760804,-0.2783200074336491,30.879999309778214,1.0,1.8983188820498933,1
14:44:44.150798,159,0.6044709510412853,0.479421241861624,1.5659057946211126,-0.2783200074336491,24.759999446570877,1.0,0.7304216850504135,1
14:44:44.150798,159,0.6101950037816752,0.4735548070253239,1.5674777010979488,-0.2783200074336491,23.519999474287037,1.0,0.9065471109050373,1
14:44:44.150798,159,0.6537926699654548,0.5073897028675738,1.5365745263952606,-0.2783200074336491,29.639999337494373,1.0,2.562154022704057,1
14:44:44.150798,159,0.6214594859963554,0.4616575419056947,1.5706655636788924,-0.2783200074336491,20.87999953329563,1.0,1.5698336945302556,1
14:44:44.150798,159,0.5869384330551594,0.4966847326636865,1.5612800562021578,-0.2783200074336491,20.51999954134226,1.0,0.8474057750662536,1
14:44:44.150798,159,0.5612822612323485,0.4451671966227111,1.5969212800661443,-0.2088800055789761,5.359999880194664,0.5359999880194664,3.5863646396164026,1
14:44:44.150798,159,0.6160355052784724,0.5441975399408564,1.5267118961763382,-0.2783200074336491,25.63999942690134,1.0,0.35558413594553795,1
14:44:44.150798,159,0.6327472680267254,0.6347755648191853,1.4068907778995232,-0.2783200074336491,26.519999407231808,1.0,3.3439536346406147,1
14:44:44.150798,159,0.6109970152978793,0.5738054074541542,1.556060435266426,-0.2783200074336491,21.99999950826168,1.0,0.9815033870351926,1
14:44:44.150798,159,0.5764698429677246,0.5300033381664296,1.5871481880557703,-0.2783200074336491,16.239999637007713,1.0,1.233203571171224,1
14:44:44.150798,159,0.7461492452506104,0.492272064256342,0.0449155977102733,-1.1830000315967482,5.999999865889549,0.5999999865889549,10.043979310634047,1
14:44:44.150798,159,0.7881552932638771,0.4917229092434385,-0.0085789203938198,-0.2088800055789761,8.639999806880951,0.8639999806880951,8.724129844091195,1
14:44:44.150798,159,0.6635602416069938,0.4217744234233549,0.9300867458187144,-0.1391600037168245,14.239999681711195,1.0,3.7577128626530687,1
14:44:44.150798,159,0.6806938638921082,0.4551567526356747,0.8755581927046576,-0.1391600037168245,13.999999687075617,1.0,2.2459549341622758,1
14:44:44.150798,159,0.6055008745726683,0.6072460885558976,1.2518923861850633,-0.2088800055789761,19.759999558329586,1.0,3.8453645343292773,1
14:44:44.150798,159,0.63959419299844,0.6889653531898656,1.2521713364918177,-0.2088800055789761,6.6399998515844345,0.6639999851584435,7.2766652943316315,1
14:44:44.150798,159,0.5512634161720821,0.5517923765653023,1.5813098328129416,-0.2783200074336491,6.7599998489022255,0.6759999848902225,3.968343309107971,1
14:44:44.150798,159,0.5576493011621929,0.5464366948903893,1.5827448833926527,-0.2783200074336491,9.119999796152117,0.9119999796152116,3.0997669532129026,1
14:44:44.150798,159,0.5702531447469136,0.5355416309423197,1.5856642069790234,-0.2783200074336491,12.359999723732471,1.0,1.7340458944171633,1
14:44:44.150798,159,0.7267802533285413,0.4619585428457269,0.8281518735506423,-0.1391600037168245,6.239999860525131,0.6239999860525132,3.5115587896049085,1
14:44:44.210159,160,0.6923670794871843,0.4575161840443926,1.5406971543281878,-0.1391600037168245,48.35999891906977,1.0,0.05633015612649069,1
14:44:44.210159,160,0.706097656609565,0.4175946604741504,1.5238769756288404,-0.2088800055789761,40.759999088943005,1.0,0.5311401252410463,1
14:44:44.210159,160,0.6590120722336504,0.3897476786344139,1.555626876832294,-0.2088800055789761,15.239999659359457,1.0,2.3898866224629853,1
14:44:44.210159,160,0.7411959498670764,0.4925698631794599,1.5187083487858837,-0.2088800055789761,106.87999761104584,1.0,1.0905705729518889,1
14:44:44.210159,160,0.6490513382123768,0.4023830218386329,1.5522412468246336,-0.2088800055789761,18.879999577999115,1.0,1.9170274954000621,1
14:44:44.210159,160,0.722854536659872,0.5137839164220247,1.5130240603513472,-0.2783200074336491,120.51999730616808,1.0,1.5819827328931075,1
14:44:44.210159,160,0.7290414483948873,0.5067717389986022,1.514902967629137,-0.2088800055789761,115.5199974179268,1.0,1.3926128986025907,1
14:44:44.210159,160,0.6810132982253853,0.4707824617215744,1.53714246593802,-0.1391600037168245,56.11999874562025,1.0,0.0770715818903508,1
14:44:44.210159,160,0.6356004451808354,0.4393886918703465,1.5680077680249154,-0.2088800055789761,23.519999474287037,1.0,0.862248597064956,1
14:44:44.210159,160,0.5901875921362854,0.4079949220191187,1.5988730701118108,-0.2088800055789761,8.759999804198742,0.8759999804198741,3.532559296988305,1
14:44:44.210159,160,0.7530539828550524,0.4781360363618536,1.5225758810253516,-0.2088800055789761,96.11999785155058,1.0,0.8953672734718195,1
14:44:44.210159,160,0.6776649646868185,0.4816644870039935,1.5434675772110231,-0.1391600037168245,62.639998599886894,1.0,0.1813356082025505,1
14:44:44.210159,160,0.6000271368882083,0.3964979475851246,1.6019536751268006,-0.2088800055789761,7.35999983549118,0.735999983549118,3.923384368071525,1
14:44:44.210159,160,0.711328215879313,0.4107489622941483,1.5257112749277992,-0.2088800055789761,34.23999923467636,1.0,0.7088655885579093,1
14:44:44.210159,160,0.8414812070957092,0.4523937350656259,1.5077226809962156,-3.2006800854869653,37.239999167621136,1.0,2.7390942680383428,1
14:44:44.210159,160,0.7702748113895924,0.4560630419914898,1.5284903220414274,-0.2088800055789761,72.63999837636948,1.0,0.815055408738561,1
14:44:44.210159,160,0.8182385505717464,0.4844613337092697,1.499130193836446,-0.2783200074336491,43.35999903082848,1.0,2.9761773643850824,1
14:44:44.210159,160,0.7813711863601531,0.4410747932900482,1.5325064111769355,-0.2088800055789761,61.87999861687422,1.0,0.9113900156266466,1
14:44:44.210159,160,0.8300258784685689,0.4685397915379088,1.50339635820352,-0.2783200074336491,40.51999909430742,1.0,2.792339438152834,1
14:44:44.210159,160,0.7921550232882845,0.4258751909305857,1.5365791323544276,-0.2088800055789761,52.3599988296628,1.0,1.1342605416340474,1
14:44:44.210159,160,0.8006206555895143,0.3778573491968059,1.510236231187137,-0.2088800055789761,44.359999008476734,1.0,2.1069338003427074,1
14:44:44.210159,160,0.8525999544746569,0.436029622499443,1.5121074317431762,-3.2006800854869653,33.87999924272299,1.0,2.823027581519651,1
14:44:44.210159,160,0.8150104611564579,0.3544468965885089,1.5165090430579773,-0.2088800055789761,37.63999915868044,1.0,3.298167107835354,1
14:44:44.210159,160,0.8633776732549072,0.4194539992659091,1.5165488566026442,-3.2006800854869653,30.63999931514263,1.0,3.050756579719,1
14:44:44.210159,160,0.8241969625520073,0.3386128412850295,1.5207517653894542,-0.2088800055789761,31.999999284744263,1.0,4.281289209195601,1
14:44:44.210159,160,0.8738100524928416,0.4026734953930159,1.5210451790639732,-3.2006800854869653,27.359999388456345,1.0,3.4289166507925963,1
14:44:44.210159,160,0.833053796166419,0.3226044949429208,1.52504118886398,-0.2088800055789761,27.239999391138557,1.0,5.422019321787033,1
14:44:44.210159,160,0.8849266789521708,0.3426925435531547,1.495466288837719,4.105360109650064,24.35999945551157,1.0,5.065314268179479,1
14:44:44.210159,160,0.8939810540978367,0.3255090419306592,1.5000705942206056,4.105360109650064,21.639999516308308,1.0,6.161454640301373,1
14:44:44.210159,160,0.7646108043039368,0.4634760318838039,1.5265040173862818,-0.2088800055789761,84.23999811708927,1.0,0.8125583108945895,1
14:44:44.210159,160,0.5872858207407115,0.4174256281679311,1.6043546109303757,-0.2088800055789761,9.999999776482582,0.9999999776482582,3.145621264141803,1
14:44:44.210159,160,0.6302065078927317,0.4455021208143759,1.5663696796763775,-0.2088800055789761,28.759999357163903,1.0,0.7991663046779665,1
14:44:44.210159,160,0.7102644845600821,0.5276272443073557,1.5093147518239136,-0.1391600037168245,121.75999727845192,1.0,2.034033278501305,1
14:44:44.210159,160,0.7544914798922147,0.5604817206022541,1.4787605925601692,-0.2783200074336491,51.35999885201454,1.0,5.627600860469874,1
14:44:44.210159,160,0.5993692422820804,0.4767068358169052,0.9153676502795692,-0.1391600037168245,7.519999831914902,0.7519999831914902,7.177028858344529,1
14:44:44.210159,160,0.6150473040022115,0.5086291583679914,1.188792679939301,-0.1391600037168245,17.11999961733818,1.0,3.2906345107043853,1
14:44:44.210159,160,0.6967293946140524,0.5402978676330832,1.1841274214133215,-0.1391600037168245,6.519999854266644,0.6519999854266645,5.562301136445358,1
14:44:44.210159,160,0.5512634161720821,0.5517923765653023,1.5813098328129416,-0.2088800055789761,5.119999885559082,0.5119999885559082,2.855886407008349,1
14:44:44.210159,160,0.5565517882319672,0.5243036546493252,1.5538795883602878,-0.2088800055789761,7.1199998408555984,0.7119999840855599,2.034031817620977,1
14:44:44.210159,160,0.5688777101200503,0.5134324783361057,1.5567925112741912,-0.2088800055789761,10.119999773800371,1.0,1.6055349072894807,1
14:44:44.210159,160,0.609523307595445,0.5501165836789565,1.52512589318675,-0.1391600037168245,22.359999500215054,1.0,2.33668230533196,1
14:44:44.210159,160,0.5338757884437578,0.4716187431010901,1.5898336095487084,-0.2088800055789761,5.359999880194664,0.5359999880194664,2.868126008672428,1
14:44:44.210159,160,0.5749556468611151,0.5079081415209734,1.5582727528625235,-0.2088800055789761,14.239999681711195,1.0,1.4195082987038035,1
14:44:44.210159,160,0.6160355052784724,0.5441975399408564,1.5267118961763382,-0.1391600037168245,29.11999934911728,1.0,2.0379068790800066,1
14:44:44.210159,160,0.5450024196230907,0.4611972327021185,1.5926260448440257,-0.2088800055789761,7.1199998408555984,0.7119999840855599,2.75425876403892,1
14:44:44.210159,160,0.5708171017629001,0.4539979618832435,0.9670362596712598,-0.1391600037168245,5.359999880194664,0.5359999880194664,6.468968598529389,1
14:44:44.210159,160,0.6288744464872281,0.5321722326252547,1.5299340675602895,-0.1391600037168245,37.63999915868044,1.0,1.4977324735177127,1
14:44:44.210159,160,0.5869384330551594,0.4966847326636865,1.5612800562021578,-0.2088800055789761,20.119999550282955,1.0,1.1061171916135322,1
14:44:44.210159,160,0.6658619852782187,0.4946423931065252,1.539990157751403,-0.1391600037168245,65.75999853014946,1.0,0.3749101888125959,1
14:44:44.210159,160,0.6214594859963554,0.4616575419056947,1.5706655636788924,-0.2088800055789761,33.7599992454052,1.0,0.6683506013717785,1
14:44:44.210159,160,0.6973903361492346,0.5412245987098238,1.5056713516925724,-0.1391600037168245,119.23999733477832,1.0,2.5793839384292845,1
14:44:44.210159,160,0.6537926699654548,0.5073897028675738,1.5365745263952606,-0.1391600037168245,63.63999857753515,1.0,0.6618426318022137,1
14:44:44.210159,160,0.6101950037816752,0.4735548070253239,1.5674777010979488,-0.2088800055789761,35.879999198019505,1.0,0.7267827614097987,1
14:44:44.210159,160,0.5770569867144921,0.4286726907048642,1.6013409696063818,-0.2088800055789761,11.119999751448631,1.0,2.9143545161788467,1
14:44:44.210159,160,0.6476596408502221,0.513675287100537,1.5348903091760804,-0.1391600037168245,56.759998731315136,1.0,0.8388971980300327,1
14:44:44.210159,160,0.5504842623495252,0.4559063943376206,1.5940437207110765,-0.2088800055789761,8.999999798834324,0.8999999798834324,2.7276990480019947,1
14:44:44.210159,160,0.5665973375978955,0.4397199111830739,1.598380875800637,-0.2088800055789761,11.359999746084211,1.0,2.774204327252038,1
14:44:44.210159,160,0.6351999061295921,0.5260671715684099,1.531569913740214,-0.1391600037168245,47.23999894410372,1.0,1.2573912555898863,1
14:44:44.210159,160,0.5928420842395588,0.4909867829530152,1.5628068172256453,-0.2088800055789761,27.119999393820763,1.0,0.9796583719290322,1
14:44:44.210159,160,0.5612822612323485,0.4451671966227111,1.5969212800661443,-0.2088800055789761,10.639999762177467,1.0,2.737275594573893,1
14:44:44.210159,160,0.6044709510412853,0.479421241861624,1.5659057946211126,-0.2088800055789761,33.359999254345894,1.0,0.7895215358961233,1
14:44:44.264078,161,0.6000271368882083,0.3964979475851246,1.6019536751268006,-0.2088800055789761,8.759999804198742,0.8759999804198741,3.2566943552427805,1
14:44:44.264078,161,0.6461971081876963,0.4270070658147585,1.5713254147274944,-0.2088800055789761,39.759999111294746,1.0,0.49480554170437685,1
14:44:44.264078,161,0.6923670794871843,0.4575161840443926,1.5406971543281878,-0.2088800055789761,97.9999978095293,1.0,0.37502231931943864,1
14:44:44.264078,161,0.7417991431080172,0.4598825443041365,1.4882576463991224,-0.2783200074336491,117.35999737679958,1.0,1.7780296180837658,1
14:44:44.264078,161,0.6119264878577358,0.3619006967946775,1.5873767780357475,-0.2088800055789761,7.35999983549118,0.735999983549118,4.828412178162047,1
14:44:44.264078,161,0.6565353009786831,0.4144232178440675,1.5746972466289169,-0.2088800055789761,31.63999929279089,1.0,0.66545773216197,1
14:44:44.264078,161,0.7034439231610062,0.4440332359504073,1.544309899381562,-0.2088800055789761,86.23999807238579,1.0,0.31939898359678937,1
14:44:44.264078,161,0.7531832409854796,0.4454416423138868,1.4921270744253867,-0.2783200074336491,110.75999752432108,1.0,1.6571447555419316,1
14:44:44.264078,161,0.6638938356427642,0.3833584806229781,1.5573388572797409,-0.2088800055789761,24.759999446570877,1.0,1.4823355732111145,1
14:44:44.264078,161,0.711328215879313,0.4107489622941483,1.5257112749277992,-0.2088800055789761,72.51999837905169,1.0,0.31921870614937614,1
14:44:44.264078,161,0.7411999887459014,0.3686452961899352,1.536992918258813,-0.2088800055789761,39.87999910861254,1.0,1.7694610307885656,1
14:44:44.264078,161,0.6734577144455074,0.370440226289805,1.5608002930959346,-0.2088800055789761,19.519999563694,1.0,2.027411009319282,1
14:44:44.264078,161,0.7215754218035173,0.3969077149233324,1.5294200259830486,-0.2088800055789761,59.51999866962433,1.0,0.6553375290893753,1
14:44:44.264078,161,0.7696931291615273,0.4233752035568598,1.498039758870163,-0.2783200074336491,89.87999799102545,1.0,1.7437493832417943,1
14:44:44.264078,161,0.7315340071927795,0.3828712880941511,1.5331810752165465,-0.2088800055789761,48.63999891281128,1.0,1.137252067465284,1
14:44:44.264078,161,0.7803157952317288,0.4084027682965286,1.502051610806896,-0.2783200074336491,78.35999824851751,1.0,1.9876213813095134,1
14:44:44.264078,161,0.7906263454018616,0.3932281269585312,1.5061176436988444,-0.2783200074336491,67.5199984908104,1.0,2.386505901514314,1
14:44:44.264078,161,0.8006206555895143,0.3778573491968059,1.510236231187137,-0.2783200074336491,57.759998708963394,1.0,2.9457012679668315,1
14:44:44.264078,161,0.8150104611564579,0.3544468965885089,1.5165090430579773,-0.2783200074336491,49.359998896718025,1.0,4.096780172834137,1
14:44:44.264078,161,0.820863860551138,0.3344237680084051,1.512166600597558,-0.2783200074336491,42.23999905586243,1.0,5.030815115987335,1
14:44:44.264078,161,0.8296848765986539,0.3184801603800358,1.5164386773860183,-0.2783200074336491,36.23999918997288,1.0,6.213668427897376,1
14:44:44.264078,161,0.7301183354770983,0.4741006489936258,1.4844479167296725,-0.2783200074336491,119.6399973258376,1.0,2.0359076160791414,1
14:44:44.264078,161,0.7642660756223243,0.4307837191908713,1.4960546530889165,-0.2783200074336491,101.11999773979188,1.0,1.6783028782734708,1
14:44:44.264078,161,0.6810132982253853,0.4707824617215744,1.53714246593802,-0.2088800055789761,102.9999976977706,1.0,0.5603293041264182,1
14:44:44.264078,161,0.6658619852782187,0.4946423931065252,1.539990157751403,-0.2088800055789761,86.75999806076288,1.0,1.2591467789637543,1
14:44:44.264078,161,0.5901875921362854,0.4079949220191187,1.5988730701118108,-0.2088800055789761,9.999999776482582,0.9999999776482582,3.0160762339772793,1
14:44:44.264078,161,0.6356004451808354,0.4393886918703465,1.5680077680249154,-0.2088800055789761,47.23999894410372,1.0,0.4517140881433729,1
14:44:44.264078,161,0.5749556468611151,0.5079081415209734,1.5582727528625235,-0.2088800055789761,9.759999781847,0.9759999781847,2.391610314095591,1
14:44:44.264078,161,0.7007930368946976,0.5414696839490786,1.3910768742842614,-0.2783200074336491,34.879999220371246,1.0,8.114399345548186,1
14:44:44.264078,161,0.5869384330551594,0.4966847326636865,1.5612800562021578,-0.2088800055789761,13.23999970406294,1.0,1.7858844220819439,1
14:44:44.264078,161,0.6288744464872281,0.5321722326252547,1.5299340675602895,-0.2088800055789761,35.51999920606613,1.0,3.1134127411677284,1
14:44:44.264078,161,0.5504842623495252,0.4559063943376206,1.5940437207110765,-0.2783200074336491,5.879999868571758,0.5879999868571758,3.1218202763688265,1
14:44:44.264078,161,0.5928420842395588,0.4909867829530152,1.5628068172256453,-0.2088800055789761,18.35999958962202,1.0,1.523368431276499,1
14:44:44.264078,161,0.6351999061295921,0.5260671715684099,1.531569913740214,-0.2088800055789761,44.99999899417162,1.0,2.7347573981252906,1
14:44:44.264078,161,0.6044709510412853,0.479421241861624,1.5659057946211126,-0.2088800055789761,25.75999942421913,1.0,1.0810624138043632,1
14:44:44.264078,161,0.5612822612323485,0.4451671966227111,1.5969212800661443,-0.2088800055789761,7.639999829232693,0.7639999829232693,2.885604047813043,1
14:44:44.264078,161,0.632475392713765,0.4495450575859623,1.5739110940706995,-0.2088800055789761,49.75999888777733,1.0,0.4775891692558466,1
14:44:44.264078,161,0.5851790448888172,0.413671554147887,1.5973520211171786,-0.2088800055789761,10.759999759495258,1.0,2.9414932646142224,1
14:44:44.264078,161,0.6214594859963554,0.4616575419056947,1.5706655636788924,-0.2088800055789761,44.63999900221825,1.0,0.630711758637826,1
14:44:44.264078,161,0.675233970896646,0.4773326874808646,1.5353873382355765,-0.2088800055789761,98.75999779254198,1.0,0.7002675951464447,1
14:44:44.264078,161,0.6537926699654548,0.5073897028675738,1.5365745263952606,-0.2088800055789761,71.63999839872122,1.0,1.7638891071851195,1
14:44:44.264078,161,0.6101950037816752,0.4735548070253239,1.5674777010979488,-0.2088800055789761,35.11999921500683,1.0,0.9021051777793481,1
14:44:44.264078,161,0.5665973375978955,0.4397199111830739,1.598380875800637,-0.2088800055789761,9.239999793469906,0.9239999793469906,2.8094557928619617,1
14:44:44.264078,161,0.6476596408502221,0.513675287100537,1.5348903091760804,-0.2088800055789761,57.11999872326851,1.0,2.0595091843805178,1
14:44:44.264078,161,0.5770569867144921,0.4286726907048642,1.6013409696063818,-0.2088800055789761,10.519999764859676,1.0,2.742876004910407,1
14:44:44.317812,162,0.6590120722336504,0.3897476786344139,1.555626876832294,-0.1391600037168245,28.639999359846115,1.0,0.736315786840331,1
14:44:44.317812,162,0.6810132982253853,0.4707824617215744,1.53714246593802,-0.1391600037168245,85.51999808847904,1.0,0.31514466019447795,1
14:44:44.317812,162,0.6000271368882083,0.3964979475851246,1.6019536751268006,-0.2783200074336491,8.639999806880951,0.8639999806880951,0.9440561536578846,1
14:44:44.317812,162,0.6461971081876963,0.4270070658147585,1.5713254147274944,-0.1391600037168245,33.519999250769615,1.0,0.31585799661622516,1
14:44:44.317812,162,0.6923670794871843,0.4575161840443926,1.5406971543281878,-0.1391600037168245,88.2399980276823,1.0,0.3007578960151921,1
14:44:44.317812,162,0.7874290049923081,0.3888181861875732,1.4975916601736892,-0.1391600037168245,37.63999915868044,1.0,4.092842432754276,1
14:44:44.317812,162,0.7417991431080172,0.4598825443041365,1.4882576463991224,-0.1391600037168245,66.63999851047993,1.0,0.8157929203550435,1
14:44:44.317812,162,0.6096266787963597,0.3848131997377278,1.605084593876272,-0.2783200074336491,7.879999823868275,0.7879999823868274,1.0826359099358844,1
14:44:44.317812,162,0.706097656609565,0.4175946604741504,1.5238769756288404,-0.1391600037168245,75.11999832093716,1.0,0.6666822315433408,1
14:44:44.317812,162,0.7215754218035173,0.3969077149233324,1.5294200259830486,-0.1391600037168245,42.11999905854464,1.0,1.49152120458711,1
14:44:44.317812,162,0.6638938356427642,0.3833584806229781,1.5573388572797409,-0.1391600037168245,23.11999948322773,1.0,0.9548883699734314,1
14:44:44.317812,162,0.7164876429234244,0.4038530839165222,1.5275590199701874,-0.1391600037168245,57.11999872326851,1.0,1.1783090925006574,1
14:44:44.317812,162,0.7642660756223243,0.4307837191908713,1.4960546530889165,-0.1391600037168245,58.87999868392944,1.0,1.75181556304096,1
14:44:44.317812,162,0.6734577144455074,0.370440226289805,1.5608002930959346,-0.1391600037168245,18.35999958962202,1.0,1.494291011153333,1
14:44:44.317812,162,0.7665804439352678,0.4188433461981249,1.4895464427962466,-0.1391600037168245,51.759998843073845,1.0,2.250386611190306,1
14:44:44.317812,162,0.7315340071927795,0.3828712880941511,1.5331810752165465,-0.1391600037168245,31.359999299049377,1.0,2.233133536863842,1
14:44:44.317812,162,0.7771601513061027,0.4039314603649228,1.493542070562878,-0.1391600037168245,44.359999008476734,1.0,3.0858687314176647,1
14:44:44.317812,162,0.7382025314901944,0.3645110448222516,1.528999940375334,-0.1391600037168245,23.9999994635582,1.0,3.334727318225393,1
14:44:44.317812,162,0.6356004451808354,0.4393886918703465,1.5680077680249154,-0.1391600037168245,35.51999920606613,1.0,0.31205497758888634,1
14:44:44.317812,162,0.7531832409854796,0.4454416423138868,1.4921270744253867,-0.1391600037168245,64.3599985614419,1.0,1.1988671424075776,1
14:44:44.317812,162,0.5923123998819841,0.4117285588898947,1.6058811360426497,-0.2783200074336491,8.999999798834324,0.8999999798834324,1.0681731536967591,1
14:44:44.317812,162,0.6101950037816752,0.4735548070253239,1.5674777010979488,-0.1391600037168245,19.519999563694,1.0,1.1234806532212835,1
14:44:44.317812,162,0.632475392713765,0.4495450575859623,1.5739110940706995,-0.1391600037168245,32.51999927312136,1.0,0.5585486219059922,1
14:44:44.317812,162,0.6776649646868185,0.4816644870039935,1.5434675772110231,-0.1391600037168245,68.63999846577644,1.0,0.6272806919534865,1
14:44:44.317812,162,0.6806697768765878,0.5254755523177143,1.35528938973319,-0.1391600037168245,19.239999569952488,1.0,5.77130074854996,1
14:44:44.317812,162,0.5749556468611151,0.5079081415209734,1.5582727528625235,-0.1391600037168245,5.359999880194664,0.5359999880194664,2.942519253334638,1
14:44:44.317812,162,0.5869384330551594,0.4966847326636865,1.5612800562021578,-0.1391600037168245,7.239999838173389,0.723999983817339,2.2086695163681593,1
14:44:44.317812,162,0.6288744464872281,0.5321722326252547,1.5299340675602895,-0.1391600037168245,13.35999970138073,1.0,2.552851376021523,1
14:44:44.317812,162,0.5928420842395588,0.4909867829530152,1.5628068172256453,-0.1391600037168245,9.999999776482582,0.9999999776482582,1.8892511869569941,1
14:44:44.317812,162,0.6351999061295921,0.5260671715684099,1.531569913740214,-0.1391600037168245,17.879999600350857,1.0,2.1854732584620633,1
14:44:44.317812,162,0.6044709510412853,0.479421241861624,1.5659057946211126,-0.1391600037168245,13.999999687075617,1.0,1.3464609378609969,1
14:44:44.317812,162,0.6476596408502221,0.513675287100537,1.5348903091760804,-0.1391600037168245,24.63999944925308,1.0,1.5582184255798486,1
14:44:44.317812,162,0.6933429578747691,0.5153617679286776,1.473392033232221,-0.1391600037168245,38.87999913096428,1.0,0.9594978005727297,1
14:44:44.317812,162,0.5665973375978955,0.4397199111830739,1.598380875800637,-0.2783200074336491,6.519999854266644,0.6519999854266645,1.578966644694004,1
14:44:44.317812,162,0.6537926699654548,0.5073897028675738,1.5365745263952606,-0.1391600037168245,34.759999223053455,1.0,1.2987917212609819,1
14:44:44.317812,162,0.6996491593194838,0.5086340767057925,1.475194712662319,-0.1391600037168245,45.87999897450209,1.0,0.7966675304034299,1
14:44:44.317812,162,0.6214594859963554,0.4616575419056947,1.5706655636788924,-0.1391600037168245,26.239999413490292,1.0,0.7752735628656602,1
14:44:44.317812,162,0.6658619852782187,0.4946423931065252,1.539990157751403,-0.1391600037168245,49.51999889314175,1.0,0.8894019828199877,1
14:44:44.317812,162,0.5872858207407115,0.4174256281679311,1.6043546109303757,-0.2783200074336491,8.759999804198742,0.8759999804198741,1.111782575777799,1
14:44:44.317812,162,0.5612822612323485,0.4451671966227111,1.5969212800661443,-0.2783200074336491,5.119999885559082,0.5119999885559082,1.7682365317506727,1
14:44:44.371846,163,0.6000271368882083,0.3964979475851246,1.6019536751268006,-0.2088800055789761,7.519999831914902,0.7519999831914902,1.8227516434165283,1
14:44:44.371846,163,0.6461971081876963,0.4270070658147585,1.5713254147274944,-0.2088800055789761,18.639999583363533,1.0,0.323443458871327,1
14:44:44.371846,163,0.7387992628360969,0.4552030490675401,1.4798038897753512,-0.1391600037168245,24.759999446570877,1.0,2.0723989773611855,1
14:44:44.371846,163,0.6096266787963597,0.3848131997377278,1.605084593876272,-0.2088800055789761,7.759999826550484,0.7759999826550483,1.555419440154247,1
14:44:44.371846,163,0.6565353009786831,0.4144232178440675,1.5746972466289169,-0.2088800055789761,18.639999583363533,1.0,0.33380979860634735,1
14:44:44.371846,163,0.706097656609565,0.4175946604741504,1.5238769756288404,-0.1391600037168245,29.639999337494373,1.0,1.0380636275254287,1
14:44:44.371846,163,0.6734577144455074,0.370440226289805,1.5608002930959346,-0.2088800055789761,14.239999681711195,1.0,1.255598323553198,1
14:44:44.371846,163,0.6638938356427642,0.3833584806229781,1.5573388572797409,-0.2088800055789761,16.759999625384808,1.0,0.7614436086010963,1
14:44:44.371846,163,0.7164876429234244,0.4038530839165222,1.5275590199701874,-0.1391600037168245,26.239999413490292,1.0,1.7820903453698478,1
14:44:44.371846,163,0.6253400070874974,0.3439727376562775,1.5921805602088202,-0.2088800055789761,6.8799998462200165,0.6879999846220016,2.034807473031905,1
14:44:44.371846,163,0.7215754218035173,0.3969077149233324,1.5294200259830486,-0.1391600037168245,22.11999950557947,1.0,2.237675503226531,1
14:44:44.371846,163,0.6827522191538303,0.3573398078917736,1.564310539626197,-0.2088800055789761,11.879999734461308,1.0,1.9498369277466872,1
14:44:44.371846,163,0.7772319542403837,0.4557069952835187,1.41405691745292,-0.2783200074336491,12.359999723732471,1.0,4.468737327693933,1
14:44:44.371846,163,0.6189823781721401,0.3729453522200638,1.6082645740345256,-0.2088800055789761,7.519999831914902,0.7519999831914902,1.4832010993471725,1
14:44:44.371846,163,0.6834650988905864,0.4750906789623664,1.5452290237669746,-0.1391600037168245,28.639999359846115,1.0,0.4836182960600708,1
14:44:44.371846,163,0.6923670794871843,0.4575161840443926,1.5406971543281878,-0.1391600037168245,30.63999931514263,1.0,0.48485291212661075,1
14:44:44.371846,163,0.6776649646868185,0.4816644870039935,1.5434675772110231,-0.1391600037168245,24.23999945819378,1.0,0.5254362488162331,1
14:44:44.371846,163,0.6378887493862853,0.4434096189261305,1.575555079904812,-0.2088800055789761,16.359999634325504,1.0,0.5062717644814227,1
14:44:44.371846,163,0.6222996437000821,0.2717550035029835,0.8590299734479139,-0.2088800055789761,13.759999692440031,1.0,6.624646320607798,1
14:44:44.371846,163,0.6965589074504829,0.2325706306697241,0.8186457880867766,-0.0697200018621515,7.639999829232693,0.7639999829232693,6.244747912226865,1
14:44:44.371846,163,0.6981116501948055,0.6437225167672949,1.264294117974539,-0.2088800055789761,8.639999806880951,0.8639999806880951,10.163059836981478,1
14:44:44.371846,163,0.6351999061295921,0.5260671715684099,1.531569913740214,-0.1391600037168245,8.51999980956316,0.851999980956316,2.6169505991759054,1
14:44:44.371846,163,0.6062015892535891,0.3386735299092209,0.9432217473763344,-0.2088800055789761,15.239999659359457,1.0,5.997015817456676,1
14:44:44.371846,163,0.6476596408502221,0.513675287100537,1.5348903091760804,-0.1391600037168245,11.119999751448631,1.0,1.6918236028528824,1
14:44:44.371846,163,0.7771267496621288,0.536643068687978,1.3650729531581547,-0.2783200074336491,5.759999871253967,0.5759999871253967,5.062833659083931,1
14:44:44.371846,163,0.6101950037816752,0.4735548070253239,1.5674777010979488,-1.8090800483187195,7.35999983549118,0.735999983549118,2.0021070020359364,1
14:44:44.371846,163,0.6537926699654548,0.5073897028675738,1.5365745263952606,-0.1391600037168245,14.759999670088291,1.0,1.328756557939379,1
14:44:44.371846,163,0.632475392713765,0.4495450575859623,1.5739110940706995,-1.8090800483187195,12.999999709427357,1.0,0.690113605444818,1
14:44:44.371846,163,0.6044709510412853,0.479421241861624,1.5659057946211126,-1.8090800483187195,5.519999876618385,0.5519999876618386,2.476994420319776,1
14:44:44.425204,164,0.6388309923213257,0.4148234242862438,1.548907851035278,-0.2088800055789761,12.11999972909689,1.0,0.3908166304213429,1
14:44:44.425204,164,0.6753964391399342,0.3599736252412014,1.5551109395902951,-0.2088800055789761,11.119999751448631,1.0,2.5060117668860347,1
14:44:44.425204,164,0.6253400070874974,0.3439727376562775,1.5921805602088202,-0.2088800055789761,6.7599998489022255,0.6759999848902225,3.1605289547220865,1
14:44:44.425204,164,0.6687092102245243,0.3769224486421731,1.5590633868514585,-0.2088800055789761,12.359999723732471,1.0,1.389312838211621,1
14:44:44.425204,164,0.6164594554062154,0.355967998951808,1.5889664396316827,-0.2088800055789761,6.999999843537808,0.6999999843537809,2.561705741094504,1
14:44:44.425204,164,0.6590120722336504,0.3897476786344139,1.555626876832294,-0.2088800055789761,13.23999970406294,1.0,0.6644051736368652,1
14:44:44.425204,164,0.6096266787963597,0.3848131997377278,1.605084593876272,-0.2088800055789761,6.999999843537808,0.6999999843537809,1.8476206613407442,1
14:44:44.425204,164,0.6490513382123768,0.4023830218386329,1.5522412468246336,-0.2088800055789761,13.119999706745148,1.0,0.3301714142048913,1
14:44:44.425204,164,0.76812269130803,0.4273554149096862,1.381580601312902,-0.0697200018621515,8.639999806880951,0.8639999806880951,5.325726715865004,1
14:44:44.425204,164,0.7843764235573748,0.4776697598894998,1.327966258527869,-0.2088800055789761,5.759999871253967,0.5759999871253967,7.864003845101736,1
14:44:44.425204,164,0.6761509317700326,0.4465791806522751,1.5070098496553517,-0.2088800055789761,21.119999527931213,1.0,0.4507735391917931,1
14:44:44.425204,164,0.6532577412432545,0.4722648083388927,1.5001274064596355,-0.2088800055789761,17.999999597668648,1.0,1.866091231658818,1
14:44:44.425204,164,0.6101950037816752,0.4735548070253239,1.5674777010979488,-0.2088800055789761,7.239999838173389,0.723999983817339,3.600746269112416,1
14:44:44.425204,164,0.6473696831262317,0.4785464086431348,1.498444256730939,-0.2088800055789761,15.75999964773655,1.0,2.4999847890159805,1
14:44:44.425204,164,0.6044709510412853,0.479421241861624,1.5659057946211126,-0.2088800055789761,5.999999865889549,0.5999999865889549,4.490796916987966,1
14:44:44.425204,164,0.7036555503641472,0.0962704641830579,-0.0290456785591453,-0.1391600037168245,6.999999843537808,0.6999999843537809,10.992199962124886,1
14:44:44.425204,164,0.6829525785950893,0.0934379921004538,0.0306529557792039,0.0697200018621515,5.879999868571758,0.5879999868571758,10.551226914912668,1
14:44:44.425204,164,0.7203835611888586,0.4430204799610218,1.4446455736699633,-0.0697200018621515,16.519999630749226,1.0,1.7158995470781635,1
14:44:44.480601,165,0.6660049100294623,0.3729309989327248,1.5516390217736236,-0.1391600037168245,29.11999934911728,1.0,0.26377128389082555,1
14:44:44.480601,165,0.6253400070874974,0.3439727376562775,1.5921805602088202,-0.2088800055789761,18.999999575316902,1.0,1.42704107924283,1
14:44:44.480601,165,0.6753964391399342,0.3599736252412014,1.5551109395902951,-0.1391600037168245,28.639999359846115,1.0,0.372371504691379,1
14:44:44.480601,165,0.6339704311148812,0.331808327689396,1.5954400040358472,-0.2088800055789761,17.519999608397484,1.0,1.235171435555718,1
14:44:44.480601,165,0.7019356449162423,0.3200496292753645,1.5658085420679648,-0.0697200018621515,19.519999563694,1.0,1.377450917390071,1
14:44:44.480601,165,0.6933654002555952,0.3335276513942924,1.5621971169256292,-0.0697200018621515,22.879999488592148,1.0,0.9358196170608679,1
14:44:44.480601,165,0.6517832252145169,0.2971824854722955,1.5968309760857011,-0.2088800055789761,13.23999970406294,1.0,1.418329768632074,1
14:44:44.480601,165,0.7102251246904908,0.3064087492988876,1.5694636048417117,-0.0697200018621515,16.359999634325504,1.0,1.9173399676066707,1
14:44:44.480601,165,0.6209307775256245,0.3499918133678242,1.5905677537327296,-0.2088800055789761,19.239999569952488,1.0,1.570338670517625,1
14:44:44.480601,165,0.6845178186919921,0.3468374246267692,1.5586307739365457,-0.0697200018621515,26.239999413490292,1.0,0.5986355062220955,1
14:44:44.480601,165,0.7012894679032353,0.3820746782125322,1.4882731608180328,-0.1391600037168245,23.519999474287037,1.0,1.6144544081158394,1
14:44:44.480601,165,0.639749584485967,0.3158967620916087,1.5918165007786236,-0.2088800055789761,15.519999653100967,1.0,1.3377683553173718,1
14:44:44.480601,165,0.6119264878577358,0.3619006967946775,1.5873767780357475,-0.2088800055789761,17.999999597668648,1.0,1.9554082919743596,1
14:44:44.480601,165,0.7498635957337015,0.0102985538562002,0.0529301011159288,-0.1391600037168245,6.7599998489022255,0.6759999848902225,11.175855974331657,1
14:44:44.480601,165,0.6258333737909523,0.4428329130506609,1.1590031377043777,-0.2088800055789761,5.639999873936176,0.5639999873936177,3.5184626133433805,1
14:44:44.480601,165,0.6563469878468339,0.3857043629248575,1.5482164092073027,-0.1391600037168245,27.239999391138557,1.0,0.2798359258180937,1
14:44:44.480601,165,0.7451671740199046,0.0472695198737028,-0.0159159151030912,-0.1391600037168245,8.999999798834324,0.8999999798834324,9.93987936777372,1
14:44:44.480601,165,0.7735420324809493,0.2310927932455548,1.0267635195964515,-0.0697200018621515,5.639999873936176,0.5639999873936177,4.593507368544428,1
14:44:44.480601,165,0.8122344275417797,0.2426520017649548,0.9780824540483896,-0.0697200018621515,5.119999885559082,0.5119999885559082,9.698773169726925,1
14:44:44.480601,165,0.6859218932987915,0.4380388573071813,1.3989415373503002,-0.1391600037168245,21.87999951094389,1.0,2.44060709105602,1
14:44:44.480601,165,0.6121714042871984,0.4450391068977541,1.5408115832807687,-0.1391600037168245,9.519999787211418,0.9519999787211418,2.013106421274168,1
14:44:44.480601,165,0.6101180261121304,0.4953156046630382,1.266851912491235,-0.0697200018621515,11.119999751448631,1.0,5.2972834779340845,1
14:44:44.535157,166,0.6889760579880808,0.3402039034569301,1.560408220576979,-0.1391600037168245,28.999999351799488,1.0,0.3644065993292588,1
14:44:44.535157,166,0.7259486404832798,0.2786603034113434,1.5768987785084978,-0.2088800055789761,16.759999625384808,1.0,3.1015637196826336,1
14:44:44.535157,166,0.718230523897104,0.2926104676347325,1.5731608432705593,-0.1391600037168245,19.879999555647373,1.0,1.8964209751595134,1
14:44:44.535157,166,0.6658832924086868,0.2386762299040596,1.5812910768131532,-0.2088800055789761,11.879999734461308,1.0,5.688793205332245,1
14:44:44.535157,166,0.7102251246904908,0.3064087492988876,1.5694636048417117,-0.1391600037168245,23.35999947786331,1.0,1.0344643184355693,1
14:44:44.535157,166,0.7505695001993125,0.3542354294175147,1.5408540304235228,-0.0697200018621515,19.239999569952488,1.0,3.724580911400724,1
14:44:44.535157,166,0.7019356449162423,0.3200496292753645,1.5658085420679648,-0.1391600037168245,26.6399994045496,1.0,0.5132371176628931,1
14:44:44.535157,166,0.6517832252145169,0.2971824854722955,1.5968309760857011,-0.1391600037168245,17.519999608397484,1.0,0.7886606728125023,1
14:44:44.535157,166,0.6438253137645855,0.3096975198487527,1.593477582731282,-0.2088800055789761,20.75999953597784,1.0,0.6360181433605752,1
14:44:44.535157,166,0.6594804320763439,0.2845162292275466,1.6002248892176074,-0.1391600037168245,14.51999967545271,1.0,1.2497031261248825,1
14:44:44.535157,166,0.6356098807848829,0.3220563265102562,1.5901660504669195,-0.2088800055789761,22.99999948590994,1.0,0.7893203547033526,1
14:44:44.535157,166,0.6827522191538303,0.3573398078917736,1.564310539626197,-0.1391600037168245,29.35999934375286,1.0,0.9945967161893178,1
14:44:44.535157,166,0.6119264878577358,0.3619006967946775,1.5873767780357475,-0.2088800055789761,17.639999605715275,1.0,3.277240126543644,1
14:44:44.535157,166,0.7480544218778054,0.4075530370917549,1.4541490463443802,-0.0697200018621515,8.239999815821648,0.8239999815821648,7.400867701619877,1
14:44:44.535157,166,0.57083448233251,0.3196400965153403,1.615708678645283,-0.1391600037168245,5.359999880194664,0.5359999880194664,5.4284027055776125,1
14:44:44.535157,166,0.6209307775256245,0.3499918133678242,1.5905677537327296,-0.2088800055789761,21.119999527931213,1.0,2.155545505383428,1
14:44:44.535157,166,0.6271402123389166,0.3342539620991444,1.586897703861308,-0.2088800055789761,23.23999948054552,1.0,1.2459453256053277,1
14:44:44.535157,166,0.6734577144455074,0.370440226289805,1.5608002930959346,-0.0697200018621515,27.759999379515648,1.0,1.7203656382118895,1
14:44:44.588567,167,0.6753964391399342,0.3599736252412014,-0.4448890604097045,-0.1391600037168245,18.35999958962202,1.0,1.0185434245446794,1
14:44:44.588567,167,0.6589723046570483,0.3521623755714602,-0.3426678086914226,-0.1391600037168245,12.11999972909689,1.0,0.5720894080057515,1
14:44:44.588567,167,0.648112503001127,0.3717701178507628,-0.3426678086914226,-0.1391600037168245,14.119999684393406,1.0,0.7200363551141065,1
14:44:44.588567,167,0.6933654002555952,0.4354746964037234,-0.3365618033361907,-0.1391600037168245,18.23999959230423,1.0,2.7297463262839714,1
14:44:44.588567,167,0.6434535897818431,0.2864849442431892,-0.4237663491894721,-0.1391600037168245,15.87999964505434,1.0,1.5972502676566007,1
14:44:44.588567,167,0.6356098807848829,0.3220563265102562,-0.4098339495330804,-0.1391600037168245,16.759999625384808,1.0,1.3056732105989104,1
14:44:44.588567,167,0.6658832924086868,0.3389133782607629,-0.3426678086914226,-0.1391600037168245,10.239999771118164,1.0,1.0668137194212348,1
14:44:44.588567,167,0.6271402123389166,0.3342539620991444,-0.4131022961386921,-0.1391600037168245,16.239999637007713,1.0,2.1388018335416827,1
14:44:44.588567,167,0.6596362822606378,0.4296175612020978,-0.6355681599738352,-0.1391600037168245,12.639999717473984,1.0,1.569656467251604,1
14:44:44.588567,167,0.7032421552925411,0.4132624549384098,-0.484062960595169,-0.1391600037168245,12.639999717473984,1.0,3.8183067274197695,1
14:44:44.588567,167,0.6797833842031361,0.4267192245208258,-0.7147677428459609,-0.1391600037168245,10.639999762177467,1.0,1.353152696519133,1
14:44:44.588567,167,0.6719837387419065,0.1342092079438948,-1.9707634071415456,-0.0697200018621515,16.239999637007713,1.0,9.627074410456906,1
14:44:44.588567,167,0.6779694546955628,0.3674807295707145,-2.0742913963855414,-0.0697200018621515,10.519999764859676,1.0,5.616607150845798,1
14:44:44.588567,167,0.6585923340405722,0.3569777218231556,-2.015005842467157,-0.0697200018621515,17.999999597668648,1.0,5.634571573094522,1
14:44:44.588567,167,0.6199369972022609,0.1339706283370208,-1.9212680556362571,-0.0697200018621515,5.119999885559082,0.5119999885559082,8.062233961033794,1
14:44:44.588567,167,0.6184196961809861,0.3462855477240326,-0.4163261497905468,-0.1391600037168245,14.6399996727705,1.0,3.5989529942487,1
14:44:44.643608,168,0.6559685916368211,0.5879792005515473,-0.6156893199757504,-0.2088800055789761,16.99999962002039,1.0,1.2589233646057796,1
14:44:44.643608,168,0.666913855570087,0.3650266015086436,-0.3125148854474429,-0.1391600037168245,9.359999790787697,0.9359999790787696,1.4241091419554261,1
14:44:44.643608,168,0.7439670972211033,0.3419162876084175,-0.3365618033361907,-0.2783200074336491,6.999999843537808,0.6999999843537809,1.5764382739963354,1
14:44:44.643608,168,0.7306556029389423,0.5798126163437543,-0.6519231878412691,-0.2088800055789761,5.999999865889549,0.5999999865889549,1.3130140475503753,1
14:44:44.643608,168,0.5964081619059082,0.5677616869299126,-0.5878623401842613,-0.1391600037168245,25.11999943852425,1.0,1.0056375931357655,1
14:44:44.643608,168,0.7728941583032394,0.0412226634874522,-2.07323534054888,-0.1391600037168245,8.359999813139439,0.8359999813139438,3.49417993976269,1
14:44:44.643608,168,-0.7378674009930172,0.2953951874882221,-1.9291905155580773,-0.1391600037168245,13.639999695122242,1.0,7.599633255580476,1
14:44:44.643608,168,0.7464776849195824,0.4688323690404484,-1.821128284065271,-0.1391600037168245,5.239999882876873,0.5239999882876873,3.9981276775555217,1
14:44:44.643608,168,0.7778508283711469,0.0031226033186991,-2.004086784463854,-0.1391600037168245,15.119999662041664,1.0,3.6881241425905307,1
14:44:44.643608,168,0.0346739382392979,0.0421270835518531,-0.2470466209421238,-0.6263600167294499,4.999999888241291,0.4999999888241291,9.604060876918346,1
14:44:44.643608,168,0.5322731501999882,0.5273967069538011,-0.5815413506646343,-0.1391600037168245,10.87999975681305,1.0,0.6928523260657656,1
14:44:44.699441,169,0.6186355103409799,0.3727897360948453,1.2915114131138798,-0.2088800055789761,45.35999898612499,1.0,0.5025820872071562,1
14:44:44.699441,169,0.6293802139979903,0.3607344283205013,1.294741623096524,-0.2088800055789761,43.87999901920557,1.0,0.4468145718524803,1
14:44:44.699441,169,0.5959682591160491,0.2768721461504739,1.3160292518867518,-0.1391600037168245,17.359999611973763,1.0,2.9635125598909533,1
14:44:44.699441,169,0.634658426640608,0.3546295397407003,1.2963774230613638,-0.2088800055789761,39.63999911397696,1.0,0.5988938887451489,1
14:44:44.699441,169,0.6501101932199491,0.3360132760551811,1.3013656358819834,-0.2088800055789761,34.11999923735857,1.0,1.7588491609471193,1
14:44:44.699441,169,0.5822658156439683,0.3050391238592898,1.3162091048354028,-0.1391600037168245,25.11999943852425,1.0,1.4466854732808245,1
14:44:44.699441,169,0.6900457902096909,0.3695759669462297,1.26356393061103,-0.2088800055789761,29.879999332129955,1.0,5.2883791048048145,1
14:44:44.699441,169,0.6600871770699752,0.3233573196950582,1.3047567891681218,-0.2088800055789761,28.639999359846115,1.0,3.10479772341761,1
14:44:44.699441,169,0.6682143929429705,0.2630596817234559,1.2873098228151227,-0.2088800055789761,23.75999946892261,1.0,6.5305750664659765,1
14:44:44.699441,169,0.6047377288880388,0.2652738305606972,1.319137011182594,-0.1391600037168245,14.239999681711195,1.0,3.6959590460726233,1
14:44:44.699441,169,0.6076433607392577,0.3846350749954249,1.2883374641213967,-0.2783200074336491,43.75999902188778,1.0,1.0469704432932394,1
14:44:44.699441,169,0.5915812028245312,0.293700254635403,1.3192473456870255,-0.1391600037168245,20.999999530613422,1.0,2.062823276223543,1
14:44:44.699441,169,0.5964081619059082,0.3962657070448274,1.2852210456562956,-0.2783200074336491,39.51999911665917,1.0,2.090167630849164,1
14:44:44.699441,169,0.5727175299109997,0.3161957779249119,1.313219688388286,-0.1391600037168245,29.23999934643507,1.0,1.2423661053063575,1
14:44:44.699441,169,0.4715569474088717,0.3583667292067811,1.3420676556875426,-0.2783200074336491,8.51999980956316,0.851999980956316,4.9601817502644945,1
14:44:44.699441,169,0.5031920397742482,0.4228416751071915,1.316146927796069,-0.2783200074336491,17.11999961733818,1.0,2.720919799209086,1
14:44:44.699441,169,0.5090210616169285,0.4179530205958974,1.3174568388244443,-0.1391600037168245,20.75999953597784,1.0,2.5047224402463817,1
14:44:44.699441,169,0.5318223799156548,0.397842788383657,1.3228453593053169,-0.1391600037168245,28.879999354481697,1.0,2.800751911579117,1
14:44:44.699441,169,0.5205258224560034,0.4080080300692837,1.320121591004786,-0.1391600037168245,24.759999446570877,1.0,2.422657972612877,1
14:44:44.699441,169,0.5429062155237195,0.3874613614999752,1.325627054255082,-0.1391600037168245,32.119999282062054,1.0,3.630348334196141,1
14:44:44.699441,169,0.577290275122732,0.4250510293161553,1.2860632237610967,-0.2783200074336491,28.759999357163903,1.0,2.9280361019796675,1
14:44:44.699441,169,0.5529376311637871,0.3379446651992447,1.3073920916068529,-0.1391600037168245,33.359999254345894,1.0,2.104443127166885,1
14:44:44.699441,169,0.5890809909015439,0.4137843727213261,1.28908211529708,-0.2783200074336491,34.11999923735857,1.0,1.742925268760386,1
14:44:44.699441,169,0.5629401648124387,0.327165754319596,1.310280292072342,-0.1391600037168245,32.239999279379845,1.0,1.4587430795203649,1
14:44:44.699441,169,0.5713080281941016,0.430598379246182,1.2845768158272133,-0.2783200074336491,23.87999946624041,1.0,3.7160709598232473,1
14:44:44.755372,170,0.6264406737893823,0.2466143890434375,1.331863965347313,-0.2088800055789761,26.359999410808086,1.0,3.927693898105385,1
14:44:44.755372,170,0.6188215344214197,0.3031424934329258,1.3482202268603545,-0.2088800055789761,30.51999931782484,1.0,4.67371615365013,1
14:44:44.755372,170,0.6597756493189679,0.3352640732258249,1.3101215661363494,-0.2088800055789761,45.51999898254872,1.0,0.4296558645859987,1
14:44:44.755372,170,0.6973900557971437,0.406764017409275,1.290579238784375,-0.2088800055789761,26.359999410808086,1.0,5.598044903122612,1
14:44:44.755372,170,0.6649769045326657,0.3169576984182959,1.3064715625210952,-0.2088800055789761,42.11999905854464,1.0,1.019040944206472,1
14:44:44.755372,170,0.6857210418987308,0.4201242897549347,1.2869993645986957,-0.2088800055789761,25.23999943584204,1.0,4.746351763639801,1
14:44:44.755372,170,0.6973165386713325,0.270883279498743,1.318817165862323,-0.2088800055789761,25.23999943584204,1.0,3.4053167615091144,1
14:44:44.755372,170,0.6384910724692515,0.228285561137374,1.3367751599829516,-0.2088800055789761,22.11999950557947,1.0,4.326368987359178,1
14:44:44.755372,170,0.6745563857390491,0.3040183693912048,1.309938645284505,-0.2088800055789761,36.63999918103218,1.0,1.2545079295433845,1
14:44:44.755372,170,0.6462060982504058,0.2158759259959116,1.3401003116974717,-0.2088800055789761,18.35999958962202,1.0,4.966544158296385,1
14:44:44.755372,170,0.6884185392192834,0.2842688983911046,1.3152305000899238,-0.2088800055789761,30.63999931514263,1.0,2.2885743944818646,1
14:44:44.755372,170,0.7504924679748087,0.4163200582272087,1.252682940343688,-0.2088800055789761,7.1199998408555984,0.7119999840855599,9.095049101438427,1
14:44:44.755372,170,0.649596490574231,0.3479120582068832,1.3067325487747938,-0.2088800055789761,45.35999898612499,1.0,0.2626382414382382,1
14:44:44.755372,170,0.6063238205026457,0.3964629882821155,1.2937233662693557,-0.2088800055789761,24.23999945819378,1.0,3.854903151595777,1
14:44:44.755372,170,0.6391575019060504,0.3603608805428306,1.3033968968831584,-0.2088800055789761,41.63999906927347,1.0,0.5024962445834924,1
14:44:44.755372,170,0.6046999771630576,0.320871288122069,1.343469810640621,-0.2088800055789761,33.519999250769615,1.0,2.9096663790692396,1
14:44:44.755372,170,0.5591234411344245,0.371492980609853,1.329905769019023,-0.2088800055789761,19.119999572634697,1.0,2.3906029220706353,1
14:44:44.755372,170,0.6006360821488363,0.402292205435044,1.2921614322407229,-0.2088800055789761,19.759999558329586,1.0,4.82269205225594,1
14:44:44.755372,170,0.5696562665294648,0.360589442681651,1.3328273632015268,-0.2088800055789761,23.519999474287037,1.0,1.837689369904258,1
14:44:44.755372,170,0.5391931141525349,0.2795738428143732,1.3559682546574887,-0.2088800055789761,9.359999790787697,0.9359999790787696,4.626565213991292,1
14:44:44.755372,170,0.5483669738278074,0.3821908729113119,1.327039277416132,-0.2088800055789761,15.359999656677246,1.0,3.3563855978938197,1
14:44:44.755372,170,0.6175168388821156,0.384641201482551,1.296891004495392,-0.2088800055789761,29.759999334812164,1.0,2.279484148979315,1
14:44:44.755372,170,0.590034230765598,0.3381829555344656,1.3388311633378334,-0.2088800055789761,32.239999279379845,1.0,1.9029101970835685,1
14:44:44.755372,170,0.6284628587705221,0.3726055608709372,1.300115944677665,-0.2088800055789761,35.879999198019505,1.0,1.1683905949061604,1
14:44:44.755372,170,0.5949824736037724,0.3324597167719834,1.340364700542331,-0.2088800055789761,34.23999923467636,1.0,2.150813759665925,1
14:44:44.755372,170,0.5799612370233944,0.3494846203963042,1.3358028913649769,-0.2088800055789761,28.23999936878681,1.0,1.6807742231510727,1
14:44:44.807564,171,0.6631879511355565,0.4448065365929078,-0.5118410123614798,-0.1391600037168245,6.519999854266644,0.6519999854266645,4.838828645992805,1
14:44:44.807564,171,0.0524706033901528,0.1352812276712539,-0.2072554735107386,2.852920076198643,5.519999876618385,0.5519999876618386,10.856685695896886,1
14:44:44.807564,171,0.6445010874193062,0.6013743199192249,-1.821128284065271,-0.0697200018621515,5.759999871253967,0.5759999871253967,0.9293377090878323,1
14:44:44.807564,171,0.6646492123565464,0.6201742337879464,-1.8780596390471704,-0.0697200018621515,11.9999997317791,1.0,0.8172404651190561,1
14:44:44.807564,171,0.6847973372937867,0.638974147656668,-1.9349909940290704,-0.0697200018621515,17.11999961733818,1.0,0.9052808411169622,1
14:44:44.807564,171,0.7049454622310267,0.6577740615253895,-1.9919223490109697,-0.0697200018621515,13.639999695122242,1.0,1.193458837081522,1
14:44:44.807564,171,0.7312852236480603,0.4799477731976899,-0.624467556326202,-0.1391600037168245,8.639999806880951,0.8639999806880951,2.454731698991793,1
14:44:44.807564,171,0.6973165386713325,0.4379562462494583,-0.5878623401842613,-0.2783200074336491,14.879999667406082,1.0,5.104109792096608,1
14:44:44.923034,173,0.640714517676222,0.3010009111132714,1.2771435010402776,-0.1391600037168245,52.3599988296628,1.0,0.5563428598712428,1
14:44:44.923034,173,0.6806107515419023,0.3197437402708064,1.2321324217870406,-0.1391600037168245,22.75999949127436,1.0,2.7731611575915123,1
14:44:44.923034,173,0.5644112540834331,0.2475842472365388,1.3645398409587677,-0.1391600037168245,16.239999637007713,1.0,1.8069123795480906,1
14:44:44.923034,173,0.6047377288880388,0.2652738305606972,1.319137011182594,-0.1391600037168245,56.63999873399735,1.0,0.23611789007850892,1
14:44:44.923034,173,0.6501424133892763,0.2885317752737511,1.280484595918791,-0.1391600037168245,56.11999874562025,1.0,0.5490190096136033,1
14:44:44.923034,173,0.6906257067359769,0.3064981719549929,1.235681561120554,-0.1391600037168245,24.23999945819378,1.0,2.6443561027179667,1
14:44:44.923034,173,0.6174373256586763,0.2475645459988008,1.323882199679487,-0.1391600037168245,46.35999896377325,1.0,0.5687900575960574,1
14:44:44.923034,173,0.6593102608170494,0.2758830123650495,1.2838738217254302,-0.1391600037168245,54.75999877601862,1.0,0.6276517630630711,1
14:44:44.923034,173,0.6948939311413957,0.2872516479204738,1.2320829553543804,-0.1391600037168245,24.63999944925308,1.0,2.1549103205863505,1
14:44:44.923034,173,0.6255957130218668,0.2355573688753642,1.3270995130930892,-0.1391600037168245,36.51999918371439,1.0,0.9022579188543628,1
14:44:44.923034,173,0.6725664486287127,0.2565841536940346,1.2890449353211713,-0.1391600037168245,48.87999890744686,1.0,0.9120124861844573,1
14:44:44.923034,173,0.6373631205112752,0.2172571284230713,1.3320030477435765,-0.1391600037168245,28.519999362528324,1.0,1.575351931891624,1
14:44:44.923034,173,0.681068363279668,0.2435086098900771,1.2925485167240394,-0.1391600037168245,41.11999908089638,1.0,1.2162050048247994,1
14:44:44.923034,173,0.7178263413479189,0.2531299647901245,1.241225832793548,-0.1391600037168245,21.87999951094389,1.0,2.4877571669418868,1
14:44:44.923034,173,0.6474478958618181,0.1426920728293925,1.3216914198109126,-0.1391600037168245,22.359999500215054,1.0,6.190413579145881,1
14:44:44.923034,173,0.6878940344159229,0.2185327747984315,1.2909983191174483,-0.1391600037168245,33.519999250769615,1.0,1.7525838496810848,1
14:44:44.923034,173,0.7307280587976408,0.2321404494337675,1.2468499564828046,-0.1391600037168245,19.239999569952488,1.0,2.9723622771043687,1
14:44:44.923034,173,0.6537610843372244,0.1131887930316162,1.322182120919902,-0.1391600037168245,17.879999600350857,1.0,8.957893553890194,1
14:44:44.923034,173,0.6956477256976091,0.2051683424346801,1.294579307976616,-0.1391600037168245,26.99999939650297,1.0,2.3178671096421684,1
14:44:44.923034,173,0.7389645596179939,0.2179438359591525,1.2506539275985844,-0.1391600037168245,16.519999630749226,1.0,3.4205978426595456,1
14:44:44.923034,173,0.5959682591160491,0.2768721461504739,1.3160292518867518,-0.1391600037168245,63.879998572170734,1.0,0.12305946067824605,1
14:44:44.923034,173,0.7088655693940445,0.2669112094873987,1.2375331594062178,-0.1391600037168245,23.75999946892261,1.0,2.2852699351816437,1
14:44:44.923034,173,0.5562265697232287,0.2584091379859852,1.3616393202242985,-0.1391600037168245,19.879999555647373,1.0,1.6029320380663872,1
14:44:44.923034,173,0.547819402161336,0.269073758413859,1.3587817437930652,-0.1391600037168245,23.9999994635582,1.0,1.4832294619837492,1
14:44:44.923034,173,0.5915812028245312,0.293700254635403,1.3192473456870255,-0.1391600037168245,63.879998572170734,1.0,0.05554544273601708,1
14:44:44.923034,173,0.6310303447102998,0.3132854323957501,1.2738518734832345,-0.1391600037168245,45.51999898254872,1.0,0.647357577531841,1
14:44:44.923034,173,0.4715569474088717,0.3583667292067811,1.3420676556875426,-0.1391600037168245,12.519999720156193,1.0,3.4757413306204685,1
14:44:44.923034,173,0.4817907723645057,0.3491577906063283,1.3445351833486818,-0.1391600037168245,15.119999662041664,1.0,2.9268994667940733,1
14:44:44.923034,173,0.4868356714836911,0.3444796452355865,1.3457886886228474,-0.1391600037168245,18.519999586045746,1.0,2.6799941762205117,1
14:44:44.923034,173,0.4967789206268208,0.3349783413593804,1.3483345553235195,-0.1391600037168245,22.359999500215054,1.0,2.241727050060453,1
14:44:44.923034,173,0.5318223799156548,0.397842788383657,1.3228453593053169,-0.974120026017772,17.519999608397484,1.0,3.0683126434760544,1
14:44:44.923034,173,0.5025670511043606,0.3198458445428761,1.3451774043167517,-0.1391600037168245,26.6399994045496,1.0,2.0980364724168195,1
14:44:44.923034,173,0.5373911670529264,0.3926788405719356,1.324229034951224,-0.1391600037168245,21.99999950826168,1.0,2.76460649832019,1
14:44:44.923034,173,0.5120344613560976,0.3100452200295077,1.3478034737404294,-0.1391600037168245,30.23999932408333,1.0,1.8176935224042243,1
14:44:44.923034,173,0.5212970646594826,0.3000636714511446,1.3504780216212138,-0.1391600037168245,32.119999282062054,1.0,1.6148153347147325,1
14:44:44.923034,173,0.5483669738278074,0.3821908729113119,1.327039277416132,-0.1391600037168245,28.11999937146902,1.0,2.209249339324547,1
14:44:44.923034,173,0.5822658156439683,0.3050391238592898,1.3162091048354028,-0.1391600037168245,56.759998731315136,1.0,0.12163759611892863,1
14:44:44.923034,173,0.5391931141525349,0.2795738428143732,1.3559682546574887,-0.1391600037168245,28.23999936878681,1.0,1.4462639394470342,1
14:44:44.923034,173,0.6076433607392577,0.3846350749954249,1.2883374641213967,-0.1391600037168245,30.51999931782484,1.0,3.412236490807851,1
14:44:44.923034,173,0.6186355103409799,0.3727897360948453,1.2915114131138798,-0.1391600037168245,37.63999915868044,1.0,2.9621292684160383,1
14:44:44.923034,173,0.5303511560968596,0.2899051912939542,1.3531999781756603,-0.1391600037168245,31.359999299049377,1.0,1.4905809975722923,1
14:44:44.923034,173,0.5964081619059082,0.3962657070448274,1.2852210456562956,-0.1391600037168245,24.63999944925308,1.0,3.9327380188734287,1
14:44:44.923034,173,0.5629401648124387,0.327165754319596,1.310280292072342,-0.1391600037168245,36.23999918997288,1.0,0.49389091748825714,1
14:44:44.923034,173,0.5727175299109997,0.3161957779249119,1.313219688388286,-0.1391600037168245,46.23999896645546,1.0,0.2682961326036501,1
14:44:44.977255,174,0.6103524012639809,0.2002587291796385,1.4871155570255754,-0.0697200018621515,17.519999608397484,1.0,6.029089436722721,1
14:44:44.977255,174,0.6453817488999164,0.2664977021240056,1.3580391690983866,-0.0697200018621515,87.87999803572893,1.0,0.7288008878164339,1
14:44:44.977255,174,0.6884185392192834,0.2842688983911046,1.3152305000899238,0.0697200018621515,61.75999861955643,1.0,1.8129127921924617,1
14:44:44.977255,174,0.5669154871622558,0.2685699282436825,1.4688116264023632,-0.0697200018621515,16.359999634325504,1.0,5.263051809849237,1
14:44:44.977255,174,0.6144556302963846,0.2415098018144648,1.4102670680985874,-0.0697200018621515,62.5199986025691,1.0,1.3578132323684828,1
14:44:44.977255,174,0.6537234859696158,0.2539488911337363,1.3614016128692,-0.0697200018621515,78.63999824225903,1.0,1.1479504260058393,1
14:44:44.977255,174,0.6973165386713325,0.270883279498743,1.318817165862323,-0.0697200018621515,59.35999867320061,1.0,2.172235216028712,1
14:44:44.977255,174,0.6220505219405464,0.2295656716730103,1.4134674881242824,-0.0697200018621515,56.35999874025583,1.0,1.9232005437400095,1
14:44:44.977255,174,0.67342680965705,0.2218939948208748,1.3699906964496946,-0.0697200018621515,52.999998815357685,1.0,3.213964732406343,1
14:44:44.977255,174,0.7059356208178108,0.2573284529546986,1.3224491706883434,-0.0697200018621515,52.999998815357685,1.0,2.735125817385116,1
14:44:44.977255,174,0.7552090352506098,0.2787073771596361,1.287912095861703,-0.0697200018621515,11.9999997317791,1.0,10.684104789482902,1
14:44:44.977255,174,0.6329754149379583,0.2113803786856771,1.4183402226943618,-0.0697200018621515,47.9999989271164,1.0,3.187551252862396,1
14:44:44.977255,174,0.7183337634902692,0.2366908268424038,1.327979005938828,-0.0697200018621515,44.99999899417162,1.0,3.98971800013737,1
14:44:44.977255,174,0.5932874476351597,0.2293304557818407,1.4793258113599368,-0.0697200018621515,20.51999954134226,1.0,5.221067649646251,1
14:44:44.977255,174,0.6399427988697345,0.1990845233212362,1.4216348872095137,-0.0697200018621515,39.63999911397696,1.0,4.326602113588903,1
14:44:44.977255,174,0.6002938510470766,0.2178009616987939,1.4824151299886288,-0.0697200018621515,19.519999563694,1.0,5.44903904473334,1
14:44:44.977255,174,0.6066149646037234,0.2533048309544374,1.40710659956583,-0.0697200018621515,63.63999857753515,1.0,1.0026698161467196,1
14:44:44.977255,174,0.661803742372813,0.2412414505831793,1.3648065613025882,-0.0697200018621515,65.75999853014946,1.0,1.7941107678388957,1
14:44:44.977255,174,0.5588646312668979,0.2794444913995989,1.465897795986694,-0.0697200018621515,13.879999689757824,1.0,5.489194417282597,1
14:44:44.977255,174,0.6141756088048486,0.3090974618465547,1.3466245978829696,0.0697200018621515,67.63999848812819,1.0,0.9541492122707993,1
14:44:44.977255,174,0.6367818677471718,0.2788828641971306,1.3547205749227642,-0.0697200018621515,88.87999801337719,1.0,0.5283316010424628,1
14:44:44.977255,174,0.5789124998069549,0.3605951861687172,1.3408461752052176,-0.1391600037168245,26.359999410808086,1.0,3.6929761408333333,1
14:44:44.977255,174,0.5498855900435925,0.3260183570654779,1.3876230689655575,-0.1391600037168245,21.51999951899052,1.0,3.5420118248310115,1
14:44:44.977255,174,0.5850269849986781,0.3438581125795557,1.3373105095906817,-0.1391600037168245,33.2399992570281,1.0,3.2251611650886414,1
14:44:44.977255,174,0.5592430724609153,0.3153046399807668,1.3904938008063414,-0.1391600037168245,26.75999940186739,1.0,2.6009965475856074,1
14:44:44.977255,174,0.5949824736037724,0.3324597167719834,1.340364700542331,0.0697200018621515,42.35999905318022,1.0,2.2480933046443923,1
14:44:44.977255,174,0.6391575019060504,0.3603608805428306,1.3033968968831584,0.0697200018621515,30.51999931782484,1.0,4.813429753160019,1
14:44:44.977255,174,0.5683768651157282,0.3044123049445451,1.3934123931829865,-0.1391600037168245,33.519999250769615,1.0,1.8660132726822363,1
14:44:44.977255,174,0.6046999771630576,0.320871288122069,1.343469810640621,0.0697200018621515,53.99999879300594,1.0,1.4933916179045914,1
14:44:44.977255,174,0.6745563857390491,0.3040183693912048,1.309938645284505,0.0697200018621515,59.11999867856503,1.0,1.6356463905283647,1
14:44:44.977255,174,0.5772833146129147,0.293345708745403,1.3963776786975075,-0.1391600037168245,41.75999906659126,1.0,1.3309872418536512,1
14:44:44.977255,174,0.6597756493189679,0.3352640732258249,1.3101215661363494,0.0697200018621515,44.87999899685383,1.0,3.829177990772621,1
14:44:44.977255,174,0.585958858491586,0.2821092778740699,1.3993884712752895,0.0697200018621515,50.87999886274338,1.0,0.9922835031845996,1
14:44:44.977255,174,0.6234055784029982,0.2971429473187582,1.3498278003965989,0.0697200018621515,80.75999819487333,1.0,0.6262251545642565,1
14:44:44.977255,174,0.6649769045326657,0.3169576984182959,1.3064715625210952,0.0697200018621515,52.7599988207221,1.0,1.750490817063195,1
14:44:44.977255,174,0.5505902369804548,0.2901613594947909,1.4630262198351964,-3.4095600910659414,11.639999739825726,1.0,5.805749441241957,1
14:44:44.977255,174,0.5944000266500185,0.2707075067528762,1.402443566639498,-0.0697200018621515,59.11999867856503,1.0,0.8487145225512243,1
14:44:44.977255,174,0.649596490574231,0.3479120582068832,1.3067325487747938,0.0697200018621515,37.11999917030335,1.0,4.2497509677583025,1
14:44:45.029904,175,0.701124149603718,0.3837511598056566,-0.6203209926567673,-0.1391600037168245,16.759999625384808,1.0,2.448766030816642,1
14:44:45.029904,175,0.6933094180875466,0.3976959600006403,-0.6203209926567673,-0.1391600037168245,18.35999958962202,1.0,2.409946973123396,1
14:44:45.029904,175,0.6792451815426475,0.4654911514568027,-0.5878623401842613,-0.1391600037168245,19.35999956727028,1.0,3.6608246333082692,1
14:44:45.029904,175,0.635509068193122,0.3234538659733922,-0.6254263795951976,-0.1391600037168245,15.999999642372131,1.0,3.9905046704903873,1
14:44:45.029904,175,0.6255209502874973,0.3423707346141749,-0.6254263795951976,-0.1391600037168245,19.119999572634697,1.0,2.863700960807318,1
14:44:45.029904,175,0.6174373256586763,0.4141211521095417,-0.5890052255466902,-0.1391600037168245,22.63999949395657,1.0,3.6553798936195654,1
14:44:45.029904,175,0.5777177845508945,0.4679394631303057,-0.5890052255466902,-0.1391600037168245,28.639999359846115,1.0,0.7494395180410747,1
14:44:45.029904,175,0.5959682591160491,0.4444626124515518,-0.5890052255466902,-0.1391600037168245,28.639999359846115,1.0,0.9357453274279868,1
14:44:45.029904,175,0.5869604099972066,0.4562922932035821,-0.5890052255466902,-0.1391600037168245,29.519999340176582,1.0,0.6265799291456524,1
14:44:45.029904,175,0.568244079703893,0.4793994635192538,-0.5890052255466902,-0.1391600037168245,26.119999416172504,1.0,1.2951383991302658,1
14:44:45.029904,175,0.5585430848116568,0.4906677105232734,-0.5890052255466902,-0.1391600037168245,22.879999488592148,1.0,2.2541078346496257,1
14:44:45.029904,175,0.5486186801426248,0.5017396969940059,-0.5890052255466902,-0.1391600037168245,19.519999563694,1.0,3.6164148301727614,1
14:44:45.029904,175,0.5132277640121868,0.3748282662621127,-0.6162537383273349,-0.1391600037168245,11.879999734461308,1.0,6.4915786371103525,1
14:44:45.029904,175,0.6047377288880388,0.432455152588577,-0.5890052255466902,-0.1391600037168245,25.999999418854717,1.0,1.6857200744023242,1
14:44:45.302662,180,0.6002938510470766,0.3443403957113166,-0.4435775563111612,-0.0697200018621515,10.359999768435957,1.0,7.574644624574258,1
14:44:45.302662,180,0.6572930624157415,0.3597607858420215,-0.5815413506646343,-0.0697200018621515,22.99999948590994,1.0,4.158594792331782,1
14:44:45.302662,180,0.6101304332678992,0.3831981882800425,-0.5143613903119519,-0.0697200018621515,26.239999413490292,1.0,0.6161285812428328,1
14:44:45.302662,180,0.6462060982504058,0.3793147393834302,-0.5815413506646343,-0.0697200018621515,24.879999443888664,1.0,2.998289695554483,1
14:44:45.302662,180,0.6023449585805493,0.3953233461021215,-0.5143613903119519,-0.0697200018621515,25.23999943584204,1.0,0.7392299690128594,1
14:44:45.302662,180,0.585958858491586,0.4279463396764181,-0.507130933248228,-0.0697200018621515,20.119999550282955,1.0,1.692007288953539,1
14:44:45.302662,180,0.5944000266500185,0.4161423576201588,-0.507130933248228,-0.0697200018621515,22.99999948590994,1.0,0.6937006464985971,1
14:44:45.302662,180,0.6593102608170494,0.4518296203117694,-0.6203209926567673,-0.0697200018621515,14.759999670088291,1.0,4.081655726012798,1
14:44:45.302662,180,0.6141756088048486,0.4676712189073924,-0.5511118652481066,-0.0697200018621515,24.23999945819378,1.0,2.796087569556689,1
14:44:45.302662,180,0.5772833146129147,0.4395791489103338,-0.507130933248228,-0.0697200018621515,17.11999961733818,1.0,3.418332620505847,1
14:44:45.302662,180,0.6367818677471718,0.4363907656602692,-0.5511118652481066,-0.0697200018621515,25.87999942153692,1.0,4.061455178228558,1
