{"timestamp": "15:15:26.978823", "frame": 29, "mu": [-2.324915736097164, 0.9119003865984783, 0.7777563349811689], "Sigma": [[0.0020992702868163514, 0.0027196955338682476, -0.0019675136075164626], [0.0027196955338682476, 0.004474496970091578, -0.001912736641174919], [-0.0019675136075164626, -0.001912736641174919, 0.0022788962456836647]], "chi2_level": 0.997, "chi2_df": 3, "chi2_threshold": 13.931422665512084, "N_raw": 6, "N_roi": 6, "N_inlier": 6, "refit": true}
{"timestamp": "15:15:27.149888", "frame": 32, "mu": [-2.3128852037490444, 0.9056205884749531, 1.0208466111555783], "Sigma": [[0.007530584955516134, 0.008745983642963175, -0.00338696636252282], [0.008745983642963175, 0.02061850046528154, -0.00938324021766925], [-0.00338696636252282, -0.009383240217669248, 0.006280296688635042]], "chi2_level": 0.997, "chi2_df": 3, "chi2_threshold": 13.931422665512084, "N_raw": 40, "N_roi": 40, "N_inlier": 39, "refit": true}
{"timestamp": "15:15:27.204697", "frame": 33, "mu": [-2.280567374340918, 1.1232365734080805, -0.6164310536664477], "Sigma": [[0.009437140189456796, 0.007019723867436404, -0.006337977241955716], [0.007019723867436404, 0.026232314296389402, -0.0022900691957637304], [-0.006337977241955715, -0.0022900691957637304, 0.005905337124628364]], "chi2_level": 0.997, "chi2_df": 3, "chi2_threshold": 13.931422665512084, "N_raw": 43, "N_roi": 43, "N_inlier": 43, "refit": true}
{"timestamp": "15:15:27.257826", "frame": 34, "mu": [-2.189563513699973, 1.038120373189595, 1.0472559427482298], "Sigma": [[0.00511051193713679, 0.0028230019435830068, -0.0011303593942614937], [0.0028230019435830068, 0.0060336153083374285, -0.004813573760383621], [-0.0011303593942614935, -0.004813573760383621, 0.0070643805005028695]], "chi2_level": 0.997, "chi2_df": 3, "chi2_threshold": 13.931422665512084, "N_raw": 30, "N_roi": 30, "N_inlier": 30, "refit": true}
{"timestamp": "15:15:27.312829", "frame": 35, "mu": [-2.2031038759087207, 1.0820010028717097, 1.0782531651589504], "Sigma": [[0.003884583681625989, 0.003995430225469951, 0.001534559711913913], [0.003995430225469951, 0.006960111956161446, -0.000988814905562405], [0.001534559711913913, -0.0009888149055624052, 0.0189372157620303]], "chi2_level": 0.997, "chi2_df": 3, "chi2_threshold": 13.931422665512084, "N_raw": 26, "N_roi": 26, "N_inlier": 26, "refit": true}
{"timestamp": "15:15:27.421938", "frame": 37, "mu": [-2.1214893327521827, 1.1551631656032564, 1.2686824109593362], "Sigma": [[0.006116259065528412, 0.0037351817573624047, -0.004842381997826505], [0.0037351817573624056, 0.007020108270514845, -0.004484827616839434], [-0.004842381997826505, -0.004484827616839434, 0.004955367572627424]], "chi2_level": 0.997, "chi2_df": 3, "chi2_threshold": 13.931422665512084, "N_raw": 25, "N_roi": 25, "N_inlier": 25, "refit": true}
{"timestamp": "15:15:27.532710", "frame": 39, "mu": [-2.092565273478428, 1.1684166579781659, 1.2133019582104736], "Sigma": [[0.005088308747449845, 0.0040672075747556526, -0.0022045305865583727], [0.0040672075747556526, 0.008185868030556232, -0.0028554537739200903], [-0.0022045305865583727, -0.0028554537739200903, 0.0016559683477496729]], "chi2_level": 0.997, "chi2_df": 3, "chi2_threshold": 13.931422665512084, "N_raw": 25, "N_roi": 25, "N_inlier": 24, "refit": true}
{"timestamp": "15:15:27.587233", "frame": 40, "mu": [-2.126086329464613, 1.220660431880832, 1.2764986081456147], "Sigma": [[0.005685215148989123, 0.005777148748123561, -0.00424253066772805], [0.005777148748123561, 0.008946252295745777, -0.004893337411563593], [-0.00424253066772805, -0.004893337411563593, 0.003676097984744411]], "chi2_level": 0.997, "chi2_df": 3, "chi2_threshold": 13.931422665512084, "N_raw": 20, "N_roi": 20, "N_inlier": 20, "refit": true}
{"timestamp": "15:15:27.641044", "frame": 41, "mu": [-2.0114992767973936, 1.1531938072633323, 1.1685266270300974], "Sigma": [[0.004016126670697468, 0.004453050962118893, -0.00359677684145418], [0.004453050962118893, 0.005041308012690936, -0.0038223698414331826], [-0.00359677684145418, -0.0038223698414331826, 0.0035359377519447043]], "chi2_level": 0.997, "chi2_df": 3, "chi2_threshold": 13.931422665512084, "N_raw": 9, "N_roi": 9, "N_inlier": 9, "refit": true}
{"timestamp": "15:15:27.860032", "frame": 45, "mu": [-1.974790176536052, 1.4027035117057727, 1.3472348351203696], "Sigma": [[0.0037539147122763353, 0.0029805686602992648, -0.0015255948620902819], [0.0029805686602992648, 0.002914092648659772, -0.0020219713385370474], [-0.0015255948620902817, -0.0020219713385370474, 0.0034289672555908764]], "chi2_level": 0.997, "chi2_df": 3, "chi2_threshold": 13.931422665512084, "N_raw": 9, "N_roi": 9, "N_inlier": 9, "refit": true}
{"timestamp": "15:15:27.917313", "frame": 46, "mu": [-2.0239203906651935, 1.506325582005978, 1.564098486975448], "Sigma": [[0.010504550702006175, 0.008080780257607958, -0.008867366545107124], [0.008080780257607958, 0.011287930867736393, -0.009097936412954054], [-0.008867366545107122, -0.009097936412954054, 0.014816273023878767]], "chi2_level": 0.997, "chi2_df": 3, "chi2_threshold": 13.931422665512084, "N_raw": 23, "N_roi": 23, "N_inlier": 23, "refit": true}
{"timestamp": "15:15:27.976565", "frame": 47, "mu": [-1.923474759304453, 1.6390951319646734, -0.2440086095331404], "Sigma": [[0.012803553021530082, 0.014068333228461734, 0.010163732822798994], [0.014068333228461734, 0.024908428103506054, 0.016456333450489365], [0.010163732822798994, 0.016456333450489365, 0.02562501012763884]], "chi2_level": 0.997, "chi2_df": 3, "chi2_threshold": 13.931422665512084, "N_raw": 52, "N_roi": 52, "N_inlier": 49, "refit": true}
{"timestamp": "15:15:28.027205", "frame": 48, "mu": [-1.8976719596576364, 1.5701689001651171, 1.2132767682859424], "Sigma": [[0.067433954973097, 0.045599607028783004, -0.10006859995376932], [0.045599607028783, 0.034414670169717526, -0.06799370860680051], [-0.10006859995376935, -0.06799370860680051, 0.26819598052721577]], "chi2_level": 0.997, "chi2_df": 3, "chi2_threshold": 13.931422665512084, "N_raw": 23, "N_roi": 23, "N_inlier": 23, "refit": true}
{"timestamp": "15:15:28.080566", "frame": 49, "mu": [-1.678369684824677, 1.8496659509365863, 1.1520486605026425], "Sigma": [[0.056212561610482714, 0.03615147750771882, -0.15140151634228977], [0.03615147750771882, 0.0279026293072808, -0.09435842150301142], [-0.15140151634228977, -0.0943584215030114, 0.45322132487735983]], "chi2_level": 0.997, "chi2_df": 3, "chi2_threshold": 13.931422665512084, "N_raw": 8, "N_roi": 8, "N_inlier": 8, "refit": true}
{"timestamp": "15:15:28.135782", "frame": 50, "mu": [-1.7152235401925133, 1.9500801316087184, -0.3365724689965828], "Sigma": [[0.06480824184564091, 0.10004993811371188, -0.18902320400533035], [0.10004993811371188, 0.1606243640333125, -0.3084165990221046], [-0.18902320400533035, -0.3084165990221046, 0.622550691354325]], "chi2_level": 0.997, "chi2_df": 3, "chi2_threshold": 13.931422665512084, "N_raw": 12, "N_roi": 12, "N_inlier": 12, "refit": true}
{"timestamp": "15:15:28.194013", "frame": 51, "mu": [-1.6380645575182178, 1.9044907617872247, 1.4388291887667113], "Sigma": [[0.030464806078906614, 0.017079593850317785, -0.0832375678179107], [0.017079593850317785, 0.014219625935494175, -0.03748882672279352], [-0.0832375678179107, -0.03748882672279353, 0.33206353203633215]], "chi2_level": 0.997, "chi2_df": 3, "chi2_threshold": 13.931422665512084, "N_raw": 33, "N_roi": 33, "N_inlier": 33, "refit": true}
{"timestamp": "15:15:28.249621", "frame": 52, "mu": [-1.6713004553869102, 1.9094764542083995, 0.16208296565904587], "Sigma": [[0.027698629071359858, 0.02968951995559529, -0.0032466731049947215], [0.029689519955595288, 0.03602378102903783, -0.004845522512484629], [-0.0032466731049947207, -0.004845522512484631, 0.017002820789222564]], "chi2_level": 0.997, "chi2_df": 3, "chi2_threshold": 13.931422665512084, "N_raw": 39, "N_roi": 36, "N_inlier": 34, "refit": true}
{"timestamp": "15:15:28.307325", "frame": 53, "mu": [-1.521409388017336, 2.0456788419769665, 1.5980803259439427], "Sigma": [[0.00700879602279548, 0.0029079830738512947, -0.006113451196767119], [0.002907983073851295, 0.0045684734575478165, -0.00537810647694637], [-0.006113451196767119, -0.00537810647694637, 0.011874354628212567]], "chi2_level": 0.997, "chi2_df": 3, "chi2_threshold": 13.931422665512084, "N_raw": 36, "N_roi": 35, "N_inlier": 34, "refit": true}
{"timestamp": "15:15:28.361467", "frame": 54, "mu": [-1.5391237095519834, 2.110699651666372, 1.5729309355810204], "Sigma": [[0.006996708369557591, 0.004043057748827346, -0.0070919486973573635], [0.004043057748827346, 0.004395718059229612, -0.009146406645526444], [-0.0070919486973573635, -0.009146406645526444, 0.024718080891381236]], "chi2_level": 0.997, "chi2_df": 3, "chi2_threshold": 13.931422665512084, "N_raw": 36, "N_roi": 36, "N_inlier": 35, "refit": true}
{"timestamp": "15:15:28.413270", "frame": 55, "mu": [-1.4058438841448506, 2.1028225859526772, 1.5719021599050438], "Sigma": [[0.003663131578418425, 0.00047025923813774596, -0.005511232368305226], [0.00047025923813774585, 0.0034564575834276643, -0.0004756774503323954], [-0.005511232368305227, -0.0004756774503323954, 0.019745095201683497]], "chi2_level": 0.997, "chi2_df": 3, "chi2_threshold": 13.931422665512084, "N_raw": 21, "N_roi": 21, "N_inlier": 20, "refit": true}
{"timestamp": "15:15:28.471561", "frame": 56, "mu": [-1.3950862052626163, 2.1869264010164056, 1.504519643225322], "Sigma": [[0.007369380286035566, 0.0025676757100964484, -0.012213486415911414], [0.0025676757100964484, 0.0033093270266537395, -0.0061263105843236175], [-0.012213486415911414, -0.006126310584323617, 0.058146316118071736]], "chi2_level": 0.997, "chi2_df": 3, "chi2_threshold": 13.931422665512084, "N_raw": 39, "N_roi": 39, "N_inlier": 36, "refit": true}
{"timestamp": "15:15:28.527280", "frame": 57, "mu": [-1.28322972137968, 2.1822428441185315, 1.3244480805325487], "Sigma": [[0.002703282395672376, 0.00029592699220668195, -0.003908932537804209], [0.0002959269922066819, 0.005719263155851949, -0.018128407059789166], [-0.003908932537804208, -0.018128407059789166, 0.155964738119809]], "chi2_level": 0.997, "chi2_df": 3, "chi2_threshold": 13.931422665512084, "N_raw": 30, "N_roi": 25, "N_inlier": 24, "refit": true}
{"timestamp": "15:15:28.577601", "frame": 58, "mu": [-1.2605831083574222, 2.303658191636213, 0.7874114549497548], "Sigma": [[0.0020191777937751216, 0.0014605215249260855, -0.029751573455077382], [0.0014605215249260857, 0.005711905429928108, -0.04271207056827495], [-0.029751573455077382, -0.04271207056827495, 0.5398023869689812]], "chi2_level": 0.997, "chi2_df": 3, "chi2_threshold": 13.931422665512084, "N_raw": 8, "N_roi": 8, "N_inlier": 8, "refit": true}
{"timestamp": "15:15:28.639872", "frame": 59, "mu": [-1.2461065670551636, 2.307070740137887, 1.42404077708607], "Sigma": [[0.010068824014376978, 0.0013890854012970641, -0.007479139711809238], [0.0013890854012970641, 0.004752188902783128, -0.004329774088986469], [-0.0074791397118092375, -0.00432977408898647, 0.011037049365532079]], "chi2_level": 0.997, "chi2_df": 3, "chi2_threshold": 13.931422665512084, "N_raw": 56, "N_roi": 56, "N_inlier": 52, "refit": true}
{"timestamp": "15:15:28.688733", "frame": 60, "mu": [-1.161400634332164, 2.3285615519225367, 0.7467708192722343], "Sigma": [[0.001993406769575368, 0.003321080471978236, -0.01982640456428822], [0.0033210804719782353, 0.03725287250471042, 0.0658485654725377], [-0.01982640456428822, 0.06584856547253772, 0.6411301165480195]], "chi2_level": 0.997, "chi2_df": 3, "chi2_threshold": 13.931422665512084, "N_raw": 12, "N_roi": 10, "N_inlier": 10, "refit": true}
{"timestamp": "15:15:28.743678", "frame": 61, "mu": [-1.0986570845169186, 2.388136218650323, 0.628224337456775], "Sigma": [[0.0041182583048665995, 0.0027058533700229127, -0.04097078687004237], [0.0027058533700229127, 0.017034349956793392, 0.006618418298191002], [-0.04097078687004235, 0.006618418298191002, 0.5865909383577802]], "chi2_level": 0.997, "chi2_df": 3, "chi2_threshold": 13.931422665512084, "N_raw": 13, "N_roi": 10, "N_inlier": 10, "refit": true}
{"timestamp": "15:15:28.810859", "frame": 62, "mu": [-1.058175039051315, 2.4464154667976405, -0.9270888230759597], "Sigma": [[0.011193822021492238, 0.00864573078936292, 0.016563967912024868], [0.00864573078936292, 0.021555743481444026, 0.047962667627809735], [0.016563967912024868, 0.04796266762780973, 0.22836991721698413]], "chi2_level": 0.997, "chi2_df": 3, "chi2_threshold": 13.931422665512084, "N_raw": 97, "N_roi": 97, "N_inlier": 97, "refit": true}
{"timestamp": "15:15:28.859832", "frame": 63, "mu": [-1.0712942487830281, 2.4140991807766254, 0.4493758921482363], "Sigma": [[0.014385379864201958, 0.005268575865576219, 0.012012821111777785], [0.005268575865576219, 0.00409333988432205, 0.01144810391109653], [0.012012821111777785, 0.01144810391109653, 0.0969995444766667]], "chi2_level": 0.997, "chi2_df": 3, "chi2_threshold": 13.931422665512084, "N_raw": 49, "N_roi": 49, "N_inlier": 47, "refit": true}
{"timestamp": "15:15:28.919897", "frame": 64, "mu": [-1.0103302102844984, 2.607983447866389, 1.1722807928714973], "Sigma": [[0.013321754679775883, -0.002594239679438044, -0.004542607768993002], [-0.002594239679438044, 0.008309379971871964, -0.02205493918245202], [-0.004542607768993002, -0.02205493918245202, 0.1273352201163445]], "chi2_level": 0.997, "chi2_df": 3, "chi2_threshold": 13.931422665512084, "N_raw": 94, "N_roi": 92, "N_inlier": 91, "refit": true}
{"timestamp": "15:15:28.966899", "frame": 65, "mu": [-0.9337067862451075, 2.6452387692072477, 0.655552118850772], "Sigma": [[0.004380567248642698, 0.0036133912635362845, 0.009171738847204146], [0.0036133912635362845, 0.01517636148745244, -0.015452239706388751], [0.009171738847204146, -0.015452239706388751, 0.2182897912106715]], "chi2_level": 0.997, "chi2_df": 3, "chi2_threshold": 13.931422665512084, "N_raw": 25, "N_roi": 22, "N_inlier": 22, "refit": true}
{"timestamp": "15:15:29.032967", "frame": 66, "mu": [-0.8919350208089875, 2.718854594102323, -0.38475123753614476], "Sigma": [[0.011517862503827072, -0.00328593539901444, 0.06488026072880453], [-0.0032859353990144402, 0.03025132041482367, -0.028719823463052126], [0.06488026072880453, -0.028719823463052126, 0.47678220362424106]], "chi2_level": 0.997, "chi2_df": 3, "chi2_threshold": 13.931422665512084, "N_raw": 112, "N_roi": 107, "N_inlier": 106, "refit": true}
{"timestamp": "15:15:29.082478", "frame": 67, "mu": [-0.8702306046653894, 2.6893815449487772, 1.2398684514173], "Sigma": [[0.011103959504200204, 0.00012049812736168845, -0.003045386086659026], [0.00012049812736168852, 0.004537756635801393, 0.0003028799483767484], [-0.003045386086659025, 0.00030287994837674827, 0.29915749005313863]], "chi2_level": 0.997, "chi2_df": 3, "chi2_threshold": 13.931422665512084, "N_raw": 66, "N_roi": 64, "N_inlier": 64, "refit": true}
{"timestamp": "15:15:29.136890", "frame": 68, "mu": [-0.803924259608471, 2.698559194176019, 1.2933514799689343], "Sigma": [[0.008283746377536757, -0.0005374514139122871, -0.004388528141606033], [-0.0005374514139122871, 0.006036415195114878, -0.004371899526016208], [-0.004388528141606033, -0.004371899526016208, 0.041726863382943735]], "chi2_level": 0.997, "chi2_df": 3, "chi2_threshold": 13.931422665512084, "N_raw": 61, "N_roi": 59, "N_inlier": 56, "refit": true}
{"timestamp": "15:15:29.190517", "frame": 69, "mu": [-0.7910033499271185, 2.773806747920482, 1.3471900737193858], "Sigma": [[0.010715322236424055, -0.00034164761723561775, -0.010723474174579613], [-0.0003416476172356179, 0.005194497020637516, -0.009535048011055564], [-0.010723474174579613, -0.009535048011055562, 0.11766088066830982]], "chi2_level": 0.997, "chi2_df": 3, "chi2_threshold": 13.931422665512084, "N_raw": 58, "N_roi": 57, "N_inlier": 55, "refit": true}
{"timestamp": "15:15:29.247429", "frame": 70, "mu": [-0.8018415552274106, 2.8442981866497568, 0.9699885456088202], "Sigma": [[0.012930345044398911, 0.0035282358755412795, 0.00895020108916041], [0.0035282358755412795, 0.00728503495744334, 0.02363844232209384], [0.008950201089160408, 0.02363844232209384, 0.36808830856383135]], "chi2_level": 0.997, "chi2_df": 3, "chi2_threshold": 13.931422665512084, "N_raw": 67, "N_roi": 63, "N_inlier": 62, "refit": true}
{"timestamp": "15:15:29.298545", "frame": 71, "mu": [-0.7867461264807756, 2.8817041486739727, 0.2582789737434316], "Sigma": [[0.033131080107085945, 0.010984021817259385, -0.03353305704035509], [0.010984021817259385, 0.004193517269242803, -0.010528013000564808], [-0.03353305704035509, -0.010528013000564811, 0.11432819091963553]], "chi2_level": 0.997, "chi2_df": 3, "chi2_threshold": 13.931422665512084, "N_raw": 51, "N_roi": 49, "N_inlier": 46, "refit": true}
{"timestamp": "15:15:29.356705", "frame": 72, "mu": [-0.7308205472470886, 2.9654209893032237, 0.9212213561878662], "Sigma": [[0.01802503030694161, -0.001398266778577131, 0.01927282379301417], [-0.0013982667785771307, 0.0022256502867188267, -0.00829587528581107], [0.01927282379301417, -0.008295875285811072, 0.1722669165666334]], "chi2_level": 0.997, "chi2_df": 3, "chi2_threshold": 13.931422665512084, "N_raw": 69, "N_roi": 69, "N_inlier": 68, "refit": true}
{"timestamp": "15:15:29.407840", "frame": 73, "mu": [-0.7379976785080822, 3.2666397378701526, -0.6974695211674862], "Sigma": [[0.015108850153076206, -0.00320792153710825, 0.013976382371524782], [-0.00320792153710825, 0.01248100654483142, -0.04145487668081943], [0.01397638237152478, -0.04145487668081943, 0.15491609133985265]], "chi2_level": 0.997, "chi2_df": 3, "chi2_threshold": 13.931422665512084, "N_raw": 39, "N_roi": 39, "N_inlier": 38, "refit": true}
{"timestamp": "15:15:29.458907", "frame": 74, "mu": [-0.5238429882682698, 3.0070405515582195, 0.7071395850442393], "Sigma": [[0.0012052142439069183, -0.0013293202570950965, -0.004811454711045779], [-0.0013293202570950962, 0.006260089290516251, -0.016274821206202925], [-0.004811454711045779, -0.016274821206202928, 0.5299540608286358]], "chi2_level": 0.997, "chi2_df": 3, "chi2_threshold": 13.931422665512084, "N_raw": 13, "N_roi": 9, "N_inlier": 9, "refit": true}
{"timestamp": "15:15:29.526085", "frame": 75, "mu": [-0.48976623198553704, 3.0774250082611103, 0.8879208631977842], "Sigma": [[0.01849888042255355, -0.0022555512186351817, 0.003690220684621771], [-0.0022555512186351817, 0.003890708973347622, -0.02854253005279018], [0.003690220684621771, -0.02854253005279018, 0.3059344802673745]], "chi2_level": 0.997, "chi2_df": 3, "chi2_threshold": 13.931422665512084, "N_raw": 105, "N_roi": 105, "N_inlier": 104, "refit": true}
{"timestamp": "15:15:29.581106", "frame": 76, "mu": [-0.4147236596588831, 3.063699431630736, 1.0263184500080555], "Sigma": [[0.016550868777721377, -0.00023998680409689576, -0.003885693791429775], [-0.00023998680409689576, 0.0038302914967352475, 0.001956141058364725], [-0.003885693791429774, 0.0019561410583647247, 0.4037009081942476]], "chi2_level": 0.997, "chi2_df": 3, "chi2_threshold": 13.931422665512084, "N_raw": 94, "N_roi": 91, "N_inlier": 90, "refit": true}
{"timestamp": "15:15:29.627726", "frame": 77, "mu": [-0.3548765403333315, 3.124970857079937, 1.4495109305797598], "Sigma": [[0.01022625000369389, -0.0007897750378747977, -0.01058389377460875], [-0.0007897750378747977, 0.0042360558512659924, 0.021570812929275453], [-0.01058389377460875, 0.021570812929275453, 0.2821754498380348]], "chi2_level": 0.997, "chi2_df": 3, "chi2_threshold": 13.931422665512084, "N_raw": 43, "N_roi": 30, "N_inlier": 29, "refit": true}
{"timestamp": "15:15:29.685732", "frame": 78, "mu": [-0.29703125667695107, 3.146569900996619, 1.2605987351255603], "Sigma": [[0.01299420985244892, -0.000117559936293062, -0.006493389017088288], [-0.00011755993629306233, 0.008024347100013112, -0.01925829160890699], [-0.006493389017088287, -0.01925829160890699, 0.10024611844644353]], "chi2_level": 0.997, "chi2_df": 3, "chi2_threshold": 13.931422665512084, "N_raw": 64, "N_roi": 59, "N_inlier": 56, "refit": true}
{"timestamp": "15:15:29.738803", "frame": 79, "mu": [-0.2909088626972362, 3.196871176082343, 1.3675068590023927], "Sigma": [[0.012793725757377495, -0.0015337829707486855, 0.0003360079344243657], [-0.0015337829707486855, 0.004121900795999223, -0.006417310066634573], [0.00033600793442436583, -0.006417310066634572, 0.015132412107594]], "chi2_level": 0.997, "chi2_df": 3, "chi2_threshold": 13.931422665512084, "N_raw": 55, "N_roi": 55, "N_inlier": 52, "refit": true}
{"timestamp": "15:15:29.796548", "frame": 80, "mu": [-0.2663678603409043, 3.255777687629647, 1.488041931878381], "Sigma": [[0.015354060824818253, -0.001900143814133439, -0.007234495702955503], [-0.001900143814133439, 0.00792011813116853, -0.002501671298805199], [-0.007234495702955503, -0.002501671298805199, 0.011737796398017652]], "chi2_level": 0.997, "chi2_df": 3, "chi2_threshold": 13.931422665512084, "N_raw": 73, "N_roi": 72, "N_inlier": 67, "refit": true}
{"timestamp": "15:15:29.850455", "frame": 81, "mu": [-0.1814233468207115, 2.6164702013302854, -0.24697358571187927], "Sigma": [[0.018361012183099146, -0.04076612511104616, -0.054765871294532184], [-0.04076612511104617, 0.6657436347202784, 0.9095014057144262], [-0.0547658712945322, 0.9095014057144262, 1.6891349120190753]], "chi2_level": 0.997, "chi2_df": 3, "chi2_threshold": 13.931422665512084, "N_raw": 55, "N_roi": 53, "N_inlier": 53, "refit": true}
{"timestamp": "15:15:29.910353", "frame": 82, "mu": [-0.19142604131721613, 3.0661359400151458, 0.4235589126736456], "Sigma": [[0.017551147433961384, 0.005995979873345315, -0.009341681803125185], [0.0059959798733453164, 0.41272944741061607, 0.6526407128873838], [-0.009341681803125182, 0.6526407128873838, 1.3642939788565946]], "chi2_level": 0.997, "chi2_df": 3, "chi2_threshold": 13.931422665512084, "N_raw": 100, "N_roi": 100, "N_inlier": 100, "refit": true}
{"timestamp": "15:15:29.955970", "frame": 83, "mu": [-0.19577953189339684, 3.4111487911109037, 0.667388103763132], "Sigma": [[0.01323241451347239, -0.00022532567256051364, 0.0059187836634685765], [-0.00022532567256051386, 0.006764018884063355, 5.249969855895397e-05], [0.005918783663468579, 5.2499698558953535e-05, 0.1517796822986293]], "chi2_level": 0.997, "chi2_df": 3, "chi2_threshold": 13.931422665512084, "N_raw": 29, "N_roi": 29, "N_inlier": 28, "refit": true}
{"timestamp": "15:15:30.008035", "frame": 84, "mu": [-0.14540866969497632, 2.783392303402587, -0.009607417951916004], "Sigma": [[0.007347379613049448, 0.042921844668990315, 0.10026787974185424], [0.04292184466899032, 0.7372958131170793, 1.3204784962144975], [0.10026787974185425, 1.3204784962144978, 2.5748133117391507]], "chi2_level": 0.997, "chi2_df": 3, "chi2_threshold": 13.931422665512084, "N_raw": 14, "N_roi": 14, "N_inlier": 13, "refit": true}
{"timestamp": "15:15:30.066311", "frame": 85, "mu": [-0.03632051477012279, 3.5624162441299188, 1.5142117076586379], "Sigma": [[0.013765428755673857, -0.0019031816569295163, -0.01771340917004296], [-0.0019031816569295163, 0.0033029464631140018, -0.0004871748110126809], [-0.01771340917004296, -0.00048717481101268094, 0.030094521358855847]], "chi2_level": 0.997, "chi2_df": 3, "chi2_threshold": 13.931422665512084, "N_raw": 40, "N_roi": 40, "N_inlier": 37, "refit": true}
{"timestamp": "15:15:30.121430", "frame": 86, "mu": [0.018384100459526816, 3.5623125790850505, 1.2918237413775047], "Sigma": [[0.007247935746468283, -0.003664958922567773, 0.001584676315269185], [-0.003664958922567773, 0.011239628078975895, -0.03906293021484539], [0.001584676315269185, -0.03906293021484539, 0.27129201328611213]], "chi2_level": 0.997, "chi2_df": 3, "chi2_threshold": 13.931422665512084, "N_raw": 37, "N_roi": 37, "N_inlier": 37, "refit": true}
{"timestamp": "15:15:30.178450", "frame": 87, "mu": [0.02528887761846208, 3.603088952238273, 1.4628285076473164], "Sigma": [[0.011763325641072818, -0.003079486632554436, -0.009246181241331058], [-0.003079486632554436, 0.005731722657172654, -0.00338617331433579], [-0.009246181241331058, -0.0033861733143357893, 0.18136261207890317]], "chi2_level": 0.997, "chi2_df": 3, "chi2_threshold": 13.931422665512084, "N_raw": 49, "N_roi": 49, "N_inlier": 47, "refit": true}
{"timestamp": "15:15:30.229430", "frame": 88, "mu": [0.0730458161660763, 3.6833089769605643, 1.134815569489071], "Sigma": [[0.00839872123845858, -0.0020338397656764423, -0.009907289808042794], [-0.0020338397656764423, 0.010214221101755657, -0.030318523645681755], [-0.009907289808042794, -0.030318523645681755, 0.22707768013467733]], "chi2_level": 0.997, "chi2_df": 3, "chi2_threshold": 13.931422665512084, "N_raw": 25, "N_roi": 25, "N_inlier": 23, "refit": true}
{"timestamp": "15:15:30.282624", "frame": 89, "mu": [0.16032171987223073, 3.6945746234781462, 1.159158607284372], "Sigma": [[0.0047515569263354715, 0.002986037458715998, -0.0399426581861865], [0.002986037458715997, 0.021935532648810794, -0.060228323757584946], [-0.0399426581861865, -0.060228323757584946, 0.4348668675875245]], "chi2_level": 0.997, "chi2_df": 3, "chi2_threshold": 13.931422665512084, "N_raw": 8, "N_roi": 8, "N_inlier": 8, "refit": true}
{"timestamp": "15:15:30.348660", "frame": 90, "mu": [0.143748740272309, 3.806404522420322, 0.18920105714210841], "Sigma": [[0.02143444820167938, -0.009789855160852432, 0.02588036040418265], [-0.009789855160852432, 0.03384732700635795, -0.08734423555747356], [0.02588036040418265, -0.08734423555747356, 0.24883925530680354]], "chi2_level": 0.997, "chi2_df": 3, "chi2_threshold": 13.931422665512084, "N_raw": 59, "N_roi": 56, "N_inlier": 55, "refit": true}
{"timestamp": "15:15:30.394507", "frame": 91, "mu": [0.12973846475352946, 3.817024934584898, 0.5948132027134314], "Sigma": [[0.01251237307276004, 0.0005722274279062517, 0.000528787652825391], [0.0005722274279062517, 0.0023032993017548845, 0.0009611354352094073], [0.0005287876528253909, 0.0009611354352094073, 0.001175129864935845]], "chi2_level": 0.997, "chi2_df": 3, "chi2_threshold": 13.931422665512084, "N_raw": 27, "N_roi": 22, "N_inlier": 21, "refit": true}
{"timestamp": "15:15:30.448814", "frame": 92, "mu": [0.29867368352978046, 3.836723074320772, 1.1036451915302223], "Sigma": [[0.013355772897984805, 0.0011776034506782544, 0.02177371194218871], [0.0011776034506782544, 0.0034750307991212826, -0.013142876298017445], [0.02177371194218871, -0.013142876298017447, 0.1962941595231957]], "chi2_level": 0.997, "chi2_df": 3, "chi2_threshold": 13.931422665512084, "N_raw": 14, "N_roi": 14, "N_inlier": 12, "refit": true}
{"timestamp": "15:15:30.502215", "frame": 93, "mu": [0.2089350255407857, 3.903033180976406, 1.0490375728000303], "Sigma": [[0.00738544584569797, -0.0006321049445082835, -0.009094806912389019], [-0.0006321049445082834, 0.0013515630434173833, -0.010511200282889396], [-0.009094806912389019, -0.010511200282889396, 0.22097261537495197]], "chi2_level": 0.997, "chi2_df": 3, "chi2_threshold": 13.931422665512084, "N_raw": 7, "N_roi": 7, "N_inlier": 7, "refit": true}
{"timestamp": "15:15:30.558762", "frame": 94, "mu": [0.3153674585402443, 3.9516580515674145, 1.1972304538319425], "Sigma": [[0.0015214759748024137, -0.003272308915948946, 0.0003588660126828119], [-0.0032723089159489463, 0.007624831074525631, -0.0005600654969962951], [0.0003588660126828119, -0.0005600654969962952, 0.004596045630885317]], "chi2_level": 0.997, "chi2_df": 3, "chi2_threshold": 13.931422665512084, "N_raw": 7, "N_roi": 5, "N_inlier": 5, "refit": true}
{"timestamp": "15:15:30.615682", "frame": 95, "mu": [0.3405145826655104, 3.954623812394905, 1.361038045153858], "Sigma": [[0.01696773260293034, -0.0030125984569113595, -0.010894664073121285], [-0.0030125984569113595, 0.003192366748087395, -0.0017991339271837665], [-0.010894664073121285, -0.0017991339271837665, 0.01907002162269714]], "chi2_level": 0.997, "chi2_df": 3, "chi2_threshold": 13.931422665512084, "N_raw": 30, "N_roi": 30, "N_inlier": 28, "refit": true}
{"timestamp": "15:15:30.670687", "frame": 96, "mu": [0.4291719784250814, 4.0330035889772935, 1.3417174176979116], "Sigma": [[0.012252826808444615, -0.003424962796344339, -0.012319370602331344], [-0.003424962796344339, 0.0036224405328680077, -0.0008566170559994805], [-0.012319370602331344, -0.0008566170559994803, 0.028764420148391]], "chi2_level": 0.997, "chi2_df": 3, "chi2_threshold": 13.931422665512084, "N_raw": 30, "N_roi": 30, "N_inlier": 29, "refit": true}
{"timestamp": "15:15:30.723900", "frame": 97, "mu": [0.5149021732775975, 4.1765168669236985, 0.30547740875107277], "Sigma": [[0.004371113465278739, 0.003951023757991761, -0.008286350450532366], [0.003951023757991762, 0.044628225803873385, -0.09331464765667352], [-0.008286350450532366, -0.09331464765667352, 0.20039803364378428]], "chi2_level": 0.997, "chi2_df": 3, "chi2_threshold": 13.931422665512084, "N_raw": 11, "N_roi": 8, "N_inlier": 8, "refit": true}
{"timestamp": "15:15:30.781401", "frame": 98, "mu": [0.5976091985164316, 4.07323976591983, 1.1863480152259551], "Sigma": [[0.012028161626735147, -0.003340591352985267, 0.003575211615471915], [-0.003340591352985267, 0.004889176800664057, -0.014118596688732951], [0.003575211615471915, -0.014118596688732951, 0.06541493685227126]], "chi2_level": 0.997, "chi2_df": 3, "chi2_threshold": 13.931422665512084, "N_raw": 36, "N_roi": 33, "N_inlier": 32, "refit": true}
{"timestamp": "15:15:30.837419", "frame": 99, "mu": [0.6848889035119922, 4.039770256132515, 0.8658058092101062], "Sigma": [[0.009568322655370937, -0.002913919344167689, -0.007820236499392369], [-0.002913919344167689, 0.0019049501896269989, 0.00411421139695758], [-0.007820236499392367, 0.004114211396957579, 0.1255882332748179]], "chi2_level": 0.997, "chi2_df": 3, "chi2_threshold": 13.931422665512084, "N_raw": 40, "N_roi": 40, "N_inlier": 38, "refit": true}
{"timestamp": "15:15:30.958935", "frame": 100, "mu": [0.6745917486170119, 4.225349161417994, 0.03883866228769045], "Sigma": [[0.016470434851570525, -0.0006240197696694543, -0.020577908847016966], [-0.0006240197696694545, 0.004138490234861194, -0.014378136036364439], [-0.020577908847016966, -0.014378136036364439, 0.1072585187450387]], "chi2_level": 0.997, "chi2_df": 3, "chi2_threshold": 13.931422665512084, "N_raw": 36, "N_roi": 36, "N_inlier": 35, "refit": true}
{"timestamp": "15:15:30.975337", "frame": 101, "mu": [0.7224215952579952, 4.121946949279232, 0.7411569708115859], "Sigma": [[0.012853261978806907, -0.004077017322848225, -0.004294860632334328], [-0.004077017322848225, 0.0017746460595409286, 3.4353087509624534e-05], [-0.004294860632334328, 3.4353087509624534e-05, 0.0625859132465751]], "chi2_level": 0.997, "chi2_df": 3, "chi2_threshold": 13.931422665512084, "N_raw": 27, "N_roi": 25, "N_inlier": 24, "refit": true}
{"timestamp": "15:15:31.007420", "frame": 102, "mu": [0.7549326448002267, 4.148760629170428, 1.1139196750720135], "Sigma": [[0.0007575436214006373, 0.0006593437182574047, -0.005764629393002858], [0.0006593437182574047, 0.0019690772895087773, -0.007522714445784909], [-0.005764629393002858, -0.007522714445784909, 0.12654084104267033]], "chi2_level": 0.997, "chi2_df": 3, "chi2_threshold": 13.931422665512084, "N_raw": 11, "N_roi": 6, "N_inlier": 6, "refit": true}
{"timestamp": "15:15:31.052404", "frame": 103, "mu": [0.747844173788899, 4.195581385901291, 0.8254212606676925], "Sigma": [[0.0002235041678121677, 0.00035035129117702113, -0.0037006619262328275], [0.0003503512911770211, 0.0036855018627368003, 0.005864935893761334], [-0.0037006619262328275, 0.005864935893761334, 0.10518485065037778]], "chi2_level": 0.997, "chi2_df": 3, "chi2_threshold": 13.931422665512084, "N_raw": 8, "N_roi": 5, "N_inlier": 5, "refit": true}
{"timestamp": "15:15:31.107422", "frame": 104, "mu": [0.7549357383065008, 4.276291673110551, 0.9159828017770526], "Sigma": [[0.002138519741549157, 0.0011257816341734526, 0.010394342083017477], [0.0011257816341734529, 0.007101583087246113, 0.009924769068285523], [0.010394342083017477, 0.009924769068285523, 0.0829888214642998]], "chi2_level": 0.997, "chi2_df": 3, "chi2_threshold": 13.931422665512084, "N_raw": 8, "N_roi": 7, "N_inlier": 7, "refit": true}
{"timestamp": "15:15:31.162242", "frame": 105, "mu": [0.7671332048714349, 3.95295334098405, 1.4546300567171158], "Sigma": [[0.0721760877846934, 0.30616433708246665, -0.0715156122640678], [0.30616433708246665, 1.3774617992775153, -0.24425789288562458], [-0.07151561226406782, -0.24425789288562458, 0.13260742957120017]], "chi2_level": 0.997, "chi2_df": 3, "chi2_threshold": 13.931422665512084, "N_raw": 8, "N_roi": 7, "N_inlier": 7, "refit": true}
{"timestamp": "15:15:31.220037", "frame": 106, "mu": [0.869050783575881, 4.355714660449456, 1.6115717253288144], "Sigma": [[0.00910985061882026, -0.002212804535213929, -0.005656740190484168], [-0.002212804535213929, 0.0031018060394094804, -0.0003265684842287961], [-0.005656740190484168, -0.00032656848422879645, 0.01059034598248263]], "chi2_level": 0.997, "chi2_df": 3, "chi2_threshold": 13.931422665512084, "N_raw": 24, "N_roi": 21, "N_inlier": 19, "refit": true}
{"timestamp": "15:15:31.272752", "frame": 107, "mu": [0.9452165580660687, 4.377931518495916, 1.5858799761329738], "Sigma": [[0.004359419406392292, -0.0006920641909009451, -0.004368646374866837], [-0.0006920641909009451, 0.0019921942379731265, -0.0006172689900946462], [-0.0043686463748668376, -0.0006172689900946459, 0.007146926774632083]], "chi2_level": 0.997, "chi2_df": 3, "chi2_threshold": 13.931422665512084, "N_raw": 12, "N_roi": 9, "N_inlier": 9, "refit": true}
{"timestamp": "15:15:31.327318", "frame": 108, "mu": [0.9679068852352506, 4.487214819657678, 1.4218847660292757], "Sigma": [[0.0035946747311935787, -0.001681550357644336, -0.0008485446810005902], [-0.001681550357644336, 0.008253316522978631, -0.021518846636672178], [-0.0008485446810005911, -0.021518846636672178, 0.09837494699836322]], "chi2_level": 0.997, "chi2_df": 3, "chi2_threshold": 13.931422665512084, "N_raw": 13, "N_roi": 13, "N_inlier": 13, "refit": true}
{"timestamp": "15:15:31.382825", "frame": 109, "mu": [0.9938364580171255, 4.565658768760393, 1.016953832292495], "Sigma": [[0.0017281338089118184, 0.00027716611497905923, -0.0021915112416278325], [0.00027716611497905923, 0.008352941811966294, -0.012631898818807047], [-0.0021915112416278325, -0.012631898818807047, 0.03210061575388478]], "chi2_level": 0.997, "chi2_df": 3, "chi2_threshold": 13.931422665512084, "N_raw": 8, "N_roi": 7, "N_inlier": 7, "refit": true}
{"timestamp": "15:15:31.437125", "frame": 110, "mu": [1.0183333692217886, 4.575760667395261, 1.0145872200418529], "Sigma": [[0.012057353928365386, 0.006015735694541174, -0.03997099817138156], [0.006015735694541175, 0.004188900741095867, -0.01679274772519387], [-0.039970998171381555, -0.01679274772519387, 0.20857746339305405]], "chi2_level": 0.997, "chi2_df": 3, "chi2_threshold": 13.931422665512084, "N_raw": 9, "N_roi": 9, "N_inlier": 9, "refit": true}
{"timestamp": "15:15:31.491409", "frame": 111, "mu": [1.0429221106514217, 4.55958148330098, 1.1704341779190262], "Sigma": [[0.0016244024295471021, 0.00033935665523157426, 0.006578122613624941], [0.0003393566552315742, 0.0015178854095350357, -0.010659632570225017], [0.006578122613624943, -0.010659632570225017, 0.12870843611283925]], "chi2_level": 0.997, "chi2_df": 3, "chi2_threshold": 13.931422665512084, "N_raw": 6, "N_roi": 6, "N_inlier": 6, "refit": true}
{"timestamp": "15:15:31.547123", "frame": 112, "mu": [1.1558836287923322, 4.617206458495553, 0.7803775606307031], "Sigma": [[0.004355102523657869, -0.0010389639533136341, -0.0004074237006986526], [-0.0010389639533136341, 0.0007480088435615528, -0.0025317411370354595], [-0.0004074237006986526, -0.0025317411370354595, 0.02195273690613906]], "chi2_level": 0.997, "chi2_df": 3, "chi2_threshold": 13.931422665512084, "N_raw": 8, "N_roi": 8, "N_inlier": 8, "refit": true}
{"timestamp": "15:15:31.600906", "frame": 113, "mu": [1.150270987420345, 4.619716217070111, 0.9520042277616251], "Sigma": [[0.0002875364527793219, 0.0002298620760653175, 0.00636905061388775], [0.0002298620760653175, 0.0016050956048857415, -0.0038512335643078027], [0.006369050613887749, -0.0038512335643078022, 0.2072514065547564]], "chi2_level": 0.997, "chi2_df": 3, "chi2_threshold": 13.931422665512084, "N_raw": 6, "N_roi": 6, "N_inlier": 6, "refit": true}
{"timestamp": "15:15:31.657146", "frame": 114, "mu": [1.0712965274561719, 4.347931978943952, 1.2759632061993937], "Sigma": [[0.13767940368714154, 0.46624881876389923, -0.07458109661194766], [0.46624881876389923, 1.6079820349897824, -0.29365348920927337], [-0.07458109661194766, -0.29365348920927337, 0.11017884175055868]], "chi2_level": 0.997, "chi2_df": 3, "chi2_threshold": 13.931422665512084, "N_raw": 11, "N_roi": 7, "N_inlier": 7, "refit": true}
{"timestamp": "15:15:31.830117", "frame": 115, "mu": [1.3188829884997968, 4.701165569717707, 0.7270572460266904], "Sigma": [[0.00022114736583269385, 0.0006326076078337831, -0.0010268048428766436], [0.0006326076078337831, 0.009090777802332842, -0.007668540761063557], [-0.0010268048428766436, -0.007668540761063557, 0.009158372510738312]], "chi2_level": 0.997, "chi2_df": 3, "chi2_threshold": 13.931422665512084, "N_raw": 8, "N_roi": 5, "N_inlier": 5, "refit": true}
{"timestamp": "15:15:31.836335", "frame": 116, "mu": [1.3481249265751558, 4.762875936994764, 0.6229755610091898], "Sigma": [[0.0003055762295581372, -0.0002415029564423983, -0.00029485115276169565], [-0.00024150295644239826, 0.014942765612351503, -0.02648944552417586], [-0.00029485115276169587, -0.02648944552417586, 0.05174445801305661]], "chi2_level": 0.997, "chi2_df": 3, "chi2_threshold": 13.931422665512084, "N_raw": 9, "N_roi": 5, "N_inlier": 5, "refit": true}
{"timestamp": "15:15:31.875611", "frame": 117, "mu": [1.3862549198497602, 4.807715701621724, 1.4707582469028164], "Sigma": [[0.018997581214126282, -0.004500202083055813, -0.011833551260551082], [-0.004500202083055813, 0.003640436131844393, -0.001612524603088995], [-0.011833551260551082, -0.0016125246030889945, 0.01889741411267134]], "chi2_level": 0.997, "chi2_df": 3, "chi2_threshold": 13.931422665512084, "N_raw": 25, "N_roi": 24, "N_inlier": 24, "refit": true}
{"timestamp": "15:15:31.906446", "frame": 118, "mu": [1.3987774431904014, 4.838017229056163, 1.417370862502569], "Sigma": [[0.0010391077930952284, 0.0016168901428079536, -0.0030090650281032927], [0.0016168901428079536, 0.004113965946695159, -0.008417373275971186], [-0.0030090650281032927, -0.008417373275971186, 0.020320361024740625]], "chi2_level": 0.997, "chi2_df": 3, "chi2_threshold": 13.931422665512084, "N_raw": 5, "N_roi": 5, "N_inlier": 5, "refit": true}
{"timestamp": "15:15:31.937160", "frame": 119, "mu": [1.5679782515365648, 4.860454702248406, 1.028190489203364], "Sigma": [[0.005349906159993486, -0.0004465476330098988, -0.02664057127016213], [-0.0004465476330098988, 0.004085216679296324, -0.012073535237620406], [-0.02664057127016213, -0.012073535237620408, 0.19889118137710635]], "chi2_level": 0.997, "chi2_df": 3, "chi2_threshold": 13.931422665512084, "N_raw": 8, "N_roi": 8, "N_inlier": 8, "refit": true}
{"timestamp": "15:15:31.986321", "frame": 120, "mu": [1.4889893720215563, 4.921181022913051, 1.4775110930407045], "Sigma": [[0.002669905467409208, 0.0027891447177219625, -0.007036514440575751], [0.0027891447177219625, 0.0031496688511327064, -0.006800400646640954], [-0.007036514440575751, -0.006800400646640955, 0.030949887373785744]], "chi2_level": 0.997, "chi2_df": 3, "chi2_threshold": 13.931422665512084, "N_raw": 5, "N_roi": 5, "N_inlier": 5, "refit": true}
{"timestamp": "15:15:32.042543", "frame": 121, "mu": [1.560618679985844, 4.876769875917432, 1.5410970578956364], "Sigma": [[0.007366757381903215, -0.0015107040909113016, -0.005808965023335113], [-0.0015107040909113016, 0.0025181420784673343, 0.0010893305209008595], [-0.005808965023335113, 0.0010893305209008592, 0.0071390165661899705]], "chi2_level": 0.997, "chi2_df": 3, "chi2_threshold": 13.931422665512084, "N_raw": 13, "N_roi": 13, "N_inlier": 12, "refit": true}
