{"timestamp": "15:37:38.657178", "frame": 1, "mu": [0.8379321973674934, 1.5438595409832305, 1.597770579233776], "Sigma": [[0.006850882287441411, -0.0009310690315536262, -0.0025089147043045115], [-0.0009310690315536262, 0.005037879091760675, 0.001677788180487676], [-0.0025089147043045115, 0.0016777881804876764, 0.004693984395188491]], "chi2_level": 0.997, "chi2_df": 3, "chi2_threshold": 13.931422665512084, "N_raw": 54, "N_roi": 54, "N_inlier": 52, "refit": true}
{"timestamp": "15:37:38.717775", "frame": 2, "mu": [0.9109130656891082, 1.5026296022364767, 1.4093211683262559], "Sigma": [[0.009886703429612198, -0.0022606927608282298, -0.01793142799712328], [-0.0022606927608282298, 0.0056377163065104595, 0.004041820600152832], [-0.01793142799712328, 0.004041820600152832, 0.065281247091039]], "chi2_level": 0.997, "chi2_df": 3, "chi2_threshold": 13.931422665512084, "N_raw": 78, "N_roi": 78, "N_inlier": 77, "refit": true}
{"timestamp": "15:37:38.777670", "frame": 3, "mu": [0.9051290385232355, 1.5360755036138027, 1.3076516021170146], "Sigma": [[0.0077536844469596865, -0.0007310148227393336, -0.007279083617974778], [-0.0007310148227393336, 0.00852671891144586, -0.020625849554090483], [-0.007279083617974778, -0.020625849554090483, 0.09855439593527052]], "chi2_level": 0.997, "chi2_df": 3, "chi2_threshold": 13.931422665512084, "N_raw": 106, "N_roi": 106, "N_inlier": 104, "refit": true}
{"timestamp": "15:37:38.829610", "frame": 4, "mu": [0.9096944422173835, 1.4964306710913375, -0.3071170208744353], "Sigma": [[0.008190077809487483, -0.0005542148729273397, 0.02182457953224063], [-0.0005542148729273395, 0.0055855893089994104, -0.033821266850397595], [0.02182457953224063, -0.033821266850397595, 0.5479651332159455]], "chi2_level": 0.997, "chi2_df": 3, "chi2_threshold": 13.931422665512084, "N_raw": 84, "N_roi": 84, "N_inlier": 84, "refit": true}
{"timestamp": "15:37:38.883155", "frame": 5, "mu": [0.9480401336958286, 1.7264372554018061, -0.487933692209357], "Sigma": [[0.00689140595112889, -0.0002694946226896276, -0.007763584724054232], [-0.00026949462268962784, 0.018033690363492054, -0.025587312228681942], [-0.007763584724054233, -0.025587312228681946, 0.05985699287337251]], "chi2_level": 0.997, "chi2_df": 3, "chi2_threshold": 13.931422665512084, "N_raw": 67, "N_roi": 67, "N_inlier": 64, "refit": true}
{"timestamp": "15:37:38.942340", "frame": 6, "mu": [0.9034006478921598, 1.453948433770689, 1.17600395598847], "Sigma": [[0.020790365889423457, -0.009313664223500448, -0.07448168695782552], [-0.00931366422350045, 0.010798231694511882, 0.0438398604995249], [-0.07448168695782553, 0.0438398604995249, 0.3708551377882297]], "chi2_level": 0.997, "chi2_df": 3, "chi2_threshold": 13.931422665512084, "N_raw": 96, "N_roi": 96, "N_inlier": 96, "refit": true}
{"timestamp": "15:37:38.994987", "frame": 7, "mu": [0.8396311018453178, 1.4558356123976803, 1.4259368978951314], "Sigma": [[0.007389899956983976, -0.0010916938322479979, -0.006703231935405634], [-0.0010916938322479979, 0.00410152799023387, -0.003860825691763357], [-0.006703231935405635, -0.003860825691763357, 0.014536979864072432]], "chi2_level": 0.997, "chi2_df": 3, "chi2_threshold": 13.931422665512084, "N_raw": 80, "N_roi": 80, "N_inlier": 77, "refit": true}
{"timestamp": "15:37:39.045455", "frame": 8, "mu": [0.7850325743584253, 1.4818067077981691, 1.4763080986066326], "Sigma": [[0.005024944559459983, -0.0003739133823744741, -0.005866326318369483], [-0.0003739133823744741, 0.007030029496681322, -0.015402583693910878], [-0.005866326318369483, -0.015402583693910878, 0.07924803554963947]], "chi2_level": 0.997, "chi2_df": 3, "chi2_threshold": 13.931422665512084, "N_raw": 56, "N_roi": 56, "N_inlier": 53, "refit": true}
{"timestamp": "15:37:39.104007", "frame": 9, "mu": [0.8242720354697336, 1.4659999205227696, 1.3978784066469334], "Sigma": [[0.00724356690979138, -0.0017885305625260385, -0.00365748714310767], [-0.0017885305625260383, 0.007385393885394511, -0.01568726581580945], [-0.00365748714310767, -0.01568726581580945, 0.07140471415698724]], "chi2_level": 0.997, "chi2_df": 3, "chi2_threshold": 13.931422665512084, "N_raw": 75, "N_roi": 75, "N_inlier": 73, "refit": true}
{"timestamp": "15:37:39.154382", "frame": 10, "mu": [0.8766608797235153, 1.3647466869383553, 1.3255026565153805], "Sigma": [[0.005485879654118808, -0.003358683147642519, -0.00638508179059062], [-0.003358683147642519, 0.004624909823935477, 0.0028783469147816865], [-0.006385081790590619, 0.002878346914781686, 0.012883444115463546]], "chi2_level": 0.997, "chi2_df": 3, "chi2_threshold": 13.931422665512084, "N_raw": 45, "N_roi": 45, "N_inlier": 40, "refit": true}
{"timestamp": "15:37:39.212337", "frame": 11, "mu": [0.8132722540102382, 1.4175730108509181, 1.2335879716141307], "Sigma": [[0.007138527999569479, -0.0019210531943213063, -0.013227249722595095], [-0.0019210531943213063, 0.007278756982384054, -0.015240870313914915], [-0.013227249722595095, -0.015240870313914915, 0.09830656148455236]], "chi2_level": 0.997, "chi2_df": 3, "chi2_threshold": 13.931422665512084, "N_raw": 70, "N_roi": 70, "N_inlier": 68, "refit": true}
{"timestamp": "15:37:39.269660", "frame": 12, "mu": [0.7751386580982255, 1.40508029659778, 1.3074804328702414], "Sigma": [[0.009132822813291313, -0.0029017796574841927, -0.017156648798267157], [-0.002901779657484193, 0.0026936155314381685, 0.0023226687845351235], [-0.017156648798267157, 0.0023226687845351235, 0.046615234602717895]], "chi2_level": 0.997, "chi2_df": 3, "chi2_threshold": 13.931422665512084, "N_raw": 85, "N_roi": 84, "N_inlier": 80, "refit": true}
{"timestamp": "15:37:39.323029", "frame": 13, "mu": [0.7346511671081551, 1.3934857029264438, 1.3972566856282047], "Sigma": [[0.00836708818770694, -0.00161977395557123, -0.011786957536365245], [-0.0016197739555712303, 0.0035319700070789977, -0.0019057406230564486], [-0.011786957536365245, -0.001905740623056449, 0.047402045741940395]], "chi2_level": 0.997, "chi2_df": 3, "chi2_threshold": 13.931422665512084, "N_raw": 66, "N_roi": 66, "N_inlier": 61, "refit": true}
{"timestamp": "15:37:39.375094", "frame": 14, "mu": [0.6726548977615805, 1.4201347775266362, 1.0728845257556843], "Sigma": [[0.008890648405672231, 0.001306843984642038, -0.010458719446580797], [0.001306843984642038, 0.002771484392117553, 0.01131069971110166], [-0.010458719446580795, 0.01131069971110166, 0.28044970728935376]], "chi2_level": 0.997, "chi2_df": 3, "chi2_threshold": 13.931422665512084, "N_raw": 44, "N_roi": 44, "N_inlier": 44, "refit": true}
{"timestamp": "15:37:39.433549", "frame": 15, "mu": [0.43336355903478585, 1.4118528075083472, 0.7910587549580729], "Sigma": [[0.02802195050119511, 0.0016271433372321278, 0.10977312832221506], [0.0016271433372321278, 0.0035784287425469413, 0.017521550738544653], [0.10977312832221504, 0.017521550738544653, 0.5346235291190361]], "chi2_level": 0.997, "chi2_df": 3, "chi2_threshold": 13.931422665512084, "N_raw": 73, "N_roi": 73, "N_inlier": 70, "refit": true}
{"timestamp": "15:37:39.487737", "frame": 16, "mu": [0.5130318036100463, 1.5489902143027823, -0.26205395890040223], "Sigma": [[0.006459770544943208, -0.0005338565525594181, 0.0007507306131955432], [-0.0005338565525594186, 0.011059475564929378, -0.03151451501598822], [0.0007507306131955432, -0.03151451501598822, 0.12738743979005035]], "chi2_level": 0.997, "chi2_df": 3, "chi2_threshold": 13.931422665512084, "N_raw": 74, "N_roi": 74, "N_inlier": 68, "refit": true}
{"timestamp": "15:37:39.545058", "frame": 17, "mu": [0.4609358104724043, 1.4505190317402903, 1.4069458254284448], "Sigma": [[0.006536216843190259, -0.0015510638846038922, -0.008261633715555446], [-0.001551063884603892, 0.004670394589633533, -0.0010197234385014796], [-0.008261633715555446, -0.0010197234385014792, 0.013705477890680703]], "chi2_level": 0.997, "chi2_df": 3, "chi2_threshold": 13.931422665512084, "N_raw": 79, "N_roi": 79, "N_inlier": 73, "refit": true}
{"timestamp": "15:37:39.598701", "frame": 18, "mu": [0.3840049675215655, 1.4558053653106895, 1.3820395354409691], "Sigma": [[0.005909249567938492, -0.0025094734483649267, -0.011605717030681414], [-0.0025094734483649267, 0.004941754816128507, 0.003051208322435439], [-0.011605717030681414, 0.003051208322435439, 0.026289115245114403]], "chi2_level": 0.997, "chi2_df": 3, "chi2_threshold": 13.931422665512084, "N_raw": 74, "N_roi": 72, "N_inlier": 68, "refit": true}
{"timestamp": "15:37:39.652732", "frame": 19, "mu": [0.32072046175134855, 1.4528031652737021, 1.3120534272155688], "Sigma": [[0.006130985001879819, -0.004969204507236085, -0.020235339275531387], [-0.004969204507236084, 0.00779805928255349, 0.02175889681151745], [-0.020235339275531387, 0.021758896811517447, 0.10193880120129636]], "chi2_level": 0.997, "chi2_df": 3, "chi2_threshold": 13.931422665512084, "N_raw": 78, "N_roi": 78, "N_inlier": 76, "refit": true}
{"timestamp": "15:37:39.708597", "frame": 20, "mu": [0.21248247251282618, 1.518804904271276, 1.5176809162782847], "Sigma": [[0.005013917287507654, -0.0012060563381933627, -0.005659438607257932], [-0.0012060563381933627, 0.006040747560058912, 0.005274885864793322], [-0.005659438607257932, 0.005274885864793322, 0.025596036092635506]], "chi2_level": 0.997, "chi2_df": 3, "chi2_threshold": 13.931422665512084, "N_raw": 72, "N_roi": 69, "N_inlier": 66, "refit": true}
{"timestamp": "15:37:39.759546", "frame": 21, "mu": [0.17963474413037045, 1.4851772700670116, 1.3564117329606389], "Sigma": [[0.002301106544901779, -0.001458340491488967, -0.004221532358487693], [-0.001458340491488967, 0.002526275344372803, 0.002888370147682306], [-0.004221532358487693, 0.002888370147682306, 0.025795834059406417]], "chi2_level": 0.997, "chi2_df": 3, "chi2_threshold": 13.931422665512084, "N_raw": 42, "N_roi": 37, "N_inlier": 35, "refit": true}
{"timestamp": "15:37:39.813223", "frame": 22, "mu": [0.08129103665964224, 1.5575422192942208, 1.545914791547817], "Sigma": [[0.003600737008358775, -0.0008091151369067641, -0.004015163083425173], [-0.0008091151369067639, 0.004284590175639676, 0.003412701259917955], [-0.004015163083425173, 0.003412701259917955, 0.016129806637694758]], "chi2_level": 0.997, "chi2_df": 3, "chi2_threshold": 13.931422665512084, "N_raw": 43, "N_roi": 40, "N_inlier": 38, "refit": true}
{"timestamp": "15:37:39.871832", "frame": 23, "mu": [0.020132356915626596, 1.5529579282136279, 1.5451161067333992], "Sigma": [[0.005135102541757517, -0.0014637705216370167, -0.0056401255731027425], [-0.0014637705216370169, 0.006301375263739715, -0.0003879765834074844], [-0.0056401255731027425, -0.00038797658340748427, 0.007626249353608846]], "chi2_level": 0.997, "chi2_df": 3, "chi2_threshold": 13.931422665512084, "N_raw": 74, "N_roi": 74, "N_inlier": 70, "refit": true}
{"timestamp": "15:37:39.934307", "frame": 24, "mu": [-0.07412263405835615, 1.4949221156527819, 1.3424222800928127], "Sigma": [[0.010497294006787094, -0.0015504715704427905, 0.026490802411919485], [-0.0015504715704427905, 0.013661332897139387, 0.020745161400695992], [0.026490802411919485, 0.020745161400695992, 0.19147132057513036]], "chi2_level": 0.997, "chi2_df": 3, "chi2_threshold": 13.931422665512084, "N_raw": 105, "N_roi": 99, "N_inlier": 98, "refit": true}
{"timestamp": "15:37:39.981251", "frame": 25, "mu": [-0.12085720304447027, 1.5560502831066076, 1.4497867263892608], "Sigma": [[0.013494413095128709, 0.004787442223719111, 0.0328623748583102], [0.004787442223719111, 0.008389477978995597, 0.022533224450101513], [0.0328623748583102, 0.022533224450101513, 0.133039363259303]], "chi2_level": 0.997, "chi2_df": 3, "chi2_threshold": 13.931422665512084, "N_raw": 49, "N_roi": 46, "N_inlier": 45, "refit": true}
{"timestamp": "15:37:40.040926", "frame": 26, "mu": [-0.18656289766397238, 1.5170097783687926, 1.3386376575911287], "Sigma": [[0.004863987802009077, -0.0001913855582289125, -0.004049795643016834], [-0.00019138555822891256, 0.011119589900665819, 0.0018015791581960721], [-0.004049795643016834, 0.0018015791581960721, 0.023369410192886002]], "chi2_level": 0.997, "chi2_df": 3, "chi2_threshold": 13.931422665512084, "N_raw": 92, "N_roi": 89, "N_inlier": 84, "refit": true}
{"timestamp": "15:37:40.091227", "frame": 27, "mu": [-0.30446022139303897, 1.559134944559062, 1.474270662330042], "Sigma": [[0.003938012943314007, -0.00014471895039733403, -0.0012634714732449625], [-0.0001447189503973341, 0.0033282517868567004, -0.0030627092335951725], [-0.0012634714732449625, -0.0030627092335951725, 0.005340756035898346]], "chi2_level": 0.997, "chi2_df": 3, "chi2_threshold": 13.931422665512084, "N_raw": 58, "N_roi": 55, "N_inlier": 52, "refit": true}
{"timestamp": "15:37:40.145080", "frame": 28, "mu": [-0.36918144249240625, 1.5220922185668733, 1.3927589970102776], "Sigma": [[0.0036173026602150686, 0.0007144095196298978, -0.001747157057308716], [0.000714409519629898, 0.005586959479978922, -0.0014480283243829182], [-0.0017471570573087162, -0.0014480283243829182, 0.0020918261573782283]], "chi2_level": 0.997, "chi2_df": 3, "chi2_threshold": 13.931422665512084, "N_raw": 54, "N_roi": 54, "N_inlier": 52, "refit": true}
{"timestamp": "15:37:40.206966", "frame": 29, "mu": [-0.36573893641858357, 1.4972379183877391, 0.9904311817379147], "Sigma": [[0.027646027135556674, -0.0017559774430946722, -0.0867873373804746], [-0.0017559774430946722, 0.006105522126416113, 0.00707794710154001], [-0.08678733738047459, 0.007077947101540012, 0.32081935826340524]], "chi2_level": 0.997, "chi2_df": 3, "chi2_threshold": 13.931422665512084, "N_raw": 99, "N_roi": 99, "N_inlier": 97, "refit": true}
{"timestamp": "15:37:40.259480", "frame": 30, "mu": [-0.3848515615898887, 1.5375002108686757, 0.7539814825436407], "Sigma": [[0.017948290324103805, -0.004067916137812003, -0.06671832439011993], [-0.004067916137812003, 0.0028552819884948314, 0.015420014947825075], [-0.06671832439011993, 0.015420014947825075, 0.32385110468979034]], "chi2_level": 0.997, "chi2_df": 3, "chi2_threshold": 13.931422665512084, "N_raw": 76, "N_roi": 76, "N_inlier": 74, "refit": true}
{"timestamp": "15:37:40.315098", "frame": 31, "mu": [-0.5199196661125195, 1.4886446230714412, 0.8697873580931117], "Sigma": [[0.014129243174132175, 0.007037322030333509, -0.0413669068870585], [0.007037322030333509, 0.016104855129225597, -2.159846869887296e-05], [-0.0413669068870585, -2.1598468698871658e-05, 0.2511271121402516]], "chi2_level": 0.997, "chi2_df": 3, "chi2_threshold": 13.931422665512084, "N_raw": 84, "N_roi": 84, "N_inlier": 82, "refit": true}
{"timestamp": "15:37:40.378716", "frame": 32, "mu": [-0.6595115455177523, 1.5871359538960104, 0.25934625943667544], "Sigma": [[0.01300549445167326, 0.00411692037340324, 0.06567762096940169], [0.00411692037340324, 0.013500278471711936, 0.05388000201118442], [0.06567762096940169, 0.05388000201118442, 0.7173042130444115]], "chi2_level": 0.997, "chi2_df": 3, "chi2_threshold": 13.931422665512084, "N_raw": 144, "N_roi": 144, "N_inlier": 144, "refit": true}
{"timestamp": "15:37:40.432352", "frame": 33, "mu": [-0.731148694836629, 1.6021010395999888, 1.330240646577972], "Sigma": [[0.010024763419280833, 0.0019199208928358928, -0.01791716845329432], [0.0019199208928358928, 0.014250872139890399, -0.004165450655292074], [-0.01791716845329432, -0.004165450655292074, 0.18580844718849102]], "chi2_level": 0.997, "chi2_df": 3, "chi2_threshold": 13.931422665512084, "N_raw": 130, "N_roi": 130, "N_inlier": 130, "refit": true}
{"timestamp": "15:37:40.482688", "frame": 34, "mu": [-0.8010802377948745, 1.60910340534181, 1.4416999007431275], "Sigma": [[0.012710609434755667, 0.0018073947063888258, -0.01382690932763207], [0.0018073947063888263, 0.0128377789254541, -0.0036355019454273577], [-0.013826909327632069, -0.0036355019454273577, 0.018938943042833986]], "chi2_level": 0.997, "chi2_df": 3, "chi2_threshold": 13.931422665512084, "N_raw": 99, "N_roi": 99, "N_inlier": 96, "refit": true}
{"timestamp": "15:37:40.529955", "frame": 35, "mu": [-0.8089776858110592, 1.6546095251522714, 1.4681932790362262], "Sigma": [[0.007524934830684021, 0.004655389026674296, -0.007331646903878205], [0.004655389026674296, 0.014176954810626351, -0.0034166002972228315], [-0.007331646903878206, -0.0034166002972228315, 0.00985165338448688]], "chi2_level": 0.997, "chi2_df": 3, "chi2_threshold": 13.931422665512084, "N_raw": 46, "N_roi": 46, "N_inlier": 44, "refit": true}
{"timestamp": "15:37:40.598148", "frame": 36, "mu": [-0.7919503123713308, 1.7489309982840018, 1.3570995325918618], "Sigma": [[0.024529331296124612, 0.008592643204900415, -0.011682609789546846], [0.008592643204900415, 0.014417981058505032, -0.0047441441997023975], [-0.011682609789546846, -0.0047441441997023975, 0.008943008111790204]], "chi2_level": 0.997, "chi2_df": 3, "chi2_threshold": 13.931422665512084, "N_raw": 149, "N_roi": 149, "N_inlier": 143, "refit": true}
{"timestamp": "15:37:40.641311", "frame": 37, "mu": [-0.8861994506915277, 1.4972756740667774, 0.663499864363725], "Sigma": [[0.017183489663850877, -0.014862268064331744, -0.0500996728719479], [-0.014862268064331743, 0.06605466711118954, 0.15756254776538042], [-0.0500996728719479, 0.15756254776538042, 0.4197930040172726]], "chi2_level": 0.997, "chi2_df": 3, "chi2_threshold": 13.931422665512084, "N_raw": 53, "N_roi": 53, "N_inlier": 51, "refit": true}
{"timestamp": "15:37:40.702197", "frame": 38, "mu": [-0.9232287066789212, 1.7494237907049455, 1.1659073196379734], "Sigma": [[0.00873951824128892, -0.0010894597152742535, -0.01137429722802983], [-0.0010894597152742535, 0.048197820388324666, 0.09479378002404396], [-0.011374297228029828, 0.09479378002404396, 0.23754637631650863]], "chi2_level": 0.997, "chi2_df": 3, "chi2_threshold": 13.931422665512084, "N_raw": 103, "N_roi": 102, "N_inlier": 100, "refit": true}
{"timestamp": "15:37:40.757565", "frame": 39, "mu": [-0.9625382323227945, 1.882864102119132, -0.8521929251641985], "Sigma": [[0.009613441830090403, 0.0001818073365267616, -0.01215218175595198], [0.00018180733652676194, 0.03954769886056464, 0.055376946497266995], [-0.012152181755951978, 0.055376946497266995, 0.25309889533982804]], "chi2_level": 0.997, "chi2_df": 3, "chi2_threshold": 13.931422665512084, "N_raw": 94, "N_roi": 94, "N_inlier": 93, "refit": true}
{"timestamp": "15:37:40.812934", "frame": 40, "mu": [-0.9869696917798554, 2.106100955601608, -0.3455039653149394], "Sigma": [[0.011994585802846758, 0.002226505485484751, 0.016746795978746426], [0.002226505485484751, 0.02378727741724105, -0.052409236391462034], [0.016746795978746426, -0.052409236391462034, 0.2784123347370732]], "chi2_level": 0.997, "chi2_df": 3, "chi2_threshold": 13.931422665512084, "N_raw": 105, "N_roi": 105, "N_inlier": 105, "refit": true}
{"timestamp": "15:37:40.864273", "frame": 41, "mu": [-0.9819278545142526, 2.1533131488714714, -0.23314843324256046], "Sigma": [[0.008666884256060919, 0.005153771102606611, -0.002142372959579271], [0.00515377110260661, 0.013009137894175028, -0.007164642289465509], [-0.0021423729595792707, -0.007164642289465509, 0.044536113406806146]], "chi2_level": 0.997, "chi2_df": 3, "chi2_threshold": 13.931422665512084, "N_raw": 73, "N_roi": 73, "N_inlier": 71, "refit": true}
{"timestamp": "15:37:40.921599", "frame": 42, "mu": [-0.9886447456104468, 2.0816747290417856, 1.1090363018479836], "Sigma": [[0.015126940860900698, 0.003594911585489553, 0.014622477237484863], [0.003594911585489553, 0.0037285378017470035, 0.0019014324656355798], [0.014622477237484863, 0.0019014324656355798, 0.1429607638509526]], "chi2_level": 0.997, "chi2_df": 3, "chi2_threshold": 13.931422665512084, "N_raw": 91, "N_roi": 90, "N_inlier": 89, "refit": true}
{"timestamp": "15:37:40.977339", "frame": 43, "mu": [-1.0846656788433011, 2.1656649066494316, 1.0846557952968123], "Sigma": [[0.03078044838258817, -0.0006695273542739674, 0.04627654670092395], [-0.0006695273542739673, 0.00352958443888653, -0.002722060621669879], [0.04627654670092395, -0.002722060621669879, 0.17868865015823227]], "chi2_level": 0.997, "chi2_df": 3, "chi2_threshold": 13.931422665512084, "N_raw": 104, "N_roi": 104, "N_inlier": 104, "refit": true}
{"timestamp": "15:37:41.029063", "frame": 44, "mu": [-1.1176856265020558, 2.261076458365329, 1.006149352209088], "Sigma": [[0.03168886703365138, -0.004259812460806523, 0.04306828215870981], [-0.004259812460806523, 0.004552509022143428, -0.016107755027711196], [0.04306828215870981, -0.016107755027711196, 0.12265056267905655]], "chi2_level": 0.997, "chi2_df": 3, "chi2_threshold": 13.931422665512084, "N_raw": 72, "N_roi": 72, "N_inlier": 70, "refit": true}
{"timestamp": "15:37:41.082459", "frame": 45, "mu": [-0.9909708283786299, 2.2234581762607215, 1.343168456911638], "Sigma": [[0.011911780332083685, -0.001330047566930529, -0.007487323400495116], [-0.0013300475669305292, 0.005469754730183619, -0.0026939462184882267], [-0.007487323400495115, -0.0026939462184882262, 0.009496085002485092]], "chi2_level": 0.997, "chi2_df": 3, "chi2_threshold": 13.931422665512084, "N_raw": 70, "N_roi": 70, "N_inlier": 67, "refit": true}
{"timestamp": "15:37:41.142811", "frame": 46, "mu": [-1.0075545455621886, 2.253948994195811, 0.9673332463716078], "Sigma": [[0.010651281170798086, -0.0028187564501809957, -0.01455717617056381], [-0.0028187564501809957, 0.018127296860279495, 0.06180870228327494], [-0.01455717617056381, 0.06180870228327494, 0.3015103750148988]], "chi2_level": 0.997, "chi2_df": 3, "chi2_threshold": 13.931422665512084, "N_raw": 104, "N_roi": 104, "N_inlier": 101, "refit": true}
{"timestamp": "15:37:41.191360", "frame": 47, "mu": [-1.0694280077642653, 2.352996642747602, 1.3645466351023585], "Sigma": [[0.008876792125850108, -0.0007775564497053897, -0.010250056793647419], [-0.0007775564497053897, 0.008610909743583478, 0.010704965563798241], [-0.010250056793647419, 0.010704965563798241, 0.0733557474742017]], "chi2_level": 0.997, "chi2_df": 3, "chi2_threshold": 13.931422665512084, "N_raw": 61, "N_roi": 61, "N_inlier": 59, "refit": true}
{"timestamp": "15:37:41.247369", "frame": 48, "mu": [-1.1044785151930747, 2.4475634098804586, 1.27591364567106], "Sigma": [[0.007732038889306418, -0.003093529261855611, -0.012489782865555337], [-0.003093529261855611, 0.030029024935691637, 0.056314780598316835], [-0.012489782865555335, 0.056314780598316835, 0.19889536095410557]], "chi2_level": 0.997, "chi2_df": 3, "chi2_threshold": 13.931422665512084, "N_raw": 69, "N_roi": 68, "N_inlier": 65, "refit": true}
{"timestamp": "15:37:41.303377", "frame": 49, "mu": [-1.0756114611440026, 2.5762405828136403, -0.22041717212828044], "Sigma": [[0.010283228550725764, -0.004273849088001402, -0.008854929146961602], [-0.004273849088001401, 0.02463293269661889, -0.01711526067647525], [-0.0088549291469616, -0.01711526067647525, 0.19042748362845133]], "chi2_level": 0.997, "chi2_df": 3, "chi2_threshold": 13.931422665512084, "N_raw": 76, "N_roi": 76, "N_inlier": 76, "refit": true}
{"timestamp": "15:37:41.351095", "frame": 50, "mu": [-1.022539914214006, 2.6401927262362226, 1.5019593056204992], "Sigma": [[0.0042939683386239704, -0.0006517816057915777, -0.0034490006654438713], [-0.0006517816057915777, 0.003727740359699841, 0.0008992712862513001], [-0.0034490006654438717, 0.0008992712862513002, 0.009861989413098182]], "chi2_level": 0.997, "chi2_df": 3, "chi2_threshold": 13.931422665512084, "N_raw": 19, "N_roi": 19, "N_inlier": 18, "refit": true}
{"timestamp": "15:37:41.410488", "frame": 51, "mu": [-1.0549589235647319, 2.6223145884541172, 1.2976240416141245], "Sigma": [[0.011854688595882982, -0.0008005965965317541, -0.008514432349557427], [-0.000800596596531754, 0.0036520094413586383, -0.005288662764673638], [-0.008514432349557429, -0.005288662764673638, 0.02599462413364466]], "chi2_level": 0.997, "chi2_df": 3, "chi2_threshold": 13.931422665512084, "N_raw": 62, "N_roi": 62, "N_inlier": 59, "refit": true}
{"timestamp": "15:37:41.465076", "frame": 52, "mu": [-1.1131385041865094, 2.7317220495057617, 1.3497320552641552], "Sigma": [[0.01139787692127302, -0.0003736563033033662, -0.001891700839813196], [-0.0003736563033033663, 0.0040424097114880354, -0.006886728185257762], [-0.001891700839813196, -0.006886728185257762, 0.11119123695547242]], "chi2_level": 0.997, "chi2_df": 3, "chi2_threshold": 13.931422665512084, "N_raw": 51, "N_roi": 51, "N_inlier": 50, "refit": true}
{"timestamp": "15:37:41.519630", "frame": 53, "mu": [-1.0367987035131192, 2.74684649244422, 1.2629833064648066], "Sigma": [[0.013847795814514065, -0.00250275940289792, -0.00708924392051513], [-0.002502759402897921, 0.003252054543819102, -0.00704845136811163], [-0.00708924392051513, -0.00704845136811163, 0.09118956566407715]], "chi2_level": 0.997, "chi2_df": 3, "chi2_threshold": 13.931422665512084, "N_raw": 56, "N_roi": 56, "N_inlier": 55, "refit": true}
{"timestamp": "15:37:41.574321", "frame": 54, "mu": [-1.0396027317078251, 3.0344650310939714, -0.393559117255587], "Sigma": [[0.011019208912170893, 0.00027297972881787716, 0.01459359177391266], [0.0002729797288178776, 0.034787042352024164, -0.05145133615579331], [0.01459359177391266, -0.05145133615579331, 0.14528182325346303]], "chi2_level": 0.997, "chi2_df": 3, "chi2_threshold": 13.931422665512084, "N_raw": 45, "N_roi": 45, "N_inlier": 45, "refit": true}
{"timestamp": "15:37:41.628332", "frame": 55, "mu": [-1.0358562508057934, 2.797199921769309, 1.2793202914753667], "Sigma": [[0.006831748097018659, 1.3218744156520538e-05, -0.003706229902694659], [1.3218744156520321e-05, 0.006589422334033655, -0.0007970572879249763], [-0.0037062299026946587, -0.0007970572879249766, 0.052744116136341536]], "chi2_level": 0.997, "chi2_df": 3, "chi2_threshold": 13.931422665512084, "N_raw": 40, "N_roi": 40, "N_inlier": 38, "refit": true}
{"timestamp": "15:37:41.679842", "frame": 56, "mu": [-0.9938010014000053, 2.965590057746878, 1.2259043901705369], "Sigma": [[0.005310977094821181, -0.0011972761858436748, 0.006390155742350451], [-0.0011972761858436748, 0.005306969356598995, -0.012504734256475351], [0.006390155742350452, -0.012504734256475351, 0.1787633861970345]], "chi2_level": 0.997, "chi2_df": 3, "chi2_threshold": 13.931422665512084, "N_raw": 21, "N_roi": 21, "N_inlier": 21, "refit": true}
{"timestamp": "15:37:41.738194", "frame": 57, "mu": [-1.0017178344296307, 2.940963319203733, 1.300027464867289], "Sigma": [[0.01496836705221028, 0.002385874719895694, 0.016073629930682676], [0.002385874719895694, 0.0046023513276449955, 0.00043661163726024696], [0.016073629930682676, 0.0004366116372602464, 0.09544235475403164]], "chi2_level": 0.997, "chi2_df": 3, "chi2_threshold": 13.931422665512084, "N_raw": 51, "N_roi": 51, "N_inlier": 49, "refit": true}
{"timestamp": "15:37:41.794964", "frame": 58, "mu": [-0.9794802736151837, 2.9735955236498626, 1.465983004426162], "Sigma": [[0.012415382594427858, 0.001751282466231701, -0.004274303753439991], [0.0017512824662317007, 0.006508167563343212, 0.002761145699443384], [-0.004274303753439991, 0.002761145699443384, 0.005760770671686565]], "chi2_level": 0.997, "chi2_df": 3, "chi2_threshold": 13.931422665512084, "N_raw": 53, "N_roi": 49, "N_inlier": 46, "refit": true}
{"timestamp": "15:37:41.850569", "frame": 59, "mu": [-1.025944117968374, 2.974927299571965, 1.0342800748598984], "Sigma": [[0.03731384482591025, 0.002471989935934534, 0.07067054121184664], [0.0024719899359345334, 0.0029432704996866146, 0.002083302097891962], [0.07067054121184664, 0.0020833020978919627, 0.2049328393062709]], "chi2_level": 0.997, "chi2_df": 3, "chi2_threshold": 13.931422665512084, "N_raw": 57, "N_roi": 57, "N_inlier": 55, "refit": true}
{"timestamp": "15:37:41.903930", "frame": 60, "mu": [-0.8829666018008618, 3.0231512493089965, 1.2668868409510208], "Sigma": [[0.018123395426968274, 0.0007831994692525853, 0.003473172624053001], [0.0007831994692525853, 0.003912821745927107, -0.0034328881743242107], [0.0034731726240530003, -0.0034328881743242107, 0.023319796955586666]], "chi2_level": 0.997, "chi2_df": 3, "chi2_threshold": 13.931422665512084, "N_raw": 48, "N_roi": 48, "N_inlier": 46, "refit": true}
{"timestamp": "15:37:41.961344", "frame": 61, "mu": [-0.9348228548943497, 3.146082241023276, -0.6882321921852554], "Sigma": [[0.0375185020687491, 0.005709109051056078, 0.11662366074898975], [0.005709109051056078, 0.004638805242314349, 0.0195971946666078], [0.11662366074898975, 0.0195971946666078, 0.42947397703023166]], "chi2_level": 0.997, "chi2_df": 3, "chi2_threshold": 13.931422665512084, "N_raw": 64, "N_roi": 64, "N_inlier": 64, "refit": true}
{"timestamp": "15:37:42.013790", "frame": 62, "mu": [-0.7862415139837728, 3.146054891019909, 1.3188833027874023], "Sigma": [[0.01455026083781919, -0.0007561668087913547, 0.018464980384362027], [-0.0007561668087913546, 0.0025902053562676317, -0.005814552375732394], [0.018464980384362027, -0.005814552375732394, 0.08007754824739075]], "chi2_level": 0.997, "chi2_df": 3, "chi2_threshold": 13.931422665512084, "N_raw": 39, "N_roi": 39, "N_inlier": 38, "refit": true}
{"timestamp": "15:37:42.067863", "frame": 63, "mu": [-0.7056866151220685, 3.2016421748075006, 1.3079634476627913], "Sigma": [[0.013190225205968572, 0.0015992445200274136, -3.2951372851119096e-05], [0.0015992445200274136, 0.0025123814581952224, -0.004722388161953249], [-3.2951372851119205e-05, -0.004722388161953249, 0.014121122538885337]], "chi2_level": 0.997, "chi2_df": 3, "chi2_threshold": 13.931422665512084, "N_raw": 41, "N_roi": 41, "N_inlier": 39, "refit": true}
{"timestamp": "15:37:42.124586", "frame": 64, "mu": [-0.678298539890311, 3.20012149737171, 1.2774127468330108], "Sigma": [[0.01684393741406457, 0.0018065994891261839, -0.004166503015512125], [0.0018065994891261839, 0.0016018565653555365, -0.003767889678835661], [-0.004166503015512124, -0.003767889678835661, 0.011184765674414692]], "chi2_level": 0.997, "chi2_df": 3, "chi2_threshold": 13.931422665512084, "N_raw": 48, "N_roi": 46, "N_inlier": 42, "refit": true}
{"timestamp": "15:37:42.173732", "frame": 65, "mu": [-0.7242633494252051, 3.2659020270842296, 0.727805462730705], "Sigma": [[0.010446885394281112, -0.006249152908215988, 0.06047384940698609], [-0.006249152908215988, 0.00990876638097688, -0.05541842518466347], [0.06047384940698608, -0.05541842518466347, 0.4606174790909234]], "chi2_level": 0.997, "chi2_df": 3, "chi2_threshold": 13.931422665512084, "N_raw": 9, "N_roi": 9, "N_inlier": 9, "refit": true}
{"timestamp": "15:37:42.228826", "frame": 66, "mu": [-0.6164316373607771, 3.2798478958339743, 1.0292846917737641], "Sigma": [[0.02280568879985221, 0.00044964061050285314, 0.11486280753674707], [0.00044964061050285287, 0.0030822999551149894, -0.004309305312857412], [0.11486280753674707, -0.004309305312857412, 0.6747032695026658]], "chi2_level": 0.997, "chi2_df": 3, "chi2_threshold": 13.931422665512084, "N_raw": 12, "N_roi": 12, "N_inlier": 12, "refit": true}
{"timestamp": "15:37:42.285478", "frame": 67, "mu": [-0.5804669618692654, 3.3432982562471945, 0.02639236032300465], "Sigma": [[0.015588372707882998, -0.0005536026893817383, 0.0015604593727553489], [-0.0005536026893817385, 0.004766936319508441, -0.011534668278306664], [0.0015604593727553484, -0.011534668278306662, 0.04044805458154552]], "chi2_level": 0.997, "chi2_df": 3, "chi2_threshold": 13.931422665512084, "N_raw": 30, "N_roi": 29, "N_inlier": 27, "refit": true}
{"timestamp": "15:37:42.338689", "frame": 68, "mu": [-0.6412823530306695, 3.4489315363243493, -0.24643567793942373], "Sigma": [[0.01742589778078466, -0.022447957646285172, 0.07773517642457688], [-0.022447957646285172, 0.029455425843076807, -0.10015030065839879], [0.07773517642457686, -0.10015030065839879, 0.36849810311535436]], "chi2_level": 0.997, "chi2_df": 3, "chi2_threshold": 13.931422665512084, "N_raw": 11, "N_roi": 7, "N_inlier": 7, "refit": true}
{"timestamp": "15:37:42.399674", "frame": 69, "mu": [-0.4783370735993125, 3.253615571832359, 1.067745198178854], "Sigma": [[0.018514801081628555, 0.0018635886969879385, -0.006185232734616562], [0.0018635886969879385, 0.002717526931892728, -0.005649355002970509], [-0.006185232734616562, -0.005649355002970509, 0.013795239041186413]], "chi2_level": 0.997, "chi2_df": 3, "chi2_threshold": 13.931422665512084, "N_raw": 58, "N_roi": 58, "N_inlier": 54, "refit": true}
{"timestamp": "15:37:42.456149", "frame": 70, "mu": [-0.3776181173527147, 3.2988025484639234, 1.2545153608091668], "Sigma": [[0.012609767217308237, 0.002035103199432213, -0.004172537027503276], [0.002035103199432213, 0.0023068547926507073, -0.010827167829186309], [-0.004172537027503274, -0.010827167829186309, 0.11397842693279672]], "chi2_level": 0.997, "chi2_df": 3, "chi2_threshold": 13.931422665512084, "N_raw": 60, "N_roi": 29, "N_inlier": 27, "refit": true}
{"timestamp": "15:37:42.505823", "frame": 71, "mu": [-0.2749637232965357, 3.3342926849455217, 1.2350849108017306], "Sigma": [[0.009456387762021493, 0.002210588232033091, 0.03574644606183668], [0.002210588232033091, 0.0046298008734754715, 0.0010196678937337712], [0.03574644606183668, 0.001019667893733773, 0.3235784774850142]], "chi2_level": 0.997, "chi2_df": 3, "chi2_threshold": 13.931422665512084, "N_raw": 28, "N_roi": 26, "N_inlier": 25, "refit": true}
{"timestamp": "15:37:42.562792", "frame": 72, "mu": [-0.2964172361728548, 3.271851998377472, 1.109810958216399], "Sigma": [[0.0036016051056758083, -0.0005720011981825323, -0.0019145053748457238], [-0.0005720011981825322, 0.0019052669773968278, -6.783247272940229e-05], [-0.0019145053748457238, -6.78324727294023e-05, 0.0017294323973527138]], "chi2_level": 0.997, "chi2_df": 3, "chi2_threshold": 13.931422665512084, "N_raw": 11, "N_roi": 11, "N_inlier": 10, "refit": true}
{"timestamp": "15:37:42.617703", "frame": 73, "mu": [-0.10746099899295884, 3.348528707261422, 1.3472928785136034], "Sigma": [[0.01341763722617285, -0.0005489106375249563, -0.0038779806182322393], [-0.0005489106375249562, 0.0021532085782237542, -0.0025915685176994543], [-0.0038779806182322393, -0.0025915685176994543, 0.0059468446816550126]], "chi2_level": 0.997, "chi2_df": 3, "chi2_threshold": 13.931422665512084, "N_raw": 41, "N_roi": 41, "N_inlier": 38, "refit": true}
{"timestamp": "15:37:42.669228", "frame": 74, "mu": [-0.0646985232947931, 3.406525253477872, 0.6542355630942669], "Sigma": [[0.007763572296127174, -0.0024356345950233838, 0.029219523535935127], [-0.0024356345950233833, 0.005725936365508183, -0.052936631420159225], [0.029219523535935127, -0.05293663142015923, 0.6577802243545708]], "chi2_level": 0.997, "chi2_df": 3, "chi2_threshold": 13.931422665512084, "N_raw": 11, "N_roi": 9, "N_inlier": 9, "refit": true}
{"timestamp": "15:37:42.726646", "frame": 75, "mu": [0.06288728192810006, 3.353347128436609, 1.3114431038878982], "Sigma": [[0.012004139435029983, -0.0015874247871048165, 0.015531374499694675], [-0.0015874247871048165, 0.0026511813370465494, -0.013944397063687358], [0.015531374499694675, -0.013944397063687358, 0.23913629814006357]], "chi2_level": 0.997, "chi2_df": 3, "chi2_threshold": 13.931422665512084, "N_raw": 37, "N_roi": 37, "N_inlier": 37, "refit": true}
{"timestamp": "15:37:42.782118", "frame": 76, "mu": [0.08532878860373046, 3.3495026834634114, -0.6065834487230883], "Sigma": [[0.009687338072764265, -0.0009979523808995115, 0.03036534186304412], [-0.0009979523808995115, 0.003378659104790906, -0.011732584493021938], [0.03036534186304412, -0.011732584493021937, 0.5042829050908653]], "chi2_level": 0.997, "chi2_df": 3, "chi2_threshold": 13.931422665512084, "N_raw": 32, "N_roi": 29, "N_inlier": 28, "refit": true}
{"timestamp": "15:37:42.839465", "frame": 77, "mu": [0.18803406465029932, 3.3239709871945746, 1.2953042954542398], "Sigma": [[0.012307673061461757, -0.0012955158892107943, 0.00676098724403355], [-0.0012955158892107943, 0.002349617965138711, -0.006363129035245866], [0.00676098724403355, -0.006363129035245866, 0.06304054069802088]], "chi2_level": 0.997, "chi2_df": 3, "chi2_threshold": 13.931422665512084, "N_raw": 47, "N_roi": 44, "N_inlier": 42, "refit": true}
{"timestamp": "15:37:42.890980", "frame": 78, "mu": [0.14611738981454134, 3.316665566600378, 0.9688246928176133], "Sigma": [[0.011284707827741382, 0.00022228810035437613, -0.006739037907901598], [0.00022228810035437608, 0.0027417690465040556, -0.008639124959077642], [-0.006739037907901598, -0.008639124959077642, 0.11632265876969491]], "chi2_level": 0.997, "chi2_df": 3, "chi2_threshold": 13.931422665512084, "N_raw": 29, "N_roi": 29, "N_inlier": 28, "refit": true}
{"timestamp": "15:37:42.945615", "frame": 79, "mu": [0.2588023705664636, 3.2667113456186345, 1.0320936438226282], "Sigma": [[0.009281583808510087, -0.0007059122465407901, 0.0028773808550690153], [-0.0007059122465407902, 0.0015229009036500354, -0.006905679096856002], [0.002877380855069015, -0.006905679096856002, 0.19428574977489046]], "chi2_level": 0.997, "chi2_df": 3, "chi2_threshold": 13.931422665512084, "N_raw": 27, "N_roi": 27, "N_inlier": 26, "refit": true}
{"timestamp": "15:37:43.003069", "frame": 80, "mu": [0.31359312120057753, 3.267424158910439, 1.1084709453353743], "Sigma": [[0.011314914088429594, -0.0001474749999709273, -0.005129964873009289], [-0.00014747499997092727, 0.0020248078164045416, -0.011702411757252569], [-0.005129964873009289, -0.011702411757252569, 0.16753149208114412]], "chi2_level": 0.997, "chi2_df": 3, "chi2_threshold": 13.931422665512084, "N_raw": 43, "N_roi": 43, "N_inlier": 43, "refit": true}
{"timestamp": "15:37:43.055332", "frame": 81, "mu": [0.45388798322065227, 3.2485549818331556, 1.0721947488479455], "Sigma": [[0.00667134030516963, -0.004431806958106247, 0.025768336520981247], [-0.004431806958106247, 0.007368977297412208, -0.044336204102713654], [0.025768336520981247, -0.044336204102713654, 0.28426833398211826]], "chi2_level": 0.997, "chi2_df": 3, "chi2_threshold": 13.931422665512084, "N_raw": 25, "N_roi": 22, "N_inlier": 22, "refit": true}
{"timestamp": "15:37:43.110231", "frame": 82, "mu": [0.513415098558336, 3.20921871078292, 1.0490370646213725], "Sigma": [[0.009230423130393817, -0.008424511203511453, 0.03249797945760975], [-0.008424511203511453, 0.011552688176466092, -0.04857967378457937], [0.03249797945760975, -0.04857967378457937, 0.22257323219801842]], "chi2_level": 0.997, "chi2_df": 3, "chi2_threshold": 13.931422665512084, "N_raw": 18, "N_roi": 17, "N_inlier": 17, "refit": true}
{"timestamp": "15:37:43.165604", "frame": 83, "mu": [0.5424273595211562, 3.2198770394442757, 0.970336824135818], "Sigma": [[0.0042110728218621935, -0.0027737650504871926, 0.01031345660978811], [-0.0027737650504871926, 0.008406180326398982, -0.03328369648390101], [0.01031345660978811, -0.03328369648390101, 0.15342614633375]], "chi2_level": 0.997, "chi2_df": 3, "chi2_threshold": 13.931422665512084, "N_raw": 23, "N_roi": 23, "N_inlier": 23, "refit": true}
{"timestamp": "15:37:43.224867", "frame": 84, "mu": [0.5635621574373895, 3.164348566700821, 0.9879464561918216], "Sigma": [[0.014447987219922036, -0.002577412303606686, -0.00400785508063062], [-0.002577412303606686, 0.0028460726909296436, -0.0035987832148566003], [-0.00400785508063062, -0.0035987832148566, 0.012756592314473897]], "chi2_level": 0.997, "chi2_df": 3, "chi2_threshold": 13.931422665512084, "N_raw": 53, "N_roi": 53, "N_inlier": 51, "refit": true}
{"timestamp": "15:37:43.277936", "frame": 85, "mu": [0.6216870925961766, 3.073366167522271, 1.055680386932835], "Sigma": [[0.00825616478521088, -0.0026569554488925003, 0.013566650169519062], [-0.0026569554488925008, 0.00179318874326888, -0.012739297565874334], [0.013566650169519062, -0.012739297565874334, 0.12148449362897257]], "chi2_level": 0.997, "chi2_df": 3, "chi2_threshold": 13.931422665512084, "N_raw": 36, "N_roi": 31, "N_inlier": 29, "refit": true}
{"timestamp": "15:37:43.335235", "frame": 86, "mu": [0.6159520155939678, 3.048231514497556, 0.8850059553762839], "Sigma": [[0.014713527892602133, -0.001753200282801585, 0.000917662888125674], [-0.0017532002828015846, 0.0039055069853518717, -0.003817706072591049], [0.0009176628881256741, -0.003817706072591049, 0.017356637098237395]], "chi2_level": 0.997, "chi2_df": 3, "chi2_threshold": 13.931422665512084, "N_raw": 58, "N_roi": 58, "N_inlier": 55, "refit": true}
