{"timestamp": "15:31:22.531448", "frame": 8, "mu": [2.144745192077251, 1.733369842189751, 1.0633860482852258], "Sigma": [[0.5629956257598339, 0.41809269686088385, -0.2940542044062418], [0.41809269686088385, 0.323088560759678, -0.242598979497462], [-0.29405420440624186, -0.24259897949746198, 0.22317322973260648]], "chi2_level": 0.997, "chi2_df": 3, "chi2_threshold": 13.931422665512084, "N_raw": 7, "N_roi": 7, "N_inlier": 7, "refit": true}
{"timestamp": "15:31:22.588376", "frame": 9, "mu": [2.305001602896098, 2.055876262824237, 0.6258792841042129], "Sigma": [[0.008726146491863146, -0.01016649172893485, -0.0022606278533656016], [-0.01016649172893485, 0.014989205936536671, 0.0020741939063946917], [-0.0022606278533656016, 0.0020741939063946917, 0.0019366382681076596]], "chi2_level": 0.997, "chi2_df": 3, "chi2_threshold": 13.931422665512084, "N_raw": 23, "N_roi": 22, "N_inlier": 21, "refit": true}
{"timestamp": "15:31:22.642969", "frame": 10, "mu": [2.3265961515884763, 2.1094489509801653, -0.7135104994086128], "Sigma": [[0.0052225831295824665, -0.011476853831782359, 0.006534227683204214], [-0.011476853831782359, 0.03884494684578722, -0.03877924667698175], [0.006534227683204215, -0.03877924667698175, 0.05636264621430772]], "chi2_level": 0.997, "chi2_df": 3, "chi2_threshold": 13.931422665512084, "N_raw": 6, "N_roi": 6, "N_inlier": 6, "refit": true}
{"timestamp": "15:31:22.752746", "frame": 12, "mu": [2.188080829709804, 1.9172311879063648, 0.9453634501965138], "Sigma": [[0.0017526588794171904, -0.00035431429584370657, -0.008754982034118645], [-0.0003543142958437064, 0.004150600408465074, -0.008422545666232649], [-0.008754982034118645, -0.008422545666232649, 0.09919049789194906]], "chi2_level": 0.997, "chi2_df": 3, "chi2_threshold": 13.931422665512084, "N_raw": 6, "N_roi": 6, "N_inlier": 6, "refit": true}
{"timestamp": "15:31:22.807976", "frame": 13, "mu": [1.8979531042783562, 1.7577217229624933, 1.360801806642304], "Sigma": [[0.3675351451041059, 0.2954130769730573, -0.1592579116067264], [0.2954130769730573, 0.24112585274120754, -0.12474106116812991], [-0.1592579116067264, -0.12474106116812991, 0.14465626968449996]], "chi2_level": 0.997, "chi2_df": 3, "chi2_threshold": 13.931422665512084, "N_raw": 7, "N_roi": 7, "N_inlier": 7, "refit": true}
{"timestamp": "15:31:22.864665", "frame": 14, "mu": [1.9671528886549647, 1.9815079588284128, 1.4865920142990303], "Sigma": [[0.007227475061483696, -0.0033643634166945395, -0.00584817686795811], [-0.003364363416694539, 0.003794309054174972, 0.001796699704702732], [-0.00584817686795811, 0.001796699704702732, 0.007135408443727704]], "chi2_level": 0.997, "chi2_df": 3, "chi2_threshold": 13.931422665512084, "N_raw": 17, "N_roi": 17, "N_inlier": 17, "refit": true}
{"timestamp": "15:31:22.975838", "frame": 16, "mu": [1.8930034270532645, 1.9538363989231922, 1.3707736602064136], "Sigma": [[0.0060897057615788225, 0.001215734626258931, -0.00727398197605255], [0.001215734626258931, 0.0009525155551301799, -0.0007812330844105546], [-0.007273981976052551, -0.0007812330844105546, 0.00973685442824339]], "chi2_level": 0.997, "chi2_df": 3, "chi2_threshold": 13.931422665512084, "N_raw": 6, "N_roi": 6, "N_inlier": 6, "refit": true}
{"timestamp": "15:31:23.085172", "frame": 18, "mu": [1.6374385790014574, 2.00515822232356, 1.2619792391296918], "Sigma": [[0.009570594321239606, -0.006832530781723925, -0.02775079643394296], [-0.006832530781723925, 0.006529794493451634, 0.021150623437313377], [-0.027750796433942963, 0.021150623437313377, 0.11337053250036691]], "chi2_level": 0.997, "chi2_df": 3, "chi2_threshold": 13.931422665512084, "N_raw": 23, "N_roi": 23, "N_inlier": 23, "refit": true}
{"timestamp": "15:31:23.140879", "frame": 19, "mu": [1.4643047354002086, 2.066100811732816, 1.591329379840966], "Sigma": [[0.006192392417767987, -0.003358359717185186, -0.00426652499698407], [-0.003358359717185186, 0.003928443643311808, 0.0014787043729858028], [-0.00426652499698407, 0.0014787043729858028, 0.011401439417993509]], "chi2_level": 0.997, "chi2_df": 3, "chi2_threshold": 13.931422665512084, "N_raw": 23, "N_roi": 23, "N_inlier": 22, "refit": true}
{"timestamp": "15:31:23.195301", "frame": 20, "mu": [1.481287992941669, 2.020013063707122, 1.362302016558496], "Sigma": [[0.008350129169317875, -0.002887637623076646, -0.02114851109775972], [-0.002887637623076646, 0.003144669087108378, 0.0046135191146216056], [-0.02114851109775972, 0.0046135191146216056, 0.09673764770764007]], "chi2_level": 0.997, "chi2_df": 3, "chi2_threshold": 13.931422665512084, "N_raw": 23, "N_roi": 23, "N_inlier": 22, "refit": true}
{"timestamp": "15:31:23.253243", "frame": 21, "mu": [1.5014988809672833, 1.8683631323845131, 0.8843221862852988], "Sigma": [[0.01217802566178427, -0.010467995513421965, -0.026973417013274548], [-0.010467995513421965, 0.011667036437878014, 0.021297811233615613], [-0.026973417013274548, 0.021297811233615613, 0.09434392232094052]], "chi2_level": 0.997, "chi2_df": 3, "chi2_threshold": 13.931422665512084, "N_raw": 41, "N_roi": 41, "N_inlier": 40, "refit": true}
{"timestamp": "15:31:23.306380", "frame": 22, "mu": [1.3112473656504247, 1.9704380918751623, 1.2778408900303906], "Sigma": [[0.007263201119597222, -0.004580944417559945, -0.010488658278281049], [-0.004580944417559945, 0.005048030538597035, 0.006217900016021148], [-0.010488658278281049, 0.006217900016021148, 0.02074350381581786]], "chi2_level": 0.997, "chi2_df": 3, "chi2_threshold": 13.931422665512084, "N_raw": 30, "N_roi": 29, "N_inlier": 27, "refit": true}
{"timestamp": "15:31:23.365842", "frame": 23, "mu": [1.3394591512092975, 1.7958726062199182, 0.888470403908989], "Sigma": [[0.011581275240865179, -0.012433156329572141, -0.02071032017400259], [-0.012433156329572141, 0.016833169440586826, 0.031073550319352918], [-0.020710320174002587, 0.03107355031935292, 0.08392898824985427]], "chi2_level": 0.997, "chi2_df": 3, "chi2_threshold": 13.931422665512084, "N_raw": 56, "N_roi": 56, "N_inlier": 55, "refit": true}
{"timestamp": "15:31:23.423407", "frame": 24, "mu": [1.213665732597508, 2.064289538330522, -0.5198412675221924], "Sigma": [[0.009984002673615834, -0.004968930079953729, -0.008947963851349534], [-0.004968930079953729, 0.005373215285767876, -0.0045622852484611225], [-0.008947963851349534, -0.004562285248461121, 0.04541401349663805]], "chi2_level": 0.997, "chi2_df": 3, "chi2_threshold": 13.931422665512084, "N_raw": 70, "N_roi": 68, "N_inlier": 65, "refit": true}
{"timestamp": "15:31:23.477890", "frame": 25, "mu": [1.0333803590077866, 1.926876021425129, 1.3460356241609417], "Sigma": [[0.008688665787486794, -0.006046171348437077, -0.013770829822384766], [-0.006046171348437077, 0.009083198738647756, 0.01923491360527406], [-0.013770829822384766, 0.01923491360527406, 0.0664198663759965]], "chi2_level": 0.997, "chi2_df": 3, "chi2_threshold": 13.931422665512084, "N_raw": 50, "N_roi": 50, "N_inlier": 49, "refit": true}
{"timestamp": "15:31:23.530973", "frame": 26, "mu": [0.9253024393890703, 2.0364737888198317, 0.015145557437525105], "Sigma": [[0.011636653332630429, -0.0011888668780556636, -0.010420629191742716], [-0.0011888668780556636, 0.004712785507697891, 0.0011292939119706602], [-0.010420629191742716, 0.0011292939119706604, 0.011528496065320911]], "chi2_level": 0.997, "chi2_df": 3, "chi2_threshold": 13.931422665512084, "N_raw": 61, "N_roi": 60, "N_inlier": 59, "refit": true}
{"timestamp": "15:31:23.586692", "frame": 27, "mu": [0.837786622433117, 1.9342546956997932, 1.3578549334153946], "Sigma": [[0.006466800504723342, -0.0022841731421357923, -0.0022889070918344265], [-0.0022841731421357923, 0.0022706804807261106, 0.0021008271520185397], [-0.0022889070918344265, 0.0021008271520185397, 0.05436395966003382]], "chi2_level": 0.997, "chi2_df": 3, "chi2_threshold": 13.931422665512084, "N_raw": 60, "N_roi": 58, "N_inlier": 55, "refit": true}
{"timestamp": "15:31:23.639518", "frame": 28, "mu": [0.7762725935846922, 1.9538581806081914, 1.2875175398582601], "Sigma": [[0.004452065545867594, -0.002455692984831688, -0.011112652244045947], [-0.002455692984831688, 0.006548769405488097, 0.019448095170014938], [-0.011112652244045947, 0.019448095170014938, 0.21080973716557724]], "chi2_level": 0.997, "chi2_df": 3, "chi2_threshold": 13.931422665512084, "N_raw": 48, "N_roi": 45, "N_inlier": 45, "refit": true}
{"timestamp": "15:31:23.691847", "frame": 29, "mu": [0.6608328735995506, 1.910151041192391, 0.7638785545219813], "Sigma": [[0.00906564449051986, 0.002020719444860398, 0.02730756059530791], [0.002020719444860398, 0.0026174057440874776, 0.00333251374653066], [0.02730756059530791, 0.0033325137465306594, 0.26367638506023455]], "chi2_level": 0.997, "chi2_df": 3, "chi2_threshold": 13.931422665512084, "N_raw": 27, "N_roi": 22, "N_inlier": 22, "refit": true}
{"timestamp": "15:31:23.750578", "frame": 30, "mu": [0.5902137893101137, 1.9275075519957703, 1.307962644072922], "Sigma": [[0.009191184957942073, -0.002616430760423034, -0.01810385630698877], [-0.002616430760423034, 0.006944661057338508, 0.007356140114553432], [-0.018103856306988773, 0.007356140114553432, 0.08634572347524813]], "chi2_level": 0.997, "chi2_df": 3, "chi2_threshold": 13.931422665512084, "N_raw": 57, "N_roi": 57, "N_inlier": 53, "refit": true}
{"timestamp": "15:31:23.804798", "frame": 31, "mu": [0.45175106689756617, 1.979218993658365, 1.3793857296529797], "Sigma": [[0.0096354892731074, -0.0032540729042600056, 0.006257136687642722], [-0.003254072904260005, 0.005808621289868714, 0.0005773068115907192], [0.006257136687642722, 0.0005773068115907194, 0.04819758890153678]], "chi2_level": 0.997, "chi2_df": 3, "chi2_threshold": 13.931422665512084, "N_raw": 49, "N_roi": 49, "N_inlier": 45, "refit": true}
{"timestamp": "15:31:23.863637", "frame": 32, "mu": [0.3449790095586385, 2.089871531968078, -0.16923278065995492], "Sigma": [[0.006843367477700469, -0.0002163485506919883, -0.006759367076051265], [-0.00021634855069198824, 0.005199308653572643, -0.007568904548714473], [-0.006759367076051265, -0.007568904548714473, 0.030119129991892993]], "chi2_level": 0.997, "chi2_df": 3, "chi2_threshold": 13.931422665512084, "N_raw": 75, "N_roi": 70, "N_inlier": 66, "refit": true}
{"timestamp": "15:31:23.917983", "frame": 33, "mu": [0.23817680996553467, 1.990160169511371, 1.3377602913479285], "Sigma": [[0.0087213420281331, -0.004465261452040766, -0.022010669239049374], [-0.004465261452040766, 0.005167539891549782, 0.013152481475066936], [-0.022010669239049374, 0.013152481475066936, 0.08659012976503772]], "chi2_level": 0.997, "chi2_df": 3, "chi2_threshold": 13.931422665512084, "N_raw": 68, "N_roi": 62, "N_inlier": 58, "refit": true}
{"timestamp": "15:31:23.969736", "frame": 34, "mu": [0.1459489471801112, 2.004314810705036, 1.2920098956928152], "Sigma": [[0.0038834734409943956, -0.0025686958050586675, -0.01263968693373076], [-0.0025686958050586675, 0.004047876217564622, 0.011524620328048876], [-0.01263968693373076, 0.011524620328048877, 0.1234091990118341]], "chi2_level": 0.997, "chi2_df": 3, "chi2_threshold": 13.931422665512084, "N_raw": 45, "N_roi": 43, "N_inlier": 42, "refit": true}
{"timestamp": "15:31:24.028885", "frame": 35, "mu": [0.05415675374147109, 2.0031095282314473, 1.3336145870628022], "Sigma": [[0.02504286793459755, -0.010048030699376152, -0.06883867239928233], [-0.010048030699376152, 0.009804299787368022, 0.026496229388050543], [-0.06883867239928232, 0.026496229388050543, 0.22083414661553796]], "chi2_level": 0.997, "chi2_df": 3, "chi2_threshold": 13.931422665512084, "N_raw": 75, "N_roi": 74, "N_inlier": 73, "refit": true}
{"timestamp": "15:31:24.077826", "frame": 36, "mu": [0.02121421074069198, 1.9711367621772808, 0.36785496816498975], "Sigma": [[0.012301976445082635, -0.00379115070275238, -0.03552434594586283], [-0.00379115070275238, 0.002275036414050305, 0.008587170383770396], [-0.03552434594586283, 0.008587170383770397, 0.25157031405463454]], "chi2_level": 0.997, "chi2_df": 3, "chi2_threshold": 13.931422665512084, "N_raw": 36, "N_roi": 30, "N_inlier": 30, "refit": true}
{"timestamp": "15:31:24.140299", "frame": 37, "mu": [-0.23539910998331678, 1.9848671415252304, 1.2399388021411286], "Sigma": [[0.007773928435712447, -0.002014593164124395, -0.009405293703886325], [-0.002014593164124395, 0.008578943038626998, 0.02719382355356581], [-0.009405293703886323, 0.02719382355356581, 0.3679919169263865]], "chi2_level": 0.997, "chi2_df": 3, "chi2_threshold": 13.931422665512084, "N_raw": 88, "N_roi": 84, "N_inlier": 84, "refit": true}
{"timestamp": "15:31:24.197899", "frame": 38, "mu": [-0.37617973605286664, 1.9727512681130177, 1.1256458538019602], "Sigma": [[0.014846765892132777, 0.001259086358549964, 0.044387882620422564], [0.001259086358549964, 0.008529906123441405, 0.023073098928707042], [0.044387882620422564, 0.023073098928707042, 0.3797289234426881]], "chi2_level": 0.997, "chi2_df": 3, "chi2_threshold": 13.931422665512084, "N_raw": 98, "N_roi": 98, "N_inlier": 98, "refit": true}
{"timestamp": "15:31:24.250125", "frame": 39, "mu": [-0.470075271031683, 1.963967216004344, 1.2305794195682531], "Sigma": [[0.017928280050320128, 0.004658270118858559, 0.052657485848211366], [0.004658270118858559, 0.008591644697533853, 0.02578747500170677], [0.052657485848211366, 0.02578747500170677, 0.28897462311844013]], "chi2_level": 0.997, "chi2_df": 3, "chi2_threshold": 13.931422665512084, "N_raw": 81, "N_roi": 81, "N_inlier": 80, "refit": true}
{"timestamp": "15:31:24.295501", "frame": 40, "mu": [-0.5819998255150276, 1.9304054155571202, 0.8218362040538966], "Sigma": [[0.010159352491882708, 0.0019515392100511808, 0.05428315020355447], [0.001951539210051181, 0.0028905611906871968, 0.014723218132158898], [0.05428315020355447, 0.014723218132158898, 0.3700625790955026]], "chi2_level": 0.997, "chi2_df": 3, "chi2_threshold": 13.931422665512084, "N_raw": 14, "N_roi": 14, "N_inlier": 14, "refit": true}
{"timestamp": "15:31:24.353351", "frame": 41, "mu": [-0.6910485691821016, 1.9470890649658603, 1.3330017500737794], "Sigma": [[0.009699034473743068, -0.00021622936739653032, 0.024861100191972026], [-0.0002162293673965303, 0.0037186592662468944, 0.0014222823681441427], [0.024861100191972026, 0.0014222823681441427, 0.16324440913218274]], "chi2_level": 0.997, "chi2_df": 3, "chi2_threshold": 13.931422665512084, "N_raw": 41, "N_roi": 41, "N_inlier": 39, "refit": true}
{"timestamp": "15:31:24.409943", "frame": 42, "mu": [-0.508836043545762, 2.0931758897640402, 0.4651227038452569], "Sigma": [[0.018650491938864106, 0.003132903004325619, -0.037891546766077894], [0.003132903004325619, 0.002129488844794657, -0.010821826389704955], [-0.037891546766077894, -0.010821826389704955, 0.12493751994177016]], "chi2_level": 0.997, "chi2_df": 3, "chi2_threshold": 13.931422665512084, "N_raw": 49, "N_roi": 47, "N_inlier": 43, "refit": true}
{"timestamp": "15:31:24.471300", "frame": 43, "mu": [-0.7730010183647995, 2.0349928085281572, 0.8884559294364011], "Sigma": [[0.03090212866078331, 0.006588809739184854, -0.09688658126060973], [0.006588809739184855, 0.004993024943812847, -0.0315125251287602], [-0.09688658126060973, -0.0315125251287602, 0.3947172879599327]], "chi2_level": 0.997, "chi2_df": 3, "chi2_threshold": 13.931422665512084, "N_raw": 100, "N_roi": 99, "N_inlier": 97, "refit": true}
{"timestamp": "15:31:24.523777", "frame": 44, "mu": [-0.9246919820490052, 2.024131003626348, 1.11909846160879], "Sigma": [[0.021904964736600356, 0.0052264572273855074, -0.07794437909956754], [0.005226457227385507, 0.003842316223404763, -0.0235411603627584], [-0.07794437909956753, -0.023541160362758405, 0.34497766887641296]], "chi2_level": 0.997, "chi2_df": 3, "chi2_threshold": 13.931422665512084, "N_raw": 79, "N_roi": 77, "N_inlier": 72, "refit": true}
{"timestamp": "15:31:24.578458", "frame": 45, "mu": [-1.0756290276721412, 2.0350564877443067, 0.8949025576948674], "Sigma": [[0.007200694739251918, 0.0023197852662406454, -0.021094409369972082], [0.0023197852662406454, 0.005161261403086862, -0.024641198726837638], [-0.021094409369972082, -0.024641198726837638, 0.31963046541831447]], "chi2_level": 0.997, "chi2_df": 3, "chi2_threshold": 13.931422665512084, "N_raw": 74, "N_roi": 74, "N_inlier": 73, "refit": true}
{"timestamp": "15:31:24.628778", "frame": 46, "mu": [-1.2880285405688736, 1.919497948685539, 1.6243821173954598], "Sigma": [[0.008125483317895863, 0.0027373302092163643, -0.018916140319731815], [0.0027373302092163643, 0.005786118104662049, -0.006955851180649202], [-0.01891614031973182, -0.006955851180649203, 0.08006992917108968]], "chi2_level": 0.997, "chi2_df": 3, "chi2_threshold": 13.931422665512084, "N_raw": 43, "N_roi": 43, "N_inlier": 39, "refit": true}
{"timestamp": "15:31:24.681450", "frame": 47, "mu": [-1.2879902180868787, 1.9872488105454917, 1.0756583493822018], "Sigma": [[0.006188611093658148, 0.0011528249570483004, -0.027221095812087665], [0.0011528249570483004, 0.005317742905015272, -0.010550887002667934], [-0.027221095812087665, -0.010550887002667934, 0.23836949274012734]], "chi2_level": 0.997, "chi2_df": 3, "chi2_threshold": 13.931422665512084, "N_raw": 23, "N_roi": 19, "N_inlier": 19, "refit": true}
{"timestamp": "15:31:24.735258", "frame": 48, "mu": [-1.5333519530891517, 1.9433548161389163, 1.5682887478040004], "Sigma": [[0.024538325004717223, 0.02242923844036728, -0.03090361125095261], [0.02242923844036728, 0.032660187160371314, -0.03336090300682768], [-0.03090361125095261, -0.03336090300682769, 0.04819107342213761]], "chi2_level": 0.997, "chi2_df": 3, "chi2_threshold": 13.931422665512084, "N_raw": 19, "N_roi": 19, "N_inlier": 17, "refit": true}
{"timestamp": "15:31:24.795282", "frame": 49, "mu": [-1.799118770888658, 1.7266642517230189, 1.7515344173259213], "Sigma": [[0.041671701028259955, 0.04158716444184672, -0.05148887123188106], [0.04158716444184672, 0.05049587864054424, -0.05797519240204595], [-0.05148887123188106, -0.05797519240204595, 0.08039918193879642]], "chi2_level": 0.997, "chi2_df": 3, "chi2_threshold": 13.931422665512084, "N_raw": 60, "N_roi": 60, "N_inlier": 60, "refit": true}
{"timestamp": "15:31:24.853455", "frame": 50, "mu": [-2.008230992297297, 1.6741960936253626, 1.6620504181638756], "Sigma": [[0.057432770862070597, 0.04655734361253937, -0.0367429056019589], [0.04655734361253937, 0.04324579422177838, -0.03843447155026944], [-0.0367429056019589, -0.03843447155026944, 0.07604559140847938]], "chi2_level": 0.997, "chi2_df": 3, "chi2_threshold": 13.931422665512084, "N_raw": 75, "N_roi": 75, "N_inlier": 73, "refit": true}
{"timestamp": "15:31:24.902059", "frame": 51, "mu": [-2.0628911442107443, 1.7225851678965112, 1.7210258457765872], "Sigma": [[0.05301296375136806, 0.050067489234202386, -0.07073938684933163], [0.05006748923420239, 0.05375369312491239, -0.07697464417500038], [-0.07073938684933165, -0.07697464417500038, 0.11948265234947922]], "chi2_level": 0.997, "chi2_df": 3, "chi2_threshold": 13.931422665512084, "N_raw": 31, "N_roi": 31, "N_inlier": 31, "refit": true}
{"timestamp": "15:31:24.962189", "frame": 52, "mu": [-2.1382775736601025, 1.640482283058159, 1.728144296927836], "Sigma": [[0.029058499211589622, 0.023591404508096242, -0.03094452194542626], [0.023591404508096242, 0.029330056976244724, -0.03218737828050532], [-0.03094452194542626, -0.03218737828050532, 0.050756098543913]], "chi2_level": 0.997, "chi2_df": 3, "chi2_threshold": 13.931422665512084, "N_raw": 74, "N_roi": 72, "N_inlier": 71, "refit": true}
{"timestamp": "15:31:25.015777", "frame": 53, "mu": [-2.139391846552673, 1.6561961091493582, 1.456979157889596], "Sigma": [[0.02066123624071889, 0.017669274143642125, -0.031490239503417276], [0.017669274143642125, 0.028247215483811226, -0.04113882923048033], [-0.03149023950341727, -0.04113882923048033, 0.07378615919889096]], "chi2_level": 0.997, "chi2_df": 3, "chi2_threshold": 13.931422665512084, "N_raw": 53, "N_roi": 53, "N_inlier": 53, "refit": true}
{"timestamp": "15:31:25.069302", "frame": 54, "mu": [-2.247537354765101, 1.7381702346525136, 0.08377484083141176], "Sigma": [[0.010892943775883464, 0.01579491375826059, -0.010607251728052946], [0.015794913758260594, 0.03786563084390106, -0.024166234374792497], [-0.010607251728052948, -0.024166234374792497, 0.02206368294089365]], "chi2_level": 0.997, "chi2_df": 3, "chi2_threshold": 13.931422665512084, "N_raw": 43, "N_roi": 43, "N_inlier": 42, "refit": true}
{"timestamp": "15:31:25.123697", "frame": 55, "mu": [-2.283854918693166, 1.5976558098592897, 1.6186722006155463], "Sigma": [[0.009167236116859497, 0.005839057603021679, -0.008931935606697175], [0.005839057603021679, 0.014679200639997196, -0.005888773861957509], [-0.008931935606697175, -0.005888773861957509, 0.009952411685954524]], "chi2_level": 0.997, "chi2_df": 3, "chi2_threshold": 13.931422665512084, "N_raw": 47, "N_roi": 45, "N_inlier": 42, "refit": true}
{"timestamp": "15:31:25.181868", "frame": 56, "mu": [-2.3389230207982026, 1.5452615919220385, 1.5648451939872563], "Sigma": [[0.00837116522765378, 0.004104044700563858, -0.006490718447483987], [0.004104044700563858, 0.014858054904036482, -0.004060598588070315], [-0.006490718447483987, -0.004060598588070315, 0.007189625117089757]], "chi2_level": 0.997, "chi2_df": 3, "chi2_threshold": 13.931422665512084, "N_raw": 49, "N_roi": 44, "N_inlier": 44, "refit": true}
{"timestamp": "15:31:25.233876", "frame": 57, "mu": [-2.367987000149599, 1.6438674085618608, 1.4186524894425128], "Sigma": [[0.006294136741830283, 0.004862392254544034, -0.017191451103596513], [0.004862392254544034, 0.02578692290952299, -0.0464525390288112], [-0.017191451103596513, -0.0464525390288112, 0.1458261381061852]], "chi2_level": 0.997, "chi2_df": 3, "chi2_threshold": 13.931422665512084, "N_raw": 43, "N_roi": 35, "N_inlier": 35, "refit": true}
{"timestamp": "15:31:25.288662", "frame": 58, "mu": [-2.406820298941268, 1.7081211855428686, -0.3505861214152492], "Sigma": [[0.003799019590284416, 0.001313707897404916, 0.00012420628763076244], [0.0013137078974049157, 0.020397439084979527, 0.02092440872724082], [0.0001242062876307624, 0.02092440872724082, 0.04128374058253567]], "chi2_level": 0.997, "chi2_df": 3, "chi2_threshold": 13.931422665512084, "N_raw": 42, "N_roi": 30, "N_inlier": 27, "refit": true}
{"timestamp": "15:31:25.340424", "frame": 59, "mu": [-2.383977073039577, 1.7889911500722528, 1.1433440597295803], "Sigma": [[0.010550948601235883, 0.013866158572863472, -0.04902540739785834], [0.013866158572863472, 0.022035494863384866, -0.07467176297093417], [-0.049025407397858344, -0.07467176297093417, 0.2697595247405122]], "chi2_level": 0.997, "chi2_df": 3, "chi2_threshold": 13.931422665512084, "N_raw": 26, "N_roi": 12, "N_inlier": 12, "refit": true}
{"timestamp": "15:31:25.394462", "frame": 60, "mu": [-2.466062934053917, 1.5979610200218375, 1.1549041880720194], "Sigma": [[0.000683330904642799, -7.03060266260467e-05, -0.00016409313953260547], [-7.03060266260467e-05, 0.0012270561063800107, -0.00046835590527319484], [-0.00016409313953260542, -0.00046835590527319484, 0.0003012152904031727]], "chi2_level": 0.997, "chi2_df": 3, "chi2_threshold": 13.931422665512084, "N_raw": 16, "N_roi": 5, "N_inlier": 5, "refit": true}
{"timestamp": "15:31:25.454606", "frame": 61, "mu": [-2.4673298127235728, 1.6002033534196187, -0.8457008198963845], "Sigma": [[0.0006805886730476169, -0.00010733178492150657, -0.00014696700605214047], [-0.0001073317849215066, 0.001234226653857545, -0.0004590920677205932], [-0.00014696700605214044, -0.0004590920677205932, 0.00028862123795330075]], "chi2_level": 0.997, "chi2_df": 3, "chi2_threshold": 13.931422665512084, "N_raw": 52, "N_roi": 5, "N_inlier": 5, "refit": true}
