{"timestamp": "15:10:25.935752", "frame": 7, "mu": [-2.4594273581259283, 0.7818220571299599, 0.6089346912979767], "Sigma": [[0.0008814891412536729, 0.001362212820865308, -0.000591411514337004], [0.0013622128208653078, 0.004105745408640188, -0.0011954226089296231], [-0.000591411514337004, -0.0011954226089296233, 0.0036463100966901275]], "chi2_level": 0.997, "chi2_df": 3, "chi2_threshold": 13.931422665512084, "N_raw": 30, "N_roi": 7, "N_inlier": 7, "refit": true}
{"timestamp": "15:10:25.989461", "frame": 8, "mu": [-2.4613128599486256, 0.8473658499746523, 0.5674178888474891], "Sigma": [[0.0005580503241822873, -0.0016689813177217904, -0.00062822635499983], [-0.0016689813177217904, 0.009699572442778968, 0.0007568353707034917], [-0.00062822635499983, 0.0007568353707034917, 0.0013332475858022458]], "chi2_level": 0.997, "chi2_df": 3, "chi2_threshold": 13.931422665512084, "N_raw": 18, "N_roi": 5, "N_inlier": 5, "refit": true}
{"timestamp": "15:10:26.046000", "frame": 9, "mu": [-2.4318925273935625, 0.8606972164288715, 0.6201574997902998], "Sigma": [[0.00156189211794742, 0.0012588465804900927, 0.00024312014956904158], [0.0012588465804900927, 0.003973168962814981, -0.0013587175175407567], [0.00024312014956904158, -0.0013587175175407565, 0.000918855887481333]], "chi2_level": 0.997, "chi2_df": 3, "chi2_threshold": 13.931422665512084, "N_raw": 29, "N_roi": 8, "N_inlier": 8, "refit": true}
{"timestamp": "15:10:26.160692", "frame": 11, "mu": [-2.4102056435863086, 0.8160291129869242, 0.6895451687532993], "Sigma": [[0.003638496854023122, 0.003714152279507739, 0.0010567221087224969], [0.003714152279507739, 0.011947155298668436, -0.0047429527047169765], [0.001056722108722497, -0.0047429527047169765, 0.013954462544688198]], "chi2_level": 0.997, "chi2_df": 3, "chi2_threshold": 13.931422665512084, "N_raw": 60, "N_roi": 29, "N_inlier": 28, "refit": true}
{"timestamp": "15:10:26.214235", "frame": 12, "mu": [-2.06503389478862, 0.7619336103332603, 0.7350335264410186], "Sigma": [[1.5485654308696788, -0.05126424938585629, 0.04747147445854592], [-0.05126424938585628, 0.019415752040878233, -0.012684502492129737], [0.04747147445854592, -0.012684502492129738, 0.010140204133076348]], "chi2_level": 0.997, "chi2_df": 3, "chi2_threshold": 13.931422665512084, "N_raw": 53, "N_roi": 33, "N_inlier": 33, "refit": true}
{"timestamp": "15:10:26.265302", "frame": 13, "mu": [-1.9080964519415176, 0.7935122267433843, 0.6801492575872512], "Sigma": [[2.00050511897365, -0.029984720901581812, 0.02219667586148439], [-0.02998472090158181, 0.014142133079619345, -0.0020547456481604565], [0.02219667586148439, -0.0020547456481604565, 0.0024991117554669464]], "chi2_level": 0.997, "chi2_df": 3, "chi2_threshold": 13.931422665512084, "N_raw": 24, "N_roi": 20, "N_inlier": 20, "refit": true}
{"timestamp": "15:10:26.322745", "frame": 14, "mu": [-1.1999554566107138, 0.6647719829643893, 0.7789626729658803], "Sigma": [[4.075025197107775, -0.06849139846444854, 0.04823250317096733], [-0.06849139846444854, 0.01922765641557017, -0.007584156618947992], [0.04823250317096733, -0.007584156618947992, 0.006374778709952727]], "chi2_level": 0.997, "chi2_df": 3, "chi2_threshold": 13.931422665512084, "N_raw": 43, "N_roi": 39, "N_inlier": 39, "refit": true}
{"timestamp": "15:10:26.377562", "frame": 15, "mu": [-1.659691490323179, 0.7039569221867905, 0.9270418750336668], "Sigma": [[2.508627215717496, -0.08773129880063635, 0.026965413718696377], [-0.08773129880063635, 0.018716045197743045, -0.007624360179472485], [0.026965413718696377, -0.007624360179472486, 0.007445139389540839]], "chi2_level": 0.997, "chi2_df": 3, "chi2_threshold": 13.931422665512084, "N_raw": 44, "N_roi": 43, "N_inlier": 42, "refit": true}
{"timestamp": "15:10:26.431775", "frame": 16, "mu": [-1.4400080499645747, 0.6459965609573264, 0.8829878394082844], "Sigma": [[3.112364111845808, -0.07506515851235615, 0.06477764463795561], [-0.07506515851235612, 0.011206101874560647, -0.0068692818608162235], [0.06477764463795561, -0.0068692818608162235, 0.008652142882506592]], "chi2_level": 0.997, "chi2_df": 3, "chi2_threshold": 13.931422665512084, "N_raw": 33, "N_roi": 33, "N_inlier": 33, "refit": true}
{"timestamp": "15:10:26.485252", "frame": 17, "mu": [-2.241000594918823, 0.7473556702012507, 0.8540425145483794], "Sigma": [[0.006284912535775276, 0.005779447989531568, 0.0009162832451357222], [0.005779447989531567, 0.013412754504338677, -0.005933593500380816], [0.0009162832451357223, -0.005933593500380816, 0.008101417392721794]], "chi2_level": 0.997, "chi2_df": 3, "chi2_threshold": 13.931422665512084, "N_raw": 19, "N_roi": 19, "N_inlier": 19, "refit": true}
{"timestamp": "15:10:26.542555", "frame": 18, "mu": [-2.223091104368668, 0.6687292270968722, 0.8033826558929983], "Sigma": [[0.008405640190879667, 0.007761266666454589, -0.0034425353392283932], [0.007761266666454587, 0.012040520948090203, -0.008390861952498798], [-0.0034425353392283932, -0.008390861952498798, 0.012676924102246615]], "chi2_level": 0.997, "chi2_df": 3, "chi2_threshold": 13.931422665512084, "N_raw": 45, "N_roi": 45, "N_inlier": 42, "refit": true}
{"timestamp": "15:10:26.601047", "frame": 19, "mu": [-1.0112538928246009, 0.633416609761845, 0.79540702967675], "Sigma": [[3.826185341582375, -0.06453777657454239, 0.06298581500422652], [-0.06453777657454238, 0.015880887488920564, -0.008439337024936237], [0.06298581500422654, -0.008439337024936237, 0.006374628608295602]], "chi2_level": 0.997, "chi2_df": 3, "chi2_threshold": 13.931422665512084, "N_raw": 60, "N_roi": 60, "N_inlier": 59, "refit": true}
{"timestamp": "15:10:26.656868", "frame": 20, "mu": [-1.7539972329055011, 0.626982965784527, 0.9620163437843412], "Sigma": [[1.2817138560932724, -0.04264837072380542, 0.05486648515679341], [-0.04264837072380542, 0.01416146926444823, -0.0034196867348708143], [0.05486648515679341, -0.0034196867348708143, 0.023721593561629936]], "chi2_level": 0.997, "chi2_df": 3, "chi2_threshold": 13.931422665512084, "N_raw": 59, "N_roi": 59, "N_inlier": 58, "refit": true}
{"timestamp": "15:10:26.717097", "frame": 21, "mu": [-1.6855844175276966, 0.6319666736499084, 0.9229460257338642], "Sigma": [[1.5054242682692323, -0.05130031568442784, 0.030455916896463615], [-0.05130031568442783, 0.01486228897143453, -0.0071240949336857425], [0.030455916896463618, -0.007124094933685742, 0.033722899609456514]], "chi2_level": 0.997, "chi2_df": 3, "chi2_threshold": 13.931422665512084, "N_raw": 88, "N_roi": 88, "N_inlier": 88, "refit": true}
{"timestamp": "15:10:26.767254", "frame": 22, "mu": [-1.9718764117647485, 0.6674127287035083, 1.0970247166218434], "Sigma": [[0.006264575399406687, 0.006485780515294691, 0.0022128769336277328], [0.006485780515294691, 0.009667442492883828, -0.0040802315469961655], [0.0022128769336277323, -0.0040802315469961655, 0.026163760873359015]], "chi2_level": 0.997, "chi2_df": 3, "chi2_threshold": 13.931422665512084, "N_raw": 53, "N_roi": 53, "N_inlier": 51, "refit": true}
{"timestamp": "15:10:26.818886", "frame": 23, "mu": [-1.9372375643556032, 0.6380491263531282, 1.0514660117490044], "Sigma": [[0.005327469011019327, 0.004310577157704484, -0.0008913292425151141], [0.004310577157704484, 0.009252096731782048, -0.004898958122164997], [-0.0008913292425151141, -0.004898958122164997, 0.007128041924825162]], "chi2_level": 0.997, "chi2_df": 3, "chi2_threshold": 13.931422665512084, "N_raw": 34, "N_roi": 34, "N_inlier": 34, "refit": true}
{"timestamp": "15:10:26.876374", "frame": 24, "mu": [-1.3094614701191825, 0.5216754204296176, 0.9741783577754694], "Sigma": [[1.9403889556155514, -0.028191491612796774, 0.05879039896199653], [-0.028191491612796778, 0.008028874658243696, -0.0036900773725938372], [0.058790398961996525, -0.003690077372593837, 0.01803458608937654]], "chi2_level": 0.997, "chi2_df": 3, "chi2_threshold": 13.931422665512084, "N_raw": 53, "N_roi": 53, "N_inlier": 53, "refit": true}
{"timestamp": "15:10:26.932846", "frame": 25, "mu": [-1.5566634610293855, 0.563473558069669, 1.0757483932797103], "Sigma": [[0.7703286246422812, -0.024249246399575056, -0.02256944127203334], [-0.024249246399575056, 0.019081151310275324, 0.01189529017055059], [-0.02256944127203334, 0.011895290170550589, 0.0332120383021665]], "chi2_level": 0.997, "chi2_df": 3, "chi2_threshold": 13.931422665512084, "N_raw": 64, "N_roi": 64, "N_inlier": 63, "refit": true}
{"timestamp": "15:10:26.988123", "frame": 26, "mu": [-1.756411591303957, 0.8236405289950747, -0.6565433450944433], "Sigma": [[0.011553515071522876, 0.00791098694510549, 0.006159720473520378], [0.00791098694510549, 0.013525039353659266, -0.0005831250999154807], [0.006159720473520378, -0.0005831250999154807, 0.019492260440911853]], "chi2_level": 0.997, "chi2_df": 3, "chi2_threshold": 13.931422665512084, "N_raw": 64, "N_roi": 64, "N_inlier": 61, "refit": true}
{"timestamp": "15:10:27.043067", "frame": 27, "mu": [-1.6807807913100394, 0.6751668296606866, 1.2356222912738863], "Sigma": [[0.008220334165016073, 0.004304983001770077, 0.0033803667150321083], [0.004304983001770077, 0.01057556686834251, -0.002985141095511628], [0.003380366715032108, -0.0029851410955116283, 0.018603675067755367]], "chi2_level": 0.997, "chi2_df": 3, "chi2_threshold": 13.931422665512084, "N_raw": 62, "N_roi": 62, "N_inlier": 62, "refit": true}
{"timestamp": "15:10:27.099048", "frame": 28, "mu": [-1.6802077050605937, 0.6106698986342373, 1.1736587606186242], "Sigma": [[0.009236572964297972, 0.007315681471949381, 0.0007673988212577517], [0.007315681471949381, 0.010636291231419842, -0.004985398718786201], [0.0007673988212577517, -0.0049853987187862, 0.015914996530916617]], "chi2_level": 0.997, "chi2_df": 3, "chi2_threshold": 13.931422665512084, "N_raw": 67, "N_roi": 67, "N_inlier": 63, "refit": true}
{"timestamp": "15:10:27.157935", "frame": 29, "mu": [-1.6116221845614573, 0.5898585219638639, 1.1431438721772242], "Sigma": [[0.009610108764103868, 0.011480702777513976, 0.010555287753925585], [0.011480702777513976, 0.017321802427075587, 0.015899390021116514], [0.010555287753925585, 0.015899390021116514, 0.061632149625811136]], "chi2_level": 0.997, "chi2_df": 3, "chi2_threshold": 13.931422665512084, "N_raw": 96, "N_roi": 96, "N_inlier": 91, "refit": true}
{"timestamp": "15:10:27.215031", "frame": 30, "mu": [-1.5164871212629045, 0.6744411812105017, 1.216886835962388], "Sigma": [[0.009123984774979674, 0.008747716714160591, 0.008938730109398323], [0.008747716714160591, 0.015616453621878811, 0.010102083186976184], [0.008938730109398323, 0.010102083186976184, 0.06664800554805962]], "chi2_level": 0.997, "chi2_df": 3, "chi2_threshold": 13.931422665512084, "N_raw": 104, "N_roi": 104, "N_inlier": 103, "refit": true}
{"timestamp": "15:10:27.268599", "frame": 31, "mu": [-1.5139704309002942, 0.9065028670259621, -0.46202663748956363], "Sigma": [[0.01122881823569793, 0.0034337011565321257, 7.460293215650849e-05], [0.0034337011565321257, 0.019019066149143914, -0.011112305048830373], [7.460293215650844e-05, -0.011112305048830373, 0.009157594421332144]], "chi2_level": 0.997, "chi2_df": 3, "chi2_threshold": 13.931422665512084, "N_raw": 98, "N_roi": 98, "N_inlier": 96, "refit": true}
{"timestamp": "15:10:27.318451", "frame": 32, "mu": [-1.4717510073440512, 0.7435209013976566, 1.272347835070621], "Sigma": [[0.00799295660809223, 0.004185069278081845, 0.0008548804892376301], [0.004185069278081845, 0.00726683671734677, -0.004581291874920131], [0.0008548804892376304, -0.004581291874920131, 0.012075232523360064]], "chi2_level": 0.997, "chi2_df": 3, "chi2_threshold": 13.931422665512084, "N_raw": 62, "N_roi": 62, "N_inlier": 61, "refit": true}
{"timestamp": "15:10:27.376743", "frame": 33, "mu": [-1.4121909277721243, 0.7529027008139226, 1.2274218959651462], "Sigma": [[0.008576262906803423, 0.006399957171750024, 0.003168395464015707], [0.006399957171750024, 0.006861408414527752, -0.002481410166835131], [0.003168395464015707, -0.002481410166835131, 0.03227851312196117]], "chi2_level": 0.997, "chi2_df": 3, "chi2_threshold": 13.931422665512084, "N_raw": 84, "N_roi": 84, "N_inlier": 83, "refit": true}
{"timestamp": "15:10:27.434842", "frame": 34, "mu": [-1.3001599068353937, 0.8377679074781085, 1.2715133382146557], "Sigma": [[0.01108489228266113, 0.004953933601006441, -0.0011788826508459687], [0.004953933601006441, 0.009640167250886572, -0.00827416468746928], [-0.0011788826508459687, -0.008274164687469278, 0.012151987348111019]], "chi2_level": 0.997, "chi2_df": 3, "chi2_threshold": 13.931422665512084, "N_raw": 103, "N_roi": 103, "N_inlier": 100, "refit": true}
{"timestamp": "15:10:27.486187", "frame": 35, "mu": [-1.2267240692723964, 0.8124751546407559, 1.4198402321385961], "Sigma": [[0.015765841254307106, 0.00857299110258423, 0.005003121785578814], [0.00857299110258423, 0.0090572682595525, -0.00018224380367231957], [0.005003121785578814, -0.00018224380367231957, 0.009841152339215531]], "chi2_level": 0.997, "chi2_df": 3, "chi2_threshold": 13.931422665512084, "N_raw": 83, "N_roi": 83, "N_inlier": 81, "refit": true}
{"timestamp": "15:10:27.537370", "frame": 36, "mu": [-1.2022046401619293, 0.710518499271488, 1.3577412061239202], "Sigma": [[0.009378482343932732, 0.009190972716647716, -0.0012198746255056303], [0.009190972716647716, 0.010901068766663953, -0.005471681052293636], [-0.0012198746255056307, -0.0054716810522936355, 0.04384353840085357]], "chi2_level": 0.997, "chi2_df": 3, "chi2_threshold": 13.931422665512084, "N_raw": 56, "N_roi": 56, "N_inlier": 54, "refit": true}
{"timestamp": "15:10:27.597775", "frame": 37, "mu": [-1.0775774102237128, 0.8338071228708941, 1.474511144781823], "Sigma": [[0.01226359315226143, 0.007474450703965959, -0.0013552459041110527], [0.00747445070396596, 0.00983198931690892, -0.004187889080675893], [-0.0013552459041110527, -0.004187889080675892, 0.009223435349393887]], "chi2_level": 0.997, "chi2_df": 3, "chi2_threshold": 13.931422665512084, "N_raw": 93, "N_roi": 93, "N_inlier": 90, "refit": true}
{"timestamp": "15:10:27.654606", "frame": 38, "mu": [-1.059494697100166, 0.7749901949709589, 1.463190741709964], "Sigma": [[0.01919150037493591, 0.012159496051694838, 0.0032554769811417045], [0.012159496051694836, 0.015151848889784181, 0.0029197431396567157], [0.0032554769811417045, 0.0029197431396567157, 0.006520412543025386]], "chi2_level": 0.997, "chi2_df": 3, "chi2_threshold": 13.931422665512084, "N_raw": 96, "N_roi": 96, "N_inlier": 94, "refit": true}
{"timestamp": "15:10:27.711398", "frame": 39, "mu": [-0.9590135494866228, 0.90693234065264, 0.4028415917405308], "Sigma": [[0.01901435741977845, 0.0036279015894025513, 0.06519880019860425], [0.0036279015894025513, 0.006088181456132095, 0.012763161247716363], [0.06519880019860425, 0.012763161247716365, 0.6204055594536231]], "chi2_level": 0.997, "chi2_df": 3, "chi2_threshold": 13.931422665512084, "N_raw": 110, "N_roi": 110, "N_inlier": 110, "refit": true}
{"timestamp": "15:10:27.760856", "frame": 40, "mu": [-0.8312157621093998, 0.9020617460475231, 1.482274341311909], "Sigma": [[0.012946502215893147, 0.0034127326353237952, -0.014679915049086825], [0.0034127326353237952, 0.005568296840225148, -0.009253538754787523], [-0.014679915049086823, -0.009253538754787523, 0.059681081261795416]], "chi2_level": 0.997, "chi2_df": 3, "chi2_threshold": 13.931422665512084, "N_raw": 71, "N_roi": 71, "N_inlier": 71, "refit": true}
{"timestamp": "15:10:27.818090", "frame": 41, "mu": [-0.8300744525003925, 0.8493134297199458, 1.5088112167047387], "Sigma": [[0.027698204226189536, 0.013591001804773895, -0.022896015706314797], [0.013591001804773895, 0.010262373143764844, -0.01817826984162123], [-0.022896015706314797, -0.01817826984162123, 0.08140194297499656]], "chi2_level": 0.997, "chi2_df": 3, "chi2_threshold": 13.931422665512084, "N_raw": 93, "N_roi": 93, "N_inlier": 91, "refit": true}
{"timestamp": "15:10:27.874120", "frame": 42, "mu": [-0.7885366471603961, 0.8693645453037324, 1.5271053122921694], "Sigma": [[0.040926963230244945, 0.01851364878123897, -0.022499206545937935], [0.01851364878123897, 0.012025550512341677, -0.014571060939750021], [-0.022499206545937935, -0.014571060939750021, 0.05258915372904746]], "chi2_level": 0.997, "chi2_df": 3, "chi2_threshold": 13.931422665512084, "N_raw": 102, "N_roi": 101, "N_inlier": 97, "refit": true}
{"timestamp": "15:10:27.924461", "frame": 43, "mu": [-0.5847708297359868, 0.9267970134044516, 1.5132908999720498], "Sigma": [[0.002825253495973813, -0.001101847071482151, 0.0012003457630419515], [-0.001101847071482151, 0.0038837322354724653, -0.004578634386690466], [0.0012003457630419517, -0.004578634386690466, 0.017334747003444735]], "chi2_level": 0.997, "chi2_df": 3, "chi2_threshold": 13.931422665512084, "N_raw": 65, "N_roi": 65, "N_inlier": 60, "refit": true}
{"timestamp": "15:10:27.979974", "frame": 44, "mu": [-0.548729297330022, 0.9412709524262324, 1.4945369587248654], "Sigma": [[0.004040878926602808, -0.0010203493877144107, 0.0024528631730886463], [-0.001020349387714411, 0.003817593452448665, -0.0036978821738115368], [0.0024528631730886463, -0.0036978821738115368, 0.005715424530873696]], "chi2_level": 0.997, "chi2_df": 3, "chi2_threshold": 13.931422665512084, "N_raw": 76, "N_roi": 76, "N_inlier": 74, "refit": true}
{"timestamp": "15:10:28.036218", "frame": 45, "mu": [-0.49190995167064877, 0.9306628572129612, 1.4274673834967682], "Sigma": [[0.003086032035606803, -0.0003305884046832644, 0.0005775099659316677], [-0.0003305884046832645, 0.0017610279431930183, -0.0029573952026585785], [0.0005775099659316677, -0.0029573952026585785, 0.02434079440716881]], "chi2_level": 0.997, "chi2_df": 3, "chi2_threshold": 13.931422665512084, "N_raw": 80, "N_roi": 80, "N_inlier": 75, "refit": true}
{"timestamp": "15:10:28.089054", "frame": 46, "mu": [-0.3642901584674903, 1.041570113303581, -0.2505056083737941], "Sigma": [[0.002189993415811056, 0.0003137360984275446, -0.0006309393070005956], [0.0003137360984275447, 0.005446847510007602, -0.003850942873317294], [-0.0006309393070005956, -0.003850942873317294, 0.004752867438291195]], "chi2_level": 0.997, "chi2_df": 3, "chi2_threshold": 13.931422665512084, "N_raw": 65, "N_roi": 65, "N_inlier": 63, "refit": true}
{"timestamp": "15:10:28.143869", "frame": 47, "mu": [-0.30990541532106924, 1.0476345994664347, -0.21170793460517467], "Sigma": [[0.0027206353098180877, -0.00012105326230858797, -0.0003815461995705451], [-0.00012105326230858803, 0.0053265630021470745, -0.0022026465017179046], [-0.0003815461995705451, -0.002202646501717904, 0.002906665976532192]], "chi2_level": 0.997, "chi2_df": 3, "chi2_threshold": 13.931422665512084, "N_raw": 67, "N_roi": 67, "N_inlier": 65, "refit": true}
{"timestamp": "15:10:28.201004", "frame": 48, "mu": [-0.27793058280321165, 0.971426242575709, 1.4833188014436782], "Sigma": [[0.0039055678538431286, -0.0002952551111833282, 0.002426875501277733], [-0.00029525511118332786, 0.004834700343488781, -0.005043276999418731], [0.002426875501277733, -0.005043276999418731, 0.009657235400036995]], "chi2_level": 0.997, "chi2_df": 3, "chi2_threshold": 13.931422665512084, "N_raw": 77, "N_roi": 77, "N_inlier": 75, "refit": true}
{"timestamp": "15:10:28.264651", "frame": 49, "mu": [-0.21548502089693472, 1.0082394792613352, 0.30737139349730314], "Sigma": [[0.0054088764956649, -0.0020946791776443774, 0.04075621620433276], [-0.0020946791776443774, 0.012163020322951778, -0.00971149398001529], [0.04075621620433274, -0.00971149398001529, 0.5527383496578695]], "chi2_level": 0.997, "chi2_df": 3, "chi2_threshold": 13.931422665512084, "N_raw": 137, "N_roi": 136, "N_inlier": 136, "refit": true}
{"timestamp": "15:10:28.308453", "frame": 50, "mu": [-0.13634233848094274, 0.9854021548558547, 1.476231881093704], "Sigma": [[0.0025161691548298646, -0.0009232086037047312, -0.007435417754717144], [-0.0009232086037047311, 0.004325875859107279, 0.009729916301433005], [-0.0074354177547171435, 0.009729916301433003, 0.07164253628803965]], "chi2_level": 0.997, "chi2_df": 3, "chi2_threshold": 13.931422665512084, "N_raw": 54, "N_roi": 54, "N_inlier": 54, "refit": true}
{"timestamp": "15:10:28.359481", "frame": 51, "mu": [-0.12626755264715298, 1.0338519414872558, 1.4460942252120603], "Sigma": [[0.0012803014011271623, -0.00033426108875374413, -0.00014668978370137645], [-0.00033426108875374413, 0.0013091544265214138, -0.001964978858853094], [-0.00014668978370137648, -0.001964978858853094, 0.0036793789800560555]], "chi2_level": 0.997, "chi2_df": 3, "chi2_threshold": 13.931422665512084, "N_raw": 33, "N_roi": 31, "N_inlier": 31, "refit": true}
{"timestamp": "15:10:28.419535", "frame": 52, "mu": [-0.05949409180111893, 0.9903328040113587, 1.5100760965270563], "Sigma": [[0.003072146755265597, 0.00027577665441196156, 0.0012365963247444021], [0.00027577665441196167, 0.0026924397693064515, -0.0020971276280380207], [0.0012365963247444021, -0.00209712762803802, 0.008027250393819374]], "chi2_level": 0.997, "chi2_df": 3, "chi2_threshold": 13.931422665512084, "N_raw": 71, "N_roi": 70, "N_inlier": 65, "refit": true}
{"timestamp": "15:10:28.474971", "frame": 53, "mu": [0.043493013627781164, 1.0302288799938757, -0.3259644061892342], "Sigma": [[0.002506787828796317, 0.002862383264495878, 0.0051293872259010696], [0.002862383264495877, 0.009797429062560883, 0.007267316238958306], [0.0051293872259010696, 0.007267316238958306, 0.03157772285201042]], "chi2_level": 0.997, "chi2_df": 3, "chi2_threshold": 13.931422665512084, "N_raw": 74, "N_roi": 74, "N_inlier": 70, "refit": true}
{"timestamp": "15:10:28.523415", "frame": 54, "mu": [0.16206008171388003, 1.000761082917218, 1.289675699261537], "Sigma": [[0.00850432076489377, -0.0003732827525333562, -0.029848656846585858], [-0.000373282752533356, 0.0028468293593458044, -0.013996793260111683], [-0.029848656846585858, -0.013996793260111683, 0.32549320941743826]], "chi2_level": 0.997, "chi2_df": 3, "chi2_threshold": 13.931422665512084, "N_raw": 25, "N_roi": 25, "N_inlier": 24, "refit": true}
{"timestamp": "15:10:28.575133", "frame": 55, "mu": [0.21561729300553004, 1.0095026684432966, 1.2236580330577564], "Sigma": [[0.0009483294012344949, -0.00016612472914545611, -0.0017270492601316836], [-0.00016612472914545606, 0.004159486540510998, 0.002852721357987739], [-0.0017270492601316827, 0.0028527213579877383, 0.3523270323017014]], "chi2_level": 0.997, "chi2_df": 3, "chi2_threshold": 13.931422665512084, "N_raw": 8, "N_roi": 8, "N_inlier": 8, "refit": true}
{"timestamp": "15:10:28.637014", "frame": 56, "mu": [0.26724464680545595, 0.981961098121102, 1.5669759680671898], "Sigma": [[0.00241691798280373, 0.0008017424557125349, -0.0004696059376926066], [0.0008017424557125348, 0.003969823454562073, -0.0015356743333239243], [-0.00046960593769260656, -0.0015356743333239243, 0.0008745361526412839]], "chi2_level": 0.997, "chi2_df": 3, "chi2_threshold": 13.931422665512084, "N_raw": 54, "N_roi": 54, "N_inlier": 53, "refit": true}
{"timestamp": "15:10:28.690457", "frame": 57, "mu": [0.2957541727154788, 0.9793273303631288, 1.4684148265948869], "Sigma": [[0.001524351996233343, -9.351161342401753e-05, 0.00029899423115241895], [-9.351161342401752e-05, 0.0036691813121252775, -0.00662206805371872], [0.00029899423115241884, -0.00662206805371872, 0.015176567925370248]], "chi2_level": 0.997, "chi2_df": 3, "chi2_threshold": 13.931422665512084, "N_raw": 42, "N_roi": 42, "N_inlier": 39, "refit": true}
{"timestamp": "15:10:28.746102", "frame": 58, "mu": [0.3997979175585676, 0.9354132132085856, 1.5427858094235196], "Sigma": [[0.0024292010340885603, 0.0015203981279255552, -0.00036149267629593076], [0.0015203981279255552, 0.002381477215979192, -0.002015673555211037], [-0.0003614926762959307, -0.002015673555211037, 0.002735476769037704]], "chi2_level": 0.997, "chi2_df": 3, "chi2_threshold": 13.931422665512084, "N_raw": 47, "N_roi": 47, "N_inlier": 44, "refit": true}
{"timestamp": "15:10:28.796666", "frame": 59, "mu": [0.43536531152316427, 0.8925081277313927, 1.5098192599582565], "Sigma": [[0.0014576959667665474, 0.0017580438635395974, 0.003059129047375962], [0.0017580438635395978, 0.005704672702400263, 0.002133110007273914], [0.003059129047375962, 0.0021331100072739134, 0.017304442203484136]], "chi2_level": 0.997, "chi2_df": 3, "chi2_threshold": 13.931422665512084, "N_raw": 18, "N_roi": 18, "N_inlier": 17, "refit": true}
{"timestamp": "15:10:28.857250", "frame": 60, "mu": [0.502389260576527, 0.8973011014718276, 1.424688674467565], "Sigma": [[0.0024530153159540084, 0.0031791109402780774, 0.000977567859599174], [0.003179110940278077, 0.006161783114142308, 0.00353639299387173], [0.000977567859599174, 0.00353639299387173, 0.022660991172193085]], "chi2_level": 0.997, "chi2_df": 3, "chi2_threshold": 13.931422665512084, "N_raw": 49, "N_roi": 49, "N_inlier": 47, "refit": true}
{"timestamp": "15:10:28.910330", "frame": 61, "mu": [0.5691560624176488, 1.001917003448918, 1.6571898231635913], "Sigma": [[0.0020113716148779867, -7.360866226281682e-05, -0.0006158101982572145], [-7.360866226281682e-05, 0.002166112841193825, -0.0008513013723267668], [-0.0006158101982572146, -0.0008513013723267668, 0.00068269743818449]], "chi2_level": 0.997, "chi2_df": 3, "chi2_threshold": 13.931422665512084, "N_raw": 35, "N_roi": 35, "N_inlier": 33, "refit": true}
{"timestamp": "15:10:28.961446", "frame": 62, "mu": [0.6452735718717664, 1.0063283038881927, 1.5339446612179526], "Sigma": [[0.0010084125833993308, 0.0014413099548468262, 0.0033290871575195045], [0.0014413099548468262, 0.011545038142081807, 0.009166829662507366], [0.0033290871575195045, 0.009166829662507365, 0.05880291249006492]], "chi2_level": 0.997, "chi2_df": 3, "chi2_threshold": 13.931422665512084, "N_raw": 15, "N_roi": 15, "N_inlier": 15, "refit": true}
{"timestamp": "15:10:29.015951", "frame": 63, "mu": [0.6650616717017352, 1.0291554871744926, 1.4134015083562823], "Sigma": [[0.0010953263429862774, 0.0006047137572796146, 0.000189993936403108], [0.0006047137572796146, 0.0023289202162437507, 6.973588898833956e-05], [0.000189993936403108, 6.973588898833956e-05, 0.016276698821276272]], "chi2_level": 0.997, "chi2_df": 3, "chi2_threshold": 13.931422665512084, "N_raw": 19, "N_roi": 19, "N_inlier": 18, "refit": true}
{"timestamp": "15:10:29.068951", "frame": 64, "mu": [0.7283945180661989, 1.0926031252892476, 1.4153917221673908], "Sigma": [[0.0008750452448157607, 0.0005002616147207375, -0.0008982484252293072], [0.0005002616147207375, 0.0021752609962090606, -0.007136703929481687], [-0.0008982484252293072, -0.007136703929481687, 0.056414243223800314]], "chi2_level": 0.997, "chi2_df": 3, "chi2_threshold": 13.931422665512084, "N_raw": 7, "N_roi": 7, "N_inlier": 7, "refit": true}
{"timestamp": "15:10:29.126950", "frame": 65, "mu": [0.7748672277757493, 1.0754038119870306, 1.6157726603373992], "Sigma": [[0.0013566702598115622, 0.0001290621631345528, -2.6056952856010074e-05], [0.0001290621631345528, 0.004036905450025899, 0.0007640960365974621], [-2.6056952856010128e-05, 0.0007640960365974621, 0.01922309351262902]], "chi2_level": 0.997, "chi2_df": 3, "chi2_threshold": 13.931422665512084, "N_raw": 26, "N_roi": 26, "N_inlier": 24, "refit": true}
{"timestamp": "15:10:29.179950", "frame": 66, "mu": [0.8321772465550124, 1.1061664731409153, 1.446944166128671], "Sigma": [[0.001152327846586417, 0.002157935135828125, -0.004888190447843889], [0.002157935135828125, 0.006300133480043713, -0.011061070425745265], [-0.004888190447843889, -0.011061070425745265, 0.04953364507817409]], "chi2_level": 0.997, "chi2_df": 3, "chi2_threshold": 13.931422665512084, "N_raw": 12, "N_roi": 12, "N_inlier": 12, "refit": true}
{"timestamp": "15:10:29.235147", "frame": 67, "mu": [0.9464087639393435, 0.9462145323283399, 1.21371638352324], "Sigma": [[0.006023298380704296, 0.002423161557029346, 0.032275675057895414], [0.002423161557029346, 0.006919406231309468, 0.009695769143397728], [0.032275675057895414, 0.009695769143397728, 0.1948952695734425]], "chi2_level": 0.997, "chi2_df": 3, "chi2_threshold": 13.931422665512084, "N_raw": 14, "N_roi": 13, "N_inlier": 13, "refit": true}
{"timestamp": "15:10:29.292529", "frame": 68, "mu": [0.9818720783205162, 1.046732124073457, 1.4828411432267288], "Sigma": [[0.0018495839181397258, 0.0014208738522280705, 0.003479650859063645], [0.0014208738522280705, 0.00540933431919492, 0.017776653433943967], [0.003479650859063645, 0.017776653433943964, 0.13073931646031708]], "chi2_level": 0.997, "chi2_df": 3, "chi2_threshold": 13.931422665512084, "N_raw": 21, "N_roi": 21, "N_inlier": 21, "refit": true}
{"timestamp": "15:10:29.346449", "frame": 69, "mu": [1.059794872981425, 1.110851633931051, 1.489033273370722], "Sigma": [[0.0022512790716480297, 0.001348229840582576, 0.006473165760117377], [0.0013482298405825763, 0.00641586258459479, 0.011006918050828342], [0.006473165760117377, 0.01100691805082834, 0.09890318704388684]], "chi2_level": 0.997, "chi2_df": 3, "chi2_threshold": 13.931422665512084, "N_raw": 19, "N_roi": 19, "N_inlier": 19, "refit": true}
{"timestamp": "15:10:29.402423", "frame": 70, "mu": [1.114626634080368, 1.0861348871872603, 1.497602459427137], "Sigma": [[0.0033177401776882847, 0.0016739940730519651, -0.007792525043058049], [0.0016739940730519651, 0.005458748549479575, 0.003603110724920114], [-0.007792525043058049, 0.003603110724920114, 0.12017776444251721]], "chi2_level": 0.997, "chi2_df": 3, "chi2_threshold": 13.931422665512084, "N_raw": 27, "N_roi": 27, "N_inlier": 27, "refit": true}
{"timestamp": "15:10:29.455870", "frame": 71, "mu": [1.2342185272449686, 1.0946930924426643, 1.4029308046115392], "Sigma": [[0.002719046532104438, 0.0033112035827331963, -0.008632589659223915], [0.0033112035827331963, 0.006540878453807004, -0.011294995852899267], [-0.008632589659223915, -0.011294995852899267, 0.22352909935228235]], "chi2_level": 0.997, "chi2_df": 3, "chi2_threshold": 13.931422665512084, "N_raw": 12, "N_roi": 12, "N_inlier": 12, "refit": true}
{"timestamp": "15:10:29.508992", "frame": 72, "mu": [1.3029555464965463, 1.0754267087545122, 1.6107855921020309], "Sigma": [[0.000714290173672321, 0.00042146403649985167, 0.0021939474963026694], [0.0004214640364998517, 0.005067676413412634, 0.004692903251395829], [0.00219394749630267, 0.0046929032513958295, 0.06167998025756389]], "chi2_level": 0.997, "chi2_df": 3, "chi2_threshold": 13.931422665512084, "N_raw": 7, "N_roi": 7, "N_inlier": 7, "refit": true}
{"timestamp": "15:10:29.563971", "frame": 73, "mu": [1.3544039238488312, 1.0913060463698767, 1.6507776967653434], "Sigma": [[0.0037402117774170515, 0.0041191674110198796, 0.0020945950164362797], [0.0041191674110198796, 0.005745706973253461, 0.001745208315889593], [0.0020945950164362797, 0.001745208315889593, 0.0016856467067606303]], "chi2_level": 0.997, "chi2_df": 3, "chi2_threshold": 13.931422665512084, "N_raw": 5, "N_roi": 5, "N_inlier": 5, "refit": true}
{"timestamp": "15:10:29.620950", "frame": 74, "mu": [1.4196620632181576, 0.9859039063498045, 1.5284773841743338], "Sigma": [[0.004037362689426162, 0.0003381110497840538, 0.0013930426544424214], [0.0003381110497840538, 0.00288976630140549, 0.0007129686695493039], [0.0013930426544424216, 0.0007129686695493039, 0.0009028571873519383]], "chi2_level": 0.997, "chi2_df": 3, "chi2_threshold": 13.931422665512084, "N_raw": 16, "N_roi": 16, "N_inlier": 16, "refit": true}
{"timestamp": "15:10:29.676281", "frame": 75, "mu": [1.4649840382899908, 1.046226860090931, 1.5892586345835542], "Sigma": [[0.0032326506420585887, -5.619503610201855e-05, 0.0011096182249750947], [-5.619503610201847e-05, 0.005855983394569628, 0.0011112214134294546], [0.0011096182249750947, 0.0011112214134294546, 0.0010373689146399882]], "chi2_level": 0.997, "chi2_df": 3, "chi2_threshold": 13.931422665512084, "N_raw": 21, "N_roi": 21, "N_inlier": 20, "refit": true}
{"timestamp": "15:10:29.730446", "frame": 76, "mu": [1.5070737007557975, 1.0042257896457076, 1.414855263338015], "Sigma": [[0.004931369118043871, -0.0033462154858147856, 0.015385256750680375], [-0.0033462154858147856, 0.009979014570609927, -0.02701783499554648], [0.015385256750680375, -0.027017834995546483, 0.09535495752373707]], "chi2_level": 0.997, "chi2_df": 3, "chi2_threshold": 13.931422665512084, "N_raw": 11, "N_roi": 11, "N_inlier": 11, "refit": true}
{"timestamp": "15:10:29.784406", "frame": 77, "mu": [1.5330282903009456, 1.063947416016439, 1.256931279622651], "Sigma": [[0.0075635452532331554, -0.005960149205944782, 0.028359749512847754], [-0.005960149205944782, 0.01861642658709992, -0.05641308172374846], [0.028359749512847754, -0.056413081723748454, 0.19129327225771445]], "chi2_level": 0.997, "chi2_df": 3, "chi2_threshold": 13.931422665512084, "N_raw": 6, "N_roi": 6, "N_inlier": 6, "refit": true}
{"timestamp": "15:10:29.842084", "frame": 78, "mu": [1.61292320360328, 1.0875372188128793, 1.197164605507658], "Sigma": [[0.00879140702513747, -0.012121836177949067, 0.03485683454574259], [-0.012121836177949067, 0.029347522789651213, -0.06276936894438587], [0.03485683454574259, -0.06276936894438587, 0.16137595374468403]], "chi2_level": 0.997, "chi2_df": 3, "chi2_threshold": 13.931422665512084, "N_raw": 8, "N_roi": 8, "N_inlier": 8, "refit": true}
{"timestamp": "15:10:29.895085", "frame": 79, "mu": [1.7067358288478396, 1.1117040523292063, -0.3669585127630952], "Sigma": [[0.0034887280907590114, -0.003791331616990562, 0.0028151684019172454], [-0.003791331616990562, 0.03771167760932788, -0.04667335092780127], [0.002815168401917245, -0.04667335092780127, 0.06393054481403516]], "chi2_level": 0.997, "chi2_df": 3, "chi2_threshold": 13.931422665512084, "N_raw": 13, "N_roi": 13, "N_inlier": 13, "refit": true}
{"timestamp": "15:10:29.951193", "frame": 80, "mu": [1.7739337890656657, 1.0892755956105051, 1.1757004434871543], "Sigma": [[0.0016514510740412392, 0.00012111796179622883, 0.001812408233406225], [0.00012111796179622872, 0.054171002897471746, -0.09252247593326596], [0.001812408233406225, -0.09252247593326597, 0.17606556379947919]], "chi2_level": 0.997, "chi2_df": 3, "chi2_threshold": 13.931422665512084, "N_raw": 8, "N_roi": 8, "N_inlier": 8, "refit": true}
{"timestamp": "15:10:30.006508", "frame": 81, "mu": [1.8494283349584162, 0.9320412229410998, 1.4103872568373852], "Sigma": [[0.003133436532372715, 0.0027873505757020902, -0.006826013019570917], [0.0027873505757020902, 0.01839558542505044, -0.029440654745713078], [-0.006826013019570917, -0.029440654745713075, 0.05971235591250002]], "chi2_level": 0.997, "chi2_df": 3, "chi2_threshold": 13.931422665512084, "N_raw": 17, "N_roi": 17, "N_inlier": 16, "refit": true}
{"timestamp": "15:10:30.059677", "frame": 82, "mu": [1.901616922467272, 0.9612195302009452, 1.4858230160123087], "Sigma": [[0.0015862381238543391, 0.001179957925718019, -0.00047819512854386896], [0.001179957925718019, 0.008767821053454193, -0.009700851753395474], [-0.00047819512854386896, -0.009700851753395474, 0.011248268583673771]], "chi2_level": 0.997, "chi2_df": 3, "chi2_threshold": 13.931422665512084, "N_raw": 5, "N_roi": 5, "N_inlier": 5, "refit": true}
{"timestamp": "15:10:30.114824", "frame": 83, "mu": [1.9169826175291353, 1.0987806371353597, -0.30097707866357265], "Sigma": [[0.0007675695482146375, 0.0026271168970170193, -0.0017187695050809608], [0.0026271168970170193, 0.016661443959468364, -0.010423151613896354], [-0.0017187695050809608, -0.010423151613896354, 0.006765748151116534]], "chi2_level": 0.997, "chi2_df": 3, "chi2_threshold": 13.931422665512084, "N_raw": 7, "N_roi": 7, "N_inlier": 7, "refit": true}
{"timestamp": "15:10:30.169547", "frame": 84, "mu": [2.0309349897084084, 1.0185202948049166, 1.4763857273669116], "Sigma": [[0.0005444298764342694, 0.00133660562259287, -0.0030171006409222623], [0.00133660562259287, 0.004593467502859489, -0.00829138377399287], [-0.0030171006409222623, -0.008291383773992871, 0.02618221476263636]], "chi2_level": 0.997, "chi2_df": 3, "chi2_threshold": 13.931422665512084, "N_raw": 5, "N_roi": 5, "N_inlier": 5, "refit": true}
{"timestamp": "15:10:30.334327", "frame": 87, "mu": [2.143181357999354, 1.0909618454133712, -0.47969339020452273], "Sigma": [[0.005432814994126196, -0.010581462565931189, 0.020752188478402524], [-0.01058146256593119, 0.06500627056264303, -0.10333029385860877], [0.020752188478402524, -0.10333029385860877, 0.16927607246569581]], "chi2_level": 0.997, "chi2_df": 3, "chi2_threshold": 13.931422665512084, "N_raw": 6, "N_roi": 6, "N_inlier": 6, "refit": true}
