{"timestamp": "15:29:56.902603", "frame": 1, "mu": [0.7983831787872996, 4.987723073719174, 0.8860254104884999], "Sigma": [[0.007990165726670467, -5.603286405415548e-05, -0.0012559346266564353], [-5.6032864054155483e-05, 7.432431025415124e-05, 0.00020071107825797774], [-0.0012559346266564353, 0.0002007110782579778, 0.007693552471197289]], "chi2_level": 0.997, "chi2_df": 3, "chi2_threshold": 13.931422665512084, "N_raw": 35, "N_roi": 6, "N_inlier": 6, "refit": true}
{"timestamp": "15:29:56.959643", "frame": 2, "mu": [0.6792146066373511, 4.98223540264562, 0.467352952775611], "Sigma": [[0.006726492717386998, -0.00046137559464660115, -0.005847013675629181], [-0.00046137559464660115, 0.0009204074613700121, -0.0024716011026454966], [-0.005847013675629181, -0.0024716011026454966, 0.014888569533584264]], "chi2_level": 0.997, "chi2_df": 3, "chi2_threshold": 13.931422665512084, "N_raw": 44, "N_roi": 7, "N_inlier": 7, "refit": true}
{"timestamp": "15:29:57.013979", "frame": 3, "mu": [0.728658143477839, 4.968729739078052, 1.038956568742438], "Sigma": [[0.01261711667506527, -0.001268014256868487, 0.00037754663057395414], [-0.001268014256868487, 0.0004852690348895029, -0.00010727454060596961], [0.00037754663057395414, -0.00010727454060596963, 2.577464764466758e-05]], "chi2_level": 0.997, "chi2_df": 3, "chi2_threshold": 13.931422665512084, "N_raw": 24, "N_roi": 10, "N_inlier": 9, "refit": true}
{"timestamp": "15:29:57.070775", "frame": 4, "mu": [0.6966382892799404, 4.940465803450921, 1.020499048775661], "Sigma": [[0.0224381372984341, -0.0024577544808219963, 0.000909835990589222], [-0.0024577544808219967, 0.0012658816407576368, -0.0009792014922024514], [0.000909835990589222, -0.0009792014922024514, 0.001016283444770618]], "chi2_level": 0.997, "chi2_df": 3, "chi2_threshold": 13.931422665512084, "N_raw": 42, "N_roi": 22, "N_inlier": 22, "refit": true}
{"timestamp": "15:29:57.126806", "frame": 5, "mu": [0.8256870137751524, 4.8405289163856695, 0.7843101150229306], "Sigma": [[0.021847354294255005, -0.0030214075091137427, -0.009668816303950556], [-0.0030214075091137423, 0.00497910959327511, 0.005050020158463221], [-0.009668816303950558, 0.005050020158463221, 0.012418407824410326]], "chi2_level": 0.997, "chi2_df": 3, "chi2_threshold": 13.931422665512084, "N_raw": 43, "N_roi": 33, "N_inlier": 31, "refit": true}
{"timestamp": "15:29:57.182882", "frame": 6, "mu": [0.6914552355754886, 4.752638681462996, 0.5598070374242418], "Sigma": [[0.03235006630681872, -0.01450737199417615, -0.028657160099875758], [-0.01450737199417615, 0.01711510149450711, 0.023119824263386195], [-0.028657160099875758, 0.023119824263386195, 0.039544237997785156]], "chi2_level": 0.997, "chi2_df": 3, "chi2_threshold": 13.931422665512084, "N_raw": 52, "N_roi": 50, "N_inlier": 50, "refit": true}
{"timestamp": "15:29:57.237869", "frame": 7, "mu": [0.824971229495172, 4.663462741735024, 0.5485285311850867], "Sigma": [[0.024327532861597365, 0.0007652735855279177, 0.00793572756800472], [0.0007652735855279183, 0.010890564758899606, 0.00916296898116795], [0.00793572756800472, 0.00916296898116795, 0.020646415583911108]], "chi2_level": 0.997, "chi2_df": 3, "chi2_threshold": 13.931422665512084, "N_raw": 51, "N_roi": 49, "N_inlier": 47, "refit": true}
{"timestamp": "15:29:57.292633", "frame": 8, "mu": [0.7775861085681011, 4.573985253491986, 0.6116782423781857], "Sigma": [[0.02400571278862045, -0.003907793210774526, -0.004681771719842239], [-0.003907793210774527, 0.0017687963707962377, -0.0022853260778942014], [-0.004681771719842238, -0.0022853260778942014, 0.02743581342484043]], "chi2_level": 0.997, "chi2_df": 3, "chi2_threshold": 13.931422665512084, "N_raw": 46, "N_roi": 44, "N_inlier": 43, "refit": true}
{"timestamp": "15:29:57.348665", "frame": 9, "mu": [0.8682969833677362, 4.524263016796968, 0.5185343194509445], "Sigma": [[0.031030485129210444, -0.002361715924430261, 0.002100710825986081], [-0.002361715924430261, 0.004686833915491295, -0.001535884107284194], [0.002100710825986081, -0.0015358841072841938, 0.0010788216922971593]], "chi2_level": 0.997, "chi2_df": 3, "chi2_threshold": 13.931422665512084, "N_raw": 57, "N_roi": 54, "N_inlier": 51, "refit": true}
{"timestamp": "15:29:57.402905", "frame": 10, "mu": [0.8298463249087507, 4.428927105490355, 0.5841127533742735], "Sigma": [[0.02845002096565563, -0.00324761376542023, -0.0014500699397736682], [-0.0032476137654202297, 0.0035355089982172967, -0.0012722902310564593], [-0.0014500699397736682, -0.0012722902310564593, 0.006970512178251579]], "chi2_level": 0.997, "chi2_df": 3, "chi2_threshold": 13.931422665512084, "N_raw": 50, "N_roi": 48, "N_inlier": 46, "refit": true}
{"timestamp": "15:29:57.457632", "frame": 11, "mu": [0.7035882373085931, 4.3735572479375575, 0.5969041381623874], "Sigma": [[0.0346985495975341, -0.0008211967428672501, 0.002620505340285515], [-0.0008211967428672501, 0.0033490263336088946, -0.0023996078325500166], [0.002620505340285515, -0.0023996078325500166, 0.003670503517396275]], "chi2_level": 0.997, "chi2_df": 3, "chi2_threshold": 13.931422665512084, "N_raw": 57, "N_roi": 56, "N_inlier": 54, "refit": true}
{"timestamp": "15:29:57.517776", "frame": 12, "mu": [0.7619340354440307, 4.327314156092905, 0.7291533315936589], "Sigma": [[0.04123900074642259, -0.0011421684250369143, -0.012648840091054452], [-0.0011421684250369143, 0.0033935873523841184, -0.00539731663877967], [-0.012648840091054452, -0.00539731663877967, 0.0228190495238494]], "chi2_level": 0.997, "chi2_df": 3, "chi2_threshold": 13.931422665512084, "N_raw": 76, "N_roi": 75, "N_inlier": 72, "refit": true}
{"timestamp": "15:29:57.572853", "frame": 13, "mu": [0.8046712668713342, 4.255753499644911, 0.7904088864577797], "Sigma": [[0.032944408408664014, -0.007651276403715249, -0.036884114534801615], [-0.007651276403715249, 0.005556057140692304, 0.002087422994889211], [-0.036884114534801615, 0.0020874229948892103, 0.06829826128384682]], "chi2_level": 0.997, "chi2_df": 3, "chi2_threshold": 13.931422665512084, "N_raw": 78, "N_roi": 78, "N_inlier": 76, "refit": true}
{"timestamp": "15:29:57.625786", "frame": 14, "mu": [0.7981902925756645, 4.158535827788638, 0.7764510055542552], "Sigma": [[0.029285519510994076, -0.009660637664080627, -0.04301126817706152], [-0.009660637664080627, 0.0064141316838876436, 0.011543472370035227], [-0.043011268177061523, 0.01154347237003523, 0.08301074280954962]], "chi2_level": 0.997, "chi2_df": 3, "chi2_threshold": 13.931422665512084, "N_raw": 63, "N_roi": 63, "N_inlier": 60, "refit": true}
{"timestamp": "15:29:57.678151", "frame": 15, "mu": [0.7883971422736625, 4.138219002107982, 0.799503369536808], "Sigma": [[0.02776965325018437, -0.004354949671097787, -0.01423885147562464], [-0.004354949671097787, 0.003946520773994592, 0.00046417950913128195], [-0.01423885147562464, 0.00046417950913128217, 0.010036291805520204]], "chi2_level": 0.997, "chi2_df": 3, "chi2_threshold": 13.931422665512084, "N_raw": 51, "N_roi": 50, "N_inlier": 49, "refit": true}
{"timestamp": "15:29:57.727332", "frame": 16, "mu": [0.788546834706414, 4.025369720296038, 0.7088442513153066], "Sigma": [[0.013723469172992659, 0.0018041511832339466, -0.030422731540171707], [0.0018041511832339464, 0.0013875408620477167, -0.011401187526465436], [-0.03042273154017171, -0.011401187526465436, 0.12965410086367316]], "chi2_level": 0.997, "chi2_df": 3, "chi2_threshold": 13.931422665512084, "N_raw": 7, "N_roi": 7, "N_inlier": 7, "refit": true}
{"timestamp": "15:29:57.787903", "frame": 17, "mu": [0.8201550406203051, 3.852242184421359, 0.7637254624743148], "Sigma": [[0.02568247001957516, -0.011898771353073125, -0.025665848417004526], [-0.011898771353073125, 0.011974875930783056, 0.023715620699589813], [-0.025665848417004526, 0.02371562069958981, 0.09313421811486841]], "chi2_level": 0.997, "chi2_df": 3, "chi2_threshold": 13.931422665512084, "N_raw": 60, "N_roi": 59, "N_inlier": 57, "refit": true}
{"timestamp": "15:29:57.847971", "frame": 18, "mu": [0.875866157439156, 3.747039841631634, 0.5297217172016708], "Sigma": [[0.029178433411933463, -0.010600150104811544, -0.028477049375831547], [-0.010600150104811544, 0.008481602845368709, 0.006189911821754416], [-0.028477049375831544, 0.006189911821754416, 0.06581864703220497]], "chi2_level": 0.997, "chi2_df": 3, "chi2_threshold": 13.931422665512084, "N_raw": 77, "N_roi": 77, "N_inlier": 76, "refit": true}
{"timestamp": "15:29:57.899193", "frame": 19, "mu": [0.8891211917375239, 3.6292142164539514, 0.6414725685958694], "Sigma": [[0.02063009353312663, -0.006962235677996817, -0.015088879090412592], [-0.006962235677996817, 0.0035260130576024217, 0.002861630767546632], [-0.015088879090412592, 0.002861630767546632, 0.04167801948000226]], "chi2_level": 0.997, "chi2_df": 3, "chi2_threshold": 13.931422665512084, "N_raw": 58, "N_roi": 58, "N_inlier": 57, "refit": true}
{"timestamp": "15:29:57.955200", "frame": 20, "mu": [0.9350175534535055, 3.4956894440514272, 0.4699906041071881], "Sigma": [[0.028951041803788567, -0.007955875937778027, -0.011579602716508838], [-0.007955875937778027, 0.004554181399874968, -0.00037636839569317416], [-0.01157960271650884, -0.00037636839569317416, 0.014330833242194028]], "chi2_level": 0.997, "chi2_df": 3, "chi2_threshold": 13.931422665512084, "N_raw": 65, "N_roi": 65, "N_inlier": 63, "refit": true}
{"timestamp": "15:29:58.006837", "frame": 21, "mu": [0.942258307718348, 3.511989292616084, -1.1497371295918175], "Sigma": [[0.015816501108498596, 0.005462356264940505, 0.036340211773788086], [0.005462356264940505, 0.008062304720622252, 0.025207055929658842], [0.036340211773788086, 0.025207055929658842, 0.15785539963924802]], "chi2_level": 0.997, "chi2_df": 3, "chi2_threshold": 13.931422665512084, "N_raw": 47, "N_roi": 45, "N_inlier": 45, "refit": true}
{"timestamp": "15:29:58.060389", "frame": 22, "mu": [0.804788718044488, 3.3705818403668775, 0.6392589792815331], "Sigma": [[0.013650353400244172, -0.0016289301022531298, -0.006887251715038378], [-0.0016289301022531298, 0.0010550030810518255, -0.004379044015119831], [-0.006887251715038376, -0.004379044015119831, 0.0878841669262737]], "chi2_level": 0.997, "chi2_df": 3, "chi2_threshold": 13.931422665512084, "N_raw": 36, "N_roi": 34, "N_inlier": 33, "refit": true}
{"timestamp": "15:29:58.122214", "frame": 23, "mu": [0.9497334676961431, 3.246818519226178, 0.6225508293402792], "Sigma": [[0.04290993716236683, -0.003078462730426577, -0.011966116326447784], [-0.0030784627304265774, 0.003034711211821057, -0.0003952680843573805], [-0.011966116326447784, -0.0003952680843573805, 0.022925967806364272]], "chi2_level": 0.997, "chi2_df": 3, "chi2_threshold": 13.931422665512084, "N_raw": 82, "N_roi": 80, "N_inlier": 77, "refit": true}
{"timestamp": "15:29:58.174168", "frame": 24, "mu": [0.7862582736471367, 3.372298481824531, -0.35180677468394206], "Sigma": [[0.01795230559114524, -0.001648578247595899, -0.0075357318832252294], [-0.001648578247595899, 0.005242901850895408, -0.012930024995412008], [-0.0075357318832252294, -0.012930024995412008, 0.12633639588973306]], "chi2_level": 0.997, "chi2_df": 3, "chi2_threshold": 13.931422665512084, "N_raw": 50, "N_roi": 50, "N_inlier": 48, "refit": true}
{"timestamp": "15:29:58.229813", "frame": 25, "mu": [0.6839741176951141, 3.18060064660503, 0.7244872068604941], "Sigma": [[0.018674580940578632, -0.0051514640335154505, -0.006095237430787942], [-0.0051514640335154505, 0.007057072363949753, 0.0005448577077360514], [-0.0060952374307879425, 0.0005448577077360516, 0.006684899538218435]], "chi2_level": 0.997, "chi2_df": 3, "chi2_threshold": 13.931422665512084, "N_raw": 63, "N_roi": 62, "N_inlier": 59, "refit": true}
{"timestamp": "15:29:58.289140", "frame": 26, "mu": [0.7992198704900907, 2.9582002579643873, 0.6392078937326378], "Sigma": [[0.029870710684438726, -0.008411020669960686, 0.0023518173257917442], [-0.008411020669960686, 0.0034972014154398515, -0.001983784947052101], [0.0023518173257917447, -0.001983784947052101, 0.038329352982222877]], "chi2_level": 0.997, "chi2_df": 3, "chi2_threshold": 13.931422665512084, "N_raw": 88, "N_roi": 87, "N_inlier": 85, "refit": true}
{"timestamp": "15:29:58.341788", "frame": 27, "mu": [0.8037203889380056, 2.813812667448943, 0.66358166334498], "Sigma": [[0.020476566483235564, -0.008330894876459567, -0.001006962316835436], [-0.008330894876459567, 0.004654181503826126, 0.004637438974161483], [-0.001006962316835436, 0.004637438974161483, 0.05665581332799657]], "chi2_level": 0.997, "chi2_df": 3, "chi2_threshold": 13.931422665512084, "N_raw": 74, "N_roi": 73, "N_inlier": 69, "refit": true}
{"timestamp": "15:29:58.399364", "frame": 28, "mu": [0.906410255914179, 2.664961490467349, 0.5640887065108932], "Sigma": [[0.03032817178609018, -0.005486203103498451, -0.008450268689896089], [-0.005486203103498452, 0.0027902037830558166, 0.004039606179389184], [-0.008450268689896089, 0.0040396061793891835, 0.04490228336346888]], "chi2_level": 0.997, "chi2_df": 3, "chi2_threshold": 13.931422665512084, "N_raw": 94, "N_roi": 94, "N_inlier": 90, "refit": true}
{"timestamp": "15:29:58.454473", "frame": 29, "mu": [0.9116289648653797, 2.594073586483973, 0.6487368350563593], "Sigma": [[0.025422128996466845, -0.006300778168729258, -0.014219359746394183], [-0.00630077816872926, 0.002971103199517151, 0.0010181513046852843], [-0.014219359746394183, 0.0010181513046852845, 0.040698286611181994]], "chi2_level": 0.997, "chi2_df": 3, "chi2_threshold": 13.931422665512084, "N_raw": 92, "N_roi": 92, "N_inlier": 89, "refit": true}
{"timestamp": "15:29:58.512622", "frame": 30, "mu": [0.8000603861594129, 2.4964915716578227, 0.6063629499077484], "Sigma": [[0.026037909507320663, -0.0010153230160180127, 0.0023445176681644196], [-0.0010153230160180127, 0.004748341439876784, -0.004349367415650146], [0.0023445176681644196, -0.004349367415650146, 0.030623344976447534]], "chi2_level": 0.997, "chi2_df": 3, "chi2_threshold": 13.931422665512084, "N_raw": 116, "N_roi": 116, "N_inlier": 114, "refit": true}
{"timestamp": "15:29:58.555645", "frame": 31, "mu": [0.7980266801936753, 2.431068825569315, 0.6470195647079062], "Sigma": [[0.021058230243696588, -0.0034507304644489775, -0.007550475435608919], [-0.0034507304644489775, 0.00115808572983981, -0.0004868346866832085], [-0.007550475435608919, -0.0004868346866832084, 0.04947567930411266]], "chi2_level": 0.997, "chi2_df": 3, "chi2_threshold": 13.931422665512084, "N_raw": 32, "N_roi": 32, "N_inlier": 32, "refit": true}
{"timestamp": "15:29:58.622790", "frame": 32, "mu": [0.8277614664081918, 2.336532534495469, 0.786366096867634], "Sigma": [[0.018008851187267957, -0.005375711926163384, -0.016866027339235867], [-0.005375711926163384, 0.0037439691316343577, -0.00036723524841674674], [-0.016866027339235867, -0.0003672352484167473, 0.10535387467063857]], "chi2_level": 0.997, "chi2_df": 3, "chi2_threshold": 13.931422665512084, "N_raw": 120, "N_roi": 120, "N_inlier": 120, "refit": true}
{"timestamp": "15:29:58.675635", "frame": 33, "mu": [0.8414697063084894, 2.234582430038274, 0.6857084142311889], "Sigma": [[0.021229588272199923, -0.004791845362571201, -0.011229921791961864], [-0.004791845362571201, 0.004477566811324287, -0.010198767846368114], [-0.011229921791961864, -0.010198767846368114, 0.23376895939039513]], "chi2_level": 0.997, "chi2_df": 3, "chi2_threshold": 13.931422665512084, "N_raw": 101, "N_roi": 101, "N_inlier": 99, "refit": true}
{"timestamp": "15:29:58.738035", "frame": 34, "mu": [0.7720074210772772, 2.119296941002284, 0.7935755533949929], "Sigma": [[0.03174737836185631, -0.007713254398061142, 0.006166465539492203], [-0.007713254398061141, 0.004596959448036722, -0.0008601927278009986], [0.006166465539492202, -0.0008601927278009984, 0.07535112692845557]], "chi2_level": 0.997, "chi2_df": 3, "chi2_threshold": 13.931422665512084, "N_raw": 147, "N_roi": 146, "N_inlier": 143, "refit": true}
{"timestamp": "15:29:58.790148", "frame": 35, "mu": [0.7790009518446988, 2.0226556453128763, 0.7597501774952089], "Sigma": [[0.02496156579590752, -0.0021001441463756095, 0.006595365505057052], [-0.002100144146375609, 0.0029587507083881264, -0.002173890868550953], [0.006595365505057052, -0.002173890868550953, 0.03368965595565187]], "chi2_level": 0.997, "chi2_df": 3, "chi2_threshold": 13.931422665512084, "N_raw": 127, "N_roi": 127, "N_inlier": 124, "refit": true}
{"timestamp": "15:29:58.842579", "frame": 36, "mu": [0.830555164333179, 1.8851830223547654, 0.7076320125656135], "Sigma": [[0.019154796193393702, -0.004860246142699404, -0.015425972144734162], [-0.004860246142699403, 0.0028546249007554442, 0.004659034494756875], [-0.015425972144734162, 0.004659034494756875, 0.0649217371935198]], "chi2_level": 0.997, "chi2_df": 3, "chi2_threshold": 13.931422665512084, "N_raw": 110, "N_roi": 109, "N_inlier": 106, "refit": true}
{"timestamp": "15:29:58.902977", "frame": 37, "mu": [0.7678243704241177, 1.763874269856665, 0.7313652758166992], "Sigma": [[0.0337297367806046, -0.007916239818350749, -0.0038054089126490394], [-0.007916239818350749, 0.004418180410043086, 0.0011846221725939883], [-0.0038054089126490402, 0.001184622172593988, 0.056994809896597186]], "chi2_level": 0.997, "chi2_df": 3, "chi2_threshold": 13.931422665512084, "N_raw": 146, "N_roi": 146, "N_inlier": 142, "refit": true}
{"timestamp": "15:29:58.957993", "frame": 38, "mu": [0.8135571346185628, 1.6486307309209134, 0.8104743985687584], "Sigma": [[0.019495121341431818, -0.004605825797056532, -0.004282956065636486], [-0.004605825797056532, 0.0026797191637019458, 0.0031191196607845075], [-0.004282956065636486, 0.0031191196607845075, 0.07687508285534889]], "chi2_level": 0.997, "chi2_df": 3, "chi2_threshold": 13.931422665512084, "N_raw": 150, "N_roi": 150, "N_inlier": 149, "refit": true}
{"timestamp": "15:29:59.007926", "frame": 39, "mu": [0.8245198582165464, 1.5652091134285167, 0.9190132525102387], "Sigma": [[0.01952893489709956, -0.0054511078284432725, -5.3680063284777335e-05], [-0.0054511078284432725, 0.003226913164279827, -0.004031794384404564], [-5.368006328477788e-05, -0.004031794384404564, 0.1237436669693903]], "chi2_level": 0.997, "chi2_df": 3, "chi2_threshold": 13.931422665512084, "N_raw": 110, "N_roi": 110, "N_inlier": 108, "refit": true}
{"timestamp": "15:29:59.058575", "frame": 40, "mu": [0.7281468730867027, 1.565068563821441, 0.9883585725703817], "Sigma": [[0.010815820786059718, -0.0020320443471692376, 0.005375118628324401], [-0.0020320443471692376, 0.0028773856779771437, 0.0033262609702566473], [0.005375118628324403, 0.0033262609702566477, 0.05570836210999548]], "chi2_level": 0.997, "chi2_df": 3, "chi2_threshold": 13.931422665512084, "N_raw": 82, "N_roi": 82, "N_inlier": 78, "refit": true}
{"timestamp": "15:29:59.118279", "frame": 41, "mu": [0.7799503452288913, 1.466080939877409, 1.068880833348764], "Sigma": [[0.018055867945773338, -0.003491711166210671, 0.011885802843946844], [-0.003491711166210671, 0.004601522549138236, -0.00672427454118924], [0.011885802843946844, -0.00672427454118924, 0.031476374538532526]], "chi2_level": 0.997, "chi2_df": 3, "chi2_threshold": 13.931422665512084, "N_raw": 120, "N_roi": 120, "N_inlier": 116, "refit": true}
{"timestamp": "15:29:59.177066", "frame": 42, "mu": [0.8099711775468434, 1.2500256262507832, 0.8336928356671978], "Sigma": [[0.007160436150715111, -0.002930744531789761, -0.004883000388508346], [-0.002930744531789761, 0.01793539511077401, 0.046706966578116446], [-0.004883000388508346, 0.046706966578116446, 0.24560071021724378]], "chi2_level": 0.997, "chi2_df": 3, "chi2_threshold": 13.931422665512084, "N_raw": 143, "N_roi": 143, "N_inlier": 142, "refit": true}
{"timestamp": "15:29:59.224335", "frame": 43, "mu": [0.7660019836908954, 1.2242561416227258, 0.9213310548358709], "Sigma": [[0.010711690160702463, -0.00048074649223108455, 0.009261430720184347], [-0.00048074649223108455, 0.0025676796946652748, 0.006971597459122578], [0.009261430720184347, 0.006971597459122578, 0.07518004763427641]], "chi2_level": 0.997, "chi2_df": 3, "chi2_threshold": 13.931422665512084, "N_raw": 84, "N_roi": 84, "N_inlier": 81, "refit": true}
{"timestamp": "15:29:59.280037", "frame": 44, "mu": [0.7489806249742359, 1.1419825691285452, 1.1752601387583508], "Sigma": [[0.005388404978712726, -0.0014642233518881095, 0.010086649872164321], [-0.0014642233518881095, 0.004553768846101286, -0.006551063347479553], [0.010086649872164321, -0.006551063347479554, 0.07267399371231939]], "chi2_level": 0.997, "chi2_df": 3, "chi2_threshold": 13.931422665512084, "N_raw": 96, "N_roi": 96, "N_inlier": 94, "refit": true}
{"timestamp": "15:29:59.330929", "frame": 45, "mu": [0.8328143687723749, 1.0254061281287878, 1.2452971685646597], "Sigma": [[0.006301307828243936, 0.0006395691973253519, -0.0088637231958562], [0.0006395691973253518, 0.0058121472844740365, -0.00895810444468052], [-0.0088637231958562, -0.00895810444468052, 0.033203621866064084]], "chi2_level": 0.997, "chi2_df": 3, "chi2_threshold": 13.931422665512084, "N_raw": 73, "N_roi": 73, "N_inlier": 71, "refit": true}
{"timestamp": "15:29:59.383250", "frame": 46, "mu": [0.7381355315393973, 0.9830659012889654, 1.2321814444724961], "Sigma": [[0.0034206433407385937, -0.0025666995234785482, -0.0005616632451270702], [-0.0025666995234785482, 0.007076161344548911, 9.467331490194586e-05], [-0.0005616632451270701, 9.467331490194543e-05, 0.013710367234571115]], "chi2_level": 0.997, "chi2_df": 3, "chi2_threshold": 13.931422665512084, "N_raw": 52, "N_roi": 52, "N_inlier": 48, "refit": true}
{"timestamp": "15:29:59.433030", "frame": 47, "mu": [0.8259342370379823, 0.7521246278288602, 1.1786043740159213], "Sigma": [[0.008056520007182781, 0.0005249859773762813, -0.0042836145521600874], [0.0005249859773762813, 0.003750256095427244, 0.005177562466991674], [-0.004283614552160088, 0.005177562466991674, 0.06970467341510746]], "chi2_level": 0.997, "chi2_df": 3, "chi2_threshold": 13.931422665512084, "N_raw": 11, "N_roi": 11, "N_inlier": 10, "refit": true}
{"timestamp": "15:29:59.494706", "frame": 48, "mu": [0.7666124789318751, 0.7653909463767183, 1.2039426310154642], "Sigma": [[0.006043801273733355, -0.0016750550200685327, -0.002618335415958908], [-0.0016750550200685327, 0.0037375879505490714, -0.0022656340489042317], [-0.0026183354159589074, -0.0022656340489042317, 0.005703090616002485]], "chi2_level": 0.997, "chi2_df": 3, "chi2_threshold": 13.931422665512084, "N_raw": 65, "N_roi": 65, "N_inlier": 62, "refit": true}
{"timestamp": "15:29:59.549628", "frame": 49, "mu": [0.794397113044731, 0.6641919475922053, 1.3200191226909705], "Sigma": [[0.005039148016156933, -0.00019555731060154433, -0.004284747974416213], [-0.00019555731060154428, 0.0028585954809074586, -0.0031747210489852505], [-0.004284747974416213, -0.003174721048985251, 0.010395978038845897]], "chi2_level": 0.997, "chi2_df": 3, "chi2_threshold": 13.931422665512084, "N_raw": 56, "N_roi": 56, "N_inlier": 54, "refit": true}
{"timestamp": "15:29:59.600053", "frame": 50, "mu": [0.7870304660534708, 0.5489603037885986, 1.1986723172269091], "Sigma": [[0.0024744589880425676, 0.0010513311387827465, -0.0004204536801264982], [0.0010513311387827465, 0.005074929342521535, 0.009061488901183037], [-0.0004204536801264982, 0.009061488901183037, 0.15442338695508048]], "chi2_level": 0.997, "chi2_df": 3, "chi2_threshold": 13.931422665512084, "N_raw": 27, "N_roi": 27, "N_inlier": 26, "refit": true}
{"timestamp": "15:29:59.655127", "frame": 51, "mu": [0.805311941223224, 0.4287793588832402, 1.521231147948197], "Sigma": [[0.0018675361458066512, 4.5260351697696475e-05, -0.0018136975557556986], [4.526035169769657e-05, 0.004486906799748463, -0.006231409201577745], [-0.0018136975557556988, -0.006231409201577745, 0.01473538262149108]], "chi2_level": 0.997, "chi2_df": 3, "chi2_threshold": 13.931422665512084, "N_raw": 28, "N_roi": 28, "N_inlier": 26, "refit": true}
{"timestamp": "15:29:59.709264", "frame": 52, "mu": [0.7770819981904511, 0.39436836676106324, 1.5822618967014284], "Sigma": [[0.0013643263768675334, 0.0005185171897975356, -0.000608933337185592], [0.0005185171897975357, 0.006005722648260739, -0.004618824189919194], [-0.000608933337185592, -0.004618824189919194, 0.0050688465154382035]], "chi2_level": 0.997, "chi2_df": 3, "chi2_threshold": 13.931422665512084, "N_raw": 23, "N_roi": 23, "N_inlier": 22, "refit": true}
{"timestamp": "15:29:59.764624", "frame": 53, "mu": [0.76975763372063, 0.32954973344638055, 1.6276381258476051], "Sigma": [[0.00292575934186772, 0.0003916878503789814, -0.0011835746558696595], [0.00039168785037898136, 0.0027972126335929783, -0.0017717704938671687], [-0.0011835746558696593, -0.0017717704938671687, 0.0017564616835328178]], "chi2_level": 0.997, "chi2_df": 3, "chi2_threshold": 13.931422665512084, "N_raw": 31, "N_roi": 31, "N_inlier": 30, "refit": true}
{"timestamp": "15:29:59.819638", "frame": 54, "mu": [0.7563617859612682, 0.2756820383708644, 1.6149090649680293], "Sigma": [[0.0023184075779355364, -0.0003028132407235499, -0.0009977457214011025], [-0.00030281324072355, 0.0020695552491245134, -0.0008758192580386301], [-0.0009977457214011025, -0.0008758192580386301, 0.0013445361716077793]], "chi2_level": 0.997, "chi2_df": 3, "chi2_threshold": 13.931422665512084, "N_raw": 29, "N_roi": 26, "N_inlier": 25, "refit": true}
{"timestamp": "15:29:59.871767", "frame": 55, "mu": [0.7208676588977723, 0.3300096686013623, 1.224988151712182], "Sigma": [[0.005383694026209145, -0.0018637260115886875, -0.02001648670389993], [-0.0018637260115886875, 0.0045174467016826396, 0.015647024750233954], [-0.02001648670389993, 0.015647024750233954, 0.17834503037803243]], "chi2_level": 0.997, "chi2_df": 3, "chi2_threshold": 13.931422665512084, "N_raw": 12, "N_roi": 12, "N_inlier": 12, "refit": true}
{"timestamp": "15:29:59.926295", "frame": 56, "mu": [0.6453792131724101, 0.208980382600507, 0.7047452632935828], "Sigma": [[0.2883092431627367, 0.0037373056192477406, -0.18774183841511644], [0.0037373056192477406, 0.0008489866604179186, -0.004701283601043367], [-0.18774183841511646, -0.004701283601043367, 0.5874210403778937]], "chi2_level": 0.997, "chi2_df": 3, "chi2_threshold": 13.931422665512084, "N_raw": 8, "N_roi": 8, "N_inlier": 8, "refit": true}
{"timestamp": "15:30:00.091806", "frame": 59, "mu": [-0.48097643135577683, 0.22143063643246294, 1.1916578413160852], "Sigma": [[0.4210517761768497, -0.010161694340431033, -0.3583668372217495], [-0.010161694340431033, 0.0011782824497298002, 0.007212763880442697], [-0.3583668372217495, 0.007212763880442695, 0.31031692621646806]], "chi2_level": 0.997, "chi2_df": 3, "chi2_threshold": 13.931422665512084, "N_raw": 7, "N_roi": 5, "N_inlier": 5, "refit": true}
