{"timestamp": "15:53:17.784776", "frame": 4, "mu": [1.3308107182377598, 1.1739894372076503, 1.567451284213287], "Sigma": [[0.027301145403517232, -0.014036235450555996, -0.017875897418675034], [-0.014036235450555996, 0.009676391762813428, 0.009292260175968618], [-0.01787589741867503, 0.009292260175968618, 0.012124229702366882]], "chi2_level": 0.997, "chi2_df": 3, "chi2_threshold": 13.931422665512084, "N_raw": 5, "N_roi": 5, "N_inlier": 5, "refit": true}
{"timestamp": "15:53:17.839708", "frame": 5, "mu": [1.243250074074054, 1.3011210308952295, -0.11243981153318326], "Sigma": [[0.013149645565262734, 0.003558774902645832, 4.464707660335092e-06], [0.003558774902645832, 0.0019222790810521388, 0.002539009369232599], [4.464707660335092e-06, 0.002539009369232599, 0.008943043788346936]], "chi2_level": 0.997, "chi2_df": 3, "chi2_threshold": 13.931422665512084, "N_raw": 6, "N_roi": 6, "N_inlier": 6, "refit": true}
{"timestamp": "15:53:17.896763", "frame": 6, "mu": [1.2185869577383326, 1.2503734489704135, 1.5615851734179311], "Sigma": [[0.005937530217416936, 8.588559295250595e-05, -0.004153280294195527], [8.5885592952506e-05, 0.0011856174715195909, -0.0001832319595978813], [-0.004153280294195527, -0.00018323195959788128, 0.003194383635985255]], "chi2_level": 0.997, "chi2_df": 3, "chi2_threshold": 13.931422665512084, "N_raw": 15, "N_roi": 15, "N_inlier": 15, "refit": true}
{"timestamp": "15:53:17.955821", "frame": 7, "mu": [1.2304277362321934, 1.2617089345031283, 1.5257293393099138], "Sigma": [[0.006894592104934008, -0.0011551347427209608, -0.005700314536455584], [-0.0011551347427209608, 0.004131706647025416, -0.001708176937788925], [-0.005700314536455583, -0.001708176937788925, 0.006885565978276934]], "chi2_level": 0.997, "chi2_df": 3, "chi2_threshold": 13.931422665512084, "N_raw": 46, "N_roi": 46, "N_inlier": 46, "refit": true}
{"timestamp": "15:53:18.010814", "frame": 8, "mu": [1.2289058788166012, 1.2459260739887397, 1.496870535103486], "Sigma": [[0.009504306380257132, -0.003450363223336325, -0.009171791818260697], [-0.003450363223336325, 0.003304783486230971, 0.000756733877652505], [-0.009171791818260697, 0.0007567338776525049, 0.012864700837302302]], "chi2_level": 0.997, "chi2_df": 3, "chi2_threshold": 13.931422665512084, "N_raw": 50, "N_roi": 50, "N_inlier": 49, "refit": true}
{"timestamp": "15:53:18.065755", "frame": 9, "mu": [1.211057746554062, 1.243272390486685, 1.5249543069433376], "Sigma": [[0.008317529644589313, -0.0034109163800803742, -0.007290737413380665], [-0.0034109163800803742, 0.0036478460418573992, 0.0009768411009667994], [-0.007290737413380665, 0.0009768411009667994, 0.009797318274716965]], "chi2_level": 0.997, "chi2_df": 3, "chi2_threshold": 13.931422665512084, "N_raw": 46, "N_roi": 46, "N_inlier": 45, "refit": true}
{"timestamp": "15:53:18.121236", "frame": 10, "mu": [1.1945047426850253, 1.231379676396152, 1.5892227776025125], "Sigma": [[0.008178980740139381, -0.0034471208797756197, -0.003751959427840135], [-0.0034471208797756192, 0.004298359686065557, 0.00037337730372462064], [-0.003751959427840135, 0.00037337730372462064, 0.0024749966952614098]], "chi2_level": 0.997, "chi2_df": 3, "chi2_threshold": 13.931422665512084, "N_raw": 43, "N_roi": 43, "N_inlier": 41, "refit": true}
{"timestamp": "15:53:18.175796", "frame": 11, "mu": [1.1814287407139714, 1.2244241610075195, 1.5986521440575583], "Sigma": [[0.006923958569926297, -0.0023808728852847067, -0.0030686858745559245], [-0.0023808728852847067, 0.004068213640772375, -0.00015151821568134372], [-0.0030686858745559245, -0.0001515182156813438, 0.0020082072426526962]], "chi2_level": 0.997, "chi2_df": 3, "chi2_threshold": 13.931422665512084, "N_raw": 43, "N_roi": 43, "N_inlier": 42, "refit": true}
{"timestamp": "15:53:18.229318", "frame": 12, "mu": [1.2127348981258952, 1.1905157903589343, 1.571592985843272], "Sigma": [[0.008254425270890183, -0.0039098786299411655, -0.004263265983271962], [-0.0039098786299411655, 0.004179894147360166, 0.0006286692244720708], [-0.004263265983271962, 0.0006286692244720708, 0.0033646879246381524]], "chi2_level": 0.997, "chi2_df": 3, "chi2_threshold": 13.931422665512084, "N_raw": 41, "N_roi": 41, "N_inlier": 40, "refit": true}
{"timestamp": "15:53:18.283200", "frame": 13, "mu": [1.1954692206165043, 1.2285884221448828, 1.576955254057049], "Sigma": [[0.0058766266820395, -0.001933686746613049, -0.0036391271396819997], [-0.001933686746613049, 0.002165815210443804, -0.00016173115941877367], [-0.0036391271396819993, -0.00016173115941877373, 0.0037642576857849983]], "chi2_level": 0.997, "chi2_df": 3, "chi2_threshold": 13.931422665512084, "N_raw": 29, "N_roi": 29, "N_inlier": 29, "refit": true}
{"timestamp": "15:53:18.391147", "frame": 15, "mu": [1.2764483617305662, 1.1745702877505768, 1.274259216797638], "Sigma": [[0.010645887146281868, 0.0014343849943783712, -0.04432643324960665], [0.0014343849943783712, 0.0024799638456435595, -0.021837054461460385], [-0.04432643324960665, -0.021837054461460385, 0.33816651405400544]], "chi2_level": 0.997, "chi2_df": 3, "chi2_threshold": 13.931422665512084, "N_raw": 7, "N_roi": 7, "N_inlier": 7, "refit": true}
{"timestamp": "15:53:18.448806", "frame": 16, "mu": [1.1427530973707012, 1.2177184476726888, 1.6064801693705657], "Sigma": [[0.0050240202978014065, -0.001251955913187379, -0.002360393118740572], [-0.0012519559131873787, 0.0027678261391905264, -0.0007481708761689934], [-0.0023603931187405726, -0.0007481708761689934, 0.002099620895470459]], "chi2_level": 0.997, "chi2_df": 3, "chi2_threshold": 13.931422665512084, "N_raw": 33, "N_roi": 33, "N_inlier": 33, "refit": true}
{"timestamp": "15:53:18.505224", "frame": 17, "mu": [1.1272575321298977, 1.2141771232401553, 1.6196251954868868], "Sigma": [[0.0026188016168499167, -0.00033024075499217466, -0.0015785865884009294], [-0.00033024075499217466, 0.0020988957596997358, -0.0006948694940876214], [-0.0015785865884009294, -0.0006948694940876214, 0.0014952969573553126]], "chi2_level": 0.997, "chi2_df": 3, "chi2_threshold": 13.931422665512084, "N_raw": 24, "N_roi": 24, "N_inlier": 23, "refit": true}
{"timestamp": "15:53:18.557899", "frame": 18, "mu": [1.2274955067719742, 1.2364684858654602, 1.1195178259662], "Sigma": [[0.008794649452615426, -0.008673106353629174, -0.060171113898754326], [-0.008673106353629174, 0.018778744342620175, 0.04805446536974818], [-0.060171113898754326, 0.04805446536974817, 0.46642285599646066]], "chi2_level": 0.997, "chi2_df": 3, "chi2_threshold": 13.931422665512084, "N_raw": 10, "N_roi": 10, "N_inlier": 10, "refit": true}
{"timestamp": "15:53:18.614999", "frame": 19, "mu": [1.1307220447290283, 1.1971872247499684, 1.4765271657489842], "Sigma": [[0.007694779651789812, -0.00427208629198174, -0.03697604621848274], [-0.00427208629198174, 0.004649791258501281, 0.023421860858578065], [-0.03697604621848274, 0.023421860858578065, 0.2635174849195112]], "chi2_level": 0.997, "chi2_df": 3, "chi2_threshold": 13.931422665512084, "N_raw": 24, "N_roi": 23, "N_inlier": 22, "refit": true}
{"timestamp": "15:53:18.672827", "frame": 20, "mu": [1.1021793410848526, 1.2338036064544933, 1.4962570986413695], "Sigma": [[0.005151087344648659, -0.002658676678729631, -0.007330440466230855], [-0.002658676678729631, 0.0030807459285710397, 0.0009333412820262848], [-0.007330440466230854, 0.0009333412820262845, 0.025281614849175876]], "chi2_level": 0.997, "chi2_df": 3, "chi2_threshold": 13.931422665512084, "N_raw": 49, "N_roi": 49, "N_inlier": 48, "refit": true}
{"timestamp": "15:53:18.731609", "frame": 21, "mu": [1.1311395484850508, 1.33750811655436, -0.22379208271310858], "Sigma": [[0.008973848778168455, 0.00010710595345981412, -0.018616181704988924], [0.00010710595345981404, 0.004286176120280121, -0.005800412518953638], [-0.018616181704988924, -0.005800412518953638, 0.05498799034544917]], "chi2_level": 0.997, "chi2_df": 3, "chi2_threshold": 13.931422665512084, "N_raw": 67, "N_roi": 67, "N_inlier": 63, "refit": true}
{"timestamp": "15:53:18.778271", "frame": 22, "mu": [1.0919403391817908, 1.207080204346624, 1.5996337107075504], "Sigma": [[0.002454017308571619, -0.00044064867684313224, 0.0007868116324627436], [-0.00044064867684313213, 0.0035213985661552106, -0.0075369098132952944], [0.0007868116324627436, -0.007536909813295295, 0.019936106407194773]], "chi2_level": 0.997, "chi2_df": 3, "chi2_threshold": 13.931422665512084, "N_raw": 13, "N_roi": 13, "N_inlier": 12, "refit": true}
{"timestamp": "15:53:18.838764", "frame": 23, "mu": [1.076211427415869, 1.2239480118737918, 1.5018010692802466], "Sigma": [[0.006025395566635234, -0.0013594772537198637, -0.005220426494868483], [-0.0013594772537198637, 0.003816382378657607, -0.0023560908187813014], [-0.005220426494868483, -0.0023560908187813014, 0.008685030383916726]], "chi2_level": 0.997, "chi2_df": 3, "chi2_threshold": 13.931422665512084, "N_raw": 56, "N_roi": 56, "N_inlier": 55, "refit": true}
{"timestamp": "15:53:18.895816", "frame": 24, "mu": [1.0719425563590415, 1.2065276740071214, 1.5038978432163372], "Sigma": [[0.006320372676794501, -0.00143164637087521, -0.005736683326111641], [-0.00143164637087521, 0.004041971138672603, -0.0025030892592592356], [-0.005736683326111641, -0.0025030892592592356, 0.009744776449615243]], "chi2_level": 0.997, "chi2_df": 3, "chi2_threshold": 13.931422665512084, "N_raw": 61, "N_roi": 60, "N_inlier": 58, "refit": true}
{"timestamp": "15:53:18.948415", "frame": 25, "mu": [1.0157920464527204, 1.2902759230882335, -0.06679585273485474], "Sigma": [[0.0064836153668033315, -0.0005706751287766337, -0.004228982555160423], [-0.0005706751287766338, 0.003879282994495841, -0.0009370682715319391], [-0.004228982555160423, -0.0009370682715319391, 0.00728420397423284]], "chi2_level": 0.997, "chi2_df": 3, "chi2_threshold": 13.931422665512084, "N_raw": 43, "N_roi": 43, "N_inlier": 41, "refit": true}
{"timestamp": "15:53:19.005003", "frame": 26, "mu": [1.0399104750828252, 1.24751263252435, 1.487638507147026], "Sigma": [[0.006672230253190221, -0.0018694247921858592, -0.007577425381792787], [-0.0018694247921858592, 0.003804302850504194, -0.0014956419519155447], [-0.007577425381792787, -0.0014956419519155447, 0.013870939272057037]], "chi2_level": 0.997, "chi2_df": 3, "chi2_threshold": 13.931422665512084, "N_raw": 58, "N_roi": 58, "N_inlier": 57, "refit": true}
{"timestamp": "15:53:19.056549", "frame": 27, "mu": [0.9775808337467402, 1.2075884850016965, 1.3886081211586017], "Sigma": [[0.008262631128627223, -0.0054859533451114, -0.010288146744881387], [-0.005485953345111399, 0.0066396712805555725, 0.022653509569877075], [-0.010288146744881387, 0.022653509569877075, 0.29948179280090753]], "chi2_level": 0.997, "chi2_df": 3, "chi2_threshold": 13.931422665512084, "N_raw": 32, "N_roi": 32, "N_inlier": 31, "refit": true}
{"timestamp": "15:53:19.110911", "frame": 28, "mu": [1.0070110953390945, 1.1954276581601817, 1.3900076938524055], "Sigma": [[0.008687885082882535, -0.004029983207167719, -0.014536060889570272], [-0.00402998320716772, 0.003390805259003168, 0.007231596994519772], [-0.014536060889570272, 0.007231596994519772, 0.02962808779556011]], "chi2_level": 0.997, "chi2_df": 3, "chi2_threshold": 13.931422665512084, "N_raw": 29, "N_roi": 29, "N_inlier": 27, "refit": true}
{"timestamp": "15:53:19.164878", "frame": 29, "mu": [0.9640314293439752, 1.2100374537201797, 1.377928358444665], "Sigma": [[0.012022744202957908, -0.0018525113105727397, -0.041594077646857325], [-0.00185251131057274, 0.001278918718088776, 0.00541599812948244], [-0.041594077646857325, 0.00541599812948244, 0.16521438470550756]], "chi2_level": 0.997, "chi2_df": 3, "chi2_threshold": 13.931422665512084, "N_raw": 24, "N_roi": 24, "N_inlier": 23, "refit": true}
{"timestamp": "15:53:19.222492", "frame": 30, "mu": [0.8892606600365532, 1.2136745283724788, 1.5258777003801556], "Sigma": [[0.005276579702283201, -0.0017863072069553888, -0.004842739895146307], [-0.0017863072069553886, 0.003082039364579271, 0.001677326139309167], [-0.004842739895146308, 0.0016773261393091667, 0.008589098469937205]], "chi2_level": 0.997, "chi2_df": 3, "chi2_threshold": 13.931422665512084, "N_raw": 39, "N_roi": 39, "N_inlier": 37, "refit": true}
{"timestamp": "15:53:19.275416", "frame": 31, "mu": [0.9468499576594299, 1.1445083568261347, 1.2882661154327504], "Sigma": [[0.005962804326113209, -0.004129195095077232, -0.008596211720711948], [-0.004129195095077232, 0.006704034340450866, 0.004541382241139382], [-0.008596211720711948, 0.004541382241139381, 0.016136427490822725]], "chi2_level": 0.997, "chi2_df": 3, "chi2_threshold": 13.931422665512084, "N_raw": 22, "N_roi": 22, "N_inlier": 22, "refit": true}
{"timestamp": "15:53:19.330281", "frame": 32, "mu": [0.8958405103950488, 1.1575159283663787, 1.3926815511449673], "Sigma": [[0.004753588081536216, -0.0024103614931223908, -0.004938054663606038], [-0.0024103614931223908, 0.002470271111048955, 0.0013214247206695402], [-0.004938054663606038, 0.0013214247206695402, 0.007342970436418075]], "chi2_level": 0.997, "chi2_df": 3, "chi2_threshold": 13.931422665512084, "N_raw": 26, "N_roi": 26, "N_inlier": 25, "refit": true}
{"timestamp": "15:53:19.393871", "frame": 33, "mu": [0.8786847375847282, 1.1952518479909036, 1.340472838396489], "Sigma": [[0.009086385272895422, -0.0032067729971619243, -0.015702645821086436], [-0.0032067729971619243, 0.0030997097401369014, 0.0017947346405191452], [-0.015702645821086433, 0.0017947346405191452, 0.043644652828899934]], "chi2_level": 0.997, "chi2_df": 3, "chi2_threshold": 13.931422665512084, "N_raw": 87, "N_roi": 87, "N_inlier": 85, "refit": true}
{"timestamp": "15:53:19.441865", "frame": 34, "mu": [0.8074824528409352, 1.2158857550984439, 1.5884504616069368], "Sigma": [[0.0074000473781176785, -0.0013005050230263876, -0.00455157770277728], [-0.0013005050230263876, 0.0014071469915749573, 0.0005714919635672882], [-0.00455157770277728, 0.0005714919635672881, 0.003597513423594612]], "chi2_level": 0.997, "chi2_df": 3, "chi2_threshold": 13.931422665512084, "N_raw": 33, "N_roi": 33, "N_inlier": 32, "refit": true}
{"timestamp": "15:53:19.495241", "frame": 35, "mu": [0.7356432445898576, 1.2258290286979436, 1.5701298228793505], "Sigma": [[0.006640547446452159, -0.0008508271592539157, -0.006231657541397453], [-0.0008508271592539158, 0.0011517867531391798, 0.00020796512121597249], [-0.006231657541397452, 0.0002079651212159724, 0.007042989201959245]], "chi2_level": 0.997, "chi2_df": 3, "chi2_threshold": 13.931422665512084, "N_raw": 26, "N_roi": 26, "N_inlier": 24, "refit": true}
{"timestamp": "15:53:19.554490", "frame": 36, "mu": [0.7915104505296716, 1.1054664554234703, 1.0475109318016351], "Sigma": [[0.008912962630972462, -0.011174853945908269, -0.05261874022946525], [-0.011174853945908269, 0.025053735171849237, 0.11180716480161355], [-0.05261874022946525, 0.11180716480161355, 0.5849005395579071]], "chi2_level": 0.997, "chi2_df": 3, "chi2_threshold": 13.931422665512084, "N_raw": 63, "N_roi": 63, "N_inlier": 63, "refit": true}
{"timestamp": "15:53:19.607641", "frame": 37, "mu": [0.6804879803644277, 1.1766670610982488, 1.3705716969240445], "Sigma": [[0.005496955573528302, -0.0029636164709848055, -0.017367339867669987], [-0.0029636164709848055, 0.0040752404567806514, 0.0206115604897196], [-0.017367339867669987, 0.0206115604897196, 0.2803364227897242]], "chi2_level": 0.997, "chi2_df": 3, "chi2_threshold": 13.931422665512084, "N_raw": 36, "N_roi": 36, "N_inlier": 34, "refit": true}
{"timestamp": "15:53:19.669844", "frame": 38, "mu": [0.684868433889185, 1.1961625297633371, 1.4093860068157151], "Sigma": [[0.005285921164623873, -0.0004175194041620661, -0.010872497017453981], [-0.0004175194041620661, 0.0032244491987650204, 0.0014659500969131842], [-0.010872497017453981, 0.0014659500969131855, 0.06349260645110107]], "chi2_level": 0.997, "chi2_df": 3, "chi2_threshold": 13.931422665512084, "N_raw": 84, "N_roi": 84, "N_inlier": 79, "refit": true}
{"timestamp": "15:53:19.721361", "frame": 39, "mu": [0.6981263925882579, 1.1792188973332882, 1.2400943083707565], "Sigma": [[0.007854725533953742, -0.0036571580018525066, -0.026317489548752078], [-0.003657158001852506, 0.003265993096408684, 0.014787687270835098], [-0.026317489548752078, 0.014787687270835096, 0.2274453865917977]], "chi2_level": 0.997, "chi2_df": 3, "chi2_threshold": 13.931422665512084, "N_raw": 67, "N_roi": 67, "N_inlier": 64, "refit": true}
{"timestamp": "15:53:19.778538", "frame": 40, "mu": [0.6768448805712247, 1.1681702711549238, 1.4341089019859596], "Sigma": [[0.00734341508023974, -0.0015958365761017256, -0.007285751414561691], [-0.0015958365761017256, 0.004159936116575644, -0.0007199402745456082], [-0.007285751414561691, -0.0007199402745456083, 0.009002729404875924]], "chi2_level": 0.997, "chi2_df": 3, "chi2_threshold": 13.931422665512084, "N_raw": 76, "N_roi": 76, "N_inlier": 71, "refit": true}
{"timestamp": "15:53:19.832981", "frame": 41, "mu": [0.6456002633085842, 1.1645442323836332, 1.0857288112579098], "Sigma": [[0.007192034643630251, -0.004605144078797318, -0.03701166389256451], [-0.004605144078797319, 0.008811416755229293, 0.027468296885812864], [-0.03701166389256451, 0.027468296885812864, 0.32930565508991805]], "chi2_level": 0.997, "chi2_df": 3, "chi2_threshold": 13.931422665512084, "N_raw": 71, "N_roi": 71, "N_inlier": 69, "refit": true}
{"timestamp": "15:53:19.882107", "frame": 42, "mu": [0.6087026456449501, 1.1100595934026778, 1.2782138408466461], "Sigma": [[0.008389266877360545, -0.002247116818553531, 0.018082599192764164], [-0.002247116818553531, 0.0032747767367303816, 0.005886696732829385], [0.018082599192764164, 0.005886696732829386, 0.21170058535691813]], "chi2_level": 0.997, "chi2_df": 3, "chi2_threshold": 13.931422665512084, "N_raw": 34, "N_roi": 34, "N_inlier": 33, "refit": true}
{"timestamp": "15:53:19.939274", "frame": 43, "mu": [0.5606541677582384, 1.2828186116644191, -0.4043210306818323], "Sigma": [[0.004855902052148791, -0.004662182683328014, 0.011334583444322751], [-0.004662182683328015, 0.016121408119540395, -0.04053486994769423], [0.011334583444322754, -0.04053486994769423, 0.12913822869132943]], "chi2_level": 0.997, "chi2_df": 3, "chi2_threshold": 13.931422665512084, "N_raw": 47, "N_roi": 47, "N_inlier": 44, "refit": true}
{"timestamp": "15:53:19.991873", "frame": 44, "mu": [0.518709297789665, 1.1162094110335121, 1.4668713878717408], "Sigma": [[0.004050224262319435, -0.0001926818979155757, -0.0036983943744008938], [-0.00019268189791557574, 0.002031185529160897, -0.000858105417532101], [-0.003698394374400894, -0.000858105417532101, 0.005320079560842892]], "chi2_level": 0.997, "chi2_df": 3, "chi2_threshold": 13.931422665512084, "N_raw": 41, "N_roi": 41, "N_inlier": 38, "refit": true}
{"timestamp": "15:53:20.048199", "frame": 45, "mu": [0.440131957322502, 1.1514592975467044, 1.4994610818739256], "Sigma": [[0.0023991303212688234, -0.0006104360416630504, -0.002471554464885366], [-0.0006104360416630503, 0.0029381222399327447, 0.0016525391866644428], [-0.0024715544648853663, 0.0016525391866644423, 0.060136499565002166]], "chi2_level": 0.997, "chi2_df": 3, "chi2_threshold": 13.931422665512084, "N_raw": 42, "N_roi": 42, "N_inlier": 38, "refit": true}
{"timestamp": "15:53:20.107157", "frame": 46, "mu": [0.4079690942339458, 1.1695504007995143, 1.4268812913808007], "Sigma": [[0.003127776948950553, -0.0006133566016505484, -0.0034246649626795012], [-0.0006133566016505484, 0.0018134518708112443, -0.002624721626176725], [-0.0034246649626795017, -0.002624721626176725, 0.016148574986918674]], "chi2_level": 0.997, "chi2_df": 3, "chi2_threshold": 13.931422665512084, "N_raw": 67, "N_roi": 65, "N_inlier": 60, "refit": true}
{"timestamp": "15:53:20.162501", "frame": 47, "mu": [0.34382295748503605, 1.1809705861765138, 1.5059913189467389], "Sigma": [[0.0029908299763539924, -0.00133773989335301, 0.001378729223694287], [-0.0013377398933530097, 0.00540423886242116, -0.006745954391895887], [0.001378729223694287, -0.006745954391895887, 0.01196538257167361]], "chi2_level": 0.997, "chi2_df": 3, "chi2_threshold": 13.931422665512084, "N_raw": 75, "N_roi": 75, "N_inlier": 71, "refit": true}
{"timestamp": "15:53:20.221961", "frame": 48, "mu": [0.34099770307747534, 1.2078519445803289, 1.411973346168082], "Sigma": [[0.0038841357878743638, -0.0001541121782875453, -0.0050351046935863866], [-0.00015411217828754524, 0.0037713563592745017, -0.007973256825060749], [-0.0050351046935863866, -0.007973256825060749, 0.03275177354345625]], "chi2_level": 0.997, "chi2_df": 3, "chi2_threshold": 13.931422665512084, "N_raw": 104, "N_roi": 101, "N_inlier": 101, "refit": true}
{"timestamp": "15:53:20.277378", "frame": 49, "mu": [0.3166026744149839, 1.1573498238678228, 1.4193834097438016], "Sigma": [[0.0035896539713311743, -0.0003574593065614124, 0.0016324420085828567], [-0.00035745930656141245, 0.0035706215173556314, -0.0007342575466369828], [0.0016324420085828564, -0.0007342575466369826, 0.06902191826377371]], "chi2_level": 0.997, "chi2_df": 3, "chi2_threshold": 13.931422665512084, "N_raw": 79, "N_roi": 79, "N_inlier": 76, "refit": true}
{"timestamp": "15:53:20.329320", "frame": 50, "mu": [0.2931761074777151, 1.1549480837747306, 1.3697382427691172], "Sigma": [[0.0036858280117959734, -0.00034271719286113194, -0.008410893977686563], [-0.000342717192861132, 0.002330091278051491, 0.0008423284154700108], [-0.008410893977686563, 0.0008423284154700107, 0.05878067045658203]], "chi2_level": 0.997, "chi2_df": 3, "chi2_threshold": 13.931422665512084, "N_raw": 85, "N_roi": 85, "N_inlier": 83, "refit": true}
{"timestamp": "15:53:20.383796", "frame": 51, "mu": [0.21155527474924166, 1.2013766196804898, 1.4636064097123178], "Sigma": [[0.004255410818517484, -0.0012614445123989581, -0.003182017178064933], [-0.001261444512398958, 0.005129451742323164, -0.005312533825693939], [-0.003182017178064933, -0.00531253382569394, 0.15758173349957744]], "chi2_level": 0.997, "chi2_df": 3, "chi2_threshold": 13.931422665512084, "N_raw": 79, "N_roi": 79, "N_inlier": 78, "refit": true}
{"timestamp": "15:53:20.437784", "frame": 52, "mu": [0.16914698921613705, 1.2029614802706456, 1.5520209610123483], "Sigma": [[0.0033479720285719172, -0.00023837715176286498, -0.002914594649115317], [-0.00023837715176286498, 0.003495490677480022, -0.002360292577171803], [-0.0029145946491153174, -0.0023602925771718034, 0.004681214306290617]], "chi2_level": 0.997, "chi2_df": 3, "chi2_threshold": 13.931422665512084, "N_raw": 70, "N_roi": 66, "N_inlier": 63, "refit": true}
{"timestamp": "15:53:20.483617", "frame": 53, "mu": [0.1934981737724394, 1.1071235171806215, 0.9747050678856523], "Sigma": [[0.022165257854680744, -0.008941002107568286, 0.08152596800808146], [-0.008941002107568288, 0.00751425754312201, -0.03996088453089379], [0.08152596800808146, -0.03996088453089379, 0.33175552943219777]], "chi2_level": 0.997, "chi2_df": 3, "chi2_threshold": 13.931422665512084, "N_raw": 12, "N_roi": 12, "N_inlier": 12, "refit": true}
{"timestamp": "15:53:20.542318", "frame": 54, "mu": [0.05890645594681773, 1.3138565244109321, -0.2011766614542529], "Sigma": [[0.005493073325663078, -0.00794593161738977, 0.021855388481027804], [-0.00794593161738977, 0.018950078095920638, -0.04971305039179657], [0.021855388481027804, -0.04971305039179657, 0.15160507164997925]], "chi2_level": 0.997, "chi2_df": 3, "chi2_threshold": 13.931422665512084, "N_raw": 41, "N_roi": 38, "N_inlier": 37, "refit": true}
{"timestamp": "15:53:20.603152", "frame": 55, "mu": [0.05717596949745658, 1.3067301535357605, -0.1825596643694367], "Sigma": [[0.002589158753602402, -5.0028829832124765e-05, -0.0008802559484019344], [-5.002882983212476e-05, 0.007516016017335509, -0.0086729315722956], [-0.0008802559484019344, -0.0086729315722956, 0.01909432594522232]], "chi2_level": 0.997, "chi2_df": 3, "chi2_threshold": 13.931422665512084, "N_raw": 77, "N_roi": 76, "N_inlier": 73, "refit": true}
{"timestamp": "15:53:20.657785", "frame": 56, "mu": [4.1236130162323787e-05, 1.2317078110437876, 1.6211928932205055], "Sigma": [[0.0032023768119998196, -0.0012256815522668741, -0.0016367077138835734], [-0.0012256815522668741, 0.00534133785583695, -9.146581854717513e-05], [-0.0016367077138835734, -9.146581854717513e-05, 0.0010835263204795195]], "chi2_level": 0.997, "chi2_df": 3, "chi2_threshold": 13.931422665512084, "N_raw": 66, "N_roi": 66, "N_inlier": 61, "refit": true}
{"timestamp": "15:53:20.711988", "frame": 57, "mu": [-0.04807434361798709, 1.2319917499180946, 1.6054342579213117], "Sigma": [[0.002865569637703545, -0.00048804788776410455, -0.0013830758135114753], [-0.00048804788776410455, 0.00447292760448422, -0.0020721983856517275], [-0.0013830758135114753, -0.0020721983856517275, 0.0023418507499152483]], "chi2_level": 0.997, "chi2_df": 3, "chi2_threshold": 13.931422665512084, "N_raw": 63, "N_roi": 63, "N_inlier": 60, "refit": true}
{"timestamp": "15:53:20.766390", "frame": 58, "mu": [-0.07641194578731404, 1.2314730142363297, 1.60491057377321], "Sigma": [[0.0024361695068862454, 0.0003285407311399989, -0.0019950730303748593], [0.0003285407311399988, 0.004067193649246753, -0.0024363220381342396], [-0.0019950730303748593, -0.002436322038134239, 0.0030738435615332996]], "chi2_level": 0.997, "chi2_df": 3, "chi2_threshold": 13.931422665512084, "N_raw": 58, "N_roi": 58, "N_inlier": 54, "refit": true}
{"timestamp": "15:53:20.815807", "frame": 59, "mu": [-0.12727994289304784, 1.2622986955658388, 1.5204258073797976], "Sigma": [[0.0020981050721076127, 0.0010637152632374074, -0.004315782836043223], [0.0010637152632374074, 0.0012230265045886375, -0.0030214435408772284], [-0.004315782836043223, -0.003021443540877229, 0.0330339358180807]], "chi2_level": 0.997, "chi2_df": 3, "chi2_threshold": 13.931422665512084, "N_raw": 32, "N_roi": 32, "N_inlier": 30, "refit": true}
{"timestamp": "15:53:20.870158", "frame": 60, "mu": [-0.21083271354984404, 1.2263675899717106, 1.0865070105068886], "Sigma": [[0.003991895987210787, 0.00017375049320256055, 0.010656267231519783], [0.00017375049320256052, 0.001118001977071477, -0.0003633986043372941], [0.010656267231519783, -0.000363398604337294, 0.05517172921206304]], "chi2_level": 0.997, "chi2_df": 3, "chi2_threshold": 13.931422665512084, "N_raw": 27, "N_roi": 27, "N_inlier": 27, "refit": true}
{"timestamp": "15:53:20.922948", "frame": 61, "mu": [-0.10235610361848069, 1.2165281183126946, 1.2442181977115117], "Sigma": [[0.015867896693832644, -0.002172507075321517, -0.058855722643609595], [-0.002172507075321517, 0.0022912006778849038, 0.0032535769479840326], [-0.058855722643609595, 0.003253576947984033, 0.26716354375567397]], "chi2_level": 0.997, "chi2_df": 3, "chi2_threshold": 13.931422665512084, "N_raw": 8, "N_roi": 8, "N_inlier": 8, "refit": true}
{"timestamp": "15:53:20.984527", "frame": 62, "mu": [-0.20624021183226277, 1.3181127763649458, -0.42165084748915527], "Sigma": [[0.002222304011231942, 0.001729699925502026, 0.010220492396654741], [0.001729699925502026, 0.006307441059253335, 0.007605869646797496], [0.010220492396654741, 0.007605869646797497, 0.07994006753145491]], "chi2_level": 0.997, "chi2_df": 3, "chi2_threshold": 13.931422665512084, "N_raw": 51, "N_roi": 51, "N_inlier": 48, "refit": true}
{"timestamp": "15:53:21.040974", "frame": 63, "mu": [-0.21153237046321094, 1.2950029702561787, -0.16231054223408553], "Sigma": [[0.002813988033284076, -0.0007732463847675026, -0.0013274869491569734], [-0.0007732463847675026, 0.00683005280333484, -0.003317403898282072], [-0.0013274869491569734, -0.003317403898282072, 0.004299739818356136]], "chi2_level": 0.997, "chi2_df": 3, "chi2_threshold": 13.931422665512084, "N_raw": 68, "N_roi": 68, "N_inlier": 68, "refit": true}
{"timestamp": "15:53:21.094383", "frame": 64, "mu": [-0.22100848283212424, 1.2104511613494686, 1.4324099986896457], "Sigma": [[0.002636203417613172, -0.0012079967228932063, -0.001050301957342745], [-0.0012079967228932063, 0.004791042544658947, -0.0011780598320899442], [-0.001050301957342745, -0.0011780598320899442, 0.0015457801526220494]], "chi2_level": 0.997, "chi2_df": 3, "chi2_threshold": 13.931422665512084, "N_raw": 55, "N_roi": 55, "N_inlier": 53, "refit": true}
{"timestamp": "15:53:21.146308", "frame": 65, "mu": [-0.29574115846817206, 1.2649469918140017, 1.3556335872188954], "Sigma": [[0.0029492262106694846, -2.9868707777573413e-05, 0.00977732399001501], [-2.986870777757336e-05, 0.0010367409665355766, -0.0014723591339866468], [0.00977732399001501, -0.0014723591339866466, 0.11397260715291044]], "chi2_level": 0.997, "chi2_df": 3, "chi2_threshold": 13.931422665512084, "N_raw": 29, "N_roi": 29, "N_inlier": 27, "refit": true}
{"timestamp": "15:53:21.208539", "frame": 66, "mu": [-0.3117532701399817, 1.1879676595443294, 1.481442911237955], "Sigma": [[0.0041596736277858945, -0.00303337286530345, -0.002715351756216866], [-0.00303337286530345, 0.007765369970954281, -6.73573711174768e-05], [-0.002715351756216866, -6.735737111747701e-05, 0.0033749667192397976]], "chi2_level": 0.997, "chi2_df": 3, "chi2_threshold": 13.931422665512084, "N_raw": 76, "N_roi": 75, "N_inlier": 73, "refit": true}
{"timestamp": "15:53:21.264148", "frame": 67, "mu": [-0.3285072914366909, 1.1761817836596435, 1.4422209606155239], "Sigma": [[0.003661697691006551, -0.003089260599032568, -0.0018410663529492399], [-0.003089260599032568, 0.009711015818499424, -0.0010349371680240618], [-0.0018410663529492399, -0.001034937168024062, 0.0027259620356047164]], "chi2_level": 0.997, "chi2_df": 3, "chi2_threshold": 13.931422665512084, "N_raw": 85, "N_roi": 82, "N_inlier": 80, "refit": true}
{"timestamp": "15:53:21.309635", "frame": 68, "mu": [-0.41909702894646256, 1.1020585421966334, 0.8788722074667809], "Sigma": [[0.023532049826893532, -0.00696703407895973, 0.06852290439339045], [-0.00696703407895973, 0.01130169493864405, -0.005717355761595343], [0.06852290439339047, -0.005717355761595346, 0.23301062174722065]], "chi2_level": 0.997, "chi2_df": 3, "chi2_threshold": 13.931422665512084, "N_raw": 14, "N_roi": 13, "N_inlier": 13, "refit": true}
{"timestamp": "15:53:21.371602", "frame": 69, "mu": [-0.41839221418110356, 1.14761720031785, 1.4390384782609629], "Sigma": [[0.003771204985392558, -0.0013303191912953484, -0.0007511009255996247], [-0.0013303191912953484, 0.0071695532134786145, -0.0028631781095874425], [-0.0007511009255996248, -0.0028631781095874425, 0.0020992722524024953]], "chi2_level": 0.997, "chi2_df": 3, "chi2_threshold": 13.931422665512084, "N_raw": 75, "N_roi": 74, "N_inlier": 74, "refit": true}
{"timestamp": "15:53:21.426508", "frame": 70, "mu": [-0.4866471450936379, 1.1921189193766446, 1.5299806212249738], "Sigma": [[0.003268039635785643, -0.00034517318682868625, -0.0011333222827281577], [-0.0003451731868286863, 0.003278990361682372, -0.0023873346931879797], [-0.0011333222827281577, -0.0023873346931879797, 0.0026344601424760543]], "chi2_level": 0.997, "chi2_df": 3, "chi2_threshold": 13.931422665512084, "N_raw": 56, "N_roi": 54, "N_inlier": 51, "refit": true}
{"timestamp": "15:53:21.478872", "frame": 71, "mu": [-0.5150408170238777, 1.1622389076877218, 1.505744264998892], "Sigma": [[0.0023875075748190176, -0.00011180084041145918, -0.0013065416495267243], [-0.00011180084041145918, 0.0026253767797244916, -0.003338641944324823], [-0.0013065416495267243, -0.003338641944324823, 0.0060026984238714205]], "chi2_level": 0.997, "chi2_df": 3, "chi2_threshold": 13.931422665512084, "N_raw": 52, "N_roi": 52, "N_inlier": 51, "refit": true}
{"timestamp": "15:53:21.536076", "frame": 72, "mu": [-0.5584119271091978, 1.1648105618276434, 1.477569088582251], "Sigma": [[0.003200982047914491, -0.0005622793022522686, -0.00068380810269302], [-0.0005622793022522686, 0.004506087382840415, -0.0034679040671227856], [-0.0006838081026930199, -0.0034679040671227856, 0.003732291801054677]], "chi2_level": 0.997, "chi2_df": 3, "chi2_threshold": 13.931422665512084, "N_raw": 62, "N_roi": 62, "N_inlier": 61, "refit": true}
{"timestamp": "15:53:21.589738", "frame": 73, "mu": [-0.6423670593366131, 1.1804663495792005, 1.5746383901067225], "Sigma": [[0.003499993742460592, -0.0002125853217040606, -0.000702054539599166], [-0.0002125853217040607, 0.002941311266218192, -0.003161415094104892], [-0.0007020545395991659, -0.003161415094104892, 0.004054590082285922]], "chi2_level": 0.997, "chi2_df": 3, "chi2_threshold": 13.931422665512084, "N_raw": 55, "N_roi": 55, "N_inlier": 52, "refit": true}
{"timestamp": "15:53:21.645698", "frame": 74, "mu": [-0.6377096034735042, 1.1807747088820046, 1.53426883503743], "Sigma": [[0.004010383811982346, -0.0008357056144343562, -0.00200007356288587], [-0.0008357056144343562, 0.002722423055069723, -0.0027903383556857728], [-0.00200007356288587, -0.0027903383556857728, 0.005888291497911118]], "chi2_level": 0.997, "chi2_df": 3, "chi2_threshold": 13.931422665512084, "N_raw": 56, "N_roi": 56, "N_inlier": 55, "refit": true}
{"timestamp": "15:53:21.700279", "frame": 75, "mu": [-0.6605929168138369, 1.1416487336333836, 1.5046410172394133], "Sigma": [[0.005019139173883019, -0.0027510013792460715, -0.003363957145633618], [-0.0027510013792460715, 0.003982121475258471, 0.00047241059674477245], [-0.003363957145633618, 0.00047241059674477256, 0.0046670489375113975]], "chi2_level": 0.997, "chi2_df": 3, "chi2_threshold": 13.931422665512084, "N_raw": 56, "N_roi": 53, "N_inlier": 51, "refit": true}
{"timestamp": "15:53:21.754715", "frame": 76, "mu": [-0.7078768307488503, 1.1361191286739332, 1.5268844980589211], "Sigma": [[0.003356592191267472, -0.0005388601475002334, -0.0018973552603814077], [-0.0005388601475002337, 0.0024001265554906693, -0.003305405003282343], [-0.0018973552603814077, -0.003305405003282343, 0.007099502391295357]], "chi2_level": 0.997, "chi2_df": 3, "chi2_threshold": 13.931422665512084, "N_raw": 52, "N_roi": 52, "N_inlier": 51, "refit": true}
{"timestamp": "15:53:21.807169", "frame": 77, "mu": [-0.8242092984095228, 1.0669933905422604, 1.5938785494429553], "Sigma": [[0.0316248037239491, 0.019223183803713143, -0.026025827546349925], [0.019223183803713143, 0.016466569943691, -0.01811055536082673], [-0.026025827546349925, -0.01811055536082673, 0.027481352641604766]], "chi2_level": 0.997, "chi2_df": 3, "chi2_threshold": 13.931422665512084, "N_raw": 35, "N_roi": 35, "N_inlier": 34, "refit": true}
{"timestamp": "15:53:21.861148", "frame": 78, "mu": [-0.7946548269157847, 1.0810934259458653, 1.4549860864977069], "Sigma": [[0.015620789082768729, 0.006976753163892199, -0.012348161073495997], [0.006976753163892199, 0.008328807398295375, -0.004015741446449224], [-0.012348161073495997, -0.004015741446449224, 0.018527524659385685]], "chi2_level": 0.997, "chi2_df": 3, "chi2_threshold": 13.931422665512084, "N_raw": 30, "N_roi": 30, "N_inlier": 29, "refit": true}
{"timestamp": "15:53:21.914676", "frame": 79, "mu": [-1.1017430945600206, 0.9111068679117607, 1.7722781695991519], "Sigma": [[0.021220282174395682, 0.013194383986640388, -0.015451591542438626], [0.013194383986640388, 0.014874232408318365, -0.010851793917992604], [-0.015451591542438626, -0.010851793917992604, 0.012882565866630294]], "chi2_level": 0.997, "chi2_df": 3, "chi2_threshold": 13.931422665512084, "N_raw": 24, "N_roi": 24, "N_inlier": 24, "refit": true}
{"timestamp": "15:53:21.970365", "frame": 80, "mu": [-0.8845206685754987, 1.061306767495312, 1.339765780546627], "Sigma": [[0.039982696781333746, 0.027632083053859426, -0.06392018043688498], [0.027632083053859426, 0.0251409346321889, -0.04317388929498922], [-0.06392018043688498, -0.04317388929498923, 0.12031463184032323]], "chi2_level": 0.997, "chi2_df": 3, "chi2_threshold": 13.931422665512084, "N_raw": 25, "N_roi": 25, "N_inlier": 25, "refit": true}
{"timestamp": "15:53:22.024083", "frame": 81, "mu": [-0.952108381463725, 1.0974520407367734, 1.4153394526601961], "Sigma": [[0.026854297099571673, 0.017440477111289925, -0.039693341663790474], [0.017440477111289925, 0.023769491125671303, -0.019256015947910807], [-0.039693341663790474, -0.019256015947910807, 0.12300782857815944]], "chi2_level": 0.997, "chi2_df": 3, "chi2_threshold": 13.931422665512084, "N_raw": 13, "N_roi": 13, "N_inlier": 13, "refit": true}
{"timestamp": "15:53:22.079987", "frame": 82, "mu": [-1.0801079526816748, 1.0731635755915634, 1.5724006497002114], "Sigma": [[0.043251512877400075, 0.016959096916106947, -0.08080653092681442], [0.016959096916106947, 0.013178719342401673, -0.03370473743960518], [-0.08080653092681442, -0.03370473743960518, 0.1941142435788109]], "chi2_level": 0.997, "chi2_df": 3, "chi2_threshold": 13.931422665512084, "N_raw": 20, "N_roi": 20, "N_inlier": 20, "refit": true}
{"timestamp": "15:53:22.143424", "frame": 83, "mu": [-1.1020028859039868, 1.010455658759871, 1.5886876015720108], "Sigma": [[0.016694822604881112, 0.0056743392261922295, -0.019237467771892423], [0.0056743392261922295, 0.009943743089552192, -0.007364017781801254], [-0.019237467771892423, -0.007364017781801254, 0.026240182467425807]], "chi2_level": 0.997, "chi2_df": 3, "chi2_threshold": 13.931422665512084, "N_raw": 80, "N_roi": 80, "N_inlier": 76, "refit": true}
{"timestamp": "15:53:22.198219", "frame": 84, "mu": [-1.1341305087328695, 0.8980618564996806, 1.4698757050685898], "Sigma": [[0.013597116259888986, 0.008508556775797205, -0.0020307149670250033], [0.008508556775797205, 0.00896589620305317, -0.0047273919843121215], [-0.002030714967025003, -0.004727391984312121, 0.0059510944006568155]], "chi2_level": 0.997, "chi2_df": 3, "chi2_threshold": 13.931422665512084, "N_raw": 81, "N_roi": 81, "N_inlier": 78, "refit": true}
{"timestamp": "15:53:22.254871", "frame": 85, "mu": [-1.1860852419972059, 0.9992672612861883, 1.6673422753471059], "Sigma": [[0.014757366546699595, 0.004720181283023505, -0.011964393607713168], [0.004720181283023505, 0.012069315324253446, -0.0018585459109053608], [-0.011964393607713168, -0.0018585459109053612, 0.011449420656768199]], "chi2_level": 0.997, "chi2_df": 3, "chi2_threshold": 13.931422665512084, "N_raw": 90, "N_roi": 90, "N_inlier": 90, "refit": true}
{"timestamp": "15:53:22.312246", "frame": 86, "mu": [-1.0900450173828327, 0.960651307219179, 1.1061158472620198], "Sigma": [[0.027750245084944627, 0.02222793058485388, -0.05908104096797026], [0.022227930584853884, 0.02013211536624413, -0.052489253981750764], [-0.05908104096797026, -0.052489253981750764, 0.20863654168408716]], "chi2_level": 0.997, "chi2_df": 3, "chi2_threshold": 13.931422665512084, "N_raw": 108, "N_roi": 108, "N_inlier": 107, "refit": true}
{"timestamp": "15:53:22.366684", "frame": 87, "mu": [-1.2244636730231335, 1.0707372616795134, 1.5614577564172616], "Sigma": [[0.020396520902986083, 0.00886956973015797, -0.040409225973997445], [0.00886956973015797, 0.01375640567825151, -0.017804759251879628], [-0.040409225973997445, -0.017804759251879628, 0.13126662217764537]], "chi2_level": 0.997, "chi2_df": 3, "chi2_threshold": 13.931422665512084, "N_raw": 104, "N_roi": 104, "N_inlier": 104, "refit": true}
{"timestamp": "15:53:22.422285", "frame": 88, "mu": [-1.2744801292262138, 1.1036267422433166, -0.09481159224695455], "Sigma": [[0.016702256293862638, 0.011740664086268214, -0.005709121111230352], [0.011740664086268214, 0.022108714813104113, 0.009343029041270028], [-0.005709121111230352, 0.009343029041270028, 0.02058949637741325]], "chi2_level": 0.997, "chi2_df": 3, "chi2_threshold": 13.931422665512084, "N_raw": 101, "N_roi": 101, "N_inlier": 96, "refit": true}
{"timestamp": "15:53:22.481071", "frame": 89, "mu": [-1.3164075761099032, 1.0332373498281844, 1.6001557370084654], "Sigma": [[0.021254942379884227, 0.007486029682720479, -0.0174184277685364], [0.007486029682720479, 0.01736418932125809, -0.006390792120479412], [-0.017418427768536405, -0.006390792120479412, 0.015793556483460744]], "chi2_level": 0.997, "chi2_df": 3, "chi2_threshold": 13.931422665512084, "N_raw": 125, "N_roi": 125, "N_inlier": 122, "refit": true}
