{"timestamp": "11:54:12.005083", "frame": 12, "mu": [-2.0931116409082664, 4.942434733498746, 1.059335503036417], "Sigma": [[0.013149585341012368, 0.0016032325378797512, -0.002762304195070312], [0.0016032325378797512, 0.001027812618321222, -0.000469850814812853], [-0.0027623041950703116, -0.00046985081481285294, 0.0007500674935855608]], "chi2_level": 0.95, "chi2_df": 3, "chi2_threshold": 7.814727903251179, "N_raw": 35, "N_roi": 11, "N_inlier": 10, "refit": true}
{"timestamp": "11:54:12.226069", "frame": 16, "mu": [-1.9129690074398322, 4.9388871934049074, 0.8281047637149737], "Sigma": [[0.04666472221948288, 0.006627018464919545, -0.04507632806737577], [0.006627018464919545, 0.002196493818687063, -0.007812783651058374], [-0.045076328067375764, -0.007812783651058374, 0.05404713656622715]], "chi2_level": 0.95, "chi2_df": 3, "chi2_threshold": 7.814727903251179, "N_raw": 45, "N_roi": 35, "N_inlier": 34, "refit": true}
{"timestamp": "11:54:12.284528", "frame": 17, "mu": [-1.8956805601337856, 4.879339265693141, 0.5726711148543423], "Sigma": [[0.0442104224044665, 0.007917835787533706, -0.02928502583242002], [0.007917835787533706, 0.004003130880264346, -0.007038663651208188], [-0.02928502583242002, -0.007038663651208188, 0.023508284692081525]], "chi2_level": 0.95, "chi2_df": 3, "chi2_threshold": 7.814727903251179, "N_raw": 47, "N_roi": 43, "N_inlier": 41, "refit": true}
{"timestamp": "11:54:12.336677", "frame": 18, "mu": [-1.8832927343299266, 4.816446630400505, 0.4561635905795685], "Sigma": [[0.03352784819613344, 0.0019471107338277591, -0.03545083262418873], [0.0019471107338277587, 0.0007401188708103271, -0.0028100580772166452], [-0.03545083262418873, -0.0028100580772166452, 0.048805164641253174]], "chi2_level": 0.95, "chi2_df": 3, "chi2_threshold": 7.814727903251179, "N_raw": 27, "N_roi": 27, "N_inlier": 25, "refit": true}
{"timestamp": "11:54:12.390204", "frame": 19, "mu": [-1.8392650721565493, 4.816200225582041, 0.582612446205373], "Sigma": [[0.023722087184349774, -7.26408850336153e-05, -0.017949057547628017], [-7.264088503361552e-05, 0.002765171348554472, -0.010542392622666838], [-0.017949057547628017, -0.010542392622666838, 0.07635056213156914]], "chi2_level": 0.95, "chi2_df": 3, "chi2_threshold": 7.814727903251179, "N_raw": 17, "N_roi": 15, "N_inlier": 14, "refit": true}
{"timestamp": "11:54:12.499080", "frame": 21, "mu": [-1.7472803227438465, 4.7464514634401365, 0.5659128924091852], "Sigma": [[0.007922288018372982, 0.0013094638502462825, -0.006118001849363867], [0.0013094638502462825, 0.0012970360467328863, -0.0026999000196966366], [-0.006118001849363868, -0.0026999000196966366, 0.00977651551597629]], "chi2_level": 0.95, "chi2_df": 3, "chi2_threshold": 7.814727903251179, "N_raw": 12, "N_roi": 12, "N_inlier": 10, "refit": true}
{"timestamp": "11:54:12.552503", "frame": 22, "mu": [-1.7459677123323718, 4.735260034733889, 0.6020427133460855], "Sigma": [[0.0033334132649781084, -0.00034476613374975236, -0.0021566291495809906], [-0.0003447661337497524, 0.0017776249353528776, -0.0009409449389917215], [-0.002156629149580991, -0.0009409449389917215, 0.0042731492450702475]], "chi2_level": 0.95, "chi2_df": 3, "chi2_threshold": 7.814727903251179, "N_raw": 7, "N_roi": 7, "N_inlier": 7, "refit": true}
{"timestamp": "11:54:12.609064", "frame": 23, "mu": [-1.8568489048358545, 4.618696496253641, 0.796197457947489], "Sigma": [[0.015650680053262794, 0.004116782040740012, -0.009622285143213321], [0.004116782040740012, 0.002596707523715782, -0.00468495346575316], [-0.009622285143213321, -0.00468495346575316, 0.010764721508707945]], "chi2_level": 0.95, "chi2_df": 3, "chi2_threshold": 7.814727903251179, "N_raw": 14, "N_roi": 13, "N_inlier": 13, "refit": true}
{"timestamp": "11:54:12.723310", "frame": 25, "mu": [-1.6882904765494822, 4.592921872380628, 0.7340837888095784], "Sigma": [[0.03154233314609091, 0.0027601969534866272, -0.01971128900548591], [0.0027601969534866272, 0.0013472190505316943, -0.005231541028446009], [-0.01971128900548591, -0.005231541028446009, 0.032692748728327115]], "chi2_level": 0.95, "chi2_df": 3, "chi2_threshold": 7.814727903251179, "N_raw": 41, "N_roi": 40, "N_inlier": 38, "refit": true}
{"timestamp": "11:54:12.774237", "frame": 26, "mu": [-1.7945997370193587, 4.540488683016033, 0.7380209478605798], "Sigma": [[0.01540982402767616, -0.0012056494989854914, 0.0033861656102639978], [-0.0012056494989854914, 0.001959325605656515, -0.0025606913023066944], [0.0033861656102639973, -0.0025606913023066944, 0.0140450153902136]], "chi2_level": 0.95, "chi2_df": 3, "chi2_threshold": 7.814727903251179, "N_raw": 16, "N_roi": 16, "N_inlier": 15, "refit": true}
{"timestamp": "11:54:12.833766", "frame": 27, "mu": [-1.8663968564270879, 4.47040133269849, 0.665966752187667], "Sigma": [[0.03605650294755885, 0.004282553901450225, -0.007084411389136184], [0.004282553901450225, 0.002945409823543384, -0.004314250086501639], [-0.007084411389136184, -0.0043142500865016396, 0.02577281872029632]], "chi2_level": 0.95, "chi2_df": 3, "chi2_threshold": 7.814727903251179, "N_raw": 48, "N_roi": 48, "N_inlier": 47, "refit": true}
{"timestamp": "11:54:12.886915", "frame": 28, "mu": [-1.8541463627750834, 4.424763051008661, 0.6256644767908472], "Sigma": [[0.03086194868979242, 0.005463447890269282, -0.013265106305508468], [0.005463447890269282, 0.0023028428350834722, -0.004993110810883804], [-0.013265106305508468, -0.004993110810883804, 0.01494332826595346]], "chi2_level": 0.95, "chi2_df": 3, "chi2_threshold": 7.814727903251179, "N_raw": 37, "N_roi": 37, "N_inlier": 36, "refit": true}
{"timestamp": "11:54:12.938412", "frame": 29, "mu": [-1.9013513985261514, 4.321057870810789, 0.7758281802371746], "Sigma": [[0.0006418820516370018, -0.0005917977079779068, 0.006553371878723085], [-0.0005917977079779069, 0.002521112842143486, -0.006449182802849731], [0.006553371878723086, -0.006449182802849728, 0.0912042549146698]], "chi2_level": 0.95, "chi2_df": 3, "chi2_threshold": 7.814727903251179, "N_raw": 7, "N_roi": 7, "N_inlier": 7, "refit": true}
{"timestamp": "11:54:12.996902", "frame": 30, "mu": [-1.8736835904016744, 4.268808860406708, 0.35642264145407004], "Sigma": [[0.01570295250168619, 0.0017331483979742132, -0.005848965500461922], [0.0017331483979742134, 0.0006060456401036454, -0.00155106809215069], [-0.005848965500461922, -0.00155106809215069, 0.03189279433419032]], "chi2_level": 0.95, "chi2_df": 3, "chi2_threshold": 7.814727903251179, "N_raw": 25, "N_roi": 25, "N_inlier": 23, "refit": true}
{"timestamp": "11:54:13.056458", "frame": 31, "mu": [-1.8009823790283777, 4.196152910500604, 0.16582687828176085], "Sigma": [[0.03298919972900545, -0.0030831592083829947, -0.036032425850271665], [-0.0030831592083829943, 0.003309895455876519, 0.005430949503331028], [-0.036032425850271665, 0.005430949503331028, 0.08744031735020694]], "chi2_level": 0.95, "chi2_df": 3, "chi2_threshold": 7.814727903251179, "N_raw": 65, "N_roi": 64, "N_inlier": 62, "refit": true}
{"timestamp": "11:54:13.107971", "frame": 32, "mu": [-1.8013380466327302, 4.180797567562648, 0.39312498459754897], "Sigma": [[0.026486815934422557, 0.004643698028392852, -0.003457105935589065], [0.004643698028392852, 0.0020932700643125934, -0.002050307161921843], [-0.003457105935589065, -0.0020503071619218435, 0.029030278925573128]], "chi2_level": 0.95, "chi2_df": 3, "chi2_threshold": 7.814727903251179, "N_raw": 43, "N_roi": 43, "N_inlier": 41, "refit": true}
{"timestamp": "11:54:13.159355", "frame": 33, "mu": [-1.7560087393732042, 4.177221836968963, 0.7197628559955526], "Sigma": [[0.017870259665051416, 0.005476028843456092, -0.004808709633271754], [0.005476028843456092, 0.0021636318568129496, -0.002555208779120965], [-0.004808709633271754, -0.002555208779120965, 0.011797098856955788]], "chi2_level": 0.95, "chi2_df": 3, "chi2_threshold": 7.814727903251179, "N_raw": 23, "N_roi": 23, "N_inlier": 21, "refit": true}
{"timestamp": "11:54:13.221190", "frame": 34, "mu": [-1.841783625183817, 4.1000744221099295, 0.6708893899743199], "Sigma": [[0.032504724507912655, 0.005613156548419429, 0.0011399606176707208], [0.005613156548419429, 0.002513699961632982, -0.004818218997879605], [0.0011399606176707199, -0.004818218997879605, 0.04985252345064314]], "chi2_level": 0.95, "chi2_df": 3, "chi2_threshold": 7.814727903251179, "N_raw": 65, "N_roi": 65, "N_inlier": 63, "refit": true}
{"timestamp": "11:54:13.274038", "frame": 35, "mu": [-1.7911338934978098, 4.248899942298702, 0.007726262172895893], "Sigma": [[0.029066033818827244, 0.011960407717172938, -0.011570198266904981], [0.011960407717172937, 0.008705468734367776, -0.006687875541909103], [-0.011570198266904981, -0.006687875541909103, 0.006903181521676872]], "chi2_level": 0.95, "chi2_df": 3, "chi2_threshold": 7.814727903251179, "N_raw": 44, "N_roi": 44, "N_inlier": 40, "refit": true}
{"timestamp": "11:54:13.328696", "frame": 36, "mu": [-1.7590500960312612, 4.069429733272424, 0.8442590349769236], "Sigma": [[0.0186729688620476, 0.004994026456839431, -0.010672678012844994], [0.004994026456839431, 0.0026523637287689398, -0.007433946915176568], [-0.010672678012844994, -0.007433946915176568, 0.027606744133088557]], "chi2_level": 0.95, "chi2_df": 3, "chi2_threshold": 7.814727903251179, "N_raw": 39, "N_roi": 38, "N_inlier": 37, "refit": true}
{"timestamp": "11:54:13.546004", "frame": 40, "mu": [-1.8374697000190663, 3.8118841483667985, 0.7862643936687546], "Sigma": [[0.018281317255149688, 0.0037065994921831277, -0.016050025224251984], [0.0037065994921831277, 0.0017263991267925433, -0.005597758272587185], [-0.016050025224251984, -0.005597758272587185, 0.023137772573247804]], "chi2_level": 0.95, "chi2_df": 3, "chi2_threshold": 7.814727903251179, "N_raw": 31, "N_roi": 31, "N_inlier": 30, "refit": true}
{"timestamp": "11:54:13.600307", "frame": 41, "mu": [-1.810367354012288, 3.980387600717157, -0.4090549924385902], "Sigma": [[0.01371049150953594, 0.004766781905754523, -0.006073346140162974], [0.004766781905754523, 0.0034244373514740216, -0.003478744729025287], [-0.0060733461401629735, -0.003478744729025287, 0.005779760342947972]], "chi2_level": 0.95, "chi2_df": 3, "chi2_threshold": 7.814727903251179, "N_raw": 24, "N_roi": 24, "N_inlier": 22, "refit": true}
{"timestamp": "11:54:13.656387", "frame": 42, "mu": [-1.9270325138087754, 3.674883457475867, 0.678308302436161], "Sigma": [[0.019746557964885315, 0.005963162796751893, -0.0075279290074537816], [0.005963162796751895, 0.0030639435718552476, -0.0046538908935760525], [-0.0075279290074537816, -0.0046538908935760525, 0.015312113470197454]], "chi2_level": 0.95, "chi2_df": 3, "chi2_threshold": 7.814727903251179, "N_raw": 36, "N_roi": 36, "N_inlier": 35, "refit": true}
{"timestamp": "11:54:13.766801", "frame": 44, "mu": [-1.8189283140980166, 3.589019596045555, 0.9244255829200415], "Sigma": [[0.014389355125134805, 0.004281834078139469, -0.01625403430470626], [0.004281834078139469, 0.002685895449415313, -0.008705960686965178], [-0.016254034304706264, -0.00870596068696518, 0.036189872126948984]], "chi2_level": 0.95, "chi2_df": 3, "chi2_threshold": 7.814727903251179, "N_raw": 36, "N_roi": 36, "N_inlier": 33, "refit": true}
{"timestamp": "11:54:13.822064", "frame": 45, "mu": [-1.8051167383250206, 3.532282656423967, 0.9485231066155819], "Sigma": [[0.016330841912727302, 0.006677642776016915, -0.011870532498267822], [0.006677642776016915, 0.004874574454223777, -0.009455460069744551], [-0.011870532498267822, -0.009455460069744551, 0.028718363488161473]], "chi2_level": 0.95, "chi2_df": 3, "chi2_threshold": 7.814727903251179, "N_raw": 34, "N_roi": 34, "N_inlier": 32, "refit": true}
{"timestamp": "11:54:13.874720", "frame": 46, "mu": [-1.7925235328659068, 3.5123866992630197, 0.970470353788532], "Sigma": [[0.017022972085139615, 0.002670452763460171, -0.0009220006422113415], [0.002670452763460171, 0.00233416365571381, -0.0065985316565795125], [-0.0009220006422113406, -0.0065985316565795125, 0.03404701438006463]], "chi2_level": 0.95, "chi2_df": 3, "chi2_threshold": 7.814727903251179, "N_raw": 19, "N_roi": 18, "N_inlier": 16, "refit": true}
{"timestamp": "11:54:13.932997", "frame": 47, "mu": [-1.678139861277614, 3.535620996783293, -0.9644540572337691], "Sigma": [[0.020237293368864193, 0.010973437310520088, 0.01703679526231812], [0.010973437310520088, 0.013111994889177279, 0.025358911749415243], [0.01703679526231812, 0.025358911749415243, 0.0980994781579923]], "chi2_level": 0.95, "chi2_df": 3, "chi2_threshold": 7.814727903251179, "N_raw": 39, "N_roi": 39, "N_inlier": 36, "refit": true}
{"timestamp": "11:54:13.988543", "frame": 48, "mu": [-1.6200560806570934, 3.4106206647105966, 0.6866165588290393], "Sigma": [[0.021005876050647253, -0.0040799394805525625, -0.019626840843364815], [-0.0040799394805525625, 0.002484251980219579, 0.002135719484701033], [-0.019626840843364815, 0.002135719484701033, 0.03566382849610229]], "chi2_level": 0.95, "chi2_df": 3, "chi2_threshold": 7.814727903251179, "N_raw": 47, "N_roi": 47, "N_inlier": 44, "refit": true}
{"timestamp": "11:54:14.045361", "frame": 49, "mu": [-1.7883272440031384, 3.366801940582138, 0.8504311727914301], "Sigma": [[0.024421410698188938, -0.001963510400621748, -0.004082823224010736], [-0.0019635104006217484, 0.002615914917674592, -0.0036851073099223777], [-0.004082823224010737, -0.0036851073099223777, 0.02594409706706948]], "chi2_level": 0.95, "chi2_df": 3, "chi2_threshold": 7.814727903251179, "N_raw": 52, "N_roi": 52, "N_inlier": 50, "refit": true}
{"timestamp": "11:54:14.101216", "frame": 50, "mu": [-1.7770033187016987, 3.312269942286375, 0.8891919427843866], "Sigma": [[0.016012280045793977, 0.004413880092716961, -0.015511205339212108], [0.004413880092716959, 0.003611985021425292, -0.0115878841178147], [-0.015511205339212106, -0.0115878841178147, 0.0723460388362531]], "chi2_level": 0.95, "chi2_df": 3, "chi2_threshold": 7.814727903251179, "N_raw": 61, "N_roi": 61, "N_inlier": 57, "refit": true}
{"timestamp": "11:54:14.156935", "frame": 51, "mu": [-1.8256393433004519, 3.262160297660361, 0.7987080259388328], "Sigma": [[0.022675531577293993, 0.005674279308655652, -0.011115652650922484], [0.005674279308655652, 0.0040122317542597005, -0.010578339222310496], [-0.011115652650922486, -0.010578339222310496, 0.04061286517796578]], "chi2_level": 0.95, "chi2_df": 3, "chi2_threshold": 7.814727903251179, "N_raw": 71, "N_roi": 71, "N_inlier": 69, "refit": true}
{"timestamp": "11:54:14.209309", "frame": 52, "mu": [-1.7814866555732214, 3.2458312560324707, 0.955330608301309], "Sigma": [[0.01894807001556461, 0.006075481515204595, -0.007504503151035477], [0.006075481515204595, 0.004523033658214163, -0.005221957474156939], [-0.007504503151035478, -0.005221957474156939, 0.01992641656431216]], "chi2_level": 0.95, "chi2_df": 3, "chi2_threshold": 7.814727903251179, "N_raw": 46, "N_roi": 46, "N_inlier": 42, "refit": true}
{"timestamp": "11:54:14.262312", "frame": 53, "mu": [-1.7782953228083511, 3.1379319223057176, 1.079136054004666], "Sigma": [[0.016795317912129272, 0.00733184274374411, -0.012628026765645336], [0.00733184274374411, 0.005768133656930103, -0.008139272981231219], [-0.012628026765645336, -0.008139272981231219, 0.013644744189052115]], "chi2_level": 0.95, "chi2_df": 3, "chi2_threshold": 7.814727903251179, "N_raw": 38, "N_roi": 38, "N_inlier": 37, "refit": true}
{"timestamp": "11:54:14.315383", "frame": 54, "mu": [-1.753424744786946, 3.0975128112166908, 0.6755673470356802], "Sigma": [[0.006481973851747491, 0.0007389197253019986, 1.3676089383564036e-05], [0.0007389197253019986, 0.005648850596666369, -0.006538043166377355], [1.3676089383563765e-05, -0.006538043166377355, 0.009106655697698016]], "chi2_level": 0.95, "chi2_df": 3, "chi2_threshold": 7.814727903251179, "N_raw": 19, "N_roi": 19, "N_inlier": 18, "refit": true}
{"timestamp": "11:54:14.371589", "frame": 55, "mu": [-1.9013032825058667, 3.030595718071431, 0.93972666498419], "Sigma": [[0.009997375259221378, 0.0019842500715719184, -0.01045135666720628], [0.0019842500715719184, 0.0011138390568460135, -0.003191644698043266], [-0.01045135666720628, -0.003191644698043266, 0.060060020518118255]], "chi2_level": 0.95, "chi2_df": 3, "chi2_threshold": 7.814727903251179, "N_raw": 36, "N_roi": 36, "N_inlier": 34, "refit": true}
{"timestamp": "11:54:14.429308", "frame": 56, "mu": [-1.746884178570172, 2.998754730117532, 0.9679224792639097], "Sigma": [[0.016579062964173462, 0.0033671993389976784, -0.011572589149812481], [0.0033671993389976784, 0.003187484872554604, -0.006706504517142679], [-0.011572589149812481, -0.006706504517142679, 0.02002788116873863]], "chi2_level": 0.95, "chi2_df": 3, "chi2_threshold": 7.814727903251179, "N_raw": 48, "N_roi": 48, "N_inlier": 47, "refit": true}
{"timestamp": "11:54:14.482911", "frame": 57, "mu": [-1.7601783398089166, 2.929241246997167, 1.0515210354977724], "Sigma": [[0.014585327052550397, 0.00467401224742024, -0.01108813824673435], [0.00467401224742024, 0.0047119923880043, -0.006511486008792198], [-0.01108813824673435, -0.006511486008792198, 0.0124226528155742]], "chi2_level": 0.95, "chi2_df": 3, "chi2_threshold": 7.814727903251179, "N_raw": 41, "N_roi": 41, "N_inlier": 39, "refit": true}
{"timestamp": "11:54:14.539010", "frame": 58, "mu": [-1.8398888152805621, 2.8384899099720142, 1.1004102758751635], "Sigma": [[0.013683131648522385, 0.0077809650465046135, -0.01813393912893682], [0.0077809650465046135, 0.007250876241040204, -0.017495470356802628], [-0.01813393912893682, -0.017495470356802628, 0.047748865982031846]], "chi2_level": 0.95, "chi2_df": 3, "chi2_threshold": 7.814727903251179, "N_raw": 46, "N_roi": 46, "N_inlier": 43, "refit": true}
{"timestamp": "11:54:14.592907", "frame": 59, "mu": [-1.8473163092524711, 2.831054440887972, 1.0937765943043591], "Sigma": [[0.009920452136746577, 0.0026843912515271988, -0.007116697046903192], [0.0026843912515271988, 0.002889311945293668, -0.007609515267568607], [-0.007116697046903192, -0.007609515267568607, 0.030122588244479727]], "chi2_level": 0.95, "chi2_df": 3, "chi2_threshold": 7.814727903251179, "N_raw": 39, "N_roi": 39, "N_inlier": 37, "refit": true}
{"timestamp": "11:54:14.647894", "frame": 60, "mu": [-1.7996047280538596, 2.9119426680970664, -0.5408601432610011], "Sigma": [[0.012139796686517988, 0.012962119835848785, 0.018368417221479763], [0.012962119835848785, 0.02313043533424306, 0.02916527660969952], [0.018368417221479763, 0.02916527660969952, 0.08009665579575043]], "chi2_level": 0.95, "chi2_df": 3, "chi2_threshold": 7.814727903251179, "N_raw": 42, "N_roi": 42, "N_inlier": 38, "refit": true}
{"timestamp": "11:54:14.701782", "frame": 61, "mu": [-1.7353257601158254, 2.743117159488041, 0.7454144240241687], "Sigma": [[0.015935819898877254, 0.003399805545356595, -0.010349998405254392], [0.0033998055453565946, 0.002251283524496756, -0.005188267557552543], [-0.01034999840525439, -0.005188267557552543, 0.019156642445904128]], "chi2_level": 0.95, "chi2_df": 3, "chi2_threshold": 7.814727903251179, "N_raw": 32, "N_roi": 32, "N_inlier": 29, "refit": true}
{"timestamp": "11:54:14.760081", "frame": 62, "mu": [-1.8389422669896112, 2.6912400905355924, 1.1026896692326578], "Sigma": [[0.01364329974262836, 0.006003728925243274, -0.013401186592540724], [0.006003728925243274, 0.005301413224572431, -0.011511844577245708], [-0.013401186592540724, -0.011511844577245708, 0.046671617751699625]], "chi2_level": 0.95, "chi2_df": 3, "chi2_threshold": 7.814727903251179, "N_raw": 55, "N_roi": 55, "N_inlier": 51, "refit": true}
{"timestamp": "11:54:14.811412", "frame": 63, "mu": [-1.886498249086839, 2.632447474956718, 1.159689454650775], "Sigma": [[0.006424856888563376, 0.0023753194381526893, -0.004411065897970941], [0.0023753194381526893, 0.002952003115922399, -0.005371685290069076], [-0.004411065897970942, -0.005371685290069076, 0.013483632291907926]], "chi2_level": 0.95, "chi2_df": 3, "chi2_threshold": 7.814727903251179, "N_raw": 31, "N_roi": 31, "N_inlier": 28, "refit": true}
{"timestamp": "11:54:14.865328", "frame": 64, "mu": [-1.8573783692379695, 2.554716112230136, 1.2059652965170913], "Sigma": [[0.008131645277407696, 0.00421910115776922, -0.006427781606068887], [0.00421910115776922, 0.004163948150250486, -0.005442889308640944], [-0.0064277816060688865, -0.005442889308640944, 0.01274104811633257]], "chi2_level": 0.95, "chi2_df": 3, "chi2_threshold": 7.814727903251179, "N_raw": 25, "N_roi": 25, "N_inlier": 23, "refit": true}
{"timestamp": "11:54:14.918714", "frame": 65, "mu": [-1.8995573429225299, 2.48748761318586, 1.1821757243367252], "Sigma": [[0.010087791464774995, 0.003928448543562293, -0.0033539380733536243], [0.003928448543562293, 0.003139026718346787, -0.0025263628657216258], [-0.0033539380733536243, -0.0025263628657216258, 0.036924419970349315]], "chi2_level": 0.95, "chi2_df": 3, "chi2_threshold": 7.814727903251179, "N_raw": 17, "N_roi": 17, "N_inlier": 16, "refit": true}
{"timestamp": "11:54:14.975328", "frame": 66, "mu": [-2.0580882811829126, 2.4274927922278815, 1.0773808052466767], "Sigma": [[0.043013214128604094, 0.010088796547582615, 0.03489172925043659], [0.010088796547582615, 0.003914999738734978, 0.004675005153229655], [0.03489172925043659, 0.004675005153229655, 0.044742830460065774]], "chi2_level": 0.95, "chi2_df": 3, "chi2_threshold": 7.814727903251179, "N_raw": 29, "N_roi": 23, "N_inlier": 21, "refit": true}
{"timestamp": "11:54:15.031865", "frame": 67, "mu": [-1.8646005532104466, 2.3953052701199784, 1.1630047171790907], "Sigma": [[0.007412610403423896, 0.0029341386293805214, -0.0024210416707869], [0.0029341386293805214, 0.0034030988296821817, -0.00551050645984033], [-0.0024210416707869, -0.005510506459840331, 0.013533097974702238]], "chi2_level": 0.95, "chi2_df": 3, "chi2_threshold": 7.814727903251179, "N_raw": 32, "N_roi": 32, "N_inlier": 29, "refit": true}
{"timestamp": "11:54:15.083685", "frame": 68, "mu": [-1.8834786802944616, 2.355808449079675, 1.092755001379037], "Sigma": [[0.01771536954800298, -0.000530908393445688, 0.014157559465068796], [-0.0005309083934456879, 0.0031582100603669535, -0.005583964171387275], [0.014157559465068796, -0.005583964171387275, 0.032157101303682344]], "chi2_level": 0.95, "chi2_df": 3, "chi2_threshold": 7.814727903251179, "N_raw": 13, "N_roi": 13, "N_inlier": 12, "refit": true}
{"timestamp": "11:54:15.143896", "frame": 69, "mu": [-2.166739853853206, 2.409830502573005, -0.5585196374183825], "Sigma": [[0.04052240191890429, 0.01821373275839582, 0.05220529810669973], [0.01821373275839582, 0.031198417501389353, 0.02873917017474262], [0.05220529810669973, 0.02873917017474262, 0.0894864283856349]], "chi2_level": 0.95, "chi2_df": 3, "chi2_threshold": 7.814727903251179, "N_raw": 50, "N_roi": 41, "N_inlier": 39, "refit": true}
{"timestamp": "11:54:15.197335", "frame": 70, "mu": [-1.7734751848714512, 2.3224033045439665, 0.9933140664282358], "Sigma": [[0.008054430896457734, 0.0026344578102121983, -0.005461943759003369], [0.0026344578102121983, 0.002189078008235759, -0.005539693041039361], [-0.005461943759003369, -0.005539693041039361, 0.018489058162478124]], "chi2_level": 0.95, "chi2_df": 3, "chi2_threshold": 7.814727903251179, "N_raw": 33, "N_roi": 33, "N_inlier": 32, "refit": true}
{"timestamp": "11:54:15.252893", "frame": 71, "mu": [-1.8129077745373814, 2.117756535845407, 1.2313598870970155], "Sigma": [[0.11195097772902192, 0.08582099115103854, -0.12197390176941782], [0.08582099115103854, 0.07287498474711304, -0.09619417858618054], [-0.12197390176941782, -0.09619417858618054, 0.13665312332679633]], "chi2_level": 0.95, "chi2_df": 3, "chi2_threshold": 7.814727903251179, "N_raw": 42, "N_roi": 42, "N_inlier": 40, "refit": true}
{"timestamp": "11:54:15.311025", "frame": 72, "mu": [-2.140721638967989, 1.8840449405553577, 1.5174590897411615], "Sigma": [[0.051619821411065185, 0.051539150798629876, -0.04803091119802255], [0.051539150798629876, 0.05900120307128343, -0.05394039531991916], [-0.04803091119802255, -0.05394039531991916, 0.05303135944132802]], "chi2_level": 0.95, "chi2_df": 3, "chi2_threshold": 7.814727903251179, "N_raw": 63, "N_roi": 62, "N_inlier": 59, "refit": true}
{"timestamp": "11:54:15.364682", "frame": 73, "mu": [-1.8964151649506276, 2.141314994659164, -0.18082898384512588], "Sigma": [[0.051630503354821305, 0.04633780292919437, -0.035189397674168926], [0.04633780292919437, 0.05193791519701445, -0.03549652901074237], [-0.035189397674168926, -0.03549652901074237, 0.02627535291461515]], "chi2_level": 0.95, "chi2_df": 3, "chi2_threshold": 7.814727903251179, "N_raw": 58, "N_roi": 58, "N_inlier": 52, "refit": true}
{"timestamp": "11:54:15.416287", "frame": 74, "mu": [-1.945526892209166, 1.988597309011388, 0.8858626073429388], "Sigma": [[0.01636810271402233, 0.005098008142983069, 0.012573889772373809], [0.005098008142983069, 0.0034449682401411917, 0.005141330646541832], [0.012573889772373809, 0.005141330646541832, 0.026366173673315434]], "chi2_level": 0.95, "chi2_df": 3, "chi2_threshold": 7.814727903251179, "N_raw": 24, "N_roi": 24, "N_inlier": 23, "refit": true}
{"timestamp": "11:54:15.472669", "frame": 75, "mu": [-2.064943612510661, 1.8510253996549597, 1.374761020229701], "Sigma": [[0.016893489213091733, 0.013182915074397073, -0.012640905418283367], [0.013182915074397072, 0.016624286615464726, -0.013622936003391324], [-0.012640905418283367, -0.013622936003391324, 0.015192176145013872]], "chi2_level": 0.95, "chi2_df": 3, "chi2_threshold": 7.814727903251179, "N_raw": 45, "N_roi": 45, "N_inlier": 41, "refit": true}
{"timestamp": "11:54:15.531715", "frame": 76, "mu": [-1.9503986375786693, 1.847971601365157, 1.1877237934642948], "Sigma": [[0.028060743362794408, 0.016801091139310984, -0.013514116161932602], [0.016801091139310984, 0.014737641645389722, -0.012281406408473885], [-0.013514116161932604, -0.012281406408473887, 0.01128094831752185]], "chi2_level": 0.95, "chi2_df": 3, "chi2_threshold": 7.814727903251179, "N_raw": 75, "N_roi": 75, "N_inlier": 72, "refit": true}
{"timestamp": "11:54:15.587881", "frame": 77, "mu": [-1.8775274028290778, 1.8046819874576003, 1.1386298636261274], "Sigma": [[0.036927846828869945, 0.025229382836242768, -0.012242881691254318], [0.025229382836242768, 0.02131562047726346, -0.012616432037948482], [-0.012242881691254318, -0.012616432037948482, 0.01125224852455958]], "chi2_level": 0.95, "chi2_df": 3, "chi2_threshold": 7.814727903251179, "N_raw": 77, "N_roi": 77, "N_inlier": 70, "refit": true}
{"timestamp": "11:54:15.640682", "frame": 78, "mu": [-1.7683310480095253, 1.8247538480781016, 1.2118248895467831], "Sigma": [[0.03715697328268008, 0.023559758182846176, -0.021629502824596605], [0.023559758182846176, 0.018477391814961025, -0.016992282674970573], [-0.021629502824596608, -0.016992282674970573, 0.01959713716227684]], "chi2_level": 0.95, "chi2_df": 3, "chi2_threshold": 7.814727903251179, "N_raw": 58, "N_roi": 58, "N_inlier": 55, "refit": true}
{"timestamp": "11:54:15.699318", "frame": 79, "mu": [-1.9440750430757225, 1.6341851354735937, 1.196323084814249], "Sigma": [[0.03190268279524171, 0.024340674080808013, -0.017826069678994354], [0.024340674080808013, 0.020973469900837385, -0.018651767051324455], [-0.017826069678994354, -0.018651767051324455, 0.03327805657477054]], "chi2_level": 0.95, "chi2_df": 3, "chi2_threshold": 7.814727903251179, "N_raw": 89, "N_roi": 89, "N_inlier": 85, "refit": true}
{"timestamp": "11:54:15.747756", "frame": 80, "mu": [-1.988312542982294, 1.52415358741885, 1.1900504785437613], "Sigma": [[0.024901662781324375, 0.019564566386992673, -0.015800351863008273], [0.019564566386992673, 0.019160719773222624, -0.014595397863184789], [-0.015800351863008273, -0.01459539786318479, 0.012315954905737836]], "chi2_level": 0.95, "chi2_df": 3, "chi2_threshold": 7.814727903251179, "N_raw": 33, "N_roi": 33, "N_inlier": 31, "refit": true}
{"timestamp": "11:54:15.800599", "frame": 81, "mu": [-2.0247917005494522, 1.5964522926912799, -0.2253145352841144], "Sigma": [[0.020456177012803875, 0.020412757322651544, -0.01091324837746627], [0.020412757322651544, 0.028273711192760828, -0.018356207684020645], [-0.01091324837746627, -0.018356207684020645, 0.016475139333426068]], "chi2_level": 0.95, "chi2_df": 3, "chi2_threshold": 7.814727903251179, "N_raw": 30, "N_roi": 30, "N_inlier": 28, "refit": true}
{"timestamp": "11:54:15.860733", "frame": 82, "mu": [-2.00348128255215, 1.4291015597064032, 1.2727731099985844], "Sigma": [[0.010686652261869748, 0.007214592673860981, -0.005253247410528426], [0.007214592673860981, 0.010705887159628455, -0.009586008290542033], [-0.005253247410528426, -0.009586008290542033, 0.01734517934863591]], "chi2_level": 0.95, "chi2_df": 3, "chi2_threshold": 7.814727903251179, "N_raw": 61, "N_roi": 61, "N_inlier": 57, "refit": true}
{"timestamp": "11:54:15.911755", "frame": 83, "mu": [-1.9813759669177153, 1.368734078532141, 0.9103595747866791], "Sigma": [[0.030287287751461375, 0.027037470950041418, -0.011998988193771353], [0.02703747095004142, 0.024603600826044077, -0.010602291495432157], [-0.011998988193771353, -0.010602291495432157, 0.022493346187409023]], "chi2_level": 0.95, "chi2_df": 3, "chi2_threshold": 7.814727903251179, "N_raw": 32, "N_roi": 32, "N_inlier": 30, "refit": true}
{"timestamp": "11:54:15.971338", "frame": 84, "mu": [-2.076201902627062, 1.3295874441832443, 0.8597345362017507], "Sigma": [[0.029482517847221917, 0.020979670854613497, -0.004979889349017077], [0.020979670854613497, 0.01716268480874545, -0.006201158943337885], [-0.004979889349017078, -0.006201158943337887, 0.009005934668637165]], "chi2_level": 0.95, "chi2_df": 3, "chi2_threshold": 7.814727903251179, "N_raw": 65, "N_roi": 65, "N_inlier": 63, "refit": true}
{"timestamp": "11:54:16.030921", "frame": 85, "mu": [-1.910659318041987, 1.3585316719873444, 1.082218441571462], "Sigma": [[0.014727260017855992, 0.011529132278218696, -0.0019763430976928193], [0.011529132278218696, 0.014395917389781824, -0.007249434871095359], [-0.00197634309769282, -0.007249434871095359, 0.07259455373440324]], "chi2_level": 0.95, "chi2_df": 3, "chi2_threshold": 7.814727903251179, "N_raw": 89, "N_roi": 89, "N_inlier": 84, "refit": true}
{"timestamp": "11:54:16.081998", "frame": 86, "mu": [-2.0660139736904144, 1.1981760966441621, 1.0889359472282398], "Sigma": [[0.029282850890032717, 0.017169124874418795, 0.026654153125231138], [0.017169124874418795, 0.020109740527010096, 0.01453259743984521], [0.026654153125231138, 0.01453259743984521, 0.06477791837134006]], "chi2_level": 0.95, "chi2_df": 3, "chi2_threshold": 7.814727903251179, "N_raw": 66, "N_roi": 66, "N_inlier": 64, "refit": true}
{"timestamp": "11:54:16.138619", "frame": 87, "mu": [-2.0416183613978327, 1.1534427860513943, 1.106912476966929], "Sigma": [[0.035982412301872935, 0.02794965266108043, 0.02673632672011393], [0.02794965266108043, 0.03110285287186998, 0.013905128774796762], [0.026736326720113928, 0.013905128774796762, 0.04973037292724275]], "chi2_level": 0.95, "chi2_df": 3, "chi2_threshold": 7.814727903251179, "N_raw": 79, "N_roi": 79, "N_inlier": 77, "refit": true}
{"timestamp": "11:54:16.190084", "frame": 88, "mu": [-2.0282359138691324, 1.1255286552569597, 1.047293667474329], "Sigma": [[0.03369749822555186, 0.016719390849892393, 0.014962778333109937], [0.016719390849892393, 0.014233463850735218, -0.0024796101357326], [0.014962778333109938, -0.0024796101357326, 0.03700753943969967]], "chi2_level": 0.95, "chi2_df": 3, "chi2_threshold": 7.814727903251179, "N_raw": 57, "N_roi": 57, "N_inlier": 55, "refit": true}
{"timestamp": "11:54:16.240433", "frame": 89, "mu": [-2.0684320970055916, 1.158068245706004, 0.8790604836090499], "Sigma": [[0.028632313356364007, 0.012861652892371522, -0.0062979590138410235], [0.012861652892371522, 0.008444586895830454, -0.004218366883240827], [-0.006297959013841023, -0.004218366883240827, 0.0030129062994808317]], "chi2_level": 0.95, "chi2_df": 3, "chi2_threshold": 7.814727903251179, "N_raw": 24, "N_roi": 24, "N_inlier": 22, "refit": true}
{"timestamp": "11:54:16.301593", "frame": 90, "mu": [-1.8212699994647805, 1.2310785777307907, -0.5387658009564061], "Sigma": [[0.006509148596887728, 0.0015596187819840552, 0.002892677854223738], [0.0015596187819840552, 0.019649082215782154, -0.014266818019303594], [0.0028926778542237375, -0.014266818019303596, 0.02317475979178902]], "chi2_level": 0.95, "chi2_df": 3, "chi2_threshold": 7.814727903251179, "N_raw": 66, "N_roi": 66, "N_inlier": 65, "refit": true}
{"timestamp": "11:54:16.361506", "frame": 91, "mu": [-1.8150362912944868, 0.9753492018431803, 1.1523639832143813], "Sigma": [[0.009468702257746582, 0.008676770427804858, -0.0035225468489381], [0.008676770427804858, 0.0231916513297879, -0.01970373232101957], [-0.0035225468489381, -0.01970373232101957, 0.02242470483664458]], "chi2_level": 0.95, "chi2_df": 3, "chi2_threshold": 7.814727903251179, "N_raw": 96, "N_roi": 96, "N_inlier": 89, "refit": true}
{"timestamp": "11:54:16.412261", "frame": 92, "mu": [-1.8745262743323368, 0.8909970602387558, 1.2019298432411893], "Sigma": [[0.020453170735260134, 0.005192541343677065, 0.017927396464226662], [0.005192541343677065, 0.008617956984922381, -0.0045699562606957705], [0.017927396464226662, -0.0045699562606957705, 0.03835183144530741]], "chi2_level": 0.95, "chi2_df": 3, "chi2_threshold": 7.814727903251179, "N_raw": 70, "N_roi": 70, "N_inlier": 65, "refit": true}
{"timestamp": "11:54:16.555951", "frame": 93, "mu": [-1.7765630256607072, 0.8843444811541343, 1.2828280025072325], "Sigma": [[0.00774811420398062, 0.003130549319964218, -0.002722878682877607], [0.003130549319964218, 0.010626293311290962, -0.009940431394071254], [-0.002722878682877607, -0.009940431394071254, 0.01019758679590769]], "chi2_level": 0.95, "chi2_df": 3, "chi2_threshold": 7.814727903251179, "N_raw": 64, "N_roi": 64, "N_inlier": 60, "refit": true}
{"timestamp": "11:54:16.584429", "frame": 94, "mu": [-1.7888518517617726, 0.8205335225810642, 1.3135002345890203], "Sigma": [[0.009363677122251684, 0.003367855058153822, -0.0032452935749114967], [0.003367855058153822, 0.012460212471204685, -0.010164218657644272], [-0.0032452935749114967, -0.010164218657644273, 0.009699779690662302]], "chi2_level": 0.95, "chi2_df": 3, "chi2_threshold": 7.814727903251179, "N_raw": 69, "N_roi": 69, "N_inlier": 63, "refit": true}
{"timestamp": "11:54:16.615386", "frame": 95, "mu": [-1.7448034125798153, 0.8020482710070763, 1.2962620132191953], "Sigma": [[0.007360496582123105, 0.004449560051797341, -0.0036567307853654623], [0.004449560051797341, 0.009878873914089816, -0.007637383813979935], [-0.0036567307853654623, -0.007637383813979935, 0.006525047490273341]], "chi2_level": 0.95, "chi2_df": 3, "chi2_threshold": 7.814727903251179, "N_raw": 46, "N_roi": 46, "N_inlier": 45, "refit": true}
{"timestamp": "11:54:16.648440", "frame": 96, "mu": [-1.6961065082874822, 0.7934751534619718, 1.2285948547509133], "Sigma": [[0.011209534706515858, 0.0010244824080938234, -0.006373278492469661], [0.0010244824080938237, 0.005934194877057754, -0.005318667456157359], [-0.006373278492469661, -0.00531866745615736, 0.009137107457836075]], "chi2_level": 0.95, "chi2_df": 3, "chi2_threshold": 7.814727903251179, "N_raw": 60, "N_roi": 60, "N_inlier": 58, "refit": true}
{"timestamp": "11:54:16.684513", "frame": 97, "mu": [-1.6980499429610578, 0.7720371084283595, 1.225021010245964], "Sigma": [[0.008570720964970477, -0.0014835136314792483, -0.00510159702714323], [-0.0014835136314792483, 0.004382561876016921, -0.0031296565797586696], [-0.005101597027143231, -0.0031296565797586696, 0.009196898821590615]], "chi2_level": 0.95, "chi2_df": 3, "chi2_threshold": 7.814727903251179, "N_raw": 50, "N_roi": 50, "N_inlier": 48, "refit": true}
{"timestamp": "11:54:16.740568", "frame": 98, "mu": [-1.7029794029204601, 0.6428983107208507, 1.145475907911676], "Sigma": [[0.01236365022376573, 0.0035396780313841744, -0.005104694315968083], [0.0035396780313841744, 0.015551324198227101, -0.006844684800875034], [-0.005104694315968083, -0.006844684800875034, 0.005084970713133811]], "chi2_level": 0.95, "chi2_df": 3, "chi2_threshold": 7.814727903251179, "N_raw": 68, "N_roi": 68, "N_inlier": 63, "refit": true}
{"timestamp": "11:54:16.794463", "frame": 99, "mu": [-1.7022361436873654, 0.6917612782777829, 1.2509024551775214], "Sigma": [[0.007192934243054563, 0.004116453110962029, -0.003984927968615026], [0.004116453110962027, 0.009964078035027352, -0.00787333543195421], [-0.003984927968615025, -0.007873335431954209, 0.007328787709118657]], "chi2_level": 0.95, "chi2_df": 3, "chi2_threshold": 7.814727903251179, "N_raw": 48, "N_roi": 48, "N_inlier": 47, "refit": true}
{"timestamp": "11:54:16.933970", "frame": 100, "mu": [-1.6687755691209731, 0.6497726325140912, 1.1757946385670042], "Sigma": [[0.0034872473323147354, 0.0008687649657542093, -0.0009567484166676025], [0.0008687649657542093, 0.004218040175525518, -0.0031904373418602163], [-0.0009567484166676025, -0.0031904373418602163, 0.0038478947241165026]], "chi2_level": 0.95, "chi2_df": 3, "chi2_threshold": 7.814727903251179, "N_raw": 28, "N_roi": 28, "N_inlier": 26, "refit": true}
{"timestamp": "11:54:16.958030", "frame": 101, "mu": [-1.7147174129764122, 0.5867826971861534, 1.184957805120282], "Sigma": [[0.007877733429313449, 0.004994544094564114, -0.0017518332863311007], [0.004994544094564114, 0.00907106441955321, -0.00586241196693964], [-0.0017518332863311007, -0.005862411966939639, 0.005154134396963915]], "chi2_level": 0.95, "chi2_df": 3, "chi2_threshold": 7.814727903251179, "N_raw": 48, "N_roi": 48, "N_inlier": 44, "refit": true}
{"timestamp": "11:54:16.991330", "frame": 102, "mu": [-1.656653278763734, 0.5685054873160295, 1.2068249967843336], "Sigma": [[0.005111088182613712, 0.003226417113079518, -0.002128904865984803], [0.003226417113079518, 0.008120523227154054, -0.004560874864601306], [-0.002128904865984803, -0.004560874864601306, 0.003301106195448507]], "chi2_level": 0.95, "chi2_df": 3, "chi2_threshold": 7.814727903251179, "N_raw": 34, "N_roi": 34, "N_inlier": 30, "refit": true}
{"timestamp": "11:54:17.022481", "frame": 103, "mu": [-1.6222753060358095, 0.5320782243438641, 1.1851823079938268], "Sigma": [[0.003980383026747616, 0.0037804647768890282, -0.00322319324811846], [0.0037804647768890282, 0.0060917041093398044, -0.004570426186508889], [-0.00322319324811846, -0.004570426186508889, 0.004656311011379672]], "chi2_level": 0.95, "chi2_df": 3, "chi2_threshold": 7.814727903251179, "N_raw": 17, "N_roi": 17, "N_inlier": 16, "refit": true}
{"timestamp": "11:54:17.063090", "frame": 104, "mu": [-0.8379528166389316, 0.54958188744291, 1.0947952522390074], "Sigma": [[2.1264186725035166, -0.09556732743870275, 0.0825367915721876], [-0.09556732743870275, 0.005635521353128502, -0.004166778899382508], [0.0825367915721876, -0.004166778899382508, 0.003557221777786035]], "chi2_level": 0.95, "chi2_df": 3, "chi2_threshold": 7.814727903251179, "N_raw": 10, "N_roi": 10, "N_inlier": 10, "refit": true}
{"timestamp": "11:54:17.176947", "frame": 106, "mu": [-1.1138383425905427, 0.47895352463889684, 1.1643937606003123], "Sigma": [[1.474269544862846, -0.0406044865466082, -0.02346248043545767], [-0.0406044865466082, 0.010376604174188472, 0.0018517614749305755], [-0.02346248043545767, 0.0018517614749305755, 0.020038298898458755]], "chi2_level": 0.95, "chi2_df": 3, "chi2_threshold": 7.814727903251179, "N_raw": 39, "N_roi": 39, "N_inlier": 36, "refit": true}
{"timestamp": "11:54:17.228862", "frame": 107, "mu": [-1.5050203822531119, 0.557401812388826, 1.1537914518499761], "Sigma": [[0.0011390136643634162, -0.0002192022500745626, 0.0005451046324027705], [-0.00021920225007456267, 0.0013620226902718595, -0.0007254755940430762], [0.0005451046324027706, -0.0007254755940430762, 0.0005540398526290578]], "chi2_level": 0.95, "chi2_df": 3, "chi2_threshold": 7.814727903251179, "N_raw": 8, "N_roi": 8, "N_inlier": 7, "refit": true}
