{"timestamp": "12:24:49.065876", "frame": 34, "mu": [1.60589516860314, 0.7681078921635899, 1.3447332789813213], "Sigma": [[0.0030994749456497057, 0.004576615096042057, 0.0021210687686881984], [0.004576615096042057, 0.008322215698765576, 0.0040561865326685645], [0.0021210687686881984, 0.004056186532668565, 0.0032455512758701845]], "chi2_level": 0.95, "chi2_df": 3, "chi2_threshold": 7.814727903251179, "N_raw": 7, "N_roi": 7, "N_inlier": 7, "refit": true}
{"timestamp": "12:24:49.122450", "frame": 35, "mu": [1.5697239067848883, 0.9341183803199609, 1.5625934200099008], "Sigma": [[0.002522267143718276, -0.0017155634211912377, -8.974952420037829e-05], [-0.0017155634211912377, 0.006077832967328375, -0.0008000901814122876], [-8.974952420037828e-05, -0.0008000901814122877, 0.0003032960887848014]], "chi2_level": 0.95, "chi2_df": 3, "chi2_threshold": 7.814727903251179, "N_raw": 21, "N_roi": 21, "N_inlier": 19, "refit": true}
{"timestamp": "12:24:49.180387", "frame": 36, "mu": [1.4704307171896176, 0.9868541800080317, 1.4977539908247395], "Sigma": [[0.0034305037038852185, 0.0018242898875785842, 0.004157989682788471], [0.0018242898875785842, 0.009532959103617901, 0.005138415273864469], [0.004157989682788471, 0.005138415273864469, 0.0076689593172485]], "chi2_level": 0.95, "chi2_df": 3, "chi2_threshold": 7.814727903251179, "N_raw": 21, "N_roi": 21, "N_inlier": 20, "refit": true}
{"timestamp": "12:24:49.233073", "frame": 37, "mu": [1.4522931839471933, 0.9461648800433237, 1.3219746313371705], "Sigma": [[0.001698651558596525, -0.0004819521084141902, 1.3858879807435024e-06], [-0.0004819521084141903, 0.00580063046331904, 8.220199746054429e-05], [1.3858879807435024e-06, 8.220199746054429e-05, 0.0002499729452938808]], "chi2_level": 0.95, "chi2_df": 3, "chi2_threshold": 7.814727903251179, "N_raw": 13, "N_roi": 13, "N_inlier": 13, "refit": true}
{"timestamp": "12:24:49.401638", "frame": 40, "mu": [1.269764895206442, 1.339789760344199, 1.5808582195504128], "Sigma": [[0.004875370136005776, -0.002354011191893722, -0.0014348039468463029], [-0.002354011191893722, 0.005582215402868614, -4.312996886159337e-05], [-0.0014348039468463029, -4.3129968861593425e-05, 0.0007447018503754609]], "chi2_level": 0.95, "chi2_df": 3, "chi2_threshold": 7.814727903251179, "N_raw": 36, "N_roi": 36, "N_inlier": 36, "refit": true}
{"timestamp": "12:24:49.456970", "frame": 41, "mu": [1.2073036524148055, 1.364939785768339, 1.5084665296378923], "Sigma": [[0.005444429054979279, -0.0013988083665580405, 0.0008476774641774157], [-0.0013988083665580405, 0.0049054621690392776, 0.0007600699864514521], [0.0008476774641774157, 0.0007600699864514521, 0.0006163910332772742]], "chi2_level": 0.95, "chi2_df": 3, "chi2_threshold": 7.814727903251179, "N_raw": 37, "N_roi": 37, "N_inlier": 35, "refit": true}
{"timestamp": "12:24:49.512480", "frame": 42, "mu": [1.2496448129046196, 1.257051508418509, 1.1060507705253946], "Sigma": [[0.007487621186299858, -0.012467585891600384, -0.018842671221703102], [-0.012467585891600384, 0.03063407622990197, 0.052832388681071575], [-0.018842671221703106, 0.052832388681071575, 0.1057748108011217]], "chi2_level": 0.95, "chi2_df": 3, "chi2_threshold": 7.814727903251179, "N_raw": 36, "N_roi": 36, "N_inlier": 35, "refit": true}
{"timestamp": "12:24:49.568301", "frame": 43, "mu": [1.108544794712175, 1.4769590557568675, 1.502387068947899], "Sigma": [[0.0061611018328293675, -0.0014550368276745416, -0.002438865979175761], [-0.0014550368276745411, 0.005149238217193787, 0.0010121118803940894], [-0.0024388659791757606, 0.0010121118803940894, 0.0015813634542199732]], "chi2_level": 0.95, "chi2_df": 3, "chi2_threshold": 7.814727903251179, "N_raw": 44, "N_roi": 44, "N_inlier": 42, "refit": true}
{"timestamp": "12:24:49.621944", "frame": 44, "mu": [1.0450073628632828, 1.348450760934895, 1.3521691820915618], "Sigma": [[0.004017965899820329, -0.000391225634231832, 4.0404786041723154e-05], [-0.00039122563423183213, 0.007126102076018615, 0.0035511868007205624], [4.04047860417231e-05, 0.0035511868007205624, 0.0021681984361755606]], "chi2_level": 0.95, "chi2_df": 3, "chi2_threshold": 7.814727903251179, "N_raw": 34, "N_roi": 34, "N_inlier": 32, "refit": true}
{"timestamp": "12:24:49.674828", "frame": 45, "mu": [0.9701379474243984, 1.601175135767382, 1.626975154502426], "Sigma": [[0.001582671019587004, -0.0009924342017292706, -0.0018035603258762646], [-0.0009924342017292706, 0.01094720550845724, 0.009208380763779401], [-0.0018035603258762646, 0.009208380763779405, 0.009308013090143933]], "chi2_level": 0.95, "chi2_df": 3, "chi2_threshold": 7.814727903251179, "N_raw": 18, "N_roi": 18, "N_inlier": 15, "refit": true}
{"timestamp": "12:24:49.733306", "frame": 46, "mu": [0.9955498425337717, 1.6204738997041894, 1.5492388555471779], "Sigma": [[0.005730915379590948, -0.002424814612613094, -0.002539733894574751], [-0.002424814612613094, 0.004696614686065136, 0.0003371901349580662], [-0.002539733894574751, 0.0003371901349580662, 0.0017385260530604788]], "chi2_level": 0.95, "chi2_df": 3, "chi2_threshold": 7.814727903251179, "N_raw": 43, "N_roi": 43, "N_inlier": 40, "refit": true}
{"timestamp": "12:24:49.785190", "frame": 47, "mu": [0.9601849453136482, 1.4897886529560902, 0.8840453599353917], "Sigma": [[0.006204587869277727, -0.005346978148601517, 0.028347955979802338], [-0.005346978148601517, 0.018844371519284576, -0.031120254345792228], [0.028347955979802338, -0.031120254345792228, 0.25120147676549043]], "chi2_level": 0.95, "chi2_df": 3, "chi2_threshold": 7.814727903251179, "N_raw": 13, "N_roi": 13, "N_inlier": 12, "refit": true}
{"timestamp": "12:24:49.843918", "frame": 48, "mu": [0.9258610971868259, 1.508921794923503, 0.9754758274569095], "Sigma": [[0.008411710275172995, -0.008593916283241108, 0.028175658638957178], [-0.008593916283241108, 0.019993527394384994, -0.03294372611259241], [0.028175658638957178, -0.03294372611259241, 0.1263537749939275]], "chi2_level": 0.95, "chi2_df": 3, "chi2_threshold": 7.814727903251179, "N_raw": 43, "N_roi": 43, "N_inlier": 41, "refit": true}
{"timestamp": "12:24:49.901312", "frame": 49, "mu": [0.8757411098169603, 1.5503260719928504, 1.2292817946916035], "Sigma": [[0.006091672733819164, 4.45649508289352e-05, -0.0020333674677464565], [4.456495082893509e-05, 0.017844348383320347, 0.011656769115514502], [-0.002033367467746456, 0.011656769115514502, 0.009677693133481522]], "chi2_level": 0.95, "chi2_df": 3, "chi2_threshold": 7.814727903251179, "N_raw": 62, "N_roi": 62, "N_inlier": 58, "refit": true}
{"timestamp": "12:24:49.951367", "frame": 50, "mu": [0.8015609989770991, 1.6743998664872464, 1.3199217952794635], "Sigma": [[0.003063845917879948, 0.0008155158059460902, -0.0008173581658842893], [0.0008155158059460901, 0.005541737675740071, 0.013406993373896633], [-0.0008173581658842886, 0.013406993373896633, 0.047085641669909584]], "chi2_level": 0.95, "chi2_df": 3, "chi2_threshold": 7.814727903251179, "N_raw": 24, "N_roi": 24, "N_inlier": 19, "refit": true}
{"timestamp": "12:24:50.009234", "frame": 51, "mu": [0.6911965635792563, 1.755191812315606, 1.3765595168163727], "Sigma": [[0.006410476476716669, 0.004232519048672672, 0.008377218520284469], [0.0042325190486726715, 0.008874302662810288, 0.00846458994257555], [0.008377218520284469, 0.00846458994257555, 0.015968767027054964]], "chi2_level": 0.95, "chi2_df": 3, "chi2_threshold": 7.814727903251179, "N_raw": 55, "N_roi": 55, "N_inlier": 49, "refit": true}
{"timestamp": "12:24:50.069121", "frame": 52, "mu": [0.7394285725784292, 1.7856079258099755, 0.9951121268131237], "Sigma": [[0.019818405953049855, 0.00015285816985497727, -0.057195894429422765], [0.00015285816985497705, 0.006161990948201564, 0.0031767188769337303], [-0.05719589442942277, 0.0031767188769337303, 0.2748365216521442]], "chi2_level": 0.95, "chi2_df": 3, "chi2_threshold": 7.814727903251179, "N_raw": 83, "N_roi": 83, "N_inlier": 81, "refit": true}
{"timestamp": "12:24:50.122644", "frame": 53, "mu": [0.5959663882127377, 1.7936435946522906, 1.1971933840144986], "Sigma": [[0.008720418397125906, 0.0018198474655549274, -0.0010714674444840628], [0.001819847465554927, 0.004015152435988448, 0.005173555933077485], [-0.0010714674444840637, 0.005173555933077485, 0.04254879479550051]], "chi2_level": 0.95, "chi2_df": 3, "chi2_threshold": 7.814727903251179, "N_raw": 73, "N_roi": 73, "N_inlier": 68, "refit": true}
{"timestamp": "12:24:50.173584", "frame": 54, "mu": [0.5046044579832485, 1.8746635982374176, 1.344762257145771], "Sigma": [[0.0024531943350308543, 0.0010204957463237402, 0.003712539801152533], [0.0010204957463237402, 0.006670960036512018, 0.002821243423585244], [0.003712539801152533, 0.0028212434235852435, 0.026636448682293895]], "chi2_level": 0.95, "chi2_df": 3, "chi2_threshold": 7.814727903251179, "N_raw": 42, "N_roi": 40, "N_inlier": 35, "refit": true}
{"timestamp": "12:24:50.227410", "frame": 55, "mu": [0.528590385839436, 1.9286815935858335, 1.3398354352393647], "Sigma": [[0.027906325414118804, 0.005788576600552284, -0.03472470311382084], [0.005788576600552284, 0.003696218300346498, -0.004242020754083004], [-0.03472470311382084, -0.004242020754083004, 0.07388536737962988]], "chi2_level": 0.95, "chi2_df": 3, "chi2_threshold": 7.814727903251179, "N_raw": 34, "N_roi": 34, "N_inlier": 29, "refit": true}
{"timestamp": "12:24:50.288167", "frame": 56, "mu": [0.4150711213992227, 1.970700189728113, 1.272104291444718], "Sigma": [[0.006923370425989476, -0.0005557529765382893, -0.0051681490198326385], [-0.0005557529765382892, 0.004624748124368273, -0.001354846665620368], [-0.0051681490198326385, -0.001354846665620368, 0.020080020950136224]], "chi2_level": 0.95, "chi2_df": 3, "chi2_threshold": 7.814727903251179, "N_raw": 74, "N_roi": 74, "N_inlier": 66, "refit": true}
{"timestamp": "12:24:50.339115", "frame": 57, "mu": [0.47468638839576044, 2.148445445486721, 1.3276296102060576], "Sigma": [[0.018013314473837676, 0.0015282943690656246, -0.02455985736181164], [0.001528294369065625, 0.002326465980755562, -0.0007498243945222587], [-0.02455985736181164, -0.0007498243945222587, 0.22693316509049402]], "chi2_level": 0.95, "chi2_df": 3, "chi2_threshold": 7.814727903251179, "N_raw": 39, "N_roi": 38, "N_inlier": 34, "refit": true}
{"timestamp": "12:24:50.396245", "frame": 58, "mu": [0.3352200713221921, 2.1646866535260294, 1.362867139724076], "Sigma": [[0.025615880637139224, 0.00549072659446001, -0.03316114794471787], [0.00549072659446001, 0.006583467385802318, -0.006898310855662075], [-0.03316114794471786, -0.006898310855662075, 0.05352158780985561]], "chi2_level": 0.95, "chi2_df": 3, "chi2_threshold": 7.814727903251179, "N_raw": 63, "N_roi": 63, "N_inlier": 60, "refit": true}
{"timestamp": "12:24:50.450649", "frame": 59, "mu": [0.2742297506589089, 2.19153878810541, 1.2995937388380638], "Sigma": [[0.006866429533176518, -0.0021533379414288784, -0.007959549067877712], [-0.0021533379414288784, 0.0030412094358211817, 0.003919626502855659], [-0.007959549067877712, 0.003919626502855659, 0.06316563891470225]], "chi2_level": 0.95, "chi2_df": 3, "chi2_threshold": 7.814727903251179, "N_raw": 57, "N_roi": 54, "N_inlier": 46, "refit": true}
{"timestamp": "12:24:50.507828", "frame": 60, "mu": [0.19656428683931815, 2.2589541659998553, -0.49869631757428573], "Sigma": [[0.006586684834866976, 0.0016060152930789237, 0.004924041583699943], [0.0016060152930789237, 0.009579163705326922, 0.006718384722085932], [0.004924041583699944, 0.006718384722085934, 0.044082796418958486]], "chi2_level": 0.95, "chi2_df": 3, "chi2_threshold": 7.814727903251179, "N_raw": 69, "N_roi": 65, "N_inlier": 59, "refit": true}
{"timestamp": "12:24:50.565821", "frame": 61, "mu": [0.15398038856162571, 2.286438819834787, 1.4830746440726488], "Sigma": [[0.008853856335598086, 0.001038894357254382, -0.005170032176488011], [0.001038894357254382, 0.013961573403865382, 0.016104762203005434], [-0.0051700321764880115, 0.016104762203005434, 0.05474227377718862]], "chi2_level": 0.95, "chi2_df": 3, "chi2_threshold": 7.814727903251179, "N_raw": 89, "N_roi": 86, "N_inlier": 79, "refit": true}
{"timestamp": "12:24:50.619240", "frame": 62, "mu": [0.0775982725651395, 2.287844820391764, 1.3788801132292487], "Sigma": [[0.009307681438415264, 0.0015205256501924227, 6.095282617812631e-06], [0.0015205256501924227, 0.010354810544099107, 0.0035274737380636637], [6.095282617813065e-06, 0.003527473738063664, 0.012534027814804623]], "chi2_level": 0.95, "chi2_df": 3, "chi2_threshold": 7.814727903251179, "N_raw": 83, "N_roi": 80, "N_inlier": 78, "refit": true}
{"timestamp": "12:24:50.676320", "frame": 63, "mu": [0.06753264509941062, 2.4329868581267533, 1.5875488718776702], "Sigma": [[0.010112372971242164, 0.003275562734011495, 0.0013783007414167644], [0.003275562734011495, 0.012808510918530308, 0.010242032142877111], [0.0013783007414167644, 0.010242032142877111, 0.013983472635408648]], "chi2_level": 0.95, "chi2_df": 3, "chi2_threshold": 7.814727903251179, "N_raw": 78, "N_roi": 78, "N_inlier": 74, "refit": true}
{"timestamp": "12:24:50.732893", "frame": 64, "mu": [-0.01157496588121707, 2.411838071094446, 1.2592750001828], "Sigma": [[0.011643380253154976, -0.0030886661055827894, -0.00756925026111764], [-0.00308866610558279, 0.00739318593279231, 0.00836105652628089], [-0.007569250261117641, 0.00836105652628089, 0.1163230705145335]], "chi2_level": 0.95, "chi2_df": 3, "chi2_threshold": 7.814727903251179, "N_raw": 103, "N_roi": 83, "N_inlier": 77, "refit": true}
{"timestamp": "12:24:50.781980", "frame": 65, "mu": [-0.0703173618926427, 2.5203326574494263, 1.5393484642320592], "Sigma": [[0.009900261955725754, 0.00031864518578022714, -0.00850114237460544], [0.00031864518578022714, 0.018506121581242402, 0.025872879223252092], [-0.00850114237460544, 0.025872879223252092, 0.05429308648141505]], "chi2_level": 0.95, "chi2_df": 3, "chi2_threshold": 7.814727903251179, "N_raw": 70, "N_roi": 70, "N_inlier": 68, "refit": true}
{"timestamp": "12:24:50.838619", "frame": 66, "mu": [-0.10963992760049437, 2.5076366696912924, 1.419498947876784], "Sigma": [[0.010124272642118686, -0.0008812747132838899, -0.005146504565249219], [-0.0008812747132838902, 0.017983980543006147, 0.022666807879799043], [-0.0051465045652492195, 0.022666807879799043, 0.033949088145970904]], "chi2_level": 0.95, "chi2_df": 3, "chi2_threshold": 7.814727903251179, "N_raw": 71, "N_roi": 71, "N_inlier": 68, "refit": true}
{"timestamp": "12:24:50.891936", "frame": 67, "mu": [-0.1684969014978156, 2.560651800013913, 0.04725103025993395], "Sigma": [[0.009314094987119803, -7.760533631773191e-05, -0.00838998843792952], [-7.76053363177318e-05, 0.006608778457399736, 0.013340695382540024], [-0.00838998843792952, 0.013340695382540022, 0.04468104961851707]], "chi2_level": 0.95, "chi2_df": 3, "chi2_threshold": 7.814727903251179, "N_raw": 66, "N_roi": 66, "N_inlier": 64, "refit": true}
{"timestamp": "12:24:50.949466", "frame": 68, "mu": [-0.12685192272517543, 2.571191216801005, 1.0406313393146898], "Sigma": [[0.02455990719305473, -0.004301993137878505, -0.07323042520289019], [-0.004301993137878505, 0.014067975663588314, 0.012391664506023843], [-0.07323042520289019, 0.012391664506023843, 0.2805945698947773]], "chi2_level": 0.95, "chi2_df": 3, "chi2_threshold": 7.814727903251179, "N_raw": 90, "N_roi": 90, "N_inlier": 90, "refit": true}
{"timestamp": "12:24:51.004808", "frame": 69, "mu": [-0.2448027306891608, 2.741074609550413, -0.10513641992721476], "Sigma": [[0.04325789704163033, 0.017981171251050525, -0.09552913049973655], [0.017981171251050525, 0.016327140913220087, -0.03985930483817769], [-0.09552913049973655, -0.03985930483817769, 0.25208890378438115]], "chi2_level": 0.95, "chi2_df": 3, "chi2_threshold": 7.814727903251179, "N_raw": 87, "N_roi": 87, "N_inlier": 87, "refit": true}
{"timestamp": "12:24:51.064779", "frame": 70, "mu": [-0.30202394826529694, 2.8463659495541047, -0.11036484884993675], "Sigma": [[0.046428867323820414, 0.02692700397893675, -0.1000333555938901], [0.02692700397893675, 0.024995004886323596, -0.06528113158665994], [-0.10003335559389011, -0.06528113158665994, 0.2867698325020683]], "chi2_level": 0.95, "chi2_df": 3, "chi2_threshold": 7.814727903251179, "N_raw": 114, "N_roi": 114, "N_inlier": 113, "refit": true}
{"timestamp": "12:24:51.113311", "frame": 71, "mu": [-0.5276570945769171, 2.7545918736302273, 1.2649191691890147], "Sigma": [[0.01356217205854471, 0.0048920242946894526, -0.013386923597152666], [0.0048920242946894526, 0.010272536911896018, 0.007602241400668685], [-0.013386923597152666, 0.007602241400668685, 0.29396789287095254]], "chi2_level": 0.95, "chi2_df": 3, "chi2_threshold": 7.814727903251179, "N_raw": 76, "N_roi": 75, "N_inlier": 73, "refit": true}
{"timestamp": "12:24:51.169516", "frame": 72, "mu": [-0.5459739563621281, 2.8392104790785107, 0.2289578169519325], "Sigma": [[0.014409664358756067, 0.003658400309806027, -0.005467570869973849], [0.0036584003098060268, 0.007894674337550344, 0.007669691938908291], [-0.00546757086997385, 0.007669691938908291, 0.021753029965607802]], "chi2_level": 0.95, "chi2_df": 3, "chi2_threshold": 7.814727903251179, "N_raw": 82, "N_roi": 81, "N_inlier": 74, "refit": true}
{"timestamp": "12:24:51.224108", "frame": 73, "mu": [-0.5857935427228786, 2.9012458087241506, 1.0153277241761407], "Sigma": [[0.009545365230681788, 0.0016855841351346506, -0.003689867324799379], [0.0016855841351346508, 0.005987224016044363, 0.019448619312166186], [-0.003689867324799382, 0.019448619312166186, 0.5471186235744979]], "chi2_level": 0.95, "chi2_df": 3, "chi2_threshold": 7.814727903251179, "N_raw": 78, "N_roi": 76, "N_inlier": 75, "refit": true}
{"timestamp": "12:24:51.277874", "frame": 74, "mu": [-0.6629677709184386, 2.9390442493293536, 0.3080457052697778], "Sigma": [[0.012679510722571069, 0.0024384502080608992, -0.0107413441793466], [0.0024384502080608997, 0.007492515171340526, 0.0010182152812935577], [-0.0107413441793466, 0.0010182152812935575, 0.01262986338109188]], "chi2_level": 0.95, "chi2_df": 3, "chi2_threshold": 7.814727903251179, "N_raw": 72, "N_roi": 72, "N_inlier": 66, "refit": true}
{"timestamp": "12:24:51.333361", "frame": 75, "mu": [-0.5686093478533112, 2.9313415143847745, 0.993044293681467], "Sigma": [[0.016756240130550784, -0.0008117119542641366, -0.038801574323600714], [-0.0008117119542641361, 0.009732791103415569, 0.031737204903133906], [-0.038801574323600714, 0.03173720490313391, 0.24692998276458564]], "chi2_level": 0.95, "chi2_df": 3, "chi2_threshold": 7.814727903251179, "N_raw": 78, "N_roi": 78, "N_inlier": 74, "refit": true}
{"timestamp": "12:24:51.386255", "frame": 76, "mu": [-0.5852930698097879, 3.052844573494678, 1.1977413048236296], "Sigma": [[0.020423885637366412, 0.0052544212215425955, -0.015930485634508412], [0.0052544212215425955, 0.012132447366956579, 0.004782957095118773], [-0.015930485634508412, 0.004782957095118773, 0.022197414941259097]], "chi2_level": 0.95, "chi2_df": 3, "chi2_threshold": 7.814727903251179, "N_raw": 68, "N_roi": 68, "N_inlier": 65, "refit": true}
{"timestamp": "12:24:51.443168", "frame": 77, "mu": [-0.7253117725091376, 3.0736650196497086, 1.2994603715881488], "Sigma": [[0.01755717368323447, 0.0061966810488359916, -0.011524077921244848], [0.0061966810488359916, 0.01162916556805942, -0.0031981049218135467], [-0.01152407792124485, -0.0031981049218135467, 0.009892986545629081]], "chi2_level": 0.95, "chi2_df": 3, "chi2_threshold": 7.814727903251179, "N_raw": 82, "N_roi": 81, "N_inlier": 74, "refit": true}
{"timestamp": "12:24:51.501086", "frame": 78, "mu": [-0.8079459988371146, 3.1384442223696434, 1.3177978290683514], "Sigma": [[0.016327317944693102, 0.0051649093319282476, -0.010127529724992354], [0.005164909331928248, 0.013052854906812841, -0.0025567918334243748], [-0.010127529724992354, -0.0025567918334243756, 0.007876398586330734]], "chi2_level": 0.95, "chi2_df": 3, "chi2_threshold": 7.814727903251179, "N_raw": 82, "N_roi": 81, "N_inlier": 79, "refit": true}
{"timestamp": "12:24:51.552165", "frame": 79, "mu": [-0.8402730619277913, 3.1802064216855492, 1.1403819973105929], "Sigma": [[0.01809095403155473, 0.0009728420114855916, -0.02309570573262302], [0.0009728420114855916, 0.014161043145259233, 0.0139864979735153], [-0.02309570573262302, 0.013986497973515298, 0.06774808992167014]], "chi2_level": 0.95, "chi2_df": 3, "chi2_threshold": 7.814727903251179, "N_raw": 70, "N_roi": 70, "N_inlier": 69, "refit": true}
{"timestamp": "12:24:51.602512", "frame": 80, "mu": [-0.952206935268399, 3.1975510728235634, 1.2962675151385867], "Sigma": [[0.013167176610061572, 0.0009138194761828906, -0.013758200759366339], [0.0009138194761828906, 0.004118696410405874, 0.0010593064461737992], [-0.013758200759366339, 0.0010593064461737994, 0.01649875888157304]], "chi2_level": 0.95, "chi2_df": 3, "chi2_threshold": 7.814727903251179, "N_raw": 42, "N_roi": 40, "N_inlier": 38, "refit": true}
{"timestamp": "12:24:51.660148", "frame": 81, "mu": [-0.9867994409111839, 3.32383272545117, 1.442275981620154], "Sigma": [[0.015821720759383425, 0.0029932514289130645, -0.014369536883040747], [0.002993251428913065, 0.006174837914373515, -0.0023339098971189953], [-0.014369536883040747, -0.0023339098971189953, 0.014585643397534265]], "chi2_level": 0.95, "chi2_df": 3, "chi2_threshold": 7.814727903251179, "N_raw": 56, "N_roi": 55, "N_inlier": 51, "refit": true}
{"timestamp": "12:24:51.709777", "frame": 82, "mu": [-1.0943014637310886, 3.3916326641460843, -0.12040845609924013], "Sigma": [[0.002537783565051872, -0.0044739215919018275, 0.011533337067764177], [-0.0044739215919018275, 0.03516654114653166, -0.0765426135028128], [0.011533337067764177, -0.07654261350281279, 0.173592646932918]], "chi2_level": 0.95, "chi2_df": 3, "chi2_threshold": 7.814727903251179, "N_raw": 15, "N_roi": 12, "N_inlier": 11, "refit": true}
{"timestamp": "12:24:51.769164", "frame": 83, "mu": [-1.07789096481108, 3.3412834953876738, 1.3147617818526223], "Sigma": [[0.011147324638128366, 0.0022842905753797447, -0.004366679267552444], [0.002284290575379745, 0.004756952893630192, -0.005094901794632528], [-0.004366679267552444, -0.005094901794632528, 0.015427951500231527]], "chi2_level": 0.95, "chi2_df": 3, "chi2_threshold": 7.814727903251179, "N_raw": 48, "N_roi": 48, "N_inlier": 44, "refit": true}
{"timestamp": "12:24:51.823922", "frame": 84, "mu": [-1.151833621692424, 3.401597651846298, 1.3183170053020141], "Sigma": [[0.01778700368855982, 0.0022557677349107647, -0.019974194377685998], [0.0022557677349107647, 0.005014716543482448, -0.00621634781027616], [-0.019974194377685994, -0.00621634781027616, 0.052123986394430256]], "chi2_level": 0.95, "chi2_df": 3, "chi2_threshold": 7.814727903251179, "N_raw": 54, "N_roi": 54, "N_inlier": 51, "refit": true}
{"timestamp": "12:24:51.879241", "frame": 85, "mu": [-1.2165215856937883, 3.310655806424654, 1.0655626343327445], "Sigma": [[0.016088753421649823, 0.0016387024363896038, -0.014833458299454476], [0.0016387024363896038, 0.004937204196737819, 0.000753663338116899], [-0.014833458299454476, 0.0007536633381168989, 0.016646807574715476]], "chi2_level": 0.95, "chi2_df": 3, "chi2_threshold": 7.814727903251179, "N_raw": 41, "N_roi": 41, "N_inlier": 37, "refit": true}
{"timestamp": "12:24:51.929148", "frame": 86, "mu": [-1.210397272141357, 3.456249873910178, 0.9528963339256752], "Sigma": [[0.01009499313707992, 0.0027696417075420117, -0.005954646644744044], [0.0027696417075420117, 0.0058990804507778735, -0.01052993134188539], [-0.005954646644744045, -0.01052993134188539, 0.07352235240114674]], "chi2_level": 0.95, "chi2_df": 3, "chi2_threshold": 7.814727903251179, "N_raw": 18, "N_roi": 18, "N_inlier": 16, "refit": true}
{"timestamp": "12:24:51.987155", "frame": 87, "mu": [-1.2326108608470132, 3.530570370368799, 0.9573452619460735], "Sigma": [[0.01959319781001582, 0.008305375584029662, -0.04128124111848554], [0.008305375584029662, 0.015818269296936863, -0.017549333029950223], [-0.041281241118485544, -0.017549333029950223, 0.09907152094805889]], "chi2_level": 0.95, "chi2_df": 3, "chi2_threshold": 7.814727903251179, "N_raw": 38, "N_roi": 38, "N_inlier": 38, "refit": true}
{"timestamp": "12:24:52.038539", "frame": 88, "mu": [-1.218280693700354, 3.5962122806840306, 0.8792427723104125], "Sigma": [[0.02151608038462166, 0.008228137082071192, -0.05131100039150245], [0.008228137082071192, 0.007500062640767568, -0.016477075274490726], [-0.05131100039150245, -0.01647707527449073, 0.13489248664123993]], "chi2_level": 0.95, "chi2_df": 3, "chi2_threshold": 7.814727903251179, "N_raw": 11, "N_roi": 11, "N_inlier": 10, "refit": true}
{"timestamp": "12:24:52.096437", "frame": 89, "mu": [-1.4774723578333582, 3.7171662492785136, 0.14759014901101422], "Sigma": [[0.01702321035055243, 0.007872671221038777, -0.016158417896465476], [0.007872671221038777, 0.006586960737322479, -0.008167891731768871], [-0.016158417896465473, -0.008167891731768871, 0.01752036179043018]], "chi2_level": 0.95, "chi2_df": 3, "chi2_threshold": 7.814727903251179, "N_raw": 27, "N_roi": 27, "N_inlier": 26, "refit": true}
{"timestamp": "12:24:52.261055", "frame": 92, "mu": [-1.6061293905133656, 3.75277479959732, 1.141291011037195], "Sigma": [[0.010087984276271273, 0.0035466851279016944, -0.012661064148764077], [0.0035466851279016944, 0.005447635622004675, -0.015414698431548014], [-0.012661064148764077, -0.015414698431548014, 0.07207672511360524]], "chi2_level": 0.95, "chi2_df": 3, "chi2_threshold": 7.814727903251179, "N_raw": 26, "N_roi": 24, "N_inlier": 22, "refit": true}
{"timestamp": "12:24:52.316736", "frame": 93, "mu": [-1.5494074174638992, 3.869749756744861, 0.5959493349781787], "Sigma": [[0.02108780361426364, 0.004030258656083571, -0.04236300716154427], [0.004030258656083571, 0.0030549732715989372, -0.013265234701554328], [-0.04236300716154427, -0.013265234701554328, 0.1908936152970982]], "chi2_level": 0.95, "chi2_df": 3, "chi2_threshold": 7.814727903251179, "N_raw": 27, "N_roi": 26, "N_inlier": 25, "refit": true}
{"timestamp": "12:24:52.368355", "frame": 94, "mu": [-1.713984960053131, 3.95016401413006, 0.9839346864729647], "Sigma": [[0.009899556777275055, -0.0009452260155449863, -0.008085836312682925], [-0.000945226015544986, 0.012371609320002702, -0.03021571979612689], [-0.008085836312682925, -0.03021571979612689, 0.16982783809552368]], "chi2_level": 0.95, "chi2_df": 3, "chi2_threshold": 7.814727903251179, "N_raw": 11, "N_roi": 10, "N_inlier": 10, "refit": true}
{"timestamp": "12:24:52.642985", "frame": 99, "mu": [-1.8312428492734731, 4.12364058116964, 0.9377337661949776], "Sigma": [[0.005406286454459866, -0.0037691884429703216, -0.02045421899082195], [-0.003769188442970321, 0.010084667171347152, 0.030082181674647733], [-0.02045421899082195, 0.03008218167464773, 0.11885443209100403]], "chi2_level": 0.95, "chi2_df": 3, "chi2_threshold": 7.814727903251179, "N_raw": 15, "N_roi": 14, "N_inlier": 13, "refit": true}
{"timestamp": "12:24:52.788909", "frame": 101, "mu": [-2.1280717115402727, 4.213766425452778, 1.257244491463662], "Sigma": [[0.021600574618448505, 0.010081660671289855, -0.012720835494353395], [0.010081660671289856, 0.00690283913102244, -0.007861043828957845], [-0.012720835494353395, -0.007861043828957845, 0.01149009296419696]], "chi2_level": 0.95, "chi2_df": 3, "chi2_threshold": 7.814727903251179, "N_raw": 31, "N_roi": 29, "N_inlier": 28, "refit": true}
{"timestamp": "12:24:52.864725", "frame": 103, "mu": [-2.274553104918052, 4.29433530070974, 0.511081973888134], "Sigma": [[0.012536149495105425, 0.007374731974557881, -0.006351706362704542], [0.007374731974557881, 0.008975148327826607, -0.008443056266829842], [-0.00635170636270454, -0.00844305626682984, 0.009499163462252052]], "chi2_level": 0.95, "chi2_df": 3, "chi2_threshold": 7.814727903251179, "N_raw": 25, "N_roi": 23, "N_inlier": 21, "refit": true}
{"timestamp": "12:24:52.973518", "frame": 105, "mu": [-2.3821935097444142, 4.310489778366715, 0.9911989640080319], "Sigma": [[0.011718401672340381, 0.010563865330314412, -0.024615754209628027], [0.010563865330314412, 0.012808682943984082, -0.022846379251937724], [-0.024615754209628027, -0.022846379251937724, 0.0563714033602836]], "chi2_level": 0.95, "chi2_df": 3, "chi2_threshold": 7.814727903251179, "N_raw": 17, "N_roi": 13, "N_inlier": 10, "refit": true}
