{"timestamp": "12:03:49.474653", "frame": 12, "mu": [1.8593349403128596, 0.6381530786082568, -0.5954195822692543], "Sigma": [[0.0027551178079303585, -0.0007842454296000583, -0.0015632379346668464], [-0.0007842454296000583, 0.002417094896533103, -8.240115074011295e-05], [-0.0015632379346668464, -8.24011507401129e-05, 0.0014526252414474561]], "chi2_level": 0.95, "chi2_df": 3, "chi2_threshold": 7.814727903251179, "N_raw": 9, "N_roi": 9, "N_inlier": 8, "refit": true}
{"timestamp": "12:03:49.529161", "frame": 13, "mu": [1.7683367872832647, 0.49748185661363986, 1.348530431488221], "Sigma": [[0.0031283896775575774, -0.0025768526736528194, -0.0036082085662895], [-0.0025768526736528194, 0.0034597568952322113, 0.002376717583029758], [-0.0036082085662895, 0.002376717583029758, 0.004679988258259909]], "chi2_level": 0.95, "chi2_df": 3, "chi2_threshold": 7.814727903251179, "N_raw": 8, "N_roi": 8, "N_inlier": 7, "refit": true}
{"timestamp": "12:03:49.750252", "frame": 17, "mu": [1.6192922557884648, 0.5555884533300826, 1.2666812784500254], "Sigma": [[0.0023752732064354688, -0.0023552434196266675, -0.0002529594530746404], [-0.0023552434196266675, 0.008596739741910634, -0.001236068871868878], [-0.0002529594530746405, -0.001236068871868878, 0.0011805780684681683]], "chi2_level": 0.95, "chi2_df": 3, "chi2_threshold": 7.814727903251179, "N_raw": 18, "N_roi": 18, "N_inlier": 16, "refit": true}
{"timestamp": "12:03:49.920816", "frame": 20, "mu": [1.4834439437670732, 0.579123645562421, 1.1304753534279743], "Sigma": [[0.0032996983085833735, 0.000714615766387755, -0.0015826373231467613], [0.0007146157663877547, 0.037419983732163015, -0.03968850157369304], [-0.001582637323146761, -0.03968850157369304, 0.06307876953416319]], "chi2_level": 0.95, "chi2_df": 3, "chi2_threshold": 7.814727903251179, "N_raw": 43, "N_roi": 43, "N_inlier": 41, "refit": true}
{"timestamp": "12:03:49.973500", "frame": 21, "mu": [1.3660511697985531, 0.782377168931804, -0.8406085930509175], "Sigma": [[0.002906567980257162, 0.012364739372560895, -0.003663669976140337], [0.012364739372560897, 0.08224420268054847, -0.022417814627241198], [-0.003663669976140337, -0.022417814627241198, 0.0077032979405293805]], "chi2_level": 0.95, "chi2_df": 3, "chi2_threshold": 7.814727903251179, "N_raw": 15, "N_roi": 15, "N_inlier": 14, "refit": true}
{"timestamp": "12:03:50.083600", "frame": 23, "mu": [1.294647886321223, 0.5233963726671699, 1.2755341110876564], "Sigma": [[0.003520837254830709, -0.0038554519128539385, -0.0036221809517500434], [-0.0038554519128539385, 0.005664606478241904, 0.005329202769963688], [-0.003622180951750043, 0.005329202769963688, 0.008440231791875955]], "chi2_level": 0.95, "chi2_df": 3, "chi2_threshold": 7.814727903251179, "N_raw": 21, "N_roi": 21, "N_inlier": 20, "refit": true}
{"timestamp": "12:03:50.137863", "frame": 24, "mu": [1.256176784412297, 0.460197288201158, 1.1480537836868798], "Sigma": [[0.005729549138622416, 0.0004172433547220166, 0.00029806259815935043], [0.0004172433547220165, 0.0018904575034681711, -0.001606825780698122], [0.0002980625981593505, -0.001606825780698122, 0.002592838095497468]], "chi2_level": 0.95, "chi2_df": 3, "chi2_threshold": 7.814727903251179, "N_raw": 10, "N_roi": 10, "N_inlier": 9, "refit": true}
{"timestamp": "12:03:50.192662", "frame": 25, "mu": [1.160282959351239, 0.6563004789402915, 1.2902080617244724], "Sigma": [[0.0012257684809685089, 0.0010239025124336486, 0.0051017760023473625], [0.0010239025124336486, 0.006407547030445061, -0.0009052034239189093], [0.0051017760023473625, -0.0009052034239189085, 0.048774946451067724]], "chi2_level": 0.95, "chi2_df": 3, "chi2_threshold": 7.814727903251179, "N_raw": 9, "N_roi": 9, "N_inlier": 8, "refit": true}
{"timestamp": "12:03:50.247677", "frame": 26, "mu": [1.1875999570474995, 0.5369558228119511, 1.2117878109918325], "Sigma": [[0.00710062788251064, -0.007927085370261952, 0.012342728591873941], [-0.00792708537026195, 0.010436291311828801, -0.013126901735244816], [0.012342728591873941, -0.013126901735244816, 0.04652495359019625]], "chi2_level": 0.95, "chi2_df": 3, "chi2_threshold": 7.814727903251179, "N_raw": 15, "N_roi": 15, "N_inlier": 14, "refit": true}
{"timestamp": "12:03:50.303753", "frame": 27, "mu": [1.0585916411809495, 0.751849432421778, 1.4223261684100148], "Sigma": [[0.0029455710645047055, -0.0009018739553962037, -0.0019016343184038124], [-0.0009018739553962037, 0.0013890170014537876, -0.0005343199728303806], [-0.0019016343184038124, -0.0005343199728303805, 0.022536050065707934]], "chi2_level": 0.95, "chi2_df": 3, "chi2_threshold": 7.814727903251179, "N_raw": 18, "N_roi": 18, "N_inlier": 15, "refit": true}
{"timestamp": "12:03:50.357907", "frame": 28, "mu": [0.990361755083689, 0.7964854811678911, 1.5157579367033274], "Sigma": [[0.003866969259031311, -0.0008569855340200513, -0.0021601469454399515], [-0.0008569855340200513, 0.001008979896995826, -3.470129683629512e-05], [-0.0021601469454399515, -3.470129683629512e-05, 0.0034076219095307233]], "chi2_level": 0.95, "chi2_df": 3, "chi2_threshold": 7.814727903251179, "N_raw": 14, "N_roi": 14, "N_inlier": 13, "refit": true}
{"timestamp": "12:03:50.414466", "frame": 29, "mu": [0.915518995191288, 0.7693303173460981, 1.4291756033165486], "Sigma": [[0.00401598956145396, -0.0013078678345360647, -0.002827552059888587], [-0.0013078678345360647, 0.0020706620801542105, -0.00017347921440336505], [-0.002827552059888587, -0.00017347921440336505, 0.0031366217208150505]], "chi2_level": 0.95, "chi2_df": 3, "chi2_threshold": 7.814727903251179, "N_raw": 31, "N_roi": 31, "N_inlier": 30, "refit": true}
{"timestamp": "12:03:50.471862", "frame": 30, "mu": [0.825885804063834, 0.7858681089882662, 1.454356627287151], "Sigma": [[0.005104152424319838, -0.0015939379657341581, -0.004118847747397184], [-0.0015939379657341581, 0.0023930809122514364, 0.00027161154592544287], [-0.004118847747397184, 0.00027161154592544287, 0.00465593290300485]], "chi2_level": 0.95, "chi2_df": 3, "chi2_threshold": 7.814727903251179, "N_raw": 40, "N_roi": 40, "N_inlier": 36, "refit": true}
{"timestamp": "12:03:50.532286", "frame": 31, "mu": [0.8494272160552766, 0.6793603246459492, 1.2398418884093045], "Sigma": [[0.012055783796583544, -0.014663179096441213, -0.03159051367978884], [-0.014663179096441213, 0.026231237635221505, 0.04803414845113612], [-0.03159051367978884, 0.04803414845113612, 0.11329814879698874]], "chi2_level": 0.95, "chi2_df": 3, "chi2_threshold": 7.814727903251179, "N_raw": 73, "N_roi": 73, "N_inlier": 72, "refit": true}
{"timestamp": "12:03:50.581299", "frame": 32, "mu": [0.7031617747527182, 0.7539252689767207, 1.5044672779029833], "Sigma": [[0.0035643547054466035, -0.00042622750046764746, -0.0022859302716943886], [-0.00042622750046764757, 0.0016046824160869293, -0.0005652104853793225], [-0.0022859302716943886, -0.0005652104853793225, 0.002186969464836404]], "chi2_level": 0.95, "chi2_df": 3, "chi2_threshold": 7.814727903251179, "N_raw": 36, "N_roi": 36, "N_inlier": 34, "refit": true}
{"timestamp": "12:03:50.637119", "frame": 33, "mu": [0.6560293064211024, 0.7533815676934524, 1.4507474220097902], "Sigma": [[0.0017469096758212048, -0.00021929043461705163, -0.0008666520454554066], [-0.00021929043461705168, 0.0010275520332813598, -0.001514706606706607], [-0.0008666520454554066, -0.001514706606706607, 0.003922293115457762]], "chi2_level": 0.95, "chi2_df": 3, "chi2_threshold": 7.814727903251179, "N_raw": 41, "N_roi": 41, "N_inlier": 34, "refit": true}
{"timestamp": "12:03:50.692834", "frame": 34, "mu": [0.6122517869712947, 0.7443723164178602, 1.4489718035656916], "Sigma": [[0.0020980467792548457, 5.179452073493267e-05, -0.0011404856365060548], [5.179452073493259e-05, 0.002241860212605898, -0.002532688715893095], [-0.0011404856365060548, -0.002532688715893095, 0.0039234993291321916]], "chi2_level": 0.95, "chi2_df": 3, "chi2_threshold": 7.814727903251179, "N_raw": 50, "N_roi": 50, "N_inlier": 48, "refit": true}
{"timestamp": "12:03:50.746905", "frame": 35, "mu": [0.5681282674257853, 0.7292745020469128, 1.4619055216440988], "Sigma": [[0.002608482468801568, -0.00045673005135269583, -0.0016720179789812676], [-0.00045673005135269583, 0.0014993951151282222, -0.0011810855889420999], [-0.0016720179789812676, -0.0011810855889420999, 0.0032480088047148973]], "chi2_level": 0.95, "chi2_df": 3, "chi2_threshold": 7.814727903251179, "N_raw": 40, "N_roi": 40, "N_inlier": 36, "refit": true}
{"timestamp": "12:03:50.811553", "frame": 36, "mu": [0.516166843337368, 0.741991302091566, 1.3303237055780026], "Sigma": [[0.004002170611730566, -0.004425237302073583, -0.010243195229448998], [-0.004425237302073583, 0.011501676707474963, 0.015360519899471993], [-0.010243195229448998, 0.015360519899471991, 0.06385235143970712]], "chi2_level": 0.95, "chi2_df": 3, "chi2_threshold": 7.814727903251179, "N_raw": 99, "N_roi": 97, "N_inlier": 92, "refit": true}
{"timestamp": "12:03:50.858059", "frame": 37, "mu": [0.3913978508325147, 0.7555677589673762, 1.4658117768227354], "Sigma": [[0.0018417836923483662, -0.0018312904893251062, -0.0028857893175604213], [-0.0018312904893251067, 0.004274003513230286, 0.002109441861216248], [-0.0028857893175604213, 0.002109441861216248, 0.012256742465231047]], "chi2_level": 0.95, "chi2_df": 3, "chi2_threshold": 7.814727903251179, "N_raw": 39, "N_roi": 39, "N_inlier": 33, "refit": true}
{"timestamp": "12:03:50.916922", "frame": 38, "mu": [0.41909927663048235, 0.7075396540527473, 1.3927743532186956], "Sigma": [[0.004044410667925119, -0.001345873397839024, -0.0032884731539044904], [-0.001345873397839024, 0.001987166608763924, 0.0015414459794823021], [-0.0032884731539044904, 0.0015414459794823021, 0.01591291950635086]], "chi2_level": 0.95, "chi2_df": 3, "chi2_threshold": 7.814727903251179, "N_raw": 77, "N_roi": 77, "N_inlier": 75, "refit": true}
{"timestamp": "12:03:50.971014", "frame": 39, "mu": [0.38817125184452217, 0.8209510921265516, -0.377223977541681], "Sigma": [[0.0052364949998199494, 0.00023072716232182874, -0.0050196184298195974], [0.00023072716232182882, 0.002040257736815862, -0.0019010876230077505], [-0.005019618429819598, -0.0019010876230077505, 0.007735007051096942]], "chi2_level": 0.95, "chi2_df": 3, "chi2_threshold": 7.814727903251179, "N_raw": 72, "N_roi": 72, "N_inlier": 69, "refit": true}
{"timestamp": "12:03:51.028085", "frame": 40, "mu": [0.29869713307002727, 0.7250128387209647, 1.5097528585826512], "Sigma": [[0.0034568371400146352, -0.0006748019790124883, -0.0013175483912824795], [-0.0006748019790124883, 0.003236483713172288, -0.0015008490173363217], [-0.0013175483912824795, -0.0015008490173363217, 0.0016502778246556826]], "chi2_level": 0.95, "chi2_df": 3, "chi2_threshold": 7.814727903251179, "N_raw": 79, "N_roi": 79, "N_inlier": 77, "refit": true}
{"timestamp": "12:03:51.080068", "frame": 41, "mu": [0.24585949914997987, 0.7121450854928097, 1.520481109504355], "Sigma": [[0.002429929234552851, -0.0006839608013611306, -0.0015100191121186456], [-0.0006839608013611306, 0.0025551498397740416, -8.051414015231234e-05], [-0.0015100191121186458, -8.051414015231234e-05, 0.004091693517192764]], "chi2_level": 0.95, "chi2_df": 3, "chi2_threshold": 7.814727903251179, "N_raw": 61, "N_roi": 60, "N_inlier": 57, "refit": true}
{"timestamp": "12:03:51.131713", "frame": 42, "mu": [0.1972689681298405, 0.7351930517872298, 1.5339242932608026], "Sigma": [[0.0010754012015993018, -0.0006628226775605042, -0.00034604338190043985], [-0.0006628226775605042, 0.0031963942024649562, -0.0005518593063800742], [-0.00034604338190043985, -0.0005518593063800742, 0.00043970481333876734]], "chi2_level": 0.95, "chi2_df": 3, "chi2_threshold": 7.814727903251179, "N_raw": 42, "N_roi": 42, "N_inlier": 39, "refit": true}
{"timestamp": "12:03:51.186149", "frame": 43, "mu": [0.19968508317420702, 0.6663988787994931, 1.4314083768464425], "Sigma": [[0.002769734802447671, -0.0005304843604847209, -0.006671951001185009], [-0.0005304843604847208, 0.0017149495822794826, 0.0006140885620208575], [-0.00667195100118501, 0.0006140885620208572, 0.017600917632052304]], "chi2_level": 0.95, "chi2_df": 3, "chi2_threshold": 7.814727903251179, "N_raw": 37, "N_roi": 37, "N_inlier": 35, "refit": true}
{"timestamp": "12:03:51.240186", "frame": 44, "mu": [0.08613163069279678, 0.7075844505092782, 1.3831625521116555], "Sigma": [[0.0016608711256749025, 7.56787164479717e-05, -0.010002274829235606], [7.567871644797167e-05, 0.0005712123323901953, -0.0037915808947394996], [-0.010002274829235606, -0.003791580894739499, 0.16566873050921407]], "chi2_level": 0.95, "chi2_df": 3, "chi2_threshold": 7.814727903251179, "N_raw": 30, "N_roi": 30, "N_inlier": 28, "refit": true}
{"timestamp": "12:03:51.301316", "frame": 45, "mu": [0.047691547373968086, 0.7466121598950175, 1.468162808344608], "Sigma": [[0.00173977326254487, -0.0002554046148845657, -0.0017019401850839268], [-0.0002554046148845657, 0.00242162207747885, -0.0016213838267485352], [-0.0017019401850839268, -0.0016213838267485354, 0.0054879750547189975]], "chi2_level": 0.95, "chi2_df": 3, "chi2_threshold": 7.814727903251179, "N_raw": 72, "N_roi": 72, "N_inlier": 64, "refit": true}
{"timestamp": "12:03:51.353534", "frame": 46, "mu": [-0.024566953838726698, 0.7066047125506761, 1.4284861813520482], "Sigma": [[0.0013967081608214271, -8.333999540566623e-05, 0.00026709288386047485], [-8.333999540566613e-05, 0.004059267273455128, 0.004367235104138051], [0.00026709288386047474, 0.004367235104138051, 0.018051184594041918]], "chi2_level": 0.95, "chi2_df": 3, "chi2_threshold": 7.814727903251179, "N_raw": 46, "N_roi": 46, "N_inlier": 40, "refit": true}
{"timestamp": "12:03:51.412774", "frame": 47, "mu": [-0.09567283832212709, 0.7318620336674402, 1.4501668928764815], "Sigma": [[0.0025381974032004247, -0.0008824040428120889, -0.002167991339090334], [-0.000882404042812089, 0.0018306790977013596, -0.0010771292034764486], [-0.002167991339090334, -0.0010771292034764484, 0.006888360234074131]], "chi2_level": 0.95, "chi2_df": 3, "chi2_threshold": 7.814727903251179, "N_raw": 80, "N_roi": 80, "N_inlier": 75, "refit": true}
{"timestamp": "12:03:51.468078", "frame": 48, "mu": [-0.14802744085595881, 0.7762473934155248, 1.4755065014263664], "Sigma": [[0.0028886309679400186, -0.00017126735198621297, -0.0029488012949692435], [-0.00017126735198621295, 0.002575543511436158, -0.0026977653778713713], [-0.0029488012949692435, -0.0026977653778713713, 0.007014382241431232]], "chi2_level": 0.95, "chi2_df": 3, "chi2_threshold": 7.814727903251179, "N_raw": 85, "N_roi": 85, "N_inlier": 82, "refit": true}
{"timestamp": "12:03:51.519898", "frame": 49, "mu": [-0.2440597322157996, 0.7413092270488144, 1.5124546655819626], "Sigma": [[0.002759876376250535, -0.0010045835495410857, -0.001584609148494886], [-0.0010045835495410857, 0.0020564946279227007, -0.0008644538747769036], [-0.001584609148494886, -0.0008644538747769035, 0.002474158012788406]], "chi2_level": 0.95, "chi2_df": 3, "chi2_threshold": 7.814727903251179, "N_raw": 59, "N_roi": 59, "N_inlier": 56, "refit": true}
{"timestamp": "12:03:51.581054", "frame": 50, "mu": [-0.30445802054806803, 0.7618573274529771, 1.5155832158925395], "Sigma": [[0.004129495958351061, -0.0010090416429703437, -0.0008294583905284812], [-0.0010090416429703437, 0.00420140052017645, -0.002906935865251383], [-0.0008294583905284812, -0.002906935865251383, 0.0028849761698189454]], "chi2_level": 0.95, "chi2_df": 3, "chi2_threshold": 7.814727903251179, "N_raw": 102, "N_roi": 102, "N_inlier": 101, "refit": true}
{"timestamp": "12:03:51.640266", "frame": 51, "mu": [-0.2970634831468075, 0.750813147153889, 1.4296406491431657], "Sigma": [[0.006018016429136466, -0.003168267963318018, -0.00832558398038963], [-0.003168267963318018, 0.0041831819692596936, 0.0012501619692663081], [-0.00832558398038963, 0.0012501619692663081, 0.017923844021255395]], "chi2_level": 0.95, "chi2_df": 3, "chi2_threshold": 7.814727903251179, "N_raw": 125, "N_roi": 123, "N_inlier": 120, "refit": true}
{"timestamp": "12:03:51.685830", "frame": 52, "mu": [-0.30289107608217464, 0.6912874902076153, 1.3006470565947315], "Sigma": [[0.002492519637311428, -0.002671870407901348, -0.0011922090284151622], [-0.0026718704079013483, 0.005244216077846915, -0.0004282884615628968], [-0.0011922090284151622, -0.00042828846156289677, 0.002209979190618153]], "chi2_level": 0.95, "chi2_df": 3, "chi2_threshold": 7.814727903251179, "N_raw": 59, "N_roi": 57, "N_inlier": 54, "refit": true}
{"timestamp": "12:03:51.750869", "frame": 53, "mu": [-0.43354102400839456, 0.832104333916282, -0.3410120803653366], "Sigma": [[0.008718064855480925, -0.0027725480748233, -0.00952854864885201], [-0.0027725480748233004, 0.004706629579121809, -0.00011333038888208474], [-0.00952854864885201, -0.00011333038888208458, 0.014964663675855184]], "chi2_level": 0.95, "chi2_df": 3, "chi2_threshold": 7.814727903251179, "N_raw": 139, "N_roi": 139, "N_inlier": 124, "refit": true}
{"timestamp": "12:03:51.803901", "frame": 54, "mu": [-0.534051389728775, 0.6590279998809956, 1.4980127425725354], "Sigma": [[0.033899787495364334, 7.805790321215695e-05, -0.036171628714765355], [7.805790321215722e-05, 0.004762286401429419, -0.0020688129855859906], [-0.036171628714765355, -0.0020688129855859906, 0.0425468335139251]], "chi2_level": 0.95, "chi2_df": 3, "chi2_threshold": 7.814727903251179, "N_raw": 114, "N_roi": 114, "N_inlier": 109, "refit": true}
{"timestamp": "12:03:51.856838", "frame": 55, "mu": [-0.6951537801375669, 0.6201973128871999, 1.594125826786171], "Sigma": [[0.04067175964555867, -0.0024760969812419025, -0.03627755822907685], [-0.0024760969812419025, 0.004540372435625026, 0.0009541442698321653], [-0.03627755822907685, 0.0009541442698321657, 0.03598471048235985]], "chi2_level": 0.95, "chi2_df": 3, "chi2_threshold": 7.814727903251179, "N_raw": 107, "N_roi": 107, "N_inlier": 105, "refit": true}
{"timestamp": "12:03:51.908754", "frame": 56, "mu": [-0.8227746490971477, 0.6147590463624227, 1.6896105138676643], "Sigma": [[0.0116261814778906, 0.004029992041658926, -0.005852305591498321], [0.004029992041658926, 0.004764506900996874, -0.004397972682771532], [-0.005852305591498321, -0.004397972682771531, 0.005034991848478424]], "chi2_level": 0.95, "chi2_df": 3, "chi2_threshold": 7.814727903251179, "N_raw": 81, "N_roi": 79, "N_inlier": 75, "refit": true}
{"timestamp": "12:03:51.961750", "frame": 57, "mu": [-0.8516305948581093, 0.589067597395969, 1.6049732973423785], "Sigma": [[0.024130685927946788, 0.004842686825178511, -0.009323088093838213], [0.004842686825178511, 0.0035752904390394117, -0.004829800168248319], [-0.009323088093838215, -0.00482980016824832, 0.011455006265591811]], "chi2_level": 0.95, "chi2_df": 3, "chi2_threshold": 7.814727903251179, "N_raw": 73, "N_roi": 71, "N_inlier": 69, "refit": true}
{"timestamp": "12:03:52.016220", "frame": 58, "mu": [-0.8776656871789537, 0.6071708465402472, 1.5860074286106527], "Sigma": [[0.01911891458471773, 0.0022585311319172838, -0.01203632735406859], [0.0022585311319172838, 0.004288610424238158, -0.004329848834919577], [-0.01203632735406859, -0.004329848834919577, 0.011765198099590778]], "chi2_level": 0.95, "chi2_df": 3, "chi2_threshold": 7.814727903251179, "N_raw": 69, "N_roi": 68, "N_inlier": 65, "refit": true}
{"timestamp": "12:03:52.065761", "frame": 59, "mu": [-0.8490243785355998, 0.585191920824086, 1.462020018719814], "Sigma": [[0.014244097585616693, 0.0016030998943451892, -0.026301081286684645], [0.0016030998943451895, 0.0012336716259225154, -0.006105005246013448], [-0.02630108128668465, -0.006105005246013448, 0.0635545852062301]], "chi2_level": 0.95, "chi2_df": 3, "chi2_threshold": 7.814727903251179, "N_raw": 25, "N_roi": 25, "N_inlier": 22, "refit": true}
{"timestamp": "12:03:52.126269", "frame": 60, "mu": [-0.9808958730658929, 0.5872923857433975, 1.6115461310785337], "Sigma": [[0.007629423537715384, 0.0011185200603475469, -0.0017426460489025413], [0.0011185200603475466, 0.006757685269020367, -0.0057319249159619445], [-0.0017426460489025416, -0.0057319249159619445, 0.005576773790510915]], "chi2_level": 0.95, "chi2_df": 3, "chi2_threshold": 7.814727903251179, "N_raw": 80, "N_roi": 80, "N_inlier": 75, "refit": true}
{"timestamp": "12:03:52.183120", "frame": 61, "mu": [-1.0110797740083457, 0.5586377666710284, 1.5791100127958568], "Sigma": [[0.009957232941363482, 4.8030521443751716e-05, -0.0030093947435072778], [4.8030521443751885e-05, 0.005893420016396191, -0.003312729675895595], [-0.003009394743507278, -0.003312729675895595, 0.006228922333112745]], "chi2_level": 0.95, "chi2_df": 3, "chi2_threshold": 7.814727903251179, "N_raw": 79, "N_roi": 79, "N_inlier": 74, "refit": true}
{"timestamp": "12:03:52.233640", "frame": 62, "mu": [-1.0305153038311101, 0.5526434490283446, 1.5453041892232393], "Sigma": [[0.0070238867867682435, -0.002931782343875289, -0.0022564397405591416], [-0.002931782343875289, 0.006010313994054547, 0.0002743811595818054], [-0.0022564397405591416, 0.0002743811595818054, 0.0025170196804507015]], "chi2_level": 0.95, "chi2_df": 3, "chi2_threshold": 7.814727903251179, "N_raw": 53, "N_roi": 53, "N_inlier": 49, "refit": true}
{"timestamp": "12:03:52.291738", "frame": 63, "mu": [-1.0562236557732867, 0.47738136080144744, 1.472711351296745], "Sigma": [[0.009771255610591393, 0.002633893637610789, -0.0018023638190230629], [0.002633893637610788, 0.007988117722868657, -0.004027262126185047], [-0.0018023638190230629, -0.004027262126185047, 0.002847496724603666]], "chi2_level": 0.95, "chi2_df": 3, "chi2_threshold": 7.814727903251179, "N_raw": 79, "N_roi": 79, "N_inlier": 76, "refit": true}
{"timestamp": "12:03:52.348389", "frame": 64, "mu": [-1.0965820048191208, 0.48704807304310677, 1.4572907281835548], "Sigma": [[0.010445815132606463, 0.0009318984433187379, -0.0029952840974967537], [0.0009318984433187383, 0.011353111287064448, -0.004543507944139631], [-0.0029952840974967537, -0.004543507944139631, 0.002886986186049009]], "chi2_level": 0.95, "chi2_df": 3, "chi2_threshold": 7.814727903251179, "N_raw": 88, "N_roi": 88, "N_inlier": 85, "refit": true}
{"timestamp": "12:03:52.405656", "frame": 65, "mu": [-1.114070061325619, 0.5592108040777743, 1.2977211070712185], "Sigma": [[0.01357526884285522, 0.01294019827587985, -0.02003945437937903], [0.01294019827587985, 0.05349214824403285, -0.06984332964574058], [-0.02003945437937903, -0.06984332964574058, 0.09851190046543623]], "chi2_level": 0.95, "chi2_df": 3, "chi2_threshold": 7.814727903251179, "N_raw": 102, "N_roi": 102, "N_inlier": 100, "refit": true}
{"timestamp": "12:03:52.457885", "frame": 66, "mu": [-1.189671669265193, 0.6116531485523949, -0.37004486636227724], "Sigma": [[0.00893240170000545, -0.003222240523624819, -0.006561050019918099], [-0.003222240523624819, 0.01694382507067404, 0.0031739533646651386], [-0.006561050019918099, 0.0031739533646651386, 0.00634690920075763]], "chi2_level": 0.95, "chi2_df": 3, "chi2_threshold": 7.814727903251179, "N_raw": 70, "N_roi": 70, "N_inlier": 68, "refit": true}
{"timestamp": "12:03:52.512857", "frame": 67, "mu": [-1.2202837633980725, 0.5926127148445184, 1.4082967802457074], "Sigma": [[0.0066928684823782504, -0.00011953165013071573, -0.007488890346672249], [-0.00011953165013071562, 0.00818050207549416, -0.006174810115252657], [-0.00748889034667225, -0.0061748101152526574, 0.04175597074337908]], "chi2_level": 0.95, "chi2_df": 3, "chi2_threshold": 7.814727903251179, "N_raw": 79, "N_roi": 79, "N_inlier": 79, "refit": true}
{"timestamp": "12:03:52.568482", "frame": 68, "mu": [-1.2506277932711822, 0.5139749887434397, 1.4533116330105285], "Sigma": [[0.009552446203060007, -0.0035290361696206102, -0.00626555769224488], [-0.0035290361696206102, 0.014974703932359208, -0.002897151793364707], [-0.00626555769224488, -0.002897151793364707, 0.008135034186701664]], "chi2_level": 0.95, "chi2_df": 3, "chi2_threshold": 7.814727903251179, "N_raw": 74, "N_roi": 74, "N_inlier": 69, "refit": true}
{"timestamp": "12:03:52.620533", "frame": 69, "mu": [-1.311500991051728, 0.5193488366051588, 1.429982997813603], "Sigma": [[0.00813565774956873, -0.0023790888463121516, -0.0032137106179387707], [-0.0023790888463121516, 0.012705840957955348, -0.0034858668352494415], [-0.0032137106179387707, -0.0034858668352494415, 0.005055146145426004]], "chi2_level": 0.95, "chi2_df": 3, "chi2_threshold": 7.814727903251179, "N_raw": 64, "N_roi": 64, "N_inlier": 61, "refit": true}
{"timestamp": "12:03:52.677887", "frame": 70, "mu": [-1.3284380728324954, 0.6334957358717737, 1.2374355947576021], "Sigma": [[0.014737736939213203, 0.006313243404866294, -0.03341798319340193], [0.006313243404866295, 0.023456639668676844, -0.04369375900330888], [-0.03341798319340193, -0.04369375900330888, 0.14177763923052572]], "chi2_level": 0.95, "chi2_df": 3, "chi2_threshold": 7.814727903251179, "N_raw": 87, "N_roi": 87, "N_inlier": 87, "refit": true}
{"timestamp": "12:03:52.731118", "frame": 71, "mu": [-1.4077291417515039, 0.5480585395992583, 1.4035691358419864], "Sigma": [[0.009321268533638032, -0.0035624971001577983, -0.004915406745426367], [-0.0035624971001577983, 0.014695554178568099, -0.0013421885303214445], [-0.004915406745426367, -0.0013421885303214445, 0.004571226589861616]], "chi2_level": 0.95, "chi2_df": 3, "chi2_threshold": 7.814727903251179, "N_raw": 63, "N_roi": 63, "N_inlier": 59, "refit": true}
{"timestamp": "12:03:52.786664", "frame": 72, "mu": [-1.449030913929352, 0.5627146207061675, 1.3317347667260537], "Sigma": [[0.009799830613648905, -0.0034846091552564362, -0.0025092530987124743], [-0.0034846091552564362, 0.020953460605997686, 0.011012856848876923], [-0.0025092530987124747, 0.011012856848876925, 0.030036366447233967]], "chi2_level": 0.95, "chi2_df": 3, "chi2_threshold": 7.814727903251179, "N_raw": 72, "N_roi": 72, "N_inlier": 68, "refit": true}
{"timestamp": "12:03:52.840267", "frame": 73, "mu": [-1.4792898240007866, 0.5706379964029924, 1.3807957023921469], "Sigma": [[0.00844804070362736, -0.0008117423411257305, -0.0026369372814409016], [-0.0008117423411257306, 0.012102891565679603, -0.004581581646333221], [-0.0026369372814409016, -0.004581581646333221, 0.003287958473972792]], "chi2_level": 0.95, "chi2_df": 3, "chi2_threshold": 7.814727903251179, "N_raw": 64, "N_roi": 64, "N_inlier": 55, "refit": true}
{"timestamp": "12:03:52.895712", "frame": 74, "mu": [-1.5059392861723806, 0.5459509603907216, 1.2261119631477742], "Sigma": [[0.008632375734412662, -0.0029871161769059133, -0.0007094282640742671], [-0.0029871161769059133, 0.01409975983240422, -0.003582104481371166], [-0.000709428264074267, -0.003582104481371166, 0.008829488829785372]], "chi2_level": 0.95, "chi2_df": 3, "chi2_threshold": 7.814727903251179, "N_raw": 65, "N_roi": 65, "N_inlier": 60, "refit": true}
{"timestamp": "12:03:52.951166", "frame": 75, "mu": [-1.5521813034047034, 0.5737401982174398, 1.2700850416203402], "Sigma": [[0.009746504030530184, 0.0005022654515160125, 0.007095547222005406], [0.0005022654515160125, 0.016364377606327328, -0.0005684472304695373], [0.007095547222005406, -0.000568447230469537, 0.03557697844751771]], "chi2_level": 0.95, "chi2_df": 3, "chi2_threshold": 7.814727903251179, "N_raw": 73, "N_roi": 73, "N_inlier": 67, "refit": true}
{"timestamp": "12:03:53.004758", "frame": 76, "mu": [-1.5780489452784103, 0.5667052528626262, 1.2986042594239864], "Sigma": [[0.008896829033346742, 0.0008242214750296808, -0.0016525468873924767], [0.0008242214750296807, 0.010099600820642245, -0.004790521853420918], [-0.0016525468873924767, -0.004790521853420918, 0.0048068745069225075]], "chi2_level": 0.95, "chi2_df": 3, "chi2_threshold": 7.814727903251179, "N_raw": 57, "N_roi": 57, "N_inlier": 55, "refit": true}
{"timestamp": "12:03:53.059928", "frame": 77, "mu": [-1.5955087921379698, 0.5593685890996629, 1.2680629019945768], "Sigma": [[0.009406384371787943, 0.004599552207989944, 0.0013465349400609106], [0.004599552207989944, 0.01087929502051407, -0.004603989942024909], [0.0013465349400609108, -0.004603989942024909, 0.008119486283581624]], "chi2_level": 0.95, "chi2_df": 3, "chi2_threshold": 7.814727903251179, "N_raw": 62, "N_roi": 62, "N_inlier": 57, "refit": true}
{"timestamp": "12:03:53.115099", "frame": 78, "mu": [-1.6033578958297734, 0.5750695696314145, 1.3016303584741045], "Sigma": [[0.010924348764350725, 0.003018245150674186, -0.0005455164103615008], [0.003018245150674186, 0.011922410002298692, -0.005414425407875045], [-0.0005455164103615008, -0.005414425407875045, 0.003220473393835948]], "chi2_level": 0.95, "chi2_df": 3, "chi2_threshold": 7.814727903251179, "N_raw": 65, "N_roi": 65, "N_inlier": 59, "refit": true}
{"timestamp": "12:03:53.170226", "frame": 79, "mu": [-1.6528421022060233, 0.6136544382952427, 1.2642467176800445], "Sigma": [[0.008910570695050607, 0.0035711116173502856, 0.001380067914786449], [0.0035711116173502856, 0.010210248545699135, -0.003141446485411769], [0.001380067914786449, -0.003141446485411769, 0.017292638506630258]], "chi2_level": 0.95, "chi2_df": 3, "chi2_threshold": 7.814727903251179, "N_raw": 67, "N_roi": 67, "N_inlier": 64, "refit": true}
{"timestamp": "12:03:53.226110", "frame": 80, "mu": [-1.693524399693177, 0.8020490553986285, -0.5719798079630478], "Sigma": [[0.008393536000247228, 0.00465228995121105, 0.001875279452663395], [0.004652289951211049, 0.013872333776727867, -0.005022207062059915], [0.001875279452663395, -0.005022207062059915, 0.01336819188274968]], "chi2_level": 0.95, "chi2_df": 3, "chi2_threshold": 7.814727903251179, "N_raw": 70, "N_roi": 70, "N_inlier": 62, "refit": true}
{"timestamp": "12:03:53.279952", "frame": 81, "mu": [-1.7207432670194722, 0.5968715237249613, 1.2437063653902098], "Sigma": [[0.012108268019485382, 0.005620662724209344, 0.0011719221670449525], [0.005620662724209344, 0.009885436117723991, -0.005869561636948748], [0.0011719221670449527, -0.005869561636948748, 0.007670478763995126]], "chi2_level": 0.95, "chi2_df": 3, "chi2_threshold": 7.814727903251179, "N_raw": 67, "N_roi": 67, "N_inlier": 63, "refit": true}
{"timestamp": "12:03:53.334908", "frame": 82, "mu": [-1.7367192948330932, 0.8485893240708562, -0.4840297707961093], "Sigma": [[0.01244050523824076, 0.000922058568642243, -0.0033395326942140618], [0.0009220585686422429, 0.01647372079903168, -0.0027041706476618743], [-0.0033395326942140613, -0.0027041706476618743, 0.002164119722947248]], "chi2_level": 0.95, "chi2_df": 3, "chi2_threshold": 7.814727903251179, "N_raw": 66, "N_roi": 66, "N_inlier": 65, "refit": true}
{"timestamp": "12:03:53.389378", "frame": 83, "mu": [-1.7570214539729025, 0.8096263037081419, -0.5594271782056937], "Sigma": [[0.010454664665092836, 0.0047656979988371494, -0.00045942203822366677], [0.0047656979988371494, 0.013618747345244219, -0.00432042690583188], [-0.00045942203822366677, -0.00432042690583188, 0.0022755135930539244]], "chi2_level": 0.95, "chi2_df": 3, "chi2_threshold": 7.814727903251179, "N_raw": 56, "N_roi": 56, "N_inlier": 53, "refit": true}
{"timestamp": "12:03:53.442905", "frame": 84, "mu": [-1.775413020806744, 0.6865419320426225, 1.23883389614477], "Sigma": [[0.007899052801311557, 0.0037986166297724134, -0.0027823041710988905], [0.0037986166297724134, 0.011998698327278583, -0.006971687917579983], [-0.0027823041710988905, -0.006971687917579983, 0.005758922322293562]], "chi2_level": 0.95, "chi2_df": 3, "chi2_threshold": 7.814727903251179, "N_raw": 51, "N_roi": 51, "N_inlier": 48, "refit": true}
{"timestamp": "12:03:53.498106", "frame": 85, "mu": [-1.7759074495531273, 0.6895322013908474, 1.2132737335383066], "Sigma": [[0.0072993426106069915, 0.005649155138258502, -0.0008759531406404113], [0.005649155138258502, 0.009358486607495024, -0.00487635861275364], [-0.0008759531406404117, -0.00487635861275364, 0.011343365057377945]], "chi2_level": 0.95, "chi2_df": 3, "chi2_threshold": 7.814727903251179, "N_raw": 49, "N_roi": 49, "N_inlier": 47, "refit": true}
{"timestamp": "12:03:53.550755", "frame": 86, "mu": [-1.877041169229314, 0.7009985896685712, 1.0694908261772564], "Sigma": [[0.007119709690374237, 0.00563243966477011, -0.0031108517820362786], [0.005632439664770111, 0.006768885932013957, -0.00480033752545161], [-0.0031108517820362786, -0.00480033752545161, 0.007486609927725948]], "chi2_level": 0.95, "chi2_df": 3, "chi2_threshold": 7.814727903251179, "N_raw": 36, "N_roi": 36, "N_inlier": 33, "refit": true}
{"timestamp": "12:03:53.606221", "frame": 87, "mu": [-1.8197797064261936, 0.7190560657647734, 1.1382322173325259], "Sigma": [[0.009068629665283674, 0.007912983483254879, 0.005359364287082561], [0.007912983483254879, 0.010474485203448748, 0.003369881425712912], [0.005359364287082561, 0.003369881425712912, 0.01681328458175111]], "chi2_level": 0.95, "chi2_df": 3, "chi2_threshold": 7.814727903251179, "N_raw": 42, "N_roi": 42, "N_inlier": 42, "refit": true}
{"timestamp": "12:03:53.664050", "frame": 88, "mu": [-1.8613592849169183, 0.755424509851612, 1.2705506586352022], "Sigma": [[0.012153250082387565, 0.004813557390914373, -0.004070966849136659], [0.004813557390914373, 0.011330933104282142, -0.007472711527737925], [-0.004070966849136658, -0.0074727115277379245, 0.006272282267202843]], "chi2_level": 0.95, "chi2_df": 3, "chi2_threshold": 7.814727903251179, "N_raw": 57, "N_roi": 57, "N_inlier": 55, "refit": true}
{"timestamp": "12:03:53.719642", "frame": 89, "mu": [-1.922155122386639, 0.7952652180848945, 1.2378390658679452], "Sigma": [[0.012018755669943855, 0.005961798359157177, -0.0034238210368222636], [0.005961798359157177, 0.011653937570456964, -0.007810025718513603], [-0.0034238210368222636, -0.007810025718513602, 0.006955689205605632]], "chi2_level": 0.95, "chi2_df": 3, "chi2_threshold": 7.814727903251179, "N_raw": 59, "N_roi": 59, "N_inlier": 54, "refit": true}
{"timestamp": "12:03:53.825970", "frame": 91, "mu": [-1.9036294076918048, 0.8784112954171177, 1.2292431545461346], "Sigma": [[0.005823606116232344, 0.0015163600249735983, -0.004085103908707997], [0.0015163600249735983, 0.0076783980662678475, -0.004484473863219034], [-0.0040851039087079965, -0.004484473863219034, 0.006632475014162886]], "chi2_level": 0.95, "chi2_df": 3, "chi2_threshold": 7.814727903251179, "N_raw": 36, "N_roi": 36, "N_inlier": 34, "refit": true}
{"timestamp": "12:03:53.884960", "frame": 92, "mu": [-1.994743309724749, 0.8231326807984957, 1.1755648563473309], "Sigma": [[0.009182157916450988, 0.007699138392762062, -0.004082351797548494], [0.007699138392762062, 0.011104608664641557, -0.008545230627394276], [-0.004082351797548494, -0.008545230627394276, 0.009600007015658543]], "chi2_level": 0.95, "chi2_df": 3, "chi2_threshold": 7.814727903251179, "N_raw": 45, "N_roi": 45, "N_inlier": 45, "refit": true}
{"timestamp": "12:03:53.937082", "frame": 93, "mu": [-1.9699855958208787, 0.9216313849136623, 1.243334057769796], "Sigma": [[0.01356152218456925, 0.006885206080842439, -0.00413290893952423], [0.006885206080842439, 0.010249232351688575, -0.0055367590805903795], [-0.00413290893952423, -0.0055367590805903795, 0.003971649316079333]], "chi2_level": 0.95, "chi2_df": 3, "chi2_threshold": 7.814727903251179, "N_raw": 45, "N_roi": 45, "N_inlier": 44, "refit": true}
{"timestamp": "12:03:53.992268", "frame": 94, "mu": [-2.0587646903296166, 0.9812945987430307, 1.3452098307329858], "Sigma": [[0.009351443202118627, 0.006510853236018004, -0.006032804283403495], [0.006510853236018004, 0.01228729163204526, -0.010102027816164722], [-0.006032804283403495, -0.010102027816164722, 0.009684885299065275]], "chi2_level": 0.95, "chi2_df": 3, "chi2_threshold": 7.814727903251179, "N_raw": 45, "N_roi": 45, "N_inlier": 45, "refit": true}
{"timestamp": "12:03:54.049183", "frame": 95, "mu": [-2.0125788187690334, 0.9774612627810829, -0.6472255317189202], "Sigma": [[0.015077855423655808, 0.012093470609817965, 0.0008012115123209639], [0.012093470609817965, 0.041397749507111996, 0.01580990708836015], [0.0008012115123209636, 0.01580990708836015, 0.011951893482164926]], "chi2_level": 0.95, "chi2_df": 3, "chi2_threshold": 7.814727903251179, "N_raw": 58, "N_roi": 58, "N_inlier": 57, "refit": true}
{"timestamp": "12:03:54.106354", "frame": 96, "mu": [-2.056386676130872, 1.0019740074213326, 1.3260925202012284], "Sigma": [[0.017353645145943793, 0.00688615836403943, -0.005899706057600463], [0.00688615836403943, 0.015347892881855547, -0.008996916504529938], [-0.005899706057600463, -0.008996916504529938, 0.007263679407776353]], "chi2_level": 0.95, "chi2_df": 3, "chi2_threshold": 7.814727903251179, "N_raw": 75, "N_roi": 75, "N_inlier": 70, "refit": true}
{"timestamp": "12:03:54.164253", "frame": 97, "mu": [-2.128948231535141, 1.059508646765027, -0.30595855028208946], "Sigma": [[0.02565019365731483, 0.01591673089228929, 0.044363465022722336], [0.015916730892289295, 0.03511551844188472, 0.028784700220070986], [0.04436346502272233, 0.028784700220070982, 0.4256602737961157]], "chi2_level": 0.95, "chi2_df": 3, "chi2_threshold": 7.814727903251179, "N_raw": 87, "N_roi": 86, "N_inlier": 81, "refit": true}
{"timestamp": "12:03:54.219510", "frame": 98, "mu": [-2.100973302106346, 1.10332666197412, 1.3292502942984858], "Sigma": [[0.02231300204369281, 0.012010877710100672, -0.001033864612341418], [0.012010877710100672, 0.024417915772465396, 0.006967295159520347], [-0.0010338646123414185, 0.006967295159520348, 0.05871747727358589]], "chi2_level": 0.95, "chi2_df": 3, "chi2_threshold": 7.814727903251179, "N_raw": 92, "N_roi": 90, "N_inlier": 83, "refit": true}
{"timestamp": "12:03:54.268808", "frame": 99, "mu": [-2.198454861900403, 1.0966195814208923, 1.1884578890244715], "Sigma": [[0.017218484655811495, 0.018833067941556467, 0.032759180530734844], [0.018833067941556463, 0.026373230059902053, 0.03628736883305402], [0.03275918053073485, 0.03628736883305402, 0.14713156107305483]], "chi2_level": 0.95, "chi2_df": 3, "chi2_threshold": 7.814727903251179, "N_raw": 57, "N_roi": 55, "N_inlier": 53, "refit": true}
{"timestamp": "12:03:54.440763", "frame": 100, "mu": [-2.2410019281309683, 1.0936151437973847, 1.1283320988699463], "Sigma": [[0.01922866948846344, 0.018397968205940737, 0.031600622864938616], [0.018397968205940737, 0.027332665908058336, 0.030754854914855755], [0.031600622864938616, 0.030754854914855755, 0.1758780604301328]], "chi2_level": 0.95, "chi2_df": 3, "chi2_threshold": 7.814727903251179, "N_raw": 98, "N_roi": 84, "N_inlier": 83, "refit": true}
{"timestamp": "12:03:54.477201", "frame": 101, "mu": [-2.1858097800098806, 1.228737668493854, 1.3336930502102782], "Sigma": [[0.023965366054169913, 0.011760429502954417, 0.01017696832494045], [0.011760429502954417, 0.020205310455301058, -0.008090548702954652], [0.01017696832494045, -0.008090548702954652, 0.08114742177315887]], "chi2_level": 0.95, "chi2_df": 3, "chi2_threshold": 7.814727903251179, "N_raw": 108, "N_roi": 92, "N_inlier": 89, "refit": true}
{"timestamp": "12:03:54.505511", "frame": 102, "mu": [-2.1873901225376273, 1.2427517480268964, 1.4075750671020244], "Sigma": [[0.01565138543772753, 0.01296627505288199, -0.010395328613289598], [0.01296627505288199, 0.025939379893886498, -0.016225188740574267], [-0.010395328613289598, -0.01622518874057427, 0.01206986558566203]], "chi2_level": 0.95, "chi2_df": 3, "chi2_threshold": 7.814727903251179, "N_raw": 71, "N_roi": 71, "N_inlier": 70, "refit": true}
{"timestamp": "12:03:54.537492", "frame": 103, "mu": [-2.155371927439255, 1.2510084476083623, 1.3884270053899932], "Sigma": [[0.022618751532803252, 0.007412887980226938, -0.0164082129729695], [0.007412887980226938, 0.021852111473512747, -0.00895774855045951], [-0.0164082129729695, -0.00895774855045951, 0.014095412395026536]], "chi2_level": 0.95, "chi2_df": 3, "chi2_threshold": 7.814727903251179, "N_raw": 79, "N_roi": 79, "N_inlier": 78, "refit": true}
{"timestamp": "12:03:54.567790", "frame": 104, "mu": [-2.136113878976758, 1.3097646193314636, 1.3791438884030618], "Sigma": [[0.02165054196407303, 0.00968054520578745, -0.017993206411219705], [0.00968054520578745, 0.021212289765717866, -0.009885695931854056], [-0.01799320641121971, -0.009885695931854056, 0.01708130222205546]], "chi2_level": 0.95, "chi2_df": 3, "chi2_threshold": 7.814727903251179, "N_raw": 85, "N_roi": 85, "N_inlier": 80, "refit": true}
