{"timestamp": "12:01:34.497289", "frame": 23, "mu": [2.3756730431551545, 4.87249467105928, 0.3934465615060474], "Sigma": [[0.00400977830776303, -0.002128751656928249, 0.00021230982715128265], [-0.0021287516569282496, 0.002041424110669295, -0.0006276108377909284], [0.0002123098271512827, -0.0006276108377909284, 0.0006485851797444642]], "chi2_level": 0.95, "chi2_df": 3, "chi2_threshold": 7.814727903251179, "N_raw": 26, "N_roi": 7, "N_inlier": 7, "refit": true}
{"timestamp": "12:01:34.885070", "frame": 30, "mu": [2.3395842706619154, 4.618969726886025, 0.6824513312428956], "Sigma": [[0.011077939432326477, -0.005793366272910935, 0.008361609242706363], [-0.005793366272910935, 0.003914545141009228, -0.005546452268979289], [0.008361609242706363, -0.00554645226897929, 0.06247259240008373]], "chi2_level": 0.95, "chi2_df": 3, "chi2_threshold": 7.814727903251179, "N_raw": 38, "N_roi": 24, "N_inlier": 23, "refit": true}
{"timestamp": "12:01:35.048572", "frame": 33, "mu": [2.2305583354673866, 4.555251707395017, 0.7785149022270144], "Sigma": [[0.01527843787659665, -0.00918391767455659, -0.005619869655572865], [-0.009183917674556591, 0.008038682964140148, 0.0016720963594946223], [-0.005619869655572865, 0.0016720963594946223, 0.008000418674276135]], "chi2_level": 0.95, "chi2_df": 3, "chi2_threshold": 7.814727903251179, "N_raw": 20, "N_roi": 20, "N_inlier": 19, "refit": true}
{"timestamp": "12:01:35.161279", "frame": 35, "mu": [2.1780928346819337, 4.324424464353332, 0.14494648440493269], "Sigma": [[0.02772356730143128, -0.012317331287609316, 0.003289608877078712], [-0.012317331287609316, 0.00805087255534719, -0.002491112772472456], [0.003289608877078712, -0.002491112772472456, 0.0008027822204965683]], "chi2_level": 0.95, "chi2_df": 3, "chi2_threshold": 7.814727903251179, "N_raw": 36, "N_roi": 34, "N_inlier": 32, "refit": true}
{"timestamp": "12:01:35.216787", "frame": 36, "mu": [2.0958915602439254, 4.325746408499604, 0.15751519812084053], "Sigma": [[0.033339677088218805, -0.01351555283874372, 0.003143797571475092], [-0.01351555283874372, 0.006629628927914182, -0.0018762195569524674], [0.003143797571475092, -0.0018762195569524674, 0.0023582968607642695]], "chi2_level": 0.95, "chi2_df": 3, "chi2_threshold": 7.814727903251179, "N_raw": 32, "N_roi": 30, "N_inlier": 27, "refit": true}
{"timestamp": "12:01:35.272913", "frame": 37, "mu": [2.088353767858101, 4.551923084179568, -0.24350384842796546], "Sigma": [[0.027561693906295287, -0.012860484667197756, -0.006333067754596925], [-0.012860484667197754, 0.011074859324078463, -0.009683945381446043], [-0.006333067754596925, -0.009683945381446044, 0.03713347902818995]], "chi2_level": 0.95, "chi2_df": 3, "chi2_threshold": 7.814727903251179, "N_raw": 49, "N_roi": 47, "N_inlier": 46, "refit": true}
{"timestamp": "12:01:35.327232", "frame": 38, "mu": [2.052976462403705, 4.286270349392472, 0.6993751213381217], "Sigma": [[0.026801638644424464, -0.014993462704838026, -0.009908092421818893], [-0.014993462704838024, 0.008988710919951152, 0.0030398375521987105], [-0.009908092421818893, 0.0030398375521987096, 0.028135163090278737]], "chi2_level": 0.95, "chi2_df": 3, "chi2_threshold": 7.814727903251179, "N_raw": 41, "N_roi": 37, "N_inlier": 37, "refit": true}
{"timestamp": "12:01:35.386481", "frame": 39, "mu": [2.030272902313589, 4.256209564712226, 0.6145090725760363], "Sigma": [[0.033656956394591535, -0.015374159470672052, -0.003147555424508926], [-0.015374159470672052, 0.008325832755170867, -0.004225636102853642], [-0.003147555424508927, -0.004225636102853642, 0.04698836293764987]], "chi2_level": 0.95, "chi2_df": 3, "chi2_threshold": 7.814727903251179, "N_raw": 70, "N_roi": 64, "N_inlier": 63, "refit": true}
{"timestamp": "12:01:35.441460", "frame": 40, "mu": [1.9727518781348965, 4.466692999752181, -0.09794820458949575], "Sigma": [[0.030697414473595027, -0.014830263783870118, -0.013886869701222878], [-0.014830263783870118, 0.019763199210659485, -0.006392702768880488], [-0.01388686970122288, -0.006392702768880488, 0.02499169624678238]], "chi2_level": 0.95, "chi2_df": 3, "chi2_threshold": 7.814727903251179, "N_raw": 72, "N_roi": 72, "N_inlier": 72, "refit": true}
{"timestamp": "12:01:35.492069", "frame": 41, "mu": [2.019930202949802, 4.172200607889243, 0.7340771011810932], "Sigma": [[0.026285664172845974, -0.013805964392911166, -0.013877263771634039], [-0.013805964392911166, 0.008409642622107394, 0.0045532119903949515], [-0.013877263771634039, 0.0045532119903949515, 0.02121812249837489]], "chi2_level": 0.95, "chi2_df": 3, "chi2_threshold": 7.814727903251179, "N_raw": 38, "N_roi": 36, "N_inlier": 35, "refit": true}
{"timestamp": "12:01:35.547160", "frame": 42, "mu": [1.9360014143025062, 4.22785713275006, 0.725830914800504], "Sigma": [[0.01774501799516038, -0.011086476052951722, -0.0018201778720803017], [-0.01108647605295172, 0.008598212641299407, -0.002581067253672571], [-0.0018201778720803017, -0.002581067253672571, 0.025875733440588432]], "chi2_level": 0.95, "chi2_df": 3, "chi2_threshold": 7.814727903251179, "N_raw": 38, "N_roi": 38, "N_inlier": 35, "refit": true}
{"timestamp": "12:01:35.601780", "frame": 43, "mu": [1.9158718832720316, 4.100012247322455, 0.70045020992616], "Sigma": [[0.023216194058995717, -0.013089473409841092, -0.009995103367579056], [-0.013089473409841092, 0.009694407097726966, 0.002796392452305659], [-0.009995103367579056, 0.002796392452305659, 0.011816959866710696]], "chi2_level": 0.95, "chi2_df": 3, "chi2_threshold": 7.814727903251179, "N_raw": 41, "N_roi": 41, "N_inlier": 39, "refit": true}
{"timestamp": "12:01:35.653522", "frame": 44, "mu": [1.908867227601231, 4.0932605408398395, 0.7655037271168933], "Sigma": [[0.010111451784835614, -0.0031731537503638827, -0.009632875600983606], [-0.0031731537503638827, 0.003493467935518709, 0.001743512052841905], [-0.009632875600983606, 0.0017435120528419053, 0.012370919703762683]], "chi2_level": 0.95, "chi2_df": 3, "chi2_threshold": 7.814727903251179, "N_raw": 15, "N_roi": 12, "N_inlier": 11, "refit": true}
{"timestamp": "12:01:35.712479", "frame": 45, "mu": [1.8197878272735224, 4.011918159863128, 0.7731216419924766], "Sigma": [[0.029918896471681045, -0.015192275652428068, -0.020322276341944945], [-0.015192275652428068, 0.008547907525063403, 0.006885684797125956], [-0.02032227634194494, 0.006885684797125957, 0.04912707756453539]], "chi2_level": 0.95, "chi2_df": 3, "chi2_threshold": 7.814727903251179, "N_raw": 52, "N_roi": 52, "N_inlier": 51, "refit": true}
{"timestamp": "12:01:35.768200", "frame": 46, "mu": [1.7762738739546717, 3.963750908310355, 0.3765099759110962], "Sigma": [[0.020414540243592634, -0.016866435064462816, -0.008247939584006032], [-0.016866435064462816, 0.021686913385552044, 0.01138697104039052], [-0.008247939584006032, 0.011386971040390522, 0.008853763057118515]], "chi2_level": 0.95, "chi2_df": 3, "chi2_threshold": 7.814727903251179, "N_raw": 49, "N_roi": 40, "N_inlier": 38, "refit": true}
{"timestamp": "12:01:35.823388", "frame": 47, "mu": [1.7419412916221397, 3.93969394424498, 0.6887227142688064], "Sigma": [[0.022713942120585813, -0.009995079625202699, -0.0019189052307746223], [-0.009995079625202699, 0.005073280706855772, -0.0017307015277203122], [-0.0019189052307746232, -0.0017307015277203126, 0.04334182631496722]], "chi2_level": 0.95, "chi2_df": 3, "chi2_threshold": 7.814727903251179, "N_raw": 52, "N_roi": 50, "N_inlier": 48, "refit": true}
{"timestamp": "12:01:35.879810", "frame": 48, "mu": [1.7391272988974738, 3.861282952740792, 0.6374580298650389], "Sigma": [[0.02280673300849412, -0.011071899359596463, -0.009019950342925114], [-0.011071899359596463, 0.007180387551577945, 0.0009562178852622328], [-0.009019950342925114, 0.000956217885262233, 0.013943452556694224]], "chi2_level": 0.95, "chi2_df": 3, "chi2_threshold": 7.814727903251179, "N_raw": 54, "N_roi": 47, "N_inlier": 44, "refit": true}
{"timestamp": "12:01:35.927637", "frame": 49, "mu": [1.5869091014586996, 3.9780468650825656, 0.591712640818151], "Sigma": [[0.013669834840663858, -0.015791519689951097, -0.007632726975924027], [-0.015791519689951097, 0.022918260400306673, 0.010935646094749694], [-0.007632726975924028, 0.010935646094749694, 0.00784771238872865]], "chi2_level": 0.95, "chi2_df": 3, "chi2_threshold": 7.814727903251179, "N_raw": 9, "N_roi": 9, "N_inlier": 8, "refit": true}
{"timestamp": "12:01:35.985200", "frame": 50, "mu": [1.637366889131717, 3.7598243932753044, 0.5951196429014974], "Sigma": [[0.015997176306654152, -0.012258056556621499, -0.014603550020336892], [-0.012258056556621499, 0.013268711000590103, 0.009779239523475616], [-0.014603550020336892, 0.009779239523475616, 0.042440001209458185]], "chi2_level": 0.95, "chi2_df": 3, "chi2_threshold": 7.814727903251179, "N_raw": 24, "N_roi": 24, "N_inlier": 22, "refit": true}
{"timestamp": "12:01:36.044359", "frame": 51, "mu": [1.5454478894931563, 3.8047038800286797, 0.8430327102611511], "Sigma": [[0.026366827223171935, -0.018946870602597712, -0.012572876535235445], [-0.018946870602597712, 0.01970795731097019, 0.0002233013460641619], [-0.012572876535235445, 0.00022330134606416254, 0.035577322930549646]], "chi2_level": 0.95, "chi2_df": 3, "chi2_threshold": 7.814727903251179, "N_raw": 55, "N_roi": 55, "N_inlier": 54, "refit": true}
{"timestamp": "12:01:36.097503", "frame": 52, "mu": [1.6711449867206698, 3.712613799942117, -0.9104093363321752], "Sigma": [[0.019272728228122524, -0.0006459748350016298, 0.023035319375390398], [-0.0006459748350016299, 0.004140004680849211, 0.01255582919913609], [0.023035319375390398, 0.01255582919913609, 0.1512145018940827]], "chi2_level": 0.95, "chi2_df": 3, "chi2_threshold": 7.814727903251179, "N_raw": 42, "N_roi": 42, "N_inlier": 39, "refit": true}
{"timestamp": "12:01:36.156142", "frame": 53, "mu": [1.5731508389912234, 3.6502880464918825, 0.7072048336395131], "Sigma": [[0.022673765336213486, -0.015479839263193351, -0.006396296748572167], [-0.015479839263193351, 0.01887460678821351, -0.0011176285292977554], [-0.006396296748572167, -0.0011176285292977548, 0.010693263174819655]], "chi2_level": 0.95, "chi2_df": 3, "chi2_threshold": 7.814727903251179, "N_raw": 70, "N_roi": 70, "N_inlier": 66, "refit": true}
{"timestamp": "12:01:36.212623", "frame": 54, "mu": [1.4180895896716503, 3.6624966163059436, 0.6366357601419045], "Sigma": [[0.025943985432144788, -0.011188164492877153, 0.009162429739487742], [-0.011188164492877153, 0.007548294698417716, -0.010428760292085752], [0.009162429739487742, -0.010428760292085754, 0.03466194697941512]], "chi2_level": 0.95, "chi2_df": 3, "chi2_threshold": 7.814727903251179, "N_raw": 74, "N_roi": 74, "N_inlier": 71, "refit": true}
{"timestamp": "12:01:36.263634", "frame": 55, "mu": [1.2769891936992699, 3.6981007586386885, -1.5299042848379885], "Sigma": [[0.023178901779481377, -0.007392550542505278, 0.007429841199741572], [-0.007392550542505277, 0.00809004525850829, -0.0005209060532798673], [0.007429841199741572, -0.0005209060532798669, 0.025617212366113647]], "chi2_level": 0.95, "chi2_df": 3, "chi2_threshold": 7.814727903251179, "N_raw": 50, "N_roi": 50, "N_inlier": 44, "refit": true}
{"timestamp": "12:01:36.313563", "frame": 56, "mu": [1.3481748721184181, 3.5078074411903737, 0.7376336287196064], "Sigma": [[0.003767257202503814, -0.0030788713465495386, 0.008025417203548928], [-0.0030788713465495386, 0.03052857511828566, 0.004004881372109084], [0.008025417203548928, 0.004004881372109085, 0.03860422137024768]], "chi2_level": 0.95, "chi2_df": 3, "chi2_threshold": 7.814727903251179, "N_raw": 10, "N_roi": 10, "N_inlier": 10, "refit": true}
{"timestamp": "12:01:36.378010", "frame": 57, "mu": [1.2167327998991309, 3.580810987861459, 0.799833303741896], "Sigma": [[0.022693587054094584, -0.007168271243566568, 0.0013381336406721451], [-0.007168271243566569, 0.005911436164872189, -0.0045620635847811244], [0.0013381336406721473, -0.004562063584781124, 0.11768821541526141]], "chi2_level": 0.95, "chi2_df": 3, "chi2_threshold": 7.814727903251179, "N_raw": 84, "N_roi": 84, "N_inlier": 81, "refit": true}
{"timestamp": "12:01:36.432560", "frame": 58, "mu": [1.1888604034630528, 3.590182338596588, -0.8273125354147595], "Sigma": [[0.017192186018162366, 0.0064799844688088176, 0.05197167765213816], [0.0064799844688088176, 0.011485506745272378, 0.027558316291071094], [0.05197167765213816, 0.02755831629107109, 0.3699101891577033]], "chi2_level": 0.95, "chi2_df": 3, "chi2_threshold": 7.814727903251179, "N_raw": 73, "N_roi": 73, "N_inlier": 71, "refit": true}
{"timestamp": "12:01:36.490854", "frame": 59, "mu": [1.129221861970736, 3.6922621326394274, -0.45565420867959416], "Sigma": [[0.020579660723917485, -0.006242371991741182, -0.0013308892908517368], [-0.006242371991741182, 0.019585844866845642, -0.01817770775141993], [-0.0013308892908517368, -0.018177707751419928, 0.02876915483211272]], "chi2_level": 0.95, "chi2_df": 3, "chi2_threshold": 7.814727903251179, "N_raw": 95, "N_roi": 93, "N_inlier": 92, "refit": true}
{"timestamp": "12:01:36.541204", "frame": 60, "mu": [1.1737132791432696, 3.4283316234040853, 0.8684090730326953], "Sigma": [[0.020741423012615494, -0.006707417843197728, -0.0037079270068798914], [-0.006707417843197727, 0.0032281496660872926, -0.0011003600192190201], [-0.0037079270068798927, -0.0011003600192190201, 0.05159972406389106]], "chi2_level": 0.95, "chi2_df": 3, "chi2_threshold": 7.814727903251179, "N_raw": 63, "N_roi": 60, "N_inlier": 57, "refit": true}
{"timestamp": "12:01:36.592419", "frame": 61, "mu": [1.1537131756790835, 3.3392250318917, 0.8294409249269731], "Sigma": [[0.017651496304005053, -0.006000246846922332, -0.004330367043205325], [-0.006000246846922332, 0.0037659785181846112, -0.00020980141544854852], [-0.004330367043205325, -0.00020980141544854852, 0.004704175628629281]], "chi2_level": 0.95, "chi2_df": 3, "chi2_threshold": 7.814727903251179, "N_raw": 39, "N_roi": 37, "N_inlier": 35, "refit": true}
{"timestamp": "12:01:36.651112", "frame": 62, "mu": [1.1412385249509278, 3.529040488085481, -0.30322518050728026], "Sigma": [[0.023710106311478088, -0.006573101538623668, -0.012069911132187694], [-0.006573101538623668, 0.00814000851592598, -0.010671180035746472], [-0.012069911132187694, -0.010671180035746472, 0.040818026542463415]], "chi2_level": 0.95, "chi2_df": 3, "chi2_threshold": 7.814727903251179, "N_raw": 70, "N_roi": 70, "N_inlier": 68, "refit": true}
{"timestamp": "12:01:36.709006", "frame": 63, "mu": [1.01666919212411, 3.3823351187002095, 0.8595388623981723], "Sigma": [[0.022326445939810827, -0.012688001313568082, -0.012527396610985238], [-0.012688001313568082, 0.014303158608580625, -0.005408473342797138], [-0.012527396610985238, -0.005408473342797138, 0.04023659256750005]], "chi2_level": 0.95, "chi2_df": 3, "chi2_threshold": 7.814727903251179, "N_raw": 81, "N_roi": 81, "N_inlier": 79, "refit": true}
{"timestamp": "12:01:36.766915", "frame": 64, "mu": [0.9387800817719296, 3.3526229546022726, 0.8695340288668891], "Sigma": [[0.024816167597966156, -0.008092321732966697, -0.018660357809497267], [-0.008092321732966697, 0.010141949948451108, -0.006214841255186426], [-0.018660357809497267, -0.006214841255186426, 0.04794804697085501]], "chi2_level": 0.95, "chi2_df": 3, "chi2_threshold": 7.814727903251179, "N_raw": 104, "N_roi": 102, "N_inlier": 96, "refit": true}
{"timestamp": "12:01:36.819654", "frame": 65, "mu": [0.8571772233864855, 3.3614656406444823, 0.8952874377376024], "Sigma": [[0.023487665400037827, -0.01566158414823032, -0.009543281762718769], [-0.015661584148230316, 0.01733988135791041, -0.005434637999427557], [-0.009543281762718769, -0.005434637999427556, 0.054046983423759624]], "chi2_level": 0.95, "chi2_df": 3, "chi2_threshold": 7.814727903251179, "N_raw": 84, "N_roi": 84, "N_inlier": 80, "refit": true}
{"timestamp": "12:01:36.872105", "frame": 66, "mu": [0.8777720269977582, 3.2295496827570753, 0.8141874286322373], "Sigma": [[0.023924795915497843, -0.016401251888567996, -0.019583021079764618], [-0.016401251888567996, 0.022300835868110196, 0.01275152689442672], [-0.019583021079764618, 0.01275152689442672, 0.06633058081438195]], "chi2_level": 0.95, "chi2_df": 3, "chi2_threshold": 7.814727903251179, "N_raw": 64, "N_roi": 64, "N_inlier": 63, "refit": true}
{"timestamp": "12:01:36.924836", "frame": 67, "mu": [0.8157684103248721, 3.227350201219328, 0.6430020963443673], "Sigma": [[0.018177936732673004, -0.012749701855447493, -0.004615555361406069], [-0.01274970185544749, 0.01723995991885703, 0.0037402618923224975], [-0.0046155553614060695, 0.0037402618923224975, 0.002652083028954526]], "chi2_level": 0.95, "chi2_df": 3, "chi2_threshold": 7.814727903251179, "N_raw": 52, "N_roi": 50, "N_inlier": 47, "refit": true}
{"timestamp": "12:01:36.980870", "frame": 68, "mu": [0.7800224832672239, 3.2778133540577086, 0.8502471270772278], "Sigma": [[0.031641100337103455, -0.0204205596543384, 0.010963083674222456], [-0.0204205596543384, 0.01770939979497588, -0.01284751247484429], [0.010963083674222454, -0.012847512474844287, 0.013545194451500228]], "chi2_level": 0.95, "chi2_df": 3, "chi2_threshold": 7.814727903251179, "N_raw": 49, "N_roi": 49, "N_inlier": 46, "refit": true}
{"timestamp": "12:01:37.039563", "frame": 69, "mu": [0.7778827190674267, 3.1814413370855474, -0.34478133105295256], "Sigma": [[0.020200390861488296, -0.002132054726705361, 0.07770416139185886], [-0.0021320547267053612, 0.012041476594404457, -0.032203082174629104], [0.07770416139185886, -0.032203082174629104, 0.4706134767195958]], "chi2_level": 0.95, "chi2_df": 3, "chi2_threshold": 7.814727903251179, "N_raw": 87, "N_roi": 87, "N_inlier": 84, "refit": true}
{"timestamp": "12:01:37.099020", "frame": 70, "mu": [0.7134482100423262, 3.2799778012408805, -0.17575864722218745], "Sigma": [[0.030736435550911073, -0.02712722858017278, 0.03917321063683578], [-0.02712722858017278, 0.03209108853093512, -0.04751066409878289], [0.03917321063683578, -0.04751066409878289, 0.1536791198154883]], "chi2_level": 0.95, "chi2_df": 3, "chi2_threshold": 7.814727903251179, "N_raw": 79, "N_roi": 78, "N_inlier": 74, "refit": true}
{"timestamp": "12:01:37.152001", "frame": 71, "mu": [0.6820376557634164, 3.0362478074661676, 0.959285346373182], "Sigma": [[0.026133403860489197, -0.013230504504315815, -0.001381052925983254], [-0.013230504504315815, 0.01397699504270406, -0.011503502927144266], [-0.0013810529259832534, -0.011503502927144268, 0.03427943161937762]], "chi2_level": 0.95, "chi2_df": 3, "chi2_threshold": 7.814727903251179, "N_raw": 99, "N_roi": 97, "N_inlier": 95, "refit": true}
{"timestamp": "12:01:37.204585", "frame": 72, "mu": [0.6635029257584585, 3.0329121496984097, 0.9052541780108516], "Sigma": [[0.02461751332120706, -0.01799099930127227, -0.00803428582188634], [-0.01799099930127227, 0.021318654802157895, -0.006704383760696578], [-0.00803428582188634, -0.006704383760696578, 0.030288142980834917]], "chi2_level": 0.95, "chi2_df": 3, "chi2_threshold": 7.814727903251179, "N_raw": 86, "N_roi": 86, "N_inlier": 85, "refit": true}
{"timestamp": "12:01:37.254364", "frame": 73, "mu": [0.5557091733910214, 3.030589954678498, 0.8293031372097757], "Sigma": [[0.01766611389245768, -0.01734838179709923, -0.004080410030088507], [-0.01734838179709923, 0.02737994966542876, 0.003431792867127781], [-0.004080410030088508, 0.003431792867127781, 0.011700613803269843]], "chi2_level": 0.95, "chi2_df": 3, "chi2_threshold": 7.814727903251179, "N_raw": 58, "N_roi": 58, "N_inlier": 56, "refit": true}
{"timestamp": "12:01:37.307802", "frame": 74, "mu": [0.6820139632331924, 2.8669111540262526, 0.8826758608238191], "Sigma": [[0.011194520015398711, -0.0030083304752936985, 0.001333834733331536], [-0.0030083304752936985, 0.0015298914454512918, -0.002387358619928051], [0.0013338347333315358, -0.002387358619928051, 0.020625462621369016]], "chi2_level": 0.95, "chi2_df": 3, "chi2_threshold": 7.814727903251179, "N_raw": 43, "N_roi": 43, "N_inlier": 37, "refit": true}
{"timestamp": "12:01:37.365705", "frame": 75, "mu": [0.6377212588597003, 2.7968664398529723, 0.9733594446526658], "Sigma": [[0.01774730611137855, -0.007770442808761636, -0.016167698886350397], [-0.007770442808761635, 0.005021503082162665, 0.0040123859607394665], [-0.016167698886350397, 0.0040123859607394665, 0.028899889105611185]], "chi2_level": 0.95, "chi2_df": 3, "chi2_threshold": 7.814727903251179, "N_raw": 63, "N_roi": 63, "N_inlier": 58, "refit": true}
{"timestamp": "12:01:37.426781", "frame": 76, "mu": [0.5775615117553612, 2.912893544324246, -0.5169260799476537], "Sigma": [[0.022382241471096853, -0.012370114914682892, -0.012896359078573333], [-0.012370114914682893, 0.014844433425170457, 0.002447541834721745], [-0.012896359078573333, 0.002447541834721745, 0.02896498973854962]], "chi2_level": 0.95, "chi2_df": 3, "chi2_threshold": 7.814727903251179, "N_raw": 72, "N_roi": 72, "N_inlier": 69, "refit": true}
{"timestamp": "12:01:37.473588", "frame": 77, "mu": [0.5310268099746808, 2.528122013519046, 0.696162010712279], "Sigma": [[0.014629112841287867, -0.0017370507632761957, -0.0029552116045411], [-0.0017370507632761957, 0.002091083622825985, -0.0009154261495634513], [-0.0029552116045410996, -0.0009154261495634514, 0.004542204708600156]], "chi2_level": 0.95, "chi2_df": 3, "chi2_threshold": 7.814727903251179, "N_raw": 50, "N_roi": 50, "N_inlier": 43, "refit": true}
{"timestamp": "12:01:37.531657", "frame": 78, "mu": [0.36914508453704026, 2.7510613388790546, 1.2422137461978553], "Sigma": [[0.01395147237815266, -0.0018682940771889284, -0.01778995303964786], [-0.0018682940771889284, 0.005934787721451754, 0.003195077105636968], [-0.01778995303964786, 0.003195077105636969, 0.030429305681302626]], "chi2_level": 0.95, "chi2_df": 3, "chi2_threshold": 7.814727903251179, "N_raw": 66, "N_roi": 64, "N_inlier": 59, "refit": true}
{"timestamp": "12:01:37.586891", "frame": 79, "mu": [0.3156414040526944, 2.7199031063955177, 1.0357843241573206], "Sigma": [[0.01782430685169903, -0.004884651356456991, 0.007238271329082479], [-0.004884651356456991, 0.005230101484601553, -0.014931679518590736], [0.007238271329082479, -0.014931679518590736, 0.06492734420843628]], "chi2_level": 0.95, "chi2_df": 3, "chi2_threshold": 7.814727903251179, "N_raw": 70, "N_roi": 67, "N_inlier": 66, "refit": true}
{"timestamp": "12:01:37.634193", "frame": 80, "mu": [0.26917850159546425, 2.7489041411004327, 0.8885258727050142], "Sigma": [[0.003072500413342507, -0.00320108023245532, 0.006024105761947224], [-0.00320108023245532, 0.013594279524140468, -0.02898350655680629], [0.006024105761947224, -0.02898350655680629, 0.07971445207346921]], "chi2_level": 0.95, "chi2_df": 3, "chi2_threshold": 7.814727903251179, "N_raw": 15, "N_roi": 15, "N_inlier": 14, "refit": true}
{"timestamp": "12:01:37.696634", "frame": 81, "mu": [0.22397283192481263, 2.6338039457169207, 1.1906364024097562], "Sigma": [[0.0123457054770104, -0.0007501582068837722, -0.01812052363201271], [-0.0007501582068837722, 0.003573808940946688, -0.0012616423807440625], [-0.018120523632012706, -0.001261642380744063, 0.04085715410262816]], "chi2_level": 0.95, "chi2_df": 3, "chi2_threshold": 7.814727903251179, "N_raw": 66, "N_roi": 66, "N_inlier": 62, "refit": true}
{"timestamp": "12:01:37.753274", "frame": 82, "mu": [0.16823148689690773, 2.6031123550379, 1.0089875990196688], "Sigma": [[0.010016027263695179, -0.001689149937867503, -0.008872112327059416], [-0.001689149937867503, 0.00232153285302494, -0.004489899456587694], [-0.008872112327059416, -0.004489899456587694, 0.029434574777842226]], "chi2_level": 0.95, "chi2_df": 3, "chi2_threshold": 7.814727903251179, "N_raw": 74, "N_roi": 71, "N_inlier": 67, "refit": true}
{"timestamp": "12:01:37.807023", "frame": 83, "mu": [0.18131424506571558, 2.4983858466566216, 1.1128658623699283], "Sigma": [[0.015332092621870743, -0.0022228305474280285, -0.007499612571898539], [-0.0022228305474280285, 0.0061745741628878, -0.0010507604374068189], [-0.007499612571898539, -0.001050760437406819, 0.005811896759672664]], "chi2_level": 0.95, "chi2_df": 3, "chi2_threshold": 7.814727903251179, "N_raw": 78, "N_roi": 78, "N_inlier": 77, "refit": true}
{"timestamp": "12:01:37.864244", "frame": 84, "mu": [0.160793465076779, 2.5057205405810232, 1.1502175952251334], "Sigma": [[0.013875095660208208, -0.0043153133217419285, -0.004561233177768086], [-0.0043153133217419285, 0.007541406604898256, -0.0015040166742747584], [-0.004561233177768086, -0.0015040166742747582, 0.0037085240944211262]], "chi2_level": 0.95, "chi2_df": 3, "chi2_threshold": 7.814727903251179, "N_raw": 80, "N_roi": 80, "N_inlier": 77, "refit": true}
{"timestamp": "12:01:37.917747", "frame": 85, "mu": [0.09550844475526724, 2.513537607388442, 1.1009412818392104], "Sigma": [[0.015927797826398173, -0.007527126665864962, 0.009804865823808292], [-0.007527126665864962, 0.008854463093775264, -0.018381249723390686], [0.009804865823808294, -0.018381249723390686, 0.05307327420931865]], "chi2_level": 0.95, "chi2_df": 3, "chi2_threshold": 7.814727903251179, "N_raw": 76, "N_roi": 76, "N_inlier": 74, "refit": true}
{"timestamp": "12:01:37.973975", "frame": 86, "mu": [0.030422809385737572, 2.467761285458458, 1.1846300748941911], "Sigma": [[0.014567009940843135, -0.0002425555431267801, -0.019736055313455132], [-0.0002425555431267801, 0.0026641007759570005, -0.0005943056328346445], [-0.019736055313455132, -0.0005943056328346443, 0.057662884432505]], "chi2_level": 0.95, "chi2_df": 3, "chi2_threshold": 7.814727903251179, "N_raw": 83, "N_roi": 83, "N_inlier": 78, "refit": true}
{"timestamp": "12:01:38.027535", "frame": 87, "mu": [0.05524792700771702, 2.4204747204185955, 0.6356845894299875], "Sigma": [[0.010660628000434725, -0.004489795968243872, -0.01685172327878501], [-0.004489795968243872, 0.006234831475686165, 0.040033552217172315], [-0.01685172327878501, 0.04003355221717232, 0.36808118937339057]], "chi2_level": 0.95, "chi2_df": 3, "chi2_threshold": 7.814727903251179, "N_raw": 66, "N_roi": 66, "N_inlier": 64, "refit": true}
{"timestamp": "12:01:38.083166", "frame": 88, "mu": [-0.19885553666620973, 2.396770046929034, 1.2845090737878122], "Sigma": [[0.013570611457175212, -0.0012093640101093841, -0.005807145782794063], [-0.0012093640101093841, 0.011453256664423107, -0.01931223951548622], [-0.005807145782794064, -0.01931223951548622, 0.046392569595959374]], "chi2_level": 0.95, "chi2_df": 3, "chi2_threshold": 7.814727903251179, "N_raw": 77, "N_roi": 77, "N_inlier": 69, "refit": true}
{"timestamp": "12:01:38.141560", "frame": 89, "mu": [-0.14319769862604498, 2.4388067780259552, 1.0579704457320425], "Sigma": [[0.021437948918986538, -0.008985208873353336, 0.006003449185275025], [-0.008985208873353337, 0.008637756627268943, -0.011011108001226922], [0.0060034491852750255, -0.011011108001226922, 0.07042182401509602]], "chi2_level": 0.95, "chi2_df": 3, "chi2_threshold": 7.814727903251179, "N_raw": 102, "N_roi": 102, "N_inlier": 96, "refit": true}
{"timestamp": "12:01:38.198335", "frame": 90, "mu": [-0.13191635209703306, 2.256693795030678, 0.7615560041072988], "Sigma": [[0.028863690149220786, -0.0027693499368226368, -0.06146025682223767], [-0.0027693499368226363, 0.017724775661471032, 0.040808209187791974], [-0.06146025682223767, 0.04080820918779198, 0.39800557605428105]], "chi2_level": 0.95, "chi2_df": 3, "chi2_threshold": 7.814727903251179, "N_raw": 114, "N_roi": 114, "N_inlier": 109, "refit": true}
{"timestamp": "12:01:38.250962", "frame": 91, "mu": [-0.35066949762740174, 2.2945533352548177, 1.1687895919462097], "Sigma": [[0.025229712367925938, -0.011057629939769683, 0.013209911849150643], [-0.011057629939769683, 0.018147999393877377, -0.032589468086820436], [0.013209911849150643, -0.032589468086820436, 0.08014770357341348]], "chi2_level": 0.95, "chi2_df": 3, "chi2_threshold": 7.814727903251179, "N_raw": 92, "N_roi": 92, "N_inlier": 85, "refit": true}
{"timestamp": "12:01:38.313582", "frame": 92, "mu": [-0.2879379139899709, 2.4220784570425087, -0.3775067961664169], "Sigma": [[0.0216350689843779, -0.0005131000930253186, -0.01814668869004922], [-0.0005131000930253184, 0.0316308747945747, -0.05504325159745241], [-0.01814668869004922, -0.05504325159745241, 0.13929394549101898]], "chi2_level": 0.95, "chi2_df": 3, "chi2_threshold": 7.814727903251179, "N_raw": 150, "N_roi": 149, "N_inlier": 135, "refit": true}
{"timestamp": "12:01:38.361738", "frame": 93, "mu": [-0.2748079190949831, 2.142915030629828, 1.0656053292262397], "Sigma": [[0.027849519106824663, 0.00016605586778443157, -0.05113354603878886], [0.00016605586778443157, 0.0076689068958618765, -0.015922577159797037], [-0.05113354603878886, -0.015922577159797037, 0.17930561765922381]], "chi2_level": 0.95, "chi2_df": 3, "chi2_threshold": 7.814727903251179, "N_raw": 104, "N_roi": 104, "N_inlier": 98, "refit": true}
{"timestamp": "12:01:38.420959", "frame": 94, "mu": [-0.29301034639849916, 2.09713341430098, 0.9807178221847613], "Sigma": [[0.026538907768677154, -0.002885934562304058, -0.01135979622240428], [-0.002885934562304059, 0.007340375165849399, -0.0181233326870976], [-0.011359796222404276, -0.0181233326870976, 0.10879070611597294]], "chi2_level": 0.95, "chi2_df": 3, "chi2_threshold": 7.814727903251179, "N_raw": 128, "N_roi": 128, "N_inlier": 116, "refit": true}
{"timestamp": "12:01:38.470383", "frame": 95, "mu": [-0.40074872157078184, 2.06936062485831, 0.8888623639626373], "Sigma": [[0.034242072589527245, -0.010483520599652303, -0.014955309171407215], [-0.010483520599652303, 0.015134469525439004, -0.030037692921695003], [-0.014955309171407215, -0.030037692921695003, 0.11601549299721975]], "chi2_level": 0.95, "chi2_df": 3, "chi2_threshold": 7.814727903251179, "N_raw": 84, "N_roi": 84, "N_inlier": 79, "refit": true}
{"timestamp": "12:01:38.517837", "frame": 96, "mu": [-0.3176807016476269, 2.0071393942616824, 1.0291310188809457], "Sigma": [[0.008813913594180193, 0.0012016324394140071, -0.015067883024758198], [0.0012016324394140071, 0.002321568529559612, -0.006152679719597414], [-0.015067883024758198, -0.006152679719597415, 0.04558183237775916]], "chi2_level": 0.95, "chi2_df": 3, "chi2_threshold": 7.814727903251179, "N_raw": 42, "N_roi": 42, "N_inlier": 37, "refit": true}
{"timestamp": "12:01:38.575013", "frame": 97, "mu": [-0.3510315277580899, 1.9390026475396858, 1.187770388430807], "Sigma": [[0.019317531810928663, -0.0014192703274220303, -0.016838127121438097], [-0.0014192703274220303, 0.0024573739074232564, -0.0007226602460669063], [-0.016838127121438097, -0.0007226602460669064, 0.016920433583562818]], "chi2_level": 0.95, "chi2_df": 3, "chi2_threshold": 7.814727903251179, "N_raw": 61, "N_roi": 61, "N_inlier": 56, "refit": true}
{"timestamp": "12:01:38.630645", "frame": 98, "mu": [-0.4506448191447987, 1.9036397743230247, 1.2268268716294948], "Sigma": [[0.010510739008738118, 0.0005595943963753101, -0.013856514281015581], [0.0005595943963753104, 0.002099878243024076, -0.003298091132392076], [-0.013856514281015581, -0.003298091132392075, 0.022073996847746767]], "chi2_level": 0.95, "chi2_df": 3, "chi2_threshold": 7.814727903251179, "N_raw": 64, "N_roi": 64, "N_inlier": 60, "refit": true}
{"timestamp": "12:01:38.692677", "frame": 99, "mu": [-0.4211708011780661, 1.8358850142957983, 1.160411907504417], "Sigma": [[0.018335359708171003, -0.006966492140187727, -0.02062250247573702], [-0.006966492140187727, 0.008122264867052875, 0.004584749569515286], [-0.02062250247573702, 0.004584749569515286, 0.026045764861905393]], "chi2_level": 0.95, "chi2_df": 3, "chi2_threshold": 7.814727903251179, "N_raw": 109, "N_roi": 109, "N_inlier": 105, "refit": true}
{"timestamp": "12:01:38.849812", "frame": 100, "mu": [-0.5267229769993617, 1.837219064335887, 1.2381633644207974], "Sigma": [[0.011003008100075476, -0.0004977960600795954, -0.015287867382355349], [-0.0004977960600795954, 0.006475038620897593, -0.0010198374265512646], [-0.015287867382355349, -0.0010198374265512641, 0.023145215360716308]], "chi2_level": 0.95, "chi2_df": 3, "chi2_threshold": 7.814727903251179, "N_raw": 80, "N_roi": 80, "N_inlier": 76, "refit": true}
{"timestamp": "12:01:38.878199", "frame": 101, "mu": [-0.5833302258050131, 1.7357251082374052, 1.2396305367167593], "Sigma": [[0.018164571197640048, -0.0043044970734363855, -0.018420180606345125], [-0.004304497073436385, 0.0042272149315416814, 0.003224209735507872], [-0.018420180606345125, 0.003224209735507872, 0.024991338739837155]], "chi2_level": 0.95, "chi2_df": 3, "chi2_threshold": 7.814727903251179, "N_raw": 89, "N_roi": 89, "N_inlier": 85, "refit": true}
{"timestamp": "12:01:38.908558", "frame": 102, "mu": [-0.7345692231382971, 1.7082650783692916, 1.254098803529245], "Sigma": [[0.014472076977375794, 0.004266668992696768, -0.009132908840941548], [0.004266668992696768, 0.004363027376791334, -0.004653388451291351], [-0.009132908840941548, -0.004653388451291352, 0.0074200994293100635]], "chi2_level": 0.95, "chi2_df": 3, "chi2_threshold": 7.814727903251179, "N_raw": 64, "N_roi": 64, "N_inlier": 58, "refit": true}
{"timestamp": "12:01:38.940567", "frame": 103, "mu": [-0.6543521369921443, 1.6562403625016135, -0.7280631176721033], "Sigma": [[0.013850340882666401, -0.005574139487158721, -0.01453116039618555], [-0.00557413948715872, 0.00661162419246366, 0.004280650174338893], [-0.014531160396185551, 0.004280650174338893, 0.020063947839787415]], "chi2_level": 0.95, "chi2_df": 3, "chi2_threshold": 7.814727903251179, "N_raw": 77, "N_roi": 77, "N_inlier": 68, "refit": true}
{"timestamp": "12:01:38.970559", "frame": 104, "mu": [-0.6111686372047614, 1.619933943169017, 1.1006158215686013], "Sigma": [[0.011172932514264348, 0.001607306081964658, -0.0014493127541689128], [0.001607306081964658, 0.00662676704355574, -0.003109263360506059], [-0.0014493127541689128, -0.003109263360506059, 0.002787411028228714]], "chi2_level": 0.95, "chi2_df": 3, "chi2_threshold": 7.814727903251179, "N_raw": 96, "N_roi": 96, "N_inlier": 91, "refit": true}
{"timestamp": "12:01:39.017878", "frame": 105, "mu": [-0.7097327397194911, 1.644573629795884, 1.1787457357587887], "Sigma": [[0.009714095242017518, -0.0056578925377107694, -0.003423794006921929], [-0.005657892537710769, 0.0075833538907123495, -0.0008099218280135693], [-0.003423794006921929, -0.0008099218280135693, 0.004118903605139433]], "chi2_level": 0.95, "chi2_df": 3, "chi2_threshold": 7.814727903251179, "N_raw": 74, "N_roi": 74, "N_inlier": 72, "refit": true}
{"timestamp": "12:01:39.072559", "frame": 106, "mu": [-0.7133912878573095, 1.624804612437483, 1.1963388852768628], "Sigma": [[0.008771903752315619, -0.0042753372918760855, -0.005195343374484805], [-0.0042753372918760855, 0.007405452207124339, -0.00028115955987994103], [-0.005195343374484805, -0.0002811595598799408, 0.005212826758515238]], "chi2_level": 0.95, "chi2_df": 3, "chi2_threshold": 7.814727903251179, "N_raw": 73, "N_roi": 73, "N_inlier": 70, "refit": true}
{"timestamp": "12:01:39.119102", "frame": 107, "mu": [-0.8579831850390495, 1.48910311510603, 1.340556274368265], "Sigma": [[0.07484302868956177, 0.03364426702624983, -0.060408904647684517], [0.03364426702624983, 0.02238812706651525, -0.02840030530290989], [-0.060408904647684517, -0.028400305302909892, 0.0494765605858399]], "chi2_level": 0.95, "chi2_df": 3, "chi2_threshold": 7.814727903251179, "N_raw": 21, "N_roi": 20, "N_inlier": 18, "refit": true}
{"timestamp": "12:01:39.177908", "frame": 108, "mu": [-0.8517454230668374, 1.5613860207093668, 1.2358023943187748], "Sigma": [[0.01605144104543994, -0.006374419501967702, -0.0036269673584601253], [-0.006374419501967702, 0.005306032320263607, -0.0007397839362077718], [-0.0036269673584601253, -0.0007397839362077719, 0.0033942393077023058]], "chi2_level": 0.95, "chi2_df": 3, "chi2_threshold": 7.814727903251179, "N_raw": 48, "N_roi": 48, "N_inlier": 46, "refit": true}
{"timestamp": "12:01:39.234294", "frame": 109, "mu": [-1.075157212070228, 1.3298081883478048, 1.4801810062629426], "Sigma": [[0.1584790564647671, 0.06994750468456251, -0.14816637349973824], [0.06994750468456251, 0.034402474279608394, -0.06746643485268769], [-0.14816637349973824, -0.06746643485268769, 0.14064007523453395]], "chi2_level": 0.95, "chi2_df": 3, "chi2_threshold": 7.814727903251179, "N_raw": 53, "N_roi": 53, "N_inlier": 51, "refit": true}
{"timestamp": "12:01:39.288586", "frame": 110, "mu": [-1.0051331316037946, 1.4703988214186856, -0.18778259905211236], "Sigma": [[0.11149387349541948, 0.07471900183069968, -0.09068892218768812], [0.07471900183069968, 0.0570127220548244, -0.06453105163443604], [-0.09068892218768813, -0.06453105163443604, 0.07817823024588469]], "chi2_level": 0.95, "chi2_df": 3, "chi2_threshold": 7.814727903251179, "N_raw": 44, "N_roi": 44, "N_inlier": 41, "refit": true}
{"timestamp": "12:01:39.346431", "frame": 111, "mu": [-1.094526522241249, 1.39082219419578, 1.4039522081802824], "Sigma": [[0.05723857418653179, 0.0250443026178038, -0.04738327258066453], [0.0250443026178038, 0.024055616195231805, -0.02878751773055811], [-0.047383272580664534, -0.028787517730558106, 0.04483116303942821]], "chi2_level": 0.95, "chi2_df": 3, "chi2_threshold": 7.814727903251179, "N_raw": 72, "N_roi": 72, "N_inlier": 69, "refit": true}
{"timestamp": "12:01:39.400113", "frame": 112, "mu": [-1.2316958279720975, 1.3202994386331048, -0.1606275463139062], "Sigma": [[0.088547861504638, 0.05626682688959251, -0.0449830189911973], [0.05626682688959251, 0.04217896056595685, -0.03140138012172946], [-0.0449830189911973, -0.03140138012172946, 0.024637230124070944]], "chi2_level": 0.95, "chi2_df": 3, "chi2_threshold": 7.814727903251179, "N_raw": 53, "N_roi": 53, "N_inlier": 47, "refit": true}
{"timestamp": "12:01:39.456387", "frame": 113, "mu": [-1.4579386226248747, 1.1254275091080939, 1.5823164128656169], "Sigma": [[0.03309912961197704, 0.020477113362393565, -0.028257854577039436], [0.020477113362393565, 0.022136247651222386, -0.019247990122316462], [-0.02825785457703944, -0.019247990122316466, 0.02746110375725169]], "chi2_level": 0.95, "chi2_df": 3, "chi2_threshold": 7.814727903251179, "N_raw": 72, "N_roi": 72, "N_inlier": 69, "refit": true}
{"timestamp": "12:01:39.511165", "frame": 114, "mu": [-1.0254036836661158, 1.2802011607521313, 1.269135289349265], "Sigma": [[0.005572044094511446, 0.0010207402999174585, -0.003217606102522151], [0.001020740299917458, 0.004690293605435052, -0.003757010479802679], [-0.003217606102522151, -0.003757010479802679, 0.004646267344719451]], "chi2_level": 0.95, "chi2_df": 3, "chi2_threshold": 7.814727903251179, "N_raw": 64, "N_roi": 64, "N_inlier": 56, "refit": true}
{"timestamp": "12:01:39.569660", "frame": 115, "mu": [-1.284944084852039, 1.173287792893678, 1.4326317852733774], "Sigma": [[0.04055390898309698, 0.015019412124921078, -0.02856511573713566], [0.015019412124921078, 0.011072875403013117, -0.013725857486012004], [-0.02856511573713566, -0.013725857486012004, 0.022679817175589333]], "chi2_level": 0.95, "chi2_df": 3, "chi2_threshold": 7.814727903251179, "N_raw": 90, "N_roi": 90, "N_inlier": 85, "refit": true}
{"timestamp": "12:01:39.625059", "frame": 116, "mu": [-1.3395981614211647, 1.0858867880639664, 1.4243892589068308], "Sigma": [[0.025270105470335272, 0.009503845865023512, -0.01588646837969661], [0.009503845865023512, 0.009246157873327563, -0.009224745168233456], [-0.01588646837969661, -0.009224745168233456, 0.012672991036315655]], "chi2_level": 0.95, "chi2_df": 3, "chi2_threshold": 7.814727903251179, "N_raw": 90, "N_roi": 90, "N_inlier": 88, "refit": true}
{"timestamp": "12:01:39.678167", "frame": 117, "mu": [-1.2582223505549999, 1.0284355648719243, 1.30745947039363], "Sigma": [[0.01502963189812234, 0.008007324020921441, -0.007880324018368834], [0.008007324020921441, 0.008161695270027846, -0.006876472415508919], [-0.007880324018368832, -0.006876472415508919, 0.007010868121931646]], "chi2_level": 0.95, "chi2_df": 3, "chi2_threshold": 7.814727903251179, "N_raw": 78, "N_roi": 78, "N_inlier": 74, "refit": true}
