{"timestamp": "12:01:07.137372", "frame": 32, "mu": [1.5167117386777669, 0.6097626211569663, -1.0831625370382274], "Sigma": [[0.001660998711828029, -0.002313783927752899, -0.0008183515339738668], [-0.002313783927752899, 0.009970708506639957, -2.5903273556184838e-05], [-0.0008183515339738666, -2.5903273556184838e-05, 0.002687267350353047]], "chi2_level": 0.95, "chi2_df": 3, "chi2_threshold": 7.814727903251179, "N_raw": 16, "N_roi": 16, "N_inlier": 15, "refit": true}
{"timestamp": "12:01:07.193245", "frame": 33, "mu": [0.24030767224420885, 0.32212784954012463, 0.9405038267661314], "Sigma": [[2.3288220784386606, 0.08146349579370453, 0.01149137137798998], [0.08146349579370453, 0.0068878765193575, 0.0004719740335802874], [0.01149137137798998, 0.0004719740335802877, 0.0017937126177395904]], "chi2_level": 0.95, "chi2_df": 3, "chi2_threshold": 7.814727903251179, "N_raw": 25, "N_roi": 25, "N_inlier": 23, "refit": true}
{"timestamp": "12:01:07.248944", "frame": 34, "mu": [-0.05004026871597091, 0.33931441809562185, 0.9717111702359346], "Sigma": [[2.4057513295209905, 0.06351833502061363, 0.015245957622158662], [0.06351833502061362, 0.008995932568849776, -0.0005089587691272068], [0.015245957622158662, -0.0005089587691272068, 0.002247725273605482]], "chi2_level": 0.95, "chi2_df": 3, "chi2_threshold": 7.814727903251179, "N_raw": 30, "N_roi": 30, "N_inlier": 29, "refit": true}
{"timestamp": "12:01:07.307288", "frame": 35, "mu": [-0.23279815770420365, 0.3730440968290958, 1.0191616680545168], "Sigma": [[2.250119723671819, 0.0611937797526617, 0.00966463627919498], [0.061193779752661694, 0.008247046019268995, -0.001733044675116472], [0.00966463627919498, -0.0017330446751164723, 0.00489520120801252]], "chi2_level": 0.95, "chi2_df": 3, "chi2_threshold": 7.814727903251179, "N_raw": 48, "N_roi": 48, "N_inlier": 44, "refit": true}
{"timestamp": "12:01:07.361658", "frame": 36, "mu": [-1.3476571603721201, 0.4226268671159643, 1.24041095350732], "Sigma": [[0.024218882985191044, -0.00379383547238017, 0.02315847786408063], [-0.00379383547238017, 0.006330683575405727, -0.009421620133087035], [0.02315847786408063, -0.009421620133087037, 0.03043702154178355]], "chi2_level": 0.95, "chi2_df": 3, "chi2_threshold": 7.814727903251179, "N_raw": 48, "N_roi": 48, "N_inlier": 44, "refit": true}
{"timestamp": "12:01:07.419572", "frame": 37, "mu": [-0.9128668701549978, 0.3584077386322174, 1.1604131255624666], "Sigma": [[1.056256138395057, -0.0314866042195298, 0.06196166915405265], [-0.0314866042195298, 0.005614635194557507, -0.007334025047722343], [0.061961669154052657, -0.007334025047722344, 0.03482036402510283]], "chi2_level": 0.95, "chi2_df": 3, "chi2_threshold": 7.814727903251179, "N_raw": 70, "N_roi": 70, "N_inlier": 63, "refit": true}
{"timestamp": "12:01:07.473573", "frame": 38, "mu": [-0.8437275421424615, 0.4861095720287461, -0.5751630185722424], "Sigma": [[0.7920949113571344, -0.027521643170457265, 0.05904184314022223], [-0.02752164317045726, 0.005280883741535384, -0.008264034768855268], [0.05904184314022223, -0.008264034768855268, 0.03349483683531538]], "chi2_level": 0.95, "chi2_df": 3, "chi2_threshold": 7.814727903251179, "N_raw": 63, "N_roi": 63, "N_inlier": 58, "refit": true}
{"timestamp": "12:01:07.530032", "frame": 39, "mu": [-0.32399972857005555, 0.3049125872032759, 1.3334923875721065], "Sigma": [[1.245185039265966, -0.002921431054290145, -0.026295063853711765], [-0.002921431054290145, 0.005385643941251259, 0.002008459714280085], [-0.02629506385371177, 0.0020084597142800854, 0.01369676548201861]], "chi2_level": 0.95, "chi2_df": 3, "chi2_threshold": 7.814727903251179, "N_raw": 67, "N_roi": 67, "N_inlier": 63, "refit": true}
{"timestamp": "12:01:07.582610", "frame": 40, "mu": [-0.9970885296356948, 0.35801052515112924, 1.4428101711144476], "Sigma": [[0.19571520194665332, -0.008516267787153257, 0.01042936685021176], [-0.008516267787153255, 0.004622736944290422, -0.00224006353784247], [0.01042936685021176, -0.00224006353784247, 0.004434123500135181]], "chi2_level": 0.95, "chi2_df": 3, "chi2_threshold": 7.814727903251179, "N_raw": 57, "N_roi": 57, "N_inlier": 50, "refit": true}
{"timestamp": "12:01:07.640047", "frame": 41, "mu": [-1.087198646760012, 0.3849271002945103, 1.440640758238353], "Sigma": [[0.007917430783967725, 0.00426006610048253, 0.0033877989668134115], [0.00426006610048253, 0.005174526604885566, -0.0012370327352647032], [0.003387798966813412, -0.0012370327352647032, 0.0081742175747979]], "chi2_level": 0.95, "chi2_df": 3, "chi2_threshold": 7.814727903251179, "N_raw": 73, "N_roi": 73, "N_inlier": 66, "refit": true}
{"timestamp": "12:01:07.694876", "frame": 42, "mu": [-1.0758462160566709, 0.41771428715065606, 1.4592663195708895], "Sigma": [[0.007522393962311187, 0.004115238033837891, 0.004160633452798376], [0.004115238033837891, 0.005663280739326266, -0.0008673063322609986], [0.0041606334527983764, -0.0008673063322609986, 0.009455902077609083]], "chi2_level": 0.95, "chi2_df": 3, "chi2_threshold": 7.814727903251179, "N_raw": 73, "N_roi": 73, "N_inlier": 69, "refit": true}
{"timestamp": "12:01:07.751337", "frame": 43, "mu": [-1.0402390589804231, 0.4630711418440149, 1.498582126033174], "Sigma": [[0.008735106718248417, 0.004421486448286724, 0.004396673724633406], [0.004421486448286724, 0.005584135877378694, -0.0007453893967978485], [0.004396673724633406, -0.0007453893967978485, 0.009605413905044538]], "chi2_level": 0.95, "chi2_df": 3, "chi2_threshold": 7.814727903251179, "N_raw": 77, "N_roi": 77, "N_inlier": 76, "refit": true}
{"timestamp": "12:01:07.808220", "frame": 44, "mu": [-1.0511928498333765, 0.4588751588873333, 1.4294326953627359], "Sigma": [[0.0126720740945237, 0.007842553345996615, 0.005582259376556405], [0.007842553345996615, 0.00961316301199076, 0.0003304867446366765], [0.005582259376556405, 0.0003304867446366764, 0.0072381190805639395]], "chi2_level": 0.95, "chi2_df": 3, "chi2_threshold": 7.814727903251179, "N_raw": 89, "N_roi": 89, "N_inlier": 83, "refit": true}
{"timestamp": "12:01:07.856737", "frame": 45, "mu": [-1.019718138262237, 0.4048682164809971, 1.3704371382145124], "Sigma": [[0.0057785079346079704, -0.00039352071028869766, 0.0003330610506850971], [-0.00039352071028869766, 0.004565378109599896, -0.0019423152867522654], [0.000333061050685097, -0.0019423152867522656, 0.0012638554771608698]], "chi2_level": 0.95, "chi2_df": 3, "chi2_threshold": 7.814727903251179, "N_raw": 49, "N_roi": 49, "N_inlier": 45, "refit": true}
{"timestamp": "12:01:07.914818", "frame": 46, "mu": [-0.9655321851669578, 0.5981745692939815, 1.5816198830508907], "Sigma": [[0.007989465226913546, 0.0014870774438425307, -0.0016367988967849847], [0.0014870774438425311, 0.003707525515303652, -0.0028327314799079626], [-0.0016367988967849849, -0.0028327314799079626, 0.0025286216919681625]], "chi2_level": 0.95, "chi2_df": 3, "chi2_threshold": 7.814727903251179, "N_raw": 68, "N_roi": 68, "N_inlier": 66, "refit": true}
{"timestamp": "12:01:07.970956", "frame": 47, "mu": [-0.9531534057219949, 0.6444315386149764, 1.5667577913388324], "Sigma": [[0.011377352305161799, 0.0021260298849168644, -0.0011951703025605003], [0.0021260298849168644, 0.0027347533266176894, -0.0017638632493676546], [-0.0011951703025605003, -0.0017638632493676546, 0.004327084917560829]], "chi2_level": 0.95, "chi2_df": 3, "chi2_threshold": 7.814727903251179, "N_raw": 75, "N_roi": 75, "N_inlier": 72, "refit": true}
{"timestamp": "12:01:08.031697", "frame": 48, "mu": [-0.9402248915605422, 0.6916664792537658, 1.6063450097719656], "Sigma": [[0.014225950982801872, 0.0035003493494345757, -0.0038022811849449173], [0.003500349349434576, 0.00390445604482245, -0.0036626313984197936], [-0.0038022811849449173, -0.0036626313984197936, 0.007210876709961879]], "chi2_level": 0.95, "chi2_df": 3, "chi2_threshold": 7.814727903251179, "N_raw": 101, "N_roi": 101, "N_inlier": 95, "refit": true}
{"timestamp": "12:01:08.079582", "frame": 49, "mu": [-0.9757098024990339, 0.7063122015258094, 1.6761949099296356], "Sigma": [[0.007159147968754119, 0.001343708097483259, -0.004602702644042411], [0.001343708097483259, 0.0050621909949875275, -0.005381801879641401], [-0.004602702644042411, -0.0053818018796414, 0.010825344057049118]], "chi2_level": 0.95, "chi2_df": 3, "chi2_threshold": 7.814727903251179, "N_raw": 43, "N_roi": 43, "N_inlier": 41, "refit": true}
{"timestamp": "12:01:08.134072", "frame": 50, "mu": [-1.0334950691530431, 0.7067446430605904, 1.7140417625873203], "Sigma": [[0.007430113875869052, 0.0031476896308122093, -0.002287459892058744], [0.0031476896308122093, 0.005364899597070366, -0.005818346493284575], [-0.002287459892058744, -0.005818346493284575, 0.011406524164522184]], "chi2_level": 0.95, "chi2_df": 3, "chi2_threshold": 7.814727903251179, "N_raw": 49, "N_roi": 49, "N_inlier": 47, "refit": true}
{"timestamp": "12:01:08.191255", "frame": 51, "mu": [-0.9480597582074092, 0.793018349951302, 1.6580956136548444], "Sigma": [[0.01970423956248065, 0.009455009781391549, -0.013735616813970591], [0.009455009781391549, 0.007881976223560473, -0.009767894971464759], [-0.013735616813970591, -0.009767894971464759, 0.03497284494648999]], "chi2_level": 0.95, "chi2_df": 3, "chi2_threshold": 7.814727903251179, "N_raw": 59, "N_roi": 59, "N_inlier": 55, "refit": true}
{"timestamp": "12:01:08.243072", "frame": 52, "mu": [-0.6909111601175696, 0.9341854263945648, 1.349314298974659], "Sigma": [[0.0049649141171606275, -0.0031060634114639402, -0.01711730210421207], [-0.0031060634114639402, 0.004609843219943985, 0.01805412203636853], [-0.01711730210421207, 0.01805412203636853, 0.10761866065194214]], "chi2_level": 0.95, "chi2_df": 3, "chi2_threshold": 7.814727903251179, "N_raw": 38, "N_roi": 38, "N_inlier": 34, "refit": true}
{"timestamp": "12:01:08.297439", "frame": 53, "mu": [-0.6743796631585056, 1.0160094682601741, 1.5660340650894442], "Sigma": [[0.005932608254641582, -0.0007177356162113809, 0.00023802678025937703], [-0.0007177356162113808, 0.0016059496444852943, -0.0005244992847182324], [0.000238026780259377, -0.0005244992847182324, 0.0007655426727011037]], "chi2_level": 0.95, "chi2_df": 3, "chi2_threshold": 7.814727903251179, "N_raw": 34, "N_roi": 34, "N_inlier": 32, "refit": true}
{"timestamp": "12:01:08.353906", "frame": 54, "mu": [-0.6092207629219958, 1.0551070639048687, 1.5735601726919524], "Sigma": [[0.002986249041038493, -0.0007619251382471574, -0.0008034394665711301], [-0.0007619251382471575, 0.003999518151129094, -0.001043051938552927], [-0.0008034394665711301, -0.001043051938552927, 0.0007920812921381579]], "chi2_level": 0.95, "chi2_df": 3, "chi2_threshold": 7.814727903251179, "N_raw": 50, "N_roi": 50, "N_inlier": 48, "refit": true}
{"timestamp": "12:01:08.407129", "frame": 55, "mu": [-0.590921599001081, 1.0820755404634685, 1.573267531720339], "Sigma": [[0.003489164179504031, -0.0007368266924570096, -0.00085371012955523], [-0.0007368266924570096, 0.0015059409611000647, -0.0003049140391017406], [-0.0008537101295552298, -0.0003049140391017406, 0.0005933465996782946]], "chi2_level": 0.95, "chi2_df": 3, "chi2_threshold": 7.814727903251179, "N_raw": 31, "N_roi": 31, "N_inlier": 29, "refit": true}
{"timestamp": "12:01:08.467229", "frame": 56, "mu": [-0.5870412561770182, 1.0935576045330524, 1.4245595458230074], "Sigma": [[0.0037101788723276213, 0.0009483390647886478, 0.0014532819055699604], [0.0009483390647886478, 0.0022265632999441346, -0.0031871232571908867], [0.0014532819055699602, -0.0031871232571908867, 0.009665308986831473]], "chi2_level": 0.95, "chi2_df": 3, "chi2_threshold": 7.814727903251179, "N_raw": 66, "N_roi": 66, "N_inlier": 62, "refit": true}
{"timestamp": "12:01:08.526977", "frame": 57, "mu": [-0.5293942522277614, 1.1183221816478288, 1.4116813240586048], "Sigma": [[0.0036098990034459525, -0.00038440224369193105, 0.0014607263111750366], [-0.00038440224369193105, 0.0073475273504156535, 0.001113593767377628], [0.0014607263111750366, 0.0011135937673776284, 0.031621933733723295]], "chi2_level": 0.95, "chi2_df": 3, "chi2_threshold": 7.814727903251179, "N_raw": 98, "N_roi": 98, "N_inlier": 95, "refit": true}
{"timestamp": "12:01:08.578791", "frame": 58, "mu": [-0.4944451738017263, 1.0605597566455502, 1.2870457121370265], "Sigma": [[0.00388961843501968, -0.0032008166534249296, -0.0010909046209663668], [-0.00320081665342493, 0.012945445191484066, 0.0026988198689353315], [-0.001090904620966367, 0.0026988198689353315, 0.0020112019253331723]], "chi2_level": 0.95, "chi2_df": 3, "chi2_threshold": 7.814727903251179, "N_raw": 65, "N_roi": 65, "N_inlier": 62, "refit": true}
{"timestamp": "12:01:08.635781", "frame": 59, "mu": [-0.47357585487500414, 1.3091498386276434, -0.28116282852037433], "Sigma": [[0.005815371101578798, -0.0024934190238086688, 0.0014914499067990405], [-0.0024934190238086688, 0.0062191626861765326, -0.006601509698509208], [0.0014914499067990407, -0.006601509698509209, 0.00959159054925625]], "chi2_level": 0.95, "chi2_df": 3, "chi2_threshold": 7.814727903251179, "N_raw": 90, "N_roi": 90, "N_inlier": 87, "refit": true}
{"timestamp": "12:01:08.688817", "frame": 60, "mu": [-0.4261076621720754, 1.2326030851794332, 1.3795439375661909], "Sigma": [[0.00555458234174843, -0.00029432469196971807, 0.0054005094446859785], [-0.00029432469196971807, 0.0014421476730478327, -0.0029162503452878617], [0.0054005094446859785, -0.0029162503452878617, 0.014249466178979762]], "chi2_level": 0.95, "chi2_df": 3, "chi2_threshold": 7.814727903251179, "N_raw": 72, "N_roi": 72, "N_inlier": 69, "refit": true}
{"timestamp": "12:01:08.745227", "frame": 61, "mu": [-0.3934223438181244, 1.2896309100317418, 1.3931108086335533], "Sigma": [[0.00554160266588835, -0.001248530065567604, 0.004230260848767829], [-0.001248530065567604, 0.0025181791773577983, -0.005905217599545584], [0.004230260848767828, -0.005905217599545584, 0.02027748937171749]], "chi2_level": 0.95, "chi2_df": 3, "chi2_threshold": 7.814727903251179, "N_raw": 90, "N_roi": 90, "N_inlier": 87, "refit": true}
{"timestamp": "12:01:08.799819", "frame": 62, "mu": [-0.31015054537876036, 1.3087327755515554, 1.4376588357911952], "Sigma": [[0.005784424232858577, -0.0037232204636053, 0.0005627136150585358], [-0.0037232204636053, 0.010021602839534429, -0.000528967203551454], [0.0005627136150585358, -0.000528967203551454, 0.00787569324319334]], "chi2_level": 0.95, "chi2_df": 3, "chi2_threshold": 7.814727903251179, "N_raw": 83, "N_roi": 81, "N_inlier": 79, "refit": true}
{"timestamp": "12:01:08.855607", "frame": 63, "mu": [-0.2764406801472237, 1.28728990120704, 1.3567935565944707], "Sigma": [[0.005409953622747568, -0.004437551389523455, -0.002576557212414251], [-0.004437551389523455, 0.011581959665944918, 0.0009494837212876743], [-0.002576557212414251, 0.0009494837212876743, 0.0040264080411744]], "chi2_level": 0.95, "chi2_df": 3, "chi2_threshold": 7.814727903251179, "N_raw": 87, "N_roi": 87, "N_inlier": 83, "refit": true}
{"timestamp": "12:01:08.916966", "frame": 64, "mu": [-0.30229959599947664, 1.3766322026875846, 1.1541215564346285], "Sigma": [[0.016370262158713476, 0.0016055113758632654, 0.05807627132406642], [0.0016055113758632654, 0.010312971608535908, 0.017685426914567152], [0.05807627132406642, 0.017685426914567152, 0.31317443448256527]], "chi2_level": 0.95, "chi2_df": 3, "chi2_threshold": 7.814727903251179, "N_raw": 127, "N_roi": 127, "N_inlier": 125, "refit": true}
{"timestamp": "12:01:08.974958", "frame": 65, "mu": [-0.2547989991332571, 1.4024515580813648, 1.0849267389486754], "Sigma": [[0.014968658235000263, -0.0026401576027794576, 0.04231937985284777], [-0.0026401576027794576, 0.010819135805031741, 0.006763621129582691], [0.04231937985284777, 0.006763621129582691, 0.26959898807478594]], "chi2_level": 0.95, "chi2_df": 3, "chi2_threshold": 7.814727903251179, "N_raw": 148, "N_roi": 148, "N_inlier": 146, "refit": true}
{"timestamp": "12:01:09.021630", "frame": 66, "mu": [-0.18242613757966877, 1.532452181024409, 0.19197918254889917], "Sigma": [[0.005433376238881289, -0.002156842202656722, 0.022683617636717744], [-0.0021568422026567217, 0.01086816053796508, -0.006943144517854523], [0.022683617636717744, -0.006943144517854523, 0.32116245054658493]], "chi2_level": 0.95, "chi2_df": 3, "chi2_threshold": 7.814727903251179, "N_raw": 87, "N_roi": 85, "N_inlier": 84, "refit": true}
{"timestamp": "12:01:09.078767", "frame": 67, "mu": [-0.1662347145007262, 1.449351269948481, 1.3492875304525], "Sigma": [[0.010412699168973171, 0.0036554304798055628, 0.021797379985120158], [0.0036554304798055628, 0.01191913351451567, 0.02323079509156519], [0.021797379985120158, 0.02323079509156519, 0.10803627627177614]], "chi2_level": 0.95, "chi2_df": 3, "chi2_threshold": 7.814727903251179, "N_raw": 108, "N_roi": 107, "N_inlier": 101, "refit": true}
{"timestamp": "12:01:09.140062", "frame": 68, "mu": [-0.14846411312647706, 1.5554972134828429, -0.7094001077834708], "Sigma": [[0.010121825635170894, 0.00472889251348536, 0.06919214801110764], [0.004728892513485362, 0.02270395234453315, 0.01355454751677681], [0.06919214801110764, 0.013554547516776809, 0.8050049765433508]], "chi2_level": 0.95, "chi2_df": 3, "chi2_threshold": 7.814727903251179, "N_raw": 148, "N_roi": 148, "N_inlier": 137, "refit": true}
{"timestamp": "12:01:09.189610", "frame": 69, "mu": [-0.14147981403883197, 1.5688353864803781, 1.2864586714972568], "Sigma": [[0.029024953960352443, -0.0022607959751384126, 0.05415780362038828], [-0.002260795975138412, 0.008911227814885778, 0.0012413032492976763], [0.05415780362038827, 0.0012413032492976758, 0.1385934871737071]], "chi2_level": 0.95, "chi2_df": 3, "chi2_threshold": 7.814727903251179, "N_raw": 112, "N_roi": 112, "N_inlier": 106, "refit": true}
{"timestamp": "12:01:09.242681", "frame": 70, "mu": [-0.10258330282999642, 1.6103890303324866, 1.3661680839303993], "Sigma": [[0.01665550081413037, -0.00032722819776467946, 0.03185562215505503], [-0.0003272281977646793, 0.007515361166645065, 0.006714410307766403], [0.03185562215505503, 0.006714410307766402, 0.10120510919732678]], "chi2_level": 0.95, "chi2_df": 3, "chi2_threshold": 7.814727903251179, "N_raw": 100, "N_roi": 100, "N_inlier": 95, "refit": true}
{"timestamp": "12:01:09.295087", "frame": 71, "mu": [-0.019680613586322768, 1.6421274361432752, 1.419563337967357], "Sigma": [[0.006203095176594728, 0.0023051182502322066, 0.010108930079135643], [0.0023051182502322066, 0.011230616091367008, 0.028393610615108582], [0.010108930079135643, 0.028393610615108582, 0.12033235620753165]], "chi2_level": 0.95, "chi2_df": 3, "chi2_threshold": 7.814727903251179, "N_raw": 82, "N_roi": 82, "N_inlier": 77, "refit": true}
{"timestamp": "12:01:09.348276", "frame": 72, "mu": [0.03801572975771893, 1.778312096784827, 0.057509648215319856], "Sigma": [[0.004889551588954202, 0.0003494681091186896, -0.0007173157213673383], [0.00034946810911868975, 0.006632302999444389, 0.0009055850054408521], [-0.0007173157213673383, 0.0009055850054408521, 0.015396199518100175]], "chi2_level": 0.95, "chi2_df": 3, "chi2_threshold": 7.814727903251179, "N_raw": 70, "N_roi": 69, "N_inlier": 62, "refit": true}
{"timestamp": "12:01:09.403624", "frame": 73, "mu": [0.059785594286720596, 1.829235476724922, 0.08381226693609227], "Sigma": [[0.005358576600052408, -0.0003069180573243432, -0.0031454854003437737], [-0.0003069180573243432, 0.0075988881633868135, 0.005409735337087357], [-0.0031454854003437737, 0.005409735337087357, 0.010734954423394028]], "chi2_level": 0.95, "chi2_df": 3, "chi2_threshold": 7.814727903251179, "N_raw": 76, "N_roi": 76, "N_inlier": 69, "refit": true}
{"timestamp": "12:01:09.465754", "frame": 74, "mu": [0.03201962634666222, 1.7584091971710378, 1.1603032648191327], "Sigma": [[0.019566685823933408, 0.01425624938927364, 0.06708691375851202], [0.01425624938927364, 0.029497795395587622, 0.087982255167908], [0.06708691375851202, 0.087982255167908, 0.3621154088198966]], "chi2_level": 0.95, "chi2_df": 3, "chi2_threshold": 7.814727903251179, "N_raw": 129, "N_roi": 126, "N_inlier": 121, "refit": true}
{"timestamp": "12:01:09.514906", "frame": 75, "mu": [0.12494039775799279, 1.7799126854373142, 1.3080357680034218], "Sigma": [[0.0062670066150412275, -0.001002472414676001, 0.008961977722975654], [-0.0010024724146760013, 0.011463405601646525, 0.013247173984991638], [0.008961977722975654, 0.013247173984991638, 0.09329362372079097]], "chi2_level": 0.95, "chi2_df": 3, "chi2_threshold": 7.814727903251179, "N_raw": 83, "N_roi": 83, "N_inlier": 76, "refit": true}
{"timestamp": "12:01:09.575798", "frame": 76, "mu": [0.1194485403468835, 1.9069846286072758, -0.6913545334240211], "Sigma": [[0.01264105430106587, 0.008188710763932431, 0.057020324210396975], [0.008188710763932431, 0.018597681404614187, 0.03967301804828671], [0.057020324210396975, 0.03967301804828671, 0.6269420620554401]], "chi2_level": 0.95, "chi2_df": 3, "chi2_threshold": 7.814727903251179, "N_raw": 121, "N_roi": 121, "N_inlier": 115, "refit": true}
{"timestamp": "12:01:09.621098", "frame": 77, "mu": [0.24287307875891914, 1.8685591187889188, 1.4032241190030001], "Sigma": [[0.004175789082811964, -0.0016861092524878929, -0.0014333892083620641], [-0.0016861092524878929, 0.009040756808877152, 0.00457252247439182], [-0.0014333892083620641, 0.00457252247439182, 0.0031187368359207354]], "chi2_level": 0.95, "chi2_df": 3, "chi2_threshold": 7.814727903251179, "N_raw": 51, "N_roi": 50, "N_inlier": 46, "refit": true}
{"timestamp": "12:01:09.681298", "frame": 78, "mu": [0.24842711964804132, 1.889476603671879, 0.8651901336718246], "Sigma": [[0.007346081633225033, -0.0022768779888241095, 0.022787473850780608], [-0.0022768779888241095, 0.008099865008926146, -0.009081611599258205], [0.02278747385078061, -0.009081611599258205, 0.4613478378351699]], "chi2_level": 0.95, "chi2_df": 3, "chi2_threshold": 7.814727903251179, "N_raw": 98, "N_roi": 98, "N_inlier": 97, "refit": true}
{"timestamp": "12:01:09.733323", "frame": 79, "mu": [0.2766047631620017, 1.8797389127757507, -1.0020953804026052], "Sigma": [[0.012696017586816797, 0.0031071266520293897, 0.04180594594424723], [0.00310712665202939, 0.006760569526306766, -0.00960066357064325], [0.04180594594424724, -0.009600663570643252, 0.3916672143383103]], "chi2_level": 0.95, "chi2_df": 3, "chi2_threshold": 7.814727903251179, "N_raw": 68, "N_roi": 68, "N_inlier": 66, "refit": true}
{"timestamp": "12:01:09.780045", "frame": 80, "mu": [0.34246957381994764, 2.0624267185682803, 1.2290744824868138], "Sigma": [[0.001008897436128993, -0.0031037685492131778, -0.007284791204090238], [-0.0031037685492131778, 0.022617250417037715, 0.047919587382920535], [-0.007284791204090237, 0.047919587382920535, 0.37422512731782215]], "chi2_level": 0.95, "chi2_df": 3, "chi2_threshold": 7.814727903251179, "N_raw": 15, "N_roi": 15, "N_inlier": 15, "refit": true}
{"timestamp": "12:01:09.837718", "frame": 81, "mu": [0.3998480726213498, 2.0567410858613004, -0.10919557088080983], "Sigma": [[0.004257513288908243, 0.0011745757256502684, -0.0005842877845659072], [0.0011745757256502684, 0.0039970153284477295, 6.547182011707698e-05], [-0.0005842877845659071, 6.547182011707698e-05, 0.011332484406065022]], "chi2_level": 0.95, "chi2_df": 3, "chi2_threshold": 7.814727903251179, "N_raw": 36, "N_roi": 36, "N_inlier": 33, "refit": true}
{"timestamp": "12:01:09.893826", "frame": 82, "mu": [0.43507342105634744, 2.1049809111684503, -0.09938624505550946], "Sigma": [[0.005036263779984628, -0.00040766191203362524, -0.00016520148248537055], [-0.0004076619120336253, 0.004453072359207044, 0.004180716228804178], [-0.0001652014824853706, 0.004180716228804178, 0.0061886414550917064]], "chi2_level": 0.95, "chi2_df": 3, "chi2_threshold": 7.814727903251179, "N_raw": 44, "N_roi": 44, "N_inlier": 39, "refit": true}
{"timestamp": "12:01:09.947839", "frame": 83, "mu": [0.4477060382022733, 2.1590531402755224, -0.2010092813185706], "Sigma": [[0.004852518684642143, -0.0016166028973296836, 0.0014447093287470064], [-0.0016166028973296836, 0.00393954867965491, -0.004441967953555318], [0.0014447093287470064, -0.004441967953555319, 0.005966427786113707]], "chi2_level": 0.95, "chi2_df": 3, "chi2_threshold": 7.814727903251179, "N_raw": 41, "N_roi": 41, "N_inlier": 36, "refit": true}
{"timestamp": "12:01:10.009891", "frame": 84, "mu": [0.39117844889560466, 2.10757751410186, 0.9266826343553249], "Sigma": [[0.02012122347295292, -0.003485270038445117, 0.050828651037532674], [-0.003485270038445117, 0.005375043685294129, -0.008037535783425552], [0.050828651037532674, -0.008037535783425552, 0.17458408470015838]], "chi2_level": 0.95, "chi2_df": 3, "chi2_threshold": 7.814727903251179, "N_raw": 85, "N_roi": 85, "N_inlier": 82, "refit": true}
{"timestamp": "12:01:10.065605", "frame": 85, "mu": [0.4735140931398124, 2.1711157814363355, 0.8834673835436301], "Sigma": [[0.018493578291323517, 0.007329162806727956, 0.04457492659064412], [0.007329162806727956, 0.01252970987699948, 0.04832411946763059], [0.04457492659064412, 0.0483241194676306, 0.35034336389950177]], "chi2_level": 0.95, "chi2_df": 3, "chi2_threshold": 7.814727903251179, "N_raw": 87, "N_roi": 87, "N_inlier": 83, "refit": true}
{"timestamp": "12:01:10.117338", "frame": 86, "mu": [0.4154150727128742, 2.2062479344378976, 0.6176398153717121], "Sigma": [[0.020438546251835082, 0.00415437400733254, 0.04569050351834188], [0.00415437400733254, 0.0032428180358291528, 0.013667590838348799], [0.04569050351834187, 0.0136675908383488, 0.15334472455747183]], "chi2_level": 0.95, "chi2_df": 3, "chi2_threshold": 7.814727903251179, "N_raw": 68, "N_roi": 68, "N_inlier": 63, "refit": true}
{"timestamp": "12:01:10.171043", "frame": 87, "mu": [0.6278545622322222, 2.2693578016109917, 1.3167621310837567], "Sigma": [[0.006796278730994718, -0.004231156598461341, 6.180825450664341e-05], [-0.00423115659846134, 0.010049937986973184, -0.0012957216092626279], [6.180825450664341e-05, -0.0012957216092626279, 0.0033185102422382904]], "chi2_level": 0.95, "chi2_df": 3, "chi2_threshold": 7.814727903251179, "N_raw": 59, "N_roi": 59, "N_inlier": 55, "refit": true}
{"timestamp": "12:01:10.225754", "frame": 88, "mu": [0.613921416823479, 2.5146705889253957, -0.3010785126876274], "Sigma": [[0.016343579057553136, -0.02188333711765056, 0.031627754084943546], [-0.02188333711765056, 0.04607121720897489, -0.07877991925151956], [0.031627754084943546, -0.07877991925151956, 0.16746005978466705]], "chi2_level": 0.95, "chi2_df": 3, "chi2_threshold": 7.814727903251179, "N_raw": 60, "N_roi": 60, "N_inlier": 56, "refit": true}
{"timestamp": "12:01:10.283214", "frame": 89, "mu": [0.6955312372545046, 2.401149533447544, 1.356878551923688], "Sigma": [[0.01001329617595549, 0.00012920968861177825, 0.009764317413327572], [0.00012920968861177806, 0.004842932801775192, -0.0018208481442985548], [0.009764317413327572, -0.0018208481442985546, 0.043366760190268264]], "chi2_level": 0.95, "chi2_df": 3, "chi2_threshold": 7.814727903251179, "N_raw": 72, "N_roi": 72, "N_inlier": 66, "refit": true}
{"timestamp": "12:01:10.336420", "frame": 90, "mu": [0.676895942380595, 2.4696287667914305, 1.2663514591811], "Sigma": [[0.009222526618937662, -0.006258429857589537, 0.011485849101014842], [-0.006258429857589536, 0.009612876030616512, -0.017292860472845978], [0.01148584910101484, -0.017292860472845978, 0.10037893317733218]], "chi2_level": 0.95, "chi2_df": 3, "chi2_threshold": 7.814727903251179, "N_raw": 61, "N_roi": 61, "N_inlier": 57, "refit": true}
{"timestamp": "12:01:10.385492", "frame": 91, "mu": [0.7107394108553469, 2.3198807953895213, 0.43722011090676144], "Sigma": [[0.006919459816039948, -0.010290699320314001, -0.027490540589635938], [-0.010290699320314001, 0.019480583002227072, 0.06973944939457223], [-0.027490540589635945, 0.06973944939457223, 0.48040344301894194]], "chi2_level": 0.95, "chi2_df": 3, "chi2_threshold": 7.814727903251179, "N_raw": 16, "N_roi": 16, "N_inlier": 15, "refit": true}
{"timestamp": "12:01:10.442608", "frame": 92, "mu": [0.6301409626731596, 2.532067239603861, 1.0278674342051521], "Sigma": [[0.015513723327747775, -0.013097344791782813, -0.04013653561238311], [-0.013097344791782813, 0.015232337621191657, 0.04182031689553103], [-0.04013653561238311, 0.04182031689553103, 0.17685728531581468]], "chi2_level": 0.95, "chi2_df": 3, "chi2_threshold": 7.814727903251179, "N_raw": 37, "N_roi": 35, "N_inlier": 32, "refit": true}
{"timestamp": "12:01:10.494653", "frame": 93, "mu": [0.7903952836601073, 1.2835155775209164, -0.15592537134406878], "Sigma": [[0.011275885584755686, -0.08571358356127093, -0.06540594297205567], [-0.08571358356127093, 1.4221384982300074, 1.3580416643527355], [-0.06540594297205567, 1.3580416643527353, 1.3533245544919117]], "chi2_level": 0.95, "chi2_df": 3, "chi2_threshold": 7.814727903251179, "N_raw": 14, "N_roi": 14, "N_inlier": 14, "refit": true}
{"timestamp": "12:01:10.552608", "frame": 94, "mu": [0.7267926185414837, 2.6325873225190133, 1.324975967835036], "Sigma": [[0.022234816955353415, -0.01854906268417967, -0.000948247578435279], [-0.01854906268417967, 0.018815804629546865, 0.003226714259722949], [-0.0009482475784352789, 0.003226714259722949, 0.03371361012089098]], "chi2_level": 0.95, "chi2_df": 3, "chi2_threshold": 7.814727903251179, "N_raw": 37, "N_roi": 36, "N_inlier": 34, "refit": true}
{"timestamp": "12:01:10.607608", "frame": 95, "mu": [0.8895621193027327, 2.5621818919677573, 1.239525833419353], "Sigma": [[0.008990215131185033, -0.005557173410137612, -0.0002557674171266514], [-0.005557173410137612, 0.006632700841712768, -0.0032092394471288184], [-0.0002557674171266514, -0.0032092394471288184, 0.006089486797775031]], "chi2_level": 0.95, "chi2_df": 3, "chi2_threshold": 7.814727903251179, "N_raw": 36, "N_roi": 36, "N_inlier": 32, "refit": true}
{"timestamp": "12:01:10.660608", "frame": 96, "mu": [0.9348990407738152, 2.5795304419636045, 1.2470010051971916], "Sigma": [[0.011284963507139388, -0.00479589850954463, 0.01774907578367768], [-0.00479589850954463, 0.00457260838731813, -0.007097101407728013], [0.01774907578367768, -0.007097101407728013, 0.06673691174306862]], "chi2_level": 0.95, "chi2_df": 3, "chi2_threshold": 7.814727903251179, "N_raw": 24, "N_roi": 24, "N_inlier": 23, "refit": true}
{"timestamp": "12:01:10.716824", "frame": 97, "mu": [0.8703746840990942, 2.7004132125665827, -1.022950151262219], "Sigma": [[0.013869430156504645, 0.007471701064093525, 0.06841030007195766], [0.007471701064093525, 0.021861338569276377, 0.043114468044592416], [0.06841030007195766, 0.043114468044592416, 0.3954264184506668]], "chi2_level": 0.95, "chi2_df": 3, "chi2_threshold": 7.814727903251179, "N_raw": 34, "N_roi": 34, "N_inlier": 32, "refit": true}
{"timestamp": "12:01:10.772014", "frame": 98, "mu": [1.0660920876752529, 2.766320654600409, -0.1170808906343849], "Sigma": [[0.00625387769324074, -0.0021923033761883657, 0.0024041238439292617], [-0.0021923033761883657, 0.0036803587763809898, -0.005253819906370204], [0.0024041238439292613, -0.005253819906370204, 0.00851140618096252]], "chi2_level": 0.95, "chi2_df": 3, "chi2_threshold": 7.814727903251179, "N_raw": 32, "N_roi": 32, "N_inlier": 29, "refit": true}
{"timestamp": "12:01:10.826847", "frame": 99, "mu": [1.0765309569209922, 2.7148560151246666, 1.2008449569348847], "Sigma": [[0.009097526845781535, -0.004763855486950868, -0.0007246912679418711], [-0.004763855486950868, 0.003680077781063447, -0.0027702932455061363], [-0.0007246912679418711, -0.0027702932455061363, 0.010694475121583297]], "chi2_level": 0.95, "chi2_df": 3, "chi2_threshold": 7.814727903251179, "N_raw": 35, "N_roi": 35, "N_inlier": 34, "refit": true}
{"timestamp": "12:01:10.982279", "frame": 100, "mu": [1.1248777938797374, 2.751663570511483, 1.2554033510138072], "Sigma": [[0.004847604530661637, -0.002721975342589673, -0.0004237366060369167], [-0.002721975342589673, 0.002563785463292146, -0.0016970290560213662], [-0.0004237366060369165, -0.0016970290560213664, 0.006854836747567002]], "chi2_level": 0.95, "chi2_df": 3, "chi2_threshold": 7.814727903251179, "N_raw": 22, "N_roi": 22, "N_inlier": 20, "refit": true}
{"timestamp": "12:01:11.008822", "frame": 101, "mu": [1.106790582504886, 2.8410262444347496, 0.687935789059548], "Sigma": [[0.0032799598470901444, -0.004853470493234102, 0.012655881867456678], [-0.0048534704932341015, 0.011587476418400995, -0.010279903841875118], [0.012655881867456678, -0.010279903841875118, 0.26477114008827984]], "chi2_level": 0.95, "chi2_df": 3, "chi2_threshold": 7.814727903251179, "N_raw": 10, "N_roi": 10, "N_inlier": 10, "refit": true}
{"timestamp": "12:01:11.041659", "frame": 102, "mu": [1.1748078584185693, 2.8443451931618253, 0.982149078948272], "Sigma": [[0.004253427906100574, -0.001651837618879384, -0.0016382688924882864], [-0.001651837618879384, 0.001626505458795402, -0.0016754559693845116], [-0.0016382688924882864, -0.0016754559693845116, 0.0432285298991132]], "chi2_level": 0.95, "chi2_df": 3, "chi2_threshold": 7.814727903251179, "N_raw": 27, "N_roi": 27, "N_inlier": 23, "refit": true}
{"timestamp": "12:01:11.070497", "frame": 103, "mu": [1.1564188952022458, 2.8960681266387933, 1.1529978360528308], "Sigma": [[0.008936815565394376, -0.004897106052410654, -0.0018486445756781314], [-0.004897106052410654, 0.0062749270000337296, -0.010215042743732503], [-0.0018486445756781312, -0.010215042743732501, 0.04307559650180967]], "chi2_level": 0.95, "chi2_df": 3, "chi2_threshold": 7.814727903251179, "N_raw": 30, "N_roi": 30, "N_inlier": 27, "refit": true}
{"timestamp": "12:01:11.102035", "frame": 104, "mu": [1.2196476378447607, 2.9557931566296465, 1.0486851723811508], "Sigma": [[0.0065630204473806145, -0.0018788413830567096, 0.0031321611514495105], [-0.00187884138305671, 0.0028348062084850552, -0.002243084257964357], [0.0031321611514495105, -0.002243084257964357, 0.022019685730450413]], "chi2_level": 0.95, "chi2_df": 3, "chi2_threshold": 7.814727903251179, "N_raw": 32, "N_roi": 32, "N_inlier": 29, "refit": true}
{"timestamp": "12:01:11.158831", "frame": 105, "mu": [1.1916212634902674, 2.9436584643593484, 0.7687076102261442], "Sigma": [[0.012395909956051259, -0.0024397923538505596, 0.02399253673394411], [-0.002439792353850559, 0.001030897445164345, -0.002620317323116418], [0.02399253673394411, -0.002620317323116418, 0.11920325130231653]], "chi2_level": 0.95, "chi2_df": 3, "chi2_threshold": 7.814727903251179, "N_raw": 47, "N_roi": 47, "N_inlier": 46, "refit": true}
{"timestamp": "12:01:11.211041", "frame": 106, "mu": [1.0868089518625912, 2.9959247652528687, 0.4232195857340964], "Sigma": [[0.00993606917855061, -0.0029212355535510777, 0.0056805684960206096], [-0.0029212355535510777, 0.0017052075390915123, -0.0015941695011189704], [0.005680568496020609, -0.0015941695011189704, 0.012957980512768775]], "chi2_level": 0.95, "chi2_df": 3, "chi2_threshold": 7.814727903251179, "N_raw": 25, "N_roi": 25, "N_inlier": 21, "refit": true}
{"timestamp": "12:01:11.318456", "frame": 108, "mu": [1.152158061827646, 3.0498660783454556, 0.5967564068700485], "Sigma": [[0.023803012497380496, 0.0022390326406924784, 0.07341794447478067], [0.0022390326406924784, 0.0010002555664180843, 0.0071064632816755045], [0.07341794447478067, 0.0071064632816755045, 0.2576786147163782]], "chi2_level": 0.95, "chi2_df": 3, "chi2_threshold": 7.814727903251179, "N_raw": 12, "N_roi": 12, "N_inlier": 11, "refit": true}
{"timestamp": "12:01:11.377810", "frame": 109, "mu": [1.3958132318766971, 3.131674393995773, 1.1888982239565076], "Sigma": [[0.014819857906598113, -0.007233692692569417, -0.0046050113130433334], [-0.007233692692569417, 0.004670863553516913, -0.0021542176923876263], [-0.0046050113130433334, -0.0021542176923876263, 0.024621304365397806]], "chi2_level": 0.95, "chi2_df": 3, "chi2_threshold": 7.814727903251179, "N_raw": 44, "N_roi": 44, "N_inlier": 43, "refit": true}
{"timestamp": "12:01:11.484775", "frame": 111, "mu": [1.4544351628823802, 3.2366084048163106, 0.9655339376079959], "Sigma": [[0.004086355092612747, -0.0015453140682348781, -0.00594404951624663], [-0.0015453140682348781, 0.0018992724579643034, 0.0015027158771788265], [-0.005944049516246632, 0.0015027158771788267, 0.1643532059276649]], "chi2_level": 0.95, "chi2_df": 3, "chi2_threshold": 7.814727903251179, "N_raw": 16, "N_roi": 16, "N_inlier": 14, "refit": true}
{"timestamp": "12:01:11.539958", "frame": 112, "mu": [1.5178310670703559, 3.2372697795803216, 1.2947408807696479], "Sigma": [[0.006970682206137829, -0.0032120570188335818, -0.005491816679734903], [-0.0032120570188335813, 0.002137689008237323, -0.0005454660672263726], [-0.005491816679734902, -0.0005454660672263725, 0.024895944446991898]], "chi2_level": 0.95, "chi2_df": 3, "chi2_threshold": 7.814727903251179, "N_raw": 20, "N_roi": 20, "N_inlier": 17, "refit": true}
{"timestamp": "12:01:11.595834", "frame": 113, "mu": [1.558325684538238, 3.412129534408357, -0.008607493507485027], "Sigma": [[0.00658929701982126, -0.006174743694424741, 0.005430058431719474], [-0.00617474369442474, 0.02440624786149443, -0.049857577773413916], [0.005430058431719474, -0.049857577773413916, 0.11625846945900109]], "chi2_level": 0.95, "chi2_df": 3, "chi2_threshold": 7.814727903251179, "N_raw": 26, "N_roi": 26, "N_inlier": 24, "refit": true}
{"timestamp": "12:01:11.652783", "frame": 114, "mu": [1.5171609116116005, 3.3388648053008954, 1.3583659050643588], "Sigma": [[0.01579496943441206, -0.00789433075322637, -0.0013863412465819967], [-0.00789433075322637, 0.006126277630314913, -0.0029861500081081937], [-0.0013863412465819967, -0.0029861500081081937, 0.009738628291760141]], "chi2_level": 0.95, "chi2_df": 3, "chi2_threshold": 7.814727903251179, "N_raw": 42, "N_roi": 42, "N_inlier": 37, "refit": true}
{"timestamp": "12:01:11.709419", "frame": 115, "mu": [1.474476190634331, 3.448649205598811, 1.2635446800142516], "Sigma": [[0.01745153094307641, -0.009232109881798472, -0.0062735525463134476], [-0.009232109881798472, 0.008730657921742633, -0.0012830025690564652], [-0.0062735525463134476, -0.001283002569056465, 0.011062040402284241]], "chi2_level": 0.95, "chi2_df": 3, "chi2_threshold": 7.814727903251179, "N_raw": 49, "N_roi": 49, "N_inlier": 48, "refit": true}
{"timestamp": "12:01:11.758539", "frame": 116, "mu": [1.6762604035024735, 3.3628113384957556, 1.4034977149045123], "Sigma": [[0.0036836581914403517, -0.0016491810328140436, -0.0027919979388876617], [-0.0016491810328140436, 0.0018672423380412895, -0.0014403101119374628], [-0.0027919979388876617, -0.0014403101119374628, 0.020238253765460734]], "chi2_level": 0.95, "chi2_df": 3, "chi2_threshold": 7.814727903251179, "N_raw": 10, "N_roi": 10, "N_inlier": 9, "refit": true}
{"timestamp": "12:01:11.815611", "frame": 117, "mu": [1.5071053426969985, 3.5756861246063854, 1.2519197267472146], "Sigma": [[0.010454125260965204, -0.003779410647735237, -0.008085772573895374], [-0.003779410647735237, 0.004631037693269905, -0.0013658901146605552], [-0.008085772573895374, -0.0013658901146605543, 0.015681597143208437]], "chi2_level": 0.95, "chi2_df": 3, "chi2_threshold": 7.814727903251179, "N_raw": 25, "N_roi": 25, "N_inlier": 24, "refit": true}
{"timestamp": "12:01:11.872103", "frame": 118, "mu": [1.644131457796491, 3.4877403395617748, 1.2740521412432755], "Sigma": [[0.0124180126557053, -0.006121933146594033, -0.007198678641595567], [-0.0061219331465940325, 0.005432571651978406, -0.0012380079300140473], [-0.007198678641595567, -0.0012380079300140473, 0.018659434604206535]], "chi2_level": 0.95, "chi2_df": 3, "chi2_threshold": 7.814727903251179, "N_raw": 34, "N_roi": 34, "N_inlier": 33, "refit": true}
{"timestamp": "12:01:12.033984", "frame": 121, "mu": [1.7278719544300134, 3.667086262081542, 1.3580857674847278], "Sigma": [[0.009567781023738025, -0.004386056709394611, -0.003929830176011141], [-0.004386056709394611, 0.004142857264054883, -0.0010630279161700919], [-0.003929830176011141, -0.0010630279161700916, 0.008413494510588022]], "chi2_level": 0.95, "chi2_df": 3, "chi2_threshold": 7.814727903251179, "N_raw": 13, "N_roi": 13, "N_inlier": 13, "refit": true}
