{"timestamp": "12:18:10.078718", "frame": 27, "mu": [-2.155316994166464, 4.766102351597384, 0.20020244520336383], "Sigma": [[0.013566291796506213, 0.0019169856945900705, -0.013765022394772335], [0.0019169856945900705, 0.0010966149403391098, -0.0020494089463715605], [-0.013765022394772333, -0.0020494089463715605, 0.016450256099293625]], "chi2_level": 0.95, "chi2_df": 3, "chi2_threshold": 7.814727903251179, "N_raw": 19, "N_roi": 17, "N_inlier": 15, "refit": true}
{"timestamp": "12:18:10.132799", "frame": 28, "mu": [-2.0855743825877684, 4.8034155583874165, 0.32494611833080583], "Sigma": [[0.019047800738542005, 0.0033898688802217808, -0.012554583483725384], [0.0033898688802217808, 0.0012688559573767607, -0.0022785516318496206], [-0.012554583483725384, -0.0022785516318496206, 0.010440116888237644]], "chi2_level": 0.95, "chi2_df": 3, "chi2_threshold": 7.814727903251179, "N_raw": 14, "N_roi": 13, "N_inlier": 11, "refit": true}
{"timestamp": "12:18:10.466119", "frame": 34, "mu": [-2.2007372428210408, 4.548034719392062, 0.646157148470063], "Sigma": [[0.020534285286275065, 0.0039014672753333425, -0.008840156549145146], [0.0039014672753333425, 0.0024453240206011866, -0.004529869433807638], [-0.008840156549145146, -0.004529869433807639, 0.01250996929606983]], "chi2_level": 0.95, "chi2_df": 3, "chi2_threshold": 7.814727903251179, "N_raw": 33, "N_roi": 32, "N_inlier": 31, "refit": true}
{"timestamp": "12:18:10.523100", "frame": 35, "mu": [-2.156369925213422, 4.510807792027359, 0.6198110540803264], "Sigma": [[0.01790345676237303, 0.005344728266675447, -0.006814483465246948], [0.005344728266675447, 0.0022894593463295564, -0.004568944814033324], [-0.006814483465246948, -0.0045689448140333235, 0.025615205564525442]], "chi2_level": 0.95, "chi2_df": 3, "chi2_threshold": 7.814727903251179, "N_raw": 33, "N_roi": 33, "N_inlier": 30, "refit": true}
{"timestamp": "12:18:10.575357", "frame": 36, "mu": [-2.2723968249296416, 4.4209539951495405, 0.9169007594363318], "Sigma": [[0.010839681168703359, 0.003768690969452541, -0.0022949629749488597], [0.0037686909694525407, 0.002544631509070448, -0.0015203421177507415], [-0.0022949629749488597, -0.0015203421177507417, 0.012441102877985303]], "chi2_level": 0.95, "chi2_df": 3, "chi2_threshold": 7.814727903251179, "N_raw": 17, "N_roi": 17, "N_inlier": 16, "refit": true}
{"timestamp": "12:18:10.795359", "frame": 40, "mu": [-2.1370629359770383, 4.227598831580689, 0.6579282810531026], "Sigma": [[0.005214612391163795, 0.0018731298425645223, 0.0013027547728898272], [0.0018731298425645223, 0.0011744273723569589, 0.00018232220497912466], [0.001302754772889827, 0.0001823222049791245, 0.04229049864383029]], "chi2_level": 0.95, "chi2_df": 3, "chi2_threshold": 7.814727903251179, "N_raw": 18, "N_roi": 18, "N_inlier": 17, "refit": true}
{"timestamp": "12:18:10.854072", "frame": 41, "mu": [-2.3002353397190403, 4.141752061142897, 0.6882870327881624], "Sigma": [[0.015050865490076113, 0.004542541654146011, -0.0045554571601306056], [0.004542541654146011, 0.001977382764571477, -0.0007646495919306256], [-0.0045554571601306056, -0.0007646495919306256, 0.056194419916916365]], "chi2_level": 0.95, "chi2_df": 3, "chi2_threshold": 7.814727903251179, "N_raw": 33, "N_roi": 29, "N_inlier": 28, "refit": true}
{"timestamp": "12:18:10.905644", "frame": 42, "mu": [-2.211575933213956, 4.131866754159074, 0.9028324498749258], "Sigma": [[0.008085243086687436, 0.0032463784542575225, 0.0022172800122076362], [0.0032463784542575225, 0.0026176882170512662, -0.0002771044433711048], [0.002217280012207637, -0.0002771044433711048, 0.04216140316278782]], "chi2_level": 0.95, "chi2_df": 3, "chi2_threshold": 7.814727903251179, "N_raw": 13, "N_roi": 13, "N_inlier": 12, "refit": true}
{"timestamp": "12:18:11.019110", "frame": 44, "mu": [-2.2334504923114076, 4.177785189137412, -0.03814859758613258], "Sigma": [[0.018715648337284067, 0.008044346239901065, -0.010839743968548182], [0.008044346239901065, 0.00754749439539726, -0.011587287670478862], [-0.010839743968548182, -0.011587287670478862, 0.020160982215175836]], "chi2_level": 0.95, "chi2_df": 3, "chi2_threshold": 7.814727903251179, "N_raw": 37, "N_roi": 33, "N_inlier": 32, "refit": true}
{"timestamp": "12:18:11.072646", "frame": 45, "mu": [-2.2658744097462358, 3.9783228705499374, 0.9412080049084159], "Sigma": [[0.015496636563727996, 0.006338869066682923, -0.007078421389450577], [0.006338869066682923, 0.0032506352522784516, -0.0044117278436499995], [-0.007078421389450577, -0.0044117278436499995, 0.009628577416990622]], "chi2_level": 0.95, "chi2_df": 3, "chi2_threshold": 7.814727903251179, "N_raw": 23, "N_roi": 20, "N_inlier": 19, "refit": true}
{"timestamp": "12:18:11.124017", "frame": 46, "mu": [-2.2112841464684916, 3.9270347932694554, 0.7669844740206209], "Sigma": [[0.008351622463636346, 0.0009042079467328018, -0.0018685949479172765], [0.0009042079467328018, 0.001908035711845632, -0.003649734880796875], [-0.001868594947917276, -0.003649734880796875, 0.010796673977340212]], "chi2_level": 0.95, "chi2_df": 3, "chi2_threshold": 7.814727903251179, "N_raw": 10, "N_roi": 8, "N_inlier": 8, "refit": true}
{"timestamp": "12:18:11.183379", "frame": 47, "mu": [-2.301217368266612, 3.9861978213190796, -0.12918105080859274], "Sigma": [[0.014532923602519562, 0.006635442032684273, -0.012816872411210002], [0.006635442032684273, 0.007447955248062077, -0.011567343116066154], [-0.01281687241121, -0.011567343116066152, 0.019817620492055446]], "chi2_level": 0.95, "chi2_df": 3, "chi2_threshold": 7.814727903251179, "N_raw": 36, "N_roi": 29, "N_inlier": 28, "refit": true}
{"timestamp": "12:18:11.237514", "frame": 48, "mu": [-2.2412714756446928, 3.7672299291058966, 0.7902375703365904], "Sigma": [[0.013517345759323418, 0.003791058497489846, -0.012134254131125163], [0.003791058497489846, 0.0017149693098288726, -0.005935743614826948], [-0.012134254131125165, -0.005935743614826948, 0.031871793403276415]], "chi2_level": 0.95, "chi2_df": 3, "chi2_threshold": 7.814727903251179, "N_raw": 31, "N_roi": 28, "N_inlier": 27, "refit": true}
{"timestamp": "12:18:11.400866", "frame": 51, "mu": [-2.266966410410418, 3.6278834067739782, 0.7674238637431313], "Sigma": [[0.020275524519150965, 0.008054844836341838, -0.012544689505124183], [0.008054844836341838, 0.00405099548850535, -0.006186597638002273], [-0.012544689505124183, -0.006186597638002273, 0.014401930715812672]], "chi2_level": 0.95, "chi2_df": 3, "chi2_threshold": 7.814727903251179, "N_raw": 25, "N_roi": 25, "N_inlier": 25, "refit": true}
{"timestamp": "12:18:11.510434", "frame": 53, "mu": [-2.2754511864605345, 3.4922850096376825, 0.8655313497890094], "Sigma": [[0.009515388766830453, 0.002445927744941262, 0.0004871593694204605], [0.002445927744941262, 0.0013579082938478195, -0.002801038142796139], [0.0004871593694204605, -0.002801038142796139, 0.016783018657249665]], "chi2_level": 0.95, "chi2_df": 3, "chi2_threshold": 7.814727903251179, "N_raw": 16, "N_roi": 16, "N_inlier": 16, "refit": true}
{"timestamp": "12:18:11.566345", "frame": 54, "mu": [-2.3024172673936194, 3.5142602045359808, 0.10504013466209203], "Sigma": [[0.01186351387632537, 0.006635146289387452, -0.0016459710820170565], [0.006635146289387451, 0.006198754717221854, -0.0013554999825174776], [-0.0016459710820170563, -0.0013554999825174776, 0.00043056646100744875]], "chi2_level": 0.95, "chi2_df": 3, "chi2_threshold": 7.814727903251179, "N_raw": 24, "N_roi": 22, "N_inlier": 20, "refit": true}
{"timestamp": "12:18:11.731879", "frame": 57, "mu": [-2.114848700979821, 3.248226539705153, 0.6630684287575521], "Sigma": [[0.04022931955411863, -0.005031244069568329, -0.00500256442451269], [-0.005031244069568329, 0.0036284843343391423, 0.005105840423875282], [-0.00500256442451269, 0.005105840423875282, 0.0077796728390257825]], "chi2_level": 0.95, "chi2_df": 3, "chi2_threshold": 7.814727903251179, "N_raw": 22, "N_roi": 7, "N_inlier": 7, "refit": true}
{"timestamp": "12:18:11.789042", "frame": 58, "mu": [-2.3282227490141234, 3.2184346674359054, 0.9280478978820995], "Sigma": [[0.011195777926686941, 0.0053707986528626715, 0.002407393494043626], [0.0053707986528626715, 0.0031333460040402113, 0.0010971578990438247], [0.0024073934940436266, 0.0010971578990438251, 0.058389565462364304]], "chi2_level": 0.95, "chi2_df": 3, "chi2_threshold": 7.814727903251179, "N_raw": 39, "N_roi": 34, "N_inlier": 33, "refit": true}
{"timestamp": "12:18:11.901401", "frame": 60, "mu": [-2.303625755931937, 3.106910938102874, 0.9201749277817666], "Sigma": [[0.012519917743330949, 0.005766041896654227, -0.0006644414314103705], [0.005766041896654226, 0.005895448968371902, -0.008287424788284679], [-0.0006644414314103705, -0.008287424788284679, 0.03223655929707303]], "chi2_level": 0.95, "chi2_df": 3, "chi2_threshold": 7.814727903251179, "N_raw": 60, "N_roi": 45, "N_inlier": 45, "refit": true}
{"timestamp": "12:18:11.956978", "frame": 61, "mu": [-2.2845031067478385, 3.0982881150543067, 0.007422273694044276], "Sigma": [[0.015435040629783094, 0.010330107021766507, -0.006853257221631569], [0.010330107021766507, 0.011395261827082335, -0.006439507783888486], [-0.006853257221631569, -0.006439507783888486, 0.004388945477265902]], "chi2_level": 0.95, "chi2_df": 3, "chi2_threshold": 7.814727903251179, "N_raw": 49, "N_roi": 37, "N_inlier": 35, "refit": true}
{"timestamp": "12:18:12.007680", "frame": 62, "mu": [-2.3339130498330976, 2.8731311058843665, 1.2013565532025527], "Sigma": [[0.004437914235766226, 0.0033166568028138066, -0.004452467206930614], [0.003316656802813806, 0.004750019234921096, -0.005793600999706314], [-0.004452467206930613, -0.005793600999706314, 0.009889657695003985]], "chi2_level": 0.95, "chi2_df": 3, "chi2_threshold": 7.814727903251179, "N_raw": 27, "N_roi": 16, "N_inlier": 14, "refit": true}
{"timestamp": "12:18:12.061657", "frame": 63, "mu": [-2.3387269711378207, 2.812854083987686, 1.2813995613522036], "Sigma": [[0.007479534717992122, 0.004330488109254578, -0.006001659069730674], [0.004330488109254578, 0.003590228064371882, -0.0036195013634135196], [-0.006001659069730674, -0.00361950136341352, 0.0064151503735865294]], "chi2_level": 0.95, "chi2_df": 3, "chi2_threshold": 7.814727903251179, "N_raw": 21, "N_roi": 13, "N_inlier": 11, "refit": true}
{"timestamp": "12:18:12.115752", "frame": 64, "mu": [-2.288156802240363, 2.9861864064997343, -0.12945163302185042], "Sigma": [[0.006871261985429723, 0.00283130410009809, -0.0033913532130653724], [0.00283130410009809, 0.0034083928558366443, -0.0027759829738518127], [-0.0033913532130653724, -0.0027759829738518127, 0.0035568799783024197]], "chi2_level": 0.95, "chi2_df": 3, "chi2_threshold": 7.814727903251179, "N_raw": 17, "N_roi": 17, "N_inlier": 16, "refit": true}
{"timestamp": "12:18:12.176967", "frame": 65, "mu": [-2.2488851220727284, 2.804720603912844, 1.0390986628583696], "Sigma": [[0.017593248720177465, 0.009587088766530895, -0.00444138802506847], [0.009587088766530895, 0.007476125864313028, -0.0049771033530043255], [-0.00444138802506847, -0.0049771033530043255, 0.006765279456215513]], "chi2_level": 0.95, "chi2_df": 3, "chi2_threshold": 7.814727903251179, "N_raw": 61, "N_roi": 39, "N_inlier": 36, "refit": true}
{"timestamp": "12:18:12.229762", "frame": 66, "mu": [-2.285443372420632, 2.770976357614298, 1.0428038210313615], "Sigma": [[0.0116219671425138, 0.005265692023348022, -0.0071454920977467706], [0.005265692023348022, 0.0032487898997904494, -0.005651333099277284], [-0.0071454920977467706, -0.005651333099277284, 0.01525486568426963]], "chi2_level": 0.95, "chi2_df": 3, "chi2_threshold": 7.814727903251179, "N_raw": 46, "N_roi": 29, "N_inlier": 27, "refit": true}
{"timestamp": "12:18:12.283179", "frame": 67, "mu": [-2.2336762148693485, 2.751006542270586, 1.063340601893623], "Sigma": [[0.009049063702289506, 0.00466433868238632, -0.004418466660055447], [0.00466433868238632, 0.0036887090098084007, -0.005233544342459496], [-0.004418466660055447, -0.005233544342459496, 0.020565446555141812]], "chi2_level": 0.95, "chi2_df": 3, "chi2_threshold": 7.814727903251179, "N_raw": 31, "N_roi": 29, "N_inlier": 28, "refit": true}
{"timestamp": "12:18:12.340384", "frame": 68, "mu": [-2.237728319074268, 2.661798665191968, 1.1001299826782567], "Sigma": [[0.011457535449751392, 0.007077513913750231, -0.010575340991606461], [0.007077513913750231, 0.007657311584439732, -0.008962049044306288], [-0.010575340991606461, -0.008962049044306288, 0.013351341503559629]], "chi2_level": 0.95, "chi2_df": 3, "chi2_threshold": 7.814727903251179, "N_raw": 44, "N_roi": 33, "N_inlier": 32, "refit": true}
{"timestamp": "12:18:12.507758", "frame": 71, "mu": [-2.2940849901325864, 2.451593673681794, 1.0355836630751425], "Sigma": [[0.014232332589694396, 0.006389991872385306, -0.009600218941022566], [0.006389991872385306, 0.0049886618686098335, -0.00666530109053424], [-0.009600218941022566, -0.00666530109053424, 0.04515536505812054]], "chi2_level": 0.95, "chi2_df": 3, "chi2_threshold": 7.814727903251179, "N_raw": 65, "N_roi": 47, "N_inlier": 47, "refit": true}
{"timestamp": "12:18:12.561527", "frame": 72, "mu": [-2.2883825886404994, 2.347890366491604, 1.111078938827779], "Sigma": [[0.012035122365586357, 0.00923934400592664, -0.009906234379037811], [0.00923934400592664, 0.0102436009133243, -0.010428762040051274], [-0.009906234379037813, -0.010428762040051274, 0.018892440455240703]], "chi2_level": 0.95, "chi2_df": 3, "chi2_threshold": 7.814727903251179, "N_raw": 50, "N_roi": 37, "N_inlier": 34, "refit": true}
{"timestamp": "12:18:12.670886", "frame": 74, "mu": [-2.2529200721285747, 2.1669034095869644, 1.045158124572756], "Sigma": [[0.015077083200403052, 0.012160405597110645, -0.011658145891269458], [0.012160405597110645, 0.012292358006458212, -0.012512923784828805], [-0.011658145891269458, -0.012512923784828803, 0.014939180158756898]], "chi2_level": 0.95, "chi2_df": 3, "chi2_threshold": 7.814727903251179, "N_raw": 50, "N_roi": 39, "N_inlier": 36, "refit": true}
{"timestamp": "12:18:12.724534", "frame": 75, "mu": [-2.3191971251409877, 2.0512821111720942, 1.1704577595144945], "Sigma": [[0.012248079449723507, 0.009759927999507258, -0.009195394088070824], [0.009759927999507258, 0.012234763649954683, -0.00872532385369576], [-0.009195394088070824, -0.00872532385369576, 0.010787951358107761]], "chi2_level": 0.95, "chi2_df": 3, "chi2_threshold": 7.814727903251179, "N_raw": 42, "N_roi": 30, "N_inlier": 27, "refit": true}
{"timestamp": "12:18:12.777752", "frame": 76, "mu": [-2.3115906529982526, 1.9924176658393216, 1.1944194363407052], "Sigma": [[0.015939505506632878, 0.0129276265415521, -0.029328571553541058], [0.0129276265415521, 0.01490785282476895, -0.030702555934643203], [-0.029328571553541058, -0.030702555934643203, 0.09075365488382856]], "chi2_level": 0.95, "chi2_df": 3, "chi2_threshold": 7.814727903251179, "N_raw": 29, "N_roi": 15, "N_inlier": 15, "refit": true}
{"timestamp": "12:18:12.834954", "frame": 77, "mu": [-2.2414795232662144, 2.0086451012097304, 0.8594871689287233], "Sigma": [[0.020678936458556837, 0.017079891605436003, -0.02575390972689617], [0.017079891605436003, 0.01556755128873673, -0.023985171148053482], [-0.02575390972689617, -0.02398517114805348, 0.03942653528990703]], "chi2_level": 0.95, "chi2_df": 3, "chi2_threshold": 7.814727903251179, "N_raw": 44, "N_roi": 31, "N_inlier": 28, "refit": true}
{"timestamp": "12:18:12.890609", "frame": 78, "mu": [-2.324677392849839, 1.8853252613899423, 1.1599754795114483], "Sigma": [[0.01624669565514604, 0.012620628241034132, -0.01655910271918607], [0.012620628241034132, 0.012003369956717988, -0.016975602005823653], [-0.01655910271918607, -0.016975602005823653, 0.028742474129028667]], "chi2_level": 0.95, "chi2_df": 3, "chi2_threshold": 7.814727903251179, "N_raw": 50, "N_roi": 33, "N_inlier": 31, "refit": true}
{"timestamp": "12:18:12.944204", "frame": 79, "mu": [-2.32481537722019, 1.7826361688477517, 1.277529709141037], "Sigma": [[0.02401849891322705, 0.012268516570742186, -0.02539737006122032], [0.012268516570742186, 0.012357948470369992, -0.01950673792980083], [-0.02539737006122032, -0.01950673792980083, 0.03721294007112297]], "chi2_level": 0.95, "chi2_df": 3, "chi2_threshold": 7.814727903251179, "N_raw": 41, "N_roi": 29, "N_inlier": 28, "refit": true}
{"timestamp": "12:18:12.999645", "frame": 80, "mu": [-2.3004351653272006, 1.7421117935359427, 1.2715685699360273], "Sigma": [[0.011162640911542421, 0.008916547876286384, -0.012505221862212444], [0.008916547876286384, 0.011086268863748661, -0.015159581325503435], [-0.012505221862212444, -0.015159581325503433, 0.02410884124581243]], "chi2_level": 0.95, "chi2_df": 3, "chi2_threshold": 7.814727903251179, "N_raw": 46, "N_roi": 41, "N_inlier": 37, "refit": true}
{"timestamp": "12:18:13.051557", "frame": 81, "mu": [-2.2929207780109397, 1.6689550595437415, 1.1873153048200993], "Sigma": [[0.01075562287937482, 0.008078881791724505, -0.008274118318377172], [0.008078881791724505, 0.010331112738054798, -0.00912293281847462], [-0.008274118318377172, -0.009122932818474618, 0.01064110175334738]], "chi2_level": 0.95, "chi2_df": 3, "chi2_threshold": 7.814727903251179, "N_raw": 25, "N_roi": 25, "N_inlier": 24, "refit": true}
{"timestamp": "12:18:13.109492", "frame": 82, "mu": [-2.3231008597588456, 1.4934292283218467, 1.2220805939324633], "Sigma": [[0.009728219349975873, 0.007746314530235193, -0.0090838199224696], [0.007746314530235194, 0.008430984882640446, -0.007953508363817809], [-0.009083819922469602, -0.007953508363817809, 0.009388811816317743]], "chi2_level": 0.95, "chi2_df": 3, "chi2_threshold": 7.814727903251179, "N_raw": 47, "N_roi": 21, "N_inlier": 19, "refit": true}
{"timestamp": "12:18:13.163480", "frame": 83, "mu": [-2.3195645517841577, 1.4671014133774345, 1.254065567656718], "Sigma": [[0.009164036474543369, 0.008306331790460739, -0.006569454473357031], [0.008306331790460737, 0.01267685786376538, -0.008377957310526672], [-0.006569454473357031, -0.008377957310526672, 0.006436513435654109]], "chi2_level": 0.95, "chi2_df": 3, "chi2_threshold": 7.814727903251179, "N_raw": 36, "N_roi": 35, "N_inlier": 33, "refit": true}
{"timestamp": "12:18:13.219627", "frame": 84, "mu": [-2.265140560382137, 1.604739719737149, -0.5411953099952371], "Sigma": [[0.01142636024373152, 0.009131205209946626, -0.00349733503055525], [0.009131205209946626, 0.02487681800324683, 0.005231750283150644], [-0.00349733503055525, 0.005231750283150643, 0.011192402132135706]], "chi2_level": 0.95, "chi2_df": 3, "chi2_threshold": 7.814727903251179, "N_raw": 48, "N_roi": 48, "N_inlier": 42, "refit": true}
{"timestamp": "12:18:13.277148", "frame": 85, "mu": [-2.272126708645795, 1.4586813004494843, 1.1629400098446514], "Sigma": [[0.012579447537754454, 0.007629655712505031, -0.006848094405160195], [0.007629655712505031, 0.012681888992220062, -0.010051592399033506], [-0.006848094405160196, -0.010051592399033506, 0.009275536693218777]], "chi2_level": 0.95, "chi2_df": 3, "chi2_threshold": 7.814727903251179, "N_raw": 56, "N_roi": 55, "N_inlier": 53, "refit": true}
{"timestamp": "12:18:13.329967", "frame": 86, "mu": [-2.2526747297175143, 1.4907382559218938, -0.6428126383874533], "Sigma": [[0.011763931420562737, 0.01128845156138901, 0.0018025486749384985], [0.01128845156138901, 0.01761866816206544, -0.002499170693462972], [0.0018025486749384985, -0.002499170693462972, 0.004551362724664898]], "chi2_level": 0.95, "chi2_df": 3, "chi2_threshold": 7.814727903251179, "N_raw": 48, "N_roi": 48, "N_inlier": 46, "refit": true}
{"timestamp": "12:18:13.389327", "frame": 87, "mu": [-2.1878652022097156, 1.393655742993051, 1.024322560204555], "Sigma": [[0.019714363465018883, 0.016417640801783307, -0.006166721251185578], [0.016417640801783307, 0.01709613418389764, -0.010631262454931968], [-0.006166721251185578, -0.010631262454931966, 0.018136994052197205]], "chi2_level": 0.95, "chi2_df": 3, "chi2_threshold": 7.814727903251179, "N_raw": 74, "N_roi": 73, "N_inlier": 70, "refit": true}
{"timestamp": "12:18:13.445557", "frame": 88, "mu": [-2.2546600670019155, 1.3463965090556922, 1.066621675727744], "Sigma": [[0.015195520422537733, 0.012413420552266886, -0.008415072652857403], [0.012413420552266886, 0.016361079544604473, -0.015952746666259187], [-0.008415072652857403, -0.015952746666259184, 0.030760655630226754]], "chi2_level": 0.95, "chi2_df": 3, "chi2_threshold": 7.814727903251179, "N_raw": 82, "N_roi": 79, "N_inlier": 76, "refit": true}
{"timestamp": "12:18:13.496041", "frame": 89, "mu": [-2.290237446188087, 1.2658411842235315, 1.0842802838690382], "Sigma": [[0.00906452144890864, 0.007465517569932641, -0.0019522593648144562], [0.007465517569932641, 0.010968710884675397, -0.009066709310751805], [-0.0019522593648144562, -0.009066709310751805, 0.015336482434731449]], "chi2_level": 0.95, "chi2_df": 3, "chi2_threshold": 7.814727903251179, "N_raw": 53, "N_roi": 53, "N_inlier": 50, "refit": true}
{"timestamp": "12:18:13.555909", "frame": 90, "mu": [-2.2947403865091913, 1.196684913128412, 0.9877859996578963], "Sigma": [[0.009629489999411456, 0.007695141616474095, 0.004439234696471525], [0.007695141616474095, 0.008992841629879143, -0.002274500795095451], [0.004439234696471525, -0.002274500795095451, 0.02627165875062059]], "chi2_level": 0.95, "chi2_df": 3, "chi2_threshold": 7.814727903251179, "N_raw": 77, "N_roi": 55, "N_inlier": 52, "refit": true}
{"timestamp": "12:18:13.604857", "frame": 91, "mu": [-2.24616860595344, 1.4148867114293429, -0.8060496022767302], "Sigma": [[0.008445516853514917, 0.009144647065508004, 0.0013419027567239212], [0.009144647065508004, 0.013933745475051924, -0.003499942229422453], [0.0013419027567239212, -0.0034999422294224526, 0.01080556549700504]], "chi2_level": 0.95, "chi2_df": 3, "chi2_threshold": 7.814727903251179, "N_raw": 41, "N_roi": 41, "N_inlier": 39, "refit": true}
{"timestamp": "12:18:13.662783", "frame": 92, "mu": [-2.2262056135076578, 1.3214898020780756, -0.6114173015967682], "Sigma": [[0.010723597251392688, 0.008927433338102655, 0.0032778371267925574], [0.008927433338102655, 0.016624565232624816, -0.009556519111550615], [0.003277837126792558, -0.009556519111550615, 0.021268062936090334]], "chi2_level": 0.95, "chi2_df": 3, "chi2_threshold": 7.814727903251179, "N_raw": 68, "N_roi": 62, "N_inlier": 59, "refit": true}
{"timestamp": "12:18:13.716433", "frame": 93, "mu": [-2.2025844765196987, 1.109920467395874, 1.1276622763971675], "Sigma": [[0.008685460261883219, 0.0074263024739878395, -0.0048816130839832664], [0.0074263024739878395, 0.014326197384017306, -0.0109077969947767], [-0.0048816130839832664, -0.0109077969947767, 0.010125567951851874]], "chi2_level": 0.95, "chi2_df": 3, "chi2_threshold": 7.814727903251179, "N_raw": 50, "N_roi": 50, "N_inlier": 45, "refit": true}
{"timestamp": "12:18:13.765629", "frame": 94, "mu": [-2.191039783417577, 1.1351827072770189, 1.0122092859983798], "Sigma": [[0.00452990389362398, 0.0036055079699275883, -0.0006073731474566202], [0.0036055079699275883, 0.003766209636761584, -0.0016999164418469372], [-0.0006073731474566201, -0.0016999164418469367, 0.007429877501940071]], "chi2_level": 0.95, "chi2_df": 3, "chi2_threshold": 7.814727903251179, "N_raw": 21, "N_roi": 21, "N_inlier": 21, "refit": true}
{"timestamp": "12:18:13.827232", "frame": 95, "mu": [-2.21608687454878, 0.9852713310539489, 1.0773075746965153], "Sigma": [[0.010995543856363183, 0.010818812505150755, 0.0026585878163166024], [0.010818812505150755, 0.01680669688576778, 0.0029609656548715427], [0.0026585878163166024, 0.0029609656548715427, 0.03520717648203931]], "chi2_level": 0.95, "chi2_df": 3, "chi2_threshold": 7.814727903251179, "N_raw": 63, "N_roi": 59, "N_inlier": 57, "refit": true}
{"timestamp": "12:18:13.879983", "frame": 96, "mu": [-2.140776599259805, 0.9911126884396644, 1.0809842598432458], "Sigma": [[0.007508625082707951, 0.007156808637008706, -0.002593321315278446], [0.007156808637008706, 0.012516989766774862, -0.007816103292443255], [-0.002593321315278446, -0.007816103292443255, 0.008598643987923165]], "chi2_level": 0.95, "chi2_df": 3, "chi2_threshold": 7.814727903251179, "N_raw": 43, "N_roi": 43, "N_inlier": 40, "refit": true}
{"timestamp": "12:18:13.934434", "frame": 97, "mu": [-2.105071527699446, 0.9103528318994796, 1.0583837957360454], "Sigma": [[0.007113638638854841, 0.007197092816572121, -0.002210589133899047], [0.007197092816572123, 0.009955916187398174, -0.004982837261747583], [-0.002210589133899047, -0.004982837261747583, 0.00868124390175506]], "chi2_level": 0.95, "chi2_df": 3, "chi2_threshold": 7.814727903251179, "N_raw": 36, "N_roi": 36, "N_inlier": 34, "refit": true}
{"timestamp": "12:18:13.988927", "frame": 98, "mu": [-2.094810363875238, 0.8895672433240593, 1.0155524664712223], "Sigma": [[0.0073556335134468435, 0.007782353736464683, 0.0028981349466412967], [0.007782353736464683, 0.011453379718294597, 0.004417312812050525], [0.0028981349466412967, 0.004417312812050525, 0.02179929340408153]], "chi2_level": 0.95, "chi2_df": 3, "chi2_threshold": 7.814727903251179, "N_raw": 38, "N_roi": 38, "N_inlier": 37, "refit": true}
{"timestamp": "12:18:14.045827", "frame": 99, "mu": [-2.0485318905186123, 0.793381508907919, 1.1354218956377908], "Sigma": [[0.00875588743488607, 0.007585529086399768, -0.003018579083370318], [0.007585529086399769, 0.015098061261569541, -0.009970004537158926], [-0.003018579083370318, -0.009970004537158926, 0.00922281710489996]], "chi2_level": 0.95, "chi2_df": 3, "chi2_threshold": 7.814727903251179, "N_raw": 48, "N_roi": 48, "N_inlier": 48, "refit": true}
{"timestamp": "12:18:14.161377", "frame": 100, "mu": [-2.0139011002755733, 0.7999584668230524, 0.9914594056216037], "Sigma": [[0.003373726358729634, 0.0037055089398215575, -0.0011678974993088664], [0.0037055089398215575, 0.005452716499244416, -0.0030324031511295467], [-0.0011678974993088662, -0.0030324031511295467, 0.009581238933712358]], "chi2_level": 0.95, "chi2_df": 3, "chi2_threshold": 7.814727903251179, "N_raw": 24, "N_roi": 24, "N_inlier": 23, "refit": true}
{"timestamp": "12:18:14.207031", "frame": 101, "mu": [-1.9949871340575152, 0.7474847525635393, 1.0655384885015735], "Sigma": [[0.009708270800297984, 0.004446076034567245, -0.004349394548130801], [0.004446076034567245, 0.005727613919007723, -0.006860429722128722], [-0.004349394548130801, -0.006860429722128723, 0.014428528374658814]], "chi2_level": 0.95, "chi2_df": 3, "chi2_threshold": 7.814727903251179, "N_raw": 53, "N_roi": 53, "N_inlier": 50, "refit": true}
{"timestamp": "12:18:14.252239", "frame": 102, "mu": [-1.9380245629267494, 0.6307588667121045, 0.9878302436816615], "Sigma": [[0.008023937443674979, 0.006034981846970452, -0.004550687010708185], [0.006034981846970452, 0.007237069633167661, -0.008024970086276133], [-0.004550687010708185, -0.008024970086276131, 0.0175378210122382]], "chi2_level": 0.95, "chi2_df": 3, "chi2_threshold": 7.814727903251179, "N_raw": 53, "N_roi": 53, "N_inlier": 51, "refit": true}
{"timestamp": "12:18:14.271110", "frame": 103, "mu": [-1.9224163507457543, 0.567280052157957, 0.9838418435764802], "Sigma": [[0.006668267970050626, 0.003794587124239991, -0.003245128722503989], [0.003794587124239991, 0.011188779838634666, -0.00696797181350994], [-0.003245128722503989, -0.00696797181350994, 0.006145683026567238]], "chi2_level": 0.95, "chi2_df": 3, "chi2_threshold": 7.814727903251179, "N_raw": 41, "N_roi": 41, "N_inlier": 37, "refit": true}
{"timestamp": "12:18:14.375427", "frame": 105, "mu": [-1.9045501818428938, 0.6202953627729089, 1.093791934380536], "Sigma": [[0.007128708111035364, 0.0006518780811196031, -0.0038059223087357342], [0.0006518780811196028, 0.01686618230949897, -0.006013642430203053], [-0.003805922308735734, -0.006013642430203053, 0.0047794332474831195]], "chi2_level": 0.95, "chi2_df": 3, "chi2_threshold": 7.814727903251179, "N_raw": 49, "N_roi": 49, "N_inlier": 43, "refit": true}
{"timestamp": "12:18:14.425764", "frame": 106, "mu": [-1.3964387840705736, 0.5666500525647158, 1.0765061930744326], "Sigma": [[1.7343519477700269, -0.043498998193111586, 0.044639910851573074], [-0.043498998193111586, 0.009631346142276736, -0.00577071749778141], [0.04463991085157308, -0.00577071749778141, 0.005219837067383424]], "chi2_level": 0.95, "chi2_df": 3, "chi2_threshold": 7.814727903251179, "N_raw": 17, "N_roi": 17, "N_inlier": 17, "refit": true}
{"timestamp": "12:18:14.484838", "frame": 107, "mu": [-1.2798170187368607, 0.5603034889667761, 1.0733487513359092], "Sigma": [[1.9352165029143482, -0.05846332871489457, 0.034290036898002536], [-0.05846332871489458, 0.012313538160259247, -0.004784606910654875], [0.03429003689800254, -0.004784606910654875, 0.005316867326239163]], "chi2_level": 0.95, "chi2_df": 3, "chi2_threshold": 7.814727903251179, "N_raw": 44, "N_roi": 44, "N_inlier": 44, "refit": true}
{"timestamp": "12:18:14.540370", "frame": 108, "mu": [-0.5238973918241174, 0.4768413397610098, 0.9926988075773798], "Sigma": [[3.2268429042774494, -0.02571198802164383, 0.08366894681647616], [-0.02571198802164383, 0.004503638336991541, -0.0025858121492802026], [0.08366894681647616, -0.002585812149280203, 0.005421244147045739]], "chi2_level": 0.95, "chi2_df": 3, "chi2_threshold": 7.814727903251179, "N_raw": 44, "N_roi": 44, "N_inlier": 43, "refit": true}
{"timestamp": "12:18:14.592739", "frame": 109, "mu": [-1.3135075256835995, 0.524962906839485, 1.067977249201689], "Sigma": [[1.6944710519945818, -0.030962736195666515, 0.040473807030185056], [-0.030962736195666512, 0.009334795025116293, -0.0045334255606488665], [0.04047380703018505, -0.0045334255606488665, 0.0049654001525054]], "chi2_level": 0.95, "chi2_df": 3, "chi2_threshold": 7.814727903251179, "N_raw": 33, "N_roi": 33, "N_inlier": 31, "refit": true}
{"timestamp": "12:18:14.646695", "frame": 110, "mu": [0.8830174367170923, 0.5972754464950809, -1.1746380949361337], "Sigma": [[2.531471635186958, -0.023584674676097345, -0.07190285791942966], [-0.023584674676097345, 0.01864221532433164, 0.0008036392102348576], [-0.07190285791942966, 0.0008036392102348573, 0.006671164003437848]], "chi2_level": 0.95, "chi2_df": 3, "chi2_threshold": 7.814727903251179, "N_raw": 19, "N_roi": 19, "N_inlier": 18, "refit": true}
{"timestamp": "12:18:14.703924", "frame": 111, "mu": [-0.8790421518562551, 0.7112093988755855, -0.7837099913112319], "Sigma": [[2.531200811801452, -0.0457438527015288, -0.028383995757503708], [-0.04574385270152881, 0.011327963705976178, 0.001385800987762221], [-0.028383995757503715, 0.0013858009877622207, 0.01434800653593084]], "chi2_level": 0.95, "chi2_df": 3, "chi2_threshold": 7.814727903251179, "N_raw": 45, "N_roi": 45, "N_inlier": 41, "refit": true}
{"timestamp": "12:18:14.761841", "frame": 112, "mu": [-0.44777724979463235, 0.4395742784988224, 0.9878991013620468], "Sigma": [[3.069079370090439, -0.015864115005464918, -0.02214463541884193], [-0.015864115005464918, 0.009369830170086328, 0.006631802438552732], [-0.02214463541884193, 0.006631802438552732, 0.02322288176607812]], "chi2_level": 0.95, "chi2_df": 3, "chi2_threshold": 7.814727903251179, "N_raw": 55, "N_roi": 55, "N_inlier": 53, "refit": true}
{"timestamp": "12:18:14.814004", "frame": 113, "mu": [-0.202660058693576, 0.42795412366746244, 0.8328686470897033], "Sigma": [[3.1247634804173656, 0.06482962571759501, -0.039713559670591356], [0.06482962571759501, 0.018051555852781245, 0.004113331026566193], [-0.039713559670591356, 0.004113331026566193, 0.009741088608534428]], "chi2_level": 0.95, "chi2_df": 3, "chi2_threshold": 7.814727903251179, "N_raw": 31, "N_roi": 31, "N_inlier": 28, "refit": true}
{"timestamp": "12:18:14.870042", "frame": 114, "mu": [0.20426947189098466, 0.4044873599562958, 0.9150906716682897], "Sigma": [[2.9910804478273314, 0.057206481337996065, -0.0024596583756846015], [0.057206481337996065, 0.009672506953220587, 0.0034680714959538454], [-0.002459658375684605, 0.0034680714959538454, 0.01682031886788326]], "chi2_level": 0.95, "chi2_df": 3, "chi2_threshold": 7.814727903251179, "N_raw": 54, "N_roi": 54, "N_inlier": 53, "refit": true}
{"timestamp": "12:18:14.923333", "frame": 115, "mu": [-0.20776974365697973, 0.41969653818416186, 0.9867540856583706], "Sigma": [[3.057056505474647, 0.06336073425250936, 0.055054033264393704], [0.06336073425250936, 0.007550612562897027, -8.038303368909622e-05], [0.055054033264393704, -8.038303368909617e-05, 0.004258921126113669]], "chi2_level": 0.95, "chi2_df": 3, "chi2_threshold": 7.814727903251179, "N_raw": 34, "N_roi": 34, "N_inlier": 34, "refit": true}
{"timestamp": "12:18:14.977636", "frame": 116, "mu": [0.559133257379653, 0.6529127585477603, -0.9095567670680194], "Sigma": [[2.489327112260762, 0.02020080810114928, -0.06523265174846904], [0.020200808101149277, 0.006449146136536685, -0.0007932929897247503], [-0.06523265174846904, -0.0007932929897247506, 0.01729348022314238]], "chi2_level": 0.95, "chi2_df": 3, "chi2_threshold": 7.814727903251179, "N_raw": 31, "N_roi": 31, "N_inlier": 30, "refit": true}
{"timestamp": "12:18:15.036337", "frame": 117, "mu": [0.24967754267606534, 0.38337571280086535, 1.016739736668763], "Sigma": [[2.6679472966444173, 0.03996931393551023, -0.008016618094320702], [0.03996931393551023, 0.00937051918632367, 0.004219582534366177], [-0.008016618094320704, 0.0042195825343661775, 0.015637520013161446]], "chi2_level": 0.95, "chi2_df": 3, "chi2_threshold": 7.814727903251179, "N_raw": 53, "N_roi": 53, "N_inlier": 52, "refit": true}
{"timestamp": "12:18:15.085915", "frame": 118, "mu": [0.20307169447506007, 0.694981250497115, -0.901018303597553], "Sigma": [[2.456321339763288, 0.07025554819034409, -0.11375716147731485], [0.07025554819034409, 0.008914640696106391, 0.0034999810023050295], [-0.11375716147731485, 0.003499981002305029, 0.026081723221785105]], "chi2_level": 0.95, "chi2_df": 3, "chi2_threshold": 7.814727903251179, "N_raw": 19, "N_roi": 19, "N_inlier": 19, "refit": true}
{"timestamp": "12:18:15.145754", "frame": 119, "mu": [0.5796834153727994, 0.37236884353348726, 0.950161093323593], "Sigma": [[2.093017035131175, 0.0256463579352265, -0.11150642648660491], [0.025646357935226502, 0.009789886988104148, 0.0049048862270614875], [-0.11150642648660493, 0.004904886227061488, 0.027174961621180015]], "chi2_level": 0.95, "chi2_df": 3, "chi2_threshold": 7.814727903251179, "N_raw": 41, "N_roi": 41, "N_inlier": 40, "refit": true}
{"timestamp": "12:18:15.197233", "frame": 120, "mu": [0.02667004667423903, 0.3721701761578272, 1.002813626376626], "Sigma": [[2.3861997987851407, 0.005832852351625759, -0.1137638428413517], [0.005832852351625761, 0.005635095293520481, 0.001019777478558961], [-0.1137638428413517, 0.0010197774785589608, 0.0252472164581289]], "chi2_level": 0.95, "chi2_df": 3, "chi2_threshold": 7.814727903251179, "N_raw": 30, "N_roi": 30, "N_inlier": 30, "refit": true}
{"timestamp": "12:18:15.312097", "frame": 122, "mu": [0.1079632685669079, 0.3344485142074797, 1.1039825754217045], "Sigma": [[1.937057739360885, 0.023337842340412494, -0.057619039712459894], [0.02333784234041249, 0.006724036042864841, 0.003140516474181397], [-0.0576190397124599, 0.003140516474181397, 0.023204488749324403]], "chi2_level": 0.95, "chi2_df": 3, "chi2_threshold": 7.814727903251179, "N_raw": 54, "N_roi": 54, "N_inlier": 53, "refit": true}
{"timestamp": "12:18:15.369136", "frame": 123, "mu": [0.13826406294917284, 0.5428268728999605, -0.7897477947910209], "Sigma": [[1.855370896427096, 0.04631647438628393, -0.0849363622331427], [0.04631647438628393, 0.006231590891833133, -0.0006654387508335741], [-0.08493636223314271, -0.0006654387508335739, 0.03009997028751104]], "chi2_level": 0.95, "chi2_df": 3, "chi2_threshold": 7.814727903251179, "N_raw": 62, "N_roi": 62, "N_inlier": 60, "refit": true}
{"timestamp": "12:18:15.426094", "frame": 124, "mu": [-0.3427018682736749, 0.3501890331250674, 1.2062297729186886], "Sigma": [[1.6629264048317358, -0.012000676936054784, -0.13132482650511518], [-0.01200067693605478, 0.00921724068594911, 0.009656458308252937], [-0.13132482650511518, 0.009656458308252937, 0.04907654582867155]], "chi2_level": 0.95, "chi2_df": 3, "chi2_threshold": 7.814727903251179, "N_raw": 82, "N_roi": 82, "N_inlier": 81, "refit": true}
{"timestamp": "12:18:15.480070", "frame": 125, "mu": [-0.24653074929552712, 0.3257016931104322, 1.11910933544585], "Sigma": [[1.8767774876053882, 0.028141301869706946, 0.015612561652863104], [0.028141301869706946, 0.0061650062445515975, 0.002965861511454864], [0.015612561652863108, 0.002965861511454864, 0.0240732321797873]], "chi2_level": 0.95, "chi2_df": 3, "chi2_threshold": 7.814727903251179, "N_raw": 77, "N_roi": 77, "N_inlier": 74, "refit": true}
{"timestamp": "12:18:15.538168", "frame": 126, "mu": [-0.35047747794077533, 0.3273600769203718, 1.1182969665212468], "Sigma": [[1.7376113046338788, 0.01299700338408126, 0.001836711720744739], [0.01299700338408126, 0.007335978219704186, 0.0058523348731482575], [0.0018367117207447343, 0.0058523348731482575, 0.036383022833409134]], "chi2_level": 0.95, "chi2_df": 3, "chi2_threshold": 7.814727903251179, "N_raw": 96, "N_roi": 96, "N_inlier": 93, "refit": true}
{"timestamp": "12:18:15.589451", "frame": 127, "mu": [-0.6551516350604256, 0.3112620334401603, 1.1083228696088498], "Sigma": [[1.3942050632596668, -0.008392690561085745, -0.007722175361747937], [-0.008392690561085745, 0.006263874867770632, 0.004893757791598181], [-0.0077221753617479315, 0.004893757791598181, 0.029682248455900312]], "chi2_level": 0.95, "chi2_df": 3, "chi2_threshold": 7.814727903251179, "N_raw": 70, "N_roi": 69, "N_inlier": 69, "refit": true}
{"timestamp": "12:18:15.642077", "frame": 128, "mu": [-1.3550428919361965, 0.31469757931407083, 1.0861541397688854], "Sigma": [[0.006035120271721686, 0.002091405199767223, 0.0051781569978706365], [0.002091405199767223, 0.003480964160494251, -0.0009996280780958393], [0.0051781569978706365, -0.000999628078095839, 0.015163731827539864]], "chi2_level": 0.95, "chi2_df": 3, "chi2_threshold": 7.814727903251179, "N_raw": 56, "N_roi": 56, "N_inlier": 49, "refit": true}
{"timestamp": "12:18:15.700113", "frame": 129, "mu": [-0.777622774653948, 0.3297211040669891, 1.2678454976028437], "Sigma": [[0.9755101325232566, -0.027220611697356675, -0.04498575442201874], [-0.027220611697356675, 0.00847140715930953, 0.011737107820862989], [-0.04498575442201874, 0.011737107820862989, 0.045150737198428534]], "chi2_level": 0.95, "chi2_df": 3, "chi2_threshold": 7.814727903251179, "N_raw": 80, "N_roi": 80, "N_inlier": 77, "refit": true}
{"timestamp": "12:18:15.752201", "frame": 130, "mu": [-0.9296266217397043, 0.32763724819196494, 1.206665060656932], "Sigma": [[0.7206636063571126, -0.005164384706775724, 0.039119885137851425], [-0.0051643847067757214, 0.005163909736556207, -0.004394124661308545], [0.039119885137851425, -0.004394124661308545, 0.021241765512355213]], "chi2_level": 0.95, "chi2_df": 3, "chi2_threshold": 7.814727903251179, "N_raw": 61, "N_roi": 61, "N_inlier": 59, "refit": true}
{"timestamp": "12:18:15.811184", "frame": 131, "mu": [-0.7859550811280964, 0.3601340425775807, 1.1885569064267036], "Sigma": [[0.9609584563920335, -0.01196601749612508, 0.054701159645770873], [-0.011966017496125077, 0.005571580684901365, -0.005575206311046433], [0.054701159645770873, -0.005575206311046433, 0.029872366628482788]], "chi2_level": 0.95, "chi2_df": 3, "chi2_threshold": 7.814727903251179, "N_raw": 83, "N_roi": 83, "N_inlier": 80, "refit": true}
{"timestamp": "12:18:15.863666", "frame": 132, "mu": [-0.8842497533001609, 0.4192220038299009, 1.2818266226215278], "Sigma": [[0.7187420608718672, -0.031637554797777634, 0.03119999952674766], [-0.031637554797777634, 0.013873803415814128, -0.01693357176255591], [0.03119999952674766, -0.01693357176255591, 0.0290690974675509]], "chi2_level": 0.95, "chi2_df": 3, "chi2_threshold": 7.814727903251179, "N_raw": 68, "N_roi": 68, "N_inlier": 66, "refit": true}
