{"timestamp": "12:00:27.448221", "frame": 8, "mu": [-1.9265443337293708, 4.94102608655748, 1.264121203222057], "Sigma": [[0.025199788121406375, 0.002467825397179628, -0.00417149186170788], [0.0024678253971796276, 0.001575194090858869, -0.0010726027947965096], [-0.004171491861707879, -0.0010726027947965096, 0.0012522380204164072]], "chi2_level": 0.95, "chi2_df": 3, "chi2_threshold": 7.814727903251179, "N_raw": 53, "N_roi": 22, "N_inlier": 19, "refit": true}
{"timestamp": "12:00:27.504937", "frame": 9, "mu": [-2.0125114851668062, 4.937186935219655, 0.5310462579540752], "Sigma": [[0.017423766374138075, 0.002375093295947441, -0.0031490661761741983], [0.0023750932959474415, 0.0012092147453791283, -0.0006651394673943789], [-0.0031490661761741983, -0.0006651394673943789, 0.0011757604776727417]], "chi2_level": 0.95, "chi2_df": 3, "chi2_threshold": 7.814727903251179, "N_raw": 49, "N_roi": 15, "N_inlier": 13, "refit": true}
{"timestamp": "12:00:27.557835", "frame": 10, "mu": [-1.8848969992550926, 4.924746423507237, 1.112568879893515], "Sigma": [[0.02181629199481133, 0.002852069862214022, -0.008984438964213345], [0.002852069862214022, 0.001955920278657596, -0.0013581582642386548], [-0.008984438964213345, -0.0013581582642386548, 0.006200162070914691]], "chi2_level": 0.95, "chi2_df": 3, "chi2_threshold": 7.814727903251179, "N_raw": 35, "N_roi": 19, "N_inlier": 19, "refit": true}
{"timestamp": "12:00:27.612023", "frame": 11, "mu": [-1.8511517474292538, 4.9532971251020275, 0.9978235413499961], "Sigma": [[0.02324467565121409, 0.003186509325240435, -0.010317102269627423], [0.0031865093252404345, 0.0010976936012551436, -0.0019337368641025683], [-0.010317102269627423, -0.0019337368641025683, 0.006594217002984287]], "chi2_level": 0.95, "chi2_df": 3, "chi2_threshold": 7.814727903251179, "N_raw": 27, "N_roi": 12, "N_inlier": 12, "refit": true}
{"timestamp": "12:00:27.667326", "frame": 12, "mu": [-1.8267671950640174, 4.925569762521286, 0.7846015109652156], "Sigma": [[0.0339596982559227, 0.007461985858671132, -0.014142405035997448], [0.0074619858586711316, 0.0028476502124188904, -0.003372301160977735], [-0.014142405035997448, -0.0033723011609777353, 0.008458497779970809]], "chi2_level": 0.95, "chi2_df": 3, "chi2_threshold": 7.814727903251179, "N_raw": 36, "N_roi": 24, "N_inlier": 23, "refit": true}
{"timestamp": "12:00:27.726385", "frame": 13, "mu": [-1.726915592513877, 4.948888181286983, 0.9367214679766285], "Sigma": [[0.016939937001459685, 0.0013323934554805704, -0.0071500368277980335], [0.0013323934554805704, 0.0010798765795655319, -0.0027308571592688058], [-0.007150036827798034, -0.0027308571592688053, 0.011406771520832236]], "chi2_level": 0.95, "chi2_df": 3, "chi2_threshold": 7.814727903251179, "N_raw": 61, "N_roi": 23, "N_inlier": 21, "refit": true}
{"timestamp": "12:00:27.779745", "frame": 14, "mu": [-1.7296240158986405, 4.893809808930914, 0.8471903243160728], "Sigma": [[0.038245790960624686, 0.007267525708643984, -0.020898475032435058], [0.007267525708643984, 0.0028855559746443537, -0.005488988947268639], [-0.020898475032435054, -0.005488988947268639, 0.0165650500965904]], "chi2_level": 0.95, "chi2_df": 3, "chi2_threshold": 7.814727903251179, "N_raw": 40, "N_roi": 35, "N_inlier": 34, "refit": true}
{"timestamp": "12:00:27.833940", "frame": 15, "mu": [-1.7041063568100185, 4.917426567615545, 0.9253902064967477], "Sigma": [[0.026093302619180744, 0.004138420471983813, -0.01639539522106759], [0.004138420471983813, 0.002662820988150024, -0.003652274049243864], [-0.01639539522106759, -0.003652274049243864, 0.013840953233771937]], "chi2_level": 0.95, "chi2_df": 3, "chi2_threshold": 7.814727903251179, "N_raw": 39, "N_roi": 28, "N_inlier": 27, "refit": true}
{"timestamp": "12:00:27.890978", "frame": 16, "mu": [-1.5701753109872583, 4.878366978099559, 0.6105884883813344], "Sigma": [[0.04722710107700659, 0.011542772572918927, -0.05133149931181467], [0.011542772572918927, 0.005180618788523035, -0.013887445234821702], [-0.051331499311814674, -0.013887445234821702, 0.06570417033190387]], "chi2_level": 0.95, "chi2_df": 3, "chi2_threshold": 7.814727903251179, "N_raw": 54, "N_roi": 50, "N_inlier": 47, "refit": true}
{"timestamp": "12:00:27.944087", "frame": 17, "mu": [-1.2438634097485928, 4.888017739162653, 0.15052092459531907], "Sigma": [[0.03825109171407126, 0.00044920070737089663, -0.02580851221445214], [0.0004492007073708964, 0.0022487809953097675, -0.000792614155186734], [-0.02580851221445214, -0.0007926141551867341, 0.019890348126862432]], "chi2_level": 0.95, "chi2_df": 3, "chi2_threshold": 7.814727903251179, "N_raw": 40, "N_roi": 39, "N_inlier": 38, "refit": true}
{"timestamp": "12:00:28.003681", "frame": 18, "mu": [-1.530843175970874, 4.852005034930208, 0.7792755896800292], "Sigma": [[0.044956291684683944, 0.009203391280136272, -0.03534387709328359], [0.009203391280136272, 0.005197154594759436, -0.013290144545465982], [-0.03534387709328359, -0.013290144545465982, 0.05468130725084269]], "chi2_level": 0.95, "chi2_df": 3, "chi2_threshold": 7.814727903251179, "N_raw": 72, "N_roi": 68, "N_inlier": 67, "refit": true}
{"timestamp": "12:00:28.055692", "frame": 19, "mu": [-1.4485963821563608, 4.825141719056045, 0.48019078034473645], "Sigma": [[0.03711378884732523, 0.009139471320254272, -0.03488391146345195], [0.009139471320254272, 0.004058628697945631, -0.01147690227450241], [-0.03488391146345195, -0.01147690227450241, 0.04496964942205232]], "chi2_level": 0.95, "chi2_df": 3, "chi2_threshold": 7.814727903251179, "N_raw": 53, "N_roi": 47, "N_inlier": 45, "refit": true}
{"timestamp": "12:00:28.111437", "frame": 20, "mu": [-1.3513879744703317, 4.8091005963663545, 0.4620058024835145], "Sigma": [[0.04343442290216888, 0.008329646842644554, -0.05919171801928011], [0.008329646842644554, 0.0027820901287494816, -0.015474148326676821], [-0.05919171801928011, -0.015474148326676821, 0.12288833118188722]], "chi2_level": 0.95, "chi2_df": 3, "chi2_threshold": 7.814727903251179, "N_raw": 51, "N_roi": 45, "N_inlier": 43, "refit": true}
{"timestamp": "12:00:28.162841", "frame": 21, "mu": [-1.4253011327342617, 4.737744734742565, 0.7798406815523069], "Sigma": [[0.019959285498315785, 0.0035841328536767043, -0.004318911703124439], [0.0035841328536767043, 0.0011161066774393908, -0.0031008915959177515], [-0.00431891170312444, -0.003100891595917751, 0.018528480210878613]], "chi2_level": 0.95, "chi2_df": 3, "chi2_threshold": 7.814727903251179, "N_raw": 32, "N_roi": 25, "N_inlier": 23, "refit": true}
{"timestamp": "12:00:28.218856", "frame": 22, "mu": [-1.3388780517530676, 4.763306318127543, 0.7076909918745902], "Sigma": [[0.02649229367357317, 0.003050789422180376, -0.008877169404772855], [0.003050789422180376, 0.0013547310059646232, -0.0036062840174591933], [-0.008877169404772853, -0.0036062840174591933, 0.014434664427062637]], "chi2_level": 0.95, "chi2_df": 3, "chi2_threshold": 7.814727903251179, "N_raw": 43, "N_roi": 38, "N_inlier": 35, "refit": true}
{"timestamp": "12:00:28.328731", "frame": 24, "mu": [-1.275803500742481, 4.733136970629817, 0.7382987556814281], "Sigma": [[0.012131439020096361, 0.0030453897295498137, -0.007121436934926178], [0.003045389729549814, 0.00288061159273046, -0.005538025434811025], [-0.007121436934926178, -0.005538025434811024, 0.01454336780319471]], "chi2_level": 0.95, "chi2_df": 3, "chi2_threshold": 7.814727903251179, "N_raw": 33, "N_roi": 29, "N_inlier": 26, "refit": true}
{"timestamp": "12:00:28.385433", "frame": 25, "mu": [-1.2107474791086719, 4.669848958075582, 0.6782911274606267], "Sigma": [[0.02253059916385693, 0.00302991423994894, -0.0063048588937706426], [0.00302991423994894, 0.002322540427411289, -0.004886156378069627], [-0.0063048588937706426, -0.004886156378069627, 0.014982087728568003]], "chi2_level": 0.95, "chi2_df": 3, "chi2_threshold": 7.814727903251179, "N_raw": 46, "N_roi": 40, "N_inlier": 35, "refit": true}
{"timestamp": "12:00:28.440545", "frame": 26, "mu": [-1.1996020215385732, 4.616773206154558, 0.7378693848871375], "Sigma": [[0.029841497864983434, 0.006994057304981988, -0.02109896567460144], [0.006994057304981989, 0.003151113212442299, -0.007670932092553112], [-0.021098965674601445, -0.007670932092553112, 0.03813271892571291]], "chi2_level": 0.95, "chi2_df": 3, "chi2_threshold": 7.814727903251179, "N_raw": 44, "N_roi": 42, "N_inlier": 39, "refit": true}
{"timestamp": "12:00:28.489655", "frame": 27, "mu": [-1.1236953885392467, 4.646342088928126, 0.7092556629187987], "Sigma": [[0.0036977506373361935, -0.002851319478491255, 0.012390514484840704], [-0.002851319478491255, 0.0061622603099913765, -0.031099464101548124], [0.012390514484840704, -0.031099464101548124, 0.17323109388000824]], "chi2_level": 0.95, "chi2_df": 3, "chi2_threshold": 7.814727903251179, "N_raw": 8, "N_roi": 8, "N_inlier": 8, "refit": true}
{"timestamp": "12:00:28.544176", "frame": 28, "mu": [-1.0824541928892157, 4.614448303146928, 0.7347452067577144], "Sigma": [[0.004214316026213612, 0.0007541746224170102, 0.002330165524451079], [0.00075417462241701, 0.006947932857744513, -0.003631469441424606], [0.002330165524451079, -0.003631469441424606, 0.06167763614307886]], "chi2_level": 0.95, "chi2_df": 3, "chi2_threshold": 7.814727903251179, "N_raw": 14, "N_roi": 14, "N_inlier": 14, "refit": true}
{"timestamp": "12:00:28.602341", "frame": 29, "mu": [-0.8048365204101594, 4.73868236666877, 0.9000358972904481], "Sigma": [[0.03183344059185152, 0.012280648601633934, 0.011126206933901796], [0.012280648601633934, 0.01031239014565911, 0.007917323350443112], [0.011126206933901796, 0.007917323350443112, 0.00939845556882317]], "chi2_level": 0.95, "chi2_df": 3, "chi2_threshold": 7.814727903251179, "N_raw": 35, "N_roi": 35, "N_inlier": 33, "refit": true}
{"timestamp": "12:00:28.660661", "frame": 30, "mu": [-0.9415063975036362, 4.626854840203249, 0.8279652052019105], "Sigma": [[0.036644319094011814, 0.015845812450016053, 0.004624047998781065], [0.015845812450016053, 0.01804773259645468, 0.009508494000234917], [0.004624047998781066, 0.009508494000234916, 0.007705944530198676]], "chi2_level": 0.95, "chi2_df": 3, "chi2_threshold": 7.814727903251179, "N_raw": 63, "N_roi": 61, "N_inlier": 60, "refit": true}
{"timestamp": "12:00:28.713996", "frame": 31, "mu": [-1.012732884819, 4.450344774901348, 0.7587163248651172], "Sigma": [[0.02119785890594856, 0.0017157637578482602, -0.01669036517093438], [0.0017157637578482598, 0.0013627145005272172, -0.0039325175936640085], [-0.01669036517093438, -0.0039325175936640085, 0.024749345903724886]], "chi2_level": 0.95, "chi2_df": 3, "chi2_threshold": 7.814727903251179, "N_raw": 38, "N_roi": 36, "N_inlier": 34, "refit": true}
{"timestamp": "12:00:28.773251", "frame": 32, "mu": [-1.0335967222186813, 4.399148839260067, 0.7812976553432951], "Sigma": [[0.028362943802178055, 0.0017690032521673544, -0.01563984131567664], [0.0017690032521673542, 0.002487578741725782, -0.006966945106051782], [-0.01563984131567664, -0.006966945106051782, 0.030721736439149463]], "chi2_level": 0.95, "chi2_df": 3, "chi2_threshold": 7.814727903251179, "N_raw": 68, "N_roi": 62, "N_inlier": 59, "refit": true}
{"timestamp": "12:00:28.823783", "frame": 33, "mu": [-0.9563646241959819, 4.3643071427559095, 0.8571837687100968], "Sigma": [[0.026120901279150566, 0.0031574944367548582, -0.013212907266129887], [0.0031574944367548582, 0.0030668223107139783, -0.003091741148593374], [-0.013212907266129887, -0.003091741148593374, 0.009100993979343436]], "chi2_level": 0.95, "chi2_df": 3, "chi2_threshold": 7.814727903251179, "N_raw": 41, "N_roi": 41, "N_inlier": 39, "refit": true}
{"timestamp": "12:00:28.929688", "frame": 35, "mu": [-0.7753081239802572, 4.287643990576218, 0.600427941738402], "Sigma": [[0.011606386470556071, 0.0009991250509122742, -0.004481417108079368], [0.0009991250509122744, 0.0029562867326136514, 0.00011382494358823598], [-0.004481417108079368, 0.00011382494358823603, 0.012343106083352264]], "chi2_level": 0.95, "chi2_df": 3, "chi2_threshold": 7.814727903251179, "N_raw": 22, "N_roi": 22, "N_inlier": 19, "refit": true}
{"timestamp": "12:00:28.990830", "frame": 36, "mu": [-0.7977183963728224, 4.2341512108157, 0.717762736309607], "Sigma": [[0.034252334949057654, 0.00372604192083684, -0.0060569884841892956], [0.00372604192083684, 0.0023312500460074778, -0.003573442955146984], [-0.0060569884841892956, -0.003573442955146984, 0.008824804491397735]], "chi2_level": 0.95, "chi2_df": 3, "chi2_threshold": 7.814727903251179, "N_raw": 51, "N_roi": 47, "N_inlier": 46, "refit": true}
{"timestamp": "12:00:29.045650", "frame": 37, "mu": [-0.8051950155251668, 4.180759596732884, 0.8736366284369834], "Sigma": [[0.03488413538588056, 0.008637901282756601, -0.001896416918256298], [0.008637901282756601, 0.004913881540105118, -0.003634931319615004], [-0.0018964169182562973, -0.0036349313196150043, 0.006796564096487985]], "chi2_level": 0.95, "chi2_df": 3, "chi2_threshold": 7.814727903251179, "N_raw": 52, "N_roi": 52, "N_inlier": 52, "refit": true}
{"timestamp": "12:00:29.102911", "frame": 38, "mu": [-0.788874673897646, 4.154455884445973, 0.8176409111240094], "Sigma": [[0.029831009507886842, 0.0038643859440496285, -0.006460416091268356], [0.0038643859440496285, 0.003981022861409351, -0.004708005256845434], [-0.006460416091268356, -0.004708005256845434, 0.00904147489744068]], "chi2_level": 0.95, "chi2_df": 3, "chi2_threshold": 7.814727903251179, "N_raw": 57, "N_roi": 57, "N_inlier": 54, "refit": true}
{"timestamp": "12:00:29.154716", "frame": 39, "mu": [-0.8085959934118336, 4.047935400674016, 0.7864673609531769], "Sigma": [[0.02548280506473362, 0.0018581605317341912, -0.013219460197984452], [0.0018581605317341912, 0.0033469379360784052, -0.0026157057816502227], [-0.013219460197984452, -0.0026157057816502227, 0.009307259573755876]], "chi2_level": 0.95, "chi2_df": 3, "chi2_threshold": 7.814727903251179, "N_raw": 47, "N_roi": 43, "N_inlier": 41, "refit": true}
{"timestamp": "12:00:29.205948", "frame": 40, "mu": [-0.7660333264990271, 4.102109750857914, 0.860424163620947], "Sigma": [[0.015008773802621585, 0.00039383291404315485, -0.005286418653284263], [0.00039383291404315474, 0.0014253442994764686, -0.0008732283307716611], [-0.005286418653284261, -0.0008732283307716609, 0.0037651154302517365]], "chi2_level": 0.95, "chi2_df": 3, "chi2_threshold": 7.814727903251179, "N_raw": 23, "N_roi": 23, "N_inlier": 20, "refit": true}
{"timestamp": "12:00:29.266512", "frame": 41, "mu": [-0.7163053734683094, 4.005686587493438, 0.9412592731553118], "Sigma": [[0.033011320528865885, 0.0038606015000334825, -0.011349619749242642], [0.0038606015000334833, 0.005192632291725264, -0.0017802033904668892], [-0.01134961974924264, -0.0017802033904668892, 0.005225028112660232]], "chi2_level": 0.95, "chi2_df": 3, "chi2_threshold": 7.814727903251179, "N_raw": 58, "N_roi": 56, "N_inlier": 54, "refit": true}
{"timestamp": "12:00:29.324835", "frame": 42, "mu": [-0.5067527073284684, 4.266953459353937, -0.2904121752082769], "Sigma": [[0.036794053412130844, 0.01313974527861864, -0.05326452655541768], [0.01313974527861864, 0.012136786479644059, -0.03504351604446336], [-0.05326452655541768, -0.03504351604446336, 0.1200245649649867]], "chi2_level": 0.95, "chi2_df": 3, "chi2_threshold": 7.814727903251179, "N_raw": 74, "N_roi": 70, "N_inlier": 67, "refit": true}
{"timestamp": "12:00:29.378202", "frame": 43, "mu": [-0.5320826798649338, 3.9869692269371697, 0.6348374060366525], "Sigma": [[0.06778455791986496, 0.005601045039748941, -0.07737427288669951], [0.005601045039748941, 0.0034608304488184336, -0.009541243040287101], [-0.07737427288669953, -0.009541243040287101, 0.10389265499469374]], "chi2_level": 0.95, "chi2_df": 3, "chi2_threshold": 7.814727903251179, "N_raw": 65, "N_roi": 62, "N_inlier": 60, "refit": true}
{"timestamp": "12:00:29.432915", "frame": 44, "mu": [-0.4927878106390154, 3.944364187547451, 0.8060961720539007], "Sigma": [[0.03485704078771261, 0.005168992550355252, -0.023613868017271368], [0.005168992550355252, 0.0038588599934997565, -0.007398679343501579], [-0.023613868017271368, -0.007398679343501579, 0.040247813875166856]], "chi2_level": 0.95, "chi2_df": 3, "chi2_threshold": 7.814727903251179, "N_raw": 63, "N_roi": 61, "N_inlier": 60, "refit": true}
{"timestamp": "12:00:29.483902", "frame": 45, "mu": [-0.44963937986362096, 3.8939514755217464, 0.9794412114733844], "Sigma": [[0.017963421135076804, 0.0016589358889907116, 0.009989824747063983], [0.0016589358889907116, 0.0011284902401479692, -0.002219719547769004], [0.009989824747063983, -0.002219719547769004, 0.02293917030458175]], "chi2_level": 0.95, "chi2_df": 3, "chi2_threshold": 7.814727903251179, "N_raw": 39, "N_roi": 34, "N_inlier": 32, "refit": true}
{"timestamp": "12:00:29.540205", "frame": 46, "mu": [-0.5533332701836476, 3.8534416549966197, 0.8998237347897692], "Sigma": [[0.018320632150611173, 0.0014993863361724702, -0.00022592008559257936], [0.0014993863361724698, 0.0019008442117374443, -0.0021775655813045082], [-0.00022592008559257958, -0.0021775655813045087, 0.007739014973695249]], "chi2_level": 0.95, "chi2_df": 3, "chi2_threshold": 7.814727903251179, "N_raw": 42, "N_roi": 36, "N_inlier": 32, "refit": true}
{"timestamp": "12:00:29.599410", "frame": 47, "mu": [-0.39382102040460054, 3.845338739794259, 1.0038269293419686], "Sigma": [[0.02789186020343203, 0.002257032189850989, 0.0013333407496729603], [0.0022570321898509886, 0.0036372708296417908, -0.007290167487163669], [0.0013333407496729603, -0.007290167487163668, 0.021898444925094344]], "chi2_level": 0.95, "chi2_df": 3, "chi2_threshold": 7.814727903251179, "N_raw": 72, "N_roi": 71, "N_inlier": 67, "refit": true}
{"timestamp": "12:00:29.652947", "frame": 48, "mu": [-0.35360775190884747, 3.814172113000315, 1.0272737069269609], "Sigma": [[0.02343138685472773, -0.0007253397322486692, -0.0038611802407621165], [-0.0007253397322486694, 0.001510044236550511, -0.005160338702954175], [-0.003861180240762116, -0.0051603387029541745, 0.028617303460795822]], "chi2_level": 0.95, "chi2_df": 3, "chi2_threshold": 7.814727903251179, "N_raw": 62, "N_roi": 59, "N_inlier": 51, "refit": true}
{"timestamp": "12:00:29.702560", "frame": 49, "mu": [-0.3259151045059383, 3.7749709604427943, 0.8738573645077248], "Sigma": [[0.025072541459705285, 0.001343377026726647, -0.013317937460512089], [0.001343377026726647, 0.002232774542807429, -0.0003708899486410885], [-0.013317937460512089, -0.0003708899486410882, 0.008688466189001726]], "chi2_level": 0.95, "chi2_df": 3, "chi2_threshold": 7.814727903251179, "N_raw": 33, "N_roi": 33, "N_inlier": 29, "refit": true}
{"timestamp": "12:00:29.758902", "frame": 50, "mu": [-0.25827114498005904, 3.7522746881459694, 1.1214131557477223], "Sigma": [[0.020247821291809243, -0.0016501206859907782, -0.003185794076006447], [-0.0016501206859907782, 0.0009307480617262707, -0.002951326592661842], [-0.0031857940760064473, -0.002951326592661842, 0.026200788462926946]], "chi2_level": 0.95, "chi2_df": 3, "chi2_threshold": 7.814727903251179, "N_raw": 40, "N_roi": 40, "N_inlier": 38, "refit": true}
{"timestamp": "12:00:29.814627", "frame": 51, "mu": [-0.2717260543776952, 3.7335464360512285, 0.9871977270872276], "Sigma": [[0.01855015185088399, -0.0017871780151518639, -0.003505549077812022], [-0.0017871780151518639, 0.0013591129677084422, -0.00224568937033032], [-0.0035055490778120226, -0.0022456893703303206, 0.014995387451079359]], "chi2_level": 0.95, "chi2_df": 3, "chi2_threshold": 7.814727903251179, "N_raw": 43, "N_roi": 43, "N_inlier": 40, "refit": true}
{"timestamp": "12:00:29.875622", "frame": 52, "mu": [-0.18147277930113978, 3.716766872735061, 0.8032372443993934], "Sigma": [[0.022944597496432025, 0.0008227785555152494, -0.020373444382776044], [0.0008227785555152494, 0.003923725138498499, -0.02204207257470408], [-0.020373444382776044, -0.02204207257470408, 0.18297247078852155]], "chi2_level": 0.95, "chi2_df": 3, "chi2_threshold": 7.814727903251179, "N_raw": 83, "N_roi": 83, "N_inlier": 80, "refit": true}
{"timestamp": "12:00:29.920328", "frame": 53, "mu": [0.051532672330463256, 3.773974727726302, 0.7063914476190126], "Sigma": [[0.023192347497936753, 0.011737158803725709, 0.024201564745283823], [0.011737158803725707, 0.008623392420723295, -0.0026536750055904373], [0.024201564745283823, -0.002653675005590437, 0.19663823649100262]], "chi2_level": 0.95, "chi2_df": 3, "chi2_threshold": 7.814727903251179, "N_raw": 13, "N_roi": 13, "N_inlier": 13, "refit": true}
{"timestamp": "12:00:29.983704", "frame": 54, "mu": [0.06625422816842784, 3.681507634730582, 0.8313914552524475], "Sigma": [[0.02832032892030738, 0.009876024174982158, -1.167944473677953e-05], [0.009876024174982158, 0.013161356338600176, 0.0015901049935454115], [-1.1679444736779313e-05, 0.0015901049935454113, 0.003116358912912731]], "chi2_level": 0.95, "chi2_df": 3, "chi2_threshold": 7.814727903251179, "N_raw": 77, "N_roi": 77, "N_inlier": 73, "refit": true}
{"timestamp": "12:00:30.037867", "frame": 55, "mu": [0.054082297804510085, 3.5910552430229776, 0.8115667101646209], "Sigma": [[0.021948054061163482, 0.004587033214726775, -0.0020000966943946132], [0.004587033214726775, 0.006640463191938854, -0.001867902141037332], [-0.0020000966943946132, -0.001867902141037332, 0.0034315794529674905]], "chi2_level": 0.95, "chi2_df": 3, "chi2_threshold": 7.814727903251179, "N_raw": 65, "N_roi": 65, "N_inlier": 61, "refit": true}
{"timestamp": "12:00:30.089920", "frame": 56, "mu": [0.03524588532967929, 3.5212934117970973, 0.9938251233228327], "Sigma": [[0.013441018170363278, 0.0001175224186226526, -0.005898197972168236], [0.00011752241862265258, 0.001346121513639838, -0.004525850369911027], [-0.005898197972168236, -0.004525850369911027, 0.025501196154791177]], "chi2_level": 0.95, "chi2_df": 3, "chi2_threshold": 7.814727903251179, "N_raw": 43, "N_roi": 43, "N_inlier": 40, "refit": true}
{"timestamp": "12:00:30.148130", "frame": 57, "mu": [0.15220184083965607, 3.538028112498597, 0.8757554178247504], "Sigma": [[0.02728973605613091, 0.01296519576196081, -0.0007254442358163521], [0.01296519576196081, 0.01629425314476632, 0.0005716047138557721], [-0.0007254442358163521, 0.0005716047138557722, 0.002030465616188958]], "chi2_level": 0.95, "chi2_df": 3, "chi2_threshold": 7.814727903251179, "N_raw": 70, "N_roi": 70, "N_inlier": 68, "refit": true}
{"timestamp": "12:00:30.207480", "frame": 58, "mu": [0.18684758137935298, 3.4599913505252546, 0.9871965437140094], "Sigma": [[0.023196745667109695, 0.004696703815416753, -0.0065669939824216225], [0.004696703815416754, 0.017228899897358894, -0.014963029904487515], [-0.0065669939824216225, -0.014963029904487515, 0.028003654769399762]], "chi2_level": 0.95, "chi2_df": 3, "chi2_threshold": 7.814727903251179, "N_raw": 94, "N_roi": 94, "N_inlier": 94, "refit": true}
{"timestamp": "12:00:30.258624", "frame": 59, "mu": [0.158460679408027, 3.381935523175498, 0.9918280745727267], "Sigma": [[0.017363657202473154, -0.0004980949125201182, -0.002112874822538522], [-0.0004980949125201182, 0.003635975009020391, -0.0058678959401157315], [-0.0021128748225385224, -0.0058678959401157315, 0.014383074393071247]], "chi2_level": 0.95, "chi2_df": 3, "chi2_threshold": 7.814727903251179, "N_raw": 67, "N_roi": 67, "N_inlier": 65, "refit": true}
{"timestamp": "12:00:30.312768", "frame": 60, "mu": [0.14393410767270196, 3.333162742612217, 1.059937700593558], "Sigma": [[0.016118524758269775, -0.00240907396738446, -0.0031039413491003335], [-0.00240907396738446, 0.005287767945177868, -0.003275490698706766], [-0.0031039413491003344, -0.003275490698706766, 0.006829371069872573]], "chi2_level": 0.95, "chi2_df": 3, "chi2_threshold": 7.814727903251179, "N_raw": 67, "N_roi": 65, "N_inlier": 61, "refit": true}
{"timestamp": "12:00:30.368067", "frame": 61, "mu": [0.18989152295633024, 3.243050689902255, 0.9227800794202836], "Sigma": [[0.017599374879495706, -0.004233922630913376, -0.008667495849119085], [-0.004233922630913375, 0.00916878352556304, 0.0034526154717948046], [-0.008667495849119085, 0.0034526154717948046, 0.005624968676063613]], "chi2_level": 0.95, "chi2_df": 3, "chi2_threshold": 7.814727903251179, "N_raw": 65, "N_roi": 64, "N_inlier": 63, "refit": true}
{"timestamp": "12:00:30.421109", "frame": 62, "mu": [0.21410434517610824, 3.1377720717666553, 0.9249529406435423], "Sigma": [[0.016925611465779332, -0.004906706196362289, -0.010861861223447716], [-0.004906706196362289, 0.006468728702203376, 0.0026552427265302265], [-0.010861861223447716, 0.002655242726530226, 0.008611416500239166]], "chi2_level": 0.95, "chi2_df": 3, "chi2_threshold": 7.814727903251179, "N_raw": 57, "N_roi": 56, "N_inlier": 55, "refit": true}
{"timestamp": "12:00:30.478163", "frame": 63, "mu": [0.24842729372671038, 3.1827647945728863, 1.0311293327058615], "Sigma": [[0.017207194992345506, 0.0010663145316646095, 0.0015254590959456553], [0.0010663145316646095, 0.0046398611900224365, -0.004412806962130859], [0.0015254590959456553, -0.004412806962130859, 0.008815170504523578]], "chi2_level": 0.95, "chi2_df": 3, "chi2_threshold": 7.814727903251179, "N_raw": 70, "N_roi": 70, "N_inlier": 67, "refit": true}
{"timestamp": "12:00:30.532765", "frame": 64, "mu": [0.22914893959966, 3.267086384376593, -0.14298329407762628], "Sigma": [[0.017617000438902058, 0.001205928095124232, -0.004897139932410068], [0.0012059280951242325, 0.007350086425009676, 0.0069543426284673256], [-0.004897139932410069, 0.006954342628467325, 0.009600515590977425]], "chi2_level": 0.95, "chi2_df": 3, "chi2_threshold": 7.814727903251179, "N_raw": 70, "N_roi": 69, "N_inlier": 66, "refit": true}
{"timestamp": "12:00:30.586393", "frame": 65, "mu": [0.35337594166165526, 3.221116346171291, -0.11782900016108372], "Sigma": [[0.014681637946847946, -0.00046380850205960327, 0.002928246782901684], [-0.0004638085020596032, 0.004976883979198516, 0.0012232646553033287], [0.002928246782901684, 0.0012232646553033285, 0.0046190417908950334]], "chi2_level": 0.95, "chi2_df": 3, "chi2_threshold": 7.814727903251179, "N_raw": 54, "N_roi": 53, "N_inlier": 51, "refit": true}
{"timestamp": "12:00:30.641798", "frame": 66, "mu": [0.4005842368526852, 3.027009489187159, 1.0677017139809064], "Sigma": [[0.014606497769600912, -0.00018001015994310822, 0.002670996290210019], [-0.00018001015994310843, 0.002947252411852368, -0.0037548750309568746], [0.0026709962902100185, -0.0037548750309568746, 0.007680387116888167]], "chi2_level": 0.95, "chi2_df": 3, "chi2_threshold": 7.814727903251179, "N_raw": 58, "N_roi": 58, "N_inlier": 55, "refit": true}
{"timestamp": "12:00:30.698479", "frame": 67, "mu": [0.47937122005430666, 3.1389711988554114, -0.15542718706324682], "Sigma": [[0.017274916869474168, -0.0009049377280826972, 0.008535906894320247], [-0.000904937728082697, 0.005285140600259987, -0.008128443994671428], [0.008535906894320247, -0.008128443994671428, 0.018289565502917104]], "chi2_level": 0.95, "chi2_df": 3, "chi2_threshold": 7.814727903251179, "N_raw": 65, "N_roi": 64, "N_inlier": 61, "refit": true}
{"timestamp": "12:00:30.753953", "frame": 68, "mu": [0.5417058649731487, 2.964554952209915, 1.0325600168052336], "Sigma": [[0.0160458771853189, 0.00043573717912599643, 0.007446994421060957], [0.00043573717912599654, 0.0036071135251185783, -0.006630046707393969], [0.007446994421060957, -0.006630046707393969, 0.021173152297716442]], "chi2_level": 0.95, "chi2_df": 3, "chi2_threshold": 7.814727903251179, "N_raw": 79, "N_roi": 79, "N_inlier": 75, "refit": true}
{"timestamp": "12:00:30.802984", "frame": 69, "mu": [0.48913202021993657, 2.923351415168102, 0.890556179493955], "Sigma": [[0.009166990818282103, -6.077083032029004e-05, -0.006083878038905418], [-6.0770830320289876e-05, 0.0019471605851958187, -0.0005495193481438187], [-0.006083878038905419, -0.0005495193481438187, 0.051946287658859266]], "chi2_level": 0.95, "chi2_df": 3, "chi2_threshold": 7.814727903251179, "N_raw": 29, "N_roi": 29, "N_inlier": 27, "refit": true}
{"timestamp": "12:00:30.862325", "frame": 70, "mu": [0.5957458258157051, 2.9189251417952824, 0.973867843220907], "Sigma": [[0.013670320116999002, -0.0021114172392872233, -0.0031514469859814033], [-0.0021114172392872233, 0.0029700414179303514, -0.005248866091491741], [-0.0031514469859814033, -0.005248866091491741, 0.019836288288541518]], "chi2_level": 0.95, "chi2_df": 3, "chi2_threshold": 7.814727903251179, "N_raw": 67, "N_roi": 67, "N_inlier": 65, "refit": true}
{"timestamp": "12:00:30.917413", "frame": 71, "mu": [0.6956669766390237, 2.9035090609510292, 0.7819833723907316], "Sigma": [[0.03448263519306356, 0.0028257432363121785, -0.008851714991392305], [0.0028257432363121776, 0.003923471316791383, -0.0033720759205983658], [-0.008851714991392305, -0.0033720759205983653, 0.006357621441544371]], "chi2_level": 0.95, "chi2_df": 3, "chi2_threshold": 7.814727903251179, "N_raw": 60, "N_roi": 60, "N_inlier": 57, "refit": true}
{"timestamp": "12:00:30.973677", "frame": 72, "mu": [0.8556844638329069, 2.873090820828639, 0.879706317360458], "Sigma": [[0.054376930006698805, 0.004274635090539344, -0.021450672718468903], [0.004274635090539344, 0.0024343140470423586, -0.003937864533156842], [-0.021450672718468903, -0.003937864533156842, 0.02613244843895507]], "chi2_level": 0.95, "chi2_df": 3, "chi2_threshold": 7.814727903251179, "N_raw": 70, "N_roi": 70, "N_inlier": 64, "refit": true}
{"timestamp": "12:00:31.026677", "frame": 73, "mu": [1.101460976062507, 2.8442941265080326, 0.8438419344027783], "Sigma": [[0.0667310541365362, -0.0017099297499618665, -0.03565494585327597], [-0.0017099297499618665, 0.004642871856981249, -0.0019360917201722485], [-0.03565494585327597, -0.0019360917201722487, 0.024211633120100263]], "chi2_level": 0.95, "chi2_df": 3, "chi2_threshold": 7.814727903251179, "N_raw": 56, "N_roi": 56, "N_inlier": 51, "refit": true}
{"timestamp": "12:00:31.075709", "frame": 74, "mu": [0.9386608829565449, 2.7787368136127726, 0.5706420267788167], "Sigma": [[0.034172703743974506, 0.0013133156889207145, 0.013644359667836585], [0.0013133156889207145, 0.007088955273601756, 0.01314778076735976], [0.013644359667836585, 0.01314778076735976, 0.3019474892592134]], "chi2_level": 0.95, "chi2_df": 3, "chi2_threshold": 7.814727903251179, "N_raw": 12, "N_roi": 12, "N_inlier": 11, "refit": true}
{"timestamp": "12:00:31.135868", "frame": 75, "mu": [0.8354967935716873, 2.7556959061096093, 0.9241878328154031], "Sigma": [[0.04501146131627144, 0.007628755133796936, 0.0025058909659660877], [0.007628755133796936, 0.0038763974659722774, -0.0013699016352529273], [0.0025058909659660877, -0.0013699016352529273, 0.007379740820976579]], "chi2_level": 0.95, "chi2_df": 3, "chi2_threshold": 7.814727903251179, "N_raw": 56, "N_roi": 56, "N_inlier": 51, "refit": true}
{"timestamp": "12:00:31.184677", "frame": 76, "mu": [1.177932687527096, 2.7137670701330876, 0.9554728297980873], "Sigma": [[0.06204558626318261, 0.008920159877775133, -0.004850650265599473], [0.008920159877775133, 0.003291618568082695, -0.0015861698133521182], [-0.004850650265599472, -0.0015861698133521188, 0.01312322646482463]], "chi2_level": 0.95, "chi2_df": 3, "chi2_threshold": 7.814727903251179, "N_raw": 14, "N_roi": 14, "N_inlier": 14, "refit": true}
{"timestamp": "12:00:31.240412", "frame": 77, "mu": [0.8079540118489988, 2.60600289309738, 0.7850505429026475], "Sigma": [[0.0070186909277361155, -0.0020619348479448845, 0.0038960285270349827], [-0.0020619348479448845, 0.002033798247469849, -0.002903003305964019], [0.0038960285270349827, -0.002903003305964019, 0.018660602432037356]], "chi2_level": 0.95, "chi2_df": 3, "chi2_threshold": 7.814727903251179, "N_raw": 25, "N_roi": 25, "N_inlier": 22, "refit": true}
{"timestamp": "12:00:31.294521", "frame": 78, "mu": [1.0152931945535248, 2.506193373923049, 0.7248198847148046], "Sigma": [[0.0062141172130475665, -0.004707712452043791, -0.011345744446649842], [-0.004707712452043791, 0.007199959226677111, 0.025338746438074277], [-0.011345744446649842, 0.02533874643807428, 0.40211616427928903]], "chi2_level": 0.95, "chi2_df": 3, "chi2_threshold": 7.814727903251179, "N_raw": 9, "N_roi": 9, "N_inlier": 9, "refit": true}
{"timestamp": "12:00:31.360284", "frame": 79, "mu": [1.1102677588451255, 2.556386800988605, 0.9359081864732733], "Sigma": [[0.03511655685195894, 0.005965733957822159, -0.002439271404601931], [0.005965733957822159, 0.005243116247774152, -0.006068619520079923], [-0.0024392714046019316, -0.006068619520079923, 0.022547108541732225]], "chi2_level": 0.95, "chi2_df": 3, "chi2_threshold": 7.814727903251179, "N_raw": 87, "N_roi": 87, "N_inlier": 81, "refit": true}
{"timestamp": "12:00:31.412411", "frame": 80, "mu": [1.0922571776849517, 2.4498691006004014, 1.1727523543367937], "Sigma": [[0.019565551772119046, 0.0056865197532618445, -0.00882858225680717], [0.0056865197532618445, 0.006558479563551677, -0.010412061226869529], [-0.00882858225680717, -0.010412061226869529, 0.02250907228744716]], "chi2_level": 0.95, "chi2_df": 3, "chi2_threshold": 7.814727903251179, "N_raw": 60, "N_roi": 59, "N_inlier": 55, "refit": true}
{"timestamp": "12:00:31.469222", "frame": 81, "mu": [1.0778153726042057, 2.557092690835734, -0.2709136471715288], "Sigma": [[0.010133518357832775, -0.00470043804764767, 0.010370085213629164], [-0.004700438047647669, 0.009509360988346613, -0.023683635243912142], [0.010370085213629166, -0.023683635243912142, 0.0765665902446237]], "chi2_level": 0.95, "chi2_df": 3, "chi2_threshold": 7.814727903251179, "N_raw": 77, "N_roi": 77, "N_inlier": 69, "refit": true}
{"timestamp": "12:00:31.521203", "frame": 82, "mu": [1.0624392727603424, 2.3922331256900553, 1.138235571771016], "Sigma": [[0.007009577582903988, -0.0022152789467317266, 0.005114239373512262], [-0.0022152789467317266, 0.002674575084950168, -0.007153312217820844], [0.005114239373512262, -0.007153312217820843, 0.026634573300851217]], "chi2_level": 0.95, "chi2_df": 3, "chi2_threshold": 7.814727903251179, "N_raw": 52, "N_roi": 52, "N_inlier": 49, "refit": true}
{"timestamp": "12:00:31.578211", "frame": 83, "mu": [1.1517978506431819, 2.2724572412751374, -1.3861047250708365], "Sigma": [[0.011835060549418816, -0.0023494456255375032, -0.01567731943674376], [-0.0023494456255375032, 0.006317835920116131, 0.0304467636825471], [-0.01567731943674376, 0.0304467636825471, 0.6054061467797179]], "chi2_level": 0.95, "chi2_df": 3, "chi2_threshold": 7.814727903251179, "N_raw": 70, "N_roi": 70, "N_inlier": 69, "refit": true}
{"timestamp": "12:00:31.629322", "frame": 84, "mu": [1.1111831856521217, 2.1312337415759277, 0.8702598160734354], "Sigma": [[0.008581053916335126, -0.003331476030511264, -0.002124634169568494], [-0.003331476030511264, 0.002485056197766018, -0.00035306989218001505], [-0.002124634169568495, -0.00035306989218001505, 0.007255681329088067]], "chi2_level": 0.95, "chi2_df": 3, "chi2_threshold": 7.814727903251179, "N_raw": 39, "N_roi": 39, "N_inlier": 36, "refit": true}
{"timestamp": "12:00:31.684977", "frame": 85, "mu": [1.1298345733652728, 2.353982650750023, -0.4567837408306468], "Sigma": [[0.011255903153041822, -0.0033674736355375125, -0.002757625021070639], [-0.0033674736355375125, 0.0042389833577002175, -0.00022347040803122808], [-0.002757625021070639, -0.0002234704080312282, 0.001579840851388271]], "chi2_level": 0.95, "chi2_df": 3, "chi2_threshold": 7.814727903251179, "N_raw": 46, "N_roi": 46, "N_inlier": 41, "refit": true}
{"timestamp": "12:00:31.740387", "frame": 86, "mu": [1.124953061314192, 2.169378964256649, 1.0637951021752299], "Sigma": [[0.01057019168242636, -0.002035249470845517, -0.0007050795523527399], [-0.0020352494708455165, 0.0044426744390913915, -0.0015410732678590182], [-0.0007050795523527398, -0.001541073267859018, 0.0013262145497458075]], "chi2_level": 0.95, "chi2_df": 3, "chi2_threshold": 7.814727903251179, "N_raw": 50, "N_roi": 50, "N_inlier": 48, "refit": true}
{"timestamp": "12:00:31.794940", "frame": 87, "mu": [1.1739318771374792, 2.0964907042988026, 1.0366521968054738], "Sigma": [[0.010176128259833137, -0.0026047064470376487, 0.002154605979668598], [-0.0026047064470376487, 0.0026045669783096976, -0.0025276050902962232], [0.0021546059796685984, -0.0025276050902962232, 0.0035144750812205723]], "chi2_level": 0.95, "chi2_df": 3, "chi2_threshold": 7.814727903251179, "N_raw": 45, "N_roi": 45, "N_inlier": 41, "refit": true}
{"timestamp": "12:00:31.847397", "frame": 88, "mu": [1.206014466944032, 2.1453707032192466, 0.987397809396811], "Sigma": [[0.010014714701043438, 0.001833440531410709, -0.006218726398486558], [0.001833440531410709, 0.003996258577435789, -0.0035909747216070474], [-0.006218726398486558, -0.0035909747216070474, 0.007206404837177923]], "chi2_level": 0.95, "chi2_df": 3, "chi2_threshold": 7.814727903251179, "N_raw": 27, "N_roi": 27, "N_inlier": 25, "refit": true}
{"timestamp": "12:00:31.904308", "frame": 89, "mu": [1.287279353439714, 2.16289579878773, 0.8494656798447369], "Sigma": [[0.007695406330512434, -0.003932776404262188, -0.002902645444183666], [-0.003932776404262188, 0.0047451217197540885, -0.0037433659087222934], [-0.002902645444183666, -0.0037433659087222934, 0.02477393240097102]], "chi2_level": 0.95, "chi2_df": 3, "chi2_threshold": 7.814727903251179, "N_raw": 45, "N_roi": 45, "N_inlier": 41, "refit": true}
{"timestamp": "12:00:31.958789", "frame": 90, "mu": [1.2434250049291924, 2.090337186759639, 1.0292431038254597], "Sigma": [[0.008123602741411048, -0.0031047791986779285, -0.007133674968730963], [-0.0031047791986779285, 0.003934723869186479, -0.0034653318563135716], [-0.007133674968730963, -0.003465331856313572, 0.025531795761693836]], "chi2_level": 0.95, "chi2_df": 3, "chi2_threshold": 7.814727903251179, "N_raw": 43, "N_roi": 43, "N_inlier": 40, "refit": true}
{"timestamp": "12:00:32.065957", "frame": 92, "mu": [1.434732412209317, 2.207736688969259, -0.13721841359995784], "Sigma": [[0.003949356626409218, -0.0016365294010398288, 0.0016036729215840031], [-0.0016365294010398288, 0.0038471968939662385, -0.00295339276363589], [0.0016036729215840031, -0.00295339276363589, 0.0037948324303399518]], "chi2_level": 0.95, "chi2_df": 3, "chi2_threshold": 7.814727903251179, "N_raw": 24, "N_roi": 23, "N_inlier": 22, "refit": true}
{"timestamp": "12:00:32.122860", "frame": 93, "mu": [1.3896521468879777, 2.0821147956786774, 1.3752297918802667], "Sigma": [[0.009417321013299913, -0.002182553667839068, 0.0016539645015087772], [-0.0021825536678390673, 0.004179031288458447, 0.0009791052152936766], [0.001653964501508777, 0.0009791052152936768, 0.0011323821489469727]], "chi2_level": 0.95, "chi2_df": 3, "chi2_threshold": 7.814727903251179, "N_raw": 33, "N_roi": 33, "N_inlier": 32, "refit": true}
{"timestamp": "12:00:32.173586", "frame": 94, "mu": [1.6157152715290617, 2.042609686336187, 1.1786074881521007], "Sigma": [[0.00443361481897019, 0.0024169805245609294, -0.015283264673746258], [0.0024169805245609285, 0.006644921186898335, -0.02224730379076508], [-0.015283264673746258, -0.022247303790765085, 0.15240002261524127]], "chi2_level": 0.95, "chi2_df": 3, "chi2_threshold": 7.814727903251179, "N_raw": 7, "N_roi": 7, "N_inlier": 7, "refit": true}
{"timestamp": "12:00:32.231805", "frame": 95, "mu": [1.5136528964981153, 1.9938518262375475, 1.3958527565636407], "Sigma": [[0.007488908482847221, -0.002511843388367073, 0.0006677958695513482], [-0.002511843388367073, 0.004048310637296564, 0.006055363962986598], [0.0006677958695513479, 0.006055363962986598, 0.03768549100852602]], "chi2_level": 0.95, "chi2_df": 3, "chi2_threshold": 7.814727903251179, "N_raw": 32, "N_roi": 32, "N_inlier": 31, "refit": true}
{"timestamp": "12:00:32.394162", "frame": 98, "mu": [1.6212821917308182, 1.9111435937520094, 1.1632424615665138], "Sigma": [[0.01689102320262112, -0.011581693014473739, -0.05468095033498931], [-0.011581693014473739, 0.011846307422134153, 0.044674479167078215], [-0.054680950334989306, 0.044674479167078215, 0.20140730558279754]], "chi2_level": 0.95, "chi2_df": 3, "chi2_threshold": 7.814727903251179, "N_raw": 10, "N_roi": 10, "N_inlier": 10, "refit": true}
