{"timestamp": "12:10:33.672316", "frame": 1, "mu": [1.8494242700259016, 1.9027274890647483, 1.3617279107873443], "Sigma": [[0.007462614242471019, -0.004193116155651436, -0.006542979420595999], [-0.004193116155651436, 0.004397308053111866, 0.0008697017168094727], [-0.006542979420595998, 0.0008697017168094728, 0.011343615429365843]], "chi2_level": 0.95, "chi2_df": 3, "chi2_threshold": 7.814727903251179, "N_raw": 28, "N_roi": 28, "N_inlier": 26, "refit": true}
{"timestamp": "12:10:33.728016", "frame": 2, "mu": [1.8709451859314288, 1.8997433526575027, 1.3310871090947176], "Sigma": [[0.00489113295498951, -0.0027069761434717005, -0.00024454757835111354], [-0.0027069761434717014, 0.0036974953102863885, -0.0007270145673922458], [-0.0002445475783511135, -0.0007270145673922458, 0.0009617353016703741]], "chi2_level": 0.95, "chi2_df": 3, "chi2_threshold": 7.814727903251179, "N_raw": 21, "N_roi": 21, "N_inlier": 18, "refit": true}
{"timestamp": "12:10:33.786499", "frame": 3, "mu": [1.8139831073514858, 1.9282218020321122, 1.3115605186806338], "Sigma": [[0.010621575838300302, -0.00708352405549895, -0.0018430644013649683], [-0.00708352405549895, 0.01248337818364108, 0.00033430940838470434], [-0.0018430644013649683, 0.00033430940838470434, 0.0009318904813896749]], "chi2_level": 0.95, "chi2_df": 3, "chi2_threshold": 7.814727903251179, "N_raw": 48, "N_roi": 48, "N_inlier": 47, "refit": true}
{"timestamp": "12:10:33.842037", "frame": 4, "mu": [1.7937902435289268, 1.9589413304439394, 1.3174078675555745], "Sigma": [[0.009453335988627047, -0.005626909221265637, -0.001764507943541314], [-0.005626909221265638, 0.011035393324986842, 0.0004494737772545048], [-0.0017645079435413143, 0.0004494737772545048, 0.000862202334259899]], "chi2_level": 0.95, "chi2_df": 3, "chi2_threshold": 7.814727903251179, "N_raw": 47, "N_roi": 47, "N_inlier": 45, "refit": true}
{"timestamp": "12:10:33.892487", "frame": 5, "mu": [1.8217392253343254, 1.8451364161150214, 1.2806400091706904], "Sigma": [[0.0016941000151747974, 7.91392862973794e-05, -0.0026897313607745113], [7.913928629737935e-05, 0.0022299544486452166, -0.006136903853145634], [-0.002689731360774511, -0.006136903853145634, 0.04068043644944685]], "chi2_level": 0.95, "chi2_df": 3, "chi2_threshold": 7.814727903251179, "N_raw": 14, "N_roi": 14, "N_inlier": 13, "refit": true}
{"timestamp": "12:10:33.946803", "frame": 6, "mu": [1.8500741124351352, 1.8115385955795236, 1.0889670945894117], "Sigma": [[0.0074892475410981325, -0.00391367326594081, -0.024070546148380112], [-0.00391367326594081, 0.007719255711542629, 0.0056130908574087545], [-0.02407054614838011, 0.0056130908574087545, 0.09547709608505664]], "chi2_level": 0.95, "chi2_df": 3, "chi2_threshold": 7.814727903251179, "N_raw": 13, "N_roi": 13, "N_inlier": 12, "refit": true}
{"timestamp": "12:10:34.003859", "frame": 7, "mu": [1.8114198088411972, 1.9469624478243515, -0.23374085039854808], "Sigma": [[0.0052391589707735334, -0.00044335757091755354, -0.007975147495390352], [-0.00044335757091755354, 0.00815598186298426, -0.011337464451700722], [-0.007975147495390352, -0.011337464451700722, 0.04374892009094109]], "chi2_level": 0.95, "chi2_df": 3, "chi2_threshold": 7.814727903251179, "N_raw": 34, "N_roi": 34, "N_inlier": 33, "refit": true}
{"timestamp": "12:10:34.063894", "frame": 8, "mu": [1.781758338474812, 1.8291409704617587, 1.2482259330195973], "Sigma": [[0.008707623141696387, -0.006732446539063565, -0.007179835128456049], [-0.006732446539063564, 0.010387074672618337, -0.00012451500420319027], [-0.007179835128456048, -0.00012451500420318962, 0.05272271901364773]], "chi2_level": 0.95, "chi2_df": 3, "chi2_threshold": 7.814727903251179, "N_raw": 61, "N_roi": 61, "N_inlier": 60, "refit": true}
{"timestamp": "12:10:34.110953", "frame": 9, "mu": [1.7440204223218032, 1.852256465357216, 1.197605058135166], "Sigma": [[0.001679824028747205, 0.0007389749052190898, 0.002790769636615495], [0.0007389749052190899, 0.002239212465933463, -0.003529233893325354], [0.002790769636615495, -0.0035292338933253535, 0.0452328287460754]], "chi2_level": 0.95, "chi2_df": 3, "chi2_threshold": 7.814727903251179, "N_raw": 7, "N_roi": 7, "N_inlier": 7, "refit": true}
{"timestamp": "12:10:34.172327", "frame": 10, "mu": [1.8174815690212025, 1.754273753460425, 1.3111234291838523], "Sigma": [[0.010328532567555072, -0.0076169828539828874, -0.0018499474899865945], [-0.0076169828539828874, 0.011355581251991464, -0.0028432588878631996], [-0.001849947489986595, -0.002843258887863199, 0.006295291921869367]], "chi2_level": 0.95, "chi2_df": 3, "chi2_threshold": 7.814727903251179, "N_raw": 53, "N_roi": 53, "N_inlier": 50, "refit": true}
{"timestamp": "12:10:34.228250", "frame": 11, "mu": [1.8118089842831802, 1.7154822039025432, 1.1298678946628162], "Sigma": [[0.008054228055505826, -0.006104409071937194, -0.0014993845281701937], [-0.006104409071937194, 0.008291870435895814, -0.00046720924877563925], [-0.0014993845281701932, -0.0004672092487756392, 0.058699311786326556]], "chi2_level": 0.95, "chi2_df": 3, "chi2_threshold": 7.814727903251179, "N_raw": 61, "N_roi": 61, "N_inlier": 59, "refit": true}
{"timestamp": "12:10:34.281236", "frame": 12, "mu": [1.802472474854565, 1.6993327064534631, 1.2524492292095684], "Sigma": [[0.007955139449897751, -0.0066769997304825385, -0.0011516847649927595], [-0.0066769997304825385, 0.010832551852972995, 0.0002253396896491585], [-0.0011516847649927595, 0.0002253396896491586, 0.0008945904672932535]], "chi2_level": 0.95, "chi2_df": 3, "chi2_threshold": 7.814727903251179, "N_raw": 36, "N_roi": 36, "N_inlier": 34, "refit": true}
{"timestamp": "12:10:34.331570", "frame": 13, "mu": [1.7980913882574647, 1.7069411746380223, 1.0390721281358228], "Sigma": [[0.0014724690143444708, 5.757354010284683e-05, -0.004274273804986187], [5.757354010284694e-05, 0.0022736583626734377, -0.005134366886846323], [-0.004274273804986188, -0.005134366886846323, 0.044347817906441295]], "chi2_level": 0.95, "chi2_df": 3, "chi2_threshold": 7.814727903251179, "N_raw": 8, "N_roi": 8, "N_inlier": 8, "refit": true}
{"timestamp": "12:10:34.388818", "frame": 14, "mu": [1.7963703493912289, 1.6459839766538353, 0.7531913455096527], "Sigma": [[0.005839100617520979, -0.005216651179541464, 0.0023566679738516077], [-0.005216651179541464, 0.008175532491919055, -0.0025358157321860707], [0.0023566679738516077, -0.0025358157321860707, 0.008430779348679756]], "chi2_level": 0.95, "chi2_df": 3, "chi2_threshold": 7.814727903251179, "N_raw": 22, "N_roi": 22, "N_inlier": 21, "refit": true}
{"timestamp": "12:10:34.441994", "frame": 15, "mu": [1.7806725698004109, 1.584684865057217, 0.7587715132407803], "Sigma": [[0.003890834425906404, -0.0027529039961692323, 0.000998209797971654], [-0.0027529039961692323, 0.0039535348187466545, -0.002282431663942045], [0.0009982097979716542, -0.002282431663942045, 0.002070139824731195]], "chi2_level": 0.95, "chi2_df": 3, "chi2_threshold": 7.814727903251179, "N_raw": 19, "N_roi": 19, "N_inlier": 17, "refit": true}
{"timestamp": "12:10:34.552448", "frame": 17, "mu": [1.7539305084912455, 1.4521168818264147, 0.9752516757504399], "Sigma": [[0.007790523763516054, -0.006415731584504161, -0.02076013130725808], [-0.006415731584504162, 0.011780606560678517, 0.003705313776921165], [-0.020760131307258078, 0.0037053137769211646, 0.13536763286584913]], "chi2_level": 0.95, "chi2_df": 3, "chi2_threshold": 7.814727903251179, "N_raw": 12, "N_roi": 12, "N_inlier": 12, "refit": true}
{"timestamp": "12:10:34.606646", "frame": 18, "mu": [1.7623191804161642, 1.603455074881089, -0.5502927645951567], "Sigma": [[0.004036929205336567, 0.004902073011139681, -0.017935007934772908], [0.004902073011139681, 0.006841074957706166, -0.02215777565297055], [-0.017935007934772908, -0.02215777565297055, 0.08588170259612213]], "chi2_level": 0.95, "chi2_df": 3, "chi2_threshold": 7.814727903251179, "N_raw": 9, "N_roi": 9, "N_inlier": 9, "refit": true}
{"timestamp": "12:10:34.667537", "frame": 19, "mu": [1.7418460049401225, 1.4199190919416627, 1.1158688491327398], "Sigma": [[0.007418177863194229, -0.005586841440003388, 0.0009545846569518979], [-0.005586841440003388, 0.01238884097762988, 0.0026119638920112783], [0.0009545846569518979, 0.0026119638920112783, 0.05224613353925283]], "chi2_level": 0.95, "chi2_df": 3, "chi2_threshold": 7.814727903251179, "N_raw": 61, "N_roi": 61, "N_inlier": 61, "refit": true}
{"timestamp": "12:10:34.723773", "frame": 20, "mu": [1.664806752813235, 1.3559583258807129, 1.2626961748361876], "Sigma": [[0.01068015556722778, -0.007009675743516125, -0.008644380311673881], [-0.007009675743516125, 0.010775488612094068, 0.0008232770853854496], [-0.008644380311673881, 0.0008232770853854498, 0.020228547088781107]], "chi2_level": 0.95, "chi2_df": 3, "chi2_threshold": 7.814727903251179, "N_raw": 56, "N_roi": 56, "N_inlier": 53, "refit": true}
{"timestamp": "12:10:34.772415", "frame": 21, "mu": [1.7098669619403837, 1.2302294881389182, 1.1047487556065023], "Sigma": [[0.015016646413013176, -0.018544853301393438, -0.021703783657231936], [-0.018544853301393438, 0.02575814124082743, 0.02139486905569421], [-0.021703783657231936, 0.02139486905569421, 0.0797100097262127]], "chi2_level": 0.95, "chi2_df": 3, "chi2_threshold": 7.814727903251179, "N_raw": 12, "N_roi": 12, "N_inlier": 11, "refit": true}
{"timestamp": "12:10:34.827822", "frame": 22, "mu": [1.6714757456861324, 1.2352840935713343, 1.2188016222566], "Sigma": [[0.012454611816769845, -0.012494429453667574, -0.012828701146564115], [-0.012494429453667574, 0.013676405230589406, 0.012193308660880604], [-0.012828701146564113, 0.012193308660880604, 0.015699347429398325]], "chi2_level": 0.95, "chi2_df": 3, "chi2_threshold": 7.814727903251179, "N_raw": 20, "N_roi": 20, "N_inlier": 16, "refit": true}
{"timestamp": "12:10:34.888276", "frame": 23, "mu": [1.563620948304194, 1.3399957211732936, 1.062451332194598], "Sigma": [[0.006325295908263588, -0.0053791479757762765, -0.0021064890114276544], [-0.0053791479757762765, 0.006659090425448508, -0.0006378940574502574], [-0.0021064890114276544, -0.0006378940574502578, 0.05485106474480268]], "chi2_level": 0.95, "chi2_df": 3, "chi2_threshold": 7.814727903251179, "N_raw": 60, "N_roi": 60, "N_inlier": 59, "refit": true}
{"timestamp": "12:10:34.944804", "frame": 24, "mu": [1.5528386499782771, 1.3332472934855464, 1.0641440349717874], "Sigma": [[0.0082177935846591, -0.007818389442492748, 0.004969772165187766], [-0.007818389442492748, 0.010748813610887115, -0.007776910238274192], [0.004969772165187765, -0.007776910238274192, 0.061026009641042406]], "chi2_level": 0.95, "chi2_df": 3, "chi2_threshold": 7.814727903251179, "N_raw": 72, "N_roi": 72, "N_inlier": 68, "refit": true}
{"timestamp": "12:10:35.002142", "frame": 25, "mu": [1.4954548306506912, 1.3174043798406034, 1.249336692806799], "Sigma": [[0.01981076511794541, -0.011739159492554154, -0.012304891440316669], [-0.011739159492554156, 0.011407548775541726, 0.002563834511795715], [-0.012304891440316667, 0.0025638345117957144, 0.06970457218656939]], "chi2_level": 0.95, "chi2_df": 3, "chi2_threshold": 7.814727903251179, "N_raw": 78, "N_roi": 78, "N_inlier": 77, "refit": true}
{"timestamp": "12:10:35.054411", "frame": 26, "mu": [1.3936025864227166, 1.345216419498337, 1.0392422694030308], "Sigma": [[0.006806743981367945, -0.004042151548486026, -0.006586280238645155], [-0.004042151548486026, 0.004208165753573732, 0.002555659098098926], [-0.006586280238645156, 0.0025556590980989257, 0.11234132743549209]], "chi2_level": 0.95, "chi2_df": 3, "chi2_threshold": 7.814727903251179, "N_raw": 68, "N_roi": 68, "N_inlier": 66, "refit": true}
{"timestamp": "12:10:35.101933", "frame": 27, "mu": [1.3742955834448178, 1.3013822003452211, 1.1875974442996793], "Sigma": [[0.004396775033107191, -0.0018065008500197247, -0.007609537902965428], [-0.0018065008500197245, 0.004562416086039908, -0.0016896585941182304], [-0.007609537902965428, -0.0016896585941182304, 0.05226126063128134]], "chi2_level": 0.95, "chi2_df": 3, "chi2_threshold": 7.814727903251179, "N_raw": 17, "N_roi": 17, "N_inlier": 16, "refit": true}
{"timestamp": "12:10:35.168693", "frame": 28, "mu": [1.3261235362236459, 1.3461680134935254, 1.1688897022122644], "Sigma": [[0.010584589980552046, -0.006416553049266116, -0.011621940408847497], [-0.006416553049266116, 0.01359411336514454, -0.013999875800963124], [-0.011621940408847497, -0.013999875800963124, 0.07022394111379783]], "chi2_level": 0.95, "chi2_df": 3, "chi2_threshold": 7.814727903251179, "N_raw": 91, "N_roi": 91, "N_inlier": 88, "refit": true}
{"timestamp": "12:10:35.214687", "frame": 29, "mu": [1.2707881538952477, 1.2593286610898213, 1.312003929996426], "Sigma": [[0.006899408628654528, -0.0028336142875270793, -0.007870171233137931], [-0.0028336142875270793, 0.0023768778713649224, 0.0021756634595920497], [-0.007870171233137931, 0.0021756634595920497, 0.011331167043450064]], "chi2_level": 0.95, "chi2_df": 3, "chi2_threshold": 7.814727903251179, "N_raw": 32, "N_roi": 32, "N_inlier": 29, "refit": true}
{"timestamp": "12:10:35.273409", "frame": 30, "mu": [1.2273007921373875, 1.2225447737339883, 1.2386903534693974], "Sigma": [[0.012795260483545252, -0.008271601573833633, -0.014091215032858881], [-0.008271601573833633, 0.007490065215113268, 0.006496494626432594], [-0.014091215032858881, 0.006496494626432594, 0.025762607981374436]], "chi2_level": 0.95, "chi2_df": 3, "chi2_threshold": 7.814727903251179, "N_raw": 55, "N_roi": 55, "N_inlier": 51, "refit": true}
{"timestamp": "12:10:35.326305", "frame": 31, "mu": [1.193546288839009, 1.2657147730849816, 1.2195570543688552], "Sigma": [[0.005405484369925701, -0.0024892240920881444, -0.004303903574694336], [-0.002489224092088144, 0.010814703269431665, -0.016486041303379682], [-0.004303903574694336, -0.016486041303379682, 0.0453187992683035]], "chi2_level": 0.95, "chi2_df": 3, "chi2_threshold": 7.814727903251179, "N_raw": 45, "N_roi": 45, "N_inlier": 42, "refit": true}
{"timestamp": "12:10:35.386483", "frame": 32, "mu": [1.2192134544498174, 1.2271345201119859, 1.0597739304172251], "Sigma": [[0.006187099832972099, -0.001762514654305191, -0.006505805395897867], [-0.0017625146543051914, 0.017916508207637627, -0.021314804943353926], [-0.006505805395897867, -0.021314804943353926, 0.0420987864874728]], "chi2_level": 0.95, "chi2_df": 3, "chi2_threshold": 7.814727903251179, "N_raw": 77, "N_roi": 77, "N_inlier": 74, "refit": true}
{"timestamp": "12:10:35.434262", "frame": 33, "mu": [1.0588309713929167, 1.1641467167157462, 1.313409956319459], "Sigma": [[0.01121817290530292, -0.00796015027719334, -0.015287199211415447], [-0.00796015027719334, 0.00995746421767951, 0.007382627534649241], [-0.015287199211415447, 0.007382627534649241, 0.02739395501062664]], "chi2_level": 0.95, "chi2_df": 3, "chi2_threshold": 7.814727903251179, "N_raw": 23, "N_roi": 23, "N_inlier": 20, "refit": true}
{"timestamp": "12:10:35.498655", "frame": 34, "mu": [1.0593019163492199, 1.0843752377124753, 1.2221159370970163], "Sigma": [[0.019788818231343715, -0.013494021588046403, -0.028723005253006896], [-0.013494021588046403, 0.012848317092719587, 0.019843181263400365], [-0.028723005253006896, 0.019843181263400365, 0.04952088993417103]], "chi2_level": 0.95, "chi2_df": 3, "chi2_threshold": 7.814727903251179, "N_raw": 92, "N_roi": 92, "N_inlier": 92, "refit": true}
{"timestamp": "12:10:35.543356", "frame": 35, "mu": [0.9396668512158177, 1.1171707080955864, 1.418638861185836], "Sigma": [[0.010027195039377287, -0.006588729739645905, -0.013746918267954813], [-0.006588729739645905, 0.005771411543818672, 0.008858745411924598], [-0.013746918267954813, 0.008858745411924598, 0.02014088309899659]], "chi2_level": 0.95, "chi2_df": 3, "chi2_threshold": 7.814727903251179, "N_raw": 25, "N_roi": 25, "N_inlier": 24, "refit": true}
{"timestamp": "12:10:35.599420", "frame": 36, "mu": [0.8235834502545258, 1.1494801230175549, 1.5130233377015283], "Sigma": [[0.003514473943928737, -0.0008144964750117818, -0.0020402194671743654], [-0.0008144964750117818, 0.0025916022072873923, -0.00011694705574136536], [-0.0020402194671743654, -0.00011694705574136538, 0.0015464070960411283]], "chi2_level": 0.95, "chi2_df": 3, "chi2_threshold": 7.814727903251179, "N_raw": 30, "N_roi": 30, "N_inlier": 28, "refit": true}
{"timestamp": "12:10:35.659636", "frame": 37, "mu": [0.8327891093520899, 1.1511334626677894, 1.4870970934475591], "Sigma": [[0.00656744129841954, -0.0003793829536481757, -0.0048921017568654005], [-0.0003793829536481758, 0.004405703011339883, -0.0008822376474230586], [-0.0048921017568654005, -0.0008822376474230586, 0.004747325068780918]], "chi2_level": 0.95, "chi2_df": 3, "chi2_threshold": 7.814727903251179, "N_raw": 65, "N_roi": 65, "N_inlier": 61, "refit": true}
{"timestamp": "12:10:35.711586", "frame": 38, "mu": [0.7837743372099458, 1.111804697724775, 1.487438189094222], "Sigma": [[0.0037856223308762806, -0.002507505479306355, -0.00539657128865547], [-0.002507505479306355, 0.005748217366706424, 0.004665145241283059], [-0.00539657128865547, 0.0046651452412830585, 0.012369446715146072]], "chi2_level": 0.95, "chi2_df": 3, "chi2_threshold": 7.814727903251179, "N_raw": 41, "N_roi": 41, "N_inlier": 37, "refit": true}
{"timestamp": "12:10:35.767964", "frame": 39, "mu": [0.7074301222468917, 0.7841387217400182, 0.995115547656473], "Sigma": [[0.015408764156650904, 0.007009319807452364, 0.02048600879675358], [0.007009319807452364, 0.025818649906807, 0.04563278471570448], [0.020486008796753583, 0.04563278471570448, 0.09217224781355314]], "chi2_level": 0.95, "chi2_df": 3, "chi2_threshold": 7.814727903251179, "N_raw": 58, "N_roi": 58, "N_inlier": 54, "refit": true}
{"timestamp": "12:10:35.816557", "frame": 40, "mu": [0.6572294228356815, 0.8458169834390477, 0.764148539264672], "Sigma": [[0.0064063396756976546, 0.006244144557390326, -0.01057104748257524], [0.006244144557390326, 0.019468094276020705, 0.01116426695267083], [-0.01057104748257524, 0.01116426695267083, 0.28096641941612743]], "chi2_level": 0.95, "chi2_df": 3, "chi2_threshold": 7.814727903251179, "N_raw": 10, "N_roi": 10, "N_inlier": 10, "refit": true}
{"timestamp": "12:10:35.870598", "frame": 41, "mu": [0.6060819181969442, 1.108780858901849, 1.1621293688833016], "Sigma": [[0.009493447188251344, 0.0003338846020394053, -0.03042027740111848], [0.0003338846020394053, 0.020093760392704087, 0.04760880603873358], [-0.03042027740111848, 0.04760880603873359, 0.36648341731827616]], "chi2_level": 0.95, "chi2_df": 3, "chi2_threshold": 7.814727903251179, "N_raw": 8, "N_roi": 8, "N_inlier": 8, "refit": true}
{"timestamp": "12:10:35.934109", "frame": 42, "mu": [0.49879167263551877, 0.9045470330158155, 1.1022508565305622], "Sigma": [[0.04254301721182882, 0.01673017385223951, 0.05245365914251651], [0.01673017385223951, 0.009491686424696284, 0.023211036084431844], [0.05245365914251652, 0.023211036084431844, 0.0752599453199195]], "chi2_level": 0.95, "chi2_df": 3, "chi2_threshold": 7.814727903251179, "N_raw": 67, "N_roi": 67, "N_inlier": 64, "refit": true}
{"timestamp": "12:10:35.985604", "frame": 43, "mu": [0.6840674344561015, 1.0030964117353205, 1.2949484245333598], "Sigma": [[0.0035701234592029132, -0.0019780083926947143, -0.007532822088018292], [-0.0019780083926947147, 0.003233387702469832, 0.005451083585274883], [-0.007532822088018292, 0.005451083585274883, 0.0699407119492279]], "chi2_level": 0.95, "chi2_df": 3, "chi2_threshold": 7.814727903251179, "N_raw": 35, "N_roi": 35, "N_inlier": 30, "refit": true}
{"timestamp": "12:10:36.038752", "frame": 44, "mu": [0.6000007297628678, 0.9397315747226348, 1.3133002025876537], "Sigma": [[0.0029538429382147064, -0.00017130354497136782, -0.002579533555160967], [-0.00017130354497136793, 0.0008219292842908357, -0.0014877151905823087], [-0.0025795335551609677, -0.0014877151905823087, 0.006011360564290513]], "chi2_level": 0.95, "chi2_df": 3, "chi2_threshold": 7.814727903251179, "N_raw": 24, "N_roi": 24, "N_inlier": 20, "refit": true}
{"timestamp": "12:10:36.095773", "frame": 45, "mu": [0.5701116178959548, 1.0021213986767572, 1.3547857993571817], "Sigma": [[0.005574968004397684, -0.0018476451651092598, -0.003787423881595203], [-0.0018476451651092598, 0.0033851223304852433, 0.0033149918701110576], [-0.003787423881595203, 0.003314991870111058, 0.01285843771306669]], "chi2_level": 0.95, "chi2_df": 3, "chi2_threshold": 7.814727903251179, "N_raw": 37, "N_roi": 37, "N_inlier": 34, "refit": true}
{"timestamp": "12:10:36.149790", "frame": 46, "mu": [0.41433120979812477, 1.0892777680751735, 1.4953550179843627], "Sigma": [[0.0025772294693770363, -0.00013142329396548076, -0.001226047925547249], [-0.00013142329396548076, 0.0021841869047538945, -0.000878456074722037], [-0.001226047925547249, -0.000878456074722037, 0.0011246207734836454]], "chi2_level": 0.95, "chi2_df": 3, "chi2_threshold": 7.814727903251179, "N_raw": 40, "N_roi": 40, "N_inlier": 38, "refit": true}
{"timestamp": "12:10:36.204828", "frame": 47, "mu": [0.3722193644080284, 1.0737097076143196, 1.4742673514993785], "Sigma": [[0.0020658655427866707, -0.0018303309488252803, -0.0019676158883842995], [-0.0018303309488252803, 0.005437412415924601, 0.0008204589369474055], [-0.0019676158883842995, 0.0008204589369474055, 0.0022973896925723774]], "chi2_level": 0.95, "chi2_df": 3, "chi2_threshold": 7.814727903251179, "N_raw": 34, "N_roi": 34, "N_inlier": 32, "refit": true}
{"timestamp": "12:10:36.263232", "frame": 48, "mu": [0.42075559532856377, 1.0581312405210084, 1.3549852442190065], "Sigma": [[0.0028667768066679565, -0.0006669427074082436, -0.0027379842840974757], [-0.0006669427074082434, 0.004563025087438829, -0.0014213146388491922], [-0.0027379842840974757, -0.0014213146388491922, 0.003998169486411035]], "chi2_level": 0.95, "chi2_df": 3, "chi2_threshold": 7.814727903251179, "N_raw": 57, "N_roi": 57, "N_inlier": 56, "refit": true}
{"timestamp": "12:10:36.324923", "frame": 49, "mu": [0.3656439539764983, 1.0310537743132644, 1.1917964737567406], "Sigma": [[0.0029051752579811706, -0.0009734133286969705, -0.0021688171066903683], [-0.0009734133286969707, 0.008011824575147748, 0.012933510239361418], [-0.0021688171066903683, 0.012933510239361418, 0.06177636261007659]], "chi2_level": 0.95, "chi2_df": 3, "chi2_threshold": 7.814727903251179, "N_raw": 101, "N_roi": 101, "N_inlier": 98, "refit": true}
{"timestamp": "12:10:36.373878", "frame": 50, "mu": [0.291860439438559, 1.1068762484681882, 1.1457812239597358], "Sigma": [[0.013879212532219862, -0.017840750777324308, 0.027309544289917158], [-0.017840750777324308, 0.024905547232955315, -0.03948707594840291], [0.02730954428991716, -0.03948707594840291, 0.08748218953965]], "chi2_level": 0.95, "chi2_df": 3, "chi2_threshold": 7.814727903251179, "N_raw": 57, "N_roi": 57, "N_inlier": 53, "refit": true}
{"timestamp": "12:10:36.433674", "frame": 51, "mu": [0.15627101441365748, 1.1862780242278166, 1.2031958083070409], "Sigma": [[0.010575383962008853, -0.011964233852436407, 0.029034679035241682], [-0.011964233852436409, 0.019100753386577615, -0.04679332406419195], [0.029034679035241685, -0.04679332406419195, 0.1442238049952527]], "chi2_level": 0.95, "chi2_df": 3, "chi2_threshold": 7.814727903251179, "N_raw": 94, "N_roi": 94, "N_inlier": 89, "refit": true}
{"timestamp": "12:10:36.485629", "frame": 52, "mu": [0.13766285109688903, 1.0782075474545265, 1.338950951325243], "Sigma": [[0.00599304456062327, -0.006136869559657436, -0.02002829630722687], [-0.006136869559657436, 0.01025823455747404, 0.024344095337643944], [-0.02002829630722687, 0.02434409533764395, 0.09287961394262971]], "chi2_level": 0.95, "chi2_df": 3, "chi2_threshold": 7.814727903251179, "N_raw": 76, "N_roi": 76, "N_inlier": 74, "refit": true}
{"timestamp": "12:10:36.542201", "frame": 53, "mu": [0.059341644934541, 1.1161178604026782, 1.45368516877075], "Sigma": [[0.0034480371783780807, -0.0018484158005401268, -0.007964658416919936], [-0.001848415800540127, 0.006255959124007284, 0.00934236389669362], [-0.007964658416919936, 0.009342363896693618, 0.04917982109259439]], "chi2_level": 0.95, "chi2_df": 3, "chi2_threshold": 7.814727903251179, "N_raw": 75, "N_roi": 75, "N_inlier": 71, "refit": true}
{"timestamp": "12:10:36.598171", "frame": 54, "mu": [0.12402298741187488, 1.0037276900014016, 1.3326440780188944], "Sigma": [[0.003400929761390237, -0.002506024614498491, -0.0027582552634539312], [-0.0025060246144984915, 0.007652254280841641, 7.470536477737996e-05], [-0.0027582552634539317, 7.470536477737974e-05, 0.006856240508903685]], "chi2_level": 0.95, "chi2_df": 3, "chi2_threshold": 7.814727903251179, "N_raw": 85, "N_roi": 85, "N_inlier": 79, "refit": true}
{"timestamp": "12:10:36.641992", "frame": 55, "mu": [-0.01689425027185626, 0.9780664781739559, 0.9751055599685856], "Sigma": [[0.018353022690160824, -0.011548752354738453, 0.0652641478780016], [-0.011548752354738453, 0.012430526676157069, -0.04421159440890643], [0.06526414787800158, -0.04421159440890643, 0.24370087362424916]], "chi2_level": 0.95, "chi2_df": 3, "chi2_threshold": 7.814727903251179, "N_raw": 8, "N_roi": 8, "N_inlier": 7, "refit": true}
{"timestamp": "12:10:36.704937", "frame": 56, "mu": [-0.004500198022131733, 1.053139189603053, 1.3984888184235522], "Sigma": [[0.0023359965694878613, -0.0009721979938389603, -0.0009544516031441744], [-0.0009721979938389603, 0.00378530335752445, -0.002382381161356156], [-0.0009544516031441743, -0.002382381161356156, 0.010449033040001277]], "chi2_level": 0.95, "chi2_df": 3, "chi2_threshold": 7.814727903251179, "N_raw": 71, "N_roi": 71, "N_inlier": 67, "refit": true}
{"timestamp": "12:10:36.760915", "frame": 57, "mu": [-0.09078383880648376, 1.0637603090760583, 1.4829315448856004], "Sigma": [[0.002940762442468525, -0.001137812127571945, -0.0024837004138802557], [-0.001137812127571945, 0.005836264557261267, -0.002240732084646682], [-0.0024837004138802557, -0.0022407320846466816, 0.004521398279475169]], "chi2_level": 0.95, "chi2_df": 3, "chi2_threshold": 7.814727903251179, "N_raw": 75, "N_roi": 75, "N_inlier": 71, "refit": true}
{"timestamp": "12:10:36.814051", "frame": 58, "mu": [-0.12263159437269873, 0.9478594855822161, 1.3311187733273717], "Sigma": [[0.0033789387023549448, -0.005076089622788664, -0.0044625426798226035], [-0.005076089622788664, 0.011849161201369227, 0.005842474817408501], [-0.0044625426798226035, 0.005842474817408501, 0.007059139372993919]], "chi2_level": 0.95, "chi2_df": 3, "chi2_threshold": 7.814727903251179, "N_raw": 63, "N_roi": 63, "N_inlier": 60, "refit": true}
{"timestamp": "12:10:36.869447", "frame": 59, "mu": [-0.22144589839587858, 1.041330629124476, 1.5050115724673716], "Sigma": [[0.0027221068162075813, -0.0009386161884179714, -0.0013089822763725756], [-0.0009386161884179714, 0.0036097748784833204, -0.0022330029836880416], [-0.0013089822763725756, -0.0022330029836880416, 0.003169171116990906]], "chi2_level": 0.95, "chi2_df": 3, "chi2_threshold": 7.814727903251179, "N_raw": 66, "N_roi": 66, "N_inlier": 61, "refit": true}
{"timestamp": "12:10:36.924738", "frame": 60, "mu": [-0.22954388194974829, 1.1798978091810055, -0.25798651359649993], "Sigma": [[0.002658511312083112, 0.0010906970510333974, -0.003000832153573797], [0.001090697051033397, 0.0037736398477648536, -0.004705012309765671], [-0.003000832153573797, -0.004705012309765671, 0.008833664462938338]], "chi2_level": 0.95, "chi2_df": 3, "chi2_threshold": 7.814727903251179, "N_raw": 63, "N_roi": 63, "N_inlier": 57, "refit": true}
{"timestamp": "12:10:36.982043", "frame": 61, "mu": [-0.2860914263035365, 1.062001305291511, 1.5024124526073306], "Sigma": [[0.0028044351133546053, -0.0009284476279349274, -0.0012296787506776536], [-0.0009284476279349274, 0.0036334624027132122, -0.0025644612218719155], [-0.0012296787506776536, -0.0025644612218719155, 0.010089796762564284]], "chi2_level": 0.95, "chi2_df": 3, "chi2_threshold": 7.814727903251179, "N_raw": 78, "N_roi": 78, "N_inlier": 71, "refit": true}
{"timestamp": "12:10:37.039762", "frame": 62, "mu": [-0.3195732071888867, 1.0409507832434992, 1.4475121843320988], "Sigma": [[0.005979512754942184, -0.004122182173320603, -0.010652608645931391], [-0.004122182173320603, 0.006385838891043741, 0.005810645726617222], [-0.010652608645931391, 0.005810645726617222, 0.0359474265469102]], "chi2_level": 0.95, "chi2_df": 3, "chi2_threshold": 7.814727903251179, "N_raw": 96, "N_roi": 96, "N_inlier": 92, "refit": true}
{"timestamp": "12:10:37.091101", "frame": 63, "mu": [-0.3399188423372022, 1.039850855822622, 1.4972534944364324], "Sigma": [[0.002659577119007386, -0.001531977851562648, -0.0024272109723798793], [-0.0015319778515626484, 0.008988631633333138, 0.0004174315130732057], [-0.0024272109723798793, 0.0004174315130732057, 0.004547218235421055]], "chi2_level": 0.95, "chi2_df": 3, "chi2_threshold": 7.814727903251179, "N_raw": 73, "N_roi": 72, "N_inlier": 69, "refit": true}
{"timestamp": "12:10:37.147912", "frame": 64, "mu": [-0.4141214188375136, 1.0538440557466926, 1.4498782472105787], "Sigma": [[0.003927202555275815, -0.0023309401496180533, -0.00340056997100525], [-0.0023309401496180533, 0.004443972779372927, -0.00091084046922578], [-0.00340056997100525, -0.0009108404692257798, 0.013567830447585659]], "chi2_level": 0.95, "chi2_df": 3, "chi2_threshold": 7.814727903251179, "N_raw": 83, "N_roi": 83, "N_inlier": 78, "refit": true}
{"timestamp": "12:10:37.203752", "frame": 65, "mu": [-0.456048287710405, 1.0177553651087379, 1.391463310229057], "Sigma": [[0.004634000306238612, -0.004922478436579261, -0.007963582961739995], [-0.004922478436579261, 0.012331064643512456, 0.007983140512139865], [-0.007963582961739995, 0.007983140512139863, 0.02273059014424471]], "chi2_level": 0.95, "chi2_df": 3, "chi2_threshold": 7.814727903251179, "N_raw": 85, "N_roi": 85, "N_inlier": 82, "refit": true}
{"timestamp": "12:10:37.258568", "frame": 66, "mu": [-0.5147103861249006, 1.082820803352529, 1.4424679227157537], "Sigma": [[0.004471931397879099, -0.0018041121304367628, -0.0017494331419531854], [-0.0018041121304367628, 0.00789574685699749, -0.0016375086694633148], [-0.0017494331419531854, -0.0016375086694633148, 0.0017826629221717365]], "chi2_level": 0.95, "chi2_df": 3, "chi2_threshold": 7.814727903251179, "N_raw": 83, "N_roi": 83, "N_inlier": 79, "refit": true}
{"timestamp": "12:10:37.307639", "frame": 67, "mu": [-0.5519716179966572, 1.0844879695901726, 1.4914218142672235], "Sigma": [[0.0022415113266047405, -0.000611857525333447, -0.001307092421186878], [-0.000611857525333447, 0.0037799024777068354, 0.00019466862710650176], [-0.001307092421186878, 0.00019466862710650168, 0.0012395953600032557]], "chi2_level": 0.95, "chi2_df": 3, "chi2_threshold": 7.814727903251179, "N_raw": 42, "N_roi": 41, "N_inlier": 35, "refit": true}
{"timestamp": "12:10:37.363571", "frame": 68, "mu": [-0.6152326744229671, 1.107713092011381, 1.5152894829171195], "Sigma": [[0.004343940304031815, -0.002525146551699175, -0.004074660121126525], [-0.002525146551699175, 0.008269595729399176, 0.003135467407631946], [-0.004074660121126525, 0.003135467407631946, 0.006149090628831741]], "chi2_level": 0.95, "chi2_df": 3, "chi2_threshold": 7.814727903251179, "N_raw": 61, "N_roi": 61, "N_inlier": 59, "refit": true}
{"timestamp": "12:10:37.420527", "frame": 69, "mu": [-0.6684514825091601, 1.1436214636348814, 1.5293237457803792], "Sigma": [[0.005905259750431044, -0.002703218062176845, -0.005990514253622761], [-0.002703218062176845, 0.007719250794319543, 0.004947569576090124], [-0.005990514253622761, 0.004947569576090124, 0.02686038699285352]], "chi2_level": 0.95, "chi2_df": 3, "chi2_threshold": 7.814727903251179, "N_raw": 70, "N_roi": 70, "N_inlier": 61, "refit": true}
{"timestamp": "12:10:37.475503", "frame": 70, "mu": [-0.7082533717529057, 1.1580308400698298, 1.5046871788910736], "Sigma": [[0.004539713957690995, -0.0031885013150088834, -0.004596772262581759], [-0.0031885013150088834, 0.012297908074770327, 0.004903161912492032], [-0.004596772262581759, 0.004903161912492032, 0.006933598081982581]], "chi2_level": 0.95, "chi2_df": 3, "chi2_threshold": 7.814727903251179, "N_raw": 68, "N_roi": 68, "N_inlier": 66, "refit": true}
{"timestamp": "12:10:37.528627", "frame": 71, "mu": [-0.7714948924548881, 1.1608098579415171, 1.4991030952856361], "Sigma": [[0.0042208889754089506, -0.0003214141717646855, -0.002287024118406949], [-0.0003214141717646856, 0.00814517687378422, 0.000503278240074363], [-0.002287024118406949, 0.0005032782400743629, 0.0025766760709495817]], "chi2_level": 0.95, "chi2_df": 3, "chi2_threshold": 7.814727903251179, "N_raw": 61, "N_roi": 61, "N_inlier": 59, "refit": true}
{"timestamp": "12:10:37.578441", "frame": 72, "mu": [-0.9805876464101593, 1.003444842957083, 1.56934214691698], "Sigma": [[0.052237778786442104, 0.023305466203391627, -0.05718127902239322], [0.023305466203391627, 0.0361654670928296, -0.004373731788759962], [-0.05718127902239323, -0.004373731788759962, 0.10381086699635854]], "chi2_level": 0.95, "chi2_df": 3, "chi2_threshold": 7.814727903251179, "N_raw": 23, "N_roi": 23, "N_inlier": 22, "refit": true}
{"timestamp": "12:10:37.637143", "frame": 73, "mu": [-0.8680178034239229, 1.1980532104602686, 1.6217315089806201], "Sigma": [[0.008910941217105936, 0.00517328031821779, -0.0063484281289080775], [0.00517328031821779, 0.00877262259812102, -0.005647067523658433], [-0.0063484281289080775, -0.005647067523658433, 0.007078987101151537]], "chi2_level": 0.95, "chi2_df": 3, "chi2_threshold": 7.814727903251179, "N_raw": 52, "N_roi": 52, "N_inlier": 43, "refit": true}
{"timestamp": "12:10:37.688677", "frame": 74, "mu": [-0.8826917313206492, 1.2708467073343896, 1.4354109740688499], "Sigma": [[0.002021930627059235, -0.0011236931781044316, -0.009747305186345026], [-0.0011236931781044319, 0.01001764935150399, 0.00654880723045873], [-0.009747305186345026, 0.00654880723045873, 0.13848755983149258]], "chi2_level": 0.95, "chi2_df": 3, "chi2_threshold": 7.814727903251179, "N_raw": 22, "N_roi": 20, "N_inlier": 17, "refit": true}
{"timestamp": "12:10:37.747158", "frame": 75, "mu": [-1.1340989581520016, 1.0281340684351257, 1.6055560160026603], "Sigma": [[0.046236786496166214, 0.012073778862849823, -0.03104822967436354], [0.012073778862849823, 0.01130836557610611, -0.0033698026239937376], [-0.03104822967436354, -0.0033698026239937376, 0.026740139913515943]], "chi2_level": 0.95, "chi2_df": 3, "chi2_threshold": 7.814727903251179, "N_raw": 55, "N_roi": 55, "N_inlier": 51, "refit": true}
{"timestamp": "12:10:37.804456", "frame": 76, "mu": [-1.1059706349222151, 1.0400527633796277, 1.5194358565136898], "Sigma": [[0.0369853507435976, 0.014259999871873923, -0.028154564213047913], [0.014259999871873923, 0.013103834780118, -0.008142635867142114], [-0.028154564213047913, -0.008142635867142114, 0.028721242152490747]], "chi2_level": 0.95, "chi2_df": 3, "chi2_threshold": 7.814727903251179, "N_raw": 65, "N_roi": 65, "N_inlier": 60, "refit": true}
{"timestamp": "12:10:37.861961", "frame": 77, "mu": [-1.129281455065498, 1.1050974429970508, 1.4342220486740747], "Sigma": [[0.05477192546306337, 0.04787311325361758, -0.0385072096216931], [0.04787311325361758, 0.05544536919604025, -0.036012518631157335], [-0.0385072096216931, -0.036012518631157335, 0.03280029803811961]], "chi2_level": 0.95, "chi2_df": 3, "chi2_threshold": 7.814727903251179, "N_raw": 84, "N_roi": 84, "N_inlier": 82, "refit": true}
{"timestamp": "12:10:37.913279", "frame": 78, "mu": [-1.3635701484021638, 1.0591239742507443, -0.1625598244209042], "Sigma": [[0.01845484857337023, 0.01327644615352272, -0.001932589538001758], [0.01327644615352272, 0.02354989757179006, 0.006632245253181143], [-0.001932589538001758, 0.006632245253181143, 0.006173243276805085]], "chi2_level": 0.95, "chi2_df": 3, "chi2_threshold": 7.814727903251179, "N_raw": 54, "N_roi": 54, "N_inlier": 52, "refit": true}
{"timestamp": "12:10:37.969876", "frame": 79, "mu": [-1.2800655275707662, 1.1165800880426924, 1.5749003344406232], "Sigma": [[0.03960574975475677, 0.03391624762983352, -0.018132404576985128], [0.03391624762983352, 0.043884597170294054, -0.006411215727406348], [-0.018132404576985128, -0.006411215727406349, 0.016399289253459688]], "chi2_level": 0.95, "chi2_df": 3, "chi2_threshold": 7.814727903251179, "N_raw": 67, "N_roi": 67, "N_inlier": 65, "refit": true}
{"timestamp": "12:10:38.026571", "frame": 80, "mu": [-1.3545674773332184, 1.1910233076974452, 0.0542336652202207], "Sigma": [[0.0264711583018952, 0.01920559399624973, -0.005753709112606842], [0.019205593996249732, 0.0209025918515285, 0.001437037109901587], [-0.005753709112606842, 0.0014370371099015873, 0.017333936132192442]], "chi2_level": 0.95, "chi2_df": 3, "chi2_threshold": 7.814727903251179, "N_raw": 80, "N_roi": 80, "N_inlier": 74, "refit": true}
{"timestamp": "12:10:38.155388", "frame": 81, "mu": [-1.2618777072946261, 1.3430006650761457, -0.13738167919792021], "Sigma": [[0.07451881475282979, 0.06331877079872873, -0.08887289291098145], [0.06331877079872873, 0.062184321231768876, -0.06670467106515982], [-0.08887289291098145, -0.06670467106515982, 0.20486123861232783]], "chi2_level": 0.95, "chi2_df": 3, "chi2_threshold": 7.814727903251179, "N_raw": 106, "N_roi": 106, "N_inlier": 103, "refit": true}
{"timestamp": "12:10:38.169555", "frame": 82, "mu": [-1.285009888872884, 1.3573618341984375, -0.12606346185357079], "Sigma": [[0.07522974513172734, 0.06528311532124281, -0.086896091813162], [0.06528311532124281, 0.06188985087566191, -0.0716308530043679], [-0.08689609181316199, -0.0716308530043679, 0.16121448696131446]], "chi2_level": 0.95, "chi2_df": 3, "chi2_threshold": 7.814727903251179, "N_raw": 109, "N_roi": 109, "N_inlier": 106, "refit": true}
{"timestamp": "12:10:38.202616", "frame": 83, "mu": [-1.2229592416460213, 1.4827519391620911, -0.3686444909325416], "Sigma": [[0.08252364516028912, 0.0804412453569947, -0.09527104240389234], [0.0804412453569947, 0.08574502307613516, -0.08795720285035503], [-0.09527104240389234, -0.08795720285035505, 0.3071091566559428]], "chi2_level": 0.95, "chi2_df": 3, "chi2_threshold": 7.814727903251179, "N_raw": 75, "N_roi": 75, "N_inlier": 72, "refit": true}
{"timestamp": "12:10:38.250166", "frame": 84, "mu": [-1.2411836594342176, 1.4453949357158815, 1.3447488823277827], "Sigma": [[0.049353017171336, 0.021422963003943814, -0.09568171455137883], [0.021422963003943814, 0.019130645083273584, -0.033895340220517156], [-0.09568171455137883, -0.033895340220517156, 0.2852858470091943]], "chi2_level": 0.95, "chi2_df": 3, "chi2_threshold": 7.814727903251179, "N_raw": 101, "N_roi": 100, "N_inlier": 98, "refit": true}
{"timestamp": "12:10:38.302113", "frame": 85, "mu": [-1.3643462200066203, 1.276752595120491, 1.044127111855916], "Sigma": [[0.06936736245271426, 0.06686685271453904, -0.08336150462021763], [0.06686685271453904, 0.07066431039574265, -0.08768313866773017], [-0.08336150462021763, -0.08768313866773017, 0.19919908853231386]], "chi2_level": 0.95, "chi2_df": 3, "chi2_threshold": 7.814727903251179, "N_raw": 79, "N_roi": 79, "N_inlier": 76, "refit": true}
{"timestamp": "12:10:38.354269", "frame": 86, "mu": [-1.5897465702678828, 1.2754249618243423, 1.8077806649472716], "Sigma": [[0.043832411862120293, 0.02492564934418138, -0.04364483255413451], [0.02492564934418138, 0.024232297490952782, -0.024279622504290693], [-0.04364483255413451, -0.024279622504290693, 0.04476997135682545]], "chi2_level": 0.95, "chi2_df": 3, "chi2_threshold": 7.814727903251179, "N_raw": 58, "N_roi": 58, "N_inlier": 56, "refit": true}
{"timestamp": "12:10:38.409568", "frame": 87, "mu": [-1.331330208831496, 1.5704223532249613, 1.2888167204222312], "Sigma": [[0.06486011185396126, 0.03521076890360933, -0.08516694615251448], [0.03521076890360933, 0.02736588739853161, -0.07824200905691499], [-0.08516694615251447, -0.07824200905691499, 0.36331123594715653]], "chi2_level": 0.95, "chi2_df": 3, "chi2_threshold": 7.814727903251179, "N_raw": 68, "N_roi": 68, "N_inlier": 65, "refit": true}
