{"timestamp": "12:20:42.549403", "frame": 30, "mu": [1.8193139818472805, 0.920273632735819, 1.234628890453254], "Sigma": [[0.005713209684018827, -0.0024371236800531126, -0.004696645680361359], [-0.0024371236800531126, 0.002755767044509097, 0.0027421895178971444], [-0.004696645680361359, 0.0027421895178971444, 0.005699963377861303]], "chi2_level": 0.95, "chi2_df": 3, "chi2_threshold": 7.814727903251179, "N_raw": 9, "N_roi": 9, "N_inlier": 8, "refit": true}
{"timestamp": "12:20:42.771307", "frame": 34, "mu": [1.81982407292955, 1.3426294539823926, 1.385521933642873], "Sigma": [[0.005165188098070141, -0.0021440656548125715, -0.0018467200407543045], [-0.002144065654812571, 0.005214275674566151, 0.0006077929297034644], [-0.0018467200407543045, 0.0006077929297034644, 0.0009903544603924758]], "chi2_level": 0.95, "chi2_df": 3, "chi2_threshold": 7.814727903251179, "N_raw": 24, "N_roi": 24, "N_inlier": 22, "refit": true}
{"timestamp": "12:20:42.990181", "frame": 38, "mu": [1.8609038051594478, 1.5764927156572794, 1.591947213647125], "Sigma": [[0.014081064440778595, -0.0007181374376433694, 0.011417878201426684], [-0.0007181374376433691, 0.0017749223790708966, 6.395660252992818e-05], [0.011417878201426684, 6.39566025299284e-05, 0.011181538321605362]], "chi2_level": 0.95, "chi2_df": 3, "chi2_threshold": 7.814727903251179, "N_raw": 13, "N_roi": 13, "N_inlier": 11, "refit": true}
{"timestamp": "12:20:43.266705", "frame": 43, "mu": [1.68176487991807, 1.8769161284118363, 1.2842993258828799], "Sigma": [[0.006798535518899497, -0.0023951741519633394, 0.0034751593581173997], [-0.0023951741519633394, 0.007191698508770919, 0.005320509483419068], [0.003475159358117399, 0.005320509483419068, 0.00908623204924736]], "chi2_level": 0.95, "chi2_df": 3, "chi2_threshold": 7.814727903251179, "N_raw": 25, "N_roi": 25, "N_inlier": 22, "refit": true}
{"timestamp": "12:20:43.321751", "frame": 44, "mu": [1.604316839209634, 1.8671970331814438, 1.1175592516783024], "Sigma": [[0.004888437014324229, -0.0027369552763576114, -0.0002850081281263553], [-0.0027369552763576114, 0.004556919694462978, 0.0011921435393973073], [-0.0002850081281263553, 0.0011921435393973073, 0.0008839807071692453]], "chi2_level": 0.95, "chi2_df": 3, "chi2_threshold": 7.814727903251179, "N_raw": 23, "N_roi": 20, "N_inlier": 18, "refit": true}
{"timestamp": "12:20:43.375702", "frame": 45, "mu": [1.7249468664897787, 2.037774456261432, 1.1559326403530703], "Sigma": [[0.035795899599647046, -0.017088767356482626, -0.06272467935646342], [-0.017088767356482626, 0.02410154474828446, 0.07531371613304684], [-0.06272467935646342, 0.07531371613304685, 0.2524110592435433]], "chi2_level": 0.95, "chi2_df": 3, "chi2_threshold": 7.814727903251179, "N_raw": 12, "N_roi": 10, "N_inlier": 9, "refit": true}
{"timestamp": "12:20:43.981018", "frame": 56, "mu": [1.6408938096407206, 2.8059978323687433, 1.3421959298690098], "Sigma": [[0.004493628961909691, -0.004021232264267824, -0.01344670637946827], [-0.004021232264267824, 0.010231541200673482, 0.03230428510258013], [-0.013446706379468272, 0.032304285102580134, 0.12179450260696012]], "chi2_level": 0.95, "chi2_df": 3, "chi2_threshold": 7.814727903251179, "N_raw": 16, "N_roi": 14, "N_inlier": 13, "refit": true}
{"timestamp": "12:20:44.143679", "frame": 59, "mu": [1.7176596982935655, 2.9337245568502115, 1.281626435737263], "Sigma": [[0.0017632674945279613, 0.000534173158188442, -0.0030168943683698103], [0.000534173158188442, 0.0018571422415560627, -0.002102670521893875], [-0.00301689436836981, -0.002102670521893875, 0.02671216373817851]], "chi2_level": 0.95, "chi2_df": 3, "chi2_threshold": 7.814727903251179, "N_raw": 7, "N_roi": 7, "N_inlier": 7, "refit": true}
{"timestamp": "12:20:44.199711", "frame": 60, "mu": [1.6716030649129174, 3.0511176176103003, 1.0983528622116978], "Sigma": [[0.0010135138891749671, 0.0003170914126521397, 0.0023297034758955923], [0.0003170914126521397, 0.004474101910475077, -0.017284979377233625], [0.0023297034758955927, -0.017284979377233625, 0.11115529478203715]], "chi2_level": 0.95, "chi2_df": 3, "chi2_threshold": 7.814727903251179, "N_raw": 8, "N_roi": 8, "N_inlier": 8, "refit": true}
{"timestamp": "12:20:44.256756", "frame": 61, "mu": [1.6848074745527875, 3.0327523670027605, 1.2315134499342193], "Sigma": [[0.008008278981251742, -0.0030774296033999594, -0.0040058931167193616], [-0.00307742960339996, 0.0031217451320277733, 0.0006388067276012359], [-0.0040058931167193616, 0.0006388067276012358, 0.00475552158915244]], "chi2_level": 0.95, "chi2_df": 3, "chi2_threshold": 7.814727903251179, "N_raw": 22, "N_roi": 19, "N_inlier": 18, "refit": true}
{"timestamp": "12:20:44.309364", "frame": 62, "mu": [1.6834039639005751, 3.0216701236258663, 1.1545232545628343], "Sigma": [[0.00421524742248376, 0.0005564565941606236, 0.00044635900252189503], [0.0005564565941606237, 0.004704173155565031, 0.0033836050063697867], [0.00044635900252189503, 0.0033836050063697867, 0.0034365386599617895]], "chi2_level": 0.95, "chi2_df": 3, "chi2_threshold": 7.814727903251179, "N_raw": 12, "N_roi": 12, "N_inlier": 11, "refit": true}
{"timestamp": "12:20:44.363951", "frame": 63, "mu": [1.8257365634205442, 3.0483560750370353, 0.8229733205081444], "Sigma": [[0.026915310548534865, -0.0074531481321714705, -0.05084255980163992], [-0.007453148132171472, 0.007805155943969526, 0.013766504243992648], [-0.050842559801639924, 0.013766504243992648, 0.10611909137578185]], "chi2_level": 0.95, "chi2_df": 3, "chi2_threshold": 7.814727903251179, "N_raw": 14, "N_roi": 14, "N_inlier": 14, "refit": true}
{"timestamp": "12:20:44.476439", "frame": 65, "mu": [1.7941450974163267, 3.269034512118213, 1.0817541885470685], "Sigma": [[0.009242129923028908, -0.005563059953280934, -0.009411407376555398], [-0.005563059953280934, 0.004986678669804762, 0.004691923015944554], [-0.009411407376555398, 0.004691923015944554, 0.014259754744555195]], "chi2_level": 0.95, "chi2_df": 3, "chi2_threshold": 7.814727903251179, "N_raw": 22, "N_roi": 19, "N_inlier": 18, "refit": true}
{"timestamp": "12:20:44.532060", "frame": 66, "mu": [1.5998502479618968, 3.3569917904939315, 1.4244043423368111], "Sigma": [[0.011441754095704238, -0.0026825202086491725, -0.006995326695908776], [-0.0026825202086491725, 0.0032930614411146035, 0.0021893303747150088], [-0.006995326695908776, 0.0021893303747150088, 0.006510150243939122]], "chi2_level": 0.95, "chi2_df": 3, "chi2_threshold": 7.814727903251179, "N_raw": 23, "N_roi": 20, "N_inlier": 18, "refit": true}
{"timestamp": "12:20:44.641687", "frame": 68, "mu": [1.603770270974691, 3.509832889023731, 1.3816853194068472], "Sigma": [[0.01799660133801174, -0.003936943695130331, -0.01321956841902933], [-0.003936943695130331, 0.002501118033923905, 0.002508199972925183], [-0.013219568419029331, 0.002508199972925183, 0.011560386887347347]], "chi2_level": 0.95, "chi2_df": 3, "chi2_threshold": 7.814727903251179, "N_raw": 24, "N_roi": 24, "N_inlier": 23, "refit": true}
{"timestamp": "12:20:44.805731", "frame": 71, "mu": [1.7524519810450694, 3.6462819333653176, 1.1068281615952396], "Sigma": [[0.012660399795824792, -0.004711355180683937, -0.049292939201092664], [-0.004711355180683937, 0.004563039858838838, 0.021749336773449608], [-0.049292939201092664, 0.021749336773449608, 0.21685091760175937]], "chi2_level": 0.95, "chi2_df": 3, "chi2_threshold": 7.814727903251179, "N_raw": 7, "N_roi": 7, "N_inlier": 7, "refit": true}
{"timestamp": "12:20:44.869668", "frame": 72, "mu": [1.8292733776534895, 3.623001918123298, 0.8146523625796693], "Sigma": [[0.025899180644364885, -0.014647188137436012, -0.035145739614763305], [-0.014647188137436012, 0.01002797030618116, 0.02067869864434419], [-0.035145739614763305, 0.02067869864434419, 0.13235032402712063]], "chi2_level": 0.95, "chi2_df": 3, "chi2_threshold": 7.814727903251179, "N_raw": 65, "N_roi": 65, "N_inlier": 64, "refit": true}
{"timestamp": "12:20:45.029114", "frame": 75, "mu": [1.7457673364008766, 3.9026999905396895, 1.2756414637767222], "Sigma": [[0.018078417355554238, -0.006952469540711907, -0.002443103730067207], [-0.006952469540711908, 0.004706817664396275, 0.0006298394108802593], [-0.002443103730067207, 0.0006298394108802594, 0.003140792601630968]], "chi2_level": 0.95, "chi2_df": 3, "chi2_threshold": 7.814727903251179, "N_raw": 27, "N_roi": 25, "N_inlier": 24, "refit": true}
{"timestamp": "12:20:45.139575", "frame": 77, "mu": [1.759879436047344, 4.04002463348998, 1.2290817554075353], "Sigma": [[0.01697424841390539, -0.009741282482190937, -0.021373342204819085], [-0.009741282482190937, 0.010287678592308008, 0.017296461175804342], [-0.021373342204819082, 0.017296461175804342, 0.0350832875496434]], "chi2_level": 0.95, "chi2_df": 3, "chi2_threshold": 7.814727903251179, "N_raw": 35, "N_roi": 31, "N_inlier": 29, "refit": true}
{"timestamp": "12:20:45.245417", "frame": 79, "mu": [1.8210449197887748, 4.193062410324067, 1.4005235566327021], "Sigma": [[0.004224324404835719, -0.00038283663527398517, 0.0002529881471481469], [-0.0003828366352739851, 0.0043095437198175275, -0.0007165687530855448], [0.00025298814714814686, -0.0007165687530855448, 0.00012873281524268464]], "chi2_level": 0.95, "chi2_df": 3, "chi2_threshold": 7.814727903251179, "N_raw": 8, "N_roi": 8, "N_inlier": 8, "refit": true}
{"timestamp": "12:20:45.301094", "frame": 80, "mu": [1.7630187747229518, 4.202328590180553, 1.2775369976648758], "Sigma": [[0.005071980996973231, -0.000752598912325284, -0.005026802494556604], [-0.0007525989123252843, 0.0026300510804676235, -0.00040138135142890965], [-0.005026802494556604, -0.00040138135142891003, 0.007151640240747415]], "chi2_level": 0.95, "chi2_df": 3, "chi2_threshold": 7.814727903251179, "N_raw": 10, "N_roi": 10, "N_inlier": 10, "refit": true}
{"timestamp": "12:20:45.356093", "frame": 81, "mu": [1.8119270677632469, 4.246406479019503, 1.2540947206456132], "Sigma": [[0.009808009252322607, -0.001625274201906119, -0.009374105645728973], [-0.001625274201906119, 0.0019008532286994735, 0.0007162023763536535], [-0.009374105645728973, 0.0007162023763536535, 0.01212462894776777]], "chi2_level": 0.95, "chi2_df": 3, "chi2_threshold": 7.814727903251179, "N_raw": 12, "N_roi": 12, "N_inlier": 11, "refit": true}
{"timestamp": "12:20:45.411610", "frame": 82, "mu": [1.7795746361461575, 4.413175387540294, 1.4766407997603146], "Sigma": [[0.00801424770831398, -0.003735447791885874, -0.01319310010236183], [-0.003735447791885874, 0.004234697984884046, 0.007843380312026957], [-0.013193100102361832, 0.007843380312026957, 0.044788987295418324]], "chi2_level": 0.95, "chi2_df": 3, "chi2_threshold": 7.814727903251179, "N_raw": 14, "N_roi": 14, "N_inlier": 13, "refit": true}
{"timestamp": "12:20:45.686549", "frame": 87, "mu": [1.8209301779075442, 4.572814442552582, 1.0947893902222245], "Sigma": [[0.01063411892092135, -0.003468860156350402, -0.012177068885481953], [-0.003468860156350402, 0.0024017991894486838, 0.00441244277916243], [-0.012177068885481953, 0.00441244277916243, 0.021507038465828243]], "chi2_level": 0.95, "chi2_df": 3, "chi2_threshold": 7.814727903251179, "N_raw": 10, "N_roi": 10, "N_inlier": 10, "refit": true}
{"timestamp": "12:20:45.743829", "frame": 88, "mu": [1.8495610151199866, 4.638147104485898, 1.0334496195813772], "Sigma": [[0.02305150712476738, -0.01091773210843764, -0.021112689064275127], [-0.01091773210843764, 0.006461847201657585, 0.00928374663743088], [-0.021112689064275127, 0.009283746637430881, 0.024171135292285206]], "chi2_level": 0.95, "chi2_df": 3, "chi2_threshold": 7.814727903251179, "N_raw": 24, "N_roi": 24, "N_inlier": 23, "refit": true}
{"timestamp": "12:20:45.798868", "frame": 89, "mu": [1.7257452298804399, 4.783779875151094, 1.353658347295755], "Sigma": [[0.01690608739269249, -0.005172434117907651, -0.009762302244272802], [-0.005172434117907651, 0.004621457940620578, 0.0040934722093553064], [-0.009762302244272802, 0.0040934722093553064, 0.009514559959076564]], "chi2_level": 0.95, "chi2_df": 3, "chi2_threshold": 7.814727903251179, "N_raw": 25, "N_roi": 25, "N_inlier": 24, "refit": true}
{"timestamp": "12:20:46.074265", "frame": 94, "mu": [1.7049835115609677, 4.956873011384314, 1.486851451179363], "Sigma": [[0.013966823135114508, -0.0006535956979177918, 0.000770007237758949], [-0.000653595697917792, 0.0005647689974983551, -0.00010011371079933601], [0.000770007237758949, -0.00010011371079933601, 5.118534616530267e-05]], "chi2_level": 0.95, "chi2_df": 3, "chi2_threshold": 7.814727903251179, "N_raw": 33, "N_roi": 10, "N_inlier": 10, "refit": true}
