{"timestamp": "12:43:56.967191", "frame": 23, "mu": [2.3769031610243756, 4.6793573890869915, 1.2492777005125881], "Sigma": [[0.006083599799951608, -0.0046956599065176245, -0.005902347399237646], [-0.004695659906517624, 0.007427375677754551, 0.003745553198886131], [-0.005902347399237647, 0.003745553198886131, 0.007831918591899403]], "chi2_level": 0.95, "chi2_df": 3, "chi2_threshold": 7.814727903251179, "N_raw": 34, "N_roi": 17, "N_inlier": 17, "refit": true}
{"timestamp": "12:43:57.131204", "frame": 26, "mu": [2.3684918399453654, 4.593903100740527, 1.35049002594536], "Sigma": [[0.005036224362176603, -0.0021478292878253256, -0.0002511744169996996], [-0.0021478292878253256, 0.002181060703183994, 0.0003212935281083494], [-0.0002511744169996996, 0.0003212935281083495, 0.00020196709624478344]], "chi2_level": 0.95, "chi2_df": 3, "chi2_threshold": 7.814727903251179, "N_raw": 22, "N_roi": 11, "N_inlier": 10, "refit": true}
{"timestamp": "12:43:57.516596", "frame": 33, "mu": [2.2782973965682696, 4.39596312714871, 1.1584313229443137], "Sigma": [[0.0168247131730377, -0.009394963211215463, -0.006625601928303028], [-0.009394963211215464, 0.006970727123694843, 0.002608274799039795], [-0.00662560192830303, 0.002608274799039795, 0.00630066786987513]], "chi2_level": 0.95, "chi2_df": 3, "chi2_threshold": 7.814727903251179, "N_raw": 23, "N_roi": 22, "N_inlier": 21, "refit": true}
{"timestamp": "12:43:57.571411", "frame": 34, "mu": [2.1379421233302867, 4.468862610715981, -0.31092588490371886], "Sigma": [[0.014212311507666565, -0.004596483106012661, 0.04700985592590062], [-0.0045964831060126615, 0.0036665642990995886, -0.00045195587685228737], [0.04700985592590063, -0.0004519558768522865, 0.2947471448211095]], "chi2_level": 0.95, "chi2_df": 3, "chi2_threshold": 7.814727903251179, "N_raw": 12, "N_roi": 11, "N_inlier": 10, "refit": true}
{"timestamp": "12:43:57.626534", "frame": 35, "mu": [2.1878748361297187, 4.491384400396211, 0.35034567399301764], "Sigma": [[0.006442679606464197, -0.002827253605461119, 1.7235038133057618e-05], [-0.0028272536054611184, 0.004299952747360782, 0.0001840105670617138], [1.7235038133057625e-05, 0.0001840105670617138, 1.3050186524582296e-05]], "chi2_level": 0.95, "chi2_df": 3, "chi2_threshold": 7.814727903251179, "N_raw": 12, "N_roi": 10, "N_inlier": 9, "refit": true}
{"timestamp": "12:43:57.684103", "frame": 36, "mu": [2.139890528880549, 4.4989588989761335, 1.2279203098732312], "Sigma": [[0.013391410479205218, -0.006861794004631345, -0.0064910603531896545], [-0.006861794004631345, 0.006431963778251489, 0.0016833734384488577], [-0.006491060353189654, 0.0016833734384488575, 0.007290088836339505]], "chi2_level": 0.95, "chi2_df": 3, "chi2_threshold": 7.814727903251179, "N_raw": 29, "N_roi": 24, "N_inlier": 22, "refit": true}
{"timestamp": "12:43:58.232018", "frame": 46, "mu": [1.8597218599860388, 4.452289770079961, 0.879018206592174], "Sigma": [[0.012242788309586937, -0.003286237549911434, -0.015172353251371956], [-0.003286237549911434, 0.0027063084787620983, 0.002902369239669745], [-0.015172353251371956, 0.0029023692396697442, 0.021033039574094962]], "chi2_level": 0.95, "chi2_df": 3, "chi2_threshold": 7.814727903251179, "N_raw": 14, "N_roi": 13, "N_inlier": 13, "refit": true}
{"timestamp": "12:43:58.345636", "frame": 48, "mu": [1.7579635804302907, 4.645902289739518, 0.0949866395186658], "Sigma": [[0.03416353515565475, -0.0075651224424865045, -0.020845092191532903], [-0.007565122442486505, 0.005002668774542242, 0.004802396589012189], [-0.020845092191532907, 0.004802396589012188, 0.01472773558700425]], "chi2_level": 0.95, "chi2_df": 3, "chi2_threshold": 7.814727903251179, "N_raw": 39, "N_roi": 39, "N_inlier": 38, "refit": true}
{"timestamp": "12:43:58.836018", "frame": 57, "mu": [1.362895821551521, 4.419100115353278, 1.0737669886105787], "Sigma": [[0.0090086081783001, -0.01148399187944358, -0.004420925958377134], [-0.01148399187944358, 0.018961218773177503, 0.003332312615059589], [-0.004420925958377134, 0.003332312615059589, 0.005498682901360859]], "chi2_level": 0.95, "chi2_df": 3, "chi2_threshold": 7.814727903251179, "N_raw": 7, "N_roi": 7, "N_inlier": 7, "refit": true}
{"timestamp": "12:43:59.607687", "frame": 71, "mu": [0.8090791692833973, 4.52432022530394, 1.0293490998974297], "Sigma": [[0.011859677883145412, -0.002782625054364915, -0.007629445604453424], [-0.002782625054364915, 0.003052609766961909, 0.0007826413642092525], [-0.007629445604453424, 0.0007826413642092525, 0.00686897932287397]], "chi2_level": 0.95, "chi2_df": 3, "chi2_threshold": 7.814727903251179, "N_raw": 23, "N_roi": 21, "N_inlier": 20, "refit": true}
{"timestamp": "12:43:59.666652", "frame": 72, "mu": [0.6126722907270755, 4.603433613789342, -0.07585659250702925], "Sigma": [[0.023165935968992402, -0.003207281950500931, 0.06683295220634991], [-0.003207281950500931, 0.0037247559289155874, -0.004748000951689024], [0.06683295220634991, -0.004748000951689022, 0.2941360363391747]], "chi2_level": 0.95, "chi2_df": 3, "chi2_threshold": 7.814727903251179, "N_raw": 41, "N_roi": 38, "N_inlier": 36, "refit": true}
{"timestamp": "12:43:59.883669", "frame": 76, "mu": [0.6028417901150831, 4.592143200134106, 0.28325197931634694], "Sigma": [[0.013508958982028444, -0.0014963281060615358, -0.0057338001259192835], [-0.001496328106061536, 0.0015524893307488003, 0.0008442185473398537], [-0.005733800125919283, 0.0008442185473398537, 0.00429643513942959]], "chi2_level": 0.95, "chi2_df": 3, "chi2_threshold": 7.814727903251179, "N_raw": 21, "N_roi": 21, "N_inlier": 19, "refit": true}
{"timestamp": "12:43:59.993502", "frame": 78, "mu": [0.5085941616079165, 4.535320468314719, 1.1388881049019017], "Sigma": [[0.019589129485285503, -0.00347590419740697, -0.007907809308791793], [-0.0034759041974069694, 0.0018748764401388689, 0.00038681934333755874], [-0.007907809308791793, 0.0003868193433375586, 0.006665244970589697]], "chi2_level": 0.95, "chi2_df": 3, "chi2_threshold": 7.814727903251179, "N_raw": 25, "N_roi": 25, "N_inlier": 24, "refit": true}
{"timestamp": "12:44:00.162930", "frame": 81, "mu": [0.38857848868780503, 4.441289074213642, 1.2154487264163658], "Sigma": [[0.024719816246550293, -0.009313730972462072, -0.014217483610214004], [-0.009313730972462072, 0.010169095412579989, 0.009632584862363461], [-0.014217483610214002, 0.009632584862363461, 0.012991449266442065]], "chi2_level": 0.95, "chi2_df": 3, "chi2_threshold": 7.814727903251179, "N_raw": 50, "N_roi": 50, "N_inlier": 49, "refit": true}
{"timestamp": "12:44:00.214487", "frame": 82, "mu": [0.44232459095739024, 4.34807295016122, 1.1416140844229206], "Sigma": [[0.02236228973876851, -0.0035292889623750245, -0.011190608003585322], [-0.0035292889623750245, 0.0022047314373071737, 0.0019050631245530135], [-0.011190608003585322, 0.0019050631245530135, 0.007113461649016983]], "chi2_level": 0.95, "chi2_df": 3, "chi2_threshold": 7.814727903251179, "N_raw": 28, "N_roi": 26, "N_inlier": 26, "refit": true}
{"timestamp": "12:44:00.272823", "frame": 83, "mu": [0.3508220396095344, 4.397939911804043, -0.334937066431597], "Sigma": [[0.023395449108965505, 0.002882502819958445, 0.061498582693941026], [0.0028825028199584444, 0.005566963439463049, 0.014254948341690034], [0.061498582693941026, 0.014254948341690034, 0.2604727791994414]], "chi2_level": 0.95, "chi2_df": 3, "chi2_threshold": 7.814727903251179, "N_raw": 46, "N_roi": 46, "N_inlier": 44, "refit": true}
{"timestamp": "12:44:00.322266", "frame": 84, "mu": [0.20625361766264502, 4.563127860408693, 1.353055415808761], "Sigma": [[0.01455848459475849, -0.0012514486021287467, -0.00645861889744084], [-0.0012514486021287467, 0.0006251353314191872, 0.00012300091329448947], [-0.00645861889744084, 0.00012300091329448947, 0.00511469396046049]], "chi2_level": 0.95, "chi2_df": 3, "chi2_threshold": 7.814727903251179, "N_raw": 13, "N_roi": 13, "N_inlier": 12, "refit": true}
{"timestamp": "12:44:00.542530", "frame": 88, "mu": [0.05509815144433938, 4.383364909100138, 1.2331189807907867], "Sigma": [[0.014394002275718621, -0.0013625351933539936, -0.0076872629931306925], [-0.0013625351933539932, 0.0022663402427771364, 0.0018088578956841302], [-0.007687262993130692, 0.0018088578956841302, 0.005366210289398637]], "chi2_level": 0.95, "chi2_df": 3, "chi2_threshold": 7.814727903251179, "N_raw": 21, "N_roi": 21, "N_inlier": 21, "refit": true}
{"timestamp": "12:44:00.653669", "frame": 90, "mu": [-0.0043984498360482025, 4.377819162222652, 1.2093607012424847], "Sigma": [[0.01387474408202809, -0.0016128576064660027, -0.0066020658899572085], [-0.0016128576064660027, 0.0025388867890458714, 0.002742088791326624], [-0.006602065889957208, 0.002742088791326624, 0.006876202729538836]], "chi2_level": 0.95, "chi2_df": 3, "chi2_threshold": 7.814727903251179, "N_raw": 25, "N_roi": 22, "N_inlier": 20, "refit": true}
{"timestamp": "12:44:00.872467", "frame": 94, "mu": [-0.2796790413303918, 4.540328750636486, 1.455092404356227], "Sigma": [[0.013755809518493489, -0.005895085608073465, -0.014502169371130039], [-0.005895085608073464, 0.007656967232671738, 0.010802431501512649], [-0.014502169371130039, 0.010802431501512649, 0.02166426858129244]], "chi2_level": 0.95, "chi2_df": 3, "chi2_threshold": 7.814727903251179, "N_raw": 20, "N_roi": 20, "N_inlier": 19, "refit": true}
{"timestamp": "12:44:00.931488", "frame": 95, "mu": [-0.28165068258839887, 4.509900703655309, 1.2918483751491399], "Sigma": [[0.021774922618601804, -0.0016094383351428479, -0.011814713364095921], [-0.0016094383351428479, 0.00803793721226838, 0.007423239330198589], [-0.011814713364095921, 0.007423239330198589, 0.012600220367907625]], "chi2_level": 0.95, "chi2_df": 3, "chi2_threshold": 7.814727903251179, "N_raw": 46, "N_roi": 46, "N_inlier": 45, "refit": true}
{"timestamp": "12:44:00.984655", "frame": 96, "mu": [-0.30615987986373766, 4.571743526132184, 1.287444561055355], "Sigma": [[0.018340494378937148, -0.0005688533796447148, -0.011939581571631002], [-0.0005688533796447148, 0.0022758585652486833, -0.0006928195273632516], [-0.011939581571631002, -0.0006928195273632516, 0.011693010893212582]], "chi2_level": 0.95, "chi2_df": 3, "chi2_threshold": 7.814727903251179, "N_raw": 27, "N_roi": 27, "N_inlier": 23, "refit": true}
{"timestamp": "12:44:01.041547", "frame": 97, "mu": [-0.39149280042102913, 4.63470956632575, 1.6416406205196248], "Sigma": [[0.02903091254694385, 0.0022576882593267618, -0.019090275930650553], [0.0022576882593267618, 0.002685856108561955, -0.0033575247084974506], [-0.019090275930650553, -0.0033575247084974506, 0.01582010818856644]], "chi2_level": 0.95, "chi2_df": 3, "chi2_threshold": 7.814727903251179, "N_raw": 41, "N_roi": 38, "N_inlier": 35, "refit": true}
{"timestamp": "12:44:01.094159", "frame": 98, "mu": [-0.37191802965231857, 4.526652526978726, 1.141941834693662], "Sigma": [[0.01796713782639203, 0.0026622995243431756, -0.004925712891675224], [0.0026622995243431756, 0.003338132936069816, -6.108392978089482e-05], [-0.004925712891675224, -6.10839297808948e-05, 0.002705011950195573]], "chi2_level": 0.95, "chi2_df": 3, "chi2_threshold": 7.814727903251179, "N_raw": 30, "N_roi": 27, "N_inlier": 27, "refit": true}
{"timestamp": "12:44:01.149002", "frame": 99, "mu": [-0.1991944451098679, 4.567660700919353, 0.3585875874974641], "Sigma": [[0.01310713603529399, 0.002896723484990391, -0.028166979544505373], [0.002896723484990391, 0.003597444375883789, -0.017919880230987263], [-0.028166979544505377, -0.017919880230987263, 0.11682255847644274]], "chi2_level": 0.95, "chi2_df": 3, "chi2_threshold": 7.814727903251179, "N_raw": 20, "N_roi": 18, "N_inlier": 16, "refit": true}
{"timestamp": "12:44:01.533158", "frame": 106, "mu": [-0.7215362575683801, 4.549676880605311, 1.3343035258370584], "Sigma": [[0.011047590706007198, 0.0006522173694473836, -0.0038828840587558783], [0.0006522173694473836, 0.0019562856051604984, 0.0001342681701961073], [-0.0038828840587558783, 0.00013426817019610737, 0.0023202598413962364]], "chi2_level": 0.95, "chi2_df": 3, "chi2_threshold": 7.814727903251179, "N_raw": 20, "N_roi": 16, "N_inlier": 16, "refit": true}
{"timestamp": "12:44:01.592462", "frame": 107, "mu": [-0.7684655795970688, 4.534831626698485, -0.3706375843728092], "Sigma": [[0.025265996592952693, 0.0029317400137484594, 0.048740535076263185], [0.0029317400137484602, 0.006028506766877099, 0.017732419486344506], [0.048740535076263185, 0.017732419486344506, 0.2255802514999589]], "chi2_level": 0.95, "chi2_df": 3, "chi2_threshold": 7.814727903251179, "N_raw": 50, "N_roi": 47, "N_inlier": 46, "refit": true}
{"timestamp": "12:44:01.695942", "frame": 109, "mu": [-0.8022217263979946, 4.545501148974901, 0.8069306026950473], "Sigma": [[0.0012792380856889358, 0.0022103810164869732, -0.011940260732656445], [0.002210381016486973, 0.01863843689185546, -0.04318226080376729], [-0.011940260732656445, -0.04318226080376729, 0.18191031112065348]], "chi2_level": 0.95, "chi2_df": 3, "chi2_threshold": 7.814727903251179, "N_raw": 9, "N_roi": 7, "N_inlier": 7, "refit": true}
{"timestamp": "12:44:01.751293", "frame": 110, "mu": [-0.8785688904337783, 4.493919646935026, 0.956137033358353], "Sigma": [[0.014249047250841697, 0.012988863843330494, -0.06183465516515879], [0.012988863843330494, 0.021236447822253895, -0.049497305887752266], [-0.06183465516515879, -0.049497305887752266, 0.27732218710105666]], "chi2_level": 0.95, "chi2_df": 3, "chi2_threshold": 7.814727903251179, "N_raw": 8, "N_roi": 8, "N_inlier": 8, "refit": true}
{"timestamp": "12:44:01.806732", "frame": 111, "mu": [-0.8612350128889454, 4.564036454441454, 0.7013281089302781], "Sigma": [[0.006999647602455289, 0.006431541435114154, -0.027920350162865946], [0.006431541435114154, 0.012164542203757556, -0.03959856751760469], [-0.027920350162865946, -0.03959856751760468, 0.16027527217316892]], "chi2_level": 0.95, "chi2_df": 3, "chi2_threshold": 7.814727903251179, "N_raw": 13, "N_roi": 13, "N_inlier": 13, "refit": true}
{"timestamp": "12:44:01.863161", "frame": 112, "mu": [-1.0366737387631038, 4.456823016606724, 1.2379815962717065], "Sigma": [[0.01715875023402433, -0.0026565416605098873, -0.015245827506063417], [-0.0026565416605098873, 0.008079246184568784, 0.00734341514708298], [-0.015245827506063417, 0.007343415147082979, 0.021591506379342092]], "chi2_level": 0.95, "chi2_df": 3, "chi2_threshold": 7.814727903251179, "N_raw": 19, "N_roi": 19, "N_inlier": 16, "refit": true}
{"timestamp": "12:44:02.084145", "frame": 116, "mu": [-1.2089874057063632, 4.499282016170089, 1.3646033826350967], "Sigma": [[0.02534451275889637, 0.004268345034293856, -0.012120839550013644], [0.004268345034293856, 0.0020632458885416496, -0.0020678130901174126], [-0.012120839550013644, -0.002067813090117412, 0.006784219997696952]], "chi2_level": 0.95, "chi2_df": 3, "chi2_threshold": 7.814727903251179, "N_raw": 29, "N_roi": 27, "N_inlier": 26, "refit": true}
{"timestamp": "12:44:02.194254", "frame": 118, "mu": [-1.2720137361188275, 4.486106967522611, 1.380398388608848], "Sigma": [[0.0123979420760353, 0.0013270334272998713, -0.010970269513816133], [0.0013270334272998715, 0.002203971641295184, -0.0004252563787807501], [-0.010970269513816137, -0.00042525637878075, 0.011589444646610691]], "chi2_level": 0.95, "chi2_df": 3, "chi2_threshold": 7.814727903251179, "N_raw": 27, "N_roi": 22, "N_inlier": 20, "refit": true}
{"timestamp": "12:44:02.302981", "frame": 120, "mu": [-1.3269973576597083, 4.458692940608733, 0.4261236908958118], "Sigma": [[0.00186145535088312, -0.0037226682919002116, -0.0028860670503673518], [-0.0037226682919002116, 0.010549264283854972, 0.009202393363940785], [-0.0028860670503673513, 0.009202393363940783, 0.009355839632484876]], "chi2_level": 0.95, "chi2_df": 3, "chi2_threshold": 7.814727903251179, "N_raw": 11, "N_roi": 8, "N_inlier": 7, "refit": true}
{"timestamp": "12:44:02.356269", "frame": 121, "mu": [-1.312370313268526, 4.451790699233549, 1.0673039276063347], "Sigma": [[0.004425964341143202, 0.00401932866531449, -0.015633349079998315], [0.00401932866531449, 0.012517962689699921, -0.01183138872045244], [-0.015633349079998315, -0.01183138872045244, 0.05815944655905296]], "chi2_level": 0.95, "chi2_df": 3, "chi2_threshold": 7.814727903251179, "N_raw": 9, "N_roi": 7, "N_inlier": 7, "refit": true}
{"timestamp": "12:44:02.415151", "frame": 122, "mu": [-1.3493360289713794, 4.372676124580636, 1.091991781809052], "Sigma": [[0.01755511036299791, 0.004612242983987288, -0.00999840926438975], [0.004612242983987288, 0.004681017545698941, -0.004142898625583036], [-0.00999840926438975, -0.004142898625583036, 0.008210935815065613]], "chi2_level": 0.95, "chi2_df": 3, "chi2_threshold": 7.814727903251179, "N_raw": 34, "N_roi": 32, "N_inlier": 30, "refit": true}
{"timestamp": "12:44:02.467179", "frame": 123, "mu": [-1.4993892451388044, 4.519415010315271, 1.3501881861717566], "Sigma": [[0.012259469483084233, 0.0007163084734755682, -0.01132281328059968], [0.0007163084734755683, 0.006668447018674043, 0.0026739115291494185], [-0.01132281328059968, 0.0026739115291494185, 0.014851364898524249]], "chi2_level": 0.95, "chi2_df": 3, "chi2_threshold": 7.814727903251179, "N_raw": 19, "N_roi": 19, "N_inlier": 18, "refit": true}
{"timestamp": "12:44:02.526729", "frame": 124, "mu": [-1.5375580927591384, 4.513554301845486, -0.3861795375967293], "Sigma": [[0.02348690229408803, 0.006804642343829964, 0.03904622458375412], [0.006804642343829964, 0.006925592415336722, 0.025435700436180944], [0.03904622458375412, 0.025435700436180944, 0.21367959951408436]], "chi2_level": 0.95, "chi2_df": 3, "chi2_threshold": 7.814727903251179, "N_raw": 46, "N_roi": 35, "N_inlier": 34, "refit": true}
{"timestamp": "12:44:02.581501", "frame": 125, "mu": [-1.5835651700337408, 4.528390020706977, 1.238014107286552], "Sigma": [[0.02175270193569276, 0.0027418696852249576, -0.024628063146030006], [0.002741869685224957, 0.002757601012989248, -0.003675224961472545], [-0.024628063146030006, -0.003675224961472545, 0.03654238347011585]], "chi2_level": 0.95, "chi2_df": 3, "chi2_threshold": 7.814727903251179, "N_raw": 37, "N_roi": 32, "N_inlier": 30, "refit": true}
{"timestamp": "12:44:02.633993", "frame": 126, "mu": [-1.5837892799191207, 4.457069375455079, 1.0612161084359617], "Sigma": [[0.00897259198995235, 0.0007640799808752195, -0.007428431471869081], [0.0007640799808752193, 0.003919379884342026, 0.0009054379429294453], [-0.007428431471869081, 0.0009054379429294453, 0.007967012478614347]], "chi2_level": 0.95, "chi2_df": 3, "chi2_threshold": 7.814727903251179, "N_raw": 20, "N_roi": 17, "N_inlier": 16, "refit": true}
{"timestamp": "12:44:03.237166", "frame": 137, "mu": [-1.845848225058379, 4.8581095100540095, -0.3200683407855179], "Sigma": [[0.02077383290699903, 0.013136086580562728, -0.026841276345688454], [0.013136086580562728, 0.013312484198962266, -0.02930140483311013], [-0.026841276345688458, -0.02930140483311013, 0.06939178539814102]], "chi2_level": 0.95, "chi2_df": 3, "chi2_threshold": 7.814727903251179, "N_raw": 17, "N_roi": 17, "N_inlier": 15, "refit": true}
{"timestamp": "12:44:03.291413", "frame": 138, "mu": [-2.0587955917709686, 4.442820789847252, 1.0051750950667477], "Sigma": [[0.0018422644290272462, 0.005100680582771764, -0.008894117386007656], [0.005100680582771764, 0.017018998211743158, -0.03065848190505101], [-0.008894117386007656, -0.03065848190505101, 0.07983252454064169]], "chi2_level": 0.95, "chi2_df": 3, "chi2_threshold": 7.814727903251179, "N_raw": 7, "N_roi": 7, "N_inlier": 7, "refit": true}
{"timestamp": "12:44:03.346121", "frame": 139, "mu": [-2.052981705168074, 4.62652606613282, 0.0920178451647891], "Sigma": [[0.0032964558470573255, 0.012100346843325657, -0.01621218362969514], [0.012100346843325657, 0.05336114423376355, -0.06569596781007442], [-0.01621218362969514, -0.0656959678100744, 0.09091863956450325]], "chi2_level": 0.95, "chi2_df": 3, "chi2_threshold": 7.814727903251179, "N_raw": 8, "N_roi": 8, "N_inlier": 8, "refit": true}
{"timestamp": "12:44:03.731240", "frame": 146, "mu": [-2.420598532532558, 4.346757691600999, 1.1772749796923665], "Sigma": [[0.004297699193715956, 0.003375709488389318, -0.001956331909688554], [0.003375709488389318, 0.005613726468191578, -0.002643395591178828], [-0.001956331909688554, -0.002643395591178828, 0.0015885506796590434]], "chi2_level": 0.95, "chi2_df": 3, "chi2_threshold": 7.814727903251179, "N_raw": 10, "N_roi": 8, "N_inlier": 7, "refit": true}
