{"timestamp": "20:17:22.356895", "frame": 38, "mu": [2.193284313184389, 1.9508617619366992, 0.8925537208219169], "Sigma": [[0.004334861867214446, -0.004551941851675405, 0.0014397764511638155], [-0.004551941851675404, 0.05096203980887068, -0.0002490484066226436], [0.0014397764511638158, -0.0002490484066226436, 0.002493278214561128]], "chi2_level": 0.99, "chi2_df": 3, "chi2_threshold": 11.344866730144373, "N_raw": 24, "N_roi": 24, "N_inlier": 23, "refit": true}
{"timestamp": "20:17:22.412998", "frame": 39, "mu": [2.155342221599273, 1.7414467407107739, 0.973546204067805], "Sigma": [[0.008776749784670681, -0.007852094898515858, 0.0022593870078632177], [-0.007852094898515858, 0.012663983812606824, -0.006401287648391166], [0.0022593870078632177, -0.006401287648391166, 0.00472610305203872]], "chi2_level": 0.99, "chi2_df": 3, "chi2_threshold": 11.344866730144373, "N_raw": 22, "N_roi": 22, "N_inlier": 21, "refit": true}
{"timestamp": "20:17:22.468005", "frame": 40, "mu": [2.088770306423158, 1.8015491260221688, 1.0245919685785905], "Sigma": [[0.006465247559160499, -0.003999727754319818, 0.00010056991538333809], [-0.003999727754319819, 0.007219925372330112, -0.0004576653651266673], [0.00010056991538333815, -0.00045766536512666735, 0.0014743576982203985]], "chi2_level": 0.99, "chi2_df": 3, "chi2_threshold": 11.344866730144373, "N_raw": 17, "N_roi": 17, "N_inlier": 16, "refit": true}
{"timestamp": "20:17:22.523574", "frame": 41, "mu": [1.998570278648959, 1.867513366204467, 1.0132318989229623], "Sigma": [[0.004331040433035537, -0.00174176662336165, -0.0014495297725853568], [-0.00174176662336165, 0.0031545552944638594, -0.0018659137732538987], [-0.001449529772585357, -0.0018659137732538987, 0.003820332454563236]], "chi2_level": 0.99, "chi2_df": 3, "chi2_threshold": 11.344866730144373, "N_raw": 18, "N_roi": 18, "N_inlier": 17, "refit": true}
{"timestamp": "20:17:22.578575", "frame": 42, "mu": [2.0098456552250274, 1.7855901900994553, 0.9009857895322624], "Sigma": [[0.006137164298358017, -0.002896766307597669, -0.0012649267577449347], [-0.0028967663075976685, 0.004414672351407695, 0.0001409786130301755], [-0.0012649267577449347, 0.0001409786130301754, 0.017152423330699794]], "chi2_level": 0.99, "chi2_df": 3, "chi2_threshold": 11.344866730144373, "N_raw": 26, "N_roi": 26, "N_inlier": 24, "refit": true}
{"timestamp": "20:17:22.634608", "frame": 43, "mu": [1.9139082113706503, 1.8456235702475048, 0.8178312384936766], "Sigma": [[0.0070688307153169835, -0.0068397770772670105, -0.0015907262130960846], [-0.006839777077267009, 0.010623091004429742, -8.531710857011122e-05], [-0.0015907262130960844, -8.531710857011127e-05, 0.0022522450326562526]], "chi2_level": 0.99, "chi2_df": 3, "chi2_threshold": 11.344866730144373, "N_raw": 33, "N_roi": 33, "N_inlier": 30, "refit": true}
{"timestamp": "20:17:22.687378", "frame": 44, "mu": [1.830453063675394, 2.041195886250846, 0.9480719504682079], "Sigma": [[0.004410173071480107, -0.006172385580400522, 0.0005983303007117613], [-0.006172385580400522, 0.016157594646973205, -0.016757647966976527], [0.0005983303007117618, -0.016757647966976527, 0.048443686893968295]], "chi2_level": 0.99, "chi2_df": 3, "chi2_threshold": 11.344866730144373, "N_raw": 16, "N_roi": 16, "N_inlier": 16, "refit": true}
{"timestamp": "20:17:22.745824", "frame": 45, "mu": [1.8266732836609465, 1.8496055295312912, 1.1026410238891065], "Sigma": [[0.007824682844483821, -0.00841177436276219, -0.00935779164636535], [-0.00841177436276219, 0.011313972444412129, 0.0059382066303975455], [-0.009357791646365349, 0.0059382066303975455, 0.023166048469544304]], "chi2_level": 0.99, "chi2_df": 3, "chi2_threshold": 11.344866730144373, "N_raw": 39, "N_roi": 39, "N_inlier": 39, "refit": true}
{"timestamp": "20:17:22.800037", "frame": 46, "mu": [1.75947516920921, 1.8781403457241574, 1.0950646614097737], "Sigma": [[0.008572776635296476, -0.006222451869272135, -0.004115643809207176], [-0.006222451869272135, 0.008577027197495929, 0.0016146397534703432], [-0.004115643809207176, 0.0016146397534703432, 0.004939805322382882]], "chi2_level": 0.99, "chi2_df": 3, "chi2_threshold": 11.344866730144373, "N_raw": 37, "N_roi": 37, "N_inlier": 35, "refit": true}
{"timestamp": "20:17:22.908330", "frame": 48, "mu": [1.6673179244365026, 1.8116398637216804, 1.2050183572486373], "Sigma": [[0.005769683872257039, -0.0038907595862137778, -0.0022982712752796864], [-0.0038907595862137778, 0.005650476853804792, 0.00026532458913859777], [-0.0022982712752796864, 0.00026532458913859777, 0.002223509845585729]], "chi2_level": 0.99, "chi2_df": 3, "chi2_threshold": 11.344866730144373, "N_raw": 30, "N_roi": 30, "N_inlier": 28, "refit": true}
{"timestamp": "20:17:22.961858", "frame": 49, "mu": [1.5800145739637137, 1.8237150534125028, 0.9682212794020354], "Sigma": [[0.0020939949810618703, -0.0011239364279654008, -0.003936856932786372], [-0.001123936427965401, 0.0036410801517726124, 0.004093083649134619], [-0.003936856932786372, 0.00409308364913462, 0.03945406174552456]], "chi2_level": 0.99, "chi2_df": 3, "chi2_threshold": 11.344866730144373, "N_raw": 12, "N_roi": 12, "N_inlier": 11, "refit": true}
{"timestamp": "20:17:23.079344", "frame": 51, "mu": [1.4808341903126963, 1.8376870816392443, 1.0531183570563125], "Sigma": [[0.005487236897897191, -0.006821179097187458, -0.010197863498310769], [-0.006821179097187458, 0.0137735948176457, 0.01079792441943556], [-0.010197863498310769, 0.01079792441943556, 0.02508106735499046]], "chi2_level": 0.99, "chi2_df": 3, "chi2_threshold": 11.344866730144373, "N_raw": 39, "N_roi": 39, "N_inlier": 38, "refit": true}
{"timestamp": "20:17:23.130929", "frame": 52, "mu": [1.3993143762157998, 1.8255313780823677, 1.1427991496830514], "Sigma": [[0.0092967998661854, -0.0074281497782891365, -0.007902737884340575], [-0.0074281497782891365, 0.00727639634384887, 0.005620202571529311], [-0.007902737884340573, 0.005620202571529311, 0.016583950298788647]], "chi2_level": 0.99, "chi2_df": 3, "chi2_threshold": 11.344866730144373, "N_raw": 41, "N_roi": 41, "N_inlier": 38, "refit": true}
{"timestamp": "20:17:23.183855", "frame": 53, "mu": [1.3586062400524246, 1.8290355145351664, 0.9712622216254394], "Sigma": [[0.005764209122219443, -0.0026458831246341107, 0.0014897777479277764], [-0.0026458831246341107, 0.004510925364579819, 0.012749891906664085], [0.0014897777479277764, 0.012749891906664083, 0.22109009314453898]], "chi2_level": 0.99, "chi2_df": 3, "chi2_threshold": 11.344866730144373, "N_raw": 29, "N_roi": 29, "N_inlier": 29, "refit": true}
{"timestamp": "20:17:23.241099", "frame": 54, "mu": [1.305622098580589, 1.8974965501413024, 1.2012736403781548], "Sigma": [[0.006210730671331471, -0.004106745646489992, -0.004223372269070178], [-0.004106745646489992, 0.0053134847052275875, 0.0012895468365844238], [-0.004223372269070178, 0.0012895468365844238, 0.014273340580555635]], "chi2_level": 0.99, "chi2_df": 3, "chi2_threshold": 11.344866730144373, "N_raw": 38, "N_roi": 38, "N_inlier": 34, "refit": true}
{"timestamp": "20:17:23.347617", "frame": 56, "mu": [1.1943309127058515, 2.1888651417407177, -0.5486671782178065], "Sigma": [[0.008759230091871541, 0.00029435246648330826, -0.010413619269564536], [0.0002943524664833078, 0.019153268376193043, -0.06867745904812861], [-0.010413619269564533, -0.06867745904812861, 0.27494814252755445]], "chi2_level": 0.99, "chi2_df": 3, "chi2_threshold": 11.344866730144373, "N_raw": 22, "N_roi": 22, "N_inlier": 21, "refit": true}
{"timestamp": "20:17:23.402485", "frame": 57, "mu": [1.1946585626535389, 1.8773305896661863, 1.021436539778826], "Sigma": [[0.005832543126195721, -0.005584469524463526, -0.021270666964006715], [-0.005584469524463526, 0.00713575003535264, 0.025389426317635928], [-0.021270666964006715, 0.02538942631763593, 0.22698509488568927]], "chi2_level": 0.99, "chi2_df": 3, "chi2_threshold": 11.344866730144373, "N_raw": 23, "N_roi": 23, "N_inlier": 22, "refit": true}
{"timestamp": "20:17:23.462350", "frame": 58, "mu": [1.162673407694961, 1.865522331856987, 1.1507946919441634], "Sigma": [[0.006714629727387861, -0.0037274211561560736, -0.003647155637008349], [-0.003727421156156073, 0.008743998847647757, 0.0021870514375939465], [-0.0036471556370083493, 0.0021870514375939465, 0.0025019342778359425]], "chi2_level": 0.99, "chi2_df": 3, "chi2_threshold": 11.344866730144373, "N_raw": 47, "N_roi": 47, "N_inlier": 45, "refit": true}
{"timestamp": "20:17:23.571955", "frame": 60, "mu": [1.0331796852740485, 1.9556333931494592, 1.311955760512484], "Sigma": [[0.008828225969344962, -0.003589429567093328, -0.0035461024168656225], [-0.0035894295670933283, 0.009311351579065404, 0.004085354173448561], [-0.0035461024168656225, 0.004085354173448561, 0.0035809039619260205]], "chi2_level": 0.99, "chi2_df": 3, "chi2_threshold": 11.344866730144373, "N_raw": 52, "N_roi": 52, "N_inlier": 52, "refit": true}
{"timestamp": "20:17:23.630923", "frame": 61, "mu": [1.0049100387676781, 1.9594529838552042, 1.23314764168772], "Sigma": [[0.009245738521312085, -0.003566049280442056, -0.005231725493529345], [-0.003566049280442056, 0.009899214741122573, 0.0014304424898193072], [-0.005231725493529345, 0.0014304424898193074, 0.007098411781982915]], "chi2_level": 0.99, "chi2_df": 3, "chi2_threshold": 11.344866730144373, "N_raw": 69, "N_roi": 69, "N_inlier": 67, "refit": true}
{"timestamp": "20:17:23.686092", "frame": 62, "mu": [0.9531736896679714, 1.9636086986797634, 1.0604578280461188], "Sigma": [[0.00839709811246775, -0.0036024592011208974, -0.0026436555813218023], [-0.0036024592011208974, 0.009541917541295849, 0.021926828677115262], [-0.0026436555813218036, 0.021926828677115266, 0.22830249087718926]], "chi2_level": 0.99, "chi2_df": 3, "chi2_threshold": 11.344866730144373, "N_raw": 74, "N_roi": 74, "N_inlier": 72, "refit": true}
{"timestamp": "20:17:23.739037", "frame": 63, "mu": [0.8304803841751808, 1.9458075210971293, 0.8446361710139403], "Sigma": [[0.01087938587852188, 0.0020774096197583806, 0.04471406219011462], [0.0020774096197583806, 0.010396732784105049, 0.05505897384131223], [0.04471406219011462, 0.05505897384131223, 0.5347225763018085]], "chi2_level": 0.99, "chi2_df": 3, "chi2_threshold": 11.344866730144373, "N_raw": 58, "N_roi": 58, "N_inlier": 56, "refit": true}
{"timestamp": "20:17:23.794029", "frame": 64, "mu": [0.7823869219112148, 2.1693938499450414, -0.4416308615075281], "Sigma": [[0.01836037864613363, -0.007686532051875229, 0.05035989954894811], [-0.007686532051875229, 0.007469973687381495, -0.04492293802605572], [0.05035989954894811, -0.04492293802605572, 0.37780015575066833]], "chi2_level": 0.99, "chi2_df": 3, "chi2_threshold": 11.344866730144373, "N_raw": 62, "N_roi": 62, "N_inlier": 61, "refit": true}
{"timestamp": "20:17:23.849138", "frame": 65, "mu": [0.7773041185611951, 1.9671639131136867, 1.1378296572185942], "Sigma": [[0.007117225387094283, -0.0025010809186721845, 0.00045199885417309066], [-0.0025010809186721845, 0.0040747859960585464, -0.0022044717160567212], [0.00045199885417309023, -0.002204471716056721, 0.08703590264393887]], "chi2_level": 0.99, "chi2_df": 3, "chi2_threshold": 11.344866730144373, "N_raw": 64, "N_roi": 64, "N_inlier": 61, "refit": true}
{"timestamp": "20:17:23.909168", "frame": 66, "mu": [0.7303745454444578, 1.963140747523817, 1.1480351454097117], "Sigma": [[0.00783477633096956, -0.0019081668883996084, 0.001758671489127768], [-0.0019081668883996084, 0.004627343931591776, 0.004426280883431513], [0.001758671489127768, 0.004426280883431513, 0.060860422764934]], "chi2_level": 0.99, "chi2_df": 3, "chi2_threshold": 11.344866730144373, "N_raw": 74, "N_roi": 74, "N_inlier": 68, "refit": true}
{"timestamp": "20:17:23.967323", "frame": 67, "mu": [0.5958758228072174, 2.1524978621660766, -0.5690014940526766], "Sigma": [[0.02279699093843208, -0.013673454661061, 0.04300691953489403], [-0.013673454661061, 0.014880634558542416, -0.0452342399852573], [0.043006919534894036, -0.0452342399852573, 0.16838555726267493]], "chi2_level": 0.99, "chi2_df": 3, "chi2_threshold": 11.344866730144373, "N_raw": 105, "N_roi": 104, "N_inlier": 100, "refit": true}
{"timestamp": "20:17:24.017279", "frame": 68, "mu": [0.5813847863819857, 2.1165951117989836, -0.33362707928186697], "Sigma": [[0.007250030400681156, -0.0008727896173786043, 0.005845276203777882], [-0.0008727896173786043, 0.005128816605849302, -0.013458094174132526], [0.005845276203777881, -0.013458094174132525, 0.0639880209399555]], "chi2_level": 0.99, "chi2_df": 3, "chi2_threshold": 11.344866730144373, "N_raw": 81, "N_roi": 81, "N_inlier": 75, "refit": true}
{"timestamp": "20:17:24.069540", "frame": 69, "mu": [0.5407378432480467, 2.134779456462595, -0.5242850552287085], "Sigma": [[0.0072062513836764035, -0.0008684116899594545, -0.00041930570391651885], [-0.0008684116899594545, 0.00460818629520996, -0.005896979817190093], [-0.00041930570391651863, -0.005896979817190092, 0.010930917347783784]], "chi2_level": 0.99, "chi2_df": 3, "chi2_threshold": 11.344866730144373, "N_raw": 62, "N_roi": 62, "N_inlier": 61, "refit": true}
{"timestamp": "20:17:24.125482", "frame": 70, "mu": [0.46057508226034755, 1.963532466867005, 1.129322457982317], "Sigma": [[0.006687660787773297, -0.0014130129669933126, 0.0018440727711905402], [-0.0014130129669933128, 0.003217875800309079, 0.003979556897508686], [0.0018440727711905402, 0.003979556897508686, 0.05269525614288273]], "chi2_level": 0.99, "chi2_df": 3, "chi2_threshold": 11.344866730144373, "N_raw": 70, "N_roi": 68, "N_inlier": 65, "refit": true}
{"timestamp": "20:17:24.182000", "frame": 71, "mu": [0.4156287437833447, 2.108994837540026, -0.2738415592770727], "Sigma": [[0.0061737779616632136, -0.0009493661036071238, -0.0004248171953548975], [-0.0009493661036071238, 0.008741814860895298, -0.000769433476988213], [-0.0004248171953548975, -0.000769433476988213, 0.004352724410999075]], "chi2_level": 0.99, "chi2_df": 3, "chi2_threshold": 11.344866730144373, "N_raw": 73, "N_roi": 71, "N_inlier": 67, "refit": true}
{"timestamp": "20:17:24.236247", "frame": 72, "mu": [0.3223718433344112, 2.067233129262122, -0.3547934360676075], "Sigma": [[0.005143234797839653, -0.0002612676855946994, -5.45846457801275e-05], [-0.0002612676855946994, 0.003670320622539157, -0.003438526345878182], [-5.458464578012736e-05, -0.003438526345878182, 0.005629125635923954]], "chi2_level": 0.99, "chi2_df": 3, "chi2_threshold": 11.344866730144373, "N_raw": 48, "N_roi": 48, "N_inlier": 46, "refit": true}
{"timestamp": "20:17:24.287946", "frame": 73, "mu": [0.28501858644936884, 2.147208506595677, -0.20353150327110536], "Sigma": [[0.007060031682833932, 0.0008969319393195501, -0.005877727909230942], [0.00089693193931955, 0.004924005119099938, 0.001441828485234527], [-0.005877727909230943, 0.001441828485234527, 0.02244475928430959]], "chi2_level": 0.99, "chi2_df": 3, "chi2_threshold": 11.344866730144373, "N_raw": 56, "N_roi": 53, "N_inlier": 53, "refit": true}
{"timestamp": "20:17:24.343688", "frame": 74, "mu": [0.18803331858790112, 2.099488887749523, -0.5709032923162131], "Sigma": [[0.005666484187282787, -0.0010627573707234386, -0.0012978589273046764], [-0.0010627573707234386, 0.00627187207275816, 0.0038259915971488962], [-0.0012978589273046764, 0.003825991597148897, 0.0169239091373711]], "chi2_level": 0.99, "chi2_df": 3, "chi2_threshold": 11.344866730144373, "N_raw": 52, "N_roi": 52, "N_inlier": 49, "refit": true}
{"timestamp": "20:17:24.401371", "frame": 75, "mu": [0.12993376052159422, 2.039669057561085, 1.2296703138298606], "Sigma": [[0.01037460295122815, -0.0019183179000531944, 0.018390150364057355], [-0.0019183179000531944, 0.008586473349892257, -0.007044923320007822], [0.018390150364057355, -0.007044923320007822, 0.1188800054903843]], "chi2_level": 0.99, "chi2_df": 3, "chi2_threshold": 11.344866730144373, "N_raw": 71, "N_roi": 71, "N_inlier": 69, "refit": true}
{"timestamp": "20:17:24.456285", "frame": 76, "mu": [0.08618976366461134, 2.047683383363666, 1.370108729137047], "Sigma": [[0.007557923286258855, 0.000638581596263721, -0.002399497820189949], [0.0006385815962637212, 0.0123060950335244, 0.006583202195163338], [-0.0023994978201899485, 0.006583202195163338, 0.006991778907534851]], "chi2_level": 0.99, "chi2_df": 3, "chi2_threshold": 11.344866730144373, "N_raw": 75, "N_roi": 75, "N_inlier": 71, "refit": true}
{"timestamp": "20:17:24.515092", "frame": 77, "mu": [0.006439261889772141, 2.021363834417159, 1.1926420458577163], "Sigma": [[0.008085407552739865, 0.00011089840169720833, 0.0021585505733395702], [0.00011089840169720822, 0.005391353119613053, -0.0021212996937488285], [0.0021585505733395707, -0.0021212996937488285, 0.07460766330221189]], "chi2_level": 0.99, "chi2_df": 3, "chi2_threshold": 11.344866730144373, "N_raw": 93, "N_roi": 93, "N_inlier": 88, "refit": true}
{"timestamp": "20:17:24.564544", "frame": 78, "mu": [-0.06608764338382318, 2.1556036177953066, -0.19587839823368003], "Sigma": [[0.007412828650818515, -0.0009641102078024213, 0.0010719355397986838], [-0.0009641102078024211, 0.0063204155220461565, -0.013885948754196678], [0.0010719355397986834, -0.01388594875419668, 0.11138361695289203]], "chi2_level": 0.99, "chi2_df": 3, "chi2_threshold": 11.344866730144373, "N_raw": 52, "N_roi": 51, "N_inlier": 48, "refit": true}
{"timestamp": "20:17:24.620833", "frame": 79, "mu": [-0.11932833869208562, 2.1121774872429007, 1.3794028988622313], "Sigma": [[0.008887722944537492, -0.0029229623896280736, -0.006484607409479573], [-0.0029229623896280736, 0.010056165513652763, 0.0038417480735410073], [-0.006484607409479573, 0.0038417480735410073, 0.006786718179227859]], "chi2_level": 0.99, "chi2_df": 3, "chi2_threshold": 11.344866730144373, "N_raw": 78, "N_roi": 78, "N_inlier": 74, "refit": true}
{"timestamp": "20:17:24.677239", "frame": 80, "mu": [-0.14926916014255465, 2.1852519163719704, -0.14742577461214681], "Sigma": [[0.0083306909274549, -0.0016651175095106455, -0.004325930899829958], [-0.0016651175095106457, 0.006908650853144587, 0.0019698407186870028], [-0.004325930899829958, 0.0019698407186870028, 0.038370001733474796]], "chi2_level": 0.99, "chi2_df": 3, "chi2_threshold": 11.344866730144373, "N_raw": 74, "N_roi": 74, "N_inlier": 69, "refit": true}
{"timestamp": "20:17:24.732063", "frame": 81, "mu": [-0.17787710275798577, 2.1088573838700846, 1.3777123243221383], "Sigma": [[0.008416423122267395, -0.00017170639677292039, -0.002876454943128619], [-0.00017170639677292039, 0.011643422717673489, 0.005979285033725497], [-0.002876454943128619, 0.005979285033725497, 0.007142912012126603]], "chi2_level": 0.99, "chi2_df": 3, "chi2_threshold": 11.344866730144373, "N_raw": 75, "N_roi": 75, "N_inlier": 70, "refit": true}
{"timestamp": "20:17:24.787141", "frame": 82, "mu": [-0.2844928342884389, 2.316956745404083, -0.37617529596561705], "Sigma": [[0.007725511058120505, 0.001579081482415874, -0.011582436659889946], [0.001579081482415874, 0.011320829820271163, -0.0597180276215387], [-0.011582436659889945, -0.0597180276215387, 0.48115451906054524]], "chi2_level": 0.99, "chi2_df": 3, "chi2_threshold": 11.344866730144373, "N_raw": 72, "N_roi": 72, "N_inlier": 70, "refit": true}
{"timestamp": "20:17:24.842506", "frame": 83, "mu": [-0.2696110536834358, 2.0435445190185817, 0.7511813996970019], "Sigma": [[0.010175308652576832, -0.002048734353616249, -0.023847683891166968], [-0.0020487343536162487, 0.006043441136386512, 0.026601153838385926], [-0.023847683891166968, 0.026601153838385926, 0.4576185239310632]], "chi2_level": 0.99, "chi2_df": 3, "chi2_threshold": 11.344866730144373, "N_raw": 83, "N_roi": 83, "N_inlier": 83, "refit": true}
{"timestamp": "20:17:24.895509", "frame": 84, "mu": [-0.3655598309255788, 2.202430576699726, -0.09296283667909587], "Sigma": [[0.00762916572258772, -0.0007846779588907165, -0.007623350954382957], [-0.0007846779588907166, 0.009076009316329453, -0.003200884511863391], [-0.007623350954382958, -0.0032008845118633895, 0.07332585562570001]], "chi2_level": 0.99, "chi2_df": 3, "chi2_threshold": 11.344866730144373, "N_raw": 59, "N_roi": 59, "N_inlier": 56, "refit": true}
{"timestamp": "20:17:24.951067", "frame": 85, "mu": [-0.46088075619875124, 2.0265595606800217, 0.8716006799715919], "Sigma": [[0.014098638119718163, 0.0028337156761220157, 0.04900464747261375], [0.0028337156761220157, 0.005573219811300504, 0.022848740913224613], [0.04900464747261376, 0.022848740913224613, 0.35481334453383645]], "chi2_level": 0.99, "chi2_df": 3, "chi2_threshold": 11.344866730144373, "N_raw": 73, "N_roi": 73, "N_inlier": 72, "refit": true}
{"timestamp": "20:17:25.003069", "frame": 86, "mu": [-0.44477673829093245, 2.1848120449634862, -0.13731007825922523], "Sigma": [[0.0070918156023579235, -0.0010040259442347984, -0.006715315951460943], [-0.0010040259442347982, 0.005072132761429169, 0.0036270151920243473], [-0.006715315951460943, 0.0036270151920243477, 0.00897102849102671]], "chi2_level": 0.99, "chi2_df": 3, "chi2_threshold": 11.344866730144373, "N_raw": 53, "N_roi": 53, "N_inlier": 50, "refit": true}
{"timestamp": "20:17:25.059939", "frame": 87, "mu": [-0.4849706800257473, 2.082463126744264, 1.2589609703390547], "Sigma": [[0.008367740536323047, 0.000745133839591849, -0.005455387162011527], [0.000745133839591849, 0.009118841583636447, 0.0005886569969105701], [-0.005455387162011527, 0.0005886569969105701, 0.0041932531615638865]], "chi2_level": 0.99, "chi2_df": 3, "chi2_threshold": 11.344866730144373, "N_raw": 72, "N_roi": 72, "N_inlier": 69, "refit": true}
{"timestamp": "20:17:25.119307", "frame": 88, "mu": [-0.5858130333053493, 2.0873865214519345, 1.3093968139113317], "Sigma": [[0.010166738629705569, -0.0037846538475888136, -0.008766494823968393], [-0.0037846538475888136, 0.008892155341683822, 0.003539074096734318], [-0.008766494823968395, 0.003539074096734318, 0.008502270002909132]], "chi2_level": 0.99, "chi2_df": 3, "chi2_threshold": 11.344866730144373, "N_raw": 75, "N_roi": 75, "N_inlier": 71, "refit": true}
{"timestamp": "20:17:25.164073", "frame": 89, "mu": [-0.5914554670591491, 1.9743755231264297, 0.9568914924646496], "Sigma": [[0.005621407127163767, -0.0017471595956891667, 0.011343733709809675], [-0.0017471595956891667, 0.003119361338448019, -0.008439423374966466], [0.011343733709809675, -0.008439423374966466, 0.12690357805159622]], "chi2_level": 0.99, "chi2_df": 3, "chi2_threshold": 11.344866730144373, "N_raw": 29, "N_roi": 29, "N_inlier": 28, "refit": true}
{"timestamp": "20:17:25.217695", "frame": 90, "mu": [-0.7838124034954445, 2.1880843167877897, 1.1512701460743848], "Sigma": [[0.008714699867427367, -0.003085453681891189, -0.012168409285901698], [-0.003085453681891188, 0.0040030871159088535, 0.019632013014688893], [-0.0121684092859017, 0.019632013014688893, 0.2570430204186862]], "chi2_level": 0.99, "chi2_df": 3, "chi2_threshold": 11.344866730144373, "N_raw": 22, "N_roi": 22, "N_inlier": 21, "refit": true}
{"timestamp": "20:17:25.279858", "frame": 91, "mu": [-0.733689705899248, 2.124985083195682, 1.092994268936142], "Sigma": [[0.008547540830004665, -0.00036026803972349415, -0.02028878499424186], [-0.000360268039723494, 0.0069348619779382665, -0.019134287137486237], [-0.020288784994241856, -0.019134287137486237, 0.23395899568144882]], "chi2_level": 0.99, "chi2_df": 3, "chi2_threshold": 11.344866730144373, "N_raw": 71, "N_roi": 71, "N_inlier": 70, "refit": true}
{"timestamp": "20:17:25.338071", "frame": 92, "mu": [-0.7695311169957586, 2.138580417021027, 0.6806956204167433], "Sigma": [[0.010586765496013473, 0.0007384996823949015, -0.019106612285893734], [0.0007384996823949018, 0.00633213089010268, -0.02751193961914326], [-0.019106612285893734, -0.02751193961914326, 0.21899433505813234]], "chi2_level": 0.99, "chi2_df": 3, "chi2_threshold": 11.344866730144373, "N_raw": 89, "N_roi": 89, "N_inlier": 86, "refit": true}
{"timestamp": "20:17:25.387701", "frame": 93, "mu": [-0.887526329763303, 2.0605660615833474, 1.210788861813208], "Sigma": [[0.00782363443844006, -0.002485531352208024, -0.00905184758595312], [-0.0024855313522080245, 0.006613426099112587, -0.0026837303614837206], [-0.00905184758595312, -0.0026837303614837206, 0.0545593849331655]], "chi2_level": 0.99, "chi2_df": 3, "chi2_threshold": 11.344866730144373, "N_raw": 49, "N_roi": 49, "N_inlier": 45, "refit": true}
{"timestamp": "20:17:25.449865", "frame": 94, "mu": [-0.9597644896752856, 2.182817999788225, -0.11814262399468563], "Sigma": [[0.01059702110791525, -0.00047115853614754265, 0.03158175478809984], [-0.00047115853614754244, 0.017181342103238142, -0.006060441959371993], [0.03158175478809983, -0.006060441959371991, 0.22781587367628806]], "chi2_level": 0.99, "chi2_df": 3, "chi2_threshold": 11.344866730144373, "N_raw": 101, "N_roi": 101, "N_inlier": 100, "refit": true}
{"timestamp": "20:17:25.498576", "frame": 95, "mu": [-1.0633674688903807, 2.111350478014137, 1.4702178358018099], "Sigma": [[0.007931049895552716, 2.2758961356794194e-05, -0.006534305667307658], [2.2758961356793977e-05, 0.005104148534919893, -0.0015584485244829905], [-0.006534305667307658, -0.0015584485244829905, 0.012723828573817535]], "chi2_level": 0.99, "chi2_df": 3, "chi2_threshold": 11.344866730144373, "N_raw": 54, "N_roi": 54, "N_inlier": 51, "refit": true}
{"timestamp": "20:17:25.555010", "frame": 96, "mu": [-1.0990330547183003, 2.1010679739658333, 1.4446695533737888], "Sigma": [[0.006800955798098951, -2.704693242299546e-05, -0.004991107093130111], [-2.704693242299546e-05, 0.005907537015777317, -0.00032871245992666917], [-0.004991107093130111, -0.0003287124599266693, 0.009041524552566413]], "chi2_level": 0.99, "chi2_df": 3, "chi2_threshold": 11.344866730144373, "N_raw": 47, "N_roi": 47, "N_inlier": 46, "refit": true}
{"timestamp": "20:17:25.605946", "frame": 97, "mu": [-1.162198038393441, 2.1280118786181266, 1.1193502141469756], "Sigma": [[0.00771844178838965, 0.0025501145959570407, -0.0018996500817555343], [0.0025501145959570407, 0.0014820875665961374, -0.001861509859676489], [-0.0018996500817555339, -0.001861509859676489, 0.02322308221594291]], "chi2_level": 0.99, "chi2_df": 3, "chi2_threshold": 11.344866730144373, "N_raw": 40, "N_roi": 40, "N_inlier": 36, "refit": true}
{"timestamp": "20:17:25.665532", "frame": 98, "mu": [-1.2125136242191257, 2.1117640883496542, 1.3079006593780342], "Sigma": [[0.012009167592879805, -0.00034474724600778886, -0.006877444463517053], [-0.00034474724600778886, 0.005686556487685801, -0.003476831878755986], [-0.006877444463517053, -0.003476831878755986, 0.007937743533598635]], "chi2_level": 0.99, "chi2_df": 3, "chi2_threshold": 11.344866730144373, "N_raw": 67, "N_roi": 67, "N_inlier": 64, "refit": true}
{"timestamp": "20:17:25.718166", "frame": 99, "mu": [-1.266417986782138, 2.0429933263232325, 1.2594408742928183], "Sigma": [[0.006599042893927096, 0.0010383107504537059, -0.007338893636358702], [0.0010383107504537052, 0.006692667457690341, -0.006867800117255388], [-0.007338893636358702, -0.006867800117255388, 0.027377305132191124]], "chi2_level": 0.99, "chi2_df": 3, "chi2_threshold": 11.344866730144373, "N_raw": 58, "N_roi": 58, "N_inlier": 56, "refit": true}
{"timestamp": "20:17:25.849768", "frame": 100, "mu": [-1.338824602178114, 2.0547935752601707, 1.3288805992298374], "Sigma": [[0.010259997535783055, -0.002106445302613046, -0.00800803985858671], [-0.002106445302613046, 0.008893970425235076, -0.0006398099742369039], [-0.00800803985858671, -0.0006398099742369041, 0.020050143221799578]], "chi2_level": 0.99, "chi2_df": 3, "chi2_threshold": 11.344866730144373, "N_raw": 74, "N_roi": 74, "N_inlier": 71, "refit": true}
{"timestamp": "20:17:25.865246", "frame": 101, "mu": [-1.3866198348425536, 2.088688646369758, 1.223942868019074], "Sigma": [[0.010697906219356972, -0.0004985815590242615, -0.02216545589408219], [-0.0004985815590242612, 0.011834150825161888, -5.8884953357530385e-05], [-0.02216545589408219, -5.888495335753055e-05, 0.1318535289756806]], "chi2_level": 0.99, "chi2_df": 3, "chi2_threshold": 11.344866730144373, "N_raw": 82, "N_roi": 82, "N_inlier": 80, "refit": true}
{"timestamp": "20:17:25.902552", "frame": 102, "mu": [-1.4692250566536145, 2.0573250263513447, 1.1133958125384065], "Sigma": [[0.007948253855882556, -6.252448760782554e-05, 0.0030485666022362205], [-6.252448760782543e-05, 0.012297097939722184, -0.0008207055878202887], [0.003048566602236221, -0.0008207055878202887, 0.29219915043914485]], "chi2_level": 0.99, "chi2_df": 3, "chi2_threshold": 11.344866730144373, "N_raw": 82, "N_roi": 82, "N_inlier": 82, "refit": true}
{"timestamp": "20:17:25.934528", "frame": 103, "mu": [-1.4623742342211175, 2.1528694703194833, 0.958149237459844], "Sigma": [[0.004732284334774759, 0.0050307778345063895, -0.016034512603694637], [0.0050307778345063895, 0.017104504816507778, -0.030884390068457383], [-0.016034512603694637, -0.030884390068457383, 0.14183603418794127]], "chi2_level": 0.99, "chi2_df": 3, "chi2_threshold": 11.344866730144373, "N_raw": 11, "N_roi": 11, "N_inlier": 11, "refit": true}
{"timestamp": "20:17:26.042818", "frame": 105, "mu": [-1.6609515394425793, 2.052656240451622, 0.9037711195840947], "Sigma": [[0.003194850457023378, -0.0019347276135722846, 0.013480651185253387], [-0.0019347276135722848, 0.006425015899175349, -0.023534747937363605], [0.013480651185253389, -0.023534747937363605, 0.3841193150764762]], "chi2_level": 0.99, "chi2_df": 3, "chi2_threshold": 11.344866730144373, "N_raw": 15, "N_roi": 15, "N_inlier": 14, "refit": true}
{"timestamp": "20:17:26.103914", "frame": 106, "mu": [-1.7134518706493633, 2.055826554698931, 0.9996393673002036], "Sigma": [[0.007528641979586823, 0.0029834453641298005, 0.00427739865465257], [0.0029834453641298005, 0.002692120958147105, -0.005298038464848201], [0.00427739865465257, -0.005298038464848201, 0.09501367246904405]], "chi2_level": 0.99, "chi2_df": 3, "chi2_threshold": 11.344866730144373, "N_raw": 36, "N_roi": 36, "N_inlier": 34, "refit": true}
{"timestamp": "20:17:26.207192", "frame": 108, "mu": [-1.7897349863658745, 2.0251682716889157, 1.0686113249228093], "Sigma": [[0.006529024452532632, 0.0027584484867058945, -0.0023199491432159686], [0.0027584484867058945, 0.0036285166633039222, -0.005096179822673089], [-0.0023199491432159686, -0.005096179822673089, 0.010907706774033599]], "chi2_level": 0.99, "chi2_df": 3, "chi2_threshold": 11.344866730144373, "N_raw": 24, "N_roi": 24, "N_inlier": 24, "refit": true}
{"timestamp": "20:17:26.316946", "frame": 110, "mu": [-2.1066346828888314, 1.8558808844015835, 1.585583268904199], "Sigma": [[0.015840613790236404, 0.010143954363724781, -0.015537460058698731], [0.010143954363724781, 0.014665024194274784, -0.0043440504628865706], [-0.015537460058698731, -0.0043440504628865706, 0.02001828799573968]], "chi2_level": 0.99, "chi2_df": 3, "chi2_threshold": 11.344866730144373, "N_raw": 24, "N_roi": 24, "N_inlier": 24, "refit": true}
{"timestamp": "20:17:26.374106", "frame": 111, "mu": [-2.2005638800261287, 1.770871240849747, 1.644229005785047], "Sigma": [[0.0211073735050089, 0.013943788429635772, -0.02092341501565509], [0.013943788429635774, 0.018579141936261513, -0.010620092384441723], [-0.020923415015655086, -0.010620092384441723, 0.024173801723223025]], "chi2_level": 0.99, "chi2_df": 3, "chi2_threshold": 11.344866730144373, "N_raw": 32, "N_roi": 32, "N_inlier": 32, "refit": true}
{"timestamp": "20:17:26.428385", "frame": 112, "mu": [-2.100843549484313, 1.849386851315146, 1.2085590599186484], "Sigma": [[0.021159203476450672, 0.024365426554781754, -0.04711912939699466], [0.024365426554781754, 0.036953933042316464, -0.06510580623972816], [-0.04711912939699467, -0.06510580623972816, 0.15912174256513453]], "chi2_level": 0.99, "chi2_df": 3, "chi2_threshold": 11.344866730144373, "N_raw": 17, "N_roi": 17, "N_inlier": 17, "refit": true}
{"timestamp": "20:17:26.482236", "frame": 113, "mu": [-2.2615243085803804, 1.9184486178740507, -0.10412647596413413], "Sigma": [[0.020270317251917774, 0.01755978067401547, -0.012601985186383925], [0.01755978067401547, 0.020630201140524995, -0.020281895043893494], [-0.012601985186383925, -0.0202818950438935, 0.03288008376368718]], "chi2_level": 0.99, "chi2_df": 3, "chi2_threshold": 11.344866730144373, "N_raw": 19, "N_roi": 19, "N_inlier": 19, "refit": true}
{"timestamp": "20:17:26.536490", "frame": 114, "mu": [-2.2298385100325224, 1.9082733865737642, 1.2039016945473715], "Sigma": [[0.01737357022750211, 0.01816779068811259, -0.029006022726441334], [0.018167790688112587, 0.02272411740172903, -0.04447500964670012], [-0.029006022726441334, -0.04447500964670012, 0.1104276114694179]], "chi2_level": 0.99, "chi2_df": 3, "chi2_threshold": 11.344866730144373, "N_raw": 13, "N_roi": 13, "N_inlier": 13, "refit": true}
{"timestamp": "20:17:26.594534", "frame": 115, "mu": [-2.3233073713181995, 1.7832524141634716, 1.3527647589367284], "Sigma": [[0.009896952946714412, 0.010322660788842196, -0.013963972846505112], [0.010322660788842196, 0.017918111212328454, -0.029349188951933423], [-0.013963972846505114, -0.029349188951933426, 0.0598243476283561]], "chi2_level": 0.99, "chi2_df": 3, "chi2_threshold": 11.344866730144373, "N_raw": 37, "N_roi": 32, "N_inlier": 30, "refit": true}
{"timestamp": "20:17:26.647869", "frame": 116, "mu": [-2.363281876631202, 1.8809108033244815, 1.3139810569023043], "Sigma": [[0.009261883940892694, 0.010938803286411383, -0.033438349288809885], [0.010938803286411383, 0.014686310744621246, -0.047285771084993364], [-0.033438349288809885, -0.047285771084993364, 0.1879340390340646]], "chi2_level": 0.99, "chi2_df": 3, "chi2_threshold": 11.344866730144373, "N_raw": 20, "N_roi": 13, "N_inlier": 12, "refit": true}
{"timestamp": "20:17:26.704050", "frame": 117, "mu": [-2.3858386236435902, 1.9362447872438207, -0.27251529211704645], "Sigma": [[0.005480683492030265, 0.005535859992940324, -0.0007992157614885932], [0.005535859992940324, 0.018537794015924973, -0.015088479471719004], [-0.0007992157614885929, -0.015088479471719003, 0.02871782872432627]], "chi2_level": 0.99, "chi2_df": 3, "chi2_threshold": 11.344866730144373, "N_raw": 38, "N_roi": 27, "N_inlier": 25, "refit": true}
{"timestamp": "20:17:26.868866", "frame": 120, "mu": [-2.401808666842466, 1.8310326423127765, 1.1326855807407676], "Sigma": [[0.005993261865412513, 0.0031018849184200137, -0.004061471253397963], [0.0031018849184200137, 0.003889358128363136, -0.006022909943033069], [-0.004061471253397962, -0.006022909943033068, 0.01615600242657366]], "chi2_level": 0.99, "chi2_df": 3, "chi2_threshold": 11.344866730144373, "N_raw": 22, "N_roi": 11, "N_inlier": 11, "refit": true}
{"timestamp": "20:17:26.924837", "frame": 121, "mu": [-2.398343460549671, 1.7182426432584823, 1.2210341146181867], "Sigma": [[0.003331114099359966, 0.002576031409696078, -0.00220832002942888], [0.002576031409696078, 0.007949480226574544, -0.005801907840345115], [-0.00220832002942888, -0.005801907840345115, 0.00503072381454849]], "chi2_level": 0.99, "chi2_df": 3, "chi2_threshold": 11.344866730144373, "N_raw": 36, "N_roi": 18, "N_inlier": 17, "refit": true}
{"timestamp": "20:17:26.981736", "frame": 122, "mu": [-2.4307335761278117, 1.7307070725318539, 1.1919969836772408], "Sigma": [[0.0015464608394543322, 0.0008810630765884986, -0.00029111570264438614], [0.0008810630765884987, 0.008763546086869448, -0.007862982228141658], [-0.00029111570264438624, -0.007862982228141658, 0.010277200286797048]], "chi2_level": 0.99, "chi2_df": 3, "chi2_threshold": 11.344866730144373, "N_raw": 49, "N_roi": 19, "N_inlier": 19, "refit": true}
{"timestamp": "20:17:27.037736", "frame": 123, "mu": [-2.4370672003977565, 1.73143734900187, 1.0737692499922762], "Sigma": [[0.0017626756559584948, 0.0011364240952071597, 0.0012487499726791863], [0.0011364240952071597, 0.004122212886187387, -0.006338034109937507], [0.0012487499726791863, -0.006338034109937506, 0.0364540146187248]], "chi2_level": 0.99, "chi2_df": 3, "chi2_threshold": 11.344866730144373, "N_raw": 56, "N_roi": 17, "N_inlier": 17, "refit": true}
