{"timestamp": "16:09:08.472157", "frame": 21, "mu": [-2.1538802543344726, 4.970093818291581, 1.2659786895581515], "Sigma": [[0.011405236480948088, -0.0005328845999989548, -0.0012096283802926788], [-0.000532884599998955, 0.000252203214830234, -0.0003060314046150151], [-0.0012096283802926788, -0.0003060314046150151, 0.0009373314194031321]], "chi2_level": 0.997, "chi2_df": 3, "chi2_threshold": 13.931422665512084, "N_raw": 22, "N_roi": 5, "N_inlier": 5, "refit": true}
{"timestamp": "16:09:08.580699", "frame": 23, "mu": [-2.0286863432941318, 4.96609126345837, 0.7939616460266199], "Sigma": [[0.012092593703519816, -0.0007387621998034176, 0.013018985701754835], [-0.0007387621998034176, 0.0003745087759002534, -0.0013457972458619926], [0.013018985701754837, -0.0013457972458619926, 0.019853207912759043]], "chi2_level": 0.997, "chi2_df": 3, "chi2_threshold": 13.931422665512084, "N_raw": 12, "N_roi": 5, "N_inlier": 5, "refit": true}
{"timestamp": "16:09:08.634691", "frame": 24, "mu": [-2.0324065137582865, 4.940385763628411, 0.7740497117289231], "Sigma": [[0.009015217507601191, 0.0015243508651008506, -0.010451792259806823], [0.0015243508651008506, 0.0008163698862353137, -0.004202481333798129], [-0.010451792259806825, -0.004202481333798129, 0.03642219642215758]], "chi2_level": 0.997, "chi2_df": 3, "chi2_threshold": 13.931422665512084, "N_raw": 9, "N_roi": 8, "N_inlier": 8, "refit": true}
{"timestamp": "16:09:08.693539", "frame": 25, "mu": [-1.9176130486217549, 4.8868251197284325, 0.7082180172242154], "Sigma": [[0.024492539850990203, 0.005120570325628253, -0.021761849485938817], [0.005120570325628253, 0.001677449885803348, -0.006616123646281324], [-0.021761849485938817, -0.006616123646281324, 0.038405609282349124]], "chi2_level": 0.997, "chi2_df": 3, "chi2_threshold": 13.931422665512084, "N_raw": 24, "N_roi": 24, "N_inlier": 23, "refit": true}
{"timestamp": "16:09:08.751900", "frame": 26, "mu": [-1.8090452613809407, 4.874544132292546, 0.6701274856460432], "Sigma": [[0.03524840657620739, 0.00560055761248484, -0.012294254797622996], [0.00560055761248484, 0.0026873850256321696, -0.005050627746726103], [-0.012294254797622996, -0.005050627746726103, 0.013648160653000391]], "chi2_level": 0.997, "chi2_df": 3, "chi2_threshold": 13.931422665512084, "N_raw": 30, "N_roi": 30, "N_inlier": 29, "refit": true}
{"timestamp": "16:09:08.804364", "frame": 27, "mu": [-1.9785235141651347, 4.83371810861423, 0.7593927509618812], "Sigma": [[0.03351590709814671, -0.0006591378687540405, 0.0020913903394060513], [-0.0006591378687540407, 0.00226094905288152, -0.0046493411167010164], [0.0020913903394060513, -0.0046493411167010164, 0.016088792314136752]], "chi2_level": 0.997, "chi2_df": 3, "chi2_threshold": 13.931422665512084, "N_raw": 18, "N_roi": 18, "N_inlier": 18, "refit": true}
{"timestamp": "16:09:08.864026", "frame": 28, "mu": [-1.9206071067925392, 4.767776853274871, 0.8025085302772922], "Sigma": [[0.040594731053427695, 0.007982217974531598, -0.02752742781039185], [0.007982217974531596, 0.0043782638168970356, -0.011345611705641545], [-0.02752742781039185, -0.011345611705641545, 0.03705327451505987]], "chi2_level": 0.997, "chi2_df": 3, "chi2_threshold": 13.931422665512084, "N_raw": 53, "N_roi": 51, "N_inlier": 51, "refit": true}
{"timestamp": "16:09:08.916425", "frame": 29, "mu": [-1.8906330611467226, 4.754162725781863, 0.8697866681425344], "Sigma": [[0.030530884318324583, 0.003383211144186038, -0.008633520073061632], [0.003383211144186038, 0.0025783470671143795, -0.006619091240462704], [-0.008633520073061632, -0.006619091240462704, 0.022539988803541685]], "chi2_level": 0.997, "chi2_df": 3, "chi2_threshold": 13.931422665512084, "N_raw": 30, "N_roi": 30, "N_inlier": 29, "refit": true}
{"timestamp": "16:09:08.971645", "frame": 30, "mu": [-1.9049638364522652, 4.693515206528943, 0.8734748741779289], "Sigma": [[0.02855771564282835, 0.007945800966107813, -0.011857320050141456], [0.007945800966107813, 0.00307414469730803, -0.006903144713873465], [-0.011857320050141456, -0.006903144713873465, 0.03811902863789825]], "chi2_level": 0.997, "chi2_df": 3, "chi2_threshold": 13.931422665512084, "N_raw": 35, "N_roi": 35, "N_inlier": 34, "refit": true}
{"timestamp": "16:09:09.030186", "frame": 31, "mu": [-1.9319080586942816, 4.6896096884062555, 0.7023008471021065], "Sigma": [[0.04768529785800173, 0.005444306570427432, -0.01313146920193023], [0.005444306570427432, 0.0037677750225474788, -0.007122363771998277], [-0.01313146920193023, -0.007122363771998277, 0.02173508573780063]], "chi2_level": 0.997, "chi2_df": 3, "chi2_threshold": 13.931422665512084, "N_raw": 63, "N_roi": 61, "N_inlier": 61, "refit": true}
{"timestamp": "16:09:09.082137", "frame": 32, "mu": [-1.8214023001679602, 4.645022106651675, 0.601795725264799], "Sigma": [[0.03125492067823821, 0.004273242427301382, -0.011037114864118142], [0.004273242427301383, 0.002448297115704145, -0.00389379401284563], [-0.011037114864118142, -0.00389379401284563, 0.014467773494305178]], "chi2_level": 0.997, "chi2_df": 3, "chi2_threshold": 13.931422665512084, "N_raw": 36, "N_roi": 36, "N_inlier": 35, "refit": true}
{"timestamp": "16:09:09.138432", "frame": 33, "mu": [-2.0599301831772405, 4.606776456651764, 0.7137646097946857], "Sigma": [[0.04539687519449939, 0.002685385304799051, -0.01637879389906666], [0.002685385304799051, 0.003545401790629588, -0.0030909002497997657], [-0.016378793899066664, -0.0030909002497997657, 0.018656352127349903]], "chi2_level": 0.997, "chi2_df": 3, "chi2_threshold": 13.931422665512084, "N_raw": 48, "N_roi": 48, "N_inlier": 47, "refit": true}
{"timestamp": "16:09:09.189341", "frame": 34, "mu": [-2.033906540484971, 4.561573198910149, 0.8060949024833235], "Sigma": [[0.06303895125128654, -0.0019025209969410972, -0.016636374462826134], [-0.0019025209969410974, 0.0023158033754947767, -0.0017674387100836853], [-0.016636374462826134, -0.0017674387100836853, 0.009427261257778506]], "chi2_level": 0.997, "chi2_df": 3, "chi2_threshold": 13.931422665512084, "N_raw": 23, "N_roi": 22, "N_inlier": 21, "refit": true}
{"timestamp": "16:09:09.245527", "frame": 35, "mu": [-1.97907248601978, 4.496133463451995, 0.47994487199971475], "Sigma": [[0.028667743238542223, 0.004675517822738485, -0.018520263092581625], [0.004675517822738484, 0.004097513842122287, -0.0019534690710032144], [-0.018520263092581625, -0.0019534690710032144, 0.01479428751377698]], "chi2_level": 0.997, "chi2_df": 3, "chi2_threshold": 13.931422665512084, "N_raw": 27, "N_roi": 27, "N_inlier": 26, "refit": true}
{"timestamp": "16:09:09.306041", "frame": 36, "mu": [-1.9499465256006687, 4.655701185643368, -0.24433559485230094], "Sigma": [[0.038994188248949554, 0.006105065168514312, -0.017651610380454662], [0.006105065168514312, 0.006880802399264704, -0.014248171222517658], [-0.017651610380454662, -0.014248171222517658, 0.04295101272846076]], "chi2_level": 0.997, "chi2_df": 3, "chi2_threshold": 13.931422665512084, "N_raw": 63, "N_roi": 62, "N_inlier": 60, "refit": true}
{"timestamp": "16:09:09.355520", "frame": 37, "mu": [-1.8649900731846385, 4.359229227048137, 0.657282806543747], "Sigma": [[0.014734344969644713, 0.0032420948966174366, -0.010717538684494484], [0.003242094896617436, 0.001047820072998829, -0.0016533374981709179], [-0.010717538684494484, -0.0016533374981709179, 0.0554061346145371]], "chi2_level": 0.997, "chi2_df": 3, "chi2_threshold": 13.931422665512084, "N_raw": 27, "N_roi": 27, "N_inlier": 26, "refit": true}
{"timestamp": "16:09:09.409027", "frame": 38, "mu": [-1.8229649053617143, 4.3285202030948895, 0.6928259500205901], "Sigma": [[0.012925367938394772, 0.00281832513874978, -0.003653263419280485], [0.00281832513874978, 0.0009897501025936842, -0.0012443426280276807], [-0.0036532634192804852, -0.0012443426280276807, 0.016115708111004733]], "chi2_level": 0.997, "chi2_df": 3, "chi2_threshold": 13.931422665512084, "N_raw": 11, "N_roi": 11, "N_inlier": 11, "refit": true}
{"timestamp": "16:09:09.464657", "frame": 39, "mu": [-1.7330702753597975, 4.295002822665488, 0.8124003499218193], "Sigma": [[0.019323183134206324, 0.004982987384685415, -0.00820893878983631], [0.004982987384685415, 0.0023907620446722176, -0.0034418238647266524], [-0.00820893878983631, -0.0034418238647266524, 0.008530962799974414]], "chi2_level": 0.997, "chi2_df": 3, "chi2_threshold": 13.931422665512084, "N_raw": 24, "N_roi": 24, "N_inlier": 22, "refit": true}
{"timestamp": "16:09:09.523547", "frame": 40, "mu": [-1.8965045110774814, 4.171685878495914, 0.46918052452137504], "Sigma": [[0.029828206879607508, 0.007216417171537211, -0.007317981076236222], [0.007216417171537211, 0.004014366744876915, -0.005042175315008245], [-0.007317981076236222, -0.005042175315008245, 0.016056477052513916]], "chi2_level": 0.997, "chi2_df": 3, "chi2_threshold": 13.931422665512084, "N_raw": 49, "N_roi": 49, "N_inlier": 49, "refit": true}
{"timestamp": "16:09:09.572615", "frame": 41, "mu": [-1.8883115897686196, 4.1435189434446436, 0.4395062243360839], "Sigma": [[0.006349380077460368, -0.0010683433348889107, -0.002467452974557331], [-0.0010683433348889107, 0.001406743968187464, 0.0004272612161767516], [-0.002467452974557331, 0.0004272612161767516, 0.001734799016539879]], "chi2_level": 0.997, "chi2_df": 3, "chi2_threshold": 13.931422665512084, "N_raw": 9, "N_roi": 8, "N_inlier": 8, "refit": true}
{"timestamp": "16:09:09.627079", "frame": 42, "mu": [-1.9230397324876094, 4.1130438733175145, 0.5529939163839939], "Sigma": [[0.009367845877397729, -0.005136007687744994, 0.0037401116584146092], [-0.005136007687744994, 0.0042143102267575535, -0.00023661477378441204], [0.00374011165841461, -0.00023661477378441177, 0.0062360715883258535]], "chi2_level": 0.997, "chi2_df": 3, "chi2_threshold": 13.931422665512084, "N_raw": 6, "N_roi": 6, "N_inlier": 6, "refit": true}
{"timestamp": "16:09:09.691895", "frame": 43, "mu": [-1.8460053779062586, 4.10996053795645, 0.801862090286799], "Sigma": [[0.03495470845471881, 0.0069013378624539195, -0.018998071606649722], [0.0069013378624539195, 0.004775019093592169, -0.012017871535053884], [-0.018998071606649722, -0.012017871535053886, 0.03724658225100543]], "chi2_level": 0.997, "chi2_df": 3, "chi2_threshold": 13.931422665512084, "N_raw": 68, "N_roi": 68, "N_inlier": 68, "refit": true}
{"timestamp": "16:09:09.738545", "frame": 44, "mu": [-1.9596264547013844, 4.033577699184989, 0.4980689493717635], "Sigma": [[0.014097017976124839, 0.0016993897651156374, -0.02117630253711555], [0.0016993897651156374, 0.004902439603284265, -0.027966891109667272], [-0.02117630253711555, -0.027966891109667272, 0.20494440798765848]], "chi2_level": 0.997, "chi2_df": 3, "chi2_threshold": 13.931422665512084, "N_raw": 10, "N_roi": 10, "N_inlier": 10, "refit": true}
{"timestamp": "16:09:09.792895", "frame": 45, "mu": [-2.055368622508588, 3.9698339946992856, 0.7357115092572198], "Sigma": [[0.053283073902660814, 0.004122605811958899, 0.009222374828361177], [0.004122605811958899, 0.002433903330843234, -0.004417159767887713], [0.009222374828361177, -0.004417159767887712, 0.018921866444810597]], "chi2_level": 0.997, "chi2_df": 3, "chi2_threshold": 13.931422665512084, "N_raw": 10, "N_roi": 10, "N_inlier": 10, "refit": true}
{"timestamp": "16:09:09.847612", "frame": 46, "mu": [-1.988551524645278, 3.9323607759517376, 0.8338299365414685], "Sigma": [[0.016082392222951124, -0.002671839770963832, 0.007127612851534576], [-0.002671839770963832, 0.0013568803949311422, -0.007795919961901519], [0.007127612851534574, -0.007795919961901519, 0.0551615735732896]], "chi2_level": 0.997, "chi2_df": 3, "chi2_threshold": 13.931422665512084, "N_raw": 7, "N_roi": 7, "N_inlier": 7, "refit": true}
{"timestamp": "16:09:09.903090", "frame": 47, "mu": [-1.9045166683750616, 3.8871686737250104, 0.8060316920265447], "Sigma": [[0.008831946778684307, 0.00318766697850239, -0.015781316814653546], [0.0031876669785023894, 0.004924581397131369, -0.01887790441047104], [-0.015781316814653546, -0.01887790441047104, 0.09001005283295031]], "chi2_level": 0.997, "chi2_df": 3, "chi2_threshold": 13.931422665512084, "N_raw": 9, "N_roi": 9, "N_inlier": 9, "refit": true}
{"timestamp": "16:09:09.959579", "frame": 48, "mu": [-1.8602676527791293, 3.826858138221066, 0.4543624355579333], "Sigma": [[0.01869052132044534, -0.0019809168192688356, -0.014721179152372452], [-0.0019809168192688356, 0.0022287381342132474, -0.000133978048949045], [-0.014721179152372454, -0.000133978048949045, 0.050977652148531616]], "chi2_level": 0.997, "chi2_df": 3, "chi2_threshold": 13.931422665512084, "N_raw": 30, "N_roi": 30, "N_inlier": 29, "refit": true}
{"timestamp": "16:09:10.019820", "frame": 49, "mu": [-1.736624088601397, 4.069317197150094, -0.5466282650575692], "Sigma": [[0.03689396921868324, 0.0044203529110494475, -0.014011261128916316], [0.004420352911049448, 0.004966663887596478, -0.002859946249603387], [-0.014011261128916317, -0.002859946249603387, 0.008770774075027602]], "chi2_level": 0.997, "chi2_df": 3, "chi2_threshold": 13.931422665512084, "N_raw": 52, "N_roi": 52, "N_inlier": 51, "refit": true}
{"timestamp": "16:09:10.070056", "frame": 50, "mu": [-1.7004011322096422, 3.7354584854400597, 0.6884621783365034], "Sigma": [[0.011498586800254411, 0.0008237100956293256, -0.020399028834664757], [0.0008237100956293255, 0.0001745314305832664, -0.0012780952648954384], [-0.020399028834664754, -0.0012780952648954384, 0.060027999584748526]], "chi2_level": 0.997, "chi2_df": 3, "chi2_threshold": 13.931422665512084, "N_raw": 23, "N_roi": 23, "N_inlier": 22, "refit": true}
{"timestamp": "16:09:10.124307", "frame": 51, "mu": [-1.8606389385207553, 3.6769113181989592, 0.8632554881580118], "Sigma": [[0.009109533864499779, 0.001267711726837502, -0.0035650596496065], [0.001267711726837502, 0.0005271518238088784, -0.002087182561043528], [-0.0035650596496064994, -0.002087182561043528, 0.024363648069088646]], "chi2_level": 0.997, "chi2_df": 3, "chi2_threshold": 13.931422665512084, "N_raw": 19, "N_roi": 19, "N_inlier": 18, "refit": true}
{"timestamp": "16:09:10.179780", "frame": 52, "mu": [-1.853974965012313, 3.630361225892778, 0.9154007382457626], "Sigma": [[0.01385851294873694, 0.0019933685595809663, 0.0001743396813748575], [0.0019933685595809663, 0.0011470348830875906, -0.002825147208964143], [0.0001743396813748575, -0.0028251472089641434, 0.024340831316232898]], "chi2_level": 0.997, "chi2_df": 3, "chi2_threshold": 13.931422665512084, "N_raw": 20, "N_roi": 20, "N_inlier": 19, "refit": true}
{"timestamp": "16:09:10.236962", "frame": 53, "mu": [-1.8023301235500162, 3.7681933744692104, -0.17248205721013918], "Sigma": [[0.01927330881931224, 0.006245615214609764, -0.011624453438305461], [0.006245615214609764, 0.00673728208102856, -0.01393378729656143], [-0.011624453438305461, -0.01393378729656143, 0.031205361324125283]], "chi2_level": 0.997, "chi2_df": 3, "chi2_threshold": 13.931422665512084, "N_raw": 37, "N_roi": 37, "N_inlier": 34, "refit": true}
{"timestamp": "16:09:10.290277", "frame": 54, "mu": [-1.9034458314590794, 3.738762760412366, -0.22359040009515874], "Sigma": [[0.0644407147786539, 0.008722102176694134, -0.01843910989067287], [0.008722102176694134, 0.0064745462550361045, -0.015477649429115444], [-0.01843910989067287, -0.01547764942911544, 0.04234645482674643]], "chi2_level": 0.997, "chi2_df": 3, "chi2_threshold": 13.931422665512084, "N_raw": 23, "N_roi": 23, "N_inlier": 22, "refit": true}
{"timestamp": "16:09:10.350101", "frame": 55, "mu": [-1.896812944136987, 3.5008179572351543, 0.7706578590605244], "Sigma": [[0.05280527947097423, -0.0018425309869363542, -0.025283657724999672], [-0.0018425309869363542, 0.0025778636835046753, -0.0027131489052496993], [-0.025283657724999672, -0.0027131489052496993, 0.037395947262892686]], "chi2_level": 0.997, "chi2_df": 3, "chi2_threshold": 13.931422665512084, "N_raw": 50, "N_roi": 50, "N_inlier": 47, "refit": true}
{"timestamp": "16:09:10.402478", "frame": 56, "mu": [-1.8615070407216119, 3.5486318198020963, -1.0260778007348237], "Sigma": [[0.08633495324674463, 0.01651909502860379, 0.03325249536610879], [0.01651909502860379, 0.0127946976976807, 0.030334092830707836], [0.033252495366108796, 0.030334092830707836, 0.10784889667164348]], "chi2_level": 0.997, "chi2_df": 3, "chi2_threshold": 13.931422665512084, "N_raw": 39, "N_roi": 39, "N_inlier": 38, "refit": true}
{"timestamp": "16:09:10.455109", "frame": 57, "mu": [-1.9533585853375337, 3.3756703278945857, 0.5897434320299291], "Sigma": [[0.018149685644858554, 0.002267390857986607, -0.0030706744023969897], [0.002267390857986607, 0.002217416724614389, -0.00472212093838783], [-0.0030706744023969897, -0.00472212093838783, 0.06181243985182276]], "chi2_level": 0.997, "chi2_df": 3, "chi2_threshold": 13.931422665512084, "N_raw": 28, "N_roi": 28, "N_inlier": 26, "refit": true}
{"timestamp": "16:09:10.509505", "frame": 58, "mu": [-1.879213991922296, 3.3631948666419196, 0.6972725638054303], "Sigma": [[0.013653094482959852, -0.004460755982928661, 0.0290662852504324], [-0.0044607559829286615, 0.0060705368264118665, -0.023868009607737155], [0.0290662852504324, -0.023868009607737155, 0.1642486694771976]], "chi2_level": 0.997, "chi2_df": 3, "chi2_threshold": 13.931422665512084, "N_raw": 13, "N_roi": 9, "N_inlier": 9, "refit": true}
{"timestamp": "16:09:10.566429", "frame": 59, "mu": [-1.7591700636830079, 3.3416045067037947, 0.9053234991025282], "Sigma": [[0.015597844921914945, 0.002891077516194284, -0.01291447175274588], [0.002891077516194284, 0.002259583850318345, -0.004594117602596795], [-0.012914471752745878, -0.004594117602596795, 0.017274894244369277]], "chi2_level": 0.997, "chi2_df": 3, "chi2_threshold": 13.931422665512084, "N_raw": 31, "N_roi": 31, "N_inlier": 29, "refit": true}
{"timestamp": "16:09:10.620352", "frame": 60, "mu": [-1.7940886729308951, 3.2684757003408045, 0.9120728092074227], "Sigma": [[0.011183493231601392, 0.0034587043402692867, -0.0072563727308626634], [0.0034587043402692867, 0.0022461408903412, -0.005320760093340973], [-0.0072563727308626634, -0.005320760093340973, 0.022453976404448392]], "chi2_level": 0.997, "chi2_df": 3, "chi2_threshold": 13.931422665512084, "N_raw": 26, "N_roi": 25, "N_inlier": 23, "refit": true}
{"timestamp": "16:09:10.675458", "frame": 61, "mu": [-1.8492524549455618, 3.199786564387053, 0.4466542511479548], "Sigma": [[0.015474057845675104, 0.002265337615274127, -0.003163132853912775], [0.002265337615274127, 0.001866917005195287, -0.005390424644007264], [-0.003163132853912775, -0.005390424644007265, 0.033228129332283224]], "chi2_level": 0.997, "chi2_df": 3, "chi2_threshold": 13.931422665512084, "N_raw": 28, "N_roi": 28, "N_inlier": 27, "refit": true}
{"timestamp": "16:09:10.731762", "frame": 62, "mu": [-1.9094234678257833, 3.137026781241636, 0.5548853223595922], "Sigma": [[0.015736348665514717, 0.002860211346365825, -0.0038093205599174845], [0.0028602113463658246, 0.001885379767189886, -0.004477847466316464], [-0.0038093205599174845, -0.004477847466316464, 0.04883021409021065]], "chi2_level": 0.997, "chi2_df": 3, "chi2_threshold": 13.931422665512084, "N_raw": 35, "N_roi": 35, "N_inlier": 34, "refit": true}
{"timestamp": "16:09:10.784139", "frame": 63, "mu": [-1.92156750359738, 3.0626373576310937, 0.7557044750848606], "Sigma": [[0.007229847814361979, 0.0019068679272921576, 0.0077763695140360255], [0.0019068679272921571, 0.0013824834138417542, -0.00461645491149601], [0.0077763695140360255, -0.00461645491149601, 0.09962591461595104]], "chi2_level": 0.997, "chi2_df": 3, "chi2_threshold": 13.931422665512084, "N_raw": 12, "N_roi": 12, "N_inlier": 11, "refit": true}
{"timestamp": "16:09:10.841224", "frame": 64, "mu": [-1.8213751680253485, 3.072032253364257, 0.7108362469829589], "Sigma": [[0.014801001937897212, 0.0016268351073234926, -0.006745337369013484], [0.001626835107323493, 0.001199089336923091, -0.0030237674513095584], [-0.006745337369013484, -0.0030237674513095584, 0.015244693894319785]], "chi2_level": 0.997, "chi2_df": 3, "chi2_threshold": 13.931422665512084, "N_raw": 36, "N_roi": 36, "N_inlier": 35, "refit": true}
{"timestamp": "16:09:10.893321", "frame": 65, "mu": [-1.9042046387645686, 2.9969671142090863, 1.0598479244087948], "Sigma": [[0.003324945699591768, 0.0012033576234928758, -0.0046008435023340895], [0.0012033576234928758, 0.0018863714064134764, -0.005772183434297026], [-0.004600843502334089, -0.005772183434297026, 0.04549823653333498]], "chi2_level": 0.997, "chi2_df": 3, "chi2_threshold": 13.931422665512084, "N_raw": 11, "N_roi": 11, "N_inlier": 11, "refit": true}
{"timestamp": "16:09:10.948845", "frame": 66, "mu": [-1.7049705758001554, 3.003544123010246, 0.4584931817281024], "Sigma": [[0.010752625487612173, -0.0009637104509381458, 0.002006055866546283], [-0.0009637104509381458, 0.003659919051423742, -0.011554549180787252], [0.002006055866546284, -0.011554549180787254, 0.08396645912077846]], "chi2_level": 0.997, "chi2_df": 3, "chi2_threshold": 13.931422665512084, "N_raw": 11, "N_roi": 11, "N_inlier": 11, "refit": true}
{"timestamp": "16:09:11.003222", "frame": 67, "mu": [-1.9453258639185251, 2.9278911947377595, 0.9319560615488393], "Sigma": [[0.00907095280448753, -0.0015595499776441843, 0.008135675874910162], [-0.0015595499776441843, 0.0025470939636333266, -0.011771305201848924], [0.008135675874910162, -0.011771305201848924, 0.0737221966031765]], "chi2_level": 0.997, "chi2_df": 3, "chi2_threshold": 13.931422665512084, "N_raw": 8, "N_roi": 8, "N_inlier": 8, "refit": true}
{"timestamp": "16:09:11.060864", "frame": 68, "mu": [-1.7643066133231566, 2.9023186777698786, 0.8334019904374367], "Sigma": [[0.015727488820961213, 0.0034986072971828815, -0.014820034579976882], [0.003498607297182881, 0.0025659246979523745, -0.0077526198615350496], [-0.014820034579976882, -0.0077526198615350496, 0.029468688103946646]], "chi2_level": 0.997, "chi2_df": 3, "chi2_threshold": 13.931422665512084, "N_raw": 34, "N_roi": 34, "N_inlier": 32, "refit": true}
{"timestamp": "16:09:11.113517", "frame": 69, "mu": [-2.0128097997342476, 2.773677191141904, 1.0352564965795095], "Sigma": [[0.02217745182864722, 0.0007964009843988854, -0.00785705473828932], [0.0007964009843988855, 0.004467207979411989, -0.017980749512911464], [-0.00785705473828932, -0.017980749512911464, 0.10310607101210985]], "chi2_level": 0.997, "chi2_df": 3, "chi2_threshold": 13.931422665512084, "N_raw": 12, "N_roi": 12, "N_inlier": 11, "refit": true}
{"timestamp": "16:09:11.171926", "frame": 70, "mu": [-1.7833115096837058, 2.832304903346793, 0.8283196649704867], "Sigma": [[0.018646556057346154, 0.0038132693118216082, -0.01851023581190462], [0.0038132693118216087, 0.0017141854699463009, -0.006734036717342598], [-0.01851023581190462, -0.006734036717342598, 0.034692955847105675]], "chi2_level": 0.997, "chi2_df": 3, "chi2_threshold": 13.931422665512084, "N_raw": 40, "N_roi": 40, "N_inlier": 37, "refit": true}
{"timestamp": "16:09:11.226357", "frame": 71, "mu": [-1.7193761361239095, 2.817487735513294, 0.7624644007524657], "Sigma": [[0.015142110456713388, 0.004871753892847379, -0.017890325607757333], [0.004871753892847379, 0.0030021087541787575, -0.009001159509684283], [-0.017890325607757333, -0.009001159509684284, 0.03321030259932312]], "chi2_level": 0.997, "chi2_df": 3, "chi2_threshold": 13.931422665512084, "N_raw": 34, "N_roi": 33, "N_inlier": 30, "refit": true}
{"timestamp": "16:09:11.284397", "frame": 72, "mu": [-1.8269429979088843, 2.711508804826098, 0.7696517960063944], "Sigma": [[0.02140063371122846, 0.006380697955212377, -0.014025767286334291], [0.006380697955212377, 0.003068293066865054, -0.008173014925473938], [-0.014025767286334295, -0.008173014925473938, 0.03517706588318248]], "chi2_level": 0.997, "chi2_df": 3, "chi2_threshold": 13.931422665512084, "N_raw": 57, "N_roi": 57, "N_inlier": 56, "refit": true}
{"timestamp": "16:09:11.336664", "frame": 73, "mu": [-2.1199834624310094, 2.619580413198042, 0.8879705432901684], "Sigma": [[0.02712473592269626, 0.0026968841073607254, 0.004964168158684283], [0.0026968841073607254, 0.0039916040354322805, -0.006706976748675564], [0.004964168158684284, -0.006706976748675564, 0.035494261203552084]], "chi2_level": 0.997, "chi2_df": 3, "chi2_threshold": 13.931422665512084, "N_raw": 22, "N_roi": 21, "N_inlier": 21, "refit": true}
{"timestamp": "16:09:11.389049", "frame": 74, "mu": [-1.9530673093703732, 2.59068029989932, 1.07647912969063], "Sigma": [[0.023186951461125378, 0.0005941763855258904, 0.012160950992476187], [0.0005941763855258908, 0.004825381217852699, -0.008988237994941908], [0.012160950992476187, -0.008988237994941908, 0.03352107083674537]], "chi2_level": 0.997, "chi2_df": 3, "chi2_threshold": 13.931422665512084, "N_raw": 8, "N_roi": 8, "N_inlier": 8, "refit": true}
{"timestamp": "16:09:11.444219", "frame": 75, "mu": [-2.0018775808255387, 2.534844598285762, 0.858004340592153], "Sigma": [[0.023365678602666626, 0.0009674527822221631, 0.013765859059768907], [0.0009674527822221632, 0.004747851606014975, -0.011386306259650305], [0.013765859059768907, -0.011386306259650305, 0.04231094307036925]], "chi2_level": 0.997, "chi2_df": 3, "chi2_threshold": 13.931422665512084, "N_raw": 16, "N_roi": 16, "N_inlier": 16, "refit": true}
{"timestamp": "16:09:11.503188", "frame": 76, "mu": [-1.9399577280018383, 2.5088076279094063, 0.8428188637171944], "Sigma": [[0.06174776942959029, 0.0050571740178487305, -0.028735772549994803], [0.0050571740178487305, 0.0022011210855223864, -0.00444222296275717], [-0.028735772549994803, -0.00444222296275717, 0.019666102745395018]], "chi2_level": 0.997, "chi2_df": 3, "chi2_threshold": 13.931422665512084, "N_raw": 48, "N_roi": 44, "N_inlier": 41, "refit": true}
{"timestamp": "16:09:11.553644", "frame": 77, "mu": [-1.935894296304697, 2.4379177253416007, 1.1089739854704663], "Sigma": [[0.02056543022927516, 0.0012805928104828587, -0.003880795467394081], [0.0012805928104828584, 0.007586885935610928, -0.018595367126039035], [-0.003880795467394081, -0.018595367126039035, 0.048139119353570965]], "chi2_level": 0.997, "chi2_df": 3, "chi2_threshold": 13.931422665512084, "N_raw": 10, "N_roi": 9, "N_inlier": 8, "refit": true}
{"timestamp": "16:09:11.608835", "frame": 78, "mu": [-1.905805259508858, 2.406589457998849, 1.169525303361218], "Sigma": [[0.0030251403761067212, 0.0009338802815471212, -0.002552844923779636], [0.0009338802815471212, 0.004511413282753695, -0.008017354852769058], [-0.002552844923779636, -0.008017354852769061, 0.020639619422206483]], "chi2_level": 0.997, "chi2_df": 3, "chi2_threshold": 13.931422665512084, "N_raw": 21, "N_roi": 21, "N_inlier": 20, "refit": true}
{"timestamp": "16:09:11.662358", "frame": 79, "mu": [-1.8766138012738993, 2.3631152813995904, 1.0283943510941798], "Sigma": [[0.0036336671550736927, 0.0011665456378604385, 0.012419509863087798], [0.0011665456378604385, 0.003549241663101747, 0.005838904596650565], [0.012419509863087798, 0.005838904596650563, 0.05498814718731217]], "chi2_level": 0.997, "chi2_df": 3, "chi2_threshold": 13.931422665512084, "N_raw": 6, "N_roi": 6, "N_inlier": 6, "refit": true}
{"timestamp": "16:09:11.725449", "frame": 80, "mu": [-1.9859929058099766, 2.2776959764790794, 0.9755267981268992], "Sigma": [[0.014201978360170104, 0.00652489269359424, 0.012679084240280927], [0.00652489269359424, 0.004234398379558383, 0.0023721907862784626], [0.012679084240280927, 0.002372190786278462, 0.07476383009202936]], "chi2_level": 0.997, "chi2_df": 3, "chi2_threshold": 13.931422665512084, "N_raw": 64, "N_roi": 64, "N_inlier": 63, "refit": true}
{"timestamp": "16:09:11.775567", "frame": 81, "mu": [-1.7761213558233275, 2.2220383168372826, 0.8858311780678401], "Sigma": [[0.032110063684127416, 0.023909758906611428, -0.044285164016559145], [0.023909758906611428, 0.02181608654842765, -0.046013129374526195], [-0.04428516401655913, -0.0460131293745262, 0.2220098540393113]], "chi2_level": 0.997, "chi2_df": 3, "chi2_threshold": 13.931422665512084, "N_raw": 23, "N_roi": 23, "N_inlier": 22, "refit": true}
{"timestamp": "16:09:11.837843", "frame": 82, "mu": [-1.8465758727431834, 2.2279031565587704, 0.9884473238089958], "Sigma": [[0.024275584548627625, 0.007752816096476871, 0.012661558978457176], [0.007752816096476872, 0.005117371473839325, 0.0019879732890705467], [0.012661558978457176, 0.0019879732890705467, 0.05120506894625553]], "chi2_level": 0.997, "chi2_df": 3, "chi2_threshold": 13.931422665512084, "N_raw": 76, "N_roi": 76, "N_inlier": 73, "refit": true}
{"timestamp": "16:09:11.891928", "frame": 83, "mu": [-2.1168608387030754, 1.9511098450190822, 1.3638069788709934], "Sigma": [[0.03306918904983988, 0.03275111400537609, -0.06960781421329101], [0.0327511140053761, 0.041300907952970756, -0.0924497779542053], [-0.06960781421329101, -0.0924497779542053, 0.2627355065479266]], "chi2_level": 0.997, "chi2_df": 3, "chi2_threshold": 13.931422665512084, "N_raw": 63, "N_roi": 63, "N_inlier": 63, "refit": true}
{"timestamp": "16:09:11.947797", "frame": 84, "mu": [-2.003011810316126, 1.9603617360013903, 1.4987866674788164], "Sigma": [[0.031020620248981258, 0.023724051573980137, -0.03233971967566869], [0.023724051573980137, 0.023603660902310537, -0.029394002869792313], [-0.03233971967566869, -0.029394002869792313, 0.04231025251130011]], "chi2_level": 0.997, "chi2_df": 3, "chi2_threshold": 13.931422665512084, "N_raw": 79, "N_roi": 79, "N_inlier": 75, "refit": true}
{"timestamp": "16:09:12.004265", "frame": 85, "mu": [-1.9567950030182533, 1.9759771444359095, 1.2325688670480548], "Sigma": [[0.02207624045081054, 0.020438354934151172, -0.023963795540511326], [0.020438354934151172, 0.02526619740754775, -0.032366668426730354], [-0.023963795540511326, -0.032366668426730354, 0.11777753144585407]], "chi2_level": 0.997, "chi2_df": 3, "chi2_threshold": 13.931422665512084, "N_raw": 93, "N_roi": 93, "N_inlier": 92, "refit": true}
{"timestamp": "16:09:12.057563", "frame": 86, "mu": [-2.0734219158698997, 1.7664000549372987, -0.5170972504951692], "Sigma": [[0.024986806203847044, 0.020728088798716595, -0.01957903792430873], [0.020728088798716595, 0.023919162160650168, -0.018150202729896724], [-0.01957903792430873, -0.018150202729896724, 0.016706394277624312]], "chi2_level": 0.997, "chi2_df": 3, "chi2_threshold": 13.931422665512084, "N_raw": 65, "N_roi": 65, "N_inlier": 61, "refit": true}
{"timestamp": "16:09:12.110705", "frame": 87, "mu": [-2.0778144320985077, 1.7481050675307126, 1.4812003639312366], "Sigma": [[0.02530978110070091, 0.018504205655480856, -0.0224857857879062], [0.018504205655480856, 0.01870183218398477, -0.018739264095435318], [-0.0224857857879062, -0.018739264095435318, 0.023110826119052106]], "chi2_level": 0.997, "chi2_df": 3, "chi2_threshold": 13.931422665512084, "N_raw": 54, "N_roi": 54, "N_inlier": 53, "refit": true}
{"timestamp": "16:09:12.165130", "frame": 88, "mu": [-2.121157198857345, 1.6442959225884088, 1.474447743523912], "Sigma": [[0.019198843440035473, 0.015181219759721119, -0.01606109239947593], [0.015181219759721119, 0.019131337653013628, -0.0159369331566137], [-0.01606109239947593, -0.015936933156613705, 0.019539425782152356]], "chi2_level": 0.997, "chi2_df": 3, "chi2_threshold": 13.931422665512084, "N_raw": 58, "N_roi": 58, "N_inlier": 56, "refit": true}
{"timestamp": "16:09:12.216426", "frame": 89, "mu": [-2.132144910217574, 1.6065012811724828, 1.4592463713577808], "Sigma": [[0.017085614135084283, 0.012213036348045346, -0.01441381519836489], [0.012213036348045346, 0.014587097037410214, -0.014878938964906142], [-0.01441381519836489, -0.014878938964906142, 0.0182386198242491]], "chi2_level": 0.997, "chi2_df": 3, "chi2_threshold": 13.931422665512084, "N_raw": 36, "N_roi": 36, "N_inlier": 35, "refit": true}
{"timestamp": "16:09:12.276628", "frame": 90, "mu": [-2.0522822272210277, 1.713636608460001, -0.1753181504426317], "Sigma": [[0.01095899082047255, 0.013270001810035213, -0.011635862876016326], [0.013270001810035209, 0.03413263717215585, -0.02481213693270628], [-0.011635862876016326, -0.02481213693270628, 0.026104299249630418]], "chi2_level": 0.997, "chi2_df": 3, "chi2_threshold": 13.931422665512084, "N_raw": 58, "N_roi": 58, "N_inlier": 56, "refit": true}
{"timestamp": "16:09:12.328783", "frame": 91, "mu": [-2.1262076546345003, 1.523537618184846, 1.4360327446808803], "Sigma": [[0.018342738356975183, 0.011326312776430238, -0.017033343781666377], [0.011326312776430238, 0.021454682314881453, -0.01596393277729482], [-0.017033343781666377, -0.015963932777294822, 0.021560435490023976]], "chi2_level": 0.997, "chi2_df": 3, "chi2_threshold": 13.931422665512084, "N_raw": 50, "N_roi": 50, "N_inlier": 48, "refit": true}
{"timestamp": "16:09:12.380254", "frame": 92, "mu": [-1.9583754892101346, 1.677096839514543, 0.818011754244876], "Sigma": [[0.04583814026036051, 0.014217077680958569, -0.06153846563934923], [0.014217077680958569, 0.008303032273139449, -0.024376883145809], [-0.06153846563934921, -0.024376883145809, 0.2342306813446633]], "chi2_level": 0.997, "chi2_df": 3, "chi2_threshold": 13.931422665512084, "N_raw": 20, "N_roi": 20, "N_inlier": 19, "refit": true}
{"timestamp": "16:09:12.445532", "frame": 93, "mu": [-2.1267730417003072, 1.4979166281117715, 1.0968826372965066], "Sigma": [[0.01952918423711794, 0.007428195233057433, 0.006992198518050399], [0.007428195233057433, 0.017104657428660134, -0.024227421936263684], [0.006992198518050399, -0.024227421936263684, 0.09895333580323744]], "chi2_level": 0.997, "chi2_df": 3, "chi2_threshold": 13.931422665512084, "N_raw": 97, "N_roi": 97, "N_inlier": 96, "refit": true}
{"timestamp": "16:09:12.500199", "frame": 94, "mu": [-2.1048547525047727, 1.4389626924699754, 0.9914479026697781], "Sigma": [[0.0246962335335721, 0.011677310541308616, 0.011628906044563108], [0.01167731054130862, 0.02275951192763343, -0.019469659345231004], [0.011628906044563108, -0.019469659345231004, 0.08108980441706967]], "chi2_level": 0.997, "chi2_df": 3, "chi2_threshold": 13.931422665512084, "N_raw": 90, "N_roi": 90, "N_inlier": 90, "refit": true}
{"timestamp": "16:09:12.555230", "frame": 95, "mu": [-2.021405819585685, 1.426677182263442, 1.1853398569525562], "Sigma": [[0.017182096344775317, 0.00597111944538499, 0.013738538695125504], [0.005971119445384991, 0.015416382192436752, -0.01555110835797768], [0.013738538695125504, -0.01555110835797768, 0.0770071942061903]], "chi2_level": 0.997, "chi2_df": 3, "chi2_threshold": 13.931422665512084, "N_raw": 79, "N_roi": 79, "N_inlier": 79, "refit": true}
{"timestamp": "16:09:12.603768", "frame": 96, "mu": [-1.968056966850558, 1.3378701869713283, 1.318103669476011], "Sigma": [[0.01678768114144452, 0.006261944692991954, 0.0031260706593921102], [0.006261944692991956, 0.0131345754173157, -0.012603473683254778], [0.0031260706593921102, -0.012603473683254778, 0.025791488112886216]], "chi2_level": 0.997, "chi2_df": 3, "chi2_threshold": 13.931422665512084, "N_raw": 49, "N_roi": 49, "N_inlier": 48, "refit": true}
{"timestamp": "16:09:12.658593", "frame": 97, "mu": [-1.9300173379399017, 1.4392541354257837, -0.31343037731000695], "Sigma": [[0.00866896144000336, 0.007161857136155742, -0.0033884308002382207], [0.007161857136155742, 0.015099987260682407, -0.007604145074517073], [-0.00338843080023822, -0.007604145074517073, 0.005238868506721328]], "chi2_level": 0.997, "chi2_df": 3, "chi2_threshold": 13.931422665512084, "N_raw": 48, "N_roi": 48, "N_inlier": 43, "refit": true}
{"timestamp": "16:09:12.716150", "frame": 98, "mu": [-1.936035761701694, 1.2284728242523226, 1.3132340794529225], "Sigma": [[0.009507868791150858, 0.007465454490870294, -0.007100592128013669], [0.007465454490870294, 0.018404266899373564, -0.012766738122081091], [-0.007100592128013668, -0.01276673812208109, 0.01222473992678575]], "chi2_level": 0.997, "chi2_df": 3, "chi2_threshold": 13.931422665512084, "N_raw": 56, "N_roi": 56, "N_inlier": 54, "refit": true}
{"timestamp": "16:09:12.767688", "frame": 99, "mu": [-1.8918410934109868, 1.252859261910601, 1.35040516037095], "Sigma": [[0.006432412191543423, 0.004870232482935388, -0.003469666066002528], [0.00487023248293539, 0.010942269110941968, -0.007902538795707077], [-0.003469666066002528, -0.007902538795707077, 0.006361545887763133]], "chi2_level": 0.997, "chi2_df": 3, "chi2_threshold": 13.931422665512084, "N_raw": 39, "N_roi": 39, "N_inlier": 37, "refit": true}
{"timestamp": "16:09:12.896066", "frame": 100, "mu": [-1.8840425542157235, 1.13016541876037, 1.2995639975105175], "Sigma": [[0.010470266300931097, 0.010147274441230023, -0.009218050346653628], [0.010147274441230023, 0.016494682457160813, -0.016498159703578524], [-0.009218050346653628, -0.016498159703578524, 0.02131969999544031]], "chi2_level": 0.997, "chi2_df": 3, "chi2_threshold": 13.931422665512084, "N_raw": 51, "N_roi": 51, "N_inlier": 49, "refit": true}
{"timestamp": "16:09:12.928842", "frame": 101, "mu": [-1.8791638592609226, 1.0685239308903973, 1.3715029403618115], "Sigma": [[0.007893851462842926, 0.006624397749644845, -0.010213960987398001], [0.006624397749644845, 0.01435668731262549, -0.01392389427462437], [-0.010213960987398001, -0.01392389427462437, 0.03134950351571898]], "chi2_level": 0.997, "chi2_df": 3, "chi2_threshold": 13.931422665512084, "N_raw": 40, "N_roi": 40, "N_inlier": 40, "refit": true}
{"timestamp": "16:09:12.960088", "frame": 102, "mu": [-1.8449072200386025, 1.0478142366904473, 1.3166705837463952], "Sigma": [[0.00726348474937174, 0.005188417183565573, -0.0035999575468443146], [0.005188417183565573, 0.0116626489683392, -0.006136584166861704], [-0.0035999575468443146, -0.006136584166861704, 0.004185617374832658]], "chi2_level": 0.997, "chi2_df": 3, "chi2_threshold": 13.931422665512084, "N_raw": 43, "N_roi": 43, "N_inlier": 41, "refit": true}
{"timestamp": "16:09:12.991781", "frame": 103, "mu": [-1.8574120548780608, 1.135834263702438, -0.6091004028202505], "Sigma": [[0.007249703807195279, 0.0034036797802815535, 0.0015175704022936858], [0.003403679780281553, 0.022761048952385614, 0.011454910749233741], [0.001517570402293686, 0.011454910749233741, 0.01260058818580587]], "chi2_level": 0.997, "chi2_df": 3, "chi2_threshold": 13.931422665512084, "N_raw": 49, "N_roi": 49, "N_inlier": 48, "refit": true}
{"timestamp": "16:09:13.044296", "frame": 104, "mu": [-1.84397786666704, 1.0941280652210548, 1.315917086281964], "Sigma": [[0.008051228982561788, 3.462398007800932e-05, -0.0024096823140620487], [3.462398007800935e-05, 0.012565986719515454, -0.007053222433553785], [-0.0024096823140620483, -0.007053222433553785, 0.005860715325602899]], "chi2_level": 0.997, "chi2_df": 3, "chi2_threshold": 13.931422665512084, "N_raw": 56, "N_roi": 56, "N_inlier": 56, "refit": true}
{"timestamp": "16:09:13.097557", "frame": 105, "mu": [-1.812732421263049, 1.103039402171973, 1.2498711988330244], "Sigma": [[0.008110845727819787, 0.00229089233920361, -0.003941983491888351], [0.00229089233920361, 0.01209763158704723, -0.007278631368937407], [-0.003941983491888351, -0.007278631368937407, 0.006792342255009994]], "chi2_level": 0.997, "chi2_df": 3, "chi2_threshold": 13.931422665512084, "N_raw": 40, "N_roi": 40, "N_inlier": 38, "refit": true}
{"timestamp": "16:09:13.154473", "frame": 106, "mu": [-1.8339317869347527, 1.0033353026805945, 1.3572941745126712], "Sigma": [[0.005317800698082637, 0.0029194165502828924, -0.003577951494762595], [0.0029194165502828924, 0.015921995867777414, -0.008547085719988674], [-0.003577951494762595, -0.008547085719988674, 0.006264621807176668]], "chi2_level": 0.997, "chi2_df": 3, "chi2_threshold": 13.931422665512084, "N_raw": 52, "N_roi": 52, "N_inlier": 48, "refit": true}
{"timestamp": "16:09:13.208071", "frame": 107, "mu": [-1.8292766572179389, 0.9680035593855981, 1.3232499837806435], "Sigma": [[0.004816315501904375, 0.002718379266720186, -0.002113243029150372], [0.002718379266720186, 0.011238488153883256, -0.008251578280338876], [-0.002113243029150372, -0.008251578280338876, 0.007227523166288508]], "chi2_level": 0.997, "chi2_df": 3, "chi2_threshold": 13.931422665512084, "N_raw": 43, "N_roi": 43, "N_inlier": 42, "refit": true}
