{"timestamp": "15:47:00.193567", "frame": 17, "mu": [0.6995784976940784, 4.970399049071012, 1.0719096502825474], "Sigma": [[0.019029347089041797, -0.0016255673324093117, -0.010572496055286266], [-0.0016255673324093117, 0.0003928592671370295, -0.00035934076516985276], [-0.010572496055286266, -0.0003593407651698528, 0.013117437510214628]], "chi2_level": 0.997, "chi2_df": 3, "chi2_threshold": 13.931422665512084, "N_raw": 44, "N_roi": 11, "N_inlier": 10, "refit": true}
{"timestamp": "15:47:00.246395", "frame": 18, "mu": [0.6958182169317979, 4.935938778621472, 0.7619615604487961], "Sigma": [[0.021033482902058205, -0.0026853951348252397, -0.005768302964003309], [-0.0026853951348252397, 0.0005266069721092735, -0.0008015193681706195], [-0.00576830296400331, -0.0008015193681706196, 0.017195271830147532]], "chi2_level": 0.997, "chi2_df": 3, "chi2_threshold": 13.931422665512084, "N_raw": 23, "N_roi": 22, "N_inlier": 21, "refit": true}
{"timestamp": "15:47:00.303495", "frame": 19, "mu": [0.7935943748027003, 4.97838313173381, 0.1812838381532793], "Sigma": [[0.00790783723370216, 0.0008537096529814812, -0.004352192741500615], [0.0008537096529814812, 0.0003666026865394292, -0.0010181244469229362], [-0.004352192741500615, -0.0010181244469229362, 0.003495960492402811]], "chi2_level": 0.997, "chi2_df": 3, "chi2_threshold": 13.931422665512084, "N_raw": 25, "N_roi": 5, "N_inlier": 5, "refit": true}
{"timestamp": "15:47:00.358247", "frame": 20, "mu": [0.6517362164555687, 4.83991346213185, 0.8023993288693351], "Sigma": [[0.022163174310103714, -0.004086310176012855, -0.005564521036785276], [-0.004086310176012855, 0.002120762262416565, -0.0006123545994439064], [-0.005564521036785276, -0.0006123545994439063, 0.006113079148220859]], "chi2_level": 0.997, "chi2_df": 3, "chi2_threshold": 13.931422665512084, "N_raw": 25, "N_roi": 25, "N_inlier": 25, "refit": true}
{"timestamp": "15:47:00.416835", "frame": 21, "mu": [0.6368835807691657, 4.814268403471588, 0.7651812593042557], "Sigma": [[0.03313224242641516, -0.004793147137088356, -0.027407977184221333], [-0.004793147137088354, 0.002533182536276675, 3.792421642342157e-05], [-0.027407977184221333, 3.792421642342165e-05, 0.03987650089349691]], "chi2_level": 0.997, "chi2_df": 3, "chi2_threshold": 13.931422665512084, "N_raw": 49, "N_roi": 49, "N_inlier": 48, "refit": true}
{"timestamp": "15:47:00.472390", "frame": 22, "mu": [0.6155574287440139, 4.750042061960965, 1.002553319173831], "Sigma": [[0.025686366020497835, -0.0036177534374289017, -0.01450473809204172], [-0.0036177534374289017, 0.0033957629726955067, -0.0028395107480873785], [-0.01450473809204172, -0.0028395107480873785, 0.02063355207287855]], "chi2_level": 0.997, "chi2_df": 3, "chi2_threshold": 13.931422665512084, "N_raw": 47, "N_roi": 47, "N_inlier": 47, "refit": true}
{"timestamp": "15:47:00.530807", "frame": 23, "mu": [0.6749246995425283, 4.648350281408721, 0.8764190750534586], "Sigma": [[0.02563876206009593, -0.005655221898219959, -0.013781888744880197], [-0.005655221898219959, 0.0029878757009839845, -0.001569830944823214], [-0.013781888744880195, -0.001569830944823214, 0.03410315107198907]], "chi2_level": 0.997, "chi2_df": 3, "chi2_threshold": 13.931422665512084, "N_raw": 52, "N_roi": 52, "N_inlier": 48, "refit": true}
{"timestamp": "15:47:00.579728", "frame": 24, "mu": [0.6998145171213426, 4.577059816235381, 0.6769603605306213], "Sigma": [[0.012092553269552291, -0.002874210036193935, -0.00492524640217629], [-0.002874210036193935, 0.004084839301732123, 0.0007803230286189148], [-0.00492524640217629, 0.0007803230286189147, 0.004308804094314183]], "chi2_level": 0.997, "chi2_df": 3, "chi2_threshold": 13.931422665512084, "N_raw": 26, "N_roi": 26, "N_inlier": 25, "refit": true}
{"timestamp": "15:47:00.638647", "frame": 25, "mu": [0.73348492644064, 4.520162058622603, 0.8874758018442899], "Sigma": [[0.030249505663390297, -0.005187961915947233, -0.0072662356735043575], [-0.005187961915947233, 0.0033109249392750985, -0.003380055144552212], [-0.0072662356735043575, -0.003380055144552212, 0.015435409493642147]], "chi2_level": 0.997, "chi2_df": 3, "chi2_threshold": 13.931422665512084, "N_raw": 54, "N_roi": 54, "N_inlier": 53, "refit": true}
{"timestamp": "15:47:00.692483", "frame": 26, "mu": [0.7281105735340395, 4.467365206149442, 0.9200130266531974], "Sigma": [[0.025236292985621217, -0.005439969844500126, -0.0012304119429140197], [-0.005439969844500126, 0.0032836581036552693, -0.004056485466724269], [-0.0012304119429140201, -0.004056485466724269, 0.01865173314671413]], "chi2_level": 0.997, "chi2_df": 3, "chi2_threshold": 13.931422665512084, "N_raw": 47, "N_roi": 47, "N_inlier": 47, "refit": true}
{"timestamp": "15:47:00.747063", "frame": 27, "mu": [0.7754433572693684, 4.355296574404127, 0.6930907679196076], "Sigma": [[0.026424156980218067, -0.0040592688850546125, -0.005547748749632804], [-0.0040592688850546125, 0.0068440858051825775, -0.003267606489629804], [-0.005547748749632804, -0.003267606489629804, 0.05944615637999439]], "chi2_level": 0.997, "chi2_df": 3, "chi2_threshold": 13.931422665512084, "N_raw": 51, "N_roi": 51, "N_inlier": 50, "refit": true}
{"timestamp": "15:47:00.802564", "frame": 28, "mu": [0.7364933744624789, 4.298709809321963, 0.84781046192476], "Sigma": [[0.030158113478079084, -0.011317535400252647, -0.024530469940134136], [-0.01131753540025265, 0.0064583847526415335, 0.004694171902588506], [-0.02453046994013413, 0.004694171902588506, 0.03861831511362311]], "chi2_level": 0.997, "chi2_df": 3, "chi2_threshold": 13.931422665512084, "N_raw": 57, "N_roi": 57, "N_inlier": 57, "refit": true}
{"timestamp": "15:47:00.857161", "frame": 29, "mu": [0.8099895108257136, 4.184722187687538, 0.7312237589402298], "Sigma": [[0.024995490475165714, -0.00603159645439144, -0.017458269576659677], [-0.00603159645439144, 0.003788634939857146, 0.0010187067488989824], [-0.017458269576659677, 0.0010187067488989826, 0.020193913937084397]], "chi2_level": 0.997, "chi2_df": 3, "chi2_threshold": 13.931422665512084, "N_raw": 50, "N_roi": 50, "N_inlier": 48, "refit": true}
{"timestamp": "15:47:00.915666", "frame": 30, "mu": [0.6999891442222134, 4.137320666574535, 0.7892210659734722], "Sigma": [[0.02755502632577806, -0.0038749748265207193, -0.010372163400741694], [-0.0038749748265207197, 0.002491528228439273, -0.0034260100796630593], [-0.010372163400741694, -0.0034260100796630593, 0.07129288412929316]], "chi2_level": 0.997, "chi2_df": 3, "chi2_threshold": 13.931422665512084, "N_raw": 68, "N_roi": 68, "N_inlier": 66, "refit": true}
{"timestamp": "15:47:00.970194", "frame": 31, "mu": [0.664914897309614, 4.083195623377954, 0.8012741379304694], "Sigma": [[0.02247406892212165, -0.004327585225756103, -0.012686071059967736], [-0.004327585225756103, 0.0024098570195047863, -0.0037667544659836624], [-0.012686071059967738, -0.0037667544659836624, 0.0739713420781714]], "chi2_level": 0.997, "chi2_df": 3, "chi2_threshold": 13.931422665512084, "N_raw": 69, "N_roi": 69, "N_inlier": 69, "refit": true}
{"timestamp": "15:47:01.026230", "frame": 32, "mu": [0.6928808172631007, 3.9826654578468808, 0.7900321269218646], "Sigma": [[0.02778610601769358, -0.005826793950947271, -0.024838988722981802], [-0.005826793950947271, 0.004243275978452505, 0.0001792001340121923], [-0.024838988722981806, 0.00017920013401219155, 0.043220859595839635]], "chi2_level": 0.997, "chi2_df": 3, "chi2_threshold": 13.931422665512084, "N_raw": 68, "N_roi": 68, "N_inlier": 66, "refit": true}
{"timestamp": "15:47:01.080081", "frame": 33, "mu": [0.7227903115087522, 3.9012201880061896, 0.8490617633072001], "Sigma": [[0.0283871682269398, -0.0074507804910768465, -0.031666147076253356], [-0.0074507804910768465, 0.0033426447279728162, 0.003497498573593202], [-0.031666147076253356, 0.003497498573593202, 0.07813993351629259]], "chi2_level": 0.997, "chi2_df": 3, "chi2_threshold": 13.931422665512084, "N_raw": 71, "N_roi": 71, "N_inlier": 68, "refit": true}
{"timestamp": "15:47:01.132350", "frame": 34, "mu": [0.7001908402755787, 3.951026067401571, -0.6162417557879214], "Sigma": [[0.01873868207008023, 0.008348066338398094, 0.04550973164585949], [0.008348066338398094, 0.010629340952072385, 0.032306467144014056], [0.04550973164585948, 0.032306467144014056, 0.21863835045648214]], "chi2_level": 0.997, "chi2_df": 3, "chi2_threshold": 13.931422665512084, "N_raw": 45, "N_roi": 45, "N_inlier": 45, "refit": true}
{"timestamp": "15:47:01.189938", "frame": 35, "mu": [0.7391285147036244, 3.7383027643582944, 0.7239036433821023], "Sigma": [[0.028671927217621674, -0.0062492436395598094, -0.030304003696301977], [-0.0062492436395598094, 0.003180008758054387, 0.0021341761007498358], [-0.03030400369630198, 0.002134176100749836, 0.05766330861407187]], "chi2_level": 0.997, "chi2_df": 3, "chi2_threshold": 13.931422665512084, "N_raw": 68, "N_roi": 67, "N_inlier": 66, "refit": true}
{"timestamp": "15:47:01.242189", "frame": 36, "mu": [0.7985812628774432, 3.8443902184684737, -0.3154287956522326], "Sigma": [[0.015185348387621554, -0.0012808020073487027, -0.01277721605474601], [-0.001280802007348703, 0.006087692292491978, -0.011150631421561336], [-0.01277721605474601, -0.011150631421561336, 0.046665217896395855]], "chi2_level": 0.997, "chi2_df": 3, "chi2_threshold": 13.931422665512084, "N_raw": 50, "N_roi": 50, "N_inlier": 47, "refit": true}
{"timestamp": "15:47:01.298948", "frame": 37, "mu": [0.7690805842084553, 3.5025593524862626, 0.690609565919122], "Sigma": [[0.02284945431086012, -0.007102720091947727, -0.03140624654103791], [-0.007102720091947727, 0.003350007990450936, 0.006629160724576385], [-0.03140624654103791, 0.006629160724576385, 0.07924442436147203]], "chi2_level": 0.997, "chi2_df": 3, "chi2_threshold": 13.931422665512084, "N_raw": 64, "N_roi": 64, "N_inlier": 64, "refit": true}
{"timestamp": "15:47:01.354414", "frame": 38, "mu": [0.719303663645366, 3.4255738871706836, 0.7203987187091624], "Sigma": [[0.023745280705463435, -0.005049966435315622, -0.01713614627190755], [-0.005049966435315622, 0.0018459400128543603, 0.002107583182767398], [-0.01713614627190755, 0.002107583182767398, 0.057969023739837824]], "chi2_level": 0.997, "chi2_df": 3, "chi2_threshold": 13.931422665512084, "N_raw": 65, "N_roi": 65, "N_inlier": 64, "refit": true}
{"timestamp": "15:47:01.412303", "frame": 39, "mu": [0.718703207484289, 3.586258710028795, -0.24778352732923772], "Sigma": [[0.016257698211126177, -0.0010010079876966518, -0.004064879573152423], [-0.0010010079876966518, 0.00786687380436613, -0.020499134314723756], [-0.004064879573152423, -0.020499134314723756, 0.05885166832997744]], "chi2_level": 0.997, "chi2_df": 3, "chi2_threshold": 13.931422665512084, "N_raw": 74, "N_roi": 74, "N_inlier": 72, "refit": true}
{"timestamp": "15:47:01.468452", "frame": 40, "mu": [0.7618436428905542, 3.3148053171016487, 0.7614754429086371], "Sigma": [[0.023222613314439977, -0.004548266698310224, -0.006319526968960185], [-0.004548266698310224, 0.0019542907480416725, -0.0051760815732868354], [-0.006319526968960185, -0.005176081573286834, 0.0597130212638345]], "chi2_level": 0.997, "chi2_df": 3, "chi2_threshold": 13.931422665512084, "N_raw": 90, "N_roi": 90, "N_inlier": 87, "refit": true}
{"timestamp": "15:47:01.524201", "frame": 41, "mu": [0.6867727970160513, 3.2585015631263428, 0.9341603409710457], "Sigma": [[0.01969057439692508, -0.002678943776325149, 0.00034381595428032785], [-0.002678943776325149, 0.0017755284509723287, -0.00399867006200318], [0.00034381595428032785, -0.00399867006200318, 0.05834985709306975]], "chi2_level": 0.997, "chi2_df": 3, "chi2_threshold": 13.931422665512084, "N_raw": 77, "N_roi": 77, "N_inlier": 74, "refit": true}
{"timestamp": "15:47:01.583053", "frame": 42, "mu": [0.8130755337014959, 3.3613969867395834, -0.32922631839565475], "Sigma": [[0.032732480491677, 0.0005918926624580405, -0.01918955603937505], [0.0005918926624580405, 0.010291730180927189, -0.019941517843593215], [-0.01918955603937505, -0.019941517843593215, 0.054476074227944066]], "chi2_level": 0.997, "chi2_df": 3, "chi2_threshold": 13.931422665512084, "N_raw": 107, "N_roi": 107, "N_inlier": 104, "refit": true}
{"timestamp": "15:47:01.631201", "frame": 43, "mu": [0.6009043819807722, 3.1094069490205642, 0.9574922220648764], "Sigma": [[0.014759595782608773, -0.00477038320307325, -0.00485497388455158], [-0.004770383203073249, 0.003038657957703268, -0.0028681612839620476], [-0.00485497388455158, -0.0028681612839620476, 0.03306037353752546]], "chi2_level": 0.997, "chi2_df": 3, "chi2_threshold": 13.931422665512084, "N_raw": 65, "N_roi": 65, "N_inlier": 62, "refit": true}
{"timestamp": "15:47:01.688629", "frame": 44, "mu": [0.6644183259251631, 3.0301332341953624, 0.8850508097296591], "Sigma": [[0.019207332385524644, -0.005132067881743632, -0.003538814839093284], [-0.005132067881743633, 0.004219692317822144, -0.006374030499426895], [-0.003538814839093284, -0.006374030499426895, 0.030420213358340668]], "chi2_level": 0.997, "chi2_df": 3, "chi2_threshold": 13.931422665512084, "N_raw": 88, "N_roi": 88, "N_inlier": 84, "refit": true}
{"timestamp": "15:47:01.748535", "frame": 45, "mu": [0.7355116221062272, 2.9862800021162483, 0.8305002892372177], "Sigma": [[0.02037412059490592, 0.005869973318976115, -0.011166822036605765], [0.005869973318976116, 0.059691485966104824, 0.014778731439059271], [-0.011166822036605763, 0.014778731439059273, 0.1198962178511015]], "chi2_level": 0.997, "chi2_df": 3, "chi2_threshold": 13.931422665512084, "N_raw": 115, "N_roi": 115, "N_inlier": 112, "refit": true}
{"timestamp": "15:47:01.799726", "frame": 46, "mu": [0.7462803804607583, 2.8154522244591447, 0.813908837487227], "Sigma": [[0.0197629286092217, -0.00745772350541124, -0.014896191874510042], [-0.00745772350541124, 0.009041487594048147, 0.015901536723268286], [-0.01489619187451004, 0.015901536723268283, 0.07887149058110461]], "chi2_level": 0.997, "chi2_df": 3, "chi2_threshold": 13.931422665512084, "N_raw": 89, "N_roi": 89, "N_inlier": 86, "refit": true}
{"timestamp": "15:47:01.857084", "frame": 47, "mu": [0.7746193823759463, 2.7292121179825255, 0.9394096499754659], "Sigma": [[0.02002072870300229, -0.004487551620049596, -0.010178379309960576], [-0.004487551620049595, 0.004322554624229357, -0.006305295364228157], [-0.010178379309960576, -0.006305295364228157, 0.04328942490781845]], "chi2_level": 0.997, "chi2_df": 3, "chi2_threshold": 13.931422665512084, "N_raw": 108, "N_roi": 108, "N_inlier": 105, "refit": true}
{"timestamp": "15:47:01.912193", "frame": 48, "mu": [0.7250058399724403, 2.6605733201416673, 0.9538244290343706], "Sigma": [[0.022063618103029488, -0.004264218054699319, -0.008787260957275363], [-0.004264218054699319, 0.004192210123627332, -0.005971456597711634], [-0.008787260957275365, -0.005971456597711634, 0.02786114407700524]], "chi2_level": 0.997, "chi2_df": 3, "chi2_threshold": 13.931422665512084, "N_raw": 107, "N_roi": 107, "N_inlier": 103, "refit": true}
{"timestamp": "15:47:01.969823", "frame": 49, "mu": [0.7028185776818359, 2.576071552657362, 0.7165297813354928], "Sigma": [[0.017807556804652368, -0.0040417978440148465, -0.012195830433843192], [-0.004041797844014846, 0.0037478024517068557, 0.009433448230384132], [-0.012195830433843192, 0.009433448230384132, 0.28057268169479554]], "chi2_level": 0.997, "chi2_df": 3, "chi2_threshold": 13.931422665512084, "N_raw": 128, "N_roi": 128, "N_inlier": 127, "refit": true}
{"timestamp": "15:47:02.021989", "frame": 50, "mu": [0.7503936127051275, 2.7344539675634194, -0.48195445130114417], "Sigma": [[0.019838206706863152, -0.0011109350407842449, -0.018622591663645004], [-0.001110935040784245, 0.006626378556470604, -0.013243709993725086], [-0.018622591663645008, -0.013243709993725088, 0.0563227807482516]], "chi2_level": 0.997, "chi2_df": 3, "chi2_threshold": 13.931422665512084, "N_raw": 108, "N_roi": 107, "N_inlier": 103, "refit": true}
{"timestamp": "15:47:02.077412", "frame": 51, "mu": [0.6835675670986718, 2.4441194609248478, 0.7516874032029157], "Sigma": [[0.014644056594347366, -0.0027726049057524103, -0.016356021010097612], [-0.0027726049057524103, 0.0028183630700224192, 0.0006688225495950608], [-0.016356021010097616, 0.0006688225495950603, 0.262065489427013]], "chi2_level": 0.997, "chi2_df": 3, "chi2_threshold": 13.931422665512084, "N_raw": 107, "N_roi": 107, "N_inlier": 106, "refit": true}
{"timestamp": "15:47:02.130934", "frame": 52, "mu": [0.6719016398093122, 2.344623439724896, 0.8058955486337052], "Sigma": [[0.018625848424920943, -0.0038018779401446778, -0.016856755036243294], [-0.0038018779401446778, 0.004368837742158369, -0.002079193239731705], [-0.01685675503624329, -0.002079193239731706, 0.09377631535015188]], "chi2_level": 0.997, "chi2_df": 3, "chi2_threshold": 13.931422665512084, "N_raw": 103, "N_roi": 103, "N_inlier": 100, "refit": true}
{"timestamp": "15:47:02.180693", "frame": 53, "mu": [0.670286769708381, 2.291042638783086, 0.827777177438377], "Sigma": [[0.024717436036777413, -0.005111234854936836, -0.025968493668515134], [-0.005111234854936836, 0.002313284062217834, 0.0036928123443907266], [-0.025968493668515134, 0.003692812344390726, 0.04210183560017472]], "chi2_level": 0.997, "chi2_df": 3, "chi2_threshold": 13.931422665512084, "N_raw": 66, "N_roi": 66, "N_inlier": 62, "refit": true}
{"timestamp": "15:47:02.242031", "frame": 54, "mu": [0.7286007224459506, 2.1845129849593485, 0.6909435442422501], "Sigma": [[0.010415148661181931, -0.002917453766755724, -0.004446996236539288], [-0.002917453766755724, 0.007847023824968323, -0.02369555598271362], [-0.004446996236539288, -0.023695555982713626, 0.20744129586328142]], "chi2_level": 0.997, "chi2_df": 3, "chi2_threshold": 13.931422665512084, "N_raw": 118, "N_roi": 118, "N_inlier": 115, "refit": true}
{"timestamp": "15:47:02.300426", "frame": 55, "mu": [0.760671683721607, 2.110368443356293, 0.5825214622865255], "Sigma": [[0.015058028835982238, 0.001343081497293621, -0.017212751536333115], [0.001343081497293621, 0.015391470145729438, -0.03138624877252363], [-0.017212751536333115, -0.03138624877252363, 0.21962324382560652]], "chi2_level": 0.997, "chi2_df": 3, "chi2_threshold": 13.931422665512084, "N_raw": 127, "N_roi": 125, "N_inlier": 124, "refit": true}
{"timestamp": "15:47:02.348430", "frame": 56, "mu": [0.6437076379943931, 2.0076058483123664, 0.7101398175451077], "Sigma": [[0.03395115383623759, -0.004924700056386192, -0.02231592124294459], [-0.004924700056386193, 0.004897993797163773, 0.0023140544636094133], [-0.02231592124294459, 0.0023140544636094133, 0.06767545282214046]], "chi2_level": 0.997, "chi2_df": 3, "chi2_threshold": 13.931422665512084, "N_raw": 87, "N_roi": 87, "N_inlier": 84, "refit": true}
{"timestamp": "15:47:02.413079", "frame": 57, "mu": [0.7009772661836051, 1.9513634484883489, 0.6682698917115898], "Sigma": [[0.018589436868578925, -0.005475321335675742, -0.026249325927465504], [-0.0054753213356757416, 0.005794278964653591, 0.016421877957685026], [-0.026249325927465504, 0.016421877957685026, 0.3187975785280595]], "chi2_level": 0.997, "chi2_df": 3, "chi2_threshold": 13.931422665512084, "N_raw": 150, "N_roi": 149, "N_inlier": 148, "refit": true}
{"timestamp": "15:47:02.456243", "frame": 58, "mu": [0.6883684948320873, 1.9046437933531661, 0.9298633674204564], "Sigma": [[0.008991862722900477, -0.0020182390272115575, -0.011309364135478756], [-0.0020182390272115575, 0.0028686034529180416, 0.006718841963875415], [-0.011309364135478756, 0.006718841963875415, 0.13430382290763979]], "chi2_level": 0.997, "chi2_df": 3, "chi2_threshold": 13.931422665512084, "N_raw": 63, "N_roi": 63, "N_inlier": 62, "refit": true}
{"timestamp": "15:47:02.512432", "frame": 59, "mu": [0.6993563314388048, 1.8090900238444871, 0.8413143336961081], "Sigma": [[0.010830192824762773, -0.003628524707314444, 0.0036543131409288764], [-0.003628524707314444, 0.0026240822206318654, 0.003138841119389487], [0.0036543131409288764, 0.003138841119389487, 0.14377435366152835]], "chi2_level": 0.997, "chi2_df": 3, "chi2_threshold": 13.931422665512084, "N_raw": 83, "N_roi": 83, "N_inlier": 82, "refit": true}
{"timestamp": "15:47:02.571369", "frame": 60, "mu": [0.7354196445993826, 1.7538061707930404, 1.1081625028517241], "Sigma": [[0.009863129392408848, -0.004865025135046661, 0.012701422365378738], [-0.004865025135046661, 0.004758112919836238, -0.011863561080883355], [0.012701422365378738, -0.011863561080883355, 0.0843392701112036]], "chi2_level": 0.997, "chi2_df": 3, "chi2_threshold": 13.931422665512084, "N_raw": 105, "N_roi": 105, "N_inlier": 101, "refit": true}
{"timestamp": "15:47:02.627659", "frame": 61, "mu": [0.8213127652828043, 1.6555168527686053, 0.9898090698317022], "Sigma": [[0.045015169299792546, -0.012569264474491009, -0.030449960239562604], [-0.012569264474491009, 0.005643374176438767, 0.005835191866006462], [-0.030449960239562604, 0.005835191866006463, 0.04450083569895164]], "chi2_level": 0.997, "chi2_df": 3, "chi2_threshold": 13.931422665512084, "N_raw": 113, "N_roi": 113, "N_inlier": 109, "refit": true}
{"timestamp": "15:47:02.687915", "frame": 62, "mu": [0.8087268677642314, 1.6102644874903866, 1.000735942702061], "Sigma": [[0.029060474703787188, -0.008601684506270767, -0.027745461106238805], [-0.008601684506270767, 0.006374562717968863, 0.004200890368247062], [-0.027745461106238805, 0.004200890368247061, 0.053270184898256884]], "chi2_level": 0.997, "chi2_df": 3, "chi2_threshold": 13.931422665512084, "N_raw": 150, "N_roi": 150, "N_inlier": 146, "refit": true}
{"timestamp": "15:47:02.730163", "frame": 63, "mu": [0.6479315420648983, 1.5936729118306068, 1.1119907742901556], "Sigma": [[0.00822668382539084, -0.0019097872761093776, -0.0011421407690893621], [-0.0019097872761093776, 0.0033024473673441855, -0.002627194934993554], [-0.001142140769089362, -0.002627194934993554, 0.011320766951841314]], "chi2_level": 0.997, "chi2_df": 3, "chi2_threshold": 13.931422665512084, "N_raw": 61, "N_roi": 61, "N_inlier": 57, "refit": true}
{"timestamp": "15:47:02.793850", "frame": 64, "mu": [0.8272875571564141, 1.4132010963513073, 0.845311273891783], "Sigma": [[0.039283547121324314, -0.01321493124682556, -0.00580095686468916], [-0.01321493124682556, 0.006453444603034298, 0.0020094157749223403], [-0.005800956864689158, 0.0020094157749223403, 0.06724160509038271]], "chi2_level": 0.997, "chi2_df": 3, "chi2_threshold": 13.931422665512084, "N_raw": 119, "N_roi": 119, "N_inlier": 115, "refit": true}
{"timestamp": "15:47:02.850080", "frame": 65, "mu": [0.7595745654979276, 1.3657493554067444, 1.1000355202841967], "Sigma": [[0.03346028163595097, -0.012784183563612706, -0.02409908666894992], [-0.012784183563612706, 0.010103331389867161, 0.002676549429411421], [-0.02409908666894992, 0.0026765494294114216, 0.038588522944451954]], "chi2_level": 0.997, "chi2_df": 3, "chi2_threshold": 13.931422665512084, "N_raw": 121, "N_roi": 121, "N_inlier": 117, "refit": true}
{"timestamp": "15:47:02.900914", "frame": 66, "mu": [0.6435337781601839, 1.3370150106644942, 0.8197459058272093], "Sigma": [[0.011213388519822754, -0.00424252957335663, -0.03203306999532851], [-0.00424252957335663, 0.003764039082338054, 0.005483961961782329], [-0.03203306999532851, 0.00548396196178233, 0.24003494411760684]], "chi2_level": 0.997, "chi2_df": 3, "chi2_threshold": 13.931422665512084, "N_raw": 95, "N_roi": 95, "N_inlier": 93, "refit": true}
{"timestamp": "15:47:02.953610", "frame": 67, "mu": [0.7028384644525048, 1.218790853107496, 1.2250068392721831], "Sigma": [[0.004410555088577436, -0.0007390749326063193, 0.004090755838159534], [-0.0007390749326063193, 0.003068319092210209, -0.005883449494687431], [0.004090755838159534, -0.00588344949468743, 0.052406039076685215]], "chi2_level": 0.997, "chi2_df": 3, "chi2_threshold": 13.931422665512084, "N_raw": 85, "N_roi": 85, "N_inlier": 81, "refit": true}
{"timestamp": "15:47:03.012182", "frame": 68, "mu": [0.7018578331175506, 1.1823045222445636, -0.600356637231832], "Sigma": [[0.005496742691579915, 0.001155746356291579, 0.0016873278568154508], [0.0011557463562915792, 0.0035145806429984204, -0.004629393342550928], [0.0016873278568154508, -0.004629393342550928, 0.04889571436902707]], "chi2_level": 0.997, "chi2_df": 3, "chi2_threshold": 13.931422665512084, "N_raw": 101, "N_roi": 101, "N_inlier": 99, "refit": true}
{"timestamp": "15:47:03.060369", "frame": 69, "mu": [0.6992804854885342, 1.062846418175389, 1.4845353730869162], "Sigma": [[0.005995982909944931, -0.0003639195367254217, -0.001717043111580884], [-0.00036391953672542174, 0.0037339400379222793, -0.0023261317291015933], [-0.001717043111580884, -0.0023261317291015933, 0.004771521721323739]], "chi2_level": 0.997, "chi2_df": 3, "chi2_threshold": 13.931422665512084, "N_raw": 60, "N_roi": 60, "N_inlier": 56, "refit": true}
{"timestamp": "15:47:03.120447", "frame": 70, "mu": [0.6570784977905498, 1.0728645344682717, 1.3771834540098096], "Sigma": [[0.0049978811494543795, -0.0020707165272755984, 0.003290518388335731], [-0.0020707165272755984, 0.005650584862010114, -0.008297772419830863], [0.003290518388335731, -0.008297772419830863, 0.015577520425761344]], "chi2_level": 0.997, "chi2_df": 3, "chi2_threshold": 13.931422665512084, "N_raw": 97, "N_roi": 97, "N_inlier": 93, "refit": true}
{"timestamp": "15:47:03.173849", "frame": 71, "mu": [0.6608403763134152, 0.9064384256285689, 1.2223024446746042], "Sigma": [[0.006811857994211524, 0.0031825790778443434, 0.005865380811785743], [0.0031825790778443434, 0.01082855987770479, 0.03194315480745487], [0.005865380811785743, 0.03194315480745487, 0.17647161233264452]], "chi2_level": 0.997, "chi2_df": 3, "chi2_threshold": 13.931422665512084, "N_raw": 81, "N_roi": 81, "N_inlier": 78, "refit": true}
{"timestamp": "15:47:03.230588", "frame": 72, "mu": [0.6100819656116018, 0.955172384875292, 1.2837642905664515], "Sigma": [[0.005638214180903609, -0.002266936221945777, 0.01142174207536382], [-0.0022669362219457766, 0.005057327800385016, -0.010268527157795762], [0.011421742075363818, -0.010268527157795762, 0.049347822052905874]], "chi2_level": 0.997, "chi2_df": 3, "chi2_threshold": 13.931422665512084, "N_raw": 104, "N_roi": 104, "N_inlier": 101, "refit": true}
{"timestamp": "15:47:03.287718", "frame": 73, "mu": [0.6034301123476588, 0.8823615165509929, 1.2455136868084362], "Sigma": [[0.004480599634300434, -0.00026491084466627294, 0.011103002405941115], [-0.0002649108446662732, 0.015173315448821745, 0.005748764920492329], [0.011103002405941115, 0.00574876492049233, 0.07053612344261817]], "chi2_level": 0.997, "chi2_df": 3, "chi2_threshold": 13.931422665512084, "N_raw": 113, "N_roi": 113, "N_inlier": 112, "refit": true}
{"timestamp": "15:47:03.338892", "frame": 74, "mu": [0.6130775811954962, 0.9747426357634091, -0.5616644022235293], "Sigma": [[0.0033664405548758814, -0.001272544912873913, 0.009886123458619143], [-0.0012725449128739128, 0.015008904025147745, -0.0036157950321658522], [0.009886123458619145, -0.0036157950321658514, 0.08211281755728997]], "chi2_level": 0.997, "chi2_df": 3, "chi2_threshold": 13.931422665512084, "N_raw": 80, "N_roi": 80, "N_inlier": 79, "refit": true}
{"timestamp": "15:47:03.386321", "frame": 75, "mu": [0.6167801579563674, 0.7021478714678411, 1.3102223052434778], "Sigma": [[0.0032951714487402237, 0.0012967629037030372, 0.01151992678297145], [0.0012967629037030372, 0.006848802276404205, 0.0028999775744196054], [0.01151992678297145, 0.0028999775744196054, 0.07056582383423171]], "chi2_level": 0.997, "chi2_df": 3, "chi2_threshold": 13.931422665512084, "N_raw": 41, "N_roi": 41, "N_inlier": 40, "refit": true}
{"timestamp": "15:47:03.446210", "frame": 76, "mu": [0.6813312074671978, 0.8279133535412135, -0.44335920953129354], "Sigma": [[0.004489018805385018, 0.0010152328257154912, -0.004209082195026275], [0.0010152328257154912, 0.00835139590331969, -0.010595834443288005], [-0.004209082195026275, -0.010595834443288004, 0.020413308660798508]], "chi2_level": 0.997, "chi2_df": 3, "chi2_threshold": 13.931422665512084, "N_raw": 71, "N_roi": 71, "N_inlier": 69, "refit": true}
{"timestamp": "15:47:03.501341", "frame": 77, "mu": [0.6847460923388302, 0.6351398001586686, 1.4385437490367177], "Sigma": [[0.0023380887209379425, -0.00047582602351453585, -0.00259084113733024], [-0.0004758260235145357, 0.003373724989397273, -0.003486112857329105], [-0.00259084113733024, -0.003486112857329105, 0.009926685322249952]], "chi2_level": 0.997, "chi2_df": 3, "chi2_threshold": 13.931422665512084, "N_raw": 66, "N_roi": 66, "N_inlier": 63, "refit": true}
{"timestamp": "15:47:03.549705", "frame": 78, "mu": [0.6599581127290934, 0.5547413911402239, 1.4410804936337755], "Sigma": [[0.002143664021121288, 0.000636007291921473, -0.0005907838532390932], [0.000636007291921473, 0.0025662606387887466, 0.0028752159955155038], [-0.0005907838532390934, 0.002875215995515503, 0.045782897879283156]], "chi2_level": 0.997, "chi2_df": 3, "chi2_threshold": 13.931422665512084, "N_raw": 31, "N_roi": 31, "N_inlier": 31, "refit": true}
{"timestamp": "15:47:03.606917", "frame": 79, "mu": [0.6759974477227928, 0.49538169379462016, 1.5101914061915742], "Sigma": [[0.00527641533413593, -0.0033465829689955286, 0.0014279864952470673], [-0.0033465829689955286, 0.004451805830969526, -0.004989134512592997], [0.0014279864952470673, -0.004989134512592997, 0.012650000557741204]], "chi2_level": 0.997, "chi2_df": 3, "chi2_threshold": 13.931422665512084, "N_raw": 45, "N_roi": 45, "N_inlier": 45, "refit": true}
{"timestamp": "15:47:03.660148", "frame": 80, "mu": [0.6155334167518962, 0.47556780700401274, 1.4354585541717055], "Sigma": [[0.0019599995777726527, -0.0012340227920712055, 0.0029753636339547394], [-0.0012340227920712055, 0.005928815815120793, -0.012572186261508538], [0.002975363633954739, -0.012572186261508536, 0.03550993607531905]], "chi2_level": 0.997, "chi2_df": 3, "chi2_threshold": 13.931422665512084, "N_raw": 30, "N_roi": 30, "N_inlier": 28, "refit": true}
{"timestamp": "15:47:03.712580", "frame": 81, "mu": [0.6580946995715609, 0.4265610979192021, 1.5133146568716584], "Sigma": [[0.0006924025174462402, 1.8437117959853582e-05, 0.00017991972867348034], [1.8437117959853582e-05, 0.0030085855308648905, -0.006474832831701216], [0.00017991972867348034, -0.006474832831701216, 0.01533833707259892]], "chi2_level": 0.997, "chi2_df": 3, "chi2_threshold": 13.931422665512084, "N_raw": 12, "N_roi": 11, "N_inlier": 11, "refit": true}
{"timestamp": "15:47:03.767761", "frame": 82, "mu": [0.6010893206061565, 0.3876089211079443, 1.2356629615704422], "Sigma": [[0.003433288645338035, -0.002354580384028196, -0.018351663140283407], [-0.002354580384028196, 0.0020881366148564544, 0.00962137217202093], [-0.018351663140283407, 0.00962137217202093, 0.12444218801457223]], "chi2_level": 0.997, "chi2_df": 3, "chi2_threshold": 13.931422665512084, "N_raw": 13, "N_roi": 12, "N_inlier": 11, "refit": true}
{"timestamp": "15:47:03.822377", "frame": 83, "mu": [0.6224997417606942, 0.2757814156141897, 1.182290875066058], "Sigma": [[0.011440397109989738, -0.0034871113124635344, -0.043579067198732696], [-0.0034871113124635344, 0.0014096208802213928, 0.012068945748933416], [-0.04357906719873269, 0.012068945748933416, 0.23228450906335613]], "chi2_level": 0.997, "chi2_df": 3, "chi2_threshold": 13.931422665512084, "N_raw": 9, "N_roi": 7, "N_inlier": 7, "refit": true}
{"timestamp": "15:47:03.876857", "frame": 84, "mu": [0.7157816399404417, 0.18465816253061945, 1.1918003507943236], "Sigma": [[0.010385376601560874, -0.0011421243940821389, -0.06368971270622323], [-0.001142124394082139, 0.0013380430907978557, 0.008610526702013004], [-0.06368971270622323, 0.008610526702013004, 0.427310567860328]], "chi2_level": 0.997, "chi2_df": 3, "chi2_threshold": 13.931422665512084, "N_raw": 9, "N_roi": 8, "N_inlier": 8, "refit": true}
{"timestamp": "15:47:03.930845", "frame": 85, "mu": [0.19054465761159767, 0.14865044334473543, 1.6568037717421462], "Sigma": [[0.33566483509442, 0.011047381054413304, -0.011817098689400962], [0.011047381054413304, 0.001292986038009436, 0.0038977784026896327], [-0.011817098689400958, 0.0038977784026896323, 0.0365772155597413]], "chi2_level": 0.997, "chi2_df": 3, "chi2_threshold": 13.931422665512084, "N_raw": 7, "N_roi": 5, "N_inlier": 5, "refit": true}
{"timestamp": "15:47:03.987368", "frame": 86, "mu": [0.5649581467286341, 0.06223393063212079, 0.6036582758989392], "Sigma": [[0.16651131733280125, -0.008129928791922173, -0.1636575451210345], [-0.008129928791922173, 0.0016751893295537338, 0.026110764344333563], [-0.1636575451210345, 0.026110764344333567, 0.5320249336496299]], "chi2_level": 0.997, "chi2_df": 3, "chi2_threshold": 13.931422665512084, "N_raw": 14, "N_roi": 10, "N_inlier": 10, "refit": true}
{"timestamp": "15:47:04.124042", "frame": 87, "mu": [0.3270042864359012, 0.2868759072961831, -1.0869421302229054], "Sigma": [[0.4026598269279851, 0.02465293694428407, -0.04491188634031189], [0.02465293694428407, 0.005800770394208425, -0.0396529363048286], [-0.044911886340311874, -0.0396529363048286, 0.5666305589455205]], "chi2_level": 0.997, "chi2_df": 3, "chi2_threshold": 13.931422665512084, "N_raw": 7, "N_roi": 7, "N_inlier": 7, "refit": true}
