{"timestamp": "15:36:19.763536", "frame": 30, "mu": [-2.4140885733669752, 3.9314172036594375, 0.890719564147793], "Sigma": [[0.001326442300891004, -8.731276795958843e-05, -0.0003627799581574476], [-8.731276795958848e-05, 0.0044000548258403245, -0.0013429158257097238], [-0.0003627799581574476, -0.0013429158257097238, 0.0006900556553227264]], "chi2_level": 0.997, "chi2_df": 3, "chi2_threshold": 13.931422665512084, "N_raw": 11, "N_roi": 8, "N_inlier": 8, "refit": true}
{"timestamp": "15:36:19.930902", "frame": 33, "mu": [-2.2447087720337304, 4.132073068447421, 0.2029958786478187], "Sigma": [[0.017250216039640838, 0.010287912758964783, -0.010853930301982694], [0.010287912758964785, 0.008506024906370107, -0.007846081192536528], [-0.010853930301982694, -0.007846081192536528, 0.009656382196476245]], "chi2_level": 0.997, "chi2_df": 3, "chi2_threshold": 13.931422665512084, "N_raw": 28, "N_roi": 24, "N_inlier": 22, "refit": true}
{"timestamp": "15:36:19.989193", "frame": 34, "mu": [-2.2320344829527325, 4.016693195394957, 0.8512333351532542], "Sigma": [[0.019471071591535223, 0.012497993274950622, -0.0218157155920811], [0.012497993274950622, 0.014616986087466534, -0.017203588452046028], [-0.0218157155920811, -0.017203588452046028, 0.031163709612408413]], "chi2_level": 0.997, "chi2_df": 3, "chi2_threshold": 13.931422665512084, "N_raw": 26, "N_roi": 24, "N_inlier": 24, "refit": true}
{"timestamp": "15:36:20.039919", "frame": 35, "mu": [-2.1580052643311265, 4.259607103301291, -0.10398762354932747], "Sigma": [[0.009594488334898213, 0.010466675739722257, -0.005707951179376508], [0.010466675739722257, 0.01642091656581006, -0.008865211400551649], [-0.005707951179376508, -0.008865211400551649, 0.005151386176042578]], "chi2_level": 0.997, "chi2_df": 3, "chi2_threshold": 13.931422665512084, "N_raw": 11, "N_roi": 11, "N_inlier": 11, "refit": true}
{"timestamp": "15:36:20.096110", "frame": 36, "mu": [-2.0747705265135403, 4.068313107025716, 0.9106549203429812], "Sigma": [[0.008759362799886443, 0.0038136248976832787, -0.005741537007560221], [0.0038136248976832787, 0.00709121652633649, -0.009197976714089309], [-0.005741537007560222, -0.009197976714089309, 0.01929042240082917]], "chi2_level": 0.997, "chi2_df": 3, "chi2_threshold": 13.931422665512084, "N_raw": 13, "N_roi": 12, "N_inlier": 12, "refit": true}
{"timestamp": "15:36:20.262149", "frame": 39, "mu": [-1.9392344131124484, 4.035299962781739, 0.8068506631901664], "Sigma": [[0.011224570264759851, -6.765941820399452e-05, 0.013329007450383089], [-6.765941820399441e-05, 0.001843319488277907, -0.014760200732784598], [0.01332900745038309, -0.014760200732784598, 0.16595060648031865]], "chi2_level": 0.997, "chi2_df": 3, "chi2_threshold": 13.931422665512084, "N_raw": 23, "N_roi": 21, "N_inlier": 20, "refit": true}
{"timestamp": "15:36:20.315129", "frame": 40, "mu": [-1.8891967757976726, 4.029125640405249, 0.9604420820604118], "Sigma": [[0.0017050148494238456, 0.0013257907527245254, -0.01652413737242909], [0.001325790752724525, 0.004525555891706444, -0.026419121427105514], [-0.01652413737242909, -0.02641912142710552, 0.21419061758208227]], "chi2_level": 0.997, "chi2_df": 3, "chi2_threshold": 13.931422665512084, "N_raw": 7, "N_roi": 5, "N_inlier": 5, "refit": true}
{"timestamp": "15:36:20.370016", "frame": 41, "mu": [-1.8167451114314797, 4.059072229154653, 1.1207996270368374], "Sigma": [[0.00221189090713652, 0.0005332825806125992, -0.0024146185628298707], [0.0005332825806125992, 0.005084346953612235, 0.002221874190063874], [-0.002414618562829871, 0.002221874190063874, 0.004963052827095055]], "chi2_level": 0.997, "chi2_df": 3, "chi2_threshold": 13.931422665512084, "N_raw": 8, "N_roi": 7, "N_inlier": 7, "refit": true}
{"timestamp": "15:36:20.425172", "frame": 42, "mu": [-1.709677537672337, 4.031108556096186, 1.1256285618338295], "Sigma": [[0.009621190929314604, -0.00298824172291588, -0.0028840274359545363], [-0.00298824172291588, 0.003258140930385738, 0.0013318999805874616], [-0.0028840274359545363, 0.0013318999805874618, 0.006324376095464359]], "chi2_level": 0.997, "chi2_df": 3, "chi2_threshold": 13.931422665512084, "N_raw": 10, "N_roi": 8, "N_inlier": 8, "refit": true}
{"timestamp": "15:36:20.483044", "frame": 43, "mu": [-1.6973357821810744, 4.024844246829951, 1.127063718218747], "Sigma": [[0.016635193715921464, 0.00429949686010638, -0.0100788756273987], [0.00429949686010638, 0.003075898385532928, -0.002714760811043336], [-0.0100788756273987, -0.002714760811043336, 0.007974631503142182]], "chi2_level": 0.997, "chi2_df": 3, "chi2_threshold": 13.931422665512084, "N_raw": 25, "N_roi": 22, "N_inlier": 22, "refit": true}
{"timestamp": "15:36:20.535231", "frame": 44, "mu": [-1.3619123414637941, 3.545545190362234, 1.0616724555970933], "Sigma": [[0.2981514427973314, -0.6957427603173596, 0.22854195036052394], [-0.6957427603173596, 1.6271700013608839, -0.5367063636480051], [0.2285419503605239, -0.5367063636480051, 0.18005034830803285]], "chi2_level": 0.997, "chi2_df": 3, "chi2_threshold": 13.931422665512084, "N_raw": 9, "N_roi": 5, "N_inlier": 5, "refit": true}
{"timestamp": "15:36:20.594011", "frame": 45, "mu": [-1.5861108868029443, 4.038655718753459, 1.1028748093088858], "Sigma": [[0.017920060669294906, 0.0029057759059577526, -0.016962080852513352], [0.0029057759059577526, 0.0032554357227325015, -0.00458485898900041], [-0.016962080852513352, -0.00458485898900041, 0.019037480619203476]], "chi2_level": 0.997, "chi2_df": 3, "chi2_threshold": 13.931422665512084, "N_raw": 37, "N_roi": 33, "N_inlier": 31, "refit": true}
{"timestamp": "15:36:20.700133", "frame": 47, "mu": [-1.4297419051338411, 4.062540884040424, 0.6691827495783709], "Sigma": [[0.006903885739610968, 0.002173501095080113, -0.016705807413841818], [0.0021735010950801135, 0.006021349575407012, -0.02249883566574326], [-0.01670580741384182, -0.02249883566574326, 0.12487838507418131]], "chi2_level": 0.997, "chi2_df": 3, "chi2_threshold": 13.931422665512084, "N_raw": 9, "N_roi": 8, "N_inlier": 8, "refit": true}
{"timestamp": "15:36:20.812879", "frame": 49, "mu": [-1.3284319469454173, 4.063038462323189, 0.87894069071625], "Sigma": [[0.00886931977844676, 0.0017211657176243443, -0.004019229897986008], [0.0017211657176243443, 0.002782572111606975, -0.003521930688088052], [-0.004019229897986008, -0.003521930688088052, 0.007293693723605899]], "chi2_level": 0.997, "chi2_df": 3, "chi2_threshold": 13.931422665512084, "N_raw": 29, "N_roi": 26, "N_inlier": 26, "refit": true}
{"timestamp": "15:36:20.920199", "frame": 51, "mu": [-1.1063429329824475, 3.6960201342019094, 0.9873953593308129], "Sigma": [[0.09772190650569053, -0.37599200119421744, 0.13220062375963387], [-0.37599200119421744, 1.490530769216065, -0.4469276923493241], [0.13220062375963387, -0.4469276923493241, 0.2950585042278756]], "chi2_level": 0.997, "chi2_df": 3, "chi2_threshold": 13.931422665512084, "N_raw": 9, "N_roi": 6, "N_inlier": 6, "refit": true}
{"timestamp": "15:36:20.975788", "frame": 52, "mu": [-1.0812906202014427, 4.111159500152167, 0.7154583618552457], "Sigma": [[0.0012327662854618275, -0.0005821185724527953, 0.005805311625184792], [-0.0005821185724527953, 0.004975356858937515, -0.010044976442080317], [0.005805311625184792, -0.010044976442080316, 0.12058588165850137]], "chi2_level": 0.997, "chi2_df": 3, "chi2_threshold": 13.931422665512084, "N_raw": 9, "N_roi": 5, "N_inlier": 5, "refit": true}
{"timestamp": "15:36:21.028901", "frame": 53, "mu": [-1.0869237561354477, 4.069771098049869, 0.9170134504078127], "Sigma": [[0.001581133230212015, -6.476022195332049e-06, -0.011678344950661942], [-6.476022195332049e-06, 0.001257633389211077, 0.0005098259370031988], [-0.011678344950661942, 0.0005098259370031983, 0.10307024410005697]], "chi2_level": 0.997, "chi2_df": 3, "chi2_threshold": 13.931422665512084, "N_raw": 5, "N_roi": 5, "N_inlier": 5, "refit": true}
{"timestamp": "15:36:21.089060", "frame": 54, "mu": [-1.0370203000306752, 4.08217263947587, 1.0924419767331819], "Sigma": [[0.02190289454771127, 0.0032211620764263063, -0.009353109111224053], [0.003221162076426306, 0.003705420076694933, -0.00040305582661645664], [-0.009353109111224053, -0.0004030558266164567, 0.0053630298303589076]], "chi2_level": 0.997, "chi2_df": 3, "chi2_threshold": 13.931422665512084, "N_raw": 36, "N_roi": 36, "N_inlier": 36, "refit": true}
{"timestamp": "15:36:21.145154", "frame": 55, "mu": [-1.0038275379362465, 4.183287991609091, 0.06585527403334508], "Sigma": [[0.0208076322386661, 0.004806859686191793, -0.008581093414119438], [0.004806859686191793, 0.004251990249972682, -0.0033488002109230623], [-0.008581093414119436, -0.0033488002109230623, 0.0054306945597209525]], "chi2_level": 0.997, "chi2_df": 3, "chi2_threshold": 13.931422665512084, "N_raw": 38, "N_roi": 38, "N_inlier": 37, "refit": true}
{"timestamp": "15:36:21.196163", "frame": 56, "mu": [-0.9299568548538508, 4.1426694645408135, 0.8439535433302185], "Sigma": [[0.009031299733560294, 0.0022380298941258358, -0.0024294005390511873], [0.002238029894125836, 0.0035864177082846234, -0.0028078095284349855], [-0.0024294005390511873, -0.0028078095284349855, 0.003107692783008549]], "chi2_level": 0.997, "chi2_df": 3, "chi2_threshold": 13.931422665512084, "N_raw": 15, "N_roi": 14, "N_inlier": 13, "refit": true}
{"timestamp": "15:36:21.251472", "frame": 57, "mu": [-0.7794887815427847, 4.187449761238078, 0.6565133719652676], "Sigma": [[0.008243831829105494, 0.008652232529708087, -0.02883979532504268], [0.008652232529708086, 0.016446864516266108, -0.03914120022033053], [-0.02883979532504268, -0.03914120022033053, 0.11318272612907675]], "chi2_level": 0.997, "chi2_df": 3, "chi2_threshold": 13.931422665512084, "N_raw": 11, "N_roi": 7, "N_inlier": 7, "refit": true}
{"timestamp": "15:36:21.310180", "frame": 58, "mu": [-0.7755059765393875, 4.281579583528895, -0.056616996882927435], "Sigma": [[0.023195106816789726, 0.00532360764723034, 0.00827175448759953], [0.00532360764723034, 0.0080782010515648, 0.0018399100516922565], [0.00827175448759953, 0.0018399100516922574, 0.05018827525857931]], "chi2_level": 0.997, "chi2_df": 3, "chi2_threshold": 13.931422665512084, "N_raw": 41, "N_roi": 40, "N_inlier": 38, "refit": true}
{"timestamp": "15:36:21.361121", "frame": 59, "mu": [-0.7901812151251812, 4.408840029751789, -0.266201815613517], "Sigma": [[0.0035503917862786598, 4.878979747077478e-05, 0.0053465179239752135], [4.878979747077478e-05, 0.05067798126823492, -0.08342469145399073], [0.005346517923975214, -0.08342469145399073, 0.14789122050656892]], "chi2_level": 0.997, "chi2_df": 3, "chi2_threshold": 13.931422665512084, "N_raw": 14, "N_roi": 9, "N_inlier": 9, "refit": true}
{"timestamp": "15:36:21.418896", "frame": 60, "mu": [-0.6787001531705059, 4.335993735056824, -0.15355661183476516], "Sigma": [[0.01426829893715104, -0.006345381285500476, 0.01292242705519666], [-0.006345381285500476, 0.025724524871626256, -0.048955940991103175], [0.012922427055196662, -0.048955940991103175, 0.09753055231186562]], "chi2_level": 0.997, "chi2_df": 3, "chi2_threshold": 13.931422665512084, "N_raw": 26, "N_roi": 23, "N_inlier": 23, "refit": true}
{"timestamp": "15:36:21.475481", "frame": 61, "mu": [-0.5898280038272921, 4.135011175957198, 1.0208791659753513], "Sigma": [[0.02667294567163031, 0.0008682915239167296, 0.001278344851402694], [0.0008682915239167291, 0.004463140668068805, -0.011843043755120472], [0.001278344851402694, -0.011843043755120472, 0.0644350264842363]], "chi2_level": 0.997, "chi2_df": 3, "chi2_threshold": 13.931422665512084, "N_raw": 41, "N_roi": 38, "N_inlier": 37, "refit": true}
{"timestamp": "15:36:21.528185", "frame": 62, "mu": [-0.4886762208036256, 4.142925465025525, 0.9551275942644314], "Sigma": [[0.01670521217955822, -0.0009424792034682519, 0.01644519907792214], [-0.0009424792034682517, 0.003470184307435142, -0.016630898587711176], [0.01644519907792214, -0.016630898587711176, 0.1264828974020433]], "chi2_level": 0.997, "chi2_df": 3, "chi2_threshold": 13.931422665512084, "N_raw": 29, "N_roi": 22, "N_inlier": 22, "refit": true}
{"timestamp": "15:36:21.581774", "frame": 63, "mu": [-0.5285510769088493, 4.190349573860285, 0.8394150487004837], "Sigma": [[0.0009246189850261315, -0.0009395100613495764, -0.0013046216322356065], [-0.0009395100613495764, 0.007742775335051543, -0.04700404515006432], [-0.0013046216322356065, -0.04700404515006432, 0.4880199840354204]], "chi2_level": 0.997, "chi2_df": 3, "chi2_threshold": 13.931422665512084, "N_raw": 11, "N_roi": 8, "N_inlier": 8, "refit": true}
{"timestamp": "15:36:21.635108", "frame": 64, "mu": [-0.3320916155934551, 4.209179577961351, 0.28463217980878125], "Sigma": [[0.007270441662089994, 0.0013734593831163599, -0.0007921873285262821], [0.00137345938311636, 0.003558434372714107, -0.00604527882905672], [-0.000792187328526282, -0.00604527882905672, 0.011586687350855168]], "chi2_level": 0.997, "chi2_df": 3, "chi2_threshold": 13.931422665512084, "N_raw": 12, "N_roi": 12, "N_inlier": 12, "refit": true}
{"timestamp": "15:36:21.801597", "frame": 67, "mu": [-0.2475550203874214, 4.195283367378703, 0.7610012002141762], "Sigma": [[0.0042567878762364625, 0.0019154163504527242, 0.021947448119199527], [0.0019154163504527242, 0.011256689619020611, -0.04152663088185606], [0.021947448119199527, -0.04152663088185606, 0.4346704979758341]], "chi2_level": 0.997, "chi2_df": 3, "chi2_threshold": 13.931422665512084, "N_raw": 7, "N_roi": 7, "N_inlier": 7, "refit": true}
{"timestamp": "15:36:21.855127", "frame": 68, "mu": [-0.2110518328785655, 4.194484701574437, 0.6705367014699626], "Sigma": [[0.0034977741658110606, 0.0027051060526058425, 0.005417685954885409], [0.002705106052605843, 0.0039066776336302185, -0.019405220266130018], [0.0054176859548854105, -0.019405220266130018, 0.3888224477090354]], "chi2_level": 0.997, "chi2_df": 3, "chi2_threshold": 13.931422665512084, "N_raw": 7, "N_roi": 7, "N_inlier": 7, "refit": true}
{"timestamp": "15:36:21.910147", "frame": 69, "mu": [-0.20397788312951723, 4.159300265024568, 1.3643149910816914], "Sigma": [[0.0025402846915454557, 0.0024996701640807176, -0.0003968906942236465], [0.0024996701640807176, 0.006072340325900258, -0.0009424976635810229], [-0.0003968906942236465, -0.0009424976635810229, 0.0001473636386577215]], "chi2_level": 0.997, "chi2_df": 3, "chi2_threshold": 13.931422665512084, "N_raw": 7, "N_roi": 7, "N_inlier": 7, "refit": true}
{"timestamp": "15:36:21.970872", "frame": 70, "mu": [-0.09052247283410722, 4.179111864782561, 1.1405718688531283], "Sigma": [[0.02171226345481192, -0.002066822497947027, -0.00930929107131432], [-0.002066822497947027, 0.0035066057986065796, -0.0027781773264536776], [-0.00930929107131432, -0.002778177326453678, 0.009887715112114752]], "chi2_level": 0.997, "chi2_df": 3, "chi2_threshold": 13.931422665512084, "N_raw": 51, "N_roi": 49, "N_inlier": 48, "refit": true}
{"timestamp": "15:36:22.021176", "frame": 71, "mu": [-0.030625997456239677, 4.2167383780086904, 1.1569908276303411], "Sigma": [[0.008590179213521674, -0.00012086106866745807, 0.0003064840312815739], [-0.00012086106866745808, 0.0009338052031553807, -0.0034905806852181835], [0.0003064840312815738, -0.0034905806852181835, 0.017906397820822324]], "chi2_level": 0.997, "chi2_df": 3, "chi2_threshold": 13.931422665512084, "N_raw": 17, "N_roi": 14, "N_inlier": 14, "refit": true}
{"timestamp": "15:36:22.075808", "frame": 72, "mu": [0.006373286457437309, 4.430601118186377, -0.16444532023773864], "Sigma": [[0.0031526423392807144, -0.004533071700974165, 0.02072887049967264], [-0.004533071700974165, 0.022336876673162805, -0.06811097436762631], [0.02072887049967264, -0.06811097436762631, 0.22979725118704517]], "chi2_level": 0.997, "chi2_df": 3, "chi2_threshold": 13.931422665512084, "N_raw": 10, "N_roi": 8, "N_inlier": 8, "refit": true}
{"timestamp": "15:36:22.130304", "frame": 73, "mu": [0.09323877947566964, 4.242522872671775, 0.6786015478799529], "Sigma": [[0.0023283538196740266, -0.00028249469139187495, -0.000944514404132213], [-0.00028249469139187495, 0.0007571315792414161, -0.003361285331703865], [-0.0009445144041322123, -0.0033612853317038656, 0.04326724877913156]], "chi2_level": 0.997, "chi2_df": 3, "chi2_threshold": 13.931422665512084, "N_raw": 7, "N_roi": 6, "N_inlier": 6, "refit": true}
{"timestamp": "15:36:22.185871", "frame": 74, "mu": [0.1026328886322336, 4.225493487830555, 1.0331263368234325], "Sigma": [[0.0035752835485784503, 0.0017382691321664566, 0.00726120303091842], [0.0017382691321664566, 0.005444652224066986, -0.009513401276940397], [0.00726120303091842, -0.009513401276940397, 0.08018443555440573]], "chi2_level": 0.997, "chi2_df": 3, "chi2_threshold": 13.931422665512084, "N_raw": 13, "N_roi": 7, "N_inlier": 7, "refit": true}
{"timestamp": "15:36:22.405978", "frame": 78, "mu": [0.3935015140041676, 4.208419102990398, 1.0300728901660794], "Sigma": [[0.016145042293762537, 0.012946470912608346, -0.030453582773361125], [0.012946470912608346, 0.015988152386880162, -0.03378079238217697], [-0.030453582773361125, -0.03378079238217697, 0.07563976389516677]], "chi2_level": 0.997, "chi2_df": 3, "chi2_threshold": 13.931422665512084, "N_raw": 15, "N_roi": 13, "N_inlier": 13, "refit": true}
{"timestamp": "15:36:22.461796", "frame": 79, "mu": [0.44079425565356034, 4.172712816949944, 0.8957552232128593], "Sigma": [[0.015010316465264009, 0.004127046811914503, -0.035348945871061146], [0.004127046811914503, 0.0032778560061392436, -0.013460781865705894], [-0.035348945871061146, -0.013460781865705892, 0.10843395818788776]], "chi2_level": 0.997, "chi2_df": 3, "chi2_threshold": 13.931422665512084, "N_raw": 14, "N_roi": 11, "N_inlier": 11, "refit": true}
{"timestamp": "15:36:22.515054", "frame": 80, "mu": [0.46359289539983267, 4.217803995042985, 1.0603730540231844], "Sigma": [[0.005969555954848585, 0.0038941583494717007, -0.027500017233010772], [0.0038941583494717003, 0.006906848030932433, -0.012819675800857489], [-0.027500017233010772, -0.012819675800857487, 0.1335549325180061]], "chi2_level": 0.997, "chi2_df": 3, "chi2_threshold": 13.931422665512084, "N_raw": 9, "N_roi": 6, "N_inlier": 6, "refit": true}
{"timestamp": "15:36:22.570700", "frame": 81, "mu": [0.4437699263680434, 4.233093833280587, 0.8050407711252601], "Sigma": [[0.00703945465424199, -0.006568304735200476, 0.021506813274089254], [-0.006568304735200476, 0.015319962072230112, -0.04580273416518449], [0.021506813274089254, -0.04580273416518449, 0.14838625879400613]], "chi2_level": 0.997, "chi2_df": 3, "chi2_threshold": 13.931422665512084, "N_raw": 9, "N_roi": 7, "N_inlier": 7, "refit": true}
{"timestamp": "15:36:22.626566", "frame": 82, "mu": [0.5283355599311215, 4.198383399544068, 1.126539561586213], "Sigma": [[0.008170513061395171, -0.007907342347763446, 0.02283747320175741], [-0.007907342347763446, 0.012437323585526325, -0.033302140734784526], [0.02283747320175741, -0.033302140734784526, 0.12727978955319583]], "chi2_level": 0.997, "chi2_df": 3, "chi2_threshold": 13.931422665512084, "N_raw": 13, "N_roi": 11, "N_inlier": 11, "refit": true}
{"timestamp": "15:36:22.681048", "frame": 83, "mu": [0.5553570062661233, 4.322317443366777, 0.8157156583000994], "Sigma": [[0.015091753214752738, -0.011378522463293335, 0.04791085522266035], [-0.011378522463293335, 0.012110601892113737, -0.04070655101595676], [0.04791085522266035, -0.04070655101595676, 0.1628613683967268]], "chi2_level": 0.997, "chi2_df": 3, "chi2_threshold": 13.931422665512084, "N_raw": 6, "N_roi": 6, "N_inlier": 6, "refit": true}
{"timestamp": "15:36:22.736860", "frame": 84, "mu": [0.7090182883027161, 4.2629365544217075, 0.9558283139957822], "Sigma": [[0.0016139435092123128, -0.004474055601741215, 0.010984581393989872], [-0.004474055601741216, 0.015615373561738337, -0.041061894235247184], [0.010984581393989872, -0.04106189423524719, 0.13785231532596526]], "chi2_level": 0.997, "chi2_df": 3, "chi2_threshold": 13.931422665512084, "N_raw": 12, "N_roi": 6, "N_inlier": 6, "refit": true}
{"timestamp": "15:36:22.849000", "frame": 86, "mu": [0.7837360446765779, 4.216032126398156, 0.9338770575757631], "Sigma": [[0.011326510321629108, -0.0005802421153252656, -0.01098142407746791], [-0.0005802421153252653, 0.007397199605177202, -0.012833983581315272], [-0.01098142407746791, -0.01283398358131527, 0.04063738626465063]], "chi2_level": 0.997, "chi2_df": 3, "chi2_threshold": 13.931422665512084, "N_raw": 27, "N_roi": 24, "N_inlier": 24, "refit": true}
{"timestamp": "15:36:22.901127", "frame": 87, "mu": [0.804579470663831, 4.229020612428951, 1.0537832420625752], "Sigma": [[0.004959638927596631, 0.004820180000045209, -0.016529987086739], [0.004820180000045209, 0.006577841083866428, -0.020375820129966367], [-0.016529987086739, -0.020375820129966367, 0.08091996290395115]], "chi2_level": 0.997, "chi2_df": 3, "chi2_threshold": 13.931422665512084, "N_raw": 11, "N_roi": 6, "N_inlier": 6, "refit": true}
{"timestamp": "15:36:22.955796", "frame": 88, "mu": [0.7376690587529736, 3.7646879544695766, 1.07703171963158], "Sigma": [[0.05808027871690383, 0.32556543559686874, -0.11781908897205125], [0.32556543559686874, 1.8658880624443963, -0.6094404577363572], [-0.11781908897205122, -0.6094404577363571, 0.3456196516950872]], "chi2_level": 0.997, "chi2_df": 3, "chi2_threshold": 13.931422665512084, "N_raw": 8, "N_roi": 6, "N_inlier": 6, "refit": true}
{"timestamp": "15:36:23.013940", "frame": 89, "mu": [0.881229257665713, 4.199773383269543, 1.1782226635372555], "Sigma": [[0.016329497664373385, -0.003126948769922126, -0.008553963115431024], [-0.003126948769922126, 0.0026063102324362574, -0.0007085689750782526], [-0.008553963115431024, -0.0007085689750782526, 0.009736105264630906]], "chi2_level": 0.997, "chi2_df": 3, "chi2_threshold": 13.931422665512084, "N_raw": 33, "N_roi": 31, "N_inlier": 31, "refit": true}
{"timestamp": "15:36:23.066054", "frame": 90, "mu": [0.9202942729670955, 4.244694842079116, 0.8269443007080561], "Sigma": [[0.0009005028841448195, 9.99927596050757e-05, 0.00405636592813346], [9.99927596050757e-05, 0.0010669134242436195, -0.004553650570257971], [0.00405636592813346, -0.004553650570257971, 0.10728758956232728]], "chi2_level": 0.997, "chi2_df": 3, "chi2_threshold": 13.931422665512084, "N_raw": 9, "N_roi": 6, "N_inlier": 6, "refit": true}
{"timestamp": "15:36:23.176672", "frame": 92, "mu": [1.087556789624481, 4.235932251113065, 0.92266582694065], "Sigma": [[0.00894049977262342, -0.0027451224288365873, -0.007007778286976793], [-0.0027451224288365878, 0.003159824169732872, -0.0010270708140573872], [-0.007007778286976792, -0.0010270708140573868, 0.021219661216665506]], "chi2_level": 0.997, "chi2_df": 3, "chi2_threshold": 13.931422665512084, "N_raw": 24, "N_roi": 20, "N_inlier": 20, "refit": true}
{"timestamp": "15:36:23.230445", "frame": 93, "mu": [1.0561637854452959, 4.256583580339938, 1.0288682769146864], "Sigma": [[0.0028039728180347554, -0.0024291052339297558, 0.0013792389441064715], [-0.0024291052339297558, 0.004297440337048682, -0.009135992208338477], [0.0013792389441064717, -0.009135992208338477, 0.03975183499525173]], "chi2_level": 0.997, "chi2_df": 3, "chi2_threshold": 13.931422665512084, "N_raw": 13, "N_roi": 9, "N_inlier": 9, "refit": true}
{"timestamp": "15:36:23.285256", "frame": 94, "mu": [1.09850789459751, 4.204611750483058, 0.9312851903176941], "Sigma": [[0.00526853841965354, -0.001978572201142956, 0.016402287724333456], [-0.001978572201142956, 0.004164804066233298, -0.01717579142074378], [0.016402287724333452, -0.01717579142074378, 0.09903925367482823]], "chi2_level": 0.997, "chi2_df": 3, "chi2_threshold": 13.931422665512084, "N_raw": 7, "N_roi": 7, "N_inlier": 7, "refit": true}
{"timestamp": "15:36:23.340333", "frame": 95, "mu": [1.167440125799789, 4.1492321364889735, 0.9120879267048586], "Sigma": [[0.0030581171381484818, -0.01771713819918626, -0.04863512262045142], [-0.01771713819918626, 0.10657467539262096, 0.2963897783227963], [-0.04863512262045143, 0.2963897783227963, 0.9029207632400865]], "chi2_level": 0.997, "chi2_df": 3, "chi2_threshold": 13.931422665512084, "N_raw": 6, "N_roi": 6, "N_inlier": 6, "refit": true}
{"timestamp": "15:36:23.834723", "frame": 104, "mu": [1.572762102760544, 4.149815747080456, 0.7072401662604519], "Sigma": [[0.0067870801648358655, 0.006280349866161557, -0.02925673990542207], [0.006280349866161557, 0.010671119453736402, -0.041786709181905246], [-0.02925673990542207, -0.04178670918190524, 0.1793310403833776]], "chi2_level": 0.997, "chi2_df": 3, "chi2_threshold": 13.931422665512084, "N_raw": 7, "N_roi": 7, "N_inlier": 7, "refit": true}
{"timestamp": "15:36:23.889771", "frame": 105, "mu": [1.6083284472368242, 4.133036277561381, 0.8930791451740108], "Sigma": [[0.009668370775944965, -0.0052708931565623104, -0.0027797740301942087], [-0.00527089315656231, 0.019567463149703725, -0.04966344718659438], [-0.002779774030194207, -0.04966344718659438, 0.17488302019726643]], "chi2_level": 0.997, "chi2_df": 3, "chi2_threshold": 13.931422665512084, "N_raw": 6, "N_roi": 6, "N_inlier": 6, "refit": true}
{"timestamp": "15:36:23.998990", "frame": 107, "mu": [1.6126089551630836, 4.012631596218128, 1.0899628809261752], "Sigma": [[0.002508892204786276, 0.0011730930300524328, -0.009712421322445075], [0.0011730930300524326, 0.0007921353475497798, -0.004621237580057488], [-0.009712421322445075, -0.004621237580057488, 0.04055658041471015]], "chi2_level": 0.997, "chi2_df": 3, "chi2_threshold": 13.931422665512084, "N_raw": 5, "N_roi": 5, "N_inlier": 5, "refit": true}
{"timestamp": "15:36:24.110763", "frame": 109, "mu": [1.6803685208599528, 3.9305713929364687, 0.7784118462405392], "Sigma": [[0.0060250240755163635, -0.0022919437310433446, -0.004366802217589966], [-0.0022919437310433446, 0.002929422758914762, 0.001922875585356247], [-0.0043668022175899655, 0.001922875585356247, 0.004844612481414345]], "chi2_level": 0.997, "chi2_df": 3, "chi2_threshold": 13.931422665512084, "N_raw": 16, "N_roi": 14, "N_inlier": 13, "refit": true}
{"timestamp": "15:36:24.166331", "frame": 110, "mu": [1.7019589392659829, 3.9144954556319775, 0.836532301025046], "Sigma": [[0.007272120101009084, -0.003944173692487839, -0.00468441073729463], [-0.00394417369248784, 0.003190798037525805, 0.0028450081339797396], [-0.004684410737294628, 0.0028450081339797396, 0.0042272592260643145]], "chi2_level": 0.997, "chi2_df": 3, "chi2_threshold": 13.931422665512084, "N_raw": 13, "N_roi": 11, "N_inlier": 10, "refit": true}
{"timestamp": "15:36:24.219477", "frame": 111, "mu": [1.6693821519463352, 3.965452655481617, 1.1461821894007231], "Sigma": [[0.008790672052781069, 0.0011397690469414998, -0.02370991174575487], [0.0011397690469414998, 0.0008519254992054963, -0.0013249014539507102], [-0.02370991174575487, -0.0013249014539507102, 0.08561430681535301]], "chi2_level": 0.997, "chi2_df": 3, "chi2_threshold": 13.931422665512084, "N_raw": 6, "N_roi": 6, "N_inlier": 6, "refit": true}
{"timestamp": "15:36:24.279498", "frame": 112, "mu": [1.8515355546916892, 3.9187941211029367, 0.7396653964522317], "Sigma": [[0.03559598414346856, -0.014375835401941974, -0.028629531080109304], [-0.014375835401941974, 0.007487329054792174, 0.008777282589979923], [-0.028629531080109304, 0.008777282589979923, 0.031175196797261384]], "chi2_level": 0.997, "chi2_df": 3, "chi2_threshold": 13.931422665512084, "N_raw": 44, "N_roi": 44, "N_inlier": 44, "refit": true}
{"timestamp": "15:36:24.333676", "frame": 113, "mu": [1.82952193326697, 3.9184754398911137, 0.811539379579114], "Sigma": [[0.017810980661114438, -0.007846625345939747, -0.01612214751327263], [-0.007846625345939747, 0.004661231165734863, 0.004093988906362206], [-0.01612214751327263, 0.004093988906362206, 0.026504856181589022]], "chi2_level": 0.997, "chi2_df": 3, "chi2_threshold": 13.931422665512084, "N_raw": 28, "N_roi": 28, "N_inlier": 28, "refit": true}
{"timestamp": "15:36:24.388939", "frame": 114, "mu": [1.813266923354695, 3.874261079562043, 0.7706857491296015], "Sigma": [[0.023463510313170906, -0.010739522729930614, -0.030207367786850133], [-0.010739522729930614, 0.006039495576838501, 0.011040793567256207], [-0.030207367786850133, 0.011040793567256207, 0.053645212309304]], "chi2_level": 0.997, "chi2_df": 3, "chi2_threshold": 13.931422665512084, "N_raw": 34, "N_roi": 31, "N_inlier": 31, "refit": true}
{"timestamp": "15:36:24.447581", "frame": 115, "mu": [1.8689773606124342, 3.830196162689717, 0.8195383865851089], "Sigma": [[0.03890275462155157, -0.014670131476642319, -0.02193465531760244], [-0.014670131476642319, 0.008361962785519893, 0.004082549790791465], [-0.02193465531760244, 0.004082549790791466, 0.025171694467193258]], "chi2_level": 0.997, "chi2_df": 3, "chi2_threshold": 13.931422665512084, "N_raw": 61, "N_roi": 60, "N_inlier": 60, "refit": true}
{"timestamp": "15:36:24.499643", "frame": 116, "mu": [1.759475535694564, 3.84625641883558, 1.1715917478362612], "Sigma": [[0.020042724714518845, -0.008188348900935716, -0.008366243119674547], [-0.008188348900935716, 0.005264378770103778, -0.0017294577698207215], [-0.008366243119674547, -0.0017294577698207213, 0.02035512950162286]], "chi2_level": 0.997, "chi2_df": 3, "chi2_threshold": 13.931422665512084, "N_raw": 39, "N_roi": 38, "N_inlier": 38, "refit": true}
{"timestamp": "15:36:24.550270", "frame": 117, "mu": [1.7536301092420001, 3.7752909199531937, 1.1570376349773657], "Sigma": [[0.008616008589027451, -0.00033194092627829736, -0.027279435623403795], [-0.0003319409262782973, 0.0004052003178880798, 0.0006179391115935786], [-0.02727943562340379, 0.0006179391115935791, 0.10613675828925087]], "chi2_level": 0.997, "chi2_df": 3, "chi2_threshold": 13.931422665512084, "N_raw": 10, "N_roi": 6, "N_inlier": 6, "refit": true}
{"timestamp": "15:36:24.613413", "frame": 118, "mu": [1.918653019250117, 3.744401163312803, 1.0514218839095735], "Sigma": [[0.05026679696171445, -0.015292530827842389, -0.05646525556589013], [-0.01529253082784239, 0.008831109282601156, 0.008296708114111533], [-0.05646525556589013, 0.008296708114111533, 0.10501422799108753]], "chi2_level": 0.997, "chi2_df": 3, "chi2_threshold": 13.931422665512084, "N_raw": 66, "N_roi": 64, "N_inlier": 64, "refit": true}
{"timestamp": "15:36:24.663306", "frame": 119, "mu": [1.9605679085582666, 3.7050245080717064, 0.8512257871103293], "Sigma": [[0.02241782467871188, -0.005859915520715969, -0.014016705923971945], [-0.005859915520715969, 0.0025926026538466785, 0.0024578110827748376], [-0.014016705923971947, 0.002457811082774837, 0.013586407183598442]], "chi2_level": 0.997, "chi2_df": 3, "chi2_threshold": 13.931422665512084, "N_raw": 27, "N_roi": 24, "N_inlier": 22, "refit": true}
{"timestamp": "15:36:24.718271", "frame": 120, "mu": [1.777601346744499, 3.704055262663534, 0.8810357409051032], "Sigma": [[0.015938553229064876, -0.008486253153026818, -0.007752995183283997], [-0.008486253153026818, 0.005354664973779673, 0.001815100390073326], [-0.007752995183283996, 0.001815100390073326, 0.019172099806025855]], "chi2_level": 0.997, "chi2_df": 3, "chi2_threshold": 13.931422665512084, "N_raw": 27, "N_roi": 25, "N_inlier": 24, "refit": true}
{"timestamp": "15:36:24.774764", "frame": 121, "mu": [1.7664203504994216, 3.706940949058241, 1.1631236115702448], "Sigma": [[0.01978270137964932, -0.010931628593927432, -0.010705680539906129], [-0.010931628593927434, 0.009162096312601562, 0.0013139003987926944], [-0.010705680539906129, 0.0013139003987926942, 0.017801965539875536]], "chi2_level": 0.997, "chi2_df": 3, "chi2_threshold": 13.931422665512084, "N_raw": 43, "N_roi": 42, "N_inlier": 42, "refit": true}
{"timestamp": "15:36:24.832939", "frame": 122, "mu": [1.783072527966206, 3.662761382038078, 1.1028891224556432], "Sigma": [[0.026421780003275323, -0.012899023196150055, -0.018642374008123498], [-0.012899023196150055, 0.00914467571982275, 0.00042670034145185997], [-0.018642374008123498, 0.00042670034145185997, 0.05165585954296753]], "chi2_level": 0.997, "chi2_df": 3, "chi2_threshold": 13.931422665512084, "N_raw": 63, "N_roi": 63, "N_inlier": 63, "refit": true}
{"timestamp": "15:36:24.885357", "frame": 123, "mu": [1.8371097941034777, 3.6152495959463433, 1.0608385661297084], "Sigma": [[0.022004686977300125, -0.011011588105201437, -0.007376803390408532], [-0.011011588105201437, 0.008563033076088461, 0.002400714133323771], [-0.007376803390408533, 0.002400714133323771, 0.005401140373996971]], "chi2_level": 0.997, "chi2_df": 3, "chi2_threshold": 13.931422665512084, "N_raw": 44, "N_roi": 40, "N_inlier": 38, "refit": true}
{"timestamp": "15:36:24.935778", "frame": 124, "mu": [1.7959485711982281, 3.610799639763901, 1.1444648803855322], "Sigma": [[0.005834863071293237, -0.0039815356752593385, -0.0003711757561120976], [-0.0039815356752593385, 0.006973811020167557, -0.005043456952954066], [-0.00037117575611209737, -0.005043456952954067, 0.010685532884405635]], "chi2_level": 0.997, "chi2_df": 3, "chi2_threshold": 13.931422665512084, "N_raw": 12, "N_roi": 12, "N_inlier": 12, "refit": true}
{"timestamp": "15:36:24.992062", "frame": 125, "mu": [1.7311755131162372, 3.644297129851462, 0.8511264914406711], "Sigma": [[0.009314364012014588, -0.006360828228406842, -0.005677099684225724], [-0.006360828228406842, 0.008218701951301475, -0.006039625058637758], [-0.005677099684225724, -0.006039625058637759, 0.05933381825399076]], "chi2_level": 0.997, "chi2_df": 3, "chi2_threshold": 13.931422665512084, "N_raw": 23, "N_roi": 23, "N_inlier": 23, "refit": true}
{"timestamp": "15:36:25.049598", "frame": 126, "mu": [1.7694708219934427, 3.569480556168485, 0.9986885364259028], "Sigma": [[0.014464941906873847, -0.010555797452302623, 0.0012497133303656972], [-0.010555797452302623, 0.01117591199171633, -0.00971939755290397], [0.0012497133303656979, -0.009719397552903972, 0.05766673430999705]], "chi2_level": 0.997, "chi2_df": 3, "chi2_threshold": 13.931422665512084, "N_raw": 40, "N_roi": 40, "N_inlier": 40, "refit": true}
{"timestamp": "15:36:25.104994", "frame": 127, "mu": [1.7043328894272596, 3.5869130251292294, 0.9350228513651002], "Sigma": [[0.01769729296240867, -0.013823942926918475, 0.0028699867759858525], [-0.013823942926918475, 0.014596885874723211, -0.01156982237887439], [0.002869986775985853, -0.01156982237887439, 0.05370620546879111]], "chi2_level": 0.997, "chi2_df": 3, "chi2_threshold": 13.931422665512084, "N_raw": 46, "N_roi": 46, "N_inlier": 46, "refit": true}
{"timestamp": "15:36:25.158785", "frame": 128, "mu": [1.7043865151786295, 3.606345106658708, 0.8343995432824942], "Sigma": [[0.014709269595773514, -0.008742815768529389, -0.011935982125811677], [-0.008742815768529389, 0.009956760307837651, -0.003816786846066697], [-0.011935982125811677, -0.0038167868460666963, 0.052781221710841875]], "chi2_level": 0.997, "chi2_df": 3, "chi2_threshold": 13.931422665512084, "N_raw": 27, "N_roi": 27, "N_inlier": 27, "refit": true}
{"timestamp": "15:36:25.215838", "frame": 129, "mu": [1.6852673610431406, 3.5445539195258617, 1.0258269656786896], "Sigma": [[0.01631602543264913, -0.009257792675182775, -0.02254904794603222], [-0.009257792675182775, 0.012294079001757484, -0.0016014575885934489], [-0.02254904794603222, -0.0016014575885934489, 0.07090627342193317]], "chi2_level": 0.997, "chi2_df": 3, "chi2_threshold": 13.931422665512084, "N_raw": 49, "N_roi": 49, "N_inlier": 49, "refit": true}
{"timestamp": "15:36:25.266096", "frame": 130, "mu": [1.751766937503979, 3.438025693317012, 0.7337848332801594], "Sigma": [[0.006645234698099483, 0.0009754532921179779, -0.020383110486499406], [0.0009754532921179783, 0.012758888855275364, -0.042645256001188625], [-0.020383110486499406, -0.042645256001188625, 0.21330007982993038]], "chi2_level": 0.997, "chi2_df": 3, "chi2_threshold": 13.931422665512084, "N_raw": 13, "N_roi": 13, "N_inlier": 13, "refit": true}
{"timestamp": "15:36:25.323846", "frame": 131, "mu": [1.6306874505633597, 3.4456914065135122, 1.093033911312539], "Sigma": [[0.01983433953978054, -0.012087735265161957, -0.03806442406338113], [-0.012087735265161957, 0.008452718937260427, 0.020619116759971877], [-0.03806442406338113, 0.020619116759971877, 0.09480959286875247]], "chi2_level": 0.997, "chi2_df": 3, "chi2_threshold": 13.931422665512084, "N_raw": 38, "N_roi": 38, "N_inlier": 36, "refit": true}
{"timestamp": "15:36:25.378618", "frame": 132, "mu": [1.5219934998389648, 3.483148527717261, 1.3090405840705683], "Sigma": [[0.018115363461082237, -0.009455962727195958, -0.03282277070965251], [-0.009455962727195958, 0.006938174480161679, 0.016172374148382608], [-0.03282277070965251, 0.016172374148382608, 0.06463322601265428]], "chi2_level": 0.997, "chi2_df": 3, "chi2_threshold": 13.931422665512084, "N_raw": 29, "N_roi": 29, "N_inlier": 29, "refit": true}
{"timestamp": "15:36:25.436496", "frame": 133, "mu": [1.6132666102257325, 3.3647208087889204, 0.9627559181110056], "Sigma": [[0.02457453602385161, -0.014985672616139159, -0.035254484232082064], [-0.014985672616139159, 0.010485580208508668, 0.019188639939408732], [-0.035254484232082064, 0.019188639939408732, 0.06743150759706493]], "chi2_level": 0.997, "chi2_df": 3, "chi2_threshold": 13.931422665512084, "N_raw": 48, "N_roi": 48, "N_inlier": 47, "refit": true}
{"timestamp": "15:36:25.486264", "frame": 134, "mu": [1.4992399427607417, 3.400840069425284, 0.9263814896194298], "Sigma": [[0.006350379655980425, -0.004934531311708061, -0.011083172538811557], [-0.004934531311708061, 0.004717276800397342, 0.006079280485278083], [-0.011083172538811557, 0.006079280485278083, 0.036222754432406884]], "chi2_level": 0.997, "chi2_df": 3, "chi2_threshold": 13.931422665512084, "N_raw": 18, "N_roi": 18, "N_inlier": 18, "refit": true}
{"timestamp": "15:36:25.545371", "frame": 135, "mu": [1.5794551370488308, 3.288713896398813, 0.7656861321331132], "Sigma": [[0.02241814952227139, -0.013818328526543331, -0.011856738766227688], [-0.013818328526543331, 0.010468816665718481, 0.0050559168569262085], [-0.011856738766227688, 0.0050559168569262085, 0.010952898355591012]], "chi2_level": 0.997, "chi2_df": 3, "chi2_threshold": 13.931422665512084, "N_raw": 44, "N_roi": 44, "N_inlier": 43, "refit": true}
{"timestamp": "15:36:25.652577", "frame": 137, "mu": [1.4981618067166416, 3.148704090664096, 0.6589092540800592], "Sigma": [[0.011542524063719462, -0.002660887569176981, -0.003261867775862527], [-0.0026608875691769797, 0.2059884151397633, 0.22557827871817576], [-0.003261867775862527, 0.22557827871817576, 0.26555823859498245]], "chi2_level": 0.997, "chi2_df": 3, "chi2_threshold": 13.931422665512084, "N_raw": 31, "N_roi": 30, "N_inlier": 28, "refit": true}
{"timestamp": "15:36:25.706458", "frame": 138, "mu": [1.4187701911430106, 3.3871784539011416, 0.5523292504319518], "Sigma": [[0.003584970749232897, -0.005163597168845759, 0.012246532009645135], [-0.00516359716884576, 0.013902660520752523, -0.0449418227277315], [0.012246532009645133, -0.04494182272773149, 0.2485059514102265]], "chi2_level": 0.997, "chi2_df": 3, "chi2_threshold": 13.931422665512084, "N_raw": 10, "N_roi": 8, "N_inlier": 8, "refit": true}
{"timestamp": "15:36:25.762228", "frame": 139, "mu": [1.3582579594525852, 3.494362314894797, -0.27055218187252794], "Sigma": [[0.005696344322960511, -0.0016425922484045504, -0.003629565530589186], [-0.0016425922484045504, 0.0030704476011328458, -0.003601906400182232], [-0.003629565530589186, -0.0036019064001822326, 0.012190770285082366]], "chi2_level": 0.997, "chi2_df": 3, "chi2_threshold": 13.931422665512084, "N_raw": 20, "N_roi": 18, "N_inlier": 18, "refit": true}
{"timestamp": "15:36:25.814988", "frame": 140, "mu": [1.2512378646214137, 3.327337463150454, 0.7617694267965107], "Sigma": [[0.004402453672631277, -0.007378635744686677, 0.0026244100170396195], [-0.0073786357446866775, 0.016932260085650935, -0.024567900037779762], [0.002624410017039618, -0.024567900037779762, 0.1390461554358897]], "chi2_level": 0.997, "chi2_df": 3, "chi2_threshold": 13.931422665512084, "N_raw": 7, "N_roi": 7, "N_inlier": 7, "refit": true}
