{"timestamp": "16:13:11.678660", "frame": 24, "mu": [2.360218695962879, 1.9262475083761137, 1.5024948658180304], "Sigma": [[0.006161986116855761, -0.0013421041000462885, -0.01343922149401144], [-0.0013421041000462885, 0.0011732283059251343, 0.006584627771863749], [-0.01343922149401144, 0.006584627771863749, 0.04665241872975594]], "chi2_level": 0.997, "chi2_df": 3, "chi2_threshold": 13.931422665512084, "N_raw": 5, "N_roi": 5, "N_inlier": 5, "refit": true}
{"timestamp": "16:13:11.843730", "frame": 27, "mu": [2.336546863891056, 1.8329941931111695, 1.181556565809996], "Sigma": [[0.011129179088836403, -0.008273752333891882, -0.03396311299613], [-0.008273752333891882, 0.008159989296887608, 0.02885225011699008], [-0.03396311299613, 0.02885225011699008, 0.11365854341600425]], "chi2_level": 0.997, "chi2_df": 3, "chi2_threshold": 13.931422665512084, "N_raw": 7, "N_roi": 7, "N_inlier": 7, "refit": true}
{"timestamp": "16:13:12.010764", "frame": 30, "mu": [2.002514746323281, 1.5957831993492486, 1.3715641081061483], "Sigma": [[0.4519948075696221, 0.35686175646040297, -0.1275447722858357], [0.35686175646040297, 0.3172163452668231, -0.033239697738409235], [-0.1275447722858357, -0.033239697738409235, 0.17397977368026252]], "chi2_level": 0.997, "chi2_df": 3, "chi2_threshold": 13.931422665512084, "N_raw": 9, "N_roi": 6, "N_inlier": 6, "refit": true}
{"timestamp": "16:13:12.120295", "frame": 32, "mu": [2.214646723153891, 1.775511085371005, 1.3122634966762763], "Sigma": [[0.011101948667335467, -0.008126552725421466, -0.029870431889823097], [-0.008126552725421466, 0.009499703576602394, 0.028784111384458945], [-0.029870431889823097, 0.028784111384458945, 0.09491127841927882]], "chi2_level": 0.997, "chi2_df": 3, "chi2_threshold": 13.931422665512084, "N_raw": 7, "N_roi": 6, "N_inlier": 6, "refit": true}
{"timestamp": "16:13:12.173704", "frame": 33, "mu": [2.1457232695877035, 1.839105975857068, 1.386886844630727], "Sigma": [[0.005383094474911796, -0.0019429019981844645, -0.014514725643894204], [-0.001942901998184464, 0.002891531096264646, 0.006673229753099951], [-0.014514725643894204, 0.006673229753099951, 0.059260122301192604]], "chi2_level": 0.997, "chi2_df": 3, "chi2_threshold": 13.931422665512084, "N_raw": 5, "N_roi": 5, "N_inlier": 5, "refit": true}
{"timestamp": "16:13:12.228866", "frame": 34, "mu": [2.156212633771558, 1.8036622677755805, 1.385668111484099], "Sigma": [[0.004793315921188033, 0.0014388980222132506, -0.01219033199871267], [0.0014388980222132506, 0.0006186064192577253, -0.0035390490556777158], [-0.01219033199871267, -0.0035390490556777158, 0.03237217719090632]], "chi2_level": 0.997, "chi2_df": 3, "chi2_threshold": 13.931422665512084, "N_raw": 6, "N_roi": 6, "N_inlier": 6, "refit": true}
{"timestamp": "16:13:12.338809", "frame": 36, "mu": [1.8650119223811819, 1.6589286986409173, 1.4440796461583978], "Sigma": [[0.36847334668388193, 0.3020530520946687, -0.06931978837768507], [0.30205305209466865, 0.24851163989773975, -0.06099987843380187], [-0.06931978837768507, -0.06099987843380187, 0.041203895818753694]], "chi2_level": 0.997, "chi2_df": 3, "chi2_threshold": 13.931422665512084, "N_raw": 7, "N_roi": 7, "N_inlier": 7, "refit": true}
{"timestamp": "16:13:12.394549", "frame": 37, "mu": [2.0189621254692387, 1.8475530113475478, 1.2375807475123108], "Sigma": [[0.0019173617448085063, 0.0011339220697922864, -0.008942703293624212], [0.0011339220697922866, 0.002190076014560288, -0.005794601115634648], [-0.008942703293624212, -0.0057946011156346485, 0.04256923013356652]], "chi2_level": 0.997, "chi2_df": 3, "chi2_threshold": 13.931422665512084, "N_raw": 5, "N_roi": 5, "N_inlier": 5, "refit": true}
{"timestamp": "16:13:12.504102", "frame": 39, "mu": [1.9338056064281743, 1.802075507629389, 1.4291313322210806], "Sigma": [[0.0011710586126277619, 0.0010703718891034958, -0.004332093939336374], [0.0010703718891034958, 0.001373764554682684, -0.006736167257838547], [-0.004332093939336373, -0.006736167257838547, 0.03994370274345107]], "chi2_level": 0.997, "chi2_df": 3, "chi2_threshold": 13.931422665512084, "N_raw": 5, "N_roi": 5, "N_inlier": 5, "refit": true}
{"timestamp": "16:13:12.561146", "frame": 40, "mu": [1.7779983825118904, 1.905914531294676, 1.5756216507163143], "Sigma": [[0.004173855695876983, -0.0012889437455686093, -0.007706756094820853], [-0.0012889437455686093, 0.0030425407483672244, 0.0019503812003957913], [-0.007706756094820852, 0.0019503812003957913, 0.02527970668806237]], "chi2_level": 0.997, "chi2_df": 3, "chi2_threshold": 13.931422665512084, "N_raw": 17, "N_roi": 17, "N_inlier": 15, "refit": true}
{"timestamp": "16:13:12.616670", "frame": 41, "mu": [1.7930601361026004, 1.8835849265073759, 1.5266289401012154], "Sigma": [[0.005861553527200944, -0.006066841162252255, -0.012761311640800025], [-0.006066841162252255, 0.015964971528110772, 0.024732391496761902], [-0.012761311640800025, 0.024732391496761895, 0.04682097030197062]], "chi2_level": 0.997, "chi2_df": 3, "chi2_threshold": 13.931422665512084, "N_raw": 20, "N_roi": 19, "N_inlier": 18, "refit": true}
{"timestamp": "16:13:12.671503", "frame": 42, "mu": [1.7181269955566985, 1.865154590087056, 1.4938923566130615], "Sigma": [[0.0042092417715165345, -0.004596986954684618, -0.009390727845053567], [-0.004596986954684617, 0.011714301127201615, 0.017196913595392847], [-0.009390727845053567, 0.01719691359539285, 0.041662284764300866]], "chi2_level": 0.997, "chi2_df": 3, "chi2_threshold": 13.931422665512084, "N_raw": 23, "N_roi": 23, "N_inlier": 23, "refit": true}
{"timestamp": "16:13:12.728356", "frame": 43, "mu": [1.67995618197884, 1.8787142442174756, 1.5522588481814221], "Sigma": [[0.003887181832872763, -0.0022951150374593754, -0.0023118808183603947], [-0.0022951150374593754, 0.0032575995980534418, 0.001186153237644579], [-0.002311880818360395, 0.001186153237644579, 0.018140782078079527]], "chi2_level": 0.997, "chi2_df": 3, "chi2_threshold": 13.931422665512084, "N_raw": 19, "N_roi": 19, "N_inlier": 18, "refit": true}
{"timestamp": "16:13:12.785155", "frame": 44, "mu": [1.6684862890568442, 1.7208923996540244, 1.0413037729941546], "Sigma": [[0.008741265870732227, -0.008685426690832679, -0.008607564372750091], [-0.008685426690832679, 0.022538801433807664, 0.020626630204942705], [-0.008607564372750091, 0.020626630204942705, 0.027401832305280777]], "chi2_level": 0.997, "chi2_df": 3, "chi2_threshold": 13.931422665512084, "N_raw": 36, "N_roi": 36, "N_inlier": 36, "refit": true}
{"timestamp": "16:13:12.835836", "frame": 45, "mu": [1.4956026843907984, 1.379428609636052, 0.9741236225525447], "Sigma": [[0.26351618992806036, 0.22020930444876835, -0.21582099975691077], [0.22020930444876835, 0.18976294629203436, -0.18131009120547828], [-0.21582099975691077, -0.18131009120547828, 0.17732568612117278]], "chi2_level": 0.997, "chi2_df": 3, "chi2_threshold": 13.931422665512084, "N_raw": 5, "N_roi": 5, "N_inlier": 5, "refit": true}
{"timestamp": "16:13:12.893383", "frame": 46, "mu": [1.6285709662497267, 1.732029093496973, 1.164056483580835], "Sigma": [[0.0039034539081476377, -0.0024007902367206525, -0.000888456790639953], [-0.0024007902367206516, 0.004667388691473834, -0.003153586734265134], [-0.0008884567906399528, -0.003153586734265134, 0.005506779455703085]], "chi2_level": 0.997, "chi2_df": 3, "chi2_threshold": 13.931422665512084, "N_raw": 19, "N_roi": 19, "N_inlier": 19, "refit": true}
{"timestamp": "16:13:12.948813", "frame": 47, "mu": [1.4682929392537791, 1.9534682678197042, 1.4424070285342878], "Sigma": [[0.0034197446521245503, -0.0015091049231809267, -0.0039690308148473815], [-0.0015091049231809267, 0.0018648782994089735, 0.00033102279699909285], [-0.003969030814847382, 0.0003310227969990924, 0.016636611052955105]], "chi2_level": 0.997, "chi2_df": 3, "chi2_threshold": 13.931422665512084, "N_raw": 18, "N_roi": 18, "N_inlier": 17, "refit": true}
{"timestamp": "16:13:13.001026", "frame": 48, "mu": [1.5546280223099704, 1.8486982291021152, 0.8959424654726997], "Sigma": [[0.025646992121922136, -0.015972723538894756, -0.10186677184287027], [-0.015972723538894756, 0.012211473123484287, 0.07801570870475101], [-0.10186677184287025, 0.07801570870475101, 0.5248387353945277]], "chi2_level": 0.997, "chi2_df": 3, "chi2_threshold": 13.931422665512084, "N_raw": 7, "N_roi": 7, "N_inlier": 7, "refit": true}
{"timestamp": "16:13:13.056398", "frame": 49, "mu": [1.350999395703418, 1.717952892588143, 1.3817216221215487], "Sigma": [[0.19664304346678907, 0.19909043953497516, -0.10231943705519125], [0.19909043953497518, 0.20929604939455548, -0.0848072966063986], [-0.10231943705519127, -0.08480729660639857, 0.12169719721782866]], "chi2_level": 0.997, "chi2_df": 3, "chi2_threshold": 13.931422665512084, "N_raw": 8, "N_roi": 7, "N_inlier": 7, "refit": true}
{"timestamp": "16:13:13.111104", "frame": 50, "mu": [1.4080440847196274, 1.813858949753569, 1.2413514108824502], "Sigma": [[0.006990364895289993, -0.00757749730627682, -0.027825364245609007], [-0.00757749730627682, 0.013536353222568548, 0.037751956960588064], [-0.027825364245609007, 0.03775195696058806, 0.13161348677776916]], "chi2_level": 0.997, "chi2_df": 3, "chi2_threshold": 13.931422665512084, "N_raw": 6, "N_roi": 6, "N_inlier": 6, "refit": true}
{"timestamp": "16:13:13.168966", "frame": 51, "mu": [1.5024975202919946, 1.5579385946106412, 0.6265621463533068], "Sigma": [[0.014779604089170263, -0.012316022272874327, -0.04110445901101227], [-0.012316022272874327, 0.017861609446766825, 0.038682486309888096], [-0.04110445901101227, 0.03868248630988809, 0.16117544311504678]], "chi2_level": 0.997, "chi2_df": 3, "chi2_threshold": 13.931422665512084, "N_raw": 29, "N_roi": 29, "N_inlier": 29, "refit": true}
{"timestamp": "16:13:13.224517", "frame": 52, "mu": [1.4193998016232032, 1.609711977582964, 0.8796077982840768], "Sigma": [[0.012747663795095463, -0.018292715104889827, -0.03623867888339146], [-0.018292715104889827, 0.0306721539584216, 0.05824006061250427], [-0.03623867888339147, 0.05824006061250427, 0.13368344991510958]], "chi2_level": 0.997, "chi2_df": 3, "chi2_threshold": 13.931422665512084, "N_raw": 27, "N_roi": 27, "N_inlier": 26, "refit": true}
{"timestamp": "16:13:13.280027", "frame": 53, "mu": [1.3095284966368665, 1.8308397248565518, 1.3192044410097585], "Sigma": [[0.010597679811462426, -0.0075570725234133, -0.01873531395934333], [-0.0075570725234133, 0.007960630508671584, 0.01604930352397388], [-0.018735313959343334, 0.01604930352397388, 0.046356449470860116]], "chi2_level": 0.997, "chi2_df": 3, "chi2_threshold": 13.931422665512084, "N_raw": 36, "N_roi": 36, "N_inlier": 33, "refit": true}
{"timestamp": "16:13:13.334995", "frame": 54, "mu": [1.2176358444485802, 1.8363131483921304, 1.4119506082681272], "Sigma": [[0.009057201649377353, -0.004281784672463501, -0.007010402583777689], [-0.004281784672463501, 0.004912248768000038, 0.0037506169347865446], [-0.007010402583777689, 0.0037506169347865446, 0.010780407566828333]], "chi2_level": 0.997, "chi2_df": 3, "chi2_threshold": 13.931422665512084, "N_raw": 38, "N_roi": 38, "N_inlier": 36, "refit": true}
{"timestamp": "16:13:13.393028", "frame": 55, "mu": [1.3350045637063326, 1.69500962765239, 0.817773356437348], "Sigma": [[0.01194957857204051, -0.008141588457912269, -0.012891318760027392], [-0.008141588457912269, 0.01161630469289134, 0.007002768410894537], [-0.012891318760027392, 0.007002768410894537, 0.06387223083079642]], "chi2_level": 0.997, "chi2_df": 3, "chi2_threshold": 13.931422665512084, "N_raw": 48, "N_roi": 48, "N_inlier": 46, "refit": true}
{"timestamp": "16:13:13.444294", "frame": 56, "mu": [1.1048591508923797, 1.8860472278065958, -0.07072604302445668], "Sigma": [[0.006489150422633876, -0.0007570767792728342, -0.009844490253188138], [-0.0007570767792728338, 0.0023301574463686137, 0.00019556483201467993], [-0.009844490253188138, 0.00019556483201467993, 0.019347193065916108]], "chi2_level": 0.997, "chi2_df": 3, "chi2_threshold": 13.931422665512084, "N_raw": 26, "N_roi": 26, "N_inlier": 24, "refit": true}
{"timestamp": "16:13:13.500470", "frame": 57, "mu": [1.1071499580352355, 1.765886642790743, 1.3524697024878818], "Sigma": [[0.013159075738828135, -0.003833362175728164, -0.018452865283235562], [-0.003833362175728164, 0.0036747889561640308, 0.004027866595123365], [-0.01845286528323556, 0.004027866595123365, 0.03467781126299849]], "chi2_level": 0.997, "chi2_df": 3, "chi2_threshold": 13.931422665512084, "N_raw": 36, "N_roi": 36, "N_inlier": 33, "refit": true}
{"timestamp": "16:13:13.558305", "frame": 58, "mu": [1.0778008931630232, 1.7892093888893235, 1.3966427964122172], "Sigma": [[0.009498817025623997, -0.0036889430611485546, -0.006450058666636645], [-0.003688943061148554, 0.00542448164133084, 3.953265852628304e-05], [-0.006450058666636645, 3.953265852628312e-05, 0.006442195881201623]], "chi2_level": 0.997, "chi2_df": 3, "chi2_threshold": 13.931422665512084, "N_raw": 57, "N_roi": 57, "N_inlier": 56, "refit": true}
{"timestamp": "16:13:13.614482", "frame": 59, "mu": [1.050770587821306, 1.7709069200643925, 1.3092212937018386], "Sigma": [[0.01593673045705403, -0.007564980428364501, -0.02664778200559568], [-0.007564980428364501, 0.006452020956980521, 0.012087762550972544], [-0.02664778200559568, 0.012087762550972544, 0.05846157033955838]], "chi2_level": 0.997, "chi2_df": 3, "chi2_threshold": 13.931422665512084, "N_raw": 67, "N_roi": 67, "N_inlier": 66, "refit": true}
{"timestamp": "16:13:13.668467", "frame": 60, "mu": [1.0046534589379867, 1.744505816867715, 1.2644165938390302], "Sigma": [[0.009857513772678019, -0.005831726256471325, -0.028762875094094364], [-0.005831726256471325, 0.00716058190613639, 0.019185247832198486], [-0.028762875094094364, 0.019185247832198486, 0.1298178726133106]], "chi2_level": 0.997, "chi2_df": 3, "chi2_threshold": 13.931422665512084, "N_raw": 48, "N_roi": 48, "N_inlier": 46, "refit": true}
{"timestamp": "16:13:13.724358", "frame": 61, "mu": [0.9770117523649038, 1.744072813717078, 1.3342029082183364], "Sigma": [[0.009653604307892681, -0.003965025715175466, -0.010178093080608162], [-0.003965025715175466, 0.003289193625646633, 0.0019868399527316403], [-0.010178093080608162, 0.0019868399527316403, 0.0202239174376031]], "chi2_level": 0.997, "chi2_df": 3, "chi2_threshold": 13.931422665512084, "N_raw": 54, "N_roi": 54, "N_inlier": 53, "refit": true}
{"timestamp": "16:13:13.772911", "frame": 62, "mu": [0.9189203037419622, 1.7213130755818984, 1.0346211440944961], "Sigma": [[0.00815905069851118, -0.004928878733256604, -0.056504018925679904], [-0.004928878733256604, 0.01114624062533175, 0.052106736570385476], [-0.056504018925679904, 0.052106736570385476, 0.5343038818202575]], "chi2_level": 0.997, "chi2_df": 3, "chi2_threshold": 13.931422665512084, "N_raw": 13, "N_roi": 13, "N_inlier": 12, "refit": true}
{"timestamp": "16:13:13.832258", "frame": 63, "mu": [0.828854379470717, 1.7570732626413408, 1.4324841850815972], "Sigma": [[0.006340447245211008, -0.002802258799691538, -0.002421336459115556], [-0.002802258799691538, 0.004655090543481683, 0.0002632162004171262], [-0.002421336459115556, 0.0002632162004171262, 0.0018066536766891148]], "chi2_level": 0.997, "chi2_df": 3, "chi2_threshold": 13.931422665512084, "N_raw": 47, "N_roi": 45, "N_inlier": 43, "refit": true}
{"timestamp": "16:13:13.886837", "frame": 64, "mu": [0.7628575319075901, 1.7794596137642578, 1.1686221822358425], "Sigma": [[0.004699834997524016, -0.0011591510364882427, 0.006861099307180063], [-0.001159151036488243, 0.005165198257474274, 0.026280713767000776], [0.006861099307180064, 0.02628071376700078, 0.4657765196867401]], "chi2_level": 0.997, "chi2_df": 3, "chi2_threshold": 13.931422665512084, "N_raw": 47, "N_roi": 47, "N_inlier": 47, "refit": true}
{"timestamp": "16:13:13.943717", "frame": 65, "mu": [0.763356992495834, 1.8093915963258551, -0.3334435239731198], "Sigma": [[0.007820778765061256, 0.0025163658789196415, 0.020477453786189703], [0.0025163658789196415, 0.005315218594410262, 0.015553253675798432], [0.020477453786189707, 0.015553253675798434, 0.19629648560379293]], "chi2_level": 0.997, "chi2_df": 3, "chi2_threshold": 13.931422665512084, "N_raw": 58, "N_roi": 58, "N_inlier": 56, "refit": true}
{"timestamp": "16:13:13.998948", "frame": 66, "mu": [0.6482729165129473, 1.7528070670201428, 1.215000214382847], "Sigma": [[0.013269525789758018, -0.0007656110302560546, 0.0381466713888455], [-0.0007656110302560546, 0.004433631501529809, 0.011463614384835893], [0.0381466713888455, 0.011463614384835893, 0.3275262161126688]], "chi2_level": 0.997, "chi2_df": 3, "chi2_threshold": 13.931422665512084, "N_raw": 51, "N_roi": 51, "N_inlier": 49, "refit": true}
{"timestamp": "16:13:14.053382", "frame": 67, "mu": [0.6106022876260415, 1.8200174248724255, 1.454489036015643], "Sigma": [[0.006370599180526071, -0.001923342282330086, -0.0077972666273854315], [-0.001923342282330086, 0.005601839508828377, 0.0021264719834132974], [-0.007797266627385432, 0.0021264719834132974, 0.05581984637477113]], "chi2_level": 0.997, "chi2_df": 3, "chi2_threshold": 13.931422665512084, "N_raw": 57, "N_roi": 57, "N_inlier": 53, "refit": true}
{"timestamp": "16:13:14.109647", "frame": 68, "mu": [0.588806170336605, 1.77255801397677, 1.2367970809987179], "Sigma": [[0.007388380865307043, -0.003949102036999423, -0.01682495831757553], [-0.003949102036999423, 0.005439541676729738, 0.010374957127544732], [-0.016824958317575526, 0.010374957127544729, 0.07828918121988018]], "chi2_level": 0.997, "chi2_df": 3, "chi2_threshold": 13.931422665512084, "N_raw": 62, "N_roi": 62, "N_inlier": 60, "refit": true}
{"timestamp": "16:13:14.163676", "frame": 69, "mu": [0.5764992800345112, 1.7519669809892255, 1.1734947168961982], "Sigma": [[0.006030208064270984, -0.004439641187823614, -0.01767854395795531], [-0.004439641187823614, 0.006469379543010149, 0.018398079729511154], [-0.01767854395795531, 0.018398079729511154, 0.09197339691162962]], "chi2_level": 0.997, "chi2_df": 3, "chi2_threshold": 13.931422665512084, "N_raw": 50, "N_roi": 50, "N_inlier": 48, "refit": true}
{"timestamp": "16:13:14.221375", "frame": 70, "mu": [0.5174665718186179, 1.767715294163031, 1.2123054382986207], "Sigma": [[0.00723718881439906, -0.003259703106312863, -0.009915866785175097], [-0.003259703106312863, 0.003074526609718219, 0.0029086314265262033], [-0.009915866785175097, 0.0029086314265262033, 0.040471500204620564]], "chi2_level": 0.997, "chi2_df": 3, "chi2_threshold": 13.931422665512084, "N_raw": 70, "N_roi": 70, "N_inlier": 67, "refit": true}
{"timestamp": "16:13:14.275885", "frame": 71, "mu": [0.410384969726139, 1.8358928920917832, 1.450568929451811], "Sigma": [[0.005418620701935503, -0.0025346086004373373, -0.006207281059759875], [-0.0025346086004373377, 0.009532371257761735, 0.0032868031193960872], [-0.006207281059759875, 0.0032868031193960872, 0.008256650744752922]], "chi2_level": 0.997, "chi2_df": 3, "chi2_threshold": 13.931422665512084, "N_raw": 69, "N_roi": 69, "N_inlier": 65, "refit": true}
{"timestamp": "16:13:14.324969", "frame": 72, "mu": [0.3227387760922027, 1.9103893792050242, 1.5485762883745886], "Sigma": [[0.005026415182297477, -0.0015387318149136767, -0.006641435381626197], [-0.0015387318149136767, 0.0016515479045265892, 0.0021896495732729414], [-0.006641435381626197, 0.0021896495732729414, 0.016305171986065493]], "chi2_level": 0.997, "chi2_df": 3, "chi2_threshold": 13.931422665512084, "N_raw": 29, "N_roi": 29, "N_inlier": 27, "refit": true}
{"timestamp": "16:13:14.384460", "frame": 73, "mu": [0.3327870501682171, 1.804848870955687, 1.438745720301773], "Sigma": [[0.006060246733907122, -0.0009667637728596017, -0.003477148372558304], [-0.0009667637728596017, 0.006928921734908835, 0.003949639326661614], [-0.003477148372558304, 0.003949639326661614, 0.00850454287203332]], "chi2_level": 0.997, "chi2_df": 3, "chi2_threshold": 13.931422665512084, "N_raw": 60, "N_roi": 60, "N_inlier": 57, "refit": true}
{"timestamp": "16:13:14.438835", "frame": 74, "mu": [0.24833325075166313, 1.92594309516665, 1.536604141410675], "Sigma": [[0.005921988595743021, -0.0004996621026562848, -0.006450266877690904], [-0.000499662102656285, 0.003488609669360241, -0.0006240959189331167], [-0.006450266877690904, -0.0006240959189331167, 0.00807539606450594]], "chi2_level": 0.997, "chi2_df": 3, "chi2_threshold": 13.931422665512084, "N_raw": 46, "N_roi": 44, "N_inlier": 43, "refit": true}
{"timestamp": "16:13:14.490328", "frame": 75, "mu": [0.2129195221910952, 1.9503262881893098, -0.17752680454973535], "Sigma": [[0.0031294361788205263, -0.0014228703918433803, -0.002010292561226034], [-0.0014228703918433803, 0.014161057934305742, -0.05162321984683951], [-0.0020102925612260347, -0.05162321984683951, 0.2823058325270707]], "chi2_level": 0.997, "chi2_df": 3, "chi2_threshold": 13.931422665512084, "N_raw": 31, "N_roi": 30, "N_inlier": 30, "refit": true}
{"timestamp": "16:13:14.552061", "frame": 76, "mu": [0.09330584403718663, 1.8722625314420127, -0.49610787251965205], "Sigma": [[0.008248748115257892, 0.0024254435904900408, 0.05327798248199378], [0.0024254435904900408, 0.01245721227195004, 0.04187455317522132], [0.05327798248199377, 0.04187455317522132, 0.7755475073775048]], "chi2_level": 0.997, "chi2_df": 3, "chi2_threshold": 13.931422665512084, "N_raw": 73, "N_roi": 73, "N_inlier": 71, "refit": true}
{"timestamp": "16:13:14.607351", "frame": 77, "mu": [0.09232850123709145, 1.8862233224475229, 1.3457943014318763], "Sigma": [[0.00685499251512111, -0.005613865226602999, 0.008920270839861192], [-0.005613865226602999, 0.012240694644554717, -0.018429456136288977], [0.008920270839861192, -0.018429456136288977, 0.12265139338805521]], "chi2_level": 0.997, "chi2_df": 3, "chi2_threshold": 13.931422665512084, "N_raw": 77, "N_roi": 76, "N_inlier": 74, "refit": true}
{"timestamp": "16:13:14.660904", "frame": 78, "mu": [0.0373931926296551, 1.8558881436246089, 1.1678512902358564], "Sigma": [[0.013922084300779635, -0.007665692242070211, 0.03855695941297887], [-0.007665692242070211, 0.01585568549255431, -0.012057730621943881], [0.03855695941297887, -0.012057730621943881, 0.2836219206421832]], "chi2_level": 0.997, "chi2_df": 3, "chi2_threshold": 13.931422665512084, "N_raw": 60, "N_roi": 57, "N_inlier": 56, "refit": true}
{"timestamp": "16:13:14.717187", "frame": 79, "mu": [0.030545616088017778, 1.806184380725898, 1.4888250728156154], "Sigma": [[0.006199040503995575, -0.0036716912604020865, -0.00700621538824643], [-0.003671691260402087, 0.009187831388749693, 0.004344260577954961], [-0.0070062153882464295, 0.004344260577954961, 0.008704753909164155]], "chi2_level": 0.997, "chi2_df": 3, "chi2_threshold": 13.931422665512084, "N_raw": 75, "N_roi": 72, "N_inlier": 67, "refit": true}
{"timestamp": "16:13:14.771979", "frame": 80, "mu": [-0.013691631400729938, 1.9146351662970624, -0.11537848574966199], "Sigma": [[0.009559974365924293, -0.006183213870152577, 0.024195080960989438], [-0.006183213870152577, 0.013440916515490462, -0.03288812677372081], [0.024195080960989435, -0.03288812677372081, 0.1734528241008666]], "chi2_level": 0.997, "chi2_df": 3, "chi2_threshold": 13.931422665512084, "N_raw": 69, "N_roi": 66, "N_inlier": 64, "refit": true}
{"timestamp": "16:13:14.826905", "frame": 81, "mu": [-0.03418410264732706, 1.7600983462307354, 1.3010495363245664], "Sigma": [[0.005872200283614531, -0.0022771337911937795, -0.012887833255000595], [-0.0022771337911937804, 0.007420993898742548, 0.018976798314243988], [-0.012887833255000595, 0.018976798314243988, 0.10223831223228573]], "chi2_level": 0.997, "chi2_df": 3, "chi2_threshold": 13.931422665512084, "N_raw": 77, "N_roi": 76, "N_inlier": 74, "refit": true}
{"timestamp": "16:13:14.882032", "frame": 82, "mu": [-0.13562215678835204, 1.7870747877280495, 1.4688317535143804], "Sigma": [[0.008277320704249086, -0.0013246972961171437, -0.009548568062381139], [-0.0013246972961171437, 0.005715651870723583, 0.00017608995171464897], [-0.009548568062381137, 0.00017608995171464892, 0.04222095242400904]], "chi2_level": 0.997, "chi2_df": 3, "chi2_threshold": 13.931422665512084, "N_raw": 70, "N_roi": 70, "N_inlier": 66, "refit": true}
{"timestamp": "16:13:14.928530", "frame": 83, "mu": [-0.05722036671226583, 1.8381495699121018, 0.5648327422192928], "Sigma": [[0.02034533203704902, 0.001235860579282887, -0.10120285197191006], [0.001235860579282887, 0.0020835281359931923, -0.01606837106075278], [-0.10120285197191006, -0.01606837106075278, 0.6068745179807956]], "chi2_level": 0.997, "chi2_df": 3, "chi2_threshold": 13.931422665512084, "N_raw": 14, "N_roi": 11, "N_inlier": 11, "refit": true}
{"timestamp": "16:13:14.989055", "frame": 84, "mu": [-0.23988878868334576, 1.8080112273666158, 1.0721526107004162], "Sigma": [[0.005590567455921044, 0.0002452810642183077, -0.01355703438074379], [0.0002452810642183077, 0.005845341671016093, 0.0073735658854301635], [-0.01355703438074379, 0.0073735658854301635, 0.5224570960924789]], "chi2_level": 0.997, "chi2_df": 3, "chi2_threshold": 13.931422665512084, "N_raw": 56, "N_roi": 55, "N_inlier": 55, "refit": true}
{"timestamp": "16:13:15.041584", "frame": 85, "mu": [-0.2779745827123717, 1.763054143516556, 1.2148642796333118], "Sigma": [[0.005346718912415633, -0.001065571506918621, -0.02448911827565737], [-0.001065571506918621, 0.002030104246833017, 0.005050334673881919], [-0.02448911827565737, 0.005050334673881919, 0.1843699245626332]], "chi2_level": 0.997, "chi2_df": 3, "chi2_threshold": 13.931422665512084, "N_raw": 39, "N_roi": 39, "N_inlier": 38, "refit": true}
{"timestamp": "16:13:15.092765", "frame": 86, "mu": [-0.3058713084097918, 1.7465320333785894, 0.8764469469266488], "Sigma": [[0.004219042183503217, -0.005221801242793183, -0.02406092915248829], [-0.005221801242793183, 0.010656795577074498, 0.03859995886770569], [-0.02406092915248829, 0.03859995886770569, 0.5753543568030787]], "chi2_level": 0.997, "chi2_df": 3, "chi2_threshold": 13.931422665512084, "N_raw": 9, "N_roi": 9, "N_inlier": 9, "refit": true}
{"timestamp": "16:13:15.157908", "frame": 87, "mu": [-0.30862183582441616, 1.8246109191141435, -0.7121706920554313], "Sigma": [[0.005560856713943989, 0.004348873969401838, 0.007119642546472162], [0.004348873969401838, 0.01006360556246334, 0.012326244430861496], [0.007119642546472161, 0.012326244430861496, 0.11371460149272605]], "chi2_level": 0.997, "chi2_df": 3, "chi2_threshold": 13.931422665512084, "N_raw": 80, "N_roi": 77, "N_inlier": 75, "refit": true}
{"timestamp": "16:13:15.210859", "frame": 88, "mu": [-0.3979040735317573, 1.8312853453808255, 1.2903787833751235], "Sigma": [[0.005519563444122354, -0.0001366318698417516, -0.009455823168027342], [-0.00013663186984175154, 0.0039125809375870745, 0.0025015438252081077], [-0.009455823168027342, 0.0025015438252081077, 0.049442114088428996]], "chi2_level": 0.997, "chi2_df": 3, "chi2_threshold": 13.931422665512084, "N_raw": 68, "N_roi": 65, "N_inlier": 61, "refit": true}
{"timestamp": "16:13:15.269591", "frame": 89, "mu": [-0.42205968806786354, 1.8279166959820488, -0.2894370984414932], "Sigma": [[0.007903546247611002, 0.00027793118130330693, 0.040060231335922236], [0.000277931181303307, 0.009941582396236189, -0.0013770559266986222], [0.040060231335922236, -0.001377055926698621, 0.381555013237639]], "chi2_level": 0.997, "chi2_df": 3, "chi2_threshold": 13.931422665512084, "N_raw": 88, "N_roi": 86, "N_inlier": 85, "refit": true}
{"timestamp": "16:13:15.324350", "frame": 90, "mu": [-0.467573050697015, 1.765892704766261, 1.2210921981760636], "Sigma": [[0.006670315593453108, -2.985740710347619e-05, -0.011778684262226133], [-2.9857407103476278e-05, 0.0074428739405046395, -0.00041626125641280485], [-0.011778684262226133, -0.00041626125641280507, 0.04540340765961508]], "chi2_level": 0.997, "chi2_df": 3, "chi2_threshold": 13.931422665512084, "N_raw": 91, "N_roi": 91, "N_inlier": 87, "refit": true}
{"timestamp": "16:13:15.375088", "frame": 91, "mu": [-0.595088359144817, 1.8524568866714528, -0.14921681268014275], "Sigma": [[0.005874397693795194, -0.000686076631180314, -0.011802820981022175], [-0.0006860766311803144, 0.009158231418579632, -0.018353388257658167], [-0.011802820981022175, -0.018353388257658167, 0.10293711128946055]], "chi2_level": 0.997, "chi2_df": 3, "chi2_threshold": 13.931422665512084, "N_raw": 51, "N_roi": 49, "N_inlier": 47, "refit": true}
{"timestamp": "16:13:15.431269", "frame": 92, "mu": [-0.6271993388564936, 1.7745477147576616, 1.347978508921798], "Sigma": [[0.009317678806968937, -0.004218556356109492, -0.01665314275360298], [-0.004218556356109492, 0.007686956044712235, 0.004379963665512296], [-0.01665314275360298, 0.004379963665512297, 0.04788600683759857]], "chi2_level": 0.997, "chi2_df": 3, "chi2_threshold": 13.931422665512084, "N_raw": 77, "N_roi": 77, "N_inlier": 74, "refit": true}
{"timestamp": "16:13:15.486249", "frame": 93, "mu": [-0.678021274673257, 1.7653157677969646, 1.3436082530491111], "Sigma": [[0.006225570325009874, -0.0017143772944144815, -0.0062410802250327125], [-0.0017143772944144815, 0.010397361521111832, 0.004214868789595278], [-0.0062410802250327125, 0.004214868789595278, 0.007658004574567043]], "chi2_level": 0.997, "chi2_df": 3, "chi2_threshold": 13.931422665512084, "N_raw": 64, "N_roi": 63, "N_inlier": 59, "refit": true}
{"timestamp": "16:13:15.545659", "frame": 94, "mu": [-0.6697713673330552, 1.9225651211048396, -0.6807251246316013], "Sigma": [[0.009419413770862884, 0.008835226252596654, -0.0167775646128645], [0.008835226252596654, 0.025051506056273983, -0.027506218374652842], [-0.0167775646128645, -0.027506218374652842, 0.16597143710536197]], "chi2_level": 0.997, "chi2_df": 3, "chi2_threshold": 13.931422665512084, "N_raw": 107, "N_roi": 107, "N_inlier": 107, "refit": true}
{"timestamp": "16:13:15.603065", "frame": 95, "mu": [-0.7349970507028276, 1.7467704344081587, 0.9527122678958778], "Sigma": [[0.0077628836894815334, -0.002917795252090613, -0.02394587484900173], [-0.002917795252090613, 0.005945478767676448, 0.020646625927878956], [-0.023945874849001725, 0.020646625927878956, 0.21921006284642036]], "chi2_level": 0.997, "chi2_df": 3, "chi2_threshold": 13.931422665512084, "N_raw": 116, "N_roi": 116, "N_inlier": 115, "refit": true}
{"timestamp": "16:13:15.642942", "frame": 96, "mu": [-0.8469704052092706, 1.7865145094369819, 1.1533936745209679], "Sigma": [[0.00580728305184342, -0.005942594847602694, -0.04042547703390196], [-0.005942594847602694, 0.009409355268647165, 0.03222774745180474], [-0.04042547703390196, 0.03222774745180474, 0.39169838255737]], "chi2_level": 0.997, "chi2_df": 3, "chi2_threshold": 13.931422665512084, "N_raw": 9, "N_roi": 7, "N_inlier": 7, "refit": true}
{"timestamp": "16:13:15.703993", "frame": 97, "mu": [-0.8456161096091148, 1.7528394795059141, 1.1994852697629526], "Sigma": [[0.0036137683050194115, -0.001977097444507374, -0.006383150281121194], [-0.001977097444507374, 0.007853134942451165, 0.007966448730759298], [-0.006383150281121195, 0.007966448730759298, 0.14270025612436082]], "chi2_level": 0.997, "chi2_df": 3, "chi2_threshold": 13.931422665512084, "N_raw": 62, "N_roi": 62, "N_inlier": 61, "refit": true}
{"timestamp": "16:13:15.761722", "frame": 98, "mu": [-0.8804579716780121, 1.7147889456909549, 1.143989671922294], "Sigma": [[0.006515939500056787, 0.000817883645332826, -0.012387616144713873], [0.0008178836453328262, 0.0047093910160567595, -0.0033429245424834286], [-0.012387616144713875, -0.0033429245424834277, 0.06314326830304662]], "chi2_level": 0.997, "chi2_df": 3, "chi2_threshold": 13.931422665512084, "N_raw": 80, "N_roi": 80, "N_inlier": 77, "refit": true}
{"timestamp": "16:13:15.817679", "frame": 99, "mu": [-0.9425772638529221, 1.6969823457042752, 1.1540444106134073], "Sigma": [[0.006117361521670886, 0.001072370217966482, -0.005006228110054175], [0.001072370217966482, 0.004258298898776657, -0.009192359566276155], [-0.005006228110054174, -0.009192359566276155, 0.02687444542054686]], "chi2_level": 0.997, "chi2_df": 3, "chi2_threshold": 13.931422665512084, "N_raw": 81, "N_roi": 81, "N_inlier": 77, "refit": true}
{"timestamp": "16:13:15.943236", "frame": 100, "mu": [-0.9746415313372252, 1.709505160868431, 1.1224039739331029], "Sigma": [[0.0075869856704492466, -0.0016782653742728598, -0.014599870215083943], [-0.0016782653742728598, 0.0031221203426547036, -0.0008943640929244476], [-0.014599870215083943, -0.0008943640929244476, 0.07577800064947979]], "chi2_level": 0.997, "chi2_df": 3, "chi2_threshold": 13.931422665512084, "N_raw": 85, "N_roi": 85, "N_inlier": 82, "refit": true}
{"timestamp": "16:13:15.963812", "frame": 101, "mu": [-1.251215732856356, 1.615693372512485, 1.6090002680120556], "Sigma": [[0.08316517601137008, 0.04204467012714677, -0.07435514804206086], [0.04204467012714677, 0.029730215651366146, -0.03510448464141273], [-0.07435514804206086, -0.03510448464141273, 0.07474622269253389]], "chi2_level": 0.997, "chi2_df": 3, "chi2_threshold": 13.931422665512084, "N_raw": 58, "N_roi": 58, "N_inlier": 55, "refit": true}
{"timestamp": "16:13:15.997755", "frame": 102, "mu": [-1.1553426876161084, 1.7629752074037026, 1.3929989858527407], "Sigma": [[0.0052119542973623895, 0.000163584123894513, -0.007276497811020743], [0.00016358412389451301, 0.007112209214020456, -0.0022570857683012354], [-0.0072764978110207434, -0.0022570857683012354, 0.06936735923695463]], "chi2_level": 0.997, "chi2_df": 3, "chi2_threshold": 13.931422665512084, "N_raw": 53, "N_roi": 53, "N_inlier": 51, "refit": true}
{"timestamp": "16:13:16.028907", "frame": 103, "mu": [-1.2075450305654967, 1.6302100993392155, 1.3681199680225329], "Sigma": [[0.0037309527699836116, 0.00027215204646728706, -0.003023141581240827], [0.00027215204646728695, 0.003989914119788115, -0.0003362750766796038], [-0.003023141581240827, -0.00033627507667960383, 0.003069969395952355]], "chi2_level": 0.997, "chi2_df": 3, "chi2_threshold": 13.931422665512084, "N_raw": 23, "N_roi": 23, "N_inlier": 22, "refit": true}
{"timestamp": "16:13:16.097135", "frame": 104, "mu": [-1.2189846964997493, 1.7597676816310492, 1.0654447160157017], "Sigma": [[0.01829913067934289, 0.007485365411683861, -0.05814546259439403], [0.007485365411683861, 0.009787264567576117, -0.036069953652160126], [-0.05814546259439403, -0.03606995365216012, 0.2775992562509035]], "chi2_level": 0.997, "chi2_df": 3, "chi2_threshold": 13.931422665512084, "N_raw": 107, "N_roi": 107, "N_inlier": 103, "refit": true}
{"timestamp": "16:13:16.148102", "frame": 105, "mu": [-1.3651025546905213, 1.7033602233611966, 1.3728801591539463], "Sigma": [[0.01110389855288908, 0.005302494231342414, -0.02512404238053427], [0.005302494231342414, 0.0069442195750111365, -0.021577214865589632], [-0.025124042380534273, -0.021577214865589632, 0.1382482381086174]], "chi2_level": 0.997, "chi2_df": 3, "chi2_threshold": 13.931422665512084, "N_raw": 73, "N_roi": 72, "N_inlier": 70, "refit": true}
{"timestamp": "16:13:16.197785", "frame": 106, "mu": [-1.3730520100528445, 1.7564795187518352, 1.293340882653952], "Sigma": [[0.01745511944424731, 0.008401045425332983, -0.04654399040246259], [0.008401045425332982, 0.009239126520398424, -0.018931094243580818], [-0.04654399040246259, -0.01893109424358082, 0.21978552522006548]], "chi2_level": 0.997, "chi2_df": 3, "chi2_threshold": 13.931422665512084, "N_raw": 50, "N_roi": 50, "N_inlier": 47, "refit": true}
{"timestamp": "16:13:16.259674", "frame": 107, "mu": [-1.5297593917776338, 1.5902782475028407, 1.5852621244481255], "Sigma": [[0.018869211859506838, 0.013225428259457887, -0.02148427704586904], [0.013225428259457887, 0.01938627675002455, -0.021003257279501173], [-0.02148427704586904, -0.021003257279501173, 0.03530112966767618]], "chi2_level": 0.997, "chi2_df": 3, "chi2_threshold": 13.931422665512084, "N_raw": 100, "N_roi": 100, "N_inlier": 96, "refit": true}
{"timestamp": "16:13:16.315690", "frame": 108, "mu": [-1.7023316069839793, 1.518742271186138, 1.7759627159403195], "Sigma": [[0.030391336877581998, 0.026584580476442805, -0.026292121024031133], [0.026584580476442805, 0.030634645434282508, -0.027540165267025983], [-0.026292121024031133, -0.027540165267025983, 0.029506689761195637]], "chi2_level": 0.997, "chi2_df": 3, "chi2_threshold": 13.931422665512084, "N_raw": 97, "N_roi": 97, "N_inlier": 94, "refit": true}
{"timestamp": "16:13:16.370142", "frame": 109, "mu": [-1.7013785850235, 1.5014456481930094, 1.6274848022803685], "Sigma": [[0.022899951331184963, 0.015240997168398242, -0.019243372410851903], [0.015240997168398242, 0.020498876776680202, -0.012728089912823828], [-0.019243372410851903, -0.012728089912823827, 0.017085970455153126]], "chi2_level": 0.997, "chi2_df": 3, "chi2_threshold": 13.931422665512084, "N_raw": 90, "N_roi": 90, "N_inlier": 86, "refit": true}
{"timestamp": "16:13:16.414081", "frame": 110, "mu": [-1.6747008630461613, 1.475874981248928, 1.1654758791008], "Sigma": [[0.01382692263081598, 0.010967665167794113, -0.019336961138045606], [0.010967665167794113, 0.01951827779988575, -0.05592122372182787], [-0.01933696113804561, -0.05592122372182787, 0.26030657458117956]], "chi2_level": 0.997, "chi2_df": 3, "chi2_threshold": 13.931422665512084, "N_raw": 19, "N_roi": 19, "N_inlier": 19, "refit": true}
{"timestamp": "16:13:16.474795", "frame": 111, "mu": [-1.8096707152247202, 1.4738251156029896, 1.6257262697499562], "Sigma": [[0.018395279574364036, 0.012110607368618541, -0.022637398863027715], [0.012110607368618541, 0.014830349963709315, -0.014787908966440472], [-0.022637398863027715, -0.014787908966440472, 0.03875043798215991]], "chi2_level": 0.997, "chi2_df": 3, "chi2_threshold": 13.931422665512084, "N_raw": 64, "N_roi": 64, "N_inlier": 61, "refit": true}
{"timestamp": "16:13:16.527939", "frame": 112, "mu": [-1.8750154741795784, 1.4697957950243747, 1.614670028910788], "Sigma": [[0.011535708121120172, 0.0077147023631927835, -0.010173160482491006], [0.0077147023631927835, 0.012371543098356993, -0.009315894746739514], [-0.010173160482491006, -0.009315894746739514, 0.01116668569357899]], "chi2_level": 0.997, "chi2_df": 3, "chi2_threshold": 13.931422665512084, "N_raw": 49, "N_roi": 49, "N_inlier": 46, "refit": true}
{"timestamp": "16:13:16.580253", "frame": 113, "mu": [-1.9733326017800066, 1.4846804581391404, 1.7146893365361433], "Sigma": [[0.009574093888983027, 0.009333420570297462, -0.008467210164795225], [0.009333420570297464, 0.014795754411611494, -0.01154074908023664], [-0.008467210164795225, -0.01154074908023664, 0.011414516868184446]], "chi2_level": 0.997, "chi2_df": 3, "chi2_threshold": 13.931422665512084, "N_raw": 37, "N_roi": 37, "N_inlier": 36, "refit": true}
{"timestamp": "16:13:16.640605", "frame": 114, "mu": [-1.8920517171188835, 1.4475900783063107, 1.5348102163022472], "Sigma": [[0.018224263153478318, 0.006747641306721414, -0.022470108883654385], [0.006747641306721414, 0.015766999103576672, -0.004537788200742735], [-0.022470108883654385, -0.004537788200742735, 0.030392553978148953]], "chi2_level": 0.997, "chi2_df": 3, "chi2_threshold": 13.931422665512084, "N_raw": 69, "N_roi": 69, "N_inlier": 66, "refit": true}
{"timestamp": "16:13:16.700854", "frame": 115, "mu": [-1.9250304012310662, 1.4789906971010582, 1.4619679053635581], "Sigma": [[0.019445415468537765, 0.009322346140573715, -0.01811960104788348], [0.009322346140573715, 0.020565097121028813, -0.013778758875429724], [-0.01811960104788348, -0.013778758875429724, 0.02217627274230311]], "chi2_level": 0.997, "chi2_df": 3, "chi2_threshold": 13.931422665512084, "N_raw": 96, "N_roi": 96, "N_inlier": 95, "refit": true}
{"timestamp": "16:13:16.750180", "frame": 116, "mu": [-1.980936619887263, 1.439460183420588, 1.5103081284434545], "Sigma": [[0.015571443504764238, 0.00649549040482668, -0.017207874048769965], [0.0064954904048266805, 0.015466568243173164, -0.006824825144432916], [-0.017207874048769965, -0.006824825144432916, 0.020403025795686952]], "chi2_level": 0.997, "chi2_df": 3, "chi2_threshold": 13.931422665512084, "N_raw": 64, "N_roi": 64, "N_inlier": 62, "refit": true}
