{"timestamp": "16:00:45.962388", "frame": 6, "mu": [-0.32495844264236057, 3.669106947030392, 1.2894332931956594], "Sigma": [[0.017821129933007333, 0.0019439849960348266, -0.006228161015826092], [0.0019439849960348266, 0.004638029339124514, -0.001317067904270555], [-0.006228161015826092, -0.001317067904270555, 0.00341860563520203]], "chi2_level": 0.997, "chi2_df": 3, "chi2_threshold": 13.931422665512084, "N_raw": 45, "N_roi": 45, "N_inlier": 45, "refit": true}
{"timestamp": "16:00:46.176302", "frame": 10, "mu": [-0.36291230279826303, 3.073278994077923, -0.10507621765315855], "Sigma": [[0.003073884183472801, -0.03790844673568494, -0.06689110613444692], [-0.03790844673568494, 1.1073008755198919, 1.160261187570124], [-0.06689110613444692, 1.160261187570124, 1.6667721590754947]], "chi2_level": 0.997, "chi2_df": 3, "chi2_threshold": 13.931422665512084, "N_raw": 5, "N_roi": 5, "N_inlier": 5, "refit": true}
{"timestamp": "16:00:46.288389", "frame": 12, "mu": [-0.3582418411198218, 3.6172777231423052, 1.3571581851526877], "Sigma": [[0.008393221227289926, 0.0020782253540818424, 0.00039824971324509996], [0.0020782253540818424, 0.003213273249753219, 0.00298495752971791], [0.00039824971324509996, 0.00298495752971791, 0.003678723384276262]], "chi2_level": 0.997, "chi2_df": 3, "chi2_threshold": 13.931422665512084, "N_raw": 17, "N_roi": 17, "N_inlier": 17, "refit": true}
{"timestamp": "16:00:46.398643", "frame": 14, "mu": [-0.2228029142417068, 3.6921519746516775, 0.9635546394761773], "Sigma": [[0.00476929448032547, -0.0001722929564529353, -0.00016903361525454986], [-0.0001722929564529353, 0.006361373981488081, -0.02891220638616626], [-0.00016903361525454986, -0.02891220638616626, 0.17788457161207846]], "chi2_level": 0.997, "chi2_df": 3, "chi2_threshold": 13.931422665512084, "N_raw": 16, "N_roi": 16, "N_inlier": 16, "refit": true}
{"timestamp": "16:00:46.452013", "frame": 15, "mu": [-0.202408059355089, 3.6818677739655534, 0.638396334524422], "Sigma": [[0.001520881920235837, 0.0020370429983869497, -0.017678922623824173], [0.0020370429983869497, 0.007757336323249494, -0.04948528451493122], [-0.017678922623824173, -0.04948528451493123, 0.5694665420343709]], "chi2_level": 0.997, "chi2_df": 3, "chi2_threshold": 13.931422665512084, "N_raw": 8, "N_roi": 8, "N_inlier": 8, "refit": true}
{"timestamp": "16:00:46.509360", "frame": 16, "mu": [-0.14347141630755544, 3.6313249257594906, 0.3583268097673565], "Sigma": [[0.00940662147336111, 0.0016000148506604916, -0.0013452000246716286], [0.0016000148506604916, 0.002384431219177333, 0.001824328299732921], [-0.0013452000246716286, 0.0018243282997329213, 0.0032494358328561228]], "chi2_level": 0.997, "chi2_df": 3, "chi2_threshold": 13.931422665512084, "N_raw": 25, "N_roi": 25, "N_inlier": 24, "refit": true}
{"timestamp": "16:00:46.565125", "frame": 17, "mu": [-0.08498452039358387, 3.6717006745854186, 1.2051615803372433], "Sigma": [[0.005412874058865417, 0.004485602376156956, -0.028660154938993106], [0.004485602376156955, 0.01192981855352638, -0.049280060625346886], [-0.028660154938993106, -0.04928006062534688, 0.3377211106987786]], "chi2_level": 0.997, "chi2_df": 3, "chi2_threshold": 13.931422665512084, "N_raw": 14, "N_roi": 14, "N_inlier": 14, "refit": true}
{"timestamp": "16:00:46.619806", "frame": 18, "mu": [-0.04994256319334753, 3.703005562369724, 0.8393202787553669], "Sigma": [[0.006754580814490904, 0.008749934914897147, -0.038417335528377436], [0.008749934914897147, 0.014407991477688483, -0.07306159044027262], [-0.03841733552837744, -0.07306159044027262, 0.4764588238290001]], "chi2_level": 0.997, "chi2_df": 3, "chi2_threshold": 13.931422665512084, "N_raw": 6, "N_roi": 5, "N_inlier": 5, "refit": true}
{"timestamp": "16:00:46.730151", "frame": 20, "mu": [-0.005445062904448043, 3.6477723390207535, 0.8761240403505044], "Sigma": [[0.007731975008563127, 0.005838544357451051, -0.03678208849624344], [0.005838544357451051, 0.005995220513508919, -0.03419740558061481], [-0.03678208849624344, -0.03419740558061481, 0.20927490468925544]], "chi2_level": 0.997, "chi2_df": 3, "chi2_threshold": 13.931422665512084, "N_raw": 7, "N_roi": 7, "N_inlier": 7, "refit": true}
{"timestamp": "16:00:46.785485", "frame": 21, "mu": [-0.016911824107028475, 3.6996375953147655, 0.16448625350140028], "Sigma": [[0.015289859981365716, 0.007332678641843986, -0.003543155323284154], [0.007332678641843986, 0.004087476309384812, -0.008641634380881228], [-0.0035431553232841556, -0.008641634380881228, 0.2078758005002351]], "chi2_level": 0.997, "chi2_df": 3, "chi2_threshold": 13.931422665512084, "N_raw": 12, "N_roi": 8, "N_inlier": 8, "refit": true}
{"timestamp": "16:00:46.894103", "frame": 23, "mu": [0.007742086813522422, 3.628334089079213, 0.7373664976648574], "Sigma": [[0.004132468347522074, -0.0026920713670530267, 0.034397230903516304], [-0.002692071367053027, 0.005457055682352647, -0.02860672836967202], [0.034397230903516304, -0.028606728369672013, 0.3451050482220555]], "chi2_level": 0.997, "chi2_df": 3, "chi2_threshold": 13.931422665512084, "N_raw": 9, "N_roi": 9, "N_inlier": 9, "refit": true}
{"timestamp": "16:00:46.949291", "frame": 24, "mu": [0.23911945349418187, 3.606506532600578, 1.3722080821199456], "Sigma": [[0.0032061265843830724, 0.0023234903658723226, 0.0034988689124820513], [0.0023234903658723226, 0.006781523745746756, 0.0014714417450543903], [0.003498868912482051, 0.0014714417450543906, 0.004874860811356666]], "chi2_level": 0.997, "chi2_df": 3, "chi2_threshold": 13.931422665512084, "N_raw": 7, "N_roi": 5, "N_inlier": 5, "refit": true}
{"timestamp": "16:00:47.004086", "frame": 25, "mu": [0.2015607378703511, 3.34209380306623, 1.2313305223207336], "Sigma": [[0.0024725589854562, 0.02759750075528864, -0.005224419436990121], [0.02759750075528864, 0.8607027665558331, -0.2595632756739411], [-0.005224419436990121, -0.25956327567394105, 0.21065228770114355]], "chi2_level": 0.997, "chi2_df": 3, "chi2_threshold": 13.931422665512084, "N_raw": 8, "N_roi": 8, "N_inlier": 8, "refit": true}
{"timestamp": "16:00:47.059038", "frame": 26, "mu": [0.3099133754937903, 3.6192728576744346, 1.1091077541148704], "Sigma": [[0.000557520337050999, 0.0013380522088550866, 0.006941890489398353], [0.0013380522088550864, 0.008251644383015698, -0.016218411535275336], [0.006941890489398353, -0.016218411535275333, 0.3450386330742961]], "chi2_level": 0.997, "chi2_df": 3, "chi2_threshold": 13.931422665512084, "N_raw": 7, "N_roi": 7, "N_inlier": 7, "refit": true}
{"timestamp": "16:00:47.114430", "frame": 27, "mu": [0.3879673750874809, 3.741157107756432, -0.45659470947770425], "Sigma": [[0.002396783110784284, 0.008947432060664265, -0.019601711327565156], [0.008947432060664265, 0.04182220916577588, -0.0798649152922459], [-0.019601711327565153, -0.0798649152922459, 0.36814515893199745]], "chi2_level": 0.997, "chi2_df": 3, "chi2_threshold": 13.931422665512084, "N_raw": 9, "N_roi": 8, "N_inlier": 8, "refit": true}
{"timestamp": "16:00:47.170203", "frame": 28, "mu": [0.4669302208455814, 3.551110301709186, 0.6607396219364257], "Sigma": [[0.0021127876686867038, -0.0003307432656541205, -0.0076265615504854485], [-0.0003307432656541205, 0.0068432299960768375, -0.039036784918597675], [-0.0076265615504854485, -0.039036784918597675, 0.30170988213414457]], "chi2_level": 0.997, "chi2_df": 3, "chi2_threshold": 13.931422665512084, "N_raw": 9, "N_roi": 9, "N_inlier": 9, "refit": true}
{"timestamp": "16:00:47.227222", "frame": 29, "mu": [0.48603965698588075, 3.504147980708168, 0.9571522783112054], "Sigma": [[0.010857730591955292, -0.0008057837505094558, -0.0022328756577917343], [-0.0008057837505094557, 0.0008605597982501624, -0.003700609860098314], [-0.0022328756577917343, -0.003700609860098314, 0.03784348637865002]], "chi2_level": 0.997, "chi2_df": 3, "chi2_threshold": 13.931422665512084, "N_raw": 30, "N_roi": 29, "N_inlier": 26, "refit": true}
{"timestamp": "16:00:47.286161", "frame": 30, "mu": [0.5913168751096232, 3.5022575666576343, 0.5121476795102959], "Sigma": [[0.012629736979014101, -0.003165296433937196, 0.0061919431177876166], [-0.003165296433937196, 0.007172461000719748, -0.03872556603244402], [0.0061919431177876166, -0.03872556603244402, 0.35702155127449675]], "chi2_level": 0.997, "chi2_df": 3, "chi2_threshold": 13.931422665512084, "N_raw": 47, "N_roi": 47, "N_inlier": 47, "refit": true}
{"timestamp": "16:00:47.335677", "frame": 31, "mu": [0.6720542182959716, 3.387102121581935, 0.7093751529035838], "Sigma": [[0.005190490897308753, -0.003552877028194526, -0.002087089479967737], [-0.003552877028194526, 0.005963539644713244, -0.01663754080531364], [-0.002087089479967737, -0.01663754080531364, 0.23901861111369058]], "chi2_level": 0.997, "chi2_df": 3, "chi2_threshold": 13.931422665512084, "N_raw": 17, "N_roi": 16, "N_inlier": 16, "refit": true}
{"timestamp": "16:00:47.391031", "frame": 32, "mu": [0.7036883921909816, 3.383665100378494, 1.0972024092015669], "Sigma": [[0.0059449767721597895, -0.005267780594089226, 0.011792080889217928], [-0.005267780594089226, 0.014191600174449827, -0.04691713330621938], [0.01179208088921793, -0.04691713330621938, 0.1883413556034663]], "chi2_level": 0.997, "chi2_df": 3, "chi2_threshold": 13.931422665512084, "N_raw": 21, "N_roi": 18, "N_inlier": 18, "refit": true}
{"timestamp": "16:00:47.445373", "frame": 33, "mu": [0.7417076221981442, 3.3125509678206666, 0.9122979690471946], "Sigma": [[0.003877596550579269, -0.001189625804304059, -0.003831427103136501], [-0.001189625804304059, 0.0014288261598688437, -0.0066768361979746525], [-0.0038314271031365003, -0.0066768361979746525, 0.09403247833180668]], "chi2_level": 0.997, "chi2_df": 3, "chi2_threshold": 13.931422665512084, "N_raw": 18, "N_roi": 18, "N_inlier": 17, "refit": true}
{"timestamp": "16:00:47.501535", "frame": 34, "mu": [0.7809333979349156, 3.33001712024252, -0.9948784166829698], "Sigma": [[0.0029123344130789373, 0.0019375754358484129, 0.014683690918910969], [0.0019375754358484127, 0.006592762368047816, -0.003020304114748031], [0.014683690918910969, -0.003020304114748032, 0.3853693771811774]], "chi2_level": 0.997, "chi2_df": 3, "chi2_threshold": 13.931422665512084, "N_raw": 19, "N_roi": 19, "N_inlier": 19, "refit": true}
{"timestamp": "16:00:47.555196", "frame": 35, "mu": [0.8725188970872879, 3.240228200671792, 1.178367789949068], "Sigma": [[0.003083335878236539, 0.0007781590845940559, -0.014839479086019286], [0.0007781590845940559, 0.002211326408584975, -0.014991734510458963], [-0.014839479086019286, -0.014991734510458963, 0.22034900973426483]], "chi2_level": 0.997, "chi2_df": 3, "chi2_threshold": 13.931422665512084, "N_raw": 17, "N_roi": 12, "N_inlier": 12, "refit": true}
{"timestamp": "16:00:47.611489", "frame": 36, "mu": [0.9117034129705079, 3.1896501713299754, 1.1624312518948854], "Sigma": [[0.008650259615209042, -0.0010573005059139602, -0.03032738336252642], [-0.0010573005059139602, 0.0023231164633290904, -0.001094946468094653], [-0.030327383362526425, -0.001094946468094653, 0.2899228039475705]], "chi2_level": 0.997, "chi2_df": 3, "chi2_threshold": 13.931422665512084, "N_raw": 23, "N_roi": 23, "N_inlier": 23, "refit": true}
{"timestamp": "16:00:47.664484", "frame": 37, "mu": [0.9993360795107303, 3.1043183867561717, 1.0019281230064083], "Sigma": [[0.017144390259529692, -0.00782727098710366, -0.08808507041342184], [-0.00782727098710366, 0.00886468716743663, 0.04901335641510025], [-0.08808507041342185, 0.04901335641510025, 0.4705455227863061]], "chi2_level": 0.997, "chi2_df": 3, "chi2_threshold": 13.931422665512084, "N_raw": 7, "N_roi": 7, "N_inlier": 7, "refit": true}
{"timestamp": "16:00:47.719443", "frame": 38, "mu": [1.0368544079303605, 3.1841947475117682, 0.5035660169679328], "Sigma": [[0.002103458743200465, -0.0007872267733515411, -0.023388514369583682], [-0.0007872267733515411, 0.009043626227480157, -0.03683522752729967], [-0.023388514369583686, -0.03683522752729967, 0.5627944077924529]], "chi2_level": 0.997, "chi2_df": 3, "chi2_threshold": 13.931422665512084, "N_raw": 7, "N_roi": 7, "N_inlier": 7, "refit": true}
{"timestamp": "16:00:47.774422", "frame": 39, "mu": [1.0681537913581394, 3.0539889048822983, 1.182166438291978], "Sigma": [[0.0008557357615522463, -0.001645963142982898, 0.006264320874050351], [-0.001645963142982898, 0.007544172130063345, -0.033066364171064136], [0.0062643208740503515, -0.033066364171064136, 0.21645282018681267]], "chi2_level": 0.997, "chi2_df": 3, "chi2_threshold": 13.931422665512084, "N_raw": 6, "N_roi": 6, "N_inlier": 6, "refit": true}
{"timestamp": "16:00:47.828367", "frame": 40, "mu": [1.1624358134641375, 2.977519697568897, 0.661079904998541], "Sigma": [[0.00023377283586781483, 0.0004152129244651455, -0.004239339208291779], [0.0004152129244651454, 0.0020075066775767005, -0.02151582487011522], [-0.004239339208291779, -0.02151582487011522, 0.38674681933819544]], "chi2_level": 0.997, "chi2_df": 3, "chi2_threshold": 13.931422665512084, "N_raw": 5, "N_roi": 5, "N_inlier": 5, "refit": true}
{"timestamp": "16:00:47.886337", "frame": 41, "mu": [1.1583430470905844, 2.9027292740407304, -0.01942467674507015], "Sigma": [[0.007986335877536372, -0.004026182726240685, -0.009070664355594997], [-0.004026182726240685, 0.00586631944075433, 0.006949441781991526], [-0.009070664355594997, 0.006949441781991528, 0.36102556979390826]], "chi2_level": 0.997, "chi2_df": 3, "chi2_threshold": 13.931422665512084, "N_raw": 25, "N_roi": 25, "N_inlier": 25, "refit": true}
{"timestamp": "16:00:47.941559", "frame": 42, "mu": [1.2437187742822737, 2.8628778735205347, 0.9785988447451189], "Sigma": [[0.00514991816685608, -0.001721253014830814, -0.00477708345260065], [-0.001721253014830814, 0.002159763859261538, -0.005038917600992959], [-0.00477708345260065, -0.005038917600992959, 0.15589052298622705]], "chi2_level": 0.997, "chi2_df": 3, "chi2_threshold": 13.931422665512084, "N_raw": 24, "N_roi": 24, "N_inlier": 24, "refit": true}
{"timestamp": "16:00:47.998565", "frame": 43, "mu": [1.214142661587986, 2.7067796162177595, 0.7618351026426566], "Sigma": [[0.009567799613511611, -0.0037766664321182983, 0.0008843948923431455], [-0.0037766664321182983, 0.00239483945448174, 0.0008297241785575202], [0.0008843948923431446, 0.0008297241785575203, 0.031697152958080864]], "chi2_level": 0.997, "chi2_df": 3, "chi2_threshold": 13.931422665512084, "N_raw": 37, "N_roi": 37, "N_inlier": 35, "refit": true}
{"timestamp": "16:00:48.056169", "frame": 44, "mu": [1.199841779301588, 2.7102281486825666, 0.8467352082990013], "Sigma": [[0.012041257764011994, -0.0017501895114802606, 0.002348830566269331], [-0.0017501895114802606, 0.001211092112316311, -0.0029403344511860227], [0.002348830566269331, -0.0029403344511860227, 0.03188127640223903]], "chi2_level": 0.997, "chi2_df": 3, "chi2_threshold": 13.931422665512084, "N_raw": 48, "N_roi": 48, "N_inlier": 45, "refit": true}
{"timestamp": "16:00:48.114660", "frame": 45, "mu": [1.2283638480305812, 2.621053953106016, 0.757433604212658], "Sigma": [[0.01753045026651076, -0.005310928424118471, -0.0015375563551793107], [-0.005310928424118471, 0.0056540193910567926, -0.001848924413194], [-0.0015375563551793107, -0.0018489244131939997, 0.02883297187797386]], "chi2_level": 0.997, "chi2_df": 3, "chi2_threshold": 13.931422665512084, "N_raw": 68, "N_roi": 68, "N_inlier": 66, "refit": true}
{"timestamp": "16:00:48.170082", "frame": 46, "mu": [1.2688545608326947, 2.5814572527495154, 1.0217686003791187], "Sigma": [[0.013017215713695246, -0.0053224451244256055, -0.008274450244104135], [-0.0053224451244256055, 0.0024972512710351633, -3.885245485014759e-05], [-0.008274450244104137, -3.885245485014716e-05, 0.0763976143151513]], "chi2_level": 0.997, "chi2_df": 3, "chi2_threshold": 13.931422665512084, "N_raw": 73, "N_roi": 73, "N_inlier": 70, "refit": true}
{"timestamp": "16:00:48.219159", "frame": 47, "mu": [1.2898984019024122, 2.5142909026383813, 1.068826455782298], "Sigma": [[0.006120422257837643, -0.003185943344444604, 0.00038016803822244936], [-0.003185943344444604, 0.0027012283367507687, -0.0028012714053536193], [0.00038016803822244936, -0.0028012714053536193, 0.018376991433724902]], "chi2_level": 0.997, "chi2_df": 3, "chi2_threshold": 13.931422665512084, "N_raw": 34, "N_roi": 32, "N_inlier": 29, "refit": true}
{"timestamp": "16:00:48.279682", "frame": 48, "mu": [1.307171452779598, 2.4234938242059547, 1.0257261371490016], "Sigma": [[0.010263272625149054, -0.0051378641535946975, -0.003214030888816356], [-0.0051378641535946975, 0.003895609545156995, -0.0036370105505465545], [-0.003214030888816356, -0.0036370105505465545, 0.05506206977196803]], "chi2_level": 0.997, "chi2_df": 3, "chi2_threshold": 13.931422665512084, "N_raw": 72, "N_roi": 72, "N_inlier": 68, "refit": true}
{"timestamp": "16:00:48.336019", "frame": 49, "mu": [1.3617659652246024, 2.3113285610639656, 0.8134615731959461], "Sigma": [[0.014131465063320331, -0.008229716426599176, -0.011783483692537487], [-0.008229716426599174, 0.0060090352256295795, 0.004146277239285795], [-0.011783483692537485, 0.004146277239285795, 0.04610027748593798]], "chi2_level": 0.997, "chi2_df": 3, "chi2_threshold": 13.931422665512084, "N_raw": 75, "N_roi": 75, "N_inlier": 73, "refit": true}
{"timestamp": "16:00:48.385129", "frame": 50, "mu": [1.3298325159876252, 2.254927510935374, 1.0587430818418866], "Sigma": [[0.0062723647610607785, -0.0034980170160087472, -0.0025075632314878167], [-0.0034980170160087472, 0.003258975534861812, 0.0016274443364971253], [-0.0025075632314878167, 0.001627444336497125, 0.024302592177128542]], "chi2_level": 0.997, "chi2_df": 3, "chi2_threshold": 13.931422665512084, "N_raw": 37, "N_roi": 37, "N_inlier": 33, "refit": true}
{"timestamp": "16:00:48.444605", "frame": 51, "mu": [1.331114082281835, 2.4020049017722243, -0.40848682498071975], "Sigma": [[0.01239210110571326, -0.004954151338735948, -0.005946432985841422], [-0.004954151338735947, 0.007185759111093318, -0.005904990656665473], [-0.005946432985841423, -0.005904990656665473, 0.018597125668723784]], "chi2_level": 0.997, "chi2_df": 3, "chi2_threshold": 13.931422665512084, "N_raw": 68, "N_roi": 68, "N_inlier": 64, "refit": true}
{"timestamp": "16:00:48.497112", "frame": 52, "mu": [1.3316155136809398, 2.189497133879925, 1.0172787833441865], "Sigma": [[0.011807635198052613, -0.004612323590996595, -0.0037775752481838953], [-0.004612323590996595, 0.0025768547954771234, -0.0001334423218550488], [-0.0037775752481838953, -0.00013344232185504902, 0.02624127529750941]], "chi2_level": 0.997, "chi2_df": 3, "chi2_threshold": 13.931422665512084, "N_raw": 53, "N_roi": 53, "N_inlier": 52, "refit": true}
{"timestamp": "16:00:48.553679", "frame": 53, "mu": [1.308890662111952, 2.1497882035326352, 1.0753470384448578], "Sigma": [[0.013844099100536446, -0.007147779228687017, -0.004763186362925426], [-0.007147779228687017, 0.006553025240965779, -0.0004782905973752709], [-0.004763186362925426, -0.00047829059737527124, 0.012406347432165753]], "chi2_level": 0.997, "chi2_df": 3, "chi2_threshold": 13.931422665512084, "N_raw": 64, "N_roi": 64, "N_inlier": 60, "refit": true}
{"timestamp": "16:00:48.605265", "frame": 54, "mu": [1.3831745515878826, 2.012253647867476, 0.8560397601189199], "Sigma": [[0.01916585979418877, -0.012900493859131225, -0.036116505848746004], [-0.012900493859131223, 0.010457634693856875, 0.025404607421938244], [-0.036116505848746, 0.025404607421938244, 0.09301028806709141]], "chi2_level": 0.997, "chi2_df": 3, "chi2_threshold": 13.931422665512084, "N_raw": 41, "N_roi": 41, "N_inlier": 39, "refit": true}
{"timestamp": "16:00:48.663557", "frame": 55, "mu": [1.3167013842156796, 2.166968511496133, -0.43778161069075866], "Sigma": [[0.022436671405705485, -0.0035880462954158273, -0.028314276002139236], [-0.0035880462954158278, 0.00495595952307285, -0.001613739126948485], [-0.02831427600213924, -0.0016137391269484857, 0.05616564135790278]], "chi2_level": 0.997, "chi2_df": 3, "chi2_threshold": 13.931422665512084, "N_raw": 61, "N_roi": 61, "N_inlier": 58, "refit": true}
{"timestamp": "16:00:48.717145", "frame": 56, "mu": [1.315164617820496, 1.834092128474361, 0.6684939655933769], "Sigma": [[0.015945114147333933, -0.005959771446629434, -0.007115045235676231], [-0.005959771446629434, 0.003147384004024119, 0.0036809729522958357], [-0.00711504523567623, 0.0036809729522958353, 0.015628693249450747]], "chi2_level": 0.997, "chi2_df": 3, "chi2_threshold": 13.931422665512084, "N_raw": 48, "N_roi": 48, "N_inlier": 44, "refit": true}
{"timestamp": "16:00:48.773588", "frame": 57, "mu": [1.2971519212154163, 1.7902856512413585, 0.7372556120891387], "Sigma": [[0.02815170628102178, -0.015254860755278165, -0.016092903355513014], [-0.015254860755278165, 0.009894047643840479, 0.008470306479427406], [-0.016092903355513014, 0.008470306479427406, 0.03617507539602457]], "chi2_level": 0.997, "chi2_df": 3, "chi2_threshold": 13.931422665512084, "N_raw": 69, "N_roi": 69, "N_inlier": 65, "refit": true}
{"timestamp": "16:00:48.832361", "frame": 58, "mu": [1.3092956794000574, 1.696892004673672, -0.8868290686937075], "Sigma": [[0.02782864121810471, -0.019887805023831497, 0.0483963133648354], [-0.019887805023831494, 0.016962363798252916, -0.049923976979494356], [0.0483963133648354, -0.049923976979494356, 0.32301371910526794]], "chi2_level": 0.997, "chi2_df": 3, "chi2_threshold": 13.931422665512084, "N_raw": 81, "N_roi": 81, "N_inlier": 78, "refit": true}
{"timestamp": "16:00:48.885740", "frame": 59, "mu": [1.2802246451241348, 1.8891567113992491, -0.5256108611355025], "Sigma": [[0.022586950406236997, -0.007557540310961911, -0.029620392056637634], [-0.007557540310961912, 0.005821628515927423, 0.005389404554978557], [-0.029620392056637634, 0.005389404554978557, 0.057522204396810245]], "chi2_level": 0.997, "chi2_df": 3, "chi2_threshold": 13.931422665512084, "N_raw": 75, "N_roi": 73, "N_inlier": 73, "refit": true}
{"timestamp": "16:00:48.937375", "frame": 60, "mu": [1.1946571082023874, 1.6850133922824369, 1.1435767165323927], "Sigma": [[0.008036559790378177, -0.0039129496583799, -0.003005814671152206], [-0.0039129496583799, 0.004644303188599744, -0.0023115413403481362], [-0.003005814671152206, -0.0023115413403481362, 0.010144977778842674]], "chi2_level": 0.997, "chi2_df": 3, "chi2_threshold": 13.931422665512084, "N_raw": 55, "N_roi": 55, "N_inlier": 52, "refit": true}
{"timestamp": "16:00:48.995626", "frame": 61, "mu": [1.2088382608234245, 1.6173493115643287, 1.13288781359522], "Sigma": [[0.010780687208440267, -0.005021274281852766, -0.007405676736728943], [-0.005021274281852765, 0.00817981644557226, -0.0006014388503017795], [-0.007405676736728944, -0.0006014388503017794, 0.029100509236766436]], "chi2_level": 0.997, "chi2_df": 3, "chi2_threshold": 13.931422665512084, "N_raw": 84, "N_roi": 84, "N_inlier": 81, "refit": true}
{"timestamp": "16:00:49.056156", "frame": 62, "mu": [1.1671638686649735, 1.5500044773664965, 0.9755817344698915], "Sigma": [[0.01028841588920158, -0.004124672764965401, -0.0022013189933255267], [-0.004124672764965402, 0.003739598054470256, -0.003020240767792191], [-0.002201318993325527, -0.003020240767792191, 0.06255337000684778]], "chi2_level": 0.997, "chi2_df": 3, "chi2_threshold": 13.931422665512084, "N_raw": 111, "N_roi": 111, "N_inlier": 108, "refit": true}
{"timestamp": "16:00:49.112476", "frame": 63, "mu": [1.115335797695154, 1.5168212625737438, 1.131605303739237], "Sigma": [[0.010244201593863033, -0.004611732651176659, -0.004410604043574049], [-0.004611732651176659, 0.00566691784218844, -0.0012730895029707755], [-0.004410604043574049, -0.0012730895029707753, 0.05955269598781347]], "chi2_level": 0.997, "chi2_df": 3, "chi2_threshold": 13.931422665512084, "N_raw": 116, "N_roi": 115, "N_inlier": 111, "refit": true}
{"timestamp": "16:00:49.169154", "frame": 64, "mu": [1.0549224660027225, 1.4714762017624008, 1.2894644126972243], "Sigma": [[0.01266659388942276, -0.003971167533178607, -0.016079002263835306], [-0.003971167533178607, 0.005048949031723455, 0.0018738934698320038], [-0.016079002263835306, 0.0018738934698320038, 0.049532794387282225]], "chi2_level": 0.997, "chi2_df": 3, "chi2_threshold": 13.931422665512084, "N_raw": 93, "N_roi": 93, "N_inlier": 88, "refit": true}
{"timestamp": "16:00:49.216438", "frame": 65, "mu": [0.9954992104184702, 1.4378423128448088, 1.334878505847235], "Sigma": [[0.012241471060329683, -0.0032694519169982495, -0.020734135750964715], [-0.0032694519169982495, 0.004700560568157884, 0.004046393919152489], [-0.020734135750964715, 0.004046393919152489, 0.07287519030833416]], "chi2_level": 0.997, "chi2_df": 3, "chi2_threshold": 13.931422665512084, "N_raw": 78, "N_roi": 78, "N_inlier": 75, "refit": true}
{"timestamp": "16:00:49.271246", "frame": 66, "mu": [0.9955795362511463, 1.3722656505017314, 1.3097077987420145], "Sigma": [[0.013525163927597372, -0.0058809022564182585, -0.014175834352401029], [-0.0058809022564182585, 0.0067382852271243255, 0.005983946478228821], [-0.014175834352401029, 0.005983946478228821, 0.028736891130460823]], "chi2_level": 0.997, "chi2_df": 3, "chi2_threshold": 13.931422665512084, "N_raw": 80, "N_roi": 80, "N_inlier": 77, "refit": true}
{"timestamp": "16:00:49.323516", "frame": 67, "mu": [0.990693211189258, 1.3052929435415939, 0.809736104722587], "Sigma": [[0.013629303253196877, -0.0024871230009392963, -0.05496669270430848], [-0.0024871230009392968, 0.00772221119226497, 0.013205063137359514], [-0.05496669270430848, 0.013205063137359514, 0.2894296350041818]], "chi2_level": 0.997, "chi2_df": 3, "chi2_threshold": 13.931422665512084, "N_raw": 31, "N_roi": 31, "N_inlier": 31, "refit": true}
{"timestamp": "16:00:49.376430", "frame": 68, "mu": [0.8766241262365789, 1.3020623196592327, 1.3129599277031823], "Sigma": [[0.00773338876784454, -0.006224841027957317, -0.015174157758288887], [-0.006224841027957317, 0.008909786245165084, 0.01793900502631188], [-0.015174157758288887, 0.017939005026311884, 0.05951349928558281]], "chi2_level": 0.997, "chi2_df": 3, "chi2_threshold": 13.931422665512084, "N_raw": 46, "N_roi": 46, "N_inlier": 43, "refit": true}
{"timestamp": "16:00:49.439293", "frame": 69, "mu": [0.859822360396007, 1.2522245807279775, 1.173386476154806], "Sigma": [[0.012632051650181443, -0.004294602725256464, -0.014513186649129721], [-0.004294602725256464, 0.009570251449058353, 0.02732104714955396], [-0.01451318664912972, 0.02732104714955396, 0.16274602158567955]], "chi2_level": 0.997, "chi2_df": 3, "chi2_threshold": 13.931422665512084, "N_raw": 104, "N_roi": 104, "N_inlier": 101, "refit": true}
{"timestamp": "16:00:49.490370", "frame": 70, "mu": [0.815654866672034, 1.2372181610449837, 1.311712151568549], "Sigma": [[0.008889429170191176, -0.0022923683941349373, -0.009372910442303858], [-0.0022923683941349377, 0.0034745038031394507, 0.0018849380072181888], [-0.009372910442303858, 0.0018849380072181886, 0.01956362888820682]], "chi2_level": 0.997, "chi2_df": 3, "chi2_threshold": 13.931422665512084, "N_raw": 74, "N_roi": 74, "N_inlier": 69, "refit": true}
{"timestamp": "16:00:49.547943", "frame": 71, "mu": [0.7806335031576594, 1.1845300866987911, 1.2432531743410302], "Sigma": [[0.012188728397810218, -0.006026264685062024, -0.0199110952265881], [-0.0060262646850620235, 0.006909309255351275, 0.010423999708290775], [-0.0199110952265881, 0.010423999708290775, 0.049608697522076986]], "chi2_level": 0.997, "chi2_df": 3, "chi2_threshold": 13.931422665512084, "N_raw": 93, "N_roi": 92, "N_inlier": 89, "refit": true}
{"timestamp": "16:00:49.599426", "frame": 72, "mu": [0.6585652127681326, 1.188394511766392, 1.3557447772413314], "Sigma": [[0.007131459712708905, -0.003181259957616103, -0.011494333898712393], [-0.0031812599576161033, 0.006176385703838004, 0.005561556014636969], [-0.011494333898712393, 0.0055615560146369675, 0.028237980361261357]], "chi2_level": 0.997, "chi2_df": 3, "chi2_threshold": 13.931422665512084, "N_raw": 71, "N_roi": 71, "N_inlier": 70, "refit": true}
{"timestamp": "16:00:49.657191", "frame": 73, "mu": [0.5973880876607393, 1.1173144250362843, 1.149727998175444], "Sigma": [[0.010336883681770407, -0.002786971617684369, -0.024831668853563454], [-0.0027869716176843686, 0.021951662438433953, 0.06261746472874802], [-0.024831668853563454, 0.06261746472874802, 0.2701264440130869]], "chi2_level": 0.997, "chi2_df": 3, "chi2_threshold": 13.931422665512084, "N_raw": 84, "N_roi": 84, "N_inlier": 83, "refit": true}
{"timestamp": "16:00:49.705721", "frame": 74, "mu": [0.48072010612638777, 1.0998757743837302, 1.198019784765627], "Sigma": [[0.011471897129934691, -0.011145562062701356, -0.04640892727537728], [-0.011145562062701356, 0.021422475059350556, 0.07567820842106296], [-0.04640892727537728, 0.07567820842106296, 0.32347293863850696]], "chi2_level": 0.997, "chi2_df": 3, "chi2_threshold": 13.931422665512084, "N_raw": 38, "N_roi": 38, "N_inlier": 37, "refit": true}
{"timestamp": "16:00:49.769682", "frame": 75, "mu": [0.4587765305957268, 1.1501000323687895, 1.1869847601057248], "Sigma": [[0.012866336510879517, -0.005041422461893048, -0.03425163421892692], [-0.005041422461893048, 0.006254287700546262, 0.015404541140754487], [-0.03425163421892692, 0.015404541140754487, 0.13920695127608715]], "chi2_level": 0.997, "chi2_df": 3, "chi2_threshold": 13.931422665512084, "N_raw": 82, "N_roi": 82, "N_inlier": 77, "refit": true}
{"timestamp": "16:00:49.822424", "frame": 76, "mu": [0.3527012907734688, 1.2485209989054844, -0.10446866347956212], "Sigma": [[0.00806713278180549, -0.007253159624969101, 0.04846698809375863], [-0.0072531596249691, 0.01831008226527469, -0.07386726737382801], [0.048466988093758635, -0.07386726737382801, 0.5177487386123412]], "chi2_level": 0.997, "chi2_df": 3, "chi2_threshold": 13.931422665512084, "N_raw": 85, "N_roi": 85, "N_inlier": 82, "refit": true}
{"timestamp": "16:00:49.881351", "frame": 77, "mu": [0.32569963192874907, 1.2403340543869437, -0.384720866616302], "Sigma": [[0.008102850464883246, 0.000555335702725259, -0.01658148518255441], [0.000555335702725259, 0.003761002998433597, -0.003017260972788717], [-0.01658148518255441, -0.0030172609727887167, 0.046079949127315334]], "chi2_level": 0.997, "chi2_df": 3, "chi2_threshold": 13.931422665512084, "N_raw": 107, "N_roi": 107, "N_inlier": 101, "refit": true}
{"timestamp": "16:00:49.927453", "frame": 78, "mu": [0.23405565071857715, 1.0433633993189388, 1.1383680076448346], "Sigma": [[0.006792309290459019, -0.005654530667424266, -0.033727213009495896], [-0.0056545306674242665, 0.008908295790352034, 0.02750541301591007], [-0.0337272130094959, 0.027505413015910068, 0.2171575188193385]], "chi2_level": 0.997, "chi2_df": 3, "chi2_threshold": 13.931422665512084, "N_raw": 51, "N_roi": 51, "N_inlier": 49, "refit": true}
{"timestamp": "16:00:49.976136", "frame": 79, "mu": [0.1838283674544906, 1.0616217487043134, 1.2872712110064968], "Sigma": [[0.0010596764372617406, 0.0005805341744390326, -0.0030702480044887334], [0.0005805341744390326, 0.006911463228275703, 0.01183848690790284], [-0.0030702480044887334, 0.01183848690790284, 0.05629637923184117]], "chi2_level": 0.997, "chi2_df": 3, "chi2_threshold": 13.931422665512084, "N_raw": 10, "N_roi": 8, "N_inlier": 8, "refit": true}
{"timestamp": "16:00:50.039506", "frame": 80, "mu": [0.07341519288553432, 1.0880089219428901, 1.4508599090717889], "Sigma": [[0.004003456342597402, -0.0024658459887306017, -0.006643871488463304], [-0.0024658459887306017, 0.006526953706138904, 0.0036709469190349476], [-0.006643871488463304, 0.003670946919034948, 0.012329342023991751]], "chi2_level": 0.997, "chi2_df": 3, "chi2_threshold": 13.931422665512084, "N_raw": 73, "N_roi": 71, "N_inlier": 68, "refit": true}
{"timestamp": "16:00:50.093695", "frame": 81, "mu": [0.0393883530417558, 1.07348586453972, 1.377140065578251], "Sigma": [[0.0020537947396665726, -0.00017464252613975695, -0.002357627331022669], [-0.0001746425261397569, 0.016546391419638852, 0.0072661886325059806], [-0.002357627331022669, 0.007266188632505981, 0.008266052983670365]], "chi2_level": 0.997, "chi2_df": 3, "chi2_threshold": 13.931422665512084, "N_raw": 64, "N_roi": 63, "N_inlier": 62, "refit": true}
{"timestamp": "16:00:50.150840", "frame": 82, "mu": [-0.06051447369917716, 1.0827302812064548, 1.4879465415431208], "Sigma": [[0.0032511945905491107, -0.0015341035023641962, -0.003341158828292332], [-0.0015341035023641962, 0.008050840471018133, 7.430840319004302e-05], [-0.003341158828292332, 7.430840319004296e-05, 0.004716495392059588]], "chi2_level": 0.997, "chi2_df": 3, "chi2_threshold": 13.931422665512084, "N_raw": 79, "N_roi": 79, "N_inlier": 78, "refit": true}
{"timestamp": "16:00:50.205230", "frame": 83, "mu": [-0.1202914235323879, 1.1420607425517038, 1.493254806289066], "Sigma": [[0.003756815644510519, -0.0005387322785491744, -0.002998320309321399], [-0.0005387322785491743, 0.005059765805911364, -0.002910873132826833], [-0.0029983203093213993, -0.0029108731328268325, 0.005719476800959066]], "chi2_level": 0.997, "chi2_df": 3, "chi2_threshold": 13.931422665512084, "N_raw": 78, "N_roi": 78, "N_inlier": 76, "refit": true}
{"timestamp": "16:00:50.262449", "frame": 84, "mu": [-0.23005872489139118, 1.1428955815861672, 1.5299023648167083], "Sigma": [[0.003391384612595692, -0.000731615642495992, -0.0029210616711751085], [-0.0007316156424959923, 0.006328166209446929, -0.0010336333760669174], [-0.002921061671175108, -0.0010336333760669174, 0.006304631287032579]], "chi2_level": 0.997, "chi2_df": 3, "chi2_threshold": 13.931422665512084, "N_raw": 82, "N_roi": 82, "N_inlier": 77, "refit": true}
{"timestamp": "16:00:50.317180", "frame": 85, "mu": [-0.2496167226793434, 1.0712649681619524, 1.224334899751939], "Sigma": [[0.004736014697786596, -0.003764104839942482, -0.01628173355996365], [-0.003764104839942482, 0.007091506800648689, 0.023854957339791105], [-0.01628173355996365, 0.023854957339791108, 0.12574192470957365]], "chi2_level": 0.997, "chi2_df": 3, "chi2_threshold": 13.931422665512084, "N_raw": 84, "N_roi": 84, "N_inlier": 81, "refit": true}
{"timestamp": "16:00:50.371001", "frame": 86, "mu": [-0.3613864005230716, 1.1857181692303163, 1.5357145961162968], "Sigma": [[0.0035472947272487338, 0.0002805486234127709, -0.0027854405464024174], [0.0002805486234127709, 0.006921168253237194, -0.002599723115028598], [-0.0027854405464024174, -0.002599723115028598, 0.0034136814812571062]], "chi2_level": 0.997, "chi2_df": 3, "chi2_threshold": 13.931422665512084, "N_raw": 76, "N_roi": 76, "N_inlier": 76, "refit": true}
{"timestamp": "16:00:50.426417", "frame": 87, "mu": [-0.41748684767058586, 1.1786621946790419, 1.520615661175005], "Sigma": [[0.003828124915129794, -0.00095070118557407, -0.002505561830874452], [-0.0009507011855740698, 0.0070752135969983105, -0.0036203180533265437], [-0.002505561830874452, -0.0036203180533265437, 0.004697582031781641]], "chi2_level": 0.997, "chi2_df": 3, "chi2_threshold": 13.931422665512084, "N_raw": 83, "N_roi": 83, "N_inlier": 81, "refit": true}
{"timestamp": "16:00:50.481384", "frame": 88, "mu": [-0.4659375561100659, 1.2793637836129153, -0.21761643011188428], "Sigma": [[0.00427338469805853, -0.000424101017925586, -0.0017914410782016287], [-0.000424101017925586, 0.00823220691987468, 0.0002859381128215179], [-0.0017914410782016287, 0.0002859381128215179, 0.014148863121948728]], "chi2_level": 0.997, "chi2_df": 3, "chi2_threshold": 13.931422665512084, "N_raw": 78, "N_roi": 78, "N_inlier": 76, "refit": true}
{"timestamp": "16:00:50.544275", "frame": 89, "mu": [-0.5434995048544673, 1.1548737084487988, 1.3454699233697218], "Sigma": [[0.004165222391915865, -0.0012422493033822472, -0.0008033731550949801], [-0.0012422493033822472, 0.010784409828548542, 0.009949935161016317], [-0.0008033731550949803, 0.009949935161016317, 0.09716608396226177]], "chi2_level": 0.997, "chi2_df": 3, "chi2_threshold": 13.931422665512084, "N_raw": 97, "N_roi": 97, "N_inlier": 97, "refit": true}
{"timestamp": "16:00:50.593221", "frame": 90, "mu": [-0.6122198547579889, 1.1751727026652183, 1.4702620264087178], "Sigma": [[0.005570158504323666, 0.0003296864580380864, -0.001291665412395544], [0.0003296864580380866, 0.01420370961661495, 0.0011189749639441448], [-0.001291665412395544, 0.0011189749639441448, 0.005328619283516468]], "chi2_level": 0.997, "chi2_df": 3, "chi2_threshold": 13.931422665512084, "N_raw": 99, "N_roi": 99, "N_inlier": 96, "refit": true}
{"timestamp": "16:00:50.651443", "frame": 91, "mu": [-0.702024856929278, 1.227606894745008, 1.5618023500037075], "Sigma": [[0.01758589915771938, 0.0069814983268882734, -0.009143186202179573], [0.006981498326888274, 0.01417049660594695, -0.007067732490111611], [-0.009143186202179573, -0.007067732490111611, 0.00699308999338896]], "chi2_level": 0.997, "chi2_df": 3, "chi2_threshold": 13.931422665512084, "N_raw": 110, "N_roi": 110, "N_inlier": 105, "refit": true}
{"timestamp": "16:00:50.702651", "frame": 92, "mu": [-0.7813691954284281, 1.147412992831405, 1.3911321818008353], "Sigma": [[0.007776075342488017, -0.0028694740418341827, -0.010478490803563716], [-0.0028694740418341827, 0.00978321656862864, 0.005361371523229019], [-0.010478490803563716, 0.005361371523229019, 0.036302758136375866]], "chi2_level": 0.997, "chi2_df": 3, "chi2_threshold": 13.931422665512084, "N_raw": 82, "N_roi": 82, "N_inlier": 79, "refit": true}
{"timestamp": "16:00:50.757000", "frame": 93, "mu": [-0.8297385728376964, 1.1992760975087862, 1.3772363784474702], "Sigma": [[0.011359628815039722, -0.0002817868683863599, -0.020751366152173843], [-0.0002817868683863598, 0.005964235044398161, -0.0038626649372722303], [-0.020751366152173843, -0.0038626649372722295, 0.06432745025646834]], "chi2_level": 0.997, "chi2_df": 3, "chi2_threshold": 13.931422665512084, "N_raw": 86, "N_roi": 86, "N_inlier": 84, "refit": true}
{"timestamp": "16:00:50.808429", "frame": 94, "mu": [-0.9045094332005703, 1.285773227240997, 1.5427137222795075], "Sigma": [[0.007692039648356881, -0.0008245915194794925, -0.01653050521041667], [-0.0008245915194794926, 0.0031527871814376884, 0.004436835803090201], [-0.01653050521041667, 0.004436835803090202, 0.10702481769724903]], "chi2_level": 0.997, "chi2_df": 3, "chi2_threshold": 13.931422665512084, "N_raw": 58, "N_roi": 58, "N_inlier": 56, "refit": true}
{"timestamp": "16:00:50.868281", "frame": 95, "mu": [-0.9724422112696637, 1.2562272059055266, 1.390635671484528], "Sigma": [[0.028003861444058913, 0.011973479945284964, -0.051863127856384486], [0.011973479945284964, 0.01696248962684864, -0.007788704706325991], [-0.051863127856384486, -0.007788704706325991, 0.16807270038760405]], "chi2_level": 0.997, "chi2_df": 3, "chi2_threshold": 13.931422665512084, "N_raw": 89, "N_roi": 89, "N_inlier": 86, "refit": true}
{"timestamp": "16:00:50.920451", "frame": 96, "mu": [-1.0801512588037356, 1.2064512047969107, 1.369844666666427], "Sigma": [[0.05632352607410313, 0.017411803557982018, -0.09526201431930201], [0.017411803557982018, 0.015530023785567835, -0.009426243984830994], [-0.09526201431930201, -0.009426243984830995, 0.2481912994351955]], "chi2_level": 0.997, "chi2_df": 3, "chi2_threshold": 13.931422665512084, "N_raw": 70, "N_roi": 70, "N_inlier": 69, "refit": true}
{"timestamp": "16:00:50.974158", "frame": 97, "mu": [-1.186126540252716, 1.2876969710190258, 1.7304772814436467], "Sigma": [[0.03173194644339376, 0.02147059965573389, -0.01646078753621658], [0.02147059965573389, 0.01930334395132218, -0.011937209449954194], [-0.01646078753621658, -0.011937209449954194, 0.023411236712225413]], "chi2_level": 0.997, "chi2_df": 3, "chi2_threshold": 13.931422665512084, "N_raw": 68, "N_roi": 68, "N_inlier": 63, "refit": true}
{"timestamp": "16:00:51.040914", "frame": 98, "mu": [-1.1057276641253795, 1.3654865381135015, 0.2722818612292945], "Sigma": [[0.05690877271381117, 0.03607633838132858, 0.0622137021044277], [0.03607633838132858, 0.03026844364216387, 0.03991784528275672], [0.06221370210442769, 0.03991784528275672, 0.3963082465290074]], "chi2_level": 0.997, "chi2_df": 3, "chi2_threshold": 13.931422665512084, "N_raw": 146, "N_roi": 146, "N_inlier": 145, "refit": true}
