{"timestamp": "15:45:44.323757", "frame": 1, "mu": [-2.1604452178017657, 4.9589686693789305, 1.1917176365560187], "Sigma": [[0.014876391949842202, -0.000527687583258562, 0.010654817950631636], [-0.000527687583258562, 0.000746979241238587, -0.001895937217380288], [0.010654817950631636, -0.001895937217380288, 0.015414395148695297]], "chi2_level": 0.997, "chi2_df": 3, "chi2_threshold": 13.931422665512084, "N_raw": 36, "N_roi": 13, "N_inlier": 13, "refit": true}
{"timestamp": "15:45:44.377186", "frame": 2, "mu": [-2.169951906412656, 4.9620292487767745, 1.0359783215215614], "Sigma": [[0.025729709577095968, 0.0028319380854103294, 0.004156618758171476], [0.0028319380854103294, 0.0006857668321817465, 5.0948823046972495e-05], [0.004156618758171476, 5.094882304697244e-05, 0.0034186479807820714]], "chi2_level": 0.997, "chi2_df": 3, "chi2_threshold": 13.931422665512084, "N_raw": 22, "N_roi": 11, "N_inlier": 10, "refit": true}
{"timestamp": "15:45:44.706259", "frame": 8, "mu": [-1.876359289108971, 4.914003597878423, 0.8663414052278727], "Sigma": [[0.019253003878539003, 0.005625876407265043, -0.008838835174472167], [0.005625876407265043, 0.0028278409639289157, -0.0027284202553660673], [-0.008838835174472166, -0.0027284202553660673, 0.0054140122533882715]], "chi2_level": 0.997, "chi2_df": 3, "chi2_threshold": 13.931422665512084, "N_raw": 15, "N_roi": 14, "N_inlier": 14, "refit": true}
{"timestamp": "15:45:44.872209", "frame": 11, "mu": [-2.0747102694222037, 4.917121566418552, 1.1569989704418475], "Sigma": [[0.013535886736069529, 0.0016498174129556103, -0.004648886084953296], [0.0016498174129556103, 0.0009684602933430849, -0.0024328575057215194], [-0.004648886084953296, -0.0024328575057215194, 0.009379308886314967]], "chi2_level": 0.997, "chi2_df": 3, "chi2_threshold": 13.931422665512084, "N_raw": 21, "N_roi": 15, "N_inlier": 15, "refit": true}
{"timestamp": "15:45:44.926372", "frame": 12, "mu": [-1.7914284170836547, 4.316764416148241, 1.250725928423446], "Sigma": [[0.5589040850265076, -1.2168408598223486, 0.16753825142458967], [-1.2168408598223484, 2.7149192081809312, -0.3500046328469144], [0.16753825142458967, -0.3500046328469144, 0.05513518932677792]], "chi2_level": 0.997, "chi2_df": 3, "chi2_threshold": 13.931422665512084, "N_raw": 17, "N_roi": 5, "N_inlier": 5, "refit": true}
{"timestamp": "15:45:44.984277", "frame": 13, "mu": [-2.0738580048189355, 4.907465031167202, 0.9935493880282168], "Sigma": [[0.028593384469487303, 0.004533569662440149, -0.015009721300827592], [0.004533569662440148, 0.0027767140563968685, -0.00341805137454147], [-0.015009721300827592, -0.00341805137454147, 0.00926234944142052]], "chi2_level": 0.997, "chi2_df": 3, "chi2_threshold": 13.931422665512084, "N_raw": 38, "N_roi": 28, "N_inlier": 27, "refit": true}
{"timestamp": "15:45:45.037803", "frame": 14, "mu": [-2.0897552578019924, 4.914738299155773, 1.1759258541314737], "Sigma": [[0.024523649298314992, 0.006080216395214683, -0.009977508922654539], [0.006080216395214683, 0.0030155797254049735, -0.005446663037164214], [-0.009977508922654539, -0.005446663037164214, 0.012381076606831996]], "chi2_level": 0.997, "chi2_df": 3, "chi2_threshold": 13.931422665512084, "N_raw": 33, "N_roi": 24, "N_inlier": 23, "refit": true}
{"timestamp": "15:45:45.090569", "frame": 15, "mu": [-1.7420407064479293, 4.358328713556808, 1.1398962233815708], "Sigma": [[0.5019344793325955, -1.0908244463229968, 0.2500600524164095], [-1.0908244463229968, 2.4344234919985515, -0.5796626859876686], [0.2500600524164095, -0.5796626859876686, 0.21895055447919656]], "chi2_level": 0.997, "chi2_df": 3, "chi2_threshold": 13.931422665512084, "N_raw": 7, "N_roi": 6, "N_inlier": 6, "refit": true}
{"timestamp": "15:45:45.201126", "frame": 17, "mu": [-2.0890688670642037, 4.90709395781991, 1.091999424469845], "Sigma": [[0.01643970583221815, 0.0007712813123120111, 0.0007099769858361192], [0.0007712813123120112, 0.0019082776994779956, -0.0049396478542397685], [0.0007099769858361189, -0.0049396478542397685, 0.016743604093183095]], "chi2_level": 0.997, "chi2_df": 3, "chi2_threshold": 13.931422665512084, "N_raw": 16, "N_roi": 15, "N_inlier": 15, "refit": true}
{"timestamp": "15:45:45.258686", "frame": 18, "mu": [-2.1112390368275804, 4.937854444166328, 0.4089030130457807], "Sigma": [[0.007435724728557894, 0.001395961453141374, -0.0031385456550039386], [0.001395961453141374, 0.0016833921041025947, -0.002071223765679436], [-0.0031385456550039386, -0.002071223765679436, 0.004079995950472445]], "chi2_level": 0.997, "chi2_df": 3, "chi2_threshold": 13.931422665512084, "N_raw": 27, "N_roi": 10, "N_inlier": 10, "refit": true}
{"timestamp": "15:45:45.315305", "frame": 19, "mu": [-1.9831135061858087, 4.905077613160168, 0.8836259315879337], "Sigma": [[0.037541216865064585, 0.006872636152052285, -0.023057310387187537], [0.006872636152052286, 0.0027723547197848458, -0.00553652059169735], [-0.023057310387187537, -0.00553652059169735, 0.019772168548156638]], "chi2_level": 0.997, "chi2_df": 3, "chi2_threshold": 13.931422665512084, "N_raw": 30, "N_roi": 29, "N_inlier": 28, "refit": true}
{"timestamp": "15:45:45.372197", "frame": 20, "mu": [-1.9562591807908014, 4.861118129243913, 0.7301827857437381], "Sigma": [[0.053665366029021014, -0.0007996348252015974, -0.03634869658452754], [-0.0007996348252015975, 0.0040235469240578635, -0.005507934400116063], [-0.036348696584527544, -0.005507934400116063, 0.04378204749203208]], "chi2_level": 0.997, "chi2_df": 3, "chi2_threshold": 13.931422665512084, "N_raw": 43, "N_roi": 40, "N_inlier": 39, "refit": true}
{"timestamp": "15:45:45.422676", "frame": 21, "mu": [-2.0106478131684207, 4.833401398383657, 0.8368481993251017], "Sigma": [[0.00831826736889856, -0.0006033177700209454, 0.009636957223165087], [-0.0006033177700209454, 0.001404728441805538, -0.004471550584477857], [0.009636957223165087, -0.004471550584477858, 0.02868412727287626]], "chi2_level": 0.997, "chi2_df": 3, "chi2_threshold": 13.931422665512084, "N_raw": 7, "N_roi": 5, "N_inlier": 5, "refit": true}
{"timestamp": "15:45:45.479120", "frame": 22, "mu": [-1.8609841833103344, 4.822274565374916, 0.6644138701647324], "Sigma": [[0.026684033979549722, 0.002896640533839472, -0.026621572427236298], [0.002896640533839472, 0.0018746931940710867, -0.003427920928754628], [-0.026621572427236298, -0.003427920928754628, 0.03009256128004698]], "chi2_level": 0.997, "chi2_df": 3, "chi2_threshold": 13.931422665512084, "N_raw": 24, "N_roi": 24, "N_inlier": 23, "refit": true}
{"timestamp": "15:45:45.534287", "frame": 23, "mu": [-1.84662752687581, 4.817436575415725, 0.6398576970037504], "Sigma": [[0.020100374596477764, 0.003796715431924976, -0.015021527944062904], [0.003796715431924976, 0.0017752096078942588, -0.004151041922388627], [-0.015021527944062904, -0.004151041922388627, 0.016764415276660102]], "chi2_level": 0.997, "chi2_df": 3, "chi2_threshold": 13.931422665512084, "N_raw": 23, "N_roi": 22, "N_inlier": 20, "refit": true}
{"timestamp": "15:45:45.586966", "frame": 24, "mu": [-1.8892970890215617, 4.745029684160517, 0.7889637545896742], "Sigma": [[0.012665129699813359, 0.0021847110651561277, -0.00823645102018549], [0.0021847110651561277, 0.0018406792124797523, -0.0038633804160850592], [-0.00823645102018549, -0.0038633804160850592, 0.012105448759344975]], "chi2_level": 0.997, "chi2_df": 3, "chi2_threshold": 13.931422665512084, "N_raw": 12, "N_roi": 12, "N_inlier": 12, "refit": true}
{"timestamp": "15:45:45.644774", "frame": 25, "mu": [-1.8903581278695916, 4.649990275001961, 0.5574371952273427], "Sigma": [[0.02393136809604679, 0.005232451275395188, -0.01441256925740962], [0.005232451275395188, 0.002681397769630069, -0.004841847365870984], [-0.014412569257409621, -0.004841847365870984, 0.012332082871481938]], "chi2_level": 0.997, "chi2_df": 3, "chi2_threshold": 13.931422665512084, "N_raw": 23, "N_roi": 23, "N_inlier": 22, "refit": true}
{"timestamp": "15:45:45.700677", "frame": 26, "mu": [-1.7055369818285493, 4.861114421155075, -0.45703398406874685], "Sigma": [[0.03753741591812159, 0.008327934602475232, -0.02358712720195076], [0.008327934602475232, 0.004914323113721657, -0.007740708148813795], [-0.02358712720195076, -0.007740708148813794, 0.020834695201831357]], "chi2_level": 0.997, "chi2_df": 3, "chi2_threshold": 13.931422665512084, "N_raw": 40, "N_roi": 38, "N_inlier": 37, "refit": true}
{"timestamp": "15:45:45.756457", "frame": 27, "mu": [-1.8445220443071173, 4.580645633903298, 0.6782683674965049], "Sigma": [[0.03475760056923436, 0.006955709767572885, -0.02039167707282557], [0.006955709767572885, 0.0031347516067937254, -0.006586490079491491], [-0.02039167707282557, -0.006586490079491491, 0.019733984945748313]], "chi2_level": 0.997, "chi2_df": 3, "chi2_threshold": 13.931422665512084, "N_raw": 40, "N_roi": 40, "N_inlier": 38, "refit": true}
{"timestamp": "15:45:45.815482", "frame": 28, "mu": [-1.7658657994738265, 4.5414378885126325, 0.7778422884332727], "Sigma": [[0.038632677514974914, 0.008993018491480119, -0.01889810317224367], [0.008993018491480119, 0.004450354781191271, -0.009688933615478481], [-0.01889810317224367, -0.009688933615478481, 0.026782514435172378]], "chi2_level": 0.997, "chi2_df": 3, "chi2_threshold": 13.931422665512084, "N_raw": 54, "N_roi": 54, "N_inlier": 54, "refit": true}
{"timestamp": "15:45:45.870120", "frame": 29, "mu": [-1.862526397450138, 4.459065523930501, 0.8330077098275804], "Sigma": [[0.029682544381421618, 0.008294902656273926, -0.01810995365492987], [0.008294902656273926, 0.004637291757015219, -0.013379494748758838], [-0.018109953654929865, -0.013379494748758837, 0.04816083845963404]], "chi2_level": 0.997, "chi2_df": 3, "chi2_threshold": 13.931422665512084, "N_raw": 55, "N_roi": 55, "N_inlier": 55, "refit": true}
{"timestamp": "15:45:45.921606", "frame": 30, "mu": [-1.8849069155007145, 4.42653190055005, 0.5818259262322818], "Sigma": [[0.028475959008758402, -0.0005779293818886557, -0.007846381055756869], [-0.0005779293818886557, 0.0016549031365605913, -0.004528445114834625], [-0.007846381055756867, -0.004528445114834625, 0.04882174427487044]], "chi2_level": 0.997, "chi2_df": 3, "chi2_threshold": 13.931422665512084, "N_raw": 23, "N_roi": 23, "N_inlier": 23, "refit": true}
{"timestamp": "15:45:45.974741", "frame": 31, "mu": [-1.8914402160721175, 4.570567095839363, -0.24663602341914115], "Sigma": [[0.02407760947965778, 0.0033248135226828304, -0.0058514592292598765], [0.0033248135226828304, 0.007967631563501037, -0.01532949317858489], [-0.0058514592292598765, -0.01532949317858489, 0.03577814153115369]], "chi2_level": 0.997, "chi2_df": 3, "chi2_threshold": 13.931422665512084, "N_raw": 28, "N_roi": 27, "N_inlier": 27, "refit": true}
{"timestamp": "15:45:46.028458", "frame": 32, "mu": [-1.9344096090378506, 4.3119136145566195, 0.5896345709905033], "Sigma": [[0.03196395347139139, -0.003587356415380066, 0.001634217361485571], [-0.0035873564153800666, 0.00311689415860076, -0.0031022574723010617], [0.001634217361485571, -0.003102257472301062, 0.03907575834422108]], "chi2_level": 0.997, "chi2_df": 3, "chi2_threshold": 13.931422665512084, "N_raw": 14, "N_roi": 14, "N_inlier": 14, "refit": true}
{"timestamp": "15:45:46.081108", "frame": 33, "mu": [-1.9024607064742334, 4.235211830614676, 0.5942238067720924], "Sigma": [[0.054857391220716034, -0.010958203817575781, -0.013858508900142376], [-0.010958203817575778, 0.0038073560913286907, -0.0023001585383419436], [-0.013858508900142374, -0.002300158538341944, 0.038862546160030535]], "chi2_level": 0.997, "chi2_df": 3, "chi2_threshold": 13.931422665512084, "N_raw": 9, "N_roi": 9, "N_inlier": 9, "refit": true}
{"timestamp": "15:45:46.141079", "frame": 34, "mu": [-1.930215307955151, 4.194639372293343, -1.2268293400774248], "Sigma": [[0.025261928157370994, 0.02124693481380593, 0.053154879162787175], [0.021246934813805934, 0.0276575905729933, 0.06799233048813803], [0.053154879162787175, 0.06799233048813803, 0.22551857516180138]], "chi2_level": 0.997, "chi2_df": 3, "chi2_threshold": 13.931422665512084, "N_raw": 37, "N_roi": 37, "N_inlier": 37, "refit": true}
{"timestamp": "15:45:46.194933", "frame": 35, "mu": [-1.8496832773845244, 4.0278108324135244, 0.2871016417371811], "Sigma": [[0.013315174917991937, 0.0005313271880605891, -0.010598430454517867], [0.0005313271880605891, 0.0004267948070807235, 0.0007568270436986726], [-0.010598430454517867, 0.0007568270436986727, 0.056452153158656024]], "chi2_level": 0.997, "chi2_df": 3, "chi2_threshold": 13.931422665512084, "N_raw": 24, "N_roi": 24, "N_inlier": 23, "refit": true}
{"timestamp": "15:45:46.249426", "frame": 36, "mu": [-1.6321555720194985, 4.012861970017071, 0.7077220760794422], "Sigma": [[0.018943497309738117, 0.004113562489288148, -0.012251476464122727], [0.004113562489288148, 0.00159195602167156, -0.0037274783617855015], [-0.012251476464122727, -0.0037274783617855015, 0.014307119586331365]], "chi2_level": 0.997, "chi2_df": 3, "chi2_threshold": 13.931422665512084, "N_raw": 25, "N_roi": 23, "N_inlier": 22, "refit": true}
{"timestamp": "15:45:46.310695", "frame": 37, "mu": [-1.7880937806990111, 3.887937689124893, 0.5873571057680509], "Sigma": [[0.024051982482410677, 0.005933097595229907, -0.008823181225709189], [0.005933097595229907, 0.002238275439489748, -0.0032899752974960726], [-0.008823181225709189, -0.003289975297496073, 0.10703235128403199]], "chi2_level": 0.997, "chi2_df": 3, "chi2_threshold": 13.931422665512084, "N_raw": 69, "N_roi": 69, "N_inlier": 69, "refit": true}
{"timestamp": "15:45:46.363267", "frame": 38, "mu": [-1.868928884336383, 3.8257055243915348, 0.4278183467352019], "Sigma": [[0.028222016067309494, 0.005725203830611916, -0.0049369107710740615], [0.005725203830611915, 0.0026013367876906194, -0.002741603632293707], [-0.0049369107710740615, -0.002741603632293707, 0.01605459619346019]], "chi2_level": 0.997, "chi2_df": 3, "chi2_threshold": 13.931422665512084, "N_raw": 42, "N_roi": 42, "N_inlier": 40, "refit": true}
{"timestamp": "15:45:46.417658", "frame": 39, "mu": [-1.784954088940416, 3.7831232119048384, 0.6826201945373044], "Sigma": [[0.019085719183884256, 0.0038045564670394472, -0.02813311914611808], [0.0038045564670394472, 0.0019789719961045135, -0.009972202475222368], [-0.02813311914611808, -0.009972202475222368, 0.07712340934760166]], "chi2_level": 0.997, "chi2_df": 3, "chi2_threshold": 13.931422665512084, "N_raw": 45, "N_roi": 45, "N_inlier": 45, "refit": true}
{"timestamp": "15:45:46.470785", "frame": 40, "mu": [-1.7660165818705775, 3.7108606112720857, 0.654795147598484], "Sigma": [[0.008301924182815354, 0.0008710813507614205, -0.012955696598290248], [0.0008710813507614205, 0.0008617629616600045, -0.005461686052770854], [-0.012955696598290248, -0.005461686052770856, 0.10197078924879498]], "chi2_level": 0.997, "chi2_df": 3, "chi2_threshold": 13.931422665512084, "N_raw": 31, "N_roi": 31, "N_inlier": 30, "refit": true}
{"timestamp": "15:45:46.525671", "frame": 41, "mu": [-1.7861047496579745, 3.6429168016176394, 0.5303005464705213], "Sigma": [[0.015889972881501707, -0.00030360435227380964, -0.00978982690643235], [-0.0003036043522738097, 0.0025489011059742304, -0.007546141039872284], [-0.00978982690643235, -0.007546141039872284, 0.06368932186652268]], "chi2_level": 0.997, "chi2_df": 3, "chi2_threshold": 13.931422665512084, "N_raw": 25, "N_roi": 25, "N_inlier": 25, "refit": true}
{"timestamp": "15:45:46.578278", "frame": 42, "mu": [-1.8884136586476037, 3.647180046927759, -0.11610329193917103], "Sigma": [[0.009509671421407436, 0.005339341037640636, 0.0029550240980775987], [0.005339341037640636, 0.020055805505400745, -0.024217544616618673], [0.0029550240980775987, -0.024217544616618673, 0.09456103755009418]], "chi2_level": 0.997, "chi2_df": 3, "chi2_threshold": 13.931422665512084, "N_raw": 15, "N_roi": 15, "N_inlier": 15, "refit": true}
{"timestamp": "15:45:46.640287", "frame": 43, "mu": [-1.8289542451251908, 3.4562340725921668, 0.8799789729971965], "Sigma": [[0.022255604031821904, 0.004664812174119201, -0.024787008852530885], [0.004664812174119201, 0.0025614568553597125, -0.009968282313499544], [-0.024787008852530882, -0.009968282313499544, 0.05649963350457239]], "chi2_level": 0.997, "chi2_df": 3, "chi2_threshold": 13.931422665512084, "N_raw": 55, "N_roi": 55, "N_inlier": 53, "refit": true}
{"timestamp": "15:45:46.693583", "frame": 44, "mu": [-1.8362204488632232, 3.379216193290619, 0.9836733815836791], "Sigma": [[0.021430693472374564, 0.005646938633719654, -0.016655049082084462], [0.005646938633719654, 0.0037067712890203014, -0.006513743988937648], [-0.016655049082084462, -0.006513743988937648, 0.020620642135198056]], "chi2_level": 0.997, "chi2_df": 3, "chi2_threshold": 13.931422665512084, "N_raw": 41, "N_roi": 41, "N_inlier": 40, "refit": true}
{"timestamp": "15:45:46.747491", "frame": 45, "mu": [-1.7426624606159524, 3.2956089205164, 0.802491159136919], "Sigma": [[0.013436687954050962, 0.002738207297156032, -0.020599423402250055], [0.002738207297156032, 0.0021199227509567423, -0.00545804764619271], [-0.020599423402250055, -0.005458047646192711, 0.0927338398889378]], "chi2_level": 0.997, "chi2_df": 3, "chi2_threshold": 13.931422665512084, "N_raw": 33, "N_roi": 33, "N_inlier": 31, "refit": true}
{"timestamp": "15:45:46.800785", "frame": 46, "mu": [-1.7426740253096842, 3.3552752037897604, -0.46137384480288823], "Sigma": [[0.014118916486790494, 0.010775186823053111, 0.02223218859503859], [0.010775186823053111, 0.018408260038306912, 0.03394421072809472], [0.022232188595038595, 0.03394421072809472, 0.1074011890536614]], "chi2_level": 0.997, "chi2_df": 3, "chi2_threshold": 13.931422665512084, "N_raw": 39, "N_roi": 39, "N_inlier": 39, "refit": true}
{"timestamp": "15:45:46.856662", "frame": 47, "mu": [-1.7623818266443774, 3.149861977643142, 0.8100419832850287], "Sigma": [[0.017728363396879224, 0.0027955065913894362, -0.0033652668235339377], [0.0027955065913894362, 0.0013075357166640368, -0.003784926291026778], [-0.0033652668235339372, -0.003784926291026778, 0.020567654246432157]], "chi2_level": 0.997, "chi2_df": 3, "chi2_threshold": 13.931422665512084, "N_raw": 36, "N_roi": 36, "N_inlier": 35, "refit": true}
{"timestamp": "15:45:46.908655", "frame": 48, "mu": [-1.7398590450819191, 3.0985343953633686, 0.6490718789375813], "Sigma": [[0.025359811459518416, -0.0015538001838358909, -0.010477213746332904], [-0.001553800183835891, 0.0010148959913747705, -0.0027087875434915983], [-0.010477213746332903, -0.0027087875434915983, 0.025450456765808652]], "chi2_level": 0.997, "chi2_df": 3, "chi2_threshold": 13.931422665512084, "N_raw": 17, "N_roi": 17, "N_inlier": 16, "refit": true}
{"timestamp": "15:45:46.963306", "frame": 49, "mu": [-1.8769923363893675, 2.9921415850293704, 0.5169643309232818], "Sigma": [[0.0026012065603522867, -0.0009710608038413387, -0.008135637790892658], [-0.0009710608038413385, 0.0012720498433651058, 0.00018559437677292067], [-0.008135637790892656, 0.00018559437677292154, 0.36847924258663883]], "chi2_level": 0.997, "chi2_df": 3, "chi2_threshold": 13.931422665512084, "N_raw": 11, "N_roi": 10, "N_inlier": 10, "refit": true}
{"timestamp": "15:45:47.018084", "frame": 50, "mu": [-1.78041973974438, 2.911752830405725, 0.5127538529450969], "Sigma": [[0.01731377069263171, -0.0009902636499188667, 0.003261195039940241], [-0.0009902636499188673, 0.0014352419571236252, -0.0028432237069891306], [0.003261195039940241, -0.0028432237069891306, 0.01844884994151346]], "chi2_level": 0.997, "chi2_df": 3, "chi2_threshold": 13.931422665512084, "N_raw": 14, "N_roi": 14, "N_inlier": 14, "refit": true}
{"timestamp": "15:45:47.076880", "frame": 51, "mu": [-1.8663868164518904, 2.8448669088538443, 0.5498762228852981], "Sigma": [[0.02414073592479802, 0.003272116261023154, -0.005619892377486547], [0.003272116261023154, 0.0031646139829532008, -0.004443159674236245], [-0.005619892377486547, -0.004443159674236245, 0.00890254012769826]], "chi2_level": 0.997, "chi2_df": 3, "chi2_threshold": 13.931422665512084, "N_raw": 44, "N_roi": 44, "N_inlier": 41, "refit": true}
{"timestamp": "15:45:47.131452", "frame": 52, "mu": [-1.858127843433289, 2.7583055293943013, 0.7131255520023821], "Sigma": [[0.018782097004227172, 0.0012333580266667902, 0.008788775972556305], [0.0012333580266667905, 0.0019920926792762654, -0.004358315206562453], [0.008788775972556305, -0.004358315206562453, 0.02883124221914274]], "chi2_level": 0.997, "chi2_df": 3, "chi2_threshold": 13.931422665512084, "N_raw": 36, "N_roi": 36, "N_inlier": 36, "refit": true}
{"timestamp": "15:45:47.186360", "frame": 53, "mu": [-1.6755403853701465, 2.7156898725455885, 0.9495883848605586], "Sigma": [[0.009758823717284698, 0.0012958774939396327, -0.005167375919484521], [0.001295877493939633, 0.004064398759671271, -0.008002985300571327], [-0.005167375919484522, -0.008002985300571327, 0.026993861912740235]], "chi2_level": 0.997, "chi2_df": 3, "chi2_threshold": 13.931422665512084, "N_raw": 38, "N_roi": 37, "N_inlier": 33, "refit": true}
{"timestamp": "15:45:47.245434", "frame": 54, "mu": [-1.74849043158977, 2.5241452705051426, 0.7277075936055092], "Sigma": [[0.025550120252878932, 0.0054881181536577655, 0.02003851900862028], [0.005488118153657767, 0.004875888567339469, 0.0032297284418871123], [0.02003851900862028, 0.0032297284418871127, 0.060655003725172275]], "chi2_level": 0.997, "chi2_df": 3, "chi2_threshold": 13.931422665512084, "N_raw": 60, "N_roi": 60, "N_inlier": 60, "refit": true}
{"timestamp": "15:45:47.303526", "frame": 55, "mu": [-1.8683522813822309, 2.5409649158573195, -0.7365425541718308], "Sigma": [[0.021016123831073267, 0.01076320850988401, 0.08035634377310953], [0.01076320850988401, 0.019375232034820247, 0.033082092193508036], [0.08035634377310952, 0.033082092193508036, 0.47783661520248594]], "chi2_level": 0.997, "chi2_df": 3, "chi2_threshold": 13.931422665512084, "N_raw": 83, "N_roi": 83, "N_inlier": 83, "refit": true}
{"timestamp": "15:45:47.355310", "frame": 56, "mu": [-1.8667906279577584, 2.4484388846546703, 0.9161066586668272], "Sigma": [[0.020181824374080753, 0.0031871951960728206, 0.004176255907922561], [0.0031871951960728206, 0.0015175492585762101, 0.00012531187018903137], [0.004176255907922562, 0.00012531187018903126, 0.027302174637920847]], "chi2_level": 0.997, "chi2_df": 3, "chi2_threshold": 13.931422665512084, "N_raw": 47, "N_roi": 46, "N_inlier": 45, "refit": true}
{"timestamp": "15:45:47.408685", "frame": 57, "mu": [-1.7950638118286566, 2.3869077569270307, 0.9763668609524427], "Sigma": [[0.01098216205389056, 0.003130717962352845, -0.005251927555691725], [0.003130717962352845, 0.002959513124823219, -0.007677152811060421], [-0.005251927555691725, -0.007677152811060421, 0.04301279654432436]], "chi2_level": 0.997, "chi2_df": 3, "chi2_threshold": 13.931422665512084, "N_raw": 40, "N_roi": 40, "N_inlier": 37, "refit": true}
{"timestamp": "15:45:47.460794", "frame": 58, "mu": [-1.7745575189729959, 2.2764851961075188, 0.6263873992970207], "Sigma": [[0.008892068785518788, 0.0028997961792256886, -0.014002942120003307], [0.0028997961792256886, 0.0029803394997421355, -0.005366585294497921], [-0.014002942120003307, -0.005366585294497921, 0.14524477307244635]], "chi2_level": 0.997, "chi2_df": 3, "chi2_threshold": 13.931422665512084, "N_raw": 28, "N_roi": 28, "N_inlier": 27, "refit": true}
{"timestamp": "15:45:47.513538", "frame": 59, "mu": [-1.8773947262267796, 2.1974949490403404, 0.7637219627776064], "Sigma": [[0.022146406248529815, 0.002122471815584672, 0.009310345397471817], [0.002122471815584672, 0.001325796941691251, -0.00605505201533591], [0.009310345397471817, -0.00605505201533591, 0.08810009009708311]], "chi2_level": 0.997, "chi2_df": 3, "chi2_threshold": 13.931422665512084, "N_raw": 16, "N_roi": 16, "N_inlier": 16, "refit": true}
{"timestamp": "15:45:47.570933", "frame": 60, "mu": [-1.8946273059899645, 2.090465081883763, 1.0825555015290946], "Sigma": [[0.03502338593986782, 0.02314160317565543, -0.052200368019856336], [0.02314160317565543, 0.01733338984898284, -0.03691178792600794], [-0.052200368019856336, -0.03691178792600794, 0.11739776700528821]], "chi2_level": 0.997, "chi2_df": 3, "chi2_threshold": 13.931422665512084, "N_raw": 37, "N_roi": 37, "N_inlier": 37, "refit": true}
{"timestamp": "15:45:47.625362", "frame": 61, "mu": [-1.8589268616740102, 2.018257580300083, 0.9045422063783097], "Sigma": [[0.007873867356247974, 0.006210430699774493, -0.01357822253055652], [0.006210430699774493, 0.008394931597721032, -0.020349998871765966], [-0.013578222530556523, -0.02034999887176597, 0.07274416555995879]], "chi2_level": 0.997, "chi2_df": 3, "chi2_threshold": 13.931422665512084, "N_raw": 31, "N_roi": 31, "N_inlier": 29, "refit": true}
{"timestamp": "15:45:47.679269", "frame": 62, "mu": [-1.9154713967312293, 1.91834627834243, 0.8807875549253108], "Sigma": [[0.022379372574775992, 0.01811496911819002, -0.032454891422197374], [0.018114969118190022, 0.04673404526085042, -0.09968252158038406], [-0.03245489142219737, -0.09968252158038406, 0.3204935489626574]], "chi2_level": 0.997, "chi2_df": 3, "chi2_threshold": 13.931422665512084, "N_raw": 18, "N_roi": 17, "N_inlier": 16, "refit": true}
{"timestamp": "15:45:47.736740", "frame": 63, "mu": [-1.9937285022393876, 1.6767963001170831, 1.3174167433117212], "Sigma": [[0.0397060873521633, 0.019415933978070107, -0.04022488247933364], [0.019415933978070107, 0.015293188661046982, -0.022601163553293016], [-0.04022488247933363, -0.022601163553293016, 0.050517636522295094]], "chi2_level": 0.997, "chi2_df": 3, "chi2_threshold": 13.931422665512084, "N_raw": 43, "N_roi": 43, "N_inlier": 40, "refit": true}
{"timestamp": "15:45:47.791142", "frame": 64, "mu": [-1.9820679994957129, 1.590815249749623, 1.2939512472244727], "Sigma": [[0.020048383583713886, 0.012197654877884101, -0.01860149155849591], [0.012197654877884101, 0.011249724354021043, -0.016440652955624625], [-0.01860149155849591, -0.016440652955624628, 0.029292606594357277]], "chi2_level": 0.997, "chi2_df": 3, "chi2_threshold": 13.931422665512084, "N_raw": 39, "N_roi": 39, "N_inlier": 38, "refit": true}
{"timestamp": "15:45:47.845770", "frame": 65, "mu": [-2.079197051411463, 1.56304179269683, 0.9444902619136637], "Sigma": [[0.02843619327218941, 0.018118751848622758, 0.0097808839395781], [0.018118751848622758, 0.014978191880953699, 0.0037448014516626433], [0.0097808839395781, 0.0037448014516626433, 0.035094217499706704]], "chi2_level": 0.997, "chi2_df": 3, "chi2_threshold": 13.931422665512084, "N_raw": 31, "N_roi": 31, "N_inlier": 30, "refit": true}
{"timestamp": "15:45:47.899247", "frame": 66, "mu": [-1.8198340210255606, 1.741502575890479, -0.49252909560558333], "Sigma": [[0.0146821532765613, 0.02123195932485504, -0.016040654340879177], [0.02123195932485504, 0.03885585350600376, -0.033084132057976105], [-0.016040654340879177, -0.03308413205797611, 0.03136775243927301]], "chi2_level": 0.997, "chi2_df": 3, "chi2_threshold": 13.931422665512084, "N_raw": 24, "N_roi": 24, "N_inlier": 24, "refit": true}
{"timestamp": "15:45:47.958741", "frame": 67, "mu": [-1.9499267199159922, 1.448945922383026, -0.25031541457688355], "Sigma": [[0.008711495251282111, 0.005766958525242194, -0.001881045117814702], [0.005766958525242194, 0.016343814776848896, -0.005492494399623843], [-0.0018810451178147022, -0.005492494399623843, 0.0027098258167179133]], "chi2_level": 0.997, "chi2_df": 3, "chi2_threshold": 13.931422665512084, "N_raw": 49, "N_roi": 49, "N_inlier": 48, "refit": true}
{"timestamp": "15:45:48.014759", "frame": 68, "mu": [-1.9343818612639012, 1.2593995143716097, 1.3319674855287915], "Sigma": [[0.009141565294184884, 0.006435600540007702, -0.005975361130294702], [0.006435600540007703, 0.01448103151124811, -0.011399231147805373], [-0.005975361130294702, -0.011399231147805375, 0.009948767759989438]], "chi2_level": 0.997, "chi2_df": 3, "chi2_threshold": 13.931422665512084, "N_raw": 55, "N_roi": 55, "N_inlier": 53, "refit": true}
{"timestamp": "15:45:48.067595", "frame": 69, "mu": [-1.9018431350497271, 1.2341088894653947, 1.247489914566658], "Sigma": [[0.013843293228918642, 0.008072534460069239, -0.0010798912825214343], [0.008072534460069239, 0.009888844261144402, -0.012897374260655448], [-0.0010798912825214346, -0.012897374260655445, 0.07562439920913869]], "chi2_level": 0.997, "chi2_df": 3, "chi2_threshold": 13.931422665512084, "N_raw": 46, "N_roi": 46, "N_inlier": 45, "refit": true}
{"timestamp": "15:45:48.127096", "frame": 70, "mu": [-1.8050831958544902, 1.226245544216315, 1.196493332564247], "Sigma": [[0.014545889792116847, 0.011331973448225844, -0.012266681305212652], [0.011331973448225844, 0.01354238919905318, -0.015281967003064584], [-0.012266681305212652, -0.015281967003064584, 0.021258116765363155]], "chi2_level": 0.997, "chi2_df": 3, "chi2_threshold": 13.931422665512084, "N_raw": 70, "N_roi": 70, "N_inlier": 68, "refit": true}
{"timestamp": "15:45:48.179469", "frame": 71, "mu": [-1.789922109539316, 1.1327184415636535, 1.0868272339077696], "Sigma": [[0.016268609529855933, 0.008064598572710194, -0.012191163045930403], [0.008064598572710194, 0.00952896934582837, -0.008360135059213583], [-0.012191163045930403, -0.008360135059213583, 0.010929683213874351]], "chi2_level": 0.997, "chi2_df": 3, "chi2_threshold": 13.931422665512084, "N_raw": 57, "N_roi": 57, "N_inlier": 56, "refit": true}
{"timestamp": "15:45:48.234665", "frame": 72, "mu": [-1.8516624257590724, 1.0241369048538809, 1.1043585522909392], "Sigma": [[0.009122756791882318, 0.0038860659732483415, 0.003715279458444124], [0.0038860659732483415, 0.0071821450150180545, -0.0016065638931617148], [0.003715279458444124, -0.0016065638931617144, 0.025509927781564717]], "chi2_level": 0.997, "chi2_df": 3, "chi2_threshold": 13.931422665512084, "N_raw": 59, "N_roi": 59, "N_inlier": 59, "refit": true}
{"timestamp": "15:45:48.287186", "frame": 73, "mu": [-1.8478460543085566, 0.9187198109602507, 1.0849959815310641], "Sigma": [[0.005740214260204074, 0.004315531633604763, -0.0023889623228316587], [0.0043155316336047625, 0.00468396431907668, -0.004475646496645405], [-0.002388962322831658, -0.004475646496645405, 0.01738892890240146]], "chi2_level": 0.997, "chi2_df": 3, "chi2_threshold": 13.931422665512084, "N_raw": 42, "N_roi": 42, "N_inlier": 40, "refit": true}
{"timestamp": "15:45:48.343393", "frame": 74, "mu": [-1.8522315555711104, 0.9019297439534092, 1.2009956288603765], "Sigma": [[0.008924974918606884, 0.005383895821960561, -0.0024663698019937643], [0.005383895821960562, 0.01056206398522874, -0.006767247028194326], [-0.0024663698019937647, -0.006767247028194326, 0.005812283349342231]], "chi2_level": 0.997, "chi2_df": 3, "chi2_threshold": 13.931422665512084, "N_raw": 53, "N_roi": 53, "N_inlier": 52, "refit": true}
{"timestamp": "15:45:48.395505", "frame": 75, "mu": [-1.7850685324826674, 0.8922948929348965, 1.1841461307090353], "Sigma": [[0.004591509751291307, 0.0005799005757169912, 0.0018804791449280977], [0.0005799005757169912, 0.004071559306262115, -0.005023835207935732], [0.0018804791449280977, -0.005023835207935732, 0.01103537429378516]], "chi2_level": 0.997, "chi2_df": 3, "chi2_threshold": 13.931422665512084, "N_raw": 29, "N_roi": 29, "N_inlier": 29, "refit": true}
{"timestamp": "15:45:48.453945", "frame": 76, "mu": [-1.7891492494793941, 0.7173202555078017, 1.1604511197212255], "Sigma": [[0.007407024029028622, 0.008036279996362979, 0.0024367010701430328], [0.008036279996362979, 0.013045198300578575, -0.001517962348925536], [0.0024367010701430328, -0.0015179623489255353, 0.023338241137062732]], "chi2_level": 0.997, "chi2_df": 3, "chi2_threshold": 13.931422665512084, "N_raw": 58, "N_roi": 58, "N_inlier": 58, "refit": true}
{"timestamp": "15:45:48.509663", "frame": 77, "mu": [-1.7969116660978777, 0.735618417465105, 1.224206495863407], "Sigma": [[0.00727218038818054, 0.004247299649189953, 9.516094898202686e-05], [0.004247299649189953, 0.008010834282135943, -0.004735030730461184], [9.51609489820267e-05, -0.004735030730461184, 0.02353904078160753]], "chi2_level": 0.997, "chi2_df": 3, "chi2_threshold": 13.931422665512084, "N_raw": 56, "N_roi": 56, "N_inlier": 55, "refit": true}
{"timestamp": "15:45:48.560649", "frame": 78, "mu": [-1.7630198986618157, 0.6186867393208716, 0.9316770928511842], "Sigma": [[0.006310894529104927, 0.006739962854133988, 0.002432761021400249], [0.006739962854133988, 0.011680289265200131, 0.01293504984420648], [0.0024327610214002486, 0.01293504984420648, 0.08852552625255398]], "chi2_level": 0.997, "chi2_df": 3, "chi2_threshold": 13.931422665512084, "N_raw": 38, "N_roi": 38, "N_inlier": 37, "refit": true}
{"timestamp": "15:45:48.616326", "frame": 79, "mu": [-0.45948940354171314, 0.49574491684356237, 0.8134994185120012], "Sigma": [[3.584592701913385, 0.025912848875717293, -0.002369971846523053], [0.025912848875717293, 0.016071961201449256, -0.0007848783220087995], [-0.002369971846523054, -0.0007848783220087995, 0.00329929454029222]], "chi2_level": 0.997, "chi2_df": 3, "chi2_threshold": 13.931422665512084, "N_raw": 41, "N_roi": 41, "N_inlier": 41, "refit": true}
{"timestamp": "15:45:48.726991", "frame": 81, "mu": [-1.0384830728901655, 0.500743163736291, 1.0354615820698603], "Sigma": [[1.9436247906317008, -0.055802602553125455, -0.009527402814047514], [-0.055802602553125455, 0.012752805341508583, 0.002774545991529347], [-0.009527402814047514, 0.002774545991529347, 0.014059044400838286]], "chi2_level": 0.997, "chi2_df": 3, "chi2_threshold": 13.931422665512084, "N_raw": 46, "N_roi": 46, "N_inlier": 45, "refit": true}
{"timestamp": "15:45:48.779436", "frame": 82, "mu": [-1.7156983583718635, 0.4795699557111207, 0.9798556372961044], "Sigma": [[0.0037563273402254444, 0.0056636290851447045, 0.0018999878036669166], [0.005663629085144705, 0.011152797092510224, 0.005753955386394165], [0.0018999878036669166, 0.005753955386394165, 0.010566406190425965]], "chi2_level": 0.997, "chi2_df": 3, "chi2_threshold": 13.931422665512084, "N_raw": 27, "N_roi": 27, "N_inlier": 26, "refit": true}
{"timestamp": "15:45:48.889701", "frame": 84, "mu": [-0.04745311675887169, 0.40772593082819514, 0.9682174576094711], "Sigma": [[2.8640218307806076, 0.0491067086590508, 0.004655494179977238], [0.0491067086590508, 0.012272248106312764, 0.0017884023414517075], [0.004655494179977238, 0.0017884023414517073, 0.00587818206164151]], "chi2_level": 0.997, "chi2_df": 3, "chi2_threshold": 13.931422665512084, "N_raw": 22, "N_roi": 22, "N_inlier": 22, "refit": true}
