{"timestamp": "15:58:00.476645", "frame": 24, "mu": [1.6694132749134754, 0.537188638660653, 1.3069914330496193], "Sigma": [[0.00643863968802504, -0.00532797255506943, -0.011664107597488827], [-0.00532797255506943, 0.005894603497865751, 0.008677391206990778], [-0.011664107597488827, 0.008677391206990778, 0.033260481516845165]], "chi2_level": 0.997, "chi2_df": 3, "chi2_threshold": 13.931422665512084, "N_raw": 7, "N_roi": 7, "N_inlier": 7, "refit": true}
{"timestamp": "15:58:00.531205", "frame": 25, "mu": [1.5923771470258157, 0.5455575723096332, 1.4458256336604745], "Sigma": [[0.004167932432346566, 0.0012601375465247867, -0.0030357405697084196], [0.0012601375465247865, 0.0024534378340934785, -0.0008898801915762599], [-0.00303574056970842, -0.0008898801915762599, 0.0023009950051602014]], "chi2_level": 0.997, "chi2_df": 3, "chi2_threshold": 13.931422665512084, "N_raw": 5, "N_roi": 5, "N_inlier": 5, "refit": true}
{"timestamp": "15:58:00.587003", "frame": 26, "mu": [1.5761687958634336, 0.5414008112731954, 1.1145018943127518], "Sigma": [[0.006185805163441446, -0.004502675021186666, -0.001940537789206503], [-0.004502675021186666, 0.009198823965857356, -0.02042260215726343], [-0.001940537789206503, -0.02042260215726343, 0.10765536642105439]], "chi2_level": 0.997, "chi2_df": 3, "chi2_threshold": 13.931422665512084, "N_raw": 7, "N_roi": 7, "N_inlier": 7, "refit": true}
{"timestamp": "15:58:00.721317", "frame": 27, "mu": [1.4662720516644945, 0.7588350398854407, -0.7305186801618465], "Sigma": [[0.004298159285672999, 0.00032257526087822405, -0.006587229374844454], [0.00032257526087822426, 0.027945532519907043, -0.056432594869621724], [-0.006587229374844454, -0.056432594869621724, 0.1245488369593739]], "chi2_level": 0.997, "chi2_df": 3, "chi2_threshold": 13.931422665512084, "N_raw": 8, "N_roi": 8, "N_inlier": 8, "refit": true}
{"timestamp": "15:58:00.749795", "frame": 28, "mu": [1.4008912062421357, 0.8560632217515902, -0.8212525853905434], "Sigma": [[0.0018439540850123486, -0.002204551024307634, 0.0012115046194236421], [-0.002204551024307634, 0.034317378651440564, -0.05896716054975813], [0.001211504619423643, -0.058967160549758126, 0.1078867880837311]], "chi2_level": 0.997, "chi2_df": 3, "chi2_threshold": 13.931422665512084, "N_raw": 9, "N_roi": 9, "N_inlier": 9, "refit": true}
{"timestamp": "15:58:00.811977", "frame": 30, "mu": [1.274724246199279, 0.45699707281918256, 1.46721898116495], "Sigma": [[0.007632142350244365, -0.0035939911265660757, -0.004099032030126373], [-0.0035939911265660757, 0.004380385093911272, 0.002756524353628546], [-0.004099032030126373, 0.002756524353628546, 0.0024670837155494167]], "chi2_level": 0.997, "chi2_df": 3, "chi2_threshold": 13.931422665512084, "N_raw": 5, "N_roi": 5, "N_inlier": 5, "refit": true}
{"timestamp": "15:58:00.861694", "frame": 31, "mu": [1.0516022821377757, 0.48839365868308104, 1.531904964549601], "Sigma": [[0.13421579097754785, 0.03801461144846316, -0.0852087688746974], [0.03801461144846315, 0.013638593199524282, -0.023377753075655698], [-0.0852087688746974, -0.023377753075655698, 0.05430042418504556]], "chi2_level": 0.997, "chi2_df": 3, "chi2_threshold": 13.931422665512084, "N_raw": 5, "N_roi": 5, "N_inlier": 5, "refit": true}
{"timestamp": "15:58:00.917867", "frame": 32, "mu": [1.0884673402101521, 0.5734015548956369, 1.5036878471761468], "Sigma": [[0.0030554077429328034, -0.0004802749994857464, -0.002152914617958467], [-0.0004802749994857463, 0.0009135004065573277, -9.44240281986406e-05], [-0.002152914617958467, -9.442402819864065e-05, 0.0019787576649456934]], "chi2_level": 0.997, "chi2_df": 3, "chi2_threshold": 13.931422665512084, "N_raw": 14, "N_roi": 14, "N_inlier": 13, "refit": true}
{"timestamp": "15:58:00.973067", "frame": 33, "mu": [1.098174161378018, 0.5033995224169242, 1.454035923058665], "Sigma": [[0.0038287275972355467, -0.002216079822385571, -0.0032801082003472704], [-0.002216079822385571, 0.0019295400223475127, 0.001346067420200033], [-0.0032801082003472704, 0.001346067420200033, 0.0036911840304947163]], "chi2_level": 0.997, "chi2_df": 3, "chi2_threshold": 13.931422665512084, "N_raw": 19, "N_roi": 19, "N_inlier": 18, "refit": true}
{"timestamp": "15:58:01.028811", "frame": 34, "mu": [1.0125858989295604, 0.5369875616584522, 1.4775761129641636], "Sigma": [[0.0037985392035537503, -0.0015200084008380609, -0.0027585899740601803], [-0.0015200084008380609, 0.001983977961908408, 0.0006806152693466824], [-0.0027585899740601803, 0.0006806152693466825, 0.0023708943713179834]], "chi2_level": 0.997, "chi2_df": 3, "chi2_threshold": 13.931422665512084, "N_raw": 22, "N_roi": 22, "N_inlier": 20, "refit": true}
{"timestamp": "15:58:01.085735", "frame": 35, "mu": [0.9634819935216684, 0.5615007249775761, 1.222201118454626], "Sigma": [[0.014101991273199117, -0.009712680637141195, -0.05692325936818682], [-0.009712680637141195, 0.010442832296545121, 0.0353893592775857], [-0.05692325936818682, 0.03538935927758571, 0.2805459039271114]], "chi2_level": 0.997, "chi2_df": 3, "chi2_threshold": 13.931422665512084, "N_raw": 17, "N_roi": 17, "N_inlier": 16, "refit": true}
{"timestamp": "15:58:01.143903", "frame": 36, "mu": [0.8111588481061515, 0.5982392628306539, 1.4748654213305403], "Sigma": [[0.004266135457215717, -0.002220270202595093, -0.0030766098013034256], [-0.0022202702025950925, 0.002210170070209842, 0.0005466891657816564], [-0.003076609801303426, 0.0005466891657816565, 0.0048430932293983915]], "chi2_level": 0.997, "chi2_df": 3, "chi2_threshold": 13.931422665512084, "N_raw": 41, "N_roi": 39, "N_inlier": 38, "refit": true}
{"timestamp": "15:58:01.199171", "frame": 37, "mu": [0.7264759229019295, 0.6264601621296466, 1.4696703978316017], "Sigma": [[0.00289221695030282, -0.00036909515708742125, -0.001975674580977891], [-0.00036909515708742125, 0.0020161393079041563, -0.0014818005450510947], [-0.0019756745809778905, -0.0014818005450510945, 0.003381306798239475]], "chi2_level": 0.997, "chi2_df": 3, "chi2_threshold": 13.931422665512084, "N_raw": 46, "N_roi": 46, "N_inlier": 44, "refit": true}
{"timestamp": "15:58:01.256027", "frame": 38, "mu": [0.684955225128329, 0.6036468406612074, 1.4441487789905874], "Sigma": [[0.005778164550963183, -0.0022527064872825517, -0.006001828157300385], [-0.0022527064872825517, 0.00198197731696444, 0.001710071430371375], [-0.006001828157300385, 0.001710071430371375, 0.007784642291031257]], "chi2_level": 0.997, "chi2_df": 3, "chi2_threshold": 13.931422665512084, "N_raw": 50, "N_roi": 50, "N_inlier": 47, "refit": true}
{"timestamp": "15:58:01.312841", "frame": 39, "mu": [0.6126545146445332, 0.6283690674781822, 1.2709000493281761], "Sigma": [[0.004006754285897365, -0.0015390614309323545, -0.008334778954641816], [-0.0015390614309323545, 0.0033739472362139776, -0.0032791973518952132], [-0.008334778954641816, -0.0032791973518952137, 0.10996367577146443]], "chi2_level": 0.997, "chi2_df": 3, "chi2_threshold": 13.931422665512084, "N_raw": 65, "N_roi": 65, "N_inlier": 63, "refit": true}
{"timestamp": "15:58:01.365997", "frame": 40, "mu": [0.5445716235864849, 0.6041855460840622, 1.4468639756164712], "Sigma": [[0.002716872622708787, -0.0006471465119605627, -0.0025804158473779694], [-0.0006471465119605627, 0.0022082602781336585, -0.001067855622617532], [-0.0025804158473779694, -0.001067855622617532, 0.0041415091628027876]], "chi2_level": 0.997, "chi2_df": 3, "chi2_threshold": 13.931422665512084, "N_raw": 55, "N_roi": 55, "N_inlier": 54, "refit": true}
{"timestamp": "15:58:01.419814", "frame": 41, "mu": [0.45473906455295554, 0.6247426678873913, 1.5014045053675802], "Sigma": [[0.002274108921863088, 0.00019970086732073626, -0.0015522581761962767], [0.0001997008673207362, 0.002545953790134659, -0.0013528586055739779], [-0.0015522581761962767, -0.0013528586055739779, 0.0018099688843123418]], "chi2_level": 0.997, "chi2_df": 3, "chi2_threshold": 13.931422665512084, "N_raw": 51, "N_roi": 51, "N_inlier": 50, "refit": true}
{"timestamp": "15:58:01.473068", "frame": 42, "mu": [0.3636570977748238, 0.61379287042235, 1.5071729055131804], "Sigma": [[0.002873182454796337, -0.00045415436618271725, -0.0021570920342222533], [-0.00045415436618271725, 0.0007625981921181088, -0.00039927195540177373], [-0.0021570920342222537, -0.00039927195540177373, 0.0030229810209353868]], "chi2_level": 0.997, "chi2_df": 3, "chi2_threshold": 13.931422665512084, "N_raw": 37, "N_roi": 37, "N_inlier": 35, "refit": true}
{"timestamp": "15:58:01.531832", "frame": 43, "mu": [0.2761122568675995, 0.6478055998844009, 1.490128848725463], "Sigma": [[0.0023385412895623025, 0.0007454187481564426, -0.0011466059086008798], [0.0007454187481564427, 0.0012946281595489298, -0.001860033318575085], [-0.0011466059086008798, -0.001860033318575085, 0.002897916416549452]], "chi2_level": 0.997, "chi2_df": 3, "chi2_threshold": 13.931422665512084, "N_raw": 57, "N_roi": 57, "N_inlier": 57, "refit": true}
{"timestamp": "15:58:01.584408", "frame": 44, "mu": [0.2432901594074614, 0.7426468748030249, -0.32044477728955406], "Sigma": [[0.0026718867176755393, 0.0010264405678295516, -0.0030868497043627643], [0.0010264405678295516, 0.0013594983466844372, -0.0019388659909693874], [-0.0030868497043627647, -0.0019388659909693874, 0.00489534360854632]], "chi2_level": 0.997, "chi2_df": 3, "chi2_threshold": 13.931422665512084, "N_raw": 47, "N_roi": 47, "N_inlier": 46, "refit": true}
{"timestamp": "15:58:01.640494", "frame": 45, "mu": [0.15943501009516955, 0.6078589590732062, 1.4351006585028832], "Sigma": [[0.004503869814516311, -0.0006354788060789531, -0.008550290086940405], [-0.0006354788060789531, 0.0033576128192978954, 0.002713521483616219], [-0.008550290086940403, 0.002713521483616219, 0.021957840218135776]], "chi2_level": 0.997, "chi2_df": 3, "chi2_threshold": 13.931422665512084, "N_raw": 61, "N_roi": 61, "N_inlier": 59, "refit": true}
{"timestamp": "15:58:01.704946", "frame": 46, "mu": [0.07877870664029167, 0.6208894230771496, 1.4165275675920093], "Sigma": [[0.003339837918654462, -0.0004377543064541964, -0.0041930843206126524], [-0.0004377543064541962, 0.00238693227850094, -0.002515931917177204], [-0.0041930843206126524, -0.002515931917177204, 0.010573938083275568]], "chi2_level": 0.997, "chi2_df": 3, "chi2_threshold": 13.931422665512084, "N_raw": 113, "N_roi": 113, "N_inlier": 108, "refit": true}
{"timestamp": "15:58:01.757104", "frame": 47, "mu": [-0.015040089840132385, 0.6298504761009437, 1.4420012502619934], "Sigma": [[0.002131660370625317, 0.0007262292088154155, -0.0023969058568085316], [0.0007262292088154156, 0.0015030727050287561, -0.003431613800277689], [-0.0023969058568085316, -0.003431613800277689, 0.010303876633619967]], "chi2_level": 0.997, "chi2_df": 3, "chi2_threshold": 13.931422665512084, "N_raw": 94, "N_roi": 94, "N_inlier": 91, "refit": true}
{"timestamp": "15:58:01.808937", "frame": 48, "mu": [-0.12347661690252962, 0.5988838459738235, 1.4182329472320943], "Sigma": [[0.0032344931282916193, 0.001072114179872212, -0.004653853394661465], [0.001072114179872212, 0.0025200492321295798, -0.005159171606816897], [-0.004653853394661466, -0.005159171606816897, 0.014164366869637962]], "chi2_level": 0.997, "chi2_df": 3, "chi2_threshold": 13.931422665512084, "N_raw": 70, "N_roi": 70, "N_inlier": 67, "refit": true}
{"timestamp": "15:58:01.863438", "frame": 49, "mu": [-0.1790509778801418, 0.5701519912144432, 1.4601041329368132], "Sigma": [[0.0019443393353815587, -0.00013440805791041895, -0.003132123863431078], [-0.00013440805791041895, 0.0008523279492440582, -0.001589281849077571], [-0.0031321238634310776, -0.001589281849077571, 0.011721132183107233]], "chi2_level": 0.997, "chi2_df": 3, "chi2_threshold": 13.931422665512084, "N_raw": 72, "N_roi": 72, "N_inlier": 69, "refit": true}
{"timestamp": "15:58:01.917073", "frame": 50, "mu": [-0.29459634730677364, 0.5787199472805156, 1.5504116437739544], "Sigma": [[0.002545339354746551, -0.0012540473972933934, 0.0004497064154656831], [-0.0012540473972933934, 0.0020249435034284287, -0.0018246788756276166], [0.0004497064154656831, -0.0018246788756276166, 0.002146418270632121]], "chi2_level": 0.997, "chi2_df": 3, "chi2_threshold": 13.931422665512084, "N_raw": 66, "N_roi": 63, "N_inlier": 62, "refit": true}
{"timestamp": "15:58:01.977407", "frame": 51, "mu": [-0.3503127023551973, 0.5724244722336908, 1.498844445587143], "Sigma": [[0.0030518369952496436, -0.002005588683982938, -0.005148279970856481], [-0.002005588683982938, 0.0028529685885873004, 0.0005897279411782685], [-0.0051482799708564815, 0.0005897279411782681, 0.03060501946866727]], "chi2_level": 0.997, "chi2_df": 3, "chi2_threshold": 13.931422665512084, "N_raw": 88, "N_roi": 85, "N_inlier": 80, "refit": true}
{"timestamp": "15:58:02.038511", "frame": 52, "mu": [-0.447981202019912, 0.5727069346130074, 1.5167004288830186], "Sigma": [[0.014028332172860388, 0.0006129548102003233, -0.015237678679180668], [0.0006129548102003237, 0.0028454852687940565, -0.0026202067527973157], [-0.015237678679180668, -0.0026202067527973157, 0.024660983901515967]], "chi2_level": 0.997, "chi2_df": 3, "chi2_threshold": 13.931422665512084, "N_raw": 133, "N_roi": 133, "N_inlier": 130, "refit": true}
{"timestamp": "15:58:02.086872", "frame": 53, "mu": [-0.6619115947435512, 0.5302252966227173, 1.6886693469854153], "Sigma": [[0.009696464935052987, 0.002547702734455614, -0.006180146734605813], [0.002547702734455614, 0.0033051186029478615, -0.004277603677209401], [-0.006180146734605812, -0.004277603677209401, 0.007024137100479392]], "chi2_level": 0.997, "chi2_df": 3, "chi2_threshold": 13.931422665512084, "N_raw": 69, "N_roi": 69, "N_inlier": 65, "refit": true}
{"timestamp": "15:58:02.136339", "frame": 54, "mu": [-0.7621324831865489, 0.5410157093097171, 1.7073041693498732], "Sigma": [[0.006728773040840244, 0.0021819752001148865, -0.002722833429817209], [0.002181975200114886, 0.0040419395863096185, -0.003925859698828594], [-0.002722833429817209, -0.003925859698828594, 0.004529293990929692]], "chi2_level": 0.997, "chi2_df": 3, "chi2_threshold": 13.931422665512084, "N_raw": 62, "N_roi": 62, "N_inlier": 60, "refit": true}
{"timestamp": "15:58:02.191647", "frame": 55, "mu": [-0.7981095551073822, 0.5093944537015616, 1.6582056586518945], "Sigma": [[0.016672309266418068, 0.0033266946302030194, -0.01615754230560057], [0.0033266946302030194, 0.00547912925188077, -0.005691650809254321], [-0.016157542305600573, -0.005691650809254321, 0.01978546595317513]], "chi2_level": 0.997, "chi2_df": 3, "chi2_threshold": 13.931422665512084, "N_raw": 62, "N_roi": 61, "N_inlier": 61, "refit": true}
{"timestamp": "15:58:02.249355", "frame": 56, "mu": [-0.8705531400222638, 0.526867241171259, 1.5871067698257955], "Sigma": [[0.005259453369231557, 0.0010337992370215829, -0.00293294093847966], [0.0010337992370215827, 0.007511085127774501, -0.0045290536687961885], [-0.0029329409384796605, -0.0045290536687961885, 0.0048828122449981635]], "chi2_level": 0.997, "chi2_df": 3, "chi2_threshold": 13.931422665512084, "N_raw": 73, "N_roi": 73, "N_inlier": 70, "refit": true}
{"timestamp": "15:58:02.306546", "frame": 57, "mu": [-0.9207078336857898, 0.5149249698286416, 1.5857977932258485], "Sigma": [[0.006735769184243104, 0.0011939640579053544, 0.0002928481322582264], [0.0011939640579053544, 0.004130165532405336, -0.00416487279953163], [0.00029284813225822636, -0.00416487279953163, 0.00539140240192777]], "chi2_level": 0.997, "chi2_df": 3, "chi2_threshold": 13.931422665512084, "N_raw": 84, "N_roi": 84, "N_inlier": 77, "refit": true}
{"timestamp": "15:58:02.359677", "frame": 58, "mu": [-0.9838285812944046, 0.5439428896902986, 1.608799227615079], "Sigma": [[0.007356795258900269, 0.0003006694056435882, -0.0006491533385247078], [0.00030066940564358826, 0.004779536584040978, -0.0036470313337451593], [-0.0006491533385247079, -0.0036470313337451593, 0.0039026333709951747]], "chi2_level": 0.997, "chi2_df": 3, "chi2_threshold": 13.931422665512084, "N_raw": 74, "N_roi": 74, "N_inlier": 71, "refit": true}
{"timestamp": "15:58:02.414399", "frame": 59, "mu": [-1.0462814675397558, 0.5575869262681857, 1.5806910396349947], "Sigma": [[0.007357471432507578, 0.0011928744215809954, -0.001689136066458415], [0.0011928744215809956, 0.006506908829512168, -0.006201218837821357], [-0.0016891360664584153, -0.006201218837821357, 0.007312884283242654]], "chi2_level": 0.997, "chi2_df": 3, "chi2_threshold": 13.931422665512084, "N_raw": 71, "N_roi": 71, "N_inlier": 70, "refit": true}
{"timestamp": "15:58:02.467678", "frame": 60, "mu": [-1.1015655787816443, 0.5410469580968433, 1.5777065253021922], "Sigma": [[0.006617865314460704, 0.0025178334443871206, -0.0031253364605662503], [0.0025178334443871206, 0.005565523539846794, -0.004922331399936693], [-0.0031253364605662503, -0.004922331399936693, 0.01473247275557427]], "chi2_level": 0.997, "chi2_df": 3, "chi2_threshold": 13.931422665512084, "N_raw": 59, "N_roi": 59, "N_inlier": 56, "refit": true}
{"timestamp": "15:58:02.522115", "frame": 61, "mu": [-1.1853569913196198, 0.5936372206396896, 1.5954153139034948], "Sigma": [[0.006086009714418714, 0.0009573940079955686, 0.000528802657208399], [0.0009573940079955687, 0.007467639181939272, -0.0057507503045274785], [0.000528802657208399, -0.0057507503045274785, 0.0050822599976783935]], "chi2_level": 0.997, "chi2_df": 3, "chi2_threshold": 13.931422665512084, "N_raw": 61, "N_roi": 61, "N_inlier": 59, "refit": true}
{"timestamp": "15:58:02.577969", "frame": 62, "mu": [-1.2330702700032758, 0.5358014714887074, 1.475370641298856], "Sigma": [[0.006649395387113076, 0.0008162721533497796, -0.001842609164475707], [0.0008162721533497798, 0.010477766189771505, -0.008434877608311585], [-0.0018426091644757065, -0.008434877608311585, 0.009939753813547779]], "chi2_level": 0.997, "chi2_df": 3, "chi2_threshold": 13.931422665512084, "N_raw": 64, "N_roi": 64, "N_inlier": 62, "refit": true}
{"timestamp": "15:58:02.631171", "frame": 63, "mu": [-1.2855709893625151, 0.5883038622565934, 1.4538768406585048], "Sigma": [[0.006020012655755338, 0.0005138618824145848, -0.0028115316745967764], [0.0005138618824145848, 0.007413411126451782, -0.006648820014782758], [-0.002811531674596777, -0.006648820014782758, 0.021038201594691466]], "chi2_level": 0.997, "chi2_df": 3, "chi2_threshold": 13.931422665512084, "N_raw": 59, "N_roi": 59, "N_inlier": 58, "refit": true}
{"timestamp": "15:58:02.687746", "frame": 64, "mu": [-1.3538147038760153, 0.544734683270194, 1.3272795562443216], "Sigma": [[0.0055492293616312945, 0.0004025517741886812, -0.0013304653210020336], [0.0004025517741886812, 0.010777271211681923, -0.010134689679749734], [-0.0013304653210020334, -0.010134689679749734, 0.03042792551001188]], "chi2_level": 0.997, "chi2_df": 3, "chi2_threshold": 13.931422665512084, "N_raw": 72, "N_roi": 72, "N_inlier": 72, "refit": true}
{"timestamp": "15:58:02.740353", "frame": 65, "mu": [-1.4046827124006045, 0.560229253047408, 1.4176795406195657], "Sigma": [[0.006287535338894765, 0.0023129092480735094, -0.0002604769150876798], [0.002312909248073509, 0.008591364968083355, -0.004824193504954338], [-0.0002604769150876799, -0.004824193504954338, 0.00739102258145706]], "chi2_level": 0.997, "chi2_df": 3, "chi2_threshold": 13.931422665512084, "N_raw": 52, "N_roi": 52, "N_inlier": 50, "refit": true}
{"timestamp": "15:58:02.798123", "frame": 66, "mu": [-1.4483975402471385, 0.55608373564348, 1.3661948371611587], "Sigma": [[0.010445847544467726, 0.0013152498701526467, -0.0013446423735766955], [0.0013152498701526467, 0.008311638782117088, -0.005154266846955804], [-0.0013446423735766952, -0.005154266846955804, 0.010554454263328678]], "chi2_level": 0.997, "chi2_df": 3, "chi2_threshold": 13.931422665512084, "N_raw": 66, "N_roi": 66, "N_inlier": 62, "refit": true}
{"timestamp": "15:58:02.853027", "frame": 67, "mu": [-1.4794650292487606, 0.638093310126637, 1.171841999063471], "Sigma": [[0.010101709945705336, 0.00924257567486962, -0.021516131423587704], [0.00924257567486962, 0.013758876388298287, -0.02639467494502014], [-0.0215161314235877, -0.02639467494502014, 0.12502685244923992]], "chi2_level": 0.997, "chi2_df": 3, "chi2_threshold": 13.931422665512084, "N_raw": 66, "N_roi": 66, "N_inlier": 66, "refit": true}
{"timestamp": "15:58:02.909119", "frame": 68, "mu": [-1.5410757473475796, 0.5993585728285727, 1.2811653192695245], "Sigma": [[0.008609501558514542, 0.004630000313777008, 0.0031124604305185107], [0.004630000313777008, 0.009488892415064207, 0.002729003145174655], [0.0031124604305185107, 0.002729003145174656, 0.031661545446390355]], "chi2_level": 0.997, "chi2_df": 3, "chi2_threshold": 13.931422665512084, "N_raw": 74, "N_roi": 74, "N_inlier": 73, "refit": true}
{"timestamp": "15:58:02.963085", "frame": 69, "mu": [-1.5450379904882416, 0.6311343570042406, 1.298653949614263], "Sigma": [[0.008973887344703233, 0.0037312620179128456, -0.00020239765568178414], [0.0037312620179128456, 0.008958136984100619, -0.005059393714589305], [-0.00020239765568178458, -0.005059393714589305, 0.013859761273691188]], "chi2_level": 0.997, "chi2_df": 3, "chi2_threshold": 13.931422665512084, "N_raw": 70, "N_roi": 70, "N_inlier": 68, "refit": true}
{"timestamp": "15:58:03.018405", "frame": 70, "mu": [-1.5971069537793654, 0.6455468346325524, 1.2907819252748982], "Sigma": [[0.008376635569628936, 0.005415936293665102, 0.0017791582949348607], [0.005415936293665102, 0.008660305008265404, -0.0002412794134274976], [0.0017791582949348607, -0.00024127941342749802, 0.021777462513070042]], "chi2_level": 0.997, "chi2_df": 3, "chi2_threshold": 13.931422665512084, "N_raw": 64, "N_roi": 64, "N_inlier": 63, "refit": true}
{"timestamp": "15:58:03.071245", "frame": 71, "mu": [-1.6865577835978314, 0.8109440047828075, -0.5245795801905847], "Sigma": [[0.007510625442951163, 0.007392675811512797, 0.005250804849334132], [0.007392675811512797, 0.025566090556818123, 0.010292978215962433], [0.005250804849334132, 0.010292978215962433, 0.02586510556477646]], "chi2_level": 0.997, "chi2_df": 3, "chi2_threshold": 13.931422665512084, "N_raw": 56, "N_roi": 56, "N_inlier": 54, "refit": true}
{"timestamp": "15:58:03.128183", "frame": 72, "mu": [-1.647722154283208, 0.7227868071346228, 1.2406813314851128], "Sigma": [[0.011285748131342492, 0.003487263847829985, 0.004607047148079017], [0.003487263847829985, 0.0068553991536120535, -0.004474709945585102], [0.0046070471480790165, -0.004474709945585103, 0.012464133148604287]], "chi2_level": 0.997, "chi2_df": 3, "chi2_threshold": 13.931422665512084, "N_raw": 70, "N_roi": 70, "N_inlier": 69, "refit": true}
{"timestamp": "15:58:03.184951", "frame": 73, "mu": [-1.69370234356254, 0.7708509217946639, 1.354942702464666], "Sigma": [[0.012720476108756535, 0.0025287629481787134, -0.004456389105486528], [0.002528762948178714, 0.013555311231416243, -0.006796558770602883], [-0.004456389105486529, -0.006796558770602884, 0.0052933934924710374]], "chi2_level": 0.997, "chi2_df": 3, "chi2_threshold": 13.931422665512084, "N_raw": 71, "N_roi": 71, "N_inlier": 70, "refit": true}
{"timestamp": "15:58:03.238135", "frame": 74, "mu": [-1.7101051440581598, 0.8608241538171805, 1.3656077300815657], "Sigma": [[0.01562117300659425, 0.007042503543986831, -0.006852188893780382], [0.00704250354398683, 0.009547568041300634, -0.008114256116225401], [-0.006852188893780382, -0.008114256116225401, 0.008083777868820021]], "chi2_level": 0.997, "chi2_df": 3, "chi2_threshold": 13.931422665512084, "N_raw": 66, "N_roi": 66, "N_inlier": 66, "refit": true}
{"timestamp": "15:58:03.294385", "frame": 75, "mu": [-1.7999363193060178, 0.8567199883446694, 1.2718402725793418], "Sigma": [[0.02002063601805816, 0.013659812569999086, 0.018185220829536174], [0.013659812569999086, 0.026543863022370384, 0.03680131765853567], [0.018185220829536174, 0.03680131765853567, 0.10338082275216012]], "chi2_level": 0.997, "chi2_df": 3, "chi2_threshold": 13.931422665512084, "N_raw": 80, "N_roi": 80, "N_inlier": 80, "refit": true}
{"timestamp": "15:58:03.352672", "frame": 76, "mu": [-1.8640592258212862, 0.8524242284437504, 1.102892174852697], "Sigma": [[0.03574776542022677, 0.026805562254164996, 0.050036559911718445], [0.026805562254164993, 0.02998205674460796, 0.048199453506408196], [0.050036559911718445, 0.048199453506408196, 0.14992161514636237]], "chi2_level": 0.997, "chi2_df": 3, "chi2_threshold": 13.931422665512084, "N_raw": 96, "N_roi": 96, "N_inlier": 96, "refit": true}
{"timestamp": "15:58:03.406668", "frame": 77, "mu": [-1.840147132238734, 0.9774250555535933, 1.2859783304929644], "Sigma": [[0.025837453058344374, 0.0166056176561674, 0.027443563704462808], [0.0166056176561674, 0.02207300809481714, 0.02528371312215837], [0.027443563704462808, 0.02528371312215837, 0.09738700350910864]], "chi2_level": 0.997, "chi2_df": 3, "chi2_threshold": 13.931422665512084, "N_raw": 84, "N_roi": 84, "N_inlier": 84, "refit": true}
{"timestamp": "15:58:03.458668", "frame": 78, "mu": [-1.9347879161992414, 1.045953585123608, 1.2971084784660936], "Sigma": [[0.02355220610462, 0.008552811726592141, 0.03239700204351062], [0.008552811726592141, 0.00933044065194632, 0.004415424082595592], [0.03239700204351062, 0.004415424082595592, 0.1274429382835605]], "chi2_level": 0.997, "chi2_df": 3, "chi2_threshold": 13.931422665512084, "N_raw": 71, "N_roi": 71, "N_inlier": 71, "refit": true}
{"timestamp": "15:58:03.512987", "frame": 79, "mu": [-1.8686073181871914, 1.1658328797595063, 1.4415721728658155], "Sigma": [[0.014251387371054618, 0.002540970399085042, -0.004068603970560077], [0.0025409703990850415, 0.006285177661981783, -0.005293017583291827], [-0.004068603970560077, -0.005293017583291827, 0.01760311963771299]], "chi2_level": 0.997, "chi2_df": 3, "chi2_threshold": 13.931422665512084, "N_raw": 62, "N_roi": 62, "N_inlier": 60, "refit": true}
{"timestamp": "15:58:03.565154", "frame": 80, "mu": [-1.9771245751078819, 1.192956532026704, 1.5552685837862736], "Sigma": [[0.007081285110726638, 0.006676686025935707, -0.005704745628435311], [0.006676686025935707, 0.015136216206855206, -0.012319336612838017], [-0.005704745628435311, -0.012319336612838017, 0.012903826785353565]], "chi2_level": 0.997, "chi2_df": 3, "chi2_threshold": 13.931422665512084, "N_raw": 45, "N_roi": 45, "N_inlier": 45, "refit": true}
{"timestamp": "15:58:03.627032", "frame": 81, "mu": [-1.8981845696181454, 1.3240738789643198, -0.03001841723273599], "Sigma": [[0.01696598914676736, 0.007639151160188152, 0.06392484406882992], [0.007639151160188153, 0.01739343168358204, 0.07202721994769476], [0.06392484406882992, 0.07202721994769476, 0.6997013175634178]], "chi2_level": 0.997, "chi2_df": 3, "chi2_threshold": 13.931422665512084, "N_raw": 92, "N_roi": 92, "N_inlier": 92, "refit": true}
{"timestamp": "15:58:03.678521", "frame": 82, "mu": [-1.9761464976565588, 1.3025660940589516, 1.275348190963432], "Sigma": [[0.016257704800974188, 0.007257340948664514, 0.00273238690706242], [0.007257340948664514, 0.008681058498458676, -0.0019224776649899497], [0.0027323869070624194, -0.0019224776649899497, 0.047270915896221094]], "chi2_level": 0.997, "chi2_df": 3, "chi2_threshold": 13.931422665512084, "N_raw": 69, "N_roi": 69, "N_inlier": 69, "refit": true}
{"timestamp": "15:58:03.731141", "frame": 83, "mu": [-1.9556049314711297, 1.4051207209933068, 1.545544253833778], "Sigma": [[0.008825963860864984, 0.005909514549289134, -0.007473356507431488], [0.005909514549289134, 0.015112780618269159, -0.009284844919946939], [-0.007473356507431488, -0.009284844919946939, 0.008973091136366263]], "chi2_level": 0.997, "chi2_df": 3, "chi2_threshold": 13.931422665512084, "N_raw": 53, "N_roi": 53, "N_inlier": 52, "refit": true}
{"timestamp": "15:58:03.790573", "frame": 84, "mu": [-1.9992858654611758, 1.4416624746977216, 1.2900686596003341], "Sigma": [[0.011549594916996569, 0.007607430413960179, -0.0014880731821085313], [0.007607430413960179, 0.015502495165650169, -8.198776367281026e-05], [-0.0014880731821085313, -8.198776367280983e-05, 0.09122697583891023]], "chi2_level": 0.997, "chi2_df": 3, "chi2_threshold": 13.931422665512084, "N_raw": 78, "N_roi": 78, "N_inlier": 77, "refit": true}
{"timestamp": "15:58:03.839199", "frame": 85, "mu": [-2.1103380142961368, 1.54362083153187, 1.6240284376376009], "Sigma": [[0.015324768673324754, 0.008277976266598224, -0.024420867709151674], [0.008277976266598226, 0.012515686182777508, -0.0133526976639528], [-0.024420867709151674, -0.0133526976639528, 0.10833030641119805]], "chi2_level": 0.997, "chi2_df": 3, "chi2_threshold": 13.931422665512084, "N_raw": 45, "N_roi": 45, "N_inlier": 45, "refit": true}
{"timestamp": "15:58:03.897041", "frame": 86, "mu": [-2.087409112486852, 1.6228185572632288, 1.573890861290987], "Sigma": [[0.016633234491705055, 0.008713229474362275, -0.018933683990264613], [0.008713229474362275, 0.012166380036935138, -0.0170892117325429], [-0.018933683990264613, -0.0170892117325429, 0.04607399928343757]], "chi2_level": 0.997, "chi2_df": 3, "chi2_threshold": 13.931422665512084, "N_raw": 59, "N_roi": 59, "N_inlier": 58, "refit": true}
{"timestamp": "15:58:03.955193", "frame": 87, "mu": [-2.047661143841606, 1.6911732352851594, 1.400985407492687], "Sigma": [[0.02676644020930287, 0.016728613948432954, -0.039678404592163166], [0.016728613948432954, 0.02421482805294279, -0.049273967538642785], [-0.039678404592163166, -0.049273967538642785, 0.15412477847717146]], "chi2_level": 0.997, "chi2_df": 3, "chi2_threshold": 13.931422665512084, "N_raw": 89, "N_roi": 89, "N_inlier": 89, "refit": true}
{"timestamp": "15:58:04.006388", "frame": 88, "mu": [-2.205019756798863, 1.6790680141974152, 1.6887356573092098], "Sigma": [[0.015834948683251745, 0.012181584016263524, -0.022525749172156682], [0.012181584016263524, 0.024896483592774292, -0.035253282732158026], [-0.022525749172156682, -0.035253282732158026, 0.07965145477684864]], "chi2_level": 0.997, "chi2_df": 3, "chi2_threshold": 13.931422665512084, "N_raw": 48, "N_roi": 48, "N_inlier": 47, "refit": true}
{"timestamp": "15:58:04.058816", "frame": 89, "mu": [-2.1969078516447222, 1.8096890841048106, 1.635572304768807], "Sigma": [[0.013413402642473126, 0.011522645360510154, -0.026691058528655234], [0.011522645360510154, 0.02604359463115324, -0.04922398429571155], [-0.026691058528655227, -0.04922398429571155, 0.13782368171541]], "chi2_level": 0.997, "chi2_df": 3, "chi2_threshold": 13.931422665512084, "N_raw": 37, "N_roi": 37, "N_inlier": 37, "refit": true}
{"timestamp": "15:58:04.113349", "frame": 90, "mu": [-2.274466898928364, 1.846061231778349, 1.5736838373105988], "Sigma": [[0.014825427373964561, 0.014757745917826333, -0.010889248778316419], [0.014757745917826333, 0.016956148402160434, -0.0174581980533512], [-0.010889248778316419, -0.017458198053351196, 0.03365819624426689]], "chi2_level": 0.997, "chi2_df": 3, "chi2_threshold": 13.931422665512084, "N_raw": 40, "N_roi": 40, "N_inlier": 39, "refit": true}
{"timestamp": "15:58:04.167888", "frame": 91, "mu": [-2.274105105498427, 1.8707211830711994, 1.6605212346474574], "Sigma": [[0.015519680781784078, 0.009431356391358277, -0.008311615708325712], [0.009431356391358277, 0.009640735651370193, -0.009875649852949833], [-0.008311615708325712, -0.009875649852949834, 0.06388516987241519]], "chi2_level": 0.997, "chi2_df": 3, "chi2_threshold": 13.931422665512084, "N_raw": 42, "N_roi": 39, "N_inlier": 38, "refit": true}
{"timestamp": "15:58:04.220741", "frame": 92, "mu": [-2.284117770054261, 2.0378110167725647, 1.533784055212824], "Sigma": [[0.02782562225336604, 0.02109884734001962, -0.029955413254107326], [0.021098847340019624, 0.018640887923916376, -0.02912509716324989], [-0.029955413254107326, -0.02912509716324989, 0.16939234979701515]], "chi2_level": 0.997, "chi2_df": 3, "chi2_threshold": 13.931422665512084, "N_raw": 26, "N_roi": 18, "N_inlier": 18, "refit": true}
{"timestamp": "15:58:04.280978", "frame": 93, "mu": [-2.2392323447034648, 2.081613376241925, 1.8092142138040181], "Sigma": [[0.024257960209404766, 0.022172450208959422, -0.020932886561184333], [0.022172450208959422, 0.025345763020676593, -0.018478326947418747], [-0.020932886561184333, -0.018478326947418747, 0.05560330175265909]], "chi2_level": 0.997, "chi2_df": 3, "chi2_threshold": 13.931422665512084, "N_raw": 62, "N_roi": 43, "N_inlier": 41, "refit": true}
{"timestamp": "15:58:04.338189", "frame": 94, "mu": [-2.1857524517831797, 2.262381967093839, 1.7693346252179156], "Sigma": [[0.02748638701781125, 0.02535158871427079, -0.02545244410862558], [0.02535158871427079, 0.031104813694582126, -0.024814978764884], [-0.02545244410862558, -0.024814978764884, 0.026679542688891597]], "chi2_level": 0.997, "chi2_df": 3, "chi2_threshold": 13.931422665512084, "N_raw": 77, "N_roi": 64, "N_inlier": 64, "refit": true}
{"timestamp": "15:58:04.387198", "frame": 95, "mu": [-2.130569495503238, 2.38938227593997, 1.613368970534968], "Sigma": [[0.02129165976017625, 0.015706041242824615, -0.008031009532997305], [0.015706041242824615, 0.021003329988775864, -0.024955452005005818], [-0.008031009532997305, -0.024955452005005818, 0.09140028452742306]], "chi2_level": 0.997, "chi2_df": 3, "chi2_threshold": 13.931422665512084, "N_raw": 33, "N_roi": 22, "N_inlier": 22, "refit": true}
{"timestamp": "15:58:04.441818", "frame": 96, "mu": [-2.1576702258934493, 2.42322363826441, 1.778009253613496], "Sigma": [[0.009980049761186122, 0.007995033564965245, -0.009046640103404308], [0.007995033564965245, 0.010147394278656604, -0.006611273854931063], [-0.009046640103404308, -0.006611273854931063, 0.010469748617701915]], "chi2_level": 0.997, "chi2_df": 3, "chi2_threshold": 13.931422665512084, "N_raw": 32, "N_roi": 21, "N_inlier": 20, "refit": true}
{"timestamp": "15:58:04.499500", "frame": 97, "mu": [-2.0939353338526567, 2.5513547741223777, 1.5429059144943023], "Sigma": [[0.017152551596581786, 0.003422666744850863, 0.00450870976212343], [0.0034226667448508637, 0.008396831459920822, -0.009366088378369173], [0.004508709762123428, -0.009366088378369173, 0.07766308001300477]], "chi2_level": 0.997, "chi2_df": 3, "chi2_threshold": 13.931422665512084, "N_raw": 50, "N_roi": 50, "N_inlier": 48, "refit": true}
{"timestamp": "15:58:04.552432", "frame": 98, "mu": [-2.10114781558684, 2.587341437239164, 1.6259429719805312], "Sigma": [[0.011701889868672223, 0.005635297700673975, -0.012706670946664753], [0.005635297700673975, 0.00881629853997666, -0.00829475425110373], [-0.012706670946664755, -0.008294754251103728, 0.036490050289757714]], "chi2_level": 0.997, "chi2_df": 3, "chi2_threshold": 13.931422665512084, "N_raw": 39, "N_roi": 37, "N_inlier": 36, "refit": true}
{"timestamp": "15:58:04.605231", "frame": 99, "mu": [-2.1224535887824074, 2.7023719989688675, 1.719515356044026], "Sigma": [[0.006333055645463714, 0.003159853463236146, -0.005150746583602256], [0.0031598534632361454, 0.005161940914742746, -0.005894132114708506], [-0.005150746583602256, -0.0058941321147085056, 0.013787467135983219]], "chi2_level": 0.997, "chi2_df": 3, "chi2_threshold": 13.931422665512084, "N_raw": 20, "N_roi": 20, "N_inlier": 19, "refit": true}
{"timestamp": "15:58:04.751225", "frame": 100, "mu": [-2.049576498211154, 2.8025164494814137, 0.8506300995566034], "Sigma": [[0.004815465870435575, 0.0005406764392067461, -0.006407980145771765], [0.0005406764392067462, 0.0006316584295572063, -0.002332060069793166], [-0.006407980145771765, -0.002332060069793166, 0.07597719420619364]], "chi2_level": 0.997, "chi2_df": 3, "chi2_threshold": 13.931422665512084, "N_raw": 16, "N_roi": 16, "N_inlier": 16, "refit": true}
{"timestamp": "15:58:04.786622", "frame": 101, "mu": [-2.165966065896413, 2.9009627694415094, 1.5773562850918885], "Sigma": [[0.0015146762526135652, -0.0017120320641276564, 0.0018807553126349301], [-0.0017120320641276564, 0.0097500584912137, -0.0071458249792284816], [0.0018807553126349301, -0.007145824979228483, 0.01567046756687808]], "chi2_level": 0.997, "chi2_df": 3, "chi2_threshold": 13.931422665512084, "N_raw": 6, "N_roi": 6, "N_inlier": 6, "refit": true}
{"timestamp": "15:58:04.802370", "frame": 102, "mu": [-2.2009238154025965, 2.9462959858211617, 1.3435888941855267], "Sigma": [[0.0003338884148433422, 0.001293164161011279, -0.002864938457644537], [0.001293164161011279, 0.006567642316682064, -0.011215183526959351], [-0.0028649384576445373, -0.011215183526959351, 0.03962774086274093]], "chi2_level": 0.997, "chi2_df": 3, "chi2_threshold": 13.931422665512084, "N_raw": 5, "N_roi": 5, "N_inlier": 5, "refit": true}
{"timestamp": "15:58:04.850625", "frame": 103, "mu": [-2.1686861118652145, 2.9974716430496895, 1.5911786210898775], "Sigma": [[0.015274946489156062, 0.00697013235288634, -0.01352223071003242], [0.006970132352886342, 0.008281142829572137, -0.004986082642680479], [-0.013522230710032421, -0.004986082642680479, 0.01382234571069292]], "chi2_level": 0.997, "chi2_df": 3, "chi2_threshold": 13.931422665512084, "N_raw": 36, "N_roi": 36, "N_inlier": 36, "refit": true}
{"timestamp": "15:58:04.897891", "frame": 104, "mu": [-2.1239082314046955, 3.084864575863328, 1.4535945206943737], "Sigma": [[0.0023423300429994795, -0.002499782415008703, 0.000599953875517112], [-0.002499782415008703, 0.0039543563024111205, -0.002771010861898459], [0.0005999538755171122, -0.002771010861898459, 0.00805052669739332]], "chi2_level": 0.997, "chi2_df": 3, "chi2_threshold": 13.931422665512084, "N_raw": 5, "N_roi": 5, "N_inlier": 5, "refit": true}
{"timestamp": "15:58:04.933604", "frame": 105, "mu": [-2.1339473933345925, 3.2006464966318586, 1.3393636688500794], "Sigma": [[0.002085358024499019, -0.0017961196740820396, -0.0035137184646984398], [-0.0017961196740820396, 0.007378631427223532, -0.031098793621480984], [-0.00351371846469844, -0.031098793621480977, 0.22867229428012517]], "chi2_level": 0.997, "chi2_df": 3, "chi2_threshold": 13.931422665512084, "N_raw": 7, "N_roi": 7, "N_inlier": 7, "refit": true}
{"timestamp": "15:58:04.989194", "frame": 106, "mu": [-2.2083549732635586, 3.3457719707063163, 1.0884618998245674], "Sigma": [[0.004754647929777494, -0.0025525222239728153, 0.01111729007396091], [-0.0025525222239728153, 0.006067168856005422, -0.034966374097703166], [0.01111729007396091, -0.034966374097703166, 0.215769529889423]], "chi2_level": 0.997, "chi2_df": 3, "chi2_threshold": 13.931422665512084, "N_raw": 8, "N_roi": 7, "N_inlier": 7, "refit": true}
{"timestamp": "15:58:05.044695", "frame": 107, "mu": [-2.1149820871748153, 3.356001747177643, 1.175735622129225], "Sigma": [[0.007162039894629193, 6.781148162793916e-05, 0.004280649519341952], [6.781148162793926e-05, 0.011157584845478212, -0.03176228500823362], [0.0042806495193419515, -0.03176228500823362, 0.10162292457477215]], "chi2_level": 0.997, "chi2_df": 3, "chi2_threshold": 13.931422665512084, "N_raw": 17, "N_roi": 17, "N_inlier": 17, "refit": true}
{"timestamp": "15:58:05.098624", "frame": 108, "mu": [-2.0714451274430155, 3.390353554207369, 1.1141150247387683], "Sigma": [[0.006241361272908979, -0.0005940260372286607, 0.02148610885635019], [-0.000594026037228661, 0.0047369467136313004, 0.020889743699112395], [0.02148610885635019, 0.0208897436991124, 0.2158437800181473]], "chi2_level": 0.997, "chi2_df": 3, "chi2_threshold": 13.931422665512084, "N_raw": 7, "N_roi": 7, "N_inlier": 7, "refit": true}
{"timestamp": "15:58:05.155705", "frame": 109, "mu": [-1.9993736906495798, 3.4636250733060203, 1.267167934155626], "Sigma": [[0.01086802938674069, 1.3789287626861462e-05, -0.011280129969413043], [1.378928762686151e-05, 0.0028151164910522977, 0.0008215546355719336], [-0.011280129969413043, 0.0008215546355719336, 0.031173453884833478]], "chi2_level": 0.997, "chi2_df": 3, "chi2_threshold": 13.931422665512084, "N_raw": 22, "N_roi": 22, "N_inlier": 20, "refit": true}
{"timestamp": "15:58:05.212913", "frame": 110, "mu": [-2.0276564248029807, 3.547270597418149, 1.6058755239807707], "Sigma": [[0.020533426648331524, 0.006665901685785031, -0.01639629909141908], [0.006665901685785031, 0.006073518451847383, -0.005567734085238777], [-0.01639629909141908, -0.005567734085238777, 0.016833050550087186]], "chi2_level": 0.997, "chi2_df": 3, "chi2_threshold": 13.931422665512084, "N_raw": 40, "N_roi": 40, "N_inlier": 37, "refit": true}
