{"timestamp": "16:24:03.794270", "frame": 1, "mu": [-0.006228468643185882, 1.672792182375035, 1.6046786559023676], "Sigma": [[0.004126162439692131, -0.0010564923435821992, -0.0027052843155372427], [-0.001056492343582199, 0.002529595622452775, -0.0001271563241961717], [-0.0027052843155372427, -0.0001271563241961717, 0.0023227581758969817]], "chi2_level": 0.997, "chi2_df": 3, "chi2_threshold": 13.931422665512084, "N_raw": 37, "N_roi": 37, "N_inlier": 37, "refit": true}
{"timestamp": "16:24:03.844167", "frame": 2, "mu": [0.0588173905576002, 1.7124643750837376, 1.5990039372896605], "Sigma": [[0.007833958405137254, -0.0006723146796436387, 0.004608562418154929], [-0.0006723146796436386, 0.002753048866644899, -0.007088023781142957], [0.004608562418154929, -0.007088023781142958, 0.022111647168425404]], "chi2_level": 0.997, "chi2_df": 3, "chi2_threshold": 13.931422665512084, "N_raw": 5, "N_roi": 5, "N_inlier": 5, "refit": true}
{"timestamp": "16:24:03.907965", "frame": 3, "mu": [0.039508249951694434, 1.6792219360448803, 1.4539080410968155], "Sigma": [[0.004989620068426913, -0.00015677678602679703, -0.002354810150395496], [-0.0001567767860267969, 0.0045960262547726305, -0.003851479663322907], [-0.002354810150395496, -0.003851479663322907, 0.0049001677578761295]], "chi2_level": 0.997, "chi2_df": 3, "chi2_threshold": 13.931422665512084, "N_raw": 66, "N_roi": 66, "N_inlier": 66, "refit": true}
{"timestamp": "16:24:03.966009", "frame": 4, "mu": [0.08001980246417423, 1.7256819784473048, -0.25434685155139447], "Sigma": [[0.004929999581459186, 0.0013539903544112165, 0.00939392823435935], [0.0013539903544112165, 0.008400666398037741, 0.004637153826945451], [0.009393928234359352, 0.004637153826945451, 0.03388154100064201]], "chi2_level": 0.997, "chi2_df": 3, "chi2_threshold": 13.931422665512084, "N_raw": 68, "N_roi": 68, "N_inlier": 68, "refit": true}
{"timestamp": "16:24:04.011636", "frame": 5, "mu": [0.11969467587213543, 1.6256107249162774, 1.3284480310105289], "Sigma": [[0.0013063451096459312, 0.0005471059128980322, -0.0053826159583819765], [0.0005471059128980321, 0.002589126157181847, -0.0016124139893683655], [-0.0053826159583819765, -0.0016124139893683655, 0.030139310753159683]], "chi2_level": 0.997, "chi2_df": 3, "chi2_threshold": 13.931422665512084, "N_raw": 5, "N_roi": 5, "N_inlier": 5, "refit": true}
{"timestamp": "16:24:04.070902", "frame": 6, "mu": [0.03992575531812778, 1.6836750124121485, 1.475126112804061], "Sigma": [[0.004293528152934702, 0.0006351096279392095, -0.001451182648314952], [0.0006351096279392095, 0.0023629717271968767, -0.0014706107551123457], [-0.001451182648314952, -0.0014706107551123457, 0.001644064871665792]], "chi2_level": 0.997, "chi2_df": 3, "chi2_threshold": 13.931422665512084, "N_raw": 40, "N_roi": 40, "N_inlier": 39, "refit": true}
{"timestamp": "16:24:04.122756", "frame": 7, "mu": [0.023438170702925164, 1.668393204486654, 1.410982284958525], "Sigma": [[0.0019013738881544435, 0.0008671491324406929, 0.0004748937350480822], [0.0008671491324406929, 0.0030424205967599345, -0.0003603823934307596], [0.0004748937350480822, -0.0003603823934307596, 0.0009580464816807446]], "chi2_level": 0.997, "chi2_df": 3, "chi2_threshold": 13.931422665512084, "N_raw": 13, "N_roi": 13, "N_inlier": 13, "refit": true}
{"timestamp": "16:24:04.182399", "frame": 8, "mu": [-0.02315721393380124, 1.6780541215583842, 1.430513127068839], "Sigma": [[0.005559417908621943, -0.00018673360769413066, -0.0011809307594400555], [-0.00018673360769413066, 0.002173328913283019, -0.0018679139871510164], [-0.0011809307594400557, -0.0018679139871510164, 0.002768735046080546]], "chi2_level": 0.997, "chi2_df": 3, "chi2_threshold": 13.931422665512084, "N_raw": 48, "N_roi": 48, "N_inlier": 48, "refit": true}
{"timestamp": "16:24:04.237968", "frame": 9, "mu": [-0.02194885067981963, 1.6671218898789963, 1.415130249303354], "Sigma": [[0.005684411606499612, -0.0009848697347646864, -0.002472398437200973], [-0.0009848697347646864, 0.00294241990514024, -0.000574602184185948], [-0.002472398437200973, -0.0005746021841859479, 0.0017140134689989717]], "chi2_level": 0.997, "chi2_df": 3, "chi2_threshold": 13.931422665512084, "N_raw": 47, "N_roi": 47, "N_inlier": 47, "refit": true}
{"timestamp": "16:24:04.294409", "frame": 10, "mu": [0.038877908195672814, 1.6558069118012309, 1.4566633358361167], "Sigma": [[0.005746693826543785, -0.002393858431722345, -0.0020612507968393724], [-0.002393858431722345, 0.004940549548770392, -0.0006513261194818658], [-0.002061250796839372, -0.0006513261194818658, 0.0016329511402048177]], "chi2_level": 0.997, "chi2_df": 3, "chi2_threshold": 13.931422665512084, "N_raw": 61, "N_roi": 61, "N_inlier": 58, "refit": true}
{"timestamp": "16:24:04.345562", "frame": 11, "mu": [-0.05612692543840721, 1.702550663457286, 1.5475055640798243], "Sigma": [[0.0020980384819276688, -2.2102051147290612e-05, -0.0008868754754711625], [-2.2102051147290585e-05, 0.0027102148597608145, 0.00022533850318318916], [-0.0008868754754711627, 0.00022533850318318918, 0.0008228484815553307]], "chi2_level": 0.997, "chi2_df": 3, "chi2_threshold": 13.931422665512084, "N_raw": 25, "N_roi": 25, "N_inlier": 24, "refit": true}
{"timestamp": "16:24:04.406110", "frame": 12, "mu": [0.008645349993569086, 1.666603460167543, 1.41931372187729], "Sigma": [[0.005584674077763825, -0.0014406514687700653, -0.0010328460671775986], [-0.0014406514687700651, 0.005792044771838288, -0.0031764081719179013], [-0.0010328460671775986, -0.003176408171917901, 0.002737640654544765]], "chi2_level": 0.997, "chi2_df": 3, "chi2_threshold": 13.931422665512084, "N_raw": 72, "N_roi": 72, "N_inlier": 72, "refit": true}
{"timestamp": "16:24:04.456354", "frame": 13, "mu": [0.04280098886188806, 1.7566889238586991, -0.19131838689754524], "Sigma": [[0.006324070864746891, 0.0047157707836282025, 0.011459440924859272], [0.004715770783628203, 0.005749740720906275, 0.012546179455285588], [0.01145944092485927, 0.012546179455285588, 0.040996520383341443]], "chi2_level": 0.997, "chi2_df": 3, "chi2_threshold": 13.931422665512084, "N_raw": 33, "N_roi": 33, "N_inlier": 33, "refit": true}
{"timestamp": "16:24:04.508777", "frame": 14, "mu": [-0.05711574185845551, 1.7157047092890227, 1.5879284831339557], "Sigma": [[0.0018461710238681646, -0.0004276093882412649, -0.001496713342089658], [-0.0004276093882412649, 0.002719081108118169, -0.0014793519004798479], [-0.001496713342089658, -0.0014793519004798479, 0.002920829398959709]], "chi2_level": 0.997, "chi2_df": 3, "chi2_threshold": 13.931422665512084, "N_raw": 17, "N_roi": 17, "N_inlier": 17, "refit": true}
{"timestamp": "16:24:04.571338", "frame": 15, "mu": [0.035204932074286044, 1.6568575281601197, 1.466425130553961], "Sigma": [[0.009998161543757688, -0.005066327639534391, -0.00360897881631211], [-0.005066327639534391, 0.005994357206121023, 0.0011044973660661412], [-0.00360897881631211, 0.001104497366066141, 0.0017207356042579774]], "chi2_level": 0.997, "chi2_df": 3, "chi2_threshold": 13.931422665512084, "N_raw": 67, "N_roi": 67, "N_inlier": 67, "refit": true}
{"timestamp": "16:24:04.622892", "frame": 16, "mu": [-0.03747144142399659, 1.812904611674197, -0.039966736546830355], "Sigma": [[0.004981117330736576, -0.00032661375488909634, -0.0018332535017032009], [-0.0003266137548890964, 0.0038846760020150124, -0.0027270403192231557], [-0.0018332535017032007, -0.002727040319223156, 0.0032639921880590205]], "chi2_level": 0.997, "chi2_df": 3, "chi2_threshold": 13.931422665512084, "N_raw": 45, "N_roi": 45, "N_inlier": 44, "refit": true}
{"timestamp": "16:24:04.678583", "frame": 17, "mu": [0.040736141163540775, 1.7295806432367433, 1.512550324853545], "Sigma": [[0.005380769494215484, -0.002110804871561422, 0.0021180464580943664], [-0.002110804871561422, 0.0039774047079751945, -0.00312054034867166], [0.0021180464580943664, -0.00312054034867166, 0.003394127155767919]], "chi2_level": 0.997, "chi2_df": 3, "chi2_threshold": 13.931422665512084, "N_raw": 52, "N_roi": 52, "N_inlier": 52, "refit": true}
{"timestamp": "16:24:04.729645", "frame": 18, "mu": [0.00472140169824233, 1.7043105739852196, 1.5759426977772413], "Sigma": [[0.0021223143027198216, -0.00025921678081203704, -0.0015844473421410938], [-0.000259216780812037, 0.0012919238554107986, -0.002269975330137364], [-0.0015844473421410938, -0.002269975330137364, 0.01692010852146605]], "chi2_level": 0.997, "chi2_df": 3, "chi2_threshold": 13.931422665512084, "N_raw": 23, "N_roi": 23, "N_inlier": 23, "refit": true}
{"timestamp": "16:24:04.790072", "frame": 19, "mu": [0.1252371307181283, 1.6938677772901207, 1.4527879865899953], "Sigma": [[0.0055372531736071545, -0.0005664712530484111, -0.0028096321027978764], [-0.0005664712530484111, 0.004933328816865488, -0.0019290910521635185], [-0.0028096321027978764, -0.0019290910521635185, 0.009687910512300568]], "chi2_level": 0.997, "chi2_df": 3, "chi2_threshold": 13.931422665512084, "N_raw": 69, "N_roi": 69, "N_inlier": 67, "refit": true}
{"timestamp": "16:24:04.839791", "frame": 20, "mu": [0.09850430642308015, 1.6574660108405046, 1.4847291936755302], "Sigma": [[0.0026732983845799505, -0.0012072589292581159, -0.0017436088997003422], [-0.0012072589292581159, 0.0027021951503234535, 0.001473793544719125], [-0.0017436088997003422, 0.0014737935447191248, 0.0015568513231598304]], "chi2_level": 0.997, "chi2_df": 3, "chi2_threshold": 13.931422665512084, "N_raw": 25, "N_roi": 25, "N_inlier": 23, "refit": true}
{"timestamp": "16:24:04.893528", "frame": 21, "mu": [0.08035547992790376, 1.6896944580739612, 1.518382067868476], "Sigma": [[0.004428225164521428, -0.0019271620515562107, -0.012040160847839836], [-0.0019271620515562107, 0.0031510697535849473, 0.005499989549018073], [-0.012040160847839838, 0.005499989549018073, 0.03795441621482662]], "chi2_level": 0.997, "chi2_df": 3, "chi2_threshold": 13.931422665512084, "N_raw": 19, "N_roi": 19, "N_inlier": 17, "refit": true}
{"timestamp": "16:24:04.952305", "frame": 22, "mu": [0.09321210500228132, 1.6942108194858874, 1.4957062430365362], "Sigma": [[0.0037189677653844478, -0.00045034853161392106, -0.0024824720986214603], [-0.0004503485316139211, 0.0030242408763463263, -0.00024861292685483106], [-0.0024824720986214603, -0.0002486129268548311, 0.002872477518813402]], "chi2_level": 0.997, "chi2_df": 3, "chi2_threshold": 13.931422665512084, "N_raw": 39, "N_roi": 39, "N_inlier": 38, "refit": true}
{"timestamp": "16:24:05.006178", "frame": 23, "mu": [0.07992411064814219, 1.7663936903775375, 1.5010233261178254], "Sigma": [[0.0050814647446195136, 0.0001943743121282303, -0.006423456626936883], [0.0001943743121282303, 0.0015419945321076033, -0.001484011961754492], [-0.006423456626936882, -0.001484011961754492, 0.010171234027702746]], "chi2_level": 0.997, "chi2_df": 3, "chi2_threshold": 13.931422665512084, "N_raw": 35, "N_roi": 35, "N_inlier": 34, "refit": true}
{"timestamp": "16:24:05.061907", "frame": 24, "mu": [0.05644095743945369, 1.7144917201801628, 1.5606486321679471], "Sigma": [[0.004242450227327982, -0.001521056714090788, -0.004220020787255179], [-0.0015210567140907878, 0.0036397639902811195, 0.0010105385089183034], [-0.004220020787255179, 0.0010105385089183034, 0.004626912374100183]], "chi2_level": 0.997, "chi2_df": 3, "chi2_threshold": 13.931422665512084, "N_raw": 43, "N_roi": 43, "N_inlier": 40, "refit": true}
{"timestamp": "16:24:05.121993", "frame": 25, "mu": [0.07108215109045707, 1.755230203093166, 1.5195337581995845], "Sigma": [[0.006811125811898703, 0.0008115158124168084, -0.00623090550285657], [0.0008115158124168084, 0.005491989054272562, -0.003381668779265096], [-0.00623090550285657, -0.003381668779265096, 0.00801333870082655]], "chi2_level": 0.997, "chi2_df": 3, "chi2_threshold": 13.931422665512084, "N_raw": 74, "N_roi": 74, "N_inlier": 72, "refit": true}
{"timestamp": "16:24:05.175770", "frame": 26, "mu": [0.025250501164386763, 1.751986274830127, 1.5663163852916677], "Sigma": [[0.004816908750841616, 0.000557581242773857, -0.0030385243743327518], [0.000557581242773857, 0.003694209300572706, -0.002777671481811291], [-0.0030385243743327513, -0.002777671481811291, 0.00400629049020551]], "chi2_level": 0.997, "chi2_df": 3, "chi2_threshold": 13.931422665512084, "N_raw": 56, "N_roi": 56, "N_inlier": 52, "refit": true}
{"timestamp": "16:24:05.226673", "frame": 27, "mu": [0.058106696468999436, 1.706470767001982, 1.3992024410211268], "Sigma": [[0.003606754541302326, -0.0015533851351884858, -0.009272839050783313], [-0.001553385135188486, 0.0051001023117792175, 0.01897224827550291], [-0.009272839050783313, 0.01897224827550291, 0.1656612301887633]], "chi2_level": 0.997, "chi2_df": 3, "chi2_threshold": 13.931422665512084, "N_raw": 36, "N_roi": 36, "N_inlier": 35, "refit": true}
{"timestamp": "16:24:05.286608", "frame": 28, "mu": [0.012911674134225367, 1.713480119568727, 1.3017346817061042], "Sigma": [[0.005614109022321683, -0.002214054081694958, -0.01699314167840039], [-0.002214054081694958, 0.008216703561994226, 0.0336627344878104], [-0.01699314167840039, 0.03366273448781041, 0.3208141126803465]], "chi2_level": 0.997, "chi2_df": 3, "chi2_threshold": 13.931422665512084, "N_raw": 70, "N_roi": 70, "N_inlier": 69, "refit": true}
{"timestamp": "16:24:05.337758", "frame": 29, "mu": [-0.057573855448510076, 1.6788919501262058, 1.2557835781113975], "Sigma": [[0.007465282134406021, -0.006338268063582783, -0.036342873376829996], [-0.006338268063582783, 0.010069566040828109, 0.03955897387825873], [-0.03634287337683, 0.03955897387825873, 0.3965085399624097]], "chi2_level": 0.997, "chi2_df": 3, "chi2_threshold": 13.931422665512084, "N_raw": 48, "N_roi": 48, "N_inlier": 47, "refit": true}
{"timestamp": "16:24:05.392809", "frame": 30, "mu": [0.02833672538198393, 1.8223115767206803, -0.26814805215862203], "Sigma": [[0.010044573645529447, 0.001326855896415615, 0.0022612613089645515], [0.001326855896415615, 0.018768467733644763, -0.043457314048395375], [0.0022612613089645515, -0.043457314048395375, 0.13788648475263449]], "chi2_level": 0.997, "chi2_df": 3, "chi2_threshold": 13.931422665512084, "N_raw": 44, "N_roi": 44, "N_inlier": 43, "refit": true}
{"timestamp": "16:24:05.442922", "frame": 31, "mu": [0.08303255985377898, 1.5927070028888104, 0.7929117052860429], "Sigma": [[0.0055169721612639755, -0.0020783336279072556, 0.04208812900042094], [-0.0020783336279072556, 0.004446146132783688, -0.016322025306337973], [0.04208812900042094, -0.016322025306337976, 0.4054476565068506]], "chi2_level": 0.997, "chi2_df": 3, "chi2_threshold": 13.931422665512084, "N_raw": 8, "N_roi": 8, "N_inlier": 8, "refit": true}
{"timestamp": "16:24:05.501025", "frame": 32, "mu": [0.007586527715090416, 1.6440364313265783, 1.363633834147304], "Sigma": [[0.003664309307850956, -0.0018546076422550671, -0.0026784799527542974], [-0.0018546076422550671, 0.005327543069603303, 0.002828450304973296], [-0.0026784799527542974, 0.002828450304973296, 0.00275948805088455]], "chi2_level": 0.997, "chi2_df": 3, "chi2_threshold": 13.931422665512084, "N_raw": 39, "N_roi": 38, "N_inlier": 37, "refit": true}
{"timestamp": "16:24:05.560817", "frame": 33, "mu": [-0.0888459049552854, 1.684924620306706, 1.4551184946139841], "Sigma": [[0.004621332002835167, -0.0018001118053316808, -0.004343700184539795], [-0.0018001118053316812, 0.006714513872789855, 2.537138114725216e-07], [-0.004343700184539794, 2.537138114725758e-07, 0.010101453845655818]], "chi2_level": 0.997, "chi2_df": 3, "chi2_threshold": 13.931422665512084, "N_raw": 68, "N_roi": 66, "N_inlier": 61, "refit": true}
{"timestamp": "16:24:05.610445", "frame": 34, "mu": [-0.10819174255680912, 1.6162926300509426, 1.268436439452925], "Sigma": [[0.004622971910132158, -0.0006319406364345218, 0.004951313462778313], [-0.000631940636434522, 0.004179184206111378, -0.007215949814854038], [0.004951313462778313, -0.007215949814854036, 0.2286355233530326]], "chi2_level": 0.997, "chi2_df": 3, "chi2_threshold": 13.931422665512084, "N_raw": 30, "N_roi": 30, "N_inlier": 29, "refit": true}
{"timestamp": "16:24:05.662851", "frame": 35, "mu": [-0.13327087745720123, 1.811636566685533, -0.4360174954616925], "Sigma": [[0.004519020496023459, 0.0002798312999563263, -0.015053426877265238], [0.0002798312999563265, 0.01963924516776978, -0.0441158279271099], [-0.01505342687726524, -0.0441158279271099, 0.2635031806623681]], "chi2_level": 0.997, "chi2_df": 3, "chi2_threshold": 13.931422665512084, "N_raw": 9, "N_roi": 9, "N_inlier": 9, "refit": true}
{"timestamp": "16:24:05.723959", "frame": 36, "mu": [-0.10944106379973771, 1.6627670301053055, 1.3370556551496549], "Sigma": [[0.004574248713862634, -0.0009291341965770186, -0.0020296566417387432], [-0.0009291341965770186, 0.005534402906482712, -0.00012529767866766277], [-0.002029656641738743, -0.00012529767866766277, 0.003872159428223844]], "chi2_level": 0.997, "chi2_df": 3, "chi2_threshold": 13.931422665512084, "N_raw": 56, "N_roi": 54, "N_inlier": 52, "refit": true}
{"timestamp": "16:24:05.775304", "frame": 37, "mu": [-0.13398200858216594, 1.6171174174783673, 1.3225655512287025], "Sigma": [[0.004191421798343576, 0.0032847520728500187, -0.020099337878050797], [0.0032847520728500187, 0.0056900203618858065, -0.019575167547927694], [-0.020099337878050797, -0.019575167547927694, 0.13778648861774906]], "chi2_level": 0.997, "chi2_df": 3, "chi2_threshold": 13.931422665512084, "N_raw": 26, "N_roi": 26, "N_inlier": 25, "refit": true}
{"timestamp": "16:24:05.831675", "frame": 38, "mu": [-0.21012063104079856, 1.6586351194321076, 1.217894577423187], "Sigma": [[0.006476403436031757, -0.0008080340546325152, -0.02575412015068926], [-0.0008080340546325151, 0.006764705803083914, 0.008969567461781135], [-0.02575412015068926, 0.008969567461781135, 0.19259809779839998]], "chi2_level": 0.997, "chi2_df": 3, "chi2_threshold": 13.931422665512084, "N_raw": 35, "N_roi": 35, "N_inlier": 34, "refit": true}
{"timestamp": "16:24:05.883098", "frame": 39, "mu": [-0.1513771594482417, 1.799305563795931, -0.6274665155801237], "Sigma": [[0.003093067720856782, 0.0008594894946258595, -0.008350361992427703], [0.0008594894946258595, 0.032097276974379, -0.06069842681761223], [-0.008350361992427705, -0.06069842681761223, 0.15018131248650882]], "chi2_level": 0.997, "chi2_df": 3, "chi2_threshold": 13.931422665512084, "N_raw": 17, "N_roi": 17, "N_inlier": 17, "refit": true}
{"timestamp": "16:24:05.941248", "frame": 40, "mu": [-0.21248067283067756, 1.5773187614715005, 1.3313466978396309], "Sigma": [[0.00452196859765184, -0.00040013590968462887, -0.008948680772828708], [-0.00040013590968462887, 0.004596488955861128, -0.004943392226653053], [-0.008948680772828708, -0.0049433922266530535, 0.05715013765767798]], "chi2_level": 0.997, "chi2_df": 3, "chi2_threshold": 13.931422665512084, "N_raw": 40, "N_roi": 40, "N_inlier": 38, "refit": true}
{"timestamp": "16:24:05.994729", "frame": 41, "mu": [-0.3100400363352667, 1.715918419459913, -0.22331896104926352], "Sigma": [[0.005354679572959859, 0.009106347904940366, -0.03058029248446811], [0.009106347904940365, 0.020939994738833255, -0.062275628137465566], [-0.03058029248446811, -0.06227562813746557, 0.21503259985272036]], "chi2_level": 0.997, "chi2_df": 3, "chi2_threshold": 13.931422665512084, "N_raw": 28, "N_roi": 28, "N_inlier": 28, "refit": true}
{"timestamp": "16:24:06.053848", "frame": 42, "mu": [-0.31279513092506644, 1.6839025646534924, -0.2250411302368765], "Sigma": [[0.004294457117872067, 0.0008347476300925667, 0.003563596083952329], [0.0008347476300925664, 0.006215143004469935, 0.0033745155656200636], [0.003563596083952329, 0.003374515565620063, 0.01779177948379415]], "chi2_level": 0.997, "chi2_df": 3, "chi2_threshold": 13.931422665512084, "N_raw": 54, "N_roi": 54, "N_inlier": 54, "refit": true}
{"timestamp": "16:24:06.111116", "frame": 43, "mu": [-0.3111841677401086, 1.5423237522544295, 1.3307006678587419], "Sigma": [[0.004665940609354684, -0.0017430844835090908, -0.002648814245776859], [-0.0017430844835090908, 0.009509589135564897, 0.0015719189023469793], [-0.002648814245776859, 0.001571918902346979, 0.0018736007387177584]], "chi2_level": 0.997, "chi2_df": 3, "chi2_threshold": 13.931422665512084, "N_raw": 69, "N_roi": 69, "N_inlier": 67, "refit": true}
{"timestamp": "16:24:06.167057", "frame": 44, "mu": [-0.35120811344997616, 1.5954165516769705, 1.3585502819756199], "Sigma": [[0.005112338555856793, -0.0018892726282289155, -0.0032343956201935776], [-0.0018892726282289155, 0.006844014476579408, -0.0014766873389454854], [-0.003234395620193577, -0.0014766873389454854, 0.004134902273103868]], "chi2_level": 0.997, "chi2_df": 3, "chi2_threshold": 13.931422665512084, "N_raw": 72, "N_roi": 72, "N_inlier": 69, "refit": true}
{"timestamp": "16:24:06.223962", "frame": 45, "mu": [-0.39470348076399414, 1.6597413937958103, -0.3177245454792419], "Sigma": [[0.005251892177211593, 0.001267920928973828, 0.006938621431028363], [0.001267920928973828, 0.014103503099184376, 0.011246253176863692], [0.006938621431028363, 0.011246253176863692, 0.026341853288378427]], "chi2_level": 0.997, "chi2_df": 3, "chi2_threshold": 13.931422665512084, "N_raw": 86, "N_roi": 86, "N_inlier": 82, "refit": true}
{"timestamp": "16:24:06.280745", "frame": 46, "mu": [-0.4154138120614047, 1.588323970669333, -0.5652155920253757], "Sigma": [[0.006421656157055652, -0.0023912420149040953, -0.0011154531176077965], [-0.0023912420149040958, 0.013138541037381914, 0.005799534878713255], [-0.001115453117607796, 0.005799534878713255, 0.014133738154287794]], "chi2_level": 0.997, "chi2_df": 3, "chi2_threshold": 13.931422665512084, "N_raw": 91, "N_roi": 89, "N_inlier": 86, "refit": true}
{"timestamp": "16:24:06.332695", "frame": 47, "mu": [-0.44071249112439714, 1.5732401564833989, 1.3722703677966508], "Sigma": [[0.005262408748084472, -0.0022179529311235815, -0.005308847146514696], [-0.002217952931123581, 0.008732264103025774, 0.0009024658802404195], [-0.005308847146514696, 0.0009024658802404193, 0.005978195800877662]], "chi2_level": 0.997, "chi2_df": 3, "chi2_threshold": 13.931422665512084, "N_raw": 73, "N_roi": 73, "N_inlier": 69, "refit": true}
{"timestamp": "16:24:06.391063", "frame": 48, "mu": [-0.4900447260247912, 1.6190435402035317, 1.4160741957443854], "Sigma": [[0.007908860829611907, -0.0021437936666088074, -0.009271924164236365], [-0.0021437936666088074, 0.011153516412268956, 0.00038220458587907163], [-0.009271924164236365, 0.00038220458587907174, 0.012928967950270927]], "chi2_level": 0.997, "chi2_df": 3, "chi2_threshold": 13.931422665512084, "N_raw": 100, "N_roi": 100, "N_inlier": 96, "refit": true}
{"timestamp": "16:24:06.447740", "frame": 49, "mu": [-0.4821338890961251, 1.6022352846191927, 1.266384574586642], "Sigma": [[0.006422627609767574, -0.002055685052897387, -0.014246266215612743], [-0.002055685052897387, 0.010401927470243356, 0.007422152983360072], [-0.014246266215612743, 0.007422152983360072, 0.07038855955615451]], "chi2_level": 0.997, "chi2_df": 3, "chi2_threshold": 13.931422665512084, "N_raw": 106, "N_roi": 104, "N_inlier": 100, "refit": true}
{"timestamp": "16:24:06.499825", "frame": 50, "mu": [-0.5497975572681931, 1.643682366520236, 1.381821914763718], "Sigma": [[0.006197923211677023, 0.0006314242085194168, -0.008198620635259406], [0.0006314242085194168, 0.014174593325487041, 0.0020717721000418567], [-0.008198620635259406, 0.0020717721000418567, 0.02198767521064468]], "chi2_level": 0.997, "chi2_df": 3, "chi2_threshold": 13.931422665512084, "N_raw": 88, "N_roi": 85, "N_inlier": 84, "refit": true}
{"timestamp": "16:24:06.555650", "frame": 51, "mu": [-0.56214759100999, 1.6423310365078818, 1.2094137470249509], "Sigma": [[0.007642579944734462, -0.0005562254808438936, -0.014153191581590452], [-0.0005562254808438936, 0.004194269859632501, 0.005620778449904058], [-0.014153191581590452, 0.005620778449904058, 0.07721659810984781]], "chi2_level": 0.997, "chi2_df": 3, "chi2_threshold": 13.931422665512084, "N_raw": 93, "N_roi": 92, "N_inlier": 88, "refit": true}
{"timestamp": "16:24:06.611698", "frame": 52, "mu": [-0.6085405504100222, 1.7496571215529553, -0.362713561776152], "Sigma": [[0.006540553564200473, 0.0026023971655007253, -0.005958748392761663], [0.0026023971655007253, 0.013507430994740952, -0.003778254003911592], [-0.005958748392761663, -0.0037782540039115924, 0.09508253508554305]], "chi2_level": 0.997, "chi2_df": 3, "chi2_threshold": 13.931422665512084, "N_raw": 108, "N_roi": 108, "N_inlier": 105, "refit": true}
{"timestamp": "16:24:06.664676", "frame": 53, "mu": [-0.6131553388109565, 1.6030597112162182, 1.0667434151888042], "Sigma": [[0.005082564377964254, -0.0006410548388564056, -0.010210091920522094], [-0.0006410548388564056, 0.007215661625286979, 0.01716191912529006], [-0.010210091920522094, 0.01716191912529006, 0.18084700933929612]], "chi2_level": 0.997, "chi2_df": 3, "chi2_threshold": 13.931422665512084, "N_raw": 86, "N_roi": 86, "N_inlier": 85, "refit": true}
{"timestamp": "16:24:06.719609", "frame": 54, "mu": [-0.698149012156476, 1.6890851017687032, 1.4491328892455917], "Sigma": [[0.0065694388309785225, -0.0007996685887907035, -0.004497567855674713], [-0.0007996685887907031, 0.014230320734781145, 0.001798194678179034], [-0.004497567855674713, 0.0017981946781790341, 0.0053859978728340524]], "chi2_level": 0.997, "chi2_df": 3, "chi2_threshold": 13.931422665512084, "N_raw": 85, "N_roi": 85, "N_inlier": 83, "refit": true}
{"timestamp": "16:24:06.778740", "frame": 55, "mu": [-0.7376389757956335, 1.7790874516488993, -0.4535011623950942], "Sigma": [[0.006927488107698147, 0.000463453168914141, 0.007287779483122493], [0.000463453168914141, 0.01989315220132535, -0.0329872922542532], [0.007287779483122493, -0.0329872922542532, 0.2307087522464815]], "chi2_level": 0.997, "chi2_df": 3, "chi2_threshold": 13.931422665512084, "N_raw": 112, "N_roi": 112, "N_inlier": 112, "refit": true}
{"timestamp": "16:24:06.829692", "frame": 56, "mu": [-0.7523959358254169, 1.745750290011871, 0.24371453692077075], "Sigma": [[0.007954000984360306, -0.001551506801342909, 0.02584072902160992], [-0.001551506801342909, 0.011720383651672045, 0.010025337258558606], [0.02584072902160992, 0.010025337258558606, 0.34449881190785614]], "chi2_level": 0.997, "chi2_df": 3, "chi2_threshold": 13.931422665512084, "N_raw": 90, "N_roi": 90, "N_inlier": 89, "refit": true}
{"timestamp": "16:24:06.885575", "frame": 57, "mu": [-0.7539061725364895, 1.6813520522355025, 1.4311674802889542], "Sigma": [[0.008060581203852887, -0.00018671750981136422, -0.0077231196240201425], [-0.00018671750981136465, 0.015473292676699696, 0.003583169641200988], [-0.0077231196240201425, 0.003583169641200988, 0.009675102191817659]], "chi2_level": 0.997, "chi2_df": 3, "chi2_threshold": 13.931422665512084, "N_raw": 92, "N_roi": 92, "N_inlier": 88, "refit": true}
{"timestamp": "16:24:06.937582", "frame": 58, "mu": [-0.7782145002364316, 1.7696121455212275, 0.029223145424222958], "Sigma": [[0.008296366290246162, 0.00021581758837726147, 0.01727031467628136], [0.00021581758837726142, 0.009855719327220187, 0.007281347347063762], [0.017270314676281363, 0.007281347347063762, 0.2363733774411358]], "chi2_level": 0.997, "chi2_df": 3, "chi2_threshold": 13.931422665512084, "N_raw": 80, "N_roi": 80, "N_inlier": 79, "refit": true}
{"timestamp": "16:24:06.993637", "frame": 59, "mu": [-0.7686611042645037, 1.7725556973208239, 1.4342767659095266], "Sigma": [[0.007322433658910756, 0.0034301006372789928, -0.005078641114963029], [0.0034301006372789928, 0.013579389548092614, 0.0011599447294620082], [-0.005078641114963029, 0.0011599447294620086, 0.008482789705797503]], "chi2_level": 0.997, "chi2_df": 3, "chi2_threshold": 13.931422665512084, "N_raw": 75, "N_roi": 75, "N_inlier": 72, "refit": true}
{"timestamp": "16:24:07.047699", "frame": 60, "mu": [-0.8093393695078065, 1.7177841159023146, 1.3406215000592165], "Sigma": [[0.007485733678032589, 0.0007824197362901219, -0.0039499988674225476], [0.0007824197362901219, 0.00786927188039332, -0.002061864636753426], [-0.0039499988674225476, -0.002061864636753427, 0.006206195330825289]], "chi2_level": 0.997, "chi2_df": 3, "chi2_threshold": 13.931422665512084, "N_raw": 75, "N_roi": 75, "N_inlier": 73, "refit": true}
{"timestamp": "16:24:07.103362", "frame": 61, "mu": [-0.8157028904842973, 1.7955776138053505, 1.4353223937316004], "Sigma": [[0.006954086999464006, 0.0010435202644973633, -0.006272942821803139], [0.001043520264497363, 0.015224178537401142, 0.0028780744819351146], [-0.006272942821803139, 0.0028780744819351146, 0.00867063185011368]], "chi2_level": 0.997, "chi2_df": 3, "chi2_threshold": 13.931422665512084, "N_raw": 81, "N_roi": 81, "N_inlier": 77, "refit": true}
{"timestamp": "16:24:07.158550", "frame": 62, "mu": [-0.8241328110932563, 1.817721108052572, 1.2817982607667526], "Sigma": [[0.007648949114769652, 0.0011751156610142785, -0.011981984861366451], [0.001175115661014278, 0.00830569558320187, -0.0006713785389308201], [-0.011981984861366451, -0.0006713785389308208, 0.0534826285944727]], "chi2_level": 0.997, "chi2_df": 3, "chi2_threshold": 13.931422665512084, "N_raw": 89, "N_roi": 89, "N_inlier": 85, "refit": true}
{"timestamp": "16:24:07.211483", "frame": 63, "mu": [-0.8584241067397386, 1.9727099921600206, -0.08121734385823937], "Sigma": [[0.006127237081956209, 0.0034929326813660086, -0.003052345088894965], [0.0034929326813660086, 0.010979008085564913, -0.0024084188830836256], [-0.003052345088894965, -0.0024084188830836256, 0.006981959149193175]], "chi2_level": 0.997, "chi2_df": 3, "chi2_threshold": 13.931422665512084, "N_raw": 65, "N_roi": 65, "N_inlier": 61, "refit": true}
{"timestamp": "16:24:07.270801", "frame": 64, "mu": [-0.8745550208824256, 1.8506827921397517, 0.8501170943477226], "Sigma": [[0.02333313325841805, -0.0071106545030365275, -0.006270510478845939], [-0.007110654503036527, 0.011171426216907206, 0.03978414830299214], [-0.006270510478845937, 0.03978414830299214, 0.4748781069536661]], "chi2_level": 0.997, "chi2_df": 3, "chi2_threshold": 13.931422665512084, "N_raw": 99, "N_roi": 99, "N_inlier": 99, "refit": true}
{"timestamp": "16:24:07.329787", "frame": 65, "mu": [-0.8570342971957712, 1.8405695547788787, 1.1490112067252645], "Sigma": [[0.015631767699575704, -0.005317329389301273, -0.035156628427247656], [-0.005317329389301273, 0.01039293121234894, 0.017152112824192944], [-0.03515662842724765, 0.017152112824192947, 0.16675435417212436]], "chi2_level": 0.997, "chi2_df": 3, "chi2_threshold": 13.931422665512084, "N_raw": 121, "N_roi": 121, "N_inlier": 117, "refit": true}
{"timestamp": "16:24:07.383970", "frame": 66, "mu": [-0.9173351854986148, 1.8664932931199496, 1.203725442889419], "Sigma": [[0.019582891617015867, -0.0024918828038564345, -0.050625266050551565], [-0.0024918828038564336, 0.009597764346299225, 0.016317570888682867], [-0.050625266050551565, 0.01631757088868287, 0.21278308454709643]], "chi2_level": 0.997, "chi2_df": 3, "chi2_threshold": 13.931422665512084, "N_raw": 113, "N_roi": 113, "N_inlier": 110, "refit": true}
{"timestamp": "16:24:07.433052", "frame": 67, "mu": [-0.9294534145647015, 1.966176527831295, 1.3829650774734807], "Sigma": [[0.0078058252800206765, 0.0003180068019206516, -0.00908269210146017], [0.00031800680192065165, 0.002971437970170512, -0.002035200258360184], [-0.00908269210146017, -0.002035200258360184, 0.05913148684599015]], "chi2_level": 0.997, "chi2_df": 3, "chi2_threshold": 13.931422665512084, "N_raw": 70, "N_roi": 70, "N_inlier": 66, "refit": true}
{"timestamp": "16:24:07.495559", "frame": 68, "mu": [-0.8734052287890884, 1.9867191175452525, 0.8650811379014971], "Sigma": [[0.01368108335872639, -0.0032906518499396928, -0.03646126931353352], [-0.0032906518499396928, 0.004694306060321934, 0.01719692249068872], [-0.03646126931353352, 0.01719692249068872, 0.30292516770777456]], "chi2_level": 0.997, "chi2_df": 3, "chi2_threshold": 13.931422665512084, "N_raw": 125, "N_roi": 125, "N_inlier": 122, "refit": true}
{"timestamp": "16:24:07.546355", "frame": 69, "mu": [-0.9542446657421343, 2.0141238601068023, 0.9128785408792779], "Sigma": [[0.009393280862516933, -0.001593386039894107, -0.024809002994560403], [-0.001593386039894107, 0.003749698291908069, 0.0066523485015046995], [-0.024809002994560403, 0.0066523485015046995, 0.3607212368974703]], "chi2_level": 0.997, "chi2_df": 3, "chi2_threshold": 13.931422665512084, "N_raw": 93, "N_roi": 93, "N_inlier": 93, "refit": true}
{"timestamp": "16:24:07.602453", "frame": 70, "mu": [-0.9190204369807345, 2.060671466041819, 1.146863707120266], "Sigma": [[0.0106874880821083, -0.0005372135167346238, -0.024329239307328138], [-0.0005372135167346239, 0.005846507253510485, -0.008046723229052477], [-0.024329239307328138, -0.008046723229052477, 0.2640665781985432]], "chi2_level": 0.997, "chi2_df": 3, "chi2_threshold": 13.931422665512084, "N_raw": 104, "N_roi": 104, "N_inlier": 102, "refit": true}
{"timestamp": "16:24:07.654354", "frame": 71, "mu": [-0.9174695804126347, 2.1204841635318927, -0.17121954887234025], "Sigma": [[0.009992947177183705, 0.0018043131055793817, 0.025469934602524308], [0.0018043131055793817, 0.010662952634668097, 0.012614588853313326], [0.02546993460252431, 0.012614588853313326, 0.21559210086482788]], "chi2_level": 0.997, "chi2_df": 3, "chi2_threshold": 13.931422665512084, "N_raw": 83, "N_roi": 83, "N_inlier": 83, "refit": true}
{"timestamp": "16:24:07.709055", "frame": 72, "mu": [-0.8996260474745191, 2.0780456174368274, 1.3645328534664485], "Sigma": [[0.01133510342347281, -0.0024722992069684925, -0.010460061698593422], [-0.0024722992069684934, 0.008112059958700154, 0.00260336405887742], [-0.010460061698593422, 0.0026033640588774202, 0.03241724159178067]], "chi2_level": 0.997, "chi2_df": 3, "chi2_threshold": 13.931422665512084, "N_raw": 84, "N_roi": 84, "N_inlier": 80, "refit": true}
{"timestamp": "16:24:07.761254", "frame": 73, "mu": [-0.9124033135537858, 2.105160034193435, 1.3733630115825655], "Sigma": [[0.008981245570104142, -0.0019550375217951095, -0.007779373914332283], [-0.00195503752179511, 0.008763356445363515, 0.0039665123590182415], [-0.007779373914332283, 0.0039665123590182415, 0.016003929991244215]], "chi2_level": 0.997, "chi2_df": 3, "chi2_threshold": 13.931422665512084, "N_raw": 65, "N_roi": 65, "N_inlier": 61, "refit": true}
{"timestamp": "16:24:07.811788", "frame": 74, "mu": [-0.8482552084447493, 2.048238136416725, 1.0633045533890562], "Sigma": [[0.008658961028325385, -0.0023402236375279256, 0.013246244953577692], [-0.0023402236375279256, 0.004979674205095982, -0.002900337461910385], [0.013246244953577692, -0.0029003374619103847, 0.18925733262034397]], "chi2_level": 0.997, "chi2_df": 3, "chi2_threshold": 13.931422665512084, "N_raw": 38, "N_roi": 38, "N_inlier": 37, "refit": true}
{"timestamp": "16:24:07.875272", "frame": 75, "mu": [-0.9374493142588255, 2.1427677525207787, 1.0455263417053953], "Sigma": [[0.012919797092378957, -0.0025102192911275654, 0.010461319315450388], [-0.0025102192911275654, 0.006402565671459438, -0.025181155625747808], [0.01046131931545039, -0.025181155625747804, 0.20776175377766684]], "chi2_level": 0.997, "chi2_df": 3, "chi2_threshold": 13.931422665512084, "N_raw": 102, "N_roi": 102, "N_inlier": 102, "refit": true}
{"timestamp": "16:24:07.931720", "frame": 76, "mu": [-0.930876588983396, 2.1550346681230232, 0.8659862824746459], "Sigma": [[0.014944010837709945, 0.0011092594455495385, 0.031008053357691447], [0.0011092594455495387, 0.0050375111480876235, 0.016875029492116556], [0.031008053357691447, 0.016875029492116556, 0.41493051754525606]], "chi2_level": 0.997, "chi2_df": 3, "chi2_threshold": 13.931422665512084, "N_raw": 99, "N_roi": 99, "N_inlier": 99, "refit": true}
{"timestamp": "16:24:07.982331", "frame": 77, "mu": [-0.9183250414908924, 2.191477069068896, 1.0322844106148843], "Sigma": [[0.010242426061579482, 0.002674236678347119, 0.011205389784353849], [0.002674236678347119, 0.00668576364867004, 0.023968305664212035], [0.011205389784353849, 0.023968305664212035, 0.1457189811517949]], "chi2_level": 0.997, "chi2_df": 3, "chi2_threshold": 13.931422665512084, "N_raw": 72, "N_roi": 72, "N_inlier": 70, "refit": true}
{"timestamp": "16:24:08.042830", "frame": 78, "mu": [-0.9379690875419222, 2.1963751649687944, 0.9996005634735396], "Sigma": [[0.016977372476835454, 0.006302265336185515, 0.028733395576764055], [0.006302265336185514, 0.014740438508034597, 0.04642606077941315], [0.028733395576764055, 0.046426060779413164, 0.2464462528209491]], "chi2_level": 0.997, "chi2_df": 3, "chi2_threshold": 13.931422665512084, "N_raw": 105, "N_roi": 105, "N_inlier": 105, "refit": true}
{"timestamp": "16:24:08.096292", "frame": 79, "mu": [-0.9688954193527078, 2.243281997020459, 0.9854057163843292], "Sigma": [[0.013328908144740881, 0.00527254838726139, 0.02560741408771855], [0.00527254838726139, 0.01716776534341604, 0.05906217993168704], [0.02560741408771855, 0.05906217993168704, 0.33174085590188135]], "chi2_level": 0.997, "chi2_df": 3, "chi2_threshold": 13.931422665512084, "N_raw": 99, "N_roi": 99, "N_inlier": 98, "refit": true}
{"timestamp": "16:24:08.143045", "frame": 80, "mu": [-0.9404271898774423, 2.2841466694705908, 0.6816365733011136], "Sigma": [[0.014754823755196452, -0.0006278988993050371, 0.0336421673762077], [-0.000627898899305037, 0.00139322334806433, 0.0023881322307432], [0.0336421673762077, 0.0023881322307432, 0.22589711284838598]], "chi2_level": 0.997, "chi2_df": 3, "chi2_threshold": 13.931422665512084, "N_raw": 45, "N_roi": 45, "N_inlier": 44, "refit": true}
{"timestamp": "16:24:08.205303", "frame": 81, "mu": [-0.8941827114318154, 2.4638451709791784, -0.2476160120337192], "Sigma": [[0.018841951624957432, -0.016151780204542845, 0.06415903902949165], [-0.016151780204542845, 0.03186084033347394, -0.09561845547613118], [0.06415903902949165, -0.09561845547613117, 0.42799191567030676]], "chi2_level": 0.997, "chi2_df": 3, "chi2_threshold": 13.931422665512084, "N_raw": 91, "N_roi": 91, "N_inlier": 91, "refit": true}
{"timestamp": "16:24:08.260724", "frame": 82, "mu": [-0.9335899747599046, 2.3815868214854867, 1.053391215502693], "Sigma": [[0.02029077304854765, -0.001777225397033478, 0.04015424054607247], [-0.0017772253970334785, 0.005336093140236751, -0.0028992602398352782], [0.04015424054607247, -0.0028992602398352782, 0.2822094804297312]], "chi2_level": 0.997, "chi2_df": 3, "chi2_threshold": 13.931422665512084, "N_raw": 94, "N_roi": 94, "N_inlier": 94, "refit": true}
{"timestamp": "16:24:08.319452", "frame": 83, "mu": [-0.8768989579479842, 2.3637391671380827, 0.8192620533235552], "Sigma": [[0.024039357925258603, -0.006233425442148315, 0.019330002867693978], [-0.006233425442148315, 0.005958281002400589, -0.007136574736414208], [0.019330002867693975, -0.007136574736414209, 0.31767905406397506]], "chi2_level": 0.997, "chi2_df": 3, "chi2_threshold": 13.931422665512084, "N_raw": 121, "N_roi": 121, "N_inlier": 121, "refit": true}
{"timestamp": "16:24:08.364784", "frame": 84, "mu": [-0.8741789831079796, 2.4018944623976113, 1.187008078857503], "Sigma": [[0.009000150914423457, -0.0003930704186854023, -0.005629324930370145], [-0.00039307041868540235, 0.00141936299901182, 0.0017173969652005722], [-0.005629324930370145, 0.0017173969652005722, 0.060613971663965954]], "chi2_level": 0.997, "chi2_df": 3, "chi2_threshold": 13.931422665512084, "N_raw": 52, "N_roi": 50, "N_inlier": 47, "refit": true}
{"timestamp": "16:24:08.415100", "frame": 85, "mu": [-0.8062000555659831, 2.4236807558261315, 1.2554424783282196], "Sigma": [[0.004728137527957109, -0.001570857173453368, -0.0013204631479739335], [-0.001570857173453368, 0.0022989771981642418, -0.0015904740749966527], [-0.0013204631479739335, -0.0015904740749966527, 0.006524673277391265]], "chi2_level": 0.997, "chi2_df": 3, "chi2_threshold": 13.931422665512084, "N_raw": 30, "N_roi": 30, "N_inlier": 28, "refit": true}
