{"timestamp": "16:21:14.980233", "frame": 3, "mu": [1.882560320387671, 0.6445316660272885, 1.1717403897080438], "Sigma": [[0.0019974698944299615, 0.0009238211106565866, -0.0018194233248188152], [0.0009238211106565863, 0.016341428900033077, -0.02514674377061001], [-0.0018194233248188152, -0.02514674377061001, 0.039410255072613726]], "chi2_level": 0.997, "chi2_df": 3, "chi2_threshold": 13.931422665512084, "N_raw": 5, "N_roi": 5, "N_inlier": 5, "refit": true}
{"timestamp": "16:21:15.474985", "frame": 12, "mu": [1.6357897819998828, 0.6690039001413266, 1.277849094445809], "Sigma": [[0.36389510224677263, 0.11655435969788121, -0.1124045952342242], [0.11655435969788121, 0.04866017216052762, -0.061671058639259715], [-0.11240459523422419, -0.061671058639259715, 0.09330400408439195]], "chi2_level": 0.997, "chi2_df": 3, "chi2_threshold": 13.931422665512084, "N_raw": 6, "N_roi": 6, "N_inlier": 6, "refit": true}
{"timestamp": "16:21:15.805112", "frame": 18, "mu": [1.813994937973309, 0.6401124933113775, 1.3206273632526448], "Sigma": [[0.001766254234319054, 0.001044212810100774, -0.005899814550613045], [0.0010442128101007743, 0.003723336872165991, -0.006569704039070783], [-0.005899814550613045, -0.006569704039070782, 0.02587024562951607]], "chi2_level": 0.997, "chi2_df": 3, "chi2_threshold": 13.931422665512084, "N_raw": 6, "N_roi": 6, "N_inlier": 6, "refit": true}
{"timestamp": "16:21:15.970008", "frame": 21, "mu": [1.7506544540662907, 0.6440290555053364, 1.2255445331173782], "Sigma": [[0.0072058488448384994, -0.0005253649754303179, -0.029227644351514436], [-0.0005253649754303181, 0.007174321976286491, 0.014735276382367626], [-0.029227644351514436, 0.014735276382367624, 0.17966123248671428]], "chi2_level": 0.997, "chi2_df": 3, "chi2_threshold": 13.931422665512084, "N_raw": 5, "N_roi": 5, "N_inlier": 5, "refit": true}
{"timestamp": "16:21:16.079948", "frame": 23, "mu": [1.7068294319084372, 0.6122372747823112, 1.3516184258914983], "Sigma": [[0.00261721633005434, -0.0010360933755504064, -0.010514757298925481], [-0.0010360933755504064, 0.004140561852106241, 0.00993852115676806], [-0.010514757298925481, 0.009938521156768063, 0.05951394631453989]], "chi2_level": 0.997, "chi2_df": 3, "chi2_threshold": 13.931422665512084, "N_raw": 7, "N_roi": 7, "N_inlier": 7, "refit": true}
{"timestamp": "16:21:16.190201", "frame": 25, "mu": [1.6802618329319743, 0.6153799662242836, 1.4262107899205465], "Sigma": [[0.0014965594794208853, 4.398091165083923e-05, -0.0053189042142485], [4.398091165083923e-05, 0.0024798026174283772, 0.004273675825842247], [-0.0053189042142485, 0.004273675825842246, 0.030810463285047194]], "chi2_level": 0.997, "chi2_df": 3, "chi2_threshold": 13.931422665512084, "N_raw": 5, "N_roi": 5, "N_inlier": 5, "refit": true}
{"timestamp": "16:21:16.300129", "frame": 27, "mu": [1.6066559042681998, 0.6367446870406857, -0.3796019793124233], "Sigma": [[0.00579940538020978, 0.003993041834416451, 0.0002920242038438395], [0.003993041834416451, 0.003803371545379515, 0.002335500381670617], [0.0002920242038438396, 0.002335500381670617, 0.006010420292508594]], "chi2_level": 0.997, "chi2_df": 3, "chi2_threshold": 13.931422665512084, "N_raw": 5, "N_roi": 5, "N_inlier": 5, "refit": true}
{"timestamp": "16:21:16.356077", "frame": 28, "mu": [1.5852113735782323, 0.6125189308377733, 1.350726363276275], "Sigma": [[0.0038009719231991016, -0.00016930527892671914, -0.0067697695962744935], [-0.00016930527892671914, 0.0052391966801471545, 0.0012198226379132174], [-0.0067697695962744935, 0.0012198226379132183, 0.02292804610486662]], "chi2_level": 0.997, "chi2_df": 3, "chi2_threshold": 13.931422665512084, "N_raw": 14, "N_roi": 14, "N_inlier": 14, "refit": true}
{"timestamp": "16:21:16.466212", "frame": 30, "mu": [1.5235875427899805, 0.5634848256047347, 1.364223770418613], "Sigma": [[0.0040724115112997505, 0.0015272088394015413, -0.0060425071633230095], [0.0015272088394015413, 0.004513304401864835, -0.0063224505113378075], [-0.0060425071633230095, -0.0063224505113378075, 0.015521916174378439]], "chi2_level": 0.997, "chi2_df": 3, "chi2_threshold": 13.931422665512084, "N_raw": 13, "N_roi": 13, "N_inlier": 13, "refit": true}
{"timestamp": "16:21:16.522155", "frame": 31, "mu": [1.5040974048969111, 0.5109470236025165, 1.3674402998175808], "Sigma": [[0.002206861705039689, -0.0013691612135429462, -0.0024267994446081223], [-0.0013691612135429462, 0.006971784527710395, -0.0028928481121344297], [-0.0024267994446081223, -0.0028928481121344297, 0.007762541328663605]], "chi2_level": 0.997, "chi2_df": 3, "chi2_threshold": 13.931422665512084, "N_raw": 21, "N_roi": 21, "N_inlier": 20, "refit": true}
{"timestamp": "16:21:16.579028", "frame": 32, "mu": [1.4058901042161835, 0.5408834999780529, 1.47229343553103], "Sigma": [[0.0020815652744991184, 0.0009731716422448928, -0.0019265193016283371], [0.0009731716422448927, 0.006957820848058101, -0.006845106168857532], [-0.0019265193016283371, -0.006845106168857531, 0.008912975480077715]], "chi2_level": 0.997, "chi2_df": 3, "chi2_threshold": 13.931422665512084, "N_raw": 10, "N_roi": 10, "N_inlier": 10, "refit": true}
{"timestamp": "16:21:16.633336", "frame": 33, "mu": [1.343552356463571, 0.5977594387328862, -0.3589090923925117], "Sigma": [[0.003766850217468978, -0.000890065049077759, -0.00454279084876953], [-0.000890065049077759, 0.0023770185114222863, 0.0029415143228289317], [-0.00454279084876953, 0.002941514322828932, 0.01881723211621731]], "chi2_level": 0.997, "chi2_df": 3, "chi2_threshold": 13.931422665512084, "N_raw": 14, "N_roi": 14, "N_inlier": 14, "refit": true}
{"timestamp": "16:21:16.690682", "frame": 34, "mu": [1.3269558036458404, 0.6210694231961741, 1.1147454429363906], "Sigma": [[0.05252321247304197, 0.005789547838699542, -0.021707852779253783], [0.005789547838699542, 0.03328500547042502, -0.057236303709820927], [-0.021707852779253776, -0.057236303709820927, 0.1230244341015019]], "chi2_level": 0.997, "chi2_df": 3, "chi2_threshold": 13.931422665512084, "N_raw": 24, "N_roi": 24, "N_inlier": 23, "refit": true}
{"timestamp": "16:21:16.743223", "frame": 35, "mu": [1.383838332058167, 0.5117434806374769, 1.0611212470541453], "Sigma": [[0.011889448600553394, -0.01463384796991728, -0.03439123646256625], [-0.014633847969917282, 0.030266772222084102, 0.027808517376303417], [-0.034391236462566255, 0.027808517376303424, 0.18528502909833253]], "chi2_level": 0.997, "chi2_df": 3, "chi2_threshold": 13.931422665512084, "N_raw": 11, "N_roi": 11, "N_inlier": 11, "refit": true}
{"timestamp": "16:21:16.800284", "frame": 36, "mu": [1.3107065414146608, 0.6053743995651676, 1.2205750897560537], "Sigma": [[0.005387765745566583, -0.0012049308412644519, -0.016279514971137696], [-0.0012049308412644519, 0.00499116342244997, -0.00823088225581022], [-0.016279514971137696, -0.008230882255810222, 0.15726727037477706]], "chi2_level": 0.997, "chi2_df": 3, "chi2_threshold": 13.931422665512084, "N_raw": 17, "N_roi": 17, "N_inlier": 17, "refit": true}
{"timestamp": "16:21:16.856068", "frame": 37, "mu": [1.3046067566899449, 0.5884061133244053, 1.305861710986952], "Sigma": [[0.004173099008736451, -0.0026545956996680505, 0.00276327175992971], [-0.002654595699668051, 0.009479440620452135, -0.013219792760490937], [0.00276327175992971, -0.013219792760490937, 0.039567460942684596]], "chi2_level": 0.997, "chi2_df": 3, "chi2_threshold": 13.931422665512084, "N_raw": 33, "N_roi": 33, "N_inlier": 32, "refit": true}
{"timestamp": "16:21:16.911854", "frame": 38, "mu": [1.2646193983114096, 0.7086494777869267, -0.6471178419221338], "Sigma": [[0.0071612360745600375, -0.00047813790257700327, -0.01236231755334538], [-0.0004781379025770032, 0.03357616808021435, -0.05694412160574765], [-0.01236231755334538, -0.05694412160574765, 0.17806183826845776]], "chi2_level": 0.997, "chi2_df": 3, "chi2_threshold": 13.931422665512084, "N_raw": 33, "N_roi": 33, "N_inlier": 32, "refit": true}
{"timestamp": "16:21:16.963330", "frame": 39, "mu": [1.1012648804100622, 0.5229674381252438, 1.1584842478048287], "Sigma": [[0.08143969639073205, 0.033536787647573785, -0.036098335501651944], [0.03353678764757379, 0.022854593710893566, -0.027982715765897965], [-0.03609833550165195, -0.027982715765897965, 0.281085668678348]], "chi2_level": 0.997, "chi2_df": 3, "chi2_threshold": 13.931422665512084, "N_raw": 11, "N_roi": 11, "N_inlier": 11, "refit": true}
{"timestamp": "16:21:17.020031", "frame": 40, "mu": [1.204227478574653, 0.508992580480649, 1.2683757706598238], "Sigma": [[0.01022183174743556, -0.007823345120365722, -0.036916386464123596], [-0.007823345120365722, 0.007993714699374899, 0.028220987212643198], [-0.036916386464123596, 0.028220987212643198, 0.17890371896040505]], "chi2_level": 0.997, "chi2_df": 3, "chi2_threshold": 13.931422665512084, "N_raw": 20, "N_roi": 20, "N_inlier": 20, "refit": true}
{"timestamp": "16:21:17.073494", "frame": 41, "mu": [0.9596191280881395, 0.7360480369405484, -0.5705183574191864], "Sigma": [[0.08470084694949613, 0.05298444761355844, -0.005513276555773918], [0.05298444761355844, 0.056297683607331214, -0.09014280701038971], [-0.005513276555773914, -0.09014280701038971, 0.32739110356075357]], "chi2_level": 0.997, "chi2_df": 3, "chi2_threshold": 13.931422665512084, "N_raw": 8, "N_roi": 8, "N_inlier": 8, "refit": true}
{"timestamp": "16:21:17.130975", "frame": 42, "mu": [1.0560879575003954, 0.5668879451798772, 1.32652287813839], "Sigma": [[0.006510592592259014, -0.004630651038396138, 0.013683255476936877], [-0.004630651038396138, 0.005533075036843363, -0.006340192862962932], [0.013683255476936877, -0.006340192862962932, 0.14978870886876183]], "chi2_level": 0.997, "chi2_df": 3, "chi2_threshold": 13.931422665512084, "N_raw": 33, "N_roi": 33, "N_inlier": 32, "refit": true}
{"timestamp": "16:21:17.185144", "frame": 43, "mu": [1.0446934732205817, 0.5676487060082317, 1.4328252227232336], "Sigma": [[0.00695810595692023, -0.004407109573653884, -0.005390280118232183], [-0.004407109573653884, 0.004477625177913142, 0.003377754787415839], [-0.005390280118232183, 0.0033777547874158393, 0.004331927715521307]], "chi2_level": 0.997, "chi2_df": 3, "chi2_threshold": 13.931422665512084, "N_raw": 18, "N_roi": 18, "N_inlier": 18, "refit": true}
{"timestamp": "16:21:17.243483", "frame": 44, "mu": [0.9446574023132245, 0.6632865812861167, 1.4849180622857951], "Sigma": [[0.00764880047214056, -0.004045067600670881, -0.0058138446697612485], [-0.004045067600670881, 0.004392179273078532, 0.0014809932566761759], [-0.0058138446697612485, 0.0014809932566761759, 0.006241105789637024]], "chi2_level": 0.997, "chi2_df": 3, "chi2_threshold": 13.931422665512084, "N_raw": 48, "N_roi": 48, "N_inlier": 46, "refit": true}
{"timestamp": "16:21:17.299736", "frame": 45, "mu": [0.9134871572211738, 0.6380089184712557, 1.4683885667577674], "Sigma": [[0.011655597454418454, -0.008271562468293955, -0.009494785499414045], [-0.008271562468293955, 0.007998631126042178, 0.005557851032047003], [-0.009494785499414045, 0.005557851032047003, 0.00910542954591824]], "chi2_level": 0.997, "chi2_df": 3, "chi2_threshold": 13.931422665512084, "N_raw": 55, "N_roi": 55, "N_inlier": 55, "refit": true}
{"timestamp": "16:21:17.353337", "frame": 46, "mu": [0.7804785337781774, 0.7610938505275728, 1.5502032228829399], "Sigma": [[0.0029822005742807054, 0.00033801141082582175, -0.0012323980578919072], [0.00033801141082582175, 0.0038259105400839932, -0.0009741871784057079], [-0.0012323980578919072, -0.0009741871784057079, 0.0009831509706764822]], "chi2_level": 0.997, "chi2_df": 3, "chi2_threshold": 13.931422665512084, "N_raw": 41, "N_roi": 41, "N_inlier": 40, "refit": true}
{"timestamp": "16:21:17.410388", "frame": 47, "mu": [0.785961117495146, 0.7079086808992575, 1.4714457372428755], "Sigma": [[0.005990196808406535, -9.505792473054937e-05, -0.004488029508955387], [-9.505792473054943e-05, 0.0012125696683188017, -0.0014828365540737977], [-0.004488029508955387, -0.0014828365540737977, 0.005932532539416834]], "chi2_level": 0.997, "chi2_df": 3, "chi2_threshold": 13.931422665512084, "N_raw": 58, "N_roi": 58, "N_inlier": 54, "refit": true}
{"timestamp": "16:21:17.466775", "frame": 48, "mu": [0.7113616136914189, 0.6929613965893893, 1.5187439233188802], "Sigma": [[0.005252819185770839, 0.00029441067786752936, -0.005452965239106512], [0.0002944106778675292, 0.0018812705225021897, -0.0014585198250883535], [-0.005452965239106512, -0.0014585198250883532, 0.007189378270070184]], "chi2_level": 0.997, "chi2_df": 3, "chi2_threshold": 13.931422665512084, "N_raw": 41, "N_roi": 41, "N_inlier": 39, "refit": true}
{"timestamp": "16:21:17.516785", "frame": 49, "mu": [0.6865780363840449, 0.6855386339211971, 1.532874146250257], "Sigma": [[0.0031980853343369564, -6.71076463512981e-05, -0.0016812933564565881], [-6.710764635129816e-05, 0.0019467751340985753, -0.001025919636002323], [-0.001681293356456588, -0.001025919636002323, 0.0018057540083709583]], "chi2_level": 0.997, "chi2_df": 3, "chi2_threshold": 13.931422665512084, "N_raw": 38, "N_roi": 38, "N_inlier": 37, "refit": true}
{"timestamp": "16:21:17.570990", "frame": 50, "mu": [0.7380588959133852, 0.8030293484290253, -0.4706461729626359], "Sigma": [[0.010451582648626459, 0.0027687253964226487, -0.016998482269018893], [0.0027687253964226487, 0.0026522507719285975, -0.006286405435519992], [-0.016998482269018893, -0.006286405435519992, 0.04657419209689767]], "chi2_level": 0.997, "chi2_df": 3, "chi2_threshold": 13.931422665512084, "N_raw": 32, "N_roi": 32, "N_inlier": 31, "refit": true}
{"timestamp": "16:21:17.627385", "frame": 51, "mu": [0.646763161112793, 0.6358452082995679, 1.4215873671361023], "Sigma": [[0.005784751976034766, -0.002921416619836692, -0.009914255187386515], [-0.002921416619836692, 0.005584796918871963, 0.010549846801372675], [-0.009914255187386515, 0.010549846801372675, 0.03456653134458461]], "chi2_level": 0.997, "chi2_df": 3, "chi2_threshold": 13.931422665512084, "N_raw": 41, "N_roi": 41, "N_inlier": 39, "refit": true}
{"timestamp": "16:21:17.678650", "frame": 52, "mu": [0.5641002334885029, 0.6383617006964323, 1.508144928646172], "Sigma": [[0.003265565073528058, -8.963989964686593e-05, -0.0033804988133460303], [-8.96398996468659e-05, 0.0007629225160023294, -0.0006635213251200386], [-0.0033804988133460303, -0.0006635213251200386, 0.004872462864514297]], "chi2_level": 0.997, "chi2_df": 3, "chi2_threshold": 13.931422665512084, "N_raw": 15, "N_roi": 15, "N_inlier": 15, "refit": true}
{"timestamp": "16:21:17.739537", "frame": 53, "mu": [0.5644289264645468, 0.6070263620359951, 1.4326603088636913], "Sigma": [[0.003604085232446372, -0.00040935960240338014, -0.0036064805634194817], [-0.0004093596024033801, 0.0012706742457343487, 0.005353927903508587], [-0.0036064805634194817, 0.005353927903508587, 0.05410371865714986]], "chi2_level": 0.997, "chi2_df": 3, "chi2_threshold": 13.931422665512084, "N_raw": 52, "N_roi": 52, "N_inlier": 48, "refit": true}
{"timestamp": "16:21:17.794584", "frame": 54, "mu": [0.5263442080880018, 0.6283350841068194, 1.4610374649487052], "Sigma": [[0.003475420205369943, -0.00031786030433589594, -0.002797060546390748], [-0.00031786030433589605, 0.0008181438601765444, -0.0008798679352749837], [-0.0027970605463907483, -0.0008798679352749837, 0.0044439820197869516]], "chi2_level": 0.997, "chi2_df": 3, "chi2_threshold": 13.931422665512084, "N_raw": 53, "N_roi": 53, "N_inlier": 50, "refit": true}
{"timestamp": "16:21:17.851518", "frame": 55, "mu": [0.48575842974441874, 0.6065660157006377, 1.4726897488718511], "Sigma": [[0.004921689821291364, -0.0015117847592853592, -0.004878401684305779], [-0.0015117847592853594, 0.002801411478309637, 0.0012753198956459546], [-0.004878401684305779, 0.0012753198956459543, 0.006217456289891305]], "chi2_level": 0.997, "chi2_df": 3, "chi2_threshold": 13.931422665512084, "N_raw": 62, "N_roi": 62, "N_inlier": 60, "refit": true}
{"timestamp": "16:21:17.907015", "frame": 56, "mu": [0.42837600412650806, 0.6130844882455178, 1.4997840949430181], "Sigma": [[0.002665543755744979, -0.0004112229582346689, -0.0027840929074299113], [-0.0004112229582346689, 0.0023461034412239823, 0.0005158697229354254], [-0.002784092907429911, 0.0005158697229354254, 0.004322295256262469]], "chi2_level": 0.997, "chi2_df": 3, "chi2_threshold": 13.931422665512084, "N_raw": 44, "N_roi": 44, "N_inlier": 40, "refit": true}
{"timestamp": "16:21:17.960107", "frame": 57, "mu": [0.3705578888424034, 0.617946383000036, 1.5144895044233257], "Sigma": [[0.002714739411565695, 0.0008576924358642281, -0.0012879158312398176], [0.0008576924358642282, 0.0023028449651281207, -0.00153435205779237], [-0.001287915831239818, -0.00153435205779237, 0.0017305513140301139]], "chi2_level": 0.997, "chi2_df": 3, "chi2_threshold": 13.931422665512084, "N_raw": 60, "N_roi": 60, "N_inlier": 57, "refit": true}
{"timestamp": "16:21:18.018850", "frame": 58, "mu": [0.3671839875632791, 0.5858129069584128, 1.4688366196032199], "Sigma": [[0.0028039078081258636, -0.0005135353766204556, -0.0035400361046758477], [-0.0005135353766204556, 0.0010731135340591085, -0.00022741979108325676], [-0.0035400361046758477, -0.0002274197910832567, 0.0061033900533577394]], "chi2_level": 0.997, "chi2_df": 3, "chi2_threshold": 13.931422665512084, "N_raw": 52, "N_roi": 52, "N_inlier": 49, "refit": true}
{"timestamp": "16:21:18.072394", "frame": 59, "mu": [0.3243629755050658, 0.7379170770768494, -0.4120917720178984], "Sigma": [[0.004769072523583784, 0.000468002873945038, -0.00610699483401805], [0.000468002873945038, 0.002290385023393734, -0.0022001788997732504], [-0.00610699483401805, -0.0022001788997732504, 0.009339068387342617]], "chi2_level": 0.997, "chi2_df": 3, "chi2_threshold": 13.931422665512084, "N_raw": 77, "N_roi": 77, "N_inlier": 73, "refit": true}
{"timestamp": "16:21:18.128880", "frame": 60, "mu": [0.2624795004556832, 0.6284221568221017, 1.5063446617432508], "Sigma": [[0.002965926124974019, 0.0008735614845891354, -0.0030259444243244684], [0.0008735614845891354, 0.0027390571208722207, -0.001747357358122662], [-0.0030259444243244684, -0.001747357358122662, 0.005243440652539041]], "chi2_level": 0.997, "chi2_df": 3, "chi2_threshold": 13.931422665512084, "N_raw": 74, "N_roi": 74, "N_inlier": 70, "refit": true}
{"timestamp": "16:21:18.183887", "frame": 61, "mu": [0.23729041534791764, 0.6709803116431607, -0.16033039259108908], "Sigma": [[0.0031104622496386323, 0.0009879284626572009, 0.020521990401003977], [0.0009879284626572006, 0.010008026671887207, -0.031744874105526816], [0.020521990401003977, -0.031744874105526816, 0.434571855056798]], "chi2_level": 0.997, "chi2_df": 3, "chi2_threshold": 13.931422665512084, "N_raw": 82, "N_roi": 80, "N_inlier": 78, "refit": true}
{"timestamp": "16:21:18.239946", "frame": 62, "mu": [0.20357789061484616, 0.5862184136603875, 1.4217210318242428], "Sigma": [[0.002743693832591889, -0.00191613468942663, -0.006045858657870318], [-0.00191613468942663, 0.005382139551528873, 0.007818231300836073], [-0.006045858657870318, 0.007818231300836077, 0.026347876950858076]], "chi2_level": 0.997, "chi2_df": 3, "chi2_threshold": 13.931422665512084, "N_raw": 87, "N_roi": 85, "N_inlier": 85, "refit": true}
{"timestamp": "16:21:18.291705", "frame": 63, "mu": [0.16198303141492737, 0.5985190291901197, 1.4495925538467302], "Sigma": [[0.0012657931465488404, -0.0002492168875345887, -0.0012553697982281716], [-0.0002492168875345887, 0.0013325777568883072, -0.002516744126726818], [-0.0012553697982281716, -0.002516744126726818, 0.008515720703951037]], "chi2_level": 0.997, "chi2_df": 3, "chi2_threshold": 13.931422665512084, "N_raw": 70, "N_roi": 70, "N_inlier": 67, "refit": true}
{"timestamp": "16:21:18.339260", "frame": 64, "mu": [0.11902771902664554, 0.5449288667419337, 0.565205521613074], "Sigma": [[0.0010356768115776858, 0.0006920566995604328, 0.0036616791518303193], [0.0006920566995604327, 0.005066835857352069, 0.026127167112810407], [0.00366167915183032, 0.026127167112810403, 0.5120946155915025]], "chi2_level": 0.997, "chi2_df": 3, "chi2_threshold": 13.931422665512084, "N_raw": 11, "N_roi": 11, "N_inlier": 11, "refit": true}
{"timestamp": "16:21:18.400265", "frame": 65, "mu": [0.04303427626736908, 0.6571617276360541, 1.507890401579392], "Sigma": [[0.0013627574735728466, -1.6413809985027747e-05, -0.0020458237894270146], [-1.6413809985027747e-05, 0.002479667174963174, -0.002196887234540162], [-0.0020458237894270146, -0.002196887234540162, 0.0069624369714420134]], "chi2_level": 0.997, "chi2_df": 3, "chi2_threshold": 13.931422665512084, "N_raw": 67, "N_roi": 67, "N_inlier": 67, "refit": true}
{"timestamp": "16:21:18.460456", "frame": 66, "mu": [0.003749529199111319, 0.6521335446945798, 1.409337649242603], "Sigma": [[0.0024266003251207286, -0.0007813682066178198, -0.004746044071067331], [-0.0007813682066178198, 0.0022459486225190513, -0.0015994106961484953], [-0.004746044071067332, -0.0015994106961484953, 0.01823339909620858]], "chi2_level": 0.997, "chi2_df": 3, "chi2_threshold": 13.931422665512084, "N_raw": 96, "N_roi": 96, "N_inlier": 92, "refit": true}
{"timestamp": "16:21:18.514272", "frame": 67, "mu": [-0.0419894510856569, 0.6558138426727045, 1.4435824874481935], "Sigma": [[0.0027208581698353195, 0.0004324976248078443, -0.0047029811442842705], [0.0004324976248078442, 0.0024005796907541717, -0.0035525991336927683], [-0.0047029811442842705, -0.0035525991336927683, 0.012188663091610472]], "chi2_level": 0.997, "chi2_df": 3, "chi2_threshold": 13.931422665512084, "N_raw": 81, "N_roi": 81, "N_inlier": 80, "refit": true}
{"timestamp": "16:21:18.569294", "frame": 68, "mu": [-0.11232061027185102, 0.5991915380008562, 1.4749777509466622], "Sigma": [[0.002463543808027268, -0.002744882357297785, -0.0030282453307758366], [-0.002744882357297785, 0.003999169010354019, 0.0028121696373689933], [-0.003028245330775837, 0.002812169637368994, 0.010673350022582026]], "chi2_level": 0.997, "chi2_df": 3, "chi2_threshold": 13.931422665512084, "N_raw": 79, "N_roi": 79, "N_inlier": 75, "refit": true}
{"timestamp": "16:21:18.630065", "frame": 69, "mu": [-0.11621930361664969, 0.6111750493386319, 1.3708727691121698], "Sigma": [[0.0038403109810624305, -0.00317581445248324, -0.006518710102545148], [-0.00317581445248324, 0.006034001490857726, 0.0021197107607157043], [-0.006518710102545148, 0.0021197107607157047, 0.01838824496589585]], "chi2_level": 0.997, "chi2_df": 3, "chi2_threshold": 13.931422665512084, "N_raw": 120, "N_roi": 120, "N_inlier": 117, "refit": true}
{"timestamp": "16:21:18.684357", "frame": 70, "mu": [-0.19340803088837016, 0.7796461091384179, -0.3772703966135277], "Sigma": [[0.004822088755721982, -0.0007546098783371585, -0.0065502346299691075], [-0.0007546098783371584, 0.00330857756632953, -0.0021019594232722376], [-0.0065502346299691075, -0.002101959423272237, 0.013272888257586832]], "chi2_level": 0.997, "chi2_df": 3, "chi2_threshold": 13.931422665512084, "N_raw": 115, "N_roi": 115, "N_inlier": 112, "refit": true}
{"timestamp": "16:21:18.730364", "frame": 71, "mu": [-0.24170272471074175, 0.6751015357484413, 1.4994021676560552], "Sigma": [[0.004084317428550809, -0.0004814509693668327, -0.006868658686851203], [-0.0004814509693668326, 0.0014064680230282507, -0.0009200321518537046], [-0.006868658686851202, -0.0009200321518537044, 0.015326804291081783]], "chi2_level": 0.997, "chi2_df": 3, "chi2_threshold": 13.931422665512084, "N_raw": 55, "N_roi": 55, "N_inlier": 55, "refit": true}
{"timestamp": "16:21:18.785012", "frame": 72, "mu": [-0.289512515873418, 0.6906728845564354, 1.468774771894675], "Sigma": [[0.008448737582408708, 0.0015058571144277706, -0.00940880647267324], [0.0015058571144277702, 0.0021398032827321637, -0.00396995559454357], [-0.00940880647267324, -0.00396995559454357, 0.013971568780116175]], "chi2_level": 0.997, "chi2_df": 3, "chi2_threshold": 13.931422665512084, "N_raw": 49, "N_roi": 49, "N_inlier": 46, "refit": true}
{"timestamp": "16:21:18.845177", "frame": 73, "mu": [-0.2633454029419095, 0.658334144807697, 1.3878788490172267], "Sigma": [[0.003283437198022799, -0.0013046608303205445, -0.004611181249331354], [-0.0013046608303205445, 0.0032500700710006154, -0.001553450979864582], [-0.004611181249331354, -0.001553450979864582, 0.012308161148940011]], "chi2_level": 0.997, "chi2_df": 3, "chi2_threshold": 13.931422665512084, "N_raw": 88, "N_roi": 88, "N_inlier": 84, "refit": true}
{"timestamp": "16:21:18.905283", "frame": 74, "mu": [-0.3217451377677557, 0.6358951355045371, 1.4035130554736797], "Sigma": [[0.007899575203680367, -0.0033125685865033902, -0.011034037848274603], [-0.0033125685865033902, 0.003190687798645714, 0.0019895374486206072], [-0.011034037848274603, 0.0019895374486206072, 0.021731154453660622]], "chi2_level": 0.997, "chi2_df": 3, "chi2_threshold": 13.931422665512084, "N_raw": 118, "N_roi": 118, "N_inlier": 110, "refit": true}
{"timestamp": "16:21:18.966569", "frame": 75, "mu": [-0.4150018412625159, 0.634373795373067, 1.1395361984314558], "Sigma": [[0.01839576387489435, 6.029743014762841e-05, -0.03651361173366559], [6.0297430147627975e-05, 0.003439384649627009, -0.006389355189945966], [-0.03651361173366559, -0.006389355189945967, 0.4026023723509112]], "chi2_level": 0.997, "chi2_df": 3, "chi2_threshold": 13.931422665512084, "N_raw": 137, "N_roi": 137, "N_inlier": 135, "refit": true}
{"timestamp": "16:21:19.002065", "frame": 76, "mu": [-0.6470599108573749, 0.6116221451133709, 1.3546441702308685], "Sigma": [[0.026839129565013713, 0.010618208817347461, -0.06733022059474028], [0.010618208817347461, 0.008538545550635164, -0.041597429659567066], [-0.06733022059474028, -0.041597429659567066, 0.46660222138852386]], "chi2_level": 0.997, "chi2_df": 3, "chi2_threshold": 13.931422665512084, "N_raw": 24, "N_roi": 24, "N_inlier": 23, "refit": true}
{"timestamp": "16:21:19.056628", "frame": 77, "mu": [-0.5219330927576532, 0.616478403534294, 1.2021346270232829], "Sigma": [[0.03630407911472179, -0.0015694396652521602, -0.010628788945142752], [-0.0015694396652521597, 0.015313376045060457, -0.06150652493536092], [-0.010628788945142752, -0.06150652493536093, 0.28638523782375663]], "chi2_level": 0.997, "chi2_df": 3, "chi2_threshold": 13.931422665512084, "N_raw": 36, "N_roi": 36, "N_inlier": 36, "refit": true}
{"timestamp": "16:21:19.116536", "frame": 78, "mu": [-0.6025287341936807, 0.5758944862605033, 1.4841840666878299], "Sigma": [[0.054000414356636016, 0.006621107002160672, -0.03978248393396591], [0.006621107002160672, 0.004701447658118187, -0.0050664353473219665], [-0.03978248393396591, -0.005066435347321967, 0.034600905385689565]], "chi2_level": 0.997, "chi2_df": 3, "chi2_threshold": 13.931422665512084, "N_raw": 72, "N_roi": 72, "N_inlier": 70, "refit": true}
{"timestamp": "16:21:19.167490", "frame": 79, "mu": [-0.7744295968255437, 0.7113210366316658, -0.3371661061281329], "Sigma": [[0.0238921716527832, 0.01734495825200212, -0.03317765665783241], [0.01734495825200212, 0.0472109652558939, -0.07466484575274429], [-0.03317765665783241, -0.07466484575274429, 0.13117767776156247]], "chi2_level": 0.997, "chi2_df": 3, "chi2_threshold": 13.931422665512084, "N_raw": 31, "N_roi": 31, "N_inlier": 30, "refit": true}
{"timestamp": "16:21:19.223940", "frame": 80, "mu": [-0.6777097813807286, 0.6256621040296972, -0.3610541762010465], "Sigma": [[0.036851065369580285, 0.017349904587469073, -0.030456185677719856], [0.01734990458746907, 0.013870846122933982, -0.015312215902108017], [-0.030456185677719853, -0.015312215902108017, 0.030492957971668448]], "chi2_level": 0.997, "chi2_df": 3, "chi2_threshold": 13.931422665512084, "N_raw": 46, "N_roi": 46, "N_inlier": 46, "refit": true}
{"timestamp": "16:21:19.286283", "frame": 81, "mu": [-0.6505617401323462, 0.5500564285124646, 1.442363724646997], "Sigma": [[0.03062689866571355, 0.004693797473377901, -0.034308058253029475], [0.004693797473377901, 0.004619971837273155, -0.0093939448966514], [-0.03430805825302948, -0.0093939448966514, 0.044480263997453175]], "chi2_level": 0.997, "chi2_df": 3, "chi2_threshold": 13.931422665512084, "N_raw": 95, "N_roi": 95, "N_inlier": 94, "refit": true}
{"timestamp": "16:21:19.334222", "frame": 82, "mu": [-0.8931681011501701, 0.6078373920555077, -0.18714900159499115], "Sigma": [[0.008417637954097642, 0.004088649292298839, -0.0041404280762033785], [0.004088649292298839, 0.008249651757696898, -0.0062262057565339755], [-0.0041404280762033785, -0.0062262057565339755, 0.005813154365662805]], "chi2_level": 0.997, "chi2_df": 3, "chi2_threshold": 13.931422665512084, "N_raw": 51, "N_roi": 51, "N_inlier": 49, "refit": true}
{"timestamp": "16:21:19.388534", "frame": 83, "mu": [-0.9194778607452481, 0.5682811160461566, -0.2128256716536297], "Sigma": [[0.007657637180139496, 0.004475205161667006, -0.004868159819751608], [0.004475205161667006, 0.009633781769188917, -0.006692271587302059], [-0.004868159819751607, -0.006692271587302059, 0.006576780412644325]], "chi2_level": 0.997, "chi2_df": 3, "chi2_threshold": 13.931422665512084, "N_raw": 46, "N_roi": 46, "N_inlier": 44, "refit": true}
{"timestamp": "16:21:19.448744", "frame": 84, "mu": [-0.9172017764066558, 0.562537321029533, -0.28424921540127734], "Sigma": [[0.007298661242816273, 0.002287755553355005, 0.0014702105653240133], [0.002287755553355005, 0.00880819410393408, -0.0020605604608590366], [0.0014702105653240133, -0.0020605604608590366, 0.0024119456601058966]], "chi2_level": 0.997, "chi2_df": 3, "chi2_threshold": 13.931422665512084, "N_raw": 78, "N_roi": 78, "N_inlier": 77, "refit": true}
{"timestamp": "16:21:19.502667", "frame": 85, "mu": [-0.9530033297138828, 0.4682166305710509, 1.6167914411169317], "Sigma": [[0.007803211713700182, 0.0008636379662482034, 1.0899744595805591e-05], [0.0008636379662482034, 0.0040742691966368485, -0.0034145050870742514], [1.0899744595805713e-05, -0.0034145050870742514, 0.0033773693624536173]], "chi2_level": 0.997, "chi2_df": 3, "chi2_threshold": 13.931422665512084, "N_raw": 70, "N_roi": 70, "N_inlier": 67, "refit": true}
{"timestamp": "16:21:19.555245", "frame": 86, "mu": [-0.9707064602989653, 0.5101435182746213, 1.547391173959115], "Sigma": [[0.006243562442391752, 0.003179749078241355, -0.007274844674584274], [0.003179749078241355, 0.00813218965736693, -0.017103593679469592], [-0.007274844674584274, -0.017103593679469592, 0.04991778597360587]], "chi2_level": 0.997, "chi2_df": 3, "chi2_threshold": 13.931422665512084, "N_raw": 55, "N_roi": 55, "N_inlier": 53, "refit": true}
{"timestamp": "16:21:19.612931", "frame": 87, "mu": [-0.8725464799435032, 0.5729365034392198, 1.3584382543538165], "Sigma": [[0.014837269407556175, 0.005478940600668375, -0.031896004585517196], [0.005478940600668376, 0.006053602537100547, -0.019566822214300554], [-0.031896004585517196, -0.019566822214300554, 0.09891824988676462]], "chi2_level": 0.997, "chi2_df": 3, "chi2_threshold": 13.931422665512084, "N_raw": 73, "N_roi": 73, "N_inlier": 70, "refit": true}
{"timestamp": "16:21:19.673010", "frame": 88, "mu": [-1.000535483999726, 0.615736121243044, -0.3694968431095882], "Sigma": [[0.01121446659283061, 0.0006823522677005885, -0.0008848544859253401], [0.0006823522677005885, 0.008658165654778512, -0.0018800013887725175], [-0.0008848544859253404, -0.0018800013887725173, 0.004526882422703511]], "chi2_level": 0.997, "chi2_df": 3, "chi2_threshold": 13.931422665512084, "N_raw": 97, "N_roi": 97, "N_inlier": 95, "refit": true}
{"timestamp": "16:21:19.725958", "frame": 89, "mu": [-1.0199937668894692, 0.5075390930129915, 1.5094695774027722], "Sigma": [[0.011768748143044601, 0.00018577011201995568, -0.002671272301519277], [0.00018577011201995568, 0.005979949778020803, -0.004312005515478274], [-0.002671272301519277, -0.004312005515478274, 0.004535718987457811]], "chi2_level": 0.997, "chi2_df": 3, "chi2_threshold": 13.931422665512084, "N_raw": 98, "N_roi": 98, "N_inlier": 94, "refit": true}
{"timestamp": "16:21:19.780044", "frame": 90, "mu": [-1.039384132979752, 0.516119742154728, 1.4988173417692323], "Sigma": [[0.008103618435232753, -0.00026424436270754083, -0.0035499879614771766], [-0.0002642443627075407, 0.00873865151452733, -0.00530597792440753], [-0.0035499879614771766, -0.00530597792440753, 0.006071049672519961]], "chi2_level": 0.997, "chi2_df": 3, "chi2_threshold": 13.931422665512084, "N_raw": 83, "N_roi": 83, "N_inlier": 81, "refit": true}
{"timestamp": "16:21:19.834240", "frame": 91, "mu": [-1.1151639716301573, 0.495258709799996, 1.507186091465256], "Sigma": [[0.008955037553426241, 0.00316771420707581, -7.404073462379722e-05], [0.0031677142070758104, 0.006441206743666551, -0.004664766126392633], [-7.404073462379738e-05, -0.004664766126392633, 0.004616840307224607]], "chi2_level": 0.997, "chi2_df": 3, "chi2_threshold": 13.931422665512084, "N_raw": 79, "N_roi": 78, "N_inlier": 73, "refit": true}
{"timestamp": "16:21:19.887006", "frame": 92, "mu": [-1.1115579416714916, 0.5146182786981335, 1.4890568372033024], "Sigma": [[0.009640514939919449, -0.0021138080862802217, -0.005580723288020861], [-0.0021138080862802217, 0.013008083260474828, 0.0013380248890784178], [-0.005580723288020861, 0.0013380248890784178, 0.01115827480278794]], "chi2_level": 0.997, "chi2_df": 3, "chi2_threshold": 13.931422665512084, "N_raw": 62, "N_roi": 62, "N_inlier": 60, "refit": true}
{"timestamp": "16:21:19.943710", "frame": 93, "mu": [-1.1478118217746205, 0.5049454074628457, 1.4966286457586127], "Sigma": [[0.009992020915626993, -0.0005914822989566261, -0.0017290545216229324], [-0.0005914822989566263, 0.008751269001351545, -0.005120145700181126], [-0.0017290545216229322, -0.005120145700181126, 0.0042157810742682236]], "chi2_level": 0.997, "chi2_df": 3, "chi2_threshold": 13.931422665512084, "N_raw": 85, "N_roi": 85, "N_inlier": 81, "refit": true}
{"timestamp": "16:21:19.994262", "frame": 94, "mu": [-1.1687739896744143, 0.44131394225829135, 1.4648748869151624], "Sigma": [[0.0067985763378145695, 0.00032712957873910477, -0.003074803231595997], [0.0003271295787391048, 0.004205700492774703, -0.002725575155056385], [-0.003074803231595997, -0.002725575155056385, 0.005164651085188578]], "chi2_level": 0.997, "chi2_df": 3, "chi2_threshold": 13.931422665512084, "N_raw": 50, "N_roi": 50, "N_inlier": 48, "refit": true}
{"timestamp": "16:21:20.051254", "frame": 95, "mu": [-1.2218712338218218, 0.4640501799256694, 1.419005722034521], "Sigma": [[0.00740223512602509, 0.0031981160140802578, -0.0030370920891767787], [0.0031981160140802578, 0.00834117590625239, -0.007390401192726827], [-0.0030370920891767787, -0.007390401192726828, 0.011035235611609453]], "chi2_level": 0.997, "chi2_df": 3, "chi2_threshold": 13.931422665512084, "N_raw": 60, "N_roi": 60, "N_inlier": 56, "refit": true}
{"timestamp": "16:21:20.105503", "frame": 96, "mu": [-1.2509410876677594, 0.48056760540458454, 1.4382791636684538], "Sigma": [[0.008166391041313411, -0.0007968297286938195, -0.0030642651134255004], [-0.0007968297286938195, 0.008249324992356453, -0.003712647526544366], [-0.003064265113425501, -0.003712647526544366, 0.010771104862719698]], "chi2_level": 0.997, "chi2_df": 3, "chi2_threshold": 13.931422665512084, "N_raw": 64, "N_roi": 64, "N_inlier": 60, "refit": true}
{"timestamp": "16:21:20.162190", "frame": 97, "mu": [-1.2698455857762712, 0.5124913998017676, -0.5381814110881755], "Sigma": [[0.009512037288821624, 0.00051381258041502, -0.00021859464703351456], [0.0005138125804150199, 0.019278656561941877, 0.0023060807957177003], [-0.00021859464703351456, 0.0023060807957177003, 0.0030833609312980563]], "chi2_level": 0.997, "chi2_df": 3, "chi2_threshold": 13.931422665512084, "N_raw": 68, "N_roi": 68, "N_inlier": 64, "refit": true}
{"timestamp": "16:21:20.219056", "frame": 98, "mu": [-1.322888359459727, 0.5427094235277548, 1.466414287355246], "Sigma": [[0.009976143192532927, -0.0011648244377167952, -0.0013898364781917197], [-0.0011648244377167954, 0.009500939663714408, -0.004733536320827695], [-0.0013898364781917195, -0.004733536320827694, 0.003276794871394411]], "chi2_level": 0.997, "chi2_df": 3, "chi2_threshold": 13.931422665512084, "N_raw": 68, "N_roi": 68, "N_inlier": 67, "refit": true}
{"timestamp": "16:21:20.271601", "frame": 99, "mu": [-1.3269046529556345, 0.5387795014278017, 1.4263893816805027], "Sigma": [[0.008488271409226063, -0.0031701832572533445, -0.004943072629999542], [-0.0031701832572533445, 0.011430569306665158, -0.003067523036051182], [-0.004943072629999543, -0.003067523036051182, 0.007259558030302954]], "chi2_level": 0.997, "chi2_df": 3, "chi2_threshold": 13.931422665512084, "N_raw": 64, "N_roi": 64, "N_inlier": 61, "refit": true}
{"timestamp": "16:21:20.435478", "frame": 100, "mu": [-1.3710364716878618, 0.5330235843461955, 1.3991361588074978], "Sigma": [[0.008908313936040918, -0.00019586092307082237, -0.002597811575488584], [-0.00019586092307082237, 0.011917068498102599, -0.0006826496156774366], [-0.002597811575488584, -0.0006826496156774361, 0.013047522878915809]], "chi2_level": 0.997, "chi2_df": 3, "chi2_threshold": 13.931422665512084, "N_raw": 65, "N_roi": 65, "N_inlier": 63, "refit": true}
{"timestamp": "16:21:20.465407", "frame": 101, "mu": [-1.379614764606397, 0.4871210142036636, 1.3004528289916686], "Sigma": [[0.005744731487173465, 0.0016415954359927081, 0.0018779766638711017], [0.0016415954359927081, 0.009488560053487718, -0.001203462234384702], [0.0018779766638711021, -0.0012034622343847024, 0.01899329285068799]], "chi2_level": 0.997, "chi2_df": 3, "chi2_threshold": 13.931422665512084, "N_raw": 58, "N_roi": 58, "N_inlier": 56, "refit": true}
{"timestamp": "16:21:20.499476", "frame": 102, "mu": [-1.4429882618508814, 0.5226801841476786, 1.323237096592868], "Sigma": [[0.00821570125378356, 0.0031961812819285527, 0.002300109843622776], [0.0031961812819285527, 0.008710216839532913, -0.0011779608717126762], [0.0023001098436227765, -0.0011779608717126765, 0.01956996455656347]], "chi2_level": 0.997, "chi2_df": 3, "chi2_threshold": 13.931422665512084, "N_raw": 69, "N_roi": 69, "N_inlier": 69, "refit": true}
{"timestamp": "16:21:20.528551", "frame": 103, "mu": [-1.4489470459017935, 0.5907765454359304, 1.3836472046160382], "Sigma": [[0.006003429658872637, 0.0016612408180834318, -0.0005961411127576255], [0.0016612408180834315, 0.01016200624553187, -0.005901708755443078], [-0.0005961411127576254, -0.005901708755443077, 0.005419285473586419]], "chi2_level": 0.997, "chi2_df": 3, "chi2_threshold": 13.931422665512084, "N_raw": 53, "N_roi": 53, "N_inlier": 52, "refit": true}
{"timestamp": "16:21:20.558783", "frame": 104, "mu": [-1.48554323037118, 0.5376507760862979, 1.3006535591003205], "Sigma": [[0.00638079689888856, 0.00502959827096016, 0.002665791056380596], [0.00502959827096016, 0.008966399479365972, 0.0038212563885420847], [0.002665791056380596, 0.003821256388542085, 0.023979070319859817]], "chi2_level": 0.997, "chi2_df": 3, "chi2_threshold": 13.931422665512084, "N_raw": 58, "N_roi": 58, "N_inlier": 57, "refit": true}
{"timestamp": "16:21:20.600684", "frame": 105, "mu": [-1.5116851227090904, 0.5260034552315989, 1.2379520843330936], "Sigma": [[0.005116121246795048, 0.004696884546106355, 0.0030602722499663186], [0.004696884546106355, 0.010571840745010252, 0.004757264650675599], [0.0030602722499663186, 0.004757264650675599, 0.030629663240983415]], "chi2_level": 0.997, "chi2_df": 3, "chi2_threshold": 13.931422665512084, "N_raw": 63, "N_roi": 63, "N_inlier": 60, "refit": true}
{"timestamp": "16:21:20.655377", "frame": 106, "mu": [-1.5032841242494814, 0.550299478607288, 1.2856015129461833], "Sigma": [[0.006946483632877245, 0.00474883309790264, 0.0019745921925253596], [0.00474883309790264, 0.01143584568977841, -0.0012077581413408181], [0.0019745921925253596, -0.0012077581413408181, 0.01736853256681585]], "chi2_level": 0.997, "chi2_df": 3, "chi2_threshold": 13.931422665512084, "N_raw": 63, "N_roi": 63, "N_inlier": 62, "refit": true}
