{"timestamp": "15:53:23.316319", "frame": 40, "mu": [1.63257922828329, 0.8967222915179247, 1.461946069506478], "Sigma": [[0.0029193004648104632, -0.0005367444977221656, -0.003069464251984721], [-0.0005367444977221656, 0.003796983136788552, 0.0031907785234545063], [-0.003069464251984721, 0.0031907785234545063, 0.009068378512542661]], "chi2_level": 0.997, "chi2_df": 3, "chi2_threshold": 13.931422665512084, "N_raw": 11, "N_roi": 11, "N_inlier": 11, "refit": true}
{"timestamp": "15:53:23.425580", "frame": 42, "mu": [1.3259069037459612, 0.90063404244158, 1.4045560101264882], "Sigma": [[0.2164693440903683, 0.1410172142731414, -0.06767388775214982], [0.1410172142731414, 0.09194602578272862, -0.043429143242498386], [-0.06767388775214982, -0.043429143242498386, 0.026663847184934]], "chi2_level": 0.997, "chi2_df": 3, "chi2_threshold": 13.931422665512084, "N_raw": 5, "N_roi": 5, "N_inlier": 5, "refit": true}
{"timestamp": "15:53:23.482873", "frame": 43, "mu": [1.5116742743566707, 1.0570232729522897, 1.5786205615090565], "Sigma": [[0.003370967668699494, 0.0006812126729725218, 0.0015356489971256686], [0.0006812126729725218, 0.006103482281407534, 0.0014068919855678157], [0.0015356489971256686, 0.001406891985567816, 0.0010839168772915544]], "chi2_level": 0.997, "chi2_df": 3, "chi2_threshold": 13.931422665512084, "N_raw": 22, "N_roi": 22, "N_inlier": 22, "refit": true}
{"timestamp": "15:53:23.542699", "frame": 44, "mu": [1.4374977072649082, 1.1377953457679646, 1.5399028603356655], "Sigma": [[0.005487663698531981, -0.0011176726008286756, 0.0014355105054529376], [-0.001117672600828676, 0.007656290944946527, 0.0012638527902478697], [0.0014355105054529376, 0.0012638527902478697, 0.0009513528042525921]], "chi2_level": 0.997, "chi2_df": 3, "chi2_threshold": 13.931422665512084, "N_raw": 27, "N_roi": 27, "N_inlier": 27, "refit": true}
{"timestamp": "15:53:23.647520", "frame": 46, "mu": [1.197267663121467, 1.4665069680531475, -0.48661939631630047], "Sigma": [[0.0035778911295170825, -0.005206890417106195, 0.027772246259072254], [-0.005206890417106195, 0.043486361118783096, -0.1014039782113019], [0.02777224625907226, -0.1014039782113019, 0.32721188399635504]], "chi2_level": 0.997, "chi2_df": 3, "chi2_threshold": 13.931422665512084, "N_raw": 7, "N_roi": 7, "N_inlier": 7, "refit": true}
{"timestamp": "15:53:23.703482", "frame": 47, "mu": [1.1581465100942672, 1.3375474851474072, 1.0963154464713225], "Sigma": [[0.008383627349116029, -0.004447350052478448, 0.039419179579941725], [-0.004447350052478448, 0.01038010304810332, -0.027464598482297816], [0.039419179579941725, -0.027464598482297816, 0.4174359491218051]], "chi2_level": 0.997, "chi2_df": 3, "chi2_threshold": 13.931422665512084, "N_raw": 17, "N_roi": 17, "N_inlier": 17, "refit": true}
{"timestamp": "15:53:23.761459", "frame": 48, "mu": [1.0982937368454682, 1.435103585875915, 1.3259168499073055], "Sigma": [[0.004449574387483776, -0.004929879453786379, 0.01661892074549732], [-0.004929879453786379, 0.012964615610106001, -0.018380105543121493], [0.016618920745497315, -0.018380105543121486, 0.2973920156010254]], "chi2_level": 0.997, "chi2_df": 3, "chi2_threshold": 13.931422665512084, "N_raw": 21, "N_roi": 21, "N_inlier": 20, "refit": true}
{"timestamp": "15:53:23.815226", "frame": 49, "mu": [1.0473040905957556, 1.49964771683888, 1.4171563821867308], "Sigma": [[0.0034780177597337784, -0.001135118002201057, 0.01702151915173583], [-0.0011351180022010567, 0.0021803308334209293, -0.006811382484269058], [0.01702151915173583, -0.006811382484269058, 0.29913767238609035]], "chi2_level": 0.997, "chi2_df": 3, "chi2_threshold": 13.931422665512084, "N_raw": 22, "N_roi": 22, "N_inlier": 21, "refit": true}
{"timestamp": "15:53:23.868160", "frame": 50, "mu": [0.9710041580546511, 1.5721277546161363, -0.36649885240698543], "Sigma": [[0.00444388572411632, 0.005991438829832217, -0.006399647144734936], [0.005991438829832217, 0.02341680522133123, -0.01964591813079438], [-0.0063996471447349355, -0.01964591813079438, 0.018328195621890125]], "chi2_level": 0.997, "chi2_df": 3, "chi2_threshold": 13.931422665512084, "N_raw": 16, "N_roi": 16, "N_inlier": 16, "refit": true}
{"timestamp": "15:53:23.922618", "frame": 51, "mu": [0.9694632357301024, 1.488969067502826, 1.3192293787716607], "Sigma": [[0.013886992106001894, -0.0034178942038103352, -0.04002926487673147], [-0.0034178942038103352, 0.023519447547197134, 0.05606513871079805], [-0.040029264876731474, 0.05606513871079806, 0.22329446366249703]], "chi2_level": 0.997, "chi2_df": 3, "chi2_threshold": 13.931422665512084, "N_raw": 6, "N_roi": 6, "N_inlier": 6, "refit": true}
{"timestamp": "15:53:23.982256", "frame": 52, "mu": [0.8806267885077942, 1.5278710137263165, 1.3357220809300019], "Sigma": [[0.0054531351859508324, -0.0007466560073545644, -0.0003104989160552335], [-0.0007466560073545643, 0.006827161186066009, 0.0019411824898832538], [-0.0003104989160552335, 0.0019411824898832536, 0.0008320434582912261]], "chi2_level": 0.997, "chi2_df": 3, "chi2_threshold": 13.931422665512084, "N_raw": 45, "N_roi": 45, "N_inlier": 43, "refit": true}
{"timestamp": "15:53:24.039572", "frame": 53, "mu": [0.8017464778303414, 1.5818224614896939, 1.4372493623703428], "Sigma": [[0.0061804451036821155, 0.0014240474577001286, 0.004357670298109306], [0.0014240474577001286, 0.008086920156474284, 0.004260927393230143], [0.004357670298109306, 0.004260927393230143, 0.005204552286825037]], "chi2_level": 0.997, "chi2_df": 3, "chi2_threshold": 13.931422665512084, "N_raw": 53, "N_roi": 53, "N_inlier": 53, "refit": true}
{"timestamp": "15:53:24.093974", "frame": 54, "mu": [0.7380069596735743, 1.705893362944111, -0.3096682843068808], "Sigma": [[0.004144162737428376, 0.0003088891942076784, -0.0038577922406408593], [0.0003088891942076785, 0.005165619509959393, -0.008040259058166289], [-0.0038577922406408593, -0.008040259058166289, 0.042902418019894605]], "chi2_level": 0.997, "chi2_df": 3, "chi2_threshold": 13.931422665512084, "N_raw": 46, "N_roi": 46, "N_inlier": 44, "refit": true}
{"timestamp": "15:53:24.149036", "frame": 55, "mu": [0.693966981312737, 1.6853740542528086, 1.3461549206573036], "Sigma": [[0.005613430918502002, 0.0029284811480405192, 0.002484806088704044], [0.0029284811480405192, 0.0035902105851486, 0.00016439855776348824], [0.0024848060887040432, 0.00016439855776348802, 0.06453028895276917]], "chi2_level": 0.997, "chi2_df": 3, "chi2_threshold": 13.931422665512084, "N_raw": 48, "N_roi": 48, "N_inlier": 45, "refit": true}
{"timestamp": "15:53:24.202700", "frame": 56, "mu": [0.5861133144855273, 1.9066807572522624, -0.45729534313718107], "Sigma": [[0.0037521725047567657, 0.0036310818803807062, -0.01273633349462258], [0.0036310818803807062, 0.02101289698654511, -0.05468636516304122], [-0.01273633349462258, -0.05468636516304122, 0.1623671984970041]], "chi2_level": 0.997, "chi2_df": 3, "chi2_threshold": 13.931422665512084, "N_raw": 37, "N_roi": 37, "N_inlier": 35, "refit": true}
{"timestamp": "15:53:24.255052", "frame": 57, "mu": [0.5575260986516763, 1.8210477935715255, 0.9613689240249501], "Sigma": [[0.0026167354603655875, -0.0007832328210444947, -0.006960964889945718], [-0.0007832328210444948, 0.004067778684474854, -0.007997629480989749], [-0.006960964889945719, -0.007997629480989747, 0.3292177556334364]], "chi2_level": 0.997, "chi2_df": 3, "chi2_threshold": 13.931422665512084, "N_raw": 24, "N_roi": 24, "N_inlier": 23, "refit": true}
{"timestamp": "15:53:24.314873", "frame": 58, "mu": [0.5224731234476445, 1.852037464155919, 1.1072511264432743], "Sigma": [[0.004599467952216937, -0.002058295093758376, -0.0049058441903540115], [-0.002058295093758376, 0.005840385569834005, 0.02040183969152046], [-0.00490584419035401, 0.02040183969152046, 0.1141545537397364]], "chi2_level": 0.997, "chi2_df": 3, "chi2_threshold": 13.931422665512084, "N_raw": 57, "N_roi": 57, "N_inlier": 54, "refit": true}
{"timestamp": "15:53:24.371005", "frame": 59, "mu": [0.46234171639057337, 2.007867500806624, 1.2906409397840148], "Sigma": [[0.00810764632615262, -0.0034025953037528215, -0.01563723600381453], [-0.003402595303752821, 0.005466277296852766, 0.020932624483464037], [-0.01563723600381453, 0.020932624483464033, 0.15567639384002538]], "chi2_level": 0.997, "chi2_df": 3, "chi2_threshold": 13.931422665512084, "N_raw": 55, "N_roi": 55, "N_inlier": 51, "refit": true}
{"timestamp": "15:53:24.422915", "frame": 60, "mu": [0.3986280451863075, 2.0263272462885222, 1.235109039347138], "Sigma": [[0.005406660527187838, 0.0013656689748612499, 0.004243709975854142], [0.0013656689748612499, 0.002215494048395891, 0.006600050862064785], [0.004243709975854142, 0.006600050862064785, 0.05163702826313526]], "chi2_level": 0.997, "chi2_df": 3, "chi2_threshold": 13.931422665512084, "N_raw": 43, "N_roi": 43, "N_inlier": 38, "refit": true}
{"timestamp": "15:53:24.484153", "frame": 61, "mu": [0.314878262477565, 2.043734121016408, -0.803551370677404], "Sigma": [[0.00893785865862219, 0.003529635785347359, 0.00015614022832586714], [0.0035296357853473593, 0.006204335687140058, 0.008165548931990493], [0.00015614022832586736, 0.008165548931990493, 0.1358955174063139]], "chi2_level": 0.997, "chi2_df": 3, "chi2_threshold": 13.931422665512084, "N_raw": 76, "N_roi": 76, "N_inlier": 73, "refit": true}
{"timestamp": "15:53:24.539933", "frame": 62, "mu": [0.21414315213266005, 2.121596965236134, 1.2405888808680101], "Sigma": [[0.007363860462271852, 0.0008692720004778821, 0.003440716457083442], [0.000869272000477882, 0.008047861477909134, -0.008042781300328383], [0.003440716457083443, -0.008042781300328383, 0.13090634740260712]], "chi2_level": 0.997, "chi2_df": 3, "chi2_threshold": 13.931422665512084, "N_raw": 90, "N_roi": 88, "N_inlier": 85, "refit": true}
{"timestamp": "15:53:24.592096", "frame": 63, "mu": [0.15375818659261134, 2.193624816579357, 1.4129447653436238], "Sigma": [[0.006198222105446632, 0.002132321697342063, 0.0029825990750672556], [0.002132321697342063, 0.009514939385971677, 0.00944926597956488], [0.002982599075067256, 0.00944926597956488, 0.06642058181948748]], "chi2_level": 0.997, "chi2_df": 3, "chi2_threshold": 13.931422665512084, "N_raw": 66, "N_roi": 63, "N_inlier": 61, "refit": true}
{"timestamp": "15:53:24.645236", "frame": 64, "mu": [0.14743564920058178, 2.309941163840954, 1.5246535839876794], "Sigma": [[0.006876901150666258, 0.0020631368367056728, 0.0008652831417176319], [0.0020631368367056728, 0.006594194050791662, 0.0017202010569225192], [0.0008652831417176321, 0.001720201056922519, 0.008265662284158693]], "chi2_level": 0.997, "chi2_df": 3, "chi2_threshold": 13.931422665512084, "N_raw": 57, "N_roi": 54, "N_inlier": 50, "refit": true}
{"timestamp": "15:53:24.703016", "frame": 65, "mu": [0.03194368304073442, 2.334231162261591, 1.5851698699970436], "Sigma": [[0.008089313452261859, 0.0014618236102888842, 0.0014806583576314313], [0.001461823610288884, 0.006475906976326144, 0.0030115594561857203], [0.0014806583576314311, 0.0030115594561857203, 0.008745161709383774]], "chi2_level": 0.997, "chi2_df": 3, "chi2_threshold": 13.931422665512084, "N_raw": 67, "N_roi": 62, "N_inlier": 55, "refit": true}
{"timestamp": "15:53:24.756949", "frame": 66, "mu": [-0.032042715333450864, 2.399579731320039, 1.5461986999823], "Sigma": [[0.008236528787447756, 0.002030912799753873, -0.005568524020552662], [0.002030912799753873, 0.006034966841794058, -0.00035283314918369306], [-0.005568524020552663, -0.00035283314918369327, 0.03727346586356074]], "chi2_level": 0.997, "chi2_df": 3, "chi2_threshold": 13.931422665512084, "N_raw": 63, "N_roi": 60, "N_inlier": 55, "refit": true}
{"timestamp": "15:53:24.810882", "frame": 67, "mu": [-0.060843369291376154, 2.441351211631814, 1.59054520768151], "Sigma": [[0.015288772163236772, 0.0001635057353732007, -0.02829295031595429], [0.00016350573537320074, 0.0035395590001055235, 0.0041894711996018985], [-0.028292950315954295, 0.004189471199601898, 0.12019913905913658]], "chi2_level": 0.997, "chi2_df": 3, "chi2_threshold": 13.931422665512084, "N_raw": 53, "N_roi": 49, "N_inlier": 47, "refit": true}
{"timestamp": "15:53:24.865120", "frame": 68, "mu": [-0.13642215603369381, 2.4838236287917708, 1.2769212093102151], "Sigma": [[0.01768908291966364, 0.0006144171369959307, -0.04237131394125103], [0.0006144171369959306, 0.0033910023541675583, 0.006836919604106883], [-0.04237131394125103, 0.006836919604106882, 0.328020090985449]], "chi2_level": 0.997, "chi2_df": 3, "chi2_threshold": 13.931422665512084, "N_raw": 55, "N_roi": 55, "N_inlier": 54, "refit": true}
{"timestamp": "15:53:24.921158", "frame": 69, "mu": [-0.21784246825237685, 2.5954910641437086, -0.20980308278500712], "Sigma": [[0.01283156188867036, 0.008854043009373563, 0.01713660921612107], [0.008854043009373565, 0.014175789236058974, -0.004590708351399759], [0.017136609216121066, -0.004590708351399759, 0.1327801443462047]], "chi2_level": 0.997, "chi2_df": 3, "chi2_threshold": 13.931422665512084, "N_raw": 59, "N_roi": 58, "N_inlier": 56, "refit": true}
{"timestamp": "15:53:24.979352", "frame": 70, "mu": [-0.3172990190339546, 2.582555480051912, 1.2502061769997475], "Sigma": [[0.01527940392039893, 0.004898583937557579, -0.02796390050790279], [0.004898583937557579, 0.008847528477656253, -0.03138911148608676], [-0.027963900507902793, -0.03138911148608676, 0.23206284284023718]], "chi2_level": 0.997, "chi2_df": 3, "chi2_threshold": 13.931422665512084, "N_raw": 78, "N_roi": 78, "N_inlier": 76, "refit": true}
{"timestamp": "15:53:25.038866", "frame": 71, "mu": [-0.41149427706722363, 2.746930388609383, -0.21203939069947617], "Sigma": [[0.015763007098133528, 0.011074185072753163, -0.03807779090974671], [0.011074185072753163, 0.03185935699840671, -0.09844865996728439], [-0.03807779090974671, -0.09844865996728439, 0.42920024983480826]], "chi2_level": 0.997, "chi2_df": 3, "chi2_threshold": 13.931422665512084, "N_raw": 112, "N_roi": 112, "N_inlier": 111, "refit": true}
{"timestamp": "15:53:25.091279", "frame": 72, "mu": [-0.48710023998237045, 2.6281275827194817, 1.3555362575160252], "Sigma": [[0.011840059145662168, 0.001663246520815201, -0.010304721961203678], [0.0016632465208152015, 0.005368658704912557, -0.0006168556131464552], [-0.010304721961203678, -0.0006168556131464552, 0.031605688094940965]], "chi2_level": 0.997, "chi2_df": 3, "chi2_threshold": 13.931422665512084, "N_raw": 62, "N_roi": 58, "N_inlier": 53, "refit": true}
{"timestamp": "15:53:25.144133", "frame": 73, "mu": [-0.5771907797541022, 2.702246181865038, 1.4182940160453081], "Sigma": [[0.014843589699972714, 0.0037965468001256546, -0.014477096732674367], [0.0037965468001256546, 0.006586683108039387, -0.005657019584709502], [-0.014477096732674367, -0.005657019584709502, 0.020966499510284987]], "chi2_level": 0.997, "chi2_df": 3, "chi2_threshold": 13.931422665512084, "N_raw": 76, "N_roi": 69, "N_inlier": 66, "refit": true}
{"timestamp": "15:53:25.199307", "frame": 74, "mu": [-0.5485075042482536, 2.7782694423016947, 1.2970661471469775], "Sigma": [[0.018026668632687926, 0.0018989702079413601, -0.027031108518224413], [0.0018989702079413604, 0.005546905144844892, -0.005945774558579682], [-0.027031108518224413, -0.005945774558579682, 0.06886067925355943]], "chi2_level": 0.997, "chi2_df": 3, "chi2_threshold": 13.931422665512084, "N_raw": 87, "N_roi": 87, "N_inlier": 84, "refit": true}
{"timestamp": "15:53:25.249239", "frame": 75, "mu": [-0.5328311443660597, 2.8654721520717645, 1.012094439618583], "Sigma": [[0.014293862765540942, -0.0015241983688401514, -0.0225531135901261], [-0.0015241983688401512, 0.008974176847352704, 0.009988266824457043], [-0.0225531135901261, 0.009988266824457043, 0.05088538504526564]], "chi2_level": 0.997, "chi2_df": 3, "chi2_threshold": 13.931422665512084, "N_raw": 47, "N_roi": 44, "N_inlier": 40, "refit": true}
{"timestamp": "15:53:25.307966", "frame": 76, "mu": [-0.6236776608545358, 2.98500939643841, 1.471137614272393], "Sigma": [[0.01673020702990953, 0.006321338993839997, -0.01771601185874402], [0.006321338993839996, 0.008174411391233828, -0.009721282399634535], [-0.01771601185874402, -0.009721282399634533, 0.023442032175992018]], "chi2_level": 0.997, "chi2_df": 3, "chi2_threshold": 13.931422665512084, "N_raw": 68, "N_roi": 65, "N_inlier": 64, "refit": true}
{"timestamp": "15:53:25.362959", "frame": 77, "mu": [-0.7121856527297635, 3.0325511136467767, 1.3721652955117025], "Sigma": [[0.02125710728288562, 0.010521788125071733, -0.018469365504322176], [0.010521788125071733, 0.012606368867995396, -0.013615046310290722], [-0.018469365504322176, -0.013615046310290722, 0.021994447571718576]], "chi2_level": 0.997, "chi2_df": 3, "chi2_threshold": 13.931422665512084, "N_raw": 81, "N_roi": 77, "N_inlier": 76, "refit": true}
{"timestamp": "15:53:25.419555", "frame": 78, "mu": [-0.8493868550678834, 3.0436466431180293, 1.3516816655211132], "Sigma": [[0.013338851019559395, 0.0026437217378095963, -0.001570758558648824], [0.0026437217378095963, 0.007758712694268264, -0.005997409920031052], [-0.001570758558648824, -0.005997409920031052, 0.02403064889725024]], "chi2_level": 0.997, "chi2_df": 3, "chi2_threshold": 13.931422665512084, "N_raw": 78, "N_roi": 78, "N_inlier": 76, "refit": true}
{"timestamp": "15:53:25.471585", "frame": 79, "mu": [-0.8675973202235339, 3.0910067286067724, -0.48195055651015284], "Sigma": [[0.011459465339445146, 0.005526415351055218, 0.007219581840959341], [0.005526415351055218, 0.009288842080349918, 0.010160164057167074], [0.007219581840959342, 0.010160164057167076, 0.042617924335936724]], "chi2_level": 0.997, "chi2_df": 3, "chi2_threshold": 13.931422665512084, "N_raw": 55, "N_roi": 52, "N_inlier": 49, "refit": true}
{"timestamp": "15:53:25.527891", "frame": 80, "mu": [-0.9531895541636939, 3.1861976059635224, 1.2882922349619501], "Sigma": [[0.011901265747357547, 0.0008107780962675398, 0.0069957841358554915], [0.0008107780962675398, 0.0032877644335507243, -0.008352799883130951], [0.006995784135855492, -0.008352799883130951, 0.17442739694473078]], "chi2_level": 0.997, "chi2_df": 3, "chi2_threshold": 13.931422665512084, "N_raw": 70, "N_roi": 66, "N_inlier": 65, "refit": true}
{"timestamp": "15:53:25.579926", "frame": 81, "mu": [-0.9450728193612978, 3.2148300214828263, 1.5251784498949583], "Sigma": [[0.010834005650377596, 0.0036022034765341732, -0.008207931017015915], [0.003602203476534173, 0.007373838284316705, -0.0031406457426319794], [-0.008207931017015915, -0.0031406457426319794, 0.030552670815869442]], "chi2_level": 0.997, "chi2_df": 3, "chi2_threshold": 13.931422665512084, "N_raw": 54, "N_roi": 50, "N_inlier": 48, "refit": true}
{"timestamp": "15:53:25.631687", "frame": 82, "mu": [-0.9862105555703339, 3.2921235703741747, 1.6051058354169976], "Sigma": [[0.007938140624173222, 0.0019822762045188166, -0.002887695057176758], [0.001982276204518817, 0.005014109289432426, 0.0012464539282084847], [-0.002887695057176758, 0.0012464539282084847, 0.017699741130576655]], "chi2_level": 0.997, "chi2_df": 3, "chi2_threshold": 13.931422665512084, "N_raw": 33, "N_roi": 29, "N_inlier": 27, "refit": true}
{"timestamp": "15:53:25.688500", "frame": 83, "mu": [-1.1594073845798778, 3.248643481970188, 1.4662103520509246], "Sigma": [[0.016705974972495, 0.006230474334302224, -0.007497603856877296], [0.006230474334302224, 0.009975805678643737, 0.003914078260011272], [-0.007497603856877297, 0.003914078260011272, 0.010525247003156626]], "chi2_level": 0.997, "chi2_df": 3, "chi2_threshold": 13.931422665512084, "N_raw": 51, "N_roi": 49, "N_inlier": 47, "refit": true}
{"timestamp": "15:53:25.746704", "frame": 84, "mu": [-1.138682513487723, 3.339313555528747, 1.2045497774365168], "Sigma": [[0.022853568968090848, 0.010104654077049614, -0.027577779883878197], [0.010104654077049614, 0.01336177077742219, -0.011559678429843148], [-0.027577779883878197, -0.011559678429843148, 0.04463642461873354]], "chi2_level": 0.997, "chi2_df": 3, "chi2_threshold": 13.931422665512084, "N_raw": 75, "N_roi": 73, "N_inlier": 73, "refit": true}
{"timestamp": "15:53:25.802265", "frame": 85, "mu": [-1.2180515594978452, 3.4887450932039576, -2.5509857303459074e-05], "Sigma": [[0.02251037010972866, 0.017500732852667497, -0.013821314407446434], [0.017500732852667497, 0.023013551871048206, -0.009533790027449338], [-0.013821314407446435, -0.009533790027449338, 0.011636606133781568]], "chi2_level": 0.997, "chi2_df": 3, "chi2_threshold": 13.931422665512084, "N_raw": 71, "N_roi": 70, "N_inlier": 70, "refit": true}
{"timestamp": "15:53:25.856710", "frame": 86, "mu": [-1.3507950574766046, 3.4105005784723117, 1.234302255717366], "Sigma": [[0.020166695698888893, 0.010026316543706061, -0.013765377810389907], [0.010026316543706061, 0.012017263580275989, -0.012788575732729079], [-0.013765377810389908, -0.012788575732729079, 0.020124135789050868]], "chi2_level": 0.997, "chi2_df": 3, "chi2_threshold": 13.931422665512084, "N_raw": 68, "N_roi": 68, "N_inlier": 67, "refit": true}
{"timestamp": "15:53:25.905713", "frame": 87, "mu": [-1.468678429990763, 3.4644564083675937, 1.5472548205349586], "Sigma": [[0.010205574255948755, 0.004268709004526118, -0.009342635739262837], [0.004268709004526118, 0.004925593171295382, -0.006320426782104307], [-0.009342635739262837, -0.006320426782104307, 0.014590989133132129]], "chi2_level": 0.997, "chi2_df": 3, "chi2_threshold": 13.931422665512084, "N_raw": 30, "N_roi": 30, "N_inlier": 30, "refit": true}
{"timestamp": "15:53:25.962488", "frame": 88, "mu": [-1.4243862325182646, 3.5327726793588363, 1.1349854110237447], "Sigma": [[0.01905810150209243, 0.004338563247635983, -0.058309072050316026], [0.004338563247635983, 0.004261386576418452, -0.01620379331018009], [-0.058309072050316026, -0.01620379331018009, 0.34511842876661236]], "chi2_level": 0.997, "chi2_df": 3, "chi2_threshold": 13.931422665512084, "N_raw": 47, "N_roi": 47, "N_inlier": 47, "refit": true}
{"timestamp": "15:53:26.016712", "frame": 89, "mu": [-1.5647006828113486, 3.5556296081030094, 1.3490474840475126], "Sigma": [[0.013549712817847661, 0.007274103838927563, -0.024149064326014616], [0.007274103838927563, 0.00898665129396726, -0.018687632189151683], [-0.024149064326014616, -0.018687632189151683, 0.12118770394101366]], "chi2_level": 0.997, "chi2_df": 3, "chi2_threshold": 13.931422665512084, "N_raw": 34, "N_roi": 34, "N_inlier": 33, "refit": true}
{"timestamp": "15:53:26.071481", "frame": 90, "mu": [-1.6025164932206857, 3.5901170855301054, 1.2498952115548283], "Sigma": [[0.024522145706560812, 0.0034163251504577253, -0.06299128320100936], [0.0034163251504577253, 0.0070269530560409426, -0.016210472069471057], [-0.06299128320100936, -0.016210472069471057, 0.2809673279319493]], "chi2_level": 0.997, "chi2_df": 3, "chi2_threshold": 13.931422665512084, "N_raw": 39, "N_roi": 39, "N_inlier": 39, "refit": true}
{"timestamp": "15:53:26.128276", "frame": 91, "mu": [-1.6932260171602027, 3.631482569402793, 0.49332584186183737], "Sigma": [[0.016901350322661258, 0.013113165077864006, -0.01598424411560837], [0.013113165077864008, 0.015017176651143741, -0.01397795459229616], [-0.01598424411560837, -0.01397795459229616, 0.018323061833681924]], "chi2_level": 0.997, "chi2_df": 3, "chi2_threshold": 13.931422665512084, "N_raw": 39, "N_roi": 35, "N_inlier": 34, "refit": true}
{"timestamp": "15:53:26.182869", "frame": 92, "mu": [-1.6490370784835409, 3.7576890701076544, 0.5015839881454472], "Sigma": [[0.013055118469505066, 0.012358898232559954, -0.01482432212734363], [0.012358898232559954, 0.01753977660846991, -0.01505947812777644], [-0.01482432212734363, -0.015059478127776443, 0.0209088872507383]], "chi2_level": 0.997, "chi2_df": 3, "chi2_threshold": 13.931422665512084, "N_raw": 36, "N_roi": 33, "N_inlier": 33, "refit": true}
{"timestamp": "15:53:26.234599", "frame": 93, "mu": [-1.7596483033265358, 3.802777614874528, 1.5975491331859186], "Sigma": [[0.007772997768617716, 0.006390041246391714, -0.011972977395888817], [0.006390041246391714, 0.00947950410624056, -0.011978858659966321], [-0.011972977395888817, -0.011978858659966321, 0.024216703198392822]], "chi2_level": 0.997, "chi2_df": 3, "chi2_threshold": 13.931422665512084, "N_raw": 19, "N_roi": 16, "N_inlier": 16, "refit": true}
{"timestamp": "15:53:26.289393", "frame": 94, "mu": [-1.6288274715897522, 3.8393859810769575, 0.9775023143641334], "Sigma": [[0.011031940771346288, -0.0017721582925153679, -0.017458324250907924], [-0.001772158292515368, 0.0030703734360079445, 0.0011881593906960153], [-0.017458324250907924, 0.001188159390696015, 0.035461206722949626]], "chi2_level": 0.997, "chi2_df": 3, "chi2_threshold": 13.931422665512084, "N_raw": 21, "N_roi": 21, "N_inlier": 21, "refit": true}
{"timestamp": "15:53:26.346385", "frame": 95, "mu": [-1.9277660920965543, 3.893983843584755, 1.7064681414521556], "Sigma": [[0.017288583777922795, 0.0077615616294671435, -0.012833214584835405], [0.0077615616294671435, 0.00776247378015981, -0.005615343480228756], [-0.012833214584835407, -0.005615343480228756, 0.012263199409181033]], "chi2_level": 0.997, "chi2_df": 3, "chi2_threshold": 13.931422665512084, "N_raw": 36, "N_roi": 33, "N_inlier": 33, "refit": true}
{"timestamp": "15:53:26.397551", "frame": 96, "mu": [-1.9342710619026275, 4.016719181683124, 1.4965729759087505], "Sigma": [[0.003743198563370456, 0.006795881449148722, -0.006981896224170323], [0.006795881449148722, 0.013222952685499183, -0.012771450665024846], [-0.006981896224170324, -0.012771450665024848, 0.013720857298372129]], "chi2_level": 0.997, "chi2_df": 3, "chi2_threshold": 13.931422665512084, "N_raw": 7, "N_roi": 5, "N_inlier": 5, "refit": true}
{"timestamp": "15:53:26.452492", "frame": 97, "mu": [-1.989169964235414, 4.026513326458271, 1.2993224926480669], "Sigma": [[0.006603278503905877, 0.005984359003104553, -0.03798497051914677], [0.005984359003104553, 0.01398739053212795, -0.0321960655423109], [-0.03798497051914677, -0.032196065542310894, 0.2264058736752608]], "chi2_level": 0.997, "chi2_df": 3, "chi2_threshold": 13.931422665512084, "N_raw": 8, "N_roi": 8, "N_inlier": 8, "refit": true}
{"timestamp": "15:53:26.506394", "frame": 98, "mu": [-2.064780863569034, 4.018780423163658, 1.5476165341160526], "Sigma": [[0.0008284294119354156, 0.0011396771336032378, -0.005241800335204523], [0.0011396771336032378, 0.006931069198890197, -0.007182142268867747], [-0.005241800335204523, -0.007182142268867747, 0.035861134697559735]], "chi2_level": 0.997, "chi2_df": 3, "chi2_threshold": 13.931422665512084, "N_raw": 5, "N_roi": 5, "N_inlier": 5, "refit": true}
{"timestamp": "15:53:26.562862", "frame": 99, "mu": [-2.1218274076794468, 4.0418512202482875, 0.5795068670704778], "Sigma": [[0.006490729467599782, 0.008187913619480828, -0.004027832433379151], [0.00818791361948083, 0.013056482181637326, -0.004384632661777821], [-0.004027832433379151, -0.004384632661777821, 0.00771031325887147]], "chi2_level": 0.997, "chi2_df": 3, "chi2_threshold": 13.931422665512084, "N_raw": 11, "N_roi": 10, "N_inlier": 10, "refit": true}
{"timestamp": "15:53:26.686272", "frame": 100, "mu": [-2.1591099786524377, 4.107455109783193, 0.4586519260272168], "Sigma": [[0.01836524431552137, 0.01884964360586566, -0.03486559001644146], [0.018849643605865662, 0.02453826974555553, -0.046876729974694865], [-0.03486559001644146, -0.046876729974694865, 0.11186533892514908]], "chi2_level": 0.997, "chi2_df": 3, "chi2_threshold": 13.931422665512084, "N_raw": 23, "N_roi": 21, "N_inlier": 21, "refit": true}
{"timestamp": "15:53:26.720366", "frame": 101, "mu": [-2.1237839754680907, 4.159787395499472, 1.066515869405452], "Sigma": [[0.027959380534476688, 0.016278515080290285, -0.06924583857428723], [0.016278515080290285, 0.012064082691408625, -0.03514824420550972], [-0.06924583857428722, -0.03514824420550972, 0.1872442043369997]], "chi2_level": 0.997, "chi2_df": 3, "chi2_threshold": 13.931422665512084, "N_raw": 8, "N_roi": 6, "N_inlier": 6, "refit": true}
{"timestamp": "15:53:26.751927", "frame": 102, "mu": [-2.2302214532878164, 4.213503744884426, 1.1716613299742535], "Sigma": [[0.02597711369381704, 0.013961520150327263, -0.04768874373195373], [0.013961520150327264, 0.011538521356116816, -0.02751218274654264], [-0.04768874373195373, -0.02751218274654264, 0.09782833714797436]], "chi2_level": 0.997, "chi2_df": 3, "chi2_threshold": 13.931422665512084, "N_raw": 32, "N_roi": 31, "N_inlier": 31, "refit": true}
{"timestamp": "15:53:26.786686", "frame": 103, "mu": [-2.173993270392601, 4.354244182548385, 0.9740140925896241], "Sigma": [[0.028492019682864127, 0.006312289974801861, -0.035741595582723586], [0.006312289974801861, 0.004361852574624483, -0.011856440345836387], [-0.035741595582723586, -0.011856440345836387, 0.0630820795750145]], "chi2_level": 0.997, "chi2_df": 3, "chi2_threshold": 13.931422665512084, "N_raw": 38, "N_roi": 38, "N_inlier": 37, "refit": true}
{"timestamp": "15:53:26.840139", "frame": 104, "mu": [-2.3199761921522937, 4.385789811776332, 1.0998146932966177], "Sigma": [[0.012385493148509298, 0.005137936749547186, -0.010141679958898532], [0.005137936749547186, 0.004996240877626201, -0.009540517634941882], [-0.010141679958898532, -0.009540517634941882, 0.023257626391940307]], "chi2_level": 0.997, "chi2_df": 3, "chi2_threshold": 13.931422665512084, "N_raw": 27, "N_roi": 24, "N_inlier": 24, "refit": true}
