{"timestamp": "16:46:56.759721", "frame": 9, "mu": [-1.9360880165284104, 0.7698440856831038, 0.7364946252954098], "Sigma": [[1.7609561599587737, -0.04425172999675693, 0.049877802173505376], [-0.04425172999675693, 0.006402118447399262, -0.004217371095638094], [0.04987780217350537, -0.004217371095638093, 0.0039609888114029625]], "chi2_level": 0.997, "chi2_df": 3, "chi2_threshold": 13.931422665512084, "N_raw": 17, "N_roi": 16, "N_inlier": 16, "refit": true}
{"timestamp": "16:46:56.815836", "frame": 10, "mu": [-2.3695937735816965, 0.7877526732241276, 0.8336817109162683], "Sigma": [[0.00519097809764778, 0.007428683009422941, -0.0029407785598378738], [0.00742868300942294, 0.02013939747881463, -0.008377419793760298], [-0.0029407785598378738, -0.008377419793760298, 0.0043869547094404614]], "chi2_level": 0.997, "chi2_df": 3, "chi2_threshold": 13.931422665512084, "N_raw": 31, "N_roi": 27, "N_inlier": 25, "refit": true}
{"timestamp": "16:46:56.869804", "frame": 11, "mu": [-2.3818465968904547, 0.6798189116637483, 0.7881195014856317], "Sigma": [[0.00409075132735266, 0.004897616468317669, -0.0037981076669181078], [0.00489761646831767, 0.008667936591889728, -0.005995445361419648], [-0.0037981076669181078, -0.005995445361419648, 0.005314860679095946]], "chi2_level": 0.997, "chi2_df": 3, "chi2_threshold": 13.931422665512084, "N_raw": 12, "N_roi": 11, "N_inlier": 11, "refit": true}
{"timestamp": "16:46:56.979328", "frame": 13, "mu": [-1.9268420525824252, 0.6147728040983579, 0.7688591018415113], "Sigma": [[1.6231616460564993, -0.02383667775707845, 0.019100847450266908], [-0.02383667775707845, 0.009375628575262413, -0.004403709214789733], [0.019100847450266904, -0.004403709214789733, 0.006683264872404408]], "chi2_level": 0.997, "chi2_df": 3, "chi2_threshold": 13.931422665512084, "N_raw": 14, "N_roi": 14, "N_inlier": 14, "refit": true}
{"timestamp": "16:46:57.037023", "frame": 14, "mu": [-0.3888511757527368, 0.4775575197010631, 0.7566361206117903], "Sigma": [[4.313882516562445, 0.07630653030374222, 0.03373124565869328], [0.07630653030374222, 0.018001149301123474, 0.0007344232290871412], [0.03373124565869328, 0.0007344232290871413, 0.0036156917851999874]], "chi2_level": 0.997, "chi2_df": 3, "chi2_threshold": 13.931422665512084, "N_raw": 29, "N_roi": 29, "N_inlier": 29, "refit": true}
{"timestamp": "16:46:57.091814", "frame": 15, "mu": [-0.6930869935135675, 0.4697519659489487, 0.9051480387111291], "Sigma": [[3.5786609964969402, 0.05063444648015464, 0.04370609409859664], [0.05063444648015464, 0.007901380444580448, 0.0024487291909907113], [0.04370609409859664, 0.0024487291909907113, 0.011056357301072768]], "chi2_level": 0.997, "chi2_df": 3, "chi2_threshold": 13.931422665512084, "N_raw": 31, "N_roi": 31, "N_inlier": 31, "refit": true}
{"timestamp": "16:46:57.146924", "frame": 16, "mu": [-0.5221704852893676, 0.4236406219521392, 0.9197771239478812], "Sigma": [[3.624402653397856, 0.02229974819888221, 0.13620873440094222], [0.02229974819888221, 0.003959898018769941, 0.00030051873688786545], [0.13620873440094222, 0.00030051873688786545, 0.01252046858826261]], "chi2_level": 0.997, "chi2_df": 3, "chi2_threshold": 13.931422665512084, "N_raw": 38, "N_roi": 38, "N_inlier": 38, "refit": true}
{"timestamp": "16:46:57.259676", "frame": 18, "mu": [-0.8974278522036804, 0.4687703324910944, 0.9784533343960494], "Sigma": [[2.9176289370292015, -0.008483757714763672, 0.09247454885655342], [-0.008483757714763679, 0.006001686954078023, -0.002595192458657125], [0.09247454885655342, -0.0025951924586571245, 0.007258294806597234]], "chi2_level": 0.997, "chi2_df": 3, "chi2_threshold": 13.931422665512084, "N_raw": 46, "N_roi": 46, "N_inlier": 46, "refit": true}
{"timestamp": "16:46:57.313565", "frame": 19, "mu": [-1.4939225161813845, 0.5282366508683204, 1.0561669428174594], "Sigma": [[1.3367812189239878, -0.0332808293137686, 0.0444522331950427], [-0.03328082931376859, 0.00754012832064731, -0.006472529724069896], [0.0444522331950427, -0.0064725297240698955, 0.007921394068379975]], "chi2_level": 0.997, "chi2_df": 3, "chi2_threshold": 13.931422665512084, "N_raw": 41, "N_roi": 41, "N_inlier": 41, "refit": true}
{"timestamp": "16:46:57.373888", "frame": 20, "mu": [-1.4350233094236697, 0.5665084066421868, 1.0459992630448791], "Sigma": [[1.5655442620272193, -0.0387905854822248, 0.03280299466830942], [-0.03879058548222479, 0.012427084268685065, -0.0032919007629986143], [0.03280299466830942, -0.0032919007629986135, 0.014483018380061849]], "chi2_level": 0.997, "chi2_df": 3, "chi2_threshold": 13.931422665512084, "N_raw": 61, "N_roi": 61, "N_inlier": 61, "refit": true}
{"timestamp": "16:46:57.429676", "frame": 21, "mu": [-1.7823748800113088, 0.620260418493483, 1.123292669462149], "Sigma": [[0.251454698375232, -0.004181724705268435, 0.009769221787807269], [-0.004181724705268435, 0.0112754549179184, -0.0007710666411399833], [0.009769221787807269, -0.0007710666411399833, 0.02619725564408848]], "chi2_level": 0.997, "chi2_df": 3, "chi2_threshold": 13.931422665512084, "N_raw": 66, "N_roi": 66, "N_inlier": 62, "refit": true}
{"timestamp": "16:46:57.483720", "frame": 22, "mu": [-1.8081976676021958, 0.8130416491160257, -0.6628822523380519], "Sigma": [[0.008312508968825117, 0.00841439940209869, 0.0065057086746342285], [0.00841439940209869, 0.01257135468178245, -0.00016056987440918932], [0.0065057086746342285, -0.00016056987440918932, 0.03563482486545243]], "chi2_level": 0.997, "chi2_df": 3, "chi2_threshold": 13.931422665512084, "N_raw": 63, "N_roi": 63, "N_inlier": 62, "refit": true}
{"timestamp": "16:46:57.544037", "frame": 23, "mu": [-1.4115123215198873, 0.5930483062224867, 1.081971152071116], "Sigma": [[1.319280938468882, -0.04198398908667376, -0.011969282074514101], [-0.041983989086673765, 0.013437949856895918, 0.0028099170890762176], [-0.011969282074514098, 0.0028099170890762176, 0.03649291633959903]], "chi2_level": 0.997, "chi2_df": 3, "chi2_threshold": 13.931422665512084, "N_raw": 94, "N_roi": 94, "N_inlier": 94, "refit": true}
{"timestamp": "16:46:57.600373", "frame": 24, "mu": [-1.4552981669980822, 0.6273122296720157, 1.1312770439091853], "Sigma": [[1.051820310504832, -0.03491204456216429, -0.04171974571355143], [-0.03491204456216429, 0.014300149781745425, 0.003978481431207668], [-0.041719745713551436, 0.003978481431207669, 0.040083203299468656]], "chi2_level": 0.997, "chi2_df": 3, "chi2_threshold": 13.931422665512084, "N_raw": 99, "N_roi": 99, "N_inlier": 99, "refit": true}
{"timestamp": "16:46:57.650528", "frame": 25, "mu": [-1.7339369984938862, 0.7728776040426878, -0.8105191641838638], "Sigma": [[0.010526629086625832, 0.00904987783855558, 0.012455549997737004], [0.00904987783855558, 0.030101870784752918, 0.007921432973789782], [0.012455549997737006, 0.007921432973789782, 0.022954994711770704]], "chi2_level": 0.997, "chi2_df": 3, "chi2_threshold": 13.931422665512084, "N_raw": 66, "N_roi": 66, "N_inlier": 64, "refit": true}
{"timestamp": "16:46:57.703182", "frame": 26, "mu": [-1.7153837909171203, 0.8657037421596089, -0.818892823134936], "Sigma": [[0.010761803667495217, 0.006676594589374695, 0.0038765246387230065], [0.006676594589374696, 0.0250936991046911, 0.0024543937617174574], [0.0038765246387230065, 0.002454393761717457, 0.015079626920216445]], "chi2_level": 0.997, "chi2_df": 3, "chi2_threshold": 13.931422665512084, "N_raw": 52, "N_roi": 52, "N_inlier": 50, "refit": true}
{"timestamp": "16:46:57.760023", "frame": 27, "mu": [-1.570205612291389, 0.8154276860240791, -0.5578925084189038], "Sigma": [[0.007200795308764925, 0.003400338465678704, 0.004356975363483019], [0.003400338465678704, 0.014855009335156906, -0.011471373294682521], [0.004356975363483019, -0.01147137329468252, 0.020253144178121043]], "chi2_level": 0.997, "chi2_df": 3, "chi2_threshold": 13.931422665512084, "N_raw": 70, "N_roi": 70, "N_inlier": 70, "refit": true}
{"timestamp": "16:46:57.814303", "frame": 28, "mu": [-1.5201272710040588, 0.7088964662624936, 1.3398213125228544], "Sigma": [[0.007859160861816601, 0.0035453336460524476, 0.00693879476911419], [0.003545333646052447, 0.007639412352004175, -0.004512966681457601], [0.006938794769114191, -0.004512966681457601, 0.03993518131814051]], "chi2_level": 0.997, "chi2_df": 3, "chi2_threshold": 13.931422665512084, "N_raw": 67, "N_roi": 67, "N_inlier": 66, "refit": true}
{"timestamp": "16:46:57.871696", "frame": 29, "mu": [-1.5296547581166633, 0.6505220609482124, 1.1824588210105997], "Sigma": [[0.011616053416557082, 0.004791322402829779, 0.007118174474311319], [0.00479132240282978, 0.012957062098369214, -0.004048779763772982], [0.007118174474311319, -0.004048779763772982, 0.021201157822379565]], "chi2_level": 0.997, "chi2_df": 3, "chi2_threshold": 13.931422665512084, "N_raw": 85, "N_roi": 85, "N_inlier": 84, "refit": true}
{"timestamp": "16:46:57.929523", "frame": 30, "mu": [-1.474332171492543, 0.7683377929553346, -0.16863220240220753], "Sigma": [[0.01354641771189306, 0.0016745355930867626, 0.030249529560869824], [0.0016745355930867629, 0.008174874341033329, 0.00012293627596897784], [0.030249529560869827, 0.00012293627596897828, 0.5491523046808492]], "chi2_level": 0.997, "chi2_df": 3, "chi2_threshold": 13.931422665512084, "N_raw": 94, "N_roi": 94, "N_inlier": 94, "refit": true}
{"timestamp": "16:46:57.984694", "frame": 31, "mu": [-1.4500016017273112, 0.6976001723645168, 1.2182867430354076], "Sigma": [[0.012321914544505843, -0.003738642903892936, 0.005177379743525142], [-0.003738642903892936, 0.021865222663211954, -0.01309758095408156], [0.005177379743525142, -0.013097580954081558, 0.012631557182380864]], "chi2_level": 0.997, "chi2_df": 3, "chi2_threshold": 13.931422665512084, "N_raw": 93, "N_roi": 93, "N_inlier": 93, "refit": true}
{"timestamp": "16:46:58.043545", "frame": 32, "mu": [-1.3999388635894565, 0.7116757065770586, 0.13624438013583862], "Sigma": [[0.019068037531223436, -0.005029120054510306, 0.02838036900412648], [-0.005029120054510306, 0.024158715445434097, 0.08437199462905964], [0.028380369004126486, 0.08437199462905964, 0.7950904292813051]], "chi2_level": 0.997, "chi2_df": 3, "chi2_threshold": 13.931422665512084, "N_raw": 122, "N_roi": 122, "N_inlier": 121, "refit": true}
{"timestamp": "16:46:58.091744", "frame": 33, "mu": [-1.2491944148567768, 0.6338290028975415, 1.446402422243442], "Sigma": [[0.009170439026814923, 0.006575399731770688, 0.00047873178297132876], [0.006575399731770688, 0.012287597912118144, -0.001085315094232816], [0.0004787317829713289, -0.0010853150942328157, 0.014292335787069604]], "chi2_level": 0.997, "chi2_df": 3, "chi2_threshold": 13.931422665512084, "N_raw": 74, "N_roi": 74, "N_inlier": 70, "refit": true}
{"timestamp": "16:46:58.147900", "frame": 34, "mu": [-1.2039194072897001, 0.623288841624013, 1.473178798378311], "Sigma": [[0.01008275508101668, 0.0045783390714158705, -0.00022317114601099028], [0.0045783390714158705, 0.0052557871479081775, -0.003918964407429219], [-0.0002231711460109904, -0.003918964407429219, 0.005874411994699733]], "chi2_level": 0.997, "chi2_df": 3, "chi2_threshold": 13.931422665512084, "N_raw": 73, "N_roi": 73, "N_inlier": 69, "refit": true}
{"timestamp": "16:46:58.202995", "frame": 35, "mu": [-1.153849232702195, 0.6744443856537259, 1.4265211322803961], "Sigma": [[0.011059960076546868, 0.006254595666552341, -0.0039105287757094185], [0.006254595666552341, 0.009510739970824427, -0.009679672746935347], [-0.0039105287757094185, -0.009679672746935345, 0.025961085227742854]], "chi2_level": 0.997, "chi2_df": 3, "chi2_threshold": 13.931422665512084, "N_raw": 89, "N_roi": 89, "N_inlier": 86, "refit": true}
{"timestamp": "16:46:58.257103", "frame": 36, "mu": [-1.0978935195031179, 0.535388986431574, 1.333426353659699], "Sigma": [[0.015523071023230552, 0.01281563194312815, -0.008217671952737891], [0.01281563194312815, 0.022897830379940115, -0.009139183544807184], [-0.008217671952737891, -0.009139183544807184, 0.03093992378132928]], "chi2_level": 0.997, "chi2_df": 3, "chi2_threshold": 13.931422665512084, "N_raw": 76, "N_roi": 76, "N_inlier": 69, "refit": true}
{"timestamp": "16:46:58.315710", "frame": 37, "mu": [-1.0469061815742875, 0.6726559591905092, 1.4213935775072384], "Sigma": [[0.021469313193961954, 0.005247845766846691, -0.01814097998777489], [0.005247845766846691, 0.00892643032597793, -0.007203604016240521], [-0.01814097998777489, -0.007203604016240521, 0.024965683726730657]], "chi2_level": 0.997, "chi2_df": 3, "chi2_threshold": 13.931422665512084, "N_raw": 97, "N_roi": 97, "N_inlier": 92, "refit": true}
{"timestamp": "16:46:58.364912", "frame": 38, "mu": [-1.0308015967947903, 0.7347344077374218, 1.3070809508652843], "Sigma": [[0.04239539344849272, 0.01127576686446671, -0.06655427130893579], [0.01127576686446671, 0.009433955006409226, -0.032042768315936554], [-0.06655427130893579, -0.032042768315936554, 0.18795617346042526]], "chi2_level": 0.997, "chi2_df": 3, "chi2_threshold": 13.931422665512084, "N_raw": 52, "N_roi": 52, "N_inlier": 51, "refit": true}
{"timestamp": "16:46:58.426147", "frame": 39, "mu": [-0.9779197869717816, 0.8499515527141334, -0.19325172138839752], "Sigma": [[0.014944989629803956, 0.005750190314595161, -0.0014750787517787526], [0.005750190314595161, 0.008091407103529813, -0.0038151579357527904], [-0.0014750787517787526, -0.0038151579357527904, 0.002307405605133738]], "chi2_level": 0.997, "chi2_df": 3, "chi2_threshold": 13.931422665512084, "N_raw": 108, "N_roi": 108, "N_inlier": 103, "refit": true}
{"timestamp": "16:46:58.478684", "frame": 40, "mu": [-0.9364855038575288, 0.7876856640922643, 1.6320651847844763], "Sigma": [[0.011745110969281646, 0.005076224990947027, -0.0057641785740153995], [0.005076224990947027, 0.005775918628383041, -0.005699564274202472], [-0.0057641785740153995, -0.005699564274202472, 0.007279480558442163]], "chi2_level": 0.997, "chi2_df": 3, "chi2_threshold": 13.931422665512084, "N_raw": 88, "N_roi": 88, "N_inlier": 83, "refit": true}
{"timestamp": "16:46:58.530630", "frame": 41, "mu": [-0.8034575391068893, 0.874639867895233, 1.476177195392153], "Sigma": [[0.012349779213164441, 0.0026934262411873197, -0.007165504386175459], [0.0026934262411873197, 0.004903486371501261, -0.0018493686579180758], [-0.007165504386175458, -0.0018493686579180756, 0.02542048163340389]], "chi2_level": 0.997, "chi2_df": 3, "chi2_threshold": 13.931422665512084, "N_raw": 64, "N_roi": 63, "N_inlier": 59, "refit": true}
{"timestamp": "16:46:58.588199", "frame": 42, "mu": [-0.7567135604370522, 0.9164492772917027, 1.5361540661087107], "Sigma": [[0.01306303471112834, 0.0030107579859785906, 0.0009611993446380078], [0.00301075798597859, 0.0071030099807519054, -0.004499489430928582], [0.0009611993446380078, -0.004499489430928582, 0.0044437981587888776]], "chi2_level": 0.997, "chi2_df": 3, "chi2_threshold": 13.931422665512084, "N_raw": 89, "N_roi": 87, "N_inlier": 83, "refit": true}
{"timestamp": "16:46:58.642694", "frame": 43, "mu": [-0.6898945301773998, 0.9551841477145662, -0.05642009823442432], "Sigma": [[0.005011291894199364, -0.0020629224447161233, 0.017424243050711018], [-0.0020629224447161233, 0.008824397341039293, 0.0022898677693728446], [0.017424243050711018, 0.002289867769372846, 0.38934573756540664]], "chi2_level": 0.997, "chi2_df": 3, "chi2_threshold": 13.931422665512084, "N_raw": 83, "N_roi": 83, "N_inlier": 82, "refit": true}
{"timestamp": "16:46:58.691989", "frame": 44, "mu": [-0.5616452484275981, 0.9724162936685783, -0.4146820969669559], "Sigma": [[0.005641714407145858, 0.007449067922694187, -0.010127537439160858], [0.007449067922694188, 0.024294250928366328, -0.021518908570803533], [-0.010127537439160858, -0.021518908570803533, 0.05515331399242902]], "chi2_level": 0.997, "chi2_df": 3, "chi2_threshold": 13.931422665512084, "N_raw": 38, "N_roi": 38, "N_inlier": 38, "refit": true}
{"timestamp": "16:46:58.750320", "frame": 45, "mu": [-0.5951875342610892, 0.9283088913723195, 1.4390938169264924], "Sigma": [[0.004375429902275614, 0.0019189463303664112, -0.002902366616413597], [0.0019189463303664112, 0.0034035116606439117, -0.005569315301918808], [-0.002902366616413597, -0.005569315301918808, 0.02095651843388553]], "chi2_level": 0.997, "chi2_df": 3, "chi2_threshold": 13.931422665512084, "N_raw": 66, "N_roi": 65, "N_inlier": 62, "refit": true}
{"timestamp": "16:46:58.805731", "frame": 46, "mu": [-0.36251163033375694, 1.1423086939838802, -0.6118500847768349], "Sigma": [[0.028169836649213964, 0.03242968665358004, -0.03856117368165626], [0.03242968665358003, 0.045515009982917985, -0.05256057671495195], [-0.03856117368165626, -0.05256057671495194, 0.08700197456801315]], "chi2_level": 0.997, "chi2_df": 3, "chi2_threshold": 13.931422665512084, "N_raw": 65, "N_roi": 65, "N_inlier": 62, "refit": true}
{"timestamp": "16:46:58.862371", "frame": 47, "mu": [-0.4002562534319961, 1.0721004972320918, -0.3597889284301523], "Sigma": [[0.023522876359977116, 0.022361331639976334, -0.0345958955270728], [0.022361331639976334, 0.03126871266610933, -0.04751732048424359], [-0.0345958955270728, -0.04751732048424359, 0.09288198404940137]], "chi2_level": 0.997, "chi2_df": 3, "chi2_threshold": 13.931422665512084, "N_raw": 77, "N_roi": 77, "N_inlier": 72, "refit": true}
{"timestamp": "16:46:58.918446", "frame": 48, "mu": [-0.4255054412813078, 0.8917562426829335, 1.3459262188665788], "Sigma": [[0.003920871924948076, 0.0004967426124877418, -0.008036912690551406], [0.0004967426124877419, 0.0035814530721496414, -0.009535381091012166], [-0.008036912690551408, -0.009535381091012166, 0.058899544789218765]], "chi2_level": 0.997, "chi2_df": 3, "chi2_threshold": 13.931422665512084, "N_raw": 84, "N_roi": 84, "N_inlier": 76, "refit": true}
{"timestamp": "16:46:58.970264", "frame": 49, "mu": [-0.26345631794273555, 0.9132490700573518, 1.449742356093004], "Sigma": [[0.0034603004574870998, 0.002115913988480567, -0.005098539423699304], [0.002115913988480567, 0.00501524176008868, -0.006882567903057815], [-0.005098539423699304, -0.0068825679030578134, 0.016656779857631386]], "chi2_level": 0.997, "chi2_df": 3, "chi2_threshold": 13.931422665512084, "N_raw": 55, "N_roi": 55, "N_inlier": 51, "refit": true}
{"timestamp": "16:46:59.033623", "frame": 50, "mu": [-0.1959799047065585, 0.979077123305298, 1.2706766255381932], "Sigma": [[0.021734540909002946, 0.015318762223470313, -0.03554504332589796], [0.015318762223470313, 0.01620591510306745, -0.032329040529998895], [-0.03554504332589797, -0.032329040529998895, 0.07602519880509992]], "chi2_level": 0.997, "chi2_df": 3, "chi2_threshold": 13.931422665512084, "N_raw": 122, "N_roi": 122, "N_inlier": 118, "refit": true}
{"timestamp": "16:46:59.089134", "frame": 51, "mu": [-0.18622390714486053, 0.9378756145420121, 1.3435601957344654], "Sigma": [[0.008446264700532918, 0.008226255865798981, -0.018944925860262897], [0.008226255865798981, 0.01268098651937017, -0.023203807675275745], [-0.018944925860262897, -0.023203807675275745, 0.06687529760085154]], "chi2_level": 0.997, "chi2_df": 3, "chi2_threshold": 13.931422665512084, "N_raw": 118, "N_roi": 118, "N_inlier": 114, "refit": true}
{"timestamp": "16:46:59.138152", "frame": 52, "mu": [-0.18353900850314972, 0.8811409159234718, 1.4347787267817802], "Sigma": [[0.0029670821172641092, 0.001148012663581703, 0.0013758209539948814], [0.001148012663581703, 0.002157639510313008, -0.0015787060045208295], [0.0013758209539948816, -0.0015787060045208295, 0.010443996007097623]], "chi2_level": 0.997, "chi2_df": 3, "chi2_threshold": 13.931422665512084, "N_raw": 82, "N_roi": 82, "N_inlier": 80, "refit": true}
{"timestamp": "16:46:59.192387", "frame": 53, "mu": [-0.1612060720809863, 0.8973574542188415, -0.293030205197416], "Sigma": [[0.0024811245543113294, 0.0005879118553370034, 0.02054099326121596], [0.0005879118553370033, 0.004813814013679856, 0.0016246618607053368], [0.02054099326121596, 0.0016246618607053372, 0.3971867681331454]], "chi2_level": 0.997, "chi2_df": 3, "chi2_threshold": 13.931422665512084, "N_raw": 77, "N_roi": 77, "N_inlier": 75, "refit": true}
{"timestamp": "16:46:59.245700", "frame": 54, "mu": [-0.11346688919636659, 0.8181593621305937, 1.3773754691042241], "Sigma": [[0.002284332890504669, -0.0012936132476075411, 5.826998494364786e-05], [-0.0012936132476075411, 0.0060324371321000434, -0.0017692496210149349], [5.826998494364789e-05, -0.0017692496210149349, 0.0007878573390192174]], "chi2_level": 0.997, "chi2_df": 3, "chi2_threshold": 13.931422665512084, "N_raw": 68, "N_roi": 68, "N_inlier": 67, "refit": true}
{"timestamp": "16:46:59.298296", "frame": 55, "mu": [-0.0025832014319234313, 0.9257581199569086, 1.4985323674000497], "Sigma": [[0.0021801414295062257, 0.0017663528476271886, 0.0014550538883157812], [0.0017663528476271886, 0.0028610904620616673, -1.3626304144401919e-06], [0.0014550538883157807, -1.3626304144403003e-06, 0.01982181219646869]], "chi2_level": 0.997, "chi2_df": 3, "chi2_threshold": 13.931422665512084, "N_raw": 52, "N_roi": 52, "N_inlier": 50, "refit": true}
{"timestamp": "16:46:59.355175", "frame": 56, "mu": [0.0418719516487791, 0.9421559831411692, -0.43770684726120035], "Sigma": [[0.0020689644827100997, 0.00302339153033806, 0.0053580406200882755], [0.00302339153033806, 0.00796263745325746, 0.009592510533857401], [0.0053580406200882755, 0.009592510533857401, 0.030992154550122605]], "chi2_level": 0.997, "chi2_df": 3, "chi2_threshold": 13.931422665512084, "N_raw": 63, "N_roi": 63, "N_inlier": 60, "refit": true}
{"timestamp": "16:46:59.407709", "frame": 57, "mu": [0.09395323034113516, 0.8212391327402305, 1.4273384967226364], "Sigma": [[0.0015248847727769093, -0.0011278967492666598, -0.0017562736369227216], [-0.0011278967492666598, 0.0020212368470064173, 0.001756446661311016], [-0.0017562736369227218, 0.0017564466613110164, 0.009316797666368825]], "chi2_level": 0.997, "chi2_df": 3, "chi2_threshold": 13.931422665512084, "N_raw": 45, "N_roi": 45, "N_inlier": 41, "refit": true}
{"timestamp": "16:46:59.461331", "frame": 58, "mu": [0.17052545094732482, 0.854064376009246, 1.4546527790632768], "Sigma": [[0.0013800943350244016, -0.000997822288503105, -0.001883019940796868], [-0.000997822288503105, 0.002952776160479395, -0.0005031598000420939], [-0.001883019940796868, -0.000503159800042094, 0.0057200361590503184]], "chi2_level": 0.997, "chi2_df": 3, "chi2_threshold": 13.931422665512084, "N_raw": 44, "N_roi": 44, "N_inlier": 38, "refit": true}
{"timestamp": "16:46:59.602101", "frame": 59, "mu": [0.20030925259182794, 0.9998924439706726, -0.43213782408127815], "Sigma": [[0.003636450178194411, -0.00283579264365607, 0.008431930997184915], [-0.0028357926436560696, 0.005403507015162747, -0.014147971170561317], [0.008431930997184915, -0.014147971170561317, 0.0799488558571328]], "chi2_level": 0.997, "chi2_df": 3, "chi2_threshold": 13.931422665512084, "N_raw": 49, "N_roi": 49, "N_inlier": 47, "refit": true}
{"timestamp": "16:46:59.614019", "frame": 60, "mu": [0.2552150783404511, 0.8826449027834092, 1.2280165374603793], "Sigma": [[0.004659058538004237, 0.0006827570882996557, 0.011378318407638689], [0.0006827570882996557, 0.008612422478233111, 0.005836791516768256], [0.011378318407638689, 0.005836791516768255, 0.054636857934168365]], "chi2_level": 0.997, "chi2_df": 3, "chi2_threshold": 13.931422665512084, "N_raw": 101, "N_roi": 101, "N_inlier": 95, "refit": true}
{"timestamp": "16:46:59.644512", "frame": 61, "mu": [0.279632025130938, 0.861825424027075, 1.1837844086401998], "Sigma": [[0.005963989610827493, -0.006323681349531417, 0.01673011096837894], [-0.006323681349531417, 0.017843816101905705, -0.013832399659491103], [0.01673011096837894, -0.013832399659491101, 0.10492114082720966]], "chi2_level": 0.997, "chi2_df": 3, "chi2_threshold": 13.931422665512084, "N_raw": 39, "N_roi": 39, "N_inlier": 38, "refit": true}
{"timestamp": "16:46:59.687057", "frame": 62, "mu": [0.3400141574611975, 0.8884890311398833, 1.2801678179601395], "Sigma": [[0.0029574500834211345, -0.0006008509482852866, 0.005479800233615408], [-0.0006008509482852866, 0.0028224695702900927, 0.0020195199921120917], [0.005479800233615408, 0.0020195199921120917, 0.08067619907538376]], "chi2_level": 0.997, "chi2_df": 3, "chi2_threshold": 13.931422665512084, "N_raw": 83, "N_roi": 83, "N_inlier": 79, "refit": true}
{"timestamp": "16:46:59.739731", "frame": 63, "mu": [0.40387759264313794, 0.8577553323720573, 1.2924091581165187], "Sigma": [[0.002045625810045161, -0.00047439434378609334, 2.6815162840330514e-05], [-0.0004743943437860934, 0.008371708640116588, 4.395431149473073e-05], [2.6815162840330446e-05, 4.3954311494730596e-05, 0.005321823760799641]], "chi2_level": 0.997, "chi2_df": 3, "chi2_threshold": 13.931422665512084, "N_raw": 57, "N_roi": 57, "N_inlier": 55, "refit": true}
{"timestamp": "16:46:59.795998", "frame": 64, "mu": [0.4522609800132305, 0.9090741683814912, 1.2238985167398533], "Sigma": [[0.0027573217679607246, 0.0012399957592018705, 0.0063905862094136255], [0.0012399957592018705, 0.006796910201238404, 0.010374638822591547], [0.006390586209413626, 0.010374638822591547, 0.06576745166258474]], "chi2_level": 0.997, "chi2_df": 3, "chi2_threshold": 13.931422665512084, "N_raw": 70, "N_roi": 70, "N_inlier": 67, "refit": true}
{"timestamp": "16:46:59.848248", "frame": 65, "mu": [0.5024263424864723, 0.9865594929910958, 1.4746141660857106], "Sigma": [[0.002965610976080576, 6.164358682138535e-05, -0.002405131592714475], [6.164358682138541e-05, 0.002931717696834562, -0.0007862250943346728], [-0.002405131592714475, -0.0007862250943346729, 0.009269434956592717]], "chi2_level": 0.997, "chi2_df": 3, "chi2_threshold": 13.931422665512084, "N_raw": 55, "N_roi": 55, "N_inlier": 52, "refit": true}
{"timestamp": "16:46:59.906600", "frame": 66, "mu": [0.5484499810008279, 0.9366440578167536, 1.29562589796533], "Sigma": [[0.00275063215886357, 0.000638739215962034, -0.0009053286891415095], [0.000638739215962034, 0.004767828377336226, 0.011512291839200408], [-0.0009053286891415096, 0.01151229183920041, 0.08439601843904851]], "chi2_level": 0.997, "chi2_df": 3, "chi2_threshold": 13.931422665512084, "N_raw": 75, "N_roi": 75, "N_inlier": 72, "refit": true}
{"timestamp": "16:46:59.957178", "frame": 67, "mu": [0.5914078466621707, 0.9115282638238281, 1.4600199907125133], "Sigma": [[0.002885993366638732, -0.00022522199081749056, -0.003234034896094733], [-0.00022522199081749056, 0.0013537531658420426, -0.0007816754279789632], [-0.003234034896094733, -0.0007816754279789632, 0.024089327688541134]], "chi2_level": 0.997, "chi2_df": 3, "chi2_threshold": 13.931422665512084, "N_raw": 39, "N_roi": 39, "N_inlier": 37, "refit": true}
{"timestamp": "16:47:00.007458", "frame": 68, "mu": [0.6753970243858621, 0.8061712057517749, 0.9589206809849449], "Sigma": [[0.008441173926809688, 0.0026123811228610113, -0.02537469555340259], [0.002612381122861011, 0.007116074337382978, -0.0029481127374430885], [-0.02537469555340259, -0.0029481127374430885, 0.23070995360990817]], "chi2_level": 0.997, "chi2_df": 3, "chi2_threshold": 13.931422665512084, "N_raw": 10, "N_roi": 10, "N_inlier": 10, "refit": true}
{"timestamp": "16:47:00.062975", "frame": 69, "mu": [0.7026032253200701, 0.8265410166323931, 1.2877434127726535], "Sigma": [[0.00215835856291107, 0.0035233347295535273, -0.0004357112880846746], [0.0035233347295535273, 0.0067681203784487375, 0.0009481636363145884], [-0.0004357112880846746, 0.0009481636363145884, 0.03045874448619735]], "chi2_level": 0.997, "chi2_df": 3, "chi2_threshold": 13.931422665512084, "N_raw": 13, "N_roi": 13, "N_inlier": 10, "refit": true}
{"timestamp": "16:47:00.119496", "frame": 70, "mu": [0.8180789015914434, 0.7876208858279772, 1.3123133658915056], "Sigma": [[0.004496815698755679, -0.0005225113374453378, -0.0027571437576736054], [-0.0005225113374453378, 0.0030149076293690593, 0.00033463838883594007], [-0.0027571437576736054, 0.00033463838883594007, 0.0021299103204841996]], "chi2_level": 0.997, "chi2_df": 3, "chi2_threshold": 13.931422665512084, "N_raw": 30, "N_roi": 30, "N_inlier": 29, "refit": true}
{"timestamp": "16:47:00.179177", "frame": 71, "mu": [0.7986693151895884, 0.8608855116215605, 1.173262015453504], "Sigma": [[0.005181805466105901, -0.0032407794532754762, 0.011081345583483856], [-0.0032407794532754762, 0.015598601807815471, -0.037804733871785845], [0.011081345583483854, -0.037804733871785845, 0.12231722954701743]], "chi2_level": 0.997, "chi2_df": 3, "chi2_threshold": 13.931422665512084, "N_raw": 60, "N_roi": 60, "N_inlier": 60, "refit": true}
{"timestamp": "16:47:00.227964", "frame": 72, "mu": [0.8838895767314615, 1.1583421376976462, -0.851856033642112], "Sigma": [[0.005402668203559459, 0.002749520046227032, -0.018193002595551705], [0.002749520046227031, 0.038857815203818924, -0.07885684662789375], [-0.0181930025955517, -0.07885684662789375, 0.2113662339938707]], "chi2_level": 0.997, "chi2_df": 3, "chi2_threshold": 13.931422665512084, "N_raw": 15, "N_roi": 15, "N_inlier": 14, "refit": true}
{"timestamp": "16:47:00.286037", "frame": 73, "mu": [0.9029404878673464, 1.0151223349994192, -0.38147179032269485], "Sigma": [[0.003421349912874215, 0.0014412942228083233, -0.0044043531365282685], [0.001441294222808323, 0.010514255447097763, -0.01588171267500626], [-0.0044043531365282685, -0.01588171267500626, 0.03454926590649727]], "chi2_level": 0.997, "chi2_df": 3, "chi2_threshold": 13.931422665512084, "N_raw": 35, "N_roi": 35, "N_inlier": 32, "refit": true}
{"timestamp": "16:47:00.341104", "frame": 74, "mu": [0.9457049426364557, 0.8894748742175983, 1.3066185890229136], "Sigma": [[0.004546008995571764, 0.002362449466700763, -0.008426269200643], [0.002362449466700763, 0.008076292419567985, -0.021437486780366007], [-0.008426269200643002, -0.021437486780366007, 0.07654421029961664]], "chi2_level": 0.997, "chi2_df": 3, "chi2_threshold": 13.931422665512084, "N_raw": 40, "N_roi": 40, "N_inlier": 40, "refit": true}
{"timestamp": "16:47:00.393079", "frame": 75, "mu": [0.9808523476925717, 0.9124878319558802, 1.4261065553646943], "Sigma": [[0.0025132332474746425, 0.0007197208937208704, -0.000744563672322003], [0.0007197208937208704, 0.0020197492581867215, -0.001027336183288403], [-0.000744563672322003, -0.001027336183288403, 0.0005872724985289345]], "chi2_level": 0.997, "chi2_df": 3, "chi2_threshold": 13.931422665512084, "N_raw": 21, "N_roi": 21, "N_inlier": 21, "refit": true}
{"timestamp": "16:47:00.448751", "frame": 76, "mu": [1.0405608628630032, 0.9013839618814778, 1.4208255943960861], "Sigma": [[0.002744135893469151, -0.0003686355700197651, -0.00030923591751838325], [-0.00036863557001976514, 0.0020409232819654376, -0.000839536155559128], [-0.0003092359175183833, -0.000839536155559128, 0.00042595505860252756]], "chi2_level": 0.997, "chi2_df": 3, "chi2_threshold": 13.931422665512084, "N_raw": 23, "N_roi": 23, "N_inlier": 22, "refit": true}
{"timestamp": "16:47:00.508404", "frame": 77, "mu": [1.1041844834152839, 0.9756220488394866, 1.5332414242617047], "Sigma": [[0.0060914686051381515, -0.0011389893830739805, -0.0012209304545144175], [-0.001138989383073981, 0.0055206340991256824, -0.001112568562148513], [-0.0012209304545144175, -0.001112568562148513, 0.0007401876364268044]], "chi2_level": 0.997, "chi2_df": 3, "chi2_threshold": 13.931422665512084, "N_raw": 50, "N_roi": 50, "N_inlier": 50, "refit": true}
{"timestamp": "16:47:00.557346", "frame": 78, "mu": [1.1299743413258752, 0.9251832835620996, 1.2370710261108264], "Sigma": [[0.0010986320583485408, 0.0002822444569000295, -0.0015785434576995043], [0.0002822444569000295, 0.005968928532344574, -0.005019036012010688], [-0.0015785434576995041, -0.005019036012010688, 0.01295187643846877]], "chi2_level": 0.997, "chi2_df": 3, "chi2_threshold": 13.931422665512084, "N_raw": 9, "N_roi": 9, "N_inlier": 9, "refit": true}
{"timestamp": "16:47:00.615781", "frame": 79, "mu": [1.2273489273134917, 0.9225715788722221, 1.420351493535353], "Sigma": [[0.006845677453248698, -0.004965638211091335, -0.0026220079403293526], [-0.004965638211091335, 0.006246090202406564, 0.0005009535857774237], [-0.0026220079403293526, 0.0005009535857774235, 0.007474253856674077]], "chi2_level": 0.997, "chi2_df": 3, "chi2_threshold": 13.931422665512084, "N_raw": 37, "N_roi": 37, "N_inlier": 35, "refit": true}
{"timestamp": "16:47:00.672650", "frame": 80, "mu": [1.2726585373597523, 0.9460195271961893, 1.3936543958999668], "Sigma": [[0.006915825881614704, -0.003756086117158563, 3.229119437970406e-05], [-0.003756086117158563, 0.007782594534600703, -0.005883809528921169], [3.229119437970395e-05, -0.005883809528921169, 0.014096244078261894]], "chi2_level": 0.997, "chi2_df": 3, "chi2_threshold": 13.931422665512084, "N_raw": 44, "N_roi": 44, "N_inlier": 41, "refit": true}
{"timestamp": "16:47:00.724520", "frame": 81, "mu": [1.3441447511123172, 0.9341108450903682, 1.3835140253626204], "Sigma": [[0.0026351211386478742, -0.0015247895810566498, -0.0001563383266343209], [-0.0015247895810566498, 0.003908979034347725, -0.0015855163402211374], [-0.0001563383266343211, -0.0015855163402211374, 0.012159886017637917]], "chi2_level": 0.997, "chi2_df": 3, "chi2_threshold": 13.931422665512084, "N_raw": 21, "N_roi": 21, "N_inlier": 20, "refit": true}
{"timestamp": "16:47:00.780082", "frame": 82, "mu": [1.4024489939826816, 0.9157451912077158, 1.3878596880335954], "Sigma": [[0.004465763841791753, -0.0004584044120410598, 0.003462536589716527], [-0.00045840441204105984, 0.005834012094809629, 0.006121683525822093], [0.0034625365897165273, 0.006121683525822093, 0.0432240540252939]], "chi2_level": 0.997, "chi2_df": 3, "chi2_threshold": 13.931422665512084, "N_raw": 30, "N_roi": 30, "N_inlier": 28, "refit": true}
{"timestamp": "16:47:00.833901", "frame": 83, "mu": [1.4555119665223477, 0.9480405318204574, 1.4232190378547382], "Sigma": [[0.0035207443116473977, -0.0006243524419871044, -0.0004907970314268154], [-0.0006243524419871044, 0.0035232999277542316, -0.0007100335897793075], [-0.0004907970314268154, -0.0007100335897793076, 0.009683379336522156]], "chi2_level": 0.997, "chi2_df": 3, "chi2_threshold": 13.931422665512084, "N_raw": 23, "N_roi": 23, "N_inlier": 21, "refit": true}
{"timestamp": "16:47:00.887453", "frame": 84, "mu": [1.3591929597443586, 1.1353999010285147, -0.4128732391870116], "Sigma": [[0.13280329454180925, 0.09074430395791096, -0.051452826379688926], [0.09074430395791096, 0.08858831674000854, -0.0887041610746226], [-0.05145282637968892, -0.08870416107462259, 0.14220867286438685]], "chi2_level": 0.997, "chi2_df": 3, "chi2_threshold": 13.931422665512084, "N_raw": 9, "N_roi": 9, "N_inlier": 9, "refit": true}
{"timestamp": "16:47:00.944370", "frame": 85, "mu": [1.544177688398866, 0.9268464802947928, 1.3928320921052064], "Sigma": [[0.0044089655518904855, -0.0021284751278334035, -0.001264602964250023], [-0.002128475127833403, 0.005356840238082044, -0.001635577589701898], [-0.001264602964250023, -0.001635577589701898, 0.0031630311986244946]], "chi2_level": 0.997, "chi2_df": 3, "chi2_threshold": 13.931422665512084, "N_raw": 28, "N_roi": 28, "N_inlier": 27, "refit": true}
{"timestamp": "16:47:01.217225", "frame": 90, "mu": [1.8024258967788986, 1.1951158169199534, -0.5086614362614439], "Sigma": [[0.0020357231983968186, -0.001318495231128897, 0.0025290985871465775], [-0.001318495231128897, 0.03249783277861711, -0.06880440142775952], [0.0025290985871465766, -0.06880440142775952, 0.15685905572183237]], "chi2_level": 0.997, "chi2_df": 3, "chi2_threshold": 13.931422665512084, "N_raw": 7, "N_roi": 7, "N_inlier": 7, "refit": true}
{"timestamp": "16:47:01.271960", "frame": 91, "mu": [1.810389469020659, 0.9914417393730174, 1.0620611190614464], "Sigma": [[0.0012756214695665317, -0.0030444815094114977, 0.005612329602361014], [-0.0030444815094114977, 0.012745371417358167, -0.027123260874330937], [0.005612329602361012, -0.027123260874330937, 0.09263144010495912]], "chi2_level": 0.997, "chi2_df": 3, "chi2_threshold": 13.931422665512084, "N_raw": 7, "N_roi": 7, "N_inlier": 7, "refit": true}
{"timestamp": "16:47:01.436814", "frame": 94, "mu": [1.9629126936885894, 1.1448540532354698, 0.9737467506603281], "Sigma": [[0.015489756281022655, -0.02858281124295811, 0.044218912845874814], [-0.02858281124295811, 0.09730095172365402, -0.13138031396472577], [0.044218912845874814, -0.13138031396472577, 0.19087295353138156]], "chi2_level": 0.997, "chi2_df": 3, "chi2_threshold": 13.931422665512084, "N_raw": 8, "N_roi": 8, "N_inlier": 8, "refit": true}
