{"timestamp": "17:11:02.515351", "frame": 1, "mu": [1.6997181314524097, 1.5812231007695141, 1.2242821633152556], "Sigma": [[0.008746554439935461, -0.007042020385720464, -0.00047699279458496713], [-0.007042020385720464, 0.01171417493030326, -0.0005676972184433872], [-0.00047699279458496713, -0.000567697218443387, 0.018554062337341574]], "chi2_level": 0.997, "chi2_df": 3, "chi2_threshold": 13.931422665512084, "N_raw": 42, "N_roi": 42, "N_inlier": 40, "refit": true}
{"timestamp": "17:11:02.574068", "frame": 2, "mu": [1.7140016102064721, 1.4254925838855568, 1.1423443408653504], "Sigma": [[0.01264636631229905, -0.014651388700187212, 0.006304103818652084], [-0.014651388700187212, 0.022064194743962262, -0.009586175835474865], [0.006304103818652083, -0.009586175835474865, 0.036019228640896614]], "chi2_level": 0.997, "chi2_df": 3, "chi2_threshold": 13.931422665512084, "N_raw": 53, "N_roi": 53, "N_inlier": 52, "refit": true}
{"timestamp": "17:11:02.635826", "frame": 3, "mu": [1.65161507885714, 1.3971092788514767, 1.1335405121425588], "Sigma": [[0.016481649085931346, -0.018994307779045726, -0.007597270721855673], [-0.018994307779045726, 0.03324190833863176, 0.0034591119546578783], [-0.007597270721855674, 0.0034591119546578783, 0.02470485123799361]], "chi2_level": 0.997, "chi2_df": 3, "chi2_threshold": 13.931422665512084, "N_raw": 100, "N_roi": 98, "N_inlier": 97, "refit": true}
{"timestamp": "17:11:02.681581", "frame": 4, "mu": [1.4787942140894197, 1.4848811637795392, 1.2104996002359847], "Sigma": [[0.0035732851526436397, -0.0029004355003596684, -0.006349622123672108], [-0.0029004355003596684, 0.003711636120047985, 0.003025845649317522], [-0.006349622123672108, 0.003025845649317522, 0.03314690221370901]], "chi2_level": 0.997, "chi2_df": 3, "chi2_threshold": 13.931422665512084, "N_raw": 31, "N_roi": 29, "N_inlier": 29, "refit": true}
{"timestamp": "17:11:02.742288", "frame": 5, "mu": [1.4706760559805705, 1.3966854441762915, 1.1179322653743462], "Sigma": [[0.006860900150536908, -0.00452233819641127, -0.0032635321189185425], [-0.004522338196411269, 0.006721140113762261, -0.004284572362344151], [-0.0032635321189185425, -0.004284572362344151, 0.033632918852890575]], "chi2_level": 0.997, "chi2_df": 3, "chi2_threshold": 13.931422665512084, "N_raw": 70, "N_roi": 70, "N_inlier": 70, "refit": true}
{"timestamp": "17:11:02.800642", "frame": 6, "mu": [1.4638702256705467, 1.3329188977054307, 1.2030482641651075], "Sigma": [[0.014390114767334261, -0.009601630121535205, 0.002724844457369699], [-0.009601630121535205, 0.01079570571460162, -0.002992601083190937], [0.002724844457369699, -0.0029926010831909378, 0.03927757006287173]], "chi2_level": 0.997, "chi2_df": 3, "chi2_threshold": 13.931422665512084, "N_raw": 87, "N_roi": 87, "N_inlier": 87, "refit": true}
{"timestamp": "17:11:02.853333", "frame": 7, "mu": [1.451544306615395, 1.28037610285699, 1.2978501070374566], "Sigma": [[0.0111949152656534, -0.008299758071170733, 0.0036006548268524537], [-0.008299758071170732, 0.007915791425261167, -0.005028744251112491], [0.003600654826852454, -0.005028744251112491, 0.035920935370604354]], "chi2_level": 0.997, "chi2_df": 3, "chi2_threshold": 13.931422665512084, "N_raw": 73, "N_roi": 73, "N_inlier": 72, "refit": true}
{"timestamp": "17:11:02.904158", "frame": 8, "mu": [1.3136486038450066, 1.3108429934642607, 1.1207687449843957], "Sigma": [[0.005874134719394581, -0.005324121654761051, -8.036724184759867e-05], [-0.005324121654761051, 0.007073070571732422, -0.004393681746160313], [-8.036724184759848e-05, -0.004393681746160313, 0.015844440250116887]], "chi2_level": 0.997, "chi2_df": 3, "chi2_threshold": 13.931422665512084, "N_raw": 53, "N_roi": 53, "N_inlier": 52, "refit": true}
{"timestamp": "17:11:02.962958", "frame": 9, "mu": [1.3176320217815676, 1.2384065562849762, 1.0097437706702763], "Sigma": [[0.0070866040346346205, -0.003589147012200364, -0.003352136747168528], [-0.003589147012200364, 0.004219500438706321, -0.00030081742478309964], [-0.0033521367471685275, -0.00030081742478309964, 0.03596375940582587]], "chi2_level": 0.997, "chi2_df": 3, "chi2_threshold": 13.931422665512084, "N_raw": 77, "N_roi": 77, "N_inlier": 75, "refit": true}
{"timestamp": "17:11:03.019314", "frame": 10, "mu": [1.2457537644062846, 1.2372631948119048, 1.1833795817007604], "Sigma": [[0.007646136926337557, -0.00531260617221941, -0.012709315023446365], [-0.00531260617221941, 0.005768625730392172, 0.005319891295646677], [-0.012709315023446367, 0.005319891295646677, 0.06232628487080343]], "chi2_level": 0.997, "chi2_df": 3, "chi2_threshold": 13.931422665512084, "N_raw": 84, "N_roi": 84, "N_inlier": 83, "refit": true}
{"timestamp": "17:11:03.074442", "frame": 11, "mu": [1.1918115718021405, 1.2191501899825639, 1.1710031308761972], "Sigma": [[0.008201667534264804, -0.0046729206980415565, 0.0004916098084899218], [-0.0046729206980415565, 0.005960481233713738, -0.009124725768046241], [0.0004916098084899218, -0.00912472576804624, 0.08226491639676856]], "chi2_level": 0.997, "chi2_df": 3, "chi2_threshold": 13.931422665512084, "N_raw": 83, "N_roi": 83, "N_inlier": 83, "refit": true}
{"timestamp": "17:11:03.127496", "frame": 12, "mu": [1.073844542104164, 1.2165892367007258, 1.1820216486682522], "Sigma": [[0.00598190825373372, -0.003810984019976719, 0.002022004220141403], [-0.003810984019976719, 0.0038588082037344378, -0.0062240384238101375], [0.0020220042201414034, -0.0062240384238101375, 0.08815471243473211]], "chi2_level": 0.997, "chi2_df": 3, "chi2_threshold": 13.931422665512084, "N_raw": 72, "N_roi": 72, "N_inlier": 72, "refit": true}
{"timestamp": "17:11:03.179503", "frame": 13, "mu": [1.067496206804351, 1.1285497790644547, 1.3691624601508214], "Sigma": [[0.006890272337273576, -0.004191933972375292, -0.007522617639532001], [-0.0041919339723752915, 0.0062336680850670935, 0.0058600631968886005], [-0.007522617639531999, 0.005860063196888601, 0.038748357659990906]], "chi2_level": 0.997, "chi2_df": 3, "chi2_threshold": 13.931422665512084, "N_raw": 49, "N_roi": 49, "N_inlier": 49, "refit": true}
{"timestamp": "17:11:03.232128", "frame": 14, "mu": [1.0142546652491293, 1.07282857242589, 1.2509275445096846], "Sigma": [[0.004275054316888831, -0.00474387034562, -0.0008144772992763533], [-0.00474387034562, 0.00898751021917833, -0.005851073789604148], [-0.0008144772992763533, -0.005851073789604148, 0.02432343980783959]], "chi2_level": 0.997, "chi2_df": 3, "chi2_threshold": 13.931422665512084, "N_raw": 36, "N_roi": 36, "N_inlier": 36, "refit": true}
{"timestamp": "17:11:03.289297", "frame": 15, "mu": [0.965722534128626, 1.0765198333651964, 1.2402489751271235], "Sigma": [[0.0036170156444267926, -0.0045694421469243745, 0.0002577790317999012], [-0.0045694421469243745, 0.013248512169096264, -0.01314401722368823], [0.00025777903179990144, -0.01314401722368823, 0.03208104645407189]], "chi2_level": 0.997, "chi2_df": 3, "chi2_threshold": 13.931422665512084, "N_raw": 55, "N_roi": 55, "N_inlier": 52, "refit": true}
{"timestamp": "17:11:03.344985", "frame": 16, "mu": [0.8802552000377638, 1.1428481174817406, 1.256630913321437], "Sigma": [[0.003781091911737891, -0.0037085880424334704, 0.0004857072830904978], [-0.00370858804243347, 0.008382461641060436, -0.013412945237284896], [0.0004857072830904979, -0.013412945237284896, 0.04631412540042446]], "chi2_level": 0.997, "chi2_df": 3, "chi2_threshold": 13.931422665512084, "N_raw": 55, "N_roi": 55, "N_inlier": 53, "refit": true}
{"timestamp": "17:11:03.397856", "frame": 17, "mu": [0.8202776611184988, 1.161300408997336, 1.1821662191288125], "Sigma": [[0.001903166629470388, -0.00018640974953452235, -0.00538549099129041], [-0.00018640974953452224, 0.014465058697820067, 0.024296124801252497], [-0.005385490991290409, 0.0242961248012525, 0.16802723811445933]], "chi2_level": 0.997, "chi2_df": 3, "chi2_threshold": 13.931422665512084, "N_raw": 33, "N_roi": 33, "N_inlier": 33, "refit": true}
{"timestamp": "17:11:03.453689", "frame": 18, "mu": [0.7598947349530536, 1.0480772865182233, 1.4516281258055164], "Sigma": [[0.004459977724239009, -0.004736505925103877, -0.011970083515243927], [-0.004736505925103877, 0.012818009355147394, 0.016791264233947372], [-0.01197008351524393, 0.016791264233947376, 0.097957588166597]], "chi2_level": 0.997, "chi2_df": 3, "chi2_threshold": 13.931422665512084, "N_raw": 51, "N_roi": 51, "N_inlier": 49, "refit": true}
{"timestamp": "17:11:03.512391", "frame": 19, "mu": [0.6710757672512814, 1.0792778117465949, 1.5628703329450855], "Sigma": [[0.006333209716375782, -0.00285759541355436, -0.006061488807749765], [-0.0028575954135543593, 0.009475930552585944, 0.005313719472647586], [-0.006061488807749765, 0.005313719472647587, 0.0081876289637097]], "chi2_level": 0.997, "chi2_df": 3, "chi2_threshold": 13.931422665512084, "N_raw": 72, "N_roi": 72, "N_inlier": 68, "refit": true}
{"timestamp": "17:11:03.569405", "frame": 20, "mu": [0.6209481805637402, 1.067181680381154, -0.2391332221464869], "Sigma": [[0.008822750628449746, -0.000754163267810818, 0.06243870466885334], [-0.000754163267810818, 0.006526372392451577, -0.03014957601499609], [0.06243870466885333, -0.03014957601499609, 0.9206266525718283]], "chi2_level": 0.997, "chi2_df": 3, "chi2_threshold": 13.931422665512084, "N_raw": 87, "N_roi": 87, "N_inlier": 86, "refit": true}
{"timestamp": "17:11:03.624744", "frame": 21, "mu": [0.5814662249990965, 1.0241520494601255, -0.11417291756185796], "Sigma": [[0.006684970844559517, 0.0014017124475217855, 0.04490778545900938], [0.0014017124475217855, 0.007155889845870743, -0.02082329285540335], [0.04490778545900938, -0.02082329285540335, 0.7034338218097397]], "chi2_level": 0.997, "chi2_df": 3, "chi2_threshold": 13.931422665512084, "N_raw": 87, "N_roi": 86, "N_inlier": 84, "refit": true}
{"timestamp": "17:11:03.679516", "frame": 22, "mu": [0.5373337385261968, 0.9814943679264861, 1.3883176490772344], "Sigma": [[0.004824640079563663, -2.062179061083734e-05, -0.005839703757861667], [-2.0621790610837314e-05, 0.004984834979867788, 0.00012805053616486923], [-0.005839703757861667, 0.00012805053616486912, 0.024752992929173365]], "chi2_level": 0.997, "chi2_df": 3, "chi2_threshold": 13.931422665512084, "N_raw": 85, "N_roi": 85, "N_inlier": 81, "refit": true}
{"timestamp": "17:11:03.729983", "frame": 23, "mu": [0.4265678381031304, 1.0993015908106478, -0.17970435405786964], "Sigma": [[0.002278460532504927, -0.0014929613993814612, -0.0015304577078917069], [-0.0014929613993814612, 0.007513903392830206, 0.002313438743328656], [-0.0015304577078917069, 0.002313438743328656, 0.01481901214978728]], "chi2_level": 0.997, "chi2_df": 3, "chi2_threshold": 13.931422665512084, "N_raw": 53, "N_roi": 53, "N_inlier": 49, "refit": true}
{"timestamp": "17:11:03.791131", "frame": 24, "mu": [0.36803289294111974, 1.0518908190573595, 1.504260422498481], "Sigma": [[0.0055244066414082875, -0.0005772439737829014, -0.0017499027224075689], [-0.0005772439737829013, 0.006690981725672091, -0.003339834969937694], [-0.0017499027224075689, -0.0033398349699376943, 0.0034001586428284046]], "chi2_level": 0.997, "chi2_df": 3, "chi2_threshold": 13.931422665512084, "N_raw": 105, "N_roi": 105, "N_inlier": 104, "refit": true}
{"timestamp": "17:11:03.839518", "frame": 25, "mu": [0.29550286696594585, 1.0382757557647073, 1.5956989683798781], "Sigma": [[0.0029977774713404147, -0.0014729177733536476, 0.0004752394877338553], [-0.0014729177733536479, 0.004403513267978714, -0.0017630486157275277], [0.0004752394877338553, -0.0017630486157275277, 0.001118062375575553]], "chi2_level": 0.997, "chi2_df": 3, "chi2_threshold": 13.931422665512084, "N_raw": 57, "N_roi": 57, "N_inlier": 56, "refit": true}
{"timestamp": "17:11:03.899594", "frame": 26, "mu": [0.24679107145305418, 1.0642276004285716, 1.5891902709936807], "Sigma": [[0.0028965893814524666, 0.0006987532747462256, -0.0004618497009114848], [0.0006987532747462256, 0.00773867839677064, -0.004421248097988625], [-0.00046184970091148485, -0.004421248097988625, 0.0029173331220230954]], "chi2_level": 0.997, "chi2_df": 3, "chi2_threshold": 13.931422665512084, "N_raw": 92, "N_roi": 92, "N_inlier": 91, "refit": true}
{"timestamp": "17:11:03.948062", "frame": 27, "mu": [0.13493895581083776, 1.0761647670319499, 1.5428186838971847], "Sigma": [[0.0027585207101070656, -0.002822806698293441, 0.0018657087184742573], [-0.002822806698293441, 0.005023401272800391, -0.001099724905325803], [0.0018657087184742573, -0.0010997249053258029, 0.05966537417057585]], "chi2_level": 0.997, "chi2_df": 3, "chi2_threshold": 13.931422665512084, "N_raw": 43, "N_roi": 43, "N_inlier": 40, "refit": true}
{"timestamp": "17:11:04.009154", "frame": 28, "mu": [0.016819652662112862, 1.1047268291553072, 1.3384773762489375], "Sigma": [[0.019110571323718163, -0.007374374056510176, 0.05372172030095529], [-0.007374374056510176, 0.005167934707783402, -0.02362318911097131], [0.05372172030095529, -0.02362318911097131, 0.17518362982737626]], "chi2_level": 0.997, "chi2_df": 3, "chi2_threshold": 13.931422665512084, "N_raw": 85, "N_roi": 81, "N_inlier": 78, "refit": true}
{"timestamp": "17:11:04.058445", "frame": 29, "mu": [-0.20784491711931388, 1.169996467482837, 0.8900131678775924], "Sigma": [[0.013378841680251833, -0.003572038380068025, 0.022292544606212203], [-0.003572038380068025, 0.004838939161589066, -0.00736024168441588], [0.022292544606212203, -0.007360241684415882, 0.050308940029518426]], "chi2_level": 0.997, "chi2_df": 3, "chi2_threshold": 13.931422665512084, "N_raw": 48, "N_roi": 48, "N_inlier": 46, "refit": true}
{"timestamp": "17:11:04.118194", "frame": 30, "mu": [-0.20237117485208944, 1.1230109547592155, 1.0828254693591668], "Sigma": [[0.03305260473746631, -0.01569074740142677, 0.04351277908892272], [-0.01569074740142677, 0.011793497866376648, -0.02253587717719909], [0.04351277908892272, -0.02253587717719909, 0.06811431074054483]], "chi2_level": 0.997, "chi2_df": 3, "chi2_threshold": 13.931422665512084, "N_raw": 78, "N_roi": 78, "N_inlier": 74, "refit": true}
{"timestamp": "17:11:04.172864", "frame": 31, "mu": [-0.15388655950793456, 1.0969290860998886, 1.4262579721790152], "Sigma": [[0.015280214683589212, -0.005189191848172881, 0.031645404124197835], [-0.005189191848172882, 0.004599036109248763, -0.013637501436010236], [0.031645404124197835, -0.013637501436010236, 0.130544233732445]], "chi2_level": 0.997, "chi2_df": 3, "chi2_threshold": 13.931422665512084, "N_raw": 74, "N_roi": 74, "N_inlier": 72, "refit": true}
{"timestamp": "17:11:04.227769", "frame": 32, "mu": [-0.21485555399028847, 1.0768019832455755, 1.633171408150185], "Sigma": [[0.005301420808651991, -0.0028467437330587314, 0.0012116836823674137], [-0.0028467437330587314, 0.004404830513297043, -0.0037542756785456897], [0.001211683682367414, -0.0037542756785456906, 0.004246741317495588]], "chi2_level": 0.997, "chi2_df": 3, "chi2_threshold": 13.931422665512084, "N_raw": 75, "N_roi": 75, "N_inlier": 71, "refit": true}
{"timestamp": "17:11:04.282973", "frame": 33, "mu": [-0.26587089817465714, 1.0650265590286543, 1.602782415451101], "Sigma": [[0.002425585490110905, -0.0014200726766605454, -0.00019611989781979602], [-0.0014200726766605454, 0.005306122872479583, -0.005313570923319263], [-0.0001961198978197961, -0.005313570923319263, 0.010430761997945449]], "chi2_level": 0.997, "chi2_df": 3, "chi2_threshold": 13.931422665512084, "N_raw": 82, "N_roi": 82, "N_inlier": 79, "refit": true}
{"timestamp": "17:11:04.333435", "frame": 34, "mu": [-0.3632644652600079, 1.0646065335660386, 1.6705721830238893], "Sigma": [[0.0022039396513110258, -0.0014144180253187477, -0.0002255096908244442], [-0.0014144180253187477, 0.00348085991690108, -0.0010709650203239288], [-0.00022550969082444418, -0.0010709650203239286, 0.007979934481643695]], "chi2_level": 0.997, "chi2_df": 3, "chi2_threshold": 13.931422665512084, "N_raw": 47, "N_roi": 47, "N_inlier": 44, "refit": true}
{"timestamp": "17:11:04.393879", "frame": 35, "mu": [-0.4049176875857396, 1.0761389252716627, 1.6562499772427615], "Sigma": [[0.0034744383995455094, -0.0011897509855898838, -0.0018574652519048039], [-0.0011897509855898838, 0.005147119707902598, -0.0033869122496072526], [-0.0018574652519048034, -0.0033869122496072526, 0.012075809919878045]], "chi2_level": 0.997, "chi2_df": 3, "chi2_threshold": 13.931422665512084, "N_raw": 83, "N_roi": 83, "N_inlier": 79, "refit": true}
{"timestamp": "17:11:04.455222", "frame": 36, "mu": [-0.49322293941713846, 1.0210389065012444, 1.4804332334877022], "Sigma": [[0.00740771871169335, -0.002023416176537904, -0.022749562557116076], [-0.002023416176537904, 0.007978507771715082, 0.014530416066931739], [-0.022749562557116076, 0.014530416066931739, 0.14211186797368627]], "chi2_level": 0.997, "chi2_df": 3, "chi2_threshold": 13.931422665512084, "N_raw": 132, "N_roi": 132, "N_inlier": 128, "refit": true}
{"timestamp": "17:11:04.505093", "frame": 37, "mu": [-0.6401254960087253, 0.9899331422799463, 1.654514069152619], "Sigma": [[0.016369213072936664, 0.010704555779170634, -0.004581269782398288], [0.010704555779170634, 0.018471931363681977, 0.007311594710218437], [-0.004581269782398288, 0.007311594710218437, 0.040161007219038446]], "chi2_level": 0.997, "chi2_df": 3, "chi2_threshold": 13.931422665512084, "N_raw": 88, "N_roi": 88, "N_inlier": 86, "refit": true}
{"timestamp": "17:11:04.562046", "frame": 38, "mu": [-0.6653622659043988, 1.0366272421457219, 1.5436270334013242], "Sigma": [[0.021636765236307542, 0.012086175313683237, -0.02670955931850558], [0.012086175313683235, 0.02252644382359513, 0.00120184820898734], [-0.02670955931850558, 0.001201848208987339, 0.15628662566988594]], "chi2_level": 0.997, "chi2_df": 3, "chi2_threshold": 13.931422665512084, "N_raw": 91, "N_roi": 91, "N_inlier": 89, "refit": true}
{"timestamp": "17:11:04.615026", "frame": 39, "mu": [-0.8881760379438437, 0.9587301999015239, 1.7105582476377892], "Sigma": [[0.026305939748818598, 0.027917187195979763, -0.0077080146535875235], [0.027917187195979763, 0.043045773330833134, 0.0006226415952749619], [-0.007708014653587524, 0.0006226415952749627, 0.03594992029782504]], "chi2_level": 0.997, "chi2_df": 3, "chi2_threshold": 13.931422665512084, "N_raw": 100, "N_roi": 100, "N_inlier": 100, "refit": true}
{"timestamp": "17:11:04.674171", "frame": 40, "mu": [-0.9792010166554026, 0.9625416019891773, 1.8001431310437697], "Sigma": [[0.01931548145972381, 0.013453461909919723, -0.006146024258644073], [0.013453461909919723, 0.026410481129141624, 0.00527203053111833], [-0.006146024258644072, 0.00527203053111833, 0.020621061473350126]], "chi2_level": 0.997, "chi2_df": 3, "chi2_threshold": 13.931422665512084, "N_raw": 125, "N_roi": 124, "N_inlier": 120, "refit": true}
{"timestamp": "17:11:04.728197", "frame": 41, "mu": [-0.9979168304999527, 0.9986081978895274, 1.7360216741683248], "Sigma": [[0.021190542290974328, 0.010120797927594643, -0.025025610706572644], [0.010120797927594643, 0.014811605954980768, -0.014332175446759167], [-0.025025610706572644, -0.014332175446759167, 0.0509431922465055]], "chi2_level": 0.997, "chi2_df": 3, "chi2_threshold": 13.931422665512084, "N_raw": 105, "N_roi": 105, "N_inlier": 101, "refit": true}
{"timestamp": "17:11:04.787478", "frame": 42, "mu": [-1.1080474741900117, 0.9952043895459379, 1.689574237550665], "Sigma": [[0.020241452374597672, 0.012036483793712385, -0.017584265463275024], [0.012036483793712385, 0.020726004677702255, -0.020099016858057345], [-0.017584265463275024, -0.020099016858057345, 0.06769036375003382]], "chi2_level": 0.997, "chi2_df": 3, "chi2_threshold": 13.931422665512084, "N_raw": 140, "N_roi": 140, "N_inlier": 136, "refit": true}
{"timestamp": "17:11:04.839788", "frame": 43, "mu": [-1.1650522601578581, 1.0221769319992806, 1.8851987801325887], "Sigma": [[0.018960052712592265, 0.010635769130243694, -0.007350082230057942], [0.010635769130243694, 0.0165279795313231, -0.009827805951364035], [-0.007350082230057943, -0.009827805951364035, 0.015940510609694147]], "chi2_level": 0.997, "chi2_df": 3, "chi2_threshold": 13.931422665512084, "N_raw": 125, "N_roi": 125, "N_inlier": 119, "refit": true}
{"timestamp": "17:11:04.894259", "frame": 44, "mu": [-1.2214373948179875, 1.0706026487593363, 0.5648932264204822], "Sigma": [[0.014037205890318557, 0.00917655857653197, 0.04445036625186454], [0.00917655857653197, 0.02315620949687066, 0.04332869570043871], [0.04445036625186454, 0.04332869570043871, 0.3980410609126224]], "chi2_level": 0.997, "chi2_df": 3, "chi2_threshold": 13.931422665512084, "N_raw": 117, "N_roi": 117, "N_inlier": 117, "refit": true}
{"timestamp": "17:11:04.947708", "frame": 45, "mu": [-1.297297956531177, 1.0509213408463773, 1.9018891202222175], "Sigma": [[0.018475766528862868, 0.010115284258429409, -0.006836446341412326], [0.010115284258429407, 0.015876329748407726, -0.010136562307166282], [-0.006836446341412326, -0.010136562307166282, 0.01417931599677917]], "chi2_level": 0.997, "chi2_df": 3, "chi2_threshold": 13.931422665512084, "N_raw": 105, "N_roi": 105, "N_inlier": 102, "refit": true}
{"timestamp": "17:11:05.002214", "frame": 46, "mu": [-1.3919183063155685, 1.0165967820100903, 1.749662937775848], "Sigma": [[0.017405245268909995, 0.008927362130086932, -0.0015744681385892198], [0.008927362130086934, 0.0169348335514155, -0.006331657733677578], [-0.0015744681385892198, -0.006331657733677578, 0.007152450410480246]], "chi2_level": 0.997, "chi2_df": 3, "chi2_threshold": 13.931422665512084, "N_raw": 109, "N_roi": 109, "N_inlier": 104, "refit": true}
{"timestamp": "17:11:05.059942", "frame": 47, "mu": [-1.4626454355628826, 1.04158983390775, 1.7402926611579466], "Sigma": [[0.018266838697617, 0.009286056603715093, 0.002231270695519512], [0.009286056603715091, 0.017694205009732962, -0.013468463596690097], [0.002231270695519511, -0.013468463596690097, 0.028422542629092138]], "chi2_level": 0.997, "chi2_df": 3, "chi2_threshold": 13.931422665512084, "N_raw": 121, "N_roi": 121, "N_inlier": 119, "refit": true}
{"timestamp": "17:11:05.117648", "frame": 48, "mu": [-1.435843562713005, 1.1726767115541243, 1.506683890694275], "Sigma": [[0.038576947017960175, 0.028340462028524614, -0.03269453779770124], [0.028340462028524617, 0.03381621894922503, -0.0006891984219079337], [-0.03269453779770124, -0.0006891984219079329, 0.2117829772656288]], "chi2_level": 0.997, "chi2_df": 3, "chi2_threshold": 13.931422665512084, "N_raw": 142, "N_roi": 142, "N_inlier": 139, "refit": true}
{"timestamp": "17:11:05.168204", "frame": 49, "mu": [-1.4721460034682923, 1.2060621958390598, 1.6156112372189648], "Sigma": [[0.029135815935635957, 0.016515951863861733, -0.051155812826303035], [0.016515951863861733, 0.01941965431582443, -0.036905224068559714], [-0.051155812826303035, -0.036905224068559714, 0.17525044615520685]], "chi2_level": 0.997, "chi2_df": 3, "chi2_threshold": 13.931422665512084, "N_raw": 111, "N_roi": 111, "N_inlier": 111, "refit": true}
{"timestamp": "17:11:05.227783", "frame": 50, "mu": [-1.5226814944453295, 1.2716141003488692, 1.6824486460829764], "Sigma": [[0.03127707403006778, 0.018022095721481963, 0.0019432996612244874], [0.018022095721481963, 0.021143756733510863, -0.015616071888140742], [0.0019432996612244874, -0.015616071888140744, 0.04539746947144051]], "chi2_level": 0.997, "chi2_df": 3, "chi2_threshold": 13.931422665512084, "N_raw": 142, "N_roi": 142, "N_inlier": 137, "refit": true}
{"timestamp": "17:11:05.279921", "frame": 51, "mu": [-1.513168766215714, 1.316023076093487, 1.5380686903425556], "Sigma": [[0.02318332961445169, 0.01913072648499126, -0.0638033761111606], [0.019130726484991263, 0.02734475017502718, -0.06503977120174355], [-0.0638033761111606, -0.06503977120174356, 0.3090893829814848]], "chi2_level": 0.997, "chi2_df": 3, "chi2_threshold": 13.931422665512084, "N_raw": 128, "N_roi": 128, "N_inlier": 128, "refit": true}
{"timestamp": "17:11:05.334870", "frame": 52, "mu": [-1.5658150502533503, 1.3608038282353652, 1.613425405770082], "Sigma": [[0.01867227350259152, 0.014464443620749147, -0.029223388709595913], [0.014464443620749147, 0.02474059996402756, -0.05781034042689473], [-0.029223388709595916, -0.05781034042689473, 0.21857216524170678]], "chi2_level": 0.997, "chi2_df": 3, "chi2_threshold": 13.931422665512084, "N_raw": 121, "N_roi": 121, "N_inlier": 119, "refit": true}
{"timestamp": "17:11:05.388296", "frame": 53, "mu": [-1.5662836882352875, 1.410887129708972, 1.649175110572674], "Sigma": [[0.01820683096827954, 0.01129373628503238, -0.013314211796202772], [0.01129373628503238, 0.018821533391454325, -0.024410204698610338], [-0.013314211796202773, -0.024410204698610334, 0.04693131195996818]], "chi2_level": 0.997, "chi2_df": 3, "chi2_threshold": 13.931422665512084, "N_raw": 111, "N_roi": 111, "N_inlier": 107, "refit": true}
{"timestamp": "17:11:05.442438", "frame": 54, "mu": [-1.5974315522821214, 1.4307611438061876, 0.2976233508225213], "Sigma": [[0.016393065873743527, 0.011306210391292214, 0.07067099242185493], [0.011306210391292214, 0.014532286983889479, 0.06187748013837896], [0.07067099242185494, 0.06187748013837895, 0.6873219055138399]], "chi2_level": 0.997, "chi2_df": 3, "chi2_threshold": 13.931422665512084, "N_raw": 107, "N_roi": 107, "N_inlier": 105, "refit": true}
{"timestamp": "17:11:05.491702", "frame": 55, "mu": [-1.7340927626286273, 1.3919267662515955, 1.607686032143707], "Sigma": [[0.02462972923340149, 0.0133113419334267, 0.0035936451243086683], [0.013311341933426698, 0.013974697002653356, -0.000535424418998078], [0.0035936451243086683, -0.0005354244189980779, 0.019079535341625743]], "chi2_level": 0.997, "chi2_df": 3, "chi2_threshold": 13.931422665512084, "N_raw": 72, "N_roi": 72, "N_inlier": 70, "refit": true}
{"timestamp": "17:11:05.552337", "frame": 56, "mu": [-1.7271264525459795, 1.4756165867451951, 1.7779550063206675], "Sigma": [[0.027503972650355358, 0.016940418977722423, -0.00886309343485506], [0.016940418977722423, 0.01979601569106261, -0.01625425975794066], [-0.00886309343485506, -0.01625425975794066, 0.020464457117490738]], "chi2_level": 0.997, "chi2_df": 3, "chi2_threshold": 13.931422665512084, "N_raw": 108, "N_roi": 108, "N_inlier": 106, "refit": true}
{"timestamp": "17:11:05.604714", "frame": 57, "mu": [-1.7425013763215598, 1.5114226652870386, 1.8565024777098573], "Sigma": [[0.023325042426661086, 0.019111903014808237, -0.01842411587566082], [0.019111903014808237, 0.023406951006398998, -0.02587814793412975], [-0.01842411587566082, -0.02587814793412975, 0.11308820853031082]], "chi2_level": 0.997, "chi2_df": 3, "chi2_threshold": 13.931422665512084, "N_raw": 83, "N_roi": 83, "N_inlier": 80, "refit": true}
{"timestamp": "17:11:05.663559", "frame": 58, "mu": [-1.7254489106701956, 1.6048680700779567, 1.7557600032310692], "Sigma": [[0.036936088846885554, 0.02660761380753971, -0.011596262849074498], [0.02660761380753971, 0.02689460524528639, -0.02253305566720231], [-0.0115962628490745, -0.02253305566720231, 0.048660500913655605]], "chi2_level": 0.997, "chi2_df": 3, "chi2_threshold": 13.931422665512084, "N_raw": 114, "N_roi": 114, "N_inlier": 109, "refit": true}
{"timestamp": "17:11:05.712670", "frame": 59, "mu": [-1.6348826084464143, 1.757882939919028, 1.6208125620374456], "Sigma": [[0.03212941429927657, 0.022887781383852758, -0.016018029027811444], [0.022887781383852758, 0.025004096314049394, -0.031567964483680155], [-0.016018029027811444, -0.031567964483680155, 0.13497387603834013]], "chi2_level": 0.997, "chi2_df": 3, "chi2_threshold": 13.931422665512084, "N_raw": 73, "N_roi": 70, "N_inlier": 69, "refit": true}
{"timestamp": "17:11:05.769655", "frame": 60, "mu": [-1.6140845928283856, 1.860514994996027, 1.6507326637104267], "Sigma": [[0.018605805531333043, 0.013560158861155188, -0.016161395617058903], [0.013560158861155188, 0.02235050677026509, -0.023016111884144215], [-0.016161395617058903, -0.023016111884144215, 0.032307187618517856]], "chi2_level": 0.997, "chi2_df": 3, "chi2_threshold": 13.931422665512084, "N_raw": 90, "N_roi": 90, "N_inlier": 85, "refit": true}
{"timestamp": "17:11:05.823409", "frame": 61, "mu": [-1.6607976518498402, 1.911409137344957, 1.515438609107712], "Sigma": [[0.029827817680930215, 0.009199465668164951, 0.00845545638178171], [0.009199465668164953, 0.01637411177220115, -0.03416496322608431], [0.00845545638178171, -0.03416496322608431, 0.18040633607908405]], "chi2_level": 0.997, "chi2_df": 3, "chi2_threshold": 13.931422665512084, "N_raw": 71, "N_roi": 69, "N_inlier": 68, "refit": true}
{"timestamp": "17:11:05.875816", "frame": 62, "mu": [-1.6808038761079245, 1.9422923312269005, 1.6390926467340112], "Sigma": [[0.032155119445711824, 0.013820387774029058, 0.003884267729989806], [0.01382038777402906, 0.021306308931528663, -0.044575428839244174], [0.003884267729989805, -0.044575428839244174, 0.205730887928704]], "chi2_level": 0.997, "chi2_df": 3, "chi2_threshold": 13.931422665512084, "N_raw": 60, "N_roi": 60, "N_inlier": 59, "refit": true}
{"timestamp": "17:11:05.929834", "frame": 63, "mu": [-1.5985333502265509, 2.0524706817636877, 1.6457315040832203], "Sigma": [[0.007833579836731655, 0.003381450706625298, -0.005761197942667457], [0.003381450706625298, 0.006628985152946465, -0.012686920264797367], [-0.005761197942667457, -0.012686920264797367, 0.03780617703621218]], "chi2_level": 0.997, "chi2_df": 3, "chi2_threshold": 13.931422665512084, "N_raw": 56, "N_roi": 56, "N_inlier": 52, "refit": true}
{"timestamp": "17:11:05.981683", "frame": 64, "mu": [-1.5848222126854061, 2.101625205428831, 1.6909386952368868], "Sigma": [[0.006507104415300675, 0.00268799644530812, -0.0036417095653690675], [0.00268799644530812, 0.005246032093271882, -0.005219152204866468], [-0.003641709565369068, -0.005219152204866467, 0.013634699224906973]], "chi2_level": 0.997, "chi2_df": 3, "chi2_threshold": 13.931422665512084, "N_raw": 35, "N_roi": 35, "N_inlier": 32, "refit": true}
{"timestamp": "17:11:06.039328", "frame": 65, "mu": [-1.638635283147035, 2.150233783173749, 1.7247849602005818], "Sigma": [[0.009376703770738602, 0.003052218340386826, -0.007434515522558005], [0.003052218340386826, 0.008430702475809902, -0.00808104705973162], [-0.007434515522558006, -0.00808104705973162, 0.015123919760489612]], "chi2_level": 0.997, "chi2_df": 3, "chi2_threshold": 13.931422665512084, "N_raw": 56, "N_roi": 56, "N_inlier": 54, "refit": true}
{"timestamp": "17:11:06.097636", "frame": 66, "mu": [-1.683688015134854, 2.261187195504125, 1.5024737427998391], "Sigma": [[0.012347457362033442, 0.001060113534145344, 0.007305257342627368], [0.001060113534145344, 0.008757098775199054, -0.020998387745894], [0.007305257342627368, -0.020998387745894, 0.11552021664931011]], "chi2_level": 0.997, "chi2_df": 3, "chi2_threshold": 13.931422665512084, "N_raw": 76, "N_roi": 76, "N_inlier": 74, "refit": true}
{"timestamp": "17:11:06.148069", "frame": 67, "mu": [-1.6232521340112263, 2.314948733057832, 1.6911123498673977], "Sigma": [[0.007989382608226488, 0.0034526050192000123, -0.006264216395771002], [0.0034526050192000123, 0.005635606919472016, -0.008139966261796625], [-0.006264216395771002, -0.008139966261796625, 0.01669823733074199]], "chi2_level": 0.997, "chi2_df": 3, "chi2_threshold": 13.931422665512084, "N_raw": 39, "N_roi": 39, "N_inlier": 36, "refit": true}
{"timestamp": "17:11:06.205847", "frame": 68, "mu": [-1.648984466721743, 2.505420035567994, 1.281737788978236], "Sigma": [[0.007406305207197935, 0.00043214028145896726, 0.005524110876484467], [0.00043214028145896705, 0.00632453808039171, -0.01914752152074279], [0.005524110876484467, -0.01914752152074279, 0.08908196391532136]], "chi2_level": 0.997, "chi2_df": 3, "chi2_threshold": 13.931422665512084, "N_raw": 43, "N_roi": 43, "N_inlier": 42, "refit": true}
{"timestamp": "17:11:06.363706", "frame": 69, "mu": [-1.6604524077985587, 2.4705214836452343, 1.5536419377270727], "Sigma": [[0.015253396317345489, 0.0020733420607218643, -0.002351423225357527], [0.0020733420607218643, 0.01019544677687888, -0.015587558334139932], [-0.002351423225357528, -0.015587558334139932, 0.041327722107721745]], "chi2_level": 0.997, "chi2_df": 3, "chi2_threshold": 13.931422665512084, "N_raw": 98, "N_roi": 96, "N_inlier": 89, "refit": true}
{"timestamp": "17:11:06.384696", "frame": 70, "mu": [-1.6481437578673992, 2.6053233120319588, 0.10809292130743013], "Sigma": [[0.01403484572311568, -0.0016143819226346733, 0.00780722477857481], [-0.0016143819226346733, 0.030758707595981427, -0.048503724176019565], [0.00780722477857481, -0.04850372417601956, 0.08671487153244128]], "chi2_level": 0.997, "chi2_df": 3, "chi2_threshold": 13.931422665512084, "N_raw": 87, "N_roi": 87, "N_inlier": 86, "refit": true}
{"timestamp": "17:11:06.414484", "frame": 71, "mu": [-1.6460736185612928, 2.6129546844179212, 0.20306344876354748], "Sigma": [[0.012664304335585031, 0.00433376590728371, -0.0029661394340571405], [0.004333765907283711, 0.017975304969121305, -0.022778517373324918], [-0.0029661394340571414, -0.022778517373324918, 0.031079161429416798]], "chi2_level": 0.997, "chi2_df": 3, "chi2_threshold": 13.931422665512084, "N_raw": 68, "N_roi": 67, "N_inlier": 64, "refit": true}
{"timestamp": "17:11:06.443462", "frame": 72, "mu": [-1.6661540111213748, 2.7696101578398986, 0.013544394381728962], "Sigma": [[0.014306115145319686, -0.006604202213193993, 0.018090959791420544], [-0.006604202213193994, 0.042713179564979734, -0.0743656647845216], [0.018090959791420544, -0.07436566478452161, 0.13619189135968043]], "chi2_level": 0.997, "chi2_df": 3, "chi2_threshold": 13.931422665512084, "N_raw": 73, "N_roi": 73, "N_inlier": 72, "refit": true}
{"timestamp": "17:11:06.479258", "frame": 73, "mu": [-1.646774983793217, 2.883477698463019, 0.008778064935702795], "Sigma": [[0.012961352588736345, -0.012169733345693417, 0.02389423232808486], [-0.012169733345693417, 0.05458665836335182, -0.10050181246686234], [0.02389423232808486, -0.10050181246686234, 0.19251486254882125]], "chi2_level": 0.997, "chi2_df": 3, "chi2_threshold": 13.931422665512084, "N_raw": 43, "N_roi": 41, "N_inlier": 41, "refit": true}
{"timestamp": "17:11:06.535560", "frame": 74, "mu": [-1.6632522475109262, 2.825948327846937, 0.9347255437106889], "Sigma": [[0.014867397948720261, 0.005348447164037567, 0.013183775710688343], [0.005348447164037566, 0.01288982255259711, -0.025448375497279324], [0.013183775710688342, -0.02544837549727933, 0.1992861118218002]], "chi2_level": 0.997, "chi2_df": 3, "chi2_threshold": 13.931422665512084, "N_raw": 69, "N_roi": 69, "N_inlier": 69, "refit": true}
{"timestamp": "17:11:06.589672", "frame": 75, "mu": [-1.5704652254648268, 2.8366035984130957, 1.0237376253862505], "Sigma": [[0.03236700458506208, 0.0034681226200381967, 0.04183799581226551], [0.003468122620038197, 0.0021058633915457155, 0.0010193177426543413], [0.04183799581226551, 0.0010193177426543409, 0.1385460158279557]], "chi2_level": 0.997, "chi2_df": 3, "chi2_threshold": 13.931422665512084, "N_raw": 50, "N_roi": 50, "N_inlier": 48, "refit": true}
{"timestamp": "17:11:06.644727", "frame": 76, "mu": [-1.5436058109798996, 2.8972591630363036, 1.5154653785984091], "Sigma": [[0.0134348787754677, 0.00043399619168031016, -0.005676673040593676], [0.0004339961916803105, 0.0034218361597678744, -0.007682833587170743], [-0.005676673040593676, -0.007682833587170743, 0.06438069115520989]], "chi2_level": 0.997, "chi2_df": 3, "chi2_threshold": 13.931422665512084, "N_raw": 50, "N_roi": 48, "N_inlier": 47, "refit": true}
{"timestamp": "17:11:06.703324", "frame": 77, "mu": [-1.563884320271596, 3.003621785820454, 1.3783047004936764], "Sigma": [[0.0335122123516668, 0.0016743365056505308, 0.01123480583773686], [0.0016743365056505308, 0.0036344084468916448, -0.011232634464207941], [0.01123480583773686, -0.011232634464207941, 0.06460321318975694]], "chi2_level": 0.997, "chi2_df": 3, "chi2_threshold": 13.931422665512084, "N_raw": 80, "N_roi": 78, "N_inlier": 77, "refit": true}
{"timestamp": "17:11:06.759468", "frame": 78, "mu": [-1.615475055116127, 3.120670793793633, 0.2926171203110051], "Sigma": [[0.04399947487790485, -0.00766618237196195, 0.10926652230159056], [-0.00766618237196195, 0.013078282846476037, -0.03586274020338216], [0.10926652230159055, -0.03586274020338216, 0.3828690747856366]], "chi2_level": 0.997, "chi2_df": 3, "chi2_threshold": 13.931422665512084, "N_raw": 86, "N_roi": 86, "N_inlier": 86, "refit": true}
{"timestamp": "17:11:06.806661", "frame": 79, "mu": [-1.5091262164980126, 3.1192602153351814, 1.3238590672081303], "Sigma": [[0.012837118493448211, 0.000134910351218081, -0.007088817813179011], [0.000134910351218081, 0.0020371429456519036, -0.002337990703205419], [-0.007088817813179011, -0.002337990703205419, 0.008550288761258892]], "chi2_level": 0.997, "chi2_df": 3, "chi2_threshold": 13.931422665512084, "N_raw": 33, "N_roi": 33, "N_inlier": 31, "refit": true}
{"timestamp": "17:11:06.859142", "frame": 80, "mu": [-1.4905367363829787, 3.219453623124689, 1.176000709466425], "Sigma": [[0.013768012044053713, -0.01110219304165038, 0.046200229078042165], [-0.011102193041650383, 0.010656069449822734, -0.04270732435491344], [0.046200229078042165, -0.04270732435491344, 0.213026167958682]], "chi2_level": 0.997, "chi2_df": 3, "chi2_threshold": 13.931422665512084, "N_raw": 16, "N_roi": 10, "N_inlier": 10, "refit": true}
{"timestamp": "17:11:06.915012", "frame": 81, "mu": [-1.4498217237765456, 3.2787933162970866, 1.0806556809190777], "Sigma": [[0.015057598904418065, -0.004535493327395933, 0.01930467659021818], [-0.004535493327395933, 0.007054360185759087, -0.030444454793999515], [0.019304676590218183, -0.030444454793999515, 0.14772742081174114]], "chi2_level": 0.997, "chi2_df": 3, "chi2_threshold": 13.931422665512084, "N_raw": 20, "N_roi": 18, "N_inlier": 18, "refit": true}
{"timestamp": "17:11:06.969212", "frame": 82, "mu": [-1.3418595359543495, 3.2403115877558974, 1.4388572495943641], "Sigma": [[0.004494205882392716, -0.0016342750658270224, 0.011873419816932608], [-0.0016342750658270224, 0.007262498305592958, -0.03466165403717984], [0.011873419816932611, -0.03466165403717984, 0.2405364057510084]], "chi2_level": 0.997, "chi2_df": 3, "chi2_threshold": 13.931422665512084, "N_raw": 17, "N_roi": 14, "N_inlier": 14, "refit": true}
{"timestamp": "17:11:07.022537", "frame": 83, "mu": [-1.3204275894838935, 3.3121917245961088, 1.5066092315124062], "Sigma": [[0.0076024367404470055, -0.0025737654479316987, 0.022179219810066028], [-0.002573765447931698, 0.004393256818012344, -0.023430587638870744], [0.022179219810066028, -0.023430587638870744, 0.20075007009170007]], "chi2_level": 0.997, "chi2_df": 3, "chi2_threshold": 13.931422665512084, "N_raw": 17, "N_roi": 14, "N_inlier": 14, "refit": true}
{"timestamp": "17:11:07.082771", "frame": 84, "mu": [-1.2744599672906425, 3.3644469171359495, 1.5997597757258282], "Sigma": [[0.015452307695067004, 0.0035384447995790514, -0.004471564356856646], [0.003538444799579051, 0.00503384107664336, -0.005233022320715747], [-0.004471564356856646, -0.005233022320715746, 0.008038339731012948]], "chi2_level": 0.997, "chi2_df": 3, "chi2_threshold": 13.931422665512084, "N_raw": 50, "N_roi": 49, "N_inlier": 46, "refit": true}
{"timestamp": "17:11:07.139376", "frame": 85, "mu": [-1.2813942479028866, 3.4576101926257863, 1.5264259769596], "Sigma": [[0.024697108640306196, -0.002896184580727338, 0.002816321425090202], [-0.002896184580727338, 0.007439447409332628, -0.009592722755662704], [0.0028163214250902023, -0.009592722755662704, 0.014996242629755177]], "chi2_level": 0.997, "chi2_df": 3, "chi2_threshold": 13.931422665512084, "N_raw": 50, "N_roi": 50, "N_inlier": 48, "refit": true}
{"timestamp": "17:11:07.190131", "frame": 86, "mu": [-1.2576718053198164, 3.5448253685803643, 1.3272430290279482], "Sigma": [[0.016695204571514778, -0.01207569549062695, 0.01982386136243955], [-0.01207569549062695, 0.017877955013887437, -0.02765501160459608], [0.01982386136243955, -0.02765501160459608, 0.061621004353806144]], "chi2_level": 0.997, "chi2_df": 3, "chi2_threshold": 13.931422665512084, "N_raw": 25, "N_roi": 23, "N_inlier": 22, "refit": true}
