{"timestamp": "16:49:12.230003", "frame": 5, "mu": [2.3887837142062542, 4.939022839152852, 0.8949531878316097], "Sigma": [[0.005843157180992697, -0.0014581526675863012, -0.00762250219219126], [-0.0014581526675863012, 0.0020932276897858695, -0.0020589035849151722], [-0.00762250219219126, -0.0020589035849151722, 0.024151330457940566]], "chi2_level": 0.997, "chi2_df": 3, "chi2_threshold": 13.931422665512084, "N_raw": 50, "N_roi": 8, "N_inlier": 8, "refit": true}
{"timestamp": "16:49:12.279511", "frame": 6, "mu": [2.370149209580087, 4.906064902969458, 0.725072021711959], "Sigma": [[0.0037466962468086723, -0.002423029527518146, 0.0020559531631324087], [-0.002423029527518146, 0.0017527424560705802, -0.0019612749595977123], [0.0020559531631324087, -0.0019612749595977123, 0.08712629009986289]], "chi2_level": 0.997, "chi2_df": 3, "chi2_threshold": 13.931422665512084, "N_raw": 11, "N_roi": 8, "N_inlier": 8, "refit": true}
{"timestamp": "16:49:12.390116", "frame": 8, "mu": [2.278134633188357, 4.88278137192527, 0.9202074923343941], "Sigma": [[0.012845249472821235, -0.0039039968749045566, -0.013680453791079678], [-0.0039039968749045566, 0.003952026930439643, -0.006218708928949008], [-0.013680453791079674, -0.006218708928949008, 0.09222737918552906]], "chi2_level": 0.997, "chi2_df": 3, "chi2_threshold": 13.931422665512084, "N_raw": 18, "N_roi": 15, "N_inlier": 15, "refit": true}
{"timestamp": "16:49:12.448366", "frame": 9, "mu": [2.2124031067169714, 4.8583482054631, 1.0432288912781835], "Sigma": [[0.02804944935467763, -0.01106745896149534, -0.00742156396500371], [-0.01106745896149534, 0.006733144469172452, -0.0001827646530116429], [-0.00742156396500371, -0.0001827646530116431, 0.010485528566639445]], "chi2_level": 0.997, "chi2_df": 3, "chi2_threshold": 13.931422665512084, "N_raw": 39, "N_roi": 31, "N_inlier": 31, "refit": true}
{"timestamp": "16:49:12.504376", "frame": 10, "mu": [2.2545355791401667, 4.815316065206156, 1.0360020184038545], "Sigma": [[0.023327563223703437, -0.011164832954983543, -0.01560161585488986], [-0.011164832954983543, 0.006501323971454152, 0.005260693466359976], [-0.01560161585488986, 0.005260693466359976, 0.02580964020142005]], "chi2_level": 0.997, "chi2_df": 3, "chi2_threshold": 13.931422665512084, "N_raw": 28, "N_roi": 21, "N_inlier": 21, "refit": true}
{"timestamp": "16:49:12.560848", "frame": 11, "mu": [2.1855549960418053, 4.78924178065401, 0.9523026544710664], "Sigma": [[0.024256171920318467, -0.011447979665982804, -0.015915888577052107], [-0.011447979665982804, 0.007119836195030943, 0.004343314749107056], [-0.01591588857705211, 0.004343314749107056, 0.02283034091652205]], "chi2_level": 0.997, "chi2_df": 3, "chi2_threshold": 13.931422665512084, "N_raw": 47, "N_roi": 30, "N_inlier": 30, "refit": true}
{"timestamp": "16:49:12.616068", "frame": 12, "mu": [2.2042662339689425, 4.781186509405169, 1.0889305984413378], "Sigma": [[0.0156100207741004, -0.008506714924287189, -0.009620547020265218], [-0.008506714924287189, 0.005471804988689333, 0.002257372312744989], [-0.009620547020265218, 0.0022573723127449893, 0.035743299683566813]], "chi2_level": 0.997, "chi2_df": 3, "chi2_threshold": 13.931422665512084, "N_raw": 34, "N_roi": 19, "N_inlier": 19, "refit": true}
{"timestamp": "16:49:12.669497", "frame": 13, "mu": [2.1443278920093314, 4.724108984344296, 0.8955461786682034], "Sigma": [[0.015483307616608157, -0.005218066095544274, -0.00023600271690947934], [-0.005218066095544274, 0.004092494896459873, -0.0020099395390526546], [-0.00023600271690947934, -0.0020099395390526546, 0.004905058683379427]], "chi2_level": 0.997, "chi2_df": 3, "chi2_threshold": 13.931422665512084, "N_raw": 26, "N_roi": 21, "N_inlier": 20, "refit": true}
{"timestamp": "16:49:12.834029", "frame": 16, "mu": [1.9714698572491551, 4.677182054221125, 0.8172876285641623], "Sigma": [[0.01610993390204992, -0.006871914596978253, -0.011449038872776509], [-0.006871914596978253, 0.004413328755163272, 0.00453652257488134], [-0.011449038872776509, 0.00453652257488134, 0.01038657490783512]], "chi2_level": 0.997, "chi2_df": 3, "chi2_threshold": 13.931422665512084, "N_raw": 29, "N_roi": 19, "N_inlier": 19, "refit": true}
{"timestamp": "16:49:12.890998", "frame": 17, "mu": [1.901050377526269, 4.6387604294917075, 0.9662852855455426], "Sigma": [[0.029846942180482065, -0.015169215705416596, -0.016234191183788854], [-0.015169215705416595, 0.00984091502465413, 0.006302361578918634], [-0.016234191183788854, 0.006302361578918634, 0.01467246941557387]], "chi2_level": 0.997, "chi2_df": 3, "chi2_threshold": 13.931422665512084, "N_raw": 45, "N_roi": 39, "N_inlier": 37, "refit": true}
{"timestamp": "16:49:12.945824", "frame": 18, "mu": [2.0444375805097894, 4.444276663022517, 0.7141281853217841], "Sigma": [[0.023843542977059082, -0.014792398652120665, -0.013559567869222541], [-0.014792398652120665, 0.011053360564860556, 0.005786907624114802], [-0.01355956786922254, 0.005786907624114802, 0.015824087417585068]], "chi2_level": 0.997, "chi2_df": 3, "chi2_threshold": 13.931422665512084, "N_raw": 37, "N_roi": 34, "N_inlier": 34, "refit": true}
{"timestamp": "16:49:13.055462", "frame": 20, "mu": [1.9213922460879975, 4.392832462576512, 0.7884177071852723], "Sigma": [[0.026306959361294797, -0.012653566138358774, -0.006225431740828576], [-0.012653566138358774, 0.00981296589300871, 0.00021490905891677597], [-0.006225431740828574, 0.00021490905891677586, 0.006308867319919811]], "chi2_level": 0.997, "chi2_df": 3, "chi2_threshold": 13.931422665512084, "N_raw": 46, "N_roi": 44, "N_inlier": 44, "refit": true}
{"timestamp": "16:49:13.108868", "frame": 21, "mu": [1.929977003353836, 4.327888111951841, 0.7219034422562741], "Sigma": [[0.013162599586782356, -0.007628580994359216, -0.008280254502826202], [-0.007628580994359218, 0.008342876020168618, 0.005699473428815676], [-0.008280254502826202, 0.005699473428815676, 0.006983416221846215]], "chi2_level": 0.997, "chi2_df": 3, "chi2_threshold": 13.931422665512084, "N_raw": 22, "N_roi": 21, "N_inlier": 21, "refit": true}
{"timestamp": "16:49:13.165650", "frame": 22, "mu": [1.9495510340969568, 4.2610505723632075, 0.7881665574354861], "Sigma": [[0.02136041809234407, -0.012507743498775845, -0.013340712905197127], [-0.012507743498775845, 0.010033720427384133, 0.0032499246488519587], [-0.013340712905197125, 0.0032499246488519587, 0.021538715269426505]], "chi2_level": 0.997, "chi2_df": 3, "chi2_threshold": 13.931422665512084, "N_raw": 41, "N_roi": 41, "N_inlier": 41, "refit": true}
{"timestamp": "16:49:13.222553", "frame": 23, "mu": [1.916865710589657, 4.21502524011552, 0.8655042347438705], "Sigma": [[0.02967987943090083, -0.0168577919242383, -0.00438771127844924], [-0.0168577919242383, 0.013207434333969025, -0.0014875325843686713], [-0.00438771127844924, -0.0014875325843686713, 0.022844053752156254]], "chi2_level": 0.997, "chi2_df": 3, "chi2_threshold": 13.931422665512084, "N_raw": 54, "N_roi": 54, "N_inlier": 53, "refit": true}
{"timestamp": "16:49:13.276817", "frame": 24, "mu": [1.841940653663373, 4.188242691045183, 0.686443487808762], "Sigma": [[0.026357062235067116, -0.014088808823776368, -0.00992229282817268], [-0.014088808823776368, 0.008788553025439351, 0.0017582552668435221], [-0.009922292828172679, 0.0017582552668435221, 0.03473382170592666]], "chi2_level": 0.997, "chi2_df": 3, "chi2_threshold": 13.931422665512084, "N_raw": 50, "N_roi": 50, "N_inlier": 48, "refit": true}
{"timestamp": "16:49:13.327824", "frame": 25, "mu": [1.744377254608461, 4.202866160490267, 1.0755131492463215], "Sigma": [[0.014400585956645071, -0.007272805143015497, -0.00762417333757373], [-0.007272805143015497, 0.005307236997552354, 0.004365093111809418], [-0.00762417333757373, 0.004365093111809418, 0.014239581041037903]], "chi2_level": 0.997, "chi2_df": 3, "chi2_threshold": 13.931422665512084, "N_raw": 24, "N_roi": 24, "N_inlier": 22, "refit": true}
{"timestamp": "16:49:13.383072", "frame": 26, "mu": [1.7226468457399542, 4.21168875944719, 0.9003546464123944], "Sigma": [[0.013919244091854058, -0.005428573535950003, -0.00641674054766842], [-0.005428573535950003, 0.0034949308947399096, -0.00012162405923200128], [-0.006416740547668421, -0.00012162405923200133, 0.011503453613531353]], "chi2_level": 0.997, "chi2_df": 3, "chi2_threshold": 13.931422665512084, "N_raw": 24, "N_roi": 24, "N_inlier": 24, "refit": true}
{"timestamp": "16:49:13.437960", "frame": 27, "mu": [1.6258953628333284, 4.192831997613212, 0.6369490030822371], "Sigma": [[0.01791044679264301, -0.007537937233039445, -0.003178841951458043], [-0.007537937233039445, 0.0045448609585532875, 0.0010813913835496802], [-0.003178841951458043, 0.0010813913835496802, 0.0018237849949356278]], "chi2_level": 0.997, "chi2_df": 3, "chi2_threshold": 13.931422665512084, "N_raw": 22, "N_roi": 22, "N_inlier": 20, "refit": true}
{"timestamp": "16:49:13.498668", "frame": 28, "mu": [1.608092408851522, 4.284205566573042, -0.20279892453774206], "Sigma": [[0.019947540519129794, -0.005500484146613208, 0.009701943052215266], [-0.005500484146613208, 0.011263477258100488, -0.026504071482625624], [0.009701943052215264, -0.026504071482625624, 0.14219652253686726]], "chi2_level": 0.997, "chi2_df": 3, "chi2_threshold": 13.931422665512084, "N_raw": 64, "N_roi": 61, "N_inlier": 58, "refit": true}
{"timestamp": "16:49:13.549441", "frame": 29, "mu": [1.544057945298261, 4.084756677616829, 0.9815830802250942], "Sigma": [[0.018217072514668795, -0.009605482412313836, -0.020830017078883625], [-0.009605482412313838, 0.005638577545760365, 0.010559941606390911], [-0.020830017078883625, 0.010559941606390911, 0.07277876520649634]], "chi2_level": 0.997, "chi2_df": 3, "chi2_threshold": 13.931422665512084, "N_raw": 32, "N_roi": 32, "N_inlier": 32, "refit": true}
{"timestamp": "16:49:13.602073", "frame": 30, "mu": [1.604238151705679, 3.982802795333602, 0.6402866574821245], "Sigma": [[0.008853779085703896, -0.003433466886470978, -0.007998447350613978], [-0.003433466886470978, 0.0028202111435404777, 0.000544211751952762], [-0.007998447350613978, 0.0005442117519527617, 0.018216371850516607]], "chi2_level": 0.997, "chi2_df": 3, "chi2_threshold": 13.931422665512084, "N_raw": 20, "N_roi": 20, "N_inlier": 19, "refit": true}
{"timestamp": "16:49:13.656981", "frame": 31, "mu": [1.5515052611019808, 3.9513865859309156, 0.995787304413339], "Sigma": [[0.006662430659207308, -0.0017684273048447607, -0.002206901909355787], [-0.0017684273048447607, 0.0022671648995629774, -0.0025689083516026055], [-0.002206901909355787, -0.0025689083516026055, 0.02443916172081255]], "chi2_level": 0.997, "chi2_df": 3, "chi2_threshold": 13.931422665512084, "N_raw": 16, "N_roi": 15, "N_inlier": 15, "refit": true}
{"timestamp": "16:49:13.719220", "frame": 32, "mu": [1.5165551344009534, 3.930117156431783, 0.9264394500972527], "Sigma": [[0.03001615388426085, -0.012925829637166292, -0.009231017793049842], [-0.012925829637166292, 0.010679387955938547, -0.003907942756662831], [-0.009231017793049842, -0.003907942756662831, 0.02021525174092747]], "chi2_level": 0.997, "chi2_df": 3, "chi2_threshold": 13.931422665512084, "N_raw": 66, "N_roi": 66, "N_inlier": 66, "refit": true}
{"timestamp": "16:49:13.772248", "frame": 33, "mu": [1.4220143697649137, 3.9302919991065526, 0.9077143568748846], "Sigma": [[0.0260620401040721, -0.010479158948394652, -0.009942356605603943], [-0.010479158948394653, 0.006507112825155204, -0.000898530766195154], [-0.009942356605603943, -0.000898530766195154, 0.02196533818134992]], "chi2_level": 0.997, "chi2_df": 3, "chi2_threshold": 13.931422665512084, "N_raw": 51, "N_roi": 50, "N_inlier": 50, "refit": true}
{"timestamp": "16:49:13.829188", "frame": 34, "mu": [1.3387300953637715, 3.9080711759551, 0.8692475047583056], "Sigma": [[0.025535030578897108, -0.010798665848027113, -0.0020274116285280376], [-0.010798665848027113, 0.006698263713343641, -0.0059775470040395835], [-0.0020274116285280376, -0.0059775470040395835, 0.045043210514418786]], "chi2_level": 0.997, "chi2_df": 3, "chi2_threshold": 13.931422665512084, "N_raw": 65, "N_roi": 61, "N_inlier": 61, "refit": true}
{"timestamp": "16:49:13.880321", "frame": 35, "mu": [1.281205357591258, 3.9086210154074066, 0.9040477316073083], "Sigma": [[0.016183624640072974, -0.004420641410951963, 0.0010975307525614027], [-0.004420641410951963, 0.005511622511812443, -0.001979908014008647], [0.0010975307525614027, -0.001979908014008647, 0.0008628820190621567]], "chi2_level": 0.997, "chi2_df": 3, "chi2_threshold": 13.931422665512084, "N_raw": 38, "N_roi": 38, "N_inlier": 36, "refit": true}
{"timestamp": "16:49:13.935731", "frame": 36, "mu": [1.289489993834088, 3.7878963201623677, 0.9682482196126607], "Sigma": [[0.019533186230252155, -0.0060375325256032866, -0.006963315154456217], [-0.006037532525603287, 0.005350186250806998, 0.00024616551989502646], [-0.006963315154456217, 0.00024616551989502635, 0.005340681531618259]], "chi2_level": 0.997, "chi2_df": 3, "chi2_threshold": 13.931422665512084, "N_raw": 39, "N_roi": 39, "N_inlier": 37, "refit": true}
{"timestamp": "16:49:13.987744", "frame": 37, "mu": [1.1731949148165397, 3.961632435358395, -0.06574828198292404], "Sigma": [[0.009296529003756387, -0.002188596647687645, -0.005825921789967057], [-0.0021885966476876454, 0.002953476106357992, -0.0016602899789510677], [-0.005825921789967057, -0.0016602899789510677, 0.016636581335223014]], "chi2_level": 0.997, "chi2_df": 3, "chi2_threshold": 13.931422665512084, "N_raw": 22, "N_roi": 22, "N_inlier": 20, "refit": true}
{"timestamp": "16:49:14.047754", "frame": 38, "mu": [1.1171649866558773, 3.7819809077187907, 0.7102937316875344], "Sigma": [[0.025452441286413822, -0.01661014152348625, -0.03174045378474527], [-0.01661014152348625, 0.01198210616847955, 0.017531464473910227], [-0.03174045378474527, 0.017531464473910227, 0.062370290801763616]], "chi2_level": 0.997, "chi2_df": 3, "chi2_threshold": 13.931422665512084, "N_raw": 47, "N_roi": 45, "N_inlier": 42, "refit": true}
{"timestamp": "16:49:14.103599", "frame": 39, "mu": [1.2194031126649152, 3.6363170539314513, 0.6427510296358839], "Sigma": [[0.025924183902163576, -0.016677333351532167, -0.02297438708554433], [-0.016677333351532167, 0.01577100211710824, 0.013951207760978211], [-0.02297438708554433, 0.013951207760978211, 0.023436404982928573]], "chi2_level": 0.997, "chi2_df": 3, "chi2_threshold": 13.931422665512084, "N_raw": 54, "N_roi": 54, "N_inlier": 54, "refit": true}
{"timestamp": "16:49:14.158108", "frame": 40, "mu": [1.1102296291791616, 3.69329914265787, 0.9111816216947015], "Sigma": [[0.017685834556866908, -0.012036981692926094, -0.003453435032965698], [-0.01203698169292609, 0.01071058102872162, -0.0004651947518453259], [-0.003453435032965698, -0.00046519475184532584, 0.007822147302753107]], "chi2_level": 0.997, "chi2_df": 3, "chi2_threshold": 13.931422665512084, "N_raw": 47, "N_roi": 45, "N_inlier": 41, "refit": true}
{"timestamp": "16:49:14.212456", "frame": 41, "mu": [1.111032920826201, 3.603217352148457, 0.920616713668237], "Sigma": [[0.01944506588099803, -0.007681264438809995, -0.00443377700050217], [-0.007681264438809995, 0.006998190412022729, -0.00282958611375334], [-0.00443377700050217, -0.00282958611375334, 0.008169939460943623]], "chi2_level": 0.997, "chi2_df": 3, "chi2_threshold": 13.931422665512084, "N_raw": 53, "N_roi": 53, "N_inlier": 53, "refit": true}
{"timestamp": "16:49:14.270115", "frame": 42, "mu": [1.1201753549050706, 3.5542623300540694, 0.9152944576014452], "Sigma": [[0.016694900868393675, -0.006626836716762648, -0.009750578931842233], [-0.006626836716762648, 0.007152519273505155, -0.004722785740276115], [-0.009750578931842231, -0.004722785740276115, 0.024764547646268165]], "chi2_level": 0.997, "chi2_df": 3, "chi2_threshold": 13.931422665512084, "N_raw": 62, "N_roi": 62, "N_inlier": 62, "refit": true}
{"timestamp": "16:49:14.320475", "frame": 43, "mu": [1.0832997953429921, 3.5404401220788677, 0.7746207929679686], "Sigma": [[0.02222718526718461, -0.016865810506403827, 0.002010046146816606], [-0.016865810506403827, 0.01439730072115976, -0.0040702165224743726], [0.0020100461468166055, -0.0040702165224743726, 0.016774789824941513]], "chi2_level": 0.997, "chi2_df": 3, "chi2_threshold": 13.931422665512084, "N_raw": 36, "N_roi": 34, "N_inlier": 33, "refit": true}
{"timestamp": "16:49:14.374568", "frame": 44, "mu": [1.1910722957138353, 3.3268264326347055, 0.8075866709454191], "Sigma": [[0.025210313190460583, -0.021824642725388987, -0.016434960880304373], [-0.021824642725388987, 0.021884666002714687, 0.010903060443881722], [-0.016434960880304373, 0.010903060443881722, 0.02116437221960181]], "chi2_level": 0.997, "chi2_df": 3, "chi2_threshold": 13.931422665512084, "N_raw": 32, "N_roi": 32, "N_inlier": 32, "refit": true}
{"timestamp": "16:49:14.435701", "frame": 45, "mu": [1.1141362494603115, 3.3115441868591367, 0.7841039503501629], "Sigma": [[0.02093689794803063, -0.015505102652703145, -0.00624709773058023], [-0.015505102652703145, 0.018372080062433703, 0.0007875752498891645], [-0.006247097730580228, 0.0007875752498891645, 0.016900459098692994]], "chi2_level": 0.997, "chi2_df": 3, "chi2_threshold": 13.931422665512084, "N_raw": 69, "N_roi": 69, "N_inlier": 69, "refit": true}
{"timestamp": "16:49:14.492197", "frame": 46, "mu": [0.9495366711984735, 3.342251872819825, 0.8603916863339703], "Sigma": [[0.0160151207305872, -0.007974841681778496, -0.012395926721779606], [-0.007974841681778496, 0.02753908208160049, 0.021246255605738416], [-0.012395926721779605, 0.02124625560573842, 0.06434004137928137]], "chi2_level": 0.997, "chi2_df": 3, "chi2_threshold": 13.931422665512084, "N_raw": 79, "N_roi": 79, "N_inlier": 79, "refit": true}
{"timestamp": "16:49:14.543679", "frame": 47, "mu": [0.8801404035539618, 3.4133451416250256, -0.7394348791026385], "Sigma": [[0.01285717617569207, 0.003102396342163191, 0.040804541063385255], [0.003102396342163191, 0.01061741593206997, 0.02273694231904217], [0.040804541063385255, 0.02273694231904217, 0.26305735227483074]], "chi2_level": 0.997, "chi2_df": 3, "chi2_threshold": 13.931422665512084, "N_raw": 60, "N_roi": 60, "N_inlier": 59, "refit": true}
{"timestamp": "16:49:14.591370", "frame": 48, "mu": [0.9317051172514772, 3.230290310229951, 0.8638333438535717], "Sigma": [[0.00047400422834447054, 0.001390838352417668, 0.0029555583554823498], [0.0013908383524176683, 0.017735407830253767, 0.007487594238927237], [0.00295555835548235, 0.007487594238927237, 0.03198906681321138]], "chi2_level": 0.997, "chi2_df": 3, "chi2_threshold": 13.931422665512084, "N_raw": 8, "N_roi": 7, "N_inlier": 7, "refit": true}
{"timestamp": "16:49:14.707486", "frame": 50, "mu": [0.7415680893800941, 3.323486313330622, 1.2218499502462734], "Sigma": [[0.016471063642665512, -0.004557427647750944, -0.011611511992347346], [-0.004557427647750943, 0.0028546740157791833, -5.3391488129430394e-05], [-0.011611511992347345, -5.3391488129430394e-05, 0.043386223975108794]], "chi2_level": 0.997, "chi2_df": 3, "chi2_threshold": 13.931422665512084, "N_raw": 54, "N_roi": 54, "N_inlier": 52, "refit": true}
{"timestamp": "16:49:14.766747", "frame": 51, "mu": [0.6677647994670217, 3.2838185985407202, 1.0941330610615372], "Sigma": [[0.018812124888999922, -0.001221036805664499, 0.011714734108807058], [-0.0012210368056644995, 0.00662148577520716, 0.009332347527590677], [0.011714734108807058, 0.009332347527590677, 0.24163626634686278]], "chi2_level": 0.997, "chi2_df": 3, "chi2_threshold": 13.931422665512084, "N_raw": 70, "N_roi": 68, "N_inlier": 66, "refit": true}
{"timestamp": "16:49:14.822216", "frame": 52, "mu": [0.6134521723172485, 3.2112038984547406, 1.1517988017292222], "Sigma": [[0.02030138792333438, 0.001835192224527157, -0.0070613885499421275], [0.0018351922245271573, 0.013912404432446407, 0.010211701006645335], [-0.0070613885499421275, 0.010211701006645335, 0.023046878243576086]], "chi2_level": 0.997, "chi2_df": 3, "chi2_threshold": 13.931422665512084, "N_raw": 78, "N_roi": 78, "N_inlier": 78, "refit": true}
{"timestamp": "16:49:14.877188", "frame": 53, "mu": [0.673088473148729, 3.274113088133192, -0.09271378150410324], "Sigma": [[0.018297449749241676, -0.004044985227690515, -0.010337552719446273], [-0.004044985227690516, 0.008523964914488947, -0.004969103855212313], [-0.010337552719446273, -0.004969103855212313, 0.02037791834009153]], "chi2_level": 0.997, "chi2_df": 3, "chi2_threshold": 13.931422665512084, "N_raw": 77, "N_roi": 77, "N_inlier": 73, "refit": true}
{"timestamp": "16:49:14.935562", "frame": 54, "mu": [0.5823969359793648, 3.3167123177657607, -0.3236217659957808], "Sigma": [[0.020004053815857493, -0.0050236228912383055, 0.014977466684758575], [-0.0050236228912383055, 0.016295379085205508, -0.014096142436528753], [0.014977466684758575, -0.014096142436528753, 0.10568965540853634]], "chi2_level": 0.997, "chi2_df": 3, "chi2_threshold": 13.931422665512084, "N_raw": 99, "N_roi": 99, "N_inlier": 97, "refit": true}
{"timestamp": "16:49:14.990734", "frame": 55, "mu": [0.5441362670841232, 3.1276044363718323, 0.9520172036834388], "Sigma": [[0.02161614194157563, -0.008309842184866575, 0.001944937918095], [-0.008309842184866575, 0.008165310959624106, -0.009122704374698025], [0.001944937918095, -0.009122704374698025, 0.02289719583904653]], "chi2_level": 0.997, "chi2_df": 3, "chi2_threshold": 13.931422665512084, "N_raw": 99, "N_roi": 99, "N_inlier": 95, "refit": true}
{"timestamp": "16:49:15.043191", "frame": 56, "mu": [0.4188142907874015, 3.1211751378301225, 1.0031508637728523], "Sigma": [[0.0202282151003363, -0.004869684271565181, 0.009327975548640295], [-0.004869684271565181, 0.004087856829108608, -0.010361395315362364], [0.009327975548640295, -0.010361395315362364, 0.04017792380555222]], "chi2_level": 0.997, "chi2_df": 3, "chi2_threshold": 13.931422665512084, "N_raw": 87, "N_roi": 87, "N_inlier": 85, "refit": true}
{"timestamp": "16:49:15.192765", "frame": 57, "mu": [0.44386361922551276, 3.0476916065987716, 0.9151774546279869], "Sigma": [[0.017826693962885474, -0.007563824381295435, -0.010457018270897272], [-0.007563824381295435, 0.008757274038088498, 0.0016203003002726144], [-0.010457018270897274, 0.0016203003002726148, 0.024704564101398006]], "chi2_level": 0.997, "chi2_df": 3, "chi2_threshold": 13.931422665512084, "N_raw": 76, "N_roi": 74, "N_inlier": 70, "refit": true}
{"timestamp": "16:49:15.221371", "frame": 58, "mu": [0.4503597280388871, 2.9850894248124265, 1.1052015401816937], "Sigma": [[0.01873350712351048, -0.0022784210877158984, -0.015025010053492126], [-0.0022784210877158984, 0.0014492127147233567, -0.0030834343443026622], [-0.01502501005349213, -0.0030834343443026622, 0.05611090594230484]], "chi2_level": 0.997, "chi2_df": 3, "chi2_threshold": 13.931422665512084, "N_raw": 74, "N_roi": 74, "N_inlier": 71, "refit": true}
{"timestamp": "16:49:15.269481", "frame": 59, "mu": [0.39322428921410874, 2.9580084204597292, 1.0580316559770258], "Sigma": [[0.014031983943549311, -0.0061028840671801384, -0.005018859157190642], [-0.0061028840671801384, 0.004628039736598713, -0.0063800101943249105], [-0.005018859157190642, -0.0063800101943249105, 0.0718183323135547]], "chi2_level": 0.997, "chi2_df": 3, "chi2_threshold": 13.931422665512084, "N_raw": 84, "N_roi": 81, "N_inlier": 78, "refit": true}
{"timestamp": "16:49:15.298875", "frame": 60, "mu": [0.3869315853939141, 3.0457386591772044, 0.8270429096372073], "Sigma": [[0.030248438157264766, 0.008405983896782317, -0.03949881934490521], [0.008405983896782319, 0.036817357244425905, -0.050491540599941855], [-0.039498819344905206, -0.050491540599941855, 0.14237751968948456]], "chi2_level": 0.997, "chi2_df": 3, "chi2_threshold": 13.931422665512084, "N_raw": 123, "N_roi": 123, "N_inlier": 123, "refit": true}
{"timestamp": "16:49:15.330476", "frame": 61, "mu": [0.3460444949194588, 2.8760701152152515, 1.051598531211878], "Sigma": [[0.02056557654488201, -0.008020363758628444, -0.0019965970377689296], [-0.008020363758628444, 0.007718522536068017, -0.005648754379952652], [-0.001996597037768929, -0.005648754379952652, 0.01963777847818285]], "chi2_level": 0.997, "chi2_df": 3, "chi2_threshold": 13.931422665512084, "N_raw": 89, "N_roi": 89, "N_inlier": 85, "refit": true}
{"timestamp": "16:49:15.369647", "frame": 62, "mu": [0.31797343840175174, 2.8048960345070237, 0.9936066109371128], "Sigma": [[0.015636798346577305, -0.0024485921605745882, -0.004080961687929996], [-0.0024485921605745887, 0.003445288040600137, -0.0025479217932867938], [-0.004080961687929996, -0.002547921793286794, 0.006194281928726353]], "chi2_level": 0.997, "chi2_df": 3, "chi2_threshold": 13.931422665512084, "N_raw": 65, "N_roi": 65, "N_inlier": 60, "refit": true}
{"timestamp": "16:49:15.427520", "frame": 63, "mu": [0.1370815103041571, 2.8614832692831245, 1.180798731832396], "Sigma": [[0.029778003792314024, -0.012923040376533157, 0.006649240090806722], [-0.012923040376533156, 0.007650049157557409, -0.008092475483433729], [0.006649240090806722, -0.008092475483433727, 0.026545178725300024]], "chi2_level": 0.997, "chi2_df": 3, "chi2_threshold": 13.931422665512084, "N_raw": 76, "N_roi": 76, "N_inlier": 73, "refit": true}
{"timestamp": "16:49:15.484752", "frame": 64, "mu": [0.12696459680652716, 2.9930618282508976, -0.21246215657423384], "Sigma": [[0.028940385652623378, -0.015827652921957286, -0.008313225383611393], [-0.015827652921957286, 0.017225636559096077, -0.006163414013819826], [-0.008313225383611395, -0.006163414013819827, 0.02587128065028367]], "chi2_level": 0.997, "chi2_df": 3, "chi2_threshold": 13.931422665512084, "N_raw": 100, "N_roi": 97, "N_inlier": 94, "refit": true}
{"timestamp": "16:49:15.538062", "frame": 65, "mu": [0.2313871055417627, 2.7203491036710252, 1.098840361076686], "Sigma": [[0.02216802126095815, -0.014267657408106378, -0.006285627331125958], [-0.014267657408106378, 0.011293595756526798, -0.0027033708763226113], [-0.006285627331125959, -0.002703370876322611, 0.06398458715867635]], "chi2_level": 0.997, "chi2_df": 3, "chi2_threshold": 13.931422665512084, "N_raw": 84, "N_roi": 84, "N_inlier": 82, "refit": true}
{"timestamp": "16:49:15.593813", "frame": 66, "mu": [0.2286110860878096, 2.6354004372389443, 1.1152165690399587], "Sigma": [[0.02313867745409602, -0.015471034261466832, -0.0064112075493825684], [-0.015471034261466832, 0.01712011893450565, 0.012364768238827036], [-0.006411207549382568, 0.012364768238827036, 0.0625723934255521]], "chi2_level": 0.997, "chi2_df": 3, "chi2_threshold": 13.931422665512084, "N_raw": 91, "N_roi": 90, "N_inlier": 88, "refit": true}
{"timestamp": "16:49:15.649058", "frame": 67, "mu": [0.24193277297447385, 2.435530976573169, 0.9379721364087101], "Sigma": [[0.014030670573387671, 0.0018795584888950797, 0.0068789373178754325], [0.0018795584888950797, 0.020144507443121927, 0.016086884644807335], [0.0068789373178754325, 0.016086884644807335, 0.02208450420086541]], "chi2_level": 0.997, "chi2_df": 3, "chi2_threshold": 13.931422665512084, "N_raw": 85, "N_roi": 85, "N_inlier": 82, "refit": true}
{"timestamp": "16:49:15.705553", "frame": 68, "mu": [0.04171895600811576, 2.6091890118073584, -0.32822332598414655], "Sigma": [[0.013756544749452192, -0.001991031574321615, 0.10491328026624619], [-0.0019910315743216153, 0.042948714171661656, -0.00040903646382496606], [0.10491328026624619, -0.00040903646382496085, 1.1529531912678384]], "chi2_level": 0.997, "chi2_df": 3, "chi2_threshold": 13.931422665512084, "N_raw": 96, "N_roi": 96, "N_inlier": 95, "refit": true}
{"timestamp": "16:49:15.759150", "frame": 69, "mu": [0.0010529928587826578, 2.409653912218616, 1.048516376859482], "Sigma": [[0.012768467029721746, 0.009572791343247263, 0.01555304694986314], [0.009572791343247265, 0.058147594583832285, 0.07584130336461185], [0.015553046949863139, 0.07584130336461187, 0.1251047762555914]], "chi2_level": 0.997, "chi2_df": 3, "chi2_threshold": 13.931422665512084, "N_raw": 92, "N_roi": 92, "N_inlier": 88, "refit": true}
{"timestamp": "16:49:15.809993", "frame": 70, "mu": [-0.10255187895046546, 2.13793948502393, 0.7390893285046966], "Sigma": [[0.012479305944278719, -0.0009840735897582594, 0.001769809972974759], [-0.000984073589758259, 0.010070246807131644, -0.0004182486521170654], [0.001769809972974759, -0.00041824865211706496, 0.014816142178978519]], "chi2_level": 0.997, "chi2_df": 3, "chi2_threshold": 13.931422665512084, "N_raw": 61, "N_roi": 61, "N_inlier": 57, "refit": true}
{"timestamp": "16:49:15.871748", "frame": 71, "mu": [-0.17881453289798727, 2.2985386609875964, 0.9678399830772475], "Sigma": [[0.02045456694203799, 0.016957217533658624, 0.03376116254594157], [0.016957217533658624, 0.0479498046080013, 0.048270015642299546], [0.03376116254594157, 0.048270015642299546, 0.1511477008225882]], "chi2_level": 0.997, "chi2_df": 3, "chi2_threshold": 13.931422665512084, "N_raw": 106, "N_roi": 106, "N_inlier": 103, "refit": true}
{"timestamp": "16:49:15.928209", "frame": 72, "mu": [-0.14767096900439944, 2.3856520093497906, 0.986459688684506], "Sigma": [[0.017769658687919403, 0.0153327637641552, 0.020430550039767695], [0.015332763764155202, 0.0329040601329782, 0.005819330907603776], [0.020430550039767695, 0.005819330907603776, 0.2213443210053336]], "chi2_level": 0.997, "chi2_df": 3, "chi2_threshold": 13.931422665512084, "N_raw": 111, "N_roi": 111, "N_inlier": 111, "refit": true}
{"timestamp": "16:49:15.982238", "frame": 73, "mu": [-0.0831189518728143, 2.3947064324012715, 1.26839176717316], "Sigma": [[0.016872504720629483, -0.002656173162463592, -0.007341766418946734], [-0.0026561731624635916, 0.01518370315259058, 0.009971660932331906], [-0.007341766418946733, 0.009971660932331906, 0.015316031850302626]], "chi2_level": 0.997, "chi2_df": 3, "chi2_threshold": 13.931422665512084, "N_raw": 105, "N_roi": 105, "N_inlier": 100, "refit": true}
{"timestamp": "16:49:16.035021", "frame": 74, "mu": [-0.2129287792735372, 2.397279494573478, 1.3194461972355584], "Sigma": [[0.021475397645542918, -0.00642156465522032, -0.014017063444181983], [-0.00642156465522032, 0.008942545444726217, 0.004904554416475568], [-0.014017063444181983, 0.004904554416475568, 0.011796780347857838]], "chi2_level": 0.997, "chi2_df": 3, "chi2_threshold": 13.931422665512084, "N_raw": 91, "N_roi": 91, "N_inlier": 87, "refit": true}
{"timestamp": "16:49:16.089039", "frame": 75, "mu": [-0.2708411423627589, 2.3640420163078146, 0.944142814787805], "Sigma": [[0.013545029528646798, -0.0018003249677547403, 0.008334806383727536], [-0.0018003249677547403, 0.003980461382490985, 0.01640422508255405], [0.008334806383727534, 0.01640422508255405, 0.38286314824907836]], "chi2_level": 0.997, "chi2_df": 3, "chi2_threshold": 13.931422665512084, "N_raw": 90, "N_roi": 90, "N_inlier": 90, "refit": true}
{"timestamp": "16:49:16.149957", "frame": 76, "mu": [-0.2910059616057534, 2.442301712934276, 0.303026762721763], "Sigma": [[0.027846542710589953, -0.019452283796627286, 0.1189188632283172], [-0.019452283796627286, 0.024646939104349036, -0.09393735487767538], [0.1189188632283172, -0.09393735487767538, 0.6515357574963908]], "chi2_level": 0.997, "chi2_df": 3, "chi2_threshold": 13.931422665512084, "N_raw": 135, "N_roi": 135, "N_inlier": 134, "refit": true}
{"timestamp": "16:49:16.208399", "frame": 77, "mu": [-0.3280947965275499, 2.423509568566616, -1.0175422895938315], "Sigma": [[0.018263749578834428, -0.014493467189040059, -0.023764674393319807], [-0.014493467189040059, 0.03475407703179737, 0.05272733860221691], [-0.023764674393319807, 0.05272733860221691, 0.5596129829923538]], "chi2_level": 0.997, "chi2_df": 3, "chi2_threshold": 13.931422665512084, "N_raw": 143, "N_roi": 143, "N_inlier": 141, "refit": true}
{"timestamp": "16:49:16.256412", "frame": 78, "mu": [-0.40309171217744144, 2.2930846896914123, 0.8744907233674615], "Sigma": [[0.034167540915850975, -0.005744668170746028, 0.009725537766555624], [-0.005744668170746028, 0.002106304389503291, -0.002893541000862432], [0.009725537766555624, -0.0028935410008624316, 0.025631740243059788]], "chi2_level": 0.997, "chi2_df": 3, "chi2_threshold": 13.931422665512084, "N_raw": 96, "N_roi": 96, "N_inlier": 93, "refit": true}
{"timestamp": "16:49:16.311041", "frame": 79, "mu": [-0.4426160655600424, 2.269210959824357, 1.000587147077802], "Sigma": [[0.030649077454144892, -0.0028545170655076184, 0.015302670205975706], [-0.0028545170655076184, 0.0021698022937496194, -0.007497827553034378], [0.015302670205975704, -0.007497827553034379, 0.08651972927304935]], "chi2_level": 0.997, "chi2_df": 3, "chi2_threshold": 13.931422665512084, "N_raw": 102, "N_roi": 102, "N_inlier": 99, "refit": true}
{"timestamp": "16:49:16.360534", "frame": 80, "mu": [-0.3556848471096172, 2.1812455311389134, 0.8338953631594046], "Sigma": [[0.013255316764619168, -0.0006648378705230739, -0.005401502881514069], [-0.0006648378705230739, 0.0011918654753396696, -0.0009576907872961972], [-0.005401502881514069, -0.0009576907872961972, 0.042168797824874954]], "chi2_level": 0.997, "chi2_df": 3, "chi2_threshold": 13.931422665512084, "N_raw": 63, "N_roi": 62, "N_inlier": 59, "refit": true}
{"timestamp": "16:49:16.414697", "frame": 81, "mu": [-0.6419686332287433, 2.1805108100476307, 1.043726205310695], "Sigma": [[0.02862093011436141, -0.0007463852263701453, 0.03136100064096325], [-0.0007463852263701451, 0.0019025768450812441, -0.00641757284339704], [0.03136100064096325, -0.006417572843397039, 0.07994038841691734]], "chi2_level": 0.997, "chi2_df": 3, "chi2_threshold": 13.931422665512084, "N_raw": 62, "N_roi": 62, "N_inlier": 60, "refit": true}
{"timestamp": "16:49:16.477276", "frame": 82, "mu": [-0.4958104216684189, 2.1727874881207816, 0.01828896847214823], "Sigma": [[0.02796169437405273, -0.009704155848852349, 0.09065161976372535], [-0.009704155848852349, 0.011524700300238168, -0.05032844957378179], [0.09065161976372535, -0.0503284495737818, 0.4381601259572143]], "chi2_level": 0.997, "chi2_df": 3, "chi2_threshold": 13.931422665512084, "N_raw": 114, "N_roi": 113, "N_inlier": 113, "refit": true}
{"timestamp": "16:49:16.528117", "frame": 83, "mu": [-0.5760903390570976, 2.1169915227141485, 0.7367684288265425], "Sigma": [[0.030808134314322916, -0.008218936411661226, -0.015809276094679137], [-0.008218936411661226, 0.007578821356881475, -0.023592637332032138], [-0.015809276094679137, -0.023592637332032134, 0.3234778825949289]], "chi2_level": 0.997, "chi2_df": 3, "chi2_threshold": 13.931422665512084, "N_raw": 84, "N_roi": 82, "N_inlier": 79, "refit": true}
{"timestamp": "16:49:16.583753", "frame": 84, "mu": [-0.5971426265026829, 2.0274843583548843, 1.1617224376918456], "Sigma": [[0.02172851166233962, -0.006030115137271913, 0.01574704954275446], [-0.006030115137271914, 0.00477703684850059, -0.014603718677264624], [0.01574704954275446, -0.014603718677264626, 0.09340622771204704]], "chi2_level": 0.997, "chi2_df": 3, "chi2_threshold": 13.931422665512084, "N_raw": 81, "N_roi": 81, "N_inlier": 78, "refit": true}
{"timestamp": "16:49:16.634723", "frame": 85, "mu": [-0.6563033124894841, 1.9859473059421842, 0.615431710352464], "Sigma": [[0.03314135445915709, -0.018594552075883432, -0.0005163028016984149], [-0.018594552075883432, 0.015446685131498246, 0.022276892756646613], [-0.000516302801698414, 0.022276892756646613, 0.3808910329016919]], "chi2_level": 0.997, "chi2_df": 3, "chi2_threshold": 13.931422665512084, "N_raw": 65, "N_roi": 65, "N_inlier": 64, "refit": true}
{"timestamp": "16:49:16.692689", "frame": 86, "mu": [-0.5002874999186211, 1.8955114751799367, 1.0843875489066799], "Sigma": [[0.00824377714383077, -0.002296569127158253, -0.00326962892173604], [-0.002296569127158253, 0.003765430096480069, 0.009466011953325361], [-0.00326962892173604, 0.009466011953325361, 0.13599071598988466]], "chi2_level": 0.997, "chi2_df": 3, "chi2_threshold": 13.931422665512084, "N_raw": 83, "N_roi": 83, "N_inlier": 82, "refit": true}
{"timestamp": "16:49:16.745762", "frame": 87, "mu": [-0.5938661889438837, 1.8719362447745742, 1.197815298089778], "Sigma": [[0.016740720022774352, -0.004191879280744925, 0.021161418402006107], [-0.004191879280744925, 0.005516435819594924, 0.002690741538229572], [0.021161418402006107, 0.0026907415382295724, 0.09805292131311946]], "chi2_level": 0.997, "chi2_df": 3, "chi2_threshold": 13.931422665512084, "N_raw": 72, "N_roi": 72, "N_inlier": 71, "refit": true}
{"timestamp": "16:49:16.797022", "frame": 88, "mu": [-0.5303475661117555, 1.7424957720679046, 1.1444890483035108], "Sigma": [[0.006484679127090021, -0.0009852596942404234, 0.013017826664748364], [-0.0009852596942404232, 0.002417038957010069, -0.002879288269823926], [0.013017826664748364, -0.002879288269823926, 0.14460126681802662]], "chi2_level": 0.997, "chi2_df": 3, "chi2_threshold": 13.931422665512084, "N_raw": 43, "N_roi": 43, "N_inlier": 42, "refit": true}
{"timestamp": "16:49:16.852988", "frame": 89, "mu": [-0.5541366350990984, 1.7161005759336114, 1.1696192937342145], "Sigma": [[0.01062078074264245, -0.001302918194136719, 0.008774265962820766], [-0.001302918194136719, 0.003987812121131092, 0.007885113882750865], [0.008774265962820767, 0.007885113882750866, 0.08933483957706624]], "chi2_level": 0.997, "chi2_df": 3, "chi2_threshold": 13.931422665512084, "N_raw": 50, "N_roi": 50, "N_inlier": 48, "refit": true}
{"timestamp": "16:49:16.908375", "frame": 90, "mu": [-0.6695608169400974, 1.7683974077234315, 1.1983792547176404], "Sigma": [[0.012184093450145773, -0.0075257427147871845, 0.003684685740588784], [-0.0075257427147871845, 0.008760137874515048, -0.0016835382762031771], [0.003684685740588784, -0.0016835382762031776, 0.10322258481354485]], "chi2_level": 0.997, "chi2_df": 3, "chi2_threshold": 13.931422665512084, "N_raw": 53, "N_roi": 53, "N_inlier": 50, "refit": true}
{"timestamp": "16:49:16.964352", "frame": 91, "mu": [-0.7071726140531807, 1.7261886058882048, 1.3236284353382266], "Sigma": [[0.009677703299315743, -0.00439473744931816, -0.009160145904529342], [-0.00439473744931816, 0.005997696808669905, 0.005420384801806982], [-0.009160145904529342, 0.005420384801806982, 0.016673436839800024]], "chi2_level": 0.997, "chi2_df": 3, "chi2_threshold": 13.931422665512084, "N_raw": 59, "N_roi": 59, "N_inlier": 55, "refit": true}
{"timestamp": "16:49:17.020052", "frame": 92, "mu": [-0.8338431919214601, 1.717908732504147, 1.447759520492221], "Sigma": [[0.007917630043147186, -0.0008866197571162299, -0.00731461534889063], [-0.0008866197571162298, 0.005089764554522903, -0.0007227028011464461], [-0.00731461534889063, -0.0007227028011464463, 0.013441866433134305]], "chi2_level": 0.997, "chi2_df": 3, "chi2_threshold": 13.931422665512084, "N_raw": 66, "N_roi": 64, "N_inlier": 60, "refit": true}
{"timestamp": "16:49:17.076440", "frame": 93, "mu": [-0.7745326909241178, 1.700852343306806, 1.2505683073526972], "Sigma": [[0.007000184169875231, -0.004375751411832921, -0.007644349518529413], [-0.004375751411832921, 0.0065243143911364555, 0.002996202504332002], [-0.007644349518529413, 0.002996202504332002, 0.03977592112137819]], "chi2_level": 0.997, "chi2_df": 3, "chi2_threshold": 13.931422665512084, "N_raw": 78, "N_roi": 77, "N_inlier": 74, "refit": true}
{"timestamp": "16:49:17.128728", "frame": 94, "mu": [-0.8423980409788705, 1.6151900003747828, 1.3479238176332482], "Sigma": [[0.007878816646868297, -0.002319070616534225, -0.004876842438635261], [-0.002319070616534225, 0.005746624104806115, 0.000676548375214696], [-0.004876842438635262, 0.000676548375214696, 0.004149769312097287]], "chi2_level": 0.997, "chi2_df": 3, "chi2_threshold": 13.931422665512084, "N_raw": 57, "N_roi": 57, "N_inlier": 54, "refit": true}
{"timestamp": "16:49:17.184699", "frame": 95, "mu": [-0.874385576240849, 1.5885024295688552, 1.3651167748954964], "Sigma": [[0.009151942557962854, -0.0027076015746460625, -0.006527383523833276], [-0.0027076015746460625, 0.005126682396852597, 0.00043378032802085596], [-0.006527383523833277, 0.00043378032802085607, 0.0057512142745156725]], "chi2_level": 0.997, "chi2_df": 3, "chi2_threshold": 13.931422665512084, "N_raw": 62, "N_roi": 62, "N_inlier": 57, "refit": true}
