{"timestamp": "16:43:56.547175", "frame": 22, "mu": [-2.211414068316613, 4.975566994932709, 0.7947901543192357], "Sigma": [[0.011226961841698838, 0.0015429199187952753, -0.00024245728799492474], [0.0015429199187952753, 0.0005441119054026984, -0.0007651599059261586], [-0.00024245728799492474, -0.0007651599059261585, 0.005369257396792343]], "chi2_level": 0.997, "chi2_df": 3, "chi2_threshold": 13.931422665512084, "N_raw": 22, "N_roi": 9, "N_inlier": 9, "refit": true}
{"timestamp": "16:43:56.602630", "frame": 23, "mu": [-2.0704975473817124, 4.97733906775873, 0.9508314536347101], "Sigma": [[0.023698114833029922, 0.0008100381899952021, -0.0062976986934327895], [0.0008100381899952022, 0.0003067220937287259, -0.0009112597227965281], [-0.0062976986934327895, -0.0009112597227965281, 0.010794497962031828]], "chi2_level": 0.997, "chi2_df": 3, "chi2_threshold": 13.931422665512084, "N_raw": 30, "N_roi": 12, "N_inlier": 12, "refit": true}
{"timestamp": "16:43:56.656039", "frame": 24, "mu": [-2.0249075951041178, 4.949136991380516, 0.8007934934576486], "Sigma": [[0.019738541069683414, 0.0010765408883136357, -0.019901507972500107], [0.0010765408883136357, 0.0012111486501307292, -0.001117494890158534], [-0.019901507972500107, -0.0011174948901585338, 0.023578306965786458]], "chi2_level": 0.997, "chi2_df": 3, "chi2_threshold": 13.931422665512084, "N_raw": 14, "N_roi": 9, "N_inlier": 9, "refit": true}
{"timestamp": "16:43:56.718579", "frame": 25, "mu": [-2.0953475941764834, 4.8596852701981845, 0.3222046482027583], "Sigma": [[0.04528737357332245, 0.008661435906409717, -0.006602126289608341], [0.008661435906409717, 0.0036897478241273924, 0.0033464620147492536], [-0.006602126289608341, 0.0033464620147492545, 0.10923244760832436]], "chi2_level": 0.997, "chi2_df": 3, "chi2_threshold": 13.931422665512084, "N_raw": 67, "N_roi": 65, "N_inlier": 65, "refit": true}
{"timestamp": "16:43:56.777011", "frame": 26, "mu": [-1.9719474594209307, 4.883055152783147, 0.7795605483286019], "Sigma": [[0.052030788694866686, 0.007036475448299601, -0.012905587150378952], [0.007036475448299601, 0.004481300244324977, -0.006112757447286824], [-0.012905587150378952, -0.006112757447286823, 0.036732376829645974]], "chi2_level": 0.997, "chi2_df": 3, "chi2_threshold": 13.931422665512084, "N_raw": 71, "N_roi": 65, "N_inlier": 64, "refit": true}
{"timestamp": "16:43:56.830229", "frame": 27, "mu": [-1.9717817356566207, 4.818675662300568, 0.8358137210727866], "Sigma": [[0.044706818301568314, 0.00823246517973948, -0.02866288570521934], [0.00823246517973948, 0.005717367760458134, -0.008609071696627276], [-0.02866288570521934, -0.008609071696627276, 0.027930353442712236]], "chi2_level": 0.997, "chi2_df": 3, "chi2_threshold": 13.931422665512084, "N_raw": 59, "N_roi": 57, "N_inlier": 55, "refit": true}
{"timestamp": "16:43:56.882221", "frame": 28, "mu": [-1.9363942697276166, 4.780954164638674, 0.7458112748558494], "Sigma": [[0.03411886460894254, 0.006791319229922566, -0.01876117940065385], [0.006791319229922566, 0.002561502439341113, -0.006314636175129335], [-0.018761179400653853, -0.006314636175129335, 0.024969547115626343]], "chi2_level": 0.997, "chi2_df": 3, "chi2_threshold": 13.931422665512084, "N_raw": 39, "N_roi": 38, "N_inlier": 36, "refit": true}
{"timestamp": "16:43:56.935977", "frame": 29, "mu": [-1.9992927948186248, 4.692955485174368, 0.7872176695803741], "Sigma": [[0.0256362965608496, 0.0032273469807276582, -0.027820195628970597], [0.0032273469807276587, 0.002719048114420505, -0.005839288569448535], [-0.027820195628970597, -0.005839288569448535, 0.036394020059413855]], "chi2_level": 0.997, "chi2_df": 3, "chi2_threshold": 13.931422665512084, "N_raw": 34, "N_roi": 33, "N_inlier": 32, "refit": true}
{"timestamp": "16:43:56.987935", "frame": 30, "mu": [-2.048131222520612, 4.711813250476586, 0.8346631949274873], "Sigma": [[0.01553431322838912, 0.001862013819198795, -0.00603981874900522], [0.0018620138191987954, 0.0010885207965403364, -0.002063677786036081], [-0.00603981874900522, -0.002063677786036081, 0.00788502439672868]], "chi2_level": 0.997, "chi2_df": 3, "chi2_threshold": 13.931422665512084, "N_raw": 15, "N_roi": 15, "N_inlier": 14, "refit": true}
{"timestamp": "16:43:57.046091", "frame": 31, "mu": [-2.0457465644782293, 4.6306333799469, 0.8514330075521962], "Sigma": [[0.027683002687468705, 0.006415025524898553, -0.011077870306436742], [0.006415025524898553, 0.003563405607085608, -0.005574511981274904], [-0.01107787030643674, -0.005574511981274904, 0.0127461880499766]], "chi2_level": 0.997, "chi2_df": 3, "chi2_threshold": 13.931422665512084, "N_raw": 36, "N_roi": 34, "N_inlier": 34, "refit": true}
{"timestamp": "16:43:57.099624", "frame": 32, "mu": [-2.1000786153756468, 4.562188157564235, 0.8369047922729757], "Sigma": [[0.024554287418485404, 0.006194991407115397, -0.014714599547549834], [0.006194991407115397, 0.003182208286560106, -0.006056435942908311], [-0.014714599547549834, -0.006056435942908311, 0.015593757542952997]], "chi2_level": 0.997, "chi2_df": 3, "chi2_threshold": 13.931422665512084, "N_raw": 27, "N_roi": 25, "N_inlier": 25, "refit": true}
{"timestamp": "16:43:57.156049", "frame": 33, "mu": [-2.1431551800875392, 4.5227587467071215, 0.8139963772428914], "Sigma": [[0.019082572755961973, 0.00533981408656878, -0.010048208476439266], [0.005339814086568779, 0.003161868949852693, -0.004561916579939979], [-0.010048208476439266, -0.004561916579939979, 0.00958624859978271]], "chi2_level": 0.997, "chi2_df": 3, "chi2_threshold": 13.931422665512084, "N_raw": 29, "N_roi": 23, "N_inlier": 23, "refit": true}
{"timestamp": "16:43:57.212989", "frame": 34, "mu": [-2.0824338189988483, 4.499921858325378, 0.9059084953382838], "Sigma": [[0.029436851291450305, 0.007318111828956395, -0.01370620781552431], [0.007318111828956395, 0.00503722926854198, -0.006591091894704828], [-0.013706207815524306, -0.006591091894704828, 0.012533036262901179]], "chi2_level": 0.997, "chi2_df": 3, "chi2_threshold": 13.931422665512084, "N_raw": 45, "N_roi": 41, "N_inlier": 41, "refit": true}
{"timestamp": "16:43:57.268934", "frame": 35, "mu": [-2.021755134620191, 4.4308741015829565, 0.77318086414366], "Sigma": [[0.029570641857843687, 0.005707677510468804, -0.0269433496607537], [0.005707677510468804, 0.003960145923261969, -0.00975873034871115], [-0.026943349660753697, -0.00975873034871115, 0.03981354166986819]], "chi2_level": 0.997, "chi2_df": 3, "chi2_threshold": 13.931422665512084, "N_raw": 53, "N_roi": 49, "N_inlier": 49, "refit": true}
{"timestamp": "16:43:57.374756", "frame": 37, "mu": [-2.0999695592333123, 4.274989958089701, 0.7978655209523124], "Sigma": [[0.021952240677618085, 0.004761827592055994, -0.012147788799798748], [0.004761827592055994, 0.002123839873083377, -0.006255962466495736], [-0.012147788799798748, -0.006255962466495736, 0.029065517798647904]], "chi2_level": 0.997, "chi2_df": 3, "chi2_threshold": 13.931422665512084, "N_raw": 36, "N_roi": 35, "N_inlier": 35, "refit": true}
{"timestamp": "16:43:57.430121", "frame": 38, "mu": [-1.9902971535022542, 4.21533065365312, 0.7239236108936844], "Sigma": [[0.025450622294501304, 0.0074807020494351215, -0.012526158223530287], [0.0074807020494351215, 0.0033262928711507503, -0.0047893207339371364], [-0.012526158223530287, -0.004789320733937136, 0.009537455128625368]], "chi2_level": 0.997, "chi2_df": 3, "chi2_threshold": 13.931422665512084, "N_raw": 28, "N_roi": 28, "N_inlier": 26, "refit": true}
{"timestamp": "16:43:57.482688", "frame": 39, "mu": [-2.0786388327768925, 4.150061522086673, 0.8741751836650152], "Sigma": [[0.02189650303279258, -0.0003338597313731263, -0.0044947476848053195], [-0.0003338597313731263, 0.0011139496719500912, -0.0032476033296914408], [-0.004494747684805319, -0.0032476033296914408, 0.01682660149898759]], "chi2_level": 0.997, "chi2_df": 3, "chi2_threshold": 13.931422665512084, "N_raw": 14, "N_roi": 14, "N_inlier": 14, "refit": true}
{"timestamp": "16:43:57.538615", "frame": 40, "mu": [-1.9887437782583046, 4.117325255929708, 0.8057567386759369], "Sigma": [[0.014569427194723967, 0.000851601131592117, -0.003632553744933589], [0.000851601131592117, 0.0024950488452376495, -0.00232377225000725], [-0.003632553744933589, -0.00232377225000725, 0.0043411558493267706]], "chi2_level": 0.997, "chi2_df": 3, "chi2_threshold": 13.931422665512084, "N_raw": 20, "N_roi": 20, "N_inlier": 20, "refit": true}
{"timestamp": "16:43:57.592950", "frame": 41, "mu": [-2.0465843370249996, 4.083381676590574, 0.7607498588213504], "Sigma": [[0.024359698844833605, -0.002984866395542233, 0.005453030902734125], [-0.0029848663955422327, 0.0009872595151700027, 0.00020142636225248852], [0.005453030902734125, 0.00020142636225248842, 0.020778772228789624]], "chi2_level": 0.997, "chi2_df": 3, "chi2_threshold": 13.931422665512084, "N_raw": 10, "N_roi": 10, "N_inlier": 10, "refit": true}
{"timestamp": "16:43:57.650635", "frame": 42, "mu": [-1.9297362489262675, 4.029367497068741, 0.8471929660818738], "Sigma": [[0.018518437988424112, 0.0005575483270118665, -0.012932890795402588], [0.0005575483270118665, 0.0008332679435649301, -0.0023317076554863355], [-0.01293289079540259, -0.0023317076554863355, 0.033406604492189795]], "chi2_level": 0.997, "chi2_df": 3, "chi2_threshold": 13.931422665512084, "N_raw": 32, "N_roi": 32, "N_inlier": 32, "refit": true}
{"timestamp": "16:43:57.707038", "frame": 43, "mu": [-1.7652720803452986, 4.136836163839472, -0.1372410412971165], "Sigma": [[0.040584429449290894, 0.006589253469317177, -0.024796542567111036], [0.006589253469317177, 0.005456120423162008, -0.008379551322302017], [-0.024796542567111036, -0.008379551322302017, 0.028986857120835235]], "chi2_level": 0.997, "chi2_df": 3, "chi2_threshold": 13.931422665512084, "N_raw": 42, "N_roi": 42, "N_inlier": 41, "refit": true}
{"timestamp": "16:43:57.759151", "frame": 44, "mu": [-2.071537035245278, 3.924851071371181, 0.7644191610776537], "Sigma": [[0.025433466508242, -6.711662821098791e-05, 0.0021261090435804697], [-6.711662821098845e-05, 0.002590839803511697, -0.0009159011030905688], [0.0021261090435804693, -0.0009159011030905688, 0.011162245296722434]], "chi2_level": 0.997, "chi2_df": 3, "chi2_threshold": 13.931422665512084, "N_raw": 19, "N_roi": 19, "N_inlier": 19, "refit": true}
{"timestamp": "16:43:57.814766", "frame": 45, "mu": [-2.002349683311209, 3.868435781166379, 0.9131006205863661], "Sigma": [[0.013933093848401612, 0.004683419905886646, -0.005458812899314498], [0.004683419905886646, 0.0018200741565220283, -0.0016615058857188283], [-0.005458812899314498, -0.0016615058857188283, 0.06049737134967672]], "chi2_level": 0.997, "chi2_df": 3, "chi2_threshold": 13.931422665512084, "N_raw": 30, "N_roi": 30, "N_inlier": 29, "refit": true}
{"timestamp": "16:43:57.868985", "frame": 46, "mu": [-2.0606792017079236, 3.8241784773754386, -1.4492323074849205], "Sigma": [[0.006894244559099674, 0.0063096864605307924, 0.024583996978086328], [0.006309686460530792, 0.020082975423657307, 0.04865084415217085], [0.024583996978086324, 0.04865084415217085, 0.16753565750590257]], "chi2_level": 0.997, "chi2_df": 3, "chi2_threshold": 13.931422665512084, "N_raw": 18, "N_roi": 17, "N_inlier": 16, "refit": true}
{"timestamp": "16:43:57.924340", "frame": 47, "mu": [-1.9970893146174544, 3.757625401420328, 0.8988470237376683], "Sigma": [[0.019963286911276905, 0.007251908207029549, -0.00868079932993787], [0.007251908207029549, 0.0034790347591267786, -0.004246392388936253], [-0.008680799329937872, -0.004246392388936253, 0.018954760692074427]], "chi2_level": 0.997, "chi2_df": 3, "chi2_threshold": 13.931422665512084, "N_raw": 27, "N_roi": 27, "N_inlier": 26, "refit": true}
{"timestamp": "16:43:57.982726", "frame": 48, "mu": [-2.024058821124491, 3.7067684926824755, 1.0024019604225902], "Sigma": [[0.025631272139083852, 0.0076262921218795965, -0.012456023394297024], [0.0076262921218795965, 0.005827785882692779, -0.007375179226537472], [-0.012456023394297022, -0.007375179226537472, 0.013538676821551748]], "chi2_level": 0.997, "chi2_df": 3, "chi2_threshold": 13.931422665512084, "N_raw": 51, "N_roi": 49, "N_inlier": 48, "refit": true}
{"timestamp": "16:43:58.035242", "frame": 49, "mu": [-2.0086516680863062, 3.628955897216187, 0.8390334676687907], "Sigma": [[0.009785743865044433, 0.0027242642388775285, -0.009992154688176763], [0.0027242642388775285, 0.001629179528077327, -0.0055766300429545375], [-0.009992154688176763, -0.0055766300429545375, 0.02936552775615273]], "chi2_level": 0.997, "chi2_df": 3, "chi2_threshold": 13.931422665512084, "N_raw": 23, "N_roi": 22, "N_inlier": 21, "refit": true}
{"timestamp": "16:43:58.092351", "frame": 50, "mu": [-2.0794653391714837, 3.5587027342678805, 1.0869454770769698], "Sigma": [[0.023717654401360623, 0.00860205208658225, -0.00753550583843142], [0.00860205208658225, 0.0050593495890956615, -0.0059983074007538915], [-0.00753550583843142, -0.0059983074007538915, 0.013797876961358852]], "chi2_level": 0.997, "chi2_df": 3, "chi2_threshold": 13.931422665512084, "N_raw": 39, "N_roi": 38, "N_inlier": 38, "refit": true}
{"timestamp": "16:43:58.149861", "frame": 51, "mu": [-2.0625717022525354, 3.531960932313472, 1.0567239793574008], "Sigma": [[0.03564130263466547, 0.010635220787441819, -0.019867197790488587], [0.010635220787441819, 0.0084136300366536, -0.008761692159530668], [-0.01986719779048859, -0.008761692159530668, 0.015512925520367654]], "chi2_level": 0.997, "chi2_df": 3, "chi2_threshold": 13.931422665512084, "N_raw": 62, "N_roi": 62, "N_inlier": 61, "refit": true}
{"timestamp": "16:43:58.201060", "frame": 52, "mu": [-2.050477058854392, 3.4905669665669428, 1.0211555061531605], "Sigma": [[0.01914248773018095, 0.004200071527261624, -0.013785302246403876], [0.004200071527261624, 0.0029693867777886174, -0.005839628609300384], [-0.013785302246403876, -0.005839628609300384, 0.01741386844863991]], "chi2_level": 0.997, "chi2_df": 3, "chi2_threshold": 13.931422665512084, "N_raw": 35, "N_roi": 35, "N_inlier": 34, "refit": true}
{"timestamp": "16:43:58.256194", "frame": 53, "mu": [-2.061281547333831, 3.408091429249481, 1.0024116086866348], "Sigma": [[0.019846870478711136, 0.0041167803908376014, -0.013816211804538042], [0.0041167803908376014, 0.0023010161305688573, -0.006579821221445831], [-0.013816211804538042, -0.006579821221445831, 0.02589510645069816]], "chi2_level": 0.997, "chi2_df": 3, "chi2_threshold": 13.931422665512084, "N_raw": 36, "N_roi": 36, "N_inlier": 36, "refit": true}
{"timestamp": "16:43:58.315691", "frame": 54, "mu": [-2.0937083633940063, 3.3774461205177144, 1.1144498867034593], "Sigma": [[0.032068895211650274, 0.009973621550171022, -0.024527065205408292], [0.009973621550171022, 0.007567352138342156, -0.012630462407880821], [-0.024527065205408292, -0.012630462407880821, 0.026204169670333295]], "chi2_level": 0.997, "chi2_df": 3, "chi2_threshold": 13.931422665512084, "N_raw": 61, "N_roi": 61, "N_inlier": 61, "refit": true}
{"timestamp": "16:43:58.363012", "frame": 55, "mu": [-2.0232197625379853, 3.282963408826817, 0.9120865061629041], "Sigma": [[0.007482791164050996, -0.00039713793957134514, -0.005857127661960645], [-0.00039713793957134525, 0.0015785398401583076, -0.0032381950700282824], [-0.005857127661960645, -0.0032381950700282824, 0.017352209710663452]], "chi2_level": 0.997, "chi2_df": 3, "chi2_threshold": 13.931422665512084, "N_raw": 12, "N_roi": 12, "N_inlier": 12, "refit": true}
{"timestamp": "16:43:58.419557", "frame": 56, "mu": [-2.2535812733492087, 3.2418960730090003, -0.7550170222864725], "Sigma": [[0.014361380793126955, 0.00851244253133368, 0.022286344443574795], [0.00851244253133368, 0.008693924054743582, 0.019462382270405653], [0.022286344443574798, 0.01946238227040565, 0.08634453377526109]], "chi2_level": 0.997, "chi2_df": 3, "chi2_threshold": 13.931422665512084, "N_raw": 25, "N_roi": 25, "N_inlier": 24, "refit": true}
{"timestamp": "16:43:58.528737", "frame": 58, "mu": [-1.9354781618572021, 3.1779238566790418, 0.9187750043938432], "Sigma": [[0.01220829130580747, 0.0023883848851627056, -0.009602072987578253], [0.0023883848851627056, 0.0015417441413325972, -0.0032873009847777185], [-0.009602072987578252, -0.0032873009847777185, 0.011300537104325555]], "chi2_level": 0.997, "chi2_df": 3, "chi2_threshold": 13.931422665512084, "N_raw": 19, "N_roi": 19, "N_inlier": 18, "refit": true}
{"timestamp": "16:43:58.585114", "frame": 59, "mu": [-1.9731613520976046, 3.0447348459288386, 0.9703982941807079], "Sigma": [[0.013665217659192609, 0.003734100645413495, -0.00996933369512115], [0.003734100645413495, 0.0023146323838110086, -0.0051919068859362025], [-0.009969333695121149, -0.0051919068859362025, 0.014484128320867226]], "chi2_level": 0.997, "chi2_df": 3, "chi2_threshold": 13.931422665512084, "N_raw": 27, "N_roi": 26, "N_inlier": 26, "refit": true}
{"timestamp": "16:43:58.696282", "frame": 61, "mu": [-1.915843820554719, 2.9976830795849603, 1.1300739770498895], "Sigma": [[0.02188388950220736, 0.0065620072030528635, -0.013961848841471822], [0.006562007203052864, 0.005145805778580663, -0.005823854256920499], [-0.013961848841471822, -0.005823854256920499, 0.010980537686195958]], "chi2_level": 0.997, "chi2_df": 3, "chi2_threshold": 13.931422665512084, "N_raw": 44, "N_roi": 44, "N_inlier": 42, "refit": true}
{"timestamp": "16:43:58.752414", "frame": 62, "mu": [-1.9976336705898339, 3.0256461903449967, -0.5092734108813775], "Sigma": [[0.012829808381801576, 0.011233975044821456, 0.02574209889643682], [0.011233975044821456, 0.02047723726961082, 0.02982836357426418], [0.02574209889643682, 0.02982836357426418, 0.10128042104866318]], "chi2_level": 0.997, "chi2_df": 3, "chi2_threshold": 13.931422665512084, "N_raw": 45, "N_roi": 45, "N_inlier": 45, "refit": true}
{"timestamp": "16:43:58.805023", "frame": 63, "mu": [-1.911929952274228, 2.925385048631057, 1.1646035291895047], "Sigma": [[0.011011514513097143, 0.001943631762380132, -0.007493909288548707], [0.001943631762380132, 0.0026987200378121787, -0.005307071564159789], [-0.007493909288548707, -0.00530707156415979, 0.016015403392375976]], "chi2_level": 0.997, "chi2_df": 3, "chi2_threshold": 13.931422665512084, "N_raw": 28, "N_roi": 28, "N_inlier": 27, "refit": true}
{"timestamp": "16:43:58.859602", "frame": 64, "mu": [-1.9983703550496714, 2.8759028847513353, 0.99118198696767], "Sigma": [[0.02863892912735474, -0.0001847711283714106, -0.015401152825518006], [-0.0001847711283714106, 0.0025007194741628125, -0.0012482133039905692], [-0.015401152825518004, -0.001248213303990569, 0.02214327138038054]], "chi2_level": 0.997, "chi2_df": 3, "chi2_threshold": 13.931422665512084, "N_raw": 28, "N_roi": 28, "N_inlier": 28, "refit": true}
{"timestamp": "16:43:58.917419", "frame": 65, "mu": [-1.7536125389226604, 2.778545231830324, 0.9865910237911257], "Sigma": [[0.025847059390867767, -0.005097660159551412, -0.018094933484163193], [-0.005097660159551412, 0.0029946872959290254, 0.0038283072146175494], [-0.018094933484163193, 0.00382830721461755, 0.028105316542228833]], "chi2_level": 0.997, "chi2_df": 3, "chi2_threshold": 13.931422665512084, "N_raw": 38, "N_roi": 29, "N_inlier": 29, "refit": true}
{"timestamp": "16:43:58.973188", "frame": 66, "mu": [-1.9540427864621461, 2.773322091057342, 1.15213446883448], "Sigma": [[0.015647989123848485, 0.0049741682888817815, -0.011909163171811395], [0.0049741682888817815, 0.003611368034397771, -0.008593084307378755], [-0.011909163171811397, -0.008593084307378755, 0.03468245009320061]], "chi2_level": 0.997, "chi2_df": 3, "chi2_threshold": 13.931422665512084, "N_raw": 50, "N_roi": 50, "N_inlier": 48, "refit": true}
{"timestamp": "16:43:59.079689", "frame": 68, "mu": [-1.977414157005372, 2.6540052821017945, 0.9012929932303038], "Sigma": [[0.009502091930277725, 0.0016497471687977954, -0.007714659750416693], [0.0016497471687977956, 0.0013728612958093162, -0.0016864084862616108], [-0.007714659750416693, -0.0016864084862616108, 0.03724187441345392]], "chi2_level": 0.997, "chi2_df": 3, "chi2_threshold": 13.931422665512084, "N_raw": 25, "N_roi": 25, "N_inlier": 23, "refit": true}
{"timestamp": "16:43:59.133751", "frame": 69, "mu": [-1.7814171969757917, 2.5815977089309814, 1.122826328884033], "Sigma": [[0.007936689593112384, 0.0031180937644529486, -0.007148098656765758], [0.0031180937644529486, 0.0029022233090466136, -0.003980802731854392], [-0.00714809865676576, -0.003980802731854392, 0.017380550797765633]], "chi2_level": 0.997, "chi2_df": 3, "chi2_threshold": 13.931422665512084, "N_raw": 23, "N_roi": 23, "N_inlier": 22, "refit": true}
{"timestamp": "16:43:59.188562", "frame": 70, "mu": [-1.9627900526001156, 2.511426486332901, 1.0611217506055024], "Sigma": [[0.005913338842427783, 0.001315080307946819, 0.0031343692825861777], [0.001315080307946819, 0.001684389949405048, -0.0019758842317870147], [0.0031343692825861772, -0.0019758842317870147, 0.029606473923965915]], "chi2_level": 0.997, "chi2_df": 3, "chi2_threshold": 13.931422665512084, "N_raw": 24, "N_roi": 24, "N_inlier": 24, "refit": true}
{"timestamp": "16:43:59.249876", "frame": 71, "mu": [-1.947409839805547, 2.4666671470843076, 1.2346686070735926], "Sigma": [[0.021698089169731132, 0.005031325141517625, -0.006857999035718072], [0.005031325141517625, 0.005110136416051232, -0.004354719588363252], [-0.00685799903571807, -0.004354719588363252, 0.005330628595319668]], "chi2_level": 0.997, "chi2_df": 3, "chi2_threshold": 13.931422665512084, "N_raw": 60, "N_roi": 54, "N_inlier": 53, "refit": true}
{"timestamp": "16:43:59.301031", "frame": 72, "mu": [-1.9785242736283086, 2.419191746152322, 1.1449933661918472], "Sigma": [[0.011403058212875693, 0.003937637769794313, -0.00150790261694922], [0.003937637769794313, 0.003601863094780568, -0.0046804328557850175], [-0.0015079026169492198, -0.0046804328557850175, 0.24102762227707478]], "chi2_level": 0.997, "chi2_df": 3, "chi2_threshold": 13.931422665512084, "N_raw": 30, "N_roi": 29, "N_inlier": 29, "refit": true}
{"timestamp": "16:43:59.357306", "frame": 73, "mu": [-1.9540555075744916, 2.398611287589223, 1.2379488660568712], "Sigma": [[0.01581302857596532, 0.004594919725007087, -0.009696413763841966], [0.004594919725007087, 0.004996166543871607, -0.006879405032504076], [-0.009696413763841966, -0.006879405032504075, 0.012682844262450896]], "chi2_level": 0.997, "chi2_df": 3, "chi2_threshold": 13.931422665512084, "N_raw": 51, "N_roi": 51, "N_inlier": 49, "refit": true}
{"timestamp": "16:43:59.420355", "frame": 74, "mu": [-2.1260548180976016, 2.3345854551148655, -0.14635722984152041], "Sigma": [[0.03427559947758765, 0.03487645235022707, -0.026703296657638785], [0.03487645235022707, 0.04805743052543432, -0.05313577829786746], [-0.026703296657638785, -0.05313577829786746, 0.10596855509218514]], "chi2_level": 0.997, "chi2_df": 3, "chi2_threshold": 13.931422665512084, "N_raw": 95, "N_roi": 71, "N_inlier": 71, "refit": true}
{"timestamp": "16:43:59.468994", "frame": 75, "mu": [-2.073361022052458, 2.211304407251631, 1.2532313903597307], "Sigma": [[0.031462490291644864, 0.024668988816240488, -0.04107328475364101], [0.024668988816240488, 0.02215404430004881, -0.034192383592192455], [-0.04107328475364101, -0.03419238359219245, 0.10843888193645448]], "chi2_level": 0.997, "chi2_df": 3, "chi2_threshold": 13.931422665512084, "N_raw": 49, "N_roi": 48, "N_inlier": 48, "refit": true}
{"timestamp": "16:43:59.517689", "frame": 76, "mu": [-2.0059490935763415, 2.2016842455593486, 0.9299863617315759], "Sigma": [[0.0065423625531582956, 0.0012318661683545287, -0.0007127106552539974], [0.001231866168354529, 0.0009319068113047608, -0.001555122891000029], [-0.0007127106552539978, -0.001555122891000029, 0.006073707186982582]], "chi2_level": 0.997, "chi2_df": 3, "chi2_threshold": 13.931422665512084, "N_raw": 11, "N_roi": 11, "N_inlier": 11, "refit": true}
{"timestamp": "16:43:59.573548", "frame": 77, "mu": [-1.9168341870871655, 2.1311002443093807, 0.8914917380227809], "Sigma": [[0.0055936790538087715, 0.0023361399012973303, -0.0004605672599568176], [0.0023361399012973303, 0.0014189494892113297, 0.0005123694325956833], [-0.0004605672599568172, 0.0005123694325956836, 0.01899333529399741]], "chi2_level": 0.997, "chi2_df": 3, "chi2_threshold": 13.931422665512084, "N_raw": 20, "N_roi": 20, "N_inlier": 19, "refit": true}
{"timestamp": "16:43:59.638448", "frame": 78, "mu": [-2.063773424520531, 1.9879828009730138, 1.2169964276098233], "Sigma": [[0.026754954314400753, 0.023185349425141947, -0.020050637347332027], [0.023185349425141943, 0.02594688606071653, -0.025894115435176633], [-0.020050637347332027, -0.02589411543517663, 0.030608929458834457]], "chi2_level": 0.997, "chi2_df": 3, "chi2_threshold": 13.931422665512084, "N_raw": 89, "N_roi": 88, "N_inlier": 85, "refit": true}
{"timestamp": "16:43:59.685983", "frame": 79, "mu": [-2.0635474625149115, 1.9004948324222752, 1.1233628742622999], "Sigma": [[0.039907492274634956, 0.02774451210704546, -0.04686594925593116], [0.02774451210704546, 0.021242259988462686, -0.03728782382432963], [-0.04686594925593116, -0.03728782382432963, 0.10170089991831438]], "chi2_level": 0.997, "chi2_df": 3, "chi2_threshold": 13.931422665512084, "N_raw": 32, "N_roi": 32, "N_inlier": 32, "refit": true}
{"timestamp": "16:43:59.743887", "frame": 80, "mu": [-2.1039394615601092, 1.9501215968761134, -0.4064269297109525], "Sigma": [[0.04319367127685851, 0.03736109953249464, 0.0185160676434106], [0.03736109953249464, 0.04264228641073174, 0.014714643936097577], [0.0185160676434106, 0.014714643936097577, 0.03291867206673906]], "chi2_level": 0.997, "chi2_df": 3, "chi2_threshold": 13.931422665512084, "N_raw": 57, "N_roi": 57, "N_inlier": 57, "refit": true}
{"timestamp": "16:43:59.796334", "frame": 81, "mu": [-2.196785870239867, 1.8483456348284149, -0.28080673034144754], "Sigma": [[0.02982060101847897, 0.017639340094862406, 0.00977592952125314], [0.017639340094862406, 0.02958941324624844, -0.02743060830593011], [0.009775929521253144, -0.02743060830593011, 0.07336766795929892]], "chi2_level": 0.997, "chi2_df": 3, "chi2_threshold": 13.931422665512084, "N_raw": 32, "N_roi": 32, "N_inlier": 32, "refit": true}
{"timestamp": "16:43:59.857979", "frame": 82, "mu": [-2.133983237141485, 1.6835209797182338, 1.2503265589366566], "Sigma": [[0.030294035629876676, 0.01593506060527513, -0.01225467994277702], [0.01593506060527513, 0.01841095704706168, -0.024887256347658288], [-0.01225467994277702, -0.024887256347658288, 0.07372110507387042]], "chi2_level": 0.997, "chi2_df": 3, "chi2_threshold": 13.931422665512084, "N_raw": 81, "N_roi": 79, "N_inlier": 79, "refit": true}
{"timestamp": "16:43:59.911225", "frame": 83, "mu": [-2.0602179461030494, 1.796764109903938, -0.20723916685971108], "Sigma": [[0.03123829221289076, 0.01627360770117698, -0.0030147171450549274], [0.01627360770117698, 0.025655324274733375, -0.01863191069176376], [-0.0030147171450549265, -0.01863191069176376, 0.02146636827741199]], "chi2_level": 0.997, "chi2_df": 3, "chi2_threshold": 13.931422665512084, "N_raw": 69, "N_roi": 69, "N_inlier": 69, "refit": true}
{"timestamp": "16:43:59.961449", "frame": 84, "mu": [-2.049526669015817, 1.569289760879995, 1.4170768563546419], "Sigma": [[0.029509146831425588, 0.01927071481080886, -0.02846194403063952], [0.01927071481080886, 0.017222692159500723, -0.027778685893076395], [-0.02846194403063953, -0.027778685893076395, 0.06074372715190143]], "chi2_level": 0.997, "chi2_df": 3, "chi2_threshold": 13.931422665512084, "N_raw": 35, "N_roi": 35, "N_inlier": 34, "refit": true}
{"timestamp": "16:44:00.016229", "frame": 85, "mu": [-1.8775149633907966, 1.726304163386253, -0.2929498679176595], "Sigma": [[0.03581196230900448, 0.03036033038525263, -0.03061479642816843], [0.030360330385252626, 0.03077528430444896, -0.027460065161624234], [-0.030614796428168434, -0.027460065161624234, 0.04044863942723248]], "chi2_level": 0.997, "chi2_df": 3, "chi2_threshold": 13.931422665512084, "N_raw": 33, "N_roi": 33, "N_inlier": 32, "refit": true}
{"timestamp": "16:44:00.074562", "frame": 86, "mu": [-1.9798264121674285, 1.4737547700878806, 1.3695555956302452], "Sigma": [[0.04355606150509454, 0.018822074961796616, -0.03567146404983654], [0.018822074961796616, 0.01426039520337329, -0.018778970526996643], [-0.03567146404983654, -0.018778970526996647, 0.038095314556919245]], "chi2_level": 0.997, "chi2_df": 3, "chi2_threshold": 13.931422665512084, "N_raw": 64, "N_roi": 64, "N_inlier": 64, "refit": true}
{"timestamp": "16:44:00.134897", "frame": 87, "mu": [-1.801858321961055, 1.5251195988534814, 1.2286612850400325], "Sigma": [[0.031781411842292426, 0.015354929676399991, -0.029464798628354653], [0.015354929676399995, 0.012825936792913982, -0.01859781700342784], [-0.02946479862835465, -0.018597817003427837, 0.03290681099766417]], "chi2_level": 0.997, "chi2_df": 3, "chi2_threshold": 13.931422665512084, "N_raw": 94, "N_roi": 94, "N_inlier": 92, "refit": true}
{"timestamp": "16:44:00.185221", "frame": 88, "mu": [-1.7685506217025952, 1.4365713498164692, 1.1686799184902077], "Sigma": [[0.023312744797568064, 0.016431749371749967, -0.017571677884491002], [0.016431749371749967, 0.016433833340927136, -0.014657782341423488], [-0.017571677884491006, -0.014657782341423488, 0.015132071598306868]], "chi2_level": 0.997, "chi2_df": 3, "chi2_threshold": 13.931422665512084, "N_raw": 58, "N_roi": 58, "N_inlier": 57, "refit": true}
{"timestamp": "16:44:00.241094", "frame": 89, "mu": [-1.8371258264459214, 1.389835990948402, 1.291371959339761], "Sigma": [[0.0277066623655142, 0.013657193511911931, -0.01946334459339772], [0.013657193511911933, 0.01135285175279298, -0.012470637052723402], [-0.01946334459339772, -0.012470637052723402, 0.017427891092020774]], "chi2_level": 0.997, "chi2_df": 3, "chi2_threshold": 13.931422665512084, "N_raw": 72, "N_roi": 72, "N_inlier": 69, "refit": true}
{"timestamp": "16:44:00.298039", "frame": 90, "mu": [-1.8737856384441025, 1.2659037992752988, 1.2683213626309782], "Sigma": [[0.035456360035908366, 0.012388928106903205, -0.029601407448092774], [0.012388928106903205, 0.01229688645844026, -0.01255038667098359], [-0.029601407448092774, -0.012550386670983592, 0.02746824562524549]], "chi2_level": 0.997, "chi2_df": 3, "chi2_threshold": 13.931422665512084, "N_raw": 81, "N_roi": 81, "N_inlier": 81, "refit": true}
{"timestamp": "16:44:00.357306", "frame": 91, "mu": [-1.8681554864598944, 1.2650486011660684, 1.1939632515371508], "Sigma": [[0.030065430952356476, 0.018670194842667028, -0.007790565430962482], [0.018670194842667028, 0.01736743162069881, -0.010941432090052767], [-0.007790565430962481, -0.010941432090052767, 0.02184081724802575]], "chi2_level": 0.997, "chi2_df": 3, "chi2_threshold": 13.931422665512084, "N_raw": 109, "N_roi": 109, "N_inlier": 107, "refit": true}
{"timestamp": "16:44:00.408034", "frame": 92, "mu": [-1.9427025239251612, 1.317700170115676, -0.3671272097759386], "Sigma": [[0.01413585428170316, 0.007943112687722603, 0.02213690938717957], [0.007943112687722603, 0.011760198823470592, -0.008413596748803633], [0.02213690938717957, -0.008413596748803633, 0.1914625491128392]], "chi2_level": 0.997, "chi2_df": 3, "chi2_threshold": 13.931422665512084, "N_raw": 76, "N_roi": 76, "N_inlier": 76, "refit": true}
{"timestamp": "16:44:00.466460", "frame": 93, "mu": [-1.9160609237772217, 1.3297755662271773, -0.4704515841701655], "Sigma": [[0.01381111044666298, 0.011230583141520267, -0.005210111700184464], [0.011230583141520267, 0.023320127686915618, -0.01911754283725868], [-0.005210111700184464, -0.019117542837258677, 0.029052890565035558]], "chi2_level": 0.997, "chi2_df": 3, "chi2_threshold": 13.931422665512084, "N_raw": 92, "N_roi": 92, "N_inlier": 92, "refit": true}
{"timestamp": "16:44:00.519584", "frame": 94, "mu": [-1.9571109087962741, 1.0440014919504048, 1.0473443624800096], "Sigma": [[0.02069945904286683, 0.016508840509361647, 0.012221453614083303], [0.016508840509361647, 0.016520124736735958, 0.007893171564094076], [0.012221453614083303, 0.007893171564094074, 0.04039869449753519]], "chi2_level": 0.997, "chi2_df": 3, "chi2_threshold": 13.931422665512084, "N_raw": 94, "N_roi": 94, "N_inlier": 94, "refit": true}
{"timestamp": "16:44:00.574020", "frame": 95, "mu": [-1.9395545028652428, 0.9487407791054926, 0.9104522956049763], "Sigma": [[0.01885856352952573, 0.015279985193896797, -0.005198438954062112], [0.015279985193896797, 0.015340104170743234, -0.007484046194861897], [-0.005198438954062112, -0.007484046194861897, 0.015638412385282657]], "chi2_level": 0.997, "chi2_df": 3, "chi2_threshold": 13.931422665512084, "N_raw": 79, "N_roi": 79, "N_inlier": 76, "refit": true}
{"timestamp": "16:44:00.628813", "frame": 96, "mu": [-1.951222433521956, 0.9451309617320811, 1.0717935788335302], "Sigma": [[0.016274620011461023, 0.01630314289463443, 0.01397446259043945], [0.01630314289463443, 0.02059826362051448, 0.013346184100856535], [0.01397446259043945, 0.013346184100856535, 0.044218653002964466]], "chi2_level": 0.997, "chi2_df": 3, "chi2_threshold": 13.931422665512084, "N_raw": 82, "N_roi": 82, "N_inlier": 82, "refit": true}
{"timestamp": "16:44:00.681530", "frame": 97, "mu": [-1.9571100021119847, 0.8454663061108861, 1.05758578042331], "Sigma": [[0.017403727485319025, 0.018742126908351656, 0.01357672557182797], [0.018742126908351656, 0.02241179194099225, 0.012360616477171162], [0.013576725571827968, 0.012360616477171162, 0.04025902565524608]], "chi2_level": 0.997, "chi2_df": 3, "chi2_threshold": 13.931422665512084, "N_raw": 69, "N_roi": 69, "N_inlier": 69, "refit": true}
{"timestamp": "16:44:00.736320", "frame": 98, "mu": [-1.8759705883491646, 0.8632468425408919, 1.1666772311091769], "Sigma": [[0.00909648377899917, 0.007870795082475852, -0.0003568516882326162], [0.007870795082475852, 0.010919492339253193, -0.008503245919740044], [-0.0003568516882326156, -0.008503245919740044, 0.02374884063632915]], "chi2_level": 0.997, "chi2_df": 3, "chi2_threshold": 13.931422665512084, "N_raw": 69, "N_roi": 69, "N_inlier": 69, "refit": true}
{"timestamp": "16:44:00.786872", "frame": 99, "mu": [-1.7667448717884005, 0.8786715568867927, 1.2409745591566104], "Sigma": [[0.0042323941786739155, 0.0028179121030355485, 3.219197541958288e-05], [0.0028179121030355485, 0.004867677243501528, -0.004562526498471138], [3.219197541958288e-05, -0.004562526498471138, 0.009858223490923091]], "chi2_level": 0.997, "chi2_df": 3, "chi2_threshold": 13.931422665512084, "N_raw": 35, "N_roi": 35, "N_inlier": 33, "refit": true}
{"timestamp": "16:44:00.938504", "frame": 100, "mu": [-1.8559454400764777, 0.7298158223984303, 1.1366253496176362], "Sigma": [[0.022163080001945668, 0.013749300528365947, 0.012732076491375541], [0.013749300528365947, 0.013728042756370068, 0.003259076173701642], [0.012732076491375541, 0.003259076173701642, 0.03672304137692013]], "chi2_level": 0.997, "chi2_df": 3, "chi2_threshold": 13.931422665512084, "N_raw": 83, "N_roi": 83, "N_inlier": 81, "refit": true}
{"timestamp": "16:44:00.970500", "frame": 101, "mu": [-1.7796988548287869, 0.8980685018611673, -0.5573121108359035], "Sigma": [[0.012068769360528319, 0.006680142839808174, 0.008026389614826976], [0.006680142839808174, 0.011360621462230536, -0.005098203241831021], [0.008026389614826976, -0.005098203241831021, 0.03572746807816572]], "chi2_level": 0.997, "chi2_df": 3, "chi2_threshold": 13.931422665512084, "N_raw": 67, "N_roi": 67, "N_inlier": 66, "refit": true}
{"timestamp": "16:44:00.989776", "frame": 102, "mu": [-1.7497748360812055, 0.9394255380750954, -0.5526290193273374], "Sigma": [[0.009156359417587563, 0.006209840243695867, 0.004326285598562755], [0.006209840243695867, 0.009678561311487614, -0.004433160474356334], [0.004326285598562756, -0.004433160474356334, 0.018836164111087888]], "chi2_level": 0.997, "chi2_df": 3, "chi2_threshold": 13.931422665512084, "N_raw": 61, "N_roi": 61, "N_inlier": 61, "refit": true}
{"timestamp": "16:44:01.017139", "frame": 103, "mu": [-1.7090738552318494, 0.629926417095816, 1.1651224152675324], "Sigma": [[0.008309112389611078, 0.006789179198291868, 0.004912818751303621], [0.006789179198291869, 0.00866197498279562, 0.003821623238732896], [0.004912818751303621, 0.003821623238732896, 0.03534160341247199]], "chi2_level": 0.997, "chi2_df": 3, "chi2_threshold": 13.931422665512084, "N_raw": 67, "N_roi": 67, "N_inlier": 66, "refit": true}
{"timestamp": "16:44:01.066367", "frame": 104, "mu": [-1.6871472919206594, 0.5970974419772896, 1.22315590969737], "Sigma": [[0.01155846101653424, 0.007769695115423254, 0.003876575534452894], [0.007769695115423254, 0.012116792144271521, 0.002006171703689998], [0.0038765755344528944, 0.002006171703689997, 0.020488729279536693]], "chi2_level": 0.997, "chi2_df": 3, "chi2_threshold": 13.931422665512084, "N_raw": 73, "N_roi": 73, "N_inlier": 70, "refit": true}
{"timestamp": "16:44:01.119748", "frame": 105, "mu": [-1.6261757872967333, 0.6091561652163953, 1.2433764619349084], "Sigma": [[0.008348904166840934, 0.0018586096651508188, -0.0028452667379130353], [0.0018586096651508188, 0.00844981528713326, -0.007287099420364633], [-0.002845266737913035, -0.007287099420364633, 0.008533654885758347]], "chi2_level": 0.997, "chi2_df": 3, "chi2_threshold": 13.931422665512084, "N_raw": 58, "N_roi": 58, "N_inlier": 55, "refit": true}
{"timestamp": "16:44:01.170087", "frame": 106, "mu": [-1.6292927153760102, 0.6620648879389802, 1.2051769047224483], "Sigma": [[0.007088616434213002, -0.00020661963893004983, -0.0013795928427494221], [-0.00020661963893004972, 0.002007491143738181, -0.001423368426292327], [-0.0013795928427494223, -0.001423368426292327, 0.0064393245632491155]], "chi2_level": 0.997, "chi2_df": 3, "chi2_threshold": 13.931422665512084, "N_raw": 30, "N_roi": 30, "N_inlier": 27, "refit": true}
{"timestamp": "16:44:01.230441", "frame": 107, "mu": [-1.1739274469359464, 0.4927916882566864, 1.1102741844428556], "Sigma": [[1.280883728360546, -0.07026913147391843, -0.1432043099742619], [-0.07026913147391843, 0.01710687952299049, 0.018669749507044885], [-0.1432043099742619, 0.018669749507044885, 0.05120225815738727]], "chi2_level": 0.997, "chi2_df": 3, "chi2_threshold": 13.931422665512084, "N_raw": 60, "N_roi": 60, "N_inlier": 60, "refit": true}
{"timestamp": "16:44:01.281506", "frame": 108, "mu": [-0.5832116924668166, 0.41610131982693815, 1.0835325937447164], "Sigma": [[2.0910586380218072, -0.08751716336799495, -0.23894023707026726], [-0.08751716336799495, 0.018534887777793673, 0.019832497001425278], [-0.2389402370702673, 0.019832497001425278, 0.06091186005679462]], "chi2_level": 0.997, "chi2_df": 3, "chi2_threshold": 13.931422665512084, "N_raw": 33, "N_roi": 33, "N_inlier": 33, "refit": true}
{"timestamp": "16:44:01.341090", "frame": 109, "mu": [-0.8451372897052789, 0.4053776663875427, 1.088997915878635], "Sigma": [[1.8743083992352039, -0.036773397924616716, -0.07512839861602813], [-0.03677339792461671, 0.006777836272440226, 0.007296330428071885], [-0.07512839861602813, 0.007296330428071885, 0.03959622708610265]], "chi2_level": 0.997, "chi2_df": 3, "chi2_threshold": 13.931422665512084, "N_raw": 60, "N_roi": 60, "N_inlier": 60, "refit": true}
{"timestamp": "16:44:01.390548", "frame": 110, "mu": [0.3762906835707955, 0.3549326818522497, 0.9179979728708758], "Sigma": [[2.344585252820708, 0.05452832866806505, -0.018136807027804763], [0.054528328668065056, 0.0167311572571609, 0.027276179300103044], [-0.01813680702780475, 0.027276179300103048, 0.13627039072027977]], "chi2_level": 0.997, "chi2_df": 3, "chi2_threshold": 13.931422665512084, "N_raw": 15, "N_roi": 15, "N_inlier": 15, "refit": true}
{"timestamp": "16:44:01.443788", "frame": 111, "mu": [1.241304846224285, 0.38196391546472697, 0.801071529893674], "Sigma": [[0.9498947304867328, 0.026928339436846666, -0.044701898306467945], [0.026928339436846666, 0.021849114231911285, 0.018002308490562374], [-0.044701898306467945, 0.01800230849056237, 0.054586186279819954]], "chi2_level": 0.997, "chi2_df": 3, "chi2_threshold": 13.931422665512084, "N_raw": 18, "N_roi": 18, "N_inlier": 18, "refit": true}
