{"timestamp": "16:44:30.134260", "frame": 19, "mu": [0.11802231699633928, 0.11417961957467299, 1.265017417586061], "Sigma": [[0.2091888033961171, -0.011881354956595055, 0.20387207161613072], [-0.011881354956595057, 0.0039087761966597615, -0.03204459027308572], [0.20387207161613072, -0.03204459027308572, 0.35418363079489]], "chi2_level": 0.997, "chi2_df": 3, "chi2_threshold": 13.931422665512084, "N_raw": 13, "N_roi": 13, "N_inlier": 12, "refit": true}
{"timestamp": "16:44:30.193186", "frame": 20, "mu": [-0.10234502068902618, 0.0968823066661932, 1.5677560575851377], "Sigma": [[0.21126905571826157, -0.00193441612989276, 0.004743711132158069], [-0.00193441612989276, 0.0009795729578154797, -0.0011165065311225437], [0.004743711132158068, -0.0011165065311225435, 0.00579957097448119]], "chi2_level": 0.997, "chi2_df": 3, "chi2_threshold": 13.931422665512084, "N_raw": 49, "N_roi": 49, "N_inlier": 46, "refit": true}
{"timestamp": "16:44:30.249634", "frame": 21, "mu": [-0.5148802382892873, 0.14297729541319357, 1.6437272508760696], "Sigma": [[0.006177053558928104, 0.0002536045172980952, 0.001298530188578389], [0.0002536045172980952, 0.0007294517032304684, -0.0004990452069817692], [0.001298530188578389, -0.0004990452069817692, 0.001141075838132805]], "chi2_level": 0.997, "chi2_df": 3, "chi2_threshold": 13.931422665512084, "N_raw": 54, "N_roi": 54, "N_inlier": 47, "refit": true}
{"timestamp": "16:44:30.304176", "frame": 22, "mu": [-0.46539758021288186, 0.20817255790104816, 1.3659964202363712], "Sigma": [[0.007496252427942039, -0.0002666516849857893, -0.0320358759543196], [-0.00026665168498578935, 0.0011047457390302533, 0.008363211003361513], [-0.032035875954319594, 0.008363211003361511, 0.3519241956060886]], "chi2_level": 0.997, "chi2_df": 3, "chi2_threshold": 13.931422665512084, "N_raw": 35, "N_roi": 34, "N_inlier": 33, "refit": true}
{"timestamp": "16:44:30.364213", "frame": 23, "mu": [-0.5126835963092249, 0.5769880610766244, -1.1229478500896979], "Sigma": [[0.007557490435947692, 0.007011314249953613, -0.014970614265498497], [0.007011314249953613, 0.07235696232734035, -0.20275997313605193], [-0.0149706142654985, -0.20275997313605193, 0.6055125950185926]], "chi2_level": 0.997, "chi2_df": 3, "chi2_threshold": 13.931422665512084, "N_raw": 75, "N_roi": 75, "N_inlier": 73, "refit": true}
{"timestamp": "16:44:30.418068", "frame": 24, "mu": [-0.39880379164290497, 0.3211884443320536, 1.335115334976658], "Sigma": [[0.001689517927345335, -9.756418107339428e-05, -0.00028650731350362695], [-9.756418107339422e-05, 0.0005773371175961659, 0.0005150956720082597], [-0.00028650731350362695, 0.0005150956720082598, 0.12618414460937621]], "chi2_level": 0.997, "chi2_df": 3, "chi2_threshold": 13.931422665512084, "N_raw": 59, "N_roi": 56, "N_inlier": 52, "refit": true}
{"timestamp": "16:44:30.470910", "frame": 25, "mu": [-0.4049365292161705, 0.5403424448045397, -0.4241857270479261], "Sigma": [[0.005883934229586696, 0.0031013340964878475, -0.00561341954431159], [0.003101334096487848, 0.004476015218160631, -0.006740009285017695], [-0.00561341954431159, -0.006740009285017695, 0.011115373673778234]], "chi2_level": 0.997, "chi2_df": 3, "chi2_threshold": 13.931422665512084, "N_raw": 49, "N_roi": 49, "N_inlier": 46, "refit": true}
{"timestamp": "16:44:30.525391", "frame": 26, "mu": [-0.42728131405046044, 0.4549179394651289, 1.4208451249342975], "Sigma": [[0.009885859925163682, 0.004234056578684069, -0.005205405065679887], [0.0042340565786840685, 0.0037446326477760653, -0.006517192903942452], [-0.0052054050656798875, -0.006517192903942452, 0.11270007893503617]], "chi2_level": 0.997, "chi2_df": 3, "chi2_threshold": 13.931422665512084, "N_raw": 49, "N_roi": 49, "N_inlier": 47, "refit": true}
{"timestamp": "16:44:30.584512", "frame": 27, "mu": [-0.4049881574925611, 0.6208070763765553, -0.4319029942271358], "Sigma": [[0.007427843910125455, -0.00012363279234791545, -0.001533106860307888], [-0.00012363279234791554, 0.007119784963276538, -0.00926237700237701], [-0.001533106860307888, -0.00926237700237701, 0.014582285304201635]], "chi2_level": 0.997, "chi2_df": 3, "chi2_threshold": 13.931422665512084, "N_raw": 78, "N_roi": 78, "N_inlier": 73, "refit": true}
{"timestamp": "16:44:30.633110", "frame": 28, "mu": [-0.5416230177480768, 0.497555519506205, 1.490019499633928], "Sigma": [[0.013029317315755908, 0.004331051416216189, -0.012905532995481642], [0.004331051416216189, 0.005026919832348418, -0.02601078142651899], [-0.012905532995481642, -0.02601078142651899, 0.21935442760187962]], "chi2_level": 0.997, "chi2_df": 3, "chi2_threshold": 13.931422665512084, "N_raw": 26, "N_roi": 26, "N_inlier": 25, "refit": true}
{"timestamp": "16:44:30.687879", "frame": 29, "mu": [-0.3850147738723883, 0.5745149223552627, 1.2873623548179993], "Sigma": [[0.0034729747167610275, 0.0005077144193723292, 0.002593787970602136], [0.0005077144193723292, 0.0014985563955967477, -0.008844190988610001], [0.002593787970602136, -0.008844190988610001, 0.1258315409254063]], "chi2_level": 0.997, "chi2_df": 3, "chi2_threshold": 13.931422665512084, "N_raw": 36, "N_roi": 36, "N_inlier": 33, "refit": true}
{"timestamp": "16:44:30.742124", "frame": 30, "mu": [-0.48498445983748806, 0.7672333531272395, -0.4824713676934804], "Sigma": [[0.003398289963589417, 0.0012973037976495426, -0.003424525525708569], [0.0012973037976495424, 0.039261808194081815, -0.09058298452921293], [-0.003424525525708569, -0.09058298452921294, 0.24187620119441208]], "chi2_level": 0.997, "chi2_df": 3, "chi2_threshold": 13.931422665512084, "N_raw": 27, "N_roi": 27, "N_inlier": 24, "refit": true}
{"timestamp": "16:44:30.804086", "frame": 31, "mu": [-0.619830857674911, 0.6476120085196035, 1.4429131647123592], "Sigma": [[0.019574084990849935, 0.012568308583492269, -0.03467380482753324], [0.012568308583492269, 0.015237106228037202, -0.04231717298005458], [-0.03467380482753324, -0.04231717298005458, 0.2506287953198365]], "chi2_level": 0.997, "chi2_df": 3, "chi2_threshold": 13.931422665512084, "N_raw": 76, "N_roi": 76, "N_inlier": 73, "refit": true}
{"timestamp": "16:44:30.860737", "frame": 32, "mu": [-0.6347916275181297, 0.6861284616384583, 1.5756392152364846], "Sigma": [[0.027172170260480535, 0.010527223584312203, -0.01963127695086262], [0.010527223584312203, 0.006278838486873478, -0.010805615197058135], [-0.01963127695086262, -0.010805615197058135, 0.05956091700645759]], "chi2_level": 0.997, "chi2_df": 3, "chi2_threshold": 13.931422665512084, "N_raw": 84, "N_roi": 82, "N_inlier": 79, "refit": true}
{"timestamp": "16:44:30.914326", "frame": 33, "mu": [-0.6470354663828195, 0.7319835571038484, 1.2255968619521707], "Sigma": [[0.04295733297301502, 0.02181767949572194, -0.11233498869670272], [0.02181767949572194, 0.014589215066617095, -0.07150707418129539], [-0.11233498869670272, -0.07150707418129539, 0.4514878923527344]], "chi2_level": 0.997, "chi2_df": 3, "chi2_threshold": 13.931422665512084, "N_raw": 67, "N_roi": 65, "N_inlier": 65, "refit": true}
{"timestamp": "16:44:30.969610", "frame": 34, "mu": [-0.6180258815855559, 0.7719375950657043, 1.464899876694565], "Sigma": [[0.0498530753640551, 0.024259095609404424, -0.059051780643287435], [0.024259095609404424, 0.0172593544915577, -0.05275172378074115], [-0.05905178064328744, -0.05275172378074115, 0.22833276740810102]], "chi2_level": 0.997, "chi2_df": 3, "chi2_threshold": 13.931422665512084, "N_raw": 73, "N_roi": 72, "N_inlier": 71, "refit": true}
{"timestamp": "16:44:31.022155", "frame": 35, "mu": [-0.511680732446735, 0.947301109829735, -0.13562312004267668], "Sigma": [[0.0014579020296104437, 9.726880090117773e-05, -0.001114421147801106], [9.726880090117773e-05, 0.004200684089917148, -0.0037031767409505525], [-0.0011144211478011058, -0.0037031767409505525, 0.007884455137220853]], "chi2_level": 0.997, "chi2_df": 3, "chi2_threshold": 13.931422665512084, "N_raw": 47, "N_roi": 47, "N_inlier": 40, "refit": true}
{"timestamp": "16:44:31.072577", "frame": 36, "mu": [-0.4989818562717109, 0.9184206825574575, 1.3762644274738496], "Sigma": [[0.0027621071410673967, 0.00044276310784172084, -0.004705673123100466], [0.00044276310784172073, 0.004551681708497616, -0.02120783413026111], [-0.004705673123100466, -0.02120783413026111, 0.2168817204091568]], "chi2_level": 0.997, "chi2_df": 3, "chi2_threshold": 13.931422665512084, "N_raw": 27, "N_roi": 27, "N_inlier": 26, "refit": true}
{"timestamp": "16:44:31.136428", "frame": 37, "mu": [-0.5317576058230019, 0.9693736797681684, 1.4738250963503858], "Sigma": [[0.004135503397021792, -0.0014786494908897712, 0.002160949560350722], [-0.0014786494908897712, 0.004112510208630681, -0.006286037079382876], [0.002160949560350722, -0.006286037079382876, 0.010188142670659317]], "chi2_level": 0.997, "chi2_df": 3, "chi2_threshold": 13.931422665512084, "N_raw": 92, "N_roi": 92, "N_inlier": 87, "refit": true}
{"timestamp": "16:44:31.189029", "frame": 38, "mu": [-0.5070144767550049, 1.0108197916768138, 1.4875645337856371], "Sigma": [[0.0023497674851715254, -0.00013989943784011746, -0.0004337973034720274], [-0.00013989943784011748, 0.0020667848254827745, -0.003664355509854523], [-0.0004337973034720273, -0.0036643555098545234, 0.024787821566794595]], "chi2_level": 0.997, "chi2_df": 3, "chi2_threshold": 13.931422665512084, "N_raw": 65, "N_roi": 65, "N_inlier": 61, "refit": true}
{"timestamp": "16:44:31.245949", "frame": 39, "mu": [-0.46552630654778093, 1.2366867631267608, -0.4570476175114495], "Sigma": [[0.004412123565477642, 0.0023969696754090435, -0.002515754592845554], [0.002396969675409044, 0.011978083974838979, -0.015744940222694955], [-0.002515754592845554, -0.01574494022269496, 0.06945219826631517]], "chi2_level": 0.997, "chi2_df": 3, "chi2_threshold": 13.931422665512084, "N_raw": 85, "N_roi": 85, "N_inlier": 82, "refit": true}
{"timestamp": "16:44:31.299964", "frame": 40, "mu": [-0.4854855398100515, 1.1734398064813356, 1.421989107863225], "Sigma": [[0.011554020242988393, -0.001535828287251275, -0.009126868081935344], [-0.001535828287251275, 0.00150496113797915, -0.0009794224867166073], [-0.009126868081935344, -0.0009794224867166075, 0.012923810136692167]], "chi2_level": 0.997, "chi2_df": 3, "chi2_threshold": 13.931422665512084, "N_raw": 75, "N_roi": 74, "N_inlier": 71, "refit": true}
{"timestamp": "16:44:31.363650", "frame": 41, "mu": [-0.49824580967047705, 1.193362851431454, 1.2711254865972827], "Sigma": [[0.006461757830433891, -0.001785176381303356, -0.002497024571508609], [-0.001785176381303356, 0.0063906317908291686, 0.013399050536351478], [-0.002497024571508609, 0.013399050536351478, 0.1469690258021805]], "chi2_level": 0.997, "chi2_df": 3, "chi2_threshold": 13.931422665512084, "N_raw": 136, "N_roi": 136, "N_inlier": 133, "refit": true}
{"timestamp": "16:44:31.417995", "frame": 42, "mu": [-0.4480266368755483, 1.226622940031146, 1.2136177734523306], "Sigma": [[0.009312511333369569, 0.00012013304899278972, -0.02985660016490673], [0.00012013304899278961, 0.004269420482985674, -0.002317778444225956], [-0.02985660016490673, -0.002317778444225956, 0.1946044683801282]], "chi2_level": 0.997, "chi2_df": 3, "chi2_threshold": 13.931422665512084, "N_raw": 113, "N_roi": 111, "N_inlier": 108, "refit": true}
{"timestamp": "16:44:31.476233", "frame": 43, "mu": [-0.4856599065874009, 1.3663284493034156, 0.5667490258717564], "Sigma": [[0.00997135958407147, -0.0049270562191197085, 0.04327007891572431], [-0.004927056219119708, 0.009786777453213845, -0.006707444904501567], [0.04327007891572432, -0.006707444904501568, 0.44743130304314677]], "chi2_level": 0.997, "chi2_df": 3, "chi2_threshold": 13.931422665512084, "N_raw": 150, "N_roi": 148, "N_inlier": 146, "refit": true}
{"timestamp": "16:44:31.531614", "frame": 44, "mu": [-0.48101030311240534, 1.4023419696817243, 1.2437532743513757], "Sigma": [[0.010655853345308322, -0.0021135110914738083, -0.00931075839303975], [-0.0021135110914738083, 0.006558452939994161, -0.0013403826168061229], [-0.009310758393039749, -0.0013403826168061246, 0.15747190376013456]], "chi2_level": 0.997, "chi2_df": 3, "chi2_threshold": 13.931422665512084, "N_raw": 146, "N_roi": 146, "N_inlier": 142, "refit": true}
{"timestamp": "16:44:31.582359", "frame": 45, "mu": [-0.48808557196744734, 1.4440066512959207, 1.3165052556639525], "Sigma": [[0.009390752839709462, -0.0019317393596099525, 0.00894277281798004], [-0.0019317393596099525, 0.005876541498661131, -0.018133914835328283], [0.00894277281798004, -0.018133914835328283, 0.1543628749254409]], "chi2_level": 0.997, "chi2_df": 3, "chi2_threshold": 13.931422665512084, "N_raw": 120, "N_roi": 120, "N_inlier": 117, "refit": true}
{"timestamp": "16:44:31.637843", "frame": 46, "mu": [-0.46684354148128404, 1.5810483631218977, -0.4217295919557073], "Sigma": [[0.007657740366342795, 0.004139377219752892, -0.0007284629724573811], [0.004139377219752892, 0.015483679184159894, -0.02229102016025528], [-0.0007284629724573814, -0.02229102016025528, 0.08015334271374328]], "chi2_level": 0.997, "chi2_df": 3, "chi2_threshold": 13.931422665512084, "N_raw": 122, "N_roi": 122, "N_inlier": 117, "refit": true}
{"timestamp": "16:44:31.687887", "frame": 47, "mu": [-0.516496210978946, 1.5363005576693376, 1.3423173849221277], "Sigma": [[0.004196140494203761, 0.0006748810509976778, -0.013026389706448538], [0.0006748810509976778, 0.006490992063127011, -0.015374034277342843], [-0.013026389706448538, -0.015374034277342845, 0.23810556985160095]], "chi2_level": 0.997, "chi2_df": 3, "chi2_threshold": 13.931422665512084, "N_raw": 92, "N_roi": 92, "N_inlier": 89, "refit": true}
{"timestamp": "16:44:31.746715", "frame": 48, "mu": [-0.5517489917058727, 1.6279942764214332, 0.19487039868020292], "Sigma": [[0.006671604840530498, -0.00023658224713138913, 0.045084850402227566], [-0.00023658224713138897, 0.013885015283111866, 0.00981152057304783], [0.045084850402227566, 0.009811520573047829, 0.6134805734811652]], "chi2_level": 0.997, "chi2_df": 3, "chi2_threshold": 13.931422665512084, "N_raw": 124, "N_roi": 124, "N_inlier": 124, "refit": true}
{"timestamp": "16:44:31.804928", "frame": 49, "mu": [-0.5743753727038198, 1.6080863859588448, 1.2746827734634532], "Sigma": [[0.009014802347005626, 0.0010287677787995054, -0.005777843496202538], [0.0010287677787995054, 0.003091716635955393, -0.00677458932597274], [-0.005777843496202539, -0.00677458932597274, 0.10226429319026659]], "chi2_level": 0.997, "chi2_df": 3, "chi2_threshold": 13.931422665512084, "N_raw": 144, "N_roi": 144, "N_inlier": 139, "refit": true}
{"timestamp": "16:44:31.861533", "frame": 50, "mu": [-0.5490582079470798, 1.6594898920131231, 1.2124613796685506], "Sigma": [[0.010312314758872695, -0.002969680708696989, -0.027586349527744275], [-0.002969680708696989, 0.008491536665590108, 0.014555807165947425], [-0.027586349527744275, 0.014555807165947425, 0.17628242789339194]], "chi2_level": 0.997, "chi2_df": 3, "chi2_threshold": 13.931422665512084, "N_raw": 145, "N_roi": 145, "N_inlier": 141, "refit": true}
{"timestamp": "16:44:31.910224", "frame": 51, "mu": [-0.5693693049733853, 1.776618370383507, 0.12889135118320927], "Sigma": [[0.0075660576478864755, 0.00038532919419965246, 0.049711586331877305], [0.00038532919419965235, 0.009597783857090477, -0.0037335395478150894], [0.049711586331877305, -0.0037335395478150894, 0.49043813089636373]], "chi2_level": 0.997, "chi2_df": 3, "chi2_threshold": 13.931422665512084, "N_raw": 101, "N_roi": 101, "N_inlier": 101, "refit": true}
{"timestamp": "16:44:31.959469", "frame": 52, "mu": [-0.5700599366188337, 1.8136868003554598, 1.220808803933132], "Sigma": [[0.005800398935241058, -0.0007377011119504145, -0.0036458720874040233], [-0.0007377011119504145, 0.0035683885613573252, 0.008251132818052741], [-0.003645872087404023, 0.008251132818052741, 0.29351648737800423]], "chi2_level": 0.997, "chi2_df": 3, "chi2_threshold": 13.931422665512084, "N_raw": 71, "N_roi": 71, "N_inlier": 70, "refit": true}
{"timestamp": "16:44:32.022088", "frame": 53, "mu": [-0.549056485190239, 2.0631655781706018, -0.6113327368550651], "Sigma": [[0.012416864431660004, 0.013643549844898316, -0.05288394282950519], [0.013643549844898318, 0.04062470958229168, -0.1361260019047975], [-0.05288394282950519, -0.1361260019047975, 0.5328168499762994]], "chi2_level": 0.997, "chi2_df": 3, "chi2_threshold": 13.931422665512084, "N_raw": 125, "N_roi": 125, "N_inlier": 124, "refit": true}
{"timestamp": "16:44:32.077728", "frame": 54, "mu": [-0.625751904549442, 1.903645785951147, 1.2669361208215748], "Sigma": [[0.007633868556186489, -0.00022392767940983076, -0.011233826748839989], [-0.00022392767940983082, 0.005673987834372352, -0.003617785283349107], [-0.011233826748839989, -0.0036177852833491064, 0.2078770103707411]], "chi2_level": 0.997, "chi2_df": 3, "chi2_threshold": 13.931422665512084, "N_raw": 123, "N_roi": 123, "N_inlier": 120, "refit": true}
{"timestamp": "16:44:32.129952", "frame": 55, "mu": [-0.6699931840904423, 1.9379399896203724, 1.1099660941382588], "Sigma": [[0.024568347544868634, -0.007895316263530232, 0.05545447617781407], [-0.007895316263530232, 0.006745941186190474, -0.02132682799407169], [0.05545447617781407, -0.02132682799407169, 0.31302201953693837]], "chi2_level": 0.997, "chi2_df": 3, "chi2_threshold": 13.931422665512084, "N_raw": 106, "N_roi": 106, "N_inlier": 106, "refit": true}
{"timestamp": "16:44:32.184926", "frame": 56, "mu": [-0.596128280036484, 2.087015358389151, -0.04697065808178401], "Sigma": [[0.008741027796614806, -0.0034695156418187304, 0.05518887100543413], [-0.0034695156418187304, 0.01977688210650414, -0.03205231453628227], [0.055188871005434126, -0.03205231453628227, 0.5060643783848298]], "chi2_level": 0.997, "chi2_df": 3, "chi2_threshold": 13.931422665512084, "N_raw": 106, "N_roi": 106, "N_inlier": 105, "refit": true}
{"timestamp": "16:44:32.232758", "frame": 57, "mu": [-0.6442923108775586, 2.0109417411773673, 1.4325652415642909], "Sigma": [[0.0065700678233984846, 0.000816935328207007, -0.0035379705806969017], [0.000816935328207007, 0.0038761325042147962, -0.005596997645995795], [-0.0035379705806969017, -0.005596997645995795, 0.06603180226835817]], "chi2_level": 0.997, "chi2_df": 3, "chi2_threshold": 13.931422665512084, "N_raw": 59, "N_roi": 59, "N_inlier": 56, "refit": true}
{"timestamp": "16:44:32.290097", "frame": 58, "mu": [-0.658969891907592, 2.0513457588652995, 1.4542422918160827], "Sigma": [[0.009067448692315537, -0.0011337393193406166, -0.003781717314182911], [-0.0011337393193406168, 0.006476114379079515, -0.0027653918238454305], [-0.003781717314182911, -0.0027653918238454305, 0.008326978376793448]], "chi2_level": 0.997, "chi2_df": 3, "chi2_threshold": 13.931422665512084, "N_raw": 78, "N_roi": 77, "N_inlier": 74, "refit": true}
{"timestamp": "16:44:32.341978", "frame": 59, "mu": [-0.6329810177403533, 2.2246038408860542, -0.25839235530923477], "Sigma": [[0.007502095988839536, -0.0026504716116179847, 0.018065331637405434], [-0.0026504716116179847, 0.013720277688764673, -0.031029089474476225], [0.018065331637405434, -0.031029089474476225, 0.1601123478588181]], "chi2_level": 0.997, "chi2_df": 3, "chi2_threshold": 13.931422665512084, "N_raw": 57, "N_roi": 57, "N_inlier": 55, "refit": true}
{"timestamp": "16:44:32.399298", "frame": 60, "mu": [-0.650600529267968, 2.168681613588831, 0.7899885356354692], "Sigma": [[0.01733830054089412, 0.004745315590522718, 0.07323061535094638], [0.0047453155905227175, 0.006063368351615289, 0.015376062583415607], [0.07323061535094638, 0.015376062583415607, 0.5612741826994573]], "chi2_level": 0.997, "chi2_df": 3, "chi2_threshold": 13.931422665512084, "N_raw": 76, "N_roi": 76, "N_inlier": 74, "refit": true}
{"timestamp": "16:44:32.453741", "frame": 61, "mu": [-0.6485854190281342, 2.259409341212554, 1.385847520335348], "Sigma": [[0.011471419079042946, -0.0008815825658852651, -0.011557681278395177], [-0.000881582565885265, 0.003033458343938117, -0.0037821911121568514], [-0.011557681278395177, -0.0037821911121568514, 0.022958124898558533]], "chi2_level": 0.997, "chi2_df": 3, "chi2_threshold": 13.931422665512084, "N_raw": 68, "N_roi": 68, "N_inlier": 64, "refit": true}
{"timestamp": "16:44:32.509112", "frame": 62, "mu": [-0.6709835685380475, 2.2851611707913086, -0.8735781173151218], "Sigma": [[0.014296496664496382, 0.014607754375191408, 0.05448303467686981], [0.014607754375191408, 0.022897374459956116, 0.06440900958726617], [0.05448303467686981, 0.06440900958726617, 0.3042949318674173]], "chi2_level": 0.997, "chi2_df": 3, "chi2_threshold": 13.931422665512084, "N_raw": 68, "N_roi": 68, "N_inlier": 66, "refit": true}
{"timestamp": "16:44:32.562540", "frame": 63, "mu": [-0.680714108832663, 2.3320016638853076, 1.3332449793874899], "Sigma": [[0.008124907434239378, 0.0029396303463151297, 0.01742756621410619], [0.0029396303463151297, 0.007137175666436589, 0.012256759337650726], [0.01742756621410619, 0.012256759337650726, 0.3259400330989289]], "chi2_level": 0.997, "chi2_df": 3, "chi2_threshold": 13.931422665512084, "N_raw": 58, "N_roi": 58, "N_inlier": 57, "refit": true}
{"timestamp": "16:44:32.622660", "frame": 64, "mu": [-0.6719688952830678, 2.580492998108016, -0.4326028658046241], "Sigma": [[0.01031843831561254, 0.0036143433587046856, -0.009393219282847642], [0.0036143433587046856, 0.05238901513100369, -0.17282176683504977], [-0.009393219282847644, -0.17282176683504977, 0.638424929567985]], "chi2_level": 0.997, "chi2_df": 3, "chi2_threshold": 13.931422665512084, "N_raw": 95, "N_roi": 95, "N_inlier": 94, "refit": true}
{"timestamp": "16:44:32.686291", "frame": 65, "mu": [-0.7306714008984032, 2.4607288127799327, -1.0201768852341249], "Sigma": [[0.015979185920317912, 0.0007618128704475785, 0.015057076880004364], [0.0007618128704475787, 0.011453269958699176, -0.021643163041223146], [0.015057076880004364, -0.02164316304122315, 0.44536909157076365]], "chi2_level": 0.997, "chi2_df": 3, "chi2_threshold": 13.931422665512084, "N_raw": 150, "N_roi": 150, "N_inlier": 150, "refit": true}
{"timestamp": "16:44:32.732496", "frame": 66, "mu": [-0.7273802484775235, 2.5257214492105398, 1.1599389609612938], "Sigma": [[0.015081349036183056, -0.0034573745517709736, 0.028481289815096764], [-0.003457374551770974, 0.007783091413376324, -0.023494218604978828], [0.028481289815096768, -0.023494218604978828, 0.1703400944973706]], "chi2_level": 0.997, "chi2_df": 3, "chi2_threshold": 13.931422665512084, "N_raw": 87, "N_roi": 87, "N_inlier": 84, "refit": true}
{"timestamp": "16:44:32.791019", "frame": 67, "mu": [-0.6676261540213032, 2.5707858693365524, 1.0392346395164367], "Sigma": [[0.014581306741273406, -0.00011089999520679043, 0.02613887587771998], [-0.00011089999520679054, 0.006896655138574809, 0.018456222448639766], [0.026138875877719975, 0.018456222448639766, 0.44471543855264845]], "chi2_level": 0.997, "chi2_df": 3, "chi2_threshold": 13.931422665512084, "N_raw": 110, "N_roi": 110, "N_inlier": 109, "refit": true}
{"timestamp": "16:44:32.841279", "frame": 68, "mu": [-0.660108772968139, 2.6075214994919693, 1.191271912558825], "Sigma": [[0.010991405595210453, -0.001088069411557966, -0.009114722211199387], [-0.0010880694115579658, 0.00578397111597364, -0.0027910805867832384], [-0.009114722211199387, -0.002791080586783238, 0.041295915994552984]], "chi2_level": 0.997, "chi2_df": 3, "chi2_threshold": 13.931422665512084, "N_raw": 86, "N_roi": 84, "N_inlier": 79, "refit": true}
{"timestamp": "16:44:32.899137", "frame": 69, "mu": [-0.6271711068547949, 2.665318748887093, 1.0966072803794882], "Sigma": [[0.01425687165598157, -0.0004012766787770959, -0.02869339420574879], [-0.0004012766787770959, 0.0033229866144757134, 0.0017251640408200417], [-0.028693394205748794, 0.0017251640408200422, 0.17056586090345674]], "chi2_level": 0.997, "chi2_df": 3, "chi2_threshold": 13.931422665512084, "N_raw": 106, "N_roi": 106, "N_inlier": 103, "refit": true}
{"timestamp": "16:44:32.951131", "frame": 70, "mu": [-0.6885489250359561, 2.7330151635505073, -0.2839549846032954], "Sigma": [[0.012415894404695073, 0.0008347555005222889, 0.05154219332091248], [0.000834755500522289, 0.008217053882243973, 0.009760037857270469], [0.05154219332091248, 0.00976003785727047, 0.535459253711472]], "chi2_level": 0.997, "chi2_df": 3, "chi2_threshold": 13.931422665512084, "N_raw": 86, "N_roi": 86, "N_inlier": 86, "refit": true}
{"timestamp": "16:44:33.010069", "frame": 71, "mu": [-0.795386298467876, 2.5244046170320438, 0.8307440989649557], "Sigma": [[0.014514710596657055, 0.03546371127883477, 0.0408367043771482], [0.03546371127883477, 0.4764767221242853, 0.5679545032136017], [0.0408367043771482, 0.5679545032136017, 1.0499795543180357]], "chi2_level": 0.997, "chi2_df": 3, "chi2_threshold": 13.931422665512084, "N_raw": 112, "N_roi": 112, "N_inlier": 112, "refit": true}
{"timestamp": "16:44:33.061503", "frame": 72, "mu": [-0.7809535909179179, 2.8327034212296422, 1.1229824753411692], "Sigma": [[0.014864354868339704, 0.00153776520086712, -0.010755472346968298], [0.0015377652008671196, 0.0046929151105595665, -0.012014514965914562], [-0.0107554723469683, -0.01201451496591456, 0.20779055090315535]], "chi2_level": 0.997, "chi2_df": 3, "chi2_threshold": 13.931422665512084, "N_raw": 82, "N_roi": 81, "N_inlier": 80, "refit": true}
{"timestamp": "16:44:33.121865", "frame": 73, "mu": [-0.7624718608175178, 2.9049968300944715, 0.8835750054588962], "Sigma": [[0.013864738437156127, 0.0006511627334262075, 0.006705758720841278], [0.0006511627334262074, 0.005790266146042268, -0.018357619928240962], [0.006705758720841278, -0.018357619928240962, 0.3688676631430722]], "chi2_level": 0.997, "chi2_df": 3, "chi2_threshold": 13.931422665512084, "N_raw": 116, "N_roi": 116, "N_inlier": 115, "refit": true}
{"timestamp": "16:44:33.167048", "frame": 74, "mu": [-0.734439094746297, 2.9196843434940956, 1.0637402841262042], "Sigma": [[0.012679685610405377, 0.0017666603791303066, 0.025530877947517093], [0.0017666603791303068, 0.0035377296921129554, 0.0064604179355469225], [0.025530877947517093, 0.0064604179355469225, 0.3893088415826412]], "chi2_level": 0.997, "chi2_df": 3, "chi2_threshold": 13.931422665512084, "N_raw": 59, "N_roi": 59, "N_inlier": 57, "refit": true}
{"timestamp": "16:44:33.225896", "frame": 75, "mu": [-0.762528154644878, 3.107950253834811, -0.06308723877978224], "Sigma": [[0.011682008550047801, 0.00022739314679876953, -0.0029814209876004635], [0.00022739314679876932, 0.01930859691787668, -0.05121209541557498], [-0.0029814209876004626, -0.05121209541557498, 0.16033851135131966]], "chi2_level": 0.997, "chi2_df": 3, "chi2_threshold": 13.931422665512084, "N_raw": 85, "N_roi": 85, "N_inlier": 84, "refit": true}
{"timestamp": "16:44:33.276743", "frame": 76, "mu": [-0.8027856622062651, 3.0374894126196543, 1.1038711091278894], "Sigma": [[0.010389552937846882, 0.0004639927431461416, -0.0028258039528072047], [0.0004639927431461414, 0.0011276294767537196, -0.002185023703210817], [-0.0028258039528072047, -0.002185023703210817, 0.15654608374267998]], "chi2_level": 0.997, "chi2_df": 3, "chi2_threshold": 13.931422665512084, "N_raw": 52, "N_roi": 52, "N_inlier": 50, "refit": true}
{"timestamp": "16:44:33.331718", "frame": 77, "mu": [-0.8150396523952611, 3.0891870578525333, 1.420340192834334], "Sigma": [[0.012475631468667042, 0.0014512055270316272, -0.007061941397265542], [0.0014512055270316274, 0.0033182393039526727, -0.008232432155919251], [-0.007061941397265542, -0.008232432155919251, 0.030711075790659778]], "chi2_level": 0.997, "chi2_df": 3, "chi2_threshold": 13.931422665512084, "N_raw": 56, "N_roi": 56, "N_inlier": 53, "refit": true}
{"timestamp": "16:44:33.392418", "frame": 78, "mu": [-0.7960247657451495, 3.186683914940113, 1.0570134788918655], "Sigma": [[0.011391382659002752, 0.002409880324945438, -0.016689736883716715], [0.002409880324945438, 0.005773916276555136, -0.018862690590571236], [-0.016689736883716715, -0.018862690590571236, 0.24526247876657195]], "chi2_level": 0.997, "chi2_df": 3, "chi2_threshold": 13.931422665512084, "N_raw": 97, "N_roi": 97, "N_inlier": 96, "refit": true}
{"timestamp": "16:44:33.443172", "frame": 79, "mu": [-0.8453977599556989, 3.192409965869039, 1.0287555742260346], "Sigma": [[0.01628524927274805, -0.0004576803915715508, -0.028710273973256956], [-0.00045768039157155054, 0.004304632348274732, 0.011424093957694142], [-0.028710273973256952, 0.011424093957694142, 0.17049744965901642]], "chi2_level": 0.997, "chi2_df": 3, "chi2_threshold": 13.931422665512084, "N_raw": 67, "N_roi": 67, "N_inlier": 66, "refit": true}
{"timestamp": "16:44:33.497503", "frame": 80, "mu": [-0.8547023449334051, 3.2419427895360844, 0.8687151899485864], "Sigma": [[0.01914232456353872, 0.00037796590133539284, -0.044267376299556974], [0.000377965901335393, 0.0021741172666067347, -0.006979404525971726], [-0.044267376299556974, -0.006979404525971726, 0.26666852916047573]], "chi2_level": 0.997, "chi2_df": 3, "chi2_threshold": 13.931422665512084, "N_raw": 64, "N_roi": 62, "N_inlier": 62, "refit": true}
{"timestamp": "16:44:33.552834", "frame": 81, "mu": [-0.8176507489683102, 3.3241811252666276, 1.1617718308687743], "Sigma": [[0.014867316738992565, 0.0007331988842486989, 0.00031303578244398387], [0.0007331988842486988, 0.0021574488712417846, -0.00673912124857598], [0.00031303578244398387, -0.00673912124857598, 0.0379782261065698]], "chi2_level": 0.997, "chi2_df": 3, "chi2_threshold": 13.931422665512084, "N_raw": 61, "N_roi": 61, "N_inlier": 58, "refit": true}
{"timestamp": "16:44:33.609554", "frame": 82, "mu": [-0.8225201130478609, 3.371364363677261, 1.3640342462933155], "Sigma": [[0.01760684705302897, 0.0019888156585544537, -0.0018033606557036415], [0.0019888156585544537, 0.0034739072656173554, -0.01050656599230072], [-0.0018033606557036415, -0.010506565992300721, 0.04060814762561958]], "chi2_level": 0.997, "chi2_df": 3, "chi2_threshold": 13.931422665512084, "N_raw": 73, "N_roi": 71, "N_inlier": 68, "refit": true}
{"timestamp": "16:44:33.669977", "frame": 83, "mu": [-0.8272807873950531, 3.489560828333348, 0.8412973143407345], "Sigma": [[0.02055174050701677, 0.001456362390594556, -0.02719560863270243], [0.001456362390594556, 0.012497163974077003, -0.039866016012651724], [-0.02719560863270243, -0.039866016012651724, 0.44352815484684155]], "chi2_level": 0.997, "chi2_df": 3, "chi2_threshold": 13.931422665512084, "N_raw": 115, "N_roi": 115, "N_inlier": 115, "refit": true}
{"timestamp": "16:44:33.723775", "frame": 84, "mu": [-0.7987942677534097, 3.473774338287433, 0.9245822434289188], "Sigma": [[0.016689006514066802, 0.0003413713933234322, -0.0005076782009721242], [0.0003413713933234325, 0.006645397317010359, -0.02738536557664774], [-0.0005076782009721229, -0.02738536557664774, 0.3718794882430105]], "chi2_level": 0.997, "chi2_df": 3, "chi2_threshold": 13.931422665512084, "N_raw": 105, "N_roi": 105, "N_inlier": 104, "refit": true}
{"timestamp": "16:44:33.778416", "frame": 85, "mu": [-0.7721869868296746, 3.070391579630067, 0.601863013439414], "Sigma": [[0.02236581138572917, -0.015645604134843474, -0.05220479739219536], [-0.015645604134843477, 0.7688325287032766, 1.0793499284477703], [-0.05220479739219535, 1.0793499284477706, 1.6647162434811282]], "chi2_level": 0.997, "chi2_df": 3, "chi2_threshold": 13.931422665512084, "N_raw": 99, "N_roi": 99, "N_inlier": 98, "refit": true}
{"timestamp": "16:44:33.832395", "frame": 86, "mu": [-0.842768228074514, 3.2151904112255116, 0.5164099903669643], "Sigma": [[0.021825257126356926, 0.029635605822944694, 0.04843950049218162], [0.02963560582294469, 0.7785375988933473, 0.9216173005006222], [0.04843950049218162, 0.9216173005006223, 1.4716550173908962]], "chi2_level": 0.997, "chi2_df": 3, "chi2_threshold": 13.931422665512084, "N_raw": 93, "N_roi": 93, "N_inlier": 93, "refit": true}
{"timestamp": "16:44:33.894241", "frame": 87, "mu": [-0.8139023512232324, 3.2011817006235654, 0.5367622645602264], "Sigma": [[0.02698620239444821, -0.009221808853778803, -0.0010719396485229038], [-0.0092218088537788, 0.9385679280852491, 1.1127942352221962], [-0.0010719396485229064, 1.1127942352221962, 1.6209749581714377]], "chi2_level": 0.997, "chi2_df": 3, "chi2_threshold": 13.931422665512084, "N_raw": 136, "N_roi": 136, "N_inlier": 136, "refit": true}
{"timestamp": "16:44:33.940398", "frame": 88, "mu": [-0.7680600779947653, 3.65034373814371, 1.233058719159459], "Sigma": [[0.023283961621977718, 0.0006494274033151297, -0.026045970530318978], [0.0006494274033151291, 0.006773875380542495, -0.015922817194036158], [-0.02604597053031897, -0.01592281719403616, 0.18971698053440836]], "chi2_level": 0.997, "chi2_df": 3, "chi2_threshold": 13.931422665512084, "N_raw": 72, "N_roi": 72, "N_inlier": 71, "refit": true}
{"timestamp": "16:44:33.997908", "frame": 89, "mu": [-0.8018869352159291, 3.694904450506349, 1.2571942259077333], "Sigma": [[0.019725301138228037, 0.0007894064796993767, -0.01081980427472401], [0.0007894064796993769, 0.008984706745722533, -0.019851596878110524], [-0.01081980427472401, -0.019851596878110528, 0.09248297471315506]], "chi2_level": 0.997, "chi2_df": 3, "chi2_threshold": 13.931422665512084, "N_raw": 91, "N_roi": 90, "N_inlier": 89, "refit": true}
{"timestamp": "16:44:34.041269", "frame": 90, "mu": [-0.7351818352046969, 2.8181964254329603, 0.35306590494195633], "Sigma": [[0.06516331929875721, -0.11117236327228294, 0.18521046932972351], [-0.11117236327228294, 1.7060390377000194, 1.161781268083762], [0.18521046932972351, 1.161781268083762, 2.2162521358402625]], "chi2_level": 0.997, "chi2_df": 3, "chi2_threshold": 13.931422665512084, "N_raw": 10, "N_roi": 10, "N_inlier": 10, "refit": true}
{"timestamp": "16:44:34.106213", "frame": 91, "mu": [-0.8438891297067425, 3.990133136747853, 0.058163574389846734], "Sigma": [[0.021776316063399265, 0.001925225629842679, 0.001620192514376755], [0.0019252256298426785, 0.057648174221324955, -0.12145108456708735], [0.0016201925143767535, -0.12145108456708735, 0.28521524382411334]], "chi2_level": 0.997, "chi2_df": 3, "chi2_threshold": 13.931422665512084, "N_raw": 87, "N_roi": 84, "N_inlier": 83, "refit": true}
{"timestamp": "16:44:34.158937", "frame": 92, "mu": [-0.8613414013402366, 2.8023942952245475, -0.23890701528709288], "Sigma": [[0.02013001717952998, 0.02778208918761213, 0.05312769600628488], [0.027782089187612137, 1.9686905856765111, 2.1908419258839054], [0.05312769600628488, 2.1908419258839054, 2.842513451093707]], "chi2_level": 0.997, "chi2_df": 3, "chi2_threshold": 13.931422665512084, "N_raw": 65, "N_roi": 63, "N_inlier": 63, "refit": true}
{"timestamp": "16:44:34.214592", "frame": 93, "mu": [-0.8373489316618983, 3.91581905533291, 1.4890246120477106], "Sigma": [[0.020627544041720916, 0.0039412935809212315, -0.011949335669616864], [0.003941293580921231, 0.006741591137321755, -0.005961569192668721], [-0.011949335669616864, -0.005961569192668721, 0.015969531054200306]], "chi2_level": 0.997, "chi2_df": 3, "chi2_threshold": 13.931422665512084, "N_raw": 67, "N_roi": 64, "N_inlier": 61, "refit": true}
{"timestamp": "16:44:34.271353", "frame": 94, "mu": [-0.8909410365834807, 3.9736015840542485, -0.35616714083636136], "Sigma": [[0.022342658915680377, 0.004529137476892208, 0.01828864212357076], [0.004529137476892209, 0.008249605329644461, 0.006367977834626794], [0.01828864212357076, 0.006367977834626793, 0.12338543733214341]], "chi2_level": 0.997, "chi2_df": 3, "chi2_threshold": 13.931422665512084, "N_raw": 78, "N_roi": 72, "N_inlier": 67, "refit": true}
{"timestamp": "16:44:34.326268", "frame": 95, "mu": [-0.8975806290267895, 4.170373426792203, 0.05087421576891655], "Sigma": [[0.02381618190771958, 0.003818025913737008, -0.003920176969166981], [0.003818025913737008, 0.06398896633695536, -0.178514958983], [-0.003920176969166983, -0.17851495898300002, 0.5252081150906479]], "chi2_level": 0.997, "chi2_df": 3, "chi2_threshold": 13.931422665512084, "N_raw": 85, "N_roi": 85, "N_inlier": 85, "refit": true}
{"timestamp": "16:44:34.433374", "frame": 96, "mu": [-0.9685849232570575, 4.04277864475978, 0.5582748074537871], "Sigma": [[0.022474147280089243, 0.006460908734189706, -0.0098023316594054], [0.006460908734189707, 0.007112498929959376, -0.002277003503644795], [-0.009802331659405401, -0.002277003503644795, 0.005283300074657992]], "chi2_level": 0.997, "chi2_df": 3, "chi2_threshold": 13.931422665512084, "N_raw": 57, "N_roi": 57, "N_inlier": 53, "refit": true}
{"timestamp": "16:44:34.442974", "frame": 97, "mu": [-0.9451099085166682, 4.084014683206837, 0.5476640229456688], "Sigma": [[0.023312683741499418, 0.0030917218870278864, -0.010198322928599683], [0.0030917218870278873, 0.007599669904551703, -0.002411594165056213], [-0.010198322928599683, -0.0024115941650562126, 0.005654185147207331]], "chi2_level": 0.997, "chi2_df": 3, "chi2_threshold": 13.931422665512084, "N_raw": 64, "N_roi": 64, "N_inlier": 61, "refit": true}
{"timestamp": "16:44:34.492690", "frame": 98, "mu": [-0.9390463409191214, 4.171067564455555, 1.122979289695881], "Sigma": [[0.019839758347092708, 0.0021708365378479105, -0.008709557456922166], [0.002170836537847911, 0.004892509284058886, -0.01473739338128923], [-0.008709557456922166, -0.01473739338128923, 0.1244752131437034]], "chi2_level": 0.997, "chi2_df": 3, "chi2_threshold": 13.931422665512084, "N_raw": 73, "N_roi": 73, "N_inlier": 72, "refit": true}
{"timestamp": "16:44:34.546073", "frame": 99, "mu": [-0.9300604518604099, 4.25759834006449, 0.364460267821037], "Sigma": [[0.027343104068028538, 0.00791526263901382, -0.01585010934199793], [0.007915262639013819, 0.017738689956445508, -0.026924242807855388], [-0.01585010934199793, -0.026924242807855388, 0.05273975798954791]], "chi2_level": 0.997, "chi2_df": 3, "chi2_threshold": 13.931422665512084, "N_raw": 79, "N_roi": 79, "N_inlier": 78, "refit": true}
{"timestamp": "16:44:34.755414", "frame": 100, "mu": [-0.9510351044882512, 4.324084910583283, 0.249629571481989], "Sigma": [[0.022898555266973143, 0.005518839753169232, 0.0022189540152357883], [0.005518839753169231, 0.010051497129635186, -0.007156673777388873], [0.0022189540152357887, -0.007156673777388873, 0.014142790545597491]], "chi2_level": 0.997, "chi2_df": 3, "chi2_threshold": 13.931422665512084, "N_raw": 43, "N_roi": 43, "N_inlier": 42, "refit": true}
{"timestamp": "16:44:34.793277", "frame": 101, "mu": [-0.9415573347792273, 4.304001065344282, 1.4488081813215292], "Sigma": [[0.01887143141585034, 0.0017322361280047564, -0.006669844006357636], [0.0017322361280047562, 0.0028997532627596263, -0.007207108047549562], [-0.006669844006357637, -0.007207108047549561, 0.034565253120499816]], "chi2_level": 0.997, "chi2_df": 3, "chi2_threshold": 13.931422665512084, "N_raw": 49, "N_roi": 48, "N_inlier": 45, "refit": true}
{"timestamp": "16:44:34.822781", "frame": 102, "mu": [-1.0000227279025313, 4.339108582326182, 1.4654179603832522], "Sigma": [[0.03185030224828681, 0.005637176329524839, -0.014801816884439536], [0.005637176329524839, 0.009246667454177746, -0.005627220582026499], [-0.014801816884439538, -0.005627220582026499, 0.010432060567684025]], "chi2_level": 0.997, "chi2_df": 3, "chi2_threshold": 13.931422665512084, "N_raw": 76, "N_roi": 76, "N_inlier": 74, "refit": true}
{"timestamp": "16:44:34.847529", "frame": 103, "mu": [-0.9935169411290716, 4.403808320587038, 1.504004394211937], "Sigma": [[0.02765568634503034, 0.0025529224754346717, -0.015167593053094394], [0.0025529224754346717, 0.0068298444713973585, -0.0066719202352961415], [-0.015167593053094394, -0.0066719202352961415, 0.01863698933470901]], "chi2_level": 0.997, "chi2_df": 3, "chi2_threshold": 13.931422665512084, "N_raw": 69, "N_roi": 68, "N_inlier": 67, "refit": true}
{"timestamp": "16:44:34.879946", "frame": 104, "mu": [-0.976203053133324, 4.481353056263326, 1.508409066789631], "Sigma": [[0.027802968432597178, 0.0031091476506203346, -0.0163568643429257], [0.003109147650620335, 0.007160331919710254, -0.005465220953947504], [-0.0163568643429257, -0.005465220953947504, 0.015431397792455552]], "chi2_level": 0.997, "chi2_df": 3, "chi2_threshold": 13.931422665512084, "N_raw": 73, "N_roi": 69, "N_inlier": 65, "refit": true}
