{"timestamp": "17:09:36.291026", "frame": 1, "mu": [1.79422185841559, 1.086516500460561, 1.3250711238833224], "Sigma": [[0.005271419132721856, -0.004658377508092023, 0.004908885274113118], [-0.004658377508092023, 0.009214428983145858, -0.014956398949197286], [0.004908885274113118, -0.014956398949197286, 0.04398269700519879]], "chi2_level": 0.997, "chi2_df": 3, "chi2_threshold": 13.931422665512084, "N_raw": 33, "N_roi": 33, "N_inlier": 33, "refit": true}
{"timestamp": "17:09:36.346258", "frame": 2, "mu": [1.8100239035579677, 1.0243509521288863, 1.389624126790191], "Sigma": [[0.0042793173809848074, -0.002359192858854907, -0.0015753531411634753], [-0.002359192858854907, 0.008705946991037205, -0.0007304634691242661], [-0.0015753531411634753, -0.0007304634691242663, 0.005643432937663036]], "chi2_level": 0.997, "chi2_df": 3, "chi2_threshold": 13.931422665512084, "N_raw": 30, "N_roi": 30, "N_inlier": 28, "refit": true}
{"timestamp": "17:09:36.401388", "frame": 3, "mu": [1.7356462215357888, 1.0174320005017503, 1.293901418476925], "Sigma": [[0.0031416193581657887, -0.0018826173919704937, -0.001412957756712372], [-0.0018826173919704939, 0.005492943605124861, -0.006627191690177673], [-0.001412957756712372, -0.006627191690177673, 0.02583723263830164]], "chi2_level": 0.997, "chi2_df": 3, "chi2_threshold": 13.931422665512084, "N_raw": 27, "N_roi": 27, "N_inlier": 26, "refit": true}
{"timestamp": "17:09:36.457125", "frame": 4, "mu": [1.7011767301578153, 1.0166528020837404, 1.3651694735009965], "Sigma": [[0.005377048935619082, -0.0024382299812208117, -0.0025993754411441903], [-0.002438229981220812, 0.007119321595965537, -0.003196986037188527], [-0.0025993754411441907, -0.003196986037188527, 0.005383527387223054]], "chi2_level": 0.997, "chi2_df": 3, "chi2_threshold": 13.931422665512084, "N_raw": 38, "N_roi": 38, "N_inlier": 36, "refit": true}
{"timestamp": "17:09:36.511641", "frame": 5, "mu": [1.6112388602535677, 0.9873030898618884, 1.4371089136636084], "Sigma": [[0.003592989521475688, -0.0019250288301995056, -0.002160930023158954], [-0.0019250288301995056, 0.006210594790583183, 0.0038462262944148665], [-0.0021609300231589536, 0.003846226294414866, 0.049815464253588834]], "chi2_level": 0.997, "chi2_df": 3, "chi2_threshold": 13.931422665512084, "N_raw": 28, "N_roi": 28, "N_inlier": 26, "refit": true}
{"timestamp": "17:09:36.563409", "frame": 6, "mu": [1.5181598740523425, 1.1466633638928725, -0.6982568870272112], "Sigma": [[0.0018885464370143952, 0.002109845339613977, -0.004371144607664737], [0.002109845339613977, 0.01350979068759967, -0.013295570011062366], [-0.004371144607664737, -0.013295570011062366, 0.09834166696951287]], "chi2_level": 0.997, "chi2_df": 3, "chi2_threshold": 13.931422665512084, "N_raw": 8, "N_roi": 8, "N_inlier": 8, "refit": true}
{"timestamp": "17:09:36.624079", "frame": 7, "mu": [1.5017364680490077, 0.9724464798285388, 1.3830699867637377], "Sigma": [[0.006503652729366651, -0.0029311816219794564, 0.0041378153477688], [-0.0029311816219794564, 0.005057456383083912, -0.008979937814839224], [0.004137815347768801, -0.008979937814839224, 0.07097516714966966]], "chi2_level": 0.997, "chi2_df": 3, "chi2_threshold": 13.931422665512084, "N_raw": 41, "N_roi": 41, "N_inlier": 40, "refit": true}
{"timestamp": "17:09:36.674512", "frame": 8, "mu": [1.4301612422293017, 0.9237750176168309, 1.145088703228061], "Sigma": [[0.0009267290699861286, 0.0009931790220143576, -0.004683518707592057], [0.0009931790220143576, 0.007628163792641433, 0.001498991357644328], [-0.004683518707592056, 0.001498991357644328, 0.0642667794020842]], "chi2_level": 0.997, "chi2_df": 3, "chi2_threshold": 13.931422665512084, "N_raw": 8, "N_roi": 8, "N_inlier": 8, "refit": true}
{"timestamp": "17:09:36.731853", "frame": 9, "mu": [1.378492315220301, 0.9518592731760496, 1.4573064711009855], "Sigma": [[0.004819061561841654, -0.0008935352878214272, -0.004476175614687159], [-0.0008935352878214272, 0.004442639157643648, 0.009018452907031299], [-0.004476175614687159, 0.009018452907031299, 0.06244847667124762]], "chi2_level": 0.997, "chi2_df": 3, "chi2_threshold": 13.931422665512084, "N_raw": 36, "N_roi": 36, "N_inlier": 36, "refit": true}
{"timestamp": "17:09:36.792785", "frame": 10, "mu": [1.2958526259862158, 0.9505488206235425, 1.1255351305814096], "Sigma": [[0.007402130548924261, -0.0062304340128791665, 0.00814492847741407], [-0.006230434012879166, 0.010991398741063715, -0.016837161926585898], [0.008144928477414071, -0.016837161926585898, 0.042907639298313816]], "chi2_level": 0.997, "chi2_df": 3, "chi2_threshold": 13.931422665512084, "N_raw": 79, "N_roi": 79, "N_inlier": 78, "refit": true}
{"timestamp": "17:09:36.849543", "frame": 11, "mu": [1.240022205054863, 0.97253448550786, 1.2945292773247414], "Sigma": [[0.008656317456173465, -0.004486944079666124, 0.001126490093612083], [-0.004486944079666124, 0.0044060315735621495, -0.0062843733608882405], [0.001126490093612083, -0.0062843733608882405, 0.03273631093227741]], "chi2_level": 0.997, "chi2_df": 3, "chi2_threshold": 13.931422665512084, "N_raw": 83, "N_roi": 83, "N_inlier": 83, "refit": true}
{"timestamp": "17:09:36.903965", "frame": 12, "mu": [1.0379144359846948, 1.030893793626612, 1.1673439170286244], "Sigma": [[0.015488361165680468, -0.005644230525805325, 0.01924765568719318], [-0.005644230525805325, 0.005210769057747553, -0.009658327005232378], [0.01924765568719318, -0.00965832700523238, 0.08878060555776005]], "chi2_level": 0.997, "chi2_df": 3, "chi2_threshold": 13.931422665512084, "N_raw": 78, "N_roi": 78, "N_inlier": 76, "refit": true}
{"timestamp": "17:09:36.953745", "frame": 13, "mu": [1.0602551739407033, 0.9461822984676393, 1.396828239061857], "Sigma": [[0.015197148489617606, -0.013000945771280643, -0.011542335244962669], [-0.013000945771280643, 0.012764050691686797, 0.00894003416485052], [-0.011542335244962669, 0.00894003416485052, 0.04052384597910355]], "chi2_level": 0.997, "chi2_df": 3, "chi2_threshold": 13.931422665512084, "N_raw": 40, "N_roi": 40, "N_inlier": 39, "refit": true}
{"timestamp": "17:09:37.006965", "frame": 14, "mu": [1.0243564757593697, 0.9471153363148898, 1.3568365855378333], "Sigma": [[0.007305746458863202, -0.004946848293064535, -0.0051680602918102725], [-0.004946848293064534, 0.004774965980792231, 0.00023870689138930914], [-0.0051680602918102725, 0.00023870689138930892, 0.034251510585193094]], "chi2_level": 0.997, "chi2_df": 3, "chi2_threshold": 13.931422665512084, "N_raw": 34, "N_roi": 34, "N_inlier": 32, "refit": true}
{"timestamp": "17:09:37.063293", "frame": 15, "mu": [0.9227453981177819, 0.9393114975985096, 1.323158618812997], "Sigma": [[0.005155446929426682, -0.002986157009741727, 0.0017630329194641193], [-0.002986157009741727, 0.004054735749210669, -0.00500147848347516], [0.00176303291946412, -0.005001478483475161, 0.0632744393102315]], "chi2_level": 0.997, "chi2_df": 3, "chi2_threshold": 13.931422665512084, "N_raw": 37, "N_roi": 37, "N_inlier": 35, "refit": true}
{"timestamp": "17:09:37.119846", "frame": 16, "mu": [0.8564388871370773, 0.9349088123551312, 1.300759999240173], "Sigma": [[0.00734953162897469, -0.00708788833503865, 0.006064335685494186], [-0.00708788833503865, 0.010813937083782582, -0.012600452576459385], [0.006064335685494186, -0.012600452576459385, 0.028801547175373216]], "chi2_level": 0.997, "chi2_df": 3, "chi2_threshold": 13.931422665512084, "N_raw": 53, "N_roi": 53, "N_inlier": 53, "refit": true}
{"timestamp": "17:09:37.174372", "frame": 17, "mu": [0.808511284792996, 1.0455061714629499, -0.3958562998660636], "Sigma": [[0.0032085544902755387, -0.0019041501140090373, -0.0017785800718671352], [-0.0019041501140090373, 0.009983365841546852, -0.01070086494782438], [-0.0017785800718671356, -0.01070086494782438, 0.019389679300447153]], "chi2_level": 0.997, "chi2_df": 3, "chi2_threshold": 13.931422665512084, "N_raw": 46, "N_roi": 46, "N_inlier": 44, "refit": true}
{"timestamp": "17:09:37.228097", "frame": 18, "mu": [0.7573972831657936, 1.027179058631941, 1.1730850612720716], "Sigma": [[0.003640905697315859, -0.002829530863396871, 0.004357671811827335], [-0.0028295308633968707, 0.006021367956031137, -0.010867278239064027], [0.004357671811827334, -0.010867278239064027, 0.035464607900449405]], "chi2_level": 0.997, "chi2_df": 3, "chi2_threshold": 13.931422665512084, "N_raw": 41, "N_roi": 41, "N_inlier": 40, "refit": true}
{"timestamp": "17:09:37.288322", "frame": 19, "mu": [0.6918789553296535, 0.9841149091991153, -0.3825214761728881], "Sigma": [[0.006356479337415413, -0.0002555156190376143, 0.02988752939034868], [-0.00025551561903761413, 0.01299746543713458, -0.015947075167611173], [0.02988752939034868, -0.015947075167611176, 0.3395086056499326]], "chi2_level": 0.997, "chi2_df": 3, "chi2_threshold": 13.931422665512084, "N_raw": 75, "N_roi": 75, "N_inlier": 75, "refit": true}
{"timestamp": "17:09:37.343321", "frame": 20, "mu": [0.6693917298598752, 0.933174629947482, -0.16018627662696397], "Sigma": [[0.006097657576754059, -0.0006816981114910686, 0.012954295878983125], [-0.0006816981114910687, 0.008515499709641427, -0.02457352954337441], [0.012954295878983123, -0.02457352954337441, 0.22166888433991258]], "chi2_level": 0.997, "chi2_df": 3, "chi2_threshold": 13.931422665512084, "N_raw": 77, "N_roi": 76, "N_inlier": 71, "refit": true}
{"timestamp": "17:09:37.400567", "frame": 21, "mu": [0.5530817646099075, 0.9667469573232815, 0.037999577337669246], "Sigma": [[0.005844671629401067, -0.003579717003869419, 0.03684366057528895], [-0.003579717003869419, 0.01913236483283677, -0.07877305004406973], [0.03684366057528895, -0.07877305004406973, 0.595994777688034]], "chi2_level": 0.997, "chi2_df": 3, "chi2_threshold": 13.931422665512084, "N_raw": 86, "N_roi": 83, "N_inlier": 81, "refit": true}
{"timestamp": "17:09:37.456316", "frame": 22, "mu": [0.5089217457649906, 0.8848774365029107, 1.519478221137626], "Sigma": [[0.005356827046594076, 4.407981941926848e-05, -0.0006072147861434155], [4.4079819419268545e-05, 0.006301385556068187, -0.0013464877809805412], [-0.0006072147861434155, -0.0013464877809805412, 0.006442636864429221]], "chi2_level": 0.997, "chi2_df": 3, "chi2_threshold": 13.931422665512084, "N_raw": 88, "N_roi": 88, "N_inlier": 82, "refit": true}
{"timestamp": "17:09:37.506731", "frame": 23, "mu": [0.4944188856275281, 0.9606313360836352, -0.17316593756404258], "Sigma": [[0.005222945211519668, 0.0006691182099545404, -0.001711060040667163], [0.0006691182099545403, 0.003938253026197131, -0.002333683984297834], [-0.001711060040667163, -0.002333683984297834, 0.00192423123515017]], "chi2_level": 0.997, "chi2_df": 3, "chi2_threshold": 13.931422665512084, "N_raw": 62, "N_roi": 62, "N_inlier": 56, "refit": true}
{"timestamp": "17:09:37.560244", "frame": 24, "mu": [0.3052929398195416, 0.9213776749908009, 1.470617841299403], "Sigma": [[0.010190828347414025, 0.0014594685302045704, 0.008824942455480985], [0.0014594685302045708, 0.0018969850251221783, -0.0016645387891602711], [0.008824942455480985, -0.0016645387891602711, 0.016304318415055807]], "chi2_level": 0.997, "chi2_df": 3, "chi2_threshold": 13.931422665512084, "N_raw": 52, "N_roi": 52, "N_inlier": 48, "refit": true}
{"timestamp": "17:09:37.624546", "frame": 25, "mu": [0.13565596913476502, 0.928840278408612, 1.3367521036016647], "Sigma": [[0.051910902006811005, 0.013754975521650246, 0.04753911773842903], [0.013754975521650245, 0.007060913376474545, 0.015118428413744367], [0.04753911773842903, 0.015118428413744367, 0.06764003364979443]], "chi2_level": 0.997, "chi2_df": 3, "chi2_threshold": 13.931422665512084, "N_raw": 117, "N_roi": 117, "N_inlier": 115, "refit": true}
{"timestamp": "17:09:37.675837", "frame": 26, "mu": [0.23281855178305405, 0.9826218247841124, 0.17782212842812717], "Sigma": [[0.005619457624671353, -0.0003278870362618421, 0.04602695730888612], [-0.00032788703626184207, 0.006373436372733209, -0.01868806862955573], [0.046026957308886125, -0.01868806862955573, 0.5868572646376831]], "chi2_level": 0.997, "chi2_df": 3, "chi2_threshold": 13.931422665512084, "N_raw": 88, "N_roi": 88, "N_inlier": 84, "refit": true}
{"timestamp": "17:09:37.723321", "frame": 27, "mu": [0.18438302688675626, 0.9352773901832226, 1.6284404146538214], "Sigma": [[0.0016589716051105265, 0.00018218982725291276, -0.0006291826036723392], [0.00018218982725291274, 0.0029586010240148885, -0.0012136189513949785], [-0.0006291826036723393, -0.0012136189513949785, 0.0008821936948261918]], "chi2_level": 0.997, "chi2_df": 3, "chi2_threshold": 13.931422665512084, "N_raw": 43, "N_roi": 43, "N_inlier": 39, "refit": true}
{"timestamp": "17:09:37.780365", "frame": 28, "mu": [0.03053331507198403, 0.974542313628679, 1.6132693495112902], "Sigma": [[0.005832544342567487, -0.003418168799419705, 0.0005537758612667756], [-0.003418168799419705, 0.004328136541166253, -0.0010031060820072627], [0.0005537758612667756, -0.0010031060820072627, 0.0005115659867314683]], "chi2_level": 0.997, "chi2_df": 3, "chi2_threshold": 13.931422665512084, "N_raw": 61, "N_roi": 59, "N_inlier": 57, "refit": true}
{"timestamp": "17:09:37.836322", "frame": 29, "mu": [-0.04965516904794054, 0.9750363786733433, 1.4586413731889551], "Sigma": [[0.006786623991153397, -0.0028415524728228527, 0.01626332208751596], [-0.0028415524728228536, 0.006381312723867717, -0.007671247665020194], [0.01626332208751596, -0.007671247665020195, 0.06163008810431994]], "chi2_level": 0.997, "chi2_df": 3, "chi2_threshold": 13.931422665512084, "N_raw": 65, "N_roi": 65, "N_inlier": 65, "refit": true}
{"timestamp": "17:09:37.897387", "frame": 30, "mu": [-0.11466599422452035, 1.008117521378012, 1.488818177934651], "Sigma": [[0.011458483982285907, -0.003313179885441388, 0.014657517034827252], [-0.0033131798854413885, 0.003409859559582373, -0.005240081097194675], [0.01465751703482725, -0.005240081097194675, 0.04585355638556705]], "chi2_level": 0.997, "chi2_df": 3, "chi2_threshold": 13.931422665512084, "N_raw": 106, "N_roi": 106, "N_inlier": 103, "refit": true}
{"timestamp": "17:09:37.948359", "frame": 31, "mu": [-0.2186064737558119, 1.0191794371099725, 1.5163863499440513], "Sigma": [[0.014583018431213466, -0.003939579025450747, 0.01689057684728044], [-0.003939579025450747, 0.003173293496268193, -0.004238935829554558], [0.016890576847280445, -0.004238935829554559, 0.03598346232881294]], "chi2_level": 0.997, "chi2_df": 3, "chi2_threshold": 13.931422665512084, "N_raw": 82, "N_roi": 82, "N_inlier": 80, "refit": true}
{"timestamp": "17:09:38.000750", "frame": 32, "mu": [-0.248867662405936, 0.9880314404619441, 1.5396575394877303], "Sigma": [[0.002355206564164164, -0.0011247771020329498, -0.0020525039141796693], [-0.0011247771020329498, 0.0015855202682630487, -0.0012455934628455123], [-0.0020525039141796693, -0.001245593462845512, 0.017079065979838437]], "chi2_level": 0.997, "chi2_df": 3, "chi2_threshold": 13.931422665512084, "N_raw": 58, "N_roi": 58, "N_inlier": 54, "refit": true}
{"timestamp": "17:09:38.057508", "frame": 33, "mu": [-0.32487366712810617, 0.976974424300469, 1.589497194522199], "Sigma": [[0.0025465823395682055, -0.0008320672024384897, -0.00019893853209001773], [-0.0008320672024384898, 0.0033459757107987724, -0.002263821141603159], [-0.00019893853209001773, -0.0022638211416031585, 0.0019949223622948665]], "chi2_level": 0.997, "chi2_df": 3, "chi2_threshold": 13.931422665512084, "N_raw": 66, "N_roi": 64, "N_inlier": 58, "refit": true}
{"timestamp": "17:09:38.111736", "frame": 34, "mu": [-0.39832238894309635, 1.009887499831543, -0.33931113246003125], "Sigma": [[0.00311523366300351, 0.0004302311672907793, 0.005388740214533034], [0.0004302311672907794, 0.004414856222732978, 0.0014808363961925062], [0.005388740214533034, 0.0014808363961925065, 0.03616783362074419]], "chi2_level": 0.997, "chi2_df": 3, "chi2_threshold": 13.931422665512084, "N_raw": 65, "N_roi": 65, "N_inlier": 62, "refit": true}
{"timestamp": "17:09:38.169551", "frame": 35, "mu": [-0.5430875951034406, 0.9237050481371906, 1.6300703121675806], "Sigma": [[0.004227572121268254, -0.0012113996938112436, -0.00018070470868694838], [-0.0012113996938112439, 0.003391275392781447, -0.0008421021356322304], [-0.00018070470868694827, -0.0008421021356322303, 0.016201223414200952]], "chi2_level": 0.997, "chi2_df": 3, "chi2_threshold": 13.931422665512084, "N_raw": 74, "N_roi": 74, "N_inlier": 67, "refit": true}
{"timestamp": "17:09:38.233716", "frame": 36, "mu": [-0.5886088361316439, 0.93430998891122, 1.396589530890689], "Sigma": [[0.01755288493156545, 0.008149122791786964, -0.015968795013499043], [0.008149122791786964, 0.014411833229211501, -0.02246171998483705], [-0.015968795013499043, -0.02246171998483705, 0.22328787505282605]], "chi2_level": 0.997, "chi2_df": 3, "chi2_threshold": 13.931422665512084, "N_raw": 143, "N_roi": 143, "N_inlier": 142, "refit": true}
{"timestamp": "17:09:38.284355", "frame": 37, "mu": [-0.732558997736731, 0.8976657617459131, 1.581329295829376], "Sigma": [[0.02698174995121725, 0.0018411294443376714, -0.03999235004264243], [0.0018411294443376716, 0.013661698751169135, 0.0016779073261705857], [-0.03999235004264243, 0.001677907326170585, 0.14457436321566944]], "chi2_level": 0.997, "chi2_df": 3, "chi2_threshold": 13.931422665512084, "N_raw": 115, "N_roi": 115, "N_inlier": 111, "refit": true}
{"timestamp": "17:09:38.338584", "frame": 38, "mu": [-0.8550179277532682, 0.9062008429932694, 1.8241930089957383], "Sigma": [[0.02595364081720041, 0.011405322836227378, -0.01614206547687902], [0.011405322836227378, 0.013029653545004622, -0.00946252162218824], [-0.016142065476879023, -0.00946252162218824, 0.011294524865400639]], "chi2_level": 0.997, "chi2_df": 3, "chi2_threshold": 13.931422665512084, "N_raw": 104, "N_roi": 104, "N_inlier": 99, "refit": true}
{"timestamp": "17:09:38.396496", "frame": 39, "mu": [-0.9019394334922973, 0.9301671329446014, -0.18373900682614644], "Sigma": [[0.0370943269762965, 0.027774144533362764, -0.02853682524232667], [0.027774144533362764, 0.02726569688074458, -0.029330044749321698], [-0.028536825242326667, -0.029330044749321695, 0.10226890932421462]], "chi2_level": 0.997, "chi2_df": 3, "chi2_threshold": 13.931422665512084, "N_raw": 119, "N_roi": 119, "N_inlier": 118, "refit": true}
{"timestamp": "17:09:38.449972", "frame": 40, "mu": [-1.0007754973336842, 0.9080028973358738, 0.5788466725087176], "Sigma": [[0.019435828876617982, 0.010350075870524455, 0.09598242658777076], [0.010350075870524457, 0.01136095307008385, 0.07259201763473158], [0.09598242658777076, 0.07259201763473158, 0.8653234685001561]], "chi2_level": 0.997, "chi2_df": 3, "chi2_threshold": 13.931422665512084, "N_raw": 119, "N_roi": 119, "N_inlier": 115, "refit": true}
{"timestamp": "17:09:38.501445", "frame": 41, "mu": [-1.0503262763654302, 0.9330553326302408, 0.06546797664546311], "Sigma": [[0.015789485323299136, 0.011296336088336169, -0.00020963564506714435], [0.011296336088336169, 0.01706912309761282, -0.001455885829866767], [-0.00020963564506714435, -0.001455885829866767, 0.024939669109596663]], "chi2_level": 0.997, "chi2_df": 3, "chi2_threshold": 13.931422665512084, "N_raw": 98, "N_roi": 98, "N_inlier": 93, "refit": true}
{"timestamp": "17:09:38.558734", "frame": 42, "mu": [-1.112203210614953, 0.9158544813724948, 1.629337168604682], "Sigma": [[0.020831914924680214, 0.013050618053826693, -0.005308485416173327], [0.013050618053826693, 0.013977605846070178, -0.009882299331334199], [-0.005308485416173327, -0.0098822993313342, 0.017385128093253606]], "chi2_level": 0.997, "chi2_df": 3, "chi2_threshold": 13.931422665512084, "N_raw": 109, "N_roi": 109, "N_inlier": 105, "refit": true}
{"timestamp": "17:09:38.610499", "frame": 43, "mu": [-1.1516906144264396, 1.0202010142057152, -0.0439367667943717], "Sigma": [[0.019611686514998346, 0.015569200115588834, -0.0031187040914302496], [0.015569200115588834, 0.020156929781449655, -0.011262224393007598], [-0.0031187040914302496, -0.0112622243930076, 0.023540588138993068]], "chi2_level": 0.997, "chi2_df": 3, "chi2_threshold": 13.931422665512084, "N_raw": 89, "N_roi": 89, "N_inlier": 86, "refit": true}
{"timestamp": "17:09:38.668664", "frame": 44, "mu": [-1.171963382084389, 1.0359643822075018, 1.5905284973217144], "Sigma": [[0.015793993926529155, 0.009411477779433339, -0.021619652131696705], [0.009411477779433337, 0.01274148334458334, -0.02017985494353114], [-0.021619652131696705, -0.020179854943531143, 0.16930800143526323]], "chi2_level": 0.997, "chi2_df": 3, "chi2_threshold": 13.931422665512084, "N_raw": 110, "N_roi": 110, "N_inlier": 108, "refit": true}
{"timestamp": "17:09:38.729286", "frame": 45, "mu": [-1.2200078696096746, 1.1562283141735819, -0.2868758959368297], "Sigma": [[0.017878530080456315, 0.0163436765426975, -0.013829871335972334], [0.0163436765426975, 0.04877891319933954, -0.08512263060291683], [-0.013829871335972334, -0.08512263060291683, 0.3378689496619703]], "chi2_level": 0.997, "chi2_df": 3, "chi2_threshold": 13.931422665512084, "N_raw": 150, "N_roi": 150, "N_inlier": 150, "refit": true}
{"timestamp": "17:09:38.782320", "frame": 46, "mu": [-1.2832594470642777, 1.1164587136428712, 1.6147470808662692], "Sigma": [[0.015743285459820316, 0.00880439316801064, -0.012758433702015314], [0.00880439316801064, 0.016413325346538304, -0.03363149609702515], [-0.012758433702015314, -0.03363149609702515, 0.3039532518917348]], "chi2_level": 0.997, "chi2_df": 3, "chi2_threshold": 13.931422665512084, "N_raw": 132, "N_roi": 132, "N_inlier": 130, "refit": true}
{"timestamp": "17:09:38.837086", "frame": 47, "mu": [-1.360311315447439, 1.093561250942869, 1.9088092763387197], "Sigma": [[0.020283195083871056, 0.010741286972232426, -0.011648074191447512], [0.010741286972232427, 0.023058051408280503, -0.01788142799231313], [-0.011648074191447514, -0.01788142799231313, 0.02684766254127474]], "chi2_level": 0.997, "chi2_df": 3, "chi2_threshold": 13.931422665512084, "N_raw": 134, "N_roi": 134, "N_inlier": 129, "refit": true}
{"timestamp": "17:09:38.886137", "frame": 48, "mu": [-1.4514202259951225, 1.086930608104789, 1.9886532212433077], "Sigma": [[0.017439072638406494, 0.010553622527997786, -0.006618812184032369], [0.010553622527997786, 0.019763495415315246, -0.014823586259370455], [-0.006618812184032369, -0.014823586259370454, 0.021877599974755878]], "chi2_level": 0.997, "chi2_df": 3, "chi2_threshold": 13.931422665512084, "N_raw": 94, "N_roi": 94, "N_inlier": 91, "refit": true}
{"timestamp": "17:09:38.939567", "frame": 49, "mu": [-1.4694819104050347, 1.1838489482917944, 1.8107586322239888], "Sigma": [[0.015429086385752624, 0.009510000202439299, -0.006287567164760132], [0.009510000202439297, 0.014669500154845397, -0.012720615838510047], [-0.0062875671647601335, -0.012720615838510049, 0.01306538032902929]], "chi2_level": 0.997, "chi2_df": 3, "chi2_threshold": 13.931422665512084, "N_raw": 86, "N_roi": 86, "N_inlier": 83, "refit": true}
{"timestamp": "17:09:39.002858", "frame": 50, "mu": [-1.5807305082407381, 1.2208011796759248, 1.682827608465605], "Sigma": [[0.022958571996382328, 0.01592015185782334, 0.019756645633095406], [0.015920151857823344, 0.01957465667485402, -0.0003429169597931544], [0.019756645633095406, -0.0003429169597931542, 0.07981963640992312]], "chi2_level": 0.997, "chi2_df": 3, "chi2_threshold": 13.931422665512084, "N_raw": 130, "N_roi": 130, "N_inlier": 124, "refit": true}
{"timestamp": "17:09:39.050306", "frame": 51, "mu": [-1.531861818360452, 1.269384508968243, 1.8755257704518136], "Sigma": [[0.016296170663849523, 0.010602415306040364, -0.005828177977272223], [0.010602415306040364, 0.01775034195378675, -0.017663274447597674], [-0.005828177977272223, -0.017663274447597674, 0.03968538784669736]], "chi2_level": 0.997, "chi2_df": 3, "chi2_threshold": 13.931422665512084, "N_raw": 83, "N_roi": 83, "N_inlier": 79, "refit": true}
{"timestamp": "17:09:39.108008", "frame": 52, "mu": [-1.6367455819236882, 1.3233863735746885, 1.7752606634088755], "Sigma": [[0.018444628344914872, 0.012376191832685613, -0.01072595224569039], [0.012376191832685613, 0.021593300552886673, -0.02112575566489125], [-0.01072595224569039, -0.02112575566489125, 0.027487673478965143]], "chi2_level": 0.997, "chi2_df": 3, "chi2_threshold": 13.931422665512084, "N_raw": 110, "N_roi": 110, "N_inlier": 107, "refit": true}
{"timestamp": "17:09:39.163077", "frame": 53, "mu": [-1.6817889843286309, 1.3777633468413724, 1.8224232717520779], "Sigma": [[0.012117368279023278, 0.012925058257911435, -0.017469785765373332], [0.012925058257911437, 0.032036067073142965, -0.048876431104110905], [-0.01746978576537333, -0.048876431104110905, 0.10000060454062829]], "chi2_level": 0.997, "chi2_df": 3, "chi2_threshold": 13.931422665512084, "N_raw": 105, "N_roi": 105, "N_inlier": 101, "refit": true}
{"timestamp": "17:09:39.217814", "frame": 54, "mu": [-1.6710776573070858, 1.4440895629386368, 0.20443906852287072], "Sigma": [[0.01827760953209201, 0.016414560045346305, -0.006999964921971934], [0.016414560045346305, 0.03318213107577296, -0.00938281164274575], [-0.006999964921971935, -0.00938281164274575, 0.009265693765970764]], "chi2_level": 0.997, "chi2_df": 3, "chi2_threshold": 13.931422665512084, "N_raw": 109, "N_roi": 109, "N_inlier": 107, "refit": true}
{"timestamp": "17:09:39.274001", "frame": 55, "mu": [-1.6925677730975661, 1.5182171731291174, 1.8004493668669488], "Sigma": [[0.023437561314468423, 0.018561692245558918, -0.020335522578010135], [0.018561692245558918, 0.029348450355597896, -0.026144089545291738], [-0.02033552257801013, -0.02614408954529173, 0.03392936021712872]], "chi2_level": 0.997, "chi2_df": 3, "chi2_threshold": 13.931422665512084, "N_raw": 113, "N_roi": 113, "N_inlier": 106, "refit": true}
{"timestamp": "17:09:39.328094", "frame": 56, "mu": [-1.703520123712258, 1.6264827828408384, 1.6560620733977423], "Sigma": [[0.017939708205374993, 0.01154378918142126, -0.00412546344471486], [0.011543789181421259, 0.01669310728584871, -0.027080371753075656], [-0.00412546344471486, -0.027080371753075656, 0.08586285912697503]], "chi2_level": 0.997, "chi2_df": 3, "chi2_threshold": 13.931422665512084, "N_raw": 97, "N_roi": 97, "N_inlier": 93, "refit": true}
{"timestamp": "17:09:39.380010", "frame": 57, "mu": [-1.7460620576444823, 1.6544352821902009, 1.7693542553335442], "Sigma": [[0.019911273080179388, 0.014458775392405074, -0.015293272704078811], [0.014458775392405074, 0.019032041667331107, -0.017730367665881153], [-0.015293272704078813, -0.017730367665881156, 0.019958332085639578]], "chi2_level": 0.997, "chi2_df": 3, "chi2_threshold": 13.931422665512084, "N_raw": 84, "N_roi": 84, "N_inlier": 81, "refit": true}
{"timestamp": "17:09:39.435813", "frame": 58, "mu": [-1.8943153751618735, 1.6213338302347136, 1.822054724548656], "Sigma": [[0.03750281413581364, 0.024897431578845636, -0.0180181483822924], [0.02489743157884564, 0.024172829612646753, -0.020282751100304475], [-0.018018148382292397, -0.020282751100304475, 0.032643104924354086]], "chi2_level": 0.997, "chi2_df": 3, "chi2_threshold": 13.931422665512084, "N_raw": 96, "N_roi": 96, "N_inlier": 94, "refit": true}
{"timestamp": "17:09:39.489749", "frame": 59, "mu": [-1.9130888553502672, 1.6787413101394242, 1.8565368526453105], "Sigma": [[0.04313634170720293, 0.0286133861686756, -0.014678731942346536], [0.0286133861686756, 0.025904679097320617, -0.02033933715545851], [-0.014678731942346536, -0.02033933715545851, 0.033708360634553194]], "chi2_level": 0.997, "chi2_df": 3, "chi2_threshold": 13.931422665512084, "N_raw": 86, "N_roi": 86, "N_inlier": 82, "refit": true}
{"timestamp": "17:09:39.543758", "frame": 60, "mu": [-1.898904730761262, 1.8196678541321074, 0.24706940315482515], "Sigma": [[0.037567585278377544, 0.03180327801033596, -0.012077998853417784], [0.03180327801033596, 0.051673764939914525, -0.04482332815367307], [-0.012077998853417784, -0.04482332815367307, 0.058090343400489124]], "chi2_level": 0.997, "chi2_df": 3, "chi2_threshold": 13.931422665512084, "N_raw": 70, "N_roi": 70, "N_inlier": 68, "refit": true}
{"timestamp": "17:09:39.591521", "frame": 61, "mu": [-1.7716755216508033, 2.0179712734530053, 1.5350452067810931], "Sigma": [[0.030666520249854112, 0.02146385869960659, -0.008684203626233025], [0.02146385869960659, 0.021307128660132776, -0.021103527757211197], [-0.008684203626233025, -0.021103527757211197, 0.06351238764000287]], "chi2_level": 0.997, "chi2_df": 3, "chi2_threshold": 13.931422665512084, "N_raw": 27, "N_roi": 27, "N_inlier": 25, "refit": true}
{"timestamp": "17:09:39.648126", "frame": 62, "mu": [-1.7228077857858086, 2.0829841443360584, 1.7614290163019801], "Sigma": [[0.016141558739798216, 0.008966227945025431, -0.013873783604763216], [0.008966227945025431, 0.01026153889063198, -0.010124384162829363], [-0.013873783604763216, -0.010124384162829363, 0.01656483196916645]], "chi2_level": 0.997, "chi2_df": 3, "chi2_threshold": 13.931422665512084, "N_raw": 46, "N_roi": 46, "N_inlier": 43, "refit": true}
{"timestamp": "17:09:39.705785", "frame": 63, "mu": [-1.8209670789057577, 2.1455137721130897, 0.24358739052007622], "Sigma": [[0.025560456821205613, 0.010720522028070063, 0.0020659899738449715], [0.010720522028070065, 0.02846841718274678, -0.027743677376223647], [0.0020659899738449707, -0.027743677376223644, 0.04315981029561492]], "chi2_level": 0.997, "chi2_df": 3, "chi2_threshold": 13.931422665512084, "N_raw": 60, "N_roi": 58, "N_inlier": 55, "refit": true}
{"timestamp": "17:09:39.762139", "frame": 64, "mu": [-1.8026945290593799, 2.2633133792179225, 0.23885810315484102], "Sigma": [[0.019966820594541253, -0.0005030621680910529, 0.009858135758401632], [-0.0005030621680910527, 0.019775219316502824, -0.023486614315008807], [0.009858135758401628, -0.02348661431500881, 0.0380753250075101]], "chi2_level": 0.997, "chi2_df": 3, "chi2_threshold": 13.931422665512084, "N_raw": 65, "N_roi": 65, "N_inlier": 63, "refit": true}
{"timestamp": "17:09:39.816433", "frame": 65, "mu": [-1.7906286789292045, 2.275708191420246, 1.7272070994949693], "Sigma": [[0.014054273502400821, 0.004824243164700626, -0.006090843527333772], [0.004824243164700625, 0.00838662143730786, -0.00859839179069641], [-0.006090843527333772, -0.00859839179069641, 0.012745449332535859]], "chi2_level": 0.997, "chi2_df": 3, "chi2_threshold": 13.931422665512084, "N_raw": 63, "N_roi": 63, "N_inlier": 58, "refit": true}
{"timestamp": "17:09:39.871380", "frame": 66, "mu": [-1.78143092075502, 2.3462289237792646, 1.6710253682411722], "Sigma": [[0.012149473901439464, 0.004559018604705683, -0.007315834533076099], [0.004559018604705685, 0.008352508462981096, -0.015041416839238137], [-0.007315834533076099, -0.01504141683923814, 0.12404204764814351]], "chi2_level": 0.997, "chi2_df": 3, "chi2_threshold": 13.931422665512084, "N_raw": 57, "N_roi": 57, "N_inlier": 57, "refit": true}
{"timestamp": "17:09:39.923614", "frame": 67, "mu": [-1.7999472970626311, 2.4369373711814215, 1.7669584634902926], "Sigma": [[0.0131614426230673, 0.006848248090926334, -0.006498001343902717], [0.006848248090926334, 0.009124101952403221, -0.01017085542902951], [-0.006498001343902717, -0.010170855429029511, 0.017537919327428646]], "chi2_level": 0.997, "chi2_df": 3, "chi2_threshold": 13.931422665512084, "N_raw": 45, "N_roi": 45, "N_inlier": 44, "refit": true}
{"timestamp": "17:09:39.979461", "frame": 68, "mu": [-1.8344850945900126, 2.482123785942883, 1.798985609421135], "Sigma": [[0.01340843906262955, 0.006452256895319496, -0.009641986749073126], [0.006452256895319496, 0.007868400134505352, -0.006275359385909796], [-0.009641986749073126, -0.006275359385909796, 0.010884516661515853]], "chi2_level": 0.997, "chi2_df": 3, "chi2_threshold": 13.931422665512084, "N_raw": 43, "N_roi": 43, "N_inlier": 40, "refit": true}
{"timestamp": "17:09:40.041042", "frame": 69, "mu": [-1.841301611097843, 2.618202923585384, 1.691786645781878], "Sigma": [[0.01727067257172303, 0.0017470825294316375, -0.004881211012325573], [0.0017470825294316375, 0.01309103873835485, -0.01522468504040132], [-0.004881211012325573, -0.01522468504040132, 0.02480229851595719]], "chi2_level": 0.997, "chi2_df": 3, "chi2_threshold": 13.931422665512084, "N_raw": 90, "N_roi": 88, "N_inlier": 87, "refit": true}
{"timestamp": "17:09:40.089914", "frame": 70, "mu": [-1.8711330150238286, 2.705321374876194, 1.5547849704156884], "Sigma": [[0.010326383270533939, 0.002535245011253235, -0.0024074192412058245], [0.002535245011253235, 0.0066666813052279434, -0.01094490207050066], [-0.0024074192412058253, -0.010944902070500659, 0.022350276794450896]], "chi2_level": 0.997, "chi2_df": 3, "chi2_threshold": 13.931422665512084, "N_raw": 49, "N_roi": 49, "N_inlier": 49, "refit": true}
{"timestamp": "17:09:40.144905", "frame": 71, "mu": [-1.8601777515819058, 2.7586617193439817, 1.5408004276337528], "Sigma": [[0.012558730173162379, -0.001427576479743426, 0.013430145894259636], [-0.001427576479743426, 0.0059211046636131895, -0.015412684178972545], [0.013430145894259636, -0.015412684178972545, 0.07164694653286074]], "chi2_level": 0.997, "chi2_df": 3, "chi2_threshold": 13.931422665512084, "N_raw": 47, "N_roi": 47, "N_inlier": 46, "refit": true}
{"timestamp": "17:09:40.194140", "frame": 72, "mu": [-1.8723887698111243, 2.885070762681109, 1.1920997872445378], "Sigma": [[0.005867093585800859, -0.00693682212092026, 0.025458285591123918], [-0.00693682212092026, 0.011436149978303138, -0.0415546287294919], [0.02545828559112391, -0.041554628729491894, 0.22947921765482063]], "chi2_level": 0.997, "chi2_df": 3, "chi2_threshold": 13.931422665512084, "N_raw": 13, "N_roi": 11, "N_inlier": 11, "refit": true}
{"timestamp": "17:09:40.326774", "frame": 73, "mu": [-1.8954831710091107, 3.083834203475637, -0.16921699164296156], "Sigma": [[0.01201558071150677, -0.0075576249031500935, 0.02411609798568079], [-0.0075576249031500935, 0.0250139971277277, -0.05115175996029774], [0.02411609798568079, -0.05115175996029774, 0.11712591215026466]], "chi2_level": 0.997, "chi2_df": 3, "chi2_threshold": 13.931422665512084, "N_raw": 24, "N_roi": 24, "N_inlier": 23, "refit": true}
{"timestamp": "17:09:40.356036", "frame": 74, "mu": [-1.8677548536210236, 3.03571041284578, 0.8192327604831314], "Sigma": [[0.013025406836362588, 0.001128457005141529, 0.013651574729486133], [0.001128457005141529, 0.00632015416829474, -0.016711931212568518], [0.013651574729486133, -0.016711931212568518, 0.10027397842255578]], "chi2_level": 0.997, "chi2_df": 3, "chi2_threshold": 13.931422665512084, "N_raw": 28, "N_roi": 28, "N_inlier": 27, "refit": true}
{"timestamp": "17:09:40.390936", "frame": 75, "mu": [-1.8565401680435887, 3.0100253772402237, 1.3944077934120753], "Sigma": [[0.01783417265242189, 0.002934633971073188, 0.003133526908869599], [0.002934633971073188, 0.004075101867317794, -0.007795975810480231], [0.0031335269088695987, -0.007795975810480233, 0.06410015099913058]], "chi2_level": 0.997, "chi2_df": 3, "chi2_threshold": 13.931422665512084, "N_raw": 49, "N_roi": 48, "N_inlier": 48, "refit": true}
{"timestamp": "17:09:40.419498", "frame": 76, "mu": [-1.659127876615264, 3.040659584151951, 1.4780590223958963], "Sigma": [[0.017629335824555423, 0.000263010675979028, -0.001847130125533683], [0.0002630106759790279, 0.0031647178340281973, -0.0027364370346580147], [-0.001847130125533683, -0.0027364370346580147, 0.0049763412906480295]], "chi2_level": 0.997, "chi2_df": 3, "chi2_threshold": 13.931422665512084, "N_raw": 23, "N_roi": 23, "N_inlier": 22, "refit": true}
{"timestamp": "17:09:40.477126", "frame": 77, "mu": [-1.5584802612803634, 3.1700973711876848, 0.2283047759347362], "Sigma": [[0.010094744197269733, 0.003837674083719827, -0.007703545039547161], [0.0038376740837198263, 0.006439512438576556, -0.005591663889482188], [-0.007703545039547161, -0.005591663889482188, 0.009351313797294345]], "chi2_level": 0.997, "chi2_df": 3, "chi2_threshold": 13.931422665512084, "N_raw": 34, "N_roi": 33, "N_inlier": 31, "refit": true}
{"timestamp": "17:09:40.528209", "frame": 78, "mu": [-1.577151025246976, 3.2233938275881027, 1.4038577563119001], "Sigma": [[0.013066630655709194, 0.0011835942703795404, -0.007950863800829721], [0.0011835942703795404, 0.006372492938081497, -0.006370736909616322], [-0.007950863800829721, -0.006370736909616322, 0.01186886294527261]], "chi2_level": 0.997, "chi2_df": 3, "chi2_threshold": 13.931422665512084, "N_raw": 54, "N_roi": 54, "N_inlier": 50, "refit": true}
{"timestamp": "17:09:40.582440", "frame": 79, "mu": [-1.9640591998616175, 3.4989844888275234, -0.1932474957550706], "Sigma": [[0.03318679535906134, 0.001434523732101755, 0.012906285285560848], [0.0014345237321017551, 0.010244468755831683, -0.011076650205742321], [0.012906285285560846, -0.011076650205742323, 0.025050819315980417]], "chi2_level": 0.997, "chi2_df": 3, "chi2_threshold": 13.931422665512084, "N_raw": 39, "N_roi": 38, "N_inlier": 38, "refit": true}
{"timestamp": "17:09:40.641865", "frame": 80, "mu": [-1.682440889087318, 3.409296702304589, 1.1611173815975984], "Sigma": [[0.0677010411379429, -0.003458413980434943, 0.05603143655905529], [-0.0034584139804349425, 0.006928594685409473, -0.016188907309222567], [0.05603143655905529, -0.016188907309222567, 0.0811258011058793]], "chi2_level": 0.997, "chi2_df": 3, "chi2_threshold": 13.931422665512084, "N_raw": 67, "N_roi": 64, "N_inlier": 64, "refit": true}
{"timestamp": "17:09:40.689504", "frame": 81, "mu": [-1.5756949421209188, 3.4933698939784232, 1.1865657711655335], "Sigma": [[0.014862035148499186, -0.014991997694008314, 0.05164996178393145], [-0.014991997694008314, 0.016250334530878555, -0.0534709057994876], [0.05164996178393144, -0.0534709057994876, 0.18919536582052995]], "chi2_level": 0.997, "chi2_df": 3, "chi2_threshold": 13.931422665512084, "N_raw": 11, "N_roi": 8, "N_inlier": 8, "refit": true}
{"timestamp": "17:09:40.743890", "frame": 82, "mu": [-1.4910632713123608, 3.528746069099051, 1.1881992526729408], "Sigma": [[0.01411039482051383, -0.006705846731391114, 0.042186000012789646], [-0.006705846731391114, 0.007567505571181151, -0.03333052004051605], [0.042186000012789646, -0.033330520040516044, 0.18183550182501468]], "chi2_level": 0.997, "chi2_df": 3, "chi2_threshold": 13.931422665512084, "N_raw": 16, "N_roi": 15, "N_inlier": 15, "refit": true}
{"timestamp": "17:09:40.798365", "frame": 83, "mu": [-1.425688959897736, 3.5649372266451014, 1.0268144870843556], "Sigma": [[0.003580819270846789, -0.0040226331622409675, 0.03992905824972444], [-0.0040226331622409675, 0.008846960648485303, -0.04907065123136051], [0.03992905824972444, -0.049070651231360514, 0.49292695828617455]], "chi2_level": 0.997, "chi2_df": 3, "chi2_threshold": 13.931422665512084, "N_raw": 9, "N_roi": 9, "N_inlier": 9, "refit": true}
{"timestamp": "17:09:40.855505", "frame": 84, "mu": [-1.3848814611993632, 3.5766851974104945, 0.4313317475296795], "Sigma": [[0.015015189375346403, 0.003498048319616882, -0.0027186793775255988], [0.003498048319616882, 0.005284271987492434, -0.005551993718988569], [-0.0027186793775255983, -0.005551993718988569, 0.006718898570071702]], "chi2_level": 0.997, "chi2_df": 3, "chi2_threshold": 13.931422665512084, "N_raw": 34, "N_roi": 34, "N_inlier": 32, "refit": true}
{"timestamp": "17:09:40.910191", "frame": 85, "mu": [-1.2495907361337644, 3.589155902895167, 1.5517284141254906], "Sigma": [[0.012301295796289934, 0.0026665326711767363, -0.006503984791672898], [0.0026665326711767363, 0.0031048277865270485, -0.0034573708809215306], [-0.006503984791672898, -0.003457370880921531, 0.006011814278686388]], "chi2_level": 0.997, "chi2_df": 3, "chi2_threshold": 13.931422665512084, "N_raw": 26, "N_roi": 26, "N_inlier": 23, "refit": true}
{"timestamp": "17:09:40.969513", "frame": 86, "mu": [-1.275132271906795, 3.635095452578444, 1.3605410348856604], "Sigma": [[0.02003764099760052, 0.000380456143561862, 0.021743844823062936], [0.0003804561435618622, 0.0054199463984403624, -0.018008414285050352], [0.021743844823062942, -0.018008414285050352, 0.1617948466791]], "chi2_level": 0.997, "chi2_df": 3, "chi2_threshold": 13.931422665512084, "N_raw": 49, "N_roi": 49, "N_inlier": 47, "refit": true}
