{"timestamp": "17:18:43.310498", "frame": 9, "mu": [-1.7848583750426525, 4.9668493898091635, 0.7767508654992157], "Sigma": [[0.011449260901365001, 0.0013614243382582057, 0.0003163771075256266], [0.0013614243382582057, 0.0006160970415851995, -0.001238879838245066], [0.0003163771075256266, -0.001238879838245066, 0.0084552071948095]], "chi2_level": 0.997, "chi2_df": 3, "chi2_threshold": 13.931422665512084, "N_raw": 33, "N_roi": 14, "N_inlier": 14, "refit": true}
{"timestamp": "17:18:43.475702", "frame": 12, "mu": [-1.5987631770655042, 4.942250607709447, 0.5715573825629275], "Sigma": [[0.009372371326804622, -0.0001847681310353557, 0.0012184508925604412], [-0.0001847681310353557, 0.001193519968072841, -0.0016258120264728076], [0.0012184508925604412, -0.0016258120264728074, 0.002527839921148542]], "chi2_level": 0.997, "chi2_df": 3, "chi2_threshold": 13.931422665512084, "N_raw": 26, "N_roi": 7, "N_inlier": 7, "refit": true}
{"timestamp": "17:18:43.646377", "frame": 15, "mu": [-1.4986191392501933, 4.848013186123826, 1.0965606776604713], "Sigma": [[0.031067139984766463, 0.007699779959068362, -0.01741526910177684], [0.007699779959068362, 0.006004174725060408, -0.009276714873391118], [-0.017415269101776838, -0.009276714873391118, 0.01969146795548639]], "chi2_level": 0.997, "chi2_df": 3, "chi2_threshold": 13.931422665512084, "N_raw": 70, "N_roi": 51, "N_inlier": 51, "refit": true}
{"timestamp": "17:18:43.699196", "frame": 16, "mu": [-1.4288281096714235, 4.782079192417956, 0.977857155578048], "Sigma": [[0.013917837711751783, 0.005369719975212858, -0.009655540958650195], [0.005369719975212859, 0.009928075246403318, -0.009399704460228857], [-0.009655540958650193, -0.009399704460228857, 0.014467258933681297]], "chi2_level": 0.997, "chi2_df": 3, "chi2_threshold": 13.931422665512084, "N_raw": 36, "N_roi": 30, "N_inlier": 30, "refit": true}
{"timestamp": "17:18:43.760376", "frame": 17, "mu": [-1.4385362873791125, 4.761101349375612, 1.0999902530042132], "Sigma": [[0.03700916165083712, 0.0083027729060643, -0.017168798984352005], [0.0083027729060643, 0.01115779912331575, -0.0035495343831544184], [-0.017168798984352, -0.003549534383154418, 0.014240719603599619]], "chi2_level": 0.997, "chi2_df": 3, "chi2_threshold": 13.931422665512084, "N_raw": 79, "N_roi": 70, "N_inlier": 70, "refit": true}
{"timestamp": "17:18:43.808460", "frame": 18, "mu": [-1.370431184557173, 4.817080338711234, 0.9131058461418455], "Sigma": [[0.012612843014063813, 0.001577561450590671, -0.008543610062448203], [0.0015775614505906706, 0.009641601867785213, 0.00011639701147426215], [-0.008543610062448203, 0.00011639701147426215, 0.011640602225385023]], "chi2_level": 0.997, "chi2_df": 3, "chi2_threshold": 13.931422665512084, "N_raw": 26, "N_roi": 25, "N_inlier": 24, "refit": true}
{"timestamp": "17:18:43.863571", "frame": 19, "mu": [-1.302244935323687, 4.7364391631841665, 1.0847186359120145], "Sigma": [[0.022189635734776253, 0.002648304319619623, -0.007740285367370015], [0.002648304319619623, 0.0030085641625472014, -0.0018272720824274683], [-0.007740285367370014, -0.001827272082427468, 0.009269711531961012]], "chi2_level": 0.997, "chi2_df": 3, "chi2_threshold": 13.931422665512084, "N_raw": 35, "N_roi": 34, "N_inlier": 33, "refit": true}
{"timestamp": "17:18:43.919309", "frame": 20, "mu": [-1.3045667635049412, 4.7234009093741385, 1.0520559318099971], "Sigma": [[0.029496816642645883, 0.004587853155782125, -0.013813008606874816], [0.004587853155782125, 0.003818620878655762, -0.0030929408595459507], [-0.013813008606874816, -0.0030929408595459507, 0.008842818178439347]], "chi2_level": 0.997, "chi2_df": 3, "chi2_threshold": 13.931422665512084, "N_raw": 41, "N_roi": 40, "N_inlier": 40, "refit": true}
{"timestamp": "17:18:43.976255", "frame": 21, "mu": [-1.3259529740155669, 4.749659576747911, -0.08630465315619555], "Sigma": [[0.03827990571622479, 0.014072013274785522, 0.07652442660558464], [0.014072013274785519, 0.012111884822013351, 0.0393033900336173], [0.07652442660558464, 0.03930339003361731, 0.28389410397032916]], "chi2_level": 0.997, "chi2_df": 3, "chi2_threshold": 13.931422665512084, "N_raw": 61, "N_roi": 59, "N_inlier": 59, "refit": true}
{"timestamp": "17:18:44.027518", "frame": 22, "mu": [-1.2474804412748268, 4.648687417458381, 1.0609478997259445], "Sigma": [[0.012062809238712674, 0.0016929697948217337, -0.0032559036567477947], [0.0016929697948217337, 0.0016773318910890133, -0.0025587394158052856], [-0.0032559036567477947, -0.0025587394158052856, 0.007234379612486482]], "chi2_level": 0.997, "chi2_df": 3, "chi2_threshold": 13.931422665512084, "N_raw": 24, "N_roi": 21, "N_inlier": 20, "refit": true}
{"timestamp": "17:18:44.083218", "frame": 23, "mu": [-1.27139305359094, 4.5794320850177925, 1.3046255891296348], "Sigma": [[0.02090755375617222, 0.005929354901981983, -0.0065142237800748185], [0.005929354901981983, 0.004838143200314665, -0.0019586329998389435], [-0.0065142237800748185, -0.0019586329998389435, 0.003046432559095683]], "chi2_level": 0.997, "chi2_df": 3, "chi2_threshold": 13.931422665512084, "N_raw": 35, "N_roi": 35, "N_inlier": 33, "refit": true}
{"timestamp": "17:18:44.141375", "frame": 24, "mu": [-1.1760832597158088, 4.611422514813875, 1.1919812654201465], "Sigma": [[0.0298599246972625, 0.007722792975746589, -0.015181547326246853], [0.007722792975746589, 0.00613253655181303, -0.00779705121261237], [-0.015181547326246853, -0.00779705121261237, 0.013434752742314779]], "chi2_level": 0.997, "chi2_df": 3, "chi2_threshold": 13.931422665512084, "N_raw": 58, "N_roi": 53, "N_inlier": 53, "refit": true}
{"timestamp": "17:18:44.194375", "frame": 25, "mu": [-1.1276911606895372, 4.604714673087758, 1.1383192325950344], "Sigma": [[0.02784336115923708, 0.007190593964416554, -0.018842454118646518], [0.007190593964416554, 0.005671168003185936, -0.006694718128713677], [-0.018842454118646518, -0.006694718128713677, 0.01608483048684077]], "chi2_level": 0.997, "chi2_df": 3, "chi2_threshold": 13.931422665512084, "N_raw": 46, "N_roi": 46, "N_inlier": 46, "refit": true}
{"timestamp": "17:18:44.250081", "frame": 26, "mu": [-1.0847174779810644, 4.589524529262282, 0.9555718194573599], "Sigma": [[0.022504364696480206, 0.00709984756265978, -0.010951475291214607], [0.007099847562659779, 0.0070895770668223035, -0.004481405735145677], [-0.010951475291214607, -0.004481405735145678, 0.008792776750001648]], "chi2_level": 0.997, "chi2_df": 3, "chi2_threshold": 13.931422665512084, "N_raw": 43, "N_roi": 42, "N_inlier": 42, "refit": true}
{"timestamp": "17:18:44.307515", "frame": 27, "mu": [-1.0012781452142492, 4.605485230869306, 1.0295559486818895], "Sigma": [[0.036455425775556397, 0.009335892851001068, -0.014866268932939047], [0.009335892851001068, 0.008278884427705796, -0.003623578476925445], [-0.014866268932939047, -0.003623578476925446, 0.007515363562219991]], "chi2_level": 0.997, "chi2_df": 3, "chi2_threshold": 13.931422665512084, "N_raw": 60, "N_roi": 55, "N_inlier": 55, "refit": true}
{"timestamp": "17:18:44.360806", "frame": 28, "mu": [-1.0309123697349127, 4.538427941009968, 1.0982278787645514], "Sigma": [[0.0344230775117222, 0.007333831136677293, -0.008162547476766212], [0.007333831136677292, 0.00593851066421628, -0.0012393570678485633], [-0.008162547476766212, -0.001239357067848563, 0.0034783412753334247]], "chi2_level": 0.997, "chi2_df": 3, "chi2_threshold": 13.931422665512084, "N_raw": 48, "N_roi": 45, "N_inlier": 45, "refit": true}
{"timestamp": "17:18:44.417366", "frame": 29, "mu": [-0.9003359280129325, 4.604573205458397, -0.757520253936818], "Sigma": [[0.039696345607820635, 0.014316524963228092, 0.04321320617296164], [0.014316524963228092, 0.011345948570010424, 0.023670690747934355], [0.04321320617296164, 0.02367069074793435, 0.1501173398203123]], "chi2_level": 0.997, "chi2_df": 3, "chi2_threshold": 13.931422665512084, "N_raw": 61, "N_roi": 58, "N_inlier": 57, "refit": true}
{"timestamp": "17:18:44.469429", "frame": 30, "mu": [-0.8470085073535856, 4.509657327090216, 0.9896347558822545], "Sigma": [[0.028003008057618226, 0.009415435458080611, -0.006118327618971969], [0.009415435458080611, 0.005765267498772537, -0.0053008860224754645], [-0.00611832761897197, -0.005300886022475464, 0.010993304188372511]], "chi2_level": 0.997, "chi2_df": 3, "chi2_threshold": 13.931422665512084, "N_raw": 40, "N_roi": 40, "N_inlier": 40, "refit": true}
{"timestamp": "17:18:44.526497", "frame": 31, "mu": [-0.864605865888368, 4.441048106791713, 0.7397824904042912], "Sigma": [[0.03406031240415208, 0.002733303438742821, -0.009691394695214042], [0.002733303438742821, 0.002435866211575386, -0.00479326406276904], [-0.009691394695214042, -0.00479326406276904, 0.017233272606889855]], "chi2_level": 0.997, "chi2_df": 3, "chi2_threshold": 13.931422665512084, "N_raw": 54, "N_roi": 52, "N_inlier": 52, "refit": true}
{"timestamp": "17:18:44.582284", "frame": 32, "mu": [-0.7865176861397466, 4.442878948624306, 0.9407088199049544], "Sigma": [[0.03273081755302239, 0.005885893942316735, 0.003343988672995883], [0.005885893942316735, 0.005707095683036896, 0.0004582291877896363], [0.0033439886729958834, 0.0004582291877896366, 0.01191401630834383]], "chi2_level": 0.997, "chi2_df": 3, "chi2_threshold": 13.931422665512084, "N_raw": 60, "N_roi": 52, "N_inlier": 50, "refit": true}
{"timestamp": "17:18:44.638556", "frame": 33, "mu": [-0.7139519270171327, 4.434622434957226, 1.0728106899624053], "Sigma": [[0.036222425537631456, 0.007809168999315505, 0.005530848042979941], [0.007809168999315505, 0.010272121697627657, 0.006083912890190056], [0.005530848042979942, 0.006083912890190055, 0.010408245895886488]], "chi2_level": 0.997, "chi2_df": 3, "chi2_threshold": 13.931422665512084, "N_raw": 62, "N_roi": 59, "N_inlier": 59, "refit": true}
{"timestamp": "17:18:44.691033", "frame": 34, "mu": [-0.8021930813724386, 4.320170014394463, 0.9911196201981525], "Sigma": [[0.029155975292409583, 0.005211247478464858, -0.0027227558168461024], [0.005211247478464858, 0.005512290879953635, -0.0022339654054865515], [-0.0027227558168461024, -0.0022339654054865515, 0.001982685718961165]], "chi2_level": 0.997, "chi2_df": 3, "chi2_threshold": 13.931422665512084, "N_raw": 50, "N_roi": 50, "N_inlier": 49, "refit": true}
{"timestamp": "17:18:44.748784", "frame": 35, "mu": [-0.7926798271664109, 4.3190613204942405, 1.1102772014941478], "Sigma": [[0.0383007234165994, 0.010423316128099824, -0.006078972737684037], [0.010423316128099824, 0.010666654059621873, -0.0013892417513295843], [-0.006078972737684037, -0.0013892417513295845, 0.00792583535576053]], "chi2_level": 0.997, "chi2_df": 3, "chi2_threshold": 13.931422665512084, "N_raw": 72, "N_roi": 69, "N_inlier": 69, "refit": true}
{"timestamp": "17:18:44.805423", "frame": 36, "mu": [-0.7815369659053772, 4.291659353963553, 1.119481665782902], "Sigma": [[0.03408190398488209, 0.015574642079778059, -0.0026779771455333378], [0.015574642079778057, 0.016884845215324035, -9.066292643167381e-05], [-0.0026779771455333378, -9.06629264316737e-05, 0.004852259225189682]], "chi2_level": 0.997, "chi2_df": 3, "chi2_threshold": 13.931422665512084, "N_raw": 79, "N_roi": 75, "N_inlier": 72, "refit": true}
{"timestamp": "17:18:44.857571", "frame": 37, "mu": [-0.745765782317159, 4.181761373998871, 1.0518156991789294], "Sigma": [[0.03094750897421423, 0.004507415058369879, -0.012367388893995003], [0.004507415058369879, 0.005769439525905333, -0.0038146111182467577], [-0.012367388893995003, -0.0038146111182467577, 0.008663884305935777]], "chi2_level": 0.997, "chi2_df": 3, "chi2_threshold": 13.931422665512084, "N_raw": 58, "N_roi": 58, "N_inlier": 55, "refit": true}
{"timestamp": "17:18:44.911555", "frame": 38, "mu": [-0.7450061820978732, 4.105994186804902, 1.1577156211060307], "Sigma": [[0.029274072049567574, 0.0005789296788970735, -0.022157758329651618], [0.0005789296788970737, 0.007590404550075896, 0.0014239914348943498], [-0.022157758329651618, 0.0014239914348943494, 0.0238140773447598]], "chi2_level": 0.997, "chi2_df": 3, "chi2_threshold": 13.931422665512084, "N_raw": 58, "N_roi": 58, "N_inlier": 54, "refit": true}
{"timestamp": "17:18:44.966790", "frame": 39, "mu": [-0.6060876491291471, 3.9981095920169203, 0.8156234420830647], "Sigma": [[0.022268135209436546, -0.004580041416220317, -0.02124859039068035], [-0.004580041416220317, 0.015060185861739095, 0.006984451432118774], [-0.02124859039068035, 0.006984451432118774, 0.05379065238726299]], "chi2_level": 0.997, "chi2_df": 3, "chi2_threshold": 13.931422665512084, "N_raw": 56, "N_roi": 53, "N_inlier": 51, "refit": true}
{"timestamp": "17:18:45.015453", "frame": 40, "mu": [-0.5458334162241211, 4.076898201815503, 0.7902335474009472], "Sigma": [[0.012832500813883834, 0.00025614808603102246, -0.03469411518818023], [0.0002561480860310228, 0.022515374734896, 0.004706773673415003], [-0.03469411518818023, 0.004706773673415003, 0.24337976776925285]], "chi2_level": 0.997, "chi2_df": 3, "chi2_threshold": 13.931422665512084, "N_raw": 12, "N_roi": 10, "N_inlier": 10, "refit": true}
{"timestamp": "17:18:45.074600", "frame": 41, "mu": [-0.6458163974703968, 4.118341899394715, 1.264011871916701], "Sigma": [[0.027945962912110392, 0.000575345153913243, -0.009545103176361484], [0.000575345153913243, 0.002315723669189656, -0.0020573574526167844], [-0.009545103176361484, -0.0020573574526167844, 0.006669792625502902]], "chi2_level": 0.997, "chi2_df": 3, "chi2_threshold": 13.931422665512084, "N_raw": 42, "N_roi": 40, "N_inlier": 39, "refit": true}
{"timestamp": "17:18:45.131606", "frame": 42, "mu": [-0.6142239849843362, 4.145245408607149, 0.28819921775924184], "Sigma": [[0.02628990161939876, 0.0026427266519173436, -0.0052258414736403545], [0.002642726651917344, 0.0057963661455857, -0.00432902293583464], [-0.0052258414736403545, -0.004329022935834639, 0.005354572785947716]], "chi2_level": 0.997, "chi2_df": 3, "chi2_threshold": 13.931422665512084, "N_raw": 53, "N_roi": 50, "N_inlier": 49, "refit": true}
{"timestamp": "17:18:45.183045", "frame": 43, "mu": [-0.5148312508957006, 4.03622867691025, 1.1083275598733526], "Sigma": [[0.017718890118454157, 0.000486413354269151, -0.008960851664970971], [0.00048641335426915095, 0.0007583510965551751, -0.0011572909985210042], [-0.008960851664970971, -0.001157290998521004, 0.006266316848044286]], "chi2_level": 0.997, "chi2_df": 3, "chi2_threshold": 13.931422665512084, "N_raw": 19, "N_roi": 14, "N_inlier": 14, "refit": true}
{"timestamp": "17:18:45.238395", "frame": 44, "mu": [-0.5068928983366021, 3.976267719119019, 1.33079946298812], "Sigma": [[0.017641654503067532, 0.005484047765452321, -0.0035785683998863383], [0.005484047765452321, 0.005098089710790476, 0.0010869701104037751], [-0.0035785683998863383, 0.0010869701104037751, 0.0029525610445440232]], "chi2_level": 0.997, "chi2_df": 3, "chi2_threshold": 13.931422665512084, "N_raw": 25, "N_roi": 22, "N_inlier": 20, "refit": true}
{"timestamp": "17:18:45.299298", "frame": 45, "mu": [-0.514139070943841, 3.9691935280652904, 1.2907900433579724], "Sigma": [[0.01834097549066238, 0.002863347173764717, -0.0030423684901583776], [0.002863347173764717, 0.0025800293742481856, -0.006286534775248261], [-0.0030423684901583776, -0.006286534775248261, 0.02318098671915538]], "chi2_level": 0.997, "chi2_df": 3, "chi2_threshold": 13.931422665512084, "N_raw": 47, "N_roi": 40, "N_inlier": 39, "refit": true}
{"timestamp": "17:18:45.353644", "frame": 46, "mu": [-0.5257293430443656, 3.966392524637744, 0.29913722345365346], "Sigma": [[0.03407023142375649, 0.007375544584937277, -0.004930651993339284], [0.007375544584937277, 0.0066887630352761955, 0.000168068199341382], [-0.004930651993339284, 0.00016806819934138203, 0.002652873393306848]], "chi2_level": 0.997, "chi2_df": 3, "chi2_threshold": 13.931422665512084, "N_raw": 64, "N_roi": 63, "N_inlier": 60, "refit": true}
{"timestamp": "17:18:45.413133", "frame": 47, "mu": [-0.41444399093995277, 4.0369773002571625, 0.27262270852778936], "Sigma": [[0.04111911985500831, 0.016047595719285948, -0.0045324229326775215], [0.01604759571928595, 0.019795853581186088, -0.012845339680281858], [-0.0045324229326775215, -0.012845339680281858, 0.015130373910007574]], "chi2_level": 0.997, "chi2_df": 3, "chi2_threshold": 13.931422665512084, "N_raw": 86, "N_roi": 82, "N_inlier": 79, "refit": true}
{"timestamp": "17:18:45.466727", "frame": 48, "mu": [-0.34105707990046985, 3.966354510851216, 1.1727098660163302], "Sigma": [[0.039305995140824335, 0.013884956300824864, -0.0024083018247766826], [0.013884956300824864, 0.009986924273447795, -0.011048305160903974], [-0.002408301824776683, -0.011048305160903974, 0.03725774014740739]], "chi2_level": 0.997, "chi2_df": 3, "chi2_threshold": 13.931422665512084, "N_raw": 85, "N_roi": 85, "N_inlier": 85, "refit": true}
{"timestamp": "17:18:45.520583", "frame": 49, "mu": [-0.27615263256034617, 3.8970557341523873, 0.9882297101441441], "Sigma": [[0.04883425275470586, 0.010615554346397908, -0.018698242986819102], [0.010615554346397908, 0.007444332999793187, -0.004653247620930952], [-0.018698242986819106, -0.004653247620930951, 0.009571222735033306]], "chi2_level": 0.997, "chi2_df": 3, "chi2_threshold": 13.931422665512084, "N_raw": 76, "N_roi": 76, "N_inlier": 73, "refit": true}
{"timestamp": "17:18:45.567609", "frame": 50, "mu": [-0.32750401209514945, 3.8597088838185165, 1.1170101335869882], "Sigma": [[0.03232571199068317, 0.016214871668083632, -0.009350555788224026], [0.016214871668083636, 0.011152816527604048, -0.006816835282954792], [-0.009350555788224026, -0.006816835282954792, 0.012020084919702922]], "chi2_level": 0.997, "chi2_df": 3, "chi2_threshold": 13.931422665512084, "N_raw": 24, "N_roi": 24, "N_inlier": 24, "refit": true}
{"timestamp": "17:18:45.630970", "frame": 51, "mu": [-0.3251005480463616, 3.9217184002548664, 0.12450071199460182], "Sigma": [[0.033773355483332934, 0.006175935793989821, -0.0023571714091249864], [0.006175935793989822, 0.01090433135141119, -0.010169039884502408], [-0.0023571714091249873, -0.010169039884502407, 0.014197978112857675]], "chi2_level": 0.997, "chi2_df": 3, "chi2_threshold": 13.931422665512084, "N_raw": 82, "N_roi": 82, "N_inlier": 81, "refit": true}
{"timestamp": "17:18:45.687643", "frame": 52, "mu": [-0.12894829532714225, 3.856264912935825, 1.2204161587628934], "Sigma": [[0.03766612731169198, 0.00995666270548887, -0.0024351035660385243], [0.00995666270548887, 0.012146104162883135, 0.0009502056588285308], [-0.0024351035660385243, 0.0009502056588285309, 0.0015519501619879613]], "chi2_level": 0.997, "chi2_df": 3, "chi2_threshold": 13.931422665512084, "N_raw": 91, "N_roi": 91, "N_inlier": 91, "refit": true}
{"timestamp": "17:18:45.739307", "frame": 53, "mu": [-0.14181395598494523, 3.8097308814525097, 1.1155487053462507], "Sigma": [[0.024445232676291895, 0.0009543332756277242, -0.01142311249066147], [0.0009543332756277242, 0.004295664833330832, -0.006479951379667416], [-0.01142311249066147, -0.006479951379667416, 0.020638283139779768]], "chi2_level": 0.997, "chi2_df": 3, "chi2_threshold": 13.931422665512084, "N_raw": 73, "N_roi": 73, "N_inlier": 70, "refit": true}
{"timestamp": "17:18:45.797034", "frame": 54, "mu": [-0.0860674866708701, 3.739329223052809, -0.4931317513977058], "Sigma": [[0.026942085627965316, 0.0063766084759722804, 0.06655339245558875], [0.0063766084759722804, 0.008292668751746075, 0.01898131376325609], [0.06655339245558875, 0.01898131376325609, 0.49104686758237054]], "chi2_level": 0.997, "chi2_df": 3, "chi2_threshold": 13.931422665512084, "N_raw": 86, "N_roi": 83, "N_inlier": 81, "refit": true}
{"timestamp": "17:18:45.851549", "frame": 55, "mu": [-0.07671259793180442, 3.6763204371683016, 1.0994419685588264], "Sigma": [[0.026274304268517942, 0.0025082462091465274, -0.004786432372052703], [0.002508246209146528, 0.010302537343915553, 0.0037877205051505833], [-0.004786432372052702, 0.0037877205051505833, 0.0037899880281762116]], "chi2_level": 0.997, "chi2_df": 3, "chi2_threshold": 13.931422665512084, "N_raw": 79, "N_roi": 76, "N_inlier": 73, "refit": true}
{"timestamp": "17:18:45.901198", "frame": 56, "mu": [-0.09966196418724955, 3.6442491827421484, 1.143202382171281], "Sigma": [[0.016309986536634888, 0.0009062796264816947, -0.00013742369937857953], [0.0009062796264816944, 0.004328959547174649, -0.0013750414698355544], [-0.00013742369937857943, -0.0013750414698355544, 0.0008849172847267877]], "chi2_level": 0.997, "chi2_df": 3, "chi2_threshold": 13.931422665512084, "N_raw": 51, "N_roi": 47, "N_inlier": 45, "refit": true}
{"timestamp": "17:18:45.961072", "frame": 57, "mu": [-0.1012736224063648, 3.5657740037549073, 1.162898463472298], "Sigma": [[0.026611325003399876, -0.0007003005735042307, -0.008117809514144682], [-0.0007003005735042307, 0.006098149574218863, -0.004436979177275534], [-0.00811780951414468, -0.004436979177275534, 0.007283249373175226]], "chi2_level": 0.997, "chi2_df": 3, "chi2_threshold": 13.931422665512084, "N_raw": 83, "N_roi": 83, "N_inlier": 79, "refit": true}
{"timestamp": "17:18:46.015929", "frame": 58, "mu": [-0.10299961849033855, 3.5219780707484647, -0.8059163993537832], "Sigma": [[0.02224185190138143, 0.0018766054699758776, 0.010558449406457952], [0.0018766054699758776, 0.007319845808146958, 0.000682114285878278], [0.010558449406457952, 0.000682114285878278, 0.060777105055335255]], "chi2_level": 0.997, "chi2_df": 3, "chi2_threshold": 13.931422665512084, "N_raw": 74, "N_roi": 73, "N_inlier": 70, "refit": true}
{"timestamp": "17:18:46.071677", "frame": 59, "mu": [-0.044619209624912594, 3.563672942415532, 0.29520174252717857], "Sigma": [[0.022565984664089635, -0.0007657833590025596, 0.03346082641111979], [-0.0007657833590025596, 0.012063690252982031, -0.019784176074191813], [0.03346082641111979, -0.019784176074191813, 0.15750461750568556]], "chi2_level": 0.997, "chi2_df": 3, "chi2_threshold": 13.931422665512084, "N_raw": 85, "N_roi": 84, "N_inlier": 82, "refit": true}
{"timestamp": "17:18:46.122216", "frame": 60, "mu": [-0.037737697095697485, 3.3774161048650235, -0.9145256555267601], "Sigma": [[0.01660266724477396, 0.0001671274798910776, -0.018927345156812964], [0.00016712747989107717, 0.005208376905981484, -0.004715828617434476], [-0.018927345156812964, -0.004715828617434475, 0.039635749909214035]], "chi2_level": 0.997, "chi2_df": 3, "chi2_threshold": 13.931422665512084, "N_raw": 51, "N_roi": 51, "N_inlier": 46, "refit": true}
{"timestamp": "17:18:46.178475", "frame": 61, "mu": [-0.016802931563852198, 3.3556290948538923, 1.2206152724445707], "Sigma": [[0.01968319083833252, -0.0008040921401502438, -0.007539216370347294], [-0.0008040921401502436, 0.008655223948629966, 0.008099993587955929], [-0.007539216370347294, 0.008099993587955929, 0.012079089584811459]], "chi2_level": 0.997, "chi2_df": 3, "chi2_threshold": 13.931422665512084, "N_raw": 64, "N_roi": 62, "N_inlier": 58, "refit": true}
{"timestamp": "17:18:46.237774", "frame": 62, "mu": [0.007245815286355822, 3.373532942202775, 1.3481023254577251], "Sigma": [[0.021671338922798287, 0.00028420440477596267, -0.011379770980309322], [0.00028420440477596283, 0.012030368582595218, 0.006458587609842136], [-0.01137977098030932, 0.006458587609842136, 0.015377803788931768]], "chi2_level": 0.997, "chi2_df": 3, "chi2_threshold": 13.931422665512084, "N_raw": 89, "N_roi": 89, "N_inlier": 85, "refit": true}
{"timestamp": "17:18:46.290507", "frame": 63, "mu": [-0.03340391705916122, 3.3213485577731703, 1.3895708066454338], "Sigma": [[0.02281320228222821, 0.0023369101086015967, 0.0016193942909053197], [0.0023369101086015967, 0.00723629527289369, 0.005008532295136597], [0.0016193942909053195, 0.005008532295136596, 0.004832833861741014]], "chi2_level": 0.997, "chi2_df": 3, "chi2_threshold": 13.931422665512084, "N_raw": 70, "N_roi": 69, "N_inlier": 64, "refit": true}
{"timestamp": "17:18:46.350290", "frame": 64, "mu": [0.08606586309977961, 3.3493797775514333, 1.0607960189573704], "Sigma": [[0.021948400728162645, 0.0013257869585840119, -0.03270968169971415], [0.0013257869585840119, 0.005575705889486204, -0.008059958399538467], [-0.03270968169971415, -0.008059958399538469, 0.28351623099450723]], "chi2_level": 0.997, "chi2_df": 3, "chi2_threshold": 13.931422665512084, "N_raw": 102, "N_roi": 100, "N_inlier": 99, "refit": true}
{"timestamp": "17:18:46.491406", "frame": 65, "mu": [0.13920435432574008, 3.3707577257616324, 0.13512736005681403], "Sigma": [[0.017360133436473343, 0.001830926563030332, -0.016529447095179027], [0.0018309265630303323, 0.011376816511727448, -0.013113917686636998], [-0.01652944709517903, -0.013113917686636997, 0.03748168203544953]], "chi2_level": 0.997, "chi2_df": 3, "chi2_threshold": 13.931422665512084, "N_raw": 82, "N_roi": 82, "N_inlier": 78, "refit": true}
{"timestamp": "17:18:46.504330", "frame": 66, "mu": [0.15417589035777182, 3.2465067694131013, 1.2675031724063928], "Sigma": [[0.02386310080768042, -0.0018965691830581475, -0.006363625188660101], [-0.0018965691830581473, 0.008739008534394813, -0.0012872916936631708], [-0.006363625188660102, -0.001287291693663171, 0.003200557750543719]], "chi2_level": 0.997, "chi2_df": 3, "chi2_threshold": 13.931422665512084, "N_raw": 92, "N_roi": 92, "N_inlier": 87, "refit": true}
{"timestamp": "17:18:46.537153", "frame": 67, "mu": [0.17883605233775304, 3.236564022326814, 1.3020196509815145], "Sigma": [[0.01951822350819709, -0.003729701699767333, -0.01678617527989398], [-0.003729701699767333, 0.008751686431765602, -0.0011381318865999112], [-0.01678617527989398, -0.0011381318865999112, 0.020015124618788835]], "chi2_level": 0.997, "chi2_df": 3, "chi2_threshold": 13.931422665512084, "N_raw": 89, "N_roi": 88, "N_inlier": 85, "refit": true}
{"timestamp": "17:18:46.568428", "frame": 68, "mu": [0.22521995661412247, 3.1931405861988806, 1.2671311946503137], "Sigma": [[0.025188013672846746, -0.0044443182664317404, -0.0223619923164217], [-0.00444431826643174, 0.0062375988368075985, -0.0013255298713479313], [-0.0223619923164217, -0.0013255298713479315, 0.03278025542430901]], "chi2_level": 0.997, "chi2_df": 3, "chi2_threshold": 13.931422665512084, "N_raw": 92, "N_roi": 92, "N_inlier": 89, "refit": true}
{"timestamp": "17:18:46.626726", "frame": 69, "mu": [0.23256003551116294, 3.1825786609867297, -0.19141455881806213], "Sigma": [[0.031557437063378956, -0.002977475177925511, 0.10573857657541816], [-0.0029774751779255105, 0.004767912485087798, -0.028440574686600835], [0.10573857657541816, -0.028440574686600835, 1.0782700109394476]], "chi2_level": 0.997, "chi2_df": 3, "chi2_threshold": 13.931422665512084, "N_raw": 118, "N_roi": 117, "N_inlier": 117, "refit": true}
{"timestamp": "17:18:46.672413", "frame": 70, "mu": [0.3816225873791644, 3.2176494947148195, 1.2849208753912869], "Sigma": [[0.014306062672040458, -0.00040352338944979265, -0.004028846685982267], [-0.00040352338944979243, 0.004128342882324561, -0.003014918454400363], [-0.004028846685982267, -0.003014918454400363, 0.006438494979231518]], "chi2_level": 0.997, "chi2_df": 3, "chi2_threshold": 13.931422665512084, "N_raw": 55, "N_roi": 55, "N_inlier": 51, "refit": true}
{"timestamp": "17:18:46.730335", "frame": 71, "mu": [0.3885490512044923, 3.1456436993800714, 1.1715168908072708], "Sigma": [[0.017843207073084153, -0.004674618926275388, -0.00859467740045559], [-0.004674618926275388, 0.006094434229806153, -0.0038491074969849402], [-0.008594677400455589, -0.0038491074969849402, 0.025518806267550598]], "chi2_level": 0.997, "chi2_df": 3, "chi2_threshold": 13.931422665512084, "N_raw": 75, "N_roi": 75, "N_inlier": 73, "refit": true}
{"timestamp": "17:18:46.786879", "frame": 72, "mu": [0.413547028026303, 3.2450801680644124, -0.42292531495531427], "Sigma": [[0.016533259687073882, 0.0016714095280992562, 0.04706543073072411], [0.0016714095280992562, 0.029092665320225933, -0.06936954484746163], [0.04706543073072411, -0.06936954484746163, 0.6106897882369324]], "chi2_level": 0.997, "chi2_df": 3, "chi2_threshold": 13.931422665512084, "N_raw": 82, "N_roi": 82, "N_inlier": 81, "refit": true}
{"timestamp": "17:18:46.840393", "frame": 73, "mu": [0.47085642906056513, 3.2866947288808976, -0.29006340326943], "Sigma": [[0.012666133010519158, -0.0045590278695818755, 0.007829637355480607], [-0.0045590278695818755, 0.041612854956133455, -0.10243547363725669], [0.007829637355480607, -0.10243547363725669, 0.28831878211030737]], "chi2_level": 0.997, "chi2_df": 3, "chi2_threshold": 13.931422665512084, "N_raw": 70, "N_roi": 70, "N_inlier": 69, "refit": true}
{"timestamp": "17:18:46.895683", "frame": 74, "mu": [0.5154402106329193, 3.0403609405201246, -0.7084844624898645], "Sigma": [[0.017687469681261177, 0.005000013401888659, 0.05529414111051371], [0.005000013401888659, 0.009537635337183851, 0.017427159084049376], [0.05529414111051371, 0.01742715908404938, 0.337947015319016]], "chi2_level": 0.997, "chi2_df": 3, "chi2_threshold": 13.931422665512084, "N_raw": 76, "N_roi": 76, "N_inlier": 74, "refit": true}
{"timestamp": "17:18:46.950256", "frame": 75, "mu": [0.4571573698969546, 2.9478690241903194, 1.0493634545921795], "Sigma": [[0.016972825292989754, -0.0010825410248643706, -0.0073726154848708205], [-0.0010825410248643706, 0.002956569975910126, -0.004024654411816591], [-0.0073726154848708205, -0.004024654411816591, 0.015912486348196857]], "chi2_level": 0.997, "chi2_df": 3, "chi2_threshold": 13.931422665512084, "N_raw": 68, "N_roi": 68, "N_inlier": 64, "refit": true}
{"timestamp": "17:18:47.004343", "frame": 76, "mu": [0.5101198313227964, 2.898662038420767, 1.0868442433158683], "Sigma": [[0.017540096764882274, -0.0024590657843520996, -0.007809798683271623], [-0.0024590657843520996, 0.005378319545416746, -0.0021346273349902283], [-0.007809798683271623, -0.0021346273349902283, 0.008212126486897328]], "chi2_level": 0.997, "chi2_df": 3, "chi2_threshold": 13.931422665512084, "N_raw": 72, "N_roi": 72, "N_inlier": 72, "refit": true}
{"timestamp": "17:18:47.060477", "frame": 77, "mu": [0.46835488377922446, 2.831348741659257, 1.21909579270246], "Sigma": [[0.01678498337790453, -0.0034528069841069818, -0.00298557071282293], [-0.0034528069841069818, 0.0073324515063429305, -0.001072998431693787], [-0.0029855707128229303, -0.001072998431693787, 0.002150526807472186]], "chi2_level": 0.997, "chi2_df": 3, "chi2_threshold": 13.931422665512084, "N_raw": 78, "N_roi": 75, "N_inlier": 72, "refit": true}
{"timestamp": "17:18:47.116527", "frame": 78, "mu": [0.506619357620194, 2.9163491465333884, -0.04249063702843766], "Sigma": [[0.014475552386396855, -0.0013314929321477883, -0.009746107303269674], [-0.0013314929321477887, 0.008022318165346648, 0.0005062731432207718], [-0.009746107303269674, 0.0005062731432207716, 0.012386228017692694]], "chi2_level": 0.997, "chi2_df": 3, "chi2_threshold": 13.931422665512084, "N_raw": 74, "N_roi": 74, "N_inlier": 72, "refit": true}
{"timestamp": "17:18:47.171191", "frame": 79, "mu": [0.4731215598878951, 2.742236782638324, 1.1928047071129841], "Sigma": [[0.020616667360663504, -0.0013869494301842278, -0.007171863126172907], [-0.0013869494301842278, 0.004408275736536933, -0.004089263093569454], [-0.007171863126172907, -0.004089263093569454, 0.009928464215574263]], "chi2_level": 0.997, "chi2_df": 3, "chi2_threshold": 13.931422665512084, "N_raw": 86, "N_roi": 86, "N_inlier": 81, "refit": true}
{"timestamp": "17:18:47.227245", "frame": 80, "mu": [0.48720820561332345, 2.699861245822464, 1.1533491474561035], "Sigma": [[0.01469109124144371, -0.00013618405861345146, -0.004971121245015364], [-0.00013618405861345157, 0.004568453193909305, -0.00616354919866602], [-0.004971121245015365, -0.006163549198666021, 0.02269784990190559]], "chi2_level": 0.997, "chi2_df": 3, "chi2_threshold": 13.931422665512084, "N_raw": 89, "N_roi": 89, "N_inlier": 84, "refit": true}
{"timestamp": "17:18:47.283240", "frame": 81, "mu": [0.5620234536089095, 2.758545551054566, -0.06011334150770162], "Sigma": [[0.01563991010482521, 0.0007715890164049891, 0.05413803284376967], [0.0007715890164049894, 0.018794966116177078, -0.0356622566137068], [0.05413803284376967, -0.0356622566137068, 0.38855803359156665]], "chi2_level": 0.997, "chi2_df": 3, "chi2_threshold": 13.931422665512084, "N_raw": 88, "N_roi": 88, "N_inlier": 86, "refit": true}
{"timestamp": "17:18:47.336775", "frame": 82, "mu": [0.5386112208650358, 2.7231964005638027, -0.041922440321454583], "Sigma": [[0.015221607542291038, 0.00016393793067599532, -0.0028536890810990103], [0.0001639379306759952, 0.007059802246497117, -3.55479776016915e-05], [-0.0028536890810990103, -3.5547977601691524e-05, 0.001524480553406964]], "chi2_level": 0.997, "chi2_df": 3, "chi2_threshold": 13.931422665512084, "N_raw": 78, "N_roi": 78, "N_inlier": 74, "refit": true}
{"timestamp": "17:18:47.394156", "frame": 83, "mu": [0.5836520616846683, 2.568380136257535, 1.2322462599280477], "Sigma": [[0.013401474921792963, -0.0017447253612585057, -0.008483004191455647], [-0.0017447253612585055, 0.007412714995037153, -0.003895054364534867], [-0.008483004191455649, -0.003895054364534867, 0.01416546940366493]], "chi2_level": 0.997, "chi2_df": 3, "chi2_threshold": 13.931422665512084, "N_raw": 93, "N_roi": 89, "N_inlier": 85, "refit": true}
{"timestamp": "17:18:47.441783", "frame": 84, "mu": [0.5659787047674928, 2.57977370439323, 1.3740030426719718], "Sigma": [[0.00960158148761239, -0.004931954388448065, -0.009593874663452056], [-0.004931954388448066, 0.00670156065369292, 0.006078771762645239], [-0.009593874663452056, 0.006078771762645239, 0.01118321175917286]], "chi2_level": 0.997, "chi2_df": 3, "chi2_threshold": 13.931422665512084, "N_raw": 49, "N_roi": 44, "N_inlier": 41, "refit": true}
{"timestamp": "17:18:47.499660", "frame": 85, "mu": [0.7151319746321182, 2.543853381700069, 1.0159876024211927], "Sigma": [[0.010186739188827192, 1.815610074921688e-05, -0.01602292287033741], [1.8156100749216716e-05, 0.010490835191416397, 0.0036413408246351955], [-0.016022922870337415, 0.003641340824635195, 0.3099893021165698]], "chi2_level": 0.997, "chi2_df": 3, "chi2_threshold": 13.931422665512084, "N_raw": 70, "N_roi": 66, "N_inlier": 66, "refit": true}
{"timestamp": "17:18:47.548675", "frame": 86, "mu": [0.8197197154091553, 2.4718106704939387, 1.0211928628498408], "Sigma": [[0.045425699548818047, 0.002437666433661996, -0.04997333411534255], [0.002437666433661995, 0.003992947562817736, 0.0031588697666776466], [-0.04997333411534255, 0.0031588697666776458, 0.14015790032319797]], "chi2_level": 0.997, "chi2_df": 3, "chi2_threshold": 13.931422665512084, "N_raw": 30, "N_roi": 27, "N_inlier": 26, "refit": true}
{"timestamp": "17:18:47.608450", "frame": 87, "mu": [0.7769608802401414, 2.4504344775209614, 1.2346797098315458], "Sigma": [[0.013290636679429665, -0.0032281120692131235, -0.005056587637157949], [-0.003228112069213123, 0.004508753771548448, -0.0018267562599812537], [-0.005056587637157949, -0.0018267562599812537, 0.007065597946754247]], "chi2_level": 0.997, "chi2_df": 3, "chi2_threshold": 13.931422665512084, "N_raw": 62, "N_roi": 62, "N_inlier": 57, "refit": true}
{"timestamp": "17:18:47.664200", "frame": 88, "mu": [0.8249924108615829, 2.482912418968693, 1.273070692851885], "Sigma": [[0.014649679752990316, -0.001855782980767149, -0.008242118548286624], [-0.0018557829807671483, 0.0012442456141760659, -0.0022519825678712366], [-0.008242118548286624, -0.0022519825678712366, 0.05146351223405981]], "chi2_level": 0.997, "chi2_df": 3, "chi2_threshold": 13.931422665512084, "N_raw": 65, "N_roi": 63, "N_inlier": 63, "refit": true}
{"timestamp": "17:18:47.716216", "frame": 89, "mu": [0.8091830116825391, 2.387221340730026, 1.197844974368055], "Sigma": [[0.008859804014152685, -0.002918433915098483, -0.003782816121229118], [-0.0029184339150984825, 0.006469851760551264, 0.020385861360874908], [-0.0037828161212291192, 0.020385861360874908, 0.1380166644041471]], "chi2_level": 0.997, "chi2_df": 3, "chi2_threshold": 13.931422665512084, "N_raw": 46, "N_roi": 42, "N_inlier": 40, "refit": true}
{"timestamp": "17:18:47.778451", "frame": 90, "mu": [0.8900698331492869, 2.4777211600548243, -0.4662008379192603], "Sigma": [[0.015874098847160407, 0.008939928093068785, 0.027377582346693113], [0.008939928093068783, 0.01138646597147866, 0.018968619606488175], [0.027377582346693113, 0.018968619606488178, 0.2933293744052527]], "chi2_level": 0.997, "chi2_df": 3, "chi2_threshold": 13.931422665512084, "N_raw": 80, "N_roi": 80, "N_inlier": 79, "refit": true}
{"timestamp": "17:18:47.837739", "frame": 91, "mu": [0.8915353577498435, 2.3106081391386626, 0.7090216262202885], "Sigma": [[0.014841572101827792, -0.0023003500711260777, -0.018843589131607913], [-0.0023003500711260777, 0.0029573356725293223, 0.005393705412219452], [-0.018843589131607913, 0.005393705412219452, 0.2930419424858415]], "chi2_level": 0.997, "chi2_df": 3, "chi2_threshold": 13.931422665512084, "N_raw": 114, "N_roi": 112, "N_inlier": 112, "refit": true}
{"timestamp": "17:18:47.886198", "frame": 92, "mu": [0.9014617863939838, 2.329417746454433, 1.1411751276295048], "Sigma": [[0.01303609763230269, 0.00025718838127745925, 0.005853402499363114], [0.00025718838127745925, 0.0018476671190356894, -0.003455856850861066], [0.005853402499363114, -0.003455856850861066, 0.037402231229827276]], "chi2_level": 0.997, "chi2_df": 3, "chi2_threshold": 13.931422665512084, "N_raw": 74, "N_roi": 74, "N_inlier": 72, "refit": true}
{"timestamp": "17:18:47.933767", "frame": 93, "mu": [0.7932137758415045, 2.2618269364752193, 1.055712497750171], "Sigma": [[0.005401984463210624, -0.0012264075340564558, -0.002081551187134421], [-0.0012264075340564558, 0.001087971174267592, -0.0021649641871332604], [-0.002081551187134421, -0.0021649641871332604, 0.012156820114774402]], "chi2_level": 0.997, "chi2_df": 3, "chi2_threshold": 13.931422665512084, "N_raw": 25, "N_roi": 25, "N_inlier": 23, "refit": true}
{"timestamp": "17:18:47.985839", "frame": 94, "mu": [0.9345883477802843, 2.2502810972881964, -0.9601657280194442], "Sigma": [[0.00915751078797482, 0.002893994607608137, -0.02707948662237329], [0.0028939946076081374, 0.002836413589499537, -0.0005261537685396587], [-0.02707948662237329, -0.00052615376853966, 0.2326216315300125]], "chi2_level": 0.997, "chi2_df": 3, "chi2_threshold": 13.931422665512084, "N_raw": 16, "N_roi": 16, "N_inlier": 16, "refit": true}
{"timestamp": "17:18:48.040912", "frame": 95, "mu": [1.0065219891246968, 2.2487465900989774, 1.0060676997789795], "Sigma": [[0.0062197937557797395, -0.0006775007617446142, -0.013878163753044057], [-0.0006775007617446145, 0.0026133046229592097, -0.00875570884740925], [-0.013878163753044057, -0.008755708847409248, 0.2501809689980755]], "chi2_level": 0.997, "chi2_df": 3, "chi2_threshold": 13.931422665512084, "N_raw": 15, "N_roi": 15, "N_inlier": 15, "refit": true}
{"timestamp": "17:18:48.103052", "frame": 96, "mu": [1.0975226500200448, 2.1600103313943215, 1.2932344977976715], "Sigma": [[0.011844986090947503, -0.00018149161021097348, 0.0020805136950916223], [-0.00018149161021097345, 0.0014631577473634106, -0.004471991655076103], [0.0020805136950916214, -0.004471991655076103, 0.030157301146843108]], "chi2_level": 0.997, "chi2_df": 3, "chi2_threshold": 13.931422665512084, "N_raw": 66, "N_roi": 66, "N_inlier": 64, "refit": true}
{"timestamp": "17:18:48.160991", "frame": 97, "mu": [1.0975755484712024, 2.0710753834320843, 1.1567908823468707], "Sigma": [[0.012541083389260702, -0.0036485985056351872, -0.005974398952850823], [-0.0036485985056351872, 0.003663705016641434, -0.005520500875612694], [-0.005974398952850821, -0.005520500875612694, 0.029343327368908573]], "chi2_level": 0.997, "chi2_df": 3, "chi2_threshold": 13.931422665512084, "N_raw": 86, "N_roi": 86, "N_inlier": 84, "refit": true}
{"timestamp": "17:18:48.214266", "frame": 98, "mu": [1.0883733791793548, 2.068804748725311, -0.7494027457670656], "Sigma": [[0.010417304102723323, 0.0010222380873615158, 0.00453117818345413], [0.0010222380873615156, 0.003148355837075424, 0.005025366591483152], [0.004531178183454131, 0.005025366591483151, 0.20459724420000222]], "chi2_level": 0.997, "chi2_df": 3, "chi2_threshold": 13.931422665512084, "N_raw": 72, "N_roi": 72, "N_inlier": 70, "refit": true}
