{"timestamp": "17:21:53.518162", "frame": 3, "mu": [1.4958683328217706, 1.092700017815142, 1.465650952246646], "Sigma": [[0.00753358202187934, 0.0009006555214539551, -0.02797332708941309], [0.0009006555214539551, 0.0025552891974096083, -0.007105766124028573], [-0.02797332708941309, -0.007105766124028573, 0.1360355639039789]], "chi2_level": 0.997, "chi2_df": 3, "chi2_threshold": 13.931422665512084, "N_raw": 10, "N_roi": 10, "N_inlier": 10, "refit": true}
{"timestamp": "17:21:53.575635", "frame": 4, "mu": [1.4546899402515439, 1.026852641982883, 1.4038380194090843], "Sigma": [[0.0010714477775413329, -0.0004292672698438316, -0.0005993152541488698], [-0.0004292672698438315, 0.007581083259190055, -0.00346492568498959], [-0.0005993152541488698, -0.00346492568498959, 0.0023431522367805325]], "chi2_level": 0.997, "chi2_df": 3, "chi2_threshold": 13.931422665512084, "N_raw": 12, "N_roi": 12, "N_inlier": 11, "refit": true}
{"timestamp": "17:21:53.630438", "frame": 5, "mu": [1.419676746997264, 1.0323697144452937, 1.4698480525969302], "Sigma": [[0.0023990956766603375, -0.0001229235010394657, -0.0011539111542525106], [-0.00012292350103946563, 0.0025540776454683555, -0.001745216629632299], [-0.0011539111542525106, -0.001745216629632299, 0.0035839007036616226]], "chi2_level": 0.997, "chi2_df": 3, "chi2_threshold": 13.931422665512084, "N_raw": 18, "N_roi": 18, "N_inlier": 17, "refit": true}
{"timestamp": "17:21:53.685810", "frame": 6, "mu": [1.428210646736567, 1.036791869519468, 1.3945211801692803], "Sigma": [[0.0047060273705910975, -0.0010194929537621006, 0.007649809471858844], [-0.0010194929537621009, 0.0025699620791795673, -0.0010888524970355767], [0.007649809471858845, -0.0010888524970355765, 0.04529690707117795]], "chi2_level": 0.997, "chi2_df": 3, "chi2_threshold": 13.931422665512084, "N_raw": 19, "N_roi": 19, "N_inlier": 19, "refit": true}
{"timestamp": "17:21:53.739446", "frame": 7, "mu": [1.3256540662724534, 1.1692853514338084, 1.3724218967029336], "Sigma": [[0.0015233353098820374, -0.0003935332382091908, -0.000911554474820576], [-0.00039353323820919103, 0.005693311004156687, -0.014787859465856748], [-0.0009115544748205756, -0.014787859465856748, 0.046013709991825975]], "chi2_level": 0.997, "chi2_df": 3, "chi2_threshold": 13.931422665512084, "N_raw": 7, "N_roi": 7, "N_inlier": 7, "refit": true}
{"timestamp": "17:21:53.802488", "frame": 8, "mu": [1.3113843901840299, 1.0394732392697978, 0.9636201156882791], "Sigma": [[0.003914905652574485, -0.002959850187843543, 0.004592755615000395], [-0.002959850187843543, 0.0074338267893403285, -0.01288514727143086], [0.004592755615000395, -0.01288514727143086, 0.048248730871642775]], "chi2_level": 0.997, "chi2_df": 3, "chi2_threshold": 13.931422665512084, "N_raw": 66, "N_roi": 66, "N_inlier": 66, "refit": true}
{"timestamp": "17:21:53.853992", "frame": 9, "mu": [1.3260236791123257, 1.0013192531317934, 1.2341537917129983], "Sigma": [[0.005503151123060676, -0.0033699131785429213, 0.004707359012028921], [-0.0033699131785429218, 0.006809974654487588, 0.002455099914456496], [0.004707359012028922, 0.002455099914456496, 0.0860354666005601]], "chi2_level": 0.997, "chi2_df": 3, "chi2_threshold": 13.931422665512084, "N_raw": 23, "N_roi": 23, "N_inlier": 22, "refit": true}
{"timestamp": "17:21:53.914082", "frame": 10, "mu": [1.1856983350079935, 1.2914072700321613, -0.4335569182709796], "Sigma": [[0.0059070171737842, -0.004835099749479764, 0.00878347897828053], [-0.004835099749479764, 0.017992412129717993, -0.0417434304946358], [0.008783478978280529, -0.0417434304946358, 0.11807699777474791]], "chi2_level": 0.997, "chi2_df": 3, "chi2_threshold": 13.931422665512084, "N_raw": 62, "N_roi": 62, "N_inlier": 62, "refit": true}
{"timestamp": "17:21:53.968958", "frame": 11, "mu": [1.1183348549293886, 1.1797878047764285, 1.3132798411213475], "Sigma": [[0.005153589263782995, -0.0033222511507078317, 0.010112008164630554], [-0.0033222511507078317, 0.009454740861778681, -0.02572423308234471], [0.010112008164630554, -0.025724233082344714, 0.11532619549570063]], "chi2_level": 0.997, "chi2_df": 3, "chi2_threshold": 13.931422665512084, "N_raw": 60, "N_roi": 60, "N_inlier": 60, "refit": true}
{"timestamp": "17:21:54.025153", "frame": 12, "mu": [1.126772663069395, 1.1688107668796994, 1.3407435884397527], "Sigma": [[0.004513419666873289, -0.0012428554388314865, -0.006291105562860757], [-0.0012428554388314865, 0.004404992573573875, -0.006695376294430659], [-0.006291105562860756, -0.006695376294430659, 0.09300045077633971]], "chi2_level": 0.997, "chi2_df": 3, "chi2_threshold": 13.931422665512084, "N_raw": 65, "N_roi": 65, "N_inlier": 65, "refit": true}
{"timestamp": "17:21:54.075030", "frame": 13, "mu": [1.070967964369168, 1.125910161592492, 1.134175554895989], "Sigma": [[0.015112557412265509, -0.0014919669390842346, 0.009643517317073712], [-0.0014919669390842348, 0.004128851606991509, 0.008433169893358529], [0.009643517317073715, 0.008433169893358527, 0.19857293066407375]], "chi2_level": 0.997, "chi2_df": 3, "chi2_threshold": 13.931422665512084, "N_raw": 29, "N_roi": 28, "N_inlier": 28, "refit": true}
{"timestamp": "17:21:54.130052", "frame": 14, "mu": [1.013702293061844, 1.2292623735880133, -0.25098673209122013], "Sigma": [[0.0023833514220036756, -0.0013479614534620344, 0.006729554094875051], [-0.0013479614534620348, 0.014632272218821707, -0.03308107973216464], [0.00672955409487505, -0.03308107973216464, 0.10651791515489774]], "chi2_level": 0.997, "chi2_df": 3, "chi2_threshold": 13.931422665512084, "N_raw": 27, "N_roi": 27, "N_inlier": 25, "refit": true}
{"timestamp": "17:21:54.186576", "frame": 15, "mu": [0.97865669042171, 1.1355019175692156, 1.4913714236326856], "Sigma": [[0.0025741172388122754, -0.0007997648995387292, -0.001011775860524602], [-0.0007997648995387292, 0.005757441326122664, -0.010453076054295154], [-0.0010117758605246022, -0.010453076054295154, 0.060868455809305166]], "chi2_level": 0.997, "chi2_df": 3, "chi2_threshold": 13.931422665512084, "N_raw": 47, "N_roi": 47, "N_inlier": 47, "refit": true}
{"timestamp": "17:21:54.241053", "frame": 16, "mu": [0.9404783557913834, 1.107837079502481, 1.3942882086358703], "Sigma": [[0.0027581006689292543, -0.002266947177959907, 0.0016556573511189668], [-0.002266947177959907, 0.00942068469024406, -0.012403799266937012], [0.001655657351118967, -0.012403799266937014, 0.035715802628117424]], "chi2_level": 0.997, "chi2_df": 3, "chi2_threshold": 13.931422665512084, "N_raw": 38, "N_roi": 38, "N_inlier": 38, "refit": true}
{"timestamp": "17:21:54.298346", "frame": 17, "mu": [0.9286263504986522, 1.0320651985297167, 1.4640566141783893], "Sigma": [[0.0047302849705157584, -0.00097482644730272, -0.0004828957760158077], [-0.00097482644730272, 0.00672668779622137, -0.002307602917231214], [-0.0004828957760158077, -0.0023076029172312143, 0.006080081801018314]], "chi2_level": 0.997, "chi2_df": 3, "chi2_threshold": 13.931422665512084, "N_raw": 56, "N_roi": 56, "N_inlier": 53, "refit": true}
{"timestamp": "17:21:54.347153", "frame": 18, "mu": [0.7957605557363527, 1.0641283462761189, -0.4869750043318917], "Sigma": [[0.04607780551024117, 0.06084866151309801, -0.029107722299483003], [0.060848661513098014, 0.09436654357201243, 0.039444626253980195], [-0.029107722299483003, 0.039444626253980195, 0.5051153029360155]], "chi2_level": 0.997, "chi2_df": 3, "chi2_threshold": 13.931422665512084, "N_raw": 9, "N_roi": 9, "N_inlier": 9, "refit": true}
{"timestamp": "17:21:54.403612", "frame": 19, "mu": [0.8015744514207874, 1.0176341204166284, 1.4785593593418844], "Sigma": [[0.0019458349020271856, 6.949031581500697e-05, -0.002450298725561399], [6.949031581500692e-05, 0.004566304140956999, 0.0012449158911908608], [-0.002450298725561399, 0.0012449158911908608, 0.031881385962232923]], "chi2_level": 0.997, "chi2_df": 3, "chi2_threshold": 13.931422665512084, "N_raw": 26, "N_roi": 26, "N_inlier": 24, "refit": true}
{"timestamp": "17:21:54.460319", "frame": 20, "mu": [0.7957074098351649, 1.0343288329820906, 1.368950244896247], "Sigma": [[0.0026630077780075544, 0.00034007904382320675, 0.010702031489326472], [0.00034007904382320675, 0.005419234695218636, 0.0025440985661906346], [0.01070203148932647, 0.0025440985661906355, 0.220893947717877]], "chi2_level": 0.997, "chi2_df": 3, "chi2_threshold": 13.931422665512084, "N_raw": 38, "N_roi": 38, "N_inlier": 38, "refit": true}
{"timestamp": "17:21:54.514170", "frame": 21, "mu": [0.7723828218588203, 1.0651529120578953, 1.18521818680139], "Sigma": [[0.0026216268998794073, 0.000861920610062302, 0.01179837566894298], [0.0008619206100623021, 0.005326309407207341, -0.006759157929935881], [0.011798375668942982, -0.00675915792993588, 0.19299689333641876]], "chi2_level": 0.997, "chi2_df": 3, "chi2_threshold": 13.931422665512084, "N_raw": 27, "N_roi": 27, "N_inlier": 27, "refit": true}
{"timestamp": "17:21:54.570359", "frame": 22, "mu": [0.7077237169511532, 1.026723382183857, 1.4524384636224934], "Sigma": [[0.0027774320495372105, -0.00015162231382294763, 0.005176161363900547], [-0.0001516223138229477, 0.010737139430640306, -0.0071462588247965825], [0.005176161363900547, -0.007146258824796581, 0.1832380179397025]], "chi2_level": 0.997, "chi2_df": 3, "chi2_threshold": 13.931422665512084, "N_raw": 38, "N_roi": 38, "N_inlier": 37, "refit": true}
{"timestamp": "17:21:54.632122", "frame": 23, "mu": [0.6751499890777282, 1.1335228996528264, -0.16681206411674632], "Sigma": [[0.005586090676603479, 0.0007327737127830483, 0.00012660094123781137], [0.0007327737127830482, 0.008990541486273778, 0.0024629656949628166], [0.00012660094123781093, 0.002462965694962816, 0.015880093006981316]], "chi2_level": 0.997, "chi2_df": 3, "chi2_threshold": 13.931422665512084, "N_raw": 79, "N_roi": 79, "N_inlier": 74, "refit": true}
{"timestamp": "17:21:54.686547", "frame": 24, "mu": [0.6321913401911239, 1.0449220026137018, 1.537659173744379], "Sigma": [[0.004369830738836188, -0.0006123187188831036, -0.003276821875485812], [-0.0006123187188831036, 0.005768220140613087, -0.0011914087084976893], [-0.003276821875485812, -0.0011914087084976893, 0.0061594653603383445]], "chi2_level": 0.997, "chi2_df": 3, "chi2_threshold": 13.931422665512084, "N_raw": 73, "N_roi": 73, "N_inlier": 70, "refit": true}
{"timestamp": "17:21:54.742298", "frame": 25, "mu": [0.5680756889011656, 1.0310048561381662, 1.507604553134991], "Sigma": [[0.020500392841528686, 0.004465508422456016, 0.03516993129824891], [0.004465508422456016, 0.007038996551754755, 0.006615227664019899], [0.03516993129824891, 0.006615227664019899, 0.0808302058302223]], "chi2_level": 0.997, "chi2_df": 3, "chi2_threshold": 13.931422665512084, "N_raw": 79, "N_roi": 79, "N_inlier": 76, "refit": true}
{"timestamp": "17:21:54.798442", "frame": 26, "mu": [0.5892853388727092, 1.101064110466541, 1.5644047071596137], "Sigma": [[0.005984863554521671, 5.1658308479842045e-05, -0.004580528000131288], [5.1658308479841964e-05, 0.004317853029792277, -0.003325927682921211], [-0.004580528000131288, -0.003325927682921211, 0.006408770489890995]], "chi2_level": 0.997, "chi2_df": 3, "chi2_threshold": 13.931422665512084, "N_raw": 86, "N_roi": 84, "N_inlier": 82, "refit": true}
{"timestamp": "17:21:54.849995", "frame": 27, "mu": [0.5331041829910073, 1.1263585737775803, -0.07827252078068868], "Sigma": [[0.005258839565213985, -0.0008768996856098396, 0.005222245734021132], [-0.0008768996856098396, 0.0055782746789036835, -0.007058355325659472], [0.005222245734021133, -0.007058355325659471, 0.02614608279640751]], "chi2_level": 0.997, "chi2_df": 3, "chi2_threshold": 13.931422665512084, "N_raw": 61, "N_roi": 61, "N_inlier": 56, "refit": true}
{"timestamp": "17:21:54.906344", "frame": 28, "mu": [0.5363479085705317, 1.0554660075805526, 1.5807120666608971], "Sigma": [[0.005267288952550305, 0.0016913205302006669, -0.001699712907571929], [0.0016913205302006664, 0.005070851513705615, -0.0021670781562856097], [-0.0016997129075719288, -0.0021670781562856097, 0.0012878480825187029]], "chi2_level": 0.997, "chi2_df": 3, "chi2_threshold": 13.931422665512084, "N_raw": 75, "N_roi": 75, "N_inlier": 73, "refit": true}
{"timestamp": "17:21:54.962345", "frame": 29, "mu": [0.46065177771711885, 1.0587845850209976, 1.5632485367019529], "Sigma": [[0.004560448147161556, 0.0019747366059214076, -0.0038216448273706255], [0.001974736605921408, 0.006681659198449948, -0.003860797413045963], [-0.0038216448273706255, -0.0038607974130459633, 0.004956400220827909]], "chi2_level": 0.997, "chi2_df": 3, "chi2_threshold": 13.931422665512084, "N_raw": 83, "N_roi": 83, "N_inlier": 82, "refit": true}
{"timestamp": "17:21:55.021044", "frame": 30, "mu": [0.38010975436701416, 1.0686615710366059, 1.3430799540101426], "Sigma": [[0.00681202835001693, -0.0022789729387791727, 0.01735102563141773], [-0.0022789729387791727, 0.008213385166845026, -0.012816586648138301], [0.01735102563141773, -0.012816586648138301, 0.11419311182406536]], "chi2_level": 0.997, "chi2_df": 3, "chi2_threshold": 13.931422665512084, "N_raw": 109, "N_roi": 109, "N_inlier": 102, "refit": true}
{"timestamp": "17:21:55.083174", "frame": 31, "mu": [0.30511476499773627, 1.084208967904984, 1.2169714335578232], "Sigma": [[0.01186262094380599, -0.006829850440746632, 0.016945092350583044], [-0.006829850440746632, 0.011389698329422314, -0.008708064924156907], [0.01694509235058304, -0.008708064924156905, 0.11551502652440676]], "chi2_level": 0.997, "chi2_df": 3, "chi2_threshold": 13.931422665512084, "N_raw": 150, "N_roi": 150, "N_inlier": 150, "refit": true}
{"timestamp": "17:21:55.133918", "frame": 32, "mu": [0.252389481987472, 1.0890128303153874, 1.3060046682306312], "Sigma": [[0.017583170812346383, -0.00826962314690203, 0.03451787301872368], [-0.00826962314690203, 0.010214963294869137, -0.022020107641086303], [0.03451787301872368, -0.022020107641086303, 0.12159421208758418]], "chi2_level": 0.997, "chi2_df": 3, "chi2_threshold": 13.931422665512084, "N_raw": 115, "N_roi": 115, "N_inlier": 112, "refit": true}
{"timestamp": "17:21:55.195521", "frame": 33, "mu": [0.09364107915703526, 1.1959552076050304, 0.27131625187510433], "Sigma": [[0.0205607167094193, -0.002061578072329627, 0.1499726611427399], [-0.002061578072329627, 0.005900861229628984, -0.049694610648922805], [0.14997266114273994, -0.049694610648922805, 1.5631666740130645]], "chi2_level": 0.997, "chi2_df": 3, "chi2_threshold": 13.931422665512084, "N_raw": 150, "N_roi": 150, "N_inlier": 147, "refit": true}
{"timestamp": "17:21:55.248381", "frame": 34, "mu": [0.016366797264540198, 1.228271499051897, -0.5814326022564599], "Sigma": [[0.03201825362492906, -0.0059680681909414345, 0.08404034012044712], [-0.0059680681909414345, 0.01513810299598639, -0.029558250190251746], [0.08404034012044712, -0.029558250190251746, 0.29081377648789025]], "chi2_level": 0.997, "chi2_df": 3, "chi2_threshold": 13.931422665512084, "N_raw": 150, "N_roi": 150, "N_inlier": 144, "refit": true}
{"timestamp": "17:21:55.299773", "frame": 35, "mu": [0.10486556141492609, 1.085860315332643, 1.4443754621420504], "Sigma": [[0.023824610760487742, -0.008807535261216849, 0.03398576028059211], [-0.008807535261216849, 0.008894657452888729, -0.02329350542082161], [0.03398576028059211, -0.02329350542082161, 0.08213915339493111]], "chi2_level": 0.997, "chi2_df": 3, "chi2_threshold": 13.931422665512084, "N_raw": 132, "N_roi": 132, "N_inlier": 128, "refit": true}
{"timestamp": "17:21:55.357223", "frame": 36, "mu": [0.03333659937730367, 1.0585062075114224, 1.3876179931012573], "Sigma": [[0.03791778329011712, -0.0129203658104867, 0.05721860267052859], [-0.0129203658104867, 0.008382599293340691, -0.020163387896244216], [0.05721860267052859, -0.020163387896244216, 0.1195155026105528]], "chi2_level": 0.997, "chi2_df": 3, "chi2_threshold": 13.931422665512084, "N_raw": 144, "N_roi": 144, "N_inlier": 141, "refit": true}
{"timestamp": "17:21:55.408065", "frame": 37, "mu": [0.0055659050713033386, 1.005890296359334, 1.3176071992303588], "Sigma": [[0.03615928479748544, -0.027416628580620585, 0.043780453026474424], [-0.027416628580620585, 0.02604432750441678, -0.024413981666246524], [0.04378045302647443, -0.024413981666246524, 0.11152843594880477]], "chi2_level": 0.997, "chi2_df": 3, "chi2_threshold": 13.931422665512084, "N_raw": 114, "N_roi": 110, "N_inlier": 107, "refit": true}
{"timestamp": "17:21:55.463300", "frame": 38, "mu": [0.0734611156132315, 0.9952409878728188, 1.2307300966383632], "Sigma": [[0.016810351990248683, -0.0017941200464211683, -0.060130432989563096], [-0.0017941200464211687, 0.01866647793248216, -0.02624862208207217], [-0.060130432989563096, -0.026248622082072168, 0.3021504572107199]], "chi2_level": 0.997, "chi2_df": 3, "chi2_threshold": 13.931422665512084, "N_raw": 119, "N_roi": 119, "N_inlier": 118, "refit": true}
{"timestamp": "17:21:55.509342", "frame": 39, "mu": [-0.026356470374617587, 0.9084487929056135, 1.4471707930864335], "Sigma": [[0.006139136020894899, -0.009927456564351067, -0.007300303101014509], [-0.009927456564351065, 0.022320543466056098, 0.0138242994613157], [-0.007300303101014509, 0.013824299461315701, 0.011325543037793968]], "chi2_level": 0.997, "chi2_df": 3, "chi2_threshold": 13.931422665512084, "N_raw": 64, "N_roi": 64, "N_inlier": 61, "refit": true}
{"timestamp": "17:21:55.563261", "frame": 40, "mu": [-0.05143909177004531, 0.9582919851632501, 1.4624030741426282], "Sigma": [[0.002244775731122908, -0.0003538448292991074, -0.0015060586588733593], [-0.0003538448292991074, 0.008959069396978957, 0.003095393052693118], [-0.0015060586588733593, 0.003095393052693118, 0.0038245257414184857]], "chi2_level": 0.997, "chi2_df": 3, "chi2_threshold": 13.931422665512084, "N_raw": 58, "N_roi": 58, "N_inlier": 55, "refit": true}
{"timestamp": "17:21:55.621231", "frame": 41, "mu": [-0.08826595844787227, 0.9259719097580835, 1.4800655467616706], "Sigma": [[0.002449752502459746, 0.0005991266665925598, 0.0003133021422021531], [0.0005991266665925598, 0.005010621667341858, 0.0006751765252457924], [0.0003133021422021531, 0.0006751765252457925, 0.024050516090588336]], "chi2_level": 0.997, "chi2_df": 3, "chi2_threshold": 13.931422665512084, "N_raw": 79, "N_roi": 79, "N_inlier": 79, "refit": true}
{"timestamp": "17:21:55.673641", "frame": 42, "mu": [-0.10597317773038968, 1.0180246282172636, -0.3572755033311221], "Sigma": [[0.003430842499925463, 0.0053017511343165236, 0.005563409860407625], [0.005301751134316524, 0.02889226797522519, 0.026230976813716847], [0.005563409860407625, 0.026230976813716847, 0.027719923307666365]], "chi2_level": 0.997, "chi2_df": 3, "chi2_threshold": 13.931422665512084, "N_raw": 53, "N_roi": 53, "N_inlier": 51, "refit": true}
{"timestamp": "17:21:55.733424", "frame": 43, "mu": [-0.19847245893757, 0.9376168420624785, -0.042487635706094484], "Sigma": [[0.0050213946704832845, -0.0030426829194709045, 0.03785559180290253], [-0.003042682919470904, 0.007845576935158147, -0.004159797646444304], [0.03785559180290253, -0.004159797646444304, 0.6848151123181748]], "chi2_level": 0.997, "chi2_df": 3, "chi2_threshold": 13.931422665512084, "N_raw": 93, "N_roi": 93, "N_inlier": 93, "refit": true}
{"timestamp": "17:21:55.788655", "frame": 44, "mu": [-0.2591140065711639, 0.9874656010284663, 1.063800467809635], "Sigma": [[0.0037771866719889724, -0.00033570044988551087, 0.004867436946925818], [-0.00033570044988551087, 0.0025415519779981134, -0.02016758601213785], [0.004867436946925818, -0.02016758601213785, 0.5909376264506573]], "chi2_level": 0.997, "chi2_df": 3, "chi2_threshold": 13.931422665512084, "N_raw": 93, "N_roi": 93, "N_inlier": 92, "refit": true}
{"timestamp": "17:21:55.832239", "frame": 45, "mu": [-0.31126672000440303, 1.0334929822560273, 1.1894919574974012], "Sigma": [[0.007893752193335912, -0.005021273577640685, 0.0024079408954214678], [-0.005021273577640685, 0.01153670395967953, -0.05937853489492949], [0.002407940895421466, -0.05937853489492949, 0.4980538353653628]], "chi2_level": 0.997, "chi2_df": 3, "chi2_threshold": 13.931422665512084, "N_raw": 11, "N_roi": 11, "N_inlier": 11, "refit": true}
{"timestamp": "17:21:55.895163", "frame": 46, "mu": [-0.31042445619143727, 0.9139130651469016, 1.2861241043382168], "Sigma": [[0.007560004529274589, -0.004655915130106747, 0.0015990906986254878], [-0.004655915130106747, 0.00663680415018482, -0.02452405275988207], [0.0015990906986254878, -0.02452405275988207, 0.29098614590760313]], "chi2_level": 0.997, "chi2_df": 3, "chi2_threshold": 13.931422665512084, "N_raw": 73, "N_roi": 73, "N_inlier": 72, "refit": true}
{"timestamp": "17:21:55.946802", "frame": 47, "mu": [-0.31533614180983827, 1.031298953441551, 1.588926127835604], "Sigma": [[0.003174314320602742, -0.0013910085970845441, 0.0012988841019143061], [-0.0013910085970845441, 0.002043264488038015, -0.001963966322839148], [0.0012988841019143061, -0.001963966322839148, 0.0021348875949467293]], "chi2_level": 0.997, "chi2_df": 3, "chi2_threshold": 13.931422665512084, "N_raw": 44, "N_roi": 43, "N_inlier": 40, "refit": true}
{"timestamp": "17:21:55.999779", "frame": 48, "mu": [-0.36376205053207467, 0.9783708890565448, 1.4668480085564892], "Sigma": [[0.009519535445844494, -0.0005923359124858918, 0.018494444344915026], [-0.0005923359124858917, 0.004382230468435699, -0.014704064880320026], [0.018494444344915026, -0.014704064880320026, 0.24227076504498873]], "chi2_level": 0.997, "chi2_df": 3, "chi2_threshold": 13.931422665512084, "N_raw": 35, "N_roi": 33, "N_inlier": 33, "refit": true}
{"timestamp": "17:21:56.066879", "frame": 49, "mu": [-0.47463832118394417, 0.992167890742618, 1.466769827538409], "Sigma": [[0.0075679037817851305, -0.003816297637636983, -0.008527549127703347], [-0.003816297637636983, 0.003885344163742495, 0.004969228978778211], [-0.008527549127703347, 0.004969228978778212, 0.0632392131263835]], "chi2_level": 0.997, "chi2_df": 3, "chi2_threshold": 13.931422665512084, "N_raw": 100, "N_roi": 98, "N_inlier": 94, "refit": true}
{"timestamp": "17:21:56.115291", "frame": 50, "mu": [-0.4456329801453305, 1.0078358383995352, 1.5357545402003585], "Sigma": [[0.0025721108752150643, -0.0004790690346698204, -7.519507190941339e-06], [-0.00047906903466982023, 0.0036680412334771885, -0.004331238176287134], [-7.519507190941393e-06, -0.004331238176287134, 0.012664363926216607]], "chi2_level": 0.997, "chi2_df": 3, "chi2_threshold": 13.931422665512084, "N_raw": 70, "N_roi": 70, "N_inlier": 60, "refit": true}
{"timestamp": "17:21:56.164997", "frame": 51, "mu": [-0.540281395957739, 0.9841642680966138, 1.484818185622127], "Sigma": [[0.0030746631874170654, -0.002911536983435703, 0.014156771100666467], [-0.0029115369834357033, 0.010279015330690538, -0.02909952893742466], [0.014156771100666467, -0.02909952893742466, 0.1887505578395971]], "chi2_level": 0.997, "chi2_df": 3, "chi2_threshold": 13.931422665512084, "N_raw": 30, "N_roi": 30, "N_inlier": 29, "refit": true}
{"timestamp": "17:21:56.223562", "frame": 52, "mu": [-0.6046015473345674, 1.0263902124400117, 1.6651801542220914], "Sigma": [[0.0036856799723094303, -0.0008937238730018131, 6.049714107044573e-05], [-0.0008937238730018131, 0.003312525344287329, -0.0028775533273319087], [6.0497141070445676e-05, -0.002877553327331909, 0.0029672127199884086]], "chi2_level": 0.997, "chi2_df": 3, "chi2_threshold": 13.931422665512084, "N_raw": 59, "N_roi": 58, "N_inlier": 55, "refit": true}
{"timestamp": "17:21:56.286043", "frame": 53, "mu": [-0.6287779725348601, 0.9490075148329821, 1.3772304963871411], "Sigma": [[0.023208790590443108, 0.00643399886751426, -0.03249529932490072], [0.00643399886751426, 0.007676319334502729, 0.0021596578603686996], [-0.03249529932490072, 0.0021596578603686996, 0.14575946005910909]], "chi2_level": 0.997, "chi2_df": 3, "chi2_threshold": 13.931422665512084, "N_raw": 113, "N_roi": 113, "N_inlier": 111, "refit": true}
{"timestamp": "17:21:56.332815", "frame": 54, "mu": [-0.6168992826765857, 0.9977134263697456, 1.1968173790217724], "Sigma": [[0.0039046820232119016, -0.0010717514265765344, -0.00012683431747482717], [-0.0010717514265765346, 0.0028781192862425693, 0.012586152613925677], [-0.0001268343174748276, 0.012586152613925677, 0.15878021577014645]], "chi2_level": 0.997, "chi2_df": 3, "chi2_threshold": 13.931422665512084, "N_raw": 46, "N_roi": 46, "N_inlier": 45, "refit": true}
{"timestamp": "17:21:56.391100", "frame": 55, "mu": [-0.7302147594415197, 0.9254321645515923, 1.4798747713595675], "Sigma": [[0.015178463609153557, 0.0042278360656153435, -0.03250164952007565], [0.0042278360656153435, 0.005485649085269475, -0.01103083857476036], [-0.03250164952007566, -0.011030838574760362, 0.1904636177595468]], "chi2_level": 0.997, "chi2_df": 3, "chi2_threshold": 13.931422665512084, "N_raw": 76, "N_roi": 76, "N_inlier": 73, "refit": true}
{"timestamp": "17:21:56.449918", "frame": 56, "mu": [-0.7634344991822142, 0.9292846080730233, 1.3957173840827455], "Sigma": [[0.017673068320447433, 0.002452179766719041, -0.04248231504350278], [0.002452179766719041, 0.006872311319001195, 0.0029375866398736713], [-0.04248231504350278, 0.0029375866398736713, 0.17928476856190725]], "chi2_level": 0.997, "chi2_df": 3, "chi2_threshold": 13.931422665512084, "N_raw": 107, "N_roi": 107, "N_inlier": 105, "refit": true}
{"timestamp": "17:21:56.497550", "frame": 57, "mu": [-0.9136525859553166, 0.8331042784147521, 1.58404666536235], "Sigma": [[0.017794251238418317, 0.005845159078568345, -0.009580644084414058], [0.005845159078568345, 0.010421986709463654, -0.03386252814951253], [-0.009580644084414057, -0.03386252814951253, 0.25724558485395727]], "chi2_level": 0.997, "chi2_df": 3, "chi2_threshold": 13.931422665512084, "N_raw": 45, "N_roi": 45, "N_inlier": 45, "refit": true}
{"timestamp": "17:21:56.565041", "frame": 58, "mu": [-0.9175908899254328, 0.8780802743026384, 1.5893212080818373], "Sigma": [[0.016484630643701096, 0.0056809955960535116, -0.03306184080836237], [0.005680995596053511, 0.008507290840319098, -0.016608424644754698], [-0.03306184080836237, -0.016608424644754698, 0.13095600217342876]], "chi2_level": 0.997, "chi2_df": 3, "chi2_threshold": 13.931422665512084, "N_raw": 139, "N_roi": 138, "N_inlier": 137, "refit": true}
{"timestamp": "17:21:56.619735", "frame": 59, "mu": [-1.004523784154075, 0.8330156125954447, 1.6543402786477577], "Sigma": [[0.013282579051385836, 0.0019451601377520591, -0.002331889133553343], [0.0019451601377520596, 0.00808306127013893, -0.007446345963135171], [-0.002331889133553343, -0.007446345963135171, 0.007889682992742982]], "chi2_level": 0.997, "chi2_df": 3, "chi2_threshold": 13.931422665512084, "N_raw": 133, "N_roi": 133, "N_inlier": 130, "refit": true}
{"timestamp": "17:21:56.672979", "frame": 60, "mu": [-1.0171160596830908, 0.8113619059556746, 1.5267708786185232], "Sigma": [[0.014201346724494626, 0.00979884227937889, -0.016335066520225372], [0.00979884227937889, 0.016928884497557264, -0.02972244144991531], [-0.016335066520225372, -0.02972244144991531, 0.10445458678256458]], "chi2_level": 0.997, "chi2_df": 3, "chi2_threshold": 13.931422665512084, "N_raw": 120, "N_roi": 120, "N_inlier": 119, "refit": true}
{"timestamp": "17:21:56.730186", "frame": 61, "mu": [-1.0270950926336107, 0.8341243275147914, 1.3167641462592907], "Sigma": [[0.016763598739946046, 0.018128162483555643, -0.03205017374480976], [0.018128162483555643, 0.03380304207900044, -0.07025033462845617], [-0.03205017374480976, -0.07025033462845617, 0.19515920286807883]], "chi2_level": 0.997, "chi2_df": 3, "chi2_threshold": 13.931422665512084, "N_raw": 136, "N_roi": 136, "N_inlier": 136, "refit": true}
{"timestamp": "17:21:56.783553", "frame": 62, "mu": [-1.0668070057938295, 0.8321642093771371, 1.2640177084563313], "Sigma": [[0.011847948450373897, 0.01656189951445718, -0.02794563012161084], [0.01656189951445718, 0.04207812738074244, -0.08726498834777899], [-0.02794563012161084, -0.08726498834777899, 0.22535969134113792]], "chi2_level": 0.997, "chi2_df": 3, "chi2_threshold": 13.931422665512084, "N_raw": 120, "N_roi": 120, "N_inlier": 120, "refit": true}
{"timestamp": "17:21:56.834739", "frame": 63, "mu": [-1.1357351619029463, 0.8608541400759082, -0.6685125585479853], "Sigma": [[0.009984816451660805, 0.015581768996137804, -0.020132714591988655], [0.015581768996137805, 0.05903236630640615, -0.08300000633963392], [-0.020132714591988655, -0.08300000633963392, 0.17446691866803457]], "chi2_level": 0.997, "chi2_df": 3, "chi2_threshold": 13.931422665512084, "N_raw": 98, "N_roi": 98, "N_inlier": 98, "refit": true}
{"timestamp": "17:21:56.892042", "frame": 64, "mu": [-1.1466924043968987, 0.8349730212798268, 1.3896888336248743], "Sigma": [[0.010040730791824607, 0.008687931101555095, -0.010676145735762456], [0.008687931101555095, 0.04016858595455497, -0.07854290693866184], [-0.010676145735762454, -0.07854290693866184, 0.17766996802799292]], "chi2_level": 0.997, "chi2_df": 3, "chi2_threshold": 13.931422665512084, "N_raw": 118, "N_roi": 118, "N_inlier": 117, "refit": true}
{"timestamp": "17:21:56.941720", "frame": 65, "mu": [-1.2460689563742442, 0.7135890280415352, 1.5534171538354173], "Sigma": [[0.008897212239238457, 0.0031399353829559768, 0.000691853423076862], [0.0031399353829559768, 0.011911988695605438, -0.0052946679217801456], [0.000691853423076862, -0.0052946679217801456, 0.010029686110129362]], "chi2_level": 0.997, "chi2_df": 3, "chi2_threshold": 13.931422665512084, "N_raw": 78, "N_roi": 78, "N_inlier": 76, "refit": true}
{"timestamp": "17:21:56.998042", "frame": 66, "mu": [-1.265750143710175, 0.7278385967441787, 1.5454420848816313], "Sigma": [[0.01046793660208397, 0.006708248353430605, 0.002035763028594264], [0.006708248353430605, 0.014621470279490631, -0.006129358320745381], [0.002035763028594264, -0.006129358320745381, 0.009954726724419315]], "chi2_level": 0.997, "chi2_df": 3, "chi2_threshold": 13.931422665512084, "N_raw": 90, "N_roi": 90, "N_inlier": 87, "refit": true}
{"timestamp": "17:21:57.051042", "frame": 67, "mu": [-1.2732790531518867, 0.8342955037519664, -0.33721131512519875], "Sigma": [[0.009767017638613125, 0.005437990552413938, 0.00865657703444515], [0.005437990552413938, 0.016042454533336532, 0.00598444448493449], [0.00865657703444515, 0.00598444448493449, 0.012336951534609567]], "chi2_level": 0.997, "chi2_df": 3, "chi2_threshold": 13.931422665512084, "N_raw": 79, "N_roi": 79, "N_inlier": 78, "refit": true}
{"timestamp": "17:21:57.107041", "frame": 68, "mu": [-1.2729755617588037, 0.87335775379267, -0.3108582884989626], "Sigma": [[0.010910507848843553, 0.008973881240224267, 0.008651510382850173], [0.008973881240224267, 0.022079804721648746, 0.007200806696005822], [0.008651510382850173, 0.007200806696005822, 0.011078957731130774]], "chi2_level": 0.997, "chi2_df": 3, "chi2_threshold": 13.931422665512084, "N_raw": 84, "N_roi": 84, "N_inlier": 82, "refit": true}
{"timestamp": "17:21:57.163389", "frame": 69, "mu": [-1.2642251567936065, 0.9657491711151968, -0.17105869827033474], "Sigma": [[0.008308817598178876, 0.00467913731780225, -0.0002485362819708607], [0.00467913731780225, 0.017505358475540973, -0.007545771212415706], [-0.00024853628197086045, -0.007545771212415706, 0.01077022534895517]], "chi2_level": 0.997, "chi2_df": 3, "chi2_threshold": 13.931422665512084, "N_raw": 91, "N_roi": 91, "N_inlier": 89, "refit": true}
{"timestamp": "17:21:57.219192", "frame": 70, "mu": [-1.2873274879332215, 0.9978656810679835, 0.30711704038978643], "Sigma": [[0.009496651770822682, 0.00360193970678926, 0.039534960926093314], [0.0036019397067892605, 0.011003382863620435, 0.026376608668981415], [0.03953496092609332, 0.026376608668981415, 0.4724357721710165]], "chi2_level": 0.997, "chi2_df": 3, "chi2_threshold": 13.931422665512084, "N_raw": 94, "N_roi": 94, "N_inlier": 94, "refit": true}
{"timestamp": "17:21:57.274846", "frame": 71, "mu": [-1.3354849821829662, 0.9434337610169223, 1.60717419320988], "Sigma": [[0.009042483737257623, 0.003486980935521652, 0.00275309447287547], [0.003486980935521652, 0.011575472531970445, -0.005096631724190795], [0.0027530944728754695, -0.005096631724190796, 0.03582852078798933]], "chi2_level": 0.997, "chi2_df": 3, "chi2_threshold": 13.931422665512084, "N_raw": 101, "N_roi": 101, "N_inlier": 97, "refit": true}
{"timestamp": "17:21:57.326615", "frame": 72, "mu": [-1.3743769844566982, 0.9766160110218584, 1.6541342507503964], "Sigma": [[0.006979808757032256, 0.0026142603376961195, -0.002124786438926752], [0.0026142603376961195, 0.010810862666192973, -0.011290867356255542], [-0.002124786438926752, -0.011290867356255542, 0.014564126299142692]], "chi2_level": 0.997, "chi2_df": 3, "chi2_threshold": 13.931422665512084, "N_raw": 75, "N_roi": 75, "N_inlier": 73, "refit": true}
{"timestamp": "17:21:57.378271", "frame": 73, "mu": [-1.3928734298854386, 0.9399858301391485, 1.5096275095787763], "Sigma": [[0.006658089579120896, 0.00452587528697395, 0.01314803408580762], [0.00452587528697395, 0.012204025523648873, 0.0011639907805205737], [0.01314803408580762, 0.0011639907805205728, 0.10778164953834883]], "chi2_level": 0.997, "chi2_df": 3, "chi2_threshold": 13.931422665512084, "N_raw": 57, "N_roi": 57, "N_inlier": 57, "refit": true}
{"timestamp": "17:21:57.438339", "frame": 74, "mu": [-1.3988995712240664, 1.0911577206098282, -0.09209353150083321], "Sigma": [[0.010744620983679508, 0.006335515642140155, -0.003196836114113256], [0.006335515642140155, 0.018004575695779772, -0.013411644272939397], [-0.0031968361141132555, -0.013411644272939395, 0.011992741069662314]], "chi2_level": 0.997, "chi2_df": 3, "chi2_threshold": 13.931422665512084, "N_raw": 90, "N_roi": 90, "N_inlier": 87, "refit": true}
{"timestamp": "17:21:57.495454", "frame": 75, "mu": [-1.4000998955936934, 1.0783558450729256, 1.5819468844603002], "Sigma": [[0.009252253238821635, 0.007321272746724146, -0.0059150018953495614], [0.007321272746724146, 0.014935892107303277, -0.020666472947674524], [-0.0059150018953495614, -0.020666472947674524, 0.0581031375044288]], "chi2_level": 0.997, "chi2_df": 3, "chi2_threshold": 13.931422665512084, "N_raw": 103, "N_roi": 103, "N_inlier": 100, "refit": true}
{"timestamp": "17:21:57.547604", "frame": 76, "mu": [-1.4641540503092605, 1.0992289414192522, -0.09891533673498717], "Sigma": [[0.008812005704489511, 0.006027550423234884, 0.00410921740234756], [0.0060275504232348825, 0.02359654370583238, -0.0033065814073860167], [0.00410921740234756, -0.0033065814073860167, 0.036306473858717686]], "chi2_level": 0.997, "chi2_df": 3, "chi2_threshold": 13.931422665512084, "N_raw": 78, "N_roi": 78, "N_inlier": 75, "refit": true}
{"timestamp": "17:21:57.603251", "frame": 77, "mu": [-1.5040391283577859, 1.069457340687575, 0.0635549132477573], "Sigma": [[0.010640345280642406, 0.00738007221272716, -0.004607425957909628], [0.00738007221272716, 0.02090270100427051, -0.01188429550127374], [-0.004607425957909629, -0.01188429550127374, 0.0115896847770079]], "chi2_level": 0.997, "chi2_df": 3, "chi2_threshold": 13.931422665512084, "N_raw": 77, "N_roi": 77, "N_inlier": 73, "refit": true}
{"timestamp": "17:21:57.657247", "frame": 78, "mu": [-1.481520004775665, 1.1444914786793507, 1.7637033269773246], "Sigma": [[0.01210467452441326, 0.006970300290880593, -0.008924923084275884], [0.0069703002908805935, 0.013286314592121514, -0.013535832945152149], [-0.008924923084275886, -0.01353583294515215, 0.019059646862355763]], "chi2_level": 0.997, "chi2_df": 3, "chi2_threshold": 13.931422665512084, "N_raw": 85, "N_roi": 85, "N_inlier": 82, "refit": true}
{"timestamp": "17:21:57.714169", "frame": 79, "mu": [-1.4862722677174502, 1.2001463224440017, 0.4632800081328012], "Sigma": [[0.01558841595513615, 0.007374072940550818, 0.05956218922080364], [0.007374072940550818, 0.014694243973947219, 0.03624126939313291], [0.05956218922080364, 0.03624126939313291, 0.4825124272750557]], "chi2_level": 0.997, "chi2_df": 3, "chi2_threshold": 13.931422665512084, "N_raw": 99, "N_roi": 99, "N_inlier": 99, "refit": true}
{"timestamp": "17:21:57.765446", "frame": 80, "mu": [-1.5437296251569126, 1.1985223645431218, 1.804740927775268], "Sigma": [[0.012207117264311415, 0.008458802620612525, -0.009890411778803537], [0.008458802620612525, 0.0152989193132113, -0.013972976274331314], [-0.009890411778803536, -0.013972976274331314, 0.014763990537490754]], "chi2_level": 0.997, "chi2_df": 3, "chi2_threshold": 13.931422665512084, "N_raw": 75, "N_roi": 75, "N_inlier": 74, "refit": true}
{"timestamp": "17:21:57.822146", "frame": 81, "mu": [-1.5618071535012992, 1.276442571447786, -0.02272789930973443], "Sigma": [[0.014680606897673644, 0.011850039204067991, -0.007169135606344709], [0.01185003920406799, 0.02182471766645119, -0.017289286830688273], [-0.007169135606344708, -0.017289286830688273, 0.018487947679441445]], "chi2_level": 0.997, "chi2_df": 3, "chi2_threshold": 13.931422665512084, "N_raw": 82, "N_roi": 82, "N_inlier": 81, "refit": true}
{"timestamp": "17:21:57.881582", "frame": 82, "mu": [-1.5625506060384518, 1.2936980021192999, -0.3355304297513072], "Sigma": [[0.01545127774154117, 0.009654082649247848, -0.00626682545558429], [0.009654082649247848, 0.024088874303384012, -0.009323050486820571], [-0.00626682545558429, -0.009323050486820573, 0.021098431174652914]], "chi2_level": 0.997, "chi2_df": 3, "chi2_threshold": 13.931422665512084, "N_raw": 110, "N_roi": 110, "N_inlier": 109, "refit": true}
{"timestamp": "17:21:57.925851", "frame": 83, "mu": [-1.620915491786954, 1.2744692400070805, 1.5772952446817086], "Sigma": [[0.014456484758783953, 0.007801234952220946, -0.009933590502120166], [0.007801234952220946, 0.010025053624524953, -0.016222390941545352], [-0.009933590502120164, -0.016222390941545352, 0.037334176456597076]], "chi2_level": 0.997, "chi2_df": 3, "chi2_threshold": 13.931422665512084, "N_raw": 38, "N_roi": 38, "N_inlier": 38, "refit": true}
{"timestamp": "17:21:57.986801", "frame": 84, "mu": [-1.6450259943416832, 1.3607060752194797, 0.21897264934138957], "Sigma": [[0.01863091589376184, 0.012843537033955136, 0.044232634566819425], [0.012843537033955136, 0.019587957468548127, 0.04234599799910433], [0.044232634566819425, 0.04234599799910433, 0.3001791757223052]], "chi2_level": 0.997, "chi2_df": 3, "chi2_threshold": 13.931422665512084, "N_raw": 85, "N_roi": 85, "N_inlier": 85, "refit": true}
{"timestamp": "17:21:58.043089", "frame": 85, "mu": [-1.6388342728143492, 1.4187559034086221, 0.12115982079174112], "Sigma": [[0.018614383189256106, 0.01718780874698922, -0.011523164743165558], [0.017187808746989216, 0.027142219429828564, -0.013286419485776474], [-0.011523164743165558, -0.013286419485776475, 0.008373351780071791]], "chi2_level": 0.997, "chi2_df": 3, "chi2_threshold": 13.931422665512084, "N_raw": 87, "N_roi": 87, "N_inlier": 84, "refit": true}
{"timestamp": "17:21:58.099077", "frame": 86, "mu": [-1.6367225452521663, 1.4293085128333174, 1.7370846995874885], "Sigma": [[0.01960970962170721, 0.012819530914596425, -0.01775783049004063], [0.012819530914596425, 0.017290936291640108, -0.012276092256311278], [-0.017757830490040632, -0.012276092256311278, 0.017048989710990267]], "chi2_level": 0.997, "chi2_df": 3, "chi2_threshold": 13.931422665512084, "N_raw": 88, "N_roi": 86, "N_inlier": 82, "refit": true}
{"timestamp": "17:21:58.156162", "frame": 87, "mu": [-1.6515791952887797, 1.5037792448179637, 1.7182057031579978], "Sigma": [[0.022776630898430156, 0.014483706503522866, -0.016582687186474175], [0.014483706503522866, 0.01898521534477831, -0.022332304632966142], [-0.016582687186474175, -0.022332304632966142, 0.030842579389510773]], "chi2_level": 0.997, "chi2_df": 3, "chi2_threshold": 13.931422665512084, "N_raw": 112, "N_roi": 112, "N_inlier": 108, "refit": true}
{"timestamp": "17:21:58.212719", "frame": 88, "mu": [-1.6953621249183302, 1.5095448418831143, 1.763133392780742], "Sigma": [[0.0241954217496253, 0.02030548391654978, -0.027448865573566836], [0.02030548391654978, 0.029204439998270493, -0.03154658063208669], [-0.027448865573566836, -0.03154658063208669, 0.04819264743449496]], "chi2_level": 0.997, "chi2_df": 3, "chi2_threshold": 13.931422665512084, "N_raw": 115, "N_roi": 115, "N_inlier": 113, "refit": true}
