{"timestamp": "17:16:38.537141", "frame": 15, "mu": [-2.4435974451844276, 2.958319153695507, 1.3105106452136472], "Sigma": [[0.001500664439055641, 0.0006010455564689754, -0.0008408212836232863], [0.0006010455564689754, 0.002918386935356764, -0.0009213263555883726], [-0.0008408212836232863, -0.0009213263555883726, 0.0006983346529545821]], "chi2_level": 0.997, "chi2_df": 3, "chi2_threshold": 13.931422665512084, "N_raw": 64, "N_roi": 9, "N_inlier": 9, "refit": true}
{"timestamp": "17:16:38.593391", "frame": 16, "mu": [-2.38610595079938, 2.965054111948374, 1.3127774662245495], "Sigma": [[0.004837012895370405, 0.0014065195606053301, -0.0028296996664732878], [0.0014065195606053301, 0.006069727546613119, -0.0003156509232452426], [-0.0028296996664732873, -0.00031565092324524263, 0.0030353071468299836]], "chi2_level": 0.997, "chi2_df": 3, "chi2_threshold": 13.931422665512084, "N_raw": 68, "N_roi": 21, "N_inlier": 21, "refit": true}
{"timestamp": "17:16:38.652159", "frame": 17, "mu": [-2.3873675897411206, 2.9558271977039157, 1.3155728364372614], "Sigma": [[0.004643520110617183, 0.0014596397009503544, -0.0007477527077816402], [0.0014596397009503546, 0.005988365481208485, -0.0025308512923144784], [-0.0007477527077816402, -0.002530851292314479, 0.0012347974515496333]], "chi2_level": 0.997, "chi2_df": 3, "chi2_threshold": 13.931422665512084, "N_raw": 79, "N_roi": 21, "N_inlier": 20, "refit": true}
{"timestamp": "17:16:38.707160", "frame": 18, "mu": [-2.3588896465245908, 3.059654634163092, 1.4321550600656332], "Sigma": [[0.0070161281315972044, 0.004738222581849528, -0.0035665450692233015], [0.004738222581849528, 0.01647843424780864, -0.0017375508444828574], [-0.0035665450692233015, -0.0017375508444828574, 0.0029665202210465698]], "chi2_level": 0.997, "chi2_df": 3, "chi2_threshold": 13.931422665512084, "N_raw": 80, "N_roi": 37, "N_inlier": 37, "refit": true}
{"timestamp": "17:16:38.810645", "frame": 20, "mu": [-2.3146373843649077, 3.008642837653867, 1.3876260484416423], "Sigma": [[0.011728150047865909, 0.006228373923295389, -0.009154961695190852], [0.006228373923295389, 0.007821477842235865, -0.0061547463430835425], [-0.009154961695190852, -0.0061547463430835425, 0.008645472857818389]], "chi2_level": 0.997, "chi2_df": 3, "chi2_threshold": 13.931422665512084, "N_raw": 43, "N_roi": 31, "N_inlier": 30, "refit": true}
{"timestamp": "17:16:38.867570", "frame": 21, "mu": [-2.285318283964995, 3.075608839283274, 1.3713829882438797], "Sigma": [[0.014803471131278336, 0.009029980430703317, -0.009044506405243725], [0.009029980430703317, 0.01337015609597101, -0.0077328687680757475], [-0.009044506405243725, -0.0077328687680757475, 0.01482773505435451]], "chi2_level": 0.997, "chi2_df": 3, "chi2_threshold": 13.931422665512084, "N_raw": 53, "N_roi": 46, "N_inlier": 46, "refit": true}
{"timestamp": "17:16:38.924148", "frame": 22, "mu": [-2.256016228743136, 3.0927648897748568, 1.4403320865183709], "Sigma": [[0.020272030072041602, 0.012866222196657482, 0.0009319916308882], [0.012866222196657482, 0.014081305238498711, -0.003041948508240964], [0.0009319916308882, -0.0030419485082409646, 0.006720424727853119]], "chi2_level": 0.997, "chi2_df": 3, "chi2_threshold": 13.931422665512084, "N_raw": 57, "N_roi": 52, "N_inlier": 49, "refit": true}
{"timestamp": "17:16:38.977258", "frame": 23, "mu": [-2.262926492347893, 3.0705542343481906, 1.29437987040802], "Sigma": [[0.01684852207034412, 0.009249745230689235, -0.010760240592284418], [0.009249745230689235, 0.010579478480727844, -0.010647870577396808], [-0.010760240592284418, -0.010647870577396808, 0.01345369188184348]], "chi2_level": 0.997, "chi2_df": 3, "chi2_threshold": 13.931422665512084, "N_raw": 49, "N_roi": 47, "N_inlier": 47, "refit": true}
{"timestamp": "17:16:39.030909", "frame": 24, "mu": [-2.2197333799899575, 3.031850341160878, 1.4355413851548906], "Sigma": [[0.01436864209118553, 0.008883904512411, -0.006316777656232754], [0.008883904512411, 0.010770299403204517, -0.00466462883637811], [-0.006316777656232754, -0.00466462883637811, 0.006684286194357281]], "chi2_level": 0.997, "chi2_df": 3, "chi2_threshold": 13.931422665512084, "N_raw": 39, "N_roi": 39, "N_inlier": 38, "refit": true}
{"timestamp": "17:16:39.088076", "frame": 25, "mu": [-2.2361403788425243, 3.0286051729012704, 1.389467031853448], "Sigma": [[0.021138003137517115, 0.009413540418333238, -0.016595580497303287], [0.009413540418333238, 0.009483897655641014, -0.013274277569506896], [-0.016595580497303287, -0.013274277569506894, 0.024513985658153586]], "chi2_level": 0.997, "chi2_df": 3, "chi2_threshold": 13.931422665512084, "N_raw": 54, "N_roi": 54, "N_inlier": 54, "refit": true}
{"timestamp": "17:16:39.140781", "frame": 26, "mu": [-2.088083224873738, 3.1316400999565803, 1.263246319938749], "Sigma": [[0.018222528422306414, 0.00946131572904749, -0.0028029787797292853], [0.00946131572904749, 0.008535144103611893, -0.0058159545639978535], [-0.0028029787797292857, -0.005815954563997853, 0.008226833401290093]], "chi2_level": 0.997, "chi2_df": 3, "chi2_threshold": 13.931422665512084, "N_raw": 43, "N_roi": 43, "N_inlier": 43, "refit": true}
{"timestamp": "17:16:39.198772", "frame": 27, "mu": [-2.025995049186134, 3.13184772452159, 1.3307701019576328], "Sigma": [[0.020879184935661287, 0.009298273646046646, -0.0065409951577998175], [0.009298273646046646, 0.005830040647827178, -0.0071862626834506334], [-0.006540995157799819, -0.0071862626834506334, 0.017911648865427933]], "chi2_level": 0.997, "chi2_df": 3, "chi2_threshold": 13.931422665512084, "N_raw": 45, "N_roi": 42, "N_inlier": 41, "refit": true}
{"timestamp": "17:16:39.250980", "frame": 28, "mu": [-2.0551248062023655, 3.0604713384547284, 1.1265871581115636], "Sigma": [[0.015527364271798254, 0.009830759516308855, -0.00436239614149716], [0.009830759516308851, 0.01068048913034165, -0.003597469547925509], [-0.00436239614149716, -0.0035974695479255095, 0.00150965787161734]], "chi2_level": 0.997, "chi2_df": 3, "chi2_threshold": 13.931422665512084, "N_raw": 39, "N_roi": 39, "N_inlier": 36, "refit": true}
{"timestamp": "17:16:39.302237", "frame": 29, "mu": [-1.9105081234741004, 3.123022146029152, 1.1432570624287626], "Sigma": [[0.008733513361622059, 0.0033662240326010106, -0.0028806774547498466], [0.0033662240326010106, 0.0025267071158264227, -0.002855113132558927], [-0.002880677454749847, -0.002855113132558927, 0.005022495388513949]], "chi2_level": 0.997, "chi2_df": 3, "chi2_threshold": 13.931422665512084, "N_raw": 21, "N_roi": 21, "N_inlier": 20, "refit": true}
{"timestamp": "17:16:39.364692", "frame": 30, "mu": [-1.8188506194353127, 3.107412653616252, 1.3280776042257916], "Sigma": [[0.01829102351471154, 0.009168635656253001, 0.001450022620779666], [0.009168635656253001, 0.008465555253374023, -0.006365055388018856], [0.0014500226207796658, -0.006365055388018856, 0.03582842146599634]], "chi2_level": 0.997, "chi2_df": 3, "chi2_threshold": 13.931422665512084, "N_raw": 61, "N_roi": 59, "N_inlier": 59, "refit": true}
{"timestamp": "17:16:39.420544", "frame": 31, "mu": [-1.8176891087955385, 3.071388096349008, 1.1969270504428458], "Sigma": [[0.019904271479598737, 0.0061814061591533315, -0.01272274324437527], [0.0061814061591533315, 0.006992504327091319, -0.01296406192319712], [-0.012722743244375272, -0.01296406192319712, 0.027484977405483883]], "chi2_level": 0.997, "chi2_df": 3, "chi2_threshold": 13.931422665512084, "N_raw": 68, "N_roi": 66, "N_inlier": 66, "refit": true}
{"timestamp": "17:16:39.472789", "frame": 32, "mu": [-1.7388366287381067, 3.0928131695403334, 1.190934785123322], "Sigma": [[0.018121797831396055, 0.006211405802324261, -0.016351114271907823], [0.0062114058023242606, 0.005803628315780319, -0.011121405795526037], [-0.01635111427190782, -0.011121405795526035, 0.025613112018293444]], "chi2_level": 0.997, "chi2_df": 3, "chi2_threshold": 13.931422665512084, "N_raw": 53, "N_roi": 51, "N_inlier": 50, "refit": true}
{"timestamp": "17:16:39.530874", "frame": 33, "mu": [-1.684767262969517, 3.1016700537612896, 1.3157300998811805], "Sigma": [[0.016803997209694093, 0.008876685225921686, -0.010813126757510179], [0.008876685225921685, 0.011836423084914045, -0.01139759981721913], [-0.010813126757510179, -0.011397599817219132, 0.016135612308374993]], "chi2_level": 0.997, "chi2_df": 3, "chi2_threshold": 13.931422665512084, "N_raw": 69, "N_roi": 64, "N_inlier": 62, "refit": true}
{"timestamp": "17:16:39.584629", "frame": 34, "mu": [-1.6291686067234024, 3.108088928960634, 1.5168117351702206], "Sigma": [[0.017950109107167794, 0.008621800868752123, -0.007271656636456823], [0.008621800868752123, 0.0128022677346877, -0.004384619545069101], [-0.007271656636456823, -0.004384619545069101, 0.008054060852290325]], "chi2_level": 0.997, "chi2_df": 3, "chi2_threshold": 13.931422665512084, "N_raw": 63, "N_roi": 63, "N_inlier": 63, "refit": true}
{"timestamp": "17:16:39.639960", "frame": 35, "mu": [-1.5983161967391923, 3.0306558724461685, 1.2260878749503512], "Sigma": [[0.015805865611227245, 0.0022822346039453314, -0.011733590959766206], [0.0022822346039453314, 0.003444004365481708, -0.009540634802986534], [-0.011733590959766204, -0.009540634802986534, 0.03691801588835965]], "chi2_level": 0.997, "chi2_df": 3, "chi2_threshold": 13.931422665512084, "N_raw": 63, "N_roi": 61, "N_inlier": 58, "refit": true}
{"timestamp": "17:16:39.687549", "frame": 36, "mu": [-1.3254509703829938, 2.869468709880593, 0.9476052423680794], "Sigma": [[0.18704213287978855, -0.361482547048858, 0.13206441688948395], [-0.361482547048858, 0.7023198881244985, -0.26173477271893647], [0.13206441688948392, -0.26173477271893647, 0.24500042984106832]], "chi2_level": 0.997, "chi2_df": 3, "chi2_threshold": 13.931422665512084, "N_raw": 8, "N_roi": 8, "N_inlier": 8, "refit": true}
{"timestamp": "17:16:39.746869", "frame": 37, "mu": [-1.4105136854236722, 3.0632425532749123, 1.2723358989496087], "Sigma": [[0.011792055044717269, 0.002100043236463042, -0.013786366376747811], [0.002100043236463041, 0.005735722159973883, -0.005785543999257181], [-0.013786366376747811, -0.00578554399925718, 0.02266026935671429]], "chi2_level": 0.997, "chi2_df": 3, "chi2_threshold": 13.931422665512084, "N_raw": 49, "N_roi": 45, "N_inlier": 43, "refit": true}
{"timestamp": "17:16:39.796590", "frame": 38, "mu": [-1.2702160486054797, 3.2214988934017663, 0.6712971190958672], "Sigma": [[0.02248253952062157, -0.003987891922438511, -0.043097064486101205], [-0.003987891922438511, 0.008003773142810252, -0.031007543700631513], [-0.043097064486101205, -0.031007543700631513, 0.3339972669372135]], "chi2_level": 0.997, "chi2_df": 3, "chi2_threshold": 13.931422665512084, "N_raw": 10, "N_roi": 10, "N_inlier": 10, "refit": true}
{"timestamp": "17:16:39.854111", "frame": 39, "mu": [-1.3030630001645085, 3.447406220091939, -0.3140403570472593], "Sigma": [[0.014949015816401444, 0.024383808248176916, -0.05702774317616063], [0.024383808248176916, 0.05124265629980744, -0.11653700275573312], [-0.05702774317616062, -0.11653700275573312, 0.3226161084494997]], "chi2_level": 0.997, "chi2_df": 3, "chi2_threshold": 13.931422665512084, "N_raw": 20, "N_roi": 19, "N_inlier": 19, "refit": true}
{"timestamp": "17:16:39.912783", "frame": 40, "mu": [-1.3177157997274123, 3.057476401053501, 1.2593263887705277], "Sigma": [[0.0165414606975868, 0.004555879999197194, -0.0017075643326419595], [0.004555879999197194, 0.009456735826283272, -0.01631486142516153], [-0.0017075643326419595, -0.01631486142516153, 0.08098842998119192]], "chi2_level": 0.997, "chi2_df": 3, "chi2_threshold": 13.931422665512084, "N_raw": 50, "N_roi": 49, "N_inlier": 48, "refit": true}
{"timestamp": "17:16:39.969862", "frame": 41, "mu": [-1.1486892712950139, 3.1366534137279074, 1.103637454400104], "Sigma": [[0.025518197850427936, -0.001210987491756582, 0.004091262372289986], [-0.001210987491756582, 0.00541278819799918, -0.011375670144249549], [0.004091262372289985, -0.011375670144249547, 0.05257110152777102]], "chi2_level": 0.997, "chi2_df": 3, "chi2_threshold": 13.931422665512084, "N_raw": 55, "N_roi": 53, "N_inlier": 51, "refit": true}
{"timestamp": "17:16:40.023872", "frame": 42, "mu": [-1.1701505706526154, 3.145143438757079, 1.3928429779292228], "Sigma": [[0.0197342349738114, 0.012049742612926842, -0.006025677010505212], [0.012049742612926843, 0.016082039214384763, -0.0009083007972612916], [-0.006025677010505212, -0.0009083007972612916, 0.004519061592205864]], "chi2_level": 0.997, "chi2_df": 3, "chi2_threshold": 13.931422665512084, "N_raw": 63, "N_roi": 63, "N_inlier": 62, "refit": true}
{"timestamp": "17:16:40.077090", "frame": 43, "mu": [-1.1841086817314181, 3.0832418862184086, 1.2502912985306918], "Sigma": [[0.014934061940500579, 0.0010213242942139088, -0.012059743956238107], [0.0010213242942139083, 0.00484450695217716, -0.020972398793191092], [-0.01205974395623811, -0.020972398793191092, 0.13440728160735657]], "chi2_level": 0.997, "chi2_df": 3, "chi2_threshold": 13.931422665512084, "N_raw": 47, "N_roi": 45, "N_inlier": 45, "refit": true}
{"timestamp": "17:16:40.131648", "frame": 44, "mu": [-0.9984418398768176, 3.209066386989917, 1.1753601062771142], "Sigma": [[0.01401776585169145, -0.001800496410862885, -0.016821482652195643], [-0.001800496410862885, 0.0021894876661655116, 0.003179215046165216], [-0.016821482652195643, 0.0031792150461652157, 0.09760952447179992]], "chi2_level": 0.997, "chi2_df": 3, "chi2_threshold": 13.931422665512084, "N_raw": 43, "N_roi": 42, "N_inlier": 39, "refit": true}
{"timestamp": "17:16:40.188592", "frame": 45, "mu": [-1.015221031624283, 3.2091863973265706, 1.3033156552327554], "Sigma": [[0.01767500905675974, -0.00030143790659855745, -0.0246176144842271], [-0.0003014379065985572, 0.007035809397238865, 0.0029068368496279464], [-0.024617614484227095, 0.002906836849627947, 0.04619034490812355]], "chi2_level": 0.997, "chi2_df": 3, "chi2_threshold": 13.931422665512084, "N_raw": 57, "N_roi": 57, "N_inlier": 57, "refit": true}
{"timestamp": "17:16:40.239774", "frame": 46, "mu": [-0.9354782526677607, 3.24129164021596, 1.3244390903141758], "Sigma": [[0.01235922708773154, 0.003076490204397624, 0.0009217260801639303], [0.003076490204397624, 0.0012044144034209952, -0.00044558224041879645], [0.0009217260801639303, -0.00044558224041879634, 0.024637013196306578]], "chi2_level": 0.997, "chi2_df": 3, "chi2_threshold": 13.931422665512084, "N_raw": 29, "N_roi": 26, "N_inlier": 26, "refit": true}
{"timestamp": "17:16:40.302313", "frame": 47, "mu": [-1.0127770595622398, 3.1461343340814114, 1.1883181498686204], "Sigma": [[0.01922950100534621, 0.006937306384979675, -0.007256964455566927], [0.006937306384979675, 0.007774851394195034, -0.008265124754685169], [-0.007256964455566927, -0.008265124754685169, 0.014593975202886187]], "chi2_level": 0.997, "chi2_df": 3, "chi2_threshold": 13.931422665512084, "N_raw": 76, "N_roi": 74, "N_inlier": 72, "refit": true}
{"timestamp": "17:16:40.355895", "frame": 48, "mu": [-0.9361619413667129, 3.1984591557629485, 1.3290676988443266], "Sigma": [[0.01611869464123818, 0.00705354005810572, -0.002394598934147751], [0.00705354005810572, 0.011516346481368534, 0.001174141097231502], [-0.00239459893414775, 0.001174141097231502, 0.03260337847247696]], "chi2_level": 0.997, "chi2_df": 3, "chi2_threshold": 13.931422665512084, "N_raw": 70, "N_roi": 70, "N_inlier": 66, "refit": true}
{"timestamp": "17:16:40.410333", "frame": 49, "mu": [-0.9647058470137453, 3.0841060462367382, 0.9630722980497958], "Sigma": [[0.018601556652877754, 0.009929002647189225, 0.008885111609175551], [0.009929002647189223, 0.010485160620183903, 0.0008148985094463166], [0.008885111609175551, 0.0008148985094463168, 0.012772678271218295]], "chi2_level": 0.997, "chi2_df": 3, "chi2_threshold": 13.931422665512084, "N_raw": 68, "N_roi": 68, "N_inlier": 68, "refit": true}
{"timestamp": "17:16:40.466590", "frame": 50, "mu": [-0.8668873021328662, 3.126164051213372, 1.1613778417282383], "Sigma": [[0.017008743011271577, 0.005813472780332301, 0.006452658427434835], [0.005813472780332301, 0.005237966819695476, -0.006566204474364354], [0.006452658427434836, -0.006566204474364354, 0.04992357816788433]], "chi2_level": 0.997, "chi2_df": 3, "chi2_threshold": 13.931422665512084, "N_raw": 78, "N_roi": 75, "N_inlier": 70, "refit": true}
{"timestamp": "17:16:40.517615", "frame": 51, "mu": [-0.8503706769559289, 3.0678610985297223, 1.145118548021429], "Sigma": [[0.015415349632446883, 0.0038415388596441625, -0.005424110264562144], [0.0038415388596441625, 0.0028191400903323114, -0.006963839796270894], [-0.005424110264562144, -0.006963839796270894, 0.053314302326632354]], "chi2_level": 0.997, "chi2_df": 3, "chi2_threshold": 13.931422665512084, "N_raw": 49, "N_roi": 47, "N_inlier": 45, "refit": true}
{"timestamp": "17:16:40.574540", "frame": 52, "mu": [-0.7518867695616818, 3.1091193798496617, 1.0544295023073527], "Sigma": [[0.018967992825983764, 0.009179220308245422, 0.0001151516282495461], [0.009179220308245422, 0.0074059507379327, -0.005407436666134993], [0.00011515162824954545, -0.0054074366661349925, 0.027672273832300136]], "chi2_level": 0.997, "chi2_df": 3, "chi2_threshold": 13.931422665512084, "N_raw": 68, "N_roi": 68, "N_inlier": 64, "refit": true}
{"timestamp": "17:16:40.629524", "frame": 53, "mu": [-0.6940318238584052, 3.137011486789485, 1.1952863552178743], "Sigma": [[0.014745265601107648, 0.000514169262995415, -0.009127157218503133], [0.0005141692629954149, 0.004373782464471452, -0.00991924853925622], [-0.009127157218503133, -0.00991924853925622, 0.06782812270455936]], "chi2_level": 0.997, "chi2_df": 3, "chi2_threshold": 13.931422665512084, "N_raw": 65, "N_roi": 64, "N_inlier": 61, "refit": true}
{"timestamp": "17:16:40.686034", "frame": 54, "mu": [-0.6263893415070091, 3.1089020649979258, 1.1536623012862468], "Sigma": [[0.018824546694190196, 0.0011722315864446692, -0.009063793817841483], [0.0011722315864446694, 0.004847003997660422, -0.0065692547868280195], [-0.009063793817841483, -0.0065692547868280195, 0.015205809862365067]], "chi2_level": 0.997, "chi2_df": 3, "chi2_threshold": 13.931422665512084, "N_raw": 72, "N_roi": 72, "N_inlier": 70, "refit": true}
{"timestamp": "17:16:40.735228", "frame": 55, "mu": [-0.5856038521677683, 3.0544938268006767, 1.2960709694846189], "Sigma": [[0.012007188623604982, 0.00023563431473618067, -0.006249767165703813], [0.0002356343147361805, 0.0010359060171159131, -0.0013238674897300753], [-0.006249767165703813, -0.0013238674897300753, 0.006593406028412424]], "chi2_level": 0.997, "chi2_df": 3, "chi2_threshold": 13.931422665512084, "N_raw": 29, "N_roi": 26, "N_inlier": 25, "refit": true}
{"timestamp": "17:16:40.796622", "frame": 56, "mu": [-0.5557050585733211, 3.096788104815046, 1.4011309696229235], "Sigma": [[0.018861832217117798, 0.0009150282172847366, -0.012081955560818421], [0.0009150282172847364, 0.009187561774069378, -0.002377615508092947], [-0.012081955560818423, -0.002377615508092947, 0.008968703378515495]], "chi2_level": 0.997, "chi2_df": 3, "chi2_threshold": 13.931422665512084, "N_raw": 79, "N_roi": 78, "N_inlier": 77, "refit": true}
{"timestamp": "17:16:40.846624", "frame": 57, "mu": [-0.4852721044135786, 3.093450608116085, 1.3591283200889752], "Sigma": [[0.012078408168696339, 0.001141200623946923, -0.008161028778707995], [0.0011412006239469228, 0.003330109794613392, -0.005187959064804515], [-0.008161028778707993, -0.005187959064804515, 0.015111297223081523]], "chi2_level": 0.997, "chi2_df": 3, "chi2_threshold": 13.931422665512084, "N_raw": 44, "N_roi": 44, "N_inlier": 44, "refit": true}
{"timestamp": "17:16:40.902164", "frame": 58, "mu": [-0.5302714505951187, 3.60420153594129, -0.7076872501141982], "Sigma": [[0.01303756267781849, -0.0042947614161879906, 0.004466105931890868], [-0.0042947614161879906, 0.04998956674132932, -0.10245234907694632], [0.004466105931890868, -0.10245234907694632, 0.22500758540337798]], "chi2_level": 0.997, "chi2_df": 3, "chi2_threshold": 13.931422665512084, "N_raw": 45, "N_roi": 45, "N_inlier": 44, "refit": true}
{"timestamp": "17:16:40.957941", "frame": 59, "mu": [-0.4133716671241413, 3.22306841067253, 0.4255367532519885], "Sigma": [[0.019120512010353335, -0.005190923524363313, 0.02314704133956621], [-0.005190923524363313, 0.008568911440007815, -0.04466205389662476], [0.02314704133956621, -0.04466205389662476, 0.27896326697383794]], "chi2_level": 0.997, "chi2_df": 3, "chi2_threshold": 13.931422665512084, "N_raw": 51, "N_roi": 49, "N_inlier": 49, "refit": true}
{"timestamp": "17:16:41.014320", "frame": 60, "mu": [-0.33155788992414403, 3.0811328975078975, 1.293908482377514], "Sigma": [[0.015651403384944754, 0.0010057394949074773, -0.007062964777665542], [0.0010057394949074773, 0.0036468235936076747, -0.011241193207880104], [-0.007062964777665542, -0.011241193207880106, 0.04536802089453737]], "chi2_level": 0.997, "chi2_df": 3, "chi2_threshold": 13.931422665512084, "N_raw": 54, "N_roi": 51, "N_inlier": 48, "refit": true}
{"timestamp": "17:16:41.071119", "frame": 61, "mu": [-0.3667212964269736, 3.163845180568808, 0.6575419547941656], "Sigma": [[0.013710157901595042, -0.0003421110947003955, 0.011288179464607747], [-0.0003421110947003954, 0.0037986686145597306, -0.011970782867562023], [0.011288179464607745, -0.011970782867562021, 0.3320187301908038]], "chi2_level": 0.997, "chi2_df": 3, "chi2_threshold": 13.931422665512084, "N_raw": 69, "N_roi": 69, "N_inlier": 69, "refit": true}
{"timestamp": "17:16:41.129086", "frame": 62, "mu": [-0.302366971314649, 3.14974111313385, 1.1808952287146042], "Sigma": [[0.01706351835444318, -0.001198566851359194, -0.0038223783335471734], [-0.0011985668513591942, 0.0061205337184457, -0.010231020993273405], [-0.003822378333547174, -0.010231020993273405, 0.2759681667334733]], "chi2_level": 0.997, "chi2_df": 3, "chi2_threshold": 13.931422665512084, "N_raw": 82, "N_roi": 80, "N_inlier": 79, "refit": true}
{"timestamp": "17:16:41.182014", "frame": 63, "mu": [-0.24294009729715504, 3.1671347093894746, 1.4934963313731577], "Sigma": [[0.017709595906245497, 0.0005418243403603935, -0.010523186287287926], [0.0005418243403603935, 0.006353114561089589, -0.004496012868549911], [-0.010523186287287926, -0.004496012868549911, 0.011968427626721222]], "chi2_level": 0.997, "chi2_df": 3, "chi2_threshold": 13.931422665512084, "N_raw": 72, "N_roi": 72, "N_inlier": 67, "refit": true}
{"timestamp": "17:16:41.232102", "frame": 64, "mu": [-0.2065974564170221, 3.1428690843092526, 1.319544300742546], "Sigma": [[0.012871845745799389, -0.0014150433955682276, 0.002875498194512412], [-0.0014150433955682274, 0.007979373129032132, -0.03030632767296254], [0.0028754981945124116, -0.03030632767296254, 0.17273007898641363]], "chi2_level": 0.997, "chi2_df": 3, "chi2_threshold": 13.931422665512084, "N_raw": 43, "N_roi": 43, "N_inlier": 42, "refit": true}
{"timestamp": "17:16:41.288602", "frame": 65, "mu": [-0.16668766337405336, 3.12561742580522, 1.469893030122758], "Sigma": [[0.015373349808764468, 0.0006786336658488958, -0.008025480531164014], [0.0006786336658488955, 0.00388315342568341, -0.0016310837479624443], [-0.008025480531164014, -0.001631083747962445, 0.006110858527575483]], "chi2_level": 0.997, "chi2_df": 3, "chi2_threshold": 13.931422665512084, "N_raw": 50, "N_roi": 50, "N_inlier": 46, "refit": true}
{"timestamp": "17:16:41.340652", "frame": 66, "mu": [-0.15032457189549203, 3.182982463700094, 1.435283634780538], "Sigma": [[0.009772039209459418, -0.00022101320311406923, 0.010066893918409493], [-0.00022101320311406901, 0.003227231814378805, -0.006030322874061781], [0.010066893918409493, -0.006030322874061781, 0.1643810603020788]], "chi2_level": 0.997, "chi2_df": 3, "chi2_threshold": 13.931422665512084, "N_raw": 31, "N_roi": 31, "N_inlier": 31, "refit": true}
{"timestamp": "17:16:41.399366", "frame": 67, "mu": [-0.080562136135015, 3.1931008610005254, 1.3820105937584888], "Sigma": [[0.014919597292744924, -0.001844105635663774, -0.01467029724029703], [-0.0018441056356637738, 0.0030749520115820033, -0.0037311050430177085], [-0.014670297240297031, -0.0037311050430177085, 0.028393736639065404]], "chi2_level": 0.997, "chi2_df": 3, "chi2_threshold": 13.931422665512084, "N_raw": 59, "N_roi": 59, "N_inlier": 54, "refit": true}
{"timestamp": "17:16:41.454998", "frame": 68, "mu": [0.026936654153597132, 3.149184917018192, 0.9351786078374722], "Sigma": [[0.016713184922748137, -0.003697533732178944, -0.004861867711575881], [-0.003697533732178944, 0.0060262382105596935, -0.003845313205470838], [-0.004861867711575881, -0.0038453132054708386, 0.02642534135925651]], "chi2_level": 0.997, "chi2_df": 3, "chi2_threshold": 13.931422665512084, "N_raw": 62, "N_roi": 62, "N_inlier": 59, "refit": true}
{"timestamp": "17:16:41.505989", "frame": 69, "mu": [-0.0007799018661144302, 3.1832854944431666, 1.282116951627475], "Sigma": [[0.009608702450143574, -0.0009083077791178277, -0.004761291315344058], [-0.0009083077791178279, 0.0027976467017102047, -0.002969457939252027], [-0.004761291315344058, -0.002969457939252027, 0.009042715294422009]], "chi2_level": 0.997, "chi2_df": 3, "chi2_threshold": 13.931422665512084, "N_raw": 39, "N_roi": 39, "N_inlier": 37, "refit": true}
{"timestamp": "17:16:41.566837", "frame": 70, "mu": [0.03786527196388782, 3.215473038213094, 0.905379237894038], "Sigma": [[0.014425095756711656, 0.0015479011444235425, -0.02298692108113912], [0.0015479011444235425, 0.0065226116362567, -0.03341358774515844], [-0.022986921081139117, -0.03341358774515844, 0.2594080938687362]], "chi2_level": 0.997, "chi2_df": 3, "chi2_threshold": 13.931422665512084, "N_raw": 71, "N_roi": 67, "N_inlier": 67, "refit": true}
{"timestamp": "17:16:41.616425", "frame": 71, "mu": [0.030206091408454393, 3.1264093776996122, 1.0864559303259906], "Sigma": [[0.015147593045113839, 0.002768835749815641, -0.010800872425959014], [0.0027688357498156404, 0.0045626562794439515, -0.009196587585714459], [-0.010800872425959014, -0.009196587585714459, 0.03487828856684636]], "chi2_level": 0.997, "chi2_df": 3, "chi2_threshold": 13.931422665512084, "N_raw": 40, "N_roi": 39, "N_inlier": 38, "refit": true}
{"timestamp": "17:16:41.673076", "frame": 72, "mu": [0.10321101665682966, 3.1417002810278896, 1.2601669731759926], "Sigma": [[0.018357188923258785, -3.256834016393832e-05, -0.011469444785539872], [-3.256834016393836e-05, 0.0034587279207334777, -0.0032726884243174715], [-0.011469444785539872, -0.0032726884243174715, 0.024205041149893136]], "chi2_level": 0.997, "chi2_df": 3, "chi2_threshold": 13.931422665512084, "N_raw": 53, "N_roi": 48, "N_inlier": 46, "refit": true}
{"timestamp": "17:16:41.733892", "frame": 73, "mu": [0.12351035023688656, 3.1905972019671194, 1.302141220895452], "Sigma": [[0.014429866450390972, 0.004378438681687045, 0.015250702297291124], [0.0043784386816870455, 0.009491919054886123, 0.010837819249961184], [0.015250702297291124, 0.010837819249961184, 0.024342336950688437]], "chi2_level": 0.997, "chi2_df": 3, "chi2_threshold": 13.931422665512084, "N_raw": 62, "N_roi": 56, "N_inlier": 54, "refit": true}
{"timestamp": "17:16:41.785045", "frame": 74, "mu": [0.17874821837270088, 3.200248538904529, 1.0752381007800302], "Sigma": [[0.014366005391492102, 0.0018592996729951549, -0.018582154865954405], [0.001859299672995155, 0.007463692335927499, -0.014121659773262267], [-0.018582154865954405, -0.01412165977326227, 0.1140641649754083]], "chi2_level": 0.997, "chi2_df": 3, "chi2_threshold": 13.931422665512084, "N_raw": 63, "N_roi": 61, "N_inlier": 61, "refit": true}
{"timestamp": "17:16:41.835218", "frame": 75, "mu": [0.3168660433143259, 3.2391303823369855, 0.9424886779911213], "Sigma": [[0.01525019919785529, -0.005862836746158931, 0.027201604428187236], [-0.005862836746158931, 0.011449778102188848, -0.03299343873908114], [0.02720160442818724, -0.03299343873908114, 0.13340000532248056]], "chi2_level": 0.997, "chi2_df": 3, "chi2_threshold": 13.931422665512084, "N_raw": 29, "N_roi": 24, "N_inlier": 24, "refit": true}
{"timestamp": "17:16:41.890723", "frame": 76, "mu": [0.30343098972252275, 3.1602920119237656, 1.2666438551270518], "Sigma": [[0.009336283987372117, -0.0021093482829172257, 0.0005496906310964202], [-0.0021093482829172257, 0.007576279206255238, -0.015741529419656758], [0.0005496906310964195, -0.015741529419656758, 0.03827358729101381]], "chi2_level": 0.997, "chi2_df": 3, "chi2_threshold": 13.931422665512084, "N_raw": 35, "N_roi": 35, "N_inlier": 34, "refit": true}
{"timestamp": "17:16:41.945484", "frame": 77, "mu": [0.4418426260739627, 3.117072361637978, 1.0402892492166518], "Sigma": [[0.012903160562310766, -0.009032386525130566, 0.0026721156760759475], [-0.009032386525130566, 0.015999356768839897, -0.008821898228801674], [0.002672115676075948, -0.008821898228801674, 0.012923862538442596]], "chi2_level": 0.997, "chi2_df": 3, "chi2_threshold": 13.931422665512084, "N_raw": 29, "N_roi": 29, "N_inlier": 28, "refit": true}
{"timestamp": "17:16:41.997336", "frame": 78, "mu": [0.40088820112564244, 2.9816193543203457, 1.163463771783911], "Sigma": [[0.00697209348755211, 0.06507368826770911, -0.01746444008625002], [0.06507368826770911, 0.7140028099846062, -0.19475848477508584], [-0.01746444008625002, -0.19475848477508587, 0.18419868498546918]], "chi2_level": 0.997, "chi2_df": 3, "chi2_threshold": 13.931422665512084, "N_raw": 9, "N_roi": 9, "N_inlier": 9, "refit": true}
{"timestamp": "17:16:42.055659", "frame": 79, "mu": [0.4389662784694939, 3.15261258474779, 1.530073627823906], "Sigma": [[0.012610561472388678, -0.0031103882438489492, -0.008266632156104238], [-0.0031103882438489492, 0.004351991814174557, 0.003461234675688839], [-0.008266632156104237, 0.003461234675688839, 0.010317986891742853]], "chi2_level": 0.997, "chi2_df": 3, "chi2_threshold": 13.931422665512084, "N_raw": 41, "N_roi": 41, "N_inlier": 39, "refit": true}
{"timestamp": "17:16:42.116644", "frame": 80, "mu": [0.49618383670683786, 3.220429971234992, 0.9889982673826936], "Sigma": [[0.011442889323214021, -0.004064276257686314, 0.016686974520595265], [-0.004064276257686314, 0.007787108747941979, -0.04331631976696047], [0.01668697452059527, -0.04331631976696049, 0.3986168101151198]], "chi2_level": 0.997, "chi2_df": 3, "chi2_threshold": 13.931422665512084, "N_raw": 72, "N_roi": 72, "N_inlier": 72, "refit": true}
{"timestamp": "17:16:42.263053", "frame": 81, "mu": [0.5918583195590703, 3.1517938250963837, 1.016854918272943], "Sigma": [[0.008520160570372597, 9.590322701276757e-05, -0.01113240769548365], [9.590322701276757e-05, 0.00548048351755083, -0.03704186371412867], [-0.011132407695483647, -0.03704186371412867, 0.4144321850681186]], "chi2_level": 0.997, "chi2_df": 3, "chi2_threshold": 13.931422665512084, "N_raw": 49, "N_roi": 49, "N_inlier": 48, "refit": true}
{"timestamp": "17:16:42.292070", "frame": 82, "mu": [0.5597154737588844, 3.191796030170518, 1.3290963016686186], "Sigma": [[0.004542395424503908, -8.7527525141131e-05, -0.0061150694492620415], [-8.7527525141131e-05, 0.005311636500028937, -0.030870718820761162], [-0.0061150694492620415, -0.030870718820761162, 0.24270179370598913]], "chi2_level": 0.997, "chi2_df": 3, "chi2_threshold": 13.931422665512084, "N_raw": 23, "N_roi": 21, "N_inlier": 21, "refit": true}
{"timestamp": "17:16:42.321978", "frame": 83, "mu": [0.6149706658426842, 3.1993169337973084, 1.1703929085361406], "Sigma": [[0.007746650486195707, -0.0011632110509051511, 0.0011605982093643294], [-0.0011632110509051513, 0.0033589174739635996, -0.013552590294700961], [0.0011605982093643315, -0.013552590294700963, 0.21730099464608776]], "chi2_level": 0.997, "chi2_df": 3, "chi2_threshold": 13.931422665512084, "N_raw": 28, "N_roi": 28, "N_inlier": 28, "refit": true}
{"timestamp": "17:16:42.353183", "frame": 84, "mu": [0.6476264574550944, 3.2379249514564283, 1.47633840717394], "Sigma": [[0.00894070395183027, -0.0017185066596668546, -0.004047093078660786], [-0.0017185066596668546, 0.007258371676545185, -0.0028824209155411443], [-0.004047093078660786, -0.0028824209155411443, 0.005130901086647719]], "chi2_level": 0.997, "chi2_df": 3, "chi2_threshold": 13.931422665512084, "N_raw": 54, "N_roi": 52, "N_inlier": 50, "refit": true}
{"timestamp": "17:16:42.384366", "frame": 85, "mu": [0.714884476000845, 3.208730472277391, 1.3127045962354347], "Sigma": [[0.006049842318150944, -0.0013962495915663686, 0.007868855935724658], [-0.0013962495915663684, 0.0029218744392136313, -0.01242896927176313], [0.007868855935724658, -0.01242896927176313, 0.16410768493078226]], "chi2_level": 0.997, "chi2_df": 3, "chi2_threshold": 13.931422665512084, "N_raw": 23, "N_roi": 23, "N_inlier": 22, "refit": true}
{"timestamp": "17:16:42.437370", "frame": 86, "mu": [0.6883370496886212, 3.249243342188811, 1.1904950539858357], "Sigma": [[0.00524505538709807, -0.0006411122022479847, 0.028341931113986144], [-0.0006411122022479845, 0.004961634085461629, -0.012725612069589236], [0.02834193111398614, -0.012725612069589236, 0.21913170094052634]], "chi2_level": 0.997, "chi2_df": 3, "chi2_threshold": 13.931422665512084, "N_raw": 14, "N_roi": 9, "N_inlier": 9, "refit": true}
{"timestamp": "17:16:42.492505", "frame": 87, "mu": [0.7640441654536867, 3.272333532900713, 0.9580077058566536], "Sigma": [[0.0016180155169620192, -0.0007316186165746994, 0.0066800833458214234], [-0.0007316186165746994, 0.0025664791274316043, -0.0009603950749238485], [0.006680083345821425, -0.000960395074923849, 0.2578413040045564]], "chi2_level": 0.997, "chi2_df": 3, "chi2_threshold": 13.931422665512084, "N_raw": 17, "N_roi": 14, "N_inlier": 14, "refit": true}
{"timestamp": "17:16:42.551691", "frame": 88, "mu": [0.8704446303412781, 3.29495515381301, 1.0066340694892681], "Sigma": [[0.00961246524738672, -0.0028589702375246707, -0.0003407890431817923], [-0.0028589702375246707, 0.0041714060262160796, -0.007063737601025964], [-0.00034078904318179297, -0.007063737601025965, 0.1041218026447669]], "chi2_level": 0.997, "chi2_df": 3, "chi2_threshold": 13.931422665512084, "N_raw": 41, "N_roi": 39, "N_inlier": 38, "refit": true}
{"timestamp": "17:16:42.604912", "frame": 89, "mu": [0.9086334614259864, 3.259747738548495, 0.7851302621823434], "Sigma": [[0.005940609037304852, -0.0014368646191145347, -0.0020850451589346005], [-0.0014368646191145347, 0.003014771210805448, -0.012671744895564632], [-0.002085045158934601, -0.012671744895564635, 0.11403769059932817]], "chi2_level": 0.997, "chi2_df": 3, "chi2_threshold": 13.931422665512084, "N_raw": 26, "N_roi": 19, "N_inlier": 19, "refit": true}
{"timestamp": "17:16:42.660819", "frame": 90, "mu": [0.9306949740210014, 3.2794440485017122, 1.3658374312042998], "Sigma": [[0.009433706630171956, -0.003554168391301518, -0.008866892995240988], [-0.003554168391301518, 0.004237752909731408, 0.00013759347049098036], [-0.008866892995240988, 0.00013759347049098036, 0.015256567868539078]], "chi2_level": 0.997, "chi2_df": 3, "chi2_threshold": 13.931422665512084, "N_raw": 38, "N_roi": 34, "N_inlier": 33, "refit": true}
{"timestamp": "17:16:42.715180", "frame": 91, "mu": [0.9923163688375012, 3.2600541528232863, 1.1427239704499292], "Sigma": [[0.013296725664320047, -0.005614820464086282, -0.011851505024022789], [-0.005614820464086281, 0.003744673498712215, 0.0016351154738854803], [-0.011851505024022789, 0.0016351154738854803, 0.0222145381172682]], "chi2_level": 0.997, "chi2_df": 3, "chi2_threshold": 13.931422665512084, "N_raw": 34, "N_roi": 33, "N_inlier": 32, "refit": true}
{"timestamp": "17:16:42.768793", "frame": 92, "mu": [1.0416394291341613, 3.214811655336648, 1.0825669650309593], "Sigma": [[0.009898742901125504, -0.0037938900125251097, -0.00789517253887619], [-0.0037938900125251097, 0.0016435680399678604, 0.002054889231538303], [-0.007895172538876193, 0.002054889231538303, 0.020315106740933772]], "chi2_level": 0.997, "chi2_df": 3, "chi2_threshold": 13.931422665512084, "N_raw": 23, "N_roi": 21, "N_inlier": 20, "refit": true}
{"timestamp": "17:16:42.876806", "frame": 94, "mu": [1.0970902462534806, 3.227396001870529, 0.9348801328425509], "Sigma": [[0.007508455526680976, 0.004021650715741901, -0.03956951060554155], [0.004021650715741901, 0.0041119160323053764, -0.027960252292481086], [-0.03956951060554155, -0.027960252292481086, 0.2515773410080245]], "chi2_level": 0.997, "chi2_df": 3, "chi2_threshold": 13.931422665512084, "N_raw": 7, "N_roi": 7, "N_inlier": 7, "refit": true}
{"timestamp": "17:16:42.935411", "frame": 95, "mu": [1.0946846267753707, 3.099588619186444, 0.8918911778965675], "Sigma": [[0.013930407234134959, -0.0036066296202794525, 0.001608717765492717], [-0.003606629620279452, 0.0023409693284621672, -0.0023868966471559767], [0.001608717765492717, -0.0023868966471559767, 0.007176370199911908]], "chi2_level": 0.997, "chi2_df": 3, "chi2_threshold": 13.931422665512084, "N_raw": 37, "N_roi": 37, "N_inlier": 34, "refit": true}
{"timestamp": "17:16:42.989753", "frame": 96, "mu": [1.1032765844225572, 3.1692580991428585, 0.9992253689402331], "Sigma": [[0.008869547031346252, -0.003968813111582541, -0.0010635373518576258], [-0.003968813111582541, 0.004174147612630085, 0.00035911019165521985], [-0.0010635373518576253, 0.00035911019165522006, 0.006265385998537152]], "chi2_level": 0.997, "chi2_df": 3, "chi2_threshold": 13.931422665512084, "N_raw": 23, "N_roi": 23, "N_inlier": 21, "refit": true}
{"timestamp": "17:16:43.046927", "frame": 97, "mu": [1.2108072753843904, 3.144850439391568, 1.0932085541548955], "Sigma": [[0.013595077388019584, -0.0037288928089488447, -0.00012393538637236567], [-0.0037288928089488447, 0.006732827194447511, -0.007514572852982897], [-0.00012393538637236546, -0.007514572852982897, 0.01572712502700365]], "chi2_level": 0.997, "chi2_df": 3, "chi2_threshold": 13.931422665512084, "N_raw": 42, "N_roi": 41, "N_inlier": 38, "refit": true}
{"timestamp": "17:16:43.097357", "frame": 98, "mu": [1.2112161919504534, 3.2672817064770445, 1.021911633250764], "Sigma": [[0.007162782103056118, -0.012300965672855838, 0.026893085099365773], [-0.012300965672855838, 0.03352914118016344, -0.044629778895986606], [0.026893085099365773, -0.044629778895986606, 0.15777946523202915]], "chi2_level": 0.997, "chi2_df": 3, "chi2_threshold": 13.931422665512084, "N_raw": 12, "N_roi": 9, "N_inlier": 9, "refit": true}
{"timestamp": "17:16:43.152689", "frame": 99, "mu": [1.3302106466538304, 3.156006431614072, 1.0421372690765311], "Sigma": [[0.006351565590128581, -0.006916765520144727, 0.00904303027315315], [-0.006916765520144727, 0.01924511489102618, -0.03240536968420624], [0.009043030273153153, -0.03240536968420624, 0.06068425645888465]], "chi2_level": 0.997, "chi2_df": 3, "chi2_threshold": 13.931422665512084, "N_raw": 19, "N_roi": 15, "N_inlier": 15, "refit": true}
{"timestamp": "17:16:43.324884", "frame": 100, "mu": [1.3835261437486877, 3.1908236874170455, 1.3259305385200415], "Sigma": [[0.012894927643121648, -0.006411003093821474, -0.006070548581260072], [-0.006411003093821475, 0.009117626259654453, 0.006692969500282222], [-0.00607054858126007, 0.006692969500282222, 0.024099921203965067]], "chi2_level": 0.997, "chi2_df": 3, "chi2_threshold": 13.931422665512084, "N_raw": 42, "N_roi": 39, "N_inlier": 37, "refit": true}
{"timestamp": "17:16:43.330217", "frame": 101, "mu": [1.4267898412664832, 3.26624704386061, 1.5091270152850695], "Sigma": [[0.013047007101950172, -0.006029961928231327, -0.008958861013882935], [-0.006029961928231327, 0.006330934956729792, -0.008567392599840417], [-0.008958861013882935, -0.008567392599840417, 0.06907464252949494]], "chi2_level": 0.997, "chi2_df": 3, "chi2_threshold": 13.931422665512084, "N_raw": 33, "N_roi": 33, "N_inlier": 31, "refit": true}
{"timestamp": "17:16:43.375094", "frame": 102, "mu": [1.4169061207360378, 3.2365165210973412, 1.263119034414756], "Sigma": [[0.001639567004687619, 0.003025446099656944, -0.014718237396673887], [0.003025446099656944, 0.010704019600706853, -0.019795132942034187], [-0.014718237396673887, -0.019795132942034183, 0.278233356726774]], "chi2_level": 0.997, "chi2_df": 3, "chi2_threshold": 13.931422665512084, "N_raw": 7, "N_roi": 7, "N_inlier": 7, "refit": true}
