{"timestamp": "17:08:37.353653", "frame": 1, "mu": [1.2287642491043473, 1.3227021203591747, 1.5834953251853645], "Sigma": [[0.007113931480277106, -0.0016745892086536607, -0.0012466497105226638], [-0.0016745892086536607, 0.007756219144677724, 0.002896366154182144], [-0.0012466497105226638, 0.002896366154182144, 0.0015388519943800537]], "chi2_level": 0.997, "chi2_df": 3, "chi2_threshold": 13.931422665512084, "N_raw": 51, "N_roi": 51, "N_inlier": 48, "refit": true}
{"timestamp": "17:08:37.409574", "frame": 2, "mu": [1.156651008503441, 1.2876925964812318, 1.452929186849255], "Sigma": [[0.004702674978963069, -0.0016274974299956518, -0.009021374584546608], [-0.0016274974299956516, 0.00984650769250286, 0.02116144158110167], [-0.009021374584546608, 0.02116144158110167, 0.13696314322484066]], "chi2_level": 0.997, "chi2_df": 3, "chi2_threshold": 13.931422665512084, "N_raw": 39, "N_roi": 39, "N_inlier": 37, "refit": true}
{"timestamp": "17:08:37.459708", "frame": 3, "mu": [1.1005997540908092, 1.28945456753598, 0.786050585019445], "Sigma": [[0.02050400911029403, -0.005399290564641317, 0.004933354025773579], [-0.005399290564641317, 0.024867303271244666, -0.010900957993950276], [0.004933354025773579, -0.010900957993950279, 0.5136774275336824]], "chi2_level": 0.997, "chi2_df": 3, "chi2_threshold": 13.931422665512084, "N_raw": 11, "N_roi": 11, "N_inlier": 11, "refit": true}
{"timestamp": "17:08:37.516159", "frame": 4, "mu": [1.0822008995121717, 1.2211096133525106, 1.1791672261197101], "Sigma": [[0.004706506866995301, -0.0015107468052189413, -0.0022334422635293984], [-0.001510746805218941, 0.00619079645726083, -0.016111605299255045], [-0.0022334422635293992, -0.016111605299255045, 0.25235892725213355]], "chi2_level": 0.997, "chi2_df": 3, "chi2_threshold": 13.931422665512084, "N_raw": 29, "N_roi": 29, "N_inlier": 29, "refit": true}
{"timestamp": "17:08:37.568425", "frame": 5, "mu": [0.9794148769534988, 1.2701183506663147, 1.4316154935485512], "Sigma": [[0.0011834534048194938, -0.001761570248037106, -0.00045801725111551837], [-0.0017615702480371059, 0.022365115222342996, 0.006178582236605829], [-0.0004580172511155183, 0.006178582236605829, 0.0018991673555124092]], "chi2_level": 0.997, "chi2_df": 3, "chi2_threshold": 13.931422665512084, "N_raw": 8, "N_roi": 8, "N_inlier": 8, "refit": true}
{"timestamp": "17:08:37.623898", "frame": 6, "mu": [0.9136679917686472, 1.3016735535289738, 1.4849029117456398], "Sigma": [[0.00117039800914197, 0.00052595249197423, -0.001160593391646318], [0.0005259524919742298, 0.005314949197823416, -0.00022273166077934443], [-0.001160593391646318, -0.00022273166077934464, 0.001529567273877694]], "chi2_level": 0.997, "chi2_df": 3, "chi2_threshold": 13.931422665512084, "N_raw": 12, "N_roi": 12, "N_inlier": 11, "refit": true}
{"timestamp": "17:08:37.679901", "frame": 7, "mu": [1.0237872352012058, 1.1739569996870862, 0.9104633891402278], "Sigma": [[0.02400733767141272, -0.01745983109512169, -0.07817084203260455], [-0.017459831095121694, 0.01579553830802425, 0.05792074912202152], [-0.07817084203260455, 0.05792074912202152, 0.2668647734174643]], "chi2_level": 0.997, "chi2_df": 3, "chi2_threshold": 13.931422665512084, "N_raw": 16, "N_roi": 16, "N_inlier": 16, "refit": true}
{"timestamp": "17:08:37.733947", "frame": 8, "mu": [0.9161692330361998, 1.2180658313986732, 1.0451679106107783], "Sigma": [[0.004793495333185105, -0.00852943481358728, -0.03732954731839529], [-0.00852943481358728, 0.024823720944083187, 0.08339873372225115], [-0.03732954731839529, 0.08339873372225114, 0.32341735457301596]], "chi2_level": 0.997, "chi2_df": 3, "chi2_threshold": 13.931422665512084, "N_raw": 9, "N_roi": 9, "N_inlier": 9, "refit": true}
{"timestamp": "17:08:37.789529", "frame": 9, "mu": [0.8169985393626517, 1.2284516964871468, 0.9405190003137763], "Sigma": [[0.001193419239051522, -0.0007597892782161957, 0.008436106502592904], [-0.0007597892782161957, 0.012812103465622417, 0.021406035479005475], [0.008436106502592904, 0.021406035479005475, 0.2187550601509338]], "chi2_level": 0.997, "chi2_df": 3, "chi2_threshold": 13.931422665512084, "N_raw": 12, "N_roi": 12, "N_inlier": 12, "refit": true}
{"timestamp": "17:08:37.860178", "frame": 10, "mu": [0.729355146660633, 1.343580521436871, 1.2980913464466926], "Sigma": [[0.007949673325335383, -0.0028893054755393076, 0.0023589899876465207], [-0.0028893054755393076, 0.005854755525544971, -0.016045459007893264], [0.0023589899876465203, -0.016045459007893267, 0.07358025620058325]], "chi2_level": 0.997, "chi2_df": 3, "chi2_threshold": 13.931422665512084, "N_raw": 124, "N_roi": 124, "N_inlier": 121, "refit": true}
{"timestamp": "17:08:37.913150", "frame": 11, "mu": [0.6459120049073636, 1.374573498355777, 1.210131589354788], "Sigma": [[0.01701128176786357, -0.01611024689053784, 0.023329002960139095], [-0.01611024689053784, 0.02285025861405454, -0.03420427504300834], [0.023329002960139095, -0.03420427504300834, 0.06714581041562953]], "chi2_level": 0.997, "chi2_df": 3, "chi2_threshold": 13.931422665512084, "N_raw": 103, "N_roi": 103, "N_inlier": 96, "refit": true}
{"timestamp": "17:08:37.967348", "frame": 12, "mu": [0.5869586171293761, 1.2769456638250436, 1.1459043758143836], "Sigma": [[0.023508674854433885, -0.021253296425664273, 0.0258124313791741], [-0.02125329642566428, 0.02498197830069771, -0.022446160996126126], [0.0258124313791741, -0.022446160996126126, 0.08875354458373977]], "chi2_level": 0.997, "chi2_df": 3, "chi2_threshold": 13.931422665512084, "N_raw": 98, "N_roi": 98, "N_inlier": 93, "refit": true}
{"timestamp": "17:08:38.021689", "frame": 13, "mu": [0.5136059438404701, 1.3351491775484097, 1.2050020257139422], "Sigma": [[0.009352884823353178, -0.011343315611771208, 0.014638707041274363], [-0.011343315611771208, 0.021056101389423636, -0.02782166675448478], [0.014638707041274363, -0.027821666754484782, 0.05071218640551176]], "chi2_level": 0.997, "chi2_df": 3, "chi2_threshold": 13.931422665512084, "N_raw": 90, "N_roi": 90, "N_inlier": 82, "refit": true}
{"timestamp": "17:08:38.082311", "frame": 14, "mu": [0.4880633972807627, 1.3009651460552625, 1.263519562982817], "Sigma": [[0.013665400901736431, -0.014010756800593244, 0.009897883662961588], [-0.014010756800593244, 0.02454275737848278, -0.02008509237811523], [0.009897883662961588, -0.02008509237811523, 0.06168595364440902]], "chi2_level": 0.997, "chi2_df": 3, "chi2_threshold": 13.931422665512084, "N_raw": 129, "N_roi": 129, "N_inlier": 123, "refit": true}
{"timestamp": "17:08:38.134052", "frame": 15, "mu": [0.41038590695413407, 1.3541818432360566, -0.21129439931624483], "Sigma": [[0.010963670002845744, -0.007761376785300266, 0.00954144860119395], [-0.007761376785300266, 0.01909713633855834, -0.022224188466926982], [0.00954144860119395, -0.022224188466926982, 0.03950375078142063]], "chi2_level": 0.997, "chi2_df": 3, "chi2_threshold": 13.931422665512084, "N_raw": 99, "N_roi": 99, "N_inlier": 96, "refit": true}
{"timestamp": "17:08:38.186885", "frame": 16, "mu": [0.37748502865838085, 1.2223478414220361, 1.5793543818727778], "Sigma": [[0.005062454275008214, 0.0012683447480745748, -0.0026171582398321147], [0.001268344748074575, 0.008066230503726528, -0.0029092338796050535], [-0.0026171582398321143, -0.0029092338796050535, 0.0022080220876914986]], "chi2_level": 0.997, "chi2_df": 3, "chi2_threshold": 13.931422665512084, "N_raw": 97, "N_roi": 97, "N_inlier": 90, "refit": true}
{"timestamp": "17:08:38.245723", "frame": 17, "mu": [0.28798519741061707, 1.218623131326793, 1.408033870837254], "Sigma": [[0.0060076232690637775, -0.0018675608506673158, -0.00022140556902461566], [-0.0018675608506673158, 0.007697340306546769, -0.000670150564479827], [-0.00022140556902461588, -0.0006701505644798271, 0.2154711458880606]], "chi2_level": 0.997, "chi2_df": 3, "chi2_threshold": 13.931422665512084, "N_raw": 112, "N_roi": 112, "N_inlier": 111, "refit": true}
{"timestamp": "17:08:38.298338", "frame": 18, "mu": [0.27173489119593996, 1.194940876526104, 1.1938657193550228], "Sigma": [[0.0037023102149072217, -0.000146889111097352, -0.0002699191695230333], [-0.00014688911109735195, 0.01194101284746093, 0.006470725905771341], [-0.00026991916952303296, 0.006470725905771341, 0.4530110585268254]], "chi2_level": 0.997, "chi2_df": 3, "chi2_threshold": 13.931422665512084, "N_raw": 104, "N_roi": 104, "N_inlier": 104, "refit": true}
{"timestamp": "17:08:38.347055", "frame": 19, "mu": [0.21599363493727555, 1.2781229511257162, 0.002464822900973978], "Sigma": [[0.003068469566168191, 0.0003415914290920705, -0.0019018253341307164], [0.0003415914290920705, 0.0047491080457573, -0.00096779903770167], [-0.0019018253341307164, -0.00096779903770167, 0.0014994473323777823]], "chi2_level": 0.997, "chi2_df": 3, "chi2_threshold": 13.931422665512084, "N_raw": 64, "N_roi": 64, "N_inlier": 59, "refit": true}
{"timestamp": "17:08:38.399635", "frame": 20, "mu": [0.12266436611871613, 1.1793975392128124, 1.1644965569951418], "Sigma": [[0.0028369568434450415, -0.001787957521819121, 0.0014050120916124327], [-0.001787957521819121, 0.004031749236417315, 0.015960904341429688], [0.0014050120916124344, 0.015960904341429685, 0.23702375938146664]], "chi2_level": 0.997, "chi2_df": 3, "chi2_threshold": 13.931422665512084, "N_raw": 44, "N_roi": 41, "N_inlier": 40, "refit": true}
{"timestamp": "17:08:38.459509", "frame": 21, "mu": [0.021159135488585123, 1.198145752767757, 1.5343697300970325], "Sigma": [[0.002653526349330664, 9.424419747356951e-05, 0.002356211723898796], [9.424419747356956e-05, 0.015478086486083483, 0.004637969547940999], [0.0023562117238987964, 0.004637969547940999, 0.009250576581464968]], "chi2_level": 0.997, "chi2_df": 3, "chi2_threshold": 13.931422665512084, "N_raw": 83, "N_roi": 82, "N_inlier": 79, "refit": true}
{"timestamp": "17:08:38.509725", "frame": 22, "mu": [-0.01544956628690591, 1.091327353300078, 1.35576210802624], "Sigma": [[0.002457708674675039, -0.0008185384691317573, 0.0005902457553408269], [-0.0008185384691317573, 0.004489786105273644, -0.002188709745889532], [0.0005902457553408269, -0.0021887097458895307, 0.039798188927703364]], "chi2_level": 0.997, "chi2_df": 3, "chi2_threshold": 13.931422665512084, "N_raw": 49, "N_roi": 49, "N_inlier": 46, "refit": true}
{"timestamp": "17:08:38.568072", "frame": 23, "mu": [-0.09869971395679135, 1.2297523092878908, 1.6021229833877326], "Sigma": [[0.0033098738709116575, -0.0009889965715727065, -0.0015433252971234013], [-0.0009889965715727065, 0.004964201998216158, -0.0013078293560871476], [-0.0015433252971234013, -0.0013078293560871473, 0.0016983050137698008]], "chi2_level": 0.997, "chi2_df": 3, "chi2_threshold": 13.931422665512084, "N_raw": 67, "N_roi": 67, "N_inlier": 62, "refit": true}
{"timestamp": "17:08:38.617969", "frame": 24, "mu": [-0.1396278353527672, 1.3008572432449825, 1.5595189624684251], "Sigma": [[0.002655262928650446, -2.3406085587599466e-05, 0.0025617207493142703], [-2.3406085587599547e-05, 0.0026373613412013263, 0.00669629287624262], [0.0025617207493142703, 0.006696292876242621, 0.09156138989356369]], "chi2_level": 0.997, "chi2_df": 3, "chi2_threshold": 13.931422665512084, "N_raw": 34, "N_roi": 34, "N_inlier": 31, "refit": true}
{"timestamp": "17:08:38.680002", "frame": 25, "mu": [-0.24120286211402822, 1.2487524551237537, 1.651217628214104], "Sigma": [[0.004299101580156607, -0.0013600964959688611, -7.152053462617346e-05], [-0.0013600964959688613, 0.005465261777648123, -0.0036139733441343247], [-7.152053462617335e-05, -0.0036139733441343247, 0.006006327284623284]], "chi2_level": 0.997, "chi2_df": 3, "chi2_threshold": 13.931422665512084, "N_raw": 80, "N_roi": 80, "N_inlier": 75, "refit": true}
{"timestamp": "17:08:38.740856", "frame": 26, "mu": [-0.29201275061838866, 1.194536855132318, 1.4133778238269155], "Sigma": [[0.003331548812282769, -0.0020491922787115304, -0.006788519373576271], [-0.00204919227871153, 0.010363899395040116, 0.022127173397058292], [-0.006788519373576271, 0.022127173397058296, 0.14441937830249235]], "chi2_level": 0.997, "chi2_df": 3, "chi2_threshold": 13.931422665512084, "N_raw": 115, "N_roi": 115, "N_inlier": 113, "refit": true}
{"timestamp": "17:08:38.794085", "frame": 27, "mu": [-0.35460377790476216, 1.2207840443400026, 1.4863434943247376], "Sigma": [[0.0030967480291074767, 9.559838387820168e-05, -0.0003026437381913654], [9.559838387820178e-05, 0.006610655954718118, 0.009003677768990446], [-0.0003026437381913653, 0.009003677768990446, 0.0855131186696676]], "chi2_level": 0.997, "chi2_df": 3, "chi2_threshold": 13.931422665512084, "N_raw": 108, "N_roi": 107, "N_inlier": 103, "refit": true}
{"timestamp": "17:08:38.847854", "frame": 28, "mu": [-0.4160117543964009, 1.1681371005669516, 1.2841992787972276], "Sigma": [[0.003676427534649887, -0.0008051673718156187, -0.00938015538504983], [-0.000805167371815619, 0.0036276701975179243, 0.008811399660242424], [-0.00938015538504983, 0.008811399660242424, 0.1236511507054997]], "chi2_level": 0.997, "chi2_df": 3, "chi2_threshold": 13.931422665512084, "N_raw": 98, "N_roi": 96, "N_inlier": 93, "refit": true}
{"timestamp": "17:08:38.904158", "frame": 29, "mu": [-0.456331633230633, 1.209497053032318, 1.3910047801338572], "Sigma": [[0.003259854351033142, -0.000580599117413358, -0.005860575963816275], [-0.0005805991174133579, 0.0069876443841224364, 0.014428408758273876], [-0.005860575963816275, 0.014428408758273874, 0.11121953414230439]], "chi2_level": 0.997, "chi2_df": 3, "chi2_threshold": 13.931422665512084, "N_raw": 104, "N_roi": 104, "N_inlier": 100, "refit": true}
{"timestamp": "17:08:38.960588", "frame": 30, "mu": [-0.5639221264906897, 1.2003613448057053, 1.3403326960457491], "Sigma": [[0.0052113893747118166, 0.0009805250243849375, 0.0018701889670279927], [0.0009805250243849375, 0.01272198367952338, 0.021116028367974393], [0.0018701889670279925, 0.021116028367974393, 0.1276298182966841]], "chi2_level": 0.997, "chi2_df": 3, "chi2_threshold": 13.931422665512084, "N_raw": 118, "N_roi": 118, "N_inlier": 115, "refit": true}
{"timestamp": "17:08:39.012684", "frame": 31, "mu": [-0.6993395392661637, 1.232845661449206, 1.1267099385410133], "Sigma": [[0.0070896048143470666, -0.001174963572636437, 0.022608617093529994], [-0.0011749635726364372, 0.009156405973611318, -0.03343314578995812], [0.022608617093529994, -0.03343314578995812, 0.5858784884168363]], "chi2_level": 0.997, "chi2_df": 3, "chi2_threshold": 13.931422665512084, "N_raw": 94, "N_roi": 94, "N_inlier": 87, "refit": true}
{"timestamp": "17:08:39.073486", "frame": 32, "mu": [-0.8615910764962997, 1.1423599105423903, 1.7504066677373293], "Sigma": [[0.03713670143296398, 0.022443032133719194, -0.02703594720374384], [0.022443032133719197, 0.022643580158707245, -0.018462536862511845], [-0.02703594720374384, -0.018462536862511845, 0.02855357562122036]], "chi2_level": 0.997, "chi2_df": 3, "chi2_threshold": 13.931422665512084, "N_raw": 136, "N_roi": 136, "N_inlier": 129, "refit": true}
{"timestamp": "17:08:39.125938", "frame": 33, "mu": [-0.822322068246231, 1.196591618067095, 1.3963365419681695], "Sigma": [[0.03191202303196312, 0.018825964453966934, -0.07610815834716303], [0.018825964453966934, 0.017347938000016612, -0.05145305842865448], [-0.07610815834716303, -0.051453058428654476, 0.3599601950853165]], "chi2_level": 0.997, "chi2_df": 3, "chi2_threshold": 13.931422665512084, "N_raw": 116, "N_roi": 114, "N_inlier": 112, "refit": true}
{"timestamp": "17:08:39.183764", "frame": 34, "mu": [-0.9553920738650896, 1.1758319722190271, 1.505304884613928], "Sigma": [[0.04287670218174629, 0.027994592663250908, -0.08345554559988123], [0.027994592663250908, 0.027086075410782878, -0.07753464428170337], [-0.08345554559988123, -0.07753464428170337, 0.36285482784084094]], "chi2_level": 0.997, "chi2_df": 3, "chi2_threshold": 13.931422665512084, "N_raw": 136, "N_roi": 136, "N_inlier": 133, "refit": true}
{"timestamp": "17:08:39.234362", "frame": 35, "mu": [-1.0675111352777857, 1.1391478121834064, 1.45145952628305], "Sigma": [[0.033653501326254734, 0.03136545367708811, -0.05563707040012226], [0.03136545367708811, 0.03622691355208822, -0.07260666054920163], [-0.05563707040012226, -0.07260666054920163, 0.2866901847892947]], "chi2_level": 0.997, "chi2_df": 3, "chi2_threshold": 13.931422665512084, "N_raw": 109, "N_roi": 109, "N_inlier": 108, "refit": true}
{"timestamp": "17:08:39.283663", "frame": 36, "mu": [-1.2157638361747318, 1.0578351813397657, 1.873139274377118], "Sigma": [[0.031243770914285242, 0.019314294223657526, -0.0058718937629207955], [0.019314294223657526, 0.020254718169150997, -0.009217030381920743], [-0.0058718937629207955, -0.009217030381920743, 0.0066818247340349685]], "chi2_level": 0.997, "chi2_df": 3, "chi2_threshold": 13.931422665512084, "N_raw": 72, "N_roi": 72, "N_inlier": 71, "refit": true}
{"timestamp": "17:08:39.337126", "frame": 37, "mu": [-1.2210286648487627, 1.0504161401594414, 1.6031354119068355], "Sigma": [[0.05678611392851567, 0.05211619442884992, -0.029309033969556315], [0.05211619442884991, 0.05774859631994049, -0.02775395296905452], [-0.029309033969556312, -0.027753952969054523, 0.042994552444074435]], "chi2_level": 0.997, "chi2_df": 3, "chi2_threshold": 13.931422665512084, "N_raw": 57, "N_roi": 57, "N_inlier": 54, "refit": true}
{"timestamp": "17:08:39.386879", "frame": 38, "mu": [-1.2414560724619021, 1.2119460493695386, 1.5267700202670764], "Sigma": [[0.041536703131649214, 0.03465191887661448, -0.05686600350954173], [0.03465191887661448, 0.048547076058901725, -0.10434194565627429], [-0.056866003509541733, -0.10434194565627428, 0.32793516938265294]], "chi2_level": 0.997, "chi2_df": 3, "chi2_threshold": 13.931422665512084, "N_raw": 24, "N_roi": 24, "N_inlier": 24, "refit": true}
{"timestamp": "17:08:39.446195", "frame": 39, "mu": [-1.242112697896043, 1.20184969965129, 1.8486861268421353], "Sigma": [[0.045925551141634095, 0.0307817422509932, -0.017535630142741312], [0.0307817422509932, 0.027112207223079266, -0.01904950273979763], [-0.017535630142741312, -0.01904950273979763, 0.024520579111537488]], "chi2_level": 0.997, "chi2_df": 3, "chi2_threshold": 13.931422665512084, "N_raw": 60, "N_roi": 60, "N_inlier": 56, "refit": true}
{"timestamp": "17:08:39.503555", "frame": 40, "mu": [-1.0585182580291352, 1.4036157606468627, 1.2689719583142902], "Sigma": [[0.0059425561714077655, 0.0006836252655254579, 0.008680354212285635], [0.0006836252655254582, 0.00975562184248255, 0.03958928007995724], [0.008680354212285633, 0.03958928007995724, 0.2927981982266525]], "chi2_level": 0.997, "chi2_df": 3, "chi2_threshold": 13.931422665512084, "N_raw": 73, "N_roi": 73, "N_inlier": 70, "refit": true}
{"timestamp": "17:08:39.559354", "frame": 41, "mu": [-1.3063579493847373, 1.2843501822639565, 1.6831664999416749], "Sigma": [[0.05872067976333806, 0.03521896064125601, -0.03684325532767242], [0.035218960641256014, 0.027297124526402875, -0.02945026976240788], [-0.03684325532767242, -0.02945026976240788, 0.10731969057956281]], "chi2_level": 0.997, "chi2_df": 3, "chi2_threshold": 13.931422665512084, "N_raw": 63, "N_roi": 63, "N_inlier": 61, "refit": true}
{"timestamp": "17:08:39.699793", "frame": 42, "mu": [-1.2974294490579266, 1.4679791950884116, -0.14211878400653497], "Sigma": [[0.06540608249641931, 0.08323083246995962, -0.08575285830089298], [0.08323083246995962, 0.13186972934892408, -0.1650909898145802], [-0.08575285830089298, -0.1650909898145802, 0.26495629348929145]], "chi2_level": 0.997, "chi2_df": 3, "chi2_threshold": 13.931422665512084, "N_raw": 67, "N_roi": 67, "N_inlier": 67, "refit": true}
{"timestamp": "17:08:39.710769", "frame": 43, "mu": [-1.2241281582565084, 1.6396442404769438, -0.11025995459775377], "Sigma": [[0.04072345591947893, 0.04823375575714242, -0.033847259567487006], [0.04823375575714242, 0.09526905049415876, -0.10228685891034828], [-0.033847259567487006, -0.10228685891034828, 0.13859170091034406]], "chi2_level": 0.997, "chi2_df": 3, "chi2_threshold": 13.931422665512084, "N_raw": 45, "N_roi": 45, "N_inlier": 43, "refit": true}
{"timestamp": "17:08:39.749675", "frame": 44, "mu": [-1.1271766439798176, 1.6542569128869375, 1.512207796667419], "Sigma": [[0.008730696412187221, -0.0015600251782156105, 0.008716580702622247], [-0.0015600251782156103, 0.006394065178811386, -0.0077435402942973314], [0.008716580702622247, -0.007743540294297332, 0.10616028905122465]], "chi2_level": 0.997, "chi2_df": 3, "chi2_threshold": 13.931422665512084, "N_raw": 76, "N_roi": 76, "N_inlier": 74, "refit": true}
{"timestamp": "17:08:39.780285", "frame": 45, "mu": [-1.148455588375127, 1.7001023873944079, 1.6450522640014216], "Sigma": [[0.010239502208945617, 0.0063298931142358305, -0.010203712003059286], [0.0063298931142358305, 0.012496342358920387, -0.015928772703653185], [-0.010203712003059286, -0.015928772703653185, 0.03784743062000746]], "chi2_level": 0.997, "chi2_df": 3, "chi2_threshold": 13.931422665512084, "N_raw": 82, "N_roi": 82, "N_inlier": 76, "refit": true}
{"timestamp": "17:08:39.836718", "frame": 46, "mu": [-1.206758609690838, 1.7401337345491097, 1.511742407586438], "Sigma": [[0.008930961896716116, 0.00321913074074954, -0.006282024344580226], [0.00321913074074954, 0.007869946820060978, -0.01812580035751289], [-0.006282024344580224, -0.01812580035751289, 0.10423962121218644]], "chi2_level": 0.997, "chi2_df": 3, "chi2_threshold": 13.931422665512084, "N_raw": 93, "N_roi": 93, "N_inlier": 91, "refit": true}
{"timestamp": "17:08:39.885261", "frame": 47, "mu": [-1.1730839087031355, 1.8164434022773195, 1.1458826067039214], "Sigma": [[0.008518419679764688, 0.0022531513335937417, -0.006940069519376647], [0.002253151333593742, 0.007769371346988903, -0.03040143530021441], [-0.006940069519376646, -0.030401435300214413, 0.14040283820942112]], "chi2_level": 0.997, "chi2_df": 3, "chi2_threshold": 13.931422665512084, "N_raw": 37, "N_roi": 37, "N_inlier": 34, "refit": true}
{"timestamp": "17:08:39.937609", "frame": 48, "mu": [-1.2677730891780423, 1.8188481351017853, 1.365912673318749], "Sigma": [[0.004334374144937508, 0.0004688860640158774, -0.013635663493843401], [0.00046888606401587714, 0.017967199130772972, -0.031952644471558454], [-0.013635663493843401, -0.031952644471558454, 0.19939859429219733]], "chi2_level": 0.997, "chi2_df": 3, "chi2_threshold": 13.931422665512084, "N_raw": 35, "N_roi": 35, "N_inlier": 34, "refit": true}
{"timestamp": "17:08:39.996163", "frame": 49, "mu": [-1.2974042250237643, 1.9259506509339135, 0.14178659619978073], "Sigma": [[0.005365632231436958, 0.003274693181893751, -0.0049599155347052675], [0.0032746931818937513, 0.018299749604870946, -0.024329234011438446], [-0.0049599155347052675, -0.024329234011438446, 0.047322711788484025]], "chi2_level": 0.997, "chi2_df": 3, "chi2_threshold": 13.931422665512084, "N_raw": 62, "N_roi": 61, "N_inlier": 57, "refit": true}
{"timestamp": "17:08:40.055679", "frame": 50, "mu": [-1.3236003282183675, 2.0236425464780226, -0.012569529055940262], "Sigma": [[0.008449724073287921, 0.005961722705194744, -0.014902626840895314], [0.005961722705194744, 0.023070325392492562, -0.04788832566630652], [-0.014902626840895314, -0.04788832566630652, 0.13572863308815966]], "chi2_level": 0.997, "chi2_df": 3, "chi2_threshold": 13.931422665512084, "N_raw": 86, "N_roi": 86, "N_inlier": 80, "refit": true}
{"timestamp": "17:08:40.110758", "frame": 51, "mu": [-1.2689658502906012, 1.9992706206615847, 1.4654496172322504], "Sigma": [[0.009677316490814146, 0.0018283232293110662, -0.007360115139018279], [0.0018283232293110662, 0.0070838917093858705, -0.015531691504154286], [-0.007360115139018279, -0.015531691504154286, 0.050437042491408166]], "chi2_level": 0.997, "chi2_df": 3, "chi2_threshold": 13.931422665512084, "N_raw": 88, "N_roi": 88, "N_inlier": 84, "refit": true}
{"timestamp": "17:08:40.160440", "frame": 52, "mu": [-1.3005521441763404, 2.0383983463366837, 1.5670005047253326], "Sigma": [[0.011175432913711801, -0.0012137143058502699, 0.0036852175032625065], [-0.0012137143058502699, 0.005358918845206868, -0.011620695880990043], [0.0036852175032625056, -0.011620695880990045, 0.08363707465518665]], "chi2_level": 0.997, "chi2_df": 3, "chi2_threshold": 13.931422665512084, "N_raw": 55, "N_roi": 55, "N_inlier": 52, "refit": true}
{"timestamp": "17:08:40.218149", "frame": 53, "mu": [-1.3445906244792625, 2.1385637094616703, 1.34048541239493], "Sigma": [[0.012592952564927465, -0.004983988887483303, 0.02607108484367382], [-0.004983988887483303, 0.010595520629850301, -0.03728889955236915], [0.02607108484367382, -0.03728889955236915, 0.24280250197859668]], "chi2_level": 0.997, "chi2_df": 3, "chi2_threshold": 13.931422665512084, "N_raw": 73, "N_roi": 73, "N_inlier": 72, "refit": true}
{"timestamp": "17:08:40.268043", "frame": 54, "mu": [-1.406261762611296, 2.3250346117251537, 0.7893166835926314], "Sigma": [[0.006538468582948434, -0.0016030568876521873, 0.01046115468309567], [-0.0016030568876521873, 0.008762319440890206, -0.026473714788136413], [0.01046115468309567, -0.026473714788136416, 0.12085117294908537]], "chi2_level": 0.997, "chi2_df": 3, "chi2_threshold": 13.931422665512084, "N_raw": 35, "N_roi": 35, "N_inlier": 35, "refit": true}
{"timestamp": "17:08:40.318019", "frame": 55, "mu": [-1.333040465103867, 2.228437726445706, 1.311250168041486], "Sigma": [[0.004214695833930999, -0.0031533758351771626, 0.011698755927475345], [-0.0031533758351771617, 0.012107913539110166, -0.04745635595817744], [0.011698755927475346, -0.04745635595817744, 0.19428807284255534]], "chi2_level": 0.997, "chi2_df": 3, "chi2_threshold": 13.931422665512084, "N_raw": 15, "N_roi": 15, "N_inlier": 14, "refit": true}
{"timestamp": "17:08:40.378316", "frame": 56, "mu": [-1.4011974153634588, 2.232826144040592, 1.0794430722570856], "Sigma": [[0.016857149213277037, 0.0015919973359474462, 0.041128685813932336], [0.0015919973359474465, 0.0020625284137487615, 2.7872245370170762e-05], [0.041128685813932336, 2.787224537017098e-05, 0.16520585134091967]], "chi2_level": 0.997, "chi2_df": 3, "chi2_threshold": 13.931422665512084, "N_raw": 42, "N_roi": 40, "N_inlier": 39, "refit": true}
{"timestamp": "17:08:40.435436", "frame": 57, "mu": [-1.3972007507720758, 2.3147488127537046, 1.2983756658842], "Sigma": [[0.022475752727786118, 0.003200907630522082, 0.04528098928959075], [0.0032009076305220823, 0.003320788285602202, 0.009294094230832141], [0.04528098928959075, 0.009294094230832141, 0.1650790489073592]], "chi2_level": 0.997, "chi2_df": 3, "chi2_threshold": 13.931422665512084, "N_raw": 49, "N_roi": 49, "N_inlier": 48, "refit": true}
{"timestamp": "17:08:40.494095", "frame": 58, "mu": [-1.3853578904462298, 2.5263193982759105, -0.7778806969316003], "Sigma": [[0.010554852413242418, 0.005950928601543892, 0.011288187537819534], [0.005950928601543894, 0.048870718143047026, -0.042909685379315554], [0.011288187537819534, -0.042909685379315554, 0.18471761660426636]], "chi2_level": 0.997, "chi2_df": 3, "chi2_threshold": 13.931422665512084, "N_raw": 80, "N_roi": 80, "N_inlier": 80, "refit": true}
{"timestamp": "17:08:40.541570", "frame": 59, "mu": [-1.4683156080227937, 2.4812761293385797, 0.9814123040392533], "Sigma": [[0.031086718762740082, 0.002340330269986436, 0.042532039913653445], [0.002340330269986436, 0.0026940743352787864, -0.003753412859038737], [0.042532039913653445, -0.003753412859038737, 0.14084696779043385]], "chi2_level": 0.997, "chi2_df": 3, "chi2_threshold": 13.931422665512084, "N_raw": 21, "N_roi": 20, "N_inlier": 19, "refit": true}
{"timestamp": "17:08:40.601460", "frame": 60, "mu": [-1.3070195736393306, 2.5565815584788334, 1.3710730741487371], "Sigma": [[0.011917316882843315, -0.0007351829603432069, 0.013801451355492305], [-0.0007351829603432068, 0.0037964783572729424, -0.015966868638920988], [0.013801451355492302, -0.015966868638920988, 0.11773127164775517]], "chi2_level": 0.997, "chi2_df": 3, "chi2_threshold": 13.931422665512084, "N_raw": 58, "N_roi": 55, "N_inlier": 54, "refit": true}
{"timestamp": "17:08:40.658043", "frame": 61, "mu": [-1.3566384786929861, 2.6802260549685704, -0.36131720439856735], "Sigma": [[0.017307769643567006, -0.0030684279662664374, 0.041915190880719586], [-0.0030684279662664387, 0.04739009897365205, -0.08375045899956782], [0.041915190880719586, -0.08375045899956782, 0.2885471341227983]], "chi2_level": 0.997, "chi2_df": 3, "chi2_threshold": 13.931422665512084, "N_raw": 69, "N_roi": 69, "N_inlier": 69, "refit": true}
{"timestamp": "17:08:40.716275", "frame": 62, "mu": [-1.3985337009574024, 2.7298648036542215, -0.03278560059060482], "Sigma": [[0.0406044143899236, -0.011839997992198883, 0.16333522569518505], [-0.011839997992198883, 0.01832153807018703, -0.039688077849318534], [0.16333522569518505, -0.039688077849318534, 0.8268166145768022]], "chi2_level": 0.997, "chi2_df": 3, "chi2_threshold": 13.931422665512084, "N_raw": 97, "N_roi": 96, "N_inlier": 96, "refit": true}
{"timestamp": "17:08:40.769887", "frame": 63, "mu": [-1.3678617689083044, 2.754336047469715, 1.3467279994505577], "Sigma": [[0.031208361525196255, -0.012821256220780113, 0.0283044331385663], [-0.012821256220780113, 0.0140301110092789, -0.03397204892407704], [0.028304433138566294, -0.03397204892407704, 0.090363601190334]], "chi2_level": 0.997, "chi2_df": 3, "chi2_threshold": 13.931422665512084, "N_raw": 72, "N_roi": 71, "N_inlier": 68, "refit": true}
{"timestamp": "17:08:40.823736", "frame": 64, "mu": [-1.3665147181831931, 2.801150579658938, 1.4829385989948283], "Sigma": [[0.020084845378166453, -0.006765512511578932, 0.017232399922436838], [-0.006765512511578932, 0.012193869721035375, -0.03391452017316322], [0.017232399922436838, -0.03391452017316323, 0.11315132447779194]], "chi2_level": 0.997, "chi2_df": 3, "chi2_threshold": 13.931422665512084, "N_raw": 65, "N_roi": 65, "N_inlier": 63, "refit": true}
{"timestamp": "17:08:40.876716", "frame": 65, "mu": [-1.2403011678009472, 2.878845874644996, 1.0017171407891892], "Sigma": [[0.010970310090083925, 0.00020465184403143592, 0.0037432270952774066], [0.00020465184403143592, 0.003989878487339403, -0.0030802904382566084], [0.0037432270952774058, -0.0030802904382566084, 0.12385801317712208]], "chi2_level": 0.997, "chi2_df": 3, "chi2_threshold": 13.931422665512084, "N_raw": 57, "N_roi": 56, "N_inlier": 55, "refit": true}
{"timestamp": "17:08:40.933557", "frame": 66, "mu": [-1.3239243516896786, 2.9440422536346924, 0.05838542077609277], "Sigma": [[0.012158076047938832, 0.006398934687032133, 0.0006930609237507941], [0.006398934687032133, 0.01979203462144814, -0.023411560843089867], [0.0006930609237507939, -0.023411560843089867, 0.09752748523190302]], "chi2_level": 0.997, "chi2_df": 3, "chi2_threshold": 13.931422665512084, "N_raw": 72, "N_roi": 72, "N_inlier": 70, "refit": true}
{"timestamp": "17:08:40.986378", "frame": 67, "mu": [-1.3456908848533182, 2.9377615847677627, 1.577356691395963], "Sigma": [[0.008144590233013565, 0.0026794082242177133, -0.009114441161915152], [0.0026794082242177133, 0.007592812967263335, -0.018857686796465555], [-0.009114441161915152, -0.018857686796465555, 0.08274410284438091]], "chi2_level": 0.997, "chi2_df": 3, "chi2_threshold": 13.931422665512084, "N_raw": 50, "N_roi": 49, "N_inlier": 45, "refit": true}
{"timestamp": "17:08:41.047931", "frame": 68, "mu": [-1.3197400302845521, 2.747436803391304, 0.946168006351869], "Sigma": [[0.018466372682562824, 0.0350422606012126, 0.025573336307115706], [0.03504226060121259, 0.7014639642726502, 0.7186577237708419], [0.025573336307115706, 0.718657723770842, 0.8871057587221804]], "chi2_level": 0.997, "chi2_df": 3, "chi2_threshold": 13.931422665512084, "N_raw": 103, "N_roi": 102, "N_inlier": 102, "refit": true}
{"timestamp": "17:08:41.098124", "frame": 69, "mu": [-1.3327770616185686, 3.0963510297415797, 1.0949449707506467], "Sigma": [[0.012820416207618443, 0.0003606613252876439, 0.0013890659574729955], [0.0003606613252876438, 0.002352834191803586, -0.00974055132457135], [0.0013890659574729955, -0.00974055132457135, 0.059130663522611274]], "chi2_level": 0.997, "chi2_df": 3, "chi2_threshold": 13.931422665512084, "N_raw": 63, "N_roi": 63, "N_inlier": 61, "refit": true}
{"timestamp": "17:08:41.148660", "frame": 70, "mu": [-1.3527286439859147, 3.177361100027389, 0.8424697931866492], "Sigma": [[0.010142993977066594, -0.000770488642903805, 0.006725128488291097], [-0.000770488642903805, 0.0059735006626799895, -0.02134706233708738], [0.006725128488291096, -0.02134706233708738, 0.1059187970082859]], "chi2_level": 0.997, "chi2_df": 3, "chi2_threshold": 13.931422665512084, "N_raw": 41, "N_roi": 41, "N_inlier": 41, "refit": true}
{"timestamp": "17:08:41.205241", "frame": 71, "mu": [-1.3244046317290923, 3.2424232152758106, -0.6014977942675389], "Sigma": [[0.01189489955808913, 0.004402796766266315, 0.022850162387234547], [0.004402796766266314, 0.028274320222946313, 0.009007722490701978], [0.022850162387234543, 0.009007722490701978, 0.12736096469684569]], "chi2_level": 0.997, "chi2_df": 3, "chi2_threshold": 13.931422665512084, "N_raw": 54, "N_roi": 52, "N_inlier": 52, "refit": true}
{"timestamp": "17:08:41.254853", "frame": 72, "mu": [-1.385200374876389, 3.244182708602217, 0.8055077000178903], "Sigma": [[0.013213434238025637, -0.009085528765184207, 0.054127574510460706], [-0.009085528765184207, 0.010465508354367133, -0.049973730656671864], [0.054127574510460706, -0.049973730656671864, 0.2925761088461152]], "chi2_level": 0.997, "chi2_df": 3, "chi2_threshold": 13.931422665512084, "N_raw": 14, "N_roi": 14, "N_inlier": 14, "refit": true}
{"timestamp": "17:08:41.310166", "frame": 73, "mu": [-1.1998161196937667, 3.132703116892787, 1.2904224315928685], "Sigma": [[0.005363219821147424, -0.0018419459532103362, 0.00853589581843706], [-0.001841945953210336, 0.007932835199236874, -0.02863070668299149], [0.00853589581843706, -0.02863070668299149, 0.11563227539473278]], "chi2_level": 0.997, "chi2_df": 3, "chi2_threshold": 13.931422665512084, "N_raw": 17, "N_roi": 17, "N_inlier": 17, "refit": true}
{"timestamp": "17:08:41.371140", "frame": 74, "mu": [-1.086107116832748, 3.1539315351714867, 1.0598720533718213], "Sigma": [[0.016417744268472423, -0.004337672809182021, -0.014199504087239679], [-0.004337672809182021, 0.007580906170520231, -0.01474583873371303], [-0.014199504087239677, -0.01474583873371303, 0.09154718507571127]], "chi2_level": 0.997, "chi2_df": 3, "chi2_threshold": 13.931422665512084, "N_raw": 58, "N_roi": 56, "N_inlier": 52, "refit": true}
{"timestamp": "17:08:41.433032", "frame": 75, "mu": [-1.2424541924622645, 3.3113658533124632, 0.9836448678185455], "Sigma": [[0.03434329193363933, 0.0028974599129227762, 0.023288910034882225], [0.002897459912922777, 0.019935778462010688, -0.057295281247965735], [0.023288910034882225, -0.057295281247965735, 0.26655231550937974]], "chi2_level": 0.997, "chi2_df": 3, "chi2_threshold": 13.931422665512084, "N_raw": 102, "N_roi": 100, "N_inlier": 100, "refit": true}
{"timestamp": "17:08:41.484162", "frame": 76, "mu": [-1.231935458291067, 3.293332860141734, 0.8474700400218454], "Sigma": [[0.0412501760503285, -0.008441538107736755, 0.049225373419509305], [-0.008441538107736755, 0.008474076831276675, -0.03077096585561083], [0.049225373419509305, -0.03077096585561083, 0.13592093748066575]], "chi2_level": 0.997, "chi2_df": 3, "chi2_threshold": 13.931422665512084, "N_raw": 74, "N_roi": 74, "N_inlier": 71, "refit": true}
{"timestamp": "17:08:41.533712", "frame": 77, "mu": [-1.0957039326264013, 3.2534606491076166, 1.2703078392622489], "Sigma": [[0.016932912174447166, -0.002789884897565548, 0.013996740190313061], [-0.002789884897565548, 0.0051557319242520995, -0.00996003434530662], [0.01399674019031306, -0.00996003434530662, 0.057218323448422925]], "chi2_level": 0.997, "chi2_df": 3, "chi2_threshold": 13.931422665512084, "N_raw": 38, "N_roi": 37, "N_inlier": 36, "refit": true}
{"timestamp": "17:08:41.591478", "frame": 78, "mu": [-1.0750166229511837, 3.371556914087243, 1.0345741574091454], "Sigma": [[0.036694919350200896, -0.01738517953943588, 0.04056272593144726], [-0.01738517953943588, 0.01917615454103585, -0.03719527926135188], [0.04056272593144726, -0.037195279261351875, 0.0836209769257327]], "chi2_level": 0.997, "chi2_df": 3, "chi2_threshold": 13.931422665512084, "N_raw": 61, "N_roi": 59, "N_inlier": 59, "refit": true}
{"timestamp": "17:08:41.644960", "frame": 79, "mu": [-0.8847220705206371, 0.7313217173885871, -1.9492072226119619], "Sigma": [[0.021203739853048638, -0.00639890110730513, -0.018175057232202058], [-0.006398901107305134, 0.9425105609888814, 1.1397382260634479], [-0.018175057232202054, 1.1397382260634477, 1.4004661070382782]], "chi2_level": 0.997, "chi2_df": 3, "chi2_threshold": 13.931422665512084, "N_raw": 48, "N_roi": 42, "N_inlier": 41, "refit": true}
{"timestamp": "17:08:41.693677", "frame": 80, "mu": [-0.904455195227862, 3.4179360132281866, 1.1955075583371166], "Sigma": [[0.009759996768162346, -0.010621825167883453, 0.03903261074218916], [-0.010621825167883453, 0.0143220395243469, -0.045987871034158405], [0.03903261074218917, -0.045987871034158405, 0.1755145783564634]], "chi2_level": 0.997, "chi2_df": 3, "chi2_threshold": 13.931422665512084, "N_raw": 7, "N_roi": 7, "N_inlier": 7, "refit": true}
{"timestamp": "17:08:41.759876", "frame": 81, "mu": [-0.8265658442206095, 3.4608481267812192, 1.232167298638846], "Sigma": [[0.01450162443707792, 0.0007624339164664998, -0.0007438800469454631], [0.0007624339164665, 0.007946938816183321, -0.020134061872404095], [-0.0007438800469454629, -0.020134061872404095, 0.23645939968473936]], "chi2_level": 0.997, "chi2_df": 3, "chi2_threshold": 13.931422665512084, "N_raw": 78, "N_roi": 74, "N_inlier": 74, "refit": true}
{"timestamp": "17:08:41.812560", "frame": 82, "mu": [-0.8053691793512274, 3.4506155393217557, 1.3799200575989732], "Sigma": [[0.017060068495640172, 0.0008625830969561167, -0.003886676022294318], [0.0008625830969561166, 0.005814893845725608, -0.009833872060925316], [-0.003886676022294318, -0.009833872060925316, 0.020126740591754892]], "chi2_level": 0.997, "chi2_df": 3, "chi2_threshold": 13.931422665512084, "N_raw": 69, "N_roi": 69, "N_inlier": 66, "refit": true}
{"timestamp": "17:08:41.864739", "frame": 83, "mu": [-0.7765351099180777, 3.5706757835994316, 0.18027599356895832], "Sigma": [[0.011146121464747737, -0.004033823064357695, 0.007664485962064331], [-0.004033823064357694, 0.02389993967566338, -0.04825427784589259], [0.007664485962064332, -0.0482542778458926, 0.10894628859719624]], "chi2_level": 0.997, "chi2_df": 3, "chi2_threshold": 13.931422665512084, "N_raw": 38, "N_roi": 38, "N_inlier": 38, "refit": true}
{"timestamp": "17:08:41.915278", "frame": 84, "mu": [-0.7267593170379797, 3.4564846166239507, 1.3346429436195972], "Sigma": [[0.0075789212761749975, -0.0007473243746978055, 0.013142052892486458], [-0.0007473243746978055, 0.0024130371818507287, -0.01910014679960497], [0.013142052892486458, -0.01910014679960497, 0.24863357205119346]], "chi2_level": 0.997, "chi2_df": 3, "chi2_threshold": 13.931422665512084, "N_raw": 18, "N_roi": 16, "N_inlier": 16, "refit": true}
{"timestamp": "17:08:41.983027", "frame": 85, "mu": [-0.7475240215449149, 3.6591592167612306, 1.0086332314187747], "Sigma": [[0.03031764669815574, -0.012203634519954955, 0.018431267975298198], [-0.012203634519954955, 0.023472876270116447, -0.061895792583548465], [0.018431267975298198, -0.061895792583548465, 0.18163685880656008]], "chi2_level": 0.997, "chi2_df": 3, "chi2_threshold": 13.931422665512084, "N_raw": 100, "N_roi": 100, "N_inlier": 100, "refit": true}
{"timestamp": "17:08:42.032617", "frame": 86, "mu": [-0.6024568787950652, 3.5749498958414345, 1.413113114375919], "Sigma": [[0.017403309492637305, -0.002479270642841289, 0.006799058934271622], [-0.0024792706428412893, 0.008554498651293508, -0.016319614221056093], [0.006799058934271623, -0.016319614221056093, 0.0365025020777677]], "chi2_level": 0.997, "chi2_df": 3, "chi2_threshold": 13.931422665512084, "N_raw": 60, "N_roi": 60, "N_inlier": 57, "refit": true}
