{"timestamp": "18:57:43.078447", "frame": 1, "mu": [2.3582256482754547, 4.903835063277345, 1.296507965789928], "Sigma": [[0.011060007144076187, -0.0032185300412392454, -0.0012322273486111168], [-0.0032185300412392454, 0.004327541020884836, -0.0020734071684905334], [-0.0012322273486111168, -0.0020734071684905334, 0.005624012210020734]], "chi2_level": 0.997, "chi2_df": 3, "chi2_threshold": 13.931422665512084, "N_raw": 67, "N_roi": 18, "N_inlier": 18, "refit": true}
{"timestamp": "18:57:43.133159", "frame": 2, "mu": [2.3577415575185827, 4.871008556029377, -0.5456988531225772], "Sigma": [[0.010311592027453638, -0.004777508840990029, 0.0151846051830792], [-0.004777508840990029, 0.004969799060211813, -0.020484060163320623], [0.015184605183079198, -0.020484060163320626, 0.1886776676689893]], "chi2_level": 0.997, "chi2_df": 3, "chi2_threshold": 13.931422665512084, "N_raw": 68, "N_roi": 19, "N_inlier": 19, "refit": true}
{"timestamp": "18:57:43.456917", "frame": 8, "mu": [2.3879446995363, 4.798050174144694, 1.3233325898924289], "Sigma": [[0.007225764644550553, -0.0048953289853759414, 0.0006045846454478107], [-0.0048953289853759414, 0.0050692834934857305, -0.0009636237092440119], [0.0006045846454478107, -0.0009636237092440118, 0.00039482959520435696]], "chi2_level": 0.997, "chi2_df": 3, "chi2_threshold": 13.931422665512084, "N_raw": 25, "N_roi": 11, "N_inlier": 11, "refit": true}
{"timestamp": "18:57:43.952160", "frame": 17, "mu": [2.3149399263996258, 4.768622628121036, 1.3643081987433134], "Sigma": [[0.012019095390242129, -0.005429957471888327, -0.003543717718652593], [-0.005429957471888328, 0.004350200291874822, -1.2561447817793038e-05], [-0.0035437177186525928, -1.2561447817793092e-05, 0.006529348012269366]], "chi2_level": 0.997, "chi2_df": 3, "chi2_threshold": 13.931422665512084, "N_raw": 26, "N_roi": 17, "N_inlier": 17, "refit": true}
{"timestamp": "18:57:44.062713", "frame": 19, "mu": [2.3281235006365497, 4.7008921627526545, 1.3879030990635093], "Sigma": [[0.010305879234881106, -0.005206101041920741, -0.0038079469530837738], [-0.005206101041920741, 0.004558211488093428, 0.00012784415265722855], [-0.0038079469530837738, 0.00012784415265722866, 0.007473515395013172]], "chi2_level": 0.997, "chi2_df": 3, "chi2_threshold": 13.931422665512084, "N_raw": 24, "N_roi": 16, "N_inlier": 16, "refit": true}
{"timestamp": "18:57:44.173131", "frame": 21, "mu": [2.2909362121608963, 4.707840542203716, 1.2281254446848926], "Sigma": [[0.019030746072393988, -0.008191448326163475, -0.006014090546160047], [-0.008191448326163475, 0.005640300893859773, -0.000398834482203699], [-0.006014090546160047, -0.0003988344822036989, 0.009154035580989041]], "chi2_level": 0.997, "chi2_df": 3, "chi2_threshold": 13.931422665512084, "N_raw": 32, "N_roi": 24, "N_inlier": 24, "refit": true}
{"timestamp": "18:57:44.229520", "frame": 22, "mu": [2.3041932374820764, 4.653179688223643, 0.9341332041208317], "Sigma": [[0.015663861820084102, -0.0073079206227719285, -0.0008713225263448952], [-0.0073079206227719285, 0.006471881492984115, -0.0006717261513164449], [-0.0008713225263448951, -0.0006717261513164449, 0.003755058619595496]], "chi2_level": 0.997, "chi2_df": 3, "chi2_threshold": 13.931422665512084, "N_raw": 31, "N_roi": 23, "N_inlier": 23, "refit": true}
{"timestamp": "18:57:44.284964", "frame": 23, "mu": [2.2780501696738775, 4.677578862894939, 1.1205976108412141], "Sigma": [[0.020434936220816026, -0.009762675827391733, -0.005639014738017921], [-0.009762675827391733, 0.006704922000296615, 0.0025014440934134742], [-0.005639014738017921, 0.0025014440934134747, 0.0038612771654557374]], "chi2_level": 0.997, "chi2_df": 3, "chi2_threshold": 13.931422665512084, "N_raw": 28, "N_roi": 21, "N_inlier": 20, "refit": true}
{"timestamp": "18:57:44.337096", "frame": 24, "mu": [2.3335651714399464, 4.600565068395781, 1.1662776303902131], "Sigma": [[0.005125714404201181, -0.002709835907567513, -0.010372350333200978], [-0.002709835907567513, 0.0030397049961407097, 0.00820351817523882], [-0.010372350333200978, 0.00820351817523882, 0.07954742156004427]], "chi2_level": 0.997, "chi2_df": 3, "chi2_threshold": 13.931422665512084, "N_raw": 16, "N_roi": 12, "N_inlier": 12, "refit": true}
{"timestamp": "18:57:44.451777", "frame": 26, "mu": [2.2608754520168195, 4.585268868028962, 1.2277281905323534], "Sigma": [[0.022635630692463417, -0.012223110076421333, -0.010225902683607666], [-0.012223110076421333, 0.01014651840002992, 0.005033309207645914], [-0.010225902683607666, 0.005033309207645914, 0.007456353180551041]], "chi2_level": 0.997, "chi2_df": 3, "chi2_threshold": 13.931422665512084, "N_raw": 42, "N_roi": 31, "N_inlier": 30, "refit": true}
{"timestamp": "18:57:44.561701", "frame": 28, "mu": [2.207331500635212, 4.552270393463005, 1.253897547299234], "Sigma": [[0.03229574389634865, -0.017619620636149552, -0.01910440835277289], [-0.017619620636149545, 0.014306035845390593, 0.012532411389410626], [-0.01910440835277289, 0.012532411389410626, 0.015537932578729938]], "chi2_level": 0.997, "chi2_df": 3, "chi2_threshold": 13.931422665512084, "N_raw": 41, "N_roi": 38, "N_inlier": 38, "refit": true}
{"timestamp": "18:57:44.614861", "frame": 29, "mu": [2.1613715536701124, 4.5549394656535425, 1.3403852836751677], "Sigma": [[0.027044905457934584, -0.015357467717262877, -0.018052389865831263], [-0.015357467717262877, 0.010935701688054498, 0.010929256326637334], [-0.018052389865831263, 0.010929256326637334, 0.015145506338690334]], "chi2_level": 0.997, "chi2_df": 3, "chi2_threshold": 13.931422665512084, "N_raw": 29, "N_roi": 24, "N_inlier": 24, "refit": true}
{"timestamp": "18:57:44.668765", "frame": 30, "mu": [2.1630656851326604, 4.4676224516752745, 1.2118993160404736], "Sigma": [[0.02215128780057767, -0.011751269041854261, -0.009633975834945099], [-0.011751269041854263, 0.008479484721211522, 0.005793053408790859], [-0.009633975834945097, 0.00579305340879086, 0.007241518751866955]], "chi2_level": 0.997, "chi2_df": 3, "chi2_threshold": 13.931422665512084, "N_raw": 24, "N_roi": 22, "N_inlier": 22, "refit": true}
{"timestamp": "18:57:44.888071", "frame": 34, "mu": [2.011290952756701, 4.478695496253952, 1.1774762624751296], "Sigma": [[0.013875844947261887, -0.006759752792243796, -0.0015692957696700992], [-0.006759752792243796, 0.008685536203044903, -0.0022117859753506114], [-0.0015692957696700994, -0.0022117859753506114, 0.011810237209141698]], "chi2_level": 0.997, "chi2_df": 3, "chi2_threshold": 13.931422665512084, "N_raw": 22, "N_roi": 22, "N_inlier": 22, "refit": true}
{"timestamp": "18:57:44.999482", "frame": 36, "mu": [1.8522184817666765, 4.453465237098923, 1.1722286294557394], "Sigma": [[0.02085982194963814, -0.008073917305996142, -0.004581912226115245], [-0.008073917305996143, 0.00616654161976255, 0.006062948136705673], [-0.004581912226115245, 0.006062948136705673, 0.010771725417451855]], "chi2_level": 0.997, "chi2_df": 3, "chi2_threshold": 13.931422665512084, "N_raw": 29, "N_roi": 27, "N_inlier": 24, "refit": true}
{"timestamp": "18:57:45.053462", "frame": 37, "mu": [1.7933474319957843, 4.521314619991981, 1.3829073616256295], "Sigma": [[0.013391079794516194, -0.007160290129514856, -0.012422574584015536], [-0.007160290129514855, 0.006856223053546905, 0.011295304449936998], [-0.012422574584015536, 0.011295304449937, 0.020705117297889118]], "chi2_level": 0.997, "chi2_df": 3, "chi2_threshold": 13.931422665512084, "N_raw": 20, "N_roi": 19, "N_inlier": 19, "refit": true}
{"timestamp": "18:57:45.108524", "frame": 38, "mu": [1.7353723513665624, 4.54498906068066, 1.238834154394743], "Sigma": [[0.009904392332071776, -0.006569639644997932, 0.012766082534317689], [-0.006569639644997932, 0.009504633114279728, -0.009521010088948963], [0.012766082534317689, -0.009521010088948963, 0.10292686394278666]], "chi2_level": 0.997, "chi2_df": 3, "chi2_threshold": 13.931422665512084, "N_raw": 19, "N_roi": 19, "N_inlier": 18, "refit": true}
{"timestamp": "18:57:45.164716", "frame": 39, "mu": [1.732045101086934, 4.556074672592751, 1.5173999522802906], "Sigma": [[0.013206961202712895, -0.005607107885686892, -0.004889781127486262], [-0.005607107885686891, 0.0047260878692417735, 0.0033961991252369978], [-0.004889781127486261, 0.0033961991252369978, 0.004398040291347194]], "chi2_level": 0.997, "chi2_df": 3, "chi2_threshold": 13.931422665512084, "N_raw": 24, "N_roi": 20, "N_inlier": 20, "refit": true}
{"timestamp": "18:57:45.275620", "frame": 41, "mu": [1.6548179343884246, 4.594423846038221, 0.5791922666938262], "Sigma": [[0.0199343923114267, -0.0033841232733932865, -0.017392486271489663], [-0.0033841232733932865, 0.004622700674213189, -0.0005553632473724433], [-0.01739248627148966, -0.0005553632473724433, 0.020337399144650235]], "chi2_level": 0.997, "chi2_df": 3, "chi2_threshold": 13.931422665512084, "N_raw": 36, "N_roi": 31, "N_inlier": 30, "refit": true}
{"timestamp": "18:57:45.329078", "frame": 42, "mu": [1.6266729917246068, 4.593020758755788, 1.3251681687577779], "Sigma": [[0.006910150923077524, -0.0013215871016002368, -0.0017537637797470137], [-0.0013215871016002368, 0.001516651585757101, -0.0021341284784006974], [-0.0017537637797470137, -0.0021341284784006974, 0.007989662345853868]], "chi2_level": 0.997, "chi2_df": 3, "chi2_threshold": 13.931422665512084, "N_raw": 20, "N_roi": 10, "N_inlier": 10, "refit": true}
{"timestamp": "18:57:45.385573", "frame": 43, "mu": [1.5772147549105502, 4.608921305522175, 1.3304388437341053], "Sigma": [[0.011449614439601843, -0.0060632119533337685, -0.008721868382160741], [-0.0060632119533337685, 0.006911429167872768, -0.003989581336492647], [-0.00872186838216074, -0.003989581336492647, 0.03298658451031518]], "chi2_level": 0.997, "chi2_df": 3, "chi2_threshold": 13.931422665512084, "N_raw": 23, "N_roi": 20, "N_inlier": 19, "refit": true}
{"timestamp": "18:57:45.442437", "frame": 44, "mu": [1.4852761586210128, 4.576647091834937, 1.4202933511414013], "Sigma": [[0.026268206150068994, -0.009139203270773652, -0.015862740945678445], [-0.009139203270773652, 0.008864684909868263, 0.008088528729561922], [-0.015862740945678445, 0.008088528729561924, 0.016489300764027822]], "chi2_level": 0.997, "chi2_df": 3, "chi2_threshold": 13.931422665512084, "N_raw": 48, "N_roi": 45, "N_inlier": 44, "refit": true}
{"timestamp": "18:57:45.495327", "frame": 45, "mu": [1.4261050407673097, 4.550018794694516, 0.5204249267061035], "Sigma": [[0.017405258752695392, -0.0017936466665803294, -0.029379281593085036], [-0.0017936466665803292, 0.002027866323128922, 0.004641920580812045], [-0.029379281593085036, 0.004641920580812045, 0.09074585725117354]], "chi2_level": 0.997, "chi2_df": 3, "chi2_threshold": 13.931422665512084, "N_raw": 26, "N_roi": 26, "N_inlier": 25, "refit": true}
{"timestamp": "18:57:45.658523", "frame": 48, "mu": [1.340933810188964, 4.502691182888156, 1.1824215133110425], "Sigma": [[0.01906431416915734, -0.007964626228112868, -0.012840245476152607], [-0.007964626228112868, 0.0070781240390177065, 0.011840642476231851], [-0.012840245476152607, 0.01184064247623185, 0.022319929236759295]], "chi2_level": 0.997, "chi2_df": 3, "chi2_threshold": 13.931422665512084, "N_raw": 22, "N_roi": 22, "N_inlier": 22, "refit": true}
{"timestamp": "18:57:45.822122", "frame": 51, "mu": [1.1900493299812194, 4.590979678290551, 1.7215179844863728], "Sigma": [[0.006560899906029144, -0.0013696278392753857, -0.004046191515351814], [-0.0013696278392753857, 0.002116629481746881, -0.0009078079609404679], [-0.004046191515351814, -0.0009078079609404681, 0.009812705906042619]], "chi2_level": 0.997, "chi2_df": 3, "chi2_threshold": 13.931422665512084, "N_raw": 16, "N_roi": 10, "N_inlier": 10, "refit": true}
{"timestamp": "18:57:45.932601", "frame": 53, "mu": [1.1346033661592774, 4.459350624365242, 1.2381608839998477], "Sigma": [[0.00600203246632446, -0.0016913821857376234, -0.004739214994522857], [-0.0016913821857376234, 0.004628653981691075, 0.0056046918659955185], [-0.004739214994522857, 0.0056046918659955185, 0.009813367689199994]], "chi2_level": 0.997, "chi2_df": 3, "chi2_threshold": 13.931422665512084, "N_raw": 15, "N_roi": 13, "N_inlier": 13, "refit": true}
{"timestamp": "18:57:45.988846", "frame": 54, "mu": [1.1097426941567619, 4.438812345680034, 1.2123674238234876], "Sigma": [[0.01782415485278103, -0.008320781438355705, -0.019818942778445744], [-0.008320781438355703, 0.006884146512338793, 0.013632101254629013], [-0.019818942778445744, 0.013632101254629013, 0.030594039046192695]], "chi2_level": 0.997, "chi2_df": 3, "chi2_threshold": 13.931422665512084, "N_raw": 23, "N_roi": 23, "N_inlier": 23, "refit": true}
{"timestamp": "18:57:46.044616", "frame": 55, "mu": [1.0518403927822952, 4.367547065394477, 1.109195734890957], "Sigma": [[0.011201653102035004, -0.0035902251657987647, -0.008009421659044039], [-0.0035902251657987643, 0.0034399663731128505, 0.003644548859494552], [-0.008009421659044039, 0.003644548859494552, 0.008488457527681927]], "chi2_level": 0.997, "chi2_df": 3, "chi2_threshold": 13.931422665512084, "N_raw": 24, "N_roi": 21, "N_inlier": 19, "refit": true}
{"timestamp": "18:57:46.097349", "frame": 56, "mu": [0.9909683146476305, 4.380574912671881, 1.094185519425385], "Sigma": [[0.008700316529425878, -0.0012436412128387277, -0.003341164164499452], [-0.001243641212838728, 0.005652231017802216, 0.007677638324370445], [-0.003341164164499452, 0.007677638324370445, 0.01194537912350357]], "chi2_level": 0.997, "chi2_df": 3, "chi2_threshold": 13.931422665512084, "N_raw": 16, "N_roi": 16, "N_inlier": 16, "refit": true}
{"timestamp": "18:57:46.157461", "frame": 57, "mu": [0.8458389561193125, 4.5107048565493075, 1.5555082211242786], "Sigma": [[0.020574715985898086, -0.0065663513608879755, -0.016676323187547304], [-0.0065663513608879755, 0.007532724904607405, 0.015236725342750586], [-0.016676323187547304, 0.015236725342750584, 0.03525953809456129]], "chi2_level": 0.997, "chi2_df": 3, "chi2_threshold": 13.931422665512084, "N_raw": 46, "N_roi": 35, "N_inlier": 35, "refit": true}
{"timestamp": "18:57:46.215201", "frame": 58, "mu": [0.8486048785063769, 4.467201233356295, 1.331314926566992], "Sigma": [[0.01857238366901019, -0.0029111730239167093, -0.0072073424118493466], [-0.0029111730239167093, 0.005470155627378916, 0.0009600156177154472], [-0.0072073424118493466, 0.0009600156177154472, 0.005230932303913175]], "chi2_level": 0.997, "chi2_df": 3, "chi2_threshold": 13.931422665512084, "N_raw": 58, "N_roi": 41, "N_inlier": 41, "refit": true}
{"timestamp": "18:57:46.263722", "frame": 59, "mu": [0.7757482107720863, 4.37504228254826, 1.1681620402361101], "Sigma": [[0.014380981019026266, -0.0015104279388478189, -0.0012821554228332204], [-0.0015104279388478193, 0.001590453203518293, -0.0005913441130882464], [-0.0012821554228332204, -0.0005913441130882464, 0.0017158401016657936]], "chi2_level": 0.997, "chi2_df": 3, "chi2_threshold": 13.931422665512084, "N_raw": 22, "N_roi": 22, "N_inlier": 21, "refit": true}
{"timestamp": "18:57:46.324725", "frame": 60, "mu": [0.6727776717198973, 4.442498647643278, 1.2324268416418847], "Sigma": [[0.023538917728973683, -0.000666525316096264, 0.0012848318056609461], [-0.000666525316096264, 0.009222773575387462, 0.00743291290394541], [0.001284831805660946, 0.00743291290394541, 0.00893497653852481]], "chi2_level": 0.997, "chi2_df": 3, "chi2_threshold": 13.931422665512084, "N_raw": 59, "N_roi": 57, "N_inlier": 56, "refit": true}
{"timestamp": "18:57:46.380201", "frame": 61, "mu": [0.6649135811207674, 4.487461462473244, 1.3407294489503256], "Sigma": [[0.025758949590493206, -0.002024263705637035, -0.0022529062062287405], [-0.0020242637056370346, 0.006134430761746495, 0.0018540746617797075], [-0.002252906206228741, 0.0018540746617797075, 0.0026676690342096795]], "chi2_level": 0.997, "chi2_df": 3, "chi2_threshold": 13.931422665512084, "N_raw": 61, "N_roi": 52, "N_inlier": 51, "refit": true}
{"timestamp": "18:57:46.428106", "frame": 62, "mu": [0.5833030472213748, 4.499286294909395, 1.2642583025575618], "Sigma": [[0.005497672707566734, -0.0015967790126930532, 0.0022818225204815227], [-0.0015967790126930528, 0.009626662770275034, -0.015657532114298572], [0.0022818225204815227, -0.015657532114298572, 0.029944819294478304]], "chi2_level": 0.997, "chi2_df": 3, "chi2_threshold": 13.931422665512084, "N_raw": 15, "N_roi": 12, "N_inlier": 12, "refit": true}
{"timestamp": "18:57:46.596445", "frame": 65, "mu": [0.4765291815082453, 4.541837707036532, 1.4040729882758938], "Sigma": [[0.01834833196599204, -0.001647823330217019, -0.010146099780033195], [-0.0016478233302170192, 0.0031585068208198454, 8.764347244999654e-05], [-0.010146099780033193, 8.764347244999648e-05, 0.008072460407551251]], "chi2_level": 0.997, "chi2_df": 3, "chi2_threshold": 13.931422665512084, "N_raw": 33, "N_roi": 33, "N_inlier": 32, "refit": true}
{"timestamp": "18:57:46.648404", "frame": 66, "mu": [0.41043353652689313, 4.576653898948785, 0.619592532398043], "Sigma": [[0.0075638079735567175, -0.0005485341588603316, -0.004567623169955836], [-0.0005485341588603317, 0.021417614947008303, -0.022849237949605982], [-0.0045676231699558366, -0.022849237949605982, 0.03101047282487706]], "chi2_level": 0.997, "chi2_df": 3, "chi2_threshold": 13.931422665512084, "N_raw": 19, "N_roi": 15, "N_inlier": 15, "refit": true}
{"timestamp": "18:57:46.704629", "frame": 67, "mu": [0.3543187894406525, 4.578739561280566, 1.592695467619881], "Sigma": [[0.01635307416460041, 0.0013940880473317602, -0.044818040153928804], [0.00139408804733176, 0.003910916534178729, -0.0159672900122557], [-0.044818040153928804, -0.0159672900122557, 0.20752019003383224]], "chi2_level": 0.997, "chi2_df": 3, "chi2_threshold": 13.931422665512084, "N_raw": 25, "N_roi": 23, "N_inlier": 22, "refit": true}
{"timestamp": "18:57:46.762356", "frame": 68, "mu": [0.34395720918192896, 4.581524129567321, 1.5355489530106015], "Sigma": [[0.027215137467041066, -0.00116581192652383, -0.016182231481100054], [-0.00116581192652383, 0.003491553795819637, -0.005275688231330958], [-0.016182231481100054, -0.005275688231330957, 0.024308992350278613]], "chi2_level": 0.997, "chi2_df": 3, "chi2_threshold": 13.931422665512084, "N_raw": 51, "N_roi": 51, "N_inlier": 49, "refit": true}
{"timestamp": "18:57:46.816505", "frame": 69, "mu": [0.31089016795524094, 4.569033536459632, 1.4632982076419176], "Sigma": [[0.01753887776390914, -0.002218246391959231, -0.011290232894910959], [-0.0022182463919592312, 0.002547454983050799, -0.0020600370239639365], [-0.011290232894910959, -0.0020600370239639365, 0.014970266623916347]], "chi2_level": 0.997, "chi2_df": 3, "chi2_threshold": 13.931422665512084, "N_raw": 35, "N_roi": 33, "N_inlier": 32, "refit": true}
{"timestamp": "18:57:47.307460", "frame": 78, "mu": [-0.0662933902190674, 4.442768613780979, 1.3628556769449494], "Sigma": [[0.007417082186134765, -7.244102572929561e-05, -0.005352997575620865], [-7.244102572929561e-05, 0.0017121252480743585, -0.002530779493439726], [-0.005352997575620864, -0.002530779493439726, 0.010190662994689176]], "chi2_level": 0.997, "chi2_df": 3, "chi2_threshold": 13.931422665512084, "N_raw": 13, "N_roi": 12, "N_inlier": 12, "refit": true}
{"timestamp": "18:57:47.368341", "frame": 79, "mu": [-0.1334939776736563, 4.4907334461356525, 0.36266379995320863], "Sigma": [[0.028200864526573697, 0.002403977318187724, -0.012454712600769385], [0.0024039773181877234, 0.005179167231726054, -0.0025787458726868246], [-0.012454712600769385, -0.0025787458726868246, 0.007353960338074635]], "chi2_level": 0.997, "chi2_df": 3, "chi2_threshold": 13.931422665512084, "N_raw": 53, "N_roi": 51, "N_inlier": 51, "refit": true}
{"timestamp": "18:57:47.421527", "frame": 80, "mu": [-0.17275123857480595, 4.489495483905255, 1.2815944907592232], "Sigma": [[0.02437135904003101, -0.0003536470851567419, -0.004943855045003626], [-0.0003536470851567418, 0.0026763087826582083, -0.0005224340146207744], [-0.0049438550450036246, -0.0005224340146207745, 0.0019896185878983384]], "chi2_level": 0.997, "chi2_df": 3, "chi2_threshold": 13.931422665512084, "N_raw": 40, "N_roi": 38, "N_inlier": 37, "refit": true}
{"timestamp": "18:57:47.473260", "frame": 81, "mu": [-0.20171853270698825, 4.489348123377588, 1.205420271410453], "Sigma": [[0.012879819166897134, -0.0005456295196822089, -0.007061422078253263], [-0.0005456295196822087, 0.004105722677402601, 0.0005968788020807364], [-0.007061422078253263, 0.0005968788020807364, 0.005844831517872085]], "chi2_level": 0.997, "chi2_df": 3, "chi2_threshold": 13.931422665512084, "N_raw": 21, "N_roi": 20, "N_inlier": 20, "refit": true}
{"timestamp": "18:57:47.528624", "frame": 82, "mu": [-0.3266410459571553, 4.461366447575845, 1.407025894923686], "Sigma": [[0.019408505011644553, 0.003737683231640036, 0.0036610510994503315], [0.003737683231640036, 0.0042476856380589696, 0.005631220923269054], [0.0036610510994503315, 0.005631220923269054, 0.008722388341368495]], "chi2_level": 0.997, "chi2_df": 3, "chi2_threshold": 13.931422665512084, "N_raw": 24, "N_roi": 23, "N_inlier": 23, "refit": true}
{"timestamp": "18:57:47.586553", "frame": 83, "mu": [-0.30792174085527113, 4.439303991216264, 1.2250854531629303], "Sigma": [[0.01959313127224408, -0.00013999419044258136, -0.004075980024258472], [-0.00013999419044258136, 0.002899228414666878, -0.004204374014783292], [-0.004075980024258472, -0.004204374014783291, 0.009037121440574544]], "chi2_level": 0.997, "chi2_df": 3, "chi2_threshold": 13.931422665512084, "N_raw": 40, "N_roi": 40, "N_inlier": 40, "refit": true}
{"timestamp": "18:57:47.641525", "frame": 84, "mu": [-0.44667961713498516, 4.434576872759962, 0.5031700728782801], "Sigma": [[0.030908344439314103, 0.005330855501021495, -0.002264818600959574], [0.005330855501021495, 0.00395251277308881, 0.00036910534643028864], [-0.002264818600959574, 0.0003691053464302886, 0.0014286582460620782]], "chi2_level": 0.997, "chi2_df": 3, "chi2_threshold": 13.931422665512084, "N_raw": 40, "N_roi": 40, "N_inlier": 39, "refit": true}
{"timestamp": "18:57:47.749079", "frame": 86, "mu": [-0.5433461353823695, 4.440137242187501, 1.3738245654610457], "Sigma": [[0.02740829865205585, 0.0015975299512014911, -0.010852765953020434], [0.0015975299512014914, 0.0014575311356882679, -0.0015861874528386552], [-0.010852765953020434, -0.0015861874528386552, 0.006665686973342618]], "chi2_level": 0.997, "chi2_df": 3, "chi2_threshold": 13.931422665512084, "N_raw": 30, "N_roi": 26, "N_inlier": 26, "refit": true}
{"timestamp": "18:57:47.805006", "frame": 87, "mu": [-0.5173907359026639, 4.4717472410546115, 1.14765087583029], "Sigma": [[0.01622757125851616, 0.001663767434578473, -0.0029001157512301367], [0.001663767434578473, 0.0016037072370852512, -0.001309665861902396], [-0.0029001157512301367, -0.001309665861902396, 0.0030585516320417775]], "chi2_level": 0.997, "chi2_df": 3, "chi2_threshold": 13.931422665512084, "N_raw": 26, "N_roi": 21, "N_inlier": 20, "refit": true}
{"timestamp": "18:57:47.861414", "frame": 88, "mu": [-0.6285822790188305, 4.459501122432467, 1.3203052858483182], "Sigma": [[0.025217502588930577, 0.003104430158122245, -0.010287721774994405], [0.003104430158122245, 0.0027786175000870054, -0.0037999123404481084], [-0.010287721774994405, -0.0037999123404481084, 0.009006894894189895]], "chi2_level": 0.997, "chi2_df": 3, "chi2_threshold": 13.931422665512084, "N_raw": 40, "N_roi": 35, "N_inlier": 35, "refit": true}
{"timestamp": "18:57:48.023625", "frame": 91, "mu": [-0.7544561982169735, 4.5295749815909145, -0.5092662235738395], "Sigma": [[0.010351916567025339, 0.000824928368491772, 0.019290867534082885], [0.000824928368491772, 0.002023687262443798, 0.0004077490793580183], [0.019290867534082885, 0.0004077490793580183, 0.13182676732335705]], "chi2_level": 0.997, "chi2_df": 3, "chi2_threshold": 13.931422665512084, "N_raw": 22, "N_roi": 19, "N_inlier": 19, "refit": true}
{"timestamp": "18:57:48.136492", "frame": 93, "mu": [-0.7701382234461657, 4.491130762128978, 1.2384452671973418], "Sigma": [[0.02838315419968429, 0.0023179443001533, -0.011614479427308255], [0.0023179443001533, 0.0026229213069473437, -0.0028291051284865722], [-0.011614479427308255, -0.002829105128486573, 0.007374409298593994]], "chi2_level": 0.997, "chi2_df": 3, "chi2_threshold": 13.931422665512084, "N_raw": 39, "N_roi": 37, "N_inlier": 37, "refit": true}
{"timestamp": "18:57:48.189955", "frame": 94, "mu": [-0.8591292871742434, 4.567003730722687, 0.45999798194605823], "Sigma": [[0.018430002079836985, 0.004090947188235262, -0.007622061461445298], [0.004090947188235263, 0.00393264817953532, -0.002555762488306235], [-0.007622061461445299, -0.0025557624883062353, 0.004733840728004992]], "chi2_level": 0.997, "chi2_df": 3, "chi2_threshold": 13.931422665512084, "N_raw": 31, "N_roi": 31, "N_inlier": 30, "refit": true}
{"timestamp": "18:57:48.302445", "frame": 96, "mu": [-0.933192340950713, 4.5317030806977066, 1.3744901072953106], "Sigma": [[0.027647032455145923, 0.0024560780705248763, -0.01208214892928873], [0.0024560780705248763, 0.002738817017451614, -0.004052877474718203], [-0.01208214892928873, -0.004052877474718204, 0.011578007836197418]], "chi2_level": 0.997, "chi2_df": 3, "chi2_threshold": 13.931422665512084, "N_raw": 48, "N_roi": 45, "N_inlier": 42, "refit": true}
{"timestamp": "18:57:48.355797", "frame": 97, "mu": [-0.9935956071471109, 4.492347189485415, 1.158903441659144], "Sigma": [[0.023804770150164214, 0.0033995427164081066, -0.009118377215142765], [0.0033995427164081066, 0.003175462915422581, -0.003331221642514437], [-0.009118377215142765, -0.003331221642514437, 0.006706418131996141]], "chi2_level": 0.997, "chi2_df": 3, "chi2_threshold": 13.931422665512084, "N_raw": 38, "N_roi": 38, "N_inlier": 38, "refit": true}
{"timestamp": "18:57:48.465971", "frame": 99, "mu": [-1.0562052602070446, 4.5319672502366855, 1.3024190961939217], "Sigma": [[0.02450346651354622, 0.003621545639119942, -0.012901429667707288], [0.003621545639119942, 0.0017523488267139624, -0.0033860615734420283], [-0.012901429667707286, -0.0033860615734420283, 0.01102443280414089]], "chi2_level": 0.997, "chi2_df": 3, "chi2_threshold": 13.931422665512084, "N_raw": 33, "N_roi": 29, "N_inlier": 27, "refit": true}
{"timestamp": "18:57:48.905858", "frame": 107, "mu": [-1.468431160551773, 4.439020326911964, 1.2320663101227656], "Sigma": [[0.023136037295407988, 0.006213583051085199, -0.008823712064068064], [0.0062135830510852, 0.004214910734533279, -0.005508301364416357], [-0.008823712064068064, -0.0055083013644163575, 0.010019617364008878]], "chi2_level": 0.997, "chi2_df": 3, "chi2_threshold": 13.931422665512084, "N_raw": 37, "N_roi": 37, "N_inlier": 36, "refit": true}
{"timestamp": "18:57:49.013785", "frame": 109, "mu": [-1.5769549430859537, 4.480962029133861, 1.319772535751091], "Sigma": [[0.02078561175745462, 0.0055967878663217814, -0.00248609826288774], [0.005596787866321781, 0.0043155478557391595, -0.0027549262184103024], [-0.00248609826288774, -0.0027549262184103024, 0.0042033858121999805]], "chi2_level": 0.997, "chi2_df": 3, "chi2_threshold": 13.931422665512084, "N_raw": 31, "N_roi": 31, "N_inlier": 31, "refit": true}
{"timestamp": "18:57:49.067008", "frame": 110, "mu": [-1.6487457092115638, 4.46464070247734, 1.3612545920836323], "Sigma": [[0.008817974832722713, 0.0032669517812211005, -0.0011700121305939651], [0.0032669517812211005, 0.004277688024992398, -0.002229309968662869], [-0.0011700121305939651, -0.002229309968662869, 0.00214313486571164]], "chi2_level": 0.997, "chi2_df": 3, "chi2_threshold": 13.931422665512084, "N_raw": 13, "N_roi": 11, "N_inlier": 11, "refit": true}
{"timestamp": "18:57:49.124916", "frame": 111, "mu": [-1.701448943647129, 4.4688831017906665, 1.2293909564195642], "Sigma": [[0.017221053315021884, 0.005694811494876955, -0.011648205372428931], [0.005694811494876955, 0.004321089394729219, -0.004291628627969506], [-0.011648205372428931, -0.004291628627969506, 0.009641356420412544]], "chi2_level": 0.997, "chi2_df": 3, "chi2_threshold": 13.931422665512084, "N_raw": 26, "N_roi": 24, "N_inlier": 23, "refit": true}
{"timestamp": "18:57:49.179080", "frame": 112, "mu": [-1.606999550731181, 4.542655800097232, 0.7092200092956389], "Sigma": [[0.01672304334130116, 0.0036562866829997643, -0.03017189432727419], [0.0036562866829997643, 0.002715452907589949, -0.012928744296058722], [-0.03017189432727419, -0.01292874429605872, 0.1108534806499052]], "chi2_level": 0.997, "chi2_df": 3, "chi2_threshold": 13.931422665512084, "N_raw": 25, "N_roi": 23, "N_inlier": 23, "refit": true}
{"timestamp": "18:57:49.232316", "frame": 113, "mu": [-1.7571119868411222, 4.4977859870651535, 1.3575027757601743], "Sigma": [[0.009821549372703688, 0.003014974017752822, -0.02341368934611066], [0.0030149740177528215, 0.0025005451586393337, -0.010334731328248453], [-0.02341368934611066, -0.010334731328248453, 0.0993326315395191]], "chi2_level": 0.997, "chi2_df": 3, "chi2_threshold": 13.931422665512084, "N_raw": 15, "N_roi": 13, "N_inlier": 12, "refit": true}
{"timestamp": "18:57:49.343426", "frame": 115, "mu": [-1.8631413718273888, 4.506956162111878, 1.4747996513243251], "Sigma": [[0.010786432680720272, 0.0041464998024189435, -0.009035782112393672], [0.0041464998024189435, 0.0030249038904894884, -0.007921081055447166], [-0.009035782112393672, -0.007921081055447166, 0.030594249358592725]], "chi2_level": 0.997, "chi2_df": 3, "chi2_threshold": 13.931422665512084, "N_raw": 22, "N_roi": 20, "N_inlier": 19, "refit": true}
{"timestamp": "18:57:49.509981", "frame": 118, "mu": [-1.9914199356059212, 4.478846324302426, 1.4628505850036422], "Sigma": [[0.01575562829598718, 0.006798649149922045, -0.007628470529143669], [0.006798649149922045, 0.006025775824553873, -0.007225965222938504], [-0.007628470529143668, -0.007225965222938503, 0.010996114949724918]], "chi2_level": 0.997, "chi2_df": 3, "chi2_threshold": 13.931422665512084, "N_raw": 33, "N_roi": 30, "N_inlier": 29, "refit": true}
{"timestamp": "18:57:49.618981", "frame": 120, "mu": [-1.952842742735163, 4.50038123486864, 1.2510297565556794], "Sigma": [[0.02208597312062649, 0.006131247190352838, -0.012711242656387615], [0.006131247190352837, 0.0033730483705842907, -0.003953065315464499], [-0.012711242656387615, -0.003953065315464499, 0.009023386071247893]], "chi2_level": 0.997, "chi2_df": 3, "chi2_threshold": 13.931422665512084, "N_raw": 26, "N_roi": 23, "N_inlier": 23, "refit": true}
