{"timestamp": "18:36:53.468209", "frame": 23, "mu": [-2.341746097800232, 4.943750673480771, 1.3527856477889555], "Sigma": [[0.0075553041298802555, 0.0013038988370638598, -0.00028555659392555724], [0.0013038988370638594, 0.001933589158762401, -0.006263333755076508], [-0.0002855565939255566, -0.006263333755076508, 0.02545238689768048]], "chi2_level": 0.997, "chi2_df": 3, "chi2_threshold": 13.931422665512084, "N_raw": 37, "N_roi": 12, "N_inlier": 11, "refit": true}
{"timestamp": "18:36:53.519775", "frame": 24, "mu": [-2.3534611057346395, 4.910691322793382, 1.5796263569732063], "Sigma": [[0.006688397721547913, 0.0022395506673653772, -0.0037096952454492484], [0.002239550667365377, 0.0025920218490250585, -0.00589938776496699], [-0.0037096952454492484, -0.00589938776496699, 0.016351207252708]], "chi2_level": 0.997, "chi2_df": 3, "chi2_threshold": 13.931422665512084, "N_raw": 19, "N_roi": 12, "N_inlier": 12, "refit": true}
{"timestamp": "18:36:53.580065", "frame": 25, "mu": [-2.265665954473917, 4.929968998520879, 1.241513693326135], "Sigma": [[0.01769694117318306, 0.005080872537977338, -0.018733232787991494], [0.005080872537977338, 0.002815199536714221, -0.010220774394625933], [-0.018733232787991494, -0.010220774394625933, 0.05364546200103938]], "chi2_level": 0.997, "chi2_df": 3, "chi2_threshold": 13.931422665512084, "N_raw": 56, "N_roi": 24, "N_inlier": 24, "refit": true}
{"timestamp": "18:36:53.690695", "frame": 27, "mu": [-2.219594877350701, 4.900687509412772, 0.9079426648078983], "Sigma": [[0.028230498524785375, 0.0058017671958716256, -0.025922530270117792], [0.0058017671958716256, 0.002611450007277826, -0.009829252217185867], [-0.02592253027011779, -0.009829252217185867, 0.049897049394863835]], "chi2_level": 0.997, "chi2_df": 3, "chi2_threshold": 13.931422665512084, "N_raw": 44, "N_roi": 34, "N_inlier": 33, "refit": true}
{"timestamp": "18:36:53.799090", "frame": 29, "mu": [-2.2084965432120907, 4.869006526862604, 0.7823780318042742], "Sigma": [[0.03132555783515592, 0.007696568635716014, -0.010721801861151667], [0.007696568635716014, 0.0028073202630252794, -0.004545715046803459], [-0.010721801861151667, -0.004545715046803459, 0.02499820445742476]], "chi2_level": 0.997, "chi2_df": 3, "chi2_threshold": 13.931422665512084, "N_raw": 33, "N_roi": 32, "N_inlier": 31, "refit": true}
{"timestamp": "18:36:53.856477", "frame": 30, "mu": [-2.1917999489082076, 4.863061965108232, 0.8265368019610219], "Sigma": [[0.029799232040035505, 0.006317717285239709, -0.019105514322899246], [0.006317717285239709, 0.004600911761917797, -0.008907895206558068], [-0.019105514322899246, -0.008907895206558068, 0.024122963534647157]], "chi2_level": 0.997, "chi2_df": 3, "chi2_threshold": 13.931422665512084, "N_raw": 49, "N_roi": 43, "N_inlier": 43, "refit": true}
{"timestamp": "18:36:53.910455", "frame": 31, "mu": [-2.2301010544072555, 4.817541101926396, 0.8483280533844907], "Sigma": [[0.025166000238965404, 0.006337452454143039, -0.01568129244263801], [0.006337452454143039, 0.003337657492206068, -0.0075927321357859056], [-0.01568129244263801, -0.0075927321357859056, 0.021705631800151858]], "chi2_level": 0.997, "chi2_df": 3, "chi2_threshold": 13.931422665512084, "N_raw": 41, "N_roi": 34, "N_inlier": 33, "refit": true}
{"timestamp": "18:36:53.965687", "frame": 32, "mu": [-2.2266913284157317, 4.758210988779383, 0.902086621625321], "Sigma": [[0.021554700462161687, 0.005710237533236937, -0.0038573314757660675], [0.005710237533236937, 0.0033347148667909124, -0.00426394066757508], [-0.003857331475766067, -0.004263940667575079, 0.011683827192739013]], "chi2_level": 0.997, "chi2_df": 3, "chi2_threshold": 13.931422665512084, "N_raw": 41, "N_roi": 30, "N_inlier": 30, "refit": true}
{"timestamp": "18:36:54.020555", "frame": 33, "mu": [-2.2156040240927832, 4.706236454633207, 0.9469995277975218], "Sigma": [[0.021485887238172463, 0.006773818314285985, -0.0033563414460494145], [0.006773818314285984, 0.003773710155835195, -0.004626398241648816], [-0.003356341446049416, -0.004626398241648817, 0.01844963994837243]], "chi2_level": 0.997, "chi2_df": 3, "chi2_threshold": 13.931422665512084, "N_raw": 36, "N_roi": 31, "N_inlier": 31, "refit": true}
{"timestamp": "18:36:54.075556", "frame": 34, "mu": [-2.2424211377191203, 4.665873710737276, 0.9973184579598338], "Sigma": [[0.016081056387433016, 0.002395298122097488, 0.004962953198625044], [0.002395298122097488, 0.0020167507447131777, -0.002882933546437691], [0.004962953198625045, -0.002882933546437691, 0.0142781340113783]], "chi2_level": 0.997, "chi2_df": 3, "chi2_threshold": 13.931422665512084, "N_raw": 36, "N_roi": 25, "N_inlier": 25, "refit": true}
{"timestamp": "18:36:54.183988", "frame": 36, "mu": [-2.2209179268205084, 4.561439921033642, 1.2534301280194748], "Sigma": [[0.023459897601226107, 0.0073537464494383715, -0.00842837677929804], [0.007353746449438371, 0.00483127879258202, -0.00787647648871436], [-0.00842837677929804, -0.00787647648871436, 0.017059395932128907]], "chi2_level": 0.997, "chi2_df": 3, "chi2_threshold": 13.931422665512084, "N_raw": 34, "N_roi": 34, "N_inlier": 33, "refit": true}
{"timestamp": "18:36:54.238546", "frame": 37, "mu": [-2.150174403464657, 4.554052184945999, 1.105775281984872], "Sigma": [[0.014842693022039265, 0.0022319516280704774, -1.4688230160244276e-05], [0.002231951628070478, 0.00134017663967146, -0.0045417649692639835], [-1.4688230160242541e-05, -0.0045417649692639835, 0.0352352182675628]], "chi2_level": 0.997, "chi2_df": 3, "chi2_threshold": 13.931422665512084, "N_raw": 24, "N_roi": 22, "N_inlier": 22, "refit": true}
{"timestamp": "18:36:54.347663", "frame": 39, "mu": [-2.051732527786497, 4.58128029138372, 0.24208432803451113], "Sigma": [[0.023566051657837928, 0.006600291914057721, -0.00700209640541679], [0.006600291914057723, 0.005443591046677855, -0.006943394368327256], [-0.00700209640541679, -0.006943394368327256, 0.0104536675739457]], "chi2_level": 0.997, "chi2_df": 3, "chi2_threshold": 13.931422665512084, "N_raw": 24, "N_roi": 23, "N_inlier": 23, "refit": true}
{"timestamp": "18:36:54.465672", "frame": 41, "mu": [-2.1650155835612024, 4.350061475360392, 1.0714224973735638], "Sigma": [[0.03374425032494694, 0.007028145459123539, -0.02071122608368364], [0.007028145459123539, 0.005069173743608904, -0.009001373270588461], [-0.02071122608368364, -0.009001373270588461, 0.04118261417981725]], "chi2_level": 0.997, "chi2_df": 3, "chi2_threshold": 13.931422665512084, "N_raw": 74, "N_roi": 53, "N_inlier": 52, "refit": true}
{"timestamp": "18:36:54.517144", "frame": 42, "mu": [-2.114328991353469, 4.300798690485586, 1.0166218243393859], "Sigma": [[0.030391046913910577, 0.006474983070942203, -0.007899736937129857], [0.006474983070942202, 0.0030327341311801545, -0.006200389362864849], [-0.007899736937129857, -0.006200389362864849, 0.01978630800865768]], "chi2_level": 0.997, "chi2_df": 3, "chi2_threshold": 13.931422665512084, "N_raw": 44, "N_roi": 44, "N_inlier": 43, "refit": true}
{"timestamp": "18:36:54.572562", "frame": 43, "mu": [-2.2053680570304843, 4.356307783406308, 0.09123653359712422], "Sigma": [[0.031290397794889, 0.012066132022367983, -0.0036504005981049283], [0.012066132022367983, 0.011250982677464159, -0.014650446121828978], [-0.0036504005981049287, -0.01465044612182898, 0.030145350216985136]], "chi2_level": 0.997, "chi2_df": 3, "chi2_threshold": 13.931422665512084, "N_raw": 52, "N_roi": 50, "N_inlier": 50, "refit": true}
{"timestamp": "18:36:54.621137", "frame": 44, "mu": [-2.2565114018022188, 4.244306030525836, 0.05347245494394379], "Sigma": [[0.0233996243627006, -0.00815700893791223, 0.023440164155279518], [-0.00815700893791223, 0.009328860804914527, -0.00898890682760278], [0.023440164155279518, -0.00898890682760278, 0.03809479834798726]], "chi2_level": 0.997, "chi2_df": 3, "chi2_threshold": 13.931422665512084, "N_raw": 11, "N_roi": 10, "N_inlier": 10, "refit": true}
{"timestamp": "18:36:54.679526", "frame": 45, "mu": [-2.1052897064912086, 4.1627820682958205, 1.1937259363070627], "Sigma": [[0.021293338626620924, 0.0075122377483899765, -0.0034909417676731915], [0.0075122377483899765, 0.0061408989698557145, -0.0016717323044672465], [-0.0034909417676731915, -0.0016717323044672465, 0.003418721083645062]], "chi2_level": 0.997, "chi2_df": 3, "chi2_threshold": 13.931422665512084, "N_raw": 33, "N_roi": 33, "N_inlier": 32, "refit": true}
{"timestamp": "18:36:54.735472", "frame": 46, "mu": [-2.223845007145855, 4.080771016686132, 1.1094213613983552], "Sigma": [[0.022706578430208284, 0.008688119635434484, -0.006610257670454155], [0.008688119635434484, 0.006387725306864514, -0.006035492705749601], [-0.006610257670454155, -0.006035492705749601, 0.010334988254605727]], "chi2_level": 0.997, "chi2_df": 3, "chi2_threshold": 13.931422665512084, "N_raw": 41, "N_roi": 37, "N_inlier": 36, "refit": true}
{"timestamp": "18:36:54.791556", "frame": 47, "mu": [-2.2085088473697474, 4.140167024929105, 0.23766634848563858], "Sigma": [[0.027089309838104935, 0.005950228092100886, 0.009138888754620843], [0.005950228092100885, 0.009424177272113749, -0.013586839652045905], [0.009138888754620841, -0.013586839652045907, 0.03666093668471061]], "chi2_level": 0.997, "chi2_df": 3, "chi2_threshold": 13.931422665512084, "N_raw": 48, "N_roi": 44, "N_inlier": 44, "refit": true}
{"timestamp": "18:36:54.844556", "frame": 48, "mu": [-2.1836711188145532, 4.01101796211541, 1.0196566587505846], "Sigma": [[0.016982319395224495, 0.0044042038814079, -0.010171359429975284], [0.0044042038814079, 0.003145357446444024, -0.005984219530117112], [-0.010171359429975284, -0.005984219530117112, 0.015313997309754865]], "chi2_level": 0.997, "chi2_df": 3, "chi2_threshold": 13.931422665512084, "N_raw": 32, "N_roi": 29, "N_inlier": 29, "refit": true}
{"timestamp": "18:36:54.900483", "frame": 49, "mu": [-2.210625983834359, 3.938080708898386, 1.0844524077560935], "Sigma": [[0.028707888350603394, 0.009720969999733948, -0.011851222508630754], [0.009720969999733948, 0.005354463613550392, -0.00821900945629431], [-0.011851222508630754, -0.00821900945629431, 0.01727514395716411]], "chi2_level": 0.997, "chi2_df": 3, "chi2_threshold": 13.931422665512084, "N_raw": 41, "N_roi": 39, "N_inlier": 39, "refit": true}
{"timestamp": "18:36:54.958444", "frame": 50, "mu": [-2.2007004152070104, 3.8907408749495414, 1.1951219128424215], "Sigma": [[0.02905149691602741, 0.008736859115730952, -0.019159229306355864], [0.008736859115730952, 0.00650249971611746, -0.01391054331312322], [-0.019159229306355864, -0.01391054331312322, 0.034020960253032646]], "chi2_level": 0.997, "chi2_df": 3, "chi2_threshold": 13.931422665512084, "N_raw": 62, "N_roi": 57, "N_inlier": 56, "refit": true}
{"timestamp": "18:36:55.068407", "frame": 52, "mu": [-2.1787150167885367, 3.7737021475979864, 0.9778130977306623], "Sigma": [[0.027070600150783587, 0.0042918774194877374, -0.014010195751003951], [0.0042918774194877374, 0.0033317984555533506, -0.007927444922929775], [-0.014010195751003951, -0.007927444922929775, 0.04919907465884317]], "chi2_level": 0.997, "chi2_df": 3, "chi2_threshold": 13.931422665512084, "N_raw": 59, "N_roi": 56, "N_inlier": 54, "refit": true}
{"timestamp": "18:36:55.117979", "frame": 53, "mu": [-2.1719811032951584, 3.762949532892956, 0.8425632470669313], "Sigma": [[0.010241198177234985, -0.00031178550985524724, -0.008331887585403042], [-0.00031178550985524697, 0.002107026203987473, -0.001279824758851316], [-0.008331887585403042, -0.0012798247588513155, 0.010182710081578429]], "chi2_level": 0.997, "chi2_df": 3, "chi2_threshold": 13.931422665512084, "N_raw": 18, "N_roi": 18, "N_inlier": 17, "refit": true}
{"timestamp": "18:36:55.173294", "frame": 54, "mu": [-2.1715274377247935, 3.622741091767397, 0.9720216920379643], "Sigma": [[0.013451390390885257, 0.004126288343936581, -0.011197486473275887], [0.004126288343936581, 0.002756312269655497, -0.006679681808302991], [-0.011197486473275887, -0.006679681808302991, 0.018867552930506477]], "chi2_level": 0.997, "chi2_df": 3, "chi2_threshold": 13.931422665512084, "N_raw": 25, "N_roi": 25, "N_inlier": 24, "refit": true}
{"timestamp": "18:36:55.231720", "frame": 55, "mu": [-2.185652716576519, 3.547727483867128, 0.9270887722122838], "Sigma": [[0.02572636429734525, 0.007915642422424592, -0.015968818854848462], [0.007915642422424592, 0.006321554045984729, -0.007744449793300281], [-0.015968818854848462, -0.007744449793300281, 0.013837303399040969]], "chi2_level": 0.997, "chi2_df": 3, "chi2_threshold": 13.931422665512084, "N_raw": 45, "N_roi": 45, "N_inlier": 44, "refit": true}
{"timestamp": "18:36:55.286470", "frame": 56, "mu": [-2.1805330422413216, 3.5074068017692177, 1.060836556971588], "Sigma": [[0.027677869051666526, 0.008159579979657215, -0.01653104970339266], [0.008159579979657215, 0.005302312896110657, -0.008307892690307038], [-0.01653104970339266, -0.008307892690307038, 0.01621782917381861]], "chi2_level": 0.997, "chi2_df": 3, "chi2_threshold": 13.931422665512084, "N_raw": 45, "N_roi": 42, "N_inlier": 42, "refit": true}
{"timestamp": "18:36:55.342490", "frame": 57, "mu": [-2.198780429457551, 3.5670423633541697, -0.38237768607809647], "Sigma": [[0.025105545571341054, 0.01352057463403102, 0.03736320797985096], [0.013520574634031023, 0.01627790110601539, 0.03551846010952195], [0.03736320797985096, 0.03551846010952195, 0.1293642408161481]], "chi2_level": 0.997, "chi2_df": 3, "chi2_threshold": 13.931422665512084, "N_raw": 53, "N_roi": 49, "N_inlier": 49, "refit": true}
{"timestamp": "18:36:55.396799", "frame": 58, "mu": [-2.093606810003331, 3.4559054467655645, 0.9796248514964084], "Sigma": [[0.025593093937507173, 0.0005052949580179609, -0.00792083281228873], [0.0005052949580179607, 0.0020818671498147485, -0.003997803822329129], [-0.007920832812288729, -0.0039978038223291296, 0.016437672916756907]], "chi2_level": 0.997, "chi2_df": 3, "chi2_threshold": 13.931422665512084, "N_raw": 42, "N_roi": 42, "N_inlier": 41, "refit": true}
{"timestamp": "18:36:55.453896", "frame": 59, "mu": [-2.175422004148062, 3.3687256618604504, 1.1152990520852308], "Sigma": [[0.022584302250887478, 0.005195827329907127, -0.008840030976595673], [0.005195827329907127, 0.004831586066634858, -0.008141700095803596], [-0.008840030976595671, -0.008141700095803596, 0.02043315083359381]], "chi2_level": 0.997, "chi2_df": 3, "chi2_threshold": 13.931422665512084, "N_raw": 55, "N_roi": 53, "N_inlier": 52, "refit": true}
{"timestamp": "18:36:55.507761", "frame": 60, "mu": [-2.2003461768288264, 3.324010932743648, 1.1966714727529322], "Sigma": [[0.02751474753352917, 0.010553504620993207, -0.00674182329251508], [0.010553504620993207, 0.009032012808711591, -0.005098629420217464], [-0.00674182329251508, -0.005098629420217463, 0.004282259423515337]], "chi2_level": 0.997, "chi2_df": 3, "chi2_threshold": 13.931422665512084, "N_raw": 55, "N_roi": 53, "N_inlier": 52, "refit": true}
{"timestamp": "18:36:55.562694", "frame": 61, "mu": [-2.1686539253901334, 3.3430238325299495, 0.12475870731624839], "Sigma": [[0.026490213657294003, 0.01050465440399478, -0.009252945304583161], [0.01050465440399478, 0.010568260704074121, -0.007085509599157393], [-0.009252945304583163, -0.007085509599157394, 0.007005184802283233]], "chi2_level": 0.997, "chi2_df": 3, "chi2_threshold": 13.931422665512084, "N_raw": 55, "N_roi": 55, "N_inlier": 53, "refit": true}
{"timestamp": "18:36:55.673451", "frame": 63, "mu": [-2.093069030227193, 3.251193859136126, -0.02244716107104056], "Sigma": [[0.02109638930872621, 0.011025751587337086, -0.006488668309443941], [0.011025751587337086, 0.013042862812030579, -0.011206285947510532], [-0.006488668309443941, -0.011206285947510532, 0.017495341040176336]], "chi2_level": 0.997, "chi2_df": 3, "chi2_threshold": 13.931422665512084, "N_raw": 54, "N_roi": 48, "N_inlier": 46, "refit": true}
{"timestamp": "18:36:55.724705", "frame": 64, "mu": [-2.215796052906378, 3.0812727224385505, 1.0723753740918127], "Sigma": [[0.01811426279178186, 0.0066081316794239205, -0.002417765752232143], [0.0066081316794239205, 0.004884316682158925, -0.003735779710837308], [-0.002417765752232143, -0.003735779710837308, 0.0060187272143721144]], "chi2_level": 0.997, "chi2_df": 3, "chi2_threshold": 13.931422665512084, "N_raw": 35, "N_roi": 35, "N_inlier": 34, "refit": true}
{"timestamp": "18:36:55.781520", "frame": 65, "mu": [-2.1873488410427946, 3.048122449743144, 1.0762501216145255], "Sigma": [[0.021857184640053314, 0.009251568190970734, 0.006374351541474799], [0.009251568190970734, 0.00599356140506833, -0.0008134897984167695], [0.006374351541474799, -0.0008134897984167695, 0.022160885310119685]], "chi2_level": 0.997, "chi2_df": 3, "chi2_threshold": 13.931422665512084, "N_raw": 44, "N_roi": 44, "N_inlier": 43, "refit": true}
{"timestamp": "18:36:55.832544", "frame": 66, "mu": [-2.195662388384817, 2.9383653264223977, 1.1736725559700312], "Sigma": [[0.00786509545433829, 0.0024276947551979365, -0.0032127525844213045], [0.002427694755197937, 0.0032762289258145383, -0.0038515126782088112], [-0.003212752584421304, -0.0038515126782088117, 0.008903291690533778]], "chi2_level": 0.997, "chi2_df": 3, "chi2_threshold": 13.931422665512084, "N_raw": 20, "N_roi": 20, "N_inlier": 20, "refit": true}
{"timestamp": "18:36:55.889353", "frame": 67, "mu": [-2.2370759942567515, 2.994745871285407, 0.03748752249388732], "Sigma": [[0.014165111144581783, 0.003464045672570212, 0.004095637873834475], [0.0034640456725702124, 0.0048402567625981585, -0.002371173045814799], [0.0040956378738344745, -0.002371173045814799, 0.005537137001095334]], "chi2_level": 0.997, "chi2_df": 3, "chi2_threshold": 13.931422665512084, "N_raw": 32, "N_roi": 32, "N_inlier": 30, "refit": true}
{"timestamp": "18:36:55.945534", "frame": 68, "mu": [-2.1675268866624777, 2.9847569014121635, -0.04714181560157559], "Sigma": [[0.012524473347418822, 0.006047832824031787, -0.004344928361828311], [0.0060478328240317885, 0.009029858081505778, -0.00887424544968571], [-0.004344928361828311, -0.00887424544968571, 0.01050914836917591]], "chi2_level": 0.997, "chi2_df": 3, "chi2_threshold": 13.931422665512084, "N_raw": 37, "N_roi": 37, "N_inlier": 37, "refit": true}
{"timestamp": "18:36:55.999416", "frame": 69, "mu": [-2.2533322702253646, 2.801545522373699, 1.2273448612778926], "Sigma": [[0.013808222573423628, 0.004780297842569326, -0.00504959445658312], [0.004780297842569326, 0.003282013922248475, -0.005064155304456246], [-0.00504959445658312, -0.005064155304456246, 0.0176608157396917]], "chi2_level": 0.997, "chi2_df": 3, "chi2_threshold": 13.931422665512084, "N_raw": 34, "N_roi": 32, "N_inlier": 32, "refit": true}
{"timestamp": "18:36:56.053165", "frame": 70, "mu": [-2.283688015154267, 2.798127226793051, 0.04059707284976275], "Sigma": [[0.007272838558042629, 0.004953550854761275, -0.003189109662036501], [0.004953550854761275, 0.008198628893216382, -0.005834986400160261], [-0.003189109662036501, -0.005834986400160261, 0.006090363407973185]], "chi2_level": 0.997, "chi2_df": 3, "chi2_threshold": 13.931422665512084, "N_raw": 28, "N_roi": 24, "N_inlier": 23, "refit": true}
{"timestamp": "18:36:56.111661", "frame": 71, "mu": [-2.317832324881905, 2.6569650405974636, 1.165573536853931], "Sigma": [[0.011440454695678375, 0.005746720006449787, -0.007024323913605942], [0.005746720006449787, 0.006690135688347543, -0.008188278761341476], [-0.007024323913605942, -0.008188278761341476, 0.015896342256651767]], "chi2_level": 0.997, "chi2_df": 3, "chi2_threshold": 13.931422665512084, "N_raw": 43, "N_roi": 37, "N_inlier": 37, "refit": true}
{"timestamp": "18:36:56.173678", "frame": 72, "mu": [-2.2747799016678734, 2.6067770880071963, 1.2024021107369123], "Sigma": [[0.01659338897823645, 0.007463953452600773, -0.009630654265591853], [0.007463953452600773, 0.006713555876886727, -0.009031509377902674], [-0.009630654265591853, -0.009031509377902674, 0.018020711641213754]], "chi2_level": 0.997, "chi2_df": 3, "chi2_threshold": 13.931422665512084, "N_raw": 93, "N_roi": 44, "N_inlier": 44, "refit": true}
{"timestamp": "18:36:56.280492", "frame": 74, "mu": [-2.2839367821217165, 2.4571746637019114, 1.1353934792435985], "Sigma": [[0.01524403842634498, 0.006259326516889349, -0.011136003461082587], [0.006259326516889348, 0.003638150038443529, -0.007879745189523205], [-0.011136003461082587, -0.007879745189523205, 0.025434953149480466]], "chi2_level": 0.997, "chi2_df": 3, "chi2_threshold": 13.931422665512084, "N_raw": 73, "N_roi": 35, "N_inlier": 35, "refit": true}
{"timestamp": "18:36:56.339978", "frame": 75, "mu": [-2.289804685495353, 2.4927932758534803, -0.18623887441743697], "Sigma": [[0.016689929332975768, 0.011633859401030608, -0.011755486180258467], [0.011633859401030608, 0.019591819154517277, -0.019793209745532756], [-0.011755486180258467, -0.019793209745532753, 0.022015486148769914]], "chi2_level": 0.997, "chi2_df": 3, "chi2_threshold": 13.931422665512084, "N_raw": 101, "N_roi": 60, "N_inlier": 60, "refit": true}
{"timestamp": "18:36:56.396519", "frame": 76, "mu": [-2.272644082246284, 2.4549730340811604, -0.3158255876655821], "Sigma": [[0.018667616843686598, 0.014508770294273513, -0.00907329911682528], [0.014508770294273509, 0.02097531784975033, -0.013292273536589242], [-0.009073299116825282, -0.013292273536589244, 0.009516489222484477]], "chi2_level": 0.997, "chi2_df": 3, "chi2_threshold": 13.931422665512084, "N_raw": 89, "N_roi": 57, "N_inlier": 57, "refit": true}
{"timestamp": "18:36:56.449198", "frame": 77, "mu": [-2.263622057043689, 2.410145094893181, -0.38523757634797035], "Sigma": [[0.02107174454406542, 0.01702030095494082, -0.010725404250436556], [0.01702030095494082, 0.019768372656893594, -0.01608312428071443], [-0.010725404250436554, -0.016083124280714435, 0.016338332889963232]], "chi2_level": 0.997, "chi2_df": 3, "chi2_threshold": 13.931422665512084, "N_raw": 92, "N_roi": 50, "N_inlier": 49, "refit": true}
{"timestamp": "18:36:56.502969", "frame": 78, "mu": [-2.275444371082875, 2.2044028348557316, 1.0447825498896646], "Sigma": [[0.019465096618374908, 0.01000942487425956, -0.010369654114413023], [0.010009424874259562, 0.009492002650218745, -0.012357554970199499], [-0.010369654114413023, -0.012357554970199499, 0.018875994793958597]], "chi2_level": 0.997, "chi2_df": 3, "chi2_threshold": 13.931422665512084, "N_raw": 86, "N_roi": 37, "N_inlier": 37, "refit": true}
{"timestamp": "18:36:56.560343", "frame": 79, "mu": [-2.2737919321999644, 2.2092389119805422, 0.344936868817032], "Sigma": [[0.020295434864698786, 0.0034284128860471554, 0.0634383122500273], [0.0034284128860471554, 0.007496368964335765, -0.0037835470029880807], [0.0634383122500273, -0.00378354700298808, 0.3580747380330493]], "chi2_level": 0.997, "chi2_df": 3, "chi2_threshold": 13.931422665512084, "N_raw": 103, "N_roi": 68, "N_inlier": 68, "refit": true}
{"timestamp": "18:36:56.612236", "frame": 80, "mu": [-2.2590210285842702, 2.0920450303849147, 1.3284278146095974], "Sigma": [[0.022306907848458297, 0.014168519292175663, -0.019441961963898906], [0.014168519292175663, 0.015256251554504175, -0.01837649829807868], [-0.019441961963898906, -0.018376498298078685, 0.024985953219509825]], "chi2_level": 0.997, "chi2_df": 3, "chi2_threshold": 13.931422665512084, "N_raw": 82, "N_roi": 61, "N_inlier": 59, "refit": true}
{"timestamp": "18:36:56.671531", "frame": 81, "mu": [-2.2534853004269273, 2.1801995840547588, -0.3890731884022337], "Sigma": [[0.022958044177776554, 0.01193288192222864, -0.005224679699090266], [0.01193288192222864, 0.01830663052761029, -0.021469889693596284], [-0.005224679699090266, -0.021469889693596284, 0.04367590415549617]], "chi2_level": 0.997, "chi2_df": 3, "chi2_threshold": 13.931422665512084, "N_raw": 106, "N_roi": 85, "N_inlier": 85, "refit": true}
{"timestamp": "18:36:56.721663", "frame": 82, "mu": [-2.319455671977111, 1.920751184724754, 0.9639815889857916], "Sigma": [[0.013579741582012366, 0.007447874009949352, -0.00613366901824801], [0.007447874009949352, 0.00900774949981423, -0.01522203554062173], [-0.00613366901824801, -0.01522203554062173, 0.04900804707004176]], "chi2_level": 0.997, "chi2_df": 3, "chi2_threshold": 13.931422665512084, "N_raw": 75, "N_roi": 62, "N_inlier": 61, "refit": true}
{"timestamp": "18:36:56.775920", "frame": 83, "mu": [-2.224580235183953, 2.0099838881689793, -0.36921457270225333], "Sigma": [[0.022565317103516593, 0.014965074188427253, 0.0010016882258626052], [0.014965074188427253, 0.020371049990695514, -0.010787114326043297], [0.0010016882258626057, -0.010787114326043297, 0.021244399976323443]], "chi2_level": 0.997, "chi2_df": 3, "chi2_threshold": 13.931422665512084, "N_raw": 69, "N_roi": 67, "N_inlier": 63, "refit": true}
{"timestamp": "18:36:56.830344", "frame": 84, "mu": [-2.257667341562904, 1.8378570389217854, 1.1477126652294014], "Sigma": [[0.016223705421142674, 0.010537183866110973, -0.01095205102541276], [0.010537183866110973, 0.013724835064573065, -0.014717775131465681], [-0.01095205102541276, -0.014717775131465681, 0.01777178059863432]], "chi2_level": 0.997, "chi2_df": 3, "chi2_threshold": 13.931422665512084, "N_raw": 67, "N_roi": 63, "N_inlier": 61, "refit": true}
{"timestamp": "18:36:56.883725", "frame": 85, "mu": [-2.1912016407886874, 1.800319937567888, 1.103722349163835], "Sigma": [[0.022854747668536443, 0.01482416021587318, -0.012489883806316174], [0.014824160215873182, 0.013125431962113786, -0.012503739975905322], [-0.012489883806316176, -0.01250373997590532, 0.014367471713661506]], "chi2_level": 0.997, "chi2_df": 3, "chi2_threshold": 13.931422665512084, "N_raw": 63, "N_roi": 60, "N_inlier": 60, "refit": true}
{"timestamp": "18:36:56.938007", "frame": 86, "mu": [-2.2777977523706796, 1.778832680920989, -0.39846264769554185], "Sigma": [[0.014756608631570757, 0.011052657733296292, -0.008668391974013161], [0.011052657733296294, 0.0224207945197622, -0.005837571244220654], [-0.008668391974013161, -0.005837571244220655, 0.006343408290929273]], "chi2_level": 0.997, "chi2_df": 3, "chi2_threshold": 13.931422665512084, "N_raw": 59, "N_roi": 55, "N_inlier": 54, "refit": true}
{"timestamp": "18:36:56.992692", "frame": 87, "mu": [-2.335234838219659, 1.7068678796986703, -0.4735652349468999], "Sigma": [[0.008972083675039579, 0.007821125573710992, -0.0033839765336448197], [0.007821125573710992, 0.018215733260182956, -0.007872554624725244], [-0.0033839765336448197, -0.007872554624725242, 0.006077079560892071]], "chi2_level": 0.997, "chi2_df": 3, "chi2_threshold": 13.931422665512084, "N_raw": 51, "N_roi": 42, "N_inlier": 39, "refit": true}
{"timestamp": "18:36:57.049827", "frame": 88, "mu": [-2.294329239759931, 1.56311060907943, 1.303422287667671], "Sigma": [[0.012677116063198967, 0.008394364375567181, -0.007223923096710448], [0.008394364375567181, 0.011104537091355973, -0.015524185300965885], [-0.007223923096710448, -0.015524185300965887, 0.03948749406203232]], "chi2_level": 0.997, "chi2_df": 3, "chi2_threshold": 13.931422665512084, "N_raw": 66, "N_roi": 62, "N_inlier": 62, "refit": true}
{"timestamp": "18:36:57.104915", "frame": 89, "mu": [-2.3068951458751363, 1.4808846445027957, 1.2358191785440056], "Sigma": [[0.011001885558392944, 0.01027787908000455, -0.00965497750486366], [0.010277879080004552, 0.013889510841349028, -0.0171782801419619], [-0.00965497750486366, -0.0171782801419619, 0.05389192522304335]], "chi2_level": 0.997, "chi2_df": 3, "chi2_threshold": 13.931422665512084, "N_raw": 65, "N_roi": 61, "N_inlier": 61, "refit": true}
{"timestamp": "18:36:57.157831", "frame": 90, "mu": [-2.2919568637279784, 1.4364568528130277, 1.2453906199425488], "Sigma": [[0.009193451859301515, 0.009792794853887482, -0.013887897288555107], [0.009792794853887482, 0.01589015264095456, -0.02292865286451276], [-0.013887897288555107, -0.02292865286451276, 0.07617486455456111]], "chi2_level": 0.997, "chi2_df": 3, "chi2_threshold": 13.931422665512084, "N_raw": 55, "N_roi": 55, "N_inlier": 55, "refit": true}
{"timestamp": "18:36:57.212956", "frame": 91, "mu": [-2.302624655616845, 1.3773117176999374, 1.0989965382900322], "Sigma": [[0.00864052464415102, 0.007134769238588372, 4.553219457893753e-05], [0.007134769238588372, 0.010974420514180842, -0.012092621893725097], [4.553219457893753e-05, -0.012092621893725099, 0.0447132798993302]], "chi2_level": 0.997, "chi2_df": 3, "chi2_threshold": 13.931422665512084, "N_raw": 57, "N_roi": 48, "N_inlier": 48, "refit": true}
{"timestamp": "18:36:57.270224", "frame": 92, "mu": [-2.325641344130729, 1.5716592552212996, -0.5909773363521484], "Sigma": [[0.010059893152068686, 0.004043306082002245, 0.005320426527179441], [0.004043306082002245, 0.00949405956575592, -0.008167851610931098], [0.005320426527179441, -0.008167851610931098, 0.01967221215687283]], "chi2_level": 0.997, "chi2_df": 3, "chi2_threshold": 13.931422665512084, "N_raw": 74, "N_roi": 50, "N_inlier": 49, "refit": true}
{"timestamp": "18:36:57.322659", "frame": 93, "mu": [-2.270903436157834, 1.2852352409800303, 0.9845975311226444], "Sigma": [[0.011011012525931268, 0.0057338486183465135, 0.005379754463933004], [0.005733848618346513, 0.006400831811683347, -0.0032344000647092203], [0.005379754463933004, -0.0032344000647092203, 0.02614129589067768]], "chi2_level": 0.997, "chi2_df": 3, "chi2_threshold": 13.931422665512084, "N_raw": 54, "N_roi": 46, "N_inlier": 46, "refit": true}
{"timestamp": "18:36:57.431769", "frame": 95, "mu": [-2.2316297869709376, 1.1514699649960296, 1.0129523754547947], "Sigma": [[0.009909626980539902, 0.007925020563332535, -0.0015716784174657937], [0.007925020563332535, 0.009264573229981572, -0.006494905777792588], [-0.001571678417465794, -0.006494905777792588, 0.015140093957471035]], "chi2_level": 0.997, "chi2_df": 3, "chi2_threshold": 13.931422665512084, "N_raw": 51, "N_roi": 51, "N_inlier": 51, "refit": true}
{"timestamp": "18:36:57.488723", "frame": 96, "mu": [-2.2217052209895547, 1.1338360978851687, 1.1384236780951593], "Sigma": [[0.011701426014092383, 0.010862515292963684, -0.004740345295670373], [0.010862515292963684, 0.017621190583924286, -0.01411442714879783], [-0.004740345295670373, -0.014114427148797832, 0.017450692799636937]], "chi2_level": 0.997, "chi2_df": 3, "chi2_threshold": 13.931422665512084, "N_raw": 63, "N_roi": 63, "N_inlier": 62, "refit": true}
{"timestamp": "18:36:57.544786", "frame": 97, "mu": [-2.153012602815476, 1.3304018936299467, -0.7250999531622022], "Sigma": [[0.01521921569011698, 0.015046686629076031, -0.0015328099508510103], [0.015046686629076034, 0.026271254244327316, -0.0070317986469250315], [-0.0015328099508510103, -0.0070317986469250315, 0.004131677599471681]], "chi2_level": 0.997, "chi2_df": 3, "chi2_threshold": 13.931422665512084, "N_raw": 66, "N_roi": 66, "N_inlier": 66, "refit": true}
{"timestamp": "18:36:57.598031", "frame": 98, "mu": [-2.1574309513510848, 1.223160958808856, -0.46452756229503267], "Sigma": [[0.008372555130104516, 0.008643165939414688, 0.0014195400781532948], [0.008643165939414688, 0.016245331057949612, -0.007549753979652713], [0.0014195400781532946, -0.007549753979652715, 0.030874008892889826]], "chi2_level": 0.997, "chi2_df": 3, "chi2_threshold": 13.931422665512084, "N_raw": 47, "N_roi": 47, "N_inlier": 47, "refit": true}
{"timestamp": "18:36:57.651675", "frame": 99, "mu": [-2.146518821630412, 0.9536050484327286, 1.178036393072573], "Sigma": [[0.009648148158946828, 0.010264675666542078, -0.0034214234604304995], [0.010264675666542078, 0.01501628193533004, -0.010075542912063423], [-0.003421423460430499, -0.010075542912063425, 0.015622432188165558]], "chi2_level": 0.997, "chi2_df": 3, "chi2_threshold": 13.931422665512084, "N_raw": 47, "N_roi": 47, "N_inlier": 47, "refit": true}
{"timestamp": "18:36:57.801034", "frame": 100, "mu": [-2.1034737839446986, 1.1638248088545198, -0.6081568040985865], "Sigma": [[0.013831810927661973, 0.008171965640353598, -0.004923144194131699], [0.008171965640353598, 0.012858576679903122, -0.011091165300389803], [-0.004923144194131699, -0.011091165300389802, 0.014669074781937115]], "chi2_level": 0.997, "chi2_df": 3, "chi2_threshold": 13.931422665512084, "N_raw": 64, "N_roi": 64, "N_inlier": 64, "refit": true}
{"timestamp": "18:36:57.831638", "frame": 101, "mu": [-2.042515057614848, 0.9022976649243033, 1.0385131019925382], "Sigma": [[0.010266971624843538, 0.007841113782473388, -0.005915866390103531], [0.007841113782473388, 0.013208383184097934, -0.00976062117709224], [-0.005915866390103531, -0.00976062117709224, 0.008601018471375062]], "chi2_level": 0.997, "chi2_df": 3, "chi2_threshold": 13.931422665512084, "N_raw": 48, "N_roi": 48, "N_inlier": 48, "refit": true}
{"timestamp": "18:36:57.862690", "frame": 102, "mu": [-2.0330383154550056, 0.8295504626770867, 1.075622308682681], "Sigma": [[0.012043653869278166, 0.005291979463510808, -0.011526705619750227], [0.005291979463510808, 0.007372055464436598, -0.00892370492861947], [-0.011526705619750227, -0.00892370492861947, 0.016224513291431836]], "chi2_level": 0.997, "chi2_df": 3, "chi2_threshold": 13.931422665512084, "N_raw": 44, "N_roi": 44, "N_inlier": 44, "refit": true}
{"timestamp": "18:36:57.893888", "frame": 103, "mu": [-2.0541721334394816, 0.8618092778433741, 1.2129313379310949], "Sigma": [[0.010409890634324306, 0.003376705785890079, -0.009347659482852476], [0.0033767057858900794, 0.011324881755918685, -0.007598878931266332], [-0.009347659482852476, -0.007598878931266333, 0.013183384683151809]], "chi2_level": 0.997, "chi2_df": 3, "chi2_threshold": 13.931422665512084, "N_raw": 46, "N_roi": 46, "N_inlier": 45, "refit": true}
{"timestamp": "18:36:57.925794", "frame": 104, "mu": [-2.021588957396834, 0.806776651454966, 1.0816042096625282], "Sigma": [[0.007574869946495724, 0.0025405319533165546, -0.005143802917959884], [0.0025405319533165546, 0.008490437150241519, -0.006876886350316886], [-0.005143802917959883, -0.006876886350316886, 0.008786245436869174]], "chi2_level": 0.997, "chi2_df": 3, "chi2_threshold": 13.931422665512084, "N_raw": 44, "N_roi": 42, "N_inlier": 40, "refit": true}
{"timestamp": "18:36:57.984679", "frame": 105, "mu": [-2.046498845726818, 0.966338675456024, -0.7546132009877504], "Sigma": [[0.024831542692960694, 0.0014112933892708778, 0.027456945318919956], [0.0014112933892708782, 0.017178498017549712, -0.016152198225622354], [0.02745694531891996, -0.016152198225622354, 0.0682874535978258]], "chi2_level": 0.997, "chi2_df": 3, "chi2_threshold": 13.931422665512084, "N_raw": 60, "N_roi": 52, "N_inlier": 46, "refit": true}
{"timestamp": "18:36:58.035723", "frame": 106, "mu": [-2.0193684745456837, 0.7504846073369038, 1.1337913739838208], "Sigma": [[0.010023359755972643, 0.00833503537582084, -0.0034042917027655465], [0.00833503537582084, 0.010138137525232785, -0.0066312584075651475], [-0.0034042917027655465, -0.006631258407565149, 0.00918555719637347]], "chi2_level": 0.997, "chi2_df": 3, "chi2_threshold": 13.931422665512084, "N_raw": 43, "N_roi": 43, "N_inlier": 42, "refit": true}
{"timestamp": "18:36:58.091688", "frame": 107, "mu": [-1.9885726926137606, 0.9381983015102654, -0.682182907154257], "Sigma": [[0.009632745079581869, 0.008920776409630404, -0.002021644231436151], [0.008920776409630404, 0.016301496000373155, -0.007044700289438446], [-0.002021644231436151, -0.007044700289438446, 0.005602183224481821]], "chi2_level": 0.997, "chi2_df": 3, "chi2_threshold": 13.931422665512084, "N_raw": 46, "N_roi": 46, "N_inlier": 46, "refit": true}
{"timestamp": "18:36:58.147732", "frame": 108, "mu": [-2.0277859958139217, 0.9006096056060369, -0.7537885503670965], "Sigma": [[0.020860270651510783, 0.008456088904925097, 0.030699456046489222], [0.008456088904925095, 0.01477106500628846, -0.0038744802844447733], [0.03069945604648922, -0.003874480284444773, 0.07912895815556377]], "chi2_level": 0.997, "chi2_df": 3, "chi2_threshold": 13.931422665512084, "N_raw": 51, "N_roi": 51, "N_inlier": 46, "refit": true}
{"timestamp": "18:36:58.199259", "frame": 109, "mu": [-2.0713139775809446, 0.8736771516478392, -0.9217913399824802], "Sigma": [[0.00372864156582792, 0.006624283264359685, -0.0014071792117674642], [0.006624283264359685, 0.014606916106242127, -0.0038102145350005596], [-0.0014071792117674642, -0.0038102145350005596, 0.002676912947832911]], "chi2_level": 0.997, "chi2_df": 3, "chi2_threshold": 13.931422665512084, "N_raw": 17, "N_roi": 17, "N_inlier": 16, "refit": true}
{"timestamp": "18:36:58.258095", "frame": 110, "mu": [-1.6691412490193394, 0.623019237504313, 1.023775670264286], "Sigma": [[1.352092266774915, -0.028941971413515694, 0.009824183691860732], [-0.028941971413515698, 0.012249498266999434, -0.0036190676490661777], [0.009824183691860734, -0.0036190676490661785, 0.018594806894844614]], "chi2_level": 0.997, "chi2_df": 3, "chi2_threshold": 13.931422665512084, "N_raw": 61, "N_roi": 61, "N_inlier": 57, "refit": true}
{"timestamp": "18:36:58.309636", "frame": 111, "mu": [-0.6235367012186066, 0.5473381578669125, 0.8634699600869272], "Sigma": [[3.787822677018852, 0.008572157202216608, 0.044655209749494905], [0.008572157202216608, 0.00988116415692872, -0.003584386144750349], [0.044655209749494905, -0.0035843861447503495, 0.0059228526159258235]], "chi2_level": 0.997, "chi2_df": 3, "chi2_threshold": 13.931422665512084, "N_raw": 35, "N_roi": 35, "N_inlier": 35, "refit": true}
{"timestamp": "18:36:58.364145", "frame": 112, "mu": [-1.6138594257863637, 0.6215547695074845, -0.885123468660772], "Sigma": [[1.0693303672003844, -0.049373366479627534, 0.0274654789130437], [-0.049373366479627534, 0.011984435615220041, -0.0068977553518052], [0.027465478913043705, -0.0068977553518052, 0.0054022502081011855]], "chi2_level": 0.997, "chi2_df": 3, "chi2_threshold": 13.931422665512084, "N_raw": 31, "N_roi": 31, "N_inlier": 30, "refit": true}
{"timestamp": "18:36:58.418145", "frame": 113, "mu": [-1.9125022110403538, 0.6562993210644976, 1.1428672891042428], "Sigma": [[0.004715664792552888, 0.006128136342880284, -0.002915872868601484], [0.006128136342880284, 0.013163747210229547, -0.00741999066683862], [-0.0029158728686014845, -0.00741999066683862, 0.006300497397343545]], "chi2_level": 0.997, "chi2_df": 3, "chi2_threshold": 13.931422665512084, "N_raw": 29, "N_roi": 29, "N_inlier": 29, "refit": true}
{"timestamp": "18:36:58.476492", "frame": 114, "mu": [-1.5273177412221008, 0.6321032349369957, -0.8408137164542404], "Sigma": [[1.3319716966389343, -0.06379992976981369, 0.022822498488317383], [-0.06379992976981369, 0.035369817431275236, 0.0043842394243122605], [0.022822498488317383, 0.004384239424312261, 0.006691047744805336]], "chi2_level": 0.997, "chi2_df": 3, "chi2_threshold": 13.931422665512084, "N_raw": 48, "N_roi": 48, "N_inlier": 47, "refit": true}
{"timestamp": "18:36:58.530896", "frame": 115, "mu": [-1.489590367235008, 0.789072927469897, -0.6804657371259066], "Sigma": [[1.3272405281324835, -0.057348575459365655, 0.016219624510808262], [-0.05734857545936567, 0.014105321179129458, -0.004253674015172475], [0.016219624510808262, -0.004253674015172475, 0.002002727650081665]], "chi2_level": 0.997, "chi2_df": 3, "chi2_threshold": 13.931422665512084, "N_raw": 35, "N_roi": 35, "N_inlier": 35, "refit": true}
{"timestamp": "18:36:58.583491", "frame": 116, "mu": [-1.3523744772985637, 0.6101910619942665, 1.1744900984587598], "Sigma": [[1.532775694377505, -0.08809497289259266, 0.033499650936159704], [-0.08809497289259266, 0.016807709903746238, -0.0064113689697400415], [0.033499650936159704, -0.006411368969740041, 0.003179210821239932]], "chi2_level": 0.997, "chi2_df": 3, "chi2_threshold": 13.931422665512084, "N_raw": 28, "N_roi": 28, "N_inlier": 28, "refit": true}
{"timestamp": "18:36:58.639144", "frame": 117, "mu": [-1.2985460952158596, 0.5557372368276455, 1.0977353433313446], "Sigma": [[1.7228565761193384, -0.042483231057793475, 0.02029008921835477], [-0.042483231057793475, 0.011263543708937252, -0.001572093201825044], [0.02029008921835477, -0.0015720932018250444, 0.009731751531536893]], "chi2_level": 0.997, "chi2_df": 3, "chi2_threshold": 13.931422665512084, "N_raw": 32, "N_roi": 32, "N_inlier": 32, "refit": true}
