{"timestamp": "18:43:27.241752", "frame": 33, "mu": [1.3485216110877474, 1.259865438356805, 1.0173169307779781], "Sigma": [[0.008305654899822403, 0.0010204814462582525, 0.03712331304660965], [0.0010204814462582525, 0.01776675956344928, -0.04605719623654772], [0.03712331304660966, -0.04605719623654772, 0.36515068691808017]], "chi2_level": 0.997, "chi2_df": 3, "chi2_threshold": 13.931422665512084, "N_raw": 13, "N_roi": 13, "N_inlier": 13, "refit": true}
{"timestamp": "18:43:27.297055", "frame": 34, "mu": [1.2546910132377131, 1.283632021515038, 1.1875872251002149], "Sigma": [[0.006676506615145339, -0.007194898607546817, 0.027173186009391084], [-0.007194898607546817, 0.010753297059742524, -0.03816071102510486], [0.027173186009391084, -0.03816071102510486, 0.3313524327357337]], "chi2_level": 0.997, "chi2_df": 3, "chi2_threshold": 13.931422665512084, "N_raw": 17, "N_roi": 17, "N_inlier": 17, "refit": true}
{"timestamp": "18:43:27.359488", "frame": 35, "mu": [1.2511681825930674, 1.304282965315644, 1.0830761794440609], "Sigma": [[0.00425248940211007, -0.0024825561573803183, -0.0023859913744823115], [-0.0024825561573803183, 0.013437593020797035, -0.00010337247897428646], [-0.0023859913744823094, -0.00010337247897428841, 0.2913613594572518]], "chi2_level": 0.997, "chi2_df": 3, "chi2_threshold": 13.931422665512084, "N_raw": 66, "N_roi": 66, "N_inlier": 65, "refit": true}
{"timestamp": "18:43:27.410020", "frame": 36, "mu": [1.2090765767296556, 1.2683686699103915, 1.05800737865475], "Sigma": [[0.003312151919569261, -0.0022143098358927762, -0.007837195782587056], [-0.0022143098358927762, 0.003969222942810944, 0.00958392528018639], [-0.007837195782587056, 0.009583925280186392, 0.06981575518808375]], "chi2_level": 0.997, "chi2_df": 3, "chi2_threshold": 13.931422665512084, "N_raw": 21, "N_roi": 21, "N_inlier": 21, "refit": true}
{"timestamp": "18:43:27.578274", "frame": 39, "mu": [0.927877876620274, 1.4094430044458501, 1.3535827426118592], "Sigma": [[0.005649155115377659, -0.0011878379637133443, -0.0020543491449291898], [-0.0011878379637133441, 0.00438494225496673, -0.0013248986035821306], [-0.0020543491449291898, -0.0013248986035821308, 0.002047655850632488]], "chi2_level": 0.997, "chi2_df": 3, "chi2_threshold": 13.931422665512084, "N_raw": 50, "N_roi": 50, "N_inlier": 49, "refit": true}
{"timestamp": "18:43:27.633438", "frame": 40, "mu": [0.9009014861740566, 1.459943242395674, 1.304378353303061], "Sigma": [[0.006304343739279715, -0.0017257794504188086, -0.008312422908698474], [-0.0017257794504188088, 0.002999335407104619, -0.0022044990497968884], [-0.008312422908698474, -0.0022044990497968884, 0.04994225434992297]], "chi2_level": 0.997, "chi2_df": 3, "chi2_threshold": 13.931422665512084, "N_raw": 46, "N_roi": 46, "N_inlier": 43, "refit": true}
{"timestamp": "18:43:27.692550", "frame": 41, "mu": [0.8636238713157359, 1.491067878380658, 1.2385925986812016], "Sigma": [[0.008112765870238662, -0.0029485244532684854, -0.008769562707801569], [-0.0029485244532684854, 0.0026792552004820352, 0.0010611198399444006], [-0.008769562707801567, 0.0010611198399444004, 0.025195225368021656]], "chi2_level": 0.997, "chi2_df": 3, "chi2_threshold": 13.931422665512084, "N_raw": 73, "N_roi": 73, "N_inlier": 68, "refit": true}
{"timestamp": "18:43:27.748572", "frame": 42, "mu": [0.8351994683338125, 1.7122641658496578, -0.3265435227187231], "Sigma": [[0.008076520435417728, 0.0004749665252528504, -0.009234698318573672], [0.00047496652525285044, 0.006144936384575888, -0.008090949594925598], [-0.00923469831857367, -0.008090949594925598, 0.023660227478980105]], "chi2_level": 0.997, "chi2_df": 3, "chi2_threshold": 13.931422665512084, "N_raw": 83, "N_roi": 83, "N_inlier": 81, "refit": true}
{"timestamp": "18:43:27.801324", "frame": 43, "mu": [0.8218123657290995, 1.669590681585425, 1.2213349237130906], "Sigma": [[0.007381399157502521, -0.0014636693483635619, -0.009976613066234607], [-0.0014636693483635619, 0.0017587003550517295, 0.0017199479986741858], [-0.009976613066234607, 0.0017199479986741858, 0.0626636007075962]], "chi2_level": 0.997, "chi2_df": 3, "chi2_threshold": 13.931422665512084, "N_raw": 64, "N_roi": 64, "N_inlier": 60, "refit": true}
{"timestamp": "18:43:27.857463", "frame": 44, "mu": [0.7417174359849334, 1.683663402934234, 1.2646108473681852], "Sigma": [[0.005750635894223317, -4.325700210658351e-05, 0.000677197152842419], [-4.325700210658365e-05, 0.0029427624104531036, -0.005179610060964545], [0.0006771971528424188, -0.005179610060964545, 0.026541064653373542]], "chi2_level": 0.997, "chi2_df": 3, "chi2_threshold": 13.931422665512084, "N_raw": 77, "N_roi": 77, "N_inlier": 72, "refit": true}
{"timestamp": "18:43:27.908854", "frame": 45, "mu": [0.7529812846417457, 1.7968438438378889, 0.30280666908251036], "Sigma": [[0.0069641012778037786, -0.0035604852784795462, -0.020944254362389815], [-0.0035604852784795462, 0.008908712761067509, -0.01790603740427764], [-0.02094425436238981, -0.017906037404277635, 0.36587862299452417]], "chi2_level": 0.997, "chi2_df": 3, "chi2_threshold": 13.931422665512084, "N_raw": 19, "N_roi": 19, "N_inlier": 19, "refit": true}
{"timestamp": "18:43:27.962663", "frame": 46, "mu": [0.6624640168309722, 1.7869070966212344, 1.0743774749608392], "Sigma": [[0.007105594555312651, 0.0006935639938155915, -0.021194040282704753], [0.0006935639938155914, 0.002122577416399774, -0.007672361433709985], [-0.021194040282704753, -0.007672361433709985, 0.1724238120100377]], "chi2_level": 0.997, "chi2_df": 3, "chi2_threshold": 13.931422665512084, "N_raw": 41, "N_roi": 41, "N_inlier": 40, "refit": true}
{"timestamp": "18:43:28.021475", "frame": 47, "mu": [0.5643156409358085, 2.009803933453648, -0.35987529025799747], "Sigma": [[0.0045674008402734325, 0.0004683821475217038, -0.003229957851114241], [0.0004683821475217041, 0.015106336985066809, -0.04264844216671606], [-0.0032299578511142406, -0.04264844216671606, 0.13209699320651544]], "chi2_level": 0.997, "chi2_df": 3, "chi2_threshold": 13.931422665512084, "N_raw": 64, "N_roi": 64, "N_inlier": 63, "refit": true}
{"timestamp": "18:43:28.069984", "frame": 48, "mu": [0.5332690575680163, 1.8910391459721185, 0.8068269436632672], "Sigma": [[0.0017039679108766341, 0.0011948746466909086, -0.010027529507809142], [0.0011948746466909086, 0.002539521174172666, -0.01809491547853008], [-0.010027529507809142, -0.018094915478530083, 0.34109470780523915]], "chi2_level": 0.997, "chi2_df": 3, "chi2_threshold": 13.931422665512084, "N_raw": 16, "N_roi": 13, "N_inlier": 13, "refit": true}
{"timestamp": "18:43:28.132603", "frame": 49, "mu": [0.4795606639180433, 1.9547363902497168, 1.1286171863289796], "Sigma": [[0.0070281603694941994, -0.0003688452747050575, -0.003986502324239872], [-0.0003688452747050576, 0.0028026699917340957, -0.004692830513138882], [-0.003986502324239872, -0.004692830513138883, 0.11659984337082205]], "chi2_level": 0.997, "chi2_df": 3, "chi2_threshold": 13.931422665512084, "N_raw": 73, "N_roi": 73, "N_inlier": 72, "refit": true}
{"timestamp": "18:43:28.188897", "frame": 50, "mu": [0.39429853901939826, 2.000555316824679, 1.3713511144577724], "Sigma": [[0.007787157557207695, 0.0006637727790170809, -0.002564325115246312], [0.0006637727790170806, 0.004642477433864166, -7.983634341668074e-05], [-0.0025643251152463113, -7.983634341668074e-05, 0.028281714970813963]], "chi2_level": 0.997, "chi2_df": 3, "chi2_threshold": 13.931422665512084, "N_raw": 75, "N_roi": 75, "N_inlier": 71, "refit": true}
{"timestamp": "18:43:28.244417", "frame": 51, "mu": [0.36449606602657647, 2.0995047015345145, 1.4363351097559165], "Sigma": [[0.007294608362666112, 0.0004868882655593884, -0.0026746296689732743], [0.00048688826555938844, 0.004097764044653874, -0.005324801034643801], [-0.0026746296689732743, -0.005324801034643802, 0.014459661255443738]], "chi2_level": 0.997, "chi2_df": 3, "chi2_threshold": 13.931422665512084, "N_raw": 76, "N_roi": 70, "N_inlier": 66, "refit": true}
{"timestamp": "18:43:28.295564", "frame": 52, "mu": [0.2804715662855516, 2.1019702462224235, 1.538598799647981], "Sigma": [[0.0055781255236074185, -0.00010884972166644915, -0.0027777735013953695], [-0.00010884972166644893, 0.006299033101580922, 0.0034714580180691718], [-0.0027777735013953695, 0.0034714580180691718, 0.007529989509709174]], "chi2_level": 0.997, "chi2_df": 3, "chi2_threshold": 13.931422665512084, "N_raw": 54, "N_roi": 51, "N_inlier": 48, "refit": true}
{"timestamp": "18:43:28.344298", "frame": 53, "mu": [0.187487534708396, 2.2183518190533404, 1.3720855667788547], "Sigma": [[0.014165992336087225, -0.0073918607459580905, 0.06347136325229301], [-0.00739186074595809, 0.007407410751921135, -0.040440930970364164], [0.06347136325229302, -0.040440930970364164, 0.3486267279589439]], "chi2_level": 0.997, "chi2_df": 3, "chi2_threshold": 13.931422665512084, "N_raw": 18, "N_roi": 16, "N_inlier": 15, "refit": true}
{"timestamp": "18:43:28.408453", "frame": 54, "mu": [0.15841277452515118, 2.216122674239979, 1.5013473831425703], "Sigma": [[0.010832108241511252, 0.0026504409700450456, -0.007433091830231171], [0.0026504409700450456, 0.007544207144936104, -0.0009207959009716981], [-0.007433091830231171, -0.0009207959009716989, 0.039895015470290944]], "chi2_level": 0.997, "chi2_df": 3, "chi2_threshold": 13.931422665512084, "N_raw": 84, "N_roi": 82, "N_inlier": 79, "refit": true}
{"timestamp": "18:43:28.467452", "frame": 55, "mu": [0.10208019923713266, 2.264449134840839, 1.4125906379181519], "Sigma": [[0.011757708619098977, 0.002478018662588757, -0.017211474939677805], [0.002478018662588757, 0.0064196047926646385, -0.005153572780244876], [-0.017211474939677805, -0.005153572780244875, 0.07322697470094519]], "chi2_level": 0.997, "chi2_df": 3, "chi2_threshold": 13.931422665512084, "N_raw": 99, "N_roi": 78, "N_inlier": 72, "refit": true}
{"timestamp": "18:43:28.521913", "frame": 56, "mu": [-0.0006383110385127872, 2.3255849287960193, 0.9983957129248655], "Sigma": [[0.010268714303299141, 0.003658704704253422, -0.017523715472433542], [0.003658704704253422, 0.004722092735745929, -0.011259290374830803], [-0.017523715472433542, -0.011259290374830803, 0.44140884479689924]], "chi2_level": 0.997, "chi2_df": 3, "chi2_threshold": 13.931422665512084, "N_raw": 96, "N_roi": 92, "N_inlier": 91, "refit": true}
{"timestamp": "18:43:28.581173", "frame": 57, "mu": [-0.04993737629894459, 2.342912701597583, 0.8826064082932014], "Sigma": [[0.011976284348428802, 0.002446441960324286, -0.03702186184911695], [0.002446441960324286, 0.008157973081825297, -0.0026522627371435062], [-0.03702186184911695, -0.002652262737143506, 0.4944585142550346]], "chi2_level": 0.997, "chi2_df": 3, "chi2_threshold": 13.931422665512084, "N_raw": 121, "N_roi": 117, "N_inlier": 117, "refit": true}
{"timestamp": "18:43:28.629425", "frame": 58, "mu": [-0.1325222641142403, 2.3886786402869697, 1.264099052941684], "Sigma": [[0.009440853683564279, 0.003885772148118568, 0.007741195214657127], [0.003885772148118568, 0.00757214140984299, 0.021126635383929653], [0.007741195214657127, 0.021126635383929653, 0.3774395613783957]], "chi2_level": 0.997, "chi2_df": 3, "chi2_threshold": 13.931422665512084, "N_raw": 85, "N_roi": 85, "N_inlier": 84, "refit": true}
{"timestamp": "18:43:28.688477", "frame": 59, "mu": [-0.23667561550931937, 2.4384735344383333, 1.2405943486984934], "Sigma": [[0.020350840151722713, 0.00044339287607969753, 0.05648826103564361], [0.0004433928760796969, 0.009161604683323788, -0.00316093060634017], [0.05648826103564361, -0.00316093060634017, 0.4623543001575361]], "chi2_level": 0.997, "chi2_df": 3, "chi2_threshold": 13.931422665512084, "N_raw": 106, "N_roi": 105, "N_inlier": 104, "refit": true}
{"timestamp": "18:43:28.738618", "frame": 60, "mu": [-0.22732965835164587, 2.504067489910044, 0.20000325317999032], "Sigma": [[0.012923422620222632, 0.005603880870570991, -0.005580420957590886], [0.005603880870570991, 0.008976490366075283, 0.00031277582815761334], [-0.005580420957590886, 0.00031277582815761356, 0.005197640905545297]], "chi2_level": 0.997, "chi2_df": 3, "chi2_threshold": 13.931422665512084, "N_raw": 76, "N_roi": 74, "N_inlier": 69, "refit": true}
{"timestamp": "18:43:28.795484", "frame": 61, "mu": [-0.15215722843171064, 2.484001576921178, 0.8888427626706376], "Sigma": [[0.020771467481784493, -0.011078800528435892, -0.07401753689675354], [-0.011078800528435892, 0.015534939144598475, 0.07999005112071081], [-0.07401753689675354, 0.07999005112071081, 0.585758360539866]], "chi2_level": 0.997, "chi2_df": 3, "chi2_threshold": 13.931422665512084, "N_raw": 91, "N_roi": 91, "N_inlier": 89, "refit": true}
{"timestamp": "18:43:28.853383", "frame": 62, "mu": [-0.35900231704114405, 2.5631696142051954, 0.7280755419595432], "Sigma": [[0.024082519656914013, 0.0022912597440489777, 0.03149664541530968], [0.0022912597440489773, 0.017363697934179335, 0.03134104268696366], [0.03149664541530969, 0.031341042686963666, 0.47145336360950335]], "chi2_level": 0.997, "chi2_df": 3, "chi2_threshold": 13.931422665512084, "N_raw": 117, "N_roi": 117, "N_inlier": 117, "refit": true}
{"timestamp": "18:43:28.907429", "frame": 63, "mu": [-0.3732377670729353, 2.655017207173536, 1.3886484603746656], "Sigma": [[0.020972752383008796, 0.00435747071717644, -0.04170054481815852], [0.00435747071717644, 0.008785487842520374, -0.002320538854699193], [-0.04170054481815852, -0.002320538854699193, 0.15541544028577461]], "chi2_level": 0.997, "chi2_df": 3, "chi2_threshold": 13.931422665512084, "N_raw": 99, "N_roi": 99, "N_inlier": 98, "refit": true}
{"timestamp": "18:43:28.964039", "frame": 64, "mu": [-0.46752396372070626, 2.6905792092275993, 1.278744841809687], "Sigma": [[0.01810291784481026, 0.002505196698253169, 0.00029915337649931645], [0.002505196698253169, 0.013198574579185378, -0.010589188496427733], [0.0002991533764993171, -0.010589188496427733, 0.20922719289552824]], "chi2_level": 0.997, "chi2_df": 3, "chi2_threshold": 13.931422665512084, "N_raw": 107, "N_roi": 107, "N_inlier": 106, "refit": true}
{"timestamp": "18:43:29.016988", "frame": 65, "mu": [-0.49952255248885075, 2.755822053927862, 1.4316031235227098], "Sigma": [[0.016034273509940168, 0.007897330047464908, -0.019651354462715213], [0.007897330047464908, 0.012088822971890645, -0.01631165423686338], [-0.019651354462715213, -0.016311654236863378, 0.05533166596720298]], "chi2_level": 0.997, "chi2_df": 3, "chi2_threshold": 13.931422665512084, "N_raw": 98, "N_roi": 98, "N_inlier": 94, "refit": true}
{"timestamp": "18:43:29.068558", "frame": 66, "mu": [-0.5638797521123826, 2.8352138144240424, 1.2664244812957646], "Sigma": [[0.01115778833578581, -0.0005729496827824856, -0.005035665333454178], [-0.0005729496827824854, 0.010514181401797511, -0.015410488979384348], [-0.005035665333454179, -0.01541048897938435, 0.06278255862710008]], "chi2_level": 0.997, "chi2_df": 3, "chi2_threshold": 13.931422665512084, "N_raw": 72, "N_roi": 72, "N_inlier": 70, "refit": true}
{"timestamp": "18:43:29.128184", "frame": 67, "mu": [-0.6485871818028617, 2.844689226004211, 1.1227259584118148], "Sigma": [[0.01425024345164244, -0.001960099980082443, -5.8775679578838575e-05], [-0.001960099980082443, 0.012873508240767583, -0.03964008238940935], [-5.877567957883944e-05, -0.039640082389409345, 0.3772791181813816]], "chi2_level": 0.997, "chi2_df": 3, "chi2_threshold": 13.931422665512084, "N_raw": 111, "N_roi": 109, "N_inlier": 109, "refit": true}
{"timestamp": "18:43:29.181549", "frame": 68, "mu": [-0.7152259563848812, 2.9296052232027208, 1.3355407401135853], "Sigma": [[0.013572264472945286, -0.0012065506025216864, 0.012659021593501074], [-0.0012065506025216864, 0.008860863704393212, -0.02200825860230788], [0.012659021593501072, -0.022008258602307873, 0.1656204625481952]], "chi2_level": 0.997, "chi2_df": 3, "chi2_threshold": 13.931422665512084, "N_raw": 79, "N_roi": 79, "N_inlier": 79, "refit": true}
{"timestamp": "18:43:29.228305", "frame": 69, "mu": [-0.8016542205087399, 2.9332909792739033, 0.7662487795992112], "Sigma": [[0.009779661954562176, -0.0024183751968600473, 0.0317261317977885], [-0.002418375196860047, 0.005370768750912607, -0.031299790680239775], [0.0317261317977885, -0.031299790680239775, 0.3166335187432217]], "chi2_level": 0.997, "chi2_df": 3, "chi2_threshold": 13.931422665512084, "N_raw": 38, "N_roi": 38, "N_inlier": 38, "refit": true}
{"timestamp": "18:43:29.284590", "frame": 70, "mu": [-0.808948997418179, 2.950742060824692, 0.25421896475216454], "Sigma": [[0.009778433897191326, 0.0029325857475903877, -0.004479570018390656], [0.0029325857475903877, 0.006906861229406669, -0.0013786659435545273], [-0.004479570018390656, -0.0013786659435545273, 0.0036636022096285096]], "chi2_level": 0.997, "chi2_df": 3, "chi2_threshold": 13.931422665512084, "N_raw": 53, "N_roi": 52, "N_inlier": 49, "refit": true}
{"timestamp": "18:43:29.345765", "frame": 71, "mu": [-0.7524822963669326, 3.035026155423794, 1.2066489485626042], "Sigma": [[0.024790840243349904, 0.010774156664071801, -0.04837657716448966], [0.0107741566640718, 0.010517040712646489, -0.02998581690817604], [-0.04837657716448966, -0.02998581690817604, 0.13721515531948872]], "chi2_level": 0.997, "chi2_df": 3, "chi2_threshold": 13.931422665512084, "N_raw": 94, "N_roi": 94, "N_inlier": 91, "refit": true}
{"timestamp": "18:43:29.394597", "frame": 72, "mu": [-0.7750529373639786, 3.0835019836262805, 1.1465057736154998], "Sigma": [[0.027107544643589308, 0.005164696173015052, -0.06262297572829238], [0.005164696173015052, 0.003846742460734196, -0.015495833706237376], [-0.06262297572829238, -0.015495833706237376, 0.19094598382905467]], "chi2_level": 0.997, "chi2_df": 3, "chi2_threshold": 13.931422665512084, "N_raw": 48, "N_roi": 48, "N_inlier": 48, "refit": true}
{"timestamp": "18:43:29.451104", "frame": 73, "mu": [-0.841291697634768, 3.154470134744475, 0.9240819038384169], "Sigma": [[0.018227859860046134, 0.004026445255009272, -0.029742055518013823], [0.004026445255009272, 0.005034479388783031, -0.014909809456964499], [-0.029742055518013823, -0.0149098094569645, 0.07271640838499802]], "chi2_level": 0.997, "chi2_df": 3, "chi2_threshold": 13.931422665512084, "N_raw": 64, "N_roi": 64, "N_inlier": 64, "refit": true}
{"timestamp": "18:43:29.558081", "frame": 75, "mu": [-1.1211471814960126, 3.1524417931847606, 1.4229128337492578], "Sigma": [[0.010323204883773316, 0.002060839154143258, -0.007485803081515389], [0.002060839154143258, 0.00531820695223884, -0.013157405132602324], [-0.007485803081515389, -0.013157405132602324, 0.043279251201144356]], "chi2_level": 0.997, "chi2_df": 3, "chi2_threshold": 13.931422665512084, "N_raw": 48, "N_roi": 46, "N_inlier": 43, "refit": true}
{"timestamp": "18:43:29.612597", "frame": 76, "mu": [-1.1987908436099985, 3.19033757863232, 0.39573351577908855], "Sigma": [[0.012441624850970614, 0.004619581760057308, -0.003868972320608184], [0.004619581760057307, 0.017833351613550964, -0.019567146709288455], [-0.003868972320608184, -0.019567146709288455, 0.031087304634929536]], "chi2_level": 0.997, "chi2_df": 3, "chi2_threshold": 13.931422665512084, "N_raw": 42, "N_roi": 41, "N_inlier": 40, "refit": true}
{"timestamp": "18:43:29.725075", "frame": 78, "mu": [-1.185310956911437, 3.2918554279169614, 0.8858010480591779], "Sigma": [[0.023013587938848636, 0.003139803266459888, -0.056536619510682444], [0.0031398032664598876, 0.002749563191524495, -0.012017974867999787], [-0.05653661951068245, -0.012017974867999787, 0.27129018890476664]], "chi2_level": 0.997, "chi2_df": 3, "chi2_threshold": 13.931422665512084, "N_raw": 62, "N_roi": 62, "N_inlier": 62, "refit": true}
{"timestamp": "18:43:29.778780", "frame": 79, "mu": [-1.3861065661337564, 3.286519876359347, 1.552746877262561], "Sigma": [[0.020398070003937743, 0.00485875508535732, -0.04962780047369121], [0.00485875508535732, 0.005089242991730827, -0.006268022229466225], [-0.04962780047369121, -0.006268022229466226, 0.19977410002670434]], "chi2_level": 0.997, "chi2_df": 3, "chi2_threshold": 13.931422665512084, "N_raw": 42, "N_roi": 42, "N_inlier": 42, "refit": true}
{"timestamp": "18:43:29.835992", "frame": 80, "mu": [-1.374843142719824, 3.3588524762581327, 1.2823294424877627], "Sigma": [[0.02082736033238771, 0.004285521090027083, -0.053422195171208345], [0.004285521090027083, 0.004539985893289474, -0.010740019647532333], [-0.053422195171208345, -0.010740019647532335, 0.1873749072581535]], "chi2_level": 0.997, "chi2_df": 3, "chi2_threshold": 13.931422665512084, "N_raw": 52, "N_roi": 52, "N_inlier": 49, "refit": true}
{"timestamp": "18:43:29.887875", "frame": 81, "mu": [-1.4326224572211526, 3.460113296852416, 1.3636802806957482], "Sigma": [[0.016684023318715942, 0.0050870368297945105, -0.0421721510019676], [0.0050870368297945105, 0.004212660809541248, -0.01430315339754084], [-0.04217215100196759, -0.014303153397540841, 0.13576569311580095]], "chi2_level": 0.997, "chi2_df": 3, "chi2_threshold": 13.931422665512084, "N_raw": 40, "N_roi": 40, "N_inlier": 38, "refit": true}
{"timestamp": "18:43:29.940113", "frame": 82, "mu": [-1.543191916878613, 3.4313307677943876, 1.6357092498152677], "Sigma": [[0.010022719099435586, 0.005348954970304707, -0.019149999524925042], [0.005348954970304707, 0.004887722884514453, -0.01293726424429433], [-0.01914999952492504, -0.01293726424429433, 0.05892020013647941]], "chi2_level": 0.997, "chi2_df": 3, "chi2_threshold": 13.931422665512084, "N_raw": 19, "N_roi": 19, "N_inlier": 19, "refit": true}
{"timestamp": "18:43:29.994425", "frame": 83, "mu": [-1.6538040290690839, 3.438754556594881, 1.6290506318499103], "Sigma": [[0.0075345849890293744, 0.002614189788131765, -0.004364238907519252], [0.002614189788131765, 0.004382368789934856, -0.008149222558901246], [-0.004364238907519252, -0.008149222558901246, 0.01853277830090142]], "chi2_level": 0.997, "chi2_df": 3, "chi2_threshold": 13.931422665512084, "N_raw": 18, "N_roi": 18, "N_inlier": 17, "refit": true}
{"timestamp": "18:43:30.051457", "frame": 84, "mu": [-1.6505791411672637, 3.528124813898331, 1.624987709657185], "Sigma": [[0.011416339205992757, 0.005360043586945485, -0.005931187095332042], [0.005360043586945486, 0.006127659809411713, -0.005329575795284407], [-0.005931187095332042, -0.0053295757952844065, 0.006558523792528637]], "chi2_level": 0.997, "chi2_df": 3, "chi2_threshold": 13.931422665512084, "N_raw": 30, "N_roi": 30, "N_inlier": 30, "refit": true}
{"timestamp": "18:43:30.104501", "frame": 85, "mu": [-1.6723968024315803, 3.62818586711773, 1.629531653745885], "Sigma": [[0.011359729650336672, 0.004907026543872445, -0.01010129323797327], [0.004907026543872445, 0.005092084459763191, -0.006470532352957867], [-0.01010129323797327, -0.006470532352957866, 0.014566895531497532]], "chi2_level": 0.997, "chi2_df": 3, "chi2_threshold": 13.931422665512084, "N_raw": 24, "N_roi": 24, "N_inlier": 24, "refit": true}
{"timestamp": "18:43:30.159326", "frame": 86, "mu": [-1.792206273626635, 3.792401540805347, 1.0053688247348178], "Sigma": [[0.009825073685729087, -0.006898972269012726, 0.017100749532488052], [-0.006898972269012726, 0.00964578636846559, -0.02498163894909876], [0.017100749532488052, -0.02498163894909876, 0.08203270036622946]], "chi2_level": 0.997, "chi2_df": 3, "chi2_threshold": 13.931422665512084, "N_raw": 15, "N_roi": 14, "N_inlier": 14, "refit": true}
{"timestamp": "18:43:30.214034", "frame": 87, "mu": [-1.7502172501518287, 3.7941879779350476, 1.2829190524058998], "Sigma": [[0.011515713676735156, 0.0005583211755149703, -0.0029307397250492337], [0.0005583211755149703, 0.006846780079784038, -0.029382655976644828], [-0.002930739725049234, -0.02938265597664483, 0.14487543264383637]], "chi2_level": 0.997, "chi2_df": 3, "chi2_threshold": 13.931422665512084, "N_raw": 20, "N_roi": 20, "N_inlier": 19, "refit": true}
{"timestamp": "18:43:30.268247", "frame": 88, "mu": [-1.7940312836141576, 3.738517799963584, 1.3109650276737768], "Sigma": [[0.016977802359279846, 0.011029206513241092, -0.053497544990096665], [0.011029206513241092, 0.011693517325977726, -0.044793866637764676], [-0.053497544990096665, -0.044793866637764676, 0.20287925489708894]], "chi2_level": 0.997, "chi2_df": 3, "chi2_threshold": 13.931422665512084, "N_raw": 13, "N_roi": 10, "N_inlier": 10, "refit": true}
{"timestamp": "18:43:30.380718", "frame": 90, "mu": [-1.9380204140323816, 3.8517834880780946, 1.2955758439860978], "Sigma": [[0.01079705087726456, 0.005818562459883618, -0.014469166567497086], [0.005818562459883618, 0.005565490196984006, -0.013392756205750372], [-0.014469166567497086, -0.013392756205750372, 0.04155778025055171]], "chi2_level": 0.997, "chi2_df": 3, "chi2_threshold": 13.931422665512084, "N_raw": 27, "N_roi": 26, "N_inlier": 26, "refit": true}
{"timestamp": "18:43:30.435566", "frame": 91, "mu": [-2.0280910243107897, 3.8211794349318806, 1.611748599509607], "Sigma": [[0.01627650923621099, 0.009141583711126446, -0.03193338907571313], [0.009141583711126444, 0.008027836442761465, -0.02254358059999309], [-0.03193338907571313, -0.02254358059999309, 0.09440925803093286]], "chi2_level": 0.997, "chi2_df": 3, "chi2_threshold": 13.931422665512084, "N_raw": 25, "N_roi": 23, "N_inlier": 23, "refit": true}
{"timestamp": "18:43:30.656154", "frame": 95, "mu": [-2.279075575132461, 3.985461063422296, 1.5485058447937152], "Sigma": [[0.013605237479184672, 0.006405888149973619, -0.010718158930832276], [0.006405888149973619, 0.006149309050652015, -0.011318756366615577], [-0.010718158930832276, -0.011318756366615577, 0.02474028205043991]], "chi2_level": 0.997, "chi2_df": 3, "chi2_threshold": 13.931422665512084, "N_raw": 34, "N_roi": 29, "N_inlier": 29, "refit": true}
{"timestamp": "18:43:30.819911", "frame": 98, "mu": [-2.4060431057982683, 4.080340180668138, 0.5794251587686328], "Sigma": [[0.004127922950938379, 0.005163916735887866, -0.007482661841921435], [0.005163916735887866, 0.014871208329040339, -0.026538588236616818], [-0.007482661841921435, -0.026538588236616818, 0.05640106026183761]], "chi2_level": 0.997, "chi2_df": 3, "chi2_threshold": 13.931422665512084, "N_raw": 19, "N_roi": 10, "N_inlier": 10, "refit": true}
{"timestamp": "18:43:30.873551", "frame": 99, "mu": [-2.390677695701798, 4.15497062072039, 1.4048985857697263], "Sigma": [[0.004729135013708372, 0.0025982591788417607, -0.014534183539773109], [0.0025982591788417607, 0.0028604076139864677, -0.012275404812200125], [-0.014534183539773107, -0.012275404812200123, 0.08659034034020674]], "chi2_level": 0.997, "chi2_df": 3, "chi2_threshold": 13.931422665512084, "N_raw": 14, "N_roi": 10, "N_inlier": 10, "refit": true}
