{"timestamp": "19:05:07.001005", "frame": 8, "mu": [1.611665394144128, 1.046651932095673, -0.24291340538332798], "Sigma": [[0.002171754803220221, -0.000987989243200426, -0.0025965435550791074], [-0.000987989243200426, 0.004543069131846453, -0.003281192483039763], [-0.002596543555079107, -0.003281192483039763, 0.009205279180320323]], "chi2_level": 0.997, "chi2_df": 3, "chi2_threshold": 13.931422665512084, "N_raw": 16, "N_roi": 16, "N_inlier": 16, "refit": true}
{"timestamp": "19:05:07.166116", "frame": 11, "mu": [1.5905701608805511, 0.9375371771992899, 1.4487871186582932], "Sigma": [[0.004241318879625837, -0.0013057386673522864, -0.00767800338815491], [-0.0013057386673522861, 0.0032830817600257764, -0.001424296172908241], [-0.00767800338815491, -0.0014242961729082403, 0.03743444750913488]], "chi2_level": 0.997, "chi2_df": 3, "chi2_threshold": 13.931422665512084, "N_raw": 21, "N_roi": 21, "N_inlier": 21, "refit": true}
{"timestamp": "19:05:07.222335", "frame": 12, "mu": [1.5939513706691875, 0.9119353647142027, 1.5195078725595141], "Sigma": [[0.004612993606779181, -0.0025730355915973956, -0.002712525362446894], [-0.002573035591597396, 0.005617253858667248, -0.0016290707645995504], [-0.002712525362446894, -0.0016290707645995504, 0.0067685503330746485]], "chi2_level": 0.997, "chi2_df": 3, "chi2_threshold": 13.931422665512084, "N_raw": 28, "N_roi": 28, "N_inlier": 27, "refit": true}
{"timestamp": "19:05:07.278649", "frame": 13, "mu": [1.5988462842209175, 0.8903168878806069, 1.4104211171925538], "Sigma": [[0.0056468790578846845, -0.004396787148124616, -0.007709696385884641], [-0.004396787148124616, 0.005220774868195204, 0.004685331443908602], [-0.007709696385884641, 0.004685331443908602, 0.017332701050501324]], "chi2_level": 0.997, "chi2_df": 3, "chi2_threshold": 13.931422665512084, "N_raw": 31, "N_roi": 31, "N_inlier": 28, "refit": true}
{"timestamp": "19:05:07.388255", "frame": 15, "mu": [1.5451903934222428, 0.9323129560596825, 1.4838376573230407], "Sigma": [[0.003890572172290875, -0.0008958943082381615, -0.0038378149011759695], [-0.0008958943082381614, 0.004872100588673372, -0.0021172656569635783], [-0.003837814901175969, -0.002117265656963578, 0.006129259825257006]], "chi2_level": 0.997, "chi2_df": 3, "chi2_threshold": 13.931422665512084, "N_raw": 30, "N_roi": 30, "N_inlier": 28, "refit": true}
{"timestamp": "19:05:07.444028", "frame": 16, "mu": [1.5486218213572476, 0.988888619381219, -0.3323804719886012], "Sigma": [[0.005063976025502685, -0.0017285198369865948, -0.005822155748046853], [-0.0017285198369865946, 0.004210580898761224, 0.000496616821510751], [-0.005822155748046853, 0.000496616821510751, 0.008557080860307577]], "chi2_level": 0.997, "chi2_df": 3, "chi2_threshold": 13.931422665512084, "N_raw": 27, "N_roi": 27, "N_inlier": 26, "refit": true}
{"timestamp": "19:05:07.498257", "frame": 17, "mu": [1.4794915958497301, 0.8837452150212537, 1.569530419206169], "Sigma": [[0.00394195607707317, -0.0008389660663106831, -0.0023731552301284402], [-0.000838966066310683, 0.0030919125467824154, -0.0004142872163925812], [-0.0023731552301284402, -0.0004142872163925813, 0.007149467124878215]], "chi2_level": 0.997, "chi2_df": 3, "chi2_threshold": 13.931422665512084, "N_raw": 22, "N_roi": 22, "N_inlier": 21, "refit": true}
{"timestamp": "19:05:07.556231", "frame": 18, "mu": [1.4644284450876746, 0.9061074596038484, 1.448017063715773], "Sigma": [[0.005653579858990013, -0.0015447015790323723, -0.006094534250439527], [-0.0015447015790323723, 0.005504028827335134, -0.002923247306448822], [-0.006094534250439527, -0.0029232473064488224, 0.012378251460442842]], "chi2_level": 0.997, "chi2_df": 3, "chi2_threshold": 13.931422665512084, "N_raw": 46, "N_roi": 46, "N_inlier": 45, "refit": true}
{"timestamp": "19:05:07.611191", "frame": 19, "mu": [1.4414318661118783, 0.8570628123030967, 1.4371718811888123], "Sigma": [[0.005370103704514821, -0.0024290578868602203, -0.006005894659334054], [-0.0024290578868602203, 0.005619386629955565, -0.0023429478841486195], [-0.006005894659334054, -0.0023429478841486195, 0.01435503903286448]], "chi2_level": 0.997, "chi2_df": 3, "chi2_threshold": 13.931422665512084, "N_raw": 45, "N_roi": 45, "N_inlier": 45, "refit": true}
{"timestamp": "19:05:07.666334", "frame": 20, "mu": [1.4056408946902508, 0.8356474077926008, 1.3791927215971576], "Sigma": [[0.005929086952908505, -0.00493189563667465, -0.00909986243758482], [-0.00493189563667465, 0.007003542296652297, 0.0048548700152371985], [-0.00909986243758482, 0.0048548700152371985, 0.022711850394164214]], "chi2_level": 0.997, "chi2_df": 3, "chi2_threshold": 13.931422665512084, "N_raw": 44, "N_roi": 44, "N_inlier": 44, "refit": true}
{"timestamp": "19:05:07.717264", "frame": 21, "mu": [1.3309955954274235, 0.8605524114778739, 1.509059855347146], "Sigma": [[0.003044036612368454, 0.0007799930847361383, -0.004579371489699319], [0.0007799930847361381, 0.0019909964616620637, -0.0007090441959507218], [-0.004579371489699319, -0.0007090441959507218, 0.024285577261401202]], "chi2_level": 0.997, "chi2_df": 3, "chi2_threshold": 13.931422665512084, "N_raw": 12, "N_roi": 12, "N_inlier": 12, "refit": true}
{"timestamp": "19:05:07.941008", "frame": 25, "mu": [1.1520317077310165, 0.912721897905495, 1.457070565375564], "Sigma": [[0.0030636694992723103, -0.0019720057864776163, -0.0022072980683578805], [-0.0019720057864776163, 0.004999993380301116, -0.003686199394216195], [-0.00220729806835788, -0.003686199394216195, 0.011779450064570008]], "chi2_level": 0.997, "chi2_df": 3, "chi2_threshold": 13.931422665512084, "N_raw": 42, "N_roi": 42, "N_inlier": 40, "refit": true}
{"timestamp": "19:05:08.159697", "frame": 29, "mu": [0.959278854030962, 1.039552359753863, -0.3688020662339571], "Sigma": [[0.004511303140849082, -0.0020193794026603486, 0.006719236365852443], [-0.0020193794026603486, 0.016694380306038894, -0.05274338239793731], [0.006719236365852441, -0.05274338239793731, 0.20197811074495878]], "chi2_level": 0.997, "chi2_df": 3, "chi2_threshold": 13.931422665512084, "N_raw": 32, "N_roi": 32, "N_inlier": 30, "refit": true}
{"timestamp": "19:05:08.216389", "frame": 30, "mu": [0.9143726743704406, 0.9441405873433203, 1.4831519022867725], "Sigma": [[0.004500435634274475, -0.0012314385063514604, -0.003798468892166891], [-0.0012314385063514604, 0.002920614667390163, -0.0007897386690439696], [-0.003798468892166891, -0.0007897386690439696, 0.004927479879219816]], "chi2_level": 0.997, "chi2_df": 3, "chi2_threshold": 13.931422665512084, "N_raw": 47, "N_roi": 47, "N_inlier": 45, "refit": true}
{"timestamp": "19:05:08.274009", "frame": 31, "mu": [0.850572717286092, 0.9647909919796384, 1.5501438027541647], "Sigma": [[0.005012905975421628, -0.0009754566204179924, -0.008853747775278984], [-0.0009754566204179924, 0.0058248180170429155, 0.00293482903373753], [-0.008853747775278984, 0.00293482903373753, 0.050052264751278254]], "chi2_level": 0.997, "chi2_df": 3, "chi2_threshold": 13.931422665512084, "N_raw": 59, "N_roi": 59, "N_inlier": 54, "refit": true}
{"timestamp": "19:05:08.325720", "frame": 32, "mu": [0.7896128548854734, 0.9761886297084792, -0.4699919023189924], "Sigma": [[0.005143759055037554, -0.000375530281199527, 0.020415052698527593], [-0.0003755302811995269, 0.002206603961910774, -0.011492623728477418], [0.020415052698527593, -0.011492623728477418, 0.2289067346837604]], "chi2_level": 0.997, "chi2_df": 3, "chi2_threshold": 13.931422665512084, "N_raw": 33, "N_roi": 33, "N_inlier": 32, "refit": true}
{"timestamp": "19:05:08.382918", "frame": 33, "mu": [0.8421268464823012, 0.8653672226329112, 1.3476593249298559], "Sigma": [[0.006774747001676107, -0.0022394030863799215, -0.01743135023189544], [-0.0022394030863799215, 0.0036393450144150703, -0.0014106057902537397], [-0.01743135023189544, -0.0014106057902537397, 0.09661178026570366]], "chi2_level": 0.997, "chi2_df": 3, "chi2_threshold": 13.931422665512084, "N_raw": 48, "N_roi": 48, "N_inlier": 46, "refit": true}
{"timestamp": "19:05:08.435149", "frame": 34, "mu": [0.7351286693490329, 0.9298424121837225, 1.532071988650783], "Sigma": [[0.0026905964336431127, 5.81235554949358e-05, -0.0030221720500412576], [5.8123555494935816e-05, 0.0016319310242932604, -0.0008679335347494873], [-0.0030221720500412576, -0.0008679335347494871, 0.013746691237928762]], "chi2_level": 0.997, "chi2_df": 3, "chi2_threshold": 13.931422665512084, "N_raw": 37, "N_roi": 37, "N_inlier": 35, "refit": true}
{"timestamp": "19:05:08.486748", "frame": 35, "mu": [0.772653711761565, 0.8783879156099708, 0.9363558275404334], "Sigma": [[0.008203274008602572, -0.0016566941846428457, -0.05292067265332874], [-0.0016566941846428457, 0.002258397328615813, 0.00804539592983712], [-0.05292067265332874, 0.00804539592983712, 0.4480285055853552]], "chi2_level": 0.997, "chi2_df": 3, "chi2_threshold": 13.931422665512084, "N_raw": 10, "N_roi": 10, "N_inlier": 10, "refit": true}
{"timestamp": "19:05:08.546910", "frame": 36, "mu": [0.6833449195943004, 0.8937833910554578, 1.4427854456472466], "Sigma": [[0.0055182422304981, -0.0019035391763472492, -0.017182618989441234], [-0.0019035391763472494, 0.004318381770465851, 0.01467504615994356], [-0.017182618989441234, 0.014675046159943559, 0.11738777129199124]], "chi2_level": 0.997, "chi2_df": 3, "chi2_threshold": 13.931422665512084, "N_raw": 48, "N_roi": 48, "N_inlier": 46, "refit": true}
{"timestamp": "19:05:08.658950", "frame": 38, "mu": [0.5580994026273042, 0.9164863954856788, 1.5502698394596466], "Sigma": [[0.0026965799940481218, -0.00025197004164281166, -0.0035971571852555072], [-0.0002519700416428117, 0.003668693919371982, -0.001112852400725229], [-0.0035971571852555072, -0.0011128524007252287, 0.014018362004768317]], "chi2_level": 0.997, "chi2_df": 3, "chi2_threshold": 13.931422665512084, "N_raw": 56, "N_roi": 56, "N_inlier": 51, "refit": true}
{"timestamp": "19:05:08.714307", "frame": 39, "mu": [0.6010703782690597, 0.8630368198943451, 1.3970437077223], "Sigma": [[0.0058826672871099064, -0.0005692724592594482, -0.005393377624725242], [-0.0005692724592594483, 0.002178839994918717, 0.0008949914170183573], [-0.0053933776247252424, 0.0008949914170183568, 0.04892356535111056]], "chi2_level": 0.997, "chi2_df": 3, "chi2_threshold": 13.931422665512084, "N_raw": 66, "N_roi": 66, "N_inlier": 62, "refit": true}
{"timestamp": "19:05:08.771972", "frame": 40, "mu": [0.5289235858018663, 0.889963255504644, 1.5304476501352429], "Sigma": [[0.002872764679891832, 0.0004291624919117703, -0.002745082430165993], [0.00042916249191177035, 0.0027941061791886216, -0.000782784170548679], [-0.002745082430165993, -0.000782784170548679, 0.018062979373102406]], "chi2_level": 0.997, "chi2_df": 3, "chi2_threshold": 13.931422665512084, "N_raw": 60, "N_roi": 60, "N_inlier": 59, "refit": true}
{"timestamp": "19:05:08.820540", "frame": 41, "mu": [0.4457450022641144, 0.89084564022678, 1.4759670256544881], "Sigma": [[0.0011331480465863527, -0.00033452576889376193, 0.00022428622231346676], [-0.00033452576889376193, 0.0009488836018463439, -0.0021123487572029935], [0.0002242862223134667, -0.0021123487572029935, 0.005417798623998735]], "chi2_level": 0.997, "chi2_df": 3, "chi2_threshold": 13.931422665512084, "N_raw": 34, "N_roi": 34, "N_inlier": 30, "refit": true}
{"timestamp": "19:05:08.936994", "frame": 43, "mu": [0.4007551797637694, 0.9833879710748119, -0.2874751044255871], "Sigma": [[0.004188185987937636, 0.0007256181793206123, -0.004198938944302297], [0.0007256181793206123, 0.003086525014154544, -0.0031543760220399935], [-0.004198938944302298, -0.0031543760220399935, 0.00866828967618605]], "chi2_level": 0.997, "chi2_df": 3, "chi2_threshold": 13.931422665512084, "N_raw": 74, "N_roi": 74, "N_inlier": 70, "refit": true}
{"timestamp": "19:05:08.990079", "frame": 44, "mu": [0.3316082512631642, 0.8998665730798204, 1.4412172582245306], "Sigma": [[0.0016187845779648466, -0.0003058784667341096, -0.00026048262151532914], [-0.0003058784667341094, 0.007549803222045851, -0.012073660116256848], [-0.0002604826215153289, -0.01207366011625685, 0.038818639587709515]], "chi2_level": 0.997, "chi2_df": 3, "chi2_threshold": 13.931422665512084, "N_raw": 65, "N_roi": 65, "N_inlier": 61, "refit": true}
{"timestamp": "19:05:09.045527", "frame": 45, "mu": [0.23859675202773487, 0.880257640867103, 1.4349176945300763], "Sigma": [[0.0015770798432412686, -0.00044836051485716837, -0.0006589748009991435], [-0.00044836051485716837, 0.0022636652785787232, -0.004046788234032482], [-0.0006589748009991436, -0.004046788234032482, 0.010302062282177124]], "chi2_level": 0.997, "chi2_df": 3, "chi2_threshold": 13.931422665512084, "N_raw": 70, "N_roi": 70, "N_inlier": 65, "refit": true}
{"timestamp": "19:05:09.102310", "frame": 46, "mu": [0.20527176074305029, 0.8712146104994422, 1.517240819169352], "Sigma": [[0.0025798592508569666, -0.0009172528892040423, 0.0012009323963310223], [-0.0009172528892040423, 0.0024818585049868683, -0.0035885670653858256], [0.0012009323963310225, -0.0035885670653858256, 0.011311104263235606]], "chi2_level": 0.997, "chi2_df": 3, "chi2_threshold": 13.931422665512084, "N_raw": 80, "N_roi": 80, "N_inlier": 77, "refit": true}
{"timestamp": "19:05:09.155591", "frame": 47, "mu": [0.19293833863930257, 0.8613715864504629, 1.5375386044935775], "Sigma": [[0.0029300394250219054, 0.0007505783119184682, -0.0016679822444436577], [0.0007505783119184682, 0.0019248939341815435, -0.0021755363976814967], [-0.0016679822444436577, -0.0021755363976814967, 0.008232992937161177]], "chi2_level": 0.997, "chi2_df": 3, "chi2_threshold": 13.931422665512084, "N_raw": 68, "N_roi": 68, "N_inlier": 65, "refit": true}
{"timestamp": "19:05:09.210013", "frame": 48, "mu": [0.13091525744968785, 0.9493889743961273, -0.17819153750390432], "Sigma": [[0.0017719010509483735, 0.0002910146986670199, -0.0009550173394799475], [0.0002910146986670199, 0.005001373481024676, -0.0014967795304122945], [-0.0009550173394799475, -0.0014967795304122945, 0.003579886266839579]], "chi2_level": 0.997, "chi2_df": 3, "chi2_threshold": 13.931422665512084, "N_raw": 67, "N_roi": 66, "N_inlier": 63, "refit": true}
{"timestamp": "19:05:09.265442", "frame": 49, "mu": [0.09649912376487972, 0.8611643114055791, 1.4921495238702494], "Sigma": [[0.0031847884004020813, -0.0004303753935623568, -0.005240529350022179], [-0.00043037539356235673, 0.0022053711679667137, -0.0012690374525307878], [-0.005240529350022179, -0.0012690374525307882, 0.012693104684968206]], "chi2_level": 0.997, "chi2_df": 3, "chi2_threshold": 13.931422665512084, "N_raw": 71, "N_roi": 71, "N_inlier": 71, "refit": true}
{"timestamp": "19:05:09.317284", "frame": 50, "mu": [0.06603491315023942, 0.8406523610482479, 1.488179588946139], "Sigma": [[0.0014048616525814336, -0.0005036744102018324, -0.002615847466995521], [-0.0005036744102018323, 0.001674836973588361, 7.576930362275251e-05], [-0.002615847466995521, 7.57693036227526e-05, 0.011984054059522747]], "chi2_level": 0.997, "chi2_df": 3, "chi2_threshold": 13.931422665512084, "N_raw": 50, "N_roi": 50, "N_inlier": 48, "refit": true}
{"timestamp": "19:05:09.375456", "frame": 51, "mu": [-0.011045072518594722, 0.8483211105454287, 1.4644895652040697], "Sigma": [[0.002005541042830942, -0.0005600680217150337, -0.002062947250300417], [-0.0005600680217150336, 0.0018685501666723676, -0.0014483723343178948], [-0.0020629472503004165, -0.001448372334317895, 0.015937677049884663]], "chi2_level": 0.997, "chi2_df": 3, "chi2_threshold": 13.931422665512084, "N_raw": 75, "N_roi": 75, "N_inlier": 71, "refit": true}
{"timestamp": "19:05:09.431416", "frame": 52, "mu": [-0.05983211002093991, 0.8591035291396341, 1.4787918183823903], "Sigma": [[0.002008781411912552, -0.0001767066738484426, -0.0008520264757904948], [-0.0001767066738484426, 0.0021733504744891182, -0.003876130777681337], [-0.0008520264757904948, -0.003876130777681337, 0.007987155684854133]], "chi2_level": 0.997, "chi2_df": 3, "chi2_threshold": 13.931422665512084, "N_raw": 74, "N_roi": 74, "N_inlier": 72, "refit": true}
{"timestamp": "19:05:09.484163", "frame": 53, "mu": [-0.09612800578016154, 0.8522996522488094, 1.5346801674506403], "Sigma": [[0.0017761674004100573, -3.887844429420131e-06, 7.158215526450627e-05], [-3.887844429420158e-06, 0.0021106165332912485, -0.0023982691332776977], [7.158215526450627e-05, -0.0023982691332776977, 0.0037393254925134614]], "chi2_level": 0.997, "chi2_df": 3, "chi2_threshold": 13.931422665512084, "N_raw": 61, "N_roi": 61, "N_inlier": 58, "refit": true}
{"timestamp": "19:05:09.540046", "frame": 54, "mu": [-0.16221290254464413, 0.9833323876386139, -0.22228410950760139], "Sigma": [[0.0016885414124510046, -0.0001838413996070026, -0.0024768252163993357], [-0.0001838413996070026, 0.004928350310390629, -0.0032755828896826947], [-0.0024768252163993357, -0.0032755828896826947, 0.015903359862248435]], "chi2_level": 0.997, "chi2_df": 3, "chi2_threshold": 13.931422665512084, "N_raw": 66, "N_roi": 66, "N_inlier": 63, "refit": true}
{"timestamp": "19:05:09.598161", "frame": 55, "mu": [-0.20840306361883576, 0.990031983165083, -0.2505123059091815], "Sigma": [[0.0023034675542429285, -0.0001129217795015321, -0.0006848638825902325], [-0.00011292177950153207, 0.005885557608612244, -0.005740098838623635], [-0.0006848638825902324, -0.005740098838623633, 0.006504333409304335]], "chi2_level": 0.997, "chi2_df": 3, "chi2_threshold": 13.931422665512084, "N_raw": 88, "N_roi": 88, "N_inlier": 86, "refit": true}
{"timestamp": "19:05:09.654021", "frame": 56, "mu": [-0.26705570894097985, 0.9010197881324616, 1.5030380346703414], "Sigma": [[0.0025268861866310135, -0.0010563789425997966, -0.002388579344423301], [-0.0010563789425997966, 0.0038043858484628403, 0.002768594618870235], [-0.002388579344423301, 0.002768594618870235, 0.027504139646531804]], "chi2_level": 0.997, "chi2_df": 3, "chi2_threshold": 13.931422665512084, "N_raw": 86, "N_roi": 86, "N_inlier": 83, "refit": true}
{"timestamp": "19:05:09.706933", "frame": 57, "mu": [-0.3135122058352876, 0.8616590983705856, 1.5233384496422095], "Sigma": [[0.002841156260346564, 0.0007818431337101801, 0.0011886426958872343], [0.0007818431337101802, 0.00431156042328831, -0.002278753948646051], [0.0011886426958872343, -0.002278753948646051, 0.0041075065638118205]], "chi2_level": 0.997, "chi2_df": 3, "chi2_threshold": 13.931422665512084, "N_raw": 79, "N_roi": 79, "N_inlier": 76, "refit": true}
{"timestamp": "19:05:09.760179", "frame": 58, "mu": [-0.3724255698771331, 0.9783911373340425, -0.18344111647625178], "Sigma": [[0.0031025365284511695, 0.000822027827164451, -0.003170350945409305], [0.000822027827164451, 0.006881597571456289, -0.005930605023833755], [-0.003170350945409305, -0.005930605023833755, 0.008958736344514965]], "chi2_level": 0.997, "chi2_df": 3, "chi2_threshold": 13.931422665512084, "N_raw": 69, "N_roi": 69, "N_inlier": 69, "refit": true}
{"timestamp": "19:05:09.815551", "frame": 59, "mu": [-0.4194855548519169, 0.8943352780232041, 1.52481702757698], "Sigma": [[0.0022570497753966147, -0.00037339228570247595, -0.0014678294368042676], [-0.00037339228570247595, 0.002370695102491024, -0.0033311562032680288], [-0.0014678294368042676, -0.0033311562032680288, 0.010996011793676866]], "chi2_level": 0.997, "chi2_df": 3, "chi2_threshold": 13.931422665512084, "N_raw": 68, "N_roi": 66, "N_inlier": 62, "refit": true}
{"timestamp": "19:05:09.870573", "frame": 60, "mu": [-0.4791436007747574, 0.8980127904271477, 1.58079476332683], "Sigma": [[0.0029164420550827535, -0.00027869535399848626, -0.0010724888462748984], [-0.0002786953539984863, 0.0027737076967890534, -0.0035732178273572483], [-0.0010724888462748984, -0.0035732178273572483, 0.0095348714915499]], "chi2_level": 0.997, "chi2_df": 3, "chi2_threshold": 13.931422665512084, "N_raw": 69, "N_roi": 69, "N_inlier": 67, "refit": true}
{"timestamp": "19:05:09.925784", "frame": 61, "mu": [-0.512236677278357, 0.8808844934435145, 1.5856683285538817], "Sigma": [[0.0032040201724447934, -0.0011387462254742456, -0.0008565601849877082], [-0.0011387462254742458, 0.003732684620570332, -0.0027374823264356717], [-0.0008565601849877082, -0.002737482326435672, 0.0032847273602511808]], "chi2_level": 0.997, "chi2_df": 3, "chi2_threshold": 13.931422665512084, "N_raw": 71, "N_roi": 71, "N_inlier": 69, "refit": true}
{"timestamp": "19:05:09.978645", "frame": 62, "mu": [-0.5412479815230253, 0.9431623559081477, -0.2892665738755586], "Sigma": [[0.0037258045431432943, -0.0017255136985514965, 0.0077476316579838675], [-0.0017255136985514965, 0.015530086335881372, -0.013001709472932261], [0.007747631657983867, -0.01300170947293226, 0.04349214713819116]], "chi2_level": 0.997, "chi2_df": 3, "chi2_threshold": 13.931422665512084, "N_raw": 53, "N_roi": 53, "N_inlier": 49, "refit": true}
{"timestamp": "19:05:10.032135", "frame": 63, "mu": [-0.5853555176585119, 0.9578823763573767, -0.23136794933605703], "Sigma": [[0.0025995653534061384, 0.0020354198801322753, 0.0018373175564781437], [0.0020354198801322753, 0.00810657363859272, 0.0011602529514132549], [0.0018373175564781437, 0.001160252951413255, 0.010358636210502039]], "chi2_level": 0.997, "chi2_df": 3, "chi2_threshold": 13.931422665512084, "N_raw": 51, "N_roi": 51, "N_inlier": 50, "refit": true}
{"timestamp": "19:05:10.091440", "frame": 64, "mu": [-0.6651274824432133, 0.8457466669771316, 1.5135751311522228], "Sigma": [[0.01567707896658748, 0.005564022576507326, -0.02226110984493808], [0.005564022576507326, 0.006144185275514378, -0.011781637161345214], [-0.02226110984493808, -0.011781637161345214, 0.05402147037443037]], "chi2_level": 0.997, "chi2_df": 3, "chi2_threshold": 13.931422665512084, "N_raw": 79, "N_roi": 79, "N_inlier": 78, "refit": true}
{"timestamp": "19:05:10.140270", "frame": 65, "mu": [-0.9179940046979079, 0.6735716878793032, 1.6139947683657536], "Sigma": [[0.020693963431548397, 0.010596561949805426, -0.015784540596158678], [0.010596561949805426, 0.007358993822436912, -0.012194713816510385], [-0.015784540596158678, -0.012194713816510385, 0.029269301619926726]], "chi2_level": 0.997, "chi2_df": 3, "chi2_threshold": 13.931422665512084, "N_raw": 33, "N_roi": 33, "N_inlier": 33, "refit": true}
{"timestamp": "19:05:10.195421", "frame": 66, "mu": [-0.6263604658926628, 0.8599533699847869, -0.3171470766014909], "Sigma": [[0.27894647775744313, -0.0962846825582367, -0.08240842147968051], [-0.09628468255823669, 0.04820197787671171, 0.020500055331946213], [-0.08240842147968051, 0.020500055331946213, 0.03301049805188462]], "chi2_level": 0.997, "chi2_df": 3, "chi2_threshold": 13.931422665512084, "N_raw": 36, "N_roi": 36, "N_inlier": 35, "refit": true}
{"timestamp": "19:05:10.262058", "frame": 67, "mu": [-0.9103298281447251, 0.7485564979796713, 0.37098457008034175], "Sigma": [[0.011969496435974588, 0.004662519589979462, 0.0563770311106848], [0.004662519589979462, 0.010132941691155015, 0.022068117093392528], [0.0563770311106848, 0.022068117093392528, 0.5979627496775087]], "chi2_level": 0.997, "chi2_df": 3, "chi2_threshold": 13.931422665512084, "N_raw": 108, "N_roi": 108, "N_inlier": 106, "refit": true}
{"timestamp": "19:05:10.315733", "frame": 68, "mu": [-0.9284555108109785, 0.8729786455790058, -0.3675752790369036], "Sigma": [[0.014695112451563705, 0.013801148183041432, -0.019121124497211383], [0.013801148183041435, 0.03295572346879673, -0.05387190929748653], [-0.019121124497211383, -0.05387190929748653, 0.09491386135818522]], "chi2_level": 0.997, "chi2_df": 3, "chi2_threshold": 13.931422665512084, "N_raw": 108, "N_roi": 108, "N_inlier": 107, "refit": true}
{"timestamp": "19:05:10.369182", "frame": 69, "mu": [-1.0102053328969893, 0.7891259617945491, 1.6237515078980638], "Sigma": [[0.012347153715362243, 0.005393493513516161, -0.0041088626366406426], [0.005393493513516161, 0.005659549287133855, -0.0057723867697231914], [-0.0041088626366406426, -0.0057723867697231914, 0.007660795805634832]], "chi2_level": 0.997, "chi2_df": 3, "chi2_threshold": 13.931422665512084, "N_raw": 91, "N_roi": 91, "N_inlier": 87, "refit": true}
{"timestamp": "19:05:10.425195", "frame": 70, "mu": [-1.0308543133157702, 0.77356873924821, 1.5603822576194548], "Sigma": [[0.011738049061424087, 0.003024377286188584, -0.004672991506486609], [0.003024377286188584, 0.004333138890067791, -0.005438164736712305], [-0.004672991506486608, -0.005438164736712305, 0.008734291293403935]], "chi2_level": 0.997, "chi2_df": 3, "chi2_threshold": 13.931422665512084, "N_raw": 93, "N_roi": 93, "N_inlier": 91, "refit": true}
{"timestamp": "19:05:10.473787", "frame": 71, "mu": [-1.0857516050673084, 0.696641106924206, 1.475377428546201], "Sigma": [[0.007389813722587182, 0.004105914485233628, -0.0012489873842694925], [0.004105914485233628, 0.004672887541216679, -0.003382770888720426], [-0.0012489873842694925, -0.003382770888720426, 0.004094362805370742]], "chi2_level": 0.997, "chi2_df": 3, "chi2_threshold": 13.931422665512084, "N_raw": 56, "N_roi": 56, "N_inlier": 54, "refit": true}
{"timestamp": "19:05:10.528517", "frame": 72, "mu": [-1.1579728258558057, 0.6953920950152782, 1.4880024922808677], "Sigma": [[0.00848832583258702, 0.00583615025297352, -0.00014943374602376696], [0.00583615025297352, 0.015698815077166004, 0.0004473876331258813], [-0.00014943374602376694, 0.0004473876331258813, 0.005684869362885091]], "chi2_level": 0.997, "chi2_df": 3, "chi2_threshold": 13.931422665512084, "N_raw": 61, "N_roi": 61, "N_inlier": 59, "refit": true}
{"timestamp": "19:05:10.585725", "frame": 73, "mu": [-1.1650396592608918, 0.7882183028393376, -0.4166939860052861], "Sigma": [[0.005586705534609164, 0.00436697923056628, 0.0021355417292155403], [0.00436697923056628, 0.006577581263872613, -0.001524691331237376], [0.0021355417292155407, -0.0015246913312373757, 0.010506742399194177]], "chi2_level": 0.997, "chi2_df": 3, "chi2_threshold": 13.931422665512084, "N_raw": 51, "N_roi": 51, "N_inlier": 50, "refit": true}
{"timestamp": "19:05:10.642831", "frame": 74, "mu": [-1.1522094928778381, 0.9016146320300681, -0.3179588169453736], "Sigma": [[0.010210779127490034, 0.007760071763142805, -0.001238187863985355], [0.007760071763142805, 0.014893763818557755, -0.004278088916513851], [-0.001238187863985355, -0.004278088916513852, 0.0019366004928437236]], "chi2_level": 0.997, "chi2_df": 3, "chi2_threshold": 13.931422665512084, "N_raw": 88, "N_roi": 88, "N_inlier": 86, "refit": true}
{"timestamp": "19:05:10.699794", "frame": 75, "mu": [-1.217015041850644, 0.8466789124019735, -0.39137610337817963], "Sigma": [[0.014013505267072287, 0.007672623874973722, 0.004377914547358501], [0.007672623874973722, 0.022760770256470053, 0.00796790153415751], [0.004377914547358501, 0.00796790153415751, 0.005962016378556675]], "chi2_level": 0.997, "chi2_df": 3, "chi2_threshold": 13.931422665512084, "N_raw": 99, "N_roi": 99, "N_inlier": 98, "refit": true}
{"timestamp": "19:05:10.748113", "frame": 76, "mu": [-1.2804260459980292, 0.8127847176133516, -0.4517689273762078], "Sigma": [[0.008111985603253359, 0.0070079357643879365, 0.006719132994813572], [0.0070079357643879365, 0.020546339400322855, 0.012180032146158384], [0.006719132994813572, 0.012180032146158384, 0.012268861994707862]], "chi2_level": 0.997, "chi2_df": 3, "chi2_threshold": 13.931422665512084, "N_raw": 52, "N_roi": 52, "N_inlier": 50, "refit": true}
{"timestamp": "19:05:10.804617", "frame": 77, "mu": [-1.2820523448604273, 0.8805954619199297, 1.4058547687779681], "Sigma": [[0.01317135342480774, 0.00704559698704281, -0.022533773524532633], [0.00704559698704281, 0.008209778960296165, -0.018971626113519043], [-0.022533773524532633, -0.01897162611351904, 0.10101987118451564]], "chi2_level": 0.997, "chi2_df": 3, "chi2_threshold": 13.931422665512084, "N_raw": 72, "N_roi": 72, "N_inlier": 72, "refit": true}
{"timestamp": "19:05:10.863770", "frame": 78, "mu": [-1.2697741470579667, 0.8875117135985521, 1.248850585856269], "Sigma": [[0.011613786010927015, 0.008821216459801749, -0.012741125193829417], [0.008821216459801749, 0.016702531184748577, -0.015481630760854395], [-0.012741125193829417, -0.015481630760854397, 0.06320880341879959]], "chi2_level": 0.997, "chi2_df": 3, "chi2_threshold": 13.931422665512084, "N_raw": 95, "N_roi": 95, "N_inlier": 94, "refit": true}
{"timestamp": "19:05:10.919916", "frame": 79, "mu": [-1.3163105483005528, 0.9174868312561246, 1.442086662386799], "Sigma": [[0.013620497241538281, 0.008045802225805976, -0.002358505013794895], [0.008045802225805976, 0.01258473065238786, -0.007701277950685016], [-0.002358505013794895, -0.007701277950685016, 0.014389347570723432]], "chi2_level": 0.997, "chi2_df": 3, "chi2_threshold": 13.931422665512084, "N_raw": 102, "N_roi": 102, "N_inlier": 96, "refit": true}
{"timestamp": "19:05:10.968462", "frame": 80, "mu": [-1.3526203158456407, 0.9481557960037873, 1.492889576177952], "Sigma": [[0.009034560109729304, 0.00517917753343705, -0.0047336373188507025], [0.00517917753343705, 0.008764687237406072, -0.006763951588659896], [-0.004733637318850703, -0.006763951588659896, 0.006864393780366195]], "chi2_level": 0.997, "chi2_df": 3, "chi2_threshold": 13.931422665512084, "N_raw": 62, "N_roi": 62, "N_inlier": 60, "refit": true}
{"timestamp": "19:05:11.025588", "frame": 81, "mu": [-1.3359235131499125, 1.047482187164653, 1.3954626182488612], "Sigma": [[0.009712165676355635, 0.0037844545836844966, -0.0009226719721577495], [0.003784454583684497, 0.008482532526216712, -0.01936307503401445], [-0.0009226719721577494, -0.01936307503401445, 0.156573180746023]], "chi2_level": 0.997, "chi2_df": 3, "chi2_threshold": 13.931422665512084, "N_raw": 72, "N_roi": 72, "N_inlier": 72, "refit": true}
{"timestamp": "19:05:11.076216", "frame": 82, "mu": [-1.3758084960262515, 1.0682681099230171, 1.5122342852397557], "Sigma": [[0.008739822625221659, 0.005240939869313167, -0.008123235387892006], [0.005240939869313167, 0.011452069598821267, -0.02631287137269918], [-0.008123235387892006, -0.026312871372699182, 0.09202083239701273]], "chi2_level": 0.997, "chi2_df": 3, "chi2_threshold": 13.931422665512084, "N_raw": 46, "N_roi": 45, "N_inlier": 45, "refit": true}
{"timestamp": "19:05:11.132880", "frame": 83, "mu": [-1.3887771963465014, 1.0791549909182436, 1.5830065802910402], "Sigma": [[0.009248652066938206, 0.0064045120147598125, -0.007754651060923235], [0.0064045120147598125, 0.01882107335183252, -0.013943313644220742], [-0.007754651060923236, -0.013943313644220742, 0.012222635455321177]], "chi2_level": 0.997, "chi2_df": 3, "chi2_threshold": 13.931422665512084, "N_raw": 61, "N_roi": 61, "N_inlier": 59, "refit": true}
{"timestamp": "19:05:11.188494", "frame": 84, "mu": [-1.4930509396964922, 1.1028886434820975, 1.6442451145992445], "Sigma": [[0.011617813781015156, 0.0021412033956165286, -0.00675452122357661], [0.0021412033956165286, 0.012115128457027542, -0.007289238284608932], [-0.00675452122357661, -0.007289238284608932, 0.007842875585651495]], "chi2_level": 0.997, "chi2_df": 3, "chi2_threshold": 13.931422665512084, "N_raw": 69, "N_roi": 69, "N_inlier": 69, "refit": true}
{"timestamp": "19:05:11.252591", "frame": 85, "mu": [-1.4240835710308362, 1.2513292398790743, 0.5546556652632418], "Sigma": [[0.013303165210704406, 0.0031681513549800524, 0.04724998175728887], [0.003168151354980052, 0.01687332221823706, 0.05762286921727895], [0.04724998175728887, 0.05762286921727895, 0.5960254849748563]], "chi2_level": 0.997, "chi2_df": 3, "chi2_threshold": 13.931422665512084, "N_raw": 115, "N_roi": 115, "N_inlier": 115, "refit": true}
{"timestamp": "19:05:11.306853", "frame": 86, "mu": [-1.4648885527297317, 1.241824334723883, 1.627993291802234], "Sigma": [[0.021093773962085414, 0.003611689955675257, -0.01851113191191541], [0.003611689955675257, 0.016052279795426547, -0.0025870473563754503], [-0.01851113191191541, -0.0025870473563754503, 0.01763662164358385]], "chi2_level": 0.997, "chi2_df": 3, "chi2_threshold": 13.931422665512084, "N_raw": 117, "N_roi": 117, "N_inlier": 117, "refit": true}
{"timestamp": "19:05:11.361371", "frame": 87, "mu": [-1.4873077366105942, 1.2122649874178655, 1.5464248802925948], "Sigma": [[0.015096710715097944, 0.008386290873103608, -0.009596186174870158], [0.008386290873103608, 0.02180700360570164, -0.012637796805530004], [-0.009596186174870158, -0.012637796805530004, 0.010459625213452256]], "chi2_level": 0.997, "chi2_df": 3, "chi2_threshold": 13.931422665512084, "N_raw": 110, "N_roi": 110, "N_inlier": 108, "refit": true}
{"timestamp": "19:05:11.410125", "frame": 88, "mu": [-1.526726155537286, 1.2285773573678571, 1.6295136975760627], "Sigma": [[0.01599300180990576, 0.004631419587318525, -0.013139173564142952], [0.004631419587318525, 0.011730169305335545, -0.0059466065499649895], [-0.013139173564142952, -0.0059466065499649895, 0.012009851513484398]], "chi2_level": 0.997, "chi2_df": 3, "chi2_threshold": 13.931422665512084, "N_raw": 64, "N_roi": 64, "N_inlier": 62, "refit": true}
{"timestamp": "19:05:11.466447", "frame": 89, "mu": [-1.5286461570973322, 1.2420913933655853, 1.4535100337661835], "Sigma": [[0.02238684412324044, 0.010623250458741, -0.0459191759755633], [0.010623250458741, 0.01384582582322443, -0.022868002258703675], [-0.0459191759755633, -0.022868002258703675, 0.16096703726273973]], "chi2_level": 0.997, "chi2_df": 3, "chi2_threshold": 13.931422665512084, "N_raw": 78, "N_roi": 78, "N_inlier": 78, "refit": true}
{"timestamp": "19:05:11.519674", "frame": 90, "mu": [-1.6067553043360177, 1.277468157461666, 1.7067417445502209], "Sigma": [[0.009861925944665227, 0.005661491080027639, -0.009617057607571807], [0.00566149108002764, 0.0127928239649489, -0.01285687413448688], [-0.009617057607571809, -0.01285687413448688, 0.022602525140691332]], "chi2_level": 0.997, "chi2_df": 3, "chi2_threshold": 13.931422665512084, "N_raw": 64, "N_roi": 64, "N_inlier": 61, "refit": true}
{"timestamp": "19:05:11.571661", "frame": 91, "mu": [-1.5875077880582233, 1.3574502577111753, 1.4960119123900186], "Sigma": [[0.020189216618973174, 0.015347650877645537, -0.04865796228073776], [0.015347650877645537, 0.016588361350953117, -0.04811658317279832], [-0.048657962280737765, -0.04811658317279832, 0.17959076268154994]], "chi2_level": 0.997, "chi2_df": 3, "chi2_threshold": 13.931422665512084, "N_raw": 43, "N_roi": 43, "N_inlier": 43, "refit": true}
{"timestamp": "19:05:11.633215", "frame": 92, "mu": [-1.5164385434250125, 1.4406253728534897, 1.3177436063306347], "Sigma": [[0.02038848333596794, 0.015298500889424242, -0.059280204626957766], [0.015298500889424242, 0.017477026157681402, -0.05188072125227018], [-0.05928020462695776, -0.05188072125227018, 0.296523977903366]], "chi2_level": 0.997, "chi2_df": 3, "chi2_threshold": 13.931422665512084, "N_raw": 92, "N_roi": 92, "N_inlier": 92, "refit": true}
{"timestamp": "19:05:11.691334", "frame": 93, "mu": [-1.6056073980236012, 1.4374343399262615, 1.57886806013511], "Sigma": [[0.019844516688948797, 0.015484140728462277, -0.0249860438364912], [0.015484140728462275, 0.021774870958768552, -0.03710995901099469], [-0.024986043836491195, -0.03710995901099469, 0.08462777131445498]], "chi2_level": 0.997, "chi2_df": 3, "chi2_threshold": 13.931422665512084, "N_raw": 108, "N_roi": 108, "N_inlier": 106, "refit": true}
{"timestamp": "19:05:11.735819", "frame": 94, "mu": [-1.744411914559376, 1.3955752041504426, 1.7529326145725028], "Sigma": [[0.017145389055289312, 0.009444587666694598, -0.013868605999777479], [0.009444587666694598, 0.013592305217256719, -0.017637027252847153], [-0.013868605999777479, -0.017637027252847153, 0.02779058674727066]], "chi2_level": 0.997, "chi2_df": 3, "chi2_threshold": 13.931422665512084, "N_raw": 42, "N_roi": 42, "N_inlier": 41, "refit": true}
{"timestamp": "19:05:11.793634", "frame": 95, "mu": [-1.6878496166657457, 1.436848291288652, 1.7413370046880081], "Sigma": [[0.018131358288842436, 0.014214853627097061, -0.014509456809909116], [0.014214853627097061, 0.016128145107867975, -0.014610635591057151], [-0.014509456809909116, -0.01461063559105715, 0.01514051789201098]], "chi2_level": 0.997, "chi2_df": 3, "chi2_threshold": 13.931422665512084, "N_raw": 59, "N_roi": 59, "N_inlier": 59, "refit": true}
{"timestamp": "19:05:11.851562", "frame": 96, "mu": [-1.661797969691057, 1.502842994997991, 1.6491572978561575], "Sigma": [[0.02150178580287744, 0.01460132312224239, -0.014605545301633062], [0.01460132312224239, 0.015644822036439188, -0.012798053608974555], [-0.014605545301633063, -0.012798053608974555, 0.012670235938584037]], "chi2_level": 0.997, "chi2_df": 3, "chi2_threshold": 13.931422665512084, "N_raw": 74, "N_roi": 74, "N_inlier": 71, "refit": true}
{"timestamp": "19:05:11.905215", "frame": 97, "mu": [-1.613389769972976, 1.6243032029492017, -0.20676925753500675], "Sigma": [[0.018390181191562847, 0.012523982649954137, 0.0059691772073340536], [0.012523982649954137, 0.017170238263313854, 0.011021533738144913], [0.0059691772073340536, 0.011021533738144915, 0.02441439710029262]], "chi2_level": 0.997, "chi2_df": 3, "chi2_threshold": 13.931422665512084, "N_raw": 74, "N_roi": 74, "N_inlier": 70, "refit": true}
{"timestamp": "19:05:11.963587", "frame": 98, "mu": [-1.648950809066707, 1.7127589162240033, 0.3339638563366127], "Sigma": [[0.023751200574021254, 0.016944462460474433, 0.0443590407635856], [0.016944462460474433, 0.027873014857298192, 0.01228992834926308], [0.0443590407635856, 0.012289928349263079, 0.3242428746597756]], "chi2_level": 0.997, "chi2_df": 3, "chi2_threshold": 13.931422665512084, "N_raw": 92, "N_roi": 92, "N_inlier": 91, "refit": true}
{"timestamp": "19:05:12.013237", "frame": 99, "mu": [-1.5474537870821257, 1.7470251669894161, 1.5351525788544498], "Sigma": [[0.014477652613305235, 0.008258903545389128, -0.010508895230132917], [0.008258903545389128, 0.011065639610657747, -0.009233041703820409], [-0.010508895230132915, -0.009233041703820409, 0.010501590521019339]], "chi2_level": 0.997, "chi2_df": 3, "chi2_threshold": 13.931422665512084, "N_raw": 54, "N_roi": 54, "N_inlier": 51, "refit": true}
{"timestamp": "19:05:12.182500", "frame": 100, "mu": [-1.5253980764444675, 1.811348037152383, 1.5545251485944773], "Sigma": [[0.007126008133161033, 0.0014524518234060486, -0.0013071940405851722], [0.0014524518234060486, 0.00401101735388924, -0.004769798535098966], [-0.0013071940405851726, -0.004769798535098966, 0.008504447818830294]], "chi2_level": 0.997, "chi2_df": 3, "chi2_threshold": 13.931422665512084, "N_raw": 40, "N_roi": 40, "N_inlier": 36, "refit": true}
{"timestamp": "19:05:12.191820", "frame": 101, "mu": [-1.5111402329185977, 1.8687075154528328, 1.562589122215763], "Sigma": [[0.008796846818249627, 0.002894550691402406, -0.007011300464404834], [0.002894550691402406, 0.008155604943878923, -0.004750729601721264], [-0.007011300464404834, -0.004750729601721264, 0.007977902264103472]], "chi2_level": 0.997, "chi2_df": 3, "chi2_threshold": 13.931422665512084, "N_raw": 57, "N_roi": 57, "N_inlier": 53, "refit": true}
{"timestamp": "19:05:12.221214", "frame": 102, "mu": [-1.5057285897415875, 1.941143687829426, 1.6156927709390536], "Sigma": [[0.008738815925059465, 0.0025395082412194804, -0.006802037886119267], [0.0025395082412194804, 0.00802503488892962, -0.003216245285251406], [-0.006802037886119267, -0.0032162452852514062, 0.006760523634635745]], "chi2_level": 0.997, "chi2_df": 3, "chi2_threshold": 13.931422665512084, "N_raw": 55, "N_roi": 55, "N_inlier": 50, "refit": true}
{"timestamp": "19:05:12.253224", "frame": 103, "mu": [-1.620158122101439, 1.9505973745223295, 1.3674316934050947], "Sigma": [[0.020347494254662927, 0.013764772789662667, -0.014991011144731423], [0.013764772789662663, 0.014776887818975239, -0.026684685015566218], [-0.014991011144731423, -0.026684685015566215, 0.3385884618189979]], "chi2_level": 0.997, "chi2_df": 3, "chi2_threshold": 13.931422665512084, "N_raw": 67, "N_roi": 67, "N_inlier": 67, "refit": true}
{"timestamp": "19:05:12.289436", "frame": 104, "mu": [-1.5574735085406146, 2.0324730171333076, 1.4902489245234358], "Sigma": [[0.02745833160119885, 0.015900869988783085, -0.02056230553584533], [0.015900869988783085, 0.021718011178683966, -0.04031572116504376], [-0.020562305535845333, -0.04031572116504377, 0.14854031611340293]], "chi2_level": 0.997, "chi2_df": 3, "chi2_threshold": 13.931422665512084, "N_raw": 64, "N_roi": 64, "N_inlier": 61, "refit": true}
