{"timestamp": "18:45:07.285781", "frame": 19, "mu": [-0.6927827361968238, 0.32865709209169547, 1.3176982886693573], "Sigma": [[1.0641971787688813, 0.0013342578523800374, 0.024523005660211594], [0.0013342578523800356, 0.002971466468077673, -0.0009425882979776702], [0.024523005660211594, -0.0009425882979776702, 0.0028767160120802774]], "chi2_level": 0.997, "chi2_df": 3, "chi2_threshold": 13.931422665512084, "N_raw": 27, "N_roi": 27, "N_inlier": 27, "refit": true}
{"timestamp": "18:45:07.398093", "frame": 21, "mu": [-0.997736637334818, 0.38922123881240667, 1.4474167424413478], "Sigma": [[0.41429107201209664, -0.016855720124429825, 0.009370567792863372], [-0.016855720124429825, 0.0046793910863077515, -0.0026400315254750274], [0.009370567792863372, -0.0026400315254750274, 0.002418640803958568]], "chi2_level": 0.997, "chi2_df": 3, "chi2_threshold": 13.931422665512084, "N_raw": 42, "N_roi": 42, "N_inlier": 41, "refit": true}
{"timestamp": "18:45:07.449593", "frame": 22, "mu": [-1.2069421461670977, 0.43882271172357795, 1.387724659556313], "Sigma": [[0.0017956595789056782, 0.0016853009532905904, -0.0004273615770022996], [0.0016853009532905904, 0.0029257570695876874, -0.0014036402309268534], [-0.0004273615770022996, -0.0014036402309268534, 0.0014321260913097611]], "chi2_level": 0.997, "chi2_df": 3, "chi2_threshold": 13.931422665512084, "N_raw": 16, "N_roi": 16, "N_inlier": 16, "refit": true}
{"timestamp": "18:45:07.510878", "frame": 23, "mu": [-1.1390320673324468, 0.4429980214766763, 1.4875449078157974], "Sigma": [[0.007975004282032155, 0.002551333612572128, 0.0009183434920571801], [0.002551333612572128, 0.0060337795491741475, -0.003413622996253003], [0.0009183434920571802, -0.003413622996253003, 0.003185284068890926]], "chi2_level": 0.997, "chi2_df": 3, "chi2_threshold": 13.931422665512084, "N_raw": 61, "N_roi": 61, "N_inlier": 58, "refit": true}
{"timestamp": "18:45:07.565802", "frame": 24, "mu": [-1.1133867180406276, 0.4731062887382811, 1.479622967222594], "Sigma": [[0.0062692554171802015, 0.0020121150076520414, 0.0016087648177638852], [0.0020121150076520414, 0.004396777654862616, -0.003067593761736201], [0.0016087648177638852, -0.0030675937617362014, 0.005139163804705991]], "chi2_level": 0.997, "chi2_df": 3, "chi2_threshold": 13.931422665512084, "N_raw": 60, "N_roi": 60, "N_inlier": 57, "refit": true}
{"timestamp": "18:45:07.623420", "frame": 25, "mu": [-1.0733359263000886, 0.5334262131200526, 1.4719979482291823], "Sigma": [[0.008810103126158365, 0.0035251486534815506, 3.3779340769991384e-05], [0.0035251486534815506, 0.00694319776700189, -0.004313947862115041], [3.3779340769991275e-05, -0.004313947862115041, 0.004237757709333318]], "chi2_level": 0.997, "chi2_df": 3, "chi2_threshold": 13.931422665512084, "N_raw": 80, "N_roi": 80, "N_inlier": 78, "refit": true}
{"timestamp": "18:45:07.682296", "frame": 26, "mu": [-0.9940354280550137, 0.5854746523175772, 1.4730566048673626], "Sigma": [[0.009270725992889835, 0.0017017487991417158, -0.0025836043955960674], [0.001701748799141716, 0.006869074875463058, -0.003691425148535842], [-0.002583604395596067, -0.003691425148535842, 0.0028085143707305103]], "chi2_level": 0.997, "chi2_df": 3, "chi2_threshold": 13.931422665512084, "N_raw": 88, "N_roi": 88, "N_inlier": 83, "refit": true}
{"timestamp": "18:45:07.735078", "frame": 27, "mu": [-0.975002634347497, 0.6289679785160142, 1.4710591069378636], "Sigma": [[0.01199410867671377, 0.0033223347570907084, -0.0028303903920312095], [0.0033223347570907084, 0.0039879661399982195, -0.00256789569489026], [-0.0028303903920312095, -0.00256789569489026, 0.0024749180364118783]], "chi2_level": 0.997, "chi2_df": 3, "chi2_threshold": 13.931422665512084, "N_raw": 72, "N_roi": 72, "N_inlier": 70, "refit": true}
{"timestamp": "18:45:07.784262", "frame": 28, "mu": [-0.9134584076545506, 0.7115674563958767, 1.528199042016566], "Sigma": [[0.009424774040911006, 0.0012980823160283065, -0.017773151631529444], [0.0012980823160283063, 0.004245384705697447, -0.006030361643243913], [-0.017773151631529444, -0.006030361643243913, 0.06436229902703403]], "chi2_level": 0.997, "chi2_df": 3, "chi2_threshold": 13.931422665512084, "N_raw": 27, "N_roi": 27, "N_inlier": 27, "refit": true}
{"timestamp": "18:45:07.839501", "frame": 29, "mu": [-1.0530450043030972, 0.6678713523087302, 1.656560303159509], "Sigma": [[0.004914923344771764, 0.00184852396343685, 0.0028336168289895573], [0.00184852396343685, 0.0029876768653641196, -0.0007659997235303448], [0.0028336168289895573, -0.0007659997235303449, 0.005174136665636976]], "chi2_level": 0.997, "chi2_df": 3, "chi2_threshold": 13.931422665512084, "N_raw": 35, "N_roi": 35, "N_inlier": 33, "refit": true}
{"timestamp": "18:45:07.896376", "frame": 30, "mu": [-0.7755168494432945, 0.8198914561299938, 1.1544112109158573], "Sigma": [[0.024419492097642694, 0.008729688893016263, -0.048688635151137985], [0.008729688893016263, 0.004200489264001374, -0.01822266614284774], [-0.048688635151137985, -0.01822266614284774, 0.11024141794709769]], "chi2_level": 0.997, "chi2_df": 3, "chi2_threshold": 13.931422665512084, "N_raw": 51, "N_roi": 51, "N_inlier": 50, "refit": true}
{"timestamp": "18:45:07.948667", "frame": 31, "mu": [-0.9564427256923883, 0.7815071183149868, 1.7701120935875134], "Sigma": [[0.02270122209767065, 0.012989249655009014, -0.03908893408882721], [0.012989249655009014, 0.011792478061347226, -0.021697376886565943], [-0.03908893408882721, -0.021697376886565943, 0.08755301966774644]], "chi2_level": 0.997, "chi2_df": 3, "chi2_threshold": 13.931422665512084, "N_raw": 28, "N_roi": 28, "N_inlier": 28, "refit": true}
{"timestamp": "18:45:08.007494", "frame": 32, "mu": [-0.6793451902302873, 1.1639541622406786, -0.46103590774685704], "Sigma": [[0.005251150645919759, -0.0008982995428590226, -0.007248908533579589], [-0.0008982995428590231, 0.019974126309791992, -0.05405566653247789], [-0.007248908533579589, -0.05405566653247789, 0.1814215960811423]], "chi2_level": 0.997, "chi2_df": 3, "chi2_threshold": 13.931422665512084, "N_raw": 55, "N_roi": 55, "N_inlier": 53, "refit": true}
{"timestamp": "18:45:08.065271", "frame": 33, "mu": [-0.6183906773472897, 1.0236127758753175, 1.259499359934728], "Sigma": [[0.0029627682259952344, -0.0014380157420149514, -0.001225165656443312], [-0.0014380157420149514, 0.004314592377085715, -0.003591595291411969], [-0.001225165656443312, -0.003591595291411969, 0.11071432836086356]], "chi2_level": 0.997, "chi2_df": 3, "chi2_threshold": 13.931422665512084, "N_raw": 71, "N_roi": 71, "N_inlier": 68, "refit": true}
{"timestamp": "18:45:08.116349", "frame": 34, "mu": [-0.5875834469053758, 1.090970783169139, 1.1691600063859857], "Sigma": [[0.002478589779070464, 0.0020911005918018786, 0.0005142132483896347], [0.002091100591801878, 0.00653123350216427, 0.0028920991670743925], [0.0005142132483896347, 0.0028920991670743916, 0.15136169741837283]], "chi2_level": 0.997, "chi2_df": 3, "chi2_threshold": 13.931422665512084, "N_raw": 39, "N_roi": 39, "N_inlier": 38, "refit": true}
{"timestamp": "18:45:08.171196", "frame": 35, "mu": [-0.6052347057122693, 1.1986556563447686, 1.3651198602184393], "Sigma": [[0.0027598303460932873, -0.00029113420233345427, -0.004263922113457073], [-0.0002911342023334543, 0.0021930173502087815, -0.0011757905898232327], [-0.004263922113457073, -0.0011757905898232327, 0.1227649198653624]], "chi2_level": 0.997, "chi2_df": 3, "chi2_threshold": 13.931422665512084, "N_raw": 41, "N_roi": 41, "N_inlier": 39, "refit": true}
{"timestamp": "18:45:08.234545", "frame": 36, "mu": [-0.5184254548515838, 1.232411453148226, 1.1948812240077653], "Sigma": [[0.005466527105868736, -0.0015181416850152335, 0.01576888386281213], [-0.0015181416850152335, 0.004132460585262688, -0.008824506686879317], [0.01576888386281213, -0.008824506686879317, 0.2618432961054697]], "chi2_level": 0.997, "chi2_df": 3, "chi2_threshold": 13.931422665512084, "N_raw": 95, "N_roi": 95, "N_inlier": 95, "refit": true}
{"timestamp": "18:45:08.284391", "frame": 37, "mu": [-0.4355441599036023, 1.30427540516193, 1.4856221662009625], "Sigma": [[0.004012553248862803, -0.002026974297353483, 8.823917055632887e-05], [-0.002026974297353483, 0.005021177098859286, -0.00424607668894603], [8.823917055632898e-05, -0.00424607668894603, 0.016703606682100785]], "chi2_level": 0.997, "chi2_df": 3, "chi2_threshold": 13.931422665512084, "N_raw": 63, "N_roi": 63, "N_inlier": 59, "refit": true}
{"timestamp": "18:45:08.336626", "frame": 38, "mu": [-0.4542918142323036, 1.3044561669786745, 1.5335739563320911], "Sigma": [[0.003767751770401398, -0.0011235669250429978, -0.006935631881132335], [-0.0011235669250429978, 0.004907944422990433, -0.019333260621669707], [-0.006935631881132334, -0.019333260621669707, 0.1700370983847045]], "chi2_level": 0.997, "chi2_df": 3, "chi2_threshold": 13.931422665512084, "N_raw": 48, "N_roi": 48, "N_inlier": 47, "refit": true}
{"timestamp": "18:45:08.398828", "frame": 39, "mu": [-0.3261429198929456, 1.3650147307300766, -0.31483113840680277], "Sigma": [[0.006423501764014552, -0.003143775985845058, 0.0396911898464621], [-0.0031437759858450576, 0.008599210169524947, -0.0034876012208647465], [0.0396911898464621, -0.0034876012208647474, 0.6227518534066918]], "chi2_level": 0.997, "chi2_df": 3, "chi2_threshold": 13.931422665512084, "N_raw": 90, "N_roi": 87, "N_inlier": 86, "refit": true}
{"timestamp": "18:45:08.454681", "frame": 40, "mu": [-0.2607258330600322, 1.4796967520767776, -0.42897886984507716], "Sigma": [[0.005647167852859797, -0.005837953087468029, 0.04938445090635174], [-0.005837953087468029, 0.0476559107752076, -0.09364010748431496], [0.04938445090635173, -0.09364010748431496, 0.6336452909857605]], "chi2_level": 0.997, "chi2_df": 3, "chi2_threshold": 13.931422665512084, "N_raw": 90, "N_roi": 90, "N_inlier": 90, "refit": true}
{"timestamp": "18:45:08.506530", "frame": 41, "mu": [-0.26096682211064437, 1.4933285646216925, 1.3576377793339005], "Sigma": [[0.005771837656140184, -0.003995963392610288, -0.002093640543355298], [-0.003995963392610288, 0.006541739558462554, -0.011659647309046044], [-0.002093640543355298, -0.011659647309046044, 0.2184861417858495]], "chi2_level": 0.997, "chi2_df": 3, "chi2_threshold": 13.931422665512084, "N_raw": 75, "N_roi": 75, "N_inlier": 73, "refit": true}
{"timestamp": "18:45:08.562461", "frame": 42, "mu": [-0.21459272111544403, 1.5541102010812604, 1.4554830145844386], "Sigma": [[0.006056310902949373, -0.0031403738708250225, -0.011873373143124328], [-0.0031403738708250225, 0.011694820426617512, 0.013944601296540158], [-0.011873373143124328, 0.013944601296540158, 0.06538906046257659]], "chi2_level": 0.997, "chi2_df": 3, "chi2_threshold": 13.931422665512084, "N_raw": 86, "N_roi": 86, "N_inlier": 83, "refit": true}
{"timestamp": "18:45:08.616837", "frame": 43, "mu": [-0.1633540258772114, 1.6126404387209818, 1.5056161778381052], "Sigma": [[0.005898065543180822, -0.0002514362067854702, -0.003979662932376645], [-0.00025143620678547005, 0.007468786605249662, -0.0009260955316640293], [-0.003979662932376645, -0.0009260955316640293, 0.003268414590374989]], "chi2_level": 0.997, "chi2_df": 3, "chi2_threshold": 13.931422665512084, "N_raw": 77, "N_roi": 73, "N_inlier": 71, "refit": true}
{"timestamp": "18:45:08.674693", "frame": 44, "mu": [-0.08597277164455092, 1.6069705423221772, 1.253330433450508], "Sigma": [[0.004899065946078734, -0.0022100748780046102, -0.006661586196168053], [-0.00221007487800461, 0.009082393206753222, 0.009661272305366758], [-0.006661586196168053, 0.009661272305366758, 0.2565898540271646]], "chi2_level": 0.997, "chi2_df": 3, "chi2_threshold": 13.931422665512084, "N_raw": 98, "N_roi": 96, "N_inlier": 93, "refit": true}
{"timestamp": "18:45:08.734366", "frame": 45, "mu": [-0.13018162164400224, 1.6957486732989424, 1.121593882971464], "Sigma": [[0.025670988713024853, -0.0005236528155664699, 0.053654257177194686], [-0.0005236528155664703, 0.006987250784878018, 0.011471739657134805], [0.0536542571771947, 0.011471739657134807, 0.28203322805748315]], "chi2_level": 0.997, "chi2_df": 3, "chi2_threshold": 13.931422665512084, "N_raw": 134, "N_roi": 134, "N_inlier": 133, "refit": true}
{"timestamp": "18:45:08.790757", "frame": 46, "mu": [-0.07871260662160924, 1.9191709052608603, -0.47852506304170395], "Sigma": [[0.02231280297733168, -0.01442742101471671, 0.05581884142832638], [-0.01442742101471671, 0.018814245484799964, -0.06082456357025884], [0.05581884142832638, -0.06082456357025884, 0.24307831361293006]], "chi2_level": 0.997, "chi2_df": 3, "chi2_threshold": 13.931422665512084, "N_raw": 129, "N_roi": 128, "N_inlier": 120, "refit": true}
{"timestamp": "18:45:08.842791", "frame": 47, "mu": [-0.008763252782346569, 1.8013627483775478, 0.9954023180227656], "Sigma": [[0.020236601009810486, -0.006644833507641098, 0.049153286225271445], [-0.006644833507641098, 0.00636840872740987, -0.03293845833639201], [0.049153286225271445, -0.032938458336392015, 0.28682500772711256]], "chi2_level": 0.997, "chi2_df": 3, "chi2_threshold": 13.931422665512084, "N_raw": 112, "N_roi": 109, "N_inlier": 108, "refit": true}
{"timestamp": "18:45:08.898405", "frame": 48, "mu": [0.07133322047456876, 2.0392816505465454, -0.4791842454655313], "Sigma": [[0.009549209774414669, -0.009533373578860822, 0.01817150456106858], [-0.009533373578860822, 0.03905226368619397, -0.11789642057375294], [0.01817150456106858, -0.11789642057375294, 0.4391606872759477]], "chi2_level": 0.997, "chi2_df": 3, "chi2_threshold": 13.931422665512084, "N_raw": 111, "N_roi": 111, "N_inlier": 111, "refit": true}
{"timestamp": "18:45:08.947711", "frame": 49, "mu": [0.12828975852242055, 1.8734921158313902, 1.2992362339279202], "Sigma": [[0.0060981578634872495, -0.0005150600598821765, 0.008429594375213057], [-0.0005150600598821765, 0.005258908107362708, 0.009050336704356513], [0.008429594375213055, 0.009050336704356513, 0.26059818456164763]], "chi2_level": 0.997, "chi2_df": 3, "chi2_threshold": 13.931422665512084, "N_raw": 85, "N_roi": 85, "N_inlier": 85, "refit": true}
{"timestamp": "18:45:08.999501", "frame": 50, "mu": [0.15738316221081475, 1.9032148806638403, 1.0533591107613813], "Sigma": [[0.00826633980574913, 0.0001533440346199191, 0.045022381087497135], [0.00015334403461991913, 0.004239378937178314, 0.016481514666521348], [0.045022381087497135, 0.016481514666521348, 0.47167959566674106]], "chi2_level": 0.997, "chi2_df": 3, "chi2_threshold": 13.931422665512084, "N_raw": 63, "N_roi": 62, "N_inlier": 60, "refit": true}
{"timestamp": "18:45:09.053144", "frame": 51, "mu": [0.19202271172009355, 2.1042425428417455, -0.05428224677894103], "Sigma": [[0.005634688013603842, 0.00015642910521705618, -0.006802067756168628], [0.00015642910521705602, 0.012624224649706276, -0.04148570341241234], [-0.006802067756168628, -0.04148570341241234, 0.202076347726012]], "chi2_level": 0.997, "chi2_df": 3, "chi2_threshold": 13.931422665512084, "N_raw": 48, "N_roi": 47, "N_inlier": 45, "refit": true}
{"timestamp": "18:45:09.106342", "frame": 52, "mu": [0.2168170224665145, 2.1054297214639406, 1.237993249046488], "Sigma": [[0.005302144796899029, -0.0007131485329339906, -0.0022266044527684973], [-0.0007131485329339906, 0.008923380432244893, 0.009340665746914386], [-0.0022266044527684964, 0.009340665746914386, 0.23594078573398927]], "chi2_level": 0.997, "chi2_df": 3, "chi2_threshold": 13.931422665512084, "N_raw": 33, "N_roi": 33, "N_inlier": 31, "refit": true}
{"timestamp": "18:45:09.160656", "frame": 53, "mu": [0.2691955256389633, 2.102361836179234, 1.4642147901743388], "Sigma": [[0.005676858779302901, -0.003896920293025399, -0.008597070165068287], [-0.003896920293025399, 0.00530365618871789, 0.003487572326086474], [-0.00859707016506829, 0.003487572326086474, 0.24692953767083295]], "chi2_level": 0.997, "chi2_df": 3, "chi2_threshold": 13.931422665512084, "N_raw": 26, "N_roi": 26, "N_inlier": 25, "refit": true}
{"timestamp": "18:45:09.215220", "frame": 54, "mu": [0.3205172929787336, 2.133159774612112, 1.2683202269948546], "Sigma": [[0.00883005241894306, -0.007385318885708996, 0.015946633516229443], [-0.007385318885708996, 0.018782121910167923, 0.023012695882375332], [0.015946633516229443, 0.023012695882375332, 0.2205605554371898]], "chi2_level": 0.997, "chi2_df": 3, "chi2_threshold": 13.931422665512084, "N_raw": 36, "N_roi": 36, "N_inlier": 34, "refit": true}
{"timestamp": "18:45:09.272205", "frame": 55, "mu": [0.43829270060886094, 2.301138824524848, -0.10286143634857262], "Sigma": [[0.004637731027282024, 0.00045738832966242575, -0.006322369378468553], [0.00045738832966242565, 0.01990295901737059, -0.04516323182640964], [-0.006322369378468553, -0.04516323182640964, 0.12485255556918147]], "chi2_level": 0.997, "chi2_df": 3, "chi2_threshold": 13.931422665512084, "N_raw": 48, "N_roi": 48, "N_inlier": 47, "refit": true}
{"timestamp": "18:45:09.323912", "frame": 56, "mu": [0.47120430173181566, 2.2195023512995826, 1.1191516043541458], "Sigma": [[0.0059464887300192965, -0.0017730566400487662, 0.03002152030146065], [-0.0017730566400487662, 0.0038531256123445212, -0.024432735899363796], [0.03002152030146065, -0.024432735899363792, 0.4035634958471074]], "chi2_level": 0.997, "chi2_df": 3, "chi2_threshold": 13.931422665512084, "N_raw": 28, "N_roi": 28, "N_inlier": 27, "refit": true}
{"timestamp": "18:45:09.383535", "frame": 57, "mu": [0.5236224741842705, 2.307209291930161, 0.8185187946610116], "Sigma": [[0.007021683809696623, -0.0017716274356922765, -0.00815992038899448], [-0.0017716274356922765, 0.004075930219613915, -0.021867435094604426], [-0.00815992038899448, -0.021867435094604426, 0.5957747677299676]], "chi2_level": 0.997, "chi2_df": 3, "chi2_threshold": 13.931422665512084, "N_raw": 64, "N_roi": 61, "N_inlier": 60, "refit": true}
{"timestamp": "18:45:09.433902", "frame": 58, "mu": [0.5560529595330139, 2.3497206791638807, 1.1879548050213087], "Sigma": [[0.0019430326603459985, -0.0002542160703218314, -0.0026114989509121713], [-0.0002542160703218314, 0.0057640047013590495, -0.015043894102188307], [-0.0026114989509121718, -0.015043894102188307, 0.3680387244006247]], "chi2_level": 0.997, "chi2_df": 3, "chi2_threshold": 13.931422665512084, "N_raw": 27, "N_roi": 26, "N_inlier": 25, "refit": true}
{"timestamp": "18:45:09.490855", "frame": 59, "mu": [0.6273377476550003, 2.471540694822834, 0.40264034201760457], "Sigma": [[0.00829921961927217, -0.0009100231043755465, -0.02220447809606931], [-0.0009100231043755465, 0.010834219891031645, -0.038215031834204355], [-0.022204478096069312, -0.038215031834204355, 0.4280731719666882]], "chi2_level": 0.997, "chi2_df": 3, "chi2_threshold": 13.931422665512084, "N_raw": 44, "N_roi": 44, "N_inlier": 44, "refit": true}
{"timestamp": "18:45:09.545296", "frame": 60, "mu": [0.6094162538823443, 2.4727245687172004, 1.3632910758095307], "Sigma": [[0.005537309233452179, -0.001617689793233611, -0.006409683712528647], [-0.001617689793233611, 0.0028340255298734294, -0.007397650507628338], [-0.006409683712528647, -0.007397650507628337, 0.12690310208150374]], "chi2_level": 0.997, "chi2_df": 3, "chi2_threshold": 13.931422665512084, "N_raw": 38, "N_roi": 38, "N_inlier": 36, "refit": true}
{"timestamp": "18:45:09.606296", "frame": 61, "mu": [0.5685991795014959, 2.5543079911738924, 0.9952247955474306], "Sigma": [[0.008982385256737136, -0.000704548181706559, 0.00576146345154139], [-0.000704548181706559, 0.00373666954990244, 0.011135018641980065], [0.005761463451541389, 0.011135018641980065, 0.18830389216157634]], "chi2_level": 0.997, "chi2_df": 3, "chi2_threshold": 13.931422665512084, "N_raw": 81, "N_roi": 81, "N_inlier": 79, "refit": true}
{"timestamp": "18:45:09.658108", "frame": 62, "mu": [0.7273911088469917, 2.649807590493599, -0.08267343131171592], "Sigma": [[0.009503613653848135, -0.004333793467188301, 0.009981608030596553], [-0.0043337934671883, 0.009459471143869134, -0.013127170651707964], [0.009981608030596553, -0.013127170651707966, 0.08641941800684186]], "chi2_level": 0.997, "chi2_df": 3, "chi2_threshold": 13.931422665512084, "N_raw": 56, "N_roi": 56, "N_inlier": 54, "refit": true}
{"timestamp": "18:45:09.710022", "frame": 63, "mu": [0.8234205438147651, 2.6010513435844813, 1.3559859448826108], "Sigma": [[0.005383682403946232, -0.0025452064184858544, -0.0038362270813061335], [-0.0025452064184858544, 0.004929694886839554, -0.0032590769454987614], [-0.0038362270813061335, -0.0032590769454987614, 0.01294204277498963]], "chi2_level": 0.997, "chi2_df": 3, "chi2_threshold": 13.931422665512084, "N_raw": 37, "N_roi": 37, "N_inlier": 35, "refit": true}
{"timestamp": "18:45:09.764660", "frame": 64, "mu": [0.8675951099603398, 2.6678717408419934, 1.179048930698054], "Sigma": [[0.010073234966768218, -0.003933629279121422, -0.00018894797249148585], [-0.003933629279121422, 0.0031586921816356105, -0.007824171748517416], [-0.00018894797249148672, -0.007824171748517418, 0.16797607343206214]], "chi2_level": 0.997, "chi2_df": 3, "chi2_threshold": 13.931422665512084, "N_raw": 38, "N_roi": 38, "N_inlier": 38, "refit": true}
{"timestamp": "18:45:09.821758", "frame": 65, "mu": [0.9314674245358794, 2.7490795224445934, 0.8225789907036486], "Sigma": [[0.009980750028758109, -0.0032387924552862504, 0.009355779657917717], [-0.0032387924552862504, 0.0074902973051248515, -0.05105793926024254], [0.009355779657917718, -0.05105793926024253, 0.4828500264737259]], "chi2_level": 0.997, "chi2_df": 3, "chi2_threshold": 13.931422665512084, "N_raw": 52, "N_roi": 52, "N_inlier": 52, "refit": true}
{"timestamp": "18:45:09.876819", "frame": 66, "mu": [0.9647056874228088, 2.765281306399786, 1.2561914946921768], "Sigma": [[0.013294789049503675, -0.008129099191789037, -0.0030251987449979967], [-0.008129099191789037, 0.008199338338637422, -0.012839512797827565], [-0.0030251987449979967, -0.012839512797827567, 0.22758708041777245]], "chi2_level": 0.997, "chi2_df": 3, "chi2_threshold": 13.931422665512084, "N_raw": 47, "N_roi": 46, "N_inlier": 45, "refit": true}
{"timestamp": "18:45:09.930984", "frame": 67, "mu": [1.0373117154885483, 2.7800612777734686, 1.2283167126974752], "Sigma": [[0.013118084400288514, -0.0059331102498673335, -0.0006787354006783354], [-0.0059331102498673335, 0.006344713817232439, -0.00948470463326309], [-0.0006787354006783351, -0.00948470463326309, 0.05888506917255218]], "chi2_level": 0.997, "chi2_df": 3, "chi2_threshold": 13.931422665512084, "N_raw": 49, "N_roi": 49, "N_inlier": 46, "refit": true}
{"timestamp": "18:45:09.984425", "frame": 68, "mu": [1.0663894688758373, 2.8358821185431577, 1.348788430724919], "Sigma": [[0.013178859959944991, -0.004649663752525736, -0.00958572597850807], [-0.004649663752525736, 0.0038032968821834394, 0.001024534087144474], [-0.00958572597850807, 0.001024534087144474, 0.012712891106157245]], "chi2_level": 0.997, "chi2_df": 3, "chi2_threshold": 13.931422665512084, "N_raw": 37, "N_roi": 37, "N_inlier": 37, "refit": true}
{"timestamp": "18:45:10.093229", "frame": 70, "mu": [1.0166061665816708, 3.051523325943914, 1.0709922590828724], "Sigma": [[0.009061225421376913, -0.003844450553864218, -0.008675937645974567], [-0.003844450553864218, 0.0031585760570531593, 0.002654746956785098], [-0.008675937645974567, 0.0026547469567850986, 0.040457588483876435]], "chi2_level": 0.997, "chi2_df": 3, "chi2_threshold": 13.931422665512084, "N_raw": 32, "N_roi": 32, "N_inlier": 31, "refit": true}
{"timestamp": "18:45:10.151737", "frame": 71, "mu": [1.0098896432804283, 3.125795956076709, 1.27236164156939], "Sigma": [[0.01287770225119489, -0.006246562430606537, -0.004097796434991065], [-0.006246562430606537, 0.004811008785573299, 0.007424962684829875], [-0.004097796434991066, 0.007424962684829874, 0.12314224763271972]], "chi2_level": 0.997, "chi2_df": 3, "chi2_threshold": 13.931422665512084, "N_raw": 47, "N_roi": 47, "N_inlier": 46, "refit": true}
{"timestamp": "18:45:10.202390", "frame": 72, "mu": [1.035957086551656, 3.026247021009637, 0.7305301156765539], "Sigma": [[0.01007193350851196, -0.008852066118044384, -0.006605485249043902], [-0.008852066118044382, 0.03203101450301831, 0.09159522493697624], [-0.006605485249043902, 0.09159522493697625, 0.37007998161191724]], "chi2_level": 0.997, "chi2_df": 3, "chi2_threshold": 13.931422665512084, "N_raw": 22, "N_roi": 22, "N_inlier": 22, "refit": true}
{"timestamp": "18:45:10.259420", "frame": 73, "mu": [1.2506991422994864, 3.1341866663082043, 1.452170257031804], "Sigma": [[0.00892069184293737, -0.004118688569883302, -0.004152022835090079], [-0.004118688569883302, 0.0056882100930371535, -0.0005159223459545102], [-0.004152022835090079, -0.0005159223459545101, 0.005138790671857134]], "chi2_level": 0.997, "chi2_df": 3, "chi2_threshold": 13.931422665512084, "N_raw": 35, "N_roi": 33, "N_inlier": 33, "refit": true}
{"timestamp": "18:45:10.317289", "frame": 74, "mu": [1.296689331231604, 3.212055711548061, 1.4907598995389888], "Sigma": [[0.018082139741074886, -0.005272854717710178, -0.015013098431351833], [-0.005272854717710178, 0.005066876374695462, 0.0005933647821902382], [-0.015013098431351835, 0.0005933647821902387, 0.018719326873768077]], "chi2_level": 0.997, "chi2_df": 3, "chi2_threshold": 13.931422665512084, "N_raw": 54, "N_roi": 51, "N_inlier": 51, "refit": true}
{"timestamp": "18:45:10.365471", "frame": 75, "mu": [1.3469211536125876, 3.272591497496926, 1.3493794355733293], "Sigma": [[0.002229955704701355, -0.000852661522059224, -0.002592207391372349], [-0.000852661522059224, 0.0032010098471560587, -0.0019518331709668713], [-0.002592207391372349, -0.0019518331709668711, 0.007783499773984408]], "chi2_level": 0.997, "chi2_df": 3, "chi2_threshold": 13.931422665512084, "N_raw": 10, "N_roi": 10, "N_inlier": 10, "refit": true}
{"timestamp": "18:45:10.421095", "frame": 76, "mu": [1.3283109745523043, 3.349040122001073, 1.3421470959373678], "Sigma": [[0.004607825717543457, -0.0004251327271821754, -0.008031552022051485], [-0.0004251327271821754, 0.006946574353666458, -0.029578615345180453], [-0.008031552022051485, -0.029578615345180453, 0.1651259844841676]], "chi2_level": 0.997, "chi2_df": 3, "chi2_threshold": 13.931422665512084, "N_raw": 16, "N_roi": 16, "N_inlier": 15, "refit": true}
{"timestamp": "18:45:10.478243", "frame": 77, "mu": [1.3649942853229893, 3.337278129593531, 1.6820658528764565], "Sigma": [[0.00994293774163747, -0.0033595619458666928, -0.0059269614073189075], [-0.003359561945866693, 0.004195071199337691, -5.2100232668091735e-06], [-0.0059269614073189075, -5.210023266809011e-06, 0.017100042909650323]], "chi2_level": 0.997, "chi2_df": 3, "chi2_threshold": 13.931422665512084, "N_raw": 27, "N_roi": 27, "N_inlier": 26, "refit": true}
{"timestamp": "18:45:10.533775", "frame": 78, "mu": [1.472446958799785, 3.381972254959129, 0.7331352105844178], "Sigma": [[0.012746558486817468, -0.00486899389217261, -0.01431547778927221], [-0.00486899389217261, 0.004108599902055264, 0.0045306466224754255], [-0.014315477789272212, 0.0045306466224754255, 0.14111045061968058]], "chi2_level": 0.997, "chi2_df": 3, "chi2_threshold": 13.931422665512084, "N_raw": 27, "N_roi": 27, "N_inlier": 27, "refit": true}
{"timestamp": "18:45:10.645149", "frame": 80, "mu": [1.526236953902227, 3.5272350351724895, 1.3638562586937544], "Sigma": [[0.014608306524095371, -0.005420639769483648, -0.0001652844619048281], [-0.005420639769483648, 0.0034579580972505393, -0.006780162087548188], [-0.00016528446190482876, -0.006780162087548188, 0.05361334082882274]], "chi2_level": 0.997, "chi2_df": 3, "chi2_threshold": 13.931422665512084, "N_raw": 43, "N_roi": 43, "N_inlier": 42, "refit": true}
{"timestamp": "18:45:10.696788", "frame": 81, "mu": [1.4967672950434496, 3.5250434850590153, 0.7555059796020646], "Sigma": [[0.0067951448588007895, -0.002059233144271769, 0.01826168040493696], [-0.002059233144271769, 0.0015561683189614585, -0.002354612677407406], [0.01826168040493696, -0.0023546126774074065, 0.18345559187254376]], "chi2_level": 0.997, "chi2_df": 3, "chi2_threshold": 13.931422665512084, "N_raw": 18, "N_roi": 18, "N_inlier": 18, "refit": true}
{"timestamp": "18:45:10.862268", "frame": 84, "mu": [1.7045312897696512, 3.699430583135851, 1.4754059270660014], "Sigma": [[0.007502629628686243, -0.0023465241480267454, -0.0012844028362532852], [-0.0023465241480267454, 0.0029483216473931958, -0.0038786570663361195], [-0.001284402836253285, -0.0038786570663361195, 0.009960959992784232]], "chi2_level": 0.997, "chi2_df": 3, "chi2_threshold": 13.931422665512084, "N_raw": 14, "N_roi": 13, "N_inlier": 12, "refit": true}
{"timestamp": "18:45:10.919574", "frame": 85, "mu": [1.7234711396841116, 3.7289657177905697, 1.8250527344538487], "Sigma": [[0.015301099084614201, -0.005902354976470774, -0.00882603645148668], [-0.005902354976470774, 0.005782298509032145, 0.0017557695662827838], [-0.00882603645148668, 0.0017557695662827836, 0.009531794658386635]], "chi2_level": 0.997, "chi2_df": 3, "chi2_threshold": 13.931422665512084, "N_raw": 35, "N_roi": 34, "N_inlier": 33, "refit": true}
{"timestamp": "18:45:11.248096", "frame": 91, "mu": [1.9106398189640146, 4.024014165981565, 0.5514472990728222], "Sigma": [[0.012317115925186533, -0.004545267079947674, -0.003218752167012363], [-0.004545267079947675, 0.0072076793267775875, -0.0044211184301369095], [-0.003218752167012363, -0.0044211184301369095, 0.008291743105544836]], "chi2_level": 0.997, "chi2_df": 3, "chi2_threshold": 13.931422665512084, "N_raw": 27, "N_roi": 27, "N_inlier": 27, "refit": true}
{"timestamp": "18:45:11.472893", "frame": 95, "mu": [2.072537822989057, 4.177067777949758, 1.41124048684769], "Sigma": [[0.029365488278178517, -0.014184685927870474, -0.011319439568188837], [-0.014184685927870476, 0.011828600937795202, 0.0007375857609662393], [-0.01131943956818884, 0.000737585760966239, 0.013989372073475616]], "chi2_level": 0.997, "chi2_df": 3, "chi2_threshold": 13.931422665512084, "N_raw": 55, "N_roi": 50, "N_inlier": 50, "refit": true}
{"timestamp": "18:45:11.526133", "frame": 96, "mu": [2.09757756134001, 4.165872678914337, 1.5854135763626624], "Sigma": [[0.024288348290973316, -0.008039879605781002, -0.009139463262698783], [-0.008039879605781002, 0.007876979677339448, -0.007538600561296068], [-0.009139463262698783, -0.007538600561296068, 0.034642983381924224]], "chi2_level": 0.997, "chi2_df": 3, "chi2_threshold": 13.931422665512084, "N_raw": 41, "N_roi": 37, "N_inlier": 36, "refit": true}
{"timestamp": "18:45:12.029888", "frame": 103, "mu": [2.2727813315012018, 4.450022731829597, 0.04300025943239384], "Sigma": [[0.010997265109358239, 0.00022731108029687094, -0.014634367800047041], [0.00022731108029687072, 0.01215825869625249, -0.044144717465741785], [-0.014634367800047041, -0.04414471746574178, 0.19925140127905508]], "chi2_level": 0.997, "chi2_df": 3, "chi2_threshold": 13.931422665512084, "N_raw": 15, "N_roi": 12, "N_inlier": 12, "refit": true}
