{"timestamp": "17:44:51.388412", "frame": 10, "mu": [0.14869770219224615, 0.2775771915407864, 0.7685934808774606], "Sigma": [[2.5528440231597784, 0.06447020187381826, -0.14015016838895342], [0.06447020187381824, 0.006239703953219179, 0.00631137425888856], [-0.14015016838895344, 0.006311374258888559, 0.07967931665567113]], "chi2_level": 0.997, "chi2_df": 3, "chi2_threshold": 13.931422665512084, "N_raw": 16, "N_roi": 16, "N_inlier": 16, "refit": true}
{"timestamp": "17:44:51.830055", "frame": 18, "mu": [-0.9967526492985024, 0.3592986975053025, 1.4033664065146694], "Sigma": [[0.538790104865756, -0.013688280307967957, 0.01806730009063745], [-0.013688280307967957, 0.004170660167492267, -0.0029962024048497777], [0.01806730009063745, -0.0029962024048497777, 0.003255182422874093]], "chi2_level": 0.997, "chi2_df": 3, "chi2_threshold": 13.931422665512084, "N_raw": 25, "N_roi": 25, "N_inlier": 24, "refit": true}
{"timestamp": "17:44:51.885918", "frame": 19, "mu": [-1.2295336849165235, 0.4508143360104377, 1.4583993799085286], "Sigma": [[0.0038993127082353296, 0.00272823449106887, -0.0013115422099285565], [0.00272823449106887, 0.004937357982272778, -0.003377172714281557], [-0.0013115422099285563, -0.003377172714281557, 0.0032472829882887583]], "chi2_level": 0.997, "chi2_df": 3, "chi2_threshold": 13.931422665512084, "N_raw": 29, "N_roi": 29, "N_inlier": 29, "refit": true}
{"timestamp": "17:44:51.941016", "frame": 20, "mu": [-1.009841150537844, 0.3844690643894294, 1.4179833666124577], "Sigma": [[0.4427005381101257, -0.018408626347183953, 0.017349621104655728], [-0.018408626347183953, 0.004244677493073852, -0.002549584712973792], [0.017349621104655728, -0.002549584712973792, 0.00251276029134205]], "chi2_level": 0.997, "chi2_df": 3, "chi2_threshold": 13.931422665512084, "N_raw": 28, "N_roi": 28, "N_inlier": 27, "refit": true}
{"timestamp": "17:44:51.996215", "frame": 21, "mu": [-0.9949489204725024, 0.3782143763158397, 1.37857720699351], "Sigma": [[0.43611490241646583, -0.01518042952628093, 0.018081971158185328], [-0.01518042952628093, 0.0039248732978881705, -0.004195057271304077], [0.01808197115818533, -0.004195057271304077, 0.02030406366150231]], "chi2_level": 0.997, "chi2_df": 3, "chi2_threshold": 13.931422665512084, "N_raw": 29, "N_roi": 29, "N_inlier": 28, "refit": true}
{"timestamp": "17:44:52.051610", "frame": 22, "mu": [-1.2095924173913848, 0.5353110719431203, 1.5433834179041603], "Sigma": [[0.004455643850083909, 0.0032161155487944286, -0.00024281510526237527], [0.0032161155487944286, 0.004436857382985284, -0.0020733791758294415], [-0.00024281510526237535, -0.0020733791758294415, 0.002359159632296869]], "chi2_level": 0.997, "chi2_df": 3, "chi2_threshold": 13.931422665512084, "N_raw": 31, "N_roi": 31, "N_inlier": 30, "refit": true}
{"timestamp": "17:44:52.160678", "frame": 24, "mu": [-1.2113764270394791, 0.4607328603649866, 1.383458562322882], "Sigma": [[0.005141314507854995, 0.0006446195630533449, -0.0012871888071653704], [0.0006446195630533448, 0.004258486892902779, -0.0019294274525272072], [-0.0012871888071653704, -0.0019294274525272076, 0.0014083248269207184]], "chi2_level": 0.997, "chi2_df": 3, "chi2_threshold": 13.931422665512084, "N_raw": 33, "N_roi": 33, "N_inlier": 33, "refit": true}
{"timestamp": "17:44:52.214665", "frame": 25, "mu": [-1.128541725970609, 0.49370108378249655, 1.503841953921048], "Sigma": [[0.0027130939577468833, 0.0029909829269109895, 0.0013588369663283116], [0.0029909829269109895, 0.004173229359982677, 0.0017710131784578035], [0.0013588369663283114, 0.0017710131784578035, 0.006444088152860814]], "chi2_level": 0.997, "chi2_df": 3, "chi2_threshold": 13.931422665512084, "N_raw": 24, "N_roi": 24, "N_inlier": 24, "refit": true}
{"timestamp": "17:44:52.273079", "frame": 26, "mu": [-1.1335309474267332, 0.5555891882763268, 1.5105066802087492], "Sigma": [[0.004982285430875077, 6.995723914975365e-05, -0.0013880863817735474], [6.99572391497536e-05, 0.00577396035126709, -0.0027256258267855183], [-0.0013880863817735474, -0.0027256258267855183, 0.0019899148266779073]], "chi2_level": 0.997, "chi2_df": 3, "chi2_threshold": 13.931422665512084, "N_raw": 48, "N_roi": 48, "N_inlier": 46, "refit": true}
{"timestamp": "17:44:52.332213", "frame": 27, "mu": [-1.1171858437056348, 0.5809111303281125, 1.5264036770452125], "Sigma": [[0.00443922787720577, 0.0008994683586219519, -0.0010784739985792422], [0.0008994683586219516, 0.007488886080518324, -0.0029269211813640456], [-0.0010784739985792422, -0.002926921181364046, 0.001478653726694975]], "chi2_level": 0.997, "chi2_df": 3, "chi2_threshold": 13.931422665512084, "N_raw": 51, "N_roi": 51, "N_inlier": 48, "refit": true}
{"timestamp": "17:44:52.386409", "frame": 28, "mu": [-1.111793851736737, 0.6034822986501674, 1.5304889706149851], "Sigma": [[0.007894066365080303, 0.01255155039060836, -0.010298090274987678], [0.01255155039060836, 0.032408893253583954, -0.014238990620384986], [-0.010298090274987678, -0.014238990620384988, 0.06577500891486068]], "chi2_level": 0.997, "chi2_df": 3, "chi2_threshold": 13.931422665512084, "N_raw": 46, "N_roi": 46, "N_inlier": 43, "refit": true}
{"timestamp": "17:44:52.448320", "frame": 29, "mu": [-1.0171425774481937, 0.6848648557291095, 1.502858318711705], "Sigma": [[0.008574003423640853, 0.0019941819822964805, -0.00194100832057714], [0.0019941819822964805, 0.009055207962352462, -0.005814478158737309], [-0.00194100832057714, -0.005814478158737309, 0.004102448021107384]], "chi2_level": 0.997, "chi2_df": 3, "chi2_threshold": 13.931422665512084, "N_raw": 98, "N_roi": 98, "N_inlier": 97, "refit": true}
{"timestamp": "17:44:52.503011", "frame": 30, "mu": [-0.9669119918230558, 0.7407093113800391, 1.559472777987517], "Sigma": [[0.009093787074652237, 0.002013597323885642, -0.005008861691033996], [0.0020135973238856416, 0.006101049198308683, -0.004578549558975494], [-0.005008861691033996, -0.004578549558975494, 0.005511904908970615]], "chi2_level": 0.997, "chi2_df": 3, "chi2_threshold": 13.931422665512084, "N_raw": 91, "N_roi": 91, "N_inlier": 88, "refit": true}
{"timestamp": "17:44:52.551532", "frame": 31, "mu": [-0.9674683863318465, 0.8289739475942633, -0.13385521567443137], "Sigma": [[0.011388032438310972, 0.007382755778999729, -0.010110747845643519], [0.007382755778999727, 0.00995713013956511, -0.011927593486460195], [-0.010110747845643517, -0.011927593486460195, 0.020761177886404907]], "chi2_level": 0.997, "chi2_df": 3, "chi2_threshold": 13.931422665512084, "N_raw": 52, "N_roi": 52, "N_inlier": 48, "refit": true}
{"timestamp": "17:44:52.601349", "frame": 32, "mu": [-0.8871034735143146, 0.839250851568357, 1.418842635504934], "Sigma": [[0.02710882025938751, 0.004206239866985063, -0.051108621942983254], [0.004206239866985063, 0.004625993172502586, -0.001487465333353634], [-0.051108621942983254, -0.001487465333353634, 0.1393890279583229]], "chi2_level": 0.997, "chi2_df": 3, "chi2_threshold": 13.931422665512084, "N_raw": 15, "N_roi": 15, "N_inlier": 15, "refit": true}
{"timestamp": "17:44:52.658470", "frame": 33, "mu": [-0.9883157758375073, 0.8016108726989858, 1.7084584712607602], "Sigma": [[0.0224108142320006, 0.011301738444913455, -0.027639040849740334], [0.011301738444913455, 0.009740414451543344, -0.01143335214693918], [-0.027639040849740334, -0.01143335214693918, 0.06736790639506587]], "chi2_level": 0.997, "chi2_df": 3, "chi2_threshold": 13.931422665512084, "N_raw": 27, "N_roi": 27, "N_inlier": 27, "refit": true}
{"timestamp": "17:44:52.719236", "frame": 34, "mu": [-0.7356562303440468, 1.033117374441277, -0.2993559015580455], "Sigma": [[0.0039467436391179425, -0.0012009787981562645, -0.0031287005461897244], [-0.0012009787981562647, 0.005987869747345778, -0.0011534906133462467], [-0.0031287005461897244, -0.0011534906133462467, 0.013635486931126475]], "chi2_level": 0.997, "chi2_df": 3, "chi2_threshold": 13.931422665512084, "N_raw": 59, "N_roi": 59, "N_inlier": 56, "refit": true}
{"timestamp": "17:44:52.768895", "frame": 35, "mu": [-0.6802127682477158, 1.0257335743565907, 1.494243655284072], "Sigma": [[0.003958488373337439, -0.0036067834545507912, -0.01225989985897891], [-0.0036067834545507917, 0.00547474268829281, 0.01700897826291544], [-0.01225989985897891, 0.017008978262915437, 0.08562554868981165]], "chi2_level": 0.997, "chi2_df": 3, "chi2_threshold": 13.931422665512084, "N_raw": 17, "N_roi": 17, "N_inlier": 17, "refit": true}
{"timestamp": "17:44:52.829669", "frame": 36, "mu": [-0.7622802400707934, 0.9970342119562605, 1.6633126537978142], "Sigma": [[0.036276977770224234, 0.01884857656976754, -0.039402390275122476], [0.01884857656976754, 0.014661167059892352, -0.019884239484104775], [-0.039402390275122476, -0.019884239484104775, 0.06424779323126187]], "chi2_level": 0.997, "chi2_df": 3, "chi2_threshold": 13.931422665512084, "N_raw": 71, "N_roi": 71, "N_inlier": 68, "refit": true}
{"timestamp": "17:44:52.884941", "frame": 37, "mu": [-0.6709340793638979, 1.1415292755781532, -0.10027855556676454], "Sigma": [[0.0045595815249636525, -0.0019368934350933937, -0.003735123539546189], [-0.0019368934350933935, 0.006585196441189202, -0.0017091941733251943], [-0.003735123539546189, -0.0017091941733251943, 0.007889457318278477]], "chi2_level": 0.997, "chi2_df": 3, "chi2_threshold": 13.931422665512084, "N_raw": 65, "N_roi": 65, "N_inlier": 61, "refit": true}
{"timestamp": "17:44:52.939440", "frame": 38, "mu": [-0.6437691223196552, 1.1090044680885336, 1.3102691393001642], "Sigma": [[0.0036691423188889554, -0.0003978797385430388, -0.0015755367220146553], [-0.00039787973854303875, 0.002493233392254118, 0.008847603343979245], [-0.0015755367220146549, 0.008847603343979245, 0.05617389516533701]], "chi2_level": 0.997, "chi2_df": 3, "chi2_threshold": 13.931422665512084, "N_raw": 69, "N_roi": 69, "N_inlier": 68, "refit": true}
{"timestamp": "17:44:52.998284", "frame": 39, "mu": [-0.6115454239877536, 1.1688926864522908, 1.2850801394266071], "Sigma": [[0.005044728967242712, -0.0010332145658850703, -0.007353518315853251], [-0.0010332145658850703, 0.0024821245307666833, 0.009634466319799782], [-0.007353518315853252, 0.009634466319799782, 0.07483587471805674]], "chi2_level": 0.997, "chi2_df": 3, "chi2_threshold": 13.931422665512084, "N_raw": 87, "N_roi": 87, "N_inlier": 84, "refit": true}
{"timestamp": "17:44:53.055058", "frame": 40, "mu": [-0.5208017374902801, 1.2138260802843601, -0.06603329252139341], "Sigma": [[0.006163470575611534, -0.0018593955373547816, 0.03504269898721829], [-0.0018593955373547816, 0.008184848804478062, -0.02290320359607051], [0.0350426989872183, -0.02290320359607051, 0.48821169404364745]], "chi2_level": 0.997, "chi2_df": 3, "chi2_threshold": 13.931422665512084, "N_raw": 105, "N_roi": 105, "N_inlier": 105, "refit": true}
{"timestamp": "17:44:53.110506", "frame": 41, "mu": [-0.4738969424877251, 1.2727174499199922, -0.00948888261256536], "Sigma": [[0.005212263561827562, -0.0015183833566922507, 0.03480728974407472], [-0.0015183833566922507, 0.010074165643359521, -0.018393474787066197], [0.03480728974407471, -0.0183934747870662, 0.5347520928764327]], "chi2_level": 0.997, "chi2_df": 3, "chi2_threshold": 13.931422665512084, "N_raw": 105, "N_roi": 105, "N_inlier": 105, "refit": true}
{"timestamp": "17:44:53.162947", "frame": 42, "mu": [-0.43069314631447303, 1.283713690313816, -0.16736505989433997], "Sigma": [[0.008615385749425953, -0.005298492549607227, 0.05854537590063719], [-0.005298492549607227, 0.009449780744227405, -0.018769275949503648], [0.05854537590063719, -0.01876927594950365, 0.7660413695065601]], "chi2_level": 0.997, "chi2_df": 3, "chi2_threshold": 13.931422665512084, "N_raw": 93, "N_roi": 93, "N_inlier": 93, "refit": true}
{"timestamp": "17:44:53.216233", "frame": 43, "mu": [-0.3860123895359448, 1.4464781912841722, -0.15978872918197726], "Sigma": [[0.004208677404923305, -0.0020843889348122744, -0.007722773871603954], [-0.002084388934812275, 0.007867755036222107, 0.002413977445564893], [-0.007722773871603954, 0.002413977445564893, 0.018854504026839386]], "chi2_level": 0.997, "chi2_df": 3, "chi2_threshold": 13.931422665512084, "N_raw": 75, "N_roi": 75, "N_inlier": 72, "refit": true}
{"timestamp": "17:44:53.278794", "frame": 44, "mu": [-0.38970416864758023, 1.3505759634981471, 0.9574166862734245], "Sigma": [[0.011389898017076018, -0.0033624737588003753, 0.04059421105946665], [-0.0033624737588003753, 0.006438377500935662, -0.01843899242384678], [0.04059421105946665, -0.01843899242384678, 0.3698673918188689]], "chi2_level": 0.997, "chi2_df": 3, "chi2_threshold": 13.931422665512084, "N_raw": 132, "N_roi": 130, "N_inlier": 130, "refit": true}
{"timestamp": "17:44:53.330140", "frame": 45, "mu": [-0.3522232814765358, 1.4123053531728016, 1.4279159396863046], "Sigma": [[0.00734978668543025, -0.0048049055003683856, -0.011635223012612652], [-0.0048049055003683856, 0.00879536416482909, 0.004064140594137882], [-0.011635223012612654, 0.004064140594137882, 0.04242758270641583]], "chi2_level": 0.997, "chi2_df": 3, "chi2_threshold": 13.931422665512084, "N_raw": 96, "N_roi": 96, "N_inlier": 94, "refit": true}
{"timestamp": "17:44:53.388084", "frame": 46, "mu": [-0.34412750805235987, 1.475534019192634, 1.1120570683635354], "Sigma": [[0.006123746830271923, -0.004234832679388296, 0.011375344622670452], [-0.004234832679388296, 0.010552748764964863, -0.02800823838126174], [0.011375344622670452, -0.028008238381261742, 0.32435640031241403]], "chi2_level": 0.997, "chi2_df": 3, "chi2_threshold": 13.931422665512084, "N_raw": 117, "N_roi": 117, "N_inlier": 116, "refit": true}
{"timestamp": "17:44:53.440568", "frame": 47, "mu": [-0.26036255656000357, 1.5225316307574024, 1.3284593940558844], "Sigma": [[0.006748554642441435, -0.004400844523073322, 0.0013863682143947624], [-0.004400844523073321, 0.011231573024135558, -0.018899794122851164], [0.0013863682143947624, -0.018899794122851164, 0.23892999542820964]], "chi2_level": 0.997, "chi2_df": 3, "chi2_threshold": 13.931422665512084, "N_raw": 102, "N_roi": 102, "N_inlier": 102, "refit": true}
{"timestamp": "17:44:53.491095", "frame": 48, "mu": [-0.20935762203895583, 1.5178115348085761, -0.5843991210780669], "Sigma": [[0.005211780743833242, 0.0020251505891013084, 0.0013683739446233118], [0.0020251505891013084, 0.008551769171208883, 0.0030990413671254254], [0.0013683739446233116, 0.0030990413671254254, 0.04520014330043268]], "chi2_level": 0.997, "chi2_df": 3, "chi2_threshold": 13.931422665512084, "N_raw": 75, "N_roi": 75, "N_inlier": 71, "refit": true}
{"timestamp": "17:44:53.546320", "frame": 49, "mu": [-0.1564927419921935, 1.5260805946667386, 1.2786390026041725], "Sigma": [[0.004403532166703031, -0.0019250010989858189, -0.005950626435194494], [-0.0019250010989858186, 0.007241377754720903, 0.013054345393758325], [-0.005950626435194494, 0.013054345393758325, 0.08254318036534519]], "chi2_level": 0.997, "chi2_df": 3, "chi2_threshold": 13.931422665512084, "N_raw": 79, "N_roi": 79, "N_inlier": 77, "refit": true}
{"timestamp": "17:44:53.604855", "frame": 50, "mu": [-0.1307745591827154, 1.622645940902696, 1.4813163628408983], "Sigma": [[0.006380846489794815, -0.002449860689833646, -0.007992132691478339], [-0.002449860689833646, 0.01130375072607622, 0.015010053840692587], [-0.007992132691478337, 0.015010053840692587, 0.05706376073676137]], "chi2_level": 0.997, "chi2_df": 3, "chi2_threshold": 13.931422665512084, "N_raw": 95, "N_roi": 92, "N_inlier": 88, "refit": true}
{"timestamp": "17:44:53.656569", "frame": 51, "mu": [-0.12148012734153102, 1.7458871106325562, 0.1150349525143592], "Sigma": [[0.008864420410399693, -0.005153938754122472, 0.017291589782613002], [-0.005153938754122471, 0.014793054775547104, -0.03114200900375326], [0.017291589782613002, -0.03114200900375326, 0.10640677409965836]], "chi2_level": 0.997, "chi2_df": 3, "chi2_threshold": 13.931422665512084, "N_raw": 83, "N_roi": 80, "N_inlier": 75, "refit": true}
{"timestamp": "17:44:53.722401", "frame": 52, "mu": [-0.13810992075775266, 1.8093087304141129, -0.869904707919823], "Sigma": [[0.02503154749947878, 0.01106605275540986, 0.07091163220778195], [0.01106605275540986, 0.01972096540935317, 0.006629893220674182], [0.07091163220778195, 0.006629893220674182, 0.4698376329792668]], "chi2_level": 0.997, "chi2_df": 3, "chi2_threshold": 13.931422665512084, "N_raw": 149, "N_roi": 149, "N_inlier": 149, "refit": true}
{"timestamp": "17:44:53.775464", "frame": 53, "mu": [-0.09482201515599055, 1.7391204410265626, 1.0315860079620052], "Sigma": [[0.03090489803179096, -0.0020776900811844477, 0.05960297431317725], [-0.0020776900811844477, 0.003964237776191854, -0.0021497435312486956], [0.05960297431317725, -0.0021497435312486956, 0.2475650225921485]], "chi2_level": 0.997, "chi2_df": 3, "chi2_threshold": 13.931422665512084, "N_raw": 139, "N_roi": 139, "N_inlier": 138, "refit": true}
{"timestamp": "17:44:53.830398", "frame": 54, "mu": [-0.04620235401645325, 1.9647377865024616, -0.36987533338616135], "Sigma": [[0.01883839304811872, -0.01882946710173038, 0.0459103108284734], [-0.01882946710173038, 0.036125708868913205, -0.08509880126912893], [0.04591031082847339, -0.08509880126912893, 0.2515830618531187]], "chi2_level": 0.997, "chi2_df": 3, "chi2_threshold": 13.931422665512084, "N_raw": 134, "N_roi": 134, "N_inlier": 133, "refit": true}
{"timestamp": "17:44:53.886374", "frame": 55, "mu": [-0.00798121491581949, 1.8347093942832264, 1.1489867608197435], "Sigma": [[0.021587127356098093, -0.010096326219799253, 0.05276472474839101], [-0.010096326219799251, 0.010282083602055772, -0.037059902306709296], [0.05276472474839101, -0.037059902306709296, 0.18776020125930684]], "chi2_level": 0.997, "chi2_df": 3, "chi2_threshold": 13.931422665512084, "N_raw": 136, "N_roi": 133, "N_inlier": 129, "refit": true}
{"timestamp": "17:44:53.939574", "frame": 56, "mu": [0.09438837343831863, 1.8434414309667826, 1.4486080015461593], "Sigma": [[0.006522458089245645, -0.0014550875625582104, 0.005686031462489281], [-0.0014550875625582104, 0.008248465884144756, 0.006643794457526012], [0.005686031462489281, 0.006643794457526013, 0.1591770362644959]], "chi2_level": 0.997, "chi2_df": 3, "chi2_threshold": 13.931422665512084, "N_raw": 85, "N_roi": 85, "N_inlier": 83, "refit": true}
{"timestamp": "17:44:53.985347", "frame": 57, "mu": [0.12967645812237621, 2.018549693053693, -0.0320080639433979], "Sigma": [[0.0057450172589656925, -0.001168161471069524, 0.007063987957838918], [-0.001168161471069524, 0.01286866506908988, -0.030151836522569878], [0.007063987957838918, -0.030151836522569878, 0.13911738160236486]], "chi2_level": 0.997, "chi2_df": 3, "chi2_threshold": 13.931422665512084, "N_raw": 70, "N_roi": 70, "N_inlier": 69, "refit": true}
{"timestamp": "17:44:54.039370", "frame": 58, "mu": [0.1410924292381198, 1.9619619879130128, 1.3557949585090299], "Sigma": [[0.005050194317176769, -0.0017430360359893338, 0.0053707930556375705], [-0.0017430360359893338, 0.004105665291050589, 0.00018490979466442565], [0.0053707930556375705, 0.00018490979466442565, 0.1501020835077521]], "chi2_level": 0.997, "chi2_df": 3, "chi2_threshold": 13.931422665512084, "N_raw": 70, "N_roi": 67, "N_inlier": 64, "refit": true}
{"timestamp": "17:44:54.092490", "frame": 59, "mu": [0.22909178071744415, 1.9606111773050918, 1.3674252219013232], "Sigma": [[0.0069927961532473245, -0.002490060400311167, 0.018802406872580297], [-0.002490060400311167, 0.004819598732370556, -0.009043582323977097], [0.018802406872580297, -0.0090435823239771, 0.22807301767987945]], "chi2_level": 0.997, "chi2_df": 3, "chi2_threshold": 13.931422665512084, "N_raw": 45, "N_roi": 45, "N_inlier": 44, "refit": true}
{"timestamp": "17:44:54.144432", "frame": 60, "mu": [0.24449561251483065, 1.993356770921057, 1.2672680622571821], "Sigma": [[0.013447417242509608, 0.0010018285301400978, 0.036077838886577014], [0.0010018285301400978, 0.01007510528432068, 0.013235814326305485], [0.03607783888657702, 0.013235814326305485, 0.33986616083073035]], "chi2_level": 0.997, "chi2_df": 3, "chi2_threshold": 13.931422665512084, "N_raw": 33, "N_roi": 32, "N_inlier": 30, "refit": true}
{"timestamp": "17:44:54.205560", "frame": 61, "mu": [0.2636631034599857, 2.1346562434208636, -0.020227551996796947], "Sigma": [[0.007888405146080637, -0.0044432793406256705, 0.011483618355744109], [-0.0044432793406256705, 0.012368931224943052, -0.024727554217476053], [0.011483618355744109, -0.024727554217476053, 0.09389245157155404]], "chi2_level": 0.997, "chi2_df": 3, "chi2_threshold": 13.931422665512084, "N_raw": 73, "N_roi": 73, "N_inlier": 70, "refit": true}
{"timestamp": "17:44:54.259453", "frame": 62, "mu": [0.3016581141135938, 2.1190334934208357, 1.3317668675057008], "Sigma": [[0.004571707609060986, -0.0023572355790780104, 0.0029993116025852414], [-0.002357235579078011, 0.006755934676398546, -0.006347802590861332], [0.0029993116025852414, -0.006347802590861332, 0.1703003779580832]], "chi2_level": 0.997, "chi2_df": 3, "chi2_threshold": 13.931422665512084, "N_raw": 65, "N_roi": 65, "N_inlier": 64, "refit": true}
{"timestamp": "17:44:54.307212", "frame": 63, "mu": [0.3424610976442907, 2.05698616327419, 0.5673437823566766], "Sigma": [[0.006629871840539389, 0.015430984217656, 0.0564072956394246], [0.015430984217656, 0.08715100248616695, 0.11393524110344273], [0.0564072956394246, 0.11393524110344272, 0.5735926802230283]], "chi2_level": 0.997, "chi2_df": 3, "chi2_threshold": 13.931422665512084, "N_raw": 14, "N_roi": 14, "N_inlier": 14, "refit": true}
{"timestamp": "17:44:54.368891", "frame": 64, "mu": [0.416369450702241, 2.294483158811322, -0.09015636649961777], "Sigma": [[0.006002725755711762, -0.002422943558281691, -0.0018988184639061885], [-0.0024229435582816907, 0.008728549386593608, -0.009103364765810463], [-0.0018988184639061882, -0.009103364765810463, 0.014946837759878316]], "chi2_level": 0.997, "chi2_df": 3, "chi2_threshold": 13.931422665512084, "N_raw": 63, "N_roi": 63, "N_inlier": 60, "refit": true}
{"timestamp": "17:44:54.423481", "frame": 65, "mu": [0.44407269775060426, 2.2695913936363024, 1.390766344580427], "Sigma": [[0.007338716885224452, -0.00228085478399225, -0.015568908832044346], [-0.00228085478399225, 0.0030584588220655775, 0.003005663702284698], [-0.01556890883204435, 0.0030056637022846983, 0.20945624374726554]], "chi2_level": 0.997, "chi2_df": 3, "chi2_threshold": 13.931422665512084, "N_raw": 57, "N_roi": 57, "N_inlier": 57, "refit": true}
{"timestamp": "17:44:54.479045", "frame": 66, "mu": [0.5237694012093129, 2.2474724152313517, 1.1580955114355866], "Sigma": [[0.007368180372277209, -0.0019844253617172566, -0.01841811089200935], [-0.0019844253617172566, 0.005696290728789727, 0.006711096255524698], [-0.01841811089200935, 0.006711096255524698, 0.43533873072865586]], "chi2_level": 0.997, "chi2_df": 3, "chi2_threshold": 13.931422665512084, "N_raw": 68, "N_roi": 68, "N_inlier": 67, "refit": true}
{"timestamp": "17:44:54.534367", "frame": 67, "mu": [0.5581279015743508, 2.3665685210316836, 1.2160185723927386], "Sigma": [[0.006195559204616503, 0.0020688414372434516, -0.012525503466369117], [0.0020688414372434516, 0.01302240095988808, -0.028877583154864665], [-0.012525503466369119, -0.028877583154864668, 0.20693926999260429]], "chi2_level": 0.997, "chi2_df": 3, "chi2_threshold": 13.931422665512084, "N_raw": 59, "N_roi": 58, "N_inlier": 57, "refit": true}
{"timestamp": "17:44:54.586008", "frame": 68, "mu": [0.5497832708870223, 2.4451309405972683, 0.06703269227754846], "Sigma": [[0.004055842665026643, 0.0004099153103300473, -0.0028221948236412412], [0.0004099153103300473, 0.0198831679281974, -0.03962107348269117], [-0.0028221948236412412, -0.03962107348269117, 0.09921144829058656]], "chi2_level": 0.997, "chi2_df": 3, "chi2_threshold": 13.931422665512084, "N_raw": 42, "N_roi": 42, "N_inlier": 40, "refit": true}
{"timestamp": "17:44:54.640664", "frame": 69, "mu": [0.500993841337055, 2.45582580260393, 1.0755859918000485], "Sigma": [[0.013230175688704746, -0.009674183581313445, 0.02615084604043691], [-0.009674183581313445, 0.008613021449286494, -0.025844665289589716], [0.02615084604043691, -0.025844665289589713, 0.11662534256008109]], "chi2_level": 0.997, "chi2_df": 3, "chi2_threshold": 13.931422665512084, "N_raw": 41, "N_roi": 40, "N_inlier": 38, "refit": true}
{"timestamp": "17:44:54.702736", "frame": 70, "mu": [0.587935027347266, 2.5950801865566686, -0.21294957540391962], "Sigma": [[0.012944367042009587, -0.0126024983046395, 0.021930641589590988], [-0.012602498304639498, 0.023545000514577606, -0.04671906106316793], [0.021930641589590988, -0.04671906106316793, 0.10291688287003528]], "chi2_level": 0.997, "chi2_df": 3, "chi2_threshold": 13.931422665512084, "N_raw": 88, "N_roi": 88, "N_inlier": 86, "refit": true}
{"timestamp": "17:44:54.751875", "frame": 71, "mu": [0.5536358369439656, 2.5028458628902284, 0.8573319022876414], "Sigma": [[0.011842232083365664, -0.00017159665794910144, 0.008628349032092242], [-0.00017159665794910144, 0.0041676489337027466, 0.021983065033384402], [0.008628349032092242, 0.021983065033384402, 0.3145223135324203]], "chi2_level": 0.997, "chi2_df": 3, "chi2_threshold": 13.931422665512084, "N_raw": 47, "N_roi": 47, "N_inlier": 45, "refit": true}
{"timestamp": "17:44:54.804093", "frame": 72, "mu": [0.7293704622686957, 2.543050278582907, 1.16234889889547], "Sigma": [[0.013300626358949146, -0.003148288490115023, 0.006729668501734763], [-0.003148288490115023, 0.002281807474687814, -0.006208295310643803], [0.006729668501734763, -0.006208295310643803, 0.06573135238059444]], "chi2_level": 0.997, "chi2_df": 3, "chi2_threshold": 13.931422665512084, "N_raw": 37, "N_roi": 37, "N_inlier": 35, "refit": true}
{"timestamp": "17:44:54.861219", "frame": 73, "mu": [0.6784593894634839, 2.5554907125402755, 0.2911975417538547], "Sigma": [[0.02076685548848073, -0.0015451280765876492, -0.009833236186039054], [-0.0015451280765876492, 0.0016153394499915008, -0.00045966729476229354], [-0.009833236186039054, -0.0004596672947622929, 0.2357825500749808]], "chi2_level": 0.997, "chi2_df": 3, "chi2_threshold": 13.931422665512084, "N_raw": 46, "N_roi": 46, "N_inlier": 46, "refit": true}
{"timestamp": "17:44:54.917868", "frame": 74, "mu": [0.8747442057918151, 2.5554719072799674, 1.3921839501082542], "Sigma": [[0.01091804867810021, -0.0032021355051062086, -0.003163371174000392], [-0.0032021355051062086, 0.005966200532368879, -0.010378732191385461], [-0.003163371174000392, -0.010378732191385461, 0.037673148622363456]], "chi2_level": 0.997, "chi2_df": 3, "chi2_threshold": 13.931422665512084, "N_raw": 61, "N_roi": 61, "N_inlier": 57, "refit": true}
{"timestamp": "17:44:54.971489", "frame": 75, "mu": [0.892960490941269, 2.6605137914945836, -0.35158212211999423], "Sigma": [[0.010352167193030832, 0.0002879257381202677, 0.010997396804699338], [0.0002879257381202677, 0.0035327338224029306, 0.008715360085324099], [0.010997396804699338, 0.008715360085324099, 0.338508633292386]], "chi2_level": 0.997, "chi2_df": 3, "chi2_threshold": 13.931422665512084, "N_raw": 41, "N_roi": 41, "N_inlier": 40, "refit": true}
{"timestamp": "17:44:55.029615", "frame": 76, "mu": [0.9712276794305604, 2.765158862268739, -0.21004963734170312], "Sigma": [[0.012894069849132448, 0.0010987395034708991, -0.015088273871008043], [0.0010987395034708991, 0.02282117183975412, -0.07546440137043627], [-0.01508827387100804, -0.07546440137043628, 0.2870186157295935]], "chi2_level": 0.997, "chi2_df": 3, "chi2_threshold": 13.931422665512084, "N_raw": 66, "N_roi": 66, "N_inlier": 64, "refit": true}
{"timestamp": "17:44:55.079554", "frame": 77, "mu": [0.9017918992336286, 2.753685316884035, -0.2933444003449816], "Sigma": [[0.00849981735544702, -0.0036362264874833525, 0.02836824672995913], [-0.003636226487483352, 0.0068005133445625, -0.02539508056748522], [0.028368246729959128, -0.025395080567485222, 0.21739191062240676]], "chi2_level": 0.997, "chi2_df": 3, "chi2_threshold": 13.931422665512084, "N_raw": 36, "N_roi": 36, "N_inlier": 35, "refit": true}
{"timestamp": "17:44:55.190024", "frame": 79, "mu": [1.0868013699542407, 2.770968005960323, 1.4322701843805121], "Sigma": [[0.01049002551898824, -0.003779888618231626, -0.006144565853794911], [-0.003779888618231626, 0.00383274534018875, -0.00010294802950739545], [-0.006144565853794911, -0.00010294802950739539, 0.00785830377480435]], "chi2_level": 0.997, "chi2_df": 3, "chi2_threshold": 13.931422665512084, "N_raw": 41, "N_roi": 41, "N_inlier": 38, "refit": true}
{"timestamp": "17:44:55.244707", "frame": 80, "mu": [1.0848819706014332, 2.8252940841378877, 0.16338925636555338], "Sigma": [[0.007934462667186622, -0.00034596937104527416, -0.008258658226802246], [-0.00034596937104527394, 0.003864452819917875, -0.007305831992911918], [-0.008258658226802246, -0.007305831992911918, 0.029222424312022797]], "chi2_level": 0.997, "chi2_df": 3, "chi2_threshold": 13.931422665512084, "N_raw": 34, "N_roi": 34, "N_inlier": 31, "refit": true}
{"timestamp": "17:44:55.302239", "frame": 81, "mu": [1.045696200713792, 2.9264436886776677, -0.6455098199928258], "Sigma": [[0.012105648598716798, -0.003086964415204351, 0.030154575411679114], [-0.003086964415204352, 0.0036626673413069424, -0.00020333843869966726], [0.030154575411679114, -0.00020333843869966726, 0.2404922498454777]], "chi2_level": 0.997, "chi2_df": 3, "chi2_threshold": 13.931422665512084, "N_raw": 56, "N_roi": 56, "N_inlier": 53, "refit": true}
{"timestamp": "17:44:55.356362", "frame": 82, "mu": [1.1289988667166153, 2.906863136355779, 1.2680381242480767], "Sigma": [[0.014156596583707675, -0.004559823118877274, -0.004482093175656384], [-0.004559823118877274, 0.004138815210228798, -0.002532580175433353], [-0.004482093175656384, -0.002532580175433353, 0.010877442745294239]], "chi2_level": 0.997, "chi2_df": 3, "chi2_threshold": 13.931422665512084, "N_raw": 50, "N_roi": 50, "N_inlier": 47, "refit": true}
{"timestamp": "17:44:55.411280", "frame": 83, "mu": [1.1186264606066079, 2.921888127939982, 0.9532242323805776], "Sigma": [[0.01493260001311847, 0.0018330710785602188, 0.03417602280048576], [0.0018330710785602188, 0.004754653267081905, 0.026455808854411837], [0.034176022800485754, 0.026455808854411837, 0.24014410152640395]], "chi2_level": 0.997, "chi2_df": 3, "chi2_threshold": 13.931422665512084, "N_raw": 52, "N_roi": 51, "N_inlier": 48, "refit": true}
{"timestamp": "17:44:55.465052", "frame": 84, "mu": [1.1870172346720675, 3.0153648464894034, 1.4703337283186808], "Sigma": [[0.0073829970266091225, -0.0027804681137332163, 0.005216206378385317], [-0.002780468113733216, 0.003668741267256378, -0.013688719211536297], [0.005216206378385315, -0.013688719211536297, 0.18132475194522565]], "chi2_level": 0.997, "chi2_df": 3, "chi2_threshold": 13.931422665512084, "N_raw": 26, "N_roi": 26, "N_inlier": 25, "refit": true}
{"timestamp": "17:44:55.521438", "frame": 85, "mu": [1.231773499968077, 3.078560263545077, 1.5461971753773016], "Sigma": [[0.012139291011558851, -0.0055190946055197025, -0.008179341690103776], [-0.0055190946055197025, 0.0051143991070595135, 0.0002837165727155103], [-0.008179341690103774, 0.00028371657271551015, 0.01458401651670979]], "chi2_level": 0.997, "chi2_df": 3, "chi2_threshold": 13.931422665512084, "N_raw": 40, "N_roi": 40, "N_inlier": 38, "refit": true}
{"timestamp": "17:44:55.571405", "frame": 86, "mu": [1.2339667479298917, 3.113974200114951, 1.631058848071416], "Sigma": [[0.006119570796487382, -0.001709538896405292, -0.0028751895426887323], [-0.0017095388964052916, 0.002555421130919602, -0.004253028638288789], [-0.0028751895426887323, -0.004253028638288789, 0.025854205492153177]], "chi2_level": 0.997, "chi2_df": 3, "chi2_threshold": 13.931422665512084, "N_raw": 13, "N_roi": 13, "N_inlier": 13, "refit": true}
{"timestamp": "17:44:55.628522", "frame": 87, "mu": [1.2402830863975336, 3.17907207696486, 0.3657518381771725], "Sigma": [[0.008156477072203456, -0.00033754870972086494, -0.005775929220730732], [-0.0003375487097208652, 0.02113833670056066, -0.031373413404873846], [-0.005775929220730731, -0.031373413404873846, 0.055638917129771356]], "chi2_level": 0.997, "chi2_df": 3, "chi2_threshold": 13.931422665512084, "N_raw": 27, "N_roi": 27, "N_inlier": 25, "refit": true}
{"timestamp": "17:44:55.681935", "frame": 88, "mu": [1.3575783427926364, 3.2494220717396685, 0.9417099189856849], "Sigma": [[0.0021341178530602843, 0.0009926783477633685, -0.005376158693599023], [0.0009926783477633683, 0.012673919488439633, -0.04623167100027282], [-0.005376158693599024, -0.04623167100027281, 0.18426639258845948]], "chi2_level": 0.997, "chi2_df": 3, "chi2_threshold": 13.931422665512084, "N_raw": 11, "N_roi": 11, "N_inlier": 11, "refit": true}
{"timestamp": "17:44:55.740169", "frame": 89, "mu": [1.3894194766951873, 3.2408312378662534, 1.3314398429177532], "Sigma": [[0.014128268603704875, -0.006078385168069904, -0.00963233768959654], [-0.006078385168069904, 0.0045751761089017325, -0.0011247064719087756], [-0.00963233768959654, -0.0011247064719087756, 0.04693162864729347]], "chi2_level": 0.997, "chi2_df": 3, "chi2_threshold": 13.931422665512084, "N_raw": 34, "N_roi": 34, "N_inlier": 32, "refit": true}
{"timestamp": "17:44:55.796233", "frame": 90, "mu": [1.4281074240438376, 3.2466720204111463, 1.0325735532468294], "Sigma": [[0.011128500062266395, -0.004439427417881667, -0.0026824123956538277], [-0.004439427417881667, 0.0036531253980169546, -0.0022927606996392988], [-0.002682412395653827, -0.0022927606996392988, 0.13934637877318165]], "chi2_level": 0.997, "chi2_df": 3, "chi2_threshold": 13.931422665512084, "N_raw": 52, "N_roi": 52, "N_inlier": 52, "refit": true}
{"timestamp": "17:44:55.846084", "frame": 91, "mu": [1.4517896595102135, 3.332352015290885, 1.126588921403467], "Sigma": [[0.004887627752203213, -0.002035617262936098, -0.0011375185752649556], [-0.0020356172629360982, 0.0017439978185926704, -0.0027708364303485433], [-0.0011375185752649556, -0.002770836430348543, 0.046190745447750536]], "chi2_level": 0.997, "chi2_df": 3, "chi2_threshold": 13.931422665512084, "N_raw": 13, "N_roi": 13, "N_inlier": 13, "refit": true}
{"timestamp": "17:44:55.906540", "frame": 92, "mu": [1.492784902745146, 3.3545128202231203, 1.2316916535881837], "Sigma": [[0.015631093542129458, -0.0061963464388433784, -0.0037639820947733917], [-0.0061963464388433784, 0.004003482552752635, -0.002683594964554938], [-0.0037639820947733913, -0.002683594964554938, 0.03962017872499153]], "chi2_level": 0.997, "chi2_df": 3, "chi2_threshold": 13.931422665512084, "N_raw": 48, "N_roi": 46, "N_inlier": 45, "refit": true}
{"timestamp": "17:44:55.957352", "frame": 93, "mu": [1.450790322261151, 3.5929460323499063, -0.12721377829011304], "Sigma": [[0.005652182671900432, -0.0028924284857524685, 0.004994692212951731], [-0.0028924284857524685, 0.00477608420546856, -0.010711974794382927], [0.004994692212951731, -0.010711974794382927, 0.027368613713488747]], "chi2_level": 0.997, "chi2_df": 3, "chi2_threshold": 13.931422665512084, "N_raw": 19, "N_roi": 19, "N_inlier": 18, "refit": true}
{"timestamp": "17:44:56.012110", "frame": 94, "mu": [1.553313153876366, 3.442934582628598, 1.382057229288066], "Sigma": [[0.013973718754757293, -0.005855847408239988, -0.0012240395303117458], [-0.005855847408239988, 0.0036279667525936548, -0.0022759445945328112], [-0.0012240395303117456, -0.0022759445945328112, 0.01832084952942434]], "chi2_level": 0.997, "chi2_df": 3, "chi2_threshold": 13.931422665512084, "N_raw": 25, "N_roi": 25, "N_inlier": 24, "refit": true}
{"timestamp": "17:44:56.068827", "frame": 95, "mu": [1.5812393215502774, 3.4770825095418707, 1.473789836135152], "Sigma": [[0.013892469046625965, -0.005043235984394445, -0.00656500718401371], [-0.0050432359843944445, 0.0034726275627997936, -0.002616555792120884], [-0.006565007184013711, -0.002616555792120884, 0.02467354240418819]], "chi2_level": 0.997, "chi2_df": 3, "chi2_threshold": 13.931422665512084, "N_raw": 31, "N_roi": 31, "N_inlier": 31, "refit": true}
{"timestamp": "17:44:56.233892", "frame": 98, "mu": [1.6615746931157904, 3.596477896751636, 1.4462033726812153], "Sigma": [[0.013715489115469982, -0.0049550236954659255, -0.004067655644834543], [-0.0049550236954659255, 0.007411993776802379, -0.0068283099294247016], [-0.004067655644834543, -0.0068283099294247016, 0.027465878286107255]], "chi2_level": 0.997, "chi2_df": 3, "chi2_threshold": 13.931422665512084, "N_raw": 34, "N_roi": 34, "N_inlier": 33, "refit": true}
{"timestamp": "17:44:56.836915", "frame": 109, "mu": [2.0733388694791093, 4.054532639639846, 0.4764888710147862], "Sigma": [[0.011425988468049146, -0.004440158712139618, -0.0030866521672227166], [-0.004440158712139618, 0.003971946951269745, 0.0003655401623352966], [-0.0030866521672227166, 0.00036554016233529665, 0.002610866677046408]], "chi2_level": 0.997, "chi2_df": 3, "chi2_threshold": 13.931422665512084, "N_raw": 21, "N_roi": 19, "N_inlier": 19, "refit": true}
{"timestamp": "17:44:57.001865", "frame": 112, "mu": [2.119758171412069, 4.162098943891805, 1.348864816754022], "Sigma": [[0.010348395862468563, -0.0037276600581804, -0.007583467136437155], [-0.003727660058180401, 0.004258246933128015, -0.002249316495284286], [-0.007583467136437155, -0.002249316495284286, 0.027182601136656444]], "chi2_level": 0.997, "chi2_df": 3, "chi2_threshold": 13.931422665512084, "N_raw": 21, "N_roi": 21, "N_inlier": 21, "refit": true}
{"timestamp": "17:44:57.112296", "frame": 114, "mu": [2.115435934102316, 4.245523434987105, 1.48921051236637], "Sigma": [[0.019941887666848058, -0.0096092853713446, -0.00030525857950349867], [-0.009609285371344601, 0.005660224909606301, -0.00352942614219563], [-0.00030525857950349845, -0.0035294261421956303, 0.01627772453270602]], "chi2_level": 0.997, "chi2_df": 3, "chi2_threshold": 13.931422665512084, "N_raw": 29, "N_roi": 24, "N_inlier": 23, "refit": true}
{"timestamp": "17:44:57.172865", "frame": 115, "mu": [2.1520753045035224, 4.254874240256118, 0.5436474329533751], "Sigma": [[0.02617043557200563, -0.006120802874272026, -0.028111766933335752], [-0.006120802874272026, 0.01714980922359069, -0.0288684445615143], [-0.028111766933335752, -0.0288684445615143, 0.12064004309499265]], "chi2_level": 0.997, "chi2_df": 3, "chi2_threshold": 13.931422665512084, "N_raw": 58, "N_roi": 55, "N_inlier": 55, "refit": true}
{"timestamp": "17:44:57.222560", "frame": 116, "mu": [2.221887021309888, 4.275128008085825, 1.5901388322032688], "Sigma": [[0.009496455227736674, -0.0038892077822476195, 0.0006536755729967552], [-0.0038892077822476187, 0.0037300946689612334, -0.0015655638771610264], [0.0006536755729967552, -0.0015655638771610264, 0.0026511217525817914]], "chi2_level": 0.997, "chi2_df": 3, "chi2_threshold": 13.931422665512084, "N_raw": 21, "N_roi": 17, "N_inlier": 16, "refit": true}
{"timestamp": "17:44:57.276119", "frame": 117, "mu": [2.268711237154564, 4.288986547216567, 1.4747553429431397], "Sigma": [[0.010770699092258872, -0.005005535591407254, -0.00830174896566891], [-0.005005535591407254, 0.0038657789364036437, 0.0015264918819044729], [-0.00830174896566891, 0.0015264918819044729, 0.013111412868226365]], "chi2_level": 0.997, "chi2_df": 3, "chi2_threshold": 13.931422665512084, "N_raw": 16, "N_roi": 12, "N_inlier": 12, "refit": true}
{"timestamp": "17:44:57.386127", "frame": 119, "mu": [2.249711994041993, 4.371742793676415, 1.6247887293936414], "Sigma": [[0.0077725552497944625, -0.0019460184922782257, -0.0031236309586937508], [-0.0019460184922782257, 0.0031685725297485104, 0.00024607346940872313], [-0.0031236309586937508, 0.00024607346940872313, 0.0047908548059213815]], "chi2_level": 0.997, "chi2_df": 3, "chi2_threshold": 13.931422665512084, "N_raw": 12, "N_roi": 10, "N_inlier": 10, "refit": true}
{"timestamp": "17:44:57.629214", "frame": 123, "mu": [2.2300471106611597, 4.432926646803353, 0.5972529203953122], "Sigma": [[0.01714327122959955, -0.0055075534237142305, -0.007679930212873975], [-0.0055075534237142305, 0.005304648261692641, 0.003105642151397689], [-0.007679930212873975, 0.00310564215139769, 0.006889923997654898]], "chi2_level": 0.997, "chi2_df": 3, "chi2_threshold": 13.931422665512084, "N_raw": 61, "N_roi": 30, "N_inlier": 30, "refit": true}
