{"timestamp": "18:59:30.826605", "frame": 19, "mu": [-2.3771516705198574, 0.8369834476795579, 0.879701350120876], "Sigma": [[0.0045106961665774175, 0.00618185415010769, -0.0038236719172294108], [0.006181854150107691, 0.014326677688547427, -0.008854658144937803], [-0.003823671917229411, -0.008854658144937803, 0.007558139147292608]], "chi2_level": 0.997, "chi2_df": 3, "chi2_threshold": 13.931422665512084, "N_raw": 28, "N_roi": 24, "N_inlier": 23, "refit": true}
{"timestamp": "18:59:30.936749", "frame": 21, "mu": [-2.3540468572152777, 0.7844083625464018, 0.7891573705044644], "Sigma": [[0.006706426655953037, 0.010185532587435153, 0.00021108402961761202], [0.010185532587435153, 0.017417850341972456, -0.0019715321620062815], [0.00021108402961761202, -0.0019715321620062823, 0.012376737309409089]], "chi2_level": 0.997, "chi2_df": 3, "chi2_threshold": 13.931422665512084, "N_raw": 25, "N_roi": 24, "N_inlier": 24, "refit": true}
{"timestamp": "18:59:30.992941", "frame": 22, "mu": [-1.1516089121050734, 0.6528011916791119, 0.7381156581874633], "Sigma": [[4.2389349798411855, -0.05946358617947139, 0.09411884998615684], [-0.059463586179471395, 0.014073582344822625, -0.006413490292119673], [0.09411884998615684, -0.006413490292119673, 0.006852310691331714]], "chi2_level": 0.997, "chi2_df": 3, "chi2_threshold": 13.931422665512084, "N_raw": 36, "N_roi": 36, "N_inlier": 36, "refit": true}
{"timestamp": "18:59:31.050490", "frame": 23, "mu": [-1.3476225340013035, 0.8770297003013477, -1.0718920717292757], "Sigma": [[3.655158396577072, -0.28670147533600054, -0.04587871635136642], [-0.28670147533600054, 0.07915946353958539, 0.015058124274680123], [-0.04587871635136642, 0.015058124274680123, 0.005234573785623418]], "chi2_level": 0.997, "chi2_df": 3, "chi2_threshold": 13.931422665512084, "N_raw": 47, "N_roi": 44, "N_inlier": 43, "refit": true}
{"timestamp": "18:59:31.107016", "frame": 24, "mu": [-1.8496603437221095, 0.7740622650433802, 0.8245692779432134], "Sigma": [[2.0293350490454767, -0.08240759522568282, 0.039239530541897674], [-0.08240759522568282, 0.028810523673405794, -0.011151179794944725], [0.03923953054189768, -0.011151179794944722, 0.0053416604777109565]], "chi2_level": 0.997, "chi2_df": 3, "chi2_threshold": 13.931422665512084, "N_raw": 44, "N_roi": 43, "N_inlier": 43, "refit": true}
{"timestamp": "18:59:31.165665", "frame": 25, "mu": [-1.7818128046663488, 0.7418819449637659, 0.9148380706478473], "Sigma": [[1.9647744441603476, -0.08551400384263659, 0.030957814939321208], [-0.08551400384263659, 0.024937532537680412, -0.01056885567603717], [0.030957814939321208, -0.010568855676037171, 0.006770480152509317]], "chi2_level": 0.997, "chi2_df": 3, "chi2_threshold": 13.931422665512084, "N_raw": 64, "N_roi": 64, "N_inlier": 64, "refit": true}
{"timestamp": "18:59:31.215105", "frame": 26, "mu": [-2.23435220431563, 0.8249155472524059, 1.0170272586915245], "Sigma": [[0.007401322375099244, 0.008428809525390643, -0.006360650198130704], [0.008428809525390643, 0.021465639164243946, -0.011811482948751548], [-0.006360650198130704, -0.011811482948751548, 0.008360169012119084]], "chi2_level": 0.997, "chi2_df": 3, "chi2_threshold": 13.931422665512084, "N_raw": 35, "N_roi": 35, "N_inlier": 35, "refit": true}
{"timestamp": "18:59:31.275009", "frame": 27, "mu": [-2.185395507490605, 0.8174665297172934, 0.9817639101993697], "Sigma": [[0.011410786018591247, 0.00648636935240612, -0.0023754672537695675], [0.006486369352406122, 0.02401431495745747, -0.0113651015653553], [-0.002375467253769567, -0.0113651015653553, 0.009046523453092061]], "chi2_level": 0.997, "chi2_df": 3, "chi2_threshold": 13.931422665512084, "N_raw": 69, "N_roi": 69, "N_inlier": 66, "refit": true}
{"timestamp": "18:59:31.327862", "frame": 28, "mu": [-1.815289653600812, 0.7047318889675068, 0.9110969647348027], "Sigma": [[1.4292740323002826, -0.055367655169566994, 0.02805591401816563], [-0.05536765516956699, 0.025566845500217074, -0.007718419134280476], [0.02805591401816563, -0.007718419134280476, 0.005389059322953469]], "chi2_level": 0.997, "chi2_df": 3, "chi2_threshold": 13.931422665512084, "N_raw": 53, "N_roi": 53, "N_inlier": 53, "refit": true}
{"timestamp": "18:59:31.382136", "frame": 29, "mu": [-1.5327277055231854, 0.6464649801968535, 0.9591721294035718], "Sigma": [[1.8548662265588327, -0.06238830623234903, 0.03867547866873827], [-0.06238830623234903, 0.014381372584432181, -0.007348737552115222], [0.03867547866873827, -0.007348737552115221, 0.006755101191782689]], "chi2_level": 0.997, "chi2_df": 3, "chi2_threshold": 13.931422665512084, "N_raw": 46, "N_roi": 46, "N_inlier": 45, "refit": true}
{"timestamp": "18:59:31.434531", "frame": 30, "mu": [-1.9915119820603833, 0.7064138892229908, 0.9905378397646907], "Sigma": [[0.005199469211792699, 0.00599994672170069, -0.002139379038863497], [0.00599994672170069, 0.015095553706972962, -0.004552468990267584], [-0.002139379038863497, -0.004552468990267583, 0.0019003814879433444]], "chi2_level": 0.997, "chi2_df": 3, "chi2_threshold": 13.931422665512084, "N_raw": 25, "N_roi": 25, "N_inlier": 25, "refit": true}
{"timestamp": "18:59:31.490484", "frame": 31, "mu": [-1.9156145108196911, 0.7289576472779483, 1.1017433950043054], "Sigma": [[0.005141833786596805, 0.004955454270165102, 0.00045426169425739286], [0.004955454270165102, 0.007308620630496241, -0.002448085789499529], [0.00045426169425739264, -0.002448085789499529, 0.013889892672029785]], "chi2_level": 0.997, "chi2_df": 3, "chi2_threshold": 13.931422665512084, "N_raw": 33, "N_roi": 33, "N_inlier": 33, "refit": true}
{"timestamp": "18:59:31.548014", "frame": 32, "mu": [-1.9014322753128092, 0.7225640159152515, 1.1820728317180005], "Sigma": [[0.007146801162868355, 0.00590078852440293, -0.0009087877651613886], [0.00590078852440293, 0.013003070355076923, -0.008627137970271342], [-0.0009087877651613886, -0.008627137970271342, 0.009667533328444158]], "chi2_level": 0.997, "chi2_df": 3, "chi2_threshold": 13.931422665512084, "N_raw": 52, "N_roi": 52, "N_inlier": 51, "refit": true}
{"timestamp": "18:59:31.606801", "frame": 33, "mu": [-1.9180662372564206, 0.9234703954811794, -0.7530689173074654], "Sigma": [[0.0073898685589719555, 0.008830497474727216, 0.009010366981973095], [0.008830497474727216, 0.02831409363636997, -0.002160509855231448], [0.009010366981973095, -0.002160509855231448, 0.036273230992049314]], "chi2_level": 0.997, "chi2_df": 3, "chi2_threshold": 13.931422665512084, "N_raw": 71, "N_roi": 71, "N_inlier": 71, "refit": true}
{"timestamp": "18:59:31.662229", "frame": 34, "mu": [-1.8687963118786244, 0.6366055203530502, 0.9825205843057306], "Sigma": [[0.009500539293741766, 0.004709360129276871, 0.004210995226360175], [0.004709360129276871, 0.010893367471523072, -0.009090842405974407], [0.004210995226360175, -0.009090842405974407, 0.027321999302166815]], "chi2_level": 0.997, "chi2_df": 3, "chi2_threshold": 13.931422665512084, "N_raw": 81, "N_roi": 81, "N_inlier": 79, "refit": true}
{"timestamp": "18:59:31.720521", "frame": 35, "mu": [-1.8236552951883138, 0.6698295792871855, 1.0387950834382662], "Sigma": [[0.01161851921259514, -0.00021335009539786174, 0.003981266996620855], [-0.00021335009539786185, 0.012136797832796814, -0.013022975856671929], [0.003981266996620854, -0.013022975856671929, 0.0436814908669234]], "chi2_level": 0.997, "chi2_df": 3, "chi2_threshold": 13.931422665512084, "N_raw": 98, "N_roi": 98, "N_inlier": 98, "refit": true}
{"timestamp": "18:59:31.768681", "frame": 36, "mu": [-1.7404124816245718, 0.9249449292751811, -0.4809840291530088], "Sigma": [[0.009460414769800512, 0.0060644912072089765, 0.0005590723068010556], [0.006064491207208976, 0.010337864874916987, -0.006126668408580227], [0.0005590723068010556, -0.006126668408580228, 0.012588860956250498]], "chi2_level": 0.997, "chi2_df": 3, "chi2_threshold": 13.931422665512084, "N_raw": 54, "N_roi": 54, "N_inlier": 54, "refit": true}
{"timestamp": "18:59:31.824913", "frame": 37, "mu": [-1.2267534487436111, 0.5295536132640174, 1.0358239196053105], "Sigma": [[1.4006263347744325, -0.047870442848167355, 0.024496798531144386], [-0.047870442848167355, 0.017950713021733573, -0.006058603984427205], [0.024496798531144386, -0.006058603984427205, 0.0052262752383232846]], "chi2_level": 0.997, "chi2_df": 3, "chi2_threshold": 13.931422665512084, "N_raw": 69, "N_roi": 69, "N_inlier": 67, "refit": true}
{"timestamp": "18:59:31.880330", "frame": 38, "mu": [-1.6278320196434546, 0.9548286900983208, -0.490292629201442], "Sigma": [[0.012032487469553129, 0.000739903977434119, -0.010008368049974768], [0.0007399039774341188, 0.006742543721131702, 0.0020788007360643033], [-0.010008368049974768, 0.0020788007360643033, 0.041092430456480485]], "chi2_level": 0.997, "chi2_df": 3, "chi2_threshold": 13.931422665512084, "N_raw": 68, "N_roi": 68, "N_inlier": 64, "refit": true}
{"timestamp": "18:59:31.931224", "frame": 39, "mu": [-1.625103980793659, 0.4921273217911655, 1.107289136157317], "Sigma": [[0.005091769849218524, 0.00280243320822917, -0.0009272368372882022], [0.00280243320822917, 0.005985999952643615, 0.005130215870596219], [-0.0009272368372882022, 0.005130215870596218, 0.019211461141605907]], "chi2_level": 0.997, "chi2_df": 3, "chi2_threshold": 13.931422665512084, "N_raw": 38, "N_roi": 38, "N_inlier": 38, "refit": true}
{"timestamp": "18:59:31.991146", "frame": 40, "mu": [-1.6159367671889253, 0.701831940573124, 1.1838597411627492], "Sigma": [[0.009761169508245163, 0.0022660178187898445, -0.0019337009677421572], [0.0022660178187898445, 0.009546620168010068, -0.00711156575506911], [-0.0019337009677421572, -0.00711156575506911, 0.007142744492919105]], "chi2_level": 0.997, "chi2_df": 3, "chi2_threshold": 13.931422665512084, "N_raw": 68, "N_roi": 68, "N_inlier": 68, "refit": true}
{"timestamp": "18:59:32.044327", "frame": 41, "mu": [-1.592753411741758, 0.7775606179603204, 1.3212317892311902], "Sigma": [[0.008739784623884169, 0.00360272012296465, -0.000995236261523547], [0.0036027201229646495, 0.00645272119714107, -0.006256569119867992], [-0.0009952362615235472, -0.006256569119867992, 0.009013382070699865]], "chi2_level": 0.997, "chi2_df": 3, "chi2_threshold": 13.931422665512084, "N_raw": 61, "N_roi": 61, "N_inlier": 59, "refit": true}
{"timestamp": "18:59:32.100426", "frame": 42, "mu": [-1.5185534512227783, 0.8022741023192669, 1.3806841374539953], "Sigma": [[0.008488383850806885, 0.005143353766172105, 0.0013834435658609842], [0.005143353766172105, 0.007276876142004652, -0.005349168358161757], [0.0013834435658609842, -0.005349168358161757, 0.011207516295793403]], "chi2_level": 0.997, "chi2_df": 3, "chi2_threshold": 13.931422665512084, "N_raw": 64, "N_roi": 64, "N_inlier": 63, "refit": true}
{"timestamp": "18:59:32.156846", "frame": 43, "mu": [-1.4462089301097123, 0.9173357874061232, -0.4315530860074954], "Sigma": [[0.008208638284095288, 0.005987102537379838, 0.004854987401955316], [0.005987102537379838, 0.021462548681925694, 0.004354456689104022], [0.004854987401955316, 0.004354456689104022, 0.008906489423503328]], "chi2_level": 0.997, "chi2_df": 3, "chi2_threshold": 13.931422665512084, "N_raw": 71, "N_roi": 71, "N_inlier": 70, "refit": true}
{"timestamp": "18:59:32.213442", "frame": 44, "mu": [-1.4050364414307333, 0.8888311042857413, -0.11720993910873624], "Sigma": [[0.01112712114290435, 0.006533567904338123, 0.03610009426536953], [0.006533567904338122, 0.008712477837422012, 0.008437937966551352], [0.03610009426536953, 0.008437937966551352, 0.42392066142489393]], "chi2_level": 0.997, "chi2_df": 3, "chi2_threshold": 13.931422665512084, "N_raw": 87, "N_roi": 87, "N_inlier": 87, "refit": true}
{"timestamp": "18:59:32.265905", "frame": 45, "mu": [-1.3807427192896637, 0.8431793132387073, 1.475729190274786], "Sigma": [[0.006632051020449823, 0.0022355570702226914, -0.0005008817116094655], [0.002235557070222692, 0.007296874284966942, -0.006941555251686558], [-0.0005008817116094655, -0.006941555251686558, 0.014552888547874917]], "chi2_level": 0.997, "chi2_df": 3, "chi2_threshold": 13.931422665512084, "N_raw": 66, "N_roi": 66, "N_inlier": 64, "refit": true}
{"timestamp": "18:59:32.326068", "frame": 46, "mu": [-1.3218302546622083, 0.9790186208658479, -0.3561059512755453], "Sigma": [[0.010741091342489942, 0.00431945659658871, -0.00015031302755289674], [0.00431945659658871, 0.013488914218231557, -0.00935951563388413], [-0.00015031302755289663, -0.009359515633884128, 0.00895661295726538]], "chi2_level": 0.997, "chi2_df": 3, "chi2_threshold": 13.931422665512084, "N_raw": 103, "N_roi": 103, "N_inlier": 99, "refit": true}
{"timestamp": "18:59:32.377920", "frame": 47, "mu": [-1.302273718234754, 0.8779835001155679, 1.4621476129594042], "Sigma": [[0.007111963617824538, 0.0033323667478440807, -0.0033558155045550642], [0.0033323667478440807, 0.006182708790027997, -0.009387637424444015], [-0.0033558155045550634, -0.009387637424444015, 0.025728035986352066]], "chi2_level": 0.997, "chi2_df": 3, "chi2_threshold": 13.931422665512084, "N_raw": 77, "N_roi": 77, "N_inlier": 74, "refit": true}
{"timestamp": "18:59:32.432823", "frame": 48, "mu": [-1.2700431530018792, 0.9166796567505653, -0.2897799888332917], "Sigma": [[0.008135731816836354, 0.003940414040318553, 0.0017964889823687174], [0.003940414040318553, 0.007203406413963709, -0.005728601746660543], [0.0017964889823687171, -0.005728601746660544, 0.012399646539139959]], "chi2_level": 0.997, "chi2_df": 3, "chi2_threshold": 13.931422665512084, "N_raw": 73, "N_roi": 67, "N_inlier": 64, "refit": true}
{"timestamp": "18:59:32.480634", "frame": 49, "mu": [-1.1579304150873955, 0.900160342435214, 1.4056261042885678], "Sigma": [[0.01096617867349066, 0.012670658928837137, -0.020449234469773786], [0.012670658928837137, 0.02013511712111029, -0.03357413371045291], [-0.020449234469773786, -0.03357413371045291, 0.06822081505178534]], "chi2_level": 0.997, "chi2_df": 3, "chi2_threshold": 13.931422665512084, "N_raw": 29, "N_roi": 29, "N_inlier": 29, "refit": true}
{"timestamp": "18:59:32.542031", "frame": 50, "mu": [-1.1309866885330857, 0.8412376752172837, 1.4456373124727881], "Sigma": [[0.010899929986720491, 0.012239689210792881, -0.003315383718672212], [0.012239689210792881, 0.02099981615465773, -0.004214146609684593], [-0.003315383718672212, -0.004214146609684593, 0.029650788551646864]], "chi2_level": 0.997, "chi2_df": 3, "chi2_threshold": 13.931422665512084, "N_raw": 68, "N_roi": 68, "N_inlier": 64, "refit": true}
{"timestamp": "18:59:32.596323", "frame": 51, "mu": [-1.1457508549530244, 0.8660166826046919, 1.5237506545860742], "Sigma": [[0.016041808682767084, 0.006308085114851888, -0.009997268065038022], [0.006308085114851888, 0.006874324527068133, -0.008483909783115463], [-0.00999726806503802, -0.008483909783115463, 0.015132596659777028]], "chi2_level": 0.997, "chi2_df": 3, "chi2_threshold": 13.931422665512084, "N_raw": 73, "N_roi": 73, "N_inlier": 70, "refit": true}
{"timestamp": "18:59:32.652625", "frame": 52, "mu": [-1.0187667131940978, 0.954832110990656, -0.36165069575047365], "Sigma": [[0.010814033655601022, 0.00934278499449484, 0.002322436015778559], [0.00934278499449484, 0.01582590549445791, 0.0016600851782802974], [0.002322436015778559, 0.0016600851782802972, 0.013420249843101993]], "chi2_level": 0.997, "chi2_df": 3, "chi2_threshold": 13.931422665512084, "N_raw": 71, "N_roi": 71, "N_inlier": 68, "refit": true}
{"timestamp": "18:59:32.704594", "frame": 53, "mu": [-1.0148331937364667, 0.8549367260461979, 1.5571233006624017], "Sigma": [[0.019331426718056426, 0.0070916666611254685, -0.015825342549260636], [0.0070916666611254685, 0.006161861212968844, -0.008001396397648214], [-0.015825342549260636, -0.008001396397648212, 0.022599372984368322]], "chi2_level": 0.997, "chi2_df": 3, "chi2_threshold": 13.931422665512084, "N_raw": 57, "N_roi": 57, "N_inlier": 54, "refit": true}
{"timestamp": "18:59:32.759197", "frame": 54, "mu": [-1.0087389018034312, 0.9352070597434544, -0.11857267779346059], "Sigma": [[0.020835872619675067, 0.012767848658528692, -0.009159266960311649], [0.012767848658528692, 0.01355150849001392, -0.008669747303487622], [-0.009159266960311649, -0.00866974730348762, 0.0061262433074156354]], "chi2_level": 0.997, "chi2_df": 3, "chi2_threshold": 13.931422665512084, "N_raw": 56, "N_roi": 56, "N_inlier": 54, "refit": true}
{"timestamp": "18:59:32.809176", "frame": 55, "mu": [-0.9630133575421145, 0.909178019435308, 1.55878486138554], "Sigma": [[0.030562294294787032, 0.024753880670964984, -0.04185248201815202], [0.024753880670964984, 0.024374698111009226, -0.043282390407785185], [-0.04185248201815202, -0.043282390407785185, 0.09469637696361838]], "chi2_level": 0.997, "chi2_df": 3, "chi2_threshold": 13.931422665512084, "N_raw": 21, "N_roi": 21, "N_inlier": 21, "refit": true}
{"timestamp": "18:59:32.874946", "frame": 56, "mu": [-0.9045132779515389, 0.9062875749327959, 1.649667072046578], "Sigma": [[0.02764261731607348, 0.013669236959538662, -0.01657421048760373], [0.013669236959538662, 0.014029183852201107, -0.016025944470649377], [-0.016574210487603727, -0.016025944470649377, 0.02085966794397798]], "chi2_level": 0.997, "chi2_df": 3, "chi2_threshold": 13.931422665512084, "N_raw": 100, "N_roi": 100, "N_inlier": 96, "refit": true}
{"timestamp": "18:59:32.978471", "frame": 58, "mu": [-0.690972624763843, 0.9883818303923055, 1.6176435905228665], "Sigma": [[0.02168778049569309, 0.009068613978024623, -0.014363480754393334], [0.009068613978024623, 0.007232397487714009, -0.007650093312321218], [-0.014363480754393336, -0.007650093312321217, 0.017297526089632635]], "chi2_level": 0.997, "chi2_df": 3, "chi2_threshold": 13.931422665512084, "N_raw": 59, "N_roi": 59, "N_inlier": 56, "refit": true}
{"timestamp": "18:59:33.029192", "frame": 59, "mu": [-0.5575269861264209, 0.9921218504467209, 1.3241533569602195], "Sigma": [[0.010366727464337313, 0.00012253823758843325, -0.05956433730699057], [0.00012253823758843325, 0.003185596979154168, -0.004263923658762027], [-0.059564337306990574, -0.004263923658762026, 0.3811463184836902]], "chi2_level": 0.997, "chi2_df": 3, "chi2_threshold": 13.931422665512084, "N_raw": 19, "N_roi": 19, "N_inlier": 19, "refit": true}
{"timestamp": "18:59:33.090122", "frame": 60, "mu": [-0.5605740110342159, 1.0945897201487071, -0.1989333818567191], "Sigma": [[0.003097356579523444, 0.0004751856381846954, 0.001809457685334699], [0.0004751856381846955, 0.005518542270816499, 2.8614431038404562e-05], [0.001809457685334699, 2.8614431038404562e-05, 0.008721453046951886]], "chi2_level": 0.997, "chi2_df": 3, "chi2_threshold": 13.931422665512084, "N_raw": 62, "N_roi": 61, "N_inlier": 54, "refit": true}
{"timestamp": "18:59:33.152765", "frame": 61, "mu": [-0.4954954936206405, 1.0561903274801308, 1.5187606977080013], "Sigma": [[0.00412623015437883, -0.0005813581272212063, -0.0005310040132147228], [-0.0005813581272212064, 0.004913813265310234, -0.004067067060518751], [-0.0005310040132147227, -0.004067067060518751, 0.004268355149244311]], "chi2_level": 0.997, "chi2_df": 3, "chi2_threshold": 13.931422665512084, "N_raw": 85, "N_roi": 85, "N_inlier": 82, "refit": true}
{"timestamp": "18:59:33.201865", "frame": 62, "mu": [-0.4069228034729982, 1.0468967934901277, 1.5254957946504093], "Sigma": [[0.0035288334311619996, 0.0016123016514204792, -0.0016042774277670062], [0.0016123016514204796, 0.005657778922320234, -0.0019115882760322297], [-0.0016042774277670062, -0.0019115882760322297, 0.0012655533995432663]], "chi2_level": 0.997, "chi2_df": 3, "chi2_threshold": 13.931422665512084, "N_raw": 67, "N_roi": 67, "N_inlier": 62, "refit": true}
{"timestamp": "18:59:33.259504", "frame": 63, "mu": [-0.3890919549824838, 1.023691117795035, 1.4359253477839764], "Sigma": [[0.0028441092410297466, -0.00034963918665744385, 0.0013424836064686787], [-0.0003496391866574439, 0.006479686772229497, -0.004674520332970115], [0.0013424836064686787, -0.004674520332970115, 0.004198941396617359]], "chi2_level": 0.997, "chi2_df": 3, "chi2_threshold": 13.931422665512084, "N_raw": 82, "N_roi": 82, "N_inlier": 78, "refit": true}
{"timestamp": "18:59:33.308200", "frame": 64, "mu": [-0.36587882282364415, 1.0474593778295165, 1.4730132127971394], "Sigma": [[0.0025211458740957296, -0.00098875649337577, 0.001287681689449581], [-0.00098875649337577, 0.0017614007282780288, 0.0003163486991073494], [0.0012876816894495811, 0.0003163486991073494, 0.13386983617999046]], "chi2_level": 0.997, "chi2_df": 3, "chi2_threshold": 13.931422665512084, "N_raw": 40, "N_roi": 40, "N_inlier": 38, "refit": true}
{"timestamp": "18:59:33.366026", "frame": 65, "mu": [-0.2769313674355295, 1.118868323961807, 1.4828855204196931], "Sigma": [[0.002849927594833424, 1.4466178880974954e-05, -5.019995458064962e-05], [1.4466178880974913e-05, 0.005185848700265055, -0.004126612500268999], [-5.0199954580649726e-05, -0.004126612500268999, 0.006521391332437245]], "chi2_level": 0.997, "chi2_df": 3, "chi2_threshold": 13.931422665512084, "N_raw": 73, "N_roi": 73, "N_inlier": 70, "refit": true}
{"timestamp": "18:59:33.421324", "frame": 66, "mu": [-0.3091132996690579, 1.0369581276981217, 1.3787675401064607], "Sigma": [[0.003437276534646563, -0.002286633646474128, -0.0016202703844654107], [-0.0022866336464741283, 0.005853679635330112, -0.0019482602043475487], [-0.001620270384465411, -0.0019482602043475487, 0.00479825714904553]], "chi2_level": 0.997, "chi2_df": 3, "chi2_threshold": 13.931422665512084, "N_raw": 73, "N_roi": 73, "N_inlier": 72, "refit": true}
{"timestamp": "18:59:33.474407", "frame": 67, "mu": [-0.18162000068065876, 1.0763545891118178, 1.5574358487034041], "Sigma": [[0.0017701643136523561, -0.00012364120829663004, -0.0003271921148357287], [-0.00012364120829663004, 0.0020090294523051762, -0.0032481124131155553], [-0.0003271921148357287, -0.0032481124131155553, 0.008758628914205096]], "chi2_level": 0.997, "chi2_df": 3, "chi2_threshold": 13.931422665512084, "N_raw": 48, "N_roi": 48, "N_inlier": 46, "refit": true}
{"timestamp": "18:59:33.527877", "frame": 68, "mu": [-0.14816563260785104, 1.162688995244575, -0.1329441899943065], "Sigma": [[0.0023067078045115054, -0.0016714364021414264, 0.001543946276774573], [-0.0016714364021414266, 0.006972896084928731, -0.0057572821716970445], [0.001543946276774573, -0.005757282171697043, 0.008093821437473251]], "chi2_level": 0.997, "chi2_df": 3, "chi2_threshold": 13.931422665512084, "N_raw": 49, "N_roi": 49, "N_inlier": 46, "refit": true}
{"timestamp": "18:59:33.587928", "frame": 69, "mu": [-0.1108622976266379, 1.090037069946809, 1.5316731625016844], "Sigma": [[0.003057540602439599, -0.0003569836976040719, -0.002868241872183181], [-0.0003569836976040719, 0.003259165350508624, -0.004160829681852203], [-0.002868241872183181, -0.004160829681852202, 0.013566772558007908]], "chi2_level": 0.997, "chi2_df": 3, "chi2_threshold": 13.931422665512084, "N_raw": 77, "N_roi": 77, "N_inlier": 73, "refit": true}
{"timestamp": "18:59:33.642417", "frame": 70, "mu": [-0.05957992066255393, 1.1804175419202485, -0.14294059727665628], "Sigma": [[0.002504307862878358, -0.000764272021632623, -6.0510648346584606e-05], [-0.0007642720216326231, 0.00678815081965642, -0.004287258227520903], [-6.051064834658455e-05, -0.0042872582275209035, 0.003721787541003438]], "chi2_level": 0.997, "chi2_df": 3, "chi2_threshold": 13.931422665512084, "N_raw": 75, "N_roi": 75, "N_inlier": 69, "refit": true}
{"timestamp": "18:59:33.697857", "frame": 71, "mu": [-0.0076558127437468815, 1.188359737506655, -0.14543771257118723], "Sigma": [[0.0026280945255311968, -0.0003385559522327172, -0.0016873977042043706], [-0.0003385559522327173, 0.007418265724943204, -0.0031158134760970167], [-0.0016873977042043704, -0.0031158134760970162, 0.0031741549808624167]], "chi2_level": 0.997, "chi2_df": 3, "chi2_threshold": 13.931422665512084, "N_raw": 80, "N_roi": 80, "N_inlier": 77, "refit": true}
{"timestamp": "18:59:33.743216", "frame": 72, "mu": [0.053717378522999154, 1.313731141993193, -0.6270151725405804], "Sigma": [[0.011081541557980792, 0.013147226813362823, -0.0578738205385106], [0.013147226813362823, 0.030379494291298166, -0.099742425433093], [-0.05787382053851059, -0.099742425433093, 0.4098661797441551]], "chi2_level": 0.997, "chi2_df": 3, "chi2_threshold": 13.931422665512084, "N_raw": 14, "N_roi": 14, "N_inlier": 14, "refit": true}
{"timestamp": "18:59:33.807098", "frame": 73, "mu": [0.08352936813271003, 1.066930046556882, 1.3962494592908565], "Sigma": [[0.00244651737374433, -0.002763732507033358, 0.0009612831069369733], [-0.002763732507033358, 0.007883802709725354, -0.000588332241666827], [0.0009612831069369732, -0.0005883322416668272, 0.01919452036012398]], "chi2_level": 0.997, "chi2_df": 3, "chi2_threshold": 13.931422665512084, "N_raw": 75, "N_roi": 75, "N_inlier": 72, "refit": true}
{"timestamp": "18:59:33.858604", "frame": 74, "mu": [0.16153898449291282, 1.0195161559398747, 1.4617349420591141], "Sigma": [[0.0018813990306422396, -0.001405565116970001, 6.581186968595446e-05], [-0.001405565116970001, 0.0027054668989913806, -0.0013672863160327183], [6.581186968595437e-05, -0.0013672863160327183, 0.010409694968138738]], "chi2_level": 0.997, "chi2_df": 3, "chi2_threshold": 13.931422665512084, "N_raw": 51, "N_roi": 51, "N_inlier": 48, "refit": true}
{"timestamp": "18:59:33.914722", "frame": 75, "mu": [0.21180626620813403, 1.007657351979301, 1.420479707244731], "Sigma": [[0.0021473015674442295, 0.00023960883499106548, 0.0020554967424927123], [0.00023960883499106543, 0.0030105296491514475, 0.0005422269609192243], [0.0020554967424927127, 0.0005422269609192244, 0.03142671709659557]], "chi2_level": 0.997, "chi2_df": 3, "chi2_threshold": 13.931422665512084, "N_raw": 59, "N_roi": 59, "N_inlier": 59, "refit": true}
{"timestamp": "18:59:33.967568", "frame": 76, "mu": [0.2516310001173393, 1.0159411086529029, 1.4193785809230783], "Sigma": [[0.0017197243013983134, -0.0007377036030772888, -0.002791822908755869], [-0.0007377036030772888, 0.002958609430193038, 0.0011633860672613317], [-0.002791822908755869, 0.0011633860672613317, 0.012332705724992014]], "chi2_level": 0.997, "chi2_df": 3, "chi2_threshold": 13.931422665512084, "N_raw": 41, "N_roi": 41, "N_inlier": 38, "refit": true}
{"timestamp": "18:59:34.024712", "frame": 77, "mu": [0.30370089035733944, 1.0491321802179734, 1.5807293795239714], "Sigma": [[0.0022938582187328714, 0.00023762692635002864, -0.0015422666767237157], [0.00023762692635002867, 0.004507360336046039, -0.0017858764189652167], [-0.0015422666767237155, -0.0017858764189652167, 0.002052189182481173]], "chi2_level": 0.997, "chi2_df": 3, "chi2_threshold": 13.931422665512084, "N_raw": 55, "N_roi": 55, "N_inlier": 53, "refit": true}
{"timestamp": "18:59:34.082356", "frame": 78, "mu": [0.36286641452458424, 1.1209789339902467, -0.3969445015634933], "Sigma": [[0.0027136812725730205, -0.0004625558988880447, 0.0005215079526779762], [-0.0004625558988880447, 0.007631333647737685, -0.007944491501761965], [0.000521507952677976, -0.007944491501761963, 0.018461014252887376]], "chi2_level": 0.997, "chi2_df": 3, "chi2_threshold": 13.931422665512084, "N_raw": 82, "N_roi": 82, "N_inlier": 82, "refit": true}
{"timestamp": "18:59:34.135477", "frame": 79, "mu": [0.42578417624645704, 0.9721902271701274, 1.350839906906823], "Sigma": [[0.0023633502823350635, -5.6065558258145006e-05, -0.0008130836976339899], [-5.6065558258145006e-05, 0.01078921334862779, 0.0009100711088052449], [-0.0008130836976339899, 0.0009100711088052449, 0.0007268376103560848]], "chi2_level": 0.997, "chi2_df": 3, "chi2_threshold": 13.931422665512084, "N_raw": 60, "N_roi": 60, "N_inlier": 58, "refit": true}
{"timestamp": "18:59:34.186294", "frame": 80, "mu": [0.4304876067323203, 0.9648443997050608, 1.3852102436363363], "Sigma": [[0.0012220762141012865, -0.0004746303441910717, 3.26491280266e-05], [-0.0004746303441910718, 0.00258654599837714, -0.0017548675441706576], [3.26491280266e-05, -0.0017548675441706576, 0.009906285493988193]], "chi2_level": 0.997, "chi2_df": 3, "chi2_threshold": 13.931422665512084, "N_raw": 31, "N_roi": 31, "N_inlier": 28, "refit": true}
{"timestamp": "18:59:34.243129", "frame": 81, "mu": [0.48989583063643904, 0.9457214770643447, 1.2479021921928248], "Sigma": [[0.002141117435726897, -0.0003280870432193755, 0.0002901693216701909], [-0.00032808704321937547, 0.0019530119390604585, -0.003233632222078572], [0.00029016932167019076, -0.003233632222078571, 0.04086792158836938]], "chi2_level": 0.997, "chi2_df": 3, "chi2_threshold": 13.931422665512084, "N_raw": 52, "N_roi": 52, "N_inlier": 52, "refit": true}
{"timestamp": "18:59:34.299187", "frame": 82, "mu": [0.5466678988673476, 1.1185738899785176, -0.3390756438338118], "Sigma": [[0.0025612577294721805, 0.00010829694309988659, -0.001033718488831665], [0.00010829694309988651, 0.003761343461466066, -0.007188733199505835], [-0.001033718488831665, -0.007188733199505835, 0.0241608137881561]], "chi2_level": 0.997, "chi2_df": 3, "chi2_threshold": 13.931422665512084, "N_raw": 50, "N_roi": 50, "N_inlier": 48, "refit": true}
{"timestamp": "18:59:34.351219", "frame": 83, "mu": [0.5985663033046343, 1.0591302621134204, 1.5175159827179006], "Sigma": [[0.001720761363159093, -0.0007637603378202559, -0.0016187181855158129], [-0.0007637603378202558, 0.0027782919940931034, 0.00010080786200096818], [-0.0016187181855158129, 0.00010080786200096818, 0.018642388610165005]], "chi2_level": 0.997, "chi2_df": 3, "chi2_threshold": 13.931422665512084, "N_raw": 35, "N_roi": 35, "N_inlier": 33, "refit": true}
{"timestamp": "18:59:34.406232", "frame": 84, "mu": [0.6713628602386779, 1.0890581261087418, 1.3866044943613305], "Sigma": [[0.0016265962406921141, -0.0009622119879173919, -0.00024700859857125366], [-0.0009622119879173919, 0.004727457466905583, 0.0016177931254582642], [-0.0002470085985712535, 0.0016177931254582646, 0.016242924639522364]], "chi2_level": 0.997, "chi2_df": 3, "chi2_threshold": 13.931422665512084, "N_raw": 28, "N_roi": 28, "N_inlier": 26, "refit": true}
{"timestamp": "18:59:34.462093", "frame": 85, "mu": [0.665920692894733, 1.0300173629277525, 1.5043627659655558], "Sigma": [[0.0032924533518309783, -0.0006019038018012862, -0.0017917513962231529], [-0.0006019038018012862, 0.002858967610922518, -0.0005202418587954604], [-0.001791751396223153, -0.0005202418587954604, 0.001398563836281472]], "chi2_level": 0.997, "chi2_df": 3, "chi2_threshold": 13.931422665512084, "N_raw": 41, "N_roi": 41, "N_inlier": 39, "refit": true}
{"timestamp": "18:59:34.521153", "frame": 86, "mu": [0.7403142631277493, 1.024149013250912, 1.3315317191180438], "Sigma": [[0.002694335618379492, 2.5588322540702154e-05, 0.005603132523207717], [2.5588322540702154e-05, 0.004503994548107303, -0.005912261728736005], [0.005603132523207717, -0.005912261728736005, 0.07874459242102982]], "chi2_level": 0.997, "chi2_df": 3, "chi2_threshold": 13.931422665512084, "N_raw": 41, "N_roi": 41, "N_inlier": 39, "refit": true}
{"timestamp": "18:59:34.572137", "frame": 87, "mu": [0.7785600275198289, 1.0542049207263773, 1.432512366175772], "Sigma": [[0.002895812506853334, 0.0009086614404398836, -0.0004082996250228887], [0.0009086614404398836, 0.006167107061926447, -0.00021697979668851584], [-0.0004082996250228887, -0.00021697979668851568, 0.002495584164862641]], "chi2_level": 0.997, "chi2_df": 3, "chi2_threshold": 13.931422665512084, "N_raw": 44, "N_roi": 44, "N_inlier": 42, "refit": true}
{"timestamp": "18:59:34.628005", "frame": 88, "mu": [0.8153239911399786, 1.034368488305189, 1.4292518372547545], "Sigma": [[0.0025563201214869125, -7.38946491251503e-05, -0.0018982524235502075], [-7.389464912515035e-05, 0.005729461886005329, 0.0010576384957988517], [-0.0018982524235502075, 0.0010576384957988517, 0.0020285233416767402]], "chi2_level": 0.997, "chi2_df": 3, "chi2_threshold": 13.931422665512084, "N_raw": 34, "N_roi": 34, "N_inlier": 34, "refit": true}
{"timestamp": "18:59:34.679928", "frame": 89, "mu": [0.8042879931170559, 1.0806823211445338, 1.5167735746399533], "Sigma": [[0.0025106655213815478, -0.0007495188282161248, -0.004124526713725333], [-0.0007495188282161249, 0.0052380732286148165, 0.00218040147046418], [-0.004124526713725333, 0.00218040147046418, 0.007350455141886207]], "chi2_level": 0.997, "chi2_df": 3, "chi2_threshold": 13.931422665512084, "N_raw": 26, "N_roi": 26, "N_inlier": 24, "refit": true}
{"timestamp": "18:59:34.733653", "frame": 90, "mu": [0.8512162151230247, 1.0825935721918705, 1.5328765255141987], "Sigma": [[0.0015230697545634464, -0.001418877430143939, -0.004862149033639207], [-0.001418877430143939, 0.003939245441353608, 0.005082853829495819], [-0.004862149033639208, 0.005082853829495819, 0.022097683897516714]], "chi2_level": 0.997, "chi2_df": 3, "chi2_threshold": 13.931422665512084, "N_raw": 18, "N_roi": 18, "N_inlier": 16, "refit": true}
{"timestamp": "18:59:34.794621", "frame": 91, "mu": [0.9189587537501094, 1.2140357822913743, -0.2180421065530947], "Sigma": [[0.00616499630244513, -0.00020482277065906224, -0.004374792496552096], [-0.00020482277065906219, 0.004235339797417733, -0.0016585252664830501], [-0.004374792496552096, -0.0016585252664830504, 0.006974715080161777]], "chi2_level": 0.997, "chi2_df": 3, "chi2_threshold": 13.931422665512084, "N_raw": 56, "N_roi": 56, "N_inlier": 56, "refit": true}
{"timestamp": "18:59:34.844477", "frame": 92, "mu": [1.0413372175008864, 0.9366143880290914, 1.3001741896505814], "Sigma": [[0.0015836105198391824, -0.0008493575061458273, -0.0005023113784646141], [-0.0008493575061458272, 0.027610773578469448, 0.02381064616249475], [-0.0005023113784646141, 0.023810646162494745, 0.031095596620996212]], "chi2_level": 0.997, "chi2_df": 3, "chi2_threshold": 13.931422665512084, "N_raw": 22, "N_roi": 22, "N_inlier": 22, "refit": true}
{"timestamp": "18:59:34.901797", "frame": 93, "mu": [0.9860131497145534, 1.1084786612537005, 1.3914502497569414], "Sigma": [[0.0037634714224145205, 0.0005213135305537466, -0.0012371815719079537], [0.0005213135305537466, 0.006332969095718653, -0.00048482011824491436], [-0.0012371815719079537, -0.00048482011824491436, 0.0006618021019423695]], "chi2_level": 0.997, "chi2_df": 3, "chi2_threshold": 13.931422665512084, "N_raw": 41, "N_roi": 41, "N_inlier": 41, "refit": true}
{"timestamp": "18:59:34.954726", "frame": 94, "mu": [1.0606063965630343, 1.08394144160671, 1.3800455941376328], "Sigma": [[0.004314200249128721, -0.0009617449286701289, -0.001524467988798034], [-0.0009617449286701289, 0.0037557422712971174, -2.0808845433473888e-05], [-0.0015244679887980342, -2.0808845433473915e-05, 0.0007457613119795335]], "chi2_level": 0.997, "chi2_df": 3, "chi2_threshold": 13.931422665512084, "N_raw": 32, "N_roi": 32, "N_inlier": 32, "refit": true}
{"timestamp": "18:59:35.011772", "frame": 95, "mu": [1.1286744687578407, 1.1899660708380455, -0.2981724551972919], "Sigma": [[0.006390213847157165, -0.0012143662764498731, -0.0032439597455811153], [-0.001214366276449873, 0.004933425341828131, 0.0004962407497633324], [-0.0032439597455811153, 0.0004962407497633324, 0.0019515294430216634]], "chi2_level": 0.997, "chi2_df": 3, "chi2_threshold": 13.931422665512084, "N_raw": 47, "N_roi": 47, "N_inlier": 47, "refit": true}
{"timestamp": "18:59:35.068133", "frame": 96, "mu": [1.152743050096312, 1.0914518830896283, 1.457315485292473], "Sigma": [[0.006767473140351642, -0.0015172694772455423, -0.002574222276687336], [-0.0015172694772455423, 0.00384858000487393, -0.0007605984949430547], [-0.0025742222766873355, -0.0007605984949430546, 0.0016961279743965107]], "chi2_level": 0.997, "chi2_df": 3, "chi2_threshold": 13.931422665512084, "N_raw": 47, "N_roi": 47, "N_inlier": 44, "refit": true}
{"timestamp": "18:59:35.120079", "frame": 97, "mu": [1.1781928277381277, 1.2352430871583897, -0.31185170086560726], "Sigma": [[0.003991542503053885, -0.0020195418212494453, -0.003310992849551759], [-0.0020195418212494457, 0.011929134208029261, -0.012813966911999403], [-0.003310992849551759, -0.012813966911999403, 0.030644562192547804]], "chi2_level": 0.997, "chi2_df": 3, "chi2_threshold": 13.931422665512084, "N_raw": 32, "N_roi": 32, "N_inlier": 30, "refit": true}
{"timestamp": "18:59:35.173128", "frame": 98, "mu": [1.2828488085981449, 1.0842635387976438, 1.3291966895707215], "Sigma": [[0.00427304280181371, -0.0014678200471265877, -0.00289328276319109], [-0.0014678200471265883, 0.009936803049964247, -0.02141613513942845], [-0.00289328276319109, -0.02141613513942845, 0.07840287815539557]], "chi2_level": 0.997, "chi2_df": 3, "chi2_threshold": 13.931422665512084, "N_raw": 12, "N_roi": 12, "N_inlier": 12, "refit": true}
{"timestamp": "18:59:35.394847", "frame": 101, "mu": [1.4429257510458724, 1.1182387186663185, -0.267806776520416], "Sigma": [[0.0033924654775647303, -0.0007351256542338395, 0.0011553319059114137], [-0.0007351256542338395, 0.003162355448101522, -0.0039515273409809655], [0.0011553319059114137, -0.0039515273409809655, 0.017685189102488428]], "chi2_level": 0.997, "chi2_df": 3, "chi2_threshold": 13.931422665512084, "N_raw": 19, "N_roi": 19, "N_inlier": 19, "refit": true}
{"timestamp": "18:59:35.430149", "frame": 102, "mu": [1.4575094426821953, 1.0144381424839222, 1.381144707617809], "Sigma": [[0.0015942444356796851, -6.091686118847562e-05, -0.0029282767572848156], [-6.091686118847558e-05, 0.0012570642948994677, 0.0019725805413358865], [-0.0029282767572848156, 0.0019725805413358865, 0.030802820752162282]], "chi2_level": 0.997, "chi2_df": 3, "chi2_threshold": 13.931422665512084, "N_raw": 11, "N_roi": 11, "N_inlier": 11, "refit": true}
{"timestamp": "18:59:35.459062", "frame": 103, "mu": [1.5029242751157281, 1.0426636579688409, 1.498657024929114], "Sigma": [[0.0037117419119562503, -0.0017937118786529858, -0.0013722052161112708], [-0.0017937118786529858, 0.004413989837550873, 1.7626708468068794e-05], [-0.001372205216111271, 1.7626708468068808e-05, 0.000843468089479424]], "chi2_level": 0.997, "chi2_df": 3, "chi2_threshold": 13.931422665512084, "N_raw": 23, "N_roi": 23, "N_inlier": 22, "refit": true}
{"timestamp": "18:59:35.501651", "frame": 104, "mu": [1.5111661924501634, 1.0567868028541991, 1.4073389823024771], "Sigma": [[0.008420054523562882, -0.007455306697914851, 0.01221875891299104], [-0.007455306697914851, 0.014356850714498343, -0.02090858747738601], [0.01221875891299104, -0.02090858747738601, 0.03748436214905337]], "chi2_level": 0.997, "chi2_df": 3, "chi2_threshold": 13.931422665512084, "N_raw": 10, "N_roi": 10, "N_inlier": 10, "refit": true}
{"timestamp": "18:59:35.559669", "frame": 105, "mu": [1.6033621091579944, 1.007825336341898, 1.2125020551217762], "Sigma": [[0.002564951485834524, -0.002509893581571007, -0.0015250139199988273], [-0.002509893581571007, 0.00745642373782125, -0.004589185617596123], [-0.001525013919998827, -0.004589185617596123, 0.012527705952578898]], "chi2_level": 0.997, "chi2_df": 3, "chi2_threshold": 13.931422665512084, "N_raw": 30, "N_roi": 30, "N_inlier": 29, "refit": true}
{"timestamp": "18:59:35.724671", "frame": 108, "mu": [1.742773219048289, 1.0164875517423244, 1.3904527756265956], "Sigma": [[0.003901115530630294, -0.002747464904541583, -0.002858882840206552], [-0.002747464904541583, 0.005439115438574515, -0.0010663344462247754], [-0.002858882840206552, -0.001066334446224775, 0.007066427420949115]], "chi2_level": 0.997, "chi2_df": 3, "chi2_threshold": 13.931422665512084, "N_raw": 26, "N_roi": 26, "N_inlier": 24, "refit": true}
{"timestamp": "18:59:35.778368", "frame": 109, "mu": [1.7672303561157545, 1.0647005563538172, 1.4761361638483308], "Sigma": [[0.004097908460788237, -0.0032581029670639525, 0.002769558969700281], [-0.0032581029670639525, 0.0068549494669735995, -0.009049067827460362], [0.002769558969700281, -0.009049067827460362, 0.0329277629162975]], "chi2_level": 0.997, "chi2_df": 3, "chi2_threshold": 13.931422665512084, "N_raw": 19, "N_roi": 19, "N_inlier": 18, "refit": true}
