{"timestamp": "17:43:10.706389", "frame": 16, "mu": [-2.384815997830095, 3.6377987420380444, 0.9522248512440119], "Sigma": [[0.007068987205716168, 0.003005289126189631, -0.007086973243969251], [0.003005289126189631, 0.0027614143648912997, -0.010186328772111184], [-0.007086973243969252, -0.010186328772111184, 0.06618536417546494]], "chi2_level": 0.997, "chi2_df": 3, "chi2_threshold": 13.931422665512084, "N_raw": 57, "N_roi": 28, "N_inlier": 28, "refit": true}
{"timestamp": "17:43:10.815431", "frame": 18, "mu": [-2.3840198076984778, 3.620891910407699, -0.3714390872544514], "Sigma": [[0.0061763129620594865, 0.005984678371120606, 0.020266017581053522], [0.005984678371120606, 0.017006149912321685, 0.039042548057892715], [0.020266017581053522, 0.039042548057892715, 0.1666241250883063]], "chi2_level": 0.997, "chi2_df": 3, "chi2_threshold": 13.931422665512084, "N_raw": 39, "N_roi": 23, "N_inlier": 22, "refit": true}
{"timestamp": "17:43:10.869027", "frame": 19, "mu": [-2.4165224645613494, 3.4399876721351865, 1.1167638256462329], "Sigma": [[0.002592840895483393, 0.0009106153067594345, -0.001192805623881949], [0.0009106153067594345, 0.0035992850518555817, -0.008424029919491413], [-0.001192805623881949, -0.008424029919491413, 0.024480253937661473]], "chi2_level": 0.997, "chi2_df": 3, "chi2_threshold": 13.931422665512084, "N_raw": 33, "N_roi": 15, "N_inlier": 15, "refit": true}
{"timestamp": "17:43:10.924805", "frame": 20, "mu": [-2.3814027580343877, 3.417019564773686, 1.1834240024122427], "Sigma": [[0.005364075427955007, 0.003706442001755797, 0.0012394827592233744], [0.0037064420017557964, 0.008203698162998183, -0.012208342640064198], [0.0012394827592233744, -0.012208342640064198, 0.050817113329448146]], "chi2_level": 0.997, "chi2_df": 3, "chi2_threshold": 13.931422665512084, "N_raw": 39, "N_roi": 20, "N_inlier": 20, "refit": true}
{"timestamp": "17:43:11.033312", "frame": 22, "mu": [-2.3652735690184046, 3.3261012786301727, 1.2207461037791758], "Sigma": [[0.005963099158610103, 0.0035300188680657215, -0.0008236967646982118], [0.0035300188680657215, 0.006261202243394872, -0.005254603934473606], [-0.0008236967646982116, -0.005254603934473606, 0.007148244131917753]], "chi2_level": 0.997, "chi2_df": 3, "chi2_threshold": 13.931422665512084, "N_raw": 22, "N_roi": 18, "N_inlier": 18, "refit": true}
{"timestamp": "17:43:11.086788", "frame": 23, "mu": [-2.4019159752393344, 3.3227087186385247, 1.255391894589641], "Sigma": [[0.007442081291458438, 0.0008956826129181481, 0.005331551264309558], [0.0008956826129181483, 0.00316653895822143, -0.005148370474994512], [0.005331551264309558, -0.005148370474994512, 0.01610841869575067]], "chi2_level": 0.997, "chi2_df": 3, "chi2_threshold": 13.931422665512084, "N_raw": 14, "N_roi": 10, "N_inlier": 10, "refit": true}
{"timestamp": "17:43:11.145996", "frame": 24, "mu": [-2.2829302639355715, 3.3281559979823894, 1.2538841100824378], "Sigma": [[0.015654218742618062, 0.006798751977870722, -0.00935544315611265], [0.006798751977870722, 0.0060522513908933115, -0.007664007643147376], [-0.00935544315611265, -0.007664007643147376, 0.011382894604140954]], "chi2_level": 0.997, "chi2_df": 3, "chi2_threshold": 13.931422665512084, "N_raw": 44, "N_roi": 34, "N_inlier": 34, "refit": true}
{"timestamp": "17:43:11.199399", "frame": 25, "mu": [-2.2222904549344236, 3.2842788258594457, 1.2659310455940977], "Sigma": [[0.007328293372706565, 0.004652826441925035, -0.0006403632193362572], [0.004652826441925034, 0.0062996468112145425, -0.010390386400889776], [-0.000640363219336257, -0.010390386400889776, 0.03035142850548728]], "chi2_level": 0.997, "chi2_df": 3, "chi2_threshold": 13.931422665512084, "N_raw": 24, "N_roi": 15, "N_inlier": 14, "refit": true}
{"timestamp": "17:43:11.253313", "frame": 26, "mu": [-2.1607806650902326, 3.4771202563466868, -0.014893040261180442], "Sigma": [[0.02112914283606598, 0.01873430109110193, -0.008130607639101454], [0.01873430109110193, 0.022966883460400284, -0.010440095459756982], [-0.008130607639101454, -0.010440095459756982, 0.005390913700787803]], "chi2_level": 0.997, "chi2_df": 3, "chi2_threshold": 13.931422665512084, "N_raw": 26, "N_roi": 24, "N_inlier": 23, "refit": true}
{"timestamp": "17:43:11.310891", "frame": 27, "mu": [-2.1703640707756042, 3.3084168797260105, 1.1528100398542254], "Sigma": [[0.01691810150488681, 0.006362867037591851, -0.00965614825113118], [0.006362867037591851, 0.005296134809233127, -0.006294821984775843], [-0.00965614825113118, -0.006294821984775843, 0.009270041205145263]], "chi2_level": 0.997, "chi2_df": 3, "chi2_threshold": 13.931422665512084, "N_raw": 37, "N_roi": 35, "N_inlier": 34, "refit": true}
{"timestamp": "17:43:11.364583", "frame": 28, "mu": [-2.1597935103082606, 3.1947358093086096, 1.0747641533936538], "Sigma": [[0.015876869545948503, 0.009232917105100526, -0.004536843312963955], [0.009232917105100524, 0.008894469380297716, -0.004487722317664856], [-0.004536843312963955, -0.004487722317664857, 0.0038541012025640887]], "chi2_level": 0.997, "chi2_df": 3, "chi2_threshold": 13.931422665512084, "N_raw": 32, "N_roi": 32, "N_inlier": 31, "refit": true}
{"timestamp": "17:43:11.423216", "frame": 29, "mu": [-2.066713490652214, 3.1953463128479207, 1.2016644618911394], "Sigma": [[0.018820752960263483, 0.006468349260318207, -0.014785161565223255], [0.006468349260318208, 0.004690076967419246, -0.012516460455931813], [-0.014785161565223255, -0.012516460455931813, 0.04593926632686608]], "chi2_level": 0.997, "chi2_df": 3, "chi2_threshold": 13.931422665512084, "N_raw": 52, "N_roi": 51, "N_inlier": 51, "refit": true}
{"timestamp": "17:43:11.530253", "frame": 31, "mu": [-1.9523076952411031, 3.125578005109875, 1.0168500864032175], "Sigma": [[0.010019157211308876, 0.003443654950114081, -0.002552563864558407], [0.003443654950114081, 0.004660368960427655, -0.0035072504190287873], [-0.0025525638645584074, -0.0035072504190287877, 0.011964787951446993]], "chi2_level": 0.997, "chi2_df": 3, "chi2_threshold": 13.931422665512084, "N_raw": 32, "N_roi": 32, "N_inlier": 31, "refit": true}
{"timestamp": "17:43:11.589471", "frame": 32, "mu": [-1.9262426469739196, 3.0754133894702242, 1.140476809028387], "Sigma": [[0.02468616844949148, 0.011129859838113147, -0.007291454717428383], [0.011129859838113147, 0.013051215747511927, -0.006354742886224401], [-0.0072914547174283825, -0.006354742886224401, 0.005042690750390779]], "chi2_level": 0.997, "chi2_df": 3, "chi2_threshold": 13.931422665512084, "N_raw": 69, "N_roi": 69, "N_inlier": 68, "refit": true}
{"timestamp": "17:43:11.641307", "frame": 33, "mu": [-1.9005185777315832, 3.049573040763782, 1.1441866474360616], "Sigma": [[0.009719462753216107, 0.003438924982550601, -0.0032326828382488646], [0.0034389249825506002, 0.005742047761923116, -0.005571270283548877], [-0.0032326828382488646, -0.005571270283548878, 0.007073293925846419]], "chi2_level": 0.997, "chi2_df": 3, "chi2_threshold": 13.931422665512084, "N_raw": 40, "N_roi": 40, "N_inlier": 38, "refit": true}
{"timestamp": "17:43:11.696689", "frame": 34, "mu": [-1.8649239287631474, 2.987707138453032, 1.1991263696025667], "Sigma": [[0.01406041641580615, 0.006937317653684013, -0.011426506126560826], [0.006937317653684013, 0.0062316440993339965, -0.011591241938838669], [-0.011426506126560826, -0.01159124193883867, 0.02508887686229299]], "chi2_level": 0.997, "chi2_df": 3, "chi2_threshold": 13.931422665512084, "N_raw": 43, "N_roi": 43, "N_inlier": 42, "refit": true}
{"timestamp": "17:43:11.754579", "frame": 35, "mu": [-1.8605299002375255, 2.9739726158981292, 1.2486570718406267], "Sigma": [[0.021338922009500213, 0.01586583885983138, -0.0123575484333485], [0.01586583885983138, 0.017663759868434596, -0.01517704668995428], [-0.012357548433348502, -0.01517704668995428, 0.016558260911869536]], "chi2_level": 0.997, "chi2_df": 3, "chi2_threshold": 13.931422665512084, "N_raw": 64, "N_roi": 64, "N_inlier": 62, "refit": true}
{"timestamp": "17:43:11.808183", "frame": 36, "mu": [-1.7536590491417097, 2.911727747415081, -0.47575909459574506], "Sigma": [[0.02804469990964463, 0.01583300855025086, 0.07292583350800429], [0.015833008550250865, 0.012525347400934571, 0.041271375193968535], [0.07292583350800429, 0.041271375193968535, 0.46520720643725993]], "chi2_level": 0.997, "chi2_df": 3, "chi2_threshold": 13.931422665512084, "N_raw": 56, "N_roi": 56, "N_inlier": 56, "refit": true}
{"timestamp": "17:43:11.863687", "frame": 37, "mu": [-1.6405524284493413, 2.929442968135734, -0.9277730639922991], "Sigma": [[0.030693697873813444, 0.030367848400433366, -0.0010978879002449767], [0.030367848400433366, 0.03724745248529261, 0.00713912781389008], [-0.0010978879002449772, 0.007139127813890079, 0.06657361813988527]], "chi2_level": 0.997, "chi2_df": 3, "chi2_threshold": 13.931422665512084, "N_raw": 63, "N_roi": 63, "N_inlier": 62, "refit": true}
{"timestamp": "17:43:11.921039", "frame": 38, "mu": [-1.5671330214791594, 2.8665849639042573, 0.8391539379491636], "Sigma": [[0.03218554879540238, 0.009455522457789474, -0.044697229434424605], [0.009455522457789474, 0.0050783172432574695, -0.01869480256486917], [-0.044697229434424605, -0.01869480256486917, 0.08572618403207692]], "chi2_level": 0.997, "chi2_df": 3, "chi2_threshold": 13.931422665512084, "N_raw": 72, "N_roi": 70, "N_inlier": 69, "refit": true}
{"timestamp": "17:43:11.971035", "frame": 39, "mu": [-1.6986434168077966, 2.906563634766477, -0.2052710302825984], "Sigma": [[0.029713424666248996, 0.028320265873295412, -0.04228701959024921], [0.028320265873295412, 0.03261370080200688, -0.04905445110671759], [-0.04228701959024921, -0.04905445110671759, 0.07669263253969155]], "chi2_level": 0.997, "chi2_df": 3, "chi2_threshold": 13.931422665512084, "N_raw": 40, "N_roi": 40, "N_inlier": 40, "refit": true}
{"timestamp": "17:43:12.025154", "frame": 40, "mu": [-1.5840083058633447, 2.8127207370867584, 1.1108498213478695], "Sigma": [[0.011562468748886013, 0.0032669976658988333, -0.012032648413555584], [0.0032669976658988337, 0.0033161166119356333, -0.005332647743158172], [-0.012032648413555586, -0.005332647743158172, 0.01937687230762047]], "chi2_level": 0.997, "chi2_df": 3, "chi2_threshold": 13.931422665512084, "N_raw": 37, "N_roi": 37, "N_inlier": 33, "refit": true}
{"timestamp": "17:43:12.084796", "frame": 41, "mu": [-1.555622417590639, 2.734969317879621, 0.9991036261750332], "Sigma": [[0.020794215137578457, 0.00913208135201087, -0.03743900159289794], [0.00913208135201087, 0.008990995423191683, -0.021916147357787776], [-0.03743900159289794, -0.021916147357787776, 0.07970501729650645]], "chi2_level": 0.997, "chi2_df": 3, "chi2_threshold": 13.931422665512084, "N_raw": 67, "N_roi": 67, "N_inlier": 66, "refit": true}
{"timestamp": "17:43:12.140818", "frame": 42, "mu": [-1.4469371991357756, 2.664091237689205, 0.9097174475397604], "Sigma": [[0.014758251678268662, 0.006678957626478801, -0.019587549351058827], [0.006678957626478801, 0.016055459667478844, -0.017759446684065795], [-0.019587549351058827, -0.017759446684065795, 0.035979328582526324]], "chi2_level": 0.997, "chi2_df": 3, "chi2_threshold": 13.931422665512084, "N_raw": 74, "N_roi": 74, "N_inlier": 71, "refit": true}
{"timestamp": "17:43:12.189513", "frame": 43, "mu": [-1.3500994008722673, 2.6757295031947432, 0.7357723048665336], "Sigma": [[0.011476524451915217, 0.006945430265956379, -0.018665286506115323], [0.006945430265956379, 0.011737393596939656, -0.017384825984241445], [-0.018665286506115323, -0.017384825984241445, 0.040822027915470224]], "chi2_level": 0.997, "chi2_df": 3, "chi2_threshold": 13.931422665512084, "N_raw": 19, "N_roi": 18, "N_inlier": 18, "refit": true}
{"timestamp": "17:43:12.244493", "frame": 44, "mu": [-1.5649233319083549, 2.5217793485552122, 1.3758093470552366], "Sigma": [[0.010566547278865612, 0.0024021268119862526, -0.012212827156280241], [0.0024021268119862526, 0.0038149001050291906, -0.005398488081360621], [-0.012212827156280241, -0.005398488081360623, 0.018042813319705617]], "chi2_level": 0.997, "chi2_df": 3, "chi2_threshold": 13.931422665512084, "N_raw": 34, "N_roi": 34, "N_inlier": 33, "refit": true}
{"timestamp": "17:43:12.303617", "frame": 45, "mu": [-1.438857481761872, 2.5646851963045068, 1.2717523185119084], "Sigma": [[0.014145984009980224, 0.006054672328436088, -0.006639319023809082], [0.006054672328436088, 0.00830408049350423, -0.00591492016855609], [-0.006639319023809082, -0.00591492016855609, 0.00919588227953798]], "chi2_level": 0.997, "chi2_df": 3, "chi2_threshold": 13.931422665512084, "N_raw": 61, "N_roi": 61, "N_inlier": 57, "refit": true}
{"timestamp": "17:43:12.355082", "frame": 46, "mu": [-1.3183518856851286, 2.754495318512868, -0.43461792476574457], "Sigma": [[0.01135803282254953, 0.0077787490451209015, -0.017344517832840363], [0.0077787490451209015, 0.01509273664584457, -0.03208051367493076], [-0.01734451783284036, -0.03208051367493077, 0.07826737565072642]], "chi2_level": 0.997, "chi2_df": 3, "chi2_threshold": 13.931422665512084, "N_raw": 32, "N_roi": 32, "N_inlier": 31, "refit": true}
{"timestamp": "17:43:12.409400", "frame": 47, "mu": [-1.1354100130734601, 2.7807564414137476, -0.4420046143522649], "Sigma": [[0.050522719589696605, 0.03971445476335289, -0.04874897386401782], [0.03971445476335289, 0.034389459867500694, -0.03865529944578826], [-0.04874897386401782, -0.03865529944578826, 0.04793902362287957]], "chi2_level": 0.997, "chi2_df": 3, "chi2_threshold": 13.931422665512084, "N_raw": 30, "N_roi": 30, "N_inlier": 27, "refit": true}
{"timestamp": "17:43:12.466733", "frame": 48, "mu": [-1.3663813824029636, 2.561399434936497, -0.16511517933611652], "Sigma": [[0.01461692986386912, 0.009786955973098392, -0.001849215762546025], [0.009786955973098392, 0.014193218416847243, -0.00887727165924588], [-0.0018492157625460272, -0.00887727165924588, 0.05819806916374974]], "chi2_level": 0.997, "chi2_df": 3, "chi2_threshold": 13.931422665512084, "N_raw": 41, "N_roi": 41, "N_inlier": 38, "refit": true}
{"timestamp": "17:43:12.520278", "frame": 49, "mu": [-1.2976169979359755, 2.414185702754109, 1.2671412962702702], "Sigma": [[0.008034907957723372, 0.0013183321016955944, -0.005552682283192401], [0.0013183321016955946, 0.0017020249439330473, -0.006614399023233998], [-0.005552682283192402, -0.006614399023233997, 0.028687645705053777]], "chi2_level": 0.997, "chi2_df": 3, "chi2_threshold": 13.931422665512084, "N_raw": 29, "N_roi": 29, "N_inlier": 26, "refit": true}
{"timestamp": "17:43:12.576980", "frame": 50, "mu": [-0.9303572433728932, 2.549941458870362, 0.9030242871282554], "Sigma": [[0.024037412938160755, 0.004259577804045105, 0.005168774072869895], [0.004259577804045106, 0.006316627034979683, -0.005940003323855263], [0.005168774072869895, -0.005940003323855263, 0.021964209105665496]], "chi2_level": 0.997, "chi2_df": 3, "chi2_threshold": 13.931422665512084, "N_raw": 49, "N_roi": 49, "N_inlier": 47, "refit": true}
{"timestamp": "17:43:12.631928", "frame": 51, "mu": [-1.0377282771836736, 2.460857655689101, 1.1584676008101853], "Sigma": [[0.011406732335884521, 0.010114811448169999, -0.012535771342849632], [0.010114811448169999, 0.013402222324228979, -0.018587466108030238], [-0.01253577134284963, -0.018587466108030238, 0.03001948773798121]], "chi2_level": 0.997, "chi2_df": 3, "chi2_threshold": 13.931422665512084, "N_raw": 42, "N_roi": 42, "N_inlier": 38, "refit": true}
{"timestamp": "17:43:12.691424", "frame": 52, "mu": [-1.0253720106546718, 2.368933444563187, 1.1035540675387496], "Sigma": [[0.013172211386799368, 0.005814820432895771, -0.011394369465402879], [0.005814820432895771, 0.009208083074585824, -0.009520192105438408], [-0.011394369465402879, -0.009520192105438408, 0.03271395369969953]], "chi2_level": 0.997, "chi2_df": 3, "chi2_threshold": 13.931422665512084, "N_raw": 82, "N_roi": 79, "N_inlier": 79, "refit": true}
{"timestamp": "17:43:12.742487", "frame": 53, "mu": [-0.8935155090015021, 2.3825946392856556, 1.0799178971190733], "Sigma": [[0.01111301848614925, 0.008137495332132823, -0.014897909271959447], [0.008137495332132823, 0.008901492334241855, -0.01701757925559164], [-0.014897909271959449, -0.01701757925559164, 0.042441366991170876]], "chi2_level": 0.997, "chi2_df": 3, "chi2_threshold": 13.931422665512084, "N_raw": 42, "N_roi": 42, "N_inlier": 41, "refit": true}
{"timestamp": "17:43:12.803486", "frame": 54, "mu": [-0.9710981917066249, 2.2399386188736674, 1.1210010164182016], "Sigma": [[0.014626256716837116, 0.0029633883423123017, -0.006765757641934263], [0.0029633883423123013, 0.005213165272983044, -0.008350868595560373], [-0.006765757641934263, -0.008350868595560373, 0.018211064079019353]], "chi2_level": 0.997, "chi2_df": 3, "chi2_threshold": 13.931422665512084, "N_raw": 93, "N_roi": 90, "N_inlier": 85, "refit": true}
{"timestamp": "17:43:12.861548", "frame": 55, "mu": [-0.9041179228492047, 2.265030067404023, 1.2092191776516943], "Sigma": [[0.018244387242367748, 0.0070286049276545946, -0.020328618995176226], [0.007028604927654595, 0.007549610352228154, -0.017083966061281555], [-0.020328618995176226, -0.017083966061281555, 0.047867901717596396]], "chi2_level": 0.997, "chi2_df": 3, "chi2_threshold": 13.931422665512084, "N_raw": 106, "N_roi": 104, "N_inlier": 100, "refit": true}
{"timestamp": "17:43:12.915138", "frame": 56, "mu": [-0.8013835768759869, 2.2516140230612716, 1.043369211118728], "Sigma": [[0.019116684702003717, 0.013064277094319458, -0.011537760503199136], [0.013064277094319458, 0.014622007177095926, -0.01081516637688068], [-0.011537760503199134, -0.01081516637688068, 0.0360185047760208]], "chi2_level": 0.997, "chi2_df": 3, "chi2_threshold": 13.931422665512084, "N_raw": 102, "N_roi": 102, "N_inlier": 98, "refit": true}
{"timestamp": "17:43:12.971495", "frame": 57, "mu": [-0.8081691979982358, 2.2629125332324667, -0.570173894385788], "Sigma": [[0.014382937181459473, 0.016414327702064312, 0.012870008352334261], [0.016414327702064312, 0.030053177027432487, 0.006638221274035733], [0.012870008352334261, 0.0066382212740357304, 0.07909860607468415]], "chi2_level": 0.997, "chi2_df": 3, "chi2_threshold": 13.931422665512084, "N_raw": 104, "N_roi": 104, "N_inlier": 101, "refit": true}
{"timestamp": "17:43:13.027375", "frame": 58, "mu": [-0.7255155949261917, 2.086618631408593, 0.9463977477965132], "Sigma": [[0.02079898557209406, 0.005392411529245212, -0.033160078842563334], [0.005392411529245212, 0.007399915255015601, -0.011964921114356616], [-0.03316007884256334, -0.011964921114356616, 0.07669669679883322]], "chi2_level": 0.997, "chi2_df": 3, "chi2_threshold": 13.931422665512084, "N_raw": 111, "N_roi": 110, "N_inlier": 108, "refit": true}
{"timestamp": "17:43:13.081619", "frame": 59, "mu": [-0.7224159271309211, 2.031949608685027, 1.012511226442387], "Sigma": [[0.015453642792401455, 0.005489074635624631, -0.017992642007599237], [0.005489074635624629, 0.011586037719065563, -0.008966897694940728], [-0.017992642007599237, -0.008966897694940728, 0.02671053382810529]], "chi2_level": 0.997, "chi2_df": 3, "chi2_threshold": 13.931422665512084, "N_raw": 102, "N_roi": 102, "N_inlier": 98, "refit": true}
{"timestamp": "17:43:13.136331", "frame": 60, "mu": [-0.6691412622806834, 2.0606286411171846, -0.19364393889881704], "Sigma": [[0.013655158578241582, -0.001398458888459141, 0.052154320667886396], [-0.001398458888459141, 0.015576287246965255, -0.026623674427051637], [0.052154320667886396, -0.026623674427051637, 0.3855645378347839]], "chi2_level": 0.997, "chi2_df": 3, "chi2_threshold": 13.931422665512084, "N_raw": 104, "N_roi": 104, "N_inlier": 101, "refit": true}
{"timestamp": "17:43:13.191725", "frame": 61, "mu": [-0.6080528896190315, 2.1366752970869913, -0.5444099833978625], "Sigma": [[0.015242540775561756, 0.010433963763702368, -0.021671243436515178], [0.010433963763702368, 0.025494202390035314, -0.028149448237751472], [-0.021671243436515178, -0.028149448237751472, 0.06109095147488021]], "chi2_level": 0.997, "chi2_df": 3, "chi2_threshold": 13.931422665512084, "N_raw": 102, "N_roi": 102, "N_inlier": 99, "refit": true}
{"timestamp": "17:43:13.244363", "frame": 62, "mu": [-0.5561864490578211, 1.9325103172495413, -0.5685787430387639], "Sigma": [[0.01325163252809792, -0.003885665367159177, 0.06569487173394617], [-0.003885665367159177, 0.03298830250961812, -0.024079079360222105], [0.06569487173394617, -0.024079079360222102, 0.4654374343875631]], "chi2_level": 0.997, "chi2_df": 3, "chi2_threshold": 13.931422665512084, "N_raw": 87, "N_roi": 87, "N_inlier": 86, "refit": true}
{"timestamp": "17:43:13.304160", "frame": 63, "mu": [-0.48179763638853756, 2.011006452348084, 0.12495516762410334], "Sigma": [[0.0109865334242435, 0.0002925528512264476, 0.05323759514917204], [0.00029255285122644736, 0.0102298678258821, -0.0017791134106200587], [0.053237595149172035, -0.0017791134106200602, 0.44515974329869834]], "chi2_level": 0.997, "chi2_df": 3, "chi2_threshold": 13.931422665512084, "N_raw": 121, "N_roi": 119, "N_inlier": 116, "refit": true}
{"timestamp": "17:43:13.354346", "frame": 64, "mu": [-0.49842541054769546, 1.9619433105876258, -0.025694382634222437], "Sigma": [[0.008411750654436972, -0.0028891588138494355, 0.041879962644618886], [-0.002889158813849436, 0.01202031957780246, -0.025953708072750162], [0.041879962644618886, -0.025953708072750166, 0.3536645539538505]], "chi2_level": 0.997, "chi2_df": 3, "chi2_threshold": 13.931422665512084, "N_raw": 92, "N_roi": 92, "N_inlier": 90, "refit": true}
{"timestamp": "17:43:13.411137", "frame": 65, "mu": [-0.433182712852445, 2.0347024921300565, -0.42458306938890383], "Sigma": [[0.010877863843578911, 0.00775043045535643, -0.008398311826820333], [0.0077504304553564305, 0.012278331896638277, -0.015213892066483449], [-0.008398311826820333, -0.015213892066483447, 0.027361816242465427]], "chi2_level": 0.997, "chi2_df": 3, "chi2_threshold": 13.931422665512084, "N_raw": 97, "N_roi": 97, "N_inlier": 92, "refit": true}
{"timestamp": "17:43:13.462327", "frame": 66, "mu": [-0.39985520123467133, 1.9076034118375695, -0.4434290036012799], "Sigma": [[0.006372773298223989, 0.004285757395191348, 0.027605454638204793], [0.004285757395191348, 0.01419676055443375, 0.004430948671171249], [0.027605454638204793, 0.004430948671171248, 0.22159621710869123]], "chi2_level": 0.997, "chi2_df": 3, "chi2_threshold": 13.931422665512084, "N_raw": 77, "N_roi": 74, "N_inlier": 71, "refit": true}
{"timestamp": "17:43:13.516070", "frame": 67, "mu": [-0.3719686107971414, 1.829047472391395, 1.1805525779147288], "Sigma": [[0.005429562415700085, 7.279408598317888e-05, -0.002323521495185463], [7.279408598317885e-05, 0.004082734487361165, -0.00042617395114414214], [-0.0023235214951854636, -0.00042617395114414214, 0.03160816262430013]], "chi2_level": 0.997, "chi2_df": 3, "chi2_threshold": 13.931422665512084, "N_raw": 67, "N_roi": 66, "N_inlier": 61, "refit": true}
{"timestamp": "17:43:13.577732", "frame": 68, "mu": [-0.29075903976170014, 1.7696518495343563, 1.2044294644270614], "Sigma": [[0.008633563412488311, 0.001155939770291278, 0.009253782567429243], [0.0011559397702912782, 0.004965365143628582, 0.013019255870593322], [0.009253782567429243, 0.013019255870593322, 0.24941028153451147]], "chi2_level": 0.997, "chi2_df": 3, "chi2_threshold": 13.931422665512084, "N_raw": 111, "N_roi": 111, "N_inlier": 108, "refit": true}
{"timestamp": "17:43:13.639552", "frame": 69, "mu": [-0.18123824095586372, 1.7621112904377811, 1.2399276648174324], "Sigma": [[0.037525947958220215, -6.893423684760673e-05, -0.03725868742450414], [-6.893423684760656e-05, 0.0031434065325917524, -0.0087188280008294], [-0.03725868742450414, -0.0087188280008294, 0.10326396979943661]], "chi2_level": 0.997, "chi2_df": 3, "chi2_threshold": 13.931422665512084, "N_raw": 150, "N_roi": 150, "N_inlier": 144, "refit": true}
{"timestamp": "17:43:13.691133", "frame": 70, "mu": [-0.042367708452027475, 1.7656111009154385, 1.2324177112324481], "Sigma": [[0.027408676148326015, 0.005647789942640499, -0.04169055278406698], [0.005647789942640499, 0.007253328695375581, -0.013808112236480286], [-0.04169055278406698, -0.013808112236480284, 0.0939798918916197]], "chi2_level": 0.997, "chi2_df": 3, "chi2_threshold": 13.931422665512084, "N_raw": 121, "N_roi": 119, "N_inlier": 115, "refit": true}
{"timestamp": "17:43:13.736552", "frame": 71, "mu": [0.09430681406225348, 1.7229598244909892, 0.9798567598058964], "Sigma": [[0.043027201652595576, 0.001595679536911092, -0.036772181968814904], [0.0015956795369110924, 0.006391047758913214, -0.0048086173866392365], [-0.036772181968814904, -0.0048086173866392365, 0.04163986077391811]], "chi2_level": 0.997, "chi2_df": 3, "chi2_threshold": 13.931422665512084, "N_raw": 66, "N_roi": 66, "N_inlier": 62, "refit": true}
{"timestamp": "17:43:13.785930", "frame": 72, "mu": [-0.1044510292732977, 1.6193979538459806, 1.4103527375981926], "Sigma": [[0.008660320337619262, 0.0008635114919726391, 0.010311777047260079], [0.0008635114919726392, 0.0018001123800765687, -0.005708016063505975], [0.010311777047260079, -0.005708016063505975, 0.15096882563251826]], "chi2_level": 0.997, "chi2_df": 3, "chi2_threshold": 13.931422665512084, "N_raw": 36, "N_roi": 36, "N_inlier": 35, "refit": true}
{"timestamp": "17:43:13.848322", "frame": 73, "mu": [-0.09812130634976321, 1.5700474892148444, 1.242147596342746], "Sigma": [[0.006907646193017484, -0.0003370240638307283, -0.0022850313850511046], [-0.00033702406383072825, 0.003901389978919219, 0.005257076380314064], [-0.002285031385051105, 0.0052570763803140635, 0.22601936860454022]], "chi2_level": 0.997, "chi2_df": 3, "chi2_threshold": 13.931422665512084, "N_raw": 90, "N_roi": 90, "N_inlier": 88, "refit": true}
{"timestamp": "17:43:13.910486", "frame": 74, "mu": [-0.07462630648092501, 1.6557944050085063, -0.7005957383596524], "Sigma": [[0.0068594687477494575, 0.003759956917354479, 0.014419267395642964], [0.003759956917354478, 0.032416421651341135, -0.06456180132760458], [0.014419267395642964, -0.06456180132760458, 0.34711208677878275]], "chi2_level": 0.997, "chi2_df": 3, "chi2_threshold": 13.931422665512084, "N_raw": 123, "N_roi": 123, "N_inlier": 121, "refit": true}
{"timestamp": "17:43:13.965349", "frame": 75, "mu": [0.04338918930293757, 1.549024840877576, 1.1302985388741424], "Sigma": [[0.01507682935061526, 0.011379884613392755, -0.003355800008931721], [0.011379884613392755, 0.014167854117888238, -0.005886207270386965], [-0.0033558000089317216, -0.0058862072703869655, 0.0432418280199639]], "chi2_level": 0.997, "chi2_df": 3, "chi2_threshold": 13.931422665512084, "N_raw": 125, "N_roi": 125, "N_inlier": 120, "refit": true}
{"timestamp": "17:43:14.020635", "frame": 76, "mu": [0.025199173779268585, 1.6398743472659163, -0.609118540746995], "Sigma": [[0.009265699251564874, 0.005596439567633972, 0.0012008679432327853], [0.005596439567633973, 0.021221588172572546, -0.06104229570479585], [0.0012008679432327848, -0.06104229570479585, 0.23919474737719312]], "chi2_level": 0.997, "chi2_df": 3, "chi2_threshold": 13.931422665512084, "N_raw": 128, "N_roi": 128, "N_inlier": 127, "refit": true}
{"timestamp": "17:43:14.060873", "frame": 77, "mu": [0.06649658830283674, 1.6743878251358444, -0.6314266059712927], "Sigma": [[0.0037201616411600092, -0.005782755053686171, 0.031187847891660028], [-0.005782755053686171, 0.024995529885606115, -0.09285231488409035], [0.031187847891660028, -0.09285231488409035, 0.40464007000399654]], "chi2_level": 0.997, "chi2_df": 3, "chi2_threshold": 13.931422665512084, "N_raw": 27, "N_roi": 27, "N_inlier": 26, "refit": true}
{"timestamp": "17:43:14.122318", "frame": 78, "mu": [0.11469768606472629, 1.4047085541902586, 1.5866056990139723], "Sigma": [[0.004358332862233909, 0.00013267978448874037, -0.0010351061710667801], [0.00013267978448874032, 0.005455687930898483, -0.0030050822014334438], [-0.0010351061710667801, -0.0030050822014334438, 0.0029450976361626814]], "chi2_level": 0.997, "chi2_df": 3, "chi2_threshold": 13.931422665512084, "N_raw": 80, "N_roi": 76, "N_inlier": 73, "refit": true}
{"timestamp": "17:43:14.180635", "frame": 79, "mu": [0.10445543716065717, 1.3354688376682824, 1.4123920389240794], "Sigma": [[0.009468573712793823, 0.0008171664727572856, 0.002425633355101685], [0.0008171664727572855, 0.002450009192937539, -0.0026315687436699407], [0.002425633355101685, -0.0026315687436699407, 0.08036071471491821]], "chi2_level": 0.997, "chi2_df": 3, "chi2_threshold": 13.931422665512084, "N_raw": 99, "N_roi": 96, "N_inlier": 92, "refit": true}
{"timestamp": "17:43:14.228391", "frame": 80, "mu": [0.11440845580372865, 1.2718197510171836, 1.3431384565070974], "Sigma": [[0.003664391494605663, 0.00023116919116238273, -0.006446923275899963], [0.0002311691911623827, 0.0027476362384833285, -0.008505749241160855], [-0.006446923275899965, -0.008505749241160857, 0.13061296837031175]], "chi2_level": 0.997, "chi2_df": 3, "chi2_threshold": 13.931422665512084, "N_raw": 51, "N_roi": 51, "N_inlier": 50, "refit": true}
{"timestamp": "17:43:14.285081", "frame": 81, "mu": [0.1561116734284241, 1.2563904499962935, 1.2569591726073113], "Sigma": [[0.004242277195028263, 0.000607920745803806, 0.010094165373223682], [0.0006079207458038062, 0.0030644408934931144, 0.0018212447987564612], [0.010094165373223682, 0.0018212447987564608, 0.07687569587416633]], "chi2_level": 0.997, "chi2_df": 3, "chi2_threshold": 13.931422665512084, "N_raw": 66, "N_roi": 66, "N_inlier": 63, "refit": true}
{"timestamp": "17:43:14.341744", "frame": 82, "mu": [0.2097808856756529, 1.2603804364299172, 1.4561645329044288], "Sigma": [[0.003104443293855348, 0.0001548253903047191, -0.0013542278177523413], [0.00015482539030471903, 0.007069554994276995, -0.0028373474010247005], [-0.0013542278177523413, -0.0028373474010247005, 0.0021404457191388495]], "chi2_level": 0.997, "chi2_df": 3, "chi2_threshold": 13.931422665512084, "N_raw": 75, "N_roi": 75, "N_inlier": 72, "refit": true}
{"timestamp": "17:43:14.395823", "frame": 83, "mu": [0.2639588692355691, 1.3113908819158455, -0.37529797341606724], "Sigma": [[0.003922485911005413, 0.003288148735752284, 0.0027996620383280916], [0.003288148735752284, 0.008579939957384554, 0.002511243611025293], [0.0027996620383280916, 0.0025112436110252927, 0.015179159673909233]], "chi2_level": 0.997, "chi2_df": 3, "chi2_threshold": 13.931422665512084, "N_raw": 70, "N_roi": 70, "N_inlier": 66, "refit": true}
{"timestamp": "17:43:14.451032", "frame": 84, "mu": [0.29545605075535863, 1.1958479385992422, 1.3388871314975972], "Sigma": [[0.007734934536262522, 0.004196397074863047, -0.0007424896137663989], [0.004196397074863047, 0.0074426031743728945, 0.0002326632199130983], [-0.0007424896137663989, 0.00023266321991309826, 0.001948572487453716]], "chi2_level": 0.997, "chi2_df": 3, "chi2_threshold": 13.931422665512084, "N_raw": 72, "N_roi": 72, "N_inlier": 68, "refit": true}
{"timestamp": "17:43:14.505375", "frame": 85, "mu": [0.3697558932237838, 1.1480760223049329, 1.333262967813459], "Sigma": [[0.005415014269472875, 0.0037612839659334615, 0.0001829248546281585], [0.0037612839659334615, 0.006037904191821166, -0.0015600433139280993], [0.0001829248546281586, -0.0015600433139280993, 0.002252166258391635]], "chi2_level": 0.997, "chi2_df": 3, "chi2_threshold": 13.931422665512084, "N_raw": 74, "N_roi": 74, "N_inlier": 70, "refit": true}
{"timestamp": "17:43:14.562197", "frame": 86, "mu": [0.3878068169024655, 1.1190562762074494, 1.3515123039873151], "Sigma": [[0.006338258933562223, 0.004604139923181537, -0.0012937059821997946], [0.004604139923181537, 0.008730424385316125, -0.001375538264224565], [-0.0012937059821997944, -0.001375538264224565, 0.000483158586921995]], "chi2_level": 0.997, "chi2_df": 3, "chi2_threshold": 13.931422665512084, "N_raw": 79, "N_roi": 79, "N_inlier": 75, "refit": true}
{"timestamp": "17:43:14.613281", "frame": 87, "mu": [0.4547592529782598, 1.1079944627924374, 1.3782634645237943], "Sigma": [[0.004878121268588093, 0.001991805422307726, -0.001029913815865886], [0.001991805422307726, 0.0049221151361796564, 0.0003012652648032939], [-0.0010299138158658858, 0.0003012652648032939, 0.0006570322496255537]], "chi2_level": 0.997, "chi2_df": 3, "chi2_threshold": 13.931422665512084, "N_raw": 51, "N_roi": 51, "N_inlier": 49, "refit": true}
{"timestamp": "17:43:14.663594", "frame": 88, "mu": [0.523323940662628, 1.1644120408018126, -0.20128339944210522], "Sigma": [[0.0015055408012934555, 0.0004865220725433424, 0.0015026030207988899], [0.00048652207254334246, 0.003171692453727059, -0.0009394364026789205], [0.0015026030207988899, -0.0009394364026789206, 0.0033490624569962003]], "chi2_level": 0.997, "chi2_df": 3, "chi2_threshold": 13.931422665512084, "N_raw": 24, "N_roi": 24, "N_inlier": 24, "refit": true}
{"timestamp": "17:43:14.724004", "frame": 89, "mu": [0.5828582146302824, 1.0387993702397873, 1.5128113327048935], "Sigma": [[0.004169447189423614, 0.0006007960905925066, 0.0008351017744720698], [0.0006007960905925064, 0.004069830602816268, -0.002046439565577962], [0.0008351017744720698, -0.0020464395655779614, 0.002140455625909944]], "chi2_level": 0.997, "chi2_df": 3, "chi2_threshold": 13.931422665512084, "N_raw": 66, "N_roi": 66, "N_inlier": 64, "refit": true}
{"timestamp": "17:43:14.776552", "frame": 90, "mu": [0.6200132968649542, 1.0297776857531318, -0.37386074377913153], "Sigma": [[0.0023790860126295292, 0.0013359392154312694, 0.003151885369879203], [0.0013359392154312694, 0.0026752141417772735, 0.004892735886614724], [0.003151885369879203, 0.004892735886614724, 0.07114581213563258]], "chi2_level": 0.997, "chi2_df": 3, "chi2_threshold": 13.931422665512084, "N_raw": 40, "N_roi": 39, "N_inlier": 37, "refit": true}
{"timestamp": "17:43:14.834372", "frame": 91, "mu": [0.6526280597071671, 0.977550023946647, 1.4796100475443457], "Sigma": [[0.003884453190539138, 0.000876768862242629, -0.00048348512753862937], [0.000876768862242629, 0.0035141093344556334, -0.0014608554428105396], [-0.0004834851275386293, -0.0014608554428105398, 0.0022367645257159344]], "chi2_level": 0.997, "chi2_df": 3, "chi2_threshold": 13.931422665512084, "N_raw": 56, "N_roi": 54, "N_inlier": 53, "refit": true}
{"timestamp": "17:43:14.941160", "frame": 93, "mu": [0.7020624713751715, 0.8999356031685487, 1.346557192646706], "Sigma": [[0.0026818034986731184, 0.0010484244144407292, -0.0007478409625368656], [0.0010484244144407292, 0.005942643109757543, 0.0009567255498931566], [-0.0007478409625368656, 0.0009567255498931566, 0.001112423357260895]], "chi2_level": 0.997, "chi2_df": 3, "chi2_threshold": 13.931422665512084, "N_raw": 35, "N_roi": 35, "N_inlier": 34, "refit": true}
{"timestamp": "17:43:14.998147", "frame": 94, "mu": [0.7178726940648081, 0.9169821709011756, 1.6064052222870437], "Sigma": [[0.0028010975288230554, 0.00017333951751848217, -0.0023826774250494806], [0.00017333951751848214, 0.003166902149219728, -0.0026240630953025257], [-0.0023826774250494806, -0.0026240630953025252, 0.00531987910842375]], "chi2_level": 0.997, "chi2_df": 3, "chi2_threshold": 13.931422665512084, "N_raw": 49, "N_roi": 49, "N_inlier": 48, "refit": true}
{"timestamp": "17:43:15.051884", "frame": 95, "mu": [0.7668903035825512, 0.7437180821314346, 1.4347646220475183], "Sigma": [[0.0024141478286496564, 0.00041236831358934566, -0.0009595548488566786], [0.00041236831358934577, 0.0019169990109955328, 0.0020418545947113185], [-0.0009595548488566785, 0.0020418545947113185, 0.017334687111815045]], "chi2_level": 0.997, "chi2_df": 3, "chi2_threshold": 13.931422665512084, "N_raw": 42, "N_roi": 42, "N_inlier": 40, "refit": true}
{"timestamp": "17:43:15.103601", "frame": 96, "mu": [0.7639411786889031, 0.766326429656713, 1.1487788759564963], "Sigma": [[0.0011033129254729257, 0.001549435709722827, 0.005570719733662906], [0.0015494357097228268, 0.008456376513134125, -0.019064548289966902], [0.0055707197336629065, -0.0190645482899669, 0.2739941951194696]], "chi2_level": 0.997, "chi2_df": 3, "chi2_threshold": 13.931422665512084, "N_raw": 20, "N_roi": 18, "N_inlier": 18, "refit": true}
{"timestamp": "17:43:15.267253", "frame": 99, "mu": [0.8698736485136125, 0.674658864426205, 1.2675592368417838], "Sigma": [[0.0027411753727632827, 0.0023404854676805126, -0.0047088588521694025], [0.002340485467680512, 0.009818171521693597, -0.036485220276551274], [-0.004708858852169403, -0.036485220276551274, 0.2024118259822797]], "chi2_level": 0.997, "chi2_df": 3, "chi2_threshold": 13.931422665512084, "N_raw": 15, "N_roi": 15, "N_inlier": 13, "refit": true}
{"timestamp": "17:43:15.458741", "frame": 100, "mu": [0.8855691187365893, 0.660524209290581, 1.4324678669067314], "Sigma": [[0.0020504635594199893, 0.001632362682868326, 0.00037455635219002135], [0.001632362682868326, 0.00588170111653674, 0.00023390681996483955], [0.00037455635219002135, 0.00023390681996483958, 0.00019416658618118116]], "chi2_level": 0.997, "chi2_df": 3, "chi2_threshold": 13.931422665512084, "N_raw": 13, "N_roi": 13, "N_inlier": 13, "refit": true}
{"timestamp": "17:43:15.493960", "frame": 101, "mu": [1.0222073024919354, 0.5593007536418606, 1.4057456495029734], "Sigma": [[0.0034406671882846584, 4.660830424406482e-05, -0.008226515133037338], [4.660830424406485e-05, 0.0013867359429513442, -0.0014708754147898652], [-0.008226515133037338, -0.001470875414789864, 0.22187119220593862]], "chi2_level": 0.997, "chi2_df": 3, "chi2_threshold": 13.931422665512084, "N_raw": 15, "N_roi": 15, "N_inlier": 14, "refit": true}
{"timestamp": "17:43:15.588354", "frame": 104, "mu": [1.0786836883277506, 0.6268401399591242, -0.3902776589884359], "Sigma": [[0.002993556521247826, -0.002271471140860594, 0.0023025026001279245], [-0.002271471140860594, 0.007665099148926906, -0.00916658233119371], [0.0023025026001279245, -0.00916658233119371, 0.021480225855078375]], "chi2_level": 0.997, "chi2_df": 3, "chi2_threshold": 13.931422665512084, "N_raw": 28, "N_roi": 28, "N_inlier": 26, "refit": true}
