{"timestamp": "18:44:16.599357", "frame": 24, "mu": [-2.3350068750599053, 1.0687024277549038, 1.0782554433578146], "Sigma": [[0.005417970253333226, 0.007192198616209357, -0.004147119293811927], [0.007192198616209358, 0.01393751961389395, -0.008052843011975591], [-0.004147119293811927, -0.008052843011975591, 0.006501650210682]], "chi2_level": 0.997, "chi2_df": 3, "chi2_threshold": 13.931422665512084, "N_raw": 21, "N_roi": 21, "N_inlier": 21, "refit": true}
{"timestamp": "18:44:16.653928", "frame": 25, "mu": [-2.3565356752011475, 1.213193748436668, 1.1689348690333299], "Sigma": [[0.004388168906483127, 0.0038742128505310537, -0.0026160795304881563], [0.0038742128505310533, 0.005392072526747944, -0.004704817994373437], [-0.0026160795304881563, -0.004704817994373437, 0.007097963374779162]], "chi2_level": 0.997, "chi2_df": 3, "chi2_threshold": 13.931422665512084, "N_raw": 18, "N_roi": 17, "N_inlier": 17, "refit": true}
{"timestamp": "18:44:16.710224", "frame": 26, "mu": [-2.322753321399474, 1.0391749723426713, 1.0939631744147267], "Sigma": [[0.0060130286161632915, 0.006540907055777252, -0.00507568207837235], [0.006540907055777252, 0.012915249986166642, -0.007521080795243614], [-0.00507568207837235, -0.0075210807952436134, 0.006192144606535984]], "chi2_level": 0.997, "chi2_df": 3, "chi2_threshold": 13.931422665512084, "N_raw": 24, "N_roi": 22, "N_inlier": 22, "refit": true}
{"timestamp": "18:44:16.766056", "frame": 27, "mu": [-2.3271103354002336, 1.0340038865687813, 0.9665103149558346], "Sigma": [[0.006550577406814507, 0.010106447319579324, 0.003766853187752753], [0.010106447319579324, 0.017056324576289826, 0.009468492716759095], [0.003766853187752753, 0.009468492716759095, 0.03260148629097725]], "chi2_level": 0.997, "chi2_df": 3, "chi2_threshold": 13.931422665512084, "N_raw": 29, "N_roi": 20, "N_inlier": 20, "refit": true}
{"timestamp": "18:44:16.823527", "frame": 28, "mu": [-2.3641180025251094, 1.1433020371373521, 1.0856196918700844], "Sigma": [[0.00684876858877873, 0.007360637156462709, -0.0016871419603109866], [0.007360637156462711, 0.013797655403504396, -0.010383631096025333], [-0.0016871419603109864, -0.010383631096025334, 0.015123197330923108]], "chi2_level": 0.997, "chi2_df": 3, "chi2_threshold": 13.931422665512084, "N_raw": 53, "N_roi": 45, "N_inlier": 42, "refit": true}
{"timestamp": "18:44:16.879516", "frame": 29, "mu": [-2.3410753791144696, 1.1241175526393423, 1.0407717562763077], "Sigma": [[0.009058763449264701, 0.008689897960406841, -0.0016165420139828172], [0.00868989796040684, 0.011410922085890892, -0.006290085011283872], [-0.0016165420139828174, -0.006290085011283872, 0.026405506355035302]], "chi2_level": 0.997, "chi2_df": 3, "chi2_threshold": 13.931422665512084, "N_raw": 55, "N_roi": 48, "N_inlier": 48, "refit": true}
{"timestamp": "18:44:16.934594", "frame": 30, "mu": [-2.3240260868979745, 1.0204041324687971, 0.9186581682654059], "Sigma": [[0.008446776279872548, 0.008670416365277333, -0.0029806369369250138], [0.008670416365277333, 0.013927131276057337, -0.007305875625831853], [-0.0029806369369250133, -0.007305875625831853, 0.00682058090877305]], "chi2_level": 0.997, "chi2_df": 3, "chi2_threshold": 13.931422665512084, "N_raw": 40, "N_roi": 35, "N_inlier": 35, "refit": true}
{"timestamp": "18:44:16.992504", "frame": 31, "mu": [-2.277180702802303, 1.0898190854230578, 0.9633154381005785], "Sigma": [[0.012628794509532743, 0.010024878048385723, -0.002383375703916348], [0.010024878048385723, 0.015375367445911834, -0.007362020688742264], [-0.002383375703916348, -0.007362020688742264, 0.008837213763934525]], "chi2_level": 0.997, "chi2_df": 3, "chi2_threshold": 13.931422665512084, "N_raw": 56, "N_roi": 55, "N_inlier": 53, "refit": true}
{"timestamp": "18:44:17.041915", "frame": 32, "mu": [-2.236962816785188, 1.2876840042527276, 1.154159998067662], "Sigma": [[0.003932069535672419, 0.0026323105726223147, -0.0035893114982765957], [0.0026323105726223147, 0.008333134161501169, -0.004471035104382522], [-0.0035893114982765957, -0.004471035104382522, 0.004822732182361117]], "chi2_level": 0.997, "chi2_df": 3, "chi2_threshold": 13.931422665512084, "N_raw": 22, "N_roi": 22, "N_inlier": 22, "refit": true}
{"timestamp": "18:44:17.095426", "frame": 33, "mu": [-2.1580073012479355, 1.2865552714734199, 1.2230246912688942], "Sigma": [[0.002579771169454557, 0.0018097761897031685, -0.002650069618696905], [0.0018097761897031685, 0.003119163094463496, -0.003885536691866586], [-0.0026500696186969055, -0.0038855366918665855, 0.006124816809983536]], "chi2_level": 0.997, "chi2_df": 3, "chi2_threshold": 13.931422665512084, "N_raw": 13, "N_roi": 13, "N_inlier": 13, "refit": true}
{"timestamp": "18:44:17.153063", "frame": 34, "mu": [-2.1381948922297904, 1.3001733248385452, 1.1240623725956291], "Sigma": [[0.008515166220179905, 0.002737794705733918, -0.0011635889815851392], [0.0027377947057339188, 0.004520379922332263, -0.0037267116096031516], [-0.0011635889815851392, -0.0037267116096031507, 0.004393229465028129]], "chi2_level": 0.997, "chi2_df": 3, "chi2_threshold": 13.931422665512084, "N_raw": 29, "N_roi": 29, "N_inlier": 29, "refit": true}
{"timestamp": "18:44:17.207588", "frame": 35, "mu": [-2.185487021950677, 1.4555875332781512, 1.3801029358141652], "Sigma": [[0.007540951918838856, 0.0043399927182860565, -0.006167200963173353], [0.004339992718286055, 0.005051324713878736, -0.00787259268000541], [-0.006167200963173352, -0.00787259268000541, 0.024476349581022874]], "chi2_level": 0.997, "chi2_df": 3, "chi2_threshold": 13.931422665512084, "N_raw": 28, "N_roi": 28, "N_inlier": 27, "refit": true}
{"timestamp": "18:44:17.261288", "frame": 36, "mu": [-2.1131957795141134, 1.4708395881179728, 1.0862939299915897], "Sigma": [[0.01094310974739286, 0.006684740562988343, -0.008944785229903942], [0.006684740562988343, 0.005997459522853234, -0.006511995230825812], [-0.008944785229903942, -0.006511995230825812, 0.009066848241369383]], "chi2_level": 0.997, "chi2_df": 3, "chi2_threshold": 13.931422665512084, "N_raw": 16, "N_roi": 16, "N_inlier": 16, "refit": true}
{"timestamp": "18:44:17.317240", "frame": 37, "mu": [-2.081067416169334, 1.5584125465500767, 1.338900965933063], "Sigma": [[0.01174858752879972, 0.006417678528835787, -0.007903367559656016], [0.006417678528835787, 0.008363993037808111, -0.00746817305779612], [-0.007903367559656016, -0.00746817305779612, 0.0098139423951945]], "chi2_level": 0.997, "chi2_df": 3, "chi2_threshold": 13.931422665512084, "N_raw": 23, "N_roi": 23, "N_inlier": 23, "refit": true}
{"timestamp": "18:44:17.374219", "frame": 38, "mu": [-2.0858839443777257, 1.5065897986834633, 1.3119936165335235], "Sigma": [[0.013501541560305563, 0.009299480622325069, -0.010821761200060296], [0.00929948062232507, 0.012675077671515203, -0.01440561860359312], [-0.010821761200060296, -0.01440561860359312, 0.023512562016973233]], "chi2_level": 0.997, "chi2_df": 3, "chi2_threshold": 13.931422665512084, "N_raw": 39, "N_roi": 39, "N_inlier": 39, "refit": true}
{"timestamp": "18:44:17.426008", "frame": 39, "mu": [-2.013978539778111, 1.6360766601997525, 1.5887551763151715], "Sigma": [[0.03570197148745006, 0.014918339512663501, -0.04698549958970266], [0.014918339512663501, 0.017662793054316873, -0.012185837522114058], [-0.04698549958970266, -0.012185837522114055, 0.07569090436781048]], "chi2_level": 0.997, "chi2_df": 3, "chi2_threshold": 13.931422665512084, "N_raw": 12, "N_roi": 12, "N_inlier": 12, "refit": true}
{"timestamp": "18:44:17.483901", "frame": 40, "mu": [-1.9995789220811802, 1.6315681710404153, 1.637808095285315], "Sigma": [[0.013629854874264494, 0.008657302596320814, -0.014987894786571199], [0.008657302596320814, 0.015779256172502493, -0.009032667029979322], [-0.014987894786571199, -0.009032667029979322, 0.023039623310010183]], "chi2_level": 0.997, "chi2_df": 3, "chi2_threshold": 13.931422665512084, "N_raw": 34, "N_roi": 34, "N_inlier": 32, "refit": true}
{"timestamp": "18:44:17.547237", "frame": 41, "mu": [-1.9490176327594857, 1.7203620513324083, 1.7055797407023279], "Sigma": [[0.033625131530515356, 0.01668171370586237, -0.03378770398730092], [0.01668171370586237, 0.01561371359041002, -0.017099647023935537], [-0.03378770398730091, -0.017099647023935537, 0.04776702170428768]], "chi2_level": 0.997, "chi2_df": 3, "chi2_threshold": 13.931422665512084, "N_raw": 83, "N_roi": 83, "N_inlier": 80, "refit": true}
{"timestamp": "18:44:17.600237", "frame": 42, "mu": [-1.86466145362586, 1.8179936359335305, -0.07848989914639598], "Sigma": [[0.03335110611881757, 0.025681586823916254, 0.002058627265266238], [0.025681586823916254, 0.02727692027738178, 0.007697752124621839], [0.0020586272652662377, 0.007697752124621839, 0.030404453781199377]], "chi2_level": 0.997, "chi2_df": 3, "chi2_threshold": 13.931422665512084, "N_raw": 70, "N_roi": 70, "N_inlier": 69, "refit": true}
{"timestamp": "18:44:17.653716", "frame": 43, "mu": [-1.862657108541456, 1.8951952220599622, -0.07460873485088725], "Sigma": [[0.042189171253939686, 0.033257478073682165, 0.013199556029546193], [0.033257478073682165, 0.03150748433598155, 0.011403532791537545], [0.013199556029546191, 0.011403532791537545, 0.026546365735097176]], "chi2_level": 0.997, "chi2_df": 3, "chi2_threshold": 13.931422665512084, "N_raw": 69, "N_roi": 69, "N_inlier": 68, "refit": true}
{"timestamp": "18:44:17.703820", "frame": 44, "mu": [-1.7052421660757382, 2.1002600808732605, 1.5322699707031984], "Sigma": [[0.008959813526767757, 0.003661674804571167, -0.010648642589753482], [0.003661674804571167, 0.003186569247927285, -0.007891679543979797], [-0.010648642589753482, -0.007891679543979797, 0.02953515699186711]], "chi2_level": 0.997, "chi2_df": 3, "chi2_threshold": 13.931422665512084, "N_raw": 32, "N_roi": 32, "N_inlier": 28, "refit": true}
{"timestamp": "18:44:17.759260", "frame": 45, "mu": [-1.6085902537469288, 2.125886051865908, 1.4583406794484182], "Sigma": [[0.008779242871706226, 0.0038214039244475195, 0.0032869785472226273], [0.00382140392444752, 0.004048721253699629, 0.0017640728855285483], [0.0032869785472226286, 0.0017640728855285474, 0.2808441015491796]], "chi2_level": 0.997, "chi2_df": 3, "chi2_threshold": 13.931422665512084, "N_raw": 35, "N_roi": 33, "N_inlier": 32, "refit": true}
{"timestamp": "18:44:17.871079", "frame": 47, "mu": [-1.4307529330361974, 2.2691525613110697, 1.3002098477910178], "Sigma": [[0.010645216461452528, 0.0035123761450030684, -0.03215935671202691], [0.0035123761450030684, 0.011068001922228437, -0.03878758152093245], [-0.03215935671202691, -0.03878758152093245, 0.2182043803243554]], "chi2_level": 0.997, "chi2_df": 3, "chi2_threshold": 13.931422665512084, "N_raw": 48, "N_roi": 45, "N_inlier": 44, "refit": true}
{"timestamp": "18:44:17.982914", "frame": 49, "mu": [-1.2746168023693911, 2.311341137486714, 1.2836592904890054], "Sigma": [[0.014113192073345746, -0.0010267816845312137, -0.01865859079407234], [-0.0010267816845312139, 0.0044710245548420435, -0.0013984029586660276], [-0.01865859079407234, -0.0013984029586660276, 0.027402678549224645]], "chi2_level": 0.997, "chi2_df": 3, "chi2_threshold": 13.931422665512084, "N_raw": 59, "N_roi": 59, "N_inlier": 56, "refit": true}
{"timestamp": "18:44:18.035474", "frame": 50, "mu": [-1.2541923826679886, 2.4213880203191946, 1.4220564647748881], "Sigma": [[0.012417112928471115, 0.003389912032371226, -0.034577182021961306], [0.003389912032371225, 0.008940422904294764, -0.009304593554875812], [-0.034577182021961306, -0.009304593554875812, 0.13902610242824048]], "chi2_level": 0.997, "chi2_df": 3, "chi2_threshold": 13.931422665512084, "N_raw": 40, "N_roi": 40, "N_inlier": 39, "refit": true}
{"timestamp": "18:44:18.094785", "frame": 51, "mu": [-1.2797129144929649, 2.4669701298592575, 1.1159650828735377], "Sigma": [[0.032246184440492584, -0.0029522778270770315, 0.04597923774334017], [-0.002952277827077031, 0.003881636774155827, -0.0027778965633112624], [0.04597923774334017, -0.0027778965633112624, 0.20510732381218502]], "chi2_level": 0.997, "chi2_df": 3, "chi2_threshold": 13.931422665512084, "N_raw": 70, "N_roi": 70, "N_inlier": 70, "refit": true}
{"timestamp": "18:44:18.147674", "frame": 52, "mu": [-1.1619771906468463, 2.544283430175538, 1.243282454985001], "Sigma": [[0.021748404541182823, -0.0020998778860158007, 0.03160523323368401], [-0.0020998778860158002, 0.003979494595464937, -6.1718516101972026e-06], [0.03160523323368401, -6.171851610197094e-06, 0.21990036361096707]], "chi2_level": 0.997, "chi2_df": 3, "chi2_threshold": 13.931422665512084, "N_raw": 56, "N_roi": 55, "N_inlier": 55, "refit": true}
{"timestamp": "18:44:18.202768", "frame": 53, "mu": [-1.064693962086596, 2.6033722341390635, 1.1944987997856382], "Sigma": [[0.01568143279150707, -0.002309328352399256, 0.026107704732040472], [-0.002309328352399256, 0.0028247459269631434, -0.013044442757249678], [0.026107704732040472, -0.013044442757249678, 0.1617811403316232]], "chi2_level": 0.997, "chi2_df": 3, "chi2_threshold": 13.931422665512084, "N_raw": 49, "N_roi": 49, "N_inlier": 49, "refit": true}
{"timestamp": "18:44:18.259603", "frame": 54, "mu": [-1.024434088349757, 2.69530252513531, 1.0816232556975662], "Sigma": [[0.0195032260963243, -0.004595683271751435, 0.02293444932879559], [-0.004595683271751435, 0.004292204681103609, -0.021401268676575363], [0.02293444932879559, -0.021401268676575363, 0.1285595264438302]], "chi2_level": 0.997, "chi2_df": 3, "chi2_threshold": 13.931422665512084, "N_raw": 70, "N_roi": 70, "N_inlier": 68, "refit": true}
{"timestamp": "18:44:18.311284", "frame": 55, "mu": [-0.9293860478897517, 2.705805155495538, 1.3821604166721173], "Sigma": [[0.007804760022023586, -0.00012131280619170285, -0.008161394684790352], [-0.00012131280619170285, 0.002793327201559275, -0.004294423774912931], [-0.008161394684790352, -0.004294423774912931, 0.024053476626553515]], "chi2_level": 0.997, "chi2_df": 3, "chi2_threshold": 13.931422665512084, "N_raw": 45, "N_roi": 43, "N_inlier": 42, "refit": true}
{"timestamp": "18:44:18.362925", "frame": 56, "mu": [-0.8532906171258205, 2.7907730926522594, 0.9291406243855219], "Sigma": [[0.0039211194499617855, -0.0012252238074265814, 0.010713813401518401], [-0.0012252238074265814, 0.006342291530698788, -0.027986684860103975], [0.010713813401518401, -0.02798668486010398, 0.19823260007023413]], "chi2_level": 0.997, "chi2_df": 3, "chi2_threshold": 13.931422665512084, "N_raw": 18, "N_roi": 18, "N_inlier": 18, "refit": true}
{"timestamp": "18:44:18.423494", "frame": 57, "mu": [-0.8437116337111366, 2.8485388071549216, 1.4086891828081658], "Sigma": [[0.012670196931062251, -0.0004323718353833975, -0.0023124318072356657], [-0.0004323718353833976, 0.004342170468403223, -0.008206292360177201], [-0.0023124318072356652, -0.008206292360177203, 0.024408596136405242]], "chi2_level": 0.997, "chi2_df": 3, "chi2_threshold": 13.931422665512084, "N_raw": 69, "N_roi": 69, "N_inlier": 65, "refit": true}
{"timestamp": "18:44:18.481191", "frame": 58, "mu": [-0.7937216961071408, 2.930925919608971, 0.2296444632015578], "Sigma": [[0.013289338655297666, 0.0013001729230158036, -0.00493727826404226], [0.0013001729230158032, 0.009277430976983608, -0.0077406192547388305], [-0.00493727826404226, -0.007740619254738829, 0.016325190135292524]], "chi2_level": 0.997, "chi2_df": 3, "chi2_threshold": 13.931422665512084, "N_raw": 76, "N_roi": 72, "N_inlier": 67, "refit": true}
{"timestamp": "18:44:18.539886", "frame": 59, "mu": [-0.7821940777850342, 3.0046131711763433, 1.1565934037758203], "Sigma": [[0.01895302520553282, -0.001753988675414417, -0.01657762069276696], [-0.0017539886754144175, 0.007450758503474813, -0.022556868187893854], [-0.016577620692766956, -0.022556868187893857, 0.18014032747500522]], "chi2_level": 0.997, "chi2_df": 3, "chi2_threshold": 13.931422665512084, "N_raw": 100, "N_roi": 100, "N_inlier": 99, "refit": true}
{"timestamp": "18:44:18.600840", "frame": 60, "mu": [-0.7670785161021164, 3.1121976392876163, 1.0407910584217581], "Sigma": [[0.028718713736709523, -0.007913645428456595, -0.011138716476361527], [-0.007913645428456595, 0.010928771353738397, -0.02968179297630248], [-0.011138716476361527, -0.02968179297630248, 0.30365008640104646]], "chi2_level": 0.997, "chi2_df": 3, "chi2_threshold": 13.931422665512084, "N_raw": 138, "N_roi": 136, "N_inlier": 135, "refit": true}
{"timestamp": "18:44:18.647408", "frame": 61, "mu": [-0.6621568340665085, 3.3603367981853713, -0.20826097917827768], "Sigma": [[0.018215761720650578, 0.008720180265209779, -0.021239023543120385], [0.008720180265209779, 0.04575696983054449, -0.1196522786915008], [-0.021239023543120385, -0.1196522786915008, 0.36398572181369143]], "chi2_level": 0.997, "chi2_df": 3, "chi2_threshold": 13.931422665512084, "N_raw": 81, "N_roi": 79, "N_inlier": 78, "refit": true}
{"timestamp": "18:44:18.692653", "frame": 62, "mu": [-0.6335896297623702, 3.215358453017475, 1.0705992858219233], "Sigma": [[0.005217296965109499, -0.004554129560476545, 0.0118030402143808], [-0.004554129560476545, 0.012040377217255647, -0.046299658765767034], [0.0118030402143808, -0.04629965876576704, 0.3189688777546751]], "chi2_level": 0.997, "chi2_df": 3, "chi2_threshold": 13.931422665512084, "N_raw": 17, "N_roi": 14, "N_inlier": 14, "refit": true}
{"timestamp": "18:44:18.748635", "frame": 63, "mu": [-0.5123598535723486, 3.323189795899797, 0.32987101301131566], "Sigma": [[0.01428043249457737, -0.00012622105476487624, 0.00217999347148133], [-0.00012622105476487589, 0.00405394448119942, -0.02569585588456605], [0.00217999347148133, -0.02569585588456605, 0.26957733732997563]], "chi2_level": 0.997, "chi2_df": 3, "chi2_threshold": 13.931422665512084, "N_raw": 35, "N_roi": 34, "N_inlier": 33, "refit": true}
{"timestamp": "18:44:18.806140", "frame": 64, "mu": [-0.45235172265362816, 3.277533946909111, 1.377577263638729], "Sigma": [[0.010747926404838248, 4.685826080132703e-05, -0.013472875408232225], [4.6858260801327004e-05, 0.005330689550870079, -0.021989393534299122], [-0.013472875408232226, -0.021989393534299122, 0.14245798797079878]], "chi2_level": 0.997, "chi2_df": 3, "chi2_threshold": 13.931422665512084, "N_raw": 47, "N_roi": 44, "N_inlier": 43, "refit": true}
{"timestamp": "18:44:18.856384", "frame": 65, "mu": [-0.41211987102421604, 3.4473208959174895, 0.6690352794137016], "Sigma": [[0.0022451944271616414, -0.0030458749387529565, 0.011485198642379544], [-0.0030458749387529565, 0.01818473100642492, -0.053810672421763545], [0.011485198642379544, -0.053810672421763545, 0.3285127200879457]], "chi2_level": 0.997, "chi2_df": 3, "chi2_threshold": 13.931422665512084, "N_raw": 13, "N_roi": 13, "N_inlier": 13, "refit": true}
{"timestamp": "18:44:18.918039", "frame": 66, "mu": [-0.3013379151361414, 3.370688745381184, 1.3651230697413816], "Sigma": [[0.02193776510358156, -0.006595943694317791, -0.014340252273848978], [-0.006595943694317791, 0.008036944129841213, 0.00261531792342161], [-0.01434025227384898, 0.00261531792342161, 0.027624128195024737]], "chi2_level": 0.997, "chi2_df": 3, "chi2_threshold": 13.931422665512084, "N_raw": 60, "N_roi": 59, "N_inlier": 55, "refit": true}
{"timestamp": "18:44:18.976384", "frame": 67, "mu": [-0.3011845010699892, 3.521692216776634, 0.12475094289743946], "Sigma": [[0.036064955522225745, -0.02490308850815915, 0.056326996943452154], [-0.02490308850815915, 0.04544577717304326, -0.07041840929525736], [0.05632699694345214, -0.07041840929525736, 0.20410367945120064]], "chi2_level": 0.997, "chi2_df": 3, "chi2_threshold": 13.931422665512084, "N_raw": 79, "N_roi": 78, "N_inlier": 77, "refit": true}
{"timestamp": "18:44:19.027145", "frame": 68, "mu": [-0.3960047537439798, 3.5543568065434674, 0.9927665044929663], "Sigma": [[0.032865909588067246, -0.0055578254039703075, 0.03509444644522841], [-0.0055578254039703075, 0.004712674260934019, -0.011925126532870664], [0.03509444644522841, -0.011925126532870664, 0.08338751107675205]], "chi2_level": 0.997, "chi2_df": 3, "chi2_threshold": 13.931422665512084, "N_raw": 47, "N_roi": 45, "N_inlier": 44, "refit": true}
{"timestamp": "18:44:19.082495", "frame": 69, "mu": [-0.29485121852403656, 3.5138925583750216, 1.044788122562039], "Sigma": [[0.03789009078619915, -0.001395841175408942, 0.08600801104901803], [-0.001395841175408942, 0.002917278582345158, -0.011396063468502804], [0.08600801104901803, -0.011396063468502804, 0.3109793582307618]], "chi2_level": 0.997, "chi2_df": 3, "chi2_threshold": 13.931422665512084, "N_raw": 59, "N_roi": 59, "N_inlier": 57, "refit": true}
{"timestamp": "18:44:19.133906", "frame": 70, "mu": [-0.06111069261625003, 3.574642794153224, 1.5495176404269173], "Sigma": [[0.012390357629978187, -0.0011170748148666139, -0.005919800483860043], [-0.0011170748148666134, 0.0035209118842334064, 0.0009775216930365262], [-0.005919800483860044, 0.0009775216930365262, 0.004456333502088354]], "chi2_level": 0.997, "chi2_df": 3, "chi2_threshold": 13.931422665512084, "N_raw": 38, "N_roi": 36, "N_inlier": 35, "refit": true}
{"timestamp": "18:44:19.190785", "frame": 71, "mu": [-0.04355819528710077, 3.6921190139173103, 1.6776758245575025], "Sigma": [[0.013472484171208826, -0.0008658986636140575, -0.012873731936932583], [-0.0008658986636140575, 0.005831243337789532, -0.009923848799085776], [-0.012873731936932585, -0.009923848799085776, 0.05407149014646087]], "chi2_level": 0.997, "chi2_df": 3, "chi2_threshold": 13.931422665512084, "N_raw": 46, "N_roi": 46, "N_inlier": 44, "refit": true}
{"timestamp": "18:44:19.245699", "frame": 72, "mu": [0.030706981330266694, 3.750129435203816, 0.20612409489878647], "Sigma": [[0.012922940757551411, -0.004377352386853139, 0.047702361381740443], [-0.004377352386853139, 0.009312031925345342, -0.039301918916728934], [0.047702361381740443, -0.03930191891672893, 0.3096583010900051]], "chi2_level": 0.997, "chi2_df": 3, "chi2_threshold": 13.931422665512084, "N_raw": 41, "N_roi": 39, "N_inlier": 39, "refit": true}
{"timestamp": "18:44:19.297295", "frame": 73, "mu": [0.07536263934864199, 3.8170744038076423, 1.393234099062658], "Sigma": [[0.009785769834724248, -0.0010329842278664842, -0.004413932269681306], [-0.0010329842278664842, 0.004863435064555451, -0.019343884113026066], [-0.004413932269681306, -0.01934388411302607, 0.14221802320377472]], "chi2_level": 0.997, "chi2_df": 3, "chi2_threshold": 13.931422665512084, "N_raw": 26, "N_roi": 26, "N_inlier": 26, "refit": true}
{"timestamp": "18:44:19.353583", "frame": 74, "mu": [0.10542826888538633, 3.8983523704774248, 1.4952013583890387], "Sigma": [[0.00556640175520816, 0.0009635146128152967, -0.0128109008818568], [0.0009635146128152965, 0.004888127644434631, -0.025212600266589648], [-0.012810900881856801, -0.025212600266589648, 0.21292410294365258]], "chi2_level": 0.997, "chi2_df": 3, "chi2_threshold": 13.931422665512084, "N_raw": 27, "N_roi": 27, "N_inlier": 27, "refit": true}
{"timestamp": "18:44:19.410917", "frame": 75, "mu": [0.14133430568170557, 3.90762802626109, 1.5157970740336337], "Sigma": [[0.01830239700063447, -0.0013157626509587809, -0.01880268344407684], [-0.0013157626509587809, 0.0031197301109092373, -0.0066654554166685346], [-0.01880268344407684, -0.0066654554166685346, 0.04915159982841026]], "chi2_level": 0.997, "chi2_df": 3, "chi2_threshold": 13.931422665512084, "N_raw": 53, "N_roi": 53, "N_inlier": 49, "refit": true}
{"timestamp": "18:44:19.466560", "frame": 76, "mu": [0.09575179296712995, 4.033004614434293, 1.4727125728002723], "Sigma": [[0.0143853610479459, -0.003962291074156597, -0.006233966893506689], [-0.003962291074156597, 0.004455980873358599, -0.0057085435005938615], [-0.00623396689350669, -0.005708543500593863, 0.02463870690852705]], "chi2_level": 0.997, "chi2_df": 3, "chi2_threshold": 13.931422665512084, "N_raw": 45, "N_roi": 45, "N_inlier": 43, "refit": true}
{"timestamp": "18:44:19.522830", "frame": 77, "mu": [0.1712558804447821, 3.9984564816168215, 1.0341480311035185], "Sigma": [[0.023868221260105134, -0.008040853858028892, -0.014502225183863938], [-0.008040853858028892, 0.006906024949743212, 0.01710128072373991], [-0.014502225183863935, 0.01710128072373991, 0.13373844177498584]], "chi2_level": 0.997, "chi2_df": 3, "chi2_threshold": 13.931422665512084, "N_raw": 58, "N_roi": 55, "N_inlier": 55, "refit": true}
{"timestamp": "18:44:19.574707", "frame": 78, "mu": [0.17221952153638537, 3.9982603367042486, 0.8849948092421047], "Sigma": [[0.014923065045580141, -0.001886708739597353, -0.003641787437980533], [-0.0018867087395973534, 0.01730550453667037, 0.05815182675177368], [-0.003641787437980532, 0.05815182675177368, 0.28078978891122647]], "chi2_level": 0.997, "chi2_df": 3, "chi2_threshold": 13.931422665512084, "N_raw": 39, "N_roi": 37, "N_inlier": 37, "refit": true}
{"timestamp": "18:44:19.740135", "frame": 81, "mu": [0.3923173051466461, 4.262043394799885, 1.6471834929600198], "Sigma": [[0.017511398322548027, -0.0013266033200120863, -0.0074078570070018465], [-0.0013266033200120867, 0.002871735949532181, -0.002613049015722903], [-0.007407857007001847, -0.002613049015722903, 0.009627519463621293]], "chi2_level": 0.997, "chi2_df": 3, "chi2_threshold": 13.931422665512084, "N_raw": 40, "N_roi": 37, "N_inlier": 35, "refit": true}
{"timestamp": "18:44:19.794382", "frame": 82, "mu": [0.4425840889916406, 4.340614047297439, 1.6048680231601669], "Sigma": [[0.01358865842802732, -0.0006375842901478336, -0.01137227309780005], [-0.0006375842901478336, 0.005196405546667668, -0.013080553938452963], [-0.01137227309780005, -0.013080553938452961, 0.058753294251913]], "chi2_level": 0.997, "chi2_df": 3, "chi2_threshold": 13.931422665512084, "N_raw": 38, "N_roi": 36, "N_inlier": 35, "refit": true}
{"timestamp": "18:44:19.849764", "frame": 83, "mu": [0.48416794914362954, 4.4447568734358915, 1.3319113850004893], "Sigma": [[0.013029518263380044, 0.0007350881789860041, -0.024075898436964824], [0.000735088178986004, 0.006552006223672472, -0.021425014070938393], [-0.024075898436964824, -0.021425014070938393, 0.1452722214319144]], "chi2_level": 0.997, "chi2_df": 3, "chi2_threshold": 13.931422665512084, "N_raw": 35, "N_roi": 35, "N_inlier": 34, "refit": true}
{"timestamp": "18:44:19.901251", "frame": 84, "mu": [0.5850049351581962, 4.5064681168244975, 1.1412574132838675], "Sigma": [[0.005837227128728078, 0.008350325861376228, -0.03521024790009482], [0.00835032586137623, 0.01713583654902961, -0.04372003380363451], [-0.03521024790009482, -0.04372003380363451, 0.2544311892962294]], "chi2_level": 0.997, "chi2_df": 3, "chi2_threshold": 13.931422665512084, "N_raw": 11, "N_roi": 11, "N_inlier": 11, "refit": true}
{"timestamp": "18:44:19.958066", "frame": 85, "mu": [0.5274886891890674, 4.405800903767844, 0.6582333982776599], "Sigma": [[0.009944653050285607, 0.0001656081377077318, 0.010937150757332956], [0.0001656081377077319, 0.010956787719733125, -0.026572205054533088], [0.010937150757332956, -0.026572205054533088, 0.1287633400072936]], "chi2_level": 0.997, "chi2_df": 3, "chi2_threshold": 13.931422665512084, "N_raw": 29, "N_roi": 27, "N_inlier": 27, "refit": true}
{"timestamp": "18:44:20.013409", "frame": 86, "mu": [0.6017338674040998, 4.532691480767177, 0.9791508995531544], "Sigma": [[0.0093145480129159, -0.0012889816970990287, -0.0024254700690067204], [-0.001288981697099029, 0.001086756112059937, -0.003994225974416669], [-0.0024254700690067204, -0.003994225974416669, 0.08360509560774378]], "chi2_level": 0.997, "chi2_df": 3, "chi2_threshold": 13.931422665512084, "N_raw": 24, "N_roi": 19, "N_inlier": 19, "refit": true}
{"timestamp": "18:44:20.070845", "frame": 87, "mu": [0.6221530386708133, 4.544937298542211, 0.9675648488275712], "Sigma": [[0.02280234852642618, -0.0014410830173789328, 0.014944399288226863], [-0.001441083017378933, 0.000969113353906432, -0.0015371173204545706], [0.014944399288226863, -0.0015371173204545706, 0.11376635888500292]], "chi2_level": 0.997, "chi2_df": 3, "chi2_threshold": 13.931422665512084, "N_raw": 47, "N_roi": 45, "N_inlier": 44, "refit": true}
{"timestamp": "18:44:20.124663", "frame": 88, "mu": [0.7707019463856192, 4.5522926172299165, 1.658840125373161], "Sigma": [[0.015718751850120956, -0.0038776610299226166, -0.0016838564178102142], [-0.0038776610299226166, 0.0038133576739455624, 0.0009277152031149565], [-0.0016838564178102142, 0.0009277152031149562, 0.0036665568917304634]], "chi2_level": 0.997, "chi2_df": 3, "chi2_threshold": 13.931422665512084, "N_raw": 34, "N_roi": 28, "N_inlier": 27, "refit": true}
