{"timestamp": "16:56:40.308121", "frame": 26, "mu": [2.337291185905335, 2.142010261313785, 1.138713379207996], "Sigma": [[0.013377247376499491, -0.009096308141924442, -0.019773621382774748], [-0.009096308141924442, 0.008444909321561417, 0.009835448239608646], [-0.019773621382774748, 0.009835448239608646, 0.045764995270384724]], "chi2_level": 0.95, "chi2_df": 3, "chi2_threshold": 7.814727903251179, "N_raw": 14, "N_roi": 10, "N_inlier": 10, "refit": true}
{"timestamp": "16:56:40.473346", "frame": 29, "mu": [2.224667013638388, 2.09331007144483, 0.9013345730324691], "Sigma": [[0.0049930925420739675, -0.005192853814415114, -0.0012959481452533823], [-0.005192853814415114, 0.008173824641023586, 0.0009904496213714886], [-0.0012959481452533823, 0.0009904496213714886, 0.0010437380397077258]], "chi2_level": 0.95, "chi2_df": 3, "chi2_threshold": 7.814727903251179, "N_raw": 17, "N_roi": 17, "N_inlier": 16, "refit": true}
{"timestamp": "16:56:40.803668", "frame": 35, "mu": [2.008520651840289, 2.0713606225112606, 1.1568726904136342], "Sigma": [[0.004538608696927049, -0.0027487646814427355, -0.0011942786606506035], [-0.002748764681442735, 0.0032401926315581875, -0.0007257072136267562], [-0.0011942786606506032, -0.0007257072136267562, 0.0025816495189640827]], "chi2_level": 0.95, "chi2_df": 3, "chi2_threshold": 7.814727903251179, "N_raw": 17, "N_roi": 17, "N_inlier": 16, "refit": true}
{"timestamp": "16:56:40.857206", "frame": 36, "mu": [1.8861927350270378, 2.129735490296483, 1.4736998968686947], "Sigma": [[0.0032076971356477246, -0.000708488646246402, -0.0019690977957961303], [-0.000708488646246402, 0.002414035004779631, 2.4633705725366552e-05], [-0.0019690977957961303, 2.4633705725366444e-05, 0.001787835135738094]], "chi2_level": 0.95, "chi2_df": 3, "chi2_threshold": 7.814727903251179, "N_raw": 8, "N_roi": 8, "N_inlier": 8, "refit": true}
{"timestamp": "16:56:41.133339", "frame": 41, "mu": [1.5829693396328472, 2.201333251043358, 1.4024003756563808], "Sigma": [[0.00889511348032729, -0.0007247765258137832, -0.017508436333930098], [-0.0007247765258137832, 0.0021711286031107562, 0.0006170459384972818], [-0.017508436333930094, 0.0006170459384972818, 0.04021138450727853]], "chi2_level": 0.95, "chi2_df": 3, "chi2_threshold": 7.814727903251179, "N_raw": 12, "N_roi": 12, "N_inlier": 12, "refit": true}
{"timestamp": "16:56:41.300493", "frame": 44, "mu": [1.440044439419742, 2.243688328763901, 1.4722172090653682], "Sigma": [[0.00894568319396889, -0.003378812900077949, -0.004945386495416576], [-0.00337881290007795, 0.00366426569492185, 0.00030097760983874083], [-0.004945386495416577, 0.0003009776098387407, 0.006955705476218609]], "chi2_level": 0.95, "chi2_df": 3, "chi2_threshold": 7.814727903251179, "N_raw": 33, "N_roi": 33, "N_inlier": 32, "refit": true}
{"timestamp": "16:56:41.356051", "frame": 45, "mu": [1.525057101226387, 2.091793128820504, 0.9235873608535187], "Sigma": [[0.004144492269214724, -0.005019222704889518, -0.009433440811389608], [-0.005019222704889517, 0.009809977353841294, 0.01217448131538775], [-0.009433440811389608, 0.01217448131538775, 0.03535816946548523]], "chi2_level": 0.95, "chi2_df": 3, "chi2_threshold": 7.814727903251179, "N_raw": 18, "N_roi": 18, "N_inlier": 17, "refit": true}
{"timestamp": "16:56:41.412730", "frame": 46, "mu": [1.5114964076517203, 2.0068093091897334, 0.9229316377632265], "Sigma": [[0.007565890700818538, -0.006426422787151266, -0.009862116795291666], [-0.006426422787151265, 0.006004985586705738, 0.008541685784448801], [-0.009862116795291666, 0.008541685784448801, 0.030269747279076484]], "chi2_level": 0.95, "chi2_df": 3, "chi2_threshold": 7.814727903251179, "N_raw": 32, "N_roi": 32, "N_inlier": 31, "refit": true}
{"timestamp": "16:56:41.524433", "frame": 48, "mu": [1.4157485470041251, 2.0387847029238753, 0.8468479787083464], "Sigma": [[0.008490327150328804, -0.005724082928219246, -0.0061416064333082825], [-0.005724082928219246, 0.00789948604797035, 0.008129856860561903], [-0.006141606433308282, 0.008129856860561903, 0.040056505883781325]], "chi2_level": 0.95, "chi2_df": 3, "chi2_threshold": 7.814727903251179, "N_raw": 47, "N_roi": 47, "N_inlier": 44, "refit": true}
{"timestamp": "16:56:41.632511", "frame": 50, "mu": [1.3825234805168487, 2.0652323646154453, 0.9140994047363727], "Sigma": [[0.005665433750103718, -0.0035332183282854165, -0.0014598809128461333], [-0.0035332183282854165, 0.005287069325368861, -0.0012630216495138915], [-0.0014598809128461335, -0.001263021649513891, 0.007430408287979361]], "chi2_level": 0.95, "chi2_df": 3, "chi2_threshold": 7.814727903251179, "N_raw": 34, "N_roi": 34, "N_inlier": 33, "refit": true}
{"timestamp": "16:56:41.690791", "frame": 51, "mu": [1.3132303533501444, 2.023047170022822, 0.9993031609982806], "Sigma": [[0.01122592029978994, -0.007983741253627058, -0.011963637933067928], [-0.007983741253627058, 0.006355531218839429, 0.007463835920511557], [-0.01196363793306793, 0.007463835920511556, 0.03287662146458545]], "chi2_level": 0.95, "chi2_df": 3, "chi2_threshold": 7.814727903251179, "N_raw": 50, "N_roi": 50, "N_inlier": 48, "refit": true}
{"timestamp": "16:56:41.740280", "frame": 52, "mu": [1.3036256108053264, 2.0172975025404445, 1.0126914011642782], "Sigma": [[0.0027983964781908154, -0.0010096156804022395, -0.002462785031111788], [-0.0010096156804022395, 0.0015600811534001626, -0.0011629499924766453], [-0.0024627850311117884, -0.0011629499924766453, 0.007647597549342299]], "chi2_level": 0.95, "chi2_df": 3, "chi2_threshold": 7.814727903251179, "N_raw": 13, "N_roi": 13, "N_inlier": 12, "refit": true}
{"timestamp": "16:56:41.801867", "frame": 53, "mu": [1.2856472586008023, 2.060060420712532, -0.734061939985587], "Sigma": [[0.011503709408265969, 0.0032268537991714226, 0.014599994989199984], [0.0032268537991714226, 0.004140653554005999, 0.011177881563744586], [0.014599994989199986, 0.011177881563744585, 0.07959516634431779]], "chi2_level": 0.95, "chi2_df": 3, "chi2_threshold": 7.814727903251179, "N_raw": 57, "N_roi": 57, "N_inlier": 53, "refit": true}
{"timestamp": "16:56:41.858865", "frame": 54, "mu": [1.1825933777301518, 2.0106494973620253, 1.2131044943532452], "Sigma": [[0.012340977173107413, -0.00672348334713006, -0.01509795548936429], [-0.00672348334713006, 0.008022111893919645, 0.00473485220935518], [-0.01509795548936429, 0.00473485220935518, 0.02507014323433885]], "chi2_level": 0.95, "chi2_df": 3, "chi2_threshold": 7.814727903251179, "N_raw": 70, "N_roi": 70, "N_inlier": 64, "refit": true}
{"timestamp": "16:56:41.910417", "frame": 55, "mu": [1.1288266479306455, 2.0662759029356508, -0.49662270507006495], "Sigma": [[0.008370146563543837, 0.001230051068086358, 0.00921020775401591], [0.001230051068086358, 0.003147428501427677, 0.004100291338044902], [0.00921020775401591, 0.004100291338044901, 0.06403828076384316]], "chi2_level": 0.95, "chi2_df": 3, "chi2_threshold": 7.814727903251179, "N_raw": 44, "N_roi": 44, "N_inlier": 44, "refit": true}
{"timestamp": "16:56:41.965431", "frame": 56, "mu": [1.1347212759332146, 2.044022234338062, -0.5606187844135685], "Sigma": [[0.007850009108114729, 0.001774694188451283, 0.010634706870337476], [0.001774694188451283, 0.003486087788298703, 0.005131730361641895], [0.010634706870337476, 0.005131730361641896, 0.07382938891678956]], "chi2_level": 0.95, "chi2_df": 3, "chi2_threshold": 7.814727903251179, "N_raw": 50, "N_roi": 50, "N_inlier": 49, "refit": true}
{"timestamp": "16:56:42.022584", "frame": 57, "mu": [1.0529176568109602, 1.9798406854025248, 1.1961243400602724], "Sigma": [[0.00884539219049269, -0.005274155267244108, -0.005377491471089423], [-0.005274155267244108, 0.007752079208558315, -0.0016899309514238126], [-0.005377491471089423, -0.0016899309514238129, 0.014411927179236794]], "chi2_level": 0.95, "chi2_df": 3, "chi2_threshold": 7.814727903251179, "N_raw": 64, "N_roi": 64, "N_inlier": 64, "refit": true}
{"timestamp": "16:56:42.073313", "frame": 58, "mu": [0.9697861934460824, 1.998752324961522, 1.3085101160137735], "Sigma": [[0.006280871352058474, -0.004351538135153039, -0.006161406925497603], [-0.00435153813515304, 0.005392941940249635, 0.002851205722932293], [-0.006161406925497603, 0.002851205722932293, 0.015838084400020977]], "chi2_level": 0.95, "chi2_df": 3, "chi2_threshold": 7.814727903251179, "N_raw": 37, "N_roi": 37, "N_inlier": 36, "refit": true}
{"timestamp": "16:56:42.127469", "frame": 59, "mu": [0.9578176611422345, 2.0420992952126005, 1.1686750541274626], "Sigma": [[0.004921323477620141, -0.004848669076175919, -0.02369522832259016], [-0.004848669076175919, 0.006947243568226467, 0.033551331751405254], [-0.02369522832259016, 0.033551331751405254, 0.21254429772683017]], "chi2_level": 0.95, "chi2_df": 3, "chi2_threshold": 7.814727903251179, "N_raw": 24, "N_roi": 24, "N_inlier": 22, "refit": true}
{"timestamp": "16:56:42.186411", "frame": 60, "mu": [0.9094398813933603, 1.9678949166255335, 1.1571847332472156], "Sigma": [[0.008775611791514001, -0.007278381119158595, 0.0040062836424485625], [-0.007278381119158595, 0.011871067823404588, -0.009967901190643839], [0.0040062836424485625, -0.009967901190643839, 0.016870891081248965]], "chi2_level": 0.95, "chi2_df": 3, "chi2_threshold": 7.814727903251179, "N_raw": 59, "N_roi": 59, "N_inlier": 55, "refit": true}
{"timestamp": "16:56:42.240988", "frame": 61, "mu": [0.8221055213680984, 1.9932365592119423, 1.309014521538653], "Sigma": [[0.008372562394920851, -0.0034314611689597943, -0.0033238750588703795], [-0.0034314611689597943, 0.006138722324218048, 0.002122588461193162], [-0.0033238750588703795, 0.002122588461193162, 0.010067202741290549]], "chi2_level": 0.95, "chi2_df": 3, "chi2_threshold": 7.814727903251179, "N_raw": 54, "N_roi": 54, "N_inlier": 50, "refit": true}
{"timestamp": "16:56:42.296709", "frame": 62, "mu": [0.7713775038731724, 2.0521350301072414, 1.2842068446295514], "Sigma": [[0.006237127534402551, -0.0041578189554596565, -0.004941087207903639], [-0.0041578189554596565, 0.00765562683980816, 0.0014021406327852364], [-0.004941087207903639, 0.0014021406327852364, 0.007670419782458331]], "chi2_level": 0.95, "chi2_df": 3, "chi2_threshold": 7.814727903251179, "N_raw": 49, "N_roi": 49, "N_inlier": 47, "refit": true}
{"timestamp": "16:56:42.347406", "frame": 63, "mu": [0.7591751032267228, 1.965516433146984, 1.102296597937625], "Sigma": [[0.005883645402049748, -0.0026416777290217282, 0.01642084992148126], [-0.0026416777290217282, 0.003249463788998067, -0.0038840705776002405], [0.01642084992148126, -0.0038840705776002405, 0.1592196521208005]], "chi2_level": 0.95, "chi2_df": 3, "chi2_threshold": 7.814727903251179, "N_raw": 29, "N_roi": 29, "N_inlier": 27, "refit": true}
{"timestamp": "16:56:42.399642", "frame": 64, "mu": [0.6549155009512854, 2.00840180357273, 0.9897186248223255], "Sigma": [[0.0007480849070969098, -0.0009805910841044559, -0.0020278045223765763], [-0.0009805910841044559, 0.004811648104023593, 0.003242698287792693], [-0.0020278045223765763, 0.003242698287792691, 0.27901558235732143]], "chi2_level": 0.95, "chi2_df": 3, "chi2_threshold": 7.814727903251179, "N_raw": 11, "N_roi": 11, "N_inlier": 10, "refit": true}
{"timestamp": "16:56:42.454405", "frame": 65, "mu": [0.6036446377015076, 2.027612000946704, 0.856045766474153], "Sigma": [[0.0017993775916663186, -0.003051720647443048, -0.02464982362455008], [-0.003051720647443048, 0.009708241641853403, 0.04776600278954675], [-0.02464982362455008, 0.04776600278954675, 0.41948264422370657]], "chi2_level": 0.95, "chi2_df": 3, "chi2_threshold": 7.814727903251179, "N_raw": 8, "N_roi": 8, "N_inlier": 7, "refit": true}
{"timestamp": "16:56:42.512386", "frame": 66, "mu": [0.529711164483647, 2.1441893361007374, 1.2433624127584761], "Sigma": [[0.004209322504259702, -0.00273422360137882, -0.005443843720178505], [-0.00273422360137882, 0.002514622215161899, 0.003091366626949865], [-0.005443843720178506, 0.003091366626949865, 0.02810743221237647]], "chi2_level": 0.95, "chi2_df": 3, "chi2_threshold": 7.814727903251179, "N_raw": 34, "N_roi": 34, "N_inlier": 32, "refit": true}
{"timestamp": "16:56:42.567427", "frame": 67, "mu": [0.512955643526567, 2.063424793140608, 1.0568697674455638], "Sigma": [[0.0038214589234914177, -0.0032064452084343675, 0.0007631750287725895], [-0.0032064452084343675, 0.003942545545055919, -0.0029204446152316117], [0.0007631750287725896, -0.002920444615231611, 0.04204200123503986]], "chi2_level": 0.95, "chi2_df": 3, "chi2_threshold": 7.814727903251179, "N_raw": 34, "N_roi": 34, "N_inlier": 31, "refit": true}
{"timestamp": "16:56:42.624601", "frame": 68, "mu": [0.4215689189295117, 2.1479917647379967, 1.203965853960804], "Sigma": [[0.006602870496945448, -0.002728406358888955, -0.008003210886049519], [-0.002728406358888955, 0.0015171886614673577, 0.003750969542254153], [-0.00800321088604952, 0.003750969542254153, 0.0348471660744347]], "chi2_level": 0.95, "chi2_df": 3, "chi2_threshold": 7.814727903251179, "N_raw": 40, "N_roi": 39, "N_inlier": 37, "refit": true}
{"timestamp": "16:56:42.681121", "frame": 69, "mu": [0.4437926147358059, 2.1746988256199584, -0.04924245296368577], "Sigma": [[0.008947109947521377, 0.0005263241620372247, -0.005357883310627573], [0.0005263241620372245, 0.0038381959842053288, 0.002536881880588801], [-0.005357883310627572, 0.002536881880588801, 0.005846197205242299]], "chi2_level": 0.95, "chi2_df": 3, "chi2_threshold": 7.814727903251179, "N_raw": 51, "N_roi": 50, "N_inlier": 49, "refit": true}
{"timestamp": "16:56:42.731876", "frame": 70, "mu": [0.38909165990005656, 2.03745731923871, 1.304500085500444], "Sigma": [[0.004998252044123703, -0.003095123698399425, -0.0019000337118944821], [-0.003095123698399425, 0.00443699238616516, 0.0009881429626981452], [-0.0019000337118944824, 0.0009881429626981452, 0.001169002107231087]], "chi2_level": 0.95, "chi2_df": 3, "chi2_threshold": 7.814727903251179, "N_raw": 28, "N_roi": 28, "N_inlier": 27, "refit": true}
{"timestamp": "16:56:42.788463", "frame": 71, "mu": [0.2232692615224848, 2.174269770364027, 1.1801323647293396], "Sigma": [[0.015354255266285349, -0.017250040666481163, 0.01078897964704974], [-0.017250040666481163, 0.02313142644444703, -0.016796794130674413], [0.01078897964704974, -0.016796794130674413, 0.014087470050994906]], "chi2_level": 0.95, "chi2_df": 3, "chi2_threshold": 7.814727903251179, "N_raw": 37, "N_roi": 37, "N_inlier": 33, "refit": true}
{"timestamp": "16:56:42.842036", "frame": 72, "mu": [0.28017093071714455, 1.9870725830036684, 0.7255073202807609], "Sigma": [[0.021389031577244873, -0.001024695227903552, 0.07203306265269997], [-0.0010246952279035517, 0.006510478650377327, 0.0042449954322081665], [0.07203306265269996, 0.0042449954322081665, 0.42663114683392034]], "chi2_level": 0.95, "chi2_df": 3, "chi2_threshold": 7.814727903251179, "N_raw": 19, "N_roi": 17, "N_inlier": 16, "refit": true}
{"timestamp": "16:56:42.900376", "frame": 73, "mu": [0.16943225918680352, 2.002539289073372, 1.006381068173988], "Sigma": [[0.025769147033402537, 0.0035375407953442154, 0.07965542777328935], [0.0035375407953442163, 0.0068626021339284185, 0.027990729535181887], [0.07965542777328935, 0.027990729535181887, 0.34046509380416295]], "chi2_level": 0.95, "chi2_df": 3, "chi2_threshold": 7.814727903251179, "N_raw": 53, "N_roi": 52, "N_inlier": 49, "refit": true}
{"timestamp": "16:56:42.954962", "frame": 74, "mu": [0.16829080411586642, 2.053107978006049, 1.3966492921835787], "Sigma": [[0.0067785072117977, -0.003452200419094143, -0.0063567405433415415], [-0.003452200419094143, 0.006226775381255516, 0.00481801061002875], [-0.006356740543341541, 0.004818010610028751, 0.007784771334052914]], "chi2_level": 0.95, "chi2_df": 3, "chi2_threshold": 7.814727903251179, "N_raw": 52, "N_roi": 48, "N_inlier": 43, "refit": true}
{"timestamp": "16:56:43.009721", "frame": 75, "mu": [0.12581464441859033, 2.042651794755905, 1.134352289913219], "Sigma": [[0.009699186237208297, -0.005269890524482884, 0.01845673285163239], [-0.005269890524482884, 0.010790829619638507, 0.00802929182476978], [0.018456732851632386, 0.00802929182476978, 0.11598655021854333]], "chi2_level": 0.95, "chi2_df": 3, "chi2_threshold": 7.814727903251179, "N_raw": 34, "N_roi": 32, "N_inlier": 28, "refit": true}
{"timestamp": "16:56:43.065828", "frame": 76, "mu": [0.11934539816366349, 2.0109691877847005, 1.174344557504742], "Sigma": [[0.006765040424554595, -0.0035810686203167357, 0.010006781830174703], [-0.0035810686203167357, 0.006081837261658876, 0.0034711707183518693], [0.010006781830174704, 0.00347117071835187, 0.10831889365915794]], "chi2_level": 0.95, "chi2_df": 3, "chi2_threshold": 7.814727903251179, "N_raw": 45, "N_roi": 41, "N_inlier": 36, "refit": true}
{"timestamp": "16:56:43.120822", "frame": 77, "mu": [-0.011533234142362146, 2.1068097228736002, -0.06869541225487125], "Sigma": [[0.007246867297747564, -0.0034369803031162128, -0.008446911165846251], [-0.0034369803031162128, 0.005687325181411621, 0.0048071377784898485], [-0.008446911165846251, 0.004807137778489848, 0.011438883032564856]], "chi2_level": 0.95, "chi2_df": 3, "chi2_threshold": 7.814727903251179, "N_raw": 53, "N_roi": 53, "N_inlier": 49, "refit": true}
{"timestamp": "16:56:43.174695", "frame": 78, "mu": [-0.018209864090263442, 1.9681094544598454, 1.3202699392651929], "Sigma": [[0.0056912360080206255, -0.002324715420608825, -0.004285427789162794], [-0.002324715420608825, 0.004968298996203533, 0.002493625918607053], [-0.004285427789162794, 0.0024936259186070526, 0.0037086567024956674]], "chi2_level": 0.95, "chi2_df": 3, "chi2_threshold": 7.814727903251179, "N_raw": 44, "N_roi": 44, "N_inlier": 40, "refit": true}
{"timestamp": "16:56:43.230042", "frame": 79, "mu": [-0.0508775606123128, 1.9666042197869575, 1.2836358878760863], "Sigma": [[0.005777794410322623, -0.0006673168942544514, -0.005197494220119621], [-0.0006673168942544512, 0.004989626806006597, 0.0015958352524339668], [-0.005197494220119621, 0.0015958352524339668, 0.00550231899794213]], "chi2_level": 0.95, "chi2_df": 3, "chi2_threshold": 7.814727903251179, "N_raw": 47, "N_roi": 47, "N_inlier": 44, "refit": true}
{"timestamp": "16:56:43.281574", "frame": 80, "mu": [-0.1622985149369491, 2.1046883923944395, -0.03417304647105922], "Sigma": [[0.0027895289406510556, -0.002495893455316532, -0.0037782958362573946], [-0.002495893455316532, 0.00451871973362004, 0.004950698851766709], [-0.003778295836257395, 0.004950698851766709, 0.010315934635985352]], "chi2_level": 0.95, "chi2_df": 3, "chi2_threshold": 7.814727903251179, "N_raw": 18, "N_roi": 18, "N_inlier": 15, "refit": true}
{"timestamp": "16:56:43.342074", "frame": 81, "mu": [-0.27860771646374727, 2.150232173665807, 0.09050731814951177], "Sigma": [[0.008409347656951517, 0.0022659463721677858, -0.004697195220763643], [0.0022659463721677858, 0.0052505269603519335, -0.0016933252337573016], [-0.004697195220763643, -0.0016933252337573018, 0.002974898237962295]], "chi2_level": 0.95, "chi2_df": 3, "chi2_threshold": 7.814727903251179, "N_raw": 59, "N_roi": 55, "N_inlier": 52, "refit": true}
{"timestamp": "16:56:43.397639", "frame": 82, "mu": [-0.27579622330652775, 1.9633187812323412, 1.4001394719052882], "Sigma": [[0.009956415391264137, -0.0048022224865213224, -0.010355201142125736], [-0.0048022224865213224, 0.006138808509583282, 0.005838641613987353], [-0.010355201142125736, 0.005838641613987353, 0.011563604235187035]], "chi2_level": 0.95, "chi2_df": 3, "chi2_threshold": 7.814727903251179, "N_raw": 57, "N_roi": 52, "N_inlier": 47, "refit": true}
{"timestamp": "16:56:43.452546", "frame": 83, "mu": [-0.37625614741494334, 2.07358001887767, 1.5046116126857803], "Sigma": [[0.007406841670471247, -0.0016836518216388936, -0.009423403604515847], [-0.0016836518216388938, 0.006707966896476161, 0.004578711344393256], [-0.009423403604515847, 0.004578711344393256, 0.01738278118806113]], "chi2_level": 0.95, "chi2_df": 3, "chi2_threshold": 7.814727903251179, "N_raw": 54, "N_roi": 53, "N_inlier": 47, "refit": true}
{"timestamp": "16:56:43.508218", "frame": 84, "mu": [-0.49293653761845857, 2.0949283529661407, 1.4610322881882347], "Sigma": [[0.010771512936882983, -0.006425796650094186, 0.0006695649597617476], [-0.006425796650094186, 0.009990029448189249, -0.004882931680254201], [0.0006695649597617472, -0.004882931680254201, 0.01646646006707191]], "chi2_level": 0.95, "chi2_df": 3, "chi2_threshold": 7.814727903251179, "N_raw": 66, "N_roi": 63, "N_inlier": 57, "refit": true}
{"timestamp": "16:56:43.564687", "frame": 85, "mu": [-0.47542241445203315, 1.994158138379126, 1.381397439301341], "Sigma": [[0.009685980776163375, -0.007227645052353027, -0.011574847931314176], [-0.007227645052353027, 0.011170954852312906, 0.010818668625026787], [-0.011574847931314176, 0.010818668625026787, 0.01595969949592292]], "chi2_level": 0.95, "chi2_df": 3, "chi2_threshold": 7.814727903251179, "N_raw": 62, "N_roi": 62, "N_inlier": 57, "refit": true}
{"timestamp": "16:56:43.624066", "frame": 86, "mu": [-0.5291904164926075, 2.0689580547067807, 1.4022692231984988], "Sigma": [[0.008879970432393013, -0.003795549107848673, -0.01072805406433856], [-0.003795549107848673, 0.011134205482220225, 0.004046922122080172], [-0.01072805406433856, 0.004046922122080173, 0.014981444829089233]], "chi2_level": 0.95, "chi2_df": 3, "chi2_threshold": 7.814727903251179, "N_raw": 83, "N_roi": 83, "N_inlier": 77, "refit": true}
{"timestamp": "16:56:43.677755", "frame": 87, "mu": [-0.5911285615112173, 2.0002344448696414, 1.337498201715383], "Sigma": [[0.009459873785006302, -0.004790079625029094, -0.009805270093408987], [-0.004790079625029094, 0.009424186700319909, 0.00729952189627407], [-0.009805270093408987, 0.0072995218962740695, 0.012046735167686165]], "chi2_level": 0.95, "chi2_df": 3, "chi2_threshold": 7.814727903251179, "N_raw": 69, "N_roi": 69, "N_inlier": 62, "refit": true}
{"timestamp": "16:56:43.733133", "frame": 88, "mu": [-0.5666913814533394, 1.9968576159010183, 1.0048746913053312], "Sigma": [[0.0120202870242949, -0.005991381350864281, -0.047751961194473745], [-0.005991381350864281, 0.009938167789757712, 0.028096658921899942], [-0.047751961194473745, 0.028096658921899942, 0.3782575433788086]], "chi2_level": 0.95, "chi2_df": 3, "chi2_threshold": 7.814727903251179, "N_raw": 94, "N_roi": 91, "N_inlier": 87, "refit": true}
{"timestamp": "16:56:43.786608", "frame": 89, "mu": [-0.7027292701873644, 2.0659046784512247, 1.3122382308143639], "Sigma": [[0.011845546092206966, -0.006228180605182305, -0.007764192319769183], [-0.006228180605182307, 0.01023631607722322, 0.002176922256608567], [-0.007764192319769183, 0.002176922256608567, 0.009956164520284612]], "chi2_level": 0.95, "chi2_df": 3, "chi2_threshold": 7.814727903251179, "N_raw": 83, "N_roi": 83, "N_inlier": 78, "refit": true}
{"timestamp": "16:56:43.834762", "frame": 90, "mu": [-0.7466891158499677, 2.0535032182474904, 0.6495731605946095], "Sigma": [[0.005453398388382783, -0.007319129094566182, -0.012249432738895047], [-0.007319129094566182, 0.019329413895340528, 0.03422628971651494], [-0.012249432738895047, 0.03422628971651494, 0.17078839691312778]], "chi2_level": 0.95, "chi2_df": 3, "chi2_threshold": 7.814727903251179, "N_raw": 34, "N_roi": 34, "N_inlier": 33, "refit": true}
{"timestamp": "16:56:43.893421", "frame": 91, "mu": [-0.7838467985806057, 2.1174477441587816, -0.0846075903678728], "Sigma": [[0.013487074969891304, -0.0021977764032510144, -0.01576838612369074], [-0.002197776403251015, 0.004744140036581984, 0.005144530452703467], [-0.01576838612369074, 0.005144530452703466, 0.02144275253159294]], "chi2_level": 0.95, "chi2_df": 3, "chi2_threshold": 7.814727903251179, "N_raw": 68, "N_roi": 68, "N_inlier": 60, "refit": true}
{"timestamp": "16:56:43.947310", "frame": 92, "mu": [-0.8559976330869696, 2.09431797483442, 1.3741224285862834], "Sigma": [[0.01442712472116227, -0.006018253906786389, -0.012991579353300198], [-0.006018253906786389, 0.008870936889368413, 0.004523165830825459], [-0.012991579353300198, 0.004523165830825458, 0.014382825997164738]], "chi2_level": 0.95, "chi2_df": 3, "chi2_threshold": 7.814727903251179, "N_raw": 60, "N_roi": 60, "N_inlier": 56, "refit": true}
{"timestamp": "16:56:44.003574", "frame": 93, "mu": [-0.7870499754331705, 2.0384396176437347, 1.1761215619580918], "Sigma": [[0.008221191677867345, -0.0003612108828806004, -0.005358165028967561], [-0.00036121088288060043, 0.004741997034551622, -0.004645811340203998], [-0.005358165028967561, -0.004645811340203999, 0.011956277356284817]], "chi2_level": 0.95, "chi2_df": 3, "chi2_threshold": 7.814727903251179, "N_raw": 68, "N_roi": 68, "N_inlier": 63, "refit": true}
{"timestamp": "16:56:44.056987", "frame": 94, "mu": [-0.8548407987615709, 1.9734941896215443, 1.2518486951388683], "Sigma": [[0.010498926266716816, -0.0006290325401528977, -0.00940011812117711], [-0.0006290325401528976, 0.0037896397949330543, -0.00030854744142230664], [-0.009400118121177109, -0.0003085474414223073, 0.009645136216896073]], "chi2_level": 0.95, "chi2_df": 3, "chi2_threshold": 7.814727903251179, "N_raw": 54, "N_roi": 54, "N_inlier": 48, "refit": true}
{"timestamp": "16:56:44.110019", "frame": 95, "mu": [-1.039799551900648, 2.095668185157246, -0.011702429680720586], "Sigma": [[0.00995208487834392, 0.0014595042184434078, -0.011932808982189142], [0.0014595042184434078, 0.0040495769949996634, -0.0016061031024923794], [-0.011932808982189142, -0.0016061031024923794, 0.015069751035066848]], "chi2_level": 0.95, "chi2_df": 3, "chi2_threshold": 7.814727903251179, "N_raw": 40, "N_roi": 40, "N_inlier": 35, "refit": true}
{"timestamp": "16:56:44.164180", "frame": 96, "mu": [-0.9724635600341528, 1.9424466973488361, 1.2399386586133228], "Sigma": [[0.005658469466924209, 0.0007359830047472728, -0.003432575978545466], [0.000735983004747273, 0.004790736674550993, -0.003577760530943254], [-0.003432575978545466, -0.003577760530943254, 0.03194748515177045]], "chi2_level": 0.95, "chi2_df": 3, "chi2_threshold": 7.814727903251179, "N_raw": 40, "N_roi": 40, "N_inlier": 36, "refit": true}
{"timestamp": "16:56:44.221569", "frame": 97, "mu": [-1.0690491492833507, 1.978436044519453, 1.229465563111601], "Sigma": [[0.007887960544606524, 0.0011294502257068457, -0.007131572568819801], [0.0011294502257068462, 0.006464950318178873, -0.005029722289648309], [-0.007131572568819802, -0.005029722289648309, 0.014323795691413435]], "chi2_level": 0.95, "chi2_df": 3, "chi2_threshold": 7.814727903251179, "N_raw": 62, "N_roi": 62, "N_inlier": 60, "refit": true}
{"timestamp": "16:56:44.274132", "frame": 98, "mu": [-1.0766515539535906, 1.93082802337759, 1.1734940983103372], "Sigma": [[0.006730875951813234, 0.0004389750743567407, -0.0043631685826792145], [0.00043897507435674047, 0.009670221035605017, -0.019607744738474507], [-0.004363168582679215, -0.019607744738474507, 0.06829192681347013]], "chi2_level": 0.95, "chi2_df": 3, "chi2_threshold": 7.814727903251179, "N_raw": 34, "N_roi": 34, "N_inlier": 31, "refit": true}
{"timestamp": "16:56:44.335677", "frame": 99, "mu": [-1.2249015228459943, 1.9794876266823838, 1.1803084708831062], "Sigma": [[0.013168377619358197, -4.018667411985553e-05, -0.015053474537207947], [-4.018667411985526e-05, 0.01064669894971587, -0.027887498067787633], [-0.015053474537207947, -0.027887498067787633, 0.12184030667975981]], "chi2_level": 0.95, "chi2_df": 3, "chi2_threshold": 7.814727903251179, "N_raw": 88, "N_roi": 88, "N_inlier": 87, "refit": true}
{"timestamp": "16:56:44.448805", "frame": 100, "mu": [-1.213191927533652, 1.9740768469139198, 1.212421047007337], "Sigma": [[0.0048480159165431545, 0.0006792500764964255, -0.006462948346772909], [0.0006792500764964252, 0.007714148499324333, -0.005893589646465622], [-0.006462948346772909, -0.005893589646465622, 0.01546567533127577]], "chi2_level": 0.95, "chi2_df": 3, "chi2_threshold": 7.814727903251179, "N_raw": 52, "N_roi": 52, "N_inlier": 47, "refit": true}
{"timestamp": "16:56:44.455098", "frame": 101, "mu": [-1.4794236020873905, 1.9696357846617696, 1.482406241803211], "Sigma": [[0.007074949888172934, 0.0037136510470764843, -0.020589781909003305], [0.0037136510470764843, 0.006371709390068965, -0.026240845489124316], [-0.0205897819090033, -0.026240845489124316, 0.1738156973989957]], "chi2_level": 0.95, "chi2_df": 3, "chi2_threshold": 7.814727903251179, "N_raw": 29, "N_roi": 29, "N_inlier": 26, "refit": true}
{"timestamp": "16:56:44.490876", "frame": 102, "mu": [-1.6554811255648245, 1.8062728727529063, 1.3955062045892832], "Sigma": [[0.08966550353525, 0.08435235772419195, -0.2030734602782628], [0.08435235772419196, 0.10031020243866062, -0.21683699560151204], [-0.20307346027826284, -0.21683699560151204, 0.6726426030423303]], "chi2_level": 0.95, "chi2_df": 3, "chi2_threshold": 7.814727903251179, "N_raw": 22, "N_roi": 22, "N_inlier": 21, "refit": true}
{"timestamp": "16:56:44.551671", "frame": 103, "mu": [-1.6154713142635722, 1.8761840603654008, 1.6660291901182536], "Sigma": [[0.0124597451199578, 0.004734191222752664, -0.007849821617843094], [0.004734191222752664, 0.0064938648419903605, -0.005460886046925512], [-0.007849821617843094, -0.005460886046925512, 0.007279920090085316]], "chi2_level": 0.95, "chi2_df": 3, "chi2_threshold": 7.814727903251179, "N_raw": 54, "N_roi": 54, "N_inlier": 46, "refit": true}
{"timestamp": "16:56:44.609620", "frame": 104, "mu": [-1.7274132439611232, 1.789396977715312, 1.7015752538692432], "Sigma": [[0.029391302113002366, 0.01793693839144704, -0.02400693221175927], [0.01793693839144704, 0.019171979709158155, -0.016814424715022], [-0.024006932211759268, -0.016814424715022, 0.0236112841252564]], "chi2_level": 0.95, "chi2_df": 3, "chi2_threshold": 7.814727903251179, "N_raw": 76, "N_roi": 76, "N_inlier": 72, "refit": true}
{"timestamp": "16:56:44.655021", "frame": 105, "mu": [-1.6604901962194847, 1.8357497224536725, 1.285884697519851], "Sigma": [[0.022066608913287072, 0.012354851026842266, -0.037216633938572295], [0.012354851026842266, 0.03183537119935549, -0.0792493064574479], [-0.037216633938572295, -0.0792493064574479, 0.27651276257269447]], "chi2_level": 0.95, "chi2_df": 3, "chi2_threshold": 7.814727903251179, "N_raw": 10, "N_roi": 10, "N_inlier": 10, "refit": true}
{"timestamp": "16:56:44.717355", "frame": 106, "mu": [-1.9211736278091067, 1.7399830346049878, 1.7893631422035037], "Sigma": [[0.02468158908229898, 0.017992265702545515, -0.019611364657387026], [0.017992265702545515, 0.019768934489699765, -0.015187513711517522], [-0.019611364657387022, -0.015187513711517522, 0.017293793767479283]], "chi2_level": 0.95, "chi2_df": 3, "chi2_threshold": 7.814727903251179, "N_raw": 69, "N_roi": 69, "N_inlier": 66, "refit": true}
{"timestamp": "16:56:44.779244", "frame": 107, "mu": [-1.8951750505135596, 1.7315472733412078, 0.5453245675309778], "Sigma": [[0.02605816933786373, 0.01596103826562146, 0.057669965050541755], [0.01596103826562146, 0.022952108892726936, 0.047402239388469984], [0.057669965050541755, 0.047402239388469984, 0.39766309949852907]], "chi2_level": 0.95, "chi2_df": 3, "chi2_threshold": 7.814727903251179, "N_raw": 101, "N_roi": 101, "N_inlier": 99, "refit": true}
{"timestamp": "16:56:44.827396", "frame": 108, "mu": [-1.90405286690199, 1.6328235960716042, 1.464177164510438], "Sigma": [[0.02685354802538855, 0.018465914103049832, -0.0352910505468737], [0.018465914103049832, 0.020327228659453744, -0.02197976381645554], [-0.0352910505468737, -0.02197976381645554, 0.06393639042058134]], "chi2_level": 0.95, "chi2_df": 3, "chi2_threshold": 7.814727903251179, "N_raw": 59, "N_roi": 59, "N_inlier": 56, "refit": true}
{"timestamp": "16:56:44.887002", "frame": 109, "mu": [-1.996884929188985, 1.7118325745293588, 1.522269353229954], "Sigma": [[0.020611212884156623, 0.01033409165407154, -0.019249564512011253], [0.01033409165407154, 0.021278782247055122, -0.008168689125513072], [-0.019249564512011253, -0.008168689125513072, 0.01956296894533429]], "chi2_level": 0.95, "chi2_df": 3, "chi2_threshold": 7.814727903251179, "N_raw": 90, "N_roi": 90, "N_inlier": 86, "refit": true}
{"timestamp": "16:56:44.936501", "frame": 110, "mu": [-2.089368401291083, 1.7057915004932294, 1.5699559091965276], "Sigma": [[0.012577780802343643, 0.005407833808494761, -0.014236589507199561], [0.005407833808494761, 0.015119433481743001, -0.0033825980697934025], [-0.01423658950719956, -0.003382598069793402, 0.022305128425056]], "chi2_level": 0.95, "chi2_df": 3, "chi2_threshold": 7.814727903251179, "N_raw": 52, "N_roi": 52, "N_inlier": 49, "refit": true}
{"timestamp": "16:56:44.985919", "frame": 111, "mu": [-2.0756730786563926, 1.5702366929813605, 1.549213109022262], "Sigma": [[0.02389571254939965, 0.005779468413019932, -0.04085861964525955], [0.005779468413019931, 0.006570527438859156, -0.003765410241384992], [-0.04085861964525955, -0.003765410241384992, 0.08393703767426447]], "chi2_level": 0.95, "chi2_df": 3, "chi2_threshold": 7.814727903251179, "N_raw": 18, "N_roi": 18, "N_inlier": 18, "refit": true}
{"timestamp": "16:56:45.054784", "frame": 112, "mu": [-2.1144929130117336, 1.7135934617526303, 1.5316502657495685], "Sigma": [[0.021019612981210717, 0.011022952358280366, -0.02009347581241702], [0.011022952358280366, 0.025686501244940683, -0.00856229122360756], [-0.02009347581241702, -0.00856229122360756, 0.023013895182534855]], "chi2_level": 0.95, "chi2_df": 3, "chi2_threshold": 7.814727903251179, "N_raw": 92, "N_roi": 92, "N_inlier": 90, "refit": true}
{"timestamp": "16:56:45.101726", "frame": 113, "mu": [-2.1942539102161738, 1.618864569303491, 1.6398231606355362], "Sigma": [[0.015399305980461598, 0.005974861294607196, -0.022834800094467367], [0.005974861294607197, 0.01969862847229242, 0.004529746576182558], [-0.022834800094467367, 0.004529746576182557, 0.04975300564814655]], "chi2_level": 0.95, "chi2_df": 3, "chi2_threshold": 7.814727903251179, "N_raw": 54, "N_roi": 54, "N_inlier": 50, "refit": true}
{"timestamp": "16:56:45.160169", "frame": 114, "mu": [-2.1879637917279275, 1.6893393230393166, 1.4472571209695557], "Sigma": [[0.015007923277606562, 0.011065206864841477, -0.010811630217769144], [0.011065206864841477, 0.02573709662110507, -0.01430172912852915], [-0.010811630217769144, -0.014301729128529152, 0.011696028146866084]], "chi2_level": 0.95, "chi2_df": 3, "chi2_threshold": 7.814727903251179, "N_raw": 83, "N_roi": 83, "N_inlier": 80, "refit": true}
{"timestamp": "16:56:45.214634", "frame": 115, "mu": [-2.164485645222361, 1.7331625232412744, 1.402058761300581], "Sigma": [[0.015207306051313488, 0.011733146994601052, -0.014352012123972455], [0.01173314699460105, 0.02406965363827469, -0.016866069258618464], [-0.014352012123972455, -0.016866069258618464, 0.018060317752307986]], "chi2_level": 0.95, "chi2_df": 3, "chi2_threshold": 7.814727903251179, "N_raw": 78, "N_roi": 78, "N_inlier": 75, "refit": true}
{"timestamp": "16:56:45.267671", "frame": 116, "mu": [-2.166639521885494, 1.8153227743334375, 1.4202843279516446], "Sigma": [[0.01952523324258363, 0.013747271175777138, -0.018438795445446375], [0.013747271175777138, 0.01855437518000114, -0.013979663724737537], [-0.018438795445446375, -0.013979663724737537, 0.018781624654706286]], "chi2_level": 0.95, "chi2_df": 3, "chi2_threshold": 7.814727903251179, "N_raw": 61, "N_roi": 61, "N_inlier": 58, "refit": true}
{"timestamp": "16:56:45.320671", "frame": 117, "mu": [-2.2496077199181834, 1.6765405785709766, 1.3848668868565674], "Sigma": [[0.01100294499212966, 0.0048111370978239296, -0.009136713263687035], [0.004811137097823929, 0.011785738703137646, -0.006472567749233356], [-0.009136713263687035, -0.006472567749233356, 0.009464665908945373]], "chi2_level": 0.95, "chi2_df": 3, "chi2_threshold": 7.814727903251179, "N_raw": 50, "N_roi": 48, "N_inlier": 46, "refit": true}
{"timestamp": "16:56:45.374038", "frame": 118, "mu": [-2.335643704388763, 1.6800589438182318, 1.4346933343747907], "Sigma": [[0.006709325990419885, 0.002743770305642762, -0.005707039567016651], [0.002743770305642762, 0.013921687380641713, -0.005259423971393956], [-0.005707039567016651, -0.005259423971393955, 0.010968585573792286]], "chi2_level": 0.95, "chi2_df": 3, "chi2_threshold": 7.814727903251179, "N_raw": 43, "N_roi": 37, "N_inlier": 36, "refit": true}
{"timestamp": "16:56:45.431191", "frame": 119, "mu": [-2.312821086384661, 1.6331993871876889, 1.4042496205770418], "Sigma": [[0.009489200308718863, 0.0020611453055635618, -0.008133945998657261], [0.0020611453055635618, 0.013934011228090211, -0.003378776702081513], [-0.008133945998657261, -0.0033787767020815136, 0.008489846906505139]], "chi2_level": 0.95, "chi2_df": 3, "chi2_threshold": 7.814727903251179, "N_raw": 56, "N_roi": 46, "N_inlier": 44, "refit": true}
{"timestamp": "16:56:45.481627", "frame": 120, "mu": [-2.3158103427606265, 1.7009074982288035, 1.1098905198021114], "Sigma": [[0.004469037718055948, 0.005175011949539567, -0.004613961187329896], [0.005175011949539567, 0.034255994915054364, -0.05278937877710591], [-0.004613961187329897, -0.05278937877710591, 0.09505902506396827]], "chi2_level": 0.95, "chi2_df": 3, "chi2_threshold": 7.814727903251179, "N_raw": 24, "N_roi": 19, "N_inlier": 19, "refit": true}
{"timestamp": "16:56:45.538890", "frame": 121, "mu": [-2.389349986400482, 1.5828776397758182, 1.3084582572400425], "Sigma": [[0.00454183705543829, 0.001411095650189312, -0.0018474583102106204], [0.001411095650189312, 0.009955932766827826, -0.007139204516209094], [-0.0018474583102106204, -0.007139204516209094, 0.007712088259232834]], "chi2_level": 0.95, "chi2_df": 3, "chi2_threshold": 7.814727903251179, "N_raw": 45, "N_roi": 32, "N_inlier": 29, "refit": true}
{"timestamp": "16:56:45.597984", "frame": 122, "mu": [-2.3988461468283546, 1.5369764440118092, 1.3181419192430677], "Sigma": [[0.005089899912330854, 0.00047635751108028726, -0.004282530568438905], [0.00047635751108028736, 0.015608254766449095, -0.00032792969440347745], [-0.004282530568438905, -0.00032792969440347767, 0.004155012505014462]], "chi2_level": 0.95, "chi2_df": 3, "chi2_threshold": 7.814727903251179, "N_raw": 68, "N_roi": 33, "N_inlier": 29, "refit": true}
{"timestamp": "16:56:45.651466", "frame": 123, "mu": [-2.4007333716658956, 1.4609681225153799, 1.1687060116022483], "Sigma": [[0.0029454342151367364, 0.0014729119320558573, 0.00029961194075412133], [0.0014729119320558573, 0.005109289607207175, -0.003868419210636711], [0.0002996119407541212, -0.003868419210636711, 0.004607131308764122]], "chi2_level": 0.95, "chi2_df": 3, "chi2_threshold": 7.814727903251179, "N_raw": 52, "N_roi": 23, "N_inlier": 20, "refit": true}
{"timestamp": "16:56:45.708590", "frame": 124, "mu": [-2.416431607442345, 1.6547231387432828, -0.5080680747318582], "Sigma": [[0.0034362789775024974, 0.0009025642605345207, 0.0020867348837069087], [0.00090256426053452, 0.02668662259019691, 0.023413893883058125], [0.0020867348837069087, 0.023413893883058125, 0.02598260152597467]], "chi2_level": 0.95, "chi2_df": 3, "chi2_threshold": 7.814727903251179, "N_raw": 75, "N_roi": 24, "N_inlier": 23, "refit": true}
{"timestamp": "16:56:45.758362", "frame": 125, "mu": [-2.41850697676174, 1.445207947301289, 1.1116284354322554], "Sigma": [[0.002766857768780371, 0.0022581734370352544, -0.0021638904670111285], [0.002258173437035255, 0.007386989746432517, -0.003964416608496987], [-0.0021638904670111285, -0.003964416608496987, 0.0038540360511842013]], "chi2_level": 0.95, "chi2_df": 3, "chi2_threshold": 7.814727903251179, "N_raw": 33, "N_roi": 17, "N_inlier": 17, "refit": true}
{"timestamp": "16:56:45.816411", "frame": 126, "mu": [-2.4339222985852182, 1.7013626412287992, -0.42781349884274666], "Sigma": [[0.002445694850382928, -0.0015704250462475512, 2.9326957079277196e-05], [-0.001570425046247551, 0.010364097460141478, -0.003459997429894779], [2.9326957079277142e-05, -0.003459997429894779, 0.002575491433473399]], "chi2_level": 0.95, "chi2_df": 3, "chi2_threshold": 7.814727903251179, "N_raw": 56, "N_roi": 18, "N_inlier": 17, "refit": true}
