{"timestamp": "16:53:40.766870", "frame": 15, "mu": [-2.287788874298591, 4.94523427004753, 1.1363861950412097], "Sigma": [[0.006233296413338555, 0.000741124172583447, -0.003792291915640768], [0.000741124172583447, 0.0010167522037768096, -0.0017944582345288203], [-0.003792291915640768, -0.0017944582345288203, 0.007451995825441382]], "chi2_level": 0.95, "chi2_df": 3, "chi2_threshold": 7.814727903251179, "N_raw": 34, "N_roi": 11, "N_inlier": 11, "refit": true}
{"timestamp": "16:53:41.096015", "frame": 21, "mu": [-2.2125193116263784, 4.964714095482183, 0.3731106179744542], "Sigma": [[0.0070923015794173445, 0.00018002741442307683, -0.0009845417841859302], [0.00018002741442307683, 0.0005475053771598225, -0.0002473912115713433], [-0.00098454178418593, -0.0002473912115713433, 0.0003908734615790945]], "chi2_level": 0.95, "chi2_df": 3, "chi2_threshold": 7.814727903251179, "N_raw": 22, "N_roi": 7, "N_inlier": 7, "refit": true}
{"timestamp": "16:53:41.151889", "frame": 22, "mu": [-2.109936649702352, 4.9165669824213225, 0.7887043698931512], "Sigma": [[0.03549439555895788, 0.007121476945407312, -0.020919881942309673], [0.007121476945407312, 0.0029532021319045544, -0.006071348038327481], [-0.020919881942309673, -0.006071348038327479, 0.018327080156149776]], "chi2_level": 0.95, "chi2_df": 3, "chi2_threshold": 7.814727903251179, "N_raw": 35, "N_roi": 32, "N_inlier": 31, "refit": true}
{"timestamp": "16:53:41.206414", "frame": 23, "mu": [-2.0385362626990378, 4.929070619194436, 1.0156257299460385], "Sigma": [[0.005796993873322899, 0.000843359614212029, -0.0002231937507389306], [0.0008433596142120286, 0.0019812026824428076, -0.001519851568611049], [-0.00022319375073893058, -0.001519851568611049, 0.00620628793431338]], "chi2_level": 0.95, "chi2_df": 3, "chi2_threshold": 7.814727903251179, "N_raw": 8, "N_roi": 8, "N_inlier": 7, "refit": true}
{"timestamp": "16:53:41.317417", "frame": 25, "mu": [-1.9527810692030154, 4.834461683966184, 0.8497145661875689], "Sigma": [[0.029544460467376545, 0.010414155058397868, -0.006341340387582307], [0.010414155058397868, 0.005347260408519432, -0.002939904388009105], [-0.006341340387582307, -0.0029399043880091054, 0.0018925252316135]], "chi2_level": 0.95, "chi2_df": 3, "chi2_threshold": 7.814727903251179, "N_raw": 26, "N_roi": 26, "N_inlier": 24, "refit": true}
{"timestamp": "16:53:41.371674", "frame": 26, "mu": [-1.89766925013121, 4.813665982075231, 0.6964786496202818], "Sigma": [[0.01590610658514232, 0.0023970633009446247, -0.005184889279622059], [0.0023970633009446247, 0.001394472406315145, -0.001970180688071115], [-0.005184889279622058, -0.001970180688071115, 0.006107860793151975]], "chi2_level": 0.95, "chi2_df": 3, "chi2_threshold": 7.814727903251179, "N_raw": 17, "N_roi": 16, "N_inlier": 16, "refit": true}
{"timestamp": "16:53:41.483203", "frame": 28, "mu": [-1.9625807571909792, 4.714816742716993, 0.6642023511859385], "Sigma": [[0.027154712337257445, 0.006983666500346161, -0.007106858137948369], [0.006983666500346161, 0.0025814694895887795, -0.002923964135389679], [-0.0071068581379483695, -0.002923964135389679, 0.008578276919742188]], "chi2_level": 0.95, "chi2_df": 3, "chi2_threshold": 7.814727903251179, "N_raw": 23, "N_roi": 23, "N_inlier": 22, "refit": true}
{"timestamp": "16:53:41.591258", "frame": 30, "mu": [-1.9944132339059266, 4.592653708319329, 0.5221066722707779], "Sigma": [[0.02603451754448578, 0.008044874014889807, -0.004816782821988155], [0.008044874014889807, 0.0034245852134353297, -0.0020460426147872655], [-0.004816782821988156, -0.002046042614787265, 0.004119090019013333]], "chi2_level": 0.95, "chi2_df": 3, "chi2_threshold": 7.814727903251179, "N_raw": 22, "N_roi": 22, "N_inlier": 21, "refit": true}
{"timestamp": "16:53:41.645999", "frame": 31, "mu": [-2.0298002747941237, 4.553086678055549, 0.7136977592172438], "Sigma": [[0.016160987963173636, 0.007091251272111361, 0.0063741542677498465], [0.00709125127211136, 0.0035602636657758755, 0.00580104890012589], [0.0063741542677498465, 0.00580104890012589, 0.04627325257582859]], "chi2_level": 0.95, "chi2_df": 3, "chi2_threshold": 7.814727903251179, "N_raw": 20, "N_roi": 20, "N_inlier": 19, "refit": true}
{"timestamp": "16:53:41.700782", "frame": 32, "mu": [-2.0444676082416446, 4.583836108081097, 0.798186603492696], "Sigma": [[0.015389666917917237, 0.004405125952255369, -0.002835624377874596], [0.0044051259522553685, 0.0019599130520703556, -0.0022835875842529083], [-0.002835624377874596, -0.0022835875842529083, 0.00792378564085846]], "chi2_level": 0.95, "chi2_df": 3, "chi2_threshold": 7.814727903251179, "N_raw": 16, "N_roi": 16, "N_inlier": 16, "refit": true}
{"timestamp": "16:53:41.754868", "frame": 33, "mu": [-1.9501374745955153, 4.53204368340773, 0.9351647974431523], "Sigma": [[0.015028765378385852, 0.001904967109853591, 0.024155771853348565], [0.0019049671098535915, 0.004763895049617979, -0.00243259902786258], [0.024155771853348565, -0.00243259902786258, 0.051413307392543656]], "chi2_level": 0.95, "chi2_df": 3, "chi2_threshold": 7.814727903251179, "N_raw": 7, "N_roi": 7, "N_inlier": 7, "refit": true}
{"timestamp": "16:53:41.809826", "frame": 34, "mu": [-1.9728545270180768, 4.426935662246505, 0.7690466610395764], "Sigma": [[0.006346551998668378, -1.1132718973160021e-05, 0.013235162084426065], [-1.1132718973160021e-05, 0.005878801198307338, -0.0025079125182297527], [0.013235162084426065, -0.002507912518229753, 0.10146532393313891]], "chi2_level": 0.95, "chi2_df": 3, "chi2_threshold": 7.814727903251179, "N_raw": 10, "N_roi": 7, "N_inlier": 7, "refit": true}
{"timestamp": "16:53:41.871519", "frame": 35, "mu": [-2.033251480973375, 4.414802582303001, 0.41736835186320725], "Sigma": [[0.04034775785504069, 0.01075213885847117, -0.019139599632496743], [0.01075213885847117, 0.005422445191456242, -0.007292177941646086], [-0.019139599632496743, -0.007292177941646086, 0.01315424008589936]], "chi2_level": 0.95, "chi2_df": 3, "chi2_threshold": 7.814727903251179, "N_raw": 49, "N_roi": 46, "N_inlier": 45, "refit": true}
{"timestamp": "16:53:41.925076", "frame": 36, "mu": [-2.011883789907874, 4.4198069444676715, 0.619616232098045], "Sigma": [[0.024175966653068225, 0.00456956903206847, -0.0094640044704465], [0.00456956903206847, 0.0015869143948963234, -0.002623176878312311], [-0.009464004470446498, -0.002623176878312311, 0.03786655540722722]], "chi2_level": 0.95, "chi2_df": 3, "chi2_threshold": 7.814727903251179, "N_raw": 36, "N_roi": 36, "N_inlier": 35, "refit": true}
{"timestamp": "16:53:41.975946", "frame": 37, "mu": [-2.0563497984766954, 4.32288297269256, 0.4156622550793009], "Sigma": [[0.006971873286716263, 0.0006902918426799085, 0.0005169183578127862], [0.0006902918426799085, 0.0011665889985608348, -0.0006988004842659096], [0.0005169183578127858, -0.0006988004842659097, 0.006761717312469768]], "chi2_level": 0.95, "chi2_df": 3, "chi2_threshold": 7.814727903251179, "N_raw": 9, "N_roi": 9, "N_inlier": 8, "refit": true}
{"timestamp": "16:53:42.031739", "frame": 38, "mu": [-2.0664316711184947, 4.313884126398131, 0.6937524974010001], "Sigma": [[0.007485918026180121, 0.0023354863889058857, 0.0050606458259550595], [0.0023354863889058857, 0.0010049483616150804, 0.00042726622213714466], [0.0050606458259550595, 0.0004272662221371445, 0.013857105296745543]], "chi2_level": 0.95, "chi2_df": 3, "chi2_threshold": 7.814727903251179, "N_raw": 15, "N_roi": 15, "N_inlier": 13, "refit": true}
{"timestamp": "16:53:42.087405", "frame": 39, "mu": [-1.9094779337943646, 4.339050448136421, 0.9943954013429682], "Sigma": [[0.009343350695975474, 0.003611465322157557, -0.0012963116068116299], [0.003611465322157557, 0.0025036460531408407, -0.002299838803511343], [-0.00129631160681163, -0.002299838803511343, 0.007552843916449781]], "chi2_level": 0.95, "chi2_df": 3, "chi2_threshold": 7.814727903251179, "N_raw": 15, "N_roi": 15, "N_inlier": 14, "refit": true}
{"timestamp": "16:53:42.142051", "frame": 40, "mu": [-2.024933401128941, 4.246699567632924, 0.8814826547731052], "Sigma": [[0.01041141653673191, 0.0034965664791610966, -0.005417373895873806], [0.0034965664791610966, 0.001565071233269417, -0.003592502832264149], [-0.005417373895873806, -0.003592502832264149, 0.017786188716959306]], "chi2_level": 0.95, "chi2_df": 3, "chi2_threshold": 7.814727903251179, "N_raw": 21, "N_roi": 20, "N_inlier": 19, "refit": true}
{"timestamp": "16:53:42.306711", "frame": 43, "mu": [-2.0233402957186883, 4.1369090977041365, 0.7577234653973888], "Sigma": [[0.008938117078207594, 0.0007069125984547265, -0.006834607175372304], [0.0007069125984547265, 0.0013280715897955417, -0.0017655618494671922], [-0.006834607175372304, -0.0017655618494671925, 0.008266648778050603]], "chi2_level": 0.95, "chi2_df": 3, "chi2_threshold": 7.814727903251179, "N_raw": 19, "N_roi": 19, "N_inlier": 17, "refit": true}
{"timestamp": "16:53:42.473112", "frame": 46, "mu": [-2.009028543974245, 3.989675393371571, 0.7626604026379457], "Sigma": [[0.022645693350903988, 0.003960903465581747, -0.02176837780676993], [0.003960903465581747, 0.0022560111667184113, -0.005099978717076748], [-0.02176837780676993, -0.005099978717076748, 0.025317410493706637]], "chi2_level": 0.95, "chi2_df": 3, "chi2_threshold": 7.814727903251179, "N_raw": 28, "N_roi": 28, "N_inlier": 28, "refit": true}
{"timestamp": "16:53:42.529369", "frame": 47, "mu": [-2.0544968583288887, 3.9496203427175196, 0.783572750552507], "Sigma": [[0.025747262552686126, 0.006093722733006788, -0.021516541025214955], [0.006093722733006788, 0.0034136373067098717, -0.007383107578401548], [-0.021516541025214955, -0.007383107578401548, 0.023790323088226737]], "chi2_level": 0.95, "chi2_df": 3, "chi2_threshold": 7.814727903251179, "N_raw": 40, "N_roi": 38, "N_inlier": 37, "refit": true}
{"timestamp": "16:53:42.585596", "frame": 48, "mu": [-1.9459732905051912, 3.9167310644154267, 0.7316391251336352], "Sigma": [[0.02182584534795081, 0.004370605908929518, -0.018214202608078784], [0.004370605908929518, 0.001350566387129472, -0.003924870594192894], [-0.018214202608078787, -0.003924870594192894, 0.05596681335547783]], "chi2_level": 0.95, "chi2_df": 3, "chi2_threshold": 7.814727903251179, "N_raw": 40, "N_roi": 40, "N_inlier": 39, "refit": true}
{"timestamp": "16:53:42.638384", "frame": 49, "mu": [-1.9836881889176547, 3.893960288469458, 0.7532625729405737], "Sigma": [[0.018154138585284585, 0.0023446067258957, -0.020626228024702722], [0.0023446067258957, 0.0007960923939026614, -0.00461486652625858], [-0.020626228024702722, -0.00461486652625858, 0.050737896114268446]], "chi2_level": 0.95, "chi2_df": 3, "chi2_threshold": 7.814727903251179, "N_raw": 34, "N_roi": 34, "N_inlier": 33, "refit": true}
{"timestamp": "16:53:42.750911", "frame": 51, "mu": [-1.8831295891788309, 3.785674784679357, 0.8152734404026782], "Sigma": [[0.02045250734179684, 0.0045228170582458805, -0.01263337486514337], [0.0045228170582458805, 0.003962031724378526, -0.006787292492880148], [-0.01263337486514337, -0.006787292492880148, 0.016633514612277998]], "chi2_level": 0.95, "chi2_df": 3, "chi2_threshold": 7.814727903251179, "N_raw": 45, "N_roi": 45, "N_inlier": 45, "refit": true}
{"timestamp": "16:53:42.859045", "frame": 53, "mu": [-1.8271539895179396, 3.7168002148021535, 0.8195538187206192], "Sigma": [[0.019799894435340033, 0.005098429420900531, -0.01074549427854278], [0.005098429420900531, 0.0022451505400578136, -0.0051427122234212995], [-0.01074549427854278, -0.005142712223421299, 0.0158501001683545]], "chi2_level": 0.95, "chi2_df": 3, "chi2_threshold": 7.814727903251179, "N_raw": 36, "N_roi": 36, "N_inlier": 34, "refit": true}
{"timestamp": "16:53:42.966550", "frame": 55, "mu": [-2.0437985583618605, 3.598678285168785, 0.7158085626296848], "Sigma": [[0.008524157317077096, 0.0018671718218242425, -0.0044178096040693934], [0.0018671718218242425, 0.0011815542908882191, -0.002482342993450264], [-0.0044178096040693934, -0.002482342993450264, 0.008302173985271919]], "chi2_level": 0.95, "chi2_df": 3, "chi2_threshold": 7.814727903251179, "N_raw": 16, "N_roi": 16, "N_inlier": 16, "refit": true}
{"timestamp": "16:53:43.026949", "frame": 56, "mu": [-1.969774839734626, 3.5257722188464573, 0.8543307197813567], "Sigma": [[0.020404530651086328, 0.007316150523402961, -0.014251950752894607], [0.007316150523402961, 0.003466053641761963, -0.00952074517343194], [-0.014251950752894607, -0.00952074517343194, 0.046939643200617685]], "chi2_level": 0.95, "chi2_df": 3, "chi2_threshold": 7.814727903251179, "N_raw": 51, "N_roi": 51, "N_inlier": 48, "refit": true}
{"timestamp": "16:53:43.077268", "frame": 57, "mu": [-1.9092625649010113, 3.536750924647115, 1.0508156087739398], "Sigma": [[0.010394453423428419, 0.0034015318841587087, -0.003993679794435407], [0.0034015318841587087, 0.001787398361898261, -0.003802635659445604], [-0.003993679794435407, -0.003802635659445604, 0.02148293857409101]], "chi2_level": 0.95, "chi2_df": 3, "chi2_threshold": 7.814727903251179, "N_raw": 18, "N_roi": 18, "N_inlier": 16, "refit": true}
{"timestamp": "16:53:43.138263", "frame": 58, "mu": [-1.9243371026569038, 3.5008848664983536, 0.8254844927633934], "Sigma": [[0.02578985806305254, 0.008105066128763584, -0.005558647163190145], [0.008105066128763584, 0.003460470192119274, -0.006747958936621843], [-0.005558647163190144, -0.006747958936621843, 0.05328438978308592]], "chi2_level": 0.95, "chi2_df": 3, "chi2_threshold": 7.814727903251179, "N_raw": 65, "N_roi": 65, "N_inlier": 62, "refit": true}
{"timestamp": "16:53:43.295437", "frame": 61, "mu": [-2.0392405809967107, 3.295178656494504, 0.9185101524239392], "Sigma": [[0.002355239914432041, 0.0003483290490186163, 0.007138330739369382], [0.00034832904901861635, 0.003791320205262462, -0.004350616423353773], [0.00713833073936938, -0.004350616423353773, 0.10030600527796713]], "chi2_level": 0.95, "chi2_df": 3, "chi2_threshold": 7.814727903251179, "N_raw": 7, "N_roi": 7, "N_inlier": 7, "refit": true}
{"timestamp": "16:53:43.353230", "frame": 62, "mu": [-2.00723323654676, 3.283887020117037, 0.7882213536856315], "Sigma": [[0.00832422539015936, 0.00318475020456085, -0.007051212396325042], [0.00318475020456085, 0.0024374529699193776, 0.0003565300716684202], [-0.007051212396325042, 0.0003565300716684201, 0.06802938584681141]], "chi2_level": 0.95, "chi2_df": 3, "chi2_threshold": 7.814727903251179, "N_raw": 28, "N_roi": 28, "N_inlier": 27, "refit": true}
{"timestamp": "16:53:43.515255", "frame": 65, "mu": [-1.9736130375313503, 3.176956857278353, 0.8461938667780549], "Sigma": [[0.009213983390875676, -0.0022399254746776794, 0.007093931633126359], [-0.0022399254746776794, 0.0013603713063907636, -0.0025174805324159897], [0.007093931633126359, -0.0025174805324159897, 0.010659825640832147]], "chi2_level": 0.95, "chi2_df": 3, "chi2_threshold": 7.814727903251179, "N_raw": 8, "N_roi": 8, "N_inlier": 8, "refit": true}
{"timestamp": "16:53:43.626713", "frame": 67, "mu": [-1.955727636412556, 3.079824101702614, 0.8244651437315507], "Sigma": [[0.005621669084106639, 0.0015948218176925237, -0.007887927394616934], [0.0015948218176925237, 0.0012813213855781122, -0.0037030756826531125], [-0.007887927394616934, -0.0037030756826531125, 0.04291901622275551]], "chi2_level": 0.95, "chi2_df": 3, "chi2_threshold": 7.814727903251179, "N_raw": 19, "N_roi": 19, "N_inlier": 18, "refit": true}
{"timestamp": "16:53:43.682208", "frame": 68, "mu": [-2.0161736847630314, 3.0729924584283457, 0.9579785956521379], "Sigma": [[0.009535569863436877, 0.0010303119917277643, -0.010472214208486567], [0.0010303119917277643, 0.0012692917860847772, -0.0024148582172462667], [-0.010472214208486567, -0.002414858217246267, 0.01584193356427563]], "chi2_level": 0.95, "chi2_df": 3, "chi2_threshold": 7.814727903251179, "N_raw": 20, "N_roi": 20, "N_inlier": 19, "refit": true}
{"timestamp": "16:53:43.794103", "frame": 70, "mu": [-2.0318204495486154, 2.9569067057395393, 0.933484023735839], "Sigma": [[0.014733116981832401, 0.002282263300631718, -0.015444754281105167], [0.002282263300631718, 0.004306795911865996, -0.004760663830937788], [-0.015444754281105167, -0.004760663830937787, 0.018985853092451325]], "chi2_level": 0.95, "chi2_df": 3, "chi2_threshold": 7.814727903251179, "N_raw": 39, "N_roi": 39, "N_inlier": 37, "refit": true}
{"timestamp": "16:53:43.960983", "frame": 73, "mu": [-1.9325937541718836, 3.059825154717727, -0.3804082312034183], "Sigma": [[0.01693411720796012, 0.010935778961488046, -0.01592045584325015], [0.010935778961488046, 0.011217554401472598, -0.01886310423547906], [-0.01592045584325015, -0.01886310423547906, 0.03455288946742053]], "chi2_level": 0.95, "chi2_df": 3, "chi2_threshold": 7.814727903251179, "N_raw": 47, "N_roi": 47, "N_inlier": 46, "refit": true}
{"timestamp": "16:53:44.068208", "frame": 75, "mu": [-1.9987318638725493, 2.908273228611219, -0.3923925659507864], "Sigma": [[0.009805029231120048, 0.005224444415806714, -0.007588942309536166], [0.005224444415806714, 0.006225165459253449, -0.008695024319957258], [-0.007588942309536166, -0.008695024319957258, 0.013339076107925894]], "chi2_level": 0.95, "chi2_df": 3, "chi2_threshold": 7.814727903251179, "N_raw": 29, "N_roi": 29, "N_inlier": 28, "refit": true}
{"timestamp": "16:53:44.177713", "frame": 77, "mu": [-1.9516536689287942, 2.6342961408002736, 1.076490817009541], "Sigma": [[0.011579130511545443, 0.003140385082226591, -0.010950149825868775], [0.003140385082226591, 0.002751915175947612, -0.006205832982220889], [-0.010950149825868775, -0.006205832982220888, 0.01932725424835458]], "chi2_level": 0.95, "chi2_df": 3, "chi2_threshold": 7.814727903251179, "N_raw": 34, "N_roi": 34, "N_inlier": 34, "refit": true}
{"timestamp": "16:53:44.230498", "frame": 78, "mu": [-2.0288393018585653, 2.5595692690864817, 1.260564546965774], "Sigma": [[0.00645770073171788, 0.002780973474426954, -0.006197560072338637], [0.002780973474426954, 0.002058661602279858, -0.003110923871766143], [-0.006197560072338636, -0.003110923871766143, 0.007067534228418308]], "chi2_level": 0.95, "chi2_df": 3, "chi2_threshold": 7.814727903251179, "N_raw": 12, "N_roi": 12, "N_inlier": 11, "refit": true}
{"timestamp": "16:53:44.288356", "frame": 79, "mu": [-2.004849345725721, 2.525870343645634, 1.107779939729698], "Sigma": [[0.011856700707611465, 0.002444998959554374, -0.007550304149425883], [0.0024449989595543738, 0.0027839688135563863, -0.003660752632455376], [-0.007550304149425883, -0.003660752632455376, 0.009194421077655291]], "chi2_level": 0.95, "chi2_df": 3, "chi2_threshold": 7.814727903251179, "N_raw": 34, "N_roi": 34, "N_inlier": 32, "refit": true}
{"timestamp": "16:53:44.341337", "frame": 80, "mu": [-1.8967831164466151, 2.5326992584444237, 1.0927745024407232], "Sigma": [[0.007341206753414095, 0.002786753407977579, -0.005823319004442892], [0.002786753407977579, 0.0034649975032576305, -0.0030166945963633137], [-0.005823319004442892, -0.003016694596363314, 0.006803401055140351]], "chi2_level": 0.95, "chi2_df": 3, "chi2_threshold": 7.814727903251179, "N_raw": 18, "N_roi": 18, "N_inlier": 16, "refit": true}
{"timestamp": "16:53:44.395295", "frame": 81, "mu": [-2.0163135919457535, 2.3994438658615946, 1.0186160507042046], "Sigma": [[0.008643917969992065, 0.0033453258740345645, 0.012848254361473783], [0.0033453258740345645, 0.00422675086852408, 0.00041777665774492614], [0.012848254361473781, 0.00041777665774492614, 0.036089547446465274]], "chi2_level": 0.95, "chi2_df": 3, "chi2_threshold": 7.814727903251179, "N_raw": 9, "N_roi": 9, "N_inlier": 9, "refit": true}
{"timestamp": "16:53:44.453876", "frame": 82, "mu": [-1.972700498769706, 2.398405807331124, 1.1215376194700308], "Sigma": [[0.01691450597743721, 0.005876252740400004, -0.0060797199369210546], [0.005876252740400004, 0.0034419853160485743, -0.004026314496397116], [-0.0060797199369210546, -0.004026314496397116, 0.01634187781541664]], "chi2_level": 0.95, "chi2_df": 3, "chi2_threshold": 7.814727903251179, "N_raw": 42, "N_roi": 42, "N_inlier": 40, "refit": true}
{"timestamp": "16:53:44.509739", "frame": 83, "mu": [-1.9757327595812937, 2.3487330770836263, 0.9130300196146824], "Sigma": [[0.008501277474282235, 0.0028786390340264844, -0.0032856652656952303], [0.0028786390340264853, 0.00281724003548188, -0.004984399262836928], [-0.0032856652656952307, -0.004984399262836928, 0.011546807756946878]], "chi2_level": 0.95, "chi2_df": 3, "chi2_threshold": 7.814727903251179, "N_raw": 37, "N_roi": 37, "N_inlier": 35, "refit": true}
{"timestamp": "16:53:44.567382", "frame": 84, "mu": [-1.989101099889798, 2.2814496154677073, 1.1899337898553075], "Sigma": [[0.015052240615898766, 0.007353135683580488, -0.007331922089956502], [0.007353135683580488, 0.008205417923252195, -0.00804127554381671], [-0.007331922089956502, -0.008041275543816711, 0.009413390937729454]], "chi2_level": 0.95, "chi2_df": 3, "chi2_threshold": 7.814727903251179, "N_raw": 55, "N_roi": 55, "N_inlier": 52, "refit": true}
{"timestamp": "16:53:44.627826", "frame": 85, "mu": [-2.0644806612284223, 2.1789887873121274, -0.7418279768101181], "Sigma": [[0.018999910787224905, 0.015194520695139843, -0.004523230029241548], [0.015194520695139843, 0.03323160062036728, 0.0019155726055695727], [-0.004523230029241548, 0.0019155726055695719, 0.049157542078562155]], "chi2_level": 0.95, "chi2_df": 3, "chi2_threshold": 7.814727903251179, "N_raw": 93, "N_roi": 93, "N_inlier": 91, "refit": true}
{"timestamp": "16:53:44.677556", "frame": 86, "mu": [-2.0442549618451724, 2.1247623359145202, 1.1523014566111678], "Sigma": [[0.02811165179864472, 0.023199899670143832, -0.028625799430941075], [0.023199899670143832, 0.022231367220095746, -0.02972703937042783], [-0.028625799430941075, -0.02972703937042783, 0.047190167345330644]], "chi2_level": 0.95, "chi2_df": 3, "chi2_threshold": 7.814727903251179, "N_raw": 52, "N_roi": 52, "N_inlier": 47, "refit": true}
{"timestamp": "16:53:44.729756", "frame": 87, "mu": [-2.292677336610376, 1.8471336784646042, 1.4765951587717412], "Sigma": [[0.023735452718319942, 0.018764097910533004, -0.030993882556022426], [0.018764097910533004, 0.019350981899752172, -0.026800674547935797], [-0.030993882556022426, -0.026800674547935797, 0.047565935375258016]], "chi2_level": 0.95, "chi2_df": 3, "chi2_threshold": 7.814727903251179, "N_raw": 39, "N_roi": 31, "N_inlier": 29, "refit": true}
{"timestamp": "16:53:44.786014", "frame": 88, "mu": [-2.2987073978350274, 1.8721007678262982, -0.035939257953287326], "Sigma": [[0.016983806183986094, 0.01710326958202092, -0.008908797582968786], [0.01710326958202092, 0.026322289822541638, -0.01583608081582174], [-0.008908797582968786, -0.015836080815821742, 0.011533494662531745]], "chi2_level": 0.95, "chi2_df": 3, "chi2_threshold": 7.814727903251179, "N_raw": 44, "N_roi": 39, "N_inlier": 36, "refit": true}
{"timestamp": "16:53:44.834486", "frame": 89, "mu": [-2.090768768293686, 1.9326639248438453, 1.2255078932189172], "Sigma": [[0.014647608508287124, 0.010739727587898762, -0.022922485362172562], [0.010739727587898762, 0.010033447291563894, -0.02663885535013288], [-0.022922485362172562, -0.02663885535013288, 0.12595594273034816]], "chi2_level": 0.95, "chi2_df": 3, "chi2_threshold": 7.814727903251179, "N_raw": 7, "N_roi": 7, "N_inlier": 7, "refit": true}
{"timestamp": "16:53:44.895473", "frame": 90, "mu": [-2.103444906435722, 1.8834655471642492, 1.2525597073004962], "Sigma": [[0.018516458426216142, 0.01320574173122255, -0.016905812705743782], [0.013205741731222548, 0.011421949196959255, -0.015887230091746498], [-0.016905812705743782, -0.015887230091746498, 0.025202685539563112]], "chi2_level": 0.95, "chi2_df": 3, "chi2_threshold": 7.814727903251179, "N_raw": 47, "N_roi": 47, "N_inlier": 44, "refit": true}
{"timestamp": "16:53:44.953942", "frame": 91, "mu": [-2.078426976015956, 1.852423307841548, 1.2673517516402788], "Sigma": [[0.02663273133845216, 0.02137778487237421, -0.027890675918582162], [0.02137778487237421, 0.02361803666032035, -0.025427280407889778], [-0.02789067591858216, -0.025427280407889774, 0.03294018367935355]], "chi2_level": 0.95, "chi2_df": 3, "chi2_threshold": 7.814727903251179, "N_raw": 71, "N_roi": 71, "N_inlier": 68, "refit": true}
{"timestamp": "16:53:45.006966", "frame": 92, "mu": [-2.2582517863509928, 1.7119307307705862, 1.496650672866176], "Sigma": [[0.01692088658857861, 0.012475525001587575, -0.014052796141645046], [0.012475525001587575, 0.018626465504362116, -0.013390197706227402], [-0.014052796141645047, -0.013390197706227402, 0.014522310647190466]], "chi2_level": 0.95, "chi2_df": 3, "chi2_threshold": 7.814727903251179, "N_raw": 54, "N_roi": 53, "N_inlier": 50, "refit": true}
{"timestamp": "16:53:45.059647", "frame": 93, "mu": [-2.193921872254725, 1.6640793745784488, 1.4228958876242055], "Sigma": [[0.015364374246175821, 0.011281536695643711, -0.015031114923765156], [0.011281536695643711, 0.016567527819378626, -0.01317135790138666], [-0.015031114923765156, -0.01317135790138666, 0.016476384612489594]], "chi2_level": 0.95, "chi2_df": 3, "chi2_threshold": 7.814727903251179, "N_raw": 42, "N_roi": 42, "N_inlier": 39, "refit": true}
{"timestamp": "16:53:45.124038", "frame": 94, "mu": [-2.0893728423903624, 1.7357729832776558, 1.26484617276086], "Sigma": [[0.021737710031482886, 0.015722736413608523, -0.02067784229427052], [0.015722736413608523, 0.018095189497137024, -0.02248583636400784], [-0.02067784229427052, -0.022485836364007843, 0.06375225717882185]], "chi2_level": 0.95, "chi2_df": 3, "chi2_threshold": 7.814727903251179, "N_raw": 100, "N_roi": 100, "N_inlier": 100, "refit": true}
{"timestamp": "16:53:45.175395", "frame": 95, "mu": [-2.0969284862667066, 1.6563772261392598, 1.2627743307399089], "Sigma": [[0.019147654319357797, 0.013744823340281556, -0.019859408505094985], [0.013744823340281556, 0.015389157813946652, -0.021902206346201672], [-0.01985940850509498, -0.021902206346201672, 0.041507481759289803]], "chi2_level": 0.95, "chi2_df": 3, "chi2_threshold": 7.814727903251179, "N_raw": 78, "N_roi": 78, "N_inlier": 76, "refit": true}
{"timestamp": "16:53:45.232393", "frame": 96, "mu": [-2.0220192878790915, 1.7284459934872125, 1.2197908212148056], "Sigma": [[0.01727676105986454, 0.013680459144956188, -0.013921258623040313], [0.013680459144956188, 0.016890928884665857, -0.018921615946069545], [-0.01392125862304031, -0.018921615946069545, 0.034794994550073594]], "chi2_level": 0.95, "chi2_df": 3, "chi2_threshold": 7.814727903251179, "N_raw": 86, "N_roi": 86, "N_inlier": 83, "refit": true}
{"timestamp": "16:53:45.278390", "frame": 97, "mu": [-2.067031933343635, 1.6001072616660437, 1.1437394917729904], "Sigma": [[0.02592671499342379, 0.019634248780151038, -0.01650316045497052], [0.019634248780151038, 0.017693887716141693, -0.005833200632554919], [-0.01650316045497052, -0.005833200632554919, 0.06867583137968195]], "chi2_level": 0.95, "chi2_df": 3, "chi2_threshold": 7.814727903251179, "N_raw": 22, "N_roi": 22, "N_inlier": 21, "refit": true}
{"timestamp": "16:53:45.342392", "frame": 98, "mu": [-1.9672487542131836, 1.5902894562657304, 1.1655283383678192], "Sigma": [[0.019990210210462343, 0.015038228537232096, -0.012114322577382711], [0.015038228537232096, 0.016386995569027955, -0.0171160528349858], [-0.012114322577382711, -0.0171160528349858, 0.022159647826217987]], "chi2_level": 0.95, "chi2_df": 3, "chi2_threshold": 7.814727903251179, "N_raw": 89, "N_roi": 89, "N_inlier": 85, "refit": true}
{"timestamp": "16:53:45.393049", "frame": 99, "mu": [-1.991935369701846, 1.5238393002976522, 1.287737336804149], "Sigma": [[0.014864854261340108, 0.009122265900972296, -0.00916306221891342], [0.009122265900972296, 0.01212441001874569, -0.010430599924118229], [-0.009163062218913422, -0.010430599924118229, 0.01022460100346863]], "chi2_level": 0.95, "chi2_df": 3, "chi2_threshold": 7.814727903251179, "N_raw": 60, "N_roi": 60, "N_inlier": 58, "refit": true}
{"timestamp": "16:53:45.499237", "frame": 100, "mu": [-2.027929357044916, 1.3605158558015822, 1.3397898871878504], "Sigma": [[0.007311096256058513, 0.006229308742212009, -0.004976734056401491], [0.00622930874221201, 0.009755260080080515, -0.006324246684454035], [-0.004976734056401491, -0.0063242466844540355, 0.005111576877515706]], "chi2_level": 0.95, "chi2_df": 3, "chi2_threshold": 7.814727903251179, "N_raw": 26, "N_roi": 26, "N_inlier": 25, "refit": true}
{"timestamp": "16:53:45.513905", "frame": 101, "mu": [-1.884449566424718, 1.6466198104541434, -0.39970921633340956], "Sigma": [[0.018708667787463374, 0.01670105736266151, -0.009062149817167985], [0.01670105736266151, 0.024173517921108847, -0.017035116560674378], [-0.009062149817167985, -0.017035116560674378, 0.013887638966567457]], "chi2_level": 0.95, "chi2_df": 3, "chi2_threshold": 7.814727903251179, "N_raw": 84, "N_roi": 84, "N_inlier": 80, "refit": true}
{"timestamp": "16:53:45.559147", "frame": 102, "mu": [-1.9627679689238544, 1.3359724625442724, 1.274308396866892], "Sigma": [[0.012635598237828947, 0.008161745635571097, -0.009275854641615469], [0.008161745635571097, 0.013298351528987127, -0.01355254471253667], [-0.009275854641615469, -0.01355254471253667, 0.014758018141075675]], "chi2_level": 0.95, "chi2_df": 3, "chi2_threshold": 7.814727903251179, "N_raw": 67, "N_roi": 67, "N_inlier": 65, "refit": true}
{"timestamp": "16:53:45.615358", "frame": 103, "mu": [-1.8078559849037361, 1.4078738119111482, 1.156643182406836], "Sigma": [[0.01834721481161465, 0.014909055860828047, -0.011862188379256068], [0.014909055860828047, 0.017990049522550157, -0.014535802996018735], [-0.011862188379256068, -0.014535802996018735, 0.013153031525299725]], "chi2_level": 0.95, "chi2_df": 3, "chi2_threshold": 7.814727903251179, "N_raw": 79, "N_roi": 79, "N_inlier": 75, "refit": true}
{"timestamp": "16:53:45.670518", "frame": 104, "mu": [-1.8896392434146925, 1.291381355490198, 1.1823186279222813], "Sigma": [[0.011795738421491864, 0.004561157694115448, -0.0016802785667019407], [0.004561157694115447, 0.008662531662202134, -0.008346500576165521], [-0.0016802785667019405, -0.008346500576165521, 0.020783189819517267]], "chi2_level": 0.95, "chi2_df": 3, "chi2_threshold": 7.814727903251179, "N_raw": 71, "N_roi": 71, "N_inlier": 69, "refit": true}
{"timestamp": "16:53:45.724960", "frame": 105, "mu": [-1.8739827995427907, 1.255222000476469, 1.2266303145593194], "Sigma": [[0.014176638177689391, 0.009610816392666515, -0.00786938885182342], [0.009610816392666515, 0.014010215086851728, -0.01264413503622975], [-0.00786938885182342, -0.012644135036229751, 0.013499501127007341]], "chi2_level": 0.95, "chi2_df": 3, "chi2_threshold": 7.814727903251179, "N_raw": 77, "N_roi": 77, "N_inlier": 75, "refit": true}
{"timestamp": "16:53:45.775437", "frame": 106, "mu": [-1.9181813518386883, 1.1315659594832994, 1.2286573357923876], "Sigma": [[0.006208948408308808, 0.005408208254090949, -0.0031827070697552067], [0.005408208254090949, 0.012702986119973282, -0.010767680943722144], [-0.0031827070697552067, -0.010767680943722144, 0.01586966486482744]], "chi2_level": 0.95, "chi2_df": 3, "chi2_threshold": 7.814727903251179, "N_raw": 41, "N_roi": 41, "N_inlier": 37, "refit": true}
{"timestamp": "16:53:45.836554", "frame": 107, "mu": [-1.9518530619272885, 1.135253194311888, 1.0290029643683658], "Sigma": [[0.011791220638141245, 0.007373891422862993, 0.004365966158006751], [0.007373891422862993, 0.00749352565372927, -0.0052129533131977735], [0.0043659661580067516, -0.005212953313197774, 0.04257832946918766]], "chi2_level": 0.95, "chi2_df": 3, "chi2_threshold": 7.814727903251179, "N_raw": 90, "N_roi": 90, "N_inlier": 85, "refit": true}
{"timestamp": "16:53:45.887306", "frame": 108, "mu": [-1.8988899729426536, 1.0586574466282548, 1.202935087113898], "Sigma": [[0.008364673963901016, 0.007607209324471098, -0.0003684971098047066], [0.007607209324471098, 0.011066115273008827, -0.0053036807387887835], [-0.00036849710980470663, -0.0053036807387887835, 0.017771548076401723]], "chi2_level": 0.95, "chi2_df": 3, "chi2_threshold": 7.814727903251179, "N_raw": 57, "N_roi": 57, "N_inlier": 55, "refit": true}
{"timestamp": "16:53:45.943905", "frame": 109, "mu": [-1.8681667567196654, 1.0626116198470348, 1.1637125743839591], "Sigma": [[0.014112207698067316, 0.012411576538912967, -0.003443842273146163], [0.012411576538912969, 0.014747431048007765, -0.006953343938778025], [-0.003443842273146163, -0.006953343938778025, 0.009990233298016304]], "chi2_level": 0.95, "chi2_df": 3, "chi2_threshold": 7.814727903251179, "N_raw": 67, "N_roi": 67, "N_inlier": 61, "refit": true}
{"timestamp": "16:53:45.997148", "frame": 110, "mu": [-1.9115391843355003, 1.032141769765147, 1.1811663035019555], "Sigma": [[0.005898122079164792, 0.0040876461929921105, -0.000443495103865891], [0.0040876461929921105, 0.007458644999807367, -0.007429409244961999], [-0.000443495103865891, -0.007429409244961999, 0.01870620516374118]], "chi2_level": 0.95, "chi2_df": 3, "chi2_threshold": 7.814727903251179, "N_raw": 51, "N_roi": 51, "N_inlier": 49, "refit": true}
{"timestamp": "16:53:46.052910", "frame": 111, "mu": [-1.8766554894100826, 0.985339995990593, 1.1540186766107627], "Sigma": [[0.008070251547838353, 0.002593831800806427, -0.0036665240164487295], [0.0025938318008064272, 0.013053981909200483, -0.006652853123662], [-0.0036665240164487295, -0.006652853123662, 0.006615455554138822]], "chi2_level": 0.95, "chi2_df": 3, "chi2_threshold": 7.814727903251179, "N_raw": 59, "N_roi": 59, "N_inlier": 55, "refit": true}
{"timestamp": "16:53:46.106828", "frame": 112, "mu": [-1.877192425255739, 0.8318413103435112, 1.0921009858601138], "Sigma": [[0.00700287910294809, 0.0031191006737284438, -8.756573405231042e-05], [0.003119100673728444, 0.006103847278447123, -0.005062548455973402], [-8.756573405231032e-05, -0.0050625484559734014, 0.02263124261273593]], "chi2_level": 0.95, "chi2_df": 3, "chi2_threshold": 7.814727903251179, "N_raw": 56, "N_roi": 56, "N_inlier": 56, "refit": true}
{"timestamp": "16:53:46.260908", "frame": 113, "mu": [-1.9398306772543241, 0.8652730380959619, 1.114642479532461], "Sigma": [[0.008550205702546446, 0.0074906637250237145, 0.0002404051803049711], [0.0074906637250237145, 0.009679047959166595, -0.007279748303377837], [0.0002404051803049708, -0.0072797483033778376, 0.024817540739329284]], "chi2_level": 0.95, "chi2_df": 3, "chi2_threshold": 7.814727903251179, "N_raw": 64, "N_roi": 64, "N_inlier": 63, "refit": true}
{"timestamp": "16:53:46.290645", "frame": 114, "mu": [-1.8951244065405133, 0.8391617470347623, 1.236759735718635], "Sigma": [[0.00895575947197376, 0.008061855388054517, 0.0004180985048226627], [0.008061855388054517, 0.014620151498305844, -0.009034211964108575], [0.0004180985048226623, -0.009034211964108575, 0.020437456835603877]], "chi2_level": 0.95, "chi2_df": 3, "chi2_threshold": 7.814727903251179, "N_raw": 64, "N_roi": 64, "N_inlier": 64, "refit": true}
{"timestamp": "16:53:46.323363", "frame": 115, "mu": [-1.8754098788949503, 0.8143132053915022, 1.292507108911291], "Sigma": [[0.006636610467107981, 0.006479218267762739, -0.0010430877688096798], [0.006479218267762739, 0.015811463086517957, 0.007173704518639034], [-0.0010430877688096798, 0.007173704518639035, 0.03777321065284892]], "chi2_level": 0.95, "chi2_df": 3, "chi2_threshold": 7.814727903251179, "N_raw": 45, "N_roi": 45, "N_inlier": 43, "refit": true}
{"timestamp": "16:53:46.353277", "frame": 116, "mu": [-1.8484189252191425, 0.7944927261099756, 1.067476519212682], "Sigma": [[0.00522042624485215, 0.003916310585366475, 0.0038782641564073786], [0.003916310585366475, 0.011858835946535768, 0.012230381725737649], [0.0038782641564073794, 0.012230381725737649, 0.03346454565025164]], "chi2_level": 0.95, "chi2_df": 3, "chi2_threshold": 7.814727903251179, "N_raw": 43, "N_roi": 43, "N_inlier": 41, "refit": true}
{"timestamp": "16:53:46.390704", "frame": 117, "mu": [-1.8743401777102124, 0.7825636229460553, 1.2196707254433732], "Sigma": [[0.005412522568215532, 0.0050369565216205735, -0.0014512062912764483], [0.0050369565216205735, 0.011007787765692367, -0.008468224848200749], [-0.0014512062912764485, -0.008468224848200749, 0.016615542523611724]], "chi2_level": 0.95, "chi2_df": 3, "chi2_threshold": 7.814727903251179, "N_raw": 50, "N_roi": 50, "N_inlier": 46, "refit": true}
{"timestamp": "16:53:46.439118", "frame": 118, "mu": [-1.8820568108014812, 0.7571639391245879, 1.189578705040522], "Sigma": [[0.007846049727747067, 0.006343508288654355, 0.0004916442815579315], [0.006343508288654355, 0.010276065600263132, -0.004875042672041439], [0.0004916442815579314, -0.004875042672041439, 0.025890259011631698]], "chi2_level": 0.95, "chi2_df": 3, "chi2_threshold": 7.814727903251179, "N_raw": 63, "N_roi": 63, "N_inlier": 60, "refit": true}
{"timestamp": "16:53:46.490892", "frame": 119, "mu": [-1.8464834820982179, 0.6863341698505299, 1.1311053174668728], "Sigma": [[0.009661996761276553, 0.006832472584136406, -0.0012499051026410917], [0.006832472584136406, 0.013697251815171655, -0.007204895863675826], [-0.0012499051026410917, -0.007204895863675826, 0.006498834659315152]], "chi2_level": 0.95, "chi2_df": 3, "chi2_threshold": 7.814727903251179, "N_raw": 54, "N_roi": 54, "N_inlier": 52, "refit": true}
{"timestamp": "16:53:46.546819", "frame": 120, "mu": [-1.8052244841523901, 0.6277466821635155, 1.1538342257626353], "Sigma": [[0.010262278190540807, 0.0033006097214442398, -0.0029457166566412094], [0.0033006097214442398, 0.01316400021655263, -0.007298069018655388], [-0.0029457166566412094, -0.007298069018655388, 0.005008631688439795]], "chi2_level": 0.95, "chi2_df": 3, "chi2_threshold": 7.814727903251179, "N_raw": 56, "N_roi": 56, "N_inlier": 53, "refit": true}
{"timestamp": "16:53:46.601622", "frame": 121, "mu": [-1.82065950530237, 0.5729940630013102, 1.1316305944964198], "Sigma": [[0.011186177595627277, -0.0005698123591970365, -0.006702205125298176], [-0.0005698123591970368, 0.013560798170793168, -0.003605800091971645], [-0.006702205125298176, -0.0036058000919716444, 0.006130101032520696]], "chi2_level": 0.95, "chi2_df": 3, "chi2_threshold": 7.814727903251179, "N_raw": 52, "N_roi": 52, "N_inlier": 48, "refit": true}
{"timestamp": "16:53:46.655748", "frame": 122, "mu": [-1.7372368747030134, 0.6224000016354444, 1.1990084737413893], "Sigma": [[0.007927409223000463, 0.0033378822311828406, -0.0009844569249699258], [0.0033378822311828406, 0.011966025701802678, -0.005567056394653009], [-0.0009844569249699258, -0.005567056394653009, 0.0039378075317800425]], "chi2_level": 0.95, "chi2_df": 3, "chi2_threshold": 7.814727903251179, "N_raw": 45, "N_roi": 45, "N_inlier": 43, "refit": true}
{"timestamp": "16:53:46.710396", "frame": 123, "mu": [-1.2522463320080337, 0.6137978755584219, -0.7784818946723642], "Sigma": [[1.3837349080176355, -0.09036704533333649, 0.0040208308407316765], [-0.0903670453333365, 0.03626631015765343, 0.004587960311671064], [0.004020830840731676, 0.004587960311671064, 0.0027601548508039433]], "chi2_level": 0.95, "chi2_df": 3, "chi2_threshold": 7.814727903251179, "N_raw": 41, "N_roi": 41, "N_inlier": 41, "refit": true}
{"timestamp": "16:53:46.767849", "frame": 124, "mu": [-0.6541774049143734, 0.4609991224147172, 1.092010050726742], "Sigma": [[2.4999383807521536, -0.014002553988541111, 0.02824373817125517], [-0.014002553988541114, 0.00747724656462839, -0.002585457318423393], [0.02824373817125517, -0.002585457318423393, 0.0019998985130204186]], "chi2_level": 0.95, "chi2_df": 3, "chi2_threshold": 7.814727903251179, "N_raw": 57, "N_roi": 57, "N_inlier": 55, "refit": true}
{"timestamp": "16:53:46.821733", "frame": 125, "mu": [-1.0022118775017068, 0.5789537736360094, -0.7444317897432288], "Sigma": [[1.8155664014813724, -0.09985211557241475, -0.019292651403637416], [-0.09985211557241475, 0.034448557161898465, 0.007649447009834403], [-0.019292651403637416, 0.007649447009834403, 0.0036871298441392888]], "chi2_level": 0.95, "chi2_df": 3, "chi2_threshold": 7.814727903251179, "N_raw": 47, "N_roi": 47, "N_inlier": 47, "refit": true}
