{"timestamp": "17:09:27.329476", "frame": 44, "mu": [-2.3173117632240237, 4.134233258007802, 0.9638253033197666], "Sigma": [[0.011593856741612103, 0.0034479680382900426, -0.008118611967309824], [0.003447968038290043, 0.004504975755546756, -0.004471510421847828], [-0.008118611967309824, -0.004471510421847828, 0.007707187091775769]], "chi2_level": 0.95, "chi2_df": 3, "chi2_threshold": 7.814727903251179, "N_raw": 30, "N_roi": 22, "N_inlier": 21, "refit": true}
{"timestamp": "17:09:27.495184", "frame": 47, "mu": [-2.1766966208487615, 4.140409735309321, 1.0119111681699458], "Sigma": [[0.00787800524417445, 0.002530801970073016, -0.0031151393847083796], [0.002530801970073016, 0.0027723073837785527, -0.0021193896385997097], [-0.00311513938470838, -0.0021193896385997097, 0.003814336362512465]], "chi2_level": 0.95, "chi2_df": 3, "chi2_threshold": 7.814727903251179, "N_raw": 17, "N_roi": 14, "N_inlier": 13, "refit": true}
{"timestamp": "17:09:27.660892", "frame": 50, "mu": [-2.1760002193211823, 4.088224428107961, 1.1642723345039365], "Sigma": [[0.01650559398198201, 0.005454368968860983, -0.00980329388045192], [0.005454368968860983, 0.0034237204966905844, -0.004487838426562457], [-0.00980329388045192, -0.004487838426562457, 0.008286724373022488]], "chi2_level": 0.95, "chi2_df": 3, "chi2_threshold": 7.814727903251179, "N_raw": 22, "N_roi": 22, "N_inlier": 21, "refit": true}
{"timestamp": "17:09:27.715305", "frame": 51, "mu": [-2.1676982044634103, 4.084752748756524, 1.156087855370141], "Sigma": [[0.02072932232847635, 0.008077436680386909, -0.011324859196962215], [0.008077436680386909, 0.004208671402184275, -0.004919469733356135], [-0.011324859196962215, -0.004919469733356135, 0.007805413952334507]], "chi2_level": 0.95, "chi2_df": 3, "chi2_threshold": 7.814727903251179, "N_raw": 22, "N_roi": 22, "N_inlier": 20, "refit": true}
{"timestamp": "17:09:27.773675", "frame": 52, "mu": [-2.1524949831488533, 4.09754227689256, 1.1457588454891205], "Sigma": [[0.0238574492704375, 0.008854297330364427, -0.010853292323450512], [0.008854297330364429, 0.008260238874524697, -0.007741379491253962], [-0.010853292323450513, -0.007741379491253961, 0.009409446979327742]], "chi2_level": 0.95, "chi2_df": 3, "chi2_threshold": 7.814727903251179, "N_raw": 48, "N_roi": 47, "N_inlier": 47, "refit": true}
{"timestamp": "17:09:27.827685", "frame": 53, "mu": [-2.0701067691164896, 4.063258841684484, 1.125879095735925], "Sigma": [[0.02375741917333354, 0.0101763330789442, -0.012402638878343504], [0.010176333078944198, 0.006555114025362595, -0.0049128259884957], [-0.012402638878343504, -0.0049128259884957, 0.007577090504802897]], "chi2_level": 0.95, "chi2_df": 3, "chi2_threshold": 7.814727903251179, "N_raw": 31, "N_roi": 27, "N_inlier": 26, "refit": true}
{"timestamp": "17:09:27.885132", "frame": 54, "mu": [-2.022802285903995, 4.097746593603461, 1.1352178383968459], "Sigma": [[0.030381892852292338, 0.012065326756877666, -0.011418475924139611], [0.012065326756877666, 0.010300839361186356, -0.004415685275385024], [-0.011418475924139611, -0.004415685275385025, 0.006399469328276532]], "chi2_level": 0.95, "chi2_df": 3, "chi2_threshold": 7.814727903251179, "N_raw": 51, "N_roi": 51, "N_inlier": 49, "refit": true}
{"timestamp": "17:09:27.938639", "frame": 55, "mu": [-2.0584638183420325, 4.042527052515121, 1.095053555641639], "Sigma": [[0.02019078608297097, 0.008448630028635072, -0.009052931397387054], [0.008448630028635072, 0.007134255926338086, -0.006426723976468183], [-0.009052931397387054, -0.006426723976468182, 0.007426516467511467]], "chi2_level": 0.95, "chi2_df": 3, "chi2_threshold": 7.814727903251179, "N_raw": 39, "N_roi": 39, "N_inlier": 37, "refit": true}
{"timestamp": "17:09:27.991393", "frame": 56, "mu": [-2.0272663149087924, 4.082421058588708, 1.1368418252082242], "Sigma": [[0.026337122489664133, 0.008010137997268732, -0.015847922405775032], [0.008010137997268732, 0.003773331179413358, -0.00521795250020079], [-0.015847922405775032, -0.005217952500200791, 0.010701421210023347]], "chi2_level": 0.95, "chi2_df": 3, "chi2_threshold": 7.814727903251179, "N_raw": 26, "N_roi": 26, "N_inlier": 25, "refit": true}
{"timestamp": "17:09:28.265106", "frame": 61, "mu": [-1.6959293231362436, 4.168204842988648, 1.0981744201484636], "Sigma": [[0.01618372673631944, 0.004297740939970975, -0.010248578500248125], [0.004297740939970975, 0.002533733336846704, -0.0031441571529780468], [-0.010248578500248125, -0.0031441571529780468, 0.007518945854356782]], "chi2_level": 0.95, "chi2_df": 3, "chi2_threshold": 7.814727903251179, "N_raw": 21, "N_roi": 21, "N_inlier": 19, "refit": true}
{"timestamp": "17:09:28.324126", "frame": 62, "mu": [-1.6307477618320185, 4.202283010402566, 1.0102926445379419], "Sigma": [[0.03682544663802996, 0.012167822197076846, -0.029199456833940395], [0.012167822197076846, 0.00576800142551798, -0.01223168568278998], [-0.029199456833940395, -0.01223168568278998, 0.0339156954238756]], "chi2_level": 0.95, "chi2_df": 3, "chi2_threshold": 7.814727903251179, "N_raw": 49, "N_roi": 46, "N_inlier": 43, "refit": true}
{"timestamp": "17:09:28.385068", "frame": 63, "mu": [-1.639118335755472, 4.199148778550844, 1.1556708909170668], "Sigma": [[0.031141278257061745, 0.009831987688221494, -0.011899239753247162], [0.009831987688221494, 0.009514781742799691, -0.002008068119899612], [-0.011899239753247162, -0.002008068119899612, 0.006264133109405746]], "chi2_level": 0.95, "chi2_df": 3, "chi2_threshold": 7.814727903251179, "N_raw": 78, "N_roi": 53, "N_inlier": 51, "refit": true}
{"timestamp": "17:09:28.438237", "frame": 64, "mu": [-1.5731909523137835, 4.204356999510238, 1.0767118078694187], "Sigma": [[0.027262666983590755, 0.0068608369561833984, -0.013550917554222587], [0.006860836956183397, 0.006784970150624895, -0.005502579173179369], [-0.013550917554222587, -0.005502579173179369, 0.00817305408017441]], "chi2_level": 0.95, "chi2_df": 3, "chi2_threshold": 7.814727903251179, "N_raw": 67, "N_roi": 50, "N_inlier": 49, "refit": true}
{"timestamp": "17:09:28.491094", "frame": 65, "mu": [-1.484207511908659, 4.222636726495345, 1.0902464571917898], "Sigma": [[0.028896396911570282, 0.007938397816802327, -0.013631270956960668], [0.007938397816802325, 0.007708353198051606, -0.0026863877872964495], [-0.013631270956960666, -0.0026863877872964495, 0.00754497685590193]], "chi2_level": 0.95, "chi2_df": 3, "chi2_threshold": 7.814727903251179, "N_raw": 51, "N_roi": 49, "N_inlier": 48, "refit": true}
{"timestamp": "17:09:28.539330", "frame": 66, "mu": [-1.4253125476111013, 4.2369640110837254, 1.0975758595406282], "Sigma": [[0.009499645982019305, 0.003091153593841478, -0.004320239292864253], [0.003091153593841478, 0.0047884655257606655, 0.0034847712163032607], [-0.004320239292864253, 0.0034847712163032607, 0.008924595410375769]], "chi2_level": 0.95, "chi2_df": 3, "chi2_threshold": 7.814727903251179, "N_raw": 14, "N_roi": 13, "N_inlier": 12, "refit": true}
{"timestamp": "17:09:28.650460", "frame": 68, "mu": [-1.2199953747652108, 4.294679128128557, 1.0036926188694733], "Sigma": [[0.011185753993074364, 0.003526275104422021, -0.0013213033361160844], [0.003526275104422021, 0.0035394949449611833, 0.0007264854060211757], [-0.0013213033361160844, 0.0007264854060211757, 0.0015600726953162376]], "chi2_level": 0.95, "chi2_df": 3, "chi2_threshold": 7.814727903251179, "N_raw": 23, "N_roi": 21, "N_inlier": 18, "refit": true}
{"timestamp": "17:09:28.759926", "frame": 70, "mu": [-1.18309711147975, 4.543414457056096, -0.19915174391632365], "Sigma": [[0.008655953422833694, -0.012938288925768662, 0.03354042863441531], [-0.012938288925768666, 0.03931325624454863, -0.07766114069769328], [0.033540428634415316, -0.07766114069769327, 0.17114997967866433]], "chi2_level": 0.95, "chi2_df": 3, "chi2_threshold": 7.814727903251179, "N_raw": 14, "N_roi": 10, "N_inlier": 9, "refit": true}
{"timestamp": "17:09:28.871566", "frame": 72, "mu": [-1.1220926221974148, 4.214543996585333, 1.0956015379461739], "Sigma": [[0.02191716683272884, 0.003174772713114581, -0.011137801769931155], [0.003174772713114581, 0.0015415090928015554, -0.0016360554341866857], [-0.011137801769931155, -0.0016360554341866853, 0.0063287126863128115]], "chi2_level": 0.95, "chi2_df": 3, "chi2_threshold": 7.814727903251179, "N_raw": 26, "N_roi": 26, "N_inlier": 24, "refit": true}
{"timestamp": "17:09:28.924661", "frame": 73, "mu": [-1.0304673252067595, 4.194468533688619, 0.9884253307607961], "Sigma": [[0.007302425005809412, 0.0015434113626205113, -0.002121406618054059], [0.0015434113626205113, 0.0016497349104867775, -0.001949584194645867], [-0.002121406618054059, -0.001949584194645867, 0.003775949433788892]], "chi2_level": 0.95, "chi2_df": 3, "chi2_threshold": 7.814727903251179, "N_raw": 12, "N_roi": 12, "N_inlier": 11, "refit": true}
{"timestamp": "17:09:28.984804", "frame": 74, "mu": [-1.0265368948058324, 4.235474809291898, 1.0911435649647636], "Sigma": [[0.017435738365322126, 0.004170884176897208, -0.009263795067641346], [0.004170884176897208, 0.0053541335101123634, -0.004515460613127423], [-0.009263795067641346, -0.004515460613127423, 0.007440573353586545]], "chi2_level": 0.95, "chi2_df": 3, "chi2_threshold": 7.814727903251179, "N_raw": 45, "N_roi": 44, "N_inlier": 42, "refit": true}
{"timestamp": "17:09:29.036667", "frame": 75, "mu": [-0.9596381811629998, 4.205672800515808, 1.1504903873273844], "Sigma": [[0.014550546173479504, 0.001430441462393576, -0.006453977411246205], [0.0014304414623935756, 0.0019286493427805756, -0.0002857687814564606], [-0.006453977411246205, -0.0002857687814564606, 0.0038988742790600816]], "chi2_level": 0.95, "chi2_df": 3, "chi2_threshold": 7.814727903251179, "N_raw": 24, "N_roi": 24, "N_inlier": 22, "refit": true}
{"timestamp": "17:09:29.313269", "frame": 80, "mu": [-0.7411992549501146, 4.344650566365212, 1.2023348719127058], "Sigma": [[0.01872841129720267, 0.006416789206384959, 0.00010992213218623259], [0.006416789206384959, 0.006627895294724742, 0.004376276473495443], [0.00010992213218623216, 0.004376276473495442, 0.00524147719488247]], "chi2_level": 0.95, "chi2_df": 3, "chi2_threshold": 7.814727903251179, "N_raw": 36, "N_roi": 30, "N_inlier": 29, "refit": true}
{"timestamp": "17:09:29.366393", "frame": 81, "mu": [-0.7173828454958406, 4.447054235417085, 0.3479325587329392], "Sigma": [[0.019736286500092355, 0.004169446577151611, -0.004934689947151407], [0.004169446577151611, 0.0020677548932941233, -2.53955676625691e-05], [-0.004934689947151407, -2.5395567662569183e-05, 0.003664902379042825]], "chi2_level": 0.95, "chi2_df": 3, "chi2_threshold": 7.814727903251179, "N_raw": 22, "N_roi": 21, "N_inlier": 20, "refit": true}
{"timestamp": "17:09:29.420578", "frame": 82, "mu": [-0.6352301914121331, 4.403921391271328, 1.0873811690622264], "Sigma": [[0.017583408216046474, 0.001281552596360926, -0.008463533563696385], [0.001281552596360926, 0.0017756031396280682, -0.000226740497792392], [-0.008463533563696385, -0.00022674049779239207, 0.005359418278633664]], "chi2_level": 0.95, "chi2_df": 3, "chi2_threshold": 7.814727903251179, "N_raw": 18, "N_roi": 14, "N_inlier": 13, "refit": true}
{"timestamp": "17:09:29.475343", "frame": 83, "mu": [-0.5569489737923989, 4.364102900099102, 0.839029227172047], "Sigma": [[0.014049238994794466, 0.00013848954100699305, -0.0071673790701829365], [0.0001384895410069931, 0.0004472685253877508, -0.00045111343477668953], [-0.007167379070182936, -0.00045111343477668953, 0.0057764812005577995]], "chi2_level": 0.95, "chi2_df": 3, "chi2_threshold": 7.814727903251179, "N_raw": 19, "N_roi": 12, "N_inlier": 11, "refit": true}
{"timestamp": "17:09:29.533310", "frame": 84, "mu": [-0.48342482319278185, 4.372032308505358, -1.0060384633666628], "Sigma": [[0.004965959001101851, 0.0025920357452877867, -0.0053130106938297375], [0.0025920357452877863, 0.004280329408485449, -0.005269201466966426], [-0.005313010693829738, -0.005269201466966426, 0.008439760710202658]], "chi2_level": 0.95, "chi2_df": 3, "chi2_threshold": 7.814727903251179, "N_raw": 36, "N_roi": 8, "N_inlier": 7, "refit": true}
{"timestamp": "17:09:29.584543", "frame": 85, "mu": [-0.45155080575939077, 4.340788008250007, 1.1046598560938135], "Sigma": [[0.004418377630630531, 0.0037544395831683435, -0.001020080560744908], [0.0037544395831683435, 0.005681200704869197, -0.00010825908578572158], [-0.0010200805607449078, -0.00010825908578572169, 0.0009742946085859758]], "chi2_level": 0.95, "chi2_df": 3, "chi2_threshold": 7.814727903251179, "N_raw": 10, "N_roi": 8, "N_inlier": 8, "refit": true}
{"timestamp": "17:09:29.643705", "frame": 86, "mu": [-0.5319361874182131, 4.314268245853047, 1.0876142717981439], "Sigma": [[0.026544570886543467, 0.0032368910826426523, -0.008867048092695413], [0.0032368910826426523, 0.001703765806992907, -0.0027642142919352976], [-0.008867048092695413, -0.002764214291935298, 0.007376050987421866]], "chi2_level": 0.95, "chi2_df": 3, "chi2_threshold": 7.814727903251179, "N_raw": 32, "N_roi": 30, "N_inlier": 29, "refit": true}
{"timestamp": "17:09:29.697066", "frame": 87, "mu": [-0.5146144491968075, 4.289066021964617, 1.1818491257608517], "Sigma": [[0.031088173148410933, 0.001521844261778451, -0.011105462733757473], [0.0015218442617784505, 0.0020206820157327087, -0.0014726023790479787], [-0.011105462733757473, -0.0014726023790479787, 0.006539433456519818]], "chi2_level": 0.95, "chi2_df": 3, "chi2_threshold": 7.814727903251179, "N_raw": 31, "N_roi": 31, "N_inlier": 29, "refit": true}
{"timestamp": "17:09:29.753277", "frame": 88, "mu": [-0.41474615237274554, 4.319036120938129, 1.1817853589916956], "Sigma": [[0.030618807871327074, 0.0011310254796309685, -0.00840764413854614], [0.0011310254796309685, 0.003402113053072753, 0.0009528595525397062], [-0.00840764413854614, 0.0009528595525397062, 0.003917567366825698]], "chi2_level": 0.95, "chi2_df": 3, "chi2_threshold": 7.814727903251179, "N_raw": 41, "N_roi": 41, "N_inlier": 39, "refit": true}
{"timestamp": "17:09:29.808819", "frame": 89, "mu": [-0.34044287521926114, 4.355892817647689, 1.218114699569846], "Sigma": [[0.029255414328671653, 0.005338991264963955, -0.009593005837576062], [0.005338991264963955, 0.006088423368073311, 0.0012322104346413779], [-0.009593005837576062, 0.0012322104346413779, 0.005779119001064089]], "chi2_level": 0.95, "chi2_df": 3, "chi2_threshold": 7.814727903251179, "N_raw": 46, "N_roi": 46, "N_inlier": 45, "refit": true}
{"timestamp": "17:09:29.862310", "frame": 90, "mu": [-0.3159828496849058, 4.303893366083099, 1.1451316745662552], "Sigma": [[0.02164738789695314, 0.0012280360086662431, -0.002895772326477351], [0.0012280360086662431, 0.0020807673369184687, -0.00048618016331149666], [-0.002895772326477351, -0.00048618016331149666, 0.0006347298330609835]], "chi2_level": 0.95, "chi2_df": 3, "chi2_threshold": 7.814727903251179, "N_raw": 31, "N_roi": 31, "N_inlier": 29, "refit": true}
{"timestamp": "17:09:29.919612", "frame": 91, "mu": [-0.2338451066751144, 4.361058483965204, 1.1539081344392033], "Sigma": [[0.02369594898305388, 0.0009563033622029231, -0.003860147557445279], [0.0009563033622029229, 0.00484667333611291, -0.0002874989375145479], [-0.0038601475574452787, -0.00028749893751454784, 0.0015368684789185646]], "chi2_level": 0.95, "chi2_df": 3, "chi2_threshold": 7.814727903251179, "N_raw": 50, "N_roi": 50, "N_inlier": 47, "refit": true}
{"timestamp": "17:09:30.024870", "frame": 93, "mu": [-0.12613186222164877, 4.391647980520726, 0.7727862080349129], "Sigma": [[0.0025853020932608793, -0.002040074696679196, 0.016218398355182163], [-0.002040074696679196, 0.012924994693446054, -0.0534829208849448], [0.016218398355182163, -0.0534829208849448, 0.3037802706900538]], "chi2_level": 0.95, "chi2_df": 3, "chi2_threshold": 7.814727903251179, "N_raw": 9, "N_roi": 7, "N_inlier": 7, "refit": true}
{"timestamp": "17:09:30.079571", "frame": 94, "mu": [-0.0923583597557964, 4.32995390888623, 1.173764072812533], "Sigma": [[0.009039263874694335, -0.002290593889245478, -0.0028901693820936464], [-0.002290593889245479, 0.006646471184662702, -0.014581020426143586], [-0.0028901693820936464, -0.014581020426143586, 0.06952054567523588]], "chi2_level": 0.95, "chi2_df": 3, "chi2_threshold": 7.814727903251179, "N_raw": 16, "N_roi": 15, "N_inlier": 14, "refit": true}
{"timestamp": "17:09:30.136279", "frame": 95, "mu": [0.08613358696850858, 4.310471949855252, 1.1773946033778984], "Sigma": [[0.01774237414108036, 0.0011405715055007764, -0.004503884366998445], [0.0011405715055007764, 0.0016663312068983776, 0.00011388742764676844], [-0.004503884366998445, 0.00011388742764676844, 0.002313244694031841]], "chi2_level": 0.95, "chi2_df": 3, "chi2_threshold": 7.814727903251179, "N_raw": 24, "N_roi": 22, "N_inlier": 22, "refit": true}
{"timestamp": "17:09:30.359518", "frame": 99, "mu": [0.10224450160852995, 4.327795765251781, 1.2957344944484868], "Sigma": [[0.021287507164310514, -0.0006616184003847242, -0.008241075152307787], [-0.0006616184003847237, 0.005751956388341859, 0.004153541855288297], [-0.008241075152307788, 0.004153541855288297, 0.007518381203227068]], "chi2_level": 0.95, "chi2_df": 3, "chi2_threshold": 7.814727903251179, "N_raw": 49, "N_roi": 47, "N_inlier": 45, "refit": true}
{"timestamp": "17:09:30.469936", "frame": 100, "mu": [0.17598429944322802, 4.289357941480812, 1.237518542032571], "Sigma": [[0.022509097837310317, -0.002139872118393485, -0.009859676078161638], [-0.0021398721183934852, 0.0037568906671219694, -0.0005077855420765157], [-0.009859676078161638, -0.0005077855420765156, 0.00617231266020659]], "chi2_level": 0.95, "chi2_df": 3, "chi2_threshold": 7.814727903251179, "N_raw": 47, "N_roi": 42, "N_inlier": 40, "refit": true}
{"timestamp": "17:09:30.502721", "frame": 101, "mu": [0.19102243302324645, 4.323209122045018, 1.2882613246141261], "Sigma": [[0.027715155503105913, -0.0021452865398740493, -0.009920400826604451], [-0.0021452865398740497, 0.006139801413215252, 0.003265367320265552], [-0.009920400826604451, 0.003265367320265552, 0.006382324300839045]], "chi2_level": 0.95, "chi2_df": 3, "chi2_threshold": 7.814727903251179, "N_raw": 65, "N_roi": 55, "N_inlier": 54, "refit": true}
{"timestamp": "17:09:30.534109", "frame": 102, "mu": [0.16827579430025796, 4.332301397402467, 1.322997028473371], "Sigma": [[0.01395802481092125, -0.0008402665037596981, -0.0017437431525001513], [-0.0008402665037596981, 0.0017798450964962309, -0.00013156698520747038], [-0.0017437431525001513, -0.0001315669852074704, 0.0004193649120009503]], "chi2_level": 0.95, "chi2_df": 3, "chi2_threshold": 7.814727903251179, "N_raw": 29, "N_roi": 24, "N_inlier": 21, "refit": true}
{"timestamp": "17:09:30.579075", "frame": 103, "mu": [0.2680258946804193, 4.503217771511586, 1.4320089248214256], "Sigma": [[0.022622764740341354, -0.001863293451709602, -0.008466962677947453], [-0.0018632934517096014, 0.0045490743573218416, 0.006310791624723593], [-0.008466962677947453, 0.006310791624723593, 0.01329415942749291]], "chi2_level": 0.95, "chi2_df": 3, "chi2_threshold": 7.814727903251179, "N_raw": 43, "N_roi": 38, "N_inlier": 37, "refit": true}
{"timestamp": "17:09:30.631075", "frame": 104, "mu": [0.3264923880176535, 4.374404395095569, 0.42584113486557734], "Sigma": [[0.017839576540325374, 0.0007414308988875707, -0.007487666083765368], [0.0007414308988875709, 0.00322323308297837, -0.0005777677851471672], [-0.007487666083765369, -0.0005777677851471672, 0.005101967250659266]], "chi2_level": 0.95, "chi2_df": 3, "chi2_threshold": 7.814727903251179, "N_raw": 26, "N_roi": 26, "N_inlier": 25, "refit": true}
{"timestamp": "17:09:30.686075", "frame": 105, "mu": [0.3339872515004791, 4.391006721232785, -0.4458157439066403], "Sigma": [[0.01532684569290731, 0.0012131422949554615, 0.03563103104676181], [0.0012131422949554615, 0.0016615795480944418, 0.008122651292373714], [0.03563103104676182, 0.008122651292373714, 0.20549268499268303]], "chi2_level": 0.95, "chi2_df": 3, "chi2_threshold": 7.814727903251179, "N_raw": 23, "N_roi": 20, "N_inlier": 20, "refit": true}
{"timestamp": "17:09:30.800076", "frame": 107, "mu": [0.3705641692250461, 4.481794371249168, 1.4367381722814807], "Sigma": [[0.020707840761139087, -0.0032476654729483526, -0.010371013051231642], [-0.0032476654729483526, 0.008725350220800098, 0.009338004455244938], [-0.010371013051231642, 0.009338004455244938, 0.014699688654633633]], "chi2_level": 0.95, "chi2_df": 3, "chi2_threshold": 7.814727903251179, "N_raw": 52, "N_roi": 52, "N_inlier": 50, "refit": true}
{"timestamp": "17:09:30.852075", "frame": 108, "mu": [0.44696363483313944, 4.417438290357761, 0.4586699999073652], "Sigma": [[0.017473248324123995, -0.000673302972342099, -0.005938066177149171], [-0.000673302972342099, 0.0030389365389029803, 0.0023402721002017024], [-0.005938066177149171, 0.002340272100201702, 0.006356756560635739]], "chi2_level": 0.95, "chi2_df": 3, "chi2_threshold": 7.814727903251179, "N_raw": 29, "N_roi": 27, "N_inlier": 25, "refit": true}
{"timestamp": "17:09:30.911203", "frame": 109, "mu": [0.5007809167621506, 4.423171380629409, 1.2735486694644873], "Sigma": [[0.025755640148640048, -0.002005760829967627, -0.010197811967487359], [-0.0020057608299676273, 0.005195952510873903, 0.001226978858574656], [-0.010197811967487359, 0.001226978858574656, 0.005501191539614417]], "chi2_level": 0.95, "chi2_df": 3, "chi2_threshold": 7.814727903251179, "N_raw": 57, "N_roi": 51, "N_inlier": 49, "refit": true}
{"timestamp": "17:09:30.964789", "frame": 110, "mu": [0.5167200685267772, 4.421026322402115, 1.2265738522965246], "Sigma": [[0.018569216931184518, -0.0021770998089016215, -0.007527605442071773], [-0.002177099808901622, 0.0031492180947682983, -0.001989735312768963], [-0.007527605442071773, -0.001989735312768963, 0.007623442271343917]], "chi2_level": 0.95, "chi2_df": 3, "chi2_threshold": 7.814727903251179, "N_raw": 45, "N_roi": 40, "N_inlier": 38, "refit": true}
{"timestamp": "17:09:31.016097", "frame": 111, "mu": [0.5741559075687136, 4.417934643065882, 1.2240455080578787], "Sigma": [[0.011514978348314272, -0.002830177744439088, -0.0071419135729495955], [-0.002830177744439088, 0.001964663760943671, 0.00115334801483522], [-0.0071419135729495955, 0.00115334801483522, 0.00588339831277229]], "chi2_level": 0.95, "chi2_df": 3, "chi2_threshold": 7.814727903251179, "N_raw": 26, "N_roi": 20, "N_inlier": 18, "refit": true}
{"timestamp": "17:09:31.070276", "frame": 112, "mu": [0.6457948386163056, 4.458036847208958, 1.0599758877342307], "Sigma": [[0.0026206268457330427, -0.0010021133353419912, -0.002387793533830427], [-0.0010021133353419912, 0.0021178253331732948, -0.0012483370807892928], [-0.002387793533830427, -0.0012483370807892928, 0.006036020824541412]], "chi2_level": 0.95, "chi2_df": 3, "chi2_threshold": 7.814727903251179, "N_raw": 15, "N_roi": 7, "N_inlier": 7, "refit": true}
{"timestamp": "17:09:31.892769", "frame": 127, "mu": [1.1785300655788191, 4.331039623692393, 1.1705640698091357], "Sigma": [[0.0053269232550667124, 0.0004912445250018476, -0.005321419773019932], [0.0004912445250018476, 0.0013489020147520636, -0.00018810727493506882], [-0.005321419773019932, -0.00018810727493506882, 0.006570316077480023]], "chi2_level": 0.95, "chi2_df": 3, "chi2_threshold": 7.814727903251179, "N_raw": 7, "N_roi": 7, "N_inlier": 7, "refit": true}
{"timestamp": "17:09:32.279557", "frame": 134, "mu": [1.6064635724163905, 4.226846226448029, 0.9341112225253575], "Sigma": [[0.00815294771210943, -0.0009962762930678026, -0.005685732404854142], [-0.0009962762930678026, 0.0012586753587203684, 0.00017132410364617236], [-0.005685732404854144, 0.00017132410364617236, 0.005891442425325445]], "chi2_level": 0.95, "chi2_df": 3, "chi2_threshold": 7.814727903251179, "N_raw": 11, "N_roi": 11, "N_inlier": 10, "refit": true}
{"timestamp": "17:09:32.337966", "frame": 135, "mu": [1.6783888093204726, 4.1869093926701115, 0.9434266884734255], "Sigma": [[0.02513315240906505, -0.007757694952496429, -0.016016894258968795], [-0.007757694952496429, 0.004850736157936895, 0.002661321486643984], [-0.016016894258968795, 0.002661321486643984, 0.015291122525385697]], "chi2_level": 0.95, "chi2_df": 3, "chi2_threshold": 7.814727903251179, "N_raw": 38, "N_roi": 38, "N_inlier": 38, "refit": true}
{"timestamp": "17:09:32.390495", "frame": 136, "mu": [1.6911029422435944, 4.110271818215964, 0.8022942824963725], "Sigma": [[0.007682897747134249, -0.004321682537326342, -0.004644109212769067], [-0.004321682537326341, 0.0033999027941934946, 8.768203079450904e-05], [-0.0046441092127690676, 8.768203079450904e-05, 0.013648585494369073]], "chi2_level": 0.95, "chi2_df": 3, "chi2_threshold": 7.814727903251179, "N_raw": 21, "N_roi": 20, "N_inlier": 19, "refit": true}
{"timestamp": "17:09:32.447973", "frame": 137, "mu": [1.7482054047993008, 4.060928999226008, 0.9255511378585427], "Sigma": [[0.02074665613485745, -0.009023883858009875, -0.01232183060204465], [-0.009023883858009875, 0.005835000040512447, 0.0031533185200122577], [-0.01232183060204465, 0.0031533185200122577, 0.014364429226195713]], "chi2_level": 0.95, "chi2_df": 3, "chi2_threshold": 7.814727903251179, "N_raw": 36, "N_roi": 36, "N_inlier": 35, "refit": true}
{"timestamp": "17:09:32.500547", "frame": 138, "mu": [1.7097920662361787, 4.0154081274871345, 0.8296102504966244], "Sigma": [[0.013954328007310475, -0.007378888765654375, -0.012379030460819045], [-0.007378888765654375, 0.004740640373834737, 0.005384704483205868], [-0.012379030460819045, 0.005384704483205868, 0.016034703721172258]], "chi2_level": 0.95, "chi2_df": 3, "chi2_threshold": 7.814727903251179, "N_raw": 22, "N_roi": 22, "N_inlier": 21, "refit": true}
{"timestamp": "17:09:32.558257", "frame": 139, "mu": [1.7948010775258547, 3.9352223051019313, 0.7961445182548301], "Sigma": [[0.028286715942094254, -0.012768034891753616, -0.011116730322446125], [-0.012768034891753618, 0.007121896597966749, 0.0033306392906038615], [-0.011116730322446125, 0.003330639290603861, 0.009041243660479785]], "chi2_level": 0.95, "chi2_df": 3, "chi2_threshold": 7.814727903251179, "N_raw": 38, "N_roi": 38, "N_inlier": 36, "refit": true}
{"timestamp": "17:09:32.611404", "frame": 140, "mu": [1.8242295101668489, 4.06510193292636, -0.11408639903492852], "Sigma": [[0.016272728335379173, -0.006660803670291619, -0.008480567988299404], [-0.006660803670291619, 0.00463373575036325, 0.0011604764957488492], [-0.008480567988299405, 0.0011604764957488494, 0.008864151675910268]], "chi2_level": 0.95, "chi2_df": 3, "chi2_threshold": 7.814727903251179, "N_raw": 26, "N_roi": 23, "N_inlier": 22, "refit": true}
{"timestamp": "17:09:32.664324", "frame": 141, "mu": [1.6818172497781276, 4.123667891093228, -0.06086621836818463], "Sigma": [[0.004641184265826548, -0.0016378936957088122, -0.0009068585656779617], [-0.0016378936957088122, 0.002522043718976727, -0.00024661093086712055], [-0.0009068585656779617, -0.00024661093086712055, 0.0004786240502024717]], "chi2_level": 0.95, "chi2_df": 3, "chi2_threshold": 7.814727903251179, "N_raw": 14, "N_roi": 12, "N_inlier": 11, "refit": true}
{"timestamp": "17:09:32.777512", "frame": 143, "mu": [1.9120437890937219, 3.789946919725604, 0.6926364369813417], "Sigma": [[0.0249742873364258, -0.01346752491545732, -0.025721350027008642], [-0.01346752491545732, 0.00918706212512691, 0.011779315000679781], [-0.025721350027008642, 0.011779315000679781, 0.03660889697471276]], "chi2_level": 0.95, "chi2_df": 3, "chi2_threshold": 7.814727903251179, "N_raw": 41, "N_roi": 38, "N_inlier": 38, "refit": true}
{"timestamp": "17:09:32.833882", "frame": 144, "mu": [1.923781754356069, 3.7352065455986945, 0.6266610186407133], "Sigma": [[0.02363283428475725, -0.015324343131863524, -0.017844369409548033], [-0.015324343131863524, 0.011925269474102019, 0.010592341544709493], [-0.017844369409548033, 0.010592341544709493, 0.016127697053694892]], "chi2_level": 0.95, "chi2_df": 3, "chi2_threshold": 7.814727903251179, "N_raw": 36, "N_roi": 36, "N_inlier": 32, "refit": true}
{"timestamp": "17:09:32.888903", "frame": 145, "mu": [1.8137153769054, 3.923338881520633, -0.05497208053478818], "Sigma": [[0.022894453627287308, -0.007090721111786568, -0.020424375127516093], [-0.007090721111786568, 0.006455291523392061, 0.0020441680963019637], [-0.020424375127516096, 0.0020441680963019637, 0.0247429782035886]], "chi2_level": 0.95, "chi2_df": 3, "chi2_threshold": 7.814727903251179, "N_raw": 42, "N_roi": 42, "N_inlier": 41, "refit": true}
{"timestamp": "17:09:32.942130", "frame": 146, "mu": [1.7560616604548196, 3.7679514829567453, 0.9747594291903559], "Sigma": [[0.011765177406829653, -0.004087618551856612, -0.010961021396569497], [-0.004087618551856611, 0.0016661235834008964, 0.0019884413769056712], [-0.010961021396569496, 0.0019884413769056712, 0.02786061964368848]], "chi2_level": 0.95, "chi2_df": 3, "chi2_threshold": 7.814727903251179, "N_raw": 23, "N_roi": 21, "N_inlier": 20, "refit": true}
{"timestamp": "17:09:33.104013", "frame": 149, "mu": [1.786303118264197, 3.6242679565385116, 0.9344446888465459], "Sigma": [[0.010283066445825292, -0.005529427608132168, -0.0032737065967700656], [-0.005529427608132166, 0.00324457355832278, 0.0006389040266551141], [-0.003273706596770066, 0.0006389040266551139, 0.015178161798588628]], "chi2_level": 0.95, "chi2_df": 3, "chi2_threshold": 7.814727903251179, "N_raw": 13, "N_roi": 13, "N_inlier": 12, "refit": true}
{"timestamp": "17:09:33.324544", "frame": 153, "mu": [1.6350945739883427, 3.4566703574603914, 0.9783484101215836], "Sigma": [[0.0022284867558871376, 0.0010186950221174201, -0.0025815049733175946], [0.00101869502211742, 0.0024521055641067995, -0.0032527218940438304], [-0.0025815049733175946, -0.0032527218940438304, 0.006255103395767385]], "chi2_level": 0.95, "chi2_df": 3, "chi2_threshold": 7.814727903251179, "N_raw": 8, "N_roi": 8, "N_inlier": 7, "refit": true}
{"timestamp": "17:09:33.439528", "frame": 155, "mu": [1.6307096182421281, 3.371524077399249, 1.0933315384154048], "Sigma": [[0.022686733062823147, -0.011788259309945932, -0.01383088119900876], [-0.011788259309945932, 0.010099020150464962, 0.007806269241866633], [-0.01383088119900876, 0.007806269241866632, 0.009946646479340375]], "chi2_level": 0.95, "chi2_df": 3, "chi2_threshold": 7.814727903251179, "N_raw": 44, "N_roi": 44, "N_inlier": 41, "refit": true}
{"timestamp": "17:09:33.494631", "frame": 156, "mu": [1.5807039304812325, 3.3860891315527666, 1.076980863845591], "Sigma": [[0.022283926437014757, -0.012521964130642414, -0.00898174722485625], [-0.012521964130642414, 0.010922198471159114, 0.004921333192851301], [-0.00898174722485625, 0.004921333192851301, 0.0056011951413758405]], "chi2_level": 0.95, "chi2_df": 3, "chi2_threshold": 7.814727903251179, "N_raw": 46, "N_roi": 46, "N_inlier": 43, "refit": true}
{"timestamp": "17:09:33.547915", "frame": 157, "mu": [1.5219259147743003, 3.4178157998047807, 1.1963696263480952], "Sigma": [[0.011892785965397465, -0.008291023359914084, -0.007628559263437375], [-0.008291023359914084, 0.009040360702030369, 0.0036324651216333567], [-0.007628559263437376, 0.0036324651216333567, 0.015942608516578645]], "chi2_level": 0.95, "chi2_df": 3, "chi2_threshold": 7.814727903251179, "N_raw": 28, "N_roi": 28, "N_inlier": 24, "refit": true}
{"timestamp": "17:09:33.655632", "frame": 159, "mu": [1.4114858475495826, 3.553927351302743, 0.12733750771311886], "Sigma": [[0.004948357950497191, -0.00030174150748817237, -0.002766963311974582], [-0.00030174150748817237, 0.0018458086133103764, 0.00018523442388889864], [-0.0027669633119745823, 0.00018523442388889853, 0.004080968047379223]], "chi2_level": 0.95, "chi2_df": 3, "chi2_threshold": 7.814727903251179, "N_raw": 17, "N_roi": 17, "N_inlier": 15, "refit": true}
{"timestamp": "17:09:33.711173", "frame": 160, "mu": [1.3358034471291718, 3.596474860012079, 0.02630859506027982], "Sigma": [[0.008488675054967205, -0.0021157415197217908, -0.006140892433537361], [-0.0021157415197217908, 0.005277057001081852, -0.0036441549334859553], [-0.006140892433537362, -0.0036441549334859553, 0.012681159399089608]], "chi2_level": 0.95, "chi2_df": 3, "chi2_threshold": 7.814727903251179, "N_raw": 22, "N_roi": 22, "N_inlier": 21, "refit": true}
{"timestamp": "17:09:33.820872", "frame": 162, "mu": [1.3270322638775285, 3.4018398614484244, 1.0664454498031946], "Sigma": [[0.0026580807382606034, -0.0013811066521396895, 0.0006416855826985441], [-0.0013811066521396895, 0.001716038905951385, -0.003401386093806122], [0.0006416855826985438, -0.003401386093806122, 0.019153627075241774]], "chi2_level": 0.95, "chi2_df": 3, "chi2_threshold": 7.814727903251179, "N_raw": 15, "N_roi": 15, "N_inlier": 14, "refit": true}
{"timestamp": "17:09:33.876798", "frame": 163, "mu": [1.2243097529090678, 3.4971679565195233, 1.216641177540416], "Sigma": [[0.009650606911319718, -0.0060291585575697245, -0.006865213849027625], [-0.0060291585575697245, 0.007435981696187107, 0.005146614829217225], [-0.006865213849027625, 0.005146614829217225, 0.014372879344028065]], "chi2_level": 0.95, "chi2_df": 3, "chi2_threshold": 7.814727903251179, "N_raw": 26, "N_roi": 26, "N_inlier": 24, "refit": true}
{"timestamp": "17:09:33.935783", "frame": 164, "mu": [1.2293282483132641, 3.423094956735845, 0.9219424501798371], "Sigma": [[0.01620289036562053, -0.006157009972216057, -0.004950388288434288], [-0.006157009972216057, 0.00404477421785399, -0.0016015299680790926], [-0.004950388288434287, -0.0016015299680790921, 0.05151832721015852]], "chi2_level": 0.95, "chi2_df": 3, "chi2_threshold": 7.814727903251179, "N_raw": 53, "N_roi": 53, "N_inlier": 52, "refit": true}
{"timestamp": "17:09:33.988911", "frame": 165, "mu": [1.1946457534198798, 3.442275693833154, 1.0455059056206228], "Sigma": [[0.014162594528230524, -0.006827805760265742, -0.010405943740010852], [-0.006827805760265742, 0.004876204739055164, 0.0008465950948506563], [-0.010405943740010852, 0.0008465950948506565, 0.029587717635504513]], "chi2_level": 0.95, "chi2_df": 3, "chi2_threshold": 7.814727903251179, "N_raw": 41, "N_roi": 41, "N_inlier": 40, "refit": true}
{"timestamp": "17:09:34.044476", "frame": 166, "mu": [1.1410178194774674, 3.4483018778773307, 1.0501796169576028], "Sigma": [[0.01713198490075389, -0.006552629255654009, 0.004727656173223195], [-0.006552629255654009, 0.003933084677631351, -0.004345539108572514], [0.004727656173223195, -0.004345539108572514, 0.03565734812705557]], "chi2_level": 0.95, "chi2_df": 3, "chi2_threshold": 7.814727903251179, "N_raw": 46, "N_roi": 46, "N_inlier": 45, "refit": true}
{"timestamp": "17:09:34.098318", "frame": 167, "mu": [1.0979010698875633, 3.4179422800252834, 1.0910481850380451], "Sigma": [[0.01333661028780766, -0.004771973253863511, -0.0053554987458490815], [-0.0047719732538635115, 0.004744266470930285, -0.0012296319067802233], [-0.0053554987458490815, -0.0012296319067802235, 0.007154821596077318]], "chi2_level": 0.95, "chi2_df": 3, "chi2_threshold": 7.814727903251179, "N_raw": 40, "N_roi": 40, "N_inlier": 39, "refit": true}
{"timestamp": "17:09:34.204104", "frame": 169, "mu": [1.0468904045491036, 3.4337491806804263, 1.1855033220648772], "Sigma": [[0.00510991004775047, -0.0007756457089435186, -0.0003942055622942323], [-0.0007756457089435186, 0.0014650641462540923, 1.1979961929115262e-05], [-0.00039420556229423224, 1.1979961929115275e-05, 0.000154347220897615]], "chi2_level": 0.95, "chi2_df": 3, "chi2_threshold": 7.814727903251179, "N_raw": 15, "N_roi": 15, "N_inlier": 13, "refit": true}
{"timestamp": "17:09:34.260002", "frame": 170, "mu": [0.8272352767389003, 3.672438159591755, 0.17771264062738235], "Sigma": [[0.0077157034364189045, -0.004057800116574186, -0.011313880226617555], [-0.004057800116574186, 0.0052225875880903055, 0.004759397507877113], [-0.011313880226617555, 0.004759397507877112, 0.021535828340217313]], "chi2_level": 0.95, "chi2_df": 3, "chi2_threshold": 7.814727903251179, "N_raw": 12, "N_roi": 12, "N_inlier": 11, "refit": true}
{"timestamp": "17:09:34.314679", "frame": 171, "mu": [0.8358648096230491, 3.631939093779132, 0.04915206427376618], "Sigma": [[0.0025941298983320257, -4.3386483748311686e-05, -0.0035967373093117212], [-4.3386483748311795e-05, 0.005074852932295842, -0.007298269346393607], [-0.0035967373093117217, -0.007298269346393607, 0.020488056331159875]], "chi2_level": 0.95, "chi2_df": 3, "chi2_threshold": 7.814727903251179, "N_raw": 8, "N_roi": 8, "N_inlier": 8, "refit": true}
{"timestamp": "17:09:34.369853", "frame": 172, "mu": [0.8842154556786467, 3.457583348998313, 1.1492790755447913], "Sigma": [[0.0025584435582247872, -0.0012534603682337053, 0.000647958620266809], [-0.0012534603682337053, 0.0031667412497883695, -0.0008182235849229258], [0.000647958620266809, -0.0008182235849229259, 0.009008746294989767]], "chi2_level": 0.95, "chi2_df": 3, "chi2_threshold": 7.814727903251179, "N_raw": 13, "N_roi": 12, "N_inlier": 10, "refit": true}
{"timestamp": "17:09:34.426926", "frame": 173, "mu": [0.792487357617304, 3.4662876210151663, 0.9210581154614083], "Sigma": [[0.007093583536738873, -0.0036245085752340672, -0.006874956653465606], [-0.0036245085752340672, 0.003069260774215452, 0.00046027735257419297], [-0.006874956653465606, 0.00046027735257419297, 0.02285245550516131]], "chi2_level": 0.95, "chi2_df": 3, "chi2_threshold": 7.814727903251179, "N_raw": 27, "N_roi": 27, "N_inlier": 26, "refit": true}
{"timestamp": "17:09:34.538304", "frame": 175, "mu": [0.7496527881584117, 3.5201519346608783, -0.019468450728090704], "Sigma": [[0.012750329590507942, -0.004303896226850854, -0.008837399263979754], [-0.004303896226850855, 0.004685495526117437, 0.0022002208660186076], [-0.008837399263979754, 0.0022002208660186076, 0.007792016362245611]], "chi2_level": 0.95, "chi2_df": 3, "chi2_threshold": 7.814727903251179, "N_raw": 35, "N_roi": 35, "N_inlier": 35, "refit": true}
{"timestamp": "17:09:34.592969", "frame": 176, "mu": [0.6665675331976908, 3.3537268828205105, 1.0818776945772945], "Sigma": [[0.008306607101443686, -0.0031172708170106225, -0.003737690241622204], [-0.0031172708170106225, 0.00259496435317208, -0.001204169134871483], [-0.0037376902416222037, -0.001204169134871483, 0.008938793129228679]], "chi2_level": 0.95, "chi2_df": 3, "chi2_threshold": 7.814727903251179, "N_raw": 30, "N_roi": 30, "N_inlier": 29, "refit": true}
{"timestamp": "17:09:34.652251", "frame": 177, "mu": [0.5727725099492772, 3.489361472632603, 0.16053838899716458], "Sigma": [[0.017258499218642795, -0.003144073638564422, -0.008379480077821038], [-0.0031440736385644217, 0.00751848699091476, 0.007418498308014582], [-0.008379480077821038, 0.007418498308014582, 0.01108744765966583]], "chi2_level": 0.95, "chi2_df": 3, "chi2_threshold": 7.814727903251179, "N_raw": 64, "N_roi": 64, "N_inlier": 64, "refit": true}
{"timestamp": "17:09:34.702552", "frame": 178, "mu": [0.5733266413687113, 3.4391759638537325, -0.5976451578615659], "Sigma": [[0.00632266923287497, 0.0013105204641619005, 0.01901278956074428], [0.0013105204641619002, 0.006728678757045429, 0.009862880351859202], [0.01901278956074428, 0.009862880351859202, 0.12614109711954255]], "chi2_level": 0.95, "chi2_df": 3, "chi2_threshold": 7.814727903251179, "N_raw": 30, "N_roi": 30, "N_inlier": 30, "refit": true}
{"timestamp": "17:09:34.760086", "frame": 179, "mu": [0.4259189061484094, 3.529170412646664, 0.28519367467364765], "Sigma": [[0.013952009856245602, -0.0024640961969199593, -0.007216118849123688], [-0.0024640961969199598, 0.0052610405328854856, 0.0036408290574528935], [-0.007216118849123687, 0.0036408290574528935, 0.006086687480927613]], "chi2_level": 0.95, "chi2_df": 3, "chi2_threshold": 7.814727903251179, "N_raw": 48, "N_roi": 48, "N_inlier": 47, "refit": true}
{"timestamp": "17:09:34.816904", "frame": 180, "mu": [0.4324988029345056, 3.5055691082545826, 0.17967795209374332], "Sigma": [[0.01675865982450899, -0.0016421107388727048, -0.007030150710766627], [-0.0016421107388727048, 0.00709292884197797, 0.0027137987778601573], [-0.007030150710766627, 0.0027137987778601573, 0.004383688241710618]], "chi2_level": 0.95, "chi2_df": 3, "chi2_threshold": 7.814727903251179, "N_raw": 62, "N_roi": 62, "N_inlier": 61, "refit": true}
