{"timestamp": "16:51:23.327599", "frame": 40, "mu": [-2.4278147522266926, 4.146307853926098, 0.8326452471338951], "Sigma": [[0.0033270371522338945, 0.0023601060814749403, 5.5561389627219084e-05], [0.0023601060814749403, 0.0056328133915194995, 0.0036466375210736845], [5.5561389627218976e-05, 0.003646637521073684, 0.00474812607324285]], "chi2_level": 0.95, "chi2_df": 3, "chi2_threshold": 7.814727903251179, "N_raw": 21, "N_roi": 9, "N_inlier": 9, "refit": true}
{"timestamp": "16:51:23.382849", "frame": 41, "mu": [-2.39531899355993, 4.061364360612129, 0.6304214794434627], "Sigma": [[0.006071452292954412, 0.0031323990416040905, -0.0025116670093591354], [0.00313239904160409, 0.005660091946009091, -0.002818654179187189], [-0.0025116670093591354, -0.002818654179187189, 0.0017974809246936428]], "chi2_level": 0.95, "chi2_df": 3, "chi2_threshold": 7.814727903251179, "N_raw": 25, "N_roi": 16, "N_inlier": 15, "refit": true}
{"timestamp": "16:51:23.438806", "frame": 42, "mu": [-2.264096414704499, 4.490411309687488, 0.7806743768409563], "Sigma": [[0.018252187022000384, 0.011144571693103567, -0.008854197821102291], [0.011144571693103565, 0.023732098110143818, -0.006328136644263479], [-0.008854197821102291, -0.006328136644263479, 0.00632981918845923]], "chi2_level": 0.95, "chi2_df": 3, "chi2_threshold": 7.814727903251179, "N_raw": 28, "N_roi": 25, "N_inlier": 22, "refit": true}
{"timestamp": "16:51:23.496671", "frame": 43, "mu": [-2.172387764676576, 4.363603280018626, 0.7948451856035352], "Sigma": [[0.014007478146835674, -0.001546760296465495, -0.00968335096948169], [-0.0015467602964654948, 0.038910032827642556, -0.008201460817302438], [-0.00968335096948169, -0.008201460817302438, 0.016469028166255416]], "chi2_level": 0.95, "chi2_df": 3, "chi2_threshold": 7.814727903251179, "N_raw": 37, "N_roi": 37, "N_inlier": 36, "refit": true}
{"timestamp": "16:51:23.549505", "frame": 44, "mu": [-2.0899631048255496, 4.17348784205545, 0.7425711558834263], "Sigma": [[0.017773831972708987, 0.005226883508593107, -0.009530501658002899], [0.005226883508593107, 0.002594306013840951, -0.004142470954582283], [-0.009530501658002899, -0.004142470954582283, 0.00965052053258454]], "chi2_level": 0.95, "chi2_df": 3, "chi2_threshold": 7.814727903251179, "N_raw": 24, "N_roi": 24, "N_inlier": 22, "refit": true}
{"timestamp": "16:51:23.606372", "frame": 45, "mu": [-2.070599099173301, 4.101736753615151, 0.9071816112016743], "Sigma": [[0.023378120312465375, 0.00741419821991559, -0.013188430256264757], [0.00741419821991559, 0.004653012138851962, -0.006724077566695793], [-0.013188430256264755, -0.006724077566695793, 0.0112533145221971]], "chi2_level": 0.95, "chi2_df": 3, "chi2_threshold": 7.814727903251179, "N_raw": 36, "N_roi": 34, "N_inlier": 33, "refit": true}
{"timestamp": "16:51:23.664643", "frame": 46, "mu": [-1.88400520796174, 4.112812492459248, 0.6050093013833486], "Sigma": [[0.028457550193138538, 0.002628884895175412, -0.03025656722931105], [0.0026288848951754114, 0.0036742918027651223, -0.00815922504169821], [-0.03025656722931105, -0.00815922504169821, 0.04997072767140424]], "chi2_level": 0.95, "chi2_df": 3, "chi2_threshold": 7.814727903251179, "N_raw": 61, "N_roi": 59, "N_inlier": 58, "refit": true}
{"timestamp": "16:51:23.713863", "frame": 47, "mu": [-1.839443956231714, 4.125205178635168, 0.9158147255292517], "Sigma": [[0.010885150499314907, 0.0032913425355201287, -0.007557400645537689], [0.0032913425355201287, 0.002775857054217382, -0.0030888213167396756], [-0.007557400645537689, -0.0030888213167396756, 0.007674420915850138]], "chi2_level": 0.95, "chi2_df": 3, "chi2_threshold": 7.814727903251179, "N_raw": 19, "N_roi": 19, "N_inlier": 18, "refit": true}
{"timestamp": "16:51:23.823316", "frame": 49, "mu": [-1.7042073411796859, 4.177002710571522, 1.1908105327335203], "Sigma": [[0.014633477177174547, 0.005949687417533759, -0.009003901720021289], [0.005949687417533759, 0.005123764669310828, -0.0012164159899928375], [-0.009003901720021289, -0.001216415989992838, 0.009126869844365908]], "chi2_level": 0.95, "chi2_df": 3, "chi2_threshold": 7.814727903251179, "N_raw": 20, "N_roi": 19, "N_inlier": 19, "refit": true}
{"timestamp": "16:51:23.883133", "frame": 50, "mu": [-1.631758391492088, 4.138850526304361, 1.048873161037405], "Sigma": [[0.030084494101654872, 0.006874692456822184, -0.01887328276401177], [0.006874692456822184, 0.005551359625111549, -0.0036161150988508212], [-0.018873282764011765, -0.0036161150988508212, 0.013928211930060769]], "chi2_level": 0.95, "chi2_df": 3, "chi2_threshold": 7.814727903251179, "N_raw": 47, "N_roi": 44, "N_inlier": 41, "refit": true}
{"timestamp": "16:51:23.937272", "frame": 51, "mu": [-1.6200419764748022, 4.151375997206055, 1.0400852879749947], "Sigma": [[0.01288845755634684, 0.0027497670375539133, -0.007599637556644468], [0.002749767037553913, 0.0020851295157633676, -0.002101882750338075], [-0.007599637556644467, -0.002101882750338075, 0.00906733123486118]], "chi2_level": 0.95, "chi2_df": 3, "chi2_threshold": 7.814727903251179, "N_raw": 16, "N_roi": 14, "N_inlier": 12, "refit": true}
{"timestamp": "16:51:23.988843", "frame": 52, "mu": [-1.3793322712792273, 4.293658510488717, 0.9876836318142521], "Sigma": [[0.002716835227536801, 0.0027220339132137832, -0.0011341733885656081], [0.0027220339132137837, 0.005416248078693067, -0.0017018543585328614], [-0.0011341733885656081, -0.0017018543585328614, 0.0007408274788280513]], "chi2_level": 0.95, "chi2_df": 3, "chi2_threshold": 7.814727903251179, "N_raw": 13, "N_roi": 11, "N_inlier": 9, "refit": true}
{"timestamp": "16:51:24.045377", "frame": 53, "mu": [-1.3427126287713207, 4.226479476019041, 0.8716783152398209], "Sigma": [[0.009737779117966503, 0.0007134750447140788, -0.0047775552522526], [0.0007134750447140789, 0.003688124014134499, -0.0061081604560650204], [-0.0047775552522526, -0.0061081604560650204, 0.014092918156467672]], "chi2_level": 0.95, "chi2_df": 3, "chi2_threshold": 7.814727903251179, "N_raw": 29, "N_roi": 29, "N_inlier": 27, "refit": true}
{"timestamp": "16:51:24.102534", "frame": 54, "mu": [-1.2925688476151396, 4.291789729215299, -0.6581350856603683], "Sigma": [[0.02149684662044828, 0.009113071323850044, 0.03800676301674705], [0.009113071323850044, 0.010462230293396805, 0.03488711777547702], [0.038006763016747054, 0.034887117775477025, 0.1861086767461526]], "chi2_level": 0.95, "chi2_df": 3, "chi2_threshold": 7.814727903251179, "N_raw": 41, "N_roi": 38, "N_inlier": 38, "refit": true}
{"timestamp": "16:51:24.159212", "frame": 55, "mu": [-1.1840131391519086, 4.3415579799600605, -0.26228828414762756], "Sigma": [[0.025007806820691727, 0.009612155805384773, 0.06179980303187753], [0.009612155805384773, 0.01173034166850794, 0.043981630072786326], [0.06179980303187753, 0.04398163007278634, 0.27431261265416734]], "chi2_level": 0.95, "chi2_df": 3, "chi2_threshold": 7.814727903251179, "N_raw": 57, "N_roi": 54, "N_inlier": 53, "refit": true}
{"timestamp": "16:51:24.210621", "frame": 56, "mu": [-1.1052876487753298, 4.256032352125008, 0.9551738113555771], "Sigma": [[0.02235518596073046, 0.0038112848396671334, -0.00837459379395545], [0.0038112848396671334, 0.0033502132255850787, -1.2721546973863598e-05], [-0.00837459379395545, -1.2721546973863598e-05, 0.0054969434916466876]], "chi2_level": 0.95, "chi2_df": 3, "chi2_threshold": 7.814727903251179, "N_raw": 30, "N_roi": 29, "N_inlier": 28, "refit": true}
{"timestamp": "16:51:24.265496", "frame": 57, "mu": [-0.9878892168291781, 4.309912417276104, 0.9552088354948768], "Sigma": [[0.017052751661947585, 0.0033203274141010443, -0.010560451546863409], [0.0033203274141010443, 0.003851845278956084, -0.002520495732355529], [-0.010560451546863409, -0.002520495732355529, 0.008153290245544566]], "chi2_level": 0.95, "chi2_df": 3, "chi2_threshold": 7.814727903251179, "N_raw": 33, "N_roi": 33, "N_inlier": 32, "refit": true}
{"timestamp": "16:51:24.319953", "frame": 58, "mu": [-0.8390403421768965, 4.4401574858856785, 1.2449648856019255], "Sigma": [[0.01606552696541329, 0.002560053775316314, -0.003053975448634754], [0.0025600537753163143, 0.0017642925041501283, -0.0013653102002393], [-0.003053975448634753, -0.0013653102002393, 0.006747488726106638]], "chi2_level": 0.95, "chi2_df": 3, "chi2_threshold": 7.814727903251179, "N_raw": 24, "N_roi": 23, "N_inlier": 22, "refit": true}
{"timestamp": "16:51:24.377681", "frame": 59, "mu": [-0.8222439755802227, 4.374759440453016, 1.0915653875737537], "Sigma": [[0.023588457714750717, 0.005496896143032728, -8.695199661867565e-05], [0.005496896143032728, 0.006089742347918853, 0.0045704067442698185], [-8.695199661867597e-05, 0.0045704067442698185, 0.005578510892781327]], "chi2_level": 0.95, "chi2_df": 3, "chi2_threshold": 7.814727903251179, "N_raw": 42, "N_roi": 36, "N_inlier": 34, "refit": true}
{"timestamp": "16:51:24.434539", "frame": 60, "mu": [-0.8169291820816167, 4.326102292149729, 1.026662117206976], "Sigma": [[0.0292957804996285, 0.008656296003481789, 0.0037749607254375112], [0.008656296003481789, 0.008671332612561835, 0.003950017090529287], [0.0037749607254375112, 0.003950017090529287, 0.003347847287275331]], "chi2_level": 0.95, "chi2_df": 3, "chi2_threshold": 7.814727903251179, "N_raw": 57, "N_roi": 50, "N_inlier": 48, "refit": true}
{"timestamp": "16:51:24.488132", "frame": 61, "mu": [-0.6421668950058196, 4.3614894264510875, 1.173563595293855], "Sigma": [[0.02333604223350395, 0.002683266964057879, -0.004911510879695125], [0.002683266964057879, 0.0052270874831572105, 0.004102206569248881], [-0.004911510879695125, 0.004102206569248881, 0.006481637097920855]], "chi2_level": 0.95, "chi2_df": 3, "chi2_threshold": 7.814727903251179, "N_raw": 41, "N_roi": 36, "N_inlier": 34, "refit": true}
{"timestamp": "16:51:24.541541", "frame": 62, "mu": [-0.612844528057334, 4.27789882055839, 1.0518676551648594], "Sigma": [[0.024699692851515638, 0.0012853051942672226, -0.006601660178209972], [0.001285305194267223, 0.0020897007282753943, -0.002078090339601757], [-0.006601660178209972, -0.0020780903396017568, 0.00594150334257125]], "chi2_level": 0.95, "chi2_df": 3, "chi2_threshold": 7.814727903251179, "N_raw": 37, "N_roi": 37, "N_inlier": 33, "refit": true}
{"timestamp": "16:51:24.596704", "frame": 63, "mu": [-0.471680183526203, 4.32027197220022, 1.1830367339917423], "Sigma": [[0.024215398355161954, 0.0018256906811020943, -0.007911850462655896], [0.0018256906811020943, 0.00535801499935754, 0.004906596336736407], [-0.007911850462655898, 0.004906596336736406, 0.009802707803582304]], "chi2_level": 0.95, "chi2_df": 3, "chi2_threshold": 7.814727903251179, "N_raw": 40, "N_roi": 37, "N_inlier": 36, "refit": true}
{"timestamp": "16:51:24.653722", "frame": 64, "mu": [-0.4566551129365792, 4.2890986580756945, 1.100096102588969], "Sigma": [[0.03174744539004822, 0.003309612232463877, -0.004241225955639491], [0.0033096122324638762, 0.005817849918045287, -0.002569350646606381], [-0.0042412259556394915, -0.002569350646606381, 0.017882397236816765]], "chi2_level": 0.95, "chi2_df": 3, "chi2_threshold": 7.814727903251179, "N_raw": 48, "N_roi": 42, "N_inlier": 38, "refit": true}
{"timestamp": "16:51:24.757350", "frame": 66, "mu": [-0.37202272027034816, 4.278666788513396, 1.1958944016571045], "Sigma": [[0.008613894788505914, 6.193563038555565e-05, -0.0058251610221760905], [6.193563038555568e-05, 0.0008728840628037302, -0.0008523873972310546], [-0.0058251610221760905, -0.0008523873972310546, 0.01773875583229373]], "chi2_level": 0.95, "chi2_df": 3, "chi2_threshold": 7.814727903251179, "N_raw": 12, "N_roi": 12, "N_inlier": 11, "refit": true}
{"timestamp": "16:51:24.814994", "frame": 67, "mu": [-0.16190505134729294, 4.365311793182857, 1.3551138623430432], "Sigma": [[0.015008090848939537, 0.00143036790961122, -0.002605688628931487], [0.0014303679096112202, 0.0054028265052254686, 0.008569021084519606], [-0.0026056886289314864, 0.008569021084519606, 0.016698693821809798]], "chi2_level": 0.95, "chi2_df": 3, "chi2_threshold": 7.814727903251179, "N_raw": 32, "N_roi": 31, "N_inlier": 30, "refit": true}
{"timestamp": "16:51:24.873795", "frame": 68, "mu": [-0.17019959785919497, 4.393726186970021, 1.2971238745145222], "Sigma": [[0.031069730267682723, -0.0024805492754371825, -0.015323583150669663], [-0.002480549275437182, 0.005370053856446609, 0.0026475440367852024], [-0.015323583150669663, 0.002647544036785203, 0.009120784771527776]], "chi2_level": 0.95, "chi2_df": 3, "chi2_threshold": 7.814727903251179, "N_raw": 54, "N_roi": 53, "N_inlier": 52, "refit": true}
{"timestamp": "16:51:24.926182", "frame": 69, "mu": [-0.06486553632242659, 4.426991420691793, 1.2734808781387263], "Sigma": [[0.01632225444027815, -0.0021876220777304993, -0.002566268482101618], [-0.0021876220777304993, 0.005942676698059471, 0.0037154085222248197], [-0.002566268482101618, 0.0037154085222248197, 0.0037157266583487925]], "chi2_level": 0.95, "chi2_df": 3, "chi2_threshold": 7.814727903251179, "N_raw": 29, "N_roi": 29, "N_inlier": 27, "refit": true}
{"timestamp": "16:51:24.982896", "frame": 70, "mu": [-0.001442061924369917, 4.372187979842363, 1.1664843792636697], "Sigma": [[0.01797984204311879, -0.0030392416211929103, -0.004883517396569304], [-0.003039241621192911, 0.0060787405603255655, 1.628061579152056e-05], [-0.004883517396569303, 1.6280615791520613e-05, 0.003231730291499998]], "chi2_level": 0.95, "chi2_df": 3, "chi2_threshold": 7.814727903251179, "N_raw": 44, "N_roi": 43, "N_inlier": 42, "refit": true}
{"timestamp": "16:51:25.035959", "frame": 71, "mu": [0.04950432851581886, 4.338408977909088, 1.2248267355913396], "Sigma": [[0.01692710237792186, -0.0018689963238559134, -0.007849996224368338], [-0.0018689963238559132, 0.0015560458742937323, -0.00015612710123394253], [-0.007849996224368338, -0.00015612710123394244, 0.0065019635978567246]], "chi2_level": 0.95, "chi2_df": 3, "chi2_threshold": 7.814727903251179, "N_raw": 31, "N_roi": 25, "N_inlier": 24, "refit": true}
{"timestamp": "16:51:25.092357", "frame": 72, "mu": [0.2105529545897501, 4.392949103132296, 1.189250091750186], "Sigma": [[0.014312781541930943, 0.00012593866266355172, -0.009336903011594762], [0.00012593866266355174, 0.0032026228422219506, -0.0019258038321797932], [-0.009336903011594762, -0.001925803832179793, 0.010462460980125654]], "chi2_level": 0.95, "chi2_df": 3, "chi2_threshold": 7.814727903251179, "N_raw": 45, "N_roi": 31, "N_inlier": 31, "refit": true}
{"timestamp": "16:51:25.149651", "frame": 73, "mu": [0.22257390174527486, 4.399320070246905, 1.1631138154730785], "Sigma": [[0.025501749577399643, -0.0020847083704104894, -0.016576247775427926], [-0.00208470837041049, 0.003917080861548528, 0.0023470603326516937], [-0.016576247775427926, 0.0023470603326516933, 0.01592336386353653]], "chi2_level": 0.95, "chi2_df": 3, "chi2_threshold": 7.814727903251179, "N_raw": 55, "N_roi": 42, "N_inlier": 40, "refit": true}
{"timestamp": "16:51:25.309299", "frame": 76, "mu": [0.4338000384182496, 4.3456885876619475, 1.135502905227612], "Sigma": [[0.014220737110254367, -0.0018076337685278437, -0.006845410367539919], [-0.0018076337685278437, 0.001541451289521305, 0.00033846701321346955], [-0.006845410367539918, 0.00033846701321346966, 0.006241472402609271]], "chi2_level": 0.95, "chi2_df": 3, "chi2_threshold": 7.814727903251179, "N_raw": 24, "N_roi": 23, "N_inlier": 21, "refit": true}
{"timestamp": "16:51:25.364906", "frame": 77, "mu": [0.5105673162947822, 4.341817687986834, 1.1176600781819972], "Sigma": [[0.012453283071288434, -0.0025356719393598934, -0.005061259115347246], [-0.0025356719393598934, 0.0021844769598362715, 0.0009193806753756562], [-0.005061259115347246, 0.000919380675375656, 0.003403057033765201]], "chi2_level": 0.95, "chi2_df": 3, "chi2_threshold": 7.814727903251179, "N_raw": 22, "N_roi": 22, "N_inlier": 20, "refit": true}
{"timestamp": "16:51:25.418542", "frame": 78, "mu": [0.5767406184531576, 4.3596796413200165, 0.9720809108457402], "Sigma": [[0.0024329251634922907, -0.0007541196490429779, 0.00018793286989621217], [-0.0007541196490429779, 0.0044539730024023986, -0.0010553568604985217], [0.00018793286989621217, -0.0010553568604985217, 0.00025115700307034694]], "chi2_level": 0.95, "chi2_df": 3, "chi2_threshold": 7.814727903251179, "N_raw": 13, "N_roi": 10, "N_inlier": 9, "refit": true}
{"timestamp": "16:51:25.527694", "frame": 80, "mu": [0.7087638602368838, 4.429633814183661, 0.6922475211337843], "Sigma": [[0.0018942798546949908, -0.0017162371384425211, 0.00486552035194342], [-0.0017162371384425216, 0.018419765292187605, -0.04541514580457538], [0.00486552035194342, -0.04541514580457538, 0.11905023818056791]], "chi2_level": 0.95, "chi2_df": 3, "chi2_threshold": 7.814727903251179, "N_raw": 10, "N_roi": 8, "N_inlier": 7, "refit": true}
{"timestamp": "16:51:25.584240", "frame": 81, "mu": [0.7692987757675691, 4.321459799475075, 1.1563150328674248], "Sigma": [[0.009463779077730215, -0.0025827518805493412, -0.0006120300167410568], [-0.002582751880549341, 0.002281412787694021, -0.00016867188499396219], [-0.0006120300167410568, -0.00016867188499396219, 0.0002883917061838437]], "chi2_level": 0.95, "chi2_df": 3, "chi2_threshold": 7.814727903251179, "N_raw": 23, "N_roi": 17, "N_inlier": 15, "refit": true}
{"timestamp": "16:51:25.693953", "frame": 83, "mu": [0.9720443647508346, 4.44428210400316, 1.1988246920194476], "Sigma": [[0.0016467424143877397, -0.0026958558792801305, 0.006196111541347266], [-0.0026958558792801305, 0.019422421658145197, -0.04970329060641184], [0.006196111541347266, -0.04970329060641184, 0.17970169078716375]], "chi2_level": 0.95, "chi2_df": 3, "chi2_threshold": 7.814727903251179, "N_raw": 18, "N_roi": 12, "N_inlier": 12, "refit": true}
{"timestamp": "16:51:25.802983", "frame": 85, "mu": [0.9751653262094898, 4.249650731122996, 1.1728899600800526], "Sigma": [[0.006071252720503238, -0.00067590456337533, -0.003110078378535678], [-0.0006759045633753301, 0.0014159576030647728, -0.001094664202090722], [-0.003110078378535678, -0.0010946642020907222, 0.00571384716501938]], "chi2_level": 0.95, "chi2_df": 3, "chi2_threshold": 7.814727903251179, "N_raw": 13, "N_roi": 11, "N_inlier": 10, "refit": true}
{"timestamp": "16:51:25.860735", "frame": 86, "mu": [1.0805010991498163, 4.243550834146177, 1.172073199490855], "Sigma": [[0.01819353698374044, -0.006773539141897054, -0.013454997227665891], [-0.006773539141897054, 0.00391682855155986, 0.004456185944883203], [-0.013454997227665891, 0.004456185944883203, 0.012968272122718309]], "chi2_level": 0.95, "chi2_df": 3, "chi2_threshold": 7.814727903251179, "N_raw": 30, "N_roi": 25, "N_inlier": 24, "refit": true}
{"timestamp": "16:51:25.917680", "frame": 87, "mu": [1.0923359493039257, 4.292582829915192, 1.1542253004173688], "Sigma": [[0.01840778128616398, -0.003816064521682906, -0.0075793590533254004], [-0.003816064521682906, 0.005184603530692218, -0.0019202603372833584], [-0.0075793590533254004, -0.0019202603372833584, 0.009501557379971111]], "chi2_level": 0.95, "chi2_df": 3, "chi2_threshold": 7.814727903251179, "N_raw": 44, "N_roi": 44, "N_inlier": 44, "refit": true}
{"timestamp": "16:51:26.078150", "frame": 90, "mu": [1.3761381389616334, 4.254862364850954, 1.0462767528965837], "Sigma": [[0.0145278403420988, -0.004254399260953522, -0.005132438244616017], [-0.004254399260953522, 0.002472445255854553, 0.001243290196977177], [-0.005132438244616017, 0.001243290196977177, 0.0039140027445163095]], "chi2_level": 0.95, "chi2_df": 3, "chi2_threshold": 7.814727903251179, "N_raw": 18, "N_roi": 18, "N_inlier": 17, "refit": true}
{"timestamp": "16:51:26.242115", "frame": 93, "mu": [1.5460991211554105, 4.210913971073478, 0.8170082288867899], "Sigma": [[0.012844176378973676, -0.0011110736140480038, -0.017401957461366843], [-0.0011110736140480036, 0.0014837347110411494, 0.001571503021351263], [-0.017401957461366843, 0.001571503021351263, 0.028345014456442674]], "chi2_level": 0.95, "chi2_df": 3, "chi2_threshold": 7.814727903251179, "N_raw": 8, "N_roi": 8, "N_inlier": 8, "refit": true}
{"timestamp": "16:51:26.572396", "frame": 99, "mu": [1.6957292038644636, 4.117399136413796, 0.7992907932729301], "Sigma": [[0.0035716339141131288, -0.005487857086326504, 0.0037422663048961966], [-0.005487857086326503, 0.040705270395358276, -0.03500133939569937], [0.0037422663048961966, -0.03500133939569937, 0.1046933567723564]], "chi2_level": 0.95, "chi2_df": 3, "chi2_threshold": 7.814727903251179, "N_raw": 8, "N_roi": 7, "N_inlier": 7, "refit": true}
{"timestamp": "16:51:26.736950", "frame": 102, "mu": [1.846178825250851, 3.8504803442608084, 0.8278802187458659], "Sigma": [[0.009918592161728133, -0.0019702700102016478, -0.01708465258977801], [-0.0019702700102016478, 0.0008096602347200614, 0.0035602284232693193], [-0.01708465258977801, 0.0035602284232693193, 0.030293898492692838]], "chi2_level": 0.95, "chi2_df": 3, "chi2_threshold": 7.814727903251179, "N_raw": 10, "N_roi": 8, "N_inlier": 7, "refit": true}
{"timestamp": "16:51:26.798751", "frame": 103, "mu": [1.9046036557470036, 3.9345324647836586, -0.2329645772059471], "Sigma": [[0.03056251182583, -0.00891107538965795, -0.03797585450125107], [-0.00891107538965795, 0.0067195879463451715, 0.004688902912066658], [-0.03797585450125107, 0.0046889029120666574, 0.059923178009530044]], "chi2_level": 0.95, "chi2_df": 3, "chi2_threshold": 7.814727903251179, "N_raw": 51, "N_roi": 48, "N_inlier": 46, "refit": true}
{"timestamp": "16:51:26.856841", "frame": 104, "mu": [1.9004077971194515, 3.6992148995667633, 0.7210665343604021], "Sigma": [[0.03908077737159134, -0.024448226864999423, -0.04321906121418886], [-0.024448226864999423, 0.018663910768735373, 0.022324551495232325], [-0.04321906121418886, 0.022324551495232325, 0.06737593574925842]], "chi2_level": 0.95, "chi2_df": 3, "chi2_threshold": 7.814727903251179, "N_raw": 69, "N_roi": 67, "N_inlier": 65, "refit": true}
{"timestamp": "16:51:26.906817", "frame": 105, "mu": [1.8863705538262239, 3.6681230428601674, 0.7601487353114702], "Sigma": [[0.019621070081683987, -0.012667670634329265, -0.013164229646098275], [-0.012667670634329265, 0.01085270920226091, 0.005845779660291567], [-0.013164229646098275, 0.005845779660291567, 0.01347567854007695]], "chi2_level": 0.95, "chi2_df": 3, "chi2_threshold": 7.814727903251179, "N_raw": 37, "N_roi": 35, "N_inlier": 31, "refit": true}
{"timestamp": "16:51:26.960949", "frame": 106, "mu": [1.853281684181166, 3.6222488175407137, 0.8873411176100364], "Sigma": [[0.014774501092294784, -0.0088790201970445, -0.006812694319874083], [-0.0088790201970445, 0.0064974250466876445, 0.0011430543582080746], [-0.006812694319874083, 0.0011430543582080749, 0.015371567608279995]], "chi2_level": 0.95, "chi2_df": 3, "chi2_threshold": 7.814727903251179, "N_raw": 31, "N_roi": 29, "N_inlier": 27, "refit": true}
{"timestamp": "16:51:27.017572", "frame": 107, "mu": [1.8926377735788276, 3.770628917628563, -0.24812920143668074], "Sigma": [[0.021980202847205255, -0.01082083246225142, -0.012021641203469989], [-0.01082083246225142, 0.008755647164180909, 0.001136957670138477], [-0.012021641203469989, 0.001136957670138477, 0.01475149340779349]], "chi2_level": 0.95, "chi2_df": 3, "chi2_threshold": 7.814727903251179, "N_raw": 42, "N_roi": 40, "N_inlier": 38, "refit": true}
{"timestamp": "16:51:27.068616", "frame": 108, "mu": [1.8087814355254195, 3.6917883453048574, 0.7770556279163748], "Sigma": [[0.002658872570851501, -0.0012905878935361615, -0.003472162225886339], [-0.0012905878935361615, 0.014937409944510802, -0.007896113670679734], [-0.003472162225886339, -0.007896113670679734, 0.022796423579905883]], "chi2_level": 0.95, "chi2_df": 3, "chi2_threshold": 7.814727903251179, "N_raw": 15, "N_roi": 14, "N_inlier": 13, "refit": true}
{"timestamp": "16:51:27.128271", "frame": 109, "mu": [1.8789790202210026, 3.459982532869585, 0.6695602948048013], "Sigma": [[0.02666982784283614, -0.028726493251992988, -0.019246533077871802], [-0.028726493251992988, 0.043146917216487404, 0.01911910270809237], [-0.019246533077871802, 0.01911910270809237, 0.019758085054294255]], "chi2_level": 0.95, "chi2_df": 3, "chi2_threshold": 7.814727903251179, "N_raw": 48, "N_roi": 48, "N_inlier": 47, "refit": true}
{"timestamp": "16:51:27.179261", "frame": 110, "mu": [1.816254720455017, 3.4030087256180024, 0.7618224094492596], "Sigma": [[0.008796644239046606, -0.005177421013674986, -0.009289689368096082], [-0.005177421013674986, 0.005245400440249418, 0.003593563080502038], [-0.009289689368096082, 0.003593563080502038, 0.012929433459907356]], "chi2_level": 0.95, "chi2_df": 3, "chi2_threshold": 7.814727903251179, "N_raw": 14, "N_roi": 14, "N_inlier": 14, "refit": true}
{"timestamp": "16:51:27.288246", "frame": 112, "mu": [1.7167184410175735, 3.2696103204086917, 0.721860863159675], "Sigma": [[0.0028390886506192447, -0.0028392857771542897, -0.0030546671934530397], [-0.0028392857771542897, 0.010854120648649329, -0.0010633787909357048], [-0.0030546671934530392, -0.0010633787909357052, 0.009292012532600894]], "chi2_level": 0.95, "chi2_df": 3, "chi2_threshold": 7.814727903251179, "N_raw": 12, "N_roi": 10, "N_inlier": 10, "refit": true}
{"timestamp": "16:51:27.349304", "frame": 113, "mu": [1.729909022071107, 3.1322563760359996, 0.6577824323011152], "Sigma": [[0.02585472618055406, -0.01588262443020844, -0.012110707974927129], [-0.01588262443020844, 0.015777668131441158, 0.006608549360620403], [-0.012110707974927129, 0.006608549360620402, 0.006932930684916975]], "chi2_level": 0.95, "chi2_df": 3, "chi2_threshold": 7.814727903251179, "N_raw": 61, "N_roi": 60, "N_inlier": 55, "refit": true}
{"timestamp": "16:51:27.399056", "frame": 114, "mu": [1.5868986316914777, 3.3254631176096314, 0.8551736840443831], "Sigma": [[0.0033090089365213756, -0.004758943423438677, 0.004217864827660376], [-0.004758943423438677, 0.013793157570943503, -0.01594343224055813], [0.004217864827660375, -0.01594343224055813, 0.03776340855745059]], "chi2_level": 0.95, "chi2_df": 3, "chi2_threshold": 7.814727903251179, "N_raw": 13, "N_roi": 13, "N_inlier": 13, "refit": true}
{"timestamp": "16:51:27.459371", "frame": 115, "mu": [1.555874833730762, 3.2637011544837575, 0.8359077186468656], "Sigma": [[0.016182943293391358, -0.011502207440467633, -0.0018946650759502116], [-0.011502207440467633, 0.020680580216902698, -0.016716293880687044], [-0.0018946650759502112, -0.016716293880687044, 0.03614995607441638]], "chi2_level": 0.95, "chi2_df": 3, "chi2_threshold": 7.814727903251179, "N_raw": 57, "N_roi": 54, "N_inlier": 53, "refit": true}
{"timestamp": "16:51:27.508415", "frame": 116, "mu": [1.45747493033231, 3.354653441048104, 0.9929496258464448], "Sigma": [[0.003738914523401097, -0.0019832979008224194, -0.0013930366658679708], [-0.0019832979008224194, 0.003961633609208967, -0.00017130898216386468], [-0.0013930366658679708, -0.00017130898216386468, 0.007826285312353985]], "chi2_level": 0.95, "chi2_df": 3, "chi2_threshold": 7.814727903251179, "N_raw": 15, "N_roi": 15, "N_inlier": 12, "refit": true}
{"timestamp": "16:51:27.562942", "frame": 117, "mu": [1.5071337510541878, 3.2371439348505726, 0.9504009847569808], "Sigma": [[0.00544079760348969, -0.008080470665477818, -0.006169521855393834], [-0.008080470665477818, 0.017947637569387172, 0.012940485224697615], [-0.006169521855393835, 0.012940485224697616, 0.011105761435648205]], "chi2_level": 0.95, "chi2_df": 3, "chi2_threshold": 7.814727903251179, "N_raw": 15, "N_roi": 15, "N_inlier": 14, "refit": true}
{"timestamp": "16:51:27.621777", "frame": 118, "mu": [1.3160109241118616, 3.225692573110174, 0.8246130981527761], "Sigma": [[0.009250852362952377, -0.0028673495201666766, 0.0014743441807656176], [-0.002867349520166677, 0.010995248930416727, 0.007169282359640754], [0.0014743441807656176, 0.007169282359640754, 0.009351101373339015]], "chi2_level": 0.95, "chi2_df": 3, "chi2_threshold": 7.814727903251179, "N_raw": 36, "N_roi": 36, "N_inlier": 36, "refit": true}
{"timestamp": "16:51:27.672959", "frame": 119, "mu": [1.2474194437278228, 3.2742660298440134, 1.010925414009877], "Sigma": [[0.0011309623098743513, -0.0008713364641376896, -0.001725018520785917], [-0.0008713364641376897, 0.010052014557099856, 0.006320624421916425], [-0.001725018520785917, 0.006320624421916424, 0.0060101541110524495]], "chi2_level": 0.95, "chi2_df": 3, "chi2_threshold": 7.814727903251179, "N_raw": 9, "N_roi": 9, "N_inlier": 7, "refit": true}
{"timestamp": "16:51:27.786522", "frame": 121, "mu": [1.0926901328806766, 3.311655737594245, 1.0537748433837084], "Sigma": [[0.012281639841249704, -0.0052498374339421715, -0.00786361325091092], [-0.005249837433942172, 0.0048500705304120265, 0.0015112004775977256], [-0.00786361325091092, 0.0015112004775977256, 0.008951048368725565]], "chi2_level": 0.95, "chi2_df": 3, "chi2_threshold": 7.814727903251179, "N_raw": 36, "N_roi": 34, "N_inlier": 31, "refit": true}
{"timestamp": "16:51:27.839125", "frame": 122, "mu": [1.0816531196641108, 3.2933339296329085, 0.8313948575933784], "Sigma": [[0.009778307099565285, -0.00965510507087391, 0.006079746748205409], [-0.009655105070873912, 0.015260345055375364, -0.03265799169026256], [0.006079746748205408, -0.03265799169026256, 0.2225693775804455]], "chi2_level": 0.95, "chi2_df": 3, "chi2_threshold": 7.814727903251179, "N_raw": 18, "N_roi": 18, "N_inlier": 17, "refit": true}
{"timestamp": "16:51:27.897268", "frame": 123, "mu": [0.9708015975694506, 3.310285412249986, 1.0256523578071788], "Sigma": [[0.009900515634510268, -0.00580210315857988, -0.003364964230363698], [-0.00580210315857988, 0.00813650389251001, -0.002490980310362779], [-0.003364964230363698, -0.002490980310362779, 0.0190446233397875]], "chi2_level": 0.95, "chi2_df": 3, "chi2_threshold": 7.814727903251179, "N_raw": 42, "N_roi": 42, "N_inlier": 39, "refit": true}
{"timestamp": "16:51:27.954083", "frame": 124, "mu": [1.0129073862383329, 3.241280387329796, 0.6892611484618808], "Sigma": [[0.012835885484976103, -0.004936865793088104, -0.0013077941462175434], [-0.004936865793088104, 0.0047100430194253595, -0.003119905760866694], [-0.0013077941462175434, -0.003119905760866694, 0.008858443688028876]], "chi2_level": 0.95, "chi2_df": 3, "chi2_threshold": 7.814727903251179, "N_raw": 47, "N_roi": 44, "N_inlier": 41, "refit": true}
{"timestamp": "16:51:28.005448", "frame": 125, "mu": [0.9078033767318501, 3.4006774358426606, -0.07486933845362742], "Sigma": [[0.005708282708410928, -0.0023416359588849934, 0.0010455830615430383], [-0.002341635958884994, 0.004570969020933818, -0.00547103144523001], [0.0010455830615430381, -0.00547103144523001, 0.01126938582337243]], "chi2_level": 0.95, "chi2_df": 3, "chi2_threshold": 7.814727903251179, "N_raw": 23, "N_roi": 23, "N_inlier": 20, "refit": true}
{"timestamp": "16:51:28.105574", "frame": 126, "mu": [0.7181009410519592, 3.457702156806342, 0.16093410128588406], "Sigma": [[0.014069349628034843, -0.005506570477397719, -0.018231007277688088], [-0.005506570477397719, 0.00871313003873596, 0.007922581937448266], [-0.018231007277688088, 0.007922581937448266, 0.026747167799100732]], "chi2_level": 0.95, "chi2_df": 3, "chi2_threshold": 7.814727903251179, "N_raw": 51, "N_roi": 50, "N_inlier": 48, "refit": true}
{"timestamp": "16:51:28.119634", "frame": 127, "mu": [0.7950053621798914, 3.4033530967489725, -0.15480195040294073], "Sigma": [[0.014962272779090255, -0.004833719594914854, -0.01824625367175474], [-0.004833719594914854, 0.006978210357418538, 0.005167000420005768], [-0.01824625367175474, 0.005167000420005768, 0.025155982200494025]], "chi2_level": 0.95, "chi2_df": 3, "chi2_threshold": 7.814727903251179, "N_raw": 53, "N_roi": 53, "N_inlier": 51, "refit": true}
{"timestamp": "16:51:28.170802", "frame": 128, "mu": [0.6826935976540289, 3.2643403163222597, 1.1419276608359152], "Sigma": [[0.010519169042405225, -0.003392934323653529, -0.0053314887999665606], [-0.0033929343236535287, 0.0032770625741905795, 0.002493786531402409], [-0.0053314887999665606, 0.002493786531402409, 0.0036529248990171768]], "chi2_level": 0.95, "chi2_df": 3, "chi2_threshold": 7.814727903251179, "N_raw": 25, "N_roi": 25, "N_inlier": 24, "refit": true}
{"timestamp": "16:51:28.223068", "frame": 129, "mu": [0.5235313044193446, 3.5193471874817117, -0.03269899228937283], "Sigma": [[0.002624399542500639, 0.0008045438623391584, -0.01321533299469184], [0.0008045438623391584, 0.036344425008677926, -0.07814520244994907], [-0.013215332994691839, -0.07814520244994907, 0.23653024923308516]], "chi2_level": 0.95, "chi2_df": 3, "chi2_threshold": 7.814727903251179, "N_raw": 11, "N_roi": 7, "N_inlier": 7, "refit": true}
{"timestamp": "16:51:28.282132", "frame": 130, "mu": [0.41013838797468094, 3.43624221815885, 0.32543002935279086], "Sigma": [[0.011108605330438772, -0.0012353580538755535, -0.009757749042372896], [-0.0012353580538755529, 0.0033534913304668706, 0.0019237285750298926], [-0.009757749042372896, 0.0019237285750298924, 0.01073795585105932]], "chi2_level": 0.95, "chi2_df": 3, "chi2_threshold": 7.814727903251179, "N_raw": 38, "N_roi": 36, "N_inlier": 34, "refit": true}
{"timestamp": "16:51:28.341778", "frame": 131, "mu": [0.41097263148087226, 3.371386906649103, 0.061475587922113155], "Sigma": [[0.016905422208757535, -0.002623341967189075, -0.015344823018738766], [-0.002623341967189075, 0.007012848022753377, 0.007886543027335184], [-0.015344823018738766, 0.007886543027335184, 0.022157969777391404]], "chi2_level": 0.95, "chi2_df": 3, "chi2_threshold": 7.814727903251179, "N_raw": 67, "N_roi": 66, "N_inlier": 64, "refit": true}
{"timestamp": "16:51:28.396041", "frame": 132, "mu": [0.2965372969326149, 3.3812494954867502, 0.22206550315458215], "Sigma": [[0.01289097808125743, -0.002169729015368992, -0.011298695056480242], [-0.0021697290153689926, 0.006961934007121169, 0.005708840034118991], [-0.011298695056480242, 0.005708840034118991, 0.01430250600938997]], "chi2_level": 0.95, "chi2_df": 3, "chi2_threshold": 7.814727903251179, "N_raw": 57, "N_roi": 57, "N_inlier": 55, "refit": true}
{"timestamp": "16:51:28.443335", "frame": 133, "mu": [0.2876819056463778, 3.374956686925727, -0.11825192695536885], "Sigma": [[0.001684815969460279, 0.0015820157933683484, 0.0001455174129442689], [0.0015820157933683484, 0.005754788181495777, 0.001924352868761347], [0.00014551741294426885, 0.0019243528687613468, 0.0024481673822733347]], "chi2_level": 0.95, "chi2_df": 3, "chi2_threshold": 7.814727903251179, "N_raw": 11, "N_roi": 9, "N_inlier": 8, "refit": true}
{"timestamp": "16:51:28.505896", "frame": 134, "mu": [0.14756386998586946, 3.400494808387447, 0.23278321365411658], "Sigma": [[0.017657918796627446, -0.0014429290734581908, -0.015435823560441528], [-0.0014429290734581908, 0.009088482173168384, 0.006468455322888382], [-0.015435823560441528, 0.006468455322888382, 0.019826484058421197]], "chi2_level": 0.95, "chi2_df": 3, "chi2_threshold": 7.814727903251179, "N_raw": 59, "N_roi": 56, "N_inlier": 55, "refit": true}
{"timestamp": "16:51:28.557258", "frame": 135, "mu": [0.044402985134274306, 3.4152058422690765, 0.12811084859974206], "Sigma": [[0.009781224880032665, 0.0016789228715688967, -0.005933974945643449], [0.0016789228715688965, 0.0063668682538319385, 0.003726305071157515], [-0.005933974945643449, 0.003726305071157515, 0.011934633238630454]], "chi2_level": 0.95, "chi2_df": 3, "chi2_threshold": 7.814727903251179, "N_raw": 35, "N_roi": 31, "N_inlier": 28, "refit": true}
{"timestamp": "16:51:28.616166", "frame": 136, "mu": [0.043116947274261255, 3.4973639479152565, 0.05794425457124124], "Sigma": [[0.01575474387142806, -0.0002634070232529868, -0.012638674746282885], [-0.0002634070232529868, 0.008047347358104842, -0.0036949120101268185], [-0.012638674746282885, -0.0036949120101268185, 0.015614582781723552]], "chi2_level": 0.95, "chi2_df": 3, "chi2_threshold": 7.814727903251179, "N_raw": 59, "N_roi": 55, "N_inlier": 50, "refit": true}
{"timestamp": "16:51:28.671915", "frame": 137, "mu": [-0.09483717762475583, 3.4583764226850953, 0.27563308722037994], "Sigma": [[0.01731868942819958, 0.002166812684329016, -0.011969775334815913], [0.002166812684329016, 0.006442574724897268, 0.007048278543288069], [-0.011969775334815913, 0.007048278543288069, 0.0337757026554859]], "chi2_level": 0.95, "chi2_df": 3, "chi2_threshold": 7.814727903251179, "N_raw": 72, "N_roi": 69, "N_inlier": 65, "refit": true}
{"timestamp": "16:51:28.729243", "frame": 138, "mu": [-0.14265102918249856, 3.4941556703324306, 0.07659168377601094], "Sigma": [[0.019826496730206505, 0.0037474831807632796, -0.01305437749685354], [0.0037474831807632796, 0.0111993766727642, -0.005736392115238695], [-0.013054377496853542, -0.005736392115238695, 0.010975353371943842]], "chi2_level": 0.95, "chi2_df": 3, "chi2_threshold": 7.814727903251179, "N_raw": 87, "N_roi": 85, "N_inlier": 82, "refit": true}
{"timestamp": "16:51:28.781763", "frame": 139, "mu": [-0.19498305487962456, 3.4068937692266816, 1.111223901659001], "Sigma": [[0.017633557960867977, -0.00029375891268588225, -0.006197246716039467], [-0.0002937589126858826, 0.00462636330763007, -0.005234393305330698], [-0.006197246716039467, -0.005234393305330698, 0.011682429120679868]], "chi2_level": 0.95, "chi2_df": 3, "chi2_threshold": 7.814727903251179, "N_raw": 68, "N_roi": 68, "N_inlier": 65, "refit": true}
{"timestamp": "16:51:28.836111", "frame": 140, "mu": [-0.3659503898185184, 3.408568504429928, 1.3211099709046041], "Sigma": [[0.022724047397395794, -0.0028271060105778283, -0.016389000737790017], [-0.0028271060105778288, 0.0065834192416365815, 0.005416370008958197], [-0.016389000737790017, 0.005416370008958197, 0.016045389050396444]], "chi2_level": 0.95, "chi2_df": 3, "chi2_threshold": 7.814727903251179, "N_raw": 56, "N_roi": 56, "N_inlier": 55, "refit": true}
{"timestamp": "16:51:28.887698", "frame": 141, "mu": [-0.3489660223420028, 3.4951219151280544, -0.1496424429386759], "Sigma": [[0.006646928174837144, 0.002104173743225051, -0.004466055963472584], [0.002104173743225051, 0.006202667631685632, 4.8782703309966724e-06], [-0.004466055963472584, 4.878270330996564e-06, 0.011407277906666694]], "chi2_level": 0.95, "chi2_df": 3, "chi2_threshold": 7.814727903251179, "N_raw": 32, "N_roi": 32, "N_inlier": 31, "refit": true}
{"timestamp": "16:51:28.942542", "frame": 142, "mu": [-0.4081907463260805, 3.3286931530339485, 1.0944304353772263], "Sigma": [[0.020086597538263817, 0.0008381041796347998, -0.008273748221906973], [0.0008381041796347995, 0.002021385997740623, -0.0026365142658598397], [-0.008273748221906973, -0.0026365142658598397, 0.007266937327955906]], "chi2_level": 0.95, "chi2_df": 3, "chi2_threshold": 7.814727903251179, "N_raw": 46, "N_roi": 44, "N_inlier": 42, "refit": true}
{"timestamp": "16:51:28.993404", "frame": 143, "mu": [-0.47093141134681626, 3.37898736525283, 0.9759218632212567], "Sigma": [[0.0124265791901623, -0.011432238873223864, 0.022992969706010283], [-0.011432238873223864, 0.01515292357578567, -0.028813694473316033], [0.022992969706010283, -0.028813694473316033, 0.10563493398110534]], "chi2_level": 0.95, "chi2_df": 3, "chi2_threshold": 7.814727903251179, "N_raw": 16, "N_roi": 16, "N_inlier": 15, "refit": true}
{"timestamp": "16:51:29.053144", "frame": 144, "mu": [-0.5669445375285626, 3.322455538445081, 1.1688372454514702], "Sigma": [[0.01804840317577551, 0.0002518712932538221, -0.009086845872332296], [0.00025187129325382186, 0.0027121664998570284, -0.0003801292881298986], [-0.009086845872332296, -0.00038012928812989873, 0.005724463655210028]], "chi2_level": 0.95, "chi2_df": 3, "chi2_threshold": 7.814727903251179, "N_raw": 47, "N_roi": 43, "N_inlier": 37, "refit": true}
{"timestamp": "16:51:29.107067", "frame": 145, "mu": [-0.6514501691603323, 3.3763505922346555, 1.2226204255818192], "Sigma": [[0.01501990569272758, -0.00040582684211528866, -0.009554535902138277], [-0.00040582684211528866, 0.005410317379682075, 0.006299677327823891], [-0.009554535902138277, 0.006299677327823891, 0.014094251948536793]], "chi2_level": 0.95, "chi2_df": 3, "chi2_threshold": 7.814727903251179, "N_raw": 38, "N_roi": 38, "N_inlier": 34, "refit": true}
