{"timestamp": "16:25:12.332233", "frame": 24, "mu": [2.1798839228486075, 0.7318137875834796, 1.233030082940779], "Sigma": [[0.002246863694354886, -0.0013015170119080465, -0.0019503960374541774], [-0.001301517011908047, 0.005896445273856224, -0.00025727992053858596], [-0.0019503960374541774, -0.000257279920538586, 0.0025428551958353654]], "chi2_level": 0.95, "chi2_df": 3, "chi2_threshold": 7.814727903251179, "N_raw": 11, "N_roi": 11, "N_inlier": 11, "refit": true}
{"timestamp": "16:25:12.551697", "frame": 28, "mu": [2.1223573603073547, 0.7566892329931018, 1.1760783377785664], "Sigma": [[0.0027695163601795555, -0.0027924185578044143, 0.0018460614723851884], [-0.0027924185578044143, 0.013812362687486675, -0.02008054734186758], [0.0018460614723851878, -0.02008054734186758, 0.03691201778875589]], "chi2_level": 0.95, "chi2_df": 3, "chi2_threshold": 7.814727903251179, "N_raw": 11, "N_roi": 11, "N_inlier": 11, "refit": true}
{"timestamp": "16:25:12.717481", "frame": 31, "mu": [2.014638551219984, 0.6345207124608512, 1.1512840016371126], "Sigma": [[0.0040220042478604995, -0.0047716832299276, -0.0004701251238245869], [-0.0047716832299276, 0.0131567807300049, -0.0006746371024333066], [-0.00047012512382458687, -0.0006746371024333067, 0.0008766663524737288]], "chi2_level": 0.95, "chi2_df": 3, "chi2_threshold": 7.814727903251179, "N_raw": 19, "N_roi": 19, "N_inlier": 18, "refit": true}
{"timestamp": "16:25:13.157002", "frame": 39, "mu": [-0.40714739723475657, 0.4158873311239088, 1.1523620864770279], "Sigma": [[2.5835413487956402, 0.1941010444955213, 0.39426328258764565], [0.1941010444955213, 0.015889230582742733, 0.028548353654545874], [0.39426328258764565, 0.028548353654545874, 0.07048934348116512]], "chi2_level": 0.95, "chi2_df": 3, "chi2_threshold": 7.814727903251179, "N_raw": 11, "N_roi": 11, "N_inlier": 10, "refit": true}
{"timestamp": "16:25:13.210644", "frame": 40, "mu": [1.6297980366183695, 0.481990226531674, 1.2203841064855956], "Sigma": [[0.001112622541176429, -0.0003331049591094542, -0.005685318820453222], [-0.0003331049591094542, 0.007309417906240866, 0.016683850256974515], [-0.005685318820453222, 0.01668385025697452, 0.07576070685213661]], "chi2_level": 0.95, "chi2_df": 3, "chi2_threshold": 7.814727903251179, "N_raw": 7, "N_roi": 7, "N_inlier": 7, "refit": true}
{"timestamp": "16:25:13.375629", "frame": 43, "mu": [1.556746737894259, 0.5110325305138999, 1.2834854418146235], "Sigma": [[0.006172099305185026, -0.006814749037588542, -0.006953463857602086], [-0.006814749037588541, 0.007921138778114256, 0.007525195571298239], [-0.006953463857602085, 0.007525195571298239, 0.008323244239466539]], "chi2_level": 0.95, "chi2_df": 3, "chi2_threshold": 7.814727903251179, "N_raw": 9, "N_roi": 9, "N_inlier": 7, "refit": true}
{"timestamp": "16:25:13.430800", "frame": 44, "mu": [1.5059734395332103, 0.5462967926859537, 1.328695989319172], "Sigma": [[0.003287788972665456, -0.0014378763811919203, -0.006337463994802754], [-0.0014378763811919203, 0.0022066543732181436, 0.0035489937731069364], [-0.006337463994802754, 0.003548993773106936, 0.01642376674468186]], "chi2_level": 0.95, "chi2_df": 3, "chi2_threshold": 7.814727903251179, "N_raw": 9, "N_roi": 9, "N_inlier": 9, "refit": true}
{"timestamp": "16:25:13.542509", "frame": 46, "mu": [1.3303013407947295, 0.7442615190706533, 1.445672632428501], "Sigma": [[0.00443990864402462, -0.001905750611971355, -0.0045036967946070865], [-0.001905750611971355, 0.0018102644014162154, 0.0013791124979458695], [-0.0045036967946070865, 0.0013791124979458695, 0.005629377570583697]], "chi2_level": 0.95, "chi2_df": 3, "chi2_threshold": 7.814727903251179, "N_raw": 17, "N_roi": 17, "N_inlier": 16, "refit": true}
{"timestamp": "16:25:13.600764", "frame": 47, "mu": [1.3611737667993058, 0.6302979308255786, 1.3194149016169223], "Sigma": [[0.0059773571785463, -0.002041069890016476, -0.003977458316391907], [-0.002041069890016476, 0.00705246009370148, -2.6684454003580082e-05], [-0.003977458316391908, -2.6684454003580082e-05, 0.005339255788866466]], "chi2_level": 0.95, "chi2_df": 3, "chi2_threshold": 7.814727903251179, "N_raw": 39, "N_roi": 39, "N_inlier": 38, "refit": true}
{"timestamp": "16:25:13.653771", "frame": 48, "mu": [1.2842816106053272, 0.6893748451342957, 1.2504929159348959], "Sigma": [[0.0032768532447792647, -0.0030868204345199284, -0.006761211736023832], [-0.003086820434519928, 0.004827992931074749, 0.00562849238344028], [-0.006761211736023832, 0.005628492383440282, 0.05011763050347279]], "chi2_level": 0.95, "chi2_df": 3, "chi2_threshold": 7.814727903251179, "N_raw": 12, "N_roi": 12, "N_inlier": 11, "refit": true}
{"timestamp": "16:25:13.711470", "frame": 49, "mu": [1.2253786679015497, 0.7099631085021011, 1.3964225512755553], "Sigma": [[0.005578042772775973, -0.004444641060053236, -0.006983874798221959], [-0.004444641060053236, 0.004762399268345921, 0.004795289177352222], [-0.006983874798221959, 0.004795289177352221, 0.012269902763321267]], "chi2_level": 0.95, "chi2_df": 3, "chi2_threshold": 7.814727903251179, "N_raw": 29, "N_roi": 29, "N_inlier": 27, "refit": true}
{"timestamp": "16:25:13.763718", "frame": 50, "mu": [1.0936857371617303, 0.8295289466214456, 1.4375942909878194], "Sigma": [[0.012279869586383071, -0.009367930854036059, -0.01920421129669901], [-0.009367930854036059, 0.012101966048363425, 0.023191664960646008], [-0.01920421129669901, 0.023191664960646004, 0.07011427296977218]], "chi2_level": 0.95, "chi2_df": 3, "chi2_threshold": 7.814727903251179, "N_raw": 11, "N_roi": 11, "N_inlier": 11, "refit": true}
{"timestamp": "16:25:13.820781", "frame": 51, "mu": [1.104709354870253, 0.755525896605477, 1.4416486171419025], "Sigma": [[0.00893456724746119, -0.009638697651199816, -0.008555558188866403], [-0.009638697651199818, 0.011364853361194518, 0.00867165827335803], [-0.008555558188866403, 0.00867165827335803, 0.009825943604139886]], "chi2_level": 0.95, "chi2_df": 3, "chi2_threshold": 7.814727903251179, "N_raw": 28, "N_roi": 28, "N_inlier": 25, "refit": true}
{"timestamp": "16:25:13.875033", "frame": 52, "mu": [0.9726147478157585, 0.8415849910142177, 1.5655447371773639], "Sigma": [[0.003622302293828661, -0.0016708054146151513, -0.0008250919796837827], [-0.0016708054146151515, 0.0027759932933198945, -6.6226299855777075e-06], [-0.0008250919796837828, -6.622629985577694e-06, 0.0003983051088153475]], "chi2_level": 0.95, "chi2_df": 3, "chi2_threshold": 7.814727903251179, "N_raw": 21, "N_roi": 21, "N_inlier": 18, "refit": true}
{"timestamp": "16:25:13.931403", "frame": 53, "mu": [0.8900139320478428, 0.8696509261305957, 1.5465656144376627], "Sigma": [[0.003651851777851603, -0.0014061877046122153, -0.0036014136357829796], [-0.0014061877046122153, 0.00401210134432747, 0.003399468057750269], [-0.003601413635782979, 0.003399468057750269, 0.007304317193278181]], "chi2_level": 0.95, "chi2_df": 3, "chi2_threshold": 7.814727903251179, "N_raw": 28, "N_roi": 28, "N_inlier": 26, "refit": true}
{"timestamp": "16:25:13.984218", "frame": 54, "mu": [0.8910602830461947, 0.8236664308572003, 1.368899149545601], "Sigma": [[0.00619287447935963, -0.0017830410311319717, -0.021459216946869916], [-0.001783041031131972, 0.0030545543683083774, 0.002921164369603867], [-0.021459216946869916, 0.0029211643696038674, 0.09564721991925768]], "chi2_level": 0.95, "chi2_df": 3, "chi2_threshold": 7.814727903251179, "N_raw": 15, "N_roi": 15, "N_inlier": 13, "refit": true}
{"timestamp": "16:25:14.041514", "frame": 55, "mu": [0.8122958711048878, 0.8313970147670305, 1.5128693677849185], "Sigma": [[0.002227932436897313, 0.0004888237740737799, -0.004298505947297448], [0.0004888237740737799, 0.0022100187365246627, -0.0029839700830064683], [-0.004298505947297448, -0.0029839700830064683, 0.0180559332126693]], "chi2_level": 0.95, "chi2_df": 3, "chi2_threshold": 7.814727903251179, "N_raw": 27, "N_roi": 27, "N_inlier": 23, "refit": true}
{"timestamp": "16:25:14.099990", "frame": 56, "mu": [0.791183728645035, 0.8116606993266012, 1.4510559670242422], "Sigma": [[0.007389449235261628, -0.0011272891514623583, -0.005753945847521352], [-0.0011272891514623583, 0.002061631061896899, -0.00032540740352443684], [-0.005753945847521352, -0.00032540740352443695, 0.005568997284833126]], "chi2_level": 0.95, "chi2_df": 3, "chi2_threshold": 7.814727903251179, "N_raw": 57, "N_roi": 57, "N_inlier": 54, "refit": true}
{"timestamp": "16:25:14.148025", "frame": 57, "mu": [0.7795845069235476, 0.8518363607477966, 1.2230317320722812], "Sigma": [[0.007979224889663654, -0.0034302420882000176, 0.009050773138421885], [-0.0034302420882000176, 0.009871219657783429, -0.030056728364828665], [0.009050773138421885, -0.03005672836482867, 0.09629736606175693]], "chi2_level": 0.95, "chi2_df": 3, "chi2_threshold": 7.814727903251179, "N_raw": 8, "N_roi": 8, "N_inlier": 8, "refit": true}
{"timestamp": "16:25:14.209107", "frame": 58, "mu": [0.7092709044626412, 0.7276519829199383, 1.4565263651350775], "Sigma": [[0.004904521290754832, -0.0013349133324979463, -0.004903481455953143], [-0.0013349133324979463, 0.0028215400824338835, 0.00016516408377383843], [-0.004903481455953143, 0.00016516408377383827, 0.006676709406514963]], "chi2_level": 0.95, "chi2_df": 3, "chi2_threshold": 7.814727903251179, "N_raw": 44, "N_roi": 44, "N_inlier": 40, "refit": true}
{"timestamp": "16:25:14.267892", "frame": 59, "mu": [0.7116183387671331, 0.726978443216115, 1.3436810055703934], "Sigma": [[0.005703018663561545, -0.0014814127587770994, -0.007342391045041143], [-0.0014814127587770994, 0.0023736684762830024, -0.001348003042530701], [-0.007342391045041144, -0.0013480030425307011, 0.017892689328887833]], "chi2_level": 0.95, "chi2_df": 3, "chi2_threshold": 7.814727903251179, "N_raw": 76, "N_roi": 76, "N_inlier": 73, "refit": true}
{"timestamp": "16:25:14.320542", "frame": 60, "mu": [0.6724675949370846, 0.6683182980662135, 1.4481257964237848], "Sigma": [[0.004671495449511262, -0.0023209696051980453, -0.005251834467162956], [-0.0023209696051980453, 0.003129749527936595, 0.0020317750905643286], [-0.005251834467162956, 0.0020317750905643286, 0.007884184557474444]], "chi2_level": 0.95, "chi2_df": 3, "chi2_threshold": 7.814727903251179, "N_raw": 51, "N_roi": 51, "N_inlier": 47, "refit": true}
{"timestamp": "16:25:14.376973", "frame": 61, "mu": [0.6147333558847424, 0.6070282839427941, 1.2412757033251374], "Sigma": [[0.004229539732367843, -0.0029833610008441393, -0.008912048641374385], [-0.0029833610008441393, 0.009049088124853623, 0.024592105340108313], [-0.008912048641374385, 0.024592105340108313, 0.10215125381335091]], "chi2_level": 0.95, "chi2_df": 3, "chi2_threshold": 7.814727903251179, "N_raw": 71, "N_roi": 71, "N_inlier": 68, "refit": true}
{"timestamp": "16:25:14.427463", "frame": 62, "mu": [0.5069278358695489, 0.6782277873148548, 1.4272302109068846], "Sigma": [[0.003946900589130616, -3.592326714732134e-05, -0.004658484562576459], [-3.592326714732129e-05, 0.0008942945496292618, -0.0010950957853465703], [-0.004658484562576459, -0.0010950957853465703, 0.007689359843951978]], "chi2_level": 0.95, "chi2_df": 3, "chi2_threshold": 7.814727903251179, "N_raw": 35, "N_roi": 35, "N_inlier": 32, "refit": true}
{"timestamp": "16:25:14.483613", "frame": 63, "mu": [0.4778675540893136, 0.6528745186826242, 1.4772196065137102], "Sigma": [[0.0029150625297459723, -0.0008010266105934315, -0.0026817854414986726], [-0.0008010266105934315, 0.001473157020135333, -0.00012945299128581575], [-0.0026817854414986726, -0.0001294529912858158, 0.004276921897722806]], "chi2_level": 0.95, "chi2_df": 3, "chi2_threshold": 7.814727903251179, "N_raw": 49, "N_roi": 49, "N_inlier": 46, "refit": true}
{"timestamp": "16:25:14.537801", "frame": 64, "mu": [0.4433002213363695, 0.7544885562071776, -0.30096061368672206], "Sigma": [[0.0017534034145309108, 0.00023036880662670778, -0.0010846077539907809], [0.0002303688066267078, 0.0020283615992373032, -0.0018555838905501534], [-0.0010846077539907809, -0.0018555838905501536, 0.00243524455334458]], "chi2_level": 0.95, "chi2_df": 3, "chi2_threshold": 7.814727903251179, "N_raw": 38, "N_roi": 38, "N_inlier": 34, "refit": true}
{"timestamp": "16:25:14.596877", "frame": 65, "mu": [0.39822338274409724, 0.6848661368871607, 1.4987619555203524], "Sigma": [[0.002914374102476022, 0.0006712940333600033, -0.002500922373825724], [0.0006712940333600033, 0.0030389594143890794, -0.0022491399349357137], [-0.002500922373825724, -0.0022491399349357137, 0.004017024514101711]], "chi2_level": 0.95, "chi2_df": 3, "chi2_threshold": 7.814727903251179, "N_raw": 73, "N_roi": 73, "N_inlier": 69, "refit": true}
{"timestamp": "16:25:14.646297", "frame": 66, "mu": [0.3258795186087904, 0.6567360309239396, 1.5330078300530892], "Sigma": [[0.0020065414293100547, -0.0010581532245778449, -0.0028231207091115604], [-0.0010581532245778449, 0.0017097650461932558, 0.001862832041335949], [-0.00282312070911156, 0.0018628320413359488, 0.007779822946882989]], "chi2_level": 0.95, "chi2_df": 3, "chi2_threshold": 7.814727903251179, "N_raw": 31, "N_roi": 31, "N_inlier": 29, "refit": true}
{"timestamp": "16:25:14.699769", "frame": 67, "mu": [0.31060790530833365, 0.6266009520746297, 1.487097964433819], "Sigma": [[0.002480279646281295, 0.0006776904800598252, -0.0024593972389785066], [0.0006776904800598253, 0.0006084231972188623, -0.001244181266296543], [-0.0024593972389785066, -0.0012441812662965426, 0.003521640878088231]], "chi2_level": 0.95, "chi2_df": 3, "chi2_threshold": 7.814727903251179, "N_raw": 23, "N_roi": 23, "N_inlier": 22, "refit": true}
{"timestamp": "16:25:14.753768", "frame": 68, "mu": [0.27077588085724524, 0.6582924969899946, 1.3844622006481662], "Sigma": [[0.0023907041437333317, 0.0005955411626881261, -0.0038161648436247112], [0.0005955411626881261, 0.000843608247783364, -1.634919370318449e-05], [-0.0038161648436247112, -1.6349193703184598e-05, 0.010782128024527092]], "chi2_level": 0.95, "chi2_df": 3, "chi2_threshold": 7.814727903251179, "N_raw": 15, "N_roi": 15, "N_inlier": 13, "refit": true}
{"timestamp": "16:25:14.807768", "frame": 69, "mu": [0.27464039049137756, 0.6693833843856751, 1.0243315447864625], "Sigma": [[0.00371816210114726, 0.0044530045467489525, 0.01741563139030666], [0.004453004546748952, 0.012984899222538064, 0.06835028242860902], [0.017415631390306656, 0.06835028242860902, 0.4155522006119413]], "chi2_level": 0.95, "chi2_df": 3, "chi2_threshold": 7.814727903251179, "N_raw": 7, "N_roi": 7, "N_inlier": 7, "refit": true}
{"timestamp": "16:25:14.921909", "frame": 71, "mu": [0.1558895670183923, 0.6301948049616034, 1.3186741148935326], "Sigma": [[0.006871697614535195, -0.00342488203901809, -0.00481947725620837], [-0.00342488203901809, 0.0029678731138957524, 0.0024946998428604034], [-0.00481947725620837, 0.0024946998428604034, 0.009041787564608933]], "chi2_level": 0.95, "chi2_df": 3, "chi2_threshold": 7.814727903251179, "N_raw": 45, "N_roi": 45, "N_inlier": 43, "refit": true}
{"timestamp": "16:25:14.976887", "frame": 72, "mu": [0.11082107136446494, 0.6590379219608935, 1.3241576008672213], "Sigma": [[0.001249246142723369, 0.00012843429119524345, -0.0009383567472138118], [0.0001284342911952434, 0.0022015737192871104, -0.0011135130197701246], [-0.0009383567472138118, -0.0011135130197701246, 0.001792968727340561]], "chi2_level": 0.95, "chi2_df": 3, "chi2_threshold": 7.814727903251179, "N_raw": 36, "N_roi": 36, "N_inlier": 35, "refit": true}
{"timestamp": "16:25:15.037564", "frame": 73, "mu": [0.02942416229392348, 0.6788845390679107, 1.3056912240971656], "Sigma": [[0.001773107247166363, -0.0014913604507554527, -0.0015579071352588205], [-0.0014913604507554524, 0.005301882811437097, -0.0008674654536842976], [-0.0015579071352588205, -0.0008674654536842977, 0.003814605973961936]], "chi2_level": 0.95, "chi2_df": 3, "chi2_threshold": 7.814727903251179, "N_raw": 65, "N_roi": 65, "N_inlier": 62, "refit": true}
{"timestamp": "16:25:15.090598", "frame": 74, "mu": [-0.08199220972958825, 0.7538315810139746, 1.3887050931430893], "Sigma": [[0.0016818634634902419, -0.0005357127989790013, -0.0012802673333750208], [-0.0005357127989790014, 0.001256351787363753, -0.0016870203711650282], [-0.0012802673333750208, -0.0016870203711650282, 0.005967121126345484]], "chi2_level": 0.95, "chi2_df": 3, "chi2_threshold": 7.814727903251179, "N_raw": 59, "N_roi": 59, "N_inlier": 57, "refit": true}
{"timestamp": "16:25:15.148092", "frame": 75, "mu": [-0.10721723695579892, 0.7461115403277977, 1.431723337912491], "Sigma": [[0.0016063971151846822, -0.00047595318951036816, -0.00027793967990508123], [-0.0004759531895103681, 0.0018899032535575786, -0.0033724163373257815], [-0.0002779396799050813, -0.003372416337325782, 0.007345870121199227]], "chi2_level": 0.95, "chi2_df": 3, "chi2_threshold": 7.814727903251179, "N_raw": 74, "N_roi": 74, "N_inlier": 71, "refit": true}
{"timestamp": "16:25:15.200079", "frame": 76, "mu": [-0.09678232217192269, 0.6624051871389272, 1.311991522826631], "Sigma": [[0.0012645203759284788, -0.0008485209303323105, -0.0003722040990197028], [-0.0008485209303323106, 0.005328943447679956, -0.0008120668983495811], [-0.0003722040990197028, -0.0008120668983495812, 0.00043644738606049235]], "chi2_level": 0.95, "chi2_df": 3, "chi2_threshold": 7.814727903251179, "N_raw": 46, "N_roi": 46, "N_inlier": 43, "refit": true}
{"timestamp": "16:25:15.257375", "frame": 77, "mu": [-0.17104329077483116, 0.6654020229508575, 1.380524291242778], "Sigma": [[0.0020726018629906263, -0.00011801702014189952, -0.0028017450019944944], [-0.00011801702014189952, 0.001903508088527724, -0.002218357575018034], [-0.0028017450019944944, -0.002218357575018034, 0.008737634787704208]], "chi2_level": 0.95, "chi2_df": 3, "chi2_threshold": 7.814727903251179, "N_raw": 70, "N_roi": 70, "N_inlier": 69, "refit": true}
{"timestamp": "16:25:15.311638", "frame": 78, "mu": [-0.1590885504646873, 0.6477682416983006, 1.2868018875482068], "Sigma": [[0.002482628952145373, -0.0027880619471603086, -0.00022941358184844446], [-0.0027880619471603086, 0.004859316686927771, -0.0011247420131305335], [-0.00022941358184844462, -0.0011247420131305333, 0.00254597304419107]], "chi2_level": 0.95, "chi2_df": 3, "chi2_threshold": 7.814727903251179, "N_raw": 61, "N_roi": 61, "N_inlier": 56, "refit": true}
{"timestamp": "16:25:15.369668", "frame": 79, "mu": [-0.2780988790432285, 0.7116534108569896, 1.418704577442447], "Sigma": [[0.0029695607769686366, -8.366191729144312e-05, -0.004425636678634303], [-8.366191729144312e-05, 0.002187553627889815, -0.004059857522301506], [-0.004425636678634304, -0.004059857522301506, 0.017714720859196988]], "chi2_level": 0.95, "chi2_df": 3, "chi2_threshold": 7.814727903251179, "N_raw": 84, "N_roi": 84, "N_inlier": 80, "refit": true}
{"timestamp": "16:25:15.421456", "frame": 80, "mu": [-0.32325548046963964, 0.6502559523055093, 1.3830902982672648], "Sigma": [[0.01330649354076977, -0.003306208964039148, -0.01789072226337621], [-0.0033062089640391486, 0.004492639096580919, 0.003922725898983628], [-0.01789072226337621, 0.003922725898983628, 0.02911392297745946]], "chi2_level": 0.95, "chi2_df": 3, "chi2_threshold": 7.814727903251179, "N_raw": 63, "N_roi": 61, "N_inlier": 60, "refit": true}
{"timestamp": "16:25:15.476680", "frame": 81, "mu": [-0.43121414105979206, 0.6734492384072832, 1.4900634076623074], "Sigma": [[0.0023441565638498206, -7.568570492578747e-05, -0.003558988495622504], [-7.568570492578745e-05, 0.0025006935343646576, -0.0033392375477084065], [-0.003558988495622504, -0.0033392375477084065, 0.01183841849075338]], "chi2_level": 0.95, "chi2_df": 3, "chi2_threshold": 7.814727903251179, "N_raw": 72, "N_roi": 72, "N_inlier": 69, "refit": true}
{"timestamp": "16:25:15.530795", "frame": 82, "mu": [-0.3863166315443168, 0.6670049208637937, 1.2329015955421636], "Sigma": [[0.002618503913277348, 0.00011467152290676997, -0.009702311590394464], [0.00011467152290677002, 0.0063060868977905865, -0.011501216022647904], [-0.009702311590394464, -0.011501216022647903, 0.06148513873017061]], "chi2_level": 0.95, "chi2_df": 3, "chi2_threshold": 7.814727903251179, "N_raw": 55, "N_roi": 55, "N_inlier": 47, "refit": true}
{"timestamp": "16:25:15.582004", "frame": 83, "mu": [-0.47573942111865036, 0.5575622114385759, 1.36258600076368], "Sigma": [[0.026447313442963624, 0.005600453386218028, -0.031834834273822325], [0.005600453386218028, 0.0030109126163101498, -0.009389770700195053], [-0.031834834273822325, -0.009389770700195053, 0.04269409347327426]], "chi2_level": 0.95, "chi2_df": 3, "chi2_threshold": 7.814727903251179, "N_raw": 38, "N_roi": 38, "N_inlier": 36, "refit": true}
{"timestamp": "16:25:15.647074", "frame": 84, "mu": [-0.6283903412826067, 0.5409254513458235, 1.4857168743100573], "Sigma": [[0.028446327604065236, 0.0038528179626972467, -0.035929932195063956], [0.0038528179626972467, 0.004164570498454922, -0.00944428047087115], [-0.035929932195063956, -0.00944428047087115, 0.054277672144248605]], "chi2_level": 0.95, "chi2_df": 3, "chi2_threshold": 7.814727903251179, "N_raw": 108, "N_roi": 108, "N_inlier": 105, "refit": true}
{"timestamp": "16:25:15.697731", "frame": 85, "mu": [-0.7233550891770394, 0.4959334481156978, 1.5274678429633803], "Sigma": [[0.029518230417556954, 0.004899207240923516, -0.03252646575726044], [0.004899207240923516, 0.00394785020379844, -0.0077044236241048825], [-0.03252646575726044, -0.0077044236241048825, 0.040791959793871194]], "chi2_level": 0.95, "chi2_df": 3, "chi2_threshold": 7.814727903251179, "N_raw": 73, "N_roi": 73, "N_inlier": 71, "refit": true}
{"timestamp": "16:25:15.752560", "frame": 86, "mu": [-0.8551235328360862, 0.45555001730063144, 1.6313672215704211], "Sigma": [[0.006205405955160688, 0.0030803207889211867, 0.0004141816702072687], [0.0030803207889211867, 0.004466280847438854, -0.0026992619523778932], [0.0004141816702072687, -0.0026992619523778932, 0.0034718901179289488]], "chi2_level": 0.95, "chi2_df": 3, "chi2_threshold": 7.814727903251179, "N_raw": 72, "N_roi": 72, "N_inlier": 65, "refit": true}
{"timestamp": "16:25:15.804971", "frame": 87, "mu": [-0.8653612463626226, 0.49492124679349125, 1.622636623953926], "Sigma": [[0.00620544632346385, 0.0010105539399547874, -0.002171413672629588], [0.0010105539399547876, 0.004435797619387714, -0.004592085761936436], [-0.002171413672629588, -0.004592085761936436, 0.005724359980425779]], "chi2_level": 0.95, "chi2_df": 3, "chi2_threshold": 7.814727903251179, "N_raw": 54, "N_roi": 54, "N_inlier": 52, "refit": true}
{"timestamp": "16:25:15.859616", "frame": 88, "mu": [-0.8805954916935813, 0.5000674261153615, 1.586172834158848], "Sigma": [[0.004718090834919653, 0.0007816751848299238, -0.0014089584168908865], [0.0007816751848299237, 0.002629030178729636, -0.003762409186468243], [-0.0014089584168908865, -0.0037624091864682427, 0.007098322911807666]], "chi2_level": 0.95, "chi2_df": 3, "chi2_threshold": 7.814727903251179, "N_raw": 57, "N_roi": 57, "N_inlier": 55, "refit": true}
{"timestamp": "16:25:15.915899", "frame": 89, "mu": [-0.9355851843496251, 0.5159424448892654, 1.6246923289289927], "Sigma": [[0.005863071589033438, -0.00034064739889244123, -0.0001475922999703031], [-0.00034064739889244134, 0.0036788914621191183, -0.003662847299602378], [-0.0001475922999703031, -0.003662847299602378, 0.00491113496284356]], "chi2_level": 0.95, "chi2_df": 3, "chi2_threshold": 7.814727903251179, "N_raw": 64, "N_roi": 64, "N_inlier": 62, "refit": true}
{"timestamp": "16:25:15.973705", "frame": 90, "mu": [-0.9681877967835874, 0.6027541525735443, -0.2728741092903954], "Sigma": [[0.0076870274170882024, -0.0010751826897764866, -0.0015814308482076753], [-0.0010751826897764864, 0.00626642815124207, -0.0018946398927205215], [-0.0015814308482076755, -0.0018946398927205212, 0.002126710056752978]], "chi2_level": 0.95, "chi2_df": 3, "chi2_threshold": 7.814727903251179, "N_raw": 76, "N_roi": 76, "N_inlier": 71, "refit": true}
{"timestamp": "16:25:16.027105", "frame": 91, "mu": [-0.9788764127748271, 0.5097341599067253, 1.5310856405041087], "Sigma": [[0.009257156640863165, -0.0004610968072485619, -0.0025811992153308948], [-0.0004610968072485621, 0.00471056333540444, -0.0010283809907892807], [-0.0025811992153308948, -0.0010283809907892807, 0.0038861326050283404]], "chi2_level": 0.95, "chi2_df": 3, "chi2_threshold": 7.814727903251179, "N_raw": 69, "N_roi": 69, "N_inlier": 65, "refit": true}
{"timestamp": "16:25:16.085922", "frame": 92, "mu": [-0.9944942026129525, 0.5220184071256402, 1.3739309233391344], "Sigma": [[0.013849719169153278, 0.00200713933455534, -0.02285832429108783], [0.00200713933455534, 0.004973797153185816, -0.006279883217586732], [-0.022858324291087827, -0.006279883217586732, 0.07434039224980692]], "chi2_level": 0.95, "chi2_df": 3, "chi2_threshold": 7.814727903251179, "N_raw": 91, "N_roi": 91, "N_inlier": 90, "refit": true}
{"timestamp": "16:25:16.137666", "frame": 93, "mu": [-1.0752074151247402, 0.49168730426380186, 1.5199514509735832], "Sigma": [[0.007551873549969354, -0.0030749983001112343, -0.003194281682003749], [-0.0030749983001112343, 0.00835325834583702, -0.003305703868394588], [-0.003194281682003748, -0.003305703868394588, 0.0075726799486944205]], "chi2_level": 0.95, "chi2_df": 3, "chi2_threshold": 7.814727903251179, "N_raw": 73, "N_roi": 73, "N_inlier": 71, "refit": true}
{"timestamp": "16:25:16.191565", "frame": 94, "mu": [-1.132572956340795, 0.5210876560495379, 1.5516248521092977], "Sigma": [[0.008956517470895398, -0.0008967087335328435, -0.0038230467203713243], [-0.0008967087335328434, 0.007832321968930701, -0.0028931862555546025], [-0.003823046720371325, -0.002893186255554603, 0.005604263691279082]], "chi2_level": 0.95, "chi2_df": 3, "chi2_threshold": 7.814727903251179, "N_raw": 70, "N_roi": 70, "N_inlier": 68, "refit": true}
{"timestamp": "16:25:16.247068", "frame": 95, "mu": [-1.1806076380159523, 0.5153174168209664, 1.4975640031166237], "Sigma": [[0.008471857672591907, -0.0017621376522007305, -0.005138742940297298], [-0.0017621376522007305, 0.009961416305774561, -0.0033742834374661706], [-0.005138742940297298, -0.0033742834374661706, 0.009837767089159864]], "chi2_level": 0.95, "chi2_df": 3, "chi2_threshold": 7.814727903251179, "N_raw": 70, "N_roi": 70, "N_inlier": 66, "refit": true}
{"timestamp": "16:25:16.299318", "frame": 96, "mu": [-1.2315815579152027, 0.45790454967901334, 1.44695248208768], "Sigma": [[0.007276631462851159, -0.0015757365012198776, -0.003445224351293605], [-0.0015757365012198776, 0.009565146594548301, -0.002037588505792231], [-0.003445224351293605, -0.002037588505792231, 0.0035754862457335252]], "chi2_level": 0.95, "chi2_df": 3, "chi2_threshold": 7.814727903251179, "N_raw": 52, "N_roi": 52, "N_inlier": 51, "refit": true}
{"timestamp": "16:25:16.356105", "frame": 97, "mu": [-1.2593098889166183, 0.4849973653706126, 1.3905102513200152], "Sigma": [[0.00696117164457796, -0.0033551795093254622, -0.0017866233387924878], [-0.0033551795093254622, 0.014664428019341794, -0.004409801654553529], [-0.0017866233387924878, -0.004409801654553529, 0.0036885268443047348]], "chi2_level": 0.95, "chi2_df": 3, "chi2_threshold": 7.814727903251179, "N_raw": 64, "N_roi": 64, "N_inlier": 61, "refit": true}
{"timestamp": "16:25:16.408267", "frame": 98, "mu": [-1.2952446299160982, 0.49399334017869095, 1.4184217622704436], "Sigma": [[0.005611389594846926, -0.002178341990427684, -0.0030924610833942606], [-0.0021783419904276846, 0.009822435790500928, -0.0019851801017095826], [-0.0030924610833942606, -0.0019851801017095826, 0.0033396779950715027]], "chi2_level": 0.95, "chi2_df": 3, "chi2_threshold": 7.814727903251179, "N_raw": 44, "N_roi": 44, "N_inlier": 42, "refit": true}
{"timestamp": "16:25:16.463759", "frame": 99, "mu": [-1.2811700433545734, 0.4498499510439548, 1.3956738201094767], "Sigma": [[0.006619308694639758, -0.0010182220631210247, -0.003482888699788425], [-0.001018222063121025, 0.009216629664811274, -0.0018895240910661], [-0.003482888699788425, -0.0018895240910661003, 0.003354936652411867]], "chi2_level": 0.95, "chi2_df": 3, "chi2_threshold": 7.814727903251179, "N_raw": 49, "N_roi": 49, "N_inlier": 43, "refit": true}
{"timestamp": "16:25:16.600535", "frame": 100, "mu": [-1.368607658310485, 0.6250451128092814, -0.45021991887194646], "Sigma": [[0.007987309003037181, -0.00011390136100765798, -0.0018696667150398555], [-0.00011390136100765825, 0.010887741733074765, -0.0005981348282110192], [-0.0018696667150398553, -0.0005981348282110192, 0.0008688920911531568]], "chi2_level": 0.95, "chi2_df": 3, "chi2_threshold": 7.814727903251179, "N_raw": 52, "N_roi": 52, "N_inlier": 51, "refit": true}
{"timestamp": "16:25:16.604905", "frame": 101, "mu": [-1.3958157242262335, 0.6021982218413211, -0.5226765917183833], "Sigma": [[0.0058580635164597805, 0.0024565728897934166, 0.0004791345295189082], [0.0024565728897934166, 0.008154238216180056, -0.001969779238023055], [0.00047913452951890825, -0.001969779238023055, 0.00114092459303623]], "chi2_level": 0.95, "chi2_df": 3, "chi2_threshold": 7.814727903251179, "N_raw": 45, "N_roi": 45, "N_inlier": 39, "refit": true}
{"timestamp": "16:25:16.637954", "frame": 102, "mu": [-1.1079608816478455, 0.4270202535721365, 1.2405524215574015], "Sigma": [[0.8685867681868226, -0.03247341563053248, -0.08774848991975068], [-0.032473415630532486, 0.014915178792909448, 0.01564100247754046], [-0.08774848991975068, 0.01564100247754046, 0.0397636257232539]], "chi2_level": 0.95, "chi2_df": 3, "chi2_threshold": 7.814727903251179, "N_raw": 39, "N_roi": 39, "N_inlier": 37, "refit": true}
{"timestamp": "16:25:16.679302", "frame": 103, "mu": [-1.5749496941094856, 0.4994319728673515, 1.14442982281743], "Sigma": [[0.0018782044884562005, 0.004239950262330797, 5.700193708217774e-05], [0.004239950262330797, 0.011323526925043244, 0.003497890265243971], [5.700193708217758e-05, 0.00349789026524397, 0.0075512871165065104]], "chi2_level": 0.95, "chi2_df": 3, "chi2_threshold": 7.814727903251179, "N_raw": 14, "N_roi": 14, "N_inlier": 13, "refit": true}
{"timestamp": "16:25:16.735660", "frame": 104, "mu": [-1.508765379528746, 0.5422368663296566, 1.322472055884892], "Sigma": [[0.004733910955918554, 0.002802781849448995, -0.002714542080721192], [0.002802781849448995, 0.009465017868193098, -0.0042331370614969825], [-0.0027145420807211922, -0.0042331370614969825, 0.002914100408979413]], "chi2_level": 0.95, "chi2_df": 3, "chi2_threshold": 7.814727903251179, "N_raw": 30, "N_roi": 30, "N_inlier": 29, "refit": true}
{"timestamp": "16:25:16.788510", "frame": 105, "mu": [-1.5407065014461243, 0.6819733179529194, 1.2671387564775807], "Sigma": [[0.0026441327131890256, 0.00027549838407795786, 0.00034743347917316595], [0.00027549838407795786, 0.0014596217903246908, -0.0005222824656900501], [0.00034743347917316595, -0.0005222824656900501, 0.0011865666138113427]], "chi2_level": 0.95, "chi2_df": 3, "chi2_threshold": 7.814727903251179, "N_raw": 16, "N_roi": 16, "N_inlier": 14, "refit": true}
{"timestamp": "16:25:16.849936", "frame": 106, "mu": [-1.6049659476655869, 0.7154924514956984, -0.6112014541933448], "Sigma": [[0.006409561695075078, 0.002650637052718462, 0.0005367872853182301], [0.0026506370527184615, 0.010903752594703104, -0.004739281576920117], [0.0005367872853182301, -0.004739281576920117, 0.0073589160713472]], "chi2_level": 0.95, "chi2_df": 3, "chi2_threshold": 7.814727903251179, "N_raw": 54, "N_roi": 54, "N_inlier": 48, "refit": true}
{"timestamp": "16:25:16.956147", "frame": 108, "mu": [-1.636153947667595, 0.7084524410509907, -0.5528658348999805], "Sigma": [[0.006555751169280016, 0.006463596000740504, 0.00028118384253847964], [0.006463596000740503, 0.014323425834527023, -0.004129180001866151], [0.0002811838425384797, -0.00412918000186615, 0.0041320736766689466]], "chi2_level": 0.95, "chi2_df": 3, "chi2_threshold": 7.814727903251179, "N_raw": 39, "N_roi": 39, "N_inlier": 36, "refit": true}
{"timestamp": "16:25:17.008613", "frame": 109, "mu": [-1.3085584728369828, 0.4784515408552964, 0.9538318509857343], "Sigma": [[1.4202086933151667, -0.019836913242969403, 0.13212297597248968], [-0.019836913242969403, 0.0025961861843310395, 0.0015571061441980597], [0.1321229759724897, 0.0015571061441980593, 0.041777992055553784]], "chi2_level": 0.95, "chi2_df": 3, "chi2_threshold": 7.814727903251179, "N_raw": 11, "N_roi": 11, "N_inlier": 11, "refit": true}
{"timestamp": "16:25:17.068912", "frame": 110, "mu": [-1.6920598928954504, 0.7246455316421893, -0.6361864189264639], "Sigma": [[0.0066346535728905864, 0.005359990864122746, 0.00277738364512778], [0.005359990864122746, 0.010834980638330926, -0.002605139037254931], [0.00277738364512778, -0.0026051390372549303, 0.011621383593306707]], "chi2_level": 0.95, "chi2_df": 3, "chi2_threshold": 7.814727903251179, "N_raw": 53, "N_roi": 53, "N_inlier": 48, "refit": true}
{"timestamp": "16:25:17.339152", "frame": 115, "mu": [-1.8831925146493396, 0.614424181868425, 1.2453398703783538], "Sigma": [[0.003552466934785621, 0.0047807982120116315, -0.0028393443959990536], [0.0047807982120116315, 0.009586976377279751, -0.005554748488660452], [-0.002839344395999054, -0.005554748488660451, 0.00393738307568446]], "chi2_level": 0.95, "chi2_df": 3, "chi2_threshold": 7.814727903251179, "N_raw": 15, "N_roi": 15, "N_inlier": 15, "refit": true}
{"timestamp": "16:25:17.393492", "frame": 116, "mu": [-1.8058505327024297, 0.6417283744201266, 1.16059082675359], "Sigma": [[0.002521029755325306, 0.0029176506984239627, -0.0030041487333792548], [0.0029176506984239627, 0.004257261203120815, -0.003965025613559382], [-0.0030041487333792548, -0.003965025613559382, 0.005385617519241408]], "chi2_level": 0.95, "chi2_df": 3, "chi2_threshold": 7.814727903251179, "N_raw": 12, "N_roi": 12, "N_inlier": 11, "refit": true}
{"timestamp": "16:25:17.448811", "frame": 117, "mu": [-1.7536140893329746, 0.5473234152169887, 1.1308675737256095], "Sigma": [[0.003932427742774034, 0.005742090941843579, -0.0019387347975832778], [0.005742090941843579, 0.00980041445881833, -0.004565529940361513], [-0.0019387347975832778, -0.004565529940361513, 0.0058848013107876415]], "chi2_level": 0.95, "chi2_df": 3, "chi2_threshold": 7.814727903251179, "N_raw": 19, "N_roi": 19, "N_inlier": 19, "refit": true}
{"timestamp": "16:25:17.561391", "frame": 119, "mu": [-1.861626414443437, 0.6607929348180648, 1.1735802685545171], "Sigma": [[0.007816192852013444, 0.004610137105214657, -0.005043099333830502], [0.004610137105214657, 0.01036537539287358, -0.00716207716009287], [-0.005043099333830502, -0.00716207716009287, 0.00653622192310113]], "chi2_level": 0.95, "chi2_df": 3, "chi2_threshold": 7.814727903251179, "N_raw": 39, "N_roi": 39, "N_inlier": 38, "refit": true}
{"timestamp": "16:25:17.615080", "frame": 120, "mu": [-1.8601793579299761, 0.9437439381648055, -0.5514367810963446], "Sigma": [[0.004643113758755548, 0.005927484934917274, -0.001647226107245522], [0.005927484934917274, 0.012820201987361087, -0.006005831629061369], [-0.001647226107245522, -0.006005831629061369, 0.004947903155191293]], "chi2_level": 0.95, "chi2_df": 3, "chi2_threshold": 7.814727903251179, "N_raw": 23, "N_roi": 23, "N_inlier": 22, "refit": true}
{"timestamp": "16:25:17.677294", "frame": 121, "mu": [-1.9177964765023368, 0.7429247155798575, 1.1935081037925659], "Sigma": [[0.01134437793653439, 0.008055104421043568, -0.0005782153170407595], [0.008055104421043567, 0.011108114981478004, -0.004655553869423101], [-0.0005782153170407591, -0.004655553869423101, 0.009165439942432066]], "chi2_level": 0.95, "chi2_df": 3, "chi2_threshold": 7.814727903251179, "N_raw": 67, "N_roi": 67, "N_inlier": 52, "refit": true}
{"timestamp": "16:25:17.722183", "frame": 122, "mu": [-1.8381097979948173, 0.8179413788351692, 1.2042850302231953], "Sigma": [[0.0017312282367193876, 0.003011434384084748, -0.0007838061842121375], [0.003011434384084748, 0.010219865683886116, -0.0033645491497942036], [-0.0007838061842121375, -0.0033645491497942036, 0.0011604902649095911]], "chi2_level": 0.95, "chi2_df": 3, "chi2_threshold": 7.814727903251179, "N_raw": 13, "N_roi": 13, "N_inlier": 12, "refit": true}
{"timestamp": "16:25:17.778938", "frame": 123, "mu": [-1.886521624847067, 1.0044016647378524, -0.6091526890795096], "Sigma": [[0.005383212726910012, 0.003275080335389133, 0.008179081034888763], [0.003275080335389133, 0.005955162791587897, -0.0013082330838507777], [0.008179081034888763, -0.0013082330838507781, 0.02505878357159031]], "chi2_level": 0.95, "chi2_df": 3, "chi2_threshold": 7.814727903251179, "N_raw": 15, "N_roi": 15, "N_inlier": 14, "refit": true}
{"timestamp": "16:25:17.837166", "frame": 124, "mu": [-2.0053610521520717, 0.7928103308702169, 1.1602273609784604], "Sigma": [[0.009655926210034456, 0.0066298228572576326, -0.005410612887364368], [0.006629822857257633, 0.008578142982704698, -0.007692602079883216], [-0.005410612887364368, -0.007692602079883216, 0.010844095361855715]], "chi2_level": 0.95, "chi2_df": 3, "chi2_threshold": 7.814727903251179, "N_raw": 40, "N_roi": 40, "N_inlier": 38, "refit": true}
{"timestamp": "16:25:17.893500", "frame": 125, "mu": [-1.9338818298031843, 0.783474238321319, 1.1921426106124529], "Sigma": [[0.028544353243427016, 0.019226258238288572, 0.02616347007015641], [0.019226258238288572, 0.02663256570293055, 0.01955035938234376], [0.02616347007015641, 0.019550359382343764, 0.051691114809823385]], "chi2_level": 0.95, "chi2_df": 3, "chi2_threshold": 7.814727903251179, "N_raw": 50, "N_roi": 50, "N_inlier": 48, "refit": true}
{"timestamp": "16:25:17.948272", "frame": 126, "mu": [-1.930593315154035, 0.8070060543574055, 1.219755671500277], "Sigma": [[0.018714918619103342, 0.011484715918673404, 0.012723424457799507], [0.011484715918673404, 0.015616683752415324, -0.0016355661470461727], [0.012723424457799507, -0.001635566147046173, 0.026390661407891917]], "chi2_level": 0.95, "chi2_df": 3, "chi2_threshold": 7.814727903251179, "N_raw": 47, "N_roi": 47, "N_inlier": 40, "refit": true}
{"timestamp": "16:25:18.004583", "frame": 127, "mu": [-1.9465448808598889, 0.8599319302039666, 1.284477213783882], "Sigma": [[0.010532680161939173, 0.008650334685895468, -0.0017077184457999774], [0.008650334685895468, 0.015790242026118523, -0.007262013535769026], [-0.0017077184457999774, -0.007262013535769025, 0.006387839758480169]], "chi2_level": 0.95, "chi2_df": 3, "chi2_threshold": 7.814727903251179, "N_raw": 55, "N_roi": 55, "N_inlier": 51, "refit": true}
{"timestamp": "16:25:18.059915", "frame": 128, "mu": [-1.9646408158179853, 0.8992599108204689, 1.2760656667996908], "Sigma": [[0.01190797333869763, 0.007897011281009626, -0.003048823980851154], [0.007897011281009628, 0.014955327664758683, -0.008164724965608402], [-0.0030488239808511546, -0.008164724965608402, 0.005311626727982425]], "chi2_level": 0.95, "chi2_df": 3, "chi2_threshold": 7.814727903251179, "N_raw": 56, "N_roi": 56, "N_inlier": 55, "refit": true}
{"timestamp": "16:25:18.115146", "frame": 129, "mu": [-2.007693290628634, 0.9398338564195713, 1.309323940009068], "Sigma": [[0.011035720070605515, 0.0068032080332670365, -0.0038744291972069187], [0.006803208033267038, 0.015185625101946645, -0.009618997057167927], [-0.0038744291972069187, -0.009618997057167927, 0.009172790203496862]], "chi2_level": 0.95, "chi2_df": 3, "chi2_threshold": 7.814727903251179, "N_raw": 60, "N_roi": 60, "N_inlier": 57, "refit": true}
{"timestamp": "16:25:18.164034", "frame": 130, "mu": [-1.9363115732982357, 1.053616713130934, 1.3257512921887427], "Sigma": [[0.002967574447316066, 0.002375552192968011, -0.0019008587512873334], [0.002375552192968011, 0.004777424075462359, -0.0020015194294569698], [-0.0019008587512873334, -0.0020015194294569698, 0.0015861771215908893]], "chi2_level": 0.95, "chi2_df": 3, "chi2_threshold": 7.814727903251179, "N_raw": 14, "N_roi": 14, "N_inlier": 14, "refit": true}
{"timestamp": "16:25:18.223692", "frame": 131, "mu": [-2.04678671322555, 1.0012773339564143, 1.1860014275718367], "Sigma": [[0.008605142123078679, 0.007960718277175618, 0.0026425371743714022], [0.007960718277175618, 0.010635268317976041, -0.003015767530691849], [0.0026425371743714027, -0.003015767530691849, 0.018241626053727512]], "chi2_level": 0.95, "chi2_df": 3, "chi2_threshold": 7.814727903251179, "N_raw": 52, "N_roi": 52, "N_inlier": 51, "refit": true}
