{"timestamp": "17:00:59.007575", "frame": 53, "mu": [1.7546487423267703, 0.6187633832900216, 1.131292580521212], "Sigma": [[0.001882216510036354, -0.0009639822013683527, -0.0005725822270548083], [-0.0009639822013683527, 0.003759745248664044, -0.0015264585881209507], [-0.0005725822270548083, -0.0015264585881209507, 0.0017001313589359124]], "chi2_level": 0.95, "chi2_df": 3, "chi2_threshold": 7.814727903251179, "N_raw": 13, "N_roi": 13, "N_inlier": 12, "refit": true}
{"timestamp": "17:00:59.065940", "frame": 54, "mu": [1.7247402617059218, 0.6369542227039318, 1.1693581776195006], "Sigma": [[0.003626704995115764, -0.004974793249605619, -0.0016934843321124386], [-0.004974793249605619, 0.012852220483454009, -0.0011505311019785413], [-0.0016934843321124386, -0.0011505311019785415, 0.0040858526259853496]], "chi2_level": 0.95, "chi2_df": 3, "chi2_threshold": 7.814727903251179, "N_raw": 32, "N_roi": 32, "N_inlier": 27, "refit": true}
{"timestamp": "17:00:59.120066", "frame": 55, "mu": [1.6991724990720594, 0.5554280922538614, 1.1814863290883708], "Sigma": [[0.0027840178555346936, -0.004375982659474174, -0.004356020411386433], [-0.004375982659474174, 0.01129479169655914, 0.0014962584013504046], [-0.004356020411386433, 0.0014962584013504044, 0.018777500407004512]], "chi2_level": 0.95, "chi2_df": 3, "chi2_threshold": 7.814727903251179, "N_raw": 21, "N_roi": 21, "N_inlier": 19, "refit": true}
{"timestamp": "17:00:59.177961", "frame": 56, "mu": [1.6483619491222725, 0.5906080213603816, 1.203567594263176], "Sigma": [[0.004937929327248146, -0.00604109326300148, -0.005510926811246057], [-0.00604109326300148, 0.012595918041440815, 0.0020624226676286073], [-0.005510926811246057, 0.0020624226676286073, 0.01637029019029635]], "chi2_level": 0.95, "chi2_df": 3, "chi2_threshold": 7.814727903251179, "N_raw": 38, "N_roi": 38, "N_inlier": 36, "refit": true}
{"timestamp": "17:00:59.232519", "frame": 57, "mu": [1.624146039647232, 0.5640780096039341, 1.2419294820046427], "Sigma": [[0.004255531807103032, -0.004859689033185586, -0.004487879988666106], [-0.004859689033185587, 0.010522672688953742, 0.0010712512413939526], [-0.004487879988666106, 0.0010712512413939528, 0.011057295948291435]], "chi2_level": 0.95, "chi2_df": 3, "chi2_threshold": 7.814727903251179, "N_raw": 32, "N_roi": 32, "N_inlier": 28, "refit": true}
{"timestamp": "17:00:59.285198", "frame": 58, "mu": [1.5772665761905238, 0.6055934056477552, 1.2224863272506452], "Sigma": [[0.002419404060203947, -0.0030045694876482077, -0.0030774722806942724], [-0.0030045694876482077, 0.005097243568333482, 0.0029135452615323258], [-0.0030774722806942724, 0.0029135452615323258, 0.01576266079790127]], "chi2_level": 0.95, "chi2_df": 3, "chi2_threshold": 7.814727903251179, "N_raw": 18, "N_roi": 18, "N_inlier": 16, "refit": true}
{"timestamp": "17:00:59.338538", "frame": 59, "mu": [1.4881582236044217, 0.6584606708924688, 1.3367295629222726], "Sigma": [[0.004778492619388419, -0.00338413274550968, -0.013780675953786499], [-0.0033841327455096794, 0.0038006193378730875, 0.011157098789240571], [-0.0137806759537865, 0.011157098789240571, 0.04377319934999956]], "chi2_level": 0.95, "chi2_df": 3, "chi2_threshold": 7.814727903251179, "N_raw": 8, "N_roi": 8, "N_inlier": 7, "refit": true}
{"timestamp": "17:00:59.453601", "frame": 61, "mu": [1.4812271143816518, 0.616427506617313, 1.1763924300171458], "Sigma": [[0.0035477532604062806, -0.0013218010931194436, -0.003649220555495622], [-0.0013218010931194436, 0.006647068318370784, -0.0019953328171154402], [-0.0036492205554956225, -0.0019953328171154407, 0.01626210919207108]], "chi2_level": 0.95, "chi2_df": 3, "chi2_threshold": 7.814727903251179, "N_raw": 37, "N_roi": 37, "N_inlier": 35, "refit": true}
{"timestamp": "17:00:59.503960", "frame": 62, "mu": [1.3834883714460315, 0.6088517727264776, 1.2447432468205912], "Sigma": [[0.008552254439120572, -0.00781940306242404, -0.020631907631886423], [-0.007819403062424039, 0.015463633077593172, 0.011976568686401765], [-0.020631907631886427, 0.011976568686401767, 0.0806313273860377]], "chi2_level": 0.95, "chi2_df": 3, "chi2_threshold": 7.814727903251179, "N_raw": 10, "N_roi": 10, "N_inlier": 10, "refit": true}
{"timestamp": "17:00:59.560677", "frame": 63, "mu": [1.3153112159992466, 0.5815091310006915, 1.3086930002786452], "Sigma": [[0.00729648283845208, -0.004404310995423555, -0.010190933330510164], [-0.004404310995423555, 0.0037606396164667944, 0.005639402432377483], [-0.010190933330510164, 0.005639402432377483, 0.015657052133641665]], "chi2_level": 0.95, "chi2_df": 3, "chi2_threshold": 7.814727903251179, "N_raw": 16, "N_roi": 16, "N_inlier": 14, "refit": true}
{"timestamp": "17:00:59.614999", "frame": 64, "mu": [1.302875082480881, 0.5262314353752525, 1.1918179145711416], "Sigma": [[0.005563877815161186, -0.005113819491307755, -0.004163781148749535], [-0.005113819491307755, 0.006719670227093103, 0.0044375200340598985], [-0.004163781148749535, 0.0044375200340598985, 0.038580452890355374]], "chi2_level": 0.95, "chi2_df": 3, "chi2_threshold": 7.814727903251179, "N_raw": 21, "N_roi": 21, "N_inlier": 20, "refit": true}
{"timestamp": "17:00:59.671960", "frame": 65, "mu": [1.282306124518157, 0.4627263347668322, 1.2811910160198252], "Sigma": [[0.00436156618366383, -0.0038421021365909395, -0.001603420957813571], [-0.0038421021365909395, 0.009010013773944505, -0.0020400227957534647], [-0.001603420957813571, -0.0020400227957534647, 0.0035350890355098402]], "chi2_level": 0.95, "chi2_df": 3, "chi2_threshold": 7.814727903251179, "N_raw": 35, "N_roi": 35, "N_inlier": 32, "refit": true}
{"timestamp": "17:00:59.725963", "frame": 66, "mu": [1.1864907546690797, 0.7024047818102925, -0.5295524419594986], "Sigma": [[0.002829110921112118, -0.0014418066726633674, -0.0030866232727174607], [-0.0014418066726633672, 0.007483597295089063, -0.0023034995521495406], [-0.0030866232727174603, -0.002303499552149541, 0.006946486685835343]], "chi2_level": 0.95, "chi2_df": 3, "chi2_threshold": 7.814727903251179, "N_raw": 16, "N_roi": 16, "N_inlier": 14, "refit": true}
{"timestamp": "17:00:59.781874", "frame": 67, "mu": [1.1426584191874647, 0.5621106276710439, 1.4123579921444753], "Sigma": [[0.004376657207241348, -0.0020203557265183036, -0.004044781613956693], [-0.0020203557265183036, 0.0027719118724128314, 9.781896791849427e-05], [-0.004044781613956693, 9.781896791849438e-05, 0.005868253504840889]], "chi2_level": 0.95, "chi2_df": 3, "chi2_threshold": 7.814727903251179, "N_raw": 33, "N_roi": 33, "N_inlier": 30, "refit": true}
{"timestamp": "17:00:59.890755", "frame": 69, "mu": [1.0244344308684181, 0.5277110499819517, 1.3592380007674103], "Sigma": [[0.0130140026741876, -0.014934328528935689, -0.014893725462193537], [-0.014934328528935689, 0.020163826941751672, 0.01695804265998686], [-0.014893725462193537, 0.01695804265998686, 0.01862884166970822]], "chi2_level": 0.95, "chi2_df": 3, "chi2_threshold": 7.814727903251179, "N_raw": 29, "N_roi": 29, "N_inlier": 27, "refit": true}
{"timestamp": "17:00:59.945852", "frame": 70, "mu": [0.8764649349041288, 0.6957289894995863, 1.2658567725680818], "Sigma": [[0.003863319836946038, 0.00019266471956478492, -0.015819770052664883], [0.00019266471956478487, 0.003443019510995667, -0.0034719059082047535], [-0.015819770052664883, -0.0034719059082047527, 0.09506095681189455]], "chi2_level": 0.95, "chi2_df": 3, "chi2_threshold": 7.814727903251179, "N_raw": 18, "N_roi": 18, "N_inlier": 17, "refit": true}
{"timestamp": "17:00:59.997882", "frame": 71, "mu": [0.798543022860251, 0.7323018577433739, 1.0990254045721788], "Sigma": [[0.0021190751003910776, 0.001701093242523649, -0.013082778102200814], [0.001701093242523649, 0.0032105856794967615, 0.005218271684638199], [-0.013082778102200815, 0.005218271684638198, 0.3213574016986395]], "chi2_level": 0.95, "chi2_df": 3, "chi2_threshold": 7.814727903251179, "N_raw": 9, "N_roi": 9, "N_inlier": 8, "refit": true}
{"timestamp": "17:01:00.060729", "frame": 72, "mu": [0.8138989549966678, 0.6356648925294559, 1.4265551757445807], "Sigma": [[0.007230908540938476, -0.005000575488893594, -0.005441740516227424], [-0.005000575488893595, 0.0040425013487512635, 0.003199024143439338], [-0.005441740516227425, 0.0031990241434393385, 0.010567167167986113]], "chi2_level": 0.95, "chi2_df": 3, "chi2_threshold": 7.814727903251179, "N_raw": 53, "N_roi": 53, "N_inlier": 48, "refit": true}
{"timestamp": "17:01:00.110721", "frame": 73, "mu": [0.7077227624769691, 0.7082679770681621, 1.4021349782833754], "Sigma": [[0.004741082737959595, -0.0017950197361067178, -0.005347896968374989], [-0.0017950197361067178, 0.007258959972941241, -0.009811358546620075], [-0.00534789696837499, -0.009811358546620077, 0.032273841946668366]], "chi2_level": 0.95, "chi2_df": 3, "chi2_threshold": 7.814727903251179, "N_raw": 19, "N_roi": 19, "N_inlier": 17, "refit": true}
{"timestamp": "17:01:00.167034", "frame": 74, "mu": [0.6391804422745679, 0.7212143950795278, 1.532097983303137], "Sigma": [[0.0017529357379547624, -0.0004005112879463186, -0.0012494900583987383], [-0.0004005112879463186, 0.0028331589226206657, -0.0004232599847674848], [-0.0012494900583987383, -0.00042325998476748484, 0.0013075741498130128]], "chi2_level": 0.95, "chi2_df": 3, "chi2_threshold": 7.814727903251179, "N_raw": 34, "N_roi": 34, "N_inlier": 30, "refit": true}
{"timestamp": "17:01:00.221232", "frame": 75, "mu": [0.6269287996754145, 0.7098660464346628, 1.4669307767393345], "Sigma": [[0.005709971615930035, -0.0015600195754648487, -0.006898860403400632], [-0.0015600195754648487, 0.001986664682430436, -0.0004029565210990269], [-0.006898860403400632, -0.0004029565210990269, 0.0183771709054383]], "chi2_level": 0.95, "chi2_df": 3, "chi2_threshold": 7.814727903251179, "N_raw": 27, "N_roi": 27, "N_inlier": 23, "refit": true}
{"timestamp": "17:01:00.277690", "frame": 76, "mu": [0.6013989853173317, 0.8210031622734586, -0.33835127567813655], "Sigma": [[0.00993584507196695, -0.0028703340418862397, -0.00829824059716417], [-0.0028703340418862397, 0.0020759699168069537, 0.002196684549370641], [-0.00829824059716417, 0.002196684549370641, 0.007257602945317389]], "chi2_level": 0.95, "chi2_df": 3, "chi2_threshold": 7.814727903251179, "N_raw": 34, "N_roi": 34, "N_inlier": 31, "refit": true}
{"timestamp": "17:01:00.338205", "frame": 77, "mu": [0.48993936458842846, 0.8065320922431429, 1.3032146108044667], "Sigma": [[0.00448613150053323, -0.0031189040041652255, 0.00669417872339473], [-0.0031189040041652255, 0.011245442983237373, -0.021518134882750208], [0.00669417872339473, -0.021518134882750204, 0.05529968651457437]], "chi2_level": 0.95, "chi2_df": 3, "chi2_threshold": 7.814727903251179, "N_raw": 76, "N_roi": 76, "N_inlier": 74, "refit": true}
{"timestamp": "17:01:00.391747", "frame": 78, "mu": [0.46927002319981964, 0.7646138972513892, 1.374805395123233], "Sigma": [[0.004858734691068693, -0.0029009109244405086, 0.009405287952422918], [-0.0029009109244405086, 0.00531988418847375, -0.013154897534556334], [0.009405287952422918, -0.013154897534556335, 0.05165604263223782]], "chi2_level": 0.95, "chi2_df": 3, "chi2_threshold": 7.814727903251179, "N_raw": 58, "N_roi": 58, "N_inlier": 56, "refit": true}
{"timestamp": "17:01:00.449955", "frame": 79, "mu": [0.4005237380139832, 0.8014547770993191, 1.2734659267820945], "Sigma": [[0.004643590120788391, -0.0028355440849290644, 0.005223561589813987], [-0.0028355440849290644, 0.006513079712335197, -0.015717526109033573], [0.005223561589813987, -0.015717526109033573, 0.0639579604528382]], "chi2_level": 0.95, "chi2_df": 3, "chi2_threshold": 7.814727903251179, "N_raw": 84, "N_roi": 84, "N_inlier": 80, "refit": true}
{"timestamp": "17:01:00.512626", "frame": 80, "mu": [0.4045640758396175, 0.8105080670377904, 1.2668541027225686], "Sigma": [[0.0038336142951913774, -0.0019217483208353887, -0.0016521034324709586], [-0.0019217483208353887, 0.0058042013573876465, -0.01095807841332824], [-0.001652103432470959, -0.01095807841332824, 0.044643645581641266]], "chi2_level": 0.95, "chi2_df": 3, "chi2_threshold": 7.814727903251179, "N_raw": 129, "N_roi": 129, "N_inlier": 128, "refit": true}
{"timestamp": "17:01:00.557421", "frame": 81, "mu": [0.5463321388240068, 1.5253447648132141, 0.3123417232253819], "Sigma": [[0.14073370643003977, 0.49464993139971386, -0.6503616179695986], [0.4946499313997139, 1.8308959926662558, -2.38067628027161], [-0.6503616179695986, -2.3806762802716097, 3.1315751245047085]], "chi2_level": 0.95, "chi2_df": 3, "chi2_threshold": 7.814727903251179, "N_raw": 53, "N_roi": 53, "N_inlier": 49, "refit": true}
{"timestamp": "17:01:00.613987", "frame": 82, "mu": [0.3179666063310168, 0.7443578210692532, 1.4237187695647038], "Sigma": [[0.007678485366037417, -0.0005328555258217879, -0.007042599495045591], [-0.0005328555258217879, 0.0012784801589077585, -0.0015032808641196372], [-0.00704259949504559, -0.0015032808641196372, 0.011269747580447203]], "chi2_level": 0.95, "chi2_df": 3, "chi2_threshold": 7.814727903251179, "N_raw": 64, "N_roi": 64, "N_inlier": 58, "refit": true}
{"timestamp": "17:01:00.666006", "frame": 83, "mu": [0.2965428999594347, 0.7149518692769967, 1.3186648042873117], "Sigma": [[0.002697941014809974, -0.0011209756552444914, -0.00856931197918119], [-0.0011209756552444914, 0.0022876608159943324, 0.0006263257838430949], [-0.00856931197918119, 0.0006263257838430951, 0.07956141828459048]], "chi2_level": 0.95, "chi2_df": 3, "chi2_threshold": 7.814727903251179, "N_raw": 53, "N_roi": 53, "N_inlier": 49, "refit": true}
{"timestamp": "17:01:00.719657", "frame": 84, "mu": [0.20782325739922916, 0.9607037772791889, -1.0384714086231188], "Sigma": [[0.015738532637402578, -0.004042407787393309, -0.029106847992013588], [-0.004042407787393309, 0.014418137766037351, -0.0669436848862334], [-0.029106847992013588, -0.06694368488623341, 0.5538819699178388]], "chi2_level": 0.95, "chi2_df": 3, "chi2_threshold": 7.814727903251179, "N_raw": 47, "N_roi": 47, "N_inlier": 46, "refit": true}
{"timestamp": "17:01:00.776265", "frame": 85, "mu": [0.1933795744293994, 0.7235585377118147, 1.415608221193549], "Sigma": [[0.002135348374308766, 0.0007502115709636518, -0.0023468216561442637], [0.0007502115709636519, 0.0009765112110174892, -0.0020506883824056555], [-0.002346821656144264, -0.002050688382405655, 0.005328289761991171]], "chi2_level": 0.95, "chi2_df": 3, "chi2_threshold": 7.814727903251179, "N_raw": 51, "N_roi": 51, "N_inlier": 46, "refit": true}
{"timestamp": "17:01:00.832198", "frame": 86, "mu": [0.13392129834418778, 0.8593444318822754, -0.36152063476914476], "Sigma": [[0.002057920671724208, -0.0005457861698942306, 0.00042563179435558044], [-0.0005457861698942304, 0.003350649361034943, -0.004044031524849242], [0.00042563179435558033, -0.004044031524849242, 0.00597529707780244]], "chi2_level": 0.95, "chi2_df": 3, "chi2_threshold": 7.814727903251179, "N_raw": 59, "N_roi": 59, "N_inlier": 53, "refit": true}
{"timestamp": "17:01:00.887152", "frame": 87, "mu": [0.16563320368250475, 0.6451774970342761, 1.3358201531208582], "Sigma": [[0.0036984655650988464, 0.0006242107308306173, -0.0041148552926780855], [0.0006242107308306173, 0.0005450387943084262, -0.0013276737432615451], [-0.0041148552926780855, -0.0013276737432615451, 0.007717231649539161]], "chi2_level": 0.95, "chi2_df": 3, "chi2_threshold": 7.814727903251179, "N_raw": 64, "N_roi": 64, "N_inlier": 58, "refit": true}
{"timestamp": "17:01:00.944129", "frame": 88, "mu": [0.09757907696928124, 0.6277378690500988, 1.3143724410714293], "Sigma": [[0.008464609870120555, -0.005291947240987237, -0.0009733524296692395], [-0.005291947240987237, 0.004708462696023505, -0.0031401542022193897], [-0.0009733524296692395, -0.0031401542022193893, 0.01475153343487538]], "chi2_level": 0.95, "chi2_df": 3, "chi2_threshold": 7.814727903251179, "N_raw": 69, "N_roi": 69, "N_inlier": 59, "refit": true}
{"timestamp": "17:01:00.995510", "frame": 89, "mu": [-0.14179855038301253, 0.7598532184284477, 1.269749612536832], "Sigma": [[0.009027449815265343, -0.009059744583863797, 0.014611731876927611], [-0.009059744583863796, 0.010416220744899196, -0.01709436223238988], [0.014611731876927611, -0.01709436223238988, 0.06067743966473863]], "chi2_level": 0.95, "chi2_df": 3, "chi2_threshold": 7.814727903251179, "N_raw": 49, "N_roi": 49, "N_inlier": 44, "refit": true}
{"timestamp": "17:01:01.052047", "frame": 90, "mu": [-0.03039541651535852, 0.6916869303701534, 1.3841401539199008], "Sigma": [[0.0028066236754740394, -0.00036318884185045563, -0.0017503791237855294], [-0.0003631888418504555, 0.0013007352644372095, -0.0025605679369151337], [-0.0017503791237855292, -0.0025605679369151337, 0.00902197619340791]], "chi2_level": 0.95, "chi2_df": 3, "chi2_threshold": 7.814727903251179, "N_raw": 62, "N_roi": 62, "N_inlier": 57, "refit": true}
{"timestamp": "17:01:01.108765", "frame": 91, "mu": [-0.1065701979150308, 0.6272241797287621, 1.465166196669587], "Sigma": [[0.0042298021280834245, -0.00037237661801338114, -0.005602848950454611], [-0.00037237661801338114, 0.0015481601543786453, -0.0006802194051306931], [-0.005602848950454611, -0.000680219405130693, 0.009142328924983737]], "chi2_level": 0.95, "chi2_df": 3, "chi2_threshold": 7.814727903251179, "N_raw": 68, "N_roi": 68, "N_inlier": 64, "refit": true}
{"timestamp": "17:01:01.163141", "frame": 92, "mu": [-0.19122784502695608, 0.6902604140897729, -0.3902351014299069], "Sigma": [[0.001739123679670825, 0.0011504386843579698, 0.0013417032572053708], [0.0011504386843579698, 0.008645302873009289, 3.271782590773248e-05], [0.0013417032572053708, 3.271782590773243e-05, 0.005973127281406973]], "chi2_level": 0.95, "chi2_df": 3, "chi2_threshold": 7.814727903251179, "N_raw": 74, "N_roi": 74, "N_inlier": 71, "refit": true}
{"timestamp": "17:01:01.227785", "frame": 93, "mu": [-0.20059070611089796, 0.6485436588075318, 1.4967523042456017], "Sigma": [[0.006266719311073402, -0.0013389855826351532, -0.005731011843786538], [-0.001338985582635153, 0.0033947381864697997, -0.0022585272660422214], [-0.005731011843786538, -0.0022585272660422214, 0.009757487611367632]], "chi2_level": 0.95, "chi2_df": 3, "chi2_threshold": 7.814727903251179, "N_raw": 137, "N_roi": 137, "N_inlier": 135, "refit": true}
{"timestamp": "17:01:01.265455", "frame": 94, "mu": [-0.27203761858111675, 0.6162740818485558, 1.5527227716614065], "Sigma": [[0.0006185229661756677, 1.5654656207445542e-05, -0.0008969183106408566], [1.5654656207445522e-05, 0.000762039866475084, -0.0012884757146980831], [-0.0008969183106408566, -0.0012884757146980833, 0.0037049451100213517]], "chi2_level": 0.95, "chi2_df": 3, "chi2_threshold": 7.814727903251179, "N_raw": 18, "N_roi": 18, "N_inlier": 16, "refit": true}
{"timestamp": "17:01:01.328762", "frame": 95, "mu": [-0.2706195638980107, 0.7214101478415347, -0.4216536209814049], "Sigma": [[0.008521699596117222, 0.004006204068200105, -0.00652785170729874], [0.004006204068200105, 0.005840077109346145, -0.004743489901762397], [-0.00652785170729874, -0.004743489901762397, 0.015697434167638066]], "chi2_level": 0.95, "chi2_df": 3, "chi2_threshold": 7.814727903251179, "N_raw": 76, "N_roi": 76, "N_inlier": 72, "refit": true}
{"timestamp": "17:01:01.386333", "frame": 96, "mu": [-0.32045141201985783, 0.7395620559786114, -0.4320690133211963], "Sigma": [[0.00783401836148908, 0.0012529205409592568, -0.008280217814224323], [0.0012529205409592568, 0.0033015886804353915, -0.0038542441925298195], [-0.008280217814224323, -0.0038542441925298195, 0.012204591934447628]], "chi2_level": 0.95, "chi2_df": 3, "chi2_threshold": 7.814727903251179, "N_raw": 92, "N_roi": 91, "N_inlier": 88, "refit": true}
{"timestamp": "17:01:01.437473", "frame": 97, "mu": [-0.4464538103085736, 0.7163087219764077, -0.37158186200395754], "Sigma": [[0.022948643703753477, 0.008591865349412552, -0.022013355327153025], [0.008591865349412552, 0.005990380843630076, -0.009421103483288552], [-0.02201335532715303, -0.009421103483288552, 0.025238254289631917]], "chi2_level": 0.95, "chi2_df": 3, "chi2_threshold": 7.814727903251179, "N_raw": 64, "N_roi": 61, "N_inlier": 59, "refit": true}
{"timestamp": "17:01:01.499867", "frame": 98, "mu": [-0.4854396757165376, 0.7077482334047145, -0.3989053596275376], "Sigma": [[0.03140247218308636, 0.013453827873404673, -0.02128297268560219], [0.013453827873404673, 0.0114853518398859, -0.009264771756589206], [-0.021282972685602194, -0.009264771756589206, 0.02013007665195791]], "chi2_level": 0.95, "chi2_df": 3, "chi2_threshold": 7.814727903251179, "N_raw": 118, "N_roi": 118, "N_inlier": 116, "refit": true}
{"timestamp": "17:01:01.547524", "frame": 99, "mu": [-0.6472132674160059, 0.5794081783810711, 1.5851012843715668], "Sigma": [[0.040186558727236366, 0.006093952943384266, -0.03938291568852948], [0.006093952943384266, 0.002961508446814832, -0.007006262306274578], [-0.03938291568852948, -0.007006262306274578, 0.04094122653098582]], "chi2_level": 0.95, "chi2_df": 3, "chi2_threshold": 7.814727903251179, "N_raw": 57, "N_roi": 57, "N_inlier": 51, "refit": true}
{"timestamp": "17:01:01.819991", "frame": 100, "mu": [-0.8145366018036247, 0.598517500237688, -0.19225270885946955], "Sigma": [[0.006455643859249425, 0.0028013028983089588, 0.0012613806088703414], [0.0028013028983089588, 0.006768119669943285, 0.0016898503651601553], [0.0012613806088703412, 0.0016898503651601555, 0.002515618692151873]], "chi2_level": 0.95, "chi2_df": 3, "chi2_threshold": 7.814727903251179, "N_raw": 61, "N_roi": 61, "N_inlier": 59, "refit": true}
{"timestamp": "17:01:01.844645", "frame": 101, "mu": [-0.7855302894319282, 0.6460704632548785, -0.16398268628261622], "Sigma": [[0.030329938584311406, 0.00886338607179148, -0.029016527445704175], [0.00886338607179148, 0.007567037509970779, -0.010454814770690478], [-0.029016527445704175, -0.010454814770690478, 0.031077180903302214]], "chi2_level": 0.95, "chi2_df": 3, "chi2_threshold": 7.814727903251179, "N_raw": 85, "N_roi": 83, "N_inlier": 81, "refit": true}
{"timestamp": "17:01:01.883154", "frame": 102, "mu": [-0.8992919413536243, 0.6290591194645578, -0.11669286978884337], "Sigma": [[0.0065799026869402515, 0.002049082234061538, -0.001974357056459963], [0.002049082234061538, 0.0068563179096104475, -0.0034790139135025292], [-0.001974357056459963, -0.0034790139135025292, 0.0022381978837066226]], "chi2_level": 0.95, "chi2_df": 3, "chi2_threshold": 7.814727903251179, "N_raw": 62, "N_roi": 61, "N_inlier": 58, "refit": true}
{"timestamp": "17:01:01.926081", "frame": 103, "mu": [-0.8713458956372584, 0.673688546096215, -0.21246254228650496], "Sigma": [[0.006709011380465652, 0.0026959015153184603, -0.0009813970867473514], [0.0026959015153184603, 0.00911195083056678, -0.005062907597759971], [-0.0009813970867473514, -0.005062907597759971, 0.0030541883576482884]], "chi2_level": 0.95, "chi2_df": 3, "chi2_threshold": 7.814727903251179, "N_raw": 93, "N_roi": 93, "N_inlier": 88, "refit": true}
{"timestamp": "17:01:01.980911", "frame": 104, "mu": [-0.950392850729206, 0.636296335621965, -0.24361680862998175], "Sigma": [[0.005083729092352167, 0.0011857959327044349, -6.011793546716488e-05], [0.0011857959327044349, 0.004414009334395665, -0.0032063115500614724], [-6.0117935467165096e-05, -0.0032063115500614724, 0.002923504791375693]], "chi2_level": 0.95, "chi2_df": 3, "chi2_threshold": 7.814727903251179, "N_raw": 46, "N_roi": 44, "N_inlier": 41, "refit": true}
{"timestamp": "17:01:02.019757", "frame": 105, "mu": [-0.9027197582996922, 0.6806354664482062, -0.33059969914104875], "Sigma": [[0.012567118781909125, 0.0026232991685782177, -0.0036264329150264207], [0.0026232991685782177, 0.009224943927883889, -0.0023553582932872626], [-0.0036264329150264207, -0.0023553582932872626, 0.0017299587198601545]], "chi2_level": 0.95, "chi2_df": 3, "chi2_threshold": 7.814727903251179, "N_raw": 110, "N_roi": 107, "N_inlier": 105, "refit": true}
{"timestamp": "17:01:02.064407", "frame": 106, "mu": [-0.9707355358853886, 0.6252347961796232, -0.2969865401874467], "Sigma": [[0.010206573042186544, 0.0009560400301518158, -0.0011785411690489976], [0.0009560400301518157, 0.004904521025195147, -0.002118012214118048], [-0.0011785411690489979, -0.002118012214118048, 0.005323965510279762]], "chi2_level": 0.95, "chi2_df": 3, "chi2_threshold": 7.814727903251179, "N_raw": 51, "N_roi": 51, "N_inlier": 47, "refit": true}
{"timestamp": "17:01:02.099014", "frame": 107, "mu": [-1.0211034855227457, 0.6376506424737006, -0.3671225634789066], "Sigma": [[0.007486684314893549, 0.0018000357426307286, 0.0008027434878427794], [0.0018000357426307286, 0.0037431190752605795, -0.002202030175384451], [0.0008027434878427793, -0.002202030175384451, 0.004562669757679695]], "chi2_level": 0.95, "chi2_df": 3, "chi2_threshold": 7.814727903251179, "N_raw": 59, "N_roi": 59, "N_inlier": 54, "refit": true}
{"timestamp": "17:01:02.138053", "frame": 108, "mu": [-1.0079768838879422, 0.6654075352766864, -0.3425273056677484], "Sigma": [[0.005818687386416342, 0.0012677273586187184, -0.0007118833781763175], [0.0012677273586187182, 0.0057003351098425395, -0.005179206631630682], [-0.0007118833781763175, -0.005179206631630682, 0.008349326589811624]], "chi2_level": 0.95, "chi2_df": 3, "chi2_threshold": 7.814727903251179, "N_raw": 70, "N_roi": 70, "N_inlier": 67, "refit": true}
{"timestamp": "17:01:02.187878", "frame": 109, "mu": [-1.0631696926503988, 0.6045718589150462, -0.3171043505342075], "Sigma": [[0.009542209227639412, 9.328463944736112e-05, -0.003249155593239792], [9.328463944736126e-05, 0.009881398144178839, -0.0013462427293896046], [-0.0032491555932397925, -0.0013462427293896046, 0.0051427879855081085]], "chi2_level": 0.95, "chi2_df": 3, "chi2_threshold": 7.814727903251179, "N_raw": 76, "N_roi": 76, "N_inlier": 70, "refit": true}
{"timestamp": "17:01:02.229910", "frame": 110, "mu": [-1.045366727880278, 0.43141574413800443, -0.5533167819125194], "Sigma": [[0.008638869439229716, -0.0021987623577437785, -0.0031943586853729416], [-0.002198762357743778, 0.00898853162191438, -0.0013744265073985444], [-0.003194358685372941, -0.0013744265073985444, 0.004013382622464518]], "chi2_level": 0.95, "chi2_df": 3, "chi2_threshold": 7.814727903251179, "N_raw": 76, "N_roi": 76, "N_inlier": 67, "refit": true}
{"timestamp": "17:01:02.248826", "frame": 111, "mu": [-1.1248010525133125, 0.553979195637563, -0.43949978274049123], "Sigma": [[0.008276894776923905, -0.0010821372511906106, -0.005684905813888806], [-0.0010821372511906104, 0.015572242863213457, -0.001697286507749252], [-0.005684905813888806, -0.001697286507749252, 0.00745685632664371]], "chi2_level": 0.95, "chi2_df": 3, "chi2_threshold": 7.814727903251179, "N_raw": 65, "N_roi": 65, "N_inlier": 59, "refit": true}
{"timestamp": "17:01:02.278531", "frame": 112, "mu": [-1.162441749755381, 0.585339695936409, -0.40671579474124514], "Sigma": [[0.007240718119723817, -0.0015515421708500927, -0.0021595623776986725], [-0.0015515421708500927, 0.01044103088905862, -0.0018976884940385048], [-0.0021595623776986725, -0.0018976884940385048, 0.0020580349136116306]], "chi2_level": 0.95, "chi2_df": 3, "chi2_threshold": 7.814727903251179, "N_raw": 67, "N_roi": 67, "N_inlier": 62, "refit": true}
{"timestamp": "17:01:02.320537", "frame": 113, "mu": [-1.1868009907303432, 0.5797987222050001, -0.40112893804012556], "Sigma": [[0.006434983612906956, -0.00039830505942471, -0.001898718443091505], [-0.00039830505942471, 0.009009691963118432, -0.0018141226617335742], [-0.0018987184430915049, -0.0018141226617335742, 0.0016339525891196794]], "chi2_level": 0.95, "chi2_df": 3, "chi2_threshold": 7.814727903251179, "N_raw": 55, "N_roi": 55, "N_inlier": 50, "refit": true}
{"timestamp": "17:01:02.369679", "frame": 114, "mu": [-1.2226559467578004, 0.5854943525942966, -0.41720875338991303], "Sigma": [[0.00546427754494677, 1.854694515419892e-05, -0.0026367176503411995], [1.8546945154199028e-05, 0.009363159948855436, -0.0010320252844664448], [-0.0026367176503411995, -0.0010320252844664448, 0.001920316485974319]], "chi2_level": 0.95, "chi2_df": 3, "chi2_threshold": 7.814727903251179, "N_raw": 52, "N_roi": 52, "N_inlier": 44, "refit": true}
{"timestamp": "17:01:02.423992", "frame": 115, "mu": [-1.2929998861503476, 0.4526452723689515, 1.2628723367575394], "Sigma": [[0.004888238175420463, 0.0031475597708894186, 0.0030098155305323233], [0.003147559770889418, 0.009851615445587053, 0.005454595766219003], [0.0030098155305323233, 0.005454595766219003, 0.015122627463483045]], "chi2_level": 0.95, "chi2_df": 3, "chi2_threshold": 7.814727903251179, "N_raw": 46, "N_roi": 46, "N_inlier": 44, "refit": true}
{"timestamp": "17:01:02.478038", "frame": 116, "mu": [-1.3206307987071957, 0.6222884483968039, -0.5787955901285791], "Sigma": [[0.0038864678602680397, 0.0034885239164159972, 0.002738103313563387], [0.003488523916415997, 0.010099827374132292, 0.0007514564517087984], [0.0027381033135633866, 0.0007514564517087981, 0.0065579009507549515]], "chi2_level": 0.95, "chi2_df": 3, "chi2_threshold": 7.814727903251179, "N_raw": 35, "N_roi": 35, "N_inlier": 33, "refit": true}
{"timestamp": "17:01:02.533268", "frame": 117, "mu": [-1.345954507191804, 0.6352716256660444, -0.572403222876933], "Sigma": [[0.006918662947764202, 0.00251588766479468, 0.009015808026660303], [0.00251588766479468, 0.011786431536247468, 0.008307745413211286], [0.009015808026660303, 0.008307745413211286, 0.030069237757021118]], "chi2_level": 0.95, "chi2_df": 3, "chi2_threshold": 7.814727903251179, "N_raw": 37, "N_roi": 37, "N_inlier": 36, "refit": true}
{"timestamp": "17:01:02.590296", "frame": 118, "mu": [-1.3697929034596665, 0.6379429842601235, -0.4495943707923857], "Sigma": [[0.008303498178932051, -0.000526273302369088, -0.0023618806102078697], [-0.000526273302369088, 0.01110094434356129, -0.001255476387819953], [-0.0023618806102078697, -0.001255476387819953, 0.0012733454079608283]], "chi2_level": 0.95, "chi2_df": 3, "chi2_threshold": 7.814727903251179, "N_raw": 54, "N_roi": 54, "N_inlier": 52, "refit": true}
{"timestamp": "17:01:02.639665", "frame": 119, "mu": [-1.336246443511614, 0.6016304487415118, 1.3362006345937119], "Sigma": [[0.00583470695511918, -0.009406750772862564, -0.0020174116413429278], [-0.009406750772862562, 0.020611375844885427, 0.004875130197183998], [-0.0020174116413429278, 0.004875130197183998, 0.0019131240188704592]], "chi2_level": 0.95, "chi2_df": 3, "chi2_threshold": 7.814727903251179, "N_raw": 11, "N_roi": 11, "N_inlier": 10, "refit": true}
{"timestamp": "17:01:02.700122", "frame": 120, "mu": [-1.462274527388417, 0.689937742061271, -0.4975679201714265], "Sigma": [[0.005976827785978487, -4.418875039061826e-05, -0.0013806599690753148], [-4.418875039061826e-05, 0.012851652279088405, -0.0008441185128392197], [-0.001380659969075315, -0.0008441185128392197, 0.0009368001286316548]], "chi2_level": 0.95, "chi2_df": 3, "chi2_threshold": 7.814727903251179, "N_raw": 51, "N_roi": 51, "N_inlier": 46, "refit": true}
{"timestamp": "17:01:02.753529", "frame": 121, "mu": [-1.4976037009808736, 0.5886621339137825, 1.3851926012956957], "Sigma": [[0.005352454944207518, 0.002202740068329836, -0.0016792014977045125], [0.0022027400683298365, 0.00942103983657453, -0.0046919705459376616], [-0.0016792014977045125, -0.0046919705459376616, 0.0034000698454087377]], "chi2_level": 0.95, "chi2_df": 3, "chi2_threshold": 7.814727903251179, "N_raw": 45, "N_roi": 45, "N_inlier": 41, "refit": true}
{"timestamp": "17:01:02.808951", "frame": 122, "mu": [-1.5615461326515243, 0.6291773093816969, 1.385373023323964], "Sigma": [[0.008090892599806101, 0.0024602325426774426, -0.003132917503934643], [0.0024602325426774426, 0.009555727675816287, -0.004556408286996877], [-0.0031329175039346434, -0.004556408286996877, 0.00388016245529046]], "chi2_level": 0.95, "chi2_df": 3, "chi2_threshold": 7.814727903251179, "N_raw": 47, "N_roi": 47, "N_inlier": 46, "refit": true}
{"timestamp": "17:01:02.862006", "frame": 123, "mu": [-1.544604555436305, 0.6079918203500203, 1.359119733484666], "Sigma": [[0.005472187609771243, 0.00338878856633447, -0.003718729192752815], [0.00338878856633447, 0.010029394185638864, -0.00463287546474348], [-0.003718729192752815, -0.00463287546474348, 0.0036148428159891565]], "chi2_level": 0.95, "chi2_df": 3, "chi2_threshold": 7.814727903251179, "N_raw": 31, "N_roi": 31, "N_inlier": 30, "refit": true}
{"timestamp": "17:01:02.919862", "frame": 124, "mu": [-1.6072480255810484, 0.5863730613124469, 1.3002606338826286], "Sigma": [[0.009314642267072985, 0.005732978049988563, -0.0007300358179603018], [0.005732978049988563, 0.00964362484688207, -0.005021723644495819], [-0.0007300358179603019, -0.005021723644495819, 0.005089515263560926]], "chi2_level": 0.95, "chi2_df": 3, "chi2_threshold": 7.814727903251179, "N_raw": 55, "N_roi": 55, "N_inlier": 49, "refit": true}
{"timestamp": "17:01:02.975513", "frame": 125, "mu": [-1.6231609356727106, 0.619635245019088, 1.3292343593366633], "Sigma": [[0.007688023052210054, 0.003906532398111084, -0.0021573863650724977], [0.003906532398111084, 0.012587811938356282, -0.005076578317272399], [-0.0021573863650724977, -0.005076578317272399, 0.0026235431522761083]], "chi2_level": 0.95, "chi2_df": 3, "chi2_threshold": 7.814727903251179, "N_raw": 53, "N_roi": 53, "N_inlier": 45, "refit": true}
{"timestamp": "17:01:03.032035", "frame": 126, "mu": [-1.6592333056217692, 0.6387811329316689, 1.2988106157541102], "Sigma": [[0.008957825237665445, 0.0035246787946323684, -0.0004801480287507573], [0.0035246787946323684, 0.013997253404822585, -0.0006164300016941774], [-0.0004801480287507572, -0.0006164300016941778, 0.011692900022495937]], "chi2_level": 0.95, "chi2_df": 3, "chi2_threshold": 7.814727903251179, "N_raw": 62, "N_roi": 62, "N_inlier": 57, "refit": true}
{"timestamp": "17:01:03.087596", "frame": 127, "mu": [-1.715118292092863, 0.664674950031539, -0.7734300159210059], "Sigma": [[0.01019477530028161, 0.011620336453623245, 0.006047760020386762], [0.011620336453623245, 0.026762741389278987, 0.006897908217870109], [0.006047760020386762, 0.006897908217870109, 0.016807292202343397]], "chi2_level": 0.95, "chi2_df": 3, "chi2_threshold": 7.814727903251179, "N_raw": 70, "N_roi": 70, "N_inlier": 62, "refit": true}
{"timestamp": "17:01:03.140144", "frame": 128, "mu": [-1.733313952097972, 0.6138301132599144, 1.175728424373478], "Sigma": [[0.006927633750881033, 0.008075015162256557, 0.0038536221968227865], [0.008075015162256557, 0.011981627508174497, 0.002678057641393931], [0.0038536221968227865, 0.0026780576413939308, 0.01742358110325229]], "chi2_level": 0.95, "chi2_df": 3, "chi2_threshold": 7.814727903251179, "N_raw": 53, "N_roi": 53, "N_inlier": 48, "refit": true}
{"timestamp": "17:01:03.195015", "frame": 129, "mu": [-1.7527126537371345, 0.8626655721395202, -0.5117311029725776], "Sigma": [[0.00946094786574343, 0.004783909297206019, 0.00047888937585463705], [0.00478390929720602, 0.01084722760665025, -0.00412893259140936], [0.00047888937585463705, -0.004128932591409359, 0.0038692440597644932]], "chi2_level": 0.95, "chi2_df": 3, "chi2_threshold": 7.814727903251179, "N_raw": 51, "N_roi": 51, "N_inlier": 49, "refit": true}
{"timestamp": "17:01:03.248473", "frame": 130, "mu": [-1.784369493752404, 0.7523582122940187, 1.3156601122380316], "Sigma": [[0.007373555303978602, 0.0016179835522240529, -0.004417224434830547], [0.0016179835522240529, 0.007770543655033065, -0.005708219448688623], [-0.004417224434830547, -0.005708219448688623, 0.006879616003663208]], "chi2_level": 0.95, "chi2_df": 3, "chi2_threshold": 7.814727903251179, "N_raw": 45, "N_roi": 45, "N_inlier": 41, "refit": true}
{"timestamp": "17:01:03.305353", "frame": 131, "mu": [-1.8033915032427918, 0.8729352436335034, -0.5513195194184249], "Sigma": [[0.008699060120429402, 0.005856082053946265, 0.002608517055289368], [0.005856082053946264, 0.01011850992485192, -0.0035906959104219645], [0.002608517055289368, -0.003590695910421965, 0.01262349358082296]], "chi2_level": 0.95, "chi2_df": 3, "chi2_threshold": 7.814727903251179, "N_raw": 51, "N_roi": 51, "N_inlier": 50, "refit": true}
{"timestamp": "17:01:03.358737", "frame": 132, "mu": [-1.8011628763427598, 0.9035096288686703, -0.5007263693455772], "Sigma": [[0.008877431594809642, 0.006906118926259732, -0.0005430290886013268], [0.006906118926259731, 0.013745280772398215, -0.0042312539871913486], [-0.0005430290886013267, -0.0042312539871913486, 0.004815539181952257]], "chi2_level": 0.95, "chi2_df": 3, "chi2_threshold": 7.814727903251179, "N_raw": 48, "N_roi": 48, "N_inlier": 45, "refit": true}
{"timestamp": "17:01:03.521975", "frame": 135, "mu": [-1.950963929971426, 0.8199432514597828, 1.147430249621183], "Sigma": [[0.011921562063050036, 0.00973413667542071, 0.023342368299872972], [0.00973413667542071, 0.01581532153611163, 0.010598925698123061], [0.023342368299872972, 0.010598925698123058, 0.10561931074215264]], "chi2_level": 0.95, "chi2_df": 3, "chi2_threshold": 7.814727903251179, "N_raw": 38, "N_roi": 38, "N_inlier": 38, "refit": true}
{"timestamp": "17:01:03.579920", "frame": 136, "mu": [-1.982976661705145, 0.9943119805404221, -0.655666408199761], "Sigma": [[0.015066303586379318, 0.0012406618894724034, 0.02774440043446297], [0.0012406618894724045, 0.018803447414888947, -0.021964579792853843], [0.02774440043446297, -0.02196457979285384, 0.09974279134613714]], "chi2_level": 0.95, "chi2_df": 3, "chi2_threshold": 7.814727903251179, "N_raw": 51, "N_roi": 51, "N_inlier": 50, "refit": true}
{"timestamp": "17:01:03.636733", "frame": 137, "mu": [-1.9757082720671908, 0.8594082412392599, 1.2719312514261585], "Sigma": [[0.011587238637907052, 0.003463109982115265, -0.0067293409523075], [0.003463109982115265, 0.015791248226252677, -0.006017993142388771], [-0.0067293409523075, -0.006017993142388771, 0.0057797594865049385]], "chi2_level": 0.95, "chi2_df": 3, "chi2_threshold": 7.814727903251179, "N_raw": 64, "N_roi": 64, "N_inlier": 54, "refit": true}
{"timestamp": "17:01:03.690218", "frame": 138, "mu": [-2.037248235776184, 0.8488703302399548, 1.2080622788475555], "Sigma": [[0.010623364145067692, 0.005398848105002224, -0.0035825722574761455], [0.005398848105002224, 0.008282454737056515, -0.00786859255523882], [-0.0035825722574761455, -0.00786859255523882, 0.011544234208354183]], "chi2_level": 0.95, "chi2_df": 3, "chi2_threshold": 7.814727903251179, "N_raw": 53, "N_roi": 53, "N_inlier": 51, "refit": true}
{"timestamp": "17:01:03.739816", "frame": 139, "mu": [-1.9208768346912664, 0.8638650338138602, 1.2125854327884313], "Sigma": [[0.005098045827536954, 0.005418533838052297, -0.0033719983808850164], [0.005418533838052297, 0.007128203218889171, -0.004557942129446128], [-0.0033719983808850173, -0.004557942129446128, 0.004107473062572764]], "chi2_level": 0.95, "chi2_df": 3, "chi2_threshold": 7.814727903251179, "N_raw": 18, "N_roi": 18, "N_inlier": 18, "refit": true}
{"timestamp": "17:01:03.802267", "frame": 140, "mu": [-2.04289416842591, 0.8601123417171047, 1.1655807982024926], "Sigma": [[0.01252581486996738, 0.012948264017121586, 0.0025513585514041815], [0.012948264017121586, 0.020117600723906462, -0.004286279666160884], [0.0025513585514041815, -0.004286279666160886, 0.016659313716391483]], "chi2_level": 0.95, "chi2_df": 3, "chi2_threshold": 7.814727903251179, "N_raw": 66, "N_roi": 66, "N_inlier": 65, "refit": true}
{"timestamp": "17:01:03.852976", "frame": 141, "mu": [-1.9972540633534959, 1.0028419678179457, 1.2365743339752804], "Sigma": [[0.0077301098882974345, 0.00260893566735107, -0.0019838417677538562], [0.002608935667351071, 0.008926986599304767, -0.005950911271383957], [-0.0019838417677538562, -0.005950911271383957, 0.004802418796920589]], "chi2_level": 0.95, "chi2_df": 3, "chi2_threshold": 7.814727903251179, "N_raw": 41, "N_roi": 41, "N_inlier": 39, "refit": true}
{"timestamp": "17:01:03.910023", "frame": 142, "mu": [-2.0744960952158364, 1.161959090524873, -0.40724535212600094], "Sigma": [[0.011601200202591715, 0.007850912454870466, -0.0009694803686112036], [0.007850912454870466, 0.014714529531512957, -0.003415732477676194], [-0.0009694803686112035, -0.0034157324776761945, 0.0016394002220708984]], "chi2_level": 0.95, "chi2_df": 3, "chi2_threshold": 7.814727903251179, "N_raw": 49, "N_roi": 49, "N_inlier": 48, "refit": true}
