{"timestamp": "16:25:51.356840", "frame": 3, "mu": [1.5372830707386436, 0.9320130988432093, 1.4439435547991826], "Sigma": [[0.008246887913131799, -0.0008021483471437206, -0.01109994424675552], [-0.0008021483471437206, 0.0016610237155238574, 0.006320999801350401], [-0.011099944246755518, 0.006320999801350401, 0.03597595035115379]], "chi2_level": 0.95, "chi2_df": 3, "chi2_threshold": 7.814727903251179, "N_raw": 7, "N_roi": 7, "N_inlier": 7, "refit": true}
{"timestamp": "16:25:51.411799", "frame": 4, "mu": [1.4767099499245733, 1.0558015795090427, 1.256907802011924], "Sigma": [[0.006256494122671371, 0.005118924983649043, -0.024775114149046325], [0.005118924983649043, 0.006397242492071772, -0.020021224007056068], [-0.024775114149046325, -0.020021224007056068, 0.10627869933012521]], "chi2_level": 0.95, "chi2_df": 3, "chi2_threshold": 7.814727903251179, "N_raw": 8, "N_roi": 8, "N_inlier": 8, "refit": true}
{"timestamp": "16:25:51.520810", "frame": 6, "mu": [1.5366696674842508, 1.2310136880141196, 0.7557417327181104], "Sigma": [[0.0020979807904209858, -0.0006961476226247619, -0.000448737371516861], [-0.0006961476226247619, 0.002235007541135024, -0.0008636558542771463], [-0.000448737371516861, -0.0008636558542771464, 0.000652901054096308]], "chi2_level": 0.95, "chi2_df": 3, "chi2_threshold": 7.814727903251179, "N_raw": 10, "N_roi": 10, "N_inlier": 9, "refit": true}
{"timestamp": "16:25:51.907520", "frame": 13, "mu": [1.5072343538790824, 1.1939948473060216, 0.8323920621072062], "Sigma": [[0.002716099949391161, -0.001565370796033393, -0.0017451028009279439], [-0.0015653707960333928, 0.003507049665705738, -0.0009049871926929776], [-0.0017451028009279439, -0.0009049871926929778, 0.003629373772869643]], "chi2_level": 0.95, "chi2_df": 3, "chi2_threshold": 7.814727903251179, "N_raw": 22, "N_roi": 22, "N_inlier": 20, "refit": true}
{"timestamp": "16:25:52.182230", "frame": 18, "mu": [1.508394734757911, 0.8991486484851584, 1.3102359193248252], "Sigma": [[0.004797330782433566, -0.0019486183114126618, -0.00703910991899093], [-0.0019486183114126622, 0.003415555975568617, -0.008097413419403347], [-0.007039109918990931, -0.008097413419403347, 0.06405293664407483]], "chi2_level": 0.95, "chi2_df": 3, "chi2_threshold": 7.814727903251179, "N_raw": 9, "N_roi": 9, "N_inlier": 9, "refit": true}
{"timestamp": "16:25:52.236822", "frame": 19, "mu": [1.5011406120734883, 0.9437252553579747, 1.3050358566208407], "Sigma": [[0.0030706163673098323, 0.0024357048055545934, -0.00640978769855524], [0.002435704805554593, 0.004959322790332032, -0.006475319328337203], [-0.00640978769855524, -0.006475319328337201, 0.06213120206460395]], "chi2_level": 0.95, "chi2_df": 3, "chi2_threshold": 7.814727903251179, "N_raw": 7, "N_roi": 7, "N_inlier": 7, "refit": true}
{"timestamp": "16:25:52.294077", "frame": 20, "mu": [1.4894949488693805, 0.9151517849436708, 1.4632298365274279], "Sigma": [[0.0033217470425957476, -0.001010765198293052, -0.0033939096419927654], [-0.0010107651982930522, 0.0035293011476288413, -0.0014660552446587516], [-0.0033939096419927654, -0.001466055244658752, 0.005824260214050467]], "chi2_level": 0.95, "chi2_df": 3, "chi2_threshold": 7.814727903251179, "N_raw": 25, "N_roi": 25, "N_inlier": 24, "refit": true}
{"timestamp": "16:25:52.348025", "frame": 21, "mu": [1.3961753194364257, 0.9929394958915367, -0.19296708123553336], "Sigma": [[0.0012702244990719165, 0.0009185928388106661, -0.0012066179042293592], [0.0009185928388106661, 0.0022911044767297798, -0.002006032193257492], [-0.0012066179042293592, -0.002006032193257492, 0.003062624833682989]], "chi2_level": 0.95, "chi2_df": 3, "chi2_threshold": 7.814727903251179, "N_raw": 7, "N_roi": 7, "N_inlier": 7, "refit": true}
{"timestamp": "16:25:52.404784", "frame": 22, "mu": [1.3705752695879128, 0.947178954320711, 1.305581813107166], "Sigma": [[0.0009201005477234721, 0.0011753948293044473, -0.006629614736998414], [0.0011753948293044476, 0.004078273140507315, -0.01682965609625085], [-0.006629614736998413, -0.016829656096250853, 0.08615283644485723]], "chi2_level": 0.95, "chi2_df": 3, "chi2_threshold": 7.814727903251179, "N_raw": 10, "N_roi": 10, "N_inlier": 10, "refit": true}
{"timestamp": "16:25:52.460735", "frame": 23, "mu": [1.4235586052743832, 0.9753598008269303, 0.8914836275806648], "Sigma": [[0.002309432358016795, -0.0007124375818668602, -0.0036062902329344797], [-0.0007124375818668599, 0.002995029300937452, -0.004721978486043303], [-0.0036062902329344797, -0.004721978486043303, 0.03700920887280598]], "chi2_level": 0.95, "chi2_df": 3, "chi2_threshold": 7.814727903251179, "N_raw": 21, "N_roi": 21, "N_inlier": 19, "refit": true}
{"timestamp": "16:25:52.569056", "frame": 25, "mu": [1.3820807670198498, 0.8445838916563463, 1.1045395688353001], "Sigma": [[0.003631764895453622, -0.0023046194515221677, -0.007716264267449719], [-0.0023046194515221677, 0.008302459395875206, -0.015483361582327718], [-0.007716264267449719, -0.015483361582327718, 0.09301703128476861]], "chi2_level": 0.95, "chi2_df": 3, "chi2_threshold": 7.814727903251179, "N_raw": 10, "N_roi": 10, "N_inlier": 10, "refit": true}
{"timestamp": "16:25:52.624853", "frame": 26, "mu": [1.3273114721177157, 0.8320713901767764, 1.312197047276638], "Sigma": [[0.011527326145550786, -0.014090153588342235, -0.014391776272329172], [-0.014090153588342235, 0.03392116211741163, -0.0024291472232621063], [-0.014391776272329172, -0.0024291472232621063, 0.08599256084310984]], "chi2_level": 0.95, "chi2_df": 3, "chi2_threshold": 7.814727903251179, "N_raw": 9, "N_roi": 9, "N_inlier": 7, "refit": true}
{"timestamp": "16:25:52.680116", "frame": 27, "mu": [1.2456733040134944, 0.9021624307747709, 1.464895114002097], "Sigma": [[0.002807337807376005, -0.0010062876208874005, -0.004378137236897186], [-0.0010062876208874005, 0.0018192611775598407, -0.0012590493019042828], [-0.004378137236897185, -0.0012590493019042828, 0.025046500330748976]], "chi2_level": 0.95, "chi2_df": 3, "chi2_threshold": 7.814727903251179, "N_raw": 19, "N_roi": 19, "N_inlier": 16, "refit": true}
{"timestamp": "16:25:52.734297", "frame": 28, "mu": [1.0962444895221435, 1.0337927782558376, 1.4695879054193437], "Sigma": [[0.003390326363160371, -0.0006723634807080395, -0.0031986279080961056], [-0.0006723634807080394, 0.0008596952163677968, 0.0005479656523289446], [-0.0031986279080961056, 0.0005479656523289446, 0.003147242272975973]], "chi2_level": 0.95, "chi2_df": 3, "chi2_threshold": 7.814727903251179, "N_raw": 9, "N_roi": 9, "N_inlier": 7, "refit": true}
{"timestamp": "16:25:52.790781", "frame": 29, "mu": [1.078561863528672, 1.129438901734777, -0.21135167725366377], "Sigma": [[0.004127094951045153, -0.0005417155603690319, -0.009109333086887536], [-0.0005417155603690319, 0.002337827275024115, 0.002064944216210525], [-0.009109333086887538, 0.0020649442162105256, 0.03170651972579527]], "chi2_level": 0.95, "chi2_df": 3, "chi2_threshold": 7.814727903251179, "N_raw": 19, "N_roi": 19, "N_inlier": 17, "refit": true}
{"timestamp": "16:25:52.849351", "frame": 30, "mu": [1.0413121547031179, 1.0272613736373195, 1.4847515978888077], "Sigma": [[0.005529628381793473, -0.002297039868515724, -0.004715139759922091], [-0.002297039868515724, 0.004937753717410693, 0.0012944665110419778], [-0.004715139759922091, 0.0012944665110419778, 0.006074041526044134]], "chi2_level": 0.95, "chi2_df": 3, "chi2_threshold": 7.814727903251179, "N_raw": 46, "N_roi": 46, "N_inlier": 43, "refit": true}
{"timestamp": "16:25:52.904206", "frame": 31, "mu": [0.9874736359160063, 1.1497701759179433, -0.2806321952317012], "Sigma": [[0.0052246545435922455, -5.020683154121234e-05, -0.0035610668638246133], [-5.020683154121231e-05, 0.0038221269255761066, -0.001567703306364116], [-0.0035610668638246133, -0.001567703306364116, 0.0037008396335977585]], "chi2_level": 0.95, "chi2_df": 3, "chi2_threshold": 7.814727903251179, "N_raw": 49, "N_roi": 49, "N_inlier": 47, "refit": true}
{"timestamp": "16:25:52.956101", "frame": 32, "mu": [0.993634880430801, 0.9668574889659638, 1.425964091037525], "Sigma": [[0.024909024054126525, -0.02039452495664521, -0.02739695500062938], [-0.02039452495664521, 0.01799684620946715, 0.02200231065822945], [-0.02739695500062938, 0.022002310658229454, 0.031986652353705014]], "chi2_level": 0.95, "chi2_df": 3, "chi2_threshold": 7.814727903251179, "N_raw": 29, "N_roi": 29, "N_inlier": 25, "refit": true}
{"timestamp": "16:25:53.013880", "frame": 33, "mu": [0.9327919779101991, 0.9973567518859864, 1.4691495667370424], "Sigma": [[0.005491156389801045, -0.0030120806602678225, -0.006531828614285475], [-0.0030120806602678225, 0.00359164851181276, 0.004005055572164894], [-0.006531828614285475, 0.004005055572164894, 0.013396741942985704]], "chi2_level": 0.95, "chi2_df": 3, "chi2_threshold": 7.814727903251179, "N_raw": 40, "N_roi": 40, "N_inlier": 39, "refit": true}
{"timestamp": "16:25:53.071974", "frame": 34, "mu": [0.9300547681441926, 1.1546925135017903, -0.41212403909390366], "Sigma": [[0.009762941986327192, -0.0008034876240120825, -0.023373867760644068], [-0.0008034876240120825, 0.003687854273337422, -0.0021105111766684687], [-0.023373867760644068, -0.0021105111766684687, 0.07278218540743604]], "chi2_level": 0.95, "chi2_df": 3, "chi2_threshold": 7.814727903251179, "N_raw": 64, "N_roi": 64, "N_inlier": 64, "refit": true}
{"timestamp": "16:25:53.120482", "frame": 35, "mu": [0.8125305522771217, 1.1560184857093696, -0.3667094053549439], "Sigma": [[0.00737628529796711, 0.001526874711612719, -0.023886540023380948], [0.0015268747116127192, 0.002056294873540791, -0.004477969182938093], [-0.023886540023380948, -0.004477969182938093, 0.09323877611116396]], "chi2_level": 0.95, "chi2_df": 3, "chi2_threshold": 7.814727903251179, "N_raw": 12, "N_roi": 12, "N_inlier": 11, "refit": true}
{"timestamp": "16:25:53.178318", "frame": 36, "mu": [0.8468763243516886, 0.9731670617864722, 1.2902849032092398], "Sigma": [[0.006397250660672641, -0.004139071116202214, -0.019212104242836342], [-0.004139071116202214, 0.0037095989257834245, 0.01338132296785337], [-0.019212104242836342, 0.013381322967853368, 0.07440475537930048]], "chi2_level": 0.95, "chi2_df": 3, "chi2_threshold": 7.814727903251179, "N_raw": 39, "N_roi": 39, "N_inlier": 37, "refit": true}
{"timestamp": "16:25:53.231337", "frame": 37, "mu": [0.9573612091421345, 0.892937471309028, 1.2905791350008957], "Sigma": [[0.005786786221747472, -0.002809237842645178, -0.0035768682235721065], [-0.002809237842645178, 0.003631700290577425, 0.0005701695324094572], [-0.0035768682235721065, 0.0005701695324094573, 0.00402177037565852]], "chi2_level": 0.95, "chi2_df": 3, "chi2_threshold": 7.814727903251179, "N_raw": 22, "N_roi": 22, "N_inlier": 18, "refit": true}
{"timestamp": "16:25:53.284441", "frame": 38, "mu": [0.7746275513222087, 0.8992107276794221, 1.104723674101866], "Sigma": [[0.015341292985589164, 0.0028535520104146944, 0.020866397216426538], [0.0028535520104146944, 0.00533819585340909, 0.030802587557411266], [0.020866397216426545, 0.03080258755741127, 0.22473668249782672]], "chi2_level": 0.95, "chi2_df": 3, "chi2_threshold": 7.814727903251179, "N_raw": 11, "N_roi": 11, "N_inlier": 11, "refit": true}
{"timestamp": "16:25:53.343959", "frame": 39, "mu": [0.6720473933941038, 1.04814534457284, -0.2512923178861988], "Sigma": [[0.0037130784473025412, 0.00028732295660198156, -0.0026701017321349193], [0.00028732295660198156, 0.0028419745518003213, -0.0013164825978412157], [-0.0026701017321349193, -0.0013164825978412157, 0.005499824303655262]], "chi2_level": 0.95, "chi2_df": 3, "chi2_threshold": 7.814727903251179, "N_raw": 46, "N_roi": 46, "N_inlier": 42, "refit": true}
{"timestamp": "16:25:53.399638", "frame": 40, "mu": [0.6193416043203983, 0.9707799604057087, 1.4792484156081815], "Sigma": [[0.003387264714264573, -0.0012275246018668895, -0.000706217456123034], [-0.0012275246018668895, 0.002773341559326515, -0.0014565834311590202], [-0.000706217456123034, -0.0014565834311590202, 0.002175596515111875]], "chi2_level": 0.95, "chi2_df": 3, "chi2_threshold": 7.814727903251179, "N_raw": 50, "N_roi": 50, "N_inlier": 47, "refit": true}
{"timestamp": "16:25:53.460192", "frame": 41, "mu": [0.6285120293887881, 0.9158304101843956, 1.4010700471907653], "Sigma": [[0.0064590628058727555, -0.001286006042370684, -0.006077002822009765], [-0.001286006042370684, 0.0034968420559561234, -0.0011383864171341266], [-0.0060770028220097656, -0.0011383864171341266, 0.008369299460320742]], "chi2_level": 0.95, "chi2_df": 3, "chi2_threshold": 7.814727903251179, "N_raw": 85, "N_roi": 85, "N_inlier": 76, "refit": true}
{"timestamp": "16:25:53.517355", "frame": 42, "mu": [0.5838608862403285, 1.0105906878080015, -0.36711988833448317], "Sigma": [[0.007847489451307098, -0.002659428070815399, -0.014268699982496656], [-0.002659428070815399, 0.008646383953749429, 0.007427388922935379], [-0.014268699982496656, 0.007427388922935379, 0.03334319889023221]], "chi2_level": 0.95, "chi2_df": 3, "chi2_threshold": 7.814727903251179, "N_raw": 93, "N_roi": 93, "N_inlier": 89, "refit": true}
{"timestamp": "16:25:53.569275", "frame": 43, "mu": [0.5016875811736456, 1.0218502645869152, -0.2851252995467129], "Sigma": [[0.0037837792922545475, -8.522016602083846e-05, -0.0015376203145509477], [-8.522016602083849e-05, 0.004678079829461899, -0.0010601941617631439], [-0.0015376203145509477, -0.001060194161763144, 0.005510135942678085]], "chi2_level": 0.95, "chi2_df": 3, "chi2_threshold": 7.814727903251179, "N_raw": 72, "N_roi": 72, "N_inlier": 66, "refit": true}
{"timestamp": "16:25:53.624563", "frame": 44, "mu": [0.5007820662110256, 0.9095919053637813, 1.4142849431717737], "Sigma": [[0.003483699312230208, -5.0825144994580147e-05, -0.0029555572423927115], [-5.0825144994580147e-05, 0.0022722734496107033, -0.0029140988923106034], [-0.0029555572423927115, -0.0029140988923106034, 0.011806522209467728]], "chi2_level": 0.95, "chi2_df": 3, "chi2_threshold": 7.814727903251179, "N_raw": 74, "N_roi": 74, "N_inlier": 72, "refit": true}
{"timestamp": "16:25:53.678506", "frame": 45, "mu": [0.4216257222996298, 0.9166411293390344, 1.4544794249674255], "Sigma": [[0.0033306366781400603, 0.000940178541899717, -0.00453528581240178], [0.000940178541899717, 0.0026782410628912626, -0.00181755057712056], [-0.0045352858124017795, -0.0018175505771205601, 0.022284987042501793]], "chi2_level": 0.95, "chi2_df": 3, "chi2_threshold": 7.814727903251179, "N_raw": 65, "N_roi": 65, "N_inlier": 62, "refit": true}
{"timestamp": "16:25:53.733715", "frame": 46, "mu": [0.4094138541573202, 0.8566369715598598, 1.3787976626728389], "Sigma": [[0.0035300018043961223, -0.0012146255588129213, -0.004870464615185107], [-0.0012146255588129213, 0.003992014024756107, 0.0001863378333647067], [-0.004870464615185107, 0.00018633783336470677, 0.014940106233020218]], "chi2_level": 0.95, "chi2_df": 3, "chi2_threshold": 7.814727903251179, "N_raw": 73, "N_roi": 73, "N_inlier": 69, "refit": true}
{"timestamp": "16:25:53.781782", "frame": 47, "mu": [0.3782174753378875, 0.8890387567721676, 1.509134670641923], "Sigma": [[0.0016330255188331262, 0.0009030547777564809, -0.000168918882486489], [0.0009030547777564809, 0.0011763265431432265, -0.001026873396866037], [-0.00016891888248648902, -0.001026873396866037, 0.001696815782175117]], "chi2_level": 0.95, "chi2_df": 3, "chi2_threshold": 7.814727903251179, "N_raw": 28, "N_roi": 28, "N_inlier": 26, "refit": true}
{"timestamp": "16:25:53.843761", "frame": 48, "mu": [0.30573213680611216, 0.9244436748148173, 1.4099411775303583], "Sigma": [[0.0031317863502200137, -0.0001047914698207708, -0.003129266765630246], [-0.0001047914698207708, 0.0020185537784631067, -0.003267942786942081], [-0.003129266765630246, -0.003267942786942081, 0.009415806195007138]], "chi2_level": 0.95, "chi2_df": 3, "chi2_threshold": 7.814727903251179, "N_raw": 77, "N_roi": 77, "N_inlier": 72, "refit": true}
{"timestamp": "16:25:53.899622", "frame": 49, "mu": [0.249906328893439, 0.9299626978234523, 1.4000125359323075], "Sigma": [[0.002751098261836277, -0.00037560464667874357, -0.0019235074027124583], [-0.0003756046466787436, 0.0018562292463678435, -0.0035621527222116926], [-0.0019235074027124583, -0.003562152722211692, 0.011273334181600892]], "chi2_level": 0.95, "chi2_df": 3, "chi2_threshold": 7.814727903251179, "N_raw": 78, "N_roi": 78, "N_inlier": 75, "refit": true}
{"timestamp": "16:25:53.947949", "frame": 50, "mu": [0.15961545774559913, 0.9331028226344569, 1.5656041436576211], "Sigma": [[0.001430038691076492, -0.0005569178149188896, -0.00042685947610039427], [-0.0005569178149188895, 0.0013722570221223202, -0.0004049926879088241], [-0.00042685947610039427, -0.00040499268790882405, 0.0005993064376474175]], "chi2_level": 0.95, "chi2_df": 3, "chi2_threshold": 7.814727903251179, "N_raw": 32, "N_roi": 32, "N_inlier": 28, "refit": true}
{"timestamp": "16:25:54.004572", "frame": 51, "mu": [0.10283241015680494, 0.9817940261478004, 1.5462621393375513], "Sigma": [[0.0020221398095422974, -0.0008813489082437748, -0.000765140475894166], [-0.0008813489082437748, 0.003258508798196372, -0.0012187845225194254], [-0.0007651404758941659, -0.0012187845225194254, 0.0013412174758171433]], "chi2_level": 0.95, "chi2_df": 3, "chi2_threshold": 7.814727903251179, "N_raw": 53, "N_roi": 52, "N_inlier": 49, "refit": true}
{"timestamp": "16:25:54.057282", "frame": 52, "mu": [-0.021010102260449467, 1.0137844752212872, 1.249662446095613], "Sigma": [[0.0028262258757519526, -0.0005237300333900076, -0.0019539499932275006], [-0.0005237300333900076, 0.00041521423385558893, -8.768726824071624e-05], [-0.0019539499932275006, -8.768726824071624e-05, 0.007372675301857345]], "chi2_level": 0.95, "chi2_df": 3, "chi2_threshold": 7.814727903251179, "N_raw": 32, "N_roi": 32, "N_inlier": 28, "refit": true}
{"timestamp": "16:25:54.119925", "frame": 53, "mu": [0.058382415917264965, 0.954944550290615, 1.4375833317242774], "Sigma": [[0.004399948775761021, -0.002576040543568258, -0.006229092980926149], [-0.002576040543568258, 0.004110001705262332, 0.0029745361570734713], [-0.006229092980926148, 0.0029745361570734713, 0.0174927690753522]], "chi2_level": 0.95, "chi2_df": 3, "chi2_threshold": 7.814727903251179, "N_raw": 81, "N_roi": 81, "N_inlier": 74, "refit": true}
{"timestamp": "16:25:54.176585", "frame": 54, "mu": [0.011283838103373368, 0.9654284443033109, 1.3927403285518616], "Sigma": [[0.0042075551152835405, -0.0005956342994460786, -0.005521751809316398], [-0.0005956342994460784, 0.003851094873036088, -0.0017250356668033274], [-0.005521751809316398, -0.0017250356668033274, 0.010895041243159499]], "chi2_level": 0.95, "chi2_df": 3, "chi2_threshold": 7.814727903251179, "N_raw": 88, "N_roi": 86, "N_inlier": 82, "refit": true}
{"timestamp": "16:25:54.229283", "frame": 55, "mu": [-0.0668750226065807, 1.0252555027053987, 1.4731452762989548], "Sigma": [[0.004540548508206971, -0.00022179286132920588, -0.0021443762451968055], [-0.00022179286132920594, 0.002321424079145956, -0.0025267028489968867], [-0.0021443762451968055, -0.0025267028489968867, 0.005852488918785782]], "chi2_level": 0.95, "chi2_df": 3, "chi2_threshold": 7.814727903251179, "N_raw": 80, "N_roi": 80, "N_inlier": 76, "refit": true}
{"timestamp": "16:25:54.279811", "frame": 56, "mu": [-0.09781935430272509, 0.9898223173558818, 1.4595547235786401], "Sigma": [[0.002998838440552485, -0.0004639589895215364, -0.0035274707674049608], [-0.0004639589895215364, 0.001597394897834078, -0.0005905308750934566], [-0.003527470767404961, -0.0005905308750934566, 0.00558794246081139]], "chi2_level": 0.95, "chi2_df": 3, "chi2_threshold": 7.814727903251179, "N_raw": 48, "N_roi": 48, "N_inlier": 46, "refit": true}
{"timestamp": "16:25:54.338340", "frame": 57, "mu": [-0.170666315113488, 1.0291399482440287, -0.3704579353284554], "Sigma": [[0.003674057753559618, 0.0013516393928806538, 0.003743942271689716], [0.0013516393928806538, 0.005858184272324975, 0.00292722348272845], [0.003743942271689716, 0.0029272234827284497, 0.00924667465340591]], "chi2_level": 0.95, "chi2_df": 3, "chi2_threshold": 7.814727903251179, "N_raw": 74, "N_roi": 74, "N_inlier": 72, "refit": true}
{"timestamp": "16:25:54.392584", "frame": 58, "mu": [-0.21854578441403913, 0.9912150260676793, 1.4863374898464647], "Sigma": [[0.0021643948211614015, 0.00033023505656272197, -0.0024124097216837665], [0.000330235056562722, 0.003639131887971594, -0.004458091761737395], [-0.0024124097216837665, -0.004458091761737395, 0.00909929089155982]], "chi2_level": 0.95, "chi2_df": 3, "chi2_threshold": 7.814727903251179, "N_raw": 69, "N_roi": 69, "N_inlier": 69, "refit": true}
{"timestamp": "16:25:54.447117", "frame": 59, "mu": [-0.29776229393528864, 1.004540614439667, 1.4283331102343397], "Sigma": [[0.002567838387575016, 0.0002593974259159004, -0.0026500947313126133], [0.00025939742591590045, 0.002132815793571504, -0.004474359067657454], [-0.002650094731312613, -0.004474359067657454, 0.012348949328698787]], "chi2_level": 0.95, "chi2_df": 3, "chi2_threshold": 7.814727903251179, "N_raw": 72, "N_roi": 72, "N_inlier": 69, "refit": true}
{"timestamp": "16:25:54.495589", "frame": 60, "mu": [-0.28265485495848136, 0.9921399031020625, 1.269380507277158], "Sigma": [[0.0010719710361194266, 0.00034068177427270716, 0.0016773963919401598], [0.00034068177427270716, 0.0007176737504794982, 0.0001963750292723551], [0.0016773963919401598, 0.0001963750292723552, 0.01133211388471102]], "chi2_level": 0.95, "chi2_df": 3, "chi2_threshold": 7.814727903251179, "N_raw": 22, "N_roi": 22, "N_inlier": 20, "refit": true}
{"timestamp": "16:25:54.557198", "frame": 61, "mu": [-0.3587309053451831, 1.0079871718292364, 1.4801541889083627], "Sigma": [[0.002743062983734851, -0.0007468680698051128, -0.001728348805694469], [-0.0007468680698051128, 0.003967550544345475, -0.003613611638052413], [-0.0017283488056944693, -0.003613611638052413, 0.006270330236939181]], "chi2_level": 0.95, "chi2_df": 3, "chi2_threshold": 7.814727903251179, "N_raw": 71, "N_roi": 71, "N_inlier": 69, "refit": true}
{"timestamp": "16:25:54.613520", "frame": 62, "mu": [-0.4082378435337263, 0.9937523283081745, 1.471270549593848], "Sigma": [[0.003541007421317289, 0.00023063934304145186, -0.004286560270329522], [0.00023063934304145186, 0.002664996292379546, -0.003968711403529017], [-0.004286560270329521, -0.003968711403529017, 0.010875594394071245]], "chi2_level": 0.95, "chi2_df": 3, "chi2_threshold": 7.814727903251179, "N_raw": 77, "N_roi": 77, "N_inlier": 72, "refit": true}
{"timestamp": "16:25:54.669424", "frame": 63, "mu": [-0.44511830494241933, 0.937002473447374, 1.4036892300833708], "Sigma": [[0.003734586952578737, -0.0016430320641027149, -0.00038004804419945943], [-0.0016430320641027149, 0.0061354947277012925, -0.0031497108473468555], [-0.00038004804419945943, -0.003149710847346856, 0.002397597295906941]], "chi2_level": 0.95, "chi2_df": 3, "chi2_threshold": 7.814727903251179, "N_raw": 84, "N_roi": 84, "N_inlier": 81, "refit": true}
{"timestamp": "16:25:54.720950", "frame": 64, "mu": [-0.521165393302052, 0.9620001115764255, 1.4371892344294572], "Sigma": [[0.003562804635834075, -0.001974626790009993, -0.0006755094239162653], [-0.001974626790009993, 0.002699379612964124, -0.0018246465786916567], [-0.0006755094239162653, -0.0018246465786916567, 0.00463457908695054]], "chi2_level": 0.95, "chi2_df": 3, "chi2_threshold": 7.814727903251179, "N_raw": 56, "N_roi": 56, "N_inlier": 51, "refit": true}
{"timestamp": "16:25:54.773376", "frame": 65, "mu": [-0.5195246981351892, 0.9918059371042146, 1.4010408710515199], "Sigma": [[0.0023671770343505795, -0.0006508612448745841, -0.001210911133247066], [-0.0006508612448745841, 0.002107771008290642, -0.0011286419311487535], [-0.001210911133247066, -0.0011286419311487535, 0.003258540940456997]], "chi2_level": 0.95, "chi2_df": 3, "chi2_threshold": 7.814727903251179, "N_raw": 44, "N_roi": 44, "N_inlier": 36, "refit": true}
{"timestamp": "16:25:54.828067", "frame": 66, "mu": [-0.7463590981486746, 0.8257398625016478, 1.580632970175886], "Sigma": [[0.02232432296773927, 0.014060299972053856, -0.020490568264731095], [0.014060299972053856, 0.013116471550411193, -0.015681238671354028], [-0.020490568264731095, -0.015681238671354028, 0.021167382340072212]], "chi2_level": 0.95, "chi2_df": 3, "chi2_threshold": 7.814727903251179, "N_raw": 38, "N_roi": 38, "N_inlier": 36, "refit": true}
{"timestamp": "16:25:54.892845", "frame": 67, "mu": [-0.909761807525314, 0.7414942029048575, 1.7407448043684197], "Sigma": [[0.01213860621966012, 0.006283103833022643, -0.007608888634161719], [0.006283103833022643, 0.00880779169912852, -0.00867457324826527], [-0.007608888634161719, -0.008674573248265273, 0.00960219626618052]], "chi2_level": 0.95, "chi2_df": 3, "chi2_threshold": 7.814727903251179, "N_raw": 100, "N_roi": 100, "N_inlier": 96, "refit": true}
{"timestamp": "16:25:54.945864", "frame": 68, "mu": [-0.9609905162100378, 0.6999380538713804, 1.7621522317680205], "Sigma": [[0.009618337679134854, 0.004013904449566888, -0.005802562103516069], [0.004013904449566888, 0.00840353262515039, -0.005910549100248287], [-0.00580256210351607, -0.005910549100248287, 0.005699592828792586]], "chi2_level": 0.95, "chi2_df": 3, "chi2_threshold": 7.814727903251179, "N_raw": 84, "N_roi": 84, "N_inlier": 82, "refit": true}
{"timestamp": "16:25:54.996848", "frame": 69, "mu": [-1.0040246307934888, 0.6827451574996163, 1.799610145038095], "Sigma": [[0.005954510891260568, 0.0016680128826814617, -0.00378422004972662], [0.0016680128826814617, 0.00655342427878594, -0.0026759920476778], [-0.00378422004972662, -0.0026759920476778, 0.003265859790413551]], "chi2_level": 0.95, "chi2_df": 3, "chi2_threshold": 7.814727903251179, "N_raw": 58, "N_roi": 58, "N_inlier": 54, "refit": true}
{"timestamp": "16:25:55.051965", "frame": 70, "mu": [-1.0266463532834555, 0.6964947733585218, 1.749030308027219], "Sigma": [[0.009423766807505016, 0.0013444577311849833, -0.003754493494226272], [0.001344457731184983, 0.0059287833157315615, -0.004400233977664839], [-0.003754493494226272, -0.00440023397766484, 0.004593197840367231]], "chi2_level": 0.95, "chi2_df": 3, "chi2_threshold": 7.814727903251179, "N_raw": 62, "N_roi": 62, "N_inlier": 57, "refit": true}
{"timestamp": "16:25:55.106623", "frame": 71, "mu": [-1.051693365496646, 0.7297867777147552, 1.7130064034076997], "Sigma": [[0.009188191856230753, 0.0011813978317178804, -0.0024204370578463094], [0.0011813978317178806, 0.0040486104595137545, -0.004048608158848244], [-0.0024204370578463094, -0.004048608158848244, 0.005974814246131566]], "chi2_level": 0.95, "chi2_df": 3, "chi2_threshold": 7.814727903251179, "N_raw": 59, "N_roi": 59, "N_inlier": 55, "refit": true}
{"timestamp": "16:25:55.169004", "frame": 72, "mu": [-0.997940269146063, 0.7308224400881037, 1.59288325461607], "Sigma": [[0.020423862560223348, 0.004591464727090144, -0.01044106938646609], [0.004591464727090143, 0.0062150192349261025, -0.004419936532583527], [-0.01044106938646609, -0.004419936532583527, 0.00859436972856348]], "chi2_level": 0.95, "chi2_df": 3, "chi2_threshold": 7.814727903251179, "N_raw": 112, "N_roi": 112, "N_inlier": 107, "refit": true}
{"timestamp": "16:25:55.223448", "frame": 73, "mu": [-1.0027337854235234, 0.6933956962578861, 1.499647098419344], "Sigma": [[0.016898281986749752, -0.0023859272811648825, -0.014512757219331974], [-0.0023859272811648825, 0.005158947994760741, 0.0025547352768875995], [-0.014512757219331974, 0.002554735276887599, 0.02397299921147269]], "chi2_level": 0.95, "chi2_df": 3, "chi2_threshold": 7.814727903251179, "N_raw": 102, "N_roi": 102, "N_inlier": 98, "refit": true}
{"timestamp": "16:25:55.275540", "frame": 74, "mu": [-1.0765473978188442, 0.697598535893608, 1.5684169286969323], "Sigma": [[0.011079003476514245, -0.0015248771547605143, -0.006349201698670022], [-0.0015248771547605143, 0.008300664180885911, -0.0019681727415714442], [-0.006349201698670021, -0.0019681727415714442, 0.00658756986320306]], "chi2_level": 0.95, "chi2_df": 3, "chi2_threshold": 7.814727903251179, "N_raw": 81, "N_roi": 81, "N_inlier": 79, "refit": true}
{"timestamp": "16:25:55.332611", "frame": 75, "mu": [-1.064410322011807, 0.7052215482261593, 1.4851838470740868], "Sigma": [[0.012403658622509929, -8.859492042498785e-05, -0.007596489267850604], [-8.859492042498779e-05, 0.009289595826322073, -0.0021188419567672264], [-0.007596489267850604, -0.002118841956767226, 0.006074933281216552]], "chi2_level": 0.95, "chi2_df": 3, "chi2_threshold": 7.814727903251179, "N_raw": 96, "N_roi": 96, "N_inlier": 92, "refit": true}
{"timestamp": "16:25:55.382399", "frame": 76, "mu": [-1.160056169117247, 0.6547550325690201, 1.5412045456960755], "Sigma": [[0.007194923097907212, -0.0012417236379006495, -0.00540159390596345], [-0.0012417236379006495, 0.009975641222435735, 0.001975507213547282], [-0.00540159390596345, 0.0019755072135472823, 0.004717153421449986]], "chi2_level": 0.95, "chi2_df": 3, "chi2_threshold": 7.814727903251179, "N_raw": 58, "N_roi": 58, "N_inlier": 52, "refit": true}
{"timestamp": "16:25:55.441019", "frame": 77, "mu": [-1.1822112331511943, 0.6681963742955876, 1.4842486366013836], "Sigma": [[0.011262258685428083, 0.0005913007104173724, -0.008376832487904948], [0.0005913007104173723, 0.017076715684396407, -1.3239388757426417e-05], [-0.008376832487904948, -1.3239388757426451e-05, 0.006754147460341067]], "chi2_level": 0.95, "chi2_df": 3, "chi2_threshold": 7.814727903251179, "N_raw": 89, "N_roi": 89, "N_inlier": 84, "refit": true}
{"timestamp": "16:25:55.493578", "frame": 78, "mu": [-1.18055799155697, 0.7136884321207506, 1.4570345384135892], "Sigma": [[0.007065651345249214, 0.0016962391726851405, -0.004440012802023423], [0.0016962391726851405, 0.014694013340986125, -0.0018494649695080252], [-0.0044400128020234235, -0.0018494649695080252, 0.0036136013134623274]], "chi2_level": 0.95, "chi2_df": 3, "chi2_threshold": 7.814727903251179, "N_raw": 68, "N_roi": 68, "N_inlier": 65, "refit": true}
{"timestamp": "16:25:55.549447", "frame": 79, "mu": [-1.247819211330343, 0.7608223043235208, 1.5117082281476566], "Sigma": [[0.008384373047022145, -0.0005699001019910547, -0.004539411942029208], [-0.0005699001019910546, 0.014913251187114975, 1.3336503331672398e-05], [-0.004539411942029208, 1.3336503331672344e-05, 0.003981445025426923]], "chi2_level": 0.95, "chi2_df": 3, "chi2_threshold": 7.814727903251179, "N_raw": 77, "N_roi": 77, "N_inlier": 74, "refit": true}
{"timestamp": "16:25:55.608174", "frame": 80, "mu": [-1.2726930955288729, 0.7027591050530766, 1.4223582527871736], "Sigma": [[0.012107370211378506, 0.0018853591666184236, -0.005725231743447326], [0.0018853591666184236, 0.01684626395151062, -0.0047485314679684126], [-0.005725231743447327, -0.004748531467968413, 0.004435124340909751]], "chi2_level": 0.95, "chi2_df": 3, "chi2_threshold": 7.814727903251179, "N_raw": 101, "N_roi": 101, "N_inlier": 97, "refit": true}
{"timestamp": "16:25:55.663804", "frame": 81, "mu": [-1.3129194455605249, 0.7341688978490638, 1.3607347007667794], "Sigma": [[0.012461059708442078, 0.003142063359918716, -0.01504109839428558], [0.003142063359918717, 0.019716307740986247, -0.005342586312697165], [-0.01504109839428558, -0.005342586312697165, 0.11394040072363307]], "chi2_level": 0.95, "chi2_df": 3, "chi2_threshold": 7.814727903251179, "N_raw": 113, "N_roi": 113, "N_inlier": 110, "refit": true}
{"timestamp": "16:25:55.717932", "frame": 82, "mu": [-1.302745385884534, 0.8172974284168959, 1.4488597574062212], "Sigma": [[0.011772268526891923, 0.005651170475464094, -0.006998495266853892], [0.005651170475464094, 0.021764804443918324, -0.004766159030802837], [-0.006998495266853892, -0.004766159030802837, 0.0058150620374242444]], "chi2_level": 0.95, "chi2_df": 3, "chi2_threshold": 7.814727903251179, "N_raw": 95, "N_roi": 95, "N_inlier": 93, "refit": true}
{"timestamp": "16:25:55.770211", "frame": 83, "mu": [-1.3569571206944548, 0.8330605168826989, -0.1815618922171355], "Sigma": [[0.012767586522571666, 0.003333154854289511, 0.019987306413771583], [0.003333154854289511, 0.01517448975088406, 0.008009795806096152], [0.019987306413771583, 0.00800979580609615, 0.24984648096040882]], "chi2_level": 0.95, "chi2_df": 3, "chi2_threshold": 7.814727903251179, "N_raw": 82, "N_roi": 82, "N_inlier": 79, "refit": true}
{"timestamp": "16:25:55.824946", "frame": 84, "mu": [-1.3363544065263058, 0.8213164675277035, 1.4459914896335753], "Sigma": [[0.015233629112470034, 0.0026966821929923805, -0.007755582195722938], [0.0026966821929923805, 0.010607920718552094, -0.003986547960890808], [-0.007755582195722938, -0.003986547960890808, 0.006535174178707726]], "chi2_level": 0.95, "chi2_df": 3, "chi2_threshold": 7.814727903251179, "N_raw": 85, "N_roi": 85, "N_inlier": 82, "refit": true}
{"timestamp": "16:25:55.882404", "frame": 85, "mu": [-1.2985073180549387, 0.836306863458672, 1.3962722568698585], "Sigma": [[0.014344792778878868, 0.003143712034915401, -0.008414895615678377], [0.003143712034915401, 0.01239322227889857, -0.005198379401167703], [-0.008414895615678377, -0.005198379401167703, 0.006375702283348095]], "chi2_level": 0.95, "chi2_df": 3, "chi2_threshold": 7.814727903251179, "N_raw": 96, "N_roi": 96, "N_inlier": 94, "refit": true}
{"timestamp": "16:25:55.937153", "frame": 86, "mu": [-1.3019468197638935, 0.8919054679993005, 1.396866160014744], "Sigma": [[0.014945398097341052, 0.0034965729373345345, -0.009128426151479553], [0.0034965729373345345, 0.012095933114347751, -0.0048686498281051635], [-0.009128426151479553, -0.0048686498281051635, 0.006939889680045085]], "chi2_level": 0.95, "chi2_df": 3, "chi2_threshold": 7.814727903251179, "N_raw": 96, "N_roi": 96, "N_inlier": 95, "refit": true}
{"timestamp": "16:25:55.991047", "frame": 87, "mu": [-1.3227899227149396, 0.8216193854824925, 1.3119539021930313], "Sigma": [[0.01128002039668648, 0.004437750685703587, -0.004612090087060227], [0.004437750685703587, 0.017899390887860557, -0.004111330248989884], [-0.004612090087060226, -0.004111330248989884, 0.0034886404283687947]], "chi2_level": 0.95, "chi2_df": 3, "chi2_threshold": 7.814727903251179, "N_raw": 91, "N_roi": 91, "N_inlier": 87, "refit": true}
{"timestamp": "16:25:56.041965", "frame": 88, "mu": [-1.4187641012329333, 0.9496505506666891, 1.5189896666289093], "Sigma": [[0.0073548976557694075, 0.001343482038463939, -0.004158787727701464], [0.0013434820384639389, 0.011628315543934018, -0.004263899421787061], [-0.004158787727701464, -0.004263899421787061, 0.005631633613175901]], "chi2_level": 0.95, "chi2_df": 3, "chi2_threshold": 7.814727903251179, "N_raw": 67, "N_roi": 67, "N_inlier": 65, "refit": true}
{"timestamp": "16:25:56.103493", "frame": 89, "mu": [-1.3841895403812843, 0.9219699310214349, 1.4709205949109239], "Sigma": [[0.0144392467481961, -0.0005716155190236469, -0.011579984141475905], [-0.0005716155190236467, 0.012076603626106748, 0.00044516771924080765], [-0.011579984141475905, 0.00044516771924080765, 0.010546981647600148]], "chi2_level": 0.95, "chi2_df": 3, "chi2_threshold": 7.814727903251179, "N_raw": 79, "N_roi": 79, "N_inlier": 77, "refit": true}
{"timestamp": "16:25:56.154780", "frame": 90, "mu": [-1.3919900926833393, 0.9020402928621875, 1.393181626474809], "Sigma": [[0.013369080897956952, 0.003108824466350795, -0.007896482313090546], [0.0031088244663507944, 0.007977003258540174, -0.004824632151658221], [-0.007896482313090546, -0.004824632151658221, 0.006720453679868932]], "chi2_level": 0.95, "chi2_df": 3, "chi2_threshold": 7.814727903251179, "N_raw": 74, "N_roi": 74, "N_inlier": 71, "refit": true}
{"timestamp": "16:25:56.205562", "frame": 91, "mu": [-1.47104532642997, 0.9383016733195757, 1.402805019928116], "Sigma": [[0.009668460344467058, 0.0002331516510188491, -0.003710232986588088], [0.00023315165101884942, 0.008837022591885608, -0.003913773258912245], [-0.003710232986588088, -0.003913773258912245, 0.004132291723530806]], "chi2_level": 0.95, "chi2_df": 3, "chi2_threshold": 7.814727903251179, "N_raw": 53, "N_roi": 53, "N_inlier": 51, "refit": true}
{"timestamp": "16:25:56.260039", "frame": 92, "mu": [-1.49922959234403, 0.9784262184911442, 1.4670266121362754], "Sigma": [[0.008002187941136605, 0.0019298366973854553, 0.0008872088977378441], [0.0019298366973854553, 0.004450847570172812, -0.0038083619696544107], [0.0008872088977378444, -0.0038083619696544103, 0.0172501321441858]], "chi2_level": 0.95, "chi2_df": 3, "chi2_threshold": 7.814727903251179, "N_raw": 51, "N_roi": 51, "N_inlier": 49, "refit": true}
{"timestamp": "16:25:56.318456", "frame": 93, "mu": [-1.5048127227835701, 0.9886982369415063, 1.44165231128921], "Sigma": [[0.014844835047876946, 0.005379911807848804, -0.009650717834320888], [0.005379911807848805, 0.011725086013121557, -0.007277735402294759], [-0.009650717834320888, -0.007277735402294759, 0.009403654371563609]], "chi2_level": 0.95, "chi2_df": 3, "chi2_threshold": 7.814727903251179, "N_raw": 79, "N_roi": 79, "N_inlier": 76, "refit": true}
{"timestamp": "16:25:56.375952", "frame": 94, "mu": [-1.547111433145019, 1.1075640971654945, 0.18073080682353093], "Sigma": [[0.019238470167011208, 0.0025632815157389265, 0.03849861426366127], [0.002563281515738926, 0.011318846780500186, 0.00274323603461001], [0.03849861426366127, 0.0027432360346100098, 0.30231291557902545]], "chi2_level": 0.95, "chi2_df": 3, "chi2_threshold": 7.814727903251179, "N_raw": 89, "N_roi": 89, "N_inlier": 88, "refit": true}
{"timestamp": "16:25:56.425618", "frame": 95, "mu": [-1.5242691703002267, 1.0326885209124037, 1.3797909713711685], "Sigma": [[0.010972071301817632, 0.00547565679299121, -0.001592317396275964], [0.00547565679299121, 0.007041322432606399, -0.004548359254819239], [-0.0015923173962759636, -0.004548359254819239, 0.016211515463498867]], "chi2_level": 0.95, "chi2_df": 3, "chi2_threshold": 7.814727903251179, "N_raw": 58, "N_roi": 58, "N_inlier": 54, "refit": true}
{"timestamp": "16:25:56.483350", "frame": 96, "mu": [-1.5376676549921218, 1.0940111011808802, 1.5090084608723666], "Sigma": [[0.015718609057487776, 0.00489172163867522, -0.01396066065343546], [0.0048917216386752185, 0.012828242231441885, -0.0049872733331236836], [-0.01396066065343546, -0.004987273333123683, 0.013646026916412838]], "chi2_level": 0.95, "chi2_df": 3, "chi2_threshold": 7.814727903251179, "N_raw": 78, "N_roi": 78, "N_inlier": 75, "refit": true}
{"timestamp": "16:25:56.541266", "frame": 97, "mu": [-1.5552733883204826, 1.173914356522309, 1.5344396275750887], "Sigma": [[0.016726773544084424, 0.004094716805823509, -0.01405394468980264], [0.004094716805823509, 0.012618445197015394, -0.003964399752139202], [-0.01405394468980264, -0.003964399752139202, 0.013277215851808367]], "chi2_level": 0.95, "chi2_df": 3, "chi2_threshold": 7.814727903251179, "N_raw": 88, "N_roi": 88, "N_inlier": 84, "refit": true}
{"timestamp": "16:25:56.588984", "frame": 98, "mu": [-1.604119213584486, 1.1110182954173446, 1.5153317697898327], "Sigma": [[0.011741345346187673, -0.0010712614183772005, -0.012513846878858701], [-0.0010712614183772003, 0.014436277002921513, 0.00536000989716702], [-0.012513846878858701, 0.005360009897167021, 0.01767901843900055]], "chi2_level": 0.95, "chi2_df": 3, "chi2_threshold": 7.814727903251179, "N_raw": 43, "N_roi": 43, "N_inlier": 41, "refit": true}
{"timestamp": "16:25:56.648194", "frame": 99, "mu": [-1.6080175550350966, 1.2201562505762567, 1.5217640456806572], "Sigma": [[0.01113411950698683, 0.004090297687559947, -0.00829142809576337], [0.004090297687559946, 0.01569509089260119, -0.004615133800374519], [-0.008291428095763368, -0.004615133800374518, 0.007038692067019775]], "chi2_level": 0.95, "chi2_df": 3, "chi2_threshold": 7.814727903251179, "N_raw": 75, "N_roi": 75, "N_inlier": 74, "refit": true}
{"timestamp": "16:25:56.814350", "frame": 100, "mu": [-1.6533923474923502, 1.2859827511618833, -0.0738889209267284], "Sigma": [[0.01251279921073522, 0.0046243431386841834, -0.009685589398978584], [0.004624343138684183, 0.011251389649207983, -0.0018481605784846167], [-0.009685589398978584, -0.0018481605784846171, 0.011204333023373206]], "chi2_level": 0.95, "chi2_df": 3, "chi2_threshold": 7.814727903251179, "N_raw": 63, "N_roi": 63, "N_inlier": 61, "refit": true}
