{"timestamp": "16:19:50.102471", "frame": 31, "mu": [-2.458513977246414, 3.274227416890886, 1.1097683065235917], "Sigma": [[0.0012752833262014071, 0.0010882140538615134, -0.001842512716321073], [0.0010882140538615134, 0.002695316619141472, -0.003323752968160741], [-0.001842512716321073, -0.003323752968160741, 0.005704625494970591]], "chi2_level": 0.95, "chi2_df": 3, "chi2_threshold": 7.814727903251179, "N_raw": 19, "N_roi": 7, "N_inlier": 7, "refit": true}
{"timestamp": "16:19:50.433114", "frame": 37, "mu": [-2.3051413328848214, 3.0942221949667505, 1.0502600479923438], "Sigma": [[0.009909230168870702, 0.004661702144242193, -0.00730480930864689], [0.004661702144242191, 0.00577879174321062, -0.005416727740360325], [-0.00730480930864689, -0.005416727740360324, 0.007828266885894053]], "chi2_level": 0.95, "chi2_df": 3, "chi2_threshold": 7.814727903251179, "N_raw": 28, "N_roi": 28, "N_inlier": 27, "refit": true}
{"timestamp": "16:19:50.487788", "frame": 38, "mu": [-2.255312981177237, 3.093567662308319, 0.8569252928806473], "Sigma": [[0.006779502442502644, 0.004466203765668672, -0.006773564723470162], [0.004466203765668673, 0.006843866117382781, -0.012472212576115645], [-0.006773564723470162, -0.012472212576115646, 0.03821677238398694]], "chi2_level": 0.95, "chi2_df": 3, "chi2_threshold": 7.814727903251179, "N_raw": 14, "N_roi": 14, "N_inlier": 13, "refit": true}
{"timestamp": "16:19:50.598795", "frame": 40, "mu": [-2.1931216727682554, 2.9207519780006934, 0.7990157323116392], "Sigma": [[0.00834433021394435, 0.0037346636446425096, -0.006191540820430861], [0.0037346636446425096, 0.0037322617276230865, -0.005506553396987645], [-0.006191540820430863, -0.005506553396987644, 0.011623067923234203]], "chi2_level": 0.95, "chi2_df": 3, "chi2_threshold": 7.814727903251179, "N_raw": 24, "N_roi": 24, "N_inlier": 23, "refit": true}
{"timestamp": "16:19:50.710957", "frame": 42, "mu": [-2.143093002385719, 2.975299951171808, -0.15247068348064946], "Sigma": [[0.014135781586073521, 0.00842098082634672, -0.005399929545963796], [0.008420980826346722, 0.009677784769579142, -0.0028964647949741005], [-0.005399929545963796, -0.0028964647949741, 0.003615580882308553]], "chi2_level": 0.95, "chi2_df": 3, "chi2_threshold": 7.814727903251179, "N_raw": 37, "N_roi": 37, "N_inlier": 35, "refit": true}
{"timestamp": "16:19:50.765909", "frame": 43, "mu": [-2.1576169002339842, 2.7815451173763743, 1.1830546108321802], "Sigma": [[0.011207146544663949, 0.0047926541055553044, -0.0046631626324260935], [0.0047926541055553044, 0.004127400565683969, -0.0076411308989063585], [-0.0046631626324260935, -0.0076411308989063585, 0.022804296487253232]], "chi2_level": 0.95, "chi2_df": 3, "chi2_threshold": 7.814727903251179, "N_raw": 37, "N_roi": 37, "N_inlier": 35, "refit": true}
{"timestamp": "16:19:50.822704", "frame": 44, "mu": [-2.0312469122974237, 2.757716179007007, 1.0608193624293234], "Sigma": [[0.016469067473207102, 0.01095132841927457, -0.017653524382739143], [0.01095132841927457, 0.009740317114149593, -0.019323069614314334], [-0.017653524382739143, -0.019323069614314334, 0.048612123161330956]], "chi2_level": 0.95, "chi2_df": 3, "chi2_threshold": 7.814727903251179, "N_raw": 46, "N_roi": 39, "N_inlier": 38, "refit": true}
{"timestamp": "16:19:50.876934", "frame": 45, "mu": [-1.9059171166671076, 2.790241576306396, 0.7581405432228749], "Sigma": [[0.01731678423580605, 0.00826997294678775, -0.03223215651524018], [0.00826997294678775, 0.005938234451741724, -0.01890202466599013], [-0.03223215651524018, -0.01890202466599013, 0.0800821457367124]], "chi2_level": 0.95, "chi2_df": 3, "chi2_threshold": 7.814727903251179, "N_raw": 43, "N_roi": 43, "N_inlier": 41, "refit": true}
{"timestamp": "16:19:50.935466", "frame": 46, "mu": [-1.8805497150018788, 2.724859370740262, 0.8763908511629451], "Sigma": [[0.019021853803152276, 0.006702560419626826, -0.043121252669433216], [0.006702560419626826, 0.004485436761509846, -0.018566556777444843], [-0.043121252669433216, -0.018566556777444843, 0.1748257650767188]], "chi2_level": 0.95, "chi2_df": 3, "chi2_threshold": 7.814727903251179, "N_raw": 61, "N_roi": 56, "N_inlier": 55, "refit": true}
{"timestamp": "16:19:50.984527", "frame": 47, "mu": [-1.7992245570616656, 2.7669660787798502, 0.7189615933261164], "Sigma": [[0.011530071008799268, 0.005003585193102606, -0.01952584923926637], [0.005003585193102606, 0.005062137873271356, -0.014786434162045257], [-0.01952584923926637, -0.014786434162045257, 0.053059595717850905]], "chi2_level": 0.95, "chi2_df": 3, "chi2_threshold": 7.814727903251179, "N_raw": 22, "N_roi": 22, "N_inlier": 21, "refit": true}
{"timestamp": "16:19:51.040347", "frame": 48, "mu": [-1.7262777869494546, 2.785122718431658, 0.6980199406976287], "Sigma": [[0.009991281309260363, 0.003554745363733159, -0.013251359918802995], [0.0035547453637331593, 0.002031637145856088, -0.00856949584528411], [-0.013251359918802996, -0.00856949584528411, 0.0515445237359896]], "chi2_level": 0.95, "chi2_df": 3, "chi2_threshold": 7.814727903251179, "N_raw": 27, "N_roi": 27, "N_inlier": 25, "refit": true}
{"timestamp": "16:19:51.102649", "frame": 49, "mu": [-1.9097836619652768, 2.5862302084400612, 1.1788031345605192], "Sigma": [[0.01765226221996362, 0.007162896638459758, -0.002926184257872914], [0.007162896638459758, 0.005658026971377241, -0.006419941268254301], [-0.002926184257872914, -0.006419941268254301, 0.014496377889325418]], "chi2_level": 0.95, "chi2_df": 3, "chi2_threshold": 7.814727903251179, "N_raw": 76, "N_roi": 57, "N_inlier": 52, "refit": true}
{"timestamp": "16:19:51.156762", "frame": 50, "mu": [-1.8465055127907135, 2.7548168169144867, -0.40359103506500654], "Sigma": [[0.04771153153832715, 0.042696225543602404, -0.0511448499295777], [0.042696225543602404, 0.04699158732192413, -0.055565604888901166], [-0.051144849929577706, -0.055565604888901166, 0.06898275855636748]], "chi2_level": 0.95, "chi2_df": 3, "chi2_threshold": 7.814727903251179, "N_raw": 73, "N_roi": 56, "N_inlier": 54, "refit": true}
{"timestamp": "16:19:51.211250", "frame": 51, "mu": [-1.6729396532249714, 2.6289114191950724, 0.8699557669657212], "Sigma": [[0.012902917702579413, 0.007132820138337204, -0.018909462447971943], [0.007132820138337206, 0.00826928570436965, -0.021971909031363736], [-0.018909462447971943, -0.021971909031363732, 0.06230696044541346]], "chi2_level": 0.95, "chi2_df": 3, "chi2_threshold": 7.814727903251179, "N_raw": 62, "N_roi": 55, "N_inlier": 54, "refit": true}
{"timestamp": "16:19:51.261163", "frame": 52, "mu": [-1.5796023872487714, 2.7093342049228384, 0.5851054366052132], "Sigma": [[0.029695393458787647, 0.018064500662750838, -0.03059106417258123], [0.018064500662750838, 0.03197627736558584, -0.061237846012594015], [-0.03059106417258123, -0.06123784601259401, 0.12282403225884447]], "chi2_level": 0.95, "chi2_df": 3, "chi2_threshold": 7.814727903251179, "N_raw": 28, "N_roi": 16, "N_inlier": 16, "refit": true}
{"timestamp": "16:19:51.314179", "frame": 53, "mu": [-1.56395436929947, 2.6305869083225897, 0.75241104533413], "Sigma": [[0.03213047229200784, 0.019539811802877435, -0.04925946105534679], [0.019539811802877435, 0.016265890921552183, -0.037979349806994904], [-0.04925946105534678, -0.037979349806994904, 0.10070279811727184]], "chi2_level": 0.95, "chi2_df": 3, "chi2_threshold": 7.814727903251179, "N_raw": 16, "N_roi": 16, "N_inlier": 15, "refit": true}
{"timestamp": "16:19:51.371723", "frame": 54, "mu": [-1.5476126650317235, 2.5626957585817465, 0.782309551465769], "Sigma": [[0.011497679258373675, 0.0038823976821747916, -0.006672635359645934], [0.0038823976821747916, 0.001854222711482859, -0.003825196756229119], [-0.006672635359645934, -0.0038251967562291187, 0.016083260936651633]], "chi2_level": 0.95, "chi2_df": 3, "chi2_threshold": 7.814727903251179, "N_raw": 37, "N_roi": 37, "N_inlier": 33, "refit": true}
{"timestamp": "16:19:51.430064", "frame": 55, "mu": [-1.51269562617123, 2.5011919422828024, 0.9890636336690828], "Sigma": [[0.00979056413956037, 0.0024451089125978103, -0.007561804931406906], [0.0024451089125978103, 0.002595943405406971, -0.008032021852996833], [-0.007561804931406905, -0.008032021852996833, 0.047260384089989935]], "chi2_level": 0.95, "chi2_df": 3, "chi2_threshold": 7.814727903251179, "N_raw": 60, "N_roi": 60, "N_inlier": 57, "refit": true}
{"timestamp": "16:19:51.483774", "frame": 56, "mu": [-1.4704769947876881, 2.4577746642274882, 1.1744941143907837], "Sigma": [[0.010223911466290599, 0.003355674485702633, -0.016944429209461986], [0.003355674485702633, 0.002247504582534509, -0.010114949422228183], [-0.016944429209461986, -0.010114949422228183, 0.05400756311842651]], "chi2_level": 0.95, "chi2_df": 3, "chi2_threshold": 7.814727903251179, "N_raw": 46, "N_roi": 46, "N_inlier": 43, "refit": true}
{"timestamp": "16:19:51.537974", "frame": 57, "mu": [-1.3505912796836939, 2.429492387752507, 1.091824033442203], "Sigma": [[0.029028577456416058, 0.010698409430222206, -0.05239133369137341], [0.010698409430222206, 0.005231632904355413, -0.02339286656910762], [-0.05239133369137341, -0.02339286656910762, 0.11263667506618912]], "chi2_level": 0.95, "chi2_df": 3, "chi2_threshold": 7.814727903251179, "N_raw": 44, "N_roi": 42, "N_inlier": 35, "refit": true}
{"timestamp": "16:19:51.589306", "frame": 58, "mu": [-1.4579013834017511, 2.4014470349381623, 1.1335472029826104], "Sigma": [[0.0033512138153677633, -0.0003307822434289715, 0.004517669596899255], [-0.0003307822434289716, 0.002864819066027169, -0.02026858339809768], [0.004517669596899255, -0.02026858339809768, 0.169170487230933]], "chi2_level": 0.95, "chi2_df": 3, "chi2_threshold": 7.814727903251179, "N_raw": 17, "N_roi": 14, "N_inlier": 12, "refit": true}
{"timestamp": "16:19:51.647795", "frame": 59, "mu": [-1.3006693319761402, 2.5343859176589527, -0.7644932739394557], "Sigma": [[0.011894234337392477, 0.012920695850138969, 0.026150916287416656], [0.012920695850138969, 0.021528677463452987, 0.03701894779207933], [0.02615091628741666, 0.03701894779207933, 0.08460105475856311]], "chi2_level": 0.95, "chi2_df": 3, "chi2_threshold": 7.814727903251179, "N_raw": 47, "N_roi": 44, "N_inlier": 41, "refit": true}
{"timestamp": "16:19:51.700926", "frame": 60, "mu": [-1.2965721996759396, 2.4312203299104933, 1.0062428071804665], "Sigma": [[0.009777310672106443, 0.0013953650116255544, -0.00786265755746467], [0.0013953650116255544, 0.0074015453269898656, -0.009097037521989546], [-0.00786265755746467, -0.009097037521989544, 0.01741656692349423]], "chi2_level": 0.95, "chi2_df": 3, "chi2_threshold": 7.814727903251179, "N_raw": 34, "N_roi": 34, "N_inlier": 33, "refit": true}
{"timestamp": "16:19:51.759847", "frame": 61, "mu": [-1.2584567139268124, 2.2964709055219275, 1.0675268643453193], "Sigma": [[0.010124951747282075, 0.0043074628448264325, -0.011523679584605855], [0.0043074628448264325, 0.006024451427307588, -0.00947828958797709], [-0.011523679584605855, -0.00947828958797709, 0.024181034532423203]], "chi2_level": 0.95, "chi2_df": 3, "chi2_threshold": 7.814727903251179, "N_raw": 62, "N_roi": 61, "N_inlier": 57, "refit": true}
{"timestamp": "16:19:51.817745", "frame": 62, "mu": [-1.2081629584679334, 2.256968708341474, 0.8624267578593643], "Sigma": [[0.010568759437301662, 0.003778848740595332, -0.005932905015402048], [0.003778848740595332, 0.0038283203971664153, -0.007403973313897202], [-0.005932905015402047, -0.007403973313897201, 0.030426344145262185]], "chi2_level": 0.95, "chi2_df": 3, "chi2_threshold": 7.814727903251179, "N_raw": 74, "N_roi": 74, "N_inlier": 71, "refit": true}
{"timestamp": "16:19:51.874297", "frame": 63, "mu": [-1.210410430429566, 2.2116648123749862, 1.0785370806951224], "Sigma": [[0.011622902384354523, 0.005817159750955526, -0.011750429747132527], [0.005817159750955525, 0.008212808896179901, -0.016621575573166333], [-0.011750429747132526, -0.016621575573166333, 0.03943843428892404]], "chi2_level": 0.95, "chi2_df": 3, "chi2_threshold": 7.814727903251179, "N_raw": 86, "N_roi": 86, "N_inlier": 82, "refit": true}
{"timestamp": "16:19:51.930342", "frame": 64, "mu": [-1.1040930810856984, 2.1989673399006615, 1.1014434022456334], "Sigma": [[0.02514555179210729, 0.014648955692525317, -0.03510161652953031], [0.014648955692525317, 0.011759222760432272, -0.026163643424433905], [-0.03510161652953031, -0.026163643424433905, 0.0633830368162561]], "chi2_level": 0.95, "chi2_df": 3, "chi2_threshold": 7.814727903251179, "N_raw": 85, "N_roi": 85, "N_inlier": 81, "refit": true}
{"timestamp": "16:19:51.986906", "frame": 65, "mu": [-1.0980366402916848, 2.162628904679926, 1.0652157817954075], "Sigma": [[0.014626035554849141, 0.00979804059337282, -0.021378611800993645], [0.00979804059337282, 0.011716110800173407, -0.024448010275638254], [-0.02137861180099364, -0.024448010275638254, 0.058406018262133486]], "chi2_level": 0.95, "chi2_df": 3, "chi2_threshold": 7.814727903251179, "N_raw": 103, "N_roi": 102, "N_inlier": 98, "refit": true}
{"timestamp": "16:19:52.034424", "frame": 66, "mu": [-1.071151517179434, 2.1039711825097225, 1.0449153827999789], "Sigma": [[0.014742752024344071, 0.007592064551029924, -0.02075947161565193], [0.007592064551029924, 0.009457659484108928, -0.01757870916787957], [-0.020759471615651927, -0.01757870916787957, 0.050623043801331535]], "chi2_level": 0.95, "chi2_df": 3, "chi2_threshold": 7.814727903251179, "N_raw": 52, "N_roi": 52, "N_inlier": 52, "refit": true}
{"timestamp": "16:19:52.092172", "frame": 67, "mu": [-1.1047265777968127, 2.046398168718282, 1.1545086975263574], "Sigma": [[0.012976995487007165, 0.005365391847682142, -0.02435314502483861], [0.005365391847682141, 0.004811983316414228, -0.016712629472217355], [-0.02435314502483861, -0.01671262947221735, 0.07209373314231168]], "chi2_level": 0.95, "chi2_df": 3, "chi2_threshold": 7.814727903251179, "N_raw": 74, "N_roi": 74, "N_inlier": 72, "refit": true}
{"timestamp": "16:19:52.146491", "frame": 68, "mu": [-1.104772779545471, 1.9635763879634818, 1.0386592797047398], "Sigma": [[0.009893457387982802, 0.0018034486751900207, -0.0066854899276861625], [0.0018034486751900202, 0.003084858851702892, -0.004406112866364778], [-0.0066854899276861625, -0.004406112866364778, 0.021853623718782092]], "chi2_level": 0.95, "chi2_df": 3, "chi2_threshold": 7.814727903251179, "N_raw": 64, "N_roi": 64, "N_inlier": 59, "refit": true}
{"timestamp": "16:19:52.204077", "frame": 69, "mu": [-1.0310057533405397, 1.9730361838593449, 1.2224395026458568], "Sigma": [[0.012723869740224802, 0.0034393022264877686, -0.01737542676829551], [0.0034393022264877695, 0.004322503867495853, -0.011529318838229247], [-0.01737542676829551, -0.011529318838229247, 0.05864506792283279]], "chi2_level": 0.95, "chi2_df": 3, "chi2_threshold": 7.814727903251179, "N_raw": 88, "N_roi": 88, "N_inlier": 84, "refit": true}
{"timestamp": "16:19:52.257882", "frame": 70, "mu": [-1.0417602131658246, 1.9716701134910224, 0.8609435982464004], "Sigma": [[0.01096655551249528, -0.00854821027702126, 0.02345710420941556], [-0.008548210277021259, 0.022344684154943322, -0.06308979899677827], [0.023457104209415554, -0.06308979899677827, 0.24513308235435338]], "chi2_level": 0.95, "chi2_df": 3, "chi2_threshold": 7.814727903251179, "N_raw": 71, "N_roi": 70, "N_inlier": 60, "refit": true}
{"timestamp": "16:19:52.316369", "frame": 71, "mu": [-0.9719509621671523, 1.8584212243806313, 0.9963566499477068], "Sigma": [[0.01694837811961513, 0.0043999646479615144, -0.020550823547264004], [0.0043999646479615144, 0.0042686401043924025, -0.014578740016720946], [-0.020550823547264004, -0.014578740016720946, 0.064907298882371]], "chi2_level": 0.95, "chi2_df": 3, "chi2_threshold": 7.814727903251179, "N_raw": 91, "N_roi": 91, "N_inlier": 87, "refit": true}
{"timestamp": "16:19:52.371922", "frame": 72, "mu": [-0.9385926399160854, 1.9688668824920814, -0.06943039532891968], "Sigma": [[0.011165189690340886, -0.0033072755414750256, 0.038104590166441236], [-0.0033072755414750256, 0.009616760840176158, -0.03353151614303543], [0.038104590166441236, -0.03353151614303543, 0.31354724835202274]], "chi2_level": 0.95, "chi2_df": 3, "chi2_threshold": 7.814727903251179, "N_raw": 102, "N_roi": 102, "N_inlier": 102, "refit": true}
{"timestamp": "16:19:52.425467", "frame": 73, "mu": [-0.9003353973386808, 1.7761953063337126, 1.0001546752959878], "Sigma": [[0.016051977965123303, 0.0036959066711769973, -0.014901628772251723], [0.0036959066711769973, 0.003127386863847139, -0.009467423863264463], [-0.014901628772251723, -0.009467423863264463, 0.04213284204933509]], "chi2_level": 0.95, "chi2_df": 3, "chi2_threshold": 7.814727903251179, "N_raw": 87, "N_roi": 87, "N_inlier": 82, "refit": true}
{"timestamp": "16:19:52.478064", "frame": 74, "mu": [-0.8992863733836344, 1.7605554838017305, 1.071047846048692], "Sigma": [[0.007449201481119815, 0.0024195017600355416, 0.0007841352925911718], [0.0024195017600355416, 0.004233982294459498, -0.005409211921052406], [0.0007841352925911716, -0.005409211921052406, 0.021263265375333733]], "chi2_level": 0.95, "chi2_df": 3, "chi2_threshold": 7.814727903251179, "N_raw": 75, "N_roi": 75, "N_inlier": 71, "refit": true}
{"timestamp": "16:19:52.535508", "frame": 75, "mu": [-0.7735971894776096, 1.73990723690426, 1.1458857740826809], "Sigma": [[0.011465291735008303, 0.0031420767963844004, 0.0009601674357147909], [0.0031420767963844004, 0.0037045365663541884, -0.004248937855933728], [0.0009601674357147911, -0.004248937855933728, 0.014205194757198386]], "chi2_level": 0.95, "chi2_df": 3, "chi2_threshold": 7.814727903251179, "N_raw": 87, "N_roi": 87, "N_inlier": 82, "refit": true}
{"timestamp": "16:19:52.591203", "frame": 76, "mu": [-0.6859869124813759, 1.8334961484171208, -0.17603418223431214], "Sigma": [[0.016581814343667782, -0.00311566549269611, 0.04298556860334651], [-0.0031156654926961106, 0.008424602392785406, -0.031198824758043166], [0.04298556860334651, -0.031198824758043163, 0.24094008260775615]], "chi2_level": 0.95, "chi2_df": 3, "chi2_threshold": 7.814727903251179, "N_raw": 101, "N_roi": 101, "N_inlier": 99, "refit": true}
{"timestamp": "16:19:52.640978", "frame": 77, "mu": [-0.6167513665647071, 1.6471599678201367, 1.0353786476266704], "Sigma": [[0.010064526670256273, 0.0022621531586167806, -0.02628074876198208], [0.00226215315861678, 0.0016395539947073616, -0.0092346000821159], [-0.02628074876198208, -0.0092346000821159, 0.11067570084551542]], "chi2_level": 0.95, "chi2_df": 3, "chi2_threshold": 7.814727903251179, "N_raw": 61, "N_roi": 61, "N_inlier": 56, "refit": true}
{"timestamp": "16:19:52.703344", "frame": 78, "mu": [-0.5049480275950631, 1.694470754103731, 0.9476077764043589], "Sigma": [[0.014691573343555786, 0.005567829160234571, -0.03046162652969677], [0.005567829160234571, 0.00411552459645276, -0.015031949279591325], [-0.03046162652969677, -0.015031949279591325, 0.09430102725545805]], "chi2_level": 0.95, "chi2_df": 3, "chi2_threshold": 7.814727903251179, "N_raw": 114, "N_roi": 114, "N_inlier": 110, "refit": true}
{"timestamp": "16:19:52.756936", "frame": 79, "mu": [-0.5707071257629419, 1.6245802468002182, 1.1426168882491143], "Sigma": [[0.008230726458143814, 0.0014875223703475255, -0.0020245282900390434], [0.0014875223703475257, 0.004456662952283848, -0.007692523292802404], [-0.0020245282900390434, -0.007692523292802404, 0.018949957575205904]], "chi2_level": 0.95, "chi2_df": 3, "chi2_threshold": 7.814727903251179, "N_raw": 102, "N_roi": 102, "N_inlier": 96, "refit": true}
{"timestamp": "16:19:52.819087", "frame": 80, "mu": [-0.5415577834941728, 1.590765753268462, 0.9648379567682596], "Sigma": [[0.015823143399313677, 0.0027388849865857883, 0.023568289571073334], [0.002738884986585788, 0.002623169682813747, -0.004859442227113394], [0.02356828957107333, -0.004859442227113394, 0.20545237041863074]], "chi2_level": 0.95, "chi2_df": 3, "chi2_threshold": 7.814727903251179, "N_raw": 150, "N_roi": 150, "N_inlier": 135, "refit": true}
{"timestamp": "16:19:52.870505", "frame": 81, "mu": [-0.3825059886548216, 1.5823904464132883, 1.0039059494068008], "Sigma": [[0.03180781851950712, 0.010333839552685306, -0.028665187075107755], [0.010333839552685306, 0.006829440476331688, -0.013657794055174472], [-0.028665187075107755, -0.013657794055174474, 0.03455418628653667]], "chi2_level": 0.95, "chi2_df": 3, "chi2_threshold": 7.814727903251179, "N_raw": 124, "N_roi": 124, "N_inlier": 119, "refit": true}
{"timestamp": "16:19:52.925924", "frame": 82, "mu": [-0.4075945477650392, 1.532444903730075, -0.051112343136742046], "Sigma": [[0.04739605686930931, 0.0042379829445846375, 0.1573282215891071], [0.0042379829445846375, 0.004112834194606718, 0.01217331438644903], [0.1573282215891071, 0.01217331438644903, 0.8003166661765561]], "chi2_level": 0.95, "chi2_df": 3, "chi2_threshold": 7.814727903251179, "N_raw": 130, "N_roi": 130, "N_inlier": 127, "refit": true}
{"timestamp": "16:19:52.981689", "frame": 83, "mu": [-0.5376453563452281, 1.5064426230638794, -0.3027767759539943], "Sigma": [[0.02683938964100328, -0.0034676579341125675, 0.1655315086270569], [-0.0034676579341125667, 0.005597276562180417, -0.014165045984922485], [0.1655315086270569, -0.014165045984922483, 1.4171422693820692]], "chi2_level": 0.95, "chi2_df": 3, "chi2_threshold": 7.814727903251179, "N_raw": 131, "N_roi": 131, "N_inlier": 128, "refit": true}
{"timestamp": "16:19:53.032366", "frame": 84, "mu": [-0.49229864284683367, 1.4550583162223023, 1.0758849527641354], "Sigma": [[0.011989471358894763, -0.006000346554707099, 0.035594534754653705], [-0.006000346554707098, 0.006888899178916855, -0.03704160843675487], [0.035594534754653705, -0.03704160843675487, 0.22961798030945327]], "chi2_level": 0.95, "chi2_df": 3, "chi2_threshold": 7.814727903251179, "N_raw": 107, "N_roi": 107, "N_inlier": 103, "refit": true}
{"timestamp": "16:19:53.089346", "frame": 85, "mu": [-0.3361862242604455, 1.422320793447205, 1.1447591332150566], "Sigma": [[0.02435962324632638, 0.00515629095031481, -0.019756794571589794], [0.00515629095031481, 0.004471747136665241, -0.012692092816611959], [-0.019756794571589794, -0.01269209281661196, 0.04637414980781912]], "chi2_level": 0.95, "chi2_df": 3, "chi2_threshold": 7.814727903251179, "N_raw": 121, "N_roi": 121, "N_inlier": 110, "refit": true}
{"timestamp": "16:19:53.145165", "frame": 86, "mu": [-0.2906464645127828, 1.472771674642534, 0.10344082225515809], "Sigma": [[0.041882164756922996, -0.005321286365236719, 0.12393600247384826], [-0.005321286365236719, 0.005861941981551767, -0.012369593172616818], [0.12393600247384826, -0.01236959317261682, 0.4173083523822989]], "chi2_level": 0.95, "chi2_df": 3, "chi2_threshold": 7.814727903251179, "N_raw": 119, "N_roi": 119, "N_inlier": 111, "refit": true}
{"timestamp": "16:19:53.200012", "frame": 87, "mu": [-0.3179471911452489, 1.3000207383880307, 1.1104561753125322], "Sigma": [[0.0325789797715791, 0.01206360838899074, -0.017773640883885812], [0.012063608388990739, 0.008364178573992647, -0.015147894661160182], [-0.017773640883885812, -0.015147894661160182, 0.04144499939961419]], "chi2_level": 0.95, "chi2_df": 3, "chi2_threshold": 7.814727903251179, "N_raw": 122, "N_roi": 122, "N_inlier": 114, "refit": true}
{"timestamp": "16:19:53.253956", "frame": 88, "mu": [-0.28624026986085227, 1.2290117454677278, 1.1438432345425906], "Sigma": [[0.006731681153085145, 0.0029213968208261845, -0.0060313667864550415], [0.0029213968208261836, 0.010411713168495523, 0.004306969790840157], [-0.0060313667864550415, 0.004306969790840156, 0.06076497787652748]], "chi2_level": 0.95, "chi2_df": 3, "chi2_threshold": 7.814727903251179, "N_raw": 115, "N_roi": 115, "N_inlier": 112, "refit": true}
{"timestamp": "16:19:53.310098", "frame": 89, "mu": [-0.24495309214806352, 1.2381211474226992, 1.1078487443223344], "Sigma": [[0.01875403644914803, 0.007866657808395305, -0.00402774302673948], [0.007866657808395305, 0.008292874680917278, -0.00029239019412398247], [-0.00402774302673948, -0.00029239019412398263, 0.024650158266481714]], "chi2_level": 0.95, "chi2_df": 3, "chi2_threshold": 7.814727903251179, "N_raw": 128, "N_roi": 128, "N_inlier": 123, "refit": true}
{"timestamp": "16:19:53.367376", "frame": 90, "mu": [-0.26607685700599365, 1.179283751837413, 1.2087976694993199], "Sigma": [[0.016002430504248537, 0.0024727095627519167, 0.001139069586868534], [0.002472709562751917, 0.007053654795524858, -0.008109418621743983], [0.0011390695868685337, -0.008109418621743983, 0.027920113285482048]], "chi2_level": 0.95, "chi2_df": 3, "chi2_threshold": 7.814727903251179, "N_raw": 133, "N_roi": 133, "N_inlier": 126, "refit": true}
{"timestamp": "16:19:53.424302", "frame": 91, "mu": [-0.2817353673860261, 1.0872206865283598, 1.1475489529231369], "Sigma": [[0.008642340626099754, 0.002355659223120727, 0.003101672739543099], [0.002355659223120727, 0.004939028556373969, 0.0004537971886365657], [0.003101672739543099, 0.0004537971886365655, 0.03782861266901871]], "chi2_level": 0.95, "chi2_df": 3, "chi2_threshold": 7.814727903251179, "N_raw": 150, "N_roi": 150, "N_inlier": 146, "refit": true}
{"timestamp": "16:19:53.479307", "frame": 92, "mu": [-0.17692025336685152, 1.2813540771944683, -0.38552825882561903], "Sigma": [[0.011786804502892753, 0.00469369555415781, -0.0004249645565994925], [0.00469369555415781, 0.009944843347064141, -0.007769329129856823], [-0.0004249645565994923, -0.007769329129856823, 0.0126238352659903]], "chi2_level": 0.95, "chi2_df": 3, "chi2_threshold": 7.814727903251179, "N_raw": 150, "N_roi": 150, "N_inlier": 135, "refit": true}
{"timestamp": "16:19:53.530065", "frame": 93, "mu": [-0.2155454619822382, 1.0078130333534727, 1.34570384055558], "Sigma": [[0.012510869888188841, 0.0030797064445785925, 0.014427515588665007], [0.0030797064445785925, 0.002975533528193592, 0.0021757607139696244], [0.014427515588665006, 0.0021757607139696244, 0.02793944632090863]], "chi2_level": 0.95, "chi2_df": 3, "chi2_threshold": 7.814727903251179, "N_raw": 121, "N_roi": 121, "N_inlier": 115, "refit": true}
{"timestamp": "16:19:53.579796", "frame": 94, "mu": [-0.14224924987467297, 1.112540476131241, -0.10050667655363645], "Sigma": [[0.021165186782676246, -0.0026002338762035598, 0.06301189035551213], [-0.0026002338762035593, 0.003753430109457237, -0.022394107599233496], [0.06301189035551212, -0.022394107599233496, 0.45344798128319913]], "chi2_level": 0.95, "chi2_df": 3, "chi2_threshold": 7.814727903251179, "N_raw": 85, "N_roi": 85, "N_inlier": 80, "refit": true}
{"timestamp": "16:19:53.631976", "frame": 95, "mu": [-0.1632133915046577, 0.992890123662877, 1.230796710719123], "Sigma": [[0.0030270482427681815, 0.00025505721913414924, -0.005535615569807176], [0.0002550572191341493, 0.00078149346557909, 0.0003060243065966871], [-0.005535615569807175, 0.000306024306596687, 0.06458434705867787]], "chi2_level": 0.95, "chi2_df": 3, "chi2_threshold": 7.814727903251179, "N_raw": 71, "N_roi": 71, "N_inlier": 67, "refit": true}
{"timestamp": "16:19:53.687454", "frame": 96, "mu": [-0.08274208204310074, 0.9556139514443733, 1.2772929316920034], "Sigma": [[0.0036312182906662865, 0.0004793301722881189, 0.0034055398096289316], [0.0004793301722881188, 0.003281675202688076, -0.00572592518253079], [0.0034055398096289307, -0.00572592518253079, 0.018286358183226655]], "chi2_level": 0.95, "chi2_df": 3, "chi2_threshold": 7.814727903251179, "N_raw": 73, "N_roi": 73, "N_inlier": 69, "refit": true}
{"timestamp": "16:19:53.742529", "frame": 97, "mu": [-0.05487487106289556, 0.9267836962455399, 1.3069579033859033], "Sigma": [[0.006150706213941248, 0.0004789125684834313, 0.006457619768108899], [0.0004789125684834313, 0.003133674308827214, -0.0016661313720575024], [0.006457619768108899, -0.0016661313720575026, 0.015014261852374191]], "chi2_level": 0.95, "chi2_df": 3, "chi2_threshold": 7.814727903251179, "N_raw": 72, "N_roi": 72, "N_inlier": 69, "refit": true}
{"timestamp": "16:19:53.794206", "frame": 98, "mu": [0.04905333328297268, 0.876297627574907, 1.1787012166644524], "Sigma": [[0.0021831952333702144, -0.0003949560244383789, -0.0003234166354918759], [-0.0003949560244383789, 0.0027795594148966748, 0.023757490951219665], [-0.0003234166354918757, 0.023757490951219665, 0.4382216557259706]], "chi2_level": 0.95, "chi2_df": 3, "chi2_threshold": 7.814727903251179, "N_raw": 53, "N_roi": 53, "N_inlier": 50, "refit": true}
{"timestamp": "16:19:53.855935", "frame": 99, "mu": [0.04904732138423061, 0.8815780576738499, 1.3556643770272612], "Sigma": [[0.004416905265472385, -0.0003346303977904691, 0.00481770092156221], [-0.000334630397790469, 0.002335964914788807, -0.0034473259630862637], [0.00481770092156221, -0.0034473259630862637, 0.010483348182727153]], "chi2_level": 0.95, "chi2_df": 3, "chi2_threshold": 7.814727903251179, "N_raw": 99, "N_roi": 99, "N_inlier": 92, "refit": true}
{"timestamp": "16:19:54.020564", "frame": 100, "mu": [0.05243962507789002, 0.8432824889114214, 1.321721344162697], "Sigma": [[0.006701935939300391, -0.0004532863376134412, 0.008367619170739115], [-0.000453286337613441, 0.002692694690805764, -0.003615976448653117], [0.008367619170739115, -0.0036159764486531167, 0.01743213236195478]], "chi2_level": 0.95, "chi2_df": 3, "chi2_threshold": 7.814727903251179, "N_raw": 56, "N_roi": 56, "N_inlier": 53, "refit": true}
{"timestamp": "16:19:54.054284", "frame": 101, "mu": [0.18495886265718056, 0.8474898256281235, 1.458489293781762], "Sigma": [[0.004336360476698876, 0.0004187705797939037, 0.001415789173559754], [0.0004187705797939037, 0.0020639897681050457, -0.0015966246536373166], [0.001415789173559754, -0.001596624653637317, 0.009829042496941774]], "chi2_level": 0.95, "chi2_df": 3, "chi2_threshold": 7.814727903251179, "N_raw": 99, "N_roi": 99, "N_inlier": 95, "refit": true}
{"timestamp": "16:19:54.086041", "frame": 102, "mu": [0.18900489286574465, 0.7836704581264868, 1.357243151107179], "Sigma": [[0.016400333735508525, -0.0023874856923125276, 0.008854913546257656], [-0.0023874856923125276, 0.0032104418513135592, -0.0024113240789484956], [0.008854913546257656, -0.0024113240789484956, 0.01296136702492942]], "chi2_level": 0.95, "chi2_df": 3, "chi2_threshold": 7.814727903251179, "N_raw": 88, "N_roi": 88, "N_inlier": 86, "refit": true}
{"timestamp": "16:19:54.118364", "frame": 103, "mu": [0.3156677537315646, 0.7484316796347906, 1.4804027984663681], "Sigma": [[0.0022587588486282996, 0.00017867674931326756, -0.0008563660755433912], [0.00017867674931326753, 0.0008734885853258253, -0.001607267876416907], [-0.0008563660755433911, -0.0016072678764169073, 0.004280635363593186]], "chi2_level": 0.95, "chi2_df": 3, "chi2_threshold": 7.814727903251179, "N_raw": 46, "N_roi": 46, "N_inlier": 42, "refit": true}
{"timestamp": "16:19:54.151133", "frame": 104, "mu": [0.2742624978223112, 0.7143079708271043, 1.408623709530639], "Sigma": [[0.007510405918591436, -0.0012252732970701114, 0.0033006839870332594], [-0.0012252732970701112, 0.0019530213270800266, -0.00218615056071956], [0.0033006839870332594, -0.00218615056071956, 0.004745995325907338]], "chi2_level": 0.95, "chi2_df": 3, "chi2_threshold": 7.814727903251179, "N_raw": 91, "N_roi": 91, "N_inlier": 87, "refit": true}
{"timestamp": "16:19:54.179999", "frame": 105, "mu": [0.28291952091776046, 0.6580565834907985, 1.4248465407615918], "Sigma": [[0.012900791249339377, 0.0008594137829090864, 0.011691660875066578], [0.0008594137829090864, 0.0008901181445097696, -2.385566111588397e-05], [0.011691660875066578, -2.38556611158839e-05, 0.01307964222302734]], "chi2_level": 0.95, "chi2_df": 3, "chi2_threshold": 7.814727903251179, "N_raw": 50, "N_roi": 49, "N_inlier": 47, "refit": true}
{"timestamp": "16:19:54.228247", "frame": 106, "mu": [0.3679072538748223, 0.6651066718117233, 1.2820852431650744], "Sigma": [[0.004595264005623547, 0.0013816714361760464, -0.0002910283275554627], [0.0013816714361760461, 0.005451965919207828, -0.0019943231014801577], [-0.0002910283275554628, -0.001994323101480158, 0.033318826805095986]], "chi2_level": 0.95, "chi2_df": 3, "chi2_threshold": 7.814727903251179, "N_raw": 11, "N_roi": 11, "N_inlier": 10, "refit": true}
{"timestamp": "16:19:54.282204", "frame": 107, "mu": [0.3312723169836387, 0.6100294514993572, 1.416962455473423], "Sigma": [[0.005590550953754486, 0.0010477735722721447, 0.009153326516349113], [0.0010477735722721445, 0.0016469759547461233, -0.0010391726551678049], [0.009153326516349113, -0.0010391726551678047, 0.022004315743126286]], "chi2_level": 0.95, "chi2_df": 3, "chi2_threshold": 7.814727903251179, "N_raw": 11, "N_roi": 11, "N_inlier": 10, "refit": true}
{"timestamp": "16:19:54.339519", "frame": 108, "mu": [0.4391820408967545, 0.6635480714600942, -0.39198862495150844], "Sigma": [[0.0011840046700873274, -0.0013899979008080376, 0.0015927441100153433], [-0.0013899979008080378, 0.005449063521831518, -0.005352260876900713], [0.0015927441100153433, -0.005352260876900713, 0.005680880647653917]], "chi2_level": 0.95, "chi2_df": 3, "chi2_threshold": 7.814727903251179, "N_raw": 24, "N_roi": 22, "N_inlier": 18, "refit": true}
{"timestamp": "16:19:54.502739", "frame": 111, "mu": [0.4477115903714875, 0.4472689497129384, 1.3882198531016132], "Sigma": [[0.001067348005254141, -9.07416574766419e-05, 0.0019095603398091264], [-9.074165747664179e-05, 0.003687079768334692, -0.0071332152013813405], [0.0019095603398091266, -0.007133215201381339, 0.01848440611722272]], "chi2_level": 0.95, "chi2_df": 3, "chi2_threshold": 7.814727903251179, "N_raw": 9, "N_roi": 9, "N_inlier": 7, "refit": true}
{"timestamp": "16:19:54.560883", "frame": 112, "mu": [0.3517663414037307, 0.34193939420667835, 1.3082346032823486], "Sigma": [[0.00384913601836898, -0.0003721750614440542, 0.0027944170205912145], [-0.00037217506144405414, 0.0004022131588104909, -0.0005359811719544334], [0.0027944170205912145, -0.0005359811719544333, 0.004706447643076558]], "chi2_level": 0.95, "chi2_df": 3, "chi2_threshold": 7.814727903251179, "N_raw": 30, "N_roi": 30, "N_inlier": 25, "refit": true}
{"timestamp": "16:19:54.612442", "frame": 113, "mu": [0.463814231286695, 0.31803745557528723, 1.0529364207240919], "Sigma": [[0.008198287757200077, -0.003370398514506951, -0.04475637500216332], [-0.003370398514506951, 0.0070507651855985995, 0.03755129308847431], [-0.044756375002163326, 0.03755129308847431, 0.31190505055921713]], "chi2_level": 0.95, "chi2_df": 3, "chi2_threshold": 7.814727903251179, "N_raw": 12, "N_roi": 12, "N_inlier": 11, "refit": true}
{"timestamp": "16:19:54.667219", "frame": 114, "mu": [0.4521638527789438, 0.29036247098272194, 1.0437333102013504], "Sigma": [[0.004273960909375149, 0.0036498894445959724, 0.015113759334185385], [0.0036498894445959724, 0.004790882798686664, -0.004012217705013775], [0.015113759334185385, -0.004012217705013775, 0.29249158239630846]], "chi2_level": 0.95, "chi2_df": 3, "chi2_threshold": 7.814727903251179, "N_raw": 7, "N_roi": 7, "N_inlier": 7, "refit": true}
{"timestamp": "16:19:54.890339", "frame": 118, "mu": [0.5064023504533247, 0.22649816369503353, 1.3747610323813306], "Sigma": [[0.0017496415178667737, 0.0004289485083388587, -0.0011044914552622884], [0.0004289485083388587, 0.0006049241746908608, -0.0006489805187520428], [-0.0011044914552622884, -0.0006489805187520428, 0.001387819451925091]], "chi2_level": 0.95, "chi2_df": 3, "chi2_threshold": 7.814727903251179, "N_raw": 23, "N_roi": 23, "N_inlier": 22, "refit": true}
{"timestamp": "16:19:54.945560", "frame": 119, "mu": [0.47992926601795066, 0.20711160145164853, 1.3710794553931622], "Sigma": [[0.001137030636454832, 3.779597876777412e-05, -0.0008129749534905369], [3.779597876777414e-05, 0.0034035595376590367, -0.0015075494031252727], [-0.0008129749534905369, -0.0015075494031252727, 0.0013790954918929726]], "chi2_level": 0.95, "chi2_df": 3, "chi2_threshold": 7.814727903251179, "N_raw": 29, "N_roi": 29, "N_inlier": 28, "refit": true}
{"timestamp": "16:19:55.217263", "frame": 124, "mu": [0.5361607254038451, 0.18217506847115736, 1.3833382697246712], "Sigma": [[0.0027713397369005274, -0.0004978781716924381, -0.0009694788114882749], [-0.0004978781716924383, 0.0005345739347038849, -9.568780746351637e-05], [-0.000969478811488275, -9.568780746351637e-05, 0.0006141825221462802]], "chi2_level": 0.95, "chi2_df": 3, "chi2_threshold": 7.814727903251179, "N_raw": 10, "N_roi": 10, "N_inlier": 9, "refit": true}
{"timestamp": "16:19:55.391120", "frame": 125, "mu": [0.5535102728261381, 0.170528065493496, 1.36285311559865], "Sigma": [[0.0017187694717193504, -0.000801121374311295, -0.0008059443255960695], [-0.0008011213743112949, 0.0014382289048658744, 5.244759953381875e-05], [-0.0008059443255960694, 5.2447599533818784e-05, 0.0005646643595257016]], "chi2_level": 0.95, "chi2_df": 3, "chi2_threshold": 7.814727903251179, "N_raw": 13, "N_roi": 13, "N_inlier": 11, "refit": true}
{"timestamp": "16:19:55.400826", "frame": 126, "mu": [0.5592665940050556, 0.16019342954663277, 1.3719544963861803], "Sigma": [[0.0011706581129930403, -0.0006352977882805457, -0.0005346803060652152], [-0.0006352977882805457, 0.0012637001987417119, -0.00042559068872940787], [-0.0005346803060652152, -0.0004255906887294078, 0.0008058739664489425]], "chi2_level": 0.95, "chi2_df": 3, "chi2_threshold": 7.814727903251179, "N_raw": 21, "N_roi": 19, "N_inlier": 18, "refit": true}
