{"timestamp": "17:02:15.686780", "frame": 1, "mu": [0.9067121777643579, 1.2023280792750441, 1.5316790983913513], "Sigma": [[0.0038703224579633797, -0.0013030183252823668, -0.0015300526088801289], [-0.0013030183252823666, 0.004750576756431662, 0.000652230520527033], [-0.0015300526088801289, 0.0006522305205270331, 0.0007530354459469418]], "chi2_level": 0.95, "chi2_df": 3, "chi2_threshold": 7.814727903251179, "N_raw": 38, "N_roi": 38, "N_inlier": 36, "refit": true}
{"timestamp": "17:02:15.742333", "frame": 2, "mu": [0.8922705995565439, 1.2009856945871227, 1.5144504467873259], "Sigma": [[0.0055535575061046285, -0.0011771308743866835, -0.00323551844763899], [-0.0011771308743866835, 0.0032982246682554247, 0.0001784126726948184], [-0.0032355184476389903, 0.00017841267269481839, 0.002689827475351509]], "chi2_level": 0.95, "chi2_df": 3, "chi2_threshold": 7.814727903251179, "N_raw": 37, "N_roi": 37, "N_inlier": 35, "refit": true}
{"timestamp": "17:02:15.792321", "frame": 3, "mu": [0.9663058409283837, 1.1668277561078968, 1.4632021818968426], "Sigma": [[0.006080205094770308, -0.0007647944856169061, -0.0052570422976351925], [-0.0007647944856169061, 0.0007569947839133609, 0.0004940556820311984], [-0.005257042297635192, 0.0004940556820311984, 0.004741090290878958]], "chi2_level": 0.95, "chi2_df": 3, "chi2_threshold": 7.814727903251179, "N_raw": 12, "N_roi": 12, "N_inlier": 11, "refit": true}
{"timestamp": "17:02:15.847925", "frame": 4, "mu": [1.0360858489928937, 1.3458826094049756, -0.32201692853614866], "Sigma": [[0.004688961307222042, 0.003300974095391361, -0.003784109413193914], [0.0033009740953913614, 0.01892514440991385, -0.011740049165263005], [-0.003784109413193914, -0.011740049165263007, 0.009739347262711681]], "chi2_level": 0.95, "chi2_df": 3, "chi2_threshold": 7.814727903251179, "N_raw": 8, "N_roi": 8, "N_inlier": 8, "refit": true}
{"timestamp": "17:02:15.905099", "frame": 5, "mu": [1.1245610274441065, 1.083849316247053, 1.2467407353315219], "Sigma": [[0.0042417300568045055, -0.003265718235597931, -0.000781663338425299], [-0.003265718235597931, 0.011108169224153275, -0.010738832901657197], [-0.0007816633384252991, -0.010738832901657197, 0.016962570361457346]], "chi2_level": 0.95, "chi2_df": 3, "chi2_threshold": 7.814727903251179, "N_raw": 26, "N_roi": 26, "N_inlier": 25, "refit": true}
{"timestamp": "17:02:15.958526", "frame": 6, "mu": [0.9006855073702307, 1.1736545054791465, 1.505042170601264], "Sigma": [[0.01529760906204071, -0.005669491228367555, -0.01495367120402764], [-0.005669491228367555, 0.003915888403831349, 0.005730225522914057], [-0.014953671204027639, 0.005730225522914056, 0.015206134303914704]], "chi2_level": 0.95, "chi2_df": 3, "chi2_threshold": 7.814727903251179, "N_raw": 14, "N_roi": 14, "N_inlier": 11, "refit": true}
{"timestamp": "17:02:16.013872", "frame": 7, "mu": [0.8998379041946549, 1.2515846273290334, 1.4793619877403896], "Sigma": [[0.004594766106539953, 0.0018245493450761842, -0.008343583002387165], [0.001824549345076184, 0.001938517245046546, -0.003679873807666321], [-0.008343583002387165, -0.003679873807666321, 0.01924352151789918]], "chi2_level": 0.95, "chi2_df": 3, "chi2_threshold": 7.814727903251179, "N_raw": 16, "N_roi": 16, "N_inlier": 14, "refit": true}
{"timestamp": "17:02:16.069556", "frame": 8, "mu": [0.9441604729687151, 1.2652836370516753, 1.2145451119612696], "Sigma": [[0.006063965540081785, -0.0031601513448848125, 0.0033448918922759346], [-0.0031601513448848125, 0.009951021800922883, -0.014074976487750905], [0.0033448918922759337, -0.014074976487750905, 0.02720132570989626]], "chi2_level": 0.95, "chi2_df": 3, "chi2_threshold": 7.814727903251179, "N_raw": 13, "N_roi": 13, "N_inlier": 12, "refit": true}
{"timestamp": "17:02:16.127990", "frame": 9, "mu": [0.9548763182865282, 1.3394238811311614, 1.23207745001684], "Sigma": [[0.004048776708551708, 0.0003537163149565086, -0.004136301862240024], [0.0003537163149565087, 0.009418943337192693, -0.013501802507157943], [-0.004136301862240024, -0.013501802507157944, 0.028331678497178922]], "chi2_level": 0.95, "chi2_df": 3, "chi2_threshold": 7.814727903251179, "N_raw": 42, "N_roi": 42, "N_inlier": 41, "refit": true}
{"timestamp": "17:02:16.179526", "frame": 10, "mu": [0.9843196609878124, 1.339875743374259, 1.2206057733191487], "Sigma": [[0.005138546684722863, 0.002985907475676309, -0.011304799117591597], [0.002985907475676309, 0.004727836907560374, -0.010937072572151601], [-0.011304799117591597, -0.010937072572151601, 0.05083094746500814]], "chi2_level": 0.95, "chi2_df": 3, "chi2_threshold": 7.814727903251179, "N_raw": 15, "N_roi": 15, "N_inlier": 15, "refit": true}
{"timestamp": "17:02:16.232981", "frame": 11, "mu": [1.0155918370436288, 1.1863208907575378, 1.3633253246131258], "Sigma": [[0.011976803554567511, -0.003900928374500013, -0.0038089453749849136], [-0.0039009283745000127, 0.01175548761028421, -0.011258521916548362], [-0.0038089453749849136, -0.011258521916548362, 0.018800294539984767]], "chi2_level": 0.95, "chi2_df": 3, "chi2_threshold": 7.814727903251179, "N_raw": 7, "N_roi": 7, "N_inlier": 7, "refit": true}
{"timestamp": "17:02:16.288194", "frame": 12, "mu": [0.8674111143387216, 1.302427125481048, 1.5395560219266866], "Sigma": [[0.0026222813172836696, 0.0018364011983026188, -0.0021538185253741635], [0.0018364011983026188, 0.0037094756859163535, -0.0017601397010251238], [-0.0021538185253741635, -0.0017601397010251242, 0.0030262525308224655]], "chi2_level": 0.95, "chi2_df": 3, "chi2_threshold": 7.814727903251179, "N_raw": 16, "N_roi": 16, "N_inlier": 15, "refit": true}
{"timestamp": "17:02:16.342528", "frame": 13, "mu": [0.8921922254788867, 1.3643882945489902, 1.5436166059037255], "Sigma": [[0.0025696060113754872, 0.0008465307882187397, -0.003039040955796881], [0.0008465307882187395, 0.004529983054607175, -0.001299055477643049], [-0.003039040955796881, -0.001299055477643049, 0.00489315291399754]], "chi2_level": 0.95, "chi2_df": 3, "chi2_threshold": 7.814727903251179, "N_raw": 10, "N_roi": 10, "N_inlier": 10, "refit": true}
{"timestamp": "17:02:16.397965", "frame": 14, "mu": [0.9696525071326604, 1.3507847725973754, 1.3055255087399005], "Sigma": [[0.009687853137881241, -0.0004934992455214577, -0.0237606825317623], [-0.000493499245521458, 0.005223746185725406, 0.006096506503826422], [-0.023760682531762306, 0.00609650650382642, 0.0820477682070033]], "chi2_level": 0.95, "chi2_df": 3, "chi2_threshold": 7.814727903251179, "N_raw": 10, "N_roi": 10, "N_inlier": 9, "refit": true}
{"timestamp": "17:02:16.455214", "frame": 15, "mu": [0.8747384341276129, 1.629482179099863, -0.3378231456004044], "Sigma": [[0.006539210494847265, -0.008983124661688133, 0.005326700635984184], [-0.008983124661688132, 0.018640042488733907, -0.010954684542037497], [0.005326700635984184, -0.0109546845420375, 0.012557814075703803]], "chi2_level": 0.95, "chi2_df": 3, "chi2_threshold": 7.814727903251179, "N_raw": 20, "N_roi": 20, "N_inlier": 17, "refit": true}
{"timestamp": "17:02:16.513098", "frame": 16, "mu": [0.9176701439649756, 1.4709030837122379, 1.3613109181496255], "Sigma": [[0.010831590563779695, -0.005706074301349532, -0.020118319077963458], [-0.005706074301349532, 0.003840041137887463, 0.010082865012530936], [-0.020118319077963458, 0.010082865012530936, 0.04733506815704987]], "chi2_level": 0.95, "chi2_df": 3, "chi2_threshold": 7.814727903251179, "N_raw": 48, "N_roi": 48, "N_inlier": 44, "refit": true}
{"timestamp": "17:02:16.561959", "frame": 17, "mu": [1.0196890204260416, 1.2078894036431134, 1.2059689398455729], "Sigma": [[0.005891487614783488, -0.006725922901171142, -0.023241205440198805], [-0.006725922901171142, 0.013765067195073394, 0.033829359114048746], [-0.023241205440198805, 0.033829359114048746, 0.10104533917244204]], "chi2_level": 0.95, "chi2_df": 3, "chi2_threshold": 7.814727903251179, "N_raw": 6, "N_roi": 6, "N_inlier": 6, "refit": true}
{"timestamp": "17:02:16.618189", "frame": 18, "mu": [0.9974173767368449, 1.4287637333022543, -0.3430893730797955], "Sigma": [[0.011717759245591751, -0.0050872638100087925, -0.012676574586984365], [-0.0050872638100087925, 0.019661287104936892, -0.007524925579043288], [-0.012676574586984363, -0.007524925579043288, 0.024909546885596996]], "chi2_level": 0.95, "chi2_df": 3, "chi2_threshold": 7.814727903251179, "N_raw": 9, "N_roi": 9, "N_inlier": 8, "refit": true}
{"timestamp": "17:02:16.681252", "frame": 19, "mu": [0.9184486926302334, 1.370234392319579, 1.3915273314022905], "Sigma": [[0.004414727034487908, -0.002287586446693632, 0.0005469659922884104], [-0.0022875864466936316, 0.011043192099871826, -0.012573286940736244], [0.0005469659922884098, -0.012573286940736244, 0.034045237010968704]], "chi2_level": 0.95, "chi2_df": 3, "chi2_threshold": 7.814727903251179, "N_raw": 64, "N_roi": 64, "N_inlier": 61, "refit": true}
{"timestamp": "17:02:16.738537", "frame": 20, "mu": [0.9367862134394142, 1.3662880778880966, 1.2804868204354458], "Sigma": [[0.005378095167712721, -0.0007170403172323927, -0.0077848841459214205], [-0.0007170403172323927, 0.004716723812474249, -0.006856550939457216], [-0.007784884145921421, -0.006856550939457216, 0.043906466099654554]], "chi2_level": 0.95, "chi2_df": 3, "chi2_threshold": 7.814727903251179, "N_raw": 67, "N_roi": 67, "N_inlier": 67, "refit": true}
{"timestamp": "17:02:16.785650", "frame": 21, "mu": [0.8674517415367995, 1.339528729302586, 1.119641785890795], "Sigma": [[0.013105269127276152, -0.011214955667347717, -0.05645227174294898], [-0.011214955667347717, 0.04313346996734154, 0.13088188576150095], [-0.05645227174294898, 0.13088188576150095, 0.46619113729914224]], "chi2_level": 0.95, "chi2_df": 3, "chi2_threshold": 7.814727903251179, "N_raw": 10, "N_roi": 10, "N_inlier": 10, "refit": true}
{"timestamp": "17:02:16.848261", "frame": 22, "mu": [0.9259982645531611, 1.2517805908258899, 1.3734292032877722], "Sigma": [[0.005832395533930972, -0.0029500029861947528, -0.005123541050740601], [-0.0029500029861947528, 0.008224542354115726, 0.0015934860769419913], [-0.005123541050740601, 0.0015934860769419913, 0.013972940938326154]], "chi2_level": 0.95, "chi2_df": 3, "chi2_threshold": 7.814727903251179, "N_raw": 70, "N_roi": 67, "N_inlier": 62, "refit": true}
{"timestamp": "17:02:16.897057", "frame": 23, "mu": [0.9674665429982882, 1.1291708072539326, 0.9231984998025433], "Sigma": [[0.007831863793706035, -0.008374863349562715, -0.03608600607070059], [-0.008374863349562715, 0.05286460832187215, 0.12094502264341583], [-0.03608600607070058, 0.12094502264341583, 0.41535646675620463]], "chi2_level": 0.95, "chi2_df": 3, "chi2_threshold": 7.814727903251179, "N_raw": 13, "N_roi": 11, "N_inlier": 11, "refit": true}
{"timestamp": "17:02:16.954884", "frame": 24, "mu": [0.9516890756464901, 1.2396268024651595, 1.1615456036607243], "Sigma": [[0.006230292017609318, 0.0034998325597673406, -0.01127117827951965], [0.0034998325597673406, 0.010432955828206695, -0.018535995135293585], [-0.01127117827951965, -0.018535995135293585, 0.04129670073381027]], "chi2_level": 0.95, "chi2_df": 3, "chi2_threshold": 7.814727903251179, "N_raw": 45, "N_roi": 45, "N_inlier": 41, "refit": true}
{"timestamp": "17:02:17.016148", "frame": 25, "mu": [0.8882109559950745, 1.1870112057687523, 1.3293351113414071], "Sigma": [[0.009179908403824844, -0.004820680709249127, -0.005280460054064106], [-0.004820680709249128, 0.009083524176028113, -0.0009322063234208549], [-0.005280460054064106, -0.0009322063234208546, 0.014181149025856389]], "chi2_level": 0.95, "chi2_df": 3, "chi2_threshold": 7.814727903251179, "N_raw": 83, "N_roi": 83, "N_inlier": 80, "refit": true}
{"timestamp": "17:02:17.062306", "frame": 26, "mu": [0.9371313137207835, 1.1069886861595326, 1.3025193138616569], "Sigma": [[0.0037517207039312996, -0.003044122021187247, -0.0024628510086415678], [-0.003044122021187247, 0.0052985126248933445, 0.0027052186196119057], [-0.0024628510086415678, 0.002705218619611906, 0.0019516245366614224]], "chi2_level": 0.95, "chi2_df": 3, "chi2_threshold": 7.814727903251179, "N_raw": 25, "N_roi": 25, "N_inlier": 22, "refit": true}
{"timestamp": "17:02:17.125258", "frame": 27, "mu": [0.7403011025984916, 1.2886862531973517, 1.1974092833031624], "Sigma": [[0.006137093789263839, -0.0018016387827192886, -0.006493560170109658], [-0.0018016387827192886, 0.0034426223410680724, -0.0011569611271963892], [-0.006493560170109658, -0.001156961127196389, 0.02955509988950401]], "chi2_level": 0.95, "chi2_df": 3, "chi2_threshold": 7.814727903251179, "N_raw": 78, "N_roi": 78, "N_inlier": 71, "refit": true}
{"timestamp": "17:02:17.176822", "frame": 28, "mu": [0.8461807815078186, 1.2773911982895703, -0.5070651817396218], "Sigma": [[0.00496180896964543, -0.006236163590417703, 0.0020035115876423327], [-0.006236163590417704, 0.012245545661875924, -0.009784997092740201], [0.0020035115876423327, -0.0097849970927402, 0.01936172480186397]], "chi2_level": 0.95, "chi2_df": 3, "chi2_threshold": 7.814727903251179, "N_raw": 41, "N_roi": 41, "N_inlier": 36, "refit": true}
{"timestamp": "17:02:17.229987", "frame": 29, "mu": [0.8172073230811869, 1.0247386802703837, 1.2976400017841652], "Sigma": [[0.0033526691927080483, 4.765154912592592e-05, -0.0016002351484103964], [4.765154912592592e-05, 0.004435814470254499, -0.00240276623305788], [-0.0016002351484103964, -0.00240276623305788, 0.0061910191302111525]], "chi2_level": 0.95, "chi2_df": 3, "chi2_threshold": 7.814727903251179, "N_raw": 44, "N_roi": 44, "N_inlier": 41, "refit": true}
{"timestamp": "17:02:17.288576", "frame": 30, "mu": [0.7623013379700888, 1.0370560179234452, 1.3387905979662449], "Sigma": [[0.004422926271691296, -0.0010830471929169365, -0.0012741414327385834], [-0.0010830471929169365, 0.005097012092980128, -0.0028437278628343286], [-0.0012741414327385834, -0.002843727862834329, 0.007380575600300815]], "chi2_level": 0.95, "chi2_df": 3, "chi2_threshold": 7.814727903251179, "N_raw": 64, "N_roi": 64, "N_inlier": 57, "refit": true}
{"timestamp": "17:02:17.345196", "frame": 31, "mu": [0.6578126728884806, 1.12873129584478, 1.3102383552498187], "Sigma": [[0.004158720967762851, -0.0012118600753711897, -0.003015666182341488], [-0.0012118600753711897, 0.0064457579626726325, -0.00951485013750164], [-0.003015666182341488, -0.00951485013750164, 0.04461714267372953]], "chi2_level": 0.95, "chi2_df": 3, "chi2_threshold": 7.814727903251179, "N_raw": 73, "N_roi": 73, "N_inlier": 69, "refit": true}
{"timestamp": "17:02:17.403358", "frame": 32, "mu": [0.675590910672339, 1.147556526869196, 1.1302807373340436], "Sigma": [[0.006537599483141134, -0.0075255591074467445, 0.009469743344040717], [-0.0075255591074467445, 0.020421926986711053, -0.022858031211488238], [0.009469743344040717, -0.02285803121148824, 0.15561979073006]], "chi2_level": 0.95, "chi2_df": 3, "chi2_threshold": 7.814727903251179, "N_raw": 92, "N_roi": 91, "N_inlier": 87, "refit": true}
{"timestamp": "17:02:17.449856", "frame": 33, "mu": [0.6032381822434192, 1.4375924897026997, -0.9292192628550976], "Sigma": [[0.008674752088972714, -0.013928622574464967, 0.005384366870706424], [-0.013928622574464967, 0.04357140846180714, -0.061221003152645455], [0.005384366870706423, -0.061221003152645455, 0.2193615180951501]], "chi2_level": 0.95, "chi2_df": 3, "chi2_threshold": 7.814727903251179, "N_raw": 29, "N_roi": 28, "N_inlier": 27, "refit": true}
{"timestamp": "17:02:17.501416", "frame": 34, "mu": [0.5783987511187606, 1.0455488950155198, 0.7548525426672366], "Sigma": [[0.017093911535949146, -0.026474373807640124, 0.015490073268277088], [-0.026474373807640124, 0.04778371700141593, -0.009166565072650498], [0.015490073268277088, -0.009166565072650503, 0.3916230991159341]], "chi2_level": 0.95, "chi2_df": 3, "chi2_threshold": 7.814727903251179, "N_raw": 13, "N_roi": 13, "N_inlier": 13, "refit": true}
{"timestamp": "17:02:17.559973", "frame": 35, "mu": [0.6518790745921563, 0.929762440935851, 1.1893674938624497], "Sigma": [[0.0033309535998136703, -0.005049880423557897, 0.0034755592042213382], [-0.005049880423557897, 0.018797440540279084, -0.014781001664455083], [0.0034755592042213387, -0.014781001664455083, 0.021530924996324252]], "chi2_level": 0.95, "chi2_df": 3, "chi2_threshold": 7.814727903251179, "N_raw": 40, "N_roi": 40, "N_inlier": 33, "refit": true}
{"timestamp": "17:02:17.615254", "frame": 36, "mu": [0.382221340817933, 1.2216320950519108, 1.3168800266139018], "Sigma": [[0.008402661233326997, -0.006895817586315751, -0.020764235328439243], [-0.006895817586315751, 0.008773530113419525, 0.013067511865964847], [-0.02076423532843924, 0.013067511865964847, 0.1668612439253975]], "chi2_level": 0.95, "chi2_df": 3, "chi2_threshold": 7.814727903251179, "N_raw": 37, "N_roi": 37, "N_inlier": 31, "refit": true}
{"timestamp": "17:02:17.670778", "frame": 37, "mu": [0.3851242676400711, 1.151092439510367, 1.3954873685922449], "Sigma": [[0.01733543207085148, -0.01742961706620642, -0.01407487865187393], [-0.01742961706620642, 0.0224003760214333, 0.009741775889077658], [-0.01407487865187393, 0.00974177588907766, 0.020720305572311647]], "chi2_level": 0.95, "chi2_df": 3, "chi2_threshold": 7.814727903251179, "N_raw": 39, "N_roi": 39, "N_inlier": 35, "refit": true}
{"timestamp": "17:02:17.729577", "frame": 38, "mu": [0.46498309399859994, 1.022599809389419, 1.2949971263217823], "Sigma": [[0.028700289407373514, -0.03531839128710081, -0.02642599037708373], [-0.035318391287100806, 0.04880141491064792, 0.03220241377746641], [-0.026425990377083725, 0.03220241377746641, 0.025428195643074643]], "chi2_level": 0.95, "chi2_df": 3, "chi2_threshold": 7.814727903251179, "N_raw": 71, "N_roi": 70, "N_inlier": 65, "refit": true}
{"timestamp": "17:02:17.783805", "frame": 39, "mu": [0.5456316275325649, 0.8480668541168184, 1.191573518978431], "Sigma": [[0.005434168587480377, -0.0018273248698507214, -0.0042520747659324605], [-0.001827324869850721, 0.003076065025327924, 0.0005111867925081579], [-0.00425207476593246, 0.000511186792508158, 0.004106231442529058]], "chi2_level": 0.95, "chi2_df": 3, "chi2_threshold": 7.814727903251179, "N_raw": 56, "N_roi": 56, "N_inlier": 51, "refit": true}
{"timestamp": "17:02:17.845291", "frame": 40, "mu": [0.346784266449481, 1.0788397521541133, 1.3269105271050505], "Sigma": [[0.029184687145989534, -0.03431764539229781, -0.02464819835131018], [-0.03431764539229781, 0.05020999613137983, 0.026880070264368734], [-0.02464819835131018, 0.026880070264368738, 0.026392687549420497]], "chi2_level": 0.95, "chi2_df": 3, "chi2_threshold": 7.814727903251179, "N_raw": 117, "N_roi": 117, "N_inlier": 113, "refit": true}
{"timestamp": "17:02:17.899592", "frame": 41, "mu": [0.31200779711936516, 1.102231231554951, 1.3280935117943424], "Sigma": [[0.022851486223638716, -0.03175973139815526, -0.020634516191013398], [-0.03175973139815526, 0.053444210595528174, 0.027246677479214214], [-0.020634516191013398, 0.027246677479214214, 0.028750418861709755]], "chi2_level": 0.95, "chi2_df": 3, "chi2_threshold": 7.814727903251179, "N_raw": 101, "N_roi": 99, "N_inlier": 95, "refit": true}
{"timestamp": "17:02:17.945581", "frame": 42, "mu": [0.2828208174249625, 1.2669214517444922, -0.6571197466776431], "Sigma": [[0.01538806956791525, -0.026907463474149663, 0.007895067914762617], [-0.026907463474149663, 0.05363931105755837, -0.023699164104082793], [0.007895067914762617, -0.023699164104082796, 0.03287014336826404]], "chi2_level": 0.95, "chi2_df": 3, "chi2_threshold": 7.814727903251179, "N_raw": 37, "N_roi": 36, "N_inlier": 33, "refit": true}
{"timestamp": "17:02:18.005921", "frame": 43, "mu": [0.1630059390744421, 1.2204283183287206, 1.089442526074917], "Sigma": [[0.01275795008842749, -0.01958058199851089, 0.0004449530762763242], [-0.019580581998510888, 0.03722326306585318, -0.012964275205571127], [0.00044495307627632477, -0.012964275205571127, 0.02743659063922301]], "chi2_level": 0.95, "chi2_df": 3, "chi2_threshold": 7.814727903251179, "N_raw": 79, "N_roi": 78, "N_inlier": 75, "refit": true}
{"timestamp": "17:02:18.062271", "frame": 44, "mu": [0.17235364752141014, 1.253007140514956, -0.41809987215844113], "Sigma": [[0.020273529536190837, -0.028972970885636093, -0.013382737349410662], [-0.028972970885636093, 0.04944055584382838, 0.012081937063820256], [-0.013382737349410662, 0.012081937063820256, 0.02439613613412358]], "chi2_level": 0.95, "chi2_df": 3, "chi2_threshold": 7.814727903251179, "N_raw": 80, "N_roi": 78, "N_inlier": 73, "refit": true}
{"timestamp": "17:02:18.121956", "frame": 45, "mu": [0.10627531598158284, 1.1293744704755182, 1.1663518582560595], "Sigma": [[0.024386560966342206, -0.028150997985581905, 0.0001376999878206911], [-0.028150997985581905, 0.04018784133362052, 0.004483839168409479], [0.00013769998782069083, 0.004483839168409479, 0.060024346408097035]], "chi2_level": 0.95, "chi2_df": 3, "chi2_threshold": 7.814727903251179, "N_raw": 120, "N_roi": 120, "N_inlier": 117, "refit": true}
{"timestamp": "17:02:18.172222", "frame": 46, "mu": [0.1277068402336861, 0.9961704526607319, 1.1763002756400067], "Sigma": [[0.02320171198263094, -0.023588785731837605, -0.0016924561013429763], [-0.023588785731837602, 0.0649259689785385, 0.07730276486384338], [-0.0016924561013429763, 0.0773027648638434, 0.16875182959824211]], "chi2_level": 0.95, "chi2_df": 3, "chi2_threshold": 7.814727903251179, "N_raw": 82, "N_roi": 80, "N_inlier": 74, "refit": true}
{"timestamp": "17:02:18.228567", "frame": 47, "mu": [0.12734587439027778, 1.0470417927430569, 1.1574985844253933], "Sigma": [[0.02477265227156707, -0.03020774493634584, 0.0061226167065228515], [-0.03020774493634584, 0.04299490005939249, -0.009811474146792157], [0.006122616706522852, -0.009811474146792157, 0.009413944150036031]], "chi2_level": 0.95, "chi2_df": 3, "chi2_threshold": 7.814727903251179, "N_raw": 94, "N_roi": 94, "N_inlier": 90, "refit": true}
{"timestamp": "17:02:18.278260", "frame": 48, "mu": [0.12421737809588365, 0.9571701537823996, 1.2032838649535798], "Sigma": [[0.010732478274358415, -0.015048364106026963, -0.003745116124301925], [-0.015048364106026965, 0.028629064751182154, 0.004077884191322826], [-0.003745116124301925, 0.004077884191322825, 0.004410019285634132]], "chi2_level": 0.95, "chi2_df": 3, "chi2_threshold": 7.814727903251179, "N_raw": 64, "N_roi": 64, "N_inlier": 60, "refit": true}
{"timestamp": "17:02:18.339682", "frame": 49, "mu": [-0.01889985538646408, 1.080223907052697, 1.296388566598548], "Sigma": [[0.0185701637180547, -0.02065802971948952, -0.016570847134565764], [-0.020658029719489525, 0.029594193288845, 0.013943566782791092], [-0.016570847134565764, 0.013943566782791093, 0.02400473919572454]], "chi2_level": 0.95, "chi2_df": 3, "chi2_threshold": 7.814727903251179, "N_raw": 107, "N_roi": 107, "N_inlier": 101, "refit": true}
{"timestamp": "17:02:18.392014", "frame": 50, "mu": [-0.10341129948500054, 1.0996463222979027, 1.1082285445646445], "Sigma": [[0.017646971123731016, -0.022360626087036626, 0.008321412461919649], [-0.022360626087036626, 0.036483406921993186, -0.006951672525649941], [0.00832141246191965, -0.006951672525649941, 0.01252196354768796]], "chi2_level": 0.95, "chi2_df": 3, "chi2_threshold": 7.814727903251179, "N_raw": 84, "N_roi": 84, "N_inlier": 80, "refit": true}
{"timestamp": "17:02:18.446731", "frame": 51, "mu": [-0.09476737033693762, 1.0628201342842996, 1.2277758853751597], "Sigma": [[0.008735725293465614, -0.012437852227099134, -0.000710455553402798], [-0.012437852227099134, 0.0248657247592002, 0.0032689732168941976], [-0.000710455553402798, 0.0032689732168941976, 0.018195277534585094]], "chi2_level": 0.95, "chi2_df": 3, "chi2_threshold": 7.814727903251179, "N_raw": 86, "N_roi": 86, "N_inlier": 83, "refit": true}
{"timestamp": "17:02:18.494454", "frame": 52, "mu": [-0.10402226710406962, 0.9079711020024737, 1.194418193027425], "Sigma": [[0.007166370987414292, -0.012905854197051642, 0.0035891992544358595], [-0.012905854197051642, 0.025794351118412627, -0.006681027931832396], [0.0035891992544358603, -0.006681027931832396, 0.09660976850098082]], "chi2_level": 0.95, "chi2_df": 3, "chi2_threshold": 7.814727903251179, "N_raw": 39, "N_roi": 39, "N_inlier": 35, "refit": true}
{"timestamp": "17:02:18.560153", "frame": 53, "mu": [-0.2520635222922661, 1.0071878020202836, 1.2738986364279588], "Sigma": [[0.023673958744905688, -0.02517451836851616, -0.007738693441169128], [-0.025174518368516155, 0.030274151759693387, 0.005913980933662618], [-0.007738693441169129, 0.005913980933662616, 0.03755624949376141]], "chi2_level": 0.95, "chi2_df": 3, "chi2_threshold": 7.814727903251179, "N_raw": 115, "N_roi": 115, "N_inlier": 112, "refit": true}
{"timestamp": "17:02:18.606869", "frame": 54, "mu": [-0.10446593504416067, 0.7940831543070705, 1.1980423980490795], "Sigma": [[0.0017839485582345006, -0.0016454830155280616, -0.0018039802288902364], [-0.001645483015528062, 0.005472651822214081, 0.0009778872825145575], [-0.0018039802288902361, 0.0009778872825145575, 0.002451369313040403]], "chi2_level": 0.95, "chi2_df": 3, "chi2_threshold": 7.814727903251179, "N_raw": 47, "N_roi": 47, "N_inlier": 38, "refit": true}
{"timestamp": "17:02:18.658714", "frame": 55, "mu": [-0.3260128978372082, 0.9773667395756999, 1.406532519044255], "Sigma": [[0.017792709015171944, -0.023837792531870308, -0.01811305146122294], [-0.023837792531870308, 0.03687797749248221, 0.024940452483336605], [-0.01811305146122294, 0.024940452483336602, 0.019448619443493013]], "chi2_level": 0.95, "chi2_df": 3, "chi2_threshold": 7.814727903251179, "N_raw": 41, "N_roi": 41, "N_inlier": 38, "refit": true}
{"timestamp": "17:02:18.727487", "frame": 56, "mu": [-0.41229048663892653, 1.0527968525689557, 1.2996865775218203], "Sigma": [[0.016298822445837313, -0.017591401540055757, 0.00014051389619566508], [-0.017591401540055757, 0.025081574763084483, 0.0012603632134432926], [0.00014051389619566487, 0.0012603632134432921, 0.029605280711580622]], "chi2_level": 0.95, "chi2_df": 3, "chi2_threshold": 7.814727903251179, "N_raw": 131, "N_roi": 131, "N_inlier": 131, "refit": true}
{"timestamp": "17:02:18.777856", "frame": 57, "mu": [-0.4210013912165346, 1.0994821378659427, 0.13206737318721984], "Sigma": [[0.015475191339458192, -0.02112813833410398, 0.06314969698853856], [-0.02112813833410398, 0.042137000241079726, -0.11879823677154008], [0.06314969698853856, -0.11879823677154008, 0.3610778188467388]], "chi2_level": 0.95, "chi2_df": 3, "chi2_threshold": 7.814727903251179, "N_raw": 90, "N_roi": 90, "N_inlier": 88, "refit": true}
{"timestamp": "17:02:18.839490", "frame": 58, "mu": [-0.3611385691047746, 0.9281136483322492, 1.2929828941100552], "Sigma": [[0.01900742798444443, -0.021032067824988968, -0.020948418255530475], [-0.021032067824988968, 0.032916190831227515, 0.016832343893416285], [-0.020948418255530475, 0.01683234389341628, 0.03801505108178521]], "chi2_level": 0.95, "chi2_df": 3, "chi2_threshold": 7.814727903251179, "N_raw": 130, "N_roi": 128, "N_inlier": 123, "refit": true}
{"timestamp": "17:02:18.890672", "frame": 59, "mu": [-0.42174246333709714, 0.9443335159215557, 1.3805504070050956], "Sigma": [[0.024047247723637477, -0.029275191143838843, -0.026143034972293092], [-0.029275191143838843, 0.04288292582237404, 0.030712908162948683], [-0.02614303497229309, 0.030712908162948683, 0.031429218315398855]], "chi2_level": 0.95, "chi2_df": 3, "chi2_threshold": 7.814727903251179, "N_raw": 119, "N_roi": 119, "N_inlier": 117, "refit": true}
{"timestamp": "17:02:18.946602", "frame": 60, "mu": [-0.48183335882908757, 0.954173593976634, 1.377737348473944], "Sigma": [[0.02372929361806645, -0.025509960930907613, -0.023107937661812794], [-0.025509960930907613, 0.03360976510888952, 0.02338542715626047], [-0.023107937661812794, 0.02338542715626047, 0.02617373346968068]], "chi2_level": 0.95, "chi2_df": 3, "chi2_threshold": 7.814727903251179, "N_raw": 115, "N_roi": 115, "N_inlier": 110, "refit": true}
{"timestamp": "17:02:19.001390", "frame": 61, "mu": [-0.5404923490397833, 0.9632039213581123, 1.415522184194975], "Sigma": [[0.020904815705630346, -0.02477997045398328, -0.022210791140418247], [-0.02477997045398328, 0.0357559568699783, 0.025863117475924558], [-0.022210791140418244, 0.02586311747592456, 0.0269829034342767]], "chi2_level": 0.95, "chi2_df": 3, "chi2_threshold": 7.814727903251179, "N_raw": 111, "N_roi": 111, "N_inlier": 104, "refit": true}
{"timestamp": "17:02:19.052663", "frame": 62, "mu": [-0.6659246414993596, 1.136060267667455, 1.5491871875574665], "Sigma": [[0.00776105515099316, 8.987923398576524e-05, -0.005843315863264641], [8.987923398576535e-05, 0.0067101926447044715, -0.0043326116306218465], [-0.005843315863264641, -0.0043326116306218465, 0.00771206906696965]], "chi2_level": 0.95, "chi2_df": 3, "chi2_threshold": 7.814727903251179, "N_raw": 97, "N_roi": 97, "N_inlier": 82, "refit": true}
{"timestamp": "17:02:19.105423", "frame": 63, "mu": [-0.6751267619752772, 1.1697270995476696, 1.5283363057608281], "Sigma": [[0.005853850581991512, -0.0007684710257182168, -0.0035494004280327398], [-0.0007684710257182168, 0.003843742080493261, -0.0025286751803259688], [-0.0035494004280327393, -0.0025286751803259688, 0.005037290146910037]], "chi2_level": 0.95, "chi2_df": 3, "chi2_threshold": 7.814727903251179, "N_raw": 70, "N_roi": 70, "N_inlier": 65, "refit": true}
{"timestamp": "17:02:19.169096", "frame": 64, "mu": [-0.6957458214198198, 1.1281057071796319, 1.3789709292077967], "Sigma": [[0.011245206440801613, -0.000472273215917426, -0.019733295613600613], [-0.00047227321591742624, 0.00930121307668299, 0.009130451097838062], [-0.019733295613600613, 0.009130451097838062, 0.07247411454098221]], "chi2_level": 0.95, "chi2_df": 3, "chi2_threshold": 7.814727903251179, "N_raw": 107, "N_roi": 107, "N_inlier": 93, "refit": true}
{"timestamp": "17:02:19.218342", "frame": 65, "mu": [-0.8687459236309687, 1.0965000984719258, 1.5689457245001233], "Sigma": [[0.04731502067251138, 0.015332919735743899, -0.06096103199313335], [0.015332919735743897, 0.015921742470465468, -0.010047262213990302], [-0.06096103199313335, -0.0100472622139903, 0.11330034576324058]], "chi2_level": 0.95, "chi2_df": 3, "chi2_threshold": 7.814727903251179, "N_raw": 92, "N_roi": 92, "N_inlier": 88, "refit": true}
{"timestamp": "17:02:19.271711", "frame": 66, "mu": [-0.9130012742361437, 1.1080340524899568, 1.6008875757460503], "Sigma": [[0.05686254725619902, 0.026766274074441522, -0.05974451286381015], [0.026766274074441522, 0.019397064415892975, -0.02131428891981035], [-0.05974451286381015, -0.021314288919810347, 0.08543075119262611]], "chi2_level": 0.95, "chi2_df": 3, "chi2_threshold": 7.814727903251179, "N_raw": 86, "N_roi": 85, "N_inlier": 80, "refit": true}
{"timestamp": "17:02:19.326952", "frame": 67, "mu": [-0.9786217001576751, 1.00979362894825, 1.4966611319026575], "Sigma": [[0.07242017737016877, 0.01700671834616343, -0.11175646520651425], [0.01700671834616343, 0.009898673620760893, -0.016592938997551376], [-0.11175646520651425, -0.016592938997551376, 0.22362368687581866]], "chi2_level": 0.95, "chi2_df": 3, "chi2_threshold": 7.814727903251179, "N_raw": 89, "N_roi": 89, "N_inlier": 83, "refit": true}
{"timestamp": "17:02:19.382822", "frame": 68, "mu": [-1.1100028964272959, 1.0386730382388707, 1.723837041925196], "Sigma": [[0.03561272811495794, 0.018685096538207532, -0.022748782244547093], [0.018685096538207532, 0.01755193519487895, -0.014464911455706799], [-0.02274878224454709, -0.014464911455706799, 0.02124567054309877]], "chi2_level": 0.95, "chi2_df": 3, "chi2_threshold": 7.814727903251179, "N_raw": 97, "N_roi": 97, "N_inlier": 86, "refit": true}
{"timestamp": "17:02:19.432600", "frame": 69, "mu": [-1.1337891676517273, 1.0536040733173566, 1.7427129703067732], "Sigma": [[0.034266589542533116, 0.017855683171490836, -0.023095406068560913], [0.01785568317149084, 0.01597018585126541, -0.01267016403719041], [-0.023095406068560913, -0.012670164037190408, 0.018033470107536614]], "chi2_level": 0.95, "chi2_df": 3, "chi2_threshold": 7.814727903251179, "N_raw": 61, "N_roi": 61, "N_inlier": 57, "refit": true}
{"timestamp": "17:02:19.484165", "frame": 70, "mu": [-1.0571687757441766, 1.1731667401006018, 1.7404882922277183], "Sigma": [[0.03508166896585422, 0.02316314472926849, -0.027348405605285453], [0.02316314472926849, 0.018170046042470113, -0.01873968600262751], [-0.027348405605285446, -0.018739686002627515, 0.021894530509926687]], "chi2_level": 0.95, "chi2_df": 3, "chi2_threshold": 7.814727903251179, "N_raw": 42, "N_roi": 42, "N_inlier": 39, "refit": true}
{"timestamp": "17:02:19.542082", "frame": 71, "mu": [-1.0187573286535379, 1.1356844365548264, 1.6075907752388534], "Sigma": [[0.03748596755519863, 0.02344924219903781, -0.0303641975380326], [0.02344924219903781, 0.02924161607990825, -0.014211013442183222], [-0.0303641975380326, -0.014211013442183222, 0.029287396330184103]], "chi2_level": 0.95, "chi2_df": 3, "chi2_threshold": 7.814727903251179, "N_raw": 63, "N_roi": 63, "N_inlier": 59, "refit": true}
{"timestamp": "17:02:19.593429", "frame": 72, "mu": [-0.9370025878669486, 1.1901222237924056, 1.4538160844163073], "Sigma": [[0.0028140914755415717, 0.0008549392965644131, -0.002165798059730939], [0.000854939296564413, 0.007599027768947161, 0.00040310325615020514], [-0.002165798059730939, 0.00040310325615020525, 0.0037452260523695375]], "chi2_level": 0.95, "chi2_df": 3, "chi2_threshold": 7.814727903251179, "N_raw": 32, "N_roi": 32, "N_inlier": 27, "refit": true}
{"timestamp": "17:02:19.653692", "frame": 73, "mu": [-1.2192084625799695, 1.0339315487377947, 1.6647741868029584], "Sigma": [[0.02359275926061584, 0.012734957901820707, -0.015068682455931919], [0.012734957901820707, 0.027187030724317718, -0.0046908472705176904], [-0.015068682455931919, -0.0046908472705176904, 0.013342196754168947]], "chi2_level": 0.95, "chi2_df": 3, "chi2_threshold": 7.814727903251179, "N_raw": 66, "N_roi": 66, "N_inlier": 64, "refit": true}
{"timestamp": "17:02:19.717888", "frame": 74, "mu": [-1.2280614056965005, 1.1250504804645391, 1.6697749865253362], "Sigma": [[0.023980216624359105, 0.012000958709814115, -0.014946299983597321], [0.012000958709814115, 0.015913697784121262, -0.011316617860884332], [-0.01494629998359732, -0.011316617860884332, 0.011829180026056351]], "chi2_level": 0.95, "chi2_df": 3, "chi2_threshold": 7.814727903251179, "N_raw": 130, "N_roi": 130, "N_inlier": 124, "refit": true}
{"timestamp": "17:02:19.770751", "frame": 75, "mu": [-1.280014957221553, 1.0291313852937671, 1.6476304816790224], "Sigma": [[0.013969551434847162, 0.0072751468242600046, -0.01040458451798026], [0.007275146824260005, 0.030805532587329952, 0.004125890119649176], [-0.01040458451798026, 0.004125890119649176, 0.013355148302309909]], "chi2_level": 0.95, "chi2_df": 3, "chi2_threshold": 7.814727903251179, "N_raw": 110, "N_roi": 110, "N_inlier": 108, "refit": true}
{"timestamp": "17:02:19.825880", "frame": 76, "mu": [-1.3192127213955727, 0.9168407767956777, 1.5486256736511752], "Sigma": [[0.018356490672382746, 0.005516787118975748, -0.013586716137342036], [0.005516787118975748, 0.04844475072031153, 0.028388894636254297], [-0.013586716137342036, 0.028388894636254297, 0.03674534553022147]], "chi2_level": 0.95, "chi2_df": 3, "chi2_threshold": 7.814727903251179, "N_raw": 117, "N_roi": 117, "N_inlier": 116, "refit": true}
{"timestamp": "17:02:19.883841", "frame": 77, "mu": [-1.2492769727655473, 1.0210009839880216, 1.286940024720349], "Sigma": [[0.04327393367906128, 0.033864847643646195, -0.09207432139350824], [0.0338648476436462, 0.06512371822572754, -0.05146807620971508], [-0.09207432139350824, -0.05146807620971508, 0.24688525488411867]], "chi2_level": 0.95, "chi2_df": 3, "chi2_threshold": 7.814727903251179, "N_raw": 128, "N_roi": 128, "N_inlier": 128, "refit": true}
{"timestamp": "17:02:19.936654", "frame": 78, "mu": [-1.380385325710647, 1.0188409063656574, 1.6334197228057563], "Sigma": [[0.01396643725944863, 0.011093139659795938, -0.008839921151658887], [0.011093139659795937, 0.05422197104981725, 0.02569450379103629], [-0.008839921151658887, 0.02569450379103629, 0.03740552816740727]], "chi2_level": 0.95, "chi2_df": 3, "chi2_threshold": 7.814727903251179, "N_raw": 116, "N_roi": 116, "N_inlier": 105, "refit": true}
{"timestamp": "17:02:19.991479", "frame": 79, "mu": [-1.3618956005137464, 0.9419693721746873, 1.1722307690517588], "Sigma": [[0.05858377849219279, 0.0545863454049941, -0.09898318465343706], [0.0545863454049941, 0.08312304996228448, -0.08046303406070186], [-0.09898318465343706, -0.08046303406070186, 0.2308349752855909]], "chi2_level": 0.95, "chi2_df": 3, "chi2_threshold": 7.814727903251179, "N_raw": 116, "N_roi": 116, "N_inlier": 115, "refit": true}
{"timestamp": "17:02:20.047824", "frame": 80, "mu": [-1.3772227540386963, 0.9410189849037974, 1.203665946965433], "Sigma": [[0.04906865341383432, 0.05014158961835806, -0.04791013170543862], [0.05014158961835806, 0.0595610596484096, -0.062216273306550995], [-0.04791013170543862, -0.062216273306550995, 0.12952734185046907]], "chi2_level": 0.95, "chi2_df": 3, "chi2_threshold": 7.814727903251179, "N_raw": 133, "N_roi": 133, "N_inlier": 126, "refit": true}
{"timestamp": "17:02:20.099852", "frame": 81, "mu": [-1.4455290482917138, 0.9928947249734862, 1.1505805788800112], "Sigma": [[0.04766533461283723, 0.05306010929119918, -0.07859049373439626], [0.05306010929119918, 0.07871957326654463, -0.09445329742035452], [-0.07859049373439626, -0.09445329742035452, 0.17622587524283292]], "chi2_level": 0.95, "chi2_df": 3, "chi2_threshold": 7.814727903251179, "N_raw": 105, "N_roi": 105, "N_inlier": 102, "refit": true}
{"timestamp": "17:02:20.153065", "frame": 82, "mu": [-1.3787215629487568, 1.1216719743451808, 1.4235102164685622], "Sigma": [[0.03690604848970752, 0.02173249242914478, -0.009962098157887223], [0.02173249242914478, 0.024496964407033042, -0.0030274275888695816], [-0.009962098157887223, -0.0030274275888695816, 0.006484183391097437]], "chi2_level": 0.95, "chi2_df": 3, "chi2_threshold": 7.814727903251179, "N_raw": 98, "N_roi": 98, "N_inlier": 95, "refit": true}
{"timestamp": "17:02:20.206722", "frame": 83, "mu": [-1.4264376871848965, 1.0799500154665453, 1.3481086471515749], "Sigma": [[0.025497731753691306, 0.01950863933561144, 0.0010965298483532671], [0.01950863933561144, 0.0196749845313048, -0.0022812394208878853], [0.0010965298483532671, -0.0022812394208878853, 0.0044671340210086855]], "chi2_level": 0.95, "chi2_df": 3, "chi2_threshold": 7.814727903251179, "N_raw": 90, "N_roi": 90, "N_inlier": 84, "refit": true}
{"timestamp": "17:02:20.264296", "frame": 84, "mu": [-1.4306861401615576, 1.162486712757456, 1.4672250644053126], "Sigma": [[0.023375417601195984, 0.013350950506549778, -0.01097510127155361], [0.013350950506549778, 0.019363345855924523, -0.0048212637363175], [-0.01097510127155361, -0.004821263736317499, 0.007695097336886117]], "chi2_level": 0.95, "chi2_df": 3, "chi2_threshold": 7.814727903251179, "N_raw": 106, "N_roi": 106, "N_inlier": 97, "refit": true}
{"timestamp": "17:02:20.320555", "frame": 85, "mu": [-1.3802768379354775, 1.2213307887677578, 1.4127064930070958], "Sigma": [[0.03294202730152932, 0.021315731649483742, -0.0075698100556783965], [0.021315731649483742, 0.019206082241752624, -0.008360260799433524], [-0.0075698100556783965, -0.008360260799433524, 0.005697765767925023]], "chi2_level": 0.95, "chi2_df": 3, "chi2_threshold": 7.814727903251179, "N_raw": 121, "N_roi": 121, "N_inlier": 110, "refit": true}
{"timestamp": "17:02:20.380013", "frame": 86, "mu": [-1.4556975903785832, 1.2430941031556884, 1.4528273871437776], "Sigma": [[0.0476644335358096, 0.021759630989718587, -0.020371896219841715], [0.021759630989718587, 0.018068600285369423, -0.013670309690879548], [-0.020371896219841715, -0.013670309690879548, 0.013322363308910531]], "chi2_level": 0.95, "chi2_df": 3, "chi2_threshold": 7.814727903251179, "N_raw": 143, "N_roi": 143, "N_inlier": 140, "refit": true}
