{"timestamp": "16:55:13.043594", "frame": 42, "mu": [1.85778216659901, 0.7037876938073131, 1.4109758459465818], "Sigma": [[0.004319403307851936, 0.0027059987950407184, 0.0012448151038230533], [0.0027059987950407184, 0.00227747301381902, 0.004041384273504323], [0.0012448151038230533, 0.004041384273504322, 0.022175889634037618]], "chi2_level": 0.95, "chi2_df": 3, "chi2_threshold": 7.814727903251179, "N_raw": 5, "N_roi": 5, "N_inlier": 5, "refit": true}
{"timestamp": "16:55:13.153871", "frame": 44, "mu": [1.8269720443537116, 0.842150166759469, 1.4627374363140144], "Sigma": [[0.012373204077078608, -0.0014856076918008756, 0.006012083536902689], [-0.0014856076918008754, 0.0020397807589840264, 0.0008524673491537509], [0.006012083536902689, 0.0008524673491537507, 0.004428790123465483]], "chi2_level": 0.95, "chi2_df": 3, "chi2_threshold": 7.814727903251179, "N_raw": 5, "N_roi": 5, "N_inlier": 5, "refit": true}
{"timestamp": "16:55:13.208127", "frame": 45, "mu": [1.855699179659384, 0.8006807615368574, 1.4496308370976947], "Sigma": [[0.013006526268382857, -0.003922359305500997, 0.0018826775794356049], [-0.003922359305500996, 0.001507187663987589, -5.9099894007635484e-05], [0.001882677579435605, -5.909989400763554e-05, 0.0021071740829152657]], "chi2_level": 0.95, "chi2_df": 3, "chi2_threshold": 7.814727903251179, "N_raw": 5, "N_roi": 5, "N_inlier": 5, "refit": true}
{"timestamp": "16:55:13.373871", "frame": 48, "mu": [1.8405629184343313, 0.9553945365913894, 1.43677284363033], "Sigma": [[0.00446348181971334, 0.0026349016698990007, -2.7596928092952274e-05], [0.0026349016698990002, 0.0024792365921680656, -0.0007851282030050702], [-2.7596928092952166e-05, -0.00078512820300507, 0.004495931247351717]], "chi2_level": 0.95, "chi2_df": 3, "chi2_threshold": 7.814727903251179, "N_raw": 5, "N_roi": 5, "N_inlier": 5, "refit": true}
{"timestamp": "16:55:13.538409", "frame": 51, "mu": [1.7651237805651254, 1.0467832350199116, 1.4038233970695893], "Sigma": [[0.0065834371019509634, 0.0003889511890390868, 0.0036455509078810833], [0.0003889511890390868, 0.002152391806158711, 0.00046687545894172377], [0.0036455509078810833, 0.00046687545894172377, 0.002250652551996953]], "chi2_level": 0.95, "chi2_df": 3, "chi2_threshold": 7.814727903251179, "N_raw": 10, "N_roi": 10, "N_inlier": 10, "refit": true}
{"timestamp": "16:55:13.593929", "frame": 52, "mu": [1.7309198914432793, 1.1653557670048555, 1.3787731147208309], "Sigma": [[0.005123532611463297, 0.0036695229903274747, 0.000288809194323004], [0.0036695229903274747, 0.0028889732113427163, -0.00135237607904053], [0.0002888091943230039, -0.00135237607904053, 0.014773449604338296]], "chi2_level": 0.95, "chi2_df": 3, "chi2_threshold": 7.814727903251179, "N_raw": 6, "N_roi": 6, "N_inlier": 6, "refit": true}
{"timestamp": "16:55:13.649133", "frame": 53, "mu": [1.8109898254630459, 1.1881866840064572, 1.0776893727669123], "Sigma": [[0.022062537273820713, 0.0005642734145832065, -0.04441436095196986], [0.0005642734145832064, 0.0006547992006970027, -0.002270146563656929], [-0.044414360951969864, -0.002270146563656929, 0.12552991935213334]], "chi2_level": 0.95, "chi2_df": 3, "chi2_threshold": 7.814727903251179, "N_raw": 7, "N_roi": 7, "N_inlier": 7, "refit": true}
{"timestamp": "16:55:13.704833", "frame": 54, "mu": [1.7205232495282077, 1.2032445147823272, 1.4412585740637003], "Sigma": [[0.004034136677202671, 0.0011029639104758052, 0.0038103448372924964], [0.0011029639104758052, 0.0032142541246297706, 0.0025064289424668925], [0.0038103448372924964, 0.0025064289424668925, 0.005968325768409737]], "chi2_level": 0.95, "chi2_df": 3, "chi2_threshold": 7.814727903251179, "N_raw": 11, "N_roi": 11, "N_inlier": 10, "refit": true}
{"timestamp": "16:55:13.759871", "frame": 55, "mu": [1.7625181173436484, 1.2538160422861646, 1.4551842149094678], "Sigma": [[0.006205983989262257, -0.0007568989248015848, 0.003580565287278445], [-0.0007568989248015849, 0.003047531008655578, 0.006746142469006997], [0.003580565287278445, 0.0067461424690069965, 0.05849368532848733]], "chi2_level": 0.95, "chi2_df": 3, "chi2_threshold": 7.814727903251179, "N_raw": 11, "N_roi": 11, "N_inlier": 11, "refit": true}
{"timestamp": "16:55:13.868598", "frame": 57, "mu": [1.805371409830413, 1.3334887227605186, 1.5758641597352123], "Sigma": [[0.003417729186592858, -0.0011096084799032454, 0.0022814261141475478], [-0.0011096084799032454, 0.0013959780278105717, 0.004633375842063951], [0.0022814261141475478, 0.004633375842063951, 0.057323535509746296]], "chi2_level": 0.95, "chi2_df": 3, "chi2_threshold": 7.814727903251179, "N_raw": 6, "N_roi": 6, "N_inlier": 6, "refit": true}
{"timestamp": "16:55:13.923603", "frame": 58, "mu": [1.7283859490135507, 1.4081045392237677, 1.5262855655527456], "Sigma": [[0.01096396928621072, 0.002639492253893244, 0.005931937238977088], [0.0026394922538932435, 0.001640903412663896, 0.0013073296004056459], [0.005931937238977088, 0.001307329600405646, 0.0034103907918572097]], "chi2_level": 0.95, "chi2_df": 3, "chi2_threshold": 7.814727903251179, "N_raw": 5, "N_roi": 5, "N_inlier": 5, "refit": true}
{"timestamp": "16:55:13.978870", "frame": 59, "mu": [1.732096184208901, 1.4783062205642796, 1.5413732954248722], "Sigma": [[0.006076211700019621, -0.0006769599970928897, 3.269143468620354e-05], [-0.0006769599970928898, 0.004674421449283947, 0.015880709209028957], [3.269143468620354e-05, 0.015880709209028957, 0.07199554931730508]], "chi2_level": 0.95, "chi2_df": 3, "chi2_threshold": 7.814727903251179, "N_raw": 7, "N_roi": 7, "N_inlier": 7, "refit": true}
{"timestamp": "16:55:14.033220", "frame": 60, "mu": [1.7420438831902634, 1.53972464953373, 1.6133722199590657], "Sigma": [[0.014432172506583655, 0.00046015211478797006, 0.01046589082978545], [0.00046015211478797006, 0.0021337443417231688, 9.406059873398034e-05], [0.010465890829785449, 9.406059873398034e-05, 0.008463785893106535]], "chi2_level": 0.95, "chi2_df": 3, "chi2_threshold": 7.814727903251179, "N_raw": 8, "N_roi": 8, "N_inlier": 7, "refit": true}
{"timestamp": "16:55:14.089105", "frame": 61, "mu": [1.6475602646702838, 1.6201422717180431, 1.5846886030175933], "Sigma": [[0.008385119940255543, 0.0022919488950130617, 0.007629882663792245], [0.0022919488950130613, 0.0024797846684768295, 0.0038011816805321097], [0.007629882663792245, 0.0038011816805321097, 0.009460105345693777]], "chi2_level": 0.95, "chi2_df": 3, "chi2_threshold": 7.814727903251179, "N_raw": 9, "N_roi": 9, "N_inlier": 8, "refit": true}
{"timestamp": "16:55:14.144833", "frame": 62, "mu": [1.614835087329045, 1.6777583674905077, 1.5686688824255386], "Sigma": [[0.005634614463408985, 0.0001661729917444392, 0.005439790819931738], [0.0001661729917444392, 0.0025152535543456716, 0.002316084275580203], [0.005439790819931738, 0.002316084275580203, 0.007205769704606738]], "chi2_level": 0.95, "chi2_df": 3, "chi2_threshold": 7.814727903251179, "N_raw": 15, "N_roi": 15, "N_inlier": 12, "refit": true}
{"timestamp": "16:55:14.255903", "frame": 64, "mu": [1.7393229862209894, 1.839972053114154, -0.04449437132662559], "Sigma": [[0.003332374908100468, -0.002251365517807479, 0.0032482948085244597], [-0.002251365517807479, 0.00533969478813063, -0.012524774195271551], [0.0032482948085244597, -0.012524774195271551, 0.05903674886652262]], "chi2_level": 0.95, "chi2_df": 3, "chi2_threshold": 7.814727903251179, "N_raw": 18, "N_roi": 18, "N_inlier": 17, "refit": true}
{"timestamp": "16:55:14.308660", "frame": 65, "mu": [1.7132958434463466, 1.8137178917233057, 1.5564115410923811], "Sigma": [[0.006971322665840958, 0.002226713274960296, 0.002293600529697723], [0.0022267132749602962, 0.008138646504529801, 0.012706797479906533], [0.0022936005296977243, 0.012706797479906533, 0.04048092050990773]], "chi2_level": 0.95, "chi2_df": 3, "chi2_threshold": 7.814727903251179, "N_raw": 14, "N_roi": 11, "N_inlier": 10, "refit": true}
{"timestamp": "16:55:14.366969", "frame": 66, "mu": [1.712477082050307, 1.8158525623052755, 1.58597171603958], "Sigma": [[0.009543297036246304, 9.404594636081188e-05, 0.009467786976762264], [9.404594636081172e-05, 0.003562668096139466, 0.002297670212376653], [0.009467786976762264, 0.002297670212376653, 0.012081378354665053]], "chi2_level": 0.95, "chi2_df": 3, "chi2_threshold": 7.814727903251179, "N_raw": 29, "N_roi": 25, "N_inlier": 24, "refit": true}
{"timestamp": "16:55:14.420873", "frame": 67, "mu": [1.6789572302949052, 1.8153890446318877, 1.1862842456703273], "Sigma": [[0.003885396301432812, 0.0006266881834523179, -0.01400473714965359], [0.0006266881834523179, 0.0004221462654820377, -0.00372735235651947], [-0.01400473714965359, -0.00372735235651947, 0.08914257314974201]], "chi2_level": 0.95, "chi2_df": 3, "chi2_threshold": 7.814727903251179, "N_raw": 8, "N_roi": 5, "N_inlier": 5, "refit": true}
{"timestamp": "16:55:14.530621", "frame": 69, "mu": [1.8037738419918032, 1.880645286918244, 1.4688360898286725], "Sigma": [[0.008908768582918928, 0.001260995792242418, 0.007912774314687843], [0.001260995792242418, 0.0012744881869233549, -0.010774401146612987], [0.007912774314687843, -0.010774401146612987, 0.13822953196196694]], "chi2_level": 0.95, "chi2_df": 3, "chi2_threshold": 7.814727903251179, "N_raw": 5, "N_roi": 5, "N_inlier": 5, "refit": true}
{"timestamp": "16:55:14.643437", "frame": 71, "mu": [1.7464058370059676, 2.011439845954493, 1.5794214653511398], "Sigma": [[0.010351362472932784, -0.002863292277353052, 0.00406784293268604], [-0.002863292277353052, 0.002861307945592, -0.0006381410308771208], [0.00406784293268604, -0.000638141030877121, 0.003967741853672795]], "chi2_level": 0.95, "chi2_df": 3, "chi2_threshold": 7.814727903251179, "N_raw": 25, "N_roi": 25, "N_inlier": 23, "refit": true}
{"timestamp": "16:55:14.695845", "frame": 72, "mu": [1.6720235553612102, 2.095070682486678, 1.5693905227620328], "Sigma": [[0.009138746890174866, 0.0029796951934494584, -0.002195171985463879], [0.0029796951934494584, 0.0011421769881728848, -0.00047962182278940536], [-0.0021951719854638794, -0.00047962182278940557, 0.008176914883887462]], "chi2_level": 0.95, "chi2_df": 3, "chi2_threshold": 7.814727903251179, "N_raw": 5, "N_roi": 5, "N_inlier": 5, "refit": true}
{"timestamp": "16:55:14.804795", "frame": 74, "mu": [1.5237505321678066, 1.9117128105797363, 1.5496368923784063], "Sigma": [[0.25510376011454683, 0.317615536874271, -0.05076933671351233], [0.3176155368742711, 0.3980565965112167, -0.06574626542642048], [-0.05076933671351233, -0.06574626542642048, 0.06540469776352766]], "chi2_level": 0.95, "chi2_df": 3, "chi2_threshold": 7.814727903251179, "N_raw": 6, "N_roi": 6, "N_inlier": 6, "refit": true}
{"timestamp": "16:55:14.860463", "frame": 75, "mu": [1.6560449226244376, 2.194471663568663, 1.3158016766000098], "Sigma": [[0.0016619837605157436, -0.00039700032594595355, -0.009444432576951321], [-0.00039700032594595366, 0.001824222745308983, 0.00804814457492588], [-0.009444432576951323, 0.00804814457492588, 0.08104411422610537]], "chi2_level": 0.95, "chi2_df": 3, "chi2_threshold": 7.814727903251179, "N_raw": 5, "N_roi": 5, "N_inlier": 5, "refit": true}
{"timestamp": "16:55:14.915487", "frame": 76, "mu": [1.5545018632048255, 2.2653093582870762, 1.383687017480089], "Sigma": [[0.004782114872691096, 0.002211494032924032, -0.006255808636525187], [0.0022114940329240316, 0.001290192435068795, -0.003467586790097631], [-0.006255808636525187, -0.0034675867900976313, 0.040807265809521445]], "chi2_level": 0.95, "chi2_df": 3, "chi2_threshold": 7.814727903251179, "N_raw": 7, "N_roi": 7, "N_inlier": 6, "refit": true}
{"timestamp": "16:55:14.970508", "frame": 77, "mu": [1.7063854921858663, 2.277763296321741, 1.4583584153371634], "Sigma": [[0.014819814485435024, -0.007520126939843022, -0.05208450070243449], [-0.007520126939843022, 0.013048048491911117, 0.044909770762679935], [-0.05208450070243449, 0.044909770762679935, 0.24102414541319264]], "chi2_level": 0.95, "chi2_df": 3, "chi2_threshold": 7.814727903251179, "N_raw": 8, "N_roi": 8, "N_inlier": 8, "refit": true}
{"timestamp": "16:55:15.080926", "frame": 79, "mu": [1.6539332622103582, 2.439817341160607, 1.3642112370782038], "Sigma": [[0.012359484247900265, -0.0057286171914535606, -0.06621986611967251], [-0.005728617191453561, 0.006530618232966609, 0.029938365883744537], [-0.06621986611967251, 0.029938365883744544, 0.3842050728455391]], "chi2_level": 0.95, "chi2_df": 3, "chi2_threshold": 7.814727903251179, "N_raw": 6, "N_roi": 6, "N_inlier": 6, "refit": true}
{"timestamp": "16:55:15.135565", "frame": 80, "mu": [1.599210185605407, 2.478673337129351, 1.08987086229122], "Sigma": [[0.0015093815134617711, 0.00017943090285529574, 0.033117993996873395], [0.00017943090285529563, 0.004144911217346288, 0.011513049965260178], [0.033117993996873395, 0.011513049965260182, 0.8173418330484487]], "chi2_level": 0.95, "chi2_df": 3, "chi2_threshold": 7.814727903251179, "N_raw": 7, "N_roi": 7, "N_inlier": 6, "refit": true}
{"timestamp": "16:55:15.245844", "frame": 82, "mu": [1.576741505605604, 2.0457660159184097, 0.31938599049114735], "Sigma": [[0.0012455921418950125, 0.0033030336680174724, 0.0009341002502560446], [0.0033030336680174724, 0.42564243639114235, 0.6050085255290905], [0.0009341002502560448, 0.6050085255290905, 1.0076938025453166]], "chi2_level": 0.95, "chi2_df": 3, "chi2_threshold": 7.814727903251179, "N_raw": 8, "N_roi": 8, "N_inlier": 7, "refit": true}
{"timestamp": "16:55:15.301490", "frame": 83, "mu": [1.618849342296187, 2.5702171413039556, -0.651730452831924], "Sigma": [[0.010940939253019843, 0.0030020426624738548, -0.027115788732127444], [0.0030020426624738543, 0.05037883320952049, 0.15888142986330428], [-0.027115788732127444, 0.15888142986330428, 0.6353163048056933]], "chi2_level": 0.95, "chi2_df": 3, "chi2_threshold": 7.814727903251179, "N_raw": 11, "N_roi": 11, "N_inlier": 8, "refit": true}
{"timestamp": "16:55:15.356019", "frame": 84, "mu": [1.5805047807153665, 2.5613930352616445, 1.2691346674893578], "Sigma": [[0.0007921797857521933, 0.0009348086402029569, -0.003873110639567879], [0.0009348086402029569, 0.006458956923072118, 0.01083872810203134], [-0.00387311063956788, 0.01083872810203134, 0.06690740649007298]], "chi2_level": 0.95, "chi2_df": 3, "chi2_threshold": 7.814727903251179, "N_raw": 8, "N_roi": 6, "N_inlier": 5, "refit": true}
{"timestamp": "16:55:15.410936", "frame": 85, "mu": [1.4291795613747182, 2.361666343431091, 1.2996412602271108], "Sigma": [[0.22971777812969876, 0.37999751019028916, -0.10848577762136873], [0.37999751019028916, 0.6785754135396441, -0.1004549612873936], [-0.10848577762136874, -0.1004549612873936, 0.21065164154800703]], "chi2_level": 0.95, "chi2_df": 3, "chi2_threshold": 7.814727903251179, "N_raw": 9, "N_roi": 6, "N_inlier": 6, "refit": true}
{"timestamp": "16:55:15.465493", "frame": 86, "mu": [1.616306696050322, 2.5838221433419424, 0.8089562342286423], "Sigma": [[0.007428822823581863, -0.005493695382668466, -0.02172232166571417], [-0.005493695382668466, 0.004615503136555638, 0.016526736665179356], [-0.02172232166571417, 0.016526736665179356, 0.06528121204498893]], "chi2_level": 0.95, "chi2_df": 3, "chi2_threshold": 7.814727903251179, "N_raw": 5, "N_roi": 5, "N_inlier": 5, "refit": true}
{"timestamp": "16:55:15.521533", "frame": 87, "mu": [1.596839936521666, 2.67715058954783, 1.0699771746818296], "Sigma": [[0.004511851241117383, -0.0012283657487232307, -0.0038387557142839164], [-0.0012283657487232307, 0.0013582006347466974, -0.0004133077627185895], [-0.0038387557142839173, -0.0004133077627185896, 0.018842396437344037]], "chi2_level": 0.95, "chi2_df": 3, "chi2_threshold": 7.814727903251179, "N_raw": 13, "N_roi": 13, "N_inlier": 12, "refit": true}
{"timestamp": "16:55:15.575994", "frame": 88, "mu": [1.5961380447943228, 2.6587972727734055, 0.8632544426169488], "Sigma": [[0.010454258959276702, -0.01060144379968959, -0.03777762978262912], [-0.010601443799689591, 0.014750540295409622, 0.044938761984719355], [-0.03777762978262912, 0.044938761984719355, 0.14821783229706062]], "chi2_level": 0.95, "chi2_df": 3, "chi2_threshold": 7.814727903251179, "N_raw": 6, "N_roi": 6, "N_inlier": 6, "refit": true}
{"timestamp": "16:55:15.630665", "frame": 89, "mu": [1.6745683623629977, 2.7371385712702634, 0.8904965489629961], "Sigma": [[0.001242414194985098, -0.0008959931124266574, -0.00874014288397808], [-0.0008959931124266572, 0.0075928220933182584, 0.043646766350620064], [-0.00874014288397808, 0.043646766350620064, 0.28175099775550044]], "chi2_level": 0.95, "chi2_df": 3, "chi2_threshold": 7.814727903251179, "N_raw": 8, "N_roi": 6, "N_inlier": 6, "refit": true}
{"timestamp": "16:55:15.684989", "frame": 90, "mu": [1.4984184355315724, 2.605902048831264, 1.4625669781138109], "Sigma": [[0.2793550000670746, 0.4837354652443991, -0.07485048083820031], [0.4837354652443991, 0.8445544929978284, -0.1074803748355031], [-0.07485048083820031, -0.1074803748355031, 0.130970581239276]], "chi2_level": 0.95, "chi2_df": 3, "chi2_threshold": 7.814727903251179, "N_raw": 6, "N_roi": 6, "N_inlier": 6, "refit": true}
{"timestamp": "16:55:15.797180", "frame": 92, "mu": [1.5294407352838344, 2.94380398578306, 1.4745509343604248], "Sigma": [[0.005007069382999806, -0.0010596463117492193, 0.0011242381974137417], [-0.0010596463117492193, 0.002755786530872781, 0.0016340173977238495], [0.0011242381974137417, 0.00163401739772385, 0.0022285399145877465]], "chi2_level": 0.95, "chi2_df": 3, "chi2_threshold": 7.814727903251179, "N_raw": 17, "N_roi": 13, "N_inlier": 11, "refit": true}
{"timestamp": "16:55:15.850593", "frame": 93, "mu": [1.491586713514212, 2.9733239571810794, 1.3161587133197021], "Sigma": [[0.0017746918984478314, -0.0007774658136945737, -0.0020189514312734906], [-0.0007774658136945737, 0.0007944161677480842, -0.0007170964453311956], [-0.00201895143127349, -0.0007170964453311958, 0.015437493081891632]], "chi2_level": 0.95, "chi2_df": 3, "chi2_threshold": 7.814727903251179, "N_raw": 9, "N_roi": 9, "N_inlier": 8, "refit": true}
{"timestamp": "16:55:15.905716", "frame": 94, "mu": [1.634687239902527, 2.991845535860011, 1.0053918170446792], "Sigma": [[0.005040138445612509, 0.0010939146716244781, -0.024330952704453405], [0.0010939146716244781, 0.002868621604718573, -0.021183258612624666], [-0.024330952704453405, -0.021183258612624663, 0.32705278880720323]], "chi2_level": 0.95, "chi2_df": 3, "chi2_threshold": 7.814727903251179, "N_raw": 9, "N_roi": 7, "N_inlier": 7, "refit": true}
{"timestamp": "16:55:15.960976", "frame": 95, "mu": [1.6765335456797255, 3.049875891717528, 1.238917379306588], "Sigma": [[0.014084112169544694, -0.004089362758657653, -0.03927863932537302], [-0.004089362758657652, 0.005628784802431926, 0.020538656924500236], [-0.03927863932537302, 0.020538656924500236, 0.1387453057909104]], "chi2_level": 0.95, "chi2_df": 3, "chi2_threshold": 7.814727903251179, "N_raw": 8, "N_roi": 7, "N_inlier": 7, "refit": true}
{"timestamp": "16:55:16.016650", "frame": 96, "mu": [1.689032587843104, 3.229227518685998, -0.14276354484827042], "Sigma": [[0.008496287418537845, -0.003424048332537381, -0.0032883720239976857], [-0.003424048332537382, 0.003447683161187773, 0.002419178807791713], [-0.0032883720239976853, 0.002419178807791713, 0.004334925986045468]], "chi2_level": 0.95, "chi2_df": 3, "chi2_threshold": 7.814727903251179, "N_raw": 17, "N_roi": 17, "N_inlier": 16, "refit": true}
{"timestamp": "16:55:16.071194", "frame": 97, "mu": [1.666144784623345, 3.2304593292199932, 1.4693567903896212], "Sigma": [[0.004903170058938209, -0.002038572720403975, -0.007487107530176763], [-0.002038572720403975, 0.0015680182984346063, 0.002768069409760947], [-0.007487107530176763, 0.002768069409760947, 0.027342196879018114]], "chi2_level": 0.95, "chi2_df": 3, "chi2_threshold": 7.814727903251179, "N_raw": 12, "N_roi": 12, "N_inlier": 10, "refit": true}
{"timestamp": "16:55:16.126950", "frame": 98, "mu": [1.756234065576543, 3.1458491879043673, 1.0394993509158177], "Sigma": [[0.016096197203250263, -0.012092587022987699, -0.05812881076208225], [-0.012092587022987699, 0.010914305823962606, 0.04728662138548259], [-0.058128810762082254, 0.04728662138548259, 0.22116404597408632]], "chi2_level": 0.95, "chi2_df": 3, "chi2_threshold": 7.814727903251179, "N_raw": 11, "N_roi": 8, "N_inlier": 6, "refit": true}
{"timestamp": "16:55:16.180566", "frame": 99, "mu": [1.8071177314072515, 3.143809147736705, 0.5723538920946999], "Sigma": [[0.0014924998074700875, 0.0009300515518652016, -0.004220021513762], [0.0009300515518652016, 0.00573068770622194, -0.002244699399104776], [-0.004220021513762001, -0.002244699399104776, 0.018002501974056576]], "chi2_level": 0.95, "chi2_df": 3, "chi2_threshold": 7.814727903251179, "N_raw": 9, "N_roi": 6, "N_inlier": 6, "refit": true}
{"timestamp": "16:55:16.265315", "frame": 100, "mu": [1.6157360043211053, 3.294361307276784, 1.366218648035448], "Sigma": [[0.003931376695308936, 0.002819544493728584, -0.0009838416099364068], [0.0028195444937285843, 0.003430378086370895, -0.0027423653426295776], [-0.0009838416099364063, -0.0027423653426295776, 0.003738210356910409]], "chi2_level": 0.95, "chi2_df": 3, "chi2_threshold": 7.814727903251179, "N_raw": 7, "N_roi": 5, "N_inlier": 5, "refit": true}
{"timestamp": "16:55:16.294084", "frame": 101, "mu": [1.5730820680882256, 3.316659998874896, 1.278546904460521], "Sigma": [[0.0016891557134594245, 0.0011823050150086395, -0.005162787381722519], [0.0011823050150086395, 0.002978043848322245, -0.004973718273545811], [-0.005162787381722519, -0.004973718273545811, 0.017770142407617307]], "chi2_level": 0.95, "chi2_df": 3, "chi2_threshold": 7.814727903251179, "N_raw": 5, "N_roi": 5, "N_inlier": 5, "refit": true}
{"timestamp": "16:55:16.406592", "frame": 103, "mu": [1.6291937467209847, 3.3714502648026476, 1.1879790542958053], "Sigma": [[0.02213014257508375, -0.009378711972441976, -0.012561575343278671], [-0.009378711972441976, 0.00649140037834631, 0.0011216977815549974], [-0.012561575343278673, 0.0011216977815549976, 0.018198149634167368]], "chi2_level": 0.95, "chi2_df": 3, "chi2_threshold": 7.814727903251179, "N_raw": 49, "N_roi": 49, "N_inlier": 48, "refit": true}
{"timestamp": "16:55:16.462864", "frame": 104, "mu": [1.561390255660425, 3.444771502549997, 1.3417356824755966], "Sigma": [[0.02330246553654683, -0.008925334580102497, -0.01693226381494907], [-0.008925334580102497, 0.008172818655023823, 0.004752913281426631], [-0.01693226381494907, 0.004752913281426632, 0.019182538507082153]], "chi2_level": 0.95, "chi2_df": 3, "chi2_threshold": 7.814727903251179, "N_raw": 55, "N_roi": 55, "N_inlier": 53, "refit": true}
{"timestamp": "16:55:16.517075", "frame": 105, "mu": [1.5820049513623684, 3.463038987275294, 1.2109866735964727], "Sigma": [[0.021189270069626624, -0.008382005431995956, -0.011425986844454498], [-0.008382005431995956, 0.006705219497455302, 0.0011563632198158987], [-0.011425986844454498, 0.0011563632198158984, 0.011780447435646015]], "chi2_level": 0.95, "chi2_df": 3, "chi2_threshold": 7.814727903251179, "N_raw": 49, "N_roi": 49, "N_inlier": 48, "refit": true}
{"timestamp": "16:55:16.622167", "frame": 107, "mu": [1.6149226576162699, 3.564311233130357, 1.0857349573514317], "Sigma": [[0.004668897264122156, -0.002388608216389524, -0.004154709797445425], [-0.002388608216389524, 0.0031582145886220395, 0.0013124496550836634], [-0.004154709797445425, 0.0013124496550836631, 0.005967543915361983]], "chi2_level": 0.95, "chi2_df": 3, "chi2_threshold": 7.814727903251179, "N_raw": 15, "N_roi": 15, "N_inlier": 14, "refit": true}
{"timestamp": "16:55:16.678723", "frame": 108, "mu": [1.6534909415259214, 3.6463467994525667, 0.9785045417754741], "Sigma": [[0.017124158802077336, -0.009279341395256144, -0.012029558475839159], [-0.009279341395256142, 0.005351466135431966, 0.007349383074492048], [-0.012029558475839159, 0.007349383074492048, 0.03502404991360582]], "chi2_level": 0.95, "chi2_df": 3, "chi2_threshold": 7.814727903251179, "N_raw": 27, "N_roi": 25, "N_inlier": 24, "refit": true}
{"timestamp": "16:55:16.732049", "frame": 109, "mu": [1.6277699082466084, 3.6709797566594027, 0.9708912046519426], "Sigma": [[0.010858618014096317, -0.003920234205115359, 0.0004725985456698222], [-0.003920234205115359, 0.00239542389088561, -0.0004415883519644048], [0.0004725985456698222, -0.00044158835196440486, 0.00017051573555360624]], "chi2_level": 0.95, "chi2_df": 3, "chi2_threshold": 7.814727903251179, "N_raw": 19, "N_roi": 19, "N_inlier": 17, "refit": true}
{"timestamp": "16:55:16.788493", "frame": 110, "mu": [1.5970098155796424, 3.7332694420518897, 1.0949616527288606], "Sigma": [[0.010876536185496543, -0.003686944938794038, -0.00781807652219807], [-0.003686944938794038, 0.0025446767594830425, 0.00048709858132008895], [-0.00781807652219807, 0.00048709858132008895, 0.012095830491093479]], "chi2_level": 0.95, "chi2_df": 3, "chi2_threshold": 7.814727903251179, "N_raw": 28, "N_roi": 27, "N_inlier": 25, "refit": true}
{"timestamp": "16:55:16.843157", "frame": 111, "mu": [1.5784852787881032, 3.8211246077764347, 1.058426856412538], "Sigma": [[0.01051391338101436, -0.006667785595410888, -0.0012843976421322988], [-0.006667785595410888, 0.0048003410113347635, 2.616001978719934e-05], [-0.0012843976421322983, 2.616001978719912e-05, 0.012656365461389457]], "chi2_level": 0.95, "chi2_df": 3, "chi2_threshold": 7.814727903251179, "N_raw": 21, "N_roi": 20, "N_inlier": 18, "refit": true}
{"timestamp": "16:55:16.896797", "frame": 112, "mu": [1.6144941311776766, 3.831911382189145, 1.0986350782043932], "Sigma": [[0.007312029280729934, -0.0034859360259450857, -0.007257089505938558], [-0.0034859360259450857, 0.002187123616914851, 0.0021601840888954885], [-0.007257089505938558, 0.0021601840888954885, 0.014220239539081678]], "chi2_level": 0.95, "chi2_df": 3, "chi2_threshold": 7.814727903251179, "N_raw": 17, "N_roi": 17, "N_inlier": 15, "refit": true}
{"timestamp": "16:55:16.950605", "frame": 113, "mu": [1.5653619204812745, 3.9542738004946147, 1.3851549096491105], "Sigma": [[0.00361435885055202, 7.650709268214176e-05, -0.003299212564830339], [7.650709268214187e-05, 0.003638205498158481, -0.0026696760780677477], [-0.003299212564830339, -0.0026696760780677473, 0.0063033879568625455]], "chi2_level": 0.95, "chi2_df": 3, "chi2_threshold": 7.814727903251179, "N_raw": 8, "N_roi": 8, "N_inlier": 8, "refit": true}
{"timestamp": "16:55:17.009344", "frame": 114, "mu": [1.692139841110072, 3.9403967323213003, 1.2053474840960048], "Sigma": [[0.01682141736384337, -0.005660407794788427, -0.00790770429052219], [-0.005660407794788427, 0.0054241580184879136, 0.0032021667609998944], [-0.00790770429052219, 0.0032021667609998944, 0.00622982857030254]], "chi2_level": 0.95, "chi2_df": 3, "chi2_threshold": 7.814727903251179, "N_raw": 33, "N_roi": 33, "N_inlier": 32, "refit": true}
{"timestamp": "16:55:17.060658", "frame": 115, "mu": [1.6409224956336306, 3.970648817682957, 1.2323824946113537], "Sigma": [[0.002979909528980531, 0.0021229435587167994, -0.009330161101679332], [0.002122943558716799, 0.001813113878256585, -0.006544019956583083], [-0.009330161101679332, -0.0065440199565830835, 0.030769659026221342]], "chi2_level": 0.95, "chi2_df": 3, "chi2_threshold": 7.814727903251179, "N_raw": 5, "N_roi": 5, "N_inlier": 5, "refit": true}
{"timestamp": "16:55:17.115585", "frame": 116, "mu": [1.9382807364285106, 4.200716309600606, 0.5497031222572093], "Sigma": [[0.06822237706878159, 0.060463751058264736, 0.028762494435084586], [0.060463751058264736, 0.05418740094963933, 0.024945582608751894], [0.028762494435084586, 0.024945582608751894, 0.012626294809897253]], "chi2_level": 0.95, "chi2_df": 3, "chi2_threshold": 7.814727903251179, "N_raw": 6, "N_roi": 6, "N_inlier": 5, "refit": true}
{"timestamp": "16:55:17.280507", "frame": 119, "mu": [1.7383202179997421, 4.060516196347858, 1.0142483617236189], "Sigma": [[0.027702120857150722, -0.006678795176434701, -0.07068333161399612], [-0.006678795176434701, 0.0034318506263718578, 0.01628390652717875], [-0.07068333161399612, 0.01628390652717875, 0.18577025261340116]], "chi2_level": 0.95, "chi2_df": 3, "chi2_threshold": 7.814727903251179, "N_raw": 6, "N_roi": 6, "N_inlier": 6, "refit": true}
{"timestamp": "16:55:17.390415", "frame": 121, "mu": [1.6946580331132817, 4.172239527429802, 0.9370656202522971], "Sigma": [[0.011585414282959129, -0.0026945514487577123, -0.04065773904272995], [-0.0026945514487577123, 0.0015172160264564664, 0.011945033393842085], [-0.04065773904272995, 0.011945033393842085, 0.15489411010059387]], "chi2_level": 0.95, "chi2_df": 3, "chi2_threshold": 7.814727903251179, "N_raw": 6, "N_roi": 6, "N_inlier": 6, "refit": true}
{"timestamp": "16:55:17.555318", "frame": 124, "mu": [1.6322692900744171, 4.35498334923576, 1.202727812230078], "Sigma": [[0.01065047065742333, -1.5032831696740775e-05, -0.004361077098080008], [-1.5032831696740721e-05, 0.0016429306078116748, -0.0016403124713027862], [-0.004361077098080008, -0.0016403124713027862, 0.004770754220445706]], "chi2_level": 0.95, "chi2_df": 3, "chi2_threshold": 7.814727903251179, "N_raw": 11, "N_roi": 11, "N_inlier": 11, "refit": true}
{"timestamp": "16:55:17.611889", "frame": 125, "mu": [1.48422792073109, 4.3660463957585, 1.3591745323836313], "Sigma": [[0.008533464860104333, -0.002668322155979317, -0.002157123105754051], [-0.002668322155979317, 0.0027220588764553535, 0.00021237541454186538], [-0.0021571231057540513, 0.0002123754145418654, 0.004938119192896671]], "chi2_level": 0.95, "chi2_df": 3, "chi2_threshold": 7.814727903251179, "N_raw": 15, "N_roi": 15, "N_inlier": 14, "refit": true}
{"timestamp": "16:55:17.666957", "frame": 126, "mu": [1.6189706961925192, 4.393337079076145, 1.0449455727776815], "Sigma": [[0.012869097141165277, -0.004882882814722357, -0.006377344795426484], [-0.004882882814722357, 0.003587787712953582, 0.0020630701314544924], [-0.006377344795426484, 0.002063070131454493, 0.005063991865613686]], "chi2_level": 0.95, "chi2_df": 3, "chi2_threshold": 7.814727903251179, "N_raw": 18, "N_roi": 18, "N_inlier": 17, "refit": true}
{"timestamp": "16:55:17.721559", "frame": 127, "mu": [1.6003294580266947, 4.422686647596837, 1.0029938031013121], "Sigma": [[0.009770252723714215, -0.0031962268280572898, -0.006503048897108517], [-0.00319622682805729, 0.002698303852265194, -0.00045199671040391297], [-0.006503048897108518, -0.00045199671040391297, 0.012004072775067206]], "chi2_level": 0.95, "chi2_df": 3, "chi2_threshold": 7.814727903251179, "N_raw": 12, "N_roi": 12, "N_inlier": 11, "refit": true}
{"timestamp": "16:55:17.830245", "frame": 129, "mu": [1.4166354711145999, 4.599417959834849, 1.403155724889605], "Sigma": [[0.00014589524113674195, -0.00033928655430638666, -0.00018317750438258358], [-0.00033928655430638666, 0.0044419048718670655, -0.008056025827575194], [-0.00018317750438258363, -0.008056025827575194, 0.04127590438674807]], "chi2_level": 0.95, "chi2_df": 3, "chi2_threshold": 7.814727903251179, "N_raw": 5, "N_roi": 5, "N_inlier": 5, "refit": true}
{"timestamp": "16:55:17.885590", "frame": 130, "mu": [1.513109866928085, 4.551590092412492, 1.2834214869404106], "Sigma": [[0.013881184487951394, -0.00010644327729007286, -0.02944664698083048], [-0.00010644327729007242, 0.0012454671404579817, 0.0003975923699956631], [-0.029446646980830476, 0.00039759236999566355, 0.06388610573512374]], "chi2_level": 0.95, "chi2_df": 3, "chi2_threshold": 7.814727903251179, "N_raw": 5, "N_roi": 5, "N_inlier": 5, "refit": true}
{"timestamp": "16:55:17.995289", "frame": 132, "mu": [1.4746187744031525, 4.718912122082269, 0.3308470604700754], "Sigma": [[0.008269500168925036, 0.007660153403763548, -0.031042725313150596], [0.007660153403763548, 0.009367990680140893, -0.031042002183535537], [-0.031042725313150596, -0.031042002183535533, 0.12038929644880525]], "chi2_level": 0.95, "chi2_df": 3, "chi2_threshold": 7.814727903251179, "N_raw": 6, "N_roi": 6, "N_inlier": 6, "refit": true}
{"timestamp": "16:55:18.160883", "frame": 135, "mu": [1.4947548053696749, 4.831879821306568, 1.2162916438186933], "Sigma": [[0.012464256219355006, -0.004662044904596015, -0.006581058675847409], [-0.004662044904596015, 0.0021291705868601114, 0.002294267195577843], [-0.006581058675847409, 0.002294267195577843, 0.018230324809572738]], "chi2_level": 0.95, "chi2_df": 3, "chi2_threshold": 7.814727903251179, "N_raw": 10, "N_roi": 10, "N_inlier": 9, "refit": true}
{"timestamp": "16:55:18.215666", "frame": 136, "mu": [1.4878074532936967, 4.85095834914512, 1.005503722847092], "Sigma": [[0.001746859252497793, 0.0002401749940655483, -0.0113316602421322], [0.00024017499406554834, 0.0011664119240111755, -0.0024276173895828746], [-0.0113316602421322, -0.0024276173895828746, 0.07934026011989571]], "chi2_level": 0.95, "chi2_df": 3, "chi2_threshold": 7.814727903251179, "N_raw": 8, "N_roi": 5, "N_inlier": 5, "refit": true}
{"timestamp": "16:55:18.492713", "frame": 141, "mu": [1.616837678807103, 4.927035701500388, 1.1536766765051485], "Sigma": [[0.011361872402105249, -0.0034736366968540922, -0.005924684874222194], [-0.0034736366968540922, 0.0023591508606513796, -0.0002994867065776243], [-0.005924684874222194, -0.00029948670657762444, 0.00970229587016158]], "chi2_level": 0.95, "chi2_df": 3, "chi2_threshold": 7.814727903251179, "N_raw": 23, "N_roi": 16, "N_inlier": 15, "refit": true}
{"timestamp": "16:55:18.545480", "frame": 142, "mu": [1.5864654585466398, 4.94898396953688, 1.1764888407457472], "Sigma": [[0.010206748146406068, -0.000832914156831835, -0.007762524501288604], [-0.0008329141568318354, 0.0014967781012915021, -6.844341589394131e-07], [-0.007762524501288604, -6.844341589396299e-07, 0.008657072663570471]], "chi2_level": 0.95, "chi2_df": 3, "chi2_threshold": 7.814727903251179, "N_raw": 11, "N_roi": 8, "N_inlier": 8, "refit": true}
