{"timestamp": "16:52:38.889201", "frame": 21, "mu": [-2.3362804959937886, 4.945711756511809, 0.5787232414622239], "Sigma": [[0.010407337042017507, 0.0015315661550065734, -0.009612703049000523], [0.0015315661550065734, 0.0005586058842894355, -0.002566558083894256], [-0.009612703049000523, -0.002566558083894256, 0.030687401807254634]], "chi2_level": 0.95, "chi2_df": 3, "chi2_threshold": 7.814727903251179, "N_raw": 21, "N_roi": 17, "N_inlier": 16, "refit": true}
{"timestamp": "16:52:38.943471", "frame": 22, "mu": [-2.3578927901143554, 4.901854827025727, 0.792593418043706], "Sigma": [[0.00623894448988365, 0.0026962700847936658, -0.0046822063564212115], [0.0026962700847936653, 0.001324461332000574, -0.00310959081255067], [-0.004682206356421211, -0.0031095908125506697, 0.03166771710949646]], "chi2_level": 0.95, "chi2_df": 3, "chi2_threshold": 7.814727903251179, "N_raw": 13, "N_roi": 10, "N_inlier": 9, "refit": true}
{"timestamp": "16:52:39.000631", "frame": 23, "mu": [-2.2927560625926278, 4.8699673543254045, 0.8718764853692357], "Sigma": [[0.008856984430484643, 0.0020807452334874943, -0.004045778205740112], [0.0020807452334874943, 0.0022159293447732657, -0.004898982862634239], [-0.004045778205740112, -0.004898982862634239, 0.03718344158028075]], "chi2_level": 0.95, "chi2_df": 3, "chi2_threshold": 7.814727903251179, "N_raw": 27, "N_roi": 21, "N_inlier": 20, "refit": true}
{"timestamp": "16:52:39.110068", "frame": 25, "mu": [-2.2048682508050184, 4.797858515797165, 0.850313454533429], "Sigma": [[0.023530421812408997, 0.008025212575405727, -0.010756280626880424], [0.008025212575405727, 0.0038718592415232693, -0.005069393620790119], [-0.010756280626880426, -0.00506939362079012, 0.009980565256966783]], "chi2_level": 0.95, "chi2_df": 3, "chi2_threshold": 7.814727903251179, "N_raw": 28, "N_roi": 25, "N_inlier": 23, "refit": true}
{"timestamp": "16:52:39.168914", "frame": 26, "mu": [-2.152036005151086, 4.775524523669713, 0.8275676763136167], "Sigma": [[0.031482189859573066, 0.00731206108550889, -0.011807614466777404], [0.00731206108550889, 0.0036465921917542537, -0.004385683135087314], [-0.011807614466777404, -0.004385683135087314, 0.00866583089329326]], "chi2_level": 0.95, "chi2_df": 3, "chi2_threshold": 7.814727903251179, "N_raw": 34, "N_roi": 34, "N_inlier": 33, "refit": true}
{"timestamp": "16:52:39.219398", "frame": 27, "mu": [-2.2847277844645815, 4.702449276376065, 0.9211472915393794], "Sigma": [[0.0017916467026259549, 0.0018528000579352548, -0.005256211159284576], [0.001852800057935255, 0.006003522449471248, -0.014299687219633428], [-0.005256211159284576, -0.014299687219633428, 0.04057723652199836]], "chi2_level": 0.95, "chi2_df": 3, "chi2_threshold": 7.814727903251179, "N_raw": 6, "N_roi": 6, "N_inlier": 6, "refit": true}
{"timestamp": "16:52:39.331011", "frame": 29, "mu": [-2.1887774531938065, 4.702515818525075, 0.48693530489526365], "Sigma": [[0.014456674613276497, 0.004155197234886385, 0.0003541198818427213], [0.004155197234886385, 0.0020119430567136607, -0.003155301583808491], [0.00035411988184272153, -0.003155301583808491, 0.016922322012292275]], "chi2_level": 0.95, "chi2_df": 3, "chi2_threshold": 7.814727903251179, "N_raw": 14, "N_roi": 14, "N_inlier": 12, "refit": true}
{"timestamp": "16:52:39.386114", "frame": 30, "mu": [-2.225352721860502, 4.559649011098663, 0.7729612804854271], "Sigma": [[0.009357423908780521, 0.008853452702619334, -0.017983980873296633], [0.008853452702619334, 0.01585609798261358, -0.039306866351041685], [-0.017983980873296633, -0.039306866351041685, 0.12075685891316193]], "chi2_level": 0.95, "chi2_df": 3, "chi2_threshold": 7.814727903251179, "N_raw": 12, "N_roi": 11, "N_inlier": 11, "refit": true}
{"timestamp": "16:52:39.439896", "frame": 31, "mu": [-2.2166368338310587, 4.592038857988853, 0.7482226690381295], "Sigma": [[0.00037225139001176804, -0.0004915890913976615, 0.0024688441755040475], [-0.0004915890913976615, 0.0007030235597156176, -0.004247433061956884], [0.0024688441755040475, -0.004247433061956883, 0.06068058193560058]], "chi2_level": 0.95, "chi2_df": 3, "chi2_threshold": 7.814727903251179, "N_raw": 5, "N_roi": 5, "N_inlier": 5, "refit": true}
{"timestamp": "16:52:39.494850", "frame": 32, "mu": [-2.254027241952129, 4.528373701753286, 0.6022082016791539], "Sigma": [[0.0011463138640062224, -9.540253755914915e-05, 0.006202325241157838], [-9.54025375591491e-05, 0.0005930205176014757, -0.002017954527794584], [0.006202325241157837, -0.0020179545277945834, 0.061868022082813105]], "chi2_level": 0.95, "chi2_df": 3, "chi2_threshold": 7.814727903251179, "N_raw": 6, "N_roi": 5, "N_inlier": 5, "refit": true}
{"timestamp": "16:52:39.553269", "frame": 33, "mu": [-2.1597829871348946, 4.525231400988127, 0.5111536125177333], "Sigma": [[0.015629027984134097, 0.002319660669308347, -0.0008970696934272775], [0.002319660669308346, 0.002183847498983861, -0.0042927566954888245], [-0.0008970696934272769, -0.0042927566954888245, 0.021401823399545213]], "chi2_level": 0.95, "chi2_df": 3, "chi2_threshold": 7.814727903251179, "N_raw": 31, "N_roi": 30, "N_inlier": 29, "refit": true}
{"timestamp": "16:52:39.608403", "frame": 34, "mu": [-2.2075617381643458, 4.445219417221141, 0.33973128376541456], "Sigma": [[0.020333470776127086, 0.006628366846956179, -0.01247985886557101], [0.006628366846956179, 0.0038005848286860157, -0.006014284853389832], [-0.012479858865571009, -0.006014284853389832, 0.013396629177816545]], "chi2_level": 0.95, "chi2_df": 3, "chi2_threshold": 7.814727903251179, "N_raw": 33, "N_roi": 32, "N_inlier": 29, "refit": true}
{"timestamp": "16:52:39.663120", "frame": 35, "mu": [-2.2087078369651763, 4.370486863249913, 0.3412616273195151], "Sigma": [[0.020996699905624413, 0.005691037842266164, -0.0012445040481962725], [0.005691037842266166, 0.0038165098404877576, -0.0023912533587979483], [-0.0012445040481962725, -0.0023912533587979483, 0.0049713549611026]], "chi2_level": 0.95, "chi2_df": 3, "chi2_threshold": 7.814727903251179, "N_raw": 29, "N_roi": 28, "N_inlier": 27, "refit": true}
{"timestamp": "16:52:39.714362", "frame": 36, "mu": [-2.1780825123845156, 4.308400625702483, 0.8565282514994071], "Sigma": [[0.005254590851336058, 0.0004535013166980815, -0.0021570844062928263], [0.0004535013166980818, 0.0021117415632352027, -0.004662880729378325], [-0.0021570844062928263, -0.004662880729378325, 0.020772897206645786]], "chi2_level": 0.95, "chi2_df": 3, "chi2_threshold": 7.814727903251179, "N_raw": 9, "N_roi": 9, "N_inlier": 9, "refit": true}
{"timestamp": "16:52:39.769323", "frame": 37, "mu": [-2.1692080273286782, 4.266904877569138, 0.6695433180432763], "Sigma": [[0.001073159629301856, -0.0008316305116130241, 0.0018320617338774717], [-0.0008316305116130241, 0.00514655941908975, -0.008750617909909986], [0.0018320617338774712, -0.008750617909909988, 0.017725490027636917]], "chi2_level": 0.95, "chi2_df": 3, "chi2_threshold": 7.814727903251179, "N_raw": 6, "N_roi": 6, "N_inlier": 6, "refit": true}
{"timestamp": "16:52:39.824138", "frame": 38, "mu": [-2.086314654603611, 4.242296263800958, 0.5589451486995677], "Sigma": [[0.0022413602322672145, 0.0017165997870150405, -0.006150864350771477], [0.0017165997870150402, 0.003002069818429876, -0.009286392951238204], [-0.006150864350771478, -0.009286392951238205, 0.03324036092018813]], "chi2_level": 0.95, "chi2_df": 3, "chi2_threshold": 7.814727903251179, "N_raw": 5, "N_roi": 5, "N_inlier": 5, "refit": true}
{"timestamp": "16:52:39.879911", "frame": 39, "mu": [-2.1829339259160827, 4.1469956027279915, 0.9046923087705516], "Sigma": [[0.01281031800623326, 0.0046402519494724665, -0.00993503102899745], [0.0046402519494724665, 0.0024555025335090998, -0.005563232041055875], [-0.009935031028997449, -0.005563232041055875, 0.016005921566655527]], "chi2_level": 0.95, "chi2_df": 3, "chi2_threshold": 7.814727903251179, "N_raw": 14, "N_roi": 14, "N_inlier": 12, "refit": true}
{"timestamp": "16:52:39.935379", "frame": 40, "mu": [-1.9947526601854306, 4.138422667287164, 0.5018817812850537], "Sigma": [[0.006410877326454764, 0.0009308519534428118, -0.005624578892562471], [0.0009308519534428118, 0.000737004266771453, -0.00233806300079831], [-0.005624578892562472, -0.00233806300079831, 0.016976384487474034]], "chi2_level": 0.95, "chi2_df": 3, "chi2_threshold": 7.814727903251179, "N_raw": 14, "N_roi": 14, "N_inlier": 13, "refit": true}
{"timestamp": "16:52:39.994136", "frame": 41, "mu": [-2.1055850348387875, 4.033309065665723, 0.6733992639908232], "Sigma": [[0.03000864398970678, 0.008786662078776493, -0.023273502169016427], [0.008786662078776493, 0.0030314266342568617, -0.008259118984455673], [-0.023273502169016427, -0.008259118984455673, 0.041707284187434204]], "chi2_level": 0.95, "chi2_df": 3, "chi2_threshold": 7.814727903251179, "N_raw": 41, "N_roi": 41, "N_inlier": 39, "refit": true}
{"timestamp": "16:52:40.044765", "frame": 42, "mu": [-2.194750468147066, 3.986890495744258, 0.7906713916100836], "Sigma": [[0.006757263059607648, 0.0054781370792702485, -0.011032367568787473], [0.0054781370792702485, 0.00515532640461203, -0.011423049836933232], [-0.011032367568787473, -0.011423049836933232, 0.029250258194035383]], "chi2_level": 0.95, "chi2_df": 3, "chi2_threshold": 7.814727903251179, "N_raw": 7, "N_roi": 7, "N_inlier": 7, "refit": true}
{"timestamp": "16:52:40.099166", "frame": 43, "mu": [-2.0674596964258143, 3.9287005086940616, 0.5373619702681618], "Sigma": [[0.0009636444859421519, -0.00016258363241245373, 0.004100006011200568], [-0.00016258363241245378, 0.0005600149293181258, -0.003021563193467321], [0.004100006011200568, -0.003021563193467321, 0.0487968189664082]], "chi2_level": 0.95, "chi2_df": 3, "chi2_threshold": 7.814727903251179, "N_raw": 5, "N_roi": 5, "N_inlier": 5, "refit": true}
{"timestamp": "16:52:40.154148", "frame": 44, "mu": [-2.2045339185134885, 3.8455895149936725, 0.7452752929786612], "Sigma": [[0.005248278513342554, 0.0032546103235656714, -0.02010258288721061], [0.0032546103235656714, 0.0029082955912026463, -0.013879654612762643], [-0.02010258288721061, -0.013879654612762643, 0.0798272191938076]], "chi2_level": 0.95, "chi2_df": 3, "chi2_threshold": 7.814727903251179, "N_raw": 6, "N_roi": 6, "N_inlier": 5, "refit": true}
{"timestamp": "16:52:40.212110", "frame": 45, "mu": [-2.171650241286237, 3.7794668341038573, 0.777836473989266], "Sigma": [[0.014865572249028798, 0.0036206987138723175, -0.012522677809248543], [0.0036206987138723175, 0.0020201224893363, -0.005669540667579084], [-0.012522677809248543, -0.005669540667579084, 0.021324338163288582]], "chi2_level": 0.95, "chi2_df": 3, "chi2_threshold": 7.814727903251179, "N_raw": 25, "N_roi": 25, "N_inlier": 24, "refit": true}
{"timestamp": "16:52:40.265454", "frame": 46, "mu": [-2.080665904261985, 3.7042204959837184, 0.7801468548917933], "Sigma": [[0.010874216240683342, 0.004803786272848443, -0.022961721158126277], [0.004803786272848443, 0.0036027006151175735, -0.012188791150366763], [-0.022961721158126273, -0.012188791150366763, 0.052823652779862965]], "chi2_level": 0.95, "chi2_df": 3, "chi2_threshold": 7.814727903251179, "N_raw": 7, "N_roi": 7, "N_inlier": 7, "refit": true}
{"timestamp": "16:52:40.324124", "frame": 47, "mu": [-2.089505384572283, 3.662364837267899, 0.7650244979112519], "Sigma": [[0.019820790915579825, 0.008352621922426983, -0.01638261542673682], [0.008352621922426983, 0.006223312189168697, -0.011170376319322592], [-0.016382615426736823, -0.011170376319322592, 0.022697366626184556]], "chi2_level": 0.95, "chi2_df": 3, "chi2_threshold": 7.814727903251179, "N_raw": 42, "N_roi": 42, "N_inlier": 42, "refit": true}
{"timestamp": "16:52:40.378200", "frame": 48, "mu": [-1.9727152577252278, 3.6392102574543306, 0.6303642017470529], "Sigma": [[0.02039731545787965, 0.0016895288569952463, -0.01696753614373816], [0.0016895288569952463, 0.001546658530305206, -0.003349187986671362], [-0.01696753614373816, -0.003349187986671362, 0.02027515068895703]], "chi2_level": 0.95, "chi2_df": 3, "chi2_threshold": 7.814727903251179, "N_raw": 34, "N_roi": 33, "N_inlier": 31, "refit": true}
{"timestamp": "16:52:40.432567", "frame": 49, "mu": [-2.1202346760240802, 3.518319101155991, 0.7652627853286208], "Sigma": [[0.015974015274005004, 0.00014886915401067448, -0.002601846831799365], [0.00014886915401067448, 0.001793943203940088, -0.0032936558745741726], [-0.002601846831799365, -0.0032936558745741726, 0.01092271374491943]], "chi2_level": 0.95, "chi2_df": 3, "chi2_threshold": 7.814727903251179, "N_raw": 27, "N_roi": 27, "N_inlier": 25, "refit": true}
{"timestamp": "16:52:40.485246", "frame": 50, "mu": [-2.033333955528399, 3.47573664742658, 0.6539131658808447], "Sigma": [[0.006651211461330937, -0.003133567213677596, 0.0009336709804768821], [-0.0031335672136775963, 0.004463253068069662, -0.0021441740548538172], [0.0009336709804768821, -0.0021441740548538172, 0.0014363663973119536]], "chi2_level": 0.95, "chi2_df": 3, "chi2_threshold": 7.814727903251179, "N_raw": 12, "N_roi": 12, "N_inlier": 11, "refit": true}
{"timestamp": "16:52:40.541469", "frame": 51, "mu": [-1.9343183187217534, 3.5725795296535647, -0.39167326140805286], "Sigma": [[0.01394423565174543, 0.0033390813955967574, -0.012230084119781022], [0.0033390813955967574, 0.00325425324168719, -0.005007990624596702], [-0.012230084119781022, -0.005007990624596702, 0.0144035490179669]], "chi2_level": 0.95, "chi2_df": 3, "chi2_threshold": 7.814727903251179, "N_raw": 24, "N_roi": 24, "N_inlier": 23, "refit": true}
{"timestamp": "16:52:40.595282", "frame": 52, "mu": [-2.145769812636465, 3.2823194270580833, 0.594399719128845], "Sigma": [[0.009527051239036584, -0.0010783455451543432, 0.0135676939549783], [-0.0010783455451543434, 0.0024761404445167185, -0.0016330376586061173], [0.0135676939549783, -0.001633037658606118, 0.03734921404683994]], "chi2_level": 0.95, "chi2_df": 3, "chi2_threshold": 7.814727903251179, "N_raw": 13, "N_roi": 13, "N_inlier": 13, "refit": true}
{"timestamp": "16:52:40.653181", "frame": 53, "mu": [-2.035903234325998, 3.25366870250455, 0.7240604351890864], "Sigma": [[0.011852284701245693, 0.001739242701124847, 0.006946612618456333], [0.0017392427011248472, 0.0021695211592110747, 0.0014753344788640032], [0.006946612618456331, 0.0014753344788640032, 0.0519274591587758]], "chi2_level": 0.95, "chi2_df": 3, "chi2_threshold": 7.814727903251179, "N_raw": 30, "N_roi": 28, "N_inlier": 27, "refit": true}
{"timestamp": "16:52:40.705355", "frame": 54, "mu": [-2.2113021439244225, 3.0986528220574745, 0.5283427121830032], "Sigma": [[0.01109435422346445, 0.0035412580610540874, 0.00026715010307431803], [0.0035412580610540874, 0.001411911219063826, -0.0001351028101438278], [0.0002671501030743178, -0.00013510281014382768, 0.016042233218053606]], "chi2_level": 0.95, "chi2_df": 3, "chi2_threshold": 7.814727903251179, "N_raw": 17, "N_roi": 17, "N_inlier": 15, "refit": true}
{"timestamp": "16:52:40.759369", "frame": 55, "mu": [-2.0569984331837814, 3.073789238319515, 0.7905728191520235], "Sigma": [[0.013627557067221564, -0.003341802639478667, 0.0053155177575498515], [-0.003341802639478667, 0.0010329214789082308, -0.0013172541172867408], [0.005315517757549852, -0.0013172541172867408, 0.004772857203739893]], "chi2_level": 0.95, "chi2_df": 3, "chi2_threshold": 7.814727903251179, "N_raw": 6, "N_roi": 6, "N_inlier": 6, "refit": true}
{"timestamp": "16:52:40.814135", "frame": 56, "mu": [-2.08713509260936, 2.999411607600763, 0.7783281032813615], "Sigma": [[0.002142638416066595, -0.0005029337318249897, 0.007080301313087084], [-0.0005029337318249897, 0.0002634499486501564, -0.0013045919407750459], [0.007080301313087084, -0.001304591940775046, 0.03503490305025777]], "chi2_level": 0.95, "chi2_df": 3, "chi2_threshold": 7.814727903251179, "N_raw": 5, "N_roi": 5, "N_inlier": 5, "refit": true}
{"timestamp": "16:52:40.871034", "frame": 57, "mu": [-2.1035334357171847, 2.9270272244649704, 0.9317638179479917], "Sigma": [[0.008929704069183869, 0.004502885632503549, -0.010861616518074352], [0.004502885632503549, 0.003363887018428709, -0.00778149912275666], [-0.010861616518074352, -0.007781499122756658, 0.02124861690984219]], "chi2_level": 0.95, "chi2_df": 3, "chi2_threshold": 7.814727903251179, "N_raw": 20, "N_roi": 20, "N_inlier": 19, "refit": true}
{"timestamp": "16:52:40.924692", "frame": 58, "mu": [-2.187090088542876, 2.783711053663165, 1.0000922214131414], "Sigma": [[0.003142725372361681, 0.003952075764567091, -0.013187889605250391], [0.003952075764567091, 0.00716134388336577, -0.018058692602477257], [-0.013187889605250391, -0.01805869260247726, 0.0708380373861703]], "chi2_level": 0.95, "chi2_df": 3, "chi2_threshold": 7.814727903251179, "N_raw": 6, "N_roi": 6, "N_inlier": 6, "refit": true}
{"timestamp": "16:52:40.985149", "frame": 59, "mu": [-2.1006811725605257, 2.7601851780256244, 0.7523874329922318], "Sigma": [[0.016742444648115237, 0.005100466087586451, -0.01297749396688234], [0.00510046608758645, 0.0021993541809462408, -0.006455217986360193], [-0.01297749396688234, -0.006455217986360193, 0.03982611168671309]], "chi2_level": 0.95, "chi2_df": 3, "chi2_threshold": 7.814727903251179, "N_raw": 49, "N_roi": 49, "N_inlier": 48, "refit": true}
{"timestamp": "16:52:41.039069", "frame": 60, "mu": [-2.115323378453586, 2.894019570620995, -0.32504534011171166], "Sigma": [[0.012015049513387515, 0.007963117360802699, -0.00850025028854677], [0.007963117360802699, 0.008600762465450426, -0.010465109387514075], [-0.00850025028854677, -0.010465109387514075, 0.015608100353756307]], "chi2_level": 0.95, "chi2_df": 3, "chi2_threshold": 7.814727903251179, "N_raw": 37, "N_roi": 36, "N_inlier": 32, "refit": true}
{"timestamp": "16:52:41.092864", "frame": 61, "mu": [-2.1352865432483377, 2.656256197864981, 0.8564161627293031], "Sigma": [[0.011220506066696346, 0.003834641993344783, -0.009624995899125834], [0.003834641993344783, 0.0017724645530657489, -0.004718862244736698], [-0.009624995899125832, -0.004718862244736698, 0.02632347593453848]], "chi2_level": 0.95, "chi2_df": 3, "chi2_threshold": 7.814727903251179, "N_raw": 34, "N_roi": 34, "N_inlier": 31, "refit": true}
{"timestamp": "16:52:41.148308", "frame": 62, "mu": [-2.1061520381227563, 2.5215909624052477, 0.8835785546745614], "Sigma": [[0.006445895429287375, 0.0024409278262531625, -0.008944683211107453], [0.0024409278262531625, 0.0024846256548197595, -0.008885179083327657], [-0.008944683211107453, -0.008885179083327657, 0.050646208978147395]], "chi2_level": 0.95, "chi2_df": 3, "chi2_threshold": 7.814727903251179, "N_raw": 35, "N_roi": 35, "N_inlier": 34, "refit": true}
{"timestamp": "16:52:41.204690", "frame": 63, "mu": [-2.1069512967425434, 2.4336234478545244, 0.9172212129362949], "Sigma": [[0.01201390136790016, 0.004700337694545377, -0.007678729667970449], [0.004700337694545377, 0.004105829639226095, -0.007275495488894069], [-0.007678729667970449, -0.007275495488894069, 0.01710176317906594]], "chi2_level": 0.95, "chi2_df": 3, "chi2_threshold": 7.814727903251179, "N_raw": 40, "N_roi": 40, "N_inlier": 38, "refit": true}
{"timestamp": "16:52:41.255406", "frame": 64, "mu": [-2.093134548168329, 2.3714015068229544, 1.1137007604561884], "Sigma": [[0.010054360958151938, 0.005640531957216338, -0.006802727450211479], [0.005640531957216338, 0.004466238339589931, -0.003508621696859372], [-0.006802727450211478, -0.003508621696859372, 0.005115275927661942]], "chi2_level": 0.95, "chi2_df": 3, "chi2_threshold": 7.814727903251179, "N_raw": 16, "N_roi": 16, "N_inlier": 13, "refit": true}
{"timestamp": "16:52:41.309686", "frame": 65, "mu": [-2.226840285795663, 2.135817359522056, 1.1711607359135854], "Sigma": [[0.028116539177450335, 0.02534795606574551, -0.031900868659973526], [0.02534795606574551, 0.026094003408771223, -0.03571056010504624], [-0.03190086865997352, -0.03571056010504624, 0.05676865821941769]], "chi2_level": 0.95, "chi2_df": 3, "chi2_threshold": 7.814727903251179, "N_raw": 15, "N_roi": 12, "N_inlier": 11, "refit": true}
{"timestamp": "16:52:41.367087", "frame": 66, "mu": [-2.3135539404980943, 1.9904470822032265, 1.2268428828228937], "Sigma": [[0.021117789859556334, 0.018394718396476592, -0.022183211973697537], [0.018394718396476592, 0.019493314830360958, -0.02621120138706569], [-0.022183211973697537, -0.02621120138706569, 0.04068269908873206]], "chi2_level": 0.95, "chi2_df": 3, "chi2_threshold": 7.814727903251179, "N_raw": 24, "N_roi": 16, "N_inlier": 16, "refit": true}
{"timestamp": "16:52:41.422093", "frame": 67, "mu": [-2.278922490332116, 1.9381886917780509, 1.307841934375527], "Sigma": [[0.03347620121425833, 0.024024994965708653, -0.040072988555087743], [0.024024994965708653, 0.023800284977533163, -0.03860004844713344], [-0.040072988555087743, -0.03860004844713344, 0.0706544724185777]], "chi2_level": 0.95, "chi2_df": 3, "chi2_threshold": 7.814727903251179, "N_raw": 24, "N_roi": 21, "N_inlier": 20, "refit": true}
{"timestamp": "16:52:41.477227", "frame": 68, "mu": [-2.144403257320158, 1.9195800275737878, 1.1281488050402289], "Sigma": [[0.07016506514117335, 0.03553723800261027, -0.08609204042054447], [0.03553723800261027, 0.022448047722142886, -0.04831214454219232], [-0.08609204042054447, -0.04831214454219232, 0.1179063863267952]], "chi2_level": 0.95, "chi2_df": 3, "chi2_threshold": 7.814727903251179, "N_raw": 26, "N_roi": 23, "N_inlier": 22, "refit": true}
{"timestamp": "16:52:41.532227", "frame": 69, "mu": [-2.0329890585740977, 1.922630210098325, 1.1116692127678514], "Sigma": [[0.036455913350159616, 0.020350514005414475, -0.03773784831885717], [0.02035051400541447, 0.013432116354611752, -0.02242056283612795], [-0.03773784831885717, -0.02242056283612795, 0.040623390774183504]], "chi2_level": 0.95, "chi2_df": 3, "chi2_threshold": 7.814727903251179, "N_raw": 30, "N_roi": 30, "N_inlier": 27, "refit": true}
{"timestamp": "16:52:41.587326", "frame": 70, "mu": [-2.240139166584902, 1.7170744988146156, 1.1963193131291665], "Sigma": [[0.022570917032109252, 0.016718020848374763, -0.013048430127172661], [0.01671802084837476, 0.01691018856962114, -0.01391668007102281], [-0.01304843012717266, -0.01391668007102281, 0.014265838634368666]], "chi2_level": 0.95, "chi2_df": 3, "chi2_threshold": 7.814727903251179, "N_raw": 27, "N_roi": 27, "N_inlier": 26, "refit": true}
{"timestamp": "16:52:41.641240", "frame": 71, "mu": [-2.2597493238575463, 1.720651512060317, 1.116067469152183], "Sigma": [[0.009478734095779573, 0.010406012140243346, -0.014150146034818864], [0.010406012140243346, 0.025911810074612462, -0.052786344345140804], [-0.014150146034818862, -0.052786344345140804, 0.12668565294832113]], "chi2_level": 0.95, "chi2_df": 3, "chi2_threshold": 7.814727903251179, "N_raw": 18, "N_roi": 18, "N_inlier": 17, "refit": true}
{"timestamp": "16:52:41.699019", "frame": 72, "mu": [-2.1977057313461286, 1.6837849126741014, -0.43372338382128556], "Sigma": [[0.015078953067406229, 0.011486647167968772, -0.009626377427675472], [0.01148664716796877, 0.019509459901518113, -0.004937946280187524], [-0.009626377427675472, -0.004937946280187524, 0.01071416569123067]], "chi2_level": 0.95, "chi2_df": 3, "chi2_threshold": 7.814727903251179, "N_raw": 42, "N_roi": 42, "N_inlier": 40, "refit": true}
{"timestamp": "16:52:41.754982", "frame": 73, "mu": [-2.248675093971785, 1.6256797389838156, -0.38206317919024396], "Sigma": [[0.012010795461571952, 0.010060953008942651, -0.0030146552868937073], [0.010060953008942651, 0.014831794934602084, -0.006926592883673602], [-0.0030146552868937073, -0.006926592883673602, 0.004999716272962903]], "chi2_level": 0.95, "chi2_df": 3, "chi2_threshold": 7.814727903251179, "N_raw": 40, "N_roi": 40, "N_inlier": 38, "refit": true}
{"timestamp": "16:52:41.815554", "frame": 74, "mu": [-2.1926181366281425, 1.4091765367163012, 1.02915248835348], "Sigma": [[0.018931956509139557, 0.016165312463031295, -0.010134535726154543], [0.016165312463031295, 0.02996341855709299, -0.013608739373393025], [-0.010134535726154543, -0.013608739373393023, 0.00972424008776803]], "chi2_level": 0.95, "chi2_df": 3, "chi2_threshold": 7.814727903251179, "N_raw": 83, "N_roi": 83, "N_inlier": 79, "refit": true}
{"timestamp": "16:52:41.867783", "frame": 75, "mu": [-2.215374942683867, 1.277545508809554, 1.023984159244514], "Sigma": [[0.008728736006504497, 0.008625987061122994, -0.00020396250034049237], [0.008625987061122994, 0.011234051748474009, -0.0038360250705294506], [-0.00020396250034049237, -0.0038360250705294506, 0.051871120591832055]], "chi2_level": 0.95, "chi2_df": 3, "chi2_threshold": 7.814727903251179, "N_raw": 64, "N_roi": 64, "N_inlier": 63, "refit": true}
{"timestamp": "16:52:41.927733", "frame": 76, "mu": [-2.2230265267008256, 1.3323114672428473, -0.36409873303417034], "Sigma": [[0.01571978527874661, 0.0070165827429364055, 0.060828116918480654], [0.0070165827429364055, 0.02633287050151839, 0.008863249269924135], [0.06082811691848065, 0.008863249269924137, 0.4468009907080861]], "chi2_level": 0.95, "chi2_df": 3, "chi2_threshold": 7.814727903251179, "N_raw": 97, "N_roi": 94, "N_inlier": 92, "refit": true}
{"timestamp": "16:52:41.979889", "frame": 77, "mu": [-2.1814001577432487, 1.2184964766856377, 1.0155729164458065], "Sigma": [[0.012039789113703932, 0.010633081980664035, -0.006283421685000423], [0.010633081980664035, 0.011340363036375646, -0.010004407257608244], [-0.006283421685000423, -0.010004407257608244, 0.039617338750903515]], "chi2_level": 0.95, "chi2_df": 3, "chi2_threshold": 7.814727903251179, "N_raw": 74, "N_roi": 74, "N_inlier": 70, "refit": true}
{"timestamp": "16:52:42.031379", "frame": 78, "mu": [-2.1747524367178057, 1.1065731477804506, 1.0896636971383467], "Sigma": [[0.00737591922392452, 0.006914894928209247, -0.0008312008953269154], [0.006914894928209247, 0.010312726381115493, -0.00695035739362271], [-0.0008312008953269152, -0.006950357393622709, 0.018781920305407842]], "chi2_level": 0.95, "chi2_df": 3, "chi2_threshold": 7.814727903251179, "N_raw": 49, "N_roi": 49, "N_inlier": 48, "refit": true}
{"timestamp": "16:52:42.083408", "frame": 79, "mu": [-2.135001261366174, 1.0801161430351671, 1.1786021508303846], "Sigma": [[0.006039502088807277, 0.004685157300587022, 0.0002768733585730379], [0.004685157300587022, 0.009199247977401043, -0.007631054281100329], [0.000276873358573038, -0.007631054281100329, 0.027043729593642714]], "chi2_level": 0.95, "chi2_df": 3, "chi2_threshold": 7.814727903251179, "N_raw": 36, "N_roi": 36, "N_inlier": 35, "refit": true}
{"timestamp": "16:52:42.135121", "frame": 80, "mu": [-2.0566757006230123, 1.0368732529284714, 1.1709761323632295], "Sigma": [[0.004608253383598013, 0.004298767750539056, -0.0009525496725412093], [0.004298767750539056, 0.005645253907369806, -0.0016044795583087564], [-0.0009525496725412093, -0.0016044795583087567, 0.0005568795609829491]], "chi2_level": 0.95, "chi2_df": 3, "chi2_threshold": 7.814727903251179, "N_raw": 13, "N_roi": 13, "N_inlier": 12, "refit": true}
{"timestamp": "16:52:42.189613", "frame": 81, "mu": [-2.034684849291318, 0.950491142627075, 1.2117285024692004], "Sigma": [[0.005516670794948611, 0.007584653592074471, -0.002292408971692029], [0.00758465359207447, 0.012533796505452811, -0.004120610407846105], [-0.002292408971692029, -0.004120610407846105, 0.0014425779369156]], "chi2_level": 0.95, "chi2_df": 3, "chi2_threshold": 7.814727903251179, "N_raw": 17, "N_roi": 17, "N_inlier": 16, "refit": true}
{"timestamp": "16:52:42.247469", "frame": 82, "mu": [-2.0337323647108794, 0.952542866362897, 1.1485251377240948], "Sigma": [[0.004379642446589493, 0.004809252317881955, -0.00014626528485984244], [0.004809252317881955, 0.007368749330713363, 0.00118146096329988], [-0.0001462652848598425, 0.00118146096329988, 0.022486012862152578]], "chi2_level": 0.95, "chi2_df": 3, "chi2_threshold": 7.814727903251179, "N_raw": 30, "N_roi": 30, "N_inlier": 29, "refit": true}
{"timestamp": "16:52:42.300444", "frame": 83, "mu": [-1.972054911359075, 0.8827782577003932, 1.0252625604965955], "Sigma": [[0.0036075048940981684, 0.0034509086089999606, -0.0017562372266112002], [0.0034509086089999615, 0.006356856933524308, -0.002183657855526776], [-0.0017562372266112002, -0.002183657855526776, 0.0015402222055732181]], "chi2_level": 0.95, "chi2_df": 3, "chi2_threshold": 7.814727903251179, "N_raw": 15, "N_roi": 15, "N_inlier": 15, "refit": true}
{"timestamp": "16:52:42.358130", "frame": 84, "mu": [-1.9724059757785355, 0.7932028809652215, 1.1564662181206957], "Sigma": [[0.0060150709563854795, 0.0066373135136842, -0.002461131819923634], [0.0066373135136842, 0.011000242491901955, -0.006889284747781986], [-0.002461131819923634, -0.006889284747781986, 0.009927994826749319]], "chi2_level": 0.95, "chi2_df": 3, "chi2_threshold": 7.814727903251179, "N_raw": 37, "N_roi": 37, "N_inlier": 36, "refit": true}
{"timestamp": "16:52:42.415291", "frame": 85, "mu": [-1.9964035454193132, 0.7587187068966693, 1.0629380873391645], "Sigma": [[0.0077099508001416015, 0.005519429939417999, -0.002154544517236602], [0.005519429939417999, 0.007475048532442731, -0.006704551399032804], [-0.002154544517236602, -0.006704551399032804, 0.012864505147922293]], "chi2_level": 0.95, "chi2_df": 3, "chi2_threshold": 7.814727903251179, "N_raw": 49, "N_roi": 49, "N_inlier": 47, "refit": true}
{"timestamp": "16:52:42.471525", "frame": 86, "mu": [-1.9484688752725878, 0.8379264214683714, -0.793137815807843], "Sigma": [[0.008504733985244402, 0.007818472382714055, -0.00048120983011573745], [0.007818472382714055, 0.012072982597838355, -0.00815639037198045], [-0.00048120983011573756, -0.00815639037198045, 0.0203399153171823]], "chi2_level": 0.95, "chi2_df": 3, "chi2_threshold": 7.814727903251179, "N_raw": 59, "N_roi": 59, "N_inlier": 57, "refit": true}
{"timestamp": "16:52:42.524890", "frame": 87, "mu": [-1.9319877166253663, 0.6062159848063101, 1.0196264536096415], "Sigma": [[0.00880776819874035, 0.007047124243086986, -0.0036521153554412485], [0.007047124243086986, 0.008936980239121128, -0.0063740226242952076], [-0.0036521153554412485, -0.006374022624295207, 0.007207172117741111]], "chi2_level": 0.95, "chi2_df": 3, "chi2_threshold": 7.814727903251179, "N_raw": 43, "N_roi": 43, "N_inlier": 38, "refit": true}
{"timestamp": "16:52:42.576700", "frame": 88, "mu": [-1.8768038886330878, 0.603643125495658, 1.0027645118325408], "Sigma": [[0.00594590442030947, 0.004975875747376804, -0.002070861646232629], [0.004975875747376804, 0.0061456550124521685, -0.00343628668143101], [-0.0020708616462326293, -0.00343628668143101, 0.00587150489706694]], "chi2_level": 0.95, "chi2_df": 3, "chi2_threshold": 7.814727903251179, "N_raw": 25, "N_roi": 25, "N_inlier": 23, "refit": true}
{"timestamp": "16:52:42.634412", "frame": 89, "mu": [-1.183054577071706, 0.5516860832225392, 1.0673174731571708], "Sigma": [[2.2535145750636083, -0.06598741985973297, 0.050663365864179716], [-0.06598741985973297, 0.010294501509650772, -0.005186972866910603], [0.050663365864179716, -0.005186972866910604, 0.004580996387443893]], "chi2_level": 0.95, "chi2_df": 3, "chi2_threshold": 7.814727903251179, "N_raw": 42, "N_roi": 42, "N_inlier": 38, "refit": true}
{"timestamp": "16:52:42.687442", "frame": 90, "mu": [-1.1670817499693622, 0.5384150108428436, 1.088746949072457], "Sigma": [[2.1492708882724734, -0.03859705074013072, 0.023261763243343704], [-0.03859705074013072, 0.008977042795576717, -0.004656693912915996], [0.0232617632433437, -0.004656693912915995, 0.0031954251573922377]], "chi2_level": 0.95, "chi2_df": 3, "chi2_threshold": 7.814727903251179, "N_raw": 32, "N_roi": 32, "N_inlier": 32, "refit": true}
{"timestamp": "16:52:42.743760", "frame": 91, "mu": [-0.06081699413206258, 0.48048940248973765, 0.9038607822183182], "Sigma": [[3.6928192175516408, 0.03529246356171406, 0.015150399187720546], [0.03529246356171405, 0.00825851465551091, 0.00024972163565221473], [0.015150399187720542, 0.00024972163565221484, 0.005625080638065058]], "chi2_level": 0.95, "chi2_df": 3, "chi2_threshold": 7.814727903251179, "N_raw": 33, "N_roi": 33, "N_inlier": 33, "refit": true}
{"timestamp": "16:52:42.800733", "frame": 92, "mu": [-0.41618120580408446, 0.46525754848578227, 0.9477734153235967], "Sigma": [[3.3134420371235045, 0.004268173904391411, -0.051530841440151604], [0.004268173904391414, 0.00865198939354334, 0.0018957582139319806], [-0.051530841440151604, 0.0018957582139319806, 0.021400575882082364]], "chi2_level": 0.95, "chi2_df": 3, "chi2_threshold": 7.814727903251179, "N_raw": 50, "N_roi": 50, "N_inlier": 49, "refit": true}
{"timestamp": "16:52:42.854613", "frame": 93, "mu": [0.19306935401480374, 0.4447086266143717, 0.9592678095729419], "Sigma": [[3.2928241392398494, -0.036118473465295044, -0.03868046547056936], [-0.03611847346529504, 0.009916520867384768, 0.005367154936169192], [-0.03868046547056936, 0.0053671549361691915, 0.026328614737792043]], "chi2_level": 0.95, "chi2_df": 3, "chi2_threshold": 7.814727903251179, "N_raw": 38, "N_roi": 38, "N_inlier": 37, "refit": true}
{"timestamp": "16:52:42.909002", "frame": 94, "mu": [-0.41784075043149865, 0.496263251273323, 0.956326820736906], "Sigma": [[3.334977715821879, 0.035440259321979445, 0.036849758205352655], [0.03544025932197946, 0.00802117462609109, -0.002341865154226949], [0.03684975820535266, -0.002341865154226949, 0.0035053308898988153]], "chi2_level": 0.95, "chi2_df": 3, "chi2_threshold": 7.814727903251179, "N_raw": 35, "N_roi": 35, "N_inlier": 34, "refit": true}
{"timestamp": "16:52:42.962646", "frame": 95, "mu": [0.0885463827871687, 0.4321588448042529, 0.8593498218815041], "Sigma": [[3.3391302016581363, 0.06511078565632862, 0.0002059591918512323], [0.06511078565632863, 0.009398602672973273, -0.0018859017024868254], [0.0002059591918512349, -0.0018859017024868252, 0.0018326239729105868]], "chi2_level": 0.95, "chi2_df": 3, "chi2_threshold": 7.814727903251179, "N_raw": 26, "N_roi": 26, "N_inlier": 24, "refit": true}
{"timestamp": "16:52:43.015797", "frame": 96, "mu": [0.8320313097526777, 0.5208620658408827, 1.0474214757412001], "Sigma": [[2.055796263148461, 0.008496157158757378, -0.0029093076874784716], [0.008496157158757378, 0.003768860569959188, -2.2196763739657063e-05], [-0.0029093076874784733, -2.2196763739656738e-05, 0.004748736634224154]], "chi2_level": 0.95, "chi2_df": 3, "chi2_threshold": 7.814727903251179, "N_raw": 12, "N_roi": 12, "N_inlier": 12, "refit": true}
{"timestamp": "16:52:43.070978", "frame": 97, "mu": [1.1087541237465905, 0.5059164693764187, 0.8880539820137311], "Sigma": [[1.752087691936594, 0.08164557191878358, -0.0629876617456536], [0.08164557191878359, 0.021324661407839472, -0.0002446524372981644], [-0.06298766174565361, -0.00024465243729816484, 0.01444766329684235]], "chi2_level": 0.95, "chi2_df": 3, "chi2_threshold": 7.814727903251179, "N_raw": 14, "N_roi": 14, "N_inlier": 14, "refit": true}
{"timestamp": "16:52:43.125397", "frame": 98, "mu": [0.29908018409762965, 0.5241664630054225, 1.05738426368803], "Sigma": [[2.2316046245655285, 0.10953503379037216, 0.014021318967438561], [0.10953503379037216, 0.008851058597039435, -0.00041977201149061283], [0.014021318967438563, -0.00041977201149061305, 0.0014387114229313803]], "chi2_level": 0.95, "chi2_df": 3, "chi2_threshold": 7.814727903251179, "N_raw": 11, "N_roi": 11, "N_inlier": 11, "refit": true}
{"timestamp": "16:52:43.182640", "frame": 99, "mu": [0.39687540891591394, 0.3984898197665982, 1.0826480811278882], "Sigma": [[2.1465136345562033, 0.08249972272536121, 0.009015013062551524], [0.08249972272536121, 0.014989245400115099, -0.0035416378924248955], [0.009015013062551524, -0.0035416378924248955, 0.0021461488800139494]], "chi2_level": 0.95, "chi2_df": 3, "chi2_threshold": 7.814727903251179, "N_raw": 23, "N_roi": 23, "N_inlier": 21, "refit": true}
{"timestamp": "16:52:43.301930", "frame": 101, "mu": [0.5315544732950489, 0.5615417918756488, -0.9466847517838212], "Sigma": [[1.8925419954891631, 0.06066974663623985, -0.08763509554403086], [0.06066974663623985, 0.008496893026530424, -0.006764213807564185], [-0.08763509554403084, -0.006764213807564185, 0.012368378763000494]], "chi2_level": 0.95, "chi2_df": 3, "chi2_threshold": 7.814727903251179, "N_raw": 18, "N_roi": 18, "N_inlier": 18, "refit": true}
{"timestamp": "16:52:43.347538", "frame": 102, "mu": [-0.43382490579857025, 0.3493536536572988, 1.0793200709638593], "Sigma": [[1.9842723175967898, -0.010496060795256543, -0.047770512081412836], [-0.010496060795256548, 0.009994143942399128, 0.007503366842790205], [-0.04777051208141284, 0.007503366842790205, 0.008722104269425742]], "chi2_level": 0.95, "chi2_df": 3, "chi2_threshold": 7.814727903251179, "N_raw": 14, "N_roi": 14, "N_inlier": 13, "refit": true}
{"timestamp": "16:52:43.458084", "frame": 104, "mu": [-0.6448618526217503, 0.37958366682983347, 1.1598496151246365], "Sigma": [[1.4258809663583343, -0.022478209078319936, -0.09192502099349267], [-0.022478209078319933, 0.01165806715966364, 0.013242407126484224], [-0.09192502099349266, 0.013242407126484224, 0.02174181875651914]], "chi2_level": 0.95, "chi2_df": 3, "chi2_threshold": 7.814727903251179, "N_raw": 32, "N_roi": 32, "N_inlier": 30, "refit": true}
{"timestamp": "16:52:43.513044", "frame": 105, "mu": [-0.38961454638204407, 0.3789533666839582, 1.1744406926775974], "Sigma": [[1.5132365779473962, -0.09355098896585597, -0.27217548790664897], [-0.09355098896585597, 0.00833690000086975, 0.016359163404353075], [-0.27217548790664897, 0.016359163404353075, 0.05150191704526594]], "chi2_level": 0.95, "chi2_df": 3, "chi2_threshold": 7.814727903251179, "N_raw": 24, "N_roi": 24, "N_inlier": 23, "refit": true}
{"timestamp": "16:52:43.567234", "frame": 106, "mu": [-0.6241933139726761, 0.3013143452863837, 1.1660440170653001], "Sigma": [[1.3953123148362787, -0.011105244937606366, -0.002088785434406635], [-0.011105244937606364, 0.004513675755042464, 0.0012941557624797358], [-0.0020887854344066314, 0.0012941557624797358, 0.005522385862875789]], "chi2_level": 0.95, "chi2_df": 3, "chi2_threshold": 7.814727903251179, "N_raw": 26, "N_roi": 26, "N_inlier": 26, "refit": true}
{"timestamp": "16:52:43.624252", "frame": 107, "mu": [-0.1990165808960395, 0.29923585786628615, 1.3032473668702291], "Sigma": [[1.5183202476116164, 0.011554027224331784, 0.03870644148205633], [0.011554027224331784, 0.003237815167210107, -3.4867870947361435e-05], [0.03870644148205633, -3.486787094736145e-05, 0.003512109790660056]], "chi2_level": 0.95, "chi2_df": 3, "chi2_threshold": 7.814727903251179, "N_raw": 40, "N_roi": 40, "N_inlier": 37, "refit": true}
{"timestamp": "16:52:43.680502", "frame": 108, "mu": [-0.8526907370162262, 0.34519994119804787, 1.3543563870502386], "Sigma": [[0.781732726378226, -0.019196462219260302, 0.02362655218437346], [-0.019196462219260305, 0.005078252539946864, -0.003039862629894869], [0.02362655218437346, -0.0030398626298948684, 0.0032632171435805616]], "chi2_level": 0.95, "chi2_df": 3, "chi2_threshold": 7.814727903251179, "N_raw": 52, "N_roi": 52, "N_inlier": 48, "refit": true}
{"timestamp": "16:52:43.735089", "frame": 109, "mu": [-1.0409065933501085, 0.35068743696768867, 1.3491274631699066], "Sigma": [[0.363731349031109, -0.009474530247131012, 0.016954799750643373], [-0.009474530247131014, 0.004092620930189901, -0.0038745295604315625], [0.016954799750643373, -0.0038745295604315625, 0.004855118788380892]], "chi2_level": 0.95, "chi2_df": 3, "chi2_threshold": 7.814727903251179, "N_raw": 48, "N_roi": 48, "N_inlier": 45, "refit": true}
{"timestamp": "16:52:43.791459", "frame": 110, "mu": [-1.1984902009901666, 0.42072739827325323, -0.5842208185270068], "Sigma": [[0.00747686980957756, 0.003088935493892259, 0.001221070042264915], [0.0030889354938922597, 0.01067118539113911, -0.00047749672534053335], [0.0012210700422649152, -0.0004774967253405335, 0.0035160683706354006]], "chi2_level": 0.95, "chi2_df": 3, "chi2_threshold": 7.814727903251179, "N_raw": 58, "N_roi": 58, "N_inlier": 53, "refit": true}
