{"timestamp": "16:49:07.647712", "frame": 4, "mu": [1.8731107058972822, 1.0956932506313102, 1.169163721592591], "Sigma": [[0.001735751939408279, -0.00015809355399905235, -0.0036661793816232893], [-0.00015809355399905225, 0.0006949529245060544, 0.005513190211592446], [-0.0036661793816232893, 0.005513190211592447, 0.06069524249845533]], "chi2_level": 0.95, "chi2_df": 3, "chi2_threshold": 7.814727903251179, "N_raw": 5, "N_roi": 5, "N_inlier": 5, "refit": true}
{"timestamp": "16:49:07.707498", "frame": 5, "mu": [1.9077960945498598, 1.010372543648498, 1.225618306198128], "Sigma": [[0.004519503280872051, -0.006038881251596358, -0.006375310795345205], [-0.006038881251596358, 0.009233905603123633, 0.0048936491375612245], [-0.006375310795345205, 0.004893649137561225, 0.027455558565266474]], "chi2_level": 0.95, "chi2_df": 3, "chi2_threshold": 7.814727903251179, "N_raw": 34, "N_roi": 34, "N_inlier": 33, "refit": true}
{"timestamp": "16:49:07.757552", "frame": 6, "mu": [1.9078494876106598, 1.0127898668357944, 1.238007679122772], "Sigma": [[0.0017735703814312687, -0.0024684609990550358, -0.004124142736333896], [-0.002468460999055036, 0.004119192046716667, 0.004180581477150195], [-0.004124142736333897, 0.004180581477150195, 0.014687137647949718]], "chi2_level": 0.95, "chi2_df": 3, "chi2_threshold": 7.814727903251179, "N_raw": 8, "N_roi": 8, "N_inlier": 7, "refit": true}
{"timestamp": "16:49:07.813341", "frame": 7, "mu": [1.911268688866616, 1.1938959911298959, 1.119847363991385], "Sigma": [[0.0007110092292704831, -0.0023771900293110414, 0.0031897031714397395], [-0.002377190029311042, 0.018346514166096672, -0.02284184379073254], [0.00318970317143974, -0.02284184379073254, 0.05718946992454338]], "chi2_level": 0.95, "chi2_df": 3, "chi2_threshold": 7.814727903251179, "N_raw": 6, "N_roi": 6, "N_inlier": 6, "refit": true}
{"timestamp": "16:49:07.924885", "frame": 9, "mu": [1.8845933820635095, 1.0869415439994812, 1.2784906767622588], "Sigma": [[0.0016334454882462573, -0.001905210880034613, -0.00208211440686505], [-0.001905210880034613, 0.004042205978145542, -0.003256880041842935], [-0.00208211440686505, -0.003256880041842935, 0.022888588148076875]], "chi2_level": 0.95, "chi2_df": 3, "chi2_threshold": 7.814727903251179, "N_raw": 15, "N_roi": 15, "N_inlier": 13, "refit": true}
{"timestamp": "16:49:07.981190", "frame": 10, "mu": [1.9163701371031905, 1.0677451306614671, 1.2224244300390426], "Sigma": [[0.0026013341867943216, -0.004139013665052114, -0.00019191622108473264], [-0.004139013665052114, 0.013696475153619684, -0.0043833400301440326], [-0.00019191622108473264, -0.0043833400301440326, 0.0045242004393539715]], "chi2_level": 0.95, "chi2_df": 3, "chi2_threshold": 7.814727903251179, "N_raw": 24, "N_roi": 24, "N_inlier": 23, "refit": true}
{"timestamp": "16:49:08.035206", "frame": 11, "mu": [1.9151762401049064, 1.0453271972301157, 1.2481821890285112], "Sigma": [[0.004152656171914813, -0.0025828727785656884, 0.0003068910229158321], [-0.0025828727785656876, 0.005752049364162561, 0.0005907151140226251], [0.0003068910229158322, 0.0005907151140226253, 0.0022652257214336355]], "chi2_level": 0.95, "chi2_df": 3, "chi2_threshold": 7.814727903251179, "N_raw": 16, "N_roi": 16, "N_inlier": 15, "refit": true}
{"timestamp": "16:49:08.090932", "frame": 12, "mu": [1.870995735557518, 1.2105251104396781, -0.5120134176459981], "Sigma": [[0.007405141208277424, -0.016612472692361775, 0.003643286472489767], [-0.016612472692361775, 0.05474736389832534, -0.015000783331321063], [0.003643286472489767, -0.015000783331321065, 0.005128631266340872]], "chi2_level": 0.95, "chi2_df": 3, "chi2_threshold": 7.814727903251179, "N_raw": 22, "N_roi": 22, "N_inlier": 21, "refit": true}
{"timestamp": "16:49:08.144273", "frame": 13, "mu": [1.8439116019528852, 1.1283917515918696, 1.1247846405179909], "Sigma": [[0.002749105785559734, -0.005562174744583556, 0.007952747513410827], [-0.005562174744583556, 0.0235610730312193, -0.03479437927136633], [0.007952747513410827, -0.03479437927136634, 0.05386470799672638]], "chi2_level": 0.95, "chi2_df": 3, "chi2_threshold": 7.814727903251179, "N_raw": 7, "N_roi": 7, "N_inlier": 6, "refit": true}
{"timestamp": "16:49:08.198330", "frame": 14, "mu": [1.929344600179577, 1.026161711408847, 1.3077595969827278], "Sigma": [[0.00034049544163669516, 0.00022540064448927505, -0.0026375524824471083], [0.00022540064448927508, 0.00372070035664845, -0.00816502965230418], [-0.0026375524824471083, -0.008165029652304182, 0.058247607789609766]], "chi2_level": 0.95, "chi2_df": 3, "chi2_threshold": 7.814727903251179, "N_raw": 6, "N_roi": 6, "N_inlier": 6, "refit": true}
{"timestamp": "16:49:08.256820", "frame": 15, "mu": [1.903094670484194, 0.9806177517975161, 1.2360095382660323], "Sigma": [[0.0051434864348091315, -0.004700748939941655, -0.0008555057819076937], [-0.004700748939941656, 0.010025817935301244, -0.0023388666881419633], [-0.0008555057819076935, -0.002338866688141963, 0.002597887575396924]], "chi2_level": 0.95, "chi2_df": 3, "chi2_threshold": 7.814727903251179, "N_raw": 29, "N_roi": 29, "N_inlier": 27, "refit": true}
{"timestamp": "16:49:08.313720", "frame": 16, "mu": [1.890302657789185, 0.9951716269742814, 1.2220015252020773], "Sigma": [[0.0035491010523025033, -0.0034120951655944747, -0.001722428780447048], [-0.0034120951655944747, 0.008138760259287186, -0.001517103645108182], [-0.0017224287804470482, -0.001517103645108182, 0.00445793850593868]], "chi2_level": 0.95, "chi2_df": 3, "chi2_threshold": 7.814727903251179, "N_raw": 24, "N_roi": 24, "N_inlier": 23, "refit": true}
{"timestamp": "16:49:08.369925", "frame": 17, "mu": [1.9086671825965515, 0.9700608375424284, 1.170073915805018], "Sigma": [[0.003228192040429727, -0.004112529081835204, -0.0005265841265935477], [-0.004112529081835204, 0.010760269969724982, -0.007399880347044356], [-0.0005265841265935475, -0.007399880347044356, 0.014125845004259582]], "chi2_level": 0.95, "chi2_df": 3, "chi2_threshold": 7.814727903251179, "N_raw": 35, "N_roi": 35, "N_inlier": 33, "refit": true}
{"timestamp": "16:49:08.421131", "frame": 18, "mu": [1.8524980266205862, 1.0279892472954562, -0.3569276231203503], "Sigma": [[0.0019640162877019663, 0.0013046326135206295, -0.0018494070646663321], [0.00130463261352063, 0.007018425048426167, -0.01720086384328998], [-0.001849407064666332, -0.01720086384328998, 0.04496779289128007]], "chi2_level": 0.95, "chi2_df": 3, "chi2_threshold": 7.814727903251179, "N_raw": 8, "N_roi": 8, "N_inlier": 7, "refit": true}
{"timestamp": "16:49:08.477862", "frame": 19, "mu": [1.7640516313063306, 1.1575331937056543, 1.0148972229236242], "Sigma": [[0.006042360467945651, -0.008896336406953911, 0.004908626132886077], [-0.008896336406953911, 0.024595290286274617, -0.02308640467215761], [0.004908626132886076, -0.02308640467215761, 0.031236800045125968]], "chi2_level": 0.95, "chi2_df": 3, "chi2_threshold": 7.814727903251179, "N_raw": 23, "N_roi": 23, "N_inlier": 21, "refit": true}
{"timestamp": "16:49:08.531134", "frame": 20, "mu": [1.774424465643522, 1.041402881196581, 1.1939503647042709], "Sigma": [[0.0005863493622783919, -0.0008649411300485435, -0.00011375733780827487], [-0.0008649411300485433, 0.010055821329874204, -0.02017210726005622], [-0.00011375733780827444, -0.020172107260056225, 0.050095078597184234]], "chi2_level": 0.95, "chi2_df": 3, "chi2_threshold": 7.814727903251179, "N_raw": 7, "N_roi": 7, "N_inlier": 7, "refit": true}
{"timestamp": "16:49:08.586904", "frame": 21, "mu": [1.8341899900080667, 0.8764816629017081, 1.2646860523686088], "Sigma": [[0.0026205508873151325, -0.001244527242335371, -0.002048878820435393], [-0.001244527242335371, 0.005665306195407219, -0.00493296469347459], [-0.002048878820435393, -0.00493296469347459, 0.010529617870918457]], "chi2_level": 0.95, "chi2_df": 3, "chi2_threshold": 7.814727903251179, "N_raw": 14, "N_roi": 13, "N_inlier": 12, "refit": true}
{"timestamp": "16:49:08.639099", "frame": 22, "mu": [1.8562337960278323, 0.7593661059630061, 1.2368167408960817], "Sigma": [[0.0037452641333442704, -0.003834896121972824, -0.005169116851446119], [-0.003834896121972824, 0.00887921016100776, -0.000440390254303564], [-0.005169116851446119, -0.00044039025430356316, 0.013889366658541255]], "chi2_level": 0.95, "chi2_df": 3, "chi2_threshold": 7.814727903251179, "N_raw": 5, "N_roi": 5, "N_inlier": 5, "refit": true}
{"timestamp": "16:49:08.694589", "frame": 23, "mu": [1.8416906746652222, 0.7758035354361299, -0.44395401973625537], "Sigma": [[0.011807065245764374, -0.004982182907908311, -0.009091873678675168], [-0.004982182907908311, 0.0031083310223235143, 0.004109560036036637], [-0.00909187367867517, 0.004109560036036637, 0.007175665982852938]], "chi2_level": 0.95, "chi2_df": 3, "chi2_threshold": 7.814727903251179, "N_raw": 6, "N_roi": 6, "N_inlier": 6, "refit": true}
{"timestamp": "16:49:08.751010", "frame": 24, "mu": [1.7560259725979568, 0.7425302649768203, 1.311914811262723], "Sigma": [[0.007589845229693165, -0.001554808373610211, -0.010085882125306773], [-0.001554808373610211, 0.005684875431974641, -0.00816789884565022], [-0.010085882125306773, -0.00816789884565022, 0.03635830082932272]], "chi2_level": 0.95, "chi2_df": 3, "chi2_threshold": 7.814727903251179, "N_raw": 8, "N_roi": 8, "N_inlier": 7, "refit": true}
{"timestamp": "16:49:08.805343", "frame": 25, "mu": [1.7537201587034745, 0.6808861191973502, 1.180910136481896], "Sigma": [[0.0020952956523066567, 0.001512995554162319, -0.00877377266863654], [0.0015129955541623187, 0.00541114059839123, -0.009802460333100711], [-0.00877377266863654, -0.009802460333100711, 0.05405051230754594]], "chi2_level": 0.95, "chi2_df": 3, "chi2_threshold": 7.814727903251179, "N_raw": 7, "N_roi": 7, "N_inlier": 7, "refit": true}
{"timestamp": "16:49:08.863514", "frame": 26, "mu": [1.7491122683026665, 0.6986995067104397, 1.2750624805393036], "Sigma": [[0.0037977441540877985, -0.002309943059116452, -6.0248725323317544e-05], [-0.0023099430591164523, 0.007181223655616488, -0.0022571995202360267], [-6.0248725323317477e-05, -0.0022571995202360267, 0.0009135040679359255]], "chi2_level": 0.95, "chi2_df": 3, "chi2_threshold": 7.814727903251179, "N_raw": 24, "N_roi": 24, "N_inlier": 22, "refit": true}
{"timestamp": "16:49:08.915496", "frame": 27, "mu": [1.6467839355886327, 0.6638135775122767, 1.0835682923539767], "Sigma": [[0.005698500937462581, -0.0029457286627214167, -0.006943764412384474], [-0.0029457286627214167, 0.019061380274977363, -0.039015528431424036], [-0.006943764412384474, -0.039015528431424036, 0.1219873090248899]], "chi2_level": 0.95, "chi2_df": 3, "chi2_threshold": 7.814727903251179, "N_raw": 7, "N_roi": 7, "N_inlier": 6, "refit": true}
{"timestamp": "16:49:08.969744", "frame": 28, "mu": [1.6548072718494629, 0.5678969599079388, 1.02042560700762], "Sigma": [[0.001561319650319535, -0.0006468679791852856, -0.0010550607687298912], [-0.0006468679791852856, 0.006258358380297123, -0.0018836108182010206], [-0.001055060768729891, -0.0018836108182010206, 0.04983994880974809]], "chi2_level": 0.95, "chi2_df": 3, "chi2_threshold": 7.814727903251179, "N_raw": 7, "N_roi": 7, "N_inlier": 7, "refit": true}
{"timestamp": "16:49:09.024706", "frame": 29, "mu": [1.6111117980113643, 0.5223278788663052, 1.196672470677488], "Sigma": [[0.0013134382229123007, 0.0005001137276570696, -0.001744857419222785], [0.0005001137276570696, 0.003600941464780311, -0.0011090259856925751], [-0.001744857419222785, -0.001109025985692575, 0.0029276967536732033]], "chi2_level": 0.95, "chi2_df": 3, "chi2_threshold": 7.814727903251179, "N_raw": 7, "N_roi": 7, "N_inlier": 6, "refit": true}
{"timestamp": "16:49:09.082917", "frame": 30, "mu": [1.5092739289224308, 0.5935225765349523, 1.2256380948038974], "Sigma": [[0.0030881194140889518, -0.0016893715969572417, -0.004370597363689062], [-0.0016893715969572422, 0.005399575706669434, -0.0011410433490111084], [-0.004370597363689063, -0.0011410433490111086, 0.01753780631626875]], "chi2_level": 0.95, "chi2_df": 3, "chi2_threshold": 7.814727903251179, "N_raw": 21, "N_roi": 21, "N_inlier": 20, "refit": true}
{"timestamp": "16:49:09.140958", "frame": 31, "mu": [1.4733296776684732, 0.7098347035724232, -0.5835453579436497], "Sigma": [[0.006898373550394379, -0.0035878703839844046, -0.0020748548732348873], [-0.0035878703839844046, 0.012153137435054024, -4.7017215316934e-05], [-0.0020748548732348873, -4.7017215316934123e-05, 0.0011018788988055304]], "chi2_level": 0.95, "chi2_df": 3, "chi2_threshold": 7.814727903251179, "N_raw": 45, "N_roi": 45, "N_inlier": 41, "refit": true}
{"timestamp": "16:49:09.194090", "frame": 32, "mu": [1.3871825121293961, 0.5217622018524948, 1.2916350059696269], "Sigma": [[0.010434888058716197, -0.009039388511922448, -0.009878526111567346], [-0.009039388511922446, 0.015922581593532097, 0.007677346828202602], [-0.009878526111567346, 0.007677346828202601, 0.01305646293671075]], "chi2_level": 0.95, "chi2_df": 3, "chi2_threshold": 7.814727903251179, "N_raw": 34, "N_roi": 34, "N_inlier": 33, "refit": true}
{"timestamp": "16:49:09.248104", "frame": 33, "mu": [0.9146371974362763, 0.5913934350508215, -0.5738268701449888], "Sigma": [[1.0612185297904364, 0.042956084448630694, 0.007944712107125036], [0.042956084448630694, 0.009690792873490521, 0.004706261506938646], [0.007944712107125038, 0.004706261506938646, 0.007720508941493918]], "chi2_level": 0.95, "chi2_df": 3, "chi2_threshold": 7.814727903251179, "N_raw": 27, "N_roi": 27, "N_inlier": 25, "refit": true}
{"timestamp": "16:49:09.307753", "frame": 34, "mu": [1.306396449617227, 0.4965717620639951, 1.2917102648743175], "Sigma": [[0.006792261679791723, -0.004242458854541395, -0.00341511815057947], [-0.004242458854541395, 0.01301579131874178, -0.001558682768583263], [-0.00341511815057947, -0.001558682768583263, 0.003522685086970974]], "chi2_level": 0.95, "chi2_df": 3, "chi2_threshold": 7.814727903251179, "N_raw": 53, "N_roi": 53, "N_inlier": 50, "refit": true}
{"timestamp": "16:49:09.362434", "frame": 35, "mu": [1.1394068528955477, 0.5776340805043896, 1.3751133029954739], "Sigma": [[0.007611694423433952, -0.002920871341927171, -0.009447913800490277], [-0.002920871341927171, 0.004924301147298516, 0.0036091177804598957], [-0.009447913800490277, 0.0036091177804598957, 0.015515929412783291]], "chi2_level": 0.95, "chi2_df": 3, "chi2_threshold": 7.814727903251179, "N_raw": 42, "N_roi": 42, "N_inlier": 40, "refit": true}
{"timestamp": "16:49:09.416601", "frame": 36, "mu": [1.2265782539057264, 0.4126915738024437, 1.2893582623130653], "Sigma": [[0.006113760099280211, -0.0006876054799140247, -0.0006496232141289231], [-0.0006876054799140247, 0.008033540766117795, -0.0015398876890192522], [-0.0006496232141289231, -0.0015398876890192522, 0.0006360891543220648]], "chi2_level": 0.95, "chi2_df": 3, "chi2_threshold": 7.814727903251179, "N_raw": 43, "N_roi": 43, "N_inlier": 35, "refit": true}
{"timestamp": "16:49:09.469712", "frame": 37, "mu": [0.9861562802274533, 0.6026932343728952, 1.4393937414284146], "Sigma": [[0.008154625284098589, -0.0051569404685290815, -0.005162974559850949], [-0.0051569404685290815, 0.006992038608769312, -0.001986339659785868], [-0.005162974559850949, -0.0019863396597858685, 0.022056529424742254]], "chi2_level": 0.95, "chi2_df": 3, "chi2_threshold": 7.814727903251179, "N_raw": 31, "N_roi": 31, "N_inlier": 28, "refit": true}
{"timestamp": "16:49:09.528096", "frame": 38, "mu": [0.9390323029897724, 0.5751573136310448, 1.430380909560984], "Sigma": [[0.008232634677496251, -0.005863490486056815, -0.007630263419600587], [-0.005863490486056815, 0.007110029856471736, 0.00436885203867938], [-0.007630263419600587, 0.0043688520386793795, 0.010259826735946836]], "chi2_level": 0.95, "chi2_df": 3, "chi2_threshold": 7.814727903251179, "N_raw": 55, "N_roi": 55, "N_inlier": 50, "refit": true}
{"timestamp": "16:49:09.577042", "frame": 39, "mu": [0.9269741865180087, 0.5886193783058777, 1.2003525523530039], "Sigma": [[0.0032285705643853506, -0.00019057456849301985, 0.00044845155015601134], [-0.00019057456849301985, 0.005442008017302553, -0.018708309310532495], [0.00044845155015601134, -0.0187083093105325, 0.07570960179143477]], "chi2_level": 0.95, "chi2_df": 3, "chi2_threshold": 7.814727903251179, "N_raw": 11, "N_roi": 11, "N_inlier": 11, "refit": true}
{"timestamp": "16:49:09.636826", "frame": 40, "mu": [0.8367023629307706, 0.4729494909710876, 1.3712208808313078], "Sigma": [[0.007940153195115705, -0.005458643417072081, -0.008033798455334477], [-0.005458643417072081, 0.006768388237463356, 0.003100557420121936], [-0.008033798455334477, 0.003100557420121936, 0.01088081832548793]], "chi2_level": 0.95, "chi2_df": 3, "chi2_threshold": 7.814727903251179, "N_raw": 52, "N_roi": 52, "N_inlier": 48, "refit": true}
{"timestamp": "16:49:09.688882", "frame": 41, "mu": [0.708053996226657, 0.5243694317610099, 1.4510444293118505], "Sigma": [[0.007700059239198067, -0.00481263217025977, -0.008353930748919164], [-0.0048126321702597705, 0.0042872880637895424, 0.0052001463164409074], [-0.008353930748919164, 0.0052001463164409074, 0.0097072151199045]], "chi2_level": 0.95, "chi2_df": 3, "chi2_threshold": 7.814727903251179, "N_raw": 20, "N_roi": 20, "N_inlier": 16, "refit": true}
{"timestamp": "16:49:09.744668", "frame": 42, "mu": [0.6583309623548929, 0.5313356938076692, 1.460742663001592], "Sigma": [[0.002957947071972772, -0.0020055921896240054, -0.004050146274625681], [-0.002005592189624006, 0.00313934483994162, 0.0028625997447415726], [-0.004050146274625681, 0.0028625997447415726, 0.008019210185908713]], "chi2_level": 0.95, "chi2_df": 3, "chi2_threshold": 7.814727903251179, "N_raw": 37, "N_roi": 37, "N_inlier": 35, "refit": true}
{"timestamp": "16:49:09.799910", "frame": 43, "mu": [0.6089424160115106, 0.4970341959298687, 1.4242223156229008], "Sigma": [[0.005016260324717389, -0.0016007890552883985, -0.0057733211083696185], [-0.0016007890552883985, 0.0037588755663700638, -0.006427902202964519], [-0.0057733211083696185, -0.0064279022029645186, 0.05741114093810255]], "chi2_level": 0.95, "chi2_df": 3, "chi2_threshold": 7.814727903251179, "N_raw": 37, "N_roi": 35, "N_inlier": 31, "refit": true}
{"timestamp": "16:49:09.853568", "frame": 44, "mu": [0.6512912017439075, 0.4239787458759687, 1.3108439225386832], "Sigma": [[0.0014891868482943256, -0.0005770816909521937, -0.0010242634349967828], [-0.0005770816909521937, 0.0012520202346291416, -0.0004503793985192327], [-0.0010242634349967828, -0.0004503793985192327, 0.002151886108781853]], "chi2_level": 0.95, "chi2_df": 3, "chi2_threshold": 7.814727903251179, "N_raw": 24, "N_roi": 24, "N_inlier": 22, "refit": true}
{"timestamp": "16:49:09.912113", "frame": 45, "mu": [0.5640781546206145, 0.4469234313488539, 1.330024214591137], "Sigma": [[0.002826628157150613, -0.0025187745951266503, -0.004809571848098263], [-0.0025187745951266503, 0.00290193296953911, 0.004665003648294202], [-0.004809571848098264, 0.004665003648294202, 0.012484352150549898]], "chi2_level": 0.95, "chi2_df": 3, "chi2_threshold": 7.814727903251179, "N_raw": 49, "N_roi": 49, "N_inlier": 43, "refit": true}
{"timestamp": "16:49:09.966746", "frame": 46, "mu": [0.4263469971684854, 0.4486337134594063, 1.4425504802353786], "Sigma": [[0.006331295491649469, -0.0032165945279525442, -0.0072488051165855005], [-0.0032165945279525442, 0.0026576721606854843, 0.003893936401300838], [-0.0072488051165855005, 0.003893936401300838, 0.0123985858479018]], "chi2_level": 0.95, "chi2_df": 3, "chi2_threshold": 7.814727903251179, "N_raw": 49, "N_roi": 49, "N_inlier": 45, "refit": true}
{"timestamp": "16:49:10.018016", "frame": 47, "mu": [0.3460059215292369, 0.45457874005196325, 1.494260444688075], "Sigma": [[0.006118598467989252, -4.212369772723928e-05, -0.00596177714648722], [-4.212369772723931e-05, 0.0005405809219257053, -0.00021139538700389423], [-0.00596177714648722, -0.00021139538700389428, 0.006543468637073503]], "chi2_level": 0.95, "chi2_df": 3, "chi2_threshold": 7.814727903251179, "N_raw": 20, "N_roi": 20, "N_inlier": 19, "refit": true}
{"timestamp": "16:49:10.074072", "frame": 48, "mu": [0.2100998663266991, 0.529842614522537, 1.498545748386495], "Sigma": [[0.001161030606807848, 0.0007078916139270444, -0.001120128558088887], [0.0007078916139270444, 0.0014621051184862373, -0.0014191633951316483], [-0.001120128558088887, -0.0014191633951316485, 0.0016581558496869455]], "chi2_level": 0.95, "chi2_df": 3, "chi2_threshold": 7.814727903251179, "N_raw": 33, "N_roi": 33, "N_inlier": 28, "refit": true}
{"timestamp": "16:49:10.132950", "frame": 49, "mu": [0.23926656785174286, 0.4024275860017602, 1.3554555444461573], "Sigma": [[0.008754001132673958, -0.008298450441677908, -0.011642848605603096], [-0.008298450441677908, 0.009764075121538299, 0.010799013780457334], [-0.011642848605603096, 0.010799013780457334, 0.017448041168012837]], "chi2_level": 0.95, "chi2_df": 3, "chi2_threshold": 7.814727903251179, "N_raw": 57, "N_roi": 57, "N_inlier": 54, "refit": true}
{"timestamp": "16:49:10.187372", "frame": 50, "mu": [0.13183372948476743, 0.48020265551452496, 1.4687431036334155], "Sigma": [[0.0035172146365336407, -0.0009226372452624674, -0.004670683095929688], [-0.0009226372452624675, 0.0016192420950920509, 0.0007174000048259794], [-0.004670683095929688, 0.0007174000048259793, 0.008052271040552552]], "chi2_level": 0.95, "chi2_df": 3, "chi2_threshold": 7.814727903251179, "N_raw": 53, "N_roi": 53, "N_inlier": 49, "refit": true}
{"timestamp": "16:49:10.247844", "frame": 51, "mu": [0.0825349264913524, 0.47393922023899804, 1.4148922464459808], "Sigma": [[0.004485182515094977, -0.0015271321058604776, -0.00617431103231846], [-0.0015271321058604776, 0.0018390642993629462, 0.0002775291798936684], [-0.006174311032318459, 0.0002775291798936684, 0.012911140003582428]], "chi2_level": 0.95, "chi2_df": 3, "chi2_threshold": 7.814727903251179, "N_raw": 96, "N_roi": 96, "N_inlier": 93, "refit": true}
{"timestamp": "16:49:10.306252", "frame": 52, "mu": [-0.01955355953947389, 0.5060693926474759, 1.4403948738000012], "Sigma": [[0.005773178824190828, -0.0018712470247079158, -0.007824109773965193], [-0.0018712470247079158, 0.003210024813653213, -0.0005204738658795868], [-0.007824109773965193, -0.0005204738658795867, 0.015223366959817488]], "chi2_level": 0.95, "chi2_df": 3, "chi2_threshold": 7.814727903251179, "N_raw": 109, "N_roi": 109, "N_inlier": 107, "refit": true}
{"timestamp": "16:49:10.356743", "frame": 53, "mu": [-0.10522111691889222, 0.4943766304304269, 1.5248724632782016], "Sigma": [[0.0018521035025103156, -0.0003973892071057961, -0.001947781844221454], [-0.0003973892071057961, 0.0015746459513205945, -0.001831249030604173], [-0.0019477818442214542, -0.001831249030604173, 0.006988590305518116]], "chi2_level": 0.95, "chi2_df": 3, "chi2_threshold": 7.814727903251179, "N_raw": 85, "N_roi": 85, "N_inlier": 83, "refit": true}
{"timestamp": "16:49:10.408049", "frame": 54, "mu": [-0.14619333477481922, 0.48528020231156843, 1.5007090170328818], "Sigma": [[0.003344095690009805, 9.531525681503742e-05, -0.006007993715860325], [9.531525681503742e-05, 0.0009113032014587812, -0.0024691530712243554], [-0.006007993715860325, -0.0024691530712243554, 0.017874854327248238]], "chi2_level": 0.95, "chi2_df": 3, "chi2_threshold": 7.814727903251179, "N_raw": 59, "N_roi": 59, "N_inlier": 56, "refit": true}
{"timestamp": "16:49:10.461212", "frame": 55, "mu": [-0.24956995407224186, 0.47850005023655195, 1.5651303972528776], "Sigma": [[0.0017543736540076415, -0.0008013420933080941, 0.00035625833864240213], [-0.0008013420933080941, 0.0008404290498751945, -0.0009054089429309417], [0.000356258338642402, -0.0009054089429309417, 0.0017720679185866202]], "chi2_level": 0.95, "chi2_df": 3, "chi2_threshold": 7.814727903251179, "N_raw": 51, "N_roi": 51, "N_inlier": 48, "refit": true}
{"timestamp": "16:49:10.517362", "frame": 56, "mu": [-0.27371231752908226, 0.5717629622058693, -0.3506466107518181], "Sigma": [[0.0012043668278646901, -0.0009127121599499211, -0.0006417588512653322], [-0.0009127121599499211, 0.002285567698687322, -0.0021736024864195277], [-0.0006417588512653322, -0.0021736024864195277, 0.0056945954918800985]], "chi2_level": 0.95, "chi2_df": 3, "chi2_threshold": 7.814727903251179, "N_raw": 57, "N_roi": 57, "N_inlier": 54, "refit": true}
{"timestamp": "16:49:10.571034", "frame": 57, "mu": [-0.32445561257440064, 0.4278877296784571, 1.4476409685841245], "Sigma": [[0.0024311113203347714, 0.0006776211591732148, 0.002510470166450379], [0.0006776211591732148, 0.0011118281693771799, 0.0012949886780575916], [0.0025104701664503794, 0.0012949886780575916, 0.005847828995672473]], "chi2_level": 0.95, "chi2_df": 3, "chi2_threshold": 7.814727903251179, "N_raw": 48, "N_roi": 48, "N_inlier": 42, "refit": true}
{"timestamp": "16:49:10.627008", "frame": 58, "mu": [-0.330747981184043, 0.4516107766034575, 1.366184582615824], "Sigma": [[0.0016320346142713132, -0.0006876913003276135, 0.0005713578168935556], [-0.0006876913003276135, 0.0010681628851321797, -0.0016931897742438217], [0.0005713578168935556, -0.0016931897742438217, 0.0035782078307977933]], "chi2_level": 0.95, "chi2_df": 3, "chi2_threshold": 7.814727903251179, "N_raw": 55, "N_roi": 55, "N_inlier": 54, "refit": true}
{"timestamp": "16:49:10.679430", "frame": 59, "mu": [-0.3875139182160739, 0.5872820638794126, -0.48868989513525074], "Sigma": [[0.009519766344212893, 0.005856301921763819, -0.006424858980413609], [0.005856301921763819, 0.005322589925524889, -0.005749305223281768], [-0.006424858980413609, -0.005749305223281768, 0.006795190664211922]], "chi2_level": 0.95, "chi2_df": 3, "chi2_threshold": 7.814727903251179, "N_raw": 40, "N_roi": 40, "N_inlier": 34, "refit": true}
{"timestamp": "16:49:10.744748", "frame": 60, "mu": [-0.5647330174589378, 0.4207567661871977, 1.5204147590578616], "Sigma": [[0.016957787347269146, 0.007496417556901737, -0.01382834900613689], [0.007496417556901738, 0.005755479649818789, -0.009337378887156106], [-0.01382834900613689, -0.009337378887156106, 0.017979314346191176]], "chi2_level": 0.95, "chi2_df": 3, "chi2_threshold": 7.814727903251179, "N_raw": 110, "N_roi": 108, "N_inlier": 102, "refit": true}
{"timestamp": "16:49:10.798339", "frame": 61, "mu": [-0.6623130724281487, 0.36519289535783467, 0.096040483686565], "Sigma": [[0.01460641390205371, 0.003262839578083534, 0.06788879865804537], [0.003262839578083534, 0.002494245427539405, 0.01585574468451595], [0.06788879865804537, 0.01585574468451595, 0.6181756254370491]], "chi2_level": 0.95, "chi2_df": 3, "chi2_threshold": 7.814727903251179, "N_raw": 97, "N_roi": 97, "N_inlier": 95, "refit": true}
{"timestamp": "16:49:10.854299", "frame": 62, "mu": [-0.7033069177654947, 0.3460385649217037, 1.536933288095473], "Sigma": [[0.01716725831419744, 0.000675474987191066, -0.013257820267519742], [0.0006754749871910662, 0.0014450904917799295, -0.000298381362119314], [-0.013257820267519744, -0.0002983813621193141, 0.02374318424939717]], "chi2_level": 0.95, "chi2_df": 3, "chi2_threshold": 7.814727903251179, "N_raw": 94, "N_roi": 94, "N_inlier": 91, "refit": true}
{"timestamp": "16:49:10.905842", "frame": 63, "mu": [-0.8227710169224052, 0.3392692253245236, 1.5387317498502182], "Sigma": [[0.008525466823539671, 0.0033286440317423626, 0.0016139381589499622], [0.0033286440317423626, 0.002717599010606581, -0.0014245537539284848], [0.0016139381589499618, -0.0014245537539284848, 0.007245833810489579]], "chi2_level": 0.95, "chi2_df": 3, "chi2_threshold": 7.814727903251179, "N_raw": 76, "N_roi": 76, "N_inlier": 74, "refit": true}
{"timestamp": "16:49:10.960970", "frame": 64, "mu": [-0.8520125943856741, 0.5008895303268308, -0.29829676127714255], "Sigma": [[0.007497523002501436, 0.0016116481705996505, 0.0018552002102189945], [0.0016116481705996505, 0.003608507332715019, -0.002132076744034314], [0.0018552002102189945, -0.002132076744034314, 0.00434709403982858]], "chi2_level": 0.95, "chi2_df": 3, "chi2_threshold": 7.814727903251179, "N_raw": 77, "N_roi": 77, "N_inlier": 71, "refit": true}
{"timestamp": "16:49:11.017569", "frame": 65, "mu": [-0.8993732334982945, 0.3869971755969978, 1.522306808828546], "Sigma": [[0.009522098114082339, 0.0034382710944596915, 0.0010721682599769914], [0.0034382710944596915, 0.003502511667966338, -0.0005944969573333149], [0.0010721682599769918, -0.0005944969573333149, 0.008348845505921505]], "chi2_level": 0.95, "chi2_df": 3, "chi2_threshold": 7.814727903251179, "N_raw": 89, "N_roi": 89, "N_inlier": 81, "refit": true}
{"timestamp": "16:49:11.069414", "frame": 66, "mu": [-0.6442587103320565, 0.3096928123175754, 1.4963629281348276], "Sigma": [[0.5318171435775764, -0.021600871316060817, 0.012495002139641376], [-0.021600871316060817, 0.005600691894063263, -0.0028610340339655996], [0.012495002139641376, -0.0028610340339655996, 0.0021945870367976366]], "chi2_level": 0.95, "chi2_df": 3, "chi2_threshold": 7.814727903251179, "N_raw": 71, "N_roi": 71, "N_inlier": 68, "refit": true}
{"timestamp": "16:49:11.125251", "frame": 67, "mu": [-0.7180243723277915, 0.47445614233363087, -0.41043750013119845], "Sigma": [[0.533603912120409, -0.02930214333138537, 0.0010017690642039928], [-0.029302143331385373, 0.009055393501191115, -0.0010934705570763603], [0.0010017690642039933, -0.0010934705570763603, 0.0012193258159535723]], "chi2_level": 0.95, "chi2_df": 3, "chi2_threshold": 7.814727903251179, "N_raw": 74, "N_roi": 74, "N_inlier": 70, "refit": true}
{"timestamp": "16:49:11.181010", "frame": 68, "mu": [-1.0687622535584853, 0.4688328774871588, 1.5104666167209828], "Sigma": [[0.008897928701763511, 0.0024083409330314313, -0.0005852264093993673], [0.0024083409330314313, 0.007802236399841025, -0.003510875365648351], [-0.0005852264093993672, -0.003510875365648351, 0.0037847348140450827]], "chi2_level": 0.95, "chi2_df": 3, "chi2_threshold": 7.814727903251179, "N_raw": 76, "N_roi": 76, "N_inlier": 71, "refit": true}
{"timestamp": "16:49:11.234359", "frame": 69, "mu": [-1.1280270957482246, 0.44996720902859483, 1.482406968322196], "Sigma": [[0.007241127913739366, 0.0015236217082893492, 0.0006661277985752768], [0.0015236217082893492, 0.007699021125278677, -0.005204092951662084], [0.0006661277985752771, -0.005204092951662083, 0.004873166450865682]], "chi2_level": 0.95, "chi2_df": 3, "chi2_threshold": 7.814727903251179, "N_raw": 69, "N_roi": 69, "N_inlier": 66, "refit": true}
{"timestamp": "16:49:11.290865", "frame": 70, "mu": [-1.1134149214261648, 0.43236596773350044, 1.3706312099860154], "Sigma": [[0.08798418873583723, -0.0009346958265273682, -0.00278424079853343], [-0.0009346958265273682, 0.008430856344216921, -0.002847221446645315], [-0.0027842407985334302, -0.002847221446645315, 0.001952177031854754]], "chi2_level": 0.95, "chi2_df": 3, "chi2_threshold": 7.814727903251179, "N_raw": 74, "N_roi": 74, "N_inlier": 65, "refit": true}
{"timestamp": "16:49:11.346431", "frame": 71, "mu": [-1.1852117192462566, 0.5211072568298981, 1.4797377061052726], "Sigma": [[0.009285486771361843, 0.0011195808078026373, -0.0021992790814084826], [0.0011195808078026377, 0.011834332197514426, -0.004915202519480401], [-0.0021992790814084826, -0.004915202519480401, 0.0032757969964947397]], "chi2_level": 0.95, "chi2_df": 3, "chi2_threshold": 7.814727903251179, "N_raw": 79, "N_roi": 79, "N_inlier": 76, "refit": true}
{"timestamp": "16:49:11.400870", "frame": 72, "mu": [-1.2354231747965652, 0.48186102721219926, 1.394688181083034], "Sigma": [[0.0073674402332126855, 0.0010199255834839576, -0.0002804159235079777], [0.0010199255834839576, 0.009453894696454702, -0.005837870077778128], [-0.00028041592350797756, -0.005837870077778128, 0.007825135796073218]], "chi2_level": 0.95, "chi2_df": 3, "chi2_threshold": 7.814727903251179, "N_raw": 73, "N_roi": 73, "N_inlier": 68, "refit": true}
{"timestamp": "16:49:11.456769", "frame": 73, "mu": [-1.2760957074260084, 0.5376704496247784, 1.4096329658941882], "Sigma": [[0.008829749198153802, 0.0039436774555691705, -0.00029168053090670076], [0.0039436774555691705, 0.006818310349525271, -0.00542967830971101], [-0.000291680530906701, -0.005429678309711011, 0.009355052053335281]], "chi2_level": 0.95, "chi2_df": 3, "chi2_threshold": 7.814727903251179, "N_raw": 74, "N_roi": 74, "N_inlier": 69, "refit": true}
{"timestamp": "16:49:11.510521", "frame": 74, "mu": [-1.3157325094433352, 0.7335419768068923, -0.36040820739416957], "Sigma": [[0.012586150421232631, 0.0033484970013420504, -0.0011852010278651708], [0.0033484970013420504, 0.007614389595192031, -0.005432366450576402], [-0.0011852010278651708, -0.005432366450576402, 0.005367665678847913]], "chi2_level": 0.95, "chi2_df": 3, "chi2_threshold": 7.814727903251179, "N_raw": 79, "N_roi": 79, "N_inlier": 76, "refit": true}
{"timestamp": "16:49:11.562113", "frame": 75, "mu": [-1.3830059467436653, 0.6035461590080274, 1.41827881376644], "Sigma": [[0.006547652053849931, 0.0025429134398515683, 0.0004549940705015164], [0.0025429134398515687, 0.008945422577050948, -0.004710262369712177], [0.0004549940705015165, -0.004710262369712177, 0.005983603527329971]], "chi2_level": 0.95, "chi2_df": 3, "chi2_threshold": 7.814727903251179, "N_raw": 54, "N_roi": 54, "N_inlier": 52, "refit": true}
{"timestamp": "16:49:11.619432", "frame": 76, "mu": [-1.4297809300958313, 0.779714310556826, -0.38913084221958477], "Sigma": [[0.008479353491414297, 0.0028311577233305863, 0.0030707396732910447], [0.0028311577233305863, 0.012303444097800103, -0.0005232383464123669], [0.0030707396732910443, -0.0005232383464123667, 0.020087028361026948]], "chi2_level": 0.95, "chi2_df": 3, "chi2_threshold": 7.814727903251179, "N_raw": 73, "N_roi": 73, "N_inlier": 70, "refit": true}
{"timestamp": "16:49:11.672568", "frame": 77, "mu": [-1.4703053258377357, 0.6335420449526035, 1.3828336380611919], "Sigma": [[0.009717016082137998, 0.0043332895296622955, -0.002694548254030183], [0.004333289529662295, 0.010825124738818977, -0.005395488349490706], [-0.0026945482540301825, -0.005395488349490706, 0.0034674899471032437]], "chi2_level": 0.95, "chi2_df": 3, "chi2_threshold": 7.814727903251179, "N_raw": 59, "N_roi": 59, "N_inlier": 58, "refit": true}
{"timestamp": "16:49:11.729772", "frame": 78, "mu": [-1.5546141055788796, 0.7150361915281238, 1.344453860937078], "Sigma": [[0.007324054640904675, 0.004124245854773001, 0.001546019243800599], [0.004124245854773002, 0.0060522883172659135, -0.0028842814858677196], [0.0015460192438005989, -0.00288428148586772, 0.028213412341811038]], "chi2_level": 0.95, "chi2_df": 3, "chi2_threshold": 7.814727903251179, "N_raw": 66, "N_roi": 66, "N_inlier": 63, "refit": true}
{"timestamp": "16:49:11.784305", "frame": 79, "mu": [-1.573203645203788, 0.7275535592182006, 1.3136725048256028], "Sigma": [[0.011352899655381301, 0.005095121992861379, 0.0016693245637701172], [0.005095121992861379, 0.006381050886600585, -0.0044375045692951875], [0.0016693245637701172, -0.0044375045692951875, 0.014229167088179277]], "chi2_level": 0.95, "chi2_df": 3, "chi2_threshold": 7.814727903251179, "N_raw": 71, "N_roi": 71, "N_inlier": 69, "refit": true}
{"timestamp": "16:49:11.837344", "frame": 80, "mu": [-1.649544644156344, 0.9185699175500357, -0.3328367556748414], "Sigma": [[0.009067857202779615, 0.005021056010813324, -0.00155684912089373], [0.005021056010813324, 0.011107898938296279, -0.006117379695584083], [-0.0015568491208937298, -0.006117379695584084, 0.004881360173518129]], "chi2_level": 0.95, "chi2_df": 3, "chi2_threshold": 7.814727903251179, "N_raw": 57, "N_roi": 57, "N_inlier": 52, "refit": true}
{"timestamp": "16:49:11.891828", "frame": 81, "mu": [-1.64018935174023, 0.7705762636283761, 1.323992332505078], "Sigma": [[0.007551635116725879, 0.006337336276811814, 1.3322929966766997e-05], [0.006337336276811813, 0.008768147135570585, -0.0027568054901252383], [1.3322929966766835e-05, -0.0027568054901252383, 0.01812320529088389]], "chi2_level": 0.95, "chi2_df": 3, "chi2_threshold": 7.814727903251179, "N_raw": 56, "N_roi": 56, "N_inlier": 52, "refit": true}
{"timestamp": "16:49:11.946351", "frame": 82, "mu": [-1.6626375742380424, 0.9530056260458778, -0.47760225190930045], "Sigma": [[0.006350632048610327, 0.006459215902417256, 0.0029322272683578836], [0.0064592159024172546, 0.020145783242750473, 0.004807027326627442], [0.002932227268357883, 0.004807027326627441, 0.00755588054547338]], "chi2_level": 0.95, "chi2_df": 3, "chi2_threshold": 7.814727903251179, "N_raw": 46, "N_roi": 46, "N_inlier": 43, "refit": true}
{"timestamp": "16:49:12.000985", "frame": 83, "mu": [-1.754970151424642, 1.0250168140949176, -0.47488122494287466], "Sigma": [[0.007743555850498968, 0.006718891774750577, 0.0015791881953716828], [0.006718891774750577, 0.021549362756858464, 0.0038619127763997066], [0.0015791881953716828, 0.0038619127763997066, 0.005556709350964211]], "chi2_level": 0.95, "chi2_df": 3, "chi2_threshold": 7.814727903251179, "N_raw": 49, "N_roi": 49, "N_inlier": 48, "refit": true}
{"timestamp": "16:49:12.056786", "frame": 84, "mu": [-1.757585992565284, 1.0122360438184483, 1.3866096084098256], "Sigma": [[0.010705642589321857, 0.0038713805825866133, -0.0017583450762118074], [0.0038713805825866133, 0.005670347083527101, -0.0012048711232331083], [-0.0017583450762118074, -0.0012048711232331086, 0.01466172401370515]], "chi2_level": 0.95, "chi2_df": 3, "chi2_threshold": 7.814727903251179, "N_raw": 50, "N_roi": 50, "N_inlier": 47, "refit": true}
{"timestamp": "16:49:12.113208", "frame": 85, "mu": [-1.831195851595933, 1.041012165209911, 1.510005967255022], "Sigma": [[0.012363398447292302, 0.005993300032159108, -0.0012689237145261636], [0.005993300032159108, 0.012243701145393061, 0.002602077008872813], [-0.0012689237145261636, 0.0026020770088728135, 0.0237550431941943]], "chi2_level": 0.95, "chi2_df": 3, "chi2_threshold": 7.814727903251179, "N_raw": 61, "N_roi": 61, "N_inlier": 56, "refit": true}
{"timestamp": "16:49:12.164378", "frame": 86, "mu": [-1.8996937974577475, 1.0612940367513761, 1.5228100354171539], "Sigma": [[0.008873335456335613, 0.005437528017419651, -0.00591601006359185], [0.005437528017419651, 0.009674305923648263, -0.007315024571607277], [-0.00591601006359185, -0.007315024571607277, 0.006803547071323413]], "chi2_level": 0.95, "chi2_df": 3, "chi2_threshold": 7.814727903251179, "N_raw": 39, "N_roi": 39, "N_inlier": 39, "refit": true}
{"timestamp": "16:49:12.224170", "frame": 87, "mu": [-1.8936550493754116, 1.0726315721547168, 1.3647020285256384], "Sigma": [[0.01030047200118186, 0.007230880742316772, 0.0014378032824039469], [0.007230880742316773, 0.010183529304661315, 0.002076864078031364], [0.0014378032824039469, 0.002076864078031364, 0.04044916851740962]], "chi2_level": 0.95, "chi2_df": 3, "chi2_threshold": 7.814727903251179, "N_raw": 63, "N_roi": 63, "N_inlier": 57, "refit": true}
{"timestamp": "16:49:12.279260", "frame": 88, "mu": [-1.924361774252813, 1.1736255138668434, 1.4567355147912395], "Sigma": [[0.01207577847518815, 0.007607631358096931, -0.004065583360069697], [0.007607631358096931, 0.010798134473005557, -0.007418113356439944], [-0.004065583360069697, -0.007418113356439943, 0.03174079238966522]], "chi2_level": 0.95, "chi2_df": 3, "chi2_threshold": 7.814727903251179, "N_raw": 70, "N_roi": 70, "N_inlier": 62, "refit": true}
{"timestamp": "16:49:12.336739", "frame": 89, "mu": [-2.037473845398375, 1.139770347333029, 1.1711956510620676], "Sigma": [[0.02443010215387128, 0.02990073750513349, 0.057656401550902715], [0.02990073750513349, 0.04766973795552906, 0.08956326768952268], [0.057656401550902715, 0.08956326768952268, 0.24596227575796534]], "chi2_level": 0.95, "chi2_df": 3, "chi2_threshold": 7.814727903251179, "N_raw": 77, "N_roi": 77, "N_inlier": 75, "refit": true}
{"timestamp": "16:49:12.386495", "frame": 90, "mu": [-2.061513009314888, 1.206039737112596, 1.5624954889540335], "Sigma": [[0.010375516073853041, 0.006754891706476446, -0.008501725112684171], [0.006754891706476445, 0.014105647816635418, -0.010148136489936507], [-0.008501725112684171, -0.010148136489936507, 0.010451904841057525]], "chi2_level": 0.95, "chi2_df": 3, "chi2_threshold": 7.814727903251179, "N_raw": 52, "N_roi": 52, "N_inlier": 46, "refit": true}
