{"timestamp": "16:35:53.558261", "frame": 38, "mu": [-2.408768123372989, 4.329442652281616, 0.9838075231745407], "Sigma": [[0.0038875890607688525, 0.0016959922090085552, -0.0013671553611971073], [0.0016959922090085554, 0.0037100734967759883, -0.001874483598867687], [-0.0013671553611971073, -0.001874483598867687, 0.001229608277185751]], "chi2_level": 0.95, "chi2_df": 3, "chi2_threshold": 7.814727903251179, "N_raw": 44, "N_roi": 12, "N_inlier": 12, "refit": true}
{"timestamp": "16:35:53.773271", "frame": 42, "mu": [-2.3414953837149257, 4.2818026972107095, 0.9481217666927224], "Sigma": [[0.0012970189170734845, 0.0011945981719424532, -0.0032019174399034855], [0.0011945981719424532, 0.007064581692490788, -0.008274428874485193], [-0.0032019174399034855, -0.008274428874485193, 0.013449343649619099]], "chi2_level": 0.95, "chi2_df": 3, "chi2_threshold": 7.814727903251179, "N_raw": 5, "N_roi": 5, "N_inlier": 5, "refit": true}
{"timestamp": "16:35:53.830837", "frame": 43, "mu": [-2.3287057167347895, 4.208799013704861, 1.0162971926938056], "Sigma": [[0.01066632433952445, 0.004139111676390325, -0.002483075430587658], [0.004139111676390325, 0.00531142792179528, -0.0017367331888341786], [-0.002483075430587658, -0.0017367331888341786, 0.0009213006820836537]], "chi2_level": 0.95, "chi2_df": 3, "chi2_threshold": 7.814727903251179, "N_raw": 21, "N_roi": 18, "N_inlier": 18, "refit": true}
{"timestamp": "16:35:53.883213", "frame": 44, "mu": [-2.317742525462959, 4.226061564351571, 0.9213967354624243], "Sigma": [[0.003063567473022618, 0.00457811456325562, -0.0061694346101842145], [0.00457811456325562, 0.008883561843597515, -0.01055894622549392], [-0.0061694346101842145, -0.01055894622549392, 0.013569563541157362]], "chi2_level": 0.95, "chi2_df": 3, "chi2_threshold": 7.814727903251179, "N_raw": 5, "N_roi": 5, "N_inlier": 5, "refit": true}
{"timestamp": "16:35:53.994668", "frame": 46, "mu": [-2.102913377604318, 4.24489908846066, 1.0006700225249963], "Sigma": [[0.008996242625970692, 0.00018600573223576567, -0.0002736966624704066], [0.00018600573223576567, 0.0063765470339237915, -0.0024150322859155453], [-0.00027369666247040647, -0.0024150322859155453, 0.0012642588912250806]], "chi2_level": 0.95, "chi2_df": 3, "chi2_threshold": 7.814727903251179, "N_raw": 12, "N_roi": 12, "N_inlier": 11, "refit": true}
{"timestamp": "16:35:54.049130", "frame": 47, "mu": [-2.1243650097657008, 4.2466009786053425, 0.9352517239645005], "Sigma": [[0.013206640250487648, 0.004421193109176682, -0.007424541980240025], [0.004421193109176682, 0.001992595446139333, -0.0028969395134547005], [-0.007424541980240024, -0.0028969395134547005, 0.007590183436298438]], "chi2_level": 0.95, "chi2_df": 3, "chi2_threshold": 7.814727903251179, "N_raw": 15, "N_roi": 12, "N_inlier": 11, "refit": true}
{"timestamp": "16:35:54.104907", "frame": 48, "mu": [-2.0790658740428007, 4.29306494360676, 0.12880770261385097], "Sigma": [[0.014411351297077523, 0.006242216812051881, -0.0016973527764837899], [0.006242216812051881, 0.0049101472468047426, -0.0011104528884545066], [-0.0016973527764837899, -0.0011104528884545066, 0.00046661718351728796]], "chi2_level": 0.95, "chi2_df": 3, "chi2_threshold": 7.814727903251179, "N_raw": 24, "N_roi": 22, "N_inlier": 20, "refit": true}
{"timestamp": "16:35:54.164461", "frame": 49, "mu": [-2.043199851514446, 4.188070463625087, 1.098214830736227], "Sigma": [[0.02027124742046724, 0.006275353488896617, -0.011698921673447622], [0.006275353488896617, 0.0061116410152451525, -0.0025010972247119026], [-0.011698921673447622, -0.0025010972247119026, 0.008346330281706575]], "chi2_level": 0.95, "chi2_df": 3, "chi2_threshold": 7.814727903251179, "N_raw": 34, "N_roi": 34, "N_inlier": 33, "refit": true}
{"timestamp": "16:35:54.217861", "frame": 50, "mu": [-1.865396737084613, 4.272154052421571, 1.0808552656661492], "Sigma": [[0.012507250815307727, 0.002034313721700938, -0.0067498284602176845], [0.002034313721700938, 0.004989568369995096, 0.0013114394035708202], [-0.0067498284602176845, 0.0013114394035708202, 0.006003273678157203]], "chi2_level": 0.95, "chi2_df": 3, "chi2_threshold": 7.814727903251179, "N_raw": 23, "N_roi": 23, "N_inlier": 23, "refit": true}
{"timestamp": "16:35:54.325279", "frame": 52, "mu": [-1.631619488191771, 3.7290471115694555, 1.1045490978064074], "Sigma": [[0.4568450064385632, -0.9568833667634067, 0.17842313598181], [-0.9568833667634067, 2.016189426429294, -0.3763515268910708], [0.17842313598181, -0.37635152689107076, 0.07026759950637253]], "chi2_level": 0.95, "chi2_df": 3, "chi2_threshold": 7.814727903251179, "N_raw": 6, "N_roi": 5, "N_inlier": 5, "refit": true}
{"timestamp": "16:35:54.380145", "frame": 53, "mu": [-1.882367452625712, 4.257382746135553, 1.0759557597685614], "Sigma": [[0.001063730793460286, 5.988916494987649e-05, 0.0017917318288410166], [5.9889164949876385e-05, 0.006327167551427549, -0.002144794263471872], [0.0017917318288410166, -0.002144794263471872, 0.00982652135244194]], "chi2_level": 0.95, "chi2_df": 3, "chi2_threshold": 7.814727903251179, "N_raw": 8, "N_roi": 5, "N_inlier": 5, "refit": true}
{"timestamp": "16:35:54.435610", "frame": 54, "mu": [-1.801848484693708, 4.27803798678202, 1.0711766361616113], "Sigma": [[0.00047832159368231943, 0.0006967291043342525, -0.00019462862736943567], [0.0006967291043342525, 0.005911673177526521, -0.007402832671650313], [-0.00019462862736943577, -0.007402832671650314, 0.014170907159254816]], "chi2_level": 0.95, "chi2_df": 3, "chi2_threshold": 7.814727903251179, "N_raw": 9, "N_roi": 5, "N_inlier": 5, "refit": true}
{"timestamp": "16:35:54.490395", "frame": 55, "mu": [-1.6969303682899963, 4.28305967109215, 0.8459386520099019], "Sigma": [[0.013564623500266977, 0.007451440657314851, -0.05034701733684821], [0.007451440657314853, 0.020598071108311, -0.04066890529416188], [-0.05034701733684821, -0.04066890529416188, 0.22688472381469496]], "chi2_level": 0.95, "chi2_df": 3, "chi2_threshold": 7.814727903251179, "N_raw": 7, "N_roi": 6, "N_inlier": 6, "refit": true}
{"timestamp": "16:35:54.551142", "frame": 56, "mu": [-1.7235578662350421, 4.262881042132396, 1.0718621051746657], "Sigma": [[0.02757525059695449, 0.01096362393978741, -0.016010728493699524], [0.01096362393978741, 0.009316835759498246, -0.007526298657216631], [-0.016010728493699524, -0.007526298657216631, 0.010419795361699654]], "chi2_level": 0.95, "chi2_df": 3, "chi2_threshold": 7.814727903251179, "N_raw": 49, "N_roi": 45, "N_inlier": 45, "refit": true}
{"timestamp": "16:35:54.602368", "frame": 57, "mu": [-1.6954908263695838, 4.2761663940333525, 1.0698755085445717], "Sigma": [[0.012826648125118014, 0.004632300372654653, -0.00878655125093433], [0.004632300372654653, 0.0031408719643027487, -0.004430627026422779], [-0.00878655125093433, -0.004430627026422778, 0.007616574749408237]], "chi2_level": 0.95, "chi2_df": 3, "chi2_threshold": 7.814727903251179, "N_raw": 19, "N_roi": 15, "N_inlier": 14, "refit": true}
{"timestamp": "16:35:54.657064", "frame": 58, "mu": [-1.5918423817777712, 4.264128418130913, 1.084961773902279], "Sigma": [[0.02001118070661235, 0.005264453165979305, -0.010327353047238958], [0.005264453165979305, 0.0027474129359055708, -0.004001219461778025], [-0.010327353047238958, -0.004001219461778025, 0.007885229335430137]], "chi2_level": 0.95, "chi2_df": 3, "chi2_threshold": 7.814727903251179, "N_raw": 23, "N_roi": 23, "N_inlier": 23, "refit": true}
{"timestamp": "16:35:54.715788", "frame": 59, "mu": [-1.5300550279404967, 4.3060989223001505, 1.1010266025810744], "Sigma": [[0.027950005255795354, 0.00876665243464033, -0.01402915981148474], [0.00876665243464033, 0.006781912401909288, -0.006175038755951127], [-0.01402915981148474, -0.006175038755951127, 0.009131349620969913]], "chi2_level": 0.95, "chi2_df": 3, "chi2_threshold": 7.814727903251179, "N_raw": 47, "N_roi": 45, "N_inlier": 45, "refit": true}
{"timestamp": "16:35:54.768612", "frame": 60, "mu": [-1.567064355634351, 4.267152800300861, 1.1497231686329388], "Sigma": [[0.021497061051294633, 0.006739094464898848, -0.007624782272423967], [0.006739094464898848, 0.00448279261734529, -0.003882603028685397], [-0.007624782272423968, -0.003882603028685397, 0.005455440543791844]], "chi2_level": 0.95, "chi2_df": 3, "chi2_threshold": 7.814727903251179, "N_raw": 33, "N_roi": 32, "N_inlier": 31, "refit": true}
{"timestamp": "16:35:54.825583", "frame": 61, "mu": [-1.5040425959287096, 4.288756407251786, 1.1535701426929672], "Sigma": [[0.02481283331495563, 0.004580600498781055, -0.012656089173081591], [0.004580600498781055, 0.0035539251323323086, -0.0028212140010146227], [-0.012656089173081591, -0.0028212140010146227, 0.008317547287385728]], "chi2_level": 0.95, "chi2_df": 3, "chi2_threshold": 7.814727903251179, "N_raw": 36, "N_roi": 35, "N_inlier": 34, "refit": true}
{"timestamp": "16:35:54.882427", "frame": 62, "mu": [-1.3317258829117424, 4.350582715128993, 0.9762872422268283], "Sigma": [[0.029546882794861437, 0.0037436041532641394, -0.007701027728247708], [0.0037436041532641394, 0.003598734207266188, -0.0071635478407998466], [-0.007701027728247708, -0.0071635478407998466, 0.017727679880463778]], "chi2_level": 0.95, "chi2_df": 3, "chi2_threshold": 7.814727903251179, "N_raw": 60, "N_roi": 60, "N_inlier": 60, "refit": true}
{"timestamp": "16:35:54.931139", "frame": 63, "mu": [-1.200239435417033, 4.424195513204624, 1.0995115248594955], "Sigma": [[0.0017315934748865073, -0.0028354233346910805, -0.002255056564721053], [-0.002835423334691081, 0.012788752110097832, 0.018352530848745763], [-0.002255056564721053, 0.018352530848745763, 0.030225260920933732]], "chi2_level": 0.95, "chi2_df": 3, "chi2_threshold": 7.814727903251179, "N_raw": 5, "N_roi": 5, "N_inlier": 5, "refit": true}
{"timestamp": "16:35:54.984773", "frame": 64, "mu": [-1.1215437749898178, 4.440843716124314, 1.0907446718086062], "Sigma": [[0.0030826671097169633, 0.0015672689280976776, 0.001565195306087844], [0.0015672689280976778, 0.008058772982139806, 0.005336041271232322], [0.0015651953060878438, 0.005336041271232322, 0.0049106880202116785]], "chi2_level": 0.95, "chi2_df": 3, "chi2_threshold": 7.814727903251179, "N_raw": 10, "N_roi": 7, "N_inlier": 7, "refit": true}
{"timestamp": "16:35:55.046711", "frame": 65, "mu": [-1.1803077994199198, 4.353877052359099, 1.0780661982776953], "Sigma": [[0.025096820194698537, 0.007305406344041133, -0.008441423342853268], [0.007305406344041132, 0.007425801523081342, 0.0006700725653080378], [-0.008441423342853267, 0.0006700725653080382, 0.005386901390987876]], "chi2_level": 0.95, "chi2_df": 3, "chi2_threshold": 7.814727903251179, "N_raw": 48, "N_roi": 43, "N_inlier": 42, "refit": true}
{"timestamp": "16:35:55.102200", "frame": 66, "mu": [-1.1295830380402434, 4.33720133462977, 1.0044315287977692], "Sigma": [[0.020439153564423926, 0.006877095074756538, -0.008979383497416516], [0.006877095074756538, 0.010861237504892185, -0.0013180600000716421], [-0.008979383497416516, -0.0013180600000716421, 0.008723490972221698]], "chi2_level": 0.95, "chi2_df": 3, "chi2_threshold": 7.814727903251179, "N_raw": 53, "N_roi": 53, "N_inlier": 52, "refit": true}
{"timestamp": "16:35:55.152431", "frame": 67, "mu": [-1.1156411101474497, 4.275650895728165, 1.0365373761198182], "Sigma": [[0.009625790539180163, 0.0006762847807811902, -0.00507034074423469], [0.0006762847807811902, 0.0019974414762291763, -0.0003777580876131877], [-0.005070340744234689, -0.0003777580876131878, 0.003985309150018873]], "chi2_level": 0.95, "chi2_df": 3, "chi2_threshold": 7.814727903251179, "N_raw": 20, "N_roi": 19, "N_inlier": 18, "refit": true}
{"timestamp": "16:35:55.209381", "frame": 68, "mu": [-0.9915032185716203, 4.326250976203909, 1.0048857503836386], "Sigma": [[0.021759967463787465, 0.0029966224135920747, -0.01438464074765942], [0.0029966224135920742, 0.003688717591643304, -0.00225168851047167], [-0.014384640747659421, -0.00225168851047167, 0.011001534320850553]], "chi2_level": 0.95, "chi2_df": 3, "chi2_threshold": 7.814727903251179, "N_raw": 39, "N_roi": 38, "N_inlier": 37, "refit": true}
{"timestamp": "16:35:55.316219", "frame": 70, "mu": [-0.8062517921258716, 4.423115260710124, 1.2980628030426564], "Sigma": [[0.010885999274902797, 0.0019577852885984486, -0.001058859210305808], [0.0019577852885984486, 0.0012049186557396292, 0.0004598204804503578], [-0.0010588592103058078, 0.00045982048045035767, 0.004915097907166179]], "chi2_level": 0.95, "chi2_df": 3, "chi2_threshold": 7.814727903251179, "N_raw": 17, "N_roi": 13, "N_inlier": 11, "refit": true}
{"timestamp": "16:35:55.375669", "frame": 71, "mu": [-0.8615873552179291, 4.300526476532436, 1.0797625327528], "Sigma": [[0.030076350890302195, 0.004680688100907467, -0.013744712868176322], [0.004680688100907467, 0.003830121259336122, -0.0017832800278421044], [-0.013744712868176322, -0.0017832800278421044, 0.0073288785513455435]], "chi2_level": 0.95, "chi2_df": 3, "chi2_threshold": 7.814727903251179, "N_raw": 44, "N_roi": 40, "N_inlier": 39, "refit": true}
{"timestamp": "16:35:55.429266", "frame": 72, "mu": [-0.8181166225697117, 4.31520393480728, 1.1635959653173003], "Sigma": [[0.006036395527320974, 0.0014015758480721747, -0.002733189047981037], [0.001401575848072175, 0.0028493461940529295, 0.00011554099098258018], [-0.002733189047981037, 0.00011554099098258018, 0.002353205865698072]], "chi2_level": 0.95, "chi2_df": 3, "chi2_threshold": 7.814727903251179, "N_raw": 18, "N_roi": 12, "N_inlier": 11, "refit": true}
{"timestamp": "16:35:55.486411", "frame": 73, "mu": [-0.8072656134332024, 4.2565197663306815, 1.1333371349863703], "Sigma": [[0.03696838813317738, 0.004164768489750776, -0.009941385503843651], [0.004164768489750776, 0.003990747952320781, 8.305962448721963e-05], [-0.009941385503843651, 8.305962448721967e-05, 0.004359605581662511]], "chi2_level": 0.95, "chi2_df": 3, "chi2_threshold": 7.814727903251179, "N_raw": 50, "N_roi": 46, "N_inlier": 44, "refit": true}
{"timestamp": "16:35:55.543825", "frame": 74, "mu": [-0.7161926789303873, 4.308146744207167, 1.1447135813837446], "Sigma": [[0.031557119588172367, 0.0062330721272332405, -0.006722052154865861], [0.0062330721272332405, 0.008195122720817377, 0.00276604453897007], [-0.006722052154865861, 0.00276604453897007, 0.005090837565685918]], "chi2_level": 0.95, "chi2_df": 3, "chi2_threshold": 7.814727903251179, "N_raw": 59, "N_roi": 53, "N_inlier": 52, "refit": true}
{"timestamp": "16:35:55.591864", "frame": 75, "mu": [-0.7309177275380543, 4.2803189576521765, 1.1528394649483555], "Sigma": [[0.013370945933574572, 0.002184015051990248, -0.0024371604263787], [0.002184015051990248, 0.0011875967957718529, -0.0002062697142742402], [-0.0024371604263787004, -0.00020626971427424018, 0.0005829808668969664]], "chi2_level": 0.95, "chi2_df": 3, "chi2_threshold": 7.814727903251179, "N_raw": 14, "N_roi": 12, "N_inlier": 11, "refit": true}
{"timestamp": "16:35:55.702365", "frame": 77, "mu": [-0.6623766512359393, 4.325779859889137, 1.178144253787976], "Sigma": [[0.00790062926405833, 0.008116639195118663, 0.004479711940260626], [0.008116639195118663, 0.013620702178182925, 0.004999132916553339], [0.004479711940260626, 0.00499913291655334, 0.00525787805177471]], "chi2_level": 0.95, "chi2_df": 3, "chi2_threshold": 7.814727903251179, "N_raw": 19, "N_roi": 6, "N_inlier": 6, "refit": true}
{"timestamp": "16:35:55.761231", "frame": 78, "mu": [-0.5309839397968605, 4.413670427796285, 1.315872491904884], "Sigma": [[0.030202231981749813, 0.007959002688973841, -0.003582371024962494], [0.007959002688973841, 0.008070136971095055, 0.00564964411362919], [-0.0035823710249624943, 0.00564964411362919, 0.00898624665824391]], "chi2_level": 0.95, "chi2_df": 3, "chi2_threshold": 7.814727903251179, "N_raw": 47, "N_roi": 43, "N_inlier": 42, "refit": true}
{"timestamp": "16:35:55.817269", "frame": 79, "mu": [-0.5068847804816605, 4.426309846714818, 1.2571814301175934], "Sigma": [[0.03126473615272221, 0.0036489830047794812, -0.006766045329976778], [0.0036489830047794817, 0.007719816485338922, 0.00484086510947573], [-0.006766045329976777, 0.00484086510947573, 0.007230218224783448]], "chi2_level": 0.95, "chi2_df": 3, "chi2_threshold": 7.814727903251179, "N_raw": 58, "N_roi": 53, "N_inlier": 51, "refit": true}
{"timestamp": "16:35:55.869125", "frame": 80, "mu": [-0.4537102845681821, 4.395553777859531, 1.2716506571635329], "Sigma": [[0.027563181901205346, 0.01300440231553278, 0.01491783788744256], [0.01300440231553278, 0.015960784071025594, 0.02018089673685327], [0.01491783788744256, 0.02018089673685327, 0.030066472581516263]], "chi2_level": 0.95, "chi2_df": 3, "chi2_threshold": 7.814727903251179, "N_raw": 25, "N_roi": 23, "N_inlier": 21, "refit": true}
{"timestamp": "16:35:55.925085", "frame": 81, "mu": [-0.44600863186545586, 4.369705530379664, 1.168980763641739], "Sigma": [[0.027240916711719874, 0.001683048307002628, -0.010129664668323162], [0.001683048307002628, 0.00219301820758895, -0.0020429287990892907], [-0.010129664668323162, -0.0020429287990892907, 0.007123191803269688]], "chi2_level": 0.95, "chi2_df": 3, "chi2_threshold": 7.814727903251179, "N_raw": 35, "N_roi": 35, "N_inlier": 34, "refit": true}
{"timestamp": "16:35:55.978644", "frame": 82, "mu": [-0.35297910358751683, 4.434516823730811, 1.194826938512053], "Sigma": [[0.022322722697134374, 0.0007364676136827257, -0.00987557007157469], [0.0007364676136827259, 0.009526750170139786, -0.0011348809898769695], [-0.00987557007157469, -0.0011348809898769692, 0.005926383011041964]], "chi2_level": 0.95, "chi2_df": 3, "chi2_threshold": 7.814727903251179, "N_raw": 27, "N_roi": 27, "N_inlier": 27, "refit": true}
{"timestamp": "16:35:56.035372", "frame": 83, "mu": [-0.2780510544877518, 4.458975307805674, 1.2188985584258103], "Sigma": [[0.02722741518592106, -0.001666209262690431, -0.011139665870871281], [-0.001666209262690431, 0.0039821368244540925, -0.00038971664902864015], [-0.011139665870871281, -0.0003897166490286403, 0.0059812779476907324]], "chi2_level": 0.95, "chi2_df": 3, "chi2_threshold": 7.814727903251179, "N_raw": 44, "N_roi": 44, "N_inlier": 44, "refit": true}
{"timestamp": "16:35:56.088561", "frame": 84, "mu": [-0.2800535172092956, 4.375262918501845, 1.1377536249817146], "Sigma": [[0.014202261315409753, 0.0007014245580015144, -0.005779778273795187], [0.0007014245580015145, 0.0010277914655960712, -0.0011691114124801763], [-0.005779778273795187, -0.0011691114124801763, 0.006578404618689558]], "chi2_level": 0.95, "chi2_df": 3, "chi2_threshold": 7.814727903251179, "N_raw": 20, "N_roi": 20, "N_inlier": 18, "refit": true}
{"timestamp": "16:35:56.141721", "frame": 85, "mu": [-0.16031224953731826, 4.564028060857399, 1.1809013044785237], "Sigma": [[0.010562480748145692, -0.001042380391690315, -0.0071330107644237434], [-0.001042380391690315, 0.0017253029442133659, 0.0012484325115802238], [-0.0071330107644237434, 0.0012484325115802236, 0.006113877208317088]], "chi2_level": 0.95, "chi2_df": 3, "chi2_threshold": 7.814727903251179, "N_raw": 18, "N_roi": 18, "N_inlier": 17, "refit": true}
{"timestamp": "16:35:56.196821", "frame": 86, "mu": [-0.08582896901788094, 4.41019672591195, 1.1478053654995104], "Sigma": [[0.010062835121947618, 0.0008585096158328449, -0.001014016846049267], [0.0008585096158328448, 0.0032088985420814517, 0.0018003747618842649], [-0.0010140168460492668, 0.0018003747618842649, 0.0024930104573918635]], "chi2_level": 0.95, "chi2_df": 3, "chi2_threshold": 7.814727903251179, "N_raw": 16, "N_roi": 15, "N_inlier": 13, "refit": true}
{"timestamp": "16:35:56.256099", "frame": 87, "mu": [-0.07543308911729096, 4.469060266068414, 1.2696133581819145], "Sigma": [[0.020653287431556228, -0.0003581833769960957, -0.013064309570244004], [-0.0003581833769960959, 0.006445179188732693, 0.005356755725826603], [-0.013064309570244004, 0.005356755725826604, 0.014248407637348012]], "chi2_level": 0.95, "chi2_df": 3, "chi2_threshold": 7.814727903251179, "N_raw": 43, "N_roi": 43, "N_inlier": 43, "refit": true}
{"timestamp": "16:35:56.311091", "frame": 88, "mu": [-0.046124374540803745, 4.477987594689766, 1.3295574400934573], "Sigma": [[0.024005052665694908, 0.00043484277570758026, -0.009223950841068055], [0.00043484277570758016, 0.006607626856060803, 0.0059799531478169025], [-0.009223950841068055, 0.0059799531478169025, 0.010264847124287275]], "chi2_level": 0.95, "chi2_df": 3, "chi2_threshold": 7.814727903251179, "N_raw": 52, "N_roi": 49, "N_inlier": 47, "refit": true}
{"timestamp": "16:35:56.366990", "frame": 89, "mu": [0.03610979631187496, 4.446931122150349, 1.2562957083551776], "Sigma": [[0.02831531561227168, 0.0006909672137355256, -0.009281935228013766], [0.0006909672137355252, 0.006947836698074096, 0.006073345085041752], [-0.009281935228013764, 0.006073345085041752, 0.010408559160147714]], "chi2_level": 0.95, "chi2_df": 3, "chi2_threshold": 7.814727903251179, "N_raw": 53, "N_roi": 53, "N_inlier": 52, "refit": true}
{"timestamp": "16:35:56.419723", "frame": 90, "mu": [0.0450626567589322, 4.407931664909401, 1.1826658959472753], "Sigma": [[0.01552180374572778, -0.00043019905115018265, -0.0075513802717392465], [-0.00043019905115018265, 0.0032879130358778714, 0.00014807618026265227], [-0.0075513802717392465, 0.00014807618026265221, 0.004945523263511508]], "chi2_level": 0.95, "chi2_df": 3, "chi2_threshold": 7.814727903251179, "N_raw": 33, "N_roi": 31, "N_inlier": 31, "refit": true}
{"timestamp": "16:35:56.472433", "frame": 91, "mu": [0.04528981190808418, 4.403252413367828, 1.2521320034279044], "Sigma": [[0.007841953881150986, 0.0038221198554156018, 0.00017304068577128216], [0.0038221198554156018, 0.005291504148470981, 0.0036674000674565043], [0.00017304068577128206, 0.0036674000674565043, 0.004499880012702171]], "chi2_level": 0.95, "chi2_df": 3, "chi2_threshold": 7.814727903251179, "N_raw": 13, "N_roi": 12, "N_inlier": 12, "refit": true}
{"timestamp": "16:35:56.531249", "frame": 92, "mu": [0.21483968077703622, 4.4410707298636645, 1.2217587451369811], "Sigma": [[0.02401625594744894, -0.0008108770935595017, -0.010407301877553215], [-0.0008108770935595015, 0.004105059644932003, -0.001594169021726557], [-0.010407301877553215, -0.001594169021726557, 0.007553207514182142]], "chi2_level": 0.95, "chi2_df": 3, "chi2_threshold": 7.814727903251179, "N_raw": 49, "N_roi": 49, "N_inlier": 47, "refit": true}
{"timestamp": "16:35:56.582775", "frame": 93, "mu": [0.21445084431073322, 4.394930314431781, 1.0531835470533364], "Sigma": [[0.006478036262151361, -0.006277144372214382, 0.015235211984936482], [-0.006277144372214382, 0.01290624049633744, -0.031167006161207524], [0.01523521198493648, -0.031167006161207524, 0.09072825551495671]], "chi2_level": 0.95, "chi2_df": 3, "chi2_threshold": 7.814727903251179, "N_raw": 14, "N_roi": 12, "N_inlier": 11, "refit": true}
{"timestamp": "16:35:56.635420", "frame": 94, "mu": [0.2821723882246826, 4.588136358508001, 1.1754239331463159], "Sigma": [[0.003017133697156814, -0.0029072358354457263, 0.019129089403201432], [-0.0029072358354457267, 0.014512386053373577, -0.048283443699195155], [0.01912908940320143, -0.04828344369919515, 0.20101491231418658]], "chi2_level": 0.95, "chi2_df": 3, "chi2_threshold": 7.814727903251179, "N_raw": 7, "N_roi": 5, "N_inlier": 5, "refit": true}
{"timestamp": "16:35:56.690434", "frame": 95, "mu": [0.3332073597176557, 4.439922046684414, 1.1557809223291848], "Sigma": [[0.0046357880816608145, 0.002293368375965239, -0.001534782488332154], [0.002293368375965239, 0.00527256293379476, -0.0013089575640005827], [-0.0015347824883321537, -0.001308957564000583, 0.0023464889804787345]], "chi2_level": 0.95, "chi2_df": 3, "chi2_threshold": 7.814727903251179, "N_raw": 9, "N_roi": 9, "N_inlier": 9, "refit": true}
{"timestamp": "16:35:56.750341", "frame": 96, "mu": [0.35682275243255485, 4.3475877745401075, 1.244178727640422], "Sigma": [[0.02077524927840116, -0.004368917833396034, -0.011443290054550557], [-0.0043689178333960335, 0.0056647867141993505, 0.006122729621702992], [-0.011443290054550559, 0.006122729621702992, 0.010596310987029895]], "chi2_level": 0.95, "chi2_df": 3, "chi2_threshold": 7.814727903251179, "N_raw": 40, "N_roi": 38, "N_inlier": 36, "refit": true}
{"timestamp": "16:35:56.804830", "frame": 97, "mu": [0.3799562726690315, 4.349105463799336, 1.253340038664396], "Sigma": [[0.017373653169159134, -0.002798454047448106, -0.005723278734801674], [-0.0027984540474481063, 0.004269281132420181, 0.00373060563369842], [-0.005723278734801674, 0.0037306056336984194, 0.005014319297155671]], "chi2_level": 0.95, "chi2_df": 3, "chi2_threshold": 7.814727903251179, "N_raw": 35, "N_roi": 33, "N_inlier": 32, "refit": true}
{"timestamp": "16:35:56.861022", "frame": 98, "mu": [0.4131878460779812, 4.4343309434294085, 1.206062346706966], "Sigma": [[0.01887205490133029, -0.0044112546142259824, -0.008545399711725622], [-0.004411254614225982, 0.00718103126530036, 0.0031918039397401655], [-0.008545399711725622, 0.003191803939740166, 0.005945817642131305]], "chi2_level": 0.95, "chi2_df": 3, "chi2_threshold": 7.814727903251179, "N_raw": 46, "N_roi": 44, "N_inlier": 44, "refit": true}
{"timestamp": "16:35:56.919449", "frame": 99, "mu": [0.4569678533989803, 4.433940015561848, 1.0959153771843597], "Sigma": [[0.025560461637276752, -0.0017867681064788659, -0.007109182125952839], [-0.0017867681064788654, 0.004214868165018156, -0.006521939579501212], [-0.0071091821259528405, -0.006521939579501211, 0.020017438308566934]], "chi2_level": 0.95, "chi2_df": 3, "chi2_threshold": 7.814727903251179, "N_raw": 63, "N_roi": 61, "N_inlier": 60, "refit": true}
{"timestamp": "16:35:57.027758", "frame": 100, "mu": [0.48754930740002383, 4.445195616907623, 1.1945229034043254], "Sigma": [[0.022272820142795982, -0.00022709446755119075, -0.013794187141329703], [-0.00022709446755119096, 0.006043213792483115, -0.002319255236832029], [-0.013794187141329703, -0.002319255236832029, 0.012238919631637956]], "chi2_level": 0.95, "chi2_df": 3, "chi2_threshold": 7.814727903251179, "N_raw": 58, "N_roi": 55, "N_inlier": 54, "refit": true}
{"timestamp": "16:35:57.034927", "frame": 101, "mu": [0.5432162323098699, 4.428542280958668, 1.14871032043844], "Sigma": [[0.018414553457328516, -0.0008289401803178632, -0.012048606786735387], [-0.0008289401803178632, 0.0019191792989406316, -0.002767773474517175], [-0.012048606786735389, -0.002767773474517175, 0.017434517514095544]], "chi2_level": 0.95, "chi2_df": 3, "chi2_threshold": 7.814727903251179, "N_raw": 35, "N_roi": 31, "N_inlier": 30, "refit": true}
{"timestamp": "16:35:57.080763", "frame": 102, "mu": [0.5513416150572228, 4.435205098199019, 1.1762085146695278], "Sigma": [[0.021424077638606362, -0.004295903535225156, -0.011213162069251832], [-0.004295903535225156, 0.002632553511268769, -0.0012177641977397695], [-0.011213162069251832, -0.0012177641977397695, 0.016615747011169992]], "chi2_level": 0.95, "chi2_df": 3, "chi2_threshold": 7.814727903251179, "N_raw": 41, "N_roi": 38, "N_inlier": 36, "refit": true}
{"timestamp": "16:35:57.133608", "frame": 103, "mu": [0.6209903953229676, 4.539534596213613, 1.2184151628014745], "Sigma": [[0.013760154437436292, -0.002680190537016393, -0.008652663724465184], [-0.002680190537016392, 0.0020687970278245064, 0.0010396442122398532], [-0.008652663724465182, 0.0010396442122398532, 0.007261908316821807]], "chi2_level": 0.95, "chi2_df": 3, "chi2_threshold": 7.814727903251179, "N_raw": 26, "N_roi": 21, "N_inlier": 20, "refit": true}
{"timestamp": "16:35:57.186478", "frame": 104, "mu": [0.7479461541824033, 4.52710044985243, 0.8397130346746564], "Sigma": [[0.001391102850400773, 0.00038343333853080644, -0.002614769215117844], [0.00038343333853080644, 0.00020424962788259256, 0.0016009595235464574], [-0.002614769215117844, 0.0016009595235464574, 0.12201420922020484]], "chi2_level": 0.95, "chi2_df": 3, "chi2_threshold": 7.814727903251179, "N_raw": 10, "N_roi": 5, "N_inlier": 5, "refit": true}
{"timestamp": "16:35:57.244229", "frame": 105, "mu": [0.7939183943445883, 4.568045163745929, 1.0740659914584971], "Sigma": [[0.00658105828363349, -0.0009434549729896741, -0.0034401779464600193], [-0.0009434549729896741, 0.00186691324670403, -0.0003194055325353942], [-0.003440177946460019, -0.0003194055325353942, 0.00585206783080332]], "chi2_level": 0.95, "chi2_df": 3, "chi2_threshold": 7.814727903251179, "N_raw": 37, "N_roi": 11, "N_inlier": 10, "refit": true}
{"timestamp": "16:35:57.297277", "frame": 106, "mu": [0.83187517994286, 4.515865135879191, 1.1722530092161363], "Sigma": [[0.014070694784002925, 0.0029961313894358082, -0.01723899245805116], [0.0029961313894358082, 0.0024574746959278877, -0.0038502314884835158], [-0.017238992458051165, -0.003850231488483516, 0.026376089064058007]], "chi2_level": 0.95, "chi2_df": 3, "chi2_threshold": 7.814727903251179, "N_raw": 15, "N_roi": 12, "N_inlier": 12, "refit": true}
{"timestamp": "16:35:57.352438", "frame": 107, "mu": [0.7559775019511278, 4.512060039428113, 1.127566792378928], "Sigma": [[0.013108462268658931, -0.003488341411239282, -0.0014694516577402703], [-0.003488341411239283, 0.002098800231594365, -0.002073139395153902], [-0.0014694516577402703, -0.002073139395153902, 0.009413709531446858]], "chi2_level": 0.95, "chi2_df": 3, "chi2_threshold": 7.814727903251179, "N_raw": 24, "N_roi": 22, "N_inlier": 20, "refit": true}
{"timestamp": "16:35:57.518096", "frame": 110, "mu": [1.0053075502468678, 4.541159949799233, 1.1056437858794887], "Sigma": [[0.007404154331044232, 0.004110458685393567, -0.0023924325656924507], [0.004110458685393567, 0.006451664519260106, -0.0016961903633140203], [-0.0023924325656924507, -0.0016961903633140206, 0.0009451558872587642]], "chi2_level": 0.95, "chi2_df": 3, "chi2_threshold": 7.814727903251179, "N_raw": 12, "N_roi": 9, "N_inlier": 8, "refit": true}
{"timestamp": "16:35:57.570469", "frame": 111, "mu": [1.0578202318592738, 4.552355148496401, 1.274540988233225], "Sigma": [[0.0009627832643516809, 0.0015976933055138014, -0.0004891094022576522], [0.0015976933055138012, 0.007241390707738875, 0.0022292838358820358], [-0.000489109402257652, 0.0022292838358820358, 0.005358807339412042]], "chi2_level": 0.95, "chi2_df": 3, "chi2_threshold": 7.814727903251179, "N_raw": 5, "N_roi": 5, "N_inlier": 5, "refit": true}
{"timestamp": "16:35:57.625451", "frame": 112, "mu": [1.1264628609124168, 4.526839572473704, 1.026861028636251], "Sigma": [[0.002585970320262341, 0.004533088489336704, -0.007480788258420225], [0.004533088489336704, 0.011178272032194543, -0.02789323287371042], [-0.007480788258420223, -0.027893232873710417, 0.09343696980728268]], "chi2_level": 0.95, "chi2_df": 3, "chi2_threshold": 7.814727903251179, "N_raw": 8, "N_roi": 5, "N_inlier": 5, "refit": true}
{"timestamp": "16:35:57.735335", "frame": 114, "mu": [1.099940850956395, 4.596120406942886, 1.0536466690618727], "Sigma": [[0.005307714235014671, -0.006212254152944919, 0.025265440303046435], [-0.006212254152944919, 0.019165346121528544, -0.04615370121683698], [0.025265440303046435, -0.046153701216836984, 0.15260875291203224]], "chi2_level": 0.95, "chi2_df": 3, "chi2_threshold": 7.814727903251179, "N_raw": 8, "N_roi": 6, "N_inlier": 6, "refit": true}
{"timestamp": "16:35:58.230643", "frame": 123, "mu": [1.3952065114940386, 4.443608705377169, 1.2130364326566487], "Sigma": [[0.008677729106813848, 0.0025888801803472966, -0.005543410232307202], [0.0025888801803472966, 0.004617111309947204, -0.00013051314866918998], [-0.005543410232307202, -0.00013051314866918998, 0.006011574783710782]], "chi2_level": 0.95, "chi2_df": 3, "chi2_threshold": 7.814727903251179, "N_raw": 6, "N_roi": 5, "N_inlier": 5, "refit": true}
{"timestamp": "16:35:58.449847", "frame": 127, "mu": [1.5359728070125542, 3.7969843983820537, 1.0896135878542474], "Sigma": [[0.34175884190880657, 0.7850237766837664, -0.24078009834891664], [0.7850237766837664, 1.818429028638841, -0.5390906742005624], [-0.24078009834891664, -0.5390906742005624, 0.1860131557785469]], "chi2_level": 0.95, "chi2_df": 3, "chi2_threshold": 7.814727903251179, "N_raw": 5, "N_roi": 5, "N_inlier": 5, "refit": true}
{"timestamp": "16:35:58.505050", "frame": 128, "mu": [1.6112828527232876, 3.7398950939463385, 0.8832234462077307], "Sigma": [[0.29802701948763766, 0.7265556589578853, -0.19032392736601256], [0.7265556589578853, 1.8057621742076002, -0.44437332339149044], [-0.19032392736601259, -0.44437332339149044, 0.13272822780281443]], "chi2_level": 0.95, "chi2_df": 3, "chi2_threshold": 7.814727903251179, "N_raw": 5, "N_roi": 5, "N_inlier": 5, "refit": true}
{"timestamp": "16:35:58.562589", "frame": 129, "mu": [1.8021148009430006, 4.252411445092701, 0.9313978724901556], "Sigma": [[0.006154384268472217, -0.0034958318765080285, -0.004944882043827904], [-0.0034958318765080285, 0.0030709025572439185, 0.003004814975351087], [-0.004944882043827904, 0.003004814975351087, 0.005701502200322926]], "chi2_level": 0.95, "chi2_df": 3, "chi2_threshold": 7.814727903251179, "N_raw": 13, "N_roi": 11, "N_inlier": 9, "refit": true}
{"timestamp": "16:35:58.618614", "frame": 130, "mu": [1.776172642857103, 4.368132266177094, 0.012577796141953194], "Sigma": [[0.017345232283131805, -0.004160042563018853, -0.009202010493038836], [-0.004160042563018853, 0.0033433053313597287, 0.0013778462164427932], [-0.009202010493038836, 0.0013778462164427934, 0.0075744087231347165]], "chi2_level": 0.95, "chi2_df": 3, "chi2_threshold": 7.814727903251179, "N_raw": 29, "N_roi": 24, "N_inlier": 23, "refit": true}
{"timestamp": "16:35:58.671172", "frame": 131, "mu": [1.8131849458466045, 4.24106989399908, 1.0103640953518644], "Sigma": [[0.020547611700921398, -0.00030909215714783437, -0.012253688745569338], [-0.0003090921571478343, 0.001812811581100694, -0.0004026474942650514], [-0.012253688745569338, -0.0004026474942650513, 0.009336049697021597]], "chi2_level": 0.95, "chi2_df": 3, "chi2_threshold": 7.814727903251179, "N_raw": 12, "N_roi": 11, "N_inlier": 11, "refit": true}
{"timestamp": "16:35:58.730587", "frame": 132, "mu": [1.8146795148880475, 4.17815488417123, 0.9771437687804642], "Sigma": [[0.02916618533037496, -0.01598498001472636, -0.022567864311661155], [-0.01598498001472636, 0.010247728724065942, 0.009823683272905332], [-0.022567864311661155, 0.00982368327290533, 0.02753818540867634]], "chi2_level": 0.95, "chi2_df": 3, "chi2_threshold": 7.814727903251179, "N_raw": 43, "N_roi": 40, "N_inlier": 39, "refit": true}
{"timestamp": "16:35:58.783789", "frame": 133, "mu": [1.8609590025761407, 4.156021452435253, 0.9807827994109208], "Sigma": [[0.017330984006696443, -0.0060970166759182, -0.00795506170699389], [-0.0060970166759182, 0.004040585410088763, 0.001399181988491231], [-0.00795506170699389, 0.001399181988491231, 0.0072984259192956724]], "chi2_level": 0.95, "chi2_df": 3, "chi2_threshold": 7.814727903251179, "N_raw": 27, "N_roi": 25, "N_inlier": 24, "refit": true}
{"timestamp": "16:35:58.836466", "frame": 134, "mu": [1.9145946380175465, 4.125400132050934, 0.9119720755492852], "Sigma": [[0.012651022383689448, -0.006995055851408099, -0.005512024884423234], [-0.0069950558514080986, 0.004382619069380054, 0.0026974139366727646], [-0.005512024884423234, 0.002697413936672764, 0.005996733781620124]], "chi2_level": 0.95, "chi2_df": 3, "chi2_threshold": 7.814727903251179, "N_raw": 15, "N_roi": 12, "N_inlier": 11, "refit": true}
{"timestamp": "16:35:58.890365", "frame": 135, "mu": [2.005537684831263, 4.079507858318458, 0.913307300028928], "Sigma": [[0.011464581845377955, -0.00021897093360761925, -0.017083469464242662], [-0.0002189709336076193, 0.0001478583370259996, -0.0005536667344468185], [-0.017083469464242662, -0.0005536667344468184, 0.03266586871471117]], "chi2_level": 0.95, "chi2_df": 3, "chi2_threshold": 7.814727903251179, "N_raw": 7, "N_roi": 5, "N_inlier": 5, "refit": true}
{"timestamp": "16:35:58.948350", "frame": 136, "mu": [1.981426565652878, 3.9794272760973555, 0.7582019208791835], "Sigma": [[0.02073771025158051, -0.009820435639706793, -0.007920119547381532], [-0.009820435639706793, 0.007009294868765754, 0.0030226647163919913], [-0.00792011954738153, 0.0030226647163919913, 0.004937833559822728]], "chi2_level": 0.95, "chi2_df": 3, "chi2_threshold": 7.814727903251179, "N_raw": 28, "N_roi": 28, "N_inlier": 28, "refit": true}
{"timestamp": "16:35:59.001833", "frame": 137, "mu": [1.9829370552631442, 3.948687616038338, 0.8274249456074755], "Sigma": [[0.020203969615199092, 0.001197711518373281, -0.018419037800625815], [0.0011977115183732813, 0.0005313125584529558, -0.0010607110248453894], [-0.018419037800625815, -0.0010607110248453894, 0.02023170312573968]], "chi2_level": 0.95, "chi2_df": 3, "chi2_threshold": 7.814727903251179, "N_raw": 10, "N_roi": 6, "N_inlier": 6, "refit": true}
{"timestamp": "16:35:59.063262", "frame": 138, "mu": [1.9977415195278703, 3.905166810580527, 0.7817049726553835], "Sigma": [[0.034427665883380684, -0.012443251329496889, -0.009012389731517094], [-0.01244325132949689, 0.009470938939834974, 0.000580831419884615], [-0.009012389731517094, 0.000580831419884615, 0.006357204118889169]], "chi2_level": 0.95, "chi2_df": 3, "chi2_threshold": 7.814727903251179, "N_raw": 64, "N_roi": 60, "N_inlier": 58, "refit": true}
{"timestamp": "16:35:59.111394", "frame": 139, "mu": [1.9250802811702576, 3.843463323305838, 0.7350309735619093], "Sigma": [[0.016687333084819195, -0.0030571042253511576, -0.02136439723394899], [-0.003057104225351157, 0.0013252344485502369, 0.004601330465119666], [-0.021364397233948985, 0.004601330465119666, 0.02884972124645881]], "chi2_level": 0.95, "chi2_df": 3, "chi2_threshold": 7.814727903251179, "N_raw": 5, "N_roi": 5, "N_inlier": 5, "refit": true}
{"timestamp": "16:35:59.167362", "frame": 140, "mu": [1.9882341489971076, 3.86378244149486, 0.7945339408093862], "Sigma": [[0.012779672598706176, -0.007161868111439977, -0.009373370854736229], [-0.007161868111439977, 0.00444150388758503, 0.004459967828552749], [-0.009373370854736229, 0.004459967828552749, 0.013813770631402855]], "chi2_level": 0.95, "chi2_df": 3, "chi2_threshold": 7.814727903251179, "N_raw": 20, "N_roi": 18, "N_inlier": 16, "refit": true}
{"timestamp": "16:35:59.225499", "frame": 141, "mu": [1.9823334174582938, 3.9593594292779786, -0.24152049388898367], "Sigma": [[0.029200441352026832, -0.0069705487961974535, -0.03987976801252094], [-0.0069705487961974535, 0.004256738967483627, 0.004900336072631126], [-0.03987976801252094, 0.004900336072631127, 0.06642352552828665]], "chi2_level": 0.95, "chi2_df": 3, "chi2_threshold": 7.814727903251179, "N_raw": 41, "N_roi": 38, "N_inlier": 36, "refit": true}
{"timestamp": "16:35:59.280032", "frame": 142, "mu": [1.9640678358133785, 3.731521052842569, 0.7041102916378498], "Sigma": [[0.026391923095980388, -0.017265099974719623, -0.02737309209618948], [-0.017265099974719623, 0.012712375022146614, 0.016333666171476965], [-0.02737309209618948, 0.016333666171476965, 0.03486352043424379]], "chi2_level": 0.95, "chi2_df": 3, "chi2_threshold": 7.814727903251179, "N_raw": 38, "N_roi": 35, "N_inlier": 33, "refit": true}
{"timestamp": "16:35:59.337770", "frame": 143, "mu": [1.8121821930609157, 3.8229962429162696, 1.0312201332540651], "Sigma": [[0.030847304493899774, -0.014307885552311411, -0.022329454794032776], [-0.014307885552311411, 0.009779195359216881, 0.006221148615664311], [-0.022329454794032776, 0.006221148615664311, 0.024749456537980323]], "chi2_level": 0.95, "chi2_df": 3, "chi2_threshold": 7.814727903251179, "N_raw": 56, "N_roi": 54, "N_inlier": 53, "refit": true}
{"timestamp": "16:35:59.389897", "frame": 144, "mu": [1.8445723711672724, 3.7596012178122415, 0.8221306372453776], "Sigma": [[0.02026432267527855, -0.011431487095261627, -0.012814021354639386], [-0.011431487095261626, 0.007927198890708474, 0.005122073247806274], [-0.012814021354639386, 0.005122073247806274, 0.016386529317152447]], "chi2_level": 0.95, "chi2_df": 3, "chi2_threshold": 7.814727903251179, "N_raw": 37, "N_roi": 34, "N_inlier": 33, "refit": true}
