{"timestamp": "17:04:20.540935", "frame": 1, "mu": [2.0513460241044283, 0.9209944262449892, 1.1797650847309238], "Sigma": [[0.0015016668735923508, -0.000988629806642792, 0.0050461827951365544], [-0.0009886298066427918, 0.004432889201175891, -0.013355080317692733], [0.0050461827951365544, -0.013355080317692733, 0.045121054781363634]], "chi2_level": 0.95, "chi2_df": 3, "chi2_threshold": 7.814727903251179, "N_raw": 5, "N_roi": 5, "N_inlier": 5, "refit": true}
{"timestamp": "17:04:20.596116", "frame": 2, "mu": [2.0244584438356656, 0.9680603208524858, 1.338294353757919], "Sigma": [[0.004430021694496414, -0.002308134435645968, -0.0030552063733673687], [-0.002308134435645968, 0.0038273162864591926, 0.0016263351678918814], [-0.0030552063733673687, 0.0016263351678918814, 0.0028795874095074578]], "chi2_level": 0.95, "chi2_df": 3, "chi2_threshold": 7.814727903251179, "N_raw": 9, "N_roi": 9, "N_inlier": 9, "refit": true}
{"timestamp": "17:04:20.650953", "frame": 3, "mu": [2.0218721210039527, 1.0156878998747303, 1.2064508788435495], "Sigma": [[0.0019342309791645085, 2.008905645913441e-05, -0.005681688486679661], [2.008905645913441e-05, 0.00011370906329804736, -0.00014812084342859797], [-0.005681688486679661, -0.00014812084342859797, 0.02694197877993229]], "chi2_level": 0.95, "chi2_df": 3, "chi2_threshold": 7.814727903251179, "N_raw": 5, "N_roi": 5, "N_inlier": 5, "refit": true}
{"timestamp": "17:04:20.706009", "frame": 4, "mu": [2.017384537910828, 1.13989778693937, -0.4523345219680798], "Sigma": [[0.0012580608958889321, 0.00026949327248068476, -0.0019483355895497168], [0.00026949327248068476, 0.005290271805287153, -0.004565434884963919], [-0.0019483355895497168, -0.004565434884963919, 0.007561553567307975]], "chi2_level": 0.95, "chi2_df": 3, "chi2_threshold": 7.814727903251179, "N_raw": 8, "N_roi": 8, "N_inlier": 8, "refit": true}
{"timestamp": "17:04:20.981419", "frame": 9, "mu": [1.8785411294908871, 1.173749601467803, 1.32486637079181], "Sigma": [[0.015211307718313367, 0.0033592393727324326, 0.006297925350260067], [0.0033592393727324326, 0.007607937532978696, 0.0065535324162776295], [0.006297925350260067, 0.0065535324162776295, 0.007736208057608271]], "chi2_level": 0.95, "chi2_df": 3, "chi2_threshold": 7.814727903251179, "N_raw": 6, "N_roi": 6, "N_inlier": 6, "refit": true}
{"timestamp": "17:04:21.090146", "frame": 11, "mu": [1.8955165451645688, 1.1280712214034212, 1.3071538324848082], "Sigma": [[0.0004116234188747562, -3.783047216977201e-05, -0.0003108501454874344], [-3.783047216977201e-05, 0.01289401597291865, -0.0017922154366983379], [-0.0003108501454874344, -0.0017922154366983379, 0.0005763668345806928]], "chi2_level": 0.95, "chi2_df": 3, "chi2_threshold": 7.814727903251179, "N_raw": 5, "N_roi": 5, "N_inlier": 5, "refit": true}
{"timestamp": "17:04:21.369520", "frame": 16, "mu": [1.9079837449427042, 1.1925947120986535, 1.3109396759869352], "Sigma": [[0.0047165419634412125, -0.003081093057560098, -0.0007131784312834806], [-0.003081093057560098, 0.01091208353434159, -4.6012300890534086e-05], [-0.0007131784312834806, -4.6012300890534066e-05, 0.00038146382055793753]], "chi2_level": 0.95, "chi2_df": 3, "chi2_threshold": 7.814727903251179, "N_raw": 28, "N_roi": 28, "N_inlier": 27, "refit": true}
{"timestamp": "17:04:21.424719", "frame": 17, "mu": [1.9153812017178653, 1.1820476092385115, 1.2388450393012505], "Sigma": [[0.003435033751457955, -0.0019758027399436537, -0.0013639919597581884], [-0.0019758027399436533, 0.003252017551140332, -0.0004649961946694256], [-0.0013639919597581884, -0.0004649961946694256, 0.0022218590518820664]], "chi2_level": 0.95, "chi2_df": 3, "chi2_threshold": 7.814727903251179, "N_raw": 16, "N_roi": 16, "N_inlier": 15, "refit": true}
{"timestamp": "17:04:21.479757", "frame": 18, "mu": [2.097094014826786, 0.9796002833987533, 0.9957483160674733], "Sigma": [[0.007028653915158263, -0.008246234922293925, -0.006988754649251413], [-0.008246234922293925, 0.01398793720291782, 0.008242708941414571], [-0.006988754649251413, 0.008242708941414571, 0.011713493228474934]], "chi2_level": 0.95, "chi2_df": 3, "chi2_threshold": 7.814727903251179, "N_raw": 16, "N_roi": 16, "N_inlier": 15, "refit": true}
{"timestamp": "17:04:21.537058", "frame": 19, "mu": [1.967864505259885, 1.1279164357703662, 1.2386114220553992], "Sigma": [[0.004962737340315313, -0.004968580056987083, -0.001118738258691905], [-0.004968580056987084, 0.009441792068411408, -0.0017931313696338954], [-0.001118738258691905, -0.0017931313696338956, 0.002981624948961126]], "chi2_level": 0.95, "chi2_df": 3, "chi2_threshold": 7.814727903251179, "N_raw": 31, "N_roi": 31, "N_inlier": 27, "refit": true}
{"timestamp": "17:04:21.591036", "frame": 20, "mu": [1.9630914115667348, 1.116294014090223, 1.3354683504764666], "Sigma": [[0.0058278357644017155, -0.0034852577101745635, -0.0006686244791223996], [-0.0034852577101745635, 0.012169773114969673, -6.478511030804561e-05], [-0.0006686244791223996, -6.478511030804564e-05, 0.000641473003317007]], "chi2_level": 0.95, "chi2_df": 3, "chi2_threshold": 7.814727903251179, "N_raw": 31, "N_roi": 31, "N_inlier": 30, "refit": true}
{"timestamp": "17:04:21.646737", "frame": 21, "mu": [1.954028489611434, 1.0934412430006581, 1.1928238905253146], "Sigma": [[0.005689847341329757, -0.005404972358420128, -0.004203617816746821], [-0.005404972358420128, 0.008590911942935441, 0.0009580711524251271], [-0.004203617816746821, 0.000958071152425127, 0.009935131076112652]], "chi2_level": 0.95, "chi2_df": 3, "chi2_threshold": 7.814727903251179, "N_raw": 32, "N_roi": 32, "N_inlier": 31, "refit": true}
{"timestamp": "17:04:21.699669", "frame": 22, "mu": [1.9681116459473165, 1.091362549877824, 1.2373496964931312], "Sigma": [[0.002948453679269976, -0.001247945659080084, -0.005193835501586419], [-0.001247945659080084, 0.005392281380949172, 0.0013535060041779477], [-0.005193835501586419, 0.0013535060041779481, 0.023440510919675445]], "chi2_level": 0.95, "chi2_df": 3, "chi2_threshold": 7.814727903251179, "N_raw": 16, "N_roi": 16, "N_inlier": 15, "refit": true}
{"timestamp": "17:04:21.757582", "frame": 23, "mu": [1.9447575376421475, 1.1066366831338317, 1.242601483614405], "Sigma": [[0.006677740643956741, -0.004493742544524007, -0.001433911081185744], [-0.004493742544524007, 0.01005999873525342, -0.001432837955634549], [-0.001433911081185744, -0.001432837955634549, 0.0028480189389075363]], "chi2_level": 0.95, "chi2_df": 3, "chi2_threshold": 7.814727903251179, "N_raw": 37, "N_roi": 37, "N_inlier": 34, "refit": true}
{"timestamp": "17:04:21.814056", "frame": 24, "mu": [1.9690304784877077, 1.0238310650111873, 1.1248005380660693], "Sigma": [[0.006510601757547712, -0.006954302276150806, -0.006879376554886282], [-0.006954302276150807, 0.010934619357068047, 0.004025002842451671], [-0.006879376554886282, 0.004025002842451671, 0.01890447450045126]], "chi2_level": 0.95, "chi2_df": 3, "chi2_threshold": 7.814727903251179, "N_raw": 39, "N_roi": 39, "N_inlier": 39, "refit": true}
{"timestamp": "17:04:21.865578", "frame": 25, "mu": [1.9593144789030723, 0.9027098248712999, 1.05058544296665], "Sigma": [[0.0051004459119445246, -0.004770928717195604, -0.0007753696387537096], [-0.004770928717195604, 0.00693488319751042, -0.0007093486550277107], [-0.0007753696387537095, -0.0007093486550277108, 0.0019393647191482248]], "chi2_level": 0.95, "chi2_df": 3, "chi2_threshold": 7.814727903251179, "N_raw": 22, "N_roi": 22, "N_inlier": 19, "refit": true}
{"timestamp": "17:04:21.922653", "frame": 26, "mu": [1.9460866691551215, 0.9944899780575811, 1.1073707650731321], "Sigma": [[0.006737976027852179, -0.0034539186716543435, -0.0005796277762696244], [-0.0034539186716543435, 0.007828385660055113, -0.002442161782959538], [-0.0005796277762696244, -0.0024421617829595383, 0.0015585876539743453]], "chi2_level": 0.95, "chi2_df": 3, "chi2_threshold": 7.814727903251179, "N_raw": 34, "N_roi": 34, "N_inlier": 32, "refit": true}
{"timestamp": "17:04:21.978329", "frame": 27, "mu": [1.9565065961339383, 0.9475081655849324, 1.2402156390216017], "Sigma": [[0.007276421234621089, -0.004669864868081885, -0.0010021594940046751], [-0.004669864868081885, 0.009296038288797251, -0.002848956224530763], [-0.0010021594940046751, -0.002848956224530763, 0.0031227179659023543]], "chi2_level": 0.95, "chi2_df": 3, "chi2_threshold": 7.814727903251179, "N_raw": 36, "N_roi": 36, "N_inlier": 34, "refit": true}
{"timestamp": "17:04:22.027713", "frame": 28, "mu": [1.9162320691517323, 0.9489863366611897, 1.2477117189472668], "Sigma": [[0.00399239939927583, 0.004444673564104658, -0.010578469684845326], [0.004444673564104658, 0.006454784152403121, -0.010157562142662538], [-0.010578469684845328, -0.010157562142662538, 0.03639636191624569]], "chi2_level": 0.95, "chi2_df": 3, "chi2_threshold": 7.814727903251179, "N_raw": 7, "N_roi": 7, "N_inlier": 7, "refit": true}
{"timestamp": "17:04:22.084161", "frame": 29, "mu": [1.887282674138544, 0.9542141128311863, 1.2218531631448228], "Sigma": [[0.004700247254685193, -0.004842016088470404, -0.0031167738617333706], [-0.004842016088470404, 0.007248383911736252, 0.001882278126228902], [-0.0031167738617333706, 0.001882278126228902, 0.005188387895336649]], "chi2_level": 0.95, "chi2_df": 3, "chi2_threshold": 7.814727903251179, "N_raw": 17, "N_roi": 17, "N_inlier": 16, "refit": true}
{"timestamp": "17:04:22.140976", "frame": 30, "mu": [1.8803739340094507, 0.8569111682552975, 1.2279709735822548], "Sigma": [[0.005174232634565192, -0.005800767714911467, -0.001752144633884043], [-0.005800767714911466, 0.015533441349727966, -0.00017113896199412538], [-0.001752144633884043, -0.00017113896199412549, 0.0015166980321184764]], "chi2_level": 0.95, "chi2_df": 3, "chi2_threshold": 7.814727903251179, "N_raw": 30, "N_roi": 30, "N_inlier": 28, "refit": true}
{"timestamp": "17:04:22.197911", "frame": 31, "mu": [1.8349308040376429, 0.8881252003395399, 1.2633674804665094], "Sigma": [[0.005945069726448596, -0.004287419216583933, -0.0006959117047574288], [-0.004287419216583934, 0.01457708283220821, -0.0018772657968146823], [-0.0006959117047574286, -0.0018772657968146823, 0.0010370731052225465]], "chi2_level": 0.95, "chi2_df": 3, "chi2_threshold": 7.814727903251179, "N_raw": 36, "N_roi": 36, "N_inlier": 35, "refit": true}
{"timestamp": "17:04:22.251840", "frame": 32, "mu": [1.8240993899807258, 0.8603874663816169, 1.266892916809752], "Sigma": [[0.005117207243689287, -0.0046610941042523005, -0.0012050495017994396], [-0.0046610941042523005, 0.011618424807526994, -0.0008556026625202706], [-0.0012050495017994396, -0.0008556026625202706, 0.0013785900774295262]], "chi2_level": 0.95, "chi2_df": 3, "chi2_threshold": 7.814727903251179, "N_raw": 29, "N_roi": 29, "N_inlier": 27, "refit": true}
{"timestamp": "17:04:22.305261", "frame": 33, "mu": [1.8366005261280625, 0.7492905507884297, 1.276383675445686], "Sigma": [[0.0048043306023895045, -0.0069953896684106405, -0.0007522924200377933], [-0.0069953896684106405, 0.01821203583937968, 0.0008246649238586392], [-0.0007522924200377933, 0.0008246649238586392, 0.0010457354428633594]], "chi2_level": 0.95, "chi2_df": 3, "chi2_threshold": 7.814727903251179, "N_raw": 23, "N_roi": 23, "N_inlier": 21, "refit": true}
{"timestamp": "17:04:22.363359", "frame": 34, "mu": [1.8026499727135898, 0.7186589594085215, 1.1430025401308748], "Sigma": [[0.00741413047509631, -0.0078099513306629014, -0.004271082978146964], [-0.007809951330662901, 0.013123229604535198, -0.00013895774461304157], [-0.004271082978146964, -0.00013895774461304146, 0.008517767314599932]], "chi2_level": 0.95, "chi2_df": 3, "chi2_threshold": 7.814727903251179, "N_raw": 41, "N_roi": 41, "N_inlier": 40, "refit": true}
{"timestamp": "17:04:22.413368", "frame": 35, "mu": [1.7257542519288411, 0.691557152935468, 1.3149145584324087], "Sigma": [[0.007053147773857747, -0.0001300724340862826, -0.00916918317212919], [-0.00013007243408628326, 0.00353993205619732, -0.0033182067953300555], [-0.00916918317212919, -0.003318206795330056, 0.0193828280723657]], "chi2_level": 0.95, "chi2_df": 3, "chi2_threshold": 7.814727903251179, "N_raw": 9, "N_roi": 9, "N_inlier": 9, "refit": true}
{"timestamp": "17:04:22.472405", "frame": 36, "mu": [1.7495000254143491, 0.6432794182703874, 1.303810371942], "Sigma": [[0.006450424102885723, -0.003571059200713457, -0.0024714742719857204], [-0.003571059200713457, 0.00953816136688332, -0.0034589881371498207], [-0.0024714742719857204, -0.0034589881371498202, 0.00563952352236939]], "chi2_level": 0.95, "chi2_df": 3, "chi2_threshold": 7.814727903251179, "N_raw": 35, "N_roi": 35, "N_inlier": 34, "refit": true}
{"timestamp": "17:04:22.525054", "frame": 37, "mu": [1.7499251402423501, 0.6048427262832683, 1.3105078439349618], "Sigma": [[0.003048466525474751, -0.0017866557231541805, -0.0011463414632525565], [-0.00178665572315418, 0.005899285644925774, -0.001869010460465692], [-0.0011463414632525565, -0.0018690104604656922, 0.0022787674240886844]], "chi2_level": 0.95, "chi2_df": 3, "chi2_threshold": 7.814727903251179, "N_raw": 17, "N_roi": 17, "N_inlier": 15, "refit": true}
{"timestamp": "17:04:22.578141", "frame": 38, "mu": [1.6275097819357713, 0.6758822166491718, 1.3109617599045413], "Sigma": [[0.007803152477979333, -0.00033382452797013976, -0.011953989028680412], [-0.00033382452797013986, 0.0007341395431870147, -0.00012168673084209748], [-0.01195398902868041, -0.00012168673084209748, 0.022205053443010315]], "chi2_level": 0.95, "chi2_df": 3, "chi2_threshold": 7.814727903251179, "N_raw": 8, "N_roi": 8, "N_inlier": 7, "refit": true}
{"timestamp": "17:04:22.632632", "frame": 39, "mu": [1.5975661636628906, 0.6506684487629855, 1.2420756636596577], "Sigma": [[0.0025535138516037683, 0.004035153396797556, -0.008929154441458732], [0.004035153396797556, 0.009189624016095283, -0.020313440964931546], [-0.008929154441458732, -0.020313440964931546, 0.047467249015504705]], "chi2_level": 0.95, "chi2_df": 3, "chi2_threshold": 7.814727903251179, "N_raw": 6, "N_roi": 6, "N_inlier": 6, "refit": true}
{"timestamp": "17:04:22.688323", "frame": 40, "mu": [1.5240632374960559, 0.6247075688548381, 1.239842244007887], "Sigma": [[0.0037468318466532414, 0.001962735545869203, -0.008351020171858976], [0.0019627355458692033, 0.024328858767403524, -0.04016324469717923], [-0.008351020171858976, -0.040163244697179225, 0.07636136379133457]], "chi2_level": 0.95, "chi2_df": 3, "chi2_threshold": 7.814727903251179, "N_raw": 8, "N_roi": 8, "N_inlier": 8, "refit": true}
{"timestamp": "17:04:22.743162", "frame": 41, "mu": [1.5559671388255958, 0.5385170908774956, 1.3597747309760067], "Sigma": [[0.009528223372684044, -0.00019224193805993887, -0.01042146233376163], [-0.00019224193805993892, 0.000932603102824602, 0.0006777917407132746], [-0.010421462333761632, 0.0006777917407132746, 0.01214802576179532]], "chi2_level": 0.95, "chi2_df": 3, "chi2_threshold": 7.814727903251179, "N_raw": 8, "N_roi": 8, "N_inlier": 7, "refit": true}
{"timestamp": "17:04:22.798834", "frame": 42, "mu": [1.4621251577757675, 0.5967552927339871, 1.442622444070937], "Sigma": [[0.010349298869311683, -0.00020592441003582107, -0.005941703419272754], [-0.00020592441003582112, 0.00040124947570112645, 0.00022884316668784547], [-0.005941703419272754, 0.0002288431666878455, 0.003600975324187315]], "chi2_level": 0.95, "chi2_df": 3, "chi2_threshold": 7.814727903251179, "N_raw": 7, "N_roi": 7, "N_inlier": 6, "refit": true}
{"timestamp": "17:04:22.854180", "frame": 43, "mu": [1.4149611728412288, 0.5939725349425566, 1.3844795361651876], "Sigma": [[0.011826165178569256, -0.000752831519195273, -0.011946206826328961], [-0.000752831519195273, 0.0014968361073279994, 0.00031809687004510684], [-0.011946206826328961, 0.0003180968700451067, 0.013275456797185364]], "chi2_level": 0.95, "chi2_df": 3, "chi2_threshold": 7.814727903251179, "N_raw": 9, "N_roi": 9, "N_inlier": 9, "refit": true}
{"timestamp": "17:04:22.911045", "frame": 44, "mu": [1.3235212663492897, 0.579556565010752, 1.4205491908925016], "Sigma": [[0.0022539297873961717, -0.0008598704025036188, -0.002211652727297739], [-0.0008598704025036188, 0.006927813482861497, -0.004328304575834783], [-0.002211652727297739, -0.004328304575834783, 0.008673894662897487]], "chi2_level": 0.95, "chi2_df": 3, "chi2_threshold": 7.814727903251179, "N_raw": 25, "N_roi": 25, "N_inlier": 23, "refit": true}
{"timestamp": "17:04:22.966176", "frame": 45, "mu": [1.4105313276237692, 0.5272962648644801, 1.1696817030840985], "Sigma": [[0.003969092181017001, -0.003820983762287884, -0.007091768737657737], [-0.003820983762287884, 0.00516580211837567, 0.004929046814137173], [-0.007091768737657737, 0.004929046814137173, 0.016290886544140765]], "chi2_level": 0.95, "chi2_df": 3, "chi2_threshold": 7.814727903251179, "N_raw": 23, "N_roi": 23, "N_inlier": 22, "refit": true}
{"timestamp": "17:04:23.022176", "frame": 46, "mu": [1.373204657965673, 0.5708310410057589, 1.2463691055488682], "Sigma": [[0.003985554565730235, -0.003249640548271335, -0.0027178874332747303], [-0.003249640548271335, 0.003541165052352563, 0.0006188352234284726], [-0.0027178874332747303, 0.0006188352234284726, 0.009679634034844656]], "chi2_level": 0.95, "chi2_df": 3, "chi2_threshold": 7.814727903251179, "N_raw": 35, "N_roi": 35, "N_inlier": 32, "refit": true}
{"timestamp": "17:04:23.079640", "frame": 47, "mu": [1.3059101139963418, 0.778501923954202, -0.5861016166935555], "Sigma": [[0.005083557607457157, -0.0017372812725451488, -0.004311969903065555], [-0.0017372812725451488, 0.007717939365576143, -0.0012733978859572326], [-0.004311969903065555, -0.0012733978859572324, 0.005163426247038662]], "chi2_level": 0.95, "chi2_df": 3, "chi2_threshold": 7.814727903251179, "N_raw": 47, "N_roi": 47, "N_inlier": 45, "refit": true}
{"timestamp": "17:04:23.133775", "frame": 48, "mu": [1.2997989691915999, 0.5552427415145759, 1.3611019677211025], "Sigma": [[0.007669665285036846, -0.005589739699316581, -0.0029825930898289034], [-0.005589739699316582, 0.006690406637940562, 0.00041409471533091836], [-0.0029825930898289034, 0.00041409471533091846, 0.004277634496572583]], "chi2_level": 0.95, "chi2_df": 3, "chi2_threshold": 7.814727903251179, "N_raw": 38, "N_roi": 38, "N_inlier": 35, "refit": true}
{"timestamp": "17:04:23.188061", "frame": 49, "mu": [1.2545779040963054, 0.5657432840922597, 1.3548917801594025], "Sigma": [[0.00570005132072384, -0.002681771714046273, -0.0030243845764417864], [-0.002681771714046273, 0.0034781558463479988, -0.001412458729385971], [-0.0030243845764417864, -0.001412458729385971, 0.007266919376005452]], "chi2_level": 0.95, "chi2_df": 3, "chi2_threshold": 7.814727903251179, "N_raw": 41, "N_roi": 41, "N_inlier": 38, "refit": true}
{"timestamp": "17:04:23.240252", "frame": 50, "mu": [1.0937133995348165, 0.6334644395569187, 1.2625075021766525], "Sigma": [[0.0060912135969340584, 0.0003096423882224669, -0.019851100872410814], [0.000309642388222467, 0.001479267051739165, -0.001955248192886715], [-0.019851100872410817, -0.0019552481928867146, 0.0794182498533955]], "chi2_level": 0.95, "chi2_df": 3, "chi2_threshold": 7.814727903251179, "N_raw": 19, "N_roi": 19, "N_inlier": 18, "refit": true}
{"timestamp": "17:04:23.297894", "frame": 51, "mu": [1.1750149370404617, 0.5696432988834474, 1.31362453198523], "Sigma": [[0.006108652333772069, -0.004455688649323865, -0.005469142984021186], [-0.004455688649323865, 0.005588153008496668, 0.0016839530332919063], [-0.005469142984021187, 0.0016839530332919063, 0.008013559973840031]], "chi2_level": 0.95, "chi2_df": 3, "chi2_threshold": 7.814727903251179, "N_raw": 37, "N_roi": 37, "N_inlier": 35, "refit": true}
{"timestamp": "17:04:23.352440", "frame": 52, "mu": [1.1202508976035603, 0.553845670242119, 1.400790117721448], "Sigma": [[0.004326846295242235, -0.000933574003470539, -0.001547287357971451], [-0.000933574003470539, 0.005923766386974291, -0.0004380301445613189], [-0.001547287357971451, -0.00043803014456131903, 0.0019501337243427249]], "chi2_level": 0.95, "chi2_df": 3, "chi2_threshold": 7.814727903251179, "N_raw": 30, "N_roi": 30, "N_inlier": 27, "refit": true}
{"timestamp": "17:04:23.406475", "frame": 53, "mu": [1.1060986782103972, 0.510647754528035, 1.2929783907213146], "Sigma": [[0.0025885902671573258, -0.0007848302600630664, -0.001075624395042698], [-0.0007848302600630662, 0.0026294841173074247, -0.0031746569036101074], [-0.001075624395042698, -0.0031746569036101074, 0.011892722714201472]], "chi2_level": 0.95, "chi2_df": 3, "chi2_threshold": 7.814727903251179, "N_raw": 27, "N_roi": 27, "N_inlier": 24, "refit": true}
{"timestamp": "17:04:23.462474", "frame": 54, "mu": [1.0187450797289799, 0.5311813139308207, 0.9989159154150363], "Sigma": [[0.0032418181113397964, -0.0035214517542827978, 0.0001809591140698592], [-0.0035214517542827978, 0.0054825418933098944, 0.0018052744683440302], [0.00018095911406985877, 0.0018052744683440304, 0.049776395503114204]], "chi2_level": 0.95, "chi2_df": 3, "chi2_threshold": 7.814727903251179, "N_raw": 32, "N_roi": 32, "N_inlier": 30, "refit": true}
{"timestamp": "17:04:23.516998", "frame": 55, "mu": [0.8075791096760285, 0.6529542496636136, 1.4614914011690305], "Sigma": [[0.005114640006204012, -0.001704462895243859, -0.006807158442582444], [-0.001704462895243859, 0.0024581483918710172, 0.0022675599747485438], [-0.006807158442582444, 0.0022675599747485438, 0.01446076166576378]], "chi2_level": 0.95, "chi2_df": 3, "chi2_threshold": 7.814727903251179, "N_raw": 32, "N_roi": 32, "N_inlier": 29, "refit": true}
{"timestamp": "17:04:23.573685", "frame": 56, "mu": [0.7875646069929201, 0.6051250065313705, 1.3145022500088728], "Sigma": [[0.005747735694800496, -0.003698522324785335, -0.01830407637420448], [-0.003698522324785335, 0.004925717628047444, 0.010842861459387563], [-0.01830407637420448, 0.010842861459387561, 0.0762236970785681]], "chi2_level": 0.95, "chi2_df": 3, "chi2_threshold": 7.814727903251179, "N_raw": 39, "N_roi": 39, "N_inlier": 37, "refit": true}
{"timestamp": "17:04:23.629365", "frame": 57, "mu": [0.7602279119571762, 0.5399971288992618, 1.4753844846666244], "Sigma": [[0.011351068952299747, -0.008484680345777942, -0.007542553521808342], [-0.008484680345777942, 0.00889038555230735, 0.0051516215488297806], [-0.007542553521808342, 0.0051516215488297806, 0.006636882982435663]], "chi2_level": 0.95, "chi2_df": 3, "chi2_threshold": 7.814727903251179, "N_raw": 49, "N_roi": 49, "N_inlier": 45, "refit": true}
{"timestamp": "17:04:23.681790", "frame": 58, "mu": [0.6829067367594358, 0.5729042537071678, 1.4344788129810015], "Sigma": [[0.0029030858325689787, -0.0004481840663044448, -0.004741190195012679], [-0.0004481840663044447, 0.001946325355923785, -0.0014684028665981187], [-0.004741190195012679, -0.0014684028665981194, 0.027505668204358985]], "chi2_level": 0.95, "chi2_df": 3, "chi2_threshold": 7.814727903251179, "N_raw": 26, "N_roi": 25, "N_inlier": 23, "refit": true}
{"timestamp": "17:04:23.734681", "frame": 59, "mu": [0.6689845506637723, 0.5410048335224437, 1.3211126694541055], "Sigma": [[0.006407101853746403, -0.004812178251580659, 0.001861582860875316], [-0.00481217825158066, 0.005607855606844738, -0.01062365513642044], [0.001861582860875316, -0.01062365513642044, 0.04539376910875966]], "chi2_level": 0.95, "chi2_df": 3, "chi2_threshold": 7.814727903251179, "N_raw": 13, "N_roi": 13, "N_inlier": 12, "refit": true}
{"timestamp": "17:04:23.790227", "frame": 60, "mu": [0.6280453191407478, 0.5094590773311668, 1.4504380891672446], "Sigma": [[0.00405766951873557, -0.002676449945532528, -0.0018211634070348388], [-0.002676449945532528, 0.00317178044618337, -0.002052393481664848], [-0.001821163407034839, -0.0020523934816648478, 0.013139837497636716]], "chi2_level": 0.95, "chi2_df": 3, "chi2_threshold": 7.814727903251179, "N_raw": 22, "N_roi": 22, "N_inlier": 18, "refit": true}
{"timestamp": "17:04:23.844632", "frame": 61, "mu": [0.6491161041615429, 0.5116917903498814, 1.0401341418724492], "Sigma": [[0.015482968531228871, -0.009755370680685948, -0.020930167808392446], [-0.009755370680685948, 0.00887626015859976, -0.0064863299099993665], [-0.02093016780839245, -0.0064863299099993665, 0.22038335623838887]], "chi2_level": 0.95, "chi2_df": 3, "chi2_threshold": 7.814727903251179, "N_raw": 9, "N_roi": 9, "N_inlier": 9, "refit": true}
{"timestamp": "17:04:23.904001", "frame": 62, "mu": [0.43501071905073624, 0.5853898875076678, 1.3051845362399876], "Sigma": [[0.013563857826055683, -0.012889938185934969, 0.025638085871812787], [-0.012889938185934969, 0.01393710642174483, -0.028062441644228324], [0.025638085871812787, -0.028062441644228324, 0.06287989041598752]], "chi2_level": 0.95, "chi2_df": 3, "chi2_threshold": 7.814727903251179, "N_raw": 46, "N_roi": 46, "N_inlier": 41, "refit": true}
{"timestamp": "17:04:23.955474", "frame": 63, "mu": [0.5030933856733972, 0.5188097995645188, 1.4211333135973971], "Sigma": [[0.004110130104676624, -0.004830268109033475, 0.006611484740412824], [-0.004830268109033475, 0.009905641784575083, -0.017824201569815023], [0.006611484740412824, -0.017824201569815023, 0.039652296533486106]], "chi2_level": 0.95, "chi2_df": 3, "chi2_threshold": 7.814727903251179, "N_raw": 21, "N_roi": 21, "N_inlier": 18, "refit": true}
{"timestamp": "17:04:24.010123", "frame": 64, "mu": [0.5413230181772346, 0.42090845924888665, 1.4239728073039228], "Sigma": [[0.0020145347423425513, -0.00023594257959802384, -0.002957923111343537], [-0.0002359425795980238, 0.0012402570021523868, -0.0001295818025678174], [-0.002957923111343537, -0.0001295818025678175, 0.004628151764080513]], "chi2_level": 0.95, "chi2_df": 3, "chi2_threshold": 7.814727903251179, "N_raw": 20, "N_roi": 20, "N_inlier": 16, "refit": true}
{"timestamp": "17:04:24.065307", "frame": 65, "mu": [0.4261611012558094, 0.4855261921177697, 1.3197101845080315], "Sigma": [[0.006273930341862449, -0.0026737721129853637, -2.891989419557227e-06], [-0.0026737721129853637, 0.0024066996019595126, -0.005318206642821772], [-2.891989419557227e-06, -0.005318206642821772, 0.2221501088566233]], "chi2_level": 0.95, "chi2_df": 3, "chi2_threshold": 7.814727903251179, "N_raw": 22, "N_roi": 22, "N_inlier": 20, "refit": true}
{"timestamp": "17:04:24.122279", "frame": 66, "mu": [0.32959912393699403, 0.6990625139359907, 1.1401166909124583], "Sigma": [[0.006429266027139159, -0.007318808940629179, 0.006615809947881154], [-0.00731880894062918, 0.0228234315946437, -0.03129715768060892], [0.006615809947881154, -0.03129715768060892, 0.04964020179827432]], "chi2_level": 0.95, "chi2_df": 3, "chi2_threshold": 7.814727903251179, "N_raw": 32, "N_roi": 31, "N_inlier": 27, "refit": true}
{"timestamp": "17:04:24.175500", "frame": 67, "mu": [0.3374800002027012, 0.540204125940259, 1.2404215712044926], "Sigma": [[0.013906938053479917, -0.009946415748965445, -0.04112978025628518], [-0.009946415748965445, 0.01062682434474699, 0.016068522028396606], [-0.041129780256285185, 0.016068522028396606, 0.2365549527864561]], "chi2_level": 0.95, "chi2_df": 3, "chi2_threshold": 7.814727903251179, "N_raw": 20, "N_roi": 20, "N_inlier": 19, "refit": true}
{"timestamp": "17:04:24.233066", "frame": 68, "mu": [0.3154959496937566, 0.5426032507572935, 1.4630290101816434], "Sigma": [[0.002184988131269102, -0.0004302323610876126, -0.0022970691777359203], [-0.0004302323610876127, 0.0008189138972148888, 1.5013535259344082e-05], [-0.0022970691777359203, 1.5013535259344086e-05, 0.005412987022986284]], "chi2_level": 0.95, "chi2_df": 3, "chi2_threshold": 7.814727903251179, "N_raw": 40, "N_roi": 40, "N_inlier": 33, "refit": true}
{"timestamp": "17:04:24.287391", "frame": 69, "mu": [0.2743132463419512, 0.4846112777696615, 1.345889269543432], "Sigma": [[0.006373156185377926, -0.007686167954282238, -0.009362157357072198], [-0.007686167954282239, 0.011693243658331744, 0.009772820766104449], [-0.009362157357072198, 0.009772820766104449, 0.023962592937975508]], "chi2_level": 0.95, "chi2_df": 3, "chi2_threshold": 7.814727903251179, "N_raw": 33, "N_roi": 33, "N_inlier": 29, "refit": true}
{"timestamp": "17:04:24.351948", "frame": 70, "mu": [0.1715302255178805, 0.5892148394492405, 1.2272909768065599], "Sigma": [[0.012261662037480964, -0.022621196268506734, 0.013297377144891662], [-0.022621196268506734, 0.04568629906887732, -0.029287581854480663], [0.013297377144891662, -0.029287581854480663, 0.03699047871359124]], "chi2_level": 0.95, "chi2_df": 3, "chi2_threshold": 7.814727903251179, "N_raw": 106, "N_roi": 106, "N_inlier": 104, "refit": true}
{"timestamp": "17:04:24.398280", "frame": 71, "mu": [0.1730699614064361, 0.4451049689227712, 1.4076004638834543], "Sigma": [[0.0010858287597199643, -0.0028097525898582365, -0.00228389180180055], [-0.0028097525898582365, 0.009419846941310032, 0.006633839258852311], [-0.00228389180180055, 0.006633839258852312, 0.011160419470944248]], "chi2_level": 0.95, "chi2_df": 3, "chi2_threshold": 7.814727903251179, "N_raw": 35, "N_roi": 35, "N_inlier": 32, "refit": true}
{"timestamp": "17:04:24.453632", "frame": 72, "mu": [0.08385768585554447, 0.4990184522619397, 1.3290608196426172], "Sigma": [[0.02644464804572131, -0.03168916046680645, -0.01119847911323843], [-0.03168916046680645, 0.039330024773361755, 0.01273264464688299], [-0.01119847911323843, 0.01273264464688299, 0.005797971055325634]], "chi2_level": 0.95, "chi2_df": 3, "chi2_threshold": 7.814727903251179, "N_raw": 40, "N_roi": 40, "N_inlier": 36, "refit": true}
{"timestamp": "17:04:24.504697", "frame": 73, "mu": [0.06213742732011469, 0.5311469977082726, 1.0253382201625822], "Sigma": [[0.0004528106559515118, 0.0005238732223289766, 0.001523449102564075], [0.0005238732223289765, 0.011871925034096474, 0.04099602560930071], [0.001523449102564075, 0.04099602560930071, 0.36994103648370946]], "chi2_level": 0.95, "chi2_df": 3, "chi2_threshold": 7.814727903251179, "N_raw": 9, "N_roi": 9, "N_inlier": 8, "refit": true}
{"timestamp": "17:04:24.570823", "frame": 74, "mu": [-0.03881368099916736, 0.5814276031749417, 1.2086223134882503], "Sigma": [[0.01902012664682658, -0.025492902039500345, 0.011406345337748591], [-0.025492902039500345, 0.036515199769769045, -0.016908863199169715], [0.011406345337748591, -0.01690886319916971, 0.01568688006086962]], "chi2_level": 0.95, "chi2_df": 3, "chi2_threshold": 7.814727903251179, "N_raw": 85, "N_roi": 85, "N_inlier": 77, "refit": true}
{"timestamp": "17:04:24.627823", "frame": 75, "mu": [-0.09359232812525237, 0.6690565699283118, 1.3750886464052419], "Sigma": [[0.007174460723848101, -0.005376852569779756, 0.009897529955663705], [-0.005376852569779756, 0.007491656297291066, -0.013061631617302715], [0.009897529955663705, -0.013061631617302715, 0.0261914282064657]], "chi2_level": 0.95, "chi2_df": 3, "chi2_threshold": 7.814727903251179, "N_raw": 105, "N_roi": 105, "N_inlier": 101, "refit": true}
{"timestamp": "17:04:24.685025", "frame": 76, "mu": [-0.1274897271087441, 0.6212475782892264, 1.4591157455088706], "Sigma": [[0.003615082955635335, -0.002164012842882704, -0.003398231903294214], [-0.002164012842882704, 0.003750910547099268, -0.0007828457894558936], [-0.003398231903294214, -0.0007828457894558933, 0.011895547661739737]], "chi2_level": 0.95, "chi2_df": 3, "chi2_threshold": 7.814727903251179, "N_raw": 114, "N_roi": 114, "N_inlier": 108, "refit": true}
{"timestamp": "17:04:24.744211", "frame": 77, "mu": [-0.1426954144434863, 0.576088007158889, 1.408974439789532], "Sigma": [[0.004456697646391836, -0.006553276304618246, -0.00048421991892595424], [-0.006553276304618246, 0.015683730182917112, -0.004962047146435103], [-0.00048421991892595397, -0.004962047146435103, 0.019408600774231996]], "chi2_level": 0.95, "chi2_df": 3, "chi2_threshold": 7.814727903251179, "N_raw": 147, "N_roi": 147, "N_inlier": 143, "refit": true}
{"timestamp": "17:04:24.791649", "frame": 78, "mu": [-0.13254133769679494, 0.5407108124096731, 1.3983736188663805], "Sigma": [[0.0024728490275338216, -0.003092568934339359, -0.002196703956893123], [-0.003092568934339359, 0.0068558213133380315, 0.00013799672944476686], [-0.002196703956893123, 0.00013799672944476684, 0.005873545320610047]], "chi2_level": 0.95, "chi2_df": 3, "chi2_threshold": 7.814727903251179, "N_raw": 92, "N_roi": 92, "N_inlier": 90, "refit": true}
{"timestamp": "17:04:24.846035", "frame": 79, "mu": [-0.26067169347858293, 0.6150134089569848, 1.4314650550067785], "Sigma": [[0.003634728522795774, -0.002367604753672584, 0.002189366291527787], [-0.002367604753672585, 0.00408489180071964, -0.007416663542061604], [0.002189366291527787, -0.007416663542061605, 0.01840225309125777]], "chi2_level": 0.95, "chi2_df": 3, "chi2_threshold": 7.814727903251179, "N_raw": 90, "N_roi": 89, "N_inlier": 85, "refit": true}
{"timestamp": "17:04:24.896814", "frame": 80, "mu": [-0.18631363511148152, 0.4942439243530531, 1.3284791339222537], "Sigma": [[0.0011564694048899614, -0.0009164718159052889, -2.63445034743943e-05], [-0.0009164718159052889, 0.012019989719035529, -0.0005461429006215512], [-2.6344503474394293e-05, -0.0005461429006215512, 0.0005922116612540349]], "chi2_level": 0.95, "chi2_df": 3, "chi2_threshold": 7.814727903251179, "N_raw": 59, "N_roi": 57, "N_inlier": 51, "refit": true}
{"timestamp": "17:04:24.947785", "frame": 81, "mu": [-0.2845450290376335, 0.5267169735741233, 1.4136649835845156], "Sigma": [[0.0006975877762528083, -0.0011943035150795288, -0.0020791664835613866], [-0.0011943035150795288, 0.004072643196985837, 0.004913928656840303], [-0.0020791664835613866, 0.004913928656840303, 0.01856423215889145]], "chi2_level": 0.95, "chi2_df": 3, "chi2_threshold": 7.814727903251179, "N_raw": 38, "N_roi": 38, "N_inlier": 37, "refit": true}
{"timestamp": "17:04:25.006255", "frame": 82, "mu": [-0.4002416439901967, 0.5123403529755383, 1.4054421058300146], "Sigma": [[0.011911835527316518, -0.000679735886635916, -0.009355936984178713], [-0.000679735886635916, 0.006462988840327549, -0.0056141534681026445], [-0.009355936984178711, -0.0056141534681026445, 0.013592332183753447]], "chi2_level": 0.95, "chi2_df": 3, "chi2_threshold": 7.814727903251179, "N_raw": 64, "N_roi": 64, "N_inlier": 58, "refit": true}
{"timestamp": "17:04:25.057449", "frame": 83, "mu": [-0.4120463794736985, 0.5686791071266097, 1.4252931271476965], "Sigma": [[0.012305951588969815, 0.004586200947890619, -0.01104627494308313], [0.004586200947890619, 0.0031862399123847116, -0.002563266051386846], [-0.01104627494308313, -0.002563266051386847, 0.021623882774044288]], "chi2_level": 0.95, "chi2_df": 3, "chi2_threshold": 7.814727903251179, "N_raw": 33, "N_roi": 33, "N_inlier": 28, "refit": true}
{"timestamp": "17:04:25.119200", "frame": 84, "mu": [-0.4662153321457332, 0.4710473414108517, 1.4297870446944265], "Sigma": [[0.005269333598647646, 0.0035032980033977853, 0.00019584004620477327], [0.0035032980033977857, 0.012026364092918683, 0.007815554722253391], [0.00019584004620477337, 0.007815554722253391, 0.01390330886908219]], "chi2_level": 0.95, "chi2_df": 3, "chi2_threshold": 7.814727903251179, "N_raw": 79, "N_roi": 79, "N_inlier": 75, "refit": true}
{"timestamp": "17:04:25.180795", "frame": 85, "mu": [-0.538691008543261, 0.49791630010856586, 1.4769548562834767], "Sigma": [[0.024464555571400728, 0.0009465904905788449, -0.025082541514250073], [0.000946590490578845, 0.005685933436459448, -0.0027769808346530013], [-0.025082541514250076, -0.0027769808346530013, 0.030422692559853956]], "chi2_level": 0.95, "chi2_df": 3, "chi2_threshold": 7.814727903251179, "N_raw": 97, "N_roi": 96, "N_inlier": 90, "refit": true}
{"timestamp": "17:04:25.236887", "frame": 86, "mu": [-0.6009021219097261, 0.6064486686915922, -0.36494664759435463], "Sigma": [[0.0146204831777131, -0.0008564034013052709, -0.018118236561932056], [-0.0008564034013052711, 0.007531347544337164, 0.0007478976751716629], [-0.018118236561932056, 0.0007478976751716628, 0.03338122986237261]], "chi2_level": 0.95, "chi2_df": 3, "chi2_threshold": 7.814727903251179, "N_raw": 125, "N_roi": 125, "N_inlier": 123, "refit": true}
{"timestamp": "17:04:25.291992", "frame": 87, "mu": [-0.6462981920349707, 0.5000178944864132, 1.4798211592328165], "Sigma": [[0.016347336679523747, -0.0014191167860974805, -0.01715503577211578], [-0.0014191167860974807, 0.006071860333561547, -0.001705189287660375], [-0.01715503577211578, -0.001705189287660375, 0.024628998374205447]], "chi2_level": 0.95, "chi2_df": 3, "chi2_threshold": 7.814727903251179, "N_raw": 124, "N_roi": 124, "N_inlier": 120, "refit": true}
{"timestamp": "17:04:25.344674", "frame": 88, "mu": [-0.8148870451734558, 0.48821709677626923, 0.2404186611301553], "Sigma": [[0.016244577994622554, -0.0027135467854118096, 0.07566414987181413], [-0.0027135467854118096, 0.0076119829973547715, 0.005482354397366277], [0.07566414987181413, 0.005482354397366276, 0.7132588725063143]], "chi2_level": 0.95, "chi2_df": 3, "chi2_threshold": 7.814727903251179, "N_raw": 105, "N_roi": 105, "N_inlier": 103, "refit": true}
{"timestamp": "17:04:25.396969", "frame": 89, "mu": [-0.8468816352254984, 0.493981326790522, 0.04567334456850827], "Sigma": [[0.013588943006864335, -0.006470011618385276, 0.054373174844852934], [-0.006470011618385276, 0.01542207732294273, -0.049236604301471955], [0.05437317484485293, -0.049236604301471955, 0.4139400631842404]], "chi2_level": 0.95, "chi2_df": 3, "chi2_threshold": 7.814727903251179, "N_raw": 91, "N_roi": 91, "N_inlier": 85, "refit": true}
{"timestamp": "17:04:25.452021", "frame": 90, "mu": [-0.8301731167425177, 0.5133383953035451, 1.5220364727463922], "Sigma": [[0.00964586130980989, -0.0033541031974318306, -0.005246846526670559], [-0.0033541031974318306, 0.02228477287323251, 0.015435429271536625], [-0.005246846526670559, 0.015435429271536625, 0.023200734709863242]], "chi2_level": 0.95, "chi2_df": 3, "chi2_threshold": 7.814727903251179, "N_raw": 87, "N_roi": 87, "N_inlier": 80, "refit": true}
{"timestamp": "17:04:25.507846", "frame": 91, "mu": [-0.887664961852668, 0.5622130789294139, 1.5748225956624067], "Sigma": [[0.013162405424170737, -0.005637737432990354, -0.009876618414504868], [-0.005637737432990353, 0.011798028531163208, 0.0028716860900170754], [-0.009876618414504868, 0.0028716860900170754, 0.011294487187731952]], "chi2_level": 0.95, "chi2_df": 3, "chi2_threshold": 7.814727903251179, "N_raw": 108, "N_roi": 108, "N_inlier": 104, "refit": true}
{"timestamp": "17:04:25.567004", "frame": 92, "mu": [-0.9772299256687523, 0.5080366186782278, 1.5559039456305073], "Sigma": [[0.014254826454138779, -0.006812582123383244, -0.00810128753232631], [-0.006812582123383243, 0.02401212854867551, 0.0035396912228189137], [-0.008101287532326308, 0.0035396912228189137, 0.009083694995966122]], "chi2_level": 0.95, "chi2_df": 3, "chi2_threshold": 7.814727903251179, "N_raw": 123, "N_roi": 123, "N_inlier": 111, "refit": true}
{"timestamp": "17:04:25.618145", "frame": 93, "mu": [-0.9868203217655289, 0.5206074395565009, 1.4573532508322788], "Sigma": [[0.015268434849071992, 0.004456484392972993, -0.018734490849592368], [0.004456484392972993, 0.017091626558769526, -0.015236654609119245], [-0.018734490849592368, -0.015236654609119245, 0.04895471034482891]], "chi2_level": 0.95, "chi2_df": 3, "chi2_threshold": 7.814727903251179, "N_raw": 109, "N_roi": 109, "N_inlier": 108, "refit": true}
{"timestamp": "17:04:25.670161", "frame": 94, "mu": [-0.6579737354897702, 0.37546194615564127, 1.435309514683724], "Sigma": [[0.6521798953201879, -0.0465857835643472, 0.0005789748380403501], [-0.0465857835643472, 0.02050645299428802, 0.001930182869597946], [0.0005789748380403497, 0.001930182869597946, 0.002443124428581191]], "chi2_level": 0.95, "chi2_df": 3, "chi2_threshold": 7.814727903251179, "N_raw": 88, "N_roi": 88, "N_inlier": 84, "refit": true}
{"timestamp": "17:04:25.725968", "frame": 95, "mu": [-1.0775716894767053, 0.5628659250493651, 1.5295082389394385], "Sigma": [[0.010567244078109024, -0.0020352843733636235, -0.0048284228563411635], [-0.0020352843733636235, 0.014797179388689454, -0.00201608963865184], [-0.0048284228563411635, -0.0020160896386518397, 0.004116224699640579]], "chi2_level": 0.95, "chi2_df": 3, "chi2_threshold": 7.814727903251179, "N_raw": 95, "N_roi": 95, "N_inlier": 92, "refit": true}
