{"timestamp": "17:05:24.860732", "frame": 1, "mu": [1.4230276213334299, 1.0469263061976033, 1.419194802016564], "Sigma": [[0.013856624736558618, 0.0019402722726621691, -0.007038205201348556], [0.0019402722726621691, 0.000837875323767885, -0.0013436145010356424], [-0.0070382052013485555, -0.0013436145010356426, 0.00415349162511973]], "chi2_level": 0.95, "chi2_df": 3, "chi2_threshold": 7.814727903251179, "N_raw": 10, "N_roi": 10, "N_inlier": 8, "refit": true}
{"timestamp": "17:05:24.915570", "frame": 2, "mu": [1.4927611935236647, 1.0528033650382298, 1.422205076132155], "Sigma": [[0.015215002691583093, -0.00010015366257242083, -0.009639869766780992], [-0.00010015366257242083, 0.0013748727424843933, -0.00041043608398266904], [-0.009639869766780992, -0.00041043608398266894, 0.006449914672666789]], "chi2_level": 0.95, "chi2_df": 3, "chi2_threshold": 7.814727903251179, "N_raw": 9, "N_roi": 9, "N_inlier": 9, "refit": true}
{"timestamp": "17:05:24.973522", "frame": 3, "mu": [1.6563986683431051, 0.9887308509433744, 1.3085376291231876], "Sigma": [[0.01335879675878497, -0.007303964231619537, -0.013602570928624512], [-0.007303964231619536, 0.006583653453041547, 0.006671238282844775], [-0.013602570928624512, 0.006671238282844775, 0.023778379696232255]], "chi2_level": 0.95, "chi2_df": 3, "chi2_threshold": 7.814727903251179, "N_raw": 29, "N_roi": 29, "N_inlier": 26, "refit": true}
{"timestamp": "17:05:25.025568", "frame": 4, "mu": [1.5429046126872061, 1.0417828734084353, 1.3660898950065101], "Sigma": [[0.010746163099925968, -0.003073494457703463, -0.00961871112979825], [-0.003073494457703463, 0.0026922921066291766, 0.0028034345493791997], [-0.009618711129798249, 0.0028034345493791997, 0.009382963722830479]], "chi2_level": 0.95, "chi2_df": 3, "chi2_threshold": 7.814727903251179, "N_raw": 9, "N_roi": 9, "N_inlier": 9, "refit": true}
{"timestamp": "17:05:25.083601", "frame": 5, "mu": [1.6025498404909029, 0.9951256500170923, 1.1531471192724485], "Sigma": [[0.00542021659282954, -0.0034979069496259988, -0.004296154860423373], [-0.0034979069496259988, 0.003964094313049396, 0.0005132009842461766], [-0.004296154860423373, 0.0005132009842461768, 0.01059511997592014]], "chi2_level": 0.95, "chi2_df": 3, "chi2_threshold": 7.814727903251179, "N_raw": 29, "N_roi": 29, "N_inlier": 25, "refit": true}
{"timestamp": "17:05:25.139503", "frame": 6, "mu": [1.6365205125796758, 1.0402513282938275, 1.336036283218932], "Sigma": [[0.00649003728637084, -0.0027435217934204574, -0.0002034029369678208], [-0.0027435217934204574, 0.006718472762017197, -0.0011071823816444842], [-0.00020340293696782084, -0.0011071823816444842, 0.00047269236099208977]], "chi2_level": 0.95, "chi2_df": 3, "chi2_threshold": 7.814727903251179, "N_raw": 35, "N_roi": 35, "N_inlier": 33, "refit": true}
{"timestamp": "17:05:25.194198", "frame": 7, "mu": [1.5799776645929624, 1.0323730299476033, 1.1199166476912805], "Sigma": [[0.006529148527002831, -0.004676658046071009, -0.0038418975663316477], [-0.004676658046071008, 0.00606476967554027, -0.0012476165410755902], [-0.0038418975663316486, -0.0012476165410755904, 0.013463742944706014]], "chi2_level": 0.95, "chi2_df": 3, "chi2_threshold": 7.814727903251179, "N_raw": 30, "N_roi": 30, "N_inlier": 28, "refit": true}
{"timestamp": "17:05:25.245511", "frame": 8, "mu": [1.566869533987738, 1.033500717267443, 1.186451803861375], "Sigma": [[0.010127314513497505, -0.006997468594782988, -0.015235225850790722], [-0.006997468594782988, 0.019202467215906023, -0.009602470659605698], [-0.015235225850790726, -0.009602470659605698, 0.05819744081250433]], "chi2_level": 0.95, "chi2_df": 3, "chi2_threshold": 7.814727903251179, "N_raw": 7, "N_roi": 7, "N_inlier": 7, "refit": true}
{"timestamp": "17:05:25.300603", "frame": 9, "mu": [1.5317263273489696, 1.0632969657136628, 1.2227993522974563], "Sigma": [[0.008458239469535387, 0.0016354837069517555, -0.02460849966852811], [0.0016354837069517552, 0.0028150348261996275, -0.006300624257592088], [-0.024608499668528107, -0.006300624257592088, 0.08409197036425689]], "chi2_level": 0.95, "chi2_df": 3, "chi2_threshold": 7.814727903251179, "N_raw": 7, "N_roi": 7, "N_inlier": 7, "refit": true}
{"timestamp": "17:05:25.355378", "frame": 10, "mu": [1.5139336442024174, 1.0854845968512143, 1.2590930684019046], "Sigma": [[0.003233338355378722, 0.002045514581720314, -0.010154351184823433], [0.0020455145817203143, 0.005071706733229029, -0.016216652573986978], [-0.010154351184823433, -0.01621665257398698, 0.06649318496581433]], "chi2_level": 0.95, "chi2_df": 3, "chi2_threshold": 7.814727903251179, "N_raw": 8, "N_roi": 8, "N_inlier": 8, "refit": true}
{"timestamp": "17:05:25.412791", "frame": 11, "mu": [1.6059339115901983, 1.0359195218136317, 1.2653315838295156], "Sigma": [[0.002028582017417308, -0.0010323353591081598, -0.0011000255525294596], [-0.0010323353591081598, 0.004996923296264698, -0.0044991452579850495], [-0.0011000255525294596, -0.0044991452579850495, 0.007728508548199893]], "chi2_level": 0.95, "chi2_df": 3, "chi2_threshold": 7.814727903251179, "N_raw": 20, "N_roi": 20, "N_inlier": 19, "refit": true}
{"timestamp": "17:05:25.474832", "frame": 12, "mu": [1.622007733334443, 1.0316755830514872, 1.2848102097008163], "Sigma": [[0.005620250282867167, -0.0027821551598521243, -0.0021547939483543784], [-0.0027821551598521243, 0.006783561395676902, -0.002417943207912578], [-0.002154793948354379, -0.002417943207912578, 0.003802586885953131]], "chi2_level": 0.95, "chi2_df": 3, "chi2_threshold": 7.814727903251179, "N_raw": 41, "N_roi": 41, "N_inlier": 39, "refit": true}
{"timestamp": "17:05:25.523547", "frame": 13, "mu": [1.6404411523293176, 1.0468085857967973, 1.3421389965562824], "Sigma": [[0.0023745436269274047, -0.0003355204589203744, -0.0003416592256400927], [-0.0003355204589203744, 0.0024952398054284056, -0.0007175407542556999], [-0.0003416592256400927, -0.0007175407542557, 0.00034205558382980396]], "chi2_level": 0.95, "chi2_df": 3, "chi2_threshold": 7.814727903251179, "N_raw": 14, "N_roi": 14, "N_inlier": 12, "refit": true}
{"timestamp": "17:05:25.580268", "frame": 14, "mu": [1.6370434672081338, 1.0620998436409184, 1.3134438764515903], "Sigma": [[0.004527173432042418, -0.002894814602840759, -0.0008289829084706327], [-0.002894814602840759, 0.004395914263635874, -0.0012740372607467976], [-0.0008289829084706327, -0.0012740372607467976, 0.002250727081734242]], "chi2_level": 0.95, "chi2_df": 3, "chi2_threshold": 7.814727903251179, "N_raw": 25, "N_roi": 25, "N_inlier": 24, "refit": true}
{"timestamp": "17:05:25.631734", "frame": 15, "mu": [1.569781661238344, 1.024979844488603, 1.3927971185432713], "Sigma": [[0.0038191928739986975, -0.00016140230191221333, -0.007310859702759627], [-0.00016140230191221333, 0.00025147904223218464, -0.0005291781562533536], [-0.007310859702759626, -0.0005291781562533537, 0.018866061525723173]], "chi2_level": 0.95, "chi2_df": 3, "chi2_threshold": 7.814727903251179, "N_raw": 5, "N_roi": 5, "N_inlier": 5, "refit": true}
{"timestamp": "17:05:25.690790", "frame": 16, "mu": [1.5541466496854013, 1.0870757279211696, 1.2669594925039422], "Sigma": [[0.0056803544940238525, -0.005596601194700608, -0.0020510004237956035], [-0.005596601194700609, 0.008668833681055548, 0.00017409358200829562], [-0.0020510004237956035, 0.0001740935820082956, 0.002443007506424244]], "chi2_level": 0.95, "chi2_df": 3, "chi2_threshold": 7.814727903251179, "N_raw": 32, "N_roi": 32, "N_inlier": 28, "refit": true}
{"timestamp": "17:05:25.745005", "frame": 17, "mu": [1.5436059358580552, 1.095765204660787, 1.2401755663456226], "Sigma": [[0.008064005404249243, -0.005690813752286758, -0.0010125816388659172], [-0.005690813752286759, 0.008257374216543982, -0.0006651808270424736], [-0.0010125816388659174, -0.0006651808270424736, 0.005783012122502602]], "chi2_level": 0.95, "chi2_df": 3, "chi2_threshold": 7.814727903251179, "N_raw": 26, "N_roi": 26, "N_inlier": 24, "refit": true}
{"timestamp": "17:05:25.798292", "frame": 18, "mu": [1.5325029946929822, 1.1163040383982799, -0.26232617211221915], "Sigma": [[0.011209507121932008, 0.0006849047449411145, -0.014431535681058101], [0.0006849047449411145, 0.0010961206437849677, -0.001384432466364753], [-0.014431535681058101, -0.001384432466364753, 0.02291375563191471]], "chi2_level": 0.95, "chi2_df": 3, "chi2_threshold": 7.814727903251179, "N_raw": 12, "N_roi": 12, "N_inlier": 11, "refit": true}
{"timestamp": "17:05:25.856068", "frame": 19, "mu": [1.5698163643167078, 1.0273107167333246, 1.265496985594246], "Sigma": [[0.005971019859649632, -0.004746848775446546, -0.004587266617671632], [-0.004746848775446546, 0.005439517172542536, 0.0010444384548969653], [-0.004587266617671632, 0.0010444384548969651, 0.008611834966736622]], "chi2_level": 0.95, "chi2_df": 3, "chi2_threshold": 7.814727903251179, "N_raw": 31, "N_roi": 31, "N_inlier": 30, "refit": true}
{"timestamp": "17:05:25.913196", "frame": 20, "mu": [1.5649262724124435, 1.0291763067087851, 1.2910832484478647], "Sigma": [[0.009170507529247335, -0.005371116948796674, -0.0011322500539235707], [-0.005371116948796673, 0.006121387423829419, -0.002293254779253736], [-0.0011322500539235707, -0.002293254779253736, 0.0039953091157565864]], "chi2_level": 0.95, "chi2_df": 3, "chi2_threshold": 7.814727903251179, "N_raw": 43, "N_roi": 43, "N_inlier": 41, "refit": true}
{"timestamp": "17:05:25.969552", "frame": 21, "mu": [1.5825914713007085, 1.055231914055914, 1.2963243429434594], "Sigma": [[0.00870731846965391, -0.004060288007379198, -0.0031000135725314745], [-0.004060288007379198, 0.00859644381765814, -0.0011787718907088247], [-0.003100013572531475, -0.0011787718907088247, 0.002453408210418585]], "chi2_level": 0.95, "chi2_df": 3, "chi2_threshold": 7.814727903251179, "N_raw": 50, "N_roi": 50, "N_inlier": 47, "refit": true}
{"timestamp": "17:05:26.021804", "frame": 22, "mu": [1.5862365031397967, 1.147962426987969, -0.34726424864955346], "Sigma": [[0.0070890690655362135, -0.002066861490852851, -0.0016959021658888586], [-0.002066861490852851, 0.005739340009331343, -0.000302721987183359], [-0.0016959021658888586, -0.000302721987183359, 0.0007045264562977856]], "chi2_level": 0.95, "chi2_df": 3, "chi2_threshold": 7.814727903251179, "N_raw": 37, "N_roi": 37, "N_inlier": 35, "refit": true}
{"timestamp": "17:05:26.078015", "frame": 23, "mu": [1.4387977724820566, 1.1414696023579598, 1.2412352898813608], "Sigma": [[0.0030748874587763707, -0.0025092949029026437, -0.0002557195953431313], [-0.0025092949029026433, 0.006751178722842072, -0.011150414539589287], [-0.0002557195953431314, -0.011150414539589287, 0.03596165003464363]], "chi2_level": 0.95, "chi2_df": 3, "chi2_threshold": 7.814727903251179, "N_raw": 42, "N_roi": 42, "N_inlier": 39, "refit": true}
{"timestamp": "17:05:26.131806", "frame": 24, "mu": [1.562734094130407, 0.9992406781180325, 1.3692096008006298], "Sigma": [[0.00813819280474915, -0.003314237008150621, -0.00200409976041916], [-0.003314237008150621, 0.005905221228924615, -0.000389985200093238], [-0.0020040997604191604, -0.00038998520009323796, 0.0017698301220490872]], "chi2_level": 0.95, "chi2_df": 3, "chi2_threshold": 7.814727903251179, "N_raw": 37, "N_roi": 37, "N_inlier": 33, "refit": true}
{"timestamp": "17:05:26.189322", "frame": 25, "mu": [1.489793934398082, 1.072906781153685, 1.2955920604201885], "Sigma": [[0.011282826898099308, -0.006891131870043578, -0.001525077435118386], [-0.006891131870043579, 0.007032022863133217, -0.0016130842758341562], [-0.001525077435118386, -0.0016130842758341562, 0.0035841495399276807]], "chi2_level": 0.95, "chi2_df": 3, "chi2_threshold": 7.814727903251179, "N_raw": 49, "N_roi": 49, "N_inlier": 46, "refit": true}
{"timestamp": "17:05:26.243076", "frame": 26, "mu": [1.446303611788484, 1.0574094370036553, 1.3950325966200658], "Sigma": [[0.007802528139077964, -0.003990533852590678, -0.0069839479228161645], [-0.003990533852590678, 0.005290503125059979, 0.0006181455180714146], [-0.0069839479228161645, 0.0006181455180714146, 0.009752094679019096]], "chi2_level": 0.95, "chi2_df": 3, "chi2_threshold": 7.814727903251179, "N_raw": 44, "N_roi": 44, "N_inlier": 41, "refit": true}
{"timestamp": "17:05:26.302252", "frame": 27, "mu": [1.4658837125187436, 1.0413731307309688, 1.2545286221100964], "Sigma": [[0.011632517486555282, -0.007097592772091913, -0.003488364370187764], [-0.007097592772091913, 0.012236377075569191, -0.0011733700074039223], [-0.003488364370187764, -0.001173370007403922, 0.0038109107478229718]], "chi2_level": 0.95, "chi2_df": 3, "chi2_threshold": 7.814727903251179, "N_raw": 67, "N_roi": 66, "N_inlier": 62, "refit": true}
{"timestamp": "17:05:26.356841", "frame": 28, "mu": [1.387122002587114, 1.0552610502368869, 1.2731371130739138], "Sigma": [[0.009463119045765479, -0.004632970987855931, -0.006765858189055169], [-0.004632970987855931, 0.008392288875939494, -0.002477163883650618], [-0.006765858189055169, -0.002477163883650618, 0.021881982060579532]], "chi2_level": 0.95, "chi2_df": 3, "chi2_threshold": 7.814727903251179, "N_raw": 66, "N_roi": 66, "N_inlier": 65, "refit": true}
{"timestamp": "17:05:26.410820", "frame": 29, "mu": [1.4634474755543423, 0.9484503908418913, 1.2966795272981748], "Sigma": [[0.012047487314924143, -0.0047582284811867916, -0.005395683904258451], [-0.0047582284811867916, 0.006945745655522224, 2.0378155085546334e-05], [-0.005395683904258451, 2.0378155085546334e-05, 0.009939815900807737]], "chi2_level": 0.95, "chi2_df": 3, "chi2_threshold": 7.814727903251179, "N_raw": 55, "N_roi": 55, "N_inlier": 51, "refit": true}
{"timestamp": "17:05:26.467011", "frame": 30, "mu": [1.3952325352855264, 0.9968812685914604, 1.1946371841771313], "Sigma": [[0.007715164044432495, -0.0055980640924880205, -0.001083617162934457], [-0.0055980640924880205, 0.014882309909277596, -0.004361466006040448], [-0.001083617162934457, -0.004361466006040449, 0.00399107991805684]], "chi2_level": 0.95, "chi2_df": 3, "chi2_threshold": 7.814727903251179, "N_raw": 72, "N_roi": 72, "N_inlier": 66, "refit": true}
{"timestamp": "17:05:26.513883", "frame": 31, "mu": [1.2520658356444665, 0.9521054023793951, 1.4323851073906448], "Sigma": [[0.0008564702651642529, 0.00010613699915096314, 0.002469397500253459], [0.00010613699915096309, 0.0012320131520688162, -0.0030403463328874734], [0.0024693975002534592, -0.0030403463328874734, 0.029621550471934186]], "chi2_level": 0.95, "chi2_df": 3, "chi2_threshold": 7.814727903251179, "N_raw": 7, "N_roi": 7, "N_inlier": 7, "refit": true}
{"timestamp": "17:05:26.573827", "frame": 32, "mu": [1.4129279921797473, 0.8162176147309688, 1.2798784938297345], "Sigma": [[0.010578842794047113, -0.004471754166570821, -0.004166155981310746], [-0.004471754166570821, 0.011340795787042607, 0.002158856661286126], [-0.004166155981310746, 0.0021588566612861255, 0.003912487287216242]], "chi2_level": 0.95, "chi2_df": 3, "chi2_threshold": 7.814727903251179, "N_raw": 46, "N_roi": 46, "N_inlier": 43, "refit": true}
{"timestamp": "17:05:26.627540", "frame": 33, "mu": [1.3639998649663503, 1.0268811205805066, -0.49319768129213204], "Sigma": [[0.005717136385732175, -0.003142667786265704, -3.7577452775761284e-05], [-0.0031426677862657045, 0.008397114511325585, -0.0070300182702172365], [-3.7577452775761284e-05, -0.0070300182702172365, 0.015080137851603082]], "chi2_level": 0.95, "chi2_df": 3, "chi2_threshold": 7.814727903251179, "N_raw": 40, "N_roi": 40, "N_inlier": 37, "refit": true}
{"timestamp": "17:05:26.679572", "frame": 34, "mu": [1.1743644273598681, 0.9557275123788769, 1.4426152446502605], "Sigma": [[0.00927437346730981, -0.003664340316809847, -0.012615750316158325], [-0.003664340316809847, 0.003961566634461868, 0.004268649061805819], [-0.012615750316158324, 0.004268649061805819, 0.025088762895604313]], "chi2_level": 0.95, "chi2_df": 3, "chi2_threshold": 7.814727903251179, "N_raw": 17, "N_roi": 17, "N_inlier": 16, "refit": true}
{"timestamp": "17:05:26.737069", "frame": 35, "mu": [1.3225752198581455, 0.9009031566612509, -0.46653666594364573], "Sigma": [[0.0055451929254288854, -0.0022494784050474106, -0.004836062212129582], [-0.0022494784050474106, 0.00435822068889766, 0.0012103338168393165], [-0.004836062212129582, 0.0012103338168393163, 0.00668926201394299]], "chi2_level": 0.95, "chi2_df": 3, "chi2_threshold": 7.814727903251179, "N_raw": 34, "N_roi": 34, "N_inlier": 31, "refit": true}
{"timestamp": "17:05:26.790954", "frame": 36, "mu": [1.3115506275560145, 0.6862750659665467, 1.2906427546492307], "Sigma": [[0.004195254606992054, -0.002882742063303678, -0.002054721585908037], [-0.002882742063303678, 0.005077340897263464, -0.00021458317336247638], [-0.002054721585908037, -0.00021458317336247635, 0.0024108086367985214]], "chi2_level": 0.95, "chi2_df": 3, "chi2_threshold": 7.814727903251179, "N_raw": 28, "N_roi": 28, "N_inlier": 27, "refit": true}
{"timestamp": "17:05:26.849574", "frame": 37, "mu": [1.2837607634336252, 0.6922577848058734, 1.306134180738501], "Sigma": [[0.00639538038365483, -0.0022670407128937507, -0.0006133046508347232], [-0.0022670407128937507, 0.007967680871922265, -0.001584821561014551], [-0.0006133046508347232, -0.001584821561014551, 0.0010731959579200958]], "chi2_level": 0.95, "chi2_df": 3, "chi2_threshold": 7.814727903251179, "N_raw": 47, "N_roi": 47, "N_inlier": 42, "refit": true}
{"timestamp": "17:05:26.899490", "frame": 38, "mu": [1.1425801433824008, 0.8005987914009218, 1.328907106712522], "Sigma": [[0.013078571629785955, -0.014751441640814484, -0.015972076117487605], [-0.014751441640814484, 0.019343504588989938, 0.011657160194796182], [-0.015972076117487605, 0.011657160194796182, 0.057134042307325786]], "chi2_level": 0.95, "chi2_df": 3, "chi2_threshold": 7.814727903251179, "N_raw": 16, "N_roi": 16, "N_inlier": 15, "refit": true}
{"timestamp": "17:05:26.954051", "frame": 39, "mu": [1.1192461593163758, 0.7709380304275585, 0.8452440027752608], "Sigma": [[0.0032833528062257648, -0.0020600850386138184, -0.009919868727866026], [-0.0020600850386138184, 0.01995142137994435, 0.06494633149847912], [-0.009919868727866026, 0.06494633149847912, 0.28629791377422825]], "chi2_level": 0.95, "chi2_df": 3, "chi2_threshold": 7.814727903251179, "N_raw": 11, "N_roi": 11, "N_inlier": 10, "refit": true}
{"timestamp": "17:05:27.009495", "frame": 40, "mu": [1.113619890852645, 0.8234173528983797, 0.9975317278344801], "Sigma": [[0.003967615408290181, -0.007071861248610573, 0.007986905885503378], [-0.007071861248610573, 0.016548235417369633, -0.022484048785666625], [0.007986905885503378, -0.02248404878566662, 0.040609244498380756]], "chi2_level": 0.95, "chi2_df": 3, "chi2_threshold": 7.814727903251179, "N_raw": 23, "N_roi": 23, "N_inlier": 22, "refit": true}
{"timestamp": "17:05:27.064717", "frame": 41, "mu": [1.1408771949973404, 0.6699229717965235, 1.2485363558119833], "Sigma": [[0.006609712504442541, -0.008297354438527563, 0.008232640031132861], [-0.008297354438527563, 0.01478397065172707, -0.016007291662344273], [0.008232640031132863, -0.016007291662344277, 0.026337732450882424]], "chi2_level": 0.95, "chi2_df": 3, "chi2_threshold": 7.814727903251179, "N_raw": 19, "N_roi": 19, "N_inlier": 18, "refit": true}
{"timestamp": "17:05:27.121626", "frame": 42, "mu": [0.8589577663837814, 0.8766786569084775, 1.4914243649944303], "Sigma": [[0.003210255298224338, -0.000869737341754608, -0.0015614005201371485], [-0.0008697373417546081, 0.00346400797453425, -0.0003129405764284411], [-0.0015614005201371485, -0.00031294057642844105, 0.0011110156933578127]], "chi2_level": 0.95, "chi2_df": 3, "chi2_threshold": 7.814727903251179, "N_raw": 39, "N_roi": 39, "N_inlier": 35, "refit": true}
{"timestamp": "17:05:27.173836", "frame": 43, "mu": [0.9538321350057863, 0.8467121996284702, 1.1788446675663768], "Sigma": [[0.005033411063096853, -0.00434067878985697, 0.0036095122847735576], [-0.00434067878985697, 0.011132349152661801, -0.016920043072093296], [0.003609512284773557, -0.016920043072093296, 0.04558678851504696]], "chi2_level": 0.95, "chi2_df": 3, "chi2_threshold": 7.814727903251179, "N_raw": 10, "N_roi": 10, "N_inlier": 9, "refit": true}
{"timestamp": "17:05:27.228609", "frame": 44, "mu": [0.853167491227839, 0.8441397511289704, 1.2695210197265308], "Sigma": [[0.006411270268802131, -0.001606423258192958, -0.0047982115001837826], [-0.001606423258192958, 0.0009733993536591865, -0.0029104617291947498], [-0.0047982115001837826, -0.0029104617291947498, 0.04964852200699432]], "chi2_level": 0.95, "chi2_df": 3, "chi2_threshold": 7.814727903251179, "N_raw": 10, "N_roi": 8, "N_inlier": 8, "refit": true}
{"timestamp": "17:05:27.290138", "frame": 45, "mu": [0.8303309403127926, 1.0038837557609113, -0.6504003602759332], "Sigma": [[0.007661905087109122, 0.0020308502381090818, -0.02021001988274808], [0.0020308502381090818, 0.00865395583095697, -0.02126901206678042], [-0.02021001988274808, -0.02126901206678042, 0.09883518140268177]], "chi2_level": 0.95, "chi2_df": 3, "chi2_threshold": 7.814727903251179, "N_raw": 65, "N_roi": 65, "N_inlier": 64, "refit": true}
{"timestamp": "17:05:27.340640", "frame": 46, "mu": [0.7066475950968064, 0.7979444390875206, 1.4775423066836733], "Sigma": [[0.0035493700851601017, -0.0018725008345013908, -0.003277404759019682], [-0.0018725008345013908, 0.0017979095832188275, 0.0012194834428446023], [-0.003277404759019682, 0.001219483442844602, 0.00420851270376186]], "chi2_level": 0.95, "chi2_df": 3, "chi2_threshold": 7.814727903251179, "N_raw": 32, "N_roi": 31, "N_inlier": 28, "refit": true}
{"timestamp": "17:05:27.404387", "frame": 47, "mu": [0.76407685798746, 0.7439264858646183, 1.4061270886407267], "Sigma": [[0.013696294597863487, -0.006663971103811206, -0.01388369464145281], [-0.006663971103811206, 0.005102950098931212, 0.005867734096845999], [-0.01388369464145281, 0.005867734096845999, 0.016550339698505848]], "chi2_level": 0.95, "chi2_df": 3, "chi2_threshold": 7.814727903251179, "N_raw": 82, "N_roi": 82, "N_inlier": 76, "refit": true}
{"timestamp": "17:05:27.456959", "frame": 48, "mu": [0.6978622986557055, 0.7851293345360377, 1.453431240413348], "Sigma": [[0.006450356656314507, -0.0011840814026727801, -0.005504362160757239], [-0.0011840814026727801, 0.0020226160700467077, -3.645822725564823e-05], [-0.005504362160757239, -3.645822725564812e-05, 0.009184446094649136]], "chi2_level": 0.95, "chi2_df": 3, "chi2_threshold": 7.814727903251179, "N_raw": 68, "N_roi": 68, "N_inlier": 64, "refit": true}
{"timestamp": "17:05:27.508413", "frame": 49, "mu": [0.5898567341379083, 0.7749939492271533, 1.540103218812249], "Sigma": [[0.0019650889878200677, -0.00017039797257342845, -0.000964786512075579], [-0.00017039797257342845, 0.002957442476576014, -0.0004668222758873418], [-0.000964786512075579, -0.0004668222758873418, 0.0007134574012876728]], "chi2_level": 0.95, "chi2_df": 3, "chi2_threshold": 7.814727903251179, "N_raw": 43, "N_roi": 43, "N_inlier": 36, "refit": true}
{"timestamp": "17:05:27.564823", "frame": 50, "mu": [0.5763494486573401, 0.8042909399924358, 1.5170579844578493], "Sigma": [[0.004042857837335537, 0.00031667197774121544, -0.002053206104273178], [0.00031667197774121544, 0.003230744423894888, -0.0005981397327225521], [-0.002053206104273178, -0.0005981397327225521, 0.0012445716544089533]], "chi2_level": 0.95, "chi2_df": 3, "chi2_threshold": 7.814727903251179, "N_raw": 56, "N_roi": 56, "N_inlier": 52, "refit": true}
{"timestamp": "17:05:27.620755", "frame": 51, "mu": [0.5384597909555798, 0.8064272262613964, 1.4991626972803693], "Sigma": [[0.003242891339621289, -0.0010281955134154557, -0.0029376008183591247], [-0.0010281955134154557, 0.0037811568896804933, -0.00014614782308641717], [-0.0029376008183591247, -0.00014614782308641723, 0.014132118548580238]], "chi2_level": 0.95, "chi2_df": 3, "chi2_threshold": 7.814727903251179, "N_raw": 55, "N_roi": 55, "N_inlier": 51, "refit": true}
{"timestamp": "17:05:27.676297", "frame": 52, "mu": [0.5481368983306477, 0.7496668460636535, 1.441206118471348], "Sigma": [[0.006634572050783519, -0.0018304980625194027, -0.004158635286134875], [-0.0018304980625194027, 0.003050024096146904, -0.004064015724302518], [-0.004158635286134876, -0.004064015724302518, 0.03160537886881209]], "chi2_level": 0.95, "chi2_df": 3, "chi2_threshold": 7.814727903251179, "N_raw": 65, "N_roi": 64, "N_inlier": 60, "refit": true}
{"timestamp": "17:05:27.736226", "frame": 53, "mu": [0.48476299403742173, 0.8220472465693223, 1.3716224087642863], "Sigma": [[0.004058200666088983, -0.0015038760236477013, -0.011684445308487428], [-0.0015038760236477011, 0.004990115772545705, -0.00028860772817304527], [-0.011684445308487428, -0.0002886077281730455, 0.0616067333421585]], "chi2_level": 0.95, "chi2_df": 3, "chi2_threshold": 7.814727903251179, "N_raw": 97, "N_roi": 97, "N_inlier": 93, "refit": true}
{"timestamp": "17:05:27.780528", "frame": 54, "mu": [0.4760725606895624, 0.7313725604863025, 1.4004127378097389], "Sigma": [[0.009073899679386344, -0.0022162504796145663, -0.00974427661139876], [-0.0022162504796145663, 0.0024828163639178877, 0.0007458562129972804], [-0.00974427661139876, 0.0007458562129972803, 0.023194640958148376]], "chi2_level": 0.95, "chi2_df": 3, "chi2_threshold": 7.814727903251179, "N_raw": 17, "N_roi": 16, "N_inlier": 14, "refit": true}
{"timestamp": "17:05:27.846817", "frame": 55, "mu": [0.4452479427869465, 0.7614498270253466, -0.012807825845139547], "Sigma": [[0.006451481123720682, -0.0023943955542325554, 0.06063679904456935], [-0.002394395554232556, 0.004839149278305989, -0.04481081031647823], [0.06063679904456935, -0.04481081031647824, 1.1422274746773502]], "chi2_level": 0.95, "chi2_df": 3, "chi2_threshold": 7.814727903251179, "N_raw": 106, "N_roi": 106, "N_inlier": 103, "refit": true}
{"timestamp": "17:05:27.904006", "frame": 56, "mu": [0.31248318167667793, 0.8470919689736376, 1.1975149241291623], "Sigma": [[0.015659860159569848, -0.009385454047263505, 0.014142302055476338], [-0.009385454047263505, 0.012960084840095318, -0.021342429522528267], [0.014142302055476338, -0.021342429522528267, 0.04017124876326082]], "chi2_level": 0.95, "chi2_df": 3, "chi2_threshold": 7.814727903251179, "N_raw": 115, "N_roi": 115, "N_inlier": 113, "refit": true}
{"timestamp": "17:05:27.952526", "frame": 57, "mu": [0.2675839465228124, 0.8460858918825355, 1.1722344308008639], "Sigma": [[0.0037211000352397787, -0.0042467863397460705, 0.0030638862526937687], [-0.0042467863397460705, 0.01518894261829211, -0.027400741354008565], [0.0030638862526937687, -0.027400741354008565, 0.06839555376234759]], "chi2_level": 0.95, "chi2_df": 3, "chi2_threshold": 7.814727903251179, "N_raw": 66, "N_roi": 66, "N_inlier": 62, "refit": true}
{"timestamp": "17:05:28.016057", "frame": 58, "mu": [0.17951885802926285, 0.7984376683712648, 1.3039962117424748], "Sigma": [[0.0186983644444836, -0.013655432785641436, 0.017992810355611365], [-0.013655432785641436, 0.01201710892342039, -0.016019378364642695], [0.017992810355611365, -0.016019378364642692, 0.02823589120967509]], "chi2_level": 0.95, "chi2_df": 3, "chi2_threshold": 7.814727903251179, "N_raw": 138, "N_roi": 138, "N_inlier": 134, "refit": true}
{"timestamp": "17:05:28.066190", "frame": 59, "mu": [0.17906368047787258, 0.7666595371642613, 1.307212790838553], "Sigma": [[0.02597880561874562, -0.019545146922336096, 0.004224400664227485], [-0.019545146922336096, 0.017439848084387415, -0.005947621778253551], [0.004224400664227485, -0.005947621778253551, 0.017386319756240137]], "chi2_level": 0.95, "chi2_df": 3, "chi2_threshold": 7.814727903251179, "N_raw": 101, "N_roi": 101, "N_inlier": 97, "refit": true}
{"timestamp": "17:05:28.118140", "frame": 60, "mu": [0.12428972926790556, 0.8185175710557313, 1.1177698444226587], "Sigma": [[0.017509099654252323, -0.019766600491982818, 0.013544306394461664], [-0.019766600491982818, 0.026202917017124426, -0.019834836651020905], [0.013544306394461664, -0.019834836651020905, 0.020069825459971102]], "chi2_level": 0.95, "chi2_df": 3, "chi2_threshold": 7.814727903251179, "N_raw": 82, "N_roi": 82, "N_inlier": 77, "refit": true}
{"timestamp": "17:05:28.173226", "frame": 61, "mu": [0.07321746255756797, 0.7504685911633322, 1.2551774898850332], "Sigma": [[0.0030199157911407815, -0.004092835587416648, 0.0063758528452683184], [-0.004092835587416648, 0.00899228178305283, -0.008543799887188173], [0.0063758528452683184, -0.008543799887188173, 0.07077497621499242]], "chi2_level": 0.95, "chi2_df": 3, "chi2_threshold": 7.814727903251179, "N_raw": 77, "N_roi": 77, "N_inlier": 73, "refit": true}
{"timestamp": "17:05:28.229225", "frame": 62, "mu": [-0.027038726749856443, 0.8324767871836966, 1.2808000050609671], "Sigma": [[0.01455191402611569, -0.011743556688792582, 0.02682968901768258], [-0.011743556688792582, 0.012163877553399762, -0.025485809352901876], [0.02682968901768258, -0.025485809352901873, 0.05927247780212555]], "chi2_level": 0.95, "chi2_df": 3, "chi2_threshold": 7.814727903251179, "N_raw": 85, "N_roi": 85, "N_inlier": 75, "refit": true}
{"timestamp": "17:05:28.288308", "frame": 63, "mu": [0.02668949434435014, 0.6840015339998606, 1.2377696740924604], "Sigma": [[0.016445496130519592, -0.016388030639427884, 0.011500312171390395], [-0.016388030639427884, 0.020699697125873218, -0.015306087656227959], [0.011500312171390395, -0.015306087656227959, 0.019787787853177568]], "chi2_level": 0.95, "chi2_df": 3, "chi2_threshold": 7.814727903251179, "N_raw": 108, "N_roi": 108, "N_inlier": 107, "refit": true}
{"timestamp": "17:05:28.335915", "frame": 64, "mu": [-0.11340623615960932, 0.7604104411580395, 1.4323975541812866], "Sigma": [[0.006303941873720538, -0.002646965945016456, 0.007533445139044923], [-0.002646965945016456, 0.002969602245850977, -0.007046967123743101], [0.007533445139044922, -0.007046967123743101, 0.024376725957150798]], "chi2_level": 0.95, "chi2_df": 3, "chi2_threshold": 7.814727903251179, "N_raw": 60, "N_roi": 60, "N_inlier": 56, "refit": true}
{"timestamp": "17:05:28.395793", "frame": 65, "mu": [-0.036576825426534586, 0.7004054054031273, 1.435366094671186], "Sigma": [[0.0036400243417748423, -0.003228589543951655, -0.005043840345334531], [-0.003228589543951655, 0.008150245619672475, 0.0036064898423176753], [-0.005043840345334531, 0.003606489842317675, 0.00865176133361102]], "chi2_level": 0.95, "chi2_df": 3, "chi2_threshold": 7.814727903251179, "N_raw": 94, "N_roi": 93, "N_inlier": 87, "refit": true}
{"timestamp": "17:05:28.453609", "frame": 66, "mu": [-0.1707826308043025, 0.817048346907418, 1.3385197416760095], "Sigma": [[0.00628546269424093, -0.00596570232562457, 0.012572849480744712], [-0.00596570232562457, 0.00885314503036644, -0.02059092048325143], [0.012572849480744712, -0.02059092048325143, 0.06131654614020867]], "chi2_level": 0.95, "chi2_df": 3, "chi2_threshold": 7.814727903251179, "N_raw": 113, "N_roi": 113, "N_inlier": 113, "refit": true}
{"timestamp": "17:05:28.503641", "frame": 67, "mu": [-0.14926377984229827, 0.761761602992014, 1.4282582291329362], "Sigma": [[0.0040373300943886475, -0.0011439590000769059, -0.0003766325630238986], [-0.0011439590000769059, 0.0030790773617450614, -0.001243263115392097], [-0.0003766325630238986, -0.001243263115392097, 0.020491022864336694]], "chi2_level": 0.95, "chi2_df": 3, "chi2_threshold": 7.814727903251179, "N_raw": 76, "N_roi": 76, "N_inlier": 72, "refit": true}
{"timestamp": "17:05:28.560203", "frame": 68, "mu": [-0.1875073071317003, 0.7476546165460439, 1.4574400783692374], "Sigma": [[0.0046882114926652335, -0.003371645097587579, -0.0073243254268469445], [-0.003371645097587579, 0.004879962749284359, 0.0034056172796178502], [-0.0073243254268469445, 0.0034056172796178502, 0.01625087211205152]], "chi2_level": 0.95, "chi2_df": 3, "chi2_threshold": 7.814727903251179, "N_raw": 97, "N_roi": 97, "N_inlier": 97, "refit": true}
{"timestamp": "17:05:28.614345", "frame": 69, "mu": [-0.2665564995413966, 0.7648252723999617, 1.4732124775525373], "Sigma": [[0.003282695557930093, -0.004020058905606989, -0.004020170082961477], [-0.004020058905606989, 0.00792180319897128, 0.004068235986337607], [-0.004020170082961477, 0.004068235986337607, 0.010450292005041328]], "chi2_level": 0.95, "chi2_df": 3, "chi2_threshold": 7.814727903251179, "N_raw": 80, "N_roi": 80, "N_inlier": 78, "refit": true}
{"timestamp": "17:05:28.669400", "frame": 70, "mu": [-0.2839259138347269, 0.7639249796449042, 1.4458933877526852], "Sigma": [[0.0031723331411972902, -0.003523452871395846, -0.005702467288853712], [-0.003523452871395846, 0.007341623631624826, 0.004834035631332017], [-0.005702467288853712, 0.0048340356313320175, 0.016991553933829652]], "chi2_level": 0.95, "chi2_df": 3, "chi2_threshold": 7.814727903251179, "N_raw": 87, "N_roi": 84, "N_inlier": 82, "refit": true}
{"timestamp": "17:05:28.724723", "frame": 71, "mu": [-0.33896330375599903, 0.803598878745641, 1.4824170301870865], "Sigma": [[0.003272410473463788, -0.0031942719346500625, -0.0029302683029029356], [-0.0031942719346500633, 0.0070587776419030425, 0.0010774015412646385], [-0.0029302683029029356, 0.0010774015412646385, 0.00889367067807499]], "chi2_level": 0.95, "chi2_df": 3, "chi2_threshold": 7.814727903251179, "N_raw": 86, "N_roi": 84, "N_inlier": 81, "refit": true}
{"timestamp": "17:05:28.769719", "frame": 72, "mu": [-0.37400044382600406, 0.8728676800013524, 1.4686557233436905], "Sigma": [[0.00048740980504239403, -0.0001839229294200149, -0.0001222018262889806], [-0.0001839229294200149, 0.001734264652002429, -0.0008608241198322701], [-0.0001222018262889806, -0.0008608241198322701, 0.004135626366398315]], "chi2_level": 0.95, "chi2_df": 3, "chi2_threshold": 7.814727903251179, "N_raw": 18, "N_roi": 18, "N_inlier": 16, "refit": true}
{"timestamp": "17:05:28.827008", "frame": 73, "mu": [-0.39202930248999424, 0.8525898183285632, -0.39027231262682754], "Sigma": [[0.0016062950877120332, -0.0016245569844698662, -0.0006908366986122919], [-0.001624556984469866, 0.00565918771350924, 0.0004219982756255242], [-0.0006908366986122919, 0.0004219982756255242, 0.0005636078509238079]], "chi2_level": 0.95, "chi2_df": 3, "chi2_threshold": 7.814727903251179, "N_raw": 39, "N_roi": 39, "N_inlier": 36, "refit": true}
{"timestamp": "17:05:28.884480", "frame": 74, "mu": [-0.4677960975078075, 0.7605033237908609, 1.4070078780997253], "Sigma": [[0.002057480568378064, -0.0013591831246728661, -0.00016348739055438557], [-0.0013591831246728664, 0.00461095139195238, -0.0029897988410953783], [-0.00016348739055438557, -0.0029897988410953783, 0.002991609291395283]], "chi2_level": 0.95, "chi2_df": 3, "chi2_threshold": 7.814727903251179, "N_raw": 62, "N_roi": 62, "N_inlier": 61, "refit": true}
{"timestamp": "17:05:28.941558", "frame": 75, "mu": [-0.567493539942026, 0.7302158559965175, 1.4905712920535845], "Sigma": [[0.025858085071363137, 0.001449749332157776, -0.025039079269420738], [0.0014497493321577759, 0.011994232917900739, -0.0013008785922893177], [-0.025039079269420738, -0.0013008785922893184, 0.026887279754376086]], "chi2_level": 0.95, "chi2_df": 3, "chi2_threshold": 7.814727903251179, "N_raw": 68, "N_roi": 68, "N_inlier": 66, "refit": true}
{"timestamp": "17:05:28.999304", "frame": 76, "mu": [-0.6967722156194828, 0.8356190362418481, -0.32341891082199337], "Sigma": [[0.019798202703634235, 0.01630055235234454, -0.0032152175043273744], [0.01630055235234454, 0.02183672230504504, -0.0024878381120115064], [-0.0032152175043273744, -0.0024878381120115064, 0.009137718111038065]], "chi2_level": 0.95, "chi2_df": 3, "chi2_threshold": 7.814727903251179, "N_raw": 88, "N_roi": 88, "N_inlier": 85, "refit": true}
{"timestamp": "17:05:29.049549", "frame": 77, "mu": [-0.851793382423866, 0.7979106544002487, -0.08478429895864269], "Sigma": [[0.015942849188728778, 0.016485051393306506, -0.009411783930631568], [0.016485051393306506, 0.025674437080564834, -0.012758072328175335], [-0.009411783930631568, -0.012758072328175336, 0.007736814178117396]], "chi2_level": 0.95, "chi2_df": 3, "chi2_threshold": 7.814727903251179, "N_raw": 52, "N_roi": 52, "N_inlier": 46, "refit": true}
{"timestamp": "17:05:29.103553", "frame": 78, "mu": [-0.9601988459626746, 0.671461085473382, 1.7843724704366866], "Sigma": [[0.006879842261450466, 0.001611705447259438, -0.0025810405967873614], [0.001611705447259438, 0.006218050049279486, -0.0033208764660549745], [-0.0025810405967873614, -0.0033208764660549745, 0.002550068292002354]], "chi2_level": 0.95, "chi2_df": 3, "chi2_threshold": 7.814727903251179, "N_raw": 52, "N_roi": 52, "N_inlier": 46, "refit": true}
{"timestamp": "17:05:29.162137", "frame": 79, "mu": [-0.9561858665586506, 0.6965800491203455, 1.6962599319023262], "Sigma": [[0.009311763571738576, 0.004850011780150803, -0.005634971009679341], [0.004850011780150803, 0.007646715456126483, -0.006084174002417946], [-0.005634971009679341, -0.006084174002417947, 0.005969381975122887]], "chi2_level": 0.95, "chi2_df": 3, "chi2_threshold": 7.814727903251179, "N_raw": 74, "N_roi": 74, "N_inlier": 70, "refit": true}
{"timestamp": "17:05:29.217892", "frame": 80, "mu": [-0.9789285583712632, 0.7267956000830791, 1.699502185314783], "Sigma": [[0.010003048868169223, 0.003015322604721379, -0.0036109197620388333], [0.003015322604721379, 0.006846163804527809, -0.003969875441598752], [-0.003610919762038833, -0.003969875441598752, 0.002953160858483596]], "chi2_level": 0.95, "chi2_df": 3, "chi2_threshold": 7.814727903251179, "N_raw": 81, "N_roi": 81, "N_inlier": 77, "refit": true}
{"timestamp": "17:05:29.276709", "frame": 81, "mu": [-0.9582433270160887, 0.7331512189958287, 1.6494734486535247], "Sigma": [[0.012716279626897512, 0.0032809440097730305, -0.005160345379245951], [0.0032809440097730305, 0.005791208782945786, -0.005913366891576588], [-0.005160345379245951, -0.005913366891576588, 0.007052355451192712]], "chi2_level": 0.95, "chi2_df": 3, "chi2_threshold": 7.814727903251179, "N_raw": 102, "N_roi": 102, "N_inlier": 99, "refit": true}
{"timestamp": "17:05:29.329236", "frame": 82, "mu": [-1.0540211363118475, 0.7118755886803206, 1.651647461714348], "Sigma": [[0.011404457120703338, 0.0029456851711370897, -0.0006038949498264412], [0.002945685171137089, 0.004588563858651944, -0.0031404255934026227], [-0.0006038949498264414, -0.0031404255934026227, 0.0044913874833866175]], "chi2_level": 0.95, "chi2_df": 3, "chi2_threshold": 7.814727903251179, "N_raw": 79, "N_roi": 79, "N_inlier": 73, "refit": true}
{"timestamp": "17:05:29.386559", "frame": 83, "mu": [-1.0618133257475109, 0.7230946316915009, -0.4050185698112481], "Sigma": [[0.012909865663986471, 0.009571610756072487, 0.005968085675479486], [0.009571610756072487, 0.021006187118701697, 0.006579918963629045], [0.005968085675479486, 0.006579918963629045, 0.017855292818356225]], "chi2_level": 0.95, "chi2_df": 3, "chi2_threshold": 7.814727903251179, "N_raw": 103, "N_roi": 103, "N_inlier": 94, "refit": true}
{"timestamp": "17:05:29.441159", "frame": 84, "mu": [-1.0753257564297385, 0.766418715898461, 1.3994457768127155], "Sigma": [[0.012930407350239847, 0.008495643050842092, -0.027661964268658856], [0.008495643050842092, 0.01629234574859549, -0.04778746216834813], [-0.027661964268658856, -0.04778746216834813, 0.17799112998500516]], "chi2_level": 0.95, "chi2_df": 3, "chi2_threshold": 7.814727903251179, "N_raw": 91, "N_roi": 91, "N_inlier": 90, "refit": true}
{"timestamp": "17:05:29.500502", "frame": 85, "mu": [-1.1137208543352495, 0.7405990133634189, 1.2188609409894335], "Sigma": [[0.01414288990945463, 0.010228352702727967, -0.028160898911321314], [0.010228352702727967, 0.03100901228788938, -0.07230737394561627], [-0.028160898911321314, -0.07230737394561627, 0.21449481909023327]], "chi2_level": 0.95, "chi2_df": 3, "chi2_threshold": 7.814727903251179, "N_raw": 121, "N_roi": 121, "N_inlier": 118, "refit": true}
{"timestamp": "17:05:29.553759", "frame": 86, "mu": [-1.1588975537423492, 0.7607379103160664, 1.3684771833280989], "Sigma": [[0.012739080046116794, 0.011668279642546932, -0.014610614219512687], [0.011668279642546932, 0.02836731142034369, -0.04161971218669387], [-0.014610614219512687, -0.04161971218669388, 0.11901058677850668]], "chi2_level": 0.95, "chi2_df": 3, "chi2_threshold": 7.814727903251179, "N_raw": 114, "N_roi": 114, "N_inlier": 111, "refit": true}
