{"timestamp": "16:48:02.209247", "frame": 1, "mu": [0.9687358704682342, 1.317587152483511, 1.5224668443536726], "Sigma": [[0.0044107973404552735, -0.0011676348816209428, -0.0018548651905751113], [-0.0011676348816209428, 0.0034485818342992096, -0.0004333198851960283], [-0.0018548651905751113, -0.00043331988519602823, 0.0012735537164755637]], "chi2_level": 0.95, "chi2_df": 3, "chi2_threshold": 7.814727903251179, "N_raw": 37, "N_roi": 37, "N_inlier": 37, "refit": true}
{"timestamp": "16:48:02.266368", "frame": 2, "mu": [1.0242694435254072, 1.2270341031119707, 1.4867805923666269], "Sigma": [[0.005740221933994691, -0.0035248697628011394, -0.00187967469911542], [-0.00352486976280114, 0.0033421418221469138, 0.0007566660285866403], [-0.00187967469911542, 0.0007566660285866403, 0.0009529414865565722]], "chi2_level": 0.95, "chi2_df": 3, "chi2_threshold": 7.814727903251179, "N_raw": 29, "N_roi": 29, "N_inlier": 27, "refit": true}
{"timestamp": "16:48:02.319655", "frame": 3, "mu": [1.0844806193629866, 1.266559649424288, 1.5302321198240367], "Sigma": [[0.0032372542773093874, -0.0014118064509414494, -0.0011476894170993706], [-0.0014118064509414494, 0.002171876414708954, 0.0004463478726096429], [-0.0011476894170993706, 0.0004463478726096429, 0.0005587639862000688]], "chi2_level": 0.95, "chi2_df": 3, "chi2_threshold": 7.814727903251179, "N_raw": 21, "N_roi": 21, "N_inlier": 19, "refit": true}
{"timestamp": "16:48:02.376039", "frame": 4, "mu": [1.029607946331926, 1.2178273237964032, 1.4656740954894634], "Sigma": [[0.003685132812815765, -0.0012549219183115579, -0.001944508568633303], [-0.0012549219183115583, 0.0018473425186195799, -0.00020027570732169788], [-0.001944508568633303, -0.00020027570732169788, 0.0018530310324968433]], "chi2_level": 0.95, "chi2_df": 3, "chi2_threshold": 7.814727903251179, "N_raw": 28, "N_roi": 28, "N_inlier": 24, "refit": true}
{"timestamp": "16:48:02.429448", "frame": 5, "mu": [0.9801195526135857, 1.2390465779428188, 1.4748103067422975], "Sigma": [[0.006808182737112145, -0.006118893784728732, -0.01623216984745776], [-0.006118893784728731, 0.006845292667480106, 0.016349160513160363], [-0.01623216984745776, 0.016349160513160363, 0.04747901798426231]], "chi2_level": 0.95, "chi2_df": 3, "chi2_threshold": 7.814727903251179, "N_raw": 13, "N_roi": 13, "N_inlier": 12, "refit": true}
{"timestamp": "16:48:02.481463", "frame": 6, "mu": [1.0945204371547943, 1.3489547312950885, -0.5475949538855207], "Sigma": [[0.00010185937429988299, 0.00039567294726365284, -0.00036485428753451406], [0.00039567294726365284, 0.004410144788051446, -0.006587496542063224], [-0.00036485428753451417, -0.006587496542063224, 0.010938547409460061]], "chi2_level": 0.95, "chi2_df": 3, "chi2_threshold": 7.814727903251179, "N_raw": 5, "N_roi": 5, "N_inlier": 5, "refit": true}
{"timestamp": "16:48:02.536397", "frame": 7, "mu": [1.1227585060382212, 1.3440722757733004, -0.5388196814350702], "Sigma": [[0.00029586244547586673, 0.000286485854863592, -0.0015359110369008097], [0.000286485854863592, 0.0017189840472882287, -0.006889081512298209], [-0.0015359110369008097, -0.006889081512298209, 0.03238212088297327]], "chi2_level": 0.95, "chi2_df": 3, "chi2_threshold": 7.814727903251179, "N_raw": 5, "N_roi": 5, "N_inlier": 5, "refit": true}
{"timestamp": "16:48:02.647560", "frame": 9, "mu": [1.0117943491672943, 1.433878506135153, -0.5474987817966325], "Sigma": [[0.015311899864087349, 0.010760062440310277, -0.08169689366675945], [0.010760062440310277, 0.008874054773909927, -0.060585539992075166], [-0.08169689366675945, -0.060585539992075166, 0.48240815512502705]], "chi2_level": 0.95, "chi2_df": 3, "chi2_threshold": 7.814727903251179, "N_raw": 7, "N_roi": 7, "N_inlier": 7, "refit": true}
{"timestamp": "16:48:02.703607", "frame": 10, "mu": [0.9802900247768148, 1.2409746711143805, 1.448192335916643], "Sigma": [[0.006658190882704281, -0.004786010936982961, -0.020480381975499458], [-0.004786010936982961, 0.007311634208213872, 0.02207005325792681], [-0.020480381975499454, 0.02207005325792681, 0.08474929557513579]], "chi2_level": 0.95, "chi2_df": 3, "chi2_threshold": 7.814727903251179, "N_raw": 15, "N_roi": 15, "N_inlier": 14, "refit": true}
{"timestamp": "16:48:02.760968", "frame": 11, "mu": [0.939817724246644, 1.2700958885464153, 1.560369466126619], "Sigma": [[0.00398364774977586, -0.0009211502873167315, -0.0022695870927749166], [-0.0009211502873167315, 0.0015545165781744809, -0.0002738132695798765], [-0.0022695870927749166, -0.00027381326957987646, 0.002282845499204895]], "chi2_level": 0.95, "chi2_df": 3, "chi2_threshold": 7.814727903251179, "N_raw": 30, "N_roi": 30, "N_inlier": 28, "refit": true}
{"timestamp": "16:48:02.815428", "frame": 12, "mu": [0.8591175348084252, 1.3093956894107073, 1.616084723555082], "Sigma": [[0.002559834675385006, -0.0010867943129364544, -0.0005570387322130858], [-0.0010867943129364544, 0.0029592435391008146, 0.0005381485467210072], [-0.0005570387322130859, 0.0005381485467210072, 0.000339170863974147]], "chi2_level": 0.95, "chi2_df": 3, "chi2_threshold": 7.814727903251179, "N_raw": 23, "N_roi": 23, "N_inlier": 23, "refit": true}
{"timestamp": "16:48:02.869870", "frame": 13, "mu": [0.8821888490455284, 1.2860260619430428, 1.6010669998991003], "Sigma": [[0.0025993954856747803, -0.00107019191162662, -0.0009049127621916849], [-0.00107019191162662, 0.002643392415897742, 0.00026536949303869684], [-0.0009049127621916847, 0.00026536949303869684, 0.0004706114383860184]], "chi2_level": 0.95, "chi2_df": 3, "chi2_threshold": 7.814727903251179, "N_raw": 24, "N_roi": 24, "N_inlier": 23, "refit": true}
{"timestamp": "16:48:02.928836", "frame": 14, "mu": [0.9331355294543358, 1.2987689805520841, 1.5532429484217798], "Sigma": [[0.00727626303812819, -0.0006983486696777719, -0.0033737148616009146], [-0.0006983486696777719, 0.003367270917841491, -0.00031779162391197264], [-0.0033737148616009146, -0.00031779162391197264, 0.001986704528855703]], "chi2_level": 0.95, "chi2_df": 3, "chi2_threshold": 7.814727903251179, "N_raw": 50, "N_roi": 50, "N_inlier": 47, "refit": true}
{"timestamp": "16:48:02.978963", "frame": 15, "mu": [1.0074397778123605, 1.1942343906871657, 1.0049555726502581], "Sigma": [[0.019940950451201384, -0.019396215104889314, -0.08222697602623316], [-0.019396215104889317, 0.024228138356996744, 0.09589343331686746], [-0.08222697602623318, 0.09589343331686746, 0.43463813786688316]], "chi2_level": 0.95, "chi2_df": 3, "chi2_threshold": 7.814727903251179, "N_raw": 8, "N_roi": 8, "N_inlier": 8, "refit": true}
{"timestamp": "16:48:03.037357", "frame": 16, "mu": [0.9932812792603657, 1.214176486924469, 1.2747906440621528], "Sigma": [[0.016308598156634598, -0.014634388754246894, -0.028857172822338104], [-0.014634388754246892, 0.015915358439279926, 0.02636121037531478], [-0.028857172822338104, 0.02636121037531478, 0.05870993362709417]], "chi2_level": 0.95, "chi2_df": 3, "chi2_threshold": 7.814727903251179, "N_raw": 33, "N_roi": 33, "N_inlier": 30, "refit": true}
{"timestamp": "16:48:03.093122", "frame": 17, "mu": [0.8459932585634289, 1.3199451515712344, 1.5078833606977504], "Sigma": [[0.004603242534345625, -0.001886811308156769, -0.0023967391057784964], [-0.001886811308156769, 0.004361394230477314, 0.00042664067669313436], [-0.0023967391057784964, 0.00042664067669313436, 0.0016361120670123886]], "chi2_level": 0.95, "chi2_df": 3, "chi2_threshold": 7.814727903251179, "N_raw": 44, "N_roi": 44, "N_inlier": 41, "refit": true}
{"timestamp": "16:48:03.147884", "frame": 18, "mu": [0.8576633233290128, 1.3023427082970793, 1.4796492702564918], "Sigma": [[0.005134961211814852, -0.0019028998840227352, -0.0046112289775277135], [-0.0019028998840227352, 0.0035635398389320476, 0.0009658581299381375], [-0.004611228977527713, 0.0009658581299381377, 0.006074079664930758]], "chi2_level": 0.95, "chi2_df": 3, "chi2_threshold": 7.814727903251179, "N_raw": 42, "N_roi": 41, "N_inlier": 39, "refit": true}
{"timestamp": "16:48:03.202912", "frame": 19, "mu": [0.8566867243942813, 1.2848545660170525, 1.4351191193969988], "Sigma": [[0.007591107695577034, -0.007391561975832975, -0.010591688585520788], [-0.007391561975832975, 0.011813480986197247, 0.012085756101995013], [-0.010591688585520787, 0.012085756101995013, 0.02595966247636887]], "chi2_level": 0.95, "chi2_df": 3, "chi2_threshold": 7.814727903251179, "N_raw": 44, "N_roi": 44, "N_inlier": 40, "refit": true}
{"timestamp": "16:48:03.256743", "frame": 20, "mu": [0.9297552619155441, 1.1686307610449902, 1.3413220925853415], "Sigma": [[0.004890081923870952, -0.0026132903596376477, -0.004789434990385925], [-0.0026132903596376477, 0.0021106222084642076, 0.0015916179713743744], [-0.004789434990385925, 0.0015916179713743744, 0.006716590966975279]], "chi2_level": 0.95, "chi2_df": 3, "chi2_threshold": 7.814727903251179, "N_raw": 32, "N_roi": 32, "N_inlier": 30, "refit": true}
{"timestamp": "16:48:03.311836", "frame": 21, "mu": [0.9464650425745957, 1.2042021669554714, 1.2412148441197355], "Sigma": [[0.00493332139899021, -0.002888692266404069, -0.006258842078205291], [-0.00288869226640407, 0.005608762483753599, 0.004718939466965664], [-0.006258842078205291, 0.004718939466965663, 0.012951392716562855]], "chi2_level": 0.95, "chi2_df": 3, "chi2_threshold": 7.814727903251179, "N_raw": 32, "N_roi": 32, "N_inlier": 27, "refit": true}
{"timestamp": "16:48:03.365977", "frame": 22, "mu": [0.9736488266631285, 1.3543443107659068, -0.867901073175734], "Sigma": [[0.005038022032175165, 0.0001410799330281965, -0.015265482349591322], [0.0001410799330281965, 0.003977396342049283, -0.007610341670909937], [-0.015265482349591322, -0.007610341670909937, 0.07410421153734971]], "chi2_level": 0.95, "chi2_df": 3, "chi2_threshold": 7.814727903251179, "N_raw": 25, "N_roi": 25, "N_inlier": 23, "refit": true}
{"timestamp": "16:48:03.427337", "frame": 23, "mu": [0.7962767696109748, 1.1985385244897384, 1.3475701419596164], "Sigma": [[0.008071027041162358, -0.0018389193087431127, -0.006399002150217247], [-0.0018389193087431125, 0.004758259014263044, -0.0008331010451592636], [-0.006399002150217246, -0.0008331010451592635, 0.006620869183874729]], "chi2_level": 0.95, "chi2_df": 3, "chi2_threshold": 7.814727903251179, "N_raw": 74, "N_roi": 74, "N_inlier": 72, "refit": true}
{"timestamp": "16:48:03.481530", "frame": 24, "mu": [0.7586122073074778, 1.1776338959406365, 1.362964182499087], "Sigma": [[0.008124643799372245, -0.00280118192774552, -0.006714036093824747], [-0.00280118192774552, 0.003387849692929188, 0.0010187032369342096], [-0.006714036093824747, 0.0010187032369342094, 0.007173850664782086]], "chi2_level": 0.95, "chi2_df": 3, "chi2_threshold": 7.814727903251179, "N_raw": 61, "N_roi": 61, "N_inlier": 58, "refit": true}
{"timestamp": "16:48:03.534940", "frame": 25, "mu": [0.7121998471153419, 1.184252227705713, 1.3896368850525167], "Sigma": [[0.006137765125379123, -0.002084671044780025, -0.004314125392697258], [-0.0020846710447800245, 0.004582314170948253, 0.0027068691875848667], [-0.004314125392697259, 0.0027068691875848667, 0.003622600598145135]], "chi2_level": 0.95, "chi2_df": 3, "chi2_threshold": 7.814727903251179, "N_raw": 47, "N_roi": 47, "N_inlier": 41, "refit": true}
{"timestamp": "16:48:03.587523", "frame": 26, "mu": [0.5872651551832323, 1.172759692648746, 1.385164847812188], "Sigma": [[0.005149196838419666, -0.0020156783394678027, -0.011780145066257852], [-0.0020156783394678027, 0.0025023895795677387, 0.009108571140920734], [-0.011780145066257849, 0.009108571140920734, 0.09005896134280901]], "chi2_level": 0.95, "chi2_df": 3, "chi2_threshold": 7.814727903251179, "N_raw": 34, "N_roi": 34, "N_inlier": 30, "refit": true}
{"timestamp": "16:48:03.642878", "frame": 27, "mu": [0.7008382343095226, 1.0516884771744508, 1.1652359624154802], "Sigma": [[0.0026019383146230323, -0.0024904762048708973, -0.0004895825828484712], [-0.0024904762048708973, 0.007576072181394841, -0.00029188215542785205], [-0.0004895825828484712, -0.000291882155427852, 0.0006168502024001663]], "chi2_level": 0.95, "chi2_df": 3, "chi2_threshold": 7.814727903251179, "N_raw": 42, "N_roi": 42, "N_inlier": 37, "refit": true}
{"timestamp": "16:48:03.694237", "frame": 28, "mu": [0.46187322791153446, 1.1355561515193529, 1.0483338202323946], "Sigma": [[0.0038008024189767455, -0.0029067849600247246, -0.02978647879391269], [-0.002906784960024724, 0.00731420481533107, 0.04489535792008551], [-0.029786478793912698, 0.044895357920085505, 0.363696839572834]], "chi2_level": 0.95, "chi2_df": 3, "chi2_threshold": 7.814727903251179, "N_raw": 10, "N_roi": 10, "N_inlier": 10, "refit": true}
{"timestamp": "16:48:03.760599", "frame": 29, "mu": [0.4687847208202186, 1.2107359008055403, -0.09768889537256412], "Sigma": [[0.005490840103907807, -0.004186464379648773, 0.021617964807300168], [-0.004186464379648773, 0.014542764669894482, -0.0656000446219304], [0.021617964807300164, -0.0656000446219304, 0.42121859148425006]], "chi2_level": 0.95, "chi2_df": 3, "chi2_threshold": 7.814727903251179, "N_raw": 86, "N_roi": 86, "N_inlier": 82, "refit": true}
{"timestamp": "16:48:03.815403", "frame": 30, "mu": [0.38641546873817306, 1.1423146087685585, 1.1927298398965938], "Sigma": [[0.003693101402659034, -0.001431785947103658, -0.005275502725388833], [-0.001431785947103658, 0.005348661855993323, 0.0031684148518356307], [-0.005275502725388833, 0.0031684148518356307, 0.19687569732619015]], "chi2_level": 0.95, "chi2_df": 3, "chi2_threshold": 7.814727903251179, "N_raw": 83, "N_roi": 83, "N_inlier": 78, "refit": true}
{"timestamp": "16:48:03.868964", "frame": 31, "mu": [0.3076620894714571, 1.122433760166331, 1.2128409457091927], "Sigma": [[0.003988651998295358, -0.003475854145829145, -0.010714674424504887], [-0.0034758541458291448, 0.006646398701359975, 0.013571562548294325], [-0.010714674424504887, 0.013571562548294325, 0.05719688219212492]], "chi2_level": 0.95, "chi2_df": 3, "chi2_threshold": 7.814727903251179, "N_raw": 77, "N_roi": 77, "N_inlier": 72, "refit": true}
{"timestamp": "16:48:03.917362", "frame": 32, "mu": [0.2940490402035612, 1.0959558194153654, 0.9406535467377442], "Sigma": [[0.004525588438727589, -0.003002114322502035, -0.012385113477171299], [-0.003002114322502035, 0.005155833866760072, 0.0136735060192719], [-0.012385113477171299, 0.0136735060192719, 0.05706357504429614]], "chi2_level": 0.95, "chi2_df": 3, "chi2_threshold": 7.814727903251179, "N_raw": 32, "N_roi": 30, "N_inlier": 26, "refit": true}
{"timestamp": "16:48:03.972331", "frame": 33, "mu": [0.2011319719571182, 1.130095065657183, 0.8254599031759975], "Sigma": [[0.015375631985055397, -0.006729464128200222, 0.025981914713969517], [-0.006729464128200222, 0.004008953192645352, -0.01251337659718737], [0.025981914713969517, -0.01251337659718737, 0.10065195953321876]], "chi2_level": 0.95, "chi2_df": 3, "chi2_threshold": 7.814727903251179, "N_raw": 33, "N_roi": 33, "N_inlier": 30, "refit": true}
{"timestamp": "16:48:04.034683", "frame": 34, "mu": [0.07002690937556544, 1.3056561771218895, -0.43830933595173843], "Sigma": [[0.0024573004232497798, -0.0014467474103971823, 0.00498954774685921], [-0.0014467474103971823, 0.004242922680257261, -0.01871225306976633], [0.00498954774685921, -0.01871225306976633, 0.1254218315371289]], "chi2_level": 0.95, "chi2_df": 3, "chi2_threshold": 7.814727903251179, "N_raw": 79, "N_roi": 75, "N_inlier": 67, "refit": true}
{"timestamp": "16:48:04.083089", "frame": 35, "mu": [0.016722317732463843, 1.042932740593753, 1.0056822204766496], "Sigma": [[0.003398334636132311, 0.0004247843798776431, 0.005404652755172798], [0.0004247843798776431, 0.0008525779640692636, 0.0028256537421728995], [0.005404652755172798, 0.0028256537421728995, 0.03701506918484621]], "chi2_level": 0.95, "chi2_df": 3, "chi2_threshold": 7.814727903251179, "N_raw": 34, "N_roi": 34, "N_inlier": 31, "refit": true}
{"timestamp": "16:48:04.145954", "frame": 36, "mu": [-0.07781473759409009, 1.2075082969357536, 1.329784880674694], "Sigma": [[0.003825714157007228, -0.0020573760126367273, -0.006362811695537698], [-0.0020573760126367273, 0.008961364585576009, 0.014348625369947557], [-0.006362811695537698, 0.014348625369947557, 0.0629859313556173]], "chi2_level": 0.95, "chi2_df": 3, "chi2_threshold": 7.814727903251179, "N_raw": 92, "N_roi": 92, "N_inlier": 90, "refit": true}
{"timestamp": "16:48:04.195964", "frame": 37, "mu": [-0.20178292452454347, 1.2213985156811493, 1.503543323518655], "Sigma": [[0.004410752373900244, -0.0026985114070453516, -0.003211185495157103], [-0.0026985114070453516, 0.0038647267983425377, 0.00030727013610222064], [-0.003211185495157102, 0.0003072701361022206, 0.004151739143182696]], "chi2_level": 0.95, "chi2_df": 3, "chi2_threshold": 7.814727903251179, "N_raw": 59, "N_roi": 56, "N_inlier": 55, "refit": true}
{"timestamp": "16:48:04.253667", "frame": 38, "mu": [-0.26000146357969023, 1.2342840515715676, 1.494822778501602], "Sigma": [[0.0052571837874588285, -0.0006620354886394661, -0.005080134334926934], [-0.0006620354886394661, 0.0038475907193298107, -0.0023378995658840844], [-0.005080134334926934, -0.0023378995658840844, 0.007537783281142584]], "chi2_level": 0.95, "chi2_df": 3, "chi2_threshold": 7.814727903251179, "N_raw": 77, "N_roi": 76, "N_inlier": 72, "refit": true}
{"timestamp": "16:48:04.312054", "frame": 39, "mu": [-0.2862574090543919, 1.1712085833656003, 1.4519473856825167], "Sigma": [[0.00971420798832125, -0.006917374463548098, -0.008436975841651956], [-0.006917374463548098, 0.00867641955392555, 0.003913188220625305], [-0.008436975841651956, 0.003913188220625304, 0.009738236863756007]], "chi2_level": 0.95, "chi2_df": 3, "chi2_threshold": 7.814727903251179, "N_raw": 99, "N_roi": 99, "N_inlier": 95, "refit": true}
{"timestamp": "16:48:04.361309", "frame": 40, "mu": [-0.28578041232015294, 1.1064774151162644, 1.3742952753211866], "Sigma": [[0.004719628677473658, -0.005847169385254652, -0.00442619232319306], [-0.005847169385254652, 0.009974474929178504, 0.0050177259445523675], [-0.00442619232319306, 0.0050177259445523675, 0.005080733674204241]], "chi2_level": 0.95, "chi2_df": 3, "chi2_threshold": 7.814727903251179, "N_raw": 55, "N_roi": 55, "N_inlier": 52, "refit": true}
{"timestamp": "16:48:04.423071", "frame": 41, "mu": [-0.367360798744168, 1.1499975723109044, 1.3873564630410864], "Sigma": [[0.006728472194693045, -0.006194722106385772, -0.005539173269091601], [-0.006194722106385772, 0.014765688259057936, 0.0038996885084819277], [-0.005539173269091601, 0.0038996885084819277, 0.005946971066905682]], "chi2_level": 0.95, "chi2_df": 3, "chi2_threshold": 7.814727903251179, "N_raw": 105, "N_roi": 105, "N_inlier": 101, "refit": true}
{"timestamp": "16:48:04.469162", "frame": 42, "mu": [-0.35566678572756055, 1.342216674256946, -0.37291492058470455], "Sigma": [[0.002692986715641567, -0.0004001331248929435, -0.002204045394623385], [-0.0004001331248929435, 0.003077848234405209, -0.0017339274297186358], [-0.002204045394623385, -0.0017339274297186358, 0.003988705675980634]], "chi2_level": 0.95, "chi2_df": 3, "chi2_threshold": 7.814727903251179, "N_raw": 45, "N_roi": 45, "N_inlier": 42, "refit": true}
{"timestamp": "16:48:04.534333", "frame": 43, "mu": [-0.5343806492697718, 1.1646537056148212, 1.400547582508365], "Sigma": [[0.010513156346276977, -0.0040818231782663895, -0.010890939772230095], [-0.0040818231782663895, 0.009089292985999227, 0.001004576010189881], [-0.010890939772230095, 0.001004576010189881, 0.01492216546486632]], "chi2_level": 0.95, "chi2_df": 3, "chi2_threshold": 7.814727903251179, "N_raw": 121, "N_roi": 121, "N_inlier": 118, "refit": true}
{"timestamp": "16:48:04.587736", "frame": 44, "mu": [-0.6096445522669751, 1.1483497940190872, 1.4064015459638721], "Sigma": [[0.0061496414700765506, -0.002837764322061566, -0.004993870971854875], [-0.002837764322061566, 0.012319532776758575, 0.0010646667660795658], [-0.004993870971854875, 0.0010646667660795658, 0.009244523938258186]], "chi2_level": 0.95, "chi2_df": 3, "chi2_threshold": 7.814727903251179, "N_raw": 103, "N_roi": 103, "N_inlier": 97, "refit": true}
{"timestamp": "16:48:04.641300", "frame": 45, "mu": [-0.6288524337979703, 1.1236284535358714, 1.1658582208407424], "Sigma": [[0.006657553222742737, -0.0019767764715189515, -0.029213589508147925], [-0.0019767764715189515, 0.01502123045298912, 0.008504760458002601], [-0.029213589508147925, 0.008504760458002601, 0.20521580275477427]], "chi2_level": 0.95, "chi2_df": 3, "chi2_threshold": 7.814727903251179, "N_raw": 97, "N_roi": 97, "N_inlier": 95, "refit": true}
{"timestamp": "16:48:04.701249", "frame": 46, "mu": [-0.8122705654730131, 1.24785500370324, -0.4339073275674707], "Sigma": [[0.033882222084719534, 0.030308021028485094, -0.05350935885116654], [0.030308021028485094, 0.05738866029625922, -0.10401575106947045], [-0.05350935885116655, -0.10401575106947045, 0.23992401018787138]], "chi2_level": 0.95, "chi2_df": 3, "chi2_threshold": 7.814727903251179, "N_raw": 124, "N_roi": 124, "N_inlier": 123, "refit": true}
{"timestamp": "16:48:04.752815", "frame": 47, "mu": [-0.8602278801694836, 1.1061703354663612, 1.4169660144667402], "Sigma": [[0.031353256074805255, 0.021491636260453466, -0.03431972891283682], [0.021491636260453466, 0.03141599741303128, -0.016322876522597292], [-0.03431972891283682, -0.016322876522597292, 0.06861759513412054]], "chi2_level": 0.95, "chi2_df": 3, "chi2_threshold": 7.814727903251179, "N_raw": 102, "N_roi": 102, "N_inlier": 99, "refit": true}
{"timestamp": "16:48:04.801158", "frame": 48, "mu": [-1.01653056699074, 1.0416593239736123, 1.6178485203727742], "Sigma": [[0.04640456847804504, 0.024570901319437694, -0.03442504302705822], [0.024570901319437694, 0.02142038184159544, -0.015664039080066357], [-0.03442504302705822, -0.015664039080066357, 0.03282798182268469]], "chi2_level": 0.95, "chi2_df": 3, "chi2_threshold": 7.814727903251179, "N_raw": 52, "N_roi": 51, "N_inlier": 47, "refit": true}
{"timestamp": "16:48:04.861750", "frame": 49, "mu": [-1.1095003216308652, 1.1253874063355156, 1.7566731407291902], "Sigma": [[0.04267622242478049, 0.02580190777798423, -0.030623231543358075], [0.02580190777798423, 0.023537990945904634, -0.020318886593645967], [-0.03062323154335807, -0.02031888659364597, 0.02351373575330035]], "chi2_level": 0.95, "chi2_df": 3, "chi2_threshold": 7.814727903251179, "N_raw": 105, "N_roi": 105, "N_inlier": 101, "refit": true}
{"timestamp": "16:48:04.913485", "frame": 50, "mu": [-1.1793034334169699, 1.0980729187742326, 1.7464481076164926], "Sigma": [[0.023978742201256474, 0.010152091823503935, -0.01873933278293337], [0.010152091823503935, 0.01329028579522301, -0.0027456812397224787], [-0.01873933278293337, -0.002745681239722479, 0.02017253241476087]], "chi2_level": 0.95, "chi2_df": 3, "chi2_threshold": 7.814727903251179, "N_raw": 82, "N_roi": 82, "N_inlier": 77, "refit": true}
{"timestamp": "16:48:04.970156", "frame": 51, "mu": [-1.2559620690623245, 1.0644396733168846, 1.6134441832773483], "Sigma": [[0.04972833277603837, 0.021550894823271827, -0.027093736409348652], [0.021550894823271827, 0.023894538907718064, -0.003299563292301957], [-0.027093736409348652, -0.0032995632923019567, 0.02151700283495824]], "chi2_level": 0.95, "chi2_df": 3, "chi2_threshold": 7.814727903251179, "N_raw": 83, "N_roi": 83, "N_inlier": 79, "refit": true}
{"timestamp": "16:48:05.027000", "frame": 52, "mu": [-1.2520776796327469, 1.1560880966625173, 1.6188676954854406], "Sigma": [[0.029391691830974537, 0.012557094220217457, -0.02005380607016731], [0.012557094220217455, 0.01540521765431612, -0.0053868466758283835], [-0.02005380607016731, -0.0053868466758283835, 0.017119186874593337]], "chi2_level": 0.95, "chi2_df": 3, "chi2_threshold": 7.814727903251179, "N_raw": 104, "N_roi": 104, "N_inlier": 95, "refit": true}
{"timestamp": "16:48:05.075970", "frame": 53, "mu": [-1.434709620636454, 1.097863785500049, 1.8603118052386158], "Sigma": [[0.030020813310318382, 0.013073768455982463, -0.047444323398851504], [0.013073768455982468, 0.014053619609156706, -0.02264746565502826], [-0.047444323398851504, -0.02264746565502826, 0.11495779812610687]], "chi2_level": 0.95, "chi2_df": 3, "chi2_threshold": 7.814727903251179, "N_raw": 56, "N_roi": 56, "N_inlier": 50, "refit": true}
{"timestamp": "16:48:05.135080", "frame": 54, "mu": [-1.334511275650757, 1.2788479523639633, 1.7967268483797438], "Sigma": [[0.049321212102550624, 0.03325431838318148, -0.033388008649884574], [0.03325431838318148, 0.03217243245163528, -0.02099218032190074], [-0.033388008649884574, -0.02099218032190074, 0.027026220092454138]], "chi2_level": 0.95, "chi2_df": 3, "chi2_threshold": 7.814727903251179, "N_raw": 90, "N_roi": 90, "N_inlier": 88, "refit": true}
{"timestamp": "16:48:05.192964", "frame": 55, "mu": [-1.3325485593774864, 1.2272647138387616, 1.5047934039928232], "Sigma": [[0.04940333131078929, 0.029026569074208038, -0.022723672275862805], [0.029026569074208038, 0.026501600870784386, -0.011677421852692084], [-0.022723672275862805, -0.011677421852692084, 0.01918178775719922]], "chi2_level": 0.95, "chi2_df": 3, "chi2_threshold": 7.814727903251179, "N_raw": 103, "N_roi": 103, "N_inlier": 92, "refit": true}
{"timestamp": "16:48:05.246337", "frame": 56, "mu": [-1.325596217246259, 1.363193399250098, 1.4318116539250272], "Sigma": [[0.04338309259463836, 0.02774806282234584, -0.03185459131061272], [0.02774806282234584, 0.02929926091091651, -0.040631127644340535], [-0.03185459131061272, -0.040631127644340535, 0.17897338242688823]], "chi2_level": 0.95, "chi2_df": 3, "chi2_threshold": 7.814727903251179, "N_raw": 98, "N_roi": 98, "N_inlier": 97, "refit": true}
{"timestamp": "16:48:05.299291", "frame": 57, "mu": [-1.5316627562388954, 1.2000337784744328, 1.5662465592439023], "Sigma": [[0.03013874127411053, 0.03192872130209695, -0.011391916257382097], [0.03192872130209695, 0.05117513992038062, -0.0057891139835453105], [-0.011391916257382097, -0.0057891139835453105, 0.00849129244569523]], "chi2_level": 0.95, "chi2_df": 3, "chi2_threshold": 7.814727903251179, "N_raw": 87, "N_roi": 87, "N_inlier": 84, "refit": true}
{"timestamp": "16:48:05.354576", "frame": 58, "mu": [-1.6001192066144723, 1.2392259454457586, 1.760154743282658], "Sigma": [[0.019922573251294196, 0.01766695773823307, -0.010538728547908816], [0.01766695773823307, 0.03133920951645548, 0.0018777814403313138], [-0.010538728547908816, 0.0018777814403313138, 0.015377716204336658]], "chi2_level": 0.95, "chi2_df": 3, "chi2_threshold": 7.814727903251179, "N_raw": 83, "N_roi": 83, "N_inlier": 77, "refit": true}
{"timestamp": "16:48:05.400300", "frame": 59, "mu": [-1.5506504825854523, 1.3891877390890066, 1.8161143156087958], "Sigma": [[0.05057339704366204, 0.034065541423204115, -0.04676391034874979], [0.034065541423204115, 0.030028834681521586, -0.03456068266535982], [-0.046763910348749785, -0.03456068266535982, 0.046478493123893336]], "chi2_level": 0.95, "chi2_df": 3, "chi2_threshold": 7.814727903251179, "N_raw": 20, "N_roi": 20, "N_inlier": 19, "refit": true}
{"timestamp": "16:48:05.455729", "frame": 60, "mu": [-1.3707053458253753, 1.5997035531384698, 1.5582902139811048], "Sigma": [[0.026013768456392743, 0.013947701357335727, -0.021573084545300672], [0.013947701357335725, 0.013903596190319572, -0.010266798274316952], [-0.021573084545300672, -0.010266798274316952, 0.019604389658893655]], "chi2_level": 0.95, "chi2_df": 3, "chi2_threshold": 7.814727903251179, "N_raw": 37, "N_roi": 37, "N_inlier": 35, "refit": true}
{"timestamp": "16:48:05.513236", "frame": 61, "mu": [-1.2518136512581872, 1.686548584895417, 1.1782323275573774], "Sigma": [[0.00769947819441271, 0.0007236522427506205, -7.686368753599714e-05], [0.0007236522427506205, 0.0014561987032626752, 0.0018091487613798697], [-7.68636875359966e-05, 0.0018091487613798697, 0.026259221148920875]], "chi2_level": 0.95, "chi2_df": 3, "chi2_threshold": 7.814727903251179, "N_raw": 44, "N_roi": 44, "N_inlier": 40, "refit": true}
{"timestamp": "16:48:05.565333", "frame": 62, "mu": [-1.7504177060100514, 1.4562569599167456, 1.6734046354292427], "Sigma": [[0.05570667505902041, 0.04318536892053236, -0.04725421912224091], [0.04318536892053236, 0.039011165747017115, -0.03593971832662206], [-0.04725421912224091, -0.03593971832662206, 0.05379096424612075]], "chi2_level": 0.95, "chi2_df": 3, "chi2_threshold": 7.814727903251179, "N_raw": 30, "N_roi": 30, "N_inlier": 26, "refit": true}
{"timestamp": "16:48:05.624331", "frame": 63, "mu": [-1.887227697526679, 1.472945888357475, 1.9282765609491999], "Sigma": [[0.033778023766072335, 0.02653420000776349, -0.024212951960760416], [0.026534200007763492, 0.029079206626488104, -0.025113634584000018], [-0.024212951960760412, -0.025113634584000018, 0.02768799792066154]], "chi2_level": 0.95, "chi2_df": 3, "chi2_threshold": 7.814727903251179, "N_raw": 48, "N_roi": 48, "N_inlier": 43, "refit": true}
{"timestamp": "16:48:05.673978", "frame": 64, "mu": [-1.397692689540901, 2.0453002385237355, -0.26003337996154285], "Sigma": [[0.00587779968530192, -0.001959151168933354, -0.008109037136708809], [-0.001959151168933354, 0.021240053838801138, -0.0495023527614453], [-0.008109037136708809, -0.04950235276144531, 0.15503738547259538]], "chi2_level": 0.95, "chi2_df": 3, "chi2_threshold": 7.814727903251179, "N_raw": 14, "N_roi": 11, "N_inlier": 9, "refit": true}
{"timestamp": "16:48:05.729851", "frame": 65, "mu": [-1.5741561534227748, 1.897443886045321, 1.6995571445752], "Sigma": [[0.04298356529308045, 0.024315253350684705, -0.05414704739568896], [0.024315253350684705, 0.027112884350412196, -0.032375495362685254], [-0.05414704739568896, -0.03237549536268526, 0.11694481534318552]], "chi2_level": 0.95, "chi2_df": 3, "chi2_threshold": 7.814727903251179, "N_raw": 31, "N_roi": 31, "N_inlier": 27, "refit": true}
{"timestamp": "16:48:05.784429", "frame": 66, "mu": [-1.3978209478481383, 2.0356657301539065, 1.205237234725751], "Sigma": [[0.006358557518709989, -0.005345842695361001, 0.022117725248687214], [-0.005345842695361001, 0.007725322724844718, -0.015510847046258226], [0.022117725248687214, -0.015510847046258228, 0.20080485817506713]], "chi2_level": 0.95, "chi2_df": 3, "chi2_threshold": 7.814727903251179, "N_raw": 19, "N_roi": 19, "N_inlier": 18, "refit": true}
{"timestamp": "16:48:05.839534", "frame": 67, "mu": [-1.3647649969525761, 2.064747534421753, 1.4963579314935724], "Sigma": [[0.007590528520704652, -0.00145476417092661, -0.0078961822492767], [-0.00145476417092661, 0.0024403837231561252, 0.0022525862252010306], [-0.0078961822492767, 0.0022525862252010306, 0.009687065546029121]], "chi2_level": 0.95, "chi2_df": 3, "chi2_threshold": 7.814727903251179, "N_raw": 20, "N_roi": 20, "N_inlier": 17, "refit": true}
{"timestamp": "16:48:05.894441", "frame": 68, "mu": [-1.3714765658069137, 2.090439484672609, 1.4341252807133187], "Sigma": [[0.006133635094402921, 0.002104849474704275, -0.002308544869885361], [0.002104849474704275, 0.0035582452101123596, -0.001395758914779582], [-0.002308544869885361, -0.001395758914779582, 0.005673025311648912]], "chi2_level": 0.95, "chi2_df": 3, "chi2_threshold": 7.814727903251179, "N_raw": 26, "N_roi": 26, "N_inlier": 24, "refit": true}
{"timestamp": "16:48:05.950922", "frame": 69, "mu": [-1.2935767123638207, 2.1765678576411616, 1.0124334441077198], "Sigma": [[0.00880220119585366, -0.001921048916369873, -0.010766862307514818], [-0.001921048916369873, 0.0041442164596505685, 0.003124247472583214], [-0.010766862307514818, 0.003124247472583214, 0.0163360472615265]], "chi2_level": 0.95, "chi2_df": 3, "chi2_threshold": 7.814727903251179, "N_raw": 34, "N_roi": 34, "N_inlier": 33, "refit": true}
{"timestamp": "16:48:06.011282", "frame": 70, "mu": [-1.4126399784360228, 2.3724273307532404, 0.11958172692825447], "Sigma": [[0.021409969336993195, 0.003717048052747123, -0.02555367402780899], [0.003717048052747123, 0.0057714644720872465, -0.0015554138702751083], [-0.02555367402780899, -0.0015554138702751075, 0.03537732982628637]], "chi2_level": 0.95, "chi2_df": 3, "chi2_threshold": 7.814727903251179, "N_raw": 64, "N_roi": 64, "N_inlier": 63, "refit": true}
{"timestamp": "16:48:06.066183", "frame": 71, "mu": [-1.3960231894433155, 2.4073612487130305, 1.4288981580963556], "Sigma": [[0.015443448619649547, -0.00019032887331679084, -0.009633329211501968], [-0.0001903288733167909, 0.003752805635867454, -0.005050470864251243], [-0.009633329211501968, -0.005050470864251243, 0.01900894501015199]], "chi2_level": 0.95, "chi2_df": 3, "chi2_threshold": 7.814727903251179, "N_raw": 65, "N_roi": 65, "N_inlier": 61, "refit": true}
{"timestamp": "16:48:06.118500", "frame": 72, "mu": [-1.4171365586926172, 2.4554106184942137, 1.3581321400144069], "Sigma": [[0.01068313181220861, 0.0014656883766875827, -0.007877095050507831], [0.0014656883766875827, 0.0035270806930029278, -0.0035976878611809573], [-0.007877095050507831, -0.0035976878611809577, 0.009288704557350775]], "chi2_level": 0.95, "chi2_df": 3, "chi2_threshold": 7.814727903251179, "N_raw": 44, "N_roi": 44, "N_inlier": 39, "refit": true}
{"timestamp": "16:48:06.170087", "frame": 73, "mu": [-1.3191779287533474, 2.511941862846358, 1.3127854982885248], "Sigma": [[0.006215824435993176, -0.0003473221763547122, -0.0006602088185188189], [-0.00034732217635471225, 0.0012711455525763365, -0.0018563883273152156], [-0.0006602088185188194, -0.0018563883273152158, 0.008611037197749959]], "chi2_level": 0.95, "chi2_df": 3, "chi2_threshold": 7.814727903251179, "N_raw": 26, "N_roi": 26, "N_inlier": 23, "refit": true}
{"timestamp": "16:48:06.227653", "frame": 74, "mu": [-1.352826849607877, 2.5677428057933347, 1.2642065741467872], "Sigma": [[0.014954742886486105, -0.0003382338600495617, 0.006298333097224759], [-0.00033823386004956153, 0.0036356512568315206, -0.009903429600888873], [0.006298333097224757, -0.009903429600888873, 0.08606172067165722]], "chi2_level": 0.95, "chi2_df": 3, "chi2_threshold": 7.814727903251179, "N_raw": 43, "N_roi": 43, "N_inlier": 39, "refit": true}
{"timestamp": "16:48:06.278574", "frame": 75, "mu": [-1.4506573655633208, 2.818708872745276, -0.13672899354304513], "Sigma": [[0.014539396262559082, -0.012458405214116388, 0.03907884391564496], [-0.012458405214116388, 0.034379190977476715, -0.09115780961444944], [0.03907884391564496, -0.09115780961444943, 0.24880323208459407]], "chi2_level": 0.95, "chi2_df": 3, "chi2_threshold": 7.814727903251179, "N_raw": 14, "N_roi": 14, "N_inlier": 13, "refit": true}
{"timestamp": "16:48:06.338641", "frame": 76, "mu": [-1.4426821929164584, 2.763121133903304, 0.9553195163265676], "Sigma": [[0.011651892456827706, -0.002681624101675004, 0.03272423735405318], [-0.0026816241016750036, 0.0063119123888191395, -0.03692168369172069], [0.03272423735405318, -0.03692168369172069, 0.46275420317598576]], "chi2_level": 0.95, "chi2_df": 3, "chi2_threshold": 7.814727903251179, "N_raw": 49, "N_roi": 49, "N_inlier": 49, "refit": true}
{"timestamp": "16:48:06.391142", "frame": 77, "mu": [-1.3426865683148292, 2.6943768429758292, 1.085245153514665], "Sigma": [[0.009861224957670936, 0.00015446539571996264, 0.021182685354194753], [0.00015446539571996266, 0.002689313021036437, -0.014516584033455156], [0.021182685354194757, -0.014516584033455154, 0.25494668477539484]], "chi2_level": 0.95, "chi2_df": 3, "chi2_threshold": 7.814727903251179, "N_raw": 29, "N_roi": 29, "N_inlier": 27, "refit": true}
{"timestamp": "16:48:06.449311", "frame": 78, "mu": [-1.4174270334442123, 2.860111464228201, 1.3904306918938778], "Sigma": [[0.011031462029159217, 0.0017403471342271426, -0.008706848411002712], [0.0017403471342271426, 0.003629579776995803, 0.005139323734538629], [-0.00870684841100271, 0.005139323734538629, 0.14537177874153825]], "chi2_level": 0.95, "chi2_df": 3, "chi2_threshold": 7.814727903251179, "N_raw": 55, "N_roi": 55, "N_inlier": 51, "refit": true}
{"timestamp": "16:48:06.505614", "frame": 79, "mu": [-1.4244568977788135, 2.916616072460552, 1.5993995920395698], "Sigma": [[0.013672059241477722, 0.002408135831611629, -0.00858999299096376], [0.0024081358316116294, 0.008346225997702557, -0.0014286423765922244], [-0.00858999299096376, -0.0014286423765922244, 0.008857835845179742]], "chi2_level": 0.95, "chi2_df": 3, "chi2_threshold": 7.814727903251179, "N_raw": 57, "N_roi": 57, "N_inlier": 55, "refit": true}
{"timestamp": "16:48:06.558453", "frame": 80, "mu": [-1.40288413389229, 2.9493864711955107, 1.4638660561695405], "Sigma": [[0.009936521484587188, 0.00046532646844462766, -0.008607291007854175], [0.00046532646844462777, 0.006474898940903524, 0.002282987592413548], [-0.008607291007854175, 0.002282987592413548, 0.010449567412828929]], "chi2_level": 0.95, "chi2_df": 3, "chi2_threshold": 7.814727903251179, "N_raw": 41, "N_roi": 41, "N_inlier": 40, "refit": true}
{"timestamp": "16:48:06.615869", "frame": 81, "mu": [-1.4128654282659099, 3.055962807324733, 0.9819636831864925], "Sigma": [[0.013891170461296266, 0.0025325005900347134, -0.005326351299179018], [0.0025325005900347134, 0.003245297779441196, 0.003062468979287792], [-0.005326351299179017, 0.003062468979287792, 0.13622080198194939]], "chi2_level": 0.95, "chi2_df": 3, "chi2_threshold": 7.814727903251179, "N_raw": 64, "N_roi": 64, "N_inlier": 62, "refit": true}
{"timestamp": "16:48:06.666401", "frame": 82, "mu": [-1.252431537551851, 3.0378380235642255, 1.2782559069599715], "Sigma": [[0.005988349672392964, 0.0019237855792567538, 0.00039183515298801233], [0.001923785579256754, 0.006007937642893815, -0.003186886220410582], [0.00039183515298801233, -0.003186886220410582, 0.016157904571186384]], "chi2_level": 0.95, "chi2_df": 3, "chi2_threshold": 7.814727903251179, "N_raw": 29, "N_roi": 27, "N_inlier": 25, "refit": true}
{"timestamp": "16:48:06.726163", "frame": 83, "mu": [-1.257469215271014, 3.244840756329441, -0.09763194014642056], "Sigma": [[0.014167847091464432, -0.0012176878335906198, 0.0020303208163687113], [-0.0012176878335906198, 0.01160077594593238, -0.021957468314010478], [0.002030320816368711, -0.021957468314010478, 0.048390229177253045]], "chi2_level": 0.95, "chi2_df": 3, "chi2_threshold": 7.814727903251179, "N_raw": 52, "N_roi": 52, "N_inlier": 50, "refit": true}
{"timestamp": "16:48:06.778366", "frame": 84, "mu": [-1.2246706492573693, 3.2082016895559264, 0.12698602493677635], "Sigma": [[0.009347315460350118, 0.003297905579524124, -0.006138554481389679], [0.003297905579524124, 0.010039514273392383, 0.0014815584809547676], [-0.006138554481389679, 0.0014815584809547676, 0.02424785768488574]], "chi2_level": 0.95, "chi2_df": 3, "chi2_threshold": 7.814727903251179, "N_raw": 40, "N_roi": 40, "N_inlier": 36, "refit": true}
{"timestamp": "16:48:06.830872", "frame": 85, "mu": [-1.2292544503248748, 3.277105179515386, -0.00729258770081213], "Sigma": [[0.011659694556124688, -0.0021444592015205047, 0.00554167526888041], [-0.0021444592015205043, 0.023453176633154448, -0.04676266659317025], [0.0055416752688804095, -0.04676266659317024, 0.10473793015243099]], "chi2_level": 0.95, "chi2_df": 3, "chi2_threshold": 7.814727903251179, "N_raw": 30, "N_roi": 30, "N_inlier": 28, "refit": true}
{"timestamp": "16:48:06.887386", "frame": 86, "mu": [-1.1473928283623378, 3.3323672618497118, 0.32958428997394706], "Sigma": [[0.011944931098459404, 0.003232225468225625, -0.0044586435726080035], [0.003232225468225625, 0.004117063378991564, -0.0023862497619724678], [-0.0044586435726080035, -0.002386249761972467, 0.008461789625193868]], "chi2_level": 0.95, "chi2_df": 3, "chi2_threshold": 7.814727903251179, "N_raw": 34, "N_roi": 34, "N_inlier": 31, "refit": true}
{"timestamp": "16:48:06.942467", "frame": 87, "mu": [-1.0871193545095048, 3.29327148579923, -0.04736290208627635], "Sigma": [[0.012236755994809707, 0.0033166623542078806, -0.005073807765795803], [0.0033166623542078806, 0.004021957736268022, 0.002934560062391913], [-0.005073807765795803, 0.002934560062391913, 0.012194376568277]], "chi2_level": 0.95, "chi2_df": 3, "chi2_threshold": 7.814727903251179, "N_raw": 38, "N_roi": 38, "N_inlier": 35, "refit": true}
