{"timestamp": "17:02:15.686780", "frame": 1, "mu": [0.9039040831391811, 1.2023076823674146, 1.5318185101824735], "Sigma": [[0.004049620410577908, -0.0012657396617075053, -0.0015027931697151574], [-0.0012657396617075053, 0.0046222247942869195, 0.0006345003001215581], [-0.0015027931697151574, 0.0006345003001215581, 0.0007334098469341813]], "chi2_level": 0.99, "chi2_df": 3, "chi2_threshold": 11.344866730144373, "N_raw": 38, "N_roi": 38, "N_inlier": 37, "refit": true}
{"timestamp": "17:02:15.742333", "frame": 2, "mu": [0.8922705995565439, 1.2009856945871227, 1.5144504467873259], "Sigma": [[0.0055535575061046285, -0.0011771308743866835, -0.00323551844763899], [-0.0011771308743866835, 0.0032982246682554247, 0.0001784126726948184], [-0.0032355184476389903, 0.00017841267269481839, 0.002689827475351509]], "chi2_level": 0.99, "chi2_df": 3, "chi2_threshold": 11.344866730144373, "N_raw": 37, "N_roi": 37, "N_inlier": 35, "refit": true}
{"timestamp": "17:02:15.792321", "frame": 3, "mu": [0.9767701482602571, 1.171672595897658, 1.4493775941302758], "Sigma": [[0.007231820561163224, 4.258685232821533e-06, -0.006961280310953256], [4.258685232821533e-06, 0.0010399055498777749, -0.00048793017444776263], [-0.006961280310953256, -0.00048793017444776263, 0.0071378981636660834]], "chi2_level": 0.99, "chi2_df": 3, "chi2_threshold": 11.344866730144373, "N_raw": 12, "N_roi": 12, "N_inlier": 12, "refit": true}
{"timestamp": "17:02:15.905099", "frame": 5, "mu": [1.114353824024526, 1.0860469511258815, 1.2562274280219385], "Sigma": [[0.0066527944823471285, -0.00369336754659496, -0.003145366051063669], [-0.0036933675465949606, 0.010795793878927927, -0.009805916289294664], [-0.003145366051063669, -0.009805916289294662, 0.018528297018534187]], "chi2_level": 0.99, "chi2_df": 3, "chi2_threshold": 11.344866730144373, "N_raw": 26, "N_roi": 26, "N_inlier": 26, "refit": true}
{"timestamp": "17:02:15.958526", "frame": 6, "mu": [0.9219193600761237, 1.1736948011161292, 1.3297801901421646], "Sigma": [[0.01687224069970165, -0.005966031745253397, -0.04290317006694286], [-0.005966031745253397, 0.004987683587091176, 0.013421107397063732], [-0.04290317006694286, 0.013421107397063732, 0.259573947042946]], "chi2_level": 0.99, "chi2_df": 3, "chi2_threshold": 11.344866730144373, "N_raw": 14, "N_roi": 14, "N_inlier": 14, "refit": true}
{"timestamp": "17:02:16.013872", "frame": 7, "mu": [0.8998379041946549, 1.2515846273290334, 1.4793619877403896], "Sigma": [[0.004594766106539953, 0.0018245493450761842, -0.008343583002387165], [0.001824549345076184, 0.001938517245046546, -0.003679873807666321], [-0.008343583002387165, -0.003679873807666321, 0.01924352151789918]], "chi2_level": 0.99, "chi2_df": 3, "chi2_threshold": 11.344866730144373, "N_raw": 16, "N_roi": 16, "N_inlier": 14, "refit": true}
{"timestamp": "17:02:16.069556", "frame": 8, "mu": [0.9441604729687151, 1.2652836370516753, 1.2145451119612696], "Sigma": [[0.006063965540081785, -0.0031601513448848125, 0.0033448918922759346], [-0.0031601513448848125, 0.009951021800922883, -0.014074976487750905], [0.0033448918922759337, -0.014074976487750905, 0.02720132570989626]], "chi2_level": 0.99, "chi2_df": 3, "chi2_threshold": 11.344866730144373, "N_raw": 13, "N_roi": 13, "N_inlier": 12, "refit": true}
{"timestamp": "17:02:16.127990", "frame": 9, "mu": [0.9574057821341146, 1.3399804314184833, 1.2273493278801137], "Sigma": [[0.004417881604011455, 0.00044282575219525757, -0.004876684037149817], [0.0004428257521952578, 0.009301181966993486, -0.013479516639056572], [-0.004876684037149817, -0.013479516639056572, 0.029412659063023677]], "chi2_level": 0.99, "chi2_df": 3, "chi2_threshold": 11.344866730144373, "N_raw": 42, "N_roi": 42, "N_inlier": 42, "refit": true}
{"timestamp": "17:02:16.179526", "frame": 10, "mu": [0.9843196609878124, 1.339875743374259, 1.2206057733191487], "Sigma": [[0.005138546684722863, 0.002985907475676309, -0.011304799117591597], [0.002985907475676309, 0.004727836907560374, -0.010937072572151601], [-0.011304799117591597, -0.010937072572151601, 0.05083094746500814]], "chi2_level": 0.99, "chi2_df": 3, "chi2_threshold": 11.344866730144373, "N_raw": 15, "N_roi": 15, "N_inlier": 15, "refit": true}
{"timestamp": "17:02:16.288194", "frame": 12, "mu": [0.8674111143387216, 1.302427125481048, 1.5395560219266866], "Sigma": [[0.0026222813172836696, 0.0018364011983026188, -0.0021538185253741635], [0.0018364011983026188, 0.0037094756859163535, -0.0017601397010251238], [-0.0021538185253741635, -0.0017601397010251242, 0.0030262525308224655]], "chi2_level": 0.99, "chi2_df": 3, "chi2_threshold": 11.344866730144373, "N_raw": 16, "N_roi": 16, "N_inlier": 15, "refit": true}
{"timestamp": "17:02:16.342528", "frame": 13, "mu": [0.8921922254788867, 1.3643882945489902, 1.5436166059037255], "Sigma": [[0.0025696060113754872, 0.0008465307882187397, -0.003039040955796881], [0.0008465307882187395, 0.004529983054607175, -0.001299055477643049], [-0.003039040955796881, -0.001299055477643049, 0.00489315291399754]], "chi2_level": 0.99, "chi2_df": 3, "chi2_threshold": 11.344866730144373, "N_raw": 10, "N_roi": 10, "N_inlier": 10, "refit": true}
{"timestamp": "17:02:16.455214", "frame": 15, "mu": [0.8882314887973639, 1.604251186262127, -0.38367056764001267], "Sigma": [[0.00815931656807494, -0.010143496140466614, -0.006312058394306969], [-0.010143496140466614, 0.024824479369533393, -0.009568282938657309], [-0.00631205839430697, -0.009568282938657307, 0.08136489478423947]], "chi2_level": 0.99, "chi2_df": 3, "chi2_threshold": 11.344866730144373, "N_raw": 20, "N_roi": 20, "N_inlier": 19, "refit": true}
{"timestamp": "17:02:16.513098", "frame": 16, "mu": [0.9145840808833996, 1.469353942356563, 1.368751723597201], "Sigma": [[0.010965384144716471, -0.0053740867829892795, -0.020583396450905525], [-0.0053740867829892795, 0.003847376281985479, 0.00936975314533553], [-0.020583396450905525, 0.00936975314533553, 0.048484298968884246]], "chi2_level": 0.99, "chi2_df": 3, "chi2_threshold": 11.344866730144373, "N_raw": 48, "N_roi": 48, "N_inlier": 45, "refit": true}
{"timestamp": "17:02:16.681252", "frame": 19, "mu": [0.9184486926302334, 1.370234392319579, 1.3915273314022905], "Sigma": [[0.004414727034487908, -0.002287586446693632, 0.0005469659922884104], [-0.0022875864466936316, 0.011043192099871826, -0.012573286940736244], [0.0005469659922884098, -0.012573286940736244, 0.034045237010968704]], "chi2_level": 0.99, "chi2_df": 3, "chi2_threshold": 11.344866730144373, "N_raw": 64, "N_roi": 64, "N_inlier": 61, "refit": true}
{"timestamp": "17:02:16.738537", "frame": 20, "mu": [0.9367862134394142, 1.3662880778880966, 1.2804868204354458], "Sigma": [[0.005378095167712721, -0.0007170403172323927, -0.0077848841459214205], [-0.0007170403172323927, 0.004716723812474249, -0.006856550939457216], [-0.007784884145921421, -0.006856550939457216, 0.043906466099654554]], "chi2_level": 0.99, "chi2_df": 3, "chi2_threshold": 11.344866730144373, "N_raw": 67, "N_roi": 67, "N_inlier": 67, "refit": true}
{"timestamp": "17:02:16.785650", "frame": 21, "mu": [0.8674517415367995, 1.339528729302586, 1.119641785890795], "Sigma": [[0.013105269127276152, -0.011214955667347717, -0.05645227174294898], [-0.011214955667347717, 0.04313346996734154, 0.13088188576150095], [-0.05645227174294898, 0.13088188576150095, 0.46619113729914224]], "chi2_level": 0.99, "chi2_df": 3, "chi2_threshold": 11.344866730144373, "N_raw": 10, "N_roi": 10, "N_inlier": 10, "refit": true}
{"timestamp": "17:02:16.848261", "frame": 22, "mu": [0.9259982645531611, 1.2517805908258899, 1.3734292032877722], "Sigma": [[0.005832395533930972, -0.0029500029861947528, -0.005123541050740601], [-0.0029500029861947528, 0.008224542354115726, 0.0015934860769419913], [-0.005123541050740601, 0.0015934860769419913, 0.013972940938326154]], "chi2_level": 0.99, "chi2_df": 3, "chi2_threshold": 11.344866730144373, "N_raw": 70, "N_roi": 67, "N_inlier": 62, "refit": true}
{"timestamp": "17:02:16.897057", "frame": 23, "mu": [0.9674665429982882, 1.1291708072539326, 0.9231984998025433], "Sigma": [[0.007831863793706035, -0.008374863349562715, -0.03608600607070059], [-0.008374863349562715, 0.05286460832187215, 0.12094502264341583], [-0.03608600607070058, 0.12094502264341583, 0.41535646675620463]], "chi2_level": 0.99, "chi2_df": 3, "chi2_threshold": 11.344866730144373, "N_raw": 13, "N_roi": 11, "N_inlier": 11, "refit": true}
{"timestamp": "17:02:16.954884", "frame": 24, "mu": [0.9455036994485594, 1.241323898093968, 1.1583971238107638], "Sigma": [[0.007521692848318586, 0.0030117249316878167, -0.010242912809762838], [0.003011724931687816, 0.010274290852986612, -0.018262634315690238], [-0.010242912809762838, -0.018262634315690238, 0.04061215285984376]], "chi2_level": 0.99, "chi2_df": 3, "chi2_threshold": 11.344866730144373, "N_raw": 45, "N_roi": 45, "N_inlier": 42, "refit": true}
{"timestamp": "17:02:17.016148", "frame": 25, "mu": [0.8882109559950745, 1.1870112057687523, 1.3293351113414071], "Sigma": [[0.009179908403824844, -0.004820680709249127, -0.005280460054064106], [-0.004820680709249128, 0.009083524176028113, -0.0009322063234208549], [-0.005280460054064106, -0.0009322063234208546, 0.014181149025856389]], "chi2_level": 0.99, "chi2_df": 3, "chi2_threshold": 11.344866730144373, "N_raw": 83, "N_roi": 83, "N_inlier": 80, "refit": true}
{"timestamp": "17:02:17.062306", "frame": 26, "mu": [0.9228039581067417, 1.1078222807097342, 1.2940166606519372], "Sigma": [[0.0058059881235304625, -0.003125774040846652, -0.00034600017781206147], [-0.003125774040846652, 0.005246941509705785, 0.0013305639739605534], [-0.00034600017781206136, 0.0013305639739605532, 0.005586547892864035]], "chi2_level": 0.99, "chi2_df": 3, "chi2_threshold": 11.344866730144373, "N_raw": 25, "N_roi": 25, "N_inlier": 24, "refit": true}
{"timestamp": "17:02:17.125258", "frame": 27, "mu": [0.7418487395080781, 1.2893590682627207, 1.196145718542504], "Sigma": [[0.006352648560182893, -0.0016685719680701243, -0.006656483011968603], [-0.0016685719680701243, 0.0034632661752289264, -0.001242461214644722], [-0.006656483011968603, -0.0012424612146447217, 0.029474544482890743]], "chi2_level": 0.99, "chi2_df": 3, "chi2_threshold": 11.344866730144373, "N_raw": 78, "N_roi": 78, "N_inlier": 72, "refit": true}
{"timestamp": "17:02:17.176822", "frame": 28, "mu": [0.8443390083969475, 1.2912433446863398, -0.58448148799894], "Sigma": [[0.004746851225913428, -0.00630645294280316, 0.004281862754538499], [-0.00630645294280316, 0.014814488328409028, -0.027339888758927663], [0.004281862754538499, -0.02733988875892767, 0.11934286282784076]], "chi2_level": 0.99, "chi2_df": 3, "chi2_threshold": 11.344866730144373, "N_raw": 41, "N_roi": 41, "N_inlier": 38, "refit": true}
{"timestamp": "17:02:17.229987", "frame": 29, "mu": [0.8172073230811869, 1.0247386802703837, 1.2976400017841652], "Sigma": [[0.0033526691927080483, 4.765154912592592e-05, -0.0016002351484103964], [4.765154912592592e-05, 0.004435814470254499, -0.00240276623305788], [-0.0016002351484103964, -0.00240276623305788, 0.0061910191302111525]], "chi2_level": 0.99, "chi2_df": 3, "chi2_threshold": 11.344866730144373, "N_raw": 44, "N_roi": 44, "N_inlier": 41, "refit": true}
{"timestamp": "17:02:17.288576", "frame": 30, "mu": [0.7608093158646706, 1.0476986717224137, 1.3232447528791067], "Sigma": [[0.004326118803259644, -0.0014441297304503662, -0.0006551102438709695], [-0.0014441297304503662, 0.007692429442169234, -0.006801081723016731], [-0.0006551102438709695, -0.00680108172301673, 0.013038052378070148]], "chi2_level": 0.99, "chi2_df": 3, "chi2_threshold": 11.344866730144373, "N_raw": 64, "N_roi": 64, "N_inlier": 61, "refit": true}
{"timestamp": "17:02:17.345196", "frame": 31, "mu": [0.6578126728884806, 1.12873129584478, 1.3102383552498187], "Sigma": [[0.004158720967762851, -0.0012118600753711897, -0.003015666182341488], [-0.0012118600753711897, 0.0064457579626726325, -0.00951485013750164], [-0.003015666182341488, -0.00951485013750164, 0.04461714267372953]], "chi2_level": 0.99, "chi2_df": 3, "chi2_threshold": 11.344866730144373, "N_raw": 73, "N_roi": 73, "N_inlier": 69, "refit": true}
{"timestamp": "17:02:17.403358", "frame": 32, "mu": [0.676780607689439, 1.1412781617406889, 1.0698632519246916], "Sigma": [[0.006361902311247028, -0.007426237243108013, 0.007630245849291634], [-0.007426237243108013, 0.02040523538343749, -0.014004813759203809], [0.0076302458492916335, -0.014004813759203809, 0.22478514421821064]], "chi2_level": 0.99, "chi2_df": 3, "chi2_threshold": 11.344866730144373, "N_raw": 92, "N_roi": 91, "N_inlier": 91, "refit": true}
{"timestamp": "17:02:17.449856", "frame": 33, "mu": [0.6032381822434192, 1.4375924897026997, -0.9292192628550976], "Sigma": [[0.008674752088972714, -0.013928622574464967, 0.005384366870706424], [-0.013928622574464967, 0.04357140846180714, -0.061221003152645455], [0.005384366870706423, -0.061221003152645455, 0.2193615180951501]], "chi2_level": 0.99, "chi2_df": 3, "chi2_threshold": 11.344866730144373, "N_raw": 29, "N_roi": 28, "N_inlier": 27, "refit": true}
{"timestamp": "17:02:17.501416", "frame": 34, "mu": [0.5783987511187606, 1.0455488950155198, 0.7548525426672366], "Sigma": [[0.017093911535949146, -0.026474373807640124, 0.015490073268277088], [-0.026474373807640124, 0.04778371700141593, -0.009166565072650498], [0.015490073268277088, -0.009166565072650503, 0.3916230991159341]], "chi2_level": 0.99, "chi2_df": 3, "chi2_threshold": 11.344866730144373, "N_raw": 13, "N_roi": 13, "N_inlier": 13, "refit": true}
{"timestamp": "17:02:17.559973", "frame": 35, "mu": [0.6119303124671507, 0.9601940409194307, 1.028977310343476], "Sigma": [[0.014804981057355553, -0.012686543271752906, 0.04180230759357388], [-0.012686543271752906, 0.022478530755098154, -0.0415744591838557], [0.04180230759357388, -0.04157445918385571, 0.2070716750125093]], "chi2_level": 0.99, "chi2_df": 3, "chi2_threshold": 11.344866730144373, "N_raw": 40, "N_roi": 40, "N_inlier": 39, "refit": true}
{"timestamp": "17:02:17.615254", "frame": 36, "mu": [0.3963034950750561, 1.2062996037717826, 1.2296115081445065], "Sigma": [[0.01061269725627923, -0.008299261590646407, -0.0301505805149288], [-0.008299261590646406, 0.012342361952980536, 0.01770406624409754], [-0.030150580514928804, 0.017704066244097545, 0.27188192326189126]], "chi2_level": 0.99, "chi2_df": 3, "chi2_threshold": 11.344866730144373, "N_raw": 37, "N_roi": 37, "N_inlier": 34, "refit": true}
{"timestamp": "17:02:17.670778", "frame": 37, "mu": [0.38622915370857225, 1.1553523641471035, 1.3857661857891441], "Sigma": [[0.017020053941638757, -0.016841301229342274, -0.014264380522012945], [-0.016841301229342274, 0.022750108461036995, 0.007640588080087107], [-0.014264380522012945, 0.007640588080087107, 0.024595572492837454]], "chi2_level": 0.99, "chi2_df": 3, "chi2_threshold": 11.344866730144373, "N_raw": 39, "N_roi": 39, "N_inlier": 36, "refit": true}
{"timestamp": "17:02:17.729577", "frame": 38, "mu": [0.4654735336937437, 1.0252984270860857, 1.2937660412840968], "Sigma": [[0.0282776465727071, -0.03469381286029468, -0.026061483498845826], [-0.03469381286029467, 0.04852609407497989, 0.03149649017488258], [-0.02606148349884583, 0.03149649017488258, 0.025137748471657742]], "chi2_level": 0.99, "chi2_df": 3, "chi2_threshold": 11.344866730144373, "N_raw": 71, "N_roi": 70, "N_inlier": 66, "refit": true}
{"timestamp": "17:02:17.783805", "frame": 39, "mu": [0.5439041020891251, 0.853985406751441, 1.1892767415798826], "Sigma": [[0.005509064632619936, -0.00237502268398777, -0.003953500682972833], [-0.00237502268398777, 0.005007731943536848, -0.000267981617689136], [-0.003953500682972833, -0.000267981617689136, 0.00433396969660249]], "chi2_level": 0.99, "chi2_df": 3, "chi2_threshold": 11.344866730144373, "N_raw": 56, "N_roi": 56, "N_inlier": 52, "refit": true}
{"timestamp": "17:02:17.845291", "frame": 40, "mu": [0.346784266449481, 1.0788397521541133, 1.3269105271050505], "Sigma": [[0.029184687145989534, -0.03431764539229781, -0.02464819835131018], [-0.03431764539229781, 0.05020999613137983, 0.026880070264368734], [-0.02464819835131018, 0.026880070264368738, 0.026392687549420497]], "chi2_level": 0.99, "chi2_df": 3, "chi2_threshold": 11.344866730144373, "N_raw": 117, "N_roi": 117, "N_inlier": 113, "refit": true}
{"timestamp": "17:02:17.899592", "frame": 41, "mu": [0.31200779711936516, 1.102231231554951, 1.3280935117943424], "Sigma": [[0.022851486223638716, -0.03175973139815526, -0.020634516191013398], [-0.03175973139815526, 0.053444210595528174, 0.027246677479214214], [-0.020634516191013398, 0.027246677479214214, 0.028750418861709755]], "chi2_level": 0.99, "chi2_df": 3, "chi2_threshold": 11.344866730144373, "N_raw": 101, "N_roi": 99, "N_inlier": 95, "refit": true}
{"timestamp": "17:02:17.945581", "frame": 42, "mu": [0.2794859466325421, 1.2701499348421224, -0.6418338190930422], "Sigma": [[0.015230543965274432, -0.026369887976375135, 0.006102870666428828], [-0.02636988797637514, 0.05223438780773183, -0.021449394666386803], [0.006102870666428829, -0.021449394666386803, 0.03887102502885504]], "chi2_level": 0.99, "chi2_df": 3, "chi2_threshold": 11.344866730144373, "N_raw": 37, "N_roi": 36, "N_inlier": 34, "refit": true}
{"timestamp": "17:02:18.005921", "frame": 43, "mu": [0.1630059390744421, 1.2204283183287206, 1.089442526074917], "Sigma": [[0.01275795008842749, -0.01958058199851089, 0.0004449530762763242], [-0.019580581998510888, 0.03722326306585318, -0.012964275205571127], [0.00044495307627632477, -0.012964275205571127, 0.02743659063922301]], "chi2_level": 0.99, "chi2_df": 3, "chi2_threshold": 11.344866730144373, "N_raw": 79, "N_roi": 78, "N_inlier": 75, "refit": true}
{"timestamp": "17:02:18.062271", "frame": 44, "mu": [0.17235364752141014, 1.253007140514956, -0.41809987215844113], "Sigma": [[0.020273529536190837, -0.028972970885636093, -0.013382737349410662], [-0.028972970885636093, 0.04944055584382838, 0.012081937063820256], [-0.013382737349410662, 0.012081937063820256, 0.02439613613412358]], "chi2_level": 0.99, "chi2_df": 3, "chi2_threshold": 11.344866730144373, "N_raw": 80, "N_roi": 78, "N_inlier": 73, "refit": true}
{"timestamp": "17:02:18.121956", "frame": 45, "mu": [0.10627531598158284, 1.1293744704755182, 1.1663518582560595], "Sigma": [[0.024386560966342206, -0.028150997985581905, 0.0001376999878206911], [-0.028150997985581905, 0.04018784133362052, 0.004483839168409479], [0.00013769998782069083, 0.004483839168409479, 0.060024346408097035]], "chi2_level": 0.99, "chi2_df": 3, "chi2_threshold": 11.344866730144373, "N_raw": 120, "N_roi": 120, "N_inlier": 117, "refit": true}
{"timestamp": "17:02:18.172222", "frame": 46, "mu": [0.11868075923309256, 0.9601280353934539, 1.0891208756259871], "Sigma": [[0.023536519334807493, -0.01639794025790549, 0.012834691455496493], [-0.016397940257905492, 0.08540991693891888, 0.1309696810241044], [0.012834691455496493, 0.1309696810241044, 0.29950346115692145]], "chi2_level": 0.99, "chi2_df": 3, "chi2_threshold": 11.344866730144373, "N_raw": 82, "N_roi": 80, "N_inlier": 78, "refit": true}
{"timestamp": "17:02:18.228567", "frame": 47, "mu": [0.12734587439027778, 1.0470417927430569, 1.1574985844253933], "Sigma": [[0.02477265227156707, -0.03020774493634584, 0.0061226167065228515], [-0.03020774493634584, 0.04299490005939249, -0.009811474146792157], [0.006122616706522852, -0.009811474146792157, 0.009413944150036031]], "chi2_level": 0.99, "chi2_df": 3, "chi2_threshold": 11.344866730144373, "N_raw": 94, "N_roi": 94, "N_inlier": 90, "refit": true}
{"timestamp": "17:02:18.278260", "frame": 48, "mu": [0.12421737809588365, 0.9571701537823996, 1.2032838649535798], "Sigma": [[0.010732478274358415, -0.015048364106026963, -0.003745116124301925], [-0.015048364106026965, 0.028629064751182154, 0.004077884191322826], [-0.003745116124301925, 0.004077884191322825, 0.004410019285634132]], "chi2_level": 0.99, "chi2_df": 3, "chi2_threshold": 11.344866730144373, "N_raw": 64, "N_roi": 64, "N_inlier": 60, "refit": true}
{"timestamp": "17:02:18.339682", "frame": 49, "mu": [-0.021244261021703903, 1.0828585724232735, 1.292697796794898], "Sigma": [[0.018495106802324326, -0.020576807253327778, -0.015814675614291167], [-0.020576807253327778, 0.02937999978972944, 0.013183681814840444], [-0.015814675614291163, 0.013183681814840444, 0.024241617152327036]], "chi2_level": 0.99, "chi2_df": 3, "chi2_threshold": 11.344866730144373, "N_raw": 107, "N_roi": 107, "N_inlier": 104, "refit": true}
{"timestamp": "17:02:18.392014", "frame": 50, "mu": [-0.10341129948500054, 1.0996463222979027, 1.1082285445646445], "Sigma": [[0.017646971123731016, -0.022360626087036626, 0.008321412461919649], [-0.022360626087036626, 0.036483406921993186, -0.006951672525649941], [0.00832141246191965, -0.006951672525649941, 0.01252196354768796]], "chi2_level": 0.99, "chi2_df": 3, "chi2_threshold": 11.344866730144373, "N_raw": 84, "N_roi": 84, "N_inlier": 80, "refit": true}
{"timestamp": "17:02:18.446731", "frame": 51, "mu": [-0.09476737033693762, 1.0628201342842996, 1.2277758853751597], "Sigma": [[0.008735725293465614, -0.012437852227099134, -0.000710455553402798], [-0.012437852227099134, 0.0248657247592002, 0.0032689732168941976], [-0.000710455553402798, 0.0032689732168941976, 0.018195277534585094]], "chi2_level": 0.99, "chi2_df": 3, "chi2_threshold": 11.344866730144373, "N_raw": 86, "N_roi": 86, "N_inlier": 83, "refit": true}
{"timestamp": "17:02:18.494454", "frame": 52, "mu": [-0.1113101871118472, 0.9226458563165615, 1.1208829171435193], "Sigma": [[0.007841766824192093, -0.014247219372478175, 0.01305245981079825], [-0.014247219372478175, 0.028463305130413556, -0.025966341583650698], [0.01305245981079825, -0.0259663415836507, 0.19086884038400734]], "chi2_level": 0.99, "chi2_df": 3, "chi2_threshold": 11.344866730144373, "N_raw": 39, "N_roi": 39, "N_inlier": 38, "refit": true}
{"timestamp": "17:02:18.560153", "frame": 53, "mu": [-0.2540827796143119, 1.0082187128489262, 1.2723797038766347], "Sigma": [[0.02392416667310479, -0.02518695442453265, -0.007325430275636029], [-0.02518695442453265, 0.03012703234844207, 0.005685699811678076], [-0.00732543027563603, 0.005685699811678076, 0.03748498551729554]], "chi2_level": 0.99, "chi2_df": 3, "chi2_threshold": 11.344866730144373, "N_raw": 115, "N_roi": 115, "N_inlier": 113, "refit": true}
{"timestamp": "17:02:18.606869", "frame": 54, "mu": [-0.12679677758447816, 0.8360764003644725, 1.0905138651302078], "Sigma": [[0.005906198254437218, -0.009329998085215608, 0.02036392425195327], [-0.009329998085215608, 0.020480303915848076, -0.04049369124022052], [0.02036392425195327, -0.04049369124022052, 0.14458839538150045]], "chi2_level": 0.99, "chi2_df": 3, "chi2_threshold": 11.344866730144373, "N_raw": 47, "N_roi": 47, "N_inlier": 43, "refit": true}
{"timestamp": "17:02:18.658714", "frame": 55, "mu": [-0.3260128978372082, 0.9773667395756999, 1.406532519044255], "Sigma": [[0.017792709015171944, -0.023837792531870308, -0.01811305146122294], [-0.023837792531870308, 0.03687797749248221, 0.024940452483336605], [-0.01811305146122294, 0.024940452483336602, 0.019448619443493013]], "chi2_level": 0.99, "chi2_df": 3, "chi2_threshold": 11.344866730144373, "N_raw": 41, "N_roi": 41, "N_inlier": 38, "refit": true}
{"timestamp": "17:02:18.727487", "frame": 56, "mu": [-0.41229048663892653, 1.0527968525689557, 1.2996865775218203], "Sigma": [[0.016298822445837313, -0.017591401540055757, 0.00014051389619566508], [-0.017591401540055757, 0.025081574763084483, 0.0012603632134432926], [0.00014051389619566487, 0.0012603632134432921, 0.029605280711580622]], "chi2_level": 0.99, "chi2_df": 3, "chi2_threshold": 11.344866730144373, "N_raw": 131, "N_roi": 131, "N_inlier": 131, "refit": true}
{"timestamp": "17:02:18.777856", "frame": 57, "mu": [-0.4210013912165346, 1.0994821378659427, 0.13206737318721984], "Sigma": [[0.015475191339458192, -0.02112813833410398, 0.06314969698853856], [-0.02112813833410398, 0.042137000241079726, -0.11879823677154008], [0.06314969698853856, -0.11879823677154008, 0.3610778188467388]], "chi2_level": 0.99, "chi2_df": 3, "chi2_threshold": 11.344866730144373, "N_raw": 90, "N_roi": 90, "N_inlier": 88, "refit": true}
{"timestamp": "17:02:18.839490", "frame": 58, "mu": [-0.3598341191226844, 0.9300770371096391, 1.2777929435594606], "Sigma": [[0.018476666114767674, -0.020300542705328335, -0.020910432576351008], [-0.020300542705328335, 0.03200621667890803, 0.015394773539614354], [-0.020910432576351015, 0.015394773539614354, 0.04392455086025656]], "chi2_level": 0.99, "chi2_df": 3, "chi2_threshold": 11.344866730144373, "N_raw": 130, "N_roi": 128, "N_inlier": 127, "refit": true}
{"timestamp": "17:02:18.890672", "frame": 59, "mu": [-0.42174246333709714, 0.9443335159215557, 1.3805504070050956], "Sigma": [[0.024047247723637477, -0.029275191143838843, -0.026143034972293092], [-0.029275191143838843, 0.04288292582237404, 0.030712908162948683], [-0.02614303497229309, 0.030712908162948683, 0.031429218315398855]], "chi2_level": 0.99, "chi2_df": 3, "chi2_threshold": 11.344866730144373, "N_raw": 119, "N_roi": 119, "N_inlier": 117, "refit": true}
{"timestamp": "17:02:18.946602", "frame": 60, "mu": [-0.4827588179119035, 0.9563716352123548, 1.3768124474916403], "Sigma": [[0.023609737403629205, -0.025503903157921788, -0.022805602661612245], [-0.025503903157921788, 0.03383843582137391, 0.022951120877543297], [-0.022805602661612245, 0.022951120877543293, 0.02603204167903931]], "chi2_level": 0.99, "chi2_df": 3, "chi2_threshold": 11.344866730144373, "N_raw": 115, "N_roi": 115, "N_inlier": 111, "refit": true}
{"timestamp": "17:02:19.001390", "frame": 61, "mu": [-0.5404923490397833, 0.9632039213581123, 1.415522184194975], "Sigma": [[0.020904815705630346, -0.02477997045398328, -0.022210791140418247], [-0.02477997045398328, 0.0357559568699783, 0.025863117475924558], [-0.022210791140418244, 0.02586311747592456, 0.0269829034342767]], "chi2_level": 0.99, "chi2_df": 3, "chi2_threshold": 11.344866730144373, "N_raw": 111, "N_roi": 111, "N_inlier": 104, "refit": true}
{"timestamp": "17:02:19.052663", "frame": 62, "mu": [-0.6982773779788805, 1.1094825722011021, 1.577622921351443], "Sigma": [[0.022217582206906356, 0.009661872104486876, -0.0189253315221736], [0.009661872104486876, 0.013893069034105296, -0.012543953170710321], [-0.018925331522173596, -0.012543953170710321, 0.01953503383145953]], "chi2_level": 0.99, "chi2_df": 3, "chi2_threshold": 11.344866730144373, "N_raw": 97, "N_roi": 97, "N_inlier": 93, "refit": true}
{"timestamp": "17:02:19.105423", "frame": 63, "mu": [-0.6751267619752772, 1.1697270995476696, 1.5283363057608281], "Sigma": [[0.005853850581991512, -0.0007684710257182168, -0.0035494004280327398], [-0.0007684710257182168, 0.003843742080493261, -0.0025286751803259688], [-0.0035494004280327393, -0.0025286751803259688, 0.005037290146910037]], "chi2_level": 0.99, "chi2_df": 3, "chi2_threshold": 11.344866730144373, "N_raw": 70, "N_roi": 70, "N_inlier": 65, "refit": true}
{"timestamp": "17:02:19.169096", "frame": 64, "mu": [-0.7251172764289897, 1.110741964947386, 1.411131789240701], "Sigma": [[0.025965414608095275, 0.006741748207672874, -0.03489538604003524], [0.006741748207672874, 0.012940983826056079, 0.0005686522919379296], [-0.03489538604003524, 0.00056865229193793, 0.08539841969180688]], "chi2_level": 0.99, "chi2_df": 3, "chi2_threshold": 11.344866730144373, "N_raw": 107, "N_roi": 107, "N_inlier": 103, "refit": true}
{"timestamp": "17:02:19.218342", "frame": 65, "mu": [-0.8630975824392891, 1.0916275485808598, 1.556293974092699], "Sigma": [[0.047674195808068684, 0.013695729037933285, -0.062495634516038984], [0.013695729037933285, 0.01683343809399704, -0.007626045244511867], [-0.06249563451603899, -0.007626045244511866, 0.11866601259812423]], "chi2_level": 0.99, "chi2_df": 3, "chi2_threshold": 11.344866730144373, "N_raw": 92, "N_roi": 92, "N_inlier": 90, "refit": true}
{"timestamp": "17:02:19.271711", "frame": 66, "mu": [-0.9130012742361437, 1.1080340524899568, 1.6008875757460503], "Sigma": [[0.05686254725619902, 0.026766274074441522, -0.05974451286381015], [0.026766274074441522, 0.019397064415892975, -0.02131428891981035], [-0.05974451286381015, -0.021314288919810347, 0.08543075119262611]], "chi2_level": 0.99, "chi2_df": 3, "chi2_threshold": 11.344866730144373, "N_raw": 86, "N_roi": 85, "N_inlier": 80, "refit": true}
{"timestamp": "17:02:19.326952", "frame": 67, "mu": [-0.9716071245351949, 1.0076925453418133, 1.4745708599173089], "Sigma": [[0.0719499217989243, 0.015870134247107346, -0.11289156147627859], [0.015870134247107346, 0.010049790351966053, -0.015714919497747924], [-0.11289156147627859, -0.01571491949774792, 0.2370707210263405]], "chi2_level": 0.99, "chi2_df": 3, "chi2_threshold": 11.344866730144373, "N_raw": 89, "N_roi": 89, "N_inlier": 86, "refit": true}
{"timestamp": "17:02:19.382822", "frame": 68, "mu": [-1.1054344293557503, 1.0390640978851045, 1.706253254389277], "Sigma": [[0.03651586599294856, 0.01854611959836445, -0.02786891264163968], [0.018546119598364448, 0.01732589146188827, -0.014735314324838322], [-0.02786891264163968, -0.014735314324838322, 0.04189327853056542]], "chi2_level": 0.99, "chi2_df": 3, "chi2_threshold": 11.344866730144373, "N_raw": 97, "N_roi": 97, "N_inlier": 88, "refit": true}
{"timestamp": "17:02:19.432600", "frame": 69, "mu": [-1.1337891676517273, 1.0536040733173566, 1.7427129703067732], "Sigma": [[0.034266589542533116, 0.017855683171490836, -0.023095406068560913], [0.01785568317149084, 0.01597018585126541, -0.01267016403719041], [-0.023095406068560913, -0.012670164037190408, 0.018033470107536614]], "chi2_level": 0.99, "chi2_df": 3, "chi2_threshold": 11.344866730144373, "N_raw": 61, "N_roi": 61, "N_inlier": 57, "refit": true}
{"timestamp": "17:02:19.484165", "frame": 70, "mu": [-1.0571687757441766, 1.1731667401006018, 1.7404882922277183], "Sigma": [[0.03508166896585422, 0.02316314472926849, -0.027348405605285453], [0.02316314472926849, 0.018170046042470113, -0.01873968600262751], [-0.027348405605285446, -0.018739686002627515, 0.021894530509926687]], "chi2_level": 0.99, "chi2_df": 3, "chi2_threshold": 11.344866730144373, "N_raw": 42, "N_roi": 42, "N_inlier": 39, "refit": true}
{"timestamp": "17:02:19.542082", "frame": 71, "mu": [-1.0177069639410568, 1.132183429699034, 1.5981552710150466], "Sigma": [[0.03698428706028934, 0.02344220299506132, -0.0307472057880948], [0.02344220299506132, 0.03085200082720272, -0.01392943176281364], [-0.0307472057880948, -0.01392943176281364, 0.03401014976352024]], "chi2_level": 0.99, "chi2_df": 3, "chi2_threshold": 11.344866730144373, "N_raw": 63, "N_roi": 63, "N_inlier": 61, "refit": true}
{"timestamp": "17:02:19.593429", "frame": 72, "mu": [-0.9363444869392904, 1.178922509008229, 1.4507516653350414], "Sigma": [[0.0027417631697192616, 0.000595212938216564, -0.0021634551439808484], [0.0005952129382165638, 0.011341611003604425, 0.0014783975180262027], [-0.0021634551439808484, 0.0014783975180262027, 0.003928280676986332]], "chi2_level": 0.99, "chi2_df": 3, "chi2_threshold": 11.344866730144373, "N_raw": 32, "N_roi": 32, "N_inlier": 28, "refit": true}
{"timestamp": "17:02:19.653692", "frame": 73, "mu": [-1.2192084625799695, 1.0339315487377947, 1.6647741868029584], "Sigma": [[0.02359275926061584, 0.012734957901820707, -0.015068682455931919], [0.012734957901820707, 0.027187030724317718, -0.0046908472705176904], [-0.015068682455931919, -0.0046908472705176904, 0.013342196754168947]], "chi2_level": 0.99, "chi2_df": 3, "chi2_threshold": 11.344866730144373, "N_raw": 66, "N_roi": 66, "N_inlier": 64, "refit": true}
{"timestamp": "17:02:19.717888", "frame": 74, "mu": [-1.2280441552972876, 1.1236661992884234, 1.6694134568583607], "Sigma": [[0.023879861809806634, 0.011945020439515636, -0.014885187395356901], [0.011945020439515636, 0.016302689553427736, -0.011150226503344135], [-0.014885187395356901, -0.011150226503344135, 0.011810721509921882]], "chi2_level": 0.99, "chi2_df": 3, "chi2_threshold": 11.344866730144373, "N_raw": 130, "N_roi": 130, "N_inlier": 125, "refit": true}
{"timestamp": "17:02:19.770751", "frame": 75, "mu": [-1.2789401679131227, 1.0312181071722446, 1.6455337125134522], "Sigma": [[0.014076390325411399, 0.0076019588040788615, -0.010714354915421062], [0.0076019588040788615, 0.03133970296299304, 0.003378123424519858], [-0.010714354915421062, 0.0033781234245198583, 0.014001240637964459]], "chi2_level": 0.99, "chi2_df": 3, "chi2_threshold": 11.344866730144373, "N_raw": 110, "N_roi": 110, "N_inlier": 109, "refit": true}
{"timestamp": "17:02:19.825880", "frame": 76, "mu": [-1.3192127213955727, 0.9168407767956777, 1.5486256736511752], "Sigma": [[0.018356490672382746, 0.005516787118975748, -0.013586716137342036], [0.005516787118975748, 0.04844475072031153, 0.028388894636254297], [-0.013586716137342036, 0.028388894636254297, 0.03674534553022147]], "chi2_level": 0.99, "chi2_df": 3, "chi2_threshold": 11.344866730144373, "N_raw": 117, "N_roi": 117, "N_inlier": 116, "refit": true}
{"timestamp": "17:02:19.883841", "frame": 77, "mu": [-1.2492769727655473, 1.0210009839880216, 1.286940024720349], "Sigma": [[0.04327393367906128, 0.033864847643646195, -0.09207432139350824], [0.0338648476436462, 0.06512371822572754, -0.05146807620971508], [-0.09207432139350824, -0.05146807620971508, 0.24688525488411867]], "chi2_level": 0.99, "chi2_df": 3, "chi2_threshold": 11.344866730144373, "N_raw": 128, "N_roi": 128, "N_inlier": 128, "refit": true}
{"timestamp": "17:02:19.936654", "frame": 78, "mu": [-1.3752928511177847, 1.020881549466113, 1.6232499893735852], "Sigma": [[0.015818260644056878, 0.011886400201484819, -0.013189199042644754], [0.011886400201484817, 0.05410528953113998, 0.022767244211788343], [-0.013189199042644754, 0.022767244211788343, 0.04842664051835399]], "chi2_level": 0.99, "chi2_df": 3, "chi2_threshold": 11.344866730144373, "N_raw": 116, "N_roi": 116, "N_inlier": 107, "refit": true}
{"timestamp": "17:02:19.991479", "frame": 79, "mu": [-1.3618956005137464, 0.9419693721746873, 1.1722307690517588], "Sigma": [[0.05858377849219279, 0.0545863454049941, -0.09898318465343706], [0.0545863454049941, 0.08312304996228448, -0.08046303406070186], [-0.09898318465343706, -0.08046303406070186, 0.2308349752855909]], "chi2_level": 0.99, "chi2_df": 3, "chi2_threshold": 11.344866730144373, "N_raw": 116, "N_roi": 116, "N_inlier": 115, "refit": true}
{"timestamp": "17:02:20.047824", "frame": 80, "mu": [-1.3692106818026457, 0.9486529915122843, 1.1851970430807812], "Sigma": [[0.05172435496188246, 0.05260739261223376, -0.055179209127485855], [0.05260739261223375, 0.0616977578923963, -0.06884549126878318], [-0.055179209127485855, -0.06884549126878318, 0.14593963367765345]], "chi2_level": 0.99, "chi2_df": 3, "chi2_threshold": 11.344866730144373, "N_raw": 133, "N_roi": 133, "N_inlier": 129, "refit": true}
{"timestamp": "17:02:20.099852", "frame": 81, "mu": [-1.4421512630286784, 0.9983321445424911, 1.1555586945402867], "Sigma": [[0.047541673355588815, 0.05270429597092269, -0.0763014976710443], [0.05270429597092269, 0.07880903688413499, -0.09115940415599551], [-0.0763014976710443, -0.09115940415599552, 0.174004774013698]], "chi2_level": 0.99, "chi2_df": 3, "chi2_threshold": 11.344866730144373, "N_raw": 105, "N_roi": 105, "N_inlier": 104, "refit": true}
{"timestamp": "17:02:20.153065", "frame": 82, "mu": [-1.3787215629487568, 1.1216719743451808, 1.4235102164685622], "Sigma": [[0.03690604848970752, 0.02173249242914478, -0.009962098157887223], [0.02173249242914478, 0.024496964407033042, -0.0030274275888695816], [-0.009962098157887223, -0.0030274275888695816, 0.006484183391097437]], "chi2_level": 0.99, "chi2_df": 3, "chi2_threshold": 11.344866730144373, "N_raw": 98, "N_roi": 98, "N_inlier": 95, "refit": true}
{"timestamp": "17:02:20.206722", "frame": 83, "mu": [-1.4374933817805773, 1.065896428060808, 1.3452737653021363], "Sigma": [[0.027526801283302545, 0.022541203853988404, 0.0018222681556987555], [0.022541203853988404, 0.02372387983675838, -0.0012244475808358185], [0.0018222681556987553, -0.0012244475808358185, 0.004488997654650506]], "chi2_level": 0.99, "chi2_df": 3, "chi2_threshold": 11.344866730144373, "N_raw": 90, "N_roi": 90, "N_inlier": 88, "refit": true}
{"timestamp": "17:02:20.264296", "frame": 84, "mu": [-1.4439445097577337, 1.159128343595701, 1.4798372191508145], "Sigma": [[0.02570632704229505, 0.013135529138168341, -0.0136644278084545], [0.013135529138168341, 0.019414054517071136, -0.004619506071772396], [-0.013664427808454501, -0.004619506071772396, 0.010671765979307066]], "chi2_level": 0.99, "chi2_df": 3, "chi2_threshold": 11.344866730144373, "N_raw": 106, "N_roi": 106, "N_inlier": 105, "refit": true}
{"timestamp": "17:02:20.320555", "frame": 85, "mu": [-1.3826787879732052, 1.2208090693605744, 1.4100981694547894], "Sigma": [[0.033154126200895404, 0.021434514196448866, -0.007316561160561789], [0.021434514196448866, 0.019284552471375834, -0.008374582100584935], [-0.007316561160561789, -0.008374582100584935, 0.00615068621113535]], "chi2_level": 0.99, "chi2_df": 3, "chi2_threshold": 11.344866730144373, "N_raw": 121, "N_roi": 121, "N_inlier": 112, "refit": true}
{"timestamp": "17:02:20.380013", "frame": 86, "mu": [-1.4553583800525818, 1.2439036905941512, 1.4491836926487367], "Sigma": [[0.047327073338833736, 0.021635400308709286, -0.02038685914640996], [0.021635400308709286, 0.018022765259926035, -0.013964718038935026], [-0.020386859146409957, -0.013964718038935026, 0.015004195537873964]], "chi2_level": 0.99, "chi2_df": 3, "chi2_threshold": 11.344866730144373, "N_raw": 143, "N_roi": 143, "N_inlier": 141, "refit": true}
{"timestamp": "17:02:20.426267", "frame": 87, "mu": [-1.4236332121845825, 1.3186962378356215, 1.5115013698770277], "Sigma": [[0.06938969468979492, 0.025337198321393216, -0.053869218866111415], [0.025337198321393216, 0.017277620304257134, -0.018363026086851787], [-0.053869218866111415, -0.01836302608685179, 0.04641374092948592]], "chi2_level": 0.99, "chi2_df": 3, "chi2_threshold": 11.344866730144373, "N_raw": 82, "N_roi": 82, "N_inlier": 81, "refit": true}
{"timestamp": "17:02:20.478213", "frame": 88, "mu": [-1.3045826505678342, 1.435009513464651, 1.3403355201393794], "Sigma": [[0.04042389314199113, 0.014723165685375484, -0.03719208441263158], [0.014723165685375485, 0.010435740217533128, -0.0062495137335047135], [-0.03719208441263158, -0.0062495137335047135, 0.11598296893782731]], "chi2_level": 0.99, "chi2_df": 3, "chi2_threshold": 11.344866730144373, "N_raw": 64, "N_roi": 64, "N_inlier": 61, "refit": true}
{"timestamp": "17:02:20.537952", "frame": 89, "mu": [-1.5123029355214879, 1.4572090382010412, -0.09265027691484815], "Sigma": [[0.0605151059125984, 0.03601074658184161, -0.012219027594568914], [0.03601074658184161, 0.027830773873855776, -0.0023933211740379537], [-0.012219027594568914, -0.0023933211740379537, 0.016328844927178697]], "chi2_level": 0.99, "chi2_df": 3, "chi2_threshold": 11.344866730144373, "N_raw": 94, "N_roi": 94, "N_inlier": 89, "refit": true}
{"timestamp": "17:02:20.592027", "frame": 90, "mu": [-1.329177779835712, 1.5993548879234754, 1.562731293864462], "Sigma": [[0.022112817468228546, 0.0035613901008644815, -0.02574114916636321], [0.003561390100864481, 0.013208358156622416, -5.7482339615989603e-05], [-0.02574114916636321, -5.748233961599047e-05, 0.03372411167778125]], "chi2_level": 0.99, "chi2_df": 3, "chi2_threshold": 11.344866730144373, "N_raw": 72, "N_roi": 72, "N_inlier": 65, "refit": true}
{"timestamp": "17:02:20.638242", "frame": 91, "mu": [-1.2138562306826528, 1.6361732567105471, 1.390725639818823], "Sigma": [[0.018830158093083964, 0.00581090456562545, -0.01588942747837252], [0.005810904565625449, 0.007668134209588636, -0.004414807451468351], [-0.01588942747837252, -0.004414807451468351, 0.01509668308444692]], "chi2_level": 0.99, "chi2_df": 3, "chi2_threshold": 11.344866730144373, "N_raw": 34, "N_roi": 34, "N_inlier": 30, "refit": true}
