{"timestamp": "16:42:39.606613", "frame": 31, "mu": [-2.445890992849344, 3.244129522383381, 0.9732354522762756], "Sigma": [[0.000998461644036485, 0.0006593840018653273, -0.001915639027685161], [0.0006593840018653273, 0.005455384522944199, -0.015164145211539989], [-0.0019156390276851613, -0.015164145211539987, 0.04341365152612504]], "chi2_level": 0.95, "chi2_df": 3, "chi2_threshold": 7.814727903251179, "N_raw": 6, "N_roi": 6, "N_inlier": 6, "refit": true}
{"timestamp": "16:42:39.665873", "frame": 32, "mu": [-2.3660181862486054, 3.1852481050574095, 0.9585579556482823], "Sigma": [[0.007688417321553163, 0.0024902133595233068, -0.0024218497524245435], [0.0024902133595233068, 0.003204145022117001, -0.004201140021023621], [-0.002421849752424544, -0.004201140021023621, 0.00708277030459785]], "chi2_level": 0.95, "chi2_df": 3, "chi2_threshold": 7.814727903251179, "N_raw": 35, "N_roi": 22, "N_inlier": 22, "refit": true}
{"timestamp": "16:42:39.721058", "frame": 33, "mu": [-2.3883897987034866, 3.1159144286844698, 0.754443173419667], "Sigma": [[0.0033012925749013305, 0.0007098242678291306, 0.0008789483704325099], [0.0007098242678291306, 0.0013448761592697968, -0.0010377838532477186], [0.0008789483704325097, -0.0010377838532477186, 0.009219607930844887]], "chi2_level": 0.95, "chi2_df": 3, "chi2_threshold": 7.814727903251179, "N_raw": 20, "N_roi": 12, "N_inlier": 11, "refit": true}
{"timestamp": "16:42:39.773134", "frame": 34, "mu": [-2.292260651648367, 3.114571953312572, 0.9982147326989079], "Sigma": [[0.00369628168753569, 0.002137056104048346, -0.0001991523118505035], [0.002137056104048346, 0.0042739433263777795, -0.01146818151128278], [-0.0001991523118505022, -0.01146818151128278, 0.06651133799963545]], "chi2_level": 0.95, "chi2_df": 3, "chi2_threshold": 7.814727903251179, "N_raw": 6, "N_roi": 6, "N_inlier": 6, "refit": true}
{"timestamp": "16:42:39.830197", "frame": 35, "mu": [-2.2853172387933234, 3.0204004190124487, 0.7575484322313025], "Sigma": [[0.010387284551962424, 0.0026810618417768624, -0.011215948967013889], [0.0026810618417768615, 0.0020466028162185084, -0.005881302629733476], [-0.011215948967013889, -0.005881302629733477, 0.024066394882160905]], "chi2_level": 0.95, "chi2_df": 3, "chi2_threshold": 7.814727903251179, "N_raw": 27, "N_roi": 27, "N_inlier": 27, "refit": true}
{"timestamp": "16:42:39.883051", "frame": 36, "mu": [-2.1551249873605327, 3.0047735284500496, 0.697917613179107], "Sigma": [[0.0010682513864205896, 0.0025840095733962835, -0.003352588372685473], [0.002584009573396283, 0.008384256889075738, -0.009480938587602615], [-0.003352588372685473, -0.009480938587602615, 0.011490802998131116]], "chi2_level": 0.95, "chi2_df": 3, "chi2_threshold": 7.814727903251179, "N_raw": 5, "N_roi": 5, "N_inlier": 5, "refit": true}
{"timestamp": "16:42:39.940788", "frame": 37, "mu": [-2.1534257489921935, 2.888943527901078, 0.9828402220699471], "Sigma": [[0.007946339282919821, 0.0022896111483672933, -0.003392208834892765], [0.0022896111483672933, 0.003134557662766878, -0.0027142933293512654], [-0.003392208834892765, -0.0027142933293512654, 0.004363847465557366]], "chi2_level": 0.95, "chi2_df": 3, "chi2_threshold": 7.814727903251179, "N_raw": 23, "N_roi": 23, "N_inlier": 21, "refit": true}
{"timestamp": "16:42:39.998330", "frame": 38, "mu": [-2.1806975000087654, 2.9447797109164293, -0.13599550782232878], "Sigma": [[0.012967449219798729, 0.010095752731845205, -0.006012792392523009], [0.010095752731845205, 0.01358729199870467, -0.009311241163036315], [-0.006012792392523009, -0.009311241163036315, 0.007426501922283464]], "chi2_level": 0.95, "chi2_df": 3, "chi2_threshold": 7.814727903251179, "N_raw": 36, "N_roi": 36, "N_inlier": 34, "refit": true}
{"timestamp": "16:42:40.050410", "frame": 39, "mu": [-2.082344017254747, 2.759964596363211, 1.0653789212214841], "Sigma": [[0.00695059603694945, 0.003472054696176341, -0.0020343397879783523], [0.0034720546961763414, 0.0036397465634678975, -0.005402135463896196], [-0.0020343397879783523, -0.005402135463896195, 0.013629894721197367]], "chi2_level": 0.95, "chi2_df": 3, "chi2_threshold": 7.814727903251179, "N_raw": 21, "N_roi": 21, "N_inlier": 19, "refit": true}
{"timestamp": "16:42:40.107510", "frame": 40, "mu": [-2.0770577070195797, 2.6790968644388005, 1.1070583254572677], "Sigma": [[0.014291787549420154, 0.008288903104561648, -0.004931730505936912], [0.008288903104561648, 0.0058727647177329876, -0.004477705960488876], [-0.004931730505936913, -0.004477705960488876, 0.006339933582225075]], "chi2_level": 0.95, "chi2_df": 3, "chi2_threshold": 7.814727903251179, "N_raw": 30, "N_roi": 28, "N_inlier": 26, "refit": true}
{"timestamp": "16:42:40.159673", "frame": 41, "mu": [-1.9575105487184843, 2.647258065927431, 0.858246665808248], "Sigma": [[0.013678262035836612, 0.010721106796624358, -0.030790874694928166], [0.010721106796624358, 0.010848811204525311, -0.026675332879465496], [-0.030790874694928166, -0.026675332879465496, 0.07335684653823306]], "chi2_level": 0.95, "chi2_df": 3, "chi2_threshold": 7.814727903251179, "N_raw": 13, "N_roi": 10, "N_inlier": 10, "refit": true}
{"timestamp": "16:42:40.214761", "frame": 42, "mu": [-1.84999284416916, 2.7135884317237267, 0.6769093692127695], "Sigma": [[0.010641247677118802, 0.004116910137492124, -0.013031350047021224], [0.004116910137492124, 0.0031478806268154785, -0.00825519434089357], [-0.013031350047021226, -0.008255194340893572, 0.025839154038955998]], "chi2_level": 0.95, "chi2_df": 3, "chi2_threshold": 7.814727903251179, "N_raw": 24, "N_roi": 24, "N_inlier": 22, "refit": true}
{"timestamp": "16:42:40.271806", "frame": 43, "mu": [-1.9364819319903577, 2.5181750381996935, 1.1001780878833536], "Sigma": [[0.012518983853729355, 0.005203845954730332, -0.0042667949260463585], [0.005203845954730331, 0.003842439133937024, -0.004555211096136777], [-0.0042667949260463585, -0.004555211096136777, 0.010818058261998654]], "chi2_level": 0.95, "chi2_df": 3, "chi2_threshold": 7.814727903251179, "N_raw": 28, "N_roi": 26, "N_inlier": 24, "refit": true}
{"timestamp": "16:42:40.328704", "frame": 44, "mu": [-1.779681893399422, 2.515758536312201, 0.9350736561933694], "Sigma": [[0.019748698230803885, 0.009180106171722914, -0.030412537301074453], [0.009180106171722914, 0.007269518136819954, -0.021422819368102794], [-0.030412537301074453, -0.021422819368102794, 0.07661594384250771]], "chi2_level": 0.95, "chi2_df": 3, "chi2_threshold": 7.814727903251179, "N_raw": 46, "N_roi": 45, "N_inlier": 44, "refit": true}
{"timestamp": "16:42:40.381958", "frame": 45, "mu": [-1.500886510679924, 2.5831884119177557, 0.4757583544295437], "Sigma": [[0.012112765655103502, 0.0027569278887169067, -0.015575159948502356], [0.0027569278887169067, 0.0021269087153667028, -0.006731911932820452], [-0.015575159948502356, -0.006731911932820452, 0.03440179872483388]], "chi2_level": 0.95, "chi2_df": 3, "chi2_threshold": 7.814727903251179, "N_raw": 30, "N_roi": 30, "N_inlier": 25, "refit": true}
{"timestamp": "16:42:40.435658", "frame": 46, "mu": [-1.6576232364368038, 2.401650181149777, 0.9800889805456278], "Sigma": [[0.006818936623122637, 0.005295624086407366, -0.01537068644314057], [0.005295624086407366, 0.005782870611819928, -0.01679297680793273], [-0.01537068644314057, -0.01679297680793273, 0.05197838645161197]], "chi2_level": 0.95, "chi2_df": 3, "chi2_threshold": 7.814727903251179, "N_raw": 18, "N_roi": 16, "N_inlier": 13, "refit": true}
{"timestamp": "16:42:40.490334", "frame": 47, "mu": [-1.5322600468000471, 2.464467187143964, 0.7155676168106436], "Sigma": [[0.0030845023904952176, 0.0015923901744113536, -0.005856089836680405], [0.0015923901744113534, 0.008131652053349458, -0.03616458526924263], [-0.005856089836680405, -0.03616458526924262, 0.1817425123154385]], "chi2_level": 0.95, "chi2_df": 3, "chi2_threshold": 7.814727903251179, "N_raw": 17, "N_roi": 17, "N_inlier": 15, "refit": true}
{"timestamp": "16:42:40.547423", "frame": 48, "mu": [-1.5838326884627618, 2.3499498928510625, 0.7611790310143624], "Sigma": [[0.03778763001133747, 0.026975235994182056, -0.02847380327503493], [0.026975235994182056, 0.021515904366338434, -0.026037632080052775], [-0.02847380327503493, -0.026037632080052775, 0.055544598462825646]], "chi2_level": 0.95, "chi2_df": 3, "chi2_threshold": 7.814727903251179, "N_raw": 34, "N_roi": 34, "N_inlier": 26, "refit": true}
{"timestamp": "16:42:40.603153", "frame": 49, "mu": [-1.4218212460240935, 2.295652562351622, 1.099526135773362], "Sigma": [[0.008746499326178431, 0.0024918406349619384, -0.004807239634537382], [0.0024918406349619384, 0.002988625751865391, -0.008336414297499279], [-0.004807239634537382, -0.008336414297499279, 0.028329748664608856]], "chi2_level": 0.95, "chi2_df": 3, "chi2_threshold": 7.814727903251179, "N_raw": 33, "N_roi": 33, "N_inlier": 26, "refit": true}
{"timestamp": "16:42:40.657484", "frame": 50, "mu": [-1.7804963298624914, 2.0217075548073793, 1.110102604629109], "Sigma": [[0.21740836275767544, 0.14673980459084535, -0.10171631687225502], [0.14673980459084535, 0.10572053908389338, -0.09747222772829997], [-0.10171631687225502, -0.09747222772829997, 0.3020491404984679]], "chi2_level": 0.95, "chi2_df": 3, "chi2_threshold": 7.814727903251179, "N_raw": 31, "N_roi": 31, "N_inlier": 30, "refit": true}
{"timestamp": "16:42:40.711000", "frame": 51, "mu": [-1.3252387907004755, 2.19459852359119, 1.0341289297309646], "Sigma": [[0.007205129750431117, -0.001146900481661342, 0.0004872601163247517], [-0.001146900481661342, 0.004854628425274976, -0.016797219022432076], [0.00048726011632475256, -0.016797219022432076, 0.06536902856800761]], "chi2_level": 0.95, "chi2_df": 3, "chi2_threshold": 7.814727903251179, "N_raw": 29, "N_roi": 29, "N_inlier": 26, "refit": true}
{"timestamp": "16:42:40.764632", "frame": 52, "mu": [-1.2963996796647332, 2.188860541177874, 0.7639510353836139], "Sigma": [[0.010002103753227356, -0.007972155226304557, 0.030933359314529355], [-0.007972155226304557, 0.0147176073818351, -0.05022213029816965], [0.030933359314529355, -0.05022213029816965, 0.19877204636004184]], "chi2_level": 0.95, "chi2_df": 3, "chi2_threshold": 7.814727903251179, "N_raw": 10, "N_roi": 10, "N_inlier": 10, "refit": true}
{"timestamp": "16:42:40.824282", "frame": 53, "mu": [-1.1097850816875316, 2.1592064604701036, 0.9245167915753048], "Sigma": [[0.0117321285075785, 0.005781823090338572, -0.016506940425807196], [0.005781823090338572, 0.007437735822528957, -0.017024601833252214], [-0.016506940425807196, -0.017024601833252214, 0.04828056367332196]], "chi2_level": 0.95, "chi2_df": 3, "chi2_threshold": 7.814727903251179, "N_raw": 47, "N_roi": 47, "N_inlier": 45, "refit": true}
{"timestamp": "16:42:40.876197", "frame": 54, "mu": [-1.0318022644771958, 2.0984639518828456, 0.8293401294274481], "Sigma": [[0.004815126150505848, 0.0012803759911578325, -0.003933004790575937], [0.001280375991157833, 0.0031714458996643805, -0.00438438826305531], [-0.003933004790575937, -0.00438438826305531, 0.01029218927670881]], "chi2_level": 0.95, "chi2_df": 3, "chi2_threshold": 7.814727903251179, "N_raw": 23, "N_roi": 23, "N_inlier": 20, "refit": true}
{"timestamp": "16:42:40.938730", "frame": 55, "mu": [-1.0775957508497371, 1.9922079829276533, -0.8539716505144526], "Sigma": [[0.00632182442609472, 0.005371533684232744, -0.00046552490168296347], [0.005371533684232745, 0.015161293475982775, 1.5614188702633763e-05], [-0.00046552490168296325, 1.561418870263333e-05, 0.03531204111698297]], "chi2_level": 0.95, "chi2_df": 3, "chi2_threshold": 7.814727903251179, "N_raw": 77, "N_roi": 77, "N_inlier": 67, "refit": true}
{"timestamp": "16:42:40.989309", "frame": 56, "mu": [-1.042936635392206, 1.9202922326769143, 1.069758276666954], "Sigma": [[0.0051416617215748915, 0.00045003426975470727, -0.0011401686032847039], [0.00045003426975470727, 0.0022461633571775486, -0.003283706604748894], [-0.0011401686032847037, -0.003283706604748894, 0.013743608629298998]], "chi2_level": 0.95, "chi2_df": 3, "chi2_threshold": 7.814727903251179, "N_raw": 45, "N_roi": 45, "N_inlier": 43, "refit": true}
{"timestamp": "16:42:41.048607", "frame": 57, "mu": [-0.9333833404781848, 1.9122906504174306, 0.9423540577051713], "Sigma": [[0.012963629124340651, 0.011855515952369694, -0.014914763306519554], [0.011855515952369692, 0.016535567714124302, -0.017452794612568174], [-0.014914763306519554, -0.017452794612568174, 0.024347891956383417]], "chi2_level": 0.95, "chi2_df": 3, "chi2_threshold": 7.814727903251179, "N_raw": 66, "N_roi": 66, "N_inlier": 61, "refit": true}
{"timestamp": "16:42:41.102067", "frame": 58, "mu": [-1.0464124681289582, 1.7883230345960979, 1.0759327772954006], "Sigma": [[0.005464161323564178, 0.0017814512981194134, -0.003523586160424424], [0.0017814512981194134, 0.0033819672266787613, -0.007405633985614713], [-0.0035235861604244246, -0.007405633985614714, 0.024154108375405596]], "chi2_level": 0.95, "chi2_df": 3, "chi2_threshold": 7.814727903251179, "N_raw": 61, "N_roi": 61, "N_inlier": 55, "refit": true}
{"timestamp": "16:42:41.152798", "frame": 59, "mu": [-1.041443157554779, 1.6534001916667969, 1.1899578730848095], "Sigma": [[0.10341068250415922, 0.058676143202138584, -0.048616016056830094], [0.05867614320213859, 0.035447656752855466, -0.036633512056405734], [-0.048616016056830094, -0.036633512056405734, 0.11620302833572911]], "chi2_level": 0.95, "chi2_df": 3, "chi2_threshold": 7.814727903251179, "N_raw": 28, "N_roi": 28, "N_inlier": 25, "refit": true}
{"timestamp": "16:42:41.211833", "frame": 60, "mu": [-0.9266011843525739, 1.6579191327115046, -0.919650100581866], "Sigma": [[0.009635419310029767, -0.0001727523227040981, -0.003946042923296972], [-0.00017275232270409812, 0.002962948721491888, -0.00265513869210292], [-0.003946042923296972, -0.0026551386921029197, 0.005584464731452208]], "chi2_level": 0.95, "chi2_df": 3, "chi2_threshold": 7.814727903251179, "N_raw": 64, "N_roi": 64, "N_inlier": 59, "refit": true}
{"timestamp": "16:42:41.273114", "frame": 61, "mu": [-0.8439736740941269, 1.6449093297169515, 1.1710141926133661], "Sigma": [[0.011609949840171805, -0.00036853526849639864, 0.0027968487839743136], [-0.0003685352684963987, 0.0036455657644777918, -0.005955218121734093], [0.0027968487839743136, -0.005955218121734093, 0.016686322106896648]], "chi2_level": 0.95, "chi2_df": 3, "chi2_threshold": 7.814727903251179, "N_raw": 106, "N_roi": 106, "N_inlier": 95, "refit": true}
{"timestamp": "16:42:41.317835", "frame": 62, "mu": [-0.7334572101126824, 1.6003776937995853, 1.123095377011594], "Sigma": [[0.0064700909978457006, -0.0016324089670594405, 0.030893611411464694], [-0.0016324089670594405, 0.0014110129387317225, -0.014032069773544854], [0.03089361141146469, -0.014032069773544853, 0.25051374384133324]], "chi2_level": 0.95, "chi2_df": 3, "chi2_threshold": 7.814727903251179, "N_raw": 28, "N_roi": 28, "N_inlier": 27, "refit": true}
{"timestamp": "16:42:41.371062", "frame": 63, "mu": [-0.8626871210358033, 1.5301676504569544, 1.0898674769812924], "Sigma": [[0.017122607256777625, 0.0004197194531686667, 0.025354992094280066], [0.0004197194531686669, 0.003235125534513836, -0.01253052339060495], [0.02535499209428007, -0.012530523390604951, 0.10427736751565359]], "chi2_level": 0.95, "chi2_df": 3, "chi2_threshold": 7.814727903251179, "N_raw": 18, "N_roi": 18, "N_inlier": 15, "refit": true}
{"timestamp": "16:42:41.428666", "frame": 64, "mu": [-0.5567548080244265, 1.4360528851036793, 0.8139726167420533], "Sigma": [[0.015986827226404016, 0.0017738550234025232, -0.03362050191916684], [0.0017738550234025234, 0.0014447046455408567, -0.0030283708157250178], [-0.03362050191916684, -0.0030283708157250178, 0.09914034448065899]], "chi2_level": 0.95, "chi2_df": 3, "chi2_threshold": 7.814727903251179, "N_raw": 42, "N_roi": 42, "N_inlier": 38, "refit": true}
{"timestamp": "16:42:41.485667", "frame": 65, "mu": [-0.5306570441591615, 1.4512294642308297, 1.0792445322219253], "Sigma": [[0.016997553041080596, 0.006942635857106853, 0.0021001155768281075], [0.006942635857106852, 0.006335035680109097, -0.0005155424284980253], [0.0021001155768281083, -0.0005155424284980251, 0.09150454609297114]], "chi2_level": 0.95, "chi2_df": 3, "chi2_threshold": 7.814727903251179, "N_raw": 54, "N_roi": 53, "N_inlier": 47, "refit": true}
{"timestamp": "16:42:41.549860", "frame": 66, "mu": [-0.43071311973672255, 1.4465232453893422, 1.2174132854984139], "Sigma": [[0.006579811821318614, 0.0013158213233993039, -0.003416377979573567], [0.0013158213233993037, 0.004400081385439038, -0.009338540667833838], [-0.0034163779795735667, -0.009338540667833836, 0.02610377531805007]], "chi2_level": 0.95, "chi2_df": 3, "chi2_threshold": 7.814727903251179, "N_raw": 115, "N_roi": 115, "N_inlier": 110, "refit": true}
{"timestamp": "16:42:41.600851", "frame": 67, "mu": [-0.4730867982005129, 1.3835670117861365, 1.2493161021530648], "Sigma": [[0.009255275470295242, 0.002095742726790722, 0.003909631531313811], [0.0020957427267907225, 0.0066567101530313885, -0.007964964150193776], [0.003909631531313811, -0.007964964150193776, 0.016067524205892518]], "chi2_level": 0.95, "chi2_df": 3, "chi2_threshold": 7.814727903251179, "N_raw": 82, "N_roi": 82, "N_inlier": 76, "refit": true}
{"timestamp": "16:42:41.658120", "frame": 68, "mu": [-0.34485037884036934, 1.4308662459035673, 0.07983751654787036], "Sigma": [[0.004453582909622589, -0.0008573916303104177, 0.030753785580763304], [-0.0008573916303104177, 0.006161535914560991, -0.019485815086206712], [0.030753785580763304, -0.019485815086206712, 0.432069782948199]], "chi2_level": 0.95, "chi2_df": 3, "chi2_threshold": 7.814727903251179, "N_raw": 96, "N_roi": 96, "N_inlier": 91, "refit": true}
{"timestamp": "16:42:41.709113", "frame": 69, "mu": [-0.2896989444254102, 1.4749377169444584, -0.600370417324579], "Sigma": [[0.029976233666594736, 0.018498149335681027, -0.026420394430061805], [0.018498149335681027, 0.014533305611923385, -0.019862920651832112], [-0.026420394430061812, -0.019862920651832112, 0.029346985831296458]], "chi2_level": 0.95, "chi2_df": 3, "chi2_threshold": 7.814727903251179, "N_raw": 74, "N_roi": 74, "N_inlier": 70, "refit": true}
{"timestamp": "16:42:41.759884", "frame": 70, "mu": [-0.31938752316246777, 1.3452020364744648, -0.45472005494647016], "Sigma": [[0.007652291794508135, -0.001188090787006031, 0.016515101030955562], [-0.0011880907870060312, 0.005358181787341256, -0.014217803625503615], [0.016515101030955562, -0.014217803625503615, 0.07670702927740694]], "chi2_level": 0.95, "chi2_df": 3, "chi2_threshold": 7.814727903251179, "N_raw": 43, "N_roi": 43, "N_inlier": 41, "refit": true}
{"timestamp": "16:42:41.816745", "frame": 71, "mu": [-0.32721705783989874, 1.1609424497724272, 1.314183461839458], "Sigma": [[0.007663951954868998, -0.00336218544902268, 0.007223095985210794], [-0.00336218544902268, 0.0029429652324701617, -0.00525374623938862], [0.007223095985210794, -0.005253746239388621, 0.01193912312059607]], "chi2_level": 0.95, "chi2_df": 3, "chi2_threshold": 7.814727903251179, "N_raw": 57, "N_roi": 57, "N_inlier": 51, "refit": true}
{"timestamp": "16:42:41.881632", "frame": 72, "mu": [-0.21082510492531784, 1.111555391827204, 1.1922438306867906], "Sigma": [[0.022737795234379875, 0.0041994566636703295, -0.014405792513064024], [0.0041994566636703295, 0.0020799744857455914, -0.006982323792552006], [-0.014405792513064024, -0.006982323792552006, 0.03608316815781805]], "chi2_level": 0.95, "chi2_df": 3, "chi2_threshold": 7.814727903251179, "N_raw": 121, "N_roi": 121, "N_inlier": 115, "refit": true}
{"timestamp": "16:42:41.934885", "frame": 73, "mu": [-0.22421263796103666, 1.0190040633054396, 1.1806136888694012], "Sigma": [[0.025672931257816656, 0.0031373073332903855, -0.013329009275365341], [0.003137307333290386, 0.0023512810216691255, -0.006259724856011757], [-0.01332900927536534, -0.006259724856011756, 0.035696099616401314]], "chi2_level": 0.95, "chi2_df": 3, "chi2_threshold": 7.814727903251179, "N_raw": 111, "N_roi": 111, "N_inlier": 105, "refit": true}
{"timestamp": "16:42:41.994905", "frame": 74, "mu": [-0.10813578279090034, 0.9983497080186842, 1.0648540576886005], "Sigma": [[0.03874835287313453, 0.01103018712342203, -0.027156788272911445], [0.01103018712342203, 0.008075550392236926, -0.012581000226622127], [-0.027156788272911445, -0.012581000226622126, 0.026261245208000408]], "chi2_level": 0.95, "chi2_df": 3, "chi2_threshold": 7.814727903251179, "N_raw": 141, "N_roi": 141, "N_inlier": 137, "refit": true}
{"timestamp": "16:42:42.050226", "frame": 75, "mu": [-0.09731401247075977, 0.9613528142373148, 1.1094373587839212], "Sigma": [[0.02994810305456737, 0.013927979286697558, -0.019968850625439974], [0.013927979286697558, 0.008716857305169015, -0.011541113192746224], [-0.019968850625439974, -0.011541113192746224, 0.02877803424835392]], "chi2_level": 0.95, "chi2_df": 3, "chi2_threshold": 7.814727903251179, "N_raw": 139, "N_roi": 139, "N_inlier": 135, "refit": true}
{"timestamp": "16:42:42.101744", "frame": 76, "mu": [-0.11108486522939486, 0.8766051274745993, -0.1838275615394155], "Sigma": [[0.01597138013710492, 0.009910632651558834, 0.09221121058955162], [0.009910632651558834, 0.008791766791207559, 0.06644951028434898], [0.09221121058955162, 0.06644951028434898, 0.6857188800008417]], "chi2_level": 0.95, "chi2_df": 3, "chi2_threshold": 7.814727903251179, "N_raw": 119, "N_roi": 119, "N_inlier": 116, "refit": true}
{"timestamp": "16:42:42.151747", "frame": 77, "mu": [-0.12130159988003629, 0.8256648188025916, 1.3334975757204546], "Sigma": [[0.004448165541280279, 8.13890566487938e-05, 0.003944525670424718], [8.13890566487938e-05, 0.0029364757362550127, -0.0020694625700265873], [0.003944525670424718, -0.0020694625700265873, 0.01222067016844795]], "chi2_level": 0.95, "chi2_df": 3, "chi2_threshold": 7.814727903251179, "N_raw": 85, "N_roi": 85, "N_inlier": 81, "refit": true}
{"timestamp": "16:42:42.200463", "frame": 78, "mu": [-0.05435363513103444, 0.8107937205540439, -0.7813055401656691], "Sigma": [[0.003366004485025286, 0.004106392229751131, 0.015331501257265259], [0.004106392229751132, 0.008929412654209433, 0.023193707422605223], [0.015331501257265259, 0.023193707422605223, 0.0998532006682896]], "chi2_level": 0.95, "chi2_df": 3, "chi2_threshold": 7.814727903251179, "N_raw": 42, "N_roi": 42, "N_inlier": 39, "refit": true}
{"timestamp": "16:42:42.264619", "frame": 79, "mu": [-0.003964149448897711, 0.7421366323339085, 1.3391463107686392], "Sigma": [[0.005191034805055286, -0.00024778888962965877, 0.00425722468206533], [-0.0002477888896296587, 0.002023117526797555, -0.002583346058948634], [0.00425722468206533, -0.0025833460589486344, 0.011545654257140131]], "chi2_level": 0.95, "chi2_df": 3, "chi2_threshold": 7.814727903251179, "N_raw": 112, "N_roi": 112, "N_inlier": 104, "refit": true}
{"timestamp": "16:42:42.313583", "frame": 80, "mu": [0.002389743728793142, 0.6559266838884078, 1.361948577337787], "Sigma": [[0.011287032043042154, 0.001909154479631862, 0.01663405298199403], [0.001909154479631862, 0.0031171690448383613, 0.005663518744957307], [0.01663405298199403, 0.005663518744957308, 0.03469694948974926]], "chi2_level": 0.95, "chi2_df": 3, "chi2_threshold": 7.814727903251179, "N_raw": 73, "N_roi": 73, "N_inlier": 70, "refit": true}
{"timestamp": "16:42:42.374855", "frame": 81, "mu": [0.06674473143193972, 0.6757973178379219, 1.3690890202465655], "Sigma": [[0.004358385750573821, -0.0020971196225119566, 0.005163763654695575], [-0.0020971196225119566, 0.0030912939191249772, -0.005815004346568261], [0.005163763654695575, -0.005815004346568262, 0.01416139945423284]], "chi2_level": 0.95, "chi2_df": 3, "chi2_threshold": 7.814727903251179, "N_raw": 110, "N_roi": 110, "N_inlier": 108, "refit": true}
{"timestamp": "16:42:42.424151", "frame": 82, "mu": [0.05755146021304981, 0.6080376718152197, 1.2805145920522754], "Sigma": [[0.005544977342428206, 0.0021458621209267626, -0.0034911774900611824], [0.0021458621209267626, 0.00201139443986019, -0.003373831345238577], [-0.0034911774900611824, -0.0033738313452385768, 0.00657434647307721]], "chi2_level": 0.95, "chi2_df": 3, "chi2_threshold": 7.814727903251179, "N_raw": 71, "N_roi": 69, "N_inlier": 60, "refit": true}
{"timestamp": "16:42:42.476075", "frame": 83, "mu": [0.04804329812257088, 0.5579050598644286, 1.2707304571526359], "Sigma": [[0.0013539027598143433, -0.00013881636735394728, -0.0003477022288059582], [-0.00013881636735394728, 0.0029277712968043225, -0.0023632050472087093], [-0.0003477022288059581, -0.0023632050472087098, 0.002277019951762249]], "chi2_level": 0.95, "chi2_df": 3, "chi2_threshold": 7.814727903251179, "N_raw": 58, "N_roi": 58, "N_inlier": 54, "refit": true}
{"timestamp": "16:42:42.527299", "frame": 84, "mu": [0.17050470450452765, 0.47917296085313504, 1.3132156047575063], "Sigma": [[0.0109030301799283, 0.0026573110645540824, 0.0039671717970848905], [0.0026573110645540816, 0.0023471605174685, -0.0031089647381094556], [0.0039671717970848905, -0.0031089647381094556, 0.012966272124810519]], "chi2_level": 0.95, "chi2_df": 3, "chi2_threshold": 7.814727903251179, "N_raw": 28, "N_roi": 28, "N_inlier": 27, "refit": true}
{"timestamp": "16:42:42.578324", "frame": 85, "mu": [0.2327683111136388, 0.4665526928132727, 1.3407317894122954], "Sigma": [[0.004851320000232894, -0.000598540558312362, 0.004006447341966938], [-0.0005985405583123621, 0.0013557177202935646, -0.0038148571739861337], [0.004006447341966937, -0.0038148571739861337, 0.014750765742317986]], "chi2_level": 0.95, "chi2_df": 3, "chi2_threshold": 7.814727903251179, "N_raw": 7, "N_roi": 7, "N_inlier": 7, "refit": true}
{"timestamp": "16:42:42.634101", "frame": 86, "mu": [0.33114084442611147, 0.4165696879268172, 1.3769832773380246], "Sigma": [[0.009318034764378433, -0.0005015379041830192, 0.0067181771874302194], [-0.0005015379041830193, 0.001778283680880972, -0.003540999683089283], [0.0067181771874302194, -0.0035409996830892835, 0.015027183344715525]], "chi2_level": 0.95, "chi2_df": 3, "chi2_threshold": 7.814727903251179, "N_raw": 8, "N_roi": 8, "N_inlier": 8, "refit": true}
{"timestamp": "16:42:42.691547", "frame": 87, "mu": [0.2335190399023118, 0.3975795872017882, 1.329240140486281], "Sigma": [[0.0008903383643042172, 0.0006383327345776499, -0.0005782844792703024], [0.0006383327345776499, 0.0009191878558961617, -0.0009144312775071537], [-0.0005782844792703024, -0.0009144312775071538, 0.001280455217762044]], "chi2_level": 0.95, "chi2_df": 3, "chi2_threshold": 7.814727903251179, "N_raw": 27, "N_roi": 27, "N_inlier": 25, "refit": true}
{"timestamp": "16:42:42.801704", "frame": 89, "mu": [0.29929556051833783, 0.32079439740908794, 1.336476386529037], "Sigma": [[0.0011502760043532526, -0.00025179357666641134, -0.001639858114846078], [-0.00025179357666641134, 0.0010242855784261728, 0.0008880008250789609], [-0.001639858114846078, 0.0008880008250789607, 0.005928931158915605]], "chi2_level": 0.95, "chi2_df": 3, "chi2_threshold": 7.814727903251179, "N_raw": 28, "N_roi": 27, "N_inlier": 22, "refit": true}
{"timestamp": "16:42:42.854752", "frame": 90, "mu": [0.5101291230572241, 0.3009727372989608, 0.8526727377623138], "Sigma": [[0.00025500162106597434, 0.0003798708993984432, 0.002330134184482061], [0.0003798708993984431, 0.001566169431609197, 0.025771993693100993], [0.0023301341844820605, 0.025771993693100993, 0.6020487920720041]], "chi2_level": 0.95, "chi2_df": 3, "chi2_threshold": 7.814727903251179, "N_raw": 9, "N_roi": 9, "N_inlier": 7, "refit": true}
{"timestamp": "16:42:42.908040", "frame": 91, "mu": [0.4220503820109821, 0.2765492542614657, 0.8597155832265294], "Sigma": [[0.0006790832953770311, 0.0003090267663146303, 0.0025000916153634645], [0.0003090267663146303, 0.00046277561023727663, -0.008716404850145486], [0.0025000916153634653, -0.008716404850145486, 0.47952750892125756]], "chi2_level": 0.95, "chi2_df": 3, "chi2_threshold": 7.814727903251179, "N_raw": 8, "N_roi": 8, "N_inlier": 7, "refit": true}
{"timestamp": "16:42:42.963426", "frame": 92, "mu": [0.5078590120647801, 0.2042264582253877, 0.6904223556634316], "Sigma": [[0.0022607597670394617, 0.0006713578376023319, -0.02677493703789013], [0.0006713578376023319, 0.0005671041043404709, -0.013664377798931815], [-0.026774937037890134, -0.013664377798931815, 0.5028582213391461]], "chi2_level": 0.95, "chi2_df": 3, "chi2_threshold": 7.814727903251179, "N_raw": 8, "N_roi": 8, "N_inlier": 8, "refit": true}
{"timestamp": "16:42:43.130342", "frame": 95, "mu": [0.5169841048399063, 0.09404778624379012, 1.4015587474388553], "Sigma": [[0.001457929135482334, -0.00045878966714621764, -0.0011788594329280601], [-0.00045878966714621764, 0.0018227115511194978, -0.0005599592585363478], [-0.0011788594329280601, -0.0005599592585363478, 0.0015631862297894813]], "chi2_level": 0.95, "chi2_df": 3, "chi2_threshold": 7.814727903251179, "N_raw": 23, "N_roi": 23, "N_inlier": 19, "refit": true}
{"timestamp": "16:42:43.183990", "frame": 96, "mu": [0.5567360405649061, 0.26865884549534963, 0.866178338864113], "Sigma": [[0.0011140615658398769, -0.002217688715708299, 0.013138736990925593], [-0.002217688715708299, 0.016272192076204565, -0.08948261787845892], [0.013138736990925595, -0.08948261787845892, 0.4943119958843501]], "chi2_level": 0.95, "chi2_df": 3, "chi2_threshold": 7.814727903251179, "N_raw": 6, "N_roi": 6, "N_inlier": 5, "refit": true}
