{"timestamp": "17:07:10.702930", "frame": 1, "mu": [0.8311760401775453, 1.4639425220139621, 1.2757501177875867], "Sigma": [[0.014463953345639064, 0.0029828444218171248, -0.016228590561368744], [0.0029828444218171248, 0.0043217721275243225, -0.0035612908518568463], [-0.016228590561368744, -0.0035612908518568463, 0.033926966416915845]], "chi2_level": 0.95, "chi2_df": 3, "chi2_threshold": 7.814727903251179, "N_raw": 81, "N_roi": 81, "N_inlier": 76, "refit": true}
{"timestamp": "17:07:10.756305", "frame": 2, "mu": [0.7923793944748638, 1.4698149174675668, 1.187274214908337], "Sigma": [[0.01634066988624146, 0.003213087121826934, -0.03086000294348165], [0.003213087121826934, 0.005884994129852204, -0.013101360224521038], [-0.03086000294348165, -0.013101360224521038, 0.07425125314531415]], "chi2_level": 0.95, "chi2_df": 3, "chi2_threshold": 7.814727903251179, "N_raw": 81, "N_roi": 81, "N_inlier": 77, "refit": true}
{"timestamp": "17:07:10.805842", "frame": 3, "mu": [0.6926102773097393, 1.4214816904023189, 1.3471359552979978], "Sigma": [[0.009325537881015235, -0.002406118058337281, -0.017945689598078823], [-0.002406118058337281, 0.0031172555743997207, 0.0024971388462503435], [-0.017945689598078823, 0.0024971388462503435, 0.05326995914276707]], "chi2_level": 0.95, "chi2_df": 3, "chi2_threshold": 7.814727903251179, "N_raw": 36, "N_roi": 36, "N_inlier": 30, "refit": true}
{"timestamp": "17:07:10.858795", "frame": 4, "mu": [0.6942680481240648, 1.4097340150096542, 1.377277859263695], "Sigma": [[0.005414389080363427, -0.00023581468388267034, -0.001863303189418507], [-0.00023581468388267037, 0.001357695262646314, -0.000318252456398455], [-0.0018633031894185075, -0.00031825245639845504, 0.0008888480839897194]], "chi2_level": 0.95, "chi2_df": 3, "chi2_threshold": 7.814727903251179, "N_raw": 24, "N_roi": 21, "N_inlier": 19, "refit": true}
{"timestamp": "17:07:10.912471", "frame": 5, "mu": [0.8197100287581834, 1.5066155042626492, 1.0508935190194695], "Sigma": [[0.00748800869692601, 0.0002470438044988076, -0.010042914970649314], [0.00024704380449880754, 0.0008561018795328685, -0.0023748234204013494], [-0.010042914970649316, -0.0023748234204013494, 0.01933276870775289]], "chi2_level": 0.95, "chi2_df": 3, "chi2_threshold": 7.814727903251179, "N_raw": 17, "N_roi": 17, "N_inlier": 15, "refit": true}
{"timestamp": "17:07:10.966697", "frame": 6, "mu": [0.8610787337019163, 1.303426273687181, 0.882285800408404], "Sigma": [[0.01487379186711525, -0.028582314544982862, -0.06430300122100235], [-0.028582314544982865, 0.1249624061824458, 0.23358124575441697], [-0.06430300122100234, 0.23358124575441694, 0.4528741566901741]], "chi2_level": 0.95, "chi2_df": 3, "chi2_threshold": 7.814727903251179, "N_raw": 9, "N_roi": 9, "N_inlier": 8, "refit": true}
{"timestamp": "17:07:11.021451", "frame": 7, "mu": [0.8060029110434468, 1.4787794723952818, 1.178922976578098], "Sigma": [[0.01192339834615804, 0.0027016779953695684, -0.023244476386448033], [0.0027016779953695684, 0.004594685370652065, -0.007608182338693334], [-0.023244476386448033, -0.007608182338693334, 0.05249561593565791]], "chi2_level": 0.95, "chi2_df": 3, "chi2_threshold": 7.814727903251179, "N_raw": 8, "N_roi": 8, "N_inlier": 8, "refit": true}
{"timestamp": "17:07:11.083689", "frame": 8, "mu": [0.7025149049639966, 1.478748513063319, 1.3663687232408674], "Sigma": [[0.004855037956387374, 0.0005887331748456556, -0.0046046797409154345], [0.0005887331748456555, 0.005920738681601507, -0.00646485719999198], [-0.0046046797409154345, -0.00646485719999198, 0.011955070770209733]], "chi2_level": 0.95, "chi2_df": 3, "chi2_threshold": 7.814727903251179, "N_raw": 59, "N_roi": 59, "N_inlier": 57, "refit": true}
{"timestamp": "17:07:11.137606", "frame": 9, "mu": [0.6979484083108726, 1.4340167826616403, 1.4466661995163093], "Sigma": [[0.005144088237548971, -0.0004908559216602166, -0.0018507063848853455], [-0.0004908559216602165, 0.004567725782323904, -0.0006148413410617273], [-0.0018507063848853457, -0.0006148413410617273, 0.0013826257308575576]], "chi2_level": 0.95, "chi2_df": 3, "chi2_threshold": 7.814727903251179, "N_raw": 53, "N_roi": 53, "N_inlier": 50, "refit": true}
{"timestamp": "17:07:11.200123", "frame": 10, "mu": [0.8042579851977298, 1.5076173387990754, 1.1533649316930432], "Sigma": [[0.01275774265390608, 0.0017303948597238532, -0.023901560509408226], [0.001730394859723853, 0.009414060277838561, -0.014681183542899566], [-0.023901560509408226, -0.014681183542899563, 0.06581446448194303]], "chi2_level": 0.95, "chi2_df": 3, "chi2_threshold": 7.814727903251179, "N_raw": 103, "N_roi": 103, "N_inlier": 102, "refit": true}
{"timestamp": "17:07:11.249281", "frame": 11, "mu": [0.7941743095333869, 1.465746346362587, 1.2059370852134852], "Sigma": [[0.019863874521716087, 0.0024062502270380554, -0.04064219181781835], [0.0024062502270380554, 0.005077040451411245, -0.010178632502093065], [-0.04064219181781835, -0.010178632502093067, 0.09539025837521191]], "chi2_level": 0.95, "chi2_df": 3, "chi2_threshold": 7.814727903251179, "N_raw": 57, "N_roi": 57, "N_inlier": 55, "refit": true}
{"timestamp": "17:07:11.300813", "frame": 12, "mu": [0.7632676913975326, 1.3519682409111953, 0.9562659014851296], "Sigma": [[0.0029382237461737324, -0.007720887811887007, -0.01583976791330284], [-0.007720887811887007, 0.24844137558785792, 0.2981968408626856], [-0.01583976791330284, 0.2981968408626856, 0.44527601794724486]], "chi2_level": 0.95, "chi2_df": 3, "chi2_threshold": 7.814727903251179, "N_raw": 12, "N_roi": 12, "N_inlier": 11, "refit": true}
{"timestamp": "17:07:11.356313", "frame": 13, "mu": [0.9202431579353547, 1.4683893423578065, 1.23160774915823], "Sigma": [[0.0024595089403908667, -0.00041139920125184425, 4.2223785752239186e-06], [-0.00041139920125184425, 0.002163797374534669, -0.0023484948256305522], [4.222378575224027e-06, -0.0023484948256305522, 0.003266398953849462]], "chi2_level": 0.95, "chi2_df": 3, "chi2_threshold": 7.814727903251179, "N_raw": 27, "N_roi": 27, "N_inlier": 24, "refit": true}
{"timestamp": "17:07:11.409233", "frame": 14, "mu": [0.6352582932137195, 1.8236971094332306, -0.42258923624719735], "Sigma": [[0.01146018997210283, 0.0007655556685923618, -0.011345632079427258], [0.0007655556685923618, 0.011907717803973681, -0.008066717917544234], [-0.011345632079427258, -0.008066717917544234, 0.017875392063036816]], "chi2_level": 0.95, "chi2_df": 3, "chi2_threshold": 7.814727903251179, "N_raw": 8, "N_roi": 8, "N_inlier": 8, "refit": true}
{"timestamp": "17:07:11.462406", "frame": 15, "mu": [0.9132975013036553, 1.4750803933749432, 1.1513408518145387], "Sigma": [[0.0009427543033836057, 0.0010984065040177105, -0.003527974734321904], [0.0010984065040177105, 0.0017430661002631597, -0.003988527172872136], [-0.003527974734321904, -0.003988527172872136, 0.01862943712504906]], "chi2_level": 0.95, "chi2_df": 3, "chi2_threshold": 7.814727903251179, "N_raw": 6, "N_roi": 6, "N_inlier": 6, "refit": true}
{"timestamp": "17:07:11.519438", "frame": 16, "mu": [0.6594172105781432, 1.6074453730626774, 1.2621939283092087], "Sigma": [[0.007454400800992133, -0.010184190723237334, 0.008237312589463558], [-0.010184190723237334, 0.01986297263541613, -0.019146955807972425], [0.008237312589463558, -0.019146955807972425, 0.02367054479257652]], "chi2_level": 0.95, "chi2_df": 3, "chi2_threshold": 7.814727903251179, "N_raw": 9, "N_roi": 9, "N_inlier": 9, "refit": true}
{"timestamp": "17:07:11.577305", "frame": 17, "mu": [0.7192698945636415, 1.453868188108334, 1.4593992618815268], "Sigma": [[0.0038589838990855524, -0.00021013440159188724, -0.0012161714253262025], [-0.0002101344015918873, 0.0018893782126026394, -0.00029448845538635886], [-0.0012161714253262025, -0.0002944884553863588, 0.0006560226688672477]], "chi2_level": 0.95, "chi2_df": 3, "chi2_threshold": 7.814727903251179, "N_raw": 32, "N_roi": 32, "N_inlier": 26, "refit": true}
{"timestamp": "17:07:11.638281", "frame": 18, "mu": [0.7787797128910908, 1.4645084303155254, 1.2689274104107346], "Sigma": [[0.01349893859536182, -0.0008264826152004109, -0.02631218862018144], [-0.0008264826152004107, 0.0029741355960808285, -0.0013747932517172911], [-0.02631218862018144, -0.0013747932517172913, 0.08461196874766821]], "chi2_level": 0.95, "chi2_df": 3, "chi2_threshold": 7.814727903251179, "N_raw": 75, "N_roi": 75, "N_inlier": 72, "refit": true}
{"timestamp": "17:07:11.691970", "frame": 19, "mu": [0.7303636898466592, 1.4577256509036889, 1.416658975126029], "Sigma": [[0.007752557954586454, -0.0011395607251534795, -0.004621426289135971], [-0.0011395607251534793, 0.003348644704831938, -0.000645971644225973], [-0.00462142628913597, -0.000645971644225973, 0.00386776874040498]], "chi2_level": 0.95, "chi2_df": 3, "chi2_threshold": 7.814727903251179, "N_raw": 61, "N_roi": 61, "N_inlier": 56, "refit": true}
{"timestamp": "17:07:11.745366", "frame": 20, "mu": [0.6838063803365392, 1.4673207714999257, 1.4465745808569408], "Sigma": [[0.005533670983352638, -0.0012119737361045617, -0.001857618914664298], [-0.001211973736104562, 0.0031500168949007007, -0.001122725107472769], [-0.001857618914664298, -0.0011227251074727687, 0.002370151572691971]], "chi2_level": 0.95, "chi2_df": 3, "chi2_threshold": 7.814727903251179, "N_raw": 51, "N_roi": 51, "N_inlier": 45, "refit": true}
{"timestamp": "17:07:11.796917", "frame": 21, "mu": [0.726302526428082, 1.5354717151531252, 1.0766864045125466], "Sigma": [[0.0046631220441184515, -0.004296219653065675, -0.017776613480270282], [-0.004296219653065675, 0.0061046083786371755, 0.023380356772475866], [-0.017776613480270285, 0.023380356772475866, 0.2236952173055558]], "chi2_level": 0.95, "chi2_df": 3, "chi2_threshold": 7.814727903251179, "N_raw": 27, "N_roi": 27, "N_inlier": 25, "refit": true}
{"timestamp": "17:07:11.849421", "frame": 22, "mu": [0.7626970154950699, 1.493921682082515, 1.0258383220903307], "Sigma": [[0.004403556922661151, 0.0020773194597868455, -0.025868448221880336], [0.0020773194597868455, 0.0023293515522405314, 0.004347316527292514], [-0.025868448221880343, 0.004347316527292516, 0.46224379572047986]], "chi2_level": 0.95, "chi2_df": 3, "chi2_threshold": 7.814727903251179, "N_raw": 9, "N_roi": 9, "N_inlier": 8, "refit": true}
{"timestamp": "17:07:11.909270", "frame": 23, "mu": [0.6409351469792528, 1.567412086333964, 0.9621131376492497], "Sigma": [[0.035388074092135895, -0.013821914359722604, -0.030544730531266336], [-0.013821914359722604, 0.006521670484639394, 0.009450332732683295], [-0.030544730531266336, 0.009450332732683295, 0.04452360011347954]], "chi2_level": 0.95, "chi2_df": 3, "chi2_threshold": 7.814727903251179, "N_raw": 51, "N_roi": 49, "N_inlier": 46, "refit": true}
{"timestamp": "17:07:11.960930", "frame": 24, "mu": [0.5768016326238058, 1.5323802577681338, 1.3859529958112558], "Sigma": [[0.003170698769450659, -0.0026547204360572113, 0.0036754779024888292], [-0.0026547204360572113, 0.0032191536750951293, -0.004316766524811868], [0.0036754779024888292, -0.004316766524811868, 0.010846731390320106]], "chi2_level": 0.95, "chi2_df": 3, "chi2_threshold": 7.814727903251179, "N_raw": 25, "N_roi": 25, "N_inlier": 21, "refit": true}
{"timestamp": "17:07:12.021590", "frame": 25, "mu": [0.7647888329867611, 1.446248086909272, 1.1663070398463462], "Sigma": [[0.008130046459034732, -0.0016021479808140142, -0.007357681103251279], [-0.0016021479808140142, 0.003063786603091253, -0.007221813772025408], [-0.007357681103251279, -0.007221813772025407, 0.038423914044128385]], "chi2_level": 0.95, "chi2_df": 3, "chi2_threshold": 7.814727903251179, "N_raw": 56, "N_roi": 56, "N_inlier": 53, "refit": true}
{"timestamp": "17:07:12.074890", "frame": 26, "mu": [0.821557306898477, 1.3999832413579005, 0.8388115044370432], "Sigma": [[0.014594730904264467, -0.0087568772166646, -0.011898403112909219], [-0.0087568772166646, 0.007411157925114102, 0.006193686427735678], [-0.01189840311290922, 0.006193686427735679, 0.012980927648664186]], "chi2_level": 0.95, "chi2_df": 3, "chi2_threshold": 7.814727903251179, "N_raw": 50, "N_roi": 50, "N_inlier": 48, "refit": true}
{"timestamp": "17:07:12.131154", "frame": 27, "mu": [0.7590306160217496, 1.4358522013645711, 1.1907379608374682], "Sigma": [[0.008656375299158654, -0.0020639853685456874, -0.00529177596296278], [-0.0020639853685456874, 0.001859082013420387, -0.000511120551076566], [-0.005291775962962781, -0.000511120551076566, 0.006455435314232818]], "chi2_level": 0.95, "chi2_df": 3, "chi2_threshold": 7.814727903251179, "N_raw": 51, "N_roi": 51, "N_inlier": 47, "refit": true}
{"timestamp": "17:07:12.187534", "frame": 28, "mu": [0.6768409883782202, 1.3915961759195983, 1.3097934983801236], "Sigma": [[0.011854221524246568, -0.00169545164963672, -0.010171859110407726], [-0.00169545164963672, 0.001661246390613377, -0.00014588106976241497], [-0.010171859110407726, -0.00014588106976241486, 0.01151839590069866]], "chi2_level": 0.95, "chi2_df": 3, "chi2_threshold": 7.814727903251179, "N_raw": 66, "N_roi": 66, "N_inlier": 63, "refit": true}
{"timestamp": "17:07:12.244620", "frame": 29, "mu": [0.657127250934925, 1.3259159526593844, 1.1280147492746224], "Sigma": [[0.028167364965796405, -0.01135653539043286, -0.05205088196435485], [-0.01135653539043286, 0.009899480081182589, 0.016865750786554647], [-0.05205088196435486, 0.016865750786554647, 0.10792280825816686]], "chi2_level": 0.95, "chi2_df": 3, "chi2_threshold": 7.814727903251179, "N_raw": 76, "N_roi": 75, "N_inlier": 73, "refit": true}
{"timestamp": "17:07:12.301771", "frame": 30, "mu": [0.6278390123931047, 1.3135109252661168, 1.3418525922023767], "Sigma": [[0.018702945914351968, -0.0025266282412615125, -0.015072594522566068], [-0.002526628241261513, 0.0036443452861737325, 0.0006132968219906593], [-0.015072594522566068, 0.0006132968219906591, 0.015543907153312546]], "chi2_level": 0.95, "chi2_df": 3, "chi2_threshold": 7.814727903251179, "N_raw": 88, "N_roi": 88, "N_inlier": 84, "refit": true}
{"timestamp": "17:07:12.348845", "frame": 31, "mu": [0.5143426558623501, 1.302739430177512, 1.3961332279377412], "Sigma": [[0.005670928585922283, -0.00015052578169572772, -0.006809603617651071], [-0.0001505257816957277, 0.0019865312924401187, -0.0016741255728427995], [-0.006809603617651072, -0.0016741255728427993, 0.01363919171610585]], "chi2_level": 0.95, "chi2_df": 3, "chi2_threshold": 7.814727903251179, "N_raw": 39, "N_roi": 39, "N_inlier": 34, "refit": true}
{"timestamp": "17:07:12.404102", "frame": 32, "mu": [0.5628235736894946, 1.234388006955674, 1.189087760674277], "Sigma": [[0.01838624420714989, -0.01184542050471538, -0.04463645308937248], [-0.01184542050471538, 0.00934597025256881, 0.028618490592207065], [-0.044636453089372474, 0.028618490592207065, 0.12201344690239334]], "chi2_level": 0.95, "chi2_df": 3, "chi2_threshold": 7.814727903251179, "N_raw": 41, "N_roi": 41, "N_inlier": 38, "refit": true}
{"timestamp": "17:07:12.458078", "frame": 33, "mu": [0.5333550386396072, 1.2745874300952174, 1.1495460563307036], "Sigma": [[0.009451198006934008, -0.0019924956102590503, -0.01579014878492207], [-0.00199249561025905, 0.004462200956641459, 0.0009324738707229435], [-0.01579014878492207, 0.0009324738707229435, 0.14572987074566976]], "chi2_level": 0.95, "chi2_df": 3, "chi2_threshold": 7.814727903251179, "N_raw": 37, "N_roi": 37, "N_inlier": 34, "refit": true}
{"timestamp": "17:07:12.519355", "frame": 34, "mu": [0.5115315270036005, 1.2483309139573706, 1.3129111223134586], "Sigma": [[0.008086919584008827, -0.0010426959627615998, -0.01002181831888456], [-0.0010426959627615998, 0.002848436575110795, -0.0004045738151341362], [-0.01002181831888456, -0.000404573815134136, 0.0175887303325842]], "chi2_level": 0.95, "chi2_df": 3, "chi2_threshold": 7.814727903251179, "N_raw": 75, "N_roi": 75, "N_inlier": 71, "refit": true}
{"timestamp": "17:07:12.572571", "frame": 35, "mu": [0.46606593663396795, 1.206576211614631, 1.3579802940454921], "Sigma": [[0.013420379714453291, -0.0028944090347420774, -0.014116568842278323], [-0.0028944090347420774, 0.0022971111318834257, 0.002283153285879225], [-0.014116568842278323, 0.002283153285879225, 0.015949970790022645]], "chi2_level": 0.95, "chi2_df": 3, "chi2_threshold": 7.814727903251179, "N_raw": 65, "N_roi": 65, "N_inlier": 58, "refit": true}
{"timestamp": "17:07:12.629098", "frame": 36, "mu": [0.4785809470422524, 1.2254414268164648, 1.1806497747273625], "Sigma": [[0.009883222660372335, -0.0024436242628536973, -0.011756774035828452], [-0.002443624262853697, 0.0028014737746197686, 0.004030537475376161], [-0.011756774035828452, 0.004030537475376161, 0.06923914844524587]], "chi2_level": 0.95, "chi2_df": 3, "chi2_threshold": 7.814727903251179, "N_raw": 69, "N_roi": 69, "N_inlier": 64, "refit": true}
{"timestamp": "17:07:12.676937", "frame": 37, "mu": [0.4481637720318659, 1.1410486315804043, 1.0193968474450241], "Sigma": [[0.007596420246360762, -0.0010856450297552058, 0.007489556819315594], [-0.0010856450297552056, 0.002820290418350062, 0.013811796095470433], [0.007489556819315596, 0.013811796095470433, 0.31499723264617807]], "chi2_level": 0.95, "chi2_df": 3, "chi2_threshold": 7.814727903251179, "N_raw": 19, "N_roi": 19, "N_inlier": 17, "refit": true}
{"timestamp": "17:07:12.730498", "frame": 38, "mu": [0.41050035789266254, 1.1971621128712675, 1.244636408429978], "Sigma": [[0.003236569385806111, -0.0011714218082170234, -0.0030870515298368983], [-0.0011714218082170234, 0.002230951775352092, 0.00030578446375292324], [-0.003087051529836898, 0.0003057844637529231, 0.004214799819990488]], "chi2_level": 0.95, "chi2_df": 3, "chi2_threshold": 7.814727903251179, "N_raw": 24, "N_roi": 24, "N_inlier": 23, "refit": true}
{"timestamp": "17:07:12.787659", "frame": 39, "mu": [0.4077455902776904, 1.1384544774482386, 1.2153535571277285], "Sigma": [[0.006450114315475173, -0.006911653630049688, 0.00026517514388428283], [-0.006911653630049688, 0.011155006377349582, -0.0038307763301245247], [0.0002651751438842826, -0.0038307763301245247, 0.006068773926733524]], "chi2_level": 0.95, "chi2_df": 3, "chi2_threshold": 7.814727903251179, "N_raw": 38, "N_roi": 36, "N_inlier": 30, "refit": true}
{"timestamp": "17:07:12.847252", "frame": 40, "mu": [0.32013104558056216, 1.3781831994422649, -0.4842763210201843], "Sigma": [[0.003068989500995432, -0.0013933136663002743, -0.0005207248689572408], [-0.0013933136663002743, 0.004326757002552907, -0.004533268540523308], [-0.000520724868957241, -0.004533268540523308, 0.009022963984344613]], "chi2_level": 0.95, "chi2_df": 3, "chi2_threshold": 7.814727903251179, "N_raw": 53, "N_roi": 51, "N_inlier": 46, "refit": true}
{"timestamp": "17:07:12.896428", "frame": 41, "mu": [0.03356678389621443, 1.4108244392673222, 1.0893359094470483], "Sigma": [[0.011198892809807917, -0.011431695739805677, 0.005579690919633831], [-0.011431695739805677, 0.018509370750081248, 0.013560956762334729], [0.005579690919633829, 0.013560956762334726, 0.1060504499498369]], "chi2_level": 0.95, "chi2_df": 3, "chi2_threshold": 7.814727903251179, "N_raw": 24, "N_roi": 24, "N_inlier": 19, "refit": true}
{"timestamp": "17:07:12.958662", "frame": 42, "mu": [0.034664052662873646, 1.3239579022262313, 1.307286288737641], "Sigma": [[0.002991961146763064, -0.001801175414922457, 0.0009596325711920136], [-0.0018011754149224574, 0.009633441075550182, -0.019040938548501044], [0.0009596325711920136, -0.019040938548501044, 0.048744956524154254]], "chi2_level": 0.95, "chi2_df": 3, "chi2_threshold": 7.814727903251179, "N_raw": 70, "N_roi": 67, "N_inlier": 62, "refit": true}
{"timestamp": "17:07:13.022383", "frame": 43, "mu": [0.0684593903678591, 1.2928187488310092, 1.2591639732939963], "Sigma": [[0.011667992837990696, -0.00973904539381185, 0.00533717756772379], [-0.00973904539381185, 0.01466626477971117, -0.017328260070788987], [0.00533717756772379, -0.017328260070788987, 0.04067591767731791]], "chi2_level": 0.95, "chi2_df": 3, "chi2_threshold": 7.814727903251179, "N_raw": 124, "N_roi": 122, "N_inlier": 118, "refit": true}
{"timestamp": "17:07:13.071990", "frame": 44, "mu": [-0.41208236127123893, 2.7387566627353035, -0.9668430240782829], "Sigma": [[0.2561604279311612, -0.6421480453145156, 0.9745688517578466], [-0.6421480453145156, 1.8658161359919994, -2.860832828773626], [0.9745688517578466, -2.860832828773626, 4.47116044465971]], "chi2_level": 0.95, "chi2_df": 3, "chi2_threshold": 7.814727903251179, "N_raw": 89, "N_roi": 84, "N_inlier": 79, "refit": true}
{"timestamp": "17:07:13.130991", "frame": 45, "mu": [0.022020626460058302, 1.3932122157891134, -0.48617166733489847], "Sigma": [[0.013390052089961519, -0.009868762948211016, -0.007102347720743559], [-0.009868762948211016, 0.01622131237473339, -0.011212713089965607], [-0.007102347720743559, -0.011212713089965609, 0.05184818727633163]], "chi2_level": 0.95, "chi2_df": 3, "chi2_threshold": 7.814727903251179, "N_raw": 109, "N_roi": 104, "N_inlier": 101, "refit": true}
{"timestamp": "17:07:13.179599", "frame": 46, "mu": [0.042921954627507544, 1.1646797076013933, 1.248426941517319], "Sigma": [[0.0038133844572840435, -0.003571618052905108, -0.0002685308352776773], [-0.0035716180529051073, 0.00594017872258182, -0.0003968417126247786], [-0.0002685308352776771, -0.00039684171262477884, 0.011579246544621702]], "chi2_level": 0.95, "chi2_df": 3, "chi2_threshold": 7.814727903251179, "N_raw": 70, "N_roi": 66, "N_inlier": 63, "refit": true}
{"timestamp": "17:07:13.237538", "frame": 47, "mu": [-0.014502682880820447, 1.1550744836377822, 1.2284522227580577], "Sigma": [[0.010129530901198839, -0.008402308256144912, 0.007725124738980295], [-0.008402308256144912, 0.012812545271370398, -0.010126697873902354], [0.007725124738980295, -0.010126697873902355, 0.02128262709679304]], "chi2_level": 0.95, "chi2_df": 3, "chi2_threshold": 7.814727903251179, "N_raw": 100, "N_roi": 97, "N_inlier": 96, "refit": true}
{"timestamp": "17:07:13.287653", "frame": 48, "mu": [-0.060790399020897584, 1.1019756484113907, 1.3227037317382104], "Sigma": [[0.002846116883994724, -0.000929794143062334, -0.0012765338617396255], [-0.000929794143062334, 0.006866383910901514, -0.0002677991133973499], [-0.0012765338617396257, -0.0002677991133973499, 0.0008763478329698005]], "chi2_level": 0.95, "chi2_df": 3, "chi2_threshold": 7.814727903251179, "N_raw": 62, "N_roi": 59, "N_inlier": 56, "refit": true}
{"timestamp": "17:07:13.343420", "frame": 49, "mu": [-0.11299416372162166, 1.1388443043496064, 1.3434436684929572], "Sigma": [[0.0024926691436193216, -0.0011432730328665716, -0.001732147220835401], [-0.0011432730328665716, 0.011940610933319143, 0.0016657707836772542], [-0.001732147220835401, 0.001665770783677254, 0.0017344855413998388]], "chi2_level": 0.95, "chi2_df": 3, "chi2_threshold": 7.814727903251179, "N_raw": 69, "N_roi": 69, "N_inlier": 64, "refit": true}
{"timestamp": "17:07:13.402622", "frame": 50, "mu": [-0.23246892169500802, 1.1738186974026226, 1.3134329243750744], "Sigma": [[0.00616969912226938, -0.0044851820321240715, 0.00499383741030463], [-0.0044851820321240715, 0.010208507677127795, -0.007870453040004943], [0.00499383741030463, -0.007870453040004945, 0.017124530204731217]], "chi2_level": 0.95, "chi2_df": 3, "chi2_threshold": 7.814727903251179, "N_raw": 99, "N_roi": 99, "N_inlier": 97, "refit": true}
{"timestamp": "17:07:13.454683", "frame": 51, "mu": [-0.20294338557213776, 1.1219166317573022, 1.322428290194176], "Sigma": [[0.0037328294987655653, -0.002588518147923018, -0.0019022484513225699], [-0.002588518147923018, 0.01058309107332657, 0.0009444643305577089], [-0.0019022484513225699, 0.0009444643305577088, 0.00156760224087313]], "chi2_level": 0.95, "chi2_df": 3, "chi2_threshold": 7.814727903251179, "N_raw": 79, "N_roi": 79, "N_inlier": 75, "refit": true}
{"timestamp": "17:07:13.509828", "frame": 52, "mu": [-0.24513816916135042, 1.04850150377472, 1.239286657582643], "Sigma": [[0.0036058955074244198, -0.00081018979495023, -0.0008086075032456713], [-0.0008101897949502298, 0.013090191293329216, 0.0009805778575805815], [-0.0008086075032456715, 0.0009805778575805815, 0.0007742723857471127]], "chi2_level": 0.95, "chi2_df": 3, "chi2_threshold": 7.814727903251179, "N_raw": 79, "N_roi": 79, "N_inlier": 77, "refit": true}
{"timestamp": "17:07:13.564220", "frame": 53, "mu": [-0.3834031344236176, 1.1508725135702205, 1.4675934347257753], "Sigma": [[0.004585279319889235, -0.0019510725743661704, -0.002960731590100523], [-0.0019510725743661704, 0.004718257579255919, -0.0008899959376914479], [-0.0029607315901005226, -0.0008899959376914479, 0.007502860600633197]], "chi2_level": 0.95, "chi2_df": 3, "chi2_threshold": 7.814727903251179, "N_raw": 74, "N_roi": 73, "N_inlier": 71, "refit": true}
{"timestamp": "17:07:13.620237", "frame": 54, "mu": [-0.3882606516264375, 1.1462929562536843, 1.412575946151941], "Sigma": [[0.004373115559072101, -0.005124499363272538, -0.005283901024409001], [-0.005124499363272538, 0.018918382075140145, 0.007320584833813055], [-0.005283901024409001, 0.0073205848338130566, 0.015766384409905944]], "chi2_level": 0.95, "chi2_df": 3, "chi2_threshold": 7.814727903251179, "N_raw": 90, "N_roi": 90, "N_inlier": 82, "refit": true}
{"timestamp": "17:07:13.675663", "frame": 55, "mu": [-0.44784471251404845, 1.1157875214066022, 1.4490104604630858], "Sigma": [[0.005705559842222042, -0.004666848266851546, -0.005645187747835722], [-0.004666848266851546, 0.015140878615219016, 0.006881851552676992], [-0.005645187747835722, 0.006881851552676992, 0.009128176210238426]], "chi2_level": 0.95, "chi2_df": 3, "chi2_threshold": 7.814727903251179, "N_raw": 88, "N_roi": 88, "N_inlier": 85, "refit": true}
{"timestamp": "17:07:13.731571", "frame": 56, "mu": [-0.48353157519279033, 1.126153275489871, 1.4334617420395526], "Sigma": [[0.004775000061282412, -0.004384670656395577, -0.00479578619809805], [-0.004384670656395577, 0.014338708812576652, 0.003769887327906927], [-0.00479578619809805, 0.003769887327906927, 0.006915989570221053]], "chi2_level": 0.95, "chi2_df": 3, "chi2_threshold": 7.814727903251179, "N_raw": 90, "N_roi": 90, "N_inlier": 89, "refit": true}
{"timestamp": "17:07:13.783650", "frame": 57, "mu": [-0.5328343141055791, 1.093842948653408, 1.3692385674956586], "Sigma": [[0.004799608632359288, -0.003907445238591472, -0.004030032931526191], [-0.003907445238591472, 0.01038194332081679, 0.003971342778507435], [-0.004030032931526191, 0.003971342778507435, 0.006450782512286149]], "chi2_level": 0.95, "chi2_df": 3, "chi2_threshold": 7.814727903251179, "N_raw": 69, "N_roi": 69, "N_inlier": 65, "refit": true}
{"timestamp": "17:07:13.837617", "frame": 58, "mu": [-0.6059916942138641, 1.1301603073048514, 1.455282488385611], "Sigma": [[0.006145655271204733, -0.00461026273824172, -0.004517832400936002], [-0.00461026273824172, 0.011971284804177406, 0.004647692299566232], [-0.004517832400936001, 0.004647692299566231, 0.004677282183496704]], "chi2_level": 0.95, "chi2_df": 3, "chi2_threshold": 7.814727903251179, "N_raw": 73, "N_roi": 73, "N_inlier": 72, "refit": true}
{"timestamp": "17:07:13.894424", "frame": 59, "mu": [-0.6229643145086435, 1.2042101421068083, -0.3586593067300786], "Sigma": [[0.009412741442793788, -0.0030719648920094415, -0.009352322517694824], [-0.0030719648920094415, 0.008474304333046476, -0.014748828757426554], [-0.009352322517694824, -0.014748828757426554, 0.13795707045845293]], "chi2_level": 0.95, "chi2_df": 3, "chi2_threshold": 7.814727903251179, "N_raw": 80, "N_roi": 80, "N_inlier": 73, "refit": true}
{"timestamp": "17:07:13.954260", "frame": 60, "mu": [-0.6535918604072862, 1.2676834719246823, -0.5216508289380263], "Sigma": [[0.01494979418908614, 0.00888964192817202, -0.016064607029895962], [0.00888964192817202, 0.023476785665412215, -0.008159988455209172], [-0.016064607029895962, -0.008159988455209172, 0.049449872376056886]], "chi2_level": 0.95, "chi2_df": 3, "chi2_threshold": 7.814727903251179, "N_raw": 114, "N_roi": 114, "N_inlier": 112, "refit": true}
{"timestamp": "17:07:14.010309", "frame": 61, "mu": [-0.6978415686775453, 1.1354260789358361, 1.2293290453945342], "Sigma": [[0.009221569523628929, 0.0019785967535219814, -0.017307486184145945], [0.001978596753521981, 0.012851604528920181, 0.005313711121338721], [-0.017307486184145945, 0.005313711121338721, 0.06282691748104366]], "chi2_level": 0.95, "chi2_df": 3, "chi2_threshold": 7.814727903251179, "N_raw": 115, "N_roi": 115, "N_inlier": 103, "refit": true}
{"timestamp": "17:07:14.061998", "frame": 62, "mu": [-0.8177966848885533, 1.090637289445361, 1.2209237147782905], "Sigma": [[0.03955145121563281, 0.029241683817769027, -0.03148645612840681], [0.02924168381776903, 0.04353392899920376, -0.0010221624083796175], [-0.03148645612840681, -0.0010221624083796184, 0.08981857982876063]], "chi2_level": 0.95, "chi2_df": 3, "chi2_threshold": 7.814727903251179, "N_raw": 96, "N_roi": 96, "N_inlier": 93, "refit": true}
{"timestamp": "17:07:14.112010", "frame": 63, "mu": [-0.7890241592820596, 1.1193738161557054, 1.2376614497633116], "Sigma": [[0.0054858563181599184, 0.0019009229175526924, -0.010808129283629429], [0.0019009229175526929, 0.005883656662494919, -0.0011695957425002105], [-0.010808129283629429, -0.0011695957425002105, 0.056649706831043145]], "chi2_level": 0.95, "chi2_df": 3, "chi2_threshold": 7.814727903251179, "N_raw": 61, "N_roi": 61, "N_inlier": 52, "refit": true}
{"timestamp": "17:07:14.174377", "frame": 64, "mu": [-1.020326326631711, 1.125818902129523, 1.527609561557862], "Sigma": [[0.04697764613086909, 0.03698851527425303, -0.013451328113608026], [0.03698851527425302, 0.03936422498186739, -0.009540949940833578], [-0.013451328113608026, -0.009540949940833578, 0.0065715336988868564]], "chi2_level": 0.95, "chi2_df": 3, "chi2_threshold": 7.814727903251179, "N_raw": 113, "N_roi": 113, "N_inlier": 108, "refit": true}
{"timestamp": "17:07:14.228244", "frame": 65, "mu": [-1.0055225260573253, 1.1975562867296008, 1.5366996360103988], "Sigma": [[0.033191642587213785, 0.015737312764078082, -0.02293904747294925], [0.015737312764078082, 0.02648103312881388, -0.0016543642929544723], [-0.022939047472949246, -0.0016543642929544716, 0.021718391366773362]], "chi2_level": 0.95, "chi2_df": 3, "chi2_threshold": 7.814727903251179, "N_raw": 105, "N_roi": 105, "N_inlier": 103, "refit": true}
{"timestamp": "17:07:14.280480", "frame": 66, "mu": [-1.0923448144412453, 1.1477557322364749, 1.5568477403908751], "Sigma": [[0.04709147771747939, 0.022577962881080868, -0.03396749428970974], [0.022577962881080865, 0.017070988495359332, -0.01701157865895036], [-0.03396749428970974, -0.01701157865895036, 0.02792653382457244]], "chi2_level": 0.95, "chi2_df": 3, "chi2_threshold": 7.814727903251179, "N_raw": 79, "N_roi": 79, "N_inlier": 69, "refit": true}
{"timestamp": "17:07:14.332659", "frame": 67, "mu": [-1.04686327049485, 1.2729710304459398, 1.6085566876499358], "Sigma": [[0.039736862404076714, 0.014204756543839403, -0.03094502050174506], [0.014204756543839403, 0.01666723919389852, -0.007910515452008505], [-0.03094502050174506, -0.007910515452008505, 0.03014696447655014]], "chi2_level": 0.95, "chi2_df": 3, "chi2_threshold": 7.814727903251179, "N_raw": 69, "N_roi": 69, "N_inlier": 65, "refit": true}
{"timestamp": "17:07:14.397706", "frame": 68, "mu": [-1.1128004316689584, 1.2570619011693243, 1.5441263303525758], "Sigma": [[0.04624497970964293, 0.021177593201425673, -0.03981060760736445], [0.021177593201425673, 0.021100995527486004, -0.016153002685971914], [-0.03981060760736445, -0.016153002685971914, 0.03764905077922261]], "chi2_level": 0.95, "chi2_df": 3, "chi2_threshold": 7.814727903251179, "N_raw": 93, "N_roi": 93, "N_inlier": 89, "refit": true}
{"timestamp": "17:07:14.447555", "frame": 69, "mu": [-1.149395535249563, 1.3111636879584798, 1.6075796316076172], "Sigma": [[0.07042418856071252, 0.054017659909042566, -0.0687274266634828], [0.054017659909042566, 0.04710133747824455, -0.05780374843404243], [-0.0687274266634828, -0.05780374843404243, 0.08285093123708928]], "chi2_level": 0.95, "chi2_df": 3, "chi2_threshold": 7.814727903251179, "N_raw": 98, "N_roi": 98, "N_inlier": 92, "refit": true}
{"timestamp": "17:07:14.495408", "frame": 70, "mu": [-1.2217379865688596, 1.2368730304093896, 1.5632976832752243], "Sigma": [[0.060112620483977905, 0.044431115426842575, -0.04279889046828003], [0.04443111542684258, 0.040005112716703276, -0.030222122828842537], [-0.04279889046828003, -0.030222122828842537, 0.036320881551561865]], "chi2_level": 0.95, "chi2_df": 3, "chi2_threshold": 7.814727903251179, "N_raw": 44, "N_roi": 44, "N_inlier": 42, "refit": true}
{"timestamp": "17:07:14.560730", "frame": 71, "mu": [-1.251268946686159, 1.2695778092958618, 1.5178688384890258], "Sigma": [[0.06051342790325264, 0.04493977726467326, -0.026799353939228082], [0.04493977726467326, 0.049942279867675535, -0.010087364088417951], [-0.026799353939228086, -0.010087364088417951, 0.0233126788505177]], "chi2_level": 0.95, "chi2_df": 3, "chi2_threshold": 7.814727903251179, "N_raw": 120, "N_roi": 120, "N_inlier": 117, "refit": true}
{"timestamp": "17:07:14.608105", "frame": 72, "mu": [-1.3868351730871877, 1.1630699057246556, 1.5434794276183748], "Sigma": [[0.05986675308229143, 0.039321658645479096, -0.02670996302584634], [0.039321658645479096, 0.03770308878524932, -0.015952981657132596], [-0.02670996302584634, -0.015952981657132596, 0.01588061594291252]], "chi2_level": 0.95, "chi2_df": 3, "chi2_threshold": 7.814727903251179, "N_raw": 68, "N_roi": 68, "N_inlier": 65, "refit": true}
{"timestamp": "17:07:14.665680", "frame": 73, "mu": [-1.259259351050323, 1.3334352940383463, 1.2512973104353222], "Sigma": [[0.07085314263169287, 0.0355981195551901, -0.11739309511828658], [0.0355981195551901, 0.026222039872516652, -0.045252044377169426], [-0.11739309511828658, -0.04525204437716943, 0.27414389614387846]], "chi2_level": 0.95, "chi2_df": 3, "chi2_threshold": 7.814727903251179, "N_raw": 87, "N_roi": 87, "N_inlier": 84, "refit": true}
{"timestamp": "17:07:14.724169", "frame": 74, "mu": [-1.4933529361506006, 1.2455651789444455, 1.6317714591615005], "Sigma": [[0.032475208771006264, 0.018240586791655466, -0.026306325203637355], [0.018240586791655466, 0.022335321430409075, -0.010296428745705728], [-0.026306325203637355, -0.010296428745705726, 0.025530704975434762]], "chi2_level": 0.95, "chi2_df": 3, "chi2_threshold": 7.814727903251179, "N_raw": 108, "N_roi": 108, "N_inlier": 102, "refit": true}
{"timestamp": "17:07:14.773649", "frame": 75, "mu": [-1.3135934785849475, 1.4218849460995389, 1.067769980806687], "Sigma": [[0.09745634872240175, 0.05541004743500321, -0.24417765497284427], [0.055410047435003204, 0.03584970618255785, -0.14567308325622685], [-0.24417765497284427, -0.14567308325622683, 0.6653140188952454]], "chi2_level": 0.95, "chi2_df": 3, "chi2_threshold": 7.814727903251179, "N_raw": 72, "N_roi": 72, "N_inlier": 66, "refit": true}
{"timestamp": "17:07:14.829974", "frame": 76, "mu": [-1.3803361422052591, 1.4116562815679112, 1.192440974758657], "Sigma": [[0.07551452154105985, 0.04578690577496529, -0.1683601751945903], [0.04578690577496529, 0.035379998936683615, -0.10015849956039863], [-0.1683601751945903, -0.10015849956039863, 0.4877100274792208]], "chi2_level": 0.95, "chi2_df": 3, "chi2_threshold": 7.814727903251179, "N_raw": 63, "N_roi": 63, "N_inlier": 60, "refit": true}
{"timestamp": "17:07:14.879048", "frame": 77, "mu": [-1.3872511133080578, 1.4651921857984451, 1.519723953080589], "Sigma": [[0.03879346814854802, 0.02122392382399737, -0.029230009517789163], [0.02122392382399737, 0.0156140452018935, -0.01884959787216805], [-0.029230009517789163, -0.01884959787216805, 0.028353981401954022]], "chi2_level": 0.95, "chi2_df": 3, "chi2_threshold": 7.814727903251179, "N_raw": 41, "N_roi": 41, "N_inlier": 37, "refit": true}
{"timestamp": "17:07:14.940686", "frame": 78, "mu": [-1.3584081820188214, 1.5244131337640074, 1.4449008471302465], "Sigma": [[0.047207240364695216, 0.03304161154356744, -0.029682337579035527], [0.03304161154356744, 0.031777648948872514, -0.023146103901206787], [-0.02968233757903553, -0.023146103901206787, 0.027312615038950102]], "chi2_level": 0.95, "chi2_df": 3, "chi2_threshold": 7.814727903251179, "N_raw": 86, "N_roi": 86, "N_inlier": 80, "refit": true}
{"timestamp": "17:07:14.990325", "frame": 79, "mu": [-1.4050326885562852, 1.5158277496113102, 1.4947884784106162], "Sigma": [[0.09025776405016708, 0.04659208942378829, -0.056150002333249835], [0.04659208942378829, 0.02667021518702055, -0.030379065822214477], [-0.056150002333249835, -0.030379065822214477, 0.03646144671754803]], "chi2_level": 0.95, "chi2_df": 3, "chi2_threshold": 7.814727903251179, "N_raw": 45, "N_roi": 45, "N_inlier": 40, "refit": true}
{"timestamp": "17:07:15.044664", "frame": 80, "mu": [-1.4234176040177071, 1.6334983326933425, 1.516722048695649], "Sigma": [[0.0313787175861722, 0.025352056237201298, -0.034488592254494646], [0.025352056237201298, 0.028772677871389, -0.029955130079933084], [-0.034488592254494646, -0.029955130079933084, 0.042001004014690944]], "chi2_level": 0.95, "chi2_df": 3, "chi2_threshold": 7.814727903251179, "N_raw": 49, "N_roi": 49, "N_inlier": 48, "refit": true}
{"timestamp": "17:07:15.094398", "frame": 81, "mu": [-1.5010594489082318, 1.6411164633416742, 1.305366608465678], "Sigma": [[0.03390074787514713, 0.011184807427920282, -0.004446002746448088], [0.011184807427920282, 0.008763806938017236, -0.005750223344445358], [-0.004446002746448088, -0.005750223344445358, 0.008149006174484169]], "chi2_level": 0.95, "chi2_df": 3, "chi2_threshold": 7.814727903251179, "N_raw": 11, "N_roi": 11, "N_inlier": 10, "refit": true}
{"timestamp": "17:07:15.157460", "frame": 82, "mu": [-1.4994848521955373, 1.6569243045878383, 1.5522517312826156], "Sigma": [[0.056779312746216504, 0.03684036588874648, -0.035295951181188584], [0.03684036588874648, 0.03838949583889442, -0.018291144581043722], [-0.035295951181188584, -0.018291144581043722, 0.025136322249894334]], "chi2_level": 0.95, "chi2_df": 3, "chi2_threshold": 7.814727903251179, "N_raw": 75, "N_roi": 75, "N_inlier": 73, "refit": true}
{"timestamp": "17:07:15.209899", "frame": 83, "mu": [-1.3114863220871773, 1.789820297966846, 1.432882561219133], "Sigma": [[0.005896683453964091, -5.752771209168505e-05, -0.003132741810149938], [-5.752771209168505e-05, 0.00485151495968731, -0.00012081716232024583], [-0.003132741810149938, -0.0001208171623202458, 0.0021873306127226516]], "chi2_level": 0.95, "chi2_df": 3, "chi2_threshold": 7.814727903251179, "N_raw": 47, "N_roi": 47, "N_inlier": 36, "refit": true}
{"timestamp": "17:07:15.264532", "frame": 84, "mu": [-1.452656565819781, 1.8962317119622405, 1.4610114843944042], "Sigma": [[0.014510168149881488, -0.004580111353586569, -0.005867137154661884], [-0.004580111353586569, 0.007139674518690035, -0.0004024430435697348], [-0.005867137154661884, -0.0004024430435697349, 0.004605742753174256]], "chi2_level": 0.95, "chi2_df": 3, "chi2_threshold": 7.814727903251179, "N_raw": 44, "N_roi": 44, "N_inlier": 41, "refit": true}
{"timestamp": "17:07:15.314537", "frame": 85, "mu": [-1.3417311230814164, 2.0185376704912628, 0.9317384754722913], "Sigma": [[0.008283241712914505, -0.004314611556572407, 0.04362403362581572], [-0.004314611556572407, 0.005375727144443675, -0.014734914751667874], [0.04362403362581572, -0.014734914751667874, 0.38176719547518617]], "chi2_level": 0.95, "chi2_df": 3, "chi2_threshold": 7.814727903251179, "N_raw": 9, "N_roi": 9, "N_inlier": 8, "refit": true}
{"timestamp": "17:07:15.376542", "frame": 86, "mu": [-1.3727788096983675, 2.050247186406614, 0.005002331972903365], "Sigma": [[0.015948424533556105, 0.0010683005384100781, -0.012061351776997287], [0.0010683005384100783, 0.005734816721467354, 0.0006523882786645143], [-0.012061351776997287, 0.000652388278664514, 0.01042039618009714]], "chi2_level": 0.95, "chi2_df": 3, "chi2_threshold": 7.814727903251179, "N_raw": 63, "N_roi": 63, "N_inlier": 60, "refit": true}
