{"timestamp": "16:20:24.226846", "frame": 47, "mu": [1.0092118217373336, 0.5849436776865862, 1.399629087463866], "Sigma": [[1.9254288877961854, 0.1431141718849381, 0.25548733564522347], [0.1431141718849381, 0.021989116328350242, 0.040775117282170134], [0.25548733564522347, 0.04077511728217013, 0.08305557088548882]], "chi2_level": 0.95, "chi2_df": 3, "chi2_threshold": 7.814727903251179, "N_raw": 5, "N_roi": 5, "N_inlier": 5, "refit": true}
{"timestamp": "16:20:24.335921", "frame": 49, "mu": [1.6200250158330345, 0.7025012653143823, 1.4215739883646852], "Sigma": [[0.003680134861651023, 0.00020143983867590908, -0.0017899946737819548], [0.0002014398386759092, 0.001527501618938801, 0.00045687451127579006], [-0.0017899946737819548, 0.00045687451127579006, 0.0015279865047077867]], "chi2_level": 0.95, "chi2_df": 3, "chi2_threshold": 7.814727903251179, "N_raw": 5, "N_roi": 5, "N_inlier": 5, "refit": true}
{"timestamp": "16:20:24.446980", "frame": 51, "mu": [1.5152777408025844, 0.9896696671071856, -0.5194228687226881], "Sigma": [[0.001194183232394119, 9.868407232713046e-05, -0.0012511860472936213], [9.868407232713046e-05, 0.0010300479533236484, -0.006133664047103459], [-0.0012511860472936213, -0.006133664047103458, 0.053398962005334796]], "chi2_level": 0.95, "chi2_df": 3, "chi2_threshold": 7.814727903251179, "N_raw": 5, "N_roi": 5, "N_inlier": 5, "refit": true}
{"timestamp": "16:20:24.502877", "frame": 52, "mu": [1.502301645712841, 0.9742349953334144, 1.4606718403177748], "Sigma": [[0.001842827706823874, -0.0005627569390652085, 0.0005957655979144776], [-0.0005627569390652085, 0.002926808713410103, 0.005864381086031458], [0.0005957655979144777, 0.005864381086031457, 0.04779060204067778]], "chi2_level": 0.95, "chi2_df": 3, "chi2_threshold": 7.814727903251179, "N_raw": 16, "N_roi": 16, "N_inlier": 16, "refit": true}
{"timestamp": "16:20:24.612932", "frame": 54, "mu": [1.4676128175584777, 1.0497106357617347, 1.5310746236863448], "Sigma": [[0.002039348914358172, 7.834581206488673e-05, 0.0003255926903366423], [7.834581206488673e-05, 0.0028834971073172224, -0.0005926302280063054], [0.0003255926903366423, -0.0005926302280063054, 0.0004346020967244559]], "chi2_level": 0.95, "chi2_df": 3, "chi2_threshold": 7.814727903251179, "N_raw": 15, "N_roi": 15, "N_inlier": 12, "refit": true}
{"timestamp": "16:20:24.776574", "frame": 57, "mu": [1.3179325288629986, 1.1210811384284838, 1.492175718303233], "Sigma": [[0.006574700798090561, 0.008352231315094823, 0.011294516468852841], [0.008352231315094823, 0.031695514555265196, 0.040787914494604574], [0.01129451646885284, 0.040787914494604574, 0.05292604102973843]], "chi2_level": 0.95, "chi2_df": 3, "chi2_threshold": 7.814727903251179, "N_raw": 5, "N_roi": 5, "N_inlier": 5, "refit": true}
{"timestamp": "16:20:24.831493", "frame": 58, "mu": [1.0859549543545528, 1.1233011907571417, 1.6616256526156898], "Sigma": [[0.1651436915235049, 0.14008724868199593, -0.06509629570827534], [0.14008724868199593, 0.12310982851977055, -0.04879950112976542], [-0.06509629570827533, -0.04879950112976542, 0.035936467734304464]], "chi2_level": 0.95, "chi2_df": 3, "chi2_threshold": 7.814727903251179, "N_raw": 5, "N_roi": 5, "N_inlier": 5, "refit": true}
{"timestamp": "16:20:24.886757", "frame": 59, "mu": [1.0016799338364792, 1.148772742862227, 1.6070676057460964], "Sigma": [[0.1890540809941932, 0.15932701371495356, -0.06626146696166207], [0.15932701371495356, 0.14191431342087346, -0.046802059901099105], [-0.06626146696166207, -0.04680205990109909, 0.036921601792139075]], "chi2_level": 0.95, "chi2_df": 3, "chi2_threshold": 7.814727903251179, "N_raw": 5, "N_roi": 5, "N_inlier": 5, "refit": true}
{"timestamp": "16:20:24.944355", "frame": 60, "mu": [1.1754711499215202, 1.2921697297152013, 1.5362138261676077], "Sigma": [[0.0026190156991690388, 0.00010228764407923434, 0.0013418447792060322], [0.00010228764407923445, 0.005606555580587793, 0.0026590185797836226], [0.0013418447792060322, 0.0026590185797836226, 0.0020391557467840144]], "chi2_level": 0.95, "chi2_df": 3, "chi2_threshold": 7.814727903251179, "N_raw": 23, "N_roi": 23, "N_inlier": 21, "refit": true}
{"timestamp": "16:20:24.998909", "frame": 61, "mu": [1.0471569471272613, 1.272202239309108, 0.820540772679448], "Sigma": [[0.0025165925725345534, -0.0007549717036416811, 0.024329875486433932], [-0.0007549717036416811, 0.002827889260540798, -0.028549754008200662], [0.024329875486433932, -0.02854975400820066, 0.4428525984806636]], "chi2_level": 0.95, "chi2_df": 3, "chi2_threshold": 7.814727903251179, "N_raw": 5, "N_roi": 5, "N_inlier": 5, "refit": true}
{"timestamp": "16:20:25.052451", "frame": 62, "mu": [1.063852611283573, 1.3519615139815455, 1.3907642662792188], "Sigma": [[0.0004208119196490659, 0.0017962075687225762, -0.00037342141502055484], [0.0017962075687225762, 0.00899952949850248, -0.0011063661321578586], [-0.0003734214150205548, -0.0011063661321578586, 0.001986434510797129]], "chi2_level": 0.95, "chi2_df": 3, "chi2_threshold": 7.814727903251179, "N_raw": 5, "N_roi": 5, "N_inlier": 5, "refit": true}
{"timestamp": "16:20:25.109145", "frame": 63, "mu": [1.0314800115219454, 1.233899129176235, 1.1027197440281078], "Sigma": [[0.0007203325178859805, -0.00011389403129206341, -0.004538159488037372], [-0.00011389403129206347, 0.0020011173038057832, 0.0039027444217595787], [-0.004538159488037372, 0.0039027444217595787, 0.03666181598035139]], "chi2_level": 0.95, "chi2_df": 3, "chi2_threshold": 7.814727903251179, "N_raw": 6, "N_roi": 6, "N_inlier": 6, "refit": true}
{"timestamp": "16:20:25.167034", "frame": 64, "mu": [0.968443625688494, 1.3481304089688675, 1.3644917190409032], "Sigma": [[0.002188093478570859, -0.0008617157222408423, -0.002122343753636657], [-0.0008617157222408423, 0.010740425019999092, 0.008738881650707669], [-0.0021223437536366566, 0.008738881650707669, 0.013104993456016832]], "chi2_level": 0.95, "chi2_df": 3, "chi2_threshold": 7.814727903251179, "N_raw": 29, "N_roi": 29, "N_inlier": 27, "refit": true}
{"timestamp": "16:20:25.222358", "frame": 65, "mu": [0.9535689210446954, 1.4614082232686325, -0.34769187175260574], "Sigma": [[0.0024213105636170526, -0.00021350766610546003, -0.0008034699566296349], [-0.00021350766610546008, 0.005315945063948782, 0.005449168339621525], [-0.0008034699566296351, 0.005449168339621525, 0.00730024931169678]], "chi2_level": 0.95, "chi2_df": 3, "chi2_threshold": 7.814727903251179, "N_raw": 25, "N_roi": 25, "N_inlier": 24, "refit": true}
{"timestamp": "16:20:25.278300", "frame": 66, "mu": [0.9267686246717497, 1.2773905261890623, 1.221955001811644], "Sigma": [[0.004994084661556389, -0.001739293548261771, -0.0016703172763752527], [-0.001739293548261771, 0.00396115589808882, 0.00021366593955442909], [-0.001670317276375253, 0.00021366593955442906, 0.000773402131504776]], "chi2_level": 0.95, "chi2_df": 3, "chi2_threshold": 7.814727903251179, "N_raw": 39, "N_roi": 39, "N_inlier": 36, "refit": true}
{"timestamp": "16:20:25.328379", "frame": 67, "mu": [0.7801588118884721, 1.1829137948881328, 1.3260025025598194], "Sigma": [[0.08423412040625629, 0.11180949151511207, -0.09453378191100535], [0.11180949151511207, 0.14881462603086593, -0.12320534147569491], [-0.09453378191100535, -0.12320534147569491, 0.11949434707123248]], "chi2_level": 0.95, "chi2_df": 3, "chi2_threshold": 7.814727903251179, "N_raw": 5, "N_roi": 5, "N_inlier": 5, "refit": true}
{"timestamp": "16:20:25.396609", "frame": 68, "mu": [0.8260894766749582, 1.395202596118987, 1.174795130594541], "Sigma": [[0.005472805794866447, -0.0006548250000088828, -0.004052655040910659], [-0.0006548250000088826, 0.007182033114845836, 0.004849317916578551], [-0.004052655040910659, 0.004849317916578551, 0.05416519627919211]], "chi2_level": 0.95, "chi2_df": 3, "chi2_threshold": 7.814727903251179, "N_raw": 91, "N_roi": 91, "N_inlier": 88, "refit": true}
{"timestamp": "16:20:25.444383", "frame": 69, "mu": [0.7865269208520685, 1.4585662180264836, 1.3745378219580962], "Sigma": [[0.0044529405562195624, 0.0007423891552316045, 0.0021436532500736976], [0.0007423891552316045, 0.0047692599814394615, 0.0011327774895861088], [0.0021436532500736976, 0.0011327774895861088, 0.0032226591168854294]], "chi2_level": 0.95, "chi2_df": 3, "chi2_threshold": 7.814727903251179, "N_raw": 40, "N_roi": 40, "N_inlier": 37, "refit": true}
{"timestamp": "16:20:25.505449", "frame": 70, "mu": [0.8023262051743483, 1.5658825851036724, -0.7354312351434904], "Sigma": [[0.007600729897071729, -0.00022442329375321637, -0.01901743185682124], [-0.0002244232937532166, 0.018360051692291653, 0.09535641583989275], [-0.019017431856821244, 0.09535641583989275, 0.8634435345462966]], "chi2_level": 0.95, "chi2_df": 3, "chi2_threshold": 7.814727903251179, "N_raw": 82, "N_roi": 82, "N_inlier": 80, "refit": true}
{"timestamp": "16:20:25.561343", "frame": 71, "mu": [0.7469629177455389, 1.5019769124389186, 0.8362323952124181], "Sigma": [[0.007985289842767208, -0.002407590387610121, -0.022062913705452172], [-0.002407590387610121, 0.012249148435104855, 0.05869584201661082], [-0.02206291370545217, 0.05869584201661082, 0.6186744874804072]], "chi2_level": 0.95, "chi2_df": 3, "chi2_threshold": 7.814727903251179, "N_raw": 84, "N_roi": 84, "N_inlier": 84, "refit": true}
{"timestamp": "16:20:25.616611", "frame": 72, "mu": [0.667565229795236, 1.5786361194318692, 1.271079427110067], "Sigma": [[0.005701976149613231, 0.00026239956671763177, 0.00041252470439244785], [0.0002623995667176316, 0.0078040079726926954, 0.010353361116814418], [0.00041252470439244785, 0.010353361116814416, 0.06049206819900498]], "chi2_level": 0.95, "chi2_df": 3, "chi2_threshold": 7.814727903251179, "N_raw": 87, "N_roi": 87, "N_inlier": 82, "refit": true}
{"timestamp": "16:20:25.666728", "frame": 73, "mu": [0.5966066993011678, 1.6471880864837571, 1.3552912748930255], "Sigma": [[0.006175956622962455, 0.0059969159538683986, 0.005915448342256113], [0.0059969159538683986, 0.013701794541691724, 0.010236985679690934], [0.005915448342256113, 0.010236985679690934, 0.011088522277589597]], "chi2_level": 0.95, "chi2_df": 3, "chi2_threshold": 7.814727903251179, "N_raw": 46, "N_roi": 46, "N_inlier": 42, "refit": true}
{"timestamp": "16:20:25.720572", "frame": 74, "mu": [0.586119724593631, 1.650153604769331, 1.3036892284881048], "Sigma": [[0.005532410271087769, 0.002920076498923588, 9.553997510079921e-05], [0.002920076498923588, 0.0055582294568141035, 2.508883080987607e-05], [9.553997510079894e-05, 2.5088830809876124e-05, 0.006658828358903454]], "chi2_level": 0.95, "chi2_df": 3, "chi2_threshold": 7.814727903251179, "N_raw": 50, "N_roi": 50, "N_inlier": 46, "refit": true}
{"timestamp": "16:20:25.776783", "frame": 75, "mu": [0.5354062096629849, 1.6991848673629208, 1.2430838463026719], "Sigma": [[0.0059647450043452425, 0.00020308869799541432, -0.004237162342354382], [0.00020308869799541427, 0.0037621331428127998, -0.0016288450529168394], [-0.004237162342354382, -0.0016288450529168394, 0.008366861700420947]], "chi2_level": 0.95, "chi2_df": 3, "chi2_threshold": 7.814727903251179, "N_raw": 56, "N_roi": 56, "N_inlier": 50, "refit": true}
{"timestamp": "16:20:25.836858", "frame": 76, "mu": [0.5119528717091815, 1.7564588092563018, 0.7654179140070769], "Sigma": [[0.006793178977247281, 0.000330183294865097, -0.01779582606841263], [0.0003301832948650969, 0.005909354350095376, 0.021132801125465554], [-0.01779582606841263, 0.021132801125465554, 0.45715696338013084]], "chi2_level": 0.95, "chi2_df": 3, "chi2_threshold": 7.814727903251179, "N_raw": 94, "N_roi": 94, "N_inlier": 91, "refit": true}
{"timestamp": "16:20:25.888549", "frame": 77, "mu": [0.44051532926472897, 1.8580206457776771, 1.3811607440074103], "Sigma": [[0.005635389931820352, 0.0023437799540367604, 0.004294498520697085], [0.00234377995403676, 0.01123154034725003, 0.006991930589197116], [0.004294498520697085, 0.006991930589197115, 0.008809243642114176]], "chi2_level": 0.95, "chi2_df": 3, "chi2_threshold": 7.814727903251179, "N_raw": 66, "N_roi": 66, "N_inlier": 61, "refit": true}
{"timestamp": "16:20:25.942909", "frame": 78, "mu": [0.4395695228686372, 1.8747765978668542, 1.3800540663121694], "Sigma": [[0.006711166364410024, 0.0029289560062282774, 0.004002114352164959], [0.0029289560062282774, 0.008740644773607245, 0.005487783209277286], [0.004002114352164959, 0.005487783209277286, 0.00851695473203027]], "chi2_level": 0.95, "chi2_df": 3, "chi2_threshold": 7.814727903251179, "N_raw": 64, "N_roi": 64, "N_inlier": 59, "refit": true}
{"timestamp": "16:20:25.999891", "frame": 79, "mu": [0.398760605975896, 1.8930352039475933, 1.2215536795849324], "Sigma": [[0.0059897888713187, 0.002660136674789569, 0.005206576028723438], [0.0026601366747895684, 0.006326709979684921, 0.005699643410664932], [0.005206576028723438, 0.005699643410664932, 0.04732074477514703]], "chi2_level": 0.95, "chi2_df": 3, "chi2_threshold": 7.814727903251179, "N_raw": 76, "N_roi": 76, "N_inlier": 72, "refit": true}
{"timestamp": "16:20:26.052573", "frame": 80, "mu": [0.35592892121188047, 1.9738725093507163, 0.958102278729765], "Sigma": [[0.008372618877287505, 0.0006729469367209786, 0.02052142109882276], [0.0006729469367209786, 0.004163767927257107, 0.01731263506397329], [0.02052142109882276, 0.01731263506397329, 0.22744736930833231]], "chi2_level": 0.95, "chi2_df": 3, "chi2_threshold": 7.814727903251179, "N_raw": 59, "N_roi": 59, "N_inlier": 58, "refit": true}
{"timestamp": "16:20:26.107686", "frame": 81, "mu": [0.33053090865645984, 2.005958182192555, 1.172898613805087], "Sigma": [[0.006515654739029577, 0.002019355921603549, -0.0011612503222827237], [0.002019355921603549, 0.002862318754075786, -0.006083335991471151], [-0.001161250322282724, -0.006083335991471151, 0.03263982145159881]], "chi2_level": 0.95, "chi2_df": 3, "chi2_threshold": 7.814727903251179, "N_raw": 58, "N_roi": 54, "N_inlier": 48, "refit": true}
{"timestamp": "16:20:26.159919", "frame": 82, "mu": [0.3221456893135702, 2.003198239217811, 0.28175213053406967], "Sigma": [[0.00703358721534737, -0.003028634842214383, -0.0094891129379991], [-0.003028634842214383, 0.007897909611133033, 0.051676476860499254], [-0.0094891129379991, 0.051676476860499254, 0.5878874442927038]], "chi2_level": 0.95, "chi2_df": 3, "chi2_threshold": 7.814727903251179, "N_raw": 42, "N_roi": 39, "N_inlier": 37, "refit": true}
{"timestamp": "16:20:26.215522", "frame": 83, "mu": [0.2274307164385131, 2.0129191131154105, 0.7581178344050227], "Sigma": [[0.003445480264472711, 0.00012494202969859895, -0.012606109036620692], [0.0001249420296985989, 0.002614212556975096, -0.00035438630412851116], [-0.012606109036620692, -0.00035438630412851094, 0.4827215997050044]], "chi2_level": 0.95, "chi2_df": 3, "chi2_threshold": 7.814727903251179, "N_raw": 45, "N_roi": 42, "N_inlier": 42, "refit": true}
{"timestamp": "16:20:26.272381", "frame": 84, "mu": [0.15255072037489453, 2.132104673475294, 1.3719551243580617], "Sigma": [[0.007565910798696768, 0.004981182664465723, 0.010294299925208274], [0.004981182664465723, 0.013038936727422878, 0.01782332135261347], [0.010294299925208274, 0.01782332135261347, 0.03410429750099806]], "chi2_level": 0.95, "chi2_df": 3, "chi2_threshold": 7.814727903251179, "N_raw": 60, "N_roi": 57, "N_inlier": 53, "refit": true}
{"timestamp": "16:20:26.331586", "frame": 85, "mu": [0.11393087856219337, 2.189716342612514, 1.4079321609380875], "Sigma": [[0.011445820965612946, 0.005833708223992598, 0.010277080108924714], [0.005833708223992598, 0.012299428972930288, 0.010485271671665292], [0.010277080108924714, 0.010485271671665292, 0.030565420714779697]], "chi2_level": 0.95, "chi2_df": 3, "chi2_threshold": 7.814727903251179, "N_raw": 92, "N_roi": 89, "N_inlier": 84, "refit": true}
{"timestamp": "16:20:26.385643", "frame": 86, "mu": [0.05059600678600198, 2.1821744815367246, 1.4055047073632643], "Sigma": [[0.007054098603453193, 0.00101776011015656, 0.0027187270924144487], [0.00101776011015656, 0.008949234846672318, 0.0036733726475430568], [0.002718727092414449, 0.003673372647543057, 0.004175049117146583]], "chi2_level": 0.95, "chi2_df": 3, "chi2_threshold": 7.814727903251179, "N_raw": 70, "N_roi": 68, "N_inlier": 61, "refit": true}
{"timestamp": "16:20:26.441986", "frame": 87, "mu": [0.0655001115507689, 2.268899985486031, 1.2475164865482344], "Sigma": [[0.021771518421368992, -0.002387849546510005, -0.05078099649508711], [-0.0023878495465100044, 0.008364399674986788, 0.014545679031134427], [-0.05078099649508711, 0.014545679031134427, 0.19975376214695126]], "chi2_level": 0.95, "chi2_df": 3, "chi2_threshold": 7.814727903251179, "N_raw": 89, "N_roi": 86, "N_inlier": 82, "refit": true}
{"timestamp": "16:20:26.498179", "frame": 88, "mu": [-0.044371250848443, 2.270829195972012, 1.295430828814241], "Sigma": [[0.008619080764908122, 0.0018570860764704229, 0.005373471929448569], [0.0018570860764704224, 0.009490195274290859, 0.019247640461973036], [0.005373471929448569, 0.01924764046197304, 0.31335291025163564]], "chi2_level": 0.95, "chi2_df": 3, "chi2_threshold": 7.814727903251179, "N_raw": 91, "N_roi": 86, "N_inlier": 83, "refit": true}
{"timestamp": "16:20:26.551565", "frame": 89, "mu": [-0.04644014305438249, 2.3271716130143876, 1.2273002598526335], "Sigma": [[0.013280294166792725, 0.0013643488489085845, -0.030060554313857707], [0.001364348848908585, 0.0048025922982968235, -0.0009087003623509725], [-0.030060554313857707, -0.0009087003623509725, 0.1543478964494863]], "chi2_level": 0.95, "chi2_df": 3, "chi2_threshold": 7.814727903251179, "N_raw": 82, "N_roi": 82, "N_inlier": 75, "refit": true}
{"timestamp": "16:20:26.598899", "frame": 90, "mu": [0.04279968141557024, 2.433289148947995, 0.6782258687619848], "Sigma": [[0.008017594890447968, -0.0008498204988830608, -0.026067585088716594], [-0.0008498204988830606, 0.0033943395451967776, 0.0018165356684176643], [-0.026067585088716587, 0.001816535668417665, 0.2333365172866947]], "chi2_level": 0.95, "chi2_df": 3, "chi2_threshold": 7.814727903251179, "N_raw": 38, "N_roi": 38, "N_inlier": 35, "refit": true}
{"timestamp": "16:20:26.661178", "frame": 91, "mu": [-0.16599368743387333, 2.38826741551065, 1.2477572578072977], "Sigma": [[0.012649054288527332, 0.0032505814515266843, -0.02589855314263584], [0.0032505814515266847, 0.008730595751162359, -0.006684477393027544], [-0.02589855314263584, -0.006684477393027547, 0.1812621063984385]], "chi2_level": 0.95, "chi2_df": 3, "chi2_threshold": 7.814727903251179, "N_raw": 84, "N_roi": 84, "N_inlier": 81, "refit": true}
{"timestamp": "16:20:26.716832", "frame": 92, "mu": [-0.24098891976618647, 2.4112851407567035, 1.15047901996225], "Sigma": [[0.009690164484026152, 0.003353057804908184, -0.0027763181676263944], [0.003353057804908184, 0.011732754748666344, -0.011578419407286772], [-0.002776318167626393, -0.011578419407286772, 0.2974765555815436]], "chi2_level": 0.95, "chi2_df": 3, "chi2_threshold": 7.814727903251179, "N_raw": 87, "N_roi": 87, "N_inlier": 86, "refit": true}
{"timestamp": "16:20:26.770885", "frame": 93, "mu": [-0.2604878184083352, 2.4383241332339316, 1.4206216899642925], "Sigma": [[0.012627499195476215, 0.004392983686148442, -0.003593823932980138], [0.0043929836861484415, 0.009538462406671135, 0.001252458348935568], [-0.003593823932980138, 0.001252458348935568, 0.003851261157222372]], "chi2_level": 0.95, "chi2_df": 3, "chi2_threshold": 7.814727903251179, "N_raw": 77, "N_roi": 75, "N_inlier": 67, "refit": true}
{"timestamp": "16:20:26.830239", "frame": 94, "mu": [-0.3214730086131215, 2.4783516372043497, 0.67769584920054], "Sigma": [[0.01778408277226983, -1.4142903122163074e-05, 0.029566161069307782], [-1.4142903122163182e-05, 0.007517604488910199, 0.034861211974877473], [0.029566161069307786, 0.034861211974877473, 0.5865936196474669]], "chi2_level": 0.95, "chi2_df": 3, "chi2_threshold": 7.814727903251179, "N_raw": 102, "N_roi": 101, "N_inlier": 100, "refit": true}
{"timestamp": "16:20:26.877572", "frame": 95, "mu": [-0.2596026275961858, 2.6498737537370087, -0.3456921352668063], "Sigma": [[0.010207893654741104, 0.0036094723585754396, 0.002997846271813812], [0.0036094723585754405, 0.0062439903487662455, 0.0013744115720695324], [0.002997846271813812, 0.0013744115720695324, 0.021832137704354507]], "chi2_level": 0.95, "chi2_df": 3, "chi2_threshold": 7.814727903251179, "N_raw": 54, "N_roi": 54, "N_inlier": 48, "refit": true}
{"timestamp": "16:20:26.935695", "frame": 96, "mu": [-0.3769675266067256, 2.4882317394172495, 0.8597832608754282], "Sigma": [[0.01600634900294553, 0.02264668096407233, 0.011609802438145887], [0.02264668096407233, 0.1636931290823751, 0.20661549239453025], [0.011609802438145887, 0.20661549239453025, 0.6573194161928516]], "chi2_level": 0.95, "chi2_df": 3, "chi2_threshold": 7.814727903251179, "N_raw": 92, "N_roi": 91, "N_inlier": 86, "refit": true}
{"timestamp": "16:20:26.994028", "frame": 97, "mu": [-0.426753079693724, 2.6334339506715554, 0.8634346408976573], "Sigma": [[0.018632334289487927, -0.0005067209444525817, 0.030813182645596546], [-0.0005067209444525822, 0.00910932492533875, 0.030432629732651772], [0.030813182645596546, 0.030432629732651772, 0.5906217869050205]], "chi2_level": 0.95, "chi2_df": 3, "chi2_threshold": 7.814727903251179, "N_raw": 104, "N_roi": 104, "N_inlier": 96, "refit": true}
{"timestamp": "16:20:27.043736", "frame": 98, "mu": [-0.46356600202514253, 2.7123143486564607, 1.4513843744642085], "Sigma": [[0.01538566628686503, 0.00025937087155951963, -0.011316398833731194], [0.00025937087155951963, 0.003741772653748468, -0.002212989798114334], [-0.011316398833731194, -0.0022129897981143344, 0.03037439695068085]], "chi2_level": 0.95, "chi2_df": 3, "chi2_threshold": 7.814727903251179, "N_raw": 65, "N_roi": 64, "N_inlier": 60, "refit": true}
{"timestamp": "16:20:27.103099", "frame": 99, "mu": [-0.47230542817796384, 2.618217221011961, 0.9000479814302618], "Sigma": [[0.018420381836479746, -0.003931614241175815, -0.04051465687242656], [-0.003931614241175815, 0.003960235131895836, 0.010732788825894303], [-0.04051465687242656, 0.010732788825894303, 0.14794542780269268]], "chi2_level": 0.95, "chi2_df": 3, "chi2_threshold": 7.814727903251179, "N_raw": 100, "N_roi": 100, "N_inlier": 91, "refit": true}
{"timestamp": "16:20:27.223274", "frame": 100, "mu": [-0.5927699698076199, 2.5015859869550026, 0.5757418200637199], "Sigma": [[0.014768144771423125, 0.036329808087145914, 0.047595000810234926], [0.036329808087145914, 0.41941407926590213, 0.522606470390895], [0.04759500081023493, 0.5226064703908951, 0.9111564558135629]], "chi2_level": 0.95, "chi2_df": 3, "chi2_threshold": 7.814727903251179, "N_raw": 97, "N_roi": 97, "N_inlier": 96, "refit": true}
{"timestamp": "16:20:27.252573", "frame": 101, "mu": [-0.5732032776697447, 2.8707081699256918, 1.398517154790191], "Sigma": [[0.013547664307149486, 0.0024519789547448115, 0.007243383105328466], [0.0024519789547448115, 0.00973464657016466, 0.012506734540623479], [0.007243383105328466, 0.012506734540623479, 0.031534239110279055]], "chi2_level": 0.95, "chi2_df": 3, "chi2_threshold": 7.814727903251179, "N_raw": 61, "N_roi": 61, "N_inlier": 57, "refit": true}
{"timestamp": "16:20:27.283629", "frame": 102, "mu": [-0.6659821470804705, 2.8346282226792012, 0.6341835899097894], "Sigma": [[0.011006331032529614, -0.0011862170586896823, 0.005582285367007042], [-0.0011862170586896823, 0.0020102198592834423, -0.00900368848579038], [0.005582285367007042, -0.00900368848579038, 0.24927752559563165]], "chi2_level": 0.95, "chi2_df": 3, "chi2_threshold": 7.814727903251179, "N_raw": 88, "N_roi": 86, "N_inlier": 84, "refit": true}
{"timestamp": "16:20:27.320114", "frame": 103, "mu": [-0.6822707811563896, 2.808748590981852, 0.9479209250306382], "Sigma": [[0.010349846034304134, 0.0012225993512872083, -0.0015411095596735932], [0.0012225993512872083, 0.005573043287049226, -0.008348864331157044], [-0.0015411095596735934, -0.008348864331157044, 0.02037064770819147]], "chi2_level": 0.95, "chi2_df": 3, "chi2_threshold": 7.814727903251179, "N_raw": 56, "N_roi": 56, "N_inlier": 53, "refit": true}
{"timestamp": "16:20:27.368251", "frame": 104, "mu": [-0.7205537697854666, 2.9934549823669214, 1.3081451712878835], "Sigma": [[0.010109761639252859, 0.0007873972476934649, 0.025329860404429798], [0.0007873972476934651, 0.0031206807650195198, 0.0011233834640276598], [0.025329860404429798, 0.00112338346402766, 0.18626395927984868]], "chi2_level": 0.95, "chi2_df": 3, "chi2_threshold": 7.814727903251179, "N_raw": 35, "N_roi": 34, "N_inlier": 31, "refit": true}
{"timestamp": "16:20:27.426030", "frame": 105, "mu": [-0.721326780873669, 2.9849507881762416, 1.3776789991397664], "Sigma": [[0.012609817207411776, -0.00031326019120056536, -0.004731640050086939], [-0.0003132601912005653, 0.004077978877332008, -0.0013108755833642883], [-0.004731640050086939, -0.001310875583364288, 0.013320290388026108]], "chi2_level": 0.95, "chi2_df": 3, "chi2_threshold": 7.814727903251179, "N_raw": 56, "N_roi": 55, "N_inlier": 51, "refit": true}
{"timestamp": "16:20:27.484038", "frame": 106, "mu": [-0.7946952746802052, 3.032966558113812, 1.1341575154707702], "Sigma": [[0.014012179700651297, 0.003130562723193713, 0.025857474195971075], [0.003130562723193713, 0.004904140756328535, 0.005182071841813845], [0.02585747419597107, 0.005182071841813844, 0.35948374745926076]], "chi2_level": 0.95, "chi2_df": 3, "chi2_threshold": 7.814727903251179, "N_raw": 68, "N_roi": 66, "N_inlier": 65, "refit": true}
{"timestamp": "16:20:27.539385", "frame": 107, "mu": [-0.8011454308880752, 3.0096210608373974, 1.1850153390761817], "Sigma": [[0.020302817807470574, 0.005613171213807859, -0.035201044968112785], [0.005613171213807859, 0.008336535193984956, -0.005707239489281057], [-0.03520104496811278, -0.005707239489281058, 0.14705064251112607]], "chi2_level": 0.95, "chi2_df": 3, "chi2_threshold": 7.814727903251179, "N_raw": 75, "N_roi": 73, "N_inlier": 72, "refit": true}
{"timestamp": "16:20:27.591228", "frame": 108, "mu": [-0.7950007841865777, 3.0034152627677297, 0.982985112375459], "Sigma": [[0.0200972551337478, 0.008484071648597737, -0.04612113146470656], [0.008484071648597737, 0.007293656475177759, -0.03110114040026968], [-0.046121131464706554, -0.031101140400269685, 0.1656391019022771]], "chi2_level": 0.95, "chi2_df": 3, "chi2_threshold": 7.814727903251179, "N_raw": 51, "N_roi": 50, "N_inlier": 49, "refit": true}
{"timestamp": "16:20:27.645170", "frame": 109, "mu": [-0.9014074690766202, 3.049944181914714, 1.3969687421941972], "Sigma": [[0.009933944703922871, 0.0034969876036294234, -0.0017971413335157438], [0.0034969876036294234, 0.005508874588850603, -0.0010000947775833952], [-0.0017971413335157438, -0.0010000947775833952, 0.004010166965782966]], "chi2_level": 0.95, "chi2_df": 3, "chi2_threshold": 7.814727903251179, "N_raw": 45, "N_roi": 45, "N_inlier": 39, "refit": true}
{"timestamp": "16:20:27.697554", "frame": 110, "mu": [-0.802255810211546, 3.1086511590779864, 0.6210519471112084], "Sigma": [[0.01995806590426679, 3.991540199962994e-05, -0.044431335621155754], [3.991540199962983e-05, 0.0017886396848917207, -0.001109026800364188], [-0.044431335621155754, -0.001109026800364189, 0.20167596508668162]], "chi2_level": 0.95, "chi2_df": 3, "chi2_threshold": 7.814727903251179, "N_raw": 25, "N_roi": 25, "N_inlier": 22, "refit": true}
{"timestamp": "16:20:27.753948", "frame": 111, "mu": [-0.8809965506756856, 3.254631298104554, 0.7778818328347864], "Sigma": [[0.017802301073022435, 0.004820139648546336, -0.031127553118356643], [0.004820139648546336, 0.006735462597975171, -0.016096038897187102], [-0.03112755311835664, -0.0160960388971871, 0.07312073123295623]], "chi2_level": 0.95, "chi2_df": 3, "chi2_threshold": 7.814727903251179, "N_raw": 35, "N_roi": 35, "N_inlier": 32, "refit": true}
{"timestamp": "16:20:27.809672", "frame": 112, "mu": [-1.0640479592536822, 3.148397333710146, 1.139445959514847], "Sigma": [[0.015248321885052754, 0.001313857763025433, -0.020827473633310563], [0.0013138577630254329, 0.0026434269489926804, -0.005309072515248172], [-0.020827473633310563, -0.005309072515248172, 0.03935186194913298]], "chi2_level": 0.95, "chi2_df": 3, "chi2_threshold": 7.814727903251179, "N_raw": 48, "N_roi": 48, "N_inlier": 48, "refit": true}
{"timestamp": "16:20:27.864268", "frame": 113, "mu": [-1.1401774652667018, 3.16080261561636, 1.23537859380821], "Sigma": [[0.00973622088589571, 0.0028997012755297424, -0.00829929774772474], [0.0028997012755297424, 0.003602518806142034, -0.010486535348341715], [-0.00829929774772474, -0.010486535348341715, 0.03988013890102218]], "chi2_level": 0.95, "chi2_df": 3, "chi2_threshold": 7.814727903251179, "N_raw": 40, "N_roi": 39, "N_inlier": 35, "refit": true}
{"timestamp": "16:20:27.921631", "frame": 114, "mu": [-1.1538060881999734, 3.196339377749358, 1.1547985999431079], "Sigma": [[0.015860785196485105, 0.0044022689880526085, -0.016000485813141885], [0.0044022689880526085, 0.004961053632415945, -0.00790892702441531], [-0.016000485813141885, -0.00790892702441531, 0.021337962955486192]], "chi2_level": 0.95, "chi2_df": 3, "chi2_threshold": 7.814727903251179, "N_raw": 54, "N_roi": 54, "N_inlier": 49, "refit": true}
{"timestamp": "16:20:27.977130", "frame": 115, "mu": [-1.2230045815660622, 3.3264628433859125, 0.8361206045195926], "Sigma": [[0.015304090353760172, -0.0014386008532525614, 0.0063882273716065665], [-0.001438600853252561, 0.013321501394497965, -0.037669727561861245], [0.0063882273716065665, -0.037669727561861245, 0.11581918705650754]], "chi2_level": 0.95, "chi2_df": 3, "chi2_threshold": 7.814727903251179, "N_raw": 57, "N_roi": 57, "N_inlier": 56, "refit": true}
{"timestamp": "16:20:28.027642", "frame": 116, "mu": [-1.345161125101398, 3.23929759701843, 1.4274263676824845], "Sigma": [[0.008701394286419488, 0.005495450031850143, -0.00873153716143735], [0.005495450031850143, 0.01226078553984722, -0.019167249854955132], [-0.00873153716143735, -0.019167249854955132, 0.07721197863968844]], "chi2_level": 0.95, "chi2_df": 3, "chi2_threshold": 7.814727903251179, "N_raw": 26, "N_roi": 26, "N_inlier": 24, "refit": true}
{"timestamp": "16:20:28.082426", "frame": 117, "mu": [-1.3030589269081783, 3.267319177075522, 1.2244175360953815], "Sigma": [[0.009007989387946004, 0.0030062472860128376, -0.008922169238417783], [0.0030062472860128376, 0.003382349104303191, -0.0072136414124835836], [-0.008922169238417783, -0.0072136414124835836, 0.018994136347481504]], "chi2_level": 0.95, "chi2_df": 3, "chi2_threshold": 7.814727903251179, "N_raw": 28, "N_roi": 28, "N_inlier": 27, "refit": true}
{"timestamp": "16:20:28.139078", "frame": 118, "mu": [-1.3410509338099368, 3.2742499138071968, 1.2838782154764048], "Sigma": [[0.016415143979643415, 0.0037653434272872264, -0.013402477191603538], [0.0037653434272872264, 0.00273625154657642, -0.005602592887432901], [-0.013402477191603538, -0.005602592887432901, 0.01653014813228125]], "chi2_level": 0.95, "chi2_df": 3, "chi2_threshold": 7.814727903251179, "N_raw": 38, "N_roi": 38, "N_inlier": 36, "refit": true}
{"timestamp": "16:20:28.191240", "frame": 119, "mu": [-1.3310918758141825, 3.390188229093147, 1.133317564203625], "Sigma": [[0.00955209111714802, 0.0013624750651904426, -0.011059864535986712], [0.0013624750651904426, 0.002840120640046579, -0.0028558679824355004], [-0.011059864535986712, -0.0028558679824355004, 0.018272336325078447]], "chi2_level": 0.95, "chi2_df": 3, "chi2_threshold": 7.814727903251179, "N_raw": 23, "N_roi": 23, "N_inlier": 22, "refit": true}
{"timestamp": "16:20:28.245160", "frame": 120, "mu": [-1.2826516374433816, 3.449524426733654, 0.8005497506212239], "Sigma": [[0.009089051907835708, 0.0019020185958075456, -0.015905535299698976], [0.001902018595807546, 0.0008593715014852649, -0.0041909714653971565], [-0.015905535299698976, -0.0041909714653971565, 0.05717091425592043]], "chi2_level": 0.95, "chi2_df": 3, "chi2_threshold": 7.814727903251179, "N_raw": 14, "N_roi": 14, "N_inlier": 13, "refit": true}
{"timestamp": "16:20:28.301458", "frame": 121, "mu": [-1.4106249658341383, 3.4925385880964672, 1.1151580278488837], "Sigma": [[0.008795410310175765, 0.0020837189857496304, -0.018755780497447402], [0.00208371898574963, 0.003218595286577387, -0.004584091976197972], [-0.018755780497447402, -0.004584091976197972, 0.061781795924164946]], "chi2_level": 0.95, "chi2_df": 3, "chi2_threshold": 7.814727903251179, "N_raw": 21, "N_roi": 21, "N_inlier": 20, "refit": true}
{"timestamp": "16:20:28.358535", "frame": 122, "mu": [-1.51135290907444, 3.48260341185239, 1.339147290200901], "Sigma": [[0.013498724737306856, 0.004339109475532149, -0.00911290908523799], [0.004339109475532148, 0.005735609538694221, -0.0012614582632134237], [-0.00911290908523799, -0.0012614582632134237, 0.008217063142739987]], "chi2_level": 0.95, "chi2_df": 3, "chi2_threshold": 7.814727903251179, "N_raw": 35, "N_roi": 35, "N_inlier": 33, "refit": true}
{"timestamp": "16:20:28.413115", "frame": 123, "mu": [-1.4619518064625598, 3.690369937340225, 0.04808298255694611], "Sigma": [[0.013123899363581786, 0.009685908510252143, 0.010153061409344948], [0.009685908510252143, 0.012875696016833535, 0.0191622213583239], [0.010153061409344948, 0.0191622213583239, 0.10672275054037716]], "chi2_level": 0.95, "chi2_df": 3, "chi2_threshold": 7.814727903251179, "N_raw": 33, "N_roi": 33, "N_inlier": 32, "refit": true}
{"timestamp": "16:20:28.470199", "frame": 124, "mu": [-1.6111091998881504, 3.577747834343807, 1.2654405582024513], "Sigma": [[0.016410101127364234, 0.0025882531009631584, -0.008879974263547209], [0.0025882531009631584, 0.0043362393017252684, -0.003004083328763262], [-0.008879974263547209, -0.0030040833287632617, 0.007145348481902128]], "chi2_level": 0.95, "chi2_df": 3, "chi2_threshold": 7.814727903251179, "N_raw": 42, "N_roi": 39, "N_inlier": 38, "refit": true}
{"timestamp": "16:20:28.520800", "frame": 125, "mu": [-1.569710996956318, 3.7524238406432207, 0.05036819535202322], "Sigma": [[0.009682131208569563, 0.004011127501266526, -0.006335754386956601], [0.004011127501266527, 0.004074676346185653, -0.004911398173276796], [-0.006335754386956602, -0.004911398173276795, 0.007651962793773152]], "chi2_level": 0.95, "chi2_df": 3, "chi2_threshold": 7.814727903251179, "N_raw": 18, "N_roi": 18, "N_inlier": 16, "refit": true}
{"timestamp": "16:20:28.575396", "frame": 126, "mu": [-1.7096316637083924, 3.641244066890122, 1.1351836873612124], "Sigma": [[0.004845222166172883, 0.0013657365928877443, -0.002419667736963608], [0.0013657365928877443, 0.004940663516374119, -0.01562556115303179], [-0.0024196677369636085, -0.01562556115303179, 0.07368730081195372]], "chi2_level": 0.95, "chi2_df": 3, "chi2_threshold": 7.814727903251179, "N_raw": 17, "N_roi": 17, "N_inlier": 17, "refit": true}
{"timestamp": "16:20:28.630028", "frame": 127, "mu": [-1.7243986540967498, 3.740431392517791, 1.0785630295790958], "Sigma": [[0.008497898050646139, 0.002884954757402208, -0.012309666319293228], [0.002884954757402208, 0.003153815069207693, -0.013376496211654331], [-0.012309666319293228, -0.013376496211654331, 0.09618864513129613]], "chi2_level": 0.95, "chi2_df": 3, "chi2_threshold": 7.814727903251179, "N_raw": 17, "N_roi": 17, "N_inlier": 15, "refit": true}
{"timestamp": "16:20:28.685658", "frame": 128, "mu": [-1.7593388879758307, 3.754182624298134, 0.948246918043761], "Sigma": [[0.005420060233471815, -0.0034694765838851997, 0.0144221966019267], [-0.003469476583885199, 0.006220067466516919, -0.019818461880290447], [0.0144221966019267, -0.019818461880290444, 0.11090015227455507]], "chi2_level": 0.95, "chi2_df": 3, "chi2_threshold": 7.814727903251179, "N_raw": 16, "N_roi": 12, "N_inlier": 11, "refit": true}
{"timestamp": "16:20:28.741872", "frame": 129, "mu": [-1.586307810695101, 3.8297764334089086, 0.5443400200275463], "Sigma": [[0.018031264447618104, 0.0036252005934147543, -0.02311709804682885], [0.0036252005934147543, 0.00283450601314236, -0.011410019774705158], [-0.02311709804682885, -0.011410019774705156, 0.06322670553893008]], "chi2_level": 0.95, "chi2_df": 3, "chi2_threshold": 7.814727903251179, "N_raw": 20, "N_roi": 16, "N_inlier": 14, "refit": true}
{"timestamp": "16:20:28.794203", "frame": 130, "mu": [-1.7598988622060916, 3.788250904171319, 0.9908790511604014], "Sigma": [[0.021766359763832073, 0.005366961998973321, -0.063462272072606], [0.00536696199897332, 0.00720631841215254, -0.008147999457423257], [-0.06346227207260602, -0.008147999457423259, 0.19726826659079266]], "chi2_level": 0.95, "chi2_df": 3, "chi2_threshold": 7.814727903251179, "N_raw": 8, "N_roi": 7, "N_inlier": 6, "refit": true}
{"timestamp": "16:20:28.850232", "frame": 131, "mu": [-1.900959257088157, 3.778949986706528, 1.1372062077018155], "Sigma": [[0.01622548355655837, 0.007545295413648595, -0.026795607151018357], [0.007545295413648595, 0.00409890617310961, -0.01406936724327835], [-0.02679560715101836, -0.01406936724327835, 0.058107135073918154]], "chi2_level": 0.95, "chi2_df": 3, "chi2_threshold": 7.814727903251179, "N_raw": 17, "N_roi": 13, "N_inlier": 12, "refit": true}
{"timestamp": "16:20:28.907974", "frame": 132, "mu": [-2.006182377180369, 3.7743449636905324, 1.3174440742169433], "Sigma": [[0.016175341571738604, 0.007040796853322708, -0.013114337829495063], [0.007040796853322708, 0.004800007720689199, -0.006701326808480364], [-0.013114337829495063, -0.006701326808480364, 0.014853242024409616]], "chi2_level": 0.95, "chi2_df": 3, "chi2_threshold": 7.814727903251179, "N_raw": 28, "N_roi": 25, "N_inlier": 23, "refit": true}
{"timestamp": "16:20:28.961348", "frame": 133, "mu": [-1.706405071917619, 3.9824146342814943, 0.5728035954066955], "Sigma": [[0.022447975526762066, 0.0017947566906095674, -0.037465215751078494], [0.0017947566906095674, 0.0009902092031753753, -0.005057489377115067], [-0.037465215751078494, -0.005057489377115067, 0.07558977671830494]], "chi2_level": 0.95, "chi2_df": 3, "chi2_threshold": 7.814727903251179, "N_raw": 24, "N_roi": 22, "N_inlier": 19, "refit": true}
{"timestamp": "16:20:29.015219", "frame": 134, "mu": [-2.0809389713105997, 3.922902500674808, 1.42581713378842], "Sigma": [[0.009827603103919858, 0.004133377170448971, -0.002745039386529709], [0.0041333771704489715, 0.002827944461730307, -0.0019678622727752927], [-0.002745039386529709, -0.0019678622727752923, 0.003181458686192104]], "chi2_level": 0.95, "chi2_df": 3, "chi2_threshold": 7.814727903251179, "N_raw": 16, "N_roi": 15, "N_inlier": 13, "refit": true}
{"timestamp": "16:20:29.067881", "frame": 135, "mu": [-2.1625238201125287, 3.907518944797615, 1.4642019466534815], "Sigma": [[0.00047711071176719075, -0.0013638497226082839, 0.00020209463155719686], [-0.0013638497226082839, 0.007716088542973437, -0.0012156226075108194], [0.00020209463155719686, -0.0012156226075108194, 0.00019323590660772516]], "chi2_level": 0.95, "chi2_df": 3, "chi2_threshold": 7.814727903251179, "N_raw": 5, "N_roi": 5, "N_inlier": 5, "refit": true}
{"timestamp": "16:20:29.126633", "frame": 136, "mu": [-2.033820913324183, 3.9624343741466306, 1.043025827853867], "Sigma": [[0.009879807100509114, 0.002297333955465373, -0.007183047707123128], [0.002297333955465373, 0.00436850503211282, -0.011973553954203419], [-0.007183047707123127, -0.011973553954203419, 0.052355621492694335]], "chi2_level": 0.95, "chi2_df": 3, "chi2_threshold": 7.814727903251179, "N_raw": 20, "N_roi": 20, "N_inlier": 18, "refit": true}
{"timestamp": "16:20:29.179163", "frame": 137, "mu": [-2.203017090303325, 4.039726875018528, 1.1184626109713875], "Sigma": [[0.002986912461744849, -0.001353074513116891, 0.0037992442634296256], [-0.001353074513116891, 0.02105623542118553, -0.033947212053828446], [0.0037992442634296256, -0.033947212053828446, 0.08847713499388941]], "chi2_level": 0.95, "chi2_df": 3, "chi2_threshold": 7.814727903251179, "N_raw": 9, "N_roi": 9, "N_inlier": 9, "refit": true}
