{"timestamp": "16:38:25.423338", "frame": 19, "mu": [-2.0370772656270995, 4.891826716610918, 0.7646015246894203], "Sigma": [[0.0033543391895324006, 0.0025529263565583125, -0.015634536748938492], [0.0025529263565583125, 0.002483530158690306, -0.011682822267405302], [-0.015634536748938492, -0.011682822267405303, 0.07554800584384491]], "chi2_level": 0.95, "chi2_df": 3, "chi2_threshold": 7.814727903251179, "N_raw": 5, "N_roi": 5, "N_inlier": 5, "refit": true}
{"timestamp": "16:38:25.480273", "frame": 20, "mu": [-2.0733573695843477, 4.840101237479063, 0.756944867647151], "Sigma": [[0.0026805628659147484, 0.000579955663641491, -0.004131960633173633], [0.0005799556636414911, 0.0013488683546106584, -0.008624646077500235], [-0.004131960633173633, -0.008624646077500235, 0.0711164488824459]], "chi2_level": 0.95, "chi2_df": 3, "chi2_threshold": 7.814727903251179, "N_raw": 8, "N_roi": 8, "N_inlier": 8, "refit": true}
{"timestamp": "16:38:25.538899", "frame": 21, "mu": [-2.07099250369889, 4.915673794169806, 0.024654211560093224], "Sigma": [[0.014891872364034357, 0.003350971625051453, -0.005740288184397126], [0.003350971625051453, 0.002629181519743739, -0.003858235666490935], [-0.005740288184397126, -0.003858235666490935, 0.007142661843410259]], "chi2_level": 0.95, "chi2_df": 3, "chi2_threshold": 7.814727903251179, "N_raw": 38, "N_roi": 15, "N_inlier": 15, "refit": true}
{"timestamp": "16:38:25.590643", "frame": 22, "mu": [-2.022714795703757, 4.74187335694559, 0.7462159965162862], "Sigma": [[0.015585615803316027, -0.00029817404519576305, 0.014963637125494665], [-0.00029817404519576283, 0.0006561034444705214, 0.0008819347397169137], [0.014963637125494665, 0.0008819347397169137, 0.018429503663118126]], "chi2_level": 0.95, "chi2_df": 3, "chi2_threshold": 7.814727903251179, "N_raw": 6, "N_roi": 5, "N_inlier": 5, "refit": true}
{"timestamp": "16:38:25.649094", "frame": 23, "mu": [-1.9218870752059976, 4.709403692442318, 0.6241906510169681], "Sigma": [[0.01726093874585504, 0.002803829539172187, -0.01155656164608785], [0.002803829539172187, 0.0020882260895145454, -0.007647211773835246], [-0.011556561646087852, -0.007647211773835245, 0.03746835763747634]], "chi2_level": 0.95, "chi2_df": 3, "chi2_threshold": 7.814727903251179, "N_raw": 22, "N_roi": 22, "N_inlier": 20, "refit": true}
{"timestamp": "16:38:25.703628", "frame": 24, "mu": [-2.0261538829186962, 4.609943882533545, 0.8846379614931633], "Sigma": [[0.011661816571493278, 0.0030331585139603055, -0.009226057516601185], [0.003033158513960306, 0.0012538866096103577, -0.005604599374379426], [-0.009226057516601185, -0.005604599374379426, 0.06079300992320136]], "chi2_level": 0.95, "chi2_df": 3, "chi2_threshold": 7.814727903251179, "N_raw": 20, "N_roi": 20, "N_inlier": 19, "refit": true}
{"timestamp": "16:38:25.762333", "frame": 25, "mu": [-1.9967105728356567, 4.549570694788368, 0.894794483060348], "Sigma": [[0.024467359772657096, 0.006353925394435517, -0.011334599829176614], [0.006353925394435517, 0.0027396884046957367, -0.007563717844130682], [-0.011334599829176614, -0.007563717844130682, 0.04033538010092929]], "chi2_level": 0.95, "chi2_df": 3, "chi2_threshold": 7.814727903251179, "N_raw": 43, "N_roi": 41, "N_inlier": 40, "refit": true}
{"timestamp": "16:38:25.813460", "frame": 26, "mu": [-1.9882740011811364, 4.537434724253637, 0.7824042003906451], "Sigma": [[0.011671395314227095, 0.004138014415052875, -0.0041463475184635775], [0.004138014415052875, 0.0018960065637290751, -0.004170731411599908], [-0.0041463475184635775, -0.004170731411599908, 0.02613740486599645]], "chi2_level": 0.95, "chi2_df": 3, "chi2_threshold": 7.814727903251179, "N_raw": 16, "N_roi": 16, "N_inlier": 15, "refit": true}
{"timestamp": "16:38:25.874944", "frame": 27, "mu": [-1.9318389110661875, 4.48947364446766, 0.9729501355816793], "Sigma": [[0.03629024996844857, 0.011488061580309189, -0.015232514456140808], [0.011488061580309187, 0.007023203378109753, -0.012308980688592699], [-0.015232514456140808, -0.0123089806885927, 0.03302008607240442]], "chi2_level": 0.95, "chi2_df": 3, "chi2_threshold": 7.814727903251179, "N_raw": 63, "N_roi": 63, "N_inlier": 61, "refit": true}
{"timestamp": "16:38:25.921327", "frame": 28, "mu": [-1.9781903156046283, 4.380026718569759, 0.7144161583698725], "Sigma": [[0.007630199938921937, -0.001283547417439357, 0.022944618557663474], [-0.0012835474174393573, 0.0012487846083389217, -0.001972130231942949], [0.022944618557663474, -0.001972130231942949, 0.09749454074092176]], "chi2_level": 0.95, "chi2_df": 3, "chi2_threshold": 7.814727903251179, "N_raw": 7, "N_roi": 7, "N_inlier": 7, "refit": true}
{"timestamp": "16:38:25.981434", "frame": 29, "mu": [-1.9935671316136125, 4.605073521481707, -0.5810973453391747], "Sigma": [[0.030653602448609478, 0.011108053875370137, -0.01031234725001354], [0.011108053875370137, 0.0065838852973191175, -0.008668536441395874], [-0.01031234725001354, -0.008668536441395874, 0.016445567109767044]], "chi2_level": 0.95, "chi2_df": 3, "chi2_threshold": 7.814727903251179, "N_raw": 42, "N_roi": 42, "N_inlier": 40, "refit": true}
{"timestamp": "16:38:26.036236", "frame": 30, "mu": [-1.946687218173255, 4.306365993933743, 0.9183724190974152], "Sigma": [[0.023785704523722116, 0.00677354499863886, -0.009167151653470151], [0.00677354499863886, 0.0025810221683255164, -0.0054685108970313895], [-0.009167151653470151, -0.0054685108970313895, 0.03001844886785552]], "chi2_level": 0.95, "chi2_df": 3, "chi2_threshold": 7.814727903251179, "N_raw": 37, "N_roi": 37, "N_inlier": 34, "refit": true}
{"timestamp": "16:38:26.093555", "frame": 31, "mu": [-1.939332094511043, 4.242099875767905, 0.9349340592261736], "Sigma": [[0.02852899797486594, 0.007743327407466403, -0.013926780767001337], [0.007743327407466403, 0.005525826213925008, -0.009379496693105577], [-0.013926780767001337, -0.009379496693105577, 0.019263306343815935]], "chi2_level": 0.95, "chi2_df": 3, "chi2_threshold": 7.814727903251179, "N_raw": 52, "N_roi": 52, "N_inlier": 51, "refit": true}
{"timestamp": "16:38:26.142669", "frame": 32, "mu": [-2.0348999224483175, 4.147774269448154, 0.871901219878086], "Sigma": [[0.003336841470532999, 0.00033528964260009863, 0.0003182455808962729], [0.0003352896426000987, 0.002214728836703965, -0.01246418170811601], [0.0003182455808962731, -0.012464181708116012, 0.09522850960585]], "chi2_level": 0.95, "chi2_df": 3, "chi2_threshold": 7.814727903251179, "N_raw": 9, "N_roi": 9, "N_inlier": 9, "refit": true}
{"timestamp": "16:38:26.196371", "frame": 33, "mu": [-1.9092110462219873, 4.116584641981333, 0.753149516322554], "Sigma": [[0.004808660906598674, 0.002452355096728591, -0.02127464053190959], [0.0024523550967285907, 0.0021476780399529577, -0.014939921458836863], [-0.021274640531909587, -0.014939921458836863, 0.11627848319875703]], "chi2_level": 0.95, "chi2_df": 3, "chi2_threshold": 7.814727903251179, "N_raw": 6, "N_roi": 6, "N_inlier": 6, "refit": true}
{"timestamp": "16:38:26.252313", "frame": 34, "mu": [-1.8461622687164474, 4.037480651497728, 0.5978270147859961], "Sigma": [[0.015473170734787734, 0.00346959304110041, -0.03459128863345797], [0.00346959304110041, 0.002676394559353938, -0.013110122555287053], [-0.03459128863345798, -0.01311012255528705, 0.09656535306125108]], "chi2_level": 0.95, "chi2_df": 3, "chi2_threshold": 7.814727903251179, "N_raw": 13, "N_roi": 12, "N_inlier": 11, "refit": true}
{"timestamp": "16:38:26.313844", "frame": 35, "mu": [-2.0335858021445006, 4.011761973050248, 0.8071208147812846], "Sigma": [[0.029033963410523785, 0.003713034019018722, -0.007186750107171862], [0.003713034019018722, 0.00296037535693426, -0.0076484818941023516], [-0.007186750107171862, -0.0076484818941023516, 0.027375794760693]], "chi2_level": 0.95, "chi2_df": 3, "chi2_threshold": 7.814727903251179, "N_raw": 51, "N_roi": 51, "N_inlier": 49, "refit": true}
{"timestamp": "16:38:26.362329", "frame": 36, "mu": [-1.8904788709456615, 3.921843374976133, 0.5734177252085974], "Sigma": [[0.013504860656990364, -0.00047368932056883586, -0.00141739216358701], [-0.00047368932056883586, 0.00043405077074711626, -0.0013024287430015906], [-0.0014173921635870102, -0.0013024287430015906, 0.009460701140275933]], "chi2_level": 0.95, "chi2_df": 3, "chi2_threshold": 7.814727903251179, "N_raw": 13, "N_roi": 13, "N_inlier": 12, "refit": true}
{"timestamp": "16:38:26.420164", "frame": 37, "mu": [-1.864422151979131, 3.894899979343893, 0.5752727849991762], "Sigma": [[0.01631890311235717, 0.0025434772860989385, -0.012073040703508418], [0.002543477286098939, 0.0024817054086884154, -0.004200161609817058], [-0.012073040703508418, -0.004200161609817058, 0.013843869994419252]], "chi2_level": 0.95, "chi2_df": 3, "chi2_threshold": 7.814727903251179, "N_raw": 34, "N_roi": 34, "N_inlier": 33, "refit": true}
{"timestamp": "16:38:26.474081", "frame": 38, "mu": [-1.87878168855962, 3.8088876433928585, 0.6589652626955684], "Sigma": [[0.016343463935612017, 0.0015365825180424907, -0.024752747557327207], [0.0015365825180424905, 0.0017681797390856583, 0.008581047030543913], [-0.024752747557327207, 0.008581047030543913, 0.1376757973843379]], "chi2_level": 0.95, "chi2_df": 3, "chi2_threshold": 7.814727903251179, "N_raw": 25, "N_roi": 25, "N_inlier": 24, "refit": true}
{"timestamp": "16:38:26.530010", "frame": 39, "mu": [-1.943496732037082, 3.7143509137944375, 1.0087370626082763], "Sigma": [[0.017503929855012944, 0.006028266410861859, -0.01376159123832714], [0.006028266410861858, 0.0034022270119830915, -0.007336664418564331], [-0.01376159123832714, -0.007336664418564331, 0.027123377888651025]], "chi2_level": 0.95, "chi2_df": 3, "chi2_threshold": 7.814727903251179, "N_raw": 35, "N_roi": 35, "N_inlier": 33, "refit": true}
{"timestamp": "16:38:26.586363", "frame": 40, "mu": [-1.9345641054911655, 3.6494988027867445, 0.7333847965391952], "Sigma": [[0.019686585664451875, 0.004879294605987974, -0.013054214413620124], [0.004879294605987974, 0.0034537566798637136, -0.007656407230774227], [-0.013054214413620126, -0.007656407230774227, 0.020625733874462142]], "chi2_level": 0.95, "chi2_df": 3, "chi2_threshold": 7.814727903251179, "N_raw": 43, "N_roi": 43, "N_inlier": 43, "refit": true}
{"timestamp": "16:38:26.640448", "frame": 41, "mu": [-1.8599207920910599, 3.606399120066141, 0.7708380378343411], "Sigma": [[0.018457841638082565, 0.004274279890612775, -0.011951895310207992], [0.004274279890612775, 0.0018581288764980026, -0.005945927882615098], [-0.011951895310207992, -0.005945927882615098, 0.03233888580820565]], "chi2_level": 0.95, "chi2_df": 3, "chi2_threshold": 7.814727903251179, "N_raw": 35, "N_roi": 35, "N_inlier": 34, "refit": true}
{"timestamp": "16:38:26.693676", "frame": 42, "mu": [-1.9132281941247986, 3.568793120151555, 0.691805483299922], "Sigma": [[0.03995698333147933, 0.0007334033951289293, -0.004158327546191663], [0.0007334033951289295, 0.000527898886127314, -0.0020413669577104333], [-0.004158327546191663, -0.002041366957710433, 0.029790483168487706]], "chi2_level": 0.95, "chi2_df": 3, "chi2_threshold": 7.814727903251179, "N_raw": 8, "N_roi": 6, "N_inlier": 6, "refit": true}
{"timestamp": "16:38:26.750859", "frame": 43, "mu": [-1.8349667766525926, 3.512280456109392, 0.7085924309098769], "Sigma": [[0.02257683517362085, 0.004160193551606876, -0.016352993049456227], [0.004160193551606876, 0.0021542341307347174, -0.005447703816453603], [-0.016352993049456227, -0.005447703816453603, 0.021534514771681827]], "chi2_level": 0.95, "chi2_df": 3, "chi2_threshold": 7.814727903251179, "N_raw": 42, "N_roi": 41, "N_inlier": 39, "refit": true}
{"timestamp": "16:38:26.808506", "frame": 44, "mu": [-1.9078684624262676, 3.401670873941966, 0.8124606615727775], "Sigma": [[0.0175960205754548, 0.004491799864242427, -0.009866082992804007], [0.004491799864242427, 0.002066226650086493, -0.006189623065507971], [-0.009866082992804009, -0.006189623065507971, 0.05010807616454781]], "chi2_level": 0.95, "chi2_df": 3, "chi2_threshold": 7.814727903251179, "N_raw": 50, "N_roi": 50, "N_inlier": 48, "refit": true}
{"timestamp": "16:38:26.859159", "frame": 45, "mu": [-1.9084880724963087, 3.3361510850858793, 0.5078004668884157], "Sigma": [[0.021411465420856347, 0.0033062396506492245, 0.0006630905429890072], [0.0033062396506492245, 0.002668423601779141, -0.001275571828949293], [0.0006630905429890073, -0.001275571828949293, 0.0018296416281898403]], "chi2_level": 0.95, "chi2_df": 3, "chi2_threshold": 7.814727903251179, "N_raw": 24, "N_roi": 24, "N_inlier": 21, "refit": true}
{"timestamp": "16:38:26.914762", "frame": 46, "mu": [-1.8335069506394566, 3.3306969639326702, 0.8424576554229357], "Sigma": [[0.015740723874255135, 0.0050042361779114135, -0.01071584941019827], [0.0050042361779114135, 0.0024221126618927955, -0.005431933594302144], [-0.01071584941019827, -0.005431933594302144, 0.02443579895223752]], "chi2_level": 0.95, "chi2_df": 3, "chi2_threshold": 7.814727903251179, "N_raw": 34, "N_roi": 34, "N_inlier": 32, "refit": true}
{"timestamp": "16:38:26.970767", "frame": 47, "mu": [-1.8573175475184642, 3.241813885302608, 0.7485695948908786], "Sigma": [[0.020008171208773774, 0.004642135842099297, 0.0033515551661378908], [0.004642135842099297, 0.0020803998664298794, -0.001610065970081289], [0.0033515551661378908, -0.0016100659700812895, 0.01901385639091896]], "chi2_level": 0.95, "chi2_df": 3, "chi2_threshold": 7.814727903251179, "N_raw": 42, "N_roi": 42, "N_inlier": 41, "refit": true}
{"timestamp": "16:38:27.024835", "frame": 48, "mu": [-1.868310751334596, 3.145931494146325, 0.5898157119571973], "Sigma": [[0.007702598773764178, 0.002577743546536909, -0.0030434880773019648], [0.0025777435465369094, 0.0014999298497214964, -0.0036098105275281477], [-0.0030434880773019648, -0.0036098105275281477, 0.02635859429698188]], "chi2_level": 0.95, "chi2_df": 3, "chi2_threshold": 7.814727903251179, "N_raw": 24, "N_roi": 24, "N_inlier": 23, "refit": true}
{"timestamp": "16:38:27.080770", "frame": 49, "mu": [-1.8969410712800017, 3.082265618972466, 0.5603207033214335], "Sigma": [[0.011794955983191005, 0.0031794199351571142, -0.0008947402480405106], [0.0031794199351571142, 0.00202942402038653, -0.002920896643882699], [-0.0008947402480405102, -0.002920896643882699, 0.025468609256970018]], "chi2_level": 0.95, "chi2_df": 3, "chi2_threshold": 7.814727903251179, "N_raw": 33, "N_roi": 33, "N_inlier": 31, "refit": true}
{"timestamp": "16:38:27.136008", "frame": 50, "mu": [-1.8106612732981069, 3.043974996318044, 0.7706621140861829], "Sigma": [[0.01018154056976456, 0.0037564487554150104, 0.001958720551233361], [0.00375644875541501, 0.002016301918851293, -0.00028450127330081323], [0.0019587205512333616, -0.000284501273300813, 0.03710535766167218]], "chi2_level": 0.95, "chi2_df": 3, "chi2_threshold": 7.814727903251179, "N_raw": 37, "N_roi": 37, "N_inlier": 36, "refit": true}
{"timestamp": "16:38:27.188963", "frame": 51, "mu": [-1.8628809438025016, 2.964009401535615, 0.91729648596965], "Sigma": [[0.00786716511248091, 0.0017529074228324342, -0.004228551007808978], [0.0017529074228324342, 0.0017958556376551674, -0.004039315696026765], [-0.004228551007808978, -0.004039315696026765, 0.014185745880792095]], "chi2_level": 0.95, "chi2_df": 3, "chi2_threshold": 7.814727903251179, "N_raw": 28, "N_roi": 28, "N_inlier": 26, "refit": true}
{"timestamp": "16:38:27.245237", "frame": 52, "mu": [-1.8157204394854665, 2.8731896179522436, 0.9482648407835754], "Sigma": [[0.008506632657397966, 0.004352711522019413, -0.016516294750890323], [0.004352711522019413, 0.0038193498584541854, -0.012179915943571023], [-0.016516294750890323, -0.012179915943571023, 0.04714673983989062]], "chi2_level": 0.95, "chi2_df": 3, "chi2_threshold": 7.814727903251179, "N_raw": 29, "N_roi": 29, "N_inlier": 28, "refit": true}
{"timestamp": "16:38:27.300898", "frame": 53, "mu": [-1.805758417826191, 2.829303096369199, 0.8639742116645475], "Sigma": [[0.012088006865821543, 0.002876308369725313, -0.006934408086144255], [0.002876308369725313, 0.0016275775154049046, -0.0050673678862909405], [-0.006934408086144256, -0.00506736788629094, 0.02123416439697074]], "chi2_level": 0.95, "chi2_df": 3, "chi2_threshold": 7.814727903251179, "N_raw": 35, "N_roi": 35, "N_inlier": 32, "refit": true}
{"timestamp": "16:38:27.356433", "frame": 54, "mu": [-1.8129044973111836, 2.954445896475015, -0.37598744822594315], "Sigma": [[0.012017720017423674, 0.006860078131673372, -0.02101459463628339], [0.006860078131673372, 0.007750024401270614, -0.022560147975332248], [-0.02101459463628339, -0.022560147975332255, 0.07524131234035064]], "chi2_level": 0.95, "chi2_df": 3, "chi2_threshold": 7.814727903251179, "N_raw": 39, "N_roi": 39, "N_inlier": 37, "refit": true}
{"timestamp": "16:38:27.412751", "frame": 55, "mu": [-1.8736067417906004, 2.6460797335719906, 1.1283847996491447], "Sigma": [[0.013246737493300497, 0.006056597191016545, -0.012543904365991147], [0.006056597191016545, 0.005586053649631227, -0.010273965523400822], [-0.012543904365991149, -0.010273965523400822, 0.0218501862381556]], "chi2_level": 0.95, "chi2_df": 3, "chi2_threshold": 7.814727903251179, "N_raw": 45, "N_roi": 45, "N_inlier": 43, "refit": true}
{"timestamp": "16:38:27.469426", "frame": 56, "mu": [-1.9063423222027214, 2.56379331157605, 1.1326010210205577], "Sigma": [[0.01728893909299974, 0.006528659180128197, -0.010738065778233614], [0.006528659180128198, 0.006438775078583636, -0.009503041616789337], [-0.010738065778233614, -0.009503041616789335, 0.01679699744499181]], "chi2_level": 0.95, "chi2_df": 3, "chi2_threshold": 7.814727903251179, "N_raw": 59, "N_roi": 59, "N_inlier": 56, "refit": true}
{"timestamp": "16:38:27.519057", "frame": 57, "mu": [-1.8420548029147112, 2.517726045868515, 0.9481190079418892], "Sigma": [[0.008618325461826832, 0.004487161684101585, -0.011638598578269045], [0.004487161684101585, 0.003813173308205793, -0.009972249332957081], [-0.011638598578269045, -0.009972249332957081, 0.031959308990091535]], "chi2_level": 0.95, "chi2_df": 3, "chi2_threshold": 7.814727903251179, "N_raw": 25, "N_roi": 25, "N_inlier": 24, "refit": true}
{"timestamp": "16:38:27.573530", "frame": 58, "mu": [-1.8124251596467351, 2.4312490173773798, 0.7565272609580616], "Sigma": [[0.01096541640371851, 0.003968857276348375, -0.012850530111574028], [0.003968857276348376, 0.003453459184747468, -0.004701220003592264], [-0.01285053011157403, -0.004701220003592264, 0.06758498536503231]], "chi2_level": 0.95, "chi2_df": 3, "chi2_threshold": 7.814727903251179, "N_raw": 27, "N_roi": 27, "N_inlier": 25, "refit": true}
{"timestamp": "16:38:27.633486", "frame": 59, "mu": [-1.8494231059518809, 2.3553630883757535, 1.0080032968788732], "Sigma": [[0.010035631750836506, 0.005346153871546405, -0.015920827825169053], [0.005346153871546405, 0.005588449083686764, -0.016043130415342347], [-0.01592082782516905, -0.016043130415342347, 0.05862211295720161]], "chi2_level": 0.95, "chi2_df": 3, "chi2_threshold": 7.814727903251179, "N_raw": 52, "N_roi": 52, "N_inlier": 49, "refit": true}
{"timestamp": "16:38:27.685047", "frame": 60, "mu": [-1.8269840442067937, 2.27827923401196, 1.1440549025406508], "Sigma": [[0.008184864318066098, 0.003317173809623675, -0.0006555201493778392], [0.003317173809623675, 0.004476797649788217, -0.006029044886497392], [-0.0006555201493778397, -0.006029044886497392, 0.020940816196830733]], "chi2_level": 0.95, "chi2_df": 3, "chi2_threshold": 7.814727903251179, "N_raw": 32, "N_roi": 32, "N_inlier": 28, "refit": true}
{"timestamp": "16:38:27.735845", "frame": 61, "mu": [-1.8071344975333308, 2.2497834033417377, 0.9900490348671115], "Sigma": [[0.004101732828749886, -0.0011366719787260083, 0.008111530487457278], [-0.0011366719787260083, 0.0009401680977757597, -0.0031778065947264986], [0.008111530487457278, -0.0031778065947264986, 0.02635587961855604]], "chi2_level": 0.95, "chi2_df": 3, "chi2_threshold": 7.814727903251179, "N_raw": 6, "N_roi": 6, "N_inlier": 6, "refit": true}
{"timestamp": "16:38:27.792229", "frame": 62, "mu": [-1.8694465937014417, 2.0542030560519824, 1.1151440484521287], "Sigma": [[0.026252293402184376, 0.0207563831281474, -0.04206796429982096], [0.0207563831281474, 0.0179344567914494, -0.03913076497868852], [-0.04206796429982096, -0.03913076497868852, 0.10114684486797451]], "chi2_level": 0.95, "chi2_df": 3, "chi2_threshold": 7.814727903251179, "N_raw": 9, "N_roi": 9, "N_inlier": 8, "refit": true}
{"timestamp": "16:38:27.850816", "frame": 63, "mu": [-2.1770260047896546, 1.7680608600787833, 1.4721744284671487], "Sigma": [[0.06343171072070045, 0.051974636183498055, -0.06961091174231171], [0.05197463618349806, 0.05115247340371877, -0.06916148436287799], [-0.06961091174231171, -0.06916148436287797, 0.09724135885332147]], "chi2_level": 0.95, "chi2_df": 3, "chi2_threshold": 7.814727903251179, "N_raw": 37, "N_roi": 37, "N_inlier": 36, "refit": true}
{"timestamp": "16:38:27.907632", "frame": 64, "mu": [-2.0541787125271345, 1.7779987659235539, 1.447964408923649], "Sigma": [[0.06489001005581496, 0.044421339407785906, -0.058426872076422186], [0.044421339407785906, 0.03751378718684572, -0.047094059180673685], [-0.058426872076422186, -0.047094059180673685, 0.0641585368125576]], "chi2_level": 0.95, "chi2_df": 3, "chi2_threshold": 7.814727903251179, "N_raw": 48, "N_roi": 48, "N_inlier": 46, "refit": true}
{"timestamp": "16:38:27.960588", "frame": 65, "mu": [-2.1282724887141447, 1.6346779213692955, 1.5098033201610237], "Sigma": [[0.034536769104837176, 0.026952655236056024, -0.02889831257861369], [0.02695265523605602, 0.028554940156830275, -0.025182188862288242], [-0.028898312578613687, -0.025182188862288242, 0.02655667779401968]], "chi2_level": 0.95, "chi2_df": 3, "chi2_threshold": 7.814727903251179, "N_raw": 31, "N_roi": 31, "N_inlier": 28, "refit": true}
{"timestamp": "16:38:28.014656", "frame": 66, "mu": [-1.9909195451913664, 1.6091693420981026, 1.3677569824681963], "Sigma": [[0.025118477964328624, 0.015827490977019406, -0.032046268733211675], [0.015827490977019406, 0.019745331908312184, -0.02459274373951638], [-0.032046268733211675, -0.02459274373951638, 0.05206168430329447]], "chi2_level": 0.95, "chi2_df": 3, "chi2_threshold": 7.814727903251179, "N_raw": 25, "N_roi": 24, "N_inlier": 22, "refit": true}
{"timestamp": "16:38:28.071296", "frame": 67, "mu": [-2.0433276832821434, 1.5577868111630409, 1.4293394867666616], "Sigma": [[0.015814745122473703, 0.009603504174882236, -0.014839463049689004], [0.009603504174882238, 0.012015165247113926, -0.011290931546751799], [-0.014839463049689004, -0.011290931546751799, 0.018715605054070314]], "chi2_level": 0.95, "chi2_df": 3, "chi2_threshold": 7.814727903251179, "N_raw": 42, "N_roi": 42, "N_inlier": 40, "refit": true}
{"timestamp": "16:38:28.131073", "frame": 68, "mu": [-1.9165256554446573, 1.6830798790236492, -0.43073385474642545], "Sigma": [[0.013809832854981498, 0.01843460983480366, 0.0028032027394954305], [0.01843460983480366, 0.04604611947824572, 0.009411758843462185], [0.0028032027394954313, 0.009411758843462185, 0.01399721859712549]], "chi2_level": 0.95, "chi2_df": 3, "chi2_threshold": 7.814727903251179, "N_raw": 69, "N_roi": 69, "N_inlier": 64, "refit": true}
{"timestamp": "16:38:28.184398", "frame": 69, "mu": [-1.8136677741194307, 1.5386099547332293, 1.1144832327894296], "Sigma": [[0.021093413863362526, 0.01475411899726544, -0.013210749912828692], [0.01475411899726544, 0.015458289657345024, -0.010846402904897018], [-0.013210749912828692, -0.010846402904897018, 0.00935546306425459]], "chi2_level": 0.95, "chi2_df": 3, "chi2_threshold": 7.814727903251179, "N_raw": 54, "N_roi": 54, "N_inlier": 51, "refit": true}
{"timestamp": "16:38:28.239278", "frame": 70, "mu": [-1.9939927191367413, 1.3479548793595504, 1.2823453726680907], "Sigma": [[0.011401367784016759, 0.010275432763082161, -0.007153975591010356], [0.010275432763082161, 0.018113407282475347, -0.012238599592305532], [-0.007153975591010356, -0.012238599592305534, 0.01487337058955362]], "chi2_level": 0.95, "chi2_df": 3, "chi2_threshold": 7.814727903251179, "N_raw": 54, "N_roi": 54, "N_inlier": 52, "refit": true}
{"timestamp": "16:38:28.296267", "frame": 71, "mu": [-1.8790225368893745, 1.4121349100617229, 1.1573895114304582], "Sigma": [[0.015799151777130982, 0.013497655432555114, -0.01924642706013749], [0.013497655432555114, 0.014912953156986703, -0.01967961548253013], [-0.019246427060137492, -0.01967961548253013, 0.04075688904255299]], "chi2_level": 0.95, "chi2_df": 3, "chi2_threshold": 7.814727903251179, "N_raw": 66, "N_roi": 66, "N_inlier": 63, "refit": true}
{"timestamp": "16:38:28.348330", "frame": 72, "mu": [-1.9950786856629035, 1.1824969445684863, 1.310418613400622], "Sigma": [[0.007822101835425472, 0.005026089471545796, -0.00464007078514243], [0.005026089471545796, 0.015653889184254623, -0.010620704670425418], [-0.00464007078514243, -0.010620704670425418, 0.009836551204012393]], "chi2_level": 0.95, "chi2_df": 3, "chi2_threshold": 7.814727903251179, "N_raw": 57, "N_roi": 57, "N_inlier": 55, "refit": true}
{"timestamp": "16:38:28.404979", "frame": 73, "mu": [-1.9587475866939394, 1.2458745842517807, 1.0790400493706491], "Sigma": [[0.018392159571511447, 0.009183091741884555, 0.007378558736512045], [0.009183091741884555, 0.015427806301881761, -0.01343308552643931], [0.007378558736512044, -0.01343308552643931, 0.03527936997315348]], "chi2_level": 0.95, "chi2_df": 3, "chi2_threshold": 7.814727903251179, "N_raw": 69, "N_roi": 69, "N_inlier": 64, "refit": true}
{"timestamp": "16:38:28.458299", "frame": 74, "mu": [-1.9733206278686746, 1.3195715041609013, -0.6507613352967389], "Sigma": [[0.02225589263443415, 0.007423529602648268, 0.017574332304125494], [0.00742352960264827, 0.024528297337700424, 0.009197526670030702], [0.01757433230412549, 0.009197526670030702, 0.022907348723532235]], "chi2_level": 0.95, "chi2_df": 3, "chi2_threshold": 7.814727903251179, "N_raw": 51, "N_roi": 51, "N_inlier": 50, "refit": true}
{"timestamp": "16:38:28.522942", "frame": 75, "mu": [-1.960341086059419, 1.0334265190352516, 1.0889047877561675], "Sigma": [[0.030867778950557062, 0.015954504603882633, 0.01357546070706989], [0.015954504603882633, 0.02046407767250468, -0.009952797885243536], [0.01357546070706989, -0.009952797885243536, 0.0362746131375496]], "chi2_level": 0.95, "chi2_df": 3, "chi2_threshold": 7.814727903251179, "N_raw": 121, "N_roi": 121, "N_inlier": 119, "refit": true}
{"timestamp": "16:38:28.570691", "frame": 76, "mu": [-1.8615585191027382, 1.0260937655052815, 1.199655378790969], "Sigma": [[0.0068891293551758635, 0.005370237786656557, -0.00023206905955460496], [0.005370237786656557, 0.010436024499439232, -0.007652993145684187], [-0.00023206905955460485, -0.007652993145684187, 0.012211499348355678]], "chi2_level": 0.95, "chi2_df": 3, "chi2_threshold": 7.814727903251179, "N_raw": 61, "N_roi": 61, "N_inlier": 54, "refit": true}
{"timestamp": "16:38:28.623395", "frame": 77, "mu": [-1.8191721510746601, 0.9589280819881103, 1.242497620754719], "Sigma": [[0.007230081202682034, 0.0027872472660981098, -0.0031404380189677798], [0.0027872472660981098, 0.011976617617916772, -0.005713462528387718], [-0.0031404380189677793, -0.005713462528387716, 0.0045896436377717625]], "chi2_level": 0.95, "chi2_df": 3, "chi2_threshold": 7.814727903251179, "N_raw": 52, "N_roi": 52, "N_inlier": 49, "refit": true}
{"timestamp": "16:38:28.679865", "frame": 78, "mu": [-1.7884597885099431, 0.944147175313431, 1.1065925599508364], "Sigma": [[0.011450604136523585, 0.00583795839456841, -0.0027481954297339083], [0.00583795839456841, 0.008959348622793678, -0.006318742275051638], [-0.002748195429733909, -0.006318742275051638, 0.007366790467183131]], "chi2_level": 0.95, "chi2_df": 3, "chi2_threshold": 7.814727903251179, "N_raw": 63, "N_roi": 63, "N_inlier": 61, "refit": true}
{"timestamp": "16:38:28.732322", "frame": 79, "mu": [-1.812462388406537, 0.8407222163731068, 1.1996069375773781], "Sigma": [[0.007147735556399455, 0.004879522311163771, -8.849536405457496e-06], [0.004879522311163771, 0.006579939086446606, -0.003996784185501012], [-8.849536405457388e-06, -0.003996784185501012, 0.015523922162973387]], "chi2_level": 0.95, "chi2_df": 3, "chi2_threshold": 7.814727903251179, "N_raw": 50, "N_roi": 50, "N_inlier": 47, "refit": true}
{"timestamp": "16:38:28.784436", "frame": 80, "mu": [-1.8256488857624218, 0.7037002896118062, 0.9467044557020409], "Sigma": [[0.005174602556425183, 0.006545011962473892, -0.0009639081057814117], [0.006545011962473892, 0.009209511415184597, -0.00010167088139081748], [-0.0009639081057814116, -0.00010167088139081731, 0.00845621776221867]], "chi2_level": 0.95, "chi2_df": 3, "chi2_threshold": 7.814727903251179, "N_raw": 28, "N_roi": 28, "N_inlier": 27, "refit": true}
{"timestamp": "16:38:28.844014", "frame": 81, "mu": [-1.7604438292596516, 0.7169737211818927, 1.091807933610318], "Sigma": [[0.006437910680876181, 0.007188993926140211, 0.0060655638734440935], [0.007188993926140211, 0.009345494350277447, 0.004472459684011155], [0.0060655638734440935, 0.004472459684011155, 0.0347899021242]], "chi2_level": 0.95, "chi2_df": 3, "chi2_threshold": 7.814727903251179, "N_raw": 62, "N_roi": 62, "N_inlier": 58, "refit": true}
{"timestamp": "16:38:28.896911", "frame": 82, "mu": [-1.7017647453310878, 0.6973206466922791, 1.2828128597846526], "Sigma": [[0.004770889966151163, 0.0040674573094139875, -0.0008989618776206685], [0.0040674573094139875, 0.007341022735518959, -0.0060827843759307465], [-0.0008989618776206684, -0.006082784375930746, 0.011145132794366608]], "chi2_level": 0.95, "chi2_df": 3, "chi2_threshold": 7.814727903251179, "N_raw": 40, "N_roi": 40, "N_inlier": 39, "refit": true}
{"timestamp": "16:38:28.950895", "frame": 83, "mu": [-1.694482114356395, 0.6018081617271209, 1.1481696557811707], "Sigma": [[0.00978376248119054, 0.007671393721693278, 0.005789745587831968], [0.007671393721693277, 0.013526862458367173, 0.012757506880380957], [0.005789745587831966, 0.012757506880380957, 0.03983512750513821]], "chi2_level": 0.95, "chi2_df": 3, "chi2_threshold": 7.814727903251179, "N_raw": 43, "N_roi": 43, "N_inlier": 42, "refit": true}
{"timestamp": "16:38:29.006997", "frame": 84, "mu": [-1.6343822282338996, 0.45798657741300464, 1.0622041202702608], "Sigma": [[0.0067788200630152454, 0.0025092945141601975, -0.00342194085855405], [0.0025092945141601975, 0.005797393211289266, -0.005538365099850797], [-0.00342194085855405, -0.005538365099850797, 0.008253219689831082]], "chi2_level": 0.95, "chi2_df": 3, "chi2_threshold": 7.814727903251179, "N_raw": 46, "N_roi": 46, "N_inlier": 44, "refit": true}
{"timestamp": "16:38:29.062923", "frame": 85, "mu": [-1.6935615325437168, 0.5578538801273252, 1.19217302404936], "Sigma": [[0.012511673109626495, 0.001631174549128587, -0.0053667125795922276], [0.0016311745491285874, 0.0074966780402698436, -0.0057193486915781255], [-0.0053667125795922276, -0.0057193486915781255, 0.0066948952237636744]], "chi2_level": 0.95, "chi2_df": 3, "chi2_threshold": 7.814727903251179, "N_raw": 57, "N_roi": 57, "N_inlier": 54, "refit": true}
{"timestamp": "16:38:29.120270", "frame": 86, "mu": [-1.5904305311993276, 0.522584856396155, 1.2006860018920957], "Sigma": [[0.2316051841768995, -0.0033951962350555753, 0.0024917928013389193], [-0.0033951962350555753, 0.008226774654723506, -0.004607010344584301], [0.0024917928013389193, -0.004607010344584301, 0.0037730975955068548]], "chi2_level": 0.95, "chi2_df": 3, "chi2_threshold": 7.814727903251179, "N_raw": 58, "N_roi": 58, "N_inlier": 52, "refit": true}
{"timestamp": "16:38:29.174393", "frame": 87, "mu": [-1.1068149127248375, 0.46206975455171445, 1.1403060907703968], "Sigma": [[1.590342383819596, -0.0367862764717207, 0.04422823854179671], [-0.0367862764717207, 0.008996833206806198, -0.004032733571583003], [0.04422823854179671, -0.004032733571583003, 0.006320924113341892]], "chi2_level": 0.95, "chi2_df": 3, "chi2_threshold": 7.814727903251179, "N_raw": 59, "N_roi": 59, "N_inlier": 58, "refit": true}
{"timestamp": "16:38:29.228435", "frame": 88, "mu": [-0.9828802593057276, 0.42428608022436526, 1.1647772038800897], "Sigma": [[1.7318732082788155, -0.004888798348572879, 0.044127036818789864], [-0.004888798348572877, 0.003694034844384066, -0.0033615603511143663], [0.04412703681878987, -0.0033615603511143663, 0.006413921693128033]], "chi2_level": 0.95, "chi2_df": 3, "chi2_threshold": 7.814727903251179, "N_raw": 54, "N_roi": 54, "N_inlier": 54, "refit": true}
{"timestamp": "16:38:29.277430", "frame": 89, "mu": [0.2940768872291456, 0.32936775935811713, 0.8290628142185761], "Sigma": [[2.6013084585515625, 0.12315135885199674, 0.0019625083412877064], [0.12315135885199674, 0.01290922631812785, 0.003110728765815482], [0.00196250834128771, 0.0031107287658154814, 0.008068058239834539]], "chi2_level": 0.95, "chi2_df": 3, "chi2_threshold": 7.814727903251179, "N_raw": 13, "N_roi": 13, "N_inlier": 12, "refit": true}
{"timestamp": "16:38:29.330731", "frame": 90, "mu": [0.22762646862946656, 0.43385119320393306, 1.1651063671134427], "Sigma": [[2.3870274310732302, -0.0012500282816186089, 0.08800804383873331], [-0.0012500282816186098, 0.0001493145574848795, -0.00019855662966200696], [0.08800804383873331, -0.00019855662966200698, 0.004060583756124696]], "chi2_level": 0.95, "chi2_df": 3, "chi2_threshold": 7.814727903251179, "N_raw": 5, "N_roi": 5, "N_inlier": 5, "refit": true}
{"timestamp": "16:38:29.550115", "frame": 94, "mu": [1.5639794110638046, 0.3461287625803643, 0.8353307024356071], "Sigma": [[0.0011414090794902338, -0.001838478204314887, 0.0009717141282574457], [-0.0018384782043148872, 0.005720795086776803, -0.0013493176196329802], [0.0009717141282574457, -0.0013493176196329804, 0.0033386245142429127]], "chi2_level": 0.95, "chi2_df": 3, "chi2_threshold": 7.814727903251179, "N_raw": 8, "N_roi": 8, "N_inlier": 8, "refit": true}
