{"timestamp": "16:14:48.982944", "frame": 20, "mu": [0.6762048605536898, 4.948377341013758, 0.7562578614897064], "Sigma": [[0.017603635101962195, -0.001080273488885002, -0.007903955792100101], [-0.0010802734888850022, 0.0009340060569967972, -0.0007866999763896557], [-0.007903955792100103, -0.0007866999763896556, 0.009263718487421897]], "chi2_level": 0.95, "chi2_df": 3, "chi2_threshold": 7.814727903251179, "N_raw": 45, "N_roi": 18, "N_inlier": 18, "refit": true}
{"timestamp": "16:14:49.095268", "frame": 22, "mu": [0.5510956618953495, 4.889807577106035, 1.0284323545982297], "Sigma": [[0.03388142371543376, -0.0035520622747579837, -0.010245306399326401], [-0.003552062274757984, 0.005306552352646962, 0.004354145457924001], [-0.010245306399326401, 0.004354145457924001, 0.006797642904647512]], "chi2_level": 0.95, "chi2_df": 3, "chi2_threshold": 7.814727903251179, "N_raw": 55, "N_roi": 44, "N_inlier": 43, "refit": true}
{"timestamp": "16:14:49.150322", "frame": 23, "mu": [0.5170717508426665, 4.870232626663166, 0.9538420802354615], "Sigma": [[0.027002892842682417, -0.0032479962132993916, -0.01308463355606046], [-0.003247996213299391, 0.003916924836266252, -0.00046680330493918264], [-0.013084633556060462, -0.00046680330493918253, 0.009259793817770182]], "chi2_level": 0.95, "chi2_df": 3, "chi2_threshold": 7.814727903251179, "N_raw": 42, "N_roi": 40, "N_inlier": 38, "refit": true}
{"timestamp": "16:14:49.199867", "frame": 24, "mu": [0.5818074179244367, 4.845780594891537, 0.847940619472026], "Sigma": [[0.0024517549874523196, 0.0010732161346996992, -0.003290328306737058], [0.0010732161346996992, 0.003557245746456475, -0.009814320365054394], [-0.003290328306737058, -0.009814320365054394, 0.05467656615721796]], "chi2_level": 0.95, "chi2_df": 3, "chi2_threshold": 7.814727903251179, "N_raw": 6, "N_roi": 6, "N_inlier": 6, "refit": true}
{"timestamp": "16:14:49.258132", "frame": 25, "mu": [0.5589519486381322, 4.856719766239442, 0.6987224424736673], "Sigma": [[0.024286521089055105, -0.00195562664389105, -0.008734377792934393], [-0.00195562664389105, 0.0038847539137930446, 0.001994644918889552], [-0.008734377792934393, 0.001994644918889552, 0.005491987463154437]], "chi2_level": 0.95, "chi2_df": 3, "chi2_threshold": 7.814727903251179, "N_raw": 37, "N_roi": 34, "N_inlier": 33, "refit": true}
{"timestamp": "16:14:49.312268", "frame": 26, "mu": [0.6499227839832629, 4.703267290576177, 0.5608469159590304], "Sigma": [[0.017969213167981404, -0.005521517355101049, -0.014930038515520263], [-0.005521517355101048, 0.0034398154235197034, 0.004846644096955019], [-0.014930038515520263, 0.004846644096955019, 0.016114638105511905]], "chi2_level": 0.95, "chi2_df": 3, "chi2_threshold": 7.814727903251179, "N_raw": 25, "N_roi": 23, "N_inlier": 21, "refit": true}
{"timestamp": "16:14:49.369396", "frame": 27, "mu": [0.4224146504607092, 4.774062342881257, -1.2067255300177315], "Sigma": [[0.027117736833920644, -0.007612579337493804, -0.014936021982115093], [-0.007612579337493804, 0.00505340882933072, 0.004196546812352471], [-0.014936021982115093, 0.004196546812352471, 0.010335752919335315]], "chi2_level": 0.95, "chi2_df": 3, "chi2_threshold": 7.814727903251179, "N_raw": 37, "N_roi": 35, "N_inlier": 33, "refit": true}
{"timestamp": "16:14:49.430223", "frame": 28, "mu": [0.39145658946301887, 4.687834563548497, 0.962918865312014], "Sigma": [[0.02830371588489545, -0.008258849353222582, -0.012960701282802382], [-0.00825884935322258, 0.0077913468506362145, -0.007052065912502065], [-0.01296070128280238, -0.007052065912502065, 0.044184218121821627]], "chi2_level": 0.95, "chi2_df": 3, "chi2_threshold": 7.814727903251179, "N_raw": 74, "N_roi": 72, "N_inlier": 70, "refit": true}
{"timestamp": "16:14:49.481226", "frame": 29, "mu": [0.29766159786199164, 4.733297924379002, 0.8069982681182328], "Sigma": [[0.02743418284599495, -0.003177155957892367, -0.008539341778290643], [-0.003177155957892367, 0.0044642210039056536, 0.00029919828471449566], [-0.008539341778290644, 0.00029919828471449577, 0.00575889935324816]], "chi2_level": 0.95, "chi2_df": 3, "chi2_threshold": 7.814727903251179, "N_raw": 50, "N_roi": 48, "N_inlier": 45, "refit": true}
{"timestamp": "16:14:49.540674", "frame": 30, "mu": [0.3969817626513067, 4.62240149149701, 0.8749889532845693], "Sigma": [[0.035563630324752876, -0.010630211293807092, -0.007580901271104334], [-0.010630211293807092, 0.009244307853603816, -0.0051109082622805635], [-0.0075809012711043336, -0.005110908262280564, 0.017357886778629428]], "chi2_level": 0.95, "chi2_df": 3, "chi2_threshold": 7.814727903251179, "N_raw": 79, "N_roi": 77, "N_inlier": 77, "refit": true}
{"timestamp": "16:14:49.594697", "frame": 31, "mu": [0.5591462193743802, 4.489982853887373, 0.7580996125942101], "Sigma": [[0.03777815936588841, -0.009248718306260817, -0.051924551179059655], [-0.009248718306260817, 0.004131270795023315, 0.007092076583889048], [-0.051924551179059655, 0.00709207658388905, 0.1188910131963883]], "chi2_level": 0.95, "chi2_df": 3, "chi2_threshold": 7.814727903251179, "N_raw": 73, "N_roi": 73, "N_inlier": 73, "refit": true}
{"timestamp": "16:14:49.649534", "frame": 32, "mu": [0.42249401528508174, 4.523456984852503, 0.6878391195575739], "Sigma": [[0.0361831185382699, -0.010581021452656835, -0.023033446920013773], [-0.010581021452656835, 0.005818128441508727, 0.0007757502174373125], [-0.023033446920013773, 0.0007757502174373124, 0.035964113933045105]], "chi2_level": 0.95, "chi2_df": 3, "chi2_threshold": 7.814727903251179, "N_raw": 70, "N_roi": 69, "N_inlier": 67, "refit": true}
{"timestamp": "16:14:49.699383", "frame": 33, "mu": [0.47207902093446524, 4.45521693366636, 0.6089894532443001], "Sigma": [[0.021799364924757952, -0.010690889038045664, -0.01999095071838161], [-0.010690889038045664, 0.007486612304344192, 0.00970846661483186], [-0.01999095071838161, 0.009708466614831858, 0.02072506132728502]], "chi2_level": 0.95, "chi2_df": 3, "chi2_threshold": 7.814727903251179, "N_raw": 33, "N_roi": 32, "N_inlier": 29, "refit": true}
{"timestamp": "16:14:49.757542", "frame": 34, "mu": [0.5635976448532953, 4.517756664532419, -0.07556279093234787], "Sigma": [[0.024085883349014476, -0.0039216639420038895, -0.010813370419440117], [-0.0039216639420038895, 0.007670285143761918, -0.012887017513071652], [-0.010813370419440116, -0.012887017513071652, 0.042527915858596256]], "chi2_level": 0.95, "chi2_df": 3, "chi2_threshold": 7.814727903251179, "N_raw": 56, "N_roi": 55, "N_inlier": 54, "refit": true}
{"timestamp": "16:14:49.813526", "frame": 35, "mu": [0.529961599494792, 4.324043332251649, 0.9539743887851339], "Sigma": [[0.027637725015243954, -0.007223343453090542, -0.010078760325448438], [-0.007223343453090542, 0.005528800335336748, -0.003803559914258079], [-0.010078760325448438, -0.0038035599142580796, 0.0190585199992236]], "chi2_level": 0.95, "chi2_df": 3, "chi2_threshold": 7.814727903251179, "N_raw": 65, "N_roi": 65, "N_inlier": 62, "refit": true}
{"timestamp": "16:14:49.863988", "frame": 36, "mu": [0.5649634222189613, 4.2527027841418885, 0.8927255532087145], "Sigma": [[0.015516232878777332, -0.001216989898768546, -0.0207258980945749], [-0.0012169898987685463, 0.0010150293912387395, -0.0027377195039197397], [-0.0207258980945749, -0.0027377195039197397, 0.06046637815054297]], "chi2_level": 0.95, "chi2_df": 3, "chi2_threshold": 7.814727903251179, "N_raw": 27, "N_roi": 27, "N_inlier": 25, "refit": true}
{"timestamp": "16:14:49.921137", "frame": 37, "mu": [0.5686424709861039, 4.355000724723844, -0.0019266703508786429], "Sigma": [[0.02486189074692994, -0.0019894814886380723, -0.011553982453587904], [-0.001989481488638072, 0.005498251852602353, -0.006053273020179637], [-0.011553982453587904, -0.006053273020179637, 0.016800349658200164]], "chi2_level": 0.95, "chi2_df": 3, "chi2_threshold": 7.814727903251179, "N_raw": 53, "N_roi": 53, "N_inlier": 52, "refit": true}
{"timestamp": "16:14:49.973589", "frame": 38, "mu": [0.5087236658214231, 4.1701237931924116, 0.9325425266673977], "Sigma": [[0.018578045959226352, -0.003511486532885803, -0.009217396801610623], [-0.0035114865328858026, 0.002622258840224988, 0.0006401614004415532], [-0.009217396801610623, 0.0006401614004415534, 0.00646136901966123]], "chi2_level": 0.95, "chi2_df": 3, "chi2_threshold": 7.814727903251179, "N_raw": 27, "N_roi": 27, "N_inlier": 25, "refit": true}
{"timestamp": "16:14:50.037987", "frame": 39, "mu": [0.5832147272237092, 4.120819921551379, 0.7806281853277072], "Sigma": [[0.023824052882804557, -0.0004022076964368499, 0.0039089739074098465], [-0.0004022076964368505, 0.008155531869417393, -0.0017644686051398145], [0.0039089739074098465, -0.0017644686051398145, 0.009725238939055475]], "chi2_level": 0.95, "chi2_df": 3, "chi2_threshold": 7.814727903251179, "N_raw": 70, "N_roi": 68, "N_inlier": 66, "refit": true}
{"timestamp": "16:14:50.089003", "frame": 40, "mu": [0.6240452555574062, 4.065435366507873, 0.7641881117259683], "Sigma": [[0.03581203559269068, 0.0014630515675780158, -0.0024770883387100202], [0.001463051567578016, 0.006213377443996041, -0.0007380547841422406], [-0.00247708833871002, -0.0007380547841422405, 0.006726767605610215]], "chi2_level": 0.95, "chi2_df": 3, "chi2_threshold": 7.814727903251179, "N_raw": 72, "N_roi": 72, "N_inlier": 70, "refit": true}
{"timestamp": "16:14:50.141319", "frame": 41, "mu": [0.5602365581355057, 4.0400783140790155, 0.709479342079199], "Sigma": [[0.02492326487907072, 0.0013942891483738843, -0.0028799320275314255], [0.0013942891483738839, 0.005420533381678459, 0.0004364790794397778], [-0.0028799320275314255, 0.0004364790794397779, 0.0025499241014955193]], "chi2_level": 0.95, "chi2_df": 3, "chi2_threshold": 7.814727903251179, "N_raw": 53, "N_roi": 51, "N_inlier": 49, "refit": true}
{"timestamp": "16:14:50.197021", "frame": 42, "mu": [0.5394293143981381, 3.972286182149958, 1.0102677480725277], "Sigma": [[0.025773442012449414, -0.004161306457621178, 0.001772081334082601], [-0.004161306457621177, 0.0024576403940323433, -0.0036363249548496974], [0.0017720813340826012, -0.003636324954849697, 0.02355794604862485]], "chi2_level": 0.95, "chi2_df": 3, "chi2_threshold": 7.814727903251179, "N_raw": 55, "N_roi": 55, "N_inlier": 53, "refit": true}
{"timestamp": "16:14:50.256043", "frame": 43, "mu": [0.5832702098739938, 3.8819174894956068, 0.8397616376935776], "Sigma": [[0.02374644588128766, -0.005412024232062424, -0.007729266601444971], [-0.0054120242320624245, 0.0030321145403803852, -0.000989341071907012], [-0.0077292666014449705, -0.000989341071907012, 0.051153612758356275]], "chi2_level": 0.95, "chi2_df": 3, "chi2_threshold": 7.814727903251179, "N_raw": 66, "N_roi": 66, "N_inlier": 65, "refit": true}
{"timestamp": "16:14:50.307098", "frame": 44, "mu": [0.5373119910197031, 3.8458401392116217, 0.7477028865351655], "Sigma": [[0.024969112233044773, -0.002471932487157835, -0.005065274493968729], [-0.002471932487157835, 0.0017498513472386649, -0.0033650579074409586], [-0.005065274493968729, -0.0033650579074409586, 0.030878976185364077]], "chi2_level": 0.95, "chi2_df": 3, "chi2_threshold": 7.814727903251179, "N_raw": 61, "N_roi": 61, "N_inlier": 60, "refit": true}
{"timestamp": "16:14:50.359377", "frame": 45, "mu": [0.5471454061515467, 3.751469865001011, 0.839252626347949], "Sigma": [[0.01400138647929558, -0.0037309415707141476, -0.0025292917484674477], [-0.0037309415707141476, 0.0021255390095259617, -0.002194542019519089], [-0.0025292917484674477, -0.002194542019519089, 0.01820465580551082]], "chi2_level": 0.95, "chi2_df": 3, "chi2_threshold": 7.814727903251179, "N_raw": 36, "N_roi": 36, "N_inlier": 33, "refit": true}
{"timestamp": "16:14:50.416753", "frame": 46, "mu": [0.5624319957755265, 3.706881607875841, 0.6398723670629558], "Sigma": [[0.015478007474209505, -0.00039340139960610866, 0.0030867740148641572], [-0.00039340139960610866, 0.004802912514212087, -0.007145502203151057], [0.0030867740148641572, -0.007145502203151057, 0.033508151261854906]], "chi2_level": 0.95, "chi2_df": 3, "chi2_threshold": 7.814727903251179, "N_raw": 53, "N_roi": 53, "N_inlier": 49, "refit": true}
{"timestamp": "16:14:50.465869", "frame": 47, "mu": [0.5810101915657896, 3.8465718405833456, -0.2365518332434364], "Sigma": [[0.009708604120637737, 0.00893135316296151, -0.015654348191866854], [0.00893135316296151, 0.023958189756550268, -0.06011431395492763], [-0.015654348191866854, -0.06011431395492764, 0.16279402001032922]], "chi2_level": 0.95, "chi2_df": 3, "chi2_threshold": 7.814727903251179, "N_raw": 13, "N_roi": 10, "N_inlier": 9, "refit": true}
{"timestamp": "16:14:50.530967", "frame": 48, "mu": [0.5438378841925106, 3.600326927204635, 0.8212788717847052], "Sigma": [[0.021103303730122112, -0.0004028353167003545, -0.0018941020011929365], [-0.0004028353167003545, 0.0037667501936685995, -0.009042745905808357], [-0.0018941020011929367, -0.009042745905808357, 0.026970006308891938]], "chi2_level": 0.95, "chi2_df": 3, "chi2_threshold": 7.814727903251179, "N_raw": 78, "N_roi": 76, "N_inlier": 75, "refit": true}
{"timestamp": "16:14:50.587642", "frame": 49, "mu": [0.6044926723784338, 3.548021569765947, 0.8366020942976381], "Sigma": [[0.025030855996391786, -0.0038732450349255316, -0.025960819980234036], [-0.003873245034925531, 0.005673707550491571, -0.00533090174191992], [-0.02596081998023404, -0.00533090174191992, 0.0584194001915775]], "chi2_level": 0.95, "chi2_df": 3, "chi2_threshold": 7.814727903251179, "N_raw": 95, "N_roi": 95, "N_inlier": 93, "refit": true}
{"timestamp": "16:14:50.641710", "frame": 50, "mu": [0.5376109279430169, 3.522799282325841, 0.7975081625821662], "Sigma": [[0.03169073019192942, -0.007247357026283693, -0.029287083892223283], [-0.007247357026283692, 0.0064602179358590394, 0.0015965241690232264], [-0.029287083892223283, 0.0015965241690232262, 0.0440761042180687]], "chi2_level": 0.95, "chi2_df": 3, "chi2_threshold": 7.814727903251179, "N_raw": 91, "N_roi": 91, "N_inlier": 89, "refit": true}
{"timestamp": "16:14:50.698147", "frame": 51, "mu": [0.5244835702731371, 3.475646541804392, 0.8416676664383715], "Sigma": [[0.025932408716374356, -0.0035984634722122204, -0.012798690654402374], [-0.00359846347221222, 0.006720242663931277, -0.005349174897180064], [-0.012798690654402377, -0.005349174897180064, 0.028117500435851865]], "chi2_level": 0.95, "chi2_df": 3, "chi2_threshold": 7.814727903251179, "N_raw": 100, "N_roi": 100, "N_inlier": 94, "refit": true}
{"timestamp": "16:14:50.751145", "frame": 52, "mu": [0.576062921904721, 3.394339484370703, 0.6774481688844299], "Sigma": [[0.029145986004619304, -0.006987490744580974, -0.00663486567089208], [-0.006987490744580974, 0.005399809635679622, -0.0010570151776193202], [-0.006634865670892079, -0.0010570151776193202, 0.009558973331452187]], "chi2_level": 0.95, "chi2_df": 3, "chi2_threshold": 7.814727903251179, "N_raw": 75, "N_roi": 75, "N_inlier": 70, "refit": true}
{"timestamp": "16:14:50.800576", "frame": 53, "mu": [0.5536793693367926, 3.5252102446701636, -0.18975518051991624], "Sigma": [[0.011124909598851934, -0.0005626076830150138, -0.003807084087286763], [-0.0005626076830150142, 0.004092584326628465, -0.009258730032204423], [-0.0038070840872867625, -0.009258730032204423, 0.027319367415027683]], "chi2_level": 0.95, "chi2_df": 3, "chi2_threshold": 7.814727903251179, "N_raw": 42, "N_roi": 42, "N_inlier": 40, "refit": true}
{"timestamp": "16:14:50.862012", "frame": 54, "mu": [0.5707973931746457, 3.369045042335029, 0.7874540067655373], "Sigma": [[0.03239353424468956, 6.1023899390091755e-05, -0.020693323616729247], [6.1023899390091755e-05, 0.005884069954202722, -0.0017932264830411515], [-0.020693323616729244, -0.0017932264830411513, 0.017289914708143457]], "chi2_level": 0.95, "chi2_df": 3, "chi2_threshold": 7.814727903251179, "N_raw": 87, "N_roi": 87, "N_inlier": 82, "refit": true}
{"timestamp": "16:14:50.912976", "frame": 55, "mu": [0.5260497829585672, 3.3331528949906444, 0.8081368556771957], "Sigma": [[0.025320528578526937, -0.001984118229351698, -0.017667277340218723], [-0.0019841182293516986, 0.005321783877041449, 0.0015619803781618336], [-0.017667277340218723, 0.0015619803781618336, 0.014770835984929625]], "chi2_level": 0.95, "chi2_df": 3, "chi2_threshold": 7.814727903251179, "N_raw": 65, "N_roi": 65, "N_inlier": 61, "refit": true}
{"timestamp": "16:14:50.970157", "frame": 56, "mu": [0.4695242295632937, 3.213814897001582, 0.8050245727209188], "Sigma": [[0.020409354530809817, -0.006855672882329137, -0.009535850661224702], [-0.006855672882329137, 0.004863605926292552, -0.00774272357530931], [-0.009535850661224702, -0.00774272357530931, 0.11447758960426825]], "chi2_level": 0.95, "chi2_df": 3, "chi2_threshold": 7.814727903251179, "N_raw": 79, "N_roi": 79, "N_inlier": 75, "refit": true}
{"timestamp": "16:14:51.025909", "frame": 57, "mu": [0.5420039452815849, 3.3519205111617625, -0.2944019821806023], "Sigma": [[0.02173557147577875, -0.007913314155499587, -0.0025817521196654183], [-0.007913314155499588, 0.009188238848214863, -0.010604274258752173], [-0.0025817521196654183, -0.010604274258752173, 0.0231641428259498]], "chi2_level": 0.95, "chi2_df": 3, "chi2_threshold": 7.814727903251179, "N_raw": 80, "N_roi": 80, "N_inlier": 76, "refit": true}
{"timestamp": "16:14:51.077215", "frame": 58, "mu": [0.6261568420384317, 3.0645655642291962, 0.8071199720179226], "Sigma": [[0.011226206270704846, -0.002088878203158672, -0.004093766535765469], [-0.002088878203158672, 0.0019695874592239528, -0.001822943302573546], [-0.004093766535765469, -0.0018229433025735461, 0.0416340230603338]], "chi2_level": 0.95, "chi2_df": 3, "chi2_threshold": 7.814727903251179, "N_raw": 58, "N_roi": 58, "N_inlier": 53, "refit": true}
{"timestamp": "16:14:51.139643", "frame": 59, "mu": [0.5888903221015943, 3.259441189642471, -0.38117146637854], "Sigma": [[0.01802891169912656, -0.021053940136099177, 0.07684933419512455], [-0.02105394013609918, 0.06450328609067067, -0.21786509191288495], [0.07684933419512455, -0.21786509191288495, 0.7740428243231524]], "chi2_level": 0.95, "chi2_df": 3, "chi2_threshold": 7.814727903251179, "N_raw": 102, "N_roi": 102, "N_inlier": 101, "refit": true}
{"timestamp": "16:14:51.189362", "frame": 60, "mu": [0.7132620835719343, 2.9898404888817707, 0.8044236601373249], "Sigma": [[0.03577038376104916, 0.0019897393364669723, -0.011726267872678345], [0.0019897393364669723, 0.0036596626065528715, -0.0038906773061372227], [-0.011726267872678345, -0.0038906773061372227, 0.05598774489896244]], "chi2_level": 0.95, "chi2_df": 3, "chi2_threshold": 7.814727903251179, "N_raw": 69, "N_roi": 68, "N_inlier": 64, "refit": true}
{"timestamp": "16:14:51.253595", "frame": 61, "mu": [0.6083356229865217, 2.9789901270738737, 0.9235008509212763], "Sigma": [[0.03866099258084185, -0.006582381024224168, -0.0040798405942836635], [-0.006582381024224168, 0.006389679099537592, -0.00985035492818874], [-0.0040798405942836635, -0.009850354928188738, 0.028747279758191878]], "chi2_level": 0.95, "chi2_df": 3, "chi2_threshold": 7.814727903251179, "N_raw": 132, "N_roi": 132, "N_inlier": 128, "refit": true}
{"timestamp": "16:14:51.296817", "frame": 62, "mu": [0.6121780756519118, 2.9136157478328735, -0.9024640427130783], "Sigma": [[0.02271078433515212, 0.000869134902952085, 0.07495202987463581], [0.000869134902952085, 0.006868543881671155, -0.00671383590824828], [0.07495202987463581, -0.006713835908248282, 0.4636560600891545]], "chi2_level": 0.95, "chi2_df": 3, "chi2_threshold": 7.814727903251179, "N_raw": 51, "N_roi": 51, "N_inlier": 50, "refit": true}
{"timestamp": "16:14:51.357484", "frame": 63, "mu": [0.6365182244090108, 2.820706981633335, 0.9519650157497712], "Sigma": [[0.015496530930819234, -0.003423070934420768, -0.003061538882680149], [-0.003423070934420768, 0.00383420337690205, -0.00818904284880154], [-0.0030615388826801494, -0.00818904284880154, 0.035215448268884675]], "chi2_level": 0.95, "chi2_df": 3, "chi2_threshold": 7.814727903251179, "N_raw": 91, "N_roi": 91, "N_inlier": 87, "refit": true}
{"timestamp": "16:14:51.403925", "frame": 64, "mu": [0.5553554559982748, 2.821333549940839, 0.7595998274816931], "Sigma": [[0.016497272623976374, 0.00019495157669666607, -0.02219981985829986], [0.00019495157669666618, 0.00481196295411213, -0.01868364196038204], [-0.02219981985829986, -0.018683641960382046, 0.13260186223421927]], "chi2_level": 0.95, "chi2_df": 3, "chi2_threshold": 7.814727903251179, "N_raw": 27, "N_roi": 27, "N_inlier": 25, "refit": true}
{"timestamp": "16:14:51.465377", "frame": 65, "mu": [0.5870722051575937, 2.745149168371358, 0.8775627728609476], "Sigma": [[0.015535712915443948, -0.003180831725564076, 0.003505638040759986], [-0.003180831725564076, 0.002988322081417851, -0.006889227426511786], [0.003505638040759986, -0.006889227426511786, 0.02727958663976713]], "chi2_level": 0.95, "chi2_df": 3, "chi2_threshold": 7.814727903251179, "N_raw": 83, "N_roi": 83, "N_inlier": 79, "refit": true}
{"timestamp": "16:14:51.520468", "frame": 66, "mu": [0.6356236050995068, 2.684758243588593, 0.7951687703926181], "Sigma": [[0.017445091333139498, -0.005656429705819701, -0.00017486413305739935], [-0.0056564297058197014, 0.003994970334229609, -0.005417340575534284], [-0.00017486413305739957, -0.005417340575534284, 0.021077248493878598]], "chi2_level": 0.95, "chi2_df": 3, "chi2_threshold": 7.814727903251179, "N_raw": 81, "N_roi": 81, "N_inlier": 78, "refit": true}
{"timestamp": "16:14:51.576401", "frame": 67, "mu": [0.5997010949998748, 2.6032043649626186, 0.9448419715166304], "Sigma": [[0.015083460944675123, -0.002653290268799788, 0.012779691911032008], [-0.002653290268799788, 0.0020167452283491767, -0.0054169553436973815], [0.012779691911032008, -0.0054169553436973815, 0.08994088211308288]], "chi2_level": 0.95, "chi2_df": 3, "chi2_threshold": 7.814727903251179, "N_raw": 87, "N_roi": 87, "N_inlier": 86, "refit": true}
{"timestamp": "16:14:51.634323", "frame": 68, "mu": [0.6207773608261711, 2.591765161439499, 1.0090073980233076], "Sigma": [[0.014803624851386712, -0.0036971573346028432, 0.0012464666694856448], [-0.0036971573346028432, 0.030893083796755472, -0.010243951944665593], [0.0012464666694856452, -0.010243951944665593, 0.03639830504797161]], "chi2_level": 0.95, "chi2_df": 3, "chi2_threshold": 7.814727903251179, "N_raw": 103, "N_roi": 103, "N_inlier": 98, "refit": true}
{"timestamp": "16:14:51.687874", "frame": 69, "mu": [0.6522505956961843, 2.4939099647966563, 1.0166511748150087], "Sigma": [[0.02232828301619859, 0.00023257680732660375, -0.01752548111266944], [0.0002325768073266038, 0.002262485405011465, -0.008289440477981313], [-0.01752548111266944, -0.008289440477981313, 0.06501527570352923]], "chi2_level": 0.95, "chi2_df": 3, "chi2_threshold": 7.814727903251179, "N_raw": 91, "N_roi": 91, "N_inlier": 88, "refit": true}
{"timestamp": "16:14:51.746771", "frame": 70, "mu": [0.5261878870855397, 2.5932859189216275, -0.49847325281350596], "Sigma": [[0.01867657944696024, -0.014902767188209223, -0.01222463502042581], [-0.014902767188209225, 0.02501677316619622, 0.01483187998806575], [-0.01222463502042581, 0.01483187998806575, 0.08970190047716195]], "chi2_level": 0.95, "chi2_df": 3, "chi2_threshold": 7.814727903251179, "N_raw": 109, "N_roi": 109, "N_inlier": 105, "refit": true}
{"timestamp": "16:14:51.799459", "frame": 71, "mu": [0.5751278010291171, 2.4078749771287664, 0.9573038228266529], "Sigma": [[0.02772081520879809, -0.004525446209762168, -0.004770955822251252], [-0.004525446209762168, 0.006546939101347412, -0.006454808370877933], [-0.004770955822251252, -0.006454808370877933, 0.021918661531656995]], "chi2_level": 0.95, "chi2_df": 3, "chi2_threshold": 7.814727903251179, "N_raw": 97, "N_roi": 97, "N_inlier": 93, "refit": true}
{"timestamp": "16:14:51.856710", "frame": 72, "mu": [0.645875989924069, 2.354637993707212, 0.9449626343250372], "Sigma": [[0.022640405356200446, -3.985490488931897e-06, -0.014471080257870984], [-3.98549048893187e-06, 0.002962587116948949, -0.006540437118264907], [-0.014471080257870984, -0.006540437118264907, 0.03663296628726739]], "chi2_level": 0.95, "chi2_df": 3, "chi2_threshold": 7.814727903251179, "N_raw": 116, "N_roi": 116, "N_inlier": 111, "refit": true}
{"timestamp": "16:14:51.916035", "frame": 73, "mu": [0.5905286571411523, 2.32636194160507, 0.7021911276776696], "Sigma": [[0.026102728130468305, -0.0004791568419039631, -0.015351998623870218], [-0.0004791568419039629, 0.005698905822500118, -0.006162164341620816], [-0.01535199862387022, -0.006162164341620818, 0.18954534052995767]], "chi2_level": 0.95, "chi2_df": 3, "chi2_threshold": 7.814727903251179, "N_raw": 150, "N_roi": 150, "N_inlier": 148, "refit": true}
{"timestamp": "16:14:51.971093", "frame": 74, "mu": [0.6333823276651191, 2.244304503446067, -0.17673934467919722], "Sigma": [[0.032441504167101724, -0.007385811604304808, 0.12817255691241308], [-0.0073858116043048075, 0.006241683374660966, -0.03182278695760076], [0.12817255691241308, -0.03182278695760077, 0.9533347990439526]], "chi2_level": 0.95, "chi2_df": 3, "chi2_threshold": 7.814727903251179, "N_raw": 140, "N_roi": 140, "N_inlier": 136, "refit": true}
{"timestamp": "16:14:52.020035", "frame": 75, "mu": [0.5526714638314189, 2.257749064354031, 1.0160257478516168], "Sigma": [[0.012390725885426111, -0.0030054205840174225, -0.003259886046071331], [-0.0030054205840174225, 0.00391086702333585, -0.011219674589058301], [-0.003259886046071331, -0.011219674589058298, 0.5903559442721366]], "chi2_level": 0.95, "chi2_df": 3, "chi2_threshold": 7.814727903251179, "N_raw": 103, "N_roi": 103, "N_inlier": 91, "refit": true}
{"timestamp": "16:14:52.073925", "frame": 76, "mu": [0.5565476525074299, 2.173740934983845, 0.8431967484124654], "Sigma": [[0.015006962654413118, -0.00276299497342034, 0.005977147716427305], [-0.00276299497342034, 0.0035962135715515136, -0.008520529865867859], [0.005977147716427307, -0.00852052986586786, 0.16137465440656765]], "chi2_level": 0.95, "chi2_df": 3, "chi2_threshold": 7.814727903251179, "N_raw": 98, "N_roi": 98, "N_inlier": 93, "refit": true}
{"timestamp": "16:14:52.121023", "frame": 77, "mu": [0.6920040438060261, 2.103730710354577, 0.8009108578046683], "Sigma": [[0.019941907345969206, -0.0011221483459392778, -0.028267706155822657], [-0.0011221483459392776, 0.0015838813921495536, -0.0013507799527883403], [-0.028267706155822657, -0.0013507799527883405, 0.06094244420028526]], "chi2_level": 0.95, "chi2_df": 3, "chi2_threshold": 7.814727903251179, "N_raw": 42, "N_roi": 41, "N_inlier": 39, "refit": true}
{"timestamp": "16:14:52.183459", "frame": 78, "mu": [0.8129284339040745, 2.1027217056100875, 0.8850577695414175], "Sigma": [[0.017149485025490296, -0.0008662732401781964, -0.014144345556830551], [-0.0008662732401781965, 0.004545628858306248, -0.005731357249257286], [-0.014144345556830551, -0.005731357249257286, 0.027409233867696385]], "chi2_level": 0.95, "chi2_df": 3, "chi2_threshold": 7.814727903251179, "N_raw": 98, "N_roi": 98, "N_inlier": 93, "refit": true}
{"timestamp": "16:14:52.245622", "frame": 79, "mu": [0.6895507324607637, 2.030321193594042, -0.20691071260282945], "Sigma": [[0.01757610659199936, -0.005005859742871613, 0.10661104658365356], [-0.005005859742871613, 0.010491812096625782, -0.07605386970266144], [0.10661104658365354, -0.07605386970266144, 1.3065380263818789]], "chi2_level": 0.95, "chi2_df": 3, "chi2_threshold": 7.814727903251179, "N_raw": 141, "N_roi": 137, "N_inlier": 133, "refit": true}
{"timestamp": "16:14:52.297768", "frame": 80, "mu": [0.6428126243989676, 2.070508809424663, -0.03655759822887528], "Sigma": [[0.014427408409566503, -0.011027916336678684, 0.06100289614188471], [-0.011027916336678684, 0.019101723523910423, -0.09419533636626717], [0.06100289614188472, -0.09419533636626717, 0.5147880150116323]], "chi2_level": 0.95, "chi2_df": 3, "chi2_threshold": 7.814727903251179, "N_raw": 114, "N_roi": 114, "N_inlier": 110, "refit": true}
{"timestamp": "16:14:52.352425", "frame": 81, "mu": [0.6794712494461549, 1.951351769764693, -1.001690908834934], "Sigma": [[0.021675379815913637, 0.006636071648073859, 0.0012171047192980238], [0.006636071648073859, 0.009048939575489509, 0.007144047394185518], [0.0012171047192980238, 0.007144047394185519, 0.07395420444620827]], "chi2_level": 0.95, "chi2_df": 3, "chi2_threshold": 7.814727903251179, "N_raw": 121, "N_roi": 121, "N_inlier": 117, "refit": true}
{"timestamp": "16:14:52.411977", "frame": 82, "mu": [0.6633091376916995, 1.8863414346478709, 0.9166956800484173], "Sigma": [[0.03831672825421271, -0.002776652664288556, -0.012789417806155905], [-0.0027766526642885557, 0.004662472536529664, -0.0019538283981370037], [-0.012789417806155907, -0.0019538283981370037, 0.04031613430591786]], "chi2_level": 0.95, "chi2_df": 3, "chi2_threshold": 7.814727903251179, "N_raw": 150, "N_roi": 150, "N_inlier": 144, "refit": true}
{"timestamp": "16:14:52.460115", "frame": 83, "mu": [0.6755955170079986, 1.8533548421836754, 0.9024098591267593], "Sigma": [[0.0662963976236487, -0.0007242364975037144, -0.00903364035437746], [-0.0007242364975037145, 0.0033044041481167415, -0.0024934727816350796], [-0.00903364035437746, -0.0024934727816350796, 0.018637296663960114]], "chi2_level": 0.95, "chi2_df": 3, "chi2_threshold": 7.814727903251179, "N_raw": 80, "N_roi": 80, "N_inlier": 73, "refit": true}
{"timestamp": "16:14:52.521831", "frame": 84, "mu": [0.6239885969179011, 1.68461652228051, 0.6031613078646184], "Sigma": [[0.017259023341271836, -0.0061634527586536415, -0.013712557455467681], [-0.006163452758653641, 0.011212316330921259, 0.039241302025673774], [-0.01371255745546768, 0.039241302025673774, 0.40240661895625957]], "chi2_level": 0.95, "chi2_df": 3, "chi2_threshold": 7.814727903251179, "N_raw": 150, "N_roi": 150, "N_inlier": 149, "refit": true}
{"timestamp": "16:14:52.573123", "frame": 85, "mu": [0.6277558551975119, 1.6850405920674154, 1.0601784374496404], "Sigma": [[0.01067524545533888, -0.002310166993473219, 0.014786449003057065], [-0.002310166993473219, 0.003356968106919633, -0.007362129790504051], [0.014786449003057065, -0.007362129790504051, 0.0683654793921846]], "chi2_level": 0.95, "chi2_df": 3, "chi2_threshold": 7.814727903251179, "N_raw": 127, "N_roi": 127, "N_inlier": 122, "refit": true}
{"timestamp": "16:14:52.622039", "frame": 86, "mu": [0.6155695939988237, 1.671500623341797, 1.0649011580850984], "Sigma": [[0.009359137543360629, -0.0004963073808875651, 0.007278025205120702], [-0.0004963073808875651, 0.0023963647648123374, -0.0004525282594732579], [0.007278025205120702, -0.0004525282594732579, 0.028926871646521433]], "chi2_level": 0.95, "chi2_df": 3, "chi2_threshold": 7.814727903251179, "N_raw": 80, "N_roi": 80, "N_inlier": 75, "refit": true}
{"timestamp": "16:14:52.682126", "frame": 87, "mu": [0.5611716051833385, 1.649862711533583, 1.0665442886408334], "Sigma": [[0.013478758023351975, -0.0071185089419068, 0.012739809398811362], [-0.0071185089419068, 0.007312505867972878, -0.013370825108082419], [0.012739809398811362, -0.013370825108082419, 0.04952237364729682]], "chi2_level": 0.95, "chi2_df": 3, "chi2_threshold": 7.814727903251179, "N_raw": 121, "N_roi": 121, "N_inlier": 116, "refit": true}
{"timestamp": "16:14:52.736841", "frame": 88, "mu": [0.619728437659933, 1.5770071349431576, -0.1184567953814542], "Sigma": [[0.00778478037278492, -0.004490881066569456, 0.06667495021545386], [-0.004490881066569456, 0.01001787057273496, -0.08038366179180145], [0.06667495021545386, -0.08038366179180145, 1.1899533563609037]], "chi2_level": 0.95, "chi2_df": 3, "chi2_threshold": 7.814727903251179, "N_raw": 119, "N_roi": 119, "N_inlier": 116, "refit": true}
{"timestamp": "16:14:52.790557", "frame": 89, "mu": [0.5648804426862788, 1.5213126791548057, -0.38455666348831546], "Sigma": [[0.010292370653279282, -0.003620960784928276, 0.07102433422242926], [-0.003620960784928276, 0.0039244707072218195, -0.041498467401447206], [0.07102433422242926, -0.041498467401447206, 1.1167858635680878]], "chi2_level": 0.95, "chi2_df": 3, "chi2_threshold": 7.814727903251179, "N_raw": 103, "N_roi": 103, "N_inlier": 102, "refit": true}
{"timestamp": "16:14:52.844439", "frame": 90, "mu": [0.5492160266282143, 1.4760093679558186, 1.0123039938175324], "Sigma": [[0.007341287089963991, -0.004242155123437729, -0.005155139163602171], [-0.004242155123437729, 0.0041126997324990484, 9.267144440869225e-05], [-0.005155139163602171, 9.267144440869247e-05, 0.03187370848044314]], "chi2_level": 0.95, "chi2_df": 3, "chi2_threshold": 7.814727903251179, "N_raw": 95, "N_roi": 95, "N_inlier": 90, "refit": true}
{"timestamp": "16:14:52.901647", "frame": 91, "mu": [0.6200212410797791, 1.422162610613311, 1.0016657805541125], "Sigma": [[0.03187831994472157, -0.0023063850989926186, -0.017187364791809906], [-0.002306385098992618, 0.003620532206377588, -0.004819864128536936], [-0.017187364791809902, -0.0048198641285369355, 0.0314821422290254]], "chi2_level": 0.95, "chi2_df": 3, "chi2_threshold": 7.814727903251179, "N_raw": 113, "N_roi": 113, "N_inlier": 109, "refit": true}
{"timestamp": "16:14:52.958383", "frame": 92, "mu": [0.5564625135960116, 1.3368647904707631, 1.1129546898355738], "Sigma": [[0.006960438670836054, -0.0036996673243362126, 0.007531961123891287], [-0.0036996673243362126, 0.005941481981261885, -0.010357338885721374], [0.007531961123891288, -0.010357338885721375, 0.05417919573115636]], "chi2_level": 0.95, "chi2_df": 3, "chi2_threshold": 7.814727903251179, "N_raw": 123, "N_roi": 123, "N_inlier": 117, "refit": true}
{"timestamp": "16:14:53.005028", "frame": 93, "mu": [0.5882828824378661, 1.268795031299258, 1.0602664876163186], "Sigma": [[0.007725824898032237, -0.0010171449157023213, 0.005265526975171736], [-0.0010171449157023213, 0.0015482788686789078, -0.0017172365367072054], [0.005265526975171736, -0.0017172365367072054, 0.04665239374045749]], "chi2_level": 0.95, "chi2_df": 3, "chi2_threshold": 7.814727903251179, "N_raw": 70, "N_roi": 70, "N_inlier": 65, "refit": true}
{"timestamp": "16:14:53.066241", "frame": 94, "mu": [0.5737618021843902, 1.254138954134329, 1.109673407082516], "Sigma": [[0.01530566265727016, 0.0008071873789661609, -0.011948718578309125], [0.0008071873789661608, 0.004034365200841439, -0.004791552176770526], [-0.011948718578309127, -0.004791552176770526, 0.01800773135258174]], "chi2_level": 0.95, "chi2_df": 3, "chi2_threshold": 7.814727903251179, "N_raw": 115, "N_roi": 115, "N_inlier": 107, "refit": true}
{"timestamp": "16:14:53.115913", "frame": 95, "mu": [0.4969950354765675, 1.1972895421042944, 1.1871089649799176], "Sigma": [[0.006494045648533537, -0.00482055295997283, 0.005685304328808316], [-0.00482055295997283, 0.006644044120921534, -0.008270692856812369], [0.005685304328808316, -0.008270692856812369, 0.039061841561682305]], "chi2_level": 0.95, "chi2_df": 3, "chi2_threshold": 7.814727903251179, "N_raw": 70, "N_roi": 70, "N_inlier": 64, "refit": true}
{"timestamp": "16:14:53.167116", "frame": 96, "mu": [0.5442853181456855, 1.0761349061913184, 1.2775776682897741], "Sigma": [[0.014654616301243912, -0.0077054522677377345, 0.013745766047374795], [-0.0077054522677377345, 0.004839623533274188, -0.011148336785611283], [0.013745766047374795, -0.011148336785611281, 0.04968126742308953]], "chi2_level": 0.95, "chi2_df": 3, "chi2_threshold": 7.814727903251179, "N_raw": 53, "N_roi": 53, "N_inlier": 48, "refit": true}
{"timestamp": "16:14:53.223051", "frame": 97, "mu": [0.5366430834439339, 1.069802322612602, 1.1835707177830723], "Sigma": [[0.01870441478697398, -0.007237770681564137, -0.010290538580145758], [-0.007237770681564137, 0.00624953842953743, -0.00743260465496218], [-0.010290538580145758, -0.007432604654962179, 0.12469047478419854]], "chi2_level": 0.95, "chi2_df": 3, "chi2_threshold": 7.814727903251179, "N_raw": 55, "N_roi": 55, "N_inlier": 51, "refit": true}
{"timestamp": "16:14:53.274965", "frame": 98, "mu": [0.6858868544672695, 1.0023897154396317, 1.2689723733844618], "Sigma": [[0.004094746631408679, 0.0017723188505147551, 0.003504668513188287], [0.0017723188505147551, 0.0052999028939853645, -0.006975628715344029], [0.003504668513188286, -0.006975628715344028, 0.051854706152358584]], "chi2_level": 0.95, "chi2_df": 3, "chi2_threshold": 7.814727903251179, "N_raw": 36, "N_roi": 36, "N_inlier": 32, "refit": true}
{"timestamp": "16:14:53.328782", "frame": 99, "mu": [0.48022972726302704, 0.9958183495053503, 1.2137901074855093], "Sigma": [[0.00306921243711745, -0.0005981709166345049, 0.0005502711124130447], [-0.0005981709166345048, 0.0006737653017627966, -0.0010001117354885183], [0.0005502711124130445, -0.0010001117354885183, 0.001960828884997115]], "chi2_level": 0.95, "chi2_df": 3, "chi2_threshold": 7.814727903251179, "N_raw": 31, "N_roi": 31, "N_inlier": 25, "refit": true}
{"timestamp": "16:14:53.532223", "frame": 100, "mu": [0.603734363696155, 0.898034011381301, 1.3747055592471116], "Sigma": [[0.0018251330028132755, -0.0008787653505638428, 0.0006731138637880239], [-0.0008787653505638429, 0.0028386177704203134, -0.005616396245375505], [0.0006731138637880239, -0.005616396245375505, 0.013424054183038164]], "chi2_level": 0.95, "chi2_df": 3, "chi2_threshold": 7.814727903251179, "N_raw": 23, "N_roi": 23, "N_inlier": 19, "refit": true}
{"timestamp": "16:14:53.537153", "frame": 101, "mu": [0.5813250382504977, 1.0378426206366953, -0.45144485024013553], "Sigma": [[0.008031542983774051, -0.005784238768438402, 0.005804813104960066], [-0.005784238768438402, 0.0123354664786002, -0.012002742745058897], [0.005804813104960066, -0.012002742745058899, 0.013702094457360117]], "chi2_level": 0.95, "chi2_df": 3, "chi2_threshold": 7.814727903251179, "N_raw": 65, "N_roi": 65, "N_inlier": 63, "refit": true}
{"timestamp": "16:14:53.566420", "frame": 102, "mu": [0.6816734369844004, 0.7466077175147713, 1.4914097139128193], "Sigma": [[0.00128007187409691, -0.0008380532070477452, 0.00021467168408243956], [-0.0008380532070477452, 0.005895754627794223, -0.0064306782765722464], [0.0002146716840824395, -0.0064306782765722464, 0.00853410901139584]], "chi2_level": 0.95, "chi2_df": 3, "chi2_threshold": 7.814727903251179, "N_raw": 22, "N_roi": 22, "N_inlier": 20, "refit": true}
{"timestamp": "16:14:53.596987", "frame": 103, "mu": [0.6505369000769561, 0.7439402851305357, 1.3496505820428635], "Sigma": [[0.005975874414412559, -0.004886895260596684, 0.0038735655110179084], [-0.004886895260596684, 0.005718642575983681, -0.007684121149523159], [0.0038735655110179084, -0.007684121149523159, 0.032936941018245146]], "chi2_level": 0.95, "chi2_df": 3, "chi2_threshold": 7.814727903251179, "N_raw": 35, "N_roi": 35, "N_inlier": 32, "refit": true}
{"timestamp": "16:14:53.627533", "frame": 104, "mu": [0.6308953988143613, 0.6976792612151878, 1.3597126463178892], "Sigma": [[0.007323078958225984, -0.005266678581494566, 0.007090410494791772], [-0.005266678581494566, 0.005729164112681518, -0.008873089818585788], [0.007090410494791772, -0.008873089818585788, 0.01812285989526552]], "chi2_level": 0.95, "chi2_df": 3, "chi2_threshold": 7.814727903251179, "N_raw": 62, "N_roi": 62, "N_inlier": 57, "refit": true}
{"timestamp": "16:14:53.675792", "frame": 105, "mu": [0.5702979436049586, 0.7182831583881187, 1.219469886188595], "Sigma": [[0.0021505031833449215, 0.0005045081327092836, -0.0008583129735603054], [0.0005045081327092836, 0.0019011475673022915, 0.004310895320383789], [-0.0008583129735603056, 0.004310895320383789, 0.03383386473008718]], "chi2_level": 0.95, "chi2_df": 3, "chi2_threshold": 7.814727903251179, "N_raw": 18, "N_roi": 18, "N_inlier": 15, "refit": true}
{"timestamp": "16:14:53.820409", "frame": 106, "mu": [0.6335847675303256, 0.5994801567591387, 0.9500646912544229], "Sigma": [[0.0033441041648805893, -0.001911589020204127, 0.008495701831590638], [-0.001911589020204127, 0.0021650482348449475, -0.0054053700965390125], [0.008495701831590638, -0.0054053700965390125, 0.08751354453247737]], "chi2_level": 0.95, "chi2_df": 3, "chi2_threshold": 7.814727903251179, "N_raw": 35, "N_roi": 35, "N_inlier": 33, "refit": true}
