timestamp,frame,x,y,z,doppler,SNR,w_snr,d2,is_inlier
16:11:25.453005,29,0.7143136,4.935903,0.83646214,-0.27832,17.24,1.0,1.1158757,1
16:11:25.453005,29,0.66359013,4.942558,0.834679,-0.27832,20.52,1.0,1.3256657,1
16:11:25.453005,29,0.6128003,4.9487224,0.8330272,-0.27832,24.0,1.0,2.9532135,1
16:11:25.453005,29,0.7233166,4.984689,0.77169716,-0.27832,36.64,1.0,0.9908186,1
16:11:25.453005,29,0.7747233,4.9379444,0.6232088,-0.27832,28.519999,1.0,2.5754845,1
16:11:25.453005,29,0.78417474,4.998186,0.60641223,-0.27832,36.76,1.0,3.5153043,1
16:11:25.453005,29,0.82594395,4.9302135,0.62528026,-0.27832,22.24,1.0,2.0261421,1
16:11:25.453005,29,0.83602035,4.990361,0.60850894,-0.27832,28.359999,1.0,1.9958724,1
16:11:25.453005,29,0.87708205,4.9219885,0.6274842,-0.27832,17.64,1.0,2.9880464,1
16:11:25.453005,29,0.8877823,4.9820356,0.6107397,-0.27832,22.119999,1.0,1.9224693,1
16:11:25.453005,29,0.9394555,4.973211,0.61310434,-0.27832,17.52,1.0,3.3209925,1
16:11:25.453005,29,0.9908861,4.94956,0.5651192,-0.27832,14.12,1.0,4.250799,1
16:11:25.453005,29,0.5611905,4.9874835,0.9815315,-0.34804,26.88,1.0,2.4640112,1
16:11:25.453005,29,0.45188046,4.980428,1.2403728,-0.34804,9.76,0.97599995,4.5370464,1
16:11:25.453005,29,0.5611905,4.9874835,0.9815315,-0.34804,26.88,1.0,2.4640112,1
16:11:25.453005,29,0.7143136,4.935903,0.83646214,-0.27832,17.24,1.0,1.1158757,1
16:11:25.453005,29,0.83602035,4.990361,0.60850894,-0.27832,28.359999,1.0,1.9958724,1
16:11:25.453005,29,0.45188046,4.980428,1.2403728,-0.34804,9.76,0.97599995,4.5370464,1
16:11:25.453005,29,0.82594395,4.9302135,0.62528026,-0.27832,22.24,1.0,2.0261421,1
16:11:25.453005,29,0.66359013,4.942558,0.834679,-0.27832,20.52,1.0,1.3256657,1
16:11:25.453005,29,0.5611905,4.9874835,0.9815315,-0.34804,26.88,1.0,2.4640112,1
16:11:25.453005,29,0.83602035,4.990361,0.60850894,-0.27832,28.359999,1.0,1.9958724,1
16:11:25.453005,29,0.6128003,4.9487224,0.8330272,-0.27832,24.0,1.0,2.9532135,1
16:11:25.453005,29,0.7143136,4.935903,0.83646214,-0.27832,17.24,1.0,1.1158757,1
16:11:25.453005,29,0.9394555,4.973211,0.61310434,-0.27832,17.52,1.0,3.3209925,1
16:11:25.453005,29,0.45188046,4.980428,1.2403728,-0.34804,9.76,0.97599995,4.5370464,1
16:11:25.453005,29,0.7233166,4.984689,0.77169716,-0.27832,36.64,1.0,0.9908186,1
16:11:25.453005,29,0.66359013,4.942558,0.834679,-0.27832,20.52,1.0,1.3256657,1
16:11:25.453005,29,0.66359013,4.942558,0.834679,-0.27832,20.52,1.0,1.3256657,1
16:11:25.453005,29,0.8877823,4.9820356,0.6107397,-0.27832,22.119999,1.0,1.9224693,1
16:11:25.453005,29,0.8877823,4.9820356,0.6107397,-0.27832,22.119999,1.0,1.9224693,1
16:11:25.453005,29,0.8877823,4.9820356,0.6107397,-0.27832,22.119999,1.0,1.9224693,1
16:11:25.453005,29,0.7233166,4.984689,0.77169716,-0.27832,36.64,1.0,0.9908186,1
16:11:25.453005,29,0.7143136,4.935903,0.83646214,-0.27832,17.24,1.0,1.1158757,1
16:11:25.453005,29,0.87708205,4.9219885,0.6274842,-0.27832,17.64,1.0,2.9880464,1
16:11:25.453005,29,0.45188046,4.980428,1.2403728,-0.34804,9.76,0.97599995,4.5370464,1
16:11:25.453005,29,0.9908861,4.94956,0.5651192,-0.27832,14.12,1.0,4.250799,1
16:11:25.453005,29,0.78417474,4.998186,0.60641223,-0.27832,36.76,1.0,3.5153043,1
16:11:25.453005,29,0.87708205,4.9219885,0.6274842,-0.27832,17.64,1.0,2.9880464,1
16:11:25.453005,29,0.8877823,4.9820356,0.6107397,-0.27832,22.119999,1.0,1.9224693,1
16:11:25.453005,29,0.78417474,4.998186,0.60641223,-0.27832,36.76,1.0,3.5153043,1
16:11:25.453005,29,0.7233166,4.984689,0.77169716,-0.27832,36.64,1.0,0.9908186,1
16:11:25.453005,29,0.78417474,4.998186,0.60641223,-0.27832,36.76,1.0,3.5153043,1
16:11:25.453005,29,0.82594395,4.9302135,0.62528026,-0.27832,22.24,1.0,2.0261421,1
16:11:25.453005,29,0.7747233,4.9379444,0.6232088,-0.27832,28.519999,1.0,2.5754845,1
16:11:25.453005,29,0.6128003,4.9487224,0.8330272,-0.27832,24.0,1.0,2.9532135,1
16:11:25.453005,29,0.45188046,4.980428,1.2403728,-0.34804,9.76,0.97599995,4.5370464,1
16:11:25.453005,29,0.66359013,4.942558,0.834679,-0.27832,20.52,1.0,1.3256657,1
16:11:25.453005,29,0.7747233,4.9379444,0.6232088,-0.27832,28.519999,1.0,2.5754845,1
16:11:25.453005,29,0.9394555,4.973211,0.61310434,-0.27832,17.52,1.0,3.3209925,1
16:11:25.453005,29,0.87708205,4.9219885,0.6274842,-0.27832,17.64,1.0,2.9880464,1
16:11:25.453005,29,0.87708205,4.9219885,0.6274842,-0.27832,17.64,1.0,2.9880464,1
16:11:25.453005,29,0.6128003,4.9487224,0.8330272,-0.27832,24.0,1.0,2.9532135,1
16:11:25.453005,29,0.9908861,4.94956,0.5651192,-0.27832,14.12,1.0,4.250799,1
16:11:25.453005,29,0.7143136,4.935903,0.83646214,-0.27832,17.24,1.0,1.1158757,1
16:11:25.453005,29,0.66359013,4.942558,0.834679,-0.27832,20.52,1.0,1.3256657,1
16:11:25.453005,29,0.82594395,4.9302135,0.62528026,-0.27832,22.24,1.0,2.0261421,1
16:11:25.453005,29,0.78417474,4.998186,0.60641223,-0.27832,36.76,1.0,3.5153043,1
16:11:25.453005,29,0.7143136,4.935903,0.83646214,-0.27832,17.24,1.0,1.1158757,1
16:11:25.453005,29,0.87708205,4.9219885,0.6274842,-0.27832,17.64,1.0,2.9880464,1
16:11:25.453005,29,0.9908861,4.94956,0.5651192,-0.27832,14.12,1.0,4.250799,1
16:11:25.453005,29,0.7747233,4.9379444,0.6232088,-0.27832,28.519999,1.0,2.5754845,1
16:11:25.453005,29,0.7233166,4.984689,0.77169716,-0.27832,36.64,1.0,0.9908186,1
16:11:25.453005,29,0.83602035,4.990361,0.60850894,-0.27832,28.359999,1.0,1.9958724,1
16:11:25.509751,30,0.55193,4.9707317,-0.7570291,-0.41748002,50.0,1.0,0.77822053,1
16:11:25.509751,30,0.54297763,4.92912,-0.59914774,-0.41748002,23.359999,1.0,1.2029696,1
16:11:25.509751,30,0.45188046,4.980428,-0.7596273,-0.41748002,74.64,1.0,1.248295,1
16:11:25.509751,30,0.50193036,4.9758215,-0.75839293,-0.41748002,64.36,1.0,0.8757602,1
16:11:25.509751,30,0.49306843,4.939983,-0.5508893,-0.41748002,26.24,1.0,0.46659985,1
16:11:25.509751,30,0.592112,4.923638,-0.59767884,-0.41748002,20.0,1.0,2.0029573,1
16:11:25.509751,30,0.7540443,4.989203,0.3537884,-0.41748002,16.64,1.0,9.328877,1
16:11:25.509751,30,0.6115747,4.991854,-0.96673274,-0.41748002,44.76,1.0,4.26425,1
16:11:25.509751,30,0.44390222,4.944508,-0.55210185,-0.41748002,28.0,1.0,0.41463438,1
16:11:25.509751,30,0.60250914,4.957224,-0.8054879,-0.41748002,37.36,1.0,1.0946779,1
16:11:25.509751,30,0.7041154,4.996494,0.3537884,-0.41748002,21.359999,1.0,8.940671,1
16:11:25.509751,30,0.66226304,4.985702,-0.96508425,-0.41748002,32.239998,1.0,4.3698454,1
16:11:25.509751,30,0.65244603,4.951163,-0.8038638,-0.41748002,28.0,1.0,1.7509423,1
16:11:25.509751,30,0.643609,4.8970947,-0.74448645,-0.41748002,16.76,1.0,6.0039673,1
16:11:25.509751,30,0.43828124,4.8818974,-0.54511076,-0.41748002,5.8799996,0.588,7.917181,1
16:11:25.509751,30,0.19615214,4.978341,-0.35731444,-0.41748002,16.0,1.0,5.615655,1
16:11:25.509751,30,0.2468427,4.9578543,-0.55567783,-0.41748002,19.24,1.0,3.022307,1
16:11:25.509751,30,0.4017854,4.9845514,-0.760732,-0.41748002,73.64,1.0,1.8770804,1
16:11:25.509751,30,0.39469162,4.9485583,-0.5531871,-0.41748002,27.76,1.0,0.6597207,1
16:11:25.509751,30,0.29615694,4.9552317,-0.55497515,-0.41748002,22.64,1.0,1.9773483,1
16:11:25.509751,30,0.34544155,4.952133,-0.55414486,-0.41748002,25.76,1.0,1.1855077,1
16:11:25.509751,30,0.66226304,4.985702,-0.96508425,-0.41748002,32.239998,1.0,4.3698454,1
16:11:25.509751,30,0.45188046,4.980428,-0.7596273,-0.41748002,74.64,1.0,1.248295,1
16:11:25.509751,30,0.60250914,4.957224,-0.8054879,-0.41748002,37.36,1.0,1.0946779,1
16:11:25.509751,30,0.7041154,4.996494,0.3537884,-0.41748002,21.359999,1.0,8.940671,1
16:11:25.509751,30,0.49306843,4.939983,-0.5508893,-0.41748002,26.24,1.0,0.46659985,1
16:11:25.509751,30,0.34544155,4.952133,-0.55414486,-0.41748002,25.76,1.0,1.1855077,1
16:11:25.509751,30,0.34544155,4.952133,-0.55414486,-0.41748002,25.76,1.0,1.1855077,1
16:11:25.509751,30,0.19615214,4.978341,-0.35731444,-0.41748002,16.0,1.0,5.615655,1
16:11:25.509751,30,0.2468427,4.9578543,-0.55567783,-0.41748002,19.24,1.0,3.022307,1
16:11:25.509751,30,0.19615214,4.978341,-0.35731444,-0.41748002,16.0,1.0,5.615655,1
16:11:25.509751,30,0.39469162,4.9485583,-0.5531871,-0.41748002,27.76,1.0,0.6597207,1
16:11:25.509751,30,0.7041154,4.996494,0.3537884,-0.41748002,21.359999,1.0,8.940671,1
16:11:25.509751,30,0.65244603,4.951163,-0.8038638,-0.41748002,28.0,1.0,1.7509423,1
16:11:25.509751,30,0.4017854,4.9845514,-0.760732,-0.41748002,73.64,1.0,1.8770804,1
16:11:25.509751,30,0.50193036,4.9758215,-0.75839293,-0.41748002,64.36,1.0,0.8757602,1
16:11:25.509751,30,0.29615694,4.9552317,-0.55497515,-0.41748002,22.64,1.0,1.9773483,1
16:11:25.509751,30,0.60250914,4.957224,-0.8054879,-0.41748002,37.36,1.0,1.0946779,1
16:11:25.509751,30,0.29615694,4.9552317,-0.55497515,-0.41748002,22.64,1.0,1.9773483,1
16:11:25.509751,30,0.44390222,4.944508,-0.55210185,-0.41748002,28.0,1.0,0.41463438,1
16:11:25.509751,30,0.7540443,4.989203,0.3537884,-0.41748002,16.64,1.0,9.328877,1
16:11:25.509751,30,0.55193,4.9707317,-0.7570291,-0.41748002,50.0,1.0,0.77822053,1
16:11:25.509751,30,0.49306843,4.939983,-0.5508893,-0.41748002,26.24,1.0,0.46659985,1
16:11:25.509751,30,0.39469162,4.9485583,-0.5531871,-0.41748002,27.76,1.0,0.6597207,1
16:11:25.509751,30,0.66226304,4.985702,-0.96508425,-0.41748002,32.239998,1.0,4.3698454,1
16:11:25.509751,30,0.592112,4.923638,-0.59767884,-0.41748002,20.0,1.0,2.0029573,1
16:11:25.509751,30,0.45188046,4.980428,-0.7596273,-0.41748002,74.64,1.0,1.248295,1
16:11:25.509751,30,0.19615214,4.978341,-0.35731444,-0.41748002,16.0,1.0,5.615655,1
16:11:25.509751,30,0.34544155,4.952133,-0.55414486,-0.41748002,25.76,1.0,1.1855077,1
16:11:25.509751,30,0.49306843,4.939983,-0.5508893,-0.41748002,26.24,1.0,0.46659985,1
16:11:25.509751,30,0.39469162,4.9485583,-0.5531871,-0.41748002,27.76,1.0,0.6597207,1
16:11:25.509751,30,0.34544155,4.952133,-0.55414486,-0.41748002,25.76,1.0,1.1855077,1
16:11:25.509751,30,0.60250914,4.957224,-0.8054879,-0.41748002,37.36,1.0,1.0946779,1
16:11:25.509751,30,0.66226304,4.985702,-0.96508425,-0.41748002,32.239998,1.0,4.3698454,1
16:11:25.509751,30,0.50193036,4.9758215,-0.75839293,-0.41748002,64.36,1.0,0.8757602,1
16:11:25.509751,30,0.54297763,4.92912,-0.59914774,-0.41748002,23.359999,1.0,1.2029696,1
16:11:25.509751,30,0.643609,4.8970947,-0.74448645,-0.41748002,16.76,1.0,6.0039673,1
16:11:25.509751,30,0.65244603,4.951163,-0.8038638,-0.41748002,28.0,1.0,1.7509423,1
16:11:25.509751,30,0.54297763,4.92912,-0.59914774,-0.41748002,23.359999,1.0,1.2029696,1
16:11:25.509751,30,0.66226304,4.985702,-0.96508425,-0.41748002,32.239998,1.0,4.3698454,1
16:11:25.509751,30,0.2468427,4.9578543,-0.55567783,-0.41748002,19.24,1.0,3.022307,1
16:11:25.509751,30,0.39469162,4.9485583,-0.5531871,-0.41748002,27.76,1.0,0.6597207,1
16:11:25.509751,30,0.65244603,4.951163,-0.8038638,-0.41748002,28.0,1.0,1.7509423,1
16:11:25.509751,30,0.2468427,4.9578543,-0.55567783,-0.41748002,19.24,1.0,3.022307,1
16:11:25.565232,31,0.5608253,4.9975166,1.0317501,-0.34804,53.12,1.0,2.6138115,1
16:11:25.565232,31,0.55193,4.9707317,1.2429708,-0.48720002,35.52,1.0,0.54517865,1
16:11:25.565232,31,0.5421853,4.9349833,1.4504504,-0.48720002,23.0,1.0,2.1565754,1
16:11:25.565232,31,0.50193036,4.9758215,1.2416071,-0.48720002,40.52,1.0,1.0057639,1
16:11:25.565232,31,0.49306843,4.939983,1.4491107,-0.48720002,25.0,1.0,1.3266226,1
16:11:25.565232,31,0.6018745,4.9651594,1.244464,-0.48720002,29.88,1.0,0.91438264,1
16:11:25.565232,31,0.6115747,4.991854,1.0332673,-0.34804,44.12,1.0,1.6635165,1
16:11:25.565232,31,0.48682487,4.8774295,1.4560864,-0.48720002,10.639999,1.0,8.52687,1
16:11:25.565232,31,0.6517588,4.9591045,1.2460864,-0.48720002,24.64,1.0,2.1225996,1
16:11:25.565232,31,0.66226304,4.985702,1.0349157,-0.34804,35.52,1.0,1.5556619,1
16:11:25.565232,31,0.6719538,4.991428,0.7698915,-0.34804,37.12,1.0,3.0743976,1
16:11:25.565232,31,0.7015779,4.9525685,1.2478377,-0.48720002,20.24,1.0,4.1807847,1
16:11:25.565232,31,0.7133492,4.9690156,0.98648,-0.34804,28.359999,1.0,1.3095859,1
16:11:25.565232,31,0.72342515,4.94518,0.62127006,-0.34804,30.24,1.0,5.692609,1
16:11:25.565232,31,0.7649657,4.9287586,0.83837646,-0.34804,22.76,1.0,3.4932895,1
16:11:25.565232,31,0.7747233,4.9379444,0.6232088,-0.34804,24.519999,1.0,5.4041543,1
16:11:25.565232,31,0.29615694,4.9552317,1.4450248,-0.48720002,22.359999,1.0,6.259323,1
16:11:25.565232,31,0.34544155,4.952133,1.4458551,-0.48720002,24.64,1.0,3.7957568,1
16:11:25.565232,31,0.44390222,4.944508,1.4478981,-0.48720002,26.119999,1.0,1.3265034,1
16:11:25.565232,31,0.34544155,4.952133,1.4458551,-0.48720002,24.64,1.0,3.7957568,1
16:11:25.565232,31,0.50193036,4.9758215,1.2416071,-0.48720002,40.52,1.0,1.0057639,1
16:11:25.565232,31,0.34544155,4.952133,1.4458551,-0.48720002,24.64,1.0,3.7957568,1
16:11:25.565232,31,0.34544155,4.952133,1.4458551,-0.48720002,24.64,1.0,3.7957568,1
16:11:25.565232,31,0.29615694,4.9552317,1.4450248,-0.48720002,22.359999,1.0,6.259323,1
16:11:25.565232,31,0.7133492,4.9690156,0.98648,-0.34804,28.359999,1.0,1.3095859,1
16:11:25.565232,31,0.6719538,4.991428,0.7698915,-0.34804,37.12,1.0,3.0743976,1
16:11:25.565232,31,0.66226304,4.985702,1.0349157,-0.34804,35.52,1.0,1.5556619,1
16:11:25.565232,31,0.6517588,4.9591045,1.2460864,-0.48720002,24.64,1.0,2.1225996,1
16:11:25.565232,31,0.6517588,4.9591045,1.2460864,-0.48720002,24.64,1.0,2.1225996,1
16:11:25.565232,31,0.49306843,4.939983,1.4491107,-0.48720002,25.0,1.0,1.3266226,1
16:11:25.565232,31,0.48682487,4.8774295,1.4560864,-0.48720002,10.639999,1.0,8.52687,1
16:11:25.565232,31,0.5608253,4.9975166,1.0317501,-0.34804,53.12,1.0,2.6138115,1
16:11:25.565232,31,0.49306843,4.939983,1.4491107,-0.48720002,25.0,1.0,1.3266226,1
16:11:25.565232,31,0.7747233,4.9379444,0.6232088,-0.34804,24.519999,1.0,5.4041543,1
16:11:25.565232,31,0.55193,4.9707317,1.2429708,-0.48720002,35.52,1.0,0.54517865,1
16:11:25.565232,31,0.48682487,4.8774295,1.4560864,-0.48720002,10.639999,1.0,8.52687,1
16:11:25.565232,31,0.7747233,4.9379444,0.6232088,-0.34804,24.519999,1.0,5.4041543,1
16:11:25.565232,31,0.44390222,4.944508,1.4478981,-0.48720002,26.119999,1.0,1.3265034,1
16:11:25.565232,31,0.7015779,4.9525685,1.2478377,-0.48720002,20.24,1.0,4.1807847,1
16:11:25.565232,31,0.5421853,4.9349833,1.4504504,-0.48720002,23.0,1.0,2.1565754,1
16:11:25.565232,31,0.7133492,4.9690156,0.98648,-0.34804,28.359999,1.0,1.3095859,1
16:11:25.565232,31,0.6517588,4.9591045,1.2460864,-0.48720002,24.64,1.0,2.1225996,1
16:11:25.565232,31,0.72342515,4.94518,0.62127006,-0.34804,30.24,1.0,5.692609,1
16:11:25.565232,31,0.55193,4.9707317,1.2429708,-0.48720002,35.52,1.0,0.54517865,1
16:11:25.565232,31,0.72342515,4.94518,0.62127006,-0.34804,30.24,1.0,5.692609,1
16:11:25.565232,31,0.48682487,4.8774295,1.4560864,-0.48720002,10.639999,1.0,8.52687,1
16:11:25.565232,31,0.49306843,4.939983,1.4491107,-0.48720002,25.0,1.0,1.3266226,1
16:11:25.565232,31,0.7133492,4.9690156,0.98648,-0.34804,28.359999,1.0,1.3095859,1
16:11:25.565232,31,0.7133492,4.9690156,0.98648,-0.34804,28.359999,1.0,1.3095859,1
16:11:25.565232,31,0.7015779,4.9525685,1.2478377,-0.48720002,20.24,1.0,4.1807847,1
16:11:25.565232,31,0.55193,4.9707317,1.2429708,-0.48720002,35.52,1.0,0.54517865,1
16:11:25.565232,31,0.44390222,4.944508,1.4478981,-0.48720002,26.119999,1.0,1.3265034,1
16:11:25.565232,31,0.44390222,4.944508,1.4478981,-0.48720002,26.119999,1.0,1.3265034,1
16:11:25.565232,31,0.6517588,4.9591045,1.2460864,-0.48720002,24.64,1.0,2.1225996,1
16:11:25.565232,31,0.49306843,4.939983,1.4491107,-0.48720002,25.0,1.0,1.3266226,1
16:11:25.565232,31,0.7133492,4.9690156,0.98648,-0.34804,28.359999,1.0,1.3095859,1
16:11:25.565232,31,0.6517588,4.9591045,1.2460864,-0.48720002,24.64,1.0,2.1225996,1
16:11:25.565232,31,0.66226304,4.985702,1.0349157,-0.34804,35.52,1.0,1.5556619,1
16:11:25.565232,31,0.7747233,4.9379444,0.6232088,-0.34804,24.519999,1.0,5.4041543,1
16:11:25.565232,31,0.7133492,4.9690156,0.98648,-0.34804,28.359999,1.0,1.3095859,1
16:11:25.565232,31,0.6517588,4.9591045,1.2460864,-0.48720002,24.64,1.0,2.1225996,1
16:11:25.565232,31,0.5421853,4.9349833,1.4504504,-0.48720002,23.0,1.0,2.1565754,1
16:11:25.565232,31,0.5608253,4.9975166,1.0317501,-0.34804,53.12,1.0,2.6138115,1
16:11:25.565232,31,0.55193,4.9707317,1.2429708,-0.48720002,35.52,1.0,0.54517865,1
16:11:25.619175,32,0.6206169,4.958163,0.61779135,-0.41748002,31.24,1.0,3.3277657,1
16:11:25.619175,32,0.5619492,4.9543962,0.83150697,-0.55664,51.52,1.0,1.5705172,1
16:11:25.619175,32,0.5691171,4.9639087,0.6162517,-0.55664,32.88,1.0,5.6747155,1
16:11:25.619175,32,0.65411603,4.9243693,1.0467879,-0.55664,31.519999,1.0,1.1161066,1
16:11:25.619175,32,0.5539262,4.9360385,1.0436611,-0.55664,37.0,1.0,0.758109,1
16:11:25.619175,32,0.60405135,4.930446,1.0451597,-0.55664,35.12,1.0,0.5191481,1
16:11:25.619175,32,0.66359013,4.942558,0.834679,-0.55664,41.36,1.0,0.24143933,1
16:11:25.619175,32,0.73214096,4.9911766,0.5539681,-0.13916,13.5199995,1.0,5.7203574,1
16:11:25.619175,32,0.6801515,4.9979973,0.5521404,-0.13916,15.0,1.0,5.196213,1
16:11:25.619175,32,0.7041154,4.9178095,1.0485456,-0.55664,27.0,1.0,2.4992037,1
16:11:25.619175,32,0.7143136,4.935903,0.83646214,-0.55664,34.0,1.0,0.8115076,1
16:11:25.619175,32,0.72342515,4.94518,0.62127006,-0.41748002,23.359999,1.0,1.2972511,1
16:11:25.619175,32,0.7540443,4.910767,1.0504326,-0.55664,22.76,1.0,4.622789,1
16:11:25.619175,32,0.7649657,4.9287586,0.83837646,-0.55664,27.519999,1.0,2.140701,1
16:11:25.619175,32,0.7747233,4.9379444,0.6232088,-0.41748002,19.359999,1.0,1.5133615,1
16:11:25.619175,32,0.78323394,4.9378724,0.40537068,-0.41748002,11.759999,1.0,4.4187813,1
16:11:25.619175,32,0.81574523,4.909096,0.7906429,-0.55664,22.119999,1.0,3.3370767,1
16:11:25.619175,32,0.82594395,4.9302135,0.62528026,-0.41748002,16.0,1.0,2.4907882,1
16:11:25.619175,32,0.67205465,4.9519196,0.61946416,-0.41748002,27.64,1.0,1.886058,1
16:11:25.619175,32,0.6128003,4.9487224,0.8330272,-0.55664,47.879997,1.0,0.4773931,1
16:11:25.619175,32,0.5024596,4.9678974,1.1916522,-0.55664,36.52,1.0,1.6861391,1
16:11:25.619175,32,0.5103519,4.9926586,0.9801448,-0.55664,50.36,1.0,2.8555841,1
16:11:25.619175,32,0.30147976,4.9913445,1.2374477,-0.55664,20.64,1.0,5.0195556,1
16:11:25.619175,32,0.34544155,4.952133,1.4458551,-0.55664,21.359999,1.0,3.166164,1
16:11:25.619175,32,0.35165015,4.98819,1.2382929,-0.55664,24.88,1.0,3.3446524,1
16:11:25.619175,32,0.39469162,4.9485583,1.446813,-0.55664,23.76,1.0,2.4442155,1
16:11:25.619175,32,0.44390222,4.944508,1.4478981,-0.55664,25.359999,1.0,2.6555831,1
16:11:25.619175,32,0.45188046,4.980428,1.2403728,-0.55664,33.64,1.0,2.86615,1
16:11:25.619175,32,0.49306843,4.939983,1.4491107,-0.55664,25.88,1.0,3.7366843,1
16:11:25.619175,32,0.4017854,4.9845514,1.239268,-0.55664,29.359999,1.0,2.6501372,1
16:11:25.619175,32,0.82594395,4.9302135,0.62528026,-0.41748002,16.0,1.0,2.4907882,1
16:11:25.619175,32,0.78323394,4.9378724,0.40537068,-0.41748002,11.759999,1.0,4.4187813,1
16:11:25.619175,32,0.7143136,4.935903,0.83646214,-0.55664,34.0,1.0,0.8115076,1
16:11:25.619175,32,0.73214096,4.9911766,0.5539681,-0.13916,13.5199995,1.0,5.7203574,1
16:11:25.619175,32,0.66359013,4.942558,0.834679,-0.55664,41.36,1.0,0.24143933,1
16:11:25.619175,32,0.7747233,4.9379444,0.6232088,-0.41748002,19.359999,1.0,1.5133615,1
16:11:25.619175,32,0.35165015,4.98819,1.2382929,-0.55664,24.88,1.0,3.3446524,1
16:11:25.619175,32,0.5024596,4.9678974,1.1916522,-0.55664,36.52,1.0,1.6861391,1
16:11:25.619175,32,0.5691171,4.9639087,0.6162517,-0.55664,32.88,1.0,5.6747155,1
16:11:25.619175,32,0.5103519,4.9926586,0.9801448,-0.55664,50.36,1.0,2.8555841,1
16:11:25.619175,32,0.5619492,4.9543962,0.83150697,-0.55664,51.52,1.0,1.5705172,1
16:11:25.619175,32,0.4017854,4.9845514,1.239268,-0.55664,29.359999,1.0,2.6501372,1
16:11:25.619175,32,0.78323394,4.9378724,0.40537068,-0.41748002,11.759999,1.0,4.4187813,1
16:11:25.619175,32,0.44390222,4.944508,1.4478981,-0.55664,25.359999,1.0,2.6555831,1
16:11:25.619175,32,0.66359013,4.942558,0.834679,-0.55664,41.36,1.0,0.24143933,1
16:11:25.619175,32,0.7540443,4.910767,1.0504326,-0.55664,22.76,1.0,4.622789,1
16:11:25.619175,32,0.7747233,4.9379444,0.6232088,-0.41748002,19.359999,1.0,1.5133615,1
16:11:25.619175,32,0.82594395,4.9302135,0.62528026,-0.41748002,16.0,1.0,2.4907882,1
16:11:25.619175,32,0.44390222,4.944508,1.4478981,-0.55664,25.359999,1.0,2.6555831,1
16:11:25.619175,32,0.4017854,4.9845514,1.239268,-0.55664,29.359999,1.0,2.6501372,1
16:11:25.619175,32,0.6801515,4.9979973,0.5521404,-0.13916,15.0,1.0,5.196213,1
16:11:25.619175,32,0.66359013,4.942558,0.834679,-0.55664,41.36,1.0,0.24143933,1
16:11:25.619175,32,0.45188046,4.980428,1.2403728,-0.55664,33.64,1.0,2.86615,1
16:11:25.619175,32,0.72342515,4.94518,0.62127006,-0.41748002,23.359999,1.0,1.2972511,1
16:11:25.619175,32,0.30147976,4.9913445,1.2374477,-0.55664,20.64,1.0,5.0195556,1
16:11:25.619175,32,0.7649657,4.9287586,0.83837646,-0.55664,27.519999,1.0,2.140701,1
16:11:25.619175,32,0.5539262,4.9360385,1.0436611,-0.55664,37.0,1.0,0.758109,1
16:11:25.619175,32,0.7649657,4.9287586,0.83837646,-0.55664,27.519999,1.0,2.140701,1
16:11:25.619175,32,0.73214096,4.9911766,0.5539681,-0.13916,13.5199995,1.0,5.7203574,1
16:11:25.619175,32,0.7041154,4.9178095,1.0485456,-0.55664,27.0,1.0,2.4992037,1
16:11:25.619175,32,0.7143136,4.935903,0.83646214,-0.55664,34.0,1.0,0.8115076,1
16:11:25.619175,32,0.6128003,4.9487224,0.8330272,-0.55664,47.879997,1.0,0.4773931,1
16:11:25.619175,32,0.39469162,4.9485583,1.446813,-0.55664,23.76,1.0,2.4442155,1
16:11:25.619175,32,0.6801515,4.9979973,0.5521404,-0.13916,15.0,1.0,5.196213,1
16:11:25.669199,33,0.61987233,4.8985515,0.4191794,-0.6958,7.0,0.7,5.6258965,1
16:11:25.669199,33,0.49565402,4.9136024,1.2510903,-0.62636,10.0,1.0,3.261317,1
16:11:25.669199,33,0.43828124,4.8818974,1.4548893,-0.55664,14.759999,1.0,0.5155696,1
16:11:25.669199,33,0.45188046,4.980428,1.2403728,-0.55664,14.5199995,1.0,3.521676,1
16:11:25.669199,33,0.43266025,4.819287,1.4618803,-0.55664,10.12,1.0,2.8364685,1
16:11:25.669199,33,0.61987233,4.8985515,0.4191794,-0.6958,7.0,0.7,5.6258965,1
16:11:25.669199,33,0.43828124,4.8818974,1.4548893,-0.55664,14.759999,1.0,0.5155696,1
16:11:25.669199,33,0.49565402,4.9136024,1.2510903,-0.62636,10.0,1.0,3.261317,1
16:11:25.669199,33,0.43828124,4.8818974,1.4548893,-0.55664,14.759999,1.0,0.5155696,1
16:11:25.669199,33,0.49565402,4.9136024,1.2510903,-0.62636,10.0,1.0,3.261317,1
16:11:25.669199,33,0.43266025,4.819287,1.4618803,-0.55664,10.12,1.0,2.8364685,1
16:11:25.669199,33,0.45188046,4.980428,1.2403728,-0.55664,14.5199995,1.0,3.521676,1
16:11:25.669199,33,0.45188046,4.980428,1.2403728,-0.55664,14.5199995,1.0,3.521676,1
16:11:25.669199,33,0.43266025,4.819287,1.4618803,-0.55664,10.12,1.0,2.8364685,1
16:11:25.669199,33,0.43266025,4.819287,1.4618803,-0.55664,10.12,1.0,2.8364685,1
16:11:25.669199,33,0.43266025,4.819287,1.4618803,-0.55664,10.12,1.0,2.8364685,1
16:11:25.669199,33,0.49565402,4.9136024,1.2510903,-0.62636,10.0,1.0,3.261317,1
16:11:25.669199,33,0.45188046,4.980428,1.2403728,-0.55664,14.5199995,1.0,3.521676,1
16:11:25.669199,33,0.61987233,4.8985515,0.4191794,-0.6958,7.0,0.7,5.6258965,1
16:11:25.669199,33,0.43828124,4.8818974,1.4548893,-0.55664,14.759999,1.0,0.5155696,1
16:11:25.669199,33,0.49565402,4.9136024,1.2510903,-0.62636,10.0,1.0,3.261317,1
16:11:25.669199,33,0.45188046,4.980428,1.2403728,-0.55664,14.5199995,1.0,3.521676,1
16:11:25.669199,33,0.45188046,4.980428,1.2403728,-0.55664,14.5199995,1.0,3.521676,1
16:11:25.669199,33,0.61987233,4.8985515,0.4191794,-0.6958,7.0,0.7,5.6258965,1
16:11:25.669199,33,0.45188046,4.980428,1.2403728,-0.55664,14.5199995,1.0,3.521676,1
16:11:25.669199,33,0.49565402,4.9136024,1.2510903,-0.62636,10.0,1.0,3.261317,1
16:11:25.669199,33,0.49565402,4.9136024,1.2510903,-0.62636,10.0,1.0,3.261317,1
16:11:25.669199,33,0.45188046,4.980428,1.2403728,-0.55664,14.5199995,1.0,3.521676,1
16:11:25.669199,33,0.61987233,4.8985515,0.4191794,-0.6958,7.0,0.7,5.6258965,1
16:11:25.669199,33,0.49565402,4.9136024,1.2510903,-0.62636,10.0,1.0,3.261317,1
16:11:25.669199,33,0.43828124,4.8818974,1.4548893,-0.55664,14.759999,1.0,0.5155696,1
16:11:25.669199,33,0.45188046,4.980428,1.2403728,-0.55664,14.5199995,1.0,3.521676,1
16:11:25.669199,33,0.43828124,4.8818974,1.4548893,-0.55664,14.759999,1.0,0.5155696,1
16:11:25.669199,33,0.43266025,4.819287,1.4618803,-0.55664,10.12,1.0,2.8364685,1
16:11:25.669199,33,0.43828124,4.8818974,1.4548893,-0.55664,14.759999,1.0,0.5155696,1
16:11:25.669199,33,0.45188046,4.980428,1.2403728,-0.55664,14.5199995,1.0,3.521676,1
16:11:25.669199,33,0.45188046,4.980428,1.2403728,-0.55664,14.5199995,1.0,3.521676,1
16:11:25.669199,33,0.43828124,4.8818974,1.4548893,-0.55664,14.759999,1.0,0.5155696,1
16:11:25.669199,33,0.45188046,4.980428,1.2403728,-0.55664,14.5199995,1.0,3.521676,1
16:11:25.669199,33,0.61987233,4.8985515,0.4191794,-0.6958,7.0,0.7,5.6258965,1
16:11:25.669199,33,0.49565402,4.9136024,1.2510903,-0.62636,10.0,1.0,3.261317,1
16:11:25.669199,33,0.45188046,4.980428,1.2403728,-0.55664,14.5199995,1.0,3.521676,1
16:11:25.669199,33,0.43828124,4.8818974,1.4548893,-0.55664,14.759999,1.0,0.5155696,1
16:11:25.669199,33,0.49565402,4.9136024,1.2510903,-0.62636,10.0,1.0,3.261317,1
16:11:25.669199,33,0.43828124,4.8818974,1.4548893,-0.55664,14.759999,1.0,0.5155696,1
16:11:25.669199,33,0.43266025,4.819287,1.4618803,-0.55664,10.12,1.0,2.8364685,1
16:11:25.669199,33,0.49565402,4.9136024,1.2510903,-0.62636,10.0,1.0,3.261317,1
16:11:25.669199,33,0.43266025,4.819287,1.4618803,-0.55664,10.12,1.0,2.8364685,1
16:11:25.669199,33,0.45188046,4.980428,1.2403728,-0.55664,14.5199995,1.0,3.521676,1
16:11:25.669199,33,0.43266025,4.819287,1.4618803,-0.55664,10.12,1.0,2.8364685,1
16:11:25.669199,33,0.49565402,4.9136024,1.2510903,-0.62636,10.0,1.0,3.261317,1
16:11:25.669199,33,0.49565402,4.9136024,1.2510903,-0.62636,10.0,1.0,3.261317,1
16:11:25.669199,33,0.49565402,4.9136024,1.2510903,-0.62636,10.0,1.0,3.261317,1
16:11:25.669199,33,0.61987233,4.8985515,0.4191794,-0.6958,7.0,0.7,5.6258965,1
16:11:25.669199,33,0.43828124,4.8818974,1.4548893,-0.55664,14.759999,1.0,0.5155696,1
16:11:25.669199,33,0.43266025,4.819287,1.4618803,-0.55664,10.12,1.0,2.8364685,1
16:11:25.669199,33,0.43266025,4.819287,1.4618803,-0.55664,10.12,1.0,2.8364685,1
16:11:25.669199,33,0.43828124,4.8818974,1.4548893,-0.55664,14.759999,1.0,0.5155696,1
16:11:25.669199,33,0.49565402,4.9136024,1.2510903,-0.62636,10.0,1.0,3.261317,1
16:11:25.669199,33,0.45188046,4.980428,1.2403728,-0.55664,14.5199995,1.0,3.521676,1
16:11:25.669199,33,0.45188046,4.980428,1.2403728,-0.55664,14.5199995,1.0,3.521676,1
16:11:25.669199,33,0.45188046,4.980428,1.2403728,-0.55664,14.5199995,1.0,3.521676,1
16:11:25.669199,33,0.43266025,4.819287,1.4618803,-0.55664,10.12,1.0,2.8364685,1
16:11:25.669199,33,0.45188046,4.980428,1.2403728,-0.55664,14.5199995,1.0,3.521676,1
16:11:25.731579,34,0.538127,4.846421,-0.73809683,-0.62636,39.0,1.0,1.5408621,1
16:11:25.731579,34,0.54699975,4.8743167,-0.94438046,-0.6958,55.76,1.0,0.13760926,1
16:11:25.731579,34,0.55503625,4.893449,-1.1541187,-0.6958,61.52,1.0,0.24132787,1
16:11:25.731579,34,0.562174,4.90335,-1.3668668,-0.6958,36.52,1.0,1.7674515,1
16:11:25.731579,34,0.5691171,4.9639087,-1.3837483,-0.6958,13.759999,1.0,6.3804693,1
16:11:25.731579,34,0.6638557,4.8915067,-1.3636935,-0.6958,30.359999,1.0,1.6448431,1
16:11:25.731579,34,0.5964981,4.868794,-0.94290066,-0.6958,46.879997,1.0,0.50434124,1
16:11:25.731579,34,0.6052618,4.887845,-1.1526171,-0.6958,53.0,1.0,0.42058355,1
16:11:25.731579,34,0.6130455,4.897674,-1.365346,-0.6958,34.76,1.0,1.5097604,1
16:11:25.731579,34,0.6206169,4.958163,-1.3822087,-0.6958,13.88,1.0,7.619178,1
16:11:25.731579,34,0.6354592,4.8350844,-0.73505926,-0.62636,27.88,1.0,2.5591443,1
16:11:25.731579,34,0.6459368,4.8627934,-0.9412928,-0.62636,36.64,1.0,1.2363732,1
16:11:25.731579,34,0.6556891,4.831333,-1.3469177,-0.6958,42.0,1.0,4.9465156,1
16:11:25.731579,34,0.58682245,4.8409877,-0.73664105,-0.62636,33.76,1.0,1.8651081,1
16:11:25.731579,34,0.6953109,4.8563156,-0.9395571,-0.62636,28.0,1.0,2.3013446,1
16:11:25.731579,34,0.7058087,4.8247576,-1.3451558,-0.6958,32.12,1.0,4.1408944,1
16:11:25.731579,34,0.7145995,4.8848495,-1.3619096,-0.6958,25.24,1.0,2.138583,1
16:11:25.731579,34,0.74461544,4.8493614,-0.9376937,-0.62636,21.359999,1.0,3.668792,1
16:11:25.731579,34,0.75585765,4.817698,-1.3432643,-0.6958,24.519999,1.0,3.7405922,1
16:11:25.731579,34,0.765157,4.863715,-1.4092597,-0.6958,20.52,1.0,2.3991907,1
16:11:25.731579,34,0.7809688,4.8145604,-0.7295599,-0.62636,14.639999,1.0,6.5560045,1
16:11:25.731579,34,0.79384553,4.8419313,-0.93570274,-0.62636,16.64,1.0,5.3101645,1
16:11:25.731579,34,0.8058311,4.810156,-1.3412434,-0.6958,18.88,1.0,3.7163699,1
16:11:25.731579,34,0.8148887,4.811215,-1.5541462,-0.6958,16.52,1.0,7.048959,1
16:11:25.731579,34,0.85572386,4.802131,-1.3390931,-0.6958,14.88,1.0,4.0409646,1
16:11:25.731579,34,0.8653423,4.8031,-1.5519718,-0.6958,13.5199995,1.0,6.8567367,1
16:11:25.731579,34,0.6840324,4.8287115,-0.7333517,-0.62636,22.519999,1.0,3.591653,1
16:11:25.731579,34,0.5111697,4.947558,-1.2196631,-0.6958,34.76,1.0,2.9357193,1
16:11:25.731579,34,0.7325372,4.82187,-0.7315185,-0.62636,18.119999,1.0,4.9331512,1
16:11:25.731579,34,0.4974467,4.879361,-0.9457321,-0.6958,59.0,1.0,0.17041849,1
16:11:25.731579,34,0.20178068,4.9615974,-0.96318734,-0.6958,15.759999,1.0,3.9622662,1
16:11:25.731579,34,0.24371701,4.8950744,-0.5486415,-0.62636,20.88,1.0,4.4099083,1
16:11:25.731579,34,0.24813712,4.931567,-0.75372344,-0.62636,21.119999,1.0,2.4849975,1
16:11:25.731579,34,0.25218803,4.959405,-0.9625999,-0.6958,20.0,1.0,2.7438943,1
16:11:25.731579,34,0.2924068,4.892485,-0.5479477,-0.62636,25.64,1.0,3.3700874,1
16:11:25.731579,34,0.50475514,4.898567,-1.1554902,-0.6958,62.239998,1.0,0.46990344,1
16:11:25.731579,34,0.29770994,4.928931,-0.75301707,-0.62636,27.119999,1.0,1.7858326,1
16:11:25.731579,34,0.30257013,4.9567256,-0.96188194,-0.6958,25.88,1.0,2.097804,1
16:11:25.731579,34,0.3069525,4.975383,-1.1741165,-0.6958,16.24,1.0,3.574126,1
16:11:25.731579,34,0.19853948,4.9337244,-0.7543015,-0.62636,16.64,1.0,3.7523243,1
16:11:25.731579,34,0.347253,4.925816,-0.75218236,-0.62636,35.239998,1.0,1.6098303,1
16:11:25.731579,34,0.34106734,4.8894258,-0.5471279,-0.62636,31.119999,1.0,2.8614087,1
16:11:25.731579,34,0.48937774,4.851383,-0.73942655,-0.62636,41.64,1.0,1.6195427,1
16:11:25.731579,34,0.4544236,4.9031997,-1.1567314,-0.6958,54.879997,1.0,1.1434647,1
16:11:25.731579,34,0.4478439,4.8839264,-0.9469554,-0.6958,54.36,1.0,0.6388741,1
16:11:25.731579,34,0.44057953,4.8558745,-0.74063003,-0.62636,40.76,1.0,2.1360888,1
16:11:25.731579,34,0.46008343,4.9642687,-1.1711384,-0.6958,30.359999,1.0,3.9038348,1
16:11:25.731579,34,0.409079,4.9684663,-1.1722631,-0.6958,25.119999,1.0,3.329086,1
16:11:25.731579,34,0.40404662,4.907346,-1.1578423,-0.6958,44.0,1.0,2.3010669,1
16:11:25.731579,34,0.39676133,4.9222226,-0.7512196,-0.62636,45.0,1.0,1.9137499,1
16:11:25.731579,34,0.39026323,4.8801274,-0.5951576,-0.62636,36.64,1.0,2.2730458,1
16:11:25.731579,34,0.35803363,4.9721713,-1.1732559,-0.6958,20.24,1.0,3.2044983,1
16:11:25.731579,34,0.43266025,4.819287,-0.5381197,-0.62636,19.0,1.0,6.419593,1
16:11:25.731579,34,0.35362923,4.911005,-1.1588229,-0.6958,33.88,1.0,3.9836462,1
16:11:25.731579,34,0.39676133,4.9222226,-0.7512196,-0.62636,45.0,1.0,1.9137499,1
16:11:25.731579,34,0.43266025,4.819287,-0.5381197,-0.62636,19.0,1.0,6.419593,1
16:11:25.731579,34,0.4478439,4.8839264,-0.9469554,-0.6958,54.36,1.0,0.6388741,1
16:11:25.731579,34,0.6840324,4.8287115,-0.7333517,-0.62636,22.519999,1.0,3.591653,1
16:11:25.731579,34,0.55503625,4.893449,-1.1541187,-0.6958,61.52,1.0,0.24132787,1
16:11:25.731579,34,0.34106734,4.8894258,-0.5471279,-0.62636,31.119999,1.0,2.8614087,1
16:11:25.731579,34,0.35803363,4.9721713,-1.1732559,-0.6958,20.24,1.0,3.2044983,1
16:11:25.731579,34,0.39026323,4.8801274,-0.5951576,-0.62636,36.64,1.0,2.2730458,1
16:11:25.731579,34,0.8653423,4.8031,-1.5519718,-0.6958,13.5199995,1.0,6.8567367,1
16:11:25.731579,34,0.35803363,4.9721713,-1.1732559,-0.6958,20.24,1.0,3.2044983,1
16:11:25.783495,35,0.7143136,4.935903,0.83646214,-0.6958,18.119999,1.0,2.234738,1
16:11:25.783495,35,0.7045738,4.907888,0.998948,-0.76552004,36.239998,1.0,3.279408,1
16:11:25.783495,35,0.69576365,4.8465185,1.0114654,-0.76552004,37.76,1.0,0.7166658,1
16:11:25.783495,35,0.6865064,4.7948217,1.0723403,-0.76552004,25.64,1.0,2.5474768,1
16:11:25.783495,35,0.65454197,4.914452,0.99718916,-0.76552004,39.879997,1.0,2.3962667,1
16:11:25.783495,35,0.6459368,4.8627934,1.0587072,-0.76552004,46.52,1.0,1.3894984,1
16:11:25.783495,35,0.73518664,4.7879558,1.07418,-0.76552004,21.0,1.0,3.4075649,1
16:11:25.783495,35,0.6377575,4.8012176,1.0706265,-0.76552004,30.519999,1.0,2.0094292,1
16:11:25.783495,35,0.66359013,4.942558,0.834679,-0.6958,17.24,1.0,2.4939423,1
16:11:25.783495,35,0.7451003,4.8395596,1.0133301,-0.76552004,29.519999,1.0,1.492043,1
16:11:25.783495,35,0.85538155,4.852566,0.85683596,-0.76552004,19.64,1.0,2.495817,1
16:11:25.783495,35,0.7649657,4.9287586,0.83837646,-0.6958,17.88,1.0,2.2806182,1
16:11:25.783495,35,0.7843037,4.770937,1.027791,-0.76552004,17.119999,1.0,4.6420646,1
16:11:25.783495,35,0.7943625,4.832124,1.0153223,-0.76552004,23.0,1.0,2.568364,1
16:11:25.783495,35,0.80550873,4.860587,0.85468656,-0.76552004,24.64,1.0,2.1529937,1
16:11:25.783495,35,0.8435452,4.824214,1.017442,-0.76552004,18.0,1.0,3.9384937,1
16:11:25.783495,35,0.8662518,4.900972,0.79281956,-0.6958,15.12,1.0,3.0626266,1
16:11:25.783495,35,0.9051689,4.844063,0.8591143,-0.76552004,15.639999,1.0,3.1545508,1
16:11:25.783495,35,0.9166719,4.892361,0.79512686,-0.6958,13.24,1.0,3.5347323,1
16:11:25.783495,35,0.6128003,4.9487224,0.8330272,-0.6958,15.759999,1.0,3.0673652,1
16:11:25.783495,35,0.75555533,4.868127,0.8526664,-0.76552004,30.519999,1.0,2.1324813,1
16:11:25.783495,35,0.6044447,4.9205327,0.9955599,-0.76552004,39.64,1.0,1.7977965,1
16:11:25.783495,35,0.81574523,4.909096,0.7906429,-0.6958,16.76,1.0,2.8951316,1
16:11:25.783495,35,0.58894485,4.8071423,1.069039,-0.76552004,34.52,1.0,1.8019364,1
16:11:25.783495,35,0.24499504,4.8691206,1.2558208,-0.76552004,14.759999,1.0,5.426468,1
16:11:25.783495,35,0.24903457,4.897391,1.0494368,-0.83496004,15.24,1.0,5.370849,1
16:11:25.783495,35,0.2942501,4.8588076,1.2078083,-0.76552004,18.0,1.0,3.4396937,1
16:11:25.783495,35,0.2987867,4.8947453,1.0501457,-0.83496004,19.24,1.0,3.6309173,1
16:11:25.783495,35,0.3440959,4.829678,1.0630004,-0.76552004,22.119999,1.0,6.0745683,1
16:11:25.783495,35,0.5964981,4.868794,1.0570993,-0.76552004,53.12,1.0,0.73106897,1
16:11:25.783495,35,0.352922,4.95356,1.0389663,-0.83496004,15.24,1.0,3.7959871,1
16:11:25.783495,35,0.3931541,4.8261175,1.0639546,-0.76552004,26.76,1.0,4.4747224,1
16:11:25.783495,35,0.39819634,4.888013,1.0519497,-0.76552004,31.519999,1.0,1.2812608,1
16:11:25.783495,35,0.40323856,4.949908,1.0399449,-0.83496004,19.119999,1.0,3.4293585,1
16:11:25.783495,35,0.34850892,4.891619,1.0509834,-0.76552004,24.519999,1.0,2.272465,1
16:11:25.783495,35,0.4478439,4.8839264,1.0530446,-0.76552004,40.0,1.0,0.643834,1
16:11:25.783495,35,0.442173,4.822083,1.0650356,-0.76552004,31.519999,1.0,3.2594838,1
16:11:25.783495,35,0.5539262,4.9360385,1.0436611,-0.83496004,35.64,1.0,4.210171,1
16:11:25.783495,35,0.54699975,4.8743167,1.0556195,-0.76552004,54.0,1.0,0.3802761,1
16:11:25.783495,35,0.5400733,4.812595,1.067578,-0.76552004,36.36,1.0,1.934285,1
16:11:25.783495,35,0.5037457,4.941147,1.0422925,-0.83496004,29.88,1.0,3.6491387,1
16:11:25.783495,35,0.5619492,4.9543962,0.83150697,-0.6958,13.88,1.0,3.9649806,1
16:11:25.783495,35,0.4911477,4.8175755,1.0662434,-0.76552004,35.12,1.0,2.4165287,1
16:11:25.783495,35,0.48310143,4.789164,1.2700566,-0.76552004,10.36,1.0,6.4162726,1
16:11:25.783495,35,0.45351478,4.9457703,1.0410537,-0.83496004,24.0,1.0,3.3847713,1
16:11:25.783495,35,0.4974467,4.879361,1.0542679,-0.76552004,48.64,1.0,0.34748185,1
16:11:25.783495,35,0.75555533,4.868127,0.8526664,-0.76552004,30.519999,1.0,2.1324813,1
16:11:25.783495,35,0.66359013,4.942558,0.834679,-0.6958,17.24,1.0,2.4939423,1
16:11:25.783495,35,0.5619492,4.9543962,0.83150697,-0.6958,13.88,1.0,3.9649806,1
16:11:25.783495,35,0.45351478,4.9457703,1.0410537,-0.83496004,24.0,1.0,3.3847713,1
16:11:25.783495,35,0.2942501,4.8588076,1.2078083,-0.76552004,18.0,1.0,3.4396937,1
16:11:25.783495,35,0.7143136,4.935903,0.83646214,-0.6958,18.119999,1.0,2.234738,1
16:11:25.783495,35,0.75555533,4.868127,0.8526664,-0.76552004,30.519999,1.0,2.1324813,1
16:11:25.783495,35,0.7843037,4.770937,1.027791,-0.76552004,17.119999,1.0,4.6420646,1
16:11:25.783495,35,0.5037457,4.941147,1.0422925,-0.83496004,29.88,1.0,3.6491387,1
16:11:25.783495,35,0.2942501,4.8588076,1.2078083,-0.76552004,18.0,1.0,3.4396937,1
16:11:25.783495,35,0.2942501,4.8588076,1.2078083,-0.76552004,18.0,1.0,3.4396937,1
16:11:25.783495,35,0.6865064,4.7948217,1.0723403,-0.76552004,25.64,1.0,2.5474768,1
16:11:25.783495,35,0.7451003,4.8395596,1.0133301,-0.76552004,29.519999,1.0,1.492043,1
16:11:25.783495,35,0.80550873,4.860587,0.85468656,-0.76552004,24.64,1.0,2.1529937,1
16:11:25.783495,35,0.6377575,4.8012176,1.0706265,-0.76552004,30.519999,1.0,2.0094292,1
16:11:25.783495,35,0.7649657,4.9287586,0.83837646,-0.6958,17.88,1.0,2.2806182,1
16:11:25.783495,35,0.5539262,4.9360385,1.0436611,-0.83496004,35.64,1.0,4.210171,1
16:11:25.783495,35,0.73518664,4.7879558,1.07418,-0.76552004,21.0,1.0,3.4075649,1
16:11:25.840024,36,0.6777019,4.733328,1.0842375,-0.76552004,23.24,1.0,3.9494722,1
16:11:25.840024,36,0.58894485,4.8071423,1.069039,-0.76552004,55.52,1.0,0.34935945,1
16:11:25.840024,36,0.5964981,4.868794,1.0570993,-0.6958,55.12,1.0,2.1702075,1
16:11:25.840024,36,0.6052618,4.887845,0.8473829,-0.76552004,31.24,1.0,2.1982956,1
16:11:25.840024,36,0.62957823,4.7396417,1.0825458,-0.76552004,26.24,1.0,4.2935076,1
16:11:25.840024,36,0.6377575,4.8012176,1.0706265,-0.76552004,48.239998,1.0,0.61501426,1
16:11:25.840024,36,0.64635736,4.853,1.0097287,-0.6958,47.239998,1.0,1.0928313,1
16:11:25.840024,36,0.65542686,4.8817563,0.8490144,-0.76552004,28.24,1.0,1.8480239,1
16:11:25.840024,36,0.6637561,4.9305334,0.78489864,-0.76552004,13.759999,1.0,3.98028,1
16:11:25.840024,36,0.6865064,4.7948217,1.0723403,-0.6958,39.0,1.0,1.3023695,1
16:11:25.840024,36,0.8328637,4.7631264,1.0298837,-0.6958,18.64,1.0,3.8499498,1
16:11:25.840024,36,0.70552635,4.875183,0.8507756,-0.76552004,24.519999,1.0,1.938198,1
16:11:25.840024,36,0.72575784,4.7265496,1.0860537,-0.6958,20.0,1.0,4.042725,1
16:11:25.840024,36,0.7356653,4.778278,1.025824,-0.6958,30.519999,1.0,1.7317988,1
16:11:25.840024,36,0.7451003,4.8395596,1.0133301,-0.6958,30.0,1.0,3.6561716,1
16:11:25.840024,36,0.75555533,4.868127,0.8526664,-0.76552004,20.64,1.0,2.4447477,1
16:11:25.840024,36,0.7747233,4.9379444,0.6232088,-0.76552004,6.64,0.664,8.640235,1
16:11:25.840024,36,0.7843037,4.770937,1.027791,-0.6958,23.76,1.0,2.601447,1
16:11:25.840024,36,0.7943625,4.832124,1.0153223,-0.6958,23.64,1.0,5.489268,1
16:11:25.840024,36,0.80550873,4.860587,0.85468656,-0.6958,17.119999,1.0,3.344596,1
16:11:25.840024,36,0.5813916,4.74549,1.0809786,-0.76552004,28.519999,1.0,5.0969977,1
16:11:25.840024,36,0.8446856,4.7918878,0.87113047,-0.76552004,18.76,1.0,3.7516432,1
16:11:25.840024,36,0.69576365,4.8465185,1.0114654,-0.6958,38.12,1.0,2.1831794,1
16:11:25.840024,36,0.55503625,4.893449,0.8458814,-0.76552004,32.36,1.0,3.0140655,1
16:11:25.840024,36,0.50475514,4.898567,0.8445099,-0.76552004,31.119999,1.0,4.321354,1
16:11:25.840024,36,0.5400733,4.812595,1.067578,-0.76552004,56.76,1.0,0.5291842,1
16:11:25.840024,36,0.24499504,4.8691206,1.2558208,-0.6958,16.0,1.0,3.7410889,1
16:11:25.840024,36,0.24903457,4.897391,1.0494368,-0.76552004,18.52,1.0,5.527532,1
16:11:25.840024,36,0.54699975,4.8743167,1.0556195,-0.76552004,58.52,1.0,1.2150428,1
16:11:25.840024,36,0.2987867,4.8947453,1.0501457,-0.76552004,23.359999,1.0,3.4721565,1
16:11:25.840024,36,0.30257013,4.9567256,1.038118,-0.76552004,16.64,1.0,4.3174653,1
16:11:25.840024,36,0.33845872,4.8010683,1.2668669,-0.6958,19.64,1.0,3.056571,1
16:11:25.840024,36,0.34285587,4.863442,1.2573422,-0.6958,25.76,1.0,3.7822394,1
16:11:25.840024,36,0.34850892,4.891619,1.0509834,-0.76552004,29.76,1.0,1.9905162,1
16:11:25.840024,36,0.3531518,4.9436617,0.9893625,-0.76552004,20.119999,1.0,3.1546206,1
16:11:25.840024,36,0.38671324,4.797566,1.2678053,-0.6958,22.88,1.0,2.509631,1
16:11:25.840024,36,0.39215034,4.852177,1.2095848,-0.6958,33.239998,1.0,1.9840117,1
16:11:25.840024,36,0.29394016,4.8665175,1.2565181,-0.6958,20.119999,1.0,3.5017245,1
16:11:25.840024,36,0.40350112,4.940007,0.99034166,-0.76552004,24.119999,1.0,2.7159233,1
16:11:25.840024,36,0.39819634,4.888013,1.0519497,-0.76552004,37.879997,1.0,1.0526357,1
16:11:25.840024,36,0.4974467,4.879361,1.0542679,-0.76552004,55.12,1.0,0.6926524,1
16:11:25.840024,36,0.4911477,4.8175755,1.0662434,-0.76552004,51.239998,1.0,1.1791848,1
16:11:25.840024,36,0.48361084,4.7815366,1.2219757,-0.6958,28.359999,1.0,1.7952437,1
16:11:25.840024,36,0.5331468,4.750873,1.0795363,-0.76552004,29.24,1.0,6.3830094,1
16:11:25.840024,36,0.4478439,4.8839264,1.0530446,-0.76552004,47.0,1.0,0.6294166,1
16:11:25.840024,36,0.442173,4.822083,1.0650356,-0.76552004,42.239998,1.0,2.3249617,1
16:11:25.840024,36,0.43492907,4.7935977,1.2688686,-0.6958,26.0,1.0,2.4610233,1
16:11:25.840024,36,0.42703927,4.756676,1.4688714,-0.6958,8.88,0.88799995,11.032164,1
16:11:25.840024,36,0.4538101,4.935867,0.99145114,-0.76552004,28.119999,1.0,2.77954,1
16:11:25.840024,36,0.6637561,4.9305334,0.78489864,-0.76552004,13.759999,1.0,3.98028,1
16:11:25.840024,36,0.80550873,4.860587,0.85468656,-0.6958,17.119999,1.0,3.344596,1
16:11:25.840024,36,0.5400733,4.812595,1.067578,-0.76552004,56.76,1.0,0.5291842,1
16:11:25.840024,36,0.33845872,4.8010683,1.2668669,-0.6958,19.64,1.0,3.056571,1
16:11:25.840024,36,0.39215034,4.852177,1.2095848,-0.6958,33.239998,1.0,1.9840117,1
16:11:25.840024,36,0.24499504,4.8691206,1.2558208,-0.6958,16.0,1.0,3.7410889,1
16:11:25.840024,36,0.39215034,4.852177,1.2095848,-0.6958,33.239998,1.0,1.9840117,1
16:11:25.840024,36,0.8328637,4.7631264,1.0298837,-0.6958,18.64,1.0,3.8499498,1
16:11:25.840024,36,0.34285587,4.863442,1.2573422,-0.6958,25.76,1.0,3.7822394,1
16:11:25.840024,36,0.5964981,4.868794,1.0570993,-0.6958,55.12,1.0,2.1702075,1
16:11:25.840024,36,0.5331468,4.750873,1.0795363,-0.76552004,29.24,1.0,6.3830094,1
16:11:25.840024,36,0.7356653,4.778278,1.025824,-0.6958,30.519999,1.0,1.7317988,1
16:11:25.840024,36,0.30257013,4.9567256,1.038118,-0.76552004,16.64,1.0,4.3174653,1
16:11:25.840024,36,0.5331468,4.750873,1.0795363,-0.76552004,29.24,1.0,6.3830094,1
16:11:25.840024,36,0.64635736,4.853,1.0097287,-0.6958,47.239998,1.0,1.0928313,1
16:11:25.892006,37,0.64739305,4.7572765,0.6218744,-0.62636,37.239998,1.0,0.6387772,1
16:11:25.892006,37,0.5903612,4.716447,0.6851755,-0.76552004,26.24,1.0,1.4493637,1
16:11:25.892006,37,0.5979326,4.7769356,0.6683128,-0.76552004,41.52,1.0,0.075105794,1
16:11:25.892006,37,0.60550404,4.8374243,0.6514501,-0.62636,22.359999,1.0,1.3505094,1
16:11:25.892006,37,0.85559547,4.7883186,0.61224717,-0.62636,14.5199995,1.0,4.119707,1
16:11:25.892006,37,0.6391953,4.6970367,0.63932514,-0.76552004,23.64,1.0,2.8704722,1
16:11:25.892006,37,0.6556891,4.831333,0.6530822,-0.62636,22.119999,1.0,1.4655852,1
16:11:25.892006,37,0.7462942,4.743814,0.62548167,-0.48720002,27.0,1.0,1.9818277,1
16:11:25.892006,37,0.6968785,4.750784,0.623614,-0.48720002,32.0,1.0,1.1706101,1
16:11:25.892006,37,0.7058087,4.8247576,0.6548441,-0.62636,20.88,1.0,1.8360496,1
16:11:25.892006,37,0.7145995,4.8848495,0.6380904,-0.62636,7.64,0.764,5.4220343,1
16:11:25.892006,37,0.75585765,4.817698,0.65673566,-0.62636,18.88,1.0,2.4659364,1
16:11:25.892006,37,0.7956353,4.736367,0.6274771,-0.48720002,22.519999,1.0,3.0767338,1
16:11:25.892006,37,0.8057102,4.796342,0.6100973,-0.62636,16.64,1.0,2.9413435,1
16:11:25.892006,37,0.68805414,4.6906266,0.64104277,-0.48720002,20.76,1.0,3.561055,1
16:11:25.892006,37,0.55525833,4.8430305,0.64994794,-0.62636,21.52,1.0,1.4871912,1
16:11:25.892006,37,0.54137206,4.721913,0.68371093,-0.76552004,28.0,1.0,1.3211492,1
16:11:25.892006,37,0.5483152,4.7824717,0.6668294,-0.76552004,43.76,1.0,0.07766269,1
16:11:25.892006,37,0.29950523,4.802949,0.6613425,-0.76552004,25.24,1.0,3.9881878,1
16:11:25.892006,37,0.3449234,4.739037,0.6791225,-0.76552004,22.359999,1.0,3.5559285,1
16:11:25.892006,37,0.3940996,4.735468,0.68007886,-0.76552004,25.119999,1.0,2.5896378,1
16:11:25.892006,37,0.39915395,4.7962003,0.6631508,-0.76552004,35.239998,1.0,1.6534036,1
16:11:25.892006,37,0.40414765,4.895476,0.792988,-0.76552004,15.24,1.0,6.5166526,1
16:11:25.892006,37,0.34934705,4.799815,0.66218215,-0.76552004,30.0,1.0,2.6935315,1
16:11:25.892006,37,0.4489209,4.7921042,0.6642483,-0.76552004,40.0,1.0,0.8693525,1
16:11:25.892006,37,0.45460546,4.852785,0.64733416,-0.76552004,17.52,1.0,2.503329,1
16:11:25.892006,37,0.49232885,4.7269053,0.6823732,-0.76552004,28.359999,1.0,1.4701653,1
16:11:25.892006,37,0.49864298,4.787528,0.66547453,-0.76552004,43.12,1.0,0.34332448,1
16:11:25.892006,37,0.50495714,4.8481507,0.6485759,-0.76552004,19.76,1.0,1.8724043,1
16:11:25.892006,37,0.5342152,4.709881,0.8891758,-0.76552004,12.24,1.0,2.185099,1
16:11:25.892006,37,0.44323638,4.731424,0.6811625,-0.76552004,27.359999,1.0,1.8937533,1
16:11:25.892006,37,0.49864298,4.787528,0.66547453,-0.76552004,43.12,1.0,0.34332448,1
16:11:25.892006,37,0.6391953,4.6970367,0.63932514,-0.76552004,23.64,1.0,2.8704722,1
16:11:25.892006,37,0.3940996,4.735468,0.68007886,-0.76552004,25.119999,1.0,2.5896378,1
16:11:25.892006,37,0.75585765,4.817698,0.65673566,-0.62636,18.88,1.0,2.4659364,1
16:11:25.892006,37,0.7956353,4.736367,0.6274771,-0.48720002,22.519999,1.0,3.0767338,1
16:11:25.892006,37,0.34934705,4.799815,0.66218215,-0.76552004,30.0,1.0,2.6935315,1
16:11:25.892006,37,0.85559547,4.7883186,0.61224717,-0.62636,14.5199995,1.0,4.119707,1
16:11:25.892006,37,0.5342152,4.709881,0.8891758,-0.76552004,12.24,1.0,2.185099,1
16:11:25.892006,37,0.7462942,4.743814,0.62548167,-0.48720002,27.0,1.0,1.9818277,1
16:11:25.892006,37,0.29950523,4.802949,0.6613425,-0.76552004,25.24,1.0,3.9881878,1
16:11:25.892006,37,0.5903612,4.716447,0.6851755,-0.76552004,26.24,1.0,1.4493637,1
16:11:25.892006,37,0.3940996,4.735468,0.68007886,-0.76552004,25.119999,1.0,2.5896378,1
16:11:25.892006,37,0.45460546,4.852785,0.64733416,-0.76552004,17.52,1.0,2.503329,1
16:11:25.892006,37,0.5979326,4.7769356,0.6683128,-0.76552004,41.52,1.0,0.075105794,1
16:11:25.892006,37,0.5979326,4.7769356,0.6683128,-0.76552004,41.52,1.0,0.075105794,1
16:11:25.892006,37,0.55525833,4.8430305,0.64994794,-0.62636,21.52,1.0,1.4871912,1
16:11:25.892006,37,0.45460546,4.852785,0.64733416,-0.76552004,17.52,1.0,2.503329,1
16:11:25.892006,37,0.75585765,4.817698,0.65673566,-0.62636,18.88,1.0,2.4659364,1
16:11:25.892006,37,0.6968785,4.750784,0.623614,-0.48720002,32.0,1.0,1.1706101,1
16:11:25.892006,37,0.5903612,4.716447,0.6851755,-0.76552004,26.24,1.0,1.4493637,1
16:11:25.892006,37,0.29950523,4.802949,0.6613425,-0.76552004,25.24,1.0,3.9881878,1
16:11:25.892006,37,0.39915395,4.7962003,0.6631508,-0.76552004,35.239998,1.0,1.6534036,1
16:11:25.892006,37,0.85559547,4.7883186,0.61224717,-0.62636,14.5199995,1.0,4.119707,1
16:11:25.892006,37,0.5342152,4.709881,0.8891758,-0.76552004,12.24,1.0,2.185099,1
16:11:25.892006,37,0.6968785,4.750784,0.623614,-0.48720002,32.0,1.0,1.1706101,1
16:11:25.892006,37,0.5903612,4.716447,0.6851755,-0.76552004,26.24,1.0,1.4493637,1
16:11:25.892006,37,0.50495714,4.8481507,0.6485759,-0.76552004,19.76,1.0,1.8724043,1
16:11:25.892006,37,0.49864298,4.787528,0.66547453,-0.76552004,43.12,1.0,0.34332448,1
16:11:25.892006,37,0.49864298,4.787528,0.66547453,-0.76552004,43.12,1.0,0.34332448,1
16:11:25.892006,37,0.3940996,4.735468,0.68007886,-0.76552004,25.119999,1.0,2.5896378,1
16:11:25.892006,37,0.60550404,4.8374243,0.6514501,-0.62636,22.359999,1.0,1.3505094,1
16:11:25.892006,37,0.4489209,4.7921042,0.6642483,-0.76552004,40.0,1.0,0.8693525,1
16:11:25.892006,37,0.29950523,4.802949,0.6613425,-0.76552004,25.24,1.0,3.9881878,1
16:11:25.943889,38,0.49864298,4.787528,0.66547453,-0.76552004,23.119999,1.0,0.8445136,1
16:11:25.943889,38,0.7462942,4.743814,0.62548167,-0.62636,21.52,1.0,4.745061,1
16:11:25.943889,38,0.6968785,4.750784,0.623614,-0.62636,24.119999,1.0,2.884119,1
16:11:25.943889,38,0.6556891,4.831333,0.6530822,-0.62636,9.0,0.9,6.987827,1
16:11:25.943889,38,0.64739305,4.7572765,0.6218744,-0.62636,25.88,1.0,1.5552223,1
16:11:25.943889,38,0.5979326,4.7769356,0.6683128,-0.62636,26.359999,1.0,0.7144086,1
16:11:25.943889,38,0.5483152,4.7824717,0.6668294,-0.62636,25.359999,1.0,0.5510431,1
16:11:25.943889,38,0.49232885,4.7269053,0.6823732,-0.76552004,23.88,1.0,2.2176964,1
16:11:25.943889,38,0.47682512,4.7269444,1.2795398,-0.55664,17.119999,1.0,4.717374,1
16:11:25.943889,38,0.4680942,4.6897697,1.4770136,-0.55664,10.88,1.0,8.7598505,1
16:11:25.943889,38,0.4489209,4.7921042,0.6642483,-0.76552004,20.359999,1.0,1.5799093,1
16:11:25.943889,38,0.44323638,4.731424,0.6811625,-0.76552004,23.119999,1.0,2.3906264,1
16:11:25.943889,38,0.43737683,4.719266,0.88666105,-0.76552004,15.88,1.0,1.6634285,1
16:11:25.943889,38,0.39915395,4.7962003,0.6631508,-0.6958,17.359999,1.0,2.7438514,1
16:11:25.943889,38,0.3940996,4.735468,0.68007886,-0.76552004,21.52,1.0,3.0523264,1
16:11:25.943889,38,0.34487167,4.776615,0.82221746,-0.62636,19.119999,1.0,2.9690864,1
16:11:25.943889,38,0.44323638,4.731424,0.6811625,-0.76552004,23.119999,1.0,2.3906264,1
16:11:25.943889,38,0.3940996,4.735468,0.68007886,-0.76552004,21.52,1.0,3.0523264,1
16:11:25.943889,38,0.7462942,4.743814,0.62548167,-0.62636,21.52,1.0,4.745061,1
16:11:25.943889,38,0.5979326,4.7769356,0.6683128,-0.62636,26.359999,1.0,0.7144086,1
16:11:25.943889,38,0.39915395,4.7962003,0.6631508,-0.6958,17.359999,1.0,2.7438514,1
16:11:25.943889,38,0.43737683,4.719266,0.88666105,-0.76552004,15.88,1.0,1.6634285,1
16:11:25.943889,38,0.34487167,4.776615,0.82221746,-0.62636,19.119999,1.0,2.9690864,1
16:11:25.943889,38,0.5483152,4.7824717,0.6668294,-0.62636,25.359999,1.0,0.5510431,1
16:11:25.943889,38,0.49864298,4.787528,0.66547453,-0.76552004,23.119999,1.0,0.8445136,1
16:11:25.943889,38,0.39915395,4.7962003,0.6631508,-0.6958,17.359999,1.0,2.7438514,1
16:11:25.943889,38,0.7462942,4.743814,0.62548167,-0.62636,21.52,1.0,4.745061,1
16:11:25.943889,38,0.47682512,4.7269444,1.2795398,-0.55664,17.119999,1.0,4.717374,1
16:11:25.943889,38,0.34487167,4.776615,0.82221746,-0.62636,19.119999,1.0,2.9690864,1
16:11:25.943889,38,0.64739305,4.7572765,0.6218744,-0.62636,25.88,1.0,1.5552223,1
16:11:25.943889,38,0.5979326,4.7769356,0.6683128,-0.62636,26.359999,1.0,0.7144086,1
16:11:25.943889,38,0.4680942,4.6897697,1.4770136,-0.55664,10.88,1.0,8.7598505,1
16:11:25.943889,38,0.3940996,4.735468,0.68007886,-0.76552004,21.52,1.0,3.0523264,1
16:11:25.943889,38,0.6968785,4.750784,0.623614,-0.62636,24.119999,1.0,2.884119,1
16:11:25.943889,38,0.6556891,4.831333,0.6530822,-0.62636,9.0,0.9,6.987827,1
16:11:25.943889,38,0.6556891,4.831333,0.6530822,-0.62636,9.0,0.9,6.987827,1
16:11:25.943889,38,0.4680942,4.6897697,1.4770136,-0.55664,10.88,1.0,8.7598505,1
16:11:25.943889,38,0.4680942,4.6897697,1.4770136,-0.55664,10.88,1.0,8.7598505,1
16:11:25.943889,38,0.4680942,4.6897697,1.4770136,-0.55664,10.88,1.0,8.7598505,1
16:11:25.943889,38,0.49232885,4.7269053,0.6823732,-0.76552004,23.88,1.0,2.2176964,1
16:11:25.943889,38,0.43737683,4.719266,0.88666105,-0.76552004,15.88,1.0,1.6634285,1
16:11:25.943889,38,0.47682512,4.7269444,1.2795398,-0.55664,17.119999,1.0,4.717374,1
16:11:25.943889,38,0.47682512,4.7269444,1.2795398,-0.55664,17.119999,1.0,4.717374,1
16:11:25.943889,38,0.6556891,4.831333,0.6530822,-0.62636,9.0,0.9,6.987827,1
16:11:25.943889,38,0.44323638,4.731424,0.6811625,-0.76552004,23.119999,1.0,2.3906264,1
16:11:25.943889,38,0.44323638,4.731424,0.6811625,-0.76552004,23.119999,1.0,2.3906264,1
16:11:25.943889,38,0.4489209,4.7921042,0.6642483,-0.76552004,20.359999,1.0,1.5799093,1
16:11:25.943889,38,0.5979326,4.7769356,0.6683128,-0.62636,26.359999,1.0,0.7144086,1
16:11:25.943889,38,0.64739305,4.7572765,0.6218744,-0.62636,25.88,1.0,1.5552223,1
16:11:25.943889,38,0.49232885,4.7269053,0.6823732,-0.76552004,23.88,1.0,2.2176964,1
16:11:25.943889,38,0.4489209,4.7921042,0.6642483,-0.76552004,20.359999,1.0,1.5799093,1
16:11:25.943889,38,0.5483152,4.7824717,0.6668294,-0.62636,25.359999,1.0,0.5510431,1
16:11:25.943889,38,0.43737683,4.719266,0.88666105,-0.76552004,15.88,1.0,1.6634285,1
16:11:25.943889,38,0.4680942,4.6897697,1.4770136,-0.55664,10.88,1.0,8.7598505,1
16:11:25.943889,38,0.3940996,4.735468,0.68007886,-0.76552004,21.52,1.0,3.0523264,1
16:11:25.943889,38,0.44323638,4.731424,0.6811625,-0.76552004,23.119999,1.0,2.3906264,1
16:11:25.943889,38,0.4489209,4.7921042,0.6642483,-0.76552004,20.359999,1.0,1.5799093,1
16:11:25.943889,38,0.4489209,4.7921042,0.6642483,-0.76552004,20.359999,1.0,1.5799093,1
16:11:25.943889,38,0.5979326,4.7769356,0.6683128,-0.62636,26.359999,1.0,0.7144086,1
16:11:25.943889,38,0.5979326,4.7769356,0.6683128,-0.62636,26.359999,1.0,0.7144086,1
16:11:25.943889,38,0.34487167,4.776615,0.82221746,-0.62636,19.119999,1.0,2.9690864,1
16:11:25.943889,38,0.47682512,4.7269444,1.2795398,-0.55664,17.119999,1.0,4.717374,1
16:11:25.943889,38,0.6968785,4.750784,0.623614,-0.62636,24.119999,1.0,2.884119,1
16:11:25.943889,38,0.49232885,4.7269053,0.6823732,-0.76552004,23.88,1.0,2.2176964,1
16:11:26.007999,39,0.51796806,4.6525197,1.2434713,-0.55664,25.119999,1.0,3.7988248,1
16:11:26.007999,39,0.43737683,4.719266,0.88666105,-0.55664,47.0,1.0,3.8082051,1
16:11:26.007999,39,0.8450236,4.7420835,0.67765135,-0.6958,26.24,1.0,1.5998976,1
16:11:26.007999,39,0.339904,4.75821,1.0272745,-0.55664,27.359999,1.0,2.037719,1
16:11:26.007999,39,0.4430591,4.780577,0.8721969,-0.55664,39.0,1.0,1.4085997,1
16:11:26.007999,39,0.33526978,4.7057962,1.0870347,-0.48720002,21.76,1.0,2.5840142,1
16:11:26.007999,39,0.5738383,4.6838384,1.0929183,-0.55664,44.239998,1.0,1.4023522,1
16:11:26.007999,39,0.7752917,4.678252,0.8976507,-0.48720002,24.359999,1.0,1.0912669,1
16:11:26.007999,39,0.42362815,4.669044,1.2878659,-0.55664,21.52,1.0,4.480769,1
16:11:26.007999,39,0.49213192,4.7760606,0.8734071,-0.55664,50.76,1.0,0.8937351,1
16:11:26.007999,39,0.85572386,4.802131,0.6609069,-0.6958,15.36,1.0,5.0548697,1
16:11:26.007999,39,0.60550404,4.8374243,0.6514501,-0.6958,12.5199995,1.0,3.1065698,1
16:11:26.007999,39,0.7536368,4.596684,1.1116912,-0.55664,13.639999,1.0,4.341598,1
16:11:26.007999,39,0.5262203,4.6891513,1.0914947,-0.55664,46.76,1.0,1.0271227,1
16:11:26.007999,39,0.6132197,4.61649,1.1063843,-0.55664,22.359999,1.0,2.8825977,1
16:11:26.007999,39,0.9921549,4.701825,0.6367326,-0.6958,14.0,1.0,3.8259368,1
16:11:26.007999,39,0.5979326,4.7769356,0.6683128,-0.55664,27.64,1.0,2.8202028,1
16:11:26.007999,39,0.7856783,4.6898603,0.69229937,-0.6958,38.36,1.0,4.058315,1
16:11:26.007999,39,0.6308399,4.698627,0.8921913,-0.55664,53.76,1.0,0.4384131,1
16:11:26.007999,39,0.9551045,4.770828,0.61693376,-0.6958,11.88,1.0,4.6259503,1
16:11:26.007999,39,0.8232937,4.6705317,0.8997194,-0.48720002,19.0,1.0,1.8347998,1
16:11:26.007999,39,1.0047182,4.7613626,0.61947,-0.6958,10.24,1.0,5.7501373,1
16:11:26.007999,39,0.39394197,4.78462,0.8711137,-0.55664,29.76,1.0,2.2543995,1
16:11:26.007999,39,0.2874364,4.7088037,1.0862288,-0.48720002,16.88,1.0,3.8312404,1
16:11:26.007999,39,0.7069002,4.603738,1.109801,-0.55664,16.359999,1.0,3.5855882,1
16:11:26.007999,39,0.8940739,4.720045,0.63185054,-0.6958,21.24,1.0,2.6872501,1
16:11:26.007999,39,0.93135834,4.6649804,0.6989659,-0.62636,18.119999,1.0,4.2261467,1
16:11:26.007999,39,0.8115006,4.6409516,1.0547674,-0.55664,13.88,1.0,4.4718904,1
16:11:26.007999,39,0.44885358,4.830166,0.8091782,-0.55664,13.24,1.0,3.0927954,1
16:11:26.007999,39,0.94316155,4.711172,0.6342281,-0.6958,17.24,1.0,3.131016,1
16:11:26.007999,39,0.6881574,4.704097,0.68848467,-0.6958,62.76,1.0,5.4371715,1
16:11:26.007999,39,0.83432335,4.682036,0.6943958,-0.48720002,29.519999,1.0,3.8288105,1
16:11:26.007999,39,0.7641862,4.6485615,1.0527283,-0.55664,17.76,1.0,3.2298737,1
16:11:26.007999,39,0.34478542,4.7881875,0.8701577,-0.55664,23.0,1.0,3.451343,1
16:11:26.007999,39,0.8058311,4.810156,0.6587567,-0.6958,16.52,1.0,4.1846013,1
16:11:26.007999,39,0.23957425,4.711349,1.0855469,-0.48720002,13.24,1.0,5.462002,1
16:11:26.007999,39,0.3296644,4.6763206,1.2859161,-0.55664,15.5199995,1.0,3.914437,1
16:11:26.007999,39,0.6391953,4.7480907,0.8298606,-0.55664,72.119995,1.0,0.17196631,1
16:11:26.007999,39,0.3989943,4.8459826,0.8566357,-0.55664,10.639999,1.0,4.792881,1
16:11:26.007999,39,0.66009295,4.61034,1.1080321,-0.55664,19.359999,1.0,3.0947425,1
16:11:26.007999,39,0.90539527,4.7798133,0.6145261,-0.6958,13.759999,1.0,3.7135472,1
16:11:26.007999,39,0.67906,4.692301,0.89388645,-0.55664,42.0,1.0,0.3792335,1
16:11:26.007999,39,0.669333,4.662409,1.0490179,-0.55664,29.519999,1.0,1.4571948,1
16:11:26.007999,39,0.5902726,4.7540283,0.8282696,-0.55664,72.52,1.0,0.27007246,1
16:11:26.007999,39,0.6556891,4.831333,0.6530822,-0.6958,14.36,1.0,2.9847038,1
16:11:26.007999,39,0.29121983,4.7707844,1.0742011,-0.55664,21.0,1.0,3.174172,1
16:11:26.007999,39,0.7957547,4.750008,0.675528,-0.6958,31.76,1.0,1.2864286,1
16:11:26.007999,39,0.5662851,4.6221867,1.1048579,-0.55664,24.519999,1.0,2.9635448,1
16:11:26.007999,39,0.4785497,4.694004,1.0901943,-0.48720002,43.12,1.0,0.9398059,1
16:11:26.007999,39,0.58255666,4.7044873,0.890621,-0.55664,63.52,1.0,0.79435706,1
16:11:26.007999,39,0.55517507,4.881575,0.79671264,-0.55664,10.76,1.0,11.104246,1
16:11:26.007999,39,0.38306966,4.702327,1.0879643,-0.48720002,28.119999,1.0,1.6995376,1
16:11:26.007999,39,0.69698304,4.764427,0.6716644,-0.55664,36.88,1.0,1.4662396,1
16:11:26.007999,39,0.29559442,4.7912803,0.86932904,-0.55664,18.24,1.0,5.020518,1
16:11:26.007999,39,0.5342152,4.709881,0.8891758,-0.55664,65.64,1.0,1.4631644,1
16:11:26.007999,39,0.75585765,4.817698,0.65673566,-0.6958,16.64,1.0,3.5396721,1
16:11:26.007999,39,0.7369547,4.697214,0.6903289,-0.6958,50.0,1.0,4.589888,1
16:11:26.007999,39,0.7464062,4.7574563,0.6735323,-0.6958,36.0,1.0,1.2371916,1
16:11:26.007999,39,0.2427277,4.773363,1.0735102,-0.55664,16.52,1.0,3.8034523,1
16:11:26.007999,39,0.4985682,4.82559,0.81040424,-0.55664,16.88,1.0,2.8906412,1
16:11:26.007999,39,0.548233,4.820534,0.81175894,-0.55664,21.76,1.0,2.9845989,1
16:11:26.007999,39,0.6474902,4.7709208,0.6699245,-0.55664,33.52,1.0,1.9885871,1
16:11:26.007999,39,0.5412909,4.7594934,0.82680523,-0.55664,63.52,1.0,0.66505516,1
16:11:26.007999,39,0.37666512,4.672909,1.2868302,-0.55664,18.52,1.0,4.0441775,1
16:11:26.059027,40,0.5903612,4.8960395,-0.04931668,-0.6958,31.64,1.0,0.38945326,1
16:11:26.059027,40,0.5827898,4.833247,-0.04868419,-0.6958,55.12,1.0,0.30167285,1
16:11:26.059027,40,0.5751321,4.7697396,0.096098594,-0.6958,31.88,1.0,0.294196,1
16:11:26.059027,40,0.5274067,4.7752523,0.096098594,-0.6958,33.52,1.0,0.058403403,1
16:11:26.059027,40,0.53442895,4.8388333,-0.04868419,-0.6958,58.239998,1.0,0.12503399,1
16:11:26.059027,40,0.51742244,4.684853,0.5205687,-0.55664,21.119999,1.0,1.1079533,1
16:11:26.059027,40,0.6310923,4.827178,-0.04868419,-0.6958,48.64,1.0,0.6865677,1
16:11:26.059027,40,0.54137206,4.901698,-0.04931668,-0.6958,31.24,1.0,0.20984909,1
16:11:26.059027,40,0.6392912,4.889891,-0.04931668,-0.6958,30.359999,1.0,0.7825573,1
16:11:26.059027,40,0.7756019,4.806076,-0.04868419,-0.6958,27.76,1.0,3.089215,1
16:11:26.059027,40,0.67040545,4.757284,0.096098594,-0.6958,25.0,1.0,1.3753622,1
16:11:26.059027,40,0.6793317,4.820626,-0.04868419,-0.6958,41.12,1.0,1.2796006,1
16:11:26.059027,40,0.6881574,4.8832536,-0.04931668,-0.6958,27.76,1.0,1.3890402,1
16:11:26.059027,40,0.69698304,4.945882,-0.04994917,-0.6958,6.52,0.652,1.5257714,1
16:11:26.059027,40,0.71794397,4.7503424,0.096098594,-0.6958,21.24,1.0,2.2204163,1
16:11:26.059027,40,0.7275032,4.8135915,-0.04868419,-0.6958,33.88,1.0,2.0805748,1
16:11:26.059027,40,0.7369547,4.876128,-0.04931668,-0.6958,24.519999,1.0,2.2087004,1
16:11:26.059027,40,0.7856783,4.868515,-0.04931668,-0.6958,21.119999,1.0,3.2412558,1
16:11:26.059027,40,0.5009923,4.536091,0.6897317,-0.55664,5.12,0.51199996,2.3325233,1
16:11:26.059027,40,0.6227999,4.76375,0.096098594,-0.6958,28.76,1.0,0.7332227,1
16:11:26.059027,40,0.4860147,4.843936,-0.04868419,-0.6958,56.76,1.0,0.15669051,1
16:11:26.059027,40,0.49232885,4.9068666,-0.04931668,-0.6958,29.119999,1.0,0.24378498,1
16:11:26.059027,40,0.19467835,4.8643627,-0.04868419,-0.48720002,20.119999,1.0,4.713121,1
16:11:26.059027,40,0.24005434,4.7970853,0.14413588,-0.48720002,16.24,1.0,2.8177378,1
16:11:26.059027,40,0.24331142,4.8621726,-0.04868419,-0.6958,24.359999,1.0,3.4352715,1
16:11:26.059027,40,0.28808442,4.7956443,0.096098594,-0.48720002,19.52,1.0,1.9268316,1
16:11:26.059027,40,0.3279447,4.67727,0.7086356,-0.55664,16.359999,1.0,2.083733,1
16:11:26.059027,40,0.33602566,4.7925234,0.096098594,-0.48720002,23.119999,1.0,1.1473172,1
16:11:26.059027,40,0.34049973,4.8563347,-0.04868419,-0.6958,36.36,1.0,1.5006449,1
16:11:26.059027,40,0.3449234,4.9194264,-0.04931668,-0.6958,19.359999,1.0,1.6260237,1
16:11:26.059027,40,0.37470022,4.6737566,0.7086356,-0.55664,18.359999,1.0,1.7906244,1
16:11:26.059027,40,0.29192019,4.8594966,-0.04868419,-0.6958,29.76,1.0,2.3643022,1
16:11:26.059027,40,0.38904524,4.852687,-0.04868419,-0.6958,43.879997,1.0,0.84465337,1
16:11:26.059027,40,0.3940996,4.9157314,-0.04931668,-0.6958,22.64,1.0,0.9520339,1
16:11:26.059027,40,0.42141828,4.669776,0.7086356,-0.55664,20.119999,1.0,1.6921815,1
16:11:26.059027,40,0.43180254,4.784845,0.096098594,-0.6958,30.519999,1.0,0.19662252,1
16:11:26.059027,40,0.43755186,4.8485537,-0.04868419,-0.6958,51.239998,1.0,0.396603,1
16:11:26.059027,40,0.44323638,4.9115443,-0.04931668,-0.6958,26.0,1.0,0.49122036,1
16:11:26.059027,40,0.46185064,4.6031013,0.6991837,-0.55664,15.12,1.0,1.9096735,1
16:11:26.059027,40,0.47054884,4.689793,0.5205687,-0.55664,21.119999,1.0,0.8949998,1
16:11:26.059027,40,0.4796286,4.7802877,0.096098594,-0.6958,33.0,1.0,0.025889585,1
16:11:26.059027,40,0.3839333,4.7889237,0.096098594,-0.6958,27.0,1.0,0.57049346,1
16:11:26.059027,40,0.5751321,4.7697396,0.096098594,-0.6958,31.88,1.0,0.294196,1
16:11:26.059027,40,0.7275032,4.8135915,-0.04868419,-0.6958,33.88,1.0,2.0805748,1
16:11:26.059027,40,0.5903612,4.8960395,-0.04931668,-0.6958,31.64,1.0,0.38945326,1
16:11:26.059027,40,0.7369547,4.876128,-0.04931668,-0.6958,24.519999,1.0,2.2087004,1
16:11:26.059027,40,0.6793317,4.820626,-0.04868419,-0.6958,41.12,1.0,1.2796006,1
16:11:26.059027,40,0.34049973,4.8563347,-0.04868419,-0.6958,36.36,1.0,1.5006449,1
16:11:26.059027,40,0.43180254,4.784845,0.096098594,-0.6958,30.519999,1.0,0.19662252,1
16:11:26.059027,40,0.33602566,4.7925234,0.096098594,-0.48720002,23.119999,1.0,1.1473172,1
16:11:26.059027,40,0.54137206,4.901698,-0.04931668,-0.6958,31.24,1.0,0.20984909,1
16:11:26.059027,40,0.47054884,4.689793,0.5205687,-0.55664,21.119999,1.0,0.8949998,1
16:11:26.059027,40,0.7275032,4.8135915,-0.04868419,-0.6958,33.88,1.0,2.0805748,1
16:11:26.059027,40,0.7369547,4.876128,-0.04931668,-0.6958,24.519999,1.0,2.2087004,1
16:11:26.059027,40,0.24005434,4.7970853,0.14413588,-0.48720002,16.24,1.0,2.8177378,1
16:11:26.059027,40,0.7856783,4.868515,-0.04931668,-0.6958,21.119999,1.0,3.2412558,1
16:11:26.059027,40,0.6793317,4.820626,-0.04868419,-0.6958,41.12,1.0,1.2796006,1
16:11:26.059027,40,0.19467835,4.8643627,-0.04868419,-0.48720002,20.119999,1.0,4.713121,1
16:11:26.059027,40,0.33602566,4.7925234,0.096098594,-0.48720002,23.119999,1.0,1.1473172,1
16:11:26.059027,40,0.29192019,4.8594966,-0.04868419,-0.6958,29.76,1.0,2.3643022,1
16:11:26.059027,40,0.7756019,4.806076,-0.04868419,-0.6958,27.76,1.0,3.089215,1
16:11:26.059027,40,0.67040545,4.757284,0.096098594,-0.6958,25.0,1.0,1.3753622,1
16:11:26.059027,40,0.3279447,4.67727,0.7086356,-0.55664,16.359999,1.0,2.083733,1
16:11:26.059027,40,0.49232885,4.9068666,-0.04931668,-0.6958,29.119999,1.0,0.24378498,1
16:11:26.114677,41,0.5674199,4.5822487,0.9194464,-0.41748002,31.119999,1.0,2.4678211,1
16:11:26.114677,41,0.5412909,4.7594934,0.82680523,-0.48720002,18.64,1.0,4.032298,1
16:11:26.114677,41,0.5343488,4.698453,0.84185153,-0.48720002,59.76,1.0,0.9887949,1
16:11:26.114677,41,0.52727485,4.6486917,0.90360725,-0.48720002,63.239998,1.0,0.2911082,1
16:11:26.114677,41,0.47319704,4.592301,0.916753,-0.41748002,34.0,1.0,1.7710874,1
16:11:26.114677,41,0.51052094,4.597798,1.2997677,-0.55664,14.5199995,1.0,9.766213,1
16:11:26.114677,41,0.4859418,4.7033806,0.8405312,-0.48720002,63.0,1.0,0.79771906,1
16:11:26.114677,41,0.57498825,4.6433682,0.9050337,-0.48720002,54.36,1.0,0.67717916,1
16:11:26.114677,41,0.5203345,4.5875025,0.9180387,-0.41748002,33.64,1.0,2.0268822,1
16:11:26.114677,41,0.58270234,4.6930575,0.8432971,-0.48720002,53.0,1.0,1.3379622,1
16:11:26.114677,41,0.6226442,4.6375837,0.9065836,-0.48720002,44.64,1.0,1.2330152,1
16:11:26.114677,41,0.6309976,4.687196,0.84486777,-0.48720002,44.879997,1.0,1.8465892,1
16:11:26.114677,41,0.6614157,4.570379,0.922627,-0.48720002,23.24,1.0,3.9106781,1
16:11:26.114677,41,0.67023784,4.6313396,0.9082567,-0.48720002,35.88,1.0,1.9603572,1
16:11:26.114677,41,0.6792298,4.680868,0.84656334,-0.48720002,37.36,1.0,2.5164704,1
16:11:26.114677,41,0.69698304,4.764427,0.6716644,-0.6958,6.12,0.612,8.166302,1
16:11:26.114677,41,0.7177645,4.624636,0.91005296,-0.48720002,28.88,1.0,2.8613586,1
16:11:26.114677,41,0.72739404,4.6740746,0.84838367,-0.6958,30.76,1.0,3.349825,1
16:11:26.114677,41,0.4430591,4.780577,0.8721969,-0.48720002,16.88,1.0,5.2243414,1
16:11:26.114677,41,0.6144485,4.576541,0.92097586,-0.48720002,27.24,1.0,3.0951908,1
16:11:26.114677,41,0.43737683,4.719266,0.88666105,-0.48720002,61.359997,1.0,1.1982942,1
16:11:26.114677,41,0.47950867,4.653554,0.9023044,-0.48720002,67.88,1.0,0.07347447,1
16:11:26.114677,41,0.4260123,4.5966434,0.91558933,-0.41748002,32.12,1.0,1.6995511,1
16:11:26.114677,41,0.43169457,4.6579547,0.9011252,-0.48720002,65.64,1.0,0.023364058,1
16:11:26.114677,41,0.14596738,4.736175,0.88213027,-0.48720002,21.76,1.0,4.1867533,1
16:11:26.114677,41,0.1895441,4.611511,0.91160554,-0.41748002,13.88,1.0,4.1028576,1
16:11:26.114677,41,0.19207229,4.673021,0.8970883,-0.41748002,24.0,1.0,2.2826877,1
16:11:26.114677,41,0.19460048,4.7345304,0.882571,-0.48720002,26.359999,1.0,3.309001,1
16:11:26.114677,41,0.23689458,4.609452,0.9121574,-0.41748002,16.76,1.0,3.252332,1
16:11:26.114677,41,0.14407103,4.6746445,0.8966533,-0.41748002,19.24,1.0,3.2417345,1
16:11:26.114677,41,0.2432141,4.7324157,0.8831376,-0.48720002,32.239998,1.0,2.5848546,1
16:11:26.114677,41,0.28422138,4.606935,0.9128318,-0.41748002,20.24,1.0,2.5876598,1
16:11:26.114677,41,0.2880124,4.6683836,0.89833087,-0.41748002,38.12,1.0,0.8752502,1
16:11:26.114677,41,0.29180342,4.7298317,0.88382995,-0.48720002,39.52,1.0,2.0126925,1
16:11:26.114677,41,0.33151975,4.603961,0.91362864,-0.41748002,24.359999,1.0,2.107719,1
16:11:26.114677,41,0.33594164,4.66537,0.89913833,-0.41748002,47.76,1.0,0.42412955,1
16:11:26.114677,41,0.34036353,4.7267785,0.884648,-0.48720002,47.64,1.0,1.591319,1
16:11:26.114677,41,0.37878498,4.6005306,0.91454786,-0.41748002,28.64,1.0,1.8117892,1
16:11:26.114677,41,0.3838373,4.661894,0.90006983,-0.41748002,57.879997,1.0,0.1402774,1
16:11:26.114677,41,0.24005434,4.6709337,0.8976475,-0.41748002,30.119999,1.0,1.4943835,1
16:11:26.114677,41,0.38888964,4.7232566,0.88559175,-0.48720002,55.64,1.0,1.3199664,1
16:11:26.114677,41,0.5674199,4.5822487,0.9194464,-0.41748002,31.119999,1.0,2.4678211,1
16:11:26.114677,41,0.7177645,4.624636,0.91005296,-0.48720002,28.88,1.0,2.8613586,1
16:11:26.114677,41,0.52727485,4.6486917,0.90360725,-0.48720002,63.239998,1.0,0.2911082,1
16:11:26.114677,41,0.67023784,4.6313396,0.9082567,-0.48720002,35.88,1.0,1.9603572,1
16:11:26.114677,41,0.43737683,4.719266,0.88666105,-0.48720002,61.359997,1.0,1.1982942,1
16:11:26.114677,41,0.47319704,4.592301,0.916753,-0.41748002,34.0,1.0,1.7710874,1
16:11:26.114677,41,0.29180342,4.7298317,0.88382995,-0.48720002,39.52,1.0,2.0126925,1
16:11:26.114677,41,0.29180342,4.7298317,0.88382995,-0.48720002,39.52,1.0,2.0126925,1
16:11:26.114677,41,0.4260123,4.5966434,0.91558933,-0.41748002,32.12,1.0,1.6995511,1
16:11:26.114677,41,0.43737683,4.719266,0.88666105,-0.48720002,61.359997,1.0,1.1982942,1
16:11:26.114677,41,0.67023784,4.6313396,0.9082567,-0.48720002,35.88,1.0,1.9603572,1
16:11:26.114677,41,0.28422138,4.606935,0.9128318,-0.41748002,20.24,1.0,2.5876598,1
16:11:26.114677,41,0.51052094,4.597798,1.2997677,-0.55664,14.5199995,1.0,9.766213,1
16:11:26.114677,41,0.47950867,4.653554,0.9023044,-0.48720002,67.88,1.0,0.07347447,1
16:11:26.114677,41,0.6309976,4.687196,0.84486777,-0.48720002,44.879997,1.0,1.8465892,1
16:11:26.114677,41,0.43169457,4.6579547,0.9011252,-0.48720002,65.64,1.0,0.023364058,1
16:11:26.114677,41,0.28422138,4.606935,0.9128318,-0.41748002,20.24,1.0,2.5876598,1
16:11:26.114677,41,0.3838373,4.661894,0.90006983,-0.41748002,57.879997,1.0,0.1402774,1
16:11:26.114677,41,0.1895441,4.611511,0.91160554,-0.41748002,13.88,1.0,4.1028576,1
16:11:26.114677,41,0.51052094,4.597798,1.2997677,-0.55664,14.5199995,1.0,9.766213,1
16:11:26.114677,41,0.1895441,4.611511,0.91160554,-0.41748002,13.88,1.0,4.1028576,1
16:11:26.114677,41,0.2880124,4.6683836,0.89833087,-0.41748002,38.12,1.0,0.8752502,1
16:11:26.114677,41,0.14407103,4.6746445,0.8966533,-0.41748002,19.24,1.0,3.2417345,1
16:11:26.170234,42,0.6132197,4.61649,1.1063843,-0.55664,43.12,1.0,0.88505465,1
16:11:26.170234,42,0.60349566,4.579697,1.2564468,-0.62636,35.239998,1.0,1.4945579,1
16:11:26.170234,42,0.5902726,4.7540283,0.8282696,-0.48720002,11.639999,1.0,8.807375,1
16:11:26.170234,42,0.5827898,4.655958,0.7020382,-0.48720002,37.76,1.0,2.3738463,1
16:11:26.170234,42,0.5343488,4.698453,0.84185153,-0.48720002,37.12,1.0,1.6731421,1
16:11:26.170234,42,0.5662851,4.6221867,1.1048579,-0.55664,50.52,1.0,0.32752538,1
16:11:26.170234,42,0.5567183,4.5926437,1.3011488,-0.62636,42.12,1.0,1.4971641,1
16:11:26.170234,42,0.54919225,4.5305576,1.3105963,-0.55664,17.119999,1.0,3.1016839,1
16:11:26.170234,42,0.52727485,4.6486917,0.90360725,-0.41748002,50.52,1.0,0.4734097,1
16:11:26.170234,42,0.6227999,4.6263013,0.85987484,-0.41748002,44.76,1.0,0.947278,1
16:11:26.170234,42,0.57498825,4.6433682,0.9050337,-0.41748002,49.0,1.0,0.40945765,1
16:11:26.170234,42,0.6310923,4.6500955,0.7036091,-0.48720002,36.36,1.0,2.1700308,1
16:11:26.170234,42,0.7756019,4.6297126,0.7090707,-0.48720002,26.119999,1.0,3.3475091,1
16:11:26.170234,42,0.66009295,4.61034,1.1080321,-0.55664,35.12,1.0,1.7098309,1
16:11:26.170234,42,0.67050606,4.583436,0.7221252,-0.41748002,39.239998,1.0,5.8188787,1
16:11:26.170234,42,0.6793317,4.6437664,0.7053049,-0.48720002,33.52,1.0,2.2733073,1
16:11:26.170234,42,0.6956907,4.5671473,1.2598095,-0.62636,22.119999,1.0,3.4184196,1
16:11:26.170234,42,0.7069002,4.603738,1.109801,-0.55664,28.0,1.0,2.7889116,1
16:11:26.170234,42,0.7180517,4.57673,0.72392213,-0.41748002,33.52,1.0,5.6709003,1
16:11:26.170234,42,0.7275032,4.636972,0.70712554,-0.48720002,29.88,1.0,2.6700456,1
16:11:26.170234,42,0.7435846,4.5353723,1.1235397,-0.55664,17.359999,1.0,3.6190813,1
16:11:26.170234,42,0.7536368,4.596684,1.1116912,-0.55664,22.359999,1.0,4.110202,1
16:11:26.170234,42,0.7655256,4.569565,0.72584206,-0.90468,28.24,1.0,5.839521,1
16:11:26.170234,42,0.7896234,4.5279675,1.1255238,-0.55664,13.88,1.0,4.683252,1
16:11:26.170234,42,0.800298,4.589179,1.1137022,-0.55664,18.0,1.0,5.662459,1
16:11:26.170234,42,0.51929384,4.6274295,1.103453,-0.41748002,54.239998,1.0,0.051025886,1
16:11:26.170234,42,0.64962566,4.573645,1.2580684,-0.62636,28.119999,1.0,2.3289149,1
16:11:26.170234,42,0.51052094,4.597798,1.2997677,-0.62636,46.0,1.0,0.99627393,1
16:11:26.170234,42,0.27365613,4.578753,1.4871897,-0.55664,13.12,1.0,4.4681892,1
16:11:26.170234,42,0.49213192,4.7760606,0.8734071,-0.48720002,10.639999,1.0,9.670417,1
16:11:26.170234,42,0.23121427,4.643956,1.479504,-0.62636,15.0,1.0,4.256278,1
16:11:26.170234,42,0.23556882,4.6817803,1.2844532,-0.41748002,19.119999,1.0,3.485671,1
16:11:26.170234,42,0.27886096,4.616864,1.294659,-0.6958,19.119999,1.0,3.062108,1
16:11:26.170234,42,0.50172436,4.5546255,1.4463731,-0.62636,18.359999,1.0,2.5301108,1
16:11:26.170234,42,0.2880124,4.6683836,0.89833087,-0.41748002,27.64,1.0,5.821874,1
16:11:26.170234,42,0.31919628,4.57589,1.4879569,-0.62636,15.12,1.0,3.5427752,1
16:11:26.170234,42,0.32526726,4.6139464,1.2954408,-0.55664,24.64,1.0,1.9858059,1
16:11:26.170234,42,0.3296644,4.6763206,1.2859161,-0.55664,30.359999,1.0,2.7319276,1
16:11:26.170234,42,0.33594164,4.66537,0.89913833,-0.41748002,33.0,1.0,4.0245447,1
16:11:26.170234,42,0.34036353,4.7267785,0.884648,-0.48720002,23.0,1.0,3.1973965,1
16:11:26.170234,42,0.36470452,4.572587,1.4888419,-0.62636,17.0,1.0,2.9573536,1
16:11:26.170234,42,0.37164107,4.6105804,1.2963426,-0.55664,31.359999,1.0,1.2579824,1
16:11:26.170234,42,0.37802744,4.6404314,1.0999691,-0.41748002,38.12,1.0,1.0579964,1
16:11:26.170234,42,0.28263074,4.6792774,1.2851237,-0.41748002,24.0,1.0,2.9422202,1
16:11:26.170234,42,0.38888964,4.7232566,0.88559175,-0.48720002,26.88,1.0,2.600698,1
16:11:26.170234,42,0.41077572,4.56344,1.4440113,-0.62636,18.359999,1.0,2.5540912,1
16:11:26.170234,42,0.4179777,4.606767,1.2973645,-0.55664,38.76,1.0,0.86133814,1
16:11:26.170234,42,0.42516032,4.6365523,1.1010085,-0.41748002,46.239998,1.0,0.40040904,1
16:11:26.170234,42,0.43169457,4.6579547,0.9011252,-0.41748002,44.64,1.0,1.5568783,1
16:11:26.170234,42,0.43737683,4.719266,0.88666105,-0.48720002,31.0,1.0,2.3332658,1
16:11:26.170234,42,0.4430591,4.780577,0.8721969,-0.48720002,9.76,0.97599995,8.856951,1
16:11:26.170234,42,0.45627287,4.5592523,1.4451333,-0.62636,18.88,1.0,2.391048,1
16:11:26.170234,42,0.46427253,4.602506,1.2985063,-0.55664,44.64,1.0,0.77934885,1
16:11:26.170234,42,0.4722507,4.6322184,1.1021699,-0.41748002,52.64,1.0,0.07017277,1
16:11:26.170234,42,0.47950867,4.653554,0.9023044,-0.41748002,48.879997,1.0,0.8505881,1
16:11:26.170234,42,0.4859418,4.7033806,0.8405312,-0.48720002,34.64,1.0,1.627194,1
16:11:26.170234,42,0.3838373,4.661894,0.90006983,-0.41748002,38.879997,1.0,2.6090093,1
16:11:26.170234,42,0.5902726,4.7540283,0.8282696,-0.48720002,11.639999,1.0,8.807375,1
16:11:26.170234,42,0.50172436,4.5546255,1.4463731,-0.62636,18.359999,1.0,2.5301108,1
16:11:26.170234,42,0.52727485,4.6486917,0.90360725,-0.41748002,50.52,1.0,0.4734097,1
16:11:26.170234,42,0.32526726,4.6139464,1.2954408,-0.55664,24.64,1.0,1.9858059,1
16:11:26.170234,42,0.37802744,4.6404314,1.0999691,-0.41748002,38.12,1.0,1.0579964,1
16:11:26.170234,42,0.23556882,4.6817803,1.2844532,-0.41748002,19.119999,1.0,3.485671,1
16:11:26.170234,42,0.7275032,4.636972,0.70712554,-0.48720002,29.88,1.0,2.6700456,1
16:11:26.226255,43,0.6227999,4.6263013,0.85987484,-0.76552004,51.12,1.0,1.3407679,1
16:11:26.226255,43,0.6144485,4.576541,0.92097586,-0.34804,57.879997,1.0,1.1855714,1
16:11:26.226255,43,0.6050404,4.554914,1.1183035,-0.62636,40.0,1.0,0.91735554,1
16:11:26.226255,43,0.5587318,4.5605345,1.1167974,-0.62636,41.12,1.0,0.7882584,1
16:11:26.226255,43,0.5674199,4.5822487,0.9194464,-0.34804,61.52,1.0,1.7117757,1
16:11:26.226255,43,0.65128845,4.5488462,1.1199293,-0.62636,36.64,1.0,1.4480962,1
16:11:26.226255,43,0.5751321,4.632087,0.8583246,-0.55664,54.64,1.0,0.9812137,1
16:11:26.226255,43,0.6614157,4.570379,0.922627,-0.76552004,51.64,1.0,1.0951233,1
16:11:26.226255,43,0.7655256,4.569565,0.72584206,-0.76552004,34.88,1.0,5.2968607,1
16:11:26.226255,43,0.6974714,4.542332,1.1216748,-0.62636,31.88,1.0,2.3509483,1
16:11:26.226255,43,0.7083168,4.5637636,0.92439955,-0.76552004,44.239998,1.0,1.4100374,1
16:11:26.226255,43,0.7180517,4.57673,0.72392213,-0.76552004,40.36,1.0,5.3784027,1
16:11:26.226255,43,0.7435846,4.5353723,1.1235397,-0.62636,27.0,1.0,3.597973,1
16:11:26.226255,43,0.75514704,4.5566955,0.92629343,-0.76552004,37.239998,1.0,2.1015613,1
16:11:26.226255,43,0.7901375,4.518777,1.079651,-0.62636,22.519999,1.0,3.8201876,1
16:11:26.226255,43,0.80190176,4.5491753,0.9283084,-0.76552004,31.0,1.0,3.1425984,1
16:11:26.226255,43,0.54919225,4.5305576,1.3105963,-0.62636,18.119999,1.0,3.8338783,1
16:11:26.226255,43,0.67040545,4.6200557,0.8615484,-0.76552004,46.0,1.0,2.0939083,1
16:11:26.226255,43,0.33085674,4.643855,1.0990517,-0.6958,36.12,1.0,2.0672655,1
16:11:26.226255,43,0.52727485,4.6486917,0.90360725,-0.55664,55.76,1.0,1.1994674,1
16:11:26.226255,43,0.28365296,4.6468234,1.0982565,-0.6958,30.119999,1.0,3.1739986,1
16:11:26.226255,43,0.2880124,4.6683836,0.89833087,-0.55664,33.64,1.0,5.7561293,1
16:11:26.226255,43,0.32526726,4.6139464,1.2954408,-0.62636,21.76,1.0,4.239854,1
16:11:26.226255,43,0.5343488,4.698453,0.84185153,-0.55664,20.24,1.0,6.5960793,1
16:11:26.226255,43,0.37164107,4.6105804,1.2963426,-0.62636,26.119999,1.0,4.2279286,1
16:11:26.226255,43,0.37827358,4.6311502,1.0534672,-0.6958,43.0,1.0,1.3071235,1
16:11:26.226255,43,0.3838373,4.661894,0.90006983,-0.55664,44.879997,1.0,2.331224,1
16:11:26.226255,43,0.41841844,4.5994415,1.2511563,-0.62636,30.88,1.0,2.664624,1
16:11:26.226255,43,0.33594164,4.66537,0.89913833,-0.55664,39.12,1.0,3.7497308,1
16:11:26.226255,43,0.43169457,4.6579547,0.9011252,-0.55664,50.239998,1.0,1.4594543,1
16:11:26.226255,43,0.46595168,4.5704327,1.1141453,-0.34804,35.76,1.0,1.8610017,1
16:11:26.226255,43,0.4725582,4.6229315,1.0556693,-0.62636,56.879997,1.0,0.46033993,1
16:11:26.226255,43,0.47950867,4.653554,0.9023044,-0.55664,54.239998,1.0,1.0948553,1
16:11:26.226255,43,0.49412677,4.497553,1.4991617,-0.62636,7.0,0.7,9.634362,1
16:11:26.226255,43,0.51236737,4.5657077,1.1154114,-0.62636,39.52,1.0,1.0919157,1
16:11:26.226255,43,0.5203345,4.5875025,0.9180387,-0.34804,61.12,1.0,2.7057562,1
16:11:26.226255,43,0.42543715,4.6272683,1.0545073,-0.6958,50.36,1.0,0.636775,1
16:11:26.226255,43,0.37827358,4.6311502,1.0534672,-0.6958,43.0,1.0,1.3071235,1
16:11:26.226255,43,0.67040545,4.6200557,0.8615484,-0.76552004,46.0,1.0,2.0939083,1
16:11:26.226255,43,0.42543715,4.6272683,1.0545073,-0.6958,50.36,1.0,0.636775,1
16:11:26.226255,43,0.47950867,4.653554,0.9023044,-0.55664,54.239998,1.0,1.0948553,1
16:11:26.226255,43,0.51236737,4.5657077,1.1154114,-0.62636,39.52,1.0,1.0919157,1
16:11:26.226255,43,0.5587318,4.5605345,1.1167974,-0.62636,41.12,1.0,0.7882584,1
16:11:26.226255,43,0.6227999,4.6263013,0.85987484,-0.76552004,51.12,1.0,1.3407679,1
16:11:26.226255,43,0.33594164,4.66537,0.89913833,-0.55664,39.12,1.0,3.7497308,1
16:11:26.226255,43,0.42543715,4.6272683,1.0545073,-0.6958,50.36,1.0,0.636775,1
16:11:26.226255,43,0.5587318,4.5605345,1.1167974,-0.62636,41.12,1.0,0.7882584,1
16:11:26.226255,43,0.7655256,4.569565,0.72584206,-0.76552004,34.88,1.0,5.2968607,1
16:11:26.226255,43,0.7435846,4.5353723,1.1235397,-0.62636,27.0,1.0,3.597973,1
16:11:26.226255,43,0.54919225,4.5305576,1.3105963,-0.62636,18.119999,1.0,3.8338783,1
16:11:26.226255,43,0.7655256,4.569565,0.72584206,-0.76552004,34.88,1.0,5.2968607,1
16:11:26.226255,43,0.47950867,4.653554,0.9023044,-0.55664,54.239998,1.0,1.0948553,1
16:11:26.226255,43,0.43169457,4.6579547,0.9011252,-0.55664,50.239998,1.0,1.4594543,1
16:11:26.226255,43,0.7655256,4.569565,0.72584206,-0.76552004,34.88,1.0,5.2968607,1
16:11:26.226255,43,0.7180517,4.57673,0.72392213,-0.76552004,40.36,1.0,5.3784027,1
16:11:26.226255,43,0.65128845,4.5488462,1.1199293,-0.62636,36.64,1.0,1.4480962,1
16:11:26.226255,43,0.75514704,4.5566955,0.92629343,-0.76552004,37.239998,1.0,2.1015613,1
16:11:26.226255,43,0.6614157,4.570379,0.922627,-0.76552004,51.64,1.0,1.0951233,1
16:11:26.226255,43,0.7180517,4.57673,0.72392213,-0.76552004,40.36,1.0,5.3784027,1
16:11:26.226255,43,0.52727485,4.6486917,0.90360725,-0.55664,55.76,1.0,1.1994674,1
16:11:26.226255,43,0.5674199,4.5822487,0.9194464,-0.34804,61.52,1.0,1.7117757,1
16:11:26.226255,43,0.5587318,4.5605345,1.1167974,-0.62636,41.12,1.0,0.7882584,1
16:11:26.226255,43,0.32526726,4.6139464,1.2954408,-0.62636,21.76,1.0,4.239854,1
16:11:26.226255,43,0.33085674,4.643855,1.0990517,-0.6958,36.12,1.0,2.0672655,1
16:11:26.277708,44,0.7554492,4.509417,0.7426134,-0.55664,79.24,1.0,1.1476924,1
16:11:26.277708,44,0.745261,4.4849267,0.895137,-0.62636,50.239998,1.0,1.2202802,1
16:11:26.277708,44,0.7180517,4.57673,0.72392213,-0.55664,53.12,1.0,1.6295614,1
16:11:26.277708,44,0.6615811,4.559243,0.8765335,-0.55664,92.36,1.0,0.2439537,1
16:11:26.277708,44,0.69904387,4.4919024,0.8932679,-0.62636,55.52,1.0,0.79876107,1
16:11:26.277708,44,0.67040545,4.6200557,0.8615484,-0.55664,56.0,1.0,2.459255,1
16:11:26.277708,44,0.7655256,4.569565,0.72584206,-0.55664,47.76,1.0,1.6734556,1
16:11:26.277708,44,0.70849395,4.552626,0.8783065,-0.55664,89.24,1.0,0.71244943,1
16:11:26.277708,44,0.7915224,4.4418464,0.76137364,-0.62636,42.52,1.0,2.956175,1
16:11:26.277708,44,0.9294777,4.416909,0.76805556,-0.6958,22.359999,1.0,4.0160847,1
16:11:26.277708,44,0.81292284,4.561941,0.7278847,-0.83496004,41.36,1.0,2.0314658,1
16:11:26.277708,44,0.8375928,4.4339786,0.76348186,-0.62636,34.64,1.0,2.989313,1
16:11:26.277708,44,0.8489158,4.4939194,0.7467659,-0.83496004,54.239998,1.0,1.5189052,1
16:11:26.277708,44,0.86023885,4.5538607,0.73004997,-0.83496004,35.239998,1.0,2.6959007,1
16:11:26.277708,44,0.8835794,4.425666,0.7657093,-0.6958,27.88,1.0,3.3448162,1
16:11:26.277708,44,0.89552414,4.4854946,0.74902344,-0.83496004,43.76,1.0,2.1744697,1
16:11:26.277708,44,0.90746886,4.545323,0.7323376,-0.83496004,29.76,1.0,3.6594024,1
16:11:26.277708,44,0.6527568,4.4984307,0.8915186,-0.55664,55.879997,1.0,0.70383704,1
16:11:26.277708,44,0.8022226,4.501894,0.74462914,-0.83496004,66.52,1.0,1.1742676,1
16:11:26.277708,44,0.64377147,4.4484572,0.95136756,-0.62636,14.88,1.0,3.276436,1
16:11:26.277708,44,0.9420429,4.4766197,0.7514014,-0.83496004,35.52,1.0,3.1341517,1
16:11:26.277708,44,0.6227999,4.6263013,0.85987484,-0.55664,55.52,1.0,1.9194478,1
16:11:26.277708,44,0.37878498,4.6005306,0.91454786,-0.55664,32.88,1.0,3.2204986,1
16:11:26.277708,44,0.3838373,4.661894,0.90006983,-0.55664,28.119999,1.0,3.6423416,1
16:11:26.277708,44,0.42033005,4.5353327,0.9300535,-0.55664,22.24,1.0,3.7685544,1
16:11:26.277708,44,0.4260123,4.5966434,0.91558933,-0.55664,40.76,1.0,2.0090504,1
16:11:26.277708,44,0.43169457,4.6579547,0.9011252,-0.55664,33.36,1.0,2.8889563,1
16:11:26.277708,44,0.46688545,4.5310473,0.93120164,-0.55664,27.88,1.0,2.4847846,1
16:11:26.277708,44,0.47319704,4.592301,0.916753,-0.55664,50.76,1.0,1.161166,1
16:11:26.277708,44,0.47950867,4.653554,0.9023044,-0.55664,39.36,1.0,2.4890482,1
16:11:26.277708,44,0.37373263,4.5391674,0.9290259,-0.55664,17.88,1.0,5.4255815,1
16:11:26.277708,44,0.5203345,4.5875025,0.9180387,-0.55664,62.76,1.0,0.6670941,1
16:11:26.277708,44,0.5135225,4.5153303,0.8869904,-0.55664,35.0,1.0,2.4595985,1
16:11:26.277708,44,0.6146022,4.565407,0.874882,-0.55664,87.119995,1.0,0.09903076,1
16:11:26.277708,44,0.6064045,4.5045123,0.88988906,-0.55664,50.879997,1.0,0.9434537,1
16:11:26.277708,44,0.5751321,4.632087,0.8583246,-0.55664,51.76,1.0,1.7006114,1
16:11:26.277708,44,0.6309976,4.687196,0.84486777,-0.55664,19.76,1.0,6.4047046,1
16:11:26.277708,44,0.5599915,4.5101457,0.88837963,-0.55664,43.12,1.0,1.5258589,1
16:11:26.277708,44,0.52727485,4.6486917,0.90360725,-0.55664,45.879997,1.0,2.4325569,1
16:11:26.277708,44,0.56756175,4.5711164,0.8733521,-0.55664,75.88,1.0,0.28619203,1
16:11:26.277708,44,0.67040545,4.6200557,0.8615484,-0.55664,56.0,1.0,2.459255,1
16:11:26.277708,44,0.5203345,4.5875025,0.9180387,-0.55664,62.76,1.0,0.6670941,1
16:11:26.277708,44,0.4260123,4.5966434,0.91558933,-0.55664,40.76,1.0,2.0090504,1
16:11:26.277708,44,0.90746886,4.545323,0.7323376,-0.83496004,29.76,1.0,3.6594024,1
16:11:26.277708,44,0.52727485,4.6486917,0.90360725,-0.55664,45.879997,1.0,2.4325569,1
16:11:26.277708,44,0.6527568,4.4984307,0.8915186,-0.55664,55.879997,1.0,0.70383704,1
16:11:26.277708,44,0.81292284,4.561941,0.7278847,-0.83496004,41.36,1.0,2.0314658,1
16:11:26.277708,44,0.5751321,4.632087,0.8583246,-0.55664,51.76,1.0,1.7006114,1
16:11:26.277708,44,0.8375928,4.4339786,0.76348186,-0.62636,34.64,1.0,2.989313,1
16:11:26.277708,44,0.745261,4.4849267,0.895137,-0.62636,50.239998,1.0,1.2202802,1
16:11:26.277708,44,0.8835794,4.425666,0.7657093,-0.6958,27.88,1.0,3.3448162,1
16:11:26.277708,44,0.5751321,4.632087,0.8583246,-0.55664,51.76,1.0,1.7006114,1
16:11:26.277708,44,0.70849395,4.552626,0.8783065,-0.55664,89.24,1.0,0.71244943,1
16:11:26.277708,44,0.8022226,4.501894,0.74462914,-0.83496004,66.52,1.0,1.1742676,1
16:11:26.277708,44,0.81292284,4.561941,0.7278847,-0.83496004,41.36,1.0,2.0314658,1
16:11:26.277708,44,0.47319704,4.592301,0.916753,-0.55664,50.76,1.0,1.161166,1
16:11:26.277708,44,0.8489158,4.4939194,0.7467659,-0.83496004,54.239998,1.0,1.5189052,1
16:11:26.277708,44,0.67040545,4.6200557,0.8615484,-0.55664,56.0,1.0,2.459255,1
16:11:26.277708,44,0.46688545,4.5310473,0.93120164,-0.55664,27.88,1.0,2.4847846,1
16:11:26.277708,44,0.70849395,4.552626,0.8783065,-0.55664,89.24,1.0,0.71244943,1
16:11:26.277708,44,0.5751321,4.632087,0.8583246,-0.55664,51.76,1.0,1.7006114,1
16:11:26.277708,44,0.37878498,4.6005306,0.91454786,-0.55664,32.88,1.0,3.2204986,1
16:11:26.277708,44,0.37373263,4.5391674,0.9290259,-0.55664,17.88,1.0,5.4255815,1
16:11:26.277708,44,0.37878498,4.6005306,0.91454786,-0.55664,32.88,1.0,3.2204986,1
16:11:26.332983,45,0.61469436,4.52927,0.7372937,-0.34804,34.88,1.0,1.9124653,1
16:11:26.332983,45,0.64248395,4.4873524,1.1318266,-0.76552004,25.119999,1.0,2.0154786,1
16:11:26.332983,45,0.6525936,4.509418,0.93699723,-0.76552004,35.52,1.0,1.0236248,1
16:11:26.332983,45,0.6614157,4.570379,0.922627,-0.34804,34.76,1.0,2.6501544,1
16:11:26.332983,45,0.67050606,4.583436,0.7221252,-0.34804,16.52,1.0,3.8771548,1
16:11:26.332983,45,0.6880426,4.4809265,1.1335485,-0.76552004,21.88,1.0,3.0029202,1
16:11:26.332983,45,0.69886905,4.502891,0.9387462,-0.76552004,31.64,1.0,1.8050323,1
16:11:26.332983,45,0.7083168,4.5637636,0.92439955,-0.76552004,32.76,1.0,2.5795858,1
16:11:26.332983,45,0.73353237,4.4740605,1.1353881,-0.76552004,18.64,1.0,4.3714876,1
16:11:26.332983,45,0.7450747,4.495917,0.9406148,-0.76552004,27.24,1.0,2.9662561,1
16:11:26.332983,45,0.75514704,4.5566955,0.92629343,-0.76552004,29.359999,1.0,2.814052,1
16:11:26.332983,45,0.80190176,4.5491753,0.9283084,-0.6958,25.64,1.0,3.3745308,1
16:11:26.332983,45,0.84857625,4.541204,0.9304443,-0.6958,21.88,1.0,4.2837358,1
16:11:26.332983,45,0.60625285,4.5154977,0.9353682,-0.76552004,37.64,1.0,0.6033983,1
16:11:26.332983,45,0.72663033,4.581017,0.5206131,-0.62636,6.8799996,0.68799996,5.6653323,1
16:11:26.332983,45,0.7896234,4.5279675,1.1255238,-0.76552004,23.0,1.0,3.3640947,1
16:11:26.332983,45,0.5953373,4.517786,1.2664986,-0.76552004,27.519999,1.0,1.4002265,1
16:11:26.332983,45,0.55985147,4.5211296,0.9338591,-0.34804,37.36,1.0,0.52742,1
16:11:26.332983,45,0.5676469,4.534981,0.7357636,-0.34804,32.88,1.0,1.946637,1
16:11:26.332983,45,0.366617,4.548252,1.305855,-0.76552004,18.52,1.0,5.502098,1
16:11:26.332983,45,0.37373263,4.5391674,0.9290259,-0.6958,22.0,1.0,3.387355,1
16:11:26.332983,45,0.41232723,4.54449,1.3068631,-0.76552004,21.76,1.0,4.374089,1
16:11:26.332983,45,0.42618278,4.5493813,0.731905,-0.34804,21.52,1.0,4.0174985,1
16:11:26.332983,45,0.45799622,4.5402865,1.3079894,-0.76552004,25.0,1.0,3.4818172,1
16:11:26.332983,45,0.46688545,4.5310473,0.93120164,-0.6958,30.88,1.0,1.3490367,1
16:11:26.332983,45,0.42033005,4.5353327,0.9300535,-0.6958,26.24,1.0,2.2213485,1
16:11:26.332983,45,0.48726127,4.435063,1.5061206,-0.76552004,8.12,0.812,10.794619,1
16:11:26.332983,45,0.50361943,4.5356426,1.3092338,-0.76552004,27.519999,1.0,2.8349578,1
16:11:26.332983,45,0.5133941,4.5263133,0.9324702,-0.6958,34.88,1.0,0.7804675,1
16:11:26.332983,45,0.5205427,4.5402365,0.7343554,-0.34804,29.519999,1.0,2.3178334,1
16:11:26.332983,45,0.5388406,4.492564,1.5004985,-0.76552004,17.119999,1.0,4.5412006,1
16:11:26.332983,45,0.4733864,4.545037,0.7330691,-0.34804,25.519999,1.0,3.0121605,1
16:11:26.332983,45,0.54919225,4.5305576,1.3105963,-0.76552004,28.519999,1.0,2.4448557,1
16:11:26.332983,45,0.5676469,4.534981,0.7357636,-0.34804,32.88,1.0,1.946637,1
16:11:26.332983,45,0.7450747,4.495917,0.9406148,-0.76552004,27.24,1.0,2.9662561,1
16:11:26.332983,45,0.7083168,4.5637636,0.92439955,-0.76552004,32.76,1.0,2.5795858,1
16:11:26.332983,45,0.80190176,4.5491753,0.9283084,-0.6958,25.64,1.0,3.3745308,1
16:11:26.332983,45,0.60625285,4.5154977,0.9353682,-0.76552004,37.64,1.0,0.6033983,1
16:11:26.332983,45,0.73353237,4.4740605,1.1353881,-0.76552004,18.64,1.0,4.3714876,1
16:11:26.332983,45,0.7450747,4.495917,0.9406148,-0.76552004,27.24,1.0,2.9662561,1
16:11:26.332983,45,0.61469436,4.52927,0.7372937,-0.34804,34.88,1.0,1.9124653,1
16:11:26.332983,45,0.75514704,4.5566955,0.92629343,-0.76552004,29.359999,1.0,2.814052,1
16:11:26.332983,45,0.61469436,4.52927,0.7372937,-0.34804,34.88,1.0,1.9124653,1
16:11:26.332983,45,0.54919225,4.5305576,1.3105963,-0.76552004,28.519999,1.0,2.4448557,1
16:11:26.332983,45,0.75514704,4.5566955,0.92629343,-0.76552004,29.359999,1.0,2.814052,1
16:11:26.332983,45,0.6880426,4.4809265,1.1335485,-0.76552004,21.88,1.0,3.0029202,1
16:11:26.332983,45,0.60625285,4.5154977,0.9353682,-0.76552004,37.64,1.0,0.6033983,1
16:11:26.332983,45,0.55985147,4.5211296,0.9338591,-0.34804,37.36,1.0,0.52742,1
16:11:26.332983,45,0.54919225,4.5305576,1.3105963,-0.76552004,28.519999,1.0,2.4448557,1
16:11:26.332983,45,0.37373263,4.5391674,0.9290259,-0.6958,22.0,1.0,3.387355,1
16:11:26.332983,45,0.6525936,4.509418,0.93699723,-0.76552004,35.52,1.0,1.0236248,1
16:11:26.332983,45,0.67050606,4.583436,0.7221252,-0.34804,16.52,1.0,3.8771548,1
16:11:26.332983,45,0.5133941,4.5263133,0.9324702,-0.6958,34.88,1.0,0.7804675,1
16:11:26.332983,45,0.42033005,4.5353327,0.9300535,-0.6958,26.24,1.0,2.2213485,1
16:11:26.332983,45,0.73353237,4.4740605,1.1353881,-0.76552004,18.64,1.0,4.3714876,1
16:11:26.332983,45,0.61469436,4.52927,0.7372937,-0.34804,34.88,1.0,1.9124653,1
16:11:26.332983,45,0.60625285,4.5154977,0.9353682,-0.76552004,37.64,1.0,0.6033983,1
16:11:26.332983,45,0.41232723,4.54449,1.3068631,-0.76552004,21.76,1.0,4.374089,1
16:11:26.332983,45,0.73353237,4.4740605,1.1353881,-0.76552004,18.64,1.0,4.3714876,1
16:11:26.332983,45,0.6880426,4.4809265,1.1335485,-0.76552004,21.88,1.0,3.0029202,1
16:11:26.332983,45,0.69886905,4.502891,0.9387462,-0.76552004,31.64,1.0,1.8050323,1
16:11:26.332983,45,0.75514704,4.5566955,0.92629343,-0.76552004,29.359999,1.0,2.814052,1
16:11:26.332983,45,0.55985147,4.5211296,0.9338591,-0.34804,37.36,1.0,0.52742,1
16:11:26.332983,45,0.6525936,4.509418,0.93699723,-0.76552004,35.52,1.0,1.0236248,1
16:11:26.388799,46,0.7323571,4.276107,0.42475238,-0.97412,41.64,1.0,0.3916996,1
16:11:26.388799,46,0.7050954,4.383834,0.33524513,-0.97412,28.88,1.0,0.7038453,1
16:11:26.388799,46,0.9278515,4.3486567,0.54432744,-0.76552004,23.0,1.0,3.3231218,1
16:11:26.388799,46,0.6869402,4.282962,0.42291567,-0.97412,44.239998,1.0,0.1527913,1
16:11:26.388799,46,0.6584076,4.390419,0.33348063,-0.97412,32.0,1.0,0.5509972,1
16:11:26.388799,46,0.7423932,4.334706,0.40316546,-0.97412,57.64,1.0,0.47453803,1
16:11:26.388799,46,0.6963539,4.341655,0.40130356,-0.97412,68.52,1.0,0.19642946,1
16:11:26.388799,46,0.7517127,4.3767977,0.3371304,-0.97412,24.76,1.0,1.0172975,1
16:11:26.388799,46,0.8919443,4.369478,0.38796297,-0.6958,14.24,1.0,2.8225622,1
16:11:26.388799,46,0.7883583,4.327313,0.40514642,-1.04384,46.239998,1.0,0.911477,1
16:11:26.388799,46,0.79901576,4.385812,0.3835863,-1.04384,20.64,1.0,1.3862144,1
16:11:26.388799,46,0.8229667,4.261083,0.428778,-1.04384,31.0,1.0,1.3396984,1
16:11:26.388799,46,0.8342445,4.319476,0.40724623,-1.04384,36.52,1.0,1.5064056,1
16:11:26.388799,46,0.8455223,4.3778696,0.3857145,-0.6958,17.119999,1.0,2.0249338,1
16:11:26.388799,46,0.8701097,4.298492,0.5616955,-0.76552004,25.76,1.0,2.434517,1
16:11:26.388799,46,0.8800473,4.311197,0.40946472,-1.04384,28.88,1.0,2.2584724,1
16:11:26.388799,46,0.9153083,4.289869,0.5640061,-0.76552004,21.119999,1.0,3.3183653,1
16:11:26.388799,46,0.64962566,4.3318586,0.35570908,-0.97412,75.119995,1.0,0.11277897,1
16:11:26.388799,46,0.7777008,4.2688136,0.42670655,-0.97412,36.64,1.0,0.78760713,1
16:11:26.388799,46,0.6414546,4.289377,0.42119658,-0.97412,43.76,1.0,0.07168678,1
16:11:26.388799,46,0.60349566,4.3379107,0.3540874,-0.97412,73.88,1.0,0.15771173,1
16:11:26.388799,46,0.32448378,4.313236,0.21635015,-0.97412,22.0,1.0,4.079815,1
16:11:26.388799,46,0.37074587,4.3098783,0.21724986,-0.97412,27.359999,1.0,3.0670824,1
16:11:26.388799,46,0.3757578,4.368142,0.19314963,-0.97412,16.24,1.0,3.557491,1
16:11:26.388799,46,0.41697088,4.306074,0.21826924,-0.97412,34.36,1.0,2.215826,1
16:11:26.388799,46,0.42407486,4.4165645,0.32647496,-0.97412,19.76,1.0,2.2248976,1
16:11:26.388799,46,0.45847917,4.294538,0.37224627,-0.97412,24.119999,1.0,1.3000112,1
16:11:26.388799,46,0.4647621,4.3533897,0.3499398,-0.97412,43.52,1.0,1.2580698,1
16:11:26.388799,46,0.471045,4.412241,0.32763335,-0.97412,23.76,1.0,1.5623229,1
16:11:26.388799,46,0.61165404,4.396553,0.33183703,-0.97412,33.0,1.0,0.5595958,1
16:11:26.388799,46,0.5110592,4.3486767,0.35120264,-0.97412,54.36,1.0,0.7295698,1
16:11:26.388799,46,0.51796806,4.4074645,0.32891324,-0.97412,27.88,1.0,1.0644457,1
16:11:26.388799,46,0.54977137,4.2847986,0.37485588,-0.97412,34.88,1.0,0.34381863,1
16:11:26.388799,46,0.55730534,4.343517,0.3525852,-0.97412,65.64,1.0,0.36304414,1
16:11:26.388799,46,0.5648393,4.402235,0.33031452,-0.97412,31.359999,1.0,0.73047227,1
16:11:26.388799,46,0.5723733,4.460953,0.3080438,-0.97412,5.0,0.5,1.446103,1
16:11:26.388799,46,0.59009755,4.3480325,0.7878206,-1.04384,11.88,1.0,2.7446713,1
16:11:26.388799,46,0.5953373,4.2792683,0.37633777,-0.97412,40.239998,1.0,0.10502347,1
16:11:26.388799,46,0.50415045,4.289889,0.373492,-0.97412,29.24,1.0,0.74189585,1
16:11:26.388799,46,0.8229667,4.261083,0.428778,-1.04384,31.0,1.0,1.3396984,1
16:11:26.388799,46,0.6963539,4.341655,0.40130356,-0.97412,68.52,1.0,0.19642946,1
16:11:26.388799,46,0.6414546,4.289377,0.42119658,-0.97412,43.76,1.0,0.07168678,1
16:11:26.388799,46,0.6869402,4.282962,0.42291567,-0.97412,44.239998,1.0,0.1527913,1
16:11:26.388799,46,0.4647621,4.3533897,0.3499398,-0.97412,43.52,1.0,1.2580698,1
16:11:26.388799,46,0.37074587,4.3098783,0.21724986,-0.97412,27.359999,1.0,3.0670824,1
16:11:26.388799,46,0.37074587,4.3098783,0.21724986,-0.97412,27.359999,1.0,3.0670824,1
16:11:26.388799,46,0.61165404,4.396553,0.33183703,-0.97412,33.0,1.0,0.5595958,1
16:11:26.388799,46,0.54977137,4.2847986,0.37485588,-0.97412,34.88,1.0,0.34381863,1
16:11:26.388799,46,0.9153083,4.289869,0.5640061,-0.76552004,21.119999,1.0,3.3183653,1
16:11:26.388799,46,0.64962566,4.3318586,0.35570908,-0.97412,75.119995,1.0,0.11277897,1
16:11:26.388799,46,0.5953373,4.2792683,0.37633777,-0.97412,40.239998,1.0,0.10502347,1
16:11:26.388799,46,0.8800473,4.311197,0.40946472,-1.04384,28.88,1.0,2.2584724,1
16:11:26.388799,46,0.61165404,4.396553,0.33183703,-0.97412,33.0,1.0,0.5595958,1
16:11:26.388799,46,0.6584076,4.390419,0.33348063,-0.97412,32.0,1.0,0.5509972,1
16:11:26.388799,46,0.79901576,4.385812,0.3835863,-1.04384,20.64,1.0,1.3862144,1
16:11:26.388799,46,0.8800473,4.311197,0.40946472,-1.04384,28.88,1.0,2.2584724,1
16:11:26.388799,46,0.7517127,4.3767977,0.3371304,-0.97412,24.76,1.0,1.0172975,1
16:11:26.388799,46,0.64962566,4.3318586,0.35570908,-0.97412,75.119995,1.0,0.11277897,1
16:11:26.388799,46,0.8342445,4.319476,0.40724623,-1.04384,36.52,1.0,1.5064056,1
16:11:26.388799,46,0.8229667,4.261083,0.428778,-1.04384,31.0,1.0,1.3396984,1
16:11:26.388799,46,0.8342445,4.319476,0.40724623,-1.04384,36.52,1.0,1.5064056,1
16:11:26.388799,46,0.7323571,4.276107,0.42475238,-0.97412,41.64,1.0,0.3916996,1
16:11:26.388799,46,0.5648393,4.402235,0.33031452,-0.97412,31.359999,1.0,0.73047227,1
16:11:26.388799,46,0.42407486,4.4165645,0.32647496,-0.97412,19.76,1.0,2.2248976,1
16:11:26.442833,47,0.82527834,4.321017,0.6033707,-0.97412,52.12,1.0,0.81727755,1
16:11:26.442833,47,0.81494665,4.3140965,0.7969138,-0.83496004,40.76,1.0,1.6319298,1
16:11:26.442833,47,0.7883583,4.327313,0.40514642,-0.97412,38.76,1.0,1.120429,1
16:11:26.442833,47,0.7323571,4.276107,0.42475238,-0.97412,79.52,1.0,2.2690463,1
16:11:26.442833,47,0.7691979,4.2694483,0.6204611,-0.97412,49.36,1.0,2.2801812,1
16:11:26.442833,47,0.7423932,4.334706,0.40316546,-0.97412,42.36,1.0,1.1563363,1
16:11:26.442833,47,0.8342445,4.319476,0.40724623,-0.97412,33.239998,1.0,1.2968782,1
16:11:26.442833,47,0.779456,4.314426,0.55742604,-0.97412,66.36,1.0,0.24588242,1
16:11:26.442833,47,0.85968995,4.3060083,0.79908097,-0.83496004,32.76,1.0,1.9746244,1
16:11:26.442833,47,0.9257621,4.3024755,0.4118016,-0.97412,22.519999,1.0,2.3640401,1
16:11:26.442833,47,0.8800473,4.311197,0.40946472,-0.97412,27.519999,1.0,1.7046252,1
16:11:26.442833,47,0.90434724,4.2974887,0.80136377,-0.83496004,26.24,1.0,2.5599422,1
16:11:26.442833,47,0.9158124,4.3041983,0.6078772,-0.55664,31.0,1.0,1.6800888,1
16:11:26.442833,47,0.9489142,4.288538,0.80376214,-0.83496004,21.0,1.0,3.40868,1
16:11:26.442833,47,0.96094424,4.2951345,0.6103059,-0.55664,24.24,1.0,2.4969172,1
16:11:26.442833,47,0.9735767,4.3394732,0.5467881,-0.55664,18.359999,1.0,4.533523,1
16:11:26.442833,47,1.00598,4.2856345,0.6128513,-0.55664,19.24,1.0,3.600514,1
16:11:26.442833,47,0.7243499,4.276662,0.6185283,-0.97412,56.879997,1.0,1.6354792,1
16:11:26.442833,47,0.8705889,4.312826,0.60556537,-0.97412,40.12,1.0,1.1273195,1
16:11:26.442833,47,0.70576763,4.4003477,0.37969148,-0.97412,8.639999,0.86399996,9.859777,1
16:11:26.442833,47,0.6963539,4.341655,0.40130356,-0.97412,42.36,1.0,1.3870965,1
16:11:26.442833,47,0.6869402,4.282962,0.42291567,-0.97412,85.88,1.0,1.8031516,1
16:11:26.442833,47,0.4131555,4.3148494,0.4143713,-0.97412,27.0,1.0,3.6048868,1
16:11:26.442833,47,0.45389873,4.310815,0.60937697,-0.97412,29.0,1.0,2.4958625,1
16:11:26.442833,47,0.45891625,4.310638,0.41549987,-0.97412,34.12,1.0,2.8138442,1
16:11:26.442833,47,0.46520516,4.36971,0.39378616,-0.97412,17.76,1.0,4.952772,1
16:11:26.442833,47,0.49911374,4.3062124,0.6106103,-0.97412,35.76,1.0,1.8518119,1
16:11:26.442833,47,0.5046311,4.305984,0.4167468,-0.97412,43.52,1.0,2.2064087,1
16:11:26.442833,47,0.54427886,4.301173,0.61196053,-0.97412,43.64,1.0,1.3937333,1
16:11:26.442833,47,0.51154643,4.3649926,0.3950502,-0.97412,21.88,1.0,3.9593976,1
16:11:26.442833,47,0.5578366,4.359828,0.39643407,-0.97412,27.119999,1.0,3.0952091,1
16:11:26.442833,47,0.58938956,4.2956977,0.61342764,-0.97412,51.879997,1.0,1.1312972,1
16:11:26.442833,47,0.5959048,4.2953534,0.4195953,-0.97412,69.52,1.0,1.5775816,1
16:11:26.442833,47,0.60407096,4.354216,0.39793772,-0.97412,33.0,1.0,2.3704038,1
16:11:26.442833,47,0.63444126,4.289787,0.6150114,-0.97412,58.359997,1.0,1.075572,1
16:11:26.442833,47,0.6414546,4.289377,0.42119658,-0.97412,81.52,1.0,1.5773792,1
16:11:26.442833,47,0.65024495,4.3481584,0.39956093,-0.97412,38.76,1.0,1.796653,1
16:11:26.442833,47,0.67079425,4.27552,0.8079052,-0.97412,14.759999,1.0,2.9004216,1
16:11:26.442833,47,0.6794296,4.2834415,0.6167117,-0.97412,60.359997,1.0,1.2390176,1
16:11:26.442833,47,0.5502955,4.300889,0.418112,-0.97412,55.64,1.0,1.7910277,1
16:11:26.442833,47,0.9158124,4.3041983,0.6078772,-0.55664,31.0,1.0,1.6800888,1
16:11:26.442833,47,0.51154643,4.3649926,0.3950502,-0.97412,21.88,1.0,3.9593976,1
16:11:26.442833,47,1.00598,4.2856345,0.6128513,-0.55664,19.24,1.0,3.600514,1
16:11:26.442833,47,0.7243499,4.276662,0.6185283,-0.97412,56.879997,1.0,1.6354792,1
16:11:26.442833,47,0.60407096,4.354216,0.39793772,-0.97412,33.0,1.0,2.3704038,1
16:11:26.442833,47,0.96094424,4.2951345,0.6103059,-0.55664,24.24,1.0,2.4969172,1
16:11:26.442833,47,0.8705889,4.312826,0.60556537,-0.97412,40.12,1.0,1.1273195,1
16:11:26.442833,47,0.6414546,4.289377,0.42119658,-0.97412,81.52,1.0,1.5773792,1
16:11:26.442833,47,0.5959048,4.2953534,0.4195953,-0.97412,69.52,1.0,1.5775816,1
16:11:26.442833,47,0.90434724,4.2974887,0.80136377,-0.83496004,26.24,1.0,2.5599422,1
16:11:26.442833,47,0.45389873,4.310815,0.60937697,-0.97412,29.0,1.0,2.4958625,1
16:11:26.442833,47,0.45891625,4.310638,0.41549987,-0.97412,34.12,1.0,2.8138442,1
16:11:26.442833,47,0.54427886,4.301173,0.61196053,-0.97412,43.64,1.0,1.3937333,1
16:11:26.442833,47,0.8800473,4.311197,0.40946472,-0.97412,27.519999,1.0,1.7046252,1
16:11:26.442833,47,0.6794296,4.2834415,0.6167117,-0.97412,60.359997,1.0,1.2390176,1
16:11:26.442833,47,0.45891625,4.310638,0.41549987,-0.97412,34.12,1.0,2.8138442,1
16:11:26.442833,47,0.6794296,4.2834415,0.6167117,-0.97412,60.359997,1.0,1.2390176,1
16:11:26.442833,47,0.9735767,4.3394732,0.5467881,-0.55664,18.359999,1.0,4.533523,1
16:11:26.442833,47,0.8705889,4.312826,0.60556537,-0.97412,40.12,1.0,1.1273195,1
16:11:26.442833,47,0.85968995,4.3060083,0.79908097,-0.83496004,32.76,1.0,1.9746244,1
16:11:26.442833,47,0.81494665,4.3140965,0.7969138,-0.83496004,40.76,1.0,1.6319298,1
16:11:26.442833,47,0.60407096,4.354216,0.39793772,-0.97412,33.0,1.0,2.3704038,1
16:11:26.442833,47,0.5578366,4.359828,0.39643407,-0.97412,27.119999,1.0,3.0952091,1
16:11:26.442833,47,0.4131555,4.3148494,0.4143713,-0.97412,27.0,1.0,3.6048868,1
16:11:26.499507,48,0.8139689,4.261802,0.6225099,-0.83496004,36.0,1.0,1.4151859,1
16:11:26.499507,48,0.8365878,4.380231,0.5842316,-0.34804,13.5199995,1.0,1.6408287,1
16:11:26.499507,48,0.82527834,4.321017,0.6033707,-0.62636,32.64,1.0,0.49649695,1
16:11:26.499507,48,0.8036236,4.254155,0.81362975,-0.97412,26.24,1.0,1.162472,1
16:11:26.499507,48,0.7594216,4.2617044,0.811607,-0.97412,29.76,1.0,0.87475336,1
16:11:26.499507,48,0.7798853,4.328769,0.6012935,-0.62636,36.239998,1.0,0.20920558,1
16:11:26.499507,48,0.7691979,4.2694483,0.6204611,-0.83496004,41.76,1.0,1.1339122,1
16:11:26.499507,48,0.84774524,4.2461796,0.8157668,-0.97412,22.76,1.0,1.6620481,1
16:11:26.499507,48,0.7905727,4.3880897,0.5821259,-0.34804,13.639999,1.0,1.3474619,1
16:11:26.499507,48,0.8586585,4.253724,0.6246745,-0.83496004,30.0,1.0,1.9205952,1
16:11:26.499507,48,0.8825193,4.371928,0.5864563,-0.34804,12.759999,1.0,2.139303,1
16:11:26.499507,48,0.90326226,4.2452145,0.62695456,-0.62636,24.64,1.0,2.6503131,1
16:11:26.499507,48,0.9158124,4.3041983,0.6078772,-0.62636,23.359999,1.0,1.7156359,1
16:11:26.499507,48,0.9283625,4.3631825,0.5887998,-0.62636,11.759999,1.0,2.843071,1
16:11:26.499507,48,0.94877183,4.276112,0.7599687,-0.90468,20.24,1.0,2.7281213,1
16:11:26.499507,48,0.96094424,4.2951345,0.6103059,-0.62636,19.119999,1.0,2.648102,1
16:11:26.499507,48,0.97411287,4.353994,0.5912618,-0.62636,10.5199995,1.0,3.752587,1
16:11:26.499507,48,1.00598,4.2856345,0.6128513,-0.62636,15.759999,1.0,3.796677,1
16:11:26.499507,48,0.8705889,4.312826,0.60556537,-0.62636,28.0,1.0,0.99858046,1
16:11:26.499507,48,0.7444785,4.3955035,0.58013934,-0.34804,13.12,1.0,1.2592841,1
16:11:26.499507,48,0.58189857,4.28762,0.8046629,-0.83496004,30.359999,1.0,1.8476673,1
16:11:26.499507,48,0.7243499,4.276662,0.6185283,-0.83496004,45.879997,1.0,1.0768516,1
16:11:26.499507,48,0.7344142,4.3360825,0.5993338,-0.62636,37.36,1.0,0.13678601,1
16:11:26.499507,48,0.49911374,4.3062124,0.6106103,-0.83496004,28.519999,1.0,4.175001,1
16:11:26.499507,48,0.50577,4.3516803,0.5474438,-1.04384,19.0,1.0,3.550529,1
16:11:26.499507,48,0.53736126,4.293026,0.80321443,-0.83496004,27.24,1.0,2.6252887,1
16:11:26.499507,48,0.54427886,4.301173,0.61196053,-0.83496004,34.0,1.0,3.1010644,1
16:11:26.499507,48,0.5518412,4.3609343,0.5926748,-1.04384,22.88,1.0,2.0064893,1
16:11:26.499507,48,0.58938956,4.2956977,0.61342764,-0.83496004,39.64,1.0,2.2554848,1
16:11:26.499507,48,0.59757864,4.355383,0.5941623,-0.34804,27.24,1.0,1.2134427,1
16:11:26.499507,48,0.63444126,4.289787,0.6150114,-0.83496004,44.52,1.0,1.6369338,1
16:11:26.499507,48,0.64325637,4.3493905,0.59576803,-0.34804,31.88,1.0,0.63817704,1
16:11:26.499507,48,0.6520714,4.4089937,0.5765247,-0.34804,10.88,1.0,1.700162,1
16:11:26.499507,48,0.6597561,4.296709,1.1691695,-0.90468,18.119999,1.0,8.982217,1
16:11:26.499507,48,0.67079425,4.27552,0.8079052,-0.83496004,33.36,1.0,0.9354412,1
16:11:26.499507,48,0.6794296,4.2834415,0.6167117,-0.83496004,46.879997,1.0,1.2443326,1
16:11:26.499507,48,0.6888697,4.3429565,0.597492,-0.62636,35.64,1.0,0.27957714,1
16:11:26.499507,48,0.6983099,4.4024715,0.5782722,-0.34804,12.12,1.0,1.376645,1
16:11:26.499507,48,0.62637776,4.2817845,0.8062265,-0.83496004,32.64,1.0,1.2847368,1
16:11:26.499507,48,0.7151437,4.268826,0.80969876,-0.83496004,32.239998,1.0,0.79896903,1
16:11:26.499507,48,0.7691979,4.2694483,0.6204611,-0.83496004,41.76,1.0,1.1339122,1
16:11:26.499507,48,0.49911374,4.3062124,0.6106103,-0.83496004,28.519999,1.0,4.175001,1
16:11:26.499507,48,0.6888697,4.3429565,0.597492,-0.62636,35.64,1.0,0.27957714,1
16:11:26.499507,48,0.84774524,4.2461796,0.8157668,-0.97412,22.76,1.0,1.6620481,1
16:11:26.499507,48,0.6983099,4.4024715,0.5782722,-0.34804,12.12,1.0,1.376645,1
16:11:26.499507,48,0.7444785,4.3955035,0.58013934,-0.34804,13.12,1.0,1.2592841,1
16:11:26.499507,48,0.6888697,4.3429565,0.597492,-0.62636,35.64,1.0,0.27957714,1
16:11:26.499507,48,0.9283625,4.3631825,0.5887998,-0.62636,11.759999,1.0,2.843071,1
16:11:26.499507,48,0.54427886,4.301173,0.61196053,-0.83496004,34.0,1.0,3.1010644,1
16:11:26.499507,48,0.64325637,4.3493905,0.59576803,-0.34804,31.88,1.0,0.63817704,1
16:11:26.499507,48,0.59757864,4.355383,0.5941623,-0.34804,27.24,1.0,1.2134427,1
16:11:26.499507,48,0.63444126,4.289787,0.6150114,-0.83496004,44.52,1.0,1.6369338,1
16:11:26.499507,48,0.6794296,4.2834415,0.6167117,-0.83496004,46.879997,1.0,1.2443326,1
16:11:26.499507,48,0.82527834,4.321017,0.6033707,-0.62636,32.64,1.0,0.49649695,1
16:11:26.499507,48,0.58938956,4.2956977,0.61342764,-0.83496004,39.64,1.0,2.2554848,1
16:11:26.499507,48,0.6520714,4.4089937,0.5765247,-0.34804,10.88,1.0,1.700162,1
16:11:26.499507,48,0.6888697,4.3429565,0.597492,-0.62636,35.64,1.0,0.27957714,1
16:11:26.499507,48,0.6983099,4.4024715,0.5782722,-0.34804,12.12,1.0,1.376645,1
16:11:26.499507,48,0.82527834,4.321017,0.6033707,-0.62636,32.64,1.0,0.49649695,1
16:11:26.499507,48,0.67079425,4.27552,0.8079052,-0.83496004,33.36,1.0,0.9354412,1
16:11:26.499507,48,0.6520714,4.4089937,0.5765247,-0.34804,10.88,1.0,1.700162,1
16:11:26.499507,48,0.62637776,4.2817845,0.8062265,-0.83496004,32.64,1.0,1.2847368,1
16:11:26.499507,48,0.7151437,4.268826,0.80969876,-0.83496004,32.239998,1.0,0.79896903,1
16:11:26.499507,48,0.6520714,4.4089937,0.5765247,-0.34804,10.88,1.0,1.700162,1
16:11:26.557400,49,0.7921817,4.227946,0.9587567,-1.04384,45.64,1.0,1.3834971,1
16:11:26.557400,49,0.4344816,4.2617483,1.1739755,-0.97412,29.64,1.0,2.8763537,1
16:11:26.557400,49,0.87921685,4.178068,0.83467203,-1.04384,25.64,1.0,6.88868,1
16:11:26.557400,49,0.69475275,4.1922655,1.0121651,-0.97412,39.12,1.0,3.410079,1
16:11:26.557400,49,0.9489142,4.288538,0.80376214,-1.04384,25.24,1.0,3.2556207,1
16:11:26.557400,49,0.99338615,4.2791576,0.80627567,-0.76552004,20.24,1.0,4.6617146,1
16:11:26.557400,49,0.61730504,4.2655745,0.99447834,-0.97412,104.759995,1.0,0.82087606,1
16:11:26.557400,49,0.85968995,4.3060083,0.79908097,-1.04384,41.0,1.0,1.4879988,1
16:11:26.557400,49,0.44795057,4.3472877,0.9745475,-0.97412,35.12,1.0,2.6923664,1
16:11:26.557400,49,0.48497707,4.3101497,1.1198463,-0.97412,48.64,1.0,1.6120938,1
16:11:26.557400,49,0.53714633,4.337772,0.9770972,-0.97412,63.64,1.0,0.6310463,1
16:11:26.557400,49,0.6261272,4.326535,0.9801081,-0.97412,105.759995,1.0,0.34607223,1
16:11:26.557400,49,0.49951342,4.4039345,0.96133316,-0.97412,30.24,1.0,2.3017232,1
16:11:26.557400,49,0.40896553,4.41271,0.95898175,-0.97412,18.76,1.0,3.521842,1
16:11:26.557400,49,0.39115736,4.2657356,1.172907,-0.97412,23.64,1.0,3.7543762,1
16:11:26.557400,49,0.65078807,4.2269845,1.1382194,-0.97412,45.76,1.0,2.7770822,1
16:11:26.557400,49,0.9225453,4.1693664,0.8370037,-1.04384,20.0,1.0,6.6545053,1
16:11:26.557400,49,0.9619543,4.3355255,0.74273944,-0.76552004,11.759999,1.0,4.6984363,1
16:11:26.557400,49,0.7593077,4.2959166,0.94185346,-0.97412,83.64,1.0,0.9217039,1
16:11:26.557400,49,0.39680582,4.327335,1.1609634,-0.97412,26.519999,1.0,2.8378022,1
16:11:26.557400,49,0.67052597,4.320273,0.9817861,-0.97412,114.64,1.0,0.8263589,1
16:11:26.557400,49,0.347794,4.2693048,1.1719507,-0.97412,19.0,1.0,5.102859,1
16:11:26.557400,49,0.5734702,4.2713256,0.9929374,-0.97412,89.0,1.0,1.5677427,1
16:11:26.557400,49,0.3578585,4.3928504,1.1479884,-0.97412,21.0,1.0,5.380709,1
16:11:26.557400,49,0.7701219,4.3217516,0.7948625,-1.11328,63.52,1.0,1.2110595,1
16:11:26.557400,49,0.6440291,4.4024453,0.772586,-0.97412,16.119999,1.0,2.8122773,1
16:11:26.557400,49,0.87163466,4.365837,0.7823951,-0.97412,15.5199995,1.0,4.1540093,1
16:11:26.557400,49,0.6610782,4.2594004,0.99613273,-0.97412,102.119995,1.0,0.4986675,1
16:11:26.557400,49,0.5447147,4.3988914,0.9626845,-0.97412,39.239998,1.0,2.3727648,1
16:11:26.557400,49,0.7377682,4.185347,1.0140189,-0.97412,31.88,1.0,3.1431358,1
16:11:26.557400,49,0.93572974,4.228952,0.8203829,-1.04384,27.76,1.0,3.0435727,1
16:11:26.557400,49,0.40328327,4.351399,0.9734459,-0.76552004,26.88,1.0,4.4339395,1
16:11:26.557400,49,0.5295779,4.276653,0.9915099,-0.97412,67.119995,1.0,2.7557602,1
16:11:26.557400,49,0.59829646,4.4084454,0.7709783,-0.97412,14.0,1.0,3.7904243,1
16:11:26.557400,49,0.60769624,4.2330627,1.1365908,-0.97412,49.76,1.0,2.1288643,1
16:11:26.557400,49,0.5209954,4.2525187,1.1764485,-0.97412,43.76,1.0,2.4618988,1
16:11:26.557400,49,0.4542622,4.408541,0.96009886,-0.97412,23.64,1.0,2.6784816,1
16:11:26.557400,49,0.9169125,4.357199,0.7847097,-0.76552004,13.5199995,1.0,5.5523615,1
16:11:26.557400,49,0.49257305,4.3427453,0.97576463,-0.97412,47.0,1.0,1.4307998,1
16:11:26.557400,49,0.6801437,4.370454,0.92319083,-0.97412,70.88,1.0,2.193628,1
16:11:26.557400,49,0.5066564,4.4191184,0.7681184,-0.97412,9.76,0.97599995,7.1341267,1
16:11:26.557400,49,0.8356751,4.2200837,0.96086335,-1.04384,33.76,1.0,2.047771,1
16:11:26.557400,49,0.6896972,4.3960037,0.77431196,-0.97412,18.0,1.0,2.2725484,1
16:11:26.557400,49,0.89178205,4.2377787,0.8180179,-1.04384,35.76,1.0,2.6383717,1
16:11:26.557400,49,0.8036236,4.254155,0.81362975,-1.04384,63.12,1.0,2.9671493,1
16:11:26.557400,49,0.7251113,4.363667,0.92500937,-0.97412,71.24,1.0,3.2443264,1
16:11:26.557400,49,0.35281628,4.3309555,1.1599933,-0.97412,20.359999,1.0,3.2564023,1
16:11:26.557400,49,0.6351081,4.3768063,0.92148876,-0.97412,62.359997,1.0,1.5341932,1
16:11:26.557400,49,0.81494665,4.3140965,0.7969138,-1.04384,52.0,1.0,1.1556245,1
16:11:26.557400,49,0.47776237,4.2573423,1.175156,-0.97412,36.64,1.0,2.4512584,1
16:11:26.557400,49,0.90434724,4.2974887,0.80136377,-1.04384,32.0,1.0,2.1929321,1
16:11:26.557400,49,0.7808221,4.381799,0.7781181,-0.97412,18.76,1.0,2.4387157,1
16:11:26.557400,49,0.4407557,4.32329,1.1620473,-0.97412,35.52,1.0,2.876567,1
16:11:26.557400,49,0.7352964,4.3891215,0.77615607,-0.97412,19.0,1.0,2.1537232,1
16:11:26.557400,49,0.7047853,4.252804,0.9979003,-0.97412,83.64,1.0,0.5850081,1
16:11:26.557400,49,0.5641763,4.2472777,1.1778527,-0.97412,48.879997,1.0,2.8914318,1
16:11:26.557400,49,0.84774524,4.2461796,0.8157668,-1.04384,47.12,1.0,2.6081207,1
16:11:26.557400,49,0.5816658,4.3323684,0.97854507,-0.97412,84.88,1.0,0.27528414,1
16:11:26.557400,49,0.7150364,4.303037,0.9399455,-0.97412,104.52,1.0,0.271721,1
16:11:26.557400,49,0.8235734,4.170265,1.0180601,-0.97412,20.52,1.0,3.7755759,1
16:11:26.557400,49,0.5898615,4.3934116,0.96415275,-0.97412,50.36,1.0,2.8731894,1
16:11:26.557400,49,0.74860907,4.2353873,0.9567628,-0.97412,62.52,1.0,1.095918,1
16:11:26.557400,49,0.78070986,4.1780133,1.0159839,-0.97412,25.519999,1.0,3.2697737,1
16:11:26.557400,49,0.55250406,4.4140034,0.76948905,-0.97412,11.759999,1.0,5.224925,1
16:11:26.613165,50,0.7569458,4.2556653,-0.24023224,-1.04384,11.36,1.0,10.055731,1
16:11:26.613165,50,0.7471118,4.200377,-0.21112785,-1.04384,6.3599997,0.636,9.700704,1
16:11:26.613165,50,0.7344142,4.3360825,0.5993338,-0.97412,9.639999,0.964,0.41401404,1
16:11:26.613165,50,0.7243499,4.276662,0.6185283,-0.97412,27.24,1.0,0.32954118,1
16:11:26.613165,50,0.7142857,4.217241,0.6377228,-0.97412,56.76,1.0,0.28800339,1
16:11:26.613165,50,0.70506734,4.2086782,0.8264701,-0.83496004,53.64,1.0,0.35319582,1
16:11:26.613165,50,0.6516679,4.198768,1.0104226,-0.90468,26.76,1.0,0.8481386,1
16:11:26.613165,50,0.72636765,4.4263654,-0.04983928,-1.04384,10.24,1.0,6.275698,1
16:11:26.613165,50,0.6888697,4.3429565,0.597492,-0.97412,9.5199995,0.95199996,0.26318184,1
16:11:26.613165,50,0.6794296,4.2834415,0.6167117,-0.97412,25.88,1.0,0.17960705,1
16:11:26.613165,50,0.6699894,4.2239265,0.63593143,-0.97412,60.76,1.0,0.13899983,1
16:11:26.613165,50,0.66134274,4.2152777,0.8247018,-0.83496004,62.239998,1.0,0.12356177,1
16:11:26.613165,50,0.7377682,4.185347,1.0140189,-0.90468,21.52,1.0,1.6220267,1
16:11:26.613165,50,0.69475275,4.1922655,1.0121651,-0.90468,24.359999,1.0,1.1534679,1
16:11:26.613165,50,0.74872136,4.201657,0.82835144,-0.83496004,43.36,1.0,0.7507916,1
16:11:26.613165,50,0.83580047,4.1863513,0.83245265,-0.83496004,27.0,1.0,2.0494463,1
16:11:26.613165,50,0.7691979,4.2694483,0.6204611,-0.97412,26.119999,1.0,0.65632594,1
16:11:26.613165,50,0.7798853,4.328769,0.6012935,-0.97412,9.36,0.936,0.7463367,1
16:11:26.613165,50,0.7923005,4.1942143,0.8303457,-0.83496004,34.239998,1.0,1.3162589,1
16:11:26.613165,50,0.8026594,4.2025876,0.64164907,-0.97412,38.64,1.0,1.1027385,1
16:11:26.613165,50,0.8139689,4.261802,0.6225099,-0.97412,23.24,1.0,1.1598753,1
16:11:26.613165,50,0.82527834,4.321017,0.6033707,-0.97412,8.88,0.88799995,1.2600616,1
16:11:26.613165,50,0.8467281,4.1946216,0.64378357,-0.97412,30.519999,1.0,1.7682396,1
16:11:26.613165,50,0.8586585,4.253724,0.6246745,-0.55664,19.76,1.0,1.840039,1
16:11:26.613165,50,0.8701097,4.298492,0.5616955,-0.55664,8.12,0.812,1.9816767,1
16:11:26.613165,50,0.87921685,4.178068,0.83467203,-0.83496004,21.359999,1.0,2.9501424,1
16:11:26.613165,50,0.8907121,4.1862307,0.646032,-0.55664,24.119999,1.0,2.6055722,1
16:11:26.613165,50,0.90326226,4.2452145,0.62695456,-0.55664,16.52,1.0,2.6966028,1
16:11:26.613165,50,0.934607,4.177415,0.64839417,-0.55664,19.359999,1.0,3.6144657,1
16:11:26.613165,50,0.7585105,4.210128,0.63962877,-0.97412,48.12,1.0,0.6092776,1
16:11:26.613165,50,0.94777566,4.2362747,0.62935,-0.55664,13.759999,1.0,3.7292888,1
16:11:26.613165,50,0.64325637,4.3493905,0.59576803,-1.04384,8.88,0.88799995,0.2938623,1
16:11:26.613165,50,0.6256262,4.2301836,0.63425475,-0.97412,57.64,1.0,0.16228874,1
16:11:26.613165,50,0.63444126,4.289787,0.6150114,-0.97412,22.519999,1.0,0.2065456,1
16:11:26.613165,50,0.30953407,4.2528095,0.8146452,-0.83496004,16.0,1.0,4.323914,1
16:11:26.613165,50,0.3536648,4.249606,0.8155034,-0.83496004,19.88,1.0,3.2138877,1
16:11:26.613165,50,0.35828874,4.258704,0.6266128,-0.83496004,14.88,1.0,3.9135268,1
16:11:26.613165,50,0.39115736,4.2657356,1.172907,-0.90468,17.119999,1.0,3.3778393,1
16:11:26.613165,50,0.39776012,4.2459774,0.81647587,-0.83496004,25.119999,1.0,2.270361,1
16:11:26.613165,50,0.4029606,4.2550273,0.6275979,-0.83496004,18.64,1.0,2.8595166,1
16:11:26.613165,50,0.4344816,4.2617483,1.1739755,-0.90468,20.0,1.0,2.7877183,1
16:11:26.613165,50,0.44759214,4.2509193,0.6286986,-0.83496004,23.76,1.0,1.9766212,1
16:11:26.613165,50,0.45389873,4.310815,0.60937697,-1.04384,9.639999,0.964,2.0812237,1
16:11:26.613165,50,0.47776237,4.2573423,1.175156,-0.90468,23.119999,1.0,2.359443,1
16:11:26.613165,50,0.48582703,4.237442,0.81876284,-0.83496004,41.0,1.0,0.88432425,1
16:11:26.613165,50,0.49217895,4.246381,0.62991476,-0.83496004,30.519999,1.0,1.265192,1
16:11:26.613165,50,0.49911374,4.3062124,0.6106103,-1.04384,11.88,1.0,1.3478559,1
16:11:26.613165,50,0.44181567,4.2419224,0.81756234,-0.83496004,32.12,1.0,1.4937283,1
16:11:26.613165,50,0.5014363,4.180707,1.535172,-0.90468,8.639999,0.86399996,6.335532,1
16:11:26.613165,50,0.6175521,4.221454,0.8230468,-0.83496004,65.36,1.0,0.061919138,1
16:11:26.613165,50,0.50604856,4.3660436,0.5913058,-1.04384,6.12,0.612,1.4742151,1
16:11:26.613165,50,0.6085178,4.2048545,1.0087918,-0.90468,27.88,1.0,0.70607585,1
16:11:26.613165,50,0.59757864,4.355383,0.5941623,-1.04384,8.0,0.79999995,0.50601196,1
16:11:26.613165,50,0.58938956,4.2956977,0.61342764,-0.97412,18.52,1.0,0.41031474,1
16:11:26.613165,50,0.57369965,4.2272077,0.8215052,-0.83496004,60.879997,1.0,0.16823675,1
16:11:26.613165,50,0.5653069,4.2105236,1.0072727,-0.90468,27.519999,1.0,0.7272576,1
16:11:26.613165,50,0.5812004,4.2360125,0.632693,-0.83496004,49.12,1.0,0.35782945,1
16:11:26.613165,50,0.54427886,4.301173,0.61196053,-0.97412,14.88,1.0,0.79080826,1
16:11:26.613165,50,0.5367165,4.2414117,0.63124627,-0.83496004,39.12,1.0,0.725519,1
16:11:26.613165,50,0.5297898,4.2325373,0.8200771,-0.83496004,51.36,1.0,0.44242266,1
16:11:26.613165,50,0.52133465,4.2439685,1.1336685,-0.90468,25.76,1.0,1.7305752,1
16:11:26.613165,50,0.5089231,4.243128,1.5282319,-0.90468,8.12,0.812,6.434828,1
16:11:26.613165,50,0.5518412,4.3609343,0.5926748,-1.04384,7.0,0.7,0.8995213,1
16:11:26.613165,50,0.7377682,4.185347,1.0140189,-0.90468,21.52,1.0,1.6220267,1
16:11:26.667138,51,0.7047853,4.252804,0.9979003,-0.83496004,45.36,1.0,0.59001803,1
16:11:26.667138,51,0.6610782,4.2594004,0.99613273,-0.83496004,52.76,1.0,0.34533542,1
16:11:26.667138,51,0.69475275,4.1922655,1.0121651,-0.83496004,51.36,1.0,0.53398263,1
16:11:26.667138,51,0.6833111,4.167744,1.1945838,-0.76552004,27.119999,1.0,1.2202175,1
16:11:26.667138,51,0.67079425,4.27552,0.8079052,-0.83496004,18.119999,1.0,1.8485132,1
16:11:26.667138,51,0.6516679,4.198768,1.0104226,-0.83496004,67.64,1.0,0.2919998,1
16:11:26.667138,51,0.58756673,4.1477427,1.3700691,-0.83496004,17.88,1.0,1.9317763,1
16:11:26.667138,51,0.62923115,4.1418657,1.3716439,-0.83496004,15.24,1.0,2.6293797,1
16:11:26.667138,51,0.62637776,4.2817845,0.8062265,-0.83496004,16.64,1.0,2.1871278,1
16:11:26.667138,51,0.61730504,4.2655745,0.99447834,-0.83496004,56.64,1.0,0.31115296,1
16:11:26.667138,51,0.60769624,4.2330627,1.1365908,-0.83496004,82.119995,1.0,0.10423283,1
16:11:26.667138,51,0.5984963,4.180126,1.1912661,-0.76552004,40.239998,1.0,0.26426637,1
16:11:26.667138,51,0.7150364,4.256567,0.76651543,-0.83496004,19.0,1.0,2.2586489,1
16:11:26.667138,51,0.6409358,4.17414,1.19287,-0.76552004,33.76,1.0,0.6428609,1
16:11:26.667138,51,0.7260906,4.152494,1.1542526,-0.76552004,21.52,1.0,1.5863132,1
16:11:26.667138,51,0.74860907,4.2353873,0.9567628,-0.83496004,37.239998,1.0,1.0440347,1
16:11:26.667138,51,0.8907121,4.1862307,0.646032,-0.76552004,15.5199995,1.0,4.708951,1
16:11:26.667138,51,0.87921685,4.178068,0.83467203,-0.76552004,19.64,1.0,3.2377884,1
16:11:26.667138,51,0.86635464,4.162103,1.020247,-0.76552004,17.359999,1.0,3.5512848,1
16:11:26.667138,51,0.8467281,4.1946216,0.64378357,-0.76552004,17.0,1.0,4.337041,1
16:11:26.667138,51,0.83580047,4.1863513,0.83245265,-0.76552004,24.119999,1.0,2.5101836,1
16:11:26.667138,51,0.7377682,4.185347,1.0140189,-0.83496004,38.239998,1.0,0.9809436,1
16:11:26.667138,51,0.8235734,4.170265,1.0180601,-0.83496004,22.119999,1.0,2.4897103,1
16:11:26.667138,51,0.8026594,4.2025876,0.64164907,-0.76552004,18.24,1.0,4.1808143,1
16:11:26.667138,51,0.7921817,4.227946,0.9587567,-0.83496004,30.0,1.0,1.6201704,1
16:11:26.667138,51,0.78070986,4.1780133,1.0159839,-0.83496004,28.76,1.0,1.6328789,1
16:11:26.667138,51,0.76835257,4.145276,1.1561866,-0.76552004,17.119999,1.0,2.4773602,1
16:11:26.667138,51,0.7691979,4.2694483,0.6204611,-0.76552004,7.12,0.712,4.487278,1
16:11:26.667138,51,0.7593077,4.2494464,0.7684234,-0.83496004,19.0,1.0,2.2600992,1
16:11:26.667138,51,0.8105377,4.137651,1.1582298,-0.76552004,13.759999,1.0,3.567288,1
16:11:26.667138,51,0.58189857,4.28762,0.8046629,-0.83496004,14.759999,1.0,2.74175,1
16:11:26.667138,51,0.5734702,4.2713256,0.9929374,-0.83496004,55.12,1.0,0.48732105,1
16:11:26.667138,51,0.25625703,4.2426305,1.3518325,-0.41748002,13.639999,1.0,3.2901423,1
16:11:26.667138,51,0.26096728,4.275185,1.170375,-0.90468,15.12,1.0,4.5035834,1
16:11:26.667138,51,0.2929683,4.1998944,1.5300308,-0.83496004,15.0,1.0,3.3246403,1
16:11:26.667138,51,0.29890177,4.239949,1.3525509,-0.83496004,16.88,1.0,2.4328294,1
16:11:26.667138,51,0.30439588,4.2724547,1.1711067,-0.90468,19.119999,1.0,3.2652924,1
16:11:26.667138,51,0.3087915,4.334151,1.1591371,-0.83496004,17.24,1.0,3.423373,1
16:11:26.667138,51,0.3347372,4.196863,1.5308431,-0.83496004,17.52,1.0,3.0156908,1
16:11:26.667138,51,0.34275177,4.2074094,1.1839556,-0.76552004,21.24,1.0,2.1557343,1
16:11:26.667138,51,0.35281628,4.3309555,1.1599933,-0.83496004,21.119999,1.0,2.354876,1
16:11:26.667138,51,0.37647262,4.193428,1.5317634,-0.83496004,19.88,1.0,2.8954666,1
16:11:26.667138,51,0.38548645,4.203892,1.1848979,-0.76552004,26.88,1.0,1.3464973,1
16:11:26.667138,51,0.39115736,4.2657356,1.172907,-0.83496004,32.88,1.0,1.3933616,1
16:11:26.667138,51,0.39680582,4.327335,1.1609634,-0.83496004,26.359999,1.0,1.493852,1
16:11:26.667138,51,0.4181704,4.18959,1.5327919,-0.83496004,21.76,1.0,2.9644134,1
16:11:26.667138,51,0.4281826,4.1999626,1.1859509,-0.76552004,33.52,1.0,0.7343093,1
16:11:26.667138,51,0.347794,4.2693048,1.1719507,-0.83496004,24.76,1.0,2.2283435,1
16:11:26.667138,51,0.4407557,4.32329,1.1620473,-0.83496004,32.88,1.0,0.8408687,1
16:11:26.667138,51,0.4344816,4.2617483,1.1739755,-0.83496004,44.239998,1.0,0.76089823,1
16:11:26.667138,51,0.555997,4.185702,1.1897721,-0.76552004,44.64,1.0,0.0843278,1
16:11:26.667138,51,0.54584354,4.1532164,1.3686024,-0.83496004,20.24,1.0,1.4262525,1
16:11:26.667138,51,0.5372806,4.3272333,0.9334622,-0.83496004,12.88,1.0,1.467341,1
16:11:26.667138,51,0.52886295,4.3052535,1.1211584,-0.83496004,48.879997,1.0,0.17685258,1
16:11:26.667138,51,0.52133465,4.2439685,1.1336685,-0.83496004,75.88,1.0,0.11954418,1
16:11:26.667138,51,0.51344216,4.190867,1.1883881,-0.76552004,44.64,1.0,0.10286725,1
16:11:26.667138,51,0.56454366,4.238724,1.1350738,-0.83496004,86.0,1.0,0.009795245,1
16:11:26.667138,51,0.49653977,4.0962014,1.3766912,-0.83496004,13.12,1.0,1.1973408,1
16:11:26.667138,51,0.49257305,4.3427453,0.97576463,-0.83496004,11.12,1.0,1.6224995,1
16:11:26.667138,51,0.48497707,4.3101497,1.1198463,-0.83496004,40.76,1.0,0.5025072,1
16:11:26.667138,51,0.47807348,4.2487955,1.1323752,-0.83496004,59.359997,1.0,0.43321303,1
16:11:26.667138,51,0.4708359,4.1956205,1.1871144,-0.76552004,40.12,1.0,0.31963494,1
16:11:26.667138,51,0.4604983,4.1803775,1.491864,-0.83496004,22.519999,1.0,2.5150156,1
16:11:26.667138,51,0.5021691,4.175728,1.4931097,-0.83496004,22.0,1.0,2.8821387,1
16:11:26.722241,52,0.25625703,4.2426305,1.3518325,-0.83496004,20.88,1.0,2.9023757,1
16:11:26.722241,52,0.38548645,4.203892,1.1848979,-0.6958,46.64,1.0,0.87643266,1
16:11:26.722241,52,0.4787198,4.2206087,1.0045706,-0.6958,64.119995,1.0,0.37801728,1
16:11:26.722241,52,0.53769374,4.091206,1.3780296,-0.83496004,29.64,1.0,0.6096502,1
16:11:26.722241,52,0.78070986,4.1780133,1.0159839,-0.62636,25.88,1.0,2.6751385,1
16:11:26.722241,52,0.66134274,4.2152777,0.8247018,-0.6958,18.119999,1.0,0.8193599,1
16:11:26.722241,52,0.5896918,4.1186323,1.2031634,-0.76552004,42.64,1.0,0.37420753,1
16:11:26.722241,52,0.55635905,4.1772723,1.1476133,-0.83496004,88.0,1.0,0.07518008,1
16:11:26.722241,52,0.45362276,4.1179614,1.4994508,-0.83496004,31.64,1.0,0.79796356,1
16:11:26.722241,52,0.48901373,4.0341153,1.3861387,-0.83496004,12.36,1.0,0.5718125,1
16:11:26.722241,52,0.72707224,4.124669,1.0283134,-0.76552004,32.12,1.0,1.6988792,1
16:11:26.722241,52,0.70506734,4.2086782,0.8264701,-0.6958,17.119999,1.0,1.2301432,1
16:11:26.722241,52,0.39115736,4.2657356,1.172907,-0.83496004,41.36,1.0,0.94525945,1
16:11:26.722241,52,0.4347645,4.253204,1.1311939,-0.83496004,52.52,1.0,0.5238143,1
16:11:26.722241,52,0.7149435,4.099728,1.2082287,-0.76552004,21.359999,1.0,2.1362822,1
16:11:26.722241,52,0.48582703,4.237442,0.81876284,-0.6958,15.639999,1.0,1.0328854,1
16:11:26.722241,52,0.5220394,4.2157755,1.0058657,-0.6958,72.36,1.0,0.16371804,1
16:11:26.722241,52,0.8235734,4.170265,1.0180601,-0.62636,20.64,1.0,3.7261686,1
16:11:26.722241,52,0.33649254,4.1745276,1.3628922,-0.83496004,31.519999,1.0,1.3455108,1
16:11:26.722241,52,0.81163347,4.1098056,1.032296,-0.76552004,19.24,1.0,3.576422,1
16:11:26.722241,52,0.26096728,4.275185,1.170375,-0.6958,20.359999,1.0,3.4292672,1
16:11:26.722241,52,0.7565567,4.0926213,1.2101331,-0.76552004,17.119999,1.0,3.0648699,1
16:11:26.722241,52,0.397601,4.2900877,0.9879101,-0.6958,12.36,1.0,1.518048,1
16:11:26.722241,52,0.2945046,4.177575,1.3620756,-0.83496004,25.0,1.0,2.0186572,1
16:11:26.722241,52,0.7377682,4.185347,1.0140189,-0.62636,33.0,1.0,1.8045729,1
16:11:26.722241,52,0.44181567,4.2419224,0.81756234,-0.6958,14.0,1.0,1.5499201,1
16:11:26.722241,52,0.74872136,4.201657,0.82835144,-0.6958,15.759999,1.0,1.8265586,1
16:11:26.722241,52,0.5653069,4.2105236,1.0072727,-0.6958,72.88,1.0,0.13014632,1
16:11:26.722241,52,0.3535233,4.2937155,0.986938,-0.6958,11.0,1.0,2.2980368,1
16:11:26.722241,52,0.54641914,4.146565,1.3267695,-0.83496004,50.52,1.0,0.3930277,1
16:11:26.722241,52,0.598886,4.171693,1.1491083,-0.83496004,74.0,1.0,0.29868186,1
16:11:26.722241,52,0.5040658,4.158287,1.3672438,-0.83496004,55.12,1.0,0.34391245,1
16:11:26.722241,52,0.4281826,4.1999626,1.1859509,-0.83496004,61.879997,1.0,0.42384315,1
16:11:26.722241,52,0.37085164,4.1308174,1.5387546,-0.83496004,26.519999,1.0,1.2422565,1
16:11:26.722241,52,0.6413531,4.165703,1.1507133,-0.83496004,57.0,1.0,0.69794244,1
16:11:26.722241,52,0.6085178,4.2048545,1.0087918,-0.6958,65.24,1.0,0.27742365,1
16:11:26.722241,52,0.6732589,4.1064324,1.2064322,-0.76552004,27.119999,1.0,1.3782225,1
16:11:26.722241,52,0.51344216,4.190867,1.1883881,-0.83496004,90.0,1.0,0.044079598,1
16:11:26.722241,52,0.61983633,4.080025,1.3810257,-0.83496004,22.519999,1.0,1.449945,1
16:11:26.722241,52,0.6516679,4.198768,1.0104226,-0.6958,53.64,1.0,0.6056054,1
16:11:26.722241,52,0.69475275,4.1922655,1.0121651,-0.6958,42.239998,1.0,1.1146809,1
16:11:26.722241,52,0.6175521,4.221454,0.8230468,-0.6958,18.52,1.0,0.5942767,1
16:11:26.722241,52,0.32973936,4.134201,1.5378479,-0.83496004,22.64,1.0,1.6290289,1
16:11:26.722241,52,0.57369965,4.2272077,0.8215052,-0.6958,18.119999,1.0,0.55489343,1
16:11:26.722241,52,0.49653977,4.0962014,1.3766912,-0.83496004,31.64,1.0,0.43720692,1
16:11:26.722241,52,0.66081667,4.07384,1.3826829,-0.83496004,18.88,1.0,2.117796,1
16:11:26.722241,52,0.25117013,4.2025228,1.5293267,-0.83496004,19.88,1.0,2.8344336,1
16:11:26.722241,52,0.29921693,4.2332244,1.3100864,-0.83496004,26.76,1.0,2.074036,1
16:11:26.722241,52,0.24742,4.139776,1.5363541,-0.83496004,15.88,1.0,2.8906078,1
16:11:26.722241,52,0.4708359,4.1956205,1.1871144,-0.83496004,78.759995,1.0,0.14631383,1
16:11:26.722241,52,0.42036325,4.167217,1.3648511,-0.83496004,47.76,1.0,0.5059281,1
16:11:26.722241,52,0.41252878,4.1221447,1.4983299,-0.83496004,29.76,1.0,0.8825091,1
16:11:26.722241,52,0.7693913,4.1174417,1.03025,-0.76552004,24.519999,1.0,2.549871,1
16:11:26.722241,52,0.55850375,4.254284,-0.018838214,-0.06972,6.52,0.652,8.048378,1
16:11:26.722241,52,0.347794,4.2693048,1.1719507,-0.83496004,32.36,1.0,1.594142,1
16:11:26.722241,52,0.6846804,4.1314874,1.0264864,-0.76552004,42.76,1.0,1.0236503,1
16:11:26.722241,52,0.46223763,4.1629543,1.3659933,-0.83496004,54.0,1.0,0.34010857,1
16:11:26.722241,52,0.30439588,4.2724547,1.1711067,-0.6958,25.519999,1.0,2.4222908,1
16:11:26.722241,52,0.34275177,4.2074094,1.1839556,-0.6958,35.12,1.0,1.5037837,1
16:11:26.722241,52,0.6315069,4.1127343,1.2047437,-0.76552004,34.239998,1.0,0.7908366,1
16:11:26.722241,52,0.37844682,4.171075,1.3638173,-0.83496004,39.36,1.0,0.84115475,1
16:11:26.722241,52,0.7921817,4.18213,0.7877703,-0.6958,14.24,1.0,2.590439,1
16:11:26.722241,52,0.5297898,4.2325373,0.8200771,-0.6958,17.119999,1.0,0.7011418,1
16:11:26.722241,52,0.578794,4.085814,1.3794745,-0.83496004,26.24,1.0,0.94721967,1
16:11:26.779440,53,0.9078219,4.0463877,0.64493716,-0.6958,19.119999,1.0,4.025564,1
16:11:26.779440,53,0.87767863,4.113506,0.62304187,-0.62636,15.5199995,1.0,2.96499,1
16:11:26.779440,53,0.5794043,4.079256,1.3382677,-0.83496004,30.359999,1.0,2.4542856,1
16:11:26.779440,53,0.704269,4.0385165,1.2200505,-0.83496004,17.76,1.0,3.340656,1
16:11:26.779440,53,0.72725403,4.070059,0.82041353,-0.6958,40.36,1.0,1.3908789,1
16:11:26.779440,53,0.60867,4.149446,0.79783225,-0.90468,57.0,1.0,0.24723855,1
16:11:26.779440,53,0.6746081,4.0707088,1.0408078,-0.6958,25.119999,1.0,1.1579928,1
16:11:26.779440,53,0.8229144,4.076651,0.6819262,-0.6958,30.64,1.0,1.9775481,1
16:11:26.779440,53,0.37279636,4.108798,1.3733159,-0.83496004,25.0,1.0,2.5658264,1
16:11:26.779440,53,0.9503681,4.037413,0.64734185,-0.6958,15.639999,1.0,4.9798136,1
16:11:26.779440,53,0.52954394,4.0291963,1.3874568,-0.83496004,20.52,1.0,4.663001,1
16:11:26.779440,53,0.5382607,4.0846543,1.3368213,-0.83496004,33.64,1.0,2.076053,1
16:11:26.779440,53,0.6699894,4.2239265,0.63593143,-0.62636,7.52,0.752,5.4395914,1
16:11:26.779440,53,0.3486304,4.1891136,0.8323646,-1.32216,14.12,1.0,3.3842986,1
16:11:26.779440,53,0.29556978,4.148573,1.1951408,-0.90468,22.359999,1.0,3.0396018,1
16:11:26.779440,53,0.64247715,4.0950317,0.8582286,-0.6958,58.76,1.0,0.5048179,1
16:11:26.779440,53,0.59993565,4.101032,0.85662085,-0.90468,65.119995,1.0,0.6198271,1
16:11:26.779440,53,0.9209313,4.1048193,0.6253695,-0.62636,13.12,1.0,3.933416,1
16:11:26.779440,53,0.47177944,4.1594195,1.0190021,-0.90468,52.12,1.0,0.6566006,1
16:11:26.779440,53,0.70422137,4.1578197,0.6569173,-0.97412,24.119999,1.0,1.2014934,1
16:11:26.779440,53,0.78008515,4.084393,0.6798518,-0.97412,39.239998,1.0,1.5017338,1
16:11:26.779440,53,0.6220781,4.051328,1.2166175,-0.83496004,26.0,1.0,2.3170407,1
16:11:26.779440,53,0.5062183,4.1209126,1.1587882,-0.83496004,44.12,1.0,0.6303077,1
16:11:26.779440,53,0.47891134,4.1771226,0.8355776,-1.32216,28.359999,1.0,1.0290487,1
16:11:26.779440,53,0.6849544,4.0886207,0.8599465,-0.6958,49.52,1.0,0.6027877,1
16:11:26.779440,53,0.42904064,4.16377,1.0178362,-0.90468,42.76,1.0,0.9766144,1
16:11:26.779440,53,0.65183085,4.143358,0.7994635,-0.90468,61.76,1.0,0.3670101,1
16:11:26.779440,53,0.8109841,4.0175486,0.70103526,-0.6958,26.119999,1.0,5.8350234,1
16:11:26.779440,53,0.45533612,4.1007986,1.3754594,-0.83496004,33.0,1.0,2.1329725,1
16:11:26.779440,53,0.39209804,4.1855364,0.8333232,-1.32216,17.52,1.0,2.3591332,1
16:11:26.779440,53,0.38625896,4.1677074,1.0167812,-0.90468,34.36,1.0,1.5212371,1
16:11:26.779440,53,0.5291542,4.18165,0.650532,-1.32216,11.0,1.0,1.5918822,1
16:11:26.779440,53,0.55725056,4.1393857,0.9798724,-0.83496004,66.0,1.0,0.17152953,1
16:11:26.779440,53,0.86566144,4.0684958,0.6841114,-0.6958,24.0,1.0,2.6505747,1
16:11:26.779440,53,0.7142857,4.217241,0.6377228,-0.62636,7.8799996,0.788,6.013789,1
16:11:26.779440,53,0.5654483,4.1551166,0.7963128,-1.32216,47.12,1.0,0.33004263,1
16:11:26.779440,53,0.25248724,4.1802173,1.3613677,-0.90468,18.24,1.0,4.2854743,1
16:11:26.779440,53,0.79134995,4.1433735,0.66078824,-0.97412,21.52,1.0,2.1689227,1
16:11:26.779440,53,0.34275177,4.2074094,1.1839556,-0.83496004,27.64,1.0,3.8673875,1
16:11:26.779440,53,0.6256262,4.2301836,0.63425475,-0.97412,6.8799996,0.68799996,5.0326962,1
16:11:26.779440,53,0.61681116,4.1705804,0.6534981,-0.97412,17.88,1.0,0.9874184,1
16:11:26.779440,53,0.63277245,4.077023,1.0391159,-0.6958,30.64,1.0,0.8722756,1
16:11:26.779440,53,0.51447105,4.154656,1.0202783,-0.83496004,60.879997,1.0,0.55073637,1
16:11:26.779440,53,0.8343382,4.1217747,0.62082636,-0.62636,18.52,1.0,2.1705554,1
16:11:26.779440,53,0.74782306,4.150807,0.65879637,-0.97412,23.88,1.0,1.5947078,1
16:11:26.779440,53,0.9640918,4.095715,0.6278089,-0.6958,11.12,1.0,5.0713067,1
16:11:26.779440,53,0.6941969,4.098634,0.6760359,-0.97412,58.359997,1.0,1.1650721,1
16:11:26.779440,53,0.41408694,4.1049976,1.3743342,-0.83496004,29.359999,1.0,2.2391691,1
16:11:26.779440,53,0.37981555,4.142049,1.1968889,-0.90468,33.12,1.0,1.5447665,1
16:11:26.779440,53,0.46390945,4.1338987,1.1990727,-0.83496004,43.0,1.0,0.97603655,1
16:11:26.779440,53,0.7371779,4.0917206,0.6778883,-0.97412,49.36,1.0,1.2288054,1
16:11:26.779440,53,0.44128558,4.191024,0.64802027,-1.32216,7.24,0.724,3.0903406,1
16:11:26.779440,53,0.5222483,4.1722875,0.8368732,-1.32216,36.76,1.0,0.7020112,1
16:11:26.779440,53,0.59087354,4.082933,1.0375323,-0.6958,36.52,1.0,0.7930357,1
16:11:26.779440,53,0.54817444,4.1158204,1.1601528,-0.83496004,41.64,1.0,0.7239116,1
16:11:26.779440,53,0.29010746,4.1152015,1.3716002,-0.83496004,17.119999,1.0,3.9223008,1
16:11:26.779440,53,0.5812004,4.2360125,0.632693,-0.97412,6.12,0.612,4.80186,1
16:11:26.779440,53,0.84626204,4.1806803,0.60111606,-0.62636,7.3599997,0.736,6.3817534,1
16:11:26.779440,53,0.8022176,4.188642,0.59898275,-0.62636,7.7599998,0.77599996,5.4889007,1
16:11:26.779440,53,0.33770955,4.145514,1.1959604,-0.90468,27.359999,1.0,2.170862,1
16:11:26.779440,53,0.7585105,4.210128,0.63962877,-0.62636,8.0,0.79999995,6.747202,1
16:11:26.779440,53,0.3314685,4.1121993,1.3724046,-0.83496004,20.76,1.0,3.123253,1
16:11:26.779440,53,0.6632067,4.0451207,1.2182808,-0.83496004,21.64,1.0,2.73036,1
16:11:26.779440,53,0.42188358,4.138177,1.1979264,-0.90468,38.879997,1.0,1.1500566,1
16:11:26.835292,54,0.85264176,3.9961631,0.6623213,-0.55664,42.64,1.0,5.91484,1
16:11:26.835292,54,0.9928192,4.0280285,0.64985657,-1.04384,21.359999,1.0,6.424138,1
16:11:26.835292,54,0.6841326,4.0392127,-1.3047696,-0.55664,105.119995,1.0,1.747056,1
16:11:26.835292,54,0.76835257,4.0118213,-1.3418742,-0.55664,68.52,1.0,3.75461,1
16:11:26.835292,54,0.33266732,4.083619,-0.7920348,-0.83496004,29.119999,1.0,2.283224,1
16:11:26.835292,54,0.3383863,4.109869,-0.9696851,-1.04384,39.239998,1.0,2.0098603,1
16:11:26.835292,54,0.47891134,4.1771226,-1.1644224,-1.04384,19.119999,1.0,2.2440276,1
16:11:26.835292,54,0.40781063,4.0427785,-0.61618257,-0.83496004,25.519999,1.0,1.9001142,1
16:11:26.835292,54,0.7158031,3.9730794,-1.2837765,-0.55664,36.12,1.0,4.835659,1
16:11:26.835292,54,0.75746626,3.965964,-1.2818699,-0.55664,28.519999,1.0,5.7274647,1
16:11:26.835292,54,1.0077106,4.0999203,0.67243147,-0.55664,12.5199995,1.0,7.421799,1
16:11:26.835292,54,0.60867,4.149446,-1.2021677,-0.55664,42.64,1.0,1.1236032,1
16:11:26.835292,54,0.92143846,4.118555,0.66743827,-0.55664,18.0,1.0,7.1312423,1
16:11:26.835292,54,0.59921587,4.0516095,-1.3080913,-1.32216,119.24,1.0,0.9792899,1
16:11:26.835292,54,0.6941969,4.098634,-1.3239641,-0.55664,62.52,1.0,1.1193742,1
16:11:26.835292,54,0.5720829,3.9956443,-0.773042,-0.83496004,22.119999,1.0,1.8569975,1
16:11:26.835292,54,0.42921233,4.1209164,-1.1487072,-1.04384,54.64,1.0,0.9618831,1
16:11:26.835292,54,0.86518496,4.0549507,0.64264274,-0.55664,39.64,1.0,5.305478,1
16:11:26.835292,54,0.4719682,4.116564,-1.1475409,-1.04384,69.88,1.0,0.60832685,1
16:11:26.835292,54,0.29616207,4.1129336,-0.97050625,-1.04384,30.76,1.0,2.7204242,1
16:11:26.835292,54,0.79134995,4.1433735,-1.3392117,-0.55664,22.64,1.0,2.839957,1
16:11:26.835292,54,0.7593077,4.2494464,-1.2315766,-0.55664,6.3599997,0.636,7.4777594,1
16:11:26.835292,54,0.7150364,4.256567,-1.2334845,-0.55664,5.64,0.564,7.5818315,1
16:11:26.835292,54,0.6511465,4.105131,-1.3257052,-1.32216,53.879997,1.0,0.8231532,1
16:11:26.835292,54,0.9078219,4.0463877,0.64493716,-0.55664,32.0,1.0,5.5340447,1
16:11:26.835292,54,0.2911567,4.086632,-0.7928421,-0.83496004,23.359999,1.0,3.0144396,1
16:11:26.835292,54,1.0501194,4.0762587,0.63302225,-0.55664,10.5199995,1.0,7.2815356,1
16:11:26.835292,54,0.4650251,4.056005,-1.1306595,-1.11328,76.36,1.0,0.75542283,1
16:11:26.835292,54,0.80350304,4.2418985,-1.2295542,-0.55664,7.0,0.7,7.480178,1
16:11:26.835292,54,0.70422137,4.1578197,-1.3430827,-0.55664,14.88,1.0,2.200692,1
16:11:26.835292,54,0.54071987,4.027395,-0.94955033,-0.83496004,38.0,1.0,0.91909146,1
16:11:26.835292,54,0.32644442,4.049871,-0.618083,-0.83496004,20.64,1.0,3.051868,1
16:11:26.835292,54,0.96462274,4.109446,0.669879,-0.55664,15.0,1.0,7.2080145,1
16:11:26.835292,54,0.8229144,4.076651,-1.3180737,-0.55664,49.0,1.0,2.79214,1
16:11:26.835292,54,0.5301023,4.022743,-0.65312696,-0.83496004,24.64,1.0,1.1255699,1
16:11:26.835292,54,0.50710547,4.05131,-1.1294014,-1.11328,84.119995,1.0,0.6360007,1
16:11:26.835292,54,0.67406833,3.9797919,-1.2855752,-0.55664,46.12,1.0,4.091421,1
16:11:26.835292,54,0.7264905,4.0324,-1.3029441,-0.55664,86.52,1.0,2.3338969,1
16:11:26.835292,54,0.8926459,3.9453056,0.54279387,-1.04384,34.12,1.0,7.4024763,1
16:11:26.835292,54,0.84761804,4.233924,-1.2274175,-0.55664,7.3599997,0.736,7.593154,1
16:11:26.835292,54,0.7371779,4.0917206,-1.3221117,-0.55664,64.119995,1.0,1.54386,1
16:11:26.835292,54,0.5654483,4.1551166,-1.2036872,-0.55664,32.52,1.0,1.2286158,1
16:11:26.835292,54,0.8105377,4.0041957,-1.339831,-0.55664,53.879997,1.0,4.6900773,1
16:11:26.835292,54,0.43552646,4.181539,-1.1656058,-1.04384,15.24,1.0,2.7146857,1
16:11:26.835292,54,0.44843462,4.038643,-0.61507446,-0.83496004,26.64,1.0,1.4901407,1
16:11:26.835292,54,0.64800274,4.121899,-2.3833737,-2.36572,6.12,0.612,6.7642827,1
16:11:26.835292,54,0.5820514,4.0219717,-0.94809735,-0.83496004,31.64,1.0,1.0105392,1
16:11:26.835292,54,0.8347977,4.1355195,-1.3371073,-0.55664,23.0,1.0,3.3488617,1
16:11:26.835292,54,0.3864135,4.1248555,-1.1497626,-1.04384,42.879997,1.0,1.4247789,1
16:11:26.835292,54,0.249617,4.0892434,-0.7935419,-1.04384,18.76,1.0,3.8498495,1
16:11:26.835292,54,0.6371511,4.102982,-2.156451,-0.06972,7.24,0.724,4.896781,1
16:11:26.835292,54,0.34357604,4.1283813,-1.1507074,-1.04384,34.12,1.0,1.9949219,1
16:11:26.835292,54,0.6417063,4.045616,-1.3064854,-0.55664,118.36,1.0,1.2966087,1
16:11:26.835292,54,0.6174594,4.209366,-1.2195276,-0.55664,7.52,0.752,3.7253497,1
16:11:26.835292,54,0.66124356,4.2031903,-1.2178727,-0.55664,10.639999,1.0,3.5793293,1
16:11:26.835292,54,0.5736136,4.2151184,-1.221069,-0.55664,5.3599997,0.536,3.9761488,1
16:11:26.835292,54,0.38067186,4.0964546,-1.0099337,-1.04384,50.239998,1.0,1.2799408,1
16:11:26.835292,54,0.78008515,4.084393,-1.3201482,-0.55664,58.359997,1.0,2.1001892,1
16:11:26.835292,54,0.74782306,4.150807,-1.3412036,-0.55664,19.359999,1.0,2.458536,1
16:11:26.835292,54,0.45728052,4.0640016,-0.829889,-0.83496004,44.239998,1.0,0.7339102,1
16:11:26.835292,54,0.42283475,4.0925736,-1.0088938,-0.83496004,63.52,1.0,0.815362,1
16:11:26.835292,54,0.51459974,4.100054,-1.1876235,-1.04384,88.36,1.0,0.31326142,1
16:11:26.835292,54,0.6126493,3.9899225,-0.7715088,-0.83496004,19.24,1.0,2.0592957,1
16:11:26.835292,54,0.2080523,4.091454,-0.7941342,-1.04384,15.12,1.0,4.7880597,1
16:11:26.890615,55,0.75746626,4.1625996,-0.21172427,-0.62636,61.359997,1.0,3.4232814,1
16:11:26.890615,55,0.74615675,4.100449,-0.20856307,-0.6958,33.76,1.0,4.3338704,1
16:11:26.890615,55,0.76204044,4.439325,-1.0072389,-0.06972,5.12,0.51199996,10.388088,1
16:11:26.890615,55,0.74782306,4.150807,-1.3412036,-0.55664,5.52,0.552,4.302047,1
16:11:26.890615,55,0.7158031,3.9730794,-1.2837765,-0.62636,79.52,1.0,3.5263867,1
16:11:26.890615,55,0.7260906,4.019039,-1.3438082,-0.55664,79.119995,1.0,3.6532423,1
16:11:26.890615,55,0.7051157,3.9137588,-1.2646089,-0.6958,40.64,1.0,4.581303,1
16:11:26.890615,55,0.6941969,4.098634,-1.3239641,-0.55664,28.519999,1.0,2.4330103,1
16:11:26.890615,55,0.76835257,4.2224245,-0.25781524,-0.55664,62.12,1.0,2.7627623,1
16:11:26.890615,55,0.6841326,4.0392127,-1.3047696,-0.62636,92.88,1.0,2.0891435,1
16:11:26.890615,55,0.7371779,4.0917206,-1.3221117,-0.55664,31.88,1.0,3.3892195,1
16:11:26.890615,55,0.7796558,4.2845407,-0.26160797,-0.55664,31.519999,1.0,3.2139964,1
16:11:26.890615,55,0.8814992,4.1357284,-0.25402254,-0.90468,29.64,1.0,3.3123312,1
16:11:26.890615,55,0.78712326,4.0927825,-0.20856307,-0.6958,27.88,1.0,4.2225127,1
16:11:26.890615,55,0.79861385,4.1525297,-0.25402254,-0.90468,47.36,1.0,2.793876,1
16:11:26.890615,55,0.8105377,4.21453,-0.25781524,-0.55664,47.64,1.0,2.45349,1
16:11:26.890615,55,0.8224615,4.27653,-0.26160797,-0.55664,28.119999,1.0,2.7726574,1
16:11:26.890615,55,0.8343382,4.338285,-0.26538572,-0.55664,6.8799996,0.68799996,3.7462115,1
16:11:26.890615,55,0.8400985,4.144336,-0.25402254,-0.90468,37.12,1.0,2.9055362,1
16:11:26.890615,55,0.8507217,4.196742,-0.38643283,-0.90468,36.64,1.0,1.7793705,1
16:11:26.890615,55,0.86518496,4.2680917,-0.26160797,-0.55664,23.64,1.0,2.6324701,1
16:11:26.890615,55,0.8926459,4.188025,-0.38643283,-0.90468,28.76,1.0,2.24322,1
16:11:26.890615,55,0.90577763,4.249635,-0.39211765,-0.55664,19.359999,1.0,2.420549,1
16:11:26.890615,55,0.93448085,4.1788893,-0.38643283,-0.90468,23.119999,1.0,3.0071702,1
16:11:26.890615,55,0.948228,4.240365,-0.39211765,-0.55664,15.88,1.0,3.0710707,1
16:11:26.890615,55,0.99058354,4.230671,-0.39211765,-0.55664,13.24,1.0,4.0287776,1
16:11:26.890615,55,0.67406833,3.9797919,-1.2855752,-0.62636,100.759995,1.0,2.4057019,1
16:11:26.890615,55,0.79091436,4.346411,-0.26538572,-0.55664,6.12,0.612,4.3227706,1
16:11:26.890615,55,0.664004,3.920371,-1.2663807,-0.6958,47.879997,1.0,3.382685,1
16:11:26.890615,55,0.5566655,4.057192,-1.3095871,-0.62636,64.0,1.0,0.67857313,1
16:11:26.890615,55,0.6417063,4.045616,-1.3064854,-0.62636,94.36,1.0,1.3354685,1
16:11:26.890615,55,0.2959251,4.0219827,-1.2968801,-1.1830001,26.359999,1.0,4.7826977,1
16:11:26.890615,55,0.33306727,3.9589155,-1.2767086,-1.1830001,26.119999,1.0,3.6532607,1
16:11:26.890615,55,0.33811554,4.0189204,-1.2960596,-1.1830001,33.12,1.0,3.4351404,1
16:11:26.890615,55,0.34357604,4.1283813,-1.1507074,-1.1830001,17.119999,1.0,5.407644,1
16:11:26.890615,55,0.6511465,4.105131,-1.3257052,-0.62636,23.119999,1.0,1.7669127,1
16:11:26.890615,55,0.38027218,4.015451,-1.2951299,-1.1830001,42.52,1.0,2.3536222,1
16:11:26.890615,55,0.3864135,4.1248555,-1.1497626,-0.62636,21.359999,1.0,3.8721201,1
16:11:26.890615,55,0.4160842,3.951679,-1.2747695,-1.1830001,38.36,1.0,1.9696654,1
16:11:26.890615,55,0.4223908,4.0115743,-1.2940912,-1.1830001,55.239998,1.0,1.5402335,1
16:11:26.890615,55,0.42914793,4.10917,-1.1900662,-0.62636,27.359999,1.0,2.3405666,1
16:11:26.890615,55,0.45753235,3.9474597,-1.2736391,-1.1830001,45.76,1.0,1.5269125,1
16:11:26.890615,55,0.46446714,4.0072913,-1.2929435,-1.1830001,72.52,1.0,0.9970501,1
16:11:26.890615,55,0.47189742,4.104818,-1.1889001,-0.62636,35.88,1.0,1.4334531,1
16:11:26.890615,55,0.47891134,4.1771226,-1.1644224,-0.62636,8.5199995,0.852,2.6965723,1
16:11:26.890615,55,0.49893475,3.9428403,-1.2724012,-1.1830001,52.52,1.0,1.3528484,1
16:11:26.890615,55,0.37459445,3.9554977,-1.2757928,-1.1830001,31.76,1.0,2.679117,1
16:11:26.890615,55,0.5140594,4.062363,-1.3109727,-1.1830001,47.879997,1.0,0.77121854,1
16:11:26.890615,55,0.5064971,4.0026016,-1.291687,-1.1830001,93.52,1.0,0.72613186,1
16:11:26.890615,55,0.63226616,3.9861012,-1.2872657,-0.62636,119.119995,1.0,1.5673102,1
16:11:26.890615,55,0.622826,3.9265862,-1.2680459,-0.6958,54.12,1.0,2.4624376,1
16:11:26.890615,55,0.59921587,4.0516095,-1.3080913,-0.62636,81.88,1.0,0.86596406,1
16:11:26.890615,55,0.59040076,3.9920063,-1.2888479,-0.62636,124.88,1.0,1.0092459,1
16:11:26.890615,55,0.5815857,3.9324028,-1.2696046,-0.6958,57.76,1.0,1.8186643,1
16:11:26.890615,55,0.6080309,4.1112127,-1.3273346,-0.62636,17.88,1.0,1.388819,1
16:11:26.890615,55,0.5654483,4.1551166,-1.2036872,-0.62636,13.759999,1.0,1.2509832,1
16:11:26.890615,55,0.54847634,3.9975066,-1.2903217,-1.1830001,114.0,1.0,0.729522,1
16:11:26.890615,55,0.54028726,3.9378211,-1.2710564,-1.1830001,57.0,1.0,1.4494469,1
16:11:26.890615,55,0.52139413,3.9671857,-0.60311604,-0.83496004,10.88,1.0,5.387882,1
16:11:26.890615,55,0.52217,4.1603694,-1.2050947,-0.62636,10.639999,1.0,1.7126164,1
16:11:26.890615,55,0.57322925,3.9610112,-0.9337271,-0.6958,17.24,1.0,1.6664156,1
16:11:26.890615,55,0.49893475,3.9428403,-1.2724012,-1.1830001,52.52,1.0,1.3528484,1
16:11:26.890615,55,0.63226616,3.9861012,-1.2872657,-0.62636,119.119995,1.0,1.5673102,1
16:11:26.890615,55,0.7051157,3.9137588,-1.2646089,-0.6958,40.64,1.0,4.581303,1
16:11:26.938480,56,0.5734587,3.920041,0.9070816,-0.76552004,73.24,1.0,2.0578442,1
16:11:26.938480,56,0.6747768,4.016904,0.83596593,-0.76552004,43.879997,1.0,2.2945948,1
16:11:26.938480,56,0.58228433,3.9803712,0.89026135,-0.76552004,105.119995,1.0,0.060089692,1
16:11:26.938480,56,0.59111,4.040702,0.8734411,-0.76552004,49.0,1.0,2.6543436,1
16:11:26.938480,56,0.6141227,3.9143054,0.9086185,-0.76552004,57.76,1.0,2.0017047,1
16:11:26.938480,56,0.62357414,3.9745474,0.89182186,-0.76552004,86.0,1.0,0.2441946,1
16:11:26.938480,56,0.63302565,4.0347896,0.8750253,-0.76552004,48.239998,1.0,3.0860019,1
16:11:26.938480,56,0.65472525,3.9081771,0.9102605,-0.76552004,43.64,1.0,2.145572,1
16:11:26.938480,56,0.66480166,3.968325,0.8934892,-0.76552004,65.36,1.0,0.6036228,1
16:11:26.938480,56,0.77612406,3.8874443,0.9158159,-0.76552004,19.64,1.0,3.73817,1
16:11:26.938480,56,0.70596266,3.9617047,0.8952631,-0.76552004,48.76,1.0,1.1340607,1
16:11:26.938480,56,0.7158031,3.9730794,0.7162235,-0.62636,37.52,1.0,2.8165998,1
16:11:26.938480,56,0.73573,3.894746,0.91385937,-0.76552004,25.119999,1.0,3.0171907,1
16:11:26.938480,56,0.7470531,3.954687,0.8971434,-0.76552004,36.76,1.0,1.8317314,1
16:11:26.938480,56,0.75746626,3.965964,0.71813005,-0.62636,31.119999,1.0,2.9860241,1
16:11:26.938480,56,0.7880688,3.947273,0.89913005,-0.76552004,28.24,1.0,2.6933966,1
16:11:26.938480,56,0.79905367,3.9584465,0.7201444,-0.62636,25.519999,1.0,3.331227,1
16:11:26.938480,56,0.84056115,3.9505277,0.7222662,-0.62636,20.88,1.0,3.849489,1
16:11:26.938480,56,0.5491352,4.046209,0.8719655,-0.97412,45.76,1.0,2.377504,1
16:11:26.938480,56,0.69526243,3.9016573,0.9120075,-0.76552004,32.88,1.0,2.4852827,1
16:11:26.938480,56,0.54093623,3.9857962,0.8888078,-0.76552004,111.52,1.0,0.056156218,1
16:11:26.938480,56,0.82900566,3.939463,0.9012227,-0.76552004,22.24,1.0,3.7163575,1
16:11:26.938480,56,0.5327373,3.9253836,0.9056501,-0.76552004,84.0,1.0,2.3186693,1
16:11:26.938480,56,0.24642476,3.9517357,0.898589,-1.11328,19.0,1.0,10.375696,1
16:11:26.938480,56,0.2502173,4.0125537,0.88163805,-1.11328,20.88,1.0,5.5916667,1
16:11:26.938480,56,0.2918569,4.009936,0.8823396,-1.11328,26.24,1.0,4.1543307,1
16:11:26.938480,56,0.32828164,3.9871426,1.059271,-0.6958,31.359999,1.0,2.344015,1
16:11:26.938480,56,0.33333397,4.048506,1.0447929,-0.97412,34.0,1.0,3.366885,1
16:11:26.938480,56,0.3385217,4.0676484,0.8662207,-1.11328,18.119999,1.0,3.5297358,1
16:11:26.938480,56,0.36921218,3.983774,1.0601736,-0.6958,41.52,1.0,1.9054723,1
16:11:26.938480,56,0.37489444,4.0450854,1.0457095,-0.97412,44.76,1.0,3.3412619,1
16:11:26.938480,56,0.380729,4.0641747,0.8671515,-1.11328,22.119999,1.0,2.9379795,1
16:11:26.938480,56,0.2873183,3.990116,1.0584743,-0.97412,24.24,1.0,2.9938467,1
16:11:26.938480,56,0.4164174,4.0412636,1.0467335,-0.6958,59.879997,1.0,3.4947565,1
16:11:26.938480,56,0.42289817,4.060293,0.8681915,-0.97412,27.119999,1.0,2.5343554,1
16:11:26.938480,56,0.45107114,3.9662044,1.0223476,-0.76552004,70.36,1.0,1.0484941,1
16:11:26.938480,56,0.45808196,3.9954462,0.88622206,-0.97412,79.52,1.0,0.61085373,1
16:11:26.938480,56,0.4650251,4.056005,0.8693406,-0.97412,33.12,1.0,2.3111167,1
16:11:26.938480,56,0.4841975,3.9101794,1.0779291,-0.76552004,23.88,1.0,3.9841223,1
16:11:26.938480,56,0.49188885,3.9616501,1.0235679,-0.76552004,82.64,1.0,0.99305606,1
16:11:26.938480,56,0.49953407,3.9908211,0.8874613,-0.97412,100.119995,1.0,0.23777437,1
16:11:26.938480,56,0.41010576,3.9800103,1.0611821,-0.6958,54.879997,1.0,1.6704192,1
16:11:26.938480,56,0.50710547,4.05131,0.8705986,-0.97412,39.76,1.0,2.2610548,1
16:11:26.938480,56,0.3385217,4.0676484,0.8662207,-1.11328,18.119999,1.0,3.5297358,1
16:11:26.938480,56,0.7158031,3.9730794,0.7162235,-0.62636,37.52,1.0,2.8165998,1
16:11:26.938480,56,0.66480166,3.968325,0.8934892,-0.76552004,65.36,1.0,0.6036228,1
16:11:26.938480,56,0.84056115,3.9505277,0.7222662,-0.62636,20.88,1.0,3.849489,1
16:11:26.938480,56,0.73573,3.894746,0.91385937,-0.76552004,25.119999,1.0,3.0171907,1
16:11:26.938480,56,0.24642476,3.9517357,0.898589,-1.11328,19.0,1.0,10.375696,1
16:11:26.938480,56,0.45808196,3.9954462,0.88622206,-0.97412,79.52,1.0,0.61085373,1
16:11:26.938480,56,0.82900566,3.939463,0.9012227,-0.76552004,22.24,1.0,3.7163575,1
16:11:26.938480,56,0.49953407,3.9908211,0.8874613,-0.97412,100.119995,1.0,0.23777437,1
16:11:26.938480,56,0.41010576,3.9800103,1.0611821,-0.6958,54.879997,1.0,1.6704192,1
16:11:26.938480,56,0.5491352,4.046209,0.8719655,-0.97412,45.76,1.0,2.377504,1
16:11:26.938480,56,0.73573,3.894746,0.91385937,-0.76552004,25.119999,1.0,3.0171907,1
16:11:26.938480,56,0.79905367,3.9584465,0.7201444,-0.62636,25.519999,1.0,3.331227,1
16:11:26.938480,56,0.2918569,4.009936,0.8823396,-1.11328,26.24,1.0,4.1543307,1
16:11:26.938480,56,0.3385217,4.0676484,0.8662207,-1.11328,18.119999,1.0,3.5297358,1
16:11:26.938480,56,0.24642476,3.9517357,0.898589,-1.11328,19.0,1.0,10.375696,1
16:11:26.938480,56,0.42289817,4.060293,0.8681915,-0.97412,27.119999,1.0,2.5343554,1
16:11:26.938480,56,0.2873183,3.990116,1.0584743,-0.97412,24.24,1.0,2.9938467,1
16:11:26.938480,56,0.79905367,3.9584465,0.7201444,-0.62636,25.519999,1.0,3.331227,1
16:11:26.938480,56,0.5734587,3.920041,0.9070816,-0.76552004,73.24,1.0,2.0578442,1
16:11:26.938480,56,0.42289817,4.060293,0.8681915,-0.97412,27.119999,1.0,2.5343554,1
16:11:26.997097,57,0.3966876,3.8910341,-0.75417167,-0.76552004,27.0,1.0,1.7533202,1
16:11:26.997097,57,0.2873183,3.990116,-0.94152564,-0.76552004,19.88,1.0,3.447379,1
16:11:26.997097,57,0.54370296,3.8381,-0.5829044,-0.83496004,14.88,1.0,3.6273298,1
16:11:26.997097,57,0.6044293,3.8944051,-0.9178442,-0.76552004,63.64,1.0,3.314533,1
16:11:26.997097,57,0.54847634,3.9975066,-1.2903217,-0.6958,8.5199995,0.852,4.130277,1
16:11:26.997097,57,0.51510066,3.8778224,-0.7506316,-0.76552004,41.76,1.0,1.8181152,1
16:11:26.997097,57,0.4841975,3.9101794,-0.92207086,-0.76552004,78.119995,1.0,1.1621585,1
16:11:26.997097,57,0.7154091,4.1676707,-0.25402254,-0.55664,12.759999,1.0,4.128707,1
16:11:26.997097,57,0.57337266,3.9513602,-0.97367495,-0.76552004,89.119995,1.0,1.7287154,1
16:11:26.997097,57,0.40379417,3.918757,-0.9243692,-0.76552004,45.12,1.0,1.0969194,1
16:11:26.997097,57,0.63226616,3.9861012,-1.2872657,-0.6958,11.12,1.0,6.333783,1
16:11:26.997097,57,0.7570493,4.1603084,-0.25402254,-0.55664,13.12,1.0,3.8755288,1
16:11:26.997097,57,0.45095837,3.9758515,-0.93770355,-0.76552004,68.52,1.0,0.63168293,1
16:11:26.997097,57,0.5325242,3.9663515,-0.935158,-0.76552004,98.88,1.0,0.82561535,1
16:11:26.997097,57,0.2911567,4.086632,-0.7928421,-0.76552004,13.88,1.0,7.3246484,1
16:11:26.997097,57,0.7127987,3.9171321,0.11947958,-0.76552004,20.359999,1.0,4.587292,1
16:11:26.997097,57,0.32828164,3.9871426,-0.940729,-0.76552004,26.24,1.0,2.3528304,1
16:11:26.997097,57,0.24253517,3.9312446,-0.92771536,-0.76552004,15.0,1.0,4.115941,1
16:11:26.997097,57,0.7241172,3.9793322,0.1213768,-0.76552004,25.519999,1.0,3.0227747,1
16:11:26.997097,57,0.61403054,3.9456255,-0.9721383,-0.76552004,68.76,1.0,2.6210835,1
16:11:26.997097,57,0.80355376,3.964055,0.1213768,-0.76552004,15.12,1.0,3.9443362,1
16:11:26.997097,57,0.33266732,4.083619,-0.7920348,-0.76552004,17.119999,1.0,5.6552415,1
16:11:26.997097,57,0.8087125,4.2050395,-0.38643283,-0.55664,7.7599998,0.77599996,6.6986823,1
16:11:26.997097,57,0.2828964,3.9287071,-0.9270354,-0.76552004,19.0,1.0,2.9768717,1
16:11:26.997097,57,0.6334623,3.925297,0.23885164,-0.76552004,31.519999,1.0,5.91018,1
16:11:26.997097,57,0.41010576,3.9800103,-0.93881786,-0.76552004,49.52,1.0,0.94108456,1
16:11:26.997097,57,0.49933428,4.032418,-0.95089626,-0.76552004,42.76,1.0,1.188186,1
16:11:26.997097,57,0.82801104,4.084707,-0.20856307,-0.55664,17.64,1.0,2.753647,1
16:11:26.997097,57,0.4917659,3.9712985,-0.93648356,-0.76552004,89.0,1.0,0.5918608,1
16:11:26.997097,57,0.6842883,3.9863744,0.1213768,-0.76552004,34.36,1.0,3.0074918,1
16:11:26.997097,57,0.37489444,4.0450854,-0.9542905,-0.76552004,21.52,1.0,2.7542186,1
16:11:26.997097,57,0.64439106,3.993018,0.1213768,-0.76552004,47.0,1.0,3.2826817,1
16:11:26.997097,57,0.78712326,4.0927825,-0.20856307,-0.55664,22.0,1.0,2.2107792,1
16:11:26.997097,57,0.4164174,4.0412636,-0.9532665,-0.76552004,27.24,1.0,1.9646615,1
16:11:26.997097,57,0.7519337,3.9098084,0.11947958,-0.76552004,16.24,1.0,5.149176,1
16:11:26.997097,57,0.31754065,3.8979332,-0.75602025,-0.76552004,17.64,1.0,3.01438,1
16:11:26.997097,57,0.79681545,4.143179,-0.380748,-0.55664,12.88,1.0,3.9201763,1
16:11:26.997097,57,0.69526243,4.050305,-0.041096818,-0.76552004,36.239998,1.0,1.6867772,1
16:11:26.997097,57,0.47567588,3.8826075,-0.7519137,-0.76552004,38.36,1.0,1.5307218,1
16:11:26.997097,57,0.52432853,3.9053085,-0.92076576,-0.76552004,87.0,1.0,1.6017927,1
16:11:26.997097,57,0.56440717,3.9000502,-0.9193568,-0.76552004,80.24,1.0,2.3179438,1
16:11:26.997097,57,0.43620354,3.8870115,-0.7530938,-0.76552004,32.76,1.0,1.5103681,1
16:11:26.997097,57,0.66480166,4.1194935,-0.041729305,-0.76552004,43.0,1.0,3.402928,1
16:11:26.997097,57,0.76387364,3.9718924,0.1213768,-0.76552004,19.52,1.0,3.3334177,1
16:11:26.997097,57,0.67406833,4.176915,-0.21172427,-0.55664,12.24,1.0,4.9126143,1
16:11:26.997097,57,0.59040076,3.9920063,-1.2888479,-0.6958,9.88,0.988,5.085233,1
16:11:26.997097,57,0.67268294,3.9187663,0.23885164,-0.76552004,25.519999,1.0,5.7589755,1
16:11:26.997097,57,0.77612406,4.03559,-0.041096818,-0.55664,20.52,1.0,1.908712,1
16:11:26.997097,57,0.6546271,4.056446,0.08218952,-0.76552004,50.0,1.0,3.0238826,1
16:11:26.997097,57,0.74615675,4.100449,-0.20856307,-0.55664,27.64,1.0,1.970601,1
16:11:26.997097,57,0.36352992,3.9224627,-0.9253622,-0.76552004,33.12,1.0,1.4636418,1
16:11:26.997097,57,0.58228433,3.9803712,-1.1097386,-0.76552004,53.12,1.0,2.8104687,1
16:11:26.997097,57,0.70585674,4.112023,-0.08345444,-0.76552004,34.88,1.0,2.584018,1
16:11:26.997097,57,0.44401804,3.9146621,-0.9232721,-0.76552004,61.12,1.0,0.9951522,1
16:11:26.997097,57,0.3232293,3.9257796,-0.926251,-0.76552004,24.76,1.0,2.0915394,1
16:11:26.997097,57,0.5548349,3.8648436,-0.7883043,-0.76552004,41.36,1.0,2.7966993,1
16:11:26.997097,57,0.357132,3.8946748,-0.75514716,-0.76552004,21.76,1.0,2.2558784,1
16:11:26.997097,57,0.73573,4.0431495,-0.041096818,-0.55664,26.88,1.0,1.6494701,1
16:11:26.997097,57,0.62357414,3.9745474,-1.1081781,-0.76552004,50.12,1.0,3.8110313,1
16:11:26.997097,57,0.5941783,3.8592944,-0.7868174,-0.76552004,37.36,1.0,3.7176192,1
16:11:26.997097,57,0.83820677,4.1350036,-0.380748,-0.55664,12.24,1.0,4.4795303,1
16:11:26.997097,57,0.2463262,3.9926932,-0.9422163,-0.76552004,15.36,1.0,4.7959194,1
16:11:26.997097,57,0.5408551,4.0175967,-0.9901134,-0.76552004,50.12,1.0,1.34242,1
16:11:26.997097,57,0.87951416,4.1264153,-0.380748,-0.55664,11.24,1.0,5.3477497,1
16:11:27.051215,58,0.71183634,3.8403702,1.2182534,-0.83496004,19.88,1.0,2.7164428,1
16:11:27.051215,58,0.71379805,3.9180505,0.5559822,-0.76552004,11.0,1.0,1.0823395,1
16:11:27.051215,58,0.7031406,3.8595514,0.5775423,-0.76552004,26.24,1.0,1.0783082,1
16:11:27.051215,58,0.69442827,3.854438,0.75455874,-0.62636,33.36,1.0,0.20342378,1
16:11:27.051215,58,0.6844595,3.8724499,1.0461595,-0.83496004,27.24,1.0,0.64148986,1
16:11:27.051215,58,0.66363853,3.9073994,0.6939585,-0.62636,21.88,1.0,0.5653574,1
16:11:27.051215,58,0.733367,4.172723,0.014739105,-0.13916,8.76,0.876,8.689096,1
16:11:27.051215,58,0.7234529,4.1163135,0.04157699,-0.13916,10.0,1.0,8.405463,1
16:11:27.051215,58,0.6736973,3.9666238,0.6741629,-0.83496004,8.639999,0.86399996,0.6075204,1
16:11:27.051215,58,0.72440696,3.834805,0.9305754,-0.83496004,23.119999,1.0,0.53009754,1
16:11:27.051215,58,0.67268294,3.8470569,1.2164617,-0.83496004,24.24,1.0,1.8500626,1
16:11:27.051215,58,0.7440668,3.852562,0.57941514,-0.76552004,30.0,1.0,0.8756682,1
16:11:27.051215,58,0.8663825,3.8292267,0.58566785,-0.62636,28.88,1.0,1.8095435,1
16:11:27.051215,58,0.7519337,3.8075085,1.1034756,-0.83496004,16.24,1.0,2.3505282,1
16:11:27.051215,58,0.76417935,3.8276155,0.93250173,-0.83496004,19.24,1.0,1.1598089,1
16:11:27.051215,58,0.7849185,3.8451774,0.5813938,-0.76552004,31.88,1.0,0.9303792,1
16:11:27.051215,58,0.79681545,3.9034586,0.55989206,-0.76552004,15.759999,1.0,0.9627351,1
16:11:27.051215,58,0.82569176,3.8373988,0.5834781,-0.62636,31.359999,1.0,1.2418873,1
16:11:27.051215,58,0.83820677,3.8955622,0.5620079,-0.62636,17.0,1.0,1.2996346,1
16:11:27.051215,58,0.87951416,3.8872662,0.56423086,-0.62636,17.0,1.0,1.9001408,1
16:11:27.051215,58,0.9061227,3.8061788,0.5488364,-0.62636,25.359999,1.0,2.5881376,1
16:11:27.051215,58,0.9198567,3.863869,0.52684116,-0.62636,16.119999,1.0,2.6932988,1
16:11:27.051215,58,0.94659746,3.7972307,0.551234,-0.62636,21.76,1.0,3.5834167,1
16:11:27.051215,58,0.960945,3.8547852,0.5292751,-0.62636,14.759999,1.0,3.7337396,1
16:11:27.051215,58,0.9869776,3.787892,0.55373627,-0.62636,18.52,1.0,4.832072,1
16:11:27.051215,58,1.0019372,3.8453052,0.5318153,-0.62636,13.12,1.0,5.0349264,1
16:11:27.051215,58,0.6539397,3.8609502,0.7528138,-0.76552004,32.239998,1.0,0.35287723,1
16:11:27.051215,58,0.75534457,3.9109552,0.5578834,-0.76552004,13.639999,1.0,0.8901126,1
16:11:27.051215,58,0.64439106,3.8883736,1.083772,-0.83496004,31.359999,1.0,0.46864715,1
16:11:27.051215,58,0.58287096,3.826496,1.3798457,-0.83496004,20.24,1.0,2.139587,1
16:11:27.051215,58,0.62140733,3.8206797,1.3814042,-0.83496004,18.359999,1.0,2.7845707,1
16:11:27.051215,58,0.31639633,3.925214,1.4009418,-0.83496004,18.0,1.0,4.072589,1
16:11:27.051215,58,0.35584497,3.9219673,1.4018118,-0.83496004,22.0,1.0,3.1921294,1
16:11:27.051215,58,0.36280286,3.9565182,1.2328619,-0.83496004,19.64,1.0,3.3637831,1
16:11:27.051215,58,0.6334623,3.8533652,1.2147713,-0.83496004,29.24,1.0,1.218493,1
16:11:27.051215,58,0.4029866,3.9528198,1.2338529,-0.83496004,23.359999,1.0,2.4082196,1
16:11:27.051215,58,0.42773008,3.852176,1.413324,-0.83496004,19.24,1.0,2.0117567,1
16:11:27.051215,58,0.43620354,3.8870115,1.2469062,-0.83496004,31.64,1.0,1.6025742,1
16:11:27.051215,58,0.44313002,3.9487333,1.2349478,-0.83496004,27.519999,1.0,1.6954944,1
16:11:27.051215,58,0.46643564,3.8478575,1.414481,-0.83496004,20.88,1.0,1.8197417,1
16:11:27.051215,58,0.47567588,3.8826075,1.2480862,-0.83496004,36.0,1.0,1.1291436,1
16:11:27.051215,58,0.48322913,3.9442594,1.2361467,-0.83496004,31.64,1.0,1.2256911,1
16:11:27.051215,58,0.5050945,3.8431652,1.4157383,-0.83496004,21.76,1.0,1.8543917,1
16:11:27.051215,58,0.51510066,3.8778224,1.2493684,-0.83496004,38.239998,1.0,0.8914346,1
16:11:27.051215,58,0.39567482,3.9120994,1.3634455,-0.83496004,26.64,1.0,2.412478,1
16:11:27.051215,58,0.5399898,3.92484,0.68928534,-0.83496004,11.759999,1.0,2.7734833,1
16:11:27.051215,58,0.52432853,3.9053085,1.0792342,-0.83496004,34.64,1.0,0.5966448,1
16:11:27.051215,58,0.63191813,3.9729295,0.6724733,-0.83496004,6.7599998,0.676,1.0815645,1
16:11:27.051215,58,0.6224832,3.913611,0.6922941,-0.62636,17.76,1.0,1.0421977,1
16:11:27.051215,58,0.6044293,3.8944051,1.0821558,-0.83496004,34.52,1.0,0.2674294,1
16:11:27.051215,58,0.59379166,3.867111,1.2522385,-0.83496004,34.12,1.0,1.1227212,1
16:11:27.051215,58,0.5900758,3.9788313,0.6708919,-0.83496004,5.3599997,0.536,1.8223022,1
16:11:27.051215,58,0.61338586,3.867071,0.7511738,-0.76552004,29.88,1.0,0.75385743,1
16:11:27.051215,58,0.57337266,3.9088159,0.8675471,-0.83496004,26.76,1.0,0.6100041,1
16:11:27.051215,58,0.56440717,3.9000502,1.0806432,-0.83496004,35.76,1.0,0.31001195,1
16:11:27.051215,58,0.5544739,3.8726566,1.2507526,-0.83496004,37.52,1.0,0.88935417,1
16:11:27.051215,58,0.54427624,3.8319397,1.3783871,-0.83496004,21.52,1.0,1.7212442,1
16:11:27.051215,58,0.53493017,3.7761714,1.4265009,-0.83496004,7.64,0.764,1.9993063,1
16:11:27.051215,58,0.58126557,3.9194248,0.69073635,-0.83496004,14.36,1.0,1.7781743,1
16:11:27.051215,58,0.71183634,3.8403702,1.2182534,-0.83496004,19.88,1.0,2.7164428,1
16:11:27.051215,58,0.58287096,3.826496,1.3798457,-0.83496004,20.24,1.0,2.139587,1
16:11:27.051215,58,0.54427624,3.8319397,1.3783871,-0.83496004,21.52,1.0,1.7212442,1
16:11:27.051215,58,0.9869776,3.787892,0.55373627,-0.62636,18.52,1.0,4.832072,1
16:11:27.051215,58,0.67268294,3.8470569,1.2164617,-0.83496004,24.24,1.0,1.8500626,1
16:11:27.103262,59,0.79119134,3.7906933,1.0667566,-0.90468,23.64,1.0,2.8066356,1
16:11:27.103262,59,0.7389947,3.7724366,1.2325295,-0.83496004,21.0,1.0,3.1324353,1
16:11:27.103262,59,0.75212175,3.798147,1.0647594,-0.83496004,26.359999,1.0,1.6909149,1
16:11:27.103262,59,0.7696135,3.7274923,0.44966364,-0.97412,29.119999,1.0,0.707165,1
16:11:27.103262,59,0.781458,3.7848592,0.4258036,-0.90468,16.119999,1.0,0.7370668,1
16:11:27.103262,59,0.7922258,3.8259537,0.36284614,-0.90468,5.8799996,0.588,1.0146922,1
16:11:27.103262,59,0.7784334,3.7397156,1.1196765,-0.90468,17.24,1.0,3.1407053,1
16:11:27.103262,59,0.8006618,3.7210722,0.6264184,-1.04384,20.359999,1.0,0.5443511,1
16:11:27.103262,59,0.8975447,3.6942255,0.27923235,-0.90468,14.639999,1.0,2.0734885,1
16:11:27.103262,59,0.8209357,3.7610958,0.38936222,-1.04384,16.24,1.0,0.88907427,1
16:11:27.103262,59,0.848336,3.6960871,0.4159187,-1.04384,27.359999,1.0,1.1966863,1
16:11:27.103262,59,0.861392,3.7529707,0.39153934,-1.04384,15.639999,1.0,1.2032372,1
16:11:27.103262,59,0.87035835,3.758823,0.25084528,-0.90468,5.7599998,0.576,1.6462224,1
16:11:27.103262,59,0.88809425,3.6877005,0.41816583,-1.04384,25.24,1.0,1.8814353,1
16:11:27.103262,59,0.9277637,3.6789305,0.42051575,-1.04384,22.76,1.0,2.9306886,1
16:11:27.103262,59,0.9376363,3.6853623,0.28160727,-0.97412,13.36,1.0,2.902882,1
16:11:27.103262,59,0.8116889,4.20269,0.45030972,-0.76552004,11.759999,1.0,1.4172376,1
16:11:27.103262,59,0.80959177,3.7198653,0.4517073,-0.97412,28.76,1.0,0.73614776,1
16:11:27.103262,59,0.7407864,3.7922113,0.42383367,-0.90468,15.12,1.0,1.099653,1
16:11:27.103262,59,0.8333786,3.8181026,0.36494982,-0.62636,5.8799996,0.588,0.9354639,1
16:11:27.103262,59,0.7005331,3.779389,1.2306666,-0.83496004,25.119999,1.0,2.1020598,1
16:11:27.103262,59,0.42818108,3.8460307,1.3746114,-0.83496004,22.64,1.0,4.0704684,1
16:11:27.103262,59,0.45138356,3.7236855,1.4333761,-0.83496004,7.24,0.724,2.8342369,1
16:11:27.103262,59,0.46692747,3.8417075,1.3757699,-0.83496004,26.88,1.0,3.0344512,1
16:11:27.103262,59,0.50692135,3.8162463,1.2612877,-0.83496004,31.0,1.0,2.0349836,1
16:11:27.103262,59,0.53493017,3.7761714,1.4265009,-0.83496004,21.64,1.0,2.0819967,1
16:11:27.103262,59,0.7127987,3.8145828,1.10158,-0.83496004,28.64,1.0,1.1885095,1
16:11:27.103262,59,0.5456694,3.8111627,1.2626499,-0.83496004,34.0,1.0,1.4532677,1
16:11:27.103262,59,0.58436286,3.805705,1.2641122,-0.83496004,34.76,1.0,1.2067752,1
16:11:27.103262,59,0.38898173,3.8561203,1.4122671,-0.83496004,18.76,1.0,5.3843584,1
16:11:27.103262,59,0.62299794,3.7998738,1.2656747,-0.83496004,33.0,1.0,1.2960126,1
16:11:27.103262,59,0.6615135,3.851619,0.53666073,-0.83496004,11.5199995,1.0,1.8642153,1
16:11:27.103262,59,0.66157067,3.79367,1.2673371,-0.83496004,29.519999,1.0,1.7213565,1
16:11:27.103262,59,0.6735924,3.8212786,1.0997858,-0.83496004,29.76,1.0,0.6998308,1
16:11:27.103262,59,0.7024709,3.8450313,0.53842586,-0.83496004,13.5199995,1.0,0.9713364,1
16:11:27.103262,59,0.7096866,3.8404615,0.35895878,-0.90468,5.52,0.552,2.3347628,1
16:11:27.103262,59,0.7411547,3.9169855,-0.0637436,-0.76552004,10.76,1.0,7.7754526,1
16:11:27.103262,59,0.77427214,4.202029,0.25463653,-0.20888,6.3599997,0.636,3.4946046,1
16:11:27.103262,59,0.6210815,3.872343,0.57411486,-0.83496004,9.639999,0.964,2.7707334,1
16:11:27.103262,59,0.8975447,3.6942255,0.27923235,-0.90468,14.639999,1.0,2.0734885,1
16:11:27.103262,59,0.7127987,3.8145828,1.10158,-0.83496004,28.64,1.0,1.1885095,1
16:11:27.103262,59,0.7696135,3.7274923,0.44966364,-0.97412,29.119999,1.0,0.707165,1
16:11:27.103262,59,0.88809425,3.6877005,0.41816583,-1.04384,25.24,1.0,1.8814353,1
16:11:27.103262,59,0.6210815,3.872343,0.57411486,-0.83496004,9.639999,0.964,2.7707334,1
16:11:27.103262,59,0.38898173,3.8561203,1.4122671,-0.83496004,18.76,1.0,5.3843584,1
16:11:27.103262,59,0.80959177,3.7198653,0.4517073,-0.97412,28.76,1.0,0.73614776,1
16:11:27.103262,59,0.38898173,3.8561203,1.4122671,-0.83496004,18.76,1.0,5.3843584,1
16:11:27.103262,59,0.88809425,3.6877005,0.41816583,-1.04384,25.24,1.0,1.8814353,1
16:11:27.103262,59,0.7784334,3.7397156,1.1196765,-0.90468,17.24,1.0,3.1407053,1
16:11:27.103262,59,0.7024709,3.8450313,0.53842586,-0.83496004,13.5199995,1.0,0.9713364,1
16:11:27.103262,59,0.87035835,3.758823,0.25084528,-0.90468,5.7599998,0.576,1.6462224,1
16:11:27.103262,59,0.7922258,3.8259537,0.36284614,-0.90468,5.8799996,0.588,1.0146922,1
16:11:27.103262,59,0.7696135,3.7274923,0.44966364,-0.97412,29.119999,1.0,0.707165,1
16:11:27.103262,59,0.9376363,3.6853623,0.28160727,-0.97412,13.36,1.0,2.902882,1
16:11:27.103262,59,0.781458,3.7848592,0.4258036,-0.90468,16.119999,1.0,0.7370668,1
16:11:27.103262,59,0.861392,3.7529707,0.39153934,-1.04384,15.639999,1.0,1.2032372,1
16:11:27.103262,59,0.7389947,3.7724366,1.2325295,-0.83496004,21.0,1.0,3.1324353,1
16:11:27.103262,59,0.7407864,3.7922113,0.42383367,-0.90468,15.12,1.0,1.099653,1
16:11:27.103262,59,0.50692135,3.8162463,1.2612877,-0.83496004,31.0,1.0,2.0349836,1
16:11:27.103262,59,0.80959177,3.7198653,0.4517073,-0.97412,28.76,1.0,0.73614776,1
16:11:27.103262,59,0.38898173,3.8561203,1.4122671,-0.83496004,18.76,1.0,5.3843584,1
16:11:27.103262,59,0.8006618,3.7210722,0.6264184,-1.04384,20.359999,1.0,0.5443511,1
16:11:27.103262,59,0.7389947,3.7724366,1.2325295,-0.83496004,21.0,1.0,3.1324353,1
16:11:27.103262,59,0.50692135,3.8162463,1.2612877,-0.83496004,31.0,1.0,2.0349836,1
16:11:27.163175,60,0.7787449,3.7006218,-1.0321608,-0.97412,26.88,1.0,2.4737234,1
16:11:27.163175,60,0.55580735,3.7993803,-1.0592779,-0.97412,95.759995,1.0,0.31157428,1
16:11:27.163175,60,0.31754065,3.8979332,-0.75602025,-0.97412,22.76,1.0,4.2661033,1
16:11:27.163175,60,0.61338586,3.867071,-1.2488263,-1.04384,22.519999,1.0,1.224318,1
16:11:27.163175,60,0.46917802,3.778738,-0.9313496,-0.97412,44.52,1.0,1.1976813,1
16:11:27.163175,60,0.7017608,3.714923,-1.0359927,-0.97412,42.76,1.0,0.9923523,1
16:11:27.163175,60,0.7903606,3.7145917,-1.2014241,-1.11328,35.88,1.0,1.271292,1
16:11:27.163175,60,0.87561476,3.6464577,-1.5201346,-1.11328,38.12,1.0,2.4815254,1
16:11:27.163175,60,0.67376083,3.7706854,-1.092822,-0.97412,75.759995,1.0,0.17874502,1
16:11:27.163175,60,0.5760862,3.7117872,-0.8748043,-0.97412,29.359999,1.0,1.452826,1
16:11:27.163175,60,0.40379417,3.918757,-0.9243692,-0.90468,27.359999,1.0,2.725945,1
16:11:27.163175,60,0.9277637,3.6789305,-1.5794842,-1.11328,25.359999,1.0,3.8191168,1
16:11:27.163175,60,0.39117092,3.7962503,-0.895472,-0.97412,27.64,1.0,2.4951224,1
16:11:27.163175,60,0.4841975,3.9101794,-0.92207086,-0.90468,42.36,1.0,1.1304393,1
16:11:27.163175,60,0.694046,3.8416665,-1.2845019,-1.04384,31.24,1.0,0.865949,1
16:11:27.163175,60,0.357132,3.8946748,-0.75514716,-0.97412,28.88,1.0,3.2718613,1
16:11:27.163175,60,0.57337266,3.9088159,-1.1324528,-0.90468,18.64,1.0,1.0501457,1
16:11:27.163175,60,0.71222836,3.7291062,-1.2053133,-1.11328,59.359997,1.0,0.27735916,1
16:11:27.163175,60,0.3521654,3.7998405,-0.89643395,-0.97412,21.88,1.0,3.3882914,1
16:11:27.163175,60,0.614174,3.7060387,-0.87326396,-0.97412,29.359999,1.0,1.7610744,1
16:11:27.163175,60,0.6539397,3.8609502,-1.2471862,-1.04384,26.88,1.0,0.86375487,1
16:11:27.163175,60,0.7231396,3.7757494,-1.262913,-1.04384,77.52,1.0,0.45407438,1
16:11:27.163175,60,0.8006618,3.7210722,-1.3735815,-1.11328,55.879997,1.0,1.2241805,1
16:11:27.163175,60,0.52445966,3.8958075,-0.96009916,-0.90468,53.0,1.0,0.66454,1
16:11:27.163175,60,0.732789,3.794169,-1.3990531,-1.04384,34.36,1.0,1.3451724,1
16:11:27.163175,60,0.8393189,3.6990957,-1.4093964,-1.11328,46.12,1.0,1.7764848,1
16:11:27.163175,60,0.7841709,3.830671,-1.4577262,-1.04384,7.3599997,0.736,2.3965273,1
16:11:27.163175,60,0.8288537,3.694407,-1.2371907,-1.11328,28.359999,1.0,1.908024,1
16:11:27.163175,60,0.4766291,3.84906,-0.90765816,-0.97412,63.76,1.0,1.0930583,1
16:11:27.163175,60,0.46149233,3.7268217,-0.87883276,-0.97412,21.76,1.0,1.6504585,1
16:11:27.163175,60,0.9029879,3.7604518,-1.5676564,-1.04384,9.24,0.92399997,3.8545883,1
16:11:27.163175,60,0.4302449,3.783082,-0.93251354,-0.97412,35.12,1.0,1.762953,1
16:11:27.163175,60,0.88930136,3.7034547,-1.5438955,-1.11328,28.64,1.0,3.0579681,1
16:11:27.163175,60,0.5327373,3.9253836,-1.0943499,-0.90468,15.5199995,1.0,1.4390658,1
16:11:27.163175,60,0.53794074,3.7171676,-0.876246,-0.97412,27.76,1.0,1.3325454,1
16:11:27.163175,60,0.6046712,3.8540633,-1.0745848,-0.90468,76.759995,1.0,0.18577947,1
16:11:27.163175,60,0.76112455,3.728615,-1.3756027,-1.11328,66.88,1.0,0.8765041,1
16:11:27.163175,60,0.817122,3.6929142,-1.0300956,-0.97412,21.52,1.0,3.510067,1
16:11:27.163175,60,0.69016165,3.6934392,-0.869888,-0.97412,25.24,1.0,2.9466014,1
16:11:27.163175,60,0.51626194,3.8349128,-0.945092,-0.97412,81.0,1.0,0.63721204,1
16:11:27.163175,60,0.6438755,3.8015292,-1.2279917,-1.04384,84.119995,1.0,0.36012667,1
16:11:27.163175,60,0.36280286,3.9565182,-0.7671381,-0.90468,22.519999,1.0,3.266096,1
16:11:27.163175,60,0.62440246,3.757609,-0.925688,-0.97412,62.0,1.0,0.83245116,1
16:11:27.163175,60,0.49196267,3.9303324,-1.095676,-0.90468,13.12,1.0,2.22233,1
16:11:27.163175,60,0.65220046,3.6999226,-0.8716251,-0.97412,27.88,1.0,2.2585852,1
16:11:27.163175,60,0.84948903,3.7118526,-1.5461457,-1.11328,31.88,1.0,2.5532253,1
16:11:27.163175,60,0.68374085,3.7951174,-1.2262737,-1.04384,84.36,1.0,0.2849579,1
16:11:27.163175,60,0.6631617,3.721515,-1.0377591,-0.97412,52.879997,1.0,0.5449701,1
16:11:27.163175,60,0.5080642,3.7740183,-0.93008494,-0.97412,54.879997,1.0,0.8205168,1
16:11:27.163175,60,0.5468996,3.7689233,-0.9287197,-0.97412,63.359997,1.0,0.63296324,1
16:11:27.163175,60,0.564633,3.8597107,-1.0760981,-0.90468,65.119995,1.0,0.47749767,1
16:11:27.163175,60,0.58568037,3.7634532,-0.927254,-0.97412,66.36,1.0,0.636474,1
16:11:27.163175,60,0.82490534,3.8228998,-1.455644,-1.04384,8.24,0.824,2.5525842,1
16:11:27.163175,60,0.86256284,3.7689788,-1.5699412,-1.04384,8.88,0.88799995,3.4180079,1
16:11:27.163175,60,0.7031406,3.8595514,-1.4224577,-1.04384,5.24,0.524,2.4001474,1
16:11:27.163175,60,0.5952197,3.7938213,-1.0577883,-0.97412,100.24,1.0,0.10181563,1
16:11:27.163175,60,0.7440668,3.852562,-1.4205849,-1.04384,6.24,0.624,2.1820602,1
16:11:27.163175,60,0.6345725,3.7878819,-1.0561968,-0.97412,91.64,1.0,0.088120885,1
16:11:27.163175,60,0.44401804,3.9146621,-0.9232721,-0.90468,34.0,1.0,1.8300008,1
16:11:27.163175,60,0.49974152,3.7221792,-0.87758887,-0.97412,25.0,1.0,1.3988878,1
16:11:27.163175,60,0.39748254,3.8575037,-0.90992063,-0.97412,37.239998,1.0,2.5026166,1
16:11:27.163175,60,0.7730215,3.7868962,-1.3971044,-1.04384,35.52,1.0,1.4155171,1
16:11:27.163175,60,0.43707767,3.853473,-0.9088406,-0.97412,48.76,1.0,1.7020211,1
16:11:27.163175,60,0.7280538,3.6865897,-0.86805266,-0.97412,22.24,1.0,3.826315,1
16:11:27.216464,61,0.7130839,3.9186997,-0.039831836,-0.97412,54.12,1.0,0.95904005,1
16:11:27.216464,61,0.7017608,3.8564746,-0.03919935,-1.04384,85.88,1.0,1.1148176,1
16:11:27.216464,61,0.6904378,3.7942495,-0.038566858,-1.04384,76.24,1.0,1.4706419,1
16:11:27.216464,61,0.6788431,3.730532,0.113787934,-1.04384,35.76,1.0,3.3820298,1
16:11:27.216464,61,0.6738619,3.9256344,-0.039831836,-0.97412,65.24,1.0,0.9832526,1
16:11:27.216464,61,0.6631617,3.721515,-1.0377591,-1.04384,113.88,1.0,1.783621,1
16:11:27.216464,61,0.6524614,3.6614676,-1.0210147,-1.04384,98.52,1.0,1.1038756,1
16:11:27.216464,61,0.64150447,3.6392443,-0.8573307,-1.04384,40.52,1.0,0.26568866,1
16:11:27.216464,61,0.72834516,3.7871556,-0.038566858,-1.04384,55.64,1.0,1.3965211,1
16:11:27.216464,61,0.6833645,3.9809923,-0.24264435,-0.97412,11.759999,1.0,0.5977937,1
16:11:27.216464,61,0.74028987,3.8492644,-0.03919935,-1.04384,61.52,1.0,1.1681638,1
16:11:27.216464,61,0.8293102,3.8908732,-0.19907953,-0.97412,25.76,1.0,2.2626953,1
16:11:27.216464,61,0.753313,3.71621,0.113787934,-1.04384,24.519999,1.0,2.8696368,1
16:11:27.216464,61,0.7661796,3.7796829,-0.038566858,-1.04384,40.52,1.0,1.5186455,1
16:11:27.216464,61,0.7787449,3.841669,-0.03919935,-1.04384,44.239998,1.0,1.4229515,1
16:11:27.216464,61,0.79119134,3.9030697,-0.07965969,-0.97412,33.0,1.0,1.4988849,1
16:11:27.216464,61,0.7904368,3.708491,0.113787934,-0.90468,19.88,1.0,2.8996682,1
16:11:27.216464,61,0.80393755,3.7718322,-0.038566858,-1.04384,30.119999,1.0,1.8346629,1
16:11:27.216464,61,0.817122,3.8336897,-0.03919935,-1.04384,32.64,1.0,1.8767381,1
16:11:27.216464,61,0.841615,3.7636044,-0.038566858,-1.04384,23.0,1.0,2.3421671,1
16:11:27.216464,61,0.8554174,3.825327,-0.03919935,-1.04384,24.76,1.0,2.5270252,1
16:11:27.216464,61,0.8681768,3.8823857,-0.19907953,-0.97412,20.359999,1.0,3.2118702,1
16:11:27.216464,61,0.8792084,3.7550004,-0.038566858,-1.04384,18.0,1.0,3.0386992,1
16:11:27.216464,61,0.8936272,3.8165817,-0.03919935,-1.04384,19.24,1.0,3.3712597,1
16:11:27.216464,61,0.7522346,3.911373,-0.039831836,-0.97412,42.64,1.0,1.1440057,1
16:11:27.216464,61,0.6345725,3.7878819,-1.0561968,-1.04384,71.0,1.0,2.0150611,1
16:11:27.216464,61,0.71611387,3.723557,0.113787934,-1.04384,30.0,1.0,3.0296752,1
16:11:27.216464,61,0.61441976,3.6675863,-1.0226542,-1.04384,110.119995,1.0,0.7130826,1
16:11:27.216464,61,0.62449616,3.727734,-1.0394255,-1.04384,130.36,1.0,1.2494525,1
16:11:27.216464,61,0.34648314,3.7385292,-0.8819698,-1.04384,18.52,1.0,3.9103677,1
16:11:27.216464,61,0.3521654,3.7998405,-0.89643395,-0.83496004,20.52,1.0,3.4675624,1
16:11:27.216464,61,0.37854767,3.6737437,-0.86657476,-1.04384,16.64,1.0,3.3205009,1
16:11:27.216464,61,0.39117092,3.7962503,-0.895472,-0.83496004,26.519999,1.0,2.4397697,1
16:11:27.216464,61,0.39748254,3.8575037,-0.90992063,-1.04384,21.64,1.0,2.299179,1
16:11:27.216464,61,0.4162566,3.6699052,-0.86554617,-1.04384,20.52,1.0,2.294205,1
16:11:27.216464,61,0.42319697,3.7310944,-0.87997764,-1.04384,31.24,1.0,1.8578875,1
16:11:27.216464,61,0.4301373,3.7922838,-0.8944091,-1.04384,35.239998,1.0,1.6253915,1
16:11:27.216464,61,0.43707767,3.853473,-0.9088406,-1.04384,27.64,1.0,1.596717,1
16:11:27.216464,61,0.45392394,3.6657026,-0.86442006,-1.04384,25.24,1.0,1.4681687,1
16:11:27.216464,61,0.46149233,3.7268217,-0.87883276,-1.04384,42.239998,1.0,1.1412507,1
16:11:27.216464,61,0.46917802,3.778738,-0.9313496,-1.04384,48.12,1.0,1.0283657,1
16:11:27.216464,61,0.4766291,3.84906,-0.90765816,-1.04384,35.52,1.0,1.1109993,1
16:11:27.216464,61,0.3848593,3.734997,-0.88102335,-1.04384,23.76,1.0,2.7802103,1
16:11:27.216464,61,0.49986652,3.7131238,-0.9150778,-1.04384,58.12,1.0,0.6297468,1
16:11:27.216464,61,0.49154586,3.6611362,-0.86319655,-1.04384,30.76,1.0,0.8402703,1
16:11:27.216464,61,0.60410166,3.6452603,-0.8589426,-1.04384,42.64,1.0,0.12335298,1
16:11:27.216464,61,0.5913277,3.6357374,-0.5886523,-0.90468,12.12,1.0,0.473253,1
16:11:27.216464,61,0.5857682,3.7335792,-1.0409917,-1.04384,120.24,1.0,0.9136948,1
16:11:27.216464,61,0.5763167,3.6733372,-1.0241951,-1.04384,101.0,1.0,0.51568,1
16:11:27.216464,61,0.56663847,3.6509144,-0.86045766,-1.04384,41.0,1.0,0.1701214,1
16:11:27.216464,61,0.5952197,3.7938213,-1.0577883,-1.04384,67.76,1.0,1.5365883,1
16:11:27.216464,61,0.5468996,3.7689233,-0.9287197,-1.04384,93.24,1.0,0.5083325,1
16:11:27.216464,61,0.53815603,3.6787198,-1.0256373,-1.04384,79.24,1.0,0.5141109,1
16:11:27.216464,61,0.5291186,3.6562066,-0.8618757,-1.04384,36.52,1.0,0.40833193,1
16:11:27.216464,61,0.5161329,3.8442655,-0.90637344,-1.04384,45.879997,1.0,0.8396439,1
16:11:27.216464,61,0.55572397,3.8297355,-0.9437048,-1.04384,57.76,1.0,0.88622457,1
16:11:27.216464,61,0.5080642,3.7740183,-0.93008494,-1.04384,67.24,1.0,0.665142,1
16:11:27.216464,61,0.6631617,3.721515,-1.0377591,-1.04384,113.88,1.0,1.783621,1
16:11:27.216464,61,0.8554174,3.825327,-0.03919935,-1.04384,24.76,1.0,2.5270252,1
16:11:27.216464,61,0.79119134,3.9030697,-0.07965969,-0.97412,33.0,1.0,1.4988849,1
16:11:27.216464,61,0.39117092,3.7962503,-0.895472,-0.83496004,26.519999,1.0,2.4397697,1
16:11:27.216464,61,0.49154586,3.6611362,-0.86319655,-1.04384,30.76,1.0,0.8402703,1
16:11:27.216464,61,0.5468996,3.7689233,-0.9287197,-1.04384,93.24,1.0,0.5083325,1
16:11:27.216464,61,0.841615,3.7636044,-0.038566858,-1.04384,23.0,1.0,2.3421671,1
16:11:27.269189,62,0.67911476,3.7320247,-0.03793437,-0.97412,24.24,1.0,3.1191986,1
16:11:27.269189,62,0.67268294,3.9187663,-0.23885164,-0.83496004,36.12,1.0,2.926832,1
16:11:27.269189,62,0.66236603,3.858664,-0.19591835,-0.97412,66.88,1.0,0.66332966,1
16:11:27.269189,62,0.6516786,3.796404,-0.19275716,-0.97412,57.76,1.0,1.301509,1
16:11:27.269189,62,0.6417612,3.738629,-0.03793437,-0.97412,27.0,1.0,2.5885794,1
16:11:27.269189,62,0.6334623,3.925297,-0.23885164,-0.83496004,38.239998,1.0,2.5912507,1
16:11:27.269189,62,0.6237469,3.8650947,-0.19591835,-0.83496004,75.64,1.0,0.38159245,1
16:11:27.269189,62,0.6896094,3.7896972,-0.19275716,-0.97412,49.0,1.0,1.6074435,1
16:11:27.269189,62,0.6136826,3.8027306,-0.19275716,-0.97412,64.0,1.0,1.1819257,1
16:11:27.269189,62,0.6043434,3.7448597,-0.03793437,-0.97412,28.64,1.0,2.2239118,1
16:11:27.269189,62,0.7005331,3.8497276,-0.23505892,-0.97412,55.52,1.0,0.8392948,1
16:11:27.269189,62,0.7652604,3.7751482,-0.19275716,-0.97412,32.76,1.0,2.7688506,1
16:11:27.269189,62,0.7215112,3.9650111,-0.36369357,-0.83496004,10.0,1.0,4.7131586,1
16:11:27.269189,62,0.71640044,3.7250469,-0.03793437,-0.97412,21.0,1.0,3.8133094,1
16:11:27.269189,62,0.7274713,3.7826118,-0.19275716,-0.97412,40.239998,1.0,2.0972164,1
16:11:27.269189,62,0.7389947,3.8425298,-0.23505892,-0.97412,44.64,1.0,1.3534249,1
16:11:27.269189,62,0.7492276,3.8957374,-0.35800874,-0.83496004,27.359999,1.0,3.72311,1
16:11:27.269189,62,0.78814685,3.8880506,-0.35800874,-0.83496004,22.76,1.0,4.262469,1
16:11:27.269189,62,0.802973,3.7673068,-0.19275716,-0.97412,26.64,1.0,3.6209044,1
16:11:27.269189,62,0.81569237,3.8269825,-0.23505892,-0.97412,28.519999,1.0,2.8834999,1
16:11:27.269189,62,0.5941783,3.9314353,-0.23885164,-0.83496004,37.52,1.0,2.4041314,1
16:11:27.269189,62,0.82698727,3.8799748,-0.35800874,-0.83496004,19.0,1.0,4.981206,1
16:11:27.269189,62,0.71183634,3.9118438,-0.23885164,-0.83496004,32.12,1.0,3.4076087,1
16:11:27.269189,62,0.5850654,3.8711388,-0.19591835,-0.83496004,77.759995,1.0,0.26268774,1
16:11:27.269189,62,0.77738243,3.8349478,-0.23505892,-0.97412,35.64,1.0,2.035322,1
16:11:27.269189,62,0.5668652,3.7507157,-0.03793437,-0.97412,28.76,1.0,2.0281746,1
16:11:27.269189,62,0.57562524,3.8086772,-0.19275716,-0.41748002,65.0,1.0,1.2517394,1
16:11:27.269189,62,0.3128741,3.9025795,-0.19591835,-0.55664,20.64,1.0,4.370936,1
16:11:27.269189,62,0.3462059,3.8363404,-0.19275716,-0.55664,22.359999,1.0,5.8853436,1
16:11:27.269189,62,0.35188362,3.8992558,-0.19591835,-0.55664,25.359999,1.0,3.2152739,1
16:11:27.269189,62,0.39085793,3.895542,-0.19591835,-0.55664,31.64,1.0,2.2599442,1
16:11:27.269189,62,0.3971645,3.9583974,-0.19907953,-0.90468,17.0,1.0,4.976504,1
16:11:27.269189,62,0.41642317,3.770384,-0.03793437,-0.55664,17.88,1.0,3.0121856,1
16:11:27.269189,62,0.42285836,3.8286495,-0.19275716,-0.41748002,34.52,1.0,3.5044727,1
16:11:27.269189,62,0.42979315,3.8914387,-0.19591835,-0.55664,39.76,1.0,1.4979616,1
16:11:27.269189,62,0.43672794,3.954228,-0.19907953,-0.83496004,20.52,1.0,4.5444546,1
16:11:27.269189,62,0.45410556,3.7660315,-0.03793437,-0.55664,21.119999,1.0,2.492088,1
16:11:27.269189,62,0.38455135,3.8326867,-0.19275716,-0.55664,27.64,1.0,4.58552,1
16:11:27.269189,62,0.4686854,3.8869462,-0.19591835,-0.55664,49.879997,1.0,0.9228789,1
16:11:27.269189,62,0.46112305,3.8242297,-0.19275716,-0.41748002,42.76,1.0,2.6359951,1
16:11:27.269189,62,0.5548349,3.9371805,-0.23885164,-0.83496004,34.12,1.0,2.3693128,1
16:11:27.269189,62,0.53751034,3.8142428,-0.19275716,-0.41748002,60.239998,1.0,1.5145285,1
16:11:27.269189,62,0.5293304,3.7561967,-0.03793437,-0.97412,27.119999,1.0,2.0048645,1
16:11:27.269189,62,0.5463254,3.8767958,-0.19591835,-0.83496004,72.119995,1.0,0.3103312,1
16:11:27.269189,62,0.50753075,3.882065,-0.19591835,-0.83496004,61.52,1.0,0.52878964,1
16:11:27.269189,62,0.49934167,3.8194273,-0.19275716,-0.41748002,51.879997,1.0,1.9744015,1
16:11:27.269189,62,0.49174255,3.7613022,-0.03793437,-0.97412,24.359999,1.0,2.1579936,1
16:11:27.269189,62,0.47624773,3.949663,-0.19907953,-0.83496004,24.76,1.0,4.272694,1
16:11:27.269189,62,0.51543605,3.9425318,-0.23885164,-0.83496004,29.519999,1.0,2.491204,1
16:11:27.269189,62,0.5463254,3.8767958,-0.19591835,-0.83496004,72.119995,1.0,0.3103312,1
16:11:27.269189,62,0.41642317,3.770384,-0.03793437,-0.55664,17.88,1.0,3.0121856,1
16:11:27.269189,62,0.6334623,3.925297,-0.23885164,-0.83496004,38.239998,1.0,2.5912507,1
16:11:27.269189,62,0.47624773,3.949663,-0.19907953,-0.83496004,24.76,1.0,4.272694,1
16:11:27.269189,62,0.5293304,3.7561967,-0.03793437,-0.97412,27.119999,1.0,2.0048645,1
16:11:27.269189,62,0.50753075,3.882065,-0.19591835,-0.83496004,61.52,1.0,0.52878964,1
16:11:27.269189,62,0.7215112,3.9650111,-0.36369357,-0.83496004,10.0,1.0,4.7131586,1
16:11:27.269189,62,0.41642317,3.770384,-0.03793437,-0.55664,17.88,1.0,3.0121856,1
16:11:27.269189,62,0.42979315,3.8914387,-0.19591835,-0.55664,39.76,1.0,1.4979616,1
16:11:27.269189,62,0.6334623,3.925297,-0.23885164,-0.83496004,38.239998,1.0,2.5912507,1
16:11:27.269189,62,0.81569237,3.8269825,-0.23505892,-0.97412,28.519999,1.0,2.8834999,1
16:11:27.269189,62,0.50753075,3.882065,-0.19591835,-0.83496004,61.52,1.0,0.52878964,1
16:11:27.269189,62,0.6334623,3.925297,-0.23885164,-0.83496004,38.239998,1.0,2.5912507,1
16:11:27.269189,62,0.71640044,3.7250469,-0.03793437,-0.97412,21.0,1.0,3.8133094,1
16:11:27.269189,62,0.47624773,3.949663,-0.19907953,-0.83496004,24.76,1.0,4.272694,1
16:11:27.322307,63,0.59402937,3.584482,1.1553788,-0.41748002,6.52,0.652,4.290099,1
16:11:27.322307,63,0.66200143,3.6642942,0.7748045,-0.90468,50.64,1.0,1.2986004,1
16:11:27.322307,63,0.6136826,3.6232665,0.82959175,-0.76552004,61.64,1.0,0.49826545,1
16:11:27.322307,63,0.62340355,3.6705022,0.773141,-0.90468,57.0,1.0,0.7664617,1
16:11:27.322307,63,0.61668414,3.5743246,1.4590487,-0.76552004,6.3599997,0.636,9.993144,1
16:11:27.322307,63,0.6513199,3.60517,0.79457325,-0.90468,54.879997,1.0,0.94757855,1
16:11:27.322307,63,0.68922985,3.5986955,0.79630804,-0.90468,47.0,1.0,1.4675895,1
16:11:27.322307,63,0.7373306,3.6120527,0.66740084,-0.6958,36.0,1.0,1.6324794,1
16:11:27.322307,63,0.72707087,3.5918553,0.7981409,-0.90468,39.64,1.0,2.2019043,1
16:11:27.322307,63,0.7648392,3.5846498,0.8000716,-0.90468,33.12,1.0,3.1469731,1
16:11:27.322307,63,0.77563184,3.6047456,0.6693588,-0.90468,29.88,1.0,2.5398188,1
16:11:27.322307,63,0.5941783,3.7356555,0.75175667,-0.41748002,19.119999,1.0,3.9317446,1
16:11:27.322307,63,0.6989556,3.6189895,0.6655421,-0.41748002,43.12,1.0,0.9339135,1
16:11:27.322307,63,0.5847434,3.6763372,0.77157754,-0.41748002,60.12,1.0,0.44108313,1
16:11:27.322307,63,0.63203585,3.6903484,0.6405362,-0.41748002,19.52,1.0,1.5263937,1
16:11:27.322307,63,0.5661851,3.5694954,0.8472724,-0.41748002,25.24,1.0,3.3581936,1
16:11:27.322307,63,0.57562524,3.6290104,0.8280527,-0.41748002,65.64,1.0,0.33254176,1
16:11:27.322307,63,0.3128741,3.718895,0.8006955,-0.41748002,21.64,1.0,4.1491218,1
16:11:27.322307,63,0.3462059,3.6557312,0.82089293,-0.41748002,31.359999,1.0,4.1966553,1
16:11:27.322307,63,0.35188362,3.7156844,0.80155575,-0.41748002,26.119999,1.0,2.996035,1
16:11:27.322307,63,0.38455135,3.652202,0.82183856,-0.41748002,37.879997,1.0,2.9465158,1
16:11:27.322307,63,0.42285836,3.6483023,0.8228834,-0.41748002,45.52,1.0,1.9467585,1
16:11:27.322307,63,0.42979315,3.7081337,0.803579,-0.41748002,38.52,1.0,1.4108611,1
16:11:27.322307,63,0.39085793,3.7120972,0.80251694,-0.41748002,31.76,1.0,2.085535,1
16:11:27.322307,63,0.4686854,3.7037945,0.8047417,-0.41748002,46.239998,1.0,0.9655818,1
16:11:27.322307,63,0.49934167,3.6393943,0.82527035,-0.41748002,60.879997,1.0,0.67394567,1
16:11:27.322307,63,0.50753075,3.6990795,0.806005,-0.41748002,53.64,1.0,0.743598,1
16:11:27.322307,63,0.51543605,3.7463741,0.7488847,-0.41748002,16.64,1.0,3.3647046,1
16:11:27.322307,63,0.53751034,3.6343865,0.8266122,-0.41748002,65.36,1.0,0.38946998,1
16:11:27.322307,63,0.5460247,3.6817985,0.7701142,-0.41748002,58.879997,1.0,0.32719114,1
16:11:27.322307,63,0.5548349,3.741205,0.7502698,-0.41748002,18.119999,1.0,3.5478978,1
16:11:27.322307,63,0.46112305,3.644033,0.8240274,-0.41748002,53.64,1.0,1.1911923,1
16:11:27.322307,63,0.35188362,3.7156844,0.80155575,-0.41748002,26.119999,1.0,2.996035,1
16:11:27.322307,63,0.46112305,3.644033,0.8240274,-0.41748002,53.64,1.0,1.1911923,1
16:11:27.322307,63,0.38455135,3.652202,0.82183856,-0.41748002,37.879997,1.0,2.9465158,1
16:11:27.322307,63,0.72707087,3.5918553,0.7981409,-0.90468,39.64,1.0,2.2019043,1
16:11:27.322307,63,0.57562524,3.6290104,0.8280527,-0.41748002,65.64,1.0,0.33254176,1
16:11:27.322307,63,0.57562524,3.6290104,0.8280527,-0.41748002,65.64,1.0,0.33254176,1
16:11:27.322307,63,0.5460247,3.6817985,0.7701142,-0.41748002,58.879997,1.0,0.32719114,1
16:11:27.322307,63,0.46112305,3.644033,0.8240274,-0.41748002,53.64,1.0,1.1911923,1
16:11:27.322307,63,0.68922985,3.5986955,0.79630804,-0.90468,47.0,1.0,1.4675895,1
16:11:27.322307,63,0.3462059,3.6557312,0.82089293,-0.41748002,31.359999,1.0,4.1966553,1
16:11:27.322307,63,0.5847434,3.6763372,0.77157754,-0.41748002,60.12,1.0,0.44108313,1
16:11:27.322307,63,0.6989556,3.6189895,0.6655421,-0.41748002,43.12,1.0,0.9339135,1
16:11:27.322307,63,0.63203585,3.6903484,0.6405362,-0.41748002,19.52,1.0,1.5263937,1
16:11:27.322307,63,0.35188362,3.7156844,0.80155575,-0.41748002,26.119999,1.0,2.996035,1
16:11:27.322307,63,0.51543605,3.7463741,0.7488847,-0.41748002,16.64,1.0,3.3647046,1
16:11:27.322307,63,0.5941783,3.7356555,0.75175667,-0.41748002,19.119999,1.0,3.9317446,1
16:11:27.322307,63,0.4686854,3.7037945,0.8047417,-0.41748002,46.239998,1.0,0.9655818,1
16:11:27.322307,63,0.7373306,3.6120527,0.66740084,-0.6958,36.0,1.0,1.6324794,1
16:11:27.322307,63,0.42979315,3.7081337,0.803579,-0.41748002,38.52,1.0,1.4108611,1
16:11:27.322307,63,0.53751034,3.6343865,0.8266122,-0.41748002,65.36,1.0,0.38946998,1
16:11:27.322307,63,0.4686854,3.7037945,0.8047417,-0.41748002,46.239998,1.0,0.9655818,1
16:11:27.322307,63,0.63203585,3.6903484,0.6405362,-0.41748002,19.52,1.0,1.5263937,1
16:11:27.322307,63,0.3462059,3.6557312,0.82089293,-0.41748002,31.359999,1.0,4.1966553,1
16:11:27.322307,63,0.5847434,3.6763372,0.77157754,-0.41748002,60.12,1.0,0.44108313,1
16:11:27.322307,63,0.63203585,3.6903484,0.6405362,-0.41748002,19.52,1.0,1.5263937,1
16:11:27.322307,63,0.66200143,3.6642942,0.7748045,-0.90468,50.64,1.0,1.2986004,1
16:11:27.322307,63,0.77563184,3.6047456,0.6693588,-0.90468,29.88,1.0,2.5398188,1
16:11:27.322307,63,0.5941783,3.7356555,0.75175667,-0.41748002,19.119999,1.0,3.9317446,1
16:11:27.322307,63,0.46112305,3.644033,0.8240274,-0.41748002,53.64,1.0,1.1911923,1
16:11:27.322307,63,0.6989556,3.6189895,0.6655421,-0.41748002,43.12,1.0,0.9339135,1
16:11:27.322307,63,0.5941783,3.7356555,0.75175667,-0.41748002,19.119999,1.0,3.9317446,1
16:11:27.322307,63,0.35188362,3.7156844,0.80155575,-0.41748002,26.119999,1.0,2.996035,1
16:11:27.382497,64,0.42979315,3.7081337,0.803579,-0.41748002,34.76,1.0,3.017145,1
16:11:27.382497,64,0.80072385,3.5390294,0.69285274,-0.90468,82.24,1.0,1.4324317,1
16:11:27.382497,64,0.77745205,3.5039744,0.98388124,-0.76552004,44.64,1.0,2.8697128,1
16:11:27.382497,64,0.77563184,3.6047456,0.6693588,-0.90468,94.52,1.0,1.2637211,1
16:11:27.382497,64,0.68922985,3.5986955,0.79630804,-0.90468,157.36,1.0,0.27104142,1
16:11:27.382497,64,0.81308043,3.5834563,0.6346636,-0.90468,78.759995,1.0,1.4410665,1
16:11:27.382497,64,0.74093807,3.5113077,0.98191625,-0.76552004,56.12,1.0,2.3190806,1
16:11:27.382497,64,0.5847434,3.6763372,0.77157754,-0.48720002,83.36,1.0,1.7974937,1
16:11:27.382497,64,0.53751034,3.6343865,0.8266122,-0.41748002,123.64,1.0,0.41630405,1
16:11:27.382497,64,0.5661851,3.5694954,0.8472724,-0.41748002,132.76,1.0,1.1331059,1
16:11:27.382497,64,0.5460247,3.6817985,0.7701142,-0.48720002,67.36,1.0,1.7263135,1
16:11:27.382497,64,0.67829996,3.551463,0.8521042,-0.90468,124.52,1.0,0.60085684,1
16:11:27.382497,64,0.7492276,3.6703339,0.64589906,-0.90468,14.12,1.0,4.119213,1
16:11:27.382497,64,0.57562524,3.6290104,0.8280527,-0.48720002,151.51999,1.0,0.24890654,1
16:11:27.382497,64,0.48347107,3.5913346,1.1149365,-0.62636,52.76,1.0,2.0536704,1
16:11:27.382497,64,0.55741376,3.5528529,1.0093982,-0.62636,78.119995,1.0,1.6137085,1
16:11:27.382497,64,0.7373306,3.6120527,0.66740084,-0.90468,108.36,1.0,0.825727,1
16:11:27.382497,64,0.44646716,3.595826,1.1137329,-0.62636,42.12,1.0,2.387046,1
16:11:27.382497,64,0.37223604,3.6124904,1.1478739,-0.62636,27.359999,1.0,3.5986583,1
16:11:27.382497,64,0.8382507,3.5311136,0.6949737,-0.90468,65.0,1.0,1.9089416,1
16:11:27.382497,64,0.6036183,3.5638456,0.84878623,-0.90468,145.64,1.0,0.77189976,1
16:11:27.382497,64,0.46112305,3.644033,0.8240274,-0.41748002,75.64,1.0,1.312091,1
16:11:27.382497,64,0.7102334,3.6773827,0.64401037,-0.90468,12.639999,1.0,3.5169451,1
16:11:27.382497,64,0.7631169,3.5465822,0.6908289,-0.90468,104.36,1.0,1.1211005,1
16:11:27.382497,64,0.4163607,3.6217299,0.9510192,-0.41748002,54.239998,1.0,2.091167,1
16:11:27.382497,64,0.3081956,3.7032523,0.9677892,-0.41748002,30.88,1.0,4.5632772,1
16:11:27.382497,64,0.86375195,3.5142174,0.8620841,-0.76552004,39.36,1.0,3.1096025,1
16:11:27.382497,64,0.7155409,3.544731,0.853908,-0.83496004,101.36,1.0,0.7783495,1
16:11:27.382497,64,0.50753075,3.6990795,0.806005,-0.41748002,53.76,1.0,2.607623,1
16:11:27.382497,64,0.42285836,3.6483023,0.8228834,-0.41748002,59.12,1.0,2.0563567,1
16:11:27.382497,64,0.5941783,3.7356555,0.75175667,-0.48720002,8.5199995,0.852,6.931454,1
16:11:27.382497,64,0.529251,3.608028,0.95469064,-0.41748002,110.759995,1.0,0.6162113,1
16:11:27.382497,64,0.66779166,3.5350997,1.0141551,-0.76552004,81.64,1.0,1.6000323,1
16:11:27.382497,64,0.5942671,3.5472908,1.0108886,-0.62636,87.52,1.0,1.4319293,1
16:11:27.382497,64,0.87569374,3.522836,0.6971918,-0.83496004,52.12,1.0,2.545706,1
16:11:27.382497,64,0.49934167,3.6393943,0.82527035,-0.41748002,97.119995,1.0,0.76810807,1
16:11:27.382497,64,0.8268195,3.5223823,0.8598963,-0.76552004,49.239998,1.0,2.2939038,1
16:11:27.382497,64,0.39085793,3.7120972,0.80251694,-0.41748002,28.359999,1.0,3.5077713,1
16:11:27.382497,64,0.8493504,3.4556239,0.88105685,-0.76552004,28.519999,1.0,5.1113386,1
16:11:27.382497,64,0.9239317,3.515345,0.5319741,-0.90468,43.0,1.0,4.109431,1
16:11:27.382497,64,0.82619965,3.641276,0.6126336,-0.90468,15.759999,1.0,4.204863,1
16:11:27.382497,64,0.67116815,3.6840544,0.6422227,-0.90468,11.12,1.0,3.0634713,1
16:11:27.382497,64,0.38455135,3.652202,0.82183856,-0.41748002,46.879997,1.0,3.0093355,1
16:11:27.382497,64,0.8892073,3.5670128,0.63906956,-0.62636,52.36,1.0,2.8265285,1
16:11:27.382497,64,0.61334485,3.6112778,0.7929366,-0.48720002,171.76,1.0,0.029543452,1
16:11:27.382497,64,0.6310609,3.5413728,1.0124743,-0.62636,88.88,1.0,1.4294767,1
16:11:27.382497,64,0.3462059,3.6557312,0.82089293,-0.41748002,37.76,1.0,4.1797814,1
16:11:27.382497,64,0.7527103,3.5376399,0.8558081,-0.83496004,79.88,1.0,1.123295,1
16:11:27.382497,64,0.40931624,3.6087158,1.1488853,-0.62636,33.88,1.0,3.0200284,1
16:11:27.382497,64,0.5205047,3.558059,1.0080032,-0.62636,65.36,1.0,1.9814514,1
16:11:27.382497,64,0.6605107,3.6255553,0.66378284,-0.90468,112.119995,1.0,0.4345432,1
16:11:27.382497,64,0.62340355,3.6705022,0.773141,-0.48720002,99.759995,1.0,2.0355504,1
16:11:27.382497,64,0.63203585,3.6903484,0.6405362,-0.90468,9.639999,0.964,2.7656002,1
16:11:27.382497,64,0.8619282,3.5894606,0.50362635,-0.90468,15.639999,1.0,2.7140825,1
16:11:27.382497,64,0.6513199,3.60517,0.79457325,-0.48720002,174.0,1.0,0.06564562,1
16:11:27.382497,64,0.81388825,3.4962888,0.9859406,-0.76552004,35.52,1.0,3.5767856,1
16:11:27.382497,64,0.34093723,3.639409,0.98555076,-0.41748002,34.76,1.0,3.5962822,1
16:11:27.382497,64,0.7873962,3.649069,0.61054546,-0.90468,15.24,1.0,3.4574318,1
16:11:27.382497,64,0.6409912,3.5578346,0.85039693,-0.90468,142.12,1.0,0.59665054,1
16:11:27.382497,64,0.4916688,3.6129587,0.9533695,-0.41748002,88.119995,1.0,0.91493803,1
16:11:27.382497,64,0.72707087,3.5918553,0.7981409,-0.6958,130.87999,1.0,0.63934124,1
16:11:27.382497,64,0.37869915,3.6359334,0.986482,-0.41748002,43.12,1.0,2.6569188,1
16:11:27.382497,64,0.4686854,3.7037945,0.8047417,-0.41748002,43.0,1.0,2.7200143,1
16:11:27.382497,64,0.45403746,3.617526,0.95214564,-0.41748002,69.0,1.0,1.4039699,1
16:11:27.440717,65,0.6922812,3.5054505,1.1745988,-0.6958,37.879997,1.0,2.22568,1
16:11:27.440717,65,0.6989556,3.6189895,0.6655421,-0.6958,12.12,1.0,2.9013393,1
16:11:27.440717,65,0.68922985,3.5986955,0.79630804,-0.41748002,49.12,1.0,1.2977076,1
16:11:27.440717,65,0.67911476,3.5950408,0.99743915,-0.6958,62.0,1.0,1.3396554,1
16:11:27.440717,65,0.6562508,3.5119636,1.1728536,-0.6958,39.36,1.0,2.107259,1
16:11:27.440717,65,0.64406157,3.474724,1.2926843,-0.6958,13.36,1.0,5.96931,1
16:11:27.440717,65,0.6416649,3.5910614,0.95923686,-0.41748002,70.64,1.0,0.3713888,1
16:11:27.440717,65,0.63096625,3.5698025,1.120706,-0.6958,62.12,1.0,0.3669343,1
16:11:27.440717,65,0.6676915,3.5635304,1.1223866,-0.6958,59.0,1.0,0.5462697,1
16:11:27.440717,65,0.71640044,3.588301,0.9992451,-0.6958,52.36,1.0,1.7961634,1
16:11:27.440717,65,0.7907531,3.5737424,1.003146,-0.6958,36.0,1.0,3.086339,1
16:11:27.440717,65,0.7282423,3.49859,1.1764371,-0.6958,34.0,1.0,2.5123096,1
16:11:27.440717,65,0.74093807,3.5499237,1.1260325,-0.6958,43.52,1.0,1.3297995,1
16:11:27.440717,65,0.7536144,3.5812013,1.0011475,-0.6958,43.52,1.0,2.379592,1
16:11:27.440717,65,0.7648392,3.5846498,0.8000716,-0.6958,38.64,1.0,2.406214,1
16:11:27.440717,65,0.7641306,3.4913821,1.1783683,-0.6958,29.0,1.0,2.9638097,1
16:11:27.440717,65,0.77745205,3.5425904,1.1279974,-0.6958,35.52,1.0,1.9263537,1
16:11:27.440717,65,0.6201548,3.5181282,1.1712018,-0.6958,38.0,1.0,2.1610544,1
16:11:27.440717,65,0.8001425,3.4752038,1.1447492,-0.6958,24.24,1.0,4.3474355,1
16:11:27.440717,65,0.81388825,3.5349047,1.1300567,-0.6958,28.88,1.0,2.655505,1
16:11:27.440717,65,0.82781273,3.5659254,1.0052407,-0.6958,29.76,1.0,3.9135282,1
16:11:27.440717,65,0.8358834,3.4673023,1.1468664,-0.6958,20.0,1.0,5.12153,1
16:11:27.440717,65,0.8502431,3.5268674,1.1322104,-0.6958,23.519999,1.0,3.5151825,1
16:11:27.440717,65,0.72707087,3.5918553,0.7981409,-0.6958,44.0,1.0,1.78258,1
16:11:27.440717,65,0.6136826,3.6232665,0.82959175,-0.41748002,55.36,1.0,1.3334448,1
16:11:27.440717,65,0.70435,3.5569038,1.1241621,-0.6958,52.0,1.0,0.8686145,1
16:11:27.440717,65,0.5941779,3.5757196,1.1191205,-0.6958,59.879997,1.0,0.33547303,1
16:11:27.440717,65,0.60425276,3.5970788,0.9576245,-0.41748002,76.0,1.0,0.24100794,1
16:11:27.440717,65,0.3408861,3.6290445,0.9490593,-0.41748002,28.88,1.0,3.981862,1
16:11:27.440717,65,0.3462059,3.6557312,0.82089293,-0.41748002,25.88,1.0,3.951402,1
16:11:27.440717,65,0.37864232,3.6255693,0.94999045,-0.41748002,35.239998,1.0,2.8911834,1
16:11:27.440717,65,0.38455135,3.652202,0.82183856,-0.41748002,30.359999,1.0,3.0410726,1
16:11:27.440717,65,0.4094186,3.5999596,1.1126254,-0.41748002,24.0,1.0,2.614903,1
16:11:27.440717,65,0.4163607,3.6217299,0.9510192,-0.41748002,43.0,1.0,2.0014167,1
16:11:27.440717,65,0.42285836,3.6483023,0.8228834,-0.41748002,35.52,1.0,2.3255289,1
16:11:27.440717,65,0.44646716,3.595826,1.1137329,-0.41748002,29.64,1.0,1.809865,1
16:11:27.440717,65,0.45403746,3.617526,0.95214564,-0.41748002,52.12,1.0,1.3025713,1
16:11:27.440717,65,0.46112305,3.644033,0.8240274,-0.41748002,41.12,1.0,1.7944455,1
16:11:27.440717,65,0.47454536,3.5629961,1.2729584,-0.6958,19.76,1.0,2.6956832,1
16:11:27.440717,65,0.48347107,3.5913346,1.1149365,-0.41748002,36.64,1.0,1.1873621,1
16:11:27.440717,65,0.6513199,3.60517,0.79457325,-0.41748002,53.239998,1.0,0.9560533,1
16:11:27.440717,65,0.49934167,3.6393943,0.82527035,-0.41748002,46.879997,1.0,1.4382156,1
16:11:27.440717,65,0.4916688,3.6129587,0.9533695,-0.41748002,61.879997,1.0,0.78535134,1
16:11:27.440717,65,0.58399683,3.5239437,1.1696435,-0.6958,34.12,1.0,2.391743,1
16:11:27.440717,65,0.5667802,3.6027346,0.95610905,-0.41748002,76.119995,1.0,0.26210776,1
16:11:27.440717,65,0.55733013,3.581281,1.1176302,-0.41748002,53.36,1.0,0.45744374,1
16:11:27.440717,65,0.57562524,3.6290104,0.8280527,-0.41748002,54.76,1.0,1.2155063,1
16:11:27.440717,65,0.53751034,3.6343865,0.8266122,-0.41748002,51.76,1.0,1.2479547,1
16:11:27.440717,65,0.529251,3.608028,0.95469064,-0.41748002,70.76,1.0,0.44116086,1
16:11:27.440717,65,0.52042663,3.586486,1.1162356,-0.41748002,44.879997,1.0,0.73909485,1
16:11:27.440717,65,0.51081866,3.558237,1.2742336,-0.6958,24.119999,1.0,2.0992537,1
16:11:27.440717,65,0.5477804,3.52941,1.1681789,-0.6958,29.119999,1.0,2.8046677,1
16:11:27.440717,65,0.3408861,3.6290445,0.9490593,-0.41748002,28.88,1.0,3.981862,1
16:11:27.440717,65,0.48347107,3.5913346,1.1149365,-0.41748002,36.64,1.0,1.1873621,1
16:11:27.440717,65,0.68922985,3.5986955,0.79630804,-0.41748002,49.12,1.0,1.2977076,1
16:11:27.440717,65,0.38455135,3.652202,0.82183856,-0.41748002,30.359999,1.0,3.0410726,1
16:11:27.440717,65,0.38455135,3.652202,0.82183856,-0.41748002,30.359999,1.0,3.0410726,1
16:11:27.440717,65,0.4163607,3.6217299,0.9510192,-0.41748002,43.0,1.0,2.0014167,1
16:11:27.440717,65,0.5667802,3.6027346,0.95610905,-0.41748002,76.119995,1.0,0.26210776,1
16:11:27.440717,65,0.7648392,3.5846498,0.8000716,-0.6958,38.64,1.0,2.406214,1
16:11:27.440717,65,0.57562524,3.6290104,0.8280527,-0.41748002,54.76,1.0,1.2155063,1
16:11:27.440717,65,0.6676915,3.5635304,1.1223866,-0.6958,59.0,1.0,0.5462697,1
16:11:27.440717,65,0.48347107,3.5913346,1.1149365,-0.41748002,36.64,1.0,1.1873621,1
16:11:27.440717,65,0.38455135,3.652202,0.82183856,-0.41748002,30.359999,1.0,3.0410726,1
16:11:27.495838,66,0.56069654,3.4566135,1.4762125,-0.6958,25.64,1.0,2.8809056,1
16:11:27.495838,66,0.7017157,3.4078155,1.3432649,-0.6958,24.24,1.0,2.995054,1
16:11:27.495838,66,0.5960398,3.445449,1.4427495,-0.6958,27.359999,1.0,2.684527,1
16:11:27.495838,66,0.8716714,3.431099,1.0426743,-0.76552004,20.52,1.0,3.0027714,1
16:11:27.495838,66,0.97036296,3.4253745,0.69009584,-1.25244,31.88,1.0,4.807431,1
16:11:27.495838,66,0.44635555,3.6045833,1.1499926,-0.48720002,35.64,1.0,2.1168349,1
16:11:27.495838,66,0.5832084,3.5476692,1.2770653,-0.6958,70.24,1.0,0.9862662,1
16:11:27.495838,66,0.41642317,3.6320932,0.987511,-0.48720002,27.0,1.0,3.5520842,1
16:11:27.495838,66,0.8360088,3.4393466,1.0404644,-0.76552004,25.76,1.0,2.123673,1
16:11:27.495838,66,0.8130337,3.4636526,0.87890553,-0.76552004,64.52,1.0,1.3075738,1
16:11:27.495838,66,0.9338382,3.4345713,0.6876316,-1.25244,36.76,1.0,3.893868,1
16:11:27.495838,66,0.77663577,3.4713302,0.87684834,-0.76552004,78.88,1.0,0.95734316,1
16:11:27.495838,66,0.6436424,3.4818075,1.3280188,-0.6958,54.0,1.0,1.0941372,1
16:11:27.495838,66,0.5727767,3.4935575,1.3248703,-0.62636,51.12,1.0,1.1736671,1
16:11:27.495838,66,0.9191435,3.3902283,0.74449456,-1.25244,34.239998,1.0,5.0297427,1
16:11:27.495838,66,0.6136826,3.6232665,0.82959175,-0.48720002,18.119999,1.0,1.8986391,1
16:11:27.495838,66,0.6653614,3.4332645,1.4460143,-0.6958,26.64,1.0,2.6599371,1
16:11:27.495838,66,0.87569374,3.522836,0.6971918,-1.25244,17.52,1.0,3.374343,1
16:11:27.495838,66,0.61946505,3.3780825,1.4542631,-0.6958,8.76,0.876,6.576257,1
16:11:27.495838,66,0.7643217,3.4827597,1.1427246,-0.6958,42.64,1.0,1.479663,1
16:11:27.495838,66,0.43793947,3.5745916,1.3077372,-0.62636,26.519999,1.0,2.2491534,1
16:11:27.495838,66,0.6562508,3.5119636,1.1728536,-0.62636,78.119995,1.0,0.33027762,1
16:11:27.495838,66,0.7850843,3.4471114,1.3000832,-0.6958,26.119999,1.0,3.056425,1
16:11:27.495838,66,0.7631169,3.5465822,0.6908289,-0.41748002,20.0,1.0,1.2902838,1
16:11:27.495838,66,0.8850947,3.4356809,0.8478407,-1.25244,42.0,1.0,2.7045593,1
16:11:27.495838,66,0.57562524,3.6290104,0.8280527,-0.48720002,17.0,1.0,1.8965842,1
16:11:27.495838,66,0.6516786,3.6171553,0.83122927,-0.48720002,19.119999,1.0,2.1648307,1
16:11:27.495838,66,0.752296,3.5258622,0.8197502,-0.48720002,69.36,1.0,0.6476711,1
16:11:27.495838,66,0.49174255,3.6233208,0.9898616,-0.48720002,36.12,1.0,1.8980895,1
16:11:27.495838,66,0.6922812,3.5054505,1.1745988,-0.6958,68.24,1.0,0.67699516,1
16:11:27.495838,66,0.5571908,3.5900419,1.153889,-0.48720002,67.52,1.0,1.1952797,1
16:11:27.495838,66,0.8382507,3.5311136,0.6949737,-1.25244,18.64,1.0,2.4532573,1
16:11:27.495838,66,0.7142508,3.4686906,1.3315333,-0.6958,40.239998,1.0,1.9511365,1
16:11:27.495838,66,0.5202965,3.5952458,1.1524945,-0.48720002,54.52,1.0,1.228774,1
16:11:27.495838,66,0.6307321,3.4395244,1.444337,-0.6958,27.76,1.0,2.5548635,1
16:11:27.495838,66,0.82450354,3.4732041,0.7163759,-1.25244,56.76,1.0,1.8185116,1
16:11:27.495838,66,0.72707087,3.5918553,0.7981409,-0.55664,20.119999,1.0,2.3953695,1
16:11:27.495838,66,0.8980754,3.4565647,0.72083443,-1.25244,42.64,1.0,2.877559,1
16:11:27.495838,66,0.7401601,3.4786558,0.87488544,-0.48720002,93.119995,1.0,0.8435311,1
16:11:27.495838,66,0.8002626,3.4472492,1.0383469,-0.76552004,33.0,1.0,1.4556898,1
16:11:27.495838,66,0.66779166,3.5350997,1.0141551,-0.48720002,104.0,1.0,0.09354295,1
16:11:27.495838,66,0.4233663,3.692652,0.9706295,-0.48720002,13.0,1.0,5.0137916,1
16:11:27.495838,66,0.5259251,3.4618616,1.4748063,-0.6958,22.88,1.0,3.3848145,1
16:11:27.495838,66,0.51048625,3.5654302,1.310192,-0.62636,44.239998,1.0,1.3637471,1
16:11:27.495838,66,0.45410556,3.627889,0.98863757,-0.48720002,31.119999,1.0,2.5739691,1
16:11:27.495838,66,0.529251,3.608028,0.95469064,-0.48720002,42.239998,1.0,1.3037789,1
16:11:27.495838,66,0.5661851,3.5694954,0.8472724,-0.48720002,49.239998,1.0,1.3565774,1
16:11:27.495838,66,0.4911011,3.4667735,1.4734901,-0.6958,19.88,1.0,4.148486,1
16:11:27.495838,66,0.8201525,3.4393585,1.3021605,-0.6958,21.0,1.0,4.1030245,1
16:11:27.495838,66,0.54668486,3.5603244,1.3115602,-0.6958,57.0,1.0,1.3217535,1
16:11:27.495838,66,0.8493504,3.4556239,0.88105685,-1.25244,52.0,1.0,1.8849193,1
16:11:27.495838,66,0.715147,3.5329494,0.8178512,-0.48720002,71.64,1.0,0.4087285,1
16:11:27.495838,66,0.4833502,3.6000931,1.1511958,-0.48720002,43.879997,1.0,1.5320915,1
16:11:27.495838,66,0.49934167,3.6393943,0.82527035,-0.48720002,14.88,1.0,2.732423,1
16:11:27.495838,66,0.39324978,3.5416434,1.4606172,-0.62636,18.24,1.0,4.0918183,1
16:11:27.495838,66,0.53751034,3.6343865,0.8266122,-0.48720002,16.0,1.0,2.170482,1
16:11:27.495838,66,0.80072385,3.5390294,0.69285274,-1.25244,19.52,1.0,1.7552633,1
16:11:27.495838,66,0.6409912,3.5578346,0.85039693,-0.48720002,64.24,1.0,0.39623877,1
16:11:27.495838,66,0.68922985,3.5986955,0.79630804,-0.55664,19.76,1.0,1.8283393,1
16:11:27.495838,66,0.40159854,3.5786462,1.3066508,-0.62636,20.88,1.0,3.1151376,1
16:11:27.495838,66,0.7875921,3.48099,0.71428967,-1.25244,63.879997,1.0,1.6390303,1
16:11:27.495838,66,0.53725606,3.4989185,1.3234339,-0.62636,43.76,1.0,1.5891895,1
16:11:27.495838,66,0.50168175,3.5039363,1.3220893,-0.62636,35.64,1.0,2.2688053,1
16:11:27.495838,66,0.60823995,3.4878535,1.3263987,-0.62636,55.239998,1.0,1.0119861,1
16:11:27.547326,67,0.77663577,3.6437407,-0.1864348,-0.62636,62.0,1.0,1.2179961,1
16:11:27.547326,67,0.76443636,3.5865047,-0.036671888,-0.62636,67.88,1.0,2.3746872,1
16:11:27.547326,67,0.75125194,3.5246472,-0.0360394,-0.62636,42.76,1.0,3.9372115,1
16:11:27.547326,67,0.7377723,3.4614048,0.10620657,-0.62636,25.359999,1.0,4.731988,1
16:11:27.547326,67,0.7506019,3.7028356,-0.34095427,-0.76552004,19.0,1.0,2.7858312,1
16:11:27.547326,67,0.7158611,3.5314536,0.072075196,-0.62636,53.76,1.0,1.1620122,1
16:11:27.547326,67,0.7285337,3.5939696,-0.036671888,-0.62636,77.759995,1.0,1.6054455,1
16:11:27.547326,67,0.7031219,3.4686093,0.10620657,-0.62636,29.88,1.0,4.7763166,1
16:11:27.547326,67,0.7135366,3.7101562,-0.34095427,-0.76552004,17.119999,1.0,3.3323991,1
16:11:27.547326,67,0.7875921,3.6951444,-0.34095427,-0.62636,20.52,1.0,2.5240936,1
16:11:27.547326,67,0.7036105,3.6585436,-0.1864348,-0.62636,55.0,1.0,0.78180486,1
16:11:27.547326,67,0.7401601,3.6513245,-0.1864348,-0.62636,60.76,1.0,0.88126296,1
16:11:27.547326,67,0.80072385,3.7567546,-0.3466391,-0.62636,7.24,0.724,10.280569,1
16:11:27.547326,67,0.87154067,3.5614269,-0.07334011,-0.62636,31.88,1.0,3.0916634,1
16:11:27.547326,67,0.7864603,3.5169587,-0.0360394,-0.62636,32.88,1.0,3.9347482,1
16:11:27.547326,67,0.8002626,3.5786812,-0.036671888,-0.62636,54.12,1.0,3.3310218,1
16:11:27.547326,67,0.8130337,3.6357923,-0.1864348,-0.62636,58.239998,1.0,1.7725494,1
16:11:27.547326,67,0.82158995,3.5089185,-0.0360394,-0.62636,25.24,1.0,4.214805,1
16:11:27.547326,67,0.8360088,3.5704997,-0.036671888,-0.62636,41.64,1.0,4.45758,1
16:11:27.547326,67,0.8493504,3.6274803,-0.1864348,-0.62636,51.239998,1.0,2.5275548,1
16:11:27.547326,67,0.86133254,3.6786547,-0.34095427,-0.62636,21.64,1.0,2.777464,1
16:11:27.547326,67,0.8566375,3.5005271,-0.0360394,-0.62636,19.64,1.0,4.763134,1
16:11:27.547326,67,0.8850947,3.6168137,-0.22368073,-0.62636,43.239998,1.0,2.2931588,1
16:11:27.547326,67,0.8980754,3.6698575,-0.34095427,-0.62636,21.119999,1.0,3.2591128,1
16:11:27.547326,67,0.90711075,3.5525336,-0.07334011,-0.62636,24.64,1.0,4.291795,1
16:11:27.547326,67,0.921218,3.607782,-0.22368073,-0.62636,35.76,1.0,3.1588662,1
16:11:27.547326,67,0.69255817,3.6010752,-0.036671888,-0.62636,77.88,1.0,1.0421895,1
16:11:27.547326,67,0.7723489,3.4538543,0.10620657,-0.62636,21.119999,1.0,4.9722586,1
16:11:27.547326,67,0.68051136,3.5384357,0.072075196,-0.62636,62.359997,1.0,0.6730987,1
16:11:27.547326,67,0.61881256,3.4006386,0.38175404,-0.6958,15.759999,1.0,5.88141,1
16:11:27.547326,67,0.6764,3.7171059,-0.34095427,-0.76552004,15.12,1.0,4.1858764,1
16:11:27.547326,67,0.6674988,3.470775,0.21231756,-0.6958,33.64,1.0,2.4511805,1
16:11:27.547326,67,0.42283294,3.5066783,0.24765015,-0.62636,15.88,1.0,4.5511603,1
16:11:27.547326,67,0.43124866,3.5764725,0.10810378,-0.62636,17.359999,1.0,3.7148156,1
16:11:27.547326,67,0.457878,3.5022748,0.24765015,-0.62636,19.119999,1.0,3.5269456,1
16:11:27.547326,67,0.46699125,3.5719812,0.10810378,-0.62636,22.0,1.0,2.5491571,1
16:11:27.547326,67,0.47537705,3.6361237,-0.036671888,-0.62636,20.0,1.0,3.2987924,1
16:11:27.547326,67,0.49287727,3.497521,0.24765015,-0.62636,23.119999,1.0,2.8680208,1
16:11:27.547326,67,0.5117139,3.6311882,-0.036671888,-0.62636,25.24,1.0,2.1173537,1
16:11:27.547326,67,0.5198802,3.6891372,-0.1864348,-0.62636,21.64,1.0,4.6693177,1
16:11:27.547326,67,0.52782726,3.4924173,0.24765015,-0.62636,27.519999,1.0,2.543967,1
16:11:27.547326,67,0.5383327,3.5619276,0.10810378,-0.62636,36.64,1.0,1.3039606,1
16:11:27.547326,67,0.5479996,3.6258895,-0.036671888,-0.62636,32.52,1.0,1.2971638,1
16:11:27.547326,67,0.55674493,3.683754,-0.1864348,-0.62636,26.119999,1.0,3.2182815,1
16:11:27.547326,67,0.5026871,3.5671327,0.10810378,-0.62636,28.24,1.0,1.7560823,1
16:11:27.547326,67,0.5739245,3.5563664,0.10810378,-0.62636,46.879997,1.0,1.1630312,1
16:11:27.547326,67,0.66699046,3.6653967,-0.1864348,-0.62636,47.0,1.0,0.9411537,1
16:11:27.547326,67,0.5627245,3.4869647,0.24765015,-0.6958,31.76,1.0,2.5261633,1
16:11:27.547326,67,0.6565134,3.6078205,-0.036671888,-0.62636,68.24,1.0,0.70582664,1
16:11:27.547326,67,0.64509356,3.5450637,0.072075196,-0.62636,64.0,1.0,0.42581177,1
16:11:27.547326,67,0.6327583,3.4772763,0.21231756,-0.6958,35.52,1.0,2.0460906,1
16:11:27.547326,67,0.6303038,3.671883,-0.1864348,-0.62636,39.0,1.0,1.3829075,1
16:11:27.547326,67,0.63919574,3.723684,-0.34095427,-0.76552004,13.5199995,1.0,5.3704624,1
16:11:27.547326,67,0.60945886,3.5504494,0.10810378,-0.62636,57.52,1.0,1.3054186,1
16:11:27.547326,67,0.5975654,3.481163,0.24765015,-0.6958,34.76,1.0,2.7877991,1
16:11:27.547326,67,0.6032861,3.7383077,-0.22747347,-0.62636,12.12,1.0,6.0514812,1
16:11:27.547326,67,0.593554,3.6780024,-0.1864348,-0.62636,31.88,1.0,2.1327188,1
16:11:27.547326,67,0.5842305,3.6202285,-0.036671888,-0.62636,42.239998,1.0,0.80741936,1
16:11:27.547326,67,0.620403,3.6142051,-0.036671888,-0.62636,54.76,1.0,0.6192685,1
16:11:27.547326,67,0.8566375,3.5005271,-0.0360394,-0.62636,19.64,1.0,4.763134,1
16:11:27.547326,67,0.6032861,3.7383077,-0.22747347,-0.62636,12.12,1.0,6.0514812,1
16:11:27.547326,67,0.7723489,3.4538543,0.10620657,-0.62636,21.119999,1.0,4.9722586,1
16:11:27.547326,67,0.5739245,3.5563664,0.10810378,-0.62636,46.879997,1.0,1.1630312,1
16:11:27.547326,67,0.5026871,3.5671327,0.10810378,-0.62636,28.24,1.0,1.7560823,1
16:11:27.600567,68,0.7744604,3.4229505,0.73572665,-0.62636,46.36,1.0,3.0873845,1
16:11:27.600567,68,0.73808694,3.4302557,0.7337693,-0.62636,47.76,1.0,2.1820261,1
16:11:27.600567,68,0.76309896,3.4013214,0.8609583,-0.62636,103.88,1.0,1.5410974,1
16:11:27.600567,68,0.7503506,3.3538435,0.9148613,-0.62636,93.24,1.0,1.9493226,1
16:11:27.600567,68,0.7380675,3.3356342,1.0695635,-0.62636,48.879997,1.0,2.408359,1
16:11:27.600567,68,0.7272591,3.4085195,0.85902965,-0.62636,106.64,1.0,0.77265155,1
16:11:27.600567,68,0.66856843,3.37621,1.1686554,-0.62636,55.52,1.0,1.7958206,1
16:11:27.600567,68,0.7034033,3.342596,1.0676981,-0.62636,54.239998,1.0,2.8544347,1
16:11:27.600567,68,0.70163965,3.4372091,0.7319061,-0.62636,46.879997,1.0,1.5894117,1
16:11:27.600567,68,0.6917272,3.4267602,0.8920506,-0.62636,101.24,1.0,1.7475843,1
16:11:27.600567,68,0.68051136,3.399212,1.0145662,-0.62636,97.36,1.0,0.63066924,1
16:11:27.600567,68,0.77265793,3.328338,1.0715185,-0.62636,41.52,1.0,2.305591,1
16:11:27.600567,68,0.7158611,3.392468,1.0163733,-0.62636,100.52,1.0,1.3184204,1
16:11:27.600567,68,0.7855167,3.3464255,0.9168489,-0.62636,79.64,1.0,1.71363,1
16:11:27.600567,68,0.938963,3.324072,0.7680832,-0.97412,46.64,1.0,4.2708607,1
16:11:27.600567,68,0.8099842,3.402348,0.702803,-0.62636,43.239998,1.0,2.331162,1
16:11:27.600567,68,0.8071711,3.320708,1.0735631,-0.62636,34.12,1.0,2.5158453,1
16:11:27.600567,68,0.8206042,3.3386686,0.9189274,-0.62636,64.76,1.0,1.8031085,1
16:11:27.600567,68,0.8326669,3.3497427,0.7612048,-0.97412,81.36,1.0,3.2258735,1
16:11:27.600567,68,0.84616464,3.3943493,0.7049462,-0.97412,39.12,1.0,3.2006514,1
16:11:27.600567,68,0.8416035,3.3127449,1.0756967,-0.62636,27.76,1.0,3.0107248,1
16:11:27.600567,68,0.85560966,3.330573,0.9210966,-0.62636,51.76,1.0,2.1884212,1
16:11:27.600567,68,0.8681869,3.3415282,0.76340586,-0.97412,68.119995,1.0,3.2891695,1
16:11:27.600567,68,0.8822605,3.3860016,0.707183,-0.97412,34.76,1.0,4.3195567,1
16:11:27.600567,68,0.8758204,3.2947896,1.0438555,-0.62636,22.519999,1.0,4.318988,1
16:11:27.600567,68,0.8905296,3.3221397,0.9233563,-0.62636,41.239998,1.0,2.8421981,1
16:11:27.600567,68,0.9036201,3.3329709,0.76569873,-0.97412,56.36,1.0,3.6462018,1
16:11:27.600567,68,0.6757558,3.4890096,0.6730449,-0.62636,13.5199995,1.0,8.107323,1
16:11:27.600567,68,0.7970636,3.3576138,0.7590957,-0.62636,94.24,1.0,3.4844613,1
16:11:27.600567,68,0.6651222,3.44381,0.7301374,-0.62636,44.0,1.0,1.3471459,1
16:11:27.600567,68,0.57415414,3.427233,1.0443649,-0.62636,55.239998,1.0,0.82595056,1
16:11:27.600567,68,0.64519036,3.4154546,1.047521,-0.62636,85.36,1.0,1.6014044,1
16:11:27.600567,68,0.43846595,3.4649847,0.8818084,-0.62636,28.119999,1.0,5.6071754,1
16:11:27.600567,68,0.457878,3.4470344,1.3327563,-0.76552004,19.88,1.0,8.04532,1
16:11:27.600567,68,0.4671781,3.4423218,1.040322,-0.62636,27.24,1.0,2.9327476,1
16:11:27.600567,68,0.4748067,3.460574,0.8829903,-0.62636,34.0,1.0,3.548591,1
16:11:27.600567,68,0.48161066,3.4715073,0.7227159,-0.27832,22.64,1.0,6.8486476,1
16:11:27.600567,68,0.49386498,3.412604,1.1955487,-0.62636,24.519999,1.0,3.1317606,1
16:11:27.600567,68,0.50288826,3.4376369,1.0415772,-0.62636,34.239998,1.0,1.7365267,1
16:11:27.600567,68,0.51109993,3.4558122,0.88426614,-0.62636,41.36,1.0,2.0695615,1
16:11:27.600567,68,0.518424,3.4666774,0.72401005,-0.55664,26.24,1.0,4.704527,1
16:11:27.600567,68,0.528885,3.4076645,1.1968721,-0.62636,30.359999,1.0,2.3704522,1
16:11:27.600567,68,0.5385481,3.432607,1.042925,-0.62636,43.36,1.0,1.0492114,1
16:11:27.600567,68,0.5473421,3.4507003,0.88563585,-0.62636,50.879997,1.0,1.1219077,1
16:11:27.600567,68,0.5551855,3.4614923,0.72539943,-0.62636,30.359999,1.0,3.128919,1
16:11:27.600567,68,0.43142122,3.4466617,1.039159,-0.62636,22.0,1.0,4.684541,1
16:11:27.600567,68,0.56385213,3.4023871,1.1982863,-0.62636,37.36,1.0,2.0657094,1
16:11:27.600567,68,0.56406146,3.5069745,0.6682312,-0.27832,12.12,1.0,5.0971212,1
16:11:27.600567,68,0.63361377,3.39082,1.2013856,-0.62636,51.879997,1.0,2.6618195,1
16:11:27.600567,68,0.61946505,3.3780825,1.4542631,-0.6958,21.0,1.0,11.309291,1
16:11:27.600567,68,0.6075574,3.3220282,1.4978976,-0.6958,7.8799996,0.788,9.165125,1
16:11:27.600567,68,0.6196586,3.4394276,0.8886564,-0.62636,75.88,1.0,0.63740987,1
16:11:27.600567,68,0.62853825,3.450058,0.72846323,-0.62636,39.76,1.0,1.4948702,1
16:11:27.600567,68,0.59876287,3.396772,1.1997908,-0.62636,45.12,1.0,2.1760585,1
16:11:27.600567,68,0.6092657,3.5173178,0.5399341,-0.27832,5.12,0.51199996,7.94697,1
16:11:27.600567,68,0.59189147,3.4559524,0.7268839,-0.62636,35.0,1.0,2.0742428,1
16:11:27.600567,68,0.58352953,3.4452386,0.8870993,-0.62636,62.52,1.0,0.6593255,1
16:11:27.600567,68,0.6557257,3.4332678,0.8903069,-0.62636,89.759995,1.0,1.0136766,1
16:11:27.600567,68,0.6097027,3.4215155,1.045897,-0.62636,69.88,1.0,1.0237322,1
16:11:27.600567,68,0.6917272,3.4267602,0.8920506,-0.62636,101.24,1.0,1.7475843,1
16:11:27.600567,68,0.6557257,3.4332678,0.8903069,-0.62636,89.759995,1.0,1.0136766,1
16:11:27.600567,68,0.8206042,3.3386686,0.9189274,-0.62636,64.76,1.0,1.8031085,1
16:11:27.600567,68,0.8822605,3.3860016,0.707183,-0.97412,34.76,1.0,4.3195567,1
16:11:27.600567,68,0.7503506,3.3538435,0.9148613,-0.62636,93.24,1.0,1.9493226,1
16:11:27.655930,69,0.85560966,3.330573,0.9210966,-0.83496004,120.0,1.0,0.30846065,1
16:11:27.655930,69,0.8758204,3.2947896,1.0438555,-0.83496004,49.52,1.0,1.4484638,1
16:11:27.655930,69,0.8822605,3.3860016,0.707183,-0.83496004,24.24,1.0,3.9678767,1
16:11:27.655930,69,0.8681869,3.3415282,0.76340586,-0.83496004,81.52,1.0,3.2303731,1
16:11:27.655930,69,0.8416035,3.3127449,1.0756967,-0.62636,60.52,1.0,1.2118316,1
16:11:27.655930,69,0.7864603,3.3877935,1.0549327,-0.62636,126.64,1.0,2.765079,1
16:11:27.655930,69,0.8214667,3.370192,1.022342,-0.62636,126.0,1.0,2.4010217,1
16:11:27.655930,69,0.8071711,3.320708,1.0735631,-0.62636,72.24,1.0,0.36838633,1
16:11:27.655930,69,0.7924351,3.296078,1.2248075,-0.62636,24.76,1.0,2.9802718,1
16:11:27.655930,69,0.79930246,3.4051552,0.89783967,-0.48720002,74.36,1.0,2.2586312,1
16:11:27.655930,69,0.8905296,3.3221397,0.9233563,-0.83496004,109.88,1.0,0.6862648,1
16:11:27.655930,69,0.82623893,3.2882605,1.2269022,-0.62636,20.64,1.0,4.7800603,1
16:11:27.655930,69,0.9036201,3.3329709,0.76569873,-0.83496004,81.119995,1.0,1.9552826,1
16:11:27.655930,69,0.974212,3.3148317,0.7705591,-0.83496004,73.0,1.0,1.9490545,1
16:11:27.655930,69,0.9248511,3.3022065,0.8914426,-0.83496004,97.759995,1.0,0.905244,1
16:11:27.655930,69,0.938963,3.324072,0.7680832,-0.83496004,78.119995,1.0,1.5411278,1
16:11:27.655930,69,0.94324905,3.2462738,0.9469572,-0.83496004,33.0,1.0,2.5368414,1
16:11:27.655930,69,0.9574095,3.2576602,0.7917636,-0.83496004,85.24,1.0,3.8574176,1
16:11:27.655930,69,0.99195474,3.2482452,0.79428625,-0.83496004,73.36,1.0,3.0466993,1
16:11:27.655930,69,1.0084022,3.292574,0.7387283,-0.83496004,66.64,1.0,2.181119,1
16:11:27.655930,69,1.0264008,3.2384973,0.79689825,-0.83496004,62.76,1.0,3.0132236,1
16:11:27.655930,69,1.0434194,3.2826643,0.74138355,-0.83496004,59.64,1.0,3.198964,1
16:11:27.655930,69,1.059734,3.2159767,0.7657896,-0.83496004,53.64,1.0,4.3447437,1
16:11:27.655930,69,1.0783323,3.2724168,0.7441293,-0.83496004,52.879997,1.0,4.946089,1
16:11:27.655930,69,1.1438601,3.2110531,0.64742976,-0.83496004,46.52,1.0,5.395029,1
16:11:27.655930,69,0.77265793,3.328338,1.0715185,-0.62636,82.64,1.0,0.37745878,1
16:11:27.655930,69,0.9091204,3.2552202,0.94456005,-0.83496004,40.36,1.0,2.6564603,1
16:11:27.655930,69,0.7585521,3.3035688,1.2228004,-0.62636,29.119999,1.0,1.9971801,1
16:11:27.655930,69,0.83454615,3.3858888,0.86509347,-0.41748002,79.119995,1.0,1.8163513,1
16:11:27.655930,69,0.76351917,3.412703,0.8958172,-0.48720002,68.0,1.0,2.261401,1
16:11:27.655930,69,0.48407277,3.3809485,1.345884,-0.6958,15.639999,1.0,9.645283,1
16:11:27.655930,69,0.49287727,3.4424424,1.3339866,-0.76552004,29.359999,1.0,3.1977477,1
16:11:27.655930,69,0.51839846,3.376107,1.3471812,-0.6958,19.119999,1.0,6.1938753,1
16:11:27.655930,69,0.52782726,3.4375129,1.3353075,-0.76552004,36.0,1.0,2.3938096,1
16:11:27.655930,69,0.5376059,3.4918463,1.2880964,-0.62636,55.76,1.0,6.189183,1
16:11:27.655930,69,0.55267227,3.370934,1.3485672,-0.6958,23.119999,1.0,3.8159027,1
16:11:27.655930,69,0.5627245,3.4322457,1.3367188,-0.62636,44.52,1.0,2.6474211,1
16:11:27.655930,69,0.5739245,3.4631655,1.1839648,-0.62636,65.119995,1.0,2.8963265,1
16:11:27.655930,69,0.5868908,3.3654304,1.350042,-0.6958,27.64,1.0,2.4702156,1
16:11:27.655930,69,0.59876287,3.396772,1.1997908,-0.62636,54.879997,1.0,2.0091724,1
16:11:27.655930,69,0.60945886,3.4574502,1.1854963,-0.62636,76.0,1.0,3.2577584,1
16:11:27.655930,69,0.62105066,3.3595963,1.3516052,-0.6958,31.88,1.0,2.1161213,1
16:11:27.655930,69,0.63361377,3.39082,1.2013856,-0.62636,66.64,1.0,0.8148027,1
16:11:27.655930,69,0.6415901,3.3106048,1.4658065,-0.6958,14.0,1.0,6.015261,1
16:11:27.655930,69,0.65514845,3.3534327,1.3532567,-0.6958,34.76,1.0,2.7134037,1
16:11:27.655930,69,0.66840124,3.3845317,1.2030706,-0.62636,78.24,1.0,0.61041105,1
16:11:27.655930,69,0.68051136,3.4365208,1.1538048,-0.62636,100.52,1.0,4.130851,1
16:11:27.655930,69,0.6917272,3.4267602,0.8920506,-0.48720002,54.0,1.0,5.164821,1
16:11:27.655930,69,0.6905618,3.3175666,1.2190497,-0.62636,35.12,1.0,2.6311932,1
16:11:27.655930,69,0.7032978,3.3695843,1.1704308,-0.62636,86.52,1.0,0.38728958,1
16:11:27.655930,69,0.64493227,3.4513917,1.1871196,-0.62636,88.0,1.0,4.632216,1
16:11:27.655930,69,0.7159685,3.4023063,1.051044,-0.62636,112.36,1.0,0.7643976,1
16:11:27.655930,69,0.7276596,3.419905,0.89388746,-0.48720002,61.0,1.0,3.2158828,1
16:11:27.655930,69,0.7245931,3.310732,1.2208811,-0.62636,33.0,1.0,1.868169,1
16:11:27.655930,69,0.7380675,3.3356342,1.0695635,-0.62636,88.119995,1.0,1.2777331,1
16:11:27.655930,69,0.75125194,3.3952203,1.0529428,-0.62636,121.64,1.0,1.3112062,1
16:11:27.655930,69,0.94324905,3.2462738,0.9469572,-0.83496004,33.0,1.0,2.5368414,1
16:11:27.655930,69,0.48407277,3.3809485,1.345884,-0.6958,15.639999,1.0,9.645283,1
16:11:27.655930,69,0.48407277,3.3809485,1.345884,-0.6958,15.639999,1.0,9.645283,1
16:11:27.655930,69,0.48407277,3.3809485,1.345884,-0.6958,15.639999,1.0,9.645283,1
16:11:27.655930,69,0.7380675,3.3356342,1.0695635,-0.62636,88.119995,1.0,1.2777331,1
16:11:27.655930,69,0.9248511,3.3022065,0.8914426,-0.83496004,97.759995,1.0,0.905244,1
16:11:27.655930,69,0.48407277,3.3809485,1.345884,-0.6958,15.639999,1.0,9.645283,1
16:11:27.655930,69,0.77265793,3.328338,1.0715185,-0.62636,82.64,1.0,0.37745878,1
16:11:27.704247,70,0.77265793,3.328338,1.0715185,-0.6958,43.64,1.0,0.93539685,1
16:11:27.704247,70,0.9732841,3.3021448,0.7361638,-0.6958,26.24,1.0,2.9868612,1
16:11:27.704247,70,0.935861,3.1874251,0.3031643,-1.25244,7.52,0.752,4.243585,1
16:11:27.704247,70,0.6564613,3.3240724,1.2173065,-0.6958,20.76,1.0,2.0883346,1
16:11:27.704247,70,0.9227685,3.2667408,0.7893304,-0.6958,50.64,1.0,1.0262024,1
16:11:27.704247,70,0.5762162,3.3042188,1.3618637,-0.76552004,5.12,0.51199996,5.2264943,1
16:11:27.704247,70,0.6255142,3.4296336,-0.1763252,-0.41748002,7.7599998,0.77599996,2.7184575,1
16:11:27.704247,70,0.477247,3.503909,-0.21557826,-0.34804,6.12,0.612,5.521706,1
16:11:27.704247,70,0.6829722,3.27607,-0.27487954,-0.6958,5.24,0.524,5.977087,1
16:11:27.704247,70,0.935861,3.1874251,0.3031643,-1.25244,7.52,0.752,4.243585,1
16:11:27.704247,70,0.9732841,3.3021448,0.7361638,-0.6958,26.24,1.0,2.9868612,1
16:11:27.704247,70,0.6829722,3.27607,-0.27487954,-0.6958,5.24,0.524,5.977087,1
16:11:27.704247,70,0.935861,3.1874251,0.3031643,-1.25244,7.52,0.752,4.243585,1
16:11:27.704247,70,0.6829722,3.27607,-0.27487954,-0.6958,5.24,0.524,5.977087,1
16:11:27.704247,70,0.6564613,3.3240724,1.2173065,-0.6958,20.76,1.0,2.0883346,1
16:11:27.704247,70,0.77265793,3.328338,1.0715185,-0.6958,43.64,1.0,0.93539685,1
16:11:27.704247,70,0.6255142,3.4296336,-0.1763252,-0.41748002,7.7599998,0.77599996,2.7184575,1
16:11:27.704247,70,0.6829722,3.27607,-0.27487954,-0.6958,5.24,0.524,5.977087,1
16:11:27.704247,70,0.9732841,3.3021448,0.7361638,-0.6958,26.24,1.0,2.9868612,1
16:11:27.704247,70,0.9227685,3.2667408,0.7893304,-0.6958,50.64,1.0,1.0262024,1
16:11:27.704247,70,0.6564613,3.3240724,1.2173065,-0.6958,20.76,1.0,2.0883346,1
16:11:27.704247,70,0.6255142,3.4296336,-0.1763252,-0.41748002,7.7599998,0.77599996,2.7184575,1
16:11:27.704247,70,0.6564613,3.3240724,1.2173065,-0.6958,20.76,1.0,2.0883346,1
16:11:27.704247,70,0.477247,3.503909,-0.21557826,-0.34804,6.12,0.612,5.521706,1
16:11:27.704247,70,0.5762162,3.3042188,1.3618637,-0.76552004,5.12,0.51199996,5.2264943,1
16:11:27.704247,70,0.935861,3.1874251,0.3031643,-1.25244,7.52,0.752,4.243585,1
16:11:27.704247,70,0.6255142,3.4296336,-0.1763252,-0.41748002,7.7599998,0.77599996,2.7184575,1
16:11:27.704247,70,0.6829722,3.27607,-0.27487954,-0.6958,5.24,0.524,5.977087,1
16:11:27.704247,70,0.9227685,3.2667408,0.7893304,-0.6958,50.64,1.0,1.0262024,1
16:11:27.704247,70,0.935861,3.1874251,0.3031643,-1.25244,7.52,0.752,4.243585,1
16:11:27.704247,70,0.6829722,3.27607,-0.27487954,-0.6958,5.24,0.524,5.977087,1
16:11:27.704247,70,0.6829722,3.27607,-0.27487954,-0.6958,5.24,0.524,5.977087,1
16:11:27.704247,70,0.6255142,3.4296336,-0.1763252,-0.41748002,7.7599998,0.77599996,2.7184575,1
16:11:27.704247,70,0.9732841,3.3021448,0.7361638,-0.6958,26.24,1.0,2.9868612,1
16:11:27.704247,70,0.9227685,3.2667408,0.7893304,-0.6958,50.64,1.0,1.0262024,1
16:11:27.704247,70,0.9732841,3.3021448,0.7361638,-0.6958,26.24,1.0,2.9868612,1
16:11:27.704247,70,0.477247,3.503909,-0.21557826,-0.34804,6.12,0.612,5.521706,1
16:11:27.704247,70,0.9227685,3.2667408,0.7893304,-0.6958,50.64,1.0,1.0262024,1
16:11:27.704247,70,0.77265793,3.328338,1.0715185,-0.6958,43.64,1.0,0.93539685,1
16:11:27.704247,70,0.6829722,3.27607,-0.27487954,-0.6958,5.24,0.524,5.977087,1
16:11:27.704247,70,0.935861,3.1874251,0.3031643,-1.25244,7.52,0.752,4.243585,1
16:11:27.704247,70,0.5762162,3.3042188,1.3618637,-0.76552004,5.12,0.51199996,5.2264943,1
16:11:27.704247,70,0.6564613,3.3240724,1.2173065,-0.6958,20.76,1.0,2.0883346,1
16:11:27.704247,70,0.77265793,3.328338,1.0715185,-0.6958,43.64,1.0,0.93539685,1
16:11:27.704247,70,0.9732841,3.3021448,0.7361638,-0.6958,26.24,1.0,2.9868612,1
16:11:27.704247,70,0.9732841,3.3021448,0.7361638,-0.6958,26.24,1.0,2.9868612,1
16:11:27.704247,70,0.9227685,3.2667408,0.7893304,-0.6958,50.64,1.0,1.0262024,1
16:11:27.704247,70,0.9732841,3.3021448,0.7361638,-0.6958,26.24,1.0,2.9868612,1
16:11:27.704247,70,0.9227685,3.2667408,0.7893304,-0.6958,50.64,1.0,1.0262024,1
16:11:27.704247,70,0.935861,3.1874251,0.3031643,-1.25244,7.52,0.752,4.243585,1
16:11:27.704247,70,0.9732841,3.3021448,0.7361638,-0.6958,26.24,1.0,2.9868612,1
16:11:27.704247,70,0.6255142,3.4296336,-0.1763252,-0.41748002,7.7599998,0.77599996,2.7184575,1
16:11:27.704247,70,0.5762162,3.3042188,1.3618637,-0.76552004,5.12,0.51199996,5.2264943,1
16:11:27.704247,70,0.77265793,3.328338,1.0715185,-0.6958,43.64,1.0,0.93539685,1
16:11:27.704247,70,0.9227685,3.2667408,0.7893304,-0.6958,50.64,1.0,1.0262024,1
16:11:27.704247,70,0.477247,3.503909,-0.21557826,-0.34804,6.12,0.612,5.521706,1
16:11:27.704247,70,0.9732841,3.3021448,0.7361638,-0.6958,26.24,1.0,2.9868612,1
16:11:27.704247,70,0.6829722,3.27607,-0.27487954,-0.6958,5.24,0.524,5.977087,1
16:11:27.704247,70,0.9227685,3.2667408,0.7893304,-0.6958,50.64,1.0,1.0262024,1
16:11:27.704247,70,0.77265793,3.328338,1.0715185,-0.6958,43.64,1.0,0.93539685,1
16:11:27.704247,70,0.935861,3.1874251,0.3031643,-1.25244,7.52,0.752,4.243585,1
16:11:27.704247,70,0.6829722,3.27607,-0.27487954,-0.6958,5.24,0.524,5.977087,1
16:11:27.704247,70,0.9227685,3.2667408,0.7893304,-0.6958,50.64,1.0,1.0262024,1
16:11:27.704247,70,0.6564613,3.3240724,1.2173065,-0.6958,20.76,1.0,2.0883346,1
16:11:27.767549,71,0.99101,3.235786,0.7604818,-0.62636,50.52,1.0,2.9634328,1
16:11:27.767549,71,0.64477926,3.2295654,1.0992942,-0.76552004,26.0,1.0,2.9702744,1
16:11:27.767549,71,0.563401,3.3263967,0.9254883,-0.62636,30.519999,1.0,2.7097378,1
16:11:27.767549,71,0.63310677,3.3148391,0.9285852,-0.62636,49.239998,1.0,1.73954,1
16:11:27.767549,71,0.8114139,3.1850746,1.0758727,-0.76552004,27.359999,1.0,1.7514015,1
16:11:27.767549,71,0.71169865,3.2164624,1.1028051,-0.76552004,31.76,1.0,1.9735587,1
16:11:27.767549,71,0.6112212,3.2356315,1.0976688,-0.76552004,22.119999,1.0,3.7013671,1
16:11:27.767549,71,0.8871894,3.263001,0.7531895,-0.6958,114.52,1.0,1.1499387,1
16:11:27.767549,71,0.59828377,3.3207862,0.92699164,-0.62636,38.36,1.0,2.1488225,1
16:11:27.767549,71,0.8996364,3.2801666,0.62891084,-0.6958,42.12,1.0,1.8641444,1
16:11:27.767549,71,0.63977814,3.275133,0.6387483,-0.6958,48.12,1.0,3.2160969,1
16:11:27.767549,71,0.8766404,3.1389213,0.9822676,-0.76552004,20.0,1.0,4.1888714,1
16:11:27.767549,71,0.89238894,3.1862996,0.9303528,-0.76552004,59.239998,1.0,1.1682632,1
16:11:27.767549,71,1.0074272,3.1694303,0.7847989,-0.62636,45.64,1.0,2.68376,1
16:11:27.767549,71,0.6867486,3.3261502,0.61658955,-0.6958,28.359999,1.0,1.1554224,1
16:11:27.767549,71,0.6143637,3.3246226,0.57937837,-0.62636,17.76,1.0,2.4262197,1
16:11:27.767549,71,1.0254233,3.2260473,0.76309127,-0.62636,39.12,1.0,3.7735906,1
16:11:27.767549,71,0.8039444,3.234195,0.8039364,-0.6958,161.23999,1.0,0.24662611,1
16:11:27.767549,71,1.059734,3.2159767,0.7657896,-0.62636,30.88,1.0,4.681008,1
16:11:27.767549,71,0.969917,3.2621074,0.6337498,-0.6958,27.119999,1.0,3.0636706,1
16:11:27.767549,71,0.6908381,3.2828858,1.0843523,-0.76552004,68.24,1.0,2.0733597,1
16:11:27.767549,71,0.9564976,3.2451918,0.75796145,-0.62636,66.36,1.0,2.2536356,1
16:11:27.767549,71,0.74495006,3.255068,0.64412457,-0.6958,111.0,1.0,1.3416971,1
16:11:27.767549,71,0.6224508,3.3220768,1.1818509,-0.83496004,41.12,1.0,5.58532,1
16:11:27.767549,71,0.85927206,3.205533,0.96114635,-0.76552004,75.36,1.0,0.7036921,1
16:11:27.767549,71,0.5880669,3.336094,1.2140853,-0.83496004,32.12,1.0,7.1242685,1
16:11:27.767549,71,0.8436433,3.1472297,0.9800414,-0.76552004,23.64,1.0,4.1503787,1
16:11:27.767549,71,0.7935496,3.3047009,0.6223369,-0.6958,51.36,1.0,0.92463773,1
16:11:27.767549,71,0.6045882,3.2811427,0.63713795,-0.62636,37.12,1.0,4.1949654,1
16:11:27.767549,71,0.9238045,3.1433165,0.83417255,-0.62636,45.879997,1.0,4.1672,1
16:11:27.767549,71,0.72242236,3.3193445,0.6184132,-0.6958,36.0,1.0,0.93742913,1
16:11:27.767549,71,0.56933784,3.2868123,0.63561875,-0.62636,29.24,1.0,5.36412,1
16:11:27.767549,71,0.9218896,3.2542639,0.75553066,-0.6958,88.0,1.0,1.6477828,1
16:11:27.767549,71,0.8289959,3.2968645,0.6244367,-0.6958,53.52,1.0,1.116119,1
16:11:27.767549,71,0.99037427,3.1248264,0.83912694,-0.62636,28.24,1.0,5.008005,1
16:11:27.767549,71,0.7782166,3.1927521,1.0738156,-0.76552004,30.519999,1.0,1.8201385,1
16:11:27.767549,71,0.7918011,3.2214818,0.95687294,-0.62636,100.759995,1.0,0.5032253,1
16:11:27.767549,71,0.8643594,3.288686,0.62662804,-0.6958,49.76,1.0,1.4311726,1
16:11:27.767549,71,0.70255935,3.301937,0.9320423,-0.6958,85.52,1.0,1.3440714,1
16:11:27.767549,71,0.940607,3.2004883,0.8129681,-0.62636,78.52,1.0,1.1976206,1
16:11:27.767549,71,0.8175263,3.2794678,0.7487772,-0.6958,149.52,1.0,0.49692807,1
16:11:27.767549,71,0.5775153,3.2673945,1.1951934,-0.76552004,18.64,1.0,4.0172715,1
16:11:27.767549,71,0.83823925,3.2262638,0.80606157,-0.6958,157.64,1.0,0.2873375,1
16:11:27.767549,71,0.90657395,3.2094095,0.81057763,-0.62636,104.0,1.0,0.7674405,1
16:11:27.767549,71,0.97361785,3.1789982,0.78223526,-0.62636,59.359997,1.0,2.055735,1
16:11:27.767549,71,1.071022,3.110796,0.6912708,-0.62636,35.64,1.0,7.6257277,1
16:11:27.767549,71,0.7248831,3.2760484,1.0861844,-0.76552004,84.88,1.0,2.035115,1
16:11:27.767549,71,0.9571373,3.1342323,0.8366067,-0.62636,35.76,1.0,4.5162683,1
16:11:27.767549,71,0.8524005,3.2714026,0.7509383,-0.6958,139.36,1.0,0.764647,1
16:11:27.767549,71,1.0049136,3.2525697,0.63630545,-0.6958,21.64,1.0,3.821367,1
16:11:27.767549,71,0.73718196,3.2949836,0.9339055,-0.6958,112.64,1.0,1.3430955,1
16:11:27.767549,71,0.75874174,3.2593913,1.0546501,-0.76552004,98.0,1.0,1.2843121,1
16:11:27.767549,71,0.6749041,3.2687833,0.6404496,-0.6958,63.52,1.0,2.4193385,1
16:11:27.767549,71,0.9348234,3.2713068,0.63128483,-0.6958,34.12,1.0,2.409869,1
16:11:27.767549,71,0.78257036,3.287196,0.74670655,-0.6958,137.0,1.0,0.35227636,1
16:11:27.767549,71,0.656724,3.2893941,1.0826083,-0.76552004,53.12,1.0,2.2380984,1
16:11:27.767549,71,1.0746018,3.2324824,0.6416878,-0.6958,17.52,1.0,5.6341896,1
16:11:27.767549,71,0.87245023,3.2180016,0.80827534,-0.6958,133.64,1.0,0.462554,1
16:11:27.767549,71,0.66786647,3.3085558,0.9302688,-0.62636,64.52,1.0,1.473829,1
16:11:27.767549,71,0.74505323,3.2094269,1.1046903,-0.76552004,32.239998,1.0,1.6950736,1
16:11:27.767549,71,0.6501226,3.3185155,0.58101475,-0.62636,22.24,1.0,1.7516686,1
16:11:27.767549,71,0.67827284,3.2231755,1.1010064,-0.76552004,29.519999,1.0,2.3965514,1
16:11:27.767549,71,0.75802386,3.3121943,0.620329,-0.6958,44.52,1.0,0.8628674,1
16:11:27.767549,71,0.7713061,3.276711,0.90220064,-0.6958,141.87999,1.0,0.62982315,1
16:11:27.822139,72,0.8895314,3.1400394,0.7992114,-0.62636,96.88,1.0,0.45556474,1
16:11:27.822139,72,0.8761578,3.128346,0.94980794,-0.62636,38.239998,1.0,0.87704486,1
16:11:27.822139,72,0.88292,3.20981,0.61927974,-0.6958,52.76,1.0,0.2946575,1
16:11:27.822139,72,0.8686038,3.167019,0.67620593,-0.62636,111.36,1.0,0.16880117,1
16:11:27.822139,72,0.8560491,3.1484702,0.7969524,-0.62636,104.36,1.0,0.23949657,1
16:11:27.822139,72,0.8225431,3.2233603,0.45659652,-0.6958,10.5199995,1.0,0.51174855,1
16:11:27.822139,72,0.85763127,3.2152457,0.45877084,-0.6958,9.5199995,0.95199996,0.5489624,1
16:11:27.822139,72,0.84829855,3.2181714,0.6170393,-0.6958,57.36,1.0,0.15253289,1
16:11:27.822139,72,0.8345437,3.1752446,0.6740019,-0.90468,115.36,1.0,0.04551319,1
16:11:27.822139,72,0.8224813,3.1565769,0.7947802,-0.90468,104.88,1.0,0.13108438,1
16:11:27.822139,72,0.8101158,3.1446347,0.9454434,-0.90468,44.0,1.0,0.5840255,1
16:11:27.822139,72,0.90257716,3.1584647,0.678498,-0.62636,101.64,1.0,0.40241325,1
16:11:27.822139,72,0.843179,3.1366498,0.94758296,-0.90468,42.0,1.0,0.67803293,1
16:11:27.822139,72,0.9187003,3.2148857,0.65489143,-0.6958,46.76,1.0,0.5445233,1
16:11:27.822139,72,0.98758155,3.1964717,0.65982544,-0.6958,35.12,1.0,1.4013286,1
16:11:27.822139,72,0.92292464,3.131286,0.8015569,-0.62636,85.0,1.0,0.7789359,1
16:11:27.822139,72,1.12123,3.0720332,0.81743366,-0.62636,33.76,1.0,4.948146,1
16:11:27.822139,72,0.8004001,3.1831408,0.6718861,-0.90468,112.52,1.0,0.032875765,1
16:11:27.822139,72,1.1082373,3.1387744,0.79301316,-0.62636,45.36,1.0,4.249402,1
16:11:27.822139,72,1.0884403,3.082705,0.81457406,-0.62636,40.52,1.0,3.990417,1
16:11:27.822139,72,1.0411358,3.1595364,0.78744996,-0.62636,53.879997,1.0,2.5606165,1
16:11:27.822139,72,1.0225375,3.1030962,0.8091103,-0.62636,49.12,1.0,2.3887868,1
16:11:27.822139,72,0.90700203,3.0861447,0.855377,-0.62636,33.76,1.0,0.863402,1
16:11:27.822139,72,1.0560678,3.176731,0.66511494,-0.6958,30.24,1.0,2.7087379,1
16:11:27.822139,72,0.989431,3.1128135,0.8065066,-0.62636,59.52,1.0,1.7459916,1
16:11:27.822139,72,0.97361785,3.1789982,0.78223526,-0.62636,76.0,1.0,1.3078105,1
16:11:27.822139,72,0.95622563,3.1222103,0.8039887,-0.62636,71.76,1.0,1.2092203,1
16:11:27.822139,72,0.9397285,3.0772257,0.85776687,-0.62636,29.119999,1.0,1.265462,1
16:11:27.822139,72,0.9531886,3.205845,0.6573139,-0.6958,40.64,1.0,0.9163669,1
16:11:27.822139,72,0.93646014,3.1495826,0.6808779,-0.62636,89.0,1.0,0.745985,1
16:11:27.822139,72,1.0074272,3.1694303,0.7847989,-0.62636,64.119995,1.0,1.8794521,1
16:11:27.822139,72,0.7888312,3.1643589,0.792695,-0.90468,98.0,1.0,0.1306441,1
16:11:27.822139,72,0.8135922,3.2261977,0.61488867,-0.90468,59.76,1.0,0.12431305,1
16:11:27.822139,72,0.78737265,3.2311358,0.4545131,-0.76552004,11.24,1.0,0.5907395,1
16:11:27.822139,72,0.77697164,3.1522996,0.94338953,-0.90468,43.64,1.0,0.59532803,1
16:11:27.822139,72,0.5649062,3.2142117,0.47077098,-0.90468,26.88,1.0,3.3331027,1
16:11:27.822139,72,0.59039724,3.1671686,0.53119576,-0.90468,46.239998,1.0,2.396958,1
16:11:27.822139,72,0.5998822,3.2085862,0.47227833,-0.90468,31.519999,1.0,2.560548,1
16:11:27.822139,72,0.6114903,3.2803216,0.47871992,-0.76552004,10.36,1.0,2.655677,1
16:11:27.822139,72,0.6829722,3.27607,-0.27487954,-0.83496004,8.5199995,0.852,8.738406,1
16:11:27.822139,72,0.62476116,3.1612997,0.5327683,-0.90468,55.12,1.0,1.7420479,1
16:11:27.822139,72,0.63592154,3.2177715,0.5065585,-0.90468,36.88,1.0,1.8317809,1
16:11:27.822139,72,0.647082,3.274243,0.48034865,-0.76552004,11.12,1.0,1.9921876,1
16:11:27.822139,72,0.65347576,3.192226,0.7852281,-0.90468,51.0,1.0,1.2136177,1
16:11:27.822139,72,0.6590626,3.1550994,0.53442967,-0.90468,65.76,1.0,1.1974496,1
16:11:27.822139,72,0.6708358,3.2114604,0.5082495,-0.90468,43.0,1.0,1.286371,1
16:11:27.822139,72,0.68140304,3.2524183,0.4488105,-0.76552004,11.759999,1.0,1.5274023,1
16:11:27.822139,72,0.61946505,3.1983738,0.7835808,-0.90468,42.36,1.0,1.7564713,1
16:11:27.822139,72,0.68742114,3.1857498,0.78696334,-0.90468,61.52,1.0,0.77975595,1
16:11:27.822139,72,0.7788045,3.2338884,0.61282796,-0.90468,58.879997,1.0,0.21029733,1
16:11:27.822139,72,0.67745906,3.183969,0.9701971,-0.90468,32.64,1.0,1.3901783,1
16:11:27.822139,72,0.7651365,3.1771338,0.63717276,-0.90468,103.52,1.0,0.13469194,1
16:11:27.822139,72,0.7551022,3.1718156,0.790697,-0.90468,86.64,1.0,0.23845449,1
16:11:27.822139,72,0.73125094,3.1499712,1.1212763,-0.90468,14.24,1.0,1.7506204,1
16:11:27.822139,72,0.7521235,3.238571,0.45252085,-0.76552004,11.88,1.0,0.7862016,1
16:11:27.822139,72,0.7404595,3.1978278,0.5119024,-0.90468,55.0,1.0,0.53686917,1
16:11:27.822139,72,0.74415934,3.1702368,0.97387666,-0.90468,41.12,1.0,0.8398894,1
16:11:27.822139,72,0.73088276,3.184359,0.63523674,-0.90468,91.119995,1.0,0.34532762,1
16:11:27.822139,72,0.72129774,3.178946,0.78878635,-0.90468,73.64,1.0,0.4547571,1
16:11:27.822139,72,0.71084476,3.177264,0.9719937,-0.90468,37.12,1.0,1.061945,1
16:11:27.822139,72,0.71679914,3.2456656,0.4506199,-0.76552004,12.0,1.0,1.0983608,1
16:11:27.822139,72,0.70568293,3.204812,0.5100309,-0.90468,49.36,1.0,0.85477996,1
16:11:27.822139,72,0.69655603,3.1912532,0.6333895,-0.90468,78.0,1.0,0.6670217,1
16:11:27.822139,72,0.90257716,3.1584647,0.678498,-0.62636,101.64,1.0,0.40241325,1
16:11:27.878687,73,0.7788045,3.2338884,0.61282796,-0.83496004,17.119999,1.0,0.683037,1
16:11:27.878687,73,0.7695693,3.2417946,0.8019001,-0.83496004,121.0,1.0,0.45850328,1
16:11:27.878687,73,0.51019365,3.251881,1.0933149,-0.83496004,19.64,1.0,4.0659494,1
16:11:27.878687,73,0.6900092,3.242953,0.95111966,-0.83496004,110.759995,1.0,0.7017292,1
16:11:27.878687,73,0.8135922,3.2261977,0.61488867,-0.83496004,15.759999,1.0,0.9269585,1
16:11:27.878687,73,0.6217973,3.2556245,0.94772434,-0.83496004,54.12,1.0,1.1839097,1
16:11:27.878687,73,0.74415934,3.1702368,0.97387666,-0.83496004,175.87999,1.0,0.34293285,1
16:11:27.878687,73,0.93971115,3.1882389,0.77975917,-0.83496004,46.239998,1.0,2.4251745,1
16:11:27.878687,73,0.79136527,3.210697,0.92381555,-0.83496004,236.12,1.0,0.51558745,1
16:11:27.878687,73,0.70059144,3.2559955,0.7980949,-0.83496004,84.64,1.0,0.34000716,1
16:11:27.878687,73,1.0225375,3.1030962,0.8091103,-0.62636,30.64,1.0,3.6841998,1
16:11:27.878687,73,0.6659957,3.262596,0.7963264,-0.83496004,63.879997,1.0,0.46761942,1
16:11:27.878687,73,0.5539183,3.2974408,1.0444548,-0.83496004,30.24,1.0,3.2559338,1
16:11:27.878687,73,0.56690174,3.1813257,1.1128749,-0.97412,23.0,1.0,3.4619713,1
16:11:27.878687,73,0.95650166,3.0440724,0.9763155,-0.90468,19.0,1.0,2.893559,1
16:11:27.878687,73,0.843179,3.1366498,0.94758296,-0.90468,116.88,1.0,0.6155268,1
16:11:27.878687,73,0.972361,3.067991,0.86024135,-0.62636,31.64,1.0,2.7770114,1
16:11:27.878687,73,0.6656078,3.1543174,1.0854236,-0.83496004,50.879997,1.0,1.7190061,1
16:11:27.878687,73,0.53384864,3.186642,1.1114503,-0.97412,18.119999,1.0,4.281434,1
16:11:27.878687,73,1.0074272,3.1694303,0.7847989,-0.62636,29.0,1.0,4.0678215,1
16:11:27.878687,73,0.8101158,3.1446347,0.9454434,-0.83496004,162.23999,1.0,0.40600112,1
16:11:27.878687,73,0.8922087,3.0619302,0.9715305,-0.90468,30.88,1.0,1.999973,1
16:11:27.878687,73,0.6037676,3.267282,0.60388017,-0.97412,13.24,1.0,1.411371,1
16:11:27.878687,73,0.59980816,3.1665409,1.0821483,-0.97412,29.88,1.0,2.7668457,1
16:11:27.878687,73,0.95622563,3.1222103,0.8039887,-0.62636,51.64,1.0,2.135026,1
16:11:27.878687,73,0.9397285,3.0772257,0.85776687,-0.62636,41.76,1.0,2.1834223,1
16:11:27.878687,73,0.71084476,3.177264,0.9719937,-0.83496004,130.76,1.0,0.46069944,1
16:11:27.878687,73,0.596608,3.274792,0.79305845,-0.83496004,36.36,1.0,1.1132164,1
16:11:27.878687,73,0.67398804,3.2549393,0.6071874,-0.83496004,16.359999,1.0,0.71708757,1
16:11:27.878687,73,0.71734095,3.0815425,1.1062331,-0.90468,13.12,1.0,2.8398943,1
16:11:27.878687,73,0.89037937,3.1520784,0.8318248,-0.62636,99.36,1.0,0.99272454,1
16:11:27.878687,73,0.9187003,3.2148857,0.65489143,-0.83496004,11.24,1.0,2.5588777,1
16:11:27.878687,73,0.97361785,3.1789982,0.78223526,-0.62636,36.239998,1.0,3.1943216,1
16:11:27.878687,73,0.7351171,3.2490616,0.79995286,-0.83496004,106.88,1.0,0.33804864,1
16:11:27.878687,73,0.989431,3.1128135,0.8065066,-0.62636,39.239998,1.0,2.8564346,1
16:11:27.878687,73,0.543925,3.2467897,1.094679,-0.83496004,25.0,1.0,3.309448,1
16:11:27.878687,73,0.77739954,3.1628883,0.9758457,-0.83496004,192.36,1.0,0.3447924,1
16:11:27.878687,73,0.9244014,3.0531566,0.9738814,-0.90468,24.0,1.0,2.391817,1
16:11:27.878687,73,0.85992676,3.0703924,0.9692631,-0.90468,40.12,1.0,1.7203048,1
16:11:27.878687,73,0.8841201,3.2235928,0.6525584,-0.83496004,12.639999,1.0,1.9252797,1
16:11:27.878687,73,0.6313334,3.2688615,0.7946475,-0.83496004,47.879997,1.0,0.7242161,1
16:11:27.878687,73,0.6327396,3.160588,1.0837435,-0.97412,39.12,1.0,2.1793838,1
16:11:27.878687,73,0.58759636,3.2614655,0.9461593,-0.83496004,39.76,1.0,1.6161356,1
16:11:27.878687,73,0.84945154,3.2319653,0.650315,-0.83496004,14.24,1.0,1.4059535,1
16:11:27.878687,73,0.8716193,3.2057354,0.77507097,-0.83496004,78.52,1.0,1.2102791,1
16:11:27.878687,73,0.83744085,3.2139897,0.7728593,-0.83496004,100.0,1.0,0.7699501,1
16:11:27.878687,73,0.7236149,3.225331,0.91989434,-0.83496004,161.36,1.0,0.33222044,1
16:11:27.878687,73,0.74393886,3.241243,0.61085737,-0.83496004,17.64,1.0,0.56458616,1
16:11:27.878687,73,0.9238045,3.1433165,0.83417255,-0.62636,70.52,1.0,1.5181721,1
16:11:27.878687,73,0.8761578,3.128346,0.94980794,-0.90468,81.0,1.0,0.9381627,1
16:11:27.878687,73,0.73037356,3.1115072,0.9928859,-0.90468,73.119995,1.0,1.4536783,1
16:11:27.878687,73,0.6446825,3.220244,1.066449,-0.83496004,62.239998,1.0,1.4773095,1
16:11:27.878687,73,1.0048963,3.0584414,0.8628001,-0.62636,24.64,1.0,3.4793673,1
16:11:27.878687,73,0.762998,3.1042948,0.99481845,-0.90468,73.36,1.0,1.2856432,1
16:11:27.878687,73,0.568565,3.272944,0.60236305,-0.97412,11.759999,1.0,1.9704862,1
16:11:27.878687,73,0.63890976,3.2612803,0.60548836,-0.83496004,14.88,1.0,0.9947677,1
16:11:27.878687,73,0.5269816,3.2856455,0.7901503,-0.83496004,22.359999,1.0,2.302536,1
16:11:27.878687,73,0.61112946,3.226309,1.064824,-0.83496004,44.36,1.0,1.8775615,1
16:11:27.878687,73,0.57760197,3.241373,1.0961304,-0.83496004,32.76,1.0,2.6848226,1
16:11:27.878687,73,0.8232654,3.1686316,0.8273894,-0.83496004,198.36,1.0,0.2800212,1
16:11:27.878687,73,0.75752795,3.2181776,0.9218111,-0.83496004,216.87999,1.0,0.365114,1
16:11:27.878687,73,0.67745906,3.183969,0.9701971,-0.83496004,90.0,1.0,0.7010134,1
16:11:27.878687,73,0.6976761,3.1184044,0.99103785,-0.83496004,63.879997,1.0,1.7449416,1
16:11:27.878687,73,0.5195672,3.3026252,1.0430655,-0.83496004,23.64,1.0,3.842105,1
16:11:27.931335,74,0.75146854,3.3604798,-0.4852612,-0.97412,61.52,1.0,0.52284247,1
16:11:27.931335,74,0.7413682,3.3153121,-0.34085625,-0.97412,99.36,1.0,0.64115995,1
16:11:27.931335,74,0.7299716,3.2643478,-0.20093939,-0.97412,57.64,1.0,1.3013234,1
16:11:27.931335,74,0.7391514,3.4678755,-0.6452226,-1.04384,5.52,0.552,0.6547549,1
16:11:27.931335,74,0.72617936,3.4070144,-0.633899,-1.11328,23.88,1.0,0.45417455,1
16:11:27.931335,74,0.69729215,3.2714841,-0.20093939,-0.97412,71.52,1.0,1.4486142,1
16:11:27.931335,74,0.70885366,3.3257275,-0.30686784,-0.97412,114.759995,1.0,0.7522551,1
16:11:27.931335,74,0.69207346,3.4141057,-0.633899,-1.04384,22.359999,1.0,0.20583759,1
16:11:27.931335,74,0.76021266,3.3995824,-0.633899,-1.11328,24.359999,1.0,0.9810782,1
16:11:27.931335,74,0.68411314,3.374836,-0.4852612,-0.97412,58.76,1.0,0.21801166,1
16:11:27.931335,74,0.7178267,3.3678262,-0.4852612,-0.97412,62.359997,1.0,0.23423262,1
16:11:27.931335,74,0.7608608,3.249551,-0.30118302,-0.6958,45.239998,1.0,1.0370643,1
16:11:27.931335,74,0.840479,3.2915826,-0.34085625,-0.6958,49.76,1.0,2.424905,1
16:11:27.931335,74,0.7850352,3.3527973,-0.4852612,-0.97412,56.64,1.0,1.084001,1
16:11:27.931335,74,0.7955753,3.3978128,-0.5990324,-0.97412,23.64,1.0,1.6021945,1
16:11:27.931335,74,0.79331774,3.24178,-0.30118302,-0.6958,35.36,1.0,1.5612901,1
16:11:27.931335,74,0.8075217,3.2998228,-0.34085625,-0.6958,63.359997,1.0,1.5647398,1
16:11:27.931335,74,0.81852335,3.3447793,-0.4852612,-0.6958,49.36,1.0,1.9177644,1
16:11:27.931335,74,0.8295131,3.3896873,-0.5990324,-0.76552004,22.0,1.0,2.631298,1
16:11:27.931335,74,0.8256953,3.233685,-0.30118302,-0.6958,28.0,1.0,2.3421752,1
16:11:27.931335,74,0.8530876,3.340962,-0.45080274,-0.6958,41.76,1.0,2.858722,1
16:11:27.931335,74,0.8733523,3.2830133,-0.34085625,-0.6958,39.52,1.0,3.550522,1
16:11:27.931335,74,0.886454,3.332264,-0.45080274,-0.6958,34.88,1.0,4.1842623,1
16:11:27.931335,74,0.6755615,3.3326495,-0.30686784,-0.97412,118.759995,1.0,1.0092266,1
16:11:27.931335,74,0.7744837,3.3077328,-0.34085625,-0.6958,80.52,1.0,0.9701502,1
16:11:27.931335,74,0.65789837,3.4208558,-0.633899,-1.04384,20.24,1.0,0.23582172,1
16:11:27.931335,74,0.66490895,3.280099,-0.1674802,-0.97412,82.759995,1.0,2.1948473,1
16:11:27.931335,74,0.6422018,3.3392384,-0.30686784,-0.97412,108.759995,1.0,1.5317396,1
16:11:27.931335,74,0.65033114,3.3815084,-0.4852612,-0.97412,51.879997,1.0,0.47391698,1
16:11:27.931335,74,0.40113556,3.204707,-0.8933902,-0.97412,19.88,1.0,4.022455,1
16:11:27.931335,74,0.40821663,3.2259388,-1.0410486,-0.97412,21.64,1.0,3.7428036,1
16:11:27.931335,74,0.4343823,3.2006717,-0.8923089,-0.90468,24.88,1.0,2.8646843,1
16:11:27.931335,74,0.44205025,3.2218323,-1.0399483,-0.97412,26.76,1.0,2.8126636,1
16:11:27.931335,74,0.47450683,3.1730053,-1.1678972,-1.04384,33.52,1.0,2.851195,1
16:11:27.931335,74,0.4805134,3.1680048,-1.3512437,-1.04384,20.119999,1.0,4.698733,1
16:11:27.931335,74,0.50066704,3.1824868,-0.9221243,-0.90468,40.52,1.0,1.3513273,1
16:11:27.931335,74,0.50815415,3.1682596,-1.1666255,-1.04384,42.76,1.0,2.7120712,1
16:11:27.931335,74,0.5145866,3.163199,-1.3499559,-1.04384,24.359999,1.0,4.902429,1
16:11:27.931335,74,0.53320813,3.148134,-1.0169282,-0.97412,52.12,1.0,1.5615535,1
16:11:27.931335,74,0.54175067,3.163189,-1.1652669,-1.04384,55.12,1.0,2.832435,1
16:11:27.931335,74,0.5486085,3.158064,-1.34858,-1.04384,29.76,1.0,5.372045,1
16:11:27.931335,74,0.46758562,3.1963155,-0.89114165,-0.90468,31.519999,1.0,1.958401,1
16:11:27.931335,74,0.575293,3.3514137,-0.30686784,-0.97412,71.24,1.0,3.3717556,1
16:11:27.931335,74,0.56622154,3.1428242,-1.0155054,-0.97412,66.0,1.0,1.670634,1
16:11:27.931335,74,0.63207525,3.286584,-0.1674802,-0.97412,86.0,1.0,2.9102185,1
16:11:27.931335,74,0.6236575,3.4272635,-0.633899,-1.04384,17.88,1.0,0.5437761,1
16:11:27.931335,74,0.6164841,3.3878424,-0.4852612,-1.04384,43.879997,1.0,1.0015831,1
16:11:27.931335,74,0.70726126,3.6775265,-1.1584393,-0.97412,8.5199995,0.852,4.6590242,1
16:11:27.931335,74,0.5991784,3.29274,-0.1674802,-0.97412,79.119995,1.0,3.8826811,1
16:11:27.931335,74,0.5884868,3.2339854,-0.06575062,-0.90468,21.0,1.0,5.330662,1
16:11:27.931335,74,0.65765303,3.8312082,-0.8692632,-0.97412,7.8799996,0.788,3.7569487,1
16:11:27.931335,74,0.5825754,3.3938377,-0.4852612,-1.04384,36.239998,1.0,1.8005419,1
16:11:27.931335,74,0.6087778,3.3454933,-0.30686784,-0.97412,90.36,1.0,2.3194106,1
16:11:27.931335,74,0.50815415,3.1682596,-1.1666255,-1.04384,42.76,1.0,2.7120712,1
16:11:27.931335,74,0.7178267,3.3678262,-0.4852612,-0.97412,62.359997,1.0,0.23423262,1
16:11:27.931335,74,0.7744837,3.3077328,-0.34085625,-0.6958,80.52,1.0,0.9701502,1
16:11:27.931335,74,0.65789837,3.4208558,-0.633899,-1.04384,20.24,1.0,0.23582172,1
16:11:27.931335,74,0.575293,3.3514137,-0.30686784,-0.97412,71.24,1.0,3.3717556,1
16:11:27.931335,74,0.50815415,3.1682596,-1.1666255,-1.04384,42.76,1.0,2.7120712,1
16:11:27.931335,74,0.7299716,3.2643478,-0.20093939,-0.97412,57.64,1.0,1.3013234,1
16:11:27.931335,74,0.7413682,3.3153121,-0.34085625,-0.97412,99.36,1.0,0.64115995,1
16:11:27.931335,74,0.69729215,3.2714841,-0.20093939,-0.97412,71.52,1.0,1.4486142,1
16:11:27.931335,74,0.54175067,3.163189,-1.1652669,-1.04384,55.12,1.0,2.832435,1
16:11:27.931335,74,0.6087778,3.3454933,-0.30686784,-0.97412,90.36,1.0,2.3194106,1
16:11:27.990195,75,0.63207525,3.286584,-0.1674802,-0.83496004,37.76,1.0,2.123471,1
16:11:27.990195,75,0.7350768,3.1394305,-0.032244463,-0.90468,61.76,1.0,0.13081953,1
16:11:27.990195,75,0.5991784,3.29274,-0.1674802,-0.83496004,29.64,1.0,3.1530368,1
16:11:27.990195,75,0.9570284,3.0544374,1.0081778,-0.97412,22.64,1.0,4.053939,1
16:11:27.990195,75,0.7813636,3.3371162,-0.58833164,-0.83496004,8.88,0.88799995,1.7437322,1
16:11:27.990195,75,0.6716702,3.3134534,-0.4764351,-0.83496004,16.76,1.0,0.89202815,1
16:11:27.990195,75,0.6208898,3.228423,-0.032876953,-0.76552004,55.36,1.0,2.2713408,1
16:11:27.990195,75,0.50241125,3.0643754,-0.59219027,-0.90468,23.88,1.0,3.7398574,1
16:11:27.990195,75,0.65738,3.0842285,0.22110683,-0.90468,30.119999,1.0,1.9053565,1
16:11:27.990195,75,0.536111,3.0593543,-1.417759,-0.83496004,7.64,0.764,8.690104,1
16:11:27.990195,75,0.70364624,3.146624,-0.032244463,-0.90468,67.88,1.0,0.25912017,1
16:11:27.990195,75,0.80472803,3.2884068,-0.44260338,-0.83496004,30.24,1.0,1.3355427,1
16:11:27.990195,75,0.7388034,3.3038425,-0.44260338,-0.83496004,26.76,1.0,0.682905,1
16:11:27.990195,75,0.972361,3.067991,0.86024135,-0.97412,13.88,1.0,3.7441227,1
16:11:27.990195,75,0.8441603,3.173278,-0.16431902,-0.97412,60.52,1.0,1.3087305,1
16:11:27.990195,75,0.51349044,3.0984952,-0.7301069,-0.90468,26.0,1.0,3.1565816,1
16:11:27.990195,75,0.78135055,3.192878,-0.06575062,-0.90468,96.119995,1.0,0.14564031,1
16:11:27.990195,75,0.7494956,3.201012,-0.032876953,-0.90468,107.36,1.0,0.11632384,1
16:11:27.990195,75,0.90700203,3.2772372,-0.30686784,-0.97412,19.64,1.0,3.3781693,1
16:11:27.990195,75,0.8132397,3.1849048,-0.06575062,-0.90468,78.0,1.0,0.44816515,1
16:11:27.990195,75,0.718929,3.070465,0.22110683,-0.90468,22.24,1.0,0.9903591,1
16:11:27.990195,75,0.65314245,3.222053,-0.032876953,-0.76552004,71.76,1.0,1.3928127,1
16:11:27.990195,75,0.7479539,3.3447628,-0.58833164,-0.83496004,7.8799996,0.788,1.3959417,1
16:11:27.990195,75,0.79554605,3.250886,-0.1674802,-0.83496004,67.88,1.0,0.46604145,1
16:11:27.990195,75,0.6087015,3.1650481,0.096720494,-0.90468,50.64,1.0,2.7607257,1
16:11:27.990195,75,0.9516241,3.0710127,0.67474526,-0.20888,6.8799996,0.68799996,3.0478194,1
16:11:27.990195,75,0.6052712,3.3262231,-0.4764351,-0.83496004,10.639999,1.0,2.0529191,1
16:11:27.990195,75,0.66490895,3.280099,-0.1674802,-0.83496004,48.36,1.0,1.32496,1
16:11:27.990195,75,0.7500853,3.065117,0.18956122,-0.90468,18.64,1.0,0.79131716,1
16:11:27.990195,75,0.5883396,3.148533,-0.7415503,-0.90468,42.64,1.0,1.5958859,1
16:11:27.990195,75,0.56622154,3.1428242,-1.0155054,-0.83496004,23.519999,1.0,3.0301483,1
16:11:27.990195,75,0.9890506,3.0450385,1.0106962,-0.97412,18.52,1.0,4.5754714,1
16:11:27.990195,75,0.8287905,3.1155014,-0.0644857,-0.90468,33.64,1.0,1.1948235,1
16:11:27.990195,75,0.59556806,3.0967584,0.22110683,-0.90468,33.239998,1.0,3.6703117,1
16:11:27.990195,75,0.56930417,3.0540154,-1.4163284,-0.83496004,8.88,0.88799995,9.310322,1
16:11:27.990195,75,0.545283,3.0933816,-0.7287367,-0.90468,32.52,1.0,2.7217171,1
16:11:27.990195,75,0.73037356,3.2661455,-0.1674802,-0.83496004,70.76,1.0,0.42612723,1
16:11:27.990195,75,0.9184834,3.0800447,0.67232513,-0.20888,7.64,0.764,2.4163854,1
16:11:27.990195,75,0.9249105,3.0635264,1.0057423,-0.97412,28.119999,1.0,3.7670875,1
16:11:27.990195,75,0.6404812,3.1595929,0.0644857,-0.90468,60.52,1.0,1.6408851,1
16:11:27.990195,75,0.6265054,3.090648,0.22110683,-0.90468,32.76,1.0,2.6821365,1
16:11:27.990195,75,0.5235627,3.1592736,-0.7444282,-0.76552004,26.359999,1.0,2.369477,1
16:11:27.990195,75,1.0048963,3.0584414,0.8628001,-0.97412,11.88,1.0,4.526134,1
16:11:27.990195,75,0.8927,3.2255602,-0.1674802,-0.97412,35.52,1.0,2.304665,1
16:11:27.990195,75,0.6736867,3.5029497,-1.4662917,-0.27832,12.639999,1.0,6.755608,1
16:11:27.990195,75,0.81852335,3.3447793,-0.4852612,-0.83496004,9.12,0.912,2.1287184,1
16:11:27.990195,75,0.63850266,3.3200042,-0.4764351,-0.83496004,13.12,1.0,1.3544276,1
16:11:27.990195,75,0.48164645,3.1033015,-0.7313947,-0.90468,21.0,1.0,3.8088064,1
16:11:27.990195,75,0.5335179,3.0593722,-0.59084964,-0.90468,28.0,1.0,3.1631465,1
16:11:27.990195,75,0.555979,3.15406,-0.7430312,-0.76552004,33.239998,1.0,1.8704264,1
16:11:27.990195,75,0.8280146,3.242768,-0.1674802,-0.83496004,56.76,1.0,0.8407564,1
16:11:27.990195,75,0.85192966,3.336427,-0.4852612,-0.20888,8.88,0.88799995,2.8235044,1
16:11:27.990195,75,0.5770211,3.0879614,-0.7272843,-0.90468,40.879997,1.0,2.5050423,1
16:11:27.990195,75,0.6139703,3.0288107,0.21668294,-0.90468,20.88,1.0,3.2012343,1
16:11:27.990195,75,0.6979466,3.6290934,-1.3072695,-0.90468,21.359999,1.0,9.582444,1
16:11:27.990195,75,0.6809135,3.359052,-0.58833164,-0.83496004,5.3599997,0.536,1.4344337,1
16:11:27.990195,75,0.8375713,3.2801952,-0.44260338,-0.83496004,27.359999,1.0,2.0245745,1
16:11:27.990195,75,0.7174486,3.2083466,-0.032876953,-0.90468,104.759995,1.0,0.31414732,1
16:11:27.990195,75,0.8758503,3.1646779,-0.16431902,-0.97412,46.52,1.0,2.1995456,1
16:11:27.990195,75,0.79759455,3.1236334,-0.0644857,-0.90468,42.12,1.0,0.61240715,1
16:11:27.990195,75,0.88525075,3.327741,-0.4852612,-0.20888,8.36,0.83599997,3.7677743,1
16:11:27.990195,75,0.7047706,3.306571,-0.4764351,-0.83496004,21.52,1.0,0.6669813,1
16:11:27.990195,75,0.6881889,3.0775006,0.22110683,-0.90468,26.359999,1.0,1.3410783,1
16:11:27.990195,75,0.8604003,3.234326,-0.1674802,-0.97412,45.12,1.0,1.4533191,1
16:11:28.038957,76,0.64057726,3.0440447,1.1509688,-0.90468,42.12,1.0,0.7831746,1
16:11:28.038957,76,0.7047706,3.070592,0.6839955,-1.04384,14.759999,1.0,0.62324566,1
16:11:28.038957,76,0.6926547,3.0265632,0.73930675,-0.83496004,23.76,1.0,1.8018821,1
16:11:28.038957,76,0.68450755,3.0595446,1.0100819,-0.83496004,40.12,1.0,0.5418887,1
16:11:28.038957,76,0.66012335,3.0330966,0.7375561,-0.83496004,22.76,1.0,1.9306722,1
16:11:28.038957,76,0.6716702,3.0772398,0.6822142,-1.04384,14.0,1.0,0.62206715,1
16:11:28.038957,76,0.65235883,3.0660012,1.0083519,-0.83496004,38.36,1.0,0.23344396,1
16:11:28.038957,76,0.7178267,3.1274755,0.6596161,-1.04384,9.36,0.936,1.2483813,1
16:11:28.038957,76,0.68411314,3.1342463,0.65780187,-1.04384,8.5199995,0.852,1.0194994,1
16:11:28.038957,76,0.7165878,3.0527778,1.0118951,-0.83496004,40.239998,1.0,1.0685341,1
16:11:28.038957,76,0.85192966,3.097146,0.66774285,-0.55664,9.24,0.92399997,4.446441,1
16:11:28.038957,76,0.73780054,3.0636249,0.6858623,-0.83496004,15.0,1.0,0.86473507,1
16:11:28.038957,76,0.75146854,3.1203792,0.6615175,-1.04384,10.0,1.0,1.7093171,1
16:11:28.038957,76,0.77075666,3.056339,0.68781453,-0.83496004,14.639999,1.0,1.3427925,1
16:11:28.038957,76,0.7850352,3.1129584,0.6635059,-1.04384,10.12,1.0,2.3984032,1
16:11:28.038957,76,0.7898202,3.0050821,0.74506253,-0.83496004,22.359999,1.0,2.8632293,1
16:11:28.038957,76,0.8036358,3.0487351,0.689852,-0.83496004,13.88,1.0,2.0538716,1
16:11:28.038957,76,0.81852335,3.1052139,0.6655811,-0.55664,9.88,0.988,3.3119414,1
16:11:28.038957,76,0.8364344,3.0408142,0.6919744,-0.62636,12.88,1.0,2.9946249,1
16:11:28.038957,76,0.8691495,3.0325768,0.6941816,-0.55664,11.759999,1.0,4.161904,1
16:11:28.038957,76,0.88525075,3.088756,0.66999096,-0.55664,8.5199995,0.852,5.7986207,1
16:11:28.038957,76,0.6014848,2.9210534,1.437071,-0.90468,8.0,0.79999995,6.462161,1
16:11:28.038957,76,0.7251168,3.0197158,0.7411415,-0.83496004,24.0,1.0,1.9167492,1
16:11:28.038957,76,0.65033114,3.1406913,0.65607494,-1.04384,7.3599997,0.736,1.0267794,1
16:11:28.038957,76,0.58786887,3.0779812,1.0051419,-0.90468,32.0,1.0,0.28632027,1
16:11:28.038957,76,0.627526,3.0393155,0.73588973,-0.83496004,21.119999,1.0,2.3069096,1
16:11:28.038957,76,0.63850266,3.0835674,0.6805187,-1.04384,12.759999,1.0,0.8651372,1
16:11:28.038957,76,0.44005036,3.0734792,1.4053704,-0.90468,19.119999,1.0,4.111697,1
16:11:28.038957,76,0.47125438,3.0690777,1.4065497,-0.90468,21.88,1.0,3.4953275,1
16:11:28.038957,76,0.50241125,3.0643754,1.4078097,-0.90468,24.359999,1.0,3.0959473,1
16:11:28.038957,76,0.51349044,3.0984952,1.2698932,-0.90468,32.0,1.0,2.5570612,1
16:11:28.038957,76,0.5231438,3.0887132,1.0022663,-0.90468,24.64,1.0,1.2593062,1
16:11:28.038957,76,0.5386302,3.100624,0.6759484,-1.04384,9.36,0.936,3.1020956,1
16:11:28.038957,76,0.5335179,3.0593722,1.4091504,-0.90468,26.119999,1.0,2.9092407,1
16:11:28.038957,76,0.48164645,3.1033015,1.2686054,-0.90468,27.88,1.0,2.9707353,1
16:11:28.038957,76,0.5555341,3.0835035,1.0036621,-0.90468,28.24,1.0,0.6556781,1
16:11:28.038957,76,0.56214625,3.0508072,0.73281056,-1.04384,17.359999,1.0,3.8178122,1
16:11:28.038957,76,0.5719793,3.0952601,0.6773856,-1.04384,10.36,1.0,2.100736,1
16:11:28.038957,76,0.56493884,3.0478554,1.3795778,-0.90468,26.88,1.0,2.4056606,1
16:11:28.038957,76,0.5771654,3.0803845,1.241374,-0.90468,39.64,1.0,1.7263297,1
16:11:28.038957,76,0.59486586,3.0452192,0.7343078,-0.83496004,19.24,1.0,2.93457,1
16:11:28.038957,76,0.6052712,3.0895743,0.6789091,-1.04384,11.5199995,1.0,1.3565863,1
16:11:28.038957,76,0.583652,2.9874723,1.4238359,-0.90468,18.119999,1.0,3.0866163,1
16:11:28.038957,76,0.60885376,3.0746562,1.2429088,-0.90468,41.76,1.0,1.8798584,1
16:11:28.038957,76,0.5454194,3.0858061,1.2399212,-0.90468,36.12,1.0,1.7851686,1
16:11:28.038957,76,0.62014484,3.072147,1.0067052,-0.90468,35.52,1.0,0.14694515,1
16:11:28.038957,76,0.5555341,3.0835035,1.0036621,-0.90468,28.24,1.0,0.6556781,1
16:11:28.038957,76,0.48164645,3.1033015,1.2686054,-0.90468,27.88,1.0,2.9707353,1
16:11:28.038957,76,0.48164645,3.1033015,1.2686054,-0.90468,27.88,1.0,2.9707353,1
16:11:28.038957,76,0.62014484,3.072147,1.0067052,-0.90468,35.52,1.0,0.14694515,1
16:11:28.038957,76,0.88525075,3.088756,0.66999096,-0.55664,8.5199995,0.852,5.7986207,1
16:11:28.038957,76,0.50241125,3.0643754,1.4078097,-0.90468,24.359999,1.0,3.0959473,1
16:11:28.038957,76,0.7047706,3.070592,0.6839955,-1.04384,14.759999,1.0,0.62324566,1
16:11:28.038957,76,0.63850266,3.0835674,0.6805187,-1.04384,12.759999,1.0,0.8651372,1
16:11:28.038957,76,0.5719793,3.0952601,0.6773856,-1.04384,10.36,1.0,2.100736,1
16:11:28.038957,76,0.65235883,3.0660012,1.0083519,-0.83496004,38.36,1.0,0.23344396,1
16:11:28.038957,76,0.85192966,3.097146,0.66774285,-0.55664,9.24,0.92399997,4.446441,1
16:11:28.038957,76,0.77075666,3.056339,0.68781453,-0.83496004,14.639999,1.0,1.3427925,1
16:11:28.038957,76,0.64057726,3.0440447,1.1509688,-0.90468,42.12,1.0,0.7831746,1
16:11:28.038957,76,0.56493884,3.0478554,1.3795778,-0.90468,26.88,1.0,2.4056606,1
16:11:28.038957,76,0.65235883,3.0660012,1.0083519,-0.83496004,38.36,1.0,0.23344396,1
16:11:28.038957,76,0.7178267,3.1274755,0.6596161,-1.04384,9.36,0.936,1.2483813,1
16:11:28.038957,76,0.8036358,3.0487351,0.689852,-0.83496004,13.88,1.0,2.0538716,1
16:11:28.038957,76,0.50241125,3.0643754,1.4078097,-0.90468,24.359999,1.0,3.0959473,1
16:11:28.094846,77,0.64766353,2.975847,0.76138467,-0.62636,27.359999,1.0,0.6571297,1
16:11:28.094846,77,0.6374089,2.9539757,0.8752159,-0.62636,34.12,1.0,0.7914655,1
16:11:28.094846,77,0.6014848,2.9210534,1.437071,-0.83496004,25.88,1.0,3.1338887,1
16:11:28.094846,77,0.63850266,3.0835674,0.6805187,-0.6958,7.52,0.752,2.2343864,1
16:11:28.094846,77,0.627526,3.0393155,0.73588973,-0.83496004,17.119999,1.0,0.6065096,1
16:11:28.094846,77,0.571783,2.92672,1.4355526,-0.83496004,26.519999,1.0,2.9926684,1
16:11:28.094846,77,0.6038369,2.9245815,0.7836098,-0.62636,34.0,1.0,2.2673693,1
16:11:28.094846,77,0.79987717,3.007708,0.5960796,-0.41748002,6.0,0.59999996,4.427663,1
16:11:28.094846,77,0.583652,2.9874723,1.4238359,-0.83496004,24.24,1.0,3.9146993,1
16:11:28.094846,77,0.55986696,2.8657265,1.4473158,-0.83496004,12.639999,1.0,4.707032,1
16:11:28.094846,77,0.66012335,3.0330966,0.7375561,-0.83496004,14.12,1.0,0.86603904,1
16:11:28.094846,77,0.61568147,2.9819484,0.75974977,-0.62636,32.0,1.0,0.31787065,1
16:11:28.094846,77,0.6716702,3.0772398,0.6822142,-0.6958,7.7599998,0.77599996,2.446532,1
16:11:28.094846,77,0.77075666,3.056339,0.68781453,-0.6958,6.64,0.664,4.238095,1
16:11:28.094846,77,0.67958087,2.969437,0.7631023,-0.62636,22.64,1.0,1.1946341,1
16:11:28.094846,77,0.6917145,3.0137084,0.70837486,-0.83496004,11.5199995,1.0,1.1472207,1
16:11:28.094846,77,0.7047706,3.070592,0.6839955,-0.6958,7.52,0.752,2.8500793,1
16:11:28.094846,77,0.6607049,2.9088612,1.4403379,-0.83496004,21.52,1.0,3.9248412,1
16:11:28.094846,77,0.6898439,2.9716043,1.1710339,-0.6958,20.119999,1.0,2.262167,1
16:11:28.094846,77,0.71143025,2.9627187,0.7649024,-0.62636,18.64,1.0,1.9318976,1
16:11:28.094846,77,0.72413254,3.0068703,0.7102071,-0.6958,9.639999,0.964,1.8353992,1
16:11:28.094846,77,0.73780054,3.0636249,0.6858623,-0.6958,7.12,0.712,3.4466739,1
16:11:28.094846,77,0.74320847,2.9556932,0.76678485,-0.62636,15.36,1.0,2.8705564,1
16:11:28.094846,77,0.7564782,2.9997194,0.71212316,-0.6958,8.12,0.812,2.7233052,1
16:11:28.094846,77,0.78874815,2.9922564,0.7141229,-0.41748002,7.12,0.712,3.8127677,1
16:11:28.094846,77,0.6311264,2.9151003,1.4386661,-0.83496004,24.0,1.0,3.4441729,1
16:11:28.094846,77,0.6052712,3.0895743,0.6789091,-0.6958,7.12,0.712,2.2121313,1
16:11:28.094846,77,0.57275677,3.108391,0.7088924,-0.6958,6.3599997,0.636,3.338884,1
16:11:28.094846,77,0.5836378,2.9877408,0.7581977,-0.62636,34.64,1.0,0.1754659,1
16:11:28.094846,77,0.59486586,3.0452192,0.7343078,-0.83496004,19.52,1.0,0.5389164,1
16:11:28.094846,77,0.35739234,3.006904,0.71933556,-0.62636,12.759999,1.0,4.8322353,1
16:11:28.094846,77,0.389733,3.0032954,0.7203024,-0.62636,15.12,1.0,3.6343038,1
16:11:28.094846,77,0.3977706,3.0739923,0.72659814,-0.62636,10.36,1.0,4.09898,1
16:11:28.094846,77,0.42203468,2.9993749,0.72135293,-0.62636,18.119999,1.0,2.6299462,1
16:11:28.094846,77,0.43073848,3.0699909,0.7276703,-0.62636,12.0,1.0,3.0381975,1
16:11:28.094846,77,0.45429415,2.9951425,0.722487,-0.62636,21.88,1.0,1.8196754,1
16:11:28.094846,77,0.46366325,3.0656712,0.7288278,-0.62636,14.12,1.0,2.1633675,1
16:11:28.094846,77,0.47779727,2.9454799,0.77801013,-0.62636,22.519999,1.0,2.6073542,1
16:11:28.094846,77,0.4865082,2.9905987,0.7237045,-0.62636,26.359999,1.0,1.2041302,1
16:11:28.094846,77,0.49654168,3.0610337,0.73007035,-0.62636,16.52,1.0,1.4751581,1
16:11:28.094846,77,0.48111513,2.9581027,1.5210617,-0.83496004,21.52,1.0,4.7706494,1
16:11:28.094846,77,0.364763,3.077675,0.7256113,-0.62636,9.0,0.9,5.3451786,1
16:11:28.094846,77,0.5186736,2.985744,0.7250053,-0.62636,30.88,1.0,0.7840743,1
16:11:28.094846,77,0.5093867,2.9407122,0.77928764,-0.62636,26.0,1.0,2.2241068,1
16:11:28.094846,77,0.5724097,2.9302623,0.7820876,-0.62636,32.239998,1.0,2.0530806,1
16:11:28.094846,77,0.56214625,3.0508072,0.73281056,-0.62636,20.119999,1.0,0.6619346,1
16:11:28.094846,77,0.55078715,2.980579,0.7263893,-0.62636,34.239998,1.0,0.5603966,1
16:11:28.094846,77,0.5420241,2.932099,1.4341112,-0.83496004,25.88,1.0,3.0192964,1
16:11:28.094846,77,0.51221097,2.9371908,1.432747,-0.83496004,24.0,1.0,3.212665,1
16:11:28.094846,77,0.6151418,3.1285622,-0.1698435,-0.06972,6.52,0.652,8.102869,1
16:11:28.094846,77,0.53936225,3.1137621,0.7074532,-0.6958,5.7599998,0.576,3.7183955,1
16:11:28.094846,77,0.5293704,3.056079,0.731398,-0.62636,18.88,1.0,0.9743697,1
16:11:28.094846,77,0.54092526,2.9356394,0.78064686,-0.62636,29.359999,1.0,2.039024,1
16:11:28.094846,77,0.51221097,2.9371908,1.432747,-0.83496004,24.0,1.0,3.212665,1
16:11:28.094846,77,0.51221097,2.9371908,1.432747,-0.83496004,24.0,1.0,3.212665,1
16:11:28.094846,77,0.35739234,3.006904,0.71933556,-0.62636,12.759999,1.0,4.8322353,1
16:11:28.094846,77,0.6917145,3.0137084,0.70837486,-0.83496004,11.5199995,1.0,1.1472207,1
16:11:28.094846,77,0.66012335,3.0330966,0.7375561,-0.83496004,14.12,1.0,0.86603904,1
16:11:28.094846,77,0.5093867,2.9407122,0.77928764,-0.62636,26.0,1.0,2.2241068,1
16:11:28.094846,77,0.74320847,2.9556932,0.76678485,-0.62636,15.36,1.0,2.8705564,1
16:11:28.094846,77,0.627526,3.0393155,0.73588973,-0.83496004,17.119999,1.0,0.6065096,1
16:11:28.094846,77,0.66012335,3.0330966,0.7375561,-0.83496004,14.12,1.0,0.86603904,1
16:11:28.094846,77,0.64766353,2.975847,0.76138467,-0.62636,27.359999,1.0,0.6571297,1
16:11:28.094846,77,0.67958087,2.969437,0.7631023,-0.62636,22.64,1.0,1.1946341,1
16:11:28.156151,78,0.65614414,2.979835,0.6146264,-0.48720002,8.5199995,0.852,1.2407415,1
16:11:28.156151,78,0.46275103,2.9815562,1.2972986,-0.76552004,32.36,1.0,5.5140724,1
16:11:28.156151,78,0.571783,2.92672,1.4355526,-0.76552004,44.239998,1.0,2.1178234,1
16:11:28.156151,78,0.64693564,2.84824,1.4520013,-0.76552004,23.359999,1.0,4.259909,1
16:11:28.156151,78,0.45216942,2.9553578,0.6322633,-1.3916,20.0,1.0,3.5695722,1
16:11:28.156151,78,0.5420241,2.932099,1.4341112,-0.76552004,39.12,1.0,2.33603,1
16:11:28.156151,78,0.78112835,2.9140162,1.0556215,-0.6958,37.52,1.0,2.2283328,1
16:11:28.156151,78,0.4710886,2.8964553,1.5310428,-0.76552004,17.76,1.0,2.9922566,1
16:11:28.156151,78,0.73213834,2.9453256,0.91076547,-0.6958,41.12,1.0,1.3693018,1
16:11:28.156151,78,0.8256013,2.922754,0.91681355,-0.6958,22.24,1.0,3.1920707,1
16:11:28.156151,78,0.41391554,2.9416726,0.74595165,-0.62636,30.0,1.0,4.6702347,1
16:11:28.156151,78,0.50025594,2.8917642,1.5322999,-0.76552004,20.52,1.0,2.660797,1
16:11:28.156151,78,0.58894974,2.860178,1.4488025,-0.76552004,25.64,1.0,3.4256094,1
16:11:28.156151,78,0.7104646,2.9501157,0.7345519,-0.48720002,18.0,1.0,0.87643033,1
16:11:28.156151,78,0.67583305,2.8418515,1.4537132,-0.76552004,20.88,1.0,4.92496,1
16:11:28.156151,78,0.81168026,2.9063234,1.0576828,-0.6958,30.359999,1.0,3.0298269,1
16:11:28.156151,78,0.66882086,2.947667,0.8769063,-0.62636,63.12,1.0,0.36634257,1
16:11:28.156151,78,0.6620289,2.883201,1.3216964,-0.76552004,36.64,1.0,1.6322162,1
16:11:28.156151,78,0.6402706,3.07124,-0.13264687,-0.06972,12.0,1.0,10.314765,1
16:11:28.156151,78,0.7945254,2.9305787,0.9147169,-0.6958,26.88,1.0,2.421914,1
16:11:28.156151,78,0.7738606,2.9357777,0.7383937,-0.48720002,12.759999,1.0,1.8798699,1
16:11:28.156151,78,0.62725854,2.948033,1.0465068,-0.83496004,93.119995,1.0,0.5500706,1
16:11:28.156151,78,0.67548436,2.9172192,0.6424825,-0.48720002,22.119999,1.0,2.509234,1
16:11:28.156151,78,0.6315373,2.9091241,1.4089133,-0.76552004,42.52,1.0,1.566745,1
16:11:28.156151,78,0.60187644,2.915081,1.407317,-0.76552004,45.64,1.0,1.5001756,1
16:11:28.156151,78,0.6884794,2.973341,0.6163665,-0.48720002,8.12,0.812,1.3049024,1
16:11:28.156151,78,0.76337004,2.9381027,0.91270083,-0.6958,33.0,1.0,1.8168135,1
16:11:28.156151,78,0.54092526,2.9356394,0.78064686,-0.62636,67.52,1.0,1.2833824,1
16:11:28.156151,78,0.61535454,2.9482377,1.2741635,-0.76552004,71.76,1.0,2.299487,1
16:11:28.156151,78,0.70623904,2.905473,1.1894085,-0.6958,40.879997,1.0,1.1714623,1
16:11:28.156151,78,0.71979326,2.9285145,1.0517367,-0.6958,58.359997,1.0,1.1111019,1
16:11:28.156151,78,0.7850592,2.9519894,0.6220876,-0.41748002,6.7599998,0.676,2.4343126,1
16:11:28.156151,78,0.6890162,2.9353185,1.0499136,-0.6958,71.76,1.0,0.78151304,1
16:11:28.156151,78,0.80544406,2.9281502,0.7404375,-0.48720002,11.0,1.0,2.6376493,1
16:11:28.156151,78,0.59128,2.9918847,0.61139774,-1.3916,8.639999,0.86399996,1.5477446,1
16:11:28.156151,78,0.51624775,2.9460034,0.63476986,-1.3916,27.64,1.0,2.4139998,1
16:11:28.156151,78,0.74219966,2.9430997,0.7364318,-0.48720002,14.88,1.0,1.2951477,1
16:11:28.156151,78,0.6760416,2.912149,1.1876197,-0.83496004,52.0,1.0,0.7663926,1
16:11:28.156151,78,0.43211007,2.985878,1.2961406,-0.76552004,25.359999,1.0,6.231934,1
16:11:28.156151,78,0.5238911,2.9720256,1.2998523,-0.76552004,52.64,1.0,4.364919,1
16:11:28.156151,78,0.3822353,2.9455178,0.7449213,-0.62636,24.76,1.0,5.6337957,1
16:11:28.156151,78,0.55875766,2.997439,0.6099095,-1.3916,8.36,0.83599997,1.9100982,1
16:11:28.156151,78,0.47182092,2.9745796,1.0393937,-0.76552004,47.52,1.0,2.251428,1
16:11:28.156151,78,0.4200608,2.9595704,0.63113457,-1.3916,17.0,1.0,4.3936768,1
16:11:28.156151,78,0.5261794,3.0026789,0.6085054,-1.3916,8.0,0.79999995,2.4068837,1
16:11:28.156151,78,0.6581703,2.941825,1.0481702,-0.83496004,84.64,1.0,0.59633106,1
16:11:28.156151,78,0.4393453,2.937882,0.9186454,-0.62636,38.12,1.0,2.6268275,1
16:11:28.156151,78,0.7529401,2.9594173,0.6200973,-0.48720002,7.24,0.724,1.8953705,1
16:11:28.156151,78,0.61797357,2.854349,1.4503644,-0.76552004,25.119999,1.0,3.7617266,1
16:11:28.156151,78,0.4771487,2.9330654,0.748258,-0.62636,45.36,1.0,3.2398648,1
16:11:28.156151,78,0.6437594,2.923591,0.64077526,-0.48720002,27.119999,1.0,2.1353543,1
16:11:28.156151,78,0.55438405,2.9668179,1.3012477,-0.76552004,64.24,1.0,3.9379923,1
16:11:28.156151,78,0.5030153,2.9698713,1.0406553,-0.76552004,59.0,1.0,1.6649333,1
16:11:28.156151,78,0.6119701,2.9296556,0.63915026,-0.48720002,31.359999,1.0,1.9431063,1
16:11:28.156151,78,0.81709975,2.9442515,0.624161,-0.41748002,6.3599997,0.636,3.1452024,1
16:11:28.156151,78,0.6641621,3.013784,-0.095414445,-0.06972,5.24,0.524,6.864148,1
16:11:28.156151,78,0.55986696,2.8657265,1.4473158,-0.76552004,24.88,1.0,3.247264,1
16:11:28.156151,78,0.40814734,2.941975,0.9175486,-0.62636,30.88,1.0,3.41442,1
16:11:28.156151,78,0.452434,2.946509,1.4302502,-0.76552004,20.88,1.0,3.666917,1
16:11:28.156151,78,0.69160044,2.8766634,1.3234482,-0.76552004,30.0,1.0,2.1496341,1
16:11:28.156151,78,0.4935485,3.007604,0.6071858,-1.3916,7.64,0.764,3.0353048,1
16:11:28.156151,78,0.6352037,2.9185975,0.78521323,-0.62636,73.88,1.0,1.2566694,1
16:11:28.156151,78,0.5962841,2.9539425,1.0449233,-0.76552004,93.24,1.0,0.6378275,1
16:11:28.156151,78,0.42247617,2.9507344,1.4291179,-0.76552004,16.76,1.0,4.3281274,1
16:11:28.208671,79,0.6108891,2.9158466,0.60933304,-1.32216,17.52,1.0,0.52437717,1
16:11:28.208671,79,0.9685325,2.8435183,0.5148903,-0.83496004,12.5199995,1.0,3.1133702,1
16:11:28.208671,79,0.58842385,2.8169336,0.6915105,-1.32216,92.52,1.0,0.38611385,1
16:11:28.208671,79,0.9087614,2.8003566,0.684874,-0.83496004,22.76,1.0,2.3267574,1
16:11:28.208671,79,0.5790948,2.9215937,0.6077931,-1.32216,14.88,1.0,0.85771734,1
16:11:28.208671,79,0.6124028,2.8380885,0.91934216,-0.6958,50.52,1.0,0.76520985,1
16:11:28.208671,79,0.5482111,2.9408624,0.6361474,-1.32216,13.0,1.0,1.2297074,1
16:11:28.208671,79,0.6935377,2.8545485,0.6703534,-0.83496004,57.879997,1.0,0.0060760914,1
16:11:28.208671,79,0.84767735,2.8173232,0.6803279,-0.83496004,30.88,1.0,1.2090471,1
16:11:28.208671,79,0.51624775,2.9460034,0.63476986,-1.32216,11.639999,1.0,1.7375976,1
16:11:28.208671,79,0.6840572,2.8487246,0.8124242,-0.62636,62.239998,1.0,0.26910517,1
16:11:28.208671,79,0.48940304,2.8253453,0.8271773,-1.32216,41.12,1.0,1.4292791,1
16:11:28.208671,79,0.57641464,2.7993028,1.4605341,-0.76552004,17.52,1.0,7.9993954,1
16:11:28.208671,79,0.87418073,2.870219,0.50773585,-0.83496004,16.24,1.0,1.3836428,1
16:11:28.208671,79,0.5821619,2.8438578,0.9177963,-1.04384,54.239998,1.0,0.87407243,1
16:11:28.208671,79,0.73342234,2.8228383,0.95535654,-0.6958,23.64,1.0,1.4612167,1
16:11:28.208671,79,0.6313747,2.8673465,0.6669242,-1.32216,59.76,1.0,0.1631437,1
16:11:28.208671,79,0.44347057,2.8985026,0.65857595,-1.32216,23.64,1.0,2.821323,1
16:11:28.208671,79,0.600197,2.8732946,0.66533035,-1.32216,53.64,1.0,0.37852272,1
16:11:28.208671,79,0.7194726,2.9524946,0.58779013,-0.55664,8.24,0.824,0.2748156,1
16:11:28.208671,79,0.9997936,2.8340118,0.5174375,-0.83496004,10.88,1.0,3.8816397,1
16:11:28.208671,79,0.80863583,2.8544788,0.90841323,-0.83496004,24.24,1.0,2.0182552,1
16:11:28.208671,79,0.4347717,2.8416471,0.68488854,-1.32216,36.36,1.0,2.7347422,1
16:11:28.208671,79,0.5197043,2.8204718,0.82848316,-1.32216,48.239998,1.0,1.0261883,1
16:11:28.208671,79,0.58894974,2.860178,1.4488025,-0.76552004,20.76,1.0,8.352239,1
16:11:28.208671,79,0.9809225,2.78052,0.5454208,-0.83496004,18.64,1.0,3.7151682,1
16:11:28.208671,79,0.4749171,2.894067,0.6597644,-1.32216,27.519999,1.0,2.1510026,1
16:11:28.208671,79,0.6872632,2.9592886,0.5859697,-0.55664,6.24,0.624,0.33121377,1
16:11:28.208671,79,0.64319503,2.8427856,0.95001173,-0.6958,43.76,1.0,0.9789615,1
16:11:28.208671,79,0.6525463,2.8430574,0.781513,-0.62636,77.119995,1.0,0.13671593,1
16:11:28.208671,79,0.45905286,2.829926,0.82594985,-1.32216,33.88,1.0,1.9177752,1
16:11:28.208671,79,0.4038985,2.8456976,0.68380326,-1.32216,29.359999,1.0,3.4681828,1
16:11:28.208671,79,0.89390886,2.8503938,0.62687105,-0.83496004,26.64,1.0,1.7552867,1
16:11:28.208671,79,0.8475587,2.9222178,0.5959028,-0.83496004,15.5199995,1.0,1.0193597,1
16:11:28.208671,79,0.6742911,2.9034321,0.61265945,-1.32216,25.119999,1.0,0.13979521,1
16:11:28.208671,79,0.56895924,2.8789413,0.66381735,-1.32216,45.879997,1.0,0.6850809,1
16:11:28.208671,79,0.62189865,2.8492124,0.7798637,-0.62636,89.119995,1.0,0.21532245,1
16:11:28.208671,79,0.5063161,2.889328,0.6610342,-1.32216,32.239998,1.0,1.571429,1
16:11:28.208671,79,0.78367233,2.937975,0.5916807,-0.83496004,13.5199995,1.0,0.4531651,1
16:11:28.208671,79,0.49638453,2.8326526,0.68729866,-1.32216,57.76,1.0,1.531154,1
16:11:28.208671,79,0.7374234,2.8897958,0.61631334,-0.83496004,32.52,1.0,0.1315317,1
16:11:28.208671,79,0.41197965,2.902634,0.6574689,-1.32216,20.64,1.0,3.5822184,1
16:11:28.208671,79,0.86277807,2.8588781,0.6245977,-0.83496004,29.76,1.0,1.2429638,1
16:11:28.208671,79,0.70589256,2.8967664,0.61444557,-0.83496004,29.359999,1.0,0.08862277,1
16:11:28.208671,79,0.527118,2.8277092,0.6886232,-1.32216,71.88,1.0,1.0613122,1
16:11:28.208671,79,0.76888055,2.8825207,0.6182627,-0.83496004,33.64,1.0,0.26849085,1
16:11:28.208671,79,0.5376646,2.884286,0.6623853,-1.32216,38.36,1.0,1.0827482,1
16:11:28.208671,79,0.93717456,2.8527222,0.5124241,-0.83496004,14.12,1.0,2.440808,1
16:11:28.208671,79,0.654985,2.9657714,0.5842327,-0.55664,5.0,0.5,0.48467588,1
16:11:28.208671,79,0.9502515,2.789847,0.54292166,-0.83496004,21.0,1.0,2.9667187,1
16:11:28.208671,79,0.70341593,2.829778,0.9534971,-0.6958,29.359999,1.0,1.214827,1
16:11:28.208671,79,0.6733391,2.8364272,0.95171547,-0.6958,36.239998,1.0,1.0540617,1
16:11:28.208671,79,0.71461266,2.8419695,0.81423426,-0.83496004,48.76,1.0,0.3804907,1
16:11:28.208671,79,0.74509674,2.8349197,0.81612325,-0.83496004,38.12,1.0,0.5803854,1
16:11:28.208671,79,0.6022079,2.8302984,1.0845861,-0.6958,17.88,1.0,2.133218,1
16:11:28.208671,79,0.46560138,2.8372986,0.68605375,-1.32216,45.76,1.0,2.0890107,1
16:11:28.208671,79,0.75542325,2.840552,0.67410374,-0.83496004,43.36,1.0,0.21392949,1
16:11:28.208671,79,0.64262223,2.9097924,0.61095524,-1.32216,20.88,1.0,0.28505385,1
16:11:28.208671,79,0.75161004,2.9453897,0.5896939,-0.83496004,10.76,1.0,0.31547672,1
16:11:28.208671,79,0.91948545,2.7988772,0.5405021,-0.83496004,23.64,1.0,2.3110406,1
16:11:28.208671,79,0.8782633,2.8089874,0.6825614,-0.83496004,26.24,1.0,1.7225697,1
16:11:28.208671,79,0.55779886,2.8224695,0.6900272,-1.32216,85.24,1.0,0.67960155,1
16:11:28.208671,79,0.7245167,2.8476996,0.6721885,-0.83496004,51.0,1.0,0.06440036,1
16:11:28.208671,79,0.5518628,2.8493347,0.9163287,-1.04384,53.239998,1.0,1.0686023,1
16:11:28.266001,80,0.6910471,2.9513845,-0.15168679,-0.6958,31.519999,1.0,0.97253215,1
16:11:28.266001,80,0.57665074,2.9983945,-0.52412695,-1.1830001,79.759995,1.0,1.7764226,1
16:11:28.266001,80,0.7508335,2.9405024,-0.030349495,-0.6958,20.359999,1.0,2.2895825,1
16:11:28.266001,80,0.3870831,2.96077,-0.54335475,-1.11328,19.76,1.0,5.091803,1
16:11:28.266001,80,0.47324085,2.9324727,0.08913913,-0.62636,17.76,1.0,3.6437159,1
16:11:28.266001,80,0.54019105,3.1469245,-0.44995677,-0.55664,11.5199995,1.0,2.5509937,1
16:11:28.266001,80,0.55779886,3.0653422,-0.5348277,-1.1830001,41.12,1.0,0.42086452,1
16:11:28.266001,80,0.5086953,3.152169,-0.44995677,-1.11328,10.88,1.0,3.241718,1
16:11:28.266001,80,0.7182796,2.813011,0.17440532,-0.76552004,20.119999,1.0,3.2318382,1
16:11:28.266001,80,0.7205259,2.9443266,-0.15168679,-0.6958,25.24,1.0,1.5717493,1
16:11:28.266001,80,0.5025414,2.9275937,0.08913913,-0.62636,22.24,1.0,2.8791742,1
16:11:28.266001,80,0.57641464,2.8435428,0.20342878,-0.76552004,35.0,1.0,2.0612884,1
16:11:28.266001,80,0.6301152,2.9563103,-0.2727814,-0.62636,46.879997,1.0,0.61127996,1
16:11:28.266001,80,0.4647789,3.075252,-0.56595725,-1.11328,32.36,1.0,1.2850444,1
16:11:28.266001,80,0.42532015,3.0181267,-0.5546336,-1.11328,46.52,1.0,2.534212,1
16:11:28.266001,80,0.7899489,3.0936904,-0.44995677,-0.62636,10.76,1.0,3.4703286,1
16:11:28.266001,80,0.4896086,2.8522525,0.2903655,-0.76552004,22.119999,1.0,4.553152,1
16:11:28.266001,80,0.36487657,3.026029,-0.5546336,-1.11328,28.64,1.0,3.761676,1
16:11:28.266001,80,0.5638796,2.7817054,0.19900489,-0.76552004,17.52,1.0,2.7515018,1
16:11:28.266001,80,0.7654996,2.9979396,-0.15483548,-0.6958,20.119999,1.0,2.4576988,1
16:11:28.266001,80,0.68312865,3.0548718,-0.44113067,-0.55664,23.88,1.0,0.9539953,1
16:11:28.266001,80,0.7348919,2.87807,0.08913913,-0.76552004,21.359999,1.0,2.497781,1
16:11:28.266001,80,0.6771874,2.8921912,0.08913913,-0.76552004,32.239998,1.0,1.593258,1
16:11:28.266001,80,0.619212,2.9051557,0.08913913,-0.76552004,39.64,1.0,1.3724148,1
16:11:28.266001,80,0.65964633,2.9498615,-0.2727814,-0.6958,39.0,1.0,1.1020913,1
16:11:28.266001,80,0.74509674,3.0447319,-0.40980595,-0.55664,17.24,1.0,2.1330893,1
16:11:28.266001,80,0.40318498,3.083932,-0.56595725,-1.11328,23.76,1.0,2.5543973,1
16:11:28.266001,80,0.5380386,2.956751,-0.42351335,-1.11328,52.64,1.0,1.7680769,1
16:11:28.266001,80,0.5609889,2.916958,0.08913913,-0.62636,33.64,1.0,1.8094156,1
16:11:28.266001,80,0.60301733,3.135492,-0.44995677,-0.55664,12.0,1.0,1.6852697,1
16:11:28.266001,80,0.5194323,2.8545017,0.20342878,-0.76552004,26.88,1.0,2.7117422,1
16:11:28.266001,80,0.7136427,3.0478878,-0.44113067,-0.55664,20.119999,1.0,1.5586786,1
16:11:28.266001,80,0.64949435,3.0472314,-0.5348277,-0.62636,28.64,1.0,1.2254138,1
16:11:28.266001,80,0.6703706,2.9978192,-0.4016066,-0.55664,40.12,1.0,1.2620155,1
16:11:28.266001,80,0.63316643,2.8314466,0.20342878,-0.76552004,33.52,1.0,2.0411136,1
16:11:28.266001,80,0.34142983,3.0913785,-0.56595725,-1.11328,17.64,1.0,4.487667,1
16:11:28.266001,80,0.5901299,2.9112024,0.08913913,-0.62636,38.12,1.0,1.5102707,1
16:11:28.266001,80,0.46106207,2.8570058,0.2903655,-0.76552004,17.88,1.0,5.363231,1
16:11:28.266001,80,0.43400365,3.079746,-0.56595725,-1.11328,27.88,1.0,1.8352399,1
16:11:28.266001,80,0.49550766,3.0704505,-0.56595725,-1.11328,36.88,1.0,0.90687114,1
16:11:28.266001,80,0.4771487,3.1570983,-0.44995677,-1.11328,10.36,1.0,4.0998,1
16:11:28.266001,80,0.6614488,2.8249736,0.20342878,-0.76552004,29.359999,1.0,2.2749357,1
16:11:28.266001,80,0.33459854,3.0295265,-0.5546336,-1.11328,22.88,1.0,4.6235976,1
16:11:28.266001,80,0.6967966,3.1159933,-0.44995677,-0.55664,11.639999,1.0,1.72878,1
16:11:28.266001,80,0.70341593,3.0042105,-0.27844375,-0.6958,31.359999,1.0,1.032401,1
16:11:28.266001,80,0.45547962,3.0137227,-0.5546336,-1.11328,59.52,1.0,2.1743376,1
16:11:28.266001,80,0.4470068,2.9576614,-0.51346844,-1.11328,30.519999,1.0,3.733362,1
16:11:28.266001,80,0.7636354,2.8705773,0.08913913,-0.6958,17.119999,1.0,3.2146888,1
16:11:28.266001,80,0.41667095,2.956751,-0.54335475,-1.11328,24.359999,1.0,4.742987,1
16:11:28.266001,80,0.75897294,3.1014352,-0.44995677,-0.62636,11.12,1.0,2.6949062,1
16:11:28.266001,80,0.6738611,3.3242612,-1.394246,-0.76552004,11.0,1.0,10.87978,1
16:11:28.266001,80,0.74219966,3.1698515,-0.45878288,-0.62636,5.0,0.5,4.1840014,1
16:11:28.266001,80,0.6482321,2.8988185,0.08913913,-0.76552004,37.239998,1.0,1.3990082,1
16:11:28.266001,80,0.4320139,2.8584595,0.3192902,-0.76552004,14.5199995,1.0,6.8695655,1
16:11:28.266001,80,0.53179175,2.9224222,0.08913913,-0.62636,27.76,1.0,2.2667372,1
16:11:28.266001,80,0.5675787,2.951223,-0.42351335,-1.11328,55.64,1.0,2.0411365,1
16:11:28.266001,80,0.73342234,2.9970262,-0.27844375,-0.6958,24.88,1.0,1.6772771,1
16:11:28.266001,80,0.6048208,2.8376367,0.20342878,-0.76552004,35.76,1.0,1.9709164,1
16:11:28.266001,80,0.37232602,3.0878096,-0.56595725,-1.11328,20.359999,1.0,3.4395185,1
16:11:28.266001,80,0.7463733,2.8056877,0.17440532,-0.76552004,16.359999,1.0,4.0239882,1
16:11:28.266001,80,0.57163274,3.1413653,-0.44995677,-0.55664,11.88,1.0,2.0310242,1
16:11:28.266001,80,0.60660535,2.9924781,-0.52412695,-1.1830001,65.88,1.0,2.2411504,1
16:11:28.266001,80,0.5261869,3.0653422,-0.56595725,-1.1830001,40.239998,1.0,0.70384014,1
16:11:28.266001,80,0.47656056,2.9530435,-0.51346844,-1.11328,37.76,1.0,3.6673586,1
16:11:28.323373,81,0.76394093,2.766183,1.2280382,-0.62636,24.519999,1.0,2.020335,1
16:11:28.323373,81,0.46778923,2.875532,0.7728115,-0.83496004,12.0,1.0,5.510725,1
16:11:28.323373,81,0.7654996,2.855713,1.0745165,-0.6958,24.519999,1.0,1.9835962,1
16:11:28.323373,81,0.64319503,2.8427856,0.95001173,-0.76552004,45.76,1.0,0.86298805,1
16:11:28.323373,81,0.47656056,2.7195256,0.7397237,-0.83496004,81.52,1.0,3.4812157,1
16:11:28.323373,81,0.7755063,2.8275757,0.8180911,-0.76552004,10.36,1.0,1.0665027,1
16:11:28.323373,81,0.35745654,2.7228494,0.7078925,-0.83496004,38.64,1.0,5.3541093,1
16:11:28.323373,81,0.70589256,2.8967664,0.61444557,-0.83496004,5.3599997,0.536,2.3571723,1
16:11:28.323373,81,0.5604199,2.8606331,0.77680355,-0.83496004,14.5199995,1.0,2.1882238,1
16:11:28.323373,81,0.691047,2.7502244,1.353399,-0.76552004,35.88,1.0,1.8568678,1
16:11:28.323373,81,0.6614992,2.8180914,1.0878569,-0.6958,66.88,1.0,0.6185916,1
16:11:28.323373,81,0.6005211,2.790919,0.9697714,-0.6958,91.64,1.0,0.07908692,1
16:11:28.323373,81,0.5761751,2.89012,-0.18264814,-0.06972,12.36,1.0,10.736538,1
16:11:28.323373,81,0.6060328,2.7690191,1.348363,-0.76552004,42.36,1.0,1.5439498,1
16:11:28.323373,81,0.7026594,2.7022285,1.4525712,-0.76552004,23.88,1.0,4.094302,1
16:11:28.323373,81,0.49852526,2.7055316,0.87622494,-0.97412,44.36,1.0,3.109706,1
16:11:28.323373,81,0.58800614,2.7327557,0.9912416,-0.97412,59.0,1.0,1.1826531,1
16:11:28.323373,81,0.5380386,2.746389,0.82565403,-0.83496004,99.64,1.0,1.3625225,1
16:11:28.323373,81,0.48018724,2.7535558,1.4682119,-0.76552004,21.359999,1.0,3.864119,1
16:11:28.323373,81,0.8058383,2.8199382,0.8201375,-0.76552004,9.5199995,0.95199996,1.6775724,1
16:11:28.323373,81,0.7050035,2.8603132,1.0412596,-0.6958,33.76,1.0,1.8377199,1
16:11:28.323373,81,0.4908618,2.8147676,1.4563903,-0.76552004,22.119999,1.0,6.6700068,1
16:11:28.323373,81,0.8793763,2.9138772,0.5981376,-0.27832,7.3599997,0.736,4.3437705,1
16:11:28.323373,81,0.7205259,2.8047416,1.091434,-0.6958,45.12,1.0,0.63130903,1
16:11:28.323373,81,0.6910471,2.8115592,1.0896072,-0.6958,55.12,1.0,0.52170384,1
16:11:28.323373,81,0.59118885,2.8550713,0.77829385,-0.76552004,14.759999,1.0,1.4415678,1
16:11:28.323373,81,0.5360348,2.7437396,1.4708422,-0.76552004,28.76,1.0,2.841846,1
16:11:28.323373,81,0.6525463,2.8430574,0.781513,-0.76552004,14.12,1.0,0.5333574,1
16:11:28.323373,81,0.51899886,2.808557,0.79989475,-0.83496004,52.879997,1.0,1.0877517,1
16:11:28.323373,81,0.83608973,2.8120081,0.82226235,-0.76552004,8.88,0.88799995,2.5329325,1
16:11:28.323373,81,0.6198005,2.721391,1.4474366,-0.76552004,32.88,1.0,2.4744692,1
16:11:28.323373,81,0.7374234,2.8897958,0.61631334,-0.83496004,6.3599997,0.636,2.0567749,1
16:11:28.323373,81,0.7063575,2.7803855,1.2242327,-0.62636,36.239998,1.0,1.0330259,1
16:11:28.323373,81,0.76888055,2.8825207,0.6182627,-0.27832,7.12,0.712,1.9848198,1
16:11:28.323373,81,0.49871704,2.8708642,0.7740622,-0.83496004,12.88,1.0,4.229962,1
16:11:28.323373,81,0.7192507,2.7434132,1.3552241,-0.76552004,30.119999,1.0,2.3568852,1
16:11:28.323373,81,0.50813645,2.7487826,1.4694909,-0.76552004,25.0,1.0,3.2729163,1
16:11:28.323373,81,0.9605388,2.9509435,0.5764827,-0.27832,6.0,0.59999996,7.526146,1
16:11:28.323373,81,0.6477134,2.759362,1.1068662,-0.62636,51.0,1.0,0.5127855,1
16:11:28.323373,81,0.6302594,2.8538136,0.6376778,-0.83496004,6.8799996,0.68799996,1.1127326,1
16:11:28.323373,81,0.3870831,2.7192535,0.708856,-0.83496004,46.76,1.0,4.8786974,1
16:11:28.323373,81,0.75408876,2.8270667,0.64484465,-0.76552004,8.24,0.824,1.4344128,1
16:11:28.323373,81,0.4470068,2.7239861,0.7385285,-0.83496004,68.76,1.0,3.5378897,1
16:11:28.323373,81,0.661319,2.847576,0.6393492,-0.76552004,7.8799996,0.788,0.8621798,1
16:11:28.323373,81,0.5492071,2.803398,0.80127716,-0.83496004,55.52,1.0,0.61414355,1
16:11:28.323373,81,0.5194323,2.8098881,1.4576977,-0.76552004,27.119999,1.0,5.6094646,1
16:11:28.323373,81,0.7754393,2.728975,1.3590928,-0.76552004,20.119999,1.0,3.9915056,1
16:11:28.323373,81,0.89390886,2.8503938,0.62687105,-0.27832,7.52,0.752,4.15158,1
16:11:28.323373,81,0.5785152,2.6720953,1.4854593,-0.76552004,9.639999,0.964,4.305689,1
16:11:28.323373,81,0.64748585,2.7152705,1.4490767,-0.76552004,30.76,1.0,2.8192773,1
16:11:28.323373,81,0.73548245,2.862962,1.0725741,-0.6958,28.64,1.0,2.1726692,1
16:11:28.323373,81,0.74738234,2.7363298,1.3571221,-0.76552004,24.64,1.0,3.0661197,1
16:11:28.323373,81,0.39581734,2.7887611,0.7101376,-0.83496004,32.36,1.0,3.664602,1
16:11:28.323373,81,0.911106,2.90523,0.6004547,-0.27832,8.12,0.812,4.7520523,1
16:11:28.323373,81,0.61028415,2.8040981,0.8328704,-0.76552004,51.239998,1.0,0.127612,1
16:11:28.323373,81,0.41740832,2.7281609,0.73740983,-0.83496004,56.879997,1.0,3.7770126,1
16:11:28.323373,81,0.43974778,2.7031593,0.8463748,-0.83496004,30.88,1.0,3.8445818,1
16:11:28.323373,81,0.8155634,2.8119044,0.64890736,-0.76552004,7.52,0.752,2.999012,1
16:11:28.323373,81,0.5060667,2.7147799,0.7409953,-0.83496004,92.88,1.0,3.6132493,1
16:11:28.323373,81,0.57679,2.7935793,1.4320203,-0.76552004,38.239998,1.0,3.3231745,1
16:11:28.323373,81,0.591668,2.7328465,1.473761,-0.76552004,33.239998,1.0,2.484245,1
16:11:28.323373,81,1.0057358,2.877455,0.607897,-0.27832,8.24,0.824,7.636958,1
16:11:28.323373,81,0.8461799,2.8038788,0.65105784,-0.76552004,6.7599998,0.676,4.1607175,1
16:11:28.323373,81,0.5991367,2.8597512,0.6360868,-0.83496004,5.7599998,0.576,1.5709262,1
16:11:28.378373,82,0.58800614,2.9007254,-0.26709658,-0.62636,105.36,1.0,0.50267315,1
16:11:28.378373,82,0.7026594,2.7518375,0.17061259,-0.76552004,25.64,1.0,1.1148565,1
16:11:28.378373,82,0.7035338,2.874891,-0.26709658,-0.6958,45.52,1.0,1.5029145,1
16:11:28.378373,82,0.75895846,2.759154,0.8131322,-0.55664,31.0,1.0,2.8637207,1
16:11:28.378373,82,0.6193972,2.7698722,0.19900489,-0.76552004,38.12,1.0,0.91515183,1
16:11:28.378373,82,0.66224396,2.8283696,-0.14536442,-0.6958,35.52,1.0,1.0387981,1
16:11:28.378373,82,0.50813645,2.7924259,0.19900489,-0.76552004,28.24,1.0,2.5163283,1
16:11:28.378373,82,0.71867514,2.81456,-0.14536442,-0.6958,23.88,1.0,1.9314531,1
16:11:28.378373,82,0.4615016,2.8597295,-0.26141176,-0.62636,26.519999,1.0,2.1095047,1
16:11:28.378373,82,0.69049406,2.821606,-0.14536442,-0.6958,29.24,1.0,1.4169492,1
16:11:28.378373,82,0.5518628,3.0327208,-0.30928394,-0.76552004,21.24,1.0,1.373778,1
16:11:28.378373,82,0.80625355,2.7433403,0.9825201,-0.6958,24.119999,1.0,4.0767374,1
16:11:28.378373,82,0.67993367,3.040584,-0.5348277,-0.6958,12.12,1.0,1.7690214,1
16:11:28.378373,82,0.6703706,2.9978192,-0.4016066,-0.76552004,39.879997,1.0,0.9341716,1
16:11:28.378373,82,0.41993973,2.9799466,-0.39343962,-0.83496004,29.64,1.0,2.7344298,1
16:11:28.378373,82,0.9319705,2.7361755,0.5709531,-0.55664,10.36,1.0,3.138748,1
16:11:28.378373,82,0.61028415,3.0106263,-0.4016066,-0.76552004,30.76,1.0,0.70876455,1
16:11:28.378373,82,0.74783206,2.758352,0.9784977,-0.6958,39.36,1.0,4.991111,1
16:11:28.378373,82,0.8155634,2.8119044,0.64890736,-0.55664,14.5199995,1.0,1.8380643,1
16:11:28.378373,82,0.63392764,2.8348505,-0.14536442,-0.6958,41.64,1.0,0.7956995,1
16:11:28.378373,82,0.46945885,2.909037,-0.3852403,-0.83496004,50.879997,1.0,1.7363439,1
16:11:28.378373,82,0.5200568,2.8579333,-0.14536442,-0.6958,39.12,1.0,1.1475093,1
16:11:28.378373,82,0.5360348,2.787205,0.19900489,-0.76552004,33.12,1.0,1.9300729,1
16:11:28.378373,82,0.8595147,2.7407217,0.6797038,-0.62636,21.76,1.0,1.9489001,1
16:11:28.378373,82,0.7232368,3.0888634,-0.5772809,-0.55664,9.0,0.9,2.8907206,1
16:11:28.378373,82,0.77708167,2.7509873,0.9804711,-0.6958,30.519999,1.0,4.4668546,1
16:11:28.378373,82,0.44971767,2.9755983,-0.39343962,-0.83496004,37.879997,1.0,2.0550585,1
16:11:28.378373,82,0.65964633,2.9498615,-0.2727814,-0.6958,92.0,1.0,0.38637096,1
16:11:28.378373,82,0.69231254,3.095941,-0.5772809,-0.55664,6.7599998,0.676,2.4793372,1
16:11:28.378373,82,0.9431804,2.6735363,0.60138744,-0.55664,13.12,1.0,4.4417076,1
16:11:28.378373,82,0.48018724,2.7973676,0.19900489,-0.76552004,23.64,1.0,3.2243793,1
16:11:28.378373,82,0.5486096,2.85259,-0.14536442,-0.6958,44.76,1.0,0.8635777,1
16:11:28.378373,82,0.88936174,2.732275,0.681967,-0.62636,18.359999,1.0,2.3279865,1
16:11:28.378373,82,0.5293732,2.909131,-0.29667997,-0.62636,85.52,1.0,0.86844844,1
16:11:28.378373,82,0.84118044,2.7618685,0.5640687,-0.55664,15.12,1.0,1.4713266,1
16:11:28.378373,82,0.4111881,2.9178438,-0.3852403,-0.83496004,30.0,1.0,2.7703302,1
16:11:28.378373,82,0.81824917,2.7439191,0.8172145,-0.55664,22.0,1.0,2.4613194,1
16:11:28.378373,82,0.5604199,3.079746,-0.44113067,-0.6958,5.12,0.51199996,1.7669005,1
16:11:28.378373,82,0.70031476,2.9909658,-0.4016066,-0.55664,39.76,1.0,1.2616657,1
16:11:28.378373,82,0.8772126,2.7275417,0.8216028,-0.55664,18.76,1.0,2.62212,1
16:11:28.378373,82,0.591668,2.7759275,0.19900489,-0.76552004,38.879997,1.0,1.1281838,1
16:11:28.378373,82,0.46108562,3.0508153,-0.27844375,-0.76552004,13.639999,1.0,3.6131454,1
16:11:28.378373,82,0.90179634,2.745032,0.56858,-0.55664,12.12,1.0,2.4308116,1
16:11:28.378373,82,1.0196925,2.693424,0.5497946,-0.55664,6.8799996,0.68799996,6.672463,1
16:11:28.378373,82,0.87153196,2.7535968,0.56628513,-0.55664,14.0,1.0,1.8753362,1
16:11:28.378373,82,0.44034547,2.9135861,-0.3852403,-0.83496004,38.76,1.0,2.1888967,1
16:11:28.378373,82,0.5703232,2.9654934,-0.30299443,-0.76552004,108.119995,1.0,0.5121529,1
16:11:28.378373,82,0.6470645,2.76354,0.19900489,-0.76552004,34.88,1.0,0.82911754,1
16:11:28.378373,82,0.97783756,3.160385,0.14353976,-0.06972,11.0,1.0,10.419503,1
16:11:28.378373,82,0.6403594,3.004373,-0.4016066,-0.76552004,36.239998,1.0,0.75036055,1
16:11:28.378373,82,0.52150846,3.0380878,-0.30928394,-0.76552004,18.0,1.0,1.8853706,1
16:11:28.378373,82,0.96205145,2.7270281,0.57340413,-0.55664,9.0,0.9,4.0001197,1
16:11:28.378373,82,0.49007535,2.8549716,-0.26141176,-0.62636,32.64,1.0,1.7206091,1
16:11:28.378373,82,0.76946986,2.7643256,0.6733791,-0.55664,25.24,1.0,1.6888344,1
16:11:28.378373,82,0.831561,2.8670611,0.62240505,-0.55664,5.24,0.524,2.4930844,1
16:11:28.378373,82,0.4915702,3.046052,-0.27844375,-0.76552004,15.639999,1.0,2.788558,1
16:11:28.378373,82,0.58014786,3.0165784,-0.4016066,-0.76552004,25.519999,1.0,0.8079075,1
16:11:28.378373,82,0.5638796,2.7817054,0.19900489,-0.76552004,37.0,1.0,1.4669235,1
16:11:28.378373,82,0.7185077,2.9360795,-0.2727814,-0.6958,52.239998,1.0,0.99176776,1
16:11:28.378373,82,0.5771076,2.8469613,-0.14536442,-0.6958,47.64,1.0,0.7094113,1
16:11:28.378373,82,0.54064023,2.9710484,-0.30299443,-0.76552004,86.52,1.0,0.7890663,1
16:11:28.378373,82,0.6891115,2.9431176,-0.2727814,-0.6958,69.88,1.0,0.61832714,1
16:11:28.378373,82,0.4328817,2.8642015,-0.26141176,-0.62636,21.359999,1.0,2.6253324,1
16:11:28.378373,82,0.39011976,2.9839969,-0.39343962,-0.83496004,23.76,1.0,3.5434477,1
16:11:28.433505,83,0.82181334,3.3582234,-1.2229806,-0.06972,21.64,1.0,5.130498,1
16:11:28.433505,83,0.64834696,3.0418484,-0.56595725,-0.6958,6.0,0.59999996,0.05264311,1
16:11:28.433505,83,0.76088715,2.8602464,-0.26709658,-0.6958,22.0,1.0,1.3328075,1
16:11:28.433505,83,0.8155634,3.0657797,-0.5772809,-0.62636,6.24,0.624,3.7106273,1
16:11:28.433505,83,0.7291978,2.979763,-0.4323046,-0.6958,17.64,1.0,0.6672697,1
16:11:28.433505,83,0.7736558,2.9082448,-0.39343962,-0.62636,19.24,1.0,0.9690123,1
16:11:28.433505,83,0.6891115,2.9431176,-0.2727814,-0.62636,35.239998,1.0,1.4084866,1
16:11:28.433505,83,0.49118143,2.8614151,-0.17440532,-0.6958,47.64,1.0,3.7944293,1
16:11:28.433505,83,0.47260192,2.9285135,-0.17819804,-0.6958,49.12,1.0,2.0721865,1
16:11:28.433505,83,0.9431804,2.9444253,-0.6589939,-0.62636,9.36,0.936,3.5509434,1
16:11:28.433505,83,0.414169,2.938997,-0.1485256,-0.62636,27.519999,1.0,3.2172885,1
16:11:28.433505,83,0.5652357,2.7883952,-0.028452026,-0.6958,19.52,1.0,2.5037408,1
16:11:28.433505,83,0.87153196,3.030843,-0.672179,-0.62636,8.5199995,0.852,2.1151707,1
16:11:28.433505,83,0.6993642,2.986906,-0.4323046,-0.6958,16.76,1.0,0.38421658,1
16:11:28.433505,83,0.7630197,3.2587714,-1.3367974,-0.06972,31.64,1.0,5.5989623,1
16:11:28.433505,83,0.92229307,2.879219,-0.6760754,-0.62636,9.5199995,0.95199996,6.587234,1
16:11:28.433505,83,0.55081356,3.413158,-1.2229806,-0.06972,15.759999,1.0,4.941478,1
16:11:28.433505,83,0.8144222,2.9427218,-0.52412695,-0.62636,16.119999,1.0,1.1807203,1
16:11:28.433505,83,0.85443646,2.9713917,-0.6589939,-0.62636,14.24,1.0,1.7773306,1
16:11:28.433505,83,0.7554088,2.9584208,-0.52412695,-0.62636,17.359999,1.0,0.5985167,1
16:11:28.433505,83,0.82803065,2.9918928,-0.5970302,-0.62636,15.12,1.0,1.1637238,1
16:11:28.433505,83,0.4829265,2.9924905,-0.15168679,-0.6958,26.519999,1.0,3.3070357,1
16:11:28.433505,83,0.584917,3.4074793,-1.2229806,-0.06972,19.119999,1.0,4.421315,1
16:11:28.433505,83,0.6335787,2.8332903,-0.17440532,-0.6958,43.64,1.0,1.4873568,1
16:11:28.433505,83,0.5893332,2.907272,-0.17819804,-0.6958,100.88,1.0,0.876492,1
16:11:28.433505,83,0.6052146,2.8394842,-0.17440532,-0.6958,53.239998,1.0,1.6909364,1
16:11:28.433505,83,0.6703706,2.9978192,-0.4016066,-0.6958,15.12,1.0,0.62208796,1
16:11:28.433505,83,0.6473569,2.8949046,-0.17819804,-0.76552004,65.64,1.0,1.0124016,1
16:11:28.433505,83,0.8891152,3.2126074,-1.3701991,-0.06972,16.119999,1.0,6.8150334,1
16:11:28.433505,83,0.4625432,2.8661838,-0.17440532,-0.6958,38.0,1.0,4.667676,1
16:11:28.433505,83,0.7471198,2.9259584,-0.30299443,-0.62636,23.519999,1.0,1.5885885,1
16:11:28.433505,83,0.79956573,3.005643,-0.56595725,-0.62636,14.5199995,1.0,1.0039594,1
16:11:28.433505,83,0.54830766,2.8510199,-0.17440532,-0.6958,62.239998,1.0,2.4750626,1
16:11:28.433505,83,0.60187644,2.9691498,-0.18199076,-0.6958,48.12,1.0,2.9451053,1
16:11:28.433505,83,0.7051217,2.8813796,-0.17819804,-0.76552004,36.76,1.0,1.5840309,1
16:11:28.433505,83,0.50774413,3.3595357,-1.2018875,-0.06972,14.36,1.0,5.9303846,1
16:11:28.433505,83,0.5310738,2.9184766,-0.17819804,-0.6958,86.36,1.0,1.2156881,1
16:11:28.433505,83,0.618962,3.4014597,-1.2229806,-0.06972,22.88,1.0,4.0709896,1
16:11:28.433505,83,0.37656972,2.8803537,-0.14536442,-0.6958,18.64,1.0,7.120384,1
16:11:28.433505,83,0.40535393,2.876444,-0.14536442,-0.6958,23.359999,1.0,5.8859053,1
16:11:28.433505,83,0.51977056,2.8563604,-0.17440532,-0.6958,56.879997,1.0,3.065312,1
16:11:28.433505,83,0.605628,2.708298,0.194581,-0.76552004,14.12,1.0,3.0529199,1
16:11:28.433505,83,0.82803816,3.2428603,-1.3367974,-0.06972,23.64,1.0,4.9452295,1
16:11:28.433505,83,0.8423176,2.929247,-0.5546336,-0.62636,14.36,1.0,1.8065338,1
16:11:28.433505,83,0.90179634,3.0219762,-0.672179,-0.62636,8.76,0.876,2.8397124,1
16:11:28.433505,83,0.6787325,3.0352128,-0.56595725,-0.6958,7.7599998,0.77599996,0.0021261717,1
16:11:28.433505,83,0.42342865,3.0047047,-0.060695954,-0.6958,17.76,1.0,6.0955167,1
16:11:28.433505,83,0.8841072,2.9626987,-0.6589939,-0.62636,12.759999,1.0,2.2613711,1
16:11:28.433505,83,0.65964633,2.9498615,-0.2727814,-0.6958,41.879997,1.0,1.0980386,1
16:11:28.433505,83,0.7955687,3.2509785,-1.3367974,-0.06972,28.0,1.0,5.192387,1
16:11:28.433505,83,0.6124028,3.0210779,-0.30928394,-0.6958,11.12,1.0,2.4978516,1
16:11:28.433505,83,0.6082866,3.342794,-1.2018875,-0.06972,25.64,1.0,3.2821562,1
16:11:28.433505,83,0.5918588,2.6467235,0.19015712,-0.76552004,6.24,0.624,5.459456,1
16:11:28.433505,83,0.8715675,2.9206774,-0.5546336,-0.62636,12.639999,1.0,2.291432,1
16:11:28.433505,83,0.61837596,2.9012334,-0.17819804,-0.6958,85.36,1.0,0.887587,1
16:11:28.433505,83,0.54267573,2.982234,-0.15168679,-0.6958,39.239998,1.0,3.433078,1
16:11:28.433505,83,0.84118044,3.0394065,-0.672179,-0.62636,7.64,0.764,1.4916564,1
16:11:28.433505,83,0.7881906,3.3662736,-1.2229806,-0.06972,25.24,1.0,4.6116323,1
16:11:28.433505,83,0.6403594,3.004373,-0.4016066,-0.6958,13.12,1.0,0.46911207,1
16:11:28.433505,83,0.6301152,2.9563103,-0.2727814,-0.6958,46.879997,1.0,0.8965445,1
16:11:28.433505,83,0.754489,3.373987,-1.2229806,-0.06972,28.359999,1.0,4.2209945,1
16:11:28.433505,83,0.5748288,3.3487096,-1.2018875,-0.06972,21.24,1.0,3.9841678,1
16:11:28.433505,83,0.9898722,2.9870365,-0.7036814,-0.55664,7.24,0.724,4.8449883,1
16:11:28.433505,83,0.51282674,2.9875116,-0.15168679,-0.6958,32.52,1.0,3.3093526,1
16:11:28.484428,84,0.4615016,2.6946282,1.0073432,-0.76552004,65.64,1.0,1.4901651,1
16:11:28.484428,84,0.7035338,2.7078018,0.99792796,-0.83496004,30.519999,1.0,2.067947,1
16:11:28.484428,84,0.58800614,2.7327557,0.9912416,-0.76552004,71.64,1.0,0.6469306,1
16:11:28.484428,84,0.7332604,2.6827776,-0.08759216,-0.76552004,6.7599998,0.676,4.0087714,1
16:11:28.484428,84,0.85181993,2.9466696,0.10781637,-0.13916,31.76,1.0,1.9239376,1
16:11:28.484428,84,0.93897027,2.8430305,-0.0060732327,-0.13916,21.52,1.0,4.509126,1
16:11:28.484428,84,0.6164047,2.9963267,0.09451078,-0.13916,28.64,1.0,2.7768993,1
16:11:28.484428,84,0.37551492,2.7067566,1.0040934,-0.76552004,32.36,1.0,3.570392,1
16:11:28.484428,84,0.6460278,2.5989108,1.0388759,-0.83496004,30.0,1.0,1.5535321,1
16:11:28.484428,84,0.9212052,2.6987526,-0.30582723,-0.13916,36.36,1.0,7.305385,1
16:11:28.484428,84,0.80625707,2.8215349,-0.19945768,-0.13916,45.64,1.0,3.559805,1
16:11:28.484428,84,0.57549113,2.6745925,1.0127118,-0.76552004,87.119995,1.0,0.64781743,1
16:11:28.484428,84,0.45170912,2.8163338,0.96296155,-0.76552004,17.52,1.0,2.2724016,1
16:11:28.484428,84,0.7732708,2.8291636,-0.20150176,-0.13916,44.76,1.0,3.5204012,1
16:11:28.484428,84,0.6751064,2.6205673,1.12119,-0.83496004,25.359999,1.0,2.5492756,1
16:11:28.484428,84,0.54707295,2.6800141,1.011259,-0.76552004,95.0,1.0,0.6512746,1
16:11:28.484428,84,0.54514635,3.0273445,0.24645709,-0.62636,18.76,1.0,3.7884262,1
16:11:28.484428,84,0.6747502,2.7144585,0.9961443,-0.83496004,38.52,1.0,1.4978979,1
16:11:28.484428,84,0.5186001,2.6851609,1.00988,-0.76552004,92.24,1.0,0.79282516,1
16:11:28.484428,84,0.6184048,2.6050174,1.0372397,-0.83496004,34.76,1.0,1.159486,1
16:11:28.484428,84,0.68856,2.6501696,1.0192558,-0.83496004,35.52,1.0,2.013257,1
16:11:28.484428,84,0.5298779,2.743554,0.9883482,-0.76552004,76.24,1.0,0.79695755,1
16:11:28.484428,84,0.45146552,2.6360292,1.0289301,-0.48720002,32.12,1.0,1.5798793,1
16:11:28.484428,84,0.78008103,2.9825237,0.25846678,-0.62636,33.64,1.0,0.9604324,1
16:11:28.484428,84,0.4328817,2.698948,1.0061858,-0.76552004,51.879997,1.0,2.0458171,1
16:11:28.484428,84,0.5589699,2.7382953,0.98975724,-0.76552004,78.0,1.0,0.6501604,1
16:11:28.484428,84,0.5788989,3.0219157,0.24791172,-0.62636,23.64,1.0,2.8122365,1
16:11:28.484428,84,0.4715377,2.7532272,0.9857562,-0.76552004,55.879997,1.0,1.5212114,1
16:11:28.484428,84,0.47941786,2.6315334,1.0301347,-0.55664,36.64,1.0,1.1780752,1
16:11:28.484428,84,0.5825004,3.002117,0.09295927,-0.13916,22.88,1.0,3.6741164,1
16:11:28.484428,84,0.7132967,2.996949,0.2546015,-0.62636,37.879997,1.0,0.8148535,1
16:11:28.484428,84,0.71534,2.721702,0.86340344,-0.83496004,17.359999,1.0,1.4350687,1
16:11:28.484428,84,0.49007535,2.6900325,1.0085746,-0.76552004,80.52,1.0,1.0724704,1
16:11:28.484428,84,0.7849341,2.9624798,0.10358,-0.13916,43.64,1.0,1.1994338,1
16:11:28.484428,84,0.63215196,2.6629272,1.0158374,-0.76552004,58.0,1.0,1.0549433,1
16:11:28.484428,84,0.67979586,3.0036771,0.2527987,-0.62636,34.52,1.0,1.0280175,1
16:11:28.484428,84,0.5113903,2.8070307,0.96545434,-0.76552004,23.0,1.0,1.2226347,1
16:11:28.484428,84,0.75137174,2.9698997,0.101591855,-0.13916,46.76,1.0,1.1272796,1
16:11:28.484428,84,0.65901804,2.7682128,0.9445767,-0.83496004,23.24,1.0,1.0054095,1
16:11:28.484428,84,0.88912386,2.707496,-0.30817,-0.13916,40.76,1.0,6.625411,1
16:11:28.484428,84,0.91268706,2.9498174,0.26723036,-0.62636,14.759999,1.0,3.532546,1
16:11:28.484428,84,0.6169835,2.726936,0.99280095,-0.76552004,60.52,1.0,0.7872177,1
16:11:28.484428,84,0.6458992,2.7208369,0.99443525,-0.76552004,48.76,1.0,1.0709227,1
16:11:28.484428,84,0.5999491,2.780374,0.9413181,-0.83496004,27.119999,1.0,0.6004956,1
16:11:28.484428,84,0.90439814,2.7540083,-0.34782222,-0.13916,32.239998,1.0,6.504848,1
16:11:28.484428,84,0.5485378,3.0075796,0.09149558,-0.13916,18.359999,1.0,4.7651286,1
16:11:28.484428,84,0.4815738,2.8118262,0.9641693,-0.76552004,20.24,1.0,1.6730183,1
16:11:28.484428,84,0.44229543,2.7576408,0.98457366,-0.76552004,44.879997,1.0,2.098525,1
16:11:28.484428,84,0.3836811,2.7656195,0.98243576,-0.76552004,28.64,1.0,3.6828036,1
16:11:28.484428,84,0.81841797,2.9547362,0.1056549,-0.13916,38.0,1.0,1.46508,1
16:11:28.484428,84,0.6765973,2.8719673,-0.17778416,-0.13916,37.36,1.0,4.050293,1
16:11:28.484428,84,0.54064023,2.7913916,0.93836594,-0.76552004,25.359999,1.0,0.7915787,1
16:11:28.484428,84,0.660389,2.6566846,1.0175102,-0.76552004,45.239998,1.0,1.46529,1
16:11:28.484428,84,0.7467262,2.9898977,0.25649095,-0.62636,37.52,1.0,0.7923776,1
16:11:28.484428,84,0.40421852,2.7029908,1.0051024,-0.76552004,40.76,1.0,2.7392879,1
16:11:28.484428,84,0.7177343,2.976995,0.099690676,-0.13916,46.0,1.0,1.2488327,1
16:11:28.484428,84,0.63420177,2.6091108,1.27209,-0.76552004,10.88,1.0,2.9755888,1
16:11:28.484428,84,0.68402505,2.9837651,0.09787665,-0.13916,41.52,1.0,1.5642422,1
16:11:28.484428,84,0.59072006,2.6108572,1.0356749,-0.83496004,39.0,1.0,0.89789194,1
16:11:28.484428,84,0.50073284,2.7485316,0.9870145,-0.76552004,67.52,1.0,1.0873235,1
16:11:28.484428,84,0.6502474,2.990209,0.09614996,-0.13916,35.12,1.0,2.073592,1
16:11:28.484428,84,0.64622706,3.0100815,0.2510827,-0.62636,29.24,1.0,1.431962,1
16:11:28.484428,84,0.7322471,2.7008674,0.999786,-0.83496004,24.359999,1.0,2.7808247,1
16:11:28.484428,84,0.6529451,2.9628842,-0.0600251,-0.13916,32.36,1.0,3.1802466,1
16:11:28.543981,85,0.54392177,2.626801,0.8759724,-0.62636,174.12,1.0,0.7383961,1
16:11:28.543981,85,0.80052733,2.621399,1.0269649,-0.83496004,93.36,1.0,1.2030649,1
16:11:28.543981,85,0.5675787,2.741049,0.8270848,-0.34804,17.0,1.0,0.99170405,1
16:11:28.543981,85,0.46882161,2.6987712,0.84755063,-0.55664,50.64,1.0,2.0371027,1
16:11:28.543981,85,0.523279,2.5634518,1.0542625,-0.83496004,27.359999,1.0,1.590123,1
16:11:28.543981,85,0.59706205,2.7354243,0.828592,-0.34804,20.24,1.0,0.6911255,1
16:11:28.543981,85,0.8824132,2.6147714,0.7368519,-0.83496004,21.0,1.0,1.5831949,1
16:11:28.543981,85,0.4376911,2.6672177,0.7648178,-0.34804,43.0,1.0,2.7648425,1
16:11:28.543981,85,0.64305156,2.677959,0.883613,-0.83496004,116.88,1.0,0.11915661,1
16:11:28.543981,85,0.70107716,2.5858982,1.0423627,-0.83496004,108.64,1.0,0.75383836,1
16:11:28.543981,85,1.0265936,2.5104039,0.5028085,-0.90468,5.24,0.524,5.1350875,1
16:11:28.543981,85,0.7575326,2.650898,0.89086396,-0.83496004,77.36,1.0,0.27986476,1
16:11:28.543981,85,0.35062647,2.6786404,0.7617571,-0.62636,27.519999,1.0,4.929281,1
16:11:28.543981,85,0.7853812,2.6413827,0.45087892,-0.6958,7.64,0.764,2.1177418,1
16:11:28.543981,85,0.78531826,2.6011634,1.1558007,-0.83496004,61.239998,1.0,2.1185613,1
16:11:28.543981,85,0.63344085,2.5771854,1.1654984,-0.83496004,42.239998,1.0,1.6399306,1
16:11:28.543981,85,0.86452806,2.623391,0.5971398,-0.90468,13.0,1.0,1.7240561,1
16:11:28.543981,85,0.3425576,2.60936,0.761748,-0.62636,46.879997,1.0,4.8201694,1
16:11:28.543981,85,0.49784857,2.6941025,0.8488016,-0.55664,60.0,1.0,1.5388486,1
16:11:28.543981,85,0.7978604,2.6517525,0.7578834,-0.83496004,36.76,1.0,0.5920214,1
16:11:28.543981,85,0.5504612,2.558266,1.055652,-0.83496004,32.12,1.0,1.3706852,1
16:11:28.543981,85,0.9156917,2.5628324,0.51979595,-0.90468,8.76,0.876,2.7040339,1
16:11:28.543981,85,0.53209335,2.569677,0.90041614,-0.83496004,106.0,1.0,0.944825,1
16:11:28.543981,85,0.66046226,2.5709362,1.1671728,-0.83496004,41.239998,1.0,1.7082013,1
16:11:28.543981,85,0.7110279,2.6736162,0.75202507,-0.83496004,39.879997,1.0,0.24260484,1
16:11:28.543981,85,0.9984191,2.520184,0.50018793,-0.90468,6.12,0.612,4.4397607,1
16:11:28.543981,85,0.9675814,2.587965,0.7440346,-0.83496004,12.88,1.0,3.213497,1
16:11:28.543981,85,0.58811575,2.5697787,0.929577,-0.83496004,139.23999,1.0,0.5125402,1
16:11:28.543981,85,0.7150551,2.5819697,1.2505643,-0.83496004,33.64,1.0,2.6631773,1
16:11:28.543981,85,0.37968695,2.6751132,0.76270217,-0.34804,31.64,1.0,4.1386204,1
16:11:28.543981,85,0.65976006,2.6465962,0.99023825,-0.83496004,210.87999,1.0,0.24237686,1
16:11:28.543981,85,0.8125888,2.593446,1.1578686,-0.83496004,50.64,1.0,2.5270193,1
16:11:28.543981,85,0.6264857,2.7295148,0.8301754,-0.83496004,24.359999,1.0,0.46347272,1
16:11:28.543981,85,0.5091357,2.7631154,0.8523068,-0.34804,12.759999,1.0,1.7853899,1
16:11:28.543981,85,0.8355144,2.6316016,0.59493977,-0.76552004,14.759999,1.0,1.4277546,1
16:11:28.543981,85,0.8301955,2.6421022,1.1114932,-0.83496004,77.88,1.0,2.0416996,1
16:11:28.543981,85,0.5268257,2.6891537,0.85012764,-0.55664,71.24,1.0,1.1111076,1
16:11:28.543981,85,0.8266488,2.6439066,0.7599857,-0.83496004,31.119999,1.0,0.8537496,1
16:11:28.543981,85,0.939285,2.5971746,0.7415669,-0.83496004,14.88,1.0,2.5978038,1
16:11:28.543981,85,0.7726486,2.6289968,1.024929,-0.83496004,112.52,1.0,0.88669926,1
16:11:28.543981,85,0.8442666,2.625641,0.4550969,-0.83496004,8.88,0.88799995,2.4236543,1
16:11:28.543981,85,0.67358613,2.5925374,1.0405837,-0.83496004,126.64,1.0,0.64565116,1
16:11:28.543981,85,0.8455332,2.6601017,0.9800822,-0.83496004,45.52,1.0,1.4140921,1
16:11:28.543981,85,0.8579739,2.633949,1.1136779,-0.83496004,65.52,1.0,2.520585,1
16:11:28.543981,85,0.81486464,2.633654,0.4529498,-0.83496004,8.76,0.876,2.2337031,1
16:11:28.543981,85,0.8738248,2.6517975,0.98230726,-0.83496004,38.879997,1.0,1.8707886,1
16:11:28.543981,85,0.4849736,2.6016266,0.7934711,-0.34804,120.64,1.0,1.5991081,1
16:11:28.543981,85,0.7202247,2.6756644,0.6144674,-0.76552004,6.7599998,0.676,0.88900423,1
16:11:28.543981,85,0.93195426,2.5999036,0.4619932,-0.90468,5.7599998,0.576,3.4374447,1
16:11:28.543981,85,0.7859706,2.6434433,0.89286137,-0.83496004,64.36,1.0,0.49865907,1
16:11:28.543981,85,0.6450911,2.5884457,1.4752061,-0.76552004,19.64,1.0,5.417613,1
16:11:28.543981,85,0.44676572,2.5494993,0.8185169,-0.34804,59.0,1.0,2.2251062,1
16:11:28.543981,85,0.757792,2.6642065,0.47643253,-0.6958,6.12,0.612,1.9479804,1
16:11:28.543981,85,0.8538435,2.623157,0.73460495,-0.83496004,25.519999,1.0,1.184385,1
16:11:28.543981,85,0.5788919,2.5802648,1.1359155,-0.83496004,36.88,1.0,1.5584483,1
16:11:28.543981,85,0.7004322,2.6649814,0.8870903,-0.83496004,105.88,1.0,0.056689676,1
16:11:28.543981,85,0.91089463,2.6061103,0.7391726,-0.83496004,17.52,1.0,2.0543497,1
16:11:28.543981,85,0.81433004,2.6357145,0.8949323,-0.83496004,53.76,1.0,0.7889435,1
16:11:28.543981,85,0.8064172,2.6395314,0.5928149,-0.76552004,15.0,1.0,1.2047465,1
16:11:28.543981,85,0.58461916,2.6784174,0.85300434,-0.55664,98.0,1.0,0.4677216,1
16:11:28.543981,85,0.5387699,2.7580545,0.85366285,-0.34804,14.639999,1.0,1.344931,1
16:11:28.543981,85,0.73014224,2.6069932,1.1248271,-0.83496004,90.36,1.0,1.3405428,1
16:11:28.543981,85,0.5721763,2.6214106,0.87741673,-0.83496004,200.23999,1.0,0.46603188,1
16:11:28.543981,85,0.50204104,2.5403342,0.8209727,-0.34804,87.88,1.0,1.346279,1
16:11:28.598251,86,0.47730428,2.5903637,0.92406124,-0.62636,62.76,1.0,2.4696279,1
16:11:28.598251,86,0.791916,2.0577652,4.689141,-0.83496004,19.88,1.0,8.952894,1
16:11:28.598251,86,0.85604185,2.605397,1.0312526,-0.83496004,32.52,1.0,3.5636024,1
16:11:28.598251,86,0.5243618,2.6532776,0.768553,-0.62636,19.52,1.0,1.5553435,1
16:11:28.598251,86,0.7528161,2.0801485,4.683143,-0.83496004,22.76,1.0,8.227523,1
16:11:28.598251,86,0.61781585,2.5951426,1.0105624,-0.90468,126.0,1.0,0.27195895,1
16:11:28.598251,86,0.6861616,2.1149044,4.6738305,-0.83496004,25.119999,1.0,7.630287,1
16:11:28.598251,86,0.56244,2.6065433,1.0075076,-0.90468,101.52,1.0,0.78875196,1
16:11:28.598251,86,0.70107716,2.5858982,1.0423627,-0.90468,121.0,1.0,0.26146898,1
16:11:28.598251,86,0.9367545,2.6433098,-0.2636742,-0.34804,16.0,1.0,4.9338512,1
16:11:28.598251,86,0.6391753,2.6307967,0.7745767,-0.41748002,20.64,1.0,0.37975532,1
16:11:28.598251,86,0.58867955,2.7848969,-0.10587703,-0.34804,17.64,1.0,2.597953,1
16:11:28.598251,86,0.5227806,2.5537808,1.0281825,-0.90468,40.0,1.0,1.8890691,1
16:11:28.598251,86,0.40189022,2.6496456,0.86985123,-0.62636,35.239998,1.0,4.1821704,1
16:11:28.598251,86,0.4872525,2.636762,0.8733034,-0.62636,50.879997,1.0,2.0628815,1
16:11:28.598251,86,0.79625,2.630086,-0.23283361,-0.34804,28.519999,1.0,3.312403,1
16:11:28.598251,86,0.8891152,2.7485068,-0.15499465,-0.34804,17.88,1.0,5.2491684,1
16:11:28.598251,86,0.8554818,2.0179756,4.6998024,-0.83496004,14.24,1.0,10.844312,1
16:11:28.598251,86,0.68237025,2.4983063,1.4130437,-0.83496004,20.359999,1.0,0.15036878,1
16:11:28.598251,86,0.73353225,2.4846292,1.4167085,-0.83496004,17.0,1.0,0.3719725,1
16:11:28.598251,86,0.6566856,2.5047734,1.4113109,-0.83496004,20.88,1.0,0.15169488,1
16:11:28.598251,86,0.5156129,2.6319182,0.87460124,-0.62636,56.52,1.0,1.5315194,1
16:11:28.598251,86,0.66772604,2.6244848,0.776268,-0.41748002,19.64,1.0,0.29747707,1
16:11:28.598251,86,0.42160106,2.599047,0.92173463,-0.62636,45.12,1.0,3.899966,1
16:11:28.598251,86,0.7439833,2.626256,0.9956884,-0.83496004,49.12,1.0,1.7820036,1
16:11:28.598251,86,0.6854922,2.5284138,1.063651,-0.90468,63.359997,1.0,0.31753278,1
16:11:28.598251,86,0.92031455,2.59692,-0.22394684,-0.34804,16.359999,1.0,5.907398,1
16:11:28.598251,86,0.91825193,2.5232987,1.0591362,-0.83496004,40.12,1.0,3.1903157,1
16:11:28.598251,86,0.45884332,2.6413312,0.8720791,-0.62636,45.36,1.0,2.6810336,1
16:11:28.598251,86,0.6105606,2.6368325,0.7729595,-0.62636,21.0,1.0,0.5460528,1
16:11:28.598251,86,0.7123035,2.5216627,1.0654598,-0.90468,55.879997,1.0,0.4022982,1
16:11:28.598251,86,0.89139813,2.532039,1.0567943,-0.83496004,47.36,1.0,2.551362,1
16:11:28.598251,86,0.8584539,2.6141021,-0.22855078,-0.34804,24.359999,1.0,4.3748593,1
16:11:28.598251,86,0.8246895,2.7650614,-0.15943044,-0.34804,20.24,1.0,4.2007914,1
16:11:28.598251,86,0.64544636,2.5124848,1.1861075,-0.90468,21.24,1.0,0.55572116,1
16:11:28.598251,86,0.6586123,2.5349052,1.0619116,-0.90468,67.88,1.0,0.31621006,1
16:11:28.598251,86,0.83916277,2.8135881,-0.19732833,-0.13916,9.24,0.92399997,7.545471,1
16:11:28.598251,86,0.7657098,2.5073857,1.0692854,-0.90468,39.36,1.0,0.8218557,1
16:11:28.598251,86,0.95110834,2.5878816,-0.22152501,-0.34804,13.36,1.0,6.850281,1
16:11:28.598251,86,0.6316666,2.5411367,1.0602418,-0.90468,67.76,1.0,0.39853105,1
16:11:28.598251,86,0.7465972,2.7315729,-0.12556203,-0.34804,31.76,1.0,1.6382108,1
16:11:28.598251,86,0.7812328,2.5964894,0.78376937,-0.97412,16.0,1.0,0.80106974,1
16:11:28.598251,86,0.572954,2.6325758,0.904262,-0.62636,65.24,1.0,0.9110627,1
16:11:28.598251,86,0.7159796,2.633307,0.99379903,-0.90468,54.36,1.0,1.669861,1
16:11:28.598251,86,0.34477633,2.656858,0.86791867,-0.62636,27.24,1.0,6.0449157,1
16:11:28.598251,86,0.61779207,2.146399,4.6653914,-0.83496004,21.52,1.0,7.7217064,1
16:11:28.598251,86,0.8374258,2.5487385,1.0523195,-0.83496004,56.239998,1.0,1.5091815,1
16:11:28.598251,86,0.8408852,2.5275033,0.54539865,-0.97412,5.8799996,0.588,2.941176,1
16:11:28.598251,86,0.5446611,2.6379735,0.90281564,-0.62636,61.52,1.0,1.2639608,1
16:11:28.598251,86,0.8103127,2.5566967,1.0501872,-0.83496004,67.0,1.0,1.1050001,1
16:11:28.598251,86,0.78311855,2.5643923,1.0481251,-0.83496004,79.64,1.0,0.7782979,1
16:11:28.598251,86,0.6661172,2.4388003,1.4270241,-0.83496004,10.5199995,1.0,2.0273476,1
16:11:28.598251,86,0.5328166,2.5806065,0.9266757,-0.62636,87.24,1.0,1.4008917,1
16:11:28.598251,86,0.88942873,2.6056604,-0.22628884,-0.34804,20.119999,1.0,5.082336,1
16:11:28.598251,86,0.79229945,2.499861,1.0713016,-0.90468,32.52,1.0,1.1567485,1
16:11:28.598251,86,0.65747756,2.6147468,0.9090392,-0.90468,64.0,1.0,0.34110594,1
16:11:28.598251,86,0.7726486,2.6289968,1.024929,-0.83496004,44.12,1.0,2.6099505,1
16:11:28.598251,86,0.80052733,2.621399,1.0269649,-0.83496004,39.76,1.0,2.857029,1
16:11:28.598251,86,0.8569452,2.7569396,-0.15725423,-0.34804,19.359999,1.0,4.6771502,1
16:11:28.598251,86,0.6590101,2.1278982,4.6703486,-0.83496004,23.88,1.0,7.5886602,1
16:11:28.598251,86,0.8690213,2.519245,0.5476114,-0.97412,5.64,0.564,3.5615375,1
16:11:28.598251,86,0.7390436,2.5146532,1.067338,-0.90468,47.36,1.0,0.57040584,1
16:11:28.598251,86,0.44947514,2.5948398,0.9228619,-0.62636,53.12,1.0,3.1390908,1
16:11:28.598251,86,0.5818849,2.6425917,0.7714163,-0.62636,21.0,1.0,0.79694164,1
16:11:28.654962,87,0.61655766,2.5695577,-0.16202074,-0.83496004,13.0,1.0,4.3523273,1
16:11:28.654962,87,0.874473,2.5095575,0.818141,-0.90468,13.12,1.0,2.4034274,1
16:11:28.654962,87,0.748301,2.4503794,1.0904455,-0.90468,72.24,1.0,0.85321724,1
16:11:28.654962,87,0.823361,2.4748297,0.5757128,-0.83496004,6.12,0.612,1.5414126,1
16:11:28.654962,87,0.9240062,2.458407,1.0824091,-0.90468,28.0,1.0,4.2188773,1
16:11:28.654962,87,0.6911235,2.4322453,1.4287806,-0.83496004,24.88,1.0,2.3917193,1
16:11:28.654962,87,0.65798503,2.5252614,1.0358242,-1.04384,104.0,1.0,0.7230028,1
16:11:28.654962,87,0.56849414,2.5741408,0.7711849,-1.04384,17.64,1.0,1.8616084,1
16:11:28.654962,87,0.5499369,2.5485997,1.0295707,-1.04384,42.36,1.0,2.8305426,1
16:11:28.654962,87,0.7678025,2.5361211,-0.1530614,-0.83496004,10.5199995,1.0,4.210437,1
16:11:28.654962,87,0.6244661,2.5626173,0.7742727,-1.04384,22.119999,1.0,0.7490366,1
16:11:28.654962,87,0.8905492,2.5222335,1.0300983,-0.90468,28.88,1.0,2.976151,1
16:11:28.654962,87,0.65514845,3.3534327,1.3532567,-0.90468,26.359999,1.0,8.876173,1
16:11:28.654962,87,0.6156785,2.5639648,0.9311348,-1.04384,44.879997,1.0,0.9996628,1
16:11:28.654962,87,0.5563002,2.7904267,-0.10735875,-0.06972,19.119999,1.0,5.174742,1
16:11:28.654962,87,0.6569484,2.4782789,1.3084558,-0.97412,34.52,1.0,1.8653934,1
16:11:28.654962,87,0.5794798,2.4961948,1.3036554,-0.97412,21.359999,1.0,3.2675064,1
16:11:28.654962,87,0.81021625,2.7165346,-0.12153256,-0.13916,21.88,1.0,5.210358,1
16:11:28.654962,87,0.68443274,2.5112476,0.5659546,-0.83496004,10.12,1.0,0.48547873,1
16:11:28.654962,87,0.58611155,2.5753663,-0.16357712,-0.83496004,11.88,1.0,4.8603153,1
16:11:28.654962,87,0.7278042,2.5691438,1.0175288,-1.04384,66.64,1.0,0.24330896,1
16:11:28.654962,87,0.70751375,2.5503721,-0.15687993,-0.83496004,13.0,1.0,3.793078,1
16:11:28.654962,87,0.5868908,3.3654304,1.350042,-0.90468,21.359999,1.0,9.37013,1
16:11:28.654962,87,0.52504665,2.5860996,-0.16645311,-0.83496004,10.5199995,1.0,6.366277,1
16:11:28.654962,87,0.5404215,2.5794966,0.7697499,-1.04384,15.639999,1.0,2.6262002,1
16:11:28.654962,87,0.6979863,2.5449297,0.93623525,-0.76552004,66.64,1.0,0.19981772,1
16:11:28.654962,87,0.81970304,2.5259225,0.813756,-0.76552004,17.88,1.0,1.1098406,1
16:11:28.654962,87,0.67726177,2.55706,-0.15867198,-0.83496004,13.759999,1.0,3.8200445,1
16:11:28.654962,87,0.6848393,2.518776,1.0375619,-1.04384,117.36,1.0,0.5161895,1
16:11:28.654962,87,0.5909105,2.4891982,1.080044,-1.04384,44.36,1.0,2.2130208,1
16:11:28.654962,87,0.7921938,2.5337076,0.81167,-0.76552004,21.0,1.0,0.6548026,1
16:11:28.654962,87,0.82623893,3.2882605,1.2269022,-0.90468,15.759999,1.0,10.019036,1
16:11:28.654962,87,0.8095409,2.5468676,1.0234976,-0.90468,43.239998,1.0,1.0456548,1
16:11:28.654962,87,0.8794067,2.437747,1.1780295,-0.83496004,31.64,1.0,3.0996945,1
16:11:28.654962,87,0.8978392,2.4672058,1.0800515,-0.90468,34.64,1.0,3.3346837,1
16:11:28.654962,87,0.62836283,2.5239286,0.56255674,-0.83496004,8.5199995,0.852,1.0087353,1
16:11:28.654962,87,0.8509107,2.4667435,0.5778795,-0.83496004,5.24,0.524,2.1471395,1
16:11:28.654962,87,0.6436385,2.477273,1.0832394,-1.04384,67.36,1.0,1.2738278,1
16:11:28.654962,87,0.7924351,3.296078,1.2248075,-0.90468,18.76,1.0,9.198711,1
16:11:28.654962,87,0.94411385,2.5045114,1.0348469,-0.90468,20.119999,1.0,4.870664,1
16:11:28.654962,87,0.6040818,2.5374525,1.0325576,-1.04384,67.88,1.0,1.5185376,1
16:11:28.654962,87,0.7823727,2.5545561,1.0214375,-0.90468,52.36,1.0,0.6510069,1
16:11:28.654962,87,0.73382574,2.4581265,1.3138556,-0.83496004,37.64,1.0,1.5153587,1
16:11:28.654962,87,0.7116251,2.5120316,1.0393691,-1.04384,119.0,1.0,0.43514836,1
16:11:28.654962,87,0.6311878,2.4845002,1.3067889,-0.97412,30.119999,1.0,2.2144558,1
16:11:28.654962,87,0.63106495,2.5314872,1.034156,-1.04384,85.52,1.0,1.0567459,1
16:11:28.654962,87,0.59651,2.5685143,0.77269256,-1.04384,19.76,1.0,1.2362474,1
16:11:28.654962,87,0.5238652,2.7956436,-0.1087566,-0.06972,16.24,1.0,5.9793167,1
16:11:28.654962,87,0.6053641,2.4904723,1.3051887,-0.97412,25.64,1.0,2.681489,1
16:11:28.654962,87,0.8188098,2.49208,1.0733865,-0.90468,55.52,1.0,1.3797557,1
16:11:28.654962,87,0.55267227,3.370934,1.3485672,-0.90468,18.119999,1.0,9.913376,1
16:11:28.654962,87,0.71467406,2.7386303,-0.12745306,-0.13916,28.0,1.0,3.950773,1
16:11:28.654962,87,0.7222411,2.4574814,1.0885425,-1.04384,81.36,1.0,0.7789645,1
16:11:28.654962,87,0.696109,2.4643316,1.086707,-1.04384,83.759995,1.0,0.8235398,1
16:11:28.654962,87,0.70794874,2.5433106,0.7794459,-0.76552004,25.519999,1.0,0.10484626,1
16:11:28.654962,87,0.57703817,2.5431569,1.0310291,-1.04384,53.36,1.0,2.109457,1
16:11:28.654962,87,0.737695,2.5433922,-0.15500967,-0.83496004,11.88,1.0,3.9236958,1
16:11:28.654962,87,0.80625707,2.8215349,-0.19945768,-0.13916,8.36,0.83599997,6.5730047,1
16:11:28.654962,87,0.65235984,2.5564506,0.775925,-1.04384,24.24,1.0,0.39885142,1
16:11:28.654962,87,0.58811575,2.5697787,0.929577,-1.04384,37.36,1.0,1.531806,1
16:11:28.654962,87,0.53743386,2.4906564,1.0516338,-1.04384,28.519999,1.0,3.6676965,1
16:11:28.654962,87,0.7646052,2.5412264,0.8096553,-0.76552004,23.76,1.0,0.32950464,1
16:11:28.654962,87,0.5597334,2.564404,0.9018291,-1.04384,31.119999,1.0,2.2331247,1
16:11:28.654962,87,0.6564306,2.5177236,0.5642194,-0.83496004,9.36,0.936,0.67829293,1
16:11:28.704116,88,0.5909105,2.642483,-0.24435732,-0.76552004,43.52,1.0,1.3210166,1
16:11:28.704116,88,0.6746946,2.7570436,-0.63472086,-0.76552004,9.0,0.9,0.77305853,1
16:11:28.704116,88,0.7570899,2.7355652,-0.63472086,-0.76552004,10.24,1.0,0.72606504,1
16:11:28.704116,88,0.5249308,2.589565,-0.26510763,-0.83496004,21.64,1.0,2.6269894,1
16:11:28.704116,88,0.72969687,2.7429993,-0.63472086,-0.76552004,10.24,1.0,0.5762753,1
16:11:28.704116,88,0.70751375,3.0217118,-1.4233012,-1.04384,5.12,0.51199996,10.257105,1
16:11:28.704116,88,0.7308923,2.5417538,-0.2386725,-0.83496004,40.239998,1.0,0.5318801,1
16:11:28.704116,88,0.6436385,2.6301372,-0.24435732,-0.90468,67.119995,1.0,0.4601372,1
16:11:28.704116,88,0.5845706,2.7426288,-0.4813661,-0.76552004,12.12,1.0,1.87808,1
16:11:28.704116,88,0.5379462,2.6537719,-0.24435732,-0.76552004,25.64,1.0,2.7805996,1
16:11:28.704116,88,0.78440726,2.7278578,-0.63472086,-0.76552004,9.76,0.97599995,1.0412804,1
16:11:28.704116,88,0.7383397,2.667816,-0.27773657,-0.90468,37.76,1.0,0.34694734,1
16:11:28.704116,88,0.74758834,2.599816,-0.27142212,-0.83496004,44.76,1.0,0.46695006,1
16:11:28.704116,88,0.7994317,2.5843453,-0.27142212,-0.83496004,26.76,1.0,1.4114919,1
16:11:28.704116,88,0.85394496,2.6658497,-0.5093839,-0.62636,12.24,1.0,2.41495,1
16:11:28.704116,88,0.74111146,2.483511,0.051841546,-0.6958,23.88,1.0,2.3188174,1
16:11:28.704116,88,0.7815778,2.5266287,-0.2386725,-0.83496004,27.119999,1.0,1.4316889,1
16:11:28.704116,88,0.75627285,2.534318,-0.2386725,-0.83496004,33.36,1.0,0.90993977,1
16:11:28.704116,88,0.7222411,2.6096475,-0.24435732,-0.90468,56.879997,1.0,0.2937351,1
16:11:28.704116,88,0.65432227,2.5625336,-0.2386725,-0.83496004,50.76,1.0,0.26081875,1
16:11:28.704116,88,0.66657406,2.72386,-0.4813661,-0.76552004,16.24,1.0,0.3326437,1
16:11:28.704116,88,0.60465765,2.7039587,-0.25004214,-0.90468,27.76,1.0,1.53004,1
16:11:28.704116,88,0.74665636,2.697866,-0.5093839,-0.76552004,17.0,1.0,0.28208607,1
16:11:28.704116,88,0.63930255,2.7303896,-0.4813661,-0.76552004,15.0,1.0,0.6870012,1
16:11:28.704116,88,0.65798503,2.6887624,-0.27773657,-0.90468,39.76,1.0,0.5094924,1
16:11:28.704116,88,0.5644566,2.6482599,-0.24435732,-0.76552004,33.239998,1.0,1.9760746,1
16:11:28.704116,88,0.5504612,2.7155104,-0.25004214,-0.76552004,17.88,1.0,3.050057,1
16:11:28.704116,88,0.67335,2.4329908,0.15164898,-0.76552004,17.52,1.0,2.6107802,1
16:11:28.704116,88,0.523279,2.720879,-0.25004214,-0.76552004,14.5199995,1.0,4.0433774,1
16:11:28.704116,88,0.61196715,2.736646,-0.4813661,-0.76552004,13.5199995,1.0,1.2022071,1
16:11:28.704116,88,0.6799145,2.5558624,-0.2386725,-0.83496004,50.879997,1.0,0.2072692,1
16:11:28.704116,88,0.86587775,2.7031016,-0.63472086,-0.76552004,7.0,0.7,2.978306,1
16:11:28.704116,88,0.7659091,2.4759758,0.051841546,-0.6958,21.88,1.0,2.7855363,1
16:11:28.704116,88,0.5775883,2.70987,-0.25004214,-0.76552004,22.24,1.0,2.2121835,1
16:11:28.704116,88,0.5507998,2.5841863,-0.26510763,-0.83496004,26.64,1.0,1.8585943,1
16:11:28.704116,88,0.7906301,2.468193,0.051841546,-0.6958,19.359999,1.0,3.3892016,1
16:11:28.704116,88,0.8272442,2.6742556,-0.5093839,-0.76552004,13.639999,1.0,1.6411401,1
16:11:28.704116,88,0.8319507,2.5104928,-0.2386725,-0.83496004,22.0,1.0,2.9055307,1
16:11:28.704116,88,0.919763,2.6852446,-0.63472086,-0.62636,5.7599998,0.576,5.0936737,1
16:11:28.704116,88,0.6662838,2.5046237,0.051841546,-0.6958,23.76,1.0,1.7417015,1
16:11:28.704116,88,0.6937789,2.7170584,-0.4813661,-0.76552004,17.0,1.0,0.1392623,1
16:11:28.704116,88,0.61730534,2.636442,-0.24435732,-0.90468,55.64,1.0,0.81564695,1
16:11:28.704116,88,0.81164616,2.7198775,-0.63472086,-0.76552004,8.88,0.88799995,1.5218314,1
16:11:28.704116,88,0.59169215,2.7760408,-0.63472086,-0.76552004,7.3599997,0.736,2.3080225,1
16:11:28.704116,88,0.57661366,2.5785491,-0.26510763,-0.83496004,32.88,1.0,1.2334324,1
16:11:28.704116,88,0.89286506,2.6943078,-0.63472086,-0.76552004,6.24,0.624,3.953776,1
16:11:28.704116,88,0.7732708,3.3025527,-1.394246,-0.90468,5.3599997,0.536,10.720885,1
16:11:28.704116,88,0.7022309,2.750159,-0.63472086,-0.76552004,9.76,0.97599995,0.59194636,1
16:11:28.704116,88,0.5571155,2.7483373,-0.4813661,-0.76552004,10.76,1.0,2.7143853,1
16:11:28.704116,88,0.6286646,2.5689487,-0.2386725,-0.83496004,46.52,1.0,0.45825937,1
16:11:28.704116,88,0.7735972,2.6902647,-0.5093839,-0.76552004,16.24,1.0,0.5745421,1
16:11:28.704116,88,0.7054387,2.5489357,-0.2386725,-0.83496004,46.76,1.0,0.29763186,1
16:11:28.704116,88,0.6912963,2.4978356,0.051841546,-0.6958,25.0,1.0,1.7968091,1
16:11:28.704116,88,0.51138204,2.6590188,-0.24435732,-0.76552004,20.0,1.0,3.7343206,1
16:11:28.704116,88,0.80046076,2.6823943,-0.5093839,-0.76552004,15.0,1.0,1.0276066,1
16:11:28.704116,88,0.6699072,2.6235693,-0.24435732,-0.90468,72.24,1.0,0.254609,1
16:11:28.704116,88,0.8152,2.63532,-0.3606422,-0.62636,26.0,1.0,1.412028,1
16:11:28.704116,88,0.76498055,2.6602993,-0.27773657,-0.90468,31.76,1.0,0.60524493,1
16:11:28.704116,88,0.8388039,2.711625,-0.63472086,-0.76552004,7.8799996,0.788,2.1675732,1
16:11:28.704116,88,0.7735487,2.5922103,-0.27142212,-0.83496004,34.52,1.0,0.864352,1
16:11:28.704116,88,0.751361,3.07033,-1.4496683,-1.04384,10.24,1.0,10.294656,1
16:11:28.704116,88,0.7162397,2.4907978,0.051841546,-0.6958,25.0,1.0,1.9892037,1
16:11:28.704116,88,0.8805603,2.657177,-0.5093839,-0.62636,11.0,1.0,3.3487904,1
16:11:28.704116,88,0.84151196,2.6270363,-0.3606422,-0.62636,21.0,1.0,2.145578,1
16:11:28.752245,89,0.751671,2.4372008,0.60199577,-0.62636,5.3599997,0.536,0.33792377,1
16:11:28.752245,89,0.92031455,2.59692,-0.22394684,-1.46132,16.52,1.0,7.307611,1
16:11:28.752245,89,0.6742603,2.3728993,1.4427181,-0.6958,22.359999,1.0,1.7997193,1
16:11:28.752245,89,0.6914,2.4063768,1.3283768,-0.62636,25.0,1.0,1.6998556,1
16:11:28.752245,89,0.719057,2.4183939,0.98711765,-0.76552004,31.64,1.0,0.29148182,1
16:11:28.752245,89,0.7564001,2.4119217,0.8380976,-0.76552004,16.76,1.0,0.6187884,1
16:11:28.752245,89,0.7939956,2.4093618,0.711592,-0.62636,7.24,0.724,1.6478305,1
16:11:28.752245,89,0.68111736,2.3070889,1.4583879,-0.6958,11.639999,1.0,3.4084904,1
16:11:28.752245,89,0.69858897,2.366269,1.4444947,-0.6958,23.519999,1.0,2.1106098,1
16:11:28.752245,89,0.7228478,2.3594038,1.4463342,-0.6958,23.64,1.0,2.7384753,1
16:11:28.752245,89,0.8205628,2.401564,0.7136814,-0.62636,6.3599997,0.636,2.908936,1
16:11:28.752245,89,0.84704787,2.3935099,0.71583945,-0.62636,5.64,0.564,4.5617747,1
16:11:28.752245,89,0.7406258,2.4241855,0.70761997,-0.76552004,9.12,0.912,0.29650885,1
16:11:28.752245,89,0.76734906,2.4169025,0.7095715,-0.76552004,8.24,0.824,0.77737176,1
16:11:28.752245,89,0.6498642,2.3792944,1.4410046,-0.6958,20.52,1.0,1.8049538,1
16:11:28.752245,89,0.724474,2.4443302,0.60008544,-0.62636,5.8799996,0.588,0.23762514,1
16:11:28.752245,89,0.6470909,2.5052056,0.6716208,-0.76552004,6.0,0.59999996,2.8075278,1
16:11:28.752245,89,0.71382844,2.43121,0.70573777,-0.76552004,9.76,0.97599995,0.2042261,1
16:11:28.752245,89,0.6561602,2.4478197,1.2067071,-0.62636,27.64,1.0,2.2562277,1
16:11:28.752245,89,0.8737889,2.660799,-0.26836038,-1.46132,8.639999,0.86399996,9.745622,1
16:11:28.752245,89,0.6972046,2.4511964,0.5982456,-0.76552004,6.12,0.612,0.5360706,1
16:11:28.752245,89,0.68846154,2.450851,0.7292529,-0.76552004,10.12,1.0,0.34270796,1
16:11:28.752245,89,0.7678025,2.5361211,-0.1530614,-0.13916,13.0,1.0,3.186983,1
16:11:28.752245,89,0.6746946,2.4988217,0.6733313,-0.76552004,6.12,0.612,1.6624062,1
16:11:28.752245,89,0.6614652,2.4573708,0.7275059,-0.76552004,10.0,1.0,1.0429308,1
16:11:28.752245,89,0.87354046,2.5591145,-0.18651964,-1.46132,16.76,1.0,4.081814,1
16:11:28.752245,89,0.63440275,2.4636292,0.72582895,-0.76552004,9.5199995,0.95199996,2.1266437,1
16:11:28.752245,89,0.59169215,2.5171716,0.6684145,-0.76552004,5.7599998,0.576,6.2637773,1
16:11:28.752245,89,0.5800902,2.4753609,0.7226855,-0.83496004,9.0,0.9,5.441081,1
16:11:28.752245,89,0.6746946,2.4988217,0.6733313,-0.76552004,6.12,0.612,1.6624062,1
16:11:28.752245,89,0.7406258,2.4241855,0.70761997,-0.76552004,9.12,0.912,0.29650885,1
16:11:28.752245,89,0.76734906,2.4169025,0.7095715,-0.76552004,8.24,0.824,0.77737176,1
16:11:28.752245,89,0.76734906,2.4169025,0.7095715,-0.76552004,8.24,0.824,0.77737176,1
16:11:28.752245,89,0.87354046,2.5591145,-0.18651964,-1.46132,16.76,1.0,4.081814,1
16:11:28.752245,89,0.7678025,2.5361211,-0.1530614,-0.13916,13.0,1.0,3.186983,1
16:11:28.752245,89,0.6470909,2.5052056,0.6716208,-0.76552004,6.0,0.59999996,2.8075278,1
16:11:28.752245,89,0.7939956,2.4093618,0.711592,-0.62636,7.24,0.724,1.6478305,1
16:11:28.752245,89,0.7228478,2.3594038,1.4463342,-0.6958,23.64,1.0,2.7384753,1
16:11:28.752245,89,0.719057,2.4183939,0.98711765,-0.76552004,31.64,1.0,0.29148182,1
16:11:28.752245,89,0.92031455,2.59692,-0.22394684,-1.46132,16.52,1.0,7.307611,1
16:11:28.752245,89,0.84704787,2.3935099,0.71583945,-0.62636,5.64,0.564,4.5617747,1
16:11:28.752245,89,0.71382844,2.43121,0.70573777,-0.76552004,9.76,0.97599995,0.2042261,1
16:11:28.752245,89,0.68111736,2.3070889,1.4583879,-0.6958,11.639999,1.0,3.4084904,1
16:11:28.752245,89,0.7406258,2.4241855,0.70761997,-0.76552004,9.12,0.912,0.29650885,1
16:11:28.752245,89,0.68846154,2.450851,0.7292529,-0.76552004,10.12,1.0,0.34270796,1
16:11:28.752245,89,0.5800902,2.4753609,0.7226855,-0.83496004,9.0,0.9,5.441081,1
16:11:28.752245,89,0.7564001,2.4119217,0.8380976,-0.76552004,16.76,1.0,0.6187884,1
16:11:28.752245,89,0.7564001,2.4119217,0.8380976,-0.76552004,16.76,1.0,0.6187884,1
16:11:28.752245,89,0.7564001,2.4119217,0.8380976,-0.76552004,16.76,1.0,0.6187884,1
16:11:28.752245,89,0.6742603,2.3728993,1.4427181,-0.6958,22.359999,1.0,1.7997193,1
16:11:28.752245,89,0.7678025,2.5361211,-0.1530614,-0.13916,13.0,1.0,3.186983,1
16:11:28.752245,89,0.84704787,2.3935099,0.71583945,-0.62636,5.64,0.564,4.5617747,1
16:11:28.752245,89,0.7564001,2.4119217,0.8380976,-0.76552004,16.76,1.0,0.6187884,1
16:11:28.752245,89,0.5800902,2.4753609,0.7226855,-0.83496004,9.0,0.9,5.441081,1
16:11:28.752245,89,0.8205628,2.401564,0.7136814,-0.62636,6.3599997,0.636,2.908936,1
16:11:28.752245,89,0.724474,2.4443302,0.60008544,-0.62636,5.8799996,0.588,0.23762514,1
16:11:28.752245,89,0.8737889,2.660799,-0.26836038,-1.46132,8.639999,0.86399996,9.745622,1
16:11:28.752245,89,0.719057,2.4183939,0.98711765,-0.76552004,31.64,1.0,0.29148182,1
16:11:28.752245,89,0.8205628,2.401564,0.7136814,-0.62636,6.3599997,0.636,2.908936,1
16:11:28.752245,89,0.7564001,2.4119217,0.8380976,-0.76552004,16.76,1.0,0.6187884,1
16:11:28.752245,89,0.69858897,2.366269,1.4444947,-0.6958,23.519999,1.0,2.1106098,1
16:11:28.752245,89,0.7406258,2.4241855,0.70761997,-0.76552004,9.12,0.912,0.29650885,1
16:11:28.752245,89,0.751671,2.4372008,0.60199577,-0.62636,5.3599997,0.536,0.33792377,1
16:11:28.752245,89,0.71382844,2.43121,0.70573777,-0.76552004,9.76,0.97599995,0.2042261,1
16:11:28.818219,90,0.8735581,2.3722296,0.99948734,-0.83496004,19.52,1.0,3.980644,1
16:11:28.818219,90,0.696109,2.4643316,1.086707,-0.62636,46.64,1.0,2.1531167,1
16:11:28.818219,90,0.84704787,2.3935099,0.71583945,-0.83496004,5.52,0.552,2.4517663,1
16:11:28.818219,90,0.68111736,2.3070889,1.4583879,-0.6958,19.0,1.0,5.6387734,1
16:11:28.818219,90,0.7054387,2.4003098,1.109747,-0.62636,86.64,1.0,0.1955315,1
16:11:28.818219,90,0.70364314,2.4260252,0.8343186,-0.76552004,12.5199995,1.0,0.16052933,1
16:11:28.818219,90,0.6600223,2.444481,0.7021819,-0.76552004,9.76,0.97599995,0.98459065,1
16:11:28.818219,90,0.68695974,2.4379754,0.703925,-0.76552004,9.76,0.97599995,0.68060327,1
16:11:28.818219,90,0.5788248,2.4624317,0.69737196,-0.76552004,8.88,0.88799995,2.9763656,1
16:11:28.818219,90,0.64017886,2.3814836,1.2009583,-0.62636,74.76,1.0,1.2187232,1
16:11:28.818219,90,0.78266644,2.4044886,0.84008926,-0.83496004,11.36,1.0,0.8382102,1
16:11:28.818219,90,0.5646878,2.398942,1.1962804,-0.62636,49.879997,1.0,2.678271,1
16:11:28.818219,90,0.58991134,2.3933659,1.1977745,-0.62636,60.359997,1.0,2.0240488,1
16:11:28.818219,90,0.7735487,2.4336338,1.066913,-0.62636,34.64,1.0,2.4156694,1
16:11:28.818219,90,0.6506047,2.4391065,0.8308134,-0.76552004,12.24,1.0,0.54140604,1
16:11:28.818219,90,0.73005813,2.4191008,0.83617395,-0.83496004,12.5199995,1.0,0.22217372,1
16:11:28.818219,90,0.55256915,2.462938,1.1752062,-0.55664,44.0,1.0,2.213089,1
16:11:28.818219,90,0.85701364,2.3550198,1.1218824,-0.6958,28.0,1.0,3.8589585,1
16:11:28.818219,90,0.71382844,2.43121,0.70573777,-0.76552004,9.36,0.936,0.55172336,1
16:11:28.818219,90,0.6988685,2.341029,1.3465415,-0.62636,32.88,1.0,2.5553396,1
16:11:28.818219,90,0.7308923,2.3933728,1.1116058,-0.62636,71.119995,1.0,0.42594835,1
16:11:28.818219,90,0.63301885,2.4507258,0.70050853,-0.76552004,9.5199995,0.95199996,1.4664896,1
16:11:28.818219,90,0.8088545,2.396802,0.8421489,-0.83496004,10.5199995,1.0,1.3887055,1
16:11:28.818219,90,0.6256533,2.3602211,1.341399,-0.62636,32.76,1.0,2.616271,1
16:11:28.818219,90,0.60430497,2.4517632,1.1782005,-0.55664,71.76,1.0,1.1835467,1
16:11:28.818219,90,0.6150758,2.387546,1.1993339,-0.62636,69.76,1.0,1.5384076,1
16:11:28.818219,90,0.65579903,2.439591,1.1814619,-0.62636,97.759995,1.0,0.7765604,1
16:11:28.818219,90,0.7939956,2.4093618,0.711592,-0.83496004,6.7599998,0.676,1.1911035,1
16:11:28.818219,90,0.53945726,2.5353785,1.1799731,-0.62636,18.119999,1.0,7.3980455,1
16:11:28.818219,90,0.5516396,2.4678915,0.69590896,-0.76552004,8.24,0.824,4.0110736,1
16:11:28.818219,90,0.7473332,2.3270593,1.3502847,-0.62636,26.64,1.0,3.296194,1
16:11:28.818219,90,0.8349617,2.3888628,0.84427613,-0.83496004,9.5199995,0.95199996,2.0986285,1
16:11:28.818219,90,0.61730534,2.483363,1.0816076,-0.62636,32.64,1.0,2.3009224,1
16:11:28.818219,90,0.6745301,2.347662,1.3447641,-0.62636,34.52,1.0,2.4176016,1
16:11:28.818219,90,0.6699072,2.4709291,1.0849392,-0.62636,44.0,1.0,2.0545123,1
16:11:28.818219,90,0.59224415,2.5160089,1.1570593,-0.62636,26.88,1.0,5.4455175,1
16:11:28.818219,90,0.5243993,2.4730885,0.6945165,-0.76552004,7.64,0.764,5.237151,1
16:11:28.818219,90,0.723137,2.334161,1.3483818,-0.62636,30.119999,1.0,2.848725,1
16:11:28.818219,90,0.6239866,2.4452624,0.82916397,-0.76552004,11.5199995,1.0,0.98915964,1
16:11:28.818219,90,0.75627285,2.3861902,1.1135303,-0.62636,56.36,1.0,0.81050557,1
16:11:28.818219,90,0.6652179,2.375179,1.2026477,-0.62636,73.119995,1.0,1.0625658,1
16:11:28.818219,90,0.6300835,2.4458013,1.1797979,-0.62636,87.36,1.0,0.90364826,1
16:11:28.818219,90,0.7403333,2.3628366,1.232751,-0.62636,45.36,1.0,1.3440821,1
16:11:28.818219,90,0.7222411,2.4574814,1.0885425,-0.62636,45.239998,1.0,2.3962245,1
16:11:28.818219,90,0.681449,2.4331324,1.1831925,-0.62636,97.36,1.0,0.79971266,1
16:11:28.818219,90,0.5269071,2.4763944,1.1990505,-0.55664,34.52,1.0,3.235825,1
16:11:28.818219,90,0.7651049,2.3555658,1.2346992,-0.6958,36.76,1.0,1.8414997,1
16:11:28.818219,90,0.7406258,2.4241855,0.70761997,-0.76552004,8.5199995,0.852,0.5953741,1
16:11:28.818219,90,0.7564001,2.4119217,0.8380976,-0.83496004,12.12,1.0,0.44875422,1
16:11:28.818219,90,0.8319507,2.3631768,1.1196967,-0.6958,35.0,1.0,2.8729033,1
16:11:28.818219,90,0.51407385,2.4093626,1.1934882,-0.55664,32.52,1.0,4.5039244,1
16:11:28.818219,90,0.5394078,2.4042745,1.1948515,-0.62636,40.36,1.0,3.503893,1
16:11:28.818219,90,0.50088805,2.4813585,1.1977205,-0.55664,27.359999,1.0,4.1026893,1
16:11:28.818219,90,0.7898,2.348056,1.2367114,-0.6958,29.76,1.0,2.4900753,1
16:11:28.818219,90,0.5657305,2.5216014,1.1555609,-0.62636,22.0,1.0,5.7960176,1
16:11:28.818219,90,0.5973061,2.451161,0.8275835,-0.76552004,10.76,1.0,1.6123116,1
16:11:28.818219,90,0.8205628,2.401564,0.7136814,-0.83496004,6.12,0.612,1.7391753,1
16:11:28.818219,90,0.6436385,2.477273,1.0832394,-0.62636,38.76,1.0,2.102884,1
16:11:28.818219,90,0.7994317,2.4260368,1.0689485,-0.62636,28.64,1.0,3.0556064,1
16:11:28.818219,90,0.8509553,2.4100947,1.0732203,-0.6958,23.64,1.0,4.7558413,1
16:11:28.818219,90,0.76734906,2.4169025,0.7095715,-0.83496004,7.64,0.764,0.809207,1
16:11:28.818219,90,0.578466,2.4574754,1.1766698,-0.55664,56.52,1.0,1.6190327,1
16:11:28.818219,90,0.7815778,2.378763,1.1155205,-0.62636,44.239998,1.0,1.3474865,1
16:11:28.818219,90,0.74758834,2.4409804,1.0649444,-0.62636,40.64,1.0,1.917891,1
16:11:28.868241,91,0.6320564,2.348116,0.7840811,-0.62636,48.64,1.0,1.1289352,1
16:11:28.868241,91,0.50108445,2.3631349,0.75255835,-0.62636,24.88,1.0,3.7758334,1
16:11:28.868241,91,0.8023216,2.3481772,0.7422763,-0.62636,11.12,1.0,1.7505891,1
16:11:28.868241,91,0.6886362,2.343138,1.1309515,-0.62636,58.64,1.0,0.8202042,1
16:11:28.868241,91,0.63581294,2.3836524,0.8573954,-0.62636,52.12,1.0,0.17132165,1
16:11:28.868241,91,0.81136143,2.297956,1.1163421,-0.76552004,27.76,1.0,3.065278,1
16:11:28.868241,91,0.7023286,2.3621314,1.0106817,-0.62636,72.64,1.0,0.50737166,1
16:11:28.868241,91,0.8561974,2.345876,1.0969648,-0.76552004,30.88,1.0,4.102886,1
16:11:28.868241,91,0.5738389,2.3827944,0.9779036,-0.62636,31.64,1.0,0.83114773,1
16:11:28.868241,91,0.47500506,2.3678489,0.7512952,-0.62636,20.88,1.0,4.435687,1
16:11:28.868241,91,0.6637199,2.3496695,1.1292014,-0.62636,58.12,1.0,0.78118724,1
16:11:28.868241,91,0.43254045,2.4318087,0.7198673,-0.55664,17.88,1.0,3.8660455,1
16:11:28.868241,91,0.72767,2.355225,1.0125324,-0.62636,68.24,1.0,0.6529407,1
16:11:28.868241,91,0.68026716,2.3840482,0.60393465,-0.62636,12.24,1.0,0.5428297,1
16:11:28.868241,91,0.5634162,2.373379,1.1228484,-0.62636,26.64,1.0,1.6174608,1
16:11:28.868241,91,0.5271137,2.3581688,0.75388896,-0.62636,30.0,1.0,3.243172,1
16:11:28.868241,91,0.59947115,2.3771276,0.979422,-0.62636,39.76,1.0,0.52941406,1
16:11:28.868241,91,0.6000488,2.4026,0.59896374,-0.62636,14.639999,1.0,0.66710055,1
16:11:28.868241,91,0.7808334,2.3695965,1.0906088,-0.76552004,48.12,1.0,3.124043,1
16:11:28.868241,91,0.7763451,2.3558016,0.74023336,-0.62636,14.0,1.0,1.2241968,1
16:11:28.868241,91,0.7134836,2.3363662,1.132766,-0.62636,53.0,1.0,0.9627037,1
16:11:28.868241,91,0.86016315,2.2818098,1.1206685,-0.76552004,17.76,1.0,4.782536,1
16:11:28.868241,91,0.58858293,2.3678153,1.1243392,-0.62636,33.88,1.0,1.2627814,1
16:11:28.868241,91,0.82126355,2.378273,0.9699776,-0.76552004,20.88,1.0,4.521018,1
16:11:28.868241,91,0.54814917,2.3882132,0.97645164,-0.62636,25.359999,1.0,1.229877,1
16:11:28.868241,91,0.73920304,2.3570857,0.86451393,-0.62636,39.239998,1.0,0.5127075,1
16:11:28.868241,91,0.83115834,2.3540254,1.0947812,-0.76552004,38.64,1.0,3.6799932,1
16:11:28.868241,91,0.5381931,2.3786995,1.1214228,-0.76552004,21.119999,1.0,2.0675254,1
16:11:28.868241,91,0.83580405,2.290001,1.1184738,-0.76552004,22.0,1.0,3.8577645,1
16:11:28.868241,91,0.7502909,2.3631747,0.7382577,-0.62636,18.0,1.0,0.8113566,1
16:11:28.868241,91,0.57318574,2.4082663,0.5974454,-0.62636,14.36,1.0,0.9178015,1
16:11:28.868241,91,0.69796,2.3771641,0.7345092,-0.62636,29.76,1.0,0.31255403,1
16:11:28.868241,91,0.7382596,2.3293548,1.1346446,-0.76552004,44.12,1.0,1.2115134,1
16:11:28.868241,91,0.64535,2.39014,0.7310324,-0.62636,41.36,1.0,0.23106302,1
16:11:28.868241,91,0.45932108,2.4275014,0.7210215,-0.55664,21.119999,1.0,3.066063,1
16:11:28.868241,91,0.61894685,2.3962462,0.7293963,-0.62636,42.76,1.0,0.3415341,1
16:11:28.868241,91,0.51274186,2.4181116,0.72353745,-0.62636,30.119999,1.0,1.7657998,1
16:11:28.868241,91,0.56595755,2.407692,0.7263294,-0.62636,40.239998,1.0,0.8582743,1
16:11:28.868241,91,0.65359217,2.3904905,0.6022085,-0.62636,13.5199995,1.0,0.47849038,1
16:11:28.868241,91,0.67168856,2.383779,0.73273677,-0.62636,36.36,1.0,0.22081134,1
16:11:28.868241,91,0.6136908,2.3620086,1.1258951,-0.62636,42.64,1.0,1.004298,1
16:11:28.868241,91,0.52240473,2.3933835,0.97506624,-0.62636,20.52,1.0,1.7251878,1
16:11:28.868241,91,0.8811508,2.3374853,1.0992131,-0.76552004,24.88,1.0,4.629012,1
16:11:28.868241,91,0.76223516,2.3131564,1.1122692,-0.76552004,35.239998,1.0,1.858387,1
16:11:28.868241,91,0.48605576,2.4229355,0.72224486,-0.62636,25.24,1.0,2.3664365,1
16:11:28.868241,91,0.6061972,2.3540962,0.7824787,-0.62636,42.52,1.0,1.1884121,1
16:11:28.868241,91,0.7241616,2.3702958,0.73634964,-0.62636,23.24,1.0,0.50851315,1
16:11:28.868241,91,0.63873726,2.35596,1.1275159,-0.62636,51.76,1.0,0.84322643,1
16:11:28.868241,91,0.64752537,2.2923384,1.1504486,-0.62636,18.24,1.0,5.362039,1
16:11:28.868241,91,0.62589306,2.3813772,1.0055248,-0.62636,49.76,1.0,0.6527371,1
16:11:28.868241,91,0.8468603,2.3702166,0.9721364,-0.76552004,17.24,1.0,4.840718,1
16:11:28.868241,91,0.5462654,2.413673,0.59599674,-0.62636,13.639999,1.0,1.2720342,1
16:11:28.868241,91,0.6769169,2.3687928,1.0088968,-0.62636,69.52,1.0,0.4604269,1
16:11:28.868241,91,0.6514376,2.3752081,1.0071778,-0.62636,60.64,1.0,0.50958323,1
16:11:28.868241,91,0.7555526,2.3770168,1.0886207,-0.76552004,58.879997,1.0,2.9820914,1
16:11:28.868241,91,0.76622576,2.361132,0.8911463,-0.62636,32.0,1.0,1.1121657,1
16:11:28.868241,91,0.46518737,2.428329,0.5920697,-0.62636,11.639999,1.0,2.9584846,1
16:11:28.868241,91,0.79186374,2.353607,0.8931626,-0.76552004,25.88,1.0,1.4902368,1
16:11:28.868241,91,0.6268518,2.3966746,0.6005515,-0.62636,14.36,1.0,0.52036536,1
16:11:28.868241,91,0.5393767,2.4130301,0.724899,-0.62636,35.52,1.0,1.2632352,1
16:11:28.868241,91,0.71345997,2.3641014,0.86263406,-0.62636,46.36,1.0,0.27322713,1
16:11:28.868241,91,0.4922635,2.4237049,0.59330875,-0.62636,12.759999,1.0,2.291659,1
16:11:28.868241,91,0.43806472,2.4326913,0.5909008,-0.62636,10.639999,1.0,3.7317073,1
16:11:28.868241,91,0.6876455,2.3708684,0.8608209,-0.62636,51.239998,1.0,0.13816068,1
16:11:28.930114,92,0.8468603,2.3702166,0.9721364,-0.6958,15.5199995,1.0,2.8716946,1
16:11:28.930114,92,0.58538276,2.2786794,1.2618463,-0.55664,35.12,1.0,2.5088112,1
16:11:28.930114,92,0.8990175,2.3636687,1.0017812,-0.6958,13.0,1.0,4.37666,1
16:11:28.930114,92,0.79186374,2.353607,0.8931626,-0.76552004,18.24,1.0,1.0230279,1
16:11:28.930114,92,0.53742725,2.2895253,1.2589401,-0.55664,21.64,1.0,3.5767462,1
16:11:28.930114,92,0.8444436,2.202642,1.2822205,-0.62636,29.88,1.0,3.2540076,1
16:11:28.930114,92,0.8723724,2.3619132,0.97436124,-0.6958,13.759999,1.0,3.282985,1
16:11:28.930114,92,0.63873726,2.35596,1.1275159,-0.55664,109.24,1.0,0.7484294,1
16:11:28.930114,92,0.82126814,2.2106867,1.2800648,-0.62636,38.52,1.0,2.7301126,1
16:11:28.930114,92,0.61735815,2.2602828,1.4689654,-0.62636,25.64,1.0,3.126604,1
16:11:28.930114,92,0.50040126,2.3256125,1.1415328,-0.55664,25.88,1.0,3.9594302,1
16:11:28.930114,92,0.86098313,2.290728,1.1449947,-0.6958,53.879997,1.0,1.7453462,1
16:11:28.930114,92,0.5250614,2.3206599,1.1428598,-0.55664,32.36,1.0,3.193744,1
16:11:28.930114,92,0.7334104,2.3703928,0.60759366,-0.48720002,9.36,0.936,1.9689262,1
16:11:28.930114,92,0.66688097,2.344586,0.65921247,-0.76552004,14.639999,1.0,1.7556139,1
16:11:28.930114,92,0.5882411,2.3627727,0.6543393,-0.41748002,15.759999,1.0,3.2088969,1
16:11:28.930114,92,0.77010506,2.28295,1.2312869,-0.62636,72.88,1.0,0.68423826,1
16:11:28.930114,92,0.74602574,2.2902722,1.2293248,-0.62636,95.0,1.0,0.50253,1
16:11:28.930114,92,0.5394078,2.4042745,1.1948515,-0.55664,40.879997,1.0,3.3019974,1
16:11:28.930114,92,0.8319507,2.3631768,1.1196967,-0.6958,41.879997,1.0,2.746809,1
16:11:28.930114,92,0.9218797,2.2543395,0.65552396,-1.11328,9.76,0.97599995,3.7913554,1
16:11:28.930114,92,0.93079084,2.3199825,1.1039029,-0.6958,20.24,1.0,4.320253,1
16:11:28.930114,92,0.60927397,2.2729096,1.2633923,-0.55664,45.879997,1.0,2.1160638,1
16:11:28.930114,92,0.7629618,2.3221045,1.1365874,-0.6958,109.24,1.0,0.41652992,1
16:11:28.930114,92,0.7862603,2.3557134,0.61152697,-0.48720002,10.24,1.0,1.9714118,1
16:11:28.930114,92,0.9060161,2.3288538,1.1015259,-0.6958,23.88,1.0,3.6723497,1
16:11:28.930114,92,0.7815778,2.378763,1.1155205,-0.6958,49.879997,1.0,2.2141132,1
16:11:28.930114,92,0.65359217,2.3904905,0.6022085,-0.41748002,7.12,0.712,2.7154098,1
16:11:28.930114,92,0.82014924,2.2879975,0.64650536,-1.11328,13.0,1.0,1.8800075,1
16:11:28.930114,92,0.8011627,2.181464,1.3906064,-0.62636,30.24,1.0,4.3601923,1
16:11:28.930114,92,0.6405339,2.2542076,1.4705932,-0.62636,31.24,1.0,2.9221337,1
16:11:28.930114,92,0.8121349,2.3068895,1.1406642,-0.6958,86.52,1.0,0.9050519,1
16:11:28.930114,92,0.7054387,2.4003098,1.109747,-0.48720002,55.36,1.0,2.048367,1
16:11:28.930114,92,0.7512583,2.2334726,1.2739594,-0.55664,64.64,1.0,1.703043,1
16:11:28.930114,92,0.6886362,2.343138,1.1309515,-0.55664,150.12,1.0,0.34745303,1
16:11:28.930114,92,0.51407385,2.4093626,1.1934882,-0.55664,32.76,1.0,3.966869,1
16:11:28.930114,92,0.7687817,2.303346,0.64239275,-1.11328,15.12,1.0,1.5337782,1
16:11:28.930114,92,0.6564174,2.329583,0.7615486,-0.76552004,22.88,1.0,1.2644095,1
16:11:28.930114,92,0.64752537,2.2923384,1.1504486,-0.55664,119.0,1.0,0.8075447,1
16:11:28.930114,92,0.7134836,2.3363662,1.132766,-0.55664,149.76,1.0,0.28153217,1
16:11:28.930114,92,0.6231523,2.2984753,1.1488042,-0.55664,94.0,1.0,1.0948834,1
16:11:28.930114,92,0.70687413,2.377349,0.60572976,-0.55664,8.76,0.876,2.117125,1
16:11:28.930114,92,0.5614331,2.284218,1.2603621,-0.55664,27.359999,1.0,2.9954875,1
16:11:28.930114,92,0.60430497,2.4517632,1.1782005,-0.55664,28.24,1.0,4.7518787,1
16:11:28.930114,92,0.8180302,2.2676091,1.2353973,-0.62636,55.64,1.0,1.3127925,1
16:11:28.930114,92,0.48605576,2.4229355,0.72224486,-0.41748002,14.24,1.0,6.089008,1
16:11:28.930114,92,0.65687114,2.2606792,1.2666694,-0.55664,75.0,1.0,1.610038,1
16:11:28.930114,92,0.7382596,2.3293548,1.1346446,-0.55664,133.12,1.0,0.30468804,1
16:11:28.930114,92,0.83879566,2.3400161,0.6157331,-1.11328,9.88,0.988,2.3693082,1
16:11:28.930114,92,0.59412056,2.2661338,1.4673976,-0.62636,20.88,1.0,3.4196155,1
16:11:28.930114,92,0.8125686,2.3479917,0.613596,-1.11328,10.24,1.0,2.1211271,1
16:11:28.930114,92,0.5393767,2.4130301,0.724899,-0.76552004,15.36,1.0,4.3000255,1
16:11:28.930114,92,0.63067764,2.3357992,0.7598829,-0.76552004,21.64,1.0,1.6501483,1
16:11:28.930114,92,0.6048748,2.3417664,0.758284,-0.41748002,20.359999,1.0,2.1379814,1
16:11:28.930114,92,0.5646878,2.398942,1.1962804,-0.55664,51.64,1.0,2.727238,1
16:11:28.930114,92,0.64073086,2.3509014,0.65752023,-0.41748002,15.0,1.0,2.1362617,1
16:11:28.930114,92,0.8656281,2.2513456,1.2397552,-0.6958,34.12,1.0,2.2940185,1
16:11:28.930114,92,0.84571123,2.2799518,0.64866114,-1.11328,11.88,1.0,2.2057576,1
16:11:28.930114,92,0.906475,2.2576287,0.52458006,-1.11328,8.76,0.876,4.4496784,1
16:11:28.930114,92,0.65579903,2.439591,1.1814619,-0.55664,40.879997,1.0,4.148724,1
16:11:28.930114,92,0.88527936,2.282294,1.1472546,-0.6958,43.239998,1.0,2.2971618,1
16:11:28.930114,92,0.69105846,2.1760447,1.4895805,-0.62636,13.24,1.0,5.9023647,1
16:11:28.930114,92,0.68026716,2.3840482,0.60393465,-0.41748002,7.8799996,0.788,2.365727,1
16:11:28.930114,92,0.6799145,2.4070005,1.1079541,-0.48720002,48.52,1.0,2.163577,1
16:11:28.978693,93,0.6131063,2.3530226,1.101587,-0.55664,77.52,1.0,2.093695,1
16:11:28.978693,93,0.48758808,2.388608,1.1187679,-0.55664,55.0,1.0,1.9722836,1
16:11:28.978693,93,0.6869659,2.217407,1.3809755,-0.55664,38.64,1.0,2.5977442,1
16:11:28.978693,93,0.5882411,2.3627727,0.6543393,-0.27832,13.759999,1.0,1.531259,1
16:11:28.978693,93,0.46335238,2.263474,1.138656,-0.62636,33.52,1.0,6.231337,1
16:11:28.978693,93,0.48605576,2.4229355,0.72224486,-0.62636,10.12,1.0,3.3050122,1
16:11:28.978693,93,0.51291627,2.383776,1.1200626,-0.55664,62.239998,1.0,1.8696674,1
16:11:28.978693,93,0.6639113,2.223931,1.3792273,-0.55664,35.12,1.0,2.2550795,1
16:11:28.978693,93,0.8237708,2.173616,1.3927093,-0.6958,29.359999,1.0,6.958274,1
16:11:28.978693,93,0.43678796,2.3975372,1.1163753,-0.55664,41.52,1.0,2.6618729,1
16:11:28.978693,93,0.75987333,2.3631806,0.6095261,-0.62636,7.64,0.764,7.793287,1
16:11:28.978693,93,0.63812894,2.3469796,1.1032063,-0.55664,74.76,1.0,2.613629,1
16:11:28.978693,93,0.70381796,2.2399049,1.2467473,-0.55664,41.64,1.0,1.8185103,1
16:11:28.978693,93,0.64752537,2.2923384,1.1504486,-0.55664,70.0,1.0,0.732039,1
16:11:28.978693,93,0.6048748,2.3417664,0.758284,-0.55664,30.88,1.0,0.7313924,1
16:11:28.978693,93,0.72798455,2.2712889,0.6950526,-1.11328,20.76,1.0,1.6051087,1
16:11:28.978693,93,0.46221113,2.3931952,1.1175387,-0.55664,48.0,1.0,2.234178,1
16:11:28.978693,93,0.6407902,2.2302325,1.3775389,-0.55664,30.76,1.0,2.032998,1
16:11:28.978693,93,0.5634162,2.373379,1.1228484,-0.55664,74.36,1.0,2.1168902,1
16:11:28.978693,93,0.5742217,2.3100414,1.1457051,-0.55664,102.36,1.0,0.26299855,1
16:11:28.978693,93,0.4874216,2.258882,1.1398864,-0.55664,40.0,1.0,5.091389,1
16:11:28.978693,93,0.45093334,2.3348022,1.1390704,-0.62636,58.12,1.0,2.4418902,1
16:11:28.978693,93,0.63067764,2.3357992,0.7598829,-0.55664,31.119999,1.0,0.8247446,1
16:11:28.978693,93,0.51274186,2.4181116,0.72353745,-0.62636,11.24,1.0,3.0444028,1
16:11:28.978693,93,0.50040126,2.3256125,1.1415328,-0.62636,84.24,1.0,1.0919726,1
16:11:28.978693,93,0.69116026,2.3245003,0.6367244,-0.62636,18.119999,1.0,1.9524809,1
16:11:28.978693,93,0.6145167,2.3569636,0.6558958,-0.62636,15.12,1.0,1.5450784,1
16:11:28.978693,93,0.6759981,2.3586462,0.9843741,-0.55664,25.359999,1.0,4.321781,1
16:11:28.978693,93,0.5987169,2.3043764,1.147223,-0.55664,94.64,1.0,0.28245136,1
16:11:28.978693,93,0.549669,2.3154695,1.1442506,-0.55664,103.119995,1.0,0.38767302,1
16:11:28.978693,93,0.7133636,2.169262,1.491398,-0.62636,26.0,1.0,5.0408196,1
16:11:28.978693,93,0.73286676,2.203692,1.3846505,-0.55664,40.239998,1.0,3.6279736,1
16:11:28.978693,93,0.7532641,2.264135,0.69696957,-1.11328,19.0,1.0,2.093788,1
16:11:28.978693,93,0.41132113,2.4016333,1.1152778,-0.55664,35.76,1.0,3.2620287,1
16:11:28.978693,93,0.63133085,2.2350073,1.1716957,-0.55664,62.879997,1.0,1.2592659,1
16:11:28.978693,93,0.47500506,2.3678489,0.7512952,-0.27832,24.119999,1.0,2.72668,1
16:11:28.978693,93,0.60756737,2.2409906,1.1700925,-0.55664,66.36,1.0,1.3797905,1
16:11:28.978693,93,0.61760515,2.23631,1.3759104,-0.55664,26.359999,1.0,1.9358902,1
16:11:28.978693,93,0.7099518,2.2106602,1.3827833,-0.55664,40.52,1.0,3.0567436,1
16:11:28.978693,93,0.7026321,2.2781982,0.6932013,-1.11328,24.64,1.0,1.2543272,1
16:11:28.978693,93,0.37724897,2.3718002,1.2074795,-0.62636,31.88,1.0,4.5704045,1
16:11:28.978693,93,0.55986047,2.2522676,1.1670709,-0.55664,61.76,1.0,2.0543125,1
16:11:28.978693,93,0.5393767,2.4130301,0.724899,-0.62636,12.5199995,1.0,2.957631,1
16:11:28.978693,93,0.50108445,2.3631349,0.75255835,-0.27832,26.119999,1.0,1.9778062,1
16:11:28.978693,93,0.5530902,2.352952,0.7552869,-0.55664,29.76,1.0,1.0179411,1
16:11:28.978693,93,0.67866606,2.2223532,1.1750864,-0.55664,49.0,1.0,1.427345,1
16:11:28.978693,93,0.64073086,2.3509014,0.65752023,-0.62636,16.359999,1.0,1.7163998,1
16:11:28.978693,93,0.6772095,2.2848625,0.6914156,-1.11328,27.88,1.0,1.0467308,1
16:11:28.978693,93,0.6517191,2.2912807,0.68969584,-0.27832,30.119999,1.0,0.9877756,1
16:11:28.978693,93,0.42709225,2.3640306,1.2095613,-0.62636,47.36,1.0,2.726398,1
16:11:28.978693,93,0.5381931,2.3786995,1.1214228,-0.55664,69.0,1.0,1.9199482,1
16:11:28.978693,93,0.6231523,2.2984753,1.1488042,-0.55664,82.759995,1.0,0.4405696,1
16:11:28.978693,93,0.66688097,2.344586,0.65921247,-0.62636,17.52,1.0,2.0389526,1
16:11:28.978693,93,0.8011627,2.181464,1.3906064,-0.6958,33.76,1.0,5.9762096,1
16:11:28.978693,93,0.77644175,2.2435997,0.6752356,-1.11328,17.52,1.0,2.686769,1
16:11:28.978693,93,0.40219072,2.3680358,1.2084881,-0.62636,38.76,1.0,3.55884,1
16:11:28.978693,93,0.71710664,2.317699,0.6385469,-0.62636,18.359999,1.0,2.445256,1
16:11:28.978693,93,0.5250614,2.3206599,1.1428598,-0.62636,96.24,1.0,0.6620815,1
16:11:28.978693,93,0.58802235,2.3588238,1.1000327,-0.55664,77.36,1.0,1.7053438,1
16:11:28.978693,93,0.5354115,2.249002,1.1425338,-0.55664,55.0,1.0,3.3207698,1
16:11:28.978693,93,0.5837431,2.2467444,1.1685508,-0.55664,66.0,1.0,1.643136,1
16:11:28.978693,93,0.80150276,2.2359788,0.6772777,-1.11328,15.88,1.0,3.3428295,1
16:11:28.978693,93,0.5114421,2.254058,1.141179,-0.55664,47.36,1.0,4.1230435,1
16:11:28.978693,93,0.47569108,2.3303268,1.1402695,-0.62636,70.76,1.0,1.6832342,1
16:11:29.031967,94,0.50040126,2.3256125,1.1415328,-0.6958,26.64,1.0,2.1779842,1
16:11:29.031967,94,0.549669,2.3154695,1.1442506,-0.6958,39.36,1.0,0.9920996,1
16:11:29.031967,94,0.6359213,2.3186343,1.0308254,-0.62636,35.64,1.0,0.11544294,1
16:11:29.031967,94,0.65989685,2.3024666,1.0085648,-0.62636,31.24,1.0,0.24449061,1
16:11:29.031967,94,0.58598804,2.3304374,1.0276626,-0.62636,35.64,1.0,0.21809901,1
16:11:29.031967,94,0.6550312,2.2287946,1.1733605,-0.62636,46.879997,1.0,0.66877794,1
16:11:29.031967,94,0.46773213,2.3597574,0.8755211,-1.04384,21.119999,1.0,2.7629454,1
16:11:29.031967,94,0.6005454,2.3033772,0.68645465,-0.27832,20.76,1.0,0.99852383,1
16:11:29.031967,94,0.7260893,2.2581136,0.67134666,-0.62636,19.76,1.0,2.716914,1
16:11:29.031967,94,0.47500506,2.3678489,0.7512952,-0.62636,16.88,1.0,2.899892,1
16:11:29.031967,94,0.6912334,2.2625165,0.79380894,-0.62636,29.119999,1.0,1.0957017,1
16:11:29.031967,94,0.7008029,2.2650049,0.6695001,-0.62636,20.359999,1.0,2.0903826,1
16:11:29.031967,94,0.62255883,2.289714,1.1250877,-0.6958,50.879997,1.0,0.23302329,1
16:11:29.031967,94,0.61600536,2.2814581,0.7887335,-0.62636,37.36,1.0,0.3730208,1
16:11:29.031967,94,0.69541186,2.2706168,1.1302049,-0.6958,33.64,1.0,0.808724,1
16:11:29.031967,94,0.59814674,2.2956097,1.123508,-0.6958,50.36,1.0,0.32150602,1
16:11:29.031967,94,0.7436369,2.2567163,1.1339295,-0.6958,22.119999,1.0,1.878821,1
16:11:29.031967,94,0.76583934,2.2414033,0.79946613,-1.04384,15.88,1.0,3.1163275,1
16:11:29.031967,94,0.46177092,2.3841796,1.0932386,-0.6958,16.119999,1.0,3.2373185,1
16:11:29.031967,94,0.7830512,2.2676148,1.0179033,-1.04384,12.639999,1.0,3.1935582,1
16:11:29.031967,94,0.72736776,2.232993,1.2485993,-0.6958,29.88,1.0,1.9364067,1
16:11:29.031967,94,0.741044,2.2486813,0.79751605,-1.04384,18.359999,1.0,2.301237,1
16:11:29.031967,94,0.6109852,2.3246565,1.0292118,-0.62636,37.239998,1.0,0.09318421,1
16:11:29.031967,94,0.67119384,2.277217,1.1284363,-0.6958,40.76,1.0,0.47807217,1
16:11:29.031967,94,0.7195603,2.263783,1.132036,-0.6958,27.359999,1.0,1.276149,1
16:11:29.031967,94,0.6517191,2.2912807,0.68969584,-0.62636,19.359999,1.0,1.2270012,1
16:11:29.031967,94,0.5831871,2.2381968,1.145429,-0.62636,48.239998,1.0,0.80310416,1
16:11:29.031967,94,0.51597625,2.3153856,0.8065013,-0.55664,28.0,1.0,1.4321945,1
16:11:29.031967,94,0.5114421,2.254058,1.141179,-0.62636,31.88,1.0,2.2321773,1
16:11:29.031967,94,0.6868628,2.210856,1.3578613,-0.62636,28.76,1.0,2.2233672,1
16:11:29.031967,94,0.7161745,2.2557192,0.7956303,-0.62636,23.359999,1.0,1.6271497,1
16:11:29.031967,94,0.67866606,2.2223532,1.1750864,-0.62636,41.52,1.0,0.8734459,1
16:11:29.031967,94,0.41623425,2.3682961,0.8732332,-1.04384,16.0,1.0,4.849753,1
16:11:29.031967,94,0.66868424,2.182612,1.4878209,-0.6958,22.64,1.0,3.7969239,1
16:11:29.031967,94,0.60756737,2.2409906,1.1700925,-0.62636,50.879997,1.0,0.6607827,1
16:11:29.031967,94,0.5609323,2.3359768,1.0261785,-0.62636,31.76,1.0,0.4916065,1
16:11:29.031967,94,0.7133636,2.169262,1.491398,-0.6958,24.76,1.0,4.3079667,1
16:11:29.031967,94,0.70937383,2.2892401,1.0121088,-1.04384,20.24,1.0,1.0033238,1
16:11:29.031967,94,0.510655,2.3463278,1.0234048,-0.55664,22.88,1.0,1.4898801,1
16:11:29.031967,94,0.69116026,2.3245003,0.6367244,-0.62636,11.24,1.0,2.7046108,1
16:11:29.031967,94,0.78003705,2.1421049,1.4744622,-0.6958,22.519999,1.0,5.784942,1
16:11:29.031967,94,0.48712367,2.3795967,1.0944666,-0.6958,19.119999,1.0,2.3578136,1
16:11:29.031967,94,0.4420053,2.364151,0.8743438,-1.04384,18.359999,1.0,3.7262263,1
16:11:29.031967,94,0.54140395,2.310279,0.80786973,-0.55664,31.88,1.0,0.9279588,1
16:11:29.031967,94,0.64690864,2.283583,1.1267306,-0.6958,47.12,1.0,0.28568605,1
16:11:29.031967,94,0.5742217,2.3100414,1.1457051,-0.6958,46.0,1.0,0.6179353,1
16:11:29.031967,94,0.5271137,2.3581688,0.75388896,-0.62636,19.359999,1.0,1.6022601,1
16:11:29.031967,94,0.62616354,2.2974524,0.6880421,-0.27832,20.52,1.0,1.0364957,1
16:11:29.031967,94,0.66622317,2.2690725,0.7920522,-0.62636,34.12,1.0,0.7084943,1
16:11:29.031967,94,0.490497,2.3202465,0.80519885,-0.55664,24.359999,1.0,2.0913603,1
16:11:29.031967,94,0.5358204,2.3412738,1.0247592,-0.62636,27.119999,1.0,0.91508675,1
16:11:29.031967,94,0.5250614,2.3206599,1.1428598,-0.6958,32.64,1.0,1.5116907,1
16:11:29.031967,94,0.6411463,2.2753866,0.79036033,-0.62636,37.12,1.0,0.46709168,1
16:11:29.031967,94,0.5354115,2.249002,1.1425338,-0.62636,37.52,1.0,1.6165957,1
16:11:29.031967,94,0.7513031,2.2509782,0.67325854,-0.62636,18.64,1.0,3.4889576,1
16:11:29.031967,94,0.6940773,2.1106143,1.5051484,-0.6958,12.5199995,1.0,5.235866,1
16:11:29.031967,94,0.55932724,2.2437148,1.1439505,-0.62636,43.36,1.0,1.1406497,1
16:11:29.031967,94,0.7585671,2.2750604,1.0159082,-1.04384,15.88,1.0,2.3253586,1
16:11:29.031967,94,0.7355974,2.1622639,1.4932731,-0.6958,24.119999,1.0,4.7426133,1
16:11:29.031967,94,0.63133085,2.2350073,1.1716957,-0.62636,50.36,1.0,0.5974311,1
16:11:29.031967,94,0.59209436,2.2993298,0.81080353,-0.55664,35.239998,1.0,0.3788951,1
16:11:29.031967,94,0.6772095,2.2848625,0.6914156,-0.62636,20.24,1.0,1.568493,1
16:11:29.031967,94,0.47569108,2.3303268,1.1402695,-0.6958,21.88,1.0,2.9922173,1
16:11:29.031967,94,0.6846696,2.2959728,1.0103048,-0.62636,25.64,1.0,0.5527208,1
16:11:29.086838,95,0.7008029,2.2650049,0.6695001,-0.62636,17.52,1.0,3.326392,1
16:11:29.086838,95,0.6287715,2.1297824,1.5000123,-0.6958,25.64,1.0,3.3937664,1
16:11:29.086838,95,0.8675949,2.0860522,1.3926067,-0.6958,20.88,1.0,3.701773,1
16:11:29.086838,95,0.6068742,2.1357503,1.4984133,-0.6958,21.359999,1.0,4.1271424,1
16:11:29.086838,95,0.6175125,2.2297564,1.3527969,-0.6958,25.76,1.0,2.5164905,1
16:11:29.086838,95,0.715889,2.0984378,1.4848531,-0.6958,37.76,1.0,2.0957546,1
16:11:29.086838,95,0.7548017,2.1690001,1.2945074,-0.62636,55.52,1.0,0.66308504,1
16:11:29.086838,95,0.73785937,2.0262783,1.5028787,-0.6958,9.5199995,0.95199996,7.5212865,1
16:11:29.086838,95,0.6550312,2.2287946,1.1733605,-0.62636,40.879997,1.0,0.83441865,1
16:11:29.086838,95,0.82398075,2.102392,1.3882284,-0.6958,33.239998,1.0,2.1400192,1
16:11:29.086838,95,0.61000407,2.2310684,0.69542736,-0.62636,20.359999,1.0,3.2319562,1
16:11:29.086838,95,0.7091973,2.20558,0.702257,-0.62636,23.64,1.0,2.9366882,1
16:11:29.086838,95,0.702233,2.215684,1.1768734,-0.62636,46.36,1.0,0.7107108,1
16:11:29.086838,95,0.8452812,2.1380847,1.3027911,-0.62636,32.76,1.0,2.958164,1
16:11:29.086838,95,0.62389344,2.1895874,1.4617392,-0.6958,26.24,1.0,2.354458,1
16:11:29.086838,95,0.67544645,2.2716517,0.6677191,-0.62636,16.359999,1.0,3.0328884,1
16:11:29.086838,95,0.69541186,2.2706168,1.1302049,-0.6958,17.88,1.0,3.9049854,1
16:11:29.086838,95,0.77250326,2.194315,1.1825992,-0.62636,42.0,1.0,1.599539,1
16:11:29.086838,95,0.598982,2.2901182,0.66277105,-0.62636,11.639999,1.0,3.2126322,1
16:11:29.086838,95,0.8021693,2.116618,1.4086341,-0.6958,41.52,1.0,1.5331742,1
16:11:29.086838,95,0.5850606,2.2710354,1.2384058,-0.62636,26.119999,1.0,3.850491,1
16:11:29.086838,95,0.6349001,2.225056,0.6970384,-0.62636,20.0,1.0,2.8829658,1
16:11:29.086838,95,0.7260893,2.2581136,0.67134666,-0.62636,18.119999,1.0,3.7903924,1
16:11:29.086838,95,0.69133496,2.152691,1.3989683,-0.6958,49.64,1.0,0.6638484,1
16:11:29.086838,95,0.5098349,2.2527049,0.68962985,-0.62636,17.0,1.0,6.5636735,1
16:11:29.086838,95,0.6844992,2.212311,0.70045334,-0.62636,22.119999,1.0,2.738861,1
16:11:29.086838,95,0.6638117,2.2173793,1.3561133,-0.6958,39.76,1.0,1.774429,1
16:11:29.086838,95,0.5849163,2.1415062,1.496871,-0.6958,17.76,1.0,5.009501,1
16:11:29.086838,95,0.57854116,2.2067096,1.4813639,-0.6958,16.76,1.0,4.1490116,1
16:11:29.086838,95,0.80182415,2.0517516,1.4266697,-0.6958,27.119999,1.0,4.103514,1
16:11:29.086838,95,0.7589482,2.0841916,1.4886703,-0.6958,35.64,1.0,2.1990037,1
16:11:29.086838,95,0.7804821,2.0593936,1.424622,-0.6958,31.76,1.0,3.6791096,1
16:11:29.086838,95,0.7319875,2.1761808,1.2925833,-0.62636,58.0,1.0,0.42417532,1
16:11:29.086838,95,0.6089386,2.2652688,1.239951,-0.62636,30.88,1.0,3.3225188,1
16:11:29.086838,95,0.78015405,2.12426,1.4065864,-0.6958,49.64,1.0,1.0902991,1
16:11:29.086838,95,0.6868628,2.210856,1.3578613,-0.6958,48.0,1.0,1.6127223,1
16:11:29.086838,95,0.7957753,2.1867406,1.1846287,-0.62636,37.239998,1.0,2.1720102,1
16:11:29.086838,95,0.67866606,2.2223532,1.1750864,-0.62636,44.76,1.0,0.69909614,1
16:11:29.086838,95,0.65060586,2.1236036,1.501668,-0.6958,30.24,1.0,2.806872,1
16:11:29.086838,95,0.82308596,2.0439038,1.4287726,-0.6958,22.64,1.0,4.667077,1
16:11:29.086838,95,0.84583014,2.0943274,1.3903893,-0.6958,26.359999,1.0,2.8558576,1
16:11:29.086838,95,0.7091,2.1831408,1.2907184,-0.62636,55.0,1.0,0.32351884,1
16:11:29.086838,95,0.64069414,2.2236795,1.3544252,-0.6958,32.12,1.0,2.074739,1
16:11:29.086838,95,0.585047,2.23684,0.69388086,-0.62636,20.0,1.0,3.7705348,1
16:11:29.086838,95,0.71710664,2.317699,0.6385469,-0.62636,5.8799996,0.588,7.455566,1
16:11:29.086838,95,0.88953286,2.113929,1.2844288,-0.6958,21.119999,1.0,4.728649,1
16:11:29.086838,95,0.5349599,2.247659,0.6909819,-0.62636,18.119999,1.0,5.432257,1
16:11:29.086838,95,0.81896776,2.178942,1.1867183,-0.62636,32.0,1.0,2.8787234,1
16:11:29.086838,95,0.5600315,2.2423704,0.69239897,-0.62636,19.119999,1.0,4.5026145,1
16:11:29.086838,95,0.67254335,2.1118495,1.4812595,-0.6958,34.52,1.0,2.5514965,1
16:11:29.086838,95,0.6245334,2.284209,0.6643544,-0.62636,12.88,1.0,2.9721172,1
16:11:29.086838,95,0.64640474,2.1834524,1.4633831,-0.6958,33.239998,1.0,1.8423297,1
16:11:29.086838,95,0.82278246,2.146141,1.3006325,-0.62636,40.52,1.0,2.187424,1
16:11:29.086838,95,0.65002245,2.2780533,0.6660038,-0.62636,14.639999,1.0,2.9135268,1
16:11:29.086838,95,0.65973264,2.2188032,0.6987138,-0.62636,20.119999,1.0,2.7198033,1
16:11:29.086838,95,0.7257298,2.2087872,1.1787213,-0.62636,45.36,1.0,0.86642456,1
16:11:29.086838,95,0.8002015,2.1539795,1.2985322,-0.62636,48.76,1.0,1.5467552,1
16:11:29.086838,95,0.8420783,2.1709197,1.1888679,-0.62636,27.119999,1.0,3.7175949,1
16:11:29.086838,95,0.7338245,2.1986108,0.7041244,-0.62636,24.24,1.0,3.3099902,1
16:11:29.086838,95,0.6327557,2.2592719,1.2415578,-0.62636,36.0,1.0,2.9427953,1
16:11:29.086838,95,0.5943583,2.2421634,1.374342,-0.62636,20.76,1.0,3.6872463,1
16:11:29.086838,95,0.86769533,2.1298115,1.3050079,-0.6958,26.24,1.0,3.8572965,1
16:11:29.086838,95,0.6942509,2.1052482,1.4830282,-0.6958,37.36,1.0,2.2527683,1
16:11:29.086838,95,0.71364903,2.1459053,1.4007865,-0.6958,55.0,1.0,0.56471246,1
16:11:29.149369,96,0.7159963,2.0810776,1.4188118,-0.76552004,35.239998,1.0,3.626079,1
16:11:29.149369,96,0.66772074,2.5100253,-0.8034456,-0.55664,6.0,0.59999996,6.5328608,1
16:11:29.149369,96,0.89248306,2.0797772,0.8713536,-0.83496004,44.52,1.0,2.8979738,1
16:11:29.149369,96,0.6923053,2.4075637,-0.66641706,-0.55664,55.12,1.0,2.917331,1
16:11:29.149369,96,0.61686414,2.3188505,-0.12007496,-0.76552004,35.52,1.0,1.8972374,1
16:11:29.149369,96,0.77536255,2.1306477,1.2055441,-0.6958,77.36,1.0,1.531871,1
16:11:29.149369,96,0.8421107,2.0989487,1.1892776,-0.6958,38.64,1.0,1.5153472,1
16:11:29.149369,96,0.675674,2.3497267,-0.3196454,-0.55664,41.76,1.0,1.4901396,1
16:11:29.149369,96,0.81425047,2.1343658,1.0718822,-0.6958,87.52,1.0,1.1071589,1
16:11:29.149369,96,0.6289288,2.187165,0.045521967,-0.76552004,21.64,1.0,0.8217165,1
16:11:29.149369,96,0.63072956,2.3709717,-0.24616425,-0.76552004,27.0,1.0,2.5599124,1
16:11:29.149369,96,0.71778435,2.4961696,-0.8034456,-0.55664,5.3599997,0.536,6.618793,1
16:11:29.149369,96,0.7225303,2.3357441,-0.3196454,-0.55664,52.239998,1.0,1.454654,1
16:11:29.149369,96,0.5711121,2.183562,-1.2750094,-0.55664,48.52,1.0,2.743026,1
16:11:29.149369,96,0.76909757,2.1590166,1.090572,-0.76552004,77.24,1.0,1.3459655,1
16:11:29.149369,96,0.8226626,2.07481,1.2988218,-0.76552004,28.519999,1.0,1.7019476,1
16:11:29.149369,96,0.50947607,2.1405873,-1.2466604,-0.55664,22.88,1.0,4.4916396,1
16:11:29.149369,96,0.5600315,2.2423704,-1.307601,-0.55664,27.519999,1.0,1.9022086,1
16:11:29.149369,96,0.7403149,2.3932369,-0.66641706,-0.55664,41.36,1.0,3.4107761,1
16:11:29.149369,96,0.82306105,2.1046352,0.8646929,-0.83496004,50.879997,1.0,1.1265103,1
16:11:29.149369,96,0.9687027,2.0448787,1.0201992,-0.6958,30.0,1.0,6.057145,1
16:11:29.149369,96,0.7458512,2.328402,-0.3196454,-0.76552004,64.76,1.0,1.6719135,1
16:11:29.149369,96,0.69278723,2.5032227,-0.8034456,-0.55664,5.24,0.524,6.4903364,1
16:11:29.149369,96,0.6905055,2.2322166,-0.11692627,-0.6958,55.52,1.0,0.038151037,1
16:11:29.149369,96,0.39911193,2.216376,-1.2838019,-0.55664,22.119999,1.0,6.7174826,1
16:11:29.149369,96,0.7071138,2.2859068,-0.21593322,-0.6958,84.88,1.0,0.49757996,1
16:11:29.149369,96,0.76420987,2.1319416,0.7388223,-0.55664,34.64,1.0,0.56009215,1
16:11:29.149369,96,0.86145025,2.0647285,1.124325,-0.6958,30.24,1.0,2.0330746,1
16:11:29.149369,96,0.84413886,2.0296543,1.4090279,-0.76552004,16.52,1.0,2.4229746,1
16:11:29.149369,96,0.67264426,2.1744761,-0.022762122,-0.76552004,30.88,1.0,0.20126216,1
16:11:29.149369,96,0.694355,2.0878892,1.4169867,-0.76552004,34.36,1.0,4.3254657,1
16:11:29.149369,96,0.42382285,2.2124016,-1.2827369,-0.55664,25.24,1.0,5.625192,1
16:11:29.149369,96,0.9154483,2.0710454,0.8736933,-0.83496004,41.36,1.0,3.8086317,1
16:11:29.149369,96,0.65973264,2.4799972,-0.68267745,-0.55664,30.76,1.0,5.309308,1
16:11:29.149369,96,0.4594344,2.2620676,-1.3128788,-0.55664,20.359999,1.0,3.7126565,1
16:11:29.149369,96,0.7163459,2.4005203,-0.66641706,-0.55664,48.76,1.0,3.082826,1
16:11:29.149369,96,0.7804821,2.0593936,1.424622,-0.76552004,29.24,1.0,2.367986,1
16:11:29.149369,96,0.53335327,2.1355507,-1.2453109,-0.55664,25.88,1.0,4.2387877,1
16:11:29.149369,96,0.844477,2.0667582,1.3009793,-0.76552004,22.519999,1.0,1.8694093,1
16:11:29.149369,96,0.61977774,2.1720583,-1.271927,-0.55664,57.76,1.0,3.1753004,1
16:11:29.149369,96,0.938322,2.0620923,0.87609226,-0.83496004,38.52,1.0,4.878347,1
16:11:29.149369,96,0.585047,2.23684,-1.3061192,-0.55664,29.64,1.0,1.9002173,1
16:11:29.149369,96,0.60702604,2.1933448,0.045521967,-0.76552004,17.52,1.0,1.3327203,1
16:11:29.149369,96,0.6518917,2.3554564,-0.65015674,-0.55664,46.12,1.0,1.3729142,1
16:11:29.149369,96,0.5571771,2.1302838,-1.2438996,-0.55664,29.24,1.0,4.1541953,1
16:11:29.149369,96,0.81969637,2.1069746,1.1871271,-0.6958,49.64,1.0,1.3438172,1
16:11:29.149369,96,0.6507686,2.1807666,0.045521967,-0.76552004,26.24,1.0,0.4532817,1
16:11:29.149369,96,0.963203,2.0641139,0.90112984,-0.83496004,35.88,1.0,5.9115095,1
16:11:29.149369,96,0.62830496,2.3618574,-0.65015674,-0.55664,41.64,1.0,1.5544083,1
16:11:29.149369,96,0.8012069,2.0898633,1.3189719,-0.76552004,36.239998,1.0,1.6979427,1
16:11:29.149369,96,0.65214336,2.3563657,-0.3196454,-0.55664,33.36,1.0,1.7432877,1
16:11:29.149369,96,0.8836169,2.0563004,1.1265833,-0.6958,24.0,1.0,2.5784872,1
16:11:29.149369,96,0.8017039,2.0455523,1.4047681,-0.76552004,24.519999,1.0,2.239746,1
16:11:29.149369,96,0.6627497,2.304781,-0.14406353,-0.76552004,59.359997,1.0,0.8892523,1
16:11:29.149369,96,0.434164,2.2663834,-1.3140353,-0.55664,18.24,1.0,4.617116,1
16:11:29.149369,96,0.94636667,2.054128,1.0177208,-0.6958,36.88,1.0,4.8824615,1
16:11:29.149369,96,0.61000407,2.2310684,-1.3045727,-0.55664,31.24,1.0,2.0778573,1
16:11:29.149369,96,0.6754133,2.34882,-0.65015674,-0.55664,50.36,1.0,1.3491416,1
16:11:29.149369,96,0.7972001,2.1147838,1.1850346,-0.6958,63.359997,1.0,1.32306,1
16:11:29.149369,96,0.65002245,2.545694,-0.6989378,-0.55664,6.64,0.664,8.5455265,1
16:11:29.149369,96,0.8601216,2.118192,1.076216,-0.6958,69.0,1.0,1.6092107,1
16:11:29.149369,96,0.7455634,2.079923,0.76959455,-0.55664,56.879997,1.0,1.1156324,1
16:11:29.149369,96,0.5936452,2.324903,-0.12007496,-0.6958,27.64,1.0,2.5990057,1
16:11:29.149369,96,0.7688008,2.072609,0.7715543,-0.55664,56.0,1.0,1.1532749,1
16:11:29.198834,97,0.7587949,2.0021694,1.44061,-0.76552004,24.24,1.0,3.0975118,1
16:11:29.198834,97,0.7880284,2.1244447,0.740831,-0.6958,15.12,1.0,0.32703367,1
16:11:29.198834,97,0.715889,2.074874,1.3969114,-0.76552004,28.519999,1.0,2.1605809,1
16:11:29.198834,97,0.831575,2.1683655,0.71222854,-0.6958,10.5199995,1.0,2.5123444,1
16:11:29.198834,97,0.8558108,2.1602159,0.7144122,-0.6958,9.76,0.97599995,2.7526312,1
16:11:29.198834,97,0.83184016,2.0869331,0.9837934,-0.6958,39.52,1.0,0.5429841,1
16:11:29.198834,97,0.80901057,2.094858,0.98166996,-0.6958,42.879997,1.0,0.30827442,1
16:11:29.198834,97,0.7861001,2.1025617,0.97960573,-0.6958,45.64,1.0,0.17419302,1
16:11:29.198834,97,0.67506105,2.0298731,1.4331869,-0.76552004,24.24,1.0,3.6756194,1
16:11:29.198834,97,0.7057429,2.1415608,0.85479873,-0.6958,16.64,1.0,0.32604071,1
16:11:29.198834,97,0.44581744,2.253733,-0.2625951,-0.55664,11.639999,1.0,10.512386,1
16:11:29.198834,97,0.58038074,2.2017775,1.0538193,-0.83496004,26.64,1.0,6.8073816,1
16:11:29.198834,97,0.6681954,2.1596172,0.73140657,-0.83496004,8.12,0.812,0.58267057,1
16:11:29.198834,97,0.9040233,2.1432166,0.71896714,-0.6958,7.64,0.764,3.532139,1
16:11:29.198834,97,0.75815135,2.0407891,1.3353939,-0.83496004,29.519999,1.0,1.4496273,1
16:11:29.198834,97,0.7795457,2.0333624,1.3373839,-0.83496004,28.88,1.0,1.460601,1
16:11:29.198834,97,0.65395355,2.0362918,1.4314669,-0.76552004,21.88,1.0,4.0549636,1
16:11:29.198834,97,0.6327807,2.0425062,1.4298018,-0.76552004,19.119999,1.0,4.5256724,1
16:11:29.198834,97,0.80086213,2.0257297,1.3394291,-0.76552004,26.88,1.0,1.5688359,1
16:11:29.198834,97,0.879961,2.1518328,0.7166585,-0.6958,8.639999,0.86399996,3.0918171,1
16:11:29.198834,97,0.7030408,2.1085284,1.0879427,-0.6958,26.0,1.0,0.6896108,1
16:11:29.198834,97,0.7400456,2.1173036,0.9756556,-0.6958,46.76,1.0,0.2006482,1
16:11:29.198834,97,0.67160106,2.1480107,0.992565,-0.83496004,37.879997,1.0,1.4296284,1
16:11:29.198834,97,0.72935706,2.1346297,0.85665596,-0.6958,18.119999,1.0,0.16497575,1
16:11:29.198834,97,0.64821225,2.154385,0.990857,-0.83496004,34.0,1.0,1.9028776,1
16:11:29.198834,97,0.763111,2.110044,0.9776009,-0.6958,47.0,1.0,0.13888521,1
16:11:29.198834,97,0.938322,2.0620923,0.87609226,-0.62636,18.0,1.0,3.3012147,1
16:11:29.198834,97,0.47342008,2.249293,-0.2614055,-0.55664,13.36,1.0,9.65622,1
16:11:29.198834,97,0.7163459,2.146243,0.7349902,-0.6958,9.639999,0.964,0.17684558,1
16:11:29.198834,97,0.65218663,2.1649845,0.6074571,-0.55664,6.3599997,0.636,0.7315713,1
16:11:29.198834,97,0.5833298,2.2288756,-0.25593463,-0.55664,17.119999,1.0,7.6425724,1
16:11:29.198834,97,0.9524193,2.0655806,0.7566036,-0.62636,10.639999,1.0,4.452925,1
16:11:29.198834,97,0.7403149,2.1392078,0.73687524,-0.6958,10.24,1.0,0.12441543,1
16:11:29.198834,97,0.92920196,2.0746684,0.75416857,-0.62636,12.24,1.0,3.5208685,1
16:11:29.198834,97,0.7763643,2.120085,0.86055315,-0.6958,20.64,1.0,0.13630861,1
16:11:29.198834,97,0.84628713,2.0965729,0.86685324,-0.6958,21.359999,1.0,0.8508752,1
16:11:29.198834,97,0.8432526,2.009848,1.3436846,-0.76552004,20.76,1.0,2.0848682,1
16:11:29.198834,97,0.6942509,2.0816844,1.3950865,-0.76552004,26.359999,1.0,2.5438392,1
16:11:29.198834,97,0.75289834,2.127471,0.85857415,-0.6958,19.52,1.0,0.10125326,1
16:11:29.198834,97,0.7997527,2.112473,0.8625928,-0.6958,21.52,1.0,0.27173615,1
16:11:29.198834,97,0.78285635,2.1839602,0.70804995,-0.6958,10.639999,1.0,2.3203738,1
16:11:29.198834,97,0.8590017,2.1005793,0.74722576,-0.6958,16.64,1.0,1.4241161,1
16:11:29.198834,97,0.50097543,2.2445872,-0.2601445,-0.55664,15.12,1.0,8.942001,1
16:11:29.198834,97,0.6762057,1.9654241,1.4511107,-0.76552004,9.88,0.988,8.595044,1
16:11:29.198834,97,0.73797005,2.0093985,1.438673,-0.76552004,25.76,1.0,3.0982704,1
16:11:29.198834,97,0.66366535,2.1991036,0.94201434,-0.6958,14.0,1.0,4.3878913,1
16:11:29.198834,97,0.5566357,2.207269,1.0523479,-0.83496004,23.519999,1.0,7.699058,1
16:11:29.198834,97,0.73295,2.0819628,1.2244513,-0.6958,21.76,1.0,0.8827762,1
16:11:29.198834,97,0.8354267,2.1087627,0.74503297,-0.6958,16.52,1.0,0.95022255,1
16:11:29.198834,97,0.9611019,2.0529187,0.87855035,-0.62636,16.64,1.0,4.197056,1
16:11:29.198834,97,0.60124254,2.1664543,0.9876231,-0.83496004,30.119999,1.0,3.1114237,1
16:11:29.198834,97,0.82209843,2.0178912,1.3415294,-0.76552004,23.88,1.0,1.7762442,1
16:11:29.198834,97,0.82306105,2.1046352,0.8646929,-0.6958,21.76,1.0,0.5092884,1
16:11:29.198834,97,0.52848065,2.2396152,-0.25881228,-0.55664,16.359999,1.0,8.368782,1
16:11:29.198834,97,0.51811427,2.1956842,-0.21450469,-0.55664,13.12,1.0,11.193306,1
16:11:29.198834,97,0.90589166,2.0835311,0.7517938,-0.6958,14.0,1.0,2.7070835,1
16:11:29.198834,97,0.7583783,2.1914039,0.70605546,-0.6958,10.0,1.0,2.365072,1
16:11:29.198834,97,0.6844992,2.212311,0.70045334,-0.55664,6.8799996,0.68799996,3.0438335,1
16:11:29.198834,97,0.7169062,2.1243403,0.9737702,-0.6958,44.879997,1.0,0.35793206,1
16:11:29.198834,97,0.76420987,2.1319416,0.7388223,-0.6958,12.759999,1.0,0.17398903,1
16:11:29.198834,97,0.779427,1.9887128,1.4213078,-0.76552004,21.88,1.0,3.6057343,1
16:11:29.198834,97,0.8000949,1.9810841,1.4233519,-0.76552004,19.119999,1.0,3.8487644,1
16:11:29.198834,97,0.8720645,2.0387344,0.92158043,-0.6958,35.64,1.0,2.6375806,1
16:11:29.198834,97,0.8824908,2.0921686,0.7494794,-0.6958,15.639999,1.0,2.0089777,1
16:11:29.257746,98,0.52001417,2.082141,0.7858342,-0.90468,53.64,1.0,1.3801438,1
16:11:29.257746,98,0.40314057,2.1044378,0.7798597,-0.90468,31.0,1.0,4.425961,1
16:11:29.257746,98,0.6997527,2.079831,1.021912,-0.76552004,125.24,1.0,0.9208378,1
16:11:29.257746,98,0.49199885,2.1461334,0.63185924,-0.90468,16.24,1.0,1.7122728,1
16:11:29.257746,98,0.5645797,2.1308236,0.6359615,-0.90468,18.24,1.0,0.9748484,1
16:11:29.257746,98,0.4562918,2.0982904,0.6640298,-0.90468,32.64,1.0,3.3547812,1
16:11:29.257746,98,0.40875235,2.1066465,0.6617908,-0.90468,24.88,1.0,4.822594,1
16:11:29.257746,98,0.7517018,2.0413172,1.1390531,-0.6958,27.119999,1.0,1.829283,1
16:11:29.257746,98,0.6366525,2.1134179,0.64062536,-0.90468,17.24,1.0,1.1013507,1
16:11:29.257746,98,0.6345525,2.1279101,1.0827495,-0.76552004,153.87999,1.0,1.5347912,1
16:11:29.257746,98,0.7736097,2.0339503,1.141027,-0.6958,20.52,1.0,2.321662,1
16:11:29.257746,98,0.57430047,2.0733984,0.6706996,-0.90468,60.359997,1.0,1.5072408,1
16:11:29.257746,98,0.5163413,2.0712788,1.2097403,-0.76552004,29.0,1.0,1.8306047,1
16:11:29.257746,98,0.6749598,2.023841,1.4118953,-0.76552004,35.12,1.0,2.312163,1
16:11:29.257746,98,0.72691697,2.0279043,0.8003669,-0.90468,72.88,1.0,1.9282914,1
16:11:29.257746,98,0.6843868,2.1006572,0.6440446,-0.90468,21.76,1.0,1.6463573,1
16:11:29.257746,98,0.44336155,2.1551685,0.6294383,-0.90468,13.88,1.0,2.7056384,1
16:11:29.257746,98,0.5162449,2.141264,0.63316405,-0.90468,17.24,1.0,1.3678415,1
16:11:29.257746,98,0.44004717,2.1557136,1.2046899,-0.6958,17.64,1.0,4.3150926,1
16:11:29.257746,98,0.61159307,2.1339285,1.0811368,-0.76552004,143.36,1.0,1.4814024,1
16:11:29.257746,98,0.5984353,2.1124723,1.1921654,-0.76552004,179.0,1.0,1.477881,1
16:11:29.257746,98,0.66768795,2.0494018,0.67712945,-0.90468,56.239998,1.0,1.8026694,1
16:11:29.257746,98,0.7297186,2.048472,1.137136,-0.6958,37.239998,1.0,1.4108536,1
16:11:29.257746,98,0.68553567,2.0621426,1.1334729,-0.6958,80.64,1.0,0.79862094,1
16:11:29.257746,98,0.71399045,2.0360553,0.6807056,-0.90468,48.64,1.0,2.5130885,1
16:11:29.257746,98,0.68138874,2.041508,0.79672176,-0.90468,87.64,1.0,1.1724411,1
16:11:29.257746,98,0.59015864,2.0482843,1.4053456,-0.76552004,23.359999,1.0,2.398034,1
16:11:29.257746,98,0.48571813,2.1467712,1.207086,-0.6958,30.24,1.0,3.242124,1
16:11:29.257746,98,0.7600073,2.0218172,0.6845207,-0.90468,42.0,1.0,3.5873818,1
16:11:29.257746,98,0.60469013,2.0575051,1.2368901,-0.76552004,76.0,1.0,0.93643135,1
16:11:29.257746,98,0.4189752,2.1593335,0.6283223,-0.90468,12.759999,1.0,3.3582435,1
16:11:29.257746,98,0.54043937,2.1361606,0.6345315,-0.90468,17.88,1.0,1.1225846,1
16:11:29.257746,98,0.59773934,2.0677378,0.6722163,-0.90468,64.119995,1.0,1.4374596,1
16:11:29.257746,98,0.6585213,2.047979,0.7949878,-0.90468,90.64,1.0,0.92710185,1
16:11:29.257746,98,0.67709696,2.0864806,1.0201302,-0.76552004,146.36,1.0,0.64608085,1
16:11:29.257746,98,0.6444354,2.055739,0.67543143,-0.90468,62.239998,1.0,1.5864136,1
16:11:29.257746,98,0.81050223,2.0334003,1.0098605,-0.6958,38.64,1.0,3.2426853,1
16:11:29.257746,98,0.6959966,2.0172195,1.4136693,-0.83496004,33.76,1.0,2.4705026,1
16:11:29.257746,98,0.7578845,1.9768616,1.355796,-0.76552004,26.76,1.0,3.0220664,1
16:11:29.257746,98,0.4721363,2.080827,1.2071819,-0.76552004,17.76,1.0,2.8264806,1
16:11:29.257746,98,0.5654931,2.1452987,1.0780902,-0.76552004,97.52,1.0,1.6074446,1
16:11:29.257746,98,0.6211184,2.0618513,0.6737937,-0.90468,65.0,1.0,1.464276,1
16:11:29.257746,98,0.3371426,2.1174545,0.6588948,-0.90468,19.24,1.0,7.8492694,1
16:11:29.257746,98,0.6265086,2.051559,1.2384834,-0.76552004,78.52,1.0,0.8907293,1
16:11:29.257746,98,0.70418805,2.034816,0.79851484,-0.90468,81.24,1.0,1.5064875,1
16:11:29.257746,98,0.71687806,1.9519675,1.4547164,-0.83496004,18.24,1.0,3.8122087,1
16:11:29.257746,98,0.73785937,2.003369,1.4173806,-0.83496004,30.76,1.0,2.9980779,1
16:11:29.257746,98,0.6482644,2.0454023,1.240133,-0.76552004,70.0,1.0,0.9222194,1
16:11:29.257746,98,0.817083,1.9980725,0.8083603,-0.6958,48.76,1.0,4.476657,1
16:11:29.257746,98,0.7659355,2.048628,1.0057802,-0.6958,61.0,1.0,1.9984303,1
16:11:29.257746,98,0.4967341,2.0870514,0.7845184,-0.90468,46.76,1.0,1.7883545,1
16:11:29.257746,98,0.6605527,2.1071527,0.6423041,-0.90468,19.76,1.0,1.3286619,1
16:11:29.257746,98,0.5508042,2.0788324,0.6692436,-0.90468,54.879997,1.0,1.6749678,1
16:11:29.257746,98,0.7346177,2.0186834,1.2472924,-0.76552004,32.76,1.0,1.8029767,1
16:11:29.257746,98,0.7435361,2.0559182,1.0038269,-0.6958,78.24,1.0,1.4909794,1
16:11:29.257746,98,0.77736217,2.0040784,1.2512058,-0.83496004,19.76,1.0,2.6861084,1
16:11:29.257746,98,0.4965989,2.169895,1.0961457,-0.6958,48.36,1.0,2.9299498,1
16:11:29.257746,98,0.5272528,2.084039,0.66784847,-0.90468,48.879997,1.0,1.94206,1
16:11:29.257746,98,0.7370357,2.0290475,0.6825834,-0.90468,42.52,1.0,3.0052137,1
16:11:29.257746,98,0.5533271,2.1235979,1.1891843,-0.76552004,91.759995,1.0,1.7683276,1
16:11:29.257746,98,0.4325437,2.1025832,0.6628795,-0.90468,28.359999,1.0,4.0349336,1
16:11:29.257746,98,0.6699554,2.0390356,1.2418389,-0.76552004,56.239998,1.0,1.0299959,1
16:11:29.257746,98,0.6326857,2.036472,1.4085107,-0.76552004,31.359999,1.0,2.209702,1
16:11:29.257746,98,0.47999424,2.0937686,0.6652414,-0.90468,37.36,1.0,2.780372,1
16:11:29.310035,99,0.6782768,1.9342123,0.7466964,-0.97412,39.52,1.0,1.3047009,1
16:11:29.310035,99,0.751673,1.9703336,1.1432108,-0.76552004,27.64,1.0,0.14765051,1
16:11:29.310035,99,0.9630585,1.9468707,0.7046026,-0.48720002,16.64,1.0,4.1187673,1
16:11:29.310035,99,0.7471705,2.0045922,1.0531067,-0.83496004,42.239998,1.0,0.050119217,1
16:11:29.310035,99,0.6624399,2.059743,1.1101161,-0.83496004,45.12,1.0,0.8721521,1
16:11:29.310035,99,0.7409996,1.9712517,0.7174207,-0.97412,55.879997,1.0,0.22388747,1
16:11:29.310035,99,0.66768795,2.0494018,0.67712945,-0.97412,27.119999,1.0,1.0790722,1
16:11:29.310035,99,0.7829029,2.0143654,0.6865174,-0.97412,36.64,1.0,0.23380667,1
16:11:29.310035,99,0.91732204,1.9071449,0.73459804,-0.48720002,27.64,1.0,2.577128,1
16:11:29.310035,99,0.57391757,2.0925624,1.125322,-0.97412,29.76,1.0,3.0933022,1
16:11:29.310035,99,0.7033968,2.018604,1.0493522,-0.97412,49.0,1.0,0.24256961,1
16:11:29.310035,99,0.7600073,2.0218172,0.6845207,-0.97412,35.64,1.0,0.19494389,1
16:11:29.310035,99,0.6846052,2.0532372,1.1118593,-0.83496004,48.36,1.0,0.5659264,1
16:11:29.310035,99,0.8284569,1.9988004,0.6906881,-0.83496004,33.0,1.0,0.6159719,1
16:11:29.310035,99,0.7253199,2.011704,1.0512011,-0.97412,46.76,1.0,0.099088095,1
16:11:29.310035,99,0.5955555,2.0779712,1.1052319,-0.97412,34.88,1.0,2.3776474,1
16:11:29.310035,99,0.8085384,1.8911148,0.75824434,-0.97412,36.12,1.0,0.83843225,1
16:11:29.310035,99,0.94085264,1.9560659,0.7021387,-0.48720002,19.119999,1.0,3.2960606,1
16:11:29.310035,99,0.82587117,2.05688,0.6557746,-0.83496004,8.0,0.79999995,1.035478,1
16:11:29.310035,99,0.6283182,2.0043252,0.70855874,-0.97412,36.64,1.0,1.9675865,1
16:11:29.310035,99,0.7633226,1.9639864,0.71936744,-0.97412,57.12,1.0,0.17895633,1
16:11:29.310035,99,0.78701764,1.8988209,0.7561795,-0.97412,41.239998,1.0,0.6775789,1
16:11:29.310035,99,0.6179128,2.0721107,1.1068022,-0.83496004,40.239998,1.0,1.7770921,1
16:11:29.310035,99,0.7219919,1.9206864,0.7503207,-0.97412,46.64,1.0,0.76374716,1
16:11:29.310035,99,0.80572015,2.006693,0.68857324,-0.83496004,35.64,1.0,0.3745096,1
16:11:29.310035,99,0.8077373,1.9488106,0.7234338,-0.97412,50.76,1.0,0.38491815,1
16:11:29.310035,99,0.98516804,1.9374614,0.70712376,-0.48720002,14.639999,1.0,5.034372,1
16:11:29.310035,99,0.93897253,1.8981797,0.7370003,-0.48720002,23.64,1.0,3.2946389,1
16:11:29.310035,99,0.71860254,1.9783012,0.7155318,-0.97412,52.12,1.0,0.3687741,1
16:11:29.310035,99,0.73038626,1.9774915,1.1412928,-0.83496004,31.119999,1.0,0.16102469,1
16:11:29.310035,99,0.767588,1.9875981,1.0338099,-0.83496004,36.76,1.0,0.06319913,1
16:11:29.310035,99,0.60120714,2.0160897,1.1309505,-0.83496004,30.88,1.0,2.1751947,1
16:11:29.310035,99,0.6961336,1.9851339,0.713701,-0.97412,47.0,1.0,0.6146115,1
16:11:29.310035,99,0.7318472,2.086977,0.6477102,-0.97412,6.24,0.624,0.7418678,1
16:11:29.310035,99,0.7370357,2.0290475,0.6825834,-0.97412,33.36,1.0,0.25898987,1
16:11:29.310035,99,0.6122009,1.9529114,0.74168605,-0.97412,30.24,1.0,2.8599944,1
16:11:29.310035,99,0.6902617,1.9377083,1.1837922,-0.83496004,14.5199995,1.0,0.7965178,1
16:11:29.310035,99,0.6735951,1.9917492,0.7119284,-0.97412,41.76,1.0,0.96238226,1
16:11:29.310035,99,0.8955798,1.9159007,0.732252,-0.48720002,32.52,1.0,1.9512097,1
16:11:29.310035,99,0.87239695,2.0404756,0.6601702,-0.48720002,7.8799996,0.788,1.8084526,1
16:11:29.310035,99,0.85182893,1.9327799,0.7277292,-0.48720002,38.239998,1.0,0.97846,1
16:11:29.310035,99,0.73487324,1.8750335,1.4543871,-0.90468,5.52,0.552,1.5891727,1
16:11:29.310035,99,0.5802418,2.0304894,1.150443,-0.83496004,27.359999,1.0,2.782032,1
16:11:29.310035,99,0.7892487,1.980079,1.0358247,-0.76552004,31.119999,1.0,0.19034381,1
16:11:29.310035,99,0.8491765,2.0487902,0.6579423,-0.83496004,8.12,0.812,1.3707402,1
16:11:29.310035,99,0.6211184,2.0618513,0.6737937,-0.97412,21.52,1.0,2.1593316,1
16:11:29.310035,99,0.6055843,2.0102844,0.7069619,-0.97412,32.239998,1.0,2.6269166,1
16:11:29.310035,99,0.8108304,1.9723512,1.0378953,-0.76552004,26.119999,1.0,0.40912572,1
16:11:29.310035,99,0.7437422,1.9136074,0.7522175,-0.97412,47.239998,1.0,0.63927114,1
16:11:29.310035,99,0.94152564,2.0141919,0.6672129,-0.48720002,6.7599998,0.676,3.7245646,1
16:11:29.310035,99,0.9185527,1.9650463,0.6997324,-0.48720002,22.119999,1.0,2.5674024,1
16:11:29.310035,99,0.8736795,1.9823585,0.69509363,-0.48720002,25.64,1.0,1.3967937,1
16:11:29.310035,99,0.7090265,1.9844433,1.13943,-0.83496004,34.0,1.0,0.26498267,1
16:11:29.310035,99,0.89553016,2.0319371,0.66245806,-0.48720002,7.3599997,0.736,2.347448,1
16:11:29.310035,99,0.73622334,1.9203607,1.374208,-0.90468,10.36,1.0,0.8357435,1
16:11:29.310035,99,0.68759584,1.9911885,1.1376227,-0.83496004,35.52,1.0,0.4604407,1
16:11:29.310035,99,0.6843868,2.1006572,0.6440446,-0.97412,6.0,0.59999996,1.2392215,1
16:11:29.310035,99,0.7855692,1.9565058,0.7213719,-0.97412,55.36,1.0,0.23297302,1
16:11:29.310035,99,0.8024832,2.0647445,0.65366733,-0.90468,7.52,0.752,0.80382216,1
16:11:29.310035,99,0.9605291,1.8890057,0.73945844,-0.48720002,20.359999,1.0,4.1026545,1
16:11:29.310035,99,0.7001694,1.927555,0.74848026,-0.97412,43.76,1.0,0.9852449,1
16:11:29.310035,99,0.8611853,1.9228047,0.8453621,-0.48720002,26.119999,1.0,1.1803842,1
16:11:29.310035,99,0.6342904,1.9468912,0.7432991,-0.97412,34.76,1.0,2.241171,1
16:11:29.310035,99,0.6660964,1.9977264,1.1358708,-0.83496004,35.52,1.0,0.7483038,1
16:11:29.491173,100,0.58006173,2.0586016,0.9056075,-0.83496004,41.76,1.0,1.6347922,1
16:11:29.491173,100,0.6502661,1.8887054,1.2054111,-0.83496004,77.119995,1.0,1.987891,1
16:11:29.491173,100,0.6980057,1.9785649,0.9649493,-0.97412,56.52,1.0,0.84718406,1
16:11:29.491173,100,0.6415159,1.9768373,1.0716218,-0.83496004,211.0,1.0,0.023281595,1
16:11:29.491173,100,0.64758766,1.9422158,1.1598823,-0.83496004,147.76,1.0,0.21805018,1
16:11:29.491173,100,0.73124063,1.9185767,0.63461566,-0.90468,10.5199995,1.0,1.4547793,1
16:11:29.491173,100,0.78701764,1.8988209,0.7561795,-0.27832,12.88,1.0,2.5247178,1
16:11:29.491173,100,0.7498921,1.8467336,1.1946042,-0.62636,19.64,1.0,3.0358133,1
16:11:29.491173,100,0.515826,2.1167915,0.9875159,-0.83496004,26.88,1.0,4.0872545,1
16:11:29.491173,100,0.505553,2.0992458,1.0995313,-0.83496004,33.88,1.0,3.1552665,1
16:11:29.491173,100,0.6581769,2.022035,1.0245826,-0.83496004,124.64,1.0,1.2809707,1
16:11:29.491173,100,0.570458,2.0555286,1.0394583,-0.83496004,99.52,1.0,1.3696431,1
16:11:29.491173,100,0.6357094,1.8899485,1.3856297,-0.90468,19.52,1.0,2.4410336,1
16:11:29.491173,100,0.50025713,1.989491,1.1699171,-0.83496004,40.36,1.0,2.597724,1
16:11:29.491173,100,0.70676994,1.8962011,1.1043065,-0.83496004,44.36,1.0,1.0963422,1
16:11:29.491173,100,0.5138566,2.037634,1.1251776,-0.83496004,54.36,1.0,1.5342578,1
16:11:29.491173,100,0.63608843,2.0282857,1.0229077,-0.83496004,152.76,1.0,1.0703831,1
16:11:29.491173,100,0.50844836,1.951359,1.2549472,-0.83496004,24.64,1.0,3.8553793,1
16:11:29.491173,100,0.58908254,1.9066635,1.2005992,-0.83496004,72.119995,1.0,2.782155,1
16:11:29.491173,100,0.71976084,1.9717175,0.96678406,-0.83496004,38.64,1.0,1.2488099,1
16:11:29.491173,100,0.5291996,1.9463475,1.25629,-0.83496004,32.239998,1.0,3.115114,1
16:11:29.491173,100,0.5370287,2.026841,0.7025256,-0.83496004,7.8799996,0.788,1.5549445,1
16:11:29.491173,100,0.8399016,1.9370723,0.60782266,-0.27832,6.64,0.664,5.9013777,1
16:11:29.491173,100,0.76541823,1.9063185,0.75417054,-0.97412,15.88,1.0,1.9371858,1
16:11:29.491173,100,0.5498979,1.9411359,1.2576865,-0.83496004,42.879997,1.0,2.489947,1
16:11:29.491173,100,0.61502284,2.0440774,1.0425266,-0.83496004,137.76,1.0,1.3409476,1
16:11:29.491173,100,0.6479417,2.0408077,0.91037536,-0.83496004,57.879997,1.0,1.9393594,1
16:11:29.491173,100,0.57945424,2.021792,1.1294225,-0.83496004,188.23999,1.0,0.5031505,1
16:11:29.491173,100,0.7697769,1.8393941,1.1965708,-0.62636,15.24,1.0,3.4436479,1
16:11:29.491173,100,0.749998,1.9677908,0.5995916,-0.90468,5.64,0.564,2.6843684,1
16:11:29.491173,100,0.46959162,2.1263103,0.9849654,-0.83496004,18.24,1.0,4.774825,1
16:11:29.491173,100,0.73982656,1.9541837,0.94781965,-0.83496004,27.76,1.0,1.4457808,1
16:11:29.491173,100,0.65885895,1.8431007,-0.3195066,-0.62636,7.24,0.724,10.662058,1
16:11:29.491173,100,0.49273345,2.1216626,0.98621076,-0.83496004,22.0,1.0,4.369636,1
16:11:29.491173,100,0.7523475,1.9617767,0.83491963,-0.83496004,20.52,1.0,2.1574788,1
16:11:29.491173,100,0.7044637,1.947881,1.0561752,-0.83496004,60.239998,1.0,0.49638376,1
16:11:29.491173,100,0.5599373,2.021543,0.7039452,-0.83496004,8.24,0.824,1.1572747,1
16:11:29.491173,100,0.79709935,1.8964311,0.64054954,-0.90468,10.0,1.0,3.0538447,1
16:11:29.491173,100,0.7309245,1.8620193,1.2125616,-0.62636,25.88,1.0,2.3600698,1
16:11:29.491173,100,0.5281351,2.0942535,1.100869,-0.83496004,46.879997,1.0,2.8688407,1
16:11:29.491173,100,0.76698774,1.8657035,1.0899177,-0.62636,18.0,1.0,2.380336,1
16:11:29.491173,100,0.4925536,2.0512168,1.1448891,-0.83496004,38.76,1.0,2.128221,1
16:11:29.491173,100,0.7082705,1.9758856,0.83113915,-0.83496004,27.64,1.0,1.1583436,1
16:11:29.491173,100,0.772592,1.9604373,0.601562,-0.90468,6.24,0.624,3.3416727,1
16:11:29.491173,100,0.5421482,1.9709517,1.1521826,-0.83496004,84.759995,1.0,1.5823667,1
16:11:29.491173,100,0.68610084,1.9029282,1.1025039,-0.83496004,65.0,1.0,0.9326377,1
16:11:29.491173,100,0.6266208,1.9483697,1.1582334,-0.83496004,188.87999,1.0,0.27628353,1
16:11:29.491173,100,0.7478941,1.8821497,1.1080716,-0.83496004,23.359999,1.0,1.7162861,1
16:11:29.491173,100,0.68019956,2.0155709,1.0263146,-0.83496004,85.119995,1.0,1.5919399,1
16:11:29.491173,100,0.44840518,2.060306,1.1424537,-0.83496004,22.24,1.0,3.5688844,1
16:11:29.491173,100,0.55764335,2.0272837,1.127951,-0.83496004,123.88,1.0,0.7339571,1
16:11:29.491173,100,0.68437994,1.9640297,1.0750536,-0.83496004,91.52,1.0,0.311363,1
16:11:29.491173,100,0.61717904,1.8558251,1.4817873,-0.90468,5.7599998,0.576,5.5660524,1
16:11:29.491173,100,0.460865,2.1175559,1.118625,-0.83496004,19.88,1.0,4.41455,1
16:11:29.491173,100,0.47886705,1.9942199,1.16865,-0.83496004,29.64,1.0,3.4112723,1
16:11:29.491173,100,0.58450145,1.9600687,1.1550987,-0.83496004,176.36,1.0,0.7092936,1
16:11:29.491173,100,0.5357768,2.0325644,1.126536,-0.83496004,80.36,1.0,1.0766212,1
16:11:29.491173,100,0.6705333,1.8823264,1.2071204,-0.83496004,62.879997,1.0,1.9321631,1
16:11:29.491173,100,0.7273684,1.8892747,1.1061624,-0.83496004,31.64,1.0,1.3583112,1
16:11:29.491173,100,0.6253768,2.0469575,0.9087275,-0.83496004,58.0,1.0,1.7293186,1
16:11:29.491173,100,0.75326955,1.911407,0.6365368,-0.90468,10.5199995,1.0,1.8841702,1
16:11:29.491173,100,0.4705029,2.0558681,1.1436428,-0.83496004,28.76,1.0,2.7867408,1
16:11:29.491173,100,0.6869655,1.9322759,0.63094497,-0.90468,8.5199995,0.852,0.92025775,1
16:11:29.491173,100,0.60274947,2.0528889,0.9071382,-0.83496004,51.0,1.0,1.6267154,1
16:11:29.505716,101,0.5064262,1.9606237,0.96038395,-0.83496004,55.12,1.0,1.9562993,1
16:11:29.505716,101,0.7273684,1.8892747,1.1061624,-0.90468,84.759995,1.0,1.6696231,1
16:11:29.505716,101,0.6664913,1.8485404,1.1281554,-0.90468,84.36,1.0,0.90045214,1
16:11:29.505716,101,0.54957986,1.9504232,0.96311724,-0.83496004,85.0,1.0,0.84614116,1
16:11:29.505716,101,0.7051428,1.7745619,1.1590562,-0.83496004,24.359999,1.0,2.9248395,1
16:11:29.505716,101,0.725686,1.9409738,1.058026,-0.90468,123.24,1.0,1.3961138,1
16:11:29.505716,101,0.51636183,1.9228123,0.65531784,-0.97412,15.24,1.0,2.8539696,1
16:11:29.505716,101,0.6302773,1.8252015,1.2095112,-0.83496004,35.64,1.0,1.2396551,1
16:11:29.505716,101,0.5374146,1.965575,0.85066926,-0.83496004,42.0,1.0,1.4716412,1
16:11:29.505716,101,0.6857904,1.7812796,1.1572561,-0.83496004,28.24,1.0,2.3665454,1
16:11:29.505716,101,0.77195543,1.9010682,1.1709077,-0.76552004,51.879997,1.0,3.3425584,1
16:11:29.505716,101,0.683171,1.9545828,1.0543795,-0.90468,170.0,1.0,0.64179075,1
16:11:29.505716,101,0.624804,1.9431196,0.8566862,-0.76552004,71.24,1.0,0.22210906,1
16:11:29.505716,101,0.49343055,1.9161803,1.0089656,-0.83496004,54.12,1.0,2.005256,1
16:11:29.505716,101,0.5144794,1.9113123,1.01027,-0.83496004,70.119995,1.0,1.4021131,1
16:11:29.505716,101,0.6250306,1.8520938,1.1052874,-0.90468,141.64,1.0,0.47203815,1
16:11:29.505716,101,0.7044637,1.947881,1.0561752,-0.90468,148.23999,1.0,0.9602981,1
16:11:29.505716,101,0.53115046,1.8532537,1.2019945,-0.90468,23.76,1.0,1.5854954,1
16:11:29.505716,101,0.7065794,1.8352772,1.1317092,-0.90468,45.76,1.0,1.764882,1
16:11:29.505716,101,0.73982656,1.9541837,0.94781965,-0.90468,53.12,1.0,1.5914798,1
16:11:29.505716,101,0.58074,1.9243243,1.0742103,-0.83496004,164.51999,1.0,0.3401156,1
16:11:29.505716,101,0.64650065,1.9369798,0.8583314,-0.76552004,74.36,1.0,0.21218807,1
16:11:29.505716,101,0.46307003,1.9699887,0.95787466,-0.83496004,45.0,1.0,3.535614,1
16:11:29.505716,101,0.74638486,1.8212421,1.1354699,-0.76552004,27.359999,1.0,3.060405,1
16:11:29.505716,101,0.59380895,1.9496677,0.9863425,-0.83496004,131.12,1.0,0.2534161,1
16:11:29.505716,101,0.6865697,1.8420056,1.1299064,-0.90468,61.64,1.0,1.2786717,1
16:11:29.505716,101,0.52802944,1.9556277,0.9617227,-0.83496004,68.119995,1.0,1.3425575,1
16:11:29.505716,101,0.6225884,1.9127007,1.0773247,-0.90468,233.76,1.0,0.13823532,1
16:11:29.505716,101,0.6578998,1.9315304,0.99120235,-0.90468,181.0,1.0,0.16615877,1
16:11:29.505716,101,0.70676994,1.8962011,1.1043065,-0.90468,111.36,1.0,1.1511797,1
16:11:29.505716,101,0.6016943,1.9186136,1.0757405,-0.90468,207.36,1.0,0.18258451,1
16:11:29.505716,101,0.6047941,1.8580335,1.1036959,-0.90468,148.76,1.0,0.41722876,1
16:11:29.505716,101,0.53838885,1.9177182,0.65668285,-0.97412,16.119999,1.0,2.2526827,1
16:11:29.505716,101,0.6681326,1.9306304,0.8600327,-0.76552004,73.36,1.0,0.3230756,1
16:11:29.505716,101,0.6499215,1.8190186,1.2111678,-0.83496004,34.64,1.0,1.4832146,1
16:11:29.505716,101,0.55934805,1.960278,0.85208863,-0.83496004,49.239998,1.0,0.97767305,1
16:11:29.505716,101,0.44089645,1.8984574,1.0928643,-0.83496004,21.76,1.0,3.888232,1
16:11:29.505716,101,0.7903052,1.9284114,1.0845975,-0.6958,66.24,1.0,3.5348847,1
16:11:29.505716,101,0.74683577,1.933862,1.0599315,-0.90468,100.36,1.0,1.9490271,1
16:11:29.505716,101,0.6693438,1.8827103,0.6660632,-0.76552004,14.639999,1.0,1.2242076,1
16:11:29.505716,101,0.6434202,1.9065862,1.0789632,-0.90468,225.36,1.0,0.20697075,1
16:11:29.505716,101,0.50274533,1.8847841,1.096528,-0.83496004,50.0,1.0,1.7716811,1
16:11:29.505716,101,0.45118695,1.9253048,1.0065206,-0.83496004,42.64,1.0,3.549881,1
16:11:29.505716,101,0.55972767,1.9298323,1.0727344,-0.83496004,124.0,1.0,0.61090046,1
16:11:29.505716,101,0.5812256,1.9547695,0.8535646,-0.83496004,57.12,1.0,0.6047839,1
16:11:29.505716,101,0.4615596,1.8940989,1.0940322,-0.83496004,28.0,1.0,3.0741017,1
16:11:29.505716,101,0.7181907,1.9612254,0.9459328,-0.90468,61.239998,1.0,1.1216085,1
16:11:29.505716,101,0.76926976,1.9359436,1.0825793,-0.90468,81.36,1.0,2.7494626,1
16:11:29.505716,101,0.64520454,1.8459591,1.1069312,-0.90468,113.759995,1.0,0.6352029,1
16:11:29.505716,101,0.51185256,1.866267,1.219912,-0.90468,20.0,1.0,1.9975407,1
16:11:29.505716,101,0.5154274,1.97066,0.8493068,-0.83496004,35.76,1.0,2.0866873,1
16:11:29.505716,101,0.6641877,1.9002709,1.0806553,-0.90468,189.36,1.0,0.38866818,1
16:11:29.505716,101,0.7478941,1.8821497,1.1080716,-0.76552004,65.64,1.0,2.3004124,1
16:11:29.505716,101,0.58227926,1.906893,0.6595834,-0.76552004,16.88,1.0,1.418714,1
16:11:29.505716,101,0.58449715,1.8637774,1.1021568,-0.83496004,128.0,1.0,0.4708894,1
16:11:29.505716,101,0.7924253,1.8935127,1.1729323,-0.76552004,41.76,1.0,4.193932,1
16:11:29.505716,101,0.5175371,1.9402382,1.069946,-0.83496004,92.759995,1.0,1.4923909,1
16:11:29.505716,101,0.68610084,1.9029282,1.1025039,-0.90468,147.0,1.0,0.7453063,1
16:11:29.505716,101,0.6041382,1.901163,0.66111875,-0.76552004,17.119999,1.0,1.1860032,1
16:11:29.505716,101,0.57232374,1.9552996,0.98483336,-0.83496004,106.24,1.0,0.5173047,1
16:11:29.505716,101,0.6152348,1.9438283,0.9879071,-0.83496004,156.51999,1.0,0.10698457,1
16:11:29.505716,101,0.72651845,1.8283558,1.1335639,-0.76552004,34.88,1.0,2.3588712,1
16:11:29.505716,101,0.42999643,1.9295607,1.0053804,-0.83496004,34.239998,1.0,4.491227,1
16:11:29.505716,101,0.69096017,1.7813295,1.3344326,-0.83496004,5.8799996,0.588,3.7038639,1
16:11:29.539168,102,0.6175599,1.8739716,0.9978923,-0.62636,57.76,1.0,0.10665757,1
16:11:29.539168,102,0.61139995,1.8391368,1.2271816,-0.6958,34.0,1.0,0.18262288,1
16:11:29.539168,102,0.62613666,1.8610266,1.1248097,-0.76552004,58.12,1.0,0.05465896,1
16:11:29.539168,102,0.55183905,1.8559922,1.2226652,-0.6958,23.24,1.0,0.99096113,1
16:11:29.539168,102,0.59614736,1.9017007,0.7746824,-0.62636,40.64,1.0,0.5023263,1
16:11:29.539168,102,0.67459285,1.8315935,1.4673363,-0.83496004,30.88,1.0,0.40757552,1
16:11:29.539168,102,0.58553153,1.8727309,1.1216736,-0.76552004,36.239998,1.0,0.42561182,1
16:11:29.539168,102,0.62593675,1.8952222,0.6627106,-0.83496004,16.359999,1.0,0.47491452,1
16:11:29.539168,102,0.7307241,1.7936072,1.4147168,-0.83496004,26.76,1.0,1.0824083,1
16:11:29.539168,102,0.76739514,1.7858359,1.2414635,-0.6958,32.52,1.0,1.874548,1
16:11:29.539168,102,0.71982485,1.901351,0.9762661,-0.55664,41.64,1.0,0.5893545,1
16:11:29.539168,102,0.7424233,1.9044746,0.9984519,-0.55664,37.0,1.0,0.9207112,1
16:11:29.539168,102,0.653504,1.774335,1.4839883,-0.83496004,20.24,1.0,0.6174629,1
16:11:29.539168,102,0.51636183,1.9228123,0.65531784,-0.62636,16.64,1.0,2.0954287,1
16:11:29.539168,102,0.49575645,1.8710724,0.80224025,-0.62636,34.0,1.0,2.1016116,1
16:11:29.539168,102,0.78656954,1.7783308,1.2434745,-0.6958,27.0,1.0,2.4788058,1
16:11:29.539168,102,0.6500692,1.8784345,0.89085245,-0.62636,53.239998,1.0,0.111145094,1
16:11:29.539168,102,0.58227926,1.906893,0.6595834,-0.62636,17.88,1.0,0.81297797,1
16:11:29.539168,102,0.7378281,1.7779698,-0.26400793,-0.97412,17.64,1.0,7.617961,1
16:11:29.539168,102,0.59683454,1.8798367,0.9963208,-0.62636,48.12,1.0,0.2816356,1
16:11:29.539168,102,0.76617664,1.813937,1.1374273,-0.6958,70.88,1.0,1.6313454,1
16:11:29.539168,102,0.63961875,1.8778591,1.0192337,-0.62636,68.76,1.0,0.03943406,1
16:11:29.539168,102,0.51690453,1.8661815,0.8035508,-0.62636,38.0,1.0,1.5455519,1
16:11:29.539168,102,0.748144,1.7931554,1.2395022,-0.6958,38.879997,1.0,1.3573368,1
16:11:29.539168,102,0.698774,1.9082024,0.97443026,-0.55664,46.239998,1.0,0.37101254,1
16:11:29.539168,102,0.631134,1.8331358,1.2287896,-0.6958,40.52,1.0,0.08802576,1
16:11:29.539168,102,0.67105126,1.872054,0.89256215,-0.55664,50.36,1.0,0.18129894,1
16:11:29.539168,102,0.7260835,1.8801259,1.0860531,-0.6958,97.119995,1.0,0.58801925,1
16:11:29.539168,102,0.76834506,1.8748268,1.1100338,-0.6958,81.119995,1.0,1.3678263,1
16:11:29.539168,102,0.64263374,1.8325707,0.8125568,-0.62636,54.12,1.0,0.23031741,1
16:11:29.539168,102,0.5312677,1.9180369,0.7703051,-0.62636,36.76,1.0,1.6251621,1
16:11:29.539168,102,0.4745588,1.8757586,0.80098456,-0.62636,30.24,1.0,2.7534719,1
16:11:29.539168,102,0.5760495,1.8855014,0.9948029,-0.62636,40.239998,1.0,0.55116546,1
16:11:29.539168,102,0.6865697,1.8420056,1.1299064,-0.6958,103.759995,1.0,0.18285187,1
16:11:29.539168,102,0.6604906,1.8834921,0.7795614,-0.62636,32.239998,1.0,0.28678545,1
16:11:29.539168,102,0.5800301,1.850287,0.8078097,-0.62636,50.36,1.0,0.4540387,1
16:11:29.539168,102,0.7887191,1.8673067,1.1120487,-0.6958,69.88,1.0,1.8949453,1
16:11:29.539168,102,0.681809,1.8770093,0.78129846,-0.62636,26.519999,1.0,0.41694972,1
16:11:29.539168,102,0.7465729,1.8730135,1.0879589,-0.6958,91.119995,1.0,0.93578583,1
16:11:29.539168,102,0.74638486,1.8212421,1.1354699,-0.6958,87.119995,1.0,1.1325194,1
16:11:29.539168,102,0.8090143,1.8595902,1.1141163,-0.6958,59.12,1.0,2.517364,1
16:11:29.539168,102,0.68488884,1.8937553,1.0824012,-0.6958,90.759995,1.0,0.17886269,1
16:11:29.539168,102,0.7030593,1.8703208,0.78309065,-0.55664,21.119999,1.0,0.6481654,1
16:11:29.539168,102,0.68994945,1.8139933,1.2339188,-0.6958,52.76,1.0,0.32923102,1
16:11:29.539168,102,0.71184814,1.8005744,1.41285,-0.83496004,29.24,1.0,0.75898457,1
16:11:29.539168,102,0.5497979,1.8490723,0.915554,-0.62636,33.76,1.0,0.79794383,1
16:11:29.539168,102,0.4440279,1.9368808,0.7652559,-0.62636,22.519999,1.0,4.526136,1
16:11:29.539168,102,0.76791084,1.9265462,1.0618918,-0.6958,33.0,1.0,1.3998895,1
16:11:29.539168,102,0.8445579,1.7828158,1.1457663,-0.6958,36.0,1.0,4.5345516,1
16:11:29.539168,102,0.64634633,1.854881,1.1264564,-0.83496004,73.36,1.0,0.0060783415,1
16:11:29.539168,102,0.509532,1.9230638,0.7689582,-0.62636,33.0,1.0,2.2004106,1
16:11:29.539168,102,0.42210147,1.9410639,0.76413506,-0.62636,19.76,1.0,5.500489,1
16:11:29.539168,102,0.48774534,1.9278803,0.76766765,-0.62636,29.119999,1.0,2.8758183,1
16:11:29.539168,102,0.6693438,1.8827103,0.6660632,-0.83496004,12.12,1.0,0.5514547,1
16:11:29.539168,102,0.6641877,1.9002709,1.0806553,-0.62636,80.52,1.0,0.11754879,1
16:11:29.539168,102,0.63910604,1.8897687,0.7778796,-0.62636,37.36,1.0,0.25765914,1
16:11:29.539168,102,0.6508049,1.8269445,1.2304485,-0.6958,46.76,1.0,0.08092681,1
16:11:29.539168,102,0.7858918,1.806441,1.1394359,-0.6958,56.52,1.0,2.2211225,1
16:11:29.539168,102,0.64767265,1.8890711,0.6643588,-0.83496004,14.36,1.0,0.46132284,1
16:11:29.539168,102,0.7094192,1.8072349,1.2357297,-0.6958,50.52,1.0,0.58457756,1
16:11:29.539168,102,0.47845632,1.9845257,0.733215,-0.62636,14.24,1.0,4.058798,1
16:11:29.539168,102,0.57457757,1.907355,0.7731674,-0.62636,41.52,1.0,0.7759525,1
16:11:29.539168,102,0.60095876,1.8445832,0.80933803,-0.62636,53.12,1.0,0.28291053,1
16:11:29.539168,102,0.5380009,1.8610867,0.8049159,-0.62636,42.36,1.0,1.0854925,1
16:11:29.569862,103,0.48004958,1.9221222,0.87914634,-0.55664,23.359999,1.0,2.4401107,1
16:11:29.569862,103,0.5312677,1.9180369,0.7703051,-0.83496004,17.24,1.0,1.4664084,1
16:11:29.569862,103,0.5677957,1.9040477,1.1792469,-0.83496004,119.52,1.0,0.40317538,1
16:11:29.569862,103,0.6879139,1.7524505,1.2588977,-0.76552004,38.0,1.0,0.8317994,1
16:11:29.569862,103,0.5472517,1.909433,1.1778039,-0.83496004,89.52,1.0,0.6993801,1
16:11:29.569862,103,0.59080184,1.8369966,1.2063507,-0.83496004,108.24,1.0,0.29194218,1
16:11:29.569862,103,0.74363416,1.7605673,1.162806,-0.62636,34.0,1.0,1.6495125,1
16:11:29.569862,103,0.5867412,1.8963559,0.88605046,-0.62636,48.36,1.0,0.42164448,1
16:11:29.569862,103,0.509532,1.9230638,0.7689582,-0.83496004,16.0,1.0,1.9266158,1
16:11:29.569862,103,0.5369683,1.8218186,1.3027319,-0.76552004,38.52,1.0,1.5699948,1
16:11:29.569862,103,0.48595923,1.9326292,1.1936418,-0.83496004,40.76,1.0,2.1843424,1
16:11:29.569862,103,0.51185256,1.866267,1.219912,-0.83496004,46.12,1.0,1.6933442,1
16:11:29.569862,103,0.68488884,1.8937553,1.0824012,-0.62636,114.36,1.0,0.7416578,1
16:11:29.569862,103,0.6434202,1.9065862,1.0789632,-0.62636,122.64,1.0,0.27120322,1
16:11:29.569862,103,0.61577994,1.7695068,1.4244473,-0.76552004,20.359999,1.0,1.2324798,1
16:11:29.569862,103,0.49805936,1.8318166,1.3000529,-0.76552004,24.88,1.0,2.6257296,1
16:11:29.569862,103,0.6499215,1.8190186,1.2111678,-0.76552004,131.76,1.0,0.19879909,1
16:11:29.569862,103,0.7873258,1.8581966,1.0919291,-0.62636,43.36,1.0,3.572046,1
16:11:29.569862,103,0.45855868,1.9266554,0.8779317,-0.55664,20.24,1.0,3.1708276,1
16:11:29.569862,103,0.6500879,1.765375,1.2554346,-0.76552004,55.36,1.0,0.51771516,1
16:11:29.569862,103,0.7617086,1.88704,0.9801007,-0.62636,20.88,1.0,3.0427861,1
16:11:29.569862,103,0.66950065,1.8126462,1.2128752,-0.76552004,105.36,1.0,0.34729594,1
16:11:29.569862,103,0.65189826,1.6426525,-0.30999884,-0.06972,5.3599997,0.536,8.418451,1
16:11:29.569862,103,0.5175371,1.9402382,1.069946,-0.83496004,47.239998,1.0,1.2696507,1
16:11:29.569862,103,0.6641877,1.9002709,1.0806553,-0.62636,124.52,1.0,0.45777008,1
16:11:29.569862,103,0.67105126,1.872054,0.89256215,-0.62636,42.64,1.0,0.69384813,1
16:11:29.569862,103,0.6664913,1.8485404,1.1281554,-0.62636,194.12,1.0,0.25315887,1
16:11:29.569862,103,0.6105701,1.8311944,1.2079053,-0.83496004,134.0,1.0,0.16991384,1
16:11:29.569862,103,0.7408038,1.8942966,0.97815627,-0.62636,24.519999,1.0,2.375922,1
16:11:29.569862,103,0.76698774,1.8657035,1.0899177,-0.62636,52.64,1.0,2.8225992,1
16:11:29.569862,103,0.6500692,1.8784345,0.89085245,-0.62636,49.0,1.0,0.47379297,1
16:11:29.569862,103,0.7465729,1.8730135,1.0879589,-0.62636,64.52,1.0,2.1633897,1
16:11:29.569862,103,0.4651805,1.9372228,1.192411,-0.83496004,32.64,1.0,2.8824635,1
16:11:29.569862,103,0.6302773,1.8252015,1.2095112,-0.76552004,144.64,1.0,0.13926555,1
16:11:29.569862,103,0.7244247,1.7676575,1.1609062,-0.62636,44.239998,1.0,1.1836218,1
16:11:29.569862,103,0.70552146,1.8870401,1.0842005,-0.62636,97.36,1.0,1.1214914,1
16:11:29.569862,103,0.7084563,1.7993357,1.2164419,-0.76552004,58.76,1.0,0.90620774,1
16:11:29.569862,103,0.4963632,1.9451351,1.068634,-0.83496004,38.36,1.0,1.8008766,1
16:11:29.569862,103,0.526653,1.9146197,1.1764141,-0.83496004,67.52,1.0,1.0958824,1
16:11:29.569862,103,0.5318724,1.8612261,1.2212628,-0.83496004,61.12,1.0,1.2003994,1
16:11:29.569862,103,0.7030593,1.8703208,0.78309065,-0.62636,8.76,0.876,1.6701531,1
16:11:29.569862,103,0.46590993,1.932486,0.7664335,-0.55664,13.5199995,1.0,3.185036,1
16:11:29.569862,103,0.6016943,1.9186136,1.0757405,-0.62636,91.24,1.0,0.19541998,1
16:11:29.569862,103,0.68901294,1.806085,1.2146333,-0.76552004,79.119995,1.0,0.5835179,1
16:11:29.569862,103,0.57457757,1.907355,0.7731674,-0.62636,18.24,1.0,0.8777393,1
16:11:29.569862,103,0.7067247,1.7457149,1.2607025,-0.76552004,30.359999,1.0,1.1121502,1
16:11:29.569862,103,0.59590846,1.7124041,1.4430206,-0.76552004,6.7599998,0.676,2.2946286,1
16:11:29.569862,103,0.74638486,1.8212421,1.1354699,-0.62636,70.76,1.0,1.8080796,1
16:11:29.569862,103,0.50668937,1.927835,1.1949264,-0.83496004,51.879997,1.0,1.5901308,1
16:11:29.569862,103,0.66903436,1.7590041,1.2571417,-0.76552004,46.76,1.0,0.633257,1
16:11:29.569862,103,0.7260835,1.8801259,1.0860531,-0.62636,79.759995,1.0,1.5958745,1
16:11:29.569862,103,0.72651845,1.8283558,1.1335639,-0.62636,92.52,1.0,1.2855787,1
16:11:29.569862,103,0.5228852,1.9124343,0.88174224,-0.55664,31.76,1.0,1.309319,1
16:11:29.569862,103,0.53865933,1.9351372,1.0713129,-0.83496004,58.76,1.0,0.8447106,1
16:11:29.569862,103,0.59286606,1.7833854,1.2506087,-0.83496004,55.52,1.0,0.6807489,1
16:11:29.569862,103,0.5563432,1.8165383,1.3041466,-0.76552004,47.12,1.0,1.1794499,1
16:11:29.569862,103,0.55295026,1.9128006,0.7717082,-0.62636,18.0,1.0,1.1172097,1
16:11:29.569862,103,0.71982485,1.901351,0.9762661,-0.62636,29.24,1.0,1.8049847,1
16:11:29.569862,103,0.5655117,1.9019209,0.88455933,-0.55664,42.879997,1.0,0.6113879,1
16:11:29.569862,103,0.607912,1.8905861,0.8875964,-0.62636,52.239998,1.0,0.33634275,1
16:11:29.569862,103,0.76637995,1.8490287,0.7887958,-0.62636,6.64,0.664,3.436012,1
16:11:29.569862,103,0.7453469,1.8563298,0.7868395,-0.62636,7.24,0.724,2.7498379,1
16:11:29.569862,103,0.78450346,1.7976046,1.1198877,-0.62636,43.76,1.0,3.019544,1
16:11:29.569862,103,0.61200184,1.7775663,1.2521679,-0.83496004,61.0,1.0,0.5403139,1
16:11:29.599829,104,0.58699983,1.8033664,1.130067,-0.76552004,102.119995,1.0,0.4616869,1
16:11:29.599829,104,0.5930441,1.7956294,0.7329844,-0.76552004,23.64,1.0,0.93347466,1
16:11:29.599829,104,0.7051428,1.7745619,1.1590562,-0.6958,41.36,1.0,2.9994307,1
16:11:29.599829,104,0.6461692,1.7336146,1.1811062,-0.6958,21.64,1.0,4.105842,1
16:11:29.599829,104,0.6913111,1.80739,0.685203,-0.83496004,11.36,1.0,0.8699028,1
16:11:29.599829,104,0.6857904,1.7812796,1.1572561,-0.6958,50.36,1.0,2.3393962,1
16:11:29.599829,104,0.5692056,1.7486993,1.156438,-0.6958,45.239998,1.0,3.2931287,1
16:11:29.599829,104,0.48755753,1.8641036,0.9115264,-0.76552004,19.0,1.0,3.398208,1
16:11:29.599829,104,0.5768754,1.7557429,1.3471738,-0.83496004,6.64,0.664,3.8894293,1
16:11:29.599829,104,0.6213377,1.8241878,1.0472652,-0.76552004,81.119995,1.0,0.8912823,1
16:11:29.599829,104,0.48795354,1.82933,1.12311,-0.76552004,62.12,1.0,1.3864837,1
16:11:29.599829,104,0.5892922,1.7515163,1.1763095,-0.6958,39.36,1.0,2.8176239,1
16:11:29.599829,104,0.5704375,1.843662,0.9170037,-0.76552004,33.239998,1.0,1.2921481,1
16:11:29.599829,104,0.61363786,1.7898015,0.734546,-0.76552004,27.119999,1.0,0.6323807,1
16:11:29.599829,104,0.63417023,1.783775,0.73616076,-0.76552004,30.359999,1.0,0.4499676,1
16:11:29.599829,104,0.5723911,1.801258,0.7314762,-0.76552004,20.24,1.0,1.3527346,1
16:11:29.599829,104,0.47316176,1.7738757,1.149692,-0.76552004,37.12,1.0,4.091823,1
16:11:29.599829,104,0.64520454,1.8459591,1.1069312,-0.6958,80.24,1.0,3.3341832,1
16:11:29.599829,104,0.79470867,1.7714978,0.6948202,-0.55664,11.24,1.0,2.3808868,1
16:11:29.599829,104,0.5608087,1.841317,1.0426754,-0.76552004,62.52,1.0,1.0737573,1
16:11:29.599829,104,0.69537866,1.7645098,0.7413229,-0.76552004,29.88,1.0,0.62251353,1
16:11:29.599829,104,0.6546392,1.7775505,0.7378286,-0.76552004,32.239998,1.0,0.38692033,1
16:11:29.599829,104,0.66531396,1.8396297,1.1086272,-0.6958,75.36,1.0,3.582281,1
16:11:29.599829,104,0.5475436,1.8143256,1.1271305,-0.76552004,88.24,1.0,0.51900184,1
16:11:29.599829,104,0.6272723,1.7397648,1.1794583,-0.6958,26.76,1.0,3.5599184,1
16:11:29.599829,104,0.6115435,1.8322445,0.92006296,-0.76552004,41.52,1.0,0.8518612,1
16:11:29.599829,104,0.59102,1.8380525,0.91850674,-0.76552004,37.64,1.0,1.020777,1
16:11:29.599829,104,0.7156451,1.7576951,0.74314886,-0.55664,26.24,1.0,0.92337257,1
16:11:29.599829,104,0.60122085,1.8300923,1.045683,-0.76552004,77.64,1.0,0.8518934,1
16:11:29.599829,104,0.5201723,1.851759,1.0398774,-0.76552004,45.879997,1.0,1.6941606,1
16:11:29.599829,104,0.44797957,1.8383707,1.1206876,-0.76552004,41.52,1.0,2.4861455,1
16:11:29.599829,104,0.77600694,1.736081,0.74894035,-0.55664,19.0,1.0,2.5750484,1
16:11:29.599829,104,0.6650014,1.727282,1.182803,-0.6958,17.64,1.0,4.769557,1
16:11:29.599829,104,0.50835586,1.8592937,0.9128152,-0.76552004,21.76,1.0,2.718577,1
16:11:29.599829,104,0.58829606,1.8513094,0.69622785,-0.83496004,5.24,0.524,2.8135142,1
16:11:29.599829,104,0.5277324,1.8195188,1.125739,-0.76552004,75.119995,1.0,0.7040892,1
16:11:29.599829,104,0.5309454,1.7593263,1.1535906,-0.76552004,47.76,1.0,3.2632627,1
16:11:29.599829,104,0.63068897,1.8395345,0.6993829,-0.83496004,6.7599998,0.676,1.9675018,1
16:11:29.599829,104,0.6750426,1.7711285,0.7395494,-0.76552004,32.0,1.0,0.44409403,1
16:11:29.599829,104,0.6468818,1.7941526,1.1538068,-0.6958,74.24,1.0,1.3387108,1
16:11:29.599829,104,0.48922732,1.8217696,0.72598016,-0.76552004,13.0,1.0,4.2071133,1
16:11:29.599829,104,0.51009685,1.8169432,0.72727334,-0.76552004,15.0,1.0,3.3169227,1
16:11:29.599829,104,0.46798995,1.8339468,1.121873,-0.76552004,50.76,1.0,1.8840048,1
16:11:29.599829,104,0.5405175,1.8466362,1.0412501,-0.76552004,53.879997,1.0,1.3342327,1
16:11:29.599829,104,0.7741799,1.779075,0.69279,-0.55664,12.12,1.0,1.8432323,1
16:11:29.599829,104,0.67041594,1.8139666,0.68344074,-0.83496004,9.76,0.97599995,0.9132412,1
16:11:29.599829,104,0.66636944,1.7878101,1.1555063,-0.6958,61.52,1.0,1.7862307,1
16:11:29.599829,104,0.6317511,1.7005454,1.4461981,-0.76552004,10.12,1.0,11.190576,1
16:11:29.599829,104,0.60831267,1.7457323,1.1778593,-0.6958,32.76,1.0,3.1307945,1
16:11:29.599829,104,0.7121372,1.8006117,0.6870192,-0.6958,12.36,1.0,0.93987995,1
16:11:29.599829,104,0.75357366,1.7864536,0.6908129,-0.6958,12.639999,1.0,1.4250141,1
16:11:29.599829,104,0.8355258,1.7557505,0.69903976,-0.55664,9.36,0.936,3.8225644,1
16:11:29.599829,104,0.68535686,1.8331064,1.110375,-0.6958,68.0,1.0,3.924566,1
16:11:29.599829,104,0.499775,1.8566849,1.0385575,-0.76552004,38.879997,1.0,2.1535654,1
16:11:29.599829,104,0.4279244,1.842601,1.119554,-0.76552004,34.12,1.0,3.193404,1
16:11:29.599829,104,0.47932777,1.8614136,1.0372905,-0.76552004,33.0,1.0,2.712637,1
16:11:29.599829,104,0.550103,1.7541052,1.1549896,-0.76552004,48.52,1.0,3.219844,1
16:11:29.599829,104,0.52910334,1.8542831,0.91415775,-0.76552004,25.119999,1.0,2.1411188,1
16:11:29.599829,104,0.75596124,1.74348,0.7469578,-0.55664,22.519999,1.0,1.8980265,1
16:11:29.599829,104,0.43439955,1.7826425,1.147343,-0.76552004,25.119999,1.0,5.226745,1
16:11:29.599829,104,0.69300526,1.8070393,0.9268167,-0.6958,42.64,1.0,1.2132752,1
16:11:29.599829,104,0.6494537,1.8203412,0.6817327,-0.83496004,8.12,0.812,1.0688101,1
16:11:29.599829,104,0.73332846,1.7932614,0.9305085,-0.6958,34.64,1.0,2.0297587,1
16:11:29.599829,104,0.5673001,1.8089412,1.1285732,-0.76552004,98.36,1.0,0.43810618,1
16:11:29.640339,105,0.6302773,1.8252015,1.2095112,-0.76552004,101.64,1.0,0.3158212,1
16:11:29.640339,105,0.62613666,1.8610266,1.1248097,-0.62636,41.879997,1.0,0.30623597,1
16:11:29.640339,105,0.7244247,1.7676575,1.1609062,-0.6958,27.0,1.0,0.9140746,1
16:11:29.640339,105,0.7894192,1.7182257,-0.20995267,-0.06972,26.64,1.0,7.6138515,1
16:11:29.640339,105,0.90203536,1.6696173,0.6318001,-0.20888,7.8799996,0.788,2.687817,1
16:11:29.640339,105,0.84263307,1.6948975,0.62502635,-0.6958,6.64,0.664,1.3644197,1
16:11:29.640339,105,0.6111711,1.7698724,1.2334739,-0.76552004,112.64,1.0,0.5931821,1
16:11:29.640339,105,0.5060016,1.919607,1.1750778,-0.62636,15.759999,1.0,1.8162261,1
16:11:29.640339,105,0.55109,1.8480268,1.2033951,-0.76552004,58.76,1.0,0.7484545,1
16:11:29.640339,105,0.4768737,1.8143934,1.2423002,-0.76552004,30.88,1.0,2.04893,1
16:11:29.640339,105,0.49178153,1.8711143,1.2186133,-0.76552004,23.76,1.0,1.7109511,1
16:11:29.640339,105,0.6058644,1.8669769,1.1232153,-0.62636,36.52,1.0,0.40111366,1
16:11:29.640339,105,0.74638486,1.8212421,1.1354699,-0.6958,13.759999,1.0,1.1004238,1
16:11:29.640339,105,0.8545592,1.5566013,-0.22309908,-1.8788,27.519999,1.0,5.1802216,1
16:11:29.640339,105,0.6857904,1.7812796,1.1572561,-0.6958,48.52,1.0,0.44965464,1
16:11:29.640339,105,0.53115046,1.8532537,1.2019945,-0.76552004,42.64,1.0,1.0158874,1
16:11:29.640339,105,0.5760495,1.8855014,0.9948029,-0.55664,11.88,1.0,1.0776657,1
16:11:29.640339,105,0.7210917,1.7071975,1.1881846,-0.62636,25.76,1.0,1.4682672,1
16:11:29.640339,105,0.6175599,1.8739716,0.9978923,-0.6958,12.24,1.0,0.5879893,1
16:11:29.640339,105,0.82701993,1.6507244,-0.3286146,-0.27832,20.88,1.0,7.7570105,1
16:11:29.640339,105,0.59080184,1.8369966,1.2063507,-0.76552004,79.24,1.0,0.40516895,1
16:11:29.640339,105,0.47166133,1.8757674,1.2173665,-0.76552004,18.52,1.0,2.1601493,1
16:11:29.640339,105,0.9097612,1.7371489,0.61196,-0.20888,6.7599998,0.676,3.111192,1
16:11:29.640339,105,0.74363416,1.7605673,1.162806,-0.6958,21.0,1.0,1.2385657,1
16:11:29.640339,105,0.93008745,1.728263,0.61434096,-0.20888,7.0,0.7,3.6659539,1
16:11:29.640339,105,0.526653,1.9146197,1.1764141,-0.62636,19.359999,1.0,1.4269595,1
16:11:29.640339,105,0.51185256,1.866267,1.219912,-0.76552004,31.519999,1.0,1.3263413,1
16:11:29.640339,105,0.45149395,1.8802259,1.2161717,-0.76552004,14.759999,1.0,2.6741118,1
16:11:29.640339,105,0.48529962,1.9243947,1.173795,-0.62636,13.0,1.0,2.2724612,1
16:11:29.640339,105,0.5920613,1.7756836,1.2319168,-0.76552004,112.36,1.0,0.62597847,1
16:11:29.640339,105,0.6302198,1.763877,1.2350805,-0.76552004,96.52,1.0,0.6210747,1
16:11:29.640339,105,0.7065794,1.8352772,1.1317092,-0.6958,23.359999,1.0,0.5778451,1
16:11:29.640339,105,0.7051428,1.7745619,1.1590562,-0.6958,35.76,1.0,0.6510068,1
16:11:29.640339,105,0.6664913,1.8485404,1.1281554,-0.6958,38.12,1.0,0.31235248,1
16:11:29.640339,105,0.6285774,1.6538297,1.5188966,-0.6958,16.119999,1.0,4.51928,1
16:11:29.640339,105,0.63822347,1.8679066,0.99951744,-0.6958,11.639999,1.0,0.44444966,1
16:11:29.640339,105,0.889344,1.745838,0.6096318,-0.62636,5.8799996,0.588,2.62344,1
16:11:29.640339,105,0.9450109,1.6650662,0.6554668,-0.20888,7.52,0.752,4.0825996,1
16:11:29.640339,105,0.8116959,1.7104928,-0.20788065,-0.06972,28.76,1.0,7.231865,1
16:11:29.640339,105,0.8226611,1.7029403,0.6228713,-0.6958,5.52,0.552,1.0535893,1
16:11:29.640339,105,0.5343843,1.7920059,1.2275434,-0.76552004,73.88,1.0,1.0907714,1
16:11:29.640339,105,0.7446311,1.733044,-0.21392322,-0.06972,23.76,1.0,8.609726,1
16:11:29.640339,105,0.6857569,1.6979762,1.505758,-0.6958,21.88,1.0,3.9890292,1
16:11:29.640339,105,0.59683454,1.8798367,0.9963208,-0.55664,12.24,1.0,0.79898024,1
16:11:29.640339,105,0.64634633,1.854881,1.1264564,-0.6958,42.76,1.0,0.27673557,1
16:11:29.640339,105,0.43780738,1.8232288,1.2399327,-0.76552004,18.88,1.0,3.0173302,1
16:11:29.640339,105,0.5677957,1.9040477,1.1792469,-0.6958,29.88,1.0,0.84852153,1
16:11:29.640339,105,0.6105701,1.8311944,1.2079053,-0.76552004,97.88,1.0,0.32887077,1
16:11:29.640339,105,0.72651845,1.8283558,1.1335639,-0.6958,17.76,1.0,0.8071482,1
16:11:29.640339,105,0.6650014,1.727282,1.182803,-0.62636,56.64,1.0,0.7660361,1
16:11:29.640339,105,0.5920649,1.7145435,1.2574368,-0.76552004,40.0,1.0,1.3178082,1
16:11:29.640339,105,0.5472517,1.909433,1.1778039,-0.62636,24.0,1.0,1.1044617,1
16:11:29.640339,105,0.7024646,1.7140728,1.1863424,-0.62636,32.76,1.0,1.1748911,1
16:11:29.640339,105,0.5552069,1.8909649,0.99333894,-0.55664,11.12,1.0,1.4242778,1
16:11:29.640339,105,0.6837672,1.7207679,1.1845485,-0.62636,42.76,1.0,0.9407229,1
16:11:29.640339,105,0.8355623,1.5219979,-0.17367952,-1.8788,9.76,0.97599995,4.644965,1
16:11:29.640339,105,0.45736343,1.8189055,1.2410911,-0.76552004,23.88,1.0,2.5019653,1
16:11:29.640339,105,0.5150492,1.7970743,1.2261852,-0.76552004,54.879997,1.0,1.3685437,1
16:11:29.640339,105,0.49633628,1.8096931,1.2435596,-0.76552004,40.879997,1.0,1.658062,1
16:11:29.640339,105,0.6499215,1.8190186,1.2111678,-0.6958,87.119995,1.0,0.3657715,1
16:11:29.640339,105,0.6865697,1.8420056,1.1299064,-0.6958,30.64,1.0,0.41281602,1
16:11:29.640339,105,0.9839457,1.6464334,0.6604595,-0.20888,6.3599997,0.636,5.5773396,1
16:11:29.640339,105,0.9704589,1.7099046,0.61926013,-0.20888,6.7599998,0.676,4.9749246,1
16:11:29.640339,105,0.5728923,1.7813101,1.2304093,-0.76552004,95.759995,1.0,0.7196958,1
16:11:29.693945,106,0.8913728,1.6753534,0.74303544,-0.55664,5.24,0.524,8.332033,1
16:11:29.693945,106,0.6450277,1.7252389,1.1627243,-0.62636,44.12,1.0,0.36668795,1
16:11:29.693945,106,0.8619538,1.6458627,0.6849007,-0.55664,5.3599997,0.536,6.028338,1
16:11:29.693945,106,0.40198025,1.730888,1.1729336,-0.55664,28.88,1.0,3.8918412,1
16:11:29.693945,106,0.60723805,1.7373353,1.159483,-0.62636,79.0,1.0,0.12708998,1
16:11:29.693945,106,0.6066409,1.7976015,1.1316117,-0.62636,46.52,1.0,1.291598,1
16:11:29.693945,106,0.60625625,1.5813552,1.4846804,-0.6958,15.12,1.0,4.503884,1
16:11:29.693945,106,0.70185137,1.6394558,0.6896723,-0.34804,5.0,0.5,1.2267585,1
16:11:29.693945,106,0.58699983,1.8033664,1.130067,-0.62636,50.879997,1.0,1.2109131,1
16:11:29.693945,106,0.5541337,1.7909681,0.9479569,-0.48720002,20.24,1.0,0.95130795,1
16:11:29.693945,106,0.66519225,1.7791727,1.1365497,-0.62636,21.0,1.0,1.8802625,1
16:11:29.693945,106,0.5510765,1.7625319,1.1733578,-0.62636,102.88,1.0,0.26689577,1
16:11:29.693945,106,0.61068445,1.6438382,1.4646655,-0.6958,28.24,1.0,1.777878,1
16:11:29.693945,106,0.5166215,1.6523328,1.2250421,-0.62636,39.12,1.0,2.4416401,1
16:11:29.693945,106,0.48795354,1.82933,1.12311,-0.62636,27.0,1.0,1.7254629,1
16:11:29.693945,106,0.53290594,1.699269,1.1814059,-0.62636,117.52,1.0,0.7304157,1
16:11:29.693945,106,0.4817488,1.7159687,0.7980037,-1.11328,14.88,1.0,1.9317675,1
16:11:29.693945,106,0.77074015,1.5880038,-0.23151337,-0.06972,21.24,1.0,7.151418,1
16:11:29.693945,106,0.55141133,1.6940322,1.1828091,-0.62636,124.36,1.0,0.53895116,1
16:11:29.693945,106,0.55504376,1.6646624,1.2799398,-0.62636,47.64,1.0,1.2841624,1
16:11:29.693945,106,0.45460644,1.7868222,1.1668493,-0.55664,34.76,1.0,1.5874519,1
16:11:29.693945,106,0.5692056,1.7486993,1.156438,-0.62636,110.52,1.0,0.122725345,1
16:11:29.693945,106,0.6457391,1.785504,1.1348531,-0.62636,28.359999,1.0,1.6273607,1
16:11:29.693945,106,0.5673001,1.8089412,1.1285732,-0.62636,48.64,1.0,1.1898568,1
16:11:29.693945,106,0.6261642,1.7313784,1.1610792,-0.62636,59.239998,1.0,0.2179883,1
16:11:29.693945,106,0.6279174,1.6378561,1.4662683,-0.6958,30.24,1.0,1.8649131,1
16:11:29.693945,106,0.6450876,1.631708,1.4679158,-0.6958,31.0,1.0,2.0063863,1
16:11:29.693945,106,0.4770774,1.7139037,1.1774846,-0.62636,78.52,1.0,1.6865743,1
16:11:29.693945,106,0.43961674,1.7227585,1.1751119,-0.62636,46.64,1.0,2.6526535,1
16:11:29.693945,106,0.52797526,1.752655,0.87267214,-1.11328,18.64,1.0,0.7123322,1
16:11:29.693945,106,0.63375837,1.7680167,0.95410675,-0.48720002,15.88,1.0,1.0706127,1
16:11:29.693945,106,0.6262213,1.7916472,1.1332071,-0.62636,37.52,1.0,1.4307812,1
16:11:29.693945,106,0.68255925,1.7124151,1.1661603,-0.62636,25.88,1.0,0.83362365,1
16:11:29.693945,106,0.60766274,1.685377,1.2051097,-0.62636,76.64,1.0,0.24943103,1
16:11:29.693945,106,0.531885,1.7677622,1.1719564,-0.62636,83.0,1.0,0.4034257,1
16:11:29.693945,106,0.5940649,1.779877,0.9509288,-0.48720002,20.52,1.0,0.88645864,1
16:11:29.693945,106,0.66239154,1.666974,1.2100408,-0.62636,36.64,1.0,0.6064809,1
16:11:29.693945,106,0.5916195,1.6607989,1.3004329,-0.62636,50.12,1.0,0.9538841,1
16:11:29.693945,106,0.57295877,1.6592145,1.2813996,-0.62636,50.0,1.0,1.1634719,1
16:11:29.693945,106,0.6259689,1.679419,1.2067062,-0.62636,59.52,1.0,0.310973,1
16:11:29.693945,106,0.6997384,1.7390499,1.083728,-0.48720002,12.12,1.0,1.6507049,1
16:11:29.693945,106,0.7446311,1.733044,-0.21392322,-0.06972,20.52,1.0,9.3746395,1
16:11:29.693945,106,0.576037,1.6553015,1.4615939,-0.6958,25.359999,1.0,1.7702019,1
16:11:29.693945,106,0.53456134,1.6472559,1.2264025,-0.62636,43.879997,1.0,2.165742,1
16:11:29.693945,106,0.6442124,1.6732844,1.2083498,-0.62636,46.36,1.0,0.43028426,1
16:11:29.693945,106,0.57087004,1.6967611,1.2020593,-0.62636,115.52,1.0,0.30331665,1
16:11:29.693945,106,0.45836997,1.7184216,1.1762741,-0.62636,60.52,1.0,2.1360319,1
16:11:29.693945,106,0.44797957,1.8383707,1.1206876,-0.55664,17.64,1.0,2.38237,1
16:11:29.693945,106,0.4351683,1.7911196,1.1656978,-0.55664,26.64,1.0,2.048768,1
16:11:29.693945,106,0.42081952,1.7269142,1.1739985,-0.55664,36.36,1.0,3.2375472,1
16:11:29.693945,106,0.68457896,1.7726537,1.1382964,-0.62636,15.759999,1.0,2.1884413,1
16:11:29.693945,106,0.7012236,1.7057319,1.1679511,-0.62636,20.64,1.0,1.1499943,1
16:11:29.693945,106,0.58825123,1.7431091,1.157936,-0.62636,99.64,1.0,0.094993465,1
16:11:29.693945,106,0.5475436,1.8143256,1.1271305,-0.62636,41.64,1.0,1.2295865,1
16:11:29.693945,106,0.4739991,1.7823374,1.168051,-0.55664,46.239998,1.0,1.1934491,1
16:11:29.693945,106,0.8290358,1.5009954,-0.19071612,-0.06972,13.5199995,1.0,9.125501,1
16:11:29.693945,106,0.46203905,1.7205268,0.7967823,-1.11328,13.12,1.0,2.437059,1
16:11:29.693945,106,0.6805044,1.6604882,1.2117786,-0.6958,29.519999,1.0,0.8387044,1
16:11:29.693945,106,0.58929586,1.6911579,1.2035607,-0.62636,96.759995,1.0,0.24656762,1
16:11:29.693945,106,0.8231809,1.6621404,0.68053913,-0.55664,5.24,0.524,4.6065845,1
16:11:29.693945,106,0.46798995,1.8339468,1.121873,-0.55664,21.64,1.0,2.0204358,1
16:11:29.693945,106,0.5081021,1.757659,0.8713314,-1.11328,16.76,1.0,0.98895764,1
16:11:29.693945,106,0.4933444,1.7776655,1.1693028,-0.62636,62.359997,1.0,0.8655589,1
16:11:29.693945,106,0.84260947,1.6540952,0.68269485,-0.55664,5.3599997,0.536,5.290246,1
16:11:29.750805,107,0.39226952,1.7549114,1.0726643,-0.6958,39.879997,1.0,2.0085595,1
16:11:29.750805,107,0.5157088,1.644433,1.2078223,-0.55664,39.0,1.0,0.9492069,1
16:11:29.750805,107,0.42643142,1.6100285,0.64081275,-0.48720002,20.64,1.0,1.8410126,1
16:11:29.750805,107,0.38310078,1.7346797,1.1719177,-0.62636,33.0,1.0,1.7675934,1
16:11:29.750805,107,0.6459181,1.6619112,0.9163379,-0.55664,66.24,1.0,1.4774667,1
16:11:29.750805,107,0.8687252,1.2358774,-0.33611822,-1.1830001,21.64,1.0,6.2134643,1
16:11:29.750805,107,0.5113083,1.6787913,1.1271746,-0.55664,115.759995,1.0,0.4613692,1
16:11:29.750805,107,0.46934018,1.7382641,1.0771248,-0.6958,78.24,1.0,1.4452236,1
16:11:29.750805,107,0.888476,1.2639756,-0.38923088,-0.90468,24.64,1.0,4.688683,1
16:11:29.750805,107,0.824736,1.5873021,0.59230787,-0.55664,12.36,1.0,4.9359617,1
16:11:29.750805,107,0.36418298,1.7382889,1.1709505,-0.62636,26.64,1.0,2.067234,1
16:11:29.750805,107,0.3890082,1.6750315,1.1996233,-0.62636,24.0,1.0,2.6317677,1
16:11:29.750805,107,0.8866654,1.2273995,-0.33384654,-1.1830001,19.119999,1.0,6.5456066,1
16:11:29.750805,107,0.9068241,1.2553049,-0.38690758,-0.90468,21.88,1.0,5.0170336,1
16:11:29.750805,107,0.867113,1.6231266,0.5554115,-0.55664,6.0,0.59999996,9.959754,1
16:11:29.750805,107,0.4834395,1.5968444,0.6443454,-0.90468,31.88,1.0,0.921778,1
16:11:29.750805,107,0.49774903,1.6493276,1.2065108,-0.55664,40.36,1.0,1.0807002,1
16:11:29.750805,107,0.54001254,1.5820147,0.648319,-0.90468,39.12,1.0,0.34262833,1
16:11:29.750805,107,0.577461,1.5712204,0.6512114,-0.90468,41.64,1.0,0.13095793,1
16:11:29.750805,107,0.58350366,1.648811,1.1153836,-0.55664,66.76,1.0,0.30418143,1
16:11:29.750805,107,0.4501381,1.7427049,1.0759349,-0.6958,62.239998,1.0,1.5374616,1
16:11:29.750805,107,0.40723953,1.671186,1.2006538,-0.62636,28.119999,1.0,2.2771099,1
16:11:29.750805,107,0.881283,1.5625819,0.5989316,-0.55664,14.5199995,1.0,5.8818045,1
16:11:29.750805,107,0.3833966,1.6215969,0.744248,-0.6958,29.519999,1.0,2.8833086,1
16:11:29.750805,107,0.7501272,1.5033038,0.5595985,-0.41748002,12.88,1.0,0.71373403,1
16:11:29.750805,107,0.79611355,1.268044,-0.3447372,-0.48720002,24.64,1.0,5.274142,1
16:11:29.750805,107,0.5436075,1.6459442,0.83860385,-0.6958,102.0,1.0,0.26406875,1
16:11:29.750805,107,0.45566183,1.6928027,1.1234204,-0.55664,68.36,1.0,0.8589899,1
16:11:29.750805,107,0.540344,1.6804518,1.0112376,-0.55664,135.0,1.0,0.50817025,1
16:11:29.750805,107,0.7735227,1.4407896,-0.32835487,-0.90468,27.24,1.0,3.1909573,1
16:11:29.750805,107,0.65205014,1.6458884,1.0204988,-0.55664,62.52,1.0,0.85314274,1
16:11:29.750805,107,0.8625196,1.5710039,0.5966749,-0.55664,14.36,1.0,5.551047,1
16:11:29.750805,107,0.42543012,1.6671644,1.2017314,-0.62636,32.64,1.0,1.9624413,1
16:11:29.750805,107,0.44357818,1.6629674,1.202856,-0.55664,36.64,1.0,1.6865758,1
16:11:29.750805,107,0.5297574,1.6737633,1.1285219,-0.55664,114.36,1.0,0.3928769,1
16:11:29.750805,107,0.81474626,1.3467094,-0.21679151,-0.97412,11.36,1.0,2.5277815,1
16:11:29.750805,107,0.7171789,1.4229943,-0.28040928,-0.27832,20.64,1.0,1.9175178,1
16:11:29.750805,107,0.40198025,1.730888,1.1729336,-0.55664,41.64,1.0,1.5059766,1
16:11:29.750805,107,0.35349113,1.7621151,1.070734,-0.6958,26.76,1.0,2.498825,1
16:11:29.750805,107,0.7674468,1.6103728,0.5861261,-0.55664,8.36,0.83599997,4.1321836,1
16:11:29.750805,107,0.91854346,1.5451963,0.6035901,-0.55664,14.0,1.0,6.5895367,1
16:11:29.750805,107,0.73348427,1.4553467,-0.3322554,-0.90468,25.0,1.0,2.9969478,1
16:11:29.750805,107,0.55910766,1.6751418,1.0126604,-0.55664,127.0,1.0,0.49944377,1
16:11:29.750805,107,0.5624845,1.6406022,0.8400352,-0.6958,104.88,1.0,0.22232181,1
16:11:29.750805,107,0.42081952,1.7269142,1.1739985,-0.55664,53.239998,1.0,1.2809952,1
16:11:29.750805,107,0.7408126,1.290314,-0.35070443,-0.48720002,22.88,1.0,4.981107,1
16:11:29.750805,107,0.4454793,1.6058174,0.6419411,-0.90468,24.0,1.0,1.4948337,1
16:11:29.750805,107,0.5890633,1.6798061,0.911543,-0.55664,100.36,1.0,1.1783274,1
16:11:29.750805,107,0.5215263,1.6855803,1.0098634,-0.55664,130.87999,1.0,0.5455093,1
16:11:29.750805,107,0.6150558,1.6581281,1.0172192,-0.55664,76.24,1.0,0.63553727,1
16:11:29.750805,107,0.4774458,1.6008048,0.7498192,-0.6958,65.88,1.0,1.0931867,1
16:11:29.750805,107,0.533617,1.6393651,1.2091802,-0.55664,35.76,1.0,0.8513561,1
16:11:29.750805,107,0.8142135,1.2968735,-0.39804584,-0.90468,28.519999,1.0,3.727914,1
16:11:29.750805,107,0.8325859,1.2523113,-0.34052166,-1.11328,23.64,1.0,5.6659174,1
16:11:29.750805,107,0.61981624,1.6371875,1.1184982,-0.55664,42.239998,1.0,0.40626657,1
16:11:29.750805,107,0.84366995,1.5792443,0.5944669,-0.55664,13.759999,1.0,5.2357283,1
16:11:29.750805,107,0.43995622,1.6096666,0.7474447,-0.6958,43.879997,1.0,1.6862153,1
16:11:29.750805,107,0.565259,1.6543591,1.1138971,-0.55664,83.759995,1.0,0.29534388,1
16:11:29.750805,107,0.5587647,1.576708,0.64974093,-0.90468,41.239998,1.0,0.22000803,1
16:11:29.750805,107,0.59646547,1.6639794,1.0156513,-0.55664,92.88,1.0,0.5640077,1
16:11:29.750805,107,0.77775705,1.2756453,-0.34677395,-0.48720002,24.24,1.0,5.136954,1
16:11:29.750805,107,0.9222781,1.2099259,-0.3291645,-1.1830001,16.52,1.0,7.3271017,1
16:11:29.750805,107,0.49280816,1.6836408,1.1258752,-0.55664,104.36,1.0,0.56118137,1
16:11:29.750805,107,0.7866225,1.6028671,0.5881372,-0.55664,10.5199995,1.0,4.3838973,1
16:11:29.803566,108,0.6180889,1.5683886,0.88122195,-0.62636,25.76,1.0,0.26663545,1
16:11:29.803566,108,0.62534565,1.5581735,0.7612422,-0.6958,17.52,1.0,0.71597075,1
16:11:29.803566,108,0.7027823,1.5206857,1.4278133,-0.6958,24.64,1.0,4.9853773,1
16:11:29.803566,108,0.49036276,1.6058778,0.8711768,-0.6958,47.12,1.0,1.2120246,1
16:11:29.803566,108,0.70185137,1.6394558,0.6896723,-0.48720002,6.0,0.59999996,2.416747,1
16:11:29.803566,108,0.4268787,1.6111156,0.9686506,-0.6958,45.12,1.0,2.2611651,1
16:11:29.803566,108,0.43570897,1.5935903,1.06818,-0.62636,58.12,1.0,2.1013196,1
16:11:29.803566,108,0.4348508,1.619284,0.8675845,-0.6958,34.36,1.0,2.424263,1
16:11:29.803566,108,0.7976228,1.628496,-0.109815896,-0.06972,7.12,0.712,11.275531,1
16:11:29.803566,108,0.62556225,1.607966,1.3796451,-0.6958,48.879997,1.0,1.9617245,1
16:11:29.803566,108,0.40862614,1.6151508,0.96756935,-0.6958,36.36,1.0,2.7368202,1
16:11:29.803566,108,0.60952264,1.5763153,0.77640086,-0.6958,21.359999,1.0,0.4162561,1
16:11:29.803566,108,0.60169005,1.6430869,1.1169174,-0.55664,39.0,1.0,1.0554843,1
16:11:29.803566,108,0.45795304,1.6252456,1.135988,-0.55664,66.52,1.0,1.2132571,1
16:11:29.803566,108,0.5524478,1.642006,1.2278092,-0.55664,75.88,1.0,1.0383863,1
16:11:29.803566,108,0.61981624,1.6371875,1.1184982,-0.55664,31.359999,1.0,1.0604894,1
16:11:29.803566,108,0.74165154,1.6792448,0.6541157,-0.48720002,6.24,0.624,6.094695,1
16:11:29.803566,108,0.58350366,1.648811,1.1153836,-0.55664,48.64,1.0,1.0968838,1
16:11:29.803566,108,0.5636836,1.5855124,0.87663364,-0.6958,48.0,1.0,0.34406784,1
16:11:29.803566,108,0.6554404,1.5576204,1.472741,-0.6958,32.88,1.0,3.5395982,1
16:11:29.803566,108,0.6865778,1.5273958,1.4260154,-0.6958,28.119999,1.0,4.4346485,1
16:11:29.803566,108,0.46325392,1.6025172,0.97095454,-0.6958,67.24,1.0,1.4672103,1
16:11:29.803566,108,0.533617,1.6393651,1.2091802,-0.55664,81.0,1.0,0.8732097,1
16:11:29.803566,108,0.5168345,1.6035204,0.7691113,-0.6958,29.119999,1.0,1.2341881,1
16:11:29.803566,108,0.75920886,1.6182851,0.695345,-0.48720002,8.0,0.79999995,2.6910472,1
16:11:29.803566,108,0.6224913,1.5699646,1.4694333,-0.6958,31.0,1.0,2.846786,1
16:11:29.803566,108,0.48137295,1.597955,0.97217697,-0.62636,77.64,1.0,1.1491265,1
16:11:29.803566,108,0.39033273,1.6190095,0.96653545,-0.6958,29.64,1.0,3.2648785,1
16:11:29.803566,108,0.49372885,1.6160527,1.1384512,-0.55664,80.24,1.0,0.70157766,1
16:11:29.803566,108,0.7210433,1.6325837,0.69151366,-0.48720002,7.12,0.712,2.4548879,1
16:11:29.803566,108,0.53548294,1.598438,0.7704731,-0.6958,29.119999,1.0,0.95988137,1
16:11:29.803566,108,0.41788286,1.5977129,1.0670753,-0.62636,50.0,1.0,2.4913166,1
16:11:29.803566,108,0.5908165,1.6535938,1.2829056,-0.55664,60.12,1.0,2.021975,1
16:11:29.803566,108,0.5818775,1.5799798,0.87811613,-0.6958,40.36,1.0,0.2628546,1
16:11:29.803566,108,0.64266807,1.6018407,1.3812864,-0.6958,47.64,1.0,2.1788113,1
16:11:29.803566,108,0.8284771,1.6009836,0.6101109,-0.48720002,7.3599997,0.736,4.1680555,1
16:11:29.803566,108,0.8054563,1.5564972,0.64873165,-0.48720002,7.64,0.764,2.6161509,1
16:11:29.803566,108,0.68836117,1.5345286,0.66104287,-0.6958,6.24,0.624,1.5754364,1
16:11:29.803566,108,0.5087711,1.6010523,0.8724697,-0.6958,52.52,1.0,0.9143298,1
16:11:29.803566,108,0.6000132,1.5742716,0.8796456,-0.6958,32.52,1.0,0.23685859,1
16:11:29.803566,108,0.46757478,1.6654814,0.83336884,-0.6958,25.88,1.0,2.582667,1
16:11:29.803566,108,0.4758647,1.6207355,1.1371964,-0.55664,74.36,1.0,0.9330189,1
16:11:29.803566,108,0.7189165,1.5138193,1.4296532,-0.6958,21.119999,1.0,5.5916667,1
16:11:29.803566,108,0.5416291,1.6227742,1.0435262,-0.62636,71.64,1.0,0.3002186,1
16:11:29.803566,108,0.44508857,1.6069043,0.969779,-0.6958,55.64,1.0,1.8379353,1
16:11:29.803566,108,0.6597096,1.5955507,1.3829718,-0.6958,44.76,1.0,2.4436638,1
16:11:29.803566,108,0.78090787,1.6645374,0.6580565,-0.48720002,7.24,0.724,6.147316,1
16:11:29.803566,108,0.7219111,1.6863133,0.6522217,-0.48720002,5.0,0.5,6.1414886,1
16:11:29.803566,108,0.55407786,1.5931759,0.77188313,-0.6958,27.76,1.0,0.7405099,1
16:11:29.803566,108,0.65405303,1.5561002,0.88451463,-0.62636,20.24,1.0,0.4960203,1
16:11:29.803566,108,0.50569224,1.65608,0.83588797,-0.6958,27.88,1.0,1.7664042,1
16:11:29.803566,108,0.8625196,1.5710039,0.5966749,-0.48720002,5.52,0.552,4.4633765,1
16:11:29.803566,108,0.6766851,1.5890963,1.3847013,-0.6958,40.76,1.0,2.7570493,1
16:11:29.803566,108,0.41625738,1.6233946,0.8664831,-0.6958,29.0,1.0,2.934249,1
16:11:29.803566,108,0.83855283,1.5273505,0.63566905,-0.48720002,5.64,0.564,3.649236,1
16:11:29.803566,108,0.7781787,1.61086,0.6973345,-0.48720002,8.12,0.812,2.8911138,1
16:11:29.803566,108,0.51746476,1.5883067,0.97476226,-0.62636,80.52,1.0,0.6717135,1
16:11:29.803566,108,0.57027906,1.6365836,1.2292621,-0.55664,68.36,1.0,0.98892677,1
16:11:29.803566,108,0.5454334,1.5908691,0.8751983,-0.6958,53.52,1.0,0.48000088,1
16:11:29.803566,108,0.60625625,1.5813552,1.4846804,-0.6958,28.0,1.0,2.6700633,1
16:11:29.803566,108,0.6320219,1.5019674,1.4915797,-0.6958,12.639999,1.0,6.012601,1
16:11:29.803566,108,0.49944383,1.593218,0.97344625,-0.62636,82.88,1.0,0.8838775,1
16:11:29.803566,108,0.84366995,1.5792443,0.5944669,-0.48720002,6.52,0.652,4.027771,1
16:11:29.803566,108,0.8004199,1.6569002,0.6601029,-0.48720002,7.64,0.764,6.248916,1
16:11:29.859162,109,0.47278786,1.4983988,0.72531825,-0.55664,91.36,1.0,1.1570629,1
16:11:29.859162,109,0.58911955,1.5998098,1.3252635,-0.62636,33.12,1.0,2.700952,1
16:11:29.859162,109,0.5094447,1.4375381,0.76892304,-0.55664,126.64,1.0,1.0578756,1
16:11:29.859162,109,0.60628915,1.5940363,1.3268105,-0.62636,27.76,1.0,3.26029,1
16:11:29.859162,109,0.58743227,1.4637048,0.83634543,-0.55664,66.24,1.0,1.1642652,1
16:11:29.859162,109,0.76816636,1.5241388,-0.19691737,-0.13916,28.76,1.0,3.5542076,1
16:11:29.859162,109,0.5434809,1.4787633,0.73057956,-0.55664,117.36,1.0,0.41499054,1
16:11:29.859162,109,0.5434842,1.4273673,0.7716483,-0.55664,104.64,1.0,1.2201314,1
16:11:29.859162,109,0.5514719,1.6341244,1.2105844,-0.6958,55.0,1.0,1.146772,1
16:11:29.859162,109,0.5264908,1.4325349,0.7702636,-0.55664,121.36,1.0,1.0909601,1
16:11:29.859162,109,0.68594134,1.5522338,-0.20444539,-0.13916,20.76,1.0,4.236806,1
16:11:29.859162,109,0.60700744,1.4693525,0.8536381,-0.55664,51.879997,1.0,1.4825722,1
16:11:29.859162,109,0.55183715,1.580918,0.7551479,-0.62636,21.76,1.0,0.16104329,1
16:11:29.859162,109,0.7477202,1.53146,-0.1988791,-0.13916,27.0,1.0,3.5146284,1
16:11:29.859162,109,0.6442778,1.5106312,0.8182892,-0.55664,33.52,1.0,1.3734014,1
16:11:29.859162,109,0.45800775,1.4515564,0.7651668,-0.55664,98.24,1.0,1.5295032,1
16:11:29.859162,109,0.43715057,1.5071884,0.7229631,-0.55664,52.879997,1.0,2.1220493,1
16:11:29.859162,109,0.8272152,1.5432115,-0.24269077,-0.06972,29.0,1.0,4.562651,1
16:11:29.859162,109,0.643571,1.5520451,0.7628843,-0.62636,11.24,1.0,0.6399069,1
16:11:29.859162,109,0.3601521,1.523283,0.8203815,-0.55664,30.519999,1.0,4.6118574,1
16:11:29.859162,109,0.43365046,1.6642944,1.364552,-0.62636,18.0,1.0,2.3340087,1
16:11:29.859162,109,0.40133846,1.5152879,0.72079283,-0.55664,31.64,1.0,3.475527,1
16:11:29.859162,109,0.5157088,1.644433,1.2078223,-0.6958,49.52,1.0,1.0689646,1
16:11:29.859162,109,0.6240618,1.5049965,0.8003862,-0.55664,43.12,1.0,0.93546605,1
16:11:29.859162,109,0.57189107,1.6054171,1.323761,-0.62636,38.12,1.0,2.2400968,1
16:11:29.859162,109,0.63957536,1.5750604,1.313086,-0.62636,18.64,1.0,4.5505276,1
16:11:29.859162,109,0.6652084,1.5587595,-0.20619392,-0.13916,17.52,1.0,4.755319,1
16:11:29.859162,109,0.56102264,1.473429,0.7320089,-0.55664,97.0,1.0,0.48069367,1
16:11:29.859162,109,0.53331745,1.5861589,0.7537436,-0.62636,22.119999,1.0,0.39246413,1
16:11:29.859162,109,0.508236,1.4889226,0.7278574,-0.55664,113.0,1.0,0.5862791,1
16:11:29.859162,109,0.5147444,1.5912207,0.7523873,-0.62636,20.76,1.0,0.7314031,1
16:11:29.859162,109,0.5041582,1.5907186,1.4090481,-0.62636,14.88,1.0,1.9439942,1
16:11:29.859162,109,0.58701444,1.6231271,1.2135311,-0.6958,46.76,1.0,1.630392,1
16:11:29.859162,109,0.52588475,1.4839281,0.72919565,-0.55664,124.52,1.0,0.4503838,1
16:11:29.859162,109,0.4774458,1.6008048,0.7498192,-0.62636,15.759999,1.0,1.7289193,1
16:11:29.859162,109,0.45283318,1.4621496,0.87985647,-0.55664,30.24,1.0,1.3476146,1
16:11:29.859162,109,0.49234775,1.4423765,0.7676266,-0.55664,117.0,1.0,1.1203266,1
16:11:29.859162,109,0.62339807,1.5880973,1.3284018,-0.62636,22.76,1.0,3.9185624,1
16:11:29.859162,109,0.69597685,1.531238,-0.13600773,-0.13916,12.88,1.0,3.2049782,1
16:11:29.859162,109,0.88915914,1.4760988,-0.18404509,-0.13916,21.359999,1.0,6.7800508,1
16:11:29.859162,109,0.55460536,1.6108577,1.3223032,-0.62636,41.0,1.0,1.8772442,1
16:11:29.859162,109,0.57025313,1.4692961,0.8348473,-0.55664,84.36,1.0,0.84515035,1
16:11:29.859162,109,0.661732,1.5457408,0.7645735,-0.62636,9.24,0.92399997,1.0670899,1
16:11:29.859162,109,0.4690024,1.6555752,1.3668883,-0.62636,26.88,1.0,1.830661,1
16:11:29.859162,109,0.4061586,1.4640783,0.7618116,-0.55664,47.879997,1.0,2.8445494,1
16:11:29.859162,109,0.8290358,1.5009954,-0.19071612,-0.13916,27.24,1.0,4.5233183,1
16:11:29.859162,109,0.6057686,1.6252235,1.232306,-0.6958,40.0,1.0,2.1542976,1
16:11:29.859162,109,0.5692716,1.6287116,1.2120348,-0.6958,52.239998,1.0,1.3375663,1
16:11:29.859162,109,0.7066056,1.5455083,-0.20264329,-0.13916,24.119999,1.0,3.8566632,1
16:11:29.859162,109,0.38879198,1.4679176,0.7607829,-0.55664,37.879997,1.0,3.4672265,1
16:11:29.859162,109,0.8478843,1.5351212,-0.24052301,-0.06972,30.119999,1.0,4.9793725,1
16:11:29.859162,109,0.89162004,1.4321846,-0.36922646,-0.06972,20.0,1.0,7.717758,1
16:11:29.859162,109,0.60705775,1.5641257,0.75964737,-0.62636,16.64,1.0,0.11866687,1
16:11:29.859162,109,0.6234234,1.6192869,1.2338967,-0.6958,33.52,1.0,2.6559484,1
16:11:29.859162,109,0.5024225,1.626174,1.3181992,-0.62636,37.36,1.0,1.3714981,1
16:11:29.859162,109,0.5372642,1.6161311,1.3208902,-0.62636,40.76,1.0,1.6118873,1
16:11:29.859162,109,0.4758647,1.6207355,1.1371964,-0.55664,36.36,1.0,1.021961,1
16:11:29.859162,109,0.45499197,1.5028797,0.7241176,-0.55664,69.88,1.0,1.590628,1
16:11:29.859162,109,0.4357884,1.4664414,0.87870646,-0.55664,25.119999,1.0,1.6316819,1
16:11:29.859162,109,0.78563094,1.5587908,-0.24686526,-0.06972,26.64,1.0,4.172718,1
16:11:29.859162,109,0.5886554,1.5167109,0.7972473,-0.55664,74.76,1.0,0.3017102,1
16:11:29.859162,109,0.42348456,1.4600713,0.7628853,-0.55664,61.12,1.0,2.3135736,1
16:11:29.859162,109,0.8088262,1.5089058,-0.19283567,-0.13916,28.88,1.0,4.057937,1
16:11:29.859162,109,0.49611992,1.5961028,0.7510791,-0.62636,18.359999,1.0,1.1771384,1
16:11:29.914444,110,0.7037415,1.5465692,1.1570692,-0.62636,47.12,1.0,0.63445485,1
16:11:29.914444,110,0.70068735,1.5446696,0.78488034,-0.62636,12.12,1.0,0.5579364,1
16:11:29.914444,110,0.54584384,1.5423954,1.1724775,-0.62636,130.52,1.0,0.8263948,1
16:11:29.914444,110,0.50098354,1.4899935,0.8293014,-0.55664,58.879997,1.0,3.4787545,1
16:11:29.914444,110,0.5241505,1.5704067,1.074392,-0.55664,96.52,1.0,1.1641438,1
16:11:29.914444,110,0.6145661,1.5079657,0.69545764,-0.62636,9.0,0.9,1.4928138,1
16:11:29.914444,110,0.51469254,1.5251397,1.263233,-0.6958,43.64,1.0,1.7052535,1
16:11:29.914444,110,0.64573944,1.4732972,1.4288039,-0.62636,14.5199995,1.0,2.4712815,1
16:11:29.914444,110,0.5158194,1.4324881,0.66754013,-0.41748002,31.0,1.0,8.37148,1
16:11:29.914444,110,0.63166606,1.5944355,1.0511196,-0.62636,94.36,1.0,0.96752876,1
16:11:29.914444,110,0.48353657,1.4947484,0.8280273,-0.55664,50.36,1.0,3.705785,1
16:11:29.914444,110,0.61354977,1.5199946,1.1784798,-0.62636,72.88,1.0,0.42926916,1
16:11:29.914444,110,0.661732,1.5457408,0.7645735,-0.62636,10.88,1.0,0.35965198,1
16:11:29.914444,110,0.45999628,1.5666896,1.165968,-0.62636,47.64,1.0,2.6652524,1
16:11:29.914444,110,0.577819,1.6119608,1.0464237,-0.55664,95.24,1.0,1.8065048,1
16:11:29.914444,110,0.70704806,1.6261952,1.0257756,-0.62636,31.24,1.0,3.1661732,1
16:11:29.914444,110,0.67982686,1.5392616,0.7663097,-0.62636,11.639999,1.0,0.47930706,1
16:11:29.914444,110,0.5533496,1.5779631,0.9775338,-0.55664,78.759995,1.0,0.7956129,1
16:11:29.914444,110,0.6865862,1.553284,1.15527,-0.62636,58.879997,1.0,0.51636356,1
16:11:29.914444,110,0.62633777,1.6115322,0.94918793,-0.55664,44.76,1.0,1.5092391,1
16:11:29.914444,110,0.7794885,1.5914716,-0.061848298,-0.13916,8.36,0.83599997,8.333641,1
16:11:29.914444,110,0.6849446,1.5753578,1.0562314,-0.62636,64.36,1.0,0.68652225,1
16:11:29.914444,110,0.50655997,1.5753846,1.0730581,-0.55664,78.119995,1.0,1.556688,1
16:11:29.914444,110,0.8323067,1.4757432,0.6767944,-0.6958,6.3599997,0.636,5.224068,1
16:11:29.914444,110,0.5283823,1.541136,0.9103614,-0.55664,68.64,1.0,1.0501328,1
16:11:29.914444,110,0.73667544,1.5307852,0.7886006,-0.62636,12.0,1.0,1.0866454,1
16:11:29.914444,110,0.58517474,1.4610828,0.6302226,-0.41748002,7.52,0.752,4.7962027,1
16:11:29.914444,110,0.59981453,1.5843548,1.1469446,-0.62636,129.0,1.0,0.89516807,1
16:11:29.914444,110,0.77890223,1.4990896,0.6705387,-0.62636,6.12,0.612,3.0031826,1
16:11:29.914444,110,0.48891878,1.5801924,1.0717698,-0.55664,62.879997,1.0,2.006776,1
16:11:29.914444,110,0.76140964,1.6049173,1.031477,-0.62636,19.119999,1.0,3.0239604,1
16:11:29.914444,110,0.60802084,1.6174937,0.9475906,-0.55664,44.0,1.0,1.7955409,1
16:11:29.914444,110,0.4483045,1.5508034,1.0041622,-0.55664,41.52,1.0,2.7994747,1
16:11:29.914444,110,0.5478646,1.5148759,1.2659831,-0.6958,46.64,1.0,1.326448,1
16:11:29.914444,110,0.6028034,1.4553453,0.63176,-0.41748002,8.12,0.812,5.000013,1
16:11:29.914444,110,0.7545599,1.523583,0.79053044,-0.6958,11.36,1.0,1.4665343,1
16:11:29.914444,110,0.5766006,1.5544567,1.0786657,-0.62636,136.52,1.0,0.342552,1
16:11:29.914444,110,0.663691,1.5014875,1.1834388,-0.62636,44.879997,1.0,0.80677044,1
16:11:29.914444,110,0.5591726,1.5599421,1.0771959,-0.62636,131.12,1.0,0.55595577,1
16:11:29.914444,110,0.6887837,1.6329366,1.0239692,-0.62636,36.12,1.0,3.3433683,1
16:11:29.914444,110,0.5818775,1.5799798,0.87811613,-0.55664,41.64,1.0,0.5801641,1
16:11:29.914444,110,0.47122872,1.5848297,1.0705273,-0.55664,50.76,1.0,2.5133948,1
16:11:29.914444,110,0.6802742,1.4949965,1.185178,-0.62636,35.76,1.0,1.0681009,1
16:11:29.914444,110,0.6672512,1.5818884,1.0544815,-0.62636,75.64,1.0,0.7158528,1
16:11:29.914444,110,0.72479683,1.5208782,0.6647005,-0.62636,5.12,0.51199996,1.5466349,1
16:11:29.914444,110,0.86749643,1.4593239,0.68119395,-0.6958,6.12,0.612,7.1531744,1
16:11:29.914444,110,0.6627819,1.5990798,0.95252454,-0.62636,40.52,1.0,1.1239862,1
16:11:29.914444,110,0.49448538,1.5574697,1.1684383,-0.62636,77.759995,1.0,1.758178,1
16:11:29.914444,110,0.64459205,1.605394,0.95083266,-0.62636,43.52,1.0,1.2849149,1
16:11:29.914444,110,0.5116566,1.5526104,1.1697404,-0.62636,98.0,1.0,1.3894005,1
16:11:29.914444,110,0.7723689,1.5162085,0.79250646,-0.6958,10.639999,1.0,1.9256525,1
16:11:29.914444,110,0.7094815,1.6050807,1.1271012,-0.62636,53.879997,1.0,2.337564,1
16:11:29.914444,110,0.79010063,1.5086623,0.7945284,-0.6958,9.639999,0.964,2.465705,1
16:11:29.914444,110,0.6470414,1.5078179,1.1817425,-0.62636,57.0,1.0,0.61408216,1
16:11:29.914444,110,0.5416886,1.565259,1.0757713,-0.55664,115.759995,1.0,0.83020014,1
16:11:29.914444,110,0.6520399,1.4066167,1.4531823,-0.62636,5.24,0.524,6.9561386,1
16:11:29.914444,110,0.6503253,1.4957473,0.6987315,-0.62636,9.88,0.988,1.827159,1
16:11:29.914444,110,0.81877327,1.6206894,-0.10772411,-0.13916,12.5199995,1.0,10.585948,1
16:11:29.914444,110,0.72720885,1.5981419,1.1289604,-0.62636,44.76,1.0,2.3022618,1
16:11:29.914444,110,0.81458604,1.4836972,0.6746631,-0.6958,6.3599997,0.636,4.395909,1
16:11:29.914444,110,0.64949113,1.5882479,1.0527775,-0.62636,86.36,1.0,0.8100042,1
16:11:29.914444,110,0.44268188,1.5710493,1.1647997,-0.62636,37.879997,1.0,3.2016602,1
16:11:29.914444,110,0.5287767,1.5475855,1.1710869,-0.62636,118.119995,1.0,1.0784572,1
16:11:29.914444,110,0.6172958,1.5784765,1.1485196,-0.62636,112.0,1.0,0.69484174,1
16:11:29.967700,111,0.6420623,1.54909,0.9852703,-0.76552004,42.52,1.0,1.2483354,1
16:11:29.967700,111,0.62853175,1.5369945,1.0833447,-0.76552004,110.0,1.0,0.91157496,1
16:11:29.967700,111,0.59671116,1.5258398,1.1769136,-0.76552004,126.52,1.0,0.62290466,1
16:11:29.967700,111,0.57612646,1.4732032,1.2053075,-0.76552004,68.76,1.0,1.0443236,1
16:11:29.967700,111,0.6244411,1.5552069,0.9836313,-0.76552004,52.879997,1.0,1.171737,1
16:11:29.967700,111,0.61128193,1.5429823,1.0817403,-0.76552004,130.52,1.0,0.78841823,1
16:11:29.967700,111,0.5924401,1.5003328,1.12837,-0.76552004,162.12,1.0,0.32277986,1
16:11:29.967700,111,0.59397095,1.5488033,1.0801805,-0.76552004,139.12,1.0,0.76868755,1
16:11:29.967700,111,0.60675746,1.5611532,0.982038,-0.76552004,61.879997,1.0,1.2012602,1
16:11:29.967700,111,0.5588278,1.5114535,1.1253903,-0.76552004,182.76,1.0,0.15307294,1
16:11:29.967700,111,0.5434397,1.4840176,1.2024097,-0.76552004,87.24,1.0,0.7212298,1
16:11:29.967700,111,0.58901316,1.5669283,0.98049057,-0.76552004,67.119995,1.0,1.3355001,1
16:11:29.967700,111,0.5923843,1.4675596,1.2068197,-0.6958,57.36,1.0,1.3570186,1
16:11:29.967700,111,0.5591726,1.5599421,1.0771959,-0.76552004,131.52,1.0,1.0341684,1
16:11:29.967700,111,0.55981106,1.4786893,1.2038375,-0.76552004,79.759995,1.0,0.8327848,1
16:11:29.967700,111,0.61354977,1.5199946,1.1784798,-0.6958,93.64,1.0,0.80277467,1
16:11:29.967700,111,0.6802742,1.4949965,1.185178,-0.6958,39.879997,1.0,2.558151,1
16:11:29.967700,111,0.6596193,1.5428034,0.9869548,-0.76552004,33.0,1.0,1.4324902,1
16:11:29.967700,111,0.541937,1.5167699,1.1239657,-0.76552004,171.76,1.0,0.21957865,1
16:11:29.967700,111,0.6520399,1.4066167,1.4531823,-0.62636,24.519999,1.0,8.433218,1
16:11:29.967700,111,0.7138039,1.5045727,1.0920321,-0.6958,30.519999,1.0,3.1276834,1
16:11:29.967700,111,0.6967894,1.4883459,1.1869601,-0.62636,31.359999,1.0,3.2627916,1
16:11:29.967700,111,0.64350545,1.4548817,1.3810741,-0.62636,26.359999,1.0,4.263239,1
16:11:29.967700,111,0.64571875,1.5308403,1.0849937,-0.6958,86.52,1.0,1.139528,1
16:11:29.967700,111,0.69688547,1.5113859,1.0902065,-0.6958,38.76,1.0,2.466288,1
16:11:29.967700,111,0.6798973,1.5180353,1.0884248,-0.6958,50.36,1.0,1.9154452,1
16:11:29.967700,111,0.663691,1.5014875,1.1834388,-0.6958,51.879997,1.0,1.9612186,1
16:11:29.967700,111,0.6849446,1.5753578,1.0562314,-0.76552004,25.119999,1.0,3.7605035,1
16:11:29.967700,111,0.6628412,1.5245203,1.0866872,-0.6958,66.119995,1.0,1.4736761,1
16:11:29.967700,111,0.6470414,1.5078179,1.1817425,-0.6958,69.119995,1.0,1.4705925,1
16:11:29.967700,111,0.62608624,1.4636803,1.225764,-0.6958,47.12,1.0,2.1071918,1
16:11:29.967700,111,0.70256954,1.5686566,1.058027,-0.76552004,19.119999,1.0,4.0562077,1
16:11:29.967700,111,0.52701396,1.4891876,1.2010244,-0.76552004,88.0,1.0,0.70851195,1
16:11:29.967700,111,0.5959362,1.4622533,0.7350034,-0.76552004,19.0,1.0,1.5623658,1
16:11:29.967700,111,0.51064974,1.5461541,0.9090168,-0.62636,48.879997,1.0,1.3679668,1
16:11:29.967700,111,0.48332658,1.5418042,1.0065736,-0.62636,59.359997,1.0,1.5376397,1
16:11:29.967700,111,0.47261506,1.5274985,1.1027231,-0.76552004,56.36,1.0,1.3815496,1
16:11:29.967700,111,0.45631132,1.4748046,1.1336764,-0.76552004,47.36,1.0,2.3688536,1
16:11:29.967700,111,0.508236,1.4889226,0.7278574,-0.76552004,18.88,1.0,2.3027284,1
16:11:29.967700,111,0.49286613,1.5510008,0.9077181,-0.62636,42.0,1.0,1.9248754,1
16:11:29.967700,111,0.52588475,1.4839281,0.72919565,-0.76552004,20.24,1.0,1.9327416,1
16:11:29.967700,111,0.46583885,1.5463884,1.0053452,-0.62636,48.0,1.0,2.1391895,1
16:11:29.967700,111,0.47503322,1.5556755,0.90646553,-0.62636,36.0,1.0,2.5821035,1
16:11:29.967700,111,0.4483045,1.5508034,1.0041622,-0.62636,39.239998,1.0,2.837452,1
16:11:29.967700,111,0.43836915,1.5362983,1.1003653,-0.76552004,33.36,1.0,2.5501328,1
16:11:29.967700,111,0.4232468,1.4833008,1.1313999,-0.76552004,30.88,1.0,3.290444,1
16:11:29.967700,111,0.40665022,1.4873089,1.1303258,-0.76552004,25.119999,1.0,3.8930552,1
16:11:29.967700,111,0.45551488,1.5319811,1.101522,-0.76552004,42.879997,1.0,1.9185903,1
16:11:29.967700,111,0.47277597,1.4703175,1.1348786,-0.76552004,58.64,1.0,2.051766,1
16:11:29.967700,111,0.43980104,1.4791325,1.1325167,-0.76552004,38.12,1.0,2.782066,1
16:11:29.967700,111,0.500766,1.5370513,1.0078471,-0.76552004,74.0,1.0,1.0338936,1
16:11:29.967700,111,0.5785084,1.4679254,0.73348355,-0.76552004,20.64,1.0,1.4860334,1
16:11:29.967700,111,0.48966795,1.522851,1.1039684,-0.76552004,75.88,1.0,0.9400498,1
16:11:29.967700,111,0.57120997,1.5725318,0.9789891,-0.76552004,67.24,1.0,1.5730829,1
16:11:29.967700,111,0.5416886,1.565259,1.0757713,-0.76552004,113.24,1.0,1.3167864,1
16:11:29.967700,111,0.50688136,1.4694213,1.1528531,-0.76552004,81.759995,1.0,1.3770734,1
16:11:29.967700,111,0.56102264,1.473429,0.7320089,-0.76552004,21.359999,1.0,1.5231639,1
16:11:29.967700,111,0.5249919,1.5219228,1.122585,-0.76552004,138.36,1.0,0.38539022,1
16:11:29.967700,111,0.5241505,1.5704067,1.074392,-0.76552004,92.52,1.0,1.697645,1
16:11:29.967700,111,0.5283823,1.541136,0.9103614,-0.76552004,56.239998,1.0,0.9125486,1
16:11:29.967700,111,0.5066719,1.518039,1.1052577,-0.76552004,103.36,1.0,0.5951604,1
16:11:29.967700,111,0.4904702,1.4742382,1.1515625,-0.76552004,70.76,1.0,1.5142735,1
16:11:29.967700,111,0.546062,1.5359468,0.91175187,-0.76552004,63.0,1.0,0.5598241,1
16:11:29.967700,111,0.5434809,1.4787633,0.73057956,-0.76552004,21.119999,1.0,1.6724818,1
16:11:30.027277,112,0.59876645,1.5193583,0.9161967,-0.76552004,11.36,1.0,1.5929338,1
16:11:30.027277,112,0.7199649,1.4155402,1.3741043,-0.6958,64.0,1.0,1.1107275,1
16:11:30.027277,112,0.6967462,1.3870728,1.4584191,-0.6958,65.52,1.0,1.1343716,1
16:11:30.027277,112,0.60371655,1.4113839,1.253427,-0.83496004,46.36,1.0,1.7783301,1
16:11:30.027277,112,0.6650343,1.4378899,0.74153155,-0.76552004,5.8799996,0.588,1.7762738,1
16:11:30.027277,112,0.7062863,1.4476569,1.1241167,-0.90468,27.76,1.0,0.40659878,1
16:11:30.027277,112,0.5923843,1.4675596,1.2068197,-0.90468,86.24,1.0,1.0790017,1
16:11:30.027277,112,0.6982651,1.3204914,1.4827968,-0.6958,58.879997,1.0,2.9410782,1
16:11:30.027277,112,0.5628565,1.5370407,1.1739123,-0.90468,27.519999,1.0,2.241862,1
16:11:30.027277,112,0.59671116,1.5258398,1.1769136,-0.90468,49.239998,1.0,1.3591683,1
16:11:30.027277,112,0.77070504,1.4191198,1.1317631,-0.6958,10.76,1.0,2.142962,1
16:11:30.027277,112,0.51053554,1.4941987,1.1996818,-0.83496004,23.359999,1.0,4.741407,1
16:11:30.027277,112,0.6413472,1.3463742,1.4758614,-0.6958,40.52,1.0,3.0343375,1
16:11:30.027277,112,0.60730463,1.4333221,1.2995585,-0.76552004,53.36,1.0,1.0824776,1
16:11:30.027277,112,0.79855394,1.3364999,1.4719701,-0.6958,39.12,1.0,4.3482785,1
16:11:30.027277,112,0.6841368,1.3271679,1.4810078,-0.6958,55.36,1.0,2.842072,1
16:11:30.027277,112,0.63061136,1.4504054,0.7381781,-0.76552004,5.7599998,0.576,2.3689818,1
16:11:30.027277,112,0.68601346,1.4090854,1.3234549,-0.90468,70.76,1.0,0.3810072,1
16:11:30.027277,112,0.6229317,1.4273804,1.3011506,-0.76552004,60.12,1.0,0.7565744,1
16:11:30.027277,112,0.6568068,1.4434239,1.2132868,-0.90468,104.52,1.0,0.052650988,1
16:11:30.027277,112,0.67032564,1.267655,1.5034914,-0.6958,14.759999,1.0,6.8539658,1
16:11:30.027277,112,0.73306847,1.4108771,0.74876964,-0.76552004,5.24,0.524,1.964594,1
16:11:30.027277,112,0.6275515,1.3579007,1.4890642,-0.6958,33.12,1.0,3.0263166,1
16:11:30.027277,112,0.6407957,1.4496908,1.2116076,-0.90468,112.64,1.0,0.15897325,1
16:11:30.027277,112,0.7044398,1.4236995,1.2185719,-0.90468,51.879997,1.0,0.30628502,1
16:11:30.027277,112,0.61128193,1.5429823,1.0817403,-0.90468,20.52,1.0,1.6293958,1
16:11:30.027277,112,0.5766006,1.5544567,1.0786657,-0.76552004,17.119999,1.0,2.3103266,1
16:11:30.027277,112,0.6130817,1.3638926,1.4874587,-0.6958,26.88,1.0,3.3307583,1
16:11:30.027277,112,0.61354977,1.5199946,1.1784798,-0.90468,64.119995,1.0,1.0810542,1
16:11:30.027277,112,0.7115109,1.3802714,1.4602416,-0.6958,73.52,1.0,1.362261,1
16:11:30.027277,112,0.6539974,1.4150459,1.3044556,-0.90468,66.0,1.0,0.39180484,1
16:11:30.027277,112,0.6420623,1.54909,0.9852703,-0.90468,13.12,1.0,1.9993063,1
16:11:30.027277,112,0.5434397,1.4840176,1.2024097,-0.83496004,38.239998,1.0,2.9443598,1
16:11:30.027277,112,0.7262045,1.3733277,1.462102,-0.6958,76.88,1.0,1.6699396,1
16:11:30.027277,112,0.66943294,1.4086541,1.3061683,-0.90468,69.88,1.0,0.34914136,1
16:11:30.027277,112,0.69688547,1.5113859,1.0902065,-0.83496004,22.359999,1.0,1.8308583,1
16:11:30.027277,112,0.730651,1.4975965,1.0939014,-0.6958,11.5199995,1.0,2.623146,1
16:11:30.027277,112,0.7118874,1.5229303,0.99227977,-0.83496004,10.88,1.0,2.756237,1
16:11:30.027277,112,0.74637985,1.508844,0.9960542,-0.83496004,7.64,0.764,3.7567642,1
16:11:30.027277,112,0.75537235,1.3590163,1.4659368,-0.6958,67.0,1.0,2.518085,1
16:11:30.027277,112,0.6699401,1.3337077,1.4792554,-0.6958,48.52,1.0,2.8235898,1
16:11:30.027277,112,0.5959362,1.4622533,0.7350034,-0.76552004,5.52,0.552,3.4447784,1
16:11:30.027277,112,0.6991912,1.4247121,0.74506253,-0.76552004,5.24,0.524,1.6476833,1
16:11:30.027277,112,0.7386434,1.4336995,1.1278565,-0.6958,19.64,1.0,1.0929233,1
16:11:30.027277,112,0.52701396,1.4891876,1.2010244,-0.83496004,29.64,1.0,3.786103,1
16:11:30.027277,112,0.73584557,1.4097869,1.2222998,-0.90468,31.64,1.0,0.9327161,1
16:11:30.027277,112,0.76351494,1.5015517,0.99800813,-0.83496004,6.7599998,0.676,4.404089,1
16:11:30.027277,112,0.6520399,1.4066167,1.4531823,-0.76552004,46.239998,1.0,0.9463114,1
16:11:30.027277,112,0.7201787,1.416819,1.2204156,-0.90468,40.12,1.0,0.5750681,1
16:11:30.027277,112,0.7408255,1.3662425,1.4640006,-0.6958,74.36,1.0,2.0557563,1
16:11:30.027277,112,0.6754051,1.4697104,1.1365753,-0.90468,56.64,1.0,0.23463733,1
16:11:30.027277,112,0.6336063,1.507454,0.91938645,-0.76552004,12.36,1.0,0.9507994,1
16:11:30.027277,112,0.6727523,1.4370025,1.2150074,-0.90468,86.52,1.0,0.043099497,1
16:11:30.027277,112,0.7547119,1.4264871,1.1297891,-0.6958,14.24,1.0,1.573494,1
16:11:30.027277,112,0.7291701,1.5159705,0.9941447,-0.83496004,8.76,0.876,3.2066863,1
16:11:30.027277,112,0.7123235,1.3136787,1.4846222,-0.6958,57.52,1.0,3.1191,1
16:11:30.027277,112,0.6886305,1.4304276,1.2167692,-0.90468,67.52,1.0,0.12830712,1
16:11:30.027277,112,0.7788156,1.2608441,1.45001,-0.6958,29.64,1.0,5.6760154,1
16:11:30.027277,112,0.58125585,1.5250574,0.91466963,-0.76552004,10.24,1.0,2.0917482,1
16:11:30.027277,112,0.72631073,1.3067306,1.4864839,-0.6958,51.879997,1.0,3.3746526,1
16:11:30.027277,112,0.5287767,1.5475855,1.1710869,-0.83496004,16.76,1.0,3.575325,1
16:11:30.027277,112,0.6918021,1.4631071,1.1383446,-0.90468,40.12,1.0,0.3708501,1
16:11:30.027277,112,0.6596193,1.5428034,0.9869548,-0.83496004,13.24,1.0,2.0268865,1
16:11:30.027277,112,0.55981106,1.4786893,1.2038375,-0.83496004,50.239998,1.0,2.2140207,1
16:11:30.079671,113,0.5923843,1.4675596,1.2068197,-0.83496004,84.24,1.0,1.2878096,1
16:11:30.079671,113,0.6023996,1.4037879,1.2381972,-0.83496004,81.0,1.0,1.2382998,1
16:11:30.079671,113,0.64241016,1.4824399,1.1331644,-0.83496004,44.879997,1.0,0.96569246,1
16:11:30.079671,113,0.66762245,1.3167601,1.4350272,-0.6958,71.64,1.0,1.1309688,1
16:11:30.079671,113,0.5700055,1.5163629,1.0133905,-0.6958,17.119999,1.0,3.2948189,1
16:11:30.079671,113,0.67032564,1.267655,1.5034914,-0.6958,29.519999,1.0,2.8140354,1
16:11:30.079671,113,0.62853175,1.5369945,1.0833447,-0.83496004,20.24,1.0,2.7095401,1
16:11:30.079671,113,0.7671803,1.3341469,1.4218799,-0.6958,46.879997,1.0,2.94983,1
16:11:30.079671,113,0.6848016,1.4021136,1.3079208,-0.76552004,106.759995,1.0,0.27435544,1
16:11:30.079671,113,0.6534081,1.3231401,1.4333178,-0.76552004,60.239998,1.0,1.1631207,1
16:11:30.079671,113,0.7138039,1.5045727,1.0920321,-0.83496004,15.24,1.0,3.4372077,1
16:11:30.079671,113,0.5720028,1.448576,1.1584386,-0.83496004,70.52,1.0,2.3171165,1
16:11:30.079671,113,0.6501335,1.3932157,1.2582952,-0.83496004,109.24,1.0,0.12599176,1
16:11:30.079671,113,0.6156852,1.2925022,1.4968337,-0.6958,23.76,1.0,3.3895268,1
16:11:30.079671,113,0.7527591,1.3414876,1.4199129,-0.6958,58.359997,1.0,2.3301733,1
16:11:30.079671,113,0.65894055,1.4761548,1.1348486,-0.83496004,42.239998,1.0,0.89822143,1
16:11:30.079671,113,0.7788156,1.2608441,1.45001,-0.6958,27.76,1.0,3.8552322,1
16:11:30.079671,113,0.64571875,1.5308403,1.0849937,-0.83496004,20.24,1.0,2.6248324,1
16:11:30.079671,113,0.7655131,1.3940157,1.3798717,-0.6958,53.52,1.0,3.973208,1
16:11:30.079671,113,0.73826253,1.3486887,1.4179834,-0.6958,72.24,1.0,1.7900068,1
16:11:30.079671,113,0.723798,1.2898762,1.4422307,-0.6958,55.879997,1.0,1.8533353,1
16:11:30.079671,113,0.7090494,1.3626692,1.4142374,-0.6958,97.759995,1.0,0.9555841,1
16:11:30.079671,113,0.73584557,1.4097869,1.2222998,-0.76552004,56.76,1.0,1.4196253,1
16:11:30.079671,113,0.53955,1.4593132,1.1555616,-0.83496004,62.879997,1.0,3.988122,1
16:11:30.079671,113,0.60186774,1.2983825,1.495258,-0.6958,20.52,1.0,3.74932,1
16:11:30.079671,113,0.59671116,1.5258398,1.1769136,-0.83496004,45.36,1.0,2.4834378,1
16:11:30.079671,113,0.5232418,1.4644461,1.1541861,-0.83496004,55.64,1.0,5.0067544,1
16:11:30.079671,113,0.61354977,1.5199946,1.1784798,-0.83496004,45.879997,1.0,2.2134092,1
16:11:30.079671,113,0.730651,1.4975965,1.0939014,-0.83496004,14.0,1.0,3.9149942,1
16:11:30.079671,113,0.57612646,1.4732032,1.2053075,-0.83496004,77.88,1.0,1.8128073,1
16:11:30.079671,113,0.59798044,1.364332,1.4710497,-0.76552004,30.24,1.0,1.5659382,1
16:11:30.079671,113,0.6948369,1.2382649,1.4645486,-0.6958,26.0,1.0,3.9094987,1
16:11:30.079671,113,0.6407957,1.4496908,1.2116076,-0.83496004,91.119995,1.0,0.38798887,1
16:11:30.079671,113,0.6386104,1.4459394,0.84110564,-0.6958,7.7599998,0.77599996,2.9360514,1
16:11:30.079671,113,0.6886305,1.4304276,1.2167692,-0.76552004,80.36,1.0,0.45237562,1
16:11:30.079671,113,0.57981277,1.531522,1.1753911,-0.83496004,43.64,1.0,2.87187,1
16:11:30.079671,113,0.6216126,1.4520259,0.8394748,-0.6958,8.12,0.812,3.5218682,1
16:11:30.079671,113,0.58340335,1.3700377,1.4695208,-0.76552004,24.24,1.0,1.9799612,1
16:11:30.079671,113,0.7201787,1.416819,1.2204156,-0.76552004,64.76,1.0,1.0006173,1
16:11:30.079671,113,0.5712187,1.4151245,1.2351595,-0.83496004,69.76,1.0,2.4261668,1
16:11:30.079671,113,0.7317831,1.3885416,1.3289596,-0.6958,74.64,1.0,1.478543,1
16:11:30.079671,113,0.63394004,1.3889426,1.3903323,-0.76552004,70.0,1.0,0.37135726,1
16:11:30.079671,113,0.63097507,1.3695575,1.3450809,-0.83496004,57.0,1.0,0.63699967,1
16:11:30.079671,113,0.7098592,1.2968004,1.4403754,-0.6958,68.0,1.0,1.5485647,1
16:11:30.079671,113,0.7641243,1.4831576,1.0977703,-0.83496004,12.639999,1.0,5.18212,1
16:11:30.079671,113,0.68145585,1.2449119,1.4627675,-0.6958,28.359999,1.0,3.8229494,1
16:11:30.079671,113,0.54584384,1.5423954,1.1724775,-0.83496004,38.0,1.0,4.014185,1
16:11:30.079671,113,0.61790043,1.3978943,1.2397764,-0.83496004,92.36,1.0,0.80724096,1
16:11:30.079671,113,0.59397095,1.5488033,1.0801805,-0.83496004,18.52,1.0,3.242908,1
16:11:30.079671,113,0.6489022,1.3827469,1.3919926,-0.76552004,84.0,1.0,0.273258,1
16:11:30.079671,113,0.7165977,1.3955368,1.3270853,-0.76552004,86.64,1.0,1.052984,1
16:11:30.079671,113,0.6568068,1.4434239,1.2132868,-0.83496004,90.24,1.0,0.30537486,1
16:11:30.079671,113,0.6798973,1.5180353,1.0884248,-0.83496004,17.359999,1.0,2.8060498,1
16:11:30.079671,113,0.70814854,1.231489,1.4663641,-0.6958,23.0,1.0,4.076166,1
16:11:30.079671,113,0.6786303,1.3699236,1.3954285,-0.76552004,96.0,1.0,0.35571727,1
16:11:30.079671,113,0.65676266,1.2740644,1.501774,-0.6958,28.88,1.0,2.8316083,1
16:11:30.079671,113,0.6247848,1.335487,1.4300094,-0.76552004,48.36,1.0,1.4950392,1
16:11:30.079671,113,0.6333395,1.3918512,1.2413956,-0.83496004,102.52,1.0,0.4819367,1
16:11:30.079671,113,0.6654778,1.3868617,1.2599977,-0.83496004,110.88,1.0,0.041660544,1
16:11:30.079671,113,0.75040495,1.4013371,1.37791,-0.6958,63.359997,1.0,3.2893054,1
16:11:30.079671,113,0.5628565,1.5370407,1.1739123,-0.83496004,41.0,1.0,3.3812633,1
16:11:30.079671,113,0.61249775,1.3584858,1.4726162,-0.76552004,38.239998,1.0,1.2460358,1
16:11:30.079671,113,0.7957913,1.3190491,1.4259253,-0.6958,37.64,1.0,4.420314,1
16:11:30.079671,113,0.7651746,1.2683011,1.4480118,-0.6958,35.0,1.0,3.2406406,1
16:11:30.129282,114,0.9438637,1.2872311,-0.20085435,-1.04384,25.119999,1.0,3.3525236,1
16:11:30.129282,114,0.77164185,1.5180632,1.1647074,-0.6958,7.12,0.712,9.182302,1
16:11:30.129282,114,0.6534081,1.3231401,1.4333178,-0.6958,57.239998,1.0,1.0593634,1
16:11:30.129282,114,0.7601052,1.1663506,0.7117736,-0.55664,7.12,0.712,3.7615244,1
16:11:30.129282,114,0.7307546,1.1807517,0.7079148,-0.55664,6.7599998,0.676,3.5620372,1
16:11:30.129282,114,0.6861844,1.2012831,0.70241344,-0.55664,7.24,0.724,3.8444562,1
16:11:30.129282,114,0.70111173,1.1945829,0.70420873,-0.55664,7.12,0.712,3.6715689,1
16:11:30.129282,114,0.59994125,1.3747003,1.3269429,-0.6958,99.119995,1.0,1.3088872,1
16:11:30.129282,114,0.64313406,1.2803425,1.5000918,-0.62636,29.0,1.0,1.4095193,1
16:11:30.129282,114,0.71596897,1.1877389,0.7060426,-0.55664,6.7599998,0.676,3.5777278,1
16:11:30.129282,114,0.78842825,1.5105286,1.1667262,-0.6958,6.8799996,0.68799996,9.74619,1
16:11:30.129282,114,0.74022526,1.2996477,1.4883817,-0.62636,50.879997,1.0,3.0066159,1
16:11:30.129282,114,0.67032564,1.267655,1.5034914,-0.62636,35.52,1.0,1.6263194,1
16:11:30.129282,114,0.69584936,1.3035895,1.4385563,-0.62636,64.119995,1.0,1.520407,1
16:11:30.129282,114,0.68382156,1.261115,1.5052438,-0.62636,37.0,1.0,1.8244617,1
16:11:30.129282,114,0.7123235,1.3136787,1.4846222,-0.62636,61.359997,1.0,2.2027135,1
16:11:30.129282,114,0.6681875,1.202159,1.5275782,-0.62636,8.88,0.88799995,2.9023974,1
16:11:30.129282,114,0.6972491,1.2544448,1.5070311,-0.62636,36.64,1.0,2.0814068,1
16:11:30.129282,114,0.72631073,1.3067306,1.4864839,-0.62636,56.64,1.0,2.5748816,1
16:11:30.129282,114,0.71060693,1.2476454,1.508853,-0.62636,34.76,1.0,2.3963866,1
16:11:30.129282,114,0.734558,1.217553,1.4700984,-0.62636,31.519999,1.0,3.1084237,1
16:11:30.129282,114,0.9240507,1.3747272,-0.07555682,-1.04384,15.5199995,1.0,3.0094967,1
16:11:30.129282,114,0.65676266,1.2740644,1.501774,-0.62636,32.64,1.0,1.487749,1
16:11:30.129282,114,0.65612537,1.2142493,0.6989392,-0.55664,7.12,0.712,4.430945,1
16:11:30.129282,114,0.7296091,1.4745674,1.190652,-0.76552004,7.64,0.764,5.0053415,1
16:11:30.129282,114,0.92568684,1.2962604,-0.20327373,-1.04384,28.519999,1.0,2.8127596,1
16:11:30.129282,114,0.6247205,1.4558029,1.2099699,-0.76552004,36.0,1.0,2.3999417,1
16:11:30.129282,114,0.472946,1.4215645,1.1818765,-0.6958,58.52,1.0,6.610312,1
16:11:30.129282,114,0.73323715,1.4548349,-0.097021595,-1.04384,15.36,1.0,2.8744133,1
16:11:30.129282,114,0.7507018,1.4894869,-0.14696948,-1.04384,26.519999,1.0,3.4032273,1
16:11:30.129282,114,0.48877078,1.4169197,1.1831212,-0.6958,66.0,1.0,5.668501,1
16:11:30.129282,114,0.7720482,1.4402945,-0.0931255,-1.04384,17.64,1.0,1.9854817,1
16:11:30.129282,114,0.79043716,1.4746001,-0.14298059,-1.04384,29.76,1.0,2.6704335,1
16:11:30.129282,114,0.5045467,1.4121222,1.1844066,-0.6958,73.52,1.0,4.8094077,1
16:11:30.129282,114,0.7913388,1.4327438,-0.09110231,-1.04384,19.359999,1.0,1.717935,1
16:11:30.129282,114,0.5240229,1.4309946,1.2309072,-0.6958,80.24,1.0,3.9081817,1
16:11:30.129282,114,0.81055033,1.4250072,-0.0890293,-1.04384,20.52,1.0,1.5663676,1
16:11:30.129282,114,0.81474626,1.3467094,-0.21679151,-1.04384,32.52,1.0,1.8542678,1
16:11:30.129282,114,0.8528406,1.3698943,-0.2661812,-1.04384,21.119999,1.0,1.7443517,1
16:11:30.129282,114,0.905354,1.3835627,-0.07792427,-1.04384,17.64,1.0,2.4963415,1
16:11:30.129282,114,0.5712187,1.4151245,1.2351595,-0.6958,90.0,1.0,2.2267778,1
16:11:30.129282,114,0.8334509,1.3387492,-0.21465856,-1.04384,33.76,1.0,1.7354958,1
16:11:30.129282,114,0.8676909,1.4006896,-0.0825134,-1.04384,19.52,1.0,1.7927305,1
16:11:30.129282,114,0.8593729,1.1274012,-0.17030075,-0.20888,7.8799996,0.788,8.762586,1
16:11:30.129282,114,0.88905734,1.3137901,-0.2079708,-1.04384,31.519999,1.0,2.0532937,1
16:11:30.129282,114,0.8487283,1.4089793,-0.084734626,-1.04384,20.52,1.0,1.6052493,1
16:11:30.129282,114,0.53980935,1.4258566,1.2322838,-0.6958,85.759995,1.0,3.268352,1
16:11:30.129282,114,0.87223035,1.4010395,-0.31770384,-1.04384,5.64,0.564,2.1583354,1
16:11:30.129282,114,0.8706083,1.3222886,-0.210248,-1.04384,33.36,1.0,1.8364242,1
16:11:30.129282,114,0.71596897,1.1877389,0.7060426,-0.55664,6.7599998,0.676,3.5777278,1
16:11:30.129282,114,0.734558,1.217553,1.4700984,-0.62636,31.519999,1.0,3.1084237,1
16:11:30.129282,114,0.53980935,1.4258566,1.2322838,-0.6958,85.759995,1.0,3.268352,1
16:11:30.129282,114,0.48877078,1.4169197,1.1831212,-0.6958,66.0,1.0,5.668501,1
16:11:30.129282,114,0.6972491,1.2544448,1.5070311,-0.62636,36.64,1.0,2.0814068,1
16:11:30.129282,114,0.79043716,1.4746001,-0.14298059,-1.04384,29.76,1.0,2.6704335,1
16:11:30.129282,114,0.8676909,1.4006896,-0.0825134,-1.04384,19.52,1.0,1.7927305,1
16:11:30.129282,114,0.8487283,1.4089793,-0.084734626,-1.04384,20.52,1.0,1.6052493,1
16:11:30.129282,114,0.472946,1.4215645,1.1818765,-0.6958,58.52,1.0,6.610312,1
16:11:30.129282,114,0.7507018,1.4894869,-0.14696948,-1.04384,26.519999,1.0,3.4032273,1
16:11:30.129282,114,0.53980935,1.4258566,1.2322838,-0.6958,85.759995,1.0,3.268352,1
16:11:30.129282,114,0.8706083,1.3222886,-0.210248,-1.04384,33.36,1.0,1.8364242,1
16:11:30.129282,114,0.81474626,1.3467094,-0.21679151,-1.04384,32.52,1.0,1.8542678,1
16:11:30.129282,114,0.734558,1.217553,1.4700984,-0.62636,31.519999,1.0,3.1084237,1
16:11:30.129282,114,0.92568684,1.2962604,-0.20327373,-1.04384,28.519999,1.0,2.8127596,1
16:11:30.180244,115,0.7262191,1.3293352,-0.09099538,-0.62636,21.24,1.0,2.9838324,1
16:11:30.180244,115,0.73560697,1.5228221,-0.52314466,-0.55664,20.64,1.0,0.69628346,1
16:11:30.180244,115,0.7934134,1.4874972,-0.54003006,-0.55664,13.759999,1.0,3.3918388,1
16:11:30.180244,115,0.778499,1.4953569,-0.54003006,-0.55664,16.119999,1.0,2.208775,1
16:11:30.180244,115,0.76591426,1.5078065,-0.52314466,-0.55664,18.52,1.0,1.5097535,1
16:11:30.180244,115,0.6764632,1.4003853,-0.283001,-0.6958,16.52,1.0,1.4632684,1
16:11:30.180244,115,0.7673824,1.5488633,-0.6114486,-0.55664,10.12,1.0,1.7275934,1
16:11:30.180244,115,0.7203422,1.530102,-0.52314466,-0.55664,22.0,1.0,0.75464207,1
16:11:30.180244,115,0.68163776,1.2779394,-0.13070588,-0.62636,18.24,1.0,5.60244,1
16:11:30.180244,115,0.68959814,1.5442019,-0.52314466,-0.55664,22.0,1.0,1.8053724,1
16:11:30.180244,115,0.6669829,1.4935601,-0.48812047,-0.55664,41.64,1.0,1.6211087,1
16:11:30.180244,115,0.7049628,1.5371358,-0.85901207,-0.55664,8.24,0.824,0.13563454,1
16:11:30.180244,115,0.6040225,1.4694449,-0.42264044,-0.48720002,41.12,1.0,6.8176894,1
16:11:30.180244,115,0.74239177,1.7559216,-1.8485872,-0.20888,12.88,1.0,3.6234064,1
16:11:30.180244,115,0.7247091,1.7140982,-1.8045566,-0.20888,11.5199995,1.0,3.2833188,1
16:11:30.180244,115,0.7239699,1.812586,-1.8926177,-1.32216,9.24,0.92399997,5.0634875,1
16:11:30.180244,115,0.7050054,1.5372288,-0.52314466,-0.55664,22.359999,1.0,1.1241102,1
16:11:30.180244,115,0.7247091,1.7140982,-1.8045566,-0.20888,11.5199995,1.0,3.2833188,1
16:11:30.180244,115,0.7934134,1.4874972,-0.54003006,-0.55664,13.759999,1.0,3.3918388,1
16:11:30.180244,115,0.73560697,1.5228221,-0.52314466,-0.55664,20.64,1.0,0.69628346,1
16:11:30.180244,115,0.778499,1.4953569,-0.54003006,-0.55664,16.119999,1.0,2.208775,1
16:11:30.180244,115,0.7239699,1.812586,-1.8926177,-1.32216,9.24,0.92399997,5.0634875,1
16:11:30.180244,115,0.7262191,1.3293352,-0.09099538,-0.62636,21.24,1.0,2.9838324,1
16:11:30.180244,115,0.74239177,1.7559216,-1.8485872,-0.20888,12.88,1.0,3.6234064,1
16:11:30.180244,115,0.6669829,1.4935601,-0.48812047,-0.55664,41.64,1.0,1.6211087,1
16:11:30.180244,115,0.778499,1.4953569,-0.54003006,-0.55664,16.119999,1.0,2.208775,1
16:11:30.180244,115,0.6040225,1.4694449,-0.42264044,-0.48720002,41.12,1.0,6.8176894,1
16:11:30.180244,115,0.7239699,1.812586,-1.8926177,-1.32216,9.24,0.92399997,5.0634875,1
16:11:30.180244,115,0.68959814,1.5442019,-0.52314466,-0.55664,22.0,1.0,1.8053724,1
16:11:30.180244,115,0.7673824,1.5488633,-0.6114486,-0.55664,10.12,1.0,1.7275934,1
16:11:30.180244,115,0.6764632,1.4003853,-0.283001,-0.6958,16.52,1.0,1.4632684,1
16:11:30.180244,115,0.68959814,1.5442019,-0.52314466,-0.55664,22.0,1.0,1.8053724,1
16:11:30.180244,115,0.7050054,1.5372288,-0.52314466,-0.55664,22.359999,1.0,1.1241102,1
16:11:30.180244,115,0.6764632,1.4003853,-0.283001,-0.6958,16.52,1.0,1.4632684,1
16:11:30.180244,115,0.6669829,1.4935601,-0.48812047,-0.55664,41.64,1.0,1.6211087,1
16:11:30.180244,115,0.7934134,1.4874972,-0.54003006,-0.55664,13.759999,1.0,3.3918388,1
16:11:30.180244,115,0.68959814,1.5442019,-0.52314466,-0.55664,22.0,1.0,1.8053724,1
16:11:30.180244,115,0.68163776,1.2779394,-0.13070588,-0.62636,18.24,1.0,5.60244,1
16:11:30.180244,115,0.68163776,1.2779394,-0.13070588,-0.62636,18.24,1.0,5.60244,1
16:11:30.180244,115,0.7239699,1.812586,-1.8926177,-1.32216,9.24,0.92399997,5.0634875,1
16:11:30.180244,115,0.7049628,1.5371358,-0.85901207,-0.55664,8.24,0.824,0.13563454,1
16:11:30.180244,115,0.6669829,1.4935601,-0.48812047,-0.55664,41.64,1.0,1.6211087,1
16:11:30.180244,115,0.7049628,1.5371358,-0.85901207,-0.55664,8.24,0.824,0.13563454,1
16:11:30.180244,115,0.7262191,1.3293352,-0.09099538,-0.62636,21.24,1.0,2.9838324,1
16:11:30.180244,115,0.7262191,1.3293352,-0.09099538,-0.62636,21.24,1.0,2.9838324,1
16:11:30.180244,115,0.68163776,1.2779394,-0.13070588,-0.62636,18.24,1.0,5.60244,1
16:11:30.180244,115,0.76591426,1.5078065,-0.52314466,-0.55664,18.52,1.0,1.5097535,1
16:11:30.180244,115,0.76591426,1.5078065,-0.52314466,-0.55664,18.52,1.0,1.5097535,1
16:11:30.180244,115,0.68163776,1.2779394,-0.13070588,-0.62636,18.24,1.0,5.60244,1
16:11:30.180244,115,0.7203422,1.530102,-0.52314466,-0.55664,22.0,1.0,0.75464207,1
16:11:30.180244,115,0.6764632,1.4003853,-0.283001,-0.6958,16.52,1.0,1.4632684,1
16:11:30.180244,115,0.76591426,1.5078065,-0.52314466,-0.55664,18.52,1.0,1.5097535,1
16:11:30.180244,115,0.7673824,1.5488633,-0.6114486,-0.55664,10.12,1.0,1.7275934,1
16:11:30.180244,115,0.68163776,1.2779394,-0.13070588,-0.62636,18.24,1.0,5.60244,1
16:11:30.180244,115,0.7239699,1.812586,-1.8926177,-1.32216,9.24,0.92399997,5.0634875,1
16:11:30.180244,115,0.7262191,1.3293352,-0.09099538,-0.62636,21.24,1.0,2.9838324,1
16:11:30.180244,115,0.68163776,1.2779394,-0.13070588,-0.62636,18.24,1.0,5.60244,1
16:11:30.180244,115,0.7239699,1.812586,-1.8926177,-1.32216,9.24,0.92399997,5.0634875,1
16:11:30.180244,115,0.6669829,1.4935601,-0.48812047,-0.55664,41.64,1.0,1.6211087,1
16:11:30.180244,115,0.6764632,1.4003853,-0.283001,-0.6958,16.52,1.0,1.4632684,1
16:11:30.180244,115,0.778499,1.4953569,-0.54003006,-0.55664,16.119999,1.0,2.208775,1
16:11:30.180244,115,0.68959814,1.5442019,-0.52314466,-0.55664,22.0,1.0,1.8053724,1
16:11:30.180244,115,0.7239699,1.812586,-1.8926177,-1.32216,9.24,0.92399997,5.0634875,1
16:11:30.180244,115,0.76591426,1.5078065,-0.52314466,-0.55664,18.52,1.0,1.5097535,1
16:11:30.244152,116,0.6661968,1.2309196,1.2652963,-0.55664,63.52,1.0,0.59498084,1
16:11:30.244152,116,0.6429986,1.2197595,1.5378498,-0.62636,32.0,1.0,2.1413524,1
16:11:30.244152,116,0.5461992,1.3400635,1.219851,-0.48720002,61.64,1.0,1.5054271,1
16:11:30.244152,116,0.7659593,1.1313021,1.5016978,-0.62636,28.119999,1.0,5.3304524,1
16:11:30.244152,116,0.6681875,1.202159,1.5275782,-0.62636,44.64,1.0,2.4116583,1
16:11:30.244152,116,0.71596897,1.1877389,0.7060426,-0.76552004,5.12,0.51199996,2.414658,1
16:11:30.244152,116,0.5381415,1.2758011,1.2374345,-0.48720002,81.0,1.0,2.9075584,1
16:11:30.244152,116,0.7323491,1.314207,1.1935424,-0.55664,14.24,1.0,1.8823013,1
16:11:30.244152,116,0.7454672,1.173622,0.7098252,-0.76552004,5.0,0.5,2.623729,1
16:11:30.244152,116,0.74394697,1.1612263,1.5385461,-0.62636,40.239998,1.0,4.4242983,1
16:11:30.244152,116,0.7441181,1.3701646,1.1617146,-0.48720002,11.24,1.0,3.9759147,1
16:11:30.244152,116,0.5081841,1.4359798,1.2295713,-0.62636,18.359999,1.0,2.9211822,1
16:11:30.244152,116,0.5868385,1.4095315,1.2366582,-0.55664,45.64,1.0,1.1162864,1
16:11:30.244152,116,0.650408,1.4105871,1.1508834,-0.55664,27.88,1.0,1.7930515,1
16:11:30.244152,116,0.6345529,1.416793,1.1492206,-0.55664,26.119999,1.0,1.6858256,1
16:11:30.244152,116,0.6635493,1.13729,1.551497,-0.62636,17.88,1.0,4.720338,1
16:11:30.244152,116,0.5238179,1.28093,1.2360603,-0.48720002,68.119995,1.0,3.5090816,1
16:11:30.244152,116,0.7175312,1.3212094,1.191666,-0.55664,19.64,1.0,1.462202,1
16:11:30.244152,116,0.7314991,1.1683522,1.5366367,-0.62636,46.52,1.0,3.9606073,1
16:11:30.244152,116,0.6384828,1.2435223,1.2619195,-0.55664,89.64,1.0,0.571713,1
16:11:30.244152,116,0.6910494,1.2724477,1.2214991,-0.55664,36.76,1.0,0.37049732,1
16:11:30.244152,116,0.7063851,1.1822416,1.5329151,-0.62636,51.0,1.0,3.183968,1
16:11:30.244152,116,0.65594435,1.2134861,1.5395308,-0.62636,38.239998,1.0,2.2454655,1
16:11:30.244152,116,0.657557,1.3477776,1.1845471,-0.55664,53.879997,1.0,0.4507641,1
16:11:30.244152,116,0.6055991,1.3178095,1.225814,-0.55664,120.36,1.0,0.22509919,1
16:11:30.244152,116,0.5611348,1.3347155,1.221284,-0.48720002,80.36,1.0,1.0719284,1
16:11:30.244152,116,0.6523724,1.2372879,1.26359,-0.55664,76.119995,1.0,0.5511838,1
16:11:30.244152,116,0.57601434,1.3292234,1.2227556,-0.48720002,101.64,1.0,0.71495867,1
16:11:30.244152,116,0.62998855,1.2259076,1.5362023,-0.62636,26.519999,1.0,2.0944395,1
16:11:30.244152,116,0.6937215,1.1890036,1.5311033,-0.62636,52.36,1.0,2.8731174,1
16:11:30.244152,116,0.7053204,1.2657038,1.2233062,-0.55664,28.64,1.0,0.61807156,1
16:11:30.244152,116,0.64407206,1.3621619,1.1977935,-0.55664,68.64,1.0,0.5145286,1
16:11:30.244152,116,0.53980935,1.4258566,1.2322838,-0.55664,28.0,1.0,1.9519825,1
16:11:30.244152,116,0.5948836,1.2539098,1.2433002,-0.55664,110.24,1.0,1.2329261,1
16:11:30.244152,116,0.62024903,1.4313003,1.1630676,-0.55664,23.24,1.0,1.9056604,1
16:11:30.244152,116,0.5094419,1.2859203,1.2347231,-0.48720002,56.879997,1.0,4.1862435,1
16:11:30.244152,116,0.6623015,1.2855206,1.2179962,-0.55664,63.76,1.0,0.06985507,1
16:11:30.244152,116,0.48942858,1.3829823,1.2580055,-0.48720002,29.24,1.0,3.4601605,1
16:11:30.244152,116,0.55981106,1.4786893,1.2038375,-0.48720002,15.0,1.0,3.0418227,1
16:11:30.244152,116,0.6661982,1.4042282,1.1525873,-0.55664,27.64,1.0,1.9762754,1
16:11:30.244152,116,0.49501494,1.2907715,1.2334232,-0.48720002,47.52,1.0,4.9402885,1
16:11:30.244152,116,0.72867674,1.3772777,1.1598086,-0.55664,15.5199995,1.0,3.4368691,1
16:11:30.244152,116,0.5980879,1.3801608,1.1929706,-0.55664,58.12,1.0,0.6452207,1
16:11:30.244152,116,0.70111173,1.1945829,0.70420873,-0.76552004,5.0,0.5,2.418585,1
16:11:30.244152,116,0.5807838,1.2595879,1.2417789,-0.55664,111.52,1.0,1.5443574,1
16:11:30.244152,116,0.6639798,1.228046,1.4051553,-0.55664,68.36,1.0,1.1431587,1
16:11:30.244152,116,0.71316254,1.3842413,1.1579427,-0.55664,20.24,1.0,2.9657826,1
16:11:30.244152,116,0.58814424,1.4429729,1.1599399,-0.55664,17.359999,1.0,2.028776,1
16:11:30.244152,116,0.68192166,1.3977172,1.1543318,-0.55664,24.76,1.0,2.23388,1
16:11:30.244152,116,0.62880635,1.3683095,1.1961462,-0.55664,75.36,1.0,0.48343372,1
16:11:30.244152,116,0.6332886,1.2980354,1.2146429,-0.55664,83.88,1.0,0.037532344,1
16:11:30.244152,116,0.75370395,1.1386416,1.4997312,-0.62636,33.88,1.0,4.8029747,1
16:11:30.244152,116,0.6134778,1.3743093,1.1945386,-0.55664,70.24,1.0,0.52649766,1
16:11:30.244152,116,0.5666259,1.2651294,1.240294,-0.55664,105.36,1.0,1.9264427,1
16:11:30.244152,116,0.6105134,1.255587,1.2586867,-0.55664,102.119995,1.0,0.8107138,1
16:11:30.244152,116,0.68098855,1.195643,1.5293242,-0.62636,49.879997,1.0,2.615325,1
16:11:30.244152,116,0.5198867,1.3732327,1.2606179,-0.48720002,47.239998,1.0,2.1760876,1
16:11:30.244152,116,0.70264155,1.3280684,1.1898282,-0.55664,27.64,1.0,1.1075321,1
16:11:30.244152,116,0.6042268,1.4372141,1.1614829,-0.55664,20.24,1.0,1.9268433,1
16:11:30.244152,116,0.5240229,1.4309946,1.2309072,-0.62636,22.359999,1.0,2.3943546,1
16:11:30.244152,116,0.75948507,1.3629028,1.1636604,-0.62636,9.0,0.9,4.58133,1
16:11:30.244152,116,0.5524113,1.270534,1.2388458,-0.55664,94.119995,1.0,2.3804278,1
16:11:30.244152,116,0.62030137,1.3118888,1.2274004,-0.55664,105.759995,1.0,0.08945837,1
16:11:30.244152,116,0.66594166,1.4246391,1.0573189,-0.55664,6.0,0.59999996,2.792726,1
16:11:30.301604,117,0.7269768,1.0085621,-0.20230532,-1.25244,20.88,1.0,9.033204,1
16:11:30.301604,117,0.5892981,1.3157507,1.2098961,-0.48720002,26.24,1.0,3.9856992,1
16:11:30.301604,117,0.5644222,1.2496285,0.6894593,-0.62636,12.0,1.0,1.8526502,1
16:11:30.301604,117,0.58542335,1.2082665,0.8462423,-0.62636,23.0,1.0,0.97279733,1
16:11:30.301604,117,0.6959496,1.022307,-0.20598824,-1.25244,23.0,1.0,7.926493,1
16:11:30.301604,117,0.65612537,1.2142493,0.6989392,-0.76552004,10.639999,1.0,0.68974364,1
16:11:30.301604,117,0.62681764,1.1559874,1.5464871,-0.62636,44.239998,1.0,2.7653232,1
16:11:30.301604,117,0.5411952,1.2245913,0.8418681,-0.62636,22.119999,1.0,2.582288,1
16:11:30.301604,117,0.6401274,1.1498975,-0.08516101,-1.1830001,15.24,1.0,2.791158,1
16:11:30.301604,117,0.5900232,1.2386302,1.5178058,-0.55664,25.76,1.0,2.3787997,1
16:11:30.301604,117,0.69726324,1.1028175,1.5178188,-0.62636,61.64,1.0,2.9789631,1
16:11:30.301604,117,0.6826251,1.1107243,-0.0929018,-1.1830001,13.5199995,1.0,3.7338066,1
16:11:30.301604,117,0.64099663,1.2205139,0.69726056,-0.62636,11.88,1.0,0.6614474,1
16:11:30.301604,117,0.7039413,1.1668049,1.4921849,-0.55664,119.36,1.0,0.86870307,1
16:11:30.301604,117,0.70814854,1.231489,1.4663641,-0.55664,107.36,1.0,1.7468169,1
16:11:30.301604,117,0.67332464,1.1160568,1.5142714,-0.62636,73.64,1.0,2.8370118,1
16:11:30.301604,117,0.7164907,1.1599447,1.494023,-0.62636,110.88,1.0,1.0320551,1
16:11:30.301604,117,0.65449053,1.2578166,1.4593097,-0.55664,48.0,1.0,1.6775743,1
16:11:30.301604,117,0.59033495,1.1677268,-0.08993837,-1.1830001,14.0,1.0,2.8769407,1
16:11:30.301604,117,0.6423953,1.354056,1.1828648,-0.6958,17.359999,1.0,8.008802,1
16:11:30.301604,117,0.51559997,1.2182086,0.73041457,-0.62636,16.359999,1.0,3.8907816,1
16:11:30.301604,117,0.76632637,1.055293,1.5162834,-0.62636,18.76,1.0,5.161486,1
16:11:30.301604,117,0.66330254,1.1612245,0.74568343,-0.76552004,15.5199995,1.0,0.19255646,1
16:11:30.301604,117,0.6501485,1.1587816,-0.1518303,-1.1830001,24.88,1.0,3.3378587,1
16:11:30.301604,117,0.824609,1.1648201,1.484228,-0.62636,37.52,1.0,5.4737988,1
16:11:30.301604,117,0.70912856,1.0960251,1.5196388,-0.62636,49.64,1.0,3.1456234,1
16:11:30.301604,117,0.6069937,1.1619442,-0.088388905,-1.1830001,15.0,1.0,2.7362838,1
16:11:30.301604,117,0.6835409,1.1458987,-0.14837834,-1.1830001,24.519999,1.0,4.0392113,1
16:11:30.301604,117,0.60547787,1.1976807,-0.14354827,-1.1830001,21.88,1.0,3.2828991,1
16:11:30.301604,117,0.6409091,1.2640729,1.4576334,-0.55664,38.52,1.0,1.8246924,1
16:11:30.301604,117,0.66587585,1.1866535,1.4868664,-0.55664,91.64,1.0,0.7604352,1
16:11:30.301604,117,0.72092295,1.0891184,1.5214895,-0.62636,38.64,1.0,3.3751175,1
16:11:30.301604,117,0.6767093,1.2790536,1.2197291,-0.55664,19.24,1.0,3.1190128,1
16:11:30.301604,117,0.5798561,1.2441021,0.69094014,-0.62636,12.639999,1.0,1.4312476,1
16:11:30.301604,117,0.556842,1.1788081,-0.092907585,-1.1830001,12.36,1.0,3.5047393,1
16:11:30.301604,117,0.75484294,1.0626397,1.5143148,-0.62636,23.64,1.0,4.6843996,1
16:11:30.301604,117,0.6186865,1.304082,1.2130227,-0.48720002,27.119999,1.0,3.3974862,1
16:11:30.301604,117,0.75370395,1.1386416,1.4997312,-0.62636,54.0,1.0,1.8920534,1
16:11:30.301604,117,0.6105485,1.2326033,0.6940212,-0.62636,12.88,1.0,0.86651284,1
16:11:30.301604,117,0.6623015,1.2855206,1.2179962,-0.55664,22.64,1.0,3.079921,1
16:11:30.301604,117,0.61962163,1.179814,0.7407024,-0.62636,21.52,1.0,0.36335903,1
16:11:30.301604,117,0.57752043,1.1839883,1.5533199,-0.62636,21.52,1.0,4.1997714,1
16:11:30.301604,117,0.71477765,1.097226,-0.08928494,-1.1830001,11.88,1.0,4.724246,1
16:11:30.301604,117,0.6553196,1.2085512,1.5258654,-0.62636,71.119995,1.0,0.9128951,1
16:11:30.301604,117,0.5901888,1.1915003,0.73757106,-0.62636,23.119999,1.0,0.9117033,1
16:11:30.301604,117,0.6258038,1.2266321,0.6956212,-0.62636,12.639999,1.0,0.7198385,1
16:11:30.301604,117,0.61444676,1.1619823,1.5448807,-0.62636,34.52,1.0,3.0576127,1
16:11:30.301604,117,0.65707546,1.2588733,1.3055503,-0.55664,54.52,1.0,1.5955552,1
16:11:30.301604,117,0.6730051,1.1372131,-0.08176226,-1.1830001,14.759999,1.0,3.2809246,1
16:11:30.301604,117,0.6786326,1.1801599,1.4886063,-0.55664,110.88,1.0,0.7320033,1
16:11:30.301604,117,0.6491167,1.128831,1.5108485,-0.62636,67.24,1.0,2.9552636,1
16:11:30.301604,117,0.6293885,1.2209609,1.5225402,-0.55664,41.64,1.0,1.2952892,1
16:11:30.301604,117,0.6423862,1.2148186,1.5241861,-0.55664,54.239998,1.0,1.0707875,1
16:11:30.301604,117,0.6853282,1.1094949,1.5160296,-0.62636,71.24,1.0,2.8758469,1
16:11:30.301604,117,0.6777321,1.1547477,0.7474189,-0.41748002,12.24,1.0,0.30372283,1
16:11:30.301604,117,0.5400112,1.1841055,-0.09432703,-1.1830001,10.76,1.0,3.9960897,1
16:11:30.301604,117,0.6332886,1.2980354,1.2146429,-0.48720002,25.359999,1.0,3.217767,1
16:11:30.301604,117,0.5707372,1.2138504,0.8447461,-0.62636,22.88,1.0,1.419293,1
16:11:30.301604,117,0.61632794,1.2269773,1.5209281,-0.55664,32.36,1.0,1.5874217,1
16:11:30.301604,117,0.62256396,1.1917496,-0.14195906,-1.1830001,23.88,1.0,3.3163981,1
16:11:30.301604,117,0.7177479,1.1614746,0.5937941,-0.76552004,5.24,0.524,1.5503596,1
16:11:30.301604,117,0.8011719,1.103278,1.4942883,-0.62636,25.519999,1.0,3.9039834,1
16:11:30.301604,117,0.53062683,1.2131556,0.7317685,-0.62636,18.359999,1.0,3.104923,1
16:11:30.301604,117,0.7606736,1.2031096,1.4739684,-0.62636,93.24,1.0,2.8178833,1
16:11:30.359002,118,0.6792706,1.3728315,1.2464919,-0.55664,13.36,1.0,4.0816684,1
16:11:30.359002,118,0.68386006,1.1831021,1.3401431,-0.55664,105.119995,1.0,0.10745644,1
16:11:30.359002,118,0.6146185,1.1966746,0.84934837,-0.34804,8.5199995,0.852,1.5056351,1
16:11:30.359002,118,0.5901888,1.1915003,0.73757106,-0.55664,8.88,0.88799995,2.6485364,1
16:11:30.359002,118,0.73955405,1.3454182,1.2538372,-0.48720002,7.0,0.7,5.7046156,1
16:11:30.359002,118,0.69285315,1.280172,1.2358989,-0.55664,21.119999,1.0,1.4765224,1
16:11:30.359002,118,0.7229536,1.1627175,1.3456051,-0.62636,62.64,1.0,0.7298667,1
16:11:30.359002,118,0.6646547,1.0477769,1.5274347,-0.55664,34.52,1.0,2.922968,1
16:11:30.359002,118,0.6196008,1.0775021,1.5330906,-0.55664,30.88,1.0,3.3403888,1
16:11:30.359002,118,0.52897125,1.3104618,1.2917273,-0.48720002,45.12,1.0,3.2700353,1
16:11:30.359002,118,0.61735415,1.2145306,1.3317219,-0.55664,122.52,1.0,0.37038976,1
16:11:30.359002,118,0.63951904,1.3284129,1.2726274,-0.55664,48.12,1.0,1.629015,1
16:11:30.359002,118,0.59624577,1.0892466,1.5299437,-0.55664,23.119999,1.0,3.9590685,1
16:11:30.359002,118,0.6491167,1.128831,1.5108485,-0.55664,65.76,1.0,1.0584785,1
16:11:30.359002,118,0.5501368,1.3628968,1.2633874,-0.48720002,26.359999,1.0,3.2228165,1
16:11:30.359002,118,0.708166,1.0909066,1.5067407,-0.55664,83.52,1.0,1.308282,1
16:11:30.359002,118,0.65416574,1.0590452,1.5380361,-0.55664,35.239998,1.0,2.8371239,1
16:11:30.359002,118,0.65420085,1.3221647,1.2743015,-0.55664,39.879997,1.0,1.6458466,1
16:11:30.359002,118,0.6759651,1.0413022,1.5291697,-0.55664,32.0,1.0,2.915178,1
16:11:30.359002,118,0.5864976,1.2889097,1.2975022,-0.55664,93.0,1.0,1.210359,1
16:11:30.359002,118,0.72822887,1.0610559,1.4720566,-0.55664,65.52,1.0,1.9800427,1
16:11:30.359002,118,0.67241067,1.1109111,1.5013806,-0.55664,84.119995,1.0,1.0334336,1
16:11:30.359002,118,0.75131255,1.0467641,1.4758861,-0.55664,37.76,1.0,2.6180449,1
16:11:30.359002,118,0.66402614,1.3793192,1.2447536,-0.55664,14.639999,1.0,3.870534,1
16:11:30.359002,118,0.5453735,1.2217425,1.2839557,-0.48720002,53.64,1.0,2.6857681,1
16:11:30.359002,118,0.6038624,1.2204287,1.3301414,-0.48720002,109.119995,1.0,0.62901866,1
16:11:30.359002,118,0.7232942,1.1250174,1.4290144,-0.55664,104.36,1.0,0.8959407,1
16:11:30.359002,118,0.612321,1.1471093,1.5059509,-0.55664,28.119999,1.0,1.6411597,1
16:11:30.359002,118,0.58016694,1.3519785,1.266313,-0.48720002,32.64,1.0,2.3591084,1
16:11:30.359002,118,0.7627423,1.0394518,1.4778454,-0.55664,29.119999,1.0,3.0123754,1
16:11:30.359002,118,0.60996497,1.3404824,1.2693933,-0.55664,47.0,1.0,1.8316777,1
16:11:30.359002,118,0.54560065,1.2079579,0.7331613,-0.55664,9.12,0.912,3.963478,1
16:11:30.359002,118,0.73364943,1.2518039,1.2270305,-0.55664,7.12,0.712,2.3000946,1
16:11:30.359002,118,0.64871526,1.3856592,1.2430547,-0.55664,15.0,1.0,3.740432,1
16:11:30.359002,118,0.6247732,1.3345189,1.2709912,-0.55664,50.76,1.0,1.6904738,1
16:11:30.359002,118,0.68720794,1.0347185,1.5309337,-0.55664,28.519999,1.0,2.9597414,1
16:11:30.359002,118,0.6245293,1.2496222,1.260285,-0.48720002,109.759995,1.0,0.31445515,1
16:11:30.359002,118,0.64270794,1.0653087,1.5363579,-0.55664,33.88,1.0,2.9494843,1
16:11:30.359002,118,0.6523724,1.2372879,1.26359,-0.55664,92.24,1.0,0.14822985,1
16:11:30.359002,118,0.69444716,1.3661969,1.2482697,-0.48720002,11.36,1.0,4.372242,1
16:11:30.359002,118,0.5903103,1.2261962,1.3285961,-0.48720002,93.36,1.0,0.95916647,1
16:11:30.359002,118,0.61962163,1.179814,0.7407024,-0.55664,6.8799996,0.68799996,2.2083023,1
16:11:30.359002,118,0.6333395,1.3918512,1.2413956,-0.55664,14.639999,1.0,3.6929495,1
16:11:30.359002,118,0.7853718,1.0244976,1.4818524,-0.55664,23.0,1.0,3.9466753,1
16:11:30.359002,118,0.7109136,1.1319442,1.4271585,-0.55664,117.52,1.0,0.65618503,1
16:11:30.359002,118,0.63078415,1.2085025,1.3333371,-0.55664,129.76,1.0,0.18206656,1
16:11:30.359002,118,0.49988496,1.3204,1.2890643,-0.48720002,28.76,1.0,4.7949595,1
16:11:30.359002,118,0.7356025,1.1179714,1.4309024,-0.55664,86.52,1.0,1.1921633,1
16:11:30.359002,118,0.6246491,1.1411351,1.5075517,-0.55664,37.0,1.0,1.3863279,1
16:11:30.359002,118,0.60795367,1.0834308,1.531502,-0.55664,27.119999,1.0,3.6207922,1
16:11:30.359002,118,0.67069036,1.1896442,1.3383901,-0.55664,119.24,1.0,0.026750209,1
16:11:30.359002,118,0.5950957,1.3463024,1.2678338,-0.48720002,39.879997,1.0,2.054075,1
16:11:30.359002,118,0.5999317,1.152964,1.5043821,-0.62636,21.88,1.0,1.9579762,1
16:11:30.359002,118,0.70955426,1.359416,1.2500865,-0.48720002,9.12,0.912,4.7406583,1
16:11:30.359002,118,0.67995465,1.2244182,1.2670383,-0.55664,56.239998,1.0,0.26796308,1
16:11:30.359002,118,0.6342459,1.1737583,0.742325,-0.55664,5.52,0.552,2.1148612,1
16:11:30.359002,118,0.5590004,1.2164087,1.2853848,-0.48720002,64.76,1.0,2.1080472,1
16:11:30.359002,118,0.5144538,1.3155011,1.2903769,-0.48720002,35.76,1.0,3.9901657,1
16:11:30.359002,118,0.70726484,1.2110182,1.2706289,-0.55664,34.12,1.0,0.6630887,1
16:11:30.359002,118,0.53503853,1.3681378,1.261983,-0.48720002,21.359999,1.0,3.7843373,1
16:11:30.359002,118,0.7398077,1.0539658,1.4739565,-0.55664,49.64,1.0,2.273598,1
16:11:30.359002,118,0.5725714,1.2109436,1.2868491,-0.48720002,78.119995,1.0,1.6053119,1
16:11:30.359002,118,0.63518083,1.1709627,1.4167035,-0.48720002,60.12,1.0,0.4666807,1
16:11:30.359002,118,0.70948625,1.021227,1.5345488,-0.55664,24.76,1.0,3.2022393,1
16:11:30.412690,119,0.67241067,1.1109111,1.5013806,-0.62636,80.0,1.0,1.9918195,1
16:11:30.412690,119,0.6500359,1.4956034,-0.504453,-0.55664,13.0,1.0,3.071191,1
16:11:30.412690,119,0.52971005,1.2788764,-1.2023331,-0.48720002,12.88,1.0,3.6135075,1
16:11:30.412690,119,0.6381353,1.2562562,-0.35978723,-0.48720002,68.88,1.0,0.28880394,1
16:11:30.412690,119,0.67818445,1.3688287,-0.4063801,-0.55664,34.52,1.0,1.4216373,1
16:11:30.412690,119,0.7398077,1.0539658,1.4739565,-0.62636,50.879997,1.0,3.193561,1
16:11:30.412690,119,0.65067405,1.3821176,-0.4063801,-0.55664,53.52,1.0,0.894774,1
16:11:30.412690,119,0.5451482,1.2736852,-1.2009422,-0.48720002,13.0,1.0,3.1187797,1
16:11:30.412690,119,0.6246491,1.1411351,1.5075517,-0.62636,38.52,1.0,2.7799032,1
16:11:30.412690,119,0.5807838,1.4129106,-0.4063801,-0.55664,68.76,1.0,1.401679,1
16:11:30.412690,119,0.66791177,1.1273991,1.3693587,-0.62636,64.52,1.0,1.6530751,1
16:11:30.412690,119,0.5983157,1.1034236,1.5671088,-0.55664,29.24,1.0,4.0081363,1
16:11:30.412690,119,0.6767093,1.4374199,-0.42264044,-0.55664,25.76,1.0,2.4651577,1
16:11:30.412690,119,0.5999317,1.241953,-0.1803211,-0.55664,23.76,1.0,0.41468698,1
16:11:30.412690,119,0.6649592,1.4890285,-0.504453,-0.55664,11.88,1.0,3.2755063,1
16:11:30.412690,119,0.64270794,1.0653087,1.5363579,-0.55664,54.64,1.0,2.6669114,1
16:11:30.412690,119,0.7199444,1.0840094,1.5085888,-0.62636,65.36,1.0,2.5214243,1
16:11:30.412690,119,0.5166091,1.2247529,-0.7320532,-0.48720002,38.879997,1.0,4.233268,1
16:11:30.412690,119,0.6368206,1.3885552,-0.4063801,-0.55664,63.239998,1.0,0.7852695,1
16:11:30.412690,119,0.5858588,1.2774357,-0.3738594,-0.48720002,46.76,1.0,0.59530413,1
16:11:30.412690,119,0.6899636,1.2028774,1.2411805,-0.55664,27.24,1.0,1.7253364,1
16:11:30.412690,119,0.6646547,1.0477769,1.5274347,-0.55664,60.52,1.0,2.4694667,1
16:11:30.412690,119,0.5845593,1.3449548,-0.39011976,-0.55664,100.0,1.0,0.66145706,1
16:11:30.412690,119,0.71714973,0.9991669,1.4997181,-0.55664,29.64,1.0,3.2983835,1
16:11:30.412690,119,0.5144538,1.3155011,-0.70962304,-0.48720002,37.64,1.0,3.2793183,1
16:11:30.412690,119,0.612321,1.2358917,-0.1803211,-0.62636,30.0,1.0,0.28094578,1
16:11:30.412690,119,0.71345574,1.4045348,-0.47010547,-0.41748002,16.76,1.0,3.4669447,1
16:11:30.412690,119,0.62215763,1.0039259,1.548322,-0.55664,12.12,1.0,4.057077,1
16:11:30.412690,119,0.7627423,1.0394518,1.4778454,-0.62636,30.64,1.0,4.206153,1
16:11:30.412690,119,0.49988496,1.3204,-0.7109357,-0.48720002,31.64,1.0,4.117536,1
16:11:30.412690,119,0.6369148,1.1350422,1.5091842,-0.62636,50.0,1.0,2.4648483,1
16:11:30.412690,119,0.6759651,1.0413022,1.5291697,-0.55664,54.76,1.0,2.4661324,1
16:11:30.412690,119,0.679816,1.4823045,-0.504453,-0.55664,10.24,1.0,3.5963545,1
16:11:30.412690,119,0.708166,1.0909066,1.5067407,-0.62636,80.759995,1.0,2.2720933,1
16:11:30.412690,119,0.58016694,1.4958031,-0.3587695,-0.48720002,27.88,1.0,3.2316325,1
16:11:30.412690,119,0.6623015,1.4441149,-0.42264044,-0.55664,29.64,1.0,2.1785524,1
16:11:30.412690,119,0.56810486,1.4223505,-0.3910838,-0.48720002,61.64,1.0,1.8651174,1
16:11:30.412690,119,0.5538532,1.4279604,-0.3910838,-0.48720002,53.12,1.0,2.3942394,1
16:11:30.412690,119,0.69631684,1.0976899,1.5049231,-0.62636,91.52,1.0,2.0999494,1
16:11:30.412690,119,0.5028585,1.2296766,-0.7333725,-0.48720002,30.88,1.0,4.9713297,1
16:11:30.412690,119,0.6404207,1.396405,-0.8796021,-0.55664,11.12,1.0,1.2100356,1
16:11:30.412690,119,0.6946048,1.4754324,-0.504453,-0.55664,8.24,0.824,4.0323396,1
16:11:30.412690,119,0.7853718,1.0244976,1.4818524,-0.62636,24.359999,1.0,5.502596,1
16:11:30.412690,119,0.58242035,1.1969298,-1.167018,-0.48720002,14.24,1.0,3.725767,1
16:11:30.412690,119,0.6186865,1.4633312,-0.42264044,-0.55664,32.88,1.0,1.987589,1
16:11:30.412690,119,0.62463886,1.3268155,-0.39011976,-0.55664,84.36,1.0,0.2032138,1
16:11:30.412690,119,0.6239125,1.2592877,-0.3738594,-0.48720002,66.119995,1.0,0.25297692,1
16:11:30.412690,119,0.70948625,1.021227,1.5345488,-0.55664,37.12,1.0,2.8865614,1
16:11:30.412690,119,0.6113397,1.3329954,-0.39011976,-0.55664,96.64,1.0,0.25752008,1
16:11:30.412690,119,0.7385486,1.4539335,-0.504453,-0.55664,6.0,0.59999996,6.016716,1
16:11:30.412690,119,0.6196008,1.0775021,1.5330906,-0.55664,45.76,1.0,3.197886,1
16:11:30.412690,119,0.5948836,1.4070321,-0.4063801,-0.55664,72.24,1.0,1.0870703,1
16:11:30.412690,119,0.59697294,1.4522948,-0.8174646,-0.48720002,13.88,1.0,1.5242548,1
16:11:30.412690,119,0.61128867,1.2654638,-0.3738594,-0.48720002,60.76,1.0,0.27671072,1
16:11:30.412690,119,0.61999583,1.5083042,-0.504453,-0.55664,13.12,1.0,3.017597,1
16:11:30.412690,119,0.6553565,1.13379,1.3676462,-0.48720002,68.24,1.0,1.731501,1
16:11:30.412690,119,0.5411952,1.2245913,-1.1581318,-0.48720002,13.24,1.0,4.0975327,1
16:11:30.412690,119,0.6804002,1.1208872,1.3711035,-0.62636,58.64,1.0,1.6617044,1
16:11:30.412690,119,0.59860367,1.2715133,-0.3738594,-0.48720002,53.879997,1.0,0.39047715,1
16:11:30.412690,119,0.65416574,1.0590452,1.5380361,-0.55664,60.359997,1.0,2.5152838,1
16:11:30.412690,119,0.6943352,1.1205477,1.3859032,-0.62636,51.76,1.0,1.7890537,1
16:11:30.412690,119,0.60795367,1.0834308,1.531502,-0.55664,36.88,1.0,3.5791962,1
16:11:30.412690,119,0.68720794,1.0347185,1.5309337,-0.55664,46.0,1.0,2.535239,1
16:11:30.412690,119,0.7280597,0.992187,1.5015882,-0.55664,23.64,1.0,3.6438105,1
16:11:30.466969,120,0.7667181,1.19826,1.1759535,-0.55664,13.639999,1.0,2.390933,1
16:11:30.466969,120,0.6623015,1.2855206,1.2179962,-0.62636,25.0,1.0,2.4351325,1
16:11:30.466969,120,0.6728036,1.0260223,1.4925221,-0.55664,56.239998,1.0,2.5975003,1
16:11:30.466969,120,0.71714973,0.9991669,1.4997181,-0.55664,37.12,1.0,3.6482844,1
16:11:30.466969,120,0.6368206,1.2360624,1.2480824,-0.55664,56.239998,1.0,1.0995845,1
16:11:30.466969,120,0.686071,1.0879763,1.3214298,-0.48720002,78.88,1.0,0.4135799,1
16:11:30.466969,120,0.6332886,1.2980354,1.2146429,-0.62636,20.359999,1.0,2.8728101,1
16:11:30.466969,120,0.7107148,1.1661456,1.2039096,-0.55664,73.52,1.0,0.37819958,1
16:11:30.466969,120,0.77642155,1.1302265,1.2135341,-0.48720002,15.24,1.0,1.8936585,1
16:11:30.466969,120,0.69306016,1.0816504,1.4665383,-0.62636,43.52,1.0,1.3474758,1
16:11:30.466969,120,0.66926587,1.0948099,1.4630123,-0.62636,49.52,1.0,1.0577737,1
16:11:30.466969,120,0.5991174,1.1477683,1.4915047,-0.62636,26.76,1.0,1.7243309,1
16:11:30.466969,120,0.5845593,1.1981561,1.2750733,-0.55664,71.76,1.0,1.6606245,1
16:11:30.466969,120,0.5807838,1.2595879,1.2417789,-0.55664,26.0,1.0,2.6779435,1
16:11:30.466969,120,0.7296612,1.0936432,1.3784034,-0.62636,36.76,1.0,1.1314005,1
16:11:30.466969,120,0.6414749,1.27828,1.068142,-0.62636,12.639999,1.0,2.9494073,1
16:11:30.466969,120,0.7483359,0.9726986,1.4932743,-0.55664,24.64,1.0,4.9937243,1
16:11:30.466969,120,0.5537872,1.1195084,1.2551081,-0.48720002,47.12,1.0,3.5606208,1
16:11:30.466969,120,0.61128867,1.1255822,1.3113534,-0.55664,129.52,1.0,0.95583415,1
16:11:30.466969,120,0.7274652,1.228045,1.1842574,-0.55664,39.239998,1.0,1.782639,1
16:11:30.466969,120,0.7093241,1.2878157,1.1326827,-0.55664,11.0,1.0,3.3332083,1
16:11:30.466969,120,0.75775176,1.0777435,1.2469479,-0.48720002,27.519999,1.0,1.4212806,1
16:11:30.466969,120,0.73850083,1.0484512,1.4612534,-0.62636,26.519999,1.0,2.5348117,1
16:11:30.466969,120,0.6708628,1.2656034,1.0715387,-0.62636,13.0,1.0,2.4425125,1
16:11:30.466969,120,0.5791578,1.1085646,1.2580404,-0.48720002,79.64,1.0,2.4867034,1
16:11:30.466969,120,0.786854,1.114853,1.2020437,-0.48720002,11.24,1.0,2.2415574,1
16:11:30.466969,120,0.71231717,1.0811857,1.337818,-0.48720002,46.76,1.0,0.7244624,1
16:11:30.466969,120,0.6626617,1.2159432,1.2376796,-0.55664,98.119995,1.0,0.6287844,1
16:11:30.466969,120,0.72677356,0.9869476,1.4894563,-0.55664,30.24,1.0,4.0602717,1
16:11:30.466969,120,0.5948836,1.2539098,1.2433002,-0.55664,32.76,1.0,2.1683645,1
16:11:30.466969,120,0.6239125,1.1196166,1.3129519,-0.55664,147.76,1.0,0.70223606,1
16:11:30.466969,120,0.706168,1.006041,1.497876,-0.55664,44.64,1.0,3.3049748,1
16:11:30.466969,120,0.68435365,1.127003,1.2487805,-0.55664,143.87999,1.0,0.03932656,1
16:11:30.466969,120,0.6646547,1.0477769,1.5274347,-0.55664,56.36,1.0,2.421035,1
16:11:30.466969,120,0.57108074,1.2037375,1.2735778,-0.55664,51.879997,1.0,2.1787486,1
16:11:30.466969,120,0.6532778,1.0541421,1.5257292,-0.55664,52.12,1.0,2.3292446,1
16:11:30.466969,120,0.6714893,1.1335512,1.2470258,-0.55664,200.76,1.0,0.033213902,1
16:11:30.466969,120,0.73722,1.1521591,1.2076573,-0.55664,31.88,1.0,0.7815432,1
16:11:30.466969,120,0.6572677,1.1012166,1.4612956,-0.62636,47.879997,1.0,1.002038,1
16:11:30.466969,120,0.6293323,1.2306614,0.99837005,-0.34804,12.0,1.0,2.8601472,1
16:11:30.466969,120,0.62088376,1.1197369,1.456333,-0.62636,37.879997,1.0,1.1996219,1
16:11:30.466969,120,0.6452038,1.1075071,1.4596101,-0.62636,43.52,1.0,1.0066408,1
16:11:30.466969,120,0.61875975,1.0725739,1.5207905,-0.55664,37.879997,1.0,2.394104,1
16:11:30.466969,120,0.6113397,1.1866043,1.2781687,-0.55664,102.759995,1.0,0.84273434,1
16:11:30.466969,120,0.7328834,1.0921425,1.2430897,-0.48720002,48.36,1.0,0.71966827,1
16:11:30.466969,120,0.5410182,1.1247959,1.2536913,-0.48720002,37.0,1.0,4.201558,1
16:11:30.466969,120,0.79397714,1.1831844,1.179993,-0.55664,10.0,1.0,3.3108382,1
16:11:30.466969,120,0.5575451,1.2091885,1.2721173,-0.55664,38.76,1.0,2.7706544,1
16:11:30.466969,120,0.5439537,1.2145083,1.2706918,-0.55664,30.0,1.0,3.437079,1
16:11:30.466969,120,0.6418356,1.060397,1.5240532,-0.55664,45.36,1.0,2.2937362,1
16:11:30.466969,120,0.6767093,1.2790536,1.2197291,-0.55664,31.0,1.0,2.3336525,1
16:11:30.466969,120,0.7264701,1.0595032,0.6917888,-0.48720002,6.12,0.612,8.022855,1
16:11:30.466969,120,0.7529729,1.2055997,1.1739869,-0.55664,20.88,1.0,2.0362659,1
16:11:30.466969,120,0.80419177,1.0754608,1.1660752,-0.48720002,8.76,0.876,3.0549347,1
16:11:30.466969,120,0.65067405,1.2298442,1.2497486,-0.55664,75.64,1.0,0.8938783,1
16:11:30.466969,120,0.63787556,1.1745374,1.281402,-0.55664,205.0,1.0,0.3109316,1
16:11:30.466969,120,0.608924,1.2480958,1.2448581,-0.55664,42.36,1.0,1.735994,1
16:11:30.466969,120,0.73915243,1.2128061,1.172056,-0.55664,30.64,1.0,1.7530445,1
16:11:30.466969,120,0.6983018,1.0812902,1.3232214,-0.48720002,60.359997,1.0,0.5466582,1
16:11:30.466969,120,0.6854568,1.2590529,1.0732939,-0.62636,13.0,1.0,2.3109255,1
16:11:30.466969,120,0.60795367,1.0834308,1.531502,-0.55664,31.119999,1.0,2.5205727,1
16:11:30.466969,120,0.7240036,1.1592163,1.2057663,-0.55664,48.64,1.0,0.5454897,1
16:11:30.466969,120,0.64075327,0.9771457,1.5166968,-0.55664,22.76,1.0,4.8891644,1
16:11:30.466969,120,0.6114899,1.1419214,1.4930713,-0.62636,32.0,1.0,1.4970876,1
16:11:30.514094,121,0.71714973,0.9991669,1.4997181,-0.62636,83.119995,1.0,0.60017294,1
16:11:30.514094,121,0.6951157,1.0128088,1.4960626,-0.62636,97.52,1.0,0.23366578,1
16:11:30.514094,121,0.7199444,1.0840094,1.5085888,-0.6958,26.519999,1.0,3.2830505,1
16:11:30.514094,121,0.6725283,0.9581163,1.5217957,-0.62636,54.0,1.0,1.1229023,1
16:11:30.514094,121,0.706168,1.006041,1.497876,-0.62636,98.88,1.0,0.37195912,1
16:11:30.514094,121,0.7316508,1.0769986,1.5104673,-0.6958,29.64,1.0,3.3707695,1
16:11:30.514094,121,0.68178034,0.946568,1.511999,-0.62636,45.12,1.0,1.4543606,1
16:11:30.514094,121,0.75131255,1.0467641,1.4758861,-0.48720002,31.64,1.0,2.853482,1
16:11:30.514094,121,0.7483359,0.9726986,1.4932743,-0.62636,45.76,1.0,1.8451307,1
16:11:30.514094,121,0.72677356,0.9869476,1.4894563,-0.62636,62.64,1.0,0.9084803,1
16:11:30.514094,121,0.7627423,1.0394518,1.4778454,-0.55664,32.239998,1.0,3.2728953,1
16:11:30.514094,121,0.71268743,0.9263622,1.5174131,-0.62636,28.0,1.0,2.4327059,1
16:11:30.514094,121,0.72284865,0.91942906,1.5192709,-0.62636,22.0,1.0,2.9314973,1
16:11:30.514094,121,0.75900537,0.9654187,1.495225,-0.62636,33.76,1.0,2.4461887,1
16:11:30.514094,121,0.7695989,0.958036,1.4972031,-0.62636,25.519999,1.0,3.135156,1
16:11:30.514094,121,0.7858833,0.9269172,1.4650868,-0.62636,19.88,1.0,5.2544484,1
16:11:30.514094,121,0.66200244,0.96456164,1.5200688,-0.62636,58.76,1.0,1.0736607,1
16:11:30.514094,121,0.69215226,0.9399324,1.513777,-0.62636,35.88,1.0,1.6937429,1
16:11:30.514094,121,0.708166,1.0909066,1.5067407,-0.6958,23.119999,1.0,3.2877672,1
16:11:30.514094,121,0.63003206,0.98328316,1.5150523,-0.62636,48.52,1.0,1.4549942,1
16:11:30.514094,121,0.64075327,0.9771457,1.5166968,-0.62636,56.52,1.0,1.2392931,1
16:11:30.514094,121,0.6728036,1.0260223,1.4925221,-0.62636,80.0,1.0,0.22867917,1
16:11:30.514094,121,0.604872,1.0114795,0.679082,-0.27832,16.119999,1.0,11.276662,1
16:11:30.514094,121,0.6229466,1.1346427,0.98646176,-0.41748002,10.24,1.0,6.0241356,1
16:11:30.514094,121,0.6002546,1.0858929,1.1263081,-0.48720002,31.24,1.0,2.8456552,1
16:11:30.514094,121,0.6592245,1.1449336,1.1320593,-0.62636,15.88,1.0,5.941806,1
16:11:30.514094,121,0.63558525,1.0113872,1.1705601,-0.48720002,13.5199995,1.0,1.3945291,1
16:11:30.514094,121,0.5782067,1.0271183,1.5421077,-0.62636,18.24,1.0,3.9419467,1
16:11:30.514094,121,0.60795367,1.0834308,1.531502,-0.62636,18.119999,1.0,3.4791856,1
16:11:30.514094,121,0.55964285,1.0401648,0.767642,-0.41748002,19.88,1.0,9.288858,1
16:11:30.514094,121,0.61875975,1.0725739,1.5207905,-0.62636,23.519999,1.0,2.5257695,1
16:11:30.514094,121,0.6112605,1.0098829,1.5467259,-0.62636,30.119999,1.0,2.0882812,1
16:11:30.514094,121,0.6418356,1.060397,1.5240532,-0.62636,31.359999,1.0,1.5164429,1
16:11:30.514094,121,0.6192478,0.98931676,1.5134356,-0.62636,38.76,1.0,1.7598417,1
16:11:30.514094,121,0.6532778,1.0541421,1.5257292,-0.62636,42.879997,1.0,1.150131,1
16:11:30.514094,121,0.6646547,1.0477769,1.5274347,-0.62636,59.359997,1.0,0.8754135,1
16:11:30.514094,121,0.60870296,0.9282691,1.5408715,-0.55664,10.639999,1.0,5.1293216,1
16:11:30.514094,121,0.58928394,1.0214797,1.5436186,-0.62636,23.24,1.0,3.2339275,1
16:11:30.514094,121,0.6418356,1.060397,1.5240532,-0.62636,31.359999,1.0,1.5164429,1
16:11:30.514094,121,0.72677356,0.9869476,1.4894563,-0.62636,62.64,1.0,0.9084803,1
16:11:30.514094,121,0.6725283,0.9581163,1.5217957,-0.62636,54.0,1.0,1.1229023,1
16:11:30.514094,121,0.63558525,1.0113872,1.1705601,-0.48720002,13.5199995,1.0,1.3945291,1
16:11:30.514094,121,0.7627423,1.0394518,1.4778454,-0.55664,32.239998,1.0,3.2728953,1
16:11:30.514094,121,0.60870296,0.9282691,1.5408715,-0.55664,10.639999,1.0,5.1293216,1
16:11:30.514094,121,0.63003206,0.98328316,1.5150523,-0.62636,48.52,1.0,1.4549942,1
16:11:30.514094,121,0.6951157,1.0128088,1.4960626,-0.62636,97.52,1.0,0.23366578,1
16:11:30.514094,121,0.6951157,1.0128088,1.4960626,-0.62636,97.52,1.0,0.23366578,1
16:11:30.514094,121,0.7199444,1.0840094,1.5085888,-0.6958,26.519999,1.0,3.2830505,1
16:11:30.514094,121,0.708166,1.0909066,1.5067407,-0.6958,23.119999,1.0,3.2877672,1
16:11:30.514094,121,0.6532778,1.0541421,1.5257292,-0.62636,42.879997,1.0,1.150131,1
16:11:30.514094,121,0.6002546,1.0858929,1.1263081,-0.48720002,31.24,1.0,2.8456552,1
16:11:30.514094,121,0.60795367,1.0834308,1.531502,-0.62636,18.119999,1.0,3.4791856,1
16:11:30.514094,121,0.6112605,1.0098829,1.5467259,-0.62636,30.119999,1.0,2.0882812,1
16:11:30.514094,121,0.6229466,1.1346427,0.98646176,-0.41748002,10.24,1.0,6.0241356,1
16:11:30.514094,121,0.7199444,1.0840094,1.5085888,-0.6958,26.519999,1.0,3.2830505,1
16:11:30.514094,121,0.7627423,1.0394518,1.4778454,-0.55664,32.239998,1.0,3.2728953,1
16:11:30.514094,121,0.64075327,0.9771457,1.5166968,-0.62636,56.52,1.0,1.2392931,1
16:11:30.514094,121,0.75131255,1.0467641,1.4758861,-0.48720002,31.64,1.0,2.853482,1
16:11:30.514094,121,0.58928394,1.0214797,1.5436186,-0.62636,23.24,1.0,3.2339275,1
16:11:30.514094,121,0.58928394,1.0214797,1.5436186,-0.62636,23.24,1.0,3.2339275,1
16:11:30.514094,121,0.7316508,1.0769986,1.5104673,-0.6958,29.64,1.0,3.3707695,1
16:11:30.514094,121,0.60870296,0.9282691,1.5408715,-0.55664,10.639999,1.0,5.1293216,1
16:11:30.514094,121,0.6532778,1.0541421,1.5257292,-0.62636,42.879997,1.0,1.150131,1
16:11:30.514094,121,0.706168,1.006041,1.497876,-0.62636,98.88,1.0,0.37195912,1
16:11:30.574028,122,0.6192478,0.98931676,1.5134356,-0.62636,35.52,1.0,1.7752941,1
16:11:30.574028,122,0.64767784,0.8992209,1.5364088,-0.62636,28.0,1.0,3.721632,1
16:11:30.574028,122,0.8013069,1.0672631,1.152871,-0.55664,9.12,0.912,5.687996,1
16:11:30.574028,122,0.63248324,1.1574109,1.128716,-0.62636,17.76,1.0,1.7175674,1
16:11:30.574028,122,0.69215226,0.9399324,1.513777,-0.62636,37.12,1.0,2.549132,1
16:11:30.574028,122,0.6988387,1.1252552,1.1373321,-0.62636,21.52,1.0,2.2216547,1
16:11:30.574028,122,0.5832603,0.97533995,0.72627765,-0.48720002,11.759999,1.0,3.4153461,1
16:11:30.574028,122,0.6713402,0.9531031,1.510248,-0.62636,49.12,1.0,2.1356077,1
16:11:30.574028,122,0.6479128,1.1010631,1.1810522,-0.62636,60.359997,1.0,0.60841984,1
16:11:30.574028,122,0.56948006,1.0703493,1.1969508,-0.62636,121.88,1.0,1.0670602,1
16:11:30.574028,122,0.6222749,1.1133326,1.1777647,-0.62636,59.12,1.0,0.6806373,1
16:11:30.574028,122,0.67703897,0.8800258,1.5415521,-0.62636,21.88,1.0,4.1597557,1
16:11:30.574028,122,0.6277783,0.9115413,1.5331075,-0.62636,30.64,1.0,3.6123536,1
16:11:30.574028,122,0.660833,0.9595371,1.508524,-0.62636,50.879997,1.0,1.9862278,1
16:11:30.574028,122,0.57430375,1.0101191,0.6644776,-0.48720002,5.3599997,0.536,4.193551,1
16:11:30.574028,122,0.5974946,1.00107,1.5102863,-0.62636,23.519999,1.0,1.9089632,1
16:11:30.574028,122,0.7328999,1.0463251,1.1809347,-0.55664,21.0,1.0,1.7175988,1
16:11:30.574028,122,0.59851795,0.93409956,1.5393093,-0.62636,27.24,1.0,3.6559138,1
16:11:30.574028,122,0.6351256,1.1072598,1.1793919,-0.62636,61.76,1.0,0.6177674,1
16:11:30.574028,122,0.71857786,0.9040188,1.4848726,-0.62636,24.64,1.0,3.297005,1
16:11:30.574028,122,0.6458862,1.1512368,1.1303704,-0.62636,19.24,1.0,1.7076749,1
16:11:30.574028,122,0.6732916,1.0883008,1.1844718,-0.55664,54.64,1.0,0.74643326,1
16:11:30.574028,122,0.6571298,0.98709625,0.6856155,-0.48720002,5.64,0.564,1.9963739,1
16:11:30.574028,122,0.78876555,1.0749427,1.1508133,-0.55664,10.0,1.0,5.090388,1
16:11:30.574028,122,0.6834202,1.0736899,1.1736023,-0.55664,46.0,1.0,0.71867025,1
16:11:30.574028,122,0.6724969,1.1385018,1.1337827,-0.62636,21.52,1.0,1.8560536,1
16:11:30.574028,122,0.6956378,0.9674947,0.6908677,-0.34804,6.12,0.612,1.8149066,1
16:11:30.574028,122,0.654935,1.0289382,1.2080469,-0.55664,49.36,1.0,0.042277552,1
16:11:30.574028,122,0.64291394,1.0352063,1.2063674,-0.55664,61.64,1.0,0.03753439,1
16:11:30.574028,122,0.5319777,1.0863094,1.1926743,-0.62636,97.759995,1.0,2.300778,1
16:11:30.574028,122,0.66689056,1.0225542,1.2097574,-0.55664,39.879997,1.0,0.095086575,1
16:11:30.574028,122,0.6136801,0.9929052,0.66909003,-0.48720002,5.52,0.552,2.8901992,1
16:11:30.574028,122,0.49399662,1.1011758,1.1886909,-0.62636,54.0,1.0,4.044492,1
16:11:30.574028,122,0.5193689,1.0913872,1.1913137,-0.62636,81.24,1.0,2.8242266,1
16:11:30.574028,122,0.737824,1.1044381,1.14291,-0.55664,15.759999,1.0,3.1589396,1
16:11:30.574028,122,0.70271236,1.0497742,0.9479041,-0.55664,14.36,1.0,1.232204,1
16:11:30.574028,122,0.7119054,1.1184418,1.1391578,-0.55664,20.64,1.0,2.4832845,1
16:11:30.574028,122,0.59419894,1.0591087,1.1999627,-0.55664,109.88,1.0,0.51659256,1
16:11:30.574028,122,0.70948625,1.021227,1.5345488,-0.62636,22.359999,1.0,2.453289,1
16:11:30.574028,122,0.62509984,1.0115496,0.77530944,-0.41748002,14.639999,1.0,1.7202927,1
16:11:30.574028,122,0.65085423,0.99922436,0.77861196,-0.41748002,14.88,1.0,1.3363663,1
16:11:30.574028,122,0.60870296,0.9282691,1.5408715,-0.62636,29.64,1.0,3.5830653,1
16:11:30.574028,122,0.6592245,1.1449336,1.1320593,-0.62636,20.64,1.0,1.7541863,1
16:11:30.574028,122,0.5385023,1.0006301,1.1977308,-0.55664,20.0,1.0,2.8801513,1
16:11:30.574028,122,0.6636344,0.9928758,0.7803131,-0.41748002,14.639999,1.0,1.2279692,1
16:11:30.574028,122,0.68178034,0.946568,1.511999,-0.62636,43.879997,1.0,2.3234766,1
16:11:30.574028,122,0.60646987,1.0533099,1.2015165,-0.55664,93.64,1.0,0.32038915,1
16:11:30.574028,122,0.71268743,0.9263622,1.5174131,-0.62636,30.359999,1.0,3.1110053,1
16:11:30.574028,122,0.65753096,0.89291716,1.5380979,-0.62636,25.119999,1.0,3.831735,1
16:11:30.574028,122,0.55703455,1.07579,1.195493,-0.62636,112.88,1.0,1.423043,1
16:11:30.574028,122,0.70833635,0.960714,0.6926846,-0.34804,6.12,0.612,1.8626603,1
16:11:30.574028,122,0.5610616,1.0156025,0.66300833,-0.48720002,5.24,0.524,4.750537,1
16:11:30.574028,122,0.5818686,1.0647887,1.1984408,-0.55664,120.88,1.0,0.765196,1
16:11:30.574028,122,0.6186802,1.0473928,1.203102,-0.55664,76.64,1.0,0.1757223,1
16:11:30.574028,122,0.7761453,1.0825007,1.1487881,-0.55664,10.76,1.0,4.5376325,1
16:11:30.574028,122,0.6084016,0.99524593,1.5118469,-0.62636,29.0,1.0,1.8207741,1
16:11:30.574028,122,0.55770993,0.98636127,0.7233245,-0.48720002,10.639999,1.0,4.4600744,1
16:11:30.574028,122,0.76344746,1.0899364,1.1467957,-0.55664,12.639999,1.0,4.030774,1
16:11:30.574028,122,0.63776,0.9054291,1.5347452,-0.62636,30.0,1.0,3.6482968,1
16:11:30.574028,122,0.64075327,0.9771457,1.5166968,-0.62636,48.12,1.0,1.8096173,1
16:11:30.574028,122,0.7275673,1.0091504,0.74061656,-0.41748002,6.0,0.59999996,2.3239174,1
16:11:30.574028,122,0.7385636,0.8899434,1.4886441,-0.62636,20.0,1.0,4.0220046,1
16:11:30.574028,122,0.75720495,1.0319314,1.1847916,-0.55664,12.0,1.0,2.4956765,1
16:11:30.574028,122,0.74508965,1.039187,1.1828474,-0.55664,15.759999,1.0,2.0842166,1
16:11:30.627839,123,0.6464178,0.95018464,1.4725026,-0.62636,53.879997,1.0,0.9763033,1
16:11:30.627839,123,0.61773384,0.9175567,1.5314957,-0.6958,36.52,1.0,1.7370148,1
16:11:30.627839,123,0.6597004,0.9747017,1.3854496,-0.62636,47.879997,1.0,1.5124992,1
16:11:30.627839,123,0.6358423,0.9563775,1.4708432,-0.62636,45.879997,1.0,0.9100282,1
16:11:30.627839,123,0.5974607,0.92929494,1.5283505,-0.6958,32.0,1.0,1.8730065,1
16:11:30.627839,123,0.64866215,0.9810207,1.3837565,-0.62636,48.879997,1.0,1.3807316,1
16:11:30.627839,123,0.60732687,0.9901672,1.5003166,-0.62636,30.0,1.0,1.5865855,1
16:11:30.627839,123,0.58723396,0.93501663,1.5268173,-0.6958,27.119999,1.0,2.0174353,1
16:11:30.627839,123,0.6815779,0.96174556,1.3889213,-0.62636,45.0,1.0,1.9188064,1
16:11:30.627839,123,0.5769485,0.94063926,1.5253108,-0.6958,22.519999,1.0,2.213658,1
16:11:30.627839,123,0.5964391,0.995981,1.4987589,-0.62636,24.0,1.0,1.7124668,1
16:11:30.627839,123,0.5666054,0.9461622,1.5238309,-0.6958,18.64,1.0,2.462341,1
16:11:30.627839,123,0.61815387,0.9842485,1.5019026,-0.62636,37.36,1.0,1.5097862,1
16:11:30.627839,123,0.5912098,0.8494636,1.5267911,-0.6958,9.36,0.936,7.466574,1
16:11:30.627839,123,0.63399196,0.89060074,1.5021182,-0.6958,39.64,1.0,2.2554286,1
16:11:30.627839,123,0.65692866,0.9438899,1.4741892,-0.62636,58.239998,1.0,1.0905291,1
16:11:30.627839,123,0.692415,0.9551096,1.3906993,-0.62636,41.0,1.0,2.1919825,1
16:11:30.627839,123,0.73695254,0.8846559,1.4772713,-0.6958,21.24,1.0,3.5604267,1
16:11:30.627839,123,0.66737384,0.937494,1.475903,-0.6958,56.879997,1.0,1.2520995,1
16:11:30.627839,123,0.7031829,0.9483693,1.3925054,-0.62636,36.52,1.0,2.5109951,1
16:11:30.627839,123,0.6536461,0.8781627,1.505451,-0.6958,36.88,1.0,2.5269444,1
16:11:30.627839,123,0.68806285,0.924401,1.4794112,-0.6958,50.36,1.0,1.7150261,1
16:11:30.627839,123,0.69678146,0.9123572,1.4698488,-0.6958,41.76,1.0,1.8948152,1
16:11:30.627839,123,0.6730389,0.86534745,1.5088848,-0.6958,27.519999,1.0,2.9963827,1
16:11:30.627839,123,0.70693123,0.9055777,1.4716653,-0.6958,33.36,1.0,2.2434607,1
16:11:30.627839,123,0.68114567,0.8537478,1.499843,-0.6958,22.76,1.0,3.5453362,1
16:11:30.627839,123,0.7170104,0.8987006,1.473508,-0.6958,26.519999,1.0,2.637532,1
16:11:30.627839,123,0.70009035,0.84040564,1.5034181,-0.6958,18.88,1.0,4.3141303,1
16:11:30.627839,123,0.69970125,0.9238946,0.8339926,-0.48720002,6.8799996,0.68799996,3.550508,1
16:11:30.627839,123,0.6277783,0.9115413,1.5331075,-0.6958,39.36,1.0,1.7442714,1
16:11:30.627839,123,0.6633757,0.8718019,1.5071553,-0.6958,32.52,1.0,2.7371335,1
16:11:30.627839,123,0.6756789,0.9371802,0.8304328,-0.48720002,10.5199995,1.0,2.6416192,1
16:11:30.627839,123,0.6877245,0.9305954,0.8321971,-0.48720002,8.5199995,0.852,3.0658116,1
16:11:30.627839,123,0.52474177,0.95508623,0.76906836,-0.48720002,10.36,1.0,4.3285074,1
16:11:30.627839,123,0.4619625,1.065428,1.2342749,-0.55664,29.119999,1.0,5.839384,1
16:11:30.627839,123,0.5371266,0.9499577,0.77044255,-0.48720002,12.0,1.0,3.8923976,1
16:11:30.627839,123,0.47421226,1.0609066,1.2354864,-0.55664,33.12,1.0,5.074765,1
16:11:30.627839,123,0.53048325,0.95816904,0.86014456,-0.55664,19.76,1.0,3.2313788,1
16:11:30.627839,123,0.5832603,0.97533995,0.72627765,-0.48720002,11.639999,1.0,2.2656643,1
16:11:30.627839,123,0.48641464,1.0562671,1.2367296,-0.55664,36.64,1.0,4.378135,1
16:11:30.627839,123,0.55478626,0.94768584,0.86295354,-0.55664,21.52,1.0,2.4980211,1
16:11:30.627839,123,0.57395405,0.9338582,0.77475643,-0.48720002,15.24,1.0,3.0421169,1
16:11:30.627839,123,0.59594864,0.9696448,0.72780365,-0.48720002,12.5199995,1.0,2.2149997,1
16:11:30.627839,123,0.49856836,1.05151,1.2380042,-0.55664,38.879997,1.0,3.7481518,1
16:11:30.627839,123,0.56685513,0.94226867,0.8644051,-0.55664,22.88,1.0,2.2406158,1
16:11:30.627839,123,0.5861167,0.9282555,0.7762577,-0.48720002,16.24,1.0,2.907173,1
16:11:30.627839,123,0.6085773,0.9638273,0.7293624,-0.48720002,13.12,1.0,2.2361836,1
16:11:30.627839,123,0.56173396,0.9393432,0.7732867,-0.48720002,13.759999,1.0,3.2504795,1
16:11:30.627839,123,0.5338929,1.0942272,1.2047211,-0.55664,34.36,1.0,5.634881,1
16:11:30.627839,123,0.6513864,0.9499991,0.82699794,-0.48720002,12.759999,1.0,1.9787222,1
16:11:30.627839,123,0.5106722,1.0466357,1.2393103,-0.55664,39.52,1.0,3.1835027,1
16:11:30.627839,123,0.6249792,1.0791664,1.0286238,-0.55664,18.24,1.0,7.318993,1
16:11:30.627839,123,0.558565,1.0259769,1.2448459,-0.62636,31.119999,1.0,1.5531161,1
16:11:30.627839,123,0.63914174,0.9562319,0.8253279,-0.48720002,15.0,1.0,1.7421107,1
16:11:30.627839,123,0.6212718,0.9780957,0.92476934,-0.55664,21.0,1.0,0.98005503,1
16:11:30.627839,123,0.596388,1.1251044,1.1746104,-0.55664,25.24,1.0,11.31546,1
16:11:30.627839,123,0.6907412,0.95509464,0.67922133,-0.48720002,8.24,0.824,5.2012105,1
16:11:30.627839,123,0.6268332,0.96234614,0.8236896,-0.48720002,16.64,1.0,1.5701882,1
16:11:30.627839,123,0.596688,0.98986065,0.9216169,-0.55664,22.76,1.0,0.92638594,1
16:11:30.627839,123,0.52272505,1.0416447,1.2406477,-0.55664,38.12,1.0,2.682907,1
16:11:30.627839,123,0.63365096,0.9518279,0.7325777,-0.48720002,13.36,1.0,2.4889376,1
16:11:30.627839,123,0.6102649,0.91669893,0.7793542,-0.48720002,17.0,1.0,2.8528163,1
16:11:30.627839,123,0.5788674,0.9367352,0.86588776,-0.55664,23.359999,1.0,2.0544615,1
16:11:30.627839,123,0.5466726,1.0313148,1.2434156,-0.62636,35.12,1.0,1.868913,1
16:11:30.684190,124,0.683924,0.93801975,-0.308818,-0.6958,21.76,1.0,5.709778,1
16:11:30.684190,124,0.49856836,1.05151,-0.76199573,-0.55664,40.76,1.0,2.8829207,1
16:11:30.684190,124,0.74777216,1.2196474,-0.5060667,-0.6958,11.759999,1.0,5.148926,1
16:11:30.684190,124,0.58009255,1.007498,-0.76375484,-0.6958,170.51999,1.0,0.4437099,1
16:11:30.684190,124,0.596388,1.1251044,-0.82538956,-0.55664,19.0,1.0,2.3236039,1
16:11:30.684190,124,0.6479128,1.1010631,-0.81894773,-0.6958,32.36,1.0,1.6022376,1
16:11:30.684190,124,0.56202906,1.0287873,-0.26214835,-0.6958,18.119999,1.0,2.7095778,1
16:11:30.684190,124,0.6178786,0.9228189,-0.24834532,-0.6958,19.52,1.0,5.897852,1
16:11:30.684190,124,0.7282568,1.1615876,-0.4849736,-0.6958,12.36,1.0,3.2127004,1
16:11:30.684190,124,0.54649377,1.0890093,-0.79388076,-0.55664,35.52,1.0,2.1210363,1
16:11:30.684190,124,0.5685269,0.9328426,-0.6368219,-0.62636,64.36,1.0,1.2080348,1
16:11:30.684190,124,0.58972937,1.0542955,-0.3736853,-0.62636,60.12,1.0,1.035484,1
16:11:30.684190,124,0.5557087,0.9688067,-0.7179983,-0.62636,123.0,1.0,0.8233258,1
16:11:30.684190,124,0.5917718,1.0018383,-0.7622383,-0.6958,133.36,1.0,0.3198332,1
16:11:30.684190,124,0.68588066,1.0817364,-0.8137692,-0.6958,33.239998,1.0,1.7561868,1
16:11:30.684190,124,0.6732916,1.0883008,-0.8155281,-0.6958,34.239998,1.0,1.6390872,1
16:11:30.684190,124,0.6314182,1.0298693,-0.3736853,-0.6958,35.0,1.0,1.4365274,1
16:11:30.684190,124,0.5338929,1.0942272,-0.7952789,-0.55664,28.359999,1.0,2.5998476,1
16:11:30.684190,124,0.6692915,1.1965337,-0.4849736,-0.6958,52.76,1.0,2.2483053,1
16:11:30.684190,124,0.6210881,1.0361319,-0.3736853,-0.6958,43.0,1.0,1.2632204,1
16:11:30.684190,124,0.68122315,1.189781,-0.4849736,-0.6958,36.0,1.0,2.3258154,1
16:11:30.684190,124,0.6641468,1.1079645,-0.5159504,-0.6958,25.64,1.0,0.8162755,1
16:11:30.684190,124,0.4874515,0.99904424,-0.72610044,-0.62636,51.64,1.0,2.8115256,1
16:11:30.684190,124,0.63788533,0.97808003,-0.7558723,-0.6958,46.239998,1.0,0.40481678,1
16:11:30.684190,124,0.5979645,0.9394345,-0.72306395,-0.6958,57.12,1.0,0.6951932,1
16:11:30.684190,124,0.52181494,0.98442,-0.7221819,-0.62636,91.36,1.0,1.56853,1
16:11:30.684190,124,0.47589803,1.0036969,-0.72734714,-0.62636,39.239998,1.0,3.336874,1
16:11:30.684190,124,0.64522856,1.04294,-0.7815366,-0.6958,96.119995,1.0,0.5517601,1
16:11:30.684190,124,0.6222749,1.1133326,-0.82223535,-0.6958,25.359999,1.0,1.8299197,1
16:11:30.684190,124,0.5444649,0.9741202,-0.71942204,-0.62636,129.36,1.0,1.0165888,1
16:11:30.684190,124,0.5578399,0.9382826,-0.63827956,-0.62636,58.76,1.0,1.2491653,1
16:11:30.684190,124,0.69840115,1.2485747,-0.5060667,-0.6958,29.0,1.0,4.3458242,1
16:11:30.684190,124,0.68617177,1.094461,-0.5159504,-0.6958,19.88,1.0,1.2106178,1
16:11:30.684190,124,0.61274457,0.9994118,-0.26214835,-0.6958,36.88,1.0,3.2161539,1
16:11:30.684190,124,0.5331665,0.97932476,-0.7208166,-0.62636,115.24,1.0,1.2649518,1
16:11:30.684190,124,0.62644976,0.98418635,-0.7575085,-0.6958,65.24,1.0,0.29685557,1
16:11:30.684190,124,0.7232313,1.234358,-0.5060667,-0.6958,16.76,1.0,4.625032,1
16:11:30.684190,124,0.5212387,1.099323,-0.7966444,-0.55664,23.24,1.0,3.141848,1
16:11:30.684190,124,0.6351256,1.1072598,-0.82060814,-0.6958,29.0,1.0,1.6829147,1
16:11:30.684190,124,0.5035895,0.9639195,-0.64514893,-0.62636,27.519999,1.0,2.2379234,1
16:11:30.684190,124,0.6492571,1.1339512,-0.47697085,-0.6958,33.88,1.0,0.90719324,1
16:11:30.684190,124,0.52272505,1.0416447,-0.7593523,-0.6958,75.52,1.0,1.8734403,1
16:11:30.684190,124,0.58396345,1.072629,-0.7894917,-0.6958,58.359997,1.0,1.0627812,1
16:11:30.684190,124,0.6571908,0.9606132,-0.297194,-0.6958,31.76,1.0,4.4058104,1
16:11:30.684190,124,0.63394743,1.0575844,-0.49248967,-0.62636,25.519999,1.0,0.38227424,1
16:11:30.684190,124,0.5791571,0.9272997,-0.6353367,-0.62636,64.88,1.0,1.2187876,1
16:11:30.684190,124,0.46429694,1.0082377,-0.72856385,-0.62636,30.519999,1.0,3.917832,1
16:11:30.684190,124,0.51454467,0.95900226,-0.6438314,-0.62636,33.88,1.0,1.935351,1
16:11:30.684190,124,0.5106722,1.0466357,-0.7606897,-0.55664,54.64,1.0,2.34852,1
16:11:30.684190,124,0.60272,1.0054892,-0.26214835,-0.6958,32.12,1.0,3.0204608,1
16:11:30.684190,124,0.759931,1.2121089,-0.5060667,-0.6958,8.24,0.824,5.501827,1
16:11:30.684190,124,0.6086533,1.0611087,-0.78640485,-0.6958,93.759995,1.0,0.67122215,1
16:11:30.684190,124,0.69308674,1.1829094,-0.4849736,-0.6958,24.64,1.0,2.461294,1
16:11:30.684190,124,0.628081,0.9798937,-0.297194,-0.6958,39.76,1.0,3.332612,1
16:11:30.684190,124,0.5715303,1.0782096,-0.790987,-0.55664,45.12,1.0,1.352613,1
16:11:30.684190,124,0.62090755,1.0551704,-0.7848137,-0.6958,103.88,1.0,0.56919074,1
16:11:30.684190,124,0.7294134,1.273947,-0.58633256,-0.6958,8.24,0.824,6.578259,1
16:11:30.684190,124,0.67450976,0.944812,-0.308818,-0.6958,26.519999,1.0,5.1814,1
16:11:30.684190,124,0.6088801,0.93360585,-0.7215021,-0.6958,42.76,1.0,0.77193755,1
16:11:30.684190,124,0.7720139,1.204449,-0.5060667,-0.6958,5.8799996,0.588,5.914908,1
16:11:30.684190,124,0.5648634,0.95628387,-0.7275787,-0.6958,101.119995,1.0,0.7901674,1
16:11:30.684190,124,0.5466726,1.0313148,-0.75658447,-0.6958,106.0,1.0,1.1009218,1
16:11:30.684190,124,0.7166047,1.168812,-0.4849736,-0.6958,17.24,1.0,2.9050326,1
16:11:30.684190,124,0.6197348,1.0823894,-0.45528257,-0.6958,32.64,1.0,0.43275034,1
16:11:30.733779,125,0.61825085,0.9861254,-0.297194,-0.83496004,51.52,1.0,0.58326805,1
16:11:30.733779,125,0.6416852,1.0235037,-0.3736853,-0.83496004,57.52,1.0,0.55248785,1
16:11:30.733779,125,0.58992016,0.9409373,-0.24834532,-0.83496004,31.64,1.0,1.1585392,1
16:11:30.733779,125,0.6264459,0.97734267,-0.308818,-0.83496004,58.12,1.0,0.3325291,1
16:11:30.733779,125,0.57067853,0.87104094,-0.26589742,-0.83496004,9.88,0.988,3.9574375,1
16:11:30.733779,125,0.6086197,0.92895144,-0.24834532,-0.83496004,33.76,1.0,0.8859572,1
16:11:30.733779,125,0.63618785,0.97102946,-0.308818,-0.83496004,61.0,1.0,0.3297608,1
16:11:30.733779,125,0.61345613,0.9162138,-0.2815457,-0.83496004,34.0,1.0,1.2618936,1
16:11:30.733779,125,0.684177,1.0000588,-0.3615866,-0.83496004,50.879997,1.0,1.2891668,1
16:11:30.733779,125,0.62258744,0.9100335,-0.2815457,-0.83496004,32.36,1.0,1.5078739,1
16:11:30.733779,125,0.58048147,0.9467893,-0.24834532,-0.83496004,28.24,1.0,1.4796559,1
16:11:30.733779,125,0.6406624,0.8974006,-0.2815457,-0.83496004,29.359999,1.0,2.3713686,1
16:11:30.733779,125,0.67450976,0.944812,-0.308818,-0.83496004,44.76,1.0,1.6482965,1
16:11:30.733779,125,0.6496042,0.89094925,-0.2815457,-0.83496004,25.76,1.0,2.9893398,1
16:11:30.733779,125,0.683924,0.93801975,-0.308818,-0.83496004,37.0,1.0,2.311745,1
16:11:30.733779,125,0.69326985,0.93113375,-0.308818,-0.83496004,30.24,1.0,3.109186,1
16:11:30.733779,125,0.64586616,0.9646191,-0.308818,-0.83496004,58.879997,1.0,0.45964304,1
16:11:30.733779,125,0.6650281,0.9515097,-0.308818,-0.83496004,52.76,1.0,1.1186284,1
16:11:30.733779,125,0.72564435,1.1574206,-0.49865916,-0.6958,25.88,1.0,8.224218,1
16:11:30.733779,125,0.5709847,0.9525467,-0.24834532,-0.83496004,24.519999,1.0,1.9234915,1
16:11:30.733779,125,0.598406,0.9982924,-0.297194,-0.83496004,43.52,1.0,1.3046223,1
16:11:30.733779,125,0.5531877,1.1750438,-1.0079641,-0.76552004,6.52,0.652,5.5425944,1
16:11:30.733779,125,0.5765764,1.1637458,-1.0079641,-0.76552004,6.8799996,0.68799996,4.3016634,1
16:11:30.733779,125,0.5986715,1.2083418,-1.0465904,-0.76552004,5.12,0.51199996,4.405326,1
16:11:30.733779,125,0.58818483,1.1579219,-1.0079641,-0.76552004,7.52,0.752,3.9274228,1
16:11:30.733779,125,0.6112241,1.1459274,-1.0079641,-0.76552004,7.8799996,0.788,3.6746995,1
16:11:30.733779,125,0.6346469,1.1898407,-1.0465904,-0.76552004,6.0,0.59999996,3.7645452,1
16:11:30.733779,125,0.6226526,1.139758,-1.0079641,-0.76552004,8.0,0.79999995,3.7974439,1
16:11:30.733779,125,0.61072475,1.2022948,-1.0465904,-0.76552004,5.64,0.564,4.0170846,1
16:11:30.733779,125,0.6453217,1.1270778,-1.0079641,-0.62636,7.64,0.764,4.543967,1
16:11:30.733779,125,0.65656006,1.1205684,-1.0079641,-0.62636,7.12,0.712,5.168775,1
16:11:30.733779,125,0.58698916,1.1004916,-0.45528257,-0.6958,40.52,1.0,4.476167,1
16:11:30.733779,125,0.62644976,1.1467086,-0.47697085,-0.6958,59.76,1.0,6.572501,1
16:11:30.733779,125,0.5783218,1.0100601,-0.297194,-0.83496004,29.24,1.0,2.5511596,1
16:11:30.733779,125,0.5614308,0.9582088,-0.24834532,-0.83496004,20.88,1.0,2.4896414,1
16:11:30.733779,125,0.58839333,1.0042264,-0.297194,-0.83496004,35.88,1.0,1.8624724,1
16:11:30.733779,125,0.6465134,1.1834348,-1.0465904,-0.76552004,6.12,0.612,3.9015677,1
16:11:30.733779,125,0.6086197,0.92895144,-0.24834532,-0.83496004,33.76,1.0,0.8859572,1
16:11:30.733779,125,0.5986715,1.2083418,-1.0465904,-0.76552004,5.12,0.51199996,4.405326,1
16:11:30.733779,125,0.58818483,1.1579219,-1.0079641,-0.76552004,7.52,0.752,3.9274228,1
16:11:30.733779,125,0.6086197,0.92895144,-0.24834532,-0.83496004,33.76,1.0,0.8859572,1
16:11:30.733779,125,0.69326985,0.93113375,-0.308818,-0.83496004,30.24,1.0,3.109186,1
16:11:30.733779,125,0.72564435,1.1574206,-0.49865916,-0.6958,25.88,1.0,8.224218,1
16:11:30.733779,125,0.61345613,0.9162138,-0.2815457,-0.83496004,34.0,1.0,1.2618936,1
16:11:30.733779,125,0.61825085,0.9861254,-0.297194,-0.83496004,51.52,1.0,0.58326805,1
16:11:30.733779,125,0.5709847,0.9525467,-0.24834532,-0.83496004,24.519999,1.0,1.9234915,1
16:11:30.733779,125,0.5765764,1.1637458,-1.0079641,-0.76552004,6.8799996,0.68799996,4.3016634,1
16:11:30.733779,125,0.6112241,1.1459274,-1.0079641,-0.76552004,7.8799996,0.788,3.6746995,1
16:11:30.733779,125,0.67450976,0.944812,-0.308818,-0.83496004,44.76,1.0,1.6482965,1
16:11:30.733779,125,0.6496042,0.89094925,-0.2815457,-0.83496004,25.76,1.0,2.9893398,1
16:11:30.733779,125,0.5765764,1.1637458,-1.0079641,-0.76552004,6.8799996,0.68799996,4.3016634,1
16:11:30.733779,125,0.72564435,1.1574206,-0.49865916,-0.6958,25.88,1.0,8.224218,1
16:11:30.733779,125,0.72564435,1.1574206,-0.49865916,-0.6958,25.88,1.0,8.224218,1
16:11:30.733779,125,0.62644976,1.1467086,-0.47697085,-0.6958,59.76,1.0,6.572501,1
16:11:30.733779,125,0.6406624,0.8974006,-0.2815457,-0.83496004,29.359999,1.0,2.3713686,1
16:11:30.733779,125,0.6112241,1.1459274,-1.0079641,-0.76552004,7.8799996,0.788,3.6746995,1
16:11:30.733779,125,0.6416852,1.0235037,-0.3736853,-0.83496004,57.52,1.0,0.55248785,1
16:11:30.733779,125,0.57067853,0.87104094,-0.26589742,-0.83496004,9.88,0.988,3.9574375,1
16:11:30.733779,125,0.72564435,1.1574206,-0.49865916,-0.6958,25.88,1.0,8.224218,1
16:11:30.733779,125,0.6416852,1.0235037,-0.3736853,-0.83496004,57.52,1.0,0.55248785,1
16:11:30.733779,125,0.6453217,1.1270778,-1.0079641,-0.62636,7.64,0.764,4.543967,1
16:11:30.733779,125,0.61825085,0.9861254,-0.297194,-0.83496004,51.52,1.0,0.58326805,1
16:11:30.733779,125,0.61072475,1.2022948,-1.0465904,-0.76552004,5.64,0.564,4.0170846,1
16:11:30.733779,125,0.61345613,0.9162138,-0.2815457,-0.83496004,34.0,1.0,1.2618936,1
16:11:30.799094,126,0.64094007,0.97828287,-0.48074827,-0.83496004,32.12,1.0,2.8605509,1
16:11:30.799094,126,0.6208192,1.0595685,-0.5047952,-0.83496004,69.36,1.0,2.0284684,1
16:11:30.799094,126,0.5763266,0.94001263,-0.2815457,-0.83496004,30.88,1.0,1.4678699,1
16:11:30.799094,126,0.5834846,1.0190771,-0.46902895,-0.76552004,140.76,1.0,0.47399026,1
16:11:30.799094,126,0.5526543,1.0361204,-0.46902895,-0.76552004,141.87999,1.0,0.3995535,1
16:11:30.799094,126,0.61680424,1.1290526,-0.5288421,-0.83496004,74.64,1.0,4.002615,1
16:11:30.799094,126,0.47883165,1.0722371,-0.46902895,-0.76552004,25.119999,1.0,3.492329,1
16:11:30.799094,126,0.56810427,0.7013315,1.5428022,-0.83496004,11.639999,1.0,8.172458,1
16:11:30.799094,126,0.5329763,0.99922794,-0.4006014,-0.76552004,34.239998,1.0,1.5065794,1
16:11:30.799094,126,0.55694443,0.9956839,-1.0006163,-0.6958,9.5199995,0.95199996,5.2527137,1
16:11:30.799094,126,0.5107785,1.0573919,-0.46902895,-0.76552004,42.52,1.0,1.5846883,1
16:11:30.799094,126,0.62124753,0.99090517,-0.48074827,-0.83496004,57.0,1.0,1.7612541,1
16:11:30.799094,126,0.5246036,1.1747333,-0.5288421,-0.76552004,69.36,1.0,2.8099725,1
16:11:30.799094,126,0.6042634,0.9223024,-0.2815457,-0.83496004,42.239998,1.0,1.9148374,1
16:11:30.799094,126,0.64188504,1.046941,-0.5047952,-0.83496004,51.52,1.0,3.2311203,1
16:11:30.799094,126,0.4652358,1.1994845,-0.5288421,-0.76552004,33.88,1.0,5.6293507,1
16:11:30.799094,126,0.48913085,1.1899405,-0.5288421,-0.76552004,40.239998,1.0,4.151266,1
16:11:30.799094,126,0.58505,1.2111455,-0.552889,-0.76552004,21.0,1.0,6.619048,1
16:11:30.799094,126,0.5887576,1.0777136,-0.5047952,-0.76552004,161.87999,1.0,0.88477784,1
16:11:30.799094,126,0.67427635,0.76347244,1.4925501,-0.83496004,22.64,1.0,5.1591663,1
16:11:30.799094,126,0.63112533,0.9846432,-0.48074827,-0.83496004,42.239998,1.0,2.2717102,1
16:11:30.799094,126,0.567087,1.0892724,-0.5047952,-0.76552004,184.76,1.0,0.58316535,1
16:11:30.799094,126,0.5528529,0.9883693,-0.4006014,-0.76552004,54.64,1.0,1.068053,1
16:11:30.799094,126,0.5429418,0.9938483,-0.4006014,-0.76552004,43.239998,1.0,1.2438853,1
16:11:30.799094,126,0.54226565,1.041595,-0.46902895,-0.76552004,109.759995,1.0,0.5550422,1
16:11:30.799094,126,0.46688965,1.1358328,-0.5047952,-0.76552004,35.64,1.0,4.195552,1
16:11:30.799094,126,0.5561661,1.0948887,-0.5047952,-0.76552004,181.12,1.0,0.57592225,1
16:11:30.799094,126,0.5010056,1.1849897,-0.5288421,-0.76552004,48.239998,1.0,3.589303,1
16:11:30.799094,126,0.593646,1.0131913,-0.46902895,-0.83496004,108.52,1.0,0.67378676,1
16:11:30.799094,126,0.6289112,0.9599229,-0.35499367,-0.76552004,61.239998,1.0,1.902911,1
16:11:30.799094,126,0.6603762,0.96526927,-0.48074827,-0.83496004,25.119999,1.0,4.2671156,1
16:11:30.799094,126,0.61019266,1.0657237,-0.5047952,-0.83496004,94.36,1.0,1.5574297,1
16:11:30.799094,126,0.4532179,1.2040768,-0.5288421,-0.76552004,28.64,1.0,6.5492625,1
16:11:30.799094,126,0.6449732,0.7148481,1.522413,-0.76552004,23.88,1.0,4.5495296,1
16:11:30.799094,126,0.6034792,0.7450022,1.5143332,-0.83496004,40.36,1.0,4.958097,1
16:11:30.799094,126,0.5119374,1.1162536,-0.5047952,-0.76552004,93.36,1.0,1.545176,1
16:11:30.799094,126,0.6567668,0.77632976,1.4891051,-0.83496004,27.88,1.0,4.7622147,1
16:11:30.799094,126,0.5998348,0.97835547,-0.35499367,-0.76552004,84.24,1.0,0.7966289,1
16:11:30.799094,126,0.5619397,0.87670404,-0.26589742,-0.83496004,28.359999,1.0,5.123454,1
16:11:30.799094,126,0.594996,0.7507905,1.5127822,-0.83496004,40.239998,1.0,5.219198,1
16:11:30.799094,126,0.5007494,1.1213171,-0.5047952,-0.76552004,71.64,1.0,2.0458162,1
16:11:30.799094,126,0.5941013,1.141162,-0.5288421,-0.76552004,88.52,1.0,3.0892477,1
16:11:30.799094,126,0.5451896,1.1003956,-0.5047952,-0.76552004,154.64,1.0,0.6667425,1
16:11:30.799094,126,0.5341586,1.1057923,-0.5047952,-0.76552004,121.88,1.0,0.8573877,1
16:11:30.799094,126,0.58014905,0.9901557,-0.35499367,-0.76552004,79.88,1.0,0.4559477,1
16:11:30.799094,126,0.57326484,1.0248609,-0.46902895,-0.76552004,156.76,1.0,0.36062208,1
16:11:30.799094,126,0.51283026,1.1799204,-0.5288421,-0.76552004,58.0,1.0,3.142846,1
16:11:30.799094,126,0.6384788,0.95358586,-0.35499367,-0.76552004,48.879997,1.0,2.4243975,1
16:11:30.799094,126,0.56270885,0.9827914,-0.4006014,-0.76552004,67.64,1.0,0.977619,1
16:11:30.799094,126,0.59002143,0.9843048,-0.35499367,-0.76552004,86.64,1.0,0.5856002,1
16:11:30.799094,126,0.57067853,0.87104094,-0.26589742,-0.83496004,33.12,1.0,5.0960536,1
16:11:30.799094,126,0.5363245,1.1694286,-0.5288421,-0.76552004,81.52,1.0,2.58875,1
16:11:30.799094,126,0.59501034,0.9282989,-0.2815457,-0.83496004,36.88,1.0,1.6905485,1
16:11:30.799094,126,0.62806374,1.1228282,-0.5288421,-0.83496004,59.76,1.0,4.604248,1
16:11:30.799094,126,0.4895299,1.0673953,-0.46902895,-0.76552004,32.239998,1.0,2.7562697,1
16:11:30.799094,126,0.63001204,0.79497516,1.484109,-0.83496004,44.0,1.0,4.6234865,1
16:11:30.799094,126,0.6037481,1.0072043,-0.46902895,-0.83496004,78.759995,1.0,0.95841587,1
16:11:30.799094,126,0.6368001,0.7210387,1.5207542,-0.83496004,28.64,1.0,4.515615,1
16:11:30.799094,126,0.6392604,1.1164916,-0.5288421,-0.83496004,46.36,1.0,5.2998857,1
16:11:30.799094,126,0.5213267,1.0522313,-0.46902895,-0.76552004,57.64,1.0,1.1460228,1
16:11:30.799094,126,0.5442944,0.8877668,-0.26589742,-0.83496004,23.76,1.0,5.3967657,1
16:11:30.799094,126,0.5128865,1.009687,-0.4006014,-0.76552004,27.359999,1.0,2.2983997,1
16:11:30.799094,126,0.6479826,0.9471535,-0.35499367,-0.76552004,38.76,1.0,3.0197537,1
16:11:30.799094,126,0.5826602,1.147046,-0.5288421,-0.76552004,97.52,1.0,2.7814553,1
16:11:30.847379,127,0.7379767,0.85168886,1.1845874,-0.62636,13.759999,1.0,6.6902566,1
16:11:30.847379,127,0.7044202,0.8129618,1.2216649,-0.62636,24.24,1.0,3.0663626,1
16:11:30.847379,127,0.72760284,0.8587671,1.1826907,-0.62636,17.359999,1.0,5.97933,1
16:11:30.847379,127,0.6945181,0.8197182,1.2198546,-0.62636,31.24,1.0,2.5602515,1
16:11:30.847379,127,0.65844655,0.77355987,1.2469969,-0.62636,46.52,1.0,0.6249101,1
16:11:30.847379,127,0.66439897,0.8394089,1.2145785,-0.76552004,49.0,1.0,1.4259284,1
16:11:30.847379,127,0.6394743,0.7860972,1.2436374,-0.62636,56.239998,1.0,0.19578032,1
16:11:30.847379,127,0.63274896,0.79942197,1.2519935,-0.62636,67.76,1.0,0.12748167,1
16:11:30.847379,127,0.6853903,0.8860677,1.1753756,-0.76552004,28.64,1.0,3.8088684,1
16:11:30.847379,127,0.57936025,0.7669873,1.5192091,-0.6958,25.119999,1.0,1.9242486,1
16:11:30.847379,127,0.654225,0.8457774,1.212872,-0.76552004,58.52,1.0,1.1794231,1
16:11:30.847379,127,0.6745064,0.8329424,1.2163111,-0.62636,39.64,1.0,1.7389523,1
16:11:30.847379,127,0.587984,0.7613494,1.5207198,-0.6958,30.76,1.0,1.7616938,1
16:11:30.847379,127,0.6147993,0.66704327,1.5519897,-0.6958,18.52,1.0,3.8307192,1
16:11:30.847379,127,0.5760334,0.69580567,1.5442828,-0.6958,25.64,1.0,3.8567626,1
16:11:30.847379,127,0.6134992,0.74393994,1.5253847,-0.6958,42.76,1.0,1.5955672,1
16:11:30.847379,127,0.5839049,0.69020355,1.5457839,-0.6958,25.119999,1.0,3.75607,1
16:11:30.847379,127,0.6202637,0.73318136,1.5175006,-0.6958,46.239998,1.0,1.6539924,1
16:11:30.847379,127,0.599472,0.6787726,1.5488468,-0.6958,23.519999,1.0,3.6992402,1
16:11:30.847379,127,0.6368001,0.7210387,1.5207542,-0.6958,45.879997,1.0,1.8969992,1
16:11:30.847379,127,0.607166,0.67294496,1.5504084,-0.6958,21.119999,1.0,3.7417746,1
16:11:30.847379,127,0.6449732,0.7148481,1.522413,-0.6958,41.879997,1.0,2.0931098,1
16:11:30.847379,127,0.65308183,0.70857894,1.5240928,-0.6958,35.88,1.0,2.3379352,1
16:11:30.847379,127,0.6691023,0.6958072,1.5275149,-0.6958,29.64,1.0,2.9706533,1
16:11:30.847379,127,0.7084796,0.7367561,1.4997088,-0.6958,14.759999,1.0,3.7808437,1
16:11:30.847379,127,0.67701256,0.6893059,1.5292569,-0.6958,24.119999,1.0,3.3570054,1
16:11:30.847379,127,0.6926293,0.67607576,1.532802,-0.6958,19.64,1.0,4.265842,1
16:11:30.847379,127,0.6230597,0.8054871,1.2503684,-0.76552004,80.119995,1.0,0.057238985,1
16:11:30.847379,127,0.6050544,0.7498252,1.5238076,-0.6958,37.0,1.0,1.5981115,1
16:11:30.847379,127,0.64188504,0.88061684,1.241437,-0.6958,66.36,1.0,1.6528275,1
16:11:30.847379,127,0.55354524,0.8452813,1.2397056,-0.76552004,83.88,1.0,1.4178007,1
16:11:30.847379,127,0.6208192,0.89281404,1.2381687,-0.6958,71.0,1.0,1.5683863,1
16:11:30.847379,127,0.5382177,0.75367856,0.71896094,-0.41748002,7.52,0.752,6.1280518,1
16:11:30.847379,127,0.5487862,0.7484287,0.7203676,-0.41748002,7.64,0.764,5.682365,1
16:11:30.847379,127,0.6034952,0.8173351,1.2471937,-0.76552004,91.52,1.0,0.11051523,1
16:11:30.847379,127,0.5618013,0.71413094,0.7845977,-0.41748002,13.639999,1.0,5.148043,1
16:11:30.847379,127,0.5801581,0.7320703,0.7247509,-0.41748002,8.76,0.876,4.8181047,1
16:11:30.847379,127,0.6007844,0.7206629,0.72780746,-0.41748002,9.24,0.92399997,4.6262116,1
16:11:30.847379,127,0.6110079,0.7148104,0.72937566,-0.41748002,9.24,0.92399997,4.642584,1
16:11:30.847379,127,0.63545597,0.74341184,0.67853457,-0.06972,8.0,0.79999995,4.9273252,1
16:11:30.847379,127,0.5087129,0.89280486,1.2630664,-0.76552004,41.64,1.0,4.4270897,1
16:11:30.847379,127,0.5341586,0.93746275,1.2262052,-0.76552004,37.64,1.0,4.2126904,1
16:11:30.847379,127,0.6312707,0.70281047,0.732591,-0.55664,8.76,0.876,4.894936,1
16:11:30.847379,127,0.51921844,0.8878403,1.2643967,-0.76552004,50.0,1.0,3.6904404,1
16:11:30.847379,127,0.5451896,0.93224984,1.227602,-0.76552004,43.239998,1.0,3.6103153,1
16:11:30.847379,127,0.6413079,0.69666433,0.73423785,-0.55664,8.12,0.812,5.1288805,1
16:11:30.847379,127,0.56975746,0.73762405,0.7232627,-0.41748002,8.0,0.79999995,5.028356,1
16:11:30.847379,127,0.5561661,0.92693067,1.2290273,-0.76552004,49.64,1.0,3.0876446,1
16:11:30.847379,127,0.529672,0.88277453,1.2657541,-0.76552004,60.12,1.0,3.0288997,1
16:11:30.847379,127,0.5936219,0.8231168,1.2456446,-0.76552004,99.0,1.0,0.2359257,1
16:11:30.847379,127,0.61019266,0.8987594,1.2365757,-0.83496004,71.64,1.0,1.634307,1
16:11:30.847379,127,0.5836893,0.8288028,1.244121,-0.76552004,99.88,1.0,0.42843458,1
16:11:30.847379,127,0.5995051,0.9046019,1.2350103,-0.76552004,68.64,1.0,1.7737446,1
16:11:30.847379,127,0.5736983,0.8343926,1.2426232,-0.76552004,94.119995,1.0,0.6889706,1
16:11:30.847379,127,0.6682461,0.94474614,1.119236,-0.76552004,14.5199995,1.0,5.5274057,1
16:11:30.847379,127,0.5887576,0.9103408,1.2334725,-0.76552004,63.12,1.0,1.9877552,1
16:11:30.847379,127,0.567087,0.92150575,1.2304809,-0.76552004,56.52,1.0,2.6436732,1
16:11:30.847379,127,0.5400727,0.877608,1.2671384,-0.76552004,71.76,1.0,2.4415746,1
16:11:30.847379,127,0.7120432,0.655846,0.5940449,-0.06972,6.64,0.664,11.259196,1
16:11:30.847379,127,0.6611889,0.68408275,0.7376091,-0.55664,7.24,0.724,5.8071675,1
16:11:30.847379,127,0.542541,0.7856722,1.2710485,-0.76552004,28.0,1.0,1.9932244,1
16:11:30.847379,127,0.5400727,0.877608,1.2671384,-0.76552004,71.76,1.0,2.4415746,1
16:11:30.847379,127,0.6945181,0.8197182,1.2198546,-0.62636,31.24,1.0,2.5602515,1
16:11:30.847379,127,0.6230597,0.8054871,1.2503684,-0.76552004,80.119995,1.0,0.057238985,1
16:11:30.899089,128,0.599472,0.6787726,1.5488468,-0.62636,61.12,1.0,1.0016625,1
16:11:30.899089,128,0.594996,0.7507905,1.5127822,-0.6958,36.52,1.0,1.8050181,1
16:11:30.899089,128,0.56810427,0.7013315,1.5428022,-0.62636,48.76,1.0,1.4169602,1
16:11:30.899089,128,0.6034792,0.7450022,1.5143332,-0.6958,44.879997,1.0,1.4916849,1
16:11:30.899089,128,0.5760334,0.69580567,1.5442828,-0.62636,56.64,1.0,1.2081037,1
16:11:30.899089,128,0.61190206,0.73913234,1.5159061,-0.6958,54.36,1.0,1.2521263,1
16:11:30.899089,128,0.54740185,0.64705515,1.5741794,-0.62636,8.24,0.824,3.6426818,1
16:11:30.899089,128,0.5839049,0.69020355,1.5457839,-0.62636,61.359997,1.0,1.0691139,1
16:11:30.899089,128,0.6202637,0.73318136,1.5175006,-0.6958,63.76,1.0,1.0866112,1
16:11:30.899089,128,0.6998712,0.6434579,1.4987715,-0.6958,33.36,1.0,4.600784,1
16:11:30.899089,128,0.7084796,0.7367561,1.4997088,-0.6958,29.24,1.0,4.188589,1
16:11:30.899089,128,0.6449732,0.7148481,1.522413,-0.6958,72.36,1.0,1.0369412,1
16:11:30.899089,128,0.6152525,0.6426711,1.5182569,-0.62636,48.239998,1.0,2.1324415,1
16:11:30.899089,128,0.65308183,0.70857894,1.5240928,-0.6958,68.119995,1.0,1.1701893,1
16:11:30.899089,128,0.63003755,0.6306421,1.5214801,-0.62636,40.0,1.0,2.9289947,1
16:11:30.899089,128,0.6691023,0.6958072,1.5275149,-0.6958,59.76,1.0,1.6628597,1
16:11:30.899089,128,0.63733596,0.62452114,1.5231202,-0.62636,32.52,1.0,3.434403,1
16:11:30.899089,128,0.67702186,0.663409,1.4934256,-0.6958,50.0,1.0,2.5714717,1
16:11:30.899089,128,0.6517409,0.6120692,1.5264567,-0.62636,26.519999,1.0,4.6603727,1
16:11:30.899089,128,0.684707,0.65683234,1.4951879,-0.6958,41.0,1.0,3.171498,1
16:11:30.899089,128,0.5601183,0.70678043,1.5413421,-0.62636,40.36,1.0,1.6954457,1
16:11:30.899089,128,0.6096169,0.65329266,1.5254327,-0.62636,56.12,1.0,1.6421665,1
16:11:30.899089,128,0.57936025,0.7669873,1.5192091,-0.6958,29.76,1.0,2.976793,1
16:11:30.899089,128,0.6368001,0.7210387,1.5207542,-0.6958,70.76,1.0,0.9787621,1
16:11:30.899089,128,0.5358277,0.72266066,1.5370871,-0.62636,26.64,1.0,2.9462261,1
16:11:30.899089,128,0.5439793,0.71744555,1.5384845,-0.62636,32.88,1.0,2.4603279,1
16:11:30.899089,128,0.49623707,0.7333063,0.767597,-0.27832,13.36,1.0,3.615747,1
16:11:30.899089,128,0.5169204,0.7638708,0.71623,-0.27832,9.5199995,0.95199996,3.3507016,1
16:11:30.899089,128,0.5166822,0.7235219,0.77021873,-0.27832,14.0,1.0,2.7690558,1
16:11:30.899089,128,0.5048694,0.68853545,0.8227706,-0.27832,8.639999,0.86399996,3.8344893,1
16:11:30.899089,128,0.5268278,0.7184821,0.77156913,-0.27832,14.0,1.0,2.4842253,1
16:11:30.899089,128,0.5487862,0.7484287,0.7203676,-0.27832,10.24,1.0,2.2896266,1
16:11:30.899089,128,0.54695994,0.70810974,0.7743484,-0.27832,13.36,1.0,2.192919,1
16:11:30.899089,128,0.56975746,0.73762405,0.7232627,-0.27832,10.12,1.0,2.066505,1
16:11:30.899089,128,0.55694443,0.7027782,0.7757769,-0.27832,12.12,1.0,2.1869595,1
16:11:30.899089,128,0.5382177,0.75367856,0.71896094,-0.27832,10.0,1.0,2.5467484,1
16:11:30.899089,128,0.5767454,0.6918273,0.77871126,-0.27832,10.639999,1.0,2.4556825,1
16:11:30.899089,128,0.5801581,0.7320703,0.7247509,-0.27832,10.36,1.0,2.1010559,1
16:11:30.899089,128,0.5276226,0.72779673,1.5357108,-0.62636,21.76,1.0,3.5007558,1
16:11:30.899089,128,0.5749794,0.72291154,1.2320161,-0.55664,13.759999,1.0,0.205764,1
16:11:30.899089,128,0.64107764,0.8444363,1.2007084,-0.55664,14.24,1.0,8.405403,1
16:11:30.899089,128,0.5796308,0.7858028,1.1965683,-0.55664,23.64,1.0,2.3805425,1
16:11:30.899089,128,0.6669683,0.7245397,0.68359137,-0.27832,7.64,0.764,5.804211,1
16:11:30.899089,128,0.6110079,0.7148104,0.72937566,-0.27832,9.36,0.936,2.7923574,1
16:11:30.899089,128,0.6007844,0.7206629,0.72780746,-0.27832,10.0,1.0,2.4637215,1
16:11:30.899089,128,0.6669683,0.7245397,0.68359137,-0.27832,7.64,0.764,5.804211,1
16:11:30.899089,128,0.5601183,0.70678043,1.5413421,-0.62636,40.36,1.0,1.6954457,1
16:11:30.899089,128,0.6998712,0.6434579,1.4987715,-0.6958,33.36,1.0,4.600784,1
16:11:30.899089,128,0.54740185,0.64705515,1.5741794,-0.62636,8.24,0.824,3.6426818,1
16:11:30.899089,128,0.5382177,0.75367856,0.71896094,-0.27832,10.0,1.0,2.5467484,1
16:11:30.899089,128,0.5801581,0.7320703,0.7247509,-0.27832,10.36,1.0,2.1010559,1
16:11:30.899089,128,0.54740185,0.64705515,1.5741794,-0.62636,8.24,0.824,3.6426818,1
16:11:30.899089,128,0.5749794,0.72291154,1.2320161,-0.55664,13.759999,1.0,0.205764,1
16:11:30.899089,128,0.57936025,0.7669873,1.5192091,-0.6958,29.76,1.0,2.976793,1
16:11:30.899089,128,0.6007844,0.7206629,0.72780746,-0.27832,10.0,1.0,2.4637215,1
16:11:30.899089,128,0.61190206,0.73913234,1.5159061,-0.6958,54.36,1.0,1.2521263,1
16:11:30.899089,128,0.56975746,0.73762405,0.7232627,-0.27832,10.12,1.0,2.066505,1
16:11:30.899089,128,0.49623707,0.7333063,0.767597,-0.27832,13.36,1.0,3.615747,1
16:11:30.899089,128,0.5760334,0.69580567,1.5442828,-0.62636,56.64,1.0,1.2081037,1
16:11:30.899089,128,0.63003755,0.6306421,1.5214801,-0.62636,40.0,1.0,2.9289947,1
16:11:30.899089,128,0.6449732,0.7148481,1.522413,-0.6958,72.36,1.0,1.0369412,1
16:11:30.899089,128,0.5839049,0.69020355,1.5457839,-0.62636,61.359997,1.0,1.0691139,1
16:11:30.899089,128,0.5439793,0.71744555,1.5384845,-0.62636,32.88,1.0,2.4603279,1
16:11:30.899089,128,0.67702186,0.663409,1.4934256,-0.6958,50.0,1.0,2.5714717,1
16:11:30.951099,129,0.58495003,0.76946414,-0.29899257,-0.55664,52.12,1.0,0.120954424,1
16:11:30.951099,129,0.6077673,0.7515721,-0.29899257,-0.55664,49.52,1.0,0.5821707,1
16:11:30.951099,129,0.5626982,0.7102496,-0.28030092,-0.55664,12.0,1.0,1.2929698,1
16:11:30.951099,129,0.6002213,0.75761205,-0.29899257,-0.55664,52.76,1.0,0.37138775,1
16:11:30.951099,129,0.5697724,0.70458716,-0.28030092,-0.55664,12.5199995,1.0,1.2543975,1
16:11:30.951099,129,0.6152525,0.7454569,-0.29899257,-0.55664,43.64,1.0,0.84833527,1
16:11:30.951099,129,0.610997,0.66915345,-0.28030092,-0.55664,9.12,0.912,2.114833,1
16:11:30.951099,129,0.63003755,0.73300356,-0.29899257,-0.55664,36.88,1.0,1.5418552,1
16:11:30.951099,129,0.59749264,0.6812388,-0.28030092,-0.55664,10.24,1.0,1.6271014,1
16:11:30.951099,129,0.63733596,0.7266667,-0.29899257,-0.55664,30.519999,1.0,1.9667505,1
16:11:30.951099,129,0.6517409,0.71377546,-0.29899257,-0.55664,25.119999,1.0,2.966717,1
16:11:30.951099,129,0.5500505,0.7235561,-0.2712257,-0.55664,10.88,1.0,1.3256733,1
16:11:30.951099,129,0.5906505,0.68717957,-0.28030092,-0.55664,11.36,1.0,1.4570017,1
16:11:30.951099,129,0.61190206,0.8392397,-0.27629733,-0.55664,35.239998,1.0,2.6584084,1
16:11:30.951099,129,0.5767897,0.6988543,-0.28030092,-0.55664,12.24,1.0,1.2695898,1
16:11:30.951099,129,0.54002243,0.74065495,-0.2438409,-0.55664,9.12,0.912,1.2435602,1
16:11:30.951099,129,0.5760334,0.79004496,-0.26010126,-0.55664,47.76,1.0,0.34762794,1
16:11:30.951099,129,0.49456385,0.94996846,-0.54402965,-0.62636,40.64,1.0,5.0663204,1
16:11:30.951099,129,0.50403863,0.9449754,-0.54402965,-0.62636,44.36,1.0,4.2513065,1
16:11:30.951099,129,0.542541,0.9475676,-0.50076604,-0.55664,49.64,1.0,2.4084814,1
16:11:30.951099,129,0.53425795,0.91183215,-0.42210752,-0.62636,32.0,1.0,1.9670815,1
16:11:30.951099,129,0.6105386,0.9738242,-0.52713317,-0.55664,25.359999,1.0,4.733007,1
16:11:30.951099,129,0.513463,0.9398878,-0.54402965,-0.55664,47.52,1.0,3.5290349,1
16:11:30.951099,129,0.5439793,0.8124482,-0.26010126,-0.55664,28.76,1.0,0.8288005,1
16:11:30.951099,129,0.5251023,0.75130653,-0.2438409,-0.55664,5.7599998,0.576,1.8514634,1
16:11:30.951099,129,0.5601183,0.80140686,-0.26010126,-0.55664,34.76,1.0,0.4605759,1
16:11:30.951099,129,0.53258896,0.74601805,-0.2438409,-0.55664,7.3599997,0.736,1.5175368,1
16:11:30.951099,129,0.56810427,0.7957657,-0.26010126,-0.55664,41.52,1.0,0.3728441,1
16:11:30.951099,129,0.54002243,0.74065495,-0.2438409,-0.55664,9.12,0.912,1.2435602,1
16:11:30.951099,129,0.50403863,0.9449754,-0.54402965,-0.62636,44.36,1.0,4.2513065,1
16:11:30.951099,129,0.63003755,0.73300356,-0.29899257,-0.55664,36.88,1.0,1.5418552,1
16:11:30.951099,129,0.5626982,0.7102496,-0.28030092,-0.55664,12.0,1.0,1.2929698,1
16:11:30.951099,129,0.6517409,0.71377546,-0.29899257,-0.55664,25.119999,1.0,2.966717,1
16:11:30.951099,129,0.58495003,0.76946414,-0.29899257,-0.55664,52.12,1.0,0.120954424,1
16:11:30.951099,129,0.56810427,0.7957657,-0.26010126,-0.55664,41.52,1.0,0.3728441,1
16:11:30.951099,129,0.6105386,0.9738242,-0.52713317,-0.55664,25.359999,1.0,4.733007,1
16:11:30.951099,129,0.6077673,0.7515721,-0.29899257,-0.55664,49.52,1.0,0.5821707,1
16:11:30.951099,129,0.5697724,0.70458716,-0.28030092,-0.55664,12.5199995,1.0,1.2543975,1
16:11:30.951099,129,0.53425795,0.91183215,-0.42210752,-0.62636,32.0,1.0,1.9670815,1
16:11:30.951099,129,0.5626982,0.7102496,-0.28030092,-0.55664,12.0,1.0,1.2929698,1
16:11:30.951099,129,0.6077673,0.7515721,-0.29899257,-0.55664,49.52,1.0,0.5821707,1
16:11:30.951099,129,0.6152525,0.7454569,-0.29899257,-0.55664,43.64,1.0,0.84833527,1
16:11:30.951099,129,0.61190206,0.8392397,-0.27629733,-0.55664,35.239998,1.0,2.6584084,1
16:11:30.951099,129,0.63003755,0.73300356,-0.29899257,-0.55664,36.88,1.0,1.5418552,1
16:11:30.951099,129,0.513463,0.9398878,-0.54402965,-0.55664,47.52,1.0,3.5290349,1
16:11:30.951099,129,0.59749264,0.6812388,-0.28030092,-0.55664,10.24,1.0,1.6271014,1
16:11:30.951099,129,0.5251023,0.75130653,-0.2438409,-0.55664,5.7599998,0.576,1.8514634,1
16:11:30.951099,129,0.49456385,0.94996846,-0.54402965,-0.62636,40.64,1.0,5.0663204,1
16:11:30.951099,129,0.58495003,0.76946414,-0.29899257,-0.55664,52.12,1.0,0.120954424,1
16:11:30.951099,129,0.5601183,0.80140686,-0.26010126,-0.55664,34.76,1.0,0.4605759,1
16:11:30.951099,129,0.610997,0.66915345,-0.28030092,-0.55664,9.12,0.912,2.114833,1
16:11:30.951099,129,0.5251023,0.75130653,-0.2438409,-0.55664,5.7599998,0.576,1.8514634,1
16:11:30.951099,129,0.5767897,0.6988543,-0.28030092,-0.55664,12.24,1.0,1.2695898,1
16:11:30.951099,129,0.63733596,0.7266667,-0.29899257,-0.55664,30.519999,1.0,1.9667505,1
16:11:30.951099,129,0.5439793,0.8124482,-0.26010126,-0.55664,28.76,1.0,0.8288005,1
16:11:30.951099,129,0.63003755,0.73300356,-0.29899257,-0.55664,36.88,1.0,1.5418552,1
16:11:30.951099,129,0.61190206,0.8392397,-0.27629733,-0.55664,35.239998,1.0,2.6584084,1
16:11:30.951099,129,0.5626982,0.7102496,-0.28030092,-0.55664,12.0,1.0,1.2929698,1
16:11:30.951099,129,0.6105386,0.9738242,-0.52713317,-0.55664,25.359999,1.0,4.733007,1
16:11:30.951099,129,0.5439793,0.8124482,-0.26010126,-0.55664,28.76,1.0,0.8288005,1
16:11:30.951099,129,0.53258896,0.74601805,-0.2438409,-0.55664,7.3599997,0.736,1.5175368,1
16:11:30.951099,129,0.61190206,0.8392397,-0.27629733,-0.55664,35.239998,1.0,2.6584084,1
16:11:30.951099,129,0.56810427,0.7957657,-0.26010126,-0.55664,41.52,1.0,0.3728441,1
16:11:30.951099,129,0.5601183,0.80140686,-0.26010126,-0.55664,34.76,1.0,0.4605759,1
16:11:31.005385,130,0.5772462,0.6461297,1.4775621,-0.55664,26.519999,1.0,1.913542,1
16:11:31.005385,130,0.70722276,0.70948976,1.3370807,-0.48720002,35.0,1.0,1.9834145,1
16:11:31.005385,130,0.599763,0.62907493,1.482132,-0.55664,23.64,1.0,3.481818,1
16:11:31.005385,130,0.69861865,0.7162795,1.3352615,-0.48720002,37.64,1.0,1.7571517,1
16:11:31.005385,130,0.5848105,0.6405174,1.4790659,-0.55664,25.64,1.0,2.3087704,1
16:11:31.005385,130,0.6479544,0.6971826,1.3761927,-0.48720002,42.76,1.0,0.3508393,1
16:11:31.005385,130,0.724218,0.6956627,1.3407857,-0.48720002,31.88,1.0,2.9341824,1
16:11:31.005385,130,0.6723906,0.73614544,1.3299384,-0.48720002,39.879997,1.0,2.0516522,1
16:11:31.005385,130,0.61319035,0.68636316,1.4450308,-0.48720002,23.24,1.0,0.29101536,1
16:11:31.005385,130,0.5537118,0.6878605,1.5061485,-0.55664,24.76,1.0,1.3054754,1
16:11:31.005385,130,0.6864088,0.7540729,1.2522184,-0.48720002,10.5199995,1.0,4.0646358,1
16:11:31.005385,130,0.5457618,0.6931706,1.5047256,-0.55664,22.519999,1.0,1.656366,1
16:11:31.005385,130,0.55549425,0.6184465,0.8847282,-0.34804,6.3599997,0.636,3.1560361,1
16:11:31.005385,130,0.5865599,0.6862089,0.7802167,-0.34804,5.64,0.564,6.1071672,1
16:11:31.005385,130,0.5527064,0.66299164,0.82961506,-0.34804,9.36,0.936,5.5119147,1
16:11:31.005385,130,0.72708327,0.53564435,-0.020347629,-0.41748002,5.52,0.552,9.7590065,1
16:11:31.005385,130,0.5694448,0.6770113,1.5090555,-0.55664,26.24,1.0,0.9683464,1
16:11:31.005385,130,0.5527064,0.66299164,0.82961506,-0.34804,9.36,0.936,5.5119147,1
16:11:31.005385,130,0.61319035,0.68636316,1.4450308,-0.48720002,23.24,1.0,0.29101536,1
16:11:31.005385,130,0.5457618,0.6931706,1.5047256,-0.55664,22.519999,1.0,1.656366,1
16:11:31.005385,130,0.5527064,0.66299164,0.82961506,-0.34804,9.36,0.936,5.5119147,1
16:11:31.005385,130,0.61319035,0.68636316,1.4450308,-0.48720002,23.24,1.0,0.29101536,1
16:11:31.005385,130,0.599763,0.62907493,1.482132,-0.55664,23.64,1.0,3.481818,1
16:11:31.005385,130,0.5527064,0.66299164,0.82961506,-0.34804,9.36,0.936,5.5119147,1
16:11:31.005385,130,0.70722276,0.70948976,1.3370807,-0.48720002,35.0,1.0,1.9834145,1
16:11:31.005385,130,0.6864088,0.7540729,1.2522184,-0.48720002,10.5199995,1.0,4.0646358,1
16:11:31.005385,130,0.5865599,0.6862089,0.7802167,-0.34804,5.64,0.564,6.1071672,1
16:11:31.005385,130,0.61319035,0.68636316,1.4450308,-0.48720002,23.24,1.0,0.29101536,1
16:11:31.005385,130,0.55549425,0.6184465,0.8847282,-0.34804,6.3599997,0.636,3.1560361,1
16:11:31.005385,130,0.5457618,0.6931706,1.5047256,-0.55664,22.519999,1.0,1.656366,1
16:11:31.005385,130,0.5457618,0.6931706,1.5047256,-0.55664,22.519999,1.0,1.656366,1
16:11:31.005385,130,0.69861865,0.7162795,1.3352615,-0.48720002,37.64,1.0,1.7571517,1
16:11:31.005385,130,0.724218,0.6956627,1.3407857,-0.48720002,31.88,1.0,2.9341824,1
16:11:31.005385,130,0.599763,0.62907493,1.482132,-0.55664,23.64,1.0,3.481818,1
16:11:31.005385,130,0.6723906,0.73614544,1.3299384,-0.48720002,39.879997,1.0,2.0516522,1
16:11:31.005385,130,0.5457618,0.6931706,1.5047256,-0.55664,22.519999,1.0,1.656366,1
16:11:31.005385,130,0.5865599,0.6862089,0.7802167,-0.34804,5.64,0.564,6.1071672,1
16:11:31.005385,130,0.5457618,0.6931706,1.5047256,-0.55664,22.519999,1.0,1.656366,1
16:11:31.005385,130,0.61319035,0.68636316,1.4450308,-0.48720002,23.24,1.0,0.29101536,1
16:11:31.005385,130,0.5772462,0.6461297,1.4775621,-0.55664,26.519999,1.0,1.913542,1
16:11:31.005385,130,0.6479544,0.6971826,1.3761927,-0.48720002,42.76,1.0,0.3508393,1
16:11:31.005385,130,0.5527064,0.66299164,0.82961506,-0.34804,9.36,0.936,5.5119147,1
16:11:31.005385,130,0.724218,0.6956627,1.3407857,-0.48720002,31.88,1.0,2.9341824,1
16:11:31.005385,130,0.70722276,0.70948976,1.3370807,-0.48720002,35.0,1.0,1.9834145,1
16:11:31.005385,130,0.5772462,0.6461297,1.4775621,-0.55664,26.519999,1.0,1.913542,1
16:11:31.005385,130,0.6864088,0.7540729,1.2522184,-0.48720002,10.5199995,1.0,4.0646358,1
16:11:31.005385,130,0.6864088,0.7540729,1.2522184,-0.48720002,10.5199995,1.0,4.0646358,1
16:11:31.005385,130,0.5527064,0.66299164,0.82961506,-0.34804,9.36,0.936,5.5119147,1
16:11:31.005385,130,0.5537118,0.6878605,1.5061485,-0.55664,24.76,1.0,1.3054754,1
16:11:31.005385,130,0.5527064,0.66299164,0.82961506,-0.34804,9.36,0.936,5.5119147,1
16:11:31.005385,130,0.6864088,0.7540729,1.2522184,-0.48720002,10.5199995,1.0,4.0646358,1
16:11:31.005385,130,0.5527064,0.66299164,0.82961506,-0.34804,9.36,0.936,5.5119147,1
16:11:31.005385,130,0.5694448,0.6770113,1.5090555,-0.55664,26.24,1.0,0.9683464,1
16:11:31.005385,130,0.5457618,0.6931706,1.5047256,-0.55664,22.519999,1.0,1.656366,1
16:11:31.005385,130,0.5694448,0.6770113,1.5090555,-0.55664,26.24,1.0,0.9683464,1
16:11:31.005385,130,0.5457618,0.6931706,1.5047256,-0.55664,22.519999,1.0,1.656366,1
16:11:31.005385,130,0.5772462,0.6461297,1.4775621,-0.55664,26.519999,1.0,1.913542,1
16:11:31.005385,130,0.599763,0.62907493,1.482132,-0.55664,23.64,1.0,3.481818,1
16:11:31.005385,130,0.5527064,0.66299164,0.82961506,-0.34804,9.36,0.936,5.5119147,1
16:11:31.005385,130,0.5865599,0.6862089,0.7802167,-0.34804,5.64,0.564,6.1071672,1
16:11:31.005385,130,0.5694448,0.6770113,1.5090555,-0.55664,26.24,1.0,0.9683464,1
16:11:31.005385,130,0.5537118,0.6878605,1.5061485,-0.55664,24.76,1.0,1.3054754,1
16:11:31.005385,130,0.5848105,0.6405174,1.4790659,-0.55664,25.64,1.0,2.3087704,1
16:11:31.005385,130,0.61319035,0.68636316,1.4450308,-0.48720002,23.24,1.0,0.29101536,1
16:11:31.063932,131,0.69559354,0.9150086,-0.52713317,-0.48720002,10.36,1.0,4.0335374,1
16:11:31.063932,131,0.6650738,0.83947027,-0.54402965,-0.41748002,16.76,1.0,1.5676948,1
16:11:31.063932,131,0.6864088,0.92191863,-0.52713317,-0.48720002,12.759999,1.0,4.1685853,1
16:11:31.063932,131,0.65844655,0.942093,-0.52713317,-0.48720002,14.759999,1.0,6.017837,1
16:11:31.063932,131,0.6678344,0.9354615,-0.52713317,-0.48720002,14.24,1.0,5.1601086,1
16:11:31.063932,131,0.6395942,0.85904175,-0.54402965,-0.41748002,28.64,1.0,1.7565746,1
16:11:31.063932,131,0.6734351,0.8327776,-0.54402965,-0.41748002,12.639999,1.0,1.9221095,1
16:11:31.063932,131,0.6481525,0.85260296,-0.54402965,-0.41748002,22.119999,1.0,1.4841707,1
16:11:31.063932,131,0.7088938,0.8766263,-0.57267475,-0.41748002,8.0,0.79999995,4.101695,1
16:11:31.063932,131,0.56919336,0.6896504,-0.31631252,-0.41748002,14.24,1.0,3.3835907,1
16:11:31.063932,131,0.7262834,0.86227405,-0.57267475,-0.41748002,5.8799996,0.588,5.8993645,1
16:11:31.063932,131,0.5482508,0.7064133,-0.31631252,-0.48720002,9.12,0.912,4.213014,1
16:11:31.063932,131,0.5622685,0.69530773,-0.31631252,-0.48720002,11.759999,1.0,3.511088,1
16:11:31.063932,131,0.5828716,0.6781294,-0.31631252,-0.41748002,16.119999,1.0,3.5724957,1
16:11:31.063932,131,0.6217399,0.72334987,-0.33740556,-0.48720002,24.64,1.0,2.8471313,1
16:11:31.063932,131,0.58962363,0.67226684,-0.31631252,-0.41748002,17.119999,1.0,3.8875282,1
16:11:31.063932,131,0.5963167,0.6663371,-0.31631252,-0.41748002,17.0,1.0,4.3486147,1
16:11:31.063932,131,0.6095233,0.6542783,-0.31631252,-0.41748002,16.119999,1.0,5.7056437,1
16:11:31.063932,131,0.6222866,0.7011546,-0.75109476,-0.41748002,35.52,1.0,3.6905005,1
16:11:31.063932,131,0.5411594,0.7118604,-0.31631252,-0.48720002,6.7599998,0.676,4.788499,1
16:11:31.063932,131,0.64899284,0.7798743,-0.7546951,-0.48720002,14.12,1.0,2.533598,1
16:11:31.063932,131,0.48393226,0.71963745,-0.7368688,-0.41748002,35.36,1.0,5.999543,1
16:11:31.063932,131,0.58123404,0.6698907,-0.7130621,-0.41748002,37.52,1.0,2.079282,1
16:11:31.063932,131,0.61353904,0.7071232,-0.7526941,-0.41748002,40.239998,1.0,2.673218,1
16:11:31.063932,131,0.52866745,0.634156,-1.1194812,-0.27832,5.8799996,0.588,9.329722,1
16:11:31.063932,131,0.5527064,0.66299164,-1.170385,-0.27832,5.3599997,0.536,10.653762,1
16:11:31.063932,131,0.5102855,0.70523125,-0.7330087,-0.41748002,47.0,1.0,2.7596316,1
16:11:31.063932,131,0.542541,0.7856722,-0.7289514,-0.41748002,17.88,1.0,3.2282777,1
16:11:31.063932,131,0.518969,0.70026034,-0.7316767,-0.41748002,51.52,1.0,2.0538456,1
16:11:31.063932,131,0.5519894,0.780386,-0.72753495,-0.41748002,21.88,1.0,2.2173116,1
16:11:31.063932,131,0.5361795,0.690068,-0.7289457,-0.41748002,53.64,1.0,1.2029219,1
16:11:31.063932,131,0.5613826,0.77500874,-0.7260941,-0.41748002,26.76,1.0,1.4230301,1
16:11:31.063932,131,0.5015509,0.7101181,-0.7343181,-0.41748002,41.36,1.0,3.6524851,1
16:11:31.063932,131,0.5799996,0.7639835,-0.72313994,-0.41748002,32.36,1.0,0.4838596,1
16:11:31.063932,131,0.6105386,0.8042099,-0.76121575,-0.48720002,10.0,1.0,1.0386448,1
16:11:31.063932,131,0.52717245,0.6784784,-0.64563453,-0.41748002,11.5199995,1.0,1.422272,1
16:11:31.063932,131,0.5560277,0.6863696,-0.71747756,-0.41748002,48.879997,1.0,0.9130618,1
16:11:31.063932,131,0.5869317,0.724518,-0.757355,-0.41748002,37.76,1.0,0.85825074,1
16:11:31.063932,131,0.6202462,0.7982656,-0.759623,-0.48720002,11.5199995,1.0,1.0567755,1
16:11:31.063932,131,0.5728889,0.67546475,-0.7145556,-0.41748002,43.52,1.0,1.5037723,1
16:11:31.063932,131,0.60473007,0.71300703,-0.7542706,-0.41748002,41.12,1.0,1.8616427,1
16:11:31.063932,131,0.54751325,0.6916993,-0.7189057,-0.41748002,52.64,1.0,0.8988463,1
16:11:31.063932,131,0.6298917,0.79222786,-0.7580052,-0.48720002,12.88,1.0,1.3123431,1
16:11:31.063932,131,0.5560277,0.6863696,-0.71747756,-0.41748002,48.879997,1.0,0.9130618,1
16:11:31.063932,131,0.5869317,0.724518,-0.757355,-0.41748002,37.76,1.0,0.85825074,1
16:11:31.063932,131,0.56919336,0.6896504,-0.31631252,-0.41748002,14.24,1.0,3.3835907,1
16:11:31.063932,131,0.58962363,0.67226684,-0.31631252,-0.41748002,17.119999,1.0,3.8875282,1
16:11:31.063932,131,0.61353904,0.7071232,-0.7526941,-0.41748002,40.239998,1.0,2.673218,1
16:11:31.063932,131,0.6650738,0.83947027,-0.54402965,-0.41748002,16.76,1.0,1.5676948,1
16:11:31.063932,131,0.56919336,0.6896504,-0.31631252,-0.41748002,14.24,1.0,3.3835907,1
16:11:31.063932,131,0.54751325,0.6916993,-0.7189057,-0.41748002,52.64,1.0,0.8988463,1
16:11:31.063932,131,0.6678344,0.9354615,-0.52713317,-0.48720002,14.24,1.0,5.1601086,1
16:11:31.063932,131,0.5102855,0.70523125,-0.7330087,-0.41748002,47.0,1.0,2.7596316,1
16:11:31.063932,131,0.5361795,0.690068,-0.7289457,-0.41748002,53.64,1.0,1.2029219,1
16:11:31.063932,131,0.58123404,0.6698907,-0.7130621,-0.41748002,37.52,1.0,2.079282,1
16:11:31.063932,131,0.6105386,0.8042099,-0.76121575,-0.48720002,10.0,1.0,1.0386448,1
16:11:31.063932,131,0.64899284,0.7798743,-0.7546951,-0.48720002,14.12,1.0,2.533598,1
16:11:31.063932,131,0.6734351,0.8327776,-0.54402965,-0.41748002,12.639999,1.0,1.9221095,1
16:11:31.063932,131,0.58123404,0.6698907,-0.7130621,-0.41748002,37.52,1.0,2.079282,1
16:11:31.063932,131,0.6864088,0.92191863,-0.52713317,-0.48720002,12.759999,1.0,4.1685853,1
16:11:31.063932,131,0.6202462,0.7982656,-0.759623,-0.48720002,11.5199995,1.0,1.0567755,1
16:11:31.063932,131,0.5361795,0.690068,-0.7289457,-0.41748002,53.64,1.0,1.2029219,1
16:11:31.063932,131,0.5613826,0.77500874,-0.7260941,-0.41748002,26.76,1.0,1.4230301,1
16:11:31.063932,131,0.6678344,0.9354615,-0.52713317,-0.48720002,14.24,1.0,5.1601086,1
16:11:31.207334,132,0.550305,0.62743723,-0.29521945,-0.41748002,6.52,0.652,3.5059452,1
16:11:31.207334,132,0.6170369,0.7035224,-0.38465562,-0.41748002,60.52,1.0,0.72790176,1
16:11:31.207334,132,0.5828716,0.6781294,-0.31631252,-0.41748002,13.36,1.0,0.64932925,1
16:11:31.207334,132,0.6099709,0.70965743,-0.38465562,-0.41748002,65.88,1.0,0.47178778,1
16:11:31.207334,132,0.56919336,0.6896504,-0.31631252,-0.41748002,10.12,1.0,0.7356198,1
16:11:31.207334,132,0.631831,0.7203901,-0.48673955,-0.41748002,24.519999,1.0,0.4867712,1
16:11:31.207334,132,0.5884099,0.7276345,-0.38465562,-0.41748002,60.0,1.0,0.15683542,1
16:11:31.207334,132,0.5622685,0.69530773,-0.31631252,-0.41748002,7.52,0.752,0.89013094,1
16:11:31.207334,132,0.62459564,0.7266723,-0.48673955,-0.41748002,30.0,1.0,0.29438362,1
16:11:31.207334,132,0.60993826,0.739018,-0.48673955,-0.41748002,37.0,1.0,0.14850071,1
16:11:31.207334,132,0.5737405,0.7392564,-0.38465562,-0.41748002,51.52,1.0,0.3500626,1
16:11:31.207334,132,0.6379764,0.788929,-0.5153846,-0.41748002,21.0,1.0,0.89250183,1
16:11:31.207334,132,0.58962363,0.67226684,-0.31631252,-0.41748002,16.88,1.0,0.712965,1
16:11:31.207334,132,0.5956567,0.72171414,-0.38465562,-0.41748002,65.64,1.0,0.18372491,1
16:11:31.207334,132,0.630983,0.69104177,-0.38465562,-0.41748002,51.879997,1.0,1.4517355,1
16:11:31.207334,132,0.6266185,0.63342047,-0.3252386,-0.41748002,21.64,1.0,2.1982484,1
16:11:31.207334,132,0.5963167,0.6663371,-0.31631252,-0.41748002,20.119999,1.0,0.8447488,1
16:11:31.207334,132,0.60251766,0.74508035,-0.48673955,-0.41748002,45.239998,1.0,0.20029464,1
16:11:31.207334,132,0.65591025,0.5879269,-0.35181808,-0.41748002,14.5199995,1.0,4.42017,1
16:11:31.207334,132,0.6453363,0.6143397,-0.3252386,-0.34804,17.0,1.0,3.6966586,1
16:11:31.207334,132,0.60447097,0.5754372,-0.29521945,-0.41748002,9.36,0.936,3.0131054,1
16:11:31.207334,132,0.6329212,0.6271227,-0.3252386,-0.34804,19.52,1.0,2.645317,1
16:11:31.207334,132,0.5928421,0.58741075,-0.29521945,-0.41748002,10.0,1.0,2.7271607,1
16:11:31.207334,132,0.5565518,0.6219029,-0.29521945,-0.41748002,8.0,0.79999995,3.210119,1
16:11:31.207334,132,0.58693844,0.5933097,-0.29521945,-0.41748002,10.24,1.0,2.6633263,1
16:11:31.207334,132,0.6160355,0.64815044,-0.31631252,-0.41748002,22.88,1.0,1.6264046,1
16:11:31.207334,132,0.57495564,0.60492903,-0.29521945,-0.41748002,10.0,1.0,2.7032003,1
16:11:31.207334,132,0.6467682,0.6537889,-0.42176905,-0.41748002,34.52,1.0,2.0781088,1
16:11:31.207334,132,0.6095233,0.6542783,-0.31631252,-0.41748002,22.359999,1.0,1.3037134,1
16:11:31.207334,132,0.5688777,0.6106482,-0.29521945,-0.41748002,9.24,0.92399997,2.810662,1
16:11:31.207334,132,0.6378617,0.68469745,-0.38465562,-0.34804,42.76,1.0,1.9144723,1
16:11:31.207334,132,0.65971375,0.64072365,-0.42176905,-0.41748002,27.88,1.0,3.0882938,1
16:11:31.207334,132,0.5663194,0.74495673,-0.38465562,-0.41748002,42.52,1.0,0.57529247,1
16:11:31.207334,132,0.5318238,0.8872165,-0.474399,-0.41748002,33.76,1.0,3.612153,1
16:11:31.207334,132,0.5912132,0.77770305,-0.4480319,-0.41748002,54.0,1.0,0.051041342,1
16:11:31.207334,132,0.6300553,0.7952692,-0.5153846,-0.41748002,25.88,1.0,0.5686473,1
16:11:31.207334,132,0.52292526,0.89249027,-0.474399,-0.41748002,29.0,1.0,4.526067,1
16:11:31.207334,132,0.5519894,0.94209486,-0.50076604,-0.34804,21.119999,1.0,3.4707942,1
16:11:31.207334,132,0.5613826,0.93652797,-0.50076604,-0.41748002,23.76,1.0,3.0424309,1
16:11:31.207334,132,0.5189216,0.8276928,-0.4480319,-0.41748002,33.64,1.0,4.8835135,1
16:11:31.207334,132,0.54946065,0.8764033,-0.474399,-0.41748002,38.64,1.0,2.1802585,1
16:11:31.207334,132,0.5799996,0.92511374,-0.50076604,-0.41748002,26.24,1.0,2.6058233,1
16:11:31.207334,132,0.558197,0.870865,-0.474399,-0.41748002,42.879997,1.0,1.6558801,1
16:11:31.207334,132,0.5892216,0.9192676,-0.50076604,-0.41748002,27.88,1.0,2.5903351,1
16:11:31.207334,132,0.5353706,0.8171496,-0.4480319,-0.41748002,49.0,1.0,3.0468016,1
16:11:31.207334,132,0.56687766,0.86523956,-0.474399,-0.41748002,45.36,1.0,1.254935,1
16:11:31.207334,132,0.5983847,0.91332954,-0.50076604,-0.41748002,28.24,1.0,2.7052133,1
16:11:31.207334,132,0.52717245,0.8224623,-0.4480319,-0.41748002,40.76,1.0,3.9069033,1
16:11:31.207334,132,0.5516054,0.8062794,-0.4480319,-0.41748002,57.12,1.0,1.664839,1
16:11:31.207334,132,0.55884165,0.7505826,-0.38465562,-0.41748002,34.64,1.0,0.8896857,1
16:11:31.207334,132,0.6520748,0.8758045,-0.50076604,-0.41748002,16.88,1.0,5.9280424,1
16:11:31.207334,132,0.614025,0.8077104,-0.5153846,-0.41748002,31.359999,1.0,0.20185947,1
16:11:31.207334,132,0.6298917,0.9614195,-0.52713317,-0.41748002,14.88,1.0,7.3976364,1
16:11:31.207334,132,0.545927,0.76470107,-0.3752788,-0.41748002,28.24,1.0,1.4208953,1
16:11:31.207334,132,0.63442945,0.88866997,-0.50076604,-0.41748002,20.64,1.0,4.395504,1
16:11:31.207334,132,0.60102457,0.8418784,-0.474399,-0.41748002,37.12,1.0,0.82107556,1
16:11:31.207334,132,0.5834068,0.7835762,-0.4480319,-0.41748002,61.359997,1.0,0.17470515,1
16:11:31.207334,132,0.62551117,0.8949697,-0.50076604,-0.41748002,24.24,1.0,3.7956104,1
16:11:31.207334,132,0.59257585,0.84784645,-0.474399,-0.41748002,42.12,1.0,0.76050204,1
16:11:31.207334,132,0.5840679,0.8537297,-0.474399,-0.41748002,45.239998,1.0,0.8104698,1
16:11:31.207334,132,0.5596405,0.80072314,-0.4480319,-0.41748002,63.239998,1.0,1.137326,1
16:11:31.207334,132,0.61653036,0.90117997,-0.50076604,-0.41748002,27.0,1.0,3.3114982,1
16:11:31.207334,132,0.5676196,0.7950868,-0.4480319,-0.41748002,64.88,1.0,0.7150193,1
16:11:31.207334,132,0.5737405,0.7392564,-0.38465562,-0.41748002,51.52,1.0,0.3500626,1
16:11:31.236687,133,0.60447097,0.47942123,1.5659058,-0.34804,9.36,0.936,3.703265,1
16:11:31.236687,133,0.550305,0.52964944,1.5524472,-0.34804,7.24,0.724,3.3039358,1
16:11:31.236687,133,0.5565518,0.5243037,1.5538796,-0.34804,8.88,0.88799995,2.524208,1
16:11:31.236687,133,0.5963167,0.5617645,1.5220048,-0.34804,11.5199995,1.0,0.84235454,1
16:11:31.236687,133,0.6160355,0.54419756,1.526712,-0.34804,12.5199995,1.0,3.2740245,1
16:11:31.236687,133,0.57495564,0.50790817,1.5582727,-0.34804,10.76,1.0,1.4723526,1
16:11:31.236687,133,0.58693844,0.49668473,1.56128,-0.34804,10.76,1.0,1.7929289,1
16:11:31.236687,133,0.5928421,0.4909868,1.5628068,-0.34804,10.24,1.0,2.2443128,1
16:11:31.236687,133,0.5956567,0.5975661,1.4416578,-0.34804,32.52,1.0,0.14567806,1
16:11:31.236687,133,0.5688777,0.5134325,1.5567925,-0.34804,10.0,1.0,1.613488,1
16:11:31.236687,133,0.63420993,0.66654253,1.3302665,-0.34804,16.24,1.0,1.8187044,1
16:11:31.236687,133,0.5383269,0.5623174,1.5784897,-0.34804,5.64,0.564,4.172504,1
16:11:31.236687,133,0.5912132,0.63524425,1.3659501,-0.41748002,31.76,1.0,1.130866,1
16:11:31.236687,133,0.62600666,0.67262894,1.3286357,-0.34804,18.76,1.0,1.2521454,1
16:11:31.236687,133,0.8407209,0.25165084,-0.03155843,-0.83496004,11.0,1.0,7.413899,1
16:11:31.236687,133,0.8600101,0.19585669,0.03952855,-0.83496004,7.24,0.724,7.901648,1
16:11:31.236687,133,0.5840679,0.7018561,1.3208042,-0.41748002,20.52,1.0,3.9551425,1
16:11:31.236687,133,0.86474967,0.2588433,-0.08962263,-0.83496004,9.36,0.936,7.419917,1
16:11:31.236687,133,0.60102457,0.6904086,1.3238716,-0.34804,21.64,1.0,1.7370484,1
16:11:31.236687,133,0.63442945,0.72878146,1.2862924,-0.34804,13.759999,1.0,2.90922,1
16:11:31.236687,133,0.6678344,0.76715434,1.2487133,-0.34804,7.0,0.7,8.485614,1
16:11:31.236687,133,0.6177408,0.67863584,1.3270261,-0.34804,20.64,1.0,1.0446666,1
16:11:31.236687,133,0.59257585,0.69617325,1.322327,-0.41748002,21.52,1.0,2.6517339,1
16:11:31.236687,133,0.6678344,0.76715434,1.2487133,-0.34804,7.0,0.7,8.485614,1
16:11:31.236687,133,0.5963167,0.5617645,1.5220048,-0.34804,11.5199995,1.0,0.84235454,1
16:11:31.236687,133,0.5963167,0.5617645,1.5220048,-0.34804,11.5199995,1.0,0.84235454,1
16:11:31.236687,133,0.5928421,0.4909868,1.5628068,-0.34804,10.24,1.0,2.2443128,1
16:11:31.236687,133,0.57495564,0.50790817,1.5582727,-0.34804,10.76,1.0,1.4723526,1
16:11:31.236687,133,0.60447097,0.47942123,1.5659058,-0.34804,9.36,0.936,3.703265,1
16:11:31.236687,133,0.62600666,0.67262894,1.3286357,-0.34804,18.76,1.0,1.2521454,1
16:11:31.236687,133,0.63442945,0.72878146,1.2862924,-0.34804,13.759999,1.0,2.90922,1
16:11:31.236687,133,0.5383269,0.5623174,1.5784897,-0.34804,5.64,0.564,4.172504,1
16:11:31.236687,133,0.5956567,0.5975661,1.4416578,-0.34804,32.52,1.0,0.14567806,1
16:11:31.236687,133,0.62600666,0.67262894,1.3286357,-0.34804,18.76,1.0,1.2521454,1
16:11:31.236687,133,0.5912132,0.63524425,1.3659501,-0.41748002,31.76,1.0,1.130866,1
16:11:31.236687,133,0.5688777,0.5134325,1.5567925,-0.34804,10.0,1.0,1.613488,1
16:11:31.236687,133,0.57495564,0.50790817,1.5582727,-0.34804,10.76,1.0,1.4723526,1
16:11:31.236687,133,0.8407209,0.25165084,-0.03155843,-0.83496004,11.0,1.0,7.413899,1
16:11:31.236687,133,0.8600101,0.19585669,0.03952855,-0.83496004,7.24,0.724,7.901648,1
16:11:31.236687,133,0.5928421,0.4909868,1.5628068,-0.34804,10.24,1.0,2.2443128,1
16:11:31.236687,133,0.6160355,0.54419756,1.526712,-0.34804,12.5199995,1.0,3.2740245,1
16:11:31.236687,133,0.6177408,0.67863584,1.3270261,-0.34804,20.64,1.0,1.0446666,1
16:11:31.236687,133,0.5928421,0.4909868,1.5628068,-0.34804,10.24,1.0,2.2443128,1
16:11:31.236687,133,0.5963167,0.5617645,1.5220048,-0.34804,11.5199995,1.0,0.84235454,1
16:11:31.236687,133,0.5565518,0.5243037,1.5538796,-0.34804,8.88,0.88799995,2.524208,1
16:11:31.236687,133,0.5956567,0.5975661,1.4416578,-0.34804,32.52,1.0,0.14567806,1
16:11:31.236687,133,0.58693844,0.49668473,1.56128,-0.34804,10.76,1.0,1.7929289,1
16:11:31.236687,133,0.5688777,0.5134325,1.5567925,-0.34804,10.0,1.0,1.613488,1
16:11:31.236687,133,0.5840679,0.7018561,1.3208042,-0.41748002,20.52,1.0,3.9551425,1
16:11:31.236687,133,0.8407209,0.25165084,-0.03155843,-0.83496004,11.0,1.0,7.413899,1
16:11:31.236687,133,0.57495564,0.50790817,1.5582727,-0.34804,10.76,1.0,1.4723526,1
16:11:31.236687,133,0.5688777,0.5134325,1.5567925,-0.34804,10.0,1.0,1.613488,1
16:11:31.236687,133,0.8407209,0.25165084,-0.03155843,-0.83496004,11.0,1.0,7.413899,1
16:11:31.236687,133,0.5383269,0.5623174,1.5784897,-0.34804,5.64,0.564,4.172504,1
16:11:31.236687,133,0.6177408,0.67863584,1.3270261,-0.34804,20.64,1.0,1.0446666,1
16:11:31.236687,133,0.8600101,0.19585669,0.03952855,-0.83496004,7.24,0.724,7.901648,1
16:11:31.236687,133,0.5928421,0.4909868,1.5628068,-0.34804,10.24,1.0,2.2443128,1
16:11:31.236687,133,0.63420993,0.66654253,1.3302665,-0.34804,16.24,1.0,1.8187044,1
16:11:31.236687,133,0.5928421,0.4909868,1.5628068,-0.34804,10.24,1.0,2.2443128,1
16:11:31.236687,133,0.5688777,0.5134325,1.5567925,-0.34804,10.0,1.0,1.613488,1
16:11:31.236687,133,0.5928421,0.4909868,1.5628068,-0.34804,10.24,1.0,2.2443128,1
16:11:31.236687,133,0.5963167,0.5617645,1.5220048,-0.34804,11.5199995,1.0,0.84235454,1
16:11:31.236687,133,0.86474967,0.2588433,-0.08962263,-0.83496004,9.36,0.936,7.419917,1
16:11:31.236687,133,0.550305,0.52964944,1.5524472,-0.34804,7.24,0.724,3.3039358,1
16:11:31.266744,134,0.61327225,0.60135984,1.2534696,-0.34804,19.64,1.0,0.58192813,1
16:11:31.266744,134,0.53764707,0.54015857,1.5496312,-0.34804,6.64,0.664,1.8195789,1
16:11:31.266744,134,0.6201063,0.54682714,1.4168307,-0.34804,34.76,1.0,0.8135841,1
16:11:31.266744,134,0.5688777,0.5134325,1.5567925,-0.34804,14.639999,1.0,1.0111791,1
16:11:31.266744,134,0.6257065,0.5077917,1.4997088,-0.34804,26.359999,1.0,1.6915379,1
16:11:31.266744,134,0.6136488,0.46352556,1.5615404,-0.34804,12.759999,1.0,2.4471214,1
16:11:31.266744,134,0.6499983,0.4831437,1.5063132,-0.34804,19.24,1.0,3.6656783,1
16:11:31.266744,134,0.5268353,0.61893964,1.3975081,-0.34804,30.359999,1.0,2.3178582,1
16:11:31.266744,134,0.60162807,0.7058625,1.2365843,-0.34804,13.759999,1.0,3.3219867,1
16:11:31.266744,134,0.5485095,0.45201427,1.5870781,-0.34804,9.76,0.97599995,3.787586,1
16:11:31.266744,134,0.5928421,0.4909868,1.5628068,-0.34804,16.24,1.0,1.325535,1
16:11:31.266744,134,0.6286303,0.5893636,1.256684,-0.34804,15.639999,1.0,1.0954101,1
16:11:31.266744,134,0.5946829,0.6518209,1.2813026,-0.34804,25.76,1.0,1.1242476,1
16:11:31.266744,134,0.550305,0.52964944,1.5524472,-0.34804,9.0,0.9,1.328895,1
16:11:31.266744,134,0.5089896,0.65821034,1.3197232,-0.34804,21.119999,1.0,4.4618783,1
16:11:31.266744,134,0.51708245,0.65325475,1.3210511,-0.34804,25.359999,1.0,3.660649,1
16:11:31.266744,134,0.5693051,0.61013067,1.3227113,-0.34804,40.76,1.0,0.37442356,1
16:11:31.266744,134,0.5282321,0.47674838,1.5884591,-0.34804,8.12,0.812,4.120926,1
16:11:31.266744,134,0.5616304,0.6155927,1.3212478,-0.34804,41.879997,1.0,0.62357026,1
16:11:31.266744,134,0.5592688,0.4413136,1.5899453,-0.34804,9.24,0.92399997,3.7447362,1
16:11:31.266744,134,0.6103918,0.70000887,1.2381529,-0.34804,14.24,1.0,3.368614,1
16:11:31.266744,134,0.54920846,0.6033478,1.401686,-0.34804,45.239998,1.0,0.9244455,1
16:11:31.266744,134,0.6068285,0.5256511,1.4949234,-0.34804,29.64,1.0,0.74580985,1
16:11:31.266744,134,0.6362154,0.58325475,1.2583208,-0.34804,12.12,1.0,1.4625269,1
16:11:31.266744,134,0.53387576,0.47161874,1.5898336,-0.34804,9.24,0.92399997,3.8942702,1
16:11:31.266744,134,0.5482508,0.60047513,1.5116323,-0.34804,6.64,0.664,1.1525671,1
16:11:31.266744,134,0.5828716,0.5731549,1.5189527,-0.34804,17.52,1.0,0.38529235,1
16:11:31.266744,134,0.57495564,0.50790817,1.5582727,-0.34804,16.52,1.0,1.0127436,1
16:11:31.266744,134,0.5461133,0.62629306,1.3183806,-0.34804,39.879997,1.0,1.3569318,1
16:11:31.266744,134,0.62686646,0.5408047,1.4184444,-0.34804,28.24,1.0,1.1537023,1
16:11:31.266744,134,0.64019805,0.52856535,1.4217238,-0.34804,23.0,1.0,2.0089052,1
16:11:31.266744,134,0.5450024,0.46119723,1.5926261,-0.34804,9.76,0.97599995,3.5875025,1
16:11:31.266744,134,0.54751325,0.6916993,1.2810943,-0.34804,19.88,1.0,2.9366026,1
16:11:31.266744,134,0.57825255,0.66315097,1.2782667,-0.34804,26.359999,1.0,1.3386248,1
16:11:31.266744,134,0.5251237,0.6482212,1.3223997,-0.34804,30.359999,1.0,2.9455519,1
16:11:31.266744,134,0.6219818,0.5331186,1.3042911,-0.34804,16.88,1.0,0.92847604,1
16:11:31.266744,134,0.5698043,0.43040723,1.5928677,-0.34804,8.5199995,0.852,3.8812983,1
16:11:31.266744,134,0.6008546,0.5508375,1.2995434,-0.34804,25.76,1.0,0.25612977,1
16:11:31.266744,134,0.5638505,0.5925961,1.4045669,-0.34804,59.52,1.0,0.360965,1
16:11:31.266744,134,0.60230255,0.47527114,1.5583931,-0.34804,14.639999,1.0,1.8268358,1
16:11:31.266744,134,0.6363133,0.68194413,1.2429932,-0.34804,13.36,1.0,4.05272,1
16:11:31.266744,134,0.58538896,0.57594365,1.4090289,-0.34804,58.0,1.0,0.03901816,1
16:11:31.266744,134,0.5565518,0.5243037,1.5538796,-0.34804,11.88,1.0,1.1682338,1
16:11:31.266744,134,0.53434676,0.6138145,1.3988814,-0.34804,37.239998,1.0,1.7786503,1
16:11:31.266744,134,0.5769229,0.60459477,1.3241947,-0.34804,36.76,1.0,0.20184271,1
16:11:31.266744,134,0.5782671,0.5815637,1.407523,-0.34804,61.359997,1.0,0.07823974,1
16:11:31.266744,134,0.65591025,0.4768366,1.5080031,-0.34804,16.119999,1.0,4.278878,1
16:11:31.266744,134,0.61947554,0.5138055,1.4980973,-0.34804,29.119999,1.0,1.323427,1
16:11:31.266744,134,0.6635695,0.6221204,1.2153705,-0.34804,10.0,1.0,4.186598,1
16:11:31.266744,134,0.6787802,0.71133757,1.2048794,-0.34804,5.12,0.51199996,9.843983,1
16:11:31.266744,134,0.5875085,0.5628525,1.5124724,-0.34804,22.64,1.0,0.33876374,1
16:11:31.266744,134,0.60078716,0.5513741,1.515548,-0.34804,27.24,1.0,0.55587137,1
16:11:31.266744,134,0.6448277,0.67575663,1.2446512,-0.34804,11.88,1.0,4.456387,1
16:11:31.266744,134,0.5994564,0.56449854,1.4120957,-0.34804,51.0,1.0,0.15852901,1
16:11:31.266744,134,0.651194,0.57081896,1.2616531,-0.34804,9.24,0.92399997,2.4100232,1
16:11:31.266744,134,0.6150006,0.53909284,1.3026903,-0.34804,20.88,1.0,0.6388385,1
16:11:31.266744,134,0.6055009,0.6072461,1.2518923,-0.34804,23.24,1.0,0.43854502,1
16:11:31.266744,134,0.56919336,0.5842834,1.515971,-0.34804,12.88,1.0,0.5014962,1
16:11:31.266744,134,0.5167869,0.4868428,1.5857543,-0.34804,6.64,0.664,4.725074,1
16:11:31.266744,134,0.6715762,0.61567205,1.2170984,-0.34804,8.88,0.88799995,4.8605595,1
16:11:31.266744,134,0.5699503,0.6686964,1.2767808,-0.34804,25.119999,1.0,1.5743047,1
16:11:31.266744,134,0.63798,0.49558502,1.5029795,-0.34804,22.76,1.0,2.5805767,1
16:11:31.266744,134,0.5531755,0.6795453,1.2738739,-0.34804,22.76,1.0,2.3101876,1
16:11:31.266744,134,0.53894407,0.69694656,1.2796884,-0.34804,17.0,1.0,3.5066714,1
16:11:31.297088,135,0.56849116,0.5237489,1.4503117,-0.34804,19.88,1.0,0.33591792,1
16:11:31.297088,135,0.5312371,0.5453209,1.548248,-0.34804,6.12,0.612,4.670148,1
16:11:31.297088,135,0.60154593,0.53068346,1.3834323,-0.34804,37.76,1.0,1.3498763,1
16:11:31.297088,135,0.5516252,0.5655702,1.4751263,-0.34804,17.64,1.0,3.53672,1
16:11:31.297088,135,0.5879829,0.5421738,1.3803535,-0.34804,44.52,1.0,0.62240446,1
16:11:31.297088,135,0.58111286,0.54782015,1.3788406,-0.34804,51.36,1.0,0.37889764,1
16:11:31.297088,135,0.54205173,0.5305853,1.5435717,-0.34804,7.64,0.764,3.1890202,1
16:11:31.297088,135,0.5645303,0.53431,1.4564278,-0.34804,19.52,1.0,0.3251094,1
16:11:31.297088,135,0.5813401,0.51264197,1.4532877,-0.34804,18.88,1.0,0.6583094,1
16:11:31.297088,135,0.5930288,0.45819965,1.5287913,-0.34804,9.12,0.912,4.0663776,1
16:11:31.297088,135,0.5876776,0.50699604,1.4548006,-0.34804,17.24,1.0,0.9317552,1
16:11:31.297088,135,0.5603755,0.49604023,1.5271459,-0.34804,10.24,1.0,2.007332,1
16:11:31.297088,135,0.6001758,0.49552184,1.4578751,-0.34804,15.24,1.0,1.6940057,1
16:11:31.297088,135,0.6063352,0.4896948,1.4594364,-0.34804,13.36,1.0,2.1796365,1
16:11:31.297088,135,0.5781663,0.4795428,1.5315664,-0.34804,10.639999,1.0,2.4823022,1
16:11:31.297088,135,0.61847144,0.4778637,1.4626065,-0.34804,11.639999,1.0,3.3531897,1
16:11:31.297088,135,0.5839817,0.47393,1.5330703,-0.34804,10.0,1.0,2.7765017,1
16:11:31.297088,135,0.6042003,0.44663492,1.5318902,-0.34804,8.12,0.812,5.128357,1
16:11:31.297088,135,0.53787285,0.57609427,1.4723064,-0.34804,15.12,1.0,3.651778,1
16:11:31.297088,135,0.5482338,0.5067489,1.5242765,-0.34804,9.12,0.912,2.0442135,1
16:11:31.297088,135,0.6008546,0.5508375,1.2995434,-0.34804,27.24,1.0,2.8751774,1
16:11:31.297088,135,0.5663626,0.49059847,1.528604,-0.34804,10.76,1.0,2.0964434,1
16:11:31.297088,135,0.5309157,0.58125615,1.4709233,-0.34804,12.759999,1.0,3.818966,1
16:11:31.297088,135,0.5671991,0.55891234,1.3758683,-0.34804,56.879997,1.0,0.14595436,1
16:11:31.297088,135,0.49434185,0.6102236,1.3621196,-0.27832,27.119999,1.0,4.9339185,1
16:11:31.297088,135,0.52663565,0.6053365,1.2849404,-0.27832,22.64,1.0,4.429068,1
16:11:31.297088,135,0.534307,0.6002125,1.2863133,-0.27832,26.0,1.0,3.7440674,1
16:11:31.297088,135,0.51675177,0.5955729,1.3660452,-0.27832,39.12,1.0,2.3373666,1
16:11:31.297088,135,0.54948866,0.5897435,1.2891185,-0.27832,29.24,1.0,2.7562816,1
16:11:31.297088,135,0.52411944,0.59054583,1.3673922,-0.27832,46.239998,1.0,1.7091558,1
16:11:31.297088,135,0.5569974,0.5843995,1.2905505,-0.27832,31.76,1.0,2.444659,1
16:11:31.297088,135,0.502563,0.60122406,1.4655728,0.76552004,6.64,0.664,5.299239,1
16:11:31.297088,135,0.5093325,0.60052854,1.3647174,-0.27832,32.64,1.0,3.0813017,1
16:11:31.297088,135,0.57184714,0.5734954,1.2934722,-0.27832,33.0,1.0,2.1651266,1
16:11:31.297088,135,0.5097284,0.59633505,1.466883,-0.34804,8.24,0.824,4.800082,1
16:11:31.297088,135,0.54590493,0.5750412,1.3715466,-0.27832,57.879997,1.0,0.47764838,1
16:11:31.297088,135,0.5791866,0.56793624,1.2949617,-0.27832,32.52,1.0,2.1894014,1
16:11:31.297088,135,0.61327225,0.60135984,1.2534696,-0.34804,16.76,1.0,7.6930885,1
16:11:31.297088,135,0.5239054,0.58635056,1.4695582,-0.34804,10.36,1.0,4.0637026,1
16:11:31.297088,135,0.5601568,0.5643571,1.3744094,-0.34804,59.239998,1.0,0.16247417,1
16:11:31.297088,135,0.5386967,0.58027947,1.370143,-0.27832,53.0,1.0,0.783261,1
16:11:31.297088,135,0.59369105,0.55660677,1.2979975,-0.27832,30.359999,1.0,2.5478058,1
16:11:31.297088,135,0.6042003,0.44663492,1.5318902,-0.34804,8.12,0.812,5.128357,1
16:11:31.297088,135,0.5781663,0.4795428,1.5315664,-0.34804,10.639999,1.0,2.4823022,1
16:11:31.297088,135,0.5876776,0.50699604,1.4548006,-0.34804,17.24,1.0,0.9317552,1
16:11:31.297088,135,0.52411944,0.59054583,1.3673922,-0.27832,46.239998,1.0,1.7091558,1
16:11:31.297088,135,0.5569974,0.5843995,1.2905505,-0.27832,31.76,1.0,2.444659,1
16:11:31.297088,135,0.5569974,0.5843995,1.2905505,-0.27832,31.76,1.0,2.444659,1
16:11:31.297088,135,0.61327225,0.60135984,1.2534696,-0.34804,16.76,1.0,7.6930885,1
16:11:31.297088,135,0.60154593,0.53068346,1.3834323,-0.34804,37.76,1.0,1.3498763,1
16:11:31.297088,135,0.5386967,0.58027947,1.370143,-0.27832,53.0,1.0,0.783261,1
16:11:31.297088,135,0.57184714,0.5734954,1.2934722,-0.27832,33.0,1.0,2.1651266,1
16:11:31.297088,135,0.5663626,0.49059847,1.528604,-0.34804,10.76,1.0,2.0964434,1
16:11:31.297088,135,0.5930288,0.45819965,1.5287913,-0.34804,9.12,0.912,4.0663776,1
16:11:31.297088,135,0.58111286,0.54782015,1.3788406,-0.34804,51.36,1.0,0.37889764,1
16:11:31.297088,135,0.5097284,0.59633505,1.466883,-0.34804,8.24,0.824,4.800082,1
16:11:31.297088,135,0.5312371,0.5453209,1.548248,-0.34804,6.12,0.612,4.670148,1
16:11:31.297088,135,0.5386967,0.58027947,1.370143,-0.27832,53.0,1.0,0.783261,1
16:11:31.297088,135,0.59369105,0.55660677,1.2979975,-0.27832,30.359999,1.0,2.5478058,1
16:11:31.297088,135,0.5930288,0.45819965,1.5287913,-0.34804,9.12,0.912,4.0663776,1
16:11:31.297088,135,0.5671991,0.55891234,1.3758683,-0.34804,56.879997,1.0,0.14595436,1
16:11:31.297088,135,0.5386967,0.58027947,1.370143,-0.27832,53.0,1.0,0.783261,1
16:11:31.297088,135,0.5663626,0.49059847,1.528604,-0.34804,10.76,1.0,2.0964434,1
16:11:31.297088,135,0.5093325,0.60052854,1.3647174,-0.27832,32.64,1.0,3.0813017,1
16:11:31.335847,136,0.61327225,0.60135984,1.2534696,-0.27832,18.24,1.0,4.462278,1
16:11:31.335847,136,0.52051735,0.45247567,1.3488626,-0.34804,11.12,1.0,1.6380267,1
16:11:31.335847,136,0.5552277,0.48264867,1.3054421,-0.27832,46.52,1.0,0.19940974,1
16:11:31.335847,136,0.59355164,0.5192669,1.2698315,-0.27832,32.88,1.0,0.9644105,1
16:11:31.335847,136,0.6635695,0.6221204,1.2153705,-0.27832,6.24,0.624,10.730277,1
16:11:31.335847,136,0.5680351,0.47179842,1.3083494,-0.27832,42.0,1.0,0.72881615,1
16:11:31.335847,136,0.6139981,0.50176954,1.2745199,-0.27832,25.64,1.0,2.7006135,1
16:11:31.335847,136,0.538448,0.4371313,1.3529742,-0.34804,11.5199995,1.0,2.1046655,1
16:11:31.335847,136,0.57435393,0.46628106,1.3098278,-0.27832,36.52,1.0,1.1805077,1
16:11:31.335847,136,0.54891807,0.4704936,1.3860154,-0.27832,11.24,1.0,1.5958982,1
16:11:31.335847,136,0.5868187,0.45506462,1.3128332,-0.27832,31.0,1.0,2.4513445,1
16:11:31.335847,136,0.5796228,0.5305993,1.266795,-0.27832,35.12,1.0,0.5078506,1
16:11:31.335847,136,0.5610749,0.45977154,1.3888885,-0.27832,10.76,1.0,2.721625,1
16:11:31.335847,136,0.6072431,0.5076678,1.2729396,-0.27832,29.359999,1.0,1.9836297,1
16:11:31.335847,136,0.5421981,0.49324933,1.3026017,-0.27832,48.76,1.0,0.17697106,1
16:11:31.335847,136,0.53252417,0.44230372,1.3515882,-0.34804,11.5199995,1.0,1.8363677,1
16:11:31.335847,136,0.57184714,0.5734954,1.2934722,-0.27832,35.76,1.0,1.389797,1
16:11:31.335847,136,0.5083024,0.46241364,1.3461999,-0.34804,10.639999,1.0,1.8979254,1
16:11:31.335847,136,0.50502104,0.52995163,1.3016138,-0.20888,34.52,1.0,2.8827503,1
16:11:31.335847,136,0.49806938,0.53479624,1.3003157,-0.20888,29.24,1.0,3.8208995,1
16:11:31.335847,136,0.51877207,0.5200622,1.3042637,-0.20888,39.879997,1.0,1.4156708,1
16:11:31.335847,136,0.54948866,0.5897435,1.2891185,-0.27832,31.88,1.0,2.4875462,1
16:11:31.335847,136,0.52557015,0.5150184,1.3056152,-0.20888,44.879997,1.0,0.8847326,1
16:11:31.335847,136,0.5569974,0.5843995,1.2905505,-0.27832,34.52,1.0,1.9670321,1
16:11:31.335847,136,0.50211835,0.46729362,1.3448923,-0.34804,10.0,1.0,2.2023196,1
16:11:31.335847,136,0.53560174,0.49845475,1.3012068,-0.27832,48.12,1.0,0.3588684,1
16:11:31.335847,136,0.534307,0.6002125,1.2863133,-0.27832,28.359999,1.0,3.9984164,1
16:11:31.335847,136,0.6139981,0.50176954,1.2745199,-0.27832,25.64,1.0,2.7006135,1
16:11:31.335847,136,0.5569974,0.5843995,1.2905505,-0.27832,34.52,1.0,1.9670321,1
16:11:31.335847,136,0.5796228,0.5305993,1.266795,-0.27832,35.12,1.0,0.5078506,1
16:11:31.335847,136,0.6139981,0.50176954,1.2745199,-0.27832,25.64,1.0,2.7006135,1
16:11:31.335847,136,0.49806938,0.53479624,1.3003157,-0.20888,29.24,1.0,3.8208995,1
16:11:31.335847,136,0.53560174,0.49845475,1.3012068,-0.27832,48.12,1.0,0.3588684,1
16:11:31.335847,136,0.54891807,0.4704936,1.3860154,-0.27832,11.24,1.0,1.5958982,1
16:11:31.335847,136,0.538448,0.4371313,1.3529742,-0.34804,11.5199995,1.0,2.1046655,1
16:11:31.335847,136,0.50502104,0.52995163,1.3016138,-0.20888,34.52,1.0,2.8827503,1
16:11:31.335847,136,0.5796228,0.5305993,1.266795,-0.27832,35.12,1.0,0.5078506,1
16:11:31.335847,136,0.6072431,0.5076678,1.2729396,-0.27832,29.359999,1.0,1.9836297,1
16:11:31.335847,136,0.57184714,0.5734954,1.2934722,-0.27832,35.76,1.0,1.389797,1
16:11:31.335847,136,0.59355164,0.5192669,1.2698315,-0.27832,32.88,1.0,0.9644105,1
16:11:31.335847,136,0.5421981,0.49324933,1.3026017,-0.27832,48.76,1.0,0.17697106,1
16:11:31.335847,136,0.538448,0.4371313,1.3529742,-0.34804,11.5199995,1.0,2.1046655,1
16:11:31.335847,136,0.5421981,0.49324933,1.3026017,-0.27832,48.76,1.0,0.17697106,1
16:11:31.335847,136,0.52051735,0.45247567,1.3488626,-0.34804,11.12,1.0,1.6380267,1
16:11:31.335847,136,0.5421981,0.49324933,1.3026017,-0.27832,48.76,1.0,0.17697106,1
16:11:31.335847,136,0.6139981,0.50176954,1.2745199,-0.27832,25.64,1.0,2.7006135,1
16:11:31.335847,136,0.50211835,0.46729362,1.3448923,-0.34804,10.0,1.0,2.2023196,1
16:11:31.335847,136,0.5868187,0.45506462,1.3128332,-0.27832,31.0,1.0,2.4513445,1
16:11:31.335847,136,0.50211835,0.46729362,1.3448923,-0.34804,10.0,1.0,2.2023196,1
16:11:31.335847,136,0.5868187,0.45506462,1.3128332,-0.27832,31.0,1.0,2.4513445,1
16:11:31.335847,136,0.54891807,0.4704936,1.3860154,-0.27832,11.24,1.0,1.5958982,1
16:11:31.335847,136,0.57435393,0.46628106,1.3098278,-0.27832,36.52,1.0,1.1805077,1
16:11:31.335847,136,0.61327225,0.60135984,1.2534696,-0.27832,18.24,1.0,4.462278,1
16:11:31.335847,136,0.5680351,0.47179842,1.3083494,-0.27832,42.0,1.0,0.72881615,1
16:11:31.335847,136,0.54948866,0.5897435,1.2891185,-0.27832,31.88,1.0,2.4875462,1
16:11:31.335847,136,0.5569974,0.5843995,1.2905505,-0.27832,34.52,1.0,1.9670321,1
16:11:31.335847,136,0.6635695,0.6221204,1.2153705,-0.27832,6.24,0.624,10.730277,1
16:11:31.335847,136,0.50502104,0.52995163,1.3016138,-0.20888,34.52,1.0,2.8827503,1
16:11:31.335847,136,0.59355164,0.5192669,1.2698315,-0.27832,32.88,1.0,0.9644105,1
16:11:31.335847,136,0.5083024,0.46241364,1.3461999,-0.34804,10.639999,1.0,1.8979254,1
16:11:31.335847,136,0.6139981,0.50176954,1.2745199,-0.27832,25.64,1.0,2.7006135,1
16:11:31.335847,136,0.61327225,0.60135984,1.2534696,-0.27832,18.24,1.0,4.462278,1
16:11:31.335847,136,0.5868187,0.45506462,1.3128332,-0.27832,31.0,1.0,2.4513445,1
16:11:31.335847,136,0.52051735,0.45247567,1.3488626,-0.34804,11.12,1.0,1.6380267,1
16:11:31.389099,137,0.6002402,0.36983138,1.5773648,-0.20888,7.64,0.764,3.8064017,1
16:11:31.389099,137,0.656347,0.38570437,1.5482165,-0.20888,16.76,1.0,1.7532611,1
16:11:31.389099,137,0.69111985,0.39552477,1.4846692,-0.20888,16.359999,1.0,3.1758347,1
16:11:31.389099,137,0.61749065,0.47281155,1.3528581,-0.20888,21.64,1.0,1.9226153,1
16:11:31.389099,137,0.81727964,0.2756752,-0.037995744,-0.20888,5.12,0.51199996,6.1240635,1
16:11:31.389099,137,0.6357568,0.5209694,1.3075465,-0.20888,20.52,1.0,1.3380618,1
16:11:31.389099,137,0.69519013,0.59586763,1.222405,-0.20888,5.24,0.524,4.6719728,1
16:11:31.389099,137,0.8459072,0.21233514,0.035113163,-0.06972,5.8799996,0.588,6.2135725,1
16:11:31.389099,137,0.67317164,0.55162895,1.2667949,-0.20888,14.0,1.0,1.8191433,1
16:11:31.389099,137,0.6357568,0.5209694,1.3075465,-0.20888,20.52,1.0,1.3380618,1
16:11:31.389099,137,0.69111985,0.39552477,1.4846692,-0.20888,16.359999,1.0,3.1758347,1
16:11:31.389099,137,0.8459072,0.21233514,0.035113163,-0.06972,5.8799996,0.588,6.2135725,1
16:11:31.389099,137,0.6002402,0.36983138,1.5773648,-0.20888,7.64,0.764,3.8064017,1
16:11:31.389099,137,0.81727964,0.2756752,-0.037995744,-0.20888,5.12,0.51199996,6.1240635,1
16:11:31.389099,137,0.656347,0.38570437,1.5482165,-0.20888,16.76,1.0,1.7532611,1
16:11:31.389099,137,0.61749065,0.47281155,1.3528581,-0.20888,21.64,1.0,1.9226153,1
16:11:31.389099,137,0.6002402,0.36983138,1.5773648,-0.20888,7.64,0.764,3.8064017,1
16:11:31.389099,137,0.6357568,0.5209694,1.3075465,-0.20888,20.52,1.0,1.3380618,1
16:11:31.389099,137,0.656347,0.38570437,1.5482165,-0.20888,16.76,1.0,1.7532611,1
16:11:31.389099,137,0.67317164,0.55162895,1.2667949,-0.20888,14.0,1.0,1.8191433,1
16:11:31.389099,137,0.656347,0.38570437,1.5482165,-0.20888,16.76,1.0,1.7532611,1
16:11:31.389099,137,0.67317164,0.55162895,1.2667949,-0.20888,14.0,1.0,1.8191433,1
16:11:31.389099,137,0.69111985,0.39552477,1.4846692,-0.20888,16.359999,1.0,3.1758347,1
16:11:31.389099,137,0.67317164,0.55162895,1.2667949,-0.20888,14.0,1.0,1.8191433,1
16:11:31.389099,137,0.69111985,0.39552477,1.4846692,-0.20888,16.359999,1.0,3.1758347,1
16:11:31.389099,137,0.656347,0.38570437,1.5482165,-0.20888,16.76,1.0,1.7532611,1
16:11:31.389099,137,0.6002402,0.36983138,1.5773648,-0.20888,7.64,0.764,3.8064017,1
16:11:31.389099,137,0.656347,0.38570437,1.5482165,-0.20888,16.76,1.0,1.7532611,1
16:11:31.389099,137,0.656347,0.38570437,1.5482165,-0.20888,16.76,1.0,1.7532611,1
16:11:31.389099,137,0.656347,0.38570437,1.5482165,-0.20888,16.76,1.0,1.7532611,1
16:11:31.389099,137,0.6357568,0.5209694,1.3075465,-0.20888,20.52,1.0,1.3380618,1
16:11:31.389099,137,0.67317164,0.55162895,1.2667949,-0.20888,14.0,1.0,1.8191433,1
16:11:31.389099,137,0.81727964,0.2756752,-0.037995744,-0.20888,5.12,0.51199996,6.1240635,1
16:11:31.389099,137,0.69111985,0.39552477,1.4846692,-0.20888,16.359999,1.0,3.1758347,1
16:11:31.389099,137,0.6002402,0.36983138,1.5773648,-0.20888,7.64,0.764,3.8064017,1
16:11:31.389099,137,0.61749065,0.47281155,1.3528581,-0.20888,21.64,1.0,1.9226153,1
16:11:31.389099,137,0.67317164,0.55162895,1.2667949,-0.20888,14.0,1.0,1.8191433,1
16:11:31.389099,137,0.656347,0.38570437,1.5482165,-0.20888,16.76,1.0,1.7532611,1
16:11:31.389099,137,0.6002402,0.36983138,1.5773648,-0.20888,7.64,0.764,3.8064017,1
16:11:31.389099,137,0.69519013,0.59586763,1.222405,-0.20888,5.24,0.524,4.6719728,1
16:11:31.389099,137,0.6357568,0.5209694,1.3075465,-0.20888,20.52,1.0,1.3380618,1
16:11:31.389099,137,0.656347,0.38570437,1.5482165,-0.20888,16.76,1.0,1.7532611,1
16:11:31.389099,137,0.69111985,0.39552477,1.4846692,-0.20888,16.359999,1.0,3.1758347,1
16:11:31.389099,137,0.69519013,0.59586763,1.222405,-0.20888,5.24,0.524,4.6719728,1
16:11:31.389099,137,0.656347,0.38570437,1.5482165,-0.20888,16.76,1.0,1.7532611,1
16:11:31.389099,137,0.67317164,0.55162895,1.2667949,-0.20888,14.0,1.0,1.8191433,1
16:11:31.389099,137,0.61749065,0.47281155,1.3528581,-0.20888,21.64,1.0,1.9226153,1
16:11:31.389099,137,0.6002402,0.36983138,1.5773648,-0.20888,7.64,0.764,3.8064017,1
16:11:31.389099,137,0.6357568,0.5209694,1.3075465,-0.20888,20.52,1.0,1.3380618,1
16:11:31.389099,137,0.6357568,0.5209694,1.3075465,-0.20888,20.52,1.0,1.3380618,1
16:11:31.389099,137,0.69111985,0.39552477,1.4846692,-0.20888,16.359999,1.0,3.1758347,1
16:11:31.389099,137,0.67317164,0.55162895,1.2667949,-0.20888,14.0,1.0,1.8191433,1
16:11:31.389099,137,0.6002402,0.36983138,1.5773648,-0.20888,7.64,0.764,3.8064017,1
16:11:31.389099,137,0.6357568,0.5209694,1.3075465,-0.20888,20.52,1.0,1.3380618,1
16:11:31.389099,137,0.6002402,0.36983138,1.5773648,-0.20888,7.64,0.764,3.8064017,1
16:11:31.389099,137,0.69111985,0.39552477,1.4846692,-0.20888,16.359999,1.0,3.1758347,1
16:11:31.389099,137,0.656347,0.38570437,1.5482165,-0.20888,16.76,1.0,1.7532611,1
16:11:31.389099,137,0.69519013,0.59586763,1.222405,-0.20888,5.24,0.524,4.6719728,1
16:11:31.389099,137,0.69111985,0.39552477,1.4846692,-0.20888,16.359999,1.0,3.1758347,1
16:11:31.389099,137,0.67317164,0.55162895,1.2667949,-0.20888,14.0,1.0,1.8191433,1
16:11:31.389099,137,0.67317164,0.55162895,1.2667949,-0.20888,14.0,1.0,1.8191433,1
16:11:31.389099,137,0.69519013,0.59586763,1.222405,-0.20888,5.24,0.524,4.6719728,1
16:11:31.389099,137,0.67317164,0.55162895,1.2667949,-0.20888,14.0,1.0,1.8191433,1
16:11:31.389099,137,0.69519013,0.59586763,1.222405,-0.20888,5.24,0.524,4.6719728,1
16:11:31.444811,138,0.6545245,0.4680583,-0.3690349,-0.27832,22.88,1.0,2.2553413,1
16:11:31.444811,138,0.64436245,0.37823254,-0.34266782,-0.27832,14.0,1.0,1.7842859,1
16:11:31.444811,138,0.6517977,0.36527053,-0.34266782,-0.27832,12.12,1.0,2.3968852,1
16:11:31.444811,138,0.63272727,0.39739034,-0.34266782,-0.27832,15.639999,1.0,1.0802583,1
16:11:31.444811,138,0.6246534,0.40996456,-0.34266782,-0.27832,16.76,1.0,0.7703022,1
16:11:31.444811,138,0.5765886,0.37841922,-0.31630072,-0.27832,8.24,0.824,3.7497177,1
16:11:31.444811,138,0.6163297,0.42237478,-0.34266782,-0.27832,16.76,1.0,0.60131973,1
16:11:31.444811,138,0.60775954,0.4346161,-0.34266782,-0.27832,15.639999,1.0,0.585279,1
16:11:31.444811,138,0.86474967,0.79085755,-1.9514269,0.06972,8.24,0.824,4.2613554,1
16:11:31.444811,138,0.6463567,0.54529923,-0.42956266,-0.27832,23.519999,1.0,2.0984442,1
16:11:31.444811,138,0.6501325,0.71201396,-0.6044899,-0.41748002,16.359999,1.0,6.3792334,1
16:11:31.444811,138,0.57435393,0.6290226,-0.54597276,-0.27832,39.76,1.0,5.191177,1
16:11:31.444811,138,0.6034057,0.6742585,-0.5799696,-0.41748002,30.519999,1.0,4.0731826,1
16:11:31.444811,138,0.86340564,0.74331826,-1.8972027,0.06972,16.52,1.0,4.06618,1
16:11:31.444811,138,0.83872855,0.7220734,-1.8429786,-0.13916,15.12,1.0,3.5176268,1
16:11:31.444811,138,0.79266346,0.72493106,-1.7887543,-0.13916,7.3599997,0.736,4.9676547,1
16:11:31.444811,138,0.5635393,0.4029937,-0.30938825,-0.27832,8.24,0.824,4.2994924,1
16:11:31.444811,138,0.6163297,0.42237478,-0.34266782,-0.27832,16.76,1.0,0.60131973,1
16:11:31.444811,138,0.79266346,0.72493106,-1.7887543,-0.13916,7.3599997,0.736,4.9676547,1
16:11:31.444811,138,0.6163297,0.42237478,-0.34266782,-0.27832,16.76,1.0,0.60131973,1
16:11:31.444811,138,0.86340564,0.74331826,-1.8972027,0.06972,16.52,1.0,4.06618,1
16:11:31.444811,138,0.6545245,0.4680583,-0.3690349,-0.27832,22.88,1.0,2.2553413,1
16:11:31.444811,138,0.6501325,0.71201396,-0.6044899,-0.41748002,16.359999,1.0,6.3792334,1
16:11:31.444811,138,0.6545245,0.4680583,-0.3690349,-0.27832,22.88,1.0,2.2553413,1
16:11:31.444811,138,0.63272727,0.39739034,-0.34266782,-0.27832,15.639999,1.0,1.0802583,1
16:11:31.444811,138,0.5765886,0.37841922,-0.31630072,-0.27832,8.24,0.824,3.7497177,1
16:11:31.444811,138,0.83872855,0.7220734,-1.8429786,-0.13916,15.12,1.0,3.5176268,1
16:11:31.444811,138,0.6545245,0.4680583,-0.3690349,-0.27832,22.88,1.0,2.2553413,1
16:11:31.444811,138,0.5765886,0.37841922,-0.31630072,-0.27832,8.24,0.824,3.7497177,1
16:11:31.444811,138,0.6463567,0.54529923,-0.42956266,-0.27832,23.519999,1.0,2.0984442,1
16:11:31.444811,138,0.5635393,0.4029937,-0.30938825,-0.27832,8.24,0.824,4.2994924,1
16:11:31.444811,138,0.63272727,0.39739034,-0.34266782,-0.27832,15.639999,1.0,1.0802583,1
16:11:31.444811,138,0.6501325,0.71201396,-0.6044899,-0.41748002,16.359999,1.0,6.3792334,1
16:11:31.444811,138,0.6034057,0.6742585,-0.5799696,-0.41748002,30.519999,1.0,4.0731826,1
16:11:31.444811,138,0.6034057,0.6742585,-0.5799696,-0.41748002,30.519999,1.0,4.0731826,1
16:11:31.444811,138,0.6034057,0.6742585,-0.5799696,-0.41748002,30.519999,1.0,4.0731826,1
16:11:31.444811,138,0.60775954,0.4346161,-0.34266782,-0.27832,15.639999,1.0,0.585279,1
16:11:31.444811,138,0.6246534,0.40996456,-0.34266782,-0.27832,16.76,1.0,0.7703022,1
16:11:31.444811,138,0.6246534,0.40996456,-0.34266782,-0.27832,16.76,1.0,0.7703022,1
16:11:31.444811,138,0.86474967,0.79085755,-1.9514269,0.06972,8.24,0.824,4.2613554,1
16:11:31.444811,138,0.6517977,0.36527053,-0.34266782,-0.27832,12.12,1.0,2.3968852,1
16:11:31.444811,138,0.86474967,0.79085755,-1.9514269,0.06972,8.24,0.824,4.2613554,1
16:11:31.444811,138,0.60775954,0.4346161,-0.34266782,-0.27832,15.639999,1.0,0.585279,1
16:11:31.444811,138,0.86340564,0.74331826,-1.8972027,0.06972,16.52,1.0,4.06618,1
16:11:31.444811,138,0.63272727,0.39739034,-0.34266782,-0.27832,15.639999,1.0,1.0802583,1
16:11:31.444811,138,0.57435393,0.6290226,-0.54597276,-0.27832,39.76,1.0,5.191177,1
16:11:31.444811,138,0.57435393,0.6290226,-0.54597276,-0.27832,39.76,1.0,5.191177,1
16:11:31.444811,138,0.6246534,0.40996456,-0.34266782,-0.27832,16.76,1.0,0.7703022,1
16:11:31.444811,138,0.6163297,0.42237478,-0.34266782,-0.27832,16.76,1.0,0.60131973,1
16:11:31.444811,138,0.57435393,0.6290226,-0.54597276,-0.27832,39.76,1.0,5.191177,1
16:11:31.444811,138,0.6545245,0.4680583,-0.3690349,-0.27832,22.88,1.0,2.2553413,1
16:11:31.444811,138,0.60775954,0.4346161,-0.34266782,-0.27832,15.639999,1.0,0.585279,1
16:11:31.444811,138,0.83872855,0.7220734,-1.8429786,-0.13916,15.12,1.0,3.5176268,1
16:11:31.444811,138,0.83872855,0.7220734,-1.8429786,-0.13916,15.12,1.0,3.5176268,1
16:11:31.444811,138,0.6501325,0.71201396,-0.6044899,-0.41748002,16.359999,1.0,6.3792334,1
16:11:31.444811,138,0.6246534,0.40996456,-0.34266782,-0.27832,16.76,1.0,0.7703022,1
16:11:31.444811,138,0.57435393,0.6290226,-0.54597276,-0.27832,39.76,1.0,5.191177,1
16:11:31.444811,138,0.86340564,0.74331826,-1.8972027,0.06972,16.52,1.0,4.06618,1
16:11:31.444811,138,0.6545245,0.4680583,-0.3690349,-0.27832,22.88,1.0,2.2553413,1
16:11:31.444811,138,0.86340564,0.74331826,-1.8972027,0.06972,16.52,1.0,4.06618,1
16:11:31.444811,138,0.64436245,0.37823254,-0.34266782,-0.27832,14.0,1.0,1.7842859,1
16:11:31.444811,138,0.6246534,0.40996456,-0.34266782,-0.27832,16.76,1.0,0.7703022,1
16:11:31.444811,138,0.5635393,0.4029937,-0.30938825,-0.27832,8.24,0.824,4.2994924,1
16:11:31.444811,138,0.60775954,0.4346161,-0.34266782,-0.27832,15.639999,1.0,0.585279,1
16:11:31.500206,139,0.6082667,0.23212376,1.610344,-0.27832,9.24,0.92399997,1.8607234,1
16:11:31.500206,139,0.6589723,0.25147378,1.577862,-0.27832,21.24,1.0,0.279555,1
16:11:31.500206,139,0.7377166,0.21487093,1.5603725,-0.27832,27.519999,1.0,2.6170287,1
16:11:31.500206,139,0.6146459,0.22031094,1.6135093,-0.27832,8.24,0.824,2.0124714,1
16:11:31.500206,139,0.72774607,0.23610544,1.5546827,-0.27832,29.359999,1.0,2.102953,1
16:11:31.500206,139,0.71712065,0.2570415,1.5490729,-0.27832,30.88,1.0,1.706977,1
16:11:31.500206,139,0.67574954,0.219236,1.5865,-0.27832,17.24,1.0,0.8291404,1
16:11:31.500206,139,0.6850077,0.19951867,1.5917833,-0.27832,15.12,1.0,1.3408895,1
16:11:31.500206,139,0.70195127,0.28445953,1.5417262,-0.27832,32.52,1.0,1.3617525,1
16:11:31.500206,139,0.6658833,0.23867624,1.5812911,-0.27832,19.359999,1.0,0.45402852,1
16:11:31.500206,139,0.6517977,0.26413527,1.5744693,-0.27832,22.359999,1.0,0.16563968,1
16:11:31.500206,139,0.7096779,0.2708238,1.54538,-0.27832,31.88,1.0,1.5082276,1
16:11:31.500206,139,0.640548,0.28286132,1.5694517,-0.34804,22.519999,1.0,0.10900814,1
16:11:31.500206,139,0.6016442,0.243811,1.6072124,-0.27832,10.12,1.0,1.7759676,1
16:11:31.500206,139,0.55912346,0.37149298,1.3299057,-0.55664,47.239998,1.0,5.7213025,1
16:11:31.500206,139,0.6500561,0.41489983,1.2514194,-0.55664,25.0,1.0,4.2955546,1
16:11:31.500206,139,0.7069998,0.46561423,1.2394747,-0.55664,8.88,0.88799995,10.439532,1
16:11:31.500206,139,0.5849344,0.407677,1.2821634,-0.55664,57.76,1.0,5.206684,1
16:11:31.500206,139,0.6246534,0.3073064,1.5629017,-0.34804,19.359999,1.0,0.24986279,1
16:11:31.500206,139,0.5840411,0.27244905,1.5995389,-0.27832,10.36,1.0,1.8591783,1
16:11:31.500206,139,0.63272727,0.29516062,1.5661561,-0.34804,21.24,1.0,0.14820673,1
16:11:31.500206,139,0.5912601,0.26109615,1.6025809,-0.27832,10.5199995,1.0,1.7750242,1
16:11:31.500206,139,0.66375417,0.3438623,1.5258093,-0.27832,29.24,1.0,1.364375,1
16:11:31.500206,139,0.640548,0.28286132,1.5694517,-0.34804,22.519999,1.0,0.10900814,1
16:11:31.500206,139,0.6589723,0.25147378,1.577862,-0.27832,21.24,1.0,0.279555,1
16:11:31.500206,139,0.6658833,0.23867624,1.5812911,-0.27832,19.359999,1.0,0.45402852,1
16:11:31.500206,139,0.6589723,0.25147378,1.577862,-0.27832,21.24,1.0,0.279555,1
16:11:31.500206,139,0.63272727,0.29516062,1.5661561,-0.34804,21.24,1.0,0.14820673,1
16:11:31.500206,139,0.7377166,0.21487093,1.5603725,-0.27832,27.519999,1.0,2.6170287,1
16:11:31.500206,139,0.6500561,0.41489983,1.2514194,-0.55664,25.0,1.0,4.2955546,1
16:11:31.500206,139,0.5849344,0.407677,1.2821634,-0.55664,57.76,1.0,5.206684,1
16:11:31.500206,139,0.72774607,0.23610544,1.5546827,-0.27832,29.359999,1.0,2.102953,1
16:11:31.500206,139,0.70195127,0.28445953,1.5417262,-0.27832,32.52,1.0,1.3617525,1
16:11:31.500206,139,0.72774607,0.23610544,1.5546827,-0.27832,29.359999,1.0,2.102953,1
16:11:31.500206,139,0.63272727,0.29516062,1.5661561,-0.34804,21.24,1.0,0.14820673,1
16:11:31.500206,139,0.6500561,0.41489983,1.2514194,-0.55664,25.0,1.0,4.2955546,1
16:11:31.500206,139,0.6146459,0.22031094,1.6135093,-0.27832,8.24,0.824,2.0124714,1
16:11:31.500206,139,0.6146459,0.22031094,1.6135093,-0.27832,8.24,0.824,2.0124714,1
16:11:31.500206,139,0.5912601,0.26109615,1.6025809,-0.27832,10.5199995,1.0,1.7750242,1
16:11:31.500206,139,0.6589723,0.25147378,1.577862,-0.27832,21.24,1.0,0.279555,1
16:11:31.500206,139,0.5840411,0.27244905,1.5995389,-0.27832,10.36,1.0,1.8591783,1
16:11:31.500206,139,0.7069998,0.46561423,1.2394747,-0.55664,8.88,0.88799995,10.439532,1
16:11:31.500206,139,0.5849344,0.407677,1.2821634,-0.55664,57.76,1.0,5.206684,1
16:11:31.500206,139,0.5840411,0.27244905,1.5995389,-0.27832,10.36,1.0,1.8591783,1
16:11:31.500206,139,0.7069998,0.46561423,1.2394747,-0.55664,8.88,0.88799995,10.439532,1
16:11:31.500206,139,0.640548,0.28286132,1.5694517,-0.34804,22.519999,1.0,0.10900814,1
16:11:31.500206,139,0.63272727,0.29516062,1.5661561,-0.34804,21.24,1.0,0.14820673,1
16:11:31.500206,139,0.5849344,0.407677,1.2821634,-0.55664,57.76,1.0,5.206684,1
16:11:31.500206,139,0.63272727,0.29516062,1.5661561,-0.34804,21.24,1.0,0.14820673,1
16:11:31.500206,139,0.5849344,0.407677,1.2821634,-0.55664,57.76,1.0,5.206684,1
16:11:31.500206,139,0.71712065,0.2570415,1.5490729,-0.27832,30.88,1.0,1.706977,1
16:11:31.500206,139,0.7096779,0.2708238,1.54538,-0.27832,31.88,1.0,1.5082276,1
16:11:31.500206,139,0.70195127,0.28445953,1.5417262,-0.27832,32.52,1.0,1.3617525,1
16:11:31.500206,139,0.7069998,0.46561423,1.2394747,-0.55664,8.88,0.88799995,10.439532,1
16:11:31.500206,139,0.5840411,0.27244905,1.5995389,-0.27832,10.36,1.0,1.8591783,1
16:11:31.500206,139,0.6500561,0.41489983,1.2514194,-0.55664,25.0,1.0,4.2955546,1
16:11:31.500206,139,0.7096779,0.2708238,1.54538,-0.27832,31.88,1.0,1.5082276,1
16:11:31.500206,139,0.70195127,0.28445953,1.5417262,-0.27832,32.52,1.0,1.3617525,1
16:11:31.500206,139,0.5912601,0.26109615,1.6025809,-0.27832,10.5199995,1.0,1.7750242,1
16:11:31.500206,139,0.6500561,0.41489983,1.2514194,-0.55664,25.0,1.0,4.2955546,1
16:11:31.500206,139,0.7377166,0.21487093,1.5603725,-0.27832,27.519999,1.0,2.6170287,1
16:11:31.500206,139,0.640548,0.28286132,1.5694517,-0.34804,22.519999,1.0,0.10900814,1
16:11:31.500206,139,0.5912601,0.26109615,1.6025809,-0.27832,10.5199995,1.0,1.7750242,1
16:11:31.500206,139,0.67574954,0.219236,1.5865,-0.27832,17.24,1.0,0.8291404,1
16:11:31.553764,140,0.5789125,0.51890975,-0.5433648,-0.55664,48.36,1.0,0.98966914,1
16:11:31.553764,140,0.5498856,0.47340438,-0.5071309,-0.48720002,13.639999,1.0,2.0150042,1
16:11:31.553764,140,0.6399357,0.56216925,-0.54597276,-0.41748002,41.76,1.0,3.66334,1
16:11:31.553764,140,0.68572104,0.59034705,-0.5799696,-0.41748002,19.0,1.0,3.530013,1
16:11:31.553764,140,0.6589723,0.35216236,-0.34266782,-0.20888,7.7599998,0.77599996,5.113114,1
16:11:31.553764,140,0.68572104,0.59034705,-0.5799696,-0.41748002,19.0,1.0,3.530013,1
16:11:31.553764,140,0.68572104,0.59034705,-0.5799696,-0.41748002,19.0,1.0,3.530013,1
16:11:31.553764,140,0.5789125,0.51890975,-0.5433648,-0.55664,48.36,1.0,0.98966914,1
16:11:31.553764,140,0.6399357,0.56216925,-0.54597276,-0.41748002,41.76,1.0,3.66334,1
16:11:31.553764,140,0.5789125,0.51890975,-0.5433648,-0.55664,48.36,1.0,0.98966914,1
16:11:31.553764,140,0.5498856,0.47340438,-0.5071309,-0.48720002,13.639999,1.0,2.0150042,1
16:11:31.553764,140,0.5498856,0.47340438,-0.5071309,-0.48720002,13.639999,1.0,2.0150042,1
16:11:31.553764,140,0.68572104,0.59034705,-0.5799696,-0.41748002,19.0,1.0,3.530013,1
16:11:31.553764,140,0.5789125,0.51890975,-0.5433648,-0.55664,48.36,1.0,0.98966914,1
16:11:31.553764,140,0.6399357,0.56216925,-0.54597276,-0.41748002,41.76,1.0,3.66334,1
16:11:31.553764,140,0.6399357,0.56216925,-0.54597276,-0.41748002,41.76,1.0,3.66334,1
16:11:31.553764,140,0.6399357,0.56216925,-0.54597276,-0.41748002,41.76,1.0,3.66334,1
16:11:31.553764,140,0.6399357,0.56216925,-0.54597276,-0.41748002,41.76,1.0,3.66334,1
16:11:31.553764,140,0.5498856,0.47340438,-0.5071309,-0.48720002,13.639999,1.0,2.0150042,1
16:11:31.553764,140,0.6399357,0.56216925,-0.54597276,-0.41748002,41.76,1.0,3.66334,1
16:11:31.553764,140,0.5498856,0.47340438,-0.5071309,-0.48720002,13.639999,1.0,2.0150042,1
16:11:31.553764,140,0.5498856,0.47340438,-0.5071309,-0.48720002,13.639999,1.0,2.0150042,1
16:11:31.553764,140,0.6589723,0.35216236,-0.34266782,-0.20888,7.7599998,0.77599996,5.113114,1
16:11:31.553764,140,0.68572104,0.59034705,-0.5799696,-0.41748002,19.0,1.0,3.530013,1
16:11:31.553764,140,0.6399357,0.56216925,-0.54597276,-0.41748002,41.76,1.0,3.66334,1
16:11:31.553764,140,0.68572104,0.59034705,-0.5799696,-0.41748002,19.0,1.0,3.530013,1
16:11:31.553764,140,0.68572104,0.59034705,-0.5799696,-0.41748002,19.0,1.0,3.530013,1
16:11:31.553764,140,0.68572104,0.59034705,-0.5799696,-0.41748002,19.0,1.0,3.530013,1
16:11:31.553764,140,0.5498856,0.47340438,-0.5071309,-0.48720002,13.639999,1.0,2.0150042,1
16:11:31.553764,140,0.5789125,0.51890975,-0.5433648,-0.55664,48.36,1.0,0.98966914,1
16:11:31.553764,140,0.6399357,0.56216925,-0.54597276,-0.41748002,41.76,1.0,3.66334,1
16:11:31.553764,140,0.6589723,0.35216236,-0.34266782,-0.20888,7.7599998,0.77599996,5.113114,1
16:11:31.553764,140,0.5789125,0.51890975,-0.5433648,-0.55664,48.36,1.0,0.98966914,1
16:11:31.553764,140,0.68572104,0.59034705,-0.5799696,-0.41748002,19.0,1.0,3.530013,1
16:11:31.553764,140,0.6399357,0.56216925,-0.54597276,-0.41748002,41.76,1.0,3.66334,1
16:11:31.553764,140,0.5789125,0.51890975,-0.5433648,-0.55664,48.36,1.0,0.98966914,1
16:11:31.553764,140,0.5789125,0.51890975,-0.5433648,-0.55664,48.36,1.0,0.98966914,1
16:11:31.553764,140,0.5498856,0.47340438,-0.5071309,-0.48720002,13.639999,1.0,2.0150042,1
16:11:31.553764,140,0.6399357,0.56216925,-0.54597276,-0.41748002,41.76,1.0,3.66334,1
16:11:31.553764,140,0.6399357,0.56216925,-0.54597276,-0.41748002,41.76,1.0,3.66334,1
16:11:31.553764,140,0.5498856,0.47340438,-0.5071309,-0.48720002,13.639999,1.0,2.0150042,1
16:11:31.553764,140,0.6399357,0.56216925,-0.54597276,-0.41748002,41.76,1.0,3.66334,1
16:11:31.553764,140,0.6589723,0.35216236,-0.34266782,-0.20888,7.7599998,0.77599996,5.113114,1
16:11:31.553764,140,0.6589723,0.35216236,-0.34266782,-0.20888,7.7599998,0.77599996,5.113114,1
16:11:31.553764,140,0.6399357,0.56216925,-0.54597276,-0.41748002,41.76,1.0,3.66334,1
16:11:31.553764,140,0.6589723,0.35216236,-0.34266782,-0.20888,7.7599998,0.77599996,5.113114,1
16:11:31.553764,140,0.6399357,0.56216925,-0.54597276,-0.41748002,41.76,1.0,3.66334,1
16:11:31.553764,140,0.6399357,0.56216925,-0.54597276,-0.41748002,41.76,1.0,3.66334,1
16:11:31.553764,140,0.68572104,0.59034705,-0.5799696,-0.41748002,19.0,1.0,3.530013,1
16:11:31.553764,140,0.6399357,0.56216925,-0.54597276,-0.41748002,41.76,1.0,3.66334,1
16:11:31.553764,140,0.6589723,0.35216236,-0.34266782,-0.20888,7.7599998,0.77599996,5.113114,1
16:11:31.553764,140,0.68572104,0.59034705,-0.5799696,-0.41748002,19.0,1.0,3.530013,1
16:11:31.553764,140,0.6589723,0.35216236,-0.34266782,-0.20888,7.7599998,0.77599996,5.113114,1
16:11:31.553764,140,0.5789125,0.51890975,-0.5433648,-0.55664,48.36,1.0,0.98966914,1
16:11:31.553764,140,0.6399357,0.56216925,-0.54597276,-0.41748002,41.76,1.0,3.66334,1
16:11:31.553764,140,0.5789125,0.51890975,-0.5433648,-0.55664,48.36,1.0,0.98966914,1
16:11:31.553764,140,0.68572104,0.59034705,-0.5799696,-0.41748002,19.0,1.0,3.530013,1
16:11:31.553764,140,0.68572104,0.59034705,-0.5799696,-0.41748002,19.0,1.0,3.530013,1
16:11:31.553764,140,0.6589723,0.35216236,-0.34266782,-0.20888,7.7599998,0.77599996,5.113114,1
16:11:31.553764,140,0.68572104,0.59034705,-0.5799696,-0.41748002,19.0,1.0,3.530013,1
16:11:31.553764,140,0.5498856,0.47340438,-0.5071309,-0.48720002,13.639999,1.0,2.0150042,1
16:11:31.553764,140,0.5789125,0.51890975,-0.5433648,-0.55664,48.36,1.0,0.98966914,1
16:11:31.553764,140,0.68572104,0.59034705,-0.5799696,-0.41748002,19.0,1.0,3.530013,1
16:11:31.553764,140,0.5498856,0.47340438,-0.5071309,-0.48720002,13.639999,1.0,2.0150042,1
16:11:31.666156,142,0.5777178,0.29954904,1.309953,-0.13916,52.12,1.0,0.23083855,1
16:11:31.666156,142,0.54901445,0.19360115,1.4196675,-0.06972,7.7599998,0.77599996,10.820349,1
16:11:31.666156,142,0.7008588,0.3561404,1.267164,-0.20888,16.64,1.0,6.2237663,1
16:11:31.666156,142,0.64502394,0.34226835,1.2996897,-0.13916,42.36,1.0,2.1974382,1
16:11:31.666156,142,0.6094985,0.27049407,1.3254654,-0.13916,49.64,1.0,2.7733784,1
16:11:31.666156,142,0.63465846,0.35462955,1.2963774,-0.13916,42.0,1.0,1.950428,1
16:11:31.666156,142,0.60065997,0.2821837,1.3223332,-0.13916,52.879997,1.0,1.5744964,1
16:11:31.666156,142,0.62403905,0.36678803,1.2931195,-0.13916,39.76,1.0,2.0930464,1
16:11:31.666156,142,0.5915812,0.29370025,1.3192474,-0.13916,53.879997,1.0,0.715768,1
16:11:31.666156,142,0.5478194,0.26907375,1.3587817,-0.06972,42.239998,1.0,1.5230057,1
16:11:31.666156,142,0.61863554,0.37278974,1.2915114,-0.13916,36.12,1.0,2.309757,1
16:11:31.666156,142,0.5391931,0.27957383,1.3559682,-0.06972,41.879997,1.0,1.0082173,1
16:11:31.666156,142,0.52129704,0.30006367,1.350478,-0.06972,37.239998,1.0,0.87374485,1
16:11:31.666156,142,0.5682441,0.31061855,1.3069869,-0.06972,48.0,1.0,0.025586275,1
16:11:31.666156,142,0.60764337,0.38463506,1.2883375,-0.13916,31.88,1.0,3.0323415,1
16:11:31.666156,142,0.48799023,0.33419898,1.3413315,-0.06972,22.519999,1.0,3.4734492,1
16:11:31.666156,142,0.50256705,0.31984586,1.3451774,-0.06972,29.76,1.0,1.9217227,1
16:11:31.666156,142,0.53847486,0.34269843,1.2983911,-0.06972,31.359999,1.0,1.3974191,1
16:11:31.666156,142,0.4928986,0.32946163,1.3426008,-0.06972,26.0,1.0,2.883901,1
16:11:31.666156,142,0.5486187,0.33219755,1.3012048,-0.06972,36.88,1.0,0.61103976,1
16:11:31.666156,142,0.5585431,0.32150283,1.3040705,-0.06972,42.64,1.0,0.1529857,1
16:11:31.666156,142,0.53035116,0.2899052,1.3532,-0.06972,40.12,1.0,0.79227436,1
16:11:31.666156,142,0.5120345,0.3100452,1.3478035,-0.06972,33.64,1.0,1.2509011,1
16:11:31.666156,142,0.48799023,0.33419898,1.3413315,-0.06972,22.519999,1.0,3.4734492,1
16:11:31.666156,142,0.60764337,0.38463506,1.2883375,-0.13916,31.88,1.0,3.0323415,1
16:11:31.666156,142,0.7008588,0.3561404,1.267164,-0.20888,16.64,1.0,6.2237663,1
16:11:31.666156,142,0.5486187,0.33219755,1.3012048,-0.06972,36.88,1.0,0.61103976,1
16:11:31.666156,142,0.53035116,0.2899052,1.3532,-0.06972,40.12,1.0,0.79227436,1
16:11:31.666156,142,0.5915812,0.29370025,1.3192474,-0.13916,53.879997,1.0,0.715768,1
16:11:31.666156,142,0.5478194,0.26907375,1.3587817,-0.06972,42.239998,1.0,1.5230057,1
16:11:31.666156,142,0.53847486,0.34269843,1.2983911,-0.06972,31.359999,1.0,1.3974191,1
16:11:31.666156,142,0.7008588,0.3561404,1.267164,-0.20888,16.64,1.0,6.2237663,1
16:11:31.666156,142,0.5120345,0.3100452,1.3478035,-0.06972,33.64,1.0,1.2509011,1
16:11:31.666156,142,0.5486187,0.33219755,1.3012048,-0.06972,36.88,1.0,0.61103976,1
16:11:31.666156,142,0.53035116,0.2899052,1.3532,-0.06972,40.12,1.0,0.79227436,1
16:11:31.666156,142,0.50256705,0.31984586,1.3451774,-0.06972,29.76,1.0,1.9217227,1
16:11:31.666156,142,0.6094985,0.27049407,1.3254654,-0.13916,49.64,1.0,2.7733784,1
16:11:31.666156,142,0.5777178,0.29954904,1.309953,-0.13916,52.12,1.0,0.23083855,1
16:11:31.666156,142,0.5120345,0.3100452,1.3478035,-0.06972,33.64,1.0,1.2509011,1
16:11:31.666156,142,0.61863554,0.37278974,1.2915114,-0.13916,36.12,1.0,2.309757,1
16:11:31.666156,142,0.52129704,0.30006367,1.350478,-0.06972,37.239998,1.0,0.87374485,1
16:11:31.666156,142,0.50256705,0.31984586,1.3451774,-0.06972,29.76,1.0,1.9217227,1
16:11:31.666156,142,0.5486187,0.33219755,1.3012048,-0.06972,36.88,1.0,0.61103976,1
16:11:31.666156,142,0.63465846,0.35462955,1.2963774,-0.13916,42.0,1.0,1.950428,1
16:11:31.666156,142,0.63465846,0.35462955,1.2963774,-0.13916,42.0,1.0,1.950428,1
16:11:31.666156,142,0.4928986,0.32946163,1.3426008,-0.06972,26.0,1.0,2.883901,1
16:11:31.666156,142,0.53847486,0.34269843,1.2983911,-0.06972,31.359999,1.0,1.3974191,1
16:11:31.666156,142,0.5682441,0.31061855,1.3069869,-0.06972,48.0,1.0,0.025586275,1
16:11:31.666156,142,0.5585431,0.32150283,1.3040705,-0.06972,42.64,1.0,0.1529857,1
16:11:31.666156,142,0.5486187,0.33219755,1.3012048,-0.06972,36.88,1.0,0.61103976,1
16:11:31.666156,142,0.48799023,0.33419898,1.3413315,-0.06972,22.519999,1.0,3.4734492,1
16:11:31.666156,142,0.5391931,0.27957383,1.3559682,-0.06972,41.879997,1.0,1.0082173,1
16:11:31.666156,142,0.5915812,0.29370025,1.3192474,-0.13916,53.879997,1.0,0.715768,1
16:11:31.666156,142,0.50256705,0.31984586,1.3451774,-0.06972,29.76,1.0,1.9217227,1
16:11:31.666156,142,0.5585431,0.32150283,1.3040705,-0.06972,42.64,1.0,0.1529857,1
16:11:31.666156,142,0.60065997,0.2821837,1.3223332,-0.13916,52.879997,1.0,1.5744964,1
16:11:31.666156,142,0.54901445,0.19360115,1.4196675,-0.06972,7.7599998,0.77599996,10.820349,1
16:11:31.666156,142,0.5585431,0.32150283,1.3040705,-0.06972,42.64,1.0,0.1529857,1
16:11:31.666156,142,0.54901445,0.19360115,1.4196675,-0.06972,7.7599998,0.77599996,10.820349,1
16:11:31.666156,142,0.62403905,0.36678803,1.2931195,-0.13916,39.76,1.0,2.0930464,1
16:11:31.666156,142,0.5585431,0.32150283,1.3040705,-0.06972,42.64,1.0,0.1529857,1
16:11:31.666156,142,0.62403905,0.36678803,1.2931195,-0.13916,39.76,1.0,2.0930464,1
16:11:31.666156,142,0.6094985,0.27049407,1.3254654,-0.13916,49.64,1.0,2.7733784,1
16:11:31.666156,142,0.53035116,0.2899052,1.3532,-0.06972,40.12,1.0,0.79227436,1
16:11:31.721042,143,0.5758598,0.2443678,1.2870328,-0.06972,51.64,1.0,0.57950217,1
16:11:31.721042,143,0.5489912,0.21232967,1.3387947,-0.06972,42.52,1.0,0.97507644,1
16:11:31.721042,143,0.5882159,0.22750036,1.2915524,-0.06972,48.36,1.0,0.7379974,1
16:11:31.721042,143,0.62744063,0.24267106,1.2443101,-0.20888,24.88,1.0,5.4595494,1
16:11:31.721042,143,0.5564054,0.201652,1.3416557,-0.06972,35.239998,1.0,1.3511771,1
16:11:31.721042,143,0.58380854,0.15757401,1.3534664,-0.06972,18.0,1.0,4.7208085,1
16:11:31.721042,143,0.56710863,0.18537232,1.346018,-0.06972,28.24,1.0,2.2315392,1
16:11:31.721042,143,0.6076278,0.19861694,1.2992917,-0.06972,34.52,1.0,1.6784986,1
16:11:31.721042,143,0.5739611,0.17435007,1.3489714,-0.06972,22.519999,1.0,3.0576234,1
16:11:31.721042,143,0.6149699,0.18680716,1.3024561,-0.06972,27.76,1.0,2.3455162,1
16:11:31.721042,143,0.62552094,0.16883248,1.3072724,-0.06972,22.359999,1.0,3.7468858,1
16:11:31.721042,143,0.537459,0.22807232,1.3345765,-0.06972,48.12,1.0,0.69532615,1
16:11:31.721042,143,0.5961599,0.21605979,1.2946179,-0.06972,41.879997,1.0,1.0035754,1
16:11:31.721042,143,0.605166,0.27244243,1.2363329,-0.20888,22.76,1.0,5.541859,1
16:11:31.721042,143,0.52950156,0.2383787,1.3318149,-0.20888,49.52,1.0,0.68973976,1
16:11:31.721042,143,0.56733376,0.25541055,1.284074,-0.06972,50.0,1.0,0.62371755,1
16:11:31.721042,143,0.47742635,0.2968059,1.3161594,-0.20888,16.119999,1.0,4.107395,1
16:11:31.721042,143,0.5213711,0.30803484,1.2699733,-0.20888,19.76,1.0,2.883061,1
16:11:31.721042,143,0.49558684,0.2780062,1.3211968,-0.20888,25.24,1.0,2.2061305,1
16:11:31.721042,143,0.5309959,0.2978694,1.2726971,-0.20888,24.519999,1.0,2.1043794,1
16:11:31.721042,143,0.48660392,0.28749377,1.3186545,-0.20888,20.119999,1.0,3.0417206,1
16:11:31.721042,143,0.54040825,0.28752008,1.2754701,-0.20888,30.359999,1.0,1.511817,1
16:11:31.721042,143,0.51295453,0.2585201,1.326418,-0.20888,39.0,1.0,1.1195502,1
16:11:31.721042,143,0.5496045,0.27699104,1.2782915,-0.20888,37.36,1.0,1.079572,1
16:11:31.721042,143,0.5213323,0.24852931,1.329095,-0.20888,45.879997,1.0,0.82906115,1
16:11:31.721042,143,0.5585808,0.26628643,1.2811598,-0.20888,44.52,1.0,0.7880126,1
16:11:31.721042,143,0.5043715,0.26834702,1.323785,-0.20888,31.64,1.0,1.5728834,1
16:11:31.721042,143,0.62552094,0.16883248,1.3072724,-0.06972,22.359999,1.0,3.7468858,1
16:11:31.721042,143,0.5882159,0.22750036,1.2915524,-0.06972,48.36,1.0,0.7379974,1
16:11:31.721042,143,0.49558684,0.2780062,1.3211968,-0.20888,25.24,1.0,2.2061305,1
16:11:31.721042,143,0.5961599,0.21605979,1.2946179,-0.06972,41.879997,1.0,1.0035754,1
16:11:31.721042,143,0.5961599,0.21605979,1.2946179,-0.06972,41.879997,1.0,1.0035754,1
16:11:31.721042,143,0.62744063,0.24267106,1.2443101,-0.20888,24.88,1.0,5.4595494,1
16:11:31.721042,143,0.5564054,0.201652,1.3416557,-0.06972,35.239998,1.0,1.3511771,1
16:11:31.721042,143,0.5564054,0.201652,1.3416557,-0.06972,35.239998,1.0,1.3511771,1
16:11:31.721042,143,0.5489912,0.21232967,1.3387947,-0.06972,42.52,1.0,0.97507644,1
16:11:31.721042,143,0.47742635,0.2968059,1.3161594,-0.20888,16.119999,1.0,4.107395,1
16:11:31.721042,143,0.5961599,0.21605979,1.2946179,-0.06972,41.879997,1.0,1.0035754,1
16:11:31.721042,143,0.47742635,0.2968059,1.3161594,-0.20888,16.119999,1.0,4.107395,1
16:11:31.721042,143,0.62744063,0.24267106,1.2443101,-0.20888,24.88,1.0,5.4595494,1
16:11:31.721042,143,0.5043715,0.26834702,1.323785,-0.20888,31.64,1.0,1.5728834,1
16:11:31.721042,143,0.56733376,0.25541055,1.284074,-0.06972,50.0,1.0,0.62371755,1
16:11:31.721042,143,0.52950156,0.2383787,1.3318149,-0.20888,49.52,1.0,0.68973976,1
16:11:31.721042,143,0.5309959,0.2978694,1.2726971,-0.20888,24.519999,1.0,2.1043794,1
16:11:31.721042,143,0.5758598,0.2443678,1.2870328,-0.06972,51.64,1.0,0.57950217,1
16:11:31.721042,143,0.5043715,0.26834702,1.323785,-0.20888,31.64,1.0,1.5728834,1
16:11:31.721042,143,0.5496045,0.27699104,1.2782915,-0.20888,37.36,1.0,1.079572,1
16:11:31.721042,143,0.5739611,0.17435007,1.3489714,-0.06972,22.519999,1.0,3.0576234,1
16:11:31.721042,143,0.56710863,0.18537232,1.346018,-0.06972,28.24,1.0,2.2315392,1
16:11:31.721042,143,0.5739611,0.17435007,1.3489714,-0.06972,22.519999,1.0,3.0576234,1
16:11:31.721042,143,0.5585808,0.26628643,1.2811598,-0.20888,44.52,1.0,0.7880126,1
16:11:31.721042,143,0.62552094,0.16883248,1.3072724,-0.06972,22.359999,1.0,3.7468858,1
16:11:31.721042,143,0.537459,0.22807232,1.3345765,-0.06972,48.12,1.0,0.69532615,1
16:11:31.721042,143,0.5564054,0.201652,1.3416557,-0.06972,35.239998,1.0,1.3511771,1
16:11:31.721042,143,0.6149699,0.18680716,1.3024561,-0.06972,27.76,1.0,2.3455162,1
16:11:31.721042,143,0.56710863,0.18537232,1.346018,-0.06972,28.24,1.0,2.2315392,1
16:11:31.721042,143,0.5758598,0.2443678,1.2870328,-0.06972,51.64,1.0,0.57950217,1
16:11:31.721042,143,0.5213711,0.30803484,1.2699733,-0.20888,19.76,1.0,2.883061,1
16:11:31.721042,143,0.51295453,0.2585201,1.326418,-0.20888,39.0,1.0,1.1195502,1
16:11:31.721042,143,0.5961599,0.21605979,1.2946179,-0.06972,41.879997,1.0,1.0035754,1
16:11:31.721042,143,0.62552094,0.16883248,1.3072724,-0.06972,22.359999,1.0,3.7468858,1
16:11:31.721042,143,0.62744063,0.24267106,1.2443101,-0.20888,24.88,1.0,5.4595494,1
16:11:31.721042,143,0.49558684,0.2780062,1.3211968,-0.20888,25.24,1.0,2.2061305,1
16:11:31.721042,143,0.49558684,0.2780062,1.3211968,-0.20888,25.24,1.0,2.2061305,1
16:11:31.777918,144,0.6355091,0.32345387,-0.62542635,-0.20888,83.36,1.0,1.1715612,1
16:11:31.777918,144,0.6616992,0.388409,-0.65949285,-0.20888,51.64,1.0,1.1070728,1
16:11:31.777918,144,0.58387834,0.37490398,-0.54972786,-0.27832,41.0,1.0,0.938905,1
16:11:31.777918,144,0.62552094,0.34237075,-0.62542635,-0.20888,103.88,1.0,0.73482615,1
16:11:31.777918,144,0.66723335,0.36520147,-0.66713244,-2.36572,52.52,1.0,1.1899656,1
16:11:31.777918,144,0.7088656,0.45515737,-0.6674047,-0.13916,15.759999,1.0,9.424766,1
16:11:31.777918,144,0.5912591,0.36315224,-0.54972786,-0.27832,38.0,1.0,0.8653786,1
16:11:31.777918,144,0.6778875,0.34502316,-0.66713244,-2.36572,48.12,1.0,1.8042248,1
16:11:31.777918,144,0.69735664,0.30375344,-0.66713244,-3.2704,32.36,1.0,3.46863,1
16:11:31.777918,144,0.6449253,0.30424592,-0.62542635,-0.20888,62.239998,1.0,1.7849376,1
16:11:31.777918,144,0.6879316,0.32453433,-0.66713244,-3.2704,40.52,1.0,2.5653017,1
16:11:31.777918,144,0.61197126,0.3270445,-0.54972786,-0.06972,28.0,1.0,1.1544375,1
16:11:31.777918,144,0.6537611,0.28476414,-0.62542635,-0.20888,45.76,1.0,2.5709925,1
16:11:31.777918,144,0.6386737,0.2122143,-0.35037497,-0.20888,7.8799996,0.788,5.7061763,1
16:11:31.777918,144,0.66462564,0.2583929,-0.62542635,-0.20888,34.12,1.0,3.8840818,1
16:11:31.777918,144,0.6203328,0.36412743,-0.6182644,-0.20888,111.36,1.0,0.2843429,1
16:11:31.777918,144,0.60188603,0.3452537,-0.54972786,-0.06972,33.239998,1.0,0.9165317,1
16:11:31.777918,144,0.57626396,0.3865058,-0.54972786,-0.27832,41.0,1.0,1.1016947,1
16:11:31.777918,144,0.5585431,0.4906677,-0.58900523,-0.20888,24.64,1.0,2.2905402,1
16:11:31.777918,144,0.609032,0.42638627,-0.58900523,-0.20888,99.52,1.0,0.2807638,1
16:11:31.777918,144,0.6496448,0.4548195,-0.6282826,-3.2704,46.12,1.0,2.7023628,1
16:11:31.777918,144,0.5345263,0.45095342,-0.5427617,-0.06972,19.0,1.0,3.2830532,1
16:11:31.777918,144,0.5682441,0.47939947,-0.58900523,-0.20888,32.0,1.0,1.6985766,1
16:11:31.777918,144,0.606137,0.51136786,-0.6282826,-0.20888,20.119999,1.0,2.999601,1
16:11:31.777918,144,0.54343784,0.44017345,-0.5427617,0.06972,23.0,1.0,2.5982456,1
16:11:31.777918,144,0.5777178,0.46793947,-0.58900523,-0.20888,42.64,1.0,1.2133486,1
16:11:31.777918,144,0.55213207,0.42921737,-0.5427617,0.06972,27.88,1.0,2.0213149,1
16:11:31.777918,144,0.58696043,0.4562923,-0.58900523,-0.20888,57.76,1.0,0.8294804,1
16:11:31.777918,144,0.62610143,0.4867198,-0.6282826,-0.20888,31.119999,1.0,2.6566775,1
16:11:31.777918,144,0.55622655,0.41482395,-0.54972786,0.06972,33.239998,1.0,1.919909,1
16:11:31.777918,144,0.59596825,0.44446263,-0.58900523,-0.20888,78.0,1.0,0.5419016,1
16:11:31.777918,144,0.5644113,0.4036172,-0.54972786,-0.27832,38.0,1.0,1.5199927,1
16:11:31.777918,144,0.63570994,0.47410128,-0.6282826,-3.2704,38.52,1.0,2.6158834,1
16:11:31.777918,144,0.61624247,0.49914366,-0.6282826,-0.20888,25.0,1.0,2.7826188,1
16:11:31.777918,144,0.6879316,0.32453433,-0.66713244,-3.2704,40.52,1.0,2.5653017,1
16:11:31.777918,144,0.62552094,0.34237075,-0.62542635,-0.20888,103.88,1.0,0.73482615,1
16:11:31.777918,144,0.5585431,0.4906677,-0.58900523,-0.20888,24.64,1.0,2.2905402,1
16:11:31.777918,144,0.54343784,0.44017345,-0.5427617,0.06972,23.0,1.0,2.5982456,1
16:11:31.777918,144,0.6778875,0.34502316,-0.66713244,-2.36572,48.12,1.0,1.8042248,1
16:11:31.777918,144,0.63570994,0.47410128,-0.6282826,-3.2704,38.52,1.0,2.6158834,1
16:11:31.777918,144,0.6449253,0.30424592,-0.62542635,-0.20888,62.239998,1.0,1.7849376,1
16:11:31.777918,144,0.5682441,0.47939947,-0.58900523,-0.20888,32.0,1.0,1.6985766,1
16:11:31.777918,144,0.54343784,0.44017345,-0.5427617,0.06972,23.0,1.0,2.5982456,1
16:11:31.777918,144,0.66723335,0.36520147,-0.66713244,-2.36572,52.52,1.0,1.1899656,1
16:11:31.777918,144,0.63570994,0.47410128,-0.6282826,-3.2704,38.52,1.0,2.6158834,1
16:11:31.777918,144,0.5912591,0.36315224,-0.54972786,-0.27832,38.0,1.0,0.8653786,1
16:11:31.777918,144,0.5345263,0.45095342,-0.5427617,-0.06972,19.0,1.0,3.2830532,1
16:11:31.777918,144,0.66723335,0.36520147,-0.66713244,-2.36572,52.52,1.0,1.1899656,1
16:11:31.777918,144,0.609032,0.42638627,-0.58900523,-0.20888,99.52,1.0,0.2807638,1
16:11:31.777918,144,0.7088656,0.45515737,-0.6674047,-0.13916,15.759999,1.0,9.424766,1
16:11:31.777918,144,0.66723335,0.36520147,-0.66713244,-2.36572,52.52,1.0,1.1899656,1
16:11:31.777918,144,0.7088656,0.45515737,-0.6674047,-0.13916,15.759999,1.0,9.424766,1
16:11:31.777918,144,0.7088656,0.45515737,-0.6674047,-0.13916,15.759999,1.0,9.424766,1
16:11:31.777918,144,0.58387834,0.37490398,-0.54972786,-0.27832,41.0,1.0,0.938905,1
16:11:31.777918,144,0.5644113,0.4036172,-0.54972786,-0.27832,38.0,1.0,1.5199927,1
16:11:31.777918,144,0.66723335,0.36520147,-0.66713244,-2.36572,52.52,1.0,1.1899656,1
16:11:31.777918,144,0.55213207,0.42921737,-0.5427617,0.06972,27.88,1.0,2.0213149,1
16:11:31.777918,144,0.5585431,0.4906677,-0.58900523,-0.20888,24.64,1.0,2.2905402,1
16:11:31.777918,144,0.66462564,0.2583929,-0.62542635,-0.20888,34.12,1.0,3.8840818,1
16:11:31.777918,144,0.69735664,0.30375344,-0.66713244,-3.2704,32.36,1.0,3.46863,1
16:11:31.777918,144,0.6496448,0.4548195,-0.6282826,-3.2704,46.12,1.0,2.7023628,1
16:11:31.777918,144,0.5777178,0.46793947,-0.58900523,-0.20888,42.64,1.0,1.2133486,1
16:11:31.777918,144,0.5585431,0.4906677,-0.58900523,-0.20888,24.64,1.0,2.2905402,1
16:11:31.777918,144,0.5585431,0.4906677,-0.58900523,-0.20888,24.64,1.0,2.2905402,1
16:11:31.829119,145,-0.6280207,0.1539153,1.6030092,-0.13916,9.0,0.9,3.0824373,1
16:11:31.829119,145,0.65965587,0.2120672,1.5577719,-0.13916,11.12,1.0,3.3126407,1
16:11:31.829119,145,-0.63132614,0.058000166,1.2115196,-0.06972,6.12,0.612,3.6352875,1
16:11:31.829119,145,0.5989062,0.03712011,1.265435,-0.06972,12.12,1.0,4.127647,1
16:11:31.829119,145,0.9880269,0.01606503,0.019870156,-0.20888,6.7599998,0.676,3.501145,1
16:11:31.829119,145,0.7498636,0.010298554,0.0529301,0.13916,6.52,0.652,3.2665293,1
16:11:31.829119,145,0.56051105,0.12983865,1.327217,-0.06972,16.88,1.0,0.5812321,1
16:11:31.829119,145,0.7498636,0.010298554,0.0529301,0.13916,6.52,0.652,3.2665293,1
16:11:31.829119,145,-0.6280207,0.1539153,1.6030092,-0.13916,9.0,0.9,3.0824373,1
16:11:31.829119,145,-0.6280207,0.1539153,1.6030092,-0.13916,9.0,0.9,3.0824373,1
16:11:31.829119,145,0.7498636,0.010298554,0.0529301,0.13916,6.52,0.652,3.2665293,1
16:11:31.829119,145,-0.6280207,0.1539153,1.6030092,-0.13916,9.0,0.9,3.0824373,1
16:11:31.829119,145,-0.63132614,0.058000166,1.2115196,-0.06972,6.12,0.612,3.6352875,1
16:11:31.829119,145,-0.6280207,0.1539153,1.6030092,-0.13916,9.0,0.9,3.0824373,1
16:11:31.829119,145,0.7498636,0.010298554,0.0529301,0.13916,6.52,0.652,3.2665293,1
16:11:31.829119,145,0.65965587,0.2120672,1.5577719,-0.13916,11.12,1.0,3.3126407,1
16:11:31.829119,145,0.56051105,0.12983865,1.327217,-0.06972,16.88,1.0,0.5812321,1
16:11:31.829119,145,0.9880269,0.01606503,0.019870156,-0.20888,6.7599998,0.676,3.501145,1
16:11:31.829119,145,0.9880269,0.01606503,0.019870156,-0.20888,6.7599998,0.676,3.501145,1
16:11:31.829119,145,0.9880269,0.01606503,0.019870156,-0.20888,6.7599998,0.676,3.501145,1
16:11:31.829119,145,0.5989062,0.03712011,1.265435,-0.06972,12.12,1.0,4.127647,1
16:11:31.829119,145,0.65965587,0.2120672,1.5577719,-0.13916,11.12,1.0,3.3126407,1
16:11:31.829119,145,0.5989062,0.03712011,1.265435,-0.06972,12.12,1.0,4.127647,1
16:11:31.829119,145,0.5989062,0.03712011,1.265435,-0.06972,12.12,1.0,4.127647,1
16:11:31.829119,145,0.7498636,0.010298554,0.0529301,0.13916,6.52,0.652,3.2665293,1
16:11:31.829119,145,0.9880269,0.01606503,0.019870156,-0.20888,6.7599998,0.676,3.501145,1
16:11:31.829119,145,0.5989062,0.03712011,1.265435,-0.06972,12.12,1.0,4.127647,1
16:11:31.829119,145,0.5989062,0.03712011,1.265435,-0.06972,12.12,1.0,4.127647,1
16:11:31.829119,145,-0.63132614,0.058000166,1.2115196,-0.06972,6.12,0.612,3.6352875,1
16:11:31.829119,145,-0.63132614,0.058000166,1.2115196,-0.06972,6.12,0.612,3.6352875,1
16:11:31.829119,145,0.5989062,0.03712011,1.265435,-0.06972,12.12,1.0,4.127647,1
16:11:31.829119,145,0.56051105,0.12983865,1.327217,-0.06972,16.88,1.0,0.5812321,1
16:11:31.829119,145,0.5989062,0.03712011,1.265435,-0.06972,12.12,1.0,4.127647,1
16:11:31.829119,145,0.5989062,0.03712011,1.265435,-0.06972,12.12,1.0,4.127647,1
16:11:31.829119,145,0.56051105,0.12983865,1.327217,-0.06972,16.88,1.0,0.5812321,1
16:11:31.829119,145,0.56051105,0.12983865,1.327217,-0.06972,16.88,1.0,0.5812321,1
16:11:31.829119,145,0.5989062,0.03712011,1.265435,-0.06972,12.12,1.0,4.127647,1
16:11:31.829119,145,0.9880269,0.01606503,0.019870156,-0.20888,6.7599998,0.676,3.501145,1
16:11:31.829119,145,0.56051105,0.12983865,1.327217,-0.06972,16.88,1.0,0.5812321,1
16:11:31.829119,145,0.5989062,0.03712011,1.265435,-0.06972,12.12,1.0,4.127647,1
16:11:31.829119,145,0.7498636,0.010298554,0.0529301,0.13916,6.52,0.652,3.2665293,1
16:11:31.829119,145,-0.63132614,0.058000166,1.2115196,-0.06972,6.12,0.612,3.6352875,1
16:11:31.829119,145,0.65965587,0.2120672,1.5577719,-0.13916,11.12,1.0,3.3126407,1
16:11:31.829119,145,-0.63132614,0.058000166,1.2115196,-0.06972,6.12,0.612,3.6352875,1
16:11:31.829119,145,0.7498636,0.010298554,0.0529301,0.13916,6.52,0.652,3.2665293,1
16:11:31.829119,145,-0.6280207,0.1539153,1.6030092,-0.13916,9.0,0.9,3.0824373,1
16:11:31.829119,145,0.65965587,0.2120672,1.5577719,-0.13916,11.12,1.0,3.3126407,1
16:11:31.829119,145,0.5989062,0.03712011,1.265435,-0.06972,12.12,1.0,4.127647,1
16:11:31.829119,145,0.65965587,0.2120672,1.5577719,-0.13916,11.12,1.0,3.3126407,1
16:11:31.829119,145,0.7498636,0.010298554,0.0529301,0.13916,6.52,0.652,3.2665293,1
16:11:31.829119,145,0.5989062,0.03712011,1.265435,-0.06972,12.12,1.0,4.127647,1
16:11:31.829119,145,-0.6280207,0.1539153,1.6030092,-0.13916,9.0,0.9,3.0824373,1
16:11:31.829119,145,-0.6280207,0.1539153,1.6030092,-0.13916,9.0,0.9,3.0824373,1
16:11:31.829119,145,0.9880269,0.01606503,0.019870156,-0.20888,6.7599998,0.676,3.501145,1
16:11:31.829119,145,-0.6280207,0.1539153,1.6030092,-0.13916,9.0,0.9,3.0824373,1
16:11:31.829119,145,-0.6280207,0.1539153,1.6030092,-0.13916,9.0,0.9,3.0824373,1
16:11:31.829119,145,-0.6280207,0.1539153,1.6030092,-0.13916,9.0,0.9,3.0824373,1
16:11:31.829119,145,-0.63132614,0.058000166,1.2115196,-0.06972,6.12,0.612,3.6352875,1
16:11:31.829119,145,0.5989062,0.03712011,1.265435,-0.06972,12.12,1.0,4.127647,1
16:11:31.829119,145,-0.63132614,0.058000166,1.2115196,-0.06972,6.12,0.612,3.6352875,1
16:11:31.829119,145,0.5989062,0.03712011,1.265435,-0.06972,12.12,1.0,4.127647,1
16:11:31.829119,145,0.7498636,0.010298554,0.0529301,0.13916,6.52,0.652,3.2665293,1
16:11:31.829119,145,0.7498636,0.010298554,0.0529301,0.13916,6.52,0.652,3.2665293,1
16:11:31.829119,145,0.56051105,0.12983865,1.327217,-0.06972,16.88,1.0,0.5812321,1
16:11:31.938827,147,0.6149699,0.18680716,1.3024561,-0.06972,27.88,1.0,1.0951467,1
16:11:31.938827,147,0.62552094,0.16883248,1.3072724,-0.06972,31.119999,1.0,0.575602,1
16:11:31.938827,147,0.60310864,0.034070417,1.3528781,-0.06972,29.0,1.0,5.3701177,1
16:11:31.938827,147,0.6449253,0.13200672,1.3171399,-0.06972,34.0,1.0,0.30483457,1
16:11:31.938827,147,0.6537611,0.113188796,1.3221822,-0.06972,32.76,1.0,0.58550215,1
16:11:31.938827,147,0.6956477,0.20516834,1.2945793,-0.06972,12.759999,1.0,2.4112668,1
16:11:31.938827,147,0.61537284,0.05227534,1.4575356,-0.13916,10.24,1.0,7.6909113,1
16:11:31.938827,147,-0.6112918,0.13880685,1.5724996,-0.06972,7.7599998,0.77599996,10.272952,1
16:11:31.938827,147,0.6355091,0.15056019,1.3121685,-0.06972,33.36,1.0,0.30676353,1
16:11:31.938827,147,0.6956477,0.20516834,1.2945793,-0.06972,12.759999,1.0,2.4112668,1
16:11:31.938827,147,0.6956477,0.20516834,1.2945793,-0.06972,12.759999,1.0,2.4112668,1
16:11:31.938827,147,0.6449253,0.13200672,1.3171399,-0.06972,34.0,1.0,0.30483457,1
16:11:31.938827,147,-0.6112918,0.13880685,1.5724996,-0.06972,7.7599998,0.77599996,10.272952,1
16:11:31.938827,147,-0.6112918,0.13880685,1.5724996,-0.06972,7.7599998,0.77599996,10.272952,1
16:11:31.938827,147,0.62552094,0.16883248,1.3072724,-0.06972,31.119999,1.0,0.575602,1
16:11:31.938827,147,0.61537284,0.05227534,1.4575356,-0.13916,10.24,1.0,7.6909113,1
16:11:31.938827,147,0.62552094,0.16883248,1.3072724,-0.06972,31.119999,1.0,0.575602,1
16:11:31.938827,147,-0.6112918,0.13880685,1.5724996,-0.06972,7.7599998,0.77599996,10.272952,1
16:11:31.938827,147,0.61537284,0.05227534,1.4575356,-0.13916,10.24,1.0,7.6909113,1
16:11:31.938827,147,0.61537284,0.05227534,1.4575356,-0.13916,10.24,1.0,7.6909113,1
16:11:31.938827,147,0.6149699,0.18680716,1.3024561,-0.06972,27.88,1.0,1.0951467,1
16:11:31.938827,147,0.6449253,0.13200672,1.3171399,-0.06972,34.0,1.0,0.30483457,1
16:11:31.938827,147,0.6956477,0.20516834,1.2945793,-0.06972,12.759999,1.0,2.4112668,1
16:11:31.938827,147,0.61537284,0.05227534,1.4575356,-0.13916,10.24,1.0,7.6909113,1
16:11:31.938827,147,0.6537611,0.113188796,1.3221822,-0.06972,32.76,1.0,0.58550215,1
16:11:31.938827,147,0.6537611,0.113188796,1.3221822,-0.06972,32.76,1.0,0.58550215,1
16:11:31.938827,147,0.6537611,0.113188796,1.3221822,-0.06972,32.76,1.0,0.58550215,1
16:11:31.938827,147,0.6149699,0.18680716,1.3024561,-0.06972,27.88,1.0,1.0951467,1
16:11:31.938827,147,0.6449253,0.13200672,1.3171399,-0.06972,34.0,1.0,0.30483457,1
16:11:31.938827,147,0.6449253,0.13200672,1.3171399,-0.06972,34.0,1.0,0.30483457,1
16:11:31.938827,147,0.6956477,0.20516834,1.2945793,-0.06972,12.759999,1.0,2.4112668,1
16:11:31.938827,147,0.62552094,0.16883248,1.3072724,-0.06972,31.119999,1.0,0.575602,1
16:11:31.938827,147,0.61537284,0.05227534,1.4575356,-0.13916,10.24,1.0,7.6909113,1
16:11:31.938827,147,0.61537284,0.05227534,1.4575356,-0.13916,10.24,1.0,7.6909113,1
16:11:31.938827,147,0.60310864,0.034070417,1.3528781,-0.06972,29.0,1.0,5.3701177,1
16:11:31.938827,147,0.6956477,0.20516834,1.2945793,-0.06972,12.759999,1.0,2.4112668,1
16:11:31.938827,147,0.6956477,0.20516834,1.2945793,-0.06972,12.759999,1.0,2.4112668,1
16:11:31.938827,147,0.6537611,0.113188796,1.3221822,-0.06972,32.76,1.0,0.58550215,1
16:11:31.938827,147,0.6537611,0.113188796,1.3221822,-0.06972,32.76,1.0,0.58550215,1
16:11:31.938827,147,0.60310864,0.034070417,1.3528781,-0.06972,29.0,1.0,5.3701177,1
16:11:31.938827,147,0.6149699,0.18680716,1.3024561,-0.06972,27.88,1.0,1.0951467,1
16:11:31.938827,147,0.60310864,0.034070417,1.3528781,-0.06972,29.0,1.0,5.3701177,1
16:11:31.938827,147,0.6956477,0.20516834,1.2945793,-0.06972,12.759999,1.0,2.4112668,1
16:11:31.938827,147,0.61537284,0.05227534,1.4575356,-0.13916,10.24,1.0,7.6909113,1
16:11:31.938827,147,0.6956477,0.20516834,1.2945793,-0.06972,12.759999,1.0,2.4112668,1
16:11:31.938827,147,0.6355091,0.15056019,1.3121685,-0.06972,33.36,1.0,0.30676353,1
16:11:31.938827,147,0.6537611,0.113188796,1.3221822,-0.06972,32.76,1.0,0.58550215,1
16:11:31.938827,147,0.6537611,0.113188796,1.3221822,-0.06972,32.76,1.0,0.58550215,1
16:11:31.938827,147,-0.6112918,0.13880685,1.5724996,-0.06972,7.7599998,0.77599996,10.272952,1
16:11:31.938827,147,0.6956477,0.20516834,1.2945793,-0.06972,12.759999,1.0,2.4112668,1
16:11:31.938827,147,0.6355091,0.15056019,1.3121685,-0.06972,33.36,1.0,0.30676353,1
16:11:31.938827,147,0.61537284,0.05227534,1.4575356,-0.13916,10.24,1.0,7.6909113,1
16:11:31.938827,147,0.60310864,0.034070417,1.3528781,-0.06972,29.0,1.0,5.3701177,1
16:11:31.938827,147,0.61537284,0.05227534,1.4575356,-0.13916,10.24,1.0,7.6909113,1
16:11:31.938827,147,0.60310864,0.034070417,1.3528781,-0.06972,29.0,1.0,5.3701177,1
16:11:31.938827,147,0.61537284,0.05227534,1.4575356,-0.13916,10.24,1.0,7.6909113,1
16:11:31.938827,147,0.6537611,0.113188796,1.3221822,-0.06972,32.76,1.0,0.58550215,1
16:11:31.938827,147,0.6956477,0.20516834,1.2945793,-0.06972,12.759999,1.0,2.4112668,1
16:11:31.938827,147,0.60310864,0.034070417,1.3528781,-0.06972,29.0,1.0,5.3701177,1
16:11:31.938827,147,0.61537284,0.05227534,1.4575356,-0.13916,10.24,1.0,7.6909113,1
16:11:31.938827,147,0.6449253,0.13200672,1.3171399,-0.06972,34.0,1.0,0.30483457,1
16:11:31.938827,147,0.60310864,0.034070417,1.3528781,-0.06972,29.0,1.0,5.3701177,1
16:11:31.938827,147,0.60310864,0.034070417,1.3528781,-0.06972,29.0,1.0,5.3701177,1
16:11:31.938827,147,0.6956477,0.20516834,1.2945793,-0.06972,12.759999,1.0,2.4112668,1
