{"timestamp": "15:44:33.476112", "frame": 23, "mu": [1.580623668834369, 1.0430591417043613, 1.2381848730798601], "Sigma": [[0.004186289957528642, -0.0031101461705252756, -0.002867657529894904], [-0.003110146170525276, 0.0044544925648692, 0.0006913307887279936], [-0.0028676575298949044, 0.0006913307887279936, 0.003430471583708415]], "chi2_level": 0.99, "chi2_df": 3, "chi2_threshold": 11.344866730144373, "N_raw": 17, "N_roi": 17, "N_inlier": 17, "refit": true}
{"timestamp": "15:44:33.642665", "frame": 26, "mu": [1.5326609177548043, 1.2231445929748925, -0.4847591441474477], "Sigma": [[0.005910606259968944, -0.0044491659316989824, -0.00550868320565389], [-0.0044491659316989824, 0.007020342679706543, -0.000561536613721544], [-0.00550868320565389, -0.0005615366137215439, 0.014380822142648927]], "chi2_level": 0.99, "chi2_df": 3, "chi2_threshold": 11.344866730144373, "N_raw": 27, "N_roi": 27, "N_inlier": 25, "refit": true}
{"timestamp": "15:44:33.862347", "frame": 30, "mu": [1.4813765129470606, 0.9354040896120559, 1.0054812160923032], "Sigma": [[0.011235299453187728, -2.706936570955797e-06, 0.02662332654220884], [-2.706936570955851e-06, 0.014625734631250031, 0.021128634538316437], [0.02662332654220884, 0.021128634538316437, 0.18837674670374313]], "chi2_level": 0.99, "chi2_df": 3, "chi2_threshold": 11.344866730144373, "N_raw": 13, "N_roi": 13, "N_inlier": 12, "refit": true}
{"timestamp": "15:44:33.973572", "frame": 32, "mu": [1.399489560857884, 1.0140456975088752, 1.2458708736376571], "Sigma": [[0.008913857874302556, -0.014210740499792268, -0.015078308456381072], [-0.014210740499792268, 0.03741666717399815, 0.03057285322622687], [-0.015078308456381069, 0.03057285322622687, 0.04172054301163923]], "chi2_level": 0.99, "chi2_df": 3, "chi2_threshold": 11.344866730144373, "N_raw": 14, "N_roi": 14, "N_inlier": 14, "refit": true}
{"timestamp": "15:44:34.030064", "frame": 33, "mu": [1.3741256054783313, 1.0507888635202596, 1.2606181555828948], "Sigma": [[0.00654392968687206, -0.0047833150909165996, -0.0029769816995182112], [-0.0047833150909165996, 0.005572333795996657, 0.00028461929659759886], [-0.0029769816995182112, 0.0002846192965975989, 0.0038805773347462304]], "chi2_level": 0.99, "chi2_df": 3, "chi2_threshold": 11.344866730144373, "N_raw": 27, "N_roi": 27, "N_inlier": 26, "refit": true}
{"timestamp": "15:44:34.083199", "frame": 34, "mu": [1.3491950640356993, 0.994347757988048, 1.1219332367815897], "Sigma": [[0.008127267473312962, -0.007854948923277181, -0.02563662565339074], [-0.007854948923277181, 0.018747436920101737, 0.017329951662490142], [-0.02563662565339074, 0.017329951662490142, 0.09756607027579417]], "chi2_level": 0.99, "chi2_df": 3, "chi2_threshold": 11.344866730144373, "N_raw": 10, "N_roi": 10, "N_inlier": 10, "refit": true}
{"timestamp": "15:44:34.137675", "frame": 35, "mu": [1.2890912464892927, 1.0170400446183234, 1.202901097469034], "Sigma": [[0.0033973046651240508, -0.002669425589323513, -0.009344504192971895], [-0.002669425589323513, 0.0037003921251987882, 0.006798564916244885], [-0.009344504192971895, 0.0067985649162448855, 0.032641219980258256]], "chi2_level": 0.99, "chi2_df": 3, "chi2_threshold": 11.344866730144373, "N_raw": 12, "N_roi": 12, "N_inlier": 12, "refit": true}
{"timestamp": "15:44:34.252916", "frame": 37, "mu": [1.2373075156331788, 1.0459111155345295, 1.0096909468651851], "Sigma": [[0.0027659151416923365, -0.0016265572495137398, -0.003929750480340177], [-0.0016265572495137396, 0.004249858480572807, -0.0024400623927175527], [-0.003929750480340177, -0.0024400623927175527, 0.02582474586851083]], "chi2_level": 0.99, "chi2_df": 3, "chi2_threshold": 11.344866730144373, "N_raw": 36, "N_roi": 36, "N_inlier": 35, "refit": true}
{"timestamp": "15:44:34.305962", "frame": 38, "mu": [1.1574422601459848, 1.0829385753487963, 1.3042708740366518], "Sigma": [[0.004427133397302862, 0.0008001272104897063, -0.009547716344129901], [0.0008001272104897063, 0.010458786442440898, -0.010576054598883], [-0.009547716344129901, -0.010576054598883, 0.03383284787395057]], "chi2_level": 0.99, "chi2_df": 3, "chi2_threshold": 11.344866730144373, "N_raw": 29, "N_roi": 29, "N_inlier": 28, "refit": true}
{"timestamp": "15:44:34.360489", "frame": 39, "mu": [1.1786752730817567, 0.990547866764608, 1.1885644944531637], "Sigma": [[0.007463506786986388, -0.004860085385160055, -0.018909399137836697], [-0.004860085385160055, 0.008594892610268459, 0.010925063242288249], [-0.018909399137836697, 0.010925063242288246, 0.05649580304070603]], "chi2_level": 0.99, "chi2_df": 3, "chi2_threshold": 11.344866730144373, "N_raw": 31, "N_roi": 31, "N_inlier": 30, "refit": true}
{"timestamp": "15:44:34.414676", "frame": 40, "mu": [1.0928075875811913, 1.0846140310286438, 1.3286391358055378], "Sigma": [[0.006994867460611817, 0.0033296918160286644, -0.01983202664597443], [0.0033296918160286644, 0.004739804206269984, -0.012050571702232839], [-0.01983202664597443, -0.01205057170223284, 0.06435419127618243]], "chi2_level": 0.99, "chi2_df": 3, "chi2_threshold": 11.344866730144373, "N_raw": 21, "N_roi": 21, "N_inlier": 21, "refit": true}
{"timestamp": "15:44:34.471186", "frame": 41, "mu": [1.0862877015212928, 1.0938703213176773, 1.1931259363314117], "Sigma": [[0.008680684098152853, 0.0020479850890856694, -0.025999194317757407], [0.0020479850890856694, 0.004844670573771938, -0.015026137459057166], [-0.025999194317757407, -0.015026137459057166, 0.11054083954037054]], "chi2_level": 0.99, "chi2_df": 3, "chi2_threshold": 11.344866730144373, "N_raw": 40, "N_roi": 40, "N_inlier": 39, "refit": true}
{"timestamp": "15:44:34.524952", "frame": 42, "mu": [1.0756474079074527, 1.0780353908279274, 1.249838012516225], "Sigma": [[0.006804288991150215, 0.005660517213226531, -0.0209969666559776], [0.005660517213226531, 0.012667286004349748, -0.027160530986590086], [-0.020996966655977604, -0.027160530986590083, 0.0871577225631801]], "chi2_level": 0.99, "chi2_df": 3, "chi2_threshold": 11.344866730144373, "N_raw": 28, "N_roi": 28, "N_inlier": 27, "refit": true}
{"timestamp": "15:44:34.577506", "frame": 43, "mu": [1.0501919551439027, 0.9868477578838051, 0.9843366044374966], "Sigma": [[0.006855052971484359, -0.0040218315767614615, -0.03745022065324519], [-0.0040218315767614615, 0.008337634612689276, 0.01682955940366432], [-0.03745022065324519, 0.016829559403664325, 0.23991888488027027]], "chi2_level": 0.99, "chi2_df": 3, "chi2_threshold": 11.344866730144373, "N_raw": 11, "N_roi": 11, "N_inlier": 11, "refit": true}
{"timestamp": "15:44:34.634389", "frame": 44, "mu": [1.038426509258711, 0.9829210109469022, 1.1343045564241225], "Sigma": [[0.0035236607054565717, -0.00041430778202268607, -0.008044590474605307], [-0.00041430778202268607, 0.000709090931148372, 0.0024098065374093245], [-0.008044590474605307, 0.002409806537409325, 0.04298786659321898]], "chi2_level": 0.99, "chi2_df": 3, "chi2_threshold": 11.344866730144373, "N_raw": 22, "N_roi": 22, "N_inlier": 19, "refit": true}
{"timestamp": "15:44:34.691349", "frame": 45, "mu": [0.8679090531872876, 1.0464166890642297, 1.4647107409929012], "Sigma": [[0.0030941205731602702, -0.00044063357751735263, -0.0014368698779841519], [-0.0004406335775173526, 0.003706913658636484, -0.0009318689229676631], [-0.001436869877984152, -0.0009318689229676631, 0.001766334451864124]], "chi2_level": 0.99, "chi2_df": 3, "chi2_threshold": 11.344866730144373, "N_raw": 40, "N_roi": 40, "N_inlier": 36, "refit": true}
{"timestamp": "15:44:34.747604", "frame": 46, "mu": [0.8461757881770695, 1.0114362597184066, 1.3420121002068943], "Sigma": [[0.004628940718867525, -0.0012583823670543975, 0.0010989952464607305], [-0.0012583823670543977, 0.0027456261814978074, 0.005294451723443958], [0.001098995246460731, 0.005294451723443958, 0.07940676392087818]], "chi2_level": 0.99, "chi2_df": 3, "chi2_threshold": 11.344866730144373, "N_raw": 42, "N_roi": 42, "N_inlier": 39, "refit": true}
{"timestamp": "15:44:34.799867", "frame": 47, "mu": [0.8927573894707964, 0.9938426076845123, 1.1114546251902673], "Sigma": [[0.005663513682901381, -0.002434661868479896, -0.02142479933227784], [-0.0024346618684798964, 0.007905756629626304, -0.0022367129789768233], [-0.02142479933227784, -0.0022367129789768246, 0.11895303702831793]], "chi2_level": 0.99, "chi2_df": 3, "chi2_threshold": 11.344866730144373, "N_raw": 23, "N_roi": 23, "N_inlier": 23, "refit": true}
{"timestamp": "15:44:34.858331", "frame": 48, "mu": [0.82229298612803, 0.9975178085629575, 1.2794621479194013], "Sigma": [[0.005481545956623637, -0.0014457963501997495, -0.013786939309134896], [-0.0014457963501997495, 0.005188542824955621, -0.006828345115034256], [-0.013786939309134896, -0.006828345115034257, 0.07451541539753676]], "chi2_level": 0.99, "chi2_df": 3, "chi2_threshold": 11.344866730144373, "N_raw": 56, "N_roi": 56, "N_inlier": 55, "refit": true}
{"timestamp": "15:44:34.914065", "frame": 49, "mu": [0.7887973142940432, 1.0204475398093948, 1.4022276135576788], "Sigma": [[0.005097911470002881, -0.0009884194810615983, -0.004950780734911761], [-0.000988419481061598, 0.0030125306921344177, -0.0007178195932527704], [-0.004950780734911761, -0.0007178195932527702, 0.00653565708700344]], "chi2_level": 0.99, "chi2_df": 3, "chi2_threshold": 11.344866730144373, "N_raw": 55, "N_roi": 55, "N_inlier": 51, "refit": true}
{"timestamp": "15:44:34.963941", "frame": 50, "mu": [0.7371812819041365, 0.9945791754102105, 1.417284810471228], "Sigma": [[0.006630976747459759, -0.0008485700567318148, -0.007960098269479934], [-0.0008485700567318144, 0.002681112436312098, 3.5396955925074704e-05], [-0.007960098269479934, 3.5396955925074596e-05, 0.010386009360358587]], "chi2_level": 0.99, "chi2_df": 3, "chi2_threshold": 11.344866730144373, "N_raw": 19, "N_roi": 19, "N_inlier": 16, "refit": true}
{"timestamp": "15:44:35.020054", "frame": 51, "mu": [0.80410419378832, 1.0144813187871828, 1.3309941360350943], "Sigma": [[0.014802925501779125, -0.000676556302299287, -0.015890852173276723], [-0.000676556302299287, 0.0018096881559291, -0.0007035926448761219], [-0.015890852173276723, -0.0007035926448761217, 0.018840383857079313]], "chi2_level": 0.99, "chi2_df": 3, "chi2_threshold": 11.344866730144373, "N_raw": 33, "N_roi": 33, "N_inlier": 32, "refit": true}
{"timestamp": "15:44:35.077848", "frame": 52, "mu": [0.7037595712907225, 0.9540149777214096, 1.3740681997885333], "Sigma": [[0.007685586087901389, -0.0021715524644599265, -0.009780223506922672], [-0.0021715524644599265, 0.001971543996217701, 0.0006969477825924399], [-0.009780223506922672, 0.0006969477825924399, 0.01749730728680465]], "chi2_level": 0.99, "chi2_df": 3, "chi2_threshold": 11.344866730144373, "N_raw": 40, "N_roi": 40, "N_inlier": 36, "refit": true}
{"timestamp": "15:44:35.134939", "frame": 53, "mu": [0.6810711129608286, 0.9926567308980393, 1.2669291951063477], "Sigma": [[0.002657508778915787, -0.0015030866474315258, -0.0013723773481832612], [-0.0015030866474315258, 0.0024839124712878195, -0.0021564933970523986], [-0.0013723773481832612, -0.0021564933970523986, 0.034044323682338784]], "chi2_level": 0.99, "chi2_df": 3, "chi2_threshold": 11.344866730144373, "N_raw": 63, "N_roi": 63, "N_inlier": 63, "refit": true}
{"timestamp": "15:44:35.196484", "frame": 54, "mu": [0.6481364606230656, 0.9551490908434086, 1.2056839330187945], "Sigma": [[0.004429675896559583, -0.002021543896760515, -0.006221178028222411], [-0.002021543896760515, 0.0036760522440148643, 0.005967283608704444], [-0.006221178028222411, 0.005967283608704444, 0.07117420137018099]], "chi2_level": 0.99, "chi2_df": 3, "chi2_threshold": 11.344866730144373, "N_raw": 110, "N_roi": 109, "N_inlier": 108, "refit": true}
{"timestamp": "15:44:35.243522", "frame": 55, "mu": [0.5663424461901301, 1.007651607185531, 1.1290678150236009], "Sigma": [[0.003311089349894035, -0.0014786773623284297, -0.002581320148625785], [-0.0014786773623284297, 0.004372495647725815, -0.018708814070320004], [-0.002581320148625786, -0.018708814070320004, 0.15030496430535514]], "chi2_level": 0.99, "chi2_df": 3, "chi2_threshold": 11.344866730144373, "N_raw": 45, "N_roi": 45, "N_inlier": 44, "refit": true}
{"timestamp": "15:44:35.299176", "frame": 56, "mu": [0.5212431445000333, 1.0076678031940012, 1.3512721577492457], "Sigma": [[0.0028645324454864176, 0.0007131108727706668, -0.006387696269150691], [0.0007131108727706667, 0.0024488195692138827, -0.0034805656805339358], [-0.006387696269150691, -0.0034805656805339358, 0.02769582969393575]], "chi2_level": 0.99, "chi2_df": 3, "chi2_threshold": 11.344866730144373, "N_raw": 41, "N_roi": 40, "N_inlier": 35, "refit": true}
{"timestamp": "15:44:35.356771", "frame": 57, "mu": [0.4870665141118687, 1.0147427362813768, 1.35884202111154], "Sigma": [[0.003780467083017898, -0.0004340194391733694, -0.0045552052592510465], [-0.00043401943917336944, 0.004087935292291675, -0.0034082946009596927], [-0.0045552052592510465, -0.003408294600959693, 0.020003163535788255]], "chi2_level": 0.99, "chi2_df": 3, "chi2_threshold": 11.344866730144373, "N_raw": 75, "N_roi": 75, "N_inlier": 71, "refit": true}
{"timestamp": "15:44:35.411966", "frame": 58, "mu": [0.4473213940557826, 1.0128349865517006, 1.3536913462524285], "Sigma": [[0.006747588812824162, 0.0008666432968005395, -0.006056223116310953], [0.0008666432968005395, 0.002824285279336859, -0.003915569812961877], [-0.006056223116310953, -0.003915569812961877, 0.009776181462977577]], "chi2_level": 0.99, "chi2_df": 3, "chi2_threshold": 11.344866730144373, "N_raw": 73, "N_roi": 73, "N_inlier": 64, "refit": true}
{"timestamp": "15:44:35.465145", "frame": 59, "mu": [0.3634150205526413, 0.9450064507243985, 1.3962431184163477], "Sigma": [[0.002454808474406884, -0.00044064411696052483, -0.004464834777005541], [-0.0004406441169605249, 0.002625995264729712, -0.001762385771075741], [-0.0044648347770055415, -0.001762385771075741, 0.03362535790696851]], "chi2_level": 0.99, "chi2_df": 3, "chi2_threshold": 11.344866730144373, "N_raw": 54, "N_roi": 54, "N_inlier": 49, "refit": true}
{"timestamp": "15:44:35.521772", "frame": 60, "mu": [0.38348401834917184, 0.9393508667867915, 1.355132205578954], "Sigma": [[0.006595571538231708, -0.00021327942743113462, -0.0065500603759892076], [-0.00021327942743113468, 0.0011402484998320965, -0.001243267417583412], [-0.006550060375989208, -0.001243267417583412, 0.012581523360959742]], "chi2_level": 0.99, "chi2_df": 3, "chi2_threshold": 11.344866730144373, "N_raw": 76, "N_roi": 76, "N_inlier": 71, "refit": true}
{"timestamp": "15:44:35.576321", "frame": 61, "mu": [0.3215592383207077, 0.9869803659338702, -0.5987930451069794], "Sigma": [[0.006471138990628472, 0.004049622481659522, -0.002881811412026639], [0.0040496224816595205, 0.005861728274835015, -0.001942309821589253], [-0.002881811412026639, -0.001942309821589253, 0.014595966053753465]], "chi2_level": 0.99, "chi2_df": 3, "chi2_threshold": 11.344866730144373, "N_raw": 67, "N_roi": 67, "N_inlier": 63, "refit": true}
{"timestamp": "15:44:35.630080", "frame": 62, "mu": [0.2783533775747057, 0.9382215341557167, 1.4104496382817897], "Sigma": [[0.004497329637282581, -0.0021956911627275754, -0.005021618178019941], [-0.002195691162727575, 0.003135752445109485, 0.0013387932625205032], [-0.005021618178019941, 0.0013387932625205032, 0.006689435903743291]], "chi2_level": 0.99, "chi2_df": 3, "chi2_threshold": 11.344866730144373, "N_raw": 60, "N_roi": 60, "N_inlier": 55, "refit": true}
{"timestamp": "15:44:35.684246", "frame": 63, "mu": [0.21770821779289276, 0.9094397630472941, 1.1951637067445806], "Sigma": [[0.0033722943648192526, 0.002105589522357175, -0.005598722081320598], [0.0021055895223571746, 0.0058954038109609655, 0.016271879309597323], [-0.005598722081320598, 0.016271879309597323, 0.16979325918513313]], "chi2_level": 0.99, "chi2_df": 3, "chi2_threshold": 11.344866730144373, "N_raw": 50, "N_roi": 50, "N_inlier": 48, "refit": true}
{"timestamp": "15:44:35.739819", "frame": 64, "mu": [0.18067038346755454, 0.9237631581051642, 1.4269826745641672], "Sigma": [[0.0019154611079322656, -0.00027108898925057225, -0.0006984175957635551], [-0.00027108898925057225, 0.001343680315796392, -9.566283689643415e-05], [-0.0006984175957635554, -9.566283689643415e-05, 0.03543265623778169]], "chi2_level": 0.99, "chi2_df": 3, "chi2_threshold": 11.344866730144373, "N_raw": 43, "N_roi": 40, "N_inlier": 36, "refit": true}
{"timestamp": "15:44:35.804767", "frame": 65, "mu": [0.16115890083333528, 0.9067291162370886, 1.1779250084832844], "Sigma": [[0.003146540482627142, 0.00045663882553909036, 0.0009747424949631398], [0.0004566388255390903, 0.013120913500287752, 0.04069205414189549], [0.0009747424949631397, 0.04069205414189549, 0.18078523813608702]], "chi2_level": 0.99, "chi2_df": 3, "chi2_threshold": 11.344866730144373, "N_raw": 125, "N_roi": 125, "N_inlier": 119, "refit": true}
{"timestamp": "15:44:35.847270", "frame": 66, "mu": [0.09218894817759125, 0.8977152247493979, 1.29978264834628], "Sigma": [[0.0011029356779174854, -0.0011258209207072815, -0.006882839733821476], [-0.0011258209207072815, 0.0024888143298713683, 0.015403695111281743], [-0.006882839733821476, 0.015403695111281743, 0.153484541879192]], "chi2_level": 0.99, "chi2_df": 3, "chi2_threshold": 11.344866730144373, "N_raw": 29, "N_roi": 29, "N_inlier": 28, "refit": true}
{"timestamp": "15:44:35.907773", "frame": 67, "mu": [0.1296650867946356, 0.9121176789774235, 1.3271480940891638], "Sigma": [[0.0032242725210326895, -0.00024455750254928854, -0.0023317048608547733], [-0.00024455750254928844, 0.0032204042994505478, -0.002574539118789202], [-0.0023317048608547737, -0.002574539118789202, 0.011103729568283784]], "chi2_level": 0.99, "chi2_df": 3, "chi2_threshold": 11.344866730144373, "N_raw": 79, "N_roi": 79, "N_inlier": 75, "refit": true}
{"timestamp": "15:44:35.961963", "frame": 68, "mu": [0.08104450297969129, 0.9104205241699665, 1.3268378239896357], "Sigma": [[0.0025181660282249598, -0.00038758082941902185, -0.002700332981749796], [-0.00038758082941902185, 0.0026917313395060736, -0.003272882794318587], [-0.002700332981749796, -0.003272882794318587, 0.009179267699645796]], "chi2_level": 0.99, "chi2_df": 3, "chi2_threshold": 11.344866730144373, "N_raw": 77, "N_roi": 77, "N_inlier": 75, "refit": true}
{"timestamp": "15:44:36.008299", "frame": 69, "mu": [0.009866983595168596, 0.9165835345419735, 0.8186205567137386], "Sigma": [[0.0063457526388775165, -0.005438415937159687, 0.0398504670875825], [-0.005438415937159688, 0.01866009232064208, -0.05558631638206609], [0.0398504670875825, -0.05558631638206609, 0.37026605950900254]], "chi2_level": 0.99, "chi2_df": 3, "chi2_threshold": 11.344866730144373, "N_raw": 11, "N_roi": 11, "N_inlier": 11, "refit": true}
{"timestamp": "15:44:36.064101", "frame": 70, "mu": [-0.08576340729324586, 0.9327051995114288, 1.314434332954713], "Sigma": [[0.006617504433704854, -0.0028053284490410658, 0.03441878115161607], [-0.0028053284490410658, 0.002369813798399631, -0.012847343940095944], [0.03441878115161607, -0.012847343940095944, 0.21040255538417238]], "chi2_level": 0.99, "chi2_df": 3, "chi2_threshold": 11.344866730144373, "N_raw": 21, "N_roi": 21, "N_inlier": 19, "refit": true}
{"timestamp": "15:44:36.124177", "frame": 71, "mu": [-0.07458878944336517, 0.875930740683806, 1.335729776852043], "Sigma": [[0.0018426548318659789, -0.00014490456150814893, -0.0012356753713158618], [-0.00014490456150814893, 0.0004514253242409715, -0.001163731212788519], [-0.0012356753713158618, -0.0011637312127885189, 0.016525874187654967]], "chi2_level": 0.99, "chi2_df": 3, "chi2_threshold": 11.344866730144373, "N_raw": 63, "N_roi": 63, "N_inlier": 61, "refit": true}
{"timestamp": "15:44:36.180770", "frame": 72, "mu": [-0.12895101441038515, 0.9312866786502779, 1.39939078851918], "Sigma": [[0.0025524189636743208, -0.0010441139253335656, -0.0022349431498912965], [-0.0010441139253335656, 0.002276978049513965, -0.0014095483592491654], [-0.002234943149891297, -0.0014095483592491654, 0.02569923594716165]], "chi2_level": 0.99, "chi2_df": 3, "chi2_threshold": 11.344866730144373, "N_raw": 68, "N_roi": 68, "N_inlier": 67, "refit": true}
{"timestamp": "15:44:36.234671", "frame": 73, "mu": [-0.19719015626030392, 0.9428729914231226, 1.4531479960063887], "Sigma": [[0.0024031407952706243, 0.00018533796953422823, -0.0014662488777484215], [0.00018533796953422817, 0.0014966278839003522, -0.0025280678689091098], [-0.0014662488777484213, -0.0025280678689091093, 0.006718889938139359]], "chi2_level": 0.99, "chi2_df": 3, "chi2_threshold": 11.344866730144373, "N_raw": 59, "N_roi": 59, "N_inlier": 57, "refit": true}
{"timestamp": "15:44:36.289117", "frame": 74, "mu": [-0.1773637945306609, 0.7647221697190155, 1.13684558945304], "Sigma": [[0.0021415039304906285, -0.00275569151271145, -0.004885673148853758], [-0.00275569151271145, 0.004810092152996634, 0.008445485450911484], [-0.004885673148853758, 0.008445485450911484, 0.02637638381991629]], "chi2_level": 0.99, "chi2_df": 3, "chi2_threshold": 11.344866730144373, "N_raw": 53, "N_roi": 53, "N_inlier": 50, "refit": true}
{"timestamp": "15:44:36.349011", "frame": 75, "mu": [-0.2876361587082807, 0.9132736922348205, 1.4105910171349778], "Sigma": [[0.003360815335261758, -0.0017073924617308001, -0.0038566623318211177], [-0.0017073924617308001, 0.0027040429756822, -4.146224291528118e-05], [-0.0038566623318211177, -4.1462242915281345e-05, 0.01648654041564095]], "chi2_level": 0.99, "chi2_df": 3, "chi2_threshold": 11.344866730144373, "N_raw": 85, "N_roi": 85, "N_inlier": 82, "refit": true}
{"timestamp": "15:44:36.402062", "frame": 76, "mu": [-0.32436708737075887, 1.0498503582705394, -0.31778886578939397], "Sigma": [[0.0023652260545290655, -0.0010338670988774123, -0.0024481858051944878], [-0.001033867098877412, 0.004942576165324476, -0.0029588976475076207], [-0.0024481858051944878, -0.0029588976475076207, 0.007703220310421449]], "chi2_level": 0.99, "chi2_df": 3, "chi2_threshold": 11.344866730144373, "N_raw": 69, "N_roi": 68, "N_inlier": 67, "refit": true}
{"timestamp": "15:44:36.457625", "frame": 77, "mu": [-0.36198876701672617, 0.9318632916422052, 1.4653612144261754], "Sigma": [[0.0031962567778067823, -0.0011291898874835993, -0.0019192340528682598], [-0.0011291898874835993, 0.004032745746652559, -0.0033640416446036737], [-0.0019192340528682598, -0.0033640416446036737, 0.006219469714654512]], "chi2_level": 0.99, "chi2_df": 3, "chi2_threshold": 11.344866730144373, "N_raw": 84, "N_roi": 83, "N_inlier": 81, "refit": true}
{"timestamp": "15:44:36.517204", "frame": 78, "mu": [-0.3801039468802468, 0.907931646491824, 1.354696730436928], "Sigma": [[0.0064939853968342, -0.0034503031393012746, -0.010200601924156184], [-0.0034503031393012746, 0.003422578535126261, 0.003331434222898989], [-0.010200601924156184, 0.0033314342228989886, 0.02782725018581584]], "chi2_level": 0.99, "chi2_df": 3, "chi2_threshold": 11.344866730144373, "N_raw": 110, "N_roi": 106, "N_inlier": 103, "refit": true}
{"timestamp": "15:44:36.564519", "frame": 79, "mu": [-0.527794559287441, 0.9294221425797493, 1.5382328870485167], "Sigma": [[0.002781248115848773, -0.0010671053833802078, -0.001270710678438433], [-0.0010671053833802078, 0.0031893911923233592, -0.0026942271186033637], [-0.001270710678438433, -0.002694227118603364, 0.00474054471635711]], "chi2_level": 0.99, "chi2_df": 3, "chi2_threshold": 11.344866730144373, "N_raw": 53, "N_roi": 53, "N_inlier": 51, "refit": true}
{"timestamp": "15:44:36.617941", "frame": 80, "mu": [-0.46950236053127775, 0.9285963896870532, 1.443440594367115], "Sigma": [[0.001609125474890953, -0.0007348444382507409, -0.0014706007148774995], [-0.0007348444382507409, 0.0018077616542803703, -0.002157965294719232], [-0.0014706007148775, -0.002157965294719232, 0.00835623689619558]], "chi2_level": 0.99, "chi2_df": 3, "chi2_threshold": 11.344866730144373, "N_raw": 46, "N_roi": 45, "N_inlier": 43, "refit": true}
{"timestamp": "15:44:36.674720", "frame": 81, "mu": [-0.5865176617233231, 0.913300035063643, 1.5290700516249465], "Sigma": [[0.0060135076226142895, 0.00048738455678387204, -0.007225625151077214], [0.0004873845567838717, 0.004584707527809011, -0.001738133611873631], [-0.007225625151077214, -0.001738133611873631, 0.020372083875816654]], "chi2_level": 0.99, "chi2_df": 3, "chi2_threshold": 11.344866730144373, "N_raw": 58, "N_roi": 58, "N_inlier": 51, "refit": true}
{"timestamp": "15:44:36.733067", "frame": 82, "mu": [-0.5724427786389051, 0.9047763348893602, -0.37873486588110933], "Sigma": [[0.003338623950263535, -0.0006182629962641228, 0.009836926285617912], [-0.0006182629962641228, 0.008230638929808, -0.0014829531144796779], [0.009836926285617912, -0.0014829531144796774, 0.2721061934324498]], "chi2_level": 0.99, "chi2_df": 3, "chi2_threshold": 11.344866730144373, "N_raw": 79, "N_roi": 79, "N_inlier": 79, "refit": true}
{"timestamp": "15:44:36.780011", "frame": 83, "mu": [-0.7403132295391156, 0.8255032374230309, 1.5129489292247738], "Sigma": [[0.03573859330095154, 0.014425568364627193, -0.04875191946607897], [0.014425568364627191, 0.008114290625694352, -0.01987701391184896], [-0.04875191946607897, -0.01987701391184896, 0.09675980359536548]], "chi2_level": 0.99, "chi2_df": 3, "chi2_threshold": 11.344866730144373, "N_raw": 25, "N_roi": 25, "N_inlier": 25, "refit": true}
{"timestamp": "15:44:36.835370", "frame": 84, "mu": [-0.6624084645249795, 0.8509784270407357, 1.4780171678988054], "Sigma": [[0.0038751957265563512, -0.0017069834283767534, -0.0077732064073007135], [-0.0017069834283767534, 0.0021731343866848093, 0.004924656827366435], [-0.0077732064073007135, 0.004924656827366436, 0.03983617156885055]], "chi2_level": 0.99, "chi2_df": 3, "chi2_threshold": 11.344866730144373, "N_raw": 32, "N_roi": 32, "N_inlier": 29, "refit": true}
{"timestamp": "15:44:36.943296", "frame": 86, "mu": [-0.7776112650753668, 0.8357916911279375, 1.2394686816758913], "Sigma": [[0.013020547288456126, 0.008920891573912133, -0.02935660455542928], [0.00892089157391213, 0.010766153752722838, -0.03328202104295299], [-0.02935660455542928, -0.03328202104295299, 0.25539598442108286]], "chi2_level": 0.99, "chi2_df": 3, "chi2_threshold": 11.344866730144373, "N_raw": 17, "N_roi": 17, "N_inlier": 16, "refit": true}
{"timestamp": "15:44:37.002050", "frame": 87, "mu": [-0.8134804350936721, 0.8226460531555526, 1.2770509272485693], "Sigma": [[0.026970381173812785, 0.014928257190704806, -0.06028510006817869], [0.014928257190704806, 0.01070882576179334, -0.033293572953185774], [-0.06028510006817869, -0.033293572953185774, 0.15537234410384182]], "chi2_level": 0.99, "chi2_df": 3, "chi2_threshold": 11.344866730144373, "N_raw": 47, "N_roi": 47, "N_inlier": 47, "refit": true}
{"timestamp": "15:44:37.055886", "frame": 88, "mu": [-0.9695008541047251, 0.7334644049086314, 1.6240858328962167], "Sigma": [[0.015792652034264523, 0.007209498004243715, -0.02192090579753747], [0.007209498004243714, 0.006392047729900422, -0.00959208048622453], [-0.02192090579753747, -0.00959208048622453, 0.06250676360147629]], "chi2_level": 0.99, "chi2_df": 3, "chi2_threshold": 11.344866730144373, "N_raw": 32, "N_roi": 32, "N_inlier": 31, "refit": true}
{"timestamp": "15:44:37.113807", "frame": 89, "mu": [-0.9537800833959867, 0.7039400897609134, 1.4545614083194938], "Sigma": [[0.016295737001943242, 0.008807041252511508, -0.010025300060446763], [0.008807041252511508, 0.006390845249110722, -0.008718586432032233], [-0.010025300060446763, -0.008718586432032232, 0.025198103041184576]], "chi2_level": 0.99, "chi2_df": 3, "chi2_threshold": 11.344866730144373, "N_raw": 53, "N_roi": 53, "N_inlier": 51, "refit": true}
{"timestamp": "15:44:37.178060", "frame": 90, "mu": [-0.9949680493586361, 0.7700064903409477, 1.5804087896486683], "Sigma": [[0.01234632786564625, 0.0030573285013380993, -0.007047294635370434], [0.0030573285013380993, 0.006852923753927703, -0.006762668316015878], [-0.007047294635370434, -0.006762668316015878, 0.011315953827600148]], "chi2_level": 0.99, "chi2_df": 3, "chi2_threshold": 11.344866730144373, "N_raw": 115, "N_roi": 115, "N_inlier": 110, "refit": true}
{"timestamp": "15:44:37.228519", "frame": 91, "mu": [-1.0004413193898039, 0.764321108958221, 1.553215812650828], "Sigma": [[0.012027893085209686, 0.0053864127931338, -0.005422473610878839], [0.0053864127931338, 0.004846570244958638, -0.005114313399805325], [-0.0054224736108788385, -0.005114313399805325, 0.014238966659932536]], "chi2_level": 0.99, "chi2_df": 3, "chi2_threshold": 11.344866730144373, "N_raw": 81, "N_roi": 81, "N_inlier": 79, "refit": true}
{"timestamp": "15:44:37.278330", "frame": 92, "mu": [-1.074149880025489, 0.7751934862699679, 1.6404639580230644], "Sigma": [[0.006230190303604118, 0.0018805926981665874, -0.002958157089046858], [0.0018805926981665874, 0.004726972411969565, -0.004871270886077616], [-0.0029581570890468574, -0.004871270886077616, 0.006337181082125179]], "chi2_level": 0.99, "chi2_df": 3, "chi2_threshold": 11.344866730144373, "N_raw": 50, "N_roi": 50, "N_inlier": 49, "refit": true}
{"timestamp": "15:44:37.334975", "frame": 93, "mu": [-1.09478593287912, 0.7196999195554397, 1.5024665671246067], "Sigma": [[0.008958488815914848, 0.0032920008170518305, -0.002191078462070655], [0.0032920008170518305, 0.0033891708550015083, -0.0034695115528551876], [-0.002191078462070655, -0.0034695115528551876, 0.005739806582039981]], "chi2_level": 0.99, "chi2_df": 3, "chi2_threshold": 11.344866730144373, "N_raw": 62, "N_roi": 62, "N_inlier": 60, "refit": true}
{"timestamp": "15:44:37.385107", "frame": 94, "mu": [-1.1025875757001524, 0.7516388324131434, 1.4426115401925543], "Sigma": [[0.009239524031317507, 0.004765118563539667, -0.018460098823256037], [0.004765118563539667, 0.006333557037157818, -0.007862185288754646], [-0.018460098823256037, -0.007862185288754648, 0.049646562211338015]], "chi2_level": 0.99, "chi2_df": 3, "chi2_threshold": 11.344866730144373, "N_raw": 24, "N_roi": 20, "N_inlier": 20, "refit": true}
{"timestamp": "15:44:37.447330", "frame": 95, "mu": [-1.1512362964870728, 0.6983991620439134, 1.4330959952982343], "Sigma": [[0.009371717606312896, 0.0013059132819278844, -0.0039169113120217786], [0.0013059132819278844, 0.007403792845256469, -0.003615285383140418], [-0.0039169113120217786, -0.003615285383140418, 0.0034092542251723413]], "chi2_level": 0.99, "chi2_df": 3, "chi2_threshold": 11.344866730144373, "N_raw": 73, "N_roi": 73, "N_inlier": 72, "refit": true}
{"timestamp": "15:44:37.500769", "frame": 96, "mu": [-1.1721729302391353, 0.651327175762889, 1.4063547851024187], "Sigma": [[0.004680911408172916, 0.0010934287641650815, -0.0014747982299828455], [0.0010934287641650815, 0.004413218122311804, -0.0025426402757185635], [-0.0014747982299828455, -0.0025426402757185635, 0.0020409413041969637]], "chi2_level": 0.99, "chi2_df": 3, "chi2_threshold": 11.344866730144373, "N_raw": 64, "N_roi": 43, "N_inlier": 42, "refit": true}
{"timestamp": "15:44:37.549776", "frame": 97, "mu": [-1.1555355392786106, 0.6651629463294243, 1.3883331153702465], "Sigma": [[0.004394108705993982, 0.0019293328787514737, -0.0012812090518378233], [0.0019293328787514737, 0.003053088923966302, -0.0032821928886532276], [-0.0012812090518378235, -0.0032821928886532276, 0.00485021247504712]], "chi2_level": 0.99, "chi2_df": 3, "chi2_threshold": 11.344866730144373, "N_raw": 30, "N_roi": 30, "N_inlier": 29, "refit": true}
{"timestamp": "15:44:37.609082", "frame": 98, "mu": [-1.2280832626004288, 0.6115185225759987, 1.3496880487488512], "Sigma": [[0.006503414260963455, 0.004412799653187516, -0.000606023005929068], [0.004412799653187516, 0.0070596699272398936, -0.003716997893137889], [-0.0006060230059290681, -0.0037169978931378893, 0.006298062710549244]], "chi2_level": 0.99, "chi2_df": 3, "chi2_threshold": 11.344866730144373, "N_raw": 54, "N_roi": 54, "N_inlier": 51, "refit": true}
{"timestamp": "15:44:37.671440", "frame": 99, "mu": [-1.2506418981880358, 0.7400021511076714, -0.5965306355859459], "Sigma": [[0.007387523003764783, 0.008314702637459589, 0.0020680742646109656], [0.00831470263745959, 0.017432408269396817, 0.002056981186049677], [0.002068074264610965, 0.0020569811860496764, 0.019130682328139734]], "chi2_level": 0.99, "chi2_df": 3, "chi2_threshold": 11.344866730144373, "N_raw": 101, "N_roi": 77, "N_inlier": 71, "refit": true}
{"timestamp": "15:44:37.850141", "frame": 100, "mu": [-1.2942380781233298, 0.8702076120210018, -0.45458458917073824], "Sigma": [[0.0054724645073285635, 0.000955727734882453, -0.0015593074550101348], [0.0009557277348824526, 0.01653934403505376, -0.0007417931559326773], [-0.0015593074550101348, -0.0007417931559326767, 0.003670467646269562]], "chi2_level": 0.99, "chi2_df": 3, "chi2_threshold": 11.344866730144373, "N_raw": 62, "N_roi": 62, "N_inlier": 59, "refit": true}
{"timestamp": "15:44:37.864421", "frame": 101, "mu": [-1.3017301286431404, 0.7314182842786225, 1.4077016564852864], "Sigma": [[0.008059372240512773, 0.004048409885387645, -0.0058785681097078945], [0.004048409885387645, 0.012536118476871437, -0.004252233705392812], [-0.005878568109707895, -0.004252233705392812, 0.012014130756010483]], "chi2_level": 0.99, "chi2_df": 3, "chi2_threshold": 11.344866730144373, "N_raw": 65, "N_roi": 65, "N_inlier": 62, "refit": true}
{"timestamp": "15:44:37.895962", "frame": 102, "mu": [-1.322732672648068, 0.7219886975747505, 1.4031272061245477], "Sigma": [[0.006143550127136163, 0.004034419945862724, -0.002141337185350369], [0.004034419945862724, 0.006757316239297752, -0.0075521740495041855], [-0.0021413371853503693, -0.0075521740495041855, 0.014162510658181754]], "chi2_level": 0.99, "chi2_df": 3, "chi2_threshold": 11.344866730144373, "N_raw": 53, "N_roi": 53, "N_inlier": 51, "refit": true}
{"timestamp": "15:44:37.925224", "frame": 103, "mu": [-1.33382261316826, 0.754542291521818, 1.3557562986170668], "Sigma": [[0.013694499139367189, 0.006402387127445821, -0.005941782340174551], [0.00640238712744582, 0.009137908495496555, -0.007619897834759703], [-0.005941782340174551, -0.007619897834759703, 0.01037747871531568]], "chi2_level": 0.99, "chi2_df": 3, "chi2_threshold": 11.344866730144373, "N_raw": 86, "N_roi": 85, "N_inlier": 83, "refit": true}
{"timestamp": "15:44:37.957051", "frame": 104, "mu": [-1.36510306620615, 0.7563927809113881, 1.1174218567210248], "Sigma": [[0.010988760580529732, 0.010340055134271801, -0.021705772216479575], [0.010340055134271801, 0.02091802462599919, -0.04952504638065178], [-0.021705772216479575, -0.04952504638065178, 0.16256210413561348]], "chi2_level": 0.99, "chi2_df": 3, "chi2_threshold": 11.344866730144373, "N_raw": 99, "N_roi": 84, "N_inlier": 84, "refit": true}
{"timestamp": "15:44:37.996443", "frame": 105, "mu": [-1.4221538003605922, 0.787654662265023, 1.3981479259601268], "Sigma": [[0.006620279857899858, 0.002235534142300662, -0.002936105221654546], [0.0022355341423006625, 0.009253156500532345, -0.004573728844353514], [-0.002936105221654546, -0.004573728844353514, 0.006790440121989202]], "chi2_level": 0.99, "chi2_df": 3, "chi2_threshold": 11.344866730144373, "N_raw": 69, "N_roi": 56, "N_inlier": 53, "refit": true}
{"timestamp": "15:44:38.054587", "frame": 106, "mu": [-1.3843832757449825, 0.7489881142750767, 1.2924683635216796], "Sigma": [[0.01648315034991428, 0.012335514935868026, 0.0018481677928713386], [0.012335514935868026, 0.017220177594382467, -0.0024928667760445297], [0.0018481677928713382, -0.0024928667760445297, 0.005158387824945728]], "chi2_level": 0.99, "chi2_df": 3, "chi2_threshold": 11.344866730144373, "N_raw": 92, "N_roi": 92, "N_inlier": 91, "refit": true}
{"timestamp": "15:44:38.111753", "frame": 107, "mu": [-1.3923449491765507, 0.9463841633759951, -0.4952465016386536], "Sigma": [[0.015466968096984555, 0.009984356835480487, 0.002621310672433857], [0.009984356835480487, 0.01458635800622316, -0.0041248392406582485], [0.002621310672433857, -0.0041248392406582485, 0.009350686674539867]], "chi2_level": 0.99, "chi2_df": 3, "chi2_threshold": 11.344866730144373, "N_raw": 103, "N_roi": 103, "N_inlier": 101, "refit": true}
{"timestamp": "15:44:38.164793", "frame": 108, "mu": [-1.4433286566981518, 0.7504507380372271, 1.320022697730498], "Sigma": [[0.011074799567245908, 0.00728494434712236, -0.005053363543058358], [0.00728494434712236, 0.0162999567194186, -0.01001060764140051], [-0.005053363543058358, -0.01001060764140051, 0.0073544738039171475]], "chi2_level": 0.99, "chi2_df": 3, "chi2_threshold": 11.344866730144373, "N_raw": 87, "N_roi": 87, "N_inlier": 82, "refit": true}
{"timestamp": "15:44:38.217498", "frame": 109, "mu": [-1.4848685283811447, 0.7666134867273812, 1.338980819751165], "Sigma": [[0.00935411052817763, 0.005790954891718317, 0.0010524408604658693], [0.005790954891718317, 0.009979067398618119, -0.005199518897647333], [0.0010524408604658693, -0.005199518897647333, 0.01343559223591565]], "chi2_level": 0.99, "chi2_df": 3, "chi2_threshold": 11.344866730144373, "N_raw": 77, "N_roi": 77, "N_inlier": 76, "refit": true}
{"timestamp": "15:44:38.269083", "frame": 110, "mu": [-1.4940757594867151, 0.7575676252729636, 1.3356998630488415], "Sigma": [[0.006566279879285147, 0.004220449796702261, -0.00013566136267958978], [0.004220449796702261, 0.006616747492470408, -0.0052316628462168125], [-0.00013566136267958962, -0.0052316628462168125, 0.009263642612964999]], "chi2_level": 0.99, "chi2_df": 3, "chi2_threshold": 11.344866730144373, "N_raw": 57, "N_roi": 57, "N_inlier": 54, "refit": true}
{"timestamp": "15:44:38.325967", "frame": 111, "mu": [-1.4594511607691296, 0.8595151565259687, 1.451618796289091], "Sigma": [[0.008672219605226178, 0.003637152444293407, -0.0038432509979280955], [0.003637152444293407, 0.008170744071266013, -0.007160219525774777], [-0.0038432509979280955, -0.007160219525774777, 0.007193462144770338]], "chi2_level": 0.99, "chi2_df": 3, "chi2_threshold": 11.344866730144373, "N_raw": 67, "N_roi": 67, "N_inlier": 64, "refit": true}
{"timestamp": "15:44:38.384966", "frame": 112, "mu": [-1.4756601773184101, 0.8744396493488711, 1.3375626620522887], "Sigma": [[0.015496111993196957, 0.008208923617158474, -0.0014237218395741558], [0.008208923617158474, 0.010414709529710593, -0.0052782112099463195], [-0.0014237218395741552, -0.0052782112099463195, 0.011945108075139266]], "chi2_level": 0.99, "chi2_df": 3, "chi2_threshold": 11.344866730144373, "N_raw": 95, "N_roi": 90, "N_inlier": 90, "refit": true}
{"timestamp": "15:44:38.434648", "frame": 113, "mu": [-1.497777280044832, 0.837201308885921, 1.3877272993027712], "Sigma": [[0.005464744908226425, 0.003997905467937265, -0.00101455071033303], [0.003997905467937265, 0.006829045095288301, -0.004417641735171318], [-0.00101455071033303, -0.004417641735171318, 0.016384723700835487]], "chi2_level": 0.99, "chi2_df": 3, "chi2_threshold": 11.344866730144373, "N_raw": 52, "N_roi": 46, "N_inlier": 45, "refit": true}
{"timestamp": "15:44:38.487966", "frame": 114, "mu": [-1.5223661736590042, 0.8812278941218104, 1.365301575497532], "Sigma": [[0.007608593396965251, 0.003420903007887337, 0.0016246030249516738], [0.003420903007887337, 0.0032891697540172763, -0.0025813304596618543], [0.0016246030249516738, -0.0025813304596618543, 0.01419866904600617]], "chi2_level": 0.99, "chi2_df": 3, "chi2_threshold": 11.344866730144373, "N_raw": 47, "N_roi": 47, "N_inlier": 47, "refit": true}
{"timestamp": "15:44:38.546734", "frame": 115, "mu": [-1.4689333361089252, 0.9176106292575191, 1.327588465997221], "Sigma": [[0.013632597023048943, 0.004671378393342776, -0.008749213488661523], [0.004671378393342777, 0.010228225300665495, -0.005796302030552029], [-0.008749213488661523, -0.005796302030552029, 0.011042154188666485]], "chi2_level": 0.99, "chi2_df": 3, "chi2_threshold": 11.344866730144373, "N_raw": 76, "N_roi": 76, "N_inlier": 74, "refit": true}
{"timestamp": "15:44:38.602283", "frame": 116, "mu": [-1.4847573761113324, 0.9349042968853957, 1.3704228573633537], "Sigma": [[0.015004096081218022, 0.007714374146220573, -0.006238366968080126], [0.007714374146220573, 0.011562176723668513, -0.0067781224561439144], [-0.006238366968080126, -0.0067781224561439144, 0.0060182739036301475]], "chi2_level": 0.99, "chi2_df": 3, "chi2_threshold": 11.344866730144373, "N_raw": 80, "N_roi": 80, "N_inlier": 78, "refit": true}
