{"timestamp": "15:32:21.522765", "frame": 25, "mu": [-2.2346629657166845, 4.798957003970684, 0.5737516699879811], "Sigma": [[0.01294188717918048, 0.0020920073474517483, -0.015970009528640996], [0.0020920073474517487, 0.0014976942611473715, -0.0038285668063394794], [-0.015970009528641, -0.0038285668063394794, 0.02750020771845651]], "chi2_level": 0.99, "chi2_df": 3, "chi2_threshold": 11.344866730144373, "N_raw": 14, "N_roi": 14, "N_inlier": 13, "refit": true}
{"timestamp": "15:32:21.581333", "frame": 26, "mu": [-2.242506523054295, 4.757082642403385, 0.6248519988118881], "Sigma": [[0.02207379682664381, 0.004911641607965237, -0.013289270283960927], [0.004911641607965237, 0.0024060954571957184, -0.0060197867620952325], [-0.013289270283960927, -0.0060197867620952325, 0.022485988861820315]], "chi2_level": 0.99, "chi2_df": 3, "chi2_threshold": 11.344866730144373, "N_raw": 36, "N_roi": 32, "N_inlier": 32, "refit": true}
{"timestamp": "15:32:21.744245", "frame": 29, "mu": [-2.233842353142835, 4.60480946847278, 0.6403172297490424], "Sigma": [[0.008617902821387772, 0.0014988431199697797, -0.004543522718643102], [0.0014988431199697797, 0.0010457904761174213, -0.003482957309815079], [-0.004543522718643101, -0.003482957309815079, 0.01742254609345993]], "chi2_level": 0.99, "chi2_df": 3, "chi2_threshold": 11.344866730144373, "N_raw": 14, "N_roi": 14, "N_inlier": 14, "refit": true}
{"timestamp": "15:32:21.799628", "frame": 30, "mu": [-2.282372166436587, 4.557752185099063, 0.7169857925156095], "Sigma": [[0.017076458015075496, 0.0024501217766888716, -0.00987647702603384], [0.0024501217766888716, 0.0025190672761634817, -0.0026652882863723837], [-0.00987647702603384, -0.0026652882863723837, 0.00885595529749847]], "chi2_level": 0.99, "chi2_df": 3, "chi2_threshold": 11.344866730144373, "N_raw": 17, "N_roi": 16, "N_inlier": 15, "refit": true}
{"timestamp": "15:32:21.853768", "frame": 31, "mu": [-2.22518429222655, 4.549585466842065, 0.7016851070836505], "Sigma": [[0.012908201175928015, -6.868847697399374e-05, 0.004965475237920659], [-6.868847697399374e-05, 0.0010553074778432909, -0.0018995963819519752], [0.004965475237920659, -0.0018995963819519752, 0.007815050042121734]], "chi2_level": 0.99, "chi2_df": 3, "chi2_threshold": 11.344866730144373, "N_raw": 11, "N_roi": 11, "N_inlier": 11, "refit": true}
{"timestamp": "15:32:21.965510", "frame": 33, "mu": [-2.107539034592626, 4.432200807238741, 0.9253506393784453], "Sigma": [[0.020026130174408612, 0.004941603254101647, -0.018438315883671515], [0.004941603254101647, 0.0029115065077996004, -0.005231710301256052], [-0.018438315883671515, -0.005231710301256051, 0.019441408892587567]], "chi2_level": 0.99, "chi2_df": 3, "chi2_threshold": 11.344866730144373, "N_raw": 24, "N_roi": 24, "N_inlier": 23, "refit": true}
{"timestamp": "15:32:22.078228", "frame": 35, "mu": [-2.107851155856493, 4.336222690299694, 0.8750237709764144], "Sigma": [[0.026993601779980995, 0.007535906052424984, -0.008327027423344234], [0.007535906052424984, 0.0038072454330272537, -0.005884481982047597], [-0.008327027423344232, -0.0058844819820475965, 0.013983942017499142]], "chi2_level": 0.99, "chi2_df": 3, "chi2_threshold": 11.344866730144373, "N_raw": 39, "N_roi": 39, "N_inlier": 38, "refit": true}
{"timestamp": "15:32:22.131489", "frame": 36, "mu": [-2.149248824863255, 4.2563542195353365, 0.8471608426747002], "Sigma": [[0.01962335972068536, 0.00814256363220114, 0.0008103737640332261], [0.00814256363220114, 0.003948896052379612, -0.0014680527943897856], [0.0008103737640332261, -0.0014680527943897856, 0.019865095895078136]], "chi2_level": 0.99, "chi2_df": 3, "chi2_threshold": 11.344866730144373, "N_raw": 24, "N_roi": 24, "N_inlier": 23, "refit": true}
{"timestamp": "15:32:22.188922", "frame": 37, "mu": [-2.18331387306797, 4.152588438853556, 0.6383315789356535], "Sigma": [[0.022968700295391643, 0.005075111040724832, -0.01582316292065384], [0.005075111040724832, 0.0018508009339841794, -0.005974227511040054], [-0.01582316292065384, -0.005974227511040054, 0.054162031146944595]], "chi2_level": 0.99, "chi2_df": 3, "chi2_threshold": 11.344866730144373, "N_raw": 42, "N_roi": 42, "N_inlier": 42, "refit": true}
{"timestamp": "15:32:22.297295", "frame": 39, "mu": [-2.1400745130190537, 4.048963020061032, 0.8071239635739171], "Sigma": [[0.021450329186540773, 0.005657251171321465, -0.01983961641836257], [0.005657251171321465, 0.0027762355021850003, -0.008336008545284147], [-0.01983961641836257, -0.008336008545284147, 0.03337739306380644]], "chi2_level": 0.99, "chi2_df": 3, "chi2_threshold": 11.344866730144373, "N_raw": 34, "N_roi": 34, "N_inlier": 34, "refit": true}
{"timestamp": "15:32:22.353225", "frame": 40, "mu": [-2.1841218346276983, 3.974753175884639, 0.8207139189630747], "Sigma": [[0.025819599366474343, 0.008455406643413087, -0.009035752035604264], [0.008455406643413087, 0.00434988360228838, -0.005216635930365779], [-0.009035752035604262, -0.005216635930365778, 0.009761117528014932]], "chi2_level": 0.99, "chi2_df": 3, "chi2_threshold": 11.344866730144373, "N_raw": 34, "N_roi": 34, "N_inlier": 34, "refit": true}
{"timestamp": "15:32:22.405918", "frame": 41, "mu": [-2.224091530836825, 3.8724003625442585, 0.9253447339590855], "Sigma": [[0.012015400090651452, 0.00513761964804819, -0.001740642213480845], [0.00513761964804819, 0.0029183869602983, -0.00332111102839673], [-0.001740642213480845, -0.0033211110283967297, 0.01900204907086165]], "chi2_level": 0.99, "chi2_df": 3, "chi2_threshold": 11.344866730144373, "N_raw": 20, "N_roi": 20, "N_inlier": 20, "refit": true}
{"timestamp": "15:32:22.461609", "frame": 42, "mu": [-2.1711901757641696, 3.8552638981431286, 0.6909286771259202], "Sigma": [[0.01759829315563085, 0.003915083069876102, -0.006207948050310609], [0.003915083069876103, 0.0016574891109304715, -0.0038560087542701352], [-0.006207948050310608, -0.0038560087542701352, 0.016377151687914156]], "chi2_level": 0.99, "chi2_df": 3, "chi2_threshold": 11.344866730144373, "N_raw": 29, "N_roi": 29, "N_inlier": 29, "refit": true}
{"timestamp": "15:32:22.515678", "frame": 43, "mu": [-2.2071221282188653, 3.7677894749952348, 0.8372466591469775], "Sigma": [[0.010559973060462026, 0.0019445406057418905, -0.007713577107973757], [0.0019445406057418907, 0.0012906907120048764, -0.003919790812556999], [-0.007713577107973757, -0.0039197908125569985, 0.01974334849376506]], "chi2_level": 0.99, "chi2_df": 3, "chi2_threshold": 11.344866730144373, "N_raw": 19, "N_roi": 19, "N_inlier": 18, "refit": true}
{"timestamp": "15:32:22.570642", "frame": 44, "mu": [-2.175590954729702, 3.7327793724632032, 0.6991260376803307], "Sigma": [[0.011841054128124407, 0.00036320862768928126, -0.007892093952746728], [0.00036320862768928115, 0.0010093188692612183, -0.0026624848782268455], [-0.007892093952746728, -0.002662484878226845, 0.015962637419880944]], "chi2_level": 0.99, "chi2_df": 3, "chi2_threshold": 11.344866730144373, "N_raw": 20, "N_roi": 20, "N_inlier": 20, "refit": true}
{"timestamp": "15:32:22.628343", "frame": 45, "mu": [-2.2736424859471898, 3.6524717190599905, 0.986866317829333], "Sigma": [[0.02074587152002627, 0.007055320907018367, -0.009349777364280897], [0.007055320907018367, 0.004570275732263928, -0.0071990119812128], [-0.009349777364280897, -0.0071990119812128, 0.015567212863042973]], "chi2_level": 0.99, "chi2_df": 3, "chi2_threshold": 11.344866730144373, "N_raw": 39, "N_roi": 37, "N_inlier": 36, "refit": true}
{"timestamp": "15:32:22.902318", "frame": 50, "mu": [-2.039108812405335, 3.3346770999100106, 0.8725768798807976], "Sigma": [[0.01312517034220249, 0.0038795449081612246, -0.00819534445512056], [0.0038795449081612246, 0.0019689620804348796, -0.005440187835697269], [-0.00819534445512056, -0.005440187835697269, 0.022498874826717943]], "chi2_level": 0.99, "chi2_df": 3, "chi2_threshold": 11.344866730144373, "N_raw": 28, "N_roi": 28, "N_inlier": 27, "refit": true}
{"timestamp": "15:32:22.956915", "frame": 51, "mu": [-2.1333803874782302, 3.2331823466822036, 1.170106789880066], "Sigma": [[0.018679009331279115, 0.007148572708741619, -0.007397780600564308], [0.007148572708741619, 0.004717716328272228, -0.0062757676544900574], [-0.00739778060056431, -0.006275767654490057, 0.01893421491728921]], "chi2_level": 0.99, "chi2_df": 3, "chi2_threshold": 11.344866730144373, "N_raw": 29, "N_roi": 29, "N_inlier": 28, "refit": true}
{"timestamp": "15:32:23.235674", "frame": 56, "mu": [-2.1251991991784953, 2.9464736247212917, 0.9500233741101486], "Sigma": [[0.022370695482208484, 0.0047396938611523705, 0.0005145523218094711], [0.0047396938611523705, 0.0034656425108474456, -0.005802302884262172], [0.0005145523218094707, -0.005802302884262172, 0.026922283131204573]], "chi2_level": 0.99, "chi2_df": 3, "chi2_threshold": 11.344866730144373, "N_raw": 55, "N_roi": 54, "N_inlier": 54, "refit": true}
{"timestamp": "15:32:23.285129", "frame": 57, "mu": [-2.102179885628576, 2.8019778529822945, 0.5986474667223729], "Sigma": [[0.0320716662211702, 0.0001771066479596457, 0.014456637112515177], [0.00017710664795964547, 0.004204191240753258, 0.005314970732048744], [0.014456637112515177, 0.005314970732048744, 0.016781560557871715]], "chi2_level": 0.99, "chi2_df": 3, "chi2_threshold": 11.344866730144373, "N_raw": 11, "N_roi": 10, "N_inlier": 10, "refit": true}
{"timestamp": "15:32:23.342039", "frame": 58, "mu": [-2.172731048840787, 2.795059193193489, 0.7431070179799701], "Sigma": [[0.014481100287405626, 0.0031120684958297006, -0.0048044817397002015], [0.003112068495829701, 0.0014118021059938309, -0.0036508095974040903], [-0.0048044817397002015, -0.0036508095974040903, 0.026170949569650364]], "chi2_level": 0.99, "chi2_df": 3, "chi2_threshold": 11.344866730144373, "N_raw": 37, "N_roi": 37, "N_inlier": 36, "refit": true}
{"timestamp": "15:32:23.396750", "frame": 59, "mu": [-2.0738206357611286, 2.771216444331998, 0.9554850505817177], "Sigma": [[0.008162164636985325, 0.003177270203381874, 0.0030655765637080928], [0.003177270203381874, 0.0025455218050692264, 0.001080312431062888], [0.003065576563708091, 0.0010803124310628871, 0.03889789557276274]], "chi2_level": 0.99, "chi2_df": 3, "chi2_threshold": 11.344866730144373, "N_raw": 31, "N_roi": 31, "N_inlier": 30, "refit": true}
{"timestamp": "15:32:23.453777", "frame": 60, "mu": [-2.2027290204251866, 2.623415050671786, 0.7812635883206975], "Sigma": [[0.021975070365563815, 0.010446177136932227, 0.002313160363085099], [0.010446177136932227, 0.005668459205157158, -0.0012193959108357127], [0.002313160363085099, -0.001219395910835713, 0.01772544780263674]], "chi2_level": 0.99, "chi2_df": 3, "chi2_threshold": 11.344866730144373, "N_raw": 46, "N_roi": 46, "N_inlier": 45, "refit": true}
{"timestamp": "15:32:23.510038", "frame": 61, "mu": [-2.142146310404117, 2.5999899730859064, 0.9226152467720887], "Sigma": [[0.018101792569831927, 0.008697176593468333, 0.011272464133729645], [0.008697176593468333, 0.005053795596271795, 0.0032467402691744173], [0.011272464133729645, 0.0032467402691744173, 0.03568662824712311]], "chi2_level": 0.99, "chi2_df": 3, "chi2_threshold": 11.344866730144373, "N_raw": 48, "N_roi": 48, "N_inlier": 47, "refit": true}
{"timestamp": "15:32:23.564039", "frame": 62, "mu": [-2.1186416353303317, 2.5642768613460047, 1.0269659098061223], "Sigma": [[0.013431483683867087, 0.005040633695295156, -0.007865089848820062], [0.005040633695295156, 0.00466627370152895, -0.006166936963214555], [-0.007865089848820062, -0.006166936963214555, 0.011139678218826346]], "chi2_level": 0.99, "chi2_df": 3, "chi2_threshold": 11.344866730144373, "N_raw": 39, "N_roi": 38, "N_inlier": 36, "refit": true}
{"timestamp": "15:32:23.617770", "frame": 63, "mu": [-2.0732760362477616, 2.488825800967289, 0.9203389053440587], "Sigma": [[0.011614264907256372, 0.002959198328040152, -0.004356233172361121], [0.002959198328040152, 0.0011475187203662742, -0.0013747152533447231], [-0.00435623317236112, -0.001374715253344723, 0.029456816850102194]], "chi2_level": 0.99, "chi2_df": 3, "chi2_threshold": 11.344866730144373, "N_raw": 34, "N_roi": 34, "N_inlier": 33, "refit": true}
{"timestamp": "15:32:23.673179", "frame": 64, "mu": [-2.105401185399112, 2.431536831693491, 0.8576494257643386], "Sigma": [[0.012925564656314248, 0.005245867349337978, -0.006354461794775074], [0.005245867349337978, 0.002978458472085385, -0.004861457461047756], [-0.006354461794775074, -0.004861457461047756, 0.01542476186087218]], "chi2_level": 0.99, "chi2_df": 3, "chi2_threshold": 11.344866730144373, "N_raw": 35, "N_roi": 35, "N_inlier": 34, "refit": true}
{"timestamp": "15:32:23.726039", "frame": 65, "mu": [-2.108349238690233, 2.3551200576755513, 0.8549849008546019], "Sigma": [[0.00844874472152741, 0.0034119210241484407, -0.002292755368527613], [0.0034119210241484407, 0.001736937908125371, -0.0014520967618836486], [-0.002292755368527614, -0.0014520967618836488, 0.02040029752609395]], "chi2_level": 0.99, "chi2_df": 3, "chi2_threshold": 11.344866730144373, "N_raw": 21, "N_roi": 21, "N_inlier": 21, "refit": true}
{"timestamp": "15:32:23.780824", "frame": 66, "mu": [-2.0836540078449204, 2.250054796488259, 0.7483614775963211], "Sigma": [[0.0068886276760763655, 0.004922506994423977, 0.001980126727888786], [0.004922506994423977, 0.0038675893820847495, 0.0021985365690445425], [0.001980126727888786, 0.0021985365690445425, 0.027542003461786382]], "chi2_level": 0.99, "chi2_df": 3, "chi2_threshold": 11.344866730144373, "N_raw": 24, "N_roi": 20, "N_inlier": 17, "refit": true}
{"timestamp": "15:32:23.835475", "frame": 67, "mu": [-2.0339062185209813, 2.2573608070647735, 0.8814193617035206], "Sigma": [[0.004429289055562045, 0.0016735881328292426, -0.003692761611079173], [0.0016735881328292426, 0.002384770131777165, 0.002981587470885793], [-0.0036927616110791735, 0.0029815874708857934, 0.037240577150731896]], "chi2_level": 0.99, "chi2_df": 3, "chi2_threshold": 11.344866730144373, "N_raw": 19, "N_roi": 19, "N_inlier": 18, "refit": true}
{"timestamp": "15:32:23.896744", "frame": 68, "mu": [-2.107365925931846, 2.0691795569437943, 1.1369860902146443], "Sigma": [[0.029584099840482984, 0.019130277501422297, -0.04890905868616947], [0.019130277501422297, 0.015084467017756956, -0.03495122923229397], [-0.04890905868616946, -0.03495122923229397, 0.11488468945830274]], "chi2_level": 0.99, "chi2_df": 3, "chi2_threshold": 11.344866730144373, "N_raw": 62, "N_roi": 59, "N_inlier": 58, "refit": true}
{"timestamp": "15:32:23.946279", "frame": 69, "mu": [-2.1434279076628546, 2.00268245506062, 1.2337283500536107], "Sigma": [[0.027449174144595988, 0.01838763001359019, -0.031166766132981038], [0.01838763001359019, 0.014593907659909349, -0.022785990460259472], [-0.031166766132981038, -0.022785990460259472, 0.047633283633055926]], "chi2_level": 0.99, "chi2_df": 3, "chi2_threshold": 11.344866730144373, "N_raw": 24, "N_roi": 24, "N_inlier": 23, "refit": true}
{"timestamp": "15:32:24.003699", "frame": 70, "mu": [-1.9901340359033883, 2.191735729737025, -0.5288801205119763], "Sigma": [[0.02222922736553681, 0.018337318202546273, -0.020774671883251362], [0.018337318202546273, 0.019795966898190756, -0.028193314227419906], [-0.020774671883251355, -0.028193314227419906, 0.05436652827557618]], "chi2_level": 0.99, "chi2_df": 3, "chi2_threshold": 11.344866730144373, "N_raw": 41, "N_roi": 41, "N_inlier": 39, "refit": true}
{"timestamp": "15:32:24.057050", "frame": 71, "mu": [-2.205527666686459, 1.8297527352347316, 1.1927516439001067], "Sigma": [[0.030454322905672463, 0.020182545571510918, -0.028797810660911093], [0.020182545571510918, 0.015842368243576176, -0.025327885463198065], [-0.028797810660911093, -0.025327885463198065, 0.07284570217818062]], "chi2_level": 0.99, "chi2_df": 3, "chi2_threshold": 11.344866730144373, "N_raw": 32, "N_roi": 32, "N_inlier": 31, "refit": true}
{"timestamp": "15:32:24.112894", "frame": 72, "mu": [-2.1521085397393716, 1.8963001198567329, -0.29670478009086765], "Sigma": [[0.02092812488526446, 0.023870776449460084, -0.019544035999090173], [0.023870776449460084, 0.03714593446498793, -0.027692535954140833], [-0.019544035999090173, -0.027692535954140833, 0.03310315233238466]], "chi2_level": 0.99, "chi2_df": 3, "chi2_threshold": 11.344866730144373, "N_raw": 35, "N_roi": 35, "N_inlier": 34, "refit": true}
{"timestamp": "15:32:24.169504", "frame": 73, "mu": [-2.0557841255006144, 1.8022015638859303, 0.8932859684628704], "Sigma": [[0.022437525752127846, 0.013171297812734472, -0.02461595302192448], [0.013171297812734472, 0.00879381796047145, -0.017908345412732556], [-0.02461595302192448, -0.017908345412732556, 0.060278888419678725]], "chi2_level": 0.99, "chi2_df": 3, "chi2_threshold": 11.344866730144373, "N_raw": 40, "N_roi": 40, "N_inlier": 39, "refit": true}
{"timestamp": "15:32:24.229648", "frame": 74, "mu": [-2.2019557371081917, 1.7840182509389169, -0.504893495924705], "Sigma": [[0.020224447808624302, 0.016531256069098634, -0.011641892714523873], [0.016531256069098634, 0.029555163651993656, -0.048597233034176075], [-0.011641892714523873, -0.04859723303417608, 0.12987772181719534]], "chi2_level": 0.99, "chi2_df": 3, "chi2_threshold": 11.344866730144373, "N_raw": 82, "N_roi": 81, "N_inlier": 81, "refit": true}
{"timestamp": "15:32:24.285550", "frame": 75, "mu": [-2.1457000699942297, 1.7684896092381557, -0.6732539118355381], "Sigma": [[0.017588176016223013, 0.012609994809653847, -0.0017093456709151174], [0.012609994809653847, 0.020396574595943382, -0.02953461318637463], [-0.001709345670915117, -0.029534613186374632, 0.09557824203057819]], "chi2_level": 0.99, "chi2_df": 3, "chi2_threshold": 11.344866730144373, "N_raw": 86, "N_roi": 86, "N_inlier": 84, "refit": true}
{"timestamp": "15:32:24.335256", "frame": 76, "mu": [-1.8904740369267905, 1.7643837956331858, -0.6619072425242957], "Sigma": [[0.019398865936891323, 0.01508740867295483, -0.012217412578411803], [0.01508740867295483, 0.016090913373712303, -0.01114833954109237], [-0.012217412578411803, -0.01114833954109237, 0.010042039848342102]], "chi2_level": 0.99, "chi2_df": 3, "chi2_threshold": 11.344866730144373, "N_raw": 49, "N_roi": 49, "N_inlier": 45, "refit": true}
{"timestamp": "15:32:24.386158", "frame": 77, "mu": [-2.001099019883605, 1.6220212370815608, -0.3469417000279955], "Sigma": [[0.008616119225558598, 0.006897170323215813, -0.005946550301344349], [0.006897170323215812, 0.009742630503431111, -0.010107508374760127], [-0.005946550301344349, -0.010107508374760127, 0.016306489786677147]], "chi2_level": 0.99, "chi2_df": 3, "chi2_threshold": 11.344866730144373, "N_raw": 26, "N_roi": 26, "N_inlier": 24, "refit": true}
{"timestamp": "15:32:24.447785", "frame": 78, "mu": [-1.9717736088341458, 1.445580989113088, 1.201323657797945], "Sigma": [[0.020509417419858633, 0.016443521177482864, -0.0032398377424752555], [0.016443521177482868, 0.017941956545484014, -0.0036945636468845556], [-0.0032398377424752555, -0.003694563646884555, 0.033796322364920625]], "chi2_level": 0.99, "chi2_df": 3, "chi2_threshold": 11.344866730144373, "N_raw": 74, "N_roi": 74, "N_inlier": 73, "refit": true}
{"timestamp": "15:32:24.500640", "frame": 79, "mu": [-2.056413693703463, 1.2983742260725453, 0.9213253984910265], "Sigma": [[0.01978316291542094, 0.013364336608267746, 0.01677392595606872], [0.013364336608267746, 0.011436030697214642, 0.00534063915134672], [0.01677392595606872, 0.00534063915134672, 0.06872012631934607]], "chi2_level": 0.99, "chi2_df": 3, "chi2_threshold": 11.344866730144373, "N_raw": 52, "N_roi": 52, "N_inlier": 52, "refit": true}
{"timestamp": "15:32:24.558130", "frame": 80, "mu": [-1.9456643842421775, 1.2251745457170138, 0.9933454103497251], "Sigma": [[0.01689364219735716, 0.01573845156220882, -0.005430423633457447], [0.01573845156220882, 0.024901371522714037, -0.008968253266902057], [-0.005430423633457447, -0.008968253266902055, 0.007482864272774574]], "chi2_level": 0.99, "chi2_df": 3, "chi2_threshold": 11.344866730144373, "N_raw": 75, "N_roi": 75, "N_inlier": 73, "refit": true}
{"timestamp": "15:32:24.612468", "frame": 81, "mu": [-1.9629601401834105, 1.3030054514411953, -0.6829625833351007], "Sigma": [[0.013437010277072566, 0.016975366424144822, 0.010291474263515366], [0.016975366424144822, 0.03856819799849385, 0.017438210761382494], [0.010291474263515366, 0.017438210761382494, 0.022037359371270562]], "chi2_level": 0.99, "chi2_df": 3, "chi2_threshold": 11.344866730144373, "N_raw": 67, "N_roi": 67, "N_inlier": 66, "refit": true}
{"timestamp": "15:32:24.669007", "frame": 82, "mu": [-2.005711453335444, 1.1090119732030685, 1.1828025601598218], "Sigma": [[0.01250005390846291, 0.010860370135720953, -0.006311957957268259], [0.010860370135720955, 0.018521779926345537, -0.016732389839234637], [-0.0063119579572682594, -0.016732389839234637, 0.021836391205461377]], "chi2_level": 0.99, "chi2_df": 3, "chi2_threshold": 11.344866730144373, "N_raw": 82, "N_roi": 82, "N_inlier": 81, "refit": true}
{"timestamp": "15:32:24.723528", "frame": 83, "mu": [-2.026312565189107, 1.0372014147636028, 1.1365364653383305], "Sigma": [[0.009354013674152025, 0.007956507026876423, 0.004834044571404003], [0.007956507026876423, 0.013646708977332906, -0.004754563120912048], [0.004834044571404004, -0.004754563120912048, 0.03999945579625218]], "chi2_level": 0.99, "chi2_df": 3, "chi2_threshold": 11.344866730144373, "N_raw": 75, "N_roi": 75, "N_inlier": 75, "refit": true}
{"timestamp": "15:32:24.777499", "frame": 84, "mu": [-1.965559814429068, 1.0063595110888695, 1.1608119887531314], "Sigma": [[0.007916069699379198, 0.004672826270602778, 0.001729749949317863], [0.0046728262706027795, 0.010660542862716994, -0.007999785348195957], [0.001729749949317863, -0.007999785348195957, 0.02098158813619218]], "chi2_level": 0.99, "chi2_df": 3, "chi2_threshold": 11.344866730144373, "N_raw": 63, "N_roi": 63, "N_inlier": 63, "refit": true}
{"timestamp": "15:32:24.832204", "frame": 85, "mu": [-1.971861801167855, 0.9090242522019649, 1.198920077330944], "Sigma": [[0.011277042260638926, 0.009640333201223704, -0.001696800560510468], [0.009640333201223702, 0.014451943943172662, -0.008899419497146914], [-0.0016968005605104684, -0.008899419497146913, 0.01996055855085132]], "chi2_level": 0.99, "chi2_df": 3, "chi2_threshold": 11.344866730144373, "N_raw": 66, "N_roi": 66, "N_inlier": 66, "refit": true}
{"timestamp": "15:32:24.887107", "frame": 86, "mu": [-1.9665618925323083, 0.8884540391222349, 1.0596209205911644], "Sigma": [[0.008745407043853248, 0.007993313365879804, 0.003416567453463396], [0.007993313365879804, 0.012155863634996779, -0.004636031508279806], [0.003416567453463396, -0.004636031508279806, 0.021002588565682264]], "chi2_level": 0.99, "chi2_df": 3, "chi2_threshold": 11.344866730144373, "N_raw": 62, "N_roi": 62, "N_inlier": 61, "refit": true}
{"timestamp": "15:32:24.941198", "frame": 87, "mu": [-1.950409392614133, 1.0445719771330904, -0.5421610287333843], "Sigma": [[0.0173087102699408, 0.010397721321925112, 0.014795610300364422], [0.010397721321925112, 0.017790914160385807, -0.0009665180897916285], [0.014795610300364423, -0.0009665180897916291, 0.035384926578010095]], "chi2_level": 0.99, "chi2_df": 3, "chi2_threshold": 11.344866730144373, "N_raw": 59, "N_roi": 59, "N_inlier": 58, "refit": true}
{"timestamp": "15:32:24.992242", "frame": 88, "mu": [-1.862871051626781, 0.8026951110014225, 1.2933130467844178], "Sigma": [[0.006211490841343487, 0.004791860228789797, -0.003986805707530702], [0.004791860228789797, 0.009365898514632624, -0.005584478284860952], [-0.003986805707530702, -0.005584478284860952, 0.004412992517746719]], "chi2_level": 0.99, "chi2_df": 3, "chi2_threshold": 11.344866730144373, "N_raw": 33, "N_roi": 33, "N_inlier": 30, "refit": true}
{"timestamp": "15:32:25.048853", "frame": 89, "mu": [-1.869309469095001, 0.7811021219092974, 1.2339853632688071], "Sigma": [[0.011315208568330648, 0.008662611679821543, 0.005514914376426301], [0.008662611679821543, 0.014850448191462586, -0.0028489332591403608], [0.005514914376426301, -0.00284893325914036, 0.018180822026908336]], "chi2_level": 0.99, "chi2_df": 3, "chi2_threshold": 11.344866730144373, "N_raw": 42, "N_roi": 42, "N_inlier": 41, "refit": true}
{"timestamp": "15:32:25.107806", "frame": 90, "mu": [-1.8603650724180731, 0.7357421196707086, 1.0665122277912966], "Sigma": [[0.011121708220585306, 0.009442162995496058, 0.006270956709879199], [0.009442162995496058, 0.012020692033692965, -0.00038562960949839725], [0.006270956709879199, -0.0003856296094983977, 0.02252379945943256]], "chi2_level": 0.99, "chi2_df": 3, "chi2_threshold": 11.344866730144373, "N_raw": 74, "N_roi": 74, "N_inlier": 73, "refit": true}
{"timestamp": "15:32:25.160255", "frame": 91, "mu": [-1.829280475056148, 0.7192886135463337, 1.1562914295802587], "Sigma": [[0.007668736348166731, 0.007180471262466272, 1.1181527276142751e-05], [0.007180471262466273, 0.010719420637401476, -0.004786888694458854], [1.1181527276142534e-05, -0.004786888694458854, 0.012203838547211127]], "chi2_level": 0.99, "chi2_df": 3, "chi2_threshold": 11.344866730144373, "N_raw": 51, "N_roi": 51, "N_inlier": 50, "refit": true}
{"timestamp": "15:32:25.210978", "frame": 92, "mu": [-1.7751124153297133, 0.784986322115095, 1.1127070018359402], "Sigma": [[0.002980939183702719, 0.002498780979726391, -0.0005760260174315059], [0.002498780979726391, 0.003479618044746029, -0.0015795396383558858], [-0.0005760260174315058, -0.0015795396383558855, 0.005964167734498184]], "chi2_level": 0.99, "chi2_df": 3, "chi2_threshold": 11.344866730144373, "N_raw": 21, "N_roi": 21, "N_inlier": 21, "refit": true}
{"timestamp": "15:32:25.268728", "frame": 93, "mu": [-1.7700703145144194, 0.5977131280591356, 1.101471351827196], "Sigma": [[0.005597611968665798, 0.005850256463934941, 0.0034207525249633055], [0.005850256463934941, 0.008512739923975896, -0.001869406089262772], [0.0034207525249633046, -0.001869406089262772, 0.025494196798623088]], "chi2_level": 0.99, "chi2_df": 3, "chi2_threshold": 11.344866730144373, "N_raw": 43, "N_roi": 43, "N_inlier": 42, "refit": true}
{"timestamp": "15:32:25.324414", "frame": 94, "mu": [-1.5082307306521021, 0.5539678568573078, 1.1250539470639427], "Sigma": [[0.9301514715344675, -0.02734297299954351, 0.03204014656266978], [-0.027342972999543504, 0.010033409579164427, -0.005306380333056497], [0.03204014656266978, -0.005306380333056497, 0.0061676161166118425]], "chi2_level": 0.99, "chi2_df": 3, "chi2_threshold": 11.344866730144373, "N_raw": 47, "N_roi": 47, "N_inlier": 46, "refit": true}
{"timestamp": "15:32:25.377832", "frame": 95, "mu": [-1.746238079955426, 0.7739797107579491, -0.7326517348832976], "Sigma": [[0.006531691397900857, 0.005987198696253793, 0.0023797563125023537], [0.005987198696253794, 0.009511788950268165, -0.001908223537002068], [0.0023797563125023532, -0.001908223537002068, 0.00746115543862671]], "chi2_level": 0.99, "chi2_df": 3, "chi2_threshold": 11.344866730144373, "N_raw": 39, "N_roi": 39, "N_inlier": 37, "refit": true}
{"timestamp": "15:32:25.434905", "frame": 96, "mu": [-1.0051028006489173, 0.48107989889726605, 1.0826228506622364], "Sigma": [[2.102134841486186, -0.040404880041391644, 0.04544220881992746], [-0.040404880041391644, 0.007918193675062546, -0.003370549138645652], [0.04544220881992746, -0.0033705491386456523, 0.009365402973007947]], "chi2_level": 0.99, "chi2_df": 3, "chi2_threshold": 11.344866730144373, "N_raw": 49, "N_roi": 49, "N_inlier": 46, "refit": true}
{"timestamp": "15:32:25.486883", "frame": 97, "mu": [-1.6870596791564898, 0.712396787048499, -0.7341756609444617], "Sigma": [[0.004360853033225856, 0.005407206497094938, 0.0002478848926065498], [0.005407206497094938, 0.008656324158552458, -0.002474484060059539], [0.0002478848926065498, -0.002474484060059539, 0.006567886512629271]], "chi2_level": 0.99, "chi2_df": 3, "chi2_threshold": 11.344866730144373, "N_raw": 31, "N_roi": 31, "N_inlier": 27, "refit": true}
{"timestamp": "15:32:25.542531", "frame": 98, "mu": [-1.1560281179295733, 0.6878011969414838, -0.6839665269505538], "Sigma": [[1.4959341781124815, -0.03893161940534502, 0.018827004498811573], [-0.03893161940534502, 0.009454781536047766, -0.001720336044574981], [0.01882700449881157, -0.001720336044574981, 0.0026533535607453566]], "chi2_level": 0.99, "chi2_df": 3, "chi2_threshold": 11.344866730144373, "N_raw": 37, "N_roi": 37, "N_inlier": 37, "refit": true}
{"timestamp": "15:32:25.720446", "frame": 100, "mu": [-0.00241736403144438, 0.4082935246304465, 1.0513026051755625], "Sigma": [[2.6099975145034273, 0.06981324614043746, 0.008163226309399281], [0.06981324614043746, 0.010828062478827285, -0.0005701175812835788], [0.00816322630939928, -0.0005701175812835788, 0.002229800781376936]], "chi2_level": 0.99, "chi2_df": 3, "chi2_threshold": 11.344866730144373, "N_raw": 26, "N_roi": 26, "N_inlier": 25, "refit": true}
{"timestamp": "15:32:25.753752", "frame": 101, "mu": [-0.38385251880676663, 0.4227020274896684, 1.1175968318375895], "Sigma": [[2.482315706503835, -0.01545792367659488, 0.03796886136696591], [-0.01545792367659488, 0.0062122756658884734, -0.00039848747771692786], [0.03796886136696591, -0.00039848747771692786, 0.0039049659815081237]], "chi2_level": 0.99, "chi2_df": 3, "chi2_threshold": 11.344866730144373, "N_raw": 37, "N_roi": 37, "N_inlier": 37, "refit": true}
{"timestamp": "15:32:25.784392", "frame": 102, "mu": [-0.011976509768012344, 0.3998348621422696, 1.075501894249417], "Sigma": [[2.4741549134788494, 0.02908027940958551, -0.028152059808340818], [0.029080279409585505, 0.008551156034797773, 0.001129928970165233], [-0.028152059808340818, 0.0011299289701652328, 0.013519725542476593]], "chi2_level": 0.99, "chi2_df": 3, "chi2_threshold": 11.344866730144373, "N_raw": 46, "N_roi": 46, "N_inlier": 46, "refit": true}
{"timestamp": "15:32:25.818890", "frame": 103, "mu": [0.042413107426744916, 0.40855709965411335, -0.9403654891180672], "Sigma": [[2.4207872555313186, 0.028056365346061995, -0.06109944321887703], [0.028056365346062, 0.016739956482178877, 0.0008731093358406565], [-0.06109944321887703, 0.0008731093358406565, 0.009692994706923868]], "chi2_level": 0.99, "chi2_df": 3, "chi2_threshold": 11.344866730144373, "N_raw": 41, "N_roi": 41, "N_inlier": 41, "refit": true}
{"timestamp": "15:32:25.873400", "frame": 104, "mu": [0.39165302063095636, 0.3566798440789138, 1.0052427635559513], "Sigma": [[2.230968994111285, 0.03419702402846629, -0.10493248657708859], [0.03419702402846629, 0.006916437520097795, -0.0005617717541786531], [-0.10493248657708859, -0.0005617717541786522, 0.031390978469330144]], "chi2_level": 0.99, "chi2_df": 3, "chi2_threshold": 11.344866730144373, "N_raw": 37, "N_roi": 37, "N_inlier": 36, "refit": true}
{"timestamp": "15:32:25.926399", "frame": 105, "mu": [-0.03072298662566403, 0.3682575222914842, 1.1195050067054388], "Sigma": [[2.1769805263563895, 0.07579582010405472, 0.0003968332580693754], [0.07579582010405472, 0.011718752521048089, -0.0028078915101272853], [0.0003968332580693741, -0.0028078915101272853, 0.001556265146178584]], "chi2_level": 0.99, "chi2_df": 3, "chi2_threshold": 11.344866730144373, "N_raw": 25, "N_roi": 25, "N_inlier": 25, "refit": true}
{"timestamp": "15:32:25.980295", "frame": 106, "mu": [0.18041395869716487, 0.3212531762533766, 0.8714794348654837], "Sigma": [[2.297652487130282, 0.05459334212921213, -0.1189535817338712], [0.05459334212921213, 0.006654717430379999, -0.002000154758389048], [-0.1189535817338712, -0.002000154758389048, 0.014095275645048878]], "chi2_level": 0.99, "chi2_df": 3, "chi2_threshold": 11.344866730144373, "N_raw": 17, "N_roi": 17, "N_inlier": 17, "refit": true}
{"timestamp": "15:32:26.089698", "frame": 108, "mu": [0.2694245446935261, 0.3287789021144555, 1.09296179413478], "Sigma": [[1.859330069089237, 0.08796719534891759, -0.03483302676028638], [0.08796719534891759, 0.013285508834330047, -0.0028441210409955865], [-0.03483302676028637, -0.0028441210409955865, 0.002060305972673108]], "chi2_level": 0.99, "chi2_df": 3, "chi2_threshold": 11.344866730144373, "N_raw": 11, "N_roi": 11, "N_inlier": 11, "refit": true}
{"timestamp": "15:32:26.146693", "frame": 109, "mu": [0.09804382114514917, 0.3315293105559291, 1.138819601087014], "Sigma": [[1.83554981445316, 0.06177368955025224, -0.004081471956604282], [0.06177368955025224, 0.007577373565388657, -0.0015453857463718214], [-0.004081471956604279, -0.0015453857463718214, 0.001446696597872195]], "chi2_level": 0.99, "chi2_df": 3, "chi2_threshold": 11.344866730144373, "N_raw": 27, "N_roi": 27, "N_inlier": 27, "refit": true}
{"timestamp": "15:32:26.203974", "frame": 110, "mu": [0.2576366747049679, 0.2925277533364713, 1.1269889683732008], "Sigma": [[1.6934474885555455, 0.06984931068899757, -0.016241309250569352], [0.06984931068899757, 0.01107925097973595, -0.0009110937955844464], [-0.016241309250569356, -0.0009110937955844464, 0.0043620334497003815]], "chi2_level": 0.99, "chi2_df": 3, "chi2_threshold": 11.344866730144373, "N_raw": 39, "N_roi": 39, "N_inlier": 39, "refit": true}
{"timestamp": "15:32:26.255889", "frame": 111, "mu": [-0.010342374550770826, 0.2962685975914566, 1.1959925987408238], "Sigma": [[1.6951564851400438, 0.034907071428253236, -0.0007780433030252758], [0.034907071428253236, 0.006137761773561142, -2.1188611879512662e-05], [-0.0007780433030252758, -2.1188611879512662e-05, 0.002880397435879964]], "chi2_level": 0.99, "chi2_df": 3, "chi2_threshold": 11.344866730144373, "N_raw": 25, "N_roi": 25, "N_inlier": 25, "refit": true}
{"timestamp": "15:32:26.312206", "frame": 112, "mu": [-0.8362373112813609, 0.49907406535234206, -0.6159820622144677], "Sigma": [[0.8662346243784455, -0.01329503069134866, -0.032853137005956344], [-0.013295030691348658, 0.0026605541974567895, 0.0022725584301211297], [-0.03285313700595634, 0.0022725584301211297, 0.009809575482895348]], "chi2_level": 0.99, "chi2_df": 3, "chi2_threshold": 11.344866730144373, "N_raw": 23, "N_roi": 23, "N_inlier": 23, "refit": true}
{"timestamp": "15:32:26.369883", "frame": 113, "mu": [-0.1823466613398905, 0.3069594851113312, 1.3120908194823286], "Sigma": [[1.4669359217906415, -0.0028221728243958896, -0.040293561392927904], [-0.002822172824395893, 0.005518473496770911, 0.002240656137914793], [-0.04029356139292791, 0.002240656137914792, 0.013441909671887721]], "chi2_level": 0.99, "chi2_df": 3, "chi2_threshold": 11.344866730144373, "N_raw": 49, "N_roi": 49, "N_inlier": 48, "refit": true}
{"timestamp": "15:32:26.425894", "frame": 114, "mu": [-0.3205623974506901, 0.31114551290952003, 1.3119836650600096], "Sigma": [[1.4318591293323937, -0.0112889955475091, -0.04539392366691443], [-0.011288995547509102, 0.004275717023300966, 0.003280197371438699], [-0.04539392366691443, 0.003280197371438699, 0.017756368749174797]], "chi2_level": 0.99, "chi2_df": 3, "chi2_threshold": 11.344866730144373, "N_raw": 57, "N_roi": 57, "N_inlier": 56, "refit": true}
{"timestamp": "15:32:26.475392", "frame": 115, "mu": [-0.11605799083028036, 0.25912903025276035, 1.3217334043229443], "Sigma": [[1.4688398630109167, 0.009839759845225903, 0.028619793173537748], [0.009839759845225901, 0.0013752268004264946, 0.0009865159090618686], [0.02861979317353775, 0.0009865159090618686, 0.004938823590391613]], "chi2_level": 0.99, "chi2_df": 3, "chi2_threshold": 11.344866730144373, "N_raw": 20, "N_roi": 20, "N_inlier": 20, "refit": true}
{"timestamp": "15:32:26.534068", "frame": 116, "mu": [-0.8285948702492488, 0.33160127108179843, 1.3863649277598837], "Sigma": [[0.7673445785910702, -0.007709994898796537, 0.02018427286404514], [-0.007709994898796536, 0.0033139372359428424, -0.0005752078269885141], [0.020184272864045137, -0.0005752078269885142, 0.006308560359404952]], "chi2_level": 0.99, "chi2_df": 3, "chi2_threshold": 11.344866730144373, "N_raw": 43, "N_roi": 43, "N_inlier": 43, "refit": true}
{"timestamp": "15:32:26.586887", "frame": 117, "mu": [-0.3266146292778587, 0.2946823922818878, 1.3560615607325077], "Sigma": [[1.2573981303511592, 0.009131684885470743, 0.032544542341844354], [0.009131684885470743, 0.002244644616065006, -0.0006429554434834591], [0.032544542341844354, -0.0006429554434834591, 0.002347721158424682]], "chi2_level": 0.99, "chi2_df": 3, "chi2_threshold": 11.344866730144373, "N_raw": 30, "N_roi": 30, "N_inlier": 30, "refit": true}
{"timestamp": "15:32:26.645688", "frame": 118, "mu": [-1.0538515866760978, 0.35407971750754286, 1.3825390845311611], "Sigma": [[0.3133385650989434, -0.009133364595858008, 0.023685496853672827], [-0.009133364595858008, 0.006213382635027118, 0.0033962371216296576], [0.023685496853672827, 0.0033962371216296576, 0.018331957862332583]], "chi2_level": 0.99, "chi2_df": 3, "chi2_threshold": 11.344866730144373, "N_raw": 59, "N_roi": 59, "N_inlier": 56, "refit": true}
{"timestamp": "15:32:26.699370", "frame": 119, "mu": [-1.1534987845314826, 0.4923254813906, -0.49415066827572357], "Sigma": [[0.004229327245935609, 0.0017658544770214964, 0.0012712375615644188], [0.0017658544770214964, 0.00455848324377591, -0.002204730772043858], [0.0012712375615644188, -0.002204730772043858, 0.00363331250086665]], "chi2_level": 0.99, "chi2_df": 3, "chi2_threshold": 11.344866730144373, "N_raw": 42, "N_roi": 42, "N_inlier": 39, "refit": true}
{"timestamp": "15:32:26.753280", "frame": 120, "mu": [-0.5724018766446832, 0.5416686184882651, -0.5984849392969704], "Sigma": [[1.0744670419838493, -0.021957022315893547, -0.15105285165461602], [-0.021957022315893547, 0.0059033401966053604, 0.00720803147651549], [-0.15105285165461602, 0.00720803147651549, 0.03226186474670701]], "chi2_level": 0.99, "chi2_df": 3, "chi2_threshold": 11.344866730144373, "N_raw": 34, "N_roi": 34, "N_inlier": 34, "refit": true}
{"timestamp": "15:32:26.809077", "frame": 121, "mu": [-0.7932661854012477, 0.340753475678916, 1.3074536473839145], "Sigma": [[0.741110403998296, -0.02192729695074189, -0.05555305402599278], [-0.02192729695074189, 0.01014185984143756, 0.012683858752538222], [-0.05555305402599278, 0.012683858752538222, 0.02761121406790644]], "chi2_level": 0.99, "chi2_df": 3, "chi2_threshold": 11.344866730144373, "N_raw": 44, "N_roi": 44, "N_inlier": 44, "refit": true}
{"timestamp": "15:32:26.863799", "frame": 122, "mu": [-1.1412594229906272, 0.3846963469228368, 1.423530174472219], "Sigma": [[0.0051760989050336345, 0.002318144570464015, 0.0015801752197085442], [0.0023181445704640144, 0.0037967799327135636, -0.002011778072311604], [0.0015801752197085442, -0.002011778072311604, 0.005062806595526087]], "chi2_level": 0.99, "chi2_df": 3, "chi2_threshold": 11.344866730144373, "N_raw": 46, "N_roi": 46, "N_inlier": 44, "refit": true}
{"timestamp": "15:32:26.921233", "frame": 123, "mu": [-1.1041895676578675, 0.4425582606459454, -0.5709337892413633], "Sigma": [[0.008213213235405263, 0.005613363197563976, 0.0025210256694183164], [0.005613363197563977, 0.02187219303590296, 0.003073565729174364], [0.0025210256694183164, 0.0030735657291743644, 0.001829360374613564]], "chi2_level": 0.99, "chi2_df": 3, "chi2_threshold": 11.344866730144373, "N_raw": 58, "N_roi": 58, "N_inlier": 56, "refit": true}
{"timestamp": "15:32:26.975236", "frame": 124, "mu": [-1.1403469904396297, 0.34277786397176224, -0.705873813034881], "Sigma": [[0.005476827433831538, 0.0007131986968686748, 0.0006194438734314387], [0.000713198696868675, 0.010770814009161305, -0.0014232552096555724], [0.0006194438734314388, -0.001423255209655572, 0.0038877954112888796]], "chi2_level": 0.99, "chi2_df": 3, "chi2_threshold": 11.344866730144373, "N_raw": 50, "N_roi": 50, "N_inlier": 45, "refit": true}
{"timestamp": "15:32:27.030078", "frame": 125, "mu": [-1.1390232678433543, 0.4192734581822557, 1.3709035757902135], "Sigma": [[0.005692173085644204, 0.003150368231119848, 0.0036646852193519507], [0.003150368231119848, 0.008052416158884981, 0.0072279034750929], [0.0036646852193519507, 0.0072279034750929, 0.01662182354255191]], "chi2_level": 0.99, "chi2_df": 3, "chi2_threshold": 11.344866730144373, "N_raw": 48, "N_roi": 48, "N_inlier": 45, "refit": true}
