{"timestamp": "15:23:56.823584", "frame": 44, "mu": [1.4662211216575152, 0.9683285562752977, 1.5236035952832863], "Sigma": [[0.0028777104277611294, -0.00029809699184269497, -9.01552402053662e-05], [-0.00029809699184269497, 0.005457551235862493, 0.0001901598909676447], [-9.01552402053662e-05, 0.00019015989096764473, 0.00015117430110422395]], "chi2_level": 0.99, "chi2_df": 3, "chi2_threshold": 11.344866730144373, "N_raw": 19, "N_roi": 19, "N_inlier": 19, "refit": true}
{"timestamp": "15:23:57.264212", "frame": 52, "mu": [1.0384357290771986, 1.3750519623518074, 1.3790015300645861], "Sigma": [[0.002635555916883512, -0.0015301349773843734, -0.001502725705036033], [-0.0015301349773843734, 0.0027560641160930682, -0.0014319503695183963], [-0.0015027257050360327, -0.0014319503695183963, 0.0064501887025995314]], "chi2_level": 0.99, "chi2_df": 3, "chi2_threshold": 11.344866730144373, "N_raw": 31, "N_roi": 31, "N_inlier": 29, "refit": true}
{"timestamp": "15:23:57.318184", "frame": 53, "mu": [0.9819996452686388, 1.4398367341458793, -0.43322269724325246], "Sigma": [[0.002464689913245156, 0.00026960199493071833, 0.004255299995905312], [0.0002696019949307183, 0.0016661455980984785, 0.0027382403328433252], [0.004255299995905312, 0.0027382403328433252, 0.04103110168927457]], "chi2_level": 0.99, "chi2_df": 3, "chi2_threshold": 11.344866730144373, "N_raw": 24, "N_roi": 24, "N_inlier": 22, "refit": true}
{"timestamp": "15:23:57.375273", "frame": 54, "mu": [0.9164805715859223, 1.4544692882700574, 1.559035156413095], "Sigma": [[0.003670118752176814, -0.0008351474376055324, -0.0015628438277465791], [-0.0008351474376055324, 0.003375226521669806, 0.0001097992867879585], [-0.0015628438277465791, 0.00010979928678795848, 0.001263867368170154]], "chi2_level": 0.99, "chi2_df": 3, "chi2_threshold": 11.344866730144373, "N_raw": 33, "N_roi": 33, "N_inlier": 32, "refit": true}
{"timestamp": "15:23:57.542018", "frame": 57, "mu": [0.8293436765542436, 1.5311768838974773, 1.4060395196359805], "Sigma": [[0.005982558792445335, -0.0019467683680753382, -0.0019815385862261507], [-0.001946768368075338, 0.0047885208842454565, 0.0011111672434841431], [-0.0019815385862261507, 0.0011111672434841431, 0.007347993928977072]], "chi2_level": 0.99, "chi2_df": 3, "chi2_threshold": 11.344866730144373, "N_raw": 50, "N_roi": 50, "N_inlier": 47, "refit": true}
{"timestamp": "15:23:57.595219", "frame": 58, "mu": [0.7727377390225894, 1.5327001252432604, 1.0995845893022205], "Sigma": [[0.004343239351689691, -0.000706847624854268, 0.01830794885970769], [-0.000706847624854268, 0.004214858225723423, -0.02143690796410938], [0.01830794885970769, -0.02143690796410938, 0.20717687523471318]], "chi2_level": 0.99, "chi2_df": 3, "chi2_threshold": 11.344866730144373, "N_raw": 17, "N_roi": 17, "N_inlier": 16, "refit": true}
{"timestamp": "15:23:57.764972", "frame": 61, "mu": [0.7308912941821527, 1.662235032428319, 1.2940228685180624], "Sigma": [[0.0037036414235898786, -0.0005034998274264794, 0.0022463560408115856], [-0.0005034998274264794, 0.0008474282370446743, 0.0004643515835024729], [0.0022463560408115856, 0.00046435158350247306, 0.048302166306651205]], "chi2_level": 0.99, "chi2_df": 3, "chi2_threshold": 11.344866730144373, "N_raw": 55, "N_roi": 55, "N_inlier": 50, "refit": true}
{"timestamp": "15:23:57.817378", "frame": 62, "mu": [0.6425022559486888, 1.6822031622731917, 1.3923261869884427], "Sigma": [[0.002787712593960027, -0.00020215971368483124, -0.0004011721830363377], [-0.0002021597136848313, 0.00350455277681265, 0.00564815930039798], [-0.0004011721830363379, 0.00564815930039798, 0.03354312550397445]], "chi2_level": 0.99, "chi2_df": 3, "chi2_threshold": 11.344866730144373, "N_raw": 33, "N_roi": 33, "N_inlier": 29, "refit": true}
{"timestamp": "15:23:57.871318", "frame": 63, "mu": [0.5478213724923706, 1.6942061725318283, 0.8442939313929201], "Sigma": [[0.0047901880136311204, -0.0011787589990061701, -0.009068309213961866], [-0.0011787589990061701, 0.00041779877716430685, 0.0024126632864844596], [-0.009068309213961866, 0.0024126632864844596, 0.06670178718252186]], "chi2_level": 0.99, "chi2_df": 3, "chi2_threshold": 11.344866730144373, "N_raw": 28, "N_roi": 28, "N_inlier": 25, "refit": true}
{"timestamp": "15:23:57.924030", "frame": 64, "mu": [0.5875160051479129, 1.7083960596878978, 0.8733921183060491], "Sigma": [[0.005752510620926317, -0.000627930689889399, -0.007160064980267489], [-0.000627930689889399, 0.008622166556607596, 0.030845741931511503], [-0.007160064980267489, 0.030845741931511503, 0.2292420781046997]], "chi2_level": 0.99, "chi2_df": 3, "chi2_threshold": 11.344866730144373, "N_raw": 16, "N_roi": 16, "N_inlier": 16, "refit": true}
{"timestamp": "15:23:58.035770", "frame": 66, "mu": [0.45523187992476033, 1.9049215877268544, 1.1998903029295238], "Sigma": [[0.004085881698128249, 7.240395003560134e-05, 0.017918786103363157], [7.240395003560123e-05, 0.004215361861510431, 0.012234240846167916], [0.017918786103363157, 0.012234240846167916, 0.3122110858486308]], "chi2_level": 0.99, "chi2_df": 3, "chi2_threshold": 11.344866730144373, "N_raw": 28, "N_roi": 28, "N_inlier": 27, "refit": true}
{"timestamp": "15:23:58.092125", "frame": 67, "mu": [0.41891026353890587, 1.8224176973542425, 0.8595603242403669], "Sigma": [[0.005285134711492017, -0.001813180731745763, -0.00787655467140281], [-0.001813180731745763, 0.002170730770848882, 0.009761255791056746], [-0.00787655467140281, 0.009761255791056746, 0.08057879581909594]], "chi2_level": 0.99, "chi2_df": 3, "chi2_threshold": 11.344866730144373, "N_raw": 33, "N_roi": 33, "N_inlier": 29, "refit": true}
{"timestamp": "15:23:58.145162", "frame": 68, "mu": [0.393270868055757, 1.844898098289981, 0.5159200683814003], "Sigma": [[0.011987007071899309, -0.013070651980067504, -0.02552837844423326], [-0.013070651980067504, 0.015971994330243277, 0.038457844709543436], [-0.02552837844423326, 0.03845784470954344, 0.35728640748127666]], "chi2_level": 0.99, "chi2_df": 3, "chi2_threshold": 11.344866730144373, "N_raw": 16, "N_roi": 14, "N_inlier": 13, "refit": true}
{"timestamp": "15:23:58.199752", "frame": 69, "mu": [0.3100722840027706, 1.9530823040034337, 0.7120773452509035], "Sigma": [[0.0030578194190470902, -0.0006617145638070594, -0.006287138695593539], [-0.0006617145638070594, 0.0020654539961413366, 0.001103661839796689], [-0.006287138695593539, 0.0011036618397966887, 0.2531309689534191]], "chi2_level": 0.99, "chi2_df": 3, "chi2_threshold": 11.344866730144373, "N_raw": 17, "N_roi": 17, "N_inlier": 16, "refit": true}
{"timestamp": "15:23:58.256028", "frame": 70, "mu": [0.2557461385972947, 2.038723159682907, 1.3511316689174249], "Sigma": [[0.004377506260032918, 0.00021018396967662937, 0.01168885785267472], [0.00021018396967662943, 0.0016567624676045393, 0.004488651145940959], [0.01168885785267472, 0.004488651145940959, 0.21375149872019272]], "chi2_level": 0.99, "chi2_df": 3, "chi2_threshold": 11.344866730144373, "N_raw": 30, "N_roi": 29, "N_inlier": 28, "refit": true}
{"timestamp": "15:23:58.314087", "frame": 71, "mu": [0.18440621798391707, 2.073789405770836, 1.4048834753367578], "Sigma": [[0.005341996733127822, 0.0005542502231996812, 0.00395794144082761], [0.0005542502231996812, 0.004344960545965949, 0.004109400248935939], [0.00395794144082761, 0.004109400248935939, 0.09261697305439792]], "chi2_level": 0.99, "chi2_df": 3, "chi2_threshold": 11.344866730144373, "N_raw": 46, "N_roi": 46, "N_inlier": 43, "refit": true}
{"timestamp": "15:23:58.369287", "frame": 72, "mu": [0.17937971568852695, 2.1013777029071594, 0.9700167456795283], "Sigma": [[0.00589356143410935, -0.0016414465554515272, -0.010163784243269676], [-0.0016414465554515272, 0.0017322750564148473, 0.003051710944361532], [-0.010163784243269676, 0.003051710944361532, 0.0719361664820086]], "chi2_level": 0.99, "chi2_df": 3, "chi2_threshold": 11.344866730144373, "N_raw": 48, "N_roi": 47, "N_inlier": 45, "refit": true}
{"timestamp": "15:23:58.427243", "frame": 73, "mu": [0.16639746318794374, 2.185728046762274, 0.8679900807673069], "Sigma": [[0.006032818834905868, -0.0011808903724316103, -0.0025520328341121106], [-0.0011808903724316103, 0.002879524514009242, 0.014091015192072212], [-0.00255203283411211, 0.014091015192072214, 0.24956958920502587]], "chi2_level": 0.99, "chi2_df": 3, "chi2_threshold": 11.344866730144373, "N_raw": 71, "N_roi": 69, "N_inlier": 68, "refit": true}
{"timestamp": "15:23:58.482080", "frame": 74, "mu": [0.046648996857593904, 2.201455452657411, 1.2524330420678493], "Sigma": [[0.007098841438294443, -0.001228290743621142, 0.00656938715591098], [-0.0012282907436211416, 0.005388859655072557, -0.013193969557787032], [0.006569387155910979, -0.013193969557787032, 0.19714085763983888]], "chi2_level": 0.99, "chi2_df": 3, "chi2_threshold": 11.344866730144373, "N_raw": 72, "N_roi": 71, "N_inlier": 71, "refit": true}
{"timestamp": "15:23:58.535507", "frame": 75, "mu": [-0.07134899680885942, 2.2331325429526934, -0.35809514949085175], "Sigma": [[0.007503969865168421, 0.004456519337040858, 0.02062750986552825], [0.004456519337040858, 0.009705977224088795, 0.005386512952096112], [0.020627509865528252, 0.0053865129520961124, 0.11409230168355262]], "chi2_level": 0.99, "chi2_df": 3, "chi2_threshold": 11.344866730144373, "N_raw": 52, "N_roi": 46, "N_inlier": 43, "refit": true}
{"timestamp": "15:23:58.592239", "frame": 76, "mu": [-0.020141087395749303, 2.2956567015871086, 1.3907349294516662], "Sigma": [[0.007186763651455771, -5.978777284585868e-05, -0.0025832346182735927], [-5.9787772845858736e-05, 0.0024910729963309717, -0.004402306209498222], [-0.002583234618273593, -0.004402306209498222, 0.028855487124742667]], "chi2_level": 0.99, "chi2_df": 3, "chi2_threshold": 11.344866730144373, "N_raw": 66, "N_roi": 55, "N_inlier": 52, "refit": true}
{"timestamp": "15:23:58.648827", "frame": 77, "mu": [-0.060807737957271055, 2.3284390759806186, 1.355110662666724], "Sigma": [[0.008077689182565287, 0.0009239490389261389, -0.004210126765904964], [0.0009239490389261388, 0.001997019441424832, -0.0038075837162872277], [-0.004210126765904964, -0.003807583716287228, 0.019378542938753192]], "chi2_level": 0.99, "chi2_df": 3, "chi2_threshold": 11.344866730144373, "N_raw": 78, "N_roi": 54, "N_inlier": 52, "refit": true}
{"timestamp": "15:23:58.700182", "frame": 78, "mu": [-0.14842566046860295, 2.3191401707411496, 1.247666270810732], "Sigma": [[0.009418419473561515, 0.001264256093931367, -0.002392555178520917], [0.0012642560939313664, 0.0033779401718762184, -0.004584659114347725], [-0.0023925551785209166, -0.004584659114347725, 0.060748651791815204]], "chi2_level": 0.99, "chi2_df": 3, "chi2_threshold": 11.344866730144373, "N_raw": 56, "N_roi": 55, "N_inlier": 54, "refit": true}
{"timestamp": "15:23:58.753701", "frame": 79, "mu": [-0.19808301564968173, 2.373518685182892, 1.2683547513622646], "Sigma": [[0.009436280063558695, 0.001635620349016105, -0.008875609672839069], [0.001635620349016105, 0.004002720170751274, -0.0036165220902966482], [-0.008875609672839069, -0.0036165220902966482, 0.015188421057790356]], "chi2_level": 0.99, "chi2_df": 3, "chi2_threshold": 11.344866730144373, "N_raw": 52, "N_roi": 52, "N_inlier": 49, "refit": true}
{"timestamp": "15:23:58.815035", "frame": 80, "mu": [-0.17081103685809332, 2.4937741087945993, -0.028257244885974114], "Sigma": [[0.02247463237360331, 0.0007213214288278418, 0.008158379753506216], [0.0007213214288278418, 0.012528731693365429, -0.029856304536256647], [0.008158379753506216, -0.029856304536256647, 0.10027691034138786]], "chi2_level": 0.99, "chi2_df": 3, "chi2_threshold": 11.344866730144373, "N_raw": 92, "N_roi": 92, "N_inlier": 87, "refit": true}
{"timestamp": "15:23:58.867975", "frame": 81, "mu": [-0.2519059770913891, 2.5897563115028324, -0.16971115015913193], "Sigma": [[0.020609592073017532, 0.012762922979471583, -0.057798427626322535], [0.012762922979471583, 0.01526018572720767, -0.05443789580593921], [-0.057798427626322535, -0.05443789580593921, 0.24685705766045585]], "chi2_level": 0.99, "chi2_df": 3, "chi2_threshold": 11.344866730144373, "N_raw": 71, "N_roi": 71, "N_inlier": 68, "refit": true}
{"timestamp": "15:23:58.928756", "frame": 82, "mu": [-0.3122978369350896, 2.507649278185449, -0.2491044642171683], "Sigma": [[0.018891710909715954, 0.005194541429642102, 0.05829579808739088], [0.005194541429642102, 0.016019821878737128, -0.004033066246159168], [0.058295798087390896, -0.004033066246159169, 0.43461530408082644]], "chi2_level": 0.99, "chi2_df": 3, "chi2_threshold": 11.344866730144373, "N_raw": 107, "N_roi": 107, "N_inlier": 106, "refit": true}
{"timestamp": "15:23:58.985938", "frame": 83, "mu": [-0.3610837328786424, 2.47385459291636, 0.7692566549028526], "Sigma": [[0.014621212786900487, 0.0027552133400695817, -0.02349257165467186], [0.0027552133400695817, 0.009805565734031003, 0.01103555849004471], [-0.02349257165467186, 0.01103555849004471, 0.4835352782814663]], "chi2_level": 0.99, "chi2_df": 3, "chi2_threshold": 11.344866730144373, "N_raw": 123, "N_roi": 123, "N_inlier": 123, "refit": true}
{"timestamp": "15:23:59.035709", "frame": 84, "mu": [-0.4476490017242297, 2.4755059077154082, 0.6649289515983176], "Sigma": [[0.010977536814578344, 0.0028957302679699765, -0.009863466180614587], [0.002895730267969977, 0.04220388258920903, 0.07465883557988592], [-0.009863466180614589, 0.07465883557988592, 0.6115532678460598]], "chi2_level": 0.99, "chi2_df": 3, "chi2_threshold": 11.344866730144373, "N_raw": 80, "N_roi": 79, "N_inlier": 74, "refit": true}
{"timestamp": "15:23:59.088994", "frame": 85, "mu": [-0.48503160251207206, 2.5842564853772814, 1.333173885455797], "Sigma": [[0.013931370106836326, 0.002687982535983898, -0.005188998357284321], [0.002687982535983898, 0.0046738935575198785, 0.00041428565937225484], [-0.005188998357284321, 0.0004142856593722546, 0.13810870891481378]], "chi2_level": 0.99, "chi2_df": 3, "chi2_threshold": 11.344866730144373, "N_raw": 75, "N_roi": 75, "N_inlier": 71, "refit": true}
{"timestamp": "15:23:59.143801", "frame": 86, "mu": [-0.5330156799567367, 2.6147156804085365, 1.3776067795875537], "Sigma": [[0.011661745480794352, 0.0015087482518706345, -0.012963301886114028], [0.0015087482518706342, 0.005177180843657261, -0.005693518946399162], [-0.012963301886114026, -0.005693518946399162, 0.03729598804611009]], "chi2_level": 0.99, "chi2_df": 3, "chi2_threshold": 11.344866730144373, "N_raw": 75, "N_roi": 75, "N_inlier": 70, "refit": true}
{"timestamp": "15:23:59.200505", "frame": 87, "mu": [-0.5975643670429491, 2.608424763209713, 0.9344990596744979], "Sigma": [[0.012689342780901398, 0.0010500572611191624, 0.004500062180944538], [0.0010500572611191622, 0.0061946564939730385, 0.023100470463615234], [0.00450006218094454, 0.023100470463615234, 0.5999893088562175]], "chi2_level": 0.99, "chi2_df": 3, "chi2_threshold": 11.344866730144373, "N_raw": 88, "N_roi": 86, "N_inlier": 85, "refit": true}
{"timestamp": "15:23:59.251491", "frame": 88, "mu": [-0.6304972352453548, 2.669295452522792, 1.1696131948094701], "Sigma": [[0.01887892513048013, 0.0035633596296171773, 0.014169445012097851], [0.0035633596296171773, 0.005090565211612189, -0.007653655180415451], [0.014169445012097846, -0.007653655180415452, 0.3015879449779422]], "chi2_level": 0.99, "chi2_df": 3, "chi2_threshold": 11.344866730144373, "N_raw": 60, "N_roi": 60, "N_inlier": 59, "refit": true}
{"timestamp": "15:23:59.313173", "frame": 89, "mu": [-0.6859866492373107, 2.7178255009829164, 0.7938644915005886], "Sigma": [[0.021467092598241394, 0.005933988772394129, 0.0255124875159159], [0.005933988772394128, 0.059727465305949176, 0.03910398083683936], [0.025512487515915904, 0.03910398083683936, 0.4955159494643975]], "chi2_level": 0.99, "chi2_df": 3, "chi2_threshold": 11.344866730144373, "N_raw": 110, "N_roi": 109, "N_inlier": 102, "refit": true}
{"timestamp": "15:23:59.363014", "frame": 90, "mu": [-0.682975112491305, 2.7987676487893025, 1.3401719074206724], "Sigma": [[0.010677192818670933, 0.0007895770941420785, -0.004449797111194187], [0.0007895770941420783, 0.004159774833080405, -0.007403724676048482], [-0.004449797111194187, -0.007403724676048483, 0.021145317359734708]], "chi2_level": 0.99, "chi2_df": 3, "chi2_threshold": 11.344866730144373, "N_raw": 67, "N_roi": 67, "N_inlier": 63, "refit": true}
{"timestamp": "15:23:59.419057", "frame": 91, "mu": [-0.739501088744327, 2.803709610526888, 1.079893332159533], "Sigma": [[0.01330918426203335, 0.0011037501528603304, -0.019172241716782095], [0.0011037501528603306, 0.003188210058286887, -0.0050696185005032], [-0.019172241716782095, -0.0050696185005032, 0.0844996586041076]], "chi2_level": 0.99, "chi2_df": 3, "chi2_threshold": 11.344866730144373, "N_raw": 77, "N_roi": 77, "N_inlier": 74, "refit": true}
{"timestamp": "15:23:59.468284", "frame": 92, "mu": [-0.7848012131862205, 2.833006575413449, 1.309475454767703], "Sigma": [[0.009224718212572565, 0.0016993426270782187, -0.008751886663600186], [0.0016993426270782187, 0.0028634514821094578, -0.003856083937395071], [-0.008751886663600186, -0.003856083937395071, 0.012088847650487889]], "chi2_level": 0.99, "chi2_df": 3, "chi2_threshold": 11.344866730144373, "N_raw": 34, "N_roi": 34, "N_inlier": 32, "refit": true}
{"timestamp": "15:23:59.520485", "frame": 93, "mu": [-0.8343255602197265, 2.822556712625592, 1.2548265546299862], "Sigma": [[0.008050689983018774, 0.001976849709172081, -0.004788906792097723], [0.0019768497091720814, 0.0041667188523430475, -0.011311486713001124], [-0.004788906792097724, -0.011311486713001124, 0.07831934459150584]], "chi2_level": 0.99, "chi2_df": 3, "chi2_threshold": 11.344866730144373, "N_raw": 30, "N_roi": 30, "N_inlier": 27, "refit": true}
{"timestamp": "15:23:59.574081", "frame": 94, "mu": [-0.9076500668614176, 2.9359872460788785, 0.7456773070002458], "Sigma": [[0.011287342762481513, 0.001957469577358523, 0.05841672127091208], [0.0019574695773585233, 0.008146586661176528, -0.01563483354206351], [0.05841672127091208, -0.01563483354206351, 0.4387140144965981]], "chi2_level": 0.99, "chi2_df": 3, "chi2_threshold": 11.344866730144373, "N_raw": 10, "N_roi": 10, "N_inlier": 10, "refit": true}
{"timestamp": "15:23:59.639403", "frame": 95, "mu": [-0.9036982662808775, 3.082074759306849, 0.0021791547690612487], "Sigma": [[0.013366384671484535, -0.0037699192223844646, 0.03103962249126896], [-0.003769919222384464, 0.024489458046988575, -0.054519140073491235], [0.03103962249126896, -0.054519140073491235, 0.2550952797949397]], "chi2_level": 0.99, "chi2_df": 3, "chi2_threshold": 11.344866730144373, "N_raw": 81, "N_roi": 81, "N_inlier": 81, "refit": true}
{"timestamp": "15:23:59.693750", "frame": 96, "mu": [-0.9336509123181758, 2.9874376394090394, 0.9445053564057526], "Sigma": [[0.01244065680253372, 0.0011928195299991937, 0.005814835248427531], [0.0011928195299991937, 0.0046158626805860884, -0.02315068727010943], [0.005814835248427531, -0.02315068727010943, 0.20910206233377446]], "chi2_level": 0.99, "chi2_df": 3, "chi2_threshold": 11.344866730144373, "N_raw": 74, "N_roi": 74, "N_inlier": 74, "refit": true}
{"timestamp": "15:23:59.748225", "frame": 97, "mu": [-0.9638227755856595, 3.011214142448236, 1.0855699681095419], "Sigma": [[0.021440479514449932, 0.005627561446081501, -0.04382060975818114], [0.0056275614460815, 0.005315681063800674, -0.01799398433406877], [-0.04382060975818114, -0.01799398433406877, 0.15175804214227984]], "chi2_level": 0.99, "chi2_df": 3, "chi2_threshold": 11.344866730144373, "N_raw": 71, "N_roi": 69, "N_inlier": 66, "refit": true}
{"timestamp": "15:23:59.804985", "frame": 98, "mu": [-0.9295602807646985, 3.053851100537676, 0.8362027064732742], "Sigma": [[0.024775167780524566, 0.003609064523809267, -0.049071538207871405], [0.003609064523809267, 0.002977458071264579, -0.011589569777016372], [-0.0490715382078714, -0.011589569777016372, 0.13867400353575185]], "chi2_level": 0.99, "chi2_df": 3, "chi2_threshold": 11.344866730144373, "N_raw": 83, "N_roi": 83, "N_inlier": 82, "refit": true}
{"timestamp": "15:23:59.855132", "frame": 99, "mu": [-1.0744364343666093, 3.015619083283338, 0.9536432337329488], "Sigma": [[0.021576031237519243, 0.004527318511584293, -0.025656454159651766], [0.004527318511584293, 0.0023871328570269417, -0.01010039833952368], [-0.025656454159651766, -0.01010039833952368, 0.05271315996014998]], "chi2_level": 0.99, "chi2_df": 3, "chi2_threshold": 11.344866730144373, "N_raw": 46, "N_roi": 45, "N_inlier": 45, "refit": true}
{"timestamp": "15:23:59.975069", "frame": 100, "mu": [-1.0843356282120233, 3.26913526587568, -0.08547479620826043], "Sigma": [[0.02030664432217443, 0.012451226420350535, -0.01857563522135669], [0.012451226420350535, 0.01667864112795577, -0.01600990941506544], [-0.01857563522135669, -0.016009909415065443, 0.026176970037026258]], "chi2_level": 0.99, "chi2_df": 3, "chi2_threshold": 11.344866730144373, "N_raw": 77, "N_roi": 77, "N_inlier": 74, "refit": true}
{"timestamp": "15:23:59.979302", "frame": 101, "mu": [-1.2402486594006796, 3.1984639711534064, 0.15248291656304117], "Sigma": [[0.016729140712948135, 0.006513239812496338, -0.01249040251760402], [0.006513239812496338, 0.008629638353422982, -0.006651438506860154], [-0.01249040251760402, -0.006651438506860154, 0.011613732250553678]], "chi2_level": 0.99, "chi2_df": 3, "chi2_threshold": 11.344866730144373, "N_raw": 54, "N_roi": 54, "N_inlier": 51, "refit": true}
{"timestamp": "15:24:00.016996", "frame": 102, "mu": [-1.2787935098319574, 3.175081042769155, 1.281769887097446], "Sigma": [[0.010475755130844618, 0.004078728311582538, -0.005740354979603325], [0.004078728311582538, 0.0034913892912629783, -0.005095421209958711], [-0.005740354979603325, -0.005095421209958711, 0.009654200372123717]], "chi2_level": 0.99, "chi2_df": 3, "chi2_threshold": 11.344866730144373, "N_raw": 28, "N_roi": 28, "N_inlier": 26, "refit": true}
{"timestamp": "15:24:00.074698", "frame": 103, "mu": [-1.3098369989965999, 3.2351939872305735, 1.3113910136840585], "Sigma": [[0.01627031056743279, 0.004583589893044708, -0.01427809205288771], [0.004583589893044708, 0.004995080588758297, -0.008324669750298386], [-0.014278092052887709, -0.008324669750298386, 0.020889387721182533]], "chi2_level": 0.99, "chi2_df": 3, "chi2_threshold": 11.344866730144373, "N_raw": 53, "N_roi": 52, "N_inlier": 49, "refit": true}
{"timestamp": "15:24:00.126276", "frame": 104, "mu": [-1.3213356999430126, 3.264422882020694, 0.9993273000920949], "Sigma": [[0.009217084555074978, 0.0033210438912294705, 0.005510726029859395], [0.0033210438912294705, 0.00302484666092411, 0.011019710205677068], [0.005510726029859395, 0.011019710205677068, 0.17023342675757427]], "chi2_level": 0.99, "chi2_df": 3, "chi2_threshold": 11.344866730144373, "N_raw": 23, "N_roi": 23, "N_inlier": 23, "refit": true}
{"timestamp": "15:24:00.181988", "frame": 105, "mu": [-1.4049696012094373, 3.2709602223569414, 1.320387223793675], "Sigma": [[0.0071948065379867825, 0.0019063210900589526, -0.004936327929127421], [0.0019063210900589526, 0.004673982063180482, -0.014507600282255388], [-0.00493632792912742, -0.014507600282255388, 0.09560872869182309]], "chi2_level": 0.99, "chi2_df": 3, "chi2_threshold": 11.344866730144373, "N_raw": 31, "N_roi": 30, "N_inlier": 29, "refit": true}
{"timestamp": "15:24:00.240021", "frame": 106, "mu": [-1.4017771596133901, 3.370375227525238, 0.8388876005738843], "Sigma": [[0.01753953057351982, 0.0022890662375751915, -0.00453362506903235], [0.0022890662375751915, 0.008644852938958744, -0.03550993032001375], [-0.004533625069032352, -0.03550993032001375, 0.15951050417209736]], "chi2_level": 0.99, "chi2_df": 3, "chi2_threshold": 11.344866730144373, "N_raw": 59, "N_roi": 59, "N_inlier": 59, "refit": true}
{"timestamp": "15:24:00.291968", "frame": 107, "mu": [-1.432986459094043, 3.3371306516123362, 0.8418390788721397], "Sigma": [[0.009374183124043573, 0.0008415498886690457, -0.017488011045678313], [0.0008415498886690457, 0.0030915690925088567, -0.005820176779660698], [-0.017488011045678313, -0.005820176779660697, 0.22297647919333988]], "chi2_level": 0.99, "chi2_df": 3, "chi2_threshold": 11.344866730144373, "N_raw": 32, "N_roi": 29, "N_inlier": 28, "refit": true}
{"timestamp": "15:24:00.345913", "frame": 108, "mu": [-1.3749863372000042, 3.3928026310690753, 0.6388692058517974], "Sigma": [[0.010392314537575961, -2.8492434114000333e-05, -0.022030646960410773], [-2.8492434114000414e-05, 0.001345841286955976, -0.0002390649438539687], [-0.022030646960410773, -0.00023906494385396893, 0.11441155182039055]], "chi2_level": 0.99, "chi2_df": 3, "chi2_threshold": 11.344866730144373, "N_raw": 26, "N_roi": 24, "N_inlier": 23, "refit": true}
{"timestamp": "15:24:00.514425", "frame": 111, "mu": [-1.582918427643722, 3.519938404711383, 1.1287227119874688], "Sigma": [[0.019501218210261066, 0.004656295350588755, -0.04268148570391174], [0.004656295350588755, 0.004589231619176451, -0.012331539234092321], [-0.04268148570391173, -0.012331539234092321, 0.14224680249159757]], "chi2_level": 0.99, "chi2_df": 3, "chi2_threshold": 11.344866730144373, "N_raw": 53, "N_roi": 52, "N_inlier": 51, "refit": true}
{"timestamp": "15:24:00.565117", "frame": 112, "mu": [-1.7237189769283225, 3.531482126601486, 1.3981578920031295], "Sigma": [[0.008231177225284554, 0.003898393537793683, -0.0073940943588660275], [0.003898393537793683, 0.00477651826558374, -0.006702872454086607], [-0.0073940943588660275, -0.006702872454086607, 0.012158937463313042]], "chi2_level": 0.99, "chi2_df": 3, "chi2_threshold": 11.344866730144373, "N_raw": 26, "N_roi": 26, "N_inlier": 25, "refit": true}
{"timestamp": "15:24:00.673929", "frame": 114, "mu": [-1.8047409450854173, 3.667891957844996, 1.1655856990920452], "Sigma": [[0.0026636087710297765, 0.005138720798033798, -0.016394909654915267], [0.005138720798033798, 0.013042565433438758, -0.035648510081044985], [-0.01639490965491527, -0.035648510081044985, 0.14327732339289123]], "chi2_level": 0.99, "chi2_df": 3, "chi2_threshold": 11.344866730144373, "N_raw": 11, "N_roi": 10, "N_inlier": 10, "refit": true}
{"timestamp": "15:24:00.730163", "frame": 115, "mu": [-1.8937166231412175, 3.6437369197213423, 1.2900652980454648], "Sigma": [[0.011675460657777024, 0.005961579128611744, -0.011628972689222807], [0.005961579128611745, 0.010652842211984126, -0.0322263277798097], [-0.011628972689222809, -0.032226327779809695, 0.17460826742830804]], "chi2_level": 0.99, "chi2_df": 3, "chi2_threshold": 11.344866730144373, "N_raw": 20, "N_roi": 17, "N_inlier": 17, "refit": true}
{"timestamp": "15:24:00.787320", "frame": 116, "mu": [-1.8678735772443367, 3.6738390444231275, 1.3620239061119077], "Sigma": [[0.011015930297773485, 0.005330113572885634, -0.010536203362762262], [0.005330113572885633, 0.005865672629006697, -0.008840272150827232], [-0.010536203362762262, -0.008840272150827232, 0.029249012533641768]], "chi2_level": 0.99, "chi2_df": 3, "chi2_threshold": 11.344866730144373, "N_raw": 33, "N_roi": 31, "N_inlier": 29, "refit": true}
{"timestamp": "15:24:00.839892", "frame": 117, "mu": [-2.055845601720142, 3.793881369556973, 0.7686693365439301], "Sigma": [[0.018070860174058487, -0.0022391457605321907, 0.012495484959438594], [-0.0022391457605321907, 0.006359191540143953, -0.02410220894970138], [0.012495484959438592, -0.02410220894970138, 0.13069528459688023]], "chi2_level": 0.99, "chi2_df": 3, "chi2_threshold": 11.344866730144373, "N_raw": 19, "N_roi": 19, "N_inlier": 19, "refit": true}
{"timestamp": "15:24:01.006292", "frame": 120, "mu": [-2.0967028733293156, 3.793414241996987, 1.2331105777768065], "Sigma": [[0.025935371912799703, 0.013103219300539232, -0.026144064184776612], [0.013103219300539232, 0.008536999419646715, -0.01453537416248901], [-0.026144064184776612, -0.01453537416248901, 0.03337093298717603]], "chi2_level": 0.99, "chi2_df": 3, "chi2_threshold": 11.344866730144373, "N_raw": 34, "N_roi": 32, "N_inlier": 30, "refit": true}
{"timestamp": "15:24:01.065556", "frame": 121, "mu": [-2.0757189563114324, 3.881290552342057, 1.2552982755338595], "Sigma": [[0.031031272585177502, 0.014622478450651562, -0.05462843916473285], [0.014622478450651562, 0.011633503074653868, -0.028765462904929782], [-0.05462843916473285, -0.028765462904929782, 0.12787000933362874]], "chi2_level": 0.99, "chi2_df": 3, "chi2_threshold": 11.344866730144373, "N_raw": 58, "N_roi": 58, "N_inlier": 58, "refit": true}
{"timestamp": "15:24:01.115737", "frame": 122, "mu": [-2.2640192585704653, 3.8261888194957434, 1.3850088470150557], "Sigma": [[0.014143907980609768, 0.006864974546712678, -0.012074609393373098], [0.006864974546712678, 0.006403858495898716, -0.009074013266616688], [-0.012074609393373098, -0.009074013266616688, 0.01684520122627605]], "chi2_level": 0.99, "chi2_df": 3, "chi2_threshold": 11.344866730144373, "N_raw": 32, "N_roi": 32, "N_inlier": 30, "refit": true}
{"timestamp": "15:24:01.172985", "frame": 123, "mu": [-2.228156741563385, 3.9140425364716775, 1.3565382777154549], "Sigma": [[0.022714628218540228, 0.010804175077855246, -0.013257299789531427], [0.010804175077855246, 0.008489932312007373, -0.009387363630307833], [-0.013257299789531427, -0.009387363630307835, 0.012241638297192632]], "chi2_level": 0.99, "chi2_df": 3, "chi2_threshold": 11.344866730144373, "N_raw": 40, "N_roi": 40, "N_inlier": 37, "refit": true}
{"timestamp": "15:24:01.392049", "frame": 127, "mu": [-2.2951756388974514, 4.080733451089669, 1.282584923517423], "Sigma": [[0.014877725204216723, 0.004774613549373559, -0.006042918609525855], [0.004774613549373559, 0.0050094233154603625, -0.00374258455392627], [-0.006042918609525855, -0.00374258455392627, 0.005303934326975268]], "chi2_level": 0.99, "chi2_df": 3, "chi2_threshold": 11.344866730144373, "N_raw": 36, "N_roi": 27, "N_inlier": 27, "refit": true}
{"timestamp": "15:24:01.446021", "frame": 128, "mu": [-2.3501075161623803, 4.107632797970904, 1.4410602764161449], "Sigma": [[0.006850512019115113, 0.003949232348539688, -0.001042819531877719], [0.003949232348539688, 0.004305958965004569, -0.0009425698876735503], [-0.001042819531877719, -0.0009425698876735504, 0.0002172196539059383]], "chi2_level": 0.99, "chi2_df": 3, "chi2_threshold": 11.344866730144373, "N_raw": 29, "N_roi": 14, "N_inlier": 13, "refit": true}
{"timestamp": "15:24:01.500457", "frame": 129, "mu": [-2.3807111989356704, 4.156603310388325, 1.3585786985403514], "Sigma": [[0.005798905332754927, 0.0024217547376335414, -0.003670386902381421], [0.0024217547376335414, 0.003241363572276314, -0.0036145677691113865], [-0.0036703869023814208, -0.0036145677691113874, 0.008464364219004825]], "chi2_level": 0.99, "chi2_df": 3, "chi2_threshold": 11.344866730144373, "N_raw": 25, "N_roi": 15, "N_inlier": 13, "refit": true}
