{"timestamp": "15:40:26.701307", "frame": 21, "mu": [-1.8833681752194782, 4.927150872930845, 0.609263885915823], "Sigma": [[0.02175883688237732, 0.0030961097599197574, -0.009350860157442506], [0.003096109759919758, 0.0017826753251458005, -0.0010528077842840552], [-0.009350860157442506, -0.0010528077842840552, 0.005831641899784999]], "chi2_level": 0.99, "chi2_df": 3, "chi2_threshold": 11.344866730144373, "N_raw": 23, "N_roi": 17, "N_inlier": 16, "refit": true}
{"timestamp": "15:40:27.031480", "frame": 27, "mu": [-1.9343160440684286, 4.911980206831514, 0.9005973725230423], "Sigma": [[0.02059216362510433, 0.006249428574268565, -0.009989580282753215], [0.006249428574268565, 0.0027264716369952394, -0.0043552450681110695], [-0.009989580282753215, -0.0043552450681110695, 0.00982818079012117]], "chi2_level": 0.99, "chi2_df": 3, "chi2_threshold": 11.344866730144373, "N_raw": 21, "N_roi": 19, "N_inlier": 18, "refit": true}
{"timestamp": "15:40:27.143038", "frame": 29, "mu": [-1.954469458009413, 4.908030905779879, 0.9332555960622749], "Sigma": [[0.028174598825446526, 0.007023925549340111, -0.015282162468038058], [0.00702392554934011, 0.003056413173016327, -0.004131480460217575], [-0.015282162468038056, -0.004131480460217575, 0.010228968507151163]], "chi2_level": 0.99, "chi2_df": 3, "chi2_threshold": 11.344866730144373, "N_raw": 24, "N_roi": 21, "N_inlier": 20, "refit": true}
{"timestamp": "15:40:27.199562", "frame": 30, "mu": [-1.8982459156597644, 4.890258819011981, 1.0548471159077228], "Sigma": [[0.022493624043510307, 0.006103345414954362, -0.01016797674267382], [0.006103345414954363, 0.0030906213806935357, -0.006226746845629631], [-0.01016797674267382, -0.006226746845629631, 0.017438797535559252]], "chi2_level": 0.99, "chi2_df": 3, "chi2_threshold": 11.344866730144373, "N_raw": 23, "N_roi": 22, "N_inlier": 22, "refit": true}
{"timestamp": "15:40:27.257221", "frame": 31, "mu": [-1.802374341258057, 4.890623471497639, 0.9720815720489068], "Sigma": [[0.038807602260429876, 0.009832680391866546, -0.03276720868939041], [0.009832680391866546, 0.0037965903490989788, -0.01243449681504236], [-0.03276720868939041, -0.01243449681504236, 0.067817779693887]], "chi2_level": 0.99, "chi2_df": 3, "chi2_threshold": 11.344866730144373, "N_raw": 47, "N_roi": 44, "N_inlier": 44, "refit": true}
{"timestamp": "15:40:27.474418", "frame": 35, "mu": [-1.7334369174055075, 4.829117199460099, 0.7819859001987283], "Sigma": [[0.01669355982720896, 0.003501963574878502, -0.009663875929281184], [0.003501963574878502, 0.0017479671676792357, -0.003451986099828292], [-0.009663875929281184, -0.003451986099828292, 0.013037894495181253]], "chi2_level": 0.99, "chi2_df": 3, "chi2_threshold": 11.344866730144373, "N_raw": 24, "N_roi": 22, "N_inlier": 20, "refit": true}
{"timestamp": "15:40:27.530214", "frame": 36, "mu": [-1.7631310674859437, 4.7701884395044445, 0.8148204171132655], "Sigma": [[0.018772999233669114, 0.004792949829264177, -0.007896444997859207], [0.004792949829264177, 0.002040597735204635, -0.004235627737922894], [-0.007896444997859207, -0.004235627737922894, 0.01646508889525692]], "chi2_level": 0.99, "chi2_df": 3, "chi2_threshold": 11.344866730144373, "N_raw": 25, "N_roi": 21, "N_inlier": 21, "refit": true}
{"timestamp": "15:40:27.584946", "frame": 37, "mu": [-1.6826236528196858, 4.782779087138259, 0.8081888577099321], "Sigma": [[0.018905703227744618, 0.003979364011826467, -0.01090073609831559], [0.003979364011826467, 0.0026813841967296744, -0.002524167227971848], [-0.01090073609831559, -0.002524167227971848, 0.008195330387788621]], "chi2_level": 0.99, "chi2_df": 3, "chi2_threshold": 11.344866730144373, "N_raw": 24, "N_roi": 21, "N_inlier": 21, "refit": true}
{"timestamp": "15:40:27.642815", "frame": 38, "mu": [-1.6996000847392165, 4.745354099654386, 0.8360408248290339], "Sigma": [[0.03562492500385503, 0.008024119958699227, -0.013981783359955495], [0.008024119958699227, 0.005198428785898028, -0.003445787001518305], [-0.013981783359955495, -0.003445787001518305, 0.007792115980904194]], "chi2_level": 0.99, "chi2_df": 3, "chi2_threshold": 11.344866730144373, "N_raw": 43, "N_roi": 39, "N_inlier": 38, "refit": true}
{"timestamp": "15:40:27.697077", "frame": 39, "mu": [-1.641104935265143, 4.747632054260504, 0.8413389728622418], "Sigma": [[0.01843292705290798, 0.004786473165486946, -0.0075048143279257806], [0.004786473165486946, 0.003134288379034624, -0.0033708182750098407], [-0.0075048143279257806, -0.003370818275009841, 0.005941424041758969]], "chi2_level": 0.99, "chi2_df": 3, "chi2_threshold": 11.344866730144373, "N_raw": 31, "N_roi": 23, "N_inlier": 23, "refit": true}
{"timestamp": "15:40:27.751399", "frame": 40, "mu": [-1.5409603100261933, 4.768692598537482, 0.860251354432806], "Sigma": [[0.022704170713319982, 0.004334138193962496, -0.008006612984272866], [0.004334138193962496, 0.002889697903846012, -0.004177857982999741], [-0.008006612984272866, -0.004177857982999741, 0.009337273083002341]], "chi2_level": 0.99, "chi2_df": 3, "chi2_threshold": 11.344866730144373, "N_raw": 34, "N_roi": 31, "N_inlier": 30, "refit": true}
{"timestamp": "15:40:27.916387", "frame": 43, "mu": [-1.5332447270559946, 4.740798242336538, 0.769244932240638], "Sigma": [[0.029722971913758396, 0.00878760253063339, -0.0181271522634226], [0.00878760253063339, 0.005016392215054621, -0.00701625497860627], [-0.0181271522634226, -0.007016254978606271, 0.014429884549870002]], "chi2_level": 0.99, "chi2_df": 3, "chi2_threshold": 11.344866730144373, "N_raw": 40, "N_roi": 40, "N_inlier": 37, "refit": true}
{"timestamp": "15:40:27.971747", "frame": 44, "mu": [-1.4615168607298796, 4.809503542780645, 0.8625629503324855], "Sigma": [[0.027302053858742542, 0.009284056747596709, -0.026119781966163345], [0.00928405674759671, 0.006180833259405149, -0.014891927060785631], [-0.02611978196616335, -0.014891927060785633, 0.042309819309014354]], "chi2_level": 0.99, "chi2_df": 3, "chi2_threshold": 11.344866730144373, "N_raw": 39, "N_roi": 39, "N_inlier": 39, "refit": true}
{"timestamp": "15:40:28.025747", "frame": 45, "mu": [-1.421988283371118, 4.809900041406502, 0.9052980688684331], "Sigma": [[0.02307059460212213, 0.011588174214320408, -0.022838290355657133], [0.011588174214320405, 0.013621224720919737, -0.020251369720449653], [-0.022838290355657133, -0.020251369720449653, 0.03589082476997342]], "chi2_level": 0.99, "chi2_df": 3, "chi2_threshold": 11.344866730144373, "N_raw": 31, "N_roi": 29, "N_inlier": 28, "refit": true}
{"timestamp": "15:40:28.079401", "frame": 46, "mu": [-1.4731269738362818, 4.667017942843725, 0.855193253793633], "Sigma": [[0.018616948333633906, 0.004649121485130847, -0.007005310304061883], [0.004649121485130847, 0.0028160237942650435, -0.0034319553047749323], [-0.007005310304061883, -0.0034319553047749327, 0.007050663474447493]], "chi2_level": 0.99, "chi2_df": 3, "chi2_threshold": 11.344866730144373, "N_raw": 23, "N_roi": 23, "N_inlier": 23, "refit": true}
{"timestamp": "15:40:28.135393", "frame": 47, "mu": [-1.3890252447533464, 4.673041976352148, 0.929857964970056], "Sigma": [[0.020526784615300026, 0.0026914592376260024, -0.010162834144883592], [0.002691459237626002, 0.002184911052595102, -0.006363464543469501], [-0.01016283414488359, -0.006363464543469501, 0.029054606588892497]], "chi2_level": 0.99, "chi2_df": 3, "chi2_threshold": 11.344866730144373, "N_raw": 35, "N_roi": 35, "N_inlier": 34, "refit": true}
{"timestamp": "15:40:28.189603", "frame": 48, "mu": [-1.3576001622633764, 4.647919813357537, 1.0499906998566813], "Sigma": [[0.014217825438662202, 0.0034118067401157836, -0.0040110433409477585], [0.0034118067401157845, 0.0026910543506830057, -0.002297383610514522], [-0.004011043340947759, -0.002297383610514522, 0.019204076770840517]], "chi2_level": 0.99, "chi2_df": 3, "chi2_threshold": 11.344866730144373, "N_raw": 28, "N_roi": 28, "N_inlier": 27, "refit": true}
{"timestamp": "15:40:28.246279", "frame": 49, "mu": [-1.3335554848002047, 4.540044147372346, 0.6452893594018948], "Sigma": [[0.019197771703390498, 0.0018333153238777934, -0.010603421370675672], [0.0018333153238777934, 0.0034827366074274106, -0.002408126622621264], [-0.010603421370675672, -0.0024081266226212645, 0.03293630168250382]], "chi2_level": 0.99, "chi2_df": 3, "chi2_threshold": 11.344866730144373, "N_raw": 34, "N_roi": 30, "N_inlier": 29, "refit": true}
{"timestamp": "15:40:28.298814", "frame": 50, "mu": [-1.3877258939756276, 4.566828783527553, 0.6899180144146153], "Sigma": [[0.008604920310155533, 0.0016420853530181158, -0.0038177244992934657], [0.001642085353018116, 0.0019066315117448119, -0.0029921049729638854], [-0.0038177244992934657, -0.0029921049729638854, 0.008119105594458088]], "chi2_level": 0.99, "chi2_df": 3, "chi2_threshold": 11.344866730144373, "N_raw": 18, "N_roi": 18, "N_inlier": 17, "refit": true}
{"timestamp": "15:40:28.356318", "frame": 51, "mu": [-1.2815790202000266, 4.536885243852289, 0.7726379579367099], "Sigma": [[0.02210955740556878, 0.004305555075926358, -0.005636986012817854], [0.004305555075926358, 0.0016796089279497337, -0.0034012809944421758], [-0.0056369860128178545, -0.003401280994442176, 0.016413982700239277]], "chi2_level": 0.99, "chi2_df": 3, "chi2_threshold": 11.344866730144373, "N_raw": 36, "N_roi": 34, "N_inlier": 32, "refit": true}
{"timestamp": "15:40:28.467421", "frame": 53, "mu": [-1.2474436310823986, 4.486098033680261, 0.8371340436461046], "Sigma": [[0.02959580468151727, 0.00389026575632516, -0.010886222418563577], [0.00389026575632516, 0.0020371346862987885, -0.0043472476583751845], [-0.010886222418563577, -0.0043472476583751845, 0.013745413207560316]], "chi2_level": 0.99, "chi2_df": 3, "chi2_threshold": 11.344866730144373, "N_raw": 45, "N_roi": 41, "N_inlier": 41, "refit": true}
{"timestamp": "15:40:28.522691", "frame": 54, "mu": [-1.2614392691041467, 4.515712550619584, -0.7188081779464643], "Sigma": [[0.02524208083474246, 0.011247082520402261, 0.0647054285601488], [0.011247082520402261, 0.010588401352814662, 0.038654583486319324], [0.0647054285601488, 0.038654583486319324, 0.3008405992246486]], "chi2_level": 0.99, "chi2_df": 3, "chi2_threshold": 11.344866730144373, "N_raw": 48, "N_roi": 48, "N_inlier": 48, "refit": true}
{"timestamp": "15:40:28.575843", "frame": 55, "mu": [-1.2191761472778877, 4.470553131300467, 0.975909593022955], "Sigma": [[0.01710274028882, 0.003457132962059269, -0.0012398372865864938], [0.003457132962059269, 0.0019928530821612354, -0.004971963435117691], [-0.0012398372865864932, -0.004971963435117691, 0.023551527191003462]], "chi2_level": 0.99, "chi2_df": 3, "chi2_threshold": 11.344866730144373, "N_raw": 34, "N_roi": 34, "N_inlier": 33, "refit": true}
{"timestamp": "15:40:28.635598", "frame": 56, "mu": [-1.1320601802114014, 4.48065430382605, 0.6974802553818686], "Sigma": [[0.037486102569726884, 0.009525120337570626, -0.027883819898284763], [0.009525120337570626, 0.007575960503721602, -0.009890685447864329], [-0.027883819898284763, -0.009890685447864329, 0.02710770861773891]], "chi2_level": 0.99, "chi2_df": 3, "chi2_threshold": 11.344866730144373, "N_raw": 68, "N_roi": 66, "N_inlier": 65, "refit": true}
{"timestamp": "15:40:28.689741", "frame": 57, "mu": [-1.1048398820808907, 4.421360456336694, 0.7349269791619131], "Sigma": [[0.0319511367252232, 0.010101003754469807, -0.01215678865193535], [0.010101003754469807, 0.006163739472146649, -0.007276786902664445], [-0.012156788651935351, -0.007276786902664446, 0.058372233017360164]], "chi2_level": 0.99, "chi2_df": 3, "chi2_threshold": 11.344866730144373, "N_raw": 63, "N_roi": 63, "N_inlier": 62, "refit": true}
{"timestamp": "15:40:28.747039", "frame": 58, "mu": [-1.0440491181198397, 4.647780513631213, -0.03509422125463646], "Sigma": [[0.031041684803617714, 0.014265603622906103, -0.023839202296153286], [0.014265603622906103, 0.01742669382113019, -0.025544696994412638], [-0.023839202296153286, -0.025544696994412638, 0.04507213247850495]], "chi2_level": 0.99, "chi2_df": 3, "chi2_threshold": 11.344866730144373, "N_raw": 72, "N_roi": 72, "N_inlier": 71, "refit": true}
{"timestamp": "15:40:28.802668", "frame": 59, "mu": [-1.0354570175575617, 4.414750213466752, 0.6462976539057792], "Sigma": [[0.033426281243604444, 0.006480592584384628, -0.021922163293654956], [0.006480592584384627, 0.005493686884619926, -0.00936019571496001], [-0.021922163293654956, -0.00936019571496001, 0.04472181786379809]], "chi2_level": 0.99, "chi2_df": 3, "chi2_threshold": 11.344866730144373, "N_raw": 73, "N_roi": 70, "N_inlier": 69, "refit": true}
{"timestamp": "15:40:28.855730", "frame": 60, "mu": [-1.0587209506529003, 4.405021248512, 0.7371439082876663], "Sigma": [[0.025932303842907387, 0.009362118822232778, -0.014644366384254278], [0.009362118822232778, 0.012641577504556389, -0.009281537662626928], [-0.014644366384254278, -0.009281537662626932, 0.012795211240940145]], "chi2_level": 0.99, "chi2_df": 3, "chi2_threshold": 11.344866730144373, "N_raw": 65, "N_roi": 65, "N_inlier": 64, "refit": true}
{"timestamp": "15:40:28.908943", "frame": 61, "mu": [-0.9972208719356779, 4.400198659655333, 0.754928094149324], "Sigma": [[0.02279917692482085, 0.0054692856643953885, -0.013144589755140173], [0.0054692856643953885, 0.006321033765105508, -0.009718104352067956], [-0.013144589755140173, -0.009718104352067956, 0.036449541438771244]], "chi2_level": 0.99, "chi2_df": 3, "chi2_threshold": 11.344866730144373, "N_raw": 53, "N_roi": 51, "N_inlier": 50, "refit": true}
{"timestamp": "15:40:28.965615", "frame": 62, "mu": [-0.9920145778309586, 4.428656740314278, -0.6394889011874891], "Sigma": [[0.02516029960964941, 0.013612793970415968, 0.06154382777910068], [0.013612793970415966, 0.019188076432305287, 0.04313330796396481], [0.06154382777910068, 0.043133307963964806, 0.2628448346004996]], "chi2_level": 0.99, "chi2_df": 3, "chi2_threshold": 11.344866730144373, "N_raw": 64, "N_roi": 59, "N_inlier": 59, "refit": true}
{"timestamp": "15:40:29.014277", "frame": 63, "mu": [-0.8702855751936895, 4.440268860417478, 0.20889089969098343], "Sigma": [[0.011881246575936767, 0.00043073754423054067, 0.001394530014128413], [0.00043073754423054067, 0.003874047661291218, -0.007608571134327351], [0.001394530014128413, -0.007608571134327351, 0.01708659380145617]], "chi2_level": 0.99, "chi2_df": 3, "chi2_threshold": 11.344866730144373, "N_raw": 25, "N_roi": 22, "N_inlier": 21, "refit": true}
{"timestamp": "15:40:29.068415", "frame": 64, "mu": [-0.8826886208313196, 4.3347476482645115, 0.7426505112311655], "Sigma": [[0.0034875343129523355, 0.0008748346880809102, -0.0015148394786980075], [0.0008748346880809101, 0.002910190150684543, -0.004896372788655302], [-0.0015148394786980077, -0.004896372788655302, 0.01327056590983323]], "chi2_level": 0.99, "chi2_df": 3, "chi2_threshold": 11.344866730144373, "N_raw": 16, "N_roi": 16, "N_inlier": 14, "refit": true}
{"timestamp": "15:40:29.128363", "frame": 65, "mu": [-0.8523665461915092, 4.290348662892793, 0.8267291060489645], "Sigma": [[0.034813348537301364, 0.005767138984798427, -0.007698449736282648], [0.005767138984798427, 0.006142366491101157, -0.0010627204990319105], [-0.007698449736282648, -0.0010627204990319105, 0.003132713252064246]], "chi2_level": 0.99, "chi2_df": 3, "chi2_threshold": 11.344866730144373, "N_raw": 56, "N_roi": 53, "N_inlier": 53, "refit": true}
{"timestamp": "15:40:29.186327", "frame": 66, "mu": [-0.80375784274013, 4.42371951536486, -0.014331788335369923], "Sigma": [[0.03992533560435057, 0.007879372700784986, -0.011865377328397285], [0.007879372700784986, 0.008729706726709785, -0.007072012950576712], [-0.011865377328397285, -0.007072012950576712, 0.008346052467872274]], "chi2_level": 0.99, "chi2_df": 3, "chi2_threshold": 11.344866730144373, "N_raw": 72, "N_roi": 69, "N_inlier": 69, "refit": true}
{"timestamp": "15:40:29.236373", "frame": 67, "mu": [-0.7587877870032796, 4.2826040268950045, 0.8589331822088776], "Sigma": [[0.028087223892356183, 0.003067159008140359, -0.009785971636126163], [0.003067159008140359, 0.0034948547196132604, -0.0010337983848954342], [-0.009785971636126163, -0.0010337983848954344, 0.005154533514019697]], "chi2_level": 0.99, "chi2_df": 3, "chi2_threshold": 11.344866730144373, "N_raw": 35, "N_roi": 35, "N_inlier": 35, "refit": true}
{"timestamp": "15:40:29.291630", "frame": 68, "mu": [-0.8344636165498426, 4.2400292810956355, 1.0505454453483436], "Sigma": [[0.027834074667622864, 0.004394953187740452, -0.004190596182952235], [0.004394953187740452, 0.005391524169273893, 0.0025785591240710818], [-0.004190596182952236, 0.0025785591240710818, 0.004184269505502025]], "chi2_level": 0.99, "chi2_df": 3, "chi2_threshold": 11.344866730144373, "N_raw": 40, "N_roi": 40, "N_inlier": 40, "refit": true}
{"timestamp": "15:40:29.348938", "frame": 69, "mu": [-0.8162544649644634, 4.209792814382185, 0.894189005675386], "Sigma": [[0.03150656783557924, 0.005065249211389496, -0.00852117096544667], [0.005065249211389496, 0.005027580685420055, -0.006464511183220466], [-0.00852117096544667, -0.006464511183220466, 0.010288684866365309]], "chi2_level": 0.99, "chi2_df": 3, "chi2_threshold": 11.344866730144373, "N_raw": 63, "N_roi": 63, "N_inlier": 60, "refit": true}
{"timestamp": "15:40:29.405749", "frame": 70, "mu": [-0.7278214020060417, 4.200682706631956, 0.9872851098347594], "Sigma": [[0.03445651918960423, 0.0031597789312921357, 0.0037551647522351076], [0.0031597789312921357, 0.002763780629714891, -0.006995550469072359], [0.003755164752235107, -0.006995550469072359, 0.031632653118797455]], "chi2_level": 0.99, "chi2_df": 3, "chi2_threshold": 11.344866730144373, "N_raw": 63, "N_roi": 63, "N_inlier": 62, "refit": true}
{"timestamp": "15:40:29.459933", "frame": 71, "mu": [-0.6609244885260079, 4.179713582680336, 0.9595730008285713], "Sigma": [[0.030435715383716627, 0.003919580376292685, 0.011693993160231897], [0.003919580376292685, 0.0029124963082667174, -0.0049065036074355], [0.011693993160231897, -0.004906503607435499, 0.03157528202215951]], "chi2_level": 0.99, "chi2_df": 3, "chi2_threshold": 11.344866730144373, "N_raw": 62, "N_roi": 60, "N_inlier": 59, "refit": true}
{"timestamp": "15:40:29.516940", "frame": 72, "mu": [-0.6649158521850935, 4.188268255463289, 0.9278392232908346], "Sigma": [[0.03165882098844335, 0.001317019980370833, -0.007646427382905548], [0.001317019980370833, 0.004902809098707661, -0.010374018998939258], [-0.007646427382905549, -0.010374018998939258, 0.03384223477200203]], "chi2_level": 0.99, "chi2_df": 3, "chi2_threshold": 11.344866730144373, "N_raw": 73, "N_roi": 72, "N_inlier": 70, "refit": true}
{"timestamp": "15:40:29.568266", "frame": 73, "mu": [-0.7071819118111958, 4.135686680891083, 0.793288125202666], "Sigma": [[0.034928234180792606, 0.002619434114540029, -0.013559408956379788], [0.002619434114540029, 0.005176435629661442, 0.0013325970385198464], [-0.013559408956379788, 0.0013325970385198464, 0.007539398866233967]], "chi2_level": 0.99, "chi2_df": 3, "chi2_threshold": 11.344866730144373, "N_raw": 45, "N_roi": 45, "N_inlier": 42, "refit": true}
{"timestamp": "15:40:29.626773", "frame": 74, "mu": [-0.5912821822309483, 4.11858508436221, 0.9335636586966319], "Sigma": [[0.039266079240941644, 0.003400347216379702, -0.0028531441690514913], [0.003400347216379703, 0.003840259824988461, -0.00866036908546717], [-0.0028531441690514917, -0.00866036908546717, 0.02752190376532527]], "chi2_level": 0.99, "chi2_df": 3, "chi2_threshold": 11.344866730144373, "N_raw": 76, "N_roi": 76, "N_inlier": 75, "refit": true}
{"timestamp": "15:40:29.681841", "frame": 75, "mu": [-0.5140612181756588, 4.288539573827056, -0.13771769001226164], "Sigma": [[0.027019990091699114, 0.006544747307508926, -0.008077729968701076], [0.006544747307508926, 0.015099645684326946, -0.034695812398139875], [-0.008077729968701076, -0.034695812398139875, 0.09585215781834121]], "chi2_level": 0.99, "chi2_df": 3, "chi2_threshold": 11.344866730144373, "N_raw": 70, "N_roi": 69, "N_inlier": 68, "refit": true}
{"timestamp": "15:40:29.732988", "frame": 76, "mu": [-0.5031001602683347, 4.079430883587911, 0.8773087965815927], "Sigma": [[0.024368909502574476, 0.00093968860957039, 0.0017925062806263404], [0.0009396886095703899, 0.0009356716720348536, -0.0009788140283830654], [0.0017925062806263413, -0.0009788140283830654, 0.07032827891885851]], "chi2_level": 0.99, "chi2_df": 3, "chi2_threshold": 11.344866730144373, "N_raw": 49, "N_roi": 49, "N_inlier": 48, "refit": true}
{"timestamp": "15:40:29.789628", "frame": 77, "mu": [-0.46044504020499033, 4.065655090208566, 1.0383056603525127], "Sigma": [[0.03182726832710223, 0.0018828423040171437, -0.013577132325039015], [0.001882842304017144, 0.002718174251808916, -0.007688411510645074], [-0.013577132325039014, -0.007688411510645074, 0.029531933213838166]], "chi2_level": 0.99, "chi2_df": 3, "chi2_threshold": 11.344866730144373, "N_raw": 60, "N_roi": 60, "N_inlier": 59, "refit": true}
{"timestamp": "15:40:29.844253", "frame": 78, "mu": [-0.49050932633564603, 4.013884259255857, 0.9066836343231964], "Sigma": [[0.02884153681101438, 0.0011353358576695477, -0.011627703979629717], [0.0011353358576695477, 0.0023597286418213514, -0.00458119772923193], [-0.011627703979629716, -0.004581197729231929, 0.01645761525461331]], "chi2_level": 0.99, "chi2_df": 3, "chi2_threshold": 11.344866730144373, "N_raw": 53, "N_roi": 52, "N_inlier": 50, "refit": true}
{"timestamp": "15:40:29.894525", "frame": 79, "mu": [-0.4372644232943108, 4.105617946157694, -0.0743577682596479], "Sigma": [[0.007469557206742227, 0.0021334630975996137, -0.0024257620374133863], [0.0021334630975996137, 0.008231904661222254, -0.015496335925505925], [-0.0024257620374133855, -0.015496335925505929, 0.03028680801020353]], "chi2_level": 0.99, "chi2_df": 3, "chi2_threshold": 11.344866730144373, "N_raw": 14, "N_roi": 14, "N_inlier": 12, "refit": true}
{"timestamp": "15:40:29.953731", "frame": 80, "mu": [-0.40402674570381736, 3.9412866621865077, 1.0411751771952504], "Sigma": [[0.02779903059627302, 0.00039477326282970094, -0.005507561109282264], [0.0003947732628297009, 0.002645168817053756, -0.003915206735125876], [-0.005507561109282263, -0.003915206735125876, 0.009849007138364735]], "chi2_level": 0.99, "chi2_df": 3, "chi2_threshold": 11.344866730144373, "N_raw": 54, "N_roi": 54, "N_inlier": 53, "refit": true}
{"timestamp": "15:40:30.006768", "frame": 81, "mu": [-0.42454495066642056, 3.8756798319665067, 0.7603117316294575], "Sigma": [[0.018979465072667352, 0.0032684017348119892, -0.0008405051962523548], [0.0032684017348119892, 0.0067758797208908655, -0.0011714207689636704], [-0.0008405051962523547, -0.0011714207689636704, 0.0013502502245222945]], "chi2_level": 0.99, "chi2_df": 3, "chi2_threshold": 11.344866730144373, "N_raw": 39, "N_roi": 38, "N_inlier": 36, "refit": true}
{"timestamp": "15:40:30.065549", "frame": 82, "mu": [-0.3613003616059158, 3.9236198356757086, 1.1184898200847915], "Sigma": [[0.028548065010659332, 8.519387897041697e-05, -0.008839528052714542], [8.519387897041697e-05, 0.0039858973446000225, -0.006135039812975002], [-0.008839528052714542, -0.006135039812975002, 0.01572770983664929]], "chi2_level": 0.99, "chi2_df": 3, "chi2_threshold": 11.344866730144373, "N_raw": 69, "N_roi": 68, "N_inlier": 67, "refit": true}
{"timestamp": "15:40:30.122863", "frame": 83, "mu": [-0.29856991505125163, 3.9815329329627334, -0.6261827817435622], "Sigma": [[0.02905282817648923, 0.0123032908050017, 0.04405470864651906], [0.012303290805001702, 0.013581625758126414, 0.023677127161585133], [0.04405470864651906, 0.023677127161585137, 0.15327670371419397]], "chi2_level": 0.99, "chi2_df": 3, "chi2_threshold": 11.344866730144373, "N_raw": 78, "N_roi": 75, "N_inlier": 72, "refit": true}
{"timestamp": "15:40:30.181254", "frame": 84, "mu": [-0.23805870235159654, 3.877581240460382, 0.6948769600825843], "Sigma": [[0.0292826753442033, 0.004427707879612365, -0.01593219016172565], [0.004427707879612365, 0.010766487771440092, -0.008958384075637298], [-0.01593219016172565, -0.008958384075637298, 0.01673540222372221]], "chi2_level": 0.99, "chi2_df": 3, "chi2_threshold": 11.344866730144373, "N_raw": 102, "N_roi": 100, "N_inlier": 97, "refit": true}
{"timestamp": "15:40:30.233322", "frame": 85, "mu": [-0.21307307151318067, 3.876180359042695, 0.808704609793903], "Sigma": [[0.029346868066390478, 0.0034114008358042706, -0.02539153797109691], [0.0034114008358042706, 0.006357374916003035, -0.016266168696486095], [-0.02539153797109691, -0.016266168696486095, 0.06537244259265243]], "chi2_level": 0.99, "chi2_df": 3, "chi2_threshold": 11.344866730144373, "N_raw": 80, "N_roi": 80, "N_inlier": 80, "refit": true}
{"timestamp": "15:40:30.281821", "frame": 86, "mu": [-0.22460716938780634, 3.8362242587803594, 0.9571599188187243], "Sigma": [[0.022341634530201403, 0.005940993715332958, -0.025466137450192834], [0.005940993715332958, 0.004159383260920962, -0.010261342139118834], [-0.02546613745019283, -0.010261342139118834, 0.0452109949538646]], "chi2_level": 0.99, "chi2_df": 3, "chi2_threshold": 11.344866730144373, "N_raw": 36, "N_roi": 36, "N_inlier": 34, "refit": true}
{"timestamp": "15:40:30.334633", "frame": 87, "mu": [-0.17154098366129322, 3.8960514094819376, 0.8544656228784719], "Sigma": [[0.014736595588256437, 0.0007471763600673969, -0.013846921478650829], [0.0007471763600673965, 0.0028090918374483937, -0.0014524992774945845], [-0.013846921478650829, -0.0014524992774945843, 0.025329960631369833]], "chi2_level": 0.99, "chi2_df": 3, "chi2_threshold": 11.344866730144373, "N_raw": 26, "N_roi": 26, "N_inlier": 24, "refit": true}
{"timestamp": "15:40:30.388517", "frame": 88, "mu": [-0.2549300059549721, 3.752451317565632, 1.040224317094439], "Sigma": [[0.009639085499514729, -0.0006384576487675776, -0.004104087779073817], [-0.0006384576487675776, 0.0018946137757861246, 0.0005892752634231117], [-0.004104087779073817, 0.0005892752634231117, 0.0028616978532804683]], "chi2_level": 0.99, "chi2_df": 3, "chi2_threshold": 11.344866730144373, "N_raw": 20, "N_roi": 20, "N_inlier": 20, "refit": true}
{"timestamp": "15:40:30.503348", "frame": 90, "mu": [-0.09084709368018856, 3.771513364234145, 1.0648751447463694], "Sigma": [[0.014974873284682638, -0.0007820940785693625, -0.006273408751743896], [-0.0007820940785693625, 0.0008876078044333372, -0.004508185241036751], [-0.006273408751743896, -0.004508185241036751, 0.04315635362414764]], "chi2_level": 0.99, "chi2_df": 3, "chi2_threshold": 11.344866730144373, "N_raw": 49, "N_roi": 48, "N_inlier": 45, "refit": true}
{"timestamp": "15:40:30.556793", "frame": 91, "mu": [-0.07673102369423489, 3.7157725753981237, 1.1815051328652606], "Sigma": [[0.01533970462264847, 0.0008462676358043113, 0.003025554500068631], [0.0008462676358043115, 0.0019951887772758498, -0.004191639509794546], [0.0030255545000686308, -0.004191639509794546, 0.013941490077026601]], "chi2_level": 0.99, "chi2_df": 3, "chi2_threshold": 11.344866730144373, "N_raw": 39, "N_roi": 38, "N_inlier": 36, "refit": true}
{"timestamp": "15:40:30.609937", "frame": 92, "mu": [-0.02902765982090774, 3.6632582795524624, 1.1338686491112806], "Sigma": [[0.017789280864322927, -0.00017889470696722714, 5.2423203576725026e-05], [-0.00017889470696722724, 0.0011626153167528246, -0.0003979465036992903], [5.2423203576725026e-05, -0.0003979465036992903, 0.00018243634957538108]], "chi2_level": 0.99, "chi2_df": 3, "chi2_threshold": 11.344866730144373, "N_raw": 27, "N_roi": 27, "N_inlier": 26, "refit": true}
{"timestamp": "15:40:30.668796", "frame": 93, "mu": [-0.006762278494126927, 3.6434665070069716, 1.0055222567563988], "Sigma": [[0.020948572026474807, 0.0022265308669833853, 0.0014316614155563553], [0.0022265308669833857, 0.0027522632191429343, -0.002275668417765911], [0.0014316614155563553, -0.002275668417765911, 0.0054152025632921204]], "chi2_level": 0.99, "chi2_df": 3, "chi2_threshold": 11.344866730144373, "N_raw": 49, "N_roi": 49, "N_inlier": 47, "refit": true}
{"timestamp": "15:40:30.722619", "frame": 94, "mu": [-0.02496044423101427, 3.5736792551919647, 0.9325434152514693], "Sigma": [[0.01902468971932711, -0.0027016491424100807, -0.007771560523799128], [-0.0027016491424100807, 0.0026278248862171647, -0.00035247919153817356], [-0.007771560523799128, -0.0003524791915381736, 0.005588018298054577]], "chi2_level": 0.99, "chi2_df": 3, "chi2_threshold": 11.344866730144373, "N_raw": 44, "N_roi": 44, "N_inlier": 41, "refit": true}
{"timestamp": "15:40:30.776852", "frame": 95, "mu": [-0.0036196496340605414, 3.6200417307926718, -0.8197582539161745], "Sigma": [[0.019789239947510133, 0.0030725402758051707, 0.022030935685526526], [0.0030725402758051707, 0.008254196018661829, 0.023236840234219402], [0.022030935685526526, 0.023236840234219402, 0.11385610444206332]], "chi2_level": 0.99, "chi2_df": 3, "chi2_threshold": 11.344866730144373, "N_raw": 43, "N_roi": 43, "N_inlier": 42, "refit": true}
{"timestamp": "15:40:30.887268", "frame": 97, "mu": [0.08194123143281522, 3.5565765209273232, 1.02717080667625], "Sigma": [[0.018452631024817527, 0.0008556234581725633, -0.0055854775269210824], [0.0008556234581725634, 0.0039973526016879694, -0.0019764619891346237], [-0.005585477526921083, -0.0019764619891346237, 0.003863372076426026]], "chi2_level": 0.99, "chi2_df": 3, "chi2_threshold": 11.344866730144373, "N_raw": 49, "N_roi": 49, "N_inlier": 49, "refit": true}
{"timestamp": "15:40:30.945766", "frame": 98, "mu": [0.13485622385538612, 3.579472938394476, 0.9555155013997949], "Sigma": [[0.02021310096706387, 0.001953996265510273, -0.013076339680580477], [0.001953996265510273, 0.009140959752439925, -0.002984702372625233], [-0.013076339680580477, -0.0029847023726252324, 0.011509424112347115]], "chi2_level": 0.99, "chi2_df": 3, "chi2_threshold": 11.344866730144373, "N_raw": 67, "N_roi": 67, "N_inlier": 66, "refit": true}
{"timestamp": "15:40:30.996011", "frame": 99, "mu": [0.11918349232984914, 3.498661149631536, 0.97214583945419], "Sigma": [[0.011510600895307808, 0.0015454644245801977, -0.006332170534969716], [0.0015454644245801973, 0.001990625440847954, -0.00193055104449681], [-0.006332170534969716, -0.00193055104449681, 0.006578408296339979]], "chi2_level": 0.99, "chi2_df": 3, "chi2_threshold": 11.344866730144373, "N_raw": 24, "N_roi": 24, "N_inlier": 21, "refit": true}
{"timestamp": "15:40:31.131458", "frame": 100, "mu": [0.3155583136399951, 3.739472033506655, -0.3125213365719589], "Sigma": [[0.029052046423982583, 0.018649342235479406, 0.03348794172701345], [0.018649342235479413, 0.023682119249373936, 0.03290174419139734], [0.03348794172701346, 0.03290174419139734, 0.12162754790604356]], "chi2_level": 0.99, "chi2_df": 3, "chi2_threshold": 11.344866730144373, "N_raw": 60, "N_roi": 58, "N_inlier": 57, "refit": true}
{"timestamp": "15:40:31.153149", "frame": 101, "mu": [0.22848339662065156, 3.5138633963976273, 1.154194272172236], "Sigma": [[0.01910468039660746, -0.0014064581213180036, -0.005730588124447721], [-0.0014064581213180036, 0.005637432885513695, 0.0017984223812223359], [-0.00573058812444772, 0.0017984223812223359, 0.0031281172134595206]], "chi2_level": 0.99, "chi2_df": 3, "chi2_threshold": 11.344866730144373, "N_raw": 54, "N_roi": 54, "N_inlier": 52, "refit": true}
{"timestamp": "15:40:31.184457", "frame": 102, "mu": [0.25050067808850923, 3.5206332955204585, 0.25001601556647307], "Sigma": [[0.01916078476593449, -0.0006167172886270108, -0.004640656802551317], [-0.0006167172886270107, 0.0027943467011683704, 0.0014130523755988313], [-0.004640656802551317, 0.0014130523755988308, 0.0060452756406002535]], "chi2_level": 0.99, "chi2_df": 3, "chi2_threshold": 11.344866730144373, "N_raw": 45, "N_roi": 45, "N_inlier": 43, "refit": true}
{"timestamp": "15:40:31.219861", "frame": 103, "mu": [0.31480445413372715, 3.5351814052140824, -0.01226130851167806], "Sigma": [[0.01836326589361096, 0.0016097040080480867, 0.01470453207643926], [0.001609704008048087, 0.005864149728860882, -0.005435790176584337], [0.01470453207643926, -0.005435790176584337, 0.10886790703200307]], "chi2_level": 0.99, "chi2_df": 3, "chi2_threshold": 11.344866730144373, "N_raw": 58, "N_roi": 58, "N_inlier": 55, "refit": true}
{"timestamp": "15:40:31.274863", "frame": 104, "mu": [0.3576174804248896, 3.5233297437491005, -0.04015147464875838], "Sigma": [[0.0181369538081204, 0.00027637231343381893, -0.001602911782731072], [0.0002763723134338189, 0.005894133218827456, -0.00991778708627988], [-0.0016029117827310718, -0.00991778708627988, 0.021933591018897268]], "chi2_level": 0.99, "chi2_df": 3, "chi2_threshold": 11.344866730144373, "N_raw": 58, "N_roi": 58, "N_inlier": 58, "refit": true}
{"timestamp": "15:40:31.327685", "frame": 105, "mu": [0.33992376593304147, 3.320201790217698, 1.025664914086661], "Sigma": [[0.016299330727914868, 0.0013413294373276923, 0.009924279572387252], [0.0013413294373276923, 0.0007396600982141724, -0.0016537889644880077], [0.00992427957238725, -0.001653788964488008, 0.031907629666777154]], "chi2_level": 0.99, "chi2_df": 3, "chi2_threshold": 11.344866730144373, "N_raw": 46, "N_roi": 46, "N_inlier": 44, "refit": true}
{"timestamp": "15:40:31.384404", "frame": 106, "mu": [0.37806065760656454, 3.3276981373152243, 0.9882684402922949], "Sigma": [[0.02102314680462794, -0.002873729598471075, -0.006524668223184353], [-0.0028737295984710754, 0.0029972772370548155, -0.0025726507837467677], [-0.006524668223184353, -0.002572650783746768, 0.008916071978453864]], "chi2_level": 0.99, "chi2_df": 3, "chi2_threshold": 11.344866730144373, "N_raw": 58, "N_roi": 58, "N_inlier": 58, "refit": true}
{"timestamp": "15:40:31.437001", "frame": 107, "mu": [0.3985091861306891, 3.279333185756822, 0.9213403755347656], "Sigma": [[0.015283451844100177, -0.0008690089832413944, -0.002569489653599098], [-0.0008690089832413943, 0.00247736242460815, -0.00019911768500980334], [-0.002569489653599098, -0.0001991176850098034, 0.001574326336726145]], "chi2_level": 0.99, "chi2_df": 3, "chi2_threshold": 11.344866730144373, "N_raw": 38, "N_roi": 38, "N_inlier": 36, "refit": true}
{"timestamp": "15:40:31.491981", "frame": 108, "mu": [0.40027606131964477, 3.2511538381361405, 1.0216910576999], "Sigma": [[0.012389841776703532, -0.001607506811180404, -0.005917307315407343], [-0.001607506811180404, 0.0029757026227416566, 0.00016233805253284398], [-0.005917307315407343, 0.00016233805253284398, 0.003685328706100245]], "chi2_level": 0.99, "chi2_df": 3, "chi2_threshold": 11.344866730144373, "N_raw": 36, "N_roi": 36, "N_inlier": 35, "refit": true}
{"timestamp": "15:40:31.546426", "frame": 109, "mu": [0.3952466198993643, 3.227771103058664, 0.9731248633657604], "Sigma": [[0.015453535828580943, -0.0026449798362667074, -0.0018595844714884612], [-0.0026449798362667074, 0.0033979398878469487, -0.00047381718077213757], [-0.001859584471488461, -0.0004738171807721375, 0.0017427175068479186]], "chi2_level": 0.99, "chi2_df": 3, "chi2_threshold": 11.344866730144373, "N_raw": 42, "N_roi": 42, "N_inlier": 41, "refit": true}
{"timestamp": "15:40:31.600617", "frame": 110, "mu": [0.47407585746682496, 3.1689169569013287, 0.823149749167128], "Sigma": [[0.008607034507939685, 0.00018070769491226126, -0.0007573119261968997], [0.0001807076949122612, 0.0034920507372309117, 0.0003952963023498401], [-0.0007573119261968995, 0.00039529630234984016, 0.0006070720413096382]], "chi2_level": 0.99, "chi2_df": 3, "chi2_threshold": 11.344866730144373, "N_raw": 30, "N_roi": 30, "N_inlier": 29, "refit": true}
{"timestamp": "15:40:31.656587", "frame": 111, "mu": [0.420423028131842, 3.1817604230843575, 1.023993318444284], "Sigma": [[0.013963778445080323, -0.0019347289731932089, -0.005246367408104258], [-0.0019347289731932089, 0.003091994758470707, 0.0002031337179478898], [-0.005246367408104257, 0.00020313371794788995, 0.0034039146495634743]], "chi2_level": 0.99, "chi2_df": 3, "chi2_threshold": 11.344866730144373, "N_raw": 41, "N_roi": 41, "N_inlier": 38, "refit": true}
{"timestamp": "15:40:31.768750", "frame": 113, "mu": [0.5626177485573498, 3.2296120543036904, 1.285220358534748], "Sigma": [[0.012917447301192922, -0.002703955569825512, -0.015105070576957272], [-0.0027039555698255115, 0.002782278360116689, 0.00400987395946558], [-0.015105070576957272, 0.0040098739594655805, 0.0474927544229775]], "chi2_level": 0.99, "chi2_df": 3, "chi2_threshold": 11.344866730144373, "N_raw": 36, "N_roi": 36, "N_inlier": 34, "refit": true}
{"timestamp": "15:40:31.932676", "frame": 116, "mu": [0.6274136395768815, 3.157309692364458, 1.2688365032697464], "Sigma": [[0.014851947484154254, -0.0021031024272082587, -0.01297991000089495], [-0.002103102427208259, 0.003062544442737137, -0.0015963194287983177], [-0.012979910000894948, -0.0015963194287983177, 0.03766362543467272]], "chi2_level": 0.99, "chi2_df": 3, "chi2_threshold": 11.344866730144373, "N_raw": 47, "N_roi": 47, "N_inlier": 44, "refit": true}
{"timestamp": "15:40:31.985466", "frame": 117, "mu": [0.6563194248027283, 3.1473794109549385, 1.3254711748639207], "Sigma": [[0.01068573398751003, -0.002226341488253871, -0.002939031325070209], [-0.002226341488253871, 0.0024015087806411213, -0.0025130125054045713], [-0.002939031325070209, -0.0025130125054045713, 0.007809169143882951]], "chi2_level": 0.99, "chi2_df": 3, "chi2_threshold": 11.344866730144373, "N_raw": 36, "N_roi": 36, "N_inlier": 36, "refit": true}
{"timestamp": "15:40:32.097702", "frame": 119, "mu": [0.7351497687901001, 3.0408758487553977, 0.919954091231823], "Sigma": [[0.01419108223922143, 0.001018329268146645, 0.003855969814962805], [0.0010183292681466448, 0.004785743921572892, -0.00013796533174098276], [0.0038559698149628046, -0.00013796533174098265, 0.0033579413791395007]], "chi2_level": 0.99, "chi2_df": 3, "chi2_threshold": 11.344866730144373, "N_raw": 49, "N_roi": 49, "N_inlier": 49, "refit": true}
{"timestamp": "15:40:32.153840", "frame": 120, "mu": [0.7316592951960229, 3.0104973591702495, 1.0500160984530622], "Sigma": [[0.00993324977641979, -0.0014834327581591546, 0.0008516962084571425], [-0.0014834327581591546, 0.0017178283019625704, -0.0032666424223052977], [0.000851696208457142, -0.0032666424223052972, 0.02563740294856835]], "chi2_level": 0.99, "chi2_df": 3, "chi2_threshold": 11.344866730144373, "N_raw": 50, "N_roi": 48, "N_inlier": 44, "refit": true}
{"timestamp": "15:40:32.208985", "frame": 121, "mu": [0.7938857614557995, 3.08472438439994, 1.3275729149675284], "Sigma": [[0.014031953706510504, -0.0013079795834976295, -0.006405585466584957], [-0.0013079795834976295, 0.0039582022481909965, -0.001095794682493729], [-0.006405585466584957, -0.001095794682493729, 0.005194663272999953]], "chi2_level": 0.99, "chi2_df": 3, "chi2_threshold": 11.344866730144373, "N_raw": 51, "N_roi": 51, "N_inlier": 49, "refit": true}
{"timestamp": "15:40:32.257798", "frame": 122, "mu": [0.764164069403797, 2.9655367967481308, 1.1054355276701022], "Sigma": [[0.004301051998927121, 0.0021675091944879914, 0.002186117465425151], [0.0021675091944879914, 0.0038568141931133245, -7.279249373664626e-05], [0.002186117465425151, -7.279249373664626e-05, 0.003455743095072396]], "chi2_level": 0.99, "chi2_df": 3, "chi2_threshold": 11.344866730144373, "N_raw": 11, "N_roi": 11, "N_inlier": 11, "refit": true}
{"timestamp": "15:40:32.317097", "frame": 123, "mu": [0.8005701637022806, 3.1349304689221995, -0.23317502435222295], "Sigma": [[0.014024699140666981, 0.0014819329529974, -0.0017182459675086114], [0.0014819329529973998, 0.007346216680915869, -0.01020083516968532], [-0.001718245967508612, -0.01020083516968532, 0.019574439354191397]], "chi2_level": 0.99, "chi2_df": 3, "chi2_threshold": 11.344866730144373, "N_raw": 46, "N_roi": 46, "N_inlier": 43, "refit": true}
{"timestamp": "15:40:32.373022", "frame": 124, "mu": [0.8304680410175792, 2.9316877651843276, 0.9101143794835056], "Sigma": [[0.016651042657793703, 0.0005611003353766623, -0.0029201184659421926], [0.0005611003353766625, 0.004330563436374077, -0.0037424017705524146], [-0.002920118465942193, -0.003742401770552414, 0.0048344066682577055]], "chi2_level": 0.99, "chi2_df": 3, "chi2_threshold": 11.344866730144373, "N_raw": 44, "N_roi": 44, "N_inlier": 41, "refit": true}
