{"timestamp": "15:37:55.169955", "frame": 32, "mu": [-2.403112423280215, 2.9424940098751136, 0.9706003315807028], "Sigma": [[0.003569489182598505, 0.0026717426321373776, -0.002305741872358809], [0.0026717426321373776, 0.003671617741569058, -0.002811689994895277], [-0.002305741872358809, -0.002811689994895277, 0.0033378089065523933]], "chi2_level": 0.99, "chi2_df": 3, "chi2_threshold": 11.344866730144373, "N_raw": 22, "N_roi": 12, "N_inlier": 11, "refit": true}
{"timestamp": "15:37:55.223782", "frame": 33, "mu": [-2.3847852052946155, 3.0304002285337157, 1.2228047318497464], "Sigma": [[0.004733393583168726, 0.0020134726556949, -0.004489440109165284], [0.0020134726556949, 0.00285344591206319, -0.004166366392881539], [-0.004489440109165284, -0.004166366392881539, 0.00789897931489826]], "chi2_level": 0.99, "chi2_df": 3, "chi2_threshold": 11.344866730144373, "N_raw": 12, "N_roi": 11, "N_inlier": 11, "refit": true}
{"timestamp": "15:37:55.282523", "frame": 34, "mu": [-2.3323578625349257, 3.0506937775835716, 1.3510397025924628], "Sigma": [[0.010091580210218571, 0.003997273774206813, -0.005926419185514609], [0.003997273774206813, 0.003919387824185529, -0.004248080649638285], [-0.005926419185514609, -0.004248080649638284, 0.007207783714065414]], "chi2_level": 0.99, "chi2_df": 3, "chi2_threshold": 11.344866730144373, "N_raw": 32, "N_roi": 23, "N_inlier": 22, "refit": true}
{"timestamp": "15:37:55.342091", "frame": 35, "mu": [-2.2681832151465224, 3.0235584584858866, 1.1368741563159424], "Sigma": [[0.016901588188773603, 0.0068041750272922925, -0.012390004330251683], [0.0068041750272922925, 0.008440852715398255, -0.007704139121682874], [-0.012390004330251683, -0.007704139121682876, 0.013466151286173738]], "chi2_level": 0.99, "chi2_df": 3, "chi2_threshold": 11.344866730144373, "N_raw": 48, "N_roi": 46, "N_inlier": 46, "refit": true}
{"timestamp": "15:37:55.502739", "frame": 38, "mu": [-2.135445336874428, 3.08958618123701, 1.2727018466123399], "Sigma": [[0.012902837685775806, 0.0029784542878123436, -0.012152590882815508], [0.0029784542878123436, 0.003332663637068329, -0.003946694250691861], [-0.012152590882815506, -0.003946694250691861, 0.016627420552755866]], "chi2_level": 0.99, "chi2_df": 3, "chi2_threshold": 11.344866730144373, "N_raw": 25, "N_roi": 24, "N_inlier": 22, "refit": true}
{"timestamp": "15:37:55.562942", "frame": 39, "mu": [-2.067948300098232, 2.9876395824998667, 1.0836479372214416], "Sigma": [[0.02232990581062076, 0.005249567294855541, -0.020056057483760725], [0.005249567294855541, 0.00918941305588774, -0.0032358550845416416], [-0.02005605748376072, -0.0032358550845416416, 0.019520341545787065]], "chi2_level": 0.99, "chi2_df": 3, "chi2_threshold": 11.344866730144373, "N_raw": 59, "N_roi": 54, "N_inlier": 52, "refit": true}
{"timestamp": "15:37:55.616566", "frame": 40, "mu": [-2.088919441299839, 3.0047751157946556, 1.3026617173395825], "Sigma": [[0.019661568646125047, 0.0070851862548383295, -0.02134623374664443], [0.0070851862548383295, 0.007204820270291067, -0.00802477575620641], [-0.021346233746644426, -0.00802477575620641, 0.024674140714888763]], "chi2_level": 0.99, "chi2_df": 3, "chi2_threshold": 11.344866730144373, "N_raw": 45, "N_roi": 42, "N_inlier": 41, "refit": true}
{"timestamp": "15:37:55.668563", "frame": 41, "mu": [-2.056550223194703, 3.065369645656325, 0.10232270836306136], "Sigma": [[0.009013432627782085, 0.005977158412249425, -0.004855758772504026], [0.0059771584122494245, 0.006355803479633116, -0.00014792571367330836], [-0.004855758772504025, -0.00014792571367330836, 0.007515458519330313]], "chi2_level": 0.99, "chi2_df": 3, "chi2_threshold": 11.344866730144373, "N_raw": 22, "N_roi": 21, "N_inlier": 20, "refit": true}
{"timestamp": "15:37:55.778900", "frame": 43, "mu": [-1.9290722568020975, 3.048054243761315, 1.0840301736499633], "Sigma": [[0.008941386631996192, 0.004501972102226091, -0.011610601779763344], [0.00450197210222609, 0.005782487332122903, -0.01114458179543762], [-0.011610601779763344, -0.01114458179543762, 0.02868701336869097]], "chi2_level": 0.99, "chi2_df": 3, "chi2_threshold": 11.344866730144373, "N_raw": 31, "N_roi": 29, "N_inlier": 26, "refit": true}
{"timestamp": "15:37:55.886910", "frame": 45, "mu": [-1.8033344672380238, 3.086434390921616, 1.0190943733870894], "Sigma": [[0.015549414308908474, 0.004758977167305366, -0.051496812514166254], [0.004758977167305365, 0.005881454300638384, -0.02005110049681543], [-0.051496812514166254, -0.02005110049681543, 0.1905496349467324]], "chi2_level": 0.99, "chi2_df": 3, "chi2_threshold": 11.344866730144373, "N_raw": 18, "N_roi": 13, "N_inlier": 13, "refit": true}
{"timestamp": "15:37:55.998189", "frame": 47, "mu": [-1.6828474628239327, 3.1583720437822063, 0.8841706018915451], "Sigma": [[0.013455785214731926, 0.0018710552299058781, -0.008512874209735004], [0.0018710552299058783, 0.0025199259415139424, -0.0005478060957035164], [-0.008512874209735004, -0.0005478060957035164, 0.006872838415545877]], "chi2_level": 0.99, "chi2_df": 3, "chi2_threshold": 11.344866730144373, "N_raw": 22, "N_roi": 20, "N_inlier": 19, "refit": true}
{"timestamp": "15:37:56.054036", "frame": 48, "mu": [-1.663132772912666, 3.069785482672433, 1.125819490398379], "Sigma": [[0.011319216697171177, 0.0034208970273035253, -0.005258487731931405], [0.003420897027303525, 0.00376435979959844, -0.0025527429311672668], [-0.005258487731931404, -0.0025527429311672668, 0.0037655011714472324]], "chi2_level": 0.99, "chi2_df": 3, "chi2_threshold": 11.344866730144373, "N_raw": 30, "N_roi": 30, "N_inlier": 29, "refit": true}
{"timestamp": "15:37:56.109942", "frame": 49, "mu": [-1.5933322751486845, 3.089555902855254, 1.146110104973825], "Sigma": [[0.014717114605254206, 0.0036805092975717617, -0.009751649256634106], [0.003680509297571762, 0.0036605022360469896, -0.0038774490749491895], [-0.009751649256634106, -0.0038774490749491895, 0.008420844581800606]], "chi2_level": 0.99, "chi2_df": 3, "chi2_threshold": 11.344866730144373, "N_raw": 35, "N_roi": 31, "N_inlier": 30, "refit": true}
{"timestamp": "15:37:56.162061", "frame": 50, "mu": [-1.5015135270563704, 3.0315555149525246, 0.8831484366300668], "Sigma": [[0.004990730889124199, -0.0018953627255050417, -0.006295213656714686], [-0.0018953627255050417, 0.004558545517428715, 0.0014335364005970065], [-0.006295213656714687, 0.0014335364005970063, 0.008949392044141644]], "chi2_level": 0.99, "chi2_df": 3, "chi2_threshold": 11.344866730144373, "N_raw": 15, "N_roi": 12, "N_inlier": 12, "refit": true}
{"timestamp": "15:37:56.216689", "frame": 51, "mu": [-1.6108613270730483, 3.127044314073671, 1.413411149456623], "Sigma": [[0.009698251691883633, 0.0032566240667670247, -0.010083021195191468], [0.0032566240667670247, 0.00276945718610651, -0.004624260339023651], [-0.010083021195191468, -0.004624260339023651, 0.01321916482392211]], "chi2_level": 0.99, "chi2_df": 3, "chi2_threshold": 11.344866730144373, "N_raw": 22, "N_roi": 22, "N_inlier": 22, "refit": true}
{"timestamp": "15:37:56.275229", "frame": 52, "mu": [-1.4707852385342495, 3.088016569668587, 1.059180452374178], "Sigma": [[0.013039467443797217, 0.0019325384987618685, -0.020246243250077883], [0.0019325384987618685, 0.004207342183576007, -0.011067025756428078], [-0.020246243250077883, -0.011067025756428078, 0.059548764319013625]], "chi2_level": 0.99, "chi2_df": 3, "chi2_threshold": 11.344866730144373, "N_raw": 41, "N_roi": 40, "N_inlier": 39, "refit": true}
{"timestamp": "15:37:56.329193", "frame": 53, "mu": [-1.3976459709116251, 3.0760505202080632, 0.8513502756067441], "Sigma": [[0.007495703173364831, 0.0019086608030714773, -0.005596849081459157], [0.0019086608030714773, 0.005336930893427245, -0.005907208113983071], [-0.005596849081459157, -0.005907208113983071, 0.03753203439021909]], "chi2_level": 0.99, "chi2_df": 3, "chi2_threshold": 11.344866730144373, "N_raw": 32, "N_roi": 28, "N_inlier": 26, "refit": true}
{"timestamp": "15:37:56.383670", "frame": 54, "mu": [-1.3610545329275885, 3.070938517201896, 0.7590349327218786], "Sigma": [[0.008679477591439765, 0.0015071722260659478, -0.013463339643652076], [0.0015071722260659478, 0.004141192089856577, -0.01054873670584862], [-0.013463339643652077, -0.01054873670584862, 0.14417219422122182]], "chi2_level": 0.99, "chi2_df": 3, "chi2_threshold": 11.344866730144373, "N_raw": 29, "N_roi": 29, "N_inlier": 27, "refit": true}
{"timestamp": "15:37:56.442167", "frame": 55, "mu": [-1.21457296775018, 3.173809944749001, 0.7596554475461602], "Sigma": [[0.020558272471373124, 0.011997461924962281, -0.028808488877545186], [0.011997461924962281, 0.013121089379996316, -0.02838181447970868], [-0.028808488877545186, -0.028381814479708674, 0.06795668597971313]], "chi2_level": 0.99, "chi2_df": 3, "chi2_threshold": 11.344866730144373, "N_raw": 52, "N_roi": 52, "N_inlier": 50, "refit": true}
{"timestamp": "15:37:56.498182", "frame": 56, "mu": [-1.2088589612678293, 3.1712483343589817, 0.942959985527198], "Sigma": [[0.021361899776343486, 0.00822261977180503, -0.028673786700470136], [0.00822261977180503, 0.010176373131365444, -0.021398250239225636], [-0.028673786700470136, -0.021398250239225633, 0.05682211645566735]], "chi2_level": 0.99, "chi2_df": 3, "chi2_threshold": 11.344866730144373, "N_raw": 60, "N_roi": 60, "N_inlier": 59, "refit": true}
{"timestamp": "15:37:56.551251", "frame": 57, "mu": [-1.17666429520478, 3.0960466881394884, 0.737185826868551], "Sigma": [[0.020779423096305604, 0.0014442436051245787, -0.013680671871045656], [0.001444243605124579, 0.002288610005132741, -0.003252781288394338], [-0.013680671871045656, -0.003252781288394338, 0.01759102664693834]], "chi2_level": 0.99, "chi2_df": 3, "chi2_threshold": 11.344866730144373, "N_raw": 44, "N_roi": 43, "N_inlier": 41, "refit": true}
{"timestamp": "15:37:56.601239", "frame": 58, "mu": [-1.0896057717647964, 3.135601846862798, 1.119243588708366], "Sigma": [[0.0033481676110842756, 0.0007735949716978109, -0.007238623002863063], [0.000773594971697811, 0.0006763742289420041, 0.0004544075645818831], [-0.007238623002863063, 0.0004544075645818834, 0.0602001675149743]], "chi2_level": 0.99, "chi2_df": 3, "chi2_threshold": 11.344866730144373, "N_raw": 12, "N_roi": 12, "N_inlier": 12, "refit": true}
{"timestamp": "15:37:56.663919", "frame": 59, "mu": [-1.0831830871449328, 3.1373337078984527, 0.9863769335412146], "Sigma": [[0.017890476285643164, 0.00411618216452039, -0.005876880270733067], [0.00411618216452039, 0.004606460417642733, -0.006671640396608983], [-0.005876880270733067, -0.006671640396608983, 0.01265315141144957]], "chi2_level": 0.99, "chi2_df": 3, "chi2_threshold": 11.344866730144373, "N_raw": 67, "N_roi": 65, "N_inlier": 63, "refit": true}
{"timestamp": "15:37:56.715122", "frame": 60, "mu": [-0.9883194214626143, 3.079530294141479, 0.871744386162611], "Sigma": [[0.011561159496321879, 0.002095847016280005, -0.010755381936068977], [0.002095847016280005, 0.0023949141610599234, -0.0040553918648940195], [-0.010755381936068977, -0.0040553918648940195, 0.014543553683580958]], "chi2_level": 0.99, "chi2_df": 3, "chi2_threshold": 11.344866730144373, "N_raw": 40, "N_roi": 37, "N_inlier": 36, "refit": true}
{"timestamp": "15:37:56.768173", "frame": 61, "mu": [-0.9983937069898187, 3.1084107880395484, 0.7789159237831541], "Sigma": [[0.00834489657655601, -0.0005724293828815864, 0.012069199153069862], [-0.0005724293828815864, 0.0016974526181933228, -0.00571277509546665], [0.012069199153069862, -0.00571277509546665, 0.07276562442319544]], "chi2_level": 0.99, "chi2_df": 3, "chi2_threshold": 11.344866730144373, "N_raw": 20, "N_roi": 16, "N_inlier": 14, "refit": true}
{"timestamp": "15:37:56.824891", "frame": 62, "mu": [-0.9604552743909613, 3.155919339552184, 1.1335898670394793], "Sigma": [[0.009954902717025567, 0.0012149676964636627, -0.00825973222069602], [0.0012149676964636627, 0.0017831216298405366, -0.003902272277276444], [-0.00825973222069602, -0.003902272277276444, 0.014456816250613727]], "chi2_level": 0.99, "chi2_df": 3, "chi2_threshold": 11.344866730144373, "N_raw": 38, "N_roi": 35, "N_inlier": 34, "refit": true}
{"timestamp": "15:37:56.880255", "frame": 63, "mu": [-0.9178660548092281, 3.0705778305754583, 1.0584663331125648], "Sigma": [[0.012987060267923935, 0.001269119972092541, -0.01239347940709928], [0.001269119972092541, 0.0017155712409992745, -0.003396015725415948], [-0.012393479407099282, -0.0033960157254159483, 0.017377467396666468]], "chi2_level": 0.99, "chi2_df": 3, "chi2_threshold": 11.344866730144373, "N_raw": 40, "N_roi": 40, "N_inlier": 38, "refit": true}
{"timestamp": "15:37:56.935595", "frame": 64, "mu": [-0.8814772536672796, 3.1020730358841315, 1.109494461820581], "Sigma": [[0.015553991445257617, 0.0013772839165653154, -0.011436279449788526], [0.0013772839165653154, 0.0027292796855678952, -0.002526280156795441], [-0.011436279449788526, -0.0025262801567954405, 0.011460510121772995]], "chi2_level": 0.99, "chi2_df": 3, "chi2_threshold": 11.344866730144373, "N_raw": 46, "N_roi": 43, "N_inlier": 43, "refit": true}
{"timestamp": "15:37:56.994435", "frame": 65, "mu": [-0.8313682716796963, 3.21244151793279, 0.037424966631773623], "Sigma": [[0.01097603702597392, 0.0019722369225974716, -0.005169113489244255], [0.001972236922597472, 0.002004394356245605, -0.0005159278953779587], [-0.005169113489244254, -0.0005159278953779586, 0.002957918826724565]], "chi2_level": 0.99, "chi2_df": 3, "chi2_threshold": 11.344866730144373, "N_raw": 59, "N_roi": 25, "N_inlier": 25, "refit": true}
{"timestamp": "15:37:57.099966", "frame": 67, "mu": [-0.7776940125004245, 3.2153121904127926, 1.1813691998954994], "Sigma": [[0.01238376386815756, 0.0004086149845105852, -0.008048383575049656], [0.00040861498451058543, 0.0024032973682562996, -0.0015244502425840307], [-0.008048383575049656, -0.0015244502425840307, 0.008017965708785066]], "chi2_level": 0.99, "chi2_df": 3, "chi2_threshold": 11.344866730144373, "N_raw": 37, "N_roi": 37, "N_inlier": 36, "refit": true}
{"timestamp": "15:37:57.155175", "frame": 68, "mu": [-0.7706234871909421, 3.2113427337326277, 1.158582073319451], "Sigma": [[0.011665669897833986, 0.0010475089143744877, -0.004961226647922084], [0.0010475089143744875, 0.0011370332557375008, -0.003579500828993178], [-0.004961226647922084, -0.003579500828993178, 0.01349592850003377]], "chi2_level": 0.99, "chi2_df": 3, "chi2_threshold": 11.344866730144373, "N_raw": 40, "N_roi": 36, "N_inlier": 36, "refit": true}
{"timestamp": "15:37:57.211162", "frame": 69, "mu": [-0.6953759843273118, 3.4077425779373622, -0.10792059269703871], "Sigma": [[0.00893464402414037, 0.0011181918977765733, -0.0075606991274288545], [0.0011181918977765733, 0.007848440089216627, -0.027084847868723824], [-0.0075606991274288545, -0.027084847868723817, 0.12012157752423816]], "chi2_level": 0.99, "chi2_df": 3, "chi2_threshold": 11.344866730144373, "N_raw": 40, "N_roi": 35, "N_inlier": 34, "refit": true}
{"timestamp": "15:37:57.264438", "frame": 70, "mu": [-0.6858108947386243, 3.266823358084363, 1.2218460293953493], "Sigma": [[0.0051758073395065446, 0.001954385778306018, 0.019067592141435333], [0.001954385778306018, 0.003074666415358911, 0.021943209105438878], [0.019067592141435333, 0.021943209105438878, 0.3642495516663441]], "chi2_level": 0.99, "chi2_df": 3, "chi2_threshold": 11.344866730144373, "N_raw": 27, "N_roi": 21, "N_inlier": 21, "refit": true}
{"timestamp": "15:37:57.321354", "frame": 71, "mu": [-0.5970388290104265, 3.303669150197023, 1.385932497999525], "Sigma": [[0.012531082144958497, 0.001233307573518739, -0.0053109136556791494], [0.001233307573518739, 0.001566994024310104, -0.0040674049868753915], [-0.00531091365567915, -0.004067404986875392, 0.01459352353435576]], "chi2_level": 0.99, "chi2_df": 3, "chi2_threshold": 11.344866730144373, "N_raw": 40, "N_roi": 37, "N_inlier": 34, "refit": true}
{"timestamp": "15:37:57.484050", "frame": 74, "mu": [-0.4604298638159285, 3.287281982658242, 1.3590797090280708], "Sigma": [[0.016952498288370157, 0.0014667436300452859, -0.006879946904760448], [0.001466743630045286, 0.0018806647625162242, -0.0002455563965125745], [-0.0068799469047604485, -0.0002455563965125745, 0.0038424318603983527]], "chi2_level": 0.99, "chi2_df": 3, "chi2_threshold": 11.344866730144373, "N_raw": 29, "N_roi": 27, "N_inlier": 27, "refit": true}
{"timestamp": "15:37:57.538646", "frame": 75, "mu": [-0.4757377570570048, 3.2979332247097513, 1.4171918362612688], "Sigma": [[0.01340047418616007, 0.0006564458600864038, -0.005451364224230069], [0.0006564458600864041, 0.0021999797734101843, 0.001139545779203971], [-0.005451364224230068, 0.001139545779203971, 0.0036963552539756614]], "chi2_level": 0.99, "chi2_df": 3, "chi2_threshold": 11.344866730144373, "N_raw": 24, "N_roi": 24, "N_inlier": 24, "refit": true}
{"timestamp": "15:37:57.590749", "frame": 76, "mu": [-0.4069910953479475, 3.286279450149275, 1.1429702469631065], "Sigma": [[0.006241882047767311, 0.0009541653249999032, -0.0036075121218828647], [0.0009541653249999033, 0.003405174932269368, -0.022689680428832168], [-0.003607512121882863, -0.02268968042883217, 0.21119322321574044]], "chi2_level": 0.99, "chi2_df": 3, "chi2_threshold": 11.344866730144373, "N_raw": 13, "N_roi": 13, "N_inlier": 12, "refit": true}
{"timestamp": "15:37:58.032945", "frame": 84, "mu": [-0.042278561722999236, 3.3514263453106365, 1.0526756646475797], "Sigma": [[0.005367892554881741, -0.0010703516595529257, 0.013774885820611711], [-0.0010703516595529255, 0.0075452019467128414, -0.03617660079796679], [0.01377488582061171, -0.03617660079796679, 0.32923562180781846]], "chi2_level": 0.99, "chi2_df": 3, "chi2_threshold": 11.344866730144373, "N_raw": 19, "N_roi": 18, "N_inlier": 18, "refit": true}
{"timestamp": "15:37:58.088868", "frame": 85, "mu": [0.039468247142369774, 3.3371846935299683, 1.3190176375202425], "Sigma": [[0.011339802404547822, -0.003452731881463742, 0.015451689476553164], [-0.003452731881463741, 0.004254545067760935, -0.011379035656358338], [0.015451689476553164, -0.01137903565635834, 0.09961683042827338]], "chi2_level": 0.99, "chi2_df": 3, "chi2_threshold": 11.344866730144373, "N_raw": 29, "N_roi": 25, "N_inlier": 23, "refit": true}
{"timestamp": "15:37:58.140977", "frame": 86, "mu": [0.11063614425204014, 3.3683458770027923, 1.197852538193702], "Sigma": [[0.0035334349269013, -0.0007052901924797026, -0.00040549549559014885], [-0.0007052901924797026, 0.002129207813818182, -0.00052346868303214], [-0.00040549549559014885, -0.00052346868303214, 0.00033248138252127586]], "chi2_level": 0.99, "chi2_df": 3, "chi2_threshold": 11.344866730144373, "N_raw": 10, "N_roi": 10, "N_inlier": 10, "refit": true}
{"timestamp": "15:37:58.201886", "frame": 87, "mu": [0.14954085893222901, 3.34452454782905, 1.2093690216484112], "Sigma": [[0.015253575445285005, -0.001286135546116928, -0.007866119465251736], [-0.001286135546116928, 0.003191313831919318, -0.0029924326834255104], [-0.007866119465251734, -0.0029924326834255104, 0.00987406531526665]], "chi2_level": 0.99, "chi2_df": 3, "chi2_threshold": 11.344866730144373, "N_raw": 52, "N_roi": 50, "N_inlier": 50, "refit": true}
{"timestamp": "15:37:58.255932", "frame": 88, "mu": [0.14238460477591222, 3.3348436569719175, 1.3016449395901513], "Sigma": [[0.013311955456610668, -0.0020437361295188557, -0.005449738024977813], [-0.0020437361295188557, 0.0035703581867063657, 0.000532480912954582], [-0.005449738024977814, 0.0005324809129545819, 0.002967231152482476]], "chi2_level": 0.99, "chi2_df": 3, "chi2_threshold": 11.344866730144373, "N_raw": 39, "N_roi": 38, "N_inlier": 38, "refit": true}
{"timestamp": "15:37:58.312319", "frame": 89, "mu": [0.18809838109320925, 3.3396855462854336, 1.1636989472599597], "Sigma": [[0.014600320527611945, -0.0033888169548925307, -0.009045169114860049], [-0.0033888169548925303, 0.0031849524484165396, -0.0027808150000032646], [-0.009045169114860047, -0.0027808150000032646, 0.02033296340420357]], "chi2_level": 0.99, "chi2_df": 3, "chi2_threshold": 11.344866730144373, "N_raw": 51, "N_roi": 50, "N_inlier": 50, "refit": true}
{"timestamp": "15:37:58.365487", "frame": 90, "mu": [0.19218724989350325, 3.352776992019356, 1.4005933457811182], "Sigma": [[0.01559353157906985, -0.0026542534096238458, -0.0065212067657959005], [-0.002654253409623846, 0.0038281441247861934, 0.0011278383745111486], [-0.0065212067657959005, 0.0011278383745111486, 0.00366519975246248]], "chi2_level": 0.99, "chi2_df": 3, "chi2_threshold": 11.344866730144373, "N_raw": 42, "N_roi": 41, "N_inlier": 41, "refit": true}
{"timestamp": "15:37:58.418234", "frame": 91, "mu": [0.25419271652085346, 3.3553727571005107, 0.9231873187280921], "Sigma": [[0.008619962290409818, -0.0012319228998580475, -0.009918458086495437], [-0.0012319228998580473, 0.002346889392546726, -0.005770427315083409], [-0.009918458086495436, -0.005770427315083409, 0.11884823967484609]], "chi2_level": 0.99, "chi2_df": 3, "chi2_threshold": 11.344866730144373, "N_raw": 21, "N_roi": 18, "N_inlier": 17, "refit": true}
{"timestamp": "15:37:58.473861", "frame": 92, "mu": [0.33407149829380134, 3.3778493217239607, 1.161148551696145], "Sigma": [[0.007237363434574861, -0.0014254262257360902, -0.003499015438990642], [-0.0014254262257360902, 0.0017952434332668059, -0.0015516867673363254], [-0.003499015438990642, -0.0015516867673363254, 0.008709381506124271]], "chi2_level": 0.99, "chi2_df": 3, "chi2_threshold": 11.344866730144373, "N_raw": 27, "N_roi": 21, "N_inlier": 21, "refit": true}
{"timestamp": "15:37:58.533340", "frame": 93, "mu": [0.3530359022624436, 3.3932474155992947, 1.2844035420606792], "Sigma": [[0.016265130367600078, -0.0017367547289460362, -0.003565595678266941], [-0.0017367547289460362, 0.0038324704842860437, -0.005090422017670983], [-0.0035655956782669404, -0.005090422017670983, 0.013352713299001324]], "chi2_level": 0.99, "chi2_df": 3, "chi2_threshold": 11.344866730144373, "N_raw": 64, "N_roi": 62, "N_inlier": 57, "refit": true}
{"timestamp": "15:37:58.589564", "frame": 94, "mu": [0.4122076566934237, 3.3918685881807695, 1.2217264200443285], "Sigma": [[0.019698460788833885, -0.0031810199327866476, -0.009938150707238507], [-0.0031810199327866476, 0.004135875727568932, -0.002464706903679802], [-0.009938150707238507, -0.002464706903679802, 0.011279017324980538]], "chi2_level": 0.99, "chi2_df": 3, "chi2_threshold": 11.344866730144373, "N_raw": 65, "N_roi": 60, "N_inlier": 58, "refit": true}
{"timestamp": "15:37:58.638342", "frame": 95, "mu": [0.4455511793050081, 3.345697238191268, 1.3261163940452436], "Sigma": [[0.010865224657025661, -0.003544196724441946, -0.011837748200901405], [-0.003544196724441946, 0.0028121290223389055, 0.004070655456115669], [-0.011837748200901405, 0.004070655456115669, 0.0157232137241096]], "chi2_level": 0.99, "chi2_df": 3, "chi2_threshold": 11.344866730144373, "N_raw": 27, "N_roi": 25, "N_inlier": 24, "refit": true}
{"timestamp": "15:37:58.696172", "frame": 96, "mu": [0.45243221537374356, 3.4558925850300564, 1.4113855957442683], "Sigma": [[0.008337547148110074, -0.00222562767716098, -0.006878763002327173], [-0.00222562767716098, 0.0057767430131399665, 0.00477869224340397], [-0.006878763002327173, 0.00477869224340397, 0.024979804333743978]], "chi2_level": 0.99, "chi2_df": 3, "chi2_threshold": 11.344866730144373, "N_raw": 34, "N_roi": 34, "N_inlier": 32, "refit": true}
{"timestamp": "15:37:58.747920", "frame": 97, "mu": [0.5535852043576415, 3.3104148980857224, 1.207305064674788], "Sigma": [[0.009588925051092595, -0.002318546776095584, -0.005360270348838778], [-0.002318546776095584, 0.0020380645553872197, -0.0009930422693463854], [-0.005360270348838778, -0.0009930422693463852, 0.007755328546244098]], "chi2_level": 0.99, "chi2_df": 3, "chi2_threshold": 11.344866730144373, "N_raw": 27, "N_roi": 25, "N_inlier": 24, "refit": true}
{"timestamp": "15:37:58.809874", "frame": 98, "mu": [0.5725593648792768, 3.3933661037120215, 1.1636621255499342], "Sigma": [[0.014131282511456475, -0.0033269138213821866, -0.012583553244193139], [-0.003326913821382186, 0.004212106756258504, -0.0019005587604641818], [-0.012583553244193139, -0.0019005587604641818, 0.13369036242355362]], "chi2_level": 0.99, "chi2_df": 3, "chi2_threshold": 11.344866730144373, "N_raw": 68, "N_roi": 64, "N_inlier": 63, "refit": true}
{"timestamp": "15:37:58.862601", "frame": 99, "mu": [0.6051784957590154, 3.3997821046887187, 1.3807294800631564], "Sigma": [[0.01568118367885272, -0.00425152687016786, -0.007298373779414563], [-0.00425152687016786, 0.0070836372908911135, 0.00467833684932098], [-0.007298373779414563, 0.00467833684932098, 0.00594903393083208]], "chi2_level": 0.99, "chi2_df": 3, "chi2_threshold": 11.344866730144373, "N_raw": 52, "N_roi": 51, "N_inlier": 50, "refit": true}
{"timestamp": "15:37:58.985255", "frame": 100, "mu": [0.6200090328644289, 3.379792930902416, 1.268473769217758], "Sigma": [[0.013846481512731173, -0.0035452331868771735, -0.005337026565241104], [-0.0035452331868771735, 0.004594029350088816, -0.0015455935689716903], [-0.005337026565241104, -0.0015455935689716901, 0.0060673186263153584]], "chi2_level": 0.99, "chi2_df": 3, "chi2_threshold": 11.344866730144373, "N_raw": 52, "N_roi": 48, "N_inlier": 47, "refit": true}
{"timestamp": "15:37:59.017094", "frame": 101, "mu": [0.7441349504320715, 3.301459600180321, 1.1281866430569096], "Sigma": [[0.00648998546114086, -0.0013036496529800303, -0.005662335974839972], [-0.0013036496529800303, 0.0008428636863517033, 0.0003329027787153662], [-0.005662335974839972, 0.0003329027787153662, 0.011803263894090517]], "chi2_level": 0.99, "chi2_df": 3, "chi2_threshold": 11.344866730144373, "N_raw": 18, "N_roi": 17, "N_inlier": 15, "refit": true}
{"timestamp": "15:37:59.050278", "frame": 102, "mu": [0.755163752289215, 3.3594593013750345, 1.288363188532249], "Sigma": [[0.007757522895294088, -0.002918847785043997, -0.003712881038515647], [-0.002918847785043997, 0.0036910642950763236, 0.000615400227627435], [-0.003712881038515648, 0.0006154002276274352, 0.003198796787205518]], "chi2_level": 0.99, "chi2_df": 3, "chi2_threshold": 11.344866730144373, "N_raw": 23, "N_roi": 23, "N_inlier": 22, "refit": true}
{"timestamp": "15:37:59.132434", "frame": 104, "mu": [0.8804459516239418, 3.4527909803847407, 0.13825909187588017], "Sigma": [[0.014530803557694026, -0.002421490368812555, -0.006103043275327461], [-0.002421490368812555, 0.0017258569313069922, 0.0008548306222089791], [-0.006103043275327461, 0.0008548306222089791, 0.003750344928096023]], "chi2_level": 0.99, "chi2_df": 3, "chi2_threshold": 11.344866730144373, "N_raw": 27, "N_roi": 27, "N_inlier": 25, "refit": true}
{"timestamp": "15:37:59.254792", "frame": 105, "mu": [0.8852919767854711, 3.475081692717654, 0.11695848565894221], "Sigma": [[0.0061121700624026535, -0.0019853241618758353, -0.002652753123955749], [-0.001985324161875835, 0.004139409216768391, -0.0012186842943353916], [-0.002652753123955749, -0.0012186842943353916, 0.004709952478507812]], "chi2_level": 0.99, "chi2_df": 3, "chi2_threshold": 11.344866730144373, "N_raw": 29, "N_roi": 24, "N_inlier": 22, "refit": true}
{"timestamp": "15:37:59.361969", "frame": 108, "mu": [0.9748421668350656, 3.4637801386364426, 0.6186718662738933], "Sigma": [[0.021050105865356432, -0.010242755132576255, 0.01728663030371962], [-0.010242755132576258, 0.014022606032195668, -0.040734988115066845], [0.01728663030371962, -0.040734988115066845, 0.15280653699406035]], "chi2_level": 0.99, "chi2_df": 3, "chi2_threshold": 11.344866730144373, "N_raw": 64, "N_roi": 60, "N_inlier": 60, "refit": true}
{"timestamp": "15:37:59.408569", "frame": 109, "mu": [1.0563063891553568, 3.393529916535111, 0.8232158700214337], "Sigma": [[0.018541991672543404, -0.015165303504237903, 0.043032653050296646], [-0.0151653035042379, 0.016321993329573802, -0.04356852490759073], [0.043032653050296646, -0.04356852490759073, 0.15318284761638068]], "chi2_level": 0.99, "chi2_df": 3, "chi2_threshold": 11.344866730144373, "N_raw": 22, "N_roi": 22, "N_inlier": 21, "refit": true}
{"timestamp": "15:37:59.466367", "frame": 110, "mu": [1.1420352895615107, 3.4120405589734863, 1.2359664735731917], "Sigma": [[0.015580562129305591, -0.005592962300482571, -0.005136820290531419], [-0.005592962300482571, 0.006316905644076903, -0.006055150048882877], [-0.005136820290531419, -0.006055150048882879, 0.09102417113569339]], "chi2_level": 0.99, "chi2_df": 3, "chi2_threshold": 11.344866730144373, "N_raw": 45, "N_roi": 41, "N_inlier": 40, "refit": true}
{"timestamp": "15:37:59.572860", "frame": 112, "mu": [1.263271025023755, 3.368625395740491, 1.1219958790020776], "Sigma": [[0.014034233377004974, -0.005312989840710014, -0.005576216761652329], [-0.005312989840710014, 0.0037711344246974415, 0.0009737922283350226], [-0.005576216761652329, 0.0009737922283350225, 0.004705677496289318]], "chi2_level": 0.99, "chi2_df": 3, "chi2_threshold": 11.344866730144373, "N_raw": 26, "N_roi": 26, "N_inlier": 26, "refit": true}
{"timestamp": "15:37:59.793692", "frame": 116, "mu": [1.4234670114763723, 3.358383016059882, 0.9319244289773859], "Sigma": [[0.007449123342553743, -0.0017962487563836574, -0.001820704870070398], [-0.0017962487563836574, 0.0032254058717335124, 0.0006860266797451455], [-0.001820704870070398, 0.0006860266797451455, 0.022391106462953562]], "chi2_level": 0.99, "chi2_df": 3, "chi2_threshold": 11.344866730144373, "N_raw": 25, "N_roi": 21, "N_inlier": 19, "refit": true}
{"timestamp": "15:37:59.959991", "frame": 119, "mu": [1.5465583319073524, 3.5208257309792694, -0.04932726704355889], "Sigma": [[0.01693592938608829, -0.00391191465153055, -0.010765887449063542], [-0.00391191465153055, 0.0037753181989561794, 0.000704916999954544], [-0.010765887449063542, 0.000704916999954544, 0.009186734253929707]], "chi2_level": 0.99, "chi2_df": 3, "chi2_threshold": 11.344866730144373, "N_raw": 36, "N_roi": 35, "N_inlier": 33, "refit": true}
{"timestamp": "15:38:00.012058", "frame": 120, "mu": [1.5085320785770004, 3.454756779373363, 1.0060426492712478], "Sigma": [[0.005521258635497609, -0.0015525608665417179, 0.011373800708266057], [-0.0015525608665417179, 0.0023932669079417936, 0.0030095355405728537], [0.011373800708266059, 0.0030095355405728537, 0.11240383698634665]], "chi2_level": 0.99, "chi2_df": 3, "chi2_threshold": 11.344866730144373, "N_raw": 17, "N_roi": 17, "N_inlier": 17, "refit": true}
{"timestamp": "15:38:00.176221", "frame": 123, "mu": [1.6384878655277606, 3.410626781793816, 1.217929716934838], "Sigma": [[0.007389678894185973, -0.003390217605009399, -0.004440419109225018], [-0.0033902176050093994, 0.00267597418654238, 0.001302137166704914], [-0.004440419109225018, 0.001302137166704914, 0.012046909914523346]], "chi2_level": 0.99, "chi2_df": 3, "chi2_threshold": 11.344866730144373, "N_raw": 12, "N_roi": 12, "N_inlier": 11, "refit": true}
{"timestamp": "15:38:00.232981", "frame": 124, "mu": [1.6569901276977912, 3.512860874943822, 1.2883310175326184], "Sigma": [[0.015640458962591076, -0.0076262575361785035, -0.004659130996970062], [-0.0076262575361785035, 0.005217875189214862, 0.0011439391171330494], [-0.004659130996970062, 0.0011439391171330494, 0.003872640444603627]], "chi2_level": 0.99, "chi2_df": 3, "chi2_threshold": 11.344866730144373, "N_raw": 27, "N_roi": 25, "N_inlier": 24, "refit": true}
{"timestamp": "15:38:00.346156", "frame": 126, "mu": [1.6422286117696834, 3.5393091133137866, 1.3184046709984036], "Sigma": [[0.01895233354852617, -0.00709619996145692, -0.00525231489299011], [-0.00709619996145692, 0.00734393993237912, 0.0012238225149779954], [-0.00525231489299011, 0.0012238225149779954, 0.0032459707500239647]], "chi2_level": 0.99, "chi2_df": 3, "chi2_threshold": 11.344866730144373, "N_raw": 43, "N_roi": 42, "N_inlier": 42, "refit": true}
{"timestamp": "15:38:00.402745", "frame": 127, "mu": [1.7689564222135679, 3.4775109751045195, 1.0851715758931446], "Sigma": [[0.02424411562866902, -0.011480303762201353, -0.011220923787008315], [-0.011480303762201351, 0.009356256626999241, 0.0016330583713993856], [-0.011220923787008315, 0.0016330583713993854, 0.012045631885633267]], "chi2_level": 0.99, "chi2_df": 3, "chi2_threshold": 11.344866730144373, "N_raw": 54, "N_roi": 52, "N_inlier": 52, "refit": true}
{"timestamp": "15:38:00.457343", "frame": 128, "mu": [1.7196061654346115, 3.531954346841385, 1.1223402426212972], "Sigma": [[0.02546498874738916, -0.011351636602631662, -0.007831308008180538], [-0.011351636602631662, 0.009502375555942003, 0.002019952031291953], [-0.007831308008180538, 0.0020199520312919527, 0.004105877638946604]], "chi2_level": 0.99, "chi2_df": 3, "chi2_threshold": 11.344866730144373, "N_raw": 51, "N_roi": 50, "N_inlier": 50, "refit": true}
{"timestamp": "15:38:00.618468", "frame": 131, "mu": [1.835728140791124, 3.50373565562829, 1.0955189667819123], "Sigma": [[0.01902997099722241, -0.00859558798053071, -0.006572514496664996], [-0.00859558798053071, 0.00676213888273363, 0.0012294392987041915], [-0.006572514496664996, 0.0012294392987041913, 0.004409251929236388]], "chi2_level": 0.99, "chi2_df": 3, "chi2_threshold": 11.344866730144373, "N_raw": 35, "N_roi": 35, "N_inlier": 34, "refit": true}
{"timestamp": "15:38:00.837870", "frame": 135, "mu": [1.9134693057880294, 3.607497826607775, 0.6844294024937728], "Sigma": [[0.014674824857853234, -0.0031864922131097156, -0.025505424508124878], [-0.0031864922131097156, 0.0018284557412607766, 0.013561391080994436], [-0.02550542450812488, 0.013561391080994436, 0.260331475433068]], "chi2_level": 0.99, "chi2_df": 3, "chi2_threshold": 11.344866730144373, "N_raw": 20, "N_roi": 14, "N_inlier": 13, "refit": true}
{"timestamp": "15:38:01.112842", "frame": 140, "mu": [2.0434253207974398, 3.6026579824974405, 0.30611621973645303], "Sigma": [[0.008452870528629091, -0.004085096869453294, -0.0022694590447427518], [-0.004085096869453294, 0.005915363674543172, -0.0014697223564586442], [-0.0022694590447427518, -0.0014697223564586444, 0.004116894895367545]], "chi2_level": 0.99, "chi2_df": 3, "chi2_threshold": 11.344866730144373, "N_raw": 19, "N_roi": 17, "N_inlier": 17, "refit": true}
{"timestamp": "15:38:01.939361", "frame": 155, "mu": [2.200474932697925, 3.5957290262944004, 1.3431698100773617], "Sigma": [[0.009524393684016861, -0.004088963964530353, 0.0012403924378987237], [-0.004088963964530353, 0.004095028103768817, -0.000748332851133414], [0.0012403924378987237, -0.0007483328511334141, 0.0002484204759789798]], "chi2_level": 0.99, "chi2_df": 3, "chi2_threshold": 11.344866730144373, "N_raw": 26, "N_roi": 20, "N_inlier": 18, "refit": true}
