{"timestamp": "15:51:23.754678", "frame": 15, "mu": [-2.3766844738775643, 4.930101454945149, 0.7223440110514998], "Sigma": [[0.0083479392683653, 0.0020065182936552023, -0.008247917608199616], [0.0020065182936552023, 0.0017674915387376497, -0.0032329195616307748], [-0.008247917608199616, -0.003232919561630775, 0.011245171087203593]], "chi2_level": 0.99, "chi2_df": 3, "chi2_threshold": 11.344866730144373, "N_raw": 41, "N_roi": 12, "N_inlier": 12, "refit": true}
{"timestamp": "15:51:23.862214", "frame": 17, "mu": [-2.392009376084618, 4.914567706619615, 0.8461127458385591], "Sigma": [[0.005762387047098859, 0.002870040579156858, -0.0019205733254547513], [0.002870040579156858, 0.003347047491527927, -0.0013486360103587296], [-0.0019205733254547515, -0.0013486360103587296, 0.000978262296839719]], "chi2_level": 0.99, "chi2_df": 3, "chi2_threshold": 11.344866730144373, "N_raw": 27, "N_roi": 11, "N_inlier": 11, "refit": true}
{"timestamp": "15:51:23.919040", "frame": 18, "mu": [-2.320668806101246, 4.830150475449909, 0.504284151876117], "Sigma": [[0.012795240728906853, 0.0015170541599199396, -0.016948230457488313], [0.00151705415991994, 0.0023319205455308994, -0.005108269605047598], [-0.016948230457488313, -0.005108269605047598, 0.031185902677839567]], "chi2_level": 0.99, "chi2_df": 3, "chi2_threshold": 11.344866730144373, "N_raw": 41, "N_roi": 25, "N_inlier": 25, "refit": true}
{"timestamp": "15:51:24.083385", "frame": 21, "mu": [-2.3463049021584417, 4.754522511776448, 0.6503452772542487], "Sigma": [[0.007903934506454074, 0.0025060903104954955, -0.0026497036577560135], [0.0025060903104954955, 0.002928482223925746, -0.0015869503801189695], [-0.0026497036577560135, -0.0015869503801189695, 0.0013595199783901274]], "chi2_level": 0.99, "chi2_df": 3, "chi2_threshold": 11.344866730144373, "N_raw": 21, "N_roi": 16, "N_inlier": 15, "refit": true}
{"timestamp": "15:51:24.301662", "frame": 25, "mu": [-2.2993884427024542, 4.667769140550849, 0.7007278666458695], "Sigma": [[0.010043407527946508, 0.0029906710930502466, 0.000980494891054495], [0.0029906710930502466, 0.0019673466139399944, -0.001159238436229705], [0.0009804948910544953, -0.001159238436229705, 0.0028748060198653274]], "chi2_level": 0.99, "chi2_df": 3, "chi2_threshold": 11.344866730144373, "N_raw": 13, "N_roi": 10, "N_inlier": 10, "refit": true}
{"timestamp": "15:51:24.358739", "frame": 26, "mu": [-2.314990102747662, 4.593177085237007, 0.7526036494708789], "Sigma": [[0.010643681696516827, 0.002691093101517255, -0.00618170484243009], [0.0026910931015172545, 0.002633165328850229, -0.0033810525569810393], [-0.00618170484243009, -0.0033810525569810393, 0.007782372835929245]], "chi2_level": 0.99, "chi2_df": 3, "chi2_threshold": 11.344866730144373, "N_raw": 25, "N_roi": 19, "N_inlier": 18, "refit": true}
{"timestamp": "15:51:24.417233", "frame": 27, "mu": [-2.312006543299359, 4.595999854814437, 0.65971604925293], "Sigma": [[0.011129568441405254, 0.002261602032864104, -0.0045176637206028325], [0.002261602032864104, 0.002974478780533936, -0.004982994761211602], [-0.0045176637206028325, -0.004982994761211602, 0.012934282526667845]], "chi2_level": 0.99, "chi2_df": 3, "chi2_threshold": 11.344866730144373, "N_raw": 46, "N_roi": 25, "N_inlier": 25, "refit": true}
{"timestamp": "15:51:24.526898", "frame": 29, "mu": [-2.2639317477938423, 4.484518388073905, 0.7827294097680154], "Sigma": [[0.019267863063866145, 0.006388711661263237, -0.008660921021321455], [0.006388711661263237, 0.0042328466470429, -0.004985606148199694], [-0.008660921021321455, -0.004985606148199694, 0.00826990141733563]], "chi2_level": 0.99, "chi2_df": 3, "chi2_threshold": 11.344866730144373, "N_raw": 35, "N_roi": 27, "N_inlier": 27, "refit": true}
{"timestamp": "15:51:24.632632", "frame": 31, "mu": [-2.372768471033907, 4.42849876228262, 0.8052181984173118], "Sigma": [[0.005192604692933569, 0.0010370837883660316, -0.0007823218161885394], [0.0010370837883660316, 0.002067437684105407, -0.005386344168124988], [-0.0007823218161885395, -0.005386344168124989, 0.02571154809534094]], "chi2_level": 0.99, "chi2_df": 3, "chi2_threshold": 11.344866730144373, "N_raw": 16, "N_roi": 10, "N_inlier": 10, "refit": true}
{"timestamp": "15:51:24.692424", "frame": 32, "mu": [-2.299489339623416, 4.39427095750307, 0.6745181825205167], "Sigma": [[0.01400645331812755, 0.004303378194589409, -0.00480720729206813], [0.004303378194589409, 0.0043059302422288745, -0.005977950349309807], [-0.004807207292068131, -0.005977950349309807, 0.011844790848830762]], "chi2_level": 0.99, "chi2_df": 3, "chi2_threshold": 11.344866730144373, "N_raw": 47, "N_roi": 30, "N_inlier": 30, "refit": true}
{"timestamp": "15:51:24.747383", "frame": 33, "mu": [-2.2857131664962496, 4.356673802568173, 0.8275747441486986], "Sigma": [[0.017864224604700142, 0.005596756533892245, -0.012886766208778905], [0.005596756533892246, 0.0032555089259899434, -0.00840491721497812], [-0.012886766208778905, -0.00840491721497812, 0.03082392555404217]], "chi2_level": 0.99, "chi2_df": 3, "chi2_threshold": 11.344866730144373, "N_raw": 38, "N_roi": 30, "N_inlier": 30, "refit": true}
{"timestamp": "15:51:24.801123", "frame": 34, "mu": [-2.2694053353102297, 4.3017838584389505, 0.6666386773809674], "Sigma": [[0.020500665054198057, 0.006524836853111926, -0.005435220236630851], [0.006524836853111926, 0.003339327211639781, -0.0047461114672230145], [-0.005435220236630851, -0.0047461114672230145, 0.01237820165647061]], "chi2_level": 0.99, "chi2_df": 3, "chi2_threshold": 11.344866730144373, "N_raw": 32, "N_roi": 27, "N_inlier": 27, "refit": true}
{"timestamp": "15:51:24.967140", "frame": 37, "mu": [-2.316394692407461, 4.165814144706328, 0.9372716874598098], "Sigma": [[0.01415174536254977, 0.004864848599323967, -0.004463469985659929], [0.004864848599323968, 0.0048537489790718156, -0.0063097936975820244], [-0.00446346998565993, -0.0063097936975820244, 0.011787297844038454]], "chi2_level": 0.99, "chi2_df": 3, "chi2_threshold": 11.344866730144373, "N_raw": 48, "N_roi": 31, "N_inlier": 31, "refit": true}
{"timestamp": "15:51:25.018626", "frame": 38, "mu": [-2.371105376066069, 4.0563320903464035, 0.8545809257510274], "Sigma": [[0.005228083438399312, 0.002256979183174707, -0.0011479505505934027], [0.002256979183174707, 0.0034652707406619297, -0.0017329916059077052], [-0.0011479505505934027, -0.0017329916059077052, 0.001049708325605814]], "chi2_level": 0.99, "chi2_df": 3, "chi2_threshold": 11.344866730144373, "N_raw": 17, "N_roi": 13, "N_inlier": 12, "refit": true}
{"timestamp": "15:51:25.076831", "frame": 39, "mu": [-2.267159737442059, 4.057157792596568, 0.8114659857104252], "Sigma": [[0.017992687202837743, 0.003462359677895319, -0.015340226166046694], [0.003462359677895319, 0.0030543154728343994, -0.006045181308194786], [-0.015340226166046694, -0.006045181308194787, 0.01917289671365917]], "chi2_level": 0.99, "chi2_df": 3, "chi2_threshold": 11.344866730144373, "N_raw": 40, "N_roi": 30, "N_inlier": 30, "refit": true}
{"timestamp": "15:51:25.131020", "frame": 40, "mu": [-2.273105702644104, 4.009521663727597, 0.7939473117797817], "Sigma": [[0.014596399883634679, 0.0051158304948974095, -0.010408225327950393], [0.0051158304948974095, 0.005256470557277089, -0.007643145228795327], [-0.010408225327950393, -0.007643145228795327, 0.015659077840192145]], "chi2_level": 0.99, "chi2_df": 3, "chi2_threshold": 11.344866730144373, "N_raw": 32, "N_roi": 30, "N_inlier": 30, "refit": true}
{"timestamp": "15:51:25.184177", "frame": 41, "mu": [-2.165896122371502, 4.008488140365789, 0.7071833063363475], "Sigma": [[0.013799548906063096, 0.002402345098432317, -0.009749027940777694], [0.0024023450984323176, 0.0026165369581455386, -0.004118458616126013], [-0.009749027940777694, -0.004118458616126013, 0.012787785611235749]], "chi2_level": 0.99, "chi2_df": 3, "chi2_threshold": 11.344866730144373, "N_raw": 19, "N_roi": 18, "N_inlier": 18, "refit": true}
{"timestamp": "15:51:25.242756", "frame": 42, "mu": [-2.268396555958394, 3.952043308871226, 0.8254057221140646], "Sigma": [[0.021306027332371184, 0.005779364592869876, -0.01448139881771001], [0.005779364592869876, 0.006260901425018286, -0.007511628593980078], [-0.01448139881771001, -0.007511628593980078, 0.013961514181256308]], "chi2_level": 0.99, "chi2_df": 3, "chi2_threshold": 11.344866730144373, "N_raw": 47, "N_roi": 41, "N_inlier": 41, "refit": true}
{"timestamp": "15:51:25.347634", "frame": 44, "mu": [-2.2236712626816324, 3.8687044478328896, 0.7321502783517427], "Sigma": [[0.01734748640445352, 0.0031376849505257306, -0.014307460417400702], [0.0031376849505257306, 0.0013843246941914902, -0.0039352292240202435], [-0.014307460417400702, -0.0039352292240202435, 0.017785155129370754]], "chi2_level": 0.99, "chi2_df": 3, "chi2_threshold": 11.344866730144373, "N_raw": 22, "N_roi": 22, "N_inlier": 21, "refit": true}
{"timestamp": "15:51:25.407092", "frame": 45, "mu": [-2.216107592012331, 3.993721117138864, -0.17775052779344816], "Sigma": [[0.02651752415186261, 0.014744595679503585, -0.024857295751221167], [0.014744595679503585, 0.014883141228086651, -0.02434807200489312], [-0.024857295751221167, -0.02434807200489312, 0.042131499109068674]], "chi2_level": 0.99, "chi2_df": 3, "chi2_threshold": 11.344866730144373, "N_raw": 49, "N_roi": 49, "N_inlier": 49, "refit": true}
{"timestamp": "15:51:25.461940", "frame": 46, "mu": [-2.2087573373052023, 3.737515888854362, 0.7018510307003938], "Sigma": [[0.02246730050275303, 0.005959725655475418, -0.016184900586900974], [0.005959725655475418, 0.003940680536285047, -0.007977120341766054], [-0.016184900586900974, -0.007977120341766054, 0.020404279362578596]], "chi2_level": 0.99, "chi2_df": 3, "chi2_threshold": 11.344866730144373, "N_raw": 39, "N_roi": 39, "N_inlier": 39, "refit": true}
{"timestamp": "15:51:25.514261", "frame": 47, "mu": [-2.104260282203799, 3.727159312279244, 0.6076463671928565], "Sigma": [[0.02251758825780164, 0.0022040798397085655, -0.014333700732875891], [0.0022040798397085655, 0.0026607476899211694, -0.0027181998447414315], [-0.014333700732875891, -0.0027181998447414315, 0.011721733427445568]], "chi2_level": 0.99, "chi2_df": 3, "chi2_threshold": 11.344866730144373, "N_raw": 26, "N_roi": 26, "N_inlier": 26, "refit": true}
{"timestamp": "15:51:25.569092", "frame": 48, "mu": [-2.1384303590943157, 3.680378771797422, 0.7509549203904831], "Sigma": [[0.019052084528042006, 0.0022697572779055973, -0.008409378247587055], [0.002269757277905597, 0.0024569967002377744, -0.00305651263063], [-0.008409378247587055, -0.00305651263063, 0.007394066726770498]], "chi2_level": 0.99, "chi2_df": 3, "chi2_threshold": 11.344866730144373, "N_raw": 28, "N_roi": 28, "N_inlier": 28, "refit": true}
{"timestamp": "15:51:25.626308", "frame": 49, "mu": [-2.239722465054673, 3.59140137517114, 0.9661271432910479], "Sigma": [[0.01828964810076141, 0.006679095601270375, -0.01185507791665404], [0.006679095601270375, 0.004034067329616462, -0.00809876335386285], [-0.01185507791665404, -0.008098763353862852, 0.019268561134298604]], "chi2_level": 0.99, "chi2_df": 3, "chi2_threshold": 11.344866730144373, "N_raw": 37, "N_roi": 37, "N_inlier": 35, "refit": true}
{"timestamp": "15:51:25.678828", "frame": 50, "mu": [-2.1214226674438548, 3.6139442377441973, 0.657600804328453], "Sigma": [[0.014558238948567871, 0.0018712703811595678, -0.004359464900056198], [0.0018712703811595678, 0.0010274091388369929, -0.002005894113446569], [-0.004359464900056198, -0.0020058941134465692, 0.006967363989033829]], "chi2_level": 0.99, "chi2_df": 3, "chi2_threshold": 11.344866730144373, "N_raw": 20, "N_roi": 20, "N_inlier": 19, "refit": true}
{"timestamp": "15:51:25.787921", "frame": 52, "mu": [-2.182918719615329, 3.501590440689458, 0.8358747282900055], "Sigma": [[0.009676900400780347, 0.0010985829555797799, 0.0007828268607118904], [0.0010985829555797797, 0.002868418431003517, -0.00889330969594074], [0.0007828268607118906, -0.00889330969594074, 0.03556278553124119]], "chi2_level": 0.99, "chi2_df": 3, "chi2_threshold": 11.344866730144373, "N_raw": 14, "N_roi": 14, "N_inlier": 14, "refit": true}
{"timestamp": "15:51:25.846929", "frame": 53, "mu": [-2.2115230154370495, 3.4566594571785023, 0.854053355700303], "Sigma": [[0.022007193777432463, 0.0026981642469023955, -0.016408449879232172], [0.0026981642469023955, 0.0034982281338967404, -0.00596055063999641], [-0.016408449879232172, -0.005960550639996411, 0.019563294643975566]], "chi2_level": 0.99, "chi2_df": 3, "chi2_threshold": 11.344866730144373, "N_raw": 45, "N_roi": 45, "N_inlier": 45, "refit": true}
{"timestamp": "15:51:25.900925", "frame": 54, "mu": [-2.279362450482594, 3.3959795281369436, 0.9235415167252118], "Sigma": [[0.013837898573334341, 0.004818574039910057, -0.012823727456562142], [0.004818574039910057, 0.0036124279580264625, -0.007883242982374607], [-0.012823727456562144, -0.007883242982374607, 0.02233128942384228]], "chi2_level": 0.99, "chi2_df": 3, "chi2_threshold": 11.344866730144373, "N_raw": 31, "N_roi": 31, "N_inlier": 30, "refit": true}
{"timestamp": "15:51:25.953630", "frame": 55, "mu": [-2.14875676145837, 3.362095988332708, 0.9070506712327315], "Sigma": [[0.010030456461789112, 0.0019246917836111279, -0.0029198672645159318], [0.0019246917836111279, 0.0018517093340774543, -0.003404064824730871], [-0.002919867264515932, -0.003404064824730871, 0.009930447219224474]], "chi2_level": 0.99, "chi2_df": 3, "chi2_threshold": 11.344866730144373, "N_raw": 16, "N_roi": 16, "N_inlier": 15, "refit": true}
{"timestamp": "15:51:26.014699", "frame": 56, "mu": [-2.2519477773884846, 3.2964925151490654, 0.8251703805330395], "Sigma": [[0.01888769411061923, 0.00580298727667981, -0.006976439840298174], [0.00580298727667981, 0.003291620478325403, -0.008421002967364428], [-0.006976439840298176, -0.008421002967364428, 0.04948526850063248]], "chi2_level": 0.99, "chi2_df": 3, "chi2_threshold": 11.344866730144373, "N_raw": 59, "N_roi": 56, "N_inlier": 56, "refit": true}
{"timestamp": "15:51:26.065025", "frame": 57, "mu": [-2.266131322813506, 3.227172149966266, 0.6089496016915095], "Sigma": [[0.0162479607624925, 0.004257622290225405, -0.002363497156153079], [0.004257622290225405, 0.002143136231911368, -0.0020794150682545134], [-0.00236349715615308, -0.0020794150682545134, 0.017908029314438297]], "chi2_level": 0.99, "chi2_df": 3, "chi2_threshold": 11.344866730144373, "N_raw": 25, "N_roi": 23, "N_inlier": 23, "refit": true}
{"timestamp": "15:51:26.126352", "frame": 58, "mu": [-2.223340555055952, 3.191305672622809, 0.7398431195708937], "Sigma": [[0.020901291269485336, 0.006953190781321914, -0.0019932487304509566], [0.006953190781321914, 0.0033079882190351255, -0.005499960155076481], [-0.001993248730450956, -0.005499960155076481, 0.05625036694489304]], "chi2_level": 0.99, "chi2_df": 3, "chi2_threshold": 11.344866730144373, "N_raw": 66, "N_roi": 62, "N_inlier": 62, "refit": true}
{"timestamp": "15:51:26.230403", "frame": 60, "mu": [-2.1982648352358782, 3.114055988640178, 0.868752560867255], "Sigma": [[0.016921043545159435, 0.006464334641329195, -0.00016363207271940378], [0.006464334641329195, 0.002768129694058605, -0.0011062706667642854], [-0.0001636320727194029, -0.0011062706667642856, 0.023966609207406384]], "chi2_level": 0.99, "chi2_df": 3, "chi2_threshold": 11.344866730144373, "N_raw": 31, "N_roi": 31, "N_inlier": 30, "refit": true}
{"timestamp": "15:51:26.284306", "frame": 61, "mu": [-2.1795331244298533, 3.0546725529134786, 1.1617922473295519], "Sigma": [[0.01053507840535166, 0.004306470666341475, -0.006964415659360523], [0.004306470666341475, 0.004050948935852612, -0.005549092675107201], [-0.006964415659360523, -0.005549092675107201, 0.010730469759332324]], "chi2_level": 0.99, "chi2_df": 3, "chi2_threshold": 11.344866730144373, "N_raw": 24, "N_roi": 24, "N_inlier": 23, "refit": true}
{"timestamp": "15:51:26.393824", "frame": 63, "mu": [-2.1769487415191566, 3.1086734385642676, -0.3832313553484399], "Sigma": [[0.010544645191908428, 0.010561099924586547, 0.015567602235730445], [0.010561099924586547, 0.016932074733525718, 0.021518749259021253], [0.015567602235730445, 0.02151874925902126, 0.05728671522477344]], "chi2_level": 0.99, "chi2_df": 3, "chi2_threshold": 11.344866730144373, "N_raw": 22, "N_roi": 21, "N_inlier": 20, "refit": true}
{"timestamp": "15:51:26.504658", "frame": 65, "mu": [-2.174318999955739, 2.898565807801373, 0.8871278936395877], "Sigma": [[0.013277978737735036, 0.0043223523660960985, -0.007096619949876688], [0.0043223523660960985, 0.003896228417891732, -0.004935116487329194], [-0.007096619949876688, -0.004935116487329193, 0.009199020396091355]], "chi2_level": 0.99, "chi2_df": 3, "chi2_threshold": 11.344866730144373, "N_raw": 33, "N_roi": 33, "N_inlier": 32, "refit": true}
{"timestamp": "15:51:26.612700", "frame": 67, "mu": [-2.237603644036903, 2.8000834412496194, 1.1491774990790438], "Sigma": [[0.013249840181584182, 0.006090547470453213, 0.0022642377559189283], [0.006090547470453213, 0.002994336799979097, 0.0001336861474068075], [0.002264237755918928, 0.00013368614740680794, 0.03080737855764473]], "chi2_level": 0.99, "chi2_df": 3, "chi2_threshold": 11.344866730144373, "N_raw": 16, "N_roi": 15, "N_inlier": 14, "refit": true}
{"timestamp": "15:51:26.675111", "frame": 68, "mu": [-2.1747307005329812, 2.75100392700682, 0.994588165842138], "Sigma": [[0.021128996389565828, 0.008173904426964673, -0.005328582742735381], [0.008173904426964673, 0.005746034786272871, -0.00972455597727093], [-0.00532858274273538, -0.00972455597727093, 0.029977457300255608]], "chi2_level": 0.99, "chi2_df": 3, "chi2_threshold": 11.344866730144373, "N_raw": 68, "N_roi": 63, "N_inlier": 63, "refit": true}
{"timestamp": "15:51:26.723767", "frame": 69, "mu": [-2.323501970557378, 2.6722080057339133, 0.8782135448494387], "Sigma": [[0.011256303940652171, -0.0006346562243170811, -0.01080514195423432], [-0.0006346562243170809, 0.0020205396095127615, 0.0012809728457529035], [-0.010805141954234323, 0.0012809728457529035, 0.012119210524985826]], "chi2_level": 0.99, "chi2_df": 3, "chi2_threshold": 11.344866730144373, "N_raw": 19, "N_roi": 12, "N_inlier": 10, "refit": true}
{"timestamp": "15:51:26.778647", "frame": 70, "mu": [-2.206506245575568, 2.6012613362231867, 1.0330990192535645], "Sigma": [[0.009231398283139325, 0.002024431305805864, -0.0012500692531835953], [0.002024431305805864, 0.0021306327910156817, -0.004415438394879242], [-0.0012500692531835953, -0.004415438394879242, 0.012607313107689021]], "chi2_level": 0.99, "chi2_df": 3, "chi2_threshold": 11.344866730144373, "N_raw": 18, "N_roi": 15, "N_inlier": 15, "refit": true}
{"timestamp": "15:51:26.834152", "frame": 71, "mu": [-2.12395655869547, 2.5775869486274328, 0.9197408930768514], "Sigma": [[0.013099490438395664, 0.005145664668986066, -0.008635849547834652], [0.005145664668986066, 0.0029649007829936685, -0.005828588786515794], [-0.008635849547834652, -0.005828588786515794, 0.015451436591421614]], "chi2_level": 0.99, "chi2_df": 3, "chi2_threshold": 11.344866730144373, "N_raw": 28, "N_roi": 26, "N_inlier": 24, "refit": true}
{"timestamp": "15:51:26.890215", "frame": 72, "mu": [-2.145478572293455, 2.536937070548049, 0.9745765756754825], "Sigma": [[0.014036438314643905, 0.0056430558307733044, -0.003031311681250596], [0.005643055830773305, 0.003917580814629513, -0.00452674972031367], [-0.003031311681250596, -0.00452674972031367, 0.011107881439903584]], "chi2_level": 0.99, "chi2_df": 3, "chi2_threshold": 11.344866730144373, "N_raw": 35, "N_roi": 34, "N_inlier": 34, "refit": true}
{"timestamp": "15:51:26.946893", "frame": 73, "mu": [-2.1250173230784295, 2.6223430716885487, -0.24549558223049806], "Sigma": [[0.01563512304218999, 0.009577728290844864, -0.007703886404081197], [0.009577728290844864, 0.012097165073138424, -0.014037372212091495], [-0.007703886404081197, -0.014037372212091495, 0.018964766685025176]], "chi2_level": 0.99, "chi2_df": 3, "chi2_threshold": 11.344866730144373, "N_raw": 50, "N_roi": 50, "N_inlier": 50, "refit": true}
{"timestamp": "15:51:27.001161", "frame": 74, "mu": [-2.1080730609542386, 2.4741101517550605, 0.9922902613442002], "Sigma": [[0.01567886514893969, 0.00589404226993509, -0.007956593002812925], [0.00589404226993509, 0.004186551756646391, -0.006347937215509835], [-0.007956593002812923, -0.006347937215509835, 0.013063798248827876]], "chi2_level": 0.99, "chi2_df": 3, "chi2_threshold": 11.344866730144373, "N_raw": 39, "N_roi": 39, "N_inlier": 38, "refit": true}
{"timestamp": "15:51:27.054962", "frame": 75, "mu": [-2.1379155592093575, 2.3926267107486625, 0.9108528687611107], "Sigma": [[0.005524677508276576, 0.0026193224038077627, -0.00037611098605625464], [0.0026193224038077623, 0.0017587220039174405, -0.0029948505071479324], [-0.0003761109860562549, -0.0029948505071479324, 0.02795329197864712]], "chi2_level": 0.99, "chi2_df": 3, "chi2_threshold": 11.344866730144373, "N_raw": 31, "N_roi": 21, "N_inlier": 20, "refit": true}
{"timestamp": "15:51:27.118094", "frame": 76, "mu": [-2.144642123411129, 2.3305822051365355, 1.012511600244062], "Sigma": [[0.017827735651458107, 0.00893068281040229, 0.00409393934062303], [0.008930682810402291, 0.007141775044722374, -0.002046879185366995], [0.00409393934062303, -0.0020468791853669958, 0.07666195427322396]], "chi2_level": 0.99, "chi2_df": 3, "chi2_threshold": 11.344866730144373, "N_raw": 79, "N_roi": 71, "N_inlier": 68, "refit": true}
{"timestamp": "15:51:27.164469", "frame": 77, "mu": [-1.9197328562209908, 2.572208135509632, -0.5504120483084389], "Sigma": [[0.016699124709072803, 0.006713190639162154, -0.007179355154420034], [0.006713190639162155, 0.004471262397448289, -0.004326127534990375], [-0.007179355154420034, -0.004326127534990374, 0.010824703849668998]], "chi2_level": 0.99, "chi2_df": 3, "chi2_threshold": 11.344866730144373, "N_raw": 28, "N_roi": 28, "N_inlier": 26, "refit": true}
{"timestamp": "15:51:27.221620", "frame": 78, "mu": [-2.0421522325129247, 2.4760236310311736, -0.6668206208246208], "Sigma": [[0.012399794646485834, 0.007568299898813418, 0.013906279506746663], [0.007568299898813418, 0.016110297062998043, 0.020890306327281963], [0.013906279506746664, 0.020890306327281963, 0.049404809232533736]], "chi2_level": 0.99, "chi2_df": 3, "chi2_threshold": 11.344866730144373, "N_raw": 37, "N_roi": 34, "N_inlier": 33, "refit": true}
{"timestamp": "15:51:27.273125", "frame": 79, "mu": [-2.0660470053705513, 2.2280650904309236, 0.8375738596787073], "Sigma": [[0.01334483113365584, -0.0044748062894998854, -0.004261045456270584], [-0.0044748062894998854, 0.002883320726201777, 0.0015915036964606944], [-0.004261045456270584, 0.0015915036964606944, 0.010054535183281718]], "chi2_level": 0.99, "chi2_df": 3, "chi2_threshold": 11.344866730144373, "N_raw": 15, "N_roi": 12, "N_inlier": 12, "refit": true}
{"timestamp": "15:51:27.333102", "frame": 80, "mu": [-2.088261457358484, 2.1299686517932424, 0.9910141738398808], "Sigma": [[0.03690110557852788, 0.012378199628087387, -0.027151028958227807], [0.012378199628087387, 0.009571593284333038, -0.009657183030704852], [-0.027151028958227803, -0.009657183030704852, 0.021398575921946127]], "chi2_level": 0.99, "chi2_df": 3, "chi2_threshold": 11.344866730144373, "N_raw": 52, "N_roi": 49, "N_inlier": 47, "refit": true}
{"timestamp": "15:51:27.384443", "frame": 81, "mu": [-2.1318214231473, 2.0636506393950116, 0.9568524487101617], "Sigma": [[0.023549817886703888, 0.010894934115774128, -0.016390976491497067], [0.010894934115774128, 0.007398334768825988, -0.013875248153424398], [-0.016390976491497067, -0.013875248153424398, 0.033291985186068206]], "chi2_level": 0.99, "chi2_df": 3, "chi2_threshold": 11.344866730144373, "N_raw": 23, "N_roi": 22, "N_inlier": 22, "refit": true}
{"timestamp": "15:51:27.446019", "frame": 82, "mu": [-2.1544788668324206, 1.9832899597209577, 1.268524835709817], "Sigma": [[0.03364520352431678, 0.019996202828840848, -0.03011931938476882], [0.019996202828840848, 0.014816221916663503, -0.02033951436624684], [-0.030119319384768816, -0.02033951436624684, 0.03405589637798619]], "chi2_level": 0.99, "chi2_df": 3, "chi2_threshold": 11.344866730144373, "N_raw": 66, "N_roi": 57, "N_inlier": 54, "refit": true}
{"timestamp": "15:51:27.493163", "frame": 83, "mu": [-2.2264698495161173, 1.8720317300360352, 1.2868474073647094], "Sigma": [[0.033997660181773956, 0.024789269996321972, -0.03622360913746641], [0.024789269996321976, 0.02287705310015588, -0.03263392131274642], [-0.03622360913746641, -0.032633921312746415, 0.05006741671445312]], "chi2_level": 0.99, "chi2_df": 3, "chi2_threshold": 11.344866730144373, "N_raw": 18, "N_roi": 18, "N_inlier": 18, "refit": true}
{"timestamp": "15:51:27.551315", "frame": 84, "mu": [-2.2502318396696714, 1.9993920552196638, -0.3870795863975543], "Sigma": [[0.017980789289310024, 0.011185034893434094, -0.006676283670459081], [0.011185034893434094, 0.020798543379944905, -0.01873878721773319], [-0.006676283670459082, -0.01873878721773319, 0.022571295039380473]], "chi2_level": 0.99, "chi2_df": 3, "chi2_threshold": 11.344866730144373, "N_raw": 39, "N_roi": 39, "N_inlier": 39, "refit": true}
{"timestamp": "15:51:27.608764", "frame": 85, "mu": [-2.2246403010628333, 1.7774495287747551, 1.2855627131428369], "Sigma": [[0.014801627498348447, 0.010046576517752561, -0.014073431476117651], [0.010046576517752561, 0.016754936711003934, -0.010572170545965523], [-0.014073431476117651, -0.010572170545965523, 0.016774862492328686]], "chi2_level": 0.99, "chi2_df": 3, "chi2_threshold": 11.344866730144373, "N_raw": 55, "N_roi": 55, "N_inlier": 52, "refit": true}
{"timestamp": "15:51:27.664652", "frame": 86, "mu": [-2.1150366482678034, 1.8207931461611542, 1.0819857417324057], "Sigma": [[0.025696379285204875, 0.01852753561385603, -0.024469826607329086], [0.01852753561385603, 0.015683869886612883, -0.0210113044936914], [-0.024469826607329086, -0.0210113044936914, 0.033528366063430494]], "chi2_level": 0.99, "chi2_df": 3, "chi2_threshold": 11.344866730144373, "N_raw": 61, "N_roi": 60, "N_inlier": 56, "refit": true}
{"timestamp": "15:51:27.721381", "frame": 87, "mu": [-2.1091890144737104, 1.720011931352966, 0.9598109744758868], "Sigma": [[0.021195823709045054, 0.015091592485187745, -0.02381621009636148], [0.015091592485187743, 0.015205178208508188, -0.025745801497375955], [-0.02381621009636148, -0.025745801497375955, 0.052993174383607414]], "chi2_level": 0.99, "chi2_df": 3, "chi2_threshold": 11.344866730144373, "N_raw": 76, "N_roi": 76, "N_inlier": 76, "refit": true}
{"timestamp": "15:51:27.779023", "frame": 88, "mu": [-2.1983481633903876, 1.6622100252621521, 1.2162340674980616], "Sigma": [[0.016496624217583526, 0.013394993181968372, -0.014097151318773598], [0.013394993181968372, 0.016058141372228277, -0.019485592906500072], [-0.014097151318773602, -0.019485592906500072, 0.0843993692198417]], "chi2_level": 0.99, "chi2_df": 3, "chi2_threshold": 11.344866730144373, "N_raw": 86, "N_roi": 86, "N_inlier": 85, "refit": true}
{"timestamp": "15:51:27.831515", "frame": 89, "mu": [-2.174489476860571, 1.6020700865822628, 1.2315249113906082], "Sigma": [[0.010386468443754982, 0.0093772623004121, -0.009811039412366156], [0.009377262300412102, 0.018292379329385267, -0.02464686730751044], [-0.009811039412366156, -0.02464686730751044, 0.04955491875946094]], "chi2_level": 0.99, "chi2_df": 3, "chi2_threshold": 11.344866730144373, "N_raw": 66, "N_roi": 66, "N_inlier": 64, "refit": true}
{"timestamp": "15:51:27.886546", "frame": 90, "mu": [-2.1096163900564457, 1.5628483098731556, 1.1897259541903888], "Sigma": [[0.014864699703074882, 0.013813933580546642, -0.01888333983138959], [0.013813933580546642, 0.02172433000917414, -0.031115487187820663], [-0.018883339831389588, -0.03111548718782066, 0.051662585426976645]], "chi2_level": 0.99, "chi2_df": 3, "chi2_threshold": 11.344866730144373, "N_raw": 78, "N_roi": 78, "N_inlier": 77, "refit": true}
{"timestamp": "15:51:27.947122", "frame": 91, "mu": [-2.09775534163541, 1.51109695413652, 1.0930658550458907], "Sigma": [[0.01650169389165984, 0.012811692932248132, -0.012983833966745245], [0.01281169293224813, 0.018983539604386875, -0.02987411298968943], [-0.012983833966745245, -0.02987411298968943, 0.07158852556518037]], "chi2_level": 0.99, "chi2_df": 3, "chi2_threshold": 11.344866730144373, "N_raw": 113, "N_roi": 113, "N_inlier": 113, "refit": true}
{"timestamp": "15:51:27.997212", "frame": 92, "mu": [-2.1310610374285393, 1.4182755764146395, 1.2391605506148156], "Sigma": [[0.011342450705400521, 0.007134152786022828, -0.006586939206906677], [0.007134152786022829, 0.01277530368581706, -0.017536257774755176], [-0.006586939206906677, -0.017536257774755176, 0.05746485482062881]], "chi2_level": 0.99, "chi2_df": 3, "chi2_threshold": 11.344866730144373, "N_raw": 72, "N_roi": 72, "N_inlier": 72, "refit": true}
{"timestamp": "15:51:28.051922", "frame": 93, "mu": [-2.048039210598322, 1.377775659387393, 1.1000411992250905], "Sigma": [[0.010180535627418564, 0.008763613561870248, -0.011111268428698341], [0.008763613561870248, 0.013266561751921946, -0.01989150452159237], [-0.011111268428698343, -0.01989150452159237, 0.08277029713035286]], "chi2_level": 0.99, "chi2_df": 3, "chi2_threshold": 11.344866730144373, "N_raw": 75, "N_roi": 75, "N_inlier": 75, "refit": true}
{"timestamp": "15:51:28.104176", "frame": 94, "mu": [-2.072184945065322, 1.3393888043215902, 1.2023154127239954], "Sigma": [[0.011996344677737468, 0.0070861456999534375, -0.0010536699062316936], [0.0070861456999534375, 0.011520276959808213, -0.008992597258426452], [-0.0010536699062316936, -0.008992597258426452, 0.011280556421382329]], "chi2_level": 0.99, "chi2_df": 3, "chi2_threshold": 11.344866730144373, "N_raw": 57, "N_roi": 57, "N_inlier": 56, "refit": true}
{"timestamp": "15:51:28.159658", "frame": 95, "mu": [-2.078737726394494, 1.2871036217441096, 1.0367657082597252], "Sigma": [[0.01397888464535711, 0.012669559136858338, -0.0030471517094018243], [0.012669559136858338, 0.015954164951565084, -0.007323676343171866], [-0.0030471517094018243, -0.007323676343171867, 0.009652602910988163]], "chi2_level": 0.99, "chi2_df": 3, "chi2_threshold": 11.344866730144373, "N_raw": 57, "N_roi": 57, "N_inlier": 57, "refit": true}
{"timestamp": "15:51:28.211070", "frame": 96, "mu": [-2.0148363428398115, 1.442412875504089, -0.3256970431131117], "Sigma": [[0.006173216523685352, 0.005227902441245367, -0.0034323697290184474], [0.005227902441245367, 0.013032639700077385, -0.006054410839049148], [-0.0034323697290184474, -0.0060544108390491475, 0.004474783486681114]], "chi2_level": 0.99, "chi2_df": 3, "chi2_threshold": 11.344866730144373, "N_raw": 39, "N_roi": 39, "N_inlier": 37, "refit": true}
{"timestamp": "15:51:28.265666", "frame": 97, "mu": [-2.0128988014017684, 1.237000853116217, 1.1584383992244678], "Sigma": [[0.005621899852809257, 0.00423305171837392, -0.0017854311686844248], [0.00423305171837392, 0.007025510156670514, -0.00760895129151222], [-0.0017854311686844246, -0.00760895129151222, 0.028283604317068722]], "chi2_level": 0.99, "chi2_df": 3, "chi2_threshold": 11.344866730144373, "N_raw": 43, "N_roi": 43, "N_inlier": 43, "refit": true}
{"timestamp": "15:51:28.326127", "frame": 98, "mu": [-2.015179351539305, 1.1738009826187004, 1.2036309080025596], "Sigma": [[0.011420589365553263, 0.011265405053447223, -0.0036369061074920683], [0.011265405053447223, 0.01913598188597776, -0.014340012864943769], [-0.0036369061074920683, -0.014340012864943767, 0.02372135749514645]], "chi2_level": 0.99, "chi2_df": 3, "chi2_threshold": 11.344866730144373, "N_raw": 76, "N_roi": 76, "N_inlier": 76, "refit": true}
{"timestamp": "15:51:28.382606", "frame": 99, "mu": [-2.060963227666224, 1.1074380515517401, 1.0127600577997264], "Sigma": [[0.011920568540491382, 0.010057319305777268, 0.010484923612690367], [0.010057319305777268, 0.01154690808163544, 0.0014870842858659074], [0.010484923612690367, 0.0014870842858659074, 0.04266270366475734]], "chi2_level": 0.99, "chi2_df": 3, "chi2_threshold": 11.344866730144373, "N_raw": 80, "N_roi": 80, "N_inlier": 80, "refit": true}
{"timestamp": "15:51:28.507575", "frame": 100, "mu": [-2.026403022927894, 1.0312290061324818, 0.9961597714369121], "Sigma": [[0.007795136846811626, 0.006795949771104433, 0.002225579648928093], [0.006795949771104433, 0.012821824013667504, -0.007818140929663604], [0.002225579648928093, -0.007818140929663604, 0.03041294284522457]], "chi2_level": 0.99, "chi2_df": 3, "chi2_threshold": 11.344866730144373, "N_raw": 68, "N_roi": 68, "N_inlier": 68, "refit": true}
{"timestamp": "15:51:28.517152", "frame": 101, "mu": [-1.9568315856963987, 1.024649725491723, 1.1158719669938848], "Sigma": [[0.005301495209718045, 0.004773606922284374, 0.0007532896929073366], [0.0047736069222843736, 0.00899906886629303, -0.003987184929646018], [0.0007532896929073367, -0.003987184929646017, 0.050679505897599356]], "chi2_level": 0.99, "chi2_df": 3, "chi2_threshold": 11.344866730144373, "N_raw": 34, "N_roi": 34, "N_inlier": 34, "refit": true}
{"timestamp": "15:51:28.551812", "frame": 102, "mu": [-2.006637463435535, 0.9841160848726009, 1.2772246813882329], "Sigma": [[0.008554594298488188, 0.007036135842366431, -0.002919312149898077], [0.007036135842366431, 0.013463577089947382, -0.010961599212138233], [-0.002919312149898077, -0.010961599212138233, 0.012068956804272694]], "chi2_level": 0.99, "chi2_df": 3, "chi2_threshold": 11.344866730144373, "N_raw": 52, "N_roi": 52, "N_inlier": 52, "refit": true}
{"timestamp": "15:51:28.594756", "frame": 103, "mu": [-1.9361495472025934, 0.9961484377146249, 1.2117661652455656], "Sigma": [[0.005372957155647858, 0.003124460664366715, -0.0006322043733048002], [0.003124460664366715, 0.0075532723263149896, -0.007944453011135166], [-0.0006322043733047998, -0.007944453011135166, 0.030687019518607972]], "chi2_level": 0.99, "chi2_df": 3, "chi2_threshold": 11.344866730144373, "N_raw": 36, "N_roi": 36, "N_inlier": 36, "refit": true}
{"timestamp": "15:51:28.649627", "frame": 104, "mu": [-1.9120879384101388, 1.1500599011166368, -0.6093334008532517], "Sigma": [[0.00813382760065526, 0.005369040042606096, -0.0009879983414040289], [0.005369040042606096, 0.0076355475207290765, -0.003282483140199631], [-0.0009879983414040287, -0.0032824831401996307, 0.0032000835314171844]], "chi2_level": 0.99, "chi2_df": 3, "chi2_threshold": 11.344866730144373, "N_raw": 36, "N_roi": 36, "N_inlier": 36, "refit": true}
{"timestamp": "15:51:28.709202", "frame": 105, "mu": [-1.9632173037031702, 1.0419885965041549, -0.50853204377236], "Sigma": [[0.010107936494282863, 0.006946429160545862, 0.0038149456129785322], [0.006946429160545862, 0.015922683033489517, -0.007311869626635172], [0.0038149456129785322, -0.007311869626635173, 0.014016046825404808]], "chi2_level": 0.99, "chi2_df": 3, "chi2_threshold": 11.344866730144373, "N_raw": 63, "N_roi": 63, "N_inlier": 63, "refit": true}
{"timestamp": "15:51:28.765383", "frame": 106, "mu": [-1.9683090806668029, 0.822172447082573, 1.1260896486373397], "Sigma": [[0.01018729650363956, 0.010921768053228108, 0.003294837636935536], [0.010921768053228108, 0.015123662030097748, -0.004014622956706045], [0.0032948376369355365, -0.004014622956706045, 0.026771721226060766]], "chi2_level": 0.99, "chi2_df": 3, "chi2_threshold": 11.344866730144373, "N_raw": 69, "N_roi": 69, "N_inlier": 69, "refit": true}
{"timestamp": "15:51:28.815379", "frame": 107, "mu": [-1.9868442745183827, 0.7300958323397821, 0.9509022970219638], "Sigma": [[0.005374732613116649, 0.008932960902511085, 0.0021792020876643357], [0.008932960902511085, 0.015774801736463003, 0.005661160052417516], [0.0021792020876643357, 0.005661160052417516, 0.019396229617806633]], "chi2_level": 0.99, "chi2_df": 3, "chi2_threshold": 11.344866730144373, "N_raw": 34, "N_roi": 34, "N_inlier": 34, "refit": true}
{"timestamp": "15:51:28.868513", "frame": 108, "mu": [-1.9994038931164981, 0.9656478813973798, -0.9417860877398643], "Sigma": [[0.004976965594254955, 0.006078851529113775, -0.001212879988730916], [0.006078851529113775, 0.010511681667850997, -0.003230843398958209], [-0.001212879988730916, -0.003230843398958209, 0.003656446209199419]], "chi2_level": 0.99, "chi2_df": 3, "chi2_threshold": 11.344866730144373, "N_raw": 24, "N_roi": 24, "N_inlier": 24, "refit": true}
{"timestamp": "15:51:28.924592", "frame": 109, "mu": [-1.8875845879457949, 1.0377200554598371, -0.6348492768770935], "Sigma": [[0.005176870794222391, 0.003826981149557068, 0.003846796791516645], [0.003826981149557068, 0.006211713151725219, -0.001082827763141774], [0.003846796791516645, -0.0010828277631417737, 0.010458646364233248]], "chi2_level": 0.99, "chi2_df": 3, "chi2_threshold": 11.344866730144373, "N_raw": 30, "N_roi": 30, "N_inlier": 30, "refit": true}
{"timestamp": "15:51:28.985009", "frame": 110, "mu": [-1.9199392290439503, 0.733433148273186, 1.0646520131854604], "Sigma": [[0.009393121433942228, 0.010439592439024155, 0.002670023307531237], [0.010439592439024155, 0.014612408003341503, -0.0007260579738863989], [0.002670023307531237, -0.0007260579738863986, 0.026474359721880607]], "chi2_level": 0.99, "chi2_df": 3, "chi2_threshold": 11.344866730144373, "N_raw": 64, "N_roi": 64, "N_inlier": 64, "refit": true}
{"timestamp": "15:51:29.039603", "frame": 111, "mu": [-1.9208357219028613, 0.6991074025135404, 1.1011876007419403], "Sigma": [[0.009981538370821151, 0.009602657869553879, 0.00159866862203015], [0.009602657869553879, 0.0148204202145733, -0.005795710132685274], [0.0015986686220301495, -0.005795710132685274, 0.015803564988457943]], "chi2_level": 0.99, "chi2_df": 3, "chi2_threshold": 11.344866730144373, "N_raw": 65, "N_roi": 65, "N_inlier": 63, "refit": true}
{"timestamp": "15:51:29.094766", "frame": 112, "mu": [-1.9063772876529983, 0.6143952526193915, 0.9832313721120525], "Sigma": [[0.008659623053862248, 0.009790975504568296, 0.0038020633659427696], [0.009790975504568294, 0.014290687366101567, -0.001000154620893234], [0.0038020633659427696, -0.0010001546208932342, 0.020723935287917314]], "chi2_level": 0.99, "chi2_df": 3, "chi2_threshold": 11.344866730144373, "N_raw": 64, "N_roi": 64, "N_inlier": 59, "refit": true}
{"timestamp": "15:51:29.148573", "frame": 113, "mu": [-1.5551801893390145, 0.5584848178498195, 0.9176110497616562], "Sigma": [[1.2842028998171309, -0.039866219755589315, 0.01253440030630539], [-0.039866219755589315, 0.01174611538367208, -0.0006486604085187662], [0.012534400306305392, -0.0006486604085187661, 0.017907214546565464]], "chi2_level": 0.99, "chi2_df": 3, "chi2_threshold": 11.344866730144373, "N_raw": 54, "N_roi": 54, "N_inlier": 54, "refit": true}
{"timestamp": "15:51:29.200628", "frame": 114, "mu": [-1.8830592502234689, 0.593069389119852, 0.9520924055628461], "Sigma": [[0.0062907898057453105, 0.007334133010132476, 0.001780300184661901], [0.007334133010132476, 0.010692379157477621, -0.0015940751440442292], [0.0017803001846619004, -0.001594075144044229, 0.017079406905893116]], "chi2_level": 0.99, "chi2_df": 3, "chi2_threshold": 11.344866730144373, "N_raw": 30, "N_roi": 30, "N_inlier": 29, "refit": true}
{"timestamp": "15:51:29.261214", "frame": 115, "mu": [-1.5345912218516518, 0.5768348470925324, 1.0171266310579017], "Sigma": [[1.0827980273692837, -0.035079744189090684, -0.07091107560145499], [-0.035079744189090684, 0.0177377550672873, 0.012000042254191656], [-0.07091107560145499, 0.012000042254191656, 0.04691612878409805]], "chi2_level": 0.99, "chi2_df": 3, "chi2_threshold": 11.344866730144373, "N_raw": 72, "N_roi": 72, "N_inlier": 70, "refit": true}
{"timestamp": "15:51:29.311575", "frame": 116, "mu": [-1.219304068726958, 0.5569472421107573, 1.0401998216080006], "Sigma": [[1.9106247374326302, -0.08475354514891598, -0.009148272747510018], [-0.08475354514891598, 0.015612230664425018, 0.001541527878348866], [-0.009148272747510022, 0.001541527878348866, 0.01883752632709218]], "chi2_level": 0.99, "chi2_df": 3, "chi2_threshold": 11.344866730144373, "N_raw": 42, "N_roi": 42, "N_inlier": 40, "refit": true}
