{"timestamp": "15:49:11.469414", "frame": 38, "mu": [-2.3922162950117327, 4.4851122933237955, 0.22940833365818936], "Sigma": [[0.0065260452342915, 0.0027022715315190354, -0.003935846164141353], [0.0027022715315190354, 0.003759424380371609, 0.00046954034084030987], [-0.003935846164141352, 0.0004695403408403099, 0.0060389200183912925]], "chi2_level": 0.99, "chi2_df": 3, "chi2_threshold": 11.344866730144373, "N_raw": 31, "N_roi": 12, "N_inlier": 12, "refit": true}
{"timestamp": "15:49:11.581593", "frame": 40, "mu": [-2.326238895970512, 4.360520661413021, 0.9886629444975871], "Sigma": [[0.01260023302403254, 0.0044217921414433665, -0.006560294953754731], [0.0044217921414433665, 0.006161423349353666, -0.001187101735157174], [-0.006560294953754731, -0.001187101735157174, 0.005041414460449039]], "chi2_level": 0.99, "chi2_df": 3, "chi2_threshold": 11.344866730144373, "N_raw": 40, "N_roi": 22, "N_inlier": 22, "refit": true}
{"timestamp": "15:49:11.799594", "frame": 44, "mu": [-2.2430239395486904, 4.278638084450574, 0.9889096661968748], "Sigma": [[0.01358669606601837, 0.004438912741743138, -0.011140576180424336], [0.004438912741743137, 0.005296745301594035, 0.0013321670219517225], [-0.011140576180424336, 0.0013321670219517223, 0.018148816003327267]], "chi2_level": 0.99, "chi2_df": 3, "chi2_threshold": 11.344866730144373, "N_raw": 13, "N_roi": 13, "N_inlier": 12, "refit": true}
{"timestamp": "15:49:11.909635", "frame": 46, "mu": [-2.197624986592657, 4.345561932976449, 1.23434074575327], "Sigma": [[0.014120183298836316, 0.00545793539334936, -0.00793262018866681], [0.00545793539334936, 0.002953495933700958, -0.0031841834441144867], [-0.00793262018866681, -0.0031841834441144867, 0.006118880169465309]], "chi2_level": 0.99, "chi2_df": 3, "chi2_threshold": 11.344866730144373, "N_raw": 11, "N_roi": 11, "N_inlier": 11, "refit": true}
{"timestamp": "15:49:11.964871", "frame": 47, "mu": [-2.1511223931235315, 4.377960554919481, 1.2902092253502468], "Sigma": [[0.014146534361002947, 0.005145291504994492, -0.008865760557909238], [0.005145291504994492, 0.0024444848139100663, -0.0040027135595824695], [-0.00886576055790924, -0.00400271355958247, 0.008630614464817712]], "chi2_level": 0.99, "chi2_df": 3, "chi2_threshold": 11.344866730144373, "N_raw": 12, "N_roi": 12, "N_inlier": 11, "refit": true}
{"timestamp": "15:49:12.351225", "frame": 54, "mu": [-1.7549600032675796, 4.263097141389416, 0.8349484070810107], "Sigma": [[0.01509339749193792, 0.000438320198149828, -0.014693299770248698], [0.000438320198149828, 0.002903974091405197, 0.001435432244462864], [-0.014693299770248698, 0.0014354322444628635, 0.016836430681870164]], "chi2_level": 0.99, "chi2_df": 3, "chi2_threshold": 11.344866730144373, "N_raw": 18, "N_roi": 14, "N_inlier": 14, "refit": true}
{"timestamp": "15:49:12.405846", "frame": 55, "mu": [-1.7816555911616672, 4.31478068481106, 0.8628495327686615], "Sigma": [[0.006484812907953804, -0.0005874666414474113, -0.014364158187795585], [-0.0005874666414474113, 0.003002140913715985, -0.005381690892178002], [-0.014364158187795585, -0.005381690892178003, 0.15609894674947963]], "chi2_level": 0.99, "chi2_df": 3, "chi2_threshold": 11.344866730144373, "N_raw": 16, "N_roi": 13, "N_inlier": 13, "refit": true}
{"timestamp": "15:49:12.515867", "frame": 57, "mu": [-1.6061151966098852, 4.335994291443539, 1.0968876330463477], "Sigma": [[0.013919136363762177, 0.0008747826483332312, -0.01197987074759116], [0.0008747826483332312, 0.002651505660056263, 0.0012019400470099392], [-0.01197987074759116, 0.0012019400470099396, 0.013895270183334448]], "chi2_level": 0.99, "chi2_df": 3, "chi2_threshold": 11.344866730144373, "N_raw": 18, "N_roi": 18, "N_inlier": 18, "refit": true}
{"timestamp": "15:49:12.569974", "frame": 58, "mu": [-1.5676240472021912, 4.277492691540598, 0.915663108869593], "Sigma": [[0.011897742547917766, 0.0014683793804631951, -0.008272047650101068], [0.0014683793804631951, 0.0018264370328266142, -0.0009576986177279764], [-0.00827204765010107, -0.0009576986177279765, 0.007194386635009777]], "chi2_level": 0.99, "chi2_df": 3, "chi2_threshold": 11.344866730144373, "N_raw": 15, "N_roi": 13, "N_inlier": 12, "refit": true}
{"timestamp": "15:49:12.734869", "frame": 61, "mu": [-1.4486647788294786, 4.307702125388786, 0.8983843298700681], "Sigma": [[0.013542929942261554, 0.0022336505570447395, -0.009163603969923696], [0.0022336505570447395, 0.001586089505445255, -0.0004974963176057474], [-0.009163603969923696, -0.0004974963176057474, 0.007760055858183157]], "chi2_level": 0.99, "chi2_df": 3, "chi2_threshold": 11.344866730144373, "N_raw": 13, "N_roi": 13, "N_inlier": 12, "refit": true}
{"timestamp": "15:49:12.847836", "frame": 63, "mu": [-1.3133990294319766, 4.401241738118175, 1.1906893439963948], "Sigma": [[0.017454134328686567, 0.0035838312799063732, -0.007141061515465456], [0.0035838312799063732, 0.003379300581077522, -0.0029267273948147283], [-0.007141061515465456, -0.0029267273948147283, 0.005528583412323721]], "chi2_level": 0.99, "chi2_df": 3, "chi2_threshold": 11.344866730144373, "N_raw": 31, "N_roi": 31, "N_inlier": 31, "refit": true}
{"timestamp": "15:49:12.955833", "frame": 65, "mu": [-1.2235835838112084, 4.258488712959661, 0.8394487788788878], "Sigma": [[0.018198174021181596, 0.00035052440000785286, -0.015325187192017148], [0.0003505244000078533, 0.002164079319750551, 0.000397828085478764], [-0.015325187192017148, 0.000397828085478764, 0.014457617684110162]], "chi2_level": 0.99, "chi2_df": 3, "chi2_threshold": 11.344866730144373, "N_raw": 24, "N_roi": 24, "N_inlier": 24, "refit": true}
{"timestamp": "15:49:13.015836", "frame": 66, "mu": [-1.2004415589542694, 4.3423862156677915, 1.1844238962104512], "Sigma": [[0.024914542444747285, 0.004813026429570773, -0.008220154885375641], [0.004813026429570773, 0.0072711923464446595, 0.0010792284512830463], [-0.008220154885375641, 0.0010792284512830465, 0.005794912801071621]], "chi2_level": 0.99, "chi2_df": 3, "chi2_threshold": 11.344866730144373, "N_raw": 52, "N_roi": 51, "N_inlier": 51, "refit": true}
{"timestamp": "15:49:13.177295", "frame": 69, "mu": [-1.0509205813043705, 4.313794646186674, 1.1054573142683601], "Sigma": [[0.01841188661140239, 0.0038872954301513163, -0.008761519594935128], [0.0038872954301513163, 0.003543306214673402, -0.0011644325999868453], [-0.008761519594935128, -0.0011644325999868453, 0.005181817454314625]], "chi2_level": 0.99, "chi2_df": 3, "chi2_threshold": 11.344866730144373, "N_raw": 28, "N_roi": 28, "N_inlier": 28, "refit": true}
{"timestamp": "15:49:13.287369", "frame": 71, "mu": [-0.9940381605964144, 4.3288440748779395, 1.1695021758883084], "Sigma": [[0.019498671964645692, 0.0011729336976078037, -0.013762048499999461], [0.0011729336976078037, 0.0019055524686511273, -0.000503106459274104], [-0.013762048499999461, -0.0005031064592741039, 0.01099899544615156]], "chi2_level": 0.99, "chi2_df": 3, "chi2_threshold": 11.344866730144373, "N_raw": 25, "N_roi": 25, "N_inlier": 25, "refit": true}
{"timestamp": "15:49:13.727868", "frame": 79, "mu": [-0.574597754301128, 4.407630885668649, 1.192725990062594], "Sigma": [[0.025963930798863624, -4.524644497781797e-05, -0.016299011886178508], [-4.52464449778177e-05, 0.0011760979799151246, -0.0011456880723366156], [-0.016299011886178504, -0.0011456880723366154, 0.012928785614160032]], "chi2_level": 0.99, "chi2_df": 3, "chi2_threshold": 11.344866730144373, "N_raw": 30, "N_roi": 27, "N_inlier": 25, "refit": true}
{"timestamp": "15:49:13.889827", "frame": 82, "mu": [-0.47478646586267703, 4.393752788763614, 0.955075640310234], "Sigma": [[0.009006537657001712, -0.0006982856901515786, -0.001016015115121719], [-0.0006982856901515786, 0.0015620879562411297, -0.0004839432811145195], [-0.0010160151151217191, -0.0004839432811145195, 0.0004780871605523099]], "chi2_level": 0.99, "chi2_df": 3, "chi2_threshold": 11.344866730144373, "N_raw": 11, "N_roi": 11, "N_inlier": 11, "refit": true}
{"timestamp": "15:49:13.944990", "frame": 83, "mu": [-0.3783301561692633, 4.426789271774798, 1.1709376311760817], "Sigma": [[0.013275499722846562, 0.0023207442655085284, -0.030903653118031026], [0.0023207442655085284, 0.0016666022442138834, -0.006465192838063908], [-0.030903653118031026, -0.006465192838063908, 0.19361187637978702]], "chi2_level": 0.99, "chi2_df": 3, "chi2_threshold": 11.344866730144373, "N_raw": 11, "N_roi": 11, "N_inlier": 11, "refit": true}
{"timestamp": "15:49:13.999691", "frame": 84, "mu": [-0.27928820954848443, 4.513696387747377, 1.3809520021057147], "Sigma": [[0.017363539309945074, 0.0001431127524647614, -0.007721995806372565], [0.00014311275246476151, 0.0008206358575486569, -0.0014839979352868416], [-0.007721995806372565, -0.0014839979352868416, 0.007031806048114047]], "chi2_level": 0.99, "chi2_df": 3, "chi2_threshold": 11.344866730144373, "N_raw": 17, "N_roi": 17, "N_inlier": 17, "refit": true}
{"timestamp": "15:49:14.057103", "frame": 85, "mu": [-0.28564312831131267, 4.456482969387594, 1.3049062037475045], "Sigma": [[0.023241951002092247, 0.0006527181545042892, -0.002812222590862902], [0.0006527181545042892, 0.001599778235440718, -0.00030423322771000016], [-0.002812222590862902, -0.00030423322771000016, 0.0005460528706362701]], "chi2_level": 0.99, "chi2_df": 3, "chi2_threshold": 11.344866730144373, "N_raw": 26, "N_roi": 26, "N_inlier": 25, "refit": true}
{"timestamp": "15:49:14.112705", "frame": 86, "mu": [-0.2501698916212216, 4.442974041713282, 1.2806961875473286], "Sigma": [[0.02202602575189351, -7.200983177772747e-05, -0.008643007793118395], [-7.200983177772769e-05, 0.0025965379213824438, 0.000989135899108556], [-0.008643007793118395, 0.000989135899108556, 0.0050743693045753775]], "chi2_level": 0.99, "chi2_df": 3, "chi2_threshold": 11.344866730144373, "N_raw": 32, "N_roi": 30, "N_inlier": 29, "refit": true}
{"timestamp": "15:49:14.385852", "frame": 91, "mu": [-0.00949971811670324, 4.4310637684888645, 1.1396440232549523], "Sigma": [[0.012074124409005316, 0.00015012481342454448, -3.2917719612719914e-05], [0.00015012481342454448, 0.001745963513591741, -0.000340044758117784], [-3.291771961271993e-05, -0.000340044758117784, 6.727577621665358e-05]], "chi2_level": 0.99, "chi2_df": 3, "chi2_threshold": 11.344866730144373, "N_raw": 20, "N_roi": 19, "N_inlier": 19, "refit": true}
{"timestamp": "15:49:14.496564", "frame": 93, "mu": [0.09120936091925454, 4.386033894630625, 1.2193617912360304], "Sigma": [[0.012012900665146905, -0.001224795550065336, -0.007081863922600927], [-0.001224795550065336, 0.0021296599133699434, 0.0014026337812411862], [-0.007081863922600927, 0.0014026337812411862, 0.005665909512813658]], "chi2_level": 0.99, "chi2_df": 3, "chi2_threshold": 11.344866730144373, "N_raw": 23, "N_roi": 20, "N_inlier": 20, "refit": true}
{"timestamp": "15:49:14.555063", "frame": 94, "mu": [0.132822314993067, 4.441873109437094, 1.0980149985072418], "Sigma": [[0.02212668362394846, -0.002455248371464214, -0.014203036487100687], [-0.0024552483714642146, 0.0027832078972658035, 4.783969877279759e-05], [-0.014203036487100688, 4.783969877279726e-05, 0.012410132114178784]], "chi2_level": 0.99, "chi2_df": 3, "chi2_threshold": 11.344866730144373, "N_raw": 48, "N_roi": 35, "N_inlier": 35, "refit": true}
{"timestamp": "15:49:14.607443", "frame": 95, "mu": [0.15791697168989288, 4.426663585447329, 1.111572111811977], "Sigma": [[0.00957859375002697, -0.0013739465789574926, -0.006772407008348755], [-0.0013739465789574926, 0.0008409946419966519, -0.0007633445395113618], [-0.006772407008348754, -0.0007633445395113618, 0.01793251706157883]], "chi2_level": 0.99, "chi2_df": 3, "chi2_threshold": 11.344866730144373, "N_raw": 23, "N_roi": 19, "N_inlier": 18, "refit": true}
{"timestamp": "15:49:14.773047", "frame": 98, "mu": [0.2854195518213428, 4.4846281178415115, 1.1053239914124695], "Sigma": [[0.02158055517992471, -0.0026824236154035083, -0.010393486294608543], [-0.0026824236154035087, 0.0015966701403390064, 0.0004847715220707483], [-0.010393486294608543, 0.0004847715220707482, 0.0081763857213708]], "chi2_level": 0.99, "chi2_df": 3, "chi2_threshold": 11.344866730144373, "N_raw": 30, "N_roi": 25, "N_inlier": 25, "refit": true}
{"timestamp": "15:49:14.926692", "frame": 100, "mu": [0.370770525799062, 4.524135565863854, 1.2466401347944007], "Sigma": [[0.02143442787929501, -0.0014413511177419544, -0.011987183811512023], [-0.0014413511177419542, 0.0025571735727499835, -0.0011100541706997754], [-0.011987183811512023, -0.001110054170699775, 0.011059335096613577]], "chi2_level": 0.99, "chi2_df": 3, "chi2_threshold": 11.344866730144373, "N_raw": 39, "N_roi": 36, "N_inlier": 34, "refit": true}
{"timestamp": "15:49:15.044497", "frame": 103, "mu": [0.5358722859562325, 4.516196373217613, 1.3666512219787859], "Sigma": [[0.007421451935232807, -0.0021565359879833815, -0.004963116438318555], [-0.0021565359879833815, 0.003095398871437285, 0.0031641636209885004], [-0.004963116438318555, 0.0031641636209885004, 0.00531282946704181]], "chi2_level": 0.99, "chi2_df": 3, "chi2_threshold": 11.344866730144373, "N_raw": 14, "N_roi": 14, "N_inlier": 14, "refit": true}
{"timestamp": "15:49:15.157240", "frame": 105, "mu": [0.5772865610415632, 4.535872388600678, 1.1671831369230423], "Sigma": [[0.017091858950911684, -0.004412433560738437, -0.008232662809952364], [-0.004412433560738437, 0.0024912688861582055, 0.001421477404109714], [-0.008232662809952364, 0.001421477404109714, 0.007278585370785323]], "chi2_level": 0.99, "chi2_df": 3, "chi2_threshold": 11.344866730144373, "N_raw": 27, "N_roi": 22, "N_inlier": 22, "refit": true}
{"timestamp": "15:49:15.213773", "frame": 106, "mu": [0.6438015428553676, 4.480928738384692, 1.1132550122292437], "Sigma": [[0.01570176847963696, -0.0035160132820660625, -0.007923972359363634], [-0.0035160132820660625, 0.0037026216452596223, 0.0005674839948721314], [-0.007923972359363634, 0.0005674839948721314, 0.006625997679513861]], "chi2_level": 0.99, "chi2_df": 3, "chi2_threshold": 11.344866730144373, "N_raw": 33, "N_roi": 31, "N_inlier": 31, "refit": true}
{"timestamp": "15:49:15.320554", "frame": 108, "mu": [0.7445098626714464, 4.493831182526623, 1.1206475912977436], "Sigma": [[0.0055337910230810325, -0.0003398413813185246, -0.0004098363613264665], [-0.0003398413813185246, 0.0019018433276188828, -0.0008771243006050598], [-0.0004098363613264665, -0.0008771243006050597, 0.000666816664104982]], "chi2_level": 0.99, "chi2_df": 3, "chi2_threshold": 11.344866730144373, "N_raw": 20, "N_roi": 15, "N_inlier": 13, "refit": true}
{"timestamp": "15:49:15.375333", "frame": 109, "mu": [0.7139181365246708, 4.538403442803084, 0.4242093806071392], "Sigma": [[0.008932177796351344, -0.000713806358059089, -0.006202150116318805], [-0.0007138063580590891, 0.0006626815137060036, 0.0015700462882903361], [-0.006202150116318805, 0.0015700462882903361, 0.007312013022139713]], "chi2_level": 0.99, "chi2_df": 3, "chi2_threshold": 11.344866730144373, "N_raw": 12, "N_roi": 11, "N_inlier": 10, "refit": true}
{"timestamp": "15:49:15.761633", "frame": 116, "mu": [1.096069936585741, 4.47521752580967, 1.048205077864408], "Sigma": [[0.019952727442653473, -0.00635263645984078, -0.008946739664061234], [-0.00635263645984078, 0.00338314978154338, 0.0019210579805872961], [-0.008946739664061234, 0.0019210579805872961, 0.006286385385995852]], "chi2_level": 0.99, "chi2_df": 3, "chi2_threshold": 11.344866730144373, "N_raw": 25, "N_roi": 25, "N_inlier": 24, "refit": true}
{"timestamp": "15:49:15.874214", "frame": 118, "mu": [1.1617292066962643, 4.452305754189401, 1.0126254527293113], "Sigma": [[0.022831814405656542, -0.005707396089208668, -0.012282497123843087], [-0.005707396089208667, 0.0040149956630969935, -0.0007608913872416063], [-0.012282497123843087, -0.0007608913872416064, 0.015263606626309368]], "chi2_level": 0.99, "chi2_df": 3, "chi2_threshold": 11.344866730144373, "N_raw": 46, "N_roi": 43, "N_inlier": 43, "refit": true}
{"timestamp": "15:49:15.980945", "frame": 120, "mu": [1.1964305439267588, 4.478437547113145, 1.188599716037747], "Sigma": [[0.011364503529035301, -0.0037996327723127986, -0.005459117665741905], [-0.0037996327723127986, 0.0021275534742470443, -0.00032292466882678707], [-0.005459117665741905, -0.00032292466882678685, 0.01408813321803227]], "chi2_level": 0.99, "chi2_df": 3, "chi2_threshold": 11.344866730144373, "N_raw": 22, "N_roi": 20, "N_inlier": 19, "refit": true}
{"timestamp": "15:49:16.036546", "frame": 121, "mu": [1.2071489967390068, 4.490781695018248, 1.2635380915668113], "Sigma": [[0.01353369757175262, -0.003959161403614012, -0.004531916603795075], [-0.003959161403614012, 0.0023930975127646322, -0.00040312037731456515], [-0.004531916603795074, -0.0004031203773145652, 0.0068061313344575025]], "chi2_level": 0.99, "chi2_df": 3, "chi2_threshold": 11.344866730144373, "N_raw": 20, "N_roi": 20, "N_inlier": 20, "refit": true}
{"timestamp": "15:49:16.257568", "frame": 125, "mu": [1.3954653624266298, 4.521701984041355, 1.196962204815774], "Sigma": [[0.02234790209695398, -0.008160092058068353, -0.009865156761408863], [-0.008160092058068353, 0.005502334460544629, 0.0021950730722746226], [-0.009865156761408863, 0.0021950730722746226, 0.007138663294905522]], "chi2_level": 0.99, "chi2_df": 3, "chi2_threshold": 11.344866730144373, "N_raw": 33, "N_roi": 31, "N_inlier": 30, "refit": true}
{"timestamp": "15:49:16.970417", "frame": 138, "mu": [1.8952405643625738, 4.410441311960354, 0.1320953334396911], "Sigma": [[0.015568206041157065, -0.005836359060838385, -0.012140146562742319], [-0.005836359060838385, 0.0029567652247598107, 0.004925779594674321], [-0.012140146562742319, 0.004925779594674321, 0.011196005014731652]], "chi2_level": 0.99, "chi2_df": 3, "chi2_threshold": 11.344866730144373, "N_raw": 13, "N_roi": 13, "N_inlier": 12, "refit": true}
{"timestamp": "15:49:17.192903", "frame": 142, "mu": [1.9913788908040766, 4.0927654451273945, -1.2462245781991297], "Sigma": [[0.01654838020651026, -0.011840129525530312, -0.013279128292076758], [-0.011840129525530312, 0.009636970160872635, 0.008708580510869646], [-0.01327912829207676, 0.008708580510869647, 0.014979226721739382]], "chi2_level": 0.99, "chi2_df": 3, "chi2_threshold": 11.344866730144373, "N_raw": 36, "N_roi": 18, "N_inlier": 18, "refit": true}
{"timestamp": "15:49:17.249805", "frame": 143, "mu": [1.9414319007536827, 4.161289298969554, 0.8502178648658542], "Sigma": [[0.023751968286548072, -0.013290784159163613, -0.012623158503662817], [-0.013290784159163613, 0.011292731112217432, 0.007391412435638685], [-0.012623158503662815, 0.007391412435638685, 0.008575053743294083]], "chi2_level": 0.99, "chi2_df": 3, "chi2_threshold": 11.344866730144373, "N_raw": 38, "N_roi": 35, "N_inlier": 35, "refit": true}
{"timestamp": "15:49:17.301078", "frame": 144, "mu": [1.9613625045197363, 4.1678602803342395, 0.967421406582486], "Sigma": [[0.013631799157577675, -0.005469391931930052, -0.006454564990764688], [-0.005469391931930051, 0.00427777285582752, 0.0011850831211142692], [-0.006454564990764688, 0.001185083121114269, 0.005781322529325544]], "chi2_level": 0.99, "chi2_df": 3, "chi2_threshold": 11.344866730144373, "N_raw": 22, "N_roi": 20, "N_inlier": 19, "refit": true}
{"timestamp": "15:49:17.360984", "frame": 145, "mu": [2.090666581158163, 4.181685561522467, 0.7226009193627756], "Sigma": [[0.03358119836498667, -0.01511873034131837, -0.0288295856987899], [-0.01511873034131837, 0.010429092147580915, 0.009184266245796591], [-0.0288295856987899, 0.009184266245796591, 0.03727050544408288]], "chi2_level": 0.99, "chi2_df": 3, "chi2_threshold": 11.344866730144373, "N_raw": 55, "N_roi": 52, "N_inlier": 52, "refit": true}
{"timestamp": "15:49:17.417322", "frame": 146, "mu": [2.0947382781869464, 4.2597834506999375, -0.45670878756942024], "Sigma": [[0.037343478649031314, 0.00026343015894587864, 0.04831252381359036], [0.0002634301589458786, 0.007349956564794755, 0.0047422217451814335], [0.04831252381359036, 0.0047422217451814335, 0.1866409960789794]], "chi2_level": 0.99, "chi2_df": 3, "chi2_threshold": 11.344866730144373, "N_raw": 61, "N_roi": 59, "N_inlier": 59, "refit": true}
{"timestamp": "15:49:17.468074", "frame": 147, "mu": [2.092439136501184, 4.283500613259116, -0.602716642433889], "Sigma": [[0.01777744514175135, 0.0030218837462751323, 0.04795118903707429], [0.003021883746275132, 0.005211255084022257, 0.02261336564225999], [0.04795118903707429, 0.02261336564225999, 0.2210160389757148]], "chi2_level": 0.99, "chi2_df": 3, "chi2_threshold": 11.344866730144373, "N_raw": 24, "N_roi": 21, "N_inlier": 21, "refit": true}
{"timestamp": "15:49:17.526847", "frame": 148, "mu": [2.0500011725630367, 4.295991329176493, -0.14171024647492172], "Sigma": [[0.025340590144261894, -0.006649376869650061, -0.024629602182061117], [-0.0066493768696500605, 0.0062103241373441375, 0.001004313036265045], [-0.024629602182061117, 0.0010043130362650452, 0.03401566069896106]], "chi2_level": 0.99, "chi2_df": 3, "chi2_threshold": 11.344866730144373, "N_raw": 60, "N_roi": 42, "N_inlier": 41, "refit": true}
{"timestamp": "15:49:17.584542", "frame": 149, "mu": [2.0783841037102415, 4.067956108224037, 0.8058137632173702], "Sigma": [[0.026873473963471655, -0.012743981887632067, -0.024718308917836527], [-0.012743981887632067, 0.0068917341535510435, 0.011433961723696326], [-0.02471830891783653, 0.011433961723696325, 0.03202345433569109]], "chi2_level": 0.99, "chi2_df": 3, "chi2_threshold": 11.344866730144373, "N_raw": 71, "N_roi": 24, "N_inlier": 23, "refit": true}
{"timestamp": "15:49:17.636013", "frame": 150, "mu": [2.0446754614587586, 4.076832038861691, 0.8410630617681788], "Sigma": [[0.03167592957970533, -0.014762290771126837, -0.020845571972626646], [-0.014762290771126837, 0.009729818252494115, 0.007366652904966675], [-0.020845571972626646, 0.007366652904966674, 0.020488545010117862]], "chi2_level": 0.99, "chi2_df": 3, "chi2_threshold": 11.344866730144373, "N_raw": 49, "N_roi": 45, "N_inlier": 45, "refit": true}
{"timestamp": "15:49:17.686163", "frame": 151, "mu": [1.9820800669484426, 4.06508952901386, 0.8389931812240937], "Sigma": [[0.010468053994675793, -0.004601710529657208, -0.0020191020857077174], [-0.004601710529657208, 0.002879750277413395, -0.0005714640644679291], [-0.002019102085707717, -0.0005714640644679291, 0.005103611695689]], "chi2_level": 0.99, "chi2_df": 3, "chi2_threshold": 11.344866730144373, "N_raw": 20, "N_roi": 12, "N_inlier": 11, "refit": true}
{"timestamp": "15:49:17.742981", "frame": 152, "mu": [1.9838888123459921, 4.038152022355671, 0.8331125699467583], "Sigma": [[0.025192607500071205, -0.009952407201393811, -0.00453093906324438], [-0.009952407201393811, 0.005856313671117659, 0.001211876933343985], [-0.00453093906324438, 0.001211876933343985, 0.002474969513479756]], "chi2_level": 0.99, "chi2_df": 3, "chi2_threshold": 11.344866730144373, "N_raw": 29, "N_roi": 26, "N_inlier": 25, "refit": true}
{"timestamp": "15:49:17.850327", "frame": 154, "mu": [2.0290187504786745, 4.168690086212329, 0.08369775870188732], "Sigma": [[0.0060485713391470386, -0.0024890188744362603, -0.003202856919859455], [-0.0024890188744362603, 0.006168765420555151, -0.004720899914028569], [-0.0032028569198594547, -0.004720899914028569, 0.010914514239811787]], "chi2_level": 0.99, "chi2_df": 3, "chi2_threshold": 11.344866730144373, "N_raw": 14, "N_roi": 12, "N_inlier": 12, "refit": true}
{"timestamp": "15:49:17.906177", "frame": 155, "mu": [2.0645878174350774, 3.9542579451217215, 0.9566220860821023], "Sigma": [[0.014183521074767929, -0.007902307762992881, -0.006717775869237837], [-0.007902307762992881, 0.005832962069169022, 0.002490484639021331], [-0.006717775869237837, 0.002490484639021331, 0.006382558088321745]], "chi2_level": 0.99, "chi2_df": 3, "chi2_threshold": 11.344866730144373, "N_raw": 22, "N_roi": 20, "N_inlier": 20, "refit": true}
{"timestamp": "15:49:17.964603", "frame": 156, "mu": [2.016666531591684, 4.0094037737647765, 0.9396464357361652], "Sigma": [[0.030542586828749302, -0.015541298889172099, -0.008732175086993352], [-0.015541298889172096, 0.010915947256746395, 0.0029224873069879044], [-0.008732175086993352, 0.0029224873069879044, 0.005137607956367745]], "chi2_level": 0.99, "chi2_df": 3, "chi2_threshold": 11.344866730144373, "N_raw": 41, "N_roi": 41, "N_inlier": 41, "refit": true}
{"timestamp": "15:49:18.021178", "frame": 157, "mu": [2.05098681832356, 3.9253343385324593, 0.8701426798540903], "Sigma": [[0.027096295198524793, -0.015480277617048859, -0.01345553296739215], [-0.015480277617048857, 0.012425195888621765, 0.003944210667267702], [-0.01345553296739215, 0.003944210667267703, 0.013370841632182497]], "chi2_level": 0.99, "chi2_df": 3, "chi2_threshold": 11.344866730144373, "N_raw": 53, "N_roi": 49, "N_inlier": 48, "refit": true}
{"timestamp": "15:49:18.071290", "frame": 158, "mu": [2.0197013494116387, 3.9384267538176725, 1.0160879249864843], "Sigma": [[0.013547967921751298, -0.007780049967026142, -0.0064647629294069964], [-0.007780049967026142, 0.005516153635890609, 0.0021559882325258573], [-0.006464762929406997, 0.002155988232525857, 0.008931687006582645]], "chi2_level": 0.99, "chi2_df": 3, "chi2_threshold": 11.344866730144373, "N_raw": 19, "N_roi": 16, "N_inlier": 15, "refit": true}
{"timestamp": "15:49:18.180987", "frame": 160, "mu": [2.046243204076008, 3.920186807162705, 1.0834788609653607], "Sigma": [[0.014725391227113475, -0.007731590452128545, -0.001145472796329085], [-0.007731590452128545, 0.005987873907039673, -3.547670128750387e-05], [-0.0011454727963290852, -3.547670128750376e-05, 0.001075566854154181]], "chi2_level": 0.99, "chi2_df": 3, "chi2_threshold": 11.344866730144373, "N_raw": 23, "N_roi": 23, "N_inlier": 21, "refit": true}
{"timestamp": "15:49:18.243534", "frame": 161, "mu": [2.037299631326491, 3.8792666853803883, 0.880922032363569], "Sigma": [[0.030534363890876215, -0.01701847350769664, 1.6652413217014238e-06], [-0.01701847350769664, 0.01380218330430951, -0.009431878903641444], [1.6652413217022911e-06, -0.009431878903641444, 0.047771441281933676]], "chi2_level": 0.99, "chi2_df": 3, "chi2_threshold": 11.344866730144373, "N_raw": 70, "N_roi": 70, "N_inlier": 70, "refit": true}
{"timestamp": "15:49:18.292322", "frame": 162, "mu": [2.0996383104618643, 3.832981279955403, 0.8496588825218935], "Sigma": [[0.016495065271979817, -0.012197712689597705, -0.006669121513205634], [-0.012197712689597703, 0.009513625014934107, 0.004668719863894285], [-0.006669121513205634, 0.004668719863894285, 0.02587435346068065]], "chi2_level": 0.99, "chi2_df": 3, "chi2_threshold": 11.344866730144373, "N_raw": 24, "N_roi": 24, "N_inlier": 23, "refit": true}
{"timestamp": "15:49:18.347188", "frame": 163, "mu": [1.9816650681188122, 3.8282875199027253, 1.1787661596636585], "Sigma": [[0.014734499318059186, -0.007156168417400953, -0.00814667517818506], [-0.007156168417400953, 0.005364452554489178, 0.002118237522661487], [-0.00814667517818506, 0.0021182375226614873, 0.008774471009475988]], "chi2_level": 0.99, "chi2_df": 3, "chi2_threshold": 11.344866730144373, "N_raw": 25, "N_roi": 23, "N_inlier": 22, "refit": true}
{"timestamp": "15:49:18.408189", "frame": 164, "mu": [2.0656835919450596, 3.7692428767730934, 0.7795697843896815], "Sigma": [[0.025388744784753663, -0.013891268497125141, -8.097087464263575e-06], [-0.013891268497125141, 0.01046702140899487, -0.006259017942501854], [-8.097087464263575e-06, -0.006259017942501854, 0.04354348440818624]], "chi2_level": 0.99, "chi2_df": 3, "chi2_threshold": 11.344866730144373, "N_raw": 69, "N_roi": 61, "N_inlier": 61, "refit": true}
{"timestamp": "15:49:18.460483", "frame": 165, "mu": [2.0495692031179327, 3.74529328574881, 1.01075462041707], "Sigma": [[0.021462858417856848, -0.011236727241357028, -0.009036103529955463], [-0.011236727241357028, 0.007434918152949947, -0.00041005586489506387], [-0.009036103529955463, -0.0004100558648950643, 0.03289174217798313]], "chi2_level": 0.99, "chi2_df": 3, "chi2_threshold": 11.344866730144373, "N_raw": 46, "N_roi": 43, "N_inlier": 43, "refit": true}
{"timestamp": "15:49:18.515128", "frame": 166, "mu": [2.027577086506459, 3.943366199596322, -0.23695914266685372], "Sigma": [[0.018698269263663282, -0.00985385949367864, -0.009655301130814], [-0.00985385949367864, 0.01091700883882641, -0.0028938102012777706], [-0.009655301130814, -0.0028938102012777706, 0.018362133742139648]], "chi2_level": 0.99, "chi2_df": 3, "chi2_threshold": 11.344866730144373, "N_raw": 47, "N_roi": 44, "N_inlier": 42, "refit": true}
{"timestamp": "15:49:18.569560", "frame": 167, "mu": [1.9360995628629185, 3.7690139243310825, 1.1573293297262497], "Sigma": [[0.023733498184100033, -0.011707318035872105, -0.02059323464406087], [-0.011707318035872105, 0.008005815013290347, 0.0049693343232614946], [-0.02059323464406087, 0.0049693343232614946, 0.03702755088577472]], "chi2_level": 0.99, "chi2_df": 3, "chi2_threshold": 11.344866730144373, "N_raw": 45, "N_roi": 45, "N_inlier": 45, "refit": true}
{"timestamp": "15:49:18.623327", "frame": 168, "mu": [1.9401697087582273, 3.734987738281456, 1.1155046502325567], "Sigma": [[0.02268178458286755, -0.011591847767889253, -0.013281591866067545], [-0.011591847767889253, 0.008126266877591359, 0.004107352392656351], [-0.013281591866067545, 0.00410735239265635, 0.01332385692083129]], "chi2_level": 0.99, "chi2_df": 3, "chi2_threshold": 11.344866730144373, "N_raw": 36, "N_roi": 36, "N_inlier": 35, "refit": true}
{"timestamp": "15:49:18.732786", "frame": 170, "mu": [1.8456925328653302, 3.7454972258134247, 0.9584250869699888], "Sigma": [[0.018948220212537642, -0.010182088804734145, -0.012337819060478587], [-0.010182088804734145, 0.00770732010311323, 0.005177181520977172], [-0.012337819060478589, 0.005177181520977172, 0.010990472234567271]], "chi2_level": 0.99, "chi2_df": 3, "chi2_threshold": 11.344866730144373, "N_raw": 34, "N_roi": 32, "N_inlier": 31, "refit": true}
{"timestamp": "15:49:18.843305", "frame": 172, "mu": [1.836506782196474, 3.7023892140317347, 0.8227930533329675], "Sigma": [[0.014912552891053142, -0.008969495571064015, -0.011065539610766088], [-0.008969495571064015, 0.0075428915009978685, 0.0045869451832673425], [-0.01106553961076609, 0.0045869451832673425, 0.01837991100615967]], "chi2_level": 0.99, "chi2_df": 3, "chi2_threshold": 11.344866730144373, "N_raw": 32, "N_roi": 32, "N_inlier": 30, "refit": true}
{"timestamp": "15:49:18.899758", "frame": 173, "mu": [1.8410411634737152, 3.6741931469912097, 0.9622757219110543], "Sigma": [[0.022898586739432077, -0.013983742011387999, -0.022059414823360664], [-0.013983742011387999, 0.010172814036457492, 0.009165965759858126], [-0.022059414823360664, 0.009165965759858126, 0.04594884763064938]], "chi2_level": 0.99, "chi2_df": 3, "chi2_threshold": 11.344866730144373, "N_raw": 42, "N_roi": 42, "N_inlier": 41, "refit": true}
{"timestamp": "15:49:18.950194", "frame": 174, "mu": [1.8683282506231065, 3.624643646746443, 0.8623297761467875], "Sigma": [[0.009793563232058934, -0.005093663502824218, -0.0033739190388681114], [-0.005093663502824219, 0.004713116032345951, 3.3467184617370975e-05], [-0.0033739190388681114, 3.3467184617371165e-05, 0.004408768719574677]], "chi2_level": 0.99, "chi2_df": 3, "chi2_threshold": 11.344866730144373, "N_raw": 13, "N_roi": 13, "N_inlier": 13, "refit": true}
{"timestamp": "15:49:19.061735", "frame": 176, "mu": [1.8025192652192679, 3.5998365293938055, 0.9989628478134652], "Sigma": [[0.01676610588293316, -0.008602546241900483, -0.005091565685642963], [-0.008602546241900483, 0.007058550433195703, 0.001915866883999066], [-0.005091565685642963, 0.001915866883999066, 0.0033058121161142536]], "chi2_level": 0.99, "chi2_df": 3, "chi2_threshold": 11.344866730144373, "N_raw": 26, "N_roi": 26, "N_inlier": 26, "refit": true}
{"timestamp": "15:49:19.117848", "frame": 177, "mu": [1.7498761666078366, 3.6041530325241533, 0.8285416172513732], "Sigma": [[0.014051693543859635, -0.008199951045784921, -0.003638737938964732], [-0.008199951045784921, 0.006979051196264082, -0.0003567308272440752], [-0.0036387379389647323, -0.0003567308272440752, 0.006849457322895885]], "chi2_level": 0.99, "chi2_df": 3, "chi2_threshold": 11.344866730144373, "N_raw": 32, "N_roi": 32, "N_inlier": 31, "refit": true}
{"timestamp": "15:49:19.171092", "frame": 178, "mu": [1.6867714431504657, 3.627788462103114, 0.9717159065845501], "Sigma": [[0.013197226203703552, -0.006861835473059596, -0.017528770604202826], [-0.006861835473059595, 0.004636633302903773, 0.006987203371826262], [-0.017528770604202826, 0.006987203371826262, 0.031488894383519386]], "chi2_level": 0.99, "chi2_df": 3, "chi2_threshold": 11.344866730144373, "N_raw": 19, "N_roi": 19, "N_inlier": 19, "refit": true}
{"timestamp": "15:49:19.226512", "frame": 179, "mu": [1.7490064799526304, 3.537168306810121, 0.7539078488951027], "Sigma": [[0.01292391978299789, -0.007798792339485832, -0.009732468835499487], [-0.007798792339485831, 0.005911715916365708, 0.0049314513660120105], [-0.009732468835499483, 0.004931451366012011, 0.010627190813056252]], "chi2_level": 0.99, "chi2_df": 3, "chi2_threshold": 11.344866730144373, "N_raw": 22, "N_roi": 21, "N_inlier": 20, "refit": true}
{"timestamp": "15:49:19.279871", "frame": 180, "mu": [1.6155528786606386, 3.594714331897485, 0.9529604285362696], "Sigma": [[0.009736628488165438, -0.006099055042145149, -0.01652410765937858], [-0.006099055042145149, 0.004103976341713126, 0.009763031739501063], [-0.01652410765937858, 0.009763031739501063, 0.04264863839311077]], "chi2_level": 0.99, "chi2_df": 3, "chi2_threshold": 11.344866730144373, "N_raw": 16, "N_roi": 16, "N_inlier": 15, "refit": true}
{"timestamp": "15:49:19.338089", "frame": 181, "mu": [1.558706708960636, 3.622375980125059, 1.124534498576983], "Sigma": [[0.016975185853387507, -0.008608921474195563, -0.020216597227706266], [-0.008608921474195567, 0.005819078351355696, 0.007765742812183694], [-0.020216597227706266, 0.007765742812183695, 0.03362738597691261]], "chi2_level": 0.99, "chi2_df": 3, "chi2_threshold": 11.344866730144373, "N_raw": 34, "N_roi": 34, "N_inlier": 34, "refit": true}
{"timestamp": "15:49:19.392918", "frame": 182, "mu": [1.481202204970982, 3.585121962043795, 1.3367726792683778], "Sigma": [[0.009083797830626272, -0.004801484711946642, -0.01311022974612966], [-0.004801484711946642, 0.004716820840130095, 0.007975672382104485], [-0.01311022974612966, 0.007975672382104487, 0.02288673869335091]], "chi2_level": 0.99, "chi2_df": 3, "chi2_threshold": 11.344866730144373, "N_raw": 17, "N_roi": 17, "N_inlier": 16, "refit": true}
{"timestamp": "15:49:19.450939", "frame": 183, "mu": [1.4645149914000946, 3.5879999080636917, 1.0095721281836574], "Sigma": [[0.023321076556897802, -0.008577279288240341, -0.014509857928738393], [-0.008577279288240341, 0.005480892844421155, 0.0015141480365128707], [-0.014509857928738393, 0.0015141480365128703, 0.018111016985985287]], "chi2_level": 0.99, "chi2_df": 3, "chi2_threshold": 11.344866730144373, "N_raw": 53, "N_roi": 51, "N_inlier": 49, "refit": true}
{"timestamp": "15:49:19.556820", "frame": 185, "mu": [1.4580599849736844, 3.482701081065629, 1.0528042508649698], "Sigma": [[0.009611785909763486, -0.004463587638437152, -0.004362683319849543], [-0.004463587638437152, 0.003958486256087507, 0.0001255694251694011], [-0.0043626833198495436, 0.0001255694251694009, 0.0058000716285859745]], "chi2_level": 0.99, "chi2_df": 3, "chi2_threshold": 11.344866730144373, "N_raw": 25, "N_roi": 25, "N_inlier": 23, "refit": true}
{"timestamp": "15:49:19.612664", "frame": 186, "mu": [1.4327393549287588, 3.425457053672087, 1.0748559886567803], "Sigma": [[0.013839295759738392, -0.00823846383678649, -0.008711482143793553], [-0.00823846383678649, 0.008373567732950815, 0.006068110712742002], [-0.008711482143793553, 0.006068110712742002, 0.006743496210139965]], "chi2_level": 0.99, "chi2_df": 3, "chi2_threshold": 11.344866730144373, "N_raw": 27, "N_roi": 27, "N_inlier": 26, "refit": true}
{"timestamp": "15:49:19.669203", "frame": 187, "mu": [1.381953351184582, 3.420369779177239, 1.0553389095063221], "Sigma": [[0.016891943591628003, -0.00828782363586317, -0.008450098489281], [-0.00828782363586317, 0.007920977964904529, 0.003970399994949235], [-0.008450098489281, 0.003970399994949236, 0.005490227514779307]], "chi2_level": 0.99, "chi2_df": 3, "chi2_threshold": 11.344866730144373, "N_raw": 39, "N_roi": 37, "N_inlier": 35, "refit": true}
{"timestamp": "15:49:19.724473", "frame": 188, "mu": [1.2424880576015274, 3.5328186281105234, -0.7240477596742536], "Sigma": [[0.01524825935160488, -0.002590465574934005, 0.03391569978086857], [-0.002590465574934004, 0.005725513110621221, -0.009509640902819414], [0.03391569978086857, -0.009509640902819414, 0.2568986663723613]], "chi2_level": 0.99, "chi2_df": 3, "chi2_threshold": 11.344866730144373, "N_raw": 42, "N_roi": 40, "N_inlier": 39, "refit": true}
{"timestamp": "15:49:19.783164", "frame": 189, "mu": [1.2228199319341688, 3.534709826762455, 1.1018899992915085], "Sigma": [[0.022863305447700225, -0.010188881626770159, -0.0060225471825959675], [-0.010188881626770159, 0.011170154235030138, -0.0017011215068091943], [-0.0060225471825959675, -0.0017011215068091943, 0.007082914055471306]], "chi2_level": 0.99, "chi2_df": 3, "chi2_threshold": 11.344866730144373, "N_raw": 68, "N_roi": 66, "N_inlier": 65, "refit": true}
{"timestamp": "15:49:19.836136", "frame": 190, "mu": [1.1999127045933449, 3.4965771442453244, 1.177561340870408], "Sigma": [[0.019140362039576742, -0.010050332225881767, -0.011492219672396168], [-0.010050332225881767, 0.01013445058286734, 0.00875011366367339], [-0.011492219672396168, 0.008750113663673387, 0.009807737774323786]], "chi2_level": 0.99, "chi2_df": 3, "chi2_threshold": 11.344866730144373, "N_raw": 43, "N_roi": 41, "N_inlier": 38, "refit": true}
{"timestamp": "15:49:19.887442", "frame": 191, "mu": [1.1480357532988836, 3.521382224270202, 1.016928510260051], "Sigma": [[0.009169251420733767, -0.005677557304588559, -0.006182363562215475], [-0.005677557304588559, 0.010451606643841108, -0.01853935877062935], [-0.006182363562215475, -0.018539358770629354, 0.2317458578319362]], "chi2_level": 0.99, "chi2_df": 3, "chi2_threshold": 11.344866730144373, "N_raw": 23, "N_roi": 23, "N_inlier": 23, "refit": true}
{"timestamp": "15:49:19.940388", "frame": 192, "mu": [1.0408564501170265, 3.6262368195819534, 1.2100485211104237], "Sigma": [[0.008744826551237627, -0.0019819573117214988, -0.007819402867692234], [-0.001981957311721499, 0.0019511974298947801, 7.146184248190031e-05], [-0.007819402867692234, 7.146184248190009e-05, 0.010539497428644776]], "chi2_level": 0.99, "chi2_df": 3, "chi2_threshold": 11.344866730144373, "N_raw": 15, "N_roi": 15, "N_inlier": 13, "refit": true}
{"timestamp": "15:49:20.000404", "frame": 193, "mu": [1.0141422062266918, 3.592548202860201, 1.102845396381573], "Sigma": [[0.013782992986094837, -0.0035658731253841473, -0.0251132847652824], [-0.0035658731253841477, 0.003447168332787109, 0.0014419456778587037], [-0.025113284765282403, 0.0014419456778587039, 0.08767226945830175]], "chi2_level": 0.99, "chi2_df": 3, "chi2_threshold": 11.344866730144373, "N_raw": 47, "N_roi": 47, "N_inlier": 45, "refit": true}
{"timestamp": "15:49:20.053282", "frame": 194, "mu": [0.9091400744754049, 3.6276466057349617, 1.2256747215682091], "Sigma": [[0.010931987578445082, -0.0032844181532970538, -0.012428238692025901], [-0.0032844181532970538, 0.004100400802706273, 0.0010482106740863513], [-0.012428238692025901, 0.0010482106740863513, 0.019895966067077234]], "chi2_level": 0.99, "chi2_df": 3, "chi2_threshold": 11.344866730144373, "N_raw": 36, "N_roi": 36, "N_inlier": 36, "refit": true}
{"timestamp": "15:49:20.280895", "frame": 198, "mu": [0.7676375744148035, 3.6381303612860947, 1.1364298244759408], "Sigma": [[0.01638474121925075, -0.00534129074408243, -0.015638344497411784], [-0.00534129074408243, 0.003716981678093865, 0.0031080504031698788], [-0.01563834449741178, 0.0031080504031698788, 0.07217447230165494]], "chi2_level": 0.99, "chi2_df": 3, "chi2_threshold": 11.344866730144373, "N_raw": 56, "N_roi": 51, "N_inlier": 47, "refit": true}
