{"timestamp": "15:39:20.878381", "frame": 27, "mu": [-2.424271624224432, 3.3778910330895515, -0.2112445943064322], "Sigma": [[0.0034020912701687002, 0.0008404642803042541, -0.0005416333840632801], [0.0008404642803042538, 0.00829310910792193, -0.0011618764813614776], [-0.0005416333840632801, -0.0011618764813614776, 0.00161210108360712]], "chi2_level": 0.99, "chi2_df": 3, "chi2_threshold": 11.344866730144373, "N_raw": 38, "N_roi": 14, "N_inlier": 14, "refit": true}
{"timestamp": "15:39:20.934282", "frame": 28, "mu": [-2.4230288236922197, 3.1909713647952964, 0.9045725975847274], "Sigma": [[0.0027907098376308307, 0.0006333327684521239, -0.0006087842079119445], [0.0006333327684521239, 0.006630767257704861, -0.0032260385706692407], [-0.0006087842079119444, -0.0032260385706692407, 0.001807070686472001]], "chi2_level": 0.99, "chi2_df": 3, "chi2_threshold": 11.344866730144373, "N_raw": 47, "N_roi": 18, "N_inlier": 17, "refit": true}
{"timestamp": "15:39:20.992964", "frame": 29, "mu": [-2.391447399674424, 3.1659019315563803, 0.9747588529574435], "Sigma": [[0.004403211808728847, 0.0011175204456830555, -0.0019057204136844377], [0.0011175204456830555, 0.008694942643847486, -0.008441342698918903], [-0.0019057204136844375, -0.008441342698918903, 0.010255074588996908]], "chi2_level": 0.99, "chi2_df": 3, "chi2_threshold": 11.344866730144373, "N_raw": 57, "N_roi": 27, "N_inlier": 27, "refit": true}
{"timestamp": "15:39:21.043015", "frame": 30, "mu": [-2.3987558740133803, 3.1065355002511703, 1.1030139692337275], "Sigma": [[0.003594703954957119, 0.001385607672373575, -0.000400607415394739], [0.001385607672373575, 0.0047075196096849755, -0.0030225658688264375], [-0.000400607415394739, -0.003022565868826438, 0.0034941378258507485]], "chi2_level": 0.99, "chi2_df": 3, "chi2_threshold": 11.344866730144373, "N_raw": 23, "N_roi": 13, "N_inlier": 13, "refit": true}
{"timestamp": "15:39:21.208317", "frame": 33, "mu": [-2.3453972297268866, 3.0011469661270227, 1.0730182340135765], "Sigma": [[0.006989679720056122, 0.003419481388165827, 0.00015980210710602415], [0.0034194813881658266, 0.00325683232408769, -0.002478213897847434], [0.00015980210710602426, -0.002478213897847434, 0.013865203701915114]], "chi2_level": 0.99, "chi2_df": 3, "chi2_threshold": 11.344866730144373, "N_raw": 25, "N_roi": 21, "N_inlier": 21, "refit": true}
{"timestamp": "15:39:21.263546", "frame": 34, "mu": [-2.3196042536313044, 3.0858128389284563, -0.3717832801813694], "Sigma": [[0.010785388007993831, 0.012608194221630693, 0.022928243943431292], [0.012608194221630693, 0.021224421355101043, 0.026147415457908822], [0.022928243943431285, 0.026147415457908822, 0.10621534302775221]], "chi2_level": 0.99, "chi2_df": 3, "chi2_threshold": 11.344866730144373, "N_raw": 26, "N_roi": 24, "N_inlier": 24, "refit": true}
{"timestamp": "15:39:21.320853", "frame": 35, "mu": [-2.3074577304127852, 2.97367900295971, 1.1769579502016423], "Sigma": [[0.010530757449482715, 0.00599094032462337, -0.009886733558263236], [0.00599094032462337, 0.006503657463632244, -0.009030823895938884], [-0.009886733558263236, -0.009030823895938884, 0.016431509064244253]], "chi2_level": 0.99, "chi2_df": 3, "chi2_threshold": 11.344866730144373, "N_raw": 36, "N_roi": 31, "N_inlier": 30, "refit": true}
{"timestamp": "15:39:21.372726", "frame": 36, "mu": [-2.1205363654362066, 3.0034827413559606, 0.6351867780264819], "Sigma": [[0.011714060082109496, 0.005014842235001477, -0.013348874410407111], [0.005014842235001478, 0.005124204850639228, -0.00845905492976769], [-0.013348874410407111, -0.00845905492976769, 0.029547506057332758]], "chi2_level": 0.99, "chi2_df": 3, "chi2_threshold": 11.344866730144373, "N_raw": 23, "N_roi": 23, "N_inlier": 22, "refit": true}
{"timestamp": "15:39:21.486359", "frame": 38, "mu": [-2.1883913453666333, 2.8581458305020635, 1.0348207210655207], "Sigma": [[0.017620508895376277, 0.010939439608633512, -0.008558322354024886], [0.01093943960863351, 0.009290887052187965, -0.00935923493787819], [-0.008558322354024886, -0.00935923493787819, 0.014943020338197527]], "chi2_level": 0.99, "chi2_df": 3, "chi2_threshold": 11.344866730144373, "N_raw": 43, "N_roi": 40, "N_inlier": 39, "refit": true}
{"timestamp": "15:39:21.540707", "frame": 39, "mu": [-2.1727953029032085, 2.8544534841893805, 1.1335250494373996], "Sigma": [[0.014998684933429204, 0.008856471148631589, -0.0008118585190535084], [0.008856471148631587, 0.008128290925200133, -0.006626552383034616], [-0.0008118585190535087, -0.006626552383034615, 0.01650569834619197]], "chi2_level": 0.99, "chi2_df": 3, "chi2_threshold": 11.344866730144373, "N_raw": 46, "N_roi": 46, "N_inlier": 45, "refit": true}
{"timestamp": "15:39:21.594773", "frame": 40, "mu": [-1.9986897592430588, 2.9863924552113628, 0.7494747600492189], "Sigma": [[0.012477349057872693, 0.0038950420133373595, -0.012046195895179902], [0.0038950420133373595, 0.0025058330690838127, -0.006014297660353123], [-0.012046195895179902, -0.006014297660353124, 0.020773117151823832]], "chi2_level": 0.99, "chi2_df": 3, "chi2_threshold": 11.344866730144373, "N_raw": 30, "N_roi": 30, "N_inlier": 28, "refit": true}
{"timestamp": "15:39:21.649730", "frame": 41, "mu": [-2.126625358411077, 2.81862610557527, 1.2514884755801239], "Sigma": [[0.018559079654004194, 0.007820710914893699, -0.012198583675735696], [0.007820710914893699, 0.005924156757745492, -0.007306014317907366], [-0.012198583675735696, -0.007306014317907366, 0.011762821223641631]], "chi2_level": 0.99, "chi2_df": 3, "chi2_threshold": 11.344866730144373, "N_raw": 40, "N_roi": 40, "N_inlier": 38, "refit": true}
{"timestamp": "15:39:21.701534", "frame": 42, "mu": [-1.8694556943345426, 2.926354241466203, 0.7688052484379735], "Sigma": [[0.008884153315214976, 0.00506601041319574, -0.015921870811056855], [0.00506601041319574, 0.004389364711010195, -0.013046785369500564], [-0.015921870811056855, -0.013046785369500564, 0.052047496510924496]], "chi2_level": 0.99, "chi2_df": 3, "chi2_threshold": 11.344866730144373, "N_raw": 13, "N_roi": 13, "N_inlier": 13, "refit": true}
{"timestamp": "15:39:21.764296", "frame": 43, "mu": [-1.8784557015999832, 2.9121343846429815, 1.014293282029233], "Sigma": [[0.015731352494218823, 0.010320023203733153, -0.021013243548409964], [0.010320023203733155, 0.010104024151433457, -0.022623942180453063], [-0.021013243548409964, -0.022623942180453063, 0.061115551283965744]], "chi2_level": 0.99, "chi2_df": 3, "chi2_threshold": 11.344866730144373, "N_raw": 64, "N_roi": 62, "N_inlier": 61, "refit": true}
{"timestamp": "15:39:21.817861", "frame": 44, "mu": [-1.8925863249342392, 2.857141592861428, 1.0358872920938087], "Sigma": [[0.013386691550693554, 0.010039935896191829, -0.021232249350902982], [0.010039935896191829, 0.013072330410754078, -0.026086312645844517], [-0.021232249350902982, -0.026086312645844517, 0.057258448912712916]], "chi2_level": 0.99, "chi2_df": 3, "chi2_threshold": 11.344866730144373, "N_raw": 51, "N_roi": 51, "N_inlier": 51, "refit": true}
{"timestamp": "15:39:21.870307", "frame": 45, "mu": [-1.847318404260035, 2.8555402637782814, 1.0310654491587234], "Sigma": [[0.012117719213783662, 0.0033577374850804883, -0.00902971129202222], [0.003357737485080488, 0.002165418779628758, -0.005662591361553649], [-0.00902971129202222, -0.005662591361553649, 0.02039654805314587]], "chi2_level": 0.99, "chi2_df": 3, "chi2_threshold": 11.344866730144373, "N_raw": 35, "N_roi": 35, "N_inlier": 34, "refit": true}
{"timestamp": "15:39:21.925614", "frame": 46, "mu": [-1.8816371194046067, 2.9265644713814356, -0.11521596195827528], "Sigma": [[0.012785306487029644, 0.008003895097861908, -0.015727072608970737], [0.008003895097861908, 0.010191844048013704, -0.01880144815994992], [-0.015727072608970737, -0.01880144815994992, 0.03698253782131613]], "chi2_level": 0.99, "chi2_df": 3, "chi2_threshold": 11.344866730144373, "N_raw": 38, "N_roi": 38, "N_inlier": 38, "refit": true}
{"timestamp": "15:39:21.980689", "frame": 47, "mu": [-1.760801874475149, 2.7976624158939014, 0.9266742043767768], "Sigma": [[0.009229448829330189, 0.0032855610097237233, -0.009746550432767268], [0.0032855610097237233, 0.003542700223230452, -0.006978527790048148], [-0.009746550432767268, -0.006978527790048148, 0.020339035431371437]], "chi2_level": 0.99, "chi2_df": 3, "chi2_threshold": 11.344866730144373, "N_raw": 34, "N_roi": 34, "N_inlier": 32, "refit": true}
{"timestamp": "15:39:22.040142", "frame": 48, "mu": [-1.8162668904323165, 2.9056201022733354, -0.1410640592231076], "Sigma": [[0.027387387817183896, 0.02716082827683812, -0.027547048042035782], [0.02716082827683812, 0.03823150708816442, -0.036042683245379285], [-0.027547048042035782, -0.036042683245379285, 0.03612100036064109]], "chi2_level": 0.99, "chi2_df": 3, "chi2_threshold": 11.344866730144373, "N_raw": 68, "N_roi": 68, "N_inlier": 67, "refit": true}
{"timestamp": "15:39:22.093607", "frame": 49, "mu": [-1.718304328565754, 2.8174724648007476, 0.9224449262216392], "Sigma": [[0.016566130355056913, 0.0096185215026592, -0.015158947152101419], [0.0096185215026592, 0.012890458803711756, -0.012822347664652569], [-0.015158947152101419, -0.012822347664652569, 0.019144651120849954]], "chi2_level": 0.99, "chi2_df": 3, "chi2_threshold": 11.344866730144373, "N_raw": 61, "N_roi": 61, "N_inlier": 60, "refit": true}
{"timestamp": "15:39:22.141926", "frame": 50, "mu": [-1.7839528154747504, 2.7127473003333358, 1.1389195727714505], "Sigma": [[0.0117561308066343, 0.014490995910911623, -0.01923435301750719], [0.014490995910911623, 0.02071051982579807, -0.02617659533412192], [-0.019234353017507193, -0.02617659533412192, 0.040022921819689736]], "chi2_level": 0.99, "chi2_df": 3, "chi2_threshold": 11.344866730144373, "N_raw": 11, "N_roi": 11, "N_inlier": 11, "refit": true}
{"timestamp": "15:39:22.200291", "frame": 51, "mu": [-1.7139791616621596, 2.684692801368138, 0.9500171461284689], "Sigma": [[0.011519572431652544, 0.0012490678542805367, -0.01380503691495336], [0.0012490678542805367, 0.0021586843329948445, -0.0036291762629742643], [-0.01380503691495336, -0.0036291762629742643, 0.022054317354870512]], "chi2_level": 0.99, "chi2_df": 3, "chi2_threshold": 11.344866730144373, "N_raw": 35, "N_roi": 35, "N_inlier": 33, "refit": true}
{"timestamp": "15:39:22.253554", "frame": 52, "mu": [-1.6755072530334978, 2.7989652979529294, -0.27192270953007464], "Sigma": [[0.009496863916294368, 0.006128713154294039, -0.005764534829490584], [0.0061287131542940385, 0.00895248502671511, -0.0065262258795450254], [-0.005764534829490584, -0.0065262258795450254, 0.005542749768856083]], "chi2_level": 0.99, "chi2_df": 3, "chi2_threshold": 11.344866730144373, "N_raw": 31, "N_roi": 31, "N_inlier": 28, "refit": true}
{"timestamp": "15:39:22.310605", "frame": 53, "mu": [-1.6262760504492757, 2.581253585931218, 0.7692332755606235], "Sigma": [[0.014650150909381602, 0.004673166425474863, -0.0025253292944593044], [0.004673166425474863, 0.0026194117727271703, -0.0021757191498816483], [-0.002525329294459304, -0.0021757191498816483, 0.007262719546683183]], "chi2_level": 0.99, "chi2_df": 3, "chi2_threshold": 11.344866730144373, "N_raw": 38, "N_roi": 38, "N_inlier": 36, "refit": true}
{"timestamp": "15:39:22.368448", "frame": 54, "mu": [-1.5107597333190672, 2.698622145378876, -1.0375306333717176], "Sigma": [[0.01230912750973069, 0.010506908632888879, 0.009903219582230786], [0.010506908632888879, 0.026538432571171118, 0.02818539556489914], [0.009903219582230786, 0.028185395564899143, 0.0559384869982035]], "chi2_level": 0.99, "chi2_df": 3, "chi2_threshold": 11.344866730144373, "N_raw": 56, "N_roi": 56, "N_inlier": 56, "refit": true}
{"timestamp": "15:39:22.424219", "frame": 55, "mu": [-1.5579119664947627, 2.5845498723060074, 0.9809954760454754], "Sigma": [[0.011362027376377213, 0.0028423161187058343, -0.008935936637779933], [0.0028423161187058343, 0.00597941841181401, -0.01172785732526971], [-0.008935936637779935, -0.011727857325269708, 0.027322621143303288]], "chi2_level": 0.99, "chi2_df": 3, "chi2_threshold": 11.344866730144373, "N_raw": 67, "N_roi": 67, "N_inlier": 67, "refit": true}
{"timestamp": "15:39:22.475402", "frame": 56, "mu": [-1.5734200314383695, 2.507859701538459, 1.318013859784593], "Sigma": [[0.011049942375383372, 0.0018378460748366843, -0.006616083444280925], [0.0018378460748366843, 0.0026873851412087023, -0.004427130640519682], [-0.006616083444280925, -0.004427130640519682, 0.010536709193170898]], "chi2_level": 0.99, "chi2_df": 3, "chi2_threshold": 11.344866730144373, "N_raw": 39, "N_roi": 39, "N_inlier": 36, "refit": true}
{"timestamp": "15:39:22.528770", "frame": 57, "mu": [-1.471750172765297, 2.625281367821031, -0.12845671126873928], "Sigma": [[0.00939530669438061, 0.004908499303777973, -0.0025515634448145773], [0.004908499303777972, 0.007153291141879248, -0.0071285517581923235], [-0.0025515634448145773, -0.0071285517581923235, 0.008937087524148521]], "chi2_level": 0.99, "chi2_df": 3, "chi2_threshold": 11.344866730144373, "N_raw": 29, "N_roi": 29, "N_inlier": 28, "refit": true}
{"timestamp": "15:39:22.583844", "frame": 58, "mu": [-1.3725017824820938, 2.564426728142473, 0.6183966306749047], "Sigma": [[0.012351017234887596, 0.0048852733234856505, -0.014930210636650596], [0.0048852733234856505, 0.0038952525223658876, -0.009149619886486555], [-0.014930210636650594, -0.009149619886486555, 0.03308568449939374]], "chi2_level": 0.99, "chi2_df": 3, "chi2_threshold": 11.344866730144373, "N_raw": 27, "N_roi": 27, "N_inlier": 26, "refit": true}
{"timestamp": "15:39:22.646017", "frame": 59, "mu": [-1.4174270779251468, 2.4937117618110145, 1.0056315415160189], "Sigma": [[0.014534820583021388, 0.0033581157269091666, -0.013255183709350327], [0.0033581157269091666, 0.006763912798446819, -0.011068156725105409], [-0.013255183709350327, -0.011068156725105409, 0.027468373329406482]], "chi2_level": 0.99, "chi2_df": 3, "chi2_threshold": 11.344866730144373, "N_raw": 77, "N_roi": 75, "N_inlier": 75, "refit": true}
{"timestamp": "15:39:22.701130", "frame": 60, "mu": [-1.3466288729481721, 2.6979727165512277, -0.48535598324361845], "Sigma": [[0.016762577683637044, 0.014476625086984968, -0.01586015452000144], [0.014476625086984968, 0.020700099718771528, -0.018555746959364065], [-0.01586015452000144, -0.018555746959364065, 0.019757476654819493]], "chi2_level": 0.99, "chi2_df": 3, "chi2_threshold": 11.344866730144373, "N_raw": 73, "N_roi": 73, "N_inlier": 68, "refit": true}
{"timestamp": "15:39:22.757894", "frame": 61, "mu": [-1.324295005155881, 2.498513396515283, 0.8296181745887491], "Sigma": [[0.01693852059977945, 0.007970298813045333, -0.012349543484437335], [0.007970298813045333, 0.012607239404525334, -0.010485333419347976], [-0.012349543484437333, -0.010485333419347976, 0.013558732470154822]], "chi2_level": 0.99, "chi2_df": 3, "chi2_threshold": 11.344866730144373, "N_raw": 84, "N_roi": 84, "N_inlier": 82, "refit": true}
{"timestamp": "15:39:22.809532", "frame": 62, "mu": [-1.3553801224975652, 2.4272417100548953, 0.9831228159203159], "Sigma": [[0.013449599418694886, 0.007515474287811294, -0.011176542778002254], [0.007515474287811294, 0.00967525759139636, -0.010888326464765072], [-0.011176542778002254, -0.010888326464765072, 0.015435385573886242]], "chi2_level": 0.99, "chi2_df": 3, "chi2_threshold": 11.344866730144373, "N_raw": 64, "N_roi": 64, "N_inlier": 63, "refit": true}
{"timestamp": "15:39:22.865237", "frame": 63, "mu": [-1.2607125748743042, 2.448010998967795, 0.8881166192035657], "Sigma": [[0.015691473464250868, 0.0033537205541812687, -0.018147762032152147], [0.0033537205541812687, 0.005670237431548545, -0.00854251057429704], [-0.01814776203215215, -0.00854251057429704, 0.03062228327846463]], "chi2_level": 0.99, "chi2_df": 3, "chi2_threshold": 11.344866730144373, "N_raw": 71, "N_roi": 71, "N_inlier": 69, "refit": true}
{"timestamp": "15:39:22.918857", "frame": 64, "mu": [-1.1641709846390986, 2.5025999736640228, 0.8660087445900434], "Sigma": [[0.013124011413691614, 0.001275123116890632, -0.01165362301308755], [0.001275123116890632, 0.0021949946517557956, -0.005200524776152681], [-0.01165362301308755, -0.005200524776152681, 0.02350892707159312]], "chi2_level": 0.99, "chi2_df": 3, "chi2_threshold": 11.344866730144373, "N_raw": 60, "N_roi": 60, "N_inlier": 58, "refit": true}
{"timestamp": "15:39:22.977634", "frame": 65, "mu": [-1.26366095287301, 2.3436439464378647, 0.912773145445707], "Sigma": [[0.01598239102588228, 0.0011837021770295581, -0.019242549631237463], [0.0011837021770295581, 0.0036213346293347843, -0.007993409180100896], [-0.019242549631237463, -0.007993409180100898, 0.048260509666641124]], "chi2_level": 0.99, "chi2_df": 3, "chi2_threshold": 11.344866730144373, "N_raw": 88, "N_roi": 88, "N_inlier": 87, "refit": true}
{"timestamp": "15:39:23.025093", "frame": 66, "mu": [-1.2737934206583024, 2.2573960011048264, 0.8956816763862473], "Sigma": [[0.011024903152078479, 0.00385284822726875, -0.005258626945707582], [0.00385284822726875, 0.0029734800338364134, -0.0031124496947362297], [-0.005258626945707582, -0.0031124496947362293, 0.005149249489424624]], "chi2_level": 0.99, "chi2_df": 3, "chi2_threshold": 11.344866730144373, "N_raw": 29, "N_roi": 29, "N_inlier": 28, "refit": true}
{"timestamp": "15:39:23.086376", "frame": 67, "mu": [-1.1670426937965914, 2.3163048585406014, 0.8202821896687817], "Sigma": [[0.015333074332614717, 0.006255461351251591, -0.01900062268762772], [0.006255461351251591, 0.004729844787887172, -0.012469522618682349], [-0.01900062268762772, -0.012469522618682349, 0.046905502165224953]], "chi2_level": 0.99, "chi2_df": 3, "chi2_threshold": 11.344866730144373, "N_raw": 76, "N_roi": 76, "N_inlier": 73, "refit": true}
{"timestamp": "15:39:23.144647", "frame": 68, "mu": [-1.1131709609484566, 2.2600901618903366, 1.0500467242507803], "Sigma": [[0.011868609015102642, 0.0030354924256943247, -0.016488398013571007], [0.0030354924256943243, 0.003541011982291205, -0.012073386560406412], [-0.016488398013571007, -0.01207338656040641, 0.05564790603430922]], "chi2_level": 0.99, "chi2_df": 3, "chi2_threshold": 11.344866730144373, "N_raw": 87, "N_roi": 85, "N_inlier": 82, "refit": true}
{"timestamp": "15:39:23.197300", "frame": 69, "mu": [-1.1084388083787382, 2.23708948910014, 1.1100724241977469], "Sigma": [[0.012688821534845757, -0.0004691222382113714, -0.010354702614041473], [-0.0004691222382113711, 0.0024015094828001627, -0.005818445961553379], [-0.010354702614041473, -0.005818445961553379, 0.03196484782240748]], "chi2_level": 0.99, "chi2_df": 3, "chi2_threshold": 11.344866730144373, "N_raw": 74, "N_roi": 74, "N_inlier": 70, "refit": true}
{"timestamp": "15:39:23.250196", "frame": 70, "mu": [-0.9993197312259939, 2.231547383366748, 0.9087948770289492], "Sigma": [[0.009795791043799065, 0.001985072531577605, -0.010146997772067146], [0.001985072531577605, 0.0016296136253274817, -0.006857168382959202], [-0.010146997772067146, -0.006857168382959202, 0.03979309657763386]], "chi2_level": 0.99, "chi2_df": 3, "chi2_threshold": 11.344866730144373, "N_raw": 73, "N_roi": 73, "N_inlier": 69, "refit": true}
{"timestamp": "15:39:23.307821", "frame": 71, "mu": [-1.0721048563332833, 2.210334229067955, 1.1064831447560728], "Sigma": [[0.01074144780132427, 0.0019986054177625473, -0.005189622123734109], [0.0019986054177625473, 0.0024883116555345355, -0.007601702802241467], [-0.005189622123734109, -0.007601702802241467, 0.04045619049892077]], "chi2_level": 0.99, "chi2_df": 3, "chi2_threshold": 11.344866730144373, "N_raw": 85, "N_roi": 85, "N_inlier": 80, "refit": true}
{"timestamp": "15:39:23.361623", "frame": 72, "mu": [-1.0180290934439842, 2.324438818400444, -0.5580546285010344], "Sigma": [[0.015244046400683456, 0.015234293408723364, 0.006093031244424623], [0.015234293408723364, 0.02696703042695553, 0.002370201002896002], [0.006093031244424623, 0.002370201002896, 0.0553009356176134]], "chi2_level": 0.99, "chi2_df": 3, "chi2_threshold": 11.344866730144373, "N_raw": 75, "N_roi": 75, "N_inlier": 73, "refit": true}
{"timestamp": "15:39:23.412795", "frame": 73, "mu": [-1.0772425761425215, 2.093973845302378, 1.1601755627760946], "Sigma": [[0.009297234643700901, 0.001847323123589982, -0.0006876200805656099], [0.0018473231235899825, 0.0016036148628652055, -0.004033383408932242], [-0.0006876200805656099, -0.004033383408932242, 0.021700492337400137]], "chi2_level": 0.99, "chi2_df": 3, "chi2_threshold": 11.344866730144373, "N_raw": 46, "N_roi": 46, "N_inlier": 42, "refit": true}
{"timestamp": "15:39:23.463996", "frame": 74, "mu": [-1.024730822759277, 2.016233932493211, 0.6089819263324874], "Sigma": [[0.006730189522018865, -0.0011637292196203031, -0.026828377094477864], [-0.001163729219620303, 0.005134802744061115, 0.031763166752339186], [-0.026828377094477864, 0.031763166752339186, 0.3205234519923766]], "chi2_level": 0.99, "chi2_df": 3, "chi2_threshold": 11.344866730144373, "N_raw": 20, "N_roi": 20, "N_inlier": 20, "refit": true}
{"timestamp": "15:39:23.518620", "frame": 75, "mu": [-0.9830388496631802, 2.0759282428180184, 1.0628353908171013], "Sigma": [[0.006413100378863063, -0.002216968271122275, -0.018058511483232134], [-0.002216968271122275, 0.0067292611937033115, 0.033192523374862254], [-0.018058511483232134, 0.033192523374862254, 0.23082342061395872]], "chi2_level": 0.99, "chi2_df": 3, "chi2_threshold": 11.344866730144373, "N_raw": 29, "N_roi": 29, "N_inlier": 28, "refit": true}
{"timestamp": "15:39:23.575066", "frame": 76, "mu": [-0.9158526763095626, 2.095878793916115, 1.1142085397392612], "Sigma": [[0.006434800182264582, 6.953660761929356e-05, 0.0053377460337173215], [6.953660761929356e-05, 0.0024075865109988116, -0.006388212479840615], [0.00533774603371732, -0.006388212479840615, 0.18095245234842014]], "chi2_level": 0.99, "chi2_df": 3, "chi2_threshold": 11.344866730144373, "N_raw": 34, "N_roi": 34, "N_inlier": 31, "refit": true}
{"timestamp": "15:39:23.638395", "frame": 77, "mu": [-0.8834585286877396, 2.092591069169264, 1.0598698442136163], "Sigma": [[0.010719738684800015, 0.0035538779363396204, -0.009707251068112818], [0.0035538779363396204, 0.006772170878010548, -0.016750549017388375], [-0.009707251068112818, -0.016750549017388375, 0.04757986888046774]], "chi2_level": 0.99, "chi2_df": 3, "chi2_threshold": 11.344866730144373, "N_raw": 90, "N_roi": 90, "N_inlier": 89, "refit": true}
{"timestamp": "15:39:23.694503", "frame": 78, "mu": [-0.7793190798480257, 2.0875276925159945, 1.0814530664695614], "Sigma": [[0.01904875827817442, 0.008233711494522065, -0.023677223040414884], [0.008233711494522067, 0.009348880176794009, -0.02403243517226125], [-0.023677223040414884, -0.02403243517226125, 0.06715915392055585]], "chi2_level": 0.99, "chi2_df": 3, "chi2_threshold": 11.344866730144373, "N_raw": 99, "N_roi": 99, "N_inlier": 98, "refit": true}
{"timestamp": "15:39:23.753016", "frame": 79, "mu": [-0.7585791312852466, 2.0678300031555956, 1.1237929202667933], "Sigma": [[0.012125330714166459, 0.003408369789920388, -0.011397110299787062], [0.003408369789920388, 0.008934386830764963, -0.018950700644667626], [-0.011397110299787062, -0.018950700644667626, 0.0491758602802667]], "chi2_level": 0.99, "chi2_df": 3, "chi2_threshold": 11.344866730144373, "N_raw": 123, "N_roi": 123, "N_inlier": 122, "refit": true}
{"timestamp": "15:39:23.806034", "frame": 80, "mu": [-0.7544126009203274, 1.9874580504673647, 1.100814092445544], "Sigma": [[0.008930342798861336, -0.0008882745009164326, -0.005397055863602445], [-0.0008882745009164327, 0.005287077046223536, -0.007316731226049926], [-0.0053970558636024435, -0.007316731226049926, 0.08939115948520487]], "chi2_level": 0.99, "chi2_df": 3, "chi2_threshold": 11.344866730144373, "N_raw": 107, "N_roi": 107, "N_inlier": 107, "refit": true}
{"timestamp": "15:39:23.861741", "frame": 81, "mu": [-0.7332127488822738, 2.1331300479313406, -0.5062506186151684], "Sigma": [[0.008266400154905084, 0.0031721068335513157, -0.00453095482436275], [0.0031721068335513157, 0.01597147177196949, -0.03755711640264472], [-0.004530954824362749, -0.03755711640264472, 0.1142750897119757]], "chi2_level": 0.99, "chi2_df": 3, "chi2_threshold": 11.344866730144373, "N_raw": 108, "N_roi": 108, "N_inlier": 106, "refit": true}
{"timestamp": "15:39:23.912858", "frame": 82, "mu": [-0.7118994809044841, 1.8840325331875132, 1.1342161227928802], "Sigma": [[0.007096459904772571, 0.00022751871782849867, -0.0032279478995543495], [0.00022751871782849867, 0.002861068011653479, -0.004153757607427601], [-0.0032279478995543495, -0.004153757607427601, 0.06488130370531094]], "chi2_level": 0.99, "chi2_df": 3, "chi2_threshold": 11.344866730144373, "N_raw": 88, "N_roi": 88, "N_inlier": 88, "refit": true}
{"timestamp": "15:39:23.968889", "frame": 83, "mu": [-0.6885833585474138, 2.025582191222301, -0.400376489527364], "Sigma": [[0.008010703236719976, -0.00016463211556474848, -0.0018228563836982731], [-0.00016463211556474848, 0.007953934230175834, -0.009494130203292364], [-0.0018228563836982727, -0.009494130203292364, 0.05291219370822883]], "chi2_level": 0.99, "chi2_df": 3, "chi2_threshold": 11.344866730144373, "N_raw": 91, "N_roi": 91, "N_inlier": 88, "refit": true}
{"timestamp": "15:39:24.025279", "frame": 84, "mu": [-0.6687755173534438, 1.9453995585239656, 0.0014343641169129893], "Sigma": [[0.00839972096218024, -0.004063796124866325, 0.0365411668648285], [-0.004063796124866325, 0.0073401438852987895, -0.038184601575008706], [0.0365411668648285, -0.038184601575008706, 0.3430088674095759]], "chi2_level": 0.99, "chi2_df": 3, "chi2_threshold": 11.344866730144373, "N_raw": 102, "N_roi": 102, "N_inlier": 101, "refit": true}
{"timestamp": "15:39:24.078964", "frame": 85, "mu": [-0.6538060503544249, 1.7896427378836315, 1.0234845682663694], "Sigma": [[0.010005338414720873, 0.0024003602060073126, -0.0026465731042913093], [0.002400360206007312, 0.0035333924636760192, -0.0032284844257741904], [-0.0026465731042913093, -0.00322848442577419, 0.018595723494994366]], "chi2_level": 0.99, "chi2_df": 3, "chi2_threshold": 11.344866730144373, "N_raw": 84, "N_roi": 84, "N_inlier": 81, "refit": true}
{"timestamp": "15:39:24.134370", "frame": 86, "mu": [-0.6198380776672929, 1.9237195771003528, -0.2643231314125656], "Sigma": [[0.010624500963951596, -0.0028712481697802804, 0.02575126020586108], [-0.0028712481697802804, 0.011380935995887733, -0.037027742085318976], [0.02575126020586108, -0.037027742085318976, 0.22152870925024035]], "chi2_level": 0.99, "chi2_df": 3, "chi2_threshold": 11.344866730144373, "N_raw": 92, "N_roi": 92, "N_inlier": 90, "refit": true}
{"timestamp": "15:39:24.192376", "frame": 87, "mu": [-0.5742230744025615, 1.954308310309926, -0.4951259238605154], "Sigma": [[0.011146979367775532, 0.0061238202494028095, -0.0176949350018644], [0.0061238202494028095, 0.013382370821732893, -0.03141574920026385], [-0.0176949350018644, -0.03141574920026385, 0.09363000584929905]], "chi2_level": 0.99, "chi2_df": 3, "chi2_threshold": 11.344866730144373, "N_raw": 109, "N_roi": 109, "N_inlier": 106, "refit": true}
{"timestamp": "15:39:24.238399", "frame": 88, "mu": [-0.5040162984351195, 2.0052773417133856, -0.9894256403253753], "Sigma": [[0.010660872652494437, 0.0021209518723938822, -0.007342647396895068], [0.002120951872393882, 0.008691120467918416, -0.025433155106831504], [-0.00734264739689507, -0.025433155106831504, 0.11472663290491723]], "chi2_level": 0.99, "chi2_df": 3, "chi2_threshold": 11.344866730144373, "N_raw": 46, "N_roi": 46, "N_inlier": 45, "refit": true}
{"timestamp": "15:39:24.301990", "frame": 89, "mu": [-0.4898354475301692, 1.7515071484927864, 0.8505563785530013], "Sigma": [[0.01162376809447035, 0.002274751505480041, -0.01844370386397782], [0.002274751505480041, 0.004477055544600162, -0.009084517840423046], [-0.01844370386397782, -0.009084517840423046, 0.05691847524820578]], "chi2_level": 0.99, "chi2_df": 3, "chi2_threshold": 11.344866730144373, "N_raw": 113, "N_roi": 113, "N_inlier": 109, "refit": true}
{"timestamp": "15:39:24.358515", "frame": 90, "mu": [-0.4872803059240812, 1.6894241425243441, 0.8266544924915041], "Sigma": [[0.01035656161599346, 0.0030173181039955645, -0.01429770418294866], [0.0030173181039955645, 0.0022125301320237312, -0.007625585808072039], [-0.01429770418294866, -0.007625585808072039, 0.05576182201491255]], "chi2_level": 0.99, "chi2_df": 3, "chi2_threshold": 11.344866730144373, "N_raw": 114, "N_roi": 114, "N_inlier": 108, "refit": true}
{"timestamp": "15:39:24.409612", "frame": 91, "mu": [-0.45266580214165175, 1.6888046129843597, 0.8452720181602492], "Sigma": [[0.007543770422345266, 0.0006693353148378312, -0.0057437437048762415], [0.0006693353148378314, 0.0014138398952866838, -0.004186810341747709], [-0.0057437437048762415, -0.004186810341747709, 0.034441719866879134]], "chi2_level": 0.99, "chi2_df": 3, "chi2_threshold": 11.344866730144373, "N_raw": 88, "N_roi": 88, "N_inlier": 84, "refit": true}
{"timestamp": "15:39:24.464462", "frame": 92, "mu": [-0.42289113580710996, 1.690505593704266, 0.9947717136338747], "Sigma": [[0.008236192768038145, 0.0007736321539342071, -0.01925237218530178], [0.0007736321539342072, 0.002289733262096044, -0.002712053770833686], [-0.01925237218530178, -0.0027120537708336862, 0.08209481254892818]], "chi2_level": 0.99, "chi2_df": 3, "chi2_threshold": 11.344866730144373, "N_raw": 92, "N_roi": 92, "N_inlier": 88, "refit": true}
{"timestamp": "15:39:24.525366", "frame": 93, "mu": [-0.4243285659854829, 1.579281971622072, 0.9379434205846353], "Sigma": [[0.008607199279532457, 0.00021028541533116353, -0.016206411792272012], [0.00021028541533116342, 0.0023140413763493182, -0.0015704493917354082], [-0.016206411792272016, -0.0015704493917354085, 0.09924624003306584]], "chi2_level": 0.99, "chi2_df": 3, "chi2_threshold": 11.344866730144373, "N_raw": 131, "N_roi": 131, "N_inlier": 128, "refit": true}
{"timestamp": "15:39:24.577642", "frame": 94, "mu": [-0.3710547731916318, 1.5801713472321064, 1.088594261937941], "Sigma": [[0.010053940722925656, 0.003422536052093657, -0.01109167809554933], [0.003422536052093657, 0.003273466885426601, -0.010519686354646394], [-0.01109167809554933, -0.010519686354646394, 0.05171663757510411]], "chi2_level": 0.99, "chi2_df": 3, "chi2_threshold": 11.344866730144373, "N_raw": 114, "N_roi": 114, "N_inlier": 109, "refit": true}
{"timestamp": "15:39:24.631028", "frame": 95, "mu": [-0.389947494425917, 1.552989042377284, 1.0758158379337597], "Sigma": [[0.009829154203796825, -0.0010037863268320337, 0.029163391550777833], [-0.0010037863268320337, 0.007010571109507464, -0.021595828233637725], [0.029163391550777833, -0.021595828233637725, 0.24678621822383184]], "chi2_level": 0.99, "chi2_df": 3, "chi2_threshold": 11.344866730144373, "N_raw": 106, "N_roi": 106, "N_inlier": 105, "refit": true}
{"timestamp": "15:39:24.682187", "frame": 96, "mu": [-0.3187542263840787, 1.530428583180698, 1.0551326775787473], "Sigma": [[0.007584546212525709, -0.0017542311958311154, -0.027728122291883046], [-0.0017542311958311154, 0.002048284055866891, 0.004837737494989844], [-0.02772812229188304, 0.004837737494989846, 0.16351915223864513]], "chi2_level": 0.99, "chi2_df": 3, "chi2_threshold": 11.344866730144373, "N_raw": 77, "N_roi": 75, "N_inlier": 71, "refit": true}
{"timestamp": "15:39:24.738020", "frame": 97, "mu": [-0.3312167606348207, 1.4829212801763987, 1.1536183167653729], "Sigma": [[0.006493960785721869, 0.0010650169478116267, -0.004354493152413369], [0.0010650169478116265, 0.0015994643197318455, -0.004590222416299182], [-0.004354493152413369, -0.004590222416299182, 0.029855094471352452]], "chi2_level": 0.99, "chi2_df": 3, "chi2_threshold": 11.344866730144373, "N_raw": 86, "N_roi": 86, "N_inlier": 83, "refit": true}
{"timestamp": "15:39:24.797854", "frame": 98, "mu": [-0.26835287478000497, 1.4691127156551247, 1.148731039695644], "Sigma": [[0.006250739877228973, 0.0004512241560159984, 0.0026724895701990695], [0.0004512241560159984, 0.001596794843077584, -0.005172635346451026], [0.0026724895701990695, -0.005172635346451026, 0.04039577930646007]], "chi2_level": 0.99, "chi2_df": 3, "chi2_threshold": 11.344866730144373, "N_raw": 118, "N_roi": 118, "N_inlier": 115, "refit": true}
{"timestamp": "15:39:24.854656", "frame": 99, "mu": [-0.2355963531576597, 1.4766289868075764, 1.2054574900900452], "Sigma": [[0.007268490621369135, 0.0019100375048915494, 0.0013351264809051341], [0.0019100375048915499, 0.004710465651707911, -0.005569202601932278], [0.001335126480905134, -0.005569202601932279, 0.033800147007666384]], "chi2_level": 0.99, "chi2_df": 3, "chi2_threshold": 11.344866730144373, "N_raw": 123, "N_roi": 122, "N_inlier": 119, "refit": true}
{"timestamp": "15:39:25.033280", "frame": 100, "mu": [-0.24136812529754473, 1.5250316541362638, 0.13362852639711215], "Sigma": [[0.008112094201569013, -0.005702130373226999, 0.07056877176000936], [-0.005702130373226999, 0.009283804975065544, -0.06989729214918007], [0.07056877176000936, -0.06989729214918007, 0.83321980302488]], "chi2_level": 0.99, "chi2_df": 3, "chi2_threshold": 11.344866730144373, "N_raw": 116, "N_roi": 116, "N_inlier": 114, "refit": true}
{"timestamp": "15:39:25.055326", "frame": 101, "mu": [-0.2616282994038926, 1.3766499503191236, 0.9787640717636917], "Sigma": [[0.006694665473902427, 0.004535781256076057, 0.0004953879491220153], [0.004535781256076056, 0.010154743069986651, 0.014648503696678394], [0.000495387949122015, 0.014648503696678394, 0.10207705073287832]], "chi2_level": 0.99, "chi2_df": 3, "chi2_threshold": 11.344866730144373, "N_raw": 99, "N_roi": 99, "N_inlier": 95, "refit": true}
{"timestamp": "15:39:25.081930", "frame": 102, "mu": [-0.17408776776576892, 1.4246715987442544, 1.2137357436151497], "Sigma": [[0.00958483030715975, 0.0007086564568854371, -0.004803509536240495], [0.000708656456885437, 0.002851189454195561, -0.007832791381068809], [-0.004803509536240495, -0.007832791381068809, 0.026224423900187477]], "chi2_level": 0.99, "chi2_df": 3, "chi2_threshold": 11.344866730144373, "N_raw": 127, "N_roi": 127, "N_inlier": 121, "refit": true}
{"timestamp": "15:39:25.113850", "frame": 103, "mu": [-0.12633246567768863, 1.3747484371387748, 1.2849813090240285], "Sigma": [[0.005237455435071603, -0.0008227861975144489, 0.002725118795920368], [-0.0008227861975144487, 0.0021905212910521563, -0.005678496938131914], [0.0027251187959203677, -0.005678496938131915, 0.026954068205119475]], "chi2_level": 0.99, "chi2_df": 3, "chi2_threshold": 11.344866730144373, "N_raw": 98, "N_roi": 98, "N_inlier": 93, "refit": true}
{"timestamp": "15:39:25.145245", "frame": 104, "mu": [-0.10683730382050345, 1.3691225185590132, 1.2830864917682758], "Sigma": [[0.007187892881476151, -0.0021553341204165488, 0.007461901909010435], [-0.0021553341204165483, 0.00341015399378159, -0.002642243994013496], [0.007461901909010435, -0.0026422439940134964, 0.03615345880909377]], "chi2_level": 0.99, "chi2_df": 3, "chi2_threshold": 11.344866730144373, "N_raw": 105, "N_roi": 105, "N_inlier": 101, "refit": true}
{"timestamp": "15:39:25.176404", "frame": 105, "mu": [-0.05610969487129942, 1.3132596431788615, 1.4271857115181281], "Sigma": [[0.005165108858144929, -0.0005339238120726688, 0.004263352640811403], [-0.0005339238120726689, 0.0032242984629478892, -0.001863460790584276], [0.004263352640811403, -0.0018634607905842764, 0.01375224225254164]], "chi2_level": 0.99, "chi2_df": 3, "chi2_threshold": 11.344866730144373, "N_raw": 74, "N_roi": 74, "N_inlier": 69, "refit": true}
{"timestamp": "15:39:25.235007", "frame": 106, "mu": [0.027493383468907832, 1.313034449256199, 1.2404091432122324], "Sigma": [[0.007961486326091288, -0.00025387841323948584, -0.02391424829669143], [-0.00025387841323948584, 0.003007801355341624, -0.003410214000039842], [-0.02391424829669143, -0.0034102140000398418, 0.13896752049485211]], "chi2_level": 0.99, "chi2_df": 3, "chi2_threshold": 11.344866730144373, "N_raw": 95, "N_roi": 95, "N_inlier": 90, "refit": true}
{"timestamp": "15:39:25.289777", "frame": 107, "mu": [-0.009315239430406913, 1.2589156320040258, 1.3312374986913091], "Sigma": [[0.0050568862740765245, 0.00040304536951711324, 0.00905913842903551], [0.00040304536951711335, 0.004034851952081797, 0.0012221291316847729], [0.00905913842903551, 0.0012221291316847729, 0.05234808463463308]], "chi2_level": 0.99, "chi2_df": 3, "chi2_threshold": 11.344866730144373, "N_raw": 100, "N_roi": 100, "N_inlier": 96, "refit": true}
{"timestamp": "15:39:25.341868", "frame": 108, "mu": [0.04915306865603665, 1.2389383295554954, 1.418813360961847], "Sigma": [[0.003369955489641714, -0.0003419284601038394, -0.0024629044588696898], [-0.00034192846010383944, 0.0035783222281791007, -0.0028861941824228675], [-0.0024629044588696898, -0.0028861941824228675, 0.00811690285423186]], "chi2_level": 0.99, "chi2_df": 3, "chi2_threshold": 11.344866730144373, "N_raw": 73, "N_roi": 73, "N_inlier": 70, "refit": true}
{"timestamp": "15:39:25.400298", "frame": 109, "mu": [0.021927246345195023, 1.2083087307581801, 1.3852291834745807], "Sigma": [[0.00487032333975079, -0.002236384840504689, 0.000828469588591702], [-0.0022363848405046894, 0.004177964589776895, -0.005368374016382273], [0.000828469588591702, -0.005368374016382273, 0.011481253171981424]], "chi2_level": 0.99, "chi2_df": 3, "chi2_threshold": 11.344866730144373, "N_raw": 99, "N_roi": 99, "N_inlier": 96, "refit": true}
{"timestamp": "15:39:25.453601", "frame": 110, "mu": [0.024968929647715753, 1.1810936587078384, 1.378677110791917], "Sigma": [[0.005292856380582728, -0.001393619664463623, 0.004610331721257969], [-0.001393619664463623, 0.0018392070425847426, -0.003139571305057939], [0.00461033172125797, -0.003139571305057939, 0.023168194810245762]], "chi2_level": 0.99, "chi2_df": 3, "chi2_threshold": 11.344866730144373, "N_raw": 90, "N_roi": 90, "N_inlier": 86, "refit": true}
{"timestamp": "15:39:25.506206", "frame": 111, "mu": [0.009520111985458898, 1.0880700449691088, 0.964598422861186], "Sigma": [[0.005067609421830834, 0.0023725991296589975, -0.0012017013405338651], [0.0023725991296589975, 0.0027938311897635717, -0.0009256932578148244], [-0.0012017013405338651, -0.0009256932578148242, 0.021157980048330347]], "chi2_level": 0.99, "chi2_df": 3, "chi2_threshold": 11.344866730144373, "N_raw": 72, "N_roi": 72, "N_inlier": 69, "refit": true}
{"timestamp": "15:39:25.564520", "frame": 112, "mu": [0.09399308716796652, 1.2414819884694892, -0.39580565853600036], "Sigma": [[0.0035790294208526323, -0.001973930982612019, 0.0057615282363933555], [-0.001973930982612019, 0.005009828595076373, -0.00876055899100395], [0.005761528236393356, -0.00876055899100395, 0.03712060335953869]], "chi2_level": 0.99, "chi2_df": 3, "chi2_threshold": 11.344866730144373, "N_raw": 96, "N_roi": 96, "N_inlier": 92, "refit": true}
{"timestamp": "15:39:25.701039", "frame": 113, "mu": [0.08221108300896521, 1.216277237262586, -0.46837007304357897], "Sigma": [[0.00699201975147576, -0.0026438859895144898, 0.00803395112064305], [-0.0026438859895144898, 0.007009813423119807, -0.014029885977309097], [0.008033951120643049, -0.014029885977309097, 0.03587568304752436]], "chi2_level": 0.99, "chi2_df": 3, "chi2_threshold": 11.344866730144373, "N_raw": 73, "N_roi": 73, "N_inlier": 69, "refit": true}
{"timestamp": "15:39:25.708241", "frame": 114, "mu": [0.1848297521558625, 1.1102405889925624, -0.20259953434783667], "Sigma": [[0.003030385178757803, 4.716022830297229e-05, 0.0005152444434529109], [4.716022830297229e-05, 0.003038465783284694, -0.0012957214376558331], [0.000515244443452911, -0.0012957214376558331, 0.001966351106177459]], "chi2_level": 0.99, "chi2_df": 3, "chi2_threshold": 11.344866730144373, "N_raw": 45, "N_roi": 45, "N_inlier": 41, "refit": true}
{"timestamp": "15:39:25.751648", "frame": 115, "mu": [0.19464263872178142, 1.0548677987372994, 1.5054401680300677], "Sigma": [[0.002439414413671795, 0.0005093446288330324, -0.0011641867829161128], [0.0005093446288330325, 0.00574888801836292, -0.002559446691611441], [-0.0011641867829161128, -0.002559446691611441, 0.0017654975400079815]], "chi2_level": 0.99, "chi2_df": 3, "chi2_threshold": 11.344866730144373, "N_raw": 71, "N_roi": 71, "N_inlier": 67, "refit": true}
