{"timestamp": "12:02:09.963981", "frame": 23, "mu": [-2.43568273146053, 0.8555967750008344, 0.7113238870461405], "Sigma": [[0.00225806402068038, 0.002764957730757669, -0.00030909996856930475], [0.002764957730757669, 0.004828533002117136, -0.001489634918516245], [-0.00030909996856930475, -0.001489634918516245, 0.005490581917105509]], "chi2_level": 0.99, "chi2_df": 3, "chi2_threshold": 11.344866730144373, "N_raw": 27, "N_roi": 14, "N_inlier": 13, "refit": true}
{"timestamp": "12:02:10.180618", "frame": 27, "mu": [-2.0630895370858937, 0.8269450294410776, 0.8981601992947579], "Sigma": [[0.6114429563633507, -0.2200854951005596, 0.24823942193574194], [-0.22008549510055958, 0.08259208735592997, -0.09069742078848925], [0.24823942193574192, -0.09069742078848925, 0.1013253276024276]], "chi2_level": 0.99, "chi2_df": 3, "chi2_threshold": 11.344866730144373, "N_raw": 10, "N_roi": 8, "N_inlier": 8, "refit": true}
{"timestamp": "12:02:10.240739", "frame": 28, "mu": [-2.3609609784826815, 0.9174778521587171, 0.9974552428786527], "Sigma": [[0.0069724162209555745, 0.008694233539477096, -0.002986343301834872], [0.008694233539477096, 0.02056169676863146, -0.009578664247048384], [-0.002986343301834872, -0.009578664247048384, 0.007133512319518251]], "chi2_level": 0.99, "chi2_df": 3, "chi2_threshold": 11.344866730144373, "N_raw": 38, "N_roi": 35, "N_inlier": 34, "refit": true}
{"timestamp": "12:02:10.291177", "frame": 29, "mu": [-2.2964181955319143, 0.892806515697068, 1.01122076975163], "Sigma": [[0.004688695635657709, 0.00585711909882453, -0.003936654839070039], [0.00585711909882453, 0.018237451963676522, -0.0077677584965406485], [-0.003936654839070039, -0.007767758496540649, 0.005395660430101972]], "chi2_level": 0.99, "chi2_df": 3, "chi2_threshold": 11.344866730144373, "N_raw": 16, "N_roi": 16, "N_inlier": 16, "refit": true}
{"timestamp": "12:02:10.344995", "frame": 30, "mu": [-2.210878575681974, 1.0509050696257043, 1.1579501177230447], "Sigma": [[0.0046406516644686155, 0.0067581157636335985, -0.004071821191754607], [0.0067581157636335985, 0.009872601729616631, -0.0058616016722391265], [-0.004071821191754606, -0.0058616016722391265, 0.0038169014294544648]], "chi2_level": 0.99, "chi2_df": 3, "chi2_threshold": 11.344866730144373, "N_raw": 7, "N_roi": 7, "N_inlier": 7, "refit": true}
{"timestamp": "12:02:10.404211", "frame": 31, "mu": [-2.2518111522793207, 0.9879428897643521, 1.1280086649298087], "Sigma": [[0.007437185358496338, 0.006846136897448152, -0.0033960841586817892], [0.0068461368974481514, 0.017385254768021115, -0.005808141000137679], [-0.0033960841586817892, -0.00580814100013768, 0.003551817500244445]], "chi2_level": 0.99, "chi2_df": 3, "chi2_threshold": 11.344866730144373, "N_raw": 33, "N_roi": 32, "N_inlier": 31, "refit": true}
{"timestamp": "12:02:10.457699", "frame": 32, "mu": [-2.1711575603566953, 0.997954280230283, 1.0913362874829953], "Sigma": [[0.0043939924861533695, 0.004464754593021263, -0.0037370951018850904], [0.004464754593021263, 0.008481846056030898, -0.004544222671657347], [-0.003737095101885091, -0.004544222671657347, 0.00416335029787679]], "chi2_level": 0.99, "chi2_df": 3, "chi2_threshold": 11.344866730144373, "N_raw": 18, "N_roi": 18, "N_inlier": 17, "refit": true}
{"timestamp": "12:02:10.514789", "frame": 33, "mu": [-2.212193738591764, 1.2668097994746168, -0.5723737592033585], "Sigma": [[0.0069561803109521704, 0.0037693945198152773, -0.0028347416227598823], [0.0037693945198152773, 0.01252979332090933, 0.00013719223026799983], [-0.0028347416227598827, 0.00013719223026799983, 0.0030585552348044082]], "chi2_level": 0.99, "chi2_df": 3, "chi2_threshold": 11.344866730144373, "N_raw": 31, "N_roi": 31, "N_inlier": 31, "refit": true}
{"timestamp": "12:02:10.565903", "frame": 34, "mu": [-2.0975794247542234, 0.9218664500910649, 1.0109866436311181], "Sigma": [[0.0032653463437556174, 0.0031196301811751872, -0.0018908011579311058], [0.0031196301811751872, 0.004640674577336748, -0.0026668648467501757], [-0.001890801157931106, -0.0026668648467501757, 0.0030233291035849505]], "chi2_level": 0.99, "chi2_df": 3, "chi2_threshold": 11.344866730144373, "N_raw": 14, "N_roi": 14, "N_inlier": 14, "refit": true}
{"timestamp": "12:02:10.628232", "frame": 35, "mu": [-2.179471160061795, 0.9794294841378871, 1.1150752957901842], "Sigma": [[0.01229298904555239, 0.009878549914999576, -0.0037012170930088477], [0.009878549914999576, 0.021925022591719676, -0.011193625961169379], [-0.0037012170930088477, -0.011193625961169379, 0.01027122605891066]], "chi2_level": 0.99, "chi2_df": 3, "chi2_threshold": 11.344866730144373, "N_raw": 64, "N_roi": 64, "N_inlier": 64, "refit": true}
{"timestamp": "12:02:10.681862", "frame": 36, "mu": [-2.13475294650891, 1.0093930231992432, 1.1205732084476032], "Sigma": [[0.006699851597806836, 0.006742591931461598, -0.004027603227826514], [0.006742591931461598, 0.01211654779814673, -0.007536713415007322], [-0.004027603227826514, -0.007536713415007322, 0.005621602550693818]], "chi2_level": 0.99, "chi2_df": 3, "chi2_threshold": 11.344866730144373, "N_raw": 31, "N_roi": 31, "N_inlier": 31, "refit": true}
{"timestamp": "12:02:10.741274", "frame": 37, "mu": [-2.16346362584561, 1.0756386128228286, 1.196068558004098], "Sigma": [[0.015687714112201837, 0.014459993813059232, -0.006783288841510298], [0.014459993813059232, 0.023238248638463382, -0.012132562890568827], [-0.006783288841510298, -0.012132562890568827, 0.01023504369536166]], "chi2_level": 0.99, "chi2_df": 3, "chi2_threshold": 11.344866730144373, "N_raw": 67, "N_roi": 67, "N_inlier": 63, "refit": true}
{"timestamp": "12:02:10.795588", "frame": 38, "mu": [-2.1197429372243053, 1.161745939406778, 1.2449193879752583], "Sigma": [[0.010163205844644661, 0.004899848023806963, -0.007152844185792738], [0.004899848023806963, 0.020080682470282028, -0.004958637286139546], [-0.007152844185792737, -0.004958637286139546, 0.0055181693038119746]], "chi2_level": 0.99, "chi2_df": 3, "chi2_threshold": 11.344866730144373, "N_raw": 53, "N_roi": 53, "N_inlier": 53, "refit": true}
{"timestamp": "12:02:10.846725", "frame": 39, "mu": [-2.0744056062684244, 1.3496048191281391, -0.5128384141810663], "Sigma": [[0.007320880409596595, 0.0058593397480531835, -0.004117984621630909], [0.0058593397480531835, 0.01327650816972436, -0.001595397415168935], [-0.004117984621630908, -0.0015953974151689352, 0.0032360361551304426]], "chi2_level": 0.99, "chi2_df": 3, "chi2_threshold": 11.344866730144373, "N_raw": 34, "N_roi": 34, "N_inlier": 33, "refit": true}
{"timestamp": "12:02:10.905303", "frame": 40, "mu": [-2.0630401911200713, 1.2363035197522685, 1.1978674380398542], "Sigma": [[0.012884483058818202, 0.00629260540997263, -0.007841006194754321], [0.00629260540997263, 0.019090528049979134, -0.004292721409882842], [-0.007841006194754321, -0.004292721409882842, 0.006341126562704374]], "chi2_level": 0.99, "chi2_df": 3, "chi2_threshold": 11.344866730144373, "N_raw": 62, "N_roi": 62, "N_inlier": 61, "refit": true}
{"timestamp": "12:02:10.955455", "frame": 41, "mu": [-2.012985046667432, 1.275833802310212, -0.6877771837562303], "Sigma": [[0.0073774773297209965, 0.01398418750450258, 0.007514933018328077], [0.01398418750450258, 0.03406274205134578, 0.02021560644193373], [0.007514933018328077, 0.020215606441933726, 0.017968649856875067]], "chi2_level": 0.99, "chi2_df": 3, "chi2_threshold": 11.344866730144373, "N_raw": 23, "N_roi": 23, "N_inlier": 22, "refit": true}
{"timestamp": "12:02:11.015124", "frame": 42, "mu": [-2.0719074512461555, 1.3644400125387703, 1.3021335447193478], "Sigma": [[0.014127577683242059, 0.007743538349333055, -0.009012461871446054], [0.007743538349333055, 0.017883108407999723, -0.006961346411126763], [-0.009012461871446054, -0.006961346411126763, 0.007401825697827434]], "chi2_level": 0.99, "chi2_df": 3, "chi2_threshold": 11.344866730144373, "N_raw": 64, "N_roi": 64, "N_inlier": 64, "refit": true}
{"timestamp": "12:02:11.068835", "frame": 43, "mu": [-2.0199302741841096, 1.392870909947171, 1.2924214086893258], "Sigma": [[0.00724357614696089, 0.0018654270961426388, -0.00609738503840267], [0.0018654270961426388, 0.015079893810189043, 0.0012105202192372402], [-0.00609738503840267, 0.0012105202192372404, 0.017307160536156198]], "chi2_level": 0.99, "chi2_df": 3, "chi2_threshold": 11.344866730144373, "N_raw": 44, "N_roi": 44, "N_inlier": 41, "refit": true}
{"timestamp": "12:02:11.120540", "frame": 44, "mu": [-2.0344156960578226, 1.4262659138892118, 1.073514407697553], "Sigma": [[0.013454681489608602, 0.01164181717995646, -0.0032558579797514094], [0.011641817179956462, 0.01090950824506518, -0.004570491817853056], [-0.0032558579797514094, -0.004570491817853056, 0.01160151798372326]], "chi2_level": 0.99, "chi2_df": 3, "chi2_threshold": 11.344866730144373, "N_raw": 22, "N_roi": 22, "N_inlier": 20, "refit": true}
{"timestamp": "12:02:11.174637", "frame": 45, "mu": [-1.876091067354989, 1.8348461849562834, 0.6609775737629074], "Sigma": [[0.005925430808342629, -0.011427577295425748, -0.0096561130216365], [-0.011427577295425748, 0.055669319709889475, -0.017618059577457792], [-0.0096561130216365, -0.017618059577457795, 0.06772109582441183]], "chi2_level": 0.99, "chi2_df": 3, "chi2_threshold": 11.344866730144373, "N_raw": 7, "N_roi": 7, "N_inlier": 7, "refit": true}
{"timestamp": "12:02:11.228268", "frame": 46, "mu": [-1.9364008967774369, 1.5362432732189357, 1.13193132078246], "Sigma": [[0.012522881865746197, 0.009768958652331773, -0.007651321803519531], [0.009768958652331773, 0.008877326059312162, -0.008835711397143304], [-0.007651321803519532, -0.008835711397143304, 0.012606533197863106]], "chi2_level": 0.99, "chi2_df": 3, "chi2_threshold": 11.344866730144373, "N_raw": 11, "N_roi": 11, "N_inlier": 10, "refit": true}
{"timestamp": "12:02:11.286690", "frame": 47, "mu": [-1.9539656532161782, 1.5301564885725945, 1.4164403666771206], "Sigma": [[0.0121943286228923, 0.007229274504723994, -0.015048717880103599], [0.007229274504723994, 0.019050505373916823, -0.004816388489502121], [-0.015048717880103599, -0.004816388489502121, 0.026203337207719075]], "chi2_level": 0.99, "chi2_df": 3, "chi2_threshold": 11.344866730144373, "N_raw": 30, "N_roi": 30, "N_inlier": 28, "refit": true}
{"timestamp": "12:02:11.339202", "frame": 48, "mu": [-1.7308907208661686, 1.7532947094389448, 0.9568995513898213], "Sigma": [[0.051425470102859784, 0.04472514538371938, -0.10688072519787103], [0.04472514538371938, 0.0440765450906285, -0.10270517740081113], [-0.10688072519787103, -0.10270517740081112, 0.32168474157978527]], "chi2_level": 0.99, "chi2_df": 3, "chi2_threshold": 11.344866730144373, "N_raw": 13, "N_roi": 13, "N_inlier": 12, "refit": true}
{"timestamp": "12:02:11.393154", "frame": 49, "mu": [-1.5149334862378823, 2.3313509537881365, -0.7490197206326346], "Sigma": [[0.025019720615208088, 0.038064973994159104, -0.09781825256099483], [0.038064973994159104, 0.08914989855393629, -0.16958635941195366], [-0.09781825256099483, -0.16958635941195363, 0.4067340847489738]], "chi2_level": 0.99, "chi2_df": 3, "chi2_threshold": 11.344866730144373, "N_raw": 7, "N_roi": 7, "N_inlier": 7, "refit": true}
{"timestamp": "12:02:11.448269", "frame": 50, "mu": [-1.450274890862851, 1.9764621507715603, -0.14100792057427658], "Sigma": [[0.24191096352253805, -0.2890817746116471, 0.054708453360003136], [-0.2890817746116471, 0.3836498273380693, -0.11652046482675948], [0.054708453360003136, -0.11652046482675948, 0.09554618545037886]], "chi2_level": 0.99, "chi2_df": 3, "chi2_threshold": 11.344866730144373, "N_raw": 7, "N_roi": 7, "N_inlier": 7, "refit": true}
{"timestamp": "12:02:11.504108", "frame": 51, "mu": [-1.5962518001179837, 1.9178631978174911, 1.3922511277235412], "Sigma": [[0.005529946366138861, 0.0005721568658855812, -0.0039705382449554015], [0.000572156865885581, 0.003483720525574075, 0.00043189337163452885], [-0.003970538244955401, 0.000431893371634529, 0.0033838849467630935]], "chi2_level": 0.99, "chi2_df": 3, "chi2_threshold": 11.344866730144373, "N_raw": 20, "N_roi": 20, "N_inlier": 20, "refit": true}
{"timestamp": "12:02:11.560335", "frame": 52, "mu": [-1.5273816185532039, 1.9891620451118264, 1.43255913746598], "Sigma": [[0.006162756860548654, -0.0016784446797379585, -0.007161878556021055], [-0.0016784446797379583, 0.004876184836377949, 0.004253532875233768], [-0.007161878556021055, 0.004253532875233768, 0.015154617050186453]], "chi2_level": 0.99, "chi2_df": 3, "chi2_threshold": 11.344866730144373, "N_raw": 26, "N_roi": 26, "N_inlier": 23, "refit": true}
{"timestamp": "12:02:11.620848", "frame": 53, "mu": [-1.4684664900746065, 2.092284168008971, 1.5826009732884985], "Sigma": [[0.008847286934577809, 0.00017086321834061874, -0.008175585696026489], [0.00017086321834061842, 0.011367207602036212, 0.004027744596073725], [-0.008175585696026489, 0.004027744596073724, 0.01807267579832464]], "chi2_level": 0.99, "chi2_df": 3, "chi2_threshold": 11.344866730144373, "N_raw": 58, "N_roi": 58, "N_inlier": 55, "refit": true}
{"timestamp": "12:02:11.674791", "frame": 54, "mu": [-1.4229772655684676, 2.0671065600421197, 1.4861119444138549], "Sigma": [[0.011168136523769504, -0.00021541411596023464, -0.01054471849505822], [-0.0002154141159602347, 0.008120167436567592, 0.0051463588719360435], [-0.01054471849505822, 0.005146358871936043, 0.015442203572921375]], "chi2_level": 0.99, "chi2_df": 3, "chi2_threshold": 11.344866730144373, "N_raw": 50, "N_roi": 50, "N_inlier": 49, "refit": true}
{"timestamp": "12:02:11.727488", "frame": 55, "mu": [-1.3196073804425335, 2.041878089308383, 1.3313840886362796], "Sigma": [[0.007776810274428579, 0.0001525869066959769, -0.00792017453059063], [0.00015258690669597694, 0.0055615367044180315, 0.0023682539662347618], [-0.00792017453059063, 0.002368253966234762, 0.010389804260044827]], "chi2_level": 0.99, "chi2_df": 3, "chi2_threshold": 11.344866730144373, "N_raw": 39, "N_roi": 39, "N_inlier": 36, "refit": true}
{"timestamp": "12:02:11.782361", "frame": 56, "mu": [-1.3214198223423732, 2.1106720473308016, 1.3072260698823273], "Sigma": [[0.006785548958031474, 0.0008053136620012969, -0.005758913482582935], [0.0008053136620012972, 0.005667294682741765, 0.0014628432313566729], [-0.005758913482582935, 0.0014628432313566729, 0.013001993817109099]], "chi2_level": 0.99, "chi2_df": 3, "chi2_threshold": 11.344866730144373, "N_raw": 38, "N_roi": 38, "N_inlier": 35, "refit": true}
{"timestamp": "12:02:11.840184", "frame": 57, "mu": [-1.2391858808319463, 2.201554951306113, 1.3481715187353205], "Sigma": [[0.007794252591238435, 0.0005900260638662161, -0.007084143539980676], [0.0005900260638662164, 0.010981580840362364, 0.0068109395444811895], [-0.007084143539980677, 0.0068109395444811895, 0.012741989766423783]], "chi2_level": 0.99, "chi2_df": 3, "chi2_threshold": 11.344866730144373, "N_raw": 50, "N_roi": 50, "N_inlier": 46, "refit": true}
{"timestamp": "12:02:11.892950", "frame": 58, "mu": [-1.22207898206767, 2.181596671131503, 1.1960066196286734], "Sigma": [[0.025579413116614172, -0.007662070343626717, 0.014477884113477444], [-0.007662070343626717, 0.00886391047805552, -0.008582997692452778], [0.014477884113477444, -0.008582997692452778, 0.06634748375585106]], "chi2_level": 0.99, "chi2_df": 3, "chi2_threshold": 11.344866730144373, "N_raw": 35, "N_roi": 35, "N_inlier": 33, "refit": true}
{"timestamp": "12:02:11.953703", "frame": 59, "mu": [-1.2065971577125534, 2.2878639162119474, 1.4412111298321661], "Sigma": [[0.01554680497724744, -0.004227690462727621, -0.018459130386866824], [-0.004227690462727621, 0.013553467561970895, 0.015810625144972865], [-0.018459130386866824, 0.01581062514497287, 0.05603790325001167]], "chi2_level": 0.99, "chi2_df": 3, "chi2_threshold": 11.344866730144373, "N_raw": 74, "N_roi": 74, "N_inlier": 68, "refit": true}
{"timestamp": "12:02:12.009159", "frame": 60, "mu": [-1.1591149481501049, 2.3904194655701496, 1.393940179013993], "Sigma": [[0.014215725175037204, -0.0030226071540577185, -0.006763974001155825], [-0.003022607154057718, 0.01276922481859196, 0.007438032003854569], [-0.0067639740011558236, 0.00743803200385457, 0.08896969007526416]], "chi2_level": 0.99, "chi2_df": 3, "chi2_threshold": 11.344866730144373, "N_raw": 75, "N_roi": 75, "N_inlier": 70, "refit": true}
{"timestamp": "12:02:12.064609", "frame": 61, "mu": [-1.1597318663377103, 2.451319507391702, 1.2447541662444952], "Sigma": [[0.017890703950984188, 0.0023975436239471065, 0.015428274500281648], [0.002397543623947106, 0.01582392767973976, 0.04409841719922092], [0.015428274500281645, 0.04409841719922091, 0.35162055636726086]], "chi2_level": 0.99, "chi2_df": 3, "chi2_threshold": 11.344866730144373, "N_raw": 85, "N_roi": 84, "N_inlier": 84, "refit": true}
{"timestamp": "12:02:12.117060", "frame": 62, "mu": [-1.1172065659420016, 2.5239907369134795, 1.263915851938005], "Sigma": [[0.013558115612123842, 0.0014552486137466842, 0.0061685570352255055], [0.0014552486137466847, 0.006734857842887905, 0.020819863070314592], [0.006168557035225506, 0.02081986307031459, 0.4095628122972909]], "chi2_level": 0.99, "chi2_df": 3, "chi2_threshold": 11.344866730144373, "N_raw": 68, "N_roi": 68, "N_inlier": 66, "refit": true}
{"timestamp": "12:02:12.170472", "frame": 63, "mu": [-1.0872953320820913, 2.5740509718208133, 1.3927492080402804], "Sigma": [[0.009314494637811433, 0.0006045600515057852, -0.007857530839413995], [0.0006045600515057852, 0.01022576081795915, 0.03538842245237578], [-0.007857530839413996, 0.03538842245237578, 0.2718412991292818]], "chi2_level": 0.99, "chi2_df": 3, "chi2_threshold": 11.344866730144373, "N_raw": 56, "N_roi": 56, "N_inlier": 54, "refit": true}
{"timestamp": "12:02:12.232573", "frame": 64, "mu": [-1.0198439026602635, 2.541110717578349, 1.1830935211495979], "Sigma": [[0.014691266513175994, -0.0005782964886241718, -0.0013687217854078532], [-0.000578296488624172, 0.012831759211512972, 0.016709403533415768], [-0.0013687217854078527, 0.016709403533415768, 0.20139885766247548]], "chi2_level": 0.99, "chi2_df": 3, "chi2_threshold": 11.344866730144373, "N_raw": 107, "N_roi": 107, "N_inlier": 107, "refit": true}
{"timestamp": "12:02:12.286647", "frame": 65, "mu": [-0.9777110239647843, 2.608635924354183, 1.1561783017489478], "Sigma": [[0.012797598158152448, -0.0021887766431819503, -0.003201183877218354], [-0.0021887766431819508, 0.010362142219806482, 0.0071140598112498996], [-0.003201183877218354, 0.0071140598112498996, 0.19728750543763093]], "chi2_level": 0.99, "chi2_df": 3, "chi2_threshold": 11.344866730144373, "N_raw": 91, "N_roi": 91, "N_inlier": 91, "refit": true}
{"timestamp": "12:02:12.339865", "frame": 66, "mu": [-0.9236560499342104, 2.627968900559363, 1.2759110236857412], "Sigma": [[0.014832225110190701, -0.004642801064727975, -0.021704895258869702], [-0.004642801064727975, 0.013945367679823054, 0.004378742207131936], [-0.021704895258869702, 0.004378742207131935, 0.08151474262893489]], "chi2_level": 0.99, "chi2_df": 3, "chi2_threshold": 11.344866730144373, "N_raw": 84, "N_roi": 84, "N_inlier": 81, "refit": true}
{"timestamp": "12:02:12.391155", "frame": 67, "mu": [-0.9212287253052982, 2.774338841648212, -0.12694287034435833], "Sigma": [[0.012667917454049583, 0.001336107372880938, 0.016040400410352755], [0.001336107372880938, 0.020362996940983532, 0.021065402893372564], [0.016040400410352755, 0.021065402893372564, 0.09422002847295242]], "chi2_level": 0.99, "chi2_df": 3, "chi2_threshold": 11.344866730144373, "N_raw": 56, "N_roi": 56, "N_inlier": 54, "refit": true}
{"timestamp": "12:02:12.439686", "frame": 68, "mu": [-0.8738941858309042, 2.7393273647407255, 1.358042422057491], "Sigma": [[0.003935660079570468, -6.297210326104886e-05, -0.0012533735069634561], [-6.297210326104875e-05, 0.0034115008012256054, -0.0006777831490069379], [-0.0012533735069634561, -0.0006777831490069379, 0.000945135088958344]], "chi2_level": 0.99, "chi2_df": 3, "chi2_threshold": 11.344866730144373, "N_raw": 15, "N_roi": 15, "N_inlier": 14, "refit": true}
{"timestamp": "12:02:12.500430", "frame": 69, "mu": [-0.8143060477985189, 2.785021013118229, 1.4144259770942138], "Sigma": [[0.009813872641048289, -0.0015309355865080077, -0.01015597698092194], [-0.0015309355865080077, 0.011298160641882387, 0.00880500452514108], [-0.01015597698092194, 0.00880500452514108, 0.018921476337879422]], "chi2_level": 0.99, "chi2_df": 3, "chi2_threshold": 11.344866730144373, "N_raw": 61, "N_roi": 59, "N_inlier": 59, "refit": true}
{"timestamp": "12:02:12.556289", "frame": 70, "mu": [-0.7572044683276314, 2.8188411265596245, 1.42125804283053], "Sigma": [[0.010135971393769318, -0.0016727689149042874, -0.008918223586045056], [-0.0016727689149042876, 0.010004068780363645, 0.00718518515161604], [-0.008918223586045056, 0.007185185151616039, 0.012726594445458742]], "chi2_level": 0.99, "chi2_df": 3, "chi2_threshold": 11.344866730144373, "N_raw": 61, "N_roi": 61, "N_inlier": 57, "refit": true}
{"timestamp": "12:02:12.616883", "frame": 71, "mu": [-0.8285033714171466, 2.8206962343305912, 0.9472754504628879], "Sigma": [[0.026363921844213437, 0.003916278204572827, 0.05769083679876985], [0.003916278204572827, 0.005797601834207519, 0.01716764368408522], [0.05769083679876985, 0.01716764368408522, 0.2940601383515225]], "chi2_level": 0.99, "chi2_df": 3, "chi2_threshold": 11.344866730144373, "N_raw": 96, "N_roi": 96, "N_inlier": 93, "refit": true}
{"timestamp": "12:02:12.670383", "frame": 72, "mu": [-0.7676378143177297, 2.841967320278769, 0.9820192094052574], "Sigma": [[0.03031433781099518, 0.002120910516795756, 0.06350587016740501], [0.002120910516795756, 0.005755052462253521, 0.014221660021656259], [0.06350587016740501, 0.014221660021656259, 0.3158512721673511]], "chi2_level": 0.99, "chi2_df": 3, "chi2_threshold": 11.344866730144373, "N_raw": 88, "N_roi": 87, "N_inlier": 86, "refit": true}
{"timestamp": "12:02:12.727245", "frame": 73, "mu": [-0.7573894851981671, 2.8963507678002545, 0.8962814521781901], "Sigma": [[0.03590193867115199, 0.019803735407270758, 0.08841762780149595], [0.019803735407270758, 0.022434819379633333, 0.09112538375460445], [0.08841762780149595, 0.09112538375460444, 0.5179384321146264]], "chi2_level": 0.99, "chi2_df": 3, "chi2_threshold": 11.344866730144373, "N_raw": 99, "N_roi": 99, "N_inlier": 98, "refit": true}
{"timestamp": "12:02:12.776524", "frame": 74, "mu": [-0.8161117261895104, 2.9517239682525007, 0.24152204381217923], "Sigma": [[0.022880849084344505, 0.0027457686550711067, -0.013979596719327856], [0.0027457686550711067, 0.002095323424300767, 0.002934028502997085], [-0.013979596719327856, 0.0029340285029970845, 0.10188815876233544]], "chi2_level": 0.99, "chi2_df": 3, "chi2_threshold": 11.344866730144373, "N_raw": 59, "N_roi": 59, "N_inlier": 56, "refit": true}
{"timestamp": "12:02:12.838213", "frame": 75, "mu": [-0.6091801596835945, 3.033896618595306, 0.8634930033349014], "Sigma": [[0.023601894855104222, -0.0013512383991051277, 0.03952735924240949], [-0.0013512383991051277, 0.005817216199344962, -0.014259969866572225], [0.03952735924240949, -0.014259969866572225, 0.3549334600768596]], "chi2_level": 0.99, "chi2_df": 3, "chi2_threshold": 11.344866730144373, "N_raw": 104, "N_roi": 103, "N_inlier": 103, "refit": true}
{"timestamp": "12:02:12.891556", "frame": 76, "mu": [-0.5954163546314386, 3.1001667888421487, 0.8239816743452641], "Sigma": [[0.026495524775687597, -5.617336718070464e-05, 0.053878535177939633], [-5.617336718070475e-05, 0.004280927908314779, -0.006863676659284879], [0.053878535177939633, -0.006863676659284879, 0.33312155322713194]], "chi2_level": 0.99, "chi2_df": 3, "chi2_threshold": 11.344866730144373, "N_raw": 95, "N_roi": 94, "N_inlier": 93, "refit": true}
{"timestamp": "12:02:12.948940", "frame": 77, "mu": [-0.4847695676724075, 3.1317002930090303, 1.1685311539260956], "Sigma": [[0.016937177106345402, -0.0025985524199061217, 0.014375262562237697], [-0.0025985524199061212, 0.006286685360950039, -0.0005663400440948565], [0.014375262562237697, -0.0005663400440948568, 0.3718423794002324]], "chi2_level": 0.99, "chi2_df": 3, "chi2_threshold": 11.344866730144373, "N_raw": 82, "N_roi": 78, "N_inlier": 78, "refit": true}
{"timestamp": "12:02:12.997177", "frame": 78, "mu": [-0.40667517368139766, 3.1368016154863296, 1.3587033095336953], "Sigma": [[0.01858082868669734, -0.004527999766492763, -0.010022527358197877], [-0.004527999766492763, 0.012893994405835591, 0.010176441257885416], [-0.010022527358197877, 0.010176441257885417, 0.08253948869576214]], "chi2_level": 0.99, "chi2_df": 3, "chi2_threshold": 11.344866730144373, "N_raw": 63, "N_roi": 61, "N_inlier": 57, "refit": true}
{"timestamp": "12:02:13.054907", "frame": 79, "mu": [-0.4195550290111293, 3.1738223829372814, 1.0282388704718033], "Sigma": [[0.020250379298237996, -0.00493486228790047, 0.025089758881351856], [-0.004934862287900471, 0.005847866336776322, -0.0161022239458354], [0.025089758881351856, -0.016102223945835395, 0.19150956732797125]], "chi2_level": 0.99, "chi2_df": 3, "chi2_threshold": 11.344866730144373, "N_raw": 82, "N_roi": 82, "N_inlier": 81, "refit": true}
{"timestamp": "12:02:13.107667", "frame": 80, "mu": [-0.4531238725229649, 3.313113894222698, 1.4549192204737658], "Sigma": [[0.02433845365131556, -0.0023016004608745347, 0.004416189409768269], [-0.0023016004608745343, 0.003849328731151227, -0.005218655880966484], [0.004416189409768269, -0.005218655880966484, 0.02513218610502847]], "chi2_level": 0.99, "chi2_df": 3, "chi2_threshold": 11.344866730144373, "N_raw": 68, "N_roi": 68, "N_inlier": 63, "refit": true}
{"timestamp": "12:02:13.159122", "frame": 81, "mu": [-0.37512955235890527, 3.3637459748562724, -0.13690518393036513], "Sigma": [[0.020984670531168505, 0.0010067967633553563, 0.04953551986694809], [0.001006796763355356, 0.0038313618778290986, 0.005089453576826582], [0.04953551986694809, 0.005089453576826582, 0.20480352852417544]], "chi2_level": 0.99, "chi2_df": 3, "chi2_threshold": 11.344866730144373, "N_raw": 46, "N_roi": 45, "N_inlier": 44, "refit": true}
{"timestamp": "12:02:13.222774", "frame": 82, "mu": [-0.39914557159010033, 3.3897633033690298, 1.4034194359347043], "Sigma": [[0.041284833410333996, -0.018122816498909615, 0.006390098818918794], [-0.018122816498909615, 0.016813489728466368, -0.0069992015853289685], [0.006390098818918794, -0.006999201585328968, 0.018648001287741297]], "chi2_level": 0.99, "chi2_df": 3, "chi2_threshold": 11.344866730144373, "N_raw": 102, "N_roi": 102, "N_inlier": 97, "refit": true}
{"timestamp": "12:02:13.274151", "frame": 83, "mu": [-0.2811244946599135, 3.4591508086126215, -0.04500247554338864], "Sigma": [[0.020949938372276256, -0.001956071795695153, 0.04956437738999727], [-0.001956071795695153, 0.009847915723627844, 0.003674843226859276], [0.04956437738999727, 0.003674843226859277, 0.19193794385992166]], "chi2_level": 0.99, "chi2_df": 3, "chi2_threshold": 11.344866730144373, "N_raw": 77, "N_roi": 77, "N_inlier": 73, "refit": true}
{"timestamp": "12:02:13.325743", "frame": 84, "mu": [-0.21696556382944418, 3.5090905039980953, 1.533161612447608], "Sigma": [[0.016752023106101986, -0.001386412162202523, -0.007196131506918956], [-0.0013864121622025227, 0.007301081527821594, 0.004625217834575328], [-0.007196131506918956, 0.004625217834575328, 0.00720788316814613]], "chi2_level": 0.99, "chi2_df": 3, "chi2_threshold": 11.344866730144373, "N_raw": 50, "N_roi": 50, "N_inlier": 50, "refit": true}
{"timestamp": "12:02:13.384752", "frame": 85, "mu": [-0.20526583404850268, 3.557851676003273, 1.1772474774466846], "Sigma": [[0.01882821237419483, -0.0025603476232854776, -0.01108310641338003], [-0.002560347623285478, 0.00712258507257769, 0.019254736974307615], [-0.011083106413380029, 0.01925473697430762, 0.5518398480112287]], "chi2_level": 0.99, "chi2_df": 3, "chi2_threshold": 11.344866730144373, "N_raw": 83, "N_roi": 83, "N_inlier": 83, "refit": true}
{"timestamp": "12:02:13.440082", "frame": 86, "mu": [-0.14088750087010596, 3.6455306782228405, 0.18127407929762657], "Sigma": [[0.01863472582162075, -0.005785117628358994, 0.010003851046921981], [-0.005785117628358995, 0.026933680113521347, -0.07896409207572354], [0.010003851046921983, -0.07896409207572354, 0.32482105823383145]], "chi2_level": 0.99, "chi2_df": 3, "chi2_threshold": 11.344866730144373, "N_raw": 80, "N_roi": 80, "N_inlier": 80, "refit": true}
{"timestamp": "12:02:13.484422", "frame": 87, "mu": [-0.09588757667036236, 3.6163258119539536, 0.9227672898173535], "Sigma": [[0.0004478124838743447, -0.0010062817018701843, 0.005405961500242266], [-0.0010062817018701843, 0.0059744232233643205, -0.016216576658460317], [0.005405961500242267, -0.016216576658460317, 0.4286602474279783]], "chi2_level": 0.99, "chi2_df": 3, "chi2_threshold": 11.344866730144373, "N_raw": 10, "N_roi": 10, "N_inlier": 10, "refit": true}
{"timestamp": "12:02:13.546286", "frame": 88, "mu": [-0.03238902639583147, 3.6185858869727485, 1.5040572848730078], "Sigma": [[0.016169867621772624, -0.0024150693284697143, -0.008337310007115808], [-0.0024150693284697147, 0.009163620361525182, 0.006379437386431608], [-0.008337310007115808, 0.006379437386431607, 0.0398146136399625]], "chi2_level": 0.99, "chi2_df": 3, "chi2_threshold": 11.344866730144373, "N_raw": 63, "N_roi": 63, "N_inlier": 60, "refit": true}
{"timestamp": "12:02:13.602144", "frame": 89, "mu": [-0.01689132566311202, 3.6538434581023784, 1.2260707612430766], "Sigma": [[0.018652943133874215, -0.001139337779191798, 0.006458953527606113], [-0.0011393377791917981, 0.0064162145869281215, 0.012051388729734953], [0.006458953527606116, 0.012051388729734953, 0.3518834443506905]], "chi2_level": 0.99, "chi2_df": 3, "chi2_threshold": 11.344866730144373, "N_raw": 66, "N_roi": 66, "N_inlier": 66, "refit": true}
{"timestamp": "12:02:13.653938", "frame": 90, "mu": [0.013883235788867805, 3.7499236088509442, 1.5538585513328425], "Sigma": [[0.015151090827663223, -0.0015634403359453108, 8.931950331591469e-05], [-0.0015634403359453108, 0.005579881883407824, 0.003721434485535184], [8.93195033159148e-05, 0.0037214344855351837, 0.03819519673745111]], "chi2_level": 0.99, "chi2_df": 3, "chi2_threshold": 11.344866730144373, "N_raw": 43, "N_roi": 42, "N_inlier": 39, "refit": true}
{"timestamp": "12:02:13.715532", "frame": 91, "mu": [-0.004698456054857595, 3.7262041628855918, 1.1708583026308574], "Sigma": [[0.015544948245065813, -0.0028213117980932395, 0.011151802844861638], [-0.002821311798093239, 0.006798179728890494, -0.008558812839870852], [0.011151802844861638, -0.008558812839870852, 0.13205272537104362]], "chi2_level": 0.99, "chi2_df": 3, "chi2_threshold": 11.344866730144373, "N_raw": 87, "N_roi": 87, "N_inlier": 85, "refit": true}
{"timestamp": "12:02:13.765426", "frame": 92, "mu": [-0.06698479476893712, 3.7446957651977772, 0.636804947588761], "Sigma": [[0.02569247341219311, -0.0030685537679485658, 0.02101604438847451], [-0.0030685537679485658, 0.0034647459221971936, -0.0013525731076095451], [0.02101604438847451, -0.0013525731076095453, 0.123054660124086]], "chi2_level": 0.99, "chi2_df": 3, "chi2_threshold": 11.344866730144373, "N_raw": 53, "N_roi": 50, "N_inlier": 50, "refit": true}
{"timestamp": "12:02:13.819916", "frame": 93, "mu": [0.006616870725586588, 3.786248917163484, 0.77659987568043], "Sigma": [[0.02391227716315264, -0.002180479154901861, 0.03767094477955499], [-0.002180479154901861, 0.001310418069435928, -0.0017442011286731025], [0.03767094477955499, -0.001744201128673102, 0.152186937569148]], "chi2_level": 0.99, "chi2_df": 3, "chi2_threshold": 11.344866730144373, "N_raw": 38, "N_roi": 35, "N_inlier": 34, "refit": true}
{"timestamp": "12:02:13.871624", "frame": 94, "mu": [0.0076239980771840785, 3.7957619389616566, 0.661869451878367], "Sigma": [[0.020837204438080882, -0.0019657467150610447, 0.030442975656725095], [-0.001965746715061045, 0.0036508512690107573, 0.0018787480094669138], [0.030442975656725095, 0.0018787480094669138, 0.12790965607607585]], "chi2_level": 0.99, "chi2_df": 3, "chi2_threshold": 11.344866730144373, "N_raw": 30, "N_roi": 28, "N_inlier": 27, "refit": true}
{"timestamp": "12:02:13.930956", "frame": 95, "mu": [0.13119393296269474, 3.8818118979034955, 1.1760704073319328], "Sigma": [[0.04549138664544136, -0.0003261135600199723, 0.07887670463384788], [-0.00032611356001997186, 0.0032171779202471605, 0.0046374564033104405], [0.07887670463384788, 0.0046374564033104405, 0.2463257682343025]], "chi2_level": 0.99, "chi2_df": 3, "chi2_threshold": 11.344866730144373, "N_raw": 61, "N_roi": 60, "N_inlier": 60, "refit": true}
{"timestamp": "12:02:13.986082", "frame": 96, "mu": [0.2627412105474539, 3.8897671054048435, 1.4847273358135735], "Sigma": [[0.018964692560214255, -0.0011174486687820608, -0.006293100699045311], [-0.0011174486687820606, 0.005986655430030535, -0.0010517699530055654], [-0.006293100699045311, -0.0010517699530055657, 0.00602851951685275]], "chi2_level": 0.99, "chi2_df": 3, "chi2_threshold": 11.344866730144373, "N_raw": 59, "N_roi": 56, "N_inlier": 55, "refit": true}
{"timestamp": "12:02:14.039624", "frame": 97, "mu": [0.31547198257470654, 3.9731160496392657, 1.5018717004724342], "Sigma": [[0.014822516199724403, -0.0037686186966587364, -0.013084946617065243], [-0.0037686186966587364, 0.007114191912563843, -0.00029376197574698323], [-0.013084946617065243, -0.00029376197574698323, 0.090140427169732]], "chi2_level": 0.99, "chi2_df": 3, "chi2_threshold": 11.344866730144373, "N_raw": 50, "N_roi": 50, "N_inlier": 48, "refit": true}
{"timestamp": "12:02:14.095084", "frame": 98, "mu": [0.3556676791958305, 4.016352171633507, 1.1949662600126354], "Sigma": [[0.018619024586075734, -0.002603789311353219, -0.0367805327236778], [-0.002603789311353219, 0.00365634996424001, -0.004508466097992359], [-0.03678053272367781, -0.004508466097992359, 0.28332442986705236]], "chi2_level": 0.99, "chi2_df": 3, "chi2_threshold": 11.344866730144373, "N_raw": 57, "N_roi": 57, "N_inlier": 56, "refit": true}
{"timestamp": "12:02:14.147794", "frame": 99, "mu": [0.385364471949923, 3.945758627262293, 1.3917520049405887], "Sigma": [[0.013784135395121478, -0.004852470472851435, 0.003219477214449336], [-0.004852470472851435, 0.008168202276880766, -0.011747981121538544], [0.003219477214449335, -0.011747981121538546, 0.04392148100739553]], "chi2_level": 0.99, "chi2_df": 3, "chi2_threshold": 11.344866730144373, "N_raw": 37, "N_roi": 37, "N_inlier": 36, "refit": true}
{"timestamp": "12:02:14.302468", "frame": 100, "mu": [0.38318809227944817, 4.0416332270669315, 1.1180264356551388], "Sigma": [[0.01734577594393088, -0.005308347859911675, -0.0031478783298392477], [-0.005308347859911675, 0.005718979019500406, -0.010825419357613136], [-0.0031478783298392477, -0.010825419357613136, 0.04638222443575546]], "chi2_level": 0.99, "chi2_df": 3, "chi2_threshold": 11.344866730144373, "N_raw": 56, "N_roi": 56, "N_inlier": 55, "refit": true}
{"timestamp": "12:02:14.363060", "frame": 102, "mu": [0.43181279759461777, 4.0669392599546565, 1.0842084583346994], "Sigma": [[0.00737359207439064, -0.00432032654601434, -0.005349983556331815], [-0.004320326546014341, 0.005220142747143571, -0.008530547382501964], [-0.005349983556331816, -0.008530547382501964, 0.1877215098784781]], "chi2_level": 0.99, "chi2_df": 3, "chi2_threshold": 11.344866730144373, "N_raw": 17, "N_roi": 17, "N_inlier": 16, "refit": true}
{"timestamp": "12:02:14.394592", "frame": 103, "mu": [0.3714311180463411, 4.1872475169260825, 1.1319706920272037], "Sigma": [[0.029597782560630767, -0.017236256003898675, -0.014660182377492278], [-0.01723625600389867, 0.015686044875428726, 0.010579124266283043], [-0.014660182377492278, 0.010579124266283043, 0.012226932578519908]], "chi2_level": 0.99, "chi2_df": 3, "chi2_threshold": 11.344866730144373, "N_raw": 47, "N_roi": 47, "N_inlier": 46, "refit": true}
{"timestamp": "12:02:14.425532", "frame": 104, "mu": [0.44828327193823714, 4.160736375999632, 1.0765877805626647], "Sigma": [[0.016662607758132726, -0.0036865112821164326, -0.012340070776971222], [-0.0036865112821164326, 0.0029528752367344747, -0.003918639806926742], [-0.012340070776971222, -0.003918639806926742, 0.056390772064600025]], "chi2_level": 0.99, "chi2_df": 3, "chi2_threshold": 11.344866730144373, "N_raw": 44, "N_roi": 44, "N_inlier": 42, "refit": true}
{"timestamp": "12:02:14.479413", "frame": 105, "mu": [0.5001943511694138, 4.209798138835962, 1.1348458501304766], "Sigma": [[0.019997663495624266, -0.005173117301362503, -0.004309619282762822], [-0.005173117301362502, 0.004582647143379302, -0.0033914131218014706], [-0.004309619282762822, -0.003391413121801471, 0.011349000506233083]], "chi2_level": 0.99, "chi2_df": 3, "chi2_threshold": 11.344866730144373, "N_raw": 49, "N_roi": 48, "N_inlier": 47, "refit": true}
{"timestamp": "12:02:14.529497", "frame": 106, "mu": [0.48222423029248596, 4.012160012654008, 0.5074110151934674], "Sigma": [[0.010147425254022105, -0.033527570072138566, -0.04719502132161023], [-0.03352757007213857, 0.563839082433031, 0.7817309350422694], [-0.047195021321610235, 0.7817309350422694, 1.1271791486463678]], "chi2_level": 0.99, "chi2_df": 3, "chi2_threshold": 11.344866730144373, "N_raw": 16, "N_roi": 16, "N_inlier": 16, "refit": true}
{"timestamp": "12:02:14.584298", "frame": 107, "mu": [0.6093364541302037, 4.234233888614, 1.0597534108336648], "Sigma": [[0.006918000335414026, -0.001067424167508003, 0.011510627269073046], [-0.001067424167508003, 0.0010786966609520616, -0.005011290066847063], [0.011510627269073046, -0.005011290066847064, 0.05646619602588103]], "chi2_level": 0.99, "chi2_df": 3, "chi2_threshold": 11.344866730144373, "N_raw": 14, "N_roi": 14, "N_inlier": 14, "refit": true}
{"timestamp": "12:02:14.638224", "frame": 108, "mu": [0.7108619005312385, 4.351163943269345, 1.1431222445787785], "Sigma": [[0.0018407845581643004, -0.003238920551591538, 0.008418924377229423], [-0.003238920551591538, 0.009398112922692346, -0.022895333533767225], [0.008418924377229423, -0.02289533353376723, 0.18099194773929675]], "chi2_level": 0.99, "chi2_df": 3, "chi2_threshold": 11.344866730144373, "N_raw": 7, "N_roi": 7, "N_inlier": 7, "refit": true}
{"timestamp": "12:02:14.693263", "frame": 109, "mu": [0.6373383843655908, 4.39465491943278, 1.1709613916374677], "Sigma": [[0.0003976348840841011, 0.00045175676848426086, 0.0016003375393583317], [0.00045175676848426086, 0.008426305766587873, -0.02537585625811807], [0.0016003375393583317, -0.02537585625811807, 0.22572381417880863]], "chi2_level": 0.99, "chi2_df": 3, "chi2_threshold": 11.344866730144373, "N_raw": 8, "N_roi": 8, "N_inlier": 8, "refit": true}
{"timestamp": "12:02:14.750162", "frame": 110, "mu": [0.6544650260058368, 4.4604107390012455, 0.8761471036937932], "Sigma": [[0.006183940899296331, -0.0012111562291539835, 0.007789959860822017], [-0.0012111562291539835, 0.010316811228967339, -0.02682663266454909], [0.007789959860822018, -0.02682663266454909, 0.08489181485374568]], "chi2_level": 0.99, "chi2_df": 3, "chi2_threshold": 11.344866730144373, "N_raw": 19, "N_roi": 17, "N_inlier": 17, "refit": true}
{"timestamp": "12:02:14.804073", "frame": 111, "mu": [0.706120602336857, 4.41871799911733, 1.2326037586054277], "Sigma": [[0.0066833425118610875, -0.0021256812183107657, -0.004649338042938269], [-0.0021256812183107657, 0.0052814611892735884, -0.004276973681511621], [-0.004649338042938269, -0.004276973681511621, 0.01431618036127333]], "chi2_level": 0.99, "chi2_df": 3, "chi2_threshold": 11.344866730144373, "N_raw": 15, "N_roi": 15, "N_inlier": 14, "refit": true}
{"timestamp": "12:02:14.861660", "frame": 112, "mu": [0.7838753275912327, 4.336332972168076, 1.2110202641202208], "Sigma": [[0.015376540103099108, -0.0043389711949432105, -0.009040542644709142], [-0.0043389711949432105, 0.004378210779433271, 9.141572017970156e-05], [-0.009040542644709142, 9.141572017970146e-05, 0.009067117307177049]], "chi2_level": 0.99, "chi2_df": 3, "chi2_threshold": 11.344866730144373, "N_raw": 33, "N_roi": 30, "N_inlier": 28, "refit": true}
