{"timestamp": "12:50:54.782020", "frame": 2, "mu": [1.6359258095544411, 1.1186045073716124, 1.5182408621833345], "Sigma": [[0.005438513472184167, -0.0009599955684002652, -0.0017301713426127517], [-0.0009599955684002652, 0.0010771410709818233, -2.9751288906248893e-05], [-0.0017301713426127517, -2.9751288906248934e-05, 0.0008729363782966496]], "chi2_level": 0.99, "chi2_df": 3, "chi2_threshold": 11.344866730144373, "N_raw": 11, "N_roi": 11, "N_inlier": 11, "refit": true}
{"timestamp": "12:50:55.003163", "frame": 6, "mu": [1.7869548583599506, 0.9218752999187083, 1.3473307990154417], "Sigma": [[0.003997477691667312, -0.0025306573473805366, -0.000972222778989527], [-0.002530657347380536, 0.0038546670514290338, 0.0003194695050831674], [-0.0009722227789895269, 0.0003194695050831674, 0.0007166148567083506]], "chi2_level": 0.99, "chi2_df": 3, "chi2_threshold": 11.344866730144373, "N_raw": 13, "N_roi": 13, "N_inlier": 13, "refit": true}
{"timestamp": "12:50:55.058770", "frame": 7, "mu": [1.7939089646379187, 0.9531845659452961, 1.2447854496534043], "Sigma": [[0.0023660590028196423, -0.0015201102202575059, -0.0014582845852500995], [-0.001520110220257506, 0.005558326521410028, -0.0020379629270458857], [-0.001458284585250099, -0.0020379629270458857, 0.003631001294990916]], "chi2_level": 0.99, "chi2_df": 3, "chi2_threshold": 11.344866730144373, "N_raw": 16, "N_roi": 16, "N_inlier": 14, "refit": true}
{"timestamp": "12:50:55.112227", "frame": 8, "mu": [1.7620813096712604, 0.8816245917177105, 1.2205584374500744], "Sigma": [[0.011431406362382648, -0.009757518725393067, -0.008531806878763874], [-0.009757518725393065, 0.01750477442613041, 0.021299950505442037], [-0.008531806878763874, 0.021299950505442037, 0.08009133618327385]], "chi2_level": 0.99, "chi2_df": 3, "chi2_threshold": 11.344866730144373, "N_raw": 7, "N_roi": 7, "N_inlier": 7, "refit": true}
{"timestamp": "12:50:55.170047", "frame": 9, "mu": [1.6953441312027144, 0.9781420151802889, 1.4060134373128297], "Sigma": [[0.007371984945561385, -0.004813193129265096, -0.006021225162140686], [-0.004813193129265096, 0.005512496163815987, 0.002594984018029129], [-0.006021225162140686, 0.002594984018029129, 0.007233157446884539]], "chi2_level": 0.99, "chi2_df": 3, "chi2_threshold": 11.344866730144373, "N_raw": 29, "N_roi": 28, "N_inlier": 27, "refit": true}
{"timestamp": "12:50:55.225113", "frame": 10, "mu": [1.694475845612009, 0.962050868508319, 1.374977393148698], "Sigma": [[0.005170492402308325, -0.003269620861264879, -0.0016567586087681005], [-0.003269620861264879, 0.00413513802122995, -0.00014455192134059163], [-0.0016567586087681005, -0.00014455192134059147, 0.0014906008276840312]], "chi2_level": 0.99, "chi2_df": 3, "chi2_threshold": 11.344866730144373, "N_raw": 18, "N_roi": 18, "N_inlier": 17, "refit": true}
{"timestamp": "12:50:55.279483", "frame": 11, "mu": [1.7216142597740742, 0.901082601023441, 1.2795004301722717], "Sigma": [[0.0034555191577270907, -0.0020274706079892557, -0.001642694635209425], [-0.002027470607989256, 0.0028227694613945074, -0.00014760561179753893], [-0.001642694635209425, -0.00014760561179753893, 0.002327522589974912]], "chi2_level": 0.99, "chi2_df": 3, "chi2_threshold": 11.344866730144373, "N_raw": 16, "N_roi": 16, "N_inlier": 15, "refit": true}
{"timestamp": "12:50:55.335988", "frame": 12, "mu": [1.7523172007671128, 0.9878156390713118, -0.466700634206047], "Sigma": [[0.0035130170058905604, -0.002614060592995032, -0.003288054755180317], [-0.002614060592995032, 0.007532627087991322, -6.345126060388451e-06], [-0.0032880547551803166, -6.345126060388451e-06, 0.00507982102008561]], "chi2_level": 0.99, "chi2_df": 3, "chi2_threshold": 11.344866730144373, "N_raw": 24, "N_roi": 24, "N_inlier": 23, "refit": true}
{"timestamp": "12:50:55.390538", "frame": 13, "mu": [1.7012995400983222, 0.8861857268680007, 1.3044705470315083], "Sigma": [[0.002750266213310482, -0.0020246074428047554, -0.0028841220317905305], [-0.0020246074428047554, 0.005343446549873058, -0.0034011539542900134], [-0.0028841220317905305, -0.0034011539542900143, 0.01692000381275039]], "chi2_level": 0.99, "chi2_df": 3, "chi2_threshold": 11.344866730144373, "N_raw": 15, "N_roi": 15, "N_inlier": 14, "refit": true}
{"timestamp": "12:50:55.498660", "frame": 15, "mu": [1.5901849852998822, 0.9565732629996181, 1.5283264905427638], "Sigma": [[0.0026104357263274933, -0.00020291402494646558, -0.00013102711291388118], [-0.0002029140249464656, 0.0035015452567425795, 0.0003727942357984263], [-0.0001310271129138812, 0.0003727942357984263, 0.00013739214709330684]], "chi2_level": 0.99, "chi2_df": 3, "chi2_threshold": 11.344866730144373, "N_raw": 11, "N_roi": 11, "N_inlier": 10, "refit": true}
{"timestamp": "12:50:55.609500", "frame": 17, "mu": [1.5923321436293847, 0.9671006131167711, 1.4060678458974365], "Sigma": [[0.0024473161911021525, -0.0004781559268059487, -0.004256715450406016], [-0.0004781559268059487, 0.0014116753769358949, -1.0740639227927544e-05], [-0.004256715450406016, -1.074063922792753e-05, 0.010418411221280196]], "chi2_level": 0.99, "chi2_df": 3, "chi2_threshold": 11.344866730144373, "N_raw": 8, "N_roi": 8, "N_inlier": 8, "refit": true}
{"timestamp": "12:50:55.664977", "frame": 18, "mu": [1.527064425779614, 1.0106459095760547, 1.3800081220627212], "Sigma": [[0.004631036391164916, -0.0003106398856443069, -0.017197079070499145], [-0.000310639885644307, 0.0023711003764888923, 0.0034853249889490266], [-0.017197079070499145, 0.0034853249889490257, 0.08752573111699694]], "chi2_level": 0.99, "chi2_df": 3, "chi2_threshold": 11.344866730144373, "N_raw": 15, "N_roi": 15, "N_inlier": 15, "refit": true}
{"timestamp": "12:50:55.722133", "frame": 19, "mu": [1.4876158132292236, 0.9468076255038254, 1.4925064090712585], "Sigma": [[0.0036932114832737345, -0.0011341844147775197, -0.0004243953972481763], [-0.0011341844147775197, 0.005245420678718203, -0.001238961922046469], [-0.0004243953972481763, -0.001238961922046469, 0.0004573029366622302]], "chi2_level": 0.99, "chi2_df": 3, "chi2_threshold": 11.344866730144373, "N_raw": 27, "N_roi": 27, "N_inlier": 26, "refit": true}
{"timestamp": "12:50:55.778252", "frame": 20, "mu": [1.481941713913784, 0.9808351302740275, 1.5151916993776304], "Sigma": [[0.004497051128355782, -0.0010544576289798911, -0.0007563138063150054], [-0.0010544576289798911, 0.006533797490493566, -0.00029787413815946797], [-0.0007563138063150054, -0.00029787413815946797, 0.0005237506645867403]], "chi2_level": 0.99, "chi2_df": 3, "chi2_threshold": 11.344866730144373, "N_raw": 30, "N_roi": 30, "N_inlier": 30, "refit": true}
{"timestamp": "12:50:55.831290", "frame": 21, "mu": [1.4530923362861758, 0.9119867674282817, 1.4976638066035872], "Sigma": [[0.003009890423646218, -0.0016509305281817662, -0.000932071394436201], [-0.0016509305281817662, 0.004227308444831454, -0.0006906775336790964], [-0.000932071394436201, -0.0006906775336790965, 0.0009936962888895805]], "chi2_level": 0.99, "chi2_df": 3, "chi2_threshold": 11.344866730144373, "N_raw": 20, "N_roi": 20, "N_inlier": 20, "refit": true}
{"timestamp": "12:50:55.941061", "frame": 23, "mu": [1.4023587682549108, 0.9844262179527868, 1.4430901939570253], "Sigma": [[0.002904931026219447, -0.0024130631668793667, -0.0012602485666735283], [-0.0024130631668793667, 0.004475957407733465, -0.00011258236536663773], [-0.0012602485666735285, -0.00011258236536663778, 0.0013630221482933212]], "chi2_level": 0.99, "chi2_df": 3, "chi2_threshold": 11.344866730144373, "N_raw": 21, "N_roi": 21, "N_inlier": 19, "refit": true}
{"timestamp": "12:50:55.995975", "frame": 24, "mu": [1.4299974316760367, 0.8842168298518547, 1.312751076063095], "Sigma": [[0.006390612085045314, -0.004251683324933228, -0.005908769948678008], [-0.004251683324933228, 0.00463899346385001, 0.0028525079101181777], [-0.005908769948678008, 0.0028525079101181777, 0.007049884593636682]], "chi2_level": 0.99, "chi2_df": 3, "chi2_threshold": 11.344866730144373, "N_raw": 24, "N_roi": 24, "N_inlier": 24, "refit": true}
{"timestamp": "12:50:56.104324", "frame": 26, "mu": [1.3376249673735048, 0.9305216057896813, 1.244889107478326], "Sigma": [[0.004891954668695783, -0.005267970933694227, -0.016526955235177103], [-0.005267970933694227, 0.012213080683718545, 0.028651568084502803], [-0.016526955235177103, 0.0286515680845028, 0.07428413430848749]], "chi2_level": 0.99, "chi2_df": 3, "chi2_threshold": 11.344866730144373, "N_raw": 7, "N_roi": 7, "N_inlier": 7, "refit": true}
{"timestamp": "12:50:56.158704", "frame": 27, "mu": [1.2657671934592671, 0.9575630573869787, 1.3850105871674383], "Sigma": [[0.006876371829288157, -0.008150430454527945, -0.01184718654998351], [-0.008150430454527945, 0.016890549074816776, 0.018081672628309314], [-0.011847186549983511, 0.018081672628309314, 0.03525142490487675]], "chi2_level": 0.99, "chi2_df": 3, "chi2_threshold": 11.344866730144373, "N_raw": 7, "N_roi": 7, "N_inlier": 7, "refit": true}
{"timestamp": "12:50:56.216165", "frame": 28, "mu": [1.1931864116032398, 1.0995373758662546, 1.5437873562689883], "Sigma": [[0.003594378322473608, -0.0013619058355366653, 0.00016962582554257258], [-0.0013619058355366653, 0.003603107455072878, -0.0007859548461634537], [0.0001696258255425726, -0.0007859548461634537, 0.00020427063480196476]], "chi2_level": 0.99, "chi2_df": 3, "chi2_threshold": 11.344866730144373, "N_raw": 23, "N_roi": 23, "N_inlier": 22, "refit": true}
{"timestamp": "12:50:56.275958", "frame": 29, "mu": [1.217193835529625, 1.081679904509329, 1.059193140457885], "Sigma": [[0.00269037412284971, 0.0018910468434139823, -0.0009881997184487687], [0.0018910468434139823, 0.0060170740409153265, 0.0024113363662275006], [-0.000988199718448769, 0.0024113363662275006, 0.040860155469626465]], "chi2_level": 0.99, "chi2_df": 3, "chi2_threshold": 11.344866730144373, "N_raw": 37, "N_roi": 37, "N_inlier": 36, "refit": true}
{"timestamp": "12:50:56.330676", "frame": 30, "mu": [1.1497659729415721, 0.9613764602379021, 1.028853735259761], "Sigma": [[0.00510223803789489, -0.00137324125320458, -0.011697003334099704], [-0.0013732412532045802, 0.022092580969333333, 0.03421861372690319], [-0.011697003334099704, 0.03421861372690319, 0.1358957621811007]], "chi2_level": 0.99, "chi2_df": 3, "chi2_threshold": 11.344866730144373, "N_raw": 51, "N_roi": 51, "N_inlier": 51, "refit": true}
{"timestamp": "12:50:56.388920", "frame": 31, "mu": [1.047419110117936, 1.117584134403444, 1.1494088934410984], "Sigma": [[0.004000588250924202, -0.001096607355464166, -0.00933053007074699], [-0.001096607355464166, 0.0035894112091940846, -0.002882224727109228], [-0.00933053007074699, -0.0028822247271092275, 0.1422510151026675]], "chi2_level": 0.99, "chi2_df": 3, "chi2_threshold": 11.344866730144373, "N_raw": 68, "N_roi": 68, "N_inlier": 67, "refit": true}
{"timestamp": "12:50:56.442833", "frame": 32, "mu": [1.0568739615408362, 1.1022489523647094, 1.315511854909745], "Sigma": [[0.006645874648906476, -0.0029808138856127825, -0.008678807974287099], [-0.002980813885612783, 0.004951416136056429, -0.005186628266334838], [-0.008678807974287099, -0.005186628266334837, 0.07347294590784573]], "chi2_level": 0.99, "chi2_df": 3, "chi2_threshold": 11.344866730144373, "N_raw": 63, "N_roi": 63, "N_inlier": 62, "refit": true}
{"timestamp": "12:50:56.494408", "frame": 33, "mu": [1.0147931629294509, 1.0488167757490792, 1.3657912902324274], "Sigma": [[0.004527606372187193, -0.00279186127756521, -0.005683069696556095], [-0.00279186127756521, 0.004273957028231704, -0.004911724428508204], [-0.005683069696556095, -0.004911724428508204, 0.05486986237634233]], "chi2_level": 0.99, "chi2_df": 3, "chi2_threshold": 11.344866730144373, "N_raw": 27, "N_roi": 27, "N_inlier": 26, "refit": true}
{"timestamp": "12:50:56.547006", "frame": 34, "mu": [1.0149872883638975, 1.0474249950876804, 1.3356597147116658], "Sigma": [[0.0043794302653971376, -0.0022696139173532994, -0.004919740675525098], [-0.0022696139173532994, 0.007955029217243753, -0.010363620351534483], [-0.004919740675525097, -0.010363620351534483, 0.058020075399208754]], "chi2_level": 0.99, "chi2_df": 3, "chi2_threshold": 11.344866730144373, "N_raw": 22, "N_roi": 22, "N_inlier": 22, "refit": true}
{"timestamp": "12:50:56.600073", "frame": 35, "mu": [0.9644031315290902, 1.0880465171004108, 1.1861867609283019], "Sigma": [[0.011413122016240833, -0.009150516376505314, -0.010647990551185215], [-0.009150516376505314, 0.017953838550850667, -0.014275220075138454], [-0.010647990551185215, -0.014275220075138453, 0.08831453708081793]], "chi2_level": 0.99, "chi2_df": 3, "chi2_threshold": 11.344866730144373, "N_raw": 11, "N_roi": 11, "N_inlier": 11, "refit": true}
{"timestamp": "12:50:56.657704", "frame": 36, "mu": [0.9568253915258981, 1.107129708831211, 1.1275625458419587], "Sigma": [[0.00443691542509994, -0.0003324808192858478, -0.007659001052882936], [-0.00033248081928584773, 0.007827215853797186, -0.014588678811806026], [-0.007659001052882937, -0.014588678811806024, 0.04515653557426773]], "chi2_level": 0.99, "chi2_df": 3, "chi2_threshold": 11.344866730144373, "N_raw": 24, "N_roi": 24, "N_inlier": 23, "refit": true}
{"timestamp": "12:50:56.713416", "frame": 37, "mu": [0.8718204028124041, 1.0139879511024208, 1.401757945907374], "Sigma": [[0.004282410296848341, -0.0020506570144077476, -0.004770880374610275], [-0.0020506570144077476, 0.005915133395393675, -0.005490534359019283], [-0.004770880374610276, -0.005490534359019283, 0.057641045858202476]], "chi2_level": 0.99, "chi2_df": 3, "chi2_threshold": 11.344866730144373, "N_raw": 34, "N_roi": 34, "N_inlier": 33, "refit": true}
{"timestamp": "12:50:56.769676", "frame": 38, "mu": [0.7838122664722905, 0.9858114481975646, 1.4509709436314622], "Sigma": [[0.0036540719135936314, -0.0016513957956536154, -0.005674228950096059], [-0.0016513957956536154, 0.0047166353553501975, 0.0031111912861714565], [-0.005674228950096059, 0.0031111912861714565, 0.016824962193385078]], "chi2_level": 0.99, "chi2_df": 3, "chi2_threshold": 11.344866730144373, "N_raw": 41, "N_roi": 41, "N_inlier": 38, "refit": true}
{"timestamp": "12:50:56.824892", "frame": 39, "mu": [0.7590709661541928, 0.9485879011936026, 1.4622583802984817], "Sigma": [[0.0038293227153182305, -0.0009259475714893583, -0.0032890769067702246], [-0.0009259475714893583, 0.002183226675703762, -0.00028363475111249203], [-0.0032890769067702255, -0.0002836347511124921, 0.0038715761787597508]], "chi2_level": 0.99, "chi2_df": 3, "chi2_threshold": 11.344866730144373, "N_raw": 39, "N_roi": 39, "N_inlier": 36, "refit": true}
{"timestamp": "12:50:56.875000", "frame": 40, "mu": [0.7456528927513079, 0.9557878275682019, 1.3292267260927095], "Sigma": [[0.009207666686515835, -0.0045828656096939145, -0.019705185150665258], [-0.0045828656096939145, 0.005311734423310986, 0.01133108959491426], [-0.019705185150665258, 0.01133108959491426, 0.04419470681852142]], "chi2_level": 0.99, "chi2_df": 3, "chi2_threshold": 11.344866730144373, "N_raw": 12, "N_roi": 12, "N_inlier": 12, "refit": true}
{"timestamp": "12:50:56.939694", "frame": 41, "mu": [0.7155450254885819, 0.955966529858968, 1.3395854951001376], "Sigma": [[0.007476918385121553, -0.003005442421065706, -0.012760784172938997], [-0.0030054424210657054, 0.0050701301085205215, 0.006179066334532643], [-0.012760784172938997, 0.0061790663345326425, 0.03395335540725176]], "chi2_level": 0.99, "chi2_df": 3, "chi2_threshold": 11.344866730144373, "N_raw": 82, "N_roi": 82, "N_inlier": 79, "refit": true}
{"timestamp": "12:50:56.988928", "frame": 42, "mu": [0.6422680034841748, 0.9531581063176552, 1.4549606422146077], "Sigma": [[0.003309073917250446, -0.0008376345300807476, -0.0039767570972326265], [-0.0008376345300807476, 0.00294210530260876, 0.0008352501690450436], [-0.0039767570972326265, 0.0008352501690450432, 0.012505985824824775]], "chi2_level": 0.99, "chi2_df": 3, "chi2_threshold": 11.344866730144373, "N_raw": 42, "N_roi": 42, "N_inlier": 41, "refit": true}
{"timestamp": "12:50:57.046471", "frame": 43, "mu": [0.6082076611044701, 0.9589032770343013, 1.5178820935676405], "Sigma": [[0.005017972345522198, -0.0005140129847341178, -0.0034122817470436896], [-0.0005140129847341179, 0.003610668458255219, 0.00024657163706174814], [-0.0034122817470436896, 0.00024657163706174803, 0.004542386241290906]], "chi2_level": 0.99, "chi2_df": 3, "chi2_threshold": 11.344866730144373, "N_raw": 59, "N_roi": 59, "N_inlier": 56, "refit": true}
{"timestamp": "12:50:57.102470", "frame": 44, "mu": [0.5845647008264357, 0.954694712372171, 1.4894003714801192], "Sigma": [[0.004488840951490156, 8.825151299629362e-05, -0.0038984912720639187], [8.825151299629363e-05, 0.0036355879382313273, -0.0013249311222340806], [-0.0038984912720639187, -0.0013249311222340806, 0.006208224918792537]], "chi2_level": 0.99, "chi2_df": 3, "chi2_threshold": 11.344866730144373, "N_raw": 63, "N_roi": 63, "N_inlier": 59, "refit": true}
{"timestamp": "12:50:57.156638", "frame": 45, "mu": [0.5197265142790625, 0.9744241203034508, 1.5014460095676208], "Sigma": [[0.0031060264878414088, -0.0014364252303471945, -0.0016856335036313887], [-0.0014364252303471945, 0.004699359498662, -0.0008776556944412541], [-0.0016856335036313887, -0.0008776556944412541, 0.002057629534944806]], "chi2_level": 0.99, "chi2_df": 3, "chi2_threshold": 11.344866730144373, "N_raw": 55, "N_roi": 55, "N_inlier": 52, "refit": true}
{"timestamp": "12:50:57.211435", "frame": 46, "mu": [0.5195738678454407, 0.9118180016879005, 1.4468580502808717], "Sigma": [[0.0027433501407802654, 4.342789562122756e-05, -0.00169695725712888], [4.3427895621227615e-05, 0.004118076800987916, 0.001668067935212497], [-0.0016969572571288803, 0.0016680679352124965, 0.012855399189268282]], "chi2_level": 0.99, "chi2_df": 3, "chi2_threshold": 11.344866730144373, "N_raw": 51, "N_roi": 51, "N_inlier": 47, "refit": true}
{"timestamp": "12:50:57.268978", "frame": 47, "mu": [0.5228498436630031, 0.941749203325335, 1.3782810181837981], "Sigma": [[0.005393550085347003, -0.0021591647875126058, -0.0041135842021952865], [-0.0021591647875126058, 0.004256252694226563, 0.0015798162107338878], [-0.0041135842021952865, 0.0015798162107338878, 0.01368789565745228]], "chi2_level": 0.99, "chi2_df": 3, "chi2_threshold": 11.344866730144373, "N_raw": 72, "N_roi": 72, "N_inlier": 68, "refit": true}
{"timestamp": "12:50:57.325390", "frame": 48, "mu": [0.4233863347168654, 0.9537644926396354, 1.4482026201777494], "Sigma": [[0.006560296489436204, -0.0031514450977016256, -0.003113527476739872], [-0.0031514450977016256, 0.0058322158523500455, 0.0005919922670989315], [-0.003113527476739872, 0.0005919922670989315, 0.010055545423533275]], "chi2_level": 0.99, "chi2_df": 3, "chi2_threshold": 11.344866730144373, "N_raw": 78, "N_roi": 78, "N_inlier": 74, "refit": true}
{"timestamp": "12:50:57.381347", "frame": 49, "mu": [0.41997357191483664, 0.9317018223181825, 1.3664751478030972], "Sigma": [[0.004259193131720811, -0.002033214408906494, -0.007071396849270295], [-0.002033214408906494, 0.006478898332400256, 0.0009283624566255323], [-0.007071396849270295, 0.0009283624566255319, 0.014055889318720682]], "chi2_level": 0.99, "chi2_df": 3, "chi2_threshold": 11.344866730144373, "N_raw": 83, "N_roi": 83, "N_inlier": 81, "refit": true}
{"timestamp": "12:50:57.431789", "frame": 50, "mu": [0.3074754287014855, 1.0020674942446177, 1.4756741477191238], "Sigma": [[0.0026633686366722255, -0.0023644559278037163, -0.0012959318115913882], [-0.0023644559278037163, 0.005853334923360421, -0.0002914882361108262], [-0.0012959318115913882, -0.00029148823611082627, 0.00558827894857034]], "chi2_level": 0.99, "chi2_df": 3, "chi2_threshold": 11.344866730144373, "N_raw": 56, "N_roi": 56, "N_inlier": 52, "refit": true}
{"timestamp": "12:50:57.489432", "frame": 51, "mu": [0.32448267982042805, 0.9967945761149105, 1.420191608103941], "Sigma": [[0.004471922049498248, -0.0006143042636419422, -0.004889397792813944], [-0.0006143042636419422, 0.004068297752924281, -0.001820159657554062], [-0.004889397792813944, -0.0018201596575540622, 0.0073069356420198866]], "chi2_level": 0.99, "chi2_df": 3, "chi2_threshold": 11.344866730144373, "N_raw": 79, "N_roi": 79, "N_inlier": 76, "refit": true}
{"timestamp": "12:50:57.540888", "frame": 52, "mu": [0.251964533528394, 1.0177075040289971, 1.4782672608454348], "Sigma": [[0.0025345402412105065, -0.00023423805888981328, -0.0022821336765762442], [-0.00023423805888981322, 0.003095313015273772, -0.0012844943410755452], [-0.0022821336765762442, -0.0012844943410755452, 0.00295422686871853]], "chi2_level": 0.99, "chi2_df": 3, "chi2_threshold": 11.344866730144373, "N_raw": 51, "N_roi": 49, "N_inlier": 49, "refit": true}
{"timestamp": "12:50:57.598441", "frame": 53, "mu": [0.27412513423202833, 1.0203377501204682, 1.4232758255036895], "Sigma": [[0.002861794410344189, -5.691312959346591e-05, -0.00401391271098922], [-5.691312959346591e-05, 0.004666309040711548, -0.0019784428182564803], [-0.00401391271098922, -0.0019784428182564803, 0.007283156882521285]], "chi2_level": 0.99, "chi2_df": 3, "chi2_threshold": 11.344866730144373, "N_raw": 67, "N_roi": 65, "N_inlier": 62, "refit": true}
{"timestamp": "12:50:57.648891", "frame": 54, "mu": [0.09042163701640425, 1.0464615784404354, 1.5937816220878767], "Sigma": [[0.002194406954053721, -0.0017817825803790426, -0.00013357329932320555], [-0.0017817825803790426, 0.002785655367197299, -0.0007737970558772833], [-0.00013357329932320555, -0.0007737970558772833, 0.0007062927043587095]], "chi2_level": 0.99, "chi2_df": 3, "chi2_threshold": 11.344866730144373, "N_raw": 38, "N_roi": 38, "N_inlier": 36, "refit": true}
{"timestamp": "12:50:57.708389", "frame": 55, "mu": [0.10921271598515506, 1.0671467382272644, 1.484024430668956], "Sigma": [[0.0022284468737679692, -0.0002469181532104504, -0.0015215778051257517], [-0.00024691815321045045, 0.0034078855203599863, -0.003972421685962801], [-0.0015215778051257517, -0.003972421685962801, 0.008010299249852798]], "chi2_level": 0.99, "chi2_df": 3, "chi2_threshold": 11.344866730144373, "N_raw": 70, "N_roi": 70, "N_inlier": 68, "refit": true}
{"timestamp": "12:50:57.760939", "frame": 56, "mu": [0.04800794656413368, 1.0533942673506125, 1.6024634654269014], "Sigma": [[0.0025658759753243777, -0.0017128738618290842, -0.0012141872608926883], [-0.0017128738618290842, 0.004782227342858857, 0.0005540802197609965], [-0.001214187260892688, 0.0005540802197609965, 0.000685115668290882]], "chi2_level": 0.99, "chi2_df": 3, "chi2_threshold": 11.344866730144373, "N_raw": 50, "N_roi": 50, "N_inlier": 48, "refit": true}
{"timestamp": "12:50:57.818722", "frame": 57, "mu": [0.09526572233062598, 1.0128060639546357, 1.4321366189074816], "Sigma": [[0.0023742232992701546, -0.0011853313113300184, -0.0025563621506622973], [-0.0011853313113300184, 0.003739672902848723, -0.0011408552551858838], [-0.0025563621506622973, -0.0011408552551858838, 0.00569634333975596]], "chi2_level": 0.99, "chi2_df": 3, "chi2_threshold": 11.344866730144373, "N_raw": 68, "N_roi": 68, "N_inlier": 61, "refit": true}
{"timestamp": "12:50:57.872748", "frame": 58, "mu": [-0.01957695494123579, 1.09768382257113, 0.9787061141822009], "Sigma": [[0.013239700241356058, -0.020529542057346403, 0.026824405946996893], [-0.020529542057346403, 0.03588326907524208, -0.044753916116166546], [0.026824405946996897, -0.04475391611616654, 0.12517272421324827]], "chi2_level": 0.99, "chi2_df": 3, "chi2_threshold": 11.344866730144373, "N_raw": 62, "N_roi": 62, "N_inlier": 61, "refit": true}
{"timestamp": "12:50:57.919582", "frame": 59, "mu": [0.015620913198717813, 1.0295728140941305, 1.323817532230044], "Sigma": [[0.00018472326974422644, -0.0008036559852107291, -0.003565508321643607], [-0.0008036559852107291, 0.008532865262177754, 0.019157310778058153], [-0.0035655083216436074, 0.01915731077805815, 0.08432762540746883]], "chi2_level": 0.99, "chi2_df": 3, "chi2_threshold": 11.344866730144373, "N_raw": 9, "N_roi": 9, "N_inlier": 8, "refit": true}
{"timestamp": "12:50:57.977408", "frame": 60, "mu": [-0.07620398835123068, 0.984101545345485, 1.2763633949157245], "Sigma": [[0.011154679139111404, -0.005416815313330154, -0.011124597761749325], [-0.005416815313330154, 0.004666875459596002, 0.01411472297342443], [-0.011124597761749325, 0.01411472297342443, 0.15446547034035055]], "chi2_level": 0.99, "chi2_df": 3, "chi2_threshold": 11.344866730144373, "N_raw": 23, "N_roi": 23, "N_inlier": 21, "refit": true}
{"timestamp": "12:50:58.031021", "frame": 61, "mu": [-0.13348152788285617, 1.0009505340158478, 1.3351993000803675], "Sigma": [[0.0047593453800124, -0.0006898994576635996, 0.02778628261913385], [-0.0006898994576635997, 0.0011636296845568869, -0.005176173796350608], [0.02778628261913385, -0.005176173796350608, 0.18781629437308237]], "chi2_level": 0.99, "chi2_df": 3, "chi2_threshold": 11.344866730144373, "N_raw": 20, "N_roi": 20, "N_inlier": 17, "refit": true}
{"timestamp": "12:50:58.144041", "frame": 63, "mu": [-0.24283979018488935, 1.0390784973601679, 1.4461717829211114], "Sigma": [[0.0030603168358950376, -0.0017324671163305503, -0.007034561714408045], [-0.0017324671163305503, 0.0029201605177652393, 0.004255111586317361], [-0.007034561714408045, 0.004255111586317361, 0.02587673692914577]], "chi2_level": 0.99, "chi2_df": 3, "chi2_threshold": 11.344866730144373, "N_raw": 39, "N_roi": 39, "N_inlier": 37, "refit": true}
{"timestamp": "12:50:58.201580", "frame": 64, "mu": [-0.22097776635900362, 0.9763307357622946, 1.389217690258525], "Sigma": [[0.0025078400286268564, -0.0010064578034610508, -0.0013782565639691607], [-0.0010064578034610508, 0.0029187529230508226, -0.0020194268847940873], [-0.0013782565639691604, -0.0020194268847940873, 0.007406943251529431]], "chi2_level": 0.99, "chi2_df": 3, "chi2_threshold": 11.344866730144373, "N_raw": 59, "N_roi": 59, "N_inlier": 57, "refit": true}
{"timestamp": "12:50:58.259092", "frame": 65, "mu": [-0.31997256840216903, 0.9440784197766894, 1.4399577770224181], "Sigma": [[0.003873472431239959, -0.0018980214413327535, -0.0073647557992170265], [-0.0018980214413327535, 0.002535399398608337, 0.00255708875207165], [-0.0073647557992170265, 0.00255708875207165, 0.023881391573719647]], "chi2_level": 0.99, "chi2_df": 3, "chi2_threshold": 11.344866730144373, "N_raw": 42, "N_roi": 42, "N_inlier": 40, "refit": true}
{"timestamp": "12:50:58.310831", "frame": 66, "mu": [-0.289158005114665, 0.908587651272869, 1.4422192641785851], "Sigma": [[0.00236278429281928, -0.00194614502918656, -0.0009722493380039281], [-0.00194614502918656, 0.0037595293939226507, 0.000729585648623776], [-0.0009722493380039281, 0.000729585648623776, 0.01809514268635957]], "chi2_level": 0.99, "chi2_df": 3, "chi2_threshold": 11.344866730144373, "N_raw": 47, "N_roi": 45, "N_inlier": 40, "refit": true}
{"timestamp": "12:50:58.376768", "frame": 67, "mu": [-0.35604920686361935, 0.9831534273085117, 1.1771347784232893], "Sigma": [[0.004772630401990515, -0.0018094073824099477, -0.008600670512618496], [-0.0018094073824099477, 0.0096523826334044, -0.032891741727562096], [-0.008600670512618496, -0.032891741727562096, 0.2671828293116012]], "chi2_level": 0.99, "chi2_df": 3, "chi2_threshold": 11.344866730144373, "N_raw": 119, "N_roi": 119, "N_inlier": 116, "refit": true}
{"timestamp": "12:50:58.432545", "frame": 68, "mu": [-0.395890115578641, 0.9330516952378348, 1.3555162899813802], "Sigma": [[0.006915878626063926, -0.004564386893418456, -0.009579042086367461], [-0.004564386893418456, 0.006515113912199873, -0.0009368170274559412], [-0.009579042086367461, -0.0009368170274559414, 0.07450240898631075]], "chi2_level": 0.99, "chi2_df": 3, "chi2_threshold": 11.344866730144373, "N_raw": 118, "N_roi": 117, "N_inlier": 111, "refit": true}
{"timestamp": "12:50:58.484503", "frame": 69, "mu": [-0.4718937303437651, 0.9775850437712216, 1.4968233470088632], "Sigma": [[0.004034076985063101, -0.0010221116006982433, -0.002068880859729604], [-0.0010221116006982436, 0.004783145642187612, -0.003968074653352608], [-0.002068880859729604, -0.003968074653352608, 0.006451072227483546]], "chi2_level": 0.99, "chi2_df": 3, "chi2_threshold": 11.344866730144373, "N_raw": 95, "N_roi": 95, "N_inlier": 85, "refit": true}
{"timestamp": "12:50:58.525799", "frame": 70, "mu": [-0.463770047114037, 0.9949704894285689, 1.0191330248009969], "Sigma": [[0.0034875310655347073, -0.0013691499481301602, -0.015178026838622585], [-0.0013691499481301597, 0.036034213828150044, -0.0652475968845815], [-0.015178026838622585, -0.06524759688458151, 0.27257715903560686]], "chi2_level": 0.99, "chi2_df": 3, "chi2_threshold": 11.344866730144373, "N_raw": 13, "N_roi": 13, "N_inlier": 11, "refit": true}
{"timestamp": "12:50:58.588088", "frame": 71, "mu": [-0.5406595694899625, 0.893954535098374, 1.4456309023130711], "Sigma": [[0.012049774242319315, 0.001196003435887335, -0.013012187519647883], [0.0011960034358873357, 0.005704110568411045, -0.0024664989704513106], [-0.013012187519647885, -0.00246649897045131, 0.022299931709306067]], "chi2_level": 0.99, "chi2_df": 3, "chi2_threshold": 11.344866730144373, "N_raw": 61, "N_roi": 61, "N_inlier": 54, "refit": true}
{"timestamp": "12:50:58.641348", "frame": 72, "mu": [-0.534511493385492, 0.9099012142381258, 1.427037463364904], "Sigma": [[0.0025477476738152934, -0.00367236590996115, -0.0062525162120827486], [-0.00367236590996115, 0.008709259785430202, 0.009840596711999711], [-0.006252516212082749, 0.009840596711999711, 0.027830661285605053]], "chi2_level": 0.99, "chi2_df": 3, "chi2_threshold": 11.344866730144373, "N_raw": 45, "N_roi": 45, "N_inlier": 42, "refit": true}
{"timestamp": "12:50:58.696458", "frame": 73, "mu": [-0.6211932955889257, 0.9026791501739195, 1.3628512016415941], "Sigma": [[0.01444892922890357, 0.0003065516911098102, -0.02310096051135117], [0.0003065516911098102, 0.005124067512702705, 0.0009597520649660442], [-0.02310096051135117, 0.0009597520649660439, 0.05285408866007027]], "chi2_level": 0.99, "chi2_df": 3, "chi2_threshold": 11.344866730144373, "N_raw": 52, "N_roi": 52, "N_inlier": 47, "refit": true}
{"timestamp": "12:50:58.748881", "frame": 74, "mu": [-0.6419817931758909, 0.985562763588165, 1.5448646204687384], "Sigma": [[0.002389344595645213, -0.0005412909527347382, -0.0021805082332738744], [-0.0005412909527347382, 0.002717189514628325, -0.0005762051466955568], [-0.0021805082332738744, -0.000576205146695557, 0.0064345206448564694]], "chi2_level": 0.99, "chi2_df": 3, "chi2_threshold": 11.344866730144373, "N_raw": 43, "N_roi": 43, "N_inlier": 40, "refit": true}
{"timestamp": "12:50:58.810171", "frame": 75, "mu": [-0.8197638581243227, 0.9115343690376959, 1.6433513010516727], "Sigma": [[0.026128051690678708, 0.01042972558978461, -0.0175985686054976], [0.01042972558978461, 0.010612696865690144, -0.00889640635998989], [-0.0175985686054976, -0.00889640635998989, 0.01296006315210258]], "chi2_level": 0.99, "chi2_df": 3, "chi2_threshold": 11.344866730144373, "N_raw": 79, "N_roi": 78, "N_inlier": 76, "refit": true}
{"timestamp": "12:50:58.864697", "frame": 76, "mu": [-0.9545929028276112, 0.860341436968988, 1.6378769388086212], "Sigma": [[0.02151737978603871, 0.0106191227175473, -0.008623995948455723], [0.010619122717547298, 0.010411156044507692, -0.004887565253378531], [-0.008623995948455723, -0.004887565253378532, 0.007045935383233436]], "chi2_level": 0.99, "chi2_df": 3, "chi2_threshold": 11.344866730144373, "N_raw": 71, "N_roi": 71, "N_inlier": 69, "refit": true}
{"timestamp": "12:50:58.917711", "frame": 77, "mu": [-0.9319714409495612, 0.8840890321985133, 1.639903615259284], "Sigma": [[0.023801506463972492, 0.008646186104684404, -0.016979238696127198], [0.008646186104684404, 0.010333636290912478, -0.005344377427868744], [-0.016979238696127198, -0.005344377427868745, 0.01662224819220191]], "chi2_level": 0.99, "chi2_df": 3, "chi2_threshold": 11.344866730144373, "N_raw": 67, "N_roi": 67, "N_inlier": 64, "refit": true}
{"timestamp": "12:50:58.979759", "frame": 78, "mu": [-1.0542139268345525, 0.8595549440268562, 1.6912663268895878], "Sigma": [[0.019054720583557765, 0.006915770195953075, -0.017746347402939844], [0.006915770195953075, 0.008256872914080159, -0.008919790258193883], [-0.017746347402939844, -0.008919790258193883, 0.02207915278647633]], "chi2_level": 0.99, "chi2_df": 3, "chi2_threshold": 11.344866730144373, "N_raw": 104, "N_roi": 104, "N_inlier": 98, "refit": true}
{"timestamp": "12:50:59.037055", "frame": 79, "mu": [-1.0420162953191225, 0.9213814106066551, -0.2709802725766749], "Sigma": [[0.02006962530347295, 0.011692608007781179, 0.0027440739470519283], [0.011692608007781179, 0.01215287027984679, 0.0020657215205148382], [0.0027440739470519283, 0.0020657215205148382, 0.00491629215184763]], "chi2_level": 0.99, "chi2_df": 3, "chi2_threshold": 11.344866730144373, "N_raw": 86, "N_roi": 86, "N_inlier": 84, "refit": true}
{"timestamp": "12:50:59.086669", "frame": 80, "mu": [-1.032793301737343, 0.8924703543874776, 1.6190403655617134], "Sigma": [[0.014412676404606492, 0.0033593099012784317, -0.016510619345351765], [0.0033593099012784317, 0.012132866912498272, -0.004023247942856309], [-0.016510619345351765, -0.004023247942856309, 0.0244605514136856]], "chi2_level": 0.99, "chi2_df": 3, "chi2_threshold": 11.344866730144373, "N_raw": 92, "N_roi": 92, "N_inlier": 88, "refit": true}
{"timestamp": "12:50:59.143035", "frame": 81, "mu": [-1.0612208217885717, 0.9542594258582238, -0.1877815271418302], "Sigma": [[0.016395666568516466, 0.005459912656265427, -0.013072638661105971], [0.005459912656265427, 0.008959731862194372, -0.00465609465832781], [-0.01307263866110597, -0.00465609465832781, 0.0143232827003439]], "chi2_level": 0.99, "chi2_df": 3, "chi2_threshold": 11.344866730144373, "N_raw": 94, "N_roi": 94, "N_inlier": 89, "refit": true}
{"timestamp": "12:50:59.203136", "frame": 82, "mu": [-1.0598494371441443, 0.8832845491657654, 1.5809311763269398], "Sigma": [[0.01672024498893944, 0.0012907797773650466, -0.01520887196509908], [0.0012907797773650464, 0.012715384526153548, -0.00121208068351267], [-0.01520887196509908, -0.0012120806835126709, 0.0204924385987635]], "chi2_level": 0.99, "chi2_df": 3, "chi2_threshold": 11.344866730144373, "N_raw": 124, "N_roi": 124, "N_inlier": 119, "refit": true}
{"timestamp": "12:50:59.253965", "frame": 83, "mu": [-1.0514081443830146, 0.8321883542423625, 0.1096539845815384], "Sigma": [[0.02376984872919273, 0.003658679068031744, 0.07555194460186457], [0.0036586790680317436, 0.007581522723029494, 0.028407019502109245], [0.07555194460186457, 0.028407019502109245, 0.5573327261019582]], "chi2_level": 0.99, "chi2_df": 3, "chi2_threshold": 11.344866730144373, "N_raw": 110, "N_roi": 110, "N_inlier": 110, "refit": true}
{"timestamp": "12:50:59.308219", "frame": 84, "mu": [-1.1284614464479703, 0.8146074249059784, 1.4971730550770999], "Sigma": [[0.01492811993395291, -0.00028425349818306613, -0.01094345744704204], [-0.00028425349818306624, 0.010357921974793025, -0.00026068581145037524], [-0.01094345744704204, -0.0002606858114503753, 0.008771844546954826]], "chi2_level": 0.99, "chi2_df": 3, "chi2_threshold": 11.344866730144373, "N_raw": 95, "N_roi": 95, "N_inlier": 91, "refit": true}
{"timestamp": "12:50:59.363064", "frame": 85, "mu": [-1.1526602062771247, 0.853500111157174, -0.37796309086794977], "Sigma": [[0.01573972730790309, 0.004938503943785319, -0.007162053429155751], [0.004938503943785319, 0.011012611017497793, -0.0014020228707349335], [-0.007162053429155751, -0.001402022870734934, 0.004247951038929882]], "chi2_level": 0.99, "chi2_df": 3, "chi2_threshold": 11.344866730144373, "N_raw": 94, "N_roi": 94, "N_inlier": 91, "refit": true}
{"timestamp": "12:50:59.416981", "frame": 86, "mu": [-1.1702046533925878, 0.8381322903342358, 1.519502500009411], "Sigma": [[0.011918493077858918, 0.0014235568499849733, -0.007683583131215744], [0.001423556849984973, 0.010701869022664666, -0.0027523340118275844], [-0.007683583131215743, -0.0027523340118275844, 0.007653424381679226]], "chi2_level": 0.99, "chi2_df": 3, "chi2_threshold": 11.344866730144373, "N_raw": 84, "N_roi": 84, "N_inlier": 82, "refit": true}
{"timestamp": "12:50:59.472613", "frame": 87, "mu": [-1.203558715945472, 0.82555775274783, 1.5027254446160063], "Sigma": [[0.011455599389246758, -0.0012585782393811197, -0.011088379921375673], [-0.00125857823938112, 0.01907775916599897, 0.0035887452083082777], [-0.011088379921375673, 0.0035887452083082777, 0.011860001990844365]], "chi2_level": 0.99, "chi2_df": 3, "chi2_threshold": 11.344866730144373, "N_raw": 95, "N_roi": 95, "N_inlier": 92, "refit": true}
{"timestamp": "12:50:59.526101", "frame": 88, "mu": [-1.231968736267788, 0.8473778560966877, 1.5438589388993254], "Sigma": [[0.00975814421915555, 0.002672719264849679, -0.00844241574252022], [0.0026727192648496796, 0.017515861837954866, -0.000982116556861319], [-0.00844241574252022, -0.0009821165568613189, 0.012080047274484008]], "chi2_level": 0.99, "chi2_df": 3, "chi2_threshold": 11.344866730144373, "N_raw": 81, "N_roi": 81, "N_inlier": 78, "refit": true}
{"timestamp": "12:50:59.581264", "frame": 89, "mu": [-1.2851007968272385, 0.7894101990887933, 1.5098734830881821], "Sigma": [[0.013377266308465021, -0.0011531033560738784, -0.012770240579006113], [-0.0011531033560738782, 0.015472636305672827, 0.0019438409120289327], [-0.012770240579006114, 0.0019438409120289327, 0.01346055556216707]], "chi2_level": 0.99, "chi2_df": 3, "chi2_threshold": 11.344866730144373, "N_raw": 82, "N_roi": 82, "N_inlier": 81, "refit": true}
{"timestamp": "12:50:59.633053", "frame": 90, "mu": [-1.3540919170219834, 0.8017910209945751, 1.556719074545406], "Sigma": [[0.008113340103426073, 0.0013774637253985784, -0.003280020973306156], [0.0013774637253985782, 0.010190979466083442, -0.004799473492008422], [-0.003280020973306156, -0.004799473492008422, 0.0038355441140568935]], "chi2_level": 0.99, "chi2_df": 3, "chi2_threshold": 11.344866730144373, "N_raw": 66, "N_roi": 66, "N_inlier": 63, "refit": true}
{"timestamp": "12:50:59.688582", "frame": 91, "mu": [-1.3822909557495964, 0.743759154737764, 1.4464120965550404], "Sigma": [[0.008981523009923808, 0.0013991544110571992, -0.004423744413297081], [0.0013991544110571992, 0.014028693275274345, -0.0012164171140765997], [-0.004423744413297081, -0.0012164171140765997, 0.0030648871598231925]], "chi2_level": 0.99, "chi2_df": 3, "chi2_threshold": 11.344866730144373, "N_raw": 63, "N_roi": 63, "N_inlier": 61, "refit": true}
{"timestamp": "12:50:59.750642", "frame": 92, "mu": [-1.3245434275115342, 0.8542366579959405, 1.1805264530534136], "Sigma": [[0.02953881334850205, 0.02759704038615529, -0.06272036706314732], [0.02759704038615529, 0.04627451253632087, -0.08165086598287978], [-0.06272036706314732, -0.08165086598287978, 0.18041801650844042]], "chi2_level": 0.99, "chi2_df": 3, "chi2_threshold": 11.344866730144373, "N_raw": 110, "N_roi": 110, "N_inlier": 110, "refit": true}
{"timestamp": "12:50:59.804643", "frame": 93, "mu": [-1.3806981438900694, 0.7802951312388203, 1.3773490221277171], "Sigma": [[0.017485816713826485, 0.009686388452564955, -0.010893372346755015], [0.009686388452564955, 0.015931898808910737, -0.011658738381631315], [-0.010893372346755015, -0.011658738381631315, 0.010751928412204733]], "chi2_level": 0.99, "chi2_df": 3, "chi2_threshold": 11.344866730144373, "N_raw": 106, "N_roi": 106, "N_inlier": 102, "refit": true}
{"timestamp": "12:50:59.858315", "frame": 94, "mu": [-1.3946170779590874, 0.7936884467076701, 1.3649974909386153], "Sigma": [[0.015097900384650293, 0.005376239747239794, -0.0061535646393524775], [0.005376239747239794, 0.014993716138801405, -0.006667062383886776], [-0.0061535646393524775, -0.006667062383886776, 0.004772008988716272]], "chi2_level": 0.99, "chi2_df": 3, "chi2_threshold": 11.344866730144373, "N_raw": 95, "N_roi": 95, "N_inlier": 94, "refit": true}
{"timestamp": "12:50:59.914734", "frame": 95, "mu": [-1.4127823983996917, 0.8099592828679808, 1.274980080463328], "Sigma": [[0.01922855439821821, 0.014541955379715317, -0.024859671514255277], [0.014541955379715317, 0.026982433196602713, -0.04058295692843551], [-0.024859671514255277, -0.04058295692843551, 0.08851755228167177]], "chi2_level": 0.99, "chi2_df": 3, "chi2_threshold": 11.344866730144373, "N_raw": 110, "N_roi": 110, "N_inlier": 109, "refit": true}
