{"timestamp": "12:01:07.137372", "frame": 32, "mu": [1.5167117386777669, 0.6097626211569663, -1.0831625370382274], "Sigma": [[0.001660998711828029, -0.002313783927752899, -0.0008183515339738668], [-0.002313783927752899, 0.009970708506639957, -2.5903273556184838e-05], [-0.0008183515339738666, -2.5903273556184838e-05, 0.002687267350353047]], "chi2_level": 0.99, "chi2_df": 3, "chi2_threshold": 11.344866730144373, "N_raw": 16, "N_roi": 16, "N_inlier": 15, "refit": true}
{"timestamp": "12:01:07.193245", "frame": 33, "mu": [0.24030767224420885, 0.32212784954012463, 0.9405038267661314], "Sigma": [[2.3288220784386606, 0.08146349579370453, 0.01149137137798998], [0.08146349579370453, 0.0068878765193575, 0.0004719740335802874], [0.01149137137798998, 0.0004719740335802877, 0.0017937126177395904]], "chi2_level": 0.99, "chi2_df": 3, "chi2_threshold": 11.344866730144373, "N_raw": 25, "N_roi": 25, "N_inlier": 23, "refit": true}
{"timestamp": "12:01:07.248944", "frame": 34, "mu": [0.0012622915470508755, 0.3497926927223808, 0.9695168419711069], "Sigma": [[2.4018862798669844, 0.07699036433585522, 0.011473093951499327], [0.07699036433585524, 0.011880134418680967, -0.0011587839280469453], [0.011473093951499327, -0.0011587839280469453, 0.0023124716506329633]], "chi2_level": 0.99, "chi2_df": 3, "chi2_threshold": 11.344866730144373, "N_raw": 30, "N_roi": 30, "N_inlier": 30, "refit": true}
{"timestamp": "12:01:07.307288", "frame": 35, "mu": [-0.23279815770420365, 0.3730440968290958, 1.0191616680545168], "Sigma": [[2.250119723671819, 0.0611937797526617, 0.00966463627919498], [0.061193779752661694, 0.008247046019268995, -0.001733044675116472], [0.00966463627919498, -0.0017330446751164723, 0.00489520120801252]], "chi2_level": 0.99, "chi2_df": 3, "chi2_threshold": 11.344866730144373, "N_raw": 48, "N_roi": 48, "N_inlier": 44, "refit": true}
{"timestamp": "12:01:07.361658", "frame": 36, "mu": [-1.2032962159542748, 0.4135765836134651, 1.2501319069097747], "Sigma": [[0.38516433462031335, -0.01936950310378359, 0.04981434479041087], [-0.01936950310378359, 0.006955021160738859, -0.009778689732889343], [0.04981434479041087, -0.009778689732889343, 0.030556328157801117]], "chi2_level": 0.99, "chi2_df": 3, "chi2_threshold": 11.344866730144373, "N_raw": 48, "N_roi": 48, "N_inlier": 47, "refit": true}
{"timestamp": "12:01:07.419572", "frame": 37, "mu": [-0.8509398709569667, 0.35814779260088475, 1.1519200799655775], "Sigma": [[1.1672528288788058, -0.037635010695946415, 0.05049960548526745], [-0.03763501069594641, 0.006927257053184297, -0.007145145262194334], [0.050499605485267454, -0.007145145262194334, 0.035484040699875215]], "chi2_level": 0.99, "chi2_df": 3, "chi2_threshold": 11.344866730144373, "N_raw": 70, "N_roi": 70, "N_inlier": 67, "refit": true}
{"timestamp": "12:01:07.473573", "frame": 38, "mu": [-0.8522995611537694, 0.49042732538269557, -0.5820628276175485], "Sigma": [[0.784607625085603, -0.029466339696771406, 0.06191770916162829], [-0.029466339696771406, 0.006392508005265228, -0.010043086697880356], [0.06191770916162828, -0.010043086697880356, 0.036025585397011756]], "chi2_level": 0.99, "chi2_df": 3, "chi2_threshold": 11.344866730144373, "N_raw": 63, "N_roi": 63, "N_inlier": 59, "refit": true}
{"timestamp": "12:01:07.530032", "frame": 39, "mu": [-0.33969881045103867, 0.30237692078987893, 1.3247919237395813], "Sigma": [[1.2364084768342267, -0.0006620426070352847, -0.018368428890833975], [-0.0006620426070352847, 0.005685177549613638, 0.003122705601942989], [-0.01836842889083398, 0.0031227056019429884, 0.017683062095306148]], "chi2_level": 0.99, "chi2_df": 3, "chi2_threshold": 11.344866730144373, "N_raw": 67, "N_roi": 67, "N_inlier": 65, "refit": true}
{"timestamp": "12:01:07.582610", "frame": 40, "mu": [-0.826582432054393, 0.3506627735384519, 1.4444622356663144], "Sigma": [[0.5265509695064498, -0.022769926815892853, 0.012838952866302218], [-0.022769926815892856, 0.004931130528703298, -0.0022016369830285187], [0.01283895286630222, -0.0022016369830285187, 0.004486877487903817]], "chi2_level": 0.99, "chi2_df": 3, "chi2_threshold": 11.344866730144373, "N_raw": 57, "N_roi": 57, "N_inlier": 54, "refit": true}
{"timestamp": "12:01:07.640047", "frame": 41, "mu": [-1.0894136716318612, 0.3828609135710932, 1.4390288009632362], "Sigma": [[0.008200829132917172, 0.0045638973496178615, 0.0036240241621685416], [0.0045638973496178615, 0.005442784067339318, -0.0009611239503716465], [0.0036240241621685416, -0.0009611239503716466, 0.008274011994589938]], "chi2_level": 0.99, "chi2_df": 3, "chi2_threshold": 11.344866730144373, "N_raw": 73, "N_roi": 73, "N_inlier": 67, "refit": true}
{"timestamp": "12:01:07.694876", "frame": 42, "mu": [-1.0776752019250764, 0.4157907047366847, 1.4578337499017797], "Sigma": [[0.007786763976193766, 0.004430467035264347, 0.004384659969676153], [0.004430467035264347, 0.005981740959553532, -0.0005803200902996348], [0.004384659969676153, -0.0005803200902996347, 0.00957066315000068]], "chi2_level": 0.99, "chi2_df": 3, "chi2_threshold": 11.344866730144373, "N_raw": 73, "N_roi": 73, "N_inlier": 70, "refit": true}
{"timestamp": "12:01:07.751337", "frame": 43, "mu": [-1.0407073672546912, 0.46346892659488376, 1.4956673768627753], "Sigma": [[0.008678122200938493, 0.004360697479760665, 0.004502777011343064], [0.004360697479760665, 0.0055496476594817, -0.0008630807796526994], [0.004502777011343063, -0.0008630807796526994, 0.010429588613014752]], "chi2_level": 0.99, "chi2_df": 3, "chi2_threshold": 11.344866730144373, "N_raw": 77, "N_roi": 77, "N_inlier": 77, "refit": true}
{"timestamp": "12:01:07.808220", "frame": 44, "mu": [-1.0511928498333765, 0.4588751588873333, 1.4294326953627359], "Sigma": [[0.0126720740945237, 0.007842553345996615, 0.005582259376556405], [0.007842553345996615, 0.00961316301199076, 0.0003304867446366765], [0.005582259376556405, 0.0003304867446366764, 0.0072381190805639395]], "chi2_level": 0.99, "chi2_df": 3, "chi2_threshold": 11.344866730144373, "N_raw": 89, "N_roi": 89, "N_inlier": 83, "refit": true}
{"timestamp": "12:01:07.856737", "frame": 45, "mu": [-1.0211699262169855, 0.40426612200642964, 1.3709973842837024], "Sigma": [[0.005768113668150761, -0.0003751772877598738, 0.0002993876958316806], [-0.00037517728775987374, 0.005321835588062617, -0.002433490697551545], [0.0002993876958316805, -0.002433490697551545, 0.001724474364969715]], "chi2_level": 0.99, "chi2_df": 3, "chi2_threshold": 11.344866730144373, "N_raw": 49, "N_roi": 49, "N_inlier": 49, "refit": true}
{"timestamp": "12:01:07.914818", "frame": 46, "mu": [-0.9643731746246034, 0.596111872919208, 1.5825072952773287], "Sigma": [[0.00794095563318629, 0.001319294883357018, -0.0015488185145655265], [0.001319294883357018, 0.0039045395434472406, -0.0028977795740971393], [-0.0015488185145655265, -0.0028977795740971393, 0.002535778308680946]], "chi2_level": 0.99, "chi2_df": 3, "chi2_threshold": 11.344866730144373, "N_raw": 68, "N_roi": 68, "N_inlier": 68, "refit": true}
{"timestamp": "12:01:07.970956", "frame": 47, "mu": [-0.9575227451913457, 0.6420839024394281, 1.5653237720874211], "Sigma": [[0.012159605561905713, 0.0026222993323989996, -0.000846307600150306], [0.0026222993323989996, 0.0029731869177203746, -0.0015557790009906082], [-0.0008463076001503058, -0.0015557790009906084, 0.004353100390335181]], "chi2_level": 0.99, "chi2_df": 3, "chi2_threshold": 11.344866730144373, "N_raw": 75, "N_roi": 75, "N_inlier": 74, "refit": true}
{"timestamp": "12:01:08.031697", "frame": 48, "mu": [-0.9414254758640872, 0.688464279888049, 1.6048188212333532], "Sigma": [[0.014398191920146299, 0.003387250214382514, -0.00337865396159785], [0.0033872502143825144, 0.004242071080617216, -0.003702748434142621], [-0.00337865396159785, -0.0037027484341426212, 0.007523734798068219]], "chi2_level": 0.99, "chi2_df": 3, "chi2_threshold": 11.344866730144373, "N_raw": 101, "N_roi": 101, "N_inlier": 100, "refit": true}
{"timestamp": "12:01:08.079582", "frame": 49, "mu": [-0.9757098024990339, 0.7063122015258094, 1.6761949099296356], "Sigma": [[0.007159147968754119, 0.001343708097483259, -0.004602702644042411], [0.001343708097483259, 0.0050621909949875275, -0.005381801879641401], [-0.004602702644042411, -0.0053818018796414, 0.010825344057049118]], "chi2_level": 0.99, "chi2_df": 3, "chi2_threshold": 11.344866730144373, "N_raw": 43, "N_roi": 43, "N_inlier": 41, "refit": true}
{"timestamp": "12:01:08.134072", "frame": 50, "mu": [-1.0264996145193672, 0.708670349788721, 1.7119832510619537], "Sigma": [[0.009363634977125406, 0.0036548690287550164, -0.0028541208169737217], [0.0036548690287550164, 0.005402218357842012, -0.005856316204204206], [-0.002854120816973722, -0.005856316204204206, 0.01132915409231318]], "chi2_level": 0.99, "chi2_df": 3, "chi2_threshold": 11.344866730144373, "N_raw": 49, "N_roi": 49, "N_inlier": 48, "refit": true}
{"timestamp": "12:01:08.191255", "frame": 51, "mu": [-0.930541767917064, 0.7959990709150393, 1.6054596412395505], "Sigma": [[0.022806481763182347, 0.0095758761993727, -0.02591662341396296], [0.009575876199372698, 0.007500589125255004, -0.011359587549736259], [-0.02591662341396296, -0.011359587549736259, 0.07227241216730264]], "chi2_level": 0.99, "chi2_df": 3, "chi2_threshold": 11.344866730144373, "N_raw": 59, "N_roi": 59, "N_inlier": 59, "refit": true}
{"timestamp": "12:01:08.243072", "frame": 52, "mu": [-0.6909111601175696, 0.9341854263945648, 1.349314298974659], "Sigma": [[0.0049649141171606275, -0.0031060634114639402, -0.01711730210421207], [-0.0031060634114639402, 0.004609843219943985, 0.01805412203636853], [-0.01711730210421207, 0.01805412203636853, 0.10761866065194214]], "chi2_level": 0.99, "chi2_df": 3, "chi2_threshold": 11.344866730144373, "N_raw": 38, "N_roi": 38, "N_inlier": 34, "refit": true}
{"timestamp": "12:01:08.297439", "frame": 53, "mu": [-0.6724497017340717, 1.0125749544624927, 1.5668862374533359], "Sigma": [[0.005924164543466122, -0.0009531838627810563, 0.00029492013778540304], [-0.0009531838627810562, 0.002016604990601349, -0.0006231761441332714], [0.00029492013778540304, -0.0006231761441332714, 0.0007738745660674064]], "chi2_level": 0.99, "chi2_df": 3, "chi2_threshold": 11.344866730144373, "N_raw": 34, "N_roi": 34, "N_inlier": 33, "refit": true}
{"timestamp": "12:01:08.353906", "frame": 54, "mu": [-0.6092207629219958, 1.0551070639048687, 1.5735601726919524], "Sigma": [[0.002986249041038493, -0.0007619251382471574, -0.0008034394665711301], [-0.0007619251382471575, 0.003999518151129094, -0.001043051938552927], [-0.0008034394665711301, -0.001043051938552927, 0.0007920812921381579]], "chi2_level": 0.99, "chi2_df": 3, "chi2_threshold": 11.344866730144373, "N_raw": 50, "N_roi": 50, "N_inlier": 48, "refit": true}
{"timestamp": "12:01:08.407129", "frame": 55, "mu": [-0.5954901776127057, 1.0842597814435073, 1.570238999637739], "Sigma": [[0.003978177445574416, -0.001001653224805404, -0.00042400660521811596], [-0.001001653224805404, 0.0015941326135041152, -0.0004865865104394941], [-0.00042400660521811596, -0.00048658651043949417, 0.0008395899037074661]], "chi2_level": 0.99, "chi2_df": 3, "chi2_threshold": 11.344866730144373, "N_raw": 31, "N_roi": 31, "N_inlier": 30, "refit": true}
{"timestamp": "12:01:08.467229", "frame": 56, "mu": [-0.5858828339121346, 1.0916323054281494, 1.4260242666815883], "Sigma": [[0.0037345034301255963, 0.0007950068840800212, 0.0015354133845888935], [0.0007950068840800212, 0.0024210570502449197, -0.003311375596133659], [0.0015354133845888935, -0.003311375596133659, 0.009644922502882536]], "chi2_level": 0.99, "chi2_df": 3, "chi2_threshold": 11.344866730144373, "N_raw": 66, "N_roi": 66, "N_inlier": 63, "refit": true}
{"timestamp": "12:01:08.526977", "frame": 57, "mu": [-0.5293942522277614, 1.1183221816478288, 1.4116813240586048], "Sigma": [[0.0036098990034459525, -0.00038440224369193105, 0.0014607263111750366], [-0.00038440224369193105, 0.0073475273504156535, 0.001113593767377628], [0.0014607263111750366, 0.0011135937673776284, 0.031621933733723295]], "chi2_level": 0.99, "chi2_df": 3, "chi2_threshold": 11.344866730144373, "N_raw": 98, "N_roi": 98, "N_inlier": 95, "refit": true}
{"timestamp": "12:01:08.578791", "frame": 58, "mu": [-0.4944451738017263, 1.0605597566455502, 1.2870457121370265], "Sigma": [[0.00388961843501968, -0.0032008166534249296, -0.0010909046209663668], [-0.00320081665342493, 0.012945445191484066, 0.0026988198689353315], [-0.001090904620966367, 0.0026988198689353315, 0.0020112019253331723]], "chi2_level": 0.99, "chi2_df": 3, "chi2_threshold": 11.344866730144373, "N_raw": 65, "N_roi": 65, "N_inlier": 62, "refit": true}
{"timestamp": "12:01:08.635781", "frame": 59, "mu": [-0.47357585487500414, 1.3091498386276434, -0.28116282852037433], "Sigma": [[0.005815371101578798, -0.0024934190238086688, 0.0014914499067990405], [-0.0024934190238086688, 0.0062191626861765326, -0.006601509698509208], [0.0014914499067990407, -0.006601509698509209, 0.00959159054925625]], "chi2_level": 0.99, "chi2_df": 3, "chi2_threshold": 11.344866730144373, "N_raw": 90, "N_roi": 90, "N_inlier": 87, "refit": true}
{"timestamp": "12:01:08.688817", "frame": 60, "mu": [-0.4261076621720754, 1.2326030851794332, 1.3795439375661909], "Sigma": [[0.00555458234174843, -0.00029432469196971807, 0.0054005094446859785], [-0.00029432469196971807, 0.0014421476730478327, -0.0029162503452878617], [0.0054005094446859785, -0.0029162503452878617, 0.014249466178979762]], "chi2_level": 0.99, "chi2_df": 3, "chi2_threshold": 11.344866730144373, "N_raw": 72, "N_roi": 72, "N_inlier": 69, "refit": true}
{"timestamp": "12:01:08.745227", "frame": 61, "mu": [-0.3934223438181244, 1.2896309100317418, 1.3931108086335533], "Sigma": [[0.00554160266588835, -0.001248530065567604, 0.004230260848767829], [-0.001248530065567604, 0.0025181791773577983, -0.005905217599545584], [0.004230260848767828, -0.005905217599545584, 0.02027748937171749]], "chi2_level": 0.99, "chi2_df": 3, "chi2_threshold": 11.344866730144373, "N_raw": 90, "N_roi": 90, "N_inlier": 87, "refit": true}
{"timestamp": "12:01:08.799819", "frame": 62, "mu": [-0.31015054537876036, 1.3087327755515554, 1.4376588357911952], "Sigma": [[0.005784424232858577, -0.0037232204636053, 0.0005627136150585358], [-0.0037232204636053, 0.010021602839534429, -0.000528967203551454], [0.0005627136150585358, -0.000528967203551454, 0.00787569324319334]], "chi2_level": 0.99, "chi2_df": 3, "chi2_threshold": 11.344866730144373, "N_raw": 83, "N_roi": 81, "N_inlier": 79, "refit": true}
{"timestamp": "12:01:08.855607", "frame": 63, "mu": [-0.2764406801472237, 1.28728990120704, 1.3567935565944707], "Sigma": [[0.005409953622747568, -0.004437551389523455, -0.002576557212414251], [-0.004437551389523455, 0.011581959665944918, 0.0009494837212876743], [-0.002576557212414251, 0.0009494837212876743, 0.0040264080411744]], "chi2_level": 0.99, "chi2_df": 3, "chi2_threshold": 11.344866730144373, "N_raw": 87, "N_roi": 87, "N_inlier": 83, "refit": true}
{"timestamp": "12:01:08.916966", "frame": 64, "mu": [-0.30229959599947664, 1.3766322026875846, 1.1541215564346285], "Sigma": [[0.016370262158713476, 0.0016055113758632654, 0.05807627132406642], [0.0016055113758632654, 0.010312971608535908, 0.017685426914567152], [0.05807627132406642, 0.017685426914567152, 0.31317443448256527]], "chi2_level": 0.99, "chi2_df": 3, "chi2_threshold": 11.344866730144373, "N_raw": 127, "N_roi": 127, "N_inlier": 125, "refit": true}
{"timestamp": "12:01:08.974958", "frame": 65, "mu": [-0.2547989991332571, 1.4024515580813648, 1.0849267389486754], "Sigma": [[0.014968658235000263, -0.0026401576027794576, 0.04231937985284777], [-0.0026401576027794576, 0.010819135805031741, 0.006763621129582691], [0.04231937985284777, 0.006763621129582691, 0.26959898807478594]], "chi2_level": 0.99, "chi2_df": 3, "chi2_threshold": 11.344866730144373, "N_raw": 148, "N_roi": 148, "N_inlier": 146, "refit": true}
{"timestamp": "12:01:09.021630", "frame": 66, "mu": [-0.18242613757966877, 1.532452181024409, 0.19197918254889917], "Sigma": [[0.005433376238881289, -0.002156842202656722, 0.022683617636717744], [-0.0021568422026567217, 0.01086816053796508, -0.006943144517854523], [0.022683617636717744, -0.006943144517854523, 0.32116245054658493]], "chi2_level": 0.99, "chi2_df": 3, "chi2_threshold": 11.344866730144373, "N_raw": 87, "N_roi": 85, "N_inlier": 84, "refit": true}
{"timestamp": "12:01:09.078767", "frame": 67, "mu": [-0.1662347145007262, 1.449351269948481, 1.3492875304525], "Sigma": [[0.010412699168973171, 0.0036554304798055628, 0.021797379985120158], [0.0036554304798055628, 0.01191913351451567, 0.02323079509156519], [0.021797379985120158, 0.02323079509156519, 0.10803627627177614]], "chi2_level": 0.99, "chi2_df": 3, "chi2_threshold": 11.344866730144373, "N_raw": 108, "N_roi": 107, "N_inlier": 101, "refit": true}
{"timestamp": "12:01:09.140062", "frame": 68, "mu": [-0.1503215805645232, 1.56596097810933, -0.7471774269961964], "Sigma": [[0.01119440329848497, 0.005657843196241088, 0.06603084423149977], [0.005657843196241088, 0.025722511945321082, 0.0028292969754006095], [0.06603084423149977, 0.002829296975400606, 0.800988097534897]], "chi2_level": 0.99, "chi2_df": 3, "chi2_threshold": 11.344866730144373, "N_raw": 148, "N_roi": 148, "N_inlier": 145, "refit": true}
{"timestamp": "12:01:09.189610", "frame": 69, "mu": [-0.14147981403883197, 1.5688353864803781, 1.2864586714972568], "Sigma": [[0.029024953960352443, -0.0022607959751384126, 0.05415780362038828], [-0.002260795975138412, 0.008911227814885778, 0.0012413032492976763], [0.05415780362038827, 0.0012413032492976758, 0.1385934871737071]], "chi2_level": 0.99, "chi2_df": 3, "chi2_threshold": 11.344866730144373, "N_raw": 112, "N_roi": 112, "N_inlier": 106, "refit": true}
{"timestamp": "12:01:09.242681", "frame": 70, "mu": [-0.10258330282999642, 1.6103890303324866, 1.3661680839303993], "Sigma": [[0.01665550081413037, -0.00032722819776467946, 0.03185562215505503], [-0.0003272281977646793, 0.007515361166645065, 0.006714410307766403], [0.03185562215505503, 0.006714410307766402, 0.10120510919732678]], "chi2_level": 0.99, "chi2_df": 3, "chi2_threshold": 11.344866730144373, "N_raw": 100, "N_roi": 100, "N_inlier": 95, "refit": true}
{"timestamp": "12:01:09.295087", "frame": 71, "mu": [-0.019680613586322768, 1.6421274361432752, 1.419563337967357], "Sigma": [[0.006203095176594728, 0.0023051182502322066, 0.010108930079135643], [0.0023051182502322066, 0.011230616091367008, 0.028393610615108582], [0.010108930079135643, 0.028393610615108582, 0.12033235620753165]], "chi2_level": 0.99, "chi2_df": 3, "chi2_threshold": 11.344866730144373, "N_raw": 82, "N_roi": 82, "N_inlier": 77, "refit": true}
{"timestamp": "12:01:09.348276", "frame": 72, "mu": [0.03801572975771893, 1.778312096784827, 0.057509648215319856], "Sigma": [[0.004889551588954202, 0.0003494681091186896, -0.0007173157213673383], [0.00034946810911868975, 0.006632302999444389, 0.0009055850054408521], [-0.0007173157213673383, 0.0009055850054408521, 0.015396199518100175]], "chi2_level": 0.99, "chi2_df": 3, "chi2_threshold": 11.344866730144373, "N_raw": 70, "N_roi": 69, "N_inlier": 62, "refit": true}
{"timestamp": "12:01:09.403624", "frame": 73, "mu": [0.05846623405975182, 1.8304127605124692, 0.07476604150770728], "Sigma": [[0.00552119215785911, -0.0004892859940635471, -0.0016983296784046655], [-0.000489285994063547, 0.007700612389709856, 0.004096736408443721], [-0.0016983296784046653, 0.004096736408443721, 0.020388361903578886]], "chi2_level": 0.99, "chi2_df": 3, "chi2_threshold": 11.344866730144373, "N_raw": 76, "N_roi": 76, "N_inlier": 70, "refit": true}
{"timestamp": "12:01:09.465754", "frame": 74, "mu": [0.030972466712625518, 1.7553919251088659, 1.1380936112333433], "Sigma": [[0.019405265646713105, 0.014309121091784865, 0.06781912908545151], [0.014309121091784862, 0.029748584111997645, 0.09148103873793295], [0.06781912908545151, 0.09148103873793294, 0.39165037699990685]], "chi2_level": 0.99, "chi2_df": 3, "chi2_threshold": 11.344866730144373, "N_raw": 129, "N_roi": 126, "N_inlier": 123, "refit": true}
{"timestamp": "12:01:09.514906", "frame": 75, "mu": [0.12040554367040737, 1.776509225177049, 1.2564199921590904], "Sigma": [[0.006936565449304602, -0.0004850462233419281, 0.012742285017360827], [-0.0004850462233419283, 0.011265785299986628, 0.016232621590562747], [0.012742285017360827, 0.016232621590562747, 0.14904494751303698]], "chi2_level": 0.99, "chi2_df": 3, "chi2_threshold": 11.344866730144373, "N_raw": 83, "N_roi": 83, "N_inlier": 81, "refit": true}
{"timestamp": "12:01:09.575798", "frame": 76, "mu": [0.12282193781067474, 1.927734231169101, -0.7425971129494181], "Sigma": [[0.012294449257145032, 0.008956283302988137, 0.05085083212397115], [0.00895628330298814, 0.025535299762061533, 0.01830792307229399], [0.05085083212397116, 0.01830792307229399, 0.6420811528766136]], "chi2_level": 0.99, "chi2_df": 3, "chi2_threshold": 11.344866730144373, "N_raw": 121, "N_roi": 121, "N_inlier": 121, "refit": true}
{"timestamp": "12:01:09.621098", "frame": 77, "mu": [0.24217485906043892, 1.8695341242372354, 1.3928913024866614], "Sigma": [[0.004169542620911374, -0.0017251128278368442, -0.0007977180928241507], [-0.0017251128278368442, 0.009018221614793737, 0.0036552491953534445], [-0.0007977180928241506, 0.0036552491953534445, 0.012245674949679881]], "chi2_level": 0.99, "chi2_df": 3, "chi2_threshold": 11.344866730144373, "N_raw": 51, "N_roi": 50, "N_inlier": 47, "refit": true}
{"timestamp": "12:01:09.681298", "frame": 78, "mu": [0.24842711964804132, 1.889476603671879, 0.8651901336718246], "Sigma": [[0.007346081633225033, -0.0022768779888241095, 0.022787473850780608], [-0.0022768779888241095, 0.008099865008926146, -0.009081611599258205], [0.02278747385078061, -0.009081611599258205, 0.4613478378351699]], "chi2_level": 0.99, "chi2_df": 3, "chi2_threshold": 11.344866730144373, "N_raw": 98, "N_roi": 98, "N_inlier": 97, "refit": true}
{"timestamp": "12:01:09.733323", "frame": 79, "mu": [0.2766047631620017, 1.8797389127757507, -1.0020953804026052], "Sigma": [[0.012696017586816797, 0.0031071266520293897, 0.04180594594424723], [0.00310712665202939, 0.006760569526306766, -0.00960066357064325], [0.04180594594424724, -0.009600663570643252, 0.3916672143383103]], "chi2_level": 0.99, "chi2_df": 3, "chi2_threshold": 11.344866730144373, "N_raw": 68, "N_roi": 68, "N_inlier": 66, "refit": true}
{"timestamp": "12:01:09.780045", "frame": 80, "mu": [0.34246957381994764, 2.0624267185682803, 1.2290744824868138], "Sigma": [[0.001008897436128993, -0.0031037685492131778, -0.007284791204090238], [-0.0031037685492131778, 0.022617250417037715, 0.047919587382920535], [-0.007284791204090237, 0.047919587382920535, 0.37422512731782215]], "chi2_level": 0.99, "chi2_df": 3, "chi2_threshold": 11.344866730144373, "N_raw": 15, "N_roi": 15, "N_inlier": 15, "refit": true}
{"timestamp": "12:01:09.837718", "frame": 81, "mu": [0.3998480726213498, 2.0567410858613004, -0.10919557088080983], "Sigma": [[0.004257513288908243, 0.0011745757256502684, -0.0005842877845659072], [0.0011745757256502684, 0.0039970153284477295, 6.547182011707698e-05], [-0.0005842877845659071, 6.547182011707698e-05, 0.011332484406065022]], "chi2_level": 0.99, "chi2_df": 3, "chi2_threshold": 11.344866730144373, "N_raw": 36, "N_roi": 36, "N_inlier": 33, "refit": true}
{"timestamp": "12:01:09.893826", "frame": 82, "mu": [0.4350975979910232, 2.1151759846086415, -0.11368536370345367], "Sigma": [[0.004971001367862442, -0.0003836166339910748, -0.000189367819668492], [-0.0003836166339910748, 0.012305289637932919, -0.006967636266674907], [-0.00018936781966849198, -0.006967636266674905, 0.021668478977284317]], "chi2_level": 0.99, "chi2_df": 3, "chi2_threshold": 11.344866730144373, "N_raw": 44, "N_roi": 44, "N_inlier": 40, "refit": true}
{"timestamp": "12:01:09.947839", "frame": 83, "mu": [0.4454672778034309, 2.165949228153024, -0.20487601543526945], "Sigma": [[0.004901830290473537, -0.0021287037112267004, 0.0017173040143522531], [-0.002128703711226701, 0.005545118426554044, -0.005281866943257997], [0.0017173040143522533, -0.005281866943257997, 0.006343458786363369]], "chi2_level": 0.99, "chi2_df": 3, "chi2_threshold": 11.344866730144373, "N_raw": 41, "N_roi": 41, "N_inlier": 37, "refit": true}
{"timestamp": "12:01:10.009891", "frame": 84, "mu": [0.39117844889560466, 2.10757751410186, 0.9266826343553249], "Sigma": [[0.02012122347295292, -0.003485270038445117, 0.050828651037532674], [-0.003485270038445117, 0.005375043685294129, -0.008037535783425552], [0.050828651037532674, -0.008037535783425552, 0.17458408470015838]], "chi2_level": 0.99, "chi2_df": 3, "chi2_threshold": 11.344866730144373, "N_raw": 85, "N_roi": 85, "N_inlier": 82, "refit": true}
{"timestamp": "12:01:10.065605", "frame": 85, "mu": [0.4753765129383974, 2.1637286407437606, 0.8402767594967278], "Sigma": [[0.019853632571225667, 0.006988778793455436, 0.03943730082692581], [0.006988778793455436, 0.013412707284802572, 0.05403600896248704], [0.03943730082692581, 0.05403600896248704, 0.3834652247251437]], "chi2_level": 0.99, "chi2_df": 3, "chi2_threshold": 11.344866730144373, "N_raw": 87, "N_roi": 87, "N_inlier": 87, "refit": true}
{"timestamp": "12:01:10.117338", "frame": 86, "mu": [0.4181846563275557, 2.2043873178941613, 0.6291722425731215], "Sigma": [[0.02056416123682361, 0.0037769523388861198, 0.04685929494911189], [0.0037769523388861198, 0.0033975257571696917, 0.012155517326362376], [0.04685929494911188, 0.012155517326362376, 0.15881627952980223]], "chi2_level": 0.99, "chi2_df": 3, "chi2_threshold": 11.344866730144373, "N_raw": 68, "N_roi": 68, "N_inlier": 64, "refit": true}
{"timestamp": "12:01:10.171043", "frame": 87, "mu": [0.6278545622322222, 2.2693578016109917, 1.3167621310837567], "Sigma": [[0.006796278730994718, -0.004231156598461341, 6.180825450664341e-05], [-0.00423115659846134, 0.010049937986973184, -0.0012957216092626279], [6.180825450664341e-05, -0.0012957216092626279, 0.0033185102422382904]], "chi2_level": 0.99, "chi2_df": 3, "chi2_threshold": 11.344866730144373, "N_raw": 59, "N_roi": 59, "N_inlier": 55, "refit": true}
{"timestamp": "12:01:10.225754", "frame": 88, "mu": [0.6160799510548444, 2.5211223288171887, -0.34889836789344164], "Sigma": [[0.015857890055136985, -0.020716379447430672, 0.027783737811618636], [-0.020716379447430672, 0.04546799836755641, -0.08385117818040297], [0.027783737811618636, -0.08385117818040298, 0.2204201635678639]], "chi2_level": 0.99, "chi2_df": 3, "chi2_threshold": 11.344866730144373, "N_raw": 60, "N_roi": 60, "N_inlier": 58, "refit": true}
{"timestamp": "12:01:10.283214", "frame": 89, "mu": [0.6921946331561943, 2.4044768076776553, 1.318587642468562], "Sigma": [[0.009979718662017053, -0.0002476759202429104, 0.012773737434764062], [-0.00024767592024291035, 0.005307214883377734, -0.004545354936797226], [0.012773737434764062, -0.004545354936797226, 0.08356049074647116]], "chi2_level": 0.99, "chi2_df": 3, "chi2_threshold": 11.344866730144373, "N_raw": 72, "N_roi": 72, "N_inlier": 69, "refit": true}
{"timestamp": "12:01:10.336420", "frame": 90, "mu": [0.6775746098055837, 2.465825988903838, 1.2450228886010224], "Sigma": [[0.00898667784810261, -0.006194161160232747, 0.010778217577102218], [-0.006194161160232747, 0.01009548331795338, -0.015684061477180763], [0.010778217577102218, -0.015684061477180766, 0.12660728491186352]], "chi2_level": 0.99, "chi2_df": 3, "chi2_threshold": 11.344866730144373, "N_raw": 61, "N_roi": 61, "N_inlier": 59, "refit": true}
{"timestamp": "12:01:10.385492", "frame": 91, "mu": [0.7107394108553469, 2.3198807953895213, 0.43722011090676144], "Sigma": [[0.006919459816039948, -0.010290699320314001, -0.027490540589635938], [-0.010290699320314001, 0.019480583002227072, 0.06973944939457223], [-0.027490540589635945, 0.06973944939457223, 0.48040344301894194]], "chi2_level": 0.99, "chi2_df": 3, "chi2_threshold": 11.344866730144373, "N_raw": 16, "N_roi": 16, "N_inlier": 15, "refit": true}
{"timestamp": "12:01:10.442608", "frame": 92, "mu": [0.6373231514861328, 2.5263816370340124, 1.036751851037983], "Sigma": [[0.01666818685347135, -0.013986186626050678, -0.036888867277538095], [-0.013986186626050678, 0.01578680931883547, 0.038941221303259076], [-0.036888867277538095, 0.038941221303259076, 0.17392750563266865]], "chi2_level": 0.99, "chi2_df": 3, "chi2_threshold": 11.344866730144373, "N_raw": 37, "N_roi": 35, "N_inlier": 33, "refit": true}
{"timestamp": "12:01:10.494653", "frame": 93, "mu": [0.7903952836601073, 1.2835155775209164, -0.15592537134406878], "Sigma": [[0.011275885584755686, -0.08571358356127093, -0.06540594297205567], [-0.08571358356127093, 1.4221384982300074, 1.3580416643527355], [-0.06540594297205567, 1.3580416643527353, 1.3533245544919117]], "chi2_level": 0.99, "chi2_df": 3, "chi2_threshold": 11.344866730144373, "N_raw": 14, "N_roi": 14, "N_inlier": 14, "refit": true}
{"timestamp": "12:01:10.552608", "frame": 94, "mu": [0.7267926185414837, 2.6325873225190133, 1.324975967835036], "Sigma": [[0.022234816955353415, -0.01854906268417967, -0.000948247578435279], [-0.01854906268417967, 0.018815804629546865, 0.003226714259722949], [-0.0009482475784352789, 0.003226714259722949, 0.03371361012089098]], "chi2_level": 0.99, "chi2_df": 3, "chi2_threshold": 11.344866730144373, "N_raw": 37, "N_roi": 36, "N_inlier": 34, "refit": true}
{"timestamp": "12:01:10.607608", "frame": 95, "mu": [0.8856400437858398, 2.5647406207735877, 1.2214988481399687], "Sigma": [[0.009281088846187696, -0.005755450340628028, 0.002232843161131429], [-0.005755450340628029, 0.006678774336009898, -0.004739261354330573], [0.002232843161131429, -0.004739261354330573, 0.017326622523507442]], "chi2_level": 0.99, "chi2_df": 3, "chi2_threshold": 11.344866730144373, "N_raw": 36, "N_roi": 36, "N_inlier": 33, "refit": true}
{"timestamp": "12:01:10.660608", "frame": 96, "mu": [0.9348990407738152, 2.5795304419636045, 1.2470010051971916], "Sigma": [[0.011284963507139388, -0.00479589850954463, 0.01774907578367768], [-0.00479589850954463, 0.00457260838731813, -0.007097101407728013], [0.01774907578367768, -0.007097101407728013, 0.06673691174306862]], "chi2_level": 0.99, "chi2_df": 3, "chi2_threshold": 11.344866730144373, "N_raw": 24, "N_roi": 24, "N_inlier": 23, "refit": true}
{"timestamp": "12:01:10.716824", "frame": 97, "mu": [0.8703746840990942, 2.7004132125665827, -1.022950151262219], "Sigma": [[0.013869430156504645, 0.007471701064093525, 0.06841030007195766], [0.007471701064093525, 0.021861338569276377, 0.043114468044592416], [0.06841030007195766, 0.043114468044592416, 0.3954264184506668]], "chi2_level": 0.99, "chi2_df": 3, "chi2_threshold": 11.344866730144373, "N_raw": 34, "N_roi": 34, "N_inlier": 32, "refit": true}
{"timestamp": "12:01:10.772014", "frame": 98, "mu": [1.0652344415544002, 2.77422901231736, -0.13258990877082083], "Sigma": [[0.005930611720189411, -0.002200367542518393, 0.0025088931677383335], [-0.002200367542518393, 0.004642173634372824, -0.007131074566724567], [0.0025088931677383335, -0.007131074566724567, 0.01227597329676041]], "chi2_level": 0.99, "chi2_df": 3, "chi2_threshold": 11.344866730144373, "N_raw": 32, "N_roi": 32, "N_inlier": 31, "refit": true}
{"timestamp": "12:01:10.826847", "frame": 99, "mu": [1.0765309569209922, 2.7148560151246666, 1.2008449569348847], "Sigma": [[0.009097526845781535, -0.004763855486950868, -0.0007246912679418711], [-0.004763855486950868, 0.003680077781063447, -0.0027702932455061363], [-0.0007246912679418711, -0.0027702932455061363, 0.010694475121583297]], "chi2_level": 0.99, "chi2_df": 3, "chi2_threshold": 11.344866730144373, "N_raw": 35, "N_roi": 35, "N_inlier": 34, "refit": true}
{"timestamp": "12:01:10.982279", "frame": 100, "mu": [1.1251841356439087, 2.755306426660641, 1.2404869515471166], "Sigma": [[0.004618690744254859, -0.0025700382895461507, -0.0004949489949695533], [-0.0025700382895461507, 0.0027071560787464474, -0.0027029840990006847], [-0.0004949489949695532, -0.0027029840990006842, 0.010978443030111187]], "chi2_level": 0.99, "chi2_df": 3, "chi2_threshold": 11.344866730144373, "N_raw": 22, "N_roi": 22, "N_inlier": 21, "refit": true}
{"timestamp": "12:01:11.008822", "frame": 101, "mu": [1.106790582504886, 2.8410262444347496, 0.687935789059548], "Sigma": [[0.0032799598470901444, -0.004853470493234102, 0.012655881867456678], [-0.0048534704932341015, 0.011587476418400995, -0.010279903841875118], [0.012655881867456678, -0.010279903841875118, 0.26477114008827984]], "chi2_level": 0.99, "chi2_df": 3, "chi2_threshold": 11.344866730144373, "N_raw": 10, "N_roi": 10, "N_inlier": 10, "refit": true}
{"timestamp": "12:01:11.041659", "frame": 102, "mu": [1.1751609484630487, 2.8385406155431663, 0.9345698737479952], "Sigma": [[0.003947513320039765, -0.0018316092661745367, -0.0006864628298648523], [-0.0018316092661745365, 0.0027028633395428437, -0.0012284750331184096], [-0.0006864628298648516, -0.0012284750331184083, 0.10545422336402807]], "chi2_level": 0.99, "chi2_df": 3, "chi2_threshold": 11.344866730144373, "N_raw": 27, "N_roi": 27, "N_inlier": 26, "refit": true}
{"timestamp": "12:01:11.070497", "frame": 103, "mu": [1.1564188952022458, 2.8960681266387933, 1.1529978360528308], "Sigma": [[0.008936815565394376, -0.004897106052410654, -0.0018486445756781314], [-0.004897106052410654, 0.0062749270000337296, -0.010215042743732503], [-0.0018486445756781312, -0.010215042743732501, 0.04307559650180967]], "chi2_level": 0.99, "chi2_df": 3, "chi2_threshold": 11.344866730144373, "N_raw": 30, "N_roi": 30, "N_inlier": 27, "refit": true}
{"timestamp": "12:01:11.102035", "frame": 104, "mu": [1.2196476378447607, 2.9557931566296465, 1.0486851723811508], "Sigma": [[0.0065630204473806145, -0.0018788413830567096, 0.0031321611514495105], [-0.00187884138305671, 0.0028348062084850552, -0.002243084257964357], [0.0031321611514495105, -0.002243084257964357, 0.022019685730450413]], "chi2_level": 0.99, "chi2_df": 3, "chi2_threshold": 11.344866730144373, "N_raw": 32, "N_roi": 32, "N_inlier": 29, "refit": true}
{"timestamp": "12:01:11.158831", "frame": 105, "mu": [1.1916212634902674, 2.9436584643593484, 0.7687076102261442], "Sigma": [[0.012395909956051259, -0.0024397923538505596, 0.02399253673394411], [-0.002439792353850559, 0.001030897445164345, -0.002620317323116418], [0.02399253673394411, -0.002620317323116418, 0.11920325130231653]], "chi2_level": 0.99, "chi2_df": 3, "chi2_threshold": 11.344866730144373, "N_raw": 47, "N_roi": 47, "N_inlier": 46, "refit": true}
{"timestamp": "12:01:11.211041", "frame": 106, "mu": [1.1022819761755063, 2.998725299132376, 0.43009339241264705], "Sigma": [[0.011844188002737238, -0.0019398869871677215, 0.003799879232755077], [-0.0019398869871677217, 0.001926625352103765, -0.003894101007516869], [0.0037998792327550756, -0.003894101007516869, 0.03660244389014604]], "chi2_level": 0.99, "chi2_df": 3, "chi2_threshold": 11.344866730144373, "N_raw": 25, "N_roi": 25, "N_inlier": 23, "refit": true}
{"timestamp": "12:01:11.318456", "frame": 108, "mu": [1.152158061827646, 3.0498660783454556, 0.5967564068700485], "Sigma": [[0.023803012497380496, 0.0022390326406924784, 0.07341794447478067], [0.0022390326406924784, 0.0010002555664180843, 0.0071064632816755045], [0.07341794447478067, 0.0071064632816755045, 0.2576786147163782]], "chi2_level": 0.99, "chi2_df": 3, "chi2_threshold": 11.344866730144373, "N_raw": 12, "N_roi": 12, "N_inlier": 11, "refit": true}
{"timestamp": "12:01:11.377810", "frame": 109, "mu": [1.3958132318766971, 3.131674393995773, 1.1888982239565076], "Sigma": [[0.014819857906598113, -0.007233692692569417, -0.0046050113130433334], [-0.007233692692569417, 0.004670863553516913, -0.0021542176923876263], [-0.0046050113130433334, -0.0021542176923876263, 0.024621304365397806]], "chi2_level": 0.99, "chi2_df": 3, "chi2_threshold": 11.344866730144373, "N_raw": 44, "N_roi": 44, "N_inlier": 43, "refit": true}
{"timestamp": "12:01:11.428460", "frame": 110, "mu": [1.3227441042760597, 2.9205894571388975, 1.2490448995779153], "Sigma": [[0.1582157940882154, 0.3284720833219684, -0.0709837195182478], [0.32847208332196837, 0.6892483074999132, -0.1612855429364089], [-0.0709837195182478, -0.1612855429364089, 0.07592664434241092]], "chi2_level": 0.99, "chi2_df": 3, "chi2_threshold": 11.344866730144373, "N_raw": 7, "N_roi": 7, "N_inlier": 7, "refit": true}
{"timestamp": "12:01:11.484775", "frame": 111, "mu": [1.4544351628823802, 3.2366084048163106, 0.9655339376079959], "Sigma": [[0.004086355092612747, -0.0015453140682348781, -0.00594404951624663], [-0.0015453140682348781, 0.0018992724579643034, 0.0015027158771788265], [-0.005944049516246632, 0.0015027158771788267, 0.1643532059276649]], "chi2_level": 0.99, "chi2_df": 3, "chi2_threshold": 11.344866730144373, "N_raw": 16, "N_roi": 16, "N_inlier": 14, "refit": true}
{"timestamp": "12:01:11.539958", "frame": 112, "mu": [1.5122650620783804, 3.2399086625277613, 1.2747298943278038], "Sigma": [[0.006713468787116879, -0.00331984885744029, -0.0030553590535074148], [-0.00331984885744029, 0.0034285787984562575, -0.00573602684509621], [-0.0030553590535074143, -0.00573602684509621, 0.042465117121231216]], "chi2_level": 0.99, "chi2_df": 3, "chi2_threshold": 11.344866730144373, "N_raw": 20, "N_roi": 20, "N_inlier": 19, "refit": true}
{"timestamp": "12:01:11.595834", "frame": 113, "mu": [1.559175905802608, 3.4206211306051664, -0.034194233611992544], "Sigma": [[0.0064630778620610695, -0.0057308684535859605, 0.004404598993259016], [-0.005730868453585961, 0.026801053815643752, -0.05763434567880072], [0.004404598993259015, -0.05763434567880073, 0.14049582407737973]], "chi2_level": 0.99, "chi2_df": 3, "chi2_threshold": 11.344866730144373, "N_raw": 26, "N_roi": 26, "N_inlier": 25, "refit": true}
{"timestamp": "12:01:11.652783", "frame": 114, "mu": [1.5178495867180701, 3.339367349121743, 1.347340326923621], "Sigma": [[0.015542956488961566, -0.007735872022139632, -0.0017850068725502443], [-0.007735872022139633, 0.006032364475020536, -0.003242256898293658], [-0.001785006872550244, -0.003242256898293658, 0.01634082095043382]], "chi2_level": 0.99, "chi2_df": 3, "chi2_threshold": 11.344866730144373, "N_raw": 42, "N_roi": 42, "N_inlier": 38, "refit": true}
{"timestamp": "12:01:11.709419", "frame": 115, "mu": [1.474476190634331, 3.448649205598811, 1.2635446800142516], "Sigma": [[0.01745153094307641, -0.009232109881798472, -0.0062735525463134476], [-0.009232109881798472, 0.008730657921742633, -0.0012830025690564652], [-0.0062735525463134476, -0.001283002569056465, 0.011062040402284241]], "chi2_level": 0.99, "chi2_df": 3, "chi2_threshold": 11.344866730144373, "N_raw": 49, "N_roi": 49, "N_inlier": 48, "refit": true}
{"timestamp": "12:01:11.758539", "frame": 116, "mu": [1.6746381192655657, 3.364806162901271, 1.3542375597015686], "Sigma": [[0.003451736866733902, -0.001571775900125767, -0.0015630481618345538], [-0.001571775900125767, 0.0017837278022492158, -0.0025997820064231993], [-0.0015630481618345545, -0.002599782006423199, 0.04997649985480157]], "chi2_level": 0.99, "chi2_df": 3, "chi2_threshold": 11.344866730144373, "N_raw": 10, "N_roi": 10, "N_inlier": 10, "refit": true}
{"timestamp": "12:01:11.815611", "frame": 117, "mu": [1.5071053426969985, 3.5756861246063854, 1.2519197267472146], "Sigma": [[0.010454125260965204, -0.003779410647735237, -0.008085772573895374], [-0.003779410647735237, 0.004631037693269905, -0.0013658901146605552], [-0.008085772573895374, -0.0013658901146605543, 0.015681597143208437]], "chi2_level": 0.99, "chi2_df": 3, "chi2_threshold": 11.344866730144373, "N_raw": 25, "N_roi": 25, "N_inlier": 24, "refit": true}
{"timestamp": "12:01:11.872103", "frame": 118, "mu": [1.644131457796491, 3.4877403395617748, 1.2740521412432755], "Sigma": [[0.0124180126557053, -0.006121933146594033, -0.007198678641595567], [-0.0061219331465940325, 0.005432571651978406, -0.0012380079300140473], [-0.007198678641595567, -0.0012380079300140473, 0.018659434604206535]], "chi2_level": 0.99, "chi2_df": 3, "chi2_threshold": 11.344866730144373, "N_raw": 34, "N_roi": 34, "N_inlier": 33, "refit": true}
