{"timestamp": "12:26:04.832575", "frame": 10, "mu": [-2.359082161714602, 1.1837956671072454, -0.7329334301474569], "Sigma": [[0.006687652065590682, 0.008397208818818433, 0.0006462746552963457], [0.008397208818818435, 0.01425779723055, -0.0046132215719506325], [0.0006462746552963457, -0.004613221571950633, 0.016695004871371672]], "chi2_level": 0.99, "chi2_df": 3, "chi2_threshold": 11.344866730144373, "N_raw": 48, "N_roi": 35, "N_inlier": 34, "refit": true}
{"timestamp": "12:26:04.881550", "frame": 11, "mu": [-2.100474408754631, 0.7440712487405594, 0.8305365887129809], "Sigma": [[0.6544799478772245, -0.20609939284493414, 0.27664240497872555], [-0.20609939284493417, 0.07290353239565799, -0.09411982555141718], [0.27664240497872555, -0.09411982555141718, 0.1250324568883642]], "chi2_level": 0.99, "chi2_df": 3, "chi2_threshold": 11.344866730144373, "N_raw": 8, "N_roi": 8, "N_inlier": 8, "refit": true}
{"timestamp": "12:26:04.996020", "frame": 13, "mu": [-2.2662674955889432, 1.0724136588878115, 1.0515558231545774], "Sigma": [[0.0065412858247615125, 0.0060710139733252694, -0.001763066763972561], [0.0060710139733252694, 0.008574865789505016, -0.004851113225949307], [-0.0017630667639725612, -0.004851113225949307, 0.006611683043721514]], "chi2_level": 0.99, "chi2_df": 3, "chi2_threshold": 11.344866730144373, "N_raw": 29, "N_roi": 29, "N_inlier": 29, "refit": true}
{"timestamp": "12:26:05.049268", "frame": 14, "mu": [-2.2515171418382733, 1.2496097704958202, -0.644035238493649], "Sigma": [[0.005940690608554063, 0.004493318894186838, -0.003612252655436644], [0.004493318894186839, 0.011675133442501056, -0.002011956944931367], [-0.003612252655436644, -0.002011956944931367, 0.0030208389744780556]], "chi2_level": 0.99, "chi2_df": 3, "chi2_threshold": 11.344866730144373, "N_raw": 25, "N_roi": 25, "N_inlier": 25, "refit": true}
{"timestamp": "12:26:05.103787", "frame": 15, "mu": [-2.1429587325257264, 1.0157576475718804, 1.0328989307451488], "Sigma": [[0.00339585142918621, 0.003825102641840754, -0.0019295412795135288], [0.003825102641840754, 0.007240037706215485, -0.002992548297822778], [-0.001929541279513529, -0.002992548297822778, 0.002278871385512827]], "chi2_level": 0.99, "chi2_df": 3, "chi2_threshold": 11.344866730144373, "N_raw": 15, "N_roi": 15, "N_inlier": 15, "refit": true}
{"timestamp": "12:26:05.162133", "frame": 16, "mu": [-2.135152654342768, 0.9796223356838842, 1.0217323198873987], "Sigma": [[0.0063258035709422185, 0.004892193484715188, -0.001826031447633072], [0.004892193484715188, 0.011710589638465817, -0.004722851126672777], [-0.001826031447633072, -0.004722851126672777, 0.005217193703732961]], "chi2_level": 0.99, "chi2_df": 3, "chi2_threshold": 11.344866730144373, "N_raw": 35, "N_roi": 35, "N_inlier": 35, "refit": true}
{"timestamp": "12:26:05.215878", "frame": 17, "mu": [-2.116301764486532, 1.0859631695146619, 1.1472108333733162], "Sigma": [[0.006616687819031664, 0.004701906380135223, -0.00541047474581078], [0.004701906380135223, 0.008118897864833855, -0.006855572546512488], [-0.00541047474581078, -0.006855572546512488, 0.007216393353545695]], "chi2_level": 0.99, "chi2_df": 3, "chi2_threshold": 11.344866730144373, "N_raw": 30, "N_roi": 30, "N_inlier": 30, "refit": true}
{"timestamp": "12:26:05.271756", "frame": 18, "mu": [-2.1075396220586438, 1.1178966338759113, 1.112588638948954], "Sigma": [[0.008210823674915161, 0.003936588270903865, -0.005364648901178531], [0.003936588270903865, 0.011628368017805129, -0.003998343902586217], [-0.005364648901178531, -0.003998343902586217, 0.005271060737451499]], "chi2_level": 0.99, "chi2_df": 3, "chi2_threshold": 11.344866730144373, "N_raw": 39, "N_roi": 39, "N_inlier": 38, "refit": true}
{"timestamp": "12:26:05.325913", "frame": 19, "mu": [-2.0435903041318553, 1.1492559452575788, 1.0987680269400892], "Sigma": [[0.005083294145668621, 0.004246511290459056, -0.0033520451183806773], [0.004246511290459056, 0.009195086624695854, -0.004382154837749055], [-0.0033520451183806773, -0.004382154837749055, 0.0034231413127923547]], "chi2_level": 0.99, "chi2_df": 3, "chi2_threshold": 11.344866730144373, "N_raw": 29, "N_roi": 29, "N_inlier": 27, "refit": true}
{"timestamp": "12:26:05.378208", "frame": 20, "mu": [-2.1051432773447134, 1.2958594826882994, 1.3576031331674592], "Sigma": [[0.004535400367677669, 0.004218519665909387, -0.004047263481893415], [0.004218519665909387, 0.006539569295834072, -0.004539763952872422], [-0.004047263481893415, -0.004539763952872422, 0.004409183432136045]], "chi2_level": 0.99, "chi2_df": 3, "chi2_threshold": 11.344866730144373, "N_raw": 18, "N_roi": 18, "N_inlier": 17, "refit": true}
{"timestamp": "12:26:05.433330", "frame": 21, "mu": [-1.8926711092030672, 1.4469261370974444, 0.9042414774261746], "Sigma": [[0.015000380050007615, 0.02709162778905727, -0.055147989846576144], [0.02709162778905727, 0.05635876598924203, -0.11712202902549], [-0.05514798984657614, -0.11712202902549, 0.25492004574969834]], "chi2_level": 0.99, "chi2_df": 3, "chi2_threshold": 11.344866730144373, "N_raw": 15, "N_roi": 15, "N_inlier": 15, "refit": true}
{"timestamp": "12:26:05.492855", "frame": 22, "mu": [-2.050981686243347, 1.4565486388069904, 1.4794119235073184], "Sigma": [[0.009286285496004255, 0.006693029775494773, -0.005999654019078648], [0.006693029775494773, 0.009904741049640295, -0.008691646398752256], [-0.0059996540190786485, -0.008691646398752256, 0.01117277682532972]], "chi2_level": 0.99, "chi2_df": 3, "chi2_threshold": 11.344866730144373, "N_raw": 42, "N_roi": 42, "N_inlier": 41, "refit": true}
{"timestamp": "12:26:05.545483", "frame": 23, "mu": [-1.9667710881571336, 1.3939896646223726, 1.3692030836689626], "Sigma": [[0.008098350285720207, 0.003974846008899213, -0.008338757983015761], [0.003974846008899213, 0.015072755347768751, -0.0019956053199368484], [-0.00833875798301576, -0.001995605319936849, 0.010285980944246867]], "chi2_level": 0.99, "chi2_df": 3, "chi2_threshold": 11.344866730144373, "N_raw": 29, "N_roi": 29, "N_inlier": 28, "refit": true}
{"timestamp": "12:26:05.598801", "frame": 24, "mu": [-1.8725277962125824, 1.4804374626596548, 1.2330565317146267], "Sigma": [[0.012618631810114139, 0.011717056080789842, -0.00849856467588997], [0.011717056080789844, 0.018803214124633136, -0.009759341759021094], [-0.008498564675889969, -0.009759341759021094, 0.007287786490003419]], "chi2_level": 0.99, "chi2_df": 3, "chi2_threshold": 11.344866730144373, "N_raw": 15, "N_roi": 15, "N_inlier": 15, "refit": true}
{"timestamp": "12:26:05.652783", "frame": 25, "mu": [-1.915160698037869, 1.5507212257560048, 1.3112281596973394], "Sigma": [[0.011095137828216218, 0.011297653603882876, -0.008829092529710977], [0.011297653603882876, 0.012589404582234816, -0.010929833513234066], [-0.008829092529710977, -0.010929833513234066, 0.01369061388062013]], "chi2_level": 0.99, "chi2_df": 3, "chi2_threshold": 11.344866730144373, "N_raw": 8, "N_roi": 8, "N_inlier": 8, "refit": true}
{"timestamp": "12:26:05.712004", "frame": 26, "mu": [-1.9580162823399683, 1.6085133697362157, 1.3295622230146384], "Sigma": [[0.012003541738599384, 0.007260209963260766, -0.010443248810926922], [0.007260209963260766, 0.014393585987750796, -0.009297397327440907], [-0.010443248810926922, -0.009297397327440907, 0.010839248673905384]], "chi2_level": 0.99, "chi2_df": 3, "chi2_threshold": 11.344866730144373, "N_raw": 44, "N_roi": 44, "N_inlier": 42, "refit": true}
{"timestamp": "12:26:05.766953", "frame": 27, "mu": [-1.8767939995963532, 1.493696829526905, 1.2317085903184857], "Sigma": [[0.01216600786041137, 0.009119318930529795, -0.006259009606038452], [0.009119318930529795, 0.014683258956265021, -0.008907803638262934], [-0.006259009606038452, -0.008907803638262934, 0.014856208303339906]], "chi2_level": 0.99, "chi2_df": 3, "chi2_threshold": 11.344866730144373, "N_raw": 37, "N_roi": 37, "N_inlier": 36, "refit": true}
{"timestamp": "12:26:05.828122", "frame": 28, "mu": [-1.7590974224173332, 1.6802785874038144, 1.2150244592054034], "Sigma": [[0.017141505934954858, 0.010848019261442639, -0.01483989522758178], [0.010848019261442639, 0.014176866615462145, -0.017024461919627455], [-0.01483989522758178, -0.017024461919627455, 0.023506103229756596]], "chi2_level": 0.99, "chi2_df": 3, "chi2_threshold": 11.344866730144373, "N_raw": 83, "N_roi": 83, "N_inlier": 82, "refit": true}
{"timestamp": "12:26:05.878463", "frame": 29, "mu": [-1.6670535028904956, 1.9191726885550717, 1.4097167253839915], "Sigma": [[0.02010824009516883, 0.012946084938307647, -0.039961998798179146], [0.012946084938307647, 0.022516591911130472, -0.013035699118063921], [-0.039961998798179146, -0.013035699118063921, 0.14537622072489206]], "chi2_level": 0.99, "chi2_df": 3, "chi2_threshold": 11.344866730144373, "N_raw": 27, "N_roi": 27, "N_inlier": 26, "refit": true}
{"timestamp": "12:26:05.932388", "frame": 30, "mu": [-1.5632121932129768, 2.0636531770737014, 1.3978070568788712], "Sigma": [[0.0164321720240945, 0.01107521112951117, -0.054331428232406366], [0.01107521112951117, 0.009775047897007559, -0.04369077606000933], [-0.054331428232406366, -0.04369077606000934, 0.25801436906795533]], "chi2_level": 0.99, "chi2_df": 3, "chi2_threshold": 11.344866730144373, "N_raw": 29, "N_roi": 29, "N_inlier": 27, "refit": true}
{"timestamp": "12:26:05.985906", "frame": 31, "mu": [-1.404953404316031, 2.1153674233182436, 1.0104320103152753], "Sigma": [[0.013120817046398737, 0.005831814285028129, -0.07046069461018087], [0.005831814285028129, 0.010557450295136989, -0.02957728067218147], [-0.07046069461018087, -0.02957728067218147, 0.39555735449139146]], "chi2_level": 0.99, "chi2_df": 3, "chi2_threshold": 11.344866730144373, "N_raw": 13, "N_roi": 13, "N_inlier": 13, "refit": true}
{"timestamp": "12:26:06.043003", "frame": 32, "mu": [-1.3598145515634752, 2.1360818506918875, 1.486260689785789], "Sigma": [[0.007896060154108814, -0.0018432132070842517, -0.0006079537247513035], [-0.0018432132070842517, 0.007610715604639646, -0.004939906031910227], [-0.0006079537247513039, -0.004939906031910227, 0.0183252454152101]], "chi2_level": 0.99, "chi2_df": 3, "chi2_threshold": 11.344866730144373, "N_raw": 28, "N_roi": 28, "N_inlier": 25, "refit": true}
{"timestamp": "12:26:06.102666", "frame": 33, "mu": [-1.41108046637066, 2.138147488308242, -0.8261490788097421], "Sigma": [[0.029066599033061687, -0.0005317957627296829, 0.07462751220032166], [-0.0005317957627296831, 0.02070061413580328, 0.007355071119700752], [0.07462751220032166, 0.007355071119700753, 0.23614795088010807]], "chi2_level": 0.99, "chi2_df": 3, "chi2_threshold": 11.344866730144373, "N_raw": 66, "N_roi": 66, "N_inlier": 66, "refit": true}
{"timestamp": "12:26:06.159943", "frame": 34, "mu": [-1.3694254416277731, 2.0850381391627155, 0.869611156065522], "Sigma": [[0.03659415673427102, 0.0009724923717261524, 0.08037135972171994], [0.0009724923717261522, 0.004481056984142298, -0.006671402347837396], [0.08037135972171995, -0.006671402347837396, 0.26054828948692604]], "chi2_level": 0.99, "chi2_df": 3, "chi2_threshold": 11.344866730144373, "N_raw": 68, "N_roi": 68, "N_inlier": 67, "refit": true}
{"timestamp": "12:26:06.209263", "frame": 35, "mu": [-1.239390553655546, 2.179908978492247, 1.253852066076782], "Sigma": [[0.01218752640197034, -0.0021904152455415383, 0.013919522036832069], [-0.0021904152455415383, 0.004364779101640635, -0.007263745607963612], [0.013919522036832069, -0.007263745607963612, 0.11636979934993025]], "chi2_level": 0.99, "chi2_df": 3, "chi2_threshold": 11.344866730144373, "N_raw": 34, "N_roi": 34, "N_inlier": 33, "refit": true}
{"timestamp": "12:26:06.260932", "frame": 36, "mu": [-1.16649908340819, 2.26373259784698, 1.187547402322246], "Sigma": [[0.006496789390426272, 0.00030555445796263947, 0.019316433362531294], [0.00030555445796263947, 0.005645240346673332, 0.006657588197595139], [0.01931643336253129, 0.006657588197595137, 0.26098700941546965]], "chi2_level": 0.99, "chi2_df": 3, "chi2_threshold": 11.344866730144373, "N_raw": 18, "N_roi": 18, "N_inlier": 17, "refit": true}
{"timestamp": "12:26:06.321582", "frame": 37, "mu": [-1.0778954459535381, 2.2819673248360024, 1.3078998755531148], "Sigma": [[0.008021381951359596, 0.00011432071694574605, -0.004588974645574342], [0.00011432071694574605, 0.004672120564622718, -0.0009778901055365508], [-0.004588974645574343, -0.0009778901055365508, 0.008065432466856747]], "chi2_level": 0.99, "chi2_df": 3, "chi2_threshold": 11.344866730144373, "N_raw": 53, "N_roi": 50, "N_inlier": 46, "refit": true}
{"timestamp": "12:26:06.378728", "frame": 38, "mu": [-1.063082508524353, 2.3724006528271033, 1.2787309587472653], "Sigma": [[0.008816707443486107, -0.000767053638281836, -0.006210637209861647], [-0.0007670536382818358, 0.0053211463020032095, 0.0012768055995924282], [-0.006210637209861647, 0.0012768055995924284, 0.039632527021551046]], "chi2_level": 0.99, "chi2_df": 3, "chi2_threshold": 11.344866730144373, "N_raw": 62, "N_roi": 62, "N_inlier": 57, "refit": true}
{"timestamp": "12:26:06.436123", "frame": 39, "mu": [-1.0237285454465406, 2.406724803029441, 1.213092235936043], "Sigma": [[0.012985446201905858, -1.0954075665075826e-05, -0.0025613874408731687], [-1.0954075665075744e-05, 0.004311173692814774, -0.0030702814024774596], [-0.0025613874408731696, -0.0030702814024774596, 0.03625732941759435]], "chi2_level": 0.99, "chi2_df": 3, "chi2_threshold": 11.344866730144373, "N_raw": 83, "N_roi": 83, "N_inlier": 77, "refit": true}
{"timestamp": "12:26:06.493932", "frame": 40, "mu": [-1.037819169913759, 2.5187280065516706, 1.156471941331517], "Sigma": [[0.02061721533692395, -0.00372285019415515, 0.006519292770304605], [-0.003722850194155149, 0.005184106906821555, -0.005738815603103122], [0.006519292770304605, -0.005738815603103122, 0.03643618564565644]], "chi2_level": 0.99, "chi2_df": 3, "chi2_threshold": 11.344866730144373, "N_raw": 95, "N_roi": 95, "N_inlier": 90, "refit": true}
{"timestamp": "12:26:06.540431", "frame": 41, "mu": [-0.8928331411132941, 2.5372189096936206, 1.050300166436671], "Sigma": [[0.009448175319852028, -0.00266215079617236, 0.005861014084625705], [-0.00266215079617236, 0.004217215504585156, -0.01059987701321907], [0.005861014084625705, -0.010599877013219072, 0.15867826780309638]], "chi2_level": 0.99, "chi2_df": 3, "chi2_threshold": 11.344866730144373, "N_raw": 37, "N_roi": 37, "N_inlier": 34, "refit": true}
{"timestamp": "12:26:06.598367", "frame": 42, "mu": [-0.9027457745965565, 2.549804519835946, 1.0283691807207858], "Sigma": [[0.014547810396859122, 0.0007368726949761803, 0.020866734989235122], [0.0007368726949761801, 0.00298069512728641, 0.002920978809024702], [0.020866734989235122, 0.0029209788090247017, 0.0879582313497447]], "chi2_level": 0.99, "chi2_df": 3, "chi2_threshold": 11.344866730144373, "N_raw": 63, "N_roi": 63, "N_inlier": 59, "refit": true}
{"timestamp": "12:26:06.651673", "frame": 43, "mu": [-0.8550754145807922, 2.6711883720311884, 1.3709464222350105], "Sigma": [[0.01044464188896062, -0.0012208381578883369, -0.01048406016652792], [-0.0012208381578883367, 0.007639152737072364, 0.005421420785520957], [-0.01048406016652792, 0.005421420785520958, 0.015380418649456514]], "chi2_level": 0.99, "chi2_df": 3, "chi2_threshold": 11.344866730144373, "N_raw": 54, "N_roi": 54, "N_inlier": 51, "refit": true}
{"timestamp": "12:26:06.709402", "frame": 44, "mu": [-0.8055837287782309, 2.792485690666707, -0.5351072691622454], "Sigma": [[0.012207651486503776, 0.0025782713257184236, 0.03074897004461233], [0.002578271325718423, 0.009104998816324575, 0.01956964184109037], [0.03074897004461233, 0.019569641841090366, 0.17814312390931328]], "chi2_level": 0.99, "chi2_df": 3, "chi2_threshold": 11.344866730144373, "N_raw": 71, "N_roi": 71, "N_inlier": 68, "refit": true}
{"timestamp": "12:26:06.761762", "frame": 45, "mu": [-0.7649257284650526, 2.847531242548511, 1.3152857506224], "Sigma": [[0.01014386936720985, 0.000149791976764969, 0.0019532848674880168], [0.00014979197676496893, 0.003957789124910433, 0.005323994283130463], [0.001953284867488016, 0.005323994283130464, 0.12184635069871169]], "chi2_level": 0.99, "chi2_df": 3, "chi2_threshold": 11.344866730144373, "N_raw": 49, "N_roi": 49, "N_inlier": 47, "refit": true}
{"timestamp": "12:26:06.817322", "frame": 46, "mu": [-0.7004482332863253, 2.7778402159645377, 1.0730434751130835], "Sigma": [[0.01190731001896884, -0.0023250869683392288, -0.005840330886752966], [-0.002325086968339229, 0.005587401276385998, -0.008811898122417412], [-0.005840330886752965, -0.008811898122417412, 0.08638574318555617]], "chi2_level": 0.99, "chi2_df": 3, "chi2_threshold": 11.344866730144373, "N_raw": 52, "N_roi": 49, "N_inlier": 47, "refit": true}
{"timestamp": "12:26:06.875042", "frame": 47, "mu": [-0.6775496301232, 2.871449886482964, 1.3336198434716735], "Sigma": [[0.010475008161353506, -0.003056102851312962, -0.013215402313031898], [-0.003056102851312962, 0.0120269757064207, 0.008051652831844181], [-0.013215402313031898, 0.008051652831844181, 0.03657259613346756]], "chi2_level": 0.99, "chi2_df": 3, "chi2_threshold": 11.344866730144373, "N_raw": 66, "N_roi": 65, "N_inlier": 61, "refit": true}
{"timestamp": "12:26:06.925504", "frame": 48, "mu": [-0.6421858419564741, 2.82197800132336, 1.3014468968749533], "Sigma": [[0.010239502834303842, 0.000709135172953094, -0.007884961178273744], [0.0007091351729530939, 0.0031005490650230635, -0.0003643351092367625], [-0.007884961178273744, -0.0003643351092367626, 0.00770124550411443]], "chi2_level": 0.99, "chi2_df": 3, "chi2_threshold": 11.344866730144373, "N_raw": 44, "N_roi": 40, "N_inlier": 37, "refit": true}
{"timestamp": "12:26:06.982905", "frame": 49, "mu": [-0.56155073170316, 2.9255044629939384, 1.235126745110597], "Sigma": [[0.014402565488111536, 0.0017431937288280505, -0.006411133919315901], [0.0017431937288280507, 0.009376493158338052, 0.004543352669561481], [-0.006411133919315901, 0.004543352669561483, 0.007372380308604432]], "chi2_level": 0.99, "chi2_df": 3, "chi2_threshold": 11.344866730144373, "N_raw": 63, "N_roi": 58, "N_inlier": 57, "refit": true}
{"timestamp": "12:26:07.044849", "frame": 50, "mu": [-0.6348334930149359, 2.9996344593807116, 0.8526008403273716], "Sigma": [[0.02646552280482478, 0.0010800158389891261, 0.045154477580054066], [0.0010800158389891261, 0.0048219177410797065, -0.0016141537307067734], [0.045154477580054066, -0.0016141537307067743, 0.2629932404498066]], "chi2_level": 0.99, "chi2_df": 3, "chi2_threshold": 11.344866730144373, "N_raw": 105, "N_roi": 101, "N_inlier": 101, "refit": true}
{"timestamp": "12:26:07.097585", "frame": 51, "mu": [-0.594497339760975, 3.1426584048484676, -0.43205695237130215], "Sigma": [[0.025799308623493285, 0.005420923334747443, 0.09753937902085336], [0.005420923334747443, 0.016494067678940925, 0.02069588481839235], [0.09753937902085336, 0.02069588481839235, 0.5902815532381385]], "chi2_level": 0.99, "chi2_df": 3, "chi2_threshold": 11.344866730144373, "N_raw": 91, "N_roi": 90, "N_inlier": 88, "refit": true}
{"timestamp": "12:26:07.149609", "frame": 52, "mu": [-0.6105104752295966, 3.056849123469356, 0.67944038655084], "Sigma": [[0.041997736583207046, 0.013209995499053374, 0.1013054982697433], [0.013209995499053374, 0.010164192930146592, 0.040760300789760895], [0.10130549826974329, 0.040760300789760895, 0.3831444934165855]], "chi2_level": 0.99, "chi2_df": 3, "chi2_threshold": 11.344866730144373, "N_raw": 71, "N_roi": 71, "N_inlier": 70, "refit": true}
{"timestamp": "12:26:07.196620", "frame": 53, "mu": [-0.38120741256668694, 3.249742280175071, 0.9476998625753901], "Sigma": [[0.009845590703949228, -0.0033694827855095394, 0.022526263274080804], [-0.003369482785509539, 0.004092176719531563, -0.01818173601945182], [0.022526263274080804, -0.01818173601945182, 0.17444208532978814]], "chi2_level": 0.99, "chi2_df": 3, "chi2_threshold": 11.344866730144373, "N_raw": 19, "N_roi": 19, "N_inlier": 18, "refit": true}
{"timestamp": "12:26:07.253899", "frame": 54, "mu": [-0.26002654674876735, 3.2363042889475135, 1.1227172156243288], "Sigma": [[0.01183384991751557, -0.001462916126658806, 0.0002968121992748963], [-0.001462916126658806, 0.0019296898785672542, -0.005141435470333468], [0.00029681219927489653, -0.005141435470333468, 0.019351926341526708]], "chi2_level": 0.99, "chi2_df": 3, "chi2_threshold": 11.344866730144373, "N_raw": 38, "N_roi": 37, "N_inlier": 35, "refit": true}
{"timestamp": "12:26:07.311921", "frame": 55, "mu": [-0.3085540118671453, 3.3473382443289825, 0.7123262914828177], "Sigma": [[0.01347504655774943, -0.003863497912419627, 0.018140718520809604], [-0.003863497912419627, 0.004934897839878572, -0.02998878982534465], [0.018140718520809604, -0.02998878982534465, 0.25145967800512087]], "chi2_level": 0.99, "chi2_df": 3, "chi2_threshold": 11.344866730144373, "N_raw": 55, "N_roi": 55, "N_inlier": 55, "refit": true}
{"timestamp": "12:26:07.364712", "frame": 56, "mu": [-0.253742118183256, 3.3820227389763575, 1.2586990823328295], "Sigma": [[0.012482235373270794, -0.0025029516199510746, 0.020255174463155636], [-0.002502951619951074, 0.007331315672630556, -0.019243062469477892], [0.020255174463155636, -0.019243062469477892, 0.20578438429649998]], "chi2_level": 0.99, "chi2_df": 3, "chi2_threshold": 11.344866730144373, "N_raw": 40, "N_roi": 40, "N_inlier": 40, "refit": true}
{"timestamp": "12:26:07.424719", "frame": 57, "mu": [-0.18228103226612835, 3.4753433837954346, 0.1917855003975834], "Sigma": [[0.018133517766474896, -0.003079623712046005, 0.008519825387946198], [-0.0030796237120460047, 0.010478998014060987, -0.008163534959214656], [0.008519825387946198, -0.008163534959214657, 0.015105470141250717]], "chi2_level": 0.99, "chi2_df": 3, "chi2_threshold": 11.344866730144373, "N_raw": 78, "N_roi": 78, "N_inlier": 74, "refit": true}
{"timestamp": "12:26:07.476020", "frame": 58, "mu": [-0.16218586891467204, 3.482674095310312, 1.5675841111047835], "Sigma": [[0.016783704062942974, 0.00013067441509050743, -0.00225784106834273], [0.00013067441509050727, 0.00531962657115763, 0.000780711033459446], [-0.00225784106834273, 0.0007807110334594458, 0.005560704026932174]], "chi2_level": 0.99, "chi2_df": 3, "chi2_threshold": 11.344866730144373, "N_raw": 52, "N_roi": 52, "N_inlier": 50, "refit": true}
{"timestamp": "12:26:07.529014", "frame": 59, "mu": [-0.0548269911210796, 3.4780300922576615, 1.3551249091709516], "Sigma": [[0.012997859841006253, -0.0004772570156335063, -0.005451771897054136], [-0.0004772570156335064, 0.002123624548923389, -0.003296078917294409], [-0.005451771897054136, -0.003296078917294409, 0.010144026708494033]], "chi2_level": 0.99, "chi2_df": 3, "chi2_threshold": 11.344866730144373, "N_raw": 38, "N_roi": 37, "N_inlier": 36, "refit": true}
{"timestamp": "12:26:07.585536", "frame": 60, "mu": [-0.011924642919889568, 3.5567160226019756, 1.3049134752526461], "Sigma": [[0.014250605466054058, -0.002015281368201778, -0.00567474520006043], [-0.002015281368201778, 0.003275970661352776, -0.0035804406663889135], [-0.005674745200060431, -0.0035804406663889126, 0.011378438067769546]], "chi2_level": 0.99, "chi2_df": 3, "chi2_threshold": 11.344866730144373, "N_raw": 48, "N_roi": 48, "N_inlier": 46, "refit": true}
{"timestamp": "12:26:07.641179", "frame": 61, "mu": [-0.04391968664663652, 3.691026015115849, 0.26114176009526224], "Sigma": [[0.018445522793920345, -0.0049707313801987466, 0.010018918904599938], [-0.004970731380198746, 0.008132302899718058, -0.013771941208771465], [0.010018918904599938, -0.013771941208771465, 0.03190654724712454]], "chi2_level": 0.99, "chi2_df": 3, "chi2_threshold": 11.344866730144373, "N_raw": 53, "N_roi": 53, "N_inlier": 52, "refit": true}
{"timestamp": "12:26:07.697785", "frame": 62, "mu": [-0.06681694305115066, 3.7515180146328144, 1.1982172872039414], "Sigma": [[0.02655574930692967, -0.011727350782824646, -0.019005699622155044], [-0.011727350782824646, 0.01126174384114823, 0.01171314994795986], [-0.019005699622155044, 0.01171314994795986, 0.03446794172777847]], "chi2_level": 0.99, "chi2_df": 3, "chi2_threshold": 11.344866730144373, "N_raw": 59, "N_roi": 59, "N_inlier": 59, "refit": true}
{"timestamp": "12:26:07.746809", "frame": 63, "mu": [0.05872363036341886, 3.792352016040669, 0.5905595485907277], "Sigma": [[0.01149902554439783, 0.00034981805715196123, -0.011174234844777885], [0.000349818057151961, 0.0030442106369183547, -0.0027226598334537293], [-0.011174234844777885, -0.0027226598334537293, 0.021691681506458765]], "chi2_level": 0.99, "chi2_df": 3, "chi2_threshold": 11.344866730144373, "N_raw": 24, "N_roi": 22, "N_inlier": 19, "refit": true}
{"timestamp": "12:26:07.803254", "frame": 64, "mu": [0.13036393119789316, 3.8809424813189475, 1.489562348727343], "Sigma": [[0.011659433072705528, -0.0023480551947236772, -0.008572090969176507], [-0.0023480551947236772, 0.0033659000911043877, 0.0006252468684775411], [-0.008572090969176507, 0.0006252468684775411, 0.010660306263370741]], "chi2_level": 0.99, "chi2_df": 3, "chi2_threshold": 11.344866730144373, "N_raw": 35, "N_roi": 33, "N_inlier": 31, "refit": true}
{"timestamp": "12:26:07.856238", "frame": 65, "mu": [0.11271719561266176, 3.9530182472401987, 1.2184370759705008], "Sigma": [[0.011865813338810987, -0.00885189875323869, -0.007225648430733761], [-0.00885189875323869, 0.010363429429193929, -0.007874819757090173], [-0.007225648430733762, -0.007874819757090173, 0.23000072957377385]], "chi2_level": 0.99, "chi2_df": 3, "chi2_threshold": 11.344866730144373, "N_raw": 19, "N_roi": 16, "N_inlier": 15, "refit": true}
{"timestamp": "12:26:07.913600", "frame": 66, "mu": [0.23583034997305644, 3.8681316448682463, 1.3725484285504999], "Sigma": [[0.009433927547252674, -0.002479175439915672, -0.0021911170990695844], [-0.002479175439915672, 0.0039865264064257435, -0.003914634170709752], [-0.002191117099069584, -0.003914634170709752, 0.019340982819577072]], "chi2_level": 0.99, "chi2_df": 3, "chi2_threshold": 11.344866730144373, "N_raw": 33, "N_roi": 31, "N_inlier": 29, "refit": true}
{"timestamp": "12:26:07.970325", "frame": 67, "mu": [0.328492590224782, 3.863472269517307, 1.179328914080719], "Sigma": [[0.011632771227397275, -0.005580666444184552, -0.0032472985373328276], [-0.005580666444184553, 0.012943676615010315, -0.008058558471686465], [-0.003247298537332827, -0.008058558471686466, 0.029547053725182487]], "chi2_level": 0.99, "chi2_df": 3, "chi2_threshold": 11.344866730144373, "N_raw": 41, "N_roi": 38, "N_inlier": 36, "refit": true}
{"timestamp": "12:26:08.026656", "frame": 68, "mu": [0.3116456348915805, 3.9352595123973813, 1.211046003326618], "Sigma": [[0.017643961216294253, -0.004444387393297333, -0.008192861000597788], [-0.004444387393297333, 0.006681674695117166, -0.0035527823004288944], [-0.008192861000597788, -0.0035527823004288944, 0.014391355600888594]], "chi2_level": 0.99, "chi2_df": 3, "chi2_threshold": 11.344866730144373, "N_raw": 56, "N_roi": 56, "N_inlier": 52, "refit": true}
{"timestamp": "12:26:08.083188", "frame": 69, "mu": [0.2984929743131617, 4.013330154886041, 0.9394711268076518], "Sigma": [[0.02155108892093767, -0.008735992241156634, 0.019537505077558852], [-0.008735992241156634, 0.010004590586617576, -0.007067623356108996], [0.019537505077558852, -0.007067623356108995, 0.10391694446935848]], "chi2_level": 0.99, "chi2_df": 3, "chi2_threshold": 11.344866730144373, "N_raw": 62, "N_roi": 62, "N_inlier": 61, "refit": true}
{"timestamp": "12:26:08.136918", "frame": 70, "mu": [0.4279918643518171, 4.077183659474924, 0.29718943508153445], "Sigma": [[0.015820499129837427, -0.003810481091919872, -0.00295939255622566], [-0.003810481091919872, 0.010564678377690179, -0.003970478936091257], [-0.00295939255622566, -0.003970478936091257, 0.011632233963640378]], "chi2_level": 0.99, "chi2_df": 3, "chi2_threshold": 11.344866730144373, "N_raw": 57, "N_roi": 57, "N_inlier": 55, "refit": true}
{"timestamp": "12:26:08.191774", "frame": 71, "mu": [0.35050871410617745, 4.094502190421614, 0.8517355966188711], "Sigma": [[0.026183745952461458, -0.004940881348269323, 0.03513023132201346], [-0.004940881348269323, 0.0045981115113892645, -0.013566410431972072], [0.03513023132201346, -0.013566410431972072, 0.09277867684263974]], "chi2_level": 0.99, "chi2_df": 3, "chi2_threshold": 11.344866730144373, "N_raw": 56, "N_roi": 55, "N_inlier": 54, "refit": true}
{"timestamp": "12:26:08.349026", "frame": 74, "mu": [0.7329870248777716, 4.323802192757358, 0.9477095144447683], "Sigma": [[0.006394417187436655, 0.004316387345120647, -0.03685658745370786], [0.004316387345120647, 0.009580305374292193, -0.04170312899621607], [-0.03685658745370786, -0.04170312899621606, 0.2737046385547275]], "chi2_level": 0.99, "chi2_df": 3, "chi2_threshold": 11.344866730144373, "N_raw": 9, "N_roi": 9, "N_inlier": 9, "refit": true}
{"timestamp": "12:26:08.403535", "frame": 75, "mu": [0.7367435342608663, 4.379669759470105, 1.0043612567758153], "Sigma": [[0.013346851798080605, -1.229155242473689e-05, -0.050405456969286465], [-1.2291552424736863e-05, 0.0028581010342645036, -0.006241247253756468], [-0.050405456969286465, -0.006241247253756468, 0.21133279812477748]], "chi2_level": 0.99, "chi2_df": 3, "chi2_threshold": 11.344866730144373, "N_raw": 7, "N_roi": 7, "N_inlier": 7, "refit": true}
{"timestamp": "12:26:08.460681", "frame": 76, "mu": [0.711213621262476, 4.451779035215191, 1.1120919378510719], "Sigma": [[0.0049756147326532685, -0.00811061559799256, 0.026766824005012527], [-0.00811061559799256, 0.016974816819535804, -0.05164967928362557], [0.026766824005012527, -0.05164967928362557, 0.16894582927063795]], "chi2_level": 0.99, "chi2_df": 3, "chi2_threshold": 11.344866730144373, "N_raw": 11, "N_roi": 8, "N_inlier": 8, "refit": true}
{"timestamp": "12:26:08.514915", "frame": 77, "mu": [0.6799254030764067, 4.55910012670041, 1.1312884291327174], "Sigma": [[0.004183582027280176, -0.007854910310901105, 0.016105104763843844], [-0.007854910310901105, 0.02311869375948092, -0.037617595358057906], [0.016105104763843844, -0.037617595358057906, 0.11610790136279805]], "chi2_level": 0.99, "chi2_df": 3, "chi2_threshold": 11.344866730144373, "N_raw": 12, "N_roi": 9, "N_inlier": 9, "refit": true}
{"timestamp": "12:26:08.571668", "frame": 78, "mu": [0.8423222619168524, 4.488591340912219, 1.2375974181022653], "Sigma": [[0.011235995232030909, -0.00471570282373191, -0.006000037783658829], [-0.00471570282373191, 0.004953163654285871, -0.0013309886633294677], [-0.0060000377836588285, -0.0013309886633294677, 0.012963522999184672]], "chi2_level": 0.99, "chi2_df": 3, "chi2_threshold": 11.344866730144373, "N_raw": 20, "N_roi": 18, "N_inlier": 16, "refit": true}
{"timestamp": "12:26:08.681226", "frame": 80, "mu": [0.86787776686069, 4.546901493708984, 0.97926311793015], "Sigma": [[0.009735745746640241, -0.004434235507828441, 0.0027542420029914127], [-0.004434235507828441, 0.003198862558335348, -0.003758794767130265], [0.0027542420029914127, -0.003758794767130265, 0.01479132082039313]], "chi2_level": 0.99, "chi2_df": 3, "chi2_threshold": 11.344866730144373, "N_raw": 14, "N_roi": 11, "N_inlier": 11, "refit": true}
{"timestamp": "12:26:08.791471", "frame": 82, "mu": [0.9054520607597486, 4.780261191405884, -0.2513464917635445], "Sigma": [[0.015711120395117115, -0.0026486204464312556, -9.756266853255118e-05], [-0.0026486204464312556, 0.00272881596440894, 3.652593160139304e-05], [-9.756266853255119e-05, 3.652593160139303e-05, 0.0014515538115885285]], "chi2_level": 0.99, "chi2_df": 3, "chi2_threshold": 11.344866730144373, "N_raw": 27, "N_roi": 26, "N_inlier": 25, "refit": true}
