{"timestamp": "12:44:57.560701", "frame": 28, "mu": [2.4034205902038384, 2.0635979821166486, 1.396686909101342], "Sigma": [[0.006019330406745645, -0.002198699910981552, -0.005225318924018928], [-0.002198699910981552, 0.0026767679721876993, -0.0008774331294908775], [-0.005225318924018929, -0.0008774331294908776, 0.012649393106126903]], "chi2_level": 0.99, "chi2_df": 3, "chi2_threshold": 11.344866730144373, "N_raw": 8, "N_roi": 8, "N_inlier": 8, "refit": true}
{"timestamp": "12:44:57.726039", "frame": 31, "mu": [2.366201716854311, 1.9587324833387816, 1.1794266005794147], "Sigma": [[0.003101277175831133, -0.0026567786654183856, -0.00039852630362277467], [-0.0026567786654183856, 0.006618700412587285, -0.007510525826376178], [-0.00039852630362277445, -0.007510525826376178, 0.03161990383301559]], "chi2_level": 0.99, "chi2_df": 3, "chi2_threshold": 11.344866730144373, "N_raw": 9, "N_roi": 8, "N_inlier": 8, "refit": true}
{"timestamp": "12:44:57.836193", "frame": 33, "mu": [2.2301263428732025, 2.117435603310277, 1.3554525817016818], "Sigma": [[0.007018033854519255, -0.005055270573748701, -0.006434319563467121], [-0.005055270573748701, 0.006155210450895133, 0.0037049974561724035], [-0.006434319563467121, 0.0037049974561724035, 0.026308110183612038]], "chi2_level": 0.99, "chi2_df": 3, "chi2_threshold": 11.344866730144373, "N_raw": 11, "N_roi": 11, "N_inlier": 11, "refit": true}
{"timestamp": "12:44:57.945923", "frame": 35, "mu": [1.8674961461898865, 1.9605506798979515, 1.1227195827713197], "Sigma": [[0.34807992090353285, 0.36119934305475326, -0.1404222463959783], [0.36119934305475326, 0.3792951452288649, -0.14194898385133575], [-0.14042224639597828, -0.14194898385133575, 0.0644214255182636]], "chi2_level": 0.99, "chi2_df": 3, "chi2_threshold": 11.344866730144373, "N_raw": 7, "N_roi": 7, "N_inlier": 7, "refit": true}
{"timestamp": "12:44:58.112680", "frame": 38, "mu": [1.9516970179587667, 2.1966238772568527, 1.469765201578218], "Sigma": [[0.0058387429577851655, -0.0035842162617061527, -0.0019025547659422457], [-0.003584216261706153, 0.004465115201409095, 0.0002108548818559862], [-0.0019025547659422457, 0.0002108548818559863, 0.001753306028674892]], "chi2_level": 0.99, "chi2_df": 3, "chi2_threshold": 11.344866730144373, "N_raw": 22, "N_roi": 22, "N_inlier": 20, "refit": true}
{"timestamp": "12:44:58.282333", "frame": 41, "mu": [1.9175157496842226, 2.0772505612885572, 1.1244448170602122], "Sigma": [[0.008342471278293219, -0.007482549795641854, -0.008122228840543096], [-0.007482549795641854, 0.007473792440169947, 0.005054907683984724], [-0.008122228840543096, 0.005054907683984723, 0.033800908683178976]], "chi2_level": 0.99, "chi2_df": 3, "chi2_threshold": 11.344866730144373, "N_raw": 34, "N_roi": 34, "N_inlier": 33, "refit": true}
{"timestamp": "12:44:58.332670", "frame": 42, "mu": [1.8909089067872102, 2.0364803833479246, 1.2321520108323065], "Sigma": [[0.01643476050711368, -0.008458368057706264, -0.03717478681287857], [-0.008458368057706262, 0.006450931911620714, 0.022837101780211026], [-0.03717478681287857, 0.02283710178021103, 0.09156068424609706]], "chi2_level": 0.99, "chi2_df": 3, "chi2_threshold": 11.344866730144373, "N_raw": 7, "N_roi": 7, "N_inlier": 7, "refit": true}
{"timestamp": "12:44:58.391389", "frame": 43, "mu": [1.7551649243892018, 2.0906707797758317, 1.5502153785088957], "Sigma": [[0.009154758917509291, -0.004114797815400716, -0.004817311917627087], [-0.004114797815400716, 0.004781245226077725, 0.0021603544746155484], [-0.004817311917627087, 0.0021603544746155484, 0.004753170259737213]], "chi2_level": 0.99, "chi2_df": 3, "chi2_threshold": 11.344866730144373, "N_raw": 27, "N_roi": 27, "N_inlier": 25, "refit": true}
{"timestamp": "12:44:58.444752", "frame": 44, "mu": [1.7093168993799717, 2.092678395982835, 1.499622684081636], "Sigma": [[0.00801532052769625, -0.004810252397819886, -0.0028526430915189354], [-0.004810252397819886, 0.004729404040108252, 0.0010792558319273414], [-0.0028526430915189354, 0.0010792558319273411, 0.002104560635700092]], "chi2_level": 0.99, "chi2_df": 3, "chi2_threshold": 11.344866730144373, "N_raw": 23, "N_roi": 23, "N_inlier": 22, "refit": true}
{"timestamp": "12:44:58.505915", "frame": 45, "mu": [1.662354298295637, 2.1185569777725517, 1.3749280605311482], "Sigma": [[0.012987843960477032, -0.007249082781410707, -0.012224294704319216], [-0.007249082781410707, 0.008099385301791648, 0.0009874142166178368], [-0.012224294704319218, 0.0009874142166178368, 0.029892283335131727]], "chi2_level": 0.99, "chi2_df": 3, "chi2_threshold": 11.344866730144373, "N_raw": 61, "N_roi": 61, "N_inlier": 61, "refit": true}
{"timestamp": "12:44:58.556360", "frame": 46, "mu": [1.6723165760057381, 2.026083980998717, 1.2825119358569745], "Sigma": [[0.007254330463014655, -0.004446613045543448, -0.004423819324976222], [-0.004446613045543448, 0.006477760189957141, 0.001963097422968737], [-0.004423819324976222, 0.001963097422968737, 0.0042009807835653055]], "chi2_level": 0.99, "chi2_df": 3, "chi2_threshold": 11.344866730144373, "N_raw": 32, "N_roi": 32, "N_inlier": 30, "refit": true}
{"timestamp": "12:44:58.665670", "frame": 48, "mu": [1.5549064481566606, 2.0755201488924513, 1.4811051236876014], "Sigma": [[0.005773256459461102, -0.0035474170817032485, -0.0028933500899120043], [-0.0035474170817032485, 0.005249719093388034, 0.00019491289442532118], [-0.0028933500899120043, 0.00019491289442532113, 0.0040051449085999795]], "chi2_level": 0.99, "chi2_df": 3, "chi2_threshold": 11.344866730144373, "N_raw": 30, "N_roi": 30, "N_inlier": 28, "refit": true}
{"timestamp": "12:44:58.717203", "frame": 49, "mu": [1.5334498469491153, 2.088012751935527, 1.2854907421589719], "Sigma": [[0.02072106577559132, -0.009437004421422167, -0.05781818986380234], [-0.009437004421422167, 0.011494615597862455, 0.05622508340015898], [-0.05781818986380234, 0.05622508340015898, 0.4125600424997748]], "chi2_level": 0.99, "chi2_df": 3, "chi2_threshold": 11.344866730144373, "N_raw": 7, "N_roi": 7, "N_inlier": 7, "refit": true}
{"timestamp": "12:44:58.772637", "frame": 50, "mu": [1.5018116410733808, 2.2409289420769354, -0.46702998325960154], "Sigma": [[0.008169961637278057, 0.005143650726345681, -0.054901516109687576], [0.00514365072634568, 0.00407598587968975, -0.03603629779029184], [-0.054901516109687576, -0.03603629779029184, 0.5122616429481982]], "chi2_level": 0.99, "chi2_df": 3, "chi2_threshold": 11.344866730144373, "N_raw": 8, "N_roi": 8, "N_inlier": 8, "refit": true}
{"timestamp": "12:44:58.827476", "frame": 51, "mu": [1.498838116459905, 2.2053868583834597, -0.5762789530883012], "Sigma": [[0.013887192223080965, 0.0028121175558035744, -0.03579130315304177], [0.002812117555803574, 0.02124242034803458, -0.03634064559247118], [-0.03579130315304177, -0.03634064559247118, 0.15062346151777173]], "chi2_level": 0.99, "chi2_df": 3, "chi2_threshold": 11.344866730144373, "N_raw": 7, "N_roi": 7, "N_inlier": 7, "refit": true}
{"timestamp": "12:44:58.940475", "frame": 53, "mu": [1.3264414308835821, 2.0939815785783957, 1.431876448586524], "Sigma": [[0.007884002918305896, -0.005710236269494674, -0.009651971640021795], [-0.0057102362694946745, 0.0068122687101564655, 0.006621068871828892], [-0.009651971640021795, 0.006621068871828891, 0.012954198415887078]], "chi2_level": 0.99, "chi2_df": 3, "chi2_threshold": 11.344866730144373, "N_raw": 31, "N_roi": 31, "N_inlier": 30, "refit": true}
{"timestamp": "12:44:58.993081", "frame": 54, "mu": [1.412690503029494, 1.9798345162192743, 0.9795765298484589], "Sigma": [[0.0048728345111584866, -0.003173521404084434, -0.019416194187311303], [-0.003173521404084434, 0.004973001403536505, 0.007742007384826011], [-0.019416194187311303, 0.007742007384826011, 0.10318230022317879]], "chi2_level": 0.99, "chi2_df": 3, "chi2_threshold": 11.344866730144373, "N_raw": 8, "N_roi": 8, "N_inlier": 8, "refit": true}
{"timestamp": "12:44:59.052464", "frame": 55, "mu": [1.2332837472373566, 2.123568199885153, 1.4289630794623958], "Sigma": [[0.008269486411476061, -0.004315976069922232, -0.005577380942323946], [-0.004315976069922232, 0.00616428519310041, 0.0043772643906899765], [-0.005577380942323946, 0.0043772643906899765, 0.010747776684924777]], "chi2_level": 0.99, "chi2_df": 3, "chi2_threshold": 11.344866730144373, "N_raw": 40, "N_roi": 40, "N_inlier": 37, "refit": true}
{"timestamp": "12:44:59.102868", "frame": 56, "mu": [1.2685617096866797, 2.028433162092237, 0.6449861101979296], "Sigma": [[0.016981576841223395, -0.004206209389549331, -0.07544221832901041], [-0.004206209389549331, 0.017081811429057597, 0.09362252550061227], [-0.0754422183290104, 0.09362252550061226, 0.7311613107234808]], "chi2_level": 0.99, "chi2_df": 3, "chi2_threshold": 11.344866730144373, "N_raw": 8, "N_roi": 8, "N_inlier": 8, "refit": true}
{"timestamp": "12:44:59.164903", "frame": 57, "mu": [1.168594571927108, 2.113750230534213, 1.3940702374125804], "Sigma": [[0.011248087937686434, -0.006100737137996414, -0.00950656270723994], [-0.006100737137996414, 0.009683472290140412, 0.0055030712172622585], [-0.00950656270723994, 0.0055030712172622585, 0.009293775875452496]], "chi2_level": 0.99, "chi2_df": 3, "chi2_threshold": 11.344866730144373, "N_raw": 57, "N_roi": 57, "N_inlier": 56, "refit": true}
{"timestamp": "12:44:59.222149", "frame": 58, "mu": [1.1673260554516478, 2.084443672048938, 1.291441287241684], "Sigma": [[0.014844954380415398, -0.01130962168749064, -0.026458068131968084], [-0.01130962168749064, 0.01313524150514865, 0.02438835789724387], [-0.026458068131968084, 0.02438835789724387, 0.08235096529733464]], "chi2_level": 0.99, "chi2_df": 3, "chi2_threshold": 11.344866730144373, "N_raw": 66, "N_roi": 66, "N_inlier": 64, "refit": true}
{"timestamp": "12:44:59.276553", "frame": 59, "mu": [1.2119669394238821, 2.0159593096631174, 1.1228009793333689], "Sigma": [[0.014122838636778592, -0.00812287307830779, -0.01888600901918741], [-0.00812287307830779, 0.005564453225061689, 0.011268590757568458], [-0.018886009019187407, 0.011268590757568458, 0.05384449534586311]], "chi2_level": 0.99, "chi2_df": 3, "chi2_threshold": 11.344866730144373, "N_raw": 64, "N_roi": 64, "N_inlier": 60, "refit": true}
{"timestamp": "12:44:59.332259", "frame": 60, "mu": [1.1572520253826906, 2.1323774618111013, -0.340027346678857], "Sigma": [[0.011337168728197292, -0.0019267531614438646, -0.010954190820505423], [-0.0019267531614438642, 0.004235773579965618, -0.004322672018256264], [-0.010954190820505423, -0.004322672018256264, 0.02370582374979173]], "chi2_level": 0.99, "chi2_df": 3, "chi2_threshold": 11.344866730144373, "N_raw": 64, "N_roi": 64, "N_inlier": 60, "refit": true}
{"timestamp": "12:44:59.384921", "frame": 61, "mu": [1.043390841507889, 2.131249015340056, -0.32354475867249566], "Sigma": [[0.010468196891546338, -0.000658565210109613, 0.007573695144800847], [-0.0006585652101096133, 0.002552411650900226, -0.0015942751372118443], [0.007573695144800847, -0.0015942751372118443, 0.04285389805291258]], "chi2_level": 0.99, "chi2_df": 3, "chi2_threshold": 11.344866730144373, "N_raw": 48, "N_roi": 48, "N_inlier": 44, "refit": true}
{"timestamp": "12:44:59.439066", "frame": 62, "mu": [1.0823115352509667, 2.0841508103025896, 1.0688379456134458], "Sigma": [[0.011792003060988201, -0.006019914387402955, -0.024487343495632388], [-0.0060199143874029555, 0.016607758544302874, 0.01043087169691612], [-0.024487343495632384, 0.01043087169691612, 0.13228031291298667]], "chi2_level": 0.99, "chi2_df": 3, "chi2_threshold": 11.344866730144373, "N_raw": 43, "N_roi": 43, "N_inlier": 41, "refit": true}
{"timestamp": "12:44:59.492432", "frame": 63, "mu": [1.07981841378991, 1.9616486736106395, 1.0286664301873807], "Sigma": [[0.005404176692807205, -0.002322648475669283, -0.012949518606556779], [-0.002322648475669283, 0.004136709980190827, 0.009441795151174893], [-0.012949518606556779, 0.009441795151174891, 0.14593929048289828]], "chi2_level": 0.99, "chi2_df": 3, "chi2_threshold": 11.344866730144373, "N_raw": 35, "N_roi": 35, "N_inlier": 34, "refit": true}
{"timestamp": "12:44:59.552965", "frame": 64, "mu": [1.0251515361731487, 1.9632306082549107, 0.8237952906358265], "Sigma": [[0.012156155578784586, -0.002871754043942328, -0.003860887417315955], [-0.002871754043942327, 0.00653286199239369, -0.003854866477892712], [-0.0038608874173159564, -0.0038548664778927126, 0.10507931439693552]], "chi2_level": 0.99, "chi2_df": 3, "chi2_threshold": 11.344866730144373, "N_raw": 74, "N_roi": 74, "N_inlier": 70, "refit": true}
{"timestamp": "12:44:59.608475", "frame": 65, "mu": [0.9460352911359661, 1.9295286201759208, 0.7584803583383789], "Sigma": [[0.01695065968496755, 0.0015096502997835846, 0.03246835446186859], [0.0015096502997835846, 0.00450656707395161, 0.005755434746415607], [0.03246835446186859, 0.0057554347464156075, 0.25802080184709913]], "chi2_level": 0.99, "chi2_df": 3, "chi2_threshold": 11.344866730144373, "N_raw": 74, "N_roi": 71, "N_inlier": 68, "refit": true}
{"timestamp": "12:44:59.664321", "frame": 66, "mu": [0.935415127234647, 1.8763158473863175, 0.9622302788193116], "Sigma": [[0.013916197141819643, -0.003370444004808753, 0.003124363801787004], [-0.003370444004808753, 0.003405877655967613, -0.007464721018428723], [0.0031243638017870038, -0.007464721018428723, 0.07991057350974219]], "chi2_level": 0.99, "chi2_df": 3, "chi2_threshold": 11.344866730144373, "N_raw": 72, "N_roi": 72, "N_inlier": 67, "refit": true}
{"timestamp": "12:44:59.718153", "frame": 67, "mu": [0.772094512823645, 2.174394063565688, -0.34745029059949756], "Sigma": [[0.009326436158390109, -0.00862330480136437, 0.005293117944216257], [-0.008623304801364369, 0.03993254542867225, -0.04344614386109269], [0.005293117944216257, -0.043446143861092676, 0.09375102122838144]], "chi2_level": 0.99, "chi2_df": 3, "chi2_threshold": 11.344866730144373, "N_raw": 77, "N_roi": 77, "N_inlier": 72, "refit": true}
{"timestamp": "12:44:59.768275", "frame": 68, "mu": [0.6818387274420965, 1.8981878188386967, 1.0484693548912039], "Sigma": [[0.005819312200206302, -0.0023701621093071184, 0.002631136269255736], [-0.002370162109307119, 0.005436510608245077, -0.003068514203355779], [0.002631136269255736, -0.003068514203355779, 0.004027242205680342]], "chi2_level": 0.99, "chi2_df": 3, "chi2_threshold": 11.344866730144373, "N_raw": 45, "N_roi": 43, "N_inlier": 40, "refit": true}
{"timestamp": "12:44:59.821222", "frame": 69, "mu": [0.683421076674663, 1.9108954888497063, 0.9432568655932629], "Sigma": [[0.0128776145151681, -0.001646826963380332, -0.01849245144320165], [-0.0016468269633803318, 0.0008494445133992587, 0.001675333068028848], [-0.018492451443201646, 0.0016753330680288475, 0.13767237812541672]], "chi2_level": 0.99, "chi2_df": 3, "chi2_threshold": 11.344866730144373, "N_raw": 31, "N_roi": 31, "N_inlier": 29, "refit": true}
{"timestamp": "12:44:59.877688", "frame": 70, "mu": [0.6743247826687007, 1.8827773624874964, 0.9391842040469656], "Sigma": [[0.008038779737613468, -0.002485124856850524, -0.024503438758218227], [-0.002485124856850524, 0.0042780763068919645, 0.013816240832426947], [-0.024503438758218227, 0.013816240832426947, 0.18158250469722814]], "chi2_level": 0.99, "chi2_df": 3, "chi2_threshold": 11.344866730144373, "N_raw": 35, "N_roi": 35, "N_inlier": 34, "refit": true}
{"timestamp": "12:44:59.935777", "frame": 71, "mu": [0.6056767768378033, 1.9760948980354809, 1.0060981315150292], "Sigma": [[0.013886617652820845, -0.005078984184323951, -0.050744145914374233], [-0.005078984184323951, 0.007564345658500023, 0.02074205979964541], [-0.050744145914374233, 0.020742059799645413, 0.34530264173674113]], "chi2_level": 0.99, "chi2_df": 3, "chi2_threshold": 11.344866730144373, "N_raw": 65, "N_roi": 65, "N_inlier": 64, "refit": true}
{"timestamp": "12:44:59.993627", "frame": 72, "mu": [0.4990517415236548, 1.9744755019913962, 1.1029475143425074], "Sigma": [[0.013059715734895191, -0.0054669193852874285, -0.030051719734884456], [-0.005466919385287429, 0.005950460327115819, 0.009882940991290466], [-0.030051719734884456, 0.009882940991290466, 0.18979112684183144]], "chi2_level": 0.99, "chi2_df": 3, "chi2_threshold": 11.344866730144373, "N_raw": 75, "N_roi": 75, "N_inlier": 73, "refit": true}
{"timestamp": "12:45:00.043624", "frame": 73, "mu": [0.5118880606612344, 1.9542471290879915, 1.0141644752351897], "Sigma": [[0.004140664596495879, -0.002039679387229193, 0.004091430007567422], [-0.002039679387229193, 0.006553376176379722, -0.012786804479659093], [0.004091430007567422, -0.012786804479659089, 0.2996556345283638]], "chi2_level": 0.99, "chi2_df": 3, "chi2_threshold": 11.344866730144373, "N_raw": 43, "N_roi": 43, "N_inlier": 42, "refit": true}
{"timestamp": "12:45:00.092784", "frame": 74, "mu": [0.322870507435622, 1.9702327781759497, 0.6182928499578868], "Sigma": [[0.01863216995799129, -0.009011007281653926, -0.029892173121397383], [-0.009011007281653926, 0.007808803498710099, -0.01846169050028039], [-0.02989217312139738, -0.01846169050028039, 0.4523541063341709]], "chi2_level": 0.99, "chi2_df": 3, "chi2_threshold": 11.344866730144373, "N_raw": 9, "N_roi": 9, "N_inlier": 9, "refit": true}
{"timestamp": "12:45:00.148777", "frame": 75, "mu": [0.34855017406172756, 1.9557100950621105, 0.5872918388357901], "Sigma": [[0.01228143710168073, -0.005332898953905213, -0.03123945147538886], [-0.005332898953905213, 0.007270599317249221, -0.015983572038825767], [-0.03123945147538886, -0.01598357203882577, 0.38760873900415943]], "chi2_level": 0.99, "chi2_df": 3, "chi2_threshold": 11.344866730144373, "N_raw": 11, "N_roi": 11, "N_inlier": 10, "refit": true}
{"timestamp": "12:45:00.206964", "frame": 76, "mu": [0.2875818081322182, 2.0753005294681532, 1.265274424281926], "Sigma": [[0.005364498916960388, 0.0011759175002088256, 0.003943242194008209], [0.0011759175002088258, 0.002306773921247665, 0.008011954270586185], [0.003943242194008209, 0.008011954270586184, 0.12945480821865638]], "chi2_level": 0.99, "chi2_df": 3, "chi2_threshold": 11.344866730144373, "N_raw": 39, "N_roi": 37, "N_inlier": 35, "refit": true}
{"timestamp": "12:45:00.261973", "frame": 77, "mu": [0.3304694860804892, 1.971860757373389, 1.004695573202105], "Sigma": [[0.0029642697418115114, -0.0027978360049382913, -0.0008793439989472676], [-0.002797836004938291, 0.0070894773459972945, -0.011380242914708148], [-0.0008793439989472681, -0.011380242914708148, 0.20332836141930868]], "chi2_level": 0.99, "chi2_df": 3, "chi2_threshold": 11.344866730144373, "N_raw": 34, "N_roi": 34, "N_inlier": 33, "refit": true}
{"timestamp": "12:45:00.314411", "frame": 78, "mu": [0.18549526105038155, 2.0472967566494433, 0.5666639367902492], "Sigma": [[0.0045174045632493465, -0.0024399532493934732, 0.0015132137545468228], [-0.0024399532493934732, 0.005565810910922982, 0.014135579952892247], [0.0015132137545468228, 0.014135579952892247, 0.4451468462899343]], "chi2_level": 0.99, "chi2_df": 3, "chi2_threshold": 11.344866730144373, "N_raw": 12, "N_roi": 11, "N_inlier": 11, "refit": true}
{"timestamp": "12:45:00.375710", "frame": 79, "mu": [0.03118128578415968, 2.1242323828011767, 1.2950159934190835], "Sigma": [[0.00841879650394682, -0.0018014612831521734, -0.006286355516895484], [-0.0018014612831521734, 0.004051942603157821, -0.0012498056353559576], [-0.006286355516895483, -0.0012498056353559576, 0.0082970788933672]], "chi2_level": 0.99, "chi2_df": 3, "chi2_threshold": 11.344866730144373, "N_raw": 63, "N_roi": 63, "N_inlier": 59, "refit": true}
{"timestamp": "12:45:00.423114", "frame": 80, "mu": [0.1456280329060484, 2.058766568030982, 0.7424482968719655], "Sigma": [[0.004484021056446655, -0.0013978216224772048, -0.0196765492356134], [-0.0013978216224772048, 0.011285467947961312, -0.004000771817816721], [-0.0196765492356134, -0.004000771817816721, 0.47392582476414213]], "chi2_level": 0.99, "chi2_df": 3, "chi2_threshold": 11.344866730144373, "N_raw": 11, "N_roi": 11, "N_inlier": 11, "refit": true}
{"timestamp": "12:45:00.480693", "frame": 81, "mu": [0.06710684867767004, 2.078876895455872, 1.365124329701921], "Sigma": [[0.004853102688262206, -0.0025181817758753557, -0.0016617093296208405], [-0.0025181817758753557, 0.002644214479550081, -3.6536638046415443e-06], [-0.0016617093296208405, -3.6536638046415714e-06, 0.0017525822463880403]], "chi2_level": 0.99, "chi2_df": 3, "chi2_threshold": 11.344866730144373, "N_raw": 28, "N_roi": 26, "N_inlier": 23, "refit": true}
{"timestamp": "12:45:00.537026", "frame": 82, "mu": [0.04042929313188319, 2.1275980893709985, 1.4113851518479046], "Sigma": [[0.004975697273243357, -0.0007020757232527297, -0.00417344211098218], [-0.0007020757232527298, 0.002748277688342612, -2.971417361304166e-05], [-0.004173442110982181, -2.971417361304162e-05, 0.010286802650731256]], "chi2_level": 0.99, "chi2_df": 3, "chi2_threshold": 11.344866730144373, "N_raw": 37, "N_roi": 37, "N_inlier": 34, "refit": true}
{"timestamp": "12:45:00.589322", "frame": 83, "mu": [0.09013489095734134, 1.9971878997304968, 0.734469715230583], "Sigma": [[0.009331784582875226, -0.004822243995516084, -0.02060276022461702], [-0.004822243995516084, 0.005302994442900474, 0.018398372227535313], [-0.020602760224617024, 0.01839837222753531, 0.16261362547538039]], "chi2_level": 0.99, "chi2_df": 3, "chi2_threshold": 11.344866730144373, "N_raw": 24, "N_roi": 24, "N_inlier": 23, "refit": true}
{"timestamp": "12:45:00.642720", "frame": 84, "mu": [-0.1359840037683589, 2.0539532565477803, 0.34324336112319104], "Sigma": [[0.009441811742871328, -0.005730613190366826, -0.07485794933636701], [-0.005730613190366826, 0.004117353324358613, 0.04390293656799913], [-0.07485794933636701, 0.04390293656799913, 0.6099790470711913]], "chi2_level": 0.99, "chi2_df": 3, "chi2_threshold": 11.344866730144373, "N_raw": 7, "N_roi": 7, "N_inlier": 7, "refit": true}
{"timestamp": "12:45:00.702621", "frame": 85, "mu": [-0.0725318580851915, 2.0607007959828154, 0.9399438450507456], "Sigma": [[0.010938794529327105, -0.008874981740522814, 0.033739298424580455], [-0.008874981740522812, 0.011537465843713584, -0.03343394847792068], [0.033739298424580455, -0.03343394847792068, 0.24945467112724334]], "chi2_level": 0.99, "chi2_df": 3, "chi2_threshold": 11.344866730144373, "N_raw": 43, "N_roi": 43, "N_inlier": 42, "refit": true}
{"timestamp": "12:45:00.758656", "frame": 86, "mu": [-0.19455623408397266, 2.1486817800682245, 0.7636640330232094], "Sigma": [[0.013833431197599987, -0.010053565703841782, 0.03812077053618463], [-0.010053565703841784, 0.01904639200404193, -0.01809306509378859], [0.03812077053618463, -0.018093065093788586, 0.33902512572849924]], "chi2_level": 0.99, "chi2_df": 3, "chi2_threshold": 11.344866730144373, "N_raw": 49, "N_roi": 49, "N_inlier": 49, "refit": true}
{"timestamp": "12:45:00.814169", "frame": 87, "mu": [-0.18813442831348412, 1.9589154869474663, 0.5014144439886405], "Sigma": [[0.018274167402541876, 0.005503082664216444, 0.08504874367194812], [0.005503082664216443, 0.008431959065567067, 0.05131895298978625], [0.08504874367194812, 0.05131895298978625, 0.6046538289895249]], "chi2_level": 0.99, "chi2_df": 3, "chi2_threshold": 11.344866730144373, "N_raw": 50, "N_roi": 45, "N_inlier": 45, "refit": true}
{"timestamp": "12:45:00.867687", "frame": 88, "mu": [-0.16373393594116956, 2.029600913358129, 1.1860359919311123], "Sigma": [[0.009349786269392734, -0.002687379431424688, 0.02124993960397884], [-0.002687379431424688, 0.005141608190502804, 0.004691897515866377], [0.021249939603978838, 0.004691897515866376, 0.20738903979217072]], "chi2_level": 0.99, "chi2_df": 3, "chi2_threshold": 11.344866730144373, "N_raw": 41, "N_roi": 38, "N_inlier": 37, "refit": true}
{"timestamp": "12:45:00.923785", "frame": 89, "mu": [-0.24251577881634118, 2.1353641045369036, -0.10070951589999926], "Sigma": [[0.008379475700796874, -0.0018783469671366203, -0.010186710949467154], [-0.0018783469671366203, 0.003580851264027814, 0.0020047069729709926], [-0.010186710949467156, 0.0020047069729709926, 0.014982860976246593]], "chi2_level": 0.99, "chi2_df": 3, "chi2_threshold": 11.344866730144373, "N_raw": 49, "N_roi": 45, "N_inlier": 40, "refit": true}
{"timestamp": "12:45:00.985045", "frame": 90, "mu": [-0.2542613282371248, 2.0221460324382163, 1.1903149430943203], "Sigma": [[0.008269453938055399, -0.0009124438062172213, -0.006921117866775722], [-0.0009124438062172213, 0.0061324647030978315, -0.006249437580806457], [-0.0069211178667757224, -0.006249437580806457, 0.023242643585430392]], "chi2_level": 0.99, "chi2_df": 3, "chi2_threshold": 11.344866730144373, "N_raw": 87, "N_roi": 83, "N_inlier": 79, "refit": true}
{"timestamp": "12:45:01.041632", "frame": 91, "mu": [-0.2977533376266368, 1.9646571260878223, 1.1105500050064747], "Sigma": [[0.0074140027602743715, -0.002231905891208728, -0.002658597759883313], [-0.002231905891208728, 0.004024595456294591, -0.005073252338498841], [-0.002658597759883313, -0.005073252338498841, 0.02172605997869494]], "chi2_level": 0.99, "chi2_df": 3, "chi2_threshold": 11.344866730144373, "N_raw": 87, "N_roi": 85, "N_inlier": 80, "refit": true}
{"timestamp": "12:45:01.093218", "frame": 92, "mu": [-0.37816832027656566, 2.0425403759838656, -0.5661203174397159], "Sigma": [[0.007431484868861858, 0.0016992345544532951, 0.011198016223972306], [0.0016992345544532953, 0.014633497969412282, 0.008617102612749342], [0.011198016223972306, 0.008617102612749342, 0.042837161104869494]], "chi2_level": 0.99, "chi2_df": 3, "chi2_threshold": 11.344866730144373, "N_raw": 68, "N_roi": 68, "N_inlier": 63, "refit": true}
{"timestamp": "12:45:01.146995", "frame": 93, "mu": [-0.4533271916158841, 2.0951460974544265, -0.1644162045092768], "Sigma": [[0.008384566392331167, -0.002799170762869698, -0.007562056762358023], [-0.002799170762869698, 0.00793708698745394, 0.003566666151742458], [-0.007562056762358023, 0.003566666151742458, 0.00866201118136921]], "chi2_level": 0.99, "chi2_df": 3, "chi2_threshold": 11.344866730144373, "N_raw": 68, "N_roi": 68, "N_inlier": 67, "refit": true}
{"timestamp": "12:45:01.205887", "frame": 94, "mu": [-0.5272414068645916, 2.0579861607066094, 1.2070862283190444], "Sigma": [[0.022620372518769527, 0.0036177466346476303, -0.05619982667816724], [0.0036177466346476303, 0.004729887738939902, -0.018470908920931867], [-0.05619982667816724, -0.018470908920931863, 0.21542480642308615]], "chi2_level": 0.99, "chi2_df": 3, "chi2_threshold": 11.344866730144373, "N_raw": 91, "N_roi": 89, "N_inlier": 88, "refit": true}
{"timestamp": "12:45:01.256927", "frame": 95, "mu": [-0.6306987743742689, 2.0200666132979808, 1.4548736626444347], "Sigma": [[0.01252673179274713, -0.004672409870536242, -0.010627825159006645], [-0.004672409870536241, 0.0064008276179379495, 0.004384885381669833], [-0.010627825159006645, 0.004384885381669832, 0.016164856702606888]], "chi2_level": 0.99, "chi2_df": 3, "chi2_threshold": 11.344866730144373, "N_raw": 64, "N_roi": 64, "N_inlier": 60, "refit": true}
{"timestamp": "12:45:01.317034", "frame": 96, "mu": [-0.6472956720342373, 2.073531608606039, -0.026024074927700685], "Sigma": [[0.015048229711513992, -0.004759105405106677, -0.016252340876741135], [-0.004759105405106677, 0.0049457211767850034, 0.005112890360643465], [-0.016252340876741135, 0.005112890360643465, 0.020370551568676457]], "chi2_level": 0.99, "chi2_df": 3, "chi2_threshold": 11.344866730144373, "N_raw": 63, "N_roi": 63, "N_inlier": 61, "refit": true}
{"timestamp": "12:45:01.371301", "frame": 97, "mu": [-0.6585680104985746, 2.028167393951869, 1.3415280365288638], "Sigma": [[0.009670293054993112, -0.002169948697612616, -0.01586346054107931], [-0.0021699486976126166, 0.009384608955435072, -0.0008052005703952814], [-0.01586346054107931, -0.0008052005703952818, 0.03475629006769859]], "chi2_level": 0.99, "chi2_df": 3, "chi2_threshold": 11.344866730144373, "N_raw": 88, "N_roi": 88, "N_inlier": 83, "refit": true}
{"timestamp": "12:45:01.424452", "frame": 98, "mu": [-0.7289335739772979, 2.0049899715274506, 1.427903179538258], "Sigma": [[0.010797772665605858, -0.005010587219659064, -0.013178695552730045], [-0.005010587219659064, 0.008823466178908099, 0.006049094324605725], [-0.013178695552730045, 0.006049094324605725, 0.018767615826436674]], "chi2_level": 0.99, "chi2_df": 3, "chi2_threshold": 11.344866730144373, "N_raw": 69, "N_roi": 68, "N_inlier": 63, "refit": true}
{"timestamp": "12:45:01.478287", "frame": 99, "mu": [-0.6973490516769287, 2.0209987005077616, 1.2064285947928608], "Sigma": [[0.009848282518336497, 2.562736568452223e-05, -0.018264256833181985], [2.5627365684522123e-05, 0.0059543351262734785, -0.0013675901402064499], [-0.018264256833181988, -0.0013675901402064499, 0.059101355228519156]], "chi2_level": 0.99, "chi2_df": 3, "chi2_threshold": 11.344866730144373, "N_raw": 80, "N_roi": 80, "N_inlier": 76, "refit": true}
{"timestamp": "12:45:01.601539", "frame": 100, "mu": [-0.7346556203376076, 2.008279598965462, 1.2358979356251174], "Sigma": [[0.00941421365813624, -0.004366913713306965, -0.011562011669697203], [-0.004366913713306965, 0.008501363060382957, 0.0012531952476225615], [-0.011562011669697203, 0.0012531952476225617, 0.025698546335056364]], "chi2_level": 0.99, "chi2_df": 3, "chi2_threshold": 11.344866730144373, "N_raw": 66, "N_roi": 66, "N_inlier": 62, "refit": true}
{"timestamp": "12:45:01.612004", "frame": 101, "mu": [-0.7762303916206584, 2.031048451735373, 1.2271706713689454], "Sigma": [[0.008517722136358605, -0.0003977665102131918, -0.01230783741896831], [-0.0003977665102131918, 0.009266221576968322, 0.0006799372483609475], [-0.012307837418968308, 0.0006799372483609477, 0.05142919157563361]], "chi2_level": 0.99, "chi2_df": 3, "chi2_threshold": 11.344866730144373, "N_raw": 82, "N_roi": 82, "N_inlier": 77, "refit": true}
{"timestamp": "12:45:01.644414", "frame": 102, "mu": [-0.8748141808283507, 1.998833126729629, 1.3208096883293603], "Sigma": [[0.011406137033286879, -0.005548440471688074, -0.013873634880101491], [-0.005548440471688073, 0.011550289537432059, 0.006814783045859167], [-0.013873634880101491, 0.006814783045859167, 0.019797225551431246]], "chi2_level": 0.99, "chi2_df": 3, "chi2_threshold": 11.344866730144373, "N_raw": 82, "N_roi": 82, "N_inlier": 78, "refit": true}
{"timestamp": "12:45:01.699891", "frame": 103, "mu": [-0.8864326225984087, 1.9903114198728922, 1.2262842948303199], "Sigma": [[0.00899045545847853, -0.0012832331654002635, -0.008898769729603219], [-0.0012832331654002637, 0.013476062615581779, 0.0013442413382491302], [-0.008898769729603219, 0.00134424133824913, 0.01240040699911473]], "chi2_level": 0.99, "chi2_df": 3, "chi2_threshold": 11.344866730144373, "N_raw": 89, "N_roi": 89, "N_inlier": 83, "refit": true}
{"timestamp": "12:45:01.750062", "frame": 104, "mu": [-0.9660708086589317, 2.0292131170267407, 1.114944264043643], "Sigma": [[0.03918834022298343, -0.009813120643653857, -0.11070793256811778], [-0.009813120643653857, 0.005551527700683912, 0.026374803085701205], [-0.1107079325681178, 0.0263748030857012, 0.3720233912502611]], "chi2_level": 0.99, "chi2_df": 3, "chi2_threshold": 11.344866730144373, "N_raw": 56, "N_roi": 56, "N_inlier": 53, "refit": true}
{"timestamp": "12:45:01.813751", "frame": 105, "mu": [-1.0375308107398282, 2.0634879420054766, 1.2967797959668188], "Sigma": [[0.018933691068381192, -0.00799338174228582, -0.03366344905579555], [-0.00799338174228582, 0.013846963897052365, 0.012241703342189141], [-0.03366344905579555, 0.012241703342189138, 0.10937424356755363]], "chi2_level": 0.99, "chi2_df": 3, "chi2_threshold": 11.344866730144373, "N_raw": 116, "N_roi": 116, "N_inlier": 110, "refit": true}
{"timestamp": "12:45:01.870484", "frame": 106, "mu": [-1.0566281733715788, 2.0094272015943595, 1.1662003473541547], "Sigma": [[0.021715239578289663, -0.006190199505316112, -0.04708474052925101], [-0.006190199505316112, 0.011793583459839772, 0.010721474356568724], [-0.04708474052925101, 0.010721474356568724, 0.20731712645029463]], "chi2_level": 0.99, "chi2_df": 3, "chi2_threshold": 11.344866730144373, "N_raw": 119, "N_roi": 119, "N_inlier": 118, "refit": true}
{"timestamp": "12:45:01.918318", "frame": 107, "mu": [-1.10974009670707, 2.098642092323895, -0.17060605009376872], "Sigma": [[0.02779049276009966, 0.0020082494817674707, -0.031197839320932348], [0.0020082494817674707, 0.009071990054064727, -0.024172474229298427], [-0.031197839320932348, -0.024172474229298427, 0.13163479237407275]], "chi2_level": 0.99, "chi2_df": 3, "chi2_threshold": 11.344866730144373, "N_raw": 76, "N_roi": 76, "N_inlier": 73, "refit": true}
{"timestamp": "12:45:01.964822", "frame": 108, "mu": [-1.1698741440623286, 2.0064035113832595, 0.6257180037989853], "Sigma": [[0.008271503480293171, -0.0019068675087302459, 0.006213604135034824], [-0.0019068675087302463, 0.0031212645269808634, 0.008410602957647045], [0.006213604135034824, 0.008410602957647043, 0.21734453494994313]], "chi2_level": 0.99, "chi2_df": 3, "chi2_threshold": 11.344866730144373, "N_raw": 23, "N_roi": 23, "N_inlier": 23, "refit": true}
{"timestamp": "12:45:02.027989", "frame": 109, "mu": [-1.2266309491494347, 2.1251715736656416, -0.08582019073624213], "Sigma": [[0.0246796628243933, -0.0005849376329575204, -0.013309182648080295], [-0.0005849376329575198, 0.00617603734671543, 0.006882804826673228], [-0.013309182648080295, 0.006882804826673228, 0.031180995791552323]], "chi2_level": 0.99, "chi2_df": 3, "chi2_threshold": 11.344866730144373, "N_raw": 79, "N_roi": 79, "N_inlier": 75, "refit": true}
{"timestamp": "12:45:02.076248", "frame": 110, "mu": [-1.1347097012510976, 1.9384134983668146, 1.1124312628954485], "Sigma": [[0.010384449396779802, -0.0046111972036638315, 0.004420976731915067], [-0.0046111972036638315, 0.006634969426206807, 0.003591342626619135], [0.004420976731915067, 0.003591342626619136, 0.09331551999404303]], "chi2_level": 0.99, "chi2_df": 3, "chi2_threshold": 11.344866730144373, "N_raw": 29, "N_roi": 29, "N_inlier": 27, "refit": true}
{"timestamp": "12:45:02.139464", "frame": 111, "mu": [-1.1719660850052462, 1.9766666897618999, 1.2047493974723884], "Sigma": [[0.017488113659230867, -0.0043782418589001695, -0.009547673617512745], [-0.0043782418589001695, 0.009962081108737593, -0.0001041848099367597], [-0.009547673617512745, -0.00010418480993675948, 0.007669683549045471]], "chi2_level": 0.99, "chi2_df": 3, "chi2_threshold": 11.344866730144373, "N_raw": 93, "N_roi": 93, "N_inlier": 90, "refit": true}
{"timestamp": "12:45:02.191459", "frame": 112, "mu": [-1.1715715098265451, 1.9358759967122667, 1.1859521655908414], "Sigma": [[0.00957726446093368, 0.0013966338550465596, -0.004072442842851222], [0.0013966338550465598, 0.0065000054160049905, -0.004089251058159732], [-0.004072442842851223, -0.004089251058159733, 0.004035801604924135]], "chi2_level": 0.99, "chi2_df": 3, "chi2_threshold": 11.344866730144373, "N_raw": 66, "N_roi": 66, "N_inlier": 64, "refit": true}
{"timestamp": "12:45:02.249718", "frame": 113, "mu": [-1.3280015137868342, 2.0184422129586257, 1.348764256767348], "Sigma": [[0.02011073643510057, -0.010065753596760742, -0.02218054089286193], [-0.01006575359676074, 0.01738895927899977, 0.014583416983491464], [-0.02218054089286193, 0.014583416983491464, 0.028385628916631964]], "chi2_level": 0.99, "chi2_df": 3, "chi2_threshold": 11.344866730144373, "N_raw": 88, "N_roi": 88, "N_inlier": 84, "refit": true}
{"timestamp": "12:45:02.301763", "frame": 114, "mu": [-1.4378591482639933, 1.9810098091380128, 1.412494680251967], "Sigma": [[0.01675024145427359, -0.005538380442411614, -0.021296201569973326], [-0.005538380442411614, 0.010039579617753537, 0.01045472145924908], [-0.021296201569973326, 0.01045472145924908, 0.030343625832958514]], "chi2_level": 0.99, "chi2_df": 3, "chi2_threshold": 11.344866730144373, "N_raw": 66, "N_roi": 66, "N_inlier": 60, "refit": true}
{"timestamp": "12:45:02.357248", "frame": 115, "mu": [-1.4633466217006974, 2.0377633048813295, 1.1812944700583956], "Sigma": [[0.01864107956901614, 0.004140704033467872, -0.044114175041638296], [0.004140704033467872, 0.01211625496760942, -0.01893383689776809], [-0.044114175041638296, -0.018933836897768095, 0.152085564699684]], "chi2_level": 0.99, "chi2_df": 3, "chi2_threshold": 11.344866730144373, "N_raw": 69, "N_roi": 69, "N_inlier": 69, "refit": true}
{"timestamp": "12:45:02.410788", "frame": 116, "mu": [-1.8102433765201318, 1.8570596687896515, 1.7374161371048653], "Sigma": [[0.050732018789303474, 0.0337936246988994, -0.04132710315540039], [0.0337936246988994, 0.0296918187596281, -0.02605570119477198], [-0.04132710315540039, -0.026055701194771984, 0.0372010278691526]], "chi2_level": 0.99, "chi2_df": 3, "chi2_threshold": 11.344866730144373, "N_raw": 59, "N_roi": 59, "N_inlier": 56, "refit": true}
{"timestamp": "12:45:02.462923", "frame": 117, "mu": [-1.5930125711192977, 1.8535382485677065, 1.2366201717295506], "Sigma": [[0.01015811774334108, 0.006307983208735531, -0.015041632709807948], [0.00630798320873553, 0.012859584109401563, -0.020061458808597936], [-0.015041632709807948, -0.020061458808597936, 0.047852223852223125]], "chi2_level": 0.99, "chi2_df": 3, "chi2_threshold": 11.344866730144373, "N_raw": 40, "N_roi": 40, "N_inlier": 37, "refit": true}
{"timestamp": "12:45:02.523705", "frame": 118, "mu": [-1.7206676844501756, 1.8898466161992156, 1.1607402697708777], "Sigma": [[0.03872527762012709, 0.03631968177030768, -0.08536736414617427], [0.036319681770307685, 0.04705076419405099, -0.09928941017184854], [-0.08536736414617427, -0.09928941017184853, 0.2538121684863178]], "chi2_level": 0.99, "chi2_df": 3, "chi2_threshold": 11.344866730144373, "N_raw": 86, "N_roi": 86, "N_inlier": 86, "refit": true}
{"timestamp": "12:45:02.581862", "frame": 119, "mu": [-1.885640639215419, 1.931657398560883, -0.0468982559050541], "Sigma": [[0.033590900526533046, 0.044428299938375465, -0.054157218709016366], [0.044428299938375465, 0.08423754390822916, -0.0949339247847681], [-0.054157218709016366, -0.0949339247847681, 0.16204701068936259]], "chi2_level": 0.99, "chi2_df": 3, "chi2_threshold": 11.344866730144373, "N_raw": 97, "N_roi": 97, "N_inlier": 97, "refit": true}
{"timestamp": "12:45:02.629504", "frame": 120, "mu": [-1.9061577758152217, 1.978188238086286, 1.111522199592875], "Sigma": [[0.03793868980586998, 0.035095767960063154, -0.07566766417276481], [0.03509576796006315, 0.04636509979734664, -0.10995712735644494], [-0.07566766417276481, -0.10995712735644492, 0.27645707532977976]], "chi2_level": 0.99, "chi2_df": 3, "chi2_threshold": 11.344866730144373, "N_raw": 15, "N_roi": 15, "N_inlier": 14, "refit": true}
{"timestamp": "12:45:02.683634", "frame": 121, "mu": [-2.109595977917952, 1.7044189085502117, 1.710027895082215], "Sigma": [[0.016631405029104544, 0.010009754930118585, -0.019285362861291247], [0.010009754930118585, 0.01969157365233102, -0.006337711128486781], [-0.019285362861291247, -0.006337711128486781, 0.03011481273441253]], "chi2_level": 0.99, "chi2_df": 3, "chi2_threshold": 11.344866730144373, "N_raw": 52, "N_roi": 52, "N_inlier": 51, "refit": true}
{"timestamp": "12:45:02.745528", "frame": 122, "mu": [-2.066120615149595, 1.7219051274865518, 1.5591905191574793], "Sigma": [[0.02442334300763492, 0.014892871777613961, -0.028277644204188483], [0.014892871777613961, 0.028670217585560803, -0.008398297677365277], [-0.028277644204188483, -0.008398297677365276, 0.039445323270743626]], "chi2_level": 0.99, "chi2_df": 3, "chi2_threshold": 11.344866730144373, "N_raw": 94, "N_roi": 94, "N_inlier": 92, "refit": true}
{"timestamp": "12:45:02.797838", "frame": 123, "mu": [-2.172436115728744, 1.7183638513728212, 0.11749864930537728], "Sigma": [[0.018999148105167032, 0.013942852650515897, -0.01778443378736594], [0.013942852650515897, 0.022545754561363523, -0.006526814801151011], [-0.01778443378736594, -0.006526814801151012, 0.02399980061775073]], "chi2_level": 0.99, "chi2_df": 3, "chi2_threshold": 11.344866730144373, "N_raw": 68, "N_roi": 68, "N_inlier": 67, "refit": true}
