{"timestamp": "12:53:47.004424", "frame": 2, "mu": [1.1399096350089675, 1.3702733988006515, 1.5534814116131992], "Sigma": [[0.005437584074696371, -0.0021096017571224125, -0.0014363670221141805], [-0.0021096017571224125, 0.004295809140675256, -0.00024594689459848793], [-0.0014363670221141805, -0.000245946894598488, 0.0008803157087278359]], "chi2_level": 0.99, "chi2_df": 3, "chi2_threshold": 11.344866730144373, "N_raw": 39, "N_roi": 39, "N_inlier": 38, "refit": true}
{"timestamp": "12:53:47.057086", "frame": 3, "mu": [1.2580279545821758, 1.4178787588191757, 1.219521516252494], "Sigma": [[0.009926639365001483, 0.001913757938603555, -0.024349821756833756], [0.0019137579386035543, 0.03725759503679849, 0.003559873697074274], [-0.024349821756833753, 0.003559873697074274, 0.10151464122628102]], "chi2_level": 0.99, "chi2_df": 3, "chi2_threshold": 11.344866730144373, "N_raw": 11, "N_roi": 11, "N_inlier": 11, "refit": true}
{"timestamp": "12:53:47.114440", "frame": 4, "mu": [1.205563662409272, 1.3274370471970012, 1.4423835654224124], "Sigma": [[0.004995170037051538, -0.002590655496635858, -0.0050024016058762034], [-0.0025906554966358577, 0.002366093386251874, 0.0017916771664466013], [-0.005002401605876203, 0.0017916771664466015, 0.006909392043929028]], "chi2_level": 0.99, "chi2_df": 3, "chi2_threshold": 11.344866730144373, "N_raw": 27, "N_roi": 27, "N_inlier": 24, "refit": true}
{"timestamp": "12:53:47.167011", "frame": 5, "mu": [1.2132303117830348, 1.3731721516490356, 1.329596629629102], "Sigma": [[0.007379598119520035, 0.0008516619914653851, -0.018265061911146536], [0.0008516619914653847, 0.0074015971418567306, -0.006394093693088212], [-0.018265061911146532, -0.006394093693088212, 0.05439034283202021]], "chi2_level": 0.99, "chi2_df": 3, "chi2_threshold": 11.344866730144373, "N_raw": 11, "N_roi": 11, "N_inlier": 10, "refit": true}
{"timestamp": "12:53:47.226063", "frame": 6, "mu": [1.2031721528191395, 1.3163580810626698, 1.460029968672047], "Sigma": [[0.006990692546015792, -0.0022255535281707453, -0.004473837459604052], [-0.0022255535281707453, 0.004621156740611628, 0.0015600311634923042], [-0.004473837459604053, 0.0015600311634923042, 0.004355382191543183]], "chi2_level": 0.99, "chi2_df": 3, "chi2_threshold": 11.344866730144373, "N_raw": 41, "N_roi": 41, "N_inlier": 39, "refit": true}
{"timestamp": "12:53:47.276815", "frame": 7, "mu": [1.1846142291257702, 1.317908881218396, 1.3540931926294557], "Sigma": [[0.00390911745744667, -0.0017662051552702345, -0.006517226596115661], [-0.0017662051552702345, 0.0032072299855398266, 0.004791424751706117], [-0.006517226596115661, 0.004791424751706117, 0.013563991355545051]], "chi2_level": 0.99, "chi2_df": 3, "chi2_threshold": 11.344866730144373, "N_raw": 10, "N_roi": 10, "N_inlier": 10, "refit": true}
{"timestamp": "12:53:47.335512", "frame": 8, "mu": [1.1731523617575532, 1.32027820034578, 1.4414590870420536], "Sigma": [[0.009565701476791085, -0.0049831848266467344, -0.01269857123632634], [-0.0049831848266467344, 0.004020312734796448, 0.005688877137232713], [-0.012698571236326341, 0.005688877137232713, 0.018617932832432613]], "chi2_level": 0.99, "chi2_df": 3, "chi2_threshold": 11.344866730144373, "N_raw": 39, "N_roi": 39, "N_inlier": 36, "refit": true}
{"timestamp": "12:53:47.393952", "frame": 9, "mu": [1.1416176539303329, 1.3977544713378842, -0.12128912757869023], "Sigma": [[0.007852357236551996, -0.0007569864355213752, -0.00421285607630088], [-0.0007569864355213751, 0.0056828119036516555, -6.717910220558506e-05], [-0.00421285607630088, -6.717910220558506e-05, 0.0028714192363102167]], "chi2_level": 0.99, "chi2_df": 3, "chi2_threshold": 11.344866730144373, "N_raw": 60, "N_roi": 60, "N_inlier": 57, "refit": true}
{"timestamp": "12:53:47.451686", "frame": 10, "mu": [1.179561548012277, 1.3495305063265473, 1.3793610518555794], "Sigma": [[0.017513315210796934, 0.002979814203053369, -0.03416687382100852], [0.0029798142030533696, 0.009209447045659293, -0.016114772102750727], [-0.03416687382100852, -0.016114772102750727, 0.09592377955821374]], "chi2_level": 0.99, "chi2_df": 3, "chi2_threshold": 11.344866730144373, "N_raw": 77, "N_roi": 77, "N_inlier": 76, "refit": true}
{"timestamp": "12:53:47.503321", "frame": 11, "mu": [1.1420460096314147, 1.3024653657661307, 1.4865453362464818], "Sigma": [[0.01124478818186382, 0.00055381067147314, -0.013953607748930556], [0.0005538106714731397, 0.0065769594837390205, -0.007058166605701392], [-0.013953607748930556, -0.007058166605701392, 0.030191789129268096]], "chi2_level": 0.99, "chi2_df": 3, "chi2_threshold": 11.344866730144373, "N_raw": 53, "N_roi": 53, "N_inlier": 49, "refit": true}
{"timestamp": "12:53:47.556434", "frame": 12, "mu": [1.1899046503991393, 1.2582765852982154, 1.411708371323671], "Sigma": [[0.011012116852654867, -0.003026517428838239, -0.01022148121033746], [-0.003026517428838239, 0.002611254036693177, 0.00185795991287014], [-0.010221481210337462, 0.00185795991287014, 0.011331098634524172]], "chi2_level": 0.99, "chi2_df": 3, "chi2_threshold": 11.344866730144373, "N_raw": 42, "N_roi": 42, "N_inlier": 40, "refit": true}
{"timestamp": "12:53:47.662695", "frame": 14, "mu": [1.11798734910348, 1.2840898914064567, 1.4716144615777982], "Sigma": [[0.00857933239082071, -0.0009669417164325138, -0.0037006253980348515], [-0.0009669417164325138, 0.0013674737653547057, 3.344656992807788e-05], [-0.0037006253980348515, 3.344656992807787e-05, 0.0022875550251871173]], "chi2_level": 0.99, "chi2_df": 3, "chi2_threshold": 11.344866730144373, "N_raw": 15, "N_roi": 15, "N_inlier": 13, "refit": true}
{"timestamp": "12:53:47.717062", "frame": 15, "mu": [1.2581289126763686, 1.1901136714737341, 1.0457294859882285], "Sigma": [[0.017719801294097712, -0.005313341444962481, -0.04800281701962181], [-0.005313341444962481, 0.0036830566237301774, 0.004444083131631533], [-0.04800281701962181, 0.004444083131631532, 0.2901784120415961]], "chi2_level": 0.99, "chi2_df": 3, "chi2_threshold": 11.344866730144373, "N_raw": 12, "N_roi": 12, "N_inlier": 11, "refit": true}
{"timestamp": "12:53:47.771376", "frame": 16, "mu": [1.1806274486543784, 1.2052208164067038, 1.0520037065578078], "Sigma": [[0.012713288747065203, -0.003174308881402325, -0.053924751349969866], [-0.003174308881402325, 0.0014229851528549172, 0.016450653412947384], [-0.053924751349969866, 0.016450653412947387, 0.3618781450160948]], "chi2_level": 0.99, "chi2_df": 3, "chi2_threshold": 11.344866730144373, "N_raw": 8, "N_roi": 8, "N_inlier": 8, "refit": true}
{"timestamp": "12:53:47.829650", "frame": 17, "mu": [1.2709588069352977, 1.1431443735444482, 0.9668148070480761], "Sigma": [[0.006744571200452863, -0.0029992433121629075, -0.013083283307901171], [-0.002999243312162908, 0.0036779270541008853, 0.008497692361135418], [-0.013083283307901171, 0.008497692361135418, 0.09095979284859529]], "chi2_level": 0.99, "chi2_df": 3, "chi2_threshold": 11.344866730144373, "N_raw": 29, "N_roi": 29, "N_inlier": 27, "refit": true}
{"timestamp": "12:53:47.883564", "frame": 18, "mu": [1.087702595873251, 1.2048975281052705, 1.215968150318698], "Sigma": [[0.019378160847665655, -0.010534601456503645, -0.03784655785834979], [-0.010534601456503645, 0.009309131622747959, 0.038050248372714625], [-0.03784655785834979, 0.038050248372714625, 0.3466744680564854]], "chi2_level": 0.99, "chi2_df": 3, "chi2_threshold": 11.344866730144373, "N_raw": 16, "N_roi": 16, "N_inlier": 16, "refit": true}
{"timestamp": "12:53:47.939543", "frame": 19, "mu": [1.2356782975211509, 1.439938590769051, -0.7633898127543078], "Sigma": [[0.010331722186722807, 0.0012459349127378375, -0.021330986566360274], [0.0012459349127378382, 0.009816448263137623, -0.014910338312386019], [-0.021330986566360274, -0.014910338312386019, 0.06742874157423179]], "chi2_level": 0.99, "chi2_df": 3, "chi2_threshold": 11.344866730144373, "N_raw": 32, "N_roi": 32, "N_inlier": 31, "refit": true}
{"timestamp": "12:53:47.992181", "frame": 20, "mu": [1.1637642725257789, 1.1681509344272383, 1.0074315237955107], "Sigma": [[0.014410754734443634, -0.0013728708812716373, -0.00404755988143051], [-0.0013728708812716373, 0.0012979685765743267, 0.006245556744255141], [-0.00404755988143051, 0.006245556744255141, 0.248875292248716]], "chi2_level": 0.99, "chi2_df": 3, "chi2_threshold": 11.344866730144373, "N_raw": 15, "N_roi": 15, "N_inlier": 14, "refit": true}
{"timestamp": "12:53:48.048571", "frame": 21, "mu": [1.0718009413367349, 1.3695291647579226, -0.5359784017201693], "Sigma": [[0.004183056986217399, -0.0009880778557753865, -0.0013502560900985772], [-0.0009880778557753865, 0.013283602782184007, -0.052550189517309845], [-0.001350256090098578, -0.052550189517309845, 0.23298881595193247]], "chi2_level": 0.99, "chi2_df": 3, "chi2_threshold": 11.344866730144373, "N_raw": 23, "N_roi": 23, "N_inlier": 23, "refit": true}
{"timestamp": "12:53:48.106589", "frame": 22, "mu": [0.9413482400551607, 1.2729245322508353, 1.471604132559272], "Sigma": [[0.004529244380691731, -0.0005849913258733127, -0.002757889976935751], [-0.0005849913258733125, 0.0037421533090269896, -0.0009578814643932728], [-0.002757889976935751, -0.0009578814643932728, 0.0027844717307362902]], "chi2_level": 0.99, "chi2_df": 3, "chi2_threshold": 11.344866730144373, "N_raw": 43, "N_roi": 43, "N_inlier": 42, "refit": true}
{"timestamp": "12:53:48.161764", "frame": 23, "mu": [0.9246433463930019, 1.2522303468473985, 1.4182827646160678], "Sigma": [[0.005267428028804072, -0.0022917956669404583, -0.004701456291125552], [-0.0022917956669404583, 0.0025486728024010606, 0.001924941843901724], [-0.004701456291125552, 0.001924941843901724, 0.09243833781947691]], "chi2_level": 0.99, "chi2_df": 3, "chi2_threshold": 11.344866730144373, "N_raw": 44, "N_roi": 44, "N_inlier": 41, "refit": true}
{"timestamp": "12:53:48.214821", "frame": 24, "mu": [0.9568322523938131, 1.2596897678202146, 1.3896918863909504], "Sigma": [[0.008763278213249228, -0.006061362880734648, -0.024363673842649564], [-0.006061362880734648, 0.00595536715072452, 0.021116407636465804], [-0.024363673842649564, 0.0211164076364658, 0.09805630509754745]], "chi2_level": 0.99, "chi2_df": 3, "chi2_threshold": 11.344866730144373, "N_raw": 24, "N_roi": 24, "N_inlier": 21, "refit": true}
{"timestamp": "12:53:48.268609", "frame": 25, "mu": [0.890987542788175, 1.4113038193145748, -0.17649947738158803], "Sigma": [[0.005275880771033435, -0.0013365517049160425, -0.005131587327650379], [-0.0013365517049160425, 0.0019486709639430964, 0.001325477344975248], [-0.005131587327650379, 0.001325477344975248, 0.0070578948702934245]], "chi2_level": 0.99, "chi2_df": 3, "chi2_threshold": 11.344866730144373, "N_raw": 28, "N_roi": 28, "N_inlier": 25, "refit": true}
{"timestamp": "12:53:48.379696", "frame": 27, "mu": [0.8242475564727413, 1.3156332252089808, 1.5109078634815774], "Sigma": [[0.003684013424139684, -0.0011942555068035548, -0.002577907043882574], [-0.0011942555068035548, 0.0031123244404688446, 0.00014411887190428309], [-0.0025779070438825737, 0.00014411887190428292, 0.002556948839993257]], "chi2_level": 0.99, "chi2_df": 3, "chi2_threshold": 11.344866730144373, "N_raw": 32, "N_roi": 32, "N_inlier": 31, "refit": true}
{"timestamp": "12:53:48.436442", "frame": 28, "mu": [0.8327561212333486, 1.3274093651707664, 1.5082649240809192], "Sigma": [[0.004305072542501241, -0.0008289046824539655, -0.001701171425342043], [-0.0008289046824539656, 0.002911417816903974, -0.000598737641551915], [-0.001701171425342043, -0.000598737641551915, 0.0011870150981088683]], "chi2_level": 0.99, "chi2_df": 3, "chi2_threshold": 11.344866730144373, "N_raw": 40, "N_roi": 40, "N_inlier": 37, "refit": true}
{"timestamp": "12:53:48.488630", "frame": 29, "mu": [0.802744245396046, 1.3127822213478788, 1.5275830315451049], "Sigma": [[0.003190375084462493, -0.0012342898203248692, -0.0013523106851876976], [-0.001234289820324869, 0.002424325782012355, 0.00045559895951534563], [-0.0013523106851876976, 0.00045559895951534563, 0.000695189574100445]], "chi2_level": 0.99, "chi2_df": 3, "chi2_threshold": 11.344866730144373, "N_raw": 26, "N_roi": 26, "N_inlier": 25, "refit": true}
{"timestamp": "12:53:48.552852", "frame": 30, "mu": [0.8278624270023697, 1.3328644495726936, 1.3669969937809863], "Sigma": [[0.006471237098450654, 0.001311069725584904, -0.009589049482385604], [0.001311069725584904, 0.008754731432773591, -0.011210145402738457], [-0.009589049482385604, -0.011210145402738457, 0.028979568113771684]], "chi2_level": 0.99, "chi2_df": 3, "chi2_threshold": 11.344866730144373, "N_raw": 82, "N_roi": 82, "N_inlier": 82, "refit": true}
{"timestamp": "12:53:48.604443", "frame": 31, "mu": [0.8028946237353677, 1.2787182353566227, 1.4218354941713756], "Sigma": [[0.007708950973358195, -0.002725725125535525, -0.008924551097393499], [-0.002725725125535526, 0.004652653689669246, 0.0028553752465958994], [-0.008924551097393499, 0.0028553752465958994, 0.014360881470529477]], "chi2_level": 0.99, "chi2_df": 3, "chi2_threshold": 11.344866730144373, "N_raw": 61, "N_roi": 61, "N_inlier": 60, "refit": true}
{"timestamp": "12:53:48.661485", "frame": 32, "mu": [0.780500489910726, 1.3260023927839815, 1.238449886228248], "Sigma": [[0.0038911547506451285, -0.00268920051873948, -0.0002664407133678194], [-0.0026892005187394794, 0.019918679211590525, -0.03594148401482499], [-0.0002664407133678196, -0.03594148401482499, 0.08101054227517415]], "chi2_level": 0.99, "chi2_df": 3, "chi2_threshold": 11.344866730144373, "N_raw": 72, "N_roi": 71, "N_inlier": 68, "refit": true}
{"timestamp": "12:53:48.714548", "frame": 33, "mu": [0.7388798725031474, 1.373481360819593, 0.9860288908780833], "Sigma": [[0.0059635169435759685, -0.009866774665250625, -0.004685251719180985], [-0.009866774665250624, 0.03375486694373671, -0.02170446288220422], [-0.004685251719180984, -0.02170446288220422, 0.10383227215055674]], "chi2_level": 0.99, "chi2_df": 3, "chi2_threshold": 11.344866730144373, "N_raw": 56, "N_roi": 56, "N_inlier": 52, "refit": true}
{"timestamp": "12:53:48.773249", "frame": 34, "mu": [0.756105172385308, 1.2550962301961925, 1.4054905447924242], "Sigma": [[0.008878491231548434, -0.0037740725196830508, -0.009451500651043252], [-0.003774072519683051, 0.0062387073546579215, 0.0033837119387555834], [-0.009451500651043252, 0.003383711938755583, 0.012608859798005457]], "chi2_level": 0.99, "chi2_df": 3, "chi2_threshold": 11.344866730144373, "N_raw": 77, "N_roi": 77, "N_inlier": 72, "refit": true}
{"timestamp": "12:53:48.823380", "frame": 35, "mu": [0.6602283325812935, 1.2674172531562022, 1.4721957062178899], "Sigma": [[0.0049666571360793615, -0.0030470993874118523, -0.0046430043631878175], [-0.003047099387411852, 0.005653506337846805, 0.0027473261630305322], [-0.0046430043631878175, 0.0027473261630305322, 0.0065515009781324405]], "chi2_level": 0.99, "chi2_df": 3, "chi2_threshold": 11.344866730144373, "N_raw": 52, "N_roi": 52, "N_inlier": 48, "refit": true}
{"timestamp": "12:53:48.879332", "frame": 36, "mu": [0.6884435564966639, 1.1930153681020628, 1.2319143019121443], "Sigma": [[0.006487426790448011, -0.004955250266836878, -0.018701352227189064], [-0.004955250266836878, 0.007813995645765374, 0.021193906611288008], [-0.018701352227189064, 0.021193906611288008, 0.21243778021091805]], "chi2_level": 0.99, "chi2_df": 3, "chi2_threshold": 11.344866730144373, "N_raw": 55, "N_roi": 55, "N_inlier": 53, "refit": true}
{"timestamp": "12:53:48.934592", "frame": 37, "mu": [0.617630338733915, 1.288673859426949, 1.4254822892350676], "Sigma": [[0.004998542066270309, -0.0009935033013683534, -0.005022535477937414], [-0.0009935033013683534, 0.0028212130933062286, 0.00027623993181109926], [-0.005022535477937414, 0.00027623993181109894, 0.013760208540297664]], "chi2_level": 0.99, "chi2_df": 3, "chi2_threshold": 11.344866730144373, "N_raw": 61, "N_roi": 61, "N_inlier": 55, "refit": true}
{"timestamp": "12:53:48.992818", "frame": 38, "mu": [0.6189266522149748, 1.220237673527423, 1.326619205474591], "Sigma": [[0.007518980800050148, -0.002959646478862585, -0.013585171968881246], [-0.002959646478862585, 0.006240687690770487, 0.010149021641242213], [-0.013585171968881244, 0.010149021641242213, 0.0455175760795259]], "chi2_level": 0.99, "chi2_df": 3, "chi2_threshold": 11.344866730144373, "N_raw": 79, "N_roi": 79, "N_inlier": 73, "refit": true}
{"timestamp": "12:53:49.040334", "frame": 39, "mu": [0.5293337200373056, 1.1850417084348053, 1.3531626425996368], "Sigma": [[0.0024156159858279725, -0.0006546614617499203, -0.004341126864081306], [-0.0006546614617499202, 0.003504206796911073, -0.0010629825251203965], [-0.004341126864081306, -0.0010629825251203965, 0.011474802221763248]], "chi2_level": 0.99, "chi2_df": 3, "chi2_threshold": 11.344866730144373, "N_raw": 29, "N_roi": 29, "N_inlier": 27, "refit": true}
{"timestamp": "12:53:49.096427", "frame": 40, "mu": [0.45732295445477716, 1.209252237358473, -0.6684951913246957], "Sigma": [[0.008215042502311138, -0.007971951514401696, -0.027294208368175987], [-0.007971951514401698, 0.01681223047206066, 0.04914735427391982], [-0.027294208368175987, 0.04914735427391982, 0.2000405279622771]], "chi2_level": 0.99, "chi2_df": 3, "chi2_threshold": 11.344866730144373, "N_raw": 36, "N_roi": 36, "N_inlier": 33, "refit": true}
{"timestamp": "12:53:49.161818", "frame": 41, "mu": [0.44899278813271165, 1.2252742241422314, 1.3868497730394056], "Sigma": [[0.005389194142652023, -0.0011750691040756014, -0.003328303669194772], [-0.0011750691040756016, 0.00594156745257789, -0.002867324436677773], [-0.003328303669194772, -0.002867324436677773, 0.018132562486561282]], "chi2_level": 0.99, "chi2_df": 3, "chi2_threshold": 11.344866730144373, "N_raw": 107, "N_roi": 107, "N_inlier": 102, "refit": true}
{"timestamp": "12:53:49.211658", "frame": 42, "mu": [0.41766677087126247, 1.2684301404131446, -0.30181748587534407], "Sigma": [[0.005048020212893742, 0.0015204501331729581, 0.0024677756066575395], [0.0015204501331729584, 0.004341058568527607, 0.001148645495962208], [0.0024677756066575395, 0.001148645495962208, 0.023962284459040382]], "chi2_level": 0.99, "chi2_df": 3, "chi2_threshold": 11.344866730144373, "N_raw": 67, "N_roi": 67, "N_inlier": 64, "refit": true}
{"timestamp": "12:53:49.269396", "frame": 43, "mu": [0.3536173251426317, 1.1986656052399647, 1.2398888165265949], "Sigma": [[0.003373923154974808, -0.0018723858489275921, -0.0027235935558003483], [-0.0018723858489275921, 0.003810559767222504, 0.0022492913712622463], [-0.0027235935558003483, 0.0022492913712622463, 0.03350942643617067]], "chi2_level": 0.99, "chi2_df": 3, "chi2_threshold": 11.344866730144373, "N_raw": 84, "N_roi": 84, "N_inlier": 79, "refit": true}
{"timestamp": "12:53:49.320339", "frame": 44, "mu": [0.3427610936755091, 1.1970267570764679, 1.1816635608020951], "Sigma": [[0.004163998633761592, -0.0005387747909837106, -0.0069257094254857494], [-0.0005387747909837106, 0.004915770098888467, 0.014610501963128316], [-0.0069257094254857494, 0.014610501963128315, 0.385896898822365]], "chi2_level": 0.99, "chi2_df": 3, "chi2_threshold": 11.344866730144373, "N_raw": 65, "N_roi": 65, "N_inlier": 65, "refit": true}
{"timestamp": "12:53:49.429806", "frame": 46, "mu": [0.2683577711239859, 1.1738665438667557, -0.7429155149835112], "Sigma": [[0.005346667666866543, 0.0017593651228415658, -0.0041519030539136585], [0.001759365122841566, 0.005230955651208185, 0.010340003464039512], [-0.004151903053913658, 0.010340003464039512, 0.13793241487402677]], "chi2_level": 0.99, "chi2_df": 3, "chi2_threshold": 11.344866730144373, "N_raw": 67, "N_roi": 67, "N_inlier": 65, "refit": true}
{"timestamp": "12:53:49.486377", "frame": 47, "mu": [0.2033000226467625, 1.2697613742108436, 1.4729724205157748], "Sigma": [[0.0040179074446584405, 0.0004548819132505818, -0.004497443429487619], [0.0004548819132505818, 0.0021535370514104398, -0.004140940435623597], [-0.004497443429487619, -0.004140940435623597, 0.012433594149089138]], "chi2_level": 0.99, "chi2_df": 3, "chi2_threshold": 11.344866730144373, "N_raw": 72, "N_roi": 72, "N_inlier": 67, "refit": true}
{"timestamp": "12:53:49.532340", "frame": 48, "mu": [0.0473696278416734, 1.259980496322007, 0.7823813195834549], "Sigma": [[0.0012411826993479068, -0.0004657888677458605, 0.01656734220235332], [-0.00046578886774586054, 0.004638636468588605, 0.013303301950861757], [0.01656734220235332, 0.013303301950861757, 0.6367825709228749]], "chi2_level": 0.99, "chi2_df": 3, "chi2_threshold": 11.344866730144373, "N_raw": 9, "N_roi": 9, "N_inlier": 9, "refit": true}
{"timestamp": "12:53:49.593453", "frame": 49, "mu": [0.057147350773517125, 1.2627741767109921, 1.5123225472804325], "Sigma": [[0.0026241085797489515, -0.0006961736379524379, -0.0023110126767961815], [-0.0006961736379524379, 0.0027539625933154345, -0.002498520538917552], [-0.0023110126767961815, -0.002498520538917552, 0.007351517041621228]], "chi2_level": 0.99, "chi2_df": 3, "chi2_threshold": 11.344866730144373, "N_raw": 57, "N_roi": 57, "N_inlier": 54, "refit": true}
{"timestamp": "12:53:49.654119", "frame": 50, "mu": [0.02462451345107693, 1.2542555107784898, 1.3972291710471665], "Sigma": [[0.008198726315395201, 0.002821445795285731, 0.00447542424726362], [0.002821445795285731, 0.007539750378111362, 0.009988956985305227], [0.004475424247263618, 0.009988956985305225, 0.04236546567492164]], "chi2_level": 0.99, "chi2_df": 3, "chi2_threshold": 11.344866730144373, "N_raw": 91, "N_roi": 91, "N_inlier": 86, "refit": true}
{"timestamp": "12:53:49.706603", "frame": 51, "mu": [-0.05778806523919307, 1.201589407231712, 1.2299955999366592], "Sigma": [[0.012006261466416285, 0.011371817307649404, 0.02850438218195694], [0.011371817307649404, 0.01848770989671849, 0.04091234413195487], [0.028504382181956944, 0.04091234413195487, 0.11116513296705424]], "chi2_level": 0.99, "chi2_df": 3, "chi2_threshold": 11.344866730144373, "N_raw": 73, "N_roi": 73, "N_inlier": 69, "refit": true}
{"timestamp": "12:53:49.758439", "frame": 52, "mu": [-0.040027556337341036, 1.3217022282916775, -0.4059955952345653], "Sigma": [[0.00359963773927736, -0.000551577728840342, 0.002864153524558813], [-0.0005515777288403421, 0.003067026702625552, 0.0012380509053036442], [0.0028641535245588125, 0.0012380509053036438, 0.01372208365151383]], "chi2_level": 0.99, "chi2_df": 3, "chi2_threshold": 11.344866730144373, "N_raw": 49, "N_roi": 49, "N_inlier": 44, "refit": true}
{"timestamp": "12:53:49.815009", "frame": 53, "mu": [-0.11615734035025747, 1.2904634019213375, 1.5377583251154858], "Sigma": [[0.004835702709065269, -0.003417654690894544, -0.003804889607397343], [-0.003417654690894544, 0.006344923137163766, 0.001961125443825873], [-0.003804889607397343, 0.001961125443825873, 0.008458039713526568]], "chi2_level": 0.99, "chi2_df": 3, "chi2_threshold": 11.344866730144373, "N_raw": 69, "N_roi": 69, "N_inlier": 65, "refit": true}
{"timestamp": "12:53:49.869814", "frame": 54, "mu": [-0.14700570054097623, 1.323347846334261, 1.5133703914231404], "Sigma": [[0.003948225300017306, 6.214049672618792e-05, -0.0019401779629006177], [6.214049672618809e-05, 0.0038756346412723024, -0.0029555559214940593], [-0.0019401779629006177, -0.0029555559214940593, 0.0033536372797921712]], "chi2_level": 0.99, "chi2_df": 3, "chi2_threshold": 11.344866730144373, "N_raw": 63, "N_roi": 63, "N_inlier": 59, "refit": true}
{"timestamp": "12:53:49.922861", "frame": 55, "mu": [-0.17227354588717375, 1.2918192901104446, 1.5201671547114377], "Sigma": [[0.0038954398429056417, -0.0015018504627425883, -0.002380327292212526], [-0.0015018504627425885, 0.0027126809039485526, -0.00046822725909476554], [-0.002380327292212526, -0.00046822725909476554, 0.002724486490833785]], "chi2_level": 0.99, "chi2_df": 3, "chi2_threshold": 11.344866730144373, "N_raw": 48, "N_roi": 45, "N_inlier": 43, "refit": true}
{"timestamp": "12:53:49.977966", "frame": 56, "mu": [-0.19597142840452522, 1.2578045385248147, 1.3577446600421055], "Sigma": [[0.0037761736821438916, -0.0024204451920461626, -0.01093239736792406], [-0.002420445192046162, 0.0071068807569056045, 0.011806558545334486], [-0.01093239736792406, 0.011806558545334486, 0.05153126244487237]], "chi2_level": 0.99, "chi2_df": 3, "chi2_threshold": 11.344866730144373, "N_raw": 52, "N_roi": 51, "N_inlier": 50, "refit": true}
{"timestamp": "12:53:50.031402", "frame": 57, "mu": [-0.18962102073133227, 1.2575868546215454, -0.4395575792749708], "Sigma": [[0.0023327026609967854, 0.00244797104051705, 0.001718280761223503], [0.002447971040517051, 0.00962783055775651, 0.0020808262988470357], [0.0017182807612235028, 0.002080826298847036, 0.023260437919391606]], "chi2_level": 0.99, "chi2_df": 3, "chi2_threshold": 11.344866730144373, "N_raw": 41, "N_roi": 41, "N_inlier": 39, "refit": true}
{"timestamp": "12:53:50.093162", "frame": 58, "mu": [-0.25288890099073225, 1.2301067342676384, 1.425956296522556], "Sigma": [[0.007202187086358048, -0.006255085104713415, -0.006395328587947422], [-0.0062550851047134155, 0.010422324519576066, 0.0040106373785362675], [-0.006395328587947422, 0.0040106373785362675, 0.008108382006570313]], "chi2_level": 0.99, "chi2_df": 3, "chi2_threshold": 11.344866730144373, "N_raw": 91, "N_roi": 91, "N_inlier": 88, "refit": true}
{"timestamp": "12:53:50.149813", "frame": 59, "mu": [-0.23690783096236506, 1.1628865020725165, 1.2970772011308447], "Sigma": [[0.006136990305443077, -0.004676541006719437, -0.00538221440448541], [-0.004676541006719437, 0.009347859823820517, 0.008161220152378456], [-0.005382214404485412, 0.008161220152378454, 0.03482414379194704]], "chi2_level": 0.99, "chi2_df": 3, "chi2_threshold": 11.344866730144373, "N_raw": 90, "N_roi": 90, "N_inlier": 86, "refit": true}
{"timestamp": "12:53:50.204009", "frame": 60, "mu": [-0.3242932084552079, 1.2083855049050654, 1.3536578945632551], "Sigma": [[0.005317064829175779, -0.004288306804713271, -0.004489777083886384], [-0.004288306804713271, 0.007966987605965618, 0.006534596078849723], [-0.0044897770838863834, 0.006534596078849724, 0.032298552522856315]], "chi2_level": 0.99, "chi2_df": 3, "chi2_threshold": 11.344866730144373, "N_raw": 86, "N_roi": 86, "N_inlier": 84, "refit": true}
{"timestamp": "12:53:50.250767", "frame": 61, "mu": [-0.26548950028991913, 1.116175059424561, 1.224391962541045], "Sigma": [[0.0030966368749720777, -0.0024623592605651223, -0.0012008741041774043], [-0.0024623592605651228, 0.007294877140022725, 8.001261223222202e-05], [-0.0012008741041774048, 8.001261223222202e-05, 0.004368119229808189]], "chi2_level": 0.99, "chi2_df": 3, "chi2_threshold": 11.344866730144373, "N_raw": 31, "N_roi": 31, "N_inlier": 30, "refit": true}
{"timestamp": "12:53:50.313831", "frame": 62, "mu": [-0.4203203335527436, 1.2424786367404876, -0.6210545391848411], "Sigma": [[0.006631602081175472, -0.0015667942155657916, 0.003475244119918191], [-0.0015667942155657916, 0.016340735834340342, 0.0017334215666818657], [0.0034752441199181906, 0.0017334215666818648, 0.023204095055561334]], "chi2_level": 0.99, "chi2_df": 3, "chi2_threshold": 11.344866730144373, "N_raw": 95, "N_roi": 95, "N_inlier": 95, "refit": true}
{"timestamp": "12:53:50.366452", "frame": 63, "mu": [-0.4407442540016244, 1.1504800066930498, 1.3867335270562031], "Sigma": [[0.005482208931625967, -0.005289343660425046, -0.0071590139065839525], [-0.005289343660425046, 0.011974829670863248, 0.007160794287862867], [-0.007159013906583953, 0.007160794287862867, 0.011236954777816435]], "chi2_level": 0.99, "chi2_df": 3, "chi2_threshold": 11.344866730144373, "N_raw": 72, "N_roi": 72, "N_inlier": 69, "refit": true}
{"timestamp": "12:53:50.420439", "frame": 64, "mu": [-0.5052362655416096, 1.15504109651385, 1.3163843307137524], "Sigma": [[0.005433926303465063, -0.005950757503593431, -0.004568676027026803], [-0.005950757503593431, 0.011874429924688255, 0.004382698947982986], [-0.004568676027026803, 0.004382698947982986, 0.006679849094981102]], "chi2_level": 0.99, "chi2_df": 3, "chi2_threshold": 11.344866730144373, "N_raw": 68, "N_roi": 68, "N_inlier": 65, "refit": true}
{"timestamp": "12:53:50.472284", "frame": 65, "mu": [-0.5494994171437986, 1.0804576870395375, 1.3062089105943175], "Sigma": [[0.0033906793857227174, -0.0024307655313701333, -0.003750860850687344], [-0.0024307655313701325, 0.006555432062965649, 0.0028786668888180164], [-0.003750860850687344, 0.002878666888818017, 0.004966786802755286]], "chi2_level": 0.99, "chi2_df": 3, "chi2_threshold": 11.344866730144373, "N_raw": 46, "N_roi": 46, "N_inlier": 44, "refit": true}
{"timestamp": "12:53:50.530209", "frame": 66, "mu": [-0.6407890117153462, 1.2770173171298735, 1.4456161759817998], "Sigma": [[0.005038430558651371, -0.000668391730691305, -0.0020267299845930513], [-0.000668391730691305, 0.0018564886385163293, -0.0030384628672059776], [-0.002026729984593051, -0.0030384628672059776, 0.012990292462711146]], "chi2_level": 0.99, "chi2_df": 3, "chi2_threshold": 11.344866730144373, "N_raw": 69, "N_roi": 67, "N_inlier": 64, "refit": true}
{"timestamp": "12:53:50.588761", "frame": 67, "mu": [-0.7151898403459799, 1.203084705332112, 1.4531313497252565], "Sigma": [[0.006776901460077293, -0.0015715663312093338, -0.010081935368422244], [-0.0015715663312093338, 0.008588428212988723, -0.00045647926591784295], [-0.010081935368422244, -0.00045647926591784317, 0.0460042308469909]], "chi2_level": 0.99, "chi2_df": 3, "chi2_threshold": 11.344866730144373, "N_raw": 88, "N_roi": 88, "N_inlier": 83, "refit": true}
{"timestamp": "12:53:50.652480", "frame": 68, "mu": [-0.7135441284057517, 1.1971702092776706, 1.160606019209897], "Sigma": [[0.020508873485389406, 0.005853908667986203, -0.05357185170090182], [0.005853908667986203, 0.011526916803357889, -0.009854675747827522], [-0.05357185170090182, -0.009854675747827522, 0.2909898294081651]], "chi2_level": 0.99, "chi2_df": 3, "chi2_threshold": 11.344866730144373, "N_raw": 150, "N_roi": 150, "N_inlier": 142, "refit": true}
{"timestamp": "12:53:50.694978", "frame": 69, "mu": [-0.7876595687744539, 1.21504995628442, 1.4432420248878026], "Sigma": [[0.00880718230134179, 0.0012535872520408227, -0.02715883329833659], [0.0012535872520408227, 0.0034430289227012512, -0.006590186392151958], [-0.02715883329833659, -0.006590186392151959, 0.14737395236912343]], "chi2_level": 0.99, "chi2_df": 3, "chi2_threshold": 11.344866730144373, "N_raw": 56, "N_roi": 56, "N_inlier": 53, "refit": true}
{"timestamp": "12:53:50.757136", "frame": 70, "mu": [-0.8712677254446897, 1.1051600110695694, 1.4457370518566452], "Sigma": [[0.0448015937610893, 0.017528710082188162, -0.04782350749826625], [0.017528710082188162, 0.01506560090927823, -0.01917568169214577], [-0.04782350749826625, -0.01917568169214577, 0.06609283304004043]], "chi2_level": 0.99, "chi2_df": 3, "chi2_threshold": 11.344866730144373, "N_raw": 111, "N_roi": 111, "N_inlier": 108, "refit": true}
{"timestamp": "12:53:50.805595", "frame": 71, "mu": [-0.8477549546518599, 1.1602814567585342, 1.4272690169732343], "Sigma": [[0.004837369686633782, -0.0006823649756877816, -0.005294911819810826], [-0.0006823649756877817, 0.005104974627767086, -0.0009104964604618463], [-0.005294911819810826, -0.0009104964604618463, 0.018030943257337034]], "chi2_level": 0.99, "chi2_df": 3, "chi2_threshold": 11.344866730144373, "N_raw": 61, "N_roi": 61, "N_inlier": 58, "refit": true}
{"timestamp": "12:53:50.860084", "frame": 72, "mu": [-0.8283972586588301, 1.1496551964024964, 1.354679477189698], "Sigma": [[0.006363983042487997, -0.000373107496342757, -0.013720193626482285], [-0.00037310749634275695, 0.006965097016421408, 0.0027515064578619605], [-0.013720193626482285, 0.0027515064578619605, 0.04711266693312674]], "chi2_level": 0.99, "chi2_df": 3, "chi2_threshold": 11.344866730144373, "N_raw": 72, "N_roi": 72, "N_inlier": 66, "refit": true}
{"timestamp": "12:53:50.915190", "frame": 73, "mu": [-0.9958315066374951, 1.1755047974827988, 1.6369516522035303], "Sigma": [[0.033288366007823325, 0.018286654885867604, -0.021193436564037424], [0.018286654885867604, 0.014177674610911914, -0.014167574464869964], [-0.021193436564037424, -0.014167574464869964, 0.018084636071639695]], "chi2_level": 0.99, "chi2_df": 3, "chi2_threshold": 11.344866730144373, "N_raw": 59, "N_roi": 59, "N_inlier": 57, "refit": true}
{"timestamp": "12:53:50.971194", "frame": 74, "mu": [-1.0831266423932064, 1.0895721652381813, 1.5469284655242572], "Sigma": [[0.047893684342425843, 0.024946429944439793, -0.023814767232487596], [0.024946429944439793, 0.017511870461355834, -0.015241428325131944], [-0.023814767232487596, -0.015241428325131944, 0.018636272086812948]], "chi2_level": 0.99, "chi2_df": 3, "chi2_threshold": 11.344866730144373, "N_raw": 74, "N_roi": 74, "N_inlier": 69, "refit": true}
{"timestamp": "12:53:51.028991", "frame": 75, "mu": [-1.082873657193594, 1.1394607695988879, 1.5809160369204454], "Sigma": [[0.04138522026451118, 0.01985651616780689, -0.02150090453007078], [0.01985651616780689, 0.01721142004790777, -0.01044104166148611], [-0.02150090453007078, -0.01044104166148611, 0.029517749929767825]], "chi2_level": 0.99, "chi2_df": 3, "chi2_threshold": 11.344866730144373, "N_raw": 89, "N_roi": 89, "N_inlier": 83, "refit": true}
{"timestamp": "12:53:51.076090", "frame": 76, "mu": [-0.8335794043972055, 1.2791943649486495, 0.8644115510728194], "Sigma": [[0.04185623631848881, 0.023060714028068016, -0.09332668928802385], [0.023060714028068016, 0.03706358685813069, -0.057977969821358305], [-0.09332668928802385, -0.057977969821358305, 0.2693926712328281]], "chi2_level": 0.99, "chi2_df": 3, "chi2_threshold": 11.344866730144373, "N_raw": 38, "N_roi": 38, "N_inlier": 37, "refit": true}
{"timestamp": "12:53:51.137792", "frame": 77, "mu": [-1.1071126120723214, 1.2095213381765486, 1.6350270625758472], "Sigma": [[0.03309619716996323, 0.015923439980472787, -0.0165249658884351], [0.01592343998047279, 0.012107215735265934, -0.010529418920831602], [-0.016524965888435095, -0.010529418920831602, 0.01502043991871016]], "chi2_level": 0.99, "chi2_df": 3, "chi2_threshold": 11.344866730144373, "N_raw": 79, "N_roi": 79, "N_inlier": 75, "refit": true}
{"timestamp": "12:53:51.194698", "frame": 78, "mu": [-1.0776924263872292, 1.258115501438097, 1.428718600808844], "Sigma": [[0.042922832834314875, 0.018297690891797086, -0.06243884562916519], [0.018297690891797086, 0.011991998336216442, -0.02572302184699506], [-0.0624388456291652, -0.025723021846995063, 0.1515031737048082]], "chi2_level": 0.99, "chi2_df": 3, "chi2_threshold": 11.344866730144373, "N_raw": 96, "N_roi": 96, "N_inlier": 94, "refit": true}
{"timestamp": "12:53:51.253992", "frame": 79, "mu": [-1.15462682243112, 1.2333316167934556, 1.4342939642969519], "Sigma": [[0.054935938699977045, 0.024393656784782537, -0.0794236758202112], [0.024393656784782537, 0.01887117448293195, -0.02640914007723459], [-0.0794236758202112, -0.026409140077234595, 0.20359966662677145]], "chi2_level": 0.99, "chi2_df": 3, "chi2_threshold": 11.344866730144373, "N_raw": 123, "N_roi": 123, "N_inlier": 123, "refit": true}
{"timestamp": "12:53:51.309886", "frame": 80, "mu": [-1.0781099164014005, 1.375772142001834, 1.2537618749893849], "Sigma": [[0.03923146471970186, 0.017727620516290375, -0.05941866866963377], [0.017727620516290375, 0.03028064281617969, -0.0434813676451707], [-0.05941866866963377, -0.0434813676451707, 0.29741004624791534]], "chi2_level": 0.99, "chi2_df": 3, "chi2_threshold": 11.344866730144373, "N_raw": 121, "N_roi": 121, "N_inlier": 120, "refit": true}
{"timestamp": "12:53:51.365532", "frame": 81, "mu": [-1.0770626696194625, 1.4209325594982503, 1.360970893267144], "Sigma": [[0.050843557600967176, 0.027453913291658156, -0.10301770600140149], [0.02745391329165816, 0.025067312825382243, -0.04302238020103212], [-0.10301770600140148, -0.04302238020103212, 0.3060667956293239]], "chi2_level": 0.99, "chi2_df": 3, "chi2_threshold": 11.344866730144373, "N_raw": 128, "N_roi": 128, "N_inlier": 125, "refit": true}
{"timestamp": "12:53:51.419924", "frame": 82, "mu": [-1.1395846518654944, 1.4364925157119373, 1.5032112879186774], "Sigma": [[0.05404459506431255, 0.03388711105403866, -0.08006357739043785], [0.03388711105403865, 0.029595535550506195, -0.05285298690381826], [-0.08006357739043785, -0.05285298690381827, 0.20638841451672327]], "chi2_level": 0.99, "chi2_df": 3, "chi2_threshold": 11.344866730144373, "N_raw": 123, "N_roi": 123, "N_inlier": 118, "refit": true}
{"timestamp": "12:53:51.472638", "frame": 83, "mu": [-1.1201541810235511, 1.403924988462774, 1.269079203441347], "Sigma": [[0.059215694185569864, 0.03577230194244613, -0.06368333576504048], [0.03577230194244613, 0.03099765399563211, -0.01243049190983649], [-0.0636833357650405, -0.01243049190983649, 0.2382680676362275]], "chi2_level": 0.99, "chi2_df": 3, "chi2_threshold": 11.344866730144373, "N_raw": 112, "N_roi": 112, "N_inlier": 110, "refit": true}
{"timestamp": "12:53:51.532613", "frame": 84, "mu": [-1.0982819237930492, 1.4650252106019397, 1.226466134241012], "Sigma": [[0.02478558199921177, 0.013890804018905774, -0.04383384151231997], [0.013890804018905776, 0.019999762388203664, 0.013204248969214523], [-0.043833841512319976, 0.01320424896921453, 0.39897898482842226]], "chi2_level": 0.99, "chi2_df": 3, "chi2_threshold": 11.344866730144373, "N_raw": 143, "N_roi": 143, "N_inlier": 139, "refit": true}
{"timestamp": "12:53:51.581577", "frame": 85, "mu": [-1.0675289601316753, 1.5889768279688126, 1.2971581765742366], "Sigma": [[0.022962164964136778, 0.012628148947584902, -0.005584564679337371], [0.012628148947584902, 0.01431277046347022, -0.006001837218840502], [-0.0055845646793373695, -0.0060018372188405025, 0.2764290881305829]], "chi2_level": 0.99, "chi2_df": 3, "chi2_threshold": 11.344866730144373, "N_raw": 93, "N_roi": 93, "N_inlier": 88, "refit": true}
{"timestamp": "12:53:51.635517", "frame": 86, "mu": [-1.1584280563270073, 1.7262545582866746, -0.31494917856615623], "Sigma": [[0.040981100325241715, 0.03367819515784744, -0.02691773051502039], [0.03367819515784744, 0.1017189650751132, -0.18199569239975436], [-0.02691773051502039, -0.18199569239975438, 0.4307641499189419]], "chi2_level": 0.99, "chi2_df": 3, "chi2_threshold": 11.344866730144373, "N_raw": 97, "N_roi": 97, "N_inlier": 96, "refit": true}
{"timestamp": "12:53:51.686986", "frame": 87, "mu": [-1.0691673232207348, 1.6776260295590142, 1.329031698321257], "Sigma": [[0.010179921453062513, 0.0010855789377937396, -0.0004183156067042756], [0.00108557893779374, 0.004729728016362776, 8.716369044964778e-05], [-0.0004183156067042756, 8.716369044964767e-05, 0.16183667773213498]], "chi2_level": 0.99, "chi2_df": 3, "chi2_threshold": 11.344866730144373, "N_raw": 78, "N_roi": 78, "N_inlier": 68, "refit": true}
{"timestamp": "12:53:51.740892", "frame": 88, "mu": [-1.014747943073543, 1.711878414755826, 1.38306109844569], "Sigma": [[0.007225102674586532, 0.0003192325210080308, -0.007386668476689879], [0.0003192325210080307, 0.008880337496509795, -0.0015421685154231068], [-0.007386668476689879, -0.0015421685154231068, 0.011769931363007023]], "chi2_level": 0.99, "chi2_df": 3, "chi2_threshold": 11.344866730144373, "N_raw": 73, "N_roi": 73, "N_inlier": 68, "refit": true}
{"timestamp": "12:53:51.796579", "frame": 89, "mu": [-1.1093877798914749, 1.691196417034682, 1.4381402942024704], "Sigma": [[0.07584400353283427, 0.04615376818221628, -0.01913476425556327], [0.04615376818221628, 0.036790346168827606, -0.00817637700242217], [-0.01913476425556327, -0.00817637700242217, 0.015323541848929036]], "chi2_level": 0.99, "chi2_df": 3, "chi2_threshold": 11.344866730144373, "N_raw": 78, "N_roi": 78, "N_inlier": 74, "refit": true}
{"timestamp": "12:53:51.853802", "frame": 90, "mu": [-1.2594644543062765, 1.5832386542780663, 1.5440767254780663], "Sigma": [[0.15288956075702287, 0.08979710931942783, -0.12766067523800756], [0.08979710931942783, 0.05929451631727545, -0.08161990301487104], [-0.12766067523800756, -0.08161990301487104, 0.12723926903600769]], "chi2_level": 0.99, "chi2_df": 3, "chi2_threshold": 11.344866730144373, "N_raw": 88, "N_roi": 88, "N_inlier": 85, "refit": true}
