{"timestamp": "12:56:24.469103", "frame": 4, "mu": [1.6345110727655507, 1.3029181664012457, 1.1306340086701607], "Sigma": [[0.004005335046380067, -0.0027305860460920687, -0.0013542703789928485], [-0.0027305860460920682, 0.004202099285641883, 0.00016087610115111457], [-0.0013542703789928483, 0.0001608761011511145, 0.0018364388885493339]], "chi2_level": 0.99, "chi2_df": 3, "chi2_threshold": 11.344866730144373, "N_raw": 9, "N_roi": 9, "N_inlier": 9, "refit": true}
{"timestamp": "12:56:24.527278", "frame": 5, "mu": [1.5907268513279598, 1.31397050849412, 1.0908258708079845], "Sigma": [[0.006013854675948715, -0.004761849638683894, -0.0022189750381791367], [-0.004761849638683895, 0.0067721779382468, 0.0007342912400477257], [-0.0022189750381791367, 0.0007342912400477257, 0.0015940970463398465]], "chi2_level": 0.99, "chi2_df": 3, "chi2_threshold": 11.344866730144373, "N_raw": 23, "N_roi": 23, "N_inlier": 23, "refit": true}
{"timestamp": "12:56:24.582623", "frame": 6, "mu": [1.548223549545972, 1.406283700174286, 1.1090992668034458], "Sigma": [[0.004872440639375082, -0.0027364118581205223, -0.00011369618947879115], [-0.002736411858120522, 0.005417854651487495, -0.0015301075928977185], [-0.00011369618947879099, -0.0015301075928977185, 0.0008647309078219462]], "chi2_level": 0.99, "chi2_df": 3, "chi2_threshold": 11.344866730144373, "N_raw": 31, "N_roi": 31, "N_inlier": 29, "refit": true}
{"timestamp": "12:56:24.636079", "frame": 7, "mu": [1.591213139737452, 1.3285900838606581, 1.1433684159182558], "Sigma": [[0.004848901650032118, -0.0052387348395112, -0.0020399094237378117], [-0.0052387348395112, 0.006952850202272521, 0.0008445381453745183], [-0.0020399094237378117, 0.0008445381453745188, 0.004137329602321139]], "chi2_level": 0.99, "chi2_df": 3, "chi2_threshold": 11.344866730144373, "N_raw": 22, "N_roi": 22, "N_inlier": 21, "refit": true}
{"timestamp": "12:56:24.745342", "frame": 9, "mu": [1.5449876196649115, 1.3532713472451263, 1.054979424966655], "Sigma": [[0.00456594965928822, -0.0010173990743347762, -0.001142384756467053], [-0.0010173990743347762, 0.003922933681737881, 0.0012228605595233876], [-0.001142384756467053, 0.0012228605595233876, 0.0008292316105464007]], "chi2_level": 0.99, "chi2_df": 3, "chi2_threshold": 11.344866730144373, "N_raw": 14, "N_roi": 14, "N_inlier": 14, "refit": true}
{"timestamp": "12:56:24.965157", "frame": 13, "mu": [1.5205686581917015, 1.5102934514416217, 1.1594805727355506], "Sigma": [[0.0041446074597257946, -0.0011877659102118323, -0.0009456250908058783], [-0.0011877659102118323, 0.0009000406791308432, -0.00026446110101162963], [-0.0009456250908058783, -0.00026446110101162974, 0.0028616616582046246]], "chi2_level": 0.99, "chi2_df": 3, "chi2_threshold": 11.344866730144373, "N_raw": 15, "N_roi": 15, "N_inlier": 14, "refit": true}
{"timestamp": "12:56:25.075232", "frame": 15, "mu": [1.5111876476691894, 1.5239703053426743, 1.2530850236195463], "Sigma": [[0.0018385081287110752, -0.002315069702326629, 0.00344157877259868], [-0.0023150697023266295, 0.006074102123824484, -0.00736619418230914], [0.0034415787725986806, -0.00736619418230914, 0.013660955156844285]], "chi2_level": 0.99, "chi2_df": 3, "chi2_threshold": 11.344866730144373, "N_raw": 10, "N_roi": 10, "N_inlier": 9, "refit": true}
{"timestamp": "12:56:25.241240", "frame": 18, "mu": [1.5329785873644441, 1.6612631384352985, -0.2233046791589179], "Sigma": [[0.0030673165402937607, -0.00042805126311452825, -0.0023365731591175718], [-0.0004280512631145282, 0.0029930083046175657, -0.0015648381972971112], [-0.002336573159117572, -0.0015648381972971116, 0.0035769904583589883]], "chi2_level": 0.99, "chi2_df": 3, "chi2_threshold": 11.344866730144373, "N_raw": 20, "N_roi": 20, "N_inlier": 19, "refit": true}
{"timestamp": "12:56:25.350177", "frame": 20, "mu": [1.5568512092726323, 1.5067388899027823, 1.3429214197774313], "Sigma": [[0.002884909902775741, -0.0012936119293305332, -0.0014752814323999918], [-0.0012936119293305332, 0.0025623932935986155, -0.0010330256839862638], [-0.0014752814323999918, -0.0010330256839862636, 0.004968574109668333]], "chi2_level": 0.99, "chi2_df": 3, "chi2_threshold": 11.344866730144373, "N_raw": 19, "N_roi": 19, "N_inlier": 18, "refit": true}
{"timestamp": "12:56:25.404565", "frame": 21, "mu": [1.6068441781866998, 1.357882132653821, 1.2684020311071789], "Sigma": [[0.00040065237137148444, 0.00023674898775405577, -0.0018235260101324734], [0.00023674898775405574, 0.010698759955500922, -0.019082081936602033], [-0.0018235260101324734, -0.019082081936602033, 0.04966994941785846]], "chi2_level": 0.99, "chi2_df": 3, "chi2_threshold": 11.344866730144373, "N_raw": 8, "N_roi": 8, "N_inlier": 8, "refit": true}
{"timestamp": "12:56:25.462659", "frame": 22, "mu": [1.538960829378847, 1.4734159777669482, 1.3623817046324194], "Sigma": [[0.005252622751080137, -0.003734547716924064, -0.0018111295444574146], [-0.003734547716924064, 0.00692458657933718, -5.570578386434851e-05], [-0.0018111295444574146, -5.570578386434856e-05, 0.0014036758275109984]], "chi2_level": 0.99, "chi2_df": 3, "chi2_threshold": 11.344866730144373, "N_raw": 28, "N_roi": 28, "N_inlier": 27, "refit": true}
{"timestamp": "12:56:25.575214", "frame": 24, "mu": [1.5532666295030166, 1.4291174920909953, 1.2809333702606318], "Sigma": [[0.004763923525302388, -0.004280615166014773, -0.0019342755740142485], [-0.004280615166014773, 0.00671067892125177, -0.000945673446866078], [-0.0019342755740142485, -0.000945673446866078, 0.004520418530038021]], "chi2_level": 0.99, "chi2_df": 3, "chi2_threshold": 11.344866730144373, "N_raw": 29, "N_roi": 29, "N_inlier": 26, "refit": true}
{"timestamp": "12:56:25.626628", "frame": 25, "mu": [1.564567462176833, 1.3304294740273326, 1.2195526453415353], "Sigma": [[0.001974269401341742, 0.00024050891169820343, -0.00612720139362535], [0.00024050891169820321, 0.010220517002025665, -0.014417714937556054], [-0.00612720139362535, -0.014417714937556055, 0.08034470514150634]], "chi2_level": 0.99, "chi2_df": 3, "chi2_threshold": 11.344866730144373, "N_raw": 9, "N_roi": 9, "N_inlier": 9, "refit": true}
{"timestamp": "12:56:25.684139", "frame": 26, "mu": [1.5303196993517938, 1.3410718258947791, 1.2409947978247076], "Sigma": [[0.004096628420908128, -0.00167361374120375, -0.003569006308974971], [-0.00167361374120375, 0.008357190394271302, -0.00607536179668932], [-0.003569006308974971, -0.00607536179668932, 0.014911856207949959]], "chi2_level": 0.99, "chi2_df": 3, "chi2_threshold": 11.344866730144373, "N_raw": 23, "N_roi": 23, "N_inlier": 22, "refit": true}
{"timestamp": "12:56:25.738660", "frame": 27, "mu": [1.4927192014725992, 1.3805045677655026, 1.259197401395169], "Sigma": [[0.0019588316458513102, -0.0014933940287359037, -0.0022987089906216646], [-0.0014933940287359037, 0.011081039235634917, -0.009267115943949512], [-0.0022987089906216646, -0.009267115943949513, 0.04260778331433229]], "chi2_level": 0.99, "chi2_df": 3, "chi2_threshold": 11.344866730144373, "N_raw": 20, "N_roi": 20, "N_inlier": 20, "refit": true}
{"timestamp": "12:56:25.793101", "frame": 28, "mu": [1.4815717648268907, 1.333773746557192, 1.1758036493947404], "Sigma": [[0.002545432603643258, -0.0008563500285646161, -0.004195205009342883], [-0.000856350028564616, 0.00578985064477436, -0.009614303588677252], [-0.004195205009342883, -0.009614303588677252, 0.044555241724610034]], "chi2_level": 0.99, "chi2_df": 3, "chi2_threshold": 11.344866730144373, "N_raw": 20, "N_roi": 20, "N_inlier": 19, "refit": true}
{"timestamp": "12:56:25.853232", "frame": 29, "mu": [1.4875160690004836, 1.3138347741066094, 1.266627998979172], "Sigma": [[0.008822358094021864, -0.004096250194174752, -0.0015191688802554328], [-0.004096250194174752, 0.00807290006779488, -0.0007243552823152198], [-0.0015191688802554328, -0.0007243552823152198, 0.0016245718433327918]], "chi2_level": 0.99, "chi2_df": 3, "chi2_threshold": 11.344866730144373, "N_raw": 50, "N_roi": 50, "N_inlier": 47, "refit": true}
{"timestamp": "12:56:25.909174", "frame": 30, "mu": [1.4721598931000839, 1.2781953448713204, 1.223967021518039], "Sigma": [[0.007330587185721012, -0.004855574672229776, -0.0020618131630403234], [-0.004855574672229776, 0.011906979346863932, -0.0032777265946907566], [-0.0020618131630403234, -0.0032777265946907566, 0.0050802573023481625]], "chi2_level": 0.99, "chi2_df": 3, "chi2_threshold": 11.344866730144373, "N_raw": 57, "N_roi": 57, "N_inlier": 54, "refit": true}
{"timestamp": "12:56:25.966457", "frame": 31, "mu": [1.4421663395576843, 1.2397210786730668, 1.152508524751545], "Sigma": [[0.007753695634373639, -0.0055168156952646805, -0.0066081164041498705], [-0.0055168156952646805, 0.009476684875136502, 0.004444030668147952], [-0.0066081164041498705, 0.004444030668147952, 0.0358275213850702]], "chi2_level": 0.99, "chi2_df": 3, "chi2_threshold": 11.344866730144373, "N_raw": 70, "N_roi": 70, "N_inlier": 70, "refit": true}
{"timestamp": "12:56:26.022408", "frame": 32, "mu": [1.4090259399563623, 1.39087661260748, -0.44293490436619043], "Sigma": [[0.00830334557743596, -0.0015501048030721542, -0.012846960930105875], [-0.0015501048030721544, 0.00835487431242594, -0.006103812637201472], [-0.012846960930105874, -0.006103812637201472, 0.04676300214868787]], "chi2_level": 0.99, "chi2_df": 3, "chi2_threshold": 11.344866730144373, "N_raw": 67, "N_roi": 67, "N_inlier": 66, "refit": true}
{"timestamp": "12:56:26.068108", "frame": 33, "mu": [1.4165796198080232, 1.1512913586215043, 1.090398308999018], "Sigma": [[0.005505672191796332, -0.0014622825110135302, -0.02022089399992799], [-0.0014622825110135302, 0.004812380124331402, 0.004344746107356882], [-0.020220893999927995, 0.004344746107356882, 0.09448004390538522]], "chi2_level": 0.99, "chi2_df": 3, "chi2_threshold": 11.344866730144373, "N_raw": 16, "N_roi": 16, "N_inlier": 16, "refit": true}
{"timestamp": "12:56:26.123382", "frame": 34, "mu": [1.2081709985704456, 1.320995270795293, -0.09597456952956908], "Sigma": [[0.0024101885951067752, -0.0008922655274486817, -8.361472681875219e-06], [-0.0008922655274486815, 0.002997913840970908, 0.0008375323073302358], [-8.361472681875273e-06, 0.0008375323073302358, 0.0005526808142143628]], "chi2_level": 0.99, "chi2_df": 3, "chi2_threshold": 11.344866730144373, "N_raw": 21, "N_roi": 21, "N_inlier": 18, "refit": true}
{"timestamp": "12:56:26.181245", "frame": 35, "mu": [1.3563757148011653, 1.1794079970987648, 1.2412128500171595], "Sigma": [[0.005546967247670702, -0.004194158181511082, -0.003697006075571524], [-0.004194158181511082, 0.006692930379040974, 0.0015202675274342521], [-0.003697006075571524, 0.0015202675274342521, 0.006833728675095676]], "chi2_level": 0.99, "chi2_df": 3, "chi2_threshold": 11.344866730144373, "N_raw": 38, "N_roi": 38, "N_inlier": 35, "refit": true}
{"timestamp": "12:56:26.231848", "frame": 36, "mu": [1.3054638515944885, 1.2828930065980169, -0.3735911261648741], "Sigma": [[0.007340232734821492, 0.004961411679553902, -0.01641138026728866], [0.0049614116795539025, 0.009039420463046004, -0.026576869693554793], [-0.01641138026728866, -0.026576869693554793, 0.09415220215171587]], "chi2_level": 0.99, "chi2_df": 3, "chi2_threshold": 11.344866730144373, "N_raw": 9, "N_roi": 9, "N_inlier": 9, "refit": true}
{"timestamp": "12:56:26.296544", "frame": 37, "mu": [1.2964669004520664, 1.1214965379808473, 1.2905140003679139], "Sigma": [[0.010127713299120962, -0.005689308840688213, -0.011153839059478645], [-0.005689308840688212, 0.007246911094710192, 0.0013271906232474179], [-0.011153839059478645, 0.0013271906232474179, 0.029316472136002185]], "chi2_level": 0.99, "chi2_df": 3, "chi2_threshold": 11.344866730144373, "N_raw": 73, "N_roi": 73, "N_inlier": 69, "refit": true}
{"timestamp": "12:56:26.348586", "frame": 38, "mu": [1.2850341984082319, 1.095179794750735, 1.2817361264688192], "Sigma": [[0.01399806285810627, -0.007115256212780959, -0.011547269633714592], [-0.007115256212780958, 0.006191929864626619, 0.0044659204314607785], [-0.01154726963371459, 0.0044659204314607785, 0.01615967361157939]], "chi2_level": 0.99, "chi2_df": 3, "chi2_threshold": 11.344866730144373, "N_raw": 50, "N_roi": 50, "N_inlier": 50, "refit": true}
{"timestamp": "12:56:26.406488", "frame": 39, "mu": [1.2423178257520497, 1.0829103167173337, 1.3658793577907389], "Sigma": [[0.015758723739232358, -0.010292241270084523, -0.013717159242417438], [-0.010292241270084523, 0.01172802417375494, 0.007257975513401262], [-0.013717159242417438, 0.007257975513401263, 0.017095994184260502]], "chi2_level": 0.99, "chi2_df": 3, "chi2_threshold": 11.344866730144373, "N_raw": 68, "N_roi": 68, "N_inlier": 64, "refit": true}
{"timestamp": "12:56:26.458266", "frame": 40, "mu": [1.3032036648659737, 1.1909239299322403, -0.5422210208684285], "Sigma": [[0.007113268375905399, -0.0033121485141490107, -0.000608371055181141], [-0.0033121485141490107, 0.010140316258674299, -0.008082120564904906], [-0.0006083710551811406, -0.008082120564904906, 0.02143594409624162]], "chi2_level": 0.99, "chi2_df": 3, "chi2_threshold": 11.344866730144373, "N_raw": 46, "N_roi": 46, "N_inlier": 44, "refit": true}
{"timestamp": "12:56:26.514336", "frame": 41, "mu": [1.212067668195716, 1.1110094170129066, -0.6122616813323721], "Sigma": [[0.010767540970025203, -0.0005913760812916538, -0.005050353790699144], [-0.0005913760812916538, 0.004119258117531552, 0.006729025714959553], [-0.005050353790699144, 0.006729025714959554, 0.04680128500667026]], "chi2_level": 0.99, "chi2_df": 3, "chi2_threshold": 11.344866730144373, "N_raw": 52, "N_roi": 52, "N_inlier": 51, "refit": true}
{"timestamp": "12:56:26.568707", "frame": 42, "mu": [1.0413820634632438, 1.0963681492121151, 1.4101329236393374], "Sigma": [[0.007013333539255279, -0.002158602824310347, -0.006732094522189015], [-0.0021586028243103473, 0.0034430770044509788, 0.00018203289926759121], [-0.006732094522189015, 0.00018203289926759116, 0.009370362363863136]], "chi2_level": 0.99, "chi2_df": 3, "chi2_threshold": 11.344866730144373, "N_raw": 56, "N_roi": 56, "N_inlier": 52, "refit": true}
{"timestamp": "12:56:26.623707", "frame": 43, "mu": [1.1665240332308124, 1.136902931610788, -0.5124353040872718], "Sigma": [[0.006726393203648429, -0.0023166124041810827, -0.0033985864161911834], [-0.0023166124041810827, 0.007200407413251392, 0.0010566480116763416], [-0.0033985864161911834, 0.0010566480116763416, 0.0024664726915830113]], "chi2_level": 0.99, "chi2_df": 3, "chi2_threshold": 11.344866730144373, "N_raw": 48, "N_roi": 48, "N_inlier": 46, "refit": true}
{"timestamp": "12:56:26.680777", "frame": 44, "mu": [1.1667169950294396, 0.8856033435097704, 1.18429543068911], "Sigma": [[0.01052185774976452, -0.006652936923297122, -0.002569673677062496], [-0.006652936923297123, 0.007234710872848277, -0.00011459285193001173], [-0.002569673677062496, -0.00011459285193001135, 0.010729384622357589]], "chi2_level": 0.99, "chi2_df": 3, "chi2_threshold": 11.344866730144373, "N_raw": 67, "N_roi": 67, "N_inlier": 66, "refit": true}
{"timestamp": "12:56:26.731065", "frame": 45, "mu": [1.0693273665900846, 0.9578343898251395, 1.2236721244381839], "Sigma": [[0.003964311000772022, -0.0028278816563117853, -0.001875586544448117], [-0.0028278816563117853, 0.004728862959574454, 2.1672783133261885e-05], [-0.001875586544448117, 2.1672783133261885e-05, 0.002585786258658904]], "chi2_level": 0.99, "chi2_df": 3, "chi2_threshold": 11.344866730144373, "N_raw": 37, "N_roi": 37, "N_inlier": 34, "refit": true}
{"timestamp": "12:56:26.781785", "frame": 46, "mu": [0.9052954196887876, 1.0000084197208299, 1.3364201192863947], "Sigma": [[0.010401625728256191, -0.0068752978522266354, -0.016650686539512728], [-0.0068752978522266354, 0.005343476414814168, 0.01170269848620557], [-0.016650686539512728, 0.011702698486205573, 0.0303008122609809]], "chi2_level": 0.99, "chi2_df": 3, "chi2_threshold": 11.344866730144373, "N_raw": 12, "N_roi": 12, "N_inlier": 12, "refit": true}
{"timestamp": "12:56:26.845321", "frame": 47, "mu": [0.9461305251818236, 0.926337559837319, 1.258444278054278], "Sigma": [[0.005732103481097356, -0.003968358042411922, -0.008245602581343534], [-0.003968358042411922, 0.0031143798144643384, 0.004891753521359699], [-0.008245602581343534, 0.004891753521359698, 0.02813817981733848]], "chi2_level": 0.99, "chi2_df": 3, "chi2_threshold": 11.344866730144373, "N_raw": 61, "N_roi": 61, "N_inlier": 59, "refit": true}
{"timestamp": "12:56:26.896886", "frame": 48, "mu": [0.8175746481295698, 1.0785412773719512, -0.30618528330282735], "Sigma": [[0.0036889946520226877, -0.0009378253372473225, -0.0032848883695336417], [-0.0009378253372473226, 0.002534205196104683, -0.0018610354823626741], [-0.0032848883695336417, -0.001861035482362674, 0.007335105400485269]], "chi2_level": 0.99, "chi2_df": 3, "chi2_threshold": 11.344866730144373, "N_raw": 42, "N_roi": 42, "N_inlier": 39, "refit": true}
{"timestamp": "12:56:26.946617", "frame": 49, "mu": [0.8106807160743965, 0.9539106506956201, 1.4441092054504523], "Sigma": [[0.015017516631895485, -0.007676618857649738, -0.015300508456140241], [-0.007676618857649738, 0.004478562641631055, 0.007660298488974957], [-0.01530050845614024, 0.007660298488974957, 0.015960272736710454]], "chi2_level": 0.99, "chi2_df": 3, "chi2_threshold": 11.344866730144373, "N_raw": 11, "N_roi": 11, "N_inlier": 11, "refit": true}
{"timestamp": "12:56:27.005253", "frame": 50, "mu": [0.7792272085356284, 0.9488498584251106, 1.3875547120366467], "Sigma": [[0.0031826944699431528, -0.0013458720574047569, -0.0060383198648431904], [-0.0013458720574047569, 0.0018826348381216368, 0.0035646802953359542], [-0.0060383198648431904, 0.0035646802953359547, 0.020280493412897414]], "chi2_level": 0.99, "chi2_df": 3, "chi2_threshold": 11.344866730144373, "N_raw": 34, "N_roi": 34, "N_inlier": 33, "refit": true}
{"timestamp": "12:56:27.062716", "frame": 51, "mu": [0.7002908203774689, 1.036212204829676, -0.24748488402209834], "Sigma": [[0.004729491220545757, 0.00018966752959870086, -0.004238098571382021], [0.00018966752959870088, 0.002609237779899389, -0.0005380751654757243], [-0.004238098571382021, -0.0005380751654757242, 0.0051724718345070395]], "chi2_level": 0.99, "chi2_df": 3, "chi2_threshold": 11.344866730144373, "N_raw": 40, "N_roi": 40, "N_inlier": 38, "refit": true}
{"timestamp": "12:56:27.118507", "frame": 52, "mu": [0.700980685282014, 0.9509865361787632, 1.4783856263257977], "Sigma": [[0.005273736783017859, -0.0005631711411219006, -0.00404918677426459], [-0.0005631711411219005, 0.003652597729434032, 0.000409947059326237], [-0.00404918677426459, 0.0004099470593262372, 0.006335735195001667]], "chi2_level": 0.99, "chi2_df": 3, "chi2_threshold": 11.344866730144373, "N_raw": 57, "N_roi": 57, "N_inlier": 54, "refit": true}
{"timestamp": "12:56:27.172817", "frame": 53, "mu": [0.6322202531361184, 0.9311789294653896, 1.503906772766258], "Sigma": [[0.003604588793825574, -3.8201355449652075e-05, -0.0019109855114318654], [-3.820135544965205e-05, 0.0034832432032796635, -0.0011582602393494404], [-0.0019109855114318654, -0.0011582602393494404, 0.00155242527863907]], "chi2_level": 0.99, "chi2_df": 3, "chi2_threshold": 11.344866730144373, "N_raw": 52, "N_roi": 52, "N_inlier": 50, "refit": true}
{"timestamp": "12:56:27.228749", "frame": 54, "mu": [0.66694453861945, 0.883538509431976, 1.4209279564936166], "Sigma": [[0.007130707565378526, -0.0026180076260578734, -0.006959765025314393], [-0.0026180076260578734, 0.0025578344298524255, 0.002307315186784368], [-0.006959765025314393, 0.002307315186784368, 0.011918670102653186]], "chi2_level": 0.99, "chi2_df": 3, "chi2_threshold": 11.344866730144373, "N_raw": 50, "N_roi": 50, "N_inlier": 48, "refit": true}
{"timestamp": "12:56:27.281576", "frame": 55, "mu": [0.5367875254177791, 0.9536071045692057, 1.3916950799397094], "Sigma": [[0.002017385946773473, -0.0015269240870623454, -0.008597410035796539], [-0.0015269240870623454, 0.005240170030184502, 0.008557003724437143], [-0.008597410035796539, 0.008557003724437143, 0.09556552042335231]], "chi2_level": 0.99, "chi2_df": 3, "chi2_threshold": 11.344866730144373, "N_raw": 34, "N_roi": 34, "N_inlier": 30, "refit": true}
{"timestamp": "12:56:27.336113", "frame": 56, "mu": [0.5938712502757716, 0.9044660275085126, 1.3944249865029945], "Sigma": [[0.0034192887604226523, -0.001016054030151636, -0.0040568280110593454], [-0.001016054030151636, 0.002205038883071308, -0.0001467789257683573], [-0.0040568280110593454, -0.0001467789257683573, 0.010537910273608148]], "chi2_level": 0.99, "chi2_df": 3, "chi2_threshold": 11.344866730144373, "N_raw": 36, "N_roi": 36, "N_inlier": 34, "refit": true}
{"timestamp": "12:56:27.394252", "frame": 57, "mu": [0.49679810514693606, 0.9649237154571563, 1.4613296225867098], "Sigma": [[0.004094383458548256, -0.0026256722036669742, -0.005650480123964581], [-0.0026256722036669742, 0.004804975789625591, 0.003275076006245495], [-0.005650480123964581, 0.0032750760062454946, 0.014953045241278618]], "chi2_level": 0.99, "chi2_df": 3, "chi2_threshold": 11.344866730144373, "N_raw": 48, "N_roi": 48, "N_inlier": 46, "refit": true}
{"timestamp": "12:56:27.447018", "frame": 58, "mu": [0.518729446503856, 0.9060145432684159, 1.3971315603995127], "Sigma": [[0.0026456377673592145, -0.0006935781184930887, -0.0015211496005332558], [-0.0006935781184930889, 0.006093854194180127, 0.01131389906141029], [-0.0015211496005332558, 0.01131389906141029, 0.04374933427970174]], "chi2_level": 0.99, "chi2_df": 3, "chi2_threshold": 11.344866730144373, "N_raw": 34, "N_roi": 34, "N_inlier": 33, "refit": true}
{"timestamp": "12:56:27.502989", "frame": 59, "mu": [0.5348095491096219, 0.9298276408304067, 1.3393271545092258], "Sigma": [[0.003605080642572903, 0.0007063593621108231, -0.0038867354009787794], [0.0007063593621108233, 0.0021311070263420554, -0.00186147789914765], [-0.0038867354009787794, -0.00186147789914765, 0.00850447903446351]], "chi2_level": 0.99, "chi2_df": 3, "chi2_threshold": 11.344866730144373, "N_raw": 50, "N_roi": 50, "N_inlier": 47, "refit": true}
{"timestamp": "12:56:27.554651", "frame": 60, "mu": [0.5251806487868704, 0.8317108576175961, 1.1476176808041068], "Sigma": [[0.005575535392293259, -0.0013194654420262278, 0.003150431174677443], [-0.0013194654420262278, 0.0035129658358898533, 0.003917619762913561], [0.003150431174677443, 0.003917619762913561, 0.021380818623460057]], "chi2_level": 0.99, "chi2_df": 3, "chi2_threshold": 11.344866730144373, "N_raw": 29, "N_roi": 29, "N_inlier": 28, "refit": true}
{"timestamp": "12:56:27.613182", "frame": 61, "mu": [0.33350796627225293, 0.8708530108162362, 1.1548104957609164], "Sigma": [[0.003008484262744455, -0.0019734228684368917, -0.010581972233834317], [-0.0019734228684368917, 0.0058002364519478215, 0.026979259204426512], [-0.010581972233834317, 0.026979259204426512, 0.15714273214834223]], "chi2_level": 0.99, "chi2_df": 3, "chi2_threshold": 11.344866730144373, "N_raw": 51, "N_roi": 51, "N_inlier": 50, "refit": true}
{"timestamp": "12:56:27.673266", "frame": 62, "mu": [0.27968243114134467, 0.932915369221195, 1.281356432825769], "Sigma": [[0.002528437592136349, 0.0006847543857864929, 0.0032093800638393084], [0.0006847543857864928, 0.005003530564872383, 0.013326052209268963], [0.003209380063839309, 0.013326052209268965, 0.06306532496858347]], "chi2_level": 0.99, "chi2_df": 3, "chi2_threshold": 11.344866730144373, "N_raw": 86, "N_roi": 86, "N_inlier": 85, "refit": true}
{"timestamp": "12:56:27.725192", "frame": 63, "mu": [0.2905554044333731, 1.0318393960024845, -0.4729268958266861], "Sigma": [[0.005125045352531828, 7.167442373837522e-05, 0.0024322989257333032], [7.167442373837516e-05, 0.0032757642976372625, -0.010169339924581623], [0.0024322989257333037, -0.010169339924581623, 0.08623556698070815]], "chi2_level": 0.99, "chi2_df": 3, "chi2_threshold": 11.344866730144373, "N_raw": 55, "N_roi": 55, "N_inlier": 52, "refit": true}
{"timestamp": "12:56:27.775719", "frame": 64, "mu": [0.22443584175454942, 1.0142908971842026, -0.30782300041505856], "Sigma": [[0.003135746975026097, 0.00081308414775399, -0.0043963876653931025], [0.0008130841477539896, 0.0032125292407657155, 0.0013233494189091052], [-0.004396387665393102, 0.0013233494189091052, 0.024835042260961435]], "chi2_level": 0.99, "chi2_df": 3, "chi2_threshold": 11.344866730144373, "N_raw": 36, "N_roi": 36, "N_inlier": 33, "refit": true}
{"timestamp": "12:56:27.836105", "frame": 65, "mu": [0.2747894186606922, 1.064533899514308, -0.47276322897438616], "Sigma": [[0.0058515768932535595, -0.003278596132229193, 0.0017020902327233036], [-0.003278596132229193, 0.007540395336763509, 0.0022746330756173126], [0.0017020902327233036, 0.002274633075617312, 0.013186974044662209]], "chi2_level": 0.99, "chi2_df": 3, "chi2_threshold": 11.344866730144373, "N_raw": 71, "N_roi": 71, "N_inlier": 67, "refit": true}
{"timestamp": "12:56:27.893573", "frame": 66, "mu": [0.10352667836553316, 0.9249597714661806, 1.3142566507386195], "Sigma": [[0.002805443644189938, -0.003150604083265976, -0.007692622930057671], [-0.003150604083265977, 0.00973183258564953, 0.01886488351466846], [-0.007692622930057671, 0.018864883514668456, 0.07720129483556303]], "chi2_level": 0.99, "chi2_df": 3, "chi2_threshold": 11.344866730144373, "N_raw": 82, "N_roi": 82, "N_inlier": 73, "refit": true}
{"timestamp": "12:56:27.944481", "frame": 67, "mu": [0.2329879469993793, 1.0227812345787952, -0.5781669489409342], "Sigma": [[0.004128839194897395, -0.0020100730507625853, -0.0013025866360183902], [-0.0020100730507625853, 0.004151361725321678, -0.000686714046733154], [-0.0013025866360183902, -0.000686714046733154, 0.0037603609577857395]], "chi2_level": 0.99, "chi2_df": 3, "chi2_threshold": 11.344866730144373, "N_raw": 53, "N_roi": 53, "N_inlier": 48, "refit": true}
{"timestamp": "12:56:28.004227", "frame": 68, "mu": [0.08036814793487877, 0.8713724692287856, 1.2786227809456383], "Sigma": [[0.004608585140211896, -0.0005968843749795112, 0.002683769669336831], [-0.0005968843749795112, 0.0036122850576613052, 0.006001595412210632], [0.002683769669336831, 0.006001595412210632, 0.031730028412391406]], "chi2_level": 0.99, "chi2_df": 3, "chi2_threshold": 11.344866730144373, "N_raw": 94, "N_roi": 94, "N_inlier": 90, "refit": true}
{"timestamp": "12:56:28.064317", "frame": 69, "mu": [0.019991580567204768, 0.8919644258154176, 1.4128682825308407], "Sigma": [[0.008023908680724473, -0.006297719961125806, -0.00968275426837218], [-0.006297719961125806, 0.010218820429807398, 0.006570121699649982], [-0.00968275426837218, 0.006570121699649982, 0.016401607952144587]], "chi2_level": 0.99, "chi2_df": 3, "chi2_threshold": 11.344866730144373, "N_raw": 130, "N_roi": 130, "N_inlier": 126, "refit": true}
{"timestamp": "12:56:28.115008", "frame": 70, "mu": [-0.02506934171943549, 0.8833646942635308, 1.3581846208516914], "Sigma": [[0.003351833676381793, -0.0025345031692749305, -0.003509724330042409], [-0.0025345031692749305, 0.006604604532723156, 0.0021425862994946723], [-0.003509724330042409, 0.0021425862994946723, 0.00790932744754467]], "chi2_level": 0.99, "chi2_df": 3, "chi2_threshold": 11.344866730144373, "N_raw": 80, "N_roi": 80, "N_inlier": 70, "refit": true}
{"timestamp": "12:56:28.168418", "frame": 71, "mu": [-0.08447078990931434, 0.9976528751892956, -0.15893221243437666], "Sigma": [[0.0027792725350962075, -0.0018552380878283838, 0.015591044686008304], [-0.0018552380878283838, 0.006033671400172392, -0.028641851976902208], [0.015591044686008304, -0.028641851976902208, 0.280472719789366]], "chi2_level": 0.99, "chi2_df": 3, "chi2_threshold": 11.344866730144373, "N_raw": 81, "N_roi": 81, "N_inlier": 78, "refit": true}
{"timestamp": "12:56:28.222334", "frame": 72, "mu": [-0.20827676822242625, 0.8720584408301411, -0.41720850788915603], "Sigma": [[0.004903012116385688, 0.006291920927300543, 0.03150941395728184], [0.006291920927300543, 0.015052979884927207, 0.040493508986470264], [0.03150941395728184, 0.04049350898647026, 0.38398520420811416]], "chi2_level": 0.99, "chi2_df": 3, "chi2_threshold": 11.344866730144373, "N_raw": 79, "N_roi": 79, "N_inlier": 76, "refit": true}
{"timestamp": "12:56:28.279364", "frame": 73, "mu": [-0.24675665567294258, 0.8816172994611093, 1.4535209000878688], "Sigma": [[0.0052428594565829606, 0.001809659991052915, 0.008104865329931711], [0.001809659991052915, 0.0066845390663334125, 0.010004277704499197], [0.008104865329931713, 0.010004277704499197, 0.03748596424337965]], "chi2_level": 0.99, "chi2_df": 3, "chi2_threshold": 11.344866730144373, "N_raw": 83, "N_roi": 83, "N_inlier": 80, "refit": true}
{"timestamp": "12:56:28.332530", "frame": 74, "mu": [-0.30121182197323076, 0.9189598818424171, 1.5061334336561607], "Sigma": [[0.004212855251937097, -0.0015148283768145064, 0.0010546138547503133], [-0.0015148283768145064, 0.0030709531112156595, -0.0026471830830790723], [0.0010546138547503133, -0.0026471830830790723, 0.003645285040291987]], "chi2_level": 0.99, "chi2_df": 3, "chi2_threshold": 11.344866730144373, "N_raw": 75, "N_roi": 75, "N_inlier": 71, "refit": true}
{"timestamp": "12:56:28.386059", "frame": 75, "mu": [-0.3195207770236887, 0.9158379436455736, 1.4851274918586759], "Sigma": [[0.002635736038715609, -0.0004212736108633675, -0.0011577474608485557], [-0.0004212736108633674, 0.0029216105102069304, -0.0025415721668603413], [-0.0011577474608485557, -0.0025415721668603413, 0.0036486273120058524]], "chi2_level": 0.99, "chi2_df": 3, "chi2_threshold": 11.344866730144373, "N_raw": 69, "N_roi": 69, "N_inlier": 65, "refit": true}
{"timestamp": "12:56:28.440378", "frame": 76, "mu": [-0.28674664583559634, 0.8553587026070791, -0.642426845191067], "Sigma": [[0.003933061406328555, -0.0004513168813237283, 0.002330969359851077], [-0.0004513168813237283, 0.00763845390029526, 0.004704799417799748], [0.002330969359851077, 0.004704799417799747, 0.015679675235494128]], "chi2_level": 0.99, "chi2_df": 3, "chi2_threshold": 11.344866730144373, "N_raw": 70, "N_roi": 70, "N_inlier": 65, "refit": true}
{"timestamp": "12:56:28.497096", "frame": 77, "mu": [-0.3321803734141291, 1.0274425331177626, -0.44465687806833365], "Sigma": [[0.010474806998327093, 0.009308369431117913, -0.019478627990367703], [0.009308369431117913, 0.040576351736517635, -0.03373262544216865], [-0.019478627990367706, -0.033732625442168644, 0.06221480758918446]], "chi2_level": 0.99, "chi2_df": 3, "chi2_threshold": 11.344866730144373, "N_raw": 76, "N_roi": 76, "N_inlier": 72, "refit": true}
{"timestamp": "12:56:28.553963", "frame": 78, "mu": [-0.43024103943825137, 0.8724219794488637, 1.4665022475714329], "Sigma": [[0.00676590031260721, -0.005368374006185901, -0.009623494290370814], [-0.005368374006185901, 0.007506118122673198, 0.008188105935470286], [-0.009623494290370814, 0.008188105935470286, 0.02057302017954247]], "chi2_level": 0.99, "chi2_df": 3, "chi2_threshold": 11.344866730144373, "N_raw": 90, "N_roi": 90, "N_inlier": 82, "refit": true}
{"timestamp": "12:56:28.604103", "frame": 79, "mu": [-0.4327422683055412, 0.77225753460249, 1.2845313498630095], "Sigma": [[0.0027792532709884636, -0.002639176912282065, -0.001682531045256109], [-0.002639176912282065, 0.004105760852855225, 0.0003970927448286154], [-0.001682531045256109, 0.0003970927448286153, 0.003234113712513325]], "chi2_level": 0.99, "chi2_df": 3, "chi2_threshold": 11.344866730144373, "N_raw": 52, "N_roi": 50, "N_inlier": 43, "refit": true}
{"timestamp": "12:56:28.662600", "frame": 80, "mu": [-0.524363402957127, 0.9299811836957447, 1.4847348781096317], "Sigma": [[0.005043853738230583, -0.004612131054595573, -0.003742599930019925], [-0.004612131054595573, 0.008399741314725645, 0.0021936566799740194], [-0.003742599930019925, 0.0021936566799740194, 0.007444150083846225]], "chi2_level": 0.99, "chi2_df": 3, "chi2_threshold": 11.344866730144373, "N_raw": 81, "N_roi": 80, "N_inlier": 71, "refit": true}
{"timestamp": "12:56:28.720500", "frame": 81, "mu": [-0.6855669676384011, 0.8902169668073409, 1.575377725778398], "Sigma": [[0.02694645430273905, 0.010592683475441001, -0.020829172832467747], [0.010592683475441001, 0.012208456514804919, -0.005593446890835113], [-0.020829172832467747, -0.005593446890835114, 0.03268954613133368]], "chi2_level": 0.99, "chi2_df": 3, "chi2_threshold": 11.344866730144373, "N_raw": 91, "N_roi": 91, "N_inlier": 89, "refit": true}
{"timestamp": "12:56:28.766320", "frame": 82, "mu": [-0.7092779293630299, 0.7371069857156851, 1.4711927161584277], "Sigma": [[0.06926401542328811, 0.0009928184857393137, -0.058573996541811585], [0.0009928184857393135, 0.006246848660332627, -0.006453683858392411], [-0.058573996541811585, -0.006453683858392411, 0.05964818299463899]], "chi2_level": 0.99, "chi2_df": 3, "chi2_threshold": 11.344866730144373, "N_raw": 35, "N_roi": 35, "N_inlier": 33, "refit": true}
{"timestamp": "12:56:28.826798", "frame": 83, "mu": [-0.7450244361152017, 0.890182928448753, 1.579684514358215], "Sigma": [[0.024788288077015004, 0.0038049994197565527, -0.02062771990176717], [0.003804999419756553, 0.02077830310139677, -0.0022119082935458663], [-0.02062771990176717, -0.0022119082935458663, 0.020120458314038747]], "chi2_level": 0.99, "chi2_df": 3, "chi2_threshold": 11.344866730144373, "N_raw": 80, "N_roi": 79, "N_inlier": 78, "refit": true}
{"timestamp": "12:56:28.884317", "frame": 84, "mu": [-0.8583389049981823, 0.9527388404293304, -0.17361099769364044], "Sigma": [[0.027979832493508657, 0.02073184903580836, -0.008788431905396948], [0.02073184903580836, 0.027027376527873535, -0.003097851822162279], [-0.008788431905396948, -0.003097851822162279, 0.006974128369059452]], "chi2_level": 0.99, "chi2_df": 3, "chi2_threshold": 11.344866730144373, "N_raw": 86, "N_roi": 85, "N_inlier": 82, "refit": true}
{"timestamp": "12:56:28.936359", "frame": 85, "mu": [-0.8912332985853059, 0.8980161460485943, 1.6329516095764305], "Sigma": [[0.01791154853761625, 0.011273050616544468, -0.019344740538037232], [0.011273050616544468, 0.01322134460051153, -0.01546419927753481], [-0.019344740538037225, -0.015464199277534809, 0.024150066522970737]], "chi2_level": 0.99, "chi2_df": 3, "chi2_threshold": 11.344866730144373, "N_raw": 70, "N_roi": 69, "N_inlier": 68, "refit": true}
{"timestamp": "12:56:28.992339", "frame": 86, "mu": [-1.0310545923937777, 0.8281558666744269, 1.7191291197733494], "Sigma": [[0.009044182081698842, 0.006414729997128776, -0.005385770661441946], [0.006414729997128776, 0.011305538200775385, -0.0073155498957458605], [-0.005385770661441946, -0.0073155498957458605, 0.005350030228139689]], "chi2_level": 0.99, "chi2_df": 3, "chi2_threshold": 11.344866730144373, "N_raw": 79, "N_roi": 77, "N_inlier": 72, "refit": true}
{"timestamp": "12:56:29.046033", "frame": 87, "mu": [-1.0339457871534947, 0.8611062418829712, 1.6625525915251256], "Sigma": [[0.018846444876392855, 0.00938007762385704, -0.010033285483056705], [0.00938007762385704, 0.008532849823580204, -0.006328765708260504], [-0.010033285483056705, -0.006328765708260505, 0.010394636836906534]], "chi2_level": 0.99, "chi2_df": 3, "chi2_threshold": 11.344866730144373, "N_raw": 65, "N_roi": 63, "N_inlier": 61, "refit": true}
{"timestamp": "12:56:29.100869", "frame": 88, "mu": [-0.9598805497330006, 0.8909100105022605, 1.5680160254874251], "Sigma": [[0.010293708761646902, 0.005471049802105828, -0.008479377753587636], [0.005471049802105828, 0.010001998552538032, -0.0064699918341079715], [-0.008479377753587636, -0.0064699918341079715, 0.008391243333051546]], "chi2_level": 0.99, "chi2_df": 3, "chi2_threshold": 11.344866730144373, "N_raw": 71, "N_roi": 71, "N_inlier": 67, "refit": true}
{"timestamp": "12:56:29.152019", "frame": 89, "mu": [-1.140282054427002, 0.8118450034548503, 1.5890362602870316], "Sigma": [[0.02161055063465292, 0.005397057368301783, -0.01796011020241497], [0.005397057368301783, 0.0064744968791273705, -0.004261976294292645], [-0.017960110202414975, -0.004261976294292645, 0.03566881678971101]], "chi2_level": 0.99, "chi2_df": 3, "chi2_threshold": 11.344866730144373, "N_raw": 45, "N_roi": 45, "N_inlier": 43, "refit": true}
{"timestamp": "12:56:29.214974", "frame": 90, "mu": [-1.0789668058128854, 0.8429398199684578, 1.5953685296202937], "Sigma": [[0.017501413480010507, 0.004826631213965041, -0.007853372491855588], [0.004826631213965041, 0.005843501425520355, -0.0052910895622411205], [-0.007853372491855588, -0.0052910895622411205, 0.007106397658347615]], "chi2_level": 0.99, "chi2_df": 3, "chi2_threshold": 11.344866730144373, "N_raw": 103, "N_roi": 103, "N_inlier": 98, "refit": true}
{"timestamp": "12:56:29.271518", "frame": 91, "mu": [-1.0946679142280273, 0.8481110464743429, 1.609001459749824], "Sigma": [[0.016203638960666428, 0.0007328706463184326, -0.0128530922651366], [0.0007328706463184324, 0.010107321131204623, 0.0002088397578327868], [-0.0128530922651366, 0.00020883975783278692, 0.013856874263154776]], "chi2_level": 0.99, "chi2_df": 3, "chi2_threshold": 11.344866730144373, "N_raw": 98, "N_roi": 98, "N_inlier": 96, "refit": true}
{"timestamp": "12:56:29.323503", "frame": 92, "mu": [-1.1135263573049423, 0.8358128450802313, 1.5792866332595945], "Sigma": [[0.010764478276304749, 0.002374293965596814, -0.004621910051721284], [0.002374293965596814, 0.012466713304208408, -0.0008776756107020452], [-0.004621910051721284, -0.0008776756107020446, 0.0051955598398755335]], "chi2_level": 0.99, "chi2_df": 3, "chi2_threshold": 11.344866730144373, "N_raw": 86, "N_roi": 86, "N_inlier": 85, "refit": true}
{"timestamp": "12:56:29.379929", "frame": 93, "mu": [-1.1703154925588628, 0.8545691099829883, 1.6281964434216256], "Sigma": [[0.011646923765320177, 0.00366506252914448, -0.005195786687899659], [0.00366506252914448, 0.008663194763584712, -0.005331147576559952], [-0.005195786687899659, -0.005331147576559952, 0.005585677559524851]], "chi2_level": 0.99, "chi2_df": 3, "chi2_threshold": 11.344866730144373, "N_raw": 90, "N_roi": 90, "N_inlier": 85, "refit": true}
{"timestamp": "12:56:29.431805", "frame": 94, "mu": [-1.2167574694518781, 0.667320930874964, 1.3812347365858102], "Sigma": [[0.011964417457348444, 0.0020664439457152993, -0.012026001359319548], [0.0020664439457152993, 0.021332572341188513, -0.0015098139677655882], [-0.012026001359319548, -0.0015098139677655882, 0.020584911859126517]], "chi2_level": 0.99, "chi2_df": 3, "chi2_threshold": 11.344866730144373, "N_raw": 69, "N_roi": 69, "N_inlier": 65, "refit": true}
{"timestamp": "12:56:29.489723", "frame": 95, "mu": [-1.2167226168792191, 0.7899191152178947, 1.3077216454541731], "Sigma": [[0.026396332724695354, 0.01562610185872198, -0.05214737095704211], [0.01562610185872198, 0.02525615960901783, -0.04369891036098379], [-0.052147370957042125, -0.0436989103609838, 0.14283389921567216]], "chi2_level": 0.99, "chi2_df": 3, "chi2_threshold": 11.344866730144373, "N_raw": 95, "N_roi": 95, "N_inlier": 95, "refit": true}
{"timestamp": "12:56:29.547354", "frame": 96, "mu": [-1.2741432540609463, 0.7035612977291725, 1.3538642749109506], "Sigma": [[0.014946089579788506, 0.008078585294557442, -0.003930885290221994], [0.00807858529455744, 0.01760144498668416, -0.0072245411822959675], [-0.003930885290221995, -0.0072245411822959675, 0.00594580587219971]], "chi2_level": 0.99, "chi2_df": 3, "chi2_threshold": 11.344866730144373, "N_raw": 108, "N_roi": 108, "N_inlier": 102, "refit": true}
{"timestamp": "12:56:29.606730", "frame": 97, "mu": [-1.2497194761907386, 0.992500387174807, -0.4869155245468215], "Sigma": [[0.026272579750094272, 0.026570582217331558, -0.03344493357160694], [0.026570582217331558, 0.05221705525520296, -0.05929871904371679], [-0.03344493357160694, -0.059298719043716794, 0.08620730542796588]], "chi2_level": 0.99, "chi2_df": 3, "chi2_threshold": 11.344866730144373, "N_raw": 130, "N_roi": 130, "N_inlier": 129, "refit": true}
{"timestamp": "12:56:29.658674", "frame": 98, "mu": [-1.280408961468891, 0.8460598127750407, 1.3134722127319327], "Sigma": [[0.020355455354686944, 0.009125838505133346, -0.029479221465721635], [0.009125838505133349, 0.02155541480288232, -0.02838874315807275], [-0.029479221465721635, -0.028388743158072754, 0.09789607715255622]], "chi2_level": 0.99, "chi2_df": 3, "chi2_threshold": 11.344866730144373, "N_raw": 123, "N_roi": 123, "N_inlier": 122, "refit": true}
