{"timestamp": "11:57:19.699767", "frame": 30, "mu": [2.0213921683659453, 1.8787259149339621, 1.0782913377667585], "Sigma": [[0.00998442789422401, -0.0034318465707064583, 0.00786224563045913], [-0.003431846570706459, 0.004033501317537371, -0.005126656721051442], [0.00786224563045913, -0.005126656721051441, 0.010583620327194966]], "chi2_level": 0.99, "chi2_df": 3, "chi2_threshold": 11.344866730144373, "N_raw": 35, "N_roi": 35, "N_inlier": 34, "refit": true}
{"timestamp": "11:57:19.758570", "frame": 31, "mu": [1.9262638737582762, 1.8866915991261235, 0.9890090884805122], "Sigma": [[0.012292570579732688, -0.0019808554768224497, 0.010103885869736718], [-0.0019808554768224493, 0.004166630966080698, -0.003959958751126669], [0.010103885869736718, -0.003959958751126669, 0.016967713222492107]], "chi2_level": 0.99, "chi2_df": 3, "chi2_threshold": 11.344866730144373, "N_raw": 47, "N_roi": 46, "N_inlier": 45, "refit": true}
{"timestamp": "11:57:19.867496", "frame": 33, "mu": [1.8030501259367993, 1.9272697368401703, 0.9841026708885814], "Sigma": [[0.010944104647221264, -0.004656849308765924, 0.0024472304047903877], [-0.004656849308765923, 0.005824160522108391, -0.003025206005879362], [0.0024472304047903877, -0.003025206005879362, 0.0022184294085055714]], "chi2_level": 0.99, "chi2_df": 3, "chi2_threshold": 11.344866730144373, "N_raw": 41, "N_roi": 41, "N_inlier": 39, "refit": true}
{"timestamp": "11:57:19.921820", "frame": 34, "mu": [1.731067346804666, 2.035853664188076, 1.1341689393679475], "Sigma": [[0.007099561920330267, -0.001614730476468915, 0.00368084210347133], [-0.001614730476468915, 0.007995825562579951, -0.0010908735795014436], [0.00368084210347133, -0.0010908735795014436, 0.0026857287630473285]], "chi2_level": 0.99, "chi2_df": 3, "chi2_threshold": 11.344866730144373, "N_raw": 36, "N_roi": 36, "N_inlier": 36, "refit": true}
{"timestamp": "11:57:19.972538", "frame": 35, "mu": [1.7167347408578015, 1.9827192911655172, 1.101341639434677], "Sigma": [[0.0032713489098552834, -0.002426600220702052, -0.0010481750331650236], [-0.002426600220702052, 0.0022442551204748646, -0.0008423306992132087], [-0.0010481750331650234, -0.0008423306992132087, 0.006720119446023561]], "chi2_level": 0.99, "chi2_df": 3, "chi2_threshold": 11.344866730144373, "N_raw": 12, "N_roi": 12, "N_inlier": 11, "refit": true}
{"timestamp": "11:57:20.083653", "frame": 37, "mu": [1.5666478289191348, 2.175417299230383, 1.3886251880713552], "Sigma": [[0.003333984119463375, -0.0008850380899419615, 0.00022531624912378067], [-0.0008850380899419616, 0.0024423850687066303, -0.0006705270097766897], [0.00022531624912378067, -0.0006705270097766898, 0.0001852651623218886]], "chi2_level": 0.99, "chi2_df": 3, "chi2_threshold": 11.344866730144373, "N_raw": 17, "N_roi": 17, "N_inlier": 16, "refit": true}
{"timestamp": "11:57:20.194945", "frame": 39, "mu": [1.5130581240210763, 2.177618130537673, 1.3864742071560747], "Sigma": [[0.006862154052090224, -0.0020700200052897496, -0.006217016988791565], [-0.002070020005289749, 0.00250551863437905, 0.0008821122410281507], [-0.006217016988791565, 0.0008821122410281508, 0.008196586750729186]], "chi2_level": 0.99, "chi2_df": 3, "chi2_threshold": 11.344866730144373, "N_raw": 25, "N_roi": 25, "N_inlier": 24, "refit": true}
{"timestamp": "11:57:20.248636", "frame": 40, "mu": [1.4875282090861366, 2.107895585097918, 1.244413068827007], "Sigma": [[0.003999183129901264, -0.0031079024219418574, -0.008266116447809814], [-0.0031079024219418574, 0.004110490032216405, 0.004780169790950342], [-0.008266116447809814, 0.004780169790950342, 0.034068929107170985]], "chi2_level": 0.99, "chi2_df": 3, "chi2_threshold": 11.344866730144373, "N_raw": 15, "N_roi": 15, "N_inlier": 15, "refit": true}
{"timestamp": "11:57:20.302725", "frame": 41, "mu": [1.5008751281724508, 2.0683572501709255, 1.2598643735255535], "Sigma": [[0.007160708447350414, -0.0013380290874223705, -0.014951224919331374], [-0.0013380290874223707, 0.0010256681551265752, 0.004286779970790366], [-0.014951224919331372, 0.004286779970790365, 0.057860047725207]], "chi2_level": 0.99, "chi2_df": 3, "chi2_threshold": 11.344866730144373, "N_raw": 8, "N_roi": 8, "N_inlier": 7, "refit": true}
{"timestamp": "11:57:20.362033", "frame": 42, "mu": [1.3964135726008085, 2.1491456056269778, 1.2660573156551853], "Sigma": [[0.010038881640869498, -0.008043242226454743, -0.015376544834384668], [-0.008043242226454743, 0.008865371608431656, 0.014722229912076624], [-0.01537654483438467, 0.014722229912076624, 0.058683328575501875]], "chi2_level": 0.99, "chi2_df": 3, "chi2_threshold": 11.344866730144373, "N_raw": 46, "N_roi": 46, "N_inlier": 45, "refit": true}
{"timestamp": "11:57:20.415468", "frame": 43, "mu": [1.4497584806308828, 2.2174011758913625, 0.7744456930372877], "Sigma": [[0.007211210734949572, 0.0002648569466854605, -0.015217969525830231], [0.0002648569466854606, 0.012152503575655369, -0.019085698966179433], [-0.015217969525830228, -0.019085698966179433, 0.06850591978350934]], "chi2_level": 0.99, "chi2_df": 3, "chi2_threshold": 11.344866730144373, "N_raw": 30, "N_roi": 30, "N_inlier": 30, "refit": true}
{"timestamp": "11:57:20.477699", "frame": 44, "mu": [1.392675592977774, 2.2332319866963064, -0.33593841626534066], "Sigma": [[0.012797660372447176, -0.004447939249071744, -0.013949027276865329], [-0.004447939249071744, 0.006695755585010793, -0.0028116884684490024], [-0.013949027276865329, -0.002811688468449003, 0.02784817792344276]], "chi2_level": 0.99, "chi2_df": 3, "chi2_threshold": 11.344866730144373, "N_raw": 64, "N_roi": 64, "N_inlier": 61, "refit": true}
{"timestamp": "11:57:20.529006", "frame": 45, "mu": [1.3265487494412902, 2.1737786900864577, 0.8936227587629297], "Sigma": [[0.013380765824042738, -0.009848275781716645, -0.03415614821486582], [-0.009848275781716645, 0.02229451373800941, -0.006933876132641944], [-0.03415614821486582, -0.006933876132641944, 0.22940149385335423]], "chi2_level": 0.99, "chi2_df": 3, "chi2_threshold": 11.344866730144373, "N_raw": 49, "N_roi": 49, "N_inlier": 49, "refit": true}
{"timestamp": "11:57:20.584920", "frame": 46, "mu": [1.2411305937488848, 2.130192907109925, 1.2679611817570735], "Sigma": [[0.009478609417495244, -0.0041086807887809945, -0.002205347138151124], [-0.0041086807887809945, 0.005602107013531876, 0.004494043937965193], [-0.0022053471381511245, 0.004494043937965193, 0.07186289914443963]], "chi2_level": 0.99, "chi2_df": 3, "chi2_threshold": 11.344866730144373, "N_raw": 54, "N_roi": 54, "N_inlier": 50, "refit": true}
{"timestamp": "11:57:20.635921", "frame": 47, "mu": [1.3048324404594038, 2.0470494029346744, 0.7401397263580223], "Sigma": [[0.015518998525027273, -0.014268430407239754, 0.018463737534590324], [-0.014268430407239754, 0.014687571018736708, -0.021527537920349164], [0.018463737534590324, -0.021527537920349168, 0.0751645412408726]], "chi2_level": 0.99, "chi2_df": 3, "chi2_threshold": 11.344866730144373, "N_raw": 30, "N_roi": 30, "N_inlier": 27, "refit": true}
{"timestamp": "11:57:20.696649", "frame": 48, "mu": [1.1434477756668084, 2.183602891124654, 0.9351615345614133], "Sigma": [[0.008913131144442574, -0.009103078949257742, 0.006834987627818096], [-0.009103078949257742, 0.02987254365507299, -0.05765173907089093], [0.006834987627818094, -0.057651739070890926, 0.15564763507891125]], "chi2_level": 0.99, "chi2_df": 3, "chi2_threshold": 11.344866730144373, "N_raw": 73, "N_roi": 73, "N_inlier": 69, "refit": true}
{"timestamp": "11:57:20.749173", "frame": 49, "mu": [1.2011637854090478, 1.9540489966792651, 0.7081621880577399], "Sigma": [[0.01250355786565929, -0.009846088728861963, 0.003083201035799683], [-0.009846088728861963, 0.01056142028748761, -0.007620079220703744], [0.003083201035799683, -0.007620079220703744, 0.04463465466855768]], "chi2_level": 0.99, "chi2_df": 3, "chi2_threshold": 11.344866730144373, "N_raw": 47, "N_roi": 47, "N_inlier": 43, "refit": true}
{"timestamp": "11:57:20.808751", "frame": 50, "mu": [1.0633747040172337, 2.2100429256002574, -0.33924226799508045], "Sigma": [[0.011765605366685784, -0.005451822757283065, -0.015487050808029089], [-0.005451822757283065, 0.023878227666059328, -0.021952005213915892], [-0.01548705080802909, -0.021952005213915892, 0.09354857391413268]], "chi2_level": 0.99, "chi2_df": 3, "chi2_threshold": 11.344866730144373, "N_raw": 80, "N_roi": 80, "N_inlier": 76, "refit": true}
{"timestamp": "11:57:20.859421", "frame": 51, "mu": [1.011151489256419, 1.984001530003127, 1.2841275783747594], "Sigma": [[0.009810410720714039, -0.006301681549458725, -0.009995168504560292], [-0.006301681549458725, 0.0077869503017994465, 0.006548845809025094], [-0.009995168504560292, 0.006548845809025095, 0.015479241341576465]], "chi2_level": 0.99, "chi2_df": 3, "chi2_threshold": 11.344866730144373, "N_raw": 48, "N_roi": 48, "N_inlier": 45, "refit": true}
{"timestamp": "11:57:20.913643", "frame": 52, "mu": [1.0019989046286957, 1.997172875136942, 1.2269810553284075], "Sigma": [[0.005625081545305487, -0.0035107262543611142, -0.004279761657300167], [-0.0035107262543611142, 0.008892143570938852, 0.00277418108126529], [-0.004279761657300167, 0.00277418108126529, 0.004336049327698583]], "chi2_level": 0.99, "chi2_df": 3, "chi2_threshold": 11.344866730144373, "N_raw": 46, "N_roi": 43, "N_inlier": 43, "refit": true}
{"timestamp": "11:57:20.967919", "frame": 53, "mu": [0.9442645203995805, 2.081387916089552, -0.5217542751353227], "Sigma": [[0.007424041877947595, 0.0022955431791066338, -0.002060344033555717], [0.0022955431791066338, 0.008381039240451688, 0.0025503732210851835], [-0.002060344033555718, 0.0025503732210851817, 0.1152783753505977]], "chi2_level": 0.99, "chi2_df": 3, "chi2_threshold": 11.344866730144373, "N_raw": 42, "N_roi": 42, "N_inlier": 39, "refit": true}
{"timestamp": "11:57:21.027315", "frame": 54, "mu": [0.8227300516459264, 2.148826687199143, -0.17574043681076404], "Sigma": [[0.009752458406243083, -0.003743645412658489, -0.013048560348132702], [-0.003743645412658489, 0.008365972921259728, 0.0020545144900795936], [-0.013048560348132702, 0.002054514490079593, 0.030709178028413858]], "chi2_level": 0.99, "chi2_df": 3, "chi2_threshold": 11.344866730144373, "N_raw": 71, "N_roi": 71, "N_inlier": 67, "refit": true}
{"timestamp": "11:57:21.074720", "frame": 55, "mu": [0.8263816802626742, 1.913275501396576, 0.5392080583625836], "Sigma": [[0.0048315464526387355, 0.0014098138810544167, -0.039629993099439514], [0.0014098138810544167, 0.0036072322345217477, -0.02259880299603459], [-0.039629993099439514, -0.02259880299603459, 0.403049524694081]], "chi2_level": 0.99, "chi2_df": 3, "chi2_threshold": 11.344866730144373, "N_raw": 12, "N_roi": 10, "N_inlier": 10, "refit": true}
{"timestamp": "11:57:21.136274", "frame": 56, "mu": [0.696053879963702, 1.9463855704722912, 1.035906562080422], "Sigma": [[0.013799646068763707, 0.0005483523338220258, -0.005244254486188707], [0.0005483523338220257, 0.0066505041384380854, 0.0006619667762549075], [-0.005244254486188707, 0.0006619667762549076, 0.003993615039173905]], "chi2_level": 0.99, "chi2_df": 3, "chi2_threshold": 11.344866730144373, "N_raw": 72, "N_roi": 72, "N_inlier": 69, "refit": true}
{"timestamp": "11:57:21.192592", "frame": 57, "mu": [0.6789745135780211, 2.0959586112491517, -0.6192482825636185], "Sigma": [[0.007287100753756973, 0.0068190014722156935, 0.009779417771499942], [0.0068190014722156935, 0.014786336878752448, 0.013587127620409098], [0.009779417771499944, 0.013587127620409097, 0.049329928336693696]], "chi2_level": 0.99, "chi2_df": 3, "chi2_threshold": 11.344866730144373, "N_raw": 70, "N_roi": 70, "N_inlier": 65, "refit": true}
{"timestamp": "11:57:21.243456", "frame": 58, "mu": [0.5710654115903033, 2.0695275507036217, 1.093515754171934], "Sigma": [[0.01782682143594811, -0.007561913639164655, -0.051218934519531314], [-0.007561913639164655, 0.006650433810439888, 0.03151979167551724], [-0.05121893451953132, 0.03151979167551724, 0.26462132641383496]], "chi2_level": 0.99, "chi2_df": 3, "chi2_threshold": 11.344866730144373, "N_raw": 39, "N_roi": 36, "N_inlier": 34, "refit": true}
{"timestamp": "11:57:21.293678", "frame": 59, "mu": [0.5154794535553665, 1.9981543274108124, 0.571486608290552], "Sigma": [[0.009247163180747238, -0.0027449330210149677, 0.009843635606208939], [-0.0027449330210149677, 0.005947242495048604, -0.03382628154410698], [0.009843635606208937, -0.03382628154410698, 0.32721610913328136]], "chi2_level": 0.99, "chi2_df": 3, "chi2_threshold": 11.344866730144373, "N_raw": 10, "N_roi": 10, "N_inlier": 10, "refit": true}
{"timestamp": "11:57:21.357750", "frame": 60, "mu": [0.5071477154239558, 2.139260667022968, -0.37538001959372486], "Sigma": [[0.007658881725723371, 0.002750402080193436, 0.010554936156834265], [0.002750402080193436, 0.008017630186505776, 0.0058227194534706764], [0.010554936156834265, 0.0058227194534706764, 0.06369314807912277]], "chi2_level": 0.99, "chi2_df": 3, "chi2_threshold": 11.344866730144373, "N_raw": 75, "N_roi": 75, "N_inlier": 71, "refit": true}
{"timestamp": "11:57:21.411362", "frame": 61, "mu": [0.46813287540895054, 1.996664764142565, 1.2555796189908572], "Sigma": [[0.00901248528628879, -0.005322779278298756, -0.0072200723999483836], [-0.005322779278298755, 0.009668401321971347, 0.004992384267654436], [-0.0072200723999483836, 0.004992384267654436, 0.006544363861008679]], "chi2_level": 0.99, "chi2_df": 3, "chi2_threshold": 11.344866730144373, "N_raw": 65, "N_roi": 65, "N_inlier": 62, "refit": true}
{"timestamp": "11:57:21.468210", "frame": 62, "mu": [0.4326358176427542, 2.020837111614908, 1.1962165233792907], "Sigma": [[0.007731617511908473, -0.005122167586701105, -0.01701563730442035], [-0.005122167586701106, 0.00982205796019134, 0.009936509311816099], [-0.01701563730442035, 0.009936509311816099, 0.06524325801406079]], "chi2_level": 0.99, "chi2_df": 3, "chi2_threshold": 11.344866730144373, "N_raw": 78, "N_roi": 77, "N_inlier": 75, "refit": true}
{"timestamp": "11:57:21.524898", "frame": 63, "mu": [0.2888773737998029, 2.170434285256139, 0.16940547475168893], "Sigma": [[0.009475444213820834, -0.004298683604829738, 0.018575412848142556], [-0.004298683604829738, 0.015504370146489718, -0.03966897049233477], [0.018575412848142556, -0.03966897049233477, 0.2937465177041914]], "chi2_level": 0.99, "chi2_df": 3, "chi2_threshold": 11.344866730144373, "N_raw": 84, "N_roi": 81, "N_inlier": 80, "refit": true}
{"timestamp": "11:57:21.577248", "frame": 64, "mu": [0.2204643777244443, 2.1111090665349788, 1.385917602902304], "Sigma": [[0.008453528040024883, -0.00428288807323042, -0.004600009665493411], [-0.00428288807323042, 0.008901466619096392, 0.0006677667506643471], [-0.004600009665493411, 0.0006677667506643473, 0.00737891300321663]], "chi2_level": 0.99, "chi2_df": 3, "chi2_threshold": 11.344866730144373, "N_raw": 73, "N_roi": 69, "N_inlier": 69, "refit": true}
{"timestamp": "11:57:21.631148", "frame": 65, "mu": [0.15280546002552062, 2.1455857138675065, 1.4091820692959904], "Sigma": [[0.007746614520574755, -0.0021517236116120084, -0.009566166629427272], [-0.0021517236116120084, 0.004398081654147133, 0.0007515460863636368], [-0.009566166629427273, 0.000751546086363637, 0.020988270418234044]], "chi2_level": 0.99, "chi2_df": 3, "chi2_threshold": 11.344866730144373, "N_raw": 58, "N_roi": 56, "N_inlier": 51, "refit": true}
{"timestamp": "11:57:21.689107", "frame": 66, "mu": [0.2081534179985438, 2.0809594297722014, 1.1387680014342851], "Sigma": [[0.009016047692080502, -0.0018538132696414925, 0.01673532016787286], [-0.0018538132696414925, 0.009151600805791889, -0.0038653442614311724], [0.01673532016787286, -0.0038653442614311733, 0.16465019807577777]], "chi2_level": 0.99, "chi2_df": 3, "chi2_threshold": 11.344866730144373, "N_raw": 83, "N_roi": 80, "N_inlier": 79, "refit": true}
{"timestamp": "11:57:21.744490", "frame": 67, "mu": [0.14823634606303263, 2.1355115091187615, -0.2766954232545416], "Sigma": [[0.007551419893453895, -0.003932620260195233, -0.00913587236458719], [-0.003932620260195233, 0.010156187407166223, 0.003171240088195961], [-0.00913587236458719, 0.003171240088195961, 0.06246369999376343]], "chi2_level": 0.99, "chi2_df": 3, "chi2_threshold": 11.344866730144373, "N_raw": 86, "N_roi": 86, "N_inlier": 82, "refit": true}
{"timestamp": "11:57:21.809234", "frame": 68, "mu": [-0.035882074048375574, 2.027547465641975, 0.8538437896603525], "Sigma": [[0.03239249349166892, 0.0037054516490670113, 0.08784102254475772], [0.0037054516490670113, 0.009934900172870123, 0.036059140109679075], [0.08784102254475772, 0.036059140109679075, 0.4632358174590347]], "chi2_level": 0.99, "chi2_df": 3, "chi2_threshold": 11.344866730144373, "N_raw": 145, "N_roi": 145, "N_inlier": 145, "refit": true}
{"timestamp": "11:57:21.855629", "frame": 69, "mu": [-0.025643001334217472, 2.0554533748357176, 1.411232641471951], "Sigma": [[0.010653256421245946, -0.006391064832112826, -0.00975910113790985], [-0.006391064832112826, 0.011275309694062197, 0.00680327458722272], [-0.00975910113790985, 0.00680327458722272, 0.009892027652795342]], "chi2_level": 0.99, "chi2_df": 3, "chi2_threshold": 11.344866730144373, "N_raw": 82, "N_roi": 82, "N_inlier": 76, "refit": true}
{"timestamp": "11:57:21.907208", "frame": 70, "mu": [-0.06804945412195365, 2.018923313063884, 1.3650229565235414], "Sigma": [[0.00981434513137588, -0.00409058073973554, -0.005675522498696462], [-0.00409058073973554, 0.00834562212755538, 0.004676831253044808], [-0.005675522498696462, 0.004676831253044808, 0.004491388843469338]], "chi2_level": 0.99, "chi2_df": 3, "chi2_threshold": 11.344866730144373, "N_raw": 69, "N_roi": 68, "N_inlier": 63, "refit": true}
{"timestamp": "11:57:21.960832", "frame": 71, "mu": [-0.15042416424204766, 2.0331958574577587, 1.4138361325889195], "Sigma": [[0.00865294751347438, -0.003425684953745236, -0.005818471540715284], [-0.003425684953745236, 0.007598262485262207, 0.004650840992843486], [-0.005818471540715283, 0.004650840992843486, 0.005031494608629808]], "chi2_level": 0.99, "chi2_df": 3, "chi2_threshold": 11.344866730144373, "N_raw": 62, "N_roi": 61, "N_inlier": 57, "refit": true}
{"timestamp": "11:57:22.014928", "frame": 72, "mu": [-0.191236962185168, 2.0330466651409727, 1.3925570221345462], "Sigma": [[0.006590453128008042, -0.002469400351967185, -0.007332634126363576], [-0.002469400351967185, 0.007585074992816275, 0.0016864976868099953], [-0.007332634126363576, 0.001686497686809995, 0.04911933195387451]], "chi2_level": 0.99, "chi2_df": 3, "chi2_threshold": 11.344866730144373, "N_raw": 55, "N_roi": 55, "N_inlier": 51, "refit": true}
{"timestamp": "11:57:22.068845", "frame": 73, "mu": [-0.322065660202392, 2.1411856317435873, -0.4417320059179336], "Sigma": [[0.009615493219832938, 0.004848848782378244, 0.009484372713070514], [0.004848848782378244, 0.004761379286189713, 0.006847387755324676], [0.009484372713070514, 0.006847387755324676, 0.03735970251195339]], "chi2_level": 0.99, "chi2_df": 3, "chi2_threshold": 11.344866730144373, "N_raw": 47, "N_roi": 45, "N_inlier": 40, "refit": true}
{"timestamp": "11:57:22.119174", "frame": 74, "mu": [-0.20652381005543105, 2.0119364855767254, 0.7675430392364934], "Sigma": [[0.013528182549875508, 0.004565962068838759, -0.049669091991271105], [0.00456596206883876, 0.004748142320726744, -0.023029811014406945], [-0.04966909199127111, -0.023029811014406945, 0.20523227577431116]], "chi2_level": 0.99, "chi2_df": 3, "chi2_threshold": 11.344866730144373, "N_raw": 17, "N_roi": 17, "N_inlier": 17, "refit": true}
{"timestamp": "11:57:22.182882", "frame": 75, "mu": [-0.3260047987485809, 1.979728421640397, 1.0789754790556298], "Sigma": [[0.0065711916746895105, -0.0012220686815650208, -0.0192548610496929], [-0.0012220686815650208, 0.006676241581272039, -0.014160924094498779], [-0.0192548610496929, -0.014160924094498779, 0.2059938603921957]], "chi2_level": 0.99, "chi2_df": 3, "chi2_threshold": 11.344866730144373, "N_raw": 73, "N_roi": 71, "N_inlier": 70, "refit": true}
{"timestamp": "11:57:22.240398", "frame": 76, "mu": [-0.4335419929517078, 2.0028471353216633, 1.2499195471022686], "Sigma": [[0.007668861869930371, -0.002190662588024179, -0.005452216172584791], [-0.002190662588024179, 0.004070231555441429, -0.004501593056116703], [-0.005452216172584791, -0.004501593056116703, 0.03356248366765458]], "chi2_level": 0.99, "chi2_df": 3, "chi2_threshold": 11.344866730144373, "N_raw": 83, "N_roi": 81, "N_inlier": 77, "refit": true}
{"timestamp": "11:57:22.385783", "frame": 77, "mu": [-0.4852956640193251, 2.026603099811194, 1.3582266561230223], "Sigma": [[0.008385213553620843, -9.430127533187693e-05, -0.005560148814906251], [-9.430127533187694e-05, 0.008720468449286081, -0.00203668009418931], [-0.005560148814906251, -0.00203668009418931, 0.02512673060947217]], "chi2_level": 0.99, "chi2_df": 3, "chi2_threshold": 11.344866730144373, "N_raw": 87, "N_roi": 87, "N_inlier": 83, "refit": true}
{"timestamp": "11:57:22.394139", "frame": 78, "mu": [-0.525854830886004, 2.1012418178746612, -0.3599395457288273], "Sigma": [[0.007647839701975534, -0.003042434960478369, 0.007116190639602123], [-0.0030424349604783693, 0.020097228675451842, -0.06936327708967477], [0.007116190639602123, -0.06936327708967477, 0.33535680683173363]], "chi2_level": 0.99, "chi2_df": 3, "chi2_threshold": 11.344866730144373, "N_raw": 70, "N_roi": 69, "N_inlier": 69, "refit": true}
{"timestamp": "11:57:22.429417", "frame": 79, "mu": [-0.562413683163573, 2.096213255733694, -0.8173293757581566], "Sigma": [[0.008220746388938903, 0.004801215472044575, -0.004176550912993396], [0.004801215472044575, 0.037322908181194325, -0.05734411169453214], [-0.004176550912993397, -0.057344111694532136, 0.1692129917829712]], "chi2_level": 0.99, "chi2_df": 3, "chi2_threshold": 11.344866730144373, "N_raw": 104, "N_roi": 101, "N_inlier": 98, "refit": true}
{"timestamp": "11:57:22.461390", "frame": 80, "mu": [-0.6073714971178558, 2.003189994460188, 1.0455973585050575], "Sigma": [[0.010414676408678174, 0.000730043458390588, 0.01090954442789197], [0.000730043458390588, 0.0057866442137860805, -0.0005338816620304287], [0.010909544427891972, -0.0005338816620304291, 0.2803985137955265]], "chi2_level": 0.99, "chi2_df": 3, "chi2_threshold": 11.344866730144373, "N_raw": 98, "N_roi": 94, "N_inlier": 94, "refit": true}
{"timestamp": "11:57:22.511449", "frame": 81, "mu": [-0.6311101810596234, 1.9145710681696397, 0.8866290494880462], "Sigma": [[0.005388598616933524, 0.00048555537014422173, 0.007509386690444374], [0.0004855553701442219, 0.0026435447565466424, -0.008488696940503745], [0.007509386690444372, -0.008488696940503745, 0.1933444294202893]], "chi2_level": 0.99, "chi2_df": 3, "chi2_threshold": 11.344866730144373, "N_raw": 60, "N_roi": 60, "N_inlier": 60, "refit": true}
{"timestamp": "11:57:22.562508", "frame": 82, "mu": [-0.7052238120139788, 1.9676233984466815, 1.18344905909286], "Sigma": [[0.007212460488189503, -0.00276390036379414, -0.018613195832422456], [-0.00276390036379414, 0.009777566303096378, 0.009189099602021848], [-0.018613195832422456, 0.009189099602021848, 0.14997643730892066]], "chi2_level": 0.99, "chi2_df": 3, "chi2_threshold": 11.344866730144373, "N_raw": 33, "N_roi": 33, "N_inlier": 31, "refit": true}
{"timestamp": "11:57:22.621681", "frame": 83, "mu": [-0.755150088581663, 2.003988356519099, 1.2797948336522356], "Sigma": [[0.007652846157899395, 0.0009697595257224588, -0.00674557217700646], [0.000969759525722459, 0.008332773924580488, -0.0021340719801197904], [-0.00674557217700646, -0.00213407198011979, 0.00863711347604209]], "chi2_level": 0.99, "chi2_df": 3, "chi2_threshold": 11.344866730144373, "N_raw": 67, "N_roi": 67, "N_inlier": 63, "refit": true}
{"timestamp": "11:57:22.677873", "frame": 84, "mu": [-0.8611627809430386, 1.9958151318851736, 1.3802140793485547], "Sigma": [[0.011004360283354114, -0.003330471653246506, -0.011124464413636228], [-0.0033304716532465066, 0.010132459588975313, 0.005353698784297203], [-0.011124464413636228, 0.005353698784297202, 0.013014025066916108]], "chi2_level": 0.99, "chi2_df": 3, "chi2_threshold": 11.344866730144373, "N_raw": 73, "N_roi": 73, "N_inlier": 69, "refit": true}
{"timestamp": "11:57:22.736961", "frame": 85, "mu": [-0.8770113167072854, 1.9909181042355386, 1.1889950257033133], "Sigma": [[0.015766509205494043, -0.003786286841010124, -0.04363003516382362], [-0.003786286841010125, 0.011991094874440703, 0.013149686599765922], [-0.04363003516382362, 0.013149686599765922, 0.16276268967169935]], "chi2_level": 0.99, "chi2_df": 3, "chi2_threshold": 11.344866730144373, "N_raw": 105, "N_roi": 105, "N_inlier": 102, "refit": true}
{"timestamp": "11:57:22.793236", "frame": 86, "mu": [-0.9736477177631524, 2.0126747887620633, 1.2393686770752457], "Sigma": [[0.016306747453232462, -0.005841909306684371, -0.044962464357633763], [-0.005841909306684371, 0.010738470369212874, 0.01926491392510053], [-0.044962464357633763, 0.01926491392510053, 0.18681354007026704]], "chi2_level": 0.99, "chi2_df": 3, "chi2_threshold": 11.344866730144373, "N_raw": 101, "N_roi": 101, "N_inlier": 99, "refit": true}
{"timestamp": "11:57:22.845865", "frame": 87, "mu": [-1.054095428501663, 2.0118015893384436, 1.3783678964091561], "Sigma": [[0.01722689953906588, -0.006799181376730529, -0.0329946078236346], [-0.006799181376730528, 0.01197104350170125, 0.013173774469829546], [-0.03299460782363459, 0.013173774469829546, 0.09874417450133427]], "chi2_level": 0.99, "chi2_df": 3, "chi2_threshold": 11.344866730144373, "N_raw": 91, "N_roi": 91, "N_inlier": 87, "refit": true}
{"timestamp": "11:57:22.896455", "frame": 88, "mu": [-1.0006899514701402, 1.9312983343484675, 1.1086738151555207], "Sigma": [[0.006922668881508126, 0.001217772554435244, -0.00646272319278887], [0.0012177725544352436, 0.006504749380185077, 0.0005334569467799409], [-0.006462723192788869, 0.000533456946779941, 0.13070706430018347]], "chi2_level": 0.99, "chi2_df": 3, "chi2_threshold": 11.344866730144373, "N_raw": 64, "N_roi": 64, "N_inlier": 61, "refit": true}
{"timestamp": "11:57:22.954784", "frame": 89, "mu": [-1.125795583281098, 1.9636410232962773, 1.2209246986631945], "Sigma": [[0.014816201253980527, -0.005393842436130669, -0.012626155380342013], [-0.005393842436130669, 0.009354647224312533, 0.0013402197442522606], [-0.012626155380342013, 0.0013402197442522606, 0.09923106695663184]], "chi2_level": 0.99, "chi2_df": 3, "chi2_threshold": 11.344866730144373, "N_raw": 91, "N_roi": 91, "N_inlier": 88, "refit": true}
{"timestamp": "11:57:23.008106", "frame": 90, "mu": [-1.1906213244615287, 1.9908996147201778, 1.384178639606001], "Sigma": [[0.020656372587505904, -0.00847810894377038, -0.022978627832776752], [-0.00847810894377038, 0.009582421004229345, 0.010278007132155851], [-0.02297862783277676, 0.01027800713215585, 0.02743376085574866]], "chi2_level": 0.99, "chi2_df": 3, "chi2_threshold": 11.344866730144373, "N_raw": 73, "N_roi": 73, "N_inlier": 69, "refit": true}
{"timestamp": "11:57:23.060032", "frame": 91, "mu": [-1.2127610766165275, 1.9245252237031947, 1.3067362336184662], "Sigma": [[0.022431029951387065, -0.009100773613872556, -0.02509702498216651], [-0.009100773613872558, 0.008348679688649533, 0.011800436079019965], [-0.02509702498216651, 0.011800436079019965, 0.03244463901402944]], "chi2_level": 0.99, "chi2_df": 3, "chi2_threshold": 11.344866730144373, "N_raw": 54, "N_roi": 54, "N_inlier": 51, "refit": true}
{"timestamp": "11:57:23.118874", "frame": 92, "mu": [-1.2698125601949621, 1.9733029885768807, 1.3792413875477685], "Sigma": [[0.025740665717741702, -0.008201928100227247, -0.02926731039979017], [-0.008201928100227246, 0.008150734757288834, 0.008849961260857162], [-0.02926731039979017, 0.008849961260857162, 0.03895004795213996]], "chi2_level": 0.99, "chi2_df": 3, "chi2_threshold": 11.344866730144373, "N_raw": 81, "N_roi": 81, "N_inlier": 79, "refit": true}
{"timestamp": "11:57:23.172611", "frame": 93, "mu": [-1.3755059408433943, 1.9696198088334764, 1.4553000327789007], "Sigma": [[0.03158596375441664, -0.006623062235738823, -0.032979763418008116], [-0.006623062235738823, 0.006588646948444197, 0.006676442449724138], [-0.032979763418008116, 0.006676442449724138, 0.036613460398498276]], "chi2_level": 0.99, "chi2_df": 3, "chi2_threshold": 11.344866730144373, "N_raw": 73, "N_roi": 73, "N_inlier": 67, "refit": true}
{"timestamp": "11:57:23.224233", "frame": 94, "mu": [-1.4251743738653728, 2.0409871994772635, -0.07691633370397835], "Sigma": [[0.013848916026359988, 0.0005504257857531331, -0.014113426998910739], [0.000550425785753133, 0.005360702735112212, 0.0011999534890587708], [-0.014113426998910739, 0.0011999534890587708, 0.017107146758214085]], "chi2_level": 0.99, "chi2_df": 3, "chi2_threshold": 11.344866730144373, "N_raw": 48, "N_roi": 48, "N_inlier": 45, "refit": true}
{"timestamp": "11:57:23.278023", "frame": 95, "mu": [-1.4830399800763685, 1.9066865544044205, 1.362183486711518], "Sigma": [[0.005318090886806789, 0.0004509380671315854, -0.005004926552786805], [0.00045093806713158513, 0.008599721352157712, 0.0005282131050337783], [-0.005004926552786805, 0.0005282131050337781, 0.005329280161127067]], "chi2_level": 0.99, "chi2_df": 3, "chi2_threshold": 11.344866730144373, "N_raw": 42, "N_roi": 42, "N_inlier": 39, "refit": true}
{"timestamp": "11:57:23.338075", "frame": 96, "mu": [-1.6781380717444685, 1.8865838815625646, 1.4740322724913126], "Sigma": [[0.020365512506201097, 0.010402630634503411, -0.019460769585530672], [0.010402630634503411, 0.018367095737398434, -0.010960756404283508], [-0.019460769585530672, -0.010960756404283508, 0.027211099244495607]], "chi2_level": 0.99, "chi2_df": 3, "chi2_threshold": 11.344866730144373, "N_raw": 78, "N_roi": 78, "N_inlier": 74, "refit": true}
{"timestamp": "11:57:23.388438", "frame": 97, "mu": [-1.7356204072535781, 1.795346196336223, 1.3757558010236333], "Sigma": [[0.023001117751683595, 0.02037727614418898, -0.04656617453541409], [0.020377276144188976, 0.0234114346301435, -0.04336272914607843], [-0.04656617453541409, -0.04336272914607843, 0.14356836675901724]], "chi2_level": 0.99, "chi2_df": 3, "chi2_threshold": 11.344866730144373, "N_raw": 44, "N_roi": 44, "N_inlier": 42, "refit": true}
{"timestamp": "11:57:23.450923", "frame": 98, "mu": [-1.9021382690648116, 1.7599050496126805, 1.6731726519407035], "Sigma": [[0.027498840934668145, 0.014344856927579948, -0.026657616994462112], [0.014344856927579948, 0.022587324985367477, -0.009078961019230714], [-0.026657616994462112, -0.009078961019230714, 0.03053471213564434]], "chi2_level": 0.99, "chi2_df": 3, "chi2_threshold": 11.344866730144373, "N_raw": 100, "N_roi": 100, "N_inlier": 94, "refit": true}
{"timestamp": "11:57:23.500033", "frame": 99, "mu": [-1.989497732700372, 1.7580371835593889, 1.6058796459145368], "Sigma": [[0.024653223562163706, 0.019371296674394637, -0.04964558584613208], [0.019371296674394637, 0.026217530131534758, -0.04499437248419765], [-0.04964558584613208, -0.04499437248419765, 0.13427658118289532]], "chi2_level": 0.99, "chi2_df": 3, "chi2_threshold": 11.344866730144373, "N_raw": 59, "N_roi": 59, "N_inlier": 58, "refit": true}
{"timestamp": "11:57:23.659266", "frame": 100, "mu": [-2.0324473192094072, 1.7047062456023836, 1.6521662149155674], "Sigma": [[0.021083852143574743, 0.013419522609373468, -0.03120836028109889], [0.013419522609373468, 0.024927542585975, -0.029922522090008424], [-0.03120836028109889, -0.029922522090008424, 0.0847554179077131]], "chi2_level": 0.99, "chi2_df": 3, "chi2_threshold": 11.344866730144373, "N_raw": 74, "N_roi": 74, "N_inlier": 71, "refit": true}
{"timestamp": "11:57:23.688338", "frame": 101, "mu": [-2.015029660304945, 1.6627389385470253, 1.4628991906900402], "Sigma": [[0.026015784095113417, 0.017880003508691754, -0.015031770571195532], [0.017880003508691754, 0.019379271688935273, -0.012533435879022357], [-0.015031770571195532, -0.012533435879022359, 0.010433670036809351]], "chi2_level": 0.99, "chi2_df": 3, "chi2_threshold": 11.344866730144373, "N_raw": 74, "N_roi": 73, "N_inlier": 71, "refit": true}
{"timestamp": "11:57:23.719333", "frame": 102, "mu": [-2.1431159720569832, 1.652577948632199, 1.6937394796030978], "Sigma": [[0.015593578671469177, 0.007191007302596229, -0.017214126922065393], [0.007191007302596229, 0.016951956055959803, -0.004674994845113623], [-0.017214126922065393, -0.004674994845113623, 0.022541661576718067]], "chi2_level": 0.99, "chi2_df": 3, "chi2_threshold": 11.344866730144373, "N_raw": 60, "N_roi": 60, "N_inlier": 60, "refit": true}
{"timestamp": "11:57:23.754451", "frame": 103, "mu": [-2.167850681639161, 1.693285673265487, 1.673221746247272], "Sigma": [[0.01732845527732167, 0.009760606424183884, -0.018817533914165796], [0.009760606424183884, 0.024789470350187335, -0.006697153197185187], [-0.018817533914165796, -0.006697153197185186, 0.025414643781928654]], "chi2_level": 0.99, "chi2_df": 3, "chi2_threshold": 11.344866730144373, "N_raw": 78, "N_roi": 78, "N_inlier": 77, "refit": true}
{"timestamp": "11:57:23.773661", "frame": 104, "mu": [-2.191599373250281, 1.7235439367989924, -0.021250027631765114], "Sigma": [[0.012828938656870724, 0.007407231160927987, -0.009376023890968891], [0.007407231160927988, 0.015989482587947176, -0.003988244871665101], [-0.009376023890968893, -0.003988244871665101, 0.010338534013418534]], "chi2_level": 0.99, "chi2_df": 3, "chi2_threshold": 11.344866730144373, "N_raw": 47, "N_roi": 47, "N_inlier": 46, "refit": true}
{"timestamp": "11:57:23.829536", "frame": 105, "mu": [-2.2347209764402534, 1.6454458813531758, 1.614404621742643], "Sigma": [[0.012424278325497022, 0.008999456286792381, -0.014773575158381253], [0.008999456286792381, 0.018351446772417086, -0.010535349790280844], [-0.014773575158381253, -0.010535349790280844, 0.020730620957548358]], "chi2_level": 0.99, "chi2_df": 3, "chi2_threshold": 11.344866730144373, "N_raw": 49, "N_roi": 49, "N_inlier": 48, "refit": true}
{"timestamp": "11:57:23.884738", "frame": 106, "mu": [-2.2527401999217878, 1.6258030101405174, 1.479959963557829], "Sigma": [[0.01089991574184945, 0.009341145413847207, -0.007930942537463298], [0.009341145413847205, 0.019191944696594136, -0.01166248657449747], [-0.007930942537463298, -0.01166248657449747, 0.009025786644928197]], "chi2_level": 0.99, "chi2_df": 3, "chi2_threshold": 11.344866730144373, "N_raw": 56, "N_roi": 56, "N_inlier": 51, "refit": true}
{"timestamp": "11:57:23.941106", "frame": 107, "mu": [-2.322648286370598, 1.6916913886594835, 1.5853263129281094], "Sigma": [[0.00948720404465755, 0.004587422839392183, -0.009708885899076071], [0.004587422839392183, 0.020734447876620456, -0.002033557704604341], [-0.009708885899076071, -0.002033557704604341, 0.012044502421909823]], "chi2_level": 0.99, "chi2_df": 3, "chi2_threshold": 11.344866730144373, "N_raw": 64, "N_roi": 54, "N_inlier": 51, "refit": true}
{"timestamp": "11:57:23.997289", "frame": 108, "mu": [-2.342243285343237, 1.738164069715128, 1.4504402367113618], "Sigma": [[0.008654190718481855, 0.003845967583078299, -0.006879110437787711], [0.003845967583078299, 0.02275121398193176, -0.0046555222589163905], [-0.006879110437787714, -0.0046555222589163905, 0.01563764989418982]], "chi2_level": 0.99, "chi2_df": 3, "chi2_threshold": 11.344866730144373, "N_raw": 69, "N_roi": 55, "N_inlier": 54, "refit": true}
{"timestamp": "11:57:24.050211", "frame": 109, "mu": [-2.321705803028551, 1.741906103389105, 1.2975180861124074], "Sigma": [[0.00933268249306176, 0.005839269783835357, -0.007837296770772932], [0.005839269783835356, 0.017288380348360503, -0.007417749407339835], [-0.007837296770772932, -0.007417749407339835, 0.008218140686693553]], "chi2_level": 0.99, "chi2_df": 3, "chi2_threshold": 11.344866730144373, "N_raw": 56, "N_roi": 47, "N_inlier": 45, "refit": true}
{"timestamp": "11:57:24.102488", "frame": 110, "mu": [-2.372687735438027, 1.728923535883521, 1.1591838798873406], "Sigma": [[0.01015677000321963, 0.009623912092627522, -0.01881376683608928], [0.009623912092627522, 0.013250748315745619, -0.023942386113066205], [-0.018813766836089277, -0.023942386113066205, 0.053790546883335455]], "chi2_level": 0.99, "chi2_df": 3, "chi2_threshold": 11.344866730144373, "N_raw": 38, "N_roi": 21, "N_inlier": 21, "refit": true}
{"timestamp": "11:57:24.153801", "frame": 111, "mu": [-2.384561820703004, 1.6641859892266622, 1.2809428078012024], "Sigma": [[0.004784070747584807, 0.004799274483905922, -0.003879282541884743], [0.004799274483905922, 0.00619291795453526, -0.005359530107109162], [-0.0038792825418847428, -0.005359530107109162, 0.005865811191782716]], "chi2_level": 0.99, "chi2_df": 3, "chi2_threshold": 11.344866730144373, "N_raw": 15, "N_roi": 15, "N_inlier": 14, "refit": true}
{"timestamp": "11:57:24.214374", "frame": 112, "mu": [-2.4062587029593283, 1.7313380740939206, 1.1961175896601068], "Sigma": [[0.003613929563371987, 0.0017240541186504823, -0.0019028435156888024], [0.0017240541186504827, 0.01073871400430749, -0.007515758132536416], [-0.0019028435156888024, -0.007515758132536415, 0.007902536329306084]], "chi2_level": 0.99, "chi2_df": 3, "chi2_threshold": 11.344866730144373, "N_raw": 57, "N_roi": 28, "N_inlier": 27, "refit": true}
{"timestamp": "11:57:24.267862", "frame": 113, "mu": [-2.4054707878877766, 1.6451723585940152, 1.107158932379121], "Sigma": [[0.003965481258527657, 0.003166419891790579, -0.0016943451518139814], [0.003166419891790579, 0.007282329625649513, -0.008456643356101193], [-0.0016943451518139812, -0.008456643356101193, 0.013031909676996035]], "chi2_level": 0.99, "chi2_df": 3, "chi2_threshold": 11.344866730144373, "N_raw": 43, "N_roi": 23, "N_inlier": 23, "refit": true}
{"timestamp": "11:57:24.321460", "frame": 114, "mu": [-2.387871281424019, 1.6514999121030587, 1.0983609140932453], "Sigma": [[0.004887281162676734, 0.004236618955758752, -0.002627430434757152], [0.004236618955758752, 0.007997327825735489, -0.007783009433380315], [-0.002627430434757152, -0.007783009433380315, 0.011602517468949212]], "chi2_level": 0.99, "chi2_df": 3, "chi2_threshold": 11.344866730144373, "N_raw": 36, "N_roi": 22, "N_inlier": 22, "refit": true}
{"timestamp": "11:57:24.376678", "frame": 115, "mu": [-2.3915712698821667, 1.6226185264199577, 0.9538276296276255], "Sigma": [[0.004631484570229939, 0.004140174256451276, -0.003120652246793894], [0.004140174256451276, 0.011489499115540248, -0.008099996170153004], [-0.003120652246793894, -0.008099996170153004, 0.007013567239720721]], "chi2_level": 0.99, "chi2_df": 3, "chi2_threshold": 11.344866730144373, "N_raw": 52, "N_roi": 30, "N_inlier": 30, "refit": true}
{"timestamp": "11:57:24.434021", "frame": 116, "mu": [-2.402384724865753, 1.5903846875238266, 0.8902249013304603], "Sigma": [[0.0035008256778811227, 0.002598267935987069, -0.0013609849896998175], [0.0025982679359870696, 0.006014186709421834, -0.0034552557579004945], [-0.0013609849896998175, -0.003455255757900494, 0.0024696594384619832]], "chi2_level": 0.99, "chi2_df": 3, "chi2_threshold": 11.344866730144373, "N_raw": 52, "N_roi": 18, "N_inlier": 17, "refit": true}
{"timestamp": "11:57:24.489942", "frame": 117, "mu": [-2.444728627191701, 1.6594444598348157, 1.075471682023961], "Sigma": [[0.0015497955948414956, 0.0010973664428596504, -0.0003571787046224843], [0.0010973664428596504, 0.0034321106653884444, -0.0030347712431996678], [-0.0003571787046224843, -0.0030347712431996678, 0.004301320957867842]], "chi2_level": 0.99, "chi2_df": 3, "chi2_threshold": 11.344866730144373, "N_raw": 55, "N_roi": 12, "N_inlier": 12, "refit": true}
{"timestamp": "11:57:24.609221", "frame": 119, "mu": [-2.4218069952536796, 2.035297331511125, 0.3649184867047071], "Sigma": [[0.002769395273784417, 0.0023038114171433596, -0.000516150851638588], [0.0023038114171433596, 0.003256958207174966, -0.0011144063146502868], [-0.0005161508516385879, -0.0011144063146502868, 0.00044765506649435834]], "chi2_level": 0.99, "chi2_df": 3, "chi2_threshold": 11.344866730144373, "N_raw": 94, "N_roi": 9, "N_inlier": 9, "refit": true}
