{"timestamp": "12:47:27.662395", "frame": 24, "mu": [-1.6554557022349228, 4.954205765476888, 0.6145574714830451], "Sigma": [[0.02476389354686668, 0.0019072659157037602, -0.005925091767286555], [0.0019072659157037606, 0.0009205644170413998, -0.0015016713076908667], [-0.005925091767286555, -0.0015016713076908667, 0.006756395793859606]], "chi2_level": 0.99, "chi2_df": 3, "chi2_threshold": 11.344866730144373, "N_raw": 49, "N_roi": 18, "N_inlier": 18, "refit": true}
{"timestamp": "12:47:27.714383", "frame": 25, "mu": [-1.618190360833833, 4.959518519475514, 0.9419498197845437], "Sigma": [[0.020201797043232633, 0.003686909946076428, -0.015515405879171142], [0.003686909946076428, 0.001227488563917638, -0.003517118119368487], [-0.015515405879171143, -0.0035171181193684865, 0.03175460500247288]], "chi2_level": 0.99, "chi2_df": 3, "chi2_threshold": 11.344866730144373, "N_raw": 20, "N_roi": 16, "N_inlier": 15, "refit": true}
{"timestamp": "12:47:27.772535", "frame": 26, "mu": [-1.508324552740518, 4.939823183376372, 0.7813744030688482], "Sigma": [[0.0224131998936958, 0.004085954200599716, 0.017182110404550446], [0.004085954200599716, 0.0014871941382777031, 0.0007452001843680173], [0.017182110404550442, 0.0007452001843680173, 0.09324894313077293]], "chi2_level": 0.99, "chi2_df": 3, "chi2_threshold": 11.344866730144373, "N_raw": 30, "N_roi": 21, "N_inlier": 21, "refit": true}
{"timestamp": "12:47:27.825317", "frame": 27, "mu": [-1.4339347278795673, 4.906349574665685, 0.7240376248665995], "Sigma": [[0.014331419076939479, 0.0014866514956421593, -0.005394046359325425], [0.0014866514956421591, 0.0009546402488356088, -0.003972405751106973], [-0.005394046359325425, -0.003972405751106973, 0.025730192980516042]], "chi2_level": 0.99, "chi2_df": 3, "chi2_threshold": 11.344866730144373, "N_raw": 23, "N_roi": 19, "N_inlier": 19, "refit": true}
{"timestamp": "12:47:27.879884", "frame": 28, "mu": [-1.376957950973947, 4.889011134275523, 0.8414876741306805], "Sigma": [[0.018196490754729712, 0.00463117127476625, -0.002699647160751504], [0.00463117127476625, 0.0028451309139744833, -0.0013639586990244045], [-0.002699647160751504, -0.0013639586990244045, 0.0009608326012995665]], "chi2_level": 0.99, "chi2_df": 3, "chi2_threshold": 11.344866730144373, "N_raw": 25, "N_roi": 21, "N_inlier": 21, "refit": true}
{"timestamp": "12:47:27.937301", "frame": 29, "mu": [-1.4824645406636179, 4.843270109117177, 0.7772523416129687], "Sigma": [[0.016766206650685164, 0.002973794677112741, -0.0034035981538660586], [0.0029737946771127414, 0.0012268858705273642, -0.002108578888012533], [-0.003403598153866058, -0.002108578888012533, 0.008702466971953723]], "chi2_level": 0.99, "chi2_df": 3, "chi2_threshold": 11.344866730144373, "N_raw": 26, "N_roi": 21, "N_inlier": 20, "refit": true}
{"timestamp": "12:47:27.993717", "frame": 30, "mu": [-1.4371886125923028, 4.931457882043297, 0.06663210861037222], "Sigma": [[0.02561655870774187, 0.004919688043743603, -0.007474312202636222], [0.004919688043743603, 0.002095600286135754, -0.0031323810515029218], [-0.0074743122026362215, -0.0031323810515029218, 0.006345240775613524]], "chi2_level": 0.99, "chi2_df": 3, "chi2_threshold": 11.344866730144373, "N_raw": 31, "N_roi": 20, "N_inlier": 20, "refit": true}
{"timestamp": "12:47:28.049126", "frame": 31, "mu": [-1.402886014428294, 4.776891175559973, 0.8247391849374596], "Sigma": [[0.025550204244554862, 0.005981795195742873, -0.004785347867385223], [0.005981795195742873, 0.0031985606883145378, -0.003820802769464158], [-0.004785347867385223, -0.003820802769464158, 0.00865853614106857]], "chi2_level": 0.99, "chi2_df": 3, "chi2_threshold": 11.344866730144373, "N_raw": 41, "N_roi": 37, "N_inlier": 36, "refit": true}
{"timestamp": "12:47:28.104774", "frame": 32, "mu": [-1.356744453333637, 4.786102152479293, -0.7254202547947184], "Sigma": [[0.0253003464523844, 0.012730566273242344, 0.0715150345770607], [0.012730566273242344, 0.010420094085616767, 0.047067369393758544], [0.0715150345770607, 0.04706736939375855, 0.3445286352807277]], "chi2_level": 0.99, "chi2_df": 3, "chi2_threshold": 11.344866730144373, "N_raw": 39, "N_roi": 37, "N_inlier": 37, "refit": true}
{"timestamp": "12:47:28.160340", "frame": 33, "mu": [-1.414911167626061, 4.654373543086567, 0.728360020110232], "Sigma": [[0.030054290250931957, 0.008246586234131577, -0.017610543785711634], [0.008246586234131577, 0.005815658378539639, -0.007192110872113017], [-0.017610543785711634, -0.007192110872113017, 0.014980713760426027]], "chi2_level": 0.99, "chi2_df": 3, "chi2_threshold": 11.344866730144373, "N_raw": 47, "N_roi": 45, "N_inlier": 45, "refit": true}
{"timestamp": "12:47:28.213165", "frame": 34, "mu": [-1.2923725801096853, 4.700743721120713, 1.0177776738779394], "Sigma": [[0.022873021282699704, 0.003851034937679497, -0.003675778063705895], [0.0038510349376794976, 0.001769399272236922, -0.0034447045312344464], [-0.0036757780637058954, -0.0034447045312344464, 0.013429108330674282]], "chi2_level": 0.99, "chi2_df": 3, "chi2_threshold": 11.344866730144373, "N_raw": 29, "N_roi": 29, "N_inlier": 28, "refit": true}
{"timestamp": "12:47:28.269305", "frame": 35, "mu": [-1.0379712615738574, 4.779131266506712, 0.49952213217885383], "Sigma": [[0.03254174308346108, 0.003799664277482847, -0.023654512798585395], [0.003799664277482848, 0.0030519800807312417, -0.004979365908991508], [-0.023654512798585395, -0.004979365908991508, 0.022309225881116824]], "chi2_level": 0.99, "chi2_df": 3, "chi2_threshold": 11.344866730144373, "N_raw": 38, "N_roi": 38, "N_inlier": 37, "refit": true}
{"timestamp": "12:47:28.321472", "frame": 36, "mu": [-1.2228518824761212, 4.636271709535652, 0.9956406342944417], "Sigma": [[0.018681618505885955, 0.003093934647792204, -0.008827331796626627], [0.003093934647792204, 0.0018629615433500785, -0.002399826478911824], [-0.008827331796626625, -0.002399826478911824, 0.006737125737571376]], "chi2_level": 0.99, "chi2_df": 3, "chi2_threshold": 11.344866730144373, "N_raw": 23, "N_roi": 23, "N_inlier": 23, "refit": true}
{"timestamp": "12:47:28.376141", "frame": 37, "mu": [-1.0610474841302837, 4.680968061961583, 0.41657536872255735], "Sigma": [[0.010694482486958319, 0.0035766599897306944, -0.015333477319384805], [0.0035766599897306952, 0.0028652882905640014, -0.006312121083502666], [-0.015333477319384805, -0.006312121083502666, 0.031503060827035204]], "chi2_level": 0.99, "chi2_df": 3, "chi2_threshold": 11.344866730144373, "N_raw": 17, "N_roi": 15, "N_inlier": 14, "refit": true}
{"timestamp": "12:47:28.437370", "frame": 38, "mu": [-1.1108726618956726, 4.59969873231862, 0.6496271298460308], "Sigma": [[0.031733009700909795, 0.0051128511451324875, -0.04088249970096741], [0.0051128511451324875, 0.0031808729993509648, -0.012747804528274917], [-0.04088249970096741, -0.012747804528274917, 0.08644056013825097]], "chi2_level": 0.99, "chi2_df": 3, "chi2_threshold": 11.344866730144373, "N_raw": 61, "N_roi": 60, "N_inlier": 60, "refit": true}
{"timestamp": "12:47:28.492573", "frame": 39, "mu": [-1.1103742934256162, 4.584577691364001, 0.7383221108718048], "Sigma": [[0.027250810063894137, 0.00253581188241185, -0.024216575906727107], [0.00253581188241185, 0.0024897347779047176, -0.0065288055809133196], [-0.024216575906727107, -0.0065288055809133196, 0.033567407175791944]], "chi2_level": 0.99, "chi2_df": 3, "chi2_threshold": 11.344866730144373, "N_raw": 53, "N_roi": 47, "N_inlier": 47, "refit": true}
{"timestamp": "12:47:28.545441", "frame": 40, "mu": [-1.1192749172131309, 4.535434821029761, 0.903066834405791], "Sigma": [[0.019745840114217678, 0.0018074270881113655, -0.00538299508892507], [0.0018074270881113655, 0.0021008370335607925, -0.00300622391503014], [-0.00538299508892507, -0.00300622391503014, 0.008932516421161956]], "chi2_level": 0.99, "chi2_df": 3, "chi2_threshold": 11.344866730144373, "N_raw": 38, "N_roi": 35, "N_inlier": 33, "refit": true}
{"timestamp": "12:47:28.600348", "frame": 41, "mu": [-1.0491200109561645, 4.520778803414371, 0.9682336997737919], "Sigma": [[0.029493778157866354, 0.003462650936814509, -0.008601987377722237], [0.003462650936814509, 0.0025764031424434777, -0.005631808018277432], [-0.008601987377722237, -0.005631808018277432, 0.015827815668960413]], "chi2_level": 0.99, "chi2_df": 3, "chi2_threshold": 11.344866730144373, "N_raw": 51, "N_roi": 49, "N_inlier": 49, "refit": true}
{"timestamp": "12:47:28.654999", "frame": 42, "mu": [-1.032316308911383, 4.493871280232103, 0.7971085336270033], "Sigma": [[0.022542870411404705, 0.004230261690728481, -0.013919824327323232], [0.004230261690728481, 0.004701792935551435, -0.006028112455376499], [-0.013919824327323232, -0.006028112455376499, 0.015182235225625404]], "chi2_level": 0.99, "chi2_df": 3, "chi2_threshold": 11.344866730144373, "N_raw": 48, "N_roi": 48, "N_inlier": 46, "refit": true}
{"timestamp": "12:47:28.709343", "frame": 43, "mu": [-0.7967471689396727, 4.50540684691856, 1.0551255879902093], "Sigma": [[0.025582969596270294, 0.004349417985579619, -0.00464966270090425], [0.004349417985579619, 0.0017752712615727733, -0.0039766965233568015], [-0.004649662700904251, -0.0039766965233568015, 0.02346825040974919]], "chi2_level": 0.99, "chi2_df": 3, "chi2_threshold": 11.344866730144373, "N_raw": 39, "N_roi": 37, "N_inlier": 35, "refit": true}
{"timestamp": "12:47:28.769470", "frame": 44, "mu": [-0.8734111432597739, 4.4468885808023835, 0.8656166741126672], "Sigma": [[0.026745507027198807, 0.004398810451766316, -0.00246559667904697], [0.004398810451766317, 0.0014269453879382822, -0.00045356424127645503], [-0.00246559667904697, -0.00045356424127645503, 0.058256662230377246]], "chi2_level": 0.99, "chi2_df": 3, "chi2_threshold": 11.344866730144373, "N_raw": 38, "N_roi": 38, "N_inlier": 37, "refit": true}
{"timestamp": "12:47:28.818235", "frame": 45, "mu": [-0.8547243932504256, 4.41985797287283, 0.9552058408331694], "Sigma": [[0.02365732867498154, 0.005170387140210822, 0.007983324978158625], [0.005170387140210822, 0.0020851906484244892, -0.0021614321911919577], [0.007983324978158625, -0.0021614321911919577, 0.031708884879929206]], "chi2_level": 0.99, "chi2_df": 3, "chi2_threshold": 11.344866730144373, "N_raw": 36, "N_roi": 34, "N_inlier": 33, "refit": true}
{"timestamp": "12:47:28.874950", "frame": 46, "mu": [-0.8347276428599953, 4.408875256946925, 0.9620307718954826], "Sigma": [[0.029577850166092958, 0.005685193084517332, -0.011469525004358768], [0.005685193084517332, 0.0025664424047188153, -0.004835610625884307], [-0.011469525004358768, -0.004835610625884306, 0.012937202055470888]], "chi2_level": 0.99, "chi2_df": 3, "chi2_threshold": 11.344866730144373, "N_raw": 41, "N_roi": 39, "N_inlier": 36, "refit": true}
{"timestamp": "12:47:28.930322", "frame": 47, "mu": [-0.8754299444748467, 4.363666422141755, 1.0403656231126455], "Sigma": [[0.024992375229245183, 0.0020740610226721093, -0.008434838536974], [0.0020740610226721093, 0.001982898121814314, -0.004788119125222114], [-0.008434838536974002, -0.004788119125222115, 0.01671783615378693]], "chi2_level": 0.99, "chi2_df": 3, "chi2_threshold": 11.344866730144373, "N_raw": 40, "N_roi": 39, "N_inlier": 38, "refit": true}
{"timestamp": "12:47:28.984926", "frame": 48, "mu": [-0.7586103185852345, 4.3405950362730925, 0.7465985807877341], "Sigma": [[0.02855303326159947, 0.0029141050033347766, -0.006293403984981089], [0.002914105003334777, 0.0025513224790910203, -0.0007112527766448824], [-0.006293403984981089, -0.0007112527766448824, 0.00239544239913206]], "chi2_level": 0.99, "chi2_df": 3, "chi2_threshold": 11.344866730144373, "N_raw": 36, "N_roi": 30, "N_inlier": 27, "refit": true}
{"timestamp": "12:47:29.042189", "frame": 49, "mu": [-0.6196366750073312, 4.420269410454786, 0.1902927733502882], "Sigma": [[0.029673045194922986, 0.010046857191455448, -0.016946252231017964], [0.010046857191455445, 0.012111695811750785, -0.01823840864684325], [-0.016946252231017964, -0.01823840864684325, 0.030295375498389183]], "chi2_level": 0.99, "chi2_df": 3, "chi2_threshold": 11.344866730144373, "N_raw": 59, "N_roi": 56, "N_inlier": 56, "refit": true}
{"timestamp": "12:47:29.092029", "frame": 50, "mu": [-0.5172511795263074, 4.357339955101288, 0.8346691012073506], "Sigma": [[0.006833509182821245, 0.0016663777944246525, 0.00043961278813813703], [0.0016663777944246525, 0.004778018637672108, -0.012737109010545093], [0.00043961278813813703, -0.012737109010545093, 0.05279294140392279]], "chi2_level": 0.99, "chi2_df": 3, "chi2_threshold": 11.344866730144373, "N_raw": 18, "N_roi": 14, "N_inlier": 13, "refit": true}
{"timestamp": "12:47:29.151057", "frame": 51, "mu": [-0.6447689170296028, 4.203215947552241, 0.7063832433011463], "Sigma": [[0.029792704872706452, -0.0006439076223268326, -0.007306096606237326], [-0.0006439076223268326, 0.0010867780207954368, -0.0038190750881085533], [-0.007306096606237326, -0.0038190750881085533, 0.024245946518955976]], "chi2_level": 0.99, "chi2_df": 3, "chi2_threshold": 11.344866730144373, "N_raw": 51, "N_roi": 50, "N_inlier": 49, "refit": true}
{"timestamp": "12:47:29.203278", "frame": 52, "mu": [-0.6318360692348594, 4.151105745525188, 0.8444414253127323], "Sigma": [[0.017841137604356988, 0.001035670317423477, -0.009230659730605394], [0.001035670317423477, 0.0014118648880845077, -0.003513747910747808], [-0.009230659730605394, -0.0035137479107478086, 0.01413771016972557]], "chi2_level": 0.99, "chi2_df": 3, "chi2_threshold": 11.344866730144373, "N_raw": 31, "N_roi": 31, "N_inlier": 30, "refit": true}
{"timestamp": "12:47:29.264293", "frame": 53, "mu": [-0.5805863416459048, 4.162886085377328, 0.815635402781015], "Sigma": [[0.036495829972295696, 0.012828149623133476, -0.009515181861053759], [0.012828149623133476, 0.012783623695389683, -0.003169652219186787], [-0.00951518186105376, -0.003169652219186787, 0.004959932446042539]], "chi2_level": 0.99, "chi2_df": 3, "chi2_threshold": 11.344866730144373, "N_raw": 69, "N_roi": 68, "N_inlier": 66, "refit": true}
{"timestamp": "12:47:29.317664", "frame": 54, "mu": [-0.5043741481723362, 4.186542165808196, 0.8459612651279333], "Sigma": [[0.030851002740271066, 0.015352339901545673, -0.00633551158698812], [0.015352339901545673, 0.016050156602653003, -0.0017831497204532218], [-0.00633551158698812, -0.0017831497204532218, 0.00658488535003527]], "chi2_level": 0.99, "chi2_df": 3, "chi2_threshold": 11.344866730144373, "N_raw": 56, "N_roi": 56, "N_inlier": 54, "refit": true}
{"timestamp": "12:47:29.371199", "frame": 55, "mu": [-0.5375621460917905, 4.079998562662205, 0.8043163199429498], "Sigma": [[0.0280488620312975, 0.007951986643127164, -0.003495628223941452], [0.007951986643127164, 0.020863873639045558, 0.009838457726075531], [-0.0034956282239414524, 0.009838457726075531, 0.011390697027028423]], "chi2_level": 0.99, "chi2_df": 3, "chi2_threshold": 11.344866730144373, "N_raw": 52, "N_roi": 52, "N_inlier": 52, "refit": true}
{"timestamp": "12:47:29.427465", "frame": 56, "mu": [-0.5209700768582349, 3.9863717506925025, 0.9958510062239299], "Sigma": [[0.03008276458640796, 0.004984335588923204, 0.010930819134108514], [0.004984335588923204, 0.00345188415122862, -0.002672751524795174], [0.010930819134108517, -0.002672751524795174, 0.01644770009459768]], "chi2_level": 0.99, "chi2_df": 3, "chi2_threshold": 11.344866730144373, "N_raw": 54, "N_roi": 54, "N_inlier": 54, "refit": true}
{"timestamp": "12:47:29.478537", "frame": 57, "mu": [-0.5286268602948441, 3.895564937204686, 0.8053618561203949], "Sigma": [[0.020265509479926235, 0.0008243224461974154, -0.009363344736632796], [0.000824322446197415, 0.003514540248106563, -0.0016019181929646182], [-0.009363344736632796, -0.0016019181929646182, 0.006503111038187889]], "chi2_level": 0.99, "chi2_df": 3, "chi2_threshold": 11.344866730144373, "N_raw": 37, "N_roi": 37, "N_inlier": 36, "refit": true}
{"timestamp": "12:47:29.539368", "frame": 58, "mu": [-0.4632378505281825, 3.919596900017563, 1.1013993191803624], "Sigma": [[0.03266203181371912, 0.0024110348124264623, 0.006985306822035665], [0.0024110348124264623, 0.00406511908360441, -0.005492060810320106], [0.006985306822035665, -0.005492060810320107, 0.018315337133288874]], "chi2_level": 0.99, "chi2_df": 3, "chi2_threshold": 11.344866730144373, "N_raw": 71, "N_roi": 71, "N_inlier": 70, "refit": true}
{"timestamp": "12:47:29.586251", "frame": 59, "mu": [-0.4564123776703639, 3.8612258869193457, 0.51074877494593], "Sigma": [[0.0036111368227502217, -0.0024687674225907373, -0.015615990952627517], [-0.0024687674225907373, 0.007802726837391968, -0.02077833831215572], [-0.015615990952627517, -0.02077833831215572, 0.25770992566615597]], "chi2_level": 0.99, "chi2_df": 3, "chi2_threshold": 11.344866730144373, "N_raw": 10, "N_roi": 8, "N_inlier": 8, "refit": true}
{"timestamp": "12:47:29.646930", "frame": 60, "mu": [-0.3869134111784206, 3.8692624276837493, 0.9076413199929868], "Sigma": [[0.028486453977943048, 0.007041592073298096, -0.026596731426535906], [0.007041592073298098, 0.009645934630340958, -0.00614655415113841], [-0.02659673142653591, -0.00614655415113841, 0.05227301661722898]], "chi2_level": 0.99, "chi2_df": 3, "chi2_threshold": 11.344866730144373, "N_raw": 53, "N_roi": 51, "N_inlier": 49, "refit": true}
{"timestamp": "12:47:29.700691", "frame": 61, "mu": [-0.2410171249292383, 3.873971381975357, 0.7921231828215277], "Sigma": [[0.014209887962463, -0.0003309303559651598, -0.026744748125787005], [-0.0003309303559651598, 0.002236136524323813, -0.007310061940803351], [-0.026744748125787005, -0.007310061940803351, 0.1908913211296218]], "chi2_level": 0.99, "chi2_df": 3, "chi2_threshold": 11.344866730144373, "N_raw": 46, "N_roi": 43, "N_inlier": 42, "refit": true}
{"timestamp": "12:47:29.756879", "frame": 62, "mu": [-0.2741760389309348, 3.8015876706051857, 1.1328351371701555], "Sigma": [[0.019138361699453377, 0.00048203652662000756, 0.004966265677242008], [0.0004820365266200074, 0.004177802663312858, -0.006168365141232727], [0.004966265677242008, -0.006168365141232727, 0.019657369598012932]], "chi2_level": 0.99, "chi2_df": 3, "chi2_threshold": 11.344866730144373, "N_raw": 63, "N_roi": 63, "N_inlier": 62, "refit": true}
{"timestamp": "12:47:29.811341", "frame": 63, "mu": [-0.3011944878482355, 3.771646427947979, 0.8968314842093216], "Sigma": [[0.01961974494534631, 0.0038061282063622534, -0.0072136255100233035], [0.0038061282063622534, 0.003134580363033383, -0.0057071667869212275], [-0.007213625510023304, -0.0057071667869212275, 0.016527615933473058]], "chi2_level": 0.99, "chi2_df": 3, "chi2_threshold": 11.344866730144373, "N_raw": 51, "N_roi": 51, "N_inlier": 49, "refit": true}
{"timestamp": "12:47:29.867600", "frame": 64, "mu": [-0.3028592688296533, 3.7185720897984273, 0.9721517547351103], "Sigma": [[0.022917365000007878, 0.0035187727786212923, -0.0038369383405931767], [0.0035187727786212914, 0.00488107577705834, -0.004443418555481658], [-0.0038369383405931767, -0.004443418555481658, 0.011714699095530171]], "chi2_level": 0.99, "chi2_df": 3, "chi2_threshold": 11.344866730144373, "N_raw": 64, "N_roi": 64, "N_inlier": 61, "refit": true}
{"timestamp": "12:47:29.924485", "frame": 65, "mu": [-0.19895713243227037, 3.684007430458071, 1.1154586709874104], "Sigma": [[0.03257271844720655, 0.0048190715593977905, 0.011320241036129166], [0.004819071559397791, 0.00433204386197841, -0.0037649643391477893], [0.011320241036129164, -0.0037649643391477893, 0.01722102633761827]], "chi2_level": 0.99, "chi2_df": 3, "chi2_threshold": 11.344866730144373, "N_raw": 78, "N_roi": 77, "N_inlier": 76, "refit": true}
{"timestamp": "12:47:29.977421", "frame": 66, "mu": [-0.10459278024032208, 3.6790656903152352, 0.9968369011077836], "Sigma": [[0.02005344398575027, 0.0031121127106655006, 0.008258209380967111], [0.0031121127106655006, 0.002261426087890375, -0.0029708600346701947], [0.008258209380967111, -0.0029708600346701943, 0.01857675846907462]], "chi2_level": 0.99, "chi2_df": 3, "chi2_threshold": 11.344866730144373, "N_raw": 54, "N_roi": 54, "N_inlier": 51, "refit": true}
{"timestamp": "12:47:30.036451", "frame": 67, "mu": [-0.0924882521666282, 3.7047861312162476, -0.6270388778705897], "Sigma": [[0.03565282782667925, 0.01055909117490137, 0.09112082444589313], [0.01055909117490137, 0.009539371406946438, 0.026901033476838594], [0.09112082444589313, 0.026901033476838594, 0.538087355828777]], "chi2_level": 0.99, "chi2_df": 3, "chi2_threshold": 11.344866730144373, "N_raw": 91, "N_roi": 91, "N_inlier": 91, "refit": true}
{"timestamp": "12:47:30.090658", "frame": 68, "mu": [-0.015579621407320738, 3.6499128564325742, 0.9112162037358789], "Sigma": [[0.04417831116198867, 0.011870737463800528, -0.013971495305001172], [0.011870737463800528, 0.006995407836644512, -0.010244379880679277], [-0.013971495305001174, -0.010244379880679277, 0.040610415249014334]], "chi2_level": 0.99, "chi2_df": 3, "chi2_threshold": 11.344866730144373, "N_raw": 79, "N_roi": 79, "N_inlier": 76, "refit": true}
{"timestamp": "12:47:30.140973", "frame": 69, "mu": [-0.16092853683459812, 3.583197773976035, 1.0388756847830694], "Sigma": [[0.018594145748141166, -0.001948059514661491, -0.007708442914353643], [-0.001948059514661491, 0.0016422017442455866, -0.0028892338738895334], [-0.0077084429143536425, -0.002889233873889534, 0.018745870830376613]], "chi2_level": 0.99, "chi2_df": 3, "chi2_threshold": 11.344866730144373, "N_raw": 50, "N_roi": 50, "N_inlier": 45, "refit": true}
{"timestamp": "12:47:30.195611", "frame": 70, "mu": [-0.04910689253866203, 3.568431210851094, 1.2687047117819183], "Sigma": [[0.01630856164022969, -0.0012811148129783542, -0.00024585681134398464], [-0.0012811148129783542, 0.003648362359030995, -0.0021558548678635033], [-0.00024585681134398454, -0.0021558548678635033, 0.004568689776229334]], "chi2_level": 0.99, "chi2_df": 3, "chi2_threshold": 11.344866730144373, "N_raw": 48, "N_roi": 48, "N_inlier": 47, "refit": true}
{"timestamp": "12:47:30.246057", "frame": 71, "mu": [-0.015616081630470383, 3.5199974440489976, 0.9661343313777602], "Sigma": [[0.01067439270763399, -0.0011566253602336035, 0.00787385679361575], [-0.001156625360233604, 0.0012661598745966848, -0.00367704829421438], [0.00787385679361575, -0.00367704829421438, 0.030136585241627926]], "chi2_level": 0.99, "chi2_df": 3, "chi2_threshold": 11.344866730144373, "N_raw": 17, "N_roi": 17, "N_inlier": 16, "refit": true}
{"timestamp": "12:47:30.307557", "frame": 72, "mu": [0.05819570806256614, 3.5350100152585617, 0.9328862736911252], "Sigma": [[0.026595019188785853, 0.003486900463314128, -0.004347019320019392], [0.0034869004633141278, 0.0070975380438834485, 0.002066284184974764], [-0.004347019320019392, 0.002066284184974764, 0.002841603890113444]], "chi2_level": 0.99, "chi2_df": 3, "chi2_threshold": 11.344866730144373, "N_raw": 63, "N_roi": 63, "N_inlier": 60, "refit": true}
{"timestamp": "12:47:30.367609", "frame": 73, "mu": [0.09844449810551231, 3.4583033793520572, 1.0192928036008033], "Sigma": [[0.025150962291035774, -0.0031220013134576844, -0.011710976419893562], [-0.0031220013134576844, 0.004690160594980736, -0.010754762814455383], [-0.011710976419893562, -0.010754762814455383, 0.045402374985268334]], "chi2_level": 0.99, "chi2_df": 3, "chi2_threshold": 11.344866730144373, "N_raw": 94, "N_roi": 94, "N_inlier": 93, "refit": true}
{"timestamp": "12:47:30.413196", "frame": 74, "mu": [0.2431669683846922, 3.375606303204349, 1.266090889263756], "Sigma": [[0.0076301269405602695, -0.000271459466367225, 0.0038661165131725897], [-0.00027145946636722494, 0.0015919026634454265, -0.0040787783336937], [0.0038661165131725897, -0.004078778333693699, 0.039844564071636904]], "chi2_level": 0.99, "chi2_df": 3, "chi2_threshold": 11.344866730144373, "N_raw": 25, "N_roi": 23, "N_inlier": 23, "refit": true}
{"timestamp": "12:47:30.472873", "frame": 75, "mu": [0.16652546835069257, 3.348416916193774, 0.9149244983789329], "Sigma": [[0.01734267224717271, -0.002378335707531577, -0.0035531443723465506], [-0.002378335707531577, 0.0024714987578512973, -0.005466014510761338], [-0.0035531443723465506, -0.005466014510761337, 0.026262772853802276]], "chi2_level": 0.99, "chi2_df": 3, "chi2_threshold": 11.344866730144373, "N_raw": 68, "N_roi": 68, "N_inlier": 64, "refit": true}
{"timestamp": "12:47:30.526591", "frame": 76, "mu": [0.31015885751525607, 3.344381162066056, 0.9163138656144298], "Sigma": [[0.023399107667920756, 0.008005909214009897, 0.00010534687695414264], [0.008005909214009897, 0.008265616254854167, -0.0010995556830504516], [0.00010534687695414264, -0.0010995556830504516, 0.013431326555087983]], "chi2_level": 0.99, "chi2_df": 3, "chi2_threshold": 11.344866730144373, "N_raw": 54, "N_roi": 54, "N_inlier": 53, "refit": true}
{"timestamp": "12:47:30.582379", "frame": 77, "mu": [0.20207694337191334, 3.2763790590604955, 0.9182696143491135], "Sigma": [[0.023585383671763882, 0.005351910056406135, -0.007879366130359965], [0.005351910056406135, 0.007867094960907983, -0.0018294479007213518], [-0.007879366130359965, -0.001829447900721352, 0.0102924620736403]], "chi2_level": 0.99, "chi2_df": 3, "chi2_threshold": 11.344866730144373, "N_raw": 59, "N_roi": 59, "N_inlier": 58, "refit": true}
{"timestamp": "12:47:30.640502", "frame": 78, "mu": [0.21617259044103937, 3.218080489187201, 1.0144627172793979], "Sigma": [[0.018923105809494987, -0.00018475129401546194, -0.003850030951190419], [-0.00018475129401546197, 0.004378986372977895, -0.006661962981181314], [-0.003850030951190419, -0.006661962981181314, 0.015266655821072492]], "chi2_level": 0.99, "chi2_df": 3, "chi2_threshold": 11.344866730144373, "N_raw": 81, "N_roi": 79, "N_inlier": 77, "refit": true}
{"timestamp": "12:47:30.695328", "frame": 79, "mu": [0.2608472950843815, 3.317520129869054, -0.17014386352255856], "Sigma": [[0.01828861422419937, 0.00033684888442649173, 0.009438332136799716], [0.00033684888442649173, 0.007344267602913225, -0.008202073410695471], [0.009438332136799716, -0.008202073410695471, 0.02784366349472738]], "chi2_level": 0.99, "chi2_df": 3, "chi2_threshold": 11.344866730144373, "N_raw": 71, "N_roi": 71, "N_inlier": 71, "refit": true}
{"timestamp": "12:47:30.749791", "frame": 80, "mu": [0.24468818611663687, 3.0784660850897785, 0.9661560745927602], "Sigma": [[0.019880387662589965, -0.004818937590545964, -0.014100548446503571], [-0.004818937590545964, 0.00783789440047443, 0.002842658610306081], [-0.014100548446503571, 0.002842658610306081, 0.011772240122479065]], "chi2_level": 0.99, "chi2_df": 3, "chi2_threshold": 11.344866730144373, "N_raw": 72, "N_roi": 72, "N_inlier": 68, "refit": true}
{"timestamp": "12:47:30.805129", "frame": 81, "mu": [0.32127577824740655, 3.0550306779731518, 1.0379503159282801], "Sigma": [[0.019882979365968445, 0.0009146347762156652, 0.00567054453971288], [0.000914634776215665, 0.009969139261830321, 0.003726321420861091], [0.00567054453971288, 0.0037263214208610915, 0.009926738672061465]], "chi2_level": 0.99, "chi2_df": 3, "chi2_threshold": 11.344866730144373, "N_raw": 78, "N_roi": 78, "N_inlier": 76, "refit": true}
{"timestamp": "12:47:30.859147", "frame": 82, "mu": [0.3213470994170835, 2.9725858765719764, 0.9887179548500765], "Sigma": [[0.017879866826313838, -0.009760463705694132, -0.021735546281866577], [-0.009760463705694132, 0.01662509144487626, 0.017356539144948994], [-0.021735546281866573, 0.017356539144948994, 0.031837511746405776]], "chi2_level": 0.99, "chi2_df": 3, "chi2_threshold": 11.344866730144373, "N_raw": 73, "N_roi": 73, "N_inlier": 72, "refit": true}
{"timestamp": "12:47:30.912790", "frame": 83, "mu": [0.3792440052031649, 2.9040493754307652, 0.922489712978416], "Sigma": [[0.016479138668628903, -0.008529592956127, -0.013202035292255585], [-0.008529592956127, 0.011944867641739553, 0.00916045743648304], [-0.013202035292255585, 0.00916045743648304, 0.013083657213484515]], "chi2_level": 0.99, "chi2_df": 3, "chi2_threshold": 11.344866730144373, "N_raw": 63, "N_roi": 63, "N_inlier": 60, "refit": true}
{"timestamp": "12:47:30.965338", "frame": 84, "mu": [0.38062548117797024, 2.922003862624436, 1.066016532504753], "Sigma": [[0.014800322769399552, -0.0033522714264369565, -0.007380818247559969], [-0.0033522714264369565, 0.006803940099499174, 0.004314898458745394], [-0.007380818247559968, 0.004314898458745395, 0.005625671886857528]], "chi2_level": 0.99, "chi2_df": 3, "chi2_threshold": 11.344866730144373, "N_raw": 49, "N_roi": 49, "N_inlier": 48, "refit": true}
{"timestamp": "12:47:31.024118", "frame": 85, "mu": [0.4246994675242421, 2.9303496754747864, 1.0978204582837867], "Sigma": [[0.018236948304641305, -0.004409684145890203, -0.010800380468163388], [-0.004409684145890203, 0.008825601036539102, 0.0020684687246652653], [-0.010800380468163388, 0.0020684687246652653, 0.007798144544289621]], "chi2_level": 0.99, "chi2_df": 3, "chi2_threshold": 11.344866730144373, "N_raw": 77, "N_roi": 77, "N_inlier": 75, "refit": true}
{"timestamp": "12:47:31.079508", "frame": 86, "mu": [0.44932000426081814, 3.02826310947314, -0.46679369393337333], "Sigma": [[0.014176008797508055, 0.002556675312720906, 0.01651177003997517], [0.0025566753127209056, 0.02079500714693778, -0.008351785355651897], [0.016511770039975168, -0.008351785355651897, 0.09221518775141817]], "chi2_level": 0.99, "chi2_df": 3, "chi2_threshold": 11.344866730144373, "N_raw": 69, "N_roi": 67, "N_inlier": 66, "refit": true}
{"timestamp": "12:47:31.133154", "frame": 87, "mu": [0.5141447085812797, 2.8427772302028074, 0.984378899389229], "Sigma": [[0.013571285864544567, -0.000567056100234379, -0.0014348655229649888], [-0.000567056100234379, 0.002137248096929787, -0.0031864918038861673], [-0.0014348655229649886, -0.0031864918038861673, 0.009600146655353707]], "chi2_level": 0.99, "chi2_df": 3, "chi2_threshold": 11.344866730144373, "N_raw": 58, "N_roi": 56, "N_inlier": 53, "refit": true}
{"timestamp": "12:47:31.186601", "frame": 88, "mu": [0.58156163113112, 2.8483145003371555, 1.067864374464311], "Sigma": [[0.01448929097994405, -6.645059258035462e-05, -0.002210763104235247], [-6.645059258035446e-05, 0.002186496741193196, -0.0027485800940224344], [-0.0022107631042352477, -0.0027485800940224344, 0.007496447571623678]], "chi2_level": 0.99, "chi2_df": 3, "chi2_threshold": 11.344866730144373, "N_raw": 54, "N_roi": 54, "N_inlier": 51, "refit": true}
{"timestamp": "12:47:31.240002", "frame": 89, "mu": [0.5502377485950227, 2.827826179697664, 1.0481997490314718], "Sigma": [[0.011527376809382183, -0.00018790566792204182, -0.0012049062007874482], [-0.00018790566792204182, 0.0026328916308941083, -0.0012616412944788163], [-0.0012049062007874485, -0.0012616412944788163, 0.0019077155187474527]], "chi2_level": 0.99, "chi2_df": 3, "chi2_threshold": 11.344866730144373, "N_raw": 44, "N_roi": 44, "N_inlier": 39, "refit": true}
{"timestamp": "12:47:31.296231", "frame": 90, "mu": [0.6900296830108615, 2.818326524881914, 1.034368379006261], "Sigma": [[0.012997720424391153, -0.0024638393600792396, -0.0011242127663575563], [-0.0024638393600792388, 0.0013928052287219717, -0.0028212376845386526], [-0.0011242127663575563, -0.0028212376845386526, 0.024263079332665617]], "chi2_level": 0.99, "chi2_df": 3, "chi2_threshold": 11.344866730144373, "N_raw": 57, "N_roi": 57, "N_inlier": 53, "refit": true}
{"timestamp": "12:47:31.350848", "frame": 91, "mu": [0.7269265350753068, 3.00904720981728, -0.47033305243312173], "Sigma": [[0.011409781838794453, -0.0019188516766494787, -0.007260117315947296], [-0.0019188516766494791, 0.008318186563646838, -0.017932690958532387], [-0.007260117315947295, -0.017932690958532387, 0.07229196382935227]], "chi2_level": 0.99, "chi2_df": 3, "chi2_threshold": 11.344866730144373, "N_raw": 49, "N_roi": 47, "N_inlier": 46, "refit": true}
{"timestamp": "12:47:31.408401", "frame": 92, "mu": [0.8385077455299703, 2.9888810121884255, -0.49652752129707584], "Sigma": [[0.03050957095718254, 0.011689502888309682, -0.02653828911193385], [0.011689502888309682, 0.014410459655877034, -0.04306891796846371], [-0.026538289111933854, -0.04306891796846372, 0.22525217672439268]], "chi2_level": 0.99, "chi2_df": 3, "chi2_threshold": 11.344866730144373, "N_raw": 58, "N_roi": 56, "N_inlier": 55, "refit": true}
{"timestamp": "12:47:31.461992", "frame": 93, "mu": [0.8546215285072201, 2.7352950294150493, 0.9593023619286682], "Sigma": [[0.040599624320930575, 0.004065134659273646, -0.005520517163864817], [0.004065134659273646, 0.002875327936612067, -0.0046102867573691725], [-0.005520517163864817, -0.0046102867573691725, 0.04849132363462789]], "chi2_level": 0.99, "chi2_df": 3, "chi2_threshold": 11.344866730144373, "N_raw": 59, "N_roi": 59, "N_inlier": 55, "refit": true}
{"timestamp": "12:47:31.514978", "frame": 94, "mu": [1.1110432158808896, 2.703837128738876, 0.7677135717012077], "Sigma": [[0.0402527923911848, 0.0056365223596426695, -0.014862209422898835], [0.0056365223596426695, 0.014191813061228528, 0.03656269947103083], [-0.014862209422898835, 0.03656269947103083, 0.20586574830727555]], "chi2_level": 0.99, "chi2_df": 3, "chi2_threshold": 11.344866730144373, "N_raw": 38, "N_roi": 37, "N_inlier": 36, "refit": true}
{"timestamp": "12:47:31.570964", "frame": 95, "mu": [0.9795971432299192, 2.913207337578619, -0.4805400965179569], "Sigma": [[0.04170922887632521, 0.0025682651293974417, 0.003198945952052319], [0.0025682651293974417, 0.004983880406032475, 0.00035739956209838064], [0.0031989459520523193, 0.00035739956209838064, 0.00448425513808542]], "chi2_level": 0.99, "chi2_df": 3, "chi2_threshold": 11.344866730144373, "N_raw": 54, "N_roi": 54, "N_inlier": 52, "refit": true}
{"timestamp": "12:47:31.628087", "frame": 96, "mu": [1.1491282137215306, 2.652208392325455, 0.8234930731323937], "Sigma": [[0.07219440795315832, 0.00230499581803986, 0.00029744699678314494], [0.00230499581803986, 0.0038896564924378483, -0.0004374107975042789], [0.00029744699678314494, -0.0004374107975042789, 0.001701554970913925]], "chi2_level": 0.99, "chi2_df": 3, "chi2_threshold": 11.344866730144373, "N_raw": 61, "N_roi": 60, "N_inlier": 59, "refit": true}
{"timestamp": "12:47:31.682120", "frame": 97, "mu": [1.1154746789160395, 2.6305046767188047, 0.8203636369731954], "Sigma": [[0.05854399882480951, 0.007345255325156258, 0.011462221268464905], [0.007345255325156258, 0.006414017672162192, 0.002571473964825019], [0.011462221268464905, 0.002571473964825019, 0.00838412535483441]], "chi2_level": 0.99, "chi2_df": 3, "chi2_threshold": 11.344866730144373, "N_raw": 53, "N_roi": 53, "N_inlier": 50, "refit": true}
{"timestamp": "12:47:31.738013", "frame": 98, "mu": [1.0812542710547322, 2.5471515758727796, 0.7885867520308326], "Sigma": [[0.05836160970141818, 0.012490326339374663, 0.011084488192424146], [0.012490326339374663, 0.0075996776246754485, 0.0030554349255911646], [0.011084488192424146, 0.0030554349255911646, 0.010269982650178708]], "chi2_level": 0.99, "chi2_df": 3, "chi2_threshold": 11.344866730144373, "N_raw": 60, "N_roi": 58, "N_inlier": 55, "refit": true}
{"timestamp": "12:47:31.790473", "frame": 99, "mu": [0.9947338614053781, 2.471054540788392, 0.9583782543878963], "Sigma": [[0.008911992158231814, -0.0021673152049037792, 0.002220469466189423], [-0.0021673152049037792, 0.0011725493445711788, 0.002152727442468479], [0.0022204694661894235, 0.002152727442468479, 0.05505383740949281]], "chi2_level": 0.99, "chi2_df": 3, "chi2_threshold": 11.344866730144373, "N_raw": 49, "N_roi": 48, "N_inlier": 46, "refit": true}
{"timestamp": "12:47:31.950411", "frame": 100, "mu": [1.042065916278907, 2.453639850117745, 1.169697667941304], "Sigma": [[0.004920147898819146, -0.0016262249612774677, -0.005822060990840557], [-0.0016262249612774677, 0.002061200347939487, -0.005551231432741204], [-0.005822060990840557, -0.005551231432741204, 0.1256288778349592]], "chi2_level": 0.99, "chi2_df": 3, "chi2_threshold": 11.344866730144373, "N_raw": 31, "N_roi": 31, "N_inlier": 29, "refit": true}
{"timestamp": "12:47:31.975831", "frame": 101, "mu": [1.0762248047576932, 2.393872670954761, 1.0863042851201334], "Sigma": [[0.00634821093140482, -0.0017913098973523702, 0.004422683842949275], [-0.00179130989735237, 0.0008999743732071003, -0.0031376025217995677], [0.004422683842949274, -0.0031376025217995677, 0.022926565125460634]], "chi2_level": 0.99, "chi2_df": 3, "chi2_threshold": 11.344866730144373, "N_raw": 35, "N_roi": 35, "N_inlier": 32, "refit": true}
{"timestamp": "12:47:32.009033", "frame": 102, "mu": [1.1099873154380824, 2.356912829675103, 1.3319132623289907], "Sigma": [[0.011207681610805561, -0.0010801219343042408, 0.007361212471499924], [-0.0010801219343042408, 0.003150356228125629, -0.0048415810712356], [0.007361212471499924, -0.0048415810712356, 0.013187639990915186]], "chi2_level": 0.99, "chi2_df": 3, "chi2_threshold": 11.344866730144373, "N_raw": 56, "N_roi": 56, "N_inlier": 53, "refit": true}
{"timestamp": "12:47:32.041795", "frame": 103, "mu": [1.109699291141006, 2.2997830016024614, 1.1338099729424904], "Sigma": [[0.010041667593452326, -0.0016987408707091589, 0.0016355202494175978], [-0.0016987408707091587, 0.0025375651151612957, -0.002184178676109559], [0.0016355202494175974, -0.002184178676109559, 0.016068395251120218]], "chi2_level": 0.99, "chi2_df": 3, "chi2_threshold": 11.344866730144373, "N_raw": 46, "N_roi": 46, "N_inlier": 46, "refit": true}
{"timestamp": "12:47:32.070821", "frame": 104, "mu": [1.161808461793496, 2.2726466747933958, 1.2840472283020807], "Sigma": [[0.01155193472008583, -0.001139739237636367, 0.008216939072844744], [-0.001139739237636367, 0.002051061424484589, -0.0014126959319072767], [0.008216939072844744, -0.0014126959319072764, 0.022808474777987094]], "chi2_level": 0.99, "chi2_df": 3, "chi2_threshold": 11.344866730144373, "N_raw": 43, "N_roi": 43, "N_inlier": 42, "refit": true}
{"timestamp": "12:47:32.120310", "frame": 105, "mu": [1.1453622655187297, 2.2172750058990505, 1.1587677719878353], "Sigma": [[0.010408258560668687, -0.0017022156124159042, 0.0013285052044526512], [-0.0017022156124159044, 0.0039046276291671246, -0.001755776155107461], [0.0013285052044526514, -0.001755776155107461, 0.0016503861342869897]], "chi2_level": 0.99, "chi2_df": 3, "chi2_threshold": 11.344866730144373, "N_raw": 49, "N_roi": 49, "N_inlier": 45, "refit": true}
{"timestamp": "12:47:32.177077", "frame": 106, "mu": [1.1672155712379864, 2.1650040461988524, 1.0698928882673642], "Sigma": [[0.012078988867099674, -0.005546481460892541, -0.011389856738315217], [-0.005546481460892542, 0.006918622369977309, 0.0036463541000295186], [-0.011389856738315217, 0.0036463541000295186, 0.032732152895321776]], "chi2_level": 0.99, "chi2_df": 3, "chi2_threshold": 11.344866730144373, "N_raw": 55, "N_roi": 55, "N_inlier": 51, "refit": true}
{"timestamp": "12:47:32.229260", "frame": 107, "mu": [1.2066656757212684, 2.198212988352651, 0.8496386306463188], "Sigma": [[0.008772423864352697, -0.00517223855711497, -0.019265135211824467], [-0.0051722385571149705, 0.009190400259372438, 0.00810395462621016], [-0.019265135211824467, 0.00810395462621016, 0.09208673164067037]], "chi2_level": 0.99, "chi2_df": 3, "chi2_threshold": 11.344866730144373, "N_raw": 40, "N_roi": 40, "N_inlier": 39, "refit": true}
{"timestamp": "12:47:32.281719", "frame": 108, "mu": [1.2811593445497425, 2.1859351622692387, 0.9665239712139223], "Sigma": [[0.009907832526810984, -0.005033306279120368, -0.0580397038010394], [-0.005033306279120368, 0.006176932038726921, 0.0380271509063128], [-0.058039703801039406, 0.0380271509063128, 0.505540841587445]], "chi2_level": 0.99, "chi2_df": 3, "chi2_threshold": 11.344866730144373, "N_raw": 17, "N_roi": 17, "N_inlier": 16, "refit": true}
{"timestamp": "12:47:32.336423", "frame": 109, "mu": [1.255139646792746, 2.175127596268796, 1.0734233120540286], "Sigma": [[0.007816562647168226, -0.002192608995492524, -0.011285545125074644], [-0.002192608995492524, 0.0027260224873337747, -0.0026127171171447597], [-0.011285545125074644, -0.0026127171171447605, 0.24204415365198637]], "chi2_level": 0.99, "chi2_df": 3, "chi2_threshold": 11.344866730144373, "N_raw": 30, "N_roi": 30, "N_inlier": 30, "refit": true}
