{"timestamp": "12:44:26.385492", "frame": 33, "mu": [-2.4247980068613906, 3.072718845684944, 0.7510209503980015], "Sigma": [[0.0009264424928161672, -0.0002875712179347049, -2.1264860876416274e-05], [-0.0002875712179347048, 0.000851196400173807, -0.0022583979552430983], [-2.126486087641622e-05, -0.0022583979552430983, 0.010077305180564315]], "chi2_level": 0.99, "chi2_df": 3, "chi2_threshold": 11.344866730144373, "N_raw": 37, "N_roi": 8, "N_inlier": 8, "refit": true}
{"timestamp": "12:44:26.442955", "frame": 34, "mu": [-2.40415150052232, 3.250150070569175, -0.3505581110152174], "Sigma": [[0.0029858928702101327, 0.002086464880553353, -0.002644129173839894], [0.002086464880553353, 0.007835317372024099, -0.012556959745175428], [-0.002644129173839894, -0.012556959745175428, 0.02312543460681439]], "chi2_level": 0.99, "chi2_df": 3, "chi2_threshold": 11.344866730144373, "N_raw": 47, "N_roi": 17, "N_inlier": 17, "refit": true}
{"timestamp": "12:44:26.662535", "frame": 38, "mu": [-2.328501458655468, 3.0655259833025617, 0.009438421880681742], "Sigma": [[0.010382290996002254, 0.006419508461487148, -0.003688404931613219], [0.006419508461487148, 0.008082106278286892, -0.0010856104041173805], [-0.0036884049316132195, -0.0010856104041173805, 0.0034804704172804765]], "chi2_level": 0.99, "chi2_df": 3, "chi2_threshold": 11.344866730144373, "N_raw": 37, "N_roi": 29, "N_inlier": 28, "refit": true}
{"timestamp": "12:44:26.718372", "frame": 39, "mu": [-2.3423177336854364, 3.0596838514865934, -0.02514723412824458], "Sigma": [[0.008737431249877048, 0.004115687078725704, -0.004026523098586514], [0.004115687078725705, 0.007840035352014092, -0.006755686879555776], [-0.004026523098586514, -0.006755686879555777, 0.008619063531302694]], "chi2_level": 0.99, "chi2_df": 3, "chi2_threshold": 11.344866730144373, "N_raw": 36, "N_roi": 28, "N_inlier": 28, "refit": true}
{"timestamp": "12:44:26.773024", "frame": 40, "mu": [-2.2722413287743786, 3.0328611346974954, -0.22816689117982977], "Sigma": [[0.013219507819000236, 0.005752281141649984, -0.0071420046306696836], [0.005752281141649985, 0.007842218331390658, -0.0017687668512062424], [-0.0071420046306696836, -0.0017687668512062424, 0.005711499644213124]], "chi2_level": 0.99, "chi2_df": 3, "chi2_threshold": 11.344866730144373, "N_raw": 32, "N_roi": 32, "N_inlier": 32, "refit": true}
{"timestamp": "12:44:26.830215", "frame": 41, "mu": [-2.233216534177275, 2.8742066982421823, 1.0338781481705188], "Sigma": [[0.018355753507350733, 0.003012774842885517, -0.017240546331243178], [0.0030127748428855176, 0.006715507094138723, -0.0027476749414807795], [-0.017240546331243174, -0.0027476749414807795, 0.017524038850176248]], "chi2_level": 0.99, "chi2_df": 3, "chi2_threshold": 11.344866730144373, "N_raw": 47, "N_roi": 43, "N_inlier": 43, "refit": true}
{"timestamp": "12:44:26.882483", "frame": 42, "mu": [-2.1650451233791923, 3.042677149544656, -0.17524701844884738], "Sigma": [[0.012454462701930161, 0.004692517318333369, -0.00810975836174483], [0.004692517318333369, 0.006420838185113562, -0.0025462683311097277], [-0.008109758361744828, -0.002546268331109728, 0.006515944556268347]], "chi2_level": 0.99, "chi2_df": 3, "chi2_threshold": 11.344866730144373, "N_raw": 30, "N_roi": 30, "N_inlier": 30, "refit": true}
{"timestamp": "12:44:26.939187", "frame": 43, "mu": [-2.2164943412656797, 2.9117994204882347, 1.2665520850297511], "Sigma": [[0.01740644247607106, 0.008430908338583908, -0.013601062688159523], [0.008430908338583908, 0.00900820598613909, -0.007892402150423224], [-0.013601062688159523, -0.007892402150423222, 0.011889478567549098]], "chi2_level": 0.99, "chi2_df": 3, "chi2_threshold": 11.344866730144373, "N_raw": 40, "N_roi": 40, "N_inlier": 40, "refit": true}
{"timestamp": "12:44:26.996415", "frame": 44, "mu": [-2.1828799577173856, 2.886701420856096, 1.207674016144753], "Sigma": [[0.018905446030544525, 0.004940086422853426, -0.017777296863610913], [0.004940086422853426, 0.006992528365484846, -0.006187742935909015], [-0.017777296863610917, -0.0061877429359090165, 0.01848809342422321]], "chi2_level": 0.99, "chi2_df": 3, "chi2_threshold": 11.344866730144373, "N_raw": 49, "N_roi": 49, "N_inlier": 47, "refit": true}
{"timestamp": "12:44:27.044206", "frame": 45, "mu": [-2.1451444480256763, 2.9364560547003657, 1.3003762208527134], "Sigma": [[0.005872360211926486, -0.0008902044981564691, -0.002753128504776182], [-0.0008902044981564689, 0.002572049265686664, -0.00058997708905855], [-0.0027531285047761823, -0.00058997708905855, 0.002246813392489028]], "chi2_level": 0.99, "chi2_df": 3, "chi2_threshold": 11.344866730144373, "N_raw": 10, "N_roi": 10, "N_inlier": 10, "refit": true}
{"timestamp": "12:44:27.102464", "frame": 46, "mu": [-2.056038301572688, 2.9545315884838295, 1.214944859345686], "Sigma": [[0.01776312354052883, 0.006709397935830773, -0.012039553969747905], [0.006709397935830771, 0.005129054280651563, -0.005294329299819298], [-0.012039553969747905, -0.005294329299819298, 0.009466146270433289]], "chi2_level": 0.99, "chi2_df": 3, "chi2_threshold": 11.344866730144373, "N_raw": 31, "N_roi": 31, "N_inlier": 30, "refit": true}
{"timestamp": "12:44:27.159477", "frame": 47, "mu": [-1.991176896802735, 3.016741968292976, 1.1902603506131082], "Sigma": [[0.01568112211462716, 0.0060324815794535365, -0.011211381830390225], [0.0060324815794535365, 0.008054092198090298, -0.0056772633029082385], [-0.011211381830390225, -0.005677263302908238, 0.009403112557403706]], "chi2_level": 0.99, "chi2_df": 3, "chi2_threshold": 11.344866730144373, "N_raw": 44, "N_roi": 44, "N_inlier": 44, "refit": true}
{"timestamp": "12:44:27.265738", "frame": 49, "mu": [-1.8428385261246452, 3.0899140641153315, 0.893129515855455], "Sigma": [[0.008081166090294882, 0.0037555135503794896, -0.013887838206385386], [0.003755513550379489, 0.0076265562418300565, -0.01740352771735119], [-0.013887838206385388, -0.01740352771735119, 0.05738537418782432]], "chi2_level": 0.99, "chi2_df": 3, "chi2_threshold": 11.344866730144373, "N_raw": 16, "N_roi": 16, "N_inlier": 15, "refit": true}
{"timestamp": "12:44:27.323785", "frame": 50, "mu": [-1.819189138399258, 3.0777608488671637, 1.1053745636500254], "Sigma": [[0.015285497449693564, 0.011609366966694977, -0.015881231792959798], [0.011609366966694977, 0.017502507904078375, -0.023207451099140457], [-0.015881231792959798, -0.023207451099140457, 0.03551949012894012]], "chi2_level": 0.99, "chi2_df": 3, "chi2_threshold": 11.344866730144373, "N_raw": 39, "N_roi": 39, "N_inlier": 38, "refit": true}
{"timestamp": "12:44:27.375923", "frame": 51, "mu": [-1.7678840358778816, 3.1698221929059245, 0.8044242081260653], "Sigma": [[0.003765104956230568, 0.00236199736770289, 0.0017272479222918474], [0.0023619973677028905, 0.01711016911010502, -0.04520160896666485], [0.0017272479222918474, -0.04520160896666485, 0.1605299105432571]], "chi2_level": 0.99, "chi2_df": 3, "chi2_threshold": 11.344866730144373, "N_raw": 14, "N_roi": 10, "N_inlier": 9, "refit": true}
{"timestamp": "12:44:27.436525", "frame": 52, "mu": [-1.71460960078824, 3.062984206833131, 0.8635884932061908], "Sigma": [[0.017659690813837163, 0.006190503867776291, -0.02213259290700543], [0.00619050386777629, 0.004945907803765063, -0.011578062182725918], [-0.02213259290700543, -0.011578062182725918, 0.03840855706060361]], "chi2_level": 0.99, "chi2_df": 3, "chi2_threshold": 11.344866730144373, "N_raw": 51, "N_roi": 51, "N_inlier": 48, "refit": true}
{"timestamp": "12:44:27.485887", "frame": 53, "mu": [-1.6432172915532173, 3.041386465136697, 0.8970344363280432], "Sigma": [[0.010317245753042053, 0.0023676992694436263, -0.015125310746296732], [0.0023676992694436263, 0.000978596952830441, -0.004508507954324911], [-0.015125310746296732, -0.004508507954324911, 0.029391212602037076]], "chi2_level": 0.99, "chi2_df": 3, "chi2_threshold": 11.344866730144373, "N_raw": 20, "N_roi": 20, "N_inlier": 19, "refit": true}
{"timestamp": "12:44:27.545904", "frame": 54, "mu": [-1.5827240099294797, 3.116354598970145, 0.9099993457442013], "Sigma": [[0.019184957551879482, 0.0036218440755182, -0.01581702912368946], [0.0036218440755182, 0.0018270159992389396, -0.005713718708039585], [-0.01581702912368946, -0.005713718708039585, 0.02554823080166764]], "chi2_level": 0.99, "chi2_df": 3, "chi2_threshold": 11.344866730144373, "N_raw": 49, "N_roi": 44, "N_inlier": 42, "refit": true}
{"timestamp": "12:44:27.600483", "frame": 55, "mu": [-1.5558917190246566, 3.0787139765784026, 0.910990422916669], "Sigma": [[0.014836317932667431, 0.0043423988855217, -0.009121440262089432], [0.0043423988855217, 0.004055206835239036, -0.005888247734651043], [-0.009121440262089432, -0.005888247734651043, 0.013519665201466894]], "chi2_level": 0.99, "chi2_df": 3, "chi2_threshold": 11.344866730144373, "N_raw": 48, "N_roi": 47, "N_inlier": 44, "refit": true}
{"timestamp": "12:44:27.656247", "frame": 56, "mu": [-1.4658214717271845, 3.13928472297419, 0.9356454324364676], "Sigma": [[0.015882842200319602, 0.0017252228545838891, -0.016874899579017864], [0.0017252228545838891, 0.0022628775998339307, -0.006094710101406145], [-0.016874899579017864, -0.006094710101406146, 0.030710987130487984]], "chi2_level": 0.99, "chi2_df": 3, "chi2_threshold": 11.344866730144373, "N_raw": 54, "N_roi": 51, "N_inlier": 50, "refit": true}
{"timestamp": "12:44:27.708128", "frame": 57, "mu": [-1.3947026579358548, 3.093918374157142, 0.8536790929654385], "Sigma": [[0.00902518797183652, 0.0004909478996570208, -0.009611918525569179], [0.0004909478996570208, 0.0004920707424674749, -0.002835216420859721], [-0.009611918525569179, -0.00283521642085972, 0.0305424216719643]], "chi2_level": 0.99, "chi2_df": 3, "chi2_threshold": 11.344866730144373, "N_raw": 30, "N_roi": 30, "N_inlier": 29, "refit": true}
{"timestamp": "12:44:27.764549", "frame": 58, "mu": [-1.3346619420855939, 3.0903142964970063, 0.8323204094761844], "Sigma": [[0.015788405741642215, 0.0027629782652430494, -0.007690713856393798], [0.0027629782652430494, 0.0027603198417713456, -0.004983853112258646], [-0.007690713856393798, -0.004983853112258646, 0.01203275010463579]], "chi2_level": 0.99, "chi2_df": 3, "chi2_threshold": 11.344866730144373, "N_raw": 44, "N_roi": 44, "N_inlier": 44, "refit": true}
{"timestamp": "12:44:27.818969", "frame": 59, "mu": [-1.284297731722946, 3.0923717587042607, 0.9470206309301477], "Sigma": [[0.009933413759229999, 0.003205091300310478, -0.0030643573707588127], [0.0032050913003104785, 0.0029827173859867232, -0.005787586068692568], [-0.003064357370758813, -0.005787586068692568, 0.015415430514679801]], "chi2_level": 0.99, "chi2_df": 3, "chi2_threshold": 11.344866730144373, "N_raw": 42, "N_roi": 42, "N_inlier": 38, "refit": true}
{"timestamp": "12:44:27.872421", "frame": 60, "mu": [-1.1639327765376946, 3.12358571370988, 0.8889556800230757], "Sigma": [[0.00538148402823633, 0.0010149509806327344, -0.004160367536242508], [0.0010149509806327342, 0.0023377889616412956, -0.006677510254767347], [-0.004160367536242508, -0.006677510254767346, 0.029959572617254834]], "chi2_level": 0.99, "chi2_df": 3, "chi2_threshold": 11.344866730144373, "N_raw": 23, "N_roi": 20, "N_inlier": 19, "refit": true}
{"timestamp": "12:44:27.926944", "frame": 61, "mu": [-1.1739388454324429, 2.9946111177638866, 0.9268271496225096], "Sigma": [[0.011217775117971814, -0.00026372980891662377, -0.009492356685840232], [-0.00026372980891662355, 0.0021426014226409843, -0.0007291059356519752], [-0.009492356685840232, -0.0007291059356519752, 0.009887406535676664]], "chi2_level": 0.99, "chi2_df": 3, "chi2_threshold": 11.344866730144373, "N_raw": 24, "N_roi": 24, "N_inlier": 23, "refit": true}
{"timestamp": "12:44:27.985656", "frame": 62, "mu": [-1.1332957925558522, 3.212570843257578, -0.11097545083980036], "Sigma": [[0.018702285523533035, 0.004590841210381286, -0.01141846164953975], [0.004590841210381286, 0.004830005601049858, -0.0006643211391633614], [-0.01141846164953975, -0.0006643211391633613, 0.0095005757421517]], "chi2_level": 0.99, "chi2_df": 3, "chi2_threshold": 11.344866730144373, "N_raw": 45, "N_roi": 45, "N_inlier": 43, "refit": true}
{"timestamp": "12:44:28.038034", "frame": 63, "mu": [-1.0795116560541216, 3.020860987353101, 1.033224081787412], "Sigma": [[0.011198483473796315, 0.0016071218553169553, -0.010084606513601165], [0.001607121855316955, 0.0031894392692203, -0.002389400237356651], [-0.010084606513601165, -0.002389400237356651, 0.010479754980862907]], "chi2_level": 0.99, "chi2_df": 3, "chi2_threshold": 11.344866730144373, "N_raw": 36, "N_roi": 36, "N_inlier": 34, "refit": true}
{"timestamp": "12:44:28.095288", "frame": 64, "mu": [-1.0316235713801922, 3.02897477976883, 1.0242671975337252], "Sigma": [[0.01350196744156241, 0.0011944784186208174, -0.012256485296465277], [0.0011944784186208174, 0.0038233799611431625, -0.0019338928444970454], [-0.012256485296465277, -0.0019338928444970454, 0.013846444774767775]], "chi2_level": 0.99, "chi2_df": 3, "chi2_threshold": 11.344866730144373, "N_raw": 44, "N_roi": 43, "N_inlier": 40, "refit": true}
{"timestamp": "12:44:28.147948", "frame": 65, "mu": [-0.9170025412897175, 3.036803947380113, 0.7832707215785051], "Sigma": [[0.006762104230759769, -0.0006170866462571949, -0.0036750040093661233], [-0.0006170866462571951, 0.007769477152754357, -0.017332695919421024], [-0.0036750040093661233, -0.017332695919421024, 0.11036733146320946]], "chi2_level": 0.99, "chi2_df": 3, "chi2_threshold": 11.344866730144373, "N_raw": 32, "N_roi": 32, "N_inlier": 31, "refit": true}
{"timestamp": "12:44:28.205412", "frame": 66, "mu": [-0.9801080278017913, 3.0388095955325887, 1.087793438063967], "Sigma": [[0.011447385377115161, 0.0003201435631335416, -0.008917073152976972], [0.0003201435631335417, 0.0035807397521848616, -0.0023331835191787377], [-0.008917073152976974, -0.0023331835191787377, 0.009032937096929849]], "chi2_level": 0.99, "chi2_df": 3, "chi2_threshold": 11.344866730144373, "N_raw": 46, "N_roi": 46, "N_inlier": 44, "refit": true}
{"timestamp": "12:44:28.254333", "frame": 67, "mu": [-0.8290346666942262, 3.492748245931584, -0.8185036398928087], "Sigma": [[0.012199893849910116, 0.022806593066478323, -0.061952980909286276], [0.022806593066478326, 0.046264189914228676, -0.12592018524037168], [-0.061952980909286276, -0.12592018524037166, 0.3583960760111707]], "chi2_level": 0.99, "chi2_df": 3, "chi2_threshold": 11.344866730144373, "N_raw": 8, "N_roi": 8, "N_inlier": 8, "refit": true}
{"timestamp": "12:44:28.309972", "frame": 68, "mu": [-0.7228226214314041, 3.1018318882566978, 0.43664545419644685], "Sigma": [[0.023305070433068464, 0.01142454499894708, -0.08593264769341852], [0.01142454499894708, 0.009570799359367643, -0.04545890030486141], [-0.08593264769341852, -0.04545890030486141, 0.3223214110308984]], "chi2_level": 0.99, "chi2_df": 3, "chi2_threshold": 11.344866730144373, "N_raw": 11, "N_roi": 9, "N_inlier": 9, "refit": true}
{"timestamp": "12:44:28.372028", "frame": 69, "mu": [-0.792135241929063, 3.0742362205247744, 1.0170841377402717], "Sigma": [[0.0163505938157454, 0.0005835546040402688, -0.008503318586013837], [0.0005835546040402689, 0.005694511005844127, 0.0002527203073828554], [-0.008503318586013837, 0.00025272030738285556, 0.0050620348827254006]], "chi2_level": 0.99, "chi2_df": 3, "chi2_threshold": 11.344866730144373, "N_raw": 60, "N_roi": 57, "N_inlier": 54, "refit": true}
{"timestamp": "12:44:28.424038", "frame": 70, "mu": [-0.744506367578949, 3.098392134072235, 1.044217386196221], "Sigma": [[0.01116896404301371, 0.0018430058165080083, -0.006634134729592734], [0.0018430058165080083, 0.0026802576008477285, -0.002760547937351094], [-0.006634134729592735, -0.002760547937351094, 0.005831878917731452]], "chi2_level": 0.99, "chi2_df": 3, "chi2_threshold": 11.344866730144373, "N_raw": 39, "N_roi": 36, "N_inlier": 35, "refit": true}
{"timestamp": "12:44:28.480807", "frame": 71, "mu": [-0.7014745024719181, 3.120187890487865, 1.096205120676646], "Sigma": [[0.012770691681817511, 0.002695116689984107, -0.0042983365344141265], [0.002695116689984107, 0.004127187623963628, -0.002740435962032173], [-0.0042983365344141265, -0.002740435962032173, 0.003240916097549185]], "chi2_level": 0.99, "chi2_df": 3, "chi2_threshold": 11.344866730144373, "N_raw": 50, "N_roi": 46, "N_inlier": 45, "refit": true}
{"timestamp": "12:44:28.536451", "frame": 72, "mu": [-0.6941811119396608, 3.2263270506934614, 0.024547061716719415], "Sigma": [[0.013644885330454297, 0.0028834006559143696, -0.0058580161949322715], [0.00288340065591437, 0.005179939969685584, 0.0017950453844188176], [-0.0058580161949322715, 0.0017950453844188178, 0.007783168061449807]], "chi2_level": 0.99, "chi2_df": 3, "chi2_threshold": 11.344866730144373, "N_raw": 50, "N_roi": 48, "N_inlier": 46, "refit": true}
{"timestamp": "12:44:28.584897", "frame": 73, "mu": [-0.6489404118574149, 3.228055674232392, 0.7000011226179229], "Sigma": [[0.0024149938968706258, 0.0018933253031503039, 0.017973494931010317], [0.0018933253031503039, 0.013577071373915391, -0.02055783761474743], [0.017973494931010317, -0.02055783761474743, 0.4455444279997113]], "chi2_level": 0.99, "chi2_df": 3, "chi2_threshold": 11.344866730144373, "N_raw": 8, "N_roi": 8, "N_inlier": 8, "refit": true}
{"timestamp": "12:44:28.651826", "frame": 74, "mu": [-0.5711373946083118, 3.21539608086864, 0.7754167136098047], "Sigma": [[0.017632707913255594, 0.0055929614868991725, -0.0007903886028657369], [0.0055929614868991725, 0.02337160441963127, -0.016629214163474158], [-0.0007903886028657364, -0.016629214163474158, 0.18147897675102534]], "chi2_level": 0.99, "chi2_df": 3, "chi2_threshold": 11.344866730144373, "N_raw": 94, "N_roi": 91, "N_inlier": 91, "refit": true}
{"timestamp": "12:44:28.702177", "frame": 75, "mu": [-0.5891355436174747, 3.118902169827883, 1.1618566067287928], "Sigma": [[0.018521232355508933, 0.0027092151446946205, -0.00175484525090244], [0.002709215144694621, 0.0035873163817339215, -0.0005225262165245529], [-0.00175484525090244, -0.0005225262165245528, 0.003663928644721452]], "chi2_level": 0.99, "chi2_df": 3, "chi2_threshold": 11.344866730144373, "N_raw": 55, "N_roi": 47, "N_inlier": 43, "refit": true}
{"timestamp": "12:44:28.754419", "frame": 76, "mu": [-0.6053246804008918, 3.055366011760144, 0.9389111191250239], "Sigma": [[0.01065337375254039, -0.00040196416594142064, -0.0006465913666457952], [-0.0004019641659414207, 0.0005526659951069875, -0.0017974927596509584], [-0.0006465913666457952, -0.0017974927596509584, 0.010775067824091862]], "chi2_level": 0.99, "chi2_df": 3, "chi2_threshold": 11.344866730144373, "N_raw": 40, "N_roi": 37, "N_inlier": 32, "refit": true}
{"timestamp": "12:44:28.805687", "frame": 77, "mu": [-0.46301827199044676, 3.1452623219625133, 1.1068129748708448], "Sigma": [[0.010871665387182842, 0.0019892583041885414, -0.00048596661424532957], [0.0019892583041885414, 0.0036002661063898444, 0.00111613252848565], [-0.00048596661424532935, 0.0011161325284856495, 0.007106047452357918]], "chi2_level": 0.99, "chi2_df": 3, "chi2_threshold": 11.344866730144373, "N_raw": 17, "N_roi": 17, "N_inlier": 15, "refit": true}
{"timestamp": "12:44:28.863409", "frame": 78, "mu": [-0.4432613988754552, 3.179784496616978, 1.0873606430107774], "Sigma": [[0.011683566001864468, 0.0037227727549745786, -0.005750417697302259], [0.0037227727549745786, 0.00897277463691031, -0.004266996062016332], [-0.00575041769730226, -0.004266996062016332, 0.004863887180169726]], "chi2_level": 0.99, "chi2_df": 3, "chi2_threshold": 11.344866730144373, "N_raw": 31, "N_roi": 31, "N_inlier": 30, "refit": true}
{"timestamp": "12:44:28.923163", "frame": 79, "mu": [-0.36149938465310555, 3.17626678022747, 1.0427123275515655], "Sigma": [[0.01779810089770973, 0.0011885256450773743, -0.007084303740282249], [0.0011885256450773745, 0.0029474719046928555, -0.006610558258548294], [-0.007084303740282249, -0.006610558258548293, 0.02196952633050328]], "chi2_level": 0.99, "chi2_df": 3, "chi2_threshold": 11.344866730144373, "N_raw": 66, "N_roi": 66, "N_inlier": 64, "refit": true}
{"timestamp": "12:44:28.976230", "frame": 80, "mu": [-0.264617076574178, 3.203043863766052, 1.0095655488488597], "Sigma": [[0.015706686828509897, 0.001880272476328678, 0.003310214425668165], [0.0018802724763286784, 0.001951490677000232, -0.003046751054052884], [0.0033102144256681645, -0.003046751054052884, 0.019570023936541815]], "chi2_level": 0.99, "chi2_df": 3, "chi2_threshold": 11.344866730144373, "N_raw": 55, "N_roi": 53, "N_inlier": 50, "refit": true}
{"timestamp": "12:44:29.032258", "frame": 81, "mu": [-0.22041578621686442, 3.1455521866327967, 1.0835149152590224], "Sigma": [[0.014989281737111088, 0.002313790776699576, -0.0040130229003004746], [0.0023137907766995758, 0.006031259852774913, -0.004456346445367508], [-0.004013022900300474, -0.004456346445367508, 0.006021842202454881]], "chi2_level": 0.99, "chi2_df": 3, "chi2_threshold": 11.344866730144373, "N_raw": 58, "N_roi": 58, "N_inlier": 57, "refit": true}
{"timestamp": "12:44:29.085254", "frame": 82, "mu": [-0.14681757469757084, 3.2003552025570268, -0.5805226970369248], "Sigma": [[0.012418445744077215, 0.0032743463266382473, 0.01248937354499319], [0.003274346326638247, 0.006858202862807416, 0.011077738304560804], [0.012489373544993188, 0.011077738304560804, 0.058275776223338654]], "chi2_level": 0.99, "chi2_df": 3, "chi2_threshold": 11.344866730144373, "N_raw": 46, "N_roi": 44, "N_inlier": 43, "refit": true}
{"timestamp": "12:44:29.137471", "frame": 83, "mu": [-0.1568172950843989, 3.186537282003238, -0.05098968921486822], "Sigma": [[0.009397930781897696, 0.00033318587245216526, -0.004213517315573871], [0.00033318587245216526, 0.0016259304786209, -0.00161484868490676], [-0.004213517315573872, -0.00161484868490676, 0.003886311944127344]], "chi2_level": 0.99, "chi2_df": 3, "chi2_threshold": 11.344866730144373, "N_raw": 26, "N_roi": 26, "N_inlier": 24, "refit": true}
{"timestamp": "12:44:29.193699", "frame": 84, "mu": [-0.11279485615258691, 3.142321909254402, 1.310781025978566], "Sigma": [[0.013661805110846305, -0.000670008509309101, -0.005116227634342852], [-0.0006700085093091011, 0.003347344268521558, 0.0012163897867208042], [-0.005116227634342852, 0.0012163897867208044, 0.0029104144398044924]], "chi2_level": 0.99, "chi2_df": 3, "chi2_threshold": 11.344866730144373, "N_raw": 40, "N_roi": 40, "N_inlier": 39, "refit": true}
{"timestamp": "12:44:29.303919", "frame": 86, "mu": [0.0142550995685787, 3.1093491769536405, 1.1815504689098821], "Sigma": [[0.013980515479059524, 0.0005585828779509733, -0.0006926231566703121], [0.0005585828779509734, 0.0031517523124327904, 0.0006744902033684725], [-0.000692623156670312, 0.0006744902033684724, 0.0031931973842657052]], "chi2_level": 0.99, "chi2_df": 3, "chi2_threshold": 11.344866730144373, "N_raw": 41, "N_roi": 41, "N_inlier": 39, "refit": true}
{"timestamp": "12:44:29.412825", "frame": 88, "mu": [0.06608406388918293, 3.154123618051885, 1.2495430283012556], "Sigma": [[0.007520632653411521, 0.0020798772805957584, -0.016148388985670722], [0.0020798772805957584, 0.005996628330973724, -0.02188541417679877], [-0.016148388985670722, -0.021885414176798765, 0.15373243620406452]], "chi2_level": 0.99, "chi2_df": 3, "chi2_threshold": 11.344866730144373, "N_raw": 30, "N_roi": 27, "N_inlier": 26, "refit": true}
{"timestamp": "12:44:29.471397", "frame": 89, "mu": [0.1606336934485409, 3.1604320010164524, 1.1715468042529193], "Sigma": [[0.013971833040717797, -0.003141420723004688, 0.002485798432690026], [-0.003141420723004688, 0.004971603960003501, -0.005540314565090715], [0.002485798432690026, -0.005540314565090715, 0.011760281795953526]], "chi2_level": 0.99, "chi2_df": 3, "chi2_threshold": 11.344866730144373, "N_raw": 63, "N_roi": 63, "N_inlier": 60, "refit": true}
{"timestamp": "12:44:29.526304", "frame": 90, "mu": [0.247483945463903, 3.149003485720692, 1.22023122179369], "Sigma": [[0.01247882652483743, -0.0014612276606620223, -0.00394009367385009], [-0.0014612276606620223, 0.005316828137119196, -0.0001901120567595016], [-0.00394009367385009, -0.0001901120567595017, 0.0023945533853749266]], "chi2_level": 0.99, "chi2_df": 3, "chi2_threshold": 11.344866730144373, "N_raw": 53, "N_roi": 50, "N_inlier": 49, "refit": true}
{"timestamp": "12:44:29.583731", "frame": 91, "mu": [0.24607288998310028, 3.199207319459726, 1.2951067264055305], "Sigma": [[0.015355213425381499, -0.0016369941953439243, -0.005760795322772875], [-0.0016369941953439245, 0.005989099015083048, 0.0011498802146612083], [-0.005760795322772875, 0.0011498802146612081, 0.02885070578646442]], "chi2_level": 0.99, "chi2_df": 3, "chi2_threshold": 11.344866730144373, "N_raw": 67, "N_roi": 67, "N_inlier": 64, "refit": true}
{"timestamp": "12:44:29.634308", "frame": 92, "mu": [0.29366710498261916, 3.2025136289218823, 1.3454490947148885], "Sigma": [[0.012985434979218459, -0.0020169441213082834, -0.00485304734893547], [-0.0020169441213082834, 0.004342317914049391, 0.002231222273210435], [-0.00485304734893547, 0.002231222273210435, 0.003159823593127154]], "chi2_level": 0.99, "chi2_df": 3, "chi2_threshold": 11.344866730144373, "N_raw": 41, "N_roi": 41, "N_inlier": 39, "refit": true}
{"timestamp": "12:44:29.690898", "frame": 93, "mu": [0.3504445337877873, 3.193499796179034, 1.2272122749226322], "Sigma": [[0.013513534244815375, -0.0012298908094872901, -0.0025615663964437254], [-0.0012298908094872901, 0.0031303929769718923, -0.0026021689481520644], [-0.0025615663964437254, -0.002602168948152065, 0.009259902812649988]], "chi2_level": 0.99, "chi2_df": 3, "chi2_threshold": 11.344866730144373, "N_raw": 52, "N_roi": 52, "N_inlier": 48, "refit": true}
{"timestamp": "12:44:29.744922", "frame": 94, "mu": [0.40517753399339634, 3.1954833790454584, 1.240789905357643], "Sigma": [[0.012590574511646689, -0.0015041383681028166, -0.002255277166902817], [-0.0015041383681028166, 0.004937260015105733, -0.0003267265108356616], [-0.002255277166902817, -0.0003267265108356616, 0.0013762359116589568]], "chi2_level": 0.99, "chi2_df": 3, "chi2_threshold": 11.344866730144373, "N_raw": 48, "N_roi": 48, "N_inlier": 47, "refit": true}
{"timestamp": "12:44:29.798814", "frame": 95, "mu": [0.4305299985286776, 3.2292436115122003, 1.1603370491125187], "Sigma": [[0.009987592367972363, -0.0029840457014237787, 0.009308713859234563], [-0.0029840457014237787, 0.0038297467964824947, -0.005541653004097594], [0.009308713859234562, -0.005541653004097594, 0.07952027234921266]], "chi2_level": 0.99, "chi2_df": 3, "chi2_threshold": 11.344866730144373, "N_raw": 37, "N_roi": 37, "N_inlier": 34, "refit": true}
{"timestamp": "12:44:29.857309", "frame": 96, "mu": [0.47261534005372435, 3.228451905765202, 1.277805568188351], "Sigma": [[0.016746196390885506, -0.003182255783983056, 0.005101794028652225], [-0.0031822557839830557, 0.007223963484222979, -0.007110061760937945], [0.005101794028652228, -0.007110061760937945, 0.08681053817970943]], "chi2_level": 0.99, "chi2_df": 3, "chi2_threshold": 11.344866730144373, "N_raw": 59, "N_roi": 59, "N_inlier": 57, "refit": true}
{"timestamp": "12:44:29.912817", "frame": 97, "mu": [0.5109562410663844, 3.2595635634519216, 1.2455929085599442], "Sigma": [[0.013801096385218177, -0.0020450115539413422, -0.004611433225106027], [-0.0020450115539413427, 0.004784239778115666, -0.003951908785078119], [-0.004611433225106027, -0.003951908785078119, 0.008862685321021952]], "chi2_level": 0.99, "chi2_df": 3, "chi2_threshold": 11.344866730144373, "N_raw": 57, "N_roi": 57, "N_inlier": 56, "refit": true}
{"timestamp": "12:44:29.967631", "frame": 98, "mu": [0.5465298403928162, 3.2120317572957715, 1.2473982531633165], "Sigma": [[0.013675025958594893, -0.001954621062456735, -0.004680520491801634], [-0.0019546210624567352, 0.00588789694862426, -0.0020612628911268567], [-0.004680520491801634, -0.0020612628911268567, 0.004239821127633937]], "chi2_level": 0.99, "chi2_df": 3, "chi2_threshold": 11.344866730144373, "N_raw": 59, "N_roi": 59, "N_inlier": 57, "refit": true}
{"timestamp": "12:44:30.017917", "frame": 99, "mu": [0.6376934232550018, 3.200409180357409, 1.2277086649304472], "Sigma": [[0.008767136494576751, -0.0004610815307741736, -0.0018037312441638903], [-0.00046108153077417365, 0.002759113489349661, -0.0006158676237375704], [-0.0018037312441638903, -0.0006158676237375703, 0.0009134906294263113]], "chi2_level": 0.99, "chi2_df": 3, "chi2_threshold": 11.344866730144373, "N_raw": 32, "N_roi": 32, "N_inlier": 30, "refit": true}
{"timestamp": "12:44:30.151669", "frame": 100, "mu": [0.631183854382813, 3.24726986331303, 1.271482456071519], "Sigma": [[0.0038752911679108314, 0.00309596514460413, 0.00022352326710177776], [0.0030959651446041295, 0.005078414596709819, 0.002404020527900541], [0.00022352326710177765, 0.002404020527900541, 0.012549325498246543]], "chi2_level": 0.99, "chi2_df": 3, "chi2_threshold": 11.344866730144373, "N_raw": 11, "N_roi": 9, "N_inlier": 8, "refit": true}
{"timestamp": "12:44:30.183101", "frame": 101, "mu": [0.7282000957350733, 2.997401868737363, 1.270243246616315], "Sigma": [[0.03862486072562098, 0.16490292361129924, -0.07476713357824129], [0.1649029236112992, 0.7963047659728746, -0.25196585601355803], [-0.07476713357824127, -0.25196585601355803, 0.19988561909831085]], "chi2_level": 0.99, "chi2_df": 3, "chi2_threshold": 11.344866730144373, "N_raw": 8, "N_roi": 7, "N_inlier": 7, "refit": true}
{"timestamp": "12:44:30.220217", "frame": 102, "mu": [0.7405388004476494, 3.1809775121448065, 1.172423428706079], "Sigma": [[0.009247608698575159, -0.0024935980591258107, -0.003406258950778958], [-0.0024935980591258107, 0.0024436540638150626, 4.596752199803161e-05], [-0.0034062589507789574, 4.596752199803155e-05, 0.0038240279888445694]], "chi2_level": 0.99, "chi2_df": 3, "chi2_threshold": 11.344866730144373, "N_raw": 27, "N_roi": 27, "N_inlier": 25, "refit": true}
{"timestamp": "12:44:30.248793", "frame": 103, "mu": [0.9129314005833595, 3.262454311382991, 0.9091962903896615], "Sigma": [[0.028423858359834266, -0.0040160992900382265, -0.09155930058206516], [-0.004016099290038225, 0.0049444478456186405, 0.013906786219366696], [-0.09155930058206518, 0.013906786219366696, 0.3961176648492997]], "chi2_level": 0.99, "chi2_df": 3, "chi2_threshold": 11.344866730144373, "N_raw": 42, "N_roi": 42, "N_inlier": 41, "refit": true}
{"timestamp": "12:44:30.292439", "frame": 104, "mu": [0.9028977221042336, 3.185563478649476, -0.8903406835858798], "Sigma": [[0.009286704941042228, 0.002606055215880093, -0.010939231808525423], [0.0026060552158800924, 0.005794406355299538, -0.014229372672733989], [-0.010939231808525424, -0.014229372672733989, 0.1929013137484921]], "chi2_level": 0.99, "chi2_df": 3, "chi2_threshold": 11.344866730144373, "N_raw": 25, "N_roi": 23, "N_inlier": 23, "refit": true}
{"timestamp": "12:44:30.345275", "frame": 105, "mu": [0.8835301120698646, 3.2918478128231725, 0.7961506778523197], "Sigma": [[0.01009317075953664, -0.007400399403606369, 0.04965306860316227], [-0.007400399403606369, 0.010427368461615415, -0.04514165424102914], [0.04965306860316227, -0.04514165424102913, 0.26687968401436124]], "chi2_level": 0.99, "chi2_df": 3, "chi2_threshold": 11.344866730144373, "N_raw": 9, "N_roi": 7, "N_inlier": 7, "refit": true}
{"timestamp": "12:44:30.400474", "frame": 106, "mu": [0.8333104959912838, 3.3862457530795176, 0.46226376978861244], "Sigma": [[0.019962233081631007, -0.00828270874375501, 0.04808718727904653], [-0.00828270874375501, 0.011317256217446937, -0.0349894045094698], [0.04808718727904653, -0.0349894045094698, 0.1652759626047112]], "chi2_level": 0.99, "chi2_df": 3, "chi2_threshold": 11.344866730144373, "N_raw": 20, "N_roi": 20, "N_inlier": 20, "refit": true}
{"timestamp": "12:44:30.458211", "frame": 107, "mu": [0.8850083155752689, 3.682159614351331, -0.7286376629035064], "Sigma": [[0.02137053958541182, -0.014465965092798402, 0.021418412623819903], [-0.014465965092798405, 0.03008934289207993, -0.05306812850784094], [0.0214184126238199, -0.05306812850784095, 0.0987460857649183]], "chi2_level": 0.99, "chi2_df": 3, "chi2_threshold": 11.344866730144373, "N_raw": 31, "N_roi": 31, "N_inlier": 30, "refit": true}
{"timestamp": "12:44:30.510795", "frame": 108, "mu": [1.0751404786817682, 3.327705970226703, 0.45344095791148836], "Sigma": [[0.00802148324572746, -0.006363754128322496, 0.013106625056276845], [-0.006363754128322496, 0.019319420193481256, -0.048525661836369416], [0.013106625056276845, -0.048525661836369416, 0.12618605124303017]], "chi2_level": 0.99, "chi2_df": 3, "chi2_threshold": 11.344866730144373, "N_raw": 17, "N_roi": 17, "N_inlier": 17, "refit": true}
{"timestamp": "12:44:30.571153", "frame": 109, "mu": [1.1110224497918995, 3.480951784976214, -0.281537846220349], "Sigma": [[0.030299009004541327, -0.032018030783704646, 0.044029755909769666], [-0.032018030783704646, 0.05399090977709478, -0.09032939874617431], [0.044029755909769666, -0.09032939874617431, 0.17600440929955477]], "chi2_level": 0.99, "chi2_df": 3, "chi2_threshold": 11.344866730144373, "N_raw": 59, "N_roi": 59, "N_inlier": 59, "refit": true}
{"timestamp": "12:44:30.622106", "frame": 110, "mu": [1.217914531286042, 3.2392647963086683, 1.004415947783457], "Sigma": [[0.011803957020424595, -0.005631704838529322, -0.0021925749809765128], [-0.005631704838529322, 0.00668645500896341, -0.010124362019990826], [-0.0021925749809765136, -0.010124362019990825, 0.07817849033334727]], "chi2_level": 0.99, "chi2_df": 3, "chi2_threshold": 11.344866730144373, "N_raw": 27, "N_roi": 27, "N_inlier": 25, "refit": true}
{"timestamp": "12:44:30.675609", "frame": 111, "mu": [1.2559989031281327, 3.2482464240128137, 0.8182037098781303], "Sigma": [[0.005152981787953844, -0.0025137146186342838, -0.0027217826337183706], [-0.0025137146186342838, 0.004812003626446243, 0.0020097360766691743], [-0.002721782633718373, 0.002009736076669176, 0.29946350282235407]], "chi2_level": 0.99, "chi2_df": 3, "chi2_threshold": 11.344866730144373, "N_raw": 15, "N_roi": 15, "N_inlier": 15, "refit": true}
{"timestamp": "12:44:30.730812", "frame": 112, "mu": [1.3508712371428615, 3.1599819016272805, 0.8024257155448816], "Sigma": [[0.004233146744706832, 0.0011970632462515185, -0.012931465900014726], [0.0011970632462515185, 0.005064084552428885, -0.009983080738898933], [-0.012931465900014726, -0.009983080738898933, 0.17015224632147266]], "chi2_level": 0.99, "chi2_df": 3, "chi2_threshold": 11.344866730144373, "N_raw": 17, "N_roi": 17, "N_inlier": 17, "refit": true}
{"timestamp": "12:44:30.786286", "frame": 113, "mu": [1.33222926330152, 3.1764025265400653, 1.2983789618087924], "Sigma": [[0.006513567190308347, -0.002029859263765381, -0.0016619046415117513], [-0.0020298592637653804, 0.004592021423733226, 0.002189757066566761], [-0.0016619046415117513, 0.002189757066566761, 0.001967872104735951]], "chi2_level": 0.99, "chi2_df": 3, "chi2_threshold": 11.344866730144373, "N_raw": 23, "N_roi": 21, "N_inlier": 21, "refit": true}
{"timestamp": "12:44:30.839066", "frame": 114, "mu": [1.3312469608757374, 3.2710744820129185, 1.0871597918187808], "Sigma": [[0.0013444847504592368, -0.0013497797051888446, -0.022341429877836386], [-0.0013497797051888448, 0.01186506580582517, 0.04426834795133773], [-0.022341429877836386, 0.04426834795133773, 0.48464600938858804]], "chi2_level": 0.99, "chi2_df": 3, "chi2_threshold": 11.344866730144373, "N_raw": 7, "N_roi": 7, "N_inlier": 7, "refit": true}
{"timestamp": "12:44:30.897914", "frame": 115, "mu": [1.4349320020989547, 3.2020273374355757, 0.9407615144908414], "Sigma": [[0.011076091932522993, -0.005564072553866552, -0.004116355570332379], [-0.005564072553866553, 0.003539770375789171, -0.0001163779474843827], [-0.004116355570332379, -0.00011637794748438254, 0.01738695439165628]], "chi2_level": 0.99, "chi2_df": 3, "chi2_threshold": 11.344866730144373, "N_raw": 32, "N_roi": 32, "N_inlier": 31, "refit": true}
{"timestamp": "12:44:30.950117", "frame": 116, "mu": [1.4518699734557634, 3.2610878262386027, 0.8457185510365799], "Sigma": [[0.0037330145543317643, 0.002061595510582088, -0.017833221521042573], [0.002061595510582088, 0.004961088183286462, 0.013473580973906302], [-0.017833221521042573, 0.013473580973906302, 0.5105798001116066]], "chi2_level": 0.99, "chi2_df": 3, "chi2_threshold": 11.344866730144373, "N_raw": 10, "N_roi": 10, "N_inlier": 10, "refit": true}
{"timestamp": "12:44:31.007293", "frame": 117, "mu": [1.4916029226734, 3.3968501974982095, 0.03594284298274596], "Sigma": [[0.009139020946602985, -0.002412816417485241, 0.0056019048557655075], [-0.002412816417485241, 0.003926076602563085, -0.0035733359802895084], [0.005601904855765507, -0.003573335980289508, 0.054293065388985054]], "chi2_level": 0.99, "chi2_df": 3, "chi2_threshold": 11.344866730144373, "N_raw": 28, "N_roi": 28, "N_inlier": 25, "refit": true}
{"timestamp": "12:44:31.121677", "frame": 119, "mu": [1.604659212675009, 3.310850937862075, 1.2473315971084917], "Sigma": [[0.01936277742247664, -0.006672047946726399, 0.0013253281402517548], [-0.006672047946726399, 0.009868519718175442, 0.004968483541115494], [0.001325328140251755, 0.0049684835411154945, 0.023606639385047527]], "chi2_level": 0.99, "chi2_df": 3, "chi2_threshold": 11.344866730144373, "N_raw": 57, "N_roi": 55, "N_inlier": 52, "refit": true}
{"timestamp": "12:44:31.170228", "frame": 120, "mu": [1.618332068588147, 3.3214011625354036, 1.127501247098699], "Sigma": [[0.0017996197948474285, -0.0008769830442198481, 0.016854832880930017], [-0.000876983044219848, 0.01465086933590179, 0.0357184693740546], [0.01685483288093002, 0.0357184693740546, 0.40727619069167126]], "chi2_level": 0.99, "chi2_df": 3, "chi2_threshold": 11.344866730144373, "N_raw": 10, "N_roi": 10, "N_inlier": 10, "refit": true}
{"timestamp": "12:44:31.225373", "frame": 121, "mu": [1.6522067226883388, 3.2459752171018, 1.3574395579638467], "Sigma": [[0.008437745412285444, -0.0015952676433609824, 0.0011988949100604097], [-0.0015952676433609826, 0.006367090242665972, 0.009031946574730259], [0.0011988949100604099, 0.009031946574730259, 0.01623294996860203]], "chi2_level": 0.99, "chi2_df": 3, "chi2_threshold": 11.344866730144373, "N_raw": 19, "N_roi": 19, "N_inlier": 18, "refit": true}
{"timestamp": "12:44:31.288579", "frame": 122, "mu": [1.6584895190624396, 3.3259683275257657, 0.2782347852402796], "Sigma": [[0.016212312909804044, -0.005750275297746172, 0.002071631241572899], [-0.005750275297746172, 0.0052554276114423525, 0.0021733722139209294], [0.002071631241572899, 0.0021733722139209294, 0.007178359033343178]], "chi2_level": 0.99, "chi2_df": 3, "chi2_threshold": 11.344866730144373, "N_raw": 39, "N_roi": 39, "N_inlier": 36, "refit": true}
{"timestamp": "12:44:31.339057", "frame": 123, "mu": [1.7452036775747448, 3.369484206650368, 1.43315524702781], "Sigma": [[0.018729809549756712, -0.007331314678678629, -0.0053088380484518135], [-0.007331314678678628, 0.008510098367098793, 0.002306679927875948], [-0.0053088380484518135, 0.002306679927875948, 0.0031208697751343977]], "chi2_level": 0.99, "chi2_df": 3, "chi2_threshold": 11.344866730144373, "N_raw": 44, "N_roi": 44, "N_inlier": 44, "refit": true}
{"timestamp": "12:44:31.395841", "frame": 124, "mu": [1.7329018060654435, 3.358246740451383, 1.443942626844421], "Sigma": [[0.01923928175826805, -0.007336294359768939, -0.004289911152477953], [-0.007336294359768939, 0.010516479921848015, 0.007708850064507046], [-0.0042899111524779526, 0.007708850064507046, 0.006818356099806236]], "chi2_level": 0.99, "chi2_df": 3, "chi2_threshold": 11.344866730144373, "N_raw": 50, "N_roi": 48, "N_inlier": 48, "refit": true}
{"timestamp": "12:44:31.445357", "frame": 125, "mu": [1.8501333225390943, 3.3570890689979755, 1.5684415807471794], "Sigma": [[0.009859116737770563, 0.005693686868184018, 0.01613175940972196], [0.005693686868184018, 0.008418940831780526, 0.015998818969546903], [0.01613175940972196, 0.015998818969546903, 0.03933989906679232]], "chi2_level": 0.99, "chi2_df": 3, "chi2_threshold": 11.344866730144373, "N_raw": 13, "N_roi": 10, "N_inlier": 10, "refit": true}
