{"timestamp": "12:56:59.504806", "frame": 1, "mu": [1.1479305368737749, 2.166477218026734, -0.291415387950012], "Sigma": [[0.007314846470907338, -0.0034850913028159998, -0.00495096499793965], [-0.0034850913028159998, 0.007591122678457594, -0.008952764957837542], [-0.00495096499793965, -0.008952764957837544, 0.02591929940051566]], "chi2_level": 0.99, "chi2_df": 3, "chi2_threshold": 11.344866730144373, "N_raw": 57, "N_roi": 57, "N_inlier": 55, "refit": true}
{"timestamp": "12:56:59.552956", "frame": 2, "mu": [1.2048922499485188, 2.04292732677363, 1.1241713297353897], "Sigma": [[0.010594317315897309, 0.002603258460524874, -0.01481305454956653], [0.002603258460524874, 0.0012216591195548313, -0.004168449675243186], [-0.01481305454956653, -0.004168449675243187, 0.02777874924505818]], "chi2_level": 0.99, "chi2_df": 3, "chi2_threshold": 11.344866730144373, "N_raw": 15, "N_roi": 15, "N_inlier": 14, "refit": true}
{"timestamp": "12:56:59.716234", "frame": 5, "mu": [1.2193349296411768, 1.9601252890486833, 1.134460246928891], "Sigma": [[0.001539567165047168, -0.0003813074113437697, -0.00014449903214302156], [-0.0003813074113437697, 0.0012873761545065456, -9.359495913063177e-05], [-0.00014449903214302153, -9.359495913063177e-05, 7.195390344644304e-05]], "chi2_level": 0.99, "chi2_df": 3, "chi2_threshold": 11.344866730144373, "N_raw": 9, "N_roi": 9, "N_inlier": 8, "refit": true}
{"timestamp": "12:56:59.772344", "frame": 6, "mu": [1.226936758259098, 1.9492626713081977, 1.000170567214651], "Sigma": [[0.006960676870365783, -0.0002973164627631912, -0.006968228695948299], [-0.00029731646276319126, 0.0011196949124178863, -0.00104324392300592], [-0.006968228695948299, -0.00104324392300592, 0.014277658779488583]], "chi2_level": 0.99, "chi2_df": 3, "chi2_threshold": 11.344866730144373, "N_raw": 17, "N_roi": 17, "N_inlier": 16, "refit": true}
{"timestamp": "12:56:59.830038", "frame": 7, "mu": [1.1320114305688853, 2.030339485639389, 1.182868079767923], "Sigma": [[0.0047945473721978825, -0.0030813226318159347, -0.0007122593481814594], [-0.0030813226318159347, 0.0036110234628826624, -0.002973375928479605], [-0.0007122593481814593, -0.002973375928479605, 0.008622438419694319]], "chi2_level": 0.99, "chi2_df": 3, "chi2_threshold": 11.344866730144373, "N_raw": 33, "N_roi": 33, "N_inlier": 32, "refit": true}
{"timestamp": "12:56:59.882365", "frame": 8, "mu": [1.247831660790259, 1.9841995033863982, 1.0608841533686164], "Sigma": [[0.019487644334554313, 0.001706751922595744, -0.02131240395573691], [0.001706751922595744, 0.0012163023929871709, -0.00293883212873922], [-0.02131240395573691, -0.00293883212873922, 0.035642486076182645]], "chi2_level": 0.99, "chi2_df": 3, "chi2_threshold": 11.344866730144373, "N_raw": 15, "N_roi": 15, "N_inlier": 15, "refit": true}
{"timestamp": "12:56:59.939236", "frame": 9, "mu": [1.1672616988386422, 2.004872447543864, 1.1587105403474238], "Sigma": [[0.01355777917117852, -0.0027135979351268357, -0.013922344767303786], [-0.0027135979351268352, 0.002236235079902768, 0.0007175792484202085], [-0.013922344767303786, 0.0007175792484202088, 0.021003602554075254]], "chi2_level": 0.99, "chi2_df": 3, "chi2_threshold": 11.344866730144373, "N_raw": 26, "N_roi": 26, "N_inlier": 26, "refit": true}
{"timestamp": "12:56:59.991625", "frame": 10, "mu": [1.2493758863903808, 1.9832699611477604, 0.9405876289815969], "Sigma": [[0.03787356381831299, -0.0030325550396105155, -0.02599443730546152], [-0.003032555039610515, 0.0019414709727325174, 0.0033572713828062704], [-0.02599443730546152, 0.0033572713828062713, 0.05934800891098192]], "chi2_level": 0.99, "chi2_df": 3, "chi2_threshold": 11.344866730144373, "N_raw": 9, "N_roi": 9, "N_inlier": 9, "refit": true}
{"timestamp": "12:57:00.047152", "frame": 11, "mu": [1.0412763635446995, 2.0276889708060173, 0.8338222889554309], "Sigma": [[0.022915916684434913, 0.007740859524506098, 0.011154176174955887], [0.007740859524506098, 0.004389640125764814, 0.004737120220208219], [0.011154176174955887, 0.004737120220208219, 0.007889711957803828]], "chi2_level": 0.99, "chi2_df": 3, "chi2_threshold": 11.344866730144373, "N_raw": 12, "N_roi": 12, "N_inlier": 11, "refit": true}
{"timestamp": "12:57:00.106347", "frame": 12, "mu": [1.3897045853019951, 1.9979247370138857, 0.9169740863059391], "Sigma": [[0.030436909890394014, -0.005856938579513842, -0.02377115790273618], [-0.005856938579513842, 0.005104469369997964, 0.003130414126825182], [-0.02377115790273618, 0.003130414126825182, 0.024096227826855277]], "chi2_level": 0.99, "chi2_df": 3, "chi2_threshold": 11.344866730144373, "N_raw": 35, "N_roi": 35, "N_inlier": 34, "refit": true}
{"timestamp": "12:57:00.157251", "frame": 13, "mu": [1.1632429676228342, 1.9802174515985718, 1.1639214175414478], "Sigma": [[0.0012124133979237405, -5.5223976638332025e-05, -0.003042362370913732], [-5.522397663833202e-05, 0.0010226760365318601, -0.003953331962745192], [-0.003042362370913732, -0.003953331962745192, 0.024408131282694465]], "chi2_level": 0.99, "chi2_df": 3, "chi2_threshold": 11.344866730144373, "N_raw": 10, "N_roi": 10, "N_inlier": 9, "refit": true}
{"timestamp": "12:57:00.213846", "frame": 14, "mu": [1.1979916076211758, 1.9896600223092218, 0.9814516124158508], "Sigma": [[0.012729624847821001, 0.0011137442362955821, -0.0045202466506593965], [0.001113744236295582, 0.002637180662479157, -0.0075002889283830275], [-0.004520246650659395, -0.007500288928383028, 0.05323578437233995]], "chi2_level": 0.99, "chi2_df": 3, "chi2_threshold": 11.344866730144373, "N_raw": 24, "N_roi": 24, "N_inlier": 24, "refit": true}
{"timestamp": "12:57:00.274124", "frame": 15, "mu": [1.1447392415803677, 2.0168671847531146, 1.0377291737376304], "Sigma": [[0.00723173817065066, -0.003908506959220553, -0.002894553125319166], [-0.003908506959220553, 0.0027684746324801025, -0.0014706939578008407], [-0.002894553125319166, -0.0014706939578008407, 0.04291687032172359]], "chi2_level": 0.99, "chi2_df": 3, "chi2_threshold": 11.344866730144373, "N_raw": 58, "N_roi": 58, "N_inlier": 57, "refit": true}
{"timestamp": "12:57:00.327030", "frame": 16, "mu": [1.197110749138867, 1.9676051267269294, 1.1557939065684089], "Sigma": [[0.00801950792122287, -0.00394486416109625, 0.0005540476311228546], [-0.00394486416109625, 0.0050204186932255295, -0.006970965486350731], [0.0005540476311228548, -0.006970965486350731, 0.03549542638117883]], "chi2_level": 0.99, "chi2_df": 3, "chi2_threshold": 11.344866730144373, "N_raw": 40, "N_roi": 40, "N_inlier": 39, "refit": true}
{"timestamp": "12:57:00.385032", "frame": 17, "mu": [1.187738527178958, 1.9652169996061013, 0.9945286815085974], "Sigma": [[0.00839670551629112, -0.003190616527100641, -0.008259458304309918], [-0.003190616527100641, 0.004599637347783147, -0.0021144187038535096], [-0.008259458304309917, -0.002114418703853509, 0.054665392680341554]], "chi2_level": 0.99, "chi2_df": 3, "chi2_threshold": 11.344866730144373, "N_raw": 60, "N_roi": 60, "N_inlier": 59, "refit": true}
{"timestamp": "12:57:00.437780", "frame": 18, "mu": [1.1743119037689767, 1.9723898326750788, 1.3339872626538742], "Sigma": [[0.005657138966696494, -0.0021286208567076704, -0.004796102057172412], [-0.0021286208567076704, 0.003929286493276408, -0.0039448465786755815], [-0.004796102057172412, -0.003944846578675582, 0.016428643779833017]], "chi2_level": 0.99, "chi2_df": 3, "chi2_threshold": 11.344866730144373, "N_raw": 48, "N_roi": 48, "N_inlier": 46, "refit": true}
{"timestamp": "12:57:00.497305", "frame": 19, "mu": [1.159260914809382, 1.919105861424234, 1.0621423133064583], "Sigma": [[0.00781394308125471, -0.004341030018332228, -0.005773494497125234], [-0.004341030018332227, 0.004828295569065374, 0.006743181157022984], [-0.005773494497125234, 0.006743181157022984, 0.05645626121947457]], "chi2_level": 0.99, "chi2_df": 3, "chi2_threshold": 11.344866730144373, "N_raw": 65, "N_roi": 65, "N_inlier": 61, "refit": true}
{"timestamp": "12:57:00.553137", "frame": 20, "mu": [1.1857537749337999, 1.8811464785552126, 0.9325345309380297], "Sigma": [[0.008760076617075414, -0.003220771987859144, -0.005641421214567269], [-0.003220771987859144, 0.0024473659259861245, 0.0010952785068597105], [-0.00564142121456727, 0.0010952785068597108, 0.04780522205159966]], "chi2_level": 0.99, "chi2_df": 3, "chi2_threshold": 11.344866730144373, "N_raw": 72, "N_roi": 72, "N_inlier": 71, "refit": true}
{"timestamp": "12:57:00.606417", "frame": 21, "mu": [1.2276882660378599, 1.8720251931192584, 0.8757231637663809], "Sigma": [[0.010645763099883512, -0.004276405959622773, -0.008257772213959362], [-0.004276405959622773, 0.0027755820881068287, 0.002532248270304158], [-0.008257772213959362, 0.002532248270304158, 0.032190416661040305]], "chi2_level": 0.99, "chi2_df": 3, "chi2_threshold": 11.344866730144373, "N_raw": 53, "N_roi": 53, "N_inlier": 51, "refit": true}
{"timestamp": "12:57:00.665220", "frame": 22, "mu": [1.155114249672382, 1.853139388874842, 1.0236589642036629], "Sigma": [[0.009622140482327337, -0.003948268909792392, -0.004906337137943143], [-0.003948268909792392, 0.004844966085805358, 0.0007660245349860068], [-0.004906337137943143, 0.0007660245349860069, 0.05199261031571865]], "chi2_level": 0.99, "chi2_df": 3, "chi2_threshold": 11.344866730144373, "N_raw": 81, "N_roi": 81, "N_inlier": 78, "refit": true}
{"timestamp": "12:57:00.714396", "frame": 23, "mu": [1.1423499628178335, 1.8469566050423742, 1.2151624075442817], "Sigma": [[0.006658228585839649, -0.0022058757387825065, -0.0042851786743356435], [-0.0022058757387825065, 0.004072000081265083, -0.0014853183938895787], [-0.0042851786743356435, -0.0014853183938895787, 0.007391112948983573]], "chi2_level": 0.99, "chi2_df": 3, "chi2_threshold": 11.344866730144373, "N_raw": 43, "N_roi": 43, "N_inlier": 39, "refit": true}
{"timestamp": "12:57:00.770872", "frame": 24, "mu": [1.1400198696539865, 1.9698647317189735, -0.33088963665113363], "Sigma": [[0.007823616253408409, -0.002925005665139443, -0.0032216733768584195], [-0.002925005665139443, 0.006509682089086695, -0.004508402960870592], [-0.0032216733768584195, -0.004508402960870592, 0.009993740348809147]], "chi2_level": 0.99, "chi2_df": 3, "chi2_threshold": 11.344866730144373, "N_raw": 58, "N_roi": 58, "N_inlier": 55, "refit": true}
{"timestamp": "12:57:00.829991", "frame": 25, "mu": [1.1248382896912248, 1.7696675102040151, 1.1186033857841302], "Sigma": [[0.011866254066765726, -0.004327874103976908, -0.005619510537761545], [-0.004327874103976907, 0.007588781274062906, -0.0022776277188307293], [-0.005619510537761546, -0.0022776277188307293, 0.012082837755438202]], "chi2_level": 0.99, "chi2_df": 3, "chi2_threshold": 11.344866730144373, "N_raw": 80, "N_roi": 79, "N_inlier": 78, "refit": true}
{"timestamp": "12:57:00.887282", "frame": 26, "mu": [1.0882755299276143, 1.7324478009349218, 1.1555024908010483], "Sigma": [[0.010954632452485208, -0.0036054725102132763, -0.010769772428903953], [-0.0036054725102132763, 0.0031995628661757444, -0.0001644127584555935], [-0.010769772428903953, -0.0001644127584555935, 0.04379318700839001]], "chi2_level": 0.99, "chi2_df": 3, "chi2_threshold": 11.344866730144373, "N_raw": 86, "N_roi": 85, "N_inlier": 81, "refit": true}
{"timestamp": "12:57:00.942531", "frame": 27, "mu": [1.0463760267994338, 1.6964344024978912, 1.195779161023117], "Sigma": [[0.01030171667187904, -0.003489941860928049, -0.00907573399632632], [-0.003489941860928049, 0.00470161727483297, -0.00610595840970296], [-0.00907573399632632, -0.006105958409702959, 0.04149462086256397]], "chi2_level": 0.99, "chi2_df": 3, "chi2_threshold": 11.344866730144373, "N_raw": 98, "N_roi": 98, "N_inlier": 94, "refit": true}
{"timestamp": "12:57:00.999711", "frame": 28, "mu": [1.058600687186729, 1.6928707036592805, 1.117709838721472], "Sigma": [[0.01354622700506169, -0.006023730061302513, -0.008626288675782159], [-0.006023730061302513, 0.00573547537929501, -0.0022582098912103596], [-0.008626288675782157, -0.0022582098912103596, 0.03618335725755569]], "chi2_level": 0.99, "chi2_df": 3, "chi2_threshold": 11.344866730144373, "N_raw": 104, "N_roi": 104, "N_inlier": 99, "refit": true}
{"timestamp": "12:57:01.054971", "frame": 29, "mu": [0.9491670697397856, 1.6762881320854113, 1.027143840320002], "Sigma": [[0.015191800705807428, -0.006469878064235155, 0.007890023520574399], [-0.006469878064235155, 0.0034699197379777546, -0.003799108609695199], [0.007890023520574399, -0.0037991086096951995, 0.07759352218313953]], "chi2_level": 0.99, "chi2_df": 3, "chi2_threshold": 11.344866730144373, "N_raw": 101, "N_roi": 101, "N_inlier": 97, "refit": true}
{"timestamp": "12:57:01.103033", "frame": 30, "mu": [1.0614855089971158, 1.6299407658216856, 1.14479438186137], "Sigma": [[0.010735639991705388, -0.004462726599156164, -0.006569543163881187], [-0.004462726599156164, 0.0033966566202818273, 0.00040667655349485696], [-0.006569543163881187, 0.00040667655349485685, 0.024707131947701452]], "chi2_level": 0.99, "chi2_df": 3, "chi2_threshold": 11.344866730144373, "N_raw": 62, "N_roi": 62, "N_inlier": 60, "refit": true}
{"timestamp": "12:57:01.158138", "frame": 31, "mu": [0.9493617192283016, 1.6452337780543378, 1.001011308678851], "Sigma": [[0.013040989110414665, -0.006125918410323331, 0.01117297568171953], [-0.00612591841032333, 0.0033486932709984214, -0.007075160459129931], [0.011172975681719531, -0.007075160459129932, 0.04485268660391745]], "chi2_level": 0.99, "chi2_df": 3, "chi2_threshold": 11.344866730144373, "N_raw": 72, "N_roi": 72, "N_inlier": 68, "refit": true}
{"timestamp": "12:57:01.221356", "frame": 32, "mu": [0.9355612877685979, 1.760429654880115, -0.54514322818949], "Sigma": [[0.03202828439176687, -0.006150805164070312, 0.039816253514682556], [-0.006150805164070312, 0.009188639271424293, -0.011297714697300044], [0.039816253514682556, -0.011297714697300044, 0.13220447623155154]], "chi2_level": 0.99, "chi2_df": 3, "chi2_threshold": 11.344866730144373, "N_raw": 122, "N_roi": 122, "N_inlier": 121, "refit": true}
{"timestamp": "12:57:01.272022", "frame": 33, "mu": [0.9907242974341929, 1.639942158881344, -0.07329897000106292], "Sigma": [[0.01462151257887927, -0.000856049547275665, 0.06569113336748073], [-0.000856049547275665, 0.008207648770371195, -0.03713319153895708], [0.06569113336748073, -0.03713319153895708, 0.5854284580961499]], "chi2_level": 0.99, "chi2_df": 3, "chi2_threshold": 11.344866730144373, "N_raw": 92, "N_roi": 92, "N_inlier": 89, "refit": true}
{"timestamp": "12:57:01.324597", "frame": 34, "mu": [0.9203109734374851, 1.6150542173178821, 1.2079166821198495], "Sigma": [[0.01540565037252043, -0.011797859862262158, 0.006987094696131209], [-0.011797859862262158, 0.013953468708303848, -0.01794643501214032], [0.00698709469613121, -0.01794643501214032, 0.05420339630438902]], "chi2_level": 0.99, "chi2_df": 3, "chi2_threshold": 11.344866730144373, "N_raw": 78, "N_roi": 78, "N_inlier": 77, "refit": true}
{"timestamp": "12:57:01.380940", "frame": 35, "mu": [0.9900098579416313, 1.5193993026230748, 1.2431396838969049], "Sigma": [[0.011092800539651546, -0.0043958642876181855, -0.007595246422461445], [-0.0043958642876181855, 0.004966510222284794, -0.0027345692256235603], [-0.007595246422461445, -0.0027345692256235607, 0.02220783008286638]], "chi2_level": 0.99, "chi2_df": 3, "chi2_threshold": 11.344866730144373, "N_raw": 81, "N_roi": 81, "N_inlier": 78, "refit": true}
{"timestamp": "12:57:01.430636", "frame": 36, "mu": [0.8726686983145995, 1.5043454901752276, 1.4027122722150343], "Sigma": [[0.007716988579778111, -0.00242876369982868, -0.004427386407278845], [-0.00242876369982868, 0.0038902311481263164, -1.2911690314156043e-05], [-0.004427386407278845, -1.2911690314155989e-05, 0.004296665122535184]], "chi2_level": 0.99, "chi2_df": 3, "chi2_threshold": 11.344866730144373, "N_raw": 51, "N_roi": 51, "N_inlier": 46, "refit": true}
{"timestamp": "12:57:01.488137", "frame": 37, "mu": [0.9168007240885161, 1.4410816526805807, 1.35169474440597], "Sigma": [[0.015483930195787877, -0.006782701214926221, -0.023242491499111364], [-0.006782701214926221, 0.0072601939131777945, 0.013032881933874745], [-0.02324249149911136, 0.013032881933874745, 0.05157951815837765]], "chi2_level": 0.99, "chi2_df": 3, "chi2_threshold": 11.344866730144373, "N_raw": 68, "N_roi": 67, "N_inlier": 65, "refit": true}
{"timestamp": "12:57:01.543195", "frame": 38, "mu": [0.9311869487676286, 1.3988601531047304, 1.2774299592933949], "Sigma": [[0.013440877125226403, -0.005446576603638143, -0.018876710799271803], [-0.005446576603638143, 0.004758995702073905, 0.008421897921387287], [-0.018876710799271803, 0.008421897921387287, 0.04716585245293552]], "chi2_level": 0.99, "chi2_df": 3, "chi2_threshold": 11.344866730144373, "N_raw": 69, "N_roi": 69, "N_inlier": 66, "refit": true}
{"timestamp": "12:57:01.601583", "frame": 39, "mu": [0.9300238080653811, 1.3478267904717247, 1.2812571870890692], "Sigma": [[0.013304575075768554, -0.004918873904609341, -0.013718078512849115], [-0.004918873904609341, 0.006477525124801065, 0.002310764713905162], [-0.013718078512849115, 0.002310764713905162, 0.017706228497291976]], "chi2_level": 0.99, "chi2_df": 3, "chi2_threshold": 11.344866730144373, "N_raw": 90, "N_roi": 90, "N_inlier": 86, "refit": true}
{"timestamp": "12:57:01.657639", "frame": 40, "mu": [0.9149727944397019, 1.325792484317066, 1.2020040027217074], "Sigma": [[0.013919304075241576, -0.006736818422738792, -0.02341086667677044], [-0.006736818422738792, 0.005050670881254812, 0.01203255722330303], [-0.02341086667677044, 0.01203255722330303, 0.06195330689578795]], "chi2_level": 0.99, "chi2_df": 3, "chi2_threshold": 11.344866730144373, "N_raw": 91, "N_roi": 91, "N_inlier": 88, "refit": true}
{"timestamp": "12:57:01.708909", "frame": 41, "mu": [0.8714264394963996, 1.296914983566184, 1.3105667795768658], "Sigma": [[0.011301729115635295, -0.004568895765023214, -0.016486347405223936], [-0.004568895765023214, 0.0043924340987117555, 0.009582912477194281], [-0.016486347405223933, 0.009582912477194281, 0.06208471616042654]], "chi2_level": 0.99, "chi2_df": 3, "chi2_threshold": 11.344866730144373, "N_raw": 68, "N_roi": 68, "N_inlier": 64, "refit": true}
{"timestamp": "12:57:01.763407", "frame": 42, "mu": [0.8629131240997482, 1.287366429863097, 1.3202229108143788], "Sigma": [[0.010793303731677379, -0.0032974271383739906, -0.011082396419820846], [-0.0032974271383739906, 0.004844025174283349, 0.0025157473149156856], [-0.011082396419820846, 0.002515747314915685, 0.013735697631763733]], "chi2_level": 0.99, "chi2_df": 3, "chi2_threshold": 11.344866730144373, "N_raw": 69, "N_roi": 69, "N_inlier": 67, "refit": true}
{"timestamp": "12:57:01.820473", "frame": 43, "mu": [0.8264022121846528, 1.2663902896592574, 1.3122885342483326], "Sigma": [[0.01442429702635303, -0.004798317867589845, -0.015428001740675067], [-0.004798317867589845, 0.004437322175111272, 0.0032285479871887873], [-0.015428001740675067, 0.0032285479871887873, 0.019184160587715788]], "chi2_level": 0.99, "chi2_df": 3, "chi2_threshold": 11.344866730144373, "N_raw": 80, "N_roi": 80, "N_inlier": 76, "refit": true}
{"timestamp": "12:57:01.872555", "frame": 44, "mu": [0.6972176209081964, 1.3132009512834892, 1.4393602388870326], "Sigma": [[0.008380367587959571, -0.00406646079160409, -0.007784792624925679], [-0.00406646079160409, 0.005468393334340081, 0.003593837683923325], [-0.00778479262492568, 0.0035938376839233254, 0.010667523641843169]], "chi2_level": 0.99, "chi2_df": 3, "chi2_threshold": 11.344866730144373, "N_raw": 60, "N_roi": 60, "N_inlier": 54, "refit": true}
{"timestamp": "12:57:01.929141", "frame": 45, "mu": [0.6790538636403881, 1.2978226314224657, 1.4492196681064327], "Sigma": [[0.007861964243088038, -0.0031856044987039287, -0.0072728082235460475], [-0.0031856044987039287, 0.006032420119620655, 0.002902091151641418], [-0.007272808223546048, 0.002902091151641419, 0.012878394461007693]], "chi2_level": 0.99, "chi2_df": 3, "chi2_threshold": 11.344866730144373, "N_raw": 69, "N_roi": 69, "N_inlier": 65, "refit": true}
{"timestamp": "12:57:01.979881", "frame": 46, "mu": [0.7052632198781493, 1.2650464025840216, 1.3086322704385882], "Sigma": [[0.011509921871237385, -0.002983839663045283, -0.010354367018314582], [-0.002983839663045284, 0.0029848574781280975, 0.007038380310144274], [-0.010354367018314582, 0.007038380310144274, 0.0618519134788358]], "chi2_level": 0.99, "chi2_df": 3, "chi2_threshold": 11.344866730144373, "N_raw": 45, "N_roi": 45, "N_inlier": 42, "refit": true}
{"timestamp": "12:57:02.035068", "frame": 47, "mu": [0.7605796907073891, 1.1688563662702243, 1.2899568453856933], "Sigma": [[0.007589868321019567, -0.004904401536641697, -0.007340825918113676], [-0.004904401536641697, 0.0054250737172540755, 0.0034015573006786447], [-0.007340825918113675, 0.0034015573006786447, 0.008679976963549217]], "chi2_level": 0.99, "chi2_df": 3, "chi2_threshold": 11.344866730144373, "N_raw": 49, "N_roi": 49, "N_inlier": 44, "refit": true}
{"timestamp": "12:57:02.087954", "frame": 48, "mu": [0.6995194438033869, 1.1707929367753833, 1.2976020282168423], "Sigma": [[0.0038902830386719845, -0.0007569434813550884, -0.0038678512298103663], [-0.0007569434813550885, 0.001740595388264316, -0.0010182928592324645], [-0.0038678512298103668, -0.0010182928592324643, 0.06279141388949787]], "chi2_level": 0.99, "chi2_df": 3, "chi2_threshold": 11.344866730144373, "N_raw": 32, "N_roi": 32, "N_inlier": 28, "refit": true}
{"timestamp": "12:57:02.139106", "frame": 49, "mu": [0.5636254400453551, 1.268202318668532, 1.10585768259135], "Sigma": [[0.011117272560722187, -0.0011773976819597954, 0.007957799888125651], [-0.0011773976819597957, 0.0035065597879890974, 0.004555483979258283], [0.007957799888125651, 0.004555483979258283, 0.32722605277261635]], "chi2_level": 0.99, "chi2_df": 3, "chi2_threshold": 11.344866730144373, "N_raw": 8, "N_roi": 8, "N_inlier": 8, "refit": true}
{"timestamp": "12:57:02.200504", "frame": 50, "mu": [0.45982453524325767, 1.3162546523293281, 1.4547961235692957], "Sigma": [[0.0032499268676675, -0.0005444512045214627, -0.003454686485007801], [-0.0005444512045214627, 0.0040743734774664935, -0.000570581849436699], [-0.003454686485007801, -0.000570581849436699, 0.006453605145478883]], "chi2_level": 0.99, "chi2_df": 3, "chi2_threshold": 11.344866730144373, "N_raw": 46, "N_roi": 46, "N_inlier": 42, "refit": true}
{"timestamp": "12:57:02.252383", "frame": 51, "mu": [0.6299411445185172, 1.0845026761831649, 1.0944376981560628], "Sigma": [[0.004784576951440422, -0.004537629477475151, -0.0012234397827464681], [-0.004537629477475151, 0.006633911563506275, -0.008577602572742253], [-0.001223439782746469, -0.008577602572742253, 0.09984790836052357]], "chi2_level": 0.99, "chi2_df": 3, "chi2_threshold": 11.344866730144373, "N_raw": 29, "N_roi": 29, "N_inlier": 27, "refit": true}
{"timestamp": "12:57:02.313792", "frame": 52, "mu": [0.4772015635952449, 1.2395603904575907, 1.3655581708271216], "Sigma": [[0.011211869168285047, -0.0055996839739014224, -0.0115382633371247], [-0.0055996839739014224, 0.004924828173916423, 0.004823283225389533], [-0.0115382633371247, 0.004823283225389533, 0.012870028903448657]], "chi2_level": 0.99, "chi2_df": 3, "chi2_threshold": 11.344866730144373, "N_raw": 70, "N_roi": 70, "N_inlier": 65, "refit": true}
{"timestamp": "12:57:02.366315", "frame": 53, "mu": [0.4279722442941127, 1.2706216680121807, 1.3728685391512754], "Sigma": [[0.005633152899896459, -0.001499043913936003, -0.006437692066118667], [-0.0014990439139360026, 0.0036851992952884917, 0.0004807529526728834], [-0.006437692066118667, 0.0004807529526728834, 0.008120055682998135]], "chi2_level": 0.99, "chi2_df": 3, "chi2_threshold": 11.344866730144373, "N_raw": 60, "N_roi": 60, "N_inlier": 57, "refit": true}
{"timestamp": "12:57:02.422227", "frame": 54, "mu": [0.41197505129815204, 1.2658979119558231, 1.3080313737492895], "Sigma": [[0.003269770042320548, -0.0013720673753713976, -0.0037098750790989787], [-0.0013720673753713976, 0.0034079592486157342, -0.001509966297401747], [-0.0037098750790989787, -0.001509966297401747, 0.014298509187318302]], "chi2_level": 0.99, "chi2_df": 3, "chi2_threshold": 11.344866730144373, "N_raw": 65, "N_roi": 65, "N_inlier": 60, "refit": true}
{"timestamp": "12:57:02.481200", "frame": 55, "mu": [0.3901096888112608, 1.2247803849452754, -0.21714737798497752], "Sigma": [[0.004140091479791418, -0.0027386516626995054, 0.029859032646297516], [-0.0027386516626995054, 0.013854244449464035, -0.01399485996107698], [0.029859032646297516, -0.013994859961076979, 0.754846643376495]], "chi2_level": 0.99, "chi2_df": 3, "chi2_threshold": 11.344866730144373, "N_raw": 90, "N_roi": 90, "N_inlier": 90, "refit": true}
{"timestamp": "12:57:02.532637", "frame": 56, "mu": [0.22394568833016554, 1.2956202667943726, 1.5097151393216357], "Sigma": [[0.0036550377640297534, -0.002327392938819405, -0.0024348676365022635], [-0.002327392938819405, 0.0061725908750002835, 0.0004981245624446559], [-0.0024348676365022635, 0.0004981245624446559, 0.002018830386024035]], "chi2_level": 0.99, "chi2_df": 3, "chi2_threshold": 11.344866730144373, "N_raw": 63, "N_roi": 63, "N_inlier": 60, "refit": true}
{"timestamp": "12:57:02.584619", "frame": 57, "mu": [0.16053613454978083, 1.2984499771809035, 1.4538786504682635], "Sigma": [[0.0047335114272926805, -0.0013181155842321424, -0.0037435143917895386], [-0.0013181155842321424, 0.004223792850871397, 0.00046150649891729635], [-0.0037435143917895386, 0.00046150649891729624, 0.00391658020554876]], "chi2_level": 0.99, "chi2_df": 3, "chi2_threshold": 11.344866730144373, "N_raw": 43, "N_roi": 43, "N_inlier": 38, "refit": true}
{"timestamp": "12:57:02.646957", "frame": 58, "mu": [0.18561919469882743, 1.33165006766791, -0.32441966398986516], "Sigma": [[0.005671497744548836, 0.0015616407515676302, 0.0045609957692720575], [0.0015616407515676302, 0.006817507378103936, 0.002025204232560304], [0.0045609957692720575, 0.002025204232560304, 0.014192239910396769]], "chi2_level": 0.99, "chi2_df": 3, "chi2_threshold": 11.344866730144373, "N_raw": 93, "N_roi": 93, "N_inlier": 87, "refit": true}
{"timestamp": "12:57:02.701626", "frame": 59, "mu": [0.09982057676041164, 1.2728631784384856, 1.5028547222700852], "Sigma": [[0.005567999535652036, -0.0012559543398268653, -0.004329769199313771], [-0.0012559543398268655, 0.008263644822944711, 0.0004283151738469713], [-0.004329769199313771, 0.0004283151738469714, 0.00390597956631411]], "chi2_level": 0.99, "chi2_df": 3, "chi2_threshold": 11.344866730144373, "N_raw": 91, "N_roi": 91, "N_inlier": 85, "refit": true}
{"timestamp": "12:57:02.752122", "frame": 60, "mu": [0.04760537883548413, 1.3059374299141415, 1.5205572344885656], "Sigma": [[0.0036838354085331343, -0.0002398057264235656, -0.001504925254170737], [-0.00023980572642356559, 0.002104659643780869, -0.0013909766275407842], [-0.0015049252541707368, -0.0013909766275407842, 0.002043465450343282]], "chi2_level": 0.99, "chi2_df": 3, "chi2_threshold": 11.344866730144373, "N_raw": 53, "N_roi": 53, "N_inlier": 47, "refit": true}
{"timestamp": "12:57:02.800166", "frame": 61, "mu": [0.1147098144576621, 1.4138077881834155, -0.9034108864943835], "Sigma": [[0.0015835781299052695, -0.004330137791960881, 0.01551266958006603], [-0.004330137791960881, 0.03164790949549158, -0.1072313285853049], [0.015512669580066028, -0.1072313285853049, 0.5122784738503793]], "chi2_level": 0.99, "chi2_df": 3, "chi2_threshold": 11.344866730144373, "N_raw": 11, "N_roi": 11, "N_inlier": 11, "refit": true}
{"timestamp": "12:57:02.861053", "frame": 62, "mu": [0.019295184576621667, 1.1642715016495975, 1.4445377032925772], "Sigma": [[0.002391219562627604, -0.001903624343754357, -0.0018493123853881189], [-0.001903624343754357, 0.006638811143130418, 0.0008537085302376525], [-0.0018493123853881186, 0.0008537085302376526, 0.0016773179366113124]], "chi2_level": 0.99, "chi2_df": 3, "chi2_threshold": 11.344866730144373, "N_raw": 55, "N_roi": 55, "N_inlier": 52, "refit": true}
{"timestamp": "12:57:02.918171", "frame": 63, "mu": [-0.028869337573886298, 1.1874135168194924, 1.4868048564466152], "Sigma": [[0.003327894183822435, -0.0007112170108311314, -0.0022554457244460023], [-0.0007112170108311314, 0.005378608600738366, -0.000614925457025449], [-0.0022554457244460023, -0.0006149254570254488, 0.002333857261835516]], "chi2_level": 0.99, "chi2_df": 3, "chi2_threshold": 11.344866730144373, "N_raw": 69, "N_roi": 69, "N_inlier": 64, "refit": true}
{"timestamp": "12:57:02.974233", "frame": 64, "mu": [-0.03239931600869323, 1.1390158928776808, 1.3933016140076915], "Sigma": [[0.0043207797509528315, -0.0025034288431640952, -0.0039268942009438035], [-0.0025034288431640952, 0.007181094786501133, 0.0016860156616330733], [-0.003926894200943804, 0.0016860156616330733, 0.004540978859587666]], "chi2_level": 0.99, "chi2_df": 3, "chi2_threshold": 11.344866730144373, "N_raw": 70, "N_roi": 70, "N_inlier": 68, "refit": true}
{"timestamp": "12:57:03.029229", "frame": 65, "mu": [-0.017853727370002858, 1.1055177343247753, 1.1616194487174438], "Sigma": [[0.002268813417424785, -0.0011930199945161272, -0.0009022004134994269], [-0.0011930199945161272, 0.007214032132152622, 0.007154646313003533], [-0.000902200413499427, 0.007154646313003533, 0.03322280008274118]], "chi2_level": 0.99, "chi2_df": 3, "chi2_threshold": 11.344866730144373, "N_raw": 66, "N_roi": 66, "N_inlier": 62, "refit": true}
{"timestamp": "12:57:03.084205", "frame": 66, "mu": [-0.15628350707831726, 1.1556466510316412, 1.4618729520172327], "Sigma": [[0.0039375078719958686, -0.0018135994373015044, -0.0036913976469307745], [-0.0018135994373015044, 0.006479681299246768, 0.001479776711174381], [-0.0036913976469307745, 0.0014797767111743808, 0.01038659446467743]], "chi2_level": 0.99, "chi2_df": 3, "chi2_threshold": 11.344866730144373, "N_raw": 74, "N_roi": 74, "N_inlier": 70, "refit": true}
{"timestamp": "12:57:03.136329", "frame": 67, "mu": [-0.2211727810368389, 1.1788088914365118, 1.5102920530530053], "Sigma": [[0.003017573813356625, -0.0007078859806820283, -0.001446084825227371], [-0.0007078859806820283, 0.0036748941582422845, -0.0021454463157023753], [-0.0014460848252273713, -0.0021454463157023753, 0.002653747798115126]], "chi2_level": 0.99, "chi2_df": 3, "chi2_threshold": 11.344866730144373, "N_raw": 60, "N_roi": 60, "N_inlier": 59, "refit": true}
{"timestamp": "12:57:03.188132", "frame": 68, "mu": [-0.22069318028746465, 1.1396873688135767, 1.5122871538044749], "Sigma": [[0.0014914318584674739, -0.0009192729495705479, -0.0012942475127304892], [-0.0009192729495705477, 0.0036191591213157754, 7.581522959394191e-05], [-0.0012942475127304892, 7.5815229593942e-05, 0.0016492153758262344]], "chi2_level": 0.99, "chi2_df": 3, "chi2_threshold": 11.344866730144373, "N_raw": 35, "N_roi": 35, "N_inlier": 32, "refit": true}
{"timestamp": "12:57:03.247483", "frame": 69, "mu": [-0.2940748568763683, 1.1652370731662518, 1.5278197910804976], "Sigma": [[0.0034407861290674255, -0.002517634394400722, -0.0016402035489784415], [-0.002517634394400722, 0.004670960843167001, -0.0006886456791527197], [-0.0016402035489784415, -0.0006886456791527198, 0.0026769671057453397]], "chi2_level": 0.99, "chi2_df": 3, "chi2_threshold": 11.344866730144373, "N_raw": 59, "N_roi": 59, "N_inlier": 55, "refit": true}
{"timestamp": "12:57:03.302198", "frame": 70, "mu": [-0.30872869443394646, 1.1487072794831252, 1.5034075257366935], "Sigma": [[0.003279874430099545, -0.001766608230338347, -0.00238388642733036], [-0.0017666082303383472, 0.005944153339054295, 0.0012446114972559904], [-0.0023838864273303595, 0.0012446114972559906, 0.0059087761581217485]], "chi2_level": 0.99, "chi2_df": 3, "chi2_threshold": 11.344866730144373, "N_raw": 62, "N_roi": 62, "N_inlier": 58, "refit": true}
{"timestamp": "12:57:03.359145", "frame": 71, "mu": [-0.3520562398976033, 1.1484898688439773, 1.5062038989800408], "Sigma": [[0.0042694595579149406, -0.0017338869041014931, -0.0017103807844096562], [-0.0017338869041014931, 0.004835984927869933, -9.79542444668151e-05], [-0.0017103807844096562, -9.795424446681504e-05, 0.005271572919009863]], "chi2_level": 0.99, "chi2_df": 3, "chi2_threshold": 11.344866730144373, "N_raw": 70, "N_roi": 70, "N_inlier": 66, "refit": true}
{"timestamp": "12:57:03.417054", "frame": 72, "mu": [-0.34910291120020276, 1.1254801230290905, 1.359802762919643], "Sigma": [[0.004600893398816965, -0.004457584306543751, -0.008501142624041693], [-0.004457584306543753, 0.014995707026283209, 0.013355855686637122], [-0.008501142624041693, 0.01335585568663712, 0.043956705734069346]], "chi2_level": 0.99, "chi2_df": 3, "chi2_threshold": 11.344866730144373, "N_raw": 88, "N_roi": 88, "N_inlier": 85, "refit": true}
{"timestamp": "12:57:03.471560", "frame": 73, "mu": [-0.41493760940164026, 1.1935319169223009, 1.4279377278915837], "Sigma": [[0.005849038351248027, -0.0026965650268979957, -0.004087703839204958], [-0.0026965650268979957, 0.00880339214289945, 0.0011564740854880756], [-0.004087703839204958, 0.0011564740854880756, 0.007851222300282014]], "chi2_level": 0.99, "chi2_df": 3, "chi2_threshold": 11.344866730144373, "N_raw": 87, "N_roi": 87, "N_inlier": 83, "refit": true}
{"timestamp": "12:57:03.527583", "frame": 74, "mu": [-0.4565157816758706, 1.205406447359126, 1.4228068933496443], "Sigma": [[0.004713715091897421, -0.002247244089034021, -0.002025049519501195], [-0.002247244089034021, 0.009068803793963626, -0.003555187284476221], [-0.002025049519501195, -0.003555187284476221, 0.0051406526491334795]], "chi2_level": 0.99, "chi2_df": 3, "chi2_threshold": 11.344866730144373, "N_raw": 95, "N_roi": 95, "N_inlier": 91, "refit": true}
{"timestamp": "12:57:03.581080", "frame": 75, "mu": [-0.49049549952570587, 1.1838243850859915, 1.447107372258962], "Sigma": [[0.00489740843342274, -0.002224221090332333, -0.0052189688300341205], [-0.0022242210903323325, 0.010609321597758395, 0.0016172376060095046], [-0.0052189688300341205, 0.0016172376060095044, 0.007175090024528209]], "chi2_level": 0.99, "chi2_df": 3, "chi2_threshold": 11.344866730144373, "N_raw": 85, "N_roi": 85, "N_inlier": 84, "refit": true}
{"timestamp": "12:57:03.638202", "frame": 76, "mu": [-0.5271585015948115, 1.1791997235811675, 1.3999356863331944], "Sigma": [[0.005043554039828919, -0.0034368112568114347, -0.0037395610401821057], [-0.0034368112568114347, 0.015279486328146291, 0.0010890267390861194], [-0.0037395610401821057, 0.0010890267390861197, 0.004572037040898935]], "chi2_level": 0.99, "chi2_df": 3, "chi2_threshold": 11.344866730144373, "N_raw": 99, "N_roi": 99, "N_inlier": 96, "refit": true}
{"timestamp": "12:57:03.694556", "frame": 77, "mu": [-0.5677575116509841, 1.1977805625143956, 1.3517725372728737], "Sigma": [[0.008292608048903898, -0.0028590316477499125, -0.012392151003871811], [-0.0028590316477499133, 0.011000363182261918, 0.004650191576153721], [-0.012392151003871811, 0.004650191576153721, 0.032791530954943374]], "chi2_level": 0.99, "chi2_df": 3, "chi2_threshold": 11.344866730144373, "N_raw": 106, "N_roi": 106, "N_inlier": 103, "refit": true}
{"timestamp": "12:57:03.747669", "frame": 78, "mu": [-0.6182598824323288, 1.290552425705767, -0.3220708342190252], "Sigma": [[0.005397133023177954, -0.0013993769853863987, 0.00010497164113473849], [-0.001399376985386399, 0.017913209408791424, 0.013332006411990702], [0.00010497164113473827, 0.013332006411990704, 0.016259151409813422]], "chi2_level": 0.99, "chi2_df": 3, "chi2_threshold": 11.344866730144373, "N_raw": 95, "N_roi": 95, "N_inlier": 85, "refit": true}
{"timestamp": "12:57:03.803375", "frame": 79, "mu": [-0.6467542338691695, 1.2190904046449487, 1.4196731576986084], "Sigma": [[0.006907151943138577, -0.004125485230762879, -0.006862113231039208], [-0.004125485230762879, 0.018029600053537084, 0.0032433894236862503], [-0.006862113231039208, 0.0032433894236862494, 0.008661096265754164]], "chi2_level": 0.99, "chi2_df": 3, "chi2_threshold": 11.344866730144373, "N_raw": 106, "N_roi": 106, "N_inlier": 104, "refit": true}
{"timestamp": "12:57:03.857154", "frame": 80, "mu": [-0.6698986918348825, 1.2006651199113465, 1.4140096370304511], "Sigma": [[0.004144270868733879, -0.0009173913673039127, -0.0019925507359763355], [-0.0009173913673039127, 0.02041369316681258, 0.004730017862255079], [-0.001992550735976335, 0.004730017862255079, 0.0036266031551778367]], "chi2_level": 0.99, "chi2_df": 3, "chi2_threshold": 11.344866730144373, "N_raw": 83, "N_roi": 83, "N_inlier": 81, "refit": true}
{"timestamp": "12:57:03.910410", "frame": 81, "mu": [-0.751371361464344, 1.2032448055997185, 1.4343341485792012], "Sigma": [[0.006161703390407338, -0.0029214754473489714, -0.005455904734030442], [-0.002921475447348971, 0.01930178340620573, 0.007184478864413649], [-0.005455904734030442, 0.007184478864413649, 0.008122061148806767]], "chi2_level": 0.99, "chi2_df": 3, "chi2_threshold": 11.344866730144373, "N_raw": 86, "N_roi": 86, "N_inlier": 84, "refit": true}
{"timestamp": "12:57:03.961038", "frame": 82, "mu": [-0.7874873442317283, 1.2354108569138336, 1.523108575662675], "Sigma": [[0.003675842955529091, -0.001254207061294432, -0.003025293039874984], [-0.001254207061294432, 0.00997181164747837, 0.00462688144297518], [-0.003025293039874984, 0.00462688144297518, 0.00541063626894108]], "chi2_level": 0.99, "chi2_df": 3, "chi2_threshold": 11.344866730144373, "N_raw": 50, "N_roi": 50, "N_inlier": 48, "refit": true}
{"timestamp": "12:57:04.019511", "frame": 83, "mu": [-0.8628509861154802, 1.2843509243067854, -0.1440481715791251], "Sigma": [[0.029880513506678398, 0.022016442834694804, -0.009706837358579957], [0.022016442834694804, 0.025481213384260154, -0.002557324276699143], [-0.009706837358579957, -0.002557324276699143, 0.008265875503120138]], "chi2_level": 0.99, "chi2_df": 3, "chi2_threshold": 11.344866730144373, "N_raw": 75, "N_roi": 75, "N_inlier": 71, "refit": true}
{"timestamp": "12:57:04.071269", "frame": 84, "mu": [-0.7921845517429017, 1.1875916141085174, 1.2850259922737057], "Sigma": [[0.009988969360495169, -0.0065300273592017125, -0.03329214852316338], [-0.0065300273592017125, 0.012973204311380498, 0.03588863674863833], [-0.03329214852316338, 0.03588863674863833, 0.1582723867013319]], "chi2_level": 0.99, "chi2_df": 3, "chi2_threshold": 11.344866730144373, "N_raw": 60, "N_roi": 60, "N_inlier": 59, "refit": true}
{"timestamp": "12:57:04.129186", "frame": 85, "mu": [-0.8839472514519087, 1.252286252282245, 1.4380025902218625], "Sigma": [[0.02290421898680514, 0.00527974671235522, -0.03998022191076071], [0.00527974671235522, 0.015088843317314424, 0.004659327230627473], [-0.03998022191076071, 0.004659327230627475, 0.1251441571825842]], "chi2_level": 0.99, "chi2_df": 3, "chi2_threshold": 11.344866730144373, "N_raw": 78, "N_roi": 78, "N_inlier": 75, "refit": true}
{"timestamp": "12:57:04.186404", "frame": 86, "mu": [-1.0243693690737252, 1.247785573920854, 1.5540376453894065], "Sigma": [[0.05656793887779889, 0.04529296131190577, -0.04765757918949724], [0.04529296131190577, 0.044579316123421725, -0.03835538275434483], [-0.04765757918949724, -0.03835538275434483, 0.06442999075469485]], "chi2_level": 0.99, "chi2_df": 3, "chi2_threshold": 11.344866730144373, "N_raw": 89, "N_roi": 89, "N_inlier": 82, "refit": true}
{"timestamp": "12:57:04.238753", "frame": 87, "mu": [-1.0937304214868726, 1.260155578809775, 1.6950459848999848], "Sigma": [[0.04958065134463233, 0.03375650333715913, -0.0414621226816732], [0.03375650333715913, 0.028619312377192466, -0.027457142462283174], [-0.0414621226816732, -0.027457142462283174, 0.05169305327639581]], "chi2_level": 0.99, "chi2_df": 3, "chi2_threshold": 11.344866730144373, "N_raw": 70, "N_roi": 70, "N_inlier": 67, "refit": true}
{"timestamp": "12:57:04.296196", "frame": 88, "mu": [-0.9707135869984856, 1.3752504133252548, -0.026670761038725968], "Sigma": [[0.06653350405357696, 0.038547787961886654, -0.015976501640967637], [0.038547787961886654, 0.04500940780641316, -0.06498931089091103], [-0.015976501640967637, -0.06498931089091103, 0.21903740817371348]], "chi2_level": 0.99, "chi2_df": 3, "chi2_threshold": 11.344866730144373, "N_raw": 90, "N_roi": 90, "N_inlier": 88, "refit": true}
