{"timestamp": "12:24:17.415894", "frame": 24, "mu": [-2.4509062722178543, 3.2422140678000133, 0.8587237893958772], "Sigma": [[0.0015448834372441711, 0.00017258714337492655, 0.00046318683907686624], [0.00017258714337492655, 0.0008848485565253536, -0.0039699012050066025], [0.00046318683907686634, -0.0039699012050066025, 0.029641895964235894]], "chi2_level": 0.99, "chi2_df": 3, "chi2_threshold": 11.344866730144373, "N_raw": 29, "N_roi": 11, "N_inlier": 11, "refit": true}
{"timestamp": "12:24:17.469428", "frame": 25, "mu": [-2.416712982516088, 3.2296729686224452, 1.0101579391423887], "Sigma": [[0.0037228363596235954, 0.0015467015145505239, 0.00037063132390104776], [0.0015467015145505243, 0.00506233130038971, -0.006059074058327658], [0.00037063132390104787, -0.00605907405832766, 0.028877925658525285]], "chi2_level": 0.99, "chi2_df": 3, "chi2_threshold": 11.344866730144373, "N_raw": 27, "N_roi": 13, "N_inlier": 13, "refit": true}
{"timestamp": "12:24:17.527138", "frame": 26, "mu": [-2.3749357344197897, 3.174016180037931, 0.9871869047662204], "Sigma": [[0.007750507437204772, 0.002182644560687178, -0.0014072710542899051], [0.002182644560687178, 0.0020251734125723234, -0.003339075647972373], [-0.0014072710542899051, -0.003339075647972373, 0.009676697695668805]], "chi2_level": 0.99, "chi2_df": 3, "chi2_threshold": 11.344866730144373, "N_raw": 38, "N_roi": 18, "N_inlier": 18, "refit": true}
{"timestamp": "12:24:17.583866", "frame": 27, "mu": [-2.3413789092552535, 3.1814564708194775, 1.0374812440974748], "Sigma": [[0.008662719290081606, 0.002100661813344794, -0.006773909566272101], [0.002100661813344794, 0.00657973023234401, -0.004299955958164843], [-0.0067739095662721, -0.004299955958164842, 0.008141127056340451]], "chi2_level": 0.99, "chi2_df": 3, "chi2_threshold": 11.344866730144373, "N_raw": 54, "N_roi": 33, "N_inlier": 31, "refit": true}
{"timestamp": "12:24:17.635143", "frame": 28, "mu": [-2.265678081572274, 3.198371290186748, 0.8898509082764517], "Sigma": [[0.0030380115985685838, 0.00016776358673974796, -0.0018050384254898375], [0.00016776358673974774, 0.00570638545916257, -0.003241076421002278], [-0.0018050384254898375, -0.003241076421002278, 0.003841664985831576]], "chi2_level": 0.99, "chi2_df": 3, "chi2_threshold": 11.344866730144373, "N_raw": 10, "N_roi": 9, "N_inlier": 9, "refit": true}
{"timestamp": "12:24:17.691339", "frame": 29, "mu": [-2.3012230574564274, 3.052559745952662, 1.0248899371518536], "Sigma": [[0.012511830575282433, 0.00553163306492953, -0.005721850341600826], [0.00553163306492953, 0.004582954186555503, -0.006520094934131623], [-0.005721850341600827, -0.006520094934131624, 0.015353440286872867]], "chi2_level": 0.99, "chi2_df": 3, "chi2_threshold": 11.344866730144373, "N_raw": 24, "N_roi": 24, "N_inlier": 23, "refit": true}
{"timestamp": "12:24:17.752169", "frame": 30, "mu": [-2.245985559446723, 3.036504169505333, 0.8407471271719431], "Sigma": [[0.017587075636962973, 0.006906604316939966, -0.014730174051185154], [0.0069066043169399675, 0.004948397679388541, -0.012387681713660545], [-0.014730174051185154, -0.012387681713660545, 0.051193384027182466]], "chi2_level": 0.99, "chi2_df": 3, "chi2_threshold": 11.344866730144373, "N_raw": 58, "N_roi": 57, "N_inlier": 56, "refit": true}
{"timestamp": "12:24:17.801276", "frame": 31, "mu": [-2.123789414834257, 2.986491944921776, 1.0512612669772443], "Sigma": [[0.005032962183065295, 0.001987898964034866, -0.0024912620716564483], [0.0019878989640348655, 0.00379198408298035, -0.009260753843246015], [-0.0024912620716564483, -0.009260753843246015, 0.03309255176759798]], "chi2_level": 0.99, "chi2_df": 3, "chi2_threshold": 11.344866730144373, "N_raw": 18, "N_roi": 18, "N_inlier": 17, "refit": true}
{"timestamp": "12:24:17.855571", "frame": 32, "mu": [-2.061918627013123, 2.9771433407008874, 0.6791126502956077], "Sigma": [[0.006116141334586132, 0.003482121058237006, -0.0027998470339088005], [0.003482121058237006, 0.0036265702536720885, -0.003318695455771228], [-0.0027998470339088005, -0.003318695455771227, 0.007648329601487075]], "chi2_level": 0.99, "chi2_df": 3, "chi2_threshold": 11.344866730144373, "N_raw": 17, "N_roi": 17, "N_inlier": 16, "refit": true}
{"timestamp": "12:24:17.911515", "frame": 33, "mu": [-2.070000144484498, 2.889969244318005, 0.9393292477019612], "Sigma": [[0.0049341842178454364, 0.001853416947643408, -0.002143617859024621], [0.0018534169476434078, 0.002860298439557536, -0.007506506526387378], [-0.002143617859024621, -0.007506506526387379, 0.03174224486756295]], "chi2_level": 0.99, "chi2_df": 3, "chi2_threshold": 11.344866730144373, "N_raw": 18, "N_roi": 18, "N_inlier": 18, "refit": true}
{"timestamp": "12:24:17.965082", "frame": 34, "mu": [-1.984785783681993, 2.8571873864940933, 0.8893644573193309], "Sigma": [[0.0025460497790456903, 0.0013699280581296741, -0.009283421593826125], [0.0013699280581296741, 0.00597991656288938, -0.014452273688233548], [-0.009283421593826125, -0.014452273688233548, 0.06685104227431277]], "chi2_level": 0.99, "chi2_df": 3, "chi2_threshold": 11.344866730144373, "N_raw": 11, "N_roi": 10, "N_inlier": 9, "refit": true}
{"timestamp": "12:24:18.022632", "frame": 35, "mu": [-1.9573674295515076, 2.812349212405781, 1.010309298672123], "Sigma": [[0.007170926873204121, 0.002441857253497223, 0.0006466886319067097], [0.002441857253497223, 0.004845759619760039, -0.00662706142777684], [0.0006466886319067097, -0.00662706142777684, 0.016304451789397552]], "chi2_level": 0.99, "chi2_df": 3, "chi2_threshold": 11.344866730144373, "N_raw": 34, "N_roi": 34, "N_inlier": 33, "refit": true}
{"timestamp": "12:24:18.075120", "frame": 36, "mu": [-1.8523414064547197, 2.8127342938861792, 0.8344473227800496], "Sigma": [[0.002102294082738, 0.002964734737550735, -0.010256613998633795], [0.0029647347375507354, 0.00977474282203494, -0.019309993483999144], [-0.010256613998633795, -0.019309993483999144, 0.0683889549589496]], "chi2_level": 0.99, "chi2_df": 3, "chi2_threshold": 11.344866730144373, "N_raw": 8, "N_roi": 8, "N_inlier": 8, "refit": true}
{"timestamp": "12:24:18.131570", "frame": 37, "mu": [-1.7318590729457162, 2.819060228539485, 0.5919884105828899], "Sigma": [[0.01696749213636731, 0.007420204306296906, -0.022329758984714503], [0.007420204306296906, 0.005099998472338332, -0.014030012220127614], [-0.022329758984714503, -0.014030012220127614, 0.04448729145146214]], "chi2_level": 0.99, "chi2_df": 3, "chi2_threshold": 11.344866730144373, "N_raw": 24, "N_roi": 24, "N_inlier": 24, "refit": true}
{"timestamp": "12:24:18.185059", "frame": 38, "mu": [-1.8590084262176676, 2.641398492995023, 1.0782997406315533], "Sigma": [[0.008364951688506502, 0.002627124675589757, -0.0038824220449650507], [0.002627124675589757, 0.0025304655851690447, -0.002097916667114702], [-0.0038824220449650507, -0.002097916667114702, 0.0029419889939264142]], "chi2_level": 0.99, "chi2_df": 3, "chi2_threshold": 11.344866730144373, "N_raw": 14, "N_roi": 14, "N_inlier": 13, "refit": true}
{"timestamp": "12:24:18.248799", "frame": 39, "mu": [-1.6680270540520712, 2.940191713764765, -0.5237957327093927], "Sigma": [[0.022772455856177477, 0.017465736221065058, -0.03462978781447784], [0.01746573622106505, 0.020320515208134125, -0.03944879422816901], [-0.03462978781447784, -0.03944879422816901, 0.08117721337748207]], "chi2_level": 0.99, "chi2_df": 3, "chi2_threshold": 11.344866730144373, "N_raw": 65, "N_roi": 65, "N_inlier": 64, "refit": true}
{"timestamp": "12:24:18.298785", "frame": 40, "mu": [-1.6924802565226318, 2.573261315002816, 1.1138329560184503], "Sigma": [[0.009808132302494497, 0.004935088001350778, -0.011959531777839844], [0.004935088001350778, 0.002996804930290391, -0.008590062444887754], [-0.011959531777839844, -0.008590062444887754, 0.050277931585040694]], "chi2_level": 0.99, "chi2_df": 3, "chi2_threshold": 11.344866730144373, "N_raw": 28, "N_roi": 28, "N_inlier": 26, "refit": true}
{"timestamp": "12:24:18.353704", "frame": 41, "mu": [-1.6706691273471548, 2.532614742889339, 1.1226713794933465], "Sigma": [[0.01364291344264165, 0.004104044987806205, -0.002151007665186692], [0.004104044987806205, 0.00298771092491539, -0.0028926996653702], [-0.0021510076651866925, -0.0028926996653702, 0.005272563577968714]], "chi2_level": 0.99, "chi2_df": 3, "chi2_threshold": 11.344866730144373, "N_raw": 37, "N_roi": 37, "N_inlier": 36, "refit": true}
{"timestamp": "12:24:18.411964", "frame": 42, "mu": [-1.5123641497181533, 2.7826031470660753, -0.5338745001504462], "Sigma": [[0.02278495964825105, 0.019469075305115643, -0.034266273279657145], [0.019469075305115643, 0.027031508667764943, -0.044505498484873715], [-0.03426627327965714, -0.044505498484873715, 0.07585402982270192]], "chi2_level": 0.99, "chi2_df": 3, "chi2_threshold": 11.344866730144373, "N_raw": 56, "N_roi": 54, "N_inlier": 52, "refit": true}
{"timestamp": "12:24:18.463205", "frame": 43, "mu": [-1.492590867932258, 2.4942754161892307, 0.8010480174592942], "Sigma": [[0.029880799040798996, 0.011943766598009213, -0.052375478824514515], [0.011943766598009213, 0.00609400721289217, -0.024369908660760588], [-0.052375478824514515, -0.024369908660760588, 0.10827603310786657]], "chi2_level": 0.99, "chi2_df": 3, "chi2_threshold": 11.344866730144373, "N_raw": 34, "N_roi": 34, "N_inlier": 32, "refit": true}
{"timestamp": "12:24:18.519213", "frame": 44, "mu": [-1.5052404910540524, 2.4593353081750142, 1.0540160616655712], "Sigma": [[0.008896636067113778, 0.0033729597421133157, -0.008067338023418608], [0.0033729597421133157, 0.003257326305403689, -0.01358922053310833], [-0.00806733802341861, -0.01358922053310833, 0.07597747818061323]], "chi2_level": 0.99, "chi2_df": 3, "chi2_threshold": 11.344866730144373, "N_raw": 33, "N_roi": 33, "N_inlier": 30, "refit": true}
{"timestamp": "12:24:18.577768", "frame": 45, "mu": [-1.396503118813874, 2.4092503676885397, 1.0409561063243478], "Sigma": [[0.012299608945007522, 0.004179455562722538, -0.013600393037142493], [0.004179455562722538, 0.004650162195773451, -0.010511987395824856], [-0.013600393037142494, -0.010511987395824856, 0.03440507493919047]], "chi2_level": 0.99, "chi2_df": 3, "chi2_threshold": 11.344866730144373, "N_raw": 61, "N_roi": 61, "N_inlier": 56, "refit": true}
{"timestamp": "12:24:18.633205", "frame": 46, "mu": [-1.3266230130929013, 2.3508117715354686, 1.1819502778600155], "Sigma": [[0.013430138928644494, 0.0024740882154649867, -0.008019281820258791], [0.0024740882154649867, 0.0032274545141535715, -0.007644038802062706], [-0.008019281820258791, -0.007644038802062705, 0.028990436081815996]], "chi2_level": 0.99, "chi2_df": 3, "chi2_threshold": 11.344866730144373, "N_raw": 61, "N_roi": 61, "N_inlier": 57, "refit": true}
{"timestamp": "12:24:18.681173", "frame": 47, "mu": [-1.257152823433894, 2.326219969912966, 1.1068581680191283], "Sigma": [[0.00685381468347103, 0.005564821389958693, -0.012607778641797518], [0.005564821389958692, 0.006579511510210884, -0.01739028022680062], [-0.012607778641797514, -0.01739028022680062, 0.05149666979162164]], "chi2_level": 0.99, "chi2_df": 3, "chi2_threshold": 11.344866730144373, "N_raw": 16, "N_roi": 16, "N_inlier": 14, "refit": true}
{"timestamp": "12:24:18.740226", "frame": 48, "mu": [-1.2479253329346784, 2.5574696193394018, -0.5157779339309314], "Sigma": [[0.011868535648129645, 0.0027618729880144284, 0.0014431110580725055], [0.0027618729880144284, 0.008744332678744462, -0.01541463087167356], [0.0014431110580725055, -0.015414630871673558, 0.033120710020631536]], "chi2_level": 0.99, "chi2_df": 3, "chi2_threshold": 11.344866730144373, "N_raw": 47, "N_roi": 47, "N_inlier": 44, "refit": true}
{"timestamp": "12:24:18.793819", "frame": 49, "mu": [-1.1142261438647756, 2.218203269258752, 1.255470442617511], "Sigma": [[0.006105835475052169, 0.0008567392120255408, -0.0038649868785514702], [0.0008567392120255407, 0.0029047497883273273, -0.00731624232707258], [-0.00386498687855147, -0.00731624232707258, 0.03351657751202217]], "chi2_level": 0.99, "chi2_df": 3, "chi2_threshold": 11.344866730144373, "N_raw": 32, "N_roi": 32, "N_inlier": 29, "refit": true}
{"timestamp": "12:24:18.850880", "frame": 50, "mu": [-1.1799402864595703, 2.1733880636109135, 0.8761699716443732], "Sigma": [[0.010851826909751087, 0.0010687695680699737, -0.01147749234669719], [0.0010687695680699737, 0.001167290587627366, -0.006963738288821235], [-0.01147749234669719, -0.006963738288821235, 0.08406077123043884]], "chi2_level": 0.99, "chi2_df": 3, "chi2_threshold": 11.344866730144373, "N_raw": 52, "N_roi": 52, "N_inlier": 50, "refit": true}
{"timestamp": "12:24:18.900383", "frame": 51, "mu": [-1.0336287571993237, 2.142456806301076, 1.1326806130022875], "Sigma": [[0.0044080042541581235, -0.003049885379781432, 0.009559061872356039], [-0.003049885379781432, 0.0049049370076331275, -0.019581532923747626], [0.009559061872356035, -0.019581532923747622, 0.093086833919929]], "chi2_level": 0.99, "chi2_df": 3, "chi2_threshold": 11.344866730144373, "N_raw": 14, "N_roi": 14, "N_inlier": 13, "refit": true}
{"timestamp": "12:24:18.955791", "frame": 52, "mu": [-0.946444503693923, 2.0725116908964893, 1.0902900353609384], "Sigma": [[0.0034913042295541073, -5.345058378876635e-05, 0.001099857814403166], [-5.345058378876635e-05, 0.002014497127556629, -0.00651099323070352], [0.001099857814403166, -0.00651099323070352, 0.024332004669299634]], "chi2_level": 0.99, "chi2_df": 3, "chi2_threshold": 11.344866730144373, "N_raw": 15, "N_roi": 15, "N_inlier": 15, "refit": true}
{"timestamp": "12:24:19.015228", "frame": 53, "mu": [-0.9877869868975377, 1.9681019357339202, 0.9921592194510316], "Sigma": [[0.0076806906690363, 0.0012291117110649575, -0.006263977300297223], [0.0012291117110649575, 0.002278030911778221, -0.003977102183921569], [-0.006263977300297222, -0.003977102183921569, 0.011861840008607337]], "chi2_level": 0.99, "chi2_df": 3, "chi2_threshold": 11.344866730144373, "N_raw": 42, "N_roi": 42, "N_inlier": 39, "refit": true}
{"timestamp": "12:24:19.076033", "frame": 54, "mu": [-0.8755368547242339, 1.9987367578569206, 0.919528508140069], "Sigma": [[0.013491078771524273, 0.007596041111988447, -0.008653625456690826], [0.007596041111988447, 0.006957019461671872, -0.008670943640997922], [-0.008653625456690826, -0.008670943640997922, 0.024696080073716847]], "chi2_level": 0.99, "chi2_df": 3, "chi2_threshold": 11.344866730144373, "N_raw": 82, "N_roi": 82, "N_inlier": 79, "refit": true}
{"timestamp": "12:24:19.132702", "frame": 55, "mu": [-0.7975544124193825, 1.9820662459006133, 1.0897563097646217], "Sigma": [[0.012784663451229365, 0.009551192732960387, -0.021530629671449204], [0.009551192732960387, 0.013516121568264523, -0.0326910562651933], [-0.021530629671449204, -0.0326910562651933, 0.09523424677578231]], "chi2_level": 0.99, "chi2_df": 3, "chi2_threshold": 11.344866730144373, "N_raw": 90, "N_roi": 90, "N_inlier": 85, "refit": true}
{"timestamp": "12:24:19.186426", "frame": 56, "mu": [-0.7735304075092863, 1.869293159376906, 1.279042730508702], "Sigma": [[0.00964632505595227, 0.000772641399112498, 0.0034915380703074974], [0.000772641399112498, 0.0029824586462938955, -0.0036197161782210215], [0.0034915380703074983, -0.0036197161782210215, 0.020591439099769914]], "chi2_level": 0.99, "chi2_df": 3, "chi2_threshold": 11.344866730144373, "N_raw": 76, "N_roi": 75, "N_inlier": 71, "refit": true}
{"timestamp": "12:24:19.243068", "frame": 57, "mu": [-0.7245380565191144, 1.8397686311246308, 1.0245155754442532], "Sigma": [[0.020454795221422628, 0.005565614483285748, -0.02275203718007992], [0.005565614483285748, 0.0027917559154869713, -0.013199437669540518], [-0.02275203718007992, -0.013199437669540518, 0.0992011743065761]], "chi2_level": 0.99, "chi2_df": 3, "chi2_threshold": 11.344866730144373, "N_raw": 98, "N_roi": 98, "N_inlier": 94, "refit": true}
{"timestamp": "12:24:19.298885", "frame": 58, "mu": [-0.682739395701398, 1.7806586535334512, 1.048685727513572], "Sigma": [[0.01786064843342529, 0.0025634111079760966, -0.00884603982749537], [0.0025634111079760975, 0.0029710738278428865, -0.010512414346594303], [-0.00884603982749537, -0.010512414346594303, 0.11610975086080727]], "chi2_level": 0.99, "chi2_df": 3, "chi2_threshold": 11.344866730144373, "N_raw": 101, "N_roi": 101, "N_inlier": 98, "refit": true}
{"timestamp": "12:24:19.357179", "frame": 59, "mu": [-0.5972454800610749, 1.7542708767387363, 0.9313775742761805], "Sigma": [[0.013336639340767426, 0.0016978527406793192, -0.013393297002788193], [0.0016978527406793192, 0.0017503305741613715, -0.007492088662801513], [-0.013393297002788193, -0.007492088662801513, 0.10011813453633644]], "chi2_level": 0.99, "chi2_df": 3, "chi2_threshold": 11.344866730144373, "N_raw": 122, "N_roi": 122, "N_inlier": 120, "refit": true}
{"timestamp": "12:24:19.402281", "frame": 60, "mu": [-0.500656783220045, 1.6907983358756287, 0.9527140471847326], "Sigma": [[0.010284479039370862, 0.0020187786518439466, -0.01206159687568747], [0.0020187786518439475, 0.0033210481429287743, -0.016511647757381065], [-0.012061596875687471, -0.01651164775738106, 0.2029051631761166]], "chi2_level": 0.99, "chi2_df": 3, "chi2_threshold": 11.344866730144373, "N_raw": 51, "N_roi": 51, "N_inlier": 48, "refit": true}
{"timestamp": "12:24:19.460506", "frame": 61, "mu": [-0.45109363200863906, 1.6638699146780147, 1.1758836667113164], "Sigma": [[0.0042928066171219765, 0.00011932771210240457, -0.002441343245769995], [0.00011932771210240465, 0.00240859633590834, -0.004163677729008092], [-0.0024413432457699945, -0.004163677729008092, 0.05087698011650135]], "chi2_level": 0.99, "chi2_df": 3, "chi2_threshold": 11.344866730144373, "N_raw": 74, "N_roi": 74, "N_inlier": 70, "refit": true}
{"timestamp": "12:24:19.513446", "frame": 62, "mu": [-0.40016584303684977, 1.6019188179617596, 1.2790956026367064], "Sigma": [[0.005636815403667354, 0.00012605331730779326, 0.002591884056310384], [0.00012605331730779326, 0.0023693166069489848, -0.001973187533255237], [0.002591884056310384, -0.001973187533255237, 0.014863060040124484]], "chi2_level": 0.99, "chi2_df": 3, "chi2_threshold": 11.344866730144373, "N_raw": 60, "N_roi": 60, "N_inlier": 56, "refit": true}
{"timestamp": "12:24:19.572448", "frame": 63, "mu": [-0.4119601078080591, 1.5310912167451638, 0.8756700373483376], "Sigma": [[0.02484330480461882, 0.0056213992354254795, 0.013560680877343287], [0.00562139923542548, 0.002297162747459792, -0.0010223765696838658], [0.013560680877343287, -0.0010223765696838658, 0.16515153739221913]], "chi2_level": 0.99, "chi2_df": 3, "chi2_threshold": 11.344866730144373, "N_raw": 85, "N_roi": 85, "N_inlier": 84, "refit": true}
{"timestamp": "12:24:19.624917", "frame": 64, "mu": [-0.2762134639041809, 1.5095827520870562, 1.2304964916460386], "Sigma": [[0.0055985093244065335, 0.00048143824023210205, 0.006347375659815088], [0.00048143824023210205, 0.0026320939869632267, 0.003454944426811421], [0.006347375659815089, 0.003454944426811421, 0.1244738304981062]], "chi2_level": 0.99, "chi2_df": 3, "chi2_threshold": 11.344866730144373, "N_raw": 70, "N_roi": 67, "N_inlier": 63, "refit": true}
{"timestamp": "12:24:19.682410", "frame": 65, "mu": [-0.3684965456284377, 1.550022123910131, -1.2594487256507103], "Sigma": [[0.0126304574666709, 0.005896283656910946, 0.03168307269069655], [0.005896283656910946, 0.026866114530211913, -0.0194830466312576], [0.03168307269069655, -0.0194830466312576, 0.45133063530480194]], "chi2_level": 0.99, "chi2_df": 3, "chi2_threshold": 11.344866730144373, "N_raw": 89, "N_roi": 89, "N_inlier": 89, "refit": true}
{"timestamp": "12:24:19.740322", "frame": 66, "mu": [-0.2881610802523272, 1.4605759852365796, 1.0188834211538993], "Sigma": [[0.009617273169097577, 0.0045632113788493175, 0.023873854474750288], [0.0045632113788493175, 0.010979870958611972, 0.016544259988405266], [0.023873854474750288, 0.016544259988405266, 0.13248683184118326]], "chi2_level": 0.99, "chi2_df": 3, "chi2_threshold": 11.344866730144373, "N_raw": 108, "N_roi": 108, "N_inlier": 103, "refit": true}
{"timestamp": "12:24:19.794263", "frame": 67, "mu": [-0.14459415663752145, 1.429936329223913, 1.1105633479965091], "Sigma": [[0.04784475847466349, -0.0015419810642496863, -0.04119457296436599], [-0.0015419810642496863, 0.0024160310599930265, -0.003946392403374578], [-0.04119457296436599, -0.003946392403374578, 0.09089869333793653]], "chi2_level": 0.99, "chi2_df": 3, "chi2_threshold": 11.344866730144373, "N_raw": 94, "N_roi": 94, "N_inlier": 90, "refit": true}
{"timestamp": "12:24:19.853774", "frame": 68, "mu": [-0.18263729980819096, 1.3791678935596123, 1.2031451186299145], "Sigma": [[0.013349299380983002, 0.00048547474825777086, 0.023246467204368064], [0.0004854747482577709, 0.0037032250184168237, 0.003446434208969777], [0.023246467204368064, 0.0034464342089697763, 0.07788588939366253]], "chi2_level": 0.99, "chi2_df": 3, "chi2_threshold": 11.344866730144373, "N_raw": 127, "N_roi": 127, "N_inlier": 122, "refit": true}
{"timestamp": "12:24:19.903991", "frame": 69, "mu": [-0.18177087666217615, 1.353136399390587, 1.2832263524655103], "Sigma": [[0.008277707299616795, -0.003303272716257029, 0.006366816472441762], [-0.003303272716257029, 0.002866434275964245, -0.004800117312489085], [0.006366816472441762, -0.004800117312489085, 0.02279392482112149]], "chi2_level": 0.99, "chi2_df": 3, "chi2_threshold": 11.344866730144373, "N_raw": 93, "N_roi": 93, "N_inlier": 90, "refit": true}
{"timestamp": "12:24:19.955033", "frame": 70, "mu": [-0.09466500333591138, 1.263194963270928, 0.6975386051594603], "Sigma": [[0.015057399735858122, 0.002377145488715753, 0.07365722838774694], [0.0023771454887157534, 0.004860782458360685, 0.01215227914880324], [0.07365722838774694, 0.012152279148803243, 0.6863574000480351]], "chi2_level": 0.99, "chi2_df": 3, "chi2_threshold": 11.344866730144373, "N_raw": 79, "N_roi": 79, "N_inlier": 77, "refit": true}
{"timestamp": "12:24:20.016270", "frame": 71, "mu": [0.0172961729725259, 1.2342206538601337, 1.2760273663977497], "Sigma": [[0.029731606667697152, -0.001245149898399868, -0.01363841105892541], [-0.0012451498983998683, 0.002735300620228437, -0.0025017069161437444], [-0.01363841105892541, -0.002501706916143745, 0.04321623278178765]], "chi2_level": 0.99, "chi2_df": 3, "chi2_threshold": 11.344866730144373, "N_raw": 114, "N_roi": 114, "N_inlier": 109, "refit": true}
{"timestamp": "12:24:20.073812", "frame": 72, "mu": [0.1574560541506694, 1.1954675530531118, 1.2276732835784157], "Sigma": [[0.03213868145837079, 0.006791196029690777, -0.031351305534885375], [0.006791196029690777, 0.004408332889539675, -0.012728274075166749], [-0.031351305534885375, -0.012728274075166749, 0.05429292561569343]], "chi2_level": 0.99, "chi2_df": 3, "chi2_threshold": 11.344866730144373, "N_raw": 122, "N_roi": 122, "N_inlier": 116, "refit": true}
{"timestamp": "12:24:20.125521", "frame": 73, "mu": [0.24205853633575738, 1.1642987692706968, 1.2373946375958613], "Sigma": [[0.016631345370774393, 0.010095928753204685, -0.02788216728086549], [0.010095928753204683, 0.011075862871734109, -0.0251535368666359], [-0.027882167280865486, -0.0251535368666359, 0.06575539506501955]], "chi2_level": 0.99, "chi2_df": 3, "chi2_threshold": 11.344866730144373, "N_raw": 105, "N_roi": 105, "N_inlier": 100, "refit": true}
{"timestamp": "12:24:20.180563", "frame": 74, "mu": [0.10691383582812665, 1.0629033552877911, 1.296795580792131], "Sigma": [[0.007636747048935828, 0.0006870875352554517, 0.01161197400554459], [0.0006870875352554516, 0.002889937375812562, 0.0015152255478763522], [0.011611974005544591, 0.0015152255478763522, 0.04547274415935974]], "chi2_level": 0.99, "chi2_df": 3, "chi2_threshold": 11.344866730144373, "N_raw": 112, "N_roi": 112, "N_inlier": 106, "refit": true}
{"timestamp": "12:24:20.233103", "frame": 75, "mu": [0.14184027131177182, 1.1570391494846852, -0.4463718883683163], "Sigma": [[0.006589587248475358, -0.0038653497532176355, 0.015233502757935799], [-0.003865349753217636, 0.007202991489856718, -0.019204675986885786], [0.015233502757935799, -0.019204675986885786, 0.08243638437281459]], "chi2_level": 0.99, "chi2_df": 3, "chi2_threshold": 11.344866730144373, "N_raw": 100, "N_roi": 100, "N_inlier": 95, "refit": true}
{"timestamp": "12:24:20.337025", "frame": 76, "mu": [0.1980626504300617, 1.127859179576731, -0.37961985585603825], "Sigma": [[0.003757018354955687, -0.0009120313208126625, 0.004162741450004097], [-0.0009120313208126625, 0.005022768055179733, -0.006269176560606898], [0.004162741450004097, -0.006269176560606898, 0.017611746973069775]], "chi2_level": 0.99, "chi2_df": 3, "chi2_threshold": 11.344866730144373, "N_raw": 85, "N_roi": 85, "N_inlier": 81, "refit": true}
{"timestamp": "12:24:20.349695", "frame": 77, "mu": [0.268839407818255, 0.9268967057032347, 1.340394674027975], "Sigma": [[0.0047809080691069, -0.0008341419067201049, 0.006002031868870982], [-0.0008341419067201049, 0.0035602574097967675, -0.006625922646913186], [0.006002031868870982, -0.006625922646913186, 0.019647390194701343]], "chi2_level": 0.99, "chi2_df": 3, "chi2_threshold": 11.344866730144373, "N_raw": 75, "N_roi": 75, "N_inlier": 72, "refit": true}
{"timestamp": "12:24:20.398367", "frame": 78, "mu": [0.2928124798432703, 0.8723835927674074, 1.3108528987793535], "Sigma": [[0.00945712334967118, 0.00013783439212774584, 0.008103775998769708], [0.00013783439212774584, 0.002607438380525187, -0.003967901226816929], [0.008103775998769708, -0.003967901226816929, 0.0460021253825717]], "chi2_level": 0.99, "chi2_df": 3, "chi2_threshold": 11.344866730144373, "N_raw": 97, "N_roi": 97, "N_inlier": 95, "refit": true}
{"timestamp": "12:24:20.447296", "frame": 79, "mu": [0.3096287016189337, 0.8470660693388513, 1.2789679472682136], "Sigma": [[0.0035878064646544345, -6.890651001207373e-05, 0.004829766675130956], [-6.890651001207379e-05, 0.004003757314642191, -0.004587536266035854], [0.004829766675130955, -0.004587536266035854, 0.025503644183778672]], "chi2_level": 0.99, "chi2_df": 3, "chi2_threshold": 11.344866730144373, "N_raw": 53, "N_roi": 53, "N_inlier": 49, "refit": true}
{"timestamp": "12:24:20.500906", "frame": 80, "mu": [0.3973044904495254, 0.8046850540638169, 1.3513505047059875], "Sigma": [[0.004914656382005596, -0.0025582478888229072, 0.007069896090643448], [-0.0025582478888229072, 0.0032454505418551757, -0.006352609608432438], [0.007069896090643448, -0.006352609608432438, 0.014927281754605342]], "chi2_level": 0.99, "chi2_df": 3, "chi2_threshold": 11.344866730144373, "N_raw": 44, "N_roi": 44, "N_inlier": 40, "refit": true}
{"timestamp": "12:24:20.555231", "frame": 81, "mu": [0.4128344480993182, 0.7590143283527783, 1.3323738021019107], "Sigma": [[0.006817469498127315, -0.005442533582957069, 0.0110293760829157], [-0.005442533582957069, 0.007829626398779417, -0.012126753283750177], [0.0110293760829157, -0.012126753283750175, 0.02263013257541444]], "chi2_level": 0.99, "chi2_df": 3, "chi2_threshold": 11.344866730144373, "N_raw": 42, "N_roi": 42, "N_inlier": 38, "refit": true}
{"timestamp": "12:24:20.605157", "frame": 82, "mu": [0.408565958886964, 0.8791373957164348, -0.5948597514375467], "Sigma": [[0.0006031716117754637, 0.000989922212320557, 2.8361977779739237e-05], [0.0009899222123205573, 0.0051263073914712, -0.0013880803486000994], [2.8361977779739264e-05, -0.0013880803486000992, 0.0007147469989187558]], "chi2_level": 0.99, "chi2_df": 3, "chi2_threshold": 11.344866730144373, "N_raw": 8, "N_roi": 8, "N_inlier": 8, "refit": true}
{"timestamp": "12:24:20.659371", "frame": 83, "mu": [0.5618544678056878, 0.6772502496589754, 1.366100795011939], "Sigma": [[0.004097431124570691, 0.0017559970106357258, 0.0029084182278427398], [0.0017559970106357258, 0.0069235176124919995, -0.0043311642339459045], [0.0029084182278427398, -0.0043311642339459045, 0.009385813285915706]], "chi2_level": 0.99, "chi2_df": 3, "chi2_threshold": 11.344866730144373, "N_raw": 9, "N_roi": 9, "N_inlier": 8, "refit": true}
{"timestamp": "12:24:20.770259", "frame": 85, "mu": [0.6692016347584179, 0.6342333178535453, 1.2873554993859604], "Sigma": [[0.0008359653698466132, 0.000541184702621415, -0.0016210149681793406], [0.000541184702621415, 0.0008152225070119026, -0.002046403705208835], [-0.0016210149681793406, -0.002046403705208835, 0.005711215625807886]], "chi2_level": 0.99, "chi2_df": 3, "chi2_threshold": 11.344866730144373, "N_raw": 12, "N_roi": 12, "N_inlier": 9, "refit": true}
{"timestamp": "12:24:20.825330", "frame": 86, "mu": [0.6553507020820621, 0.5996257613284137, 1.0257513750124863], "Sigma": [[0.0032616021195205494, -0.0007678289905268848, 0.02722177748646589], [-0.0007678289905268848, 0.0010825250176102505, -0.01490139414138723], [0.02722177748646589, -0.01490139414138723, 0.33712077744291996]], "chi2_level": 0.99, "chi2_df": 3, "chi2_threshold": 11.344866730144373, "N_raw": 7, "N_roi": 7, "N_inlier": 7, "refit": true}
{"timestamp": "12:24:20.879438", "frame": 87, "mu": [0.7776953369031023, 0.4868951151596408, 1.2033632869799205], "Sigma": [[0.0028167608321042594, -0.0016104529853674674, -0.012866448098155186], [-0.0016104529853674674, 0.018934579874802324, 0.0695854050408717], [-0.012866448098155188, 0.0695854050408717, 0.3643530010921985]], "chi2_level": 0.99, "chi2_df": 3, "chi2_threshold": 11.344866730144373, "N_raw": 7, "N_roi": 7, "N_inlier": 7, "refit": true}
{"timestamp": "12:24:20.989983", "frame": 89, "mu": [0.8337466629938121, 0.40616425224447145, 1.0102155900364096], "Sigma": [[0.020359170520302214, -0.004740855677444601, -0.0744495738111335], [-0.004740855677444601, 0.007434831909793792, 0.03227069475530509], [-0.0744495738111335, 0.03227069475530509, 0.3326228999525977]], "chi2_level": 0.99, "chi2_df": 3, "chi2_threshold": 11.344866730144373, "N_raw": 9, "N_roi": 9, "N_inlier": 9, "refit": true}
{"timestamp": "12:24:21.045236", "frame": 90, "mu": [0.8914088847793936, 0.3324539765131305, 0.8276222203434908], "Sigma": [[0.01868502920329669, -0.00928163981379302, -0.07684836518588925], [-0.009281639813793022, 0.0067262408014957895, 0.047878858987196626], [-0.07684836518588925, 0.047878858987196626, 0.39762108383504907]], "chi2_level": 0.99, "chi2_df": 3, "chi2_threshold": 11.344866730144373, "N_raw": 8, "N_roi": 7, "N_inlier": 7, "refit": true}
{"timestamp": "12:24:21.154831", "frame": 92, "mu": [0.9490110355708693, 0.2542387302639573, 0.7053212519178997], "Sigma": [[0.005849498010684891, 0.0017553578075274487, 0.010766637519554218], [0.001755357807527449, 0.007882648145814323, 0.05715323557637239], [0.010766637519554218, 0.0571532355763724, 0.5178524918269626]], "chi2_level": 0.99, "chi2_df": 3, "chi2_threshold": 11.344866730144373, "N_raw": 9, "N_roi": 9, "N_inlier": 9, "refit": true}
{"timestamp": "12:24:21.376649", "frame": 96, "mu": [1.1650536091286867, 0.24355566030726214, 0.41556430250477566], "Sigma": [[0.0023397547469636223, -0.002596780402395815, 9.229602260052639e-05], [-0.002596780402395815, 0.007275873107342669, 0.0035445966466426796], [9.229602260052644e-05, 0.00354459664664268, 0.007980558655278802]], "chi2_level": 0.99, "chi2_df": 3, "chi2_threshold": 11.344866730144373, "N_raw": 15, "N_roi": 13, "N_inlier": 11, "refit": true}
