{"timestamp": "12:13:36.606191", "frame": 23, "mu": [-2.4088555437309687, 4.363513327083442, 1.1442361267786851], "Sigma": [[0.003092841080123574, 0.0011302495031423213, -0.001819621840269297], [0.0011302495031423215, 0.0026511241164844383, -0.0033099287454466052], [-0.001819621840269297, -0.0033099287454466057, 0.006802614258861852]], "chi2_level": 0.99, "chi2_df": 3, "chi2_threshold": 11.344866730144373, "N_raw": 42, "N_roi": 12, "N_inlier": 12, "refit": true}
{"timestamp": "12:13:36.663736", "frame": 24, "mu": [-2.364292761530806, 4.350707002980355, 1.0516356862988965], "Sigma": [[0.007913572095308357, 0.004922011555435136, -0.004535693844348552], [0.004922011555435136, 0.010846078220123215, -0.011807257773471386], [-0.004535693844348552, -0.01180725777347139, 0.015246590086897148]], "chi2_level": 0.99, "chi2_df": 3, "chi2_threshold": 11.344866730144373, "N_raw": 60, "N_roi": 24, "N_inlier": 24, "refit": true}
{"timestamp": "12:13:36.720323", "frame": 25, "mu": [-2.3454906673302984, 4.331898946618639, 1.0794603088612895], "Sigma": [[0.011564892484027143, 0.00481925614200378, -0.008855524608009407], [0.00481925614200378, 0.008668815757029066, -0.004637973775779961], [-0.008855524608009407, -0.004637973775779961, 0.008104622853691174]], "chi2_level": 0.99, "chi2_df": 3, "chi2_threshold": 11.344866730144373, "N_raw": 54, "N_roi": 27, "N_inlier": 27, "refit": true}
{"timestamp": "12:13:36.771687", "frame": 26, "mu": [-2.415230590208266, 4.278666413672252, 1.2050610554379388], "Sigma": [[0.00329009254568107, 0.002171587130117548, -0.0007707318787416322], [0.0021715871301175482, 0.0046004395606813395, -0.0012415421086972686], [-0.0007707318787416322, -0.0012415421086972688, 0.0007069861908041224]], "chi2_level": 0.99, "chi2_df": 3, "chi2_threshold": 11.344866730144373, "N_raw": 29, "N_roi": 13, "N_inlier": 12, "refit": true}
{"timestamp": "12:13:36.823883", "frame": 27, "mu": [-2.3540591387081347, 4.426015129112615, 1.3829329281247253], "Sigma": [[0.0073565433128096385, 0.003511517199831512, -0.0009707198394465857], [0.003511517199831512, 0.002990076027549594, -0.0010534688688400955], [-0.0009707198394465858, -0.0010534688688400955, 0.0005329823337472949]], "chi2_level": 0.99, "chi2_df": 3, "chi2_threshold": 11.344866730144373, "N_raw": 13, "N_roi": 12, "N_inlier": 10, "refit": true}
{"timestamp": "12:13:36.936159", "frame": 29, "mu": [-2.2595831651148894, 4.3171049594600825, 0.7812700427548662], "Sigma": [[0.018279000307170463, 0.008009586706510332, -0.0038240683330431993], [0.008009586706510332, 0.005475378506476957, -0.0023596293903839754], [-0.003824068333043199, -0.0023596293903839754, 0.0012963902629227798]], "chi2_level": 0.99, "chi2_df": 3, "chi2_threshold": 11.344866730144373, "N_raw": 25, "N_roi": 22, "N_inlier": 21, "refit": true}
{"timestamp": "12:13:36.989893", "frame": 30, "mu": [-2.2895785371491866, 4.20713701438787, 1.0154865710603924], "Sigma": [[0.013604944315788693, 0.0055287520281688705, -0.004437315327761021], [0.0055287520281688705, 0.005587445939627247, 0.0003725033787545344], [-0.004437315327761022, 0.00037250337875453484, 0.005116526458776519]], "chi2_level": 0.99, "chi2_df": 3, "chi2_threshold": 11.344866730144373, "N_raw": 21, "N_roi": 17, "N_inlier": 16, "refit": true}
{"timestamp": "12:13:37.047334", "frame": 31, "mu": [-2.0800049005698114, 4.3146329811299795, 0.8482762399720104], "Sigma": [[0.03549554993959618, 0.0119925629993391, -0.0187950715414492], [0.011992562999339098, 0.006644784490023574, -0.008850756518190651], [-0.0187950715414492, -0.008850756518190651, 0.014315821791289539]], "chi2_level": 0.99, "chi2_df": 3, "chi2_threshold": 11.344866730144373, "N_raw": 43, "N_roi": 43, "N_inlier": 42, "refit": true}
{"timestamp": "12:13:37.100119", "frame": 32, "mu": [-2.0221614449127507, 4.257318958843371, 0.6866522561807029], "Sigma": [[0.012437018881497409, 0.0022612052612196055, -0.007675563764662463], [0.0022612052612196055, 0.00453012107478492, 0.002093280401698654], [-0.007675563764662464, 0.002093280401698654, 0.00838481896087833]], "chi2_level": 0.99, "chi2_df": 3, "chi2_threshold": 11.344866730144373, "N_raw": 20, "N_roi": 20, "N_inlier": 19, "refit": true}
{"timestamp": "12:13:37.154482", "frame": 33, "mu": [-1.9081814231710952, 4.263796589963873, 0.8054190479959448], "Sigma": [[0.01674885309624017, 0.004410728284977819, -0.01137287556037608], [0.00441072828497782, 0.0038547780254641643, -0.0031627323466116696], [-0.01137287556037608, -0.00316273234661167, 0.00929897495782502]], "chi2_level": 0.99, "chi2_df": 3, "chi2_threshold": 11.344866730144373, "N_raw": 24, "N_roi": 23, "N_inlier": 23, "refit": true}
{"timestamp": "12:13:37.211508", "frame": 34, "mu": [-1.9092553482599413, 4.2787290433378375, 0.969339026755428], "Sigma": [[0.02306296647462286, 0.005650514552635799, -0.01348638796901055], [0.005650514552635799, 0.005927124420679373, -0.0020280771750575714], [-0.013486387969010548, -0.002028077175057571, 0.009762112949863136]], "chi2_level": 0.99, "chi2_df": 3, "chi2_threshold": 11.344866730144373, "N_raw": 36, "N_roi": 34, "N_inlier": 34, "refit": true}
{"timestamp": "12:13:37.320439", "frame": 36, "mu": [-1.690036596085562, 4.246019624287796, 0.8490454477448812], "Sigma": [[0.0177232435709687, 0.0011799345706433352, -0.016404459067729294], [0.0011799345706433352, 0.0035095044522466465, 0.00029814069445053436], [-0.016404459067729294, 0.0002981406944505348, 0.01704853039159061]], "chi2_level": 0.99, "chi2_df": 3, "chi2_threshold": 11.344866730144373, "N_raw": 26, "N_roi": 22, "N_inlier": 22, "refit": true}
{"timestamp": "12:13:37.376129", "frame": 37, "mu": [-1.6155752681016098, 4.2276353535652955, 0.8104082308987139], "Sigma": [[0.018181466191853096, 0.0010513796238221461, -0.013340584089885574], [0.0010513796238221461, 0.0030480385204721882, -0.0008851163489704947], [-0.013340584089885574, -0.0008851163489704947, 0.011361885691291389]], "chi2_level": 0.99, "chi2_df": 3, "chi2_threshold": 11.344866730144373, "N_raw": 30, "N_roi": 29, "N_inlier": 28, "refit": true}
{"timestamp": "12:13:37.430741", "frame": 38, "mu": [-1.576513892699046, 4.224149859526877, 0.8103039993306835], "Sigma": [[0.01263000703977814, 0.0008038280448644799, -0.006400996539908996], [0.0008038280448644799, 0.0035734538086774547, -0.002121805380113427], [-0.006400996539908996, -0.002121805380113427, 0.005379976250334473]], "chi2_level": 0.99, "chi2_df": 3, "chi2_threshold": 11.344866730144373, "N_raw": 24, "N_roi": 22, "N_inlier": 21, "refit": true}
{"timestamp": "12:13:37.650697", "frame": 42, "mu": [-1.3625695181591735, 4.44449789128211, 0.10316715848487916], "Sigma": [[0.01589856027441284, 0.0045756300540238555, -0.005628976233892645], [0.0045756300540238555, 0.004126588853192995, 0.00043455400615575454], [-0.005628976233892646, 0.00043455400615575464, 0.006605497248306938]], "chi2_level": 0.99, "chi2_df": 3, "chi2_threshold": 11.344866730144373, "N_raw": 28, "N_roi": 26, "N_inlier": 24, "refit": true}
{"timestamp": "12:13:37.708395", "frame": 43, "mu": [-1.335080272006575, 4.465619247448548, 0.27499931764758473], "Sigma": [[0.01724607994655154, 0.006545311097873844, -0.0048856078892934645], [0.006545311097873844, 0.004950993276328748, 0.006125899219305005], [-0.0048856078892934645, 0.006125899219305006, 0.03621434510513004]], "chi2_level": 0.99, "chi2_df": 3, "chi2_threshold": 11.344866730144373, "N_raw": 37, "N_roi": 33, "N_inlier": 33, "refit": true}
{"timestamp": "12:13:37.762366", "frame": 44, "mu": [-1.2974374948619192, 4.482794949154802, 0.2783468169090979], "Sigma": [[0.017811778180112602, 0.005265683779603983, -0.006891667173824088], [0.005265683779603982, 0.004102853345619803, 0.005912136412349929], [-0.006891667173824089, 0.005912136412349929, 0.03334039942223949]], "chi2_level": 0.99, "chi2_df": 3, "chi2_threshold": 11.344866730144373, "N_raw": 36, "N_roi": 36, "N_inlier": 34, "refit": true}
{"timestamp": "12:13:37.816942", "frame": 45, "mu": [-1.2910418036566218, 4.335098529266007, 0.9652313905227604], "Sigma": [[0.01177990064140723, 0.003055032891526006, -0.003935426592856662], [0.003055032891526006, 0.003764654042495138, 0.0013463699956393095], [-0.003935426592856662, 0.0013463699956393098, 0.0050492464916242945]], "chi2_level": 0.99, "chi2_df": 3, "chi2_threshold": 11.344866730144373, "N_raw": 26, "N_roi": 21, "N_inlier": 19, "refit": true}
{"timestamp": "12:13:37.871883", "frame": 46, "mu": [-1.2078854531207799, 4.476690967272038, 1.2328252170593184], "Sigma": [[0.013260930114561581, 0.0026824521250838973, -0.008409442115503334], [0.0026824521250838973, 0.0020728098221882967, -0.001404420194267817], [-0.008409442115503336, -0.001404420194267817, 0.007015869353817319]], "chi2_level": 0.99, "chi2_df": 3, "chi2_threshold": 11.344866730144373, "N_raw": 33, "N_roi": 20, "N_inlier": 19, "refit": true}
{"timestamp": "12:13:37.928844", "frame": 47, "mu": [-1.1698468425634363, 4.443230366250095, 1.1463915036471441], "Sigma": [[0.022761172585253567, 0.006881326921798046, -0.005834017827494776], [0.006881326921798046, 0.007511540451810766, 0.0037799098663613305], [-0.005834017827494776, 0.00377990986636133, 0.008304295840666612]], "chi2_level": 0.99, "chi2_df": 3, "chi2_threshold": 11.344866730144373, "N_raw": 43, "N_roi": 38, "N_inlier": 37, "refit": true}
{"timestamp": "12:13:37.984092", "frame": 48, "mu": [-1.0847618686752216, 4.507323752282576, -0.36985004651969033], "Sigma": [[0.021397180156332185, 0.0126868740820857, 0.07319707174844076], [0.0126868740820857, 0.016067950783198656, 0.06194996241828053], [0.07319707174844076, 0.06194996241828053, 0.36731472426708756]], "chi2_level": 0.99, "chi2_df": 3, "chi2_threshold": 11.344866730144373, "N_raw": 43, "N_roi": 39, "N_inlier": 37, "refit": true}
{"timestamp": "12:13:38.040859", "frame": 49, "mu": [-1.0457708413061664, 4.490723042851724, 1.173313419516716], "Sigma": [[0.028979808497068146, 0.008482860042352245, -0.010490201824194953], [0.008482860042352245, 0.009554178992471055, -0.0019713511634059785], [-0.010490201824194953, -0.0019713511634059794, 0.005528684345511502]], "chi2_level": 0.99, "chi2_df": 3, "chi2_threshold": 11.344866730144373, "N_raw": 62, "N_roi": 62, "N_inlier": 59, "refit": true}
{"timestamp": "12:13:38.091158", "frame": 50, "mu": [-1.0168665420333425, 4.463981080588758, 1.1400973384960198], "Sigma": [[0.019173800828127197, 0.009216871773356193, 0.009659611931740801], [0.009216871773356193, 0.010655627065770364, 0.018159571440141048], [0.009659611931740801, 0.018159571440141048, 0.036329962910418345]], "chi2_level": 0.99, "chi2_df": 3, "chi2_threshold": 11.344866730144373, "N_raw": 30, "N_roi": 30, "N_inlier": 28, "refit": true}
{"timestamp": "12:13:38.147875", "frame": 51, "mu": [-0.9831285030034475, 4.387555952139778, 0.9953664335224514], "Sigma": [[0.02434879577726763, 0.00619769999014805, -0.0015356623371212729], [0.006197699990148051, 0.005402593172261718, 0.0006619639543498636], [-0.001535662337121273, 0.0006619639543498637, 0.003785738213135475]], "chi2_level": 0.99, "chi2_df": 3, "chi2_threshold": 11.344866730144373, "N_raw": 41, "N_roi": 38, "N_inlier": 38, "refit": true}
{"timestamp": "12:13:38.204476", "frame": 52, "mu": [-0.874805758407909, 4.419131851640297, 1.1054010763022468], "Sigma": [[0.03155849307201909, 0.00813760369099928, -0.006043373028485828], [0.00813760369099928, 0.009544981275101894, 0.005295153240043782], [-0.006043373028485828, 0.005295153240043782, 0.009222845378551588]], "chi2_level": 0.99, "chi2_df": 3, "chi2_threshold": 11.344866730144373, "N_raw": 56, "N_roi": 52, "N_inlier": 50, "refit": true}
{"timestamp": "12:13:38.259037", "frame": 53, "mu": [-0.6929739666521968, 4.604012620031102, 0.9396769096729674], "Sigma": [[0.039704054828093936, 0.03394415205569479, -4.7222252627869446e-05], [0.03394415205569479, 0.05557892214137222, 0.012665993910536806], [-4.7222252627869554e-05, 0.01266599391053681, 0.007743343270727042]], "chi2_level": 0.99, "chi2_df": 3, "chi2_threshold": 11.344866730144373, "N_raw": 45, "N_roi": 42, "N_inlier": 42, "refit": true}
{"timestamp": "12:13:38.316428", "frame": 54, "mu": [-0.8054997941303389, 4.3706469567424415, 0.8947221207583621], "Sigma": [[0.029740850787912845, 0.0014664247887722292, -0.012100836251956857], [0.0014664247887722292, 0.004604865488764578, -0.0026318741887247543], [-0.012100836251956857, -0.0026318741887247548, 0.006819535393216642]], "chi2_level": 0.99, "chi2_df": 3, "chi2_threshold": 11.344866730144373, "N_raw": 57, "N_roi": 54, "N_inlier": 50, "refit": true}
{"timestamp": "12:13:38.364465", "frame": 55, "mu": [-0.5960312361870272, 4.58783103647812, 0.8765485541803902], "Sigma": [[0.02367044162930734, 0.03024925706050661, -0.012398556170749517], [0.03024925706050661, 0.04443336357032992, -0.020748842692177954], [-0.012398556170749517, -0.020748842692177957, 0.011768364261132883]], "chi2_level": 0.99, "chi2_df": 3, "chi2_threshold": 11.344866730144373, "N_raw": 10, "N_roi": 7, "N_inlier": 7, "refit": true}
{"timestamp": "12:13:38.420197", "frame": 56, "mu": [-0.6795446475083107, 4.376293793727637, 1.0946842529155592], "Sigma": [[0.014145753236765465, 0.0002985326770673848, -0.007278458573283494], [0.00029853267706738513, 0.003938091794453059, 0.0007262333907614871], [-0.007278458573283494, 0.0007262333907614871, 0.004819386808282298]], "chi2_level": 0.99, "chi2_df": 3, "chi2_threshold": 11.344866730144373, "N_raw": 25, "N_roi": 17, "N_inlier": 17, "refit": true}
{"timestamp": "12:13:38.474956", "frame": 57, "mu": [-0.5517019690881212, 4.388519690748892, 1.067520708173524], "Sigma": [[0.012387113267710663, 0.00015571356420985725, -0.004082518954777821], [0.00015571356420985725, 0.005384705724364845, 0.0071205587771322795], [-0.004082518954777821, 0.00712055877713228, 0.011892060089827995]], "chi2_level": 0.99, "chi2_df": 3, "chi2_threshold": 11.344866730144373, "N_raw": 22, "N_roi": 19, "N_inlier": 19, "refit": true}
{"timestamp": "12:13:38.531101", "frame": 58, "mu": [-0.4733474949960843, 4.380536007750913, 1.1184853234699645], "Sigma": [[0.02014076252183531, -0.000293901817491738, -0.009142228749641872], [-0.000293901817491738, 0.004495503083860973, 0.004000009081518854], [-0.009142228749641872, 0.004000009081518854, 0.008488654489407891]], "chi2_level": 0.99, "chi2_df": 3, "chi2_threshold": 11.344866730144373, "N_raw": 31, "N_roi": 31, "N_inlier": 31, "refit": true}
{"timestamp": "12:13:38.588379", "frame": 59, "mu": [-0.4385924753853009, 4.520879718841671, 0.3182420633972323], "Sigma": [[0.02060495633210187, 0.0017206071051738413, -0.012712545048761369], [0.0017206071051738413, 0.0037968411467720784, 0.0005344337086575074], [-0.012712545048761369, 0.0005344337086575073, 0.010038547052792769]], "chi2_level": 0.99, "chi2_df": 3, "chi2_threshold": 11.344866730144373, "N_raw": 36, "N_roi": 32, "N_inlier": 32, "refit": true}
{"timestamp": "12:13:38.645319", "frame": 60, "mu": [-0.30406855466825733, 4.481674683888258, -0.04069194094736826], "Sigma": [[0.029726419745364552, 0.006078748756280151, 0.05480369313105707], [0.00607874875628015, 0.007613229522790797, 0.02367523008029021], [0.05480369313105707, 0.02367523008029021, 0.22480535507129895]], "chi2_level": 0.99, "chi2_df": 3, "chi2_threshold": 11.344866730144373, "N_raw": 58, "N_roi": 56, "N_inlier": 56, "refit": true}
{"timestamp": "12:13:38.697273", "frame": 61, "mu": [-0.3200983246166928, 4.3334033101251075, 1.1504675795288493], "Sigma": [[0.023288360528763145, 0.0002979155187985908, -0.00892432271391069], [0.0002979155187985907, 0.0027804373895122586, -0.0002970704595626825], [-0.008924322713910691, -0.0002970704595626825, 0.004635385577467402]], "chi2_level": 0.99, "chi2_df": 3, "chi2_threshold": 11.344866730144373, "N_raw": 36, "N_roi": 36, "N_inlier": 35, "refit": true}
{"timestamp": "12:13:38.756817", "frame": 62, "mu": [-0.2263646259353389, 4.38477866224741, 1.1318501728164465], "Sigma": [[0.031198487408018054, -0.0011437072670167038, -0.014546510627217643], [-0.001143707267016704, 0.007515696489508274, 0.0017830856458936504], [-0.014546510627217641, 0.0017830856458936506, 0.008570092781202677]], "chi2_level": 0.99, "chi2_df": 3, "chi2_threshold": 11.344866730144373, "N_raw": 67, "N_roi": 64, "N_inlier": 64, "refit": true}
{"timestamp": "12:13:38.810144", "frame": 63, "mu": [-0.184366960323141, 4.359731725410947, 1.1023630716905846], "Sigma": [[0.030665216287466844, -0.0016066514878468345, -0.012230121375963238], [-0.0016066514878468343, 0.004358034864842568, -0.002087375314234355], [-0.01223012137596324, -0.0020873753142343554, 0.008579299283178821]], "chi2_level": 0.99, "chi2_df": 3, "chi2_threshold": 11.344866730144373, "N_raw": 57, "N_roi": 57, "N_inlier": 57, "refit": true}
{"timestamp": "12:13:38.862598", "frame": 64, "mu": [-0.17832265248131698, 4.395022791508987, 1.1756412010808843], "Sigma": [[0.022079717122052037, -0.00034808130548422367, -0.006209456341661089], [-0.0003480813054842234, 0.003100881190447701, -0.00015311363725539057], [-0.006209456341661089, -0.00015311363725539057, 0.004269173161667625]], "chi2_level": 0.99, "chi2_df": 3, "chi2_threshold": 11.344866730144373, "N_raw": 36, "N_roi": 36, "N_inlier": 35, "refit": true}
{"timestamp": "12:13:38.919472", "frame": 65, "mu": [-0.09603662922467546, 4.459029794046429, 1.3031813318365184], "Sigma": [[0.027743494276239542, -0.000926255266002048, -0.014221897631211702], [-0.0009262552660020487, 0.0069054157906370634, 0.00550274757416], [-0.014221897631211702, 0.00550274757416, 0.014913515366575631]], "chi2_level": 0.99, "chi2_df": 3, "chi2_threshold": 11.344866730144373, "N_raw": 54, "N_roi": 54, "N_inlier": 53, "refit": true}
{"timestamp": "12:13:38.975967", "frame": 66, "mu": [-0.048762160505947616, 4.52395866380851, 0.4435976104401081], "Sigma": [[0.029932003089569927, 0.00029340637789884174, -0.011672787071023663], [0.00029340637789884174, 0.006422891956937074, 0.0029171615822854513], [-0.011672787071023663, 0.0029171615822854513, 0.010276925946223129]], "chi2_level": 0.99, "chi2_df": 3, "chi2_threshold": 11.344866730144373, "N_raw": 64, "N_roi": 64, "N_inlier": 64, "refit": true}
{"timestamp": "12:13:39.025929", "frame": 67, "mu": [0.042757769818696834, 4.399757155383702, 1.2108409641088795], "Sigma": [[0.0204457852448861, -0.001962780032540313, -0.007793059891840134], [-0.0019627800325403132, 0.002981979114379897, 0.0028698957071402777], [-0.007793059891840133, 0.0028698957071402777, 0.005603935928581819]], "chi2_level": 0.99, "chi2_df": 3, "chi2_threshold": 11.344866730144373, "N_raw": 25, "N_roi": 25, "N_inlier": 24, "refit": true}
{"timestamp": "12:13:39.084460", "frame": 68, "mu": [0.0620762644437895, 4.433214512909163, 1.1064310042088439], "Sigma": [[0.025886664309993253, -0.0007795831517679595, -0.00389817578166908], [-0.0007795831517679597, 0.0049309708202542385, -0.0016263027519741193], [-0.0038981757816690795, -0.0016263027519741189, 0.005692609151292176]], "chi2_level": 0.99, "chi2_df": 3, "chi2_threshold": 11.344866730144373, "N_raw": 54, "N_roi": 54, "N_inlier": 51, "refit": true}
{"timestamp": "12:13:39.133989", "frame": 69, "mu": [0.04936878390559191, 4.461538451871832, 1.1459721441803483], "Sigma": [[0.005734638043620458, 0.0027423143487726506, -0.011771986106584037], [0.00274231434877265, 0.005020636946680326, -0.011352230234866059], [-0.011771986106584037, -0.011352230234866059, 0.0480392389605656]], "chi2_level": 0.99, "chi2_df": 3, "chi2_threshold": 11.344866730144373, "N_raw": 12, "N_roi": 11, "N_inlier": 10, "refit": true}
{"timestamp": "12:13:39.189428", "frame": 70, "mu": [0.13139618489194893, 4.664571946929097, 0.12438745803870979], "Sigma": [[0.003364572299614974, -0.002433516837208371, 0.010657328041304148], [-0.002433516837208372, 0.045449954361759325, -0.07349314984738983], [0.01065732804130415, -0.07349314984738983, 0.14828571721501208]], "chi2_level": 0.99, "chi2_df": 3, "chi2_threshold": 11.344866730144373, "N_raw": 10, "N_roi": 7, "N_inlier": 7, "refit": true}
{"timestamp": "12:13:39.249061", "frame": 71, "mu": [0.16782972536111174, 4.419577746130272, 1.0826936250579136], "Sigma": [[0.027605301456012997, -0.002741109691561919, -0.009044583556388226], [-0.002741109691561919, 0.0036933268610087736, -0.0017427169325566175], [-0.009044583556388226, -0.0017427169325566175, 0.006992083368227413]], "chi2_level": 0.99, "chi2_df": 3, "chi2_threshold": 11.344866730144373, "N_raw": 56, "N_roi": 53, "N_inlier": 50, "refit": true}
{"timestamp": "12:13:39.306957", "frame": 72, "mu": [0.22034167340240984, 4.538840348648355, 0.423414857882297], "Sigma": [[0.03242477161999951, 0.00037831452238105414, -0.010065868852720043], [0.0003783145223810539, 0.0052996331259128285, 0.006209367761087382], [-0.010065868852720043, 0.006209367761087382, 0.013193396811769672]], "chi2_level": 0.99, "chi2_df": 3, "chi2_threshold": 11.344866730144373, "N_raw": 66, "N_roi": 66, "N_inlier": 64, "refit": true}
{"timestamp": "12:13:39.408908", "frame": 74, "mu": [0.3578737106243246, 4.009589994514314, 1.1539778055947993], "Sigma": [[0.037529292098871, 0.17090179644716277, -0.08042662340616619], [0.1709017964471628, 1.9610582840285502, -0.5460437143358549], [-0.08042662340616619, -0.5460437143358549, 0.20104409299050363]], "chi2_level": 0.99, "chi2_df": 3, "chi2_threshold": 11.344866730144373, "N_raw": 9, "N_roi": 7, "N_inlier": 7, "refit": true}
{"timestamp": "12:13:39.467079", "frame": 75, "mu": [0.42879633742906503, 4.416718040517032, 1.0140154472537346], "Sigma": [[0.01975429727084444, -0.002569231866900024, -0.009623186399513812], [-0.002569231866900024, 0.003134380424695227, 0.0004508387578493675], [-0.009623186399513813, 0.0004508387578493675, 0.006288603822474705]], "chi2_level": 0.99, "chi2_df": 3, "chi2_threshold": 11.344866730144373, "N_raw": 35, "N_roi": 34, "N_inlier": 34, "refit": true}
{"timestamp": "12:13:39.518111", "frame": 76, "mu": [0.5224354700952282, 4.520173117582745, 1.063617570681646], "Sigma": [[0.015505786334095896, 0.014860862620807064, -0.03544885191089748], [0.014860862620807066, 0.019660349718519297, -0.024963285950606914], [-0.035448851910897486, -0.024963285950606914, 0.1092039022019917]], "chi2_level": 0.99, "chi2_df": 3, "chi2_threshold": 11.344866730144373, "N_raw": 10, "N_roi": 7, "N_inlier": 7, "refit": true}
{"timestamp": "12:13:39.902729", "frame": 83, "mu": [0.7194240586733844, 3.7064933422442286, 1.463825083839606], "Sigma": [[0.08885624764722619, 0.48865185827517216, -0.07173906031013036], [0.4886518582751722, 2.781093029901413, -0.39245788442324064], [-0.07173906031013036, -0.3924578844232407, 0.061190926412808454]], "chi2_level": 0.99, "chi2_df": 3, "chi2_threshold": 11.344866730144373, "N_raw": 7, "N_roi": 7, "N_inlier": 7, "refit": true}
{"timestamp": "12:13:39.959142", "frame": 84, "mu": [0.9518582807229197, 4.474907101236115, 0.49617584332478626], "Sigma": [[0.009354325830409843, 0.0005371832194002006, -0.0007488817847294505], [0.0005371832194002002, 0.0028885512661780033, 0.000687626087900829], [-0.0007488817847294505, 0.000687626087900829, 0.0004125232885858277]], "chi2_level": 0.99, "chi2_df": 3, "chi2_threshold": 11.344866730144373, "N_raw": 21, "N_roi": 20, "N_inlier": 20, "refit": true}
{"timestamp": "12:13:40.014904", "frame": 85, "mu": [1.0693671309441801, 4.4961622649223845, 1.184843484200073], "Sigma": [[0.010240097021544447, -0.0016012928253927026, -0.004469544845650493], [-0.0016012928253927026, 0.00356689384295982, 0.0022320660633558327], [-0.004469544845650493, 0.0022320660633558327, 0.004011983773786429]], "chi2_level": 0.99, "chi2_df": 3, "chi2_threshold": 11.344866730144373, "N_raw": 18, "N_roi": 18, "N_inlier": 18, "refit": true}
{"timestamp": "12:13:40.069111", "frame": 86, "mu": [1.0439187850961875, 4.471136539163122, 0.9863621390859483], "Sigma": [[0.005029559533668483, 0.00016194665445696068, -0.004213594622259489], [0.00016194665445696057, 0.0021553195017171714, -0.005071893952192852], [-0.00421359462225949, -0.005071893952192852, 0.01813883371765401]], "chi2_level": 0.99, "chi2_df": 3, "chi2_threshold": 11.344866730144373, "N_raw": 11, "N_roi": 9, "N_inlier": 9, "refit": true}
{"timestamp": "12:13:40.398648", "frame": 92, "mu": [1.3279992798500697, 4.378972681097221, 1.145953007638885], "Sigma": [[0.004119243641361896, -0.0013366519757503324, -0.00013469175656790974], [-0.0013366519757503326, 0.0024052445106432546, -0.0012919186510176863], [-0.00013469175656790976, -0.0012919186510176866, 0.003489039441665044]], "chi2_level": 0.99, "chi2_df": 3, "chi2_threshold": 11.344866730144373, "N_raw": 11, "N_roi": 11, "N_inlier": 11, "refit": true}
{"timestamp": "12:13:40.673799", "frame": 97, "mu": [1.589237440066708, 4.325042240986183, 1.041238605333229], "Sigma": [[0.01187429860849851, -0.004017587370700674, -0.004907917107110664], [-0.004017587370700674, 0.002757108425051331, 0.0003948080174687068], [-0.004907917107110664, 0.00039480801746870657, 0.006532984332503314]], "chi2_level": 0.99, "chi2_df": 3, "chi2_threshold": 11.344866730144373, "N_raw": 17, "N_roi": 17, "N_inlier": 17, "refit": true}
{"timestamp": "12:13:40.785957", "frame": 99, "mu": [1.7991734649484998, 4.1983605565252695, 0.9307289980724147], "Sigma": [[0.015945539516402873, -0.006753957900753157, -0.015278437794000602], [-0.006753957900753156, 0.003989438815889459, 0.004166946612955644], [-0.015278437794000602, 0.004166946612955644, 0.025887860714912142]], "chi2_level": 0.99, "chi2_df": 3, "chi2_threshold": 11.344866730144373, "N_raw": 25, "N_roi": 25, "N_inlier": 24, "refit": true}
{"timestamp": "12:13:40.896946", "frame": 101, "mu": [1.879170715911344, 4.303821524747356, 0.12615765514394034], "Sigma": [[0.015483502158276425, 0.015205658269725725, -0.01008802127661767], [0.015205658269725723, 0.016109686295796687, -0.013320621083226349], [-0.01008802127661767, -0.013320621083226349, 0.03233517862261116]], "chi2_level": 0.99, "chi2_df": 3, "chi2_threshold": 11.344866730144373, "N_raw": 7, "N_roi": 7, "N_inlier": 7, "refit": true}
{"timestamp": "12:13:41.063685", "frame": 104, "mu": [1.8509041002182778, 4.052872541442454, 0.9209986230866544], "Sigma": [[0.029983638417953828, -0.014240865433403692, -0.01384404253961765], [-0.01424086543340369, 0.012759307745580819, 0.00733032162359947], [-0.01384404253961765, 0.00733032162359947, 0.00829166177502083]], "chi2_level": 0.99, "chi2_df": 3, "chi2_threshold": 11.344866730144373, "N_raw": 52, "N_roi": 52, "N_inlier": 51, "refit": true}
{"timestamp": "12:13:41.117618", "frame": 105, "mu": [1.9192274485768164, 4.06091823563868, 0.9649780197711011], "Sigma": [[0.02696995401433232, -0.01359995069973914, -0.011344739123545132], [-0.01359995069973914, 0.010592780228565225, 0.006529208246997302], [-0.011344739123545134, 0.006529208246997302, 0.0060809369062849025]], "chi2_level": 0.99, "chi2_df": 3, "chi2_threshold": 11.344866730144373, "N_raw": 37, "N_roi": 37, "N_inlier": 36, "refit": true}
{"timestamp": "12:13:41.173001", "frame": 106, "mu": [1.8656298381359466, 4.0683964095542935, 1.147770258105271], "Sigma": [[0.025634819844413497, -0.012816218049594739, -0.011552336668991752], [-0.012816218049594739, 0.00864452025270942, 0.0012126094609420804], [-0.011552336668991752, 0.0012126094609420802, 0.018161256217052377]], "chi2_level": 0.99, "chi2_df": 3, "chi2_threshold": 11.344866730144373, "N_raw": 42, "N_roi": 42, "N_inlier": 41, "refit": true}
{"timestamp": "12:13:41.392188", "frame": 110, "mu": [2.1057328956774715, 3.8052782437560557, 0.6096212556039846], "Sigma": [[0.044516819717238226, -0.029462546839410353, -0.07080029167156726], [-0.029462546839410353, 0.02098700895359086, 0.044878689071440464], [-0.07080029167156726, 0.044878689071440464, 0.1451426323372483]], "chi2_level": 0.99, "chi2_df": 3, "chi2_threshold": 11.344866730144373, "N_raw": 34, "N_roi": 34, "N_inlier": 33, "refit": true}
{"timestamp": "12:13:41.451774", "frame": 111, "mu": [1.9803069432958997, 3.8622257260294846, 0.931645539323837], "Sigma": [[0.03812665834355045, -0.01806512061869474, -0.027435090612562215], [-0.01806512061869474, 0.011566992719766763, 0.007027733840998276], [-0.02743509061256221, 0.007027733840998276, 0.03866628160972439]], "chi2_level": 0.99, "chi2_df": 3, "chi2_threshold": 11.344866730144373, "N_raw": 69, "N_roi": 66, "N_inlier": 66, "refit": true}
{"timestamp": "12:13:41.503473", "frame": 112, "mu": [1.974172849512926, 3.833981763934, 0.832459700792805], "Sigma": [[0.003970496646724562, -0.0009468636992602335, -0.007360928403704421], [-0.0009468636992602333, 0.0017878280693034716, -0.003949101406133746], [-0.007360928403704421, -0.003949101406133746, 0.04133754061505748]], "chi2_level": 0.99, "chi2_df": 3, "chi2_threshold": 11.344866730144373, "N_raw": 9, "N_roi": 9, "N_inlier": 8, "refit": true}
{"timestamp": "12:13:41.558802", "frame": 113, "mu": [1.9934110044184337, 3.780906011398261, 0.8810111477434339], "Sigma": [[0.02697750227148691, -0.014176882094705388, -0.0034973941623329275], [-0.014176882094705386, 0.009941781238343602, -0.0005203470226691491], [-0.003497394162332928, -0.0005203470226691491, 0.005245136358305337]], "chi2_level": 0.99, "chi2_df": 3, "chi2_threshold": 11.344866730144373, "N_raw": 44, "N_roi": 41, "N_inlier": 40, "refit": true}
{"timestamp": "12:13:41.614651", "frame": 114, "mu": [1.9758753269880929, 3.776117961748508, 0.9914397173293344], "Sigma": [[0.02682468199973606, -0.015014891067356699, -0.01700883049109565], [-0.015014891067356703, 0.01010665050604711, 0.003929716879924775], [-0.01700883049109565, 0.003929716879924775, 0.03939772824992413]], "chi2_level": 0.99, "chi2_df": 3, "chi2_threshold": 11.344866730144373, "N_raw": 53, "N_roi": 52, "N_inlier": 51, "refit": true}
{"timestamp": "12:13:41.669887", "frame": 115, "mu": [1.9685313115060896, 3.7290693110746145, 1.0454283107003026], "Sigma": [[0.028410552833148278, -0.015078156701411011, -0.014174638250849572], [-0.015078156701411011, 0.011756849518759523, 0.004430443180778751], [-0.014174638250849572, 0.0044304431807787505, 0.014557450273056601]], "chi2_level": 0.99, "chi2_df": 3, "chi2_threshold": 11.344866730144373, "N_raw": 55, "N_roi": 52, "N_inlier": 51, "refit": true}
{"timestamp": "12:13:41.719546", "frame": 116, "mu": [2.0186868634497186, 3.6699886740008214, 0.7760250856201844], "Sigma": [[0.00853526588164953, -0.0019009183907893947, -0.01973028908763591], [-0.0019009183907893947, 0.001769294089708524, 0.00364668847530096], [-0.01973028908763591, 0.0036466884753009604, 0.05476264825470242]], "chi2_level": 0.99, "chi2_df": 3, "chi2_threshold": 11.344866730144373, "N_raw": 13, "N_roi": 10, "N_inlier": 9, "refit": true}
{"timestamp": "12:13:41.777905", "frame": 117, "mu": [2.0967725117963623, 3.5902569440670056, 0.750650292144759], "Sigma": [[0.018809280826688188, -0.013952487174794713, -0.006818459372914141], [-0.013952487174794713, 0.012848379403260104, 0.0011900601013858003], [-0.006818459372914141, 0.0011900601013858005, 0.0197863111263319]], "chi2_level": 0.99, "chi2_df": 3, "chi2_threshold": 11.344866730144373, "N_raw": 39, "N_roi": 39, "N_inlier": 37, "refit": true}
{"timestamp": "12:13:41.836100", "frame": 118, "mu": [2.0388374161901406, 3.561546272960228, 0.8660509242922304], "Sigma": [[0.021413975081750147, -0.015843291861871972, 0.00660652226066301], [-0.015843291861871972, 0.01400305010313244, -0.007625207419292514], [0.00660652226066301, -0.007625207419292514, 0.03252816878388135]], "chi2_level": 0.99, "chi2_df": 3, "chi2_threshold": 11.344866730144373, "N_raw": 47, "N_roi": 44, "N_inlier": 44, "refit": true}
{"timestamp": "12:13:41.891144", "frame": 119, "mu": [1.91771723780991, 3.6453990961060474, 0.8267500604335545], "Sigma": [[0.026082007576918968, -0.011078536088139863, -0.0017253346897134268], [-0.011078536088139863, 0.006243325232729152, -0.004349927851739378], [-0.0017253346897134268, -0.004349927851739377, 0.0536864168853521]], "chi2_level": 0.99, "chi2_df": 3, "chi2_threshold": 11.344866730144373, "N_raw": 63, "N_roi": 63, "N_inlier": 62, "refit": true}
{"timestamp": "12:13:41.941509", "frame": 120, "mu": [1.886588653985843, 3.6245147813894163, 0.7552521513907442], "Sigma": [[0.00792787901472027, -0.009995757030059425, -0.001387171524778072], [-0.009995757030059425, 0.023792619323549143, -0.0009068841370244787], [-0.0013871715247780719, -0.0009068841370244792, 0.02910063548744361]], "chi2_level": 0.99, "chi2_df": 3, "chi2_threshold": 11.344866730144373, "N_raw": 22, "N_roi": 20, "N_inlier": 19, "refit": true}
{"timestamp": "12:13:42.000766", "frame": 121, "mu": [1.8205029624885796, 3.648111240800371, 0.9060217623750496], "Sigma": [[0.020455152272814393, -0.01008526425633383, -0.015602842676927636], [-0.01008526425633383, 0.006373276027214564, 0.004412536834339517], [-0.015602842676927636, 0.004412536834339516, 0.11513383783883846]], "chi2_level": 0.99, "chi2_df": 3, "chi2_threshold": 11.344866730144373, "N_raw": 59, "N_roi": 59, "N_inlier": 58, "refit": true}
{"timestamp": "12:13:42.055921", "frame": 122, "mu": [1.8371265405906032, 3.6217588349179515, 0.5653541328671509], "Sigma": [[0.023548056760972325, -0.009658038834865875, -0.004078528747556103], [-0.009658038834865875, 0.006322889881844621, -0.003946793512094373], [-0.004078528747556102, -0.003946793512094373, 0.023322829854340817]], "chi2_level": 0.99, "chi2_df": 3, "chi2_threshold": 11.344866730144373, "N_raw": 53, "N_roi": 53, "N_inlier": 49, "refit": true}
{"timestamp": "12:13:42.104263", "frame": 123, "mu": [1.8103722821325585, 3.5942203954604133, 0.7029738609806082], "Sigma": [[0.01030804492609391, -0.005511987461063759, -0.01085598468535003], [-0.0055119874610637595, 0.005049592566461758, 0.0016763776142476052], [-0.010855984685350031, 0.0016763776142476043, 0.13103585905534199]], "chi2_level": 0.99, "chi2_df": 3, "chi2_threshold": 11.344866730144373, "N_raw": 15, "N_roi": 15, "N_inlier": 15, "refit": true}
{"timestamp": "12:13:42.214525", "frame": 125, "mu": [1.65051142741047, 3.547496431983942, 1.1419143128318119], "Sigma": [[0.007450921934275955, 0.0017194481067004169, -0.006623768122256562], [0.0017194481067004169, 0.0049626698793531765, 0.004566235017500876], [-0.006623768122256562, 0.004566235017500876, 0.018413990922360582]], "chi2_level": 0.99, "chi2_df": 3, "chi2_threshold": 11.344866730144373, "N_raw": 9, "N_roi": 9, "N_inlier": 9, "refit": true}
{"timestamp": "12:13:42.272116", "frame": 126, "mu": [1.59905396547826, 3.5215161017426175, 1.0852809261308922], "Sigma": [[0.015159606469780394, -0.008114477226665862, -0.010049980666245337], [-0.008114477226665862, 0.008554826672037016, 0.0067592060071692585], [-0.010049980666245337, 0.0067592060071692585, 0.0096570354338155]], "chi2_level": 0.99, "chi2_df": 3, "chi2_threshold": 11.344866730144373, "N_raw": 34, "N_roi": 34, "N_inlier": 32, "refit": true}
{"timestamp": "12:13:42.326014", "frame": 127, "mu": [1.6276862423435456, 3.498350610800993, 1.1696604793542447], "Sigma": [[0.011651838404379293, -0.00704707396486646, -0.009516492375504667], [-0.00704707396486646, 0.006565300644897486, 0.00623015066734111], [-0.009516492375504667, 0.00623015066734111, 0.009704499211566447]], "chi2_level": 0.99, "chi2_df": 3, "chi2_threshold": 11.344866730144373, "N_raw": 24, "N_roi": 22, "N_inlier": 21, "refit": true}
{"timestamp": "12:13:42.434805", "frame": 129, "mu": [1.632160664803208, 3.4568396511869075, 0.9176071531176081], "Sigma": [[0.01326278459262237, -0.007925554932486001, -0.018635438542963505], [-0.007925554932486001, 0.005484881058782929, 0.00947314429634918], [-0.018635438542963505, 0.00947314429634918, 0.04323235020687864]], "chi2_level": 0.99, "chi2_df": 3, "chi2_threshold": 11.344866730144373, "N_raw": 29, "N_roi": 29, "N_inlier": 28, "refit": true}
{"timestamp": "12:13:42.492505", "frame": 130, "mu": [1.5842286209116858, 3.4605363980013397, 0.8778470894356686], "Sigma": [[0.020075498365999717, -0.013213038060339969, -0.03016512284542316], [-0.013213038060339969, 0.00981217502338391, 0.018760597562067112], [-0.030165122845423165, 0.018760597562067112, 0.05451360137292368]], "chi2_level": 0.99, "chi2_df": 3, "chi2_threshold": 11.344866730144373, "N_raw": 36, "N_roi": 34, "N_inlier": 33, "refit": true}
{"timestamp": "12:13:42.549881", "frame": 131, "mu": [1.5333536788226902, 3.408980321955558, 0.9854464602529089], "Sigma": [[0.01976018400286568, -0.010850812489366705, -0.010427901675893135], [-0.010850812489366705, 0.010856236439797133, 0.004326186156184021], [-0.010427901675893135, 0.004326186156184021, 0.010151278753813695]], "chi2_level": 0.99, "chi2_df": 3, "chi2_threshold": 11.344866730144373, "N_raw": 53, "N_roi": 53, "N_inlier": 51, "refit": true}
{"timestamp": "12:13:42.607168", "frame": 132, "mu": [1.5433182769822378, 3.3884468833335863, 0.9647062081058192], "Sigma": [[0.0210094584901373, -0.013035703781331141, -0.0164602682005131], [-0.013035703781331141, 0.018097803695140705, 0.012745114272406623], [-0.0164602682005131, 0.012745114272406622, 0.016658742171847884]], "chi2_level": 0.99, "chi2_df": 3, "chi2_threshold": 11.344866730144373, "N_raw": 66, "N_roi": 66, "N_inlier": 63, "refit": true}
{"timestamp": "12:13:42.659437", "frame": 133, "mu": [1.4252865147287759, 3.5190180250538767, 0.9817809626841083], "Sigma": [[0.02006598814691337, -0.01989063953783375, 0.0010899080719193987], [-0.019890639537833755, 0.033726359765255676, -0.01907397348039539], [0.0010899080719193987, -0.01907397348039539, 0.029163225422878705]], "chi2_level": 0.99, "chi2_df": 3, "chi2_threshold": 11.344866730144373, "N_raw": 49, "N_roi": 49, "N_inlier": 49, "refit": true}
{"timestamp": "12:13:42.715014", "frame": 134, "mu": [1.4268280055564067, 3.4157581724501553, 1.0882530514534814], "Sigma": [[0.020459174746647983, -0.01669681454267096, -0.016054962946156215], [-0.01669681454267096, 0.019559174127656093, 0.0129354298478686], [-0.016054962946156215, 0.0129354298478686, 0.014332387459602311]], "chi2_level": 0.99, "chi2_df": 3, "chi2_threshold": 11.344866730144373, "N_raw": 52, "N_roi": 52, "N_inlier": 50, "refit": true}
{"timestamp": "12:13:42.770735", "frame": 135, "mu": [1.3249911510230792, 3.4758846621947943, 1.1453174866867222], "Sigma": [[0.020594675139296227, -0.012452510041626733, -0.010658614571335252], [-0.012452510041626733, 0.012344968628168959, 0.0039710232685322795], [-0.010658614571335254, 0.0039710232685322795, 0.009267932105596647]], "chi2_level": 0.99, "chi2_df": 3, "chi2_threshold": 11.344866730144373, "N_raw": 55, "N_roi": 55, "N_inlier": 52, "refit": true}
{"timestamp": "12:13:42.830381", "frame": 136, "mu": [1.293050503710998, 3.497920340126376, 1.086467235930335], "Sigma": [[0.021766348056914624, -0.012779031442815069, -0.019833680786407723], [-0.012779031442815069, 0.013175736267935655, 0.006217884623641064], [-0.019833680786407723, 0.006217884623641064, 0.027874407561557946]], "chi2_level": 0.99, "chi2_df": 3, "chi2_threshold": 11.344866730144373, "N_raw": 64, "N_roi": 64, "N_inlier": 63, "refit": true}
{"timestamp": "12:13:42.877402", "frame": 137, "mu": [1.1261277355906962, 3.5946814700644083, 1.2130248587034347], "Sigma": [[0.020807271831545272, -0.01975489243314337, -0.013965692031647766], [-0.01975489243314337, 0.023222450951329115, 0.007716150875983689], [-0.013965692031647766, 0.007716150875983689, 0.04282617437571905]], "chi2_level": 0.99, "chi2_df": 3, "chi2_threshold": 11.344866730144373, "N_raw": 29, "N_roi": 29, "N_inlier": 27, "refit": true}
{"timestamp": "12:13:42.932858", "frame": 138, "mu": [1.0110352536475231, 3.6404464000749313, 1.2962167002800906], "Sigma": [[0.01481350895228047, -0.005510981194679579, -0.012891153352090137], [-0.005510981194679579, 0.004145669958779597, 0.0026086376328886517], [-0.012891153352090137, 0.0026086376328886517, 0.016407277845557594]], "chi2_level": 0.99, "chi2_df": 3, "chi2_threshold": 11.344866730144373, "N_raw": 38, "N_roi": 38, "N_inlier": 34, "refit": true}
