{"timestamp": "16:38:25.423338", "frame": 19, "mu": [-2.0370772656270995, 4.891826716610918, 0.7646015246894203], "Sigma": [[0.0033543391895324006, 0.0025529263565583125, -0.015634536748938492], [0.0025529263565583125, 0.002483530158690306, -0.011682822267405302], [-0.015634536748938492, -0.011682822267405303, 0.07554800584384491]], "chi2_level": 0.997, "chi2_df": 3, "chi2_threshold": 13.931422665512084, "N_raw": 5, "N_roi": 5, "N_inlier": 5, "refit": true}
{"timestamp": "16:38:25.480273", "frame": 20, "mu": [-2.0733573695843477, 4.840101237479063, 0.756944867647151], "Sigma": [[0.0026805628659147484, 0.000579955663641491, -0.004131960633173633], [0.0005799556636414911, 0.0013488683546106584, -0.008624646077500235], [-0.004131960633173633, -0.008624646077500235, 0.0711164488824459]], "chi2_level": 0.997, "chi2_df": 3, "chi2_threshold": 13.931422665512084, "N_raw": 8, "N_roi": 8, "N_inlier": 8, "refit": true}
{"timestamp": "16:38:25.538899", "frame": 21, "mu": [-2.07099250369889, 4.915673794169806, 0.024654211560093224], "Sigma": [[0.014891872364034357, 0.003350971625051453, -0.005740288184397126], [0.003350971625051453, 0.002629181519743739, -0.003858235666490935], [-0.005740288184397126, -0.003858235666490935, 0.007142661843410259]], "chi2_level": 0.997, "chi2_df": 3, "chi2_threshold": 13.931422665512084, "N_raw": 38, "N_roi": 15, "N_inlier": 15, "refit": true}
{"timestamp": "16:38:25.590643", "frame": 22, "mu": [-2.022714795703757, 4.74187335694559, 0.7462159965162862], "Sigma": [[0.015585615803316027, -0.00029817404519576305, 0.014963637125494665], [-0.00029817404519576283, 0.0006561034444705214, 0.0008819347397169137], [0.014963637125494665, 0.0008819347397169137, 0.018429503663118126]], "chi2_level": 0.997, "chi2_df": 3, "chi2_threshold": 13.931422665512084, "N_raw": 6, "N_roi": 5, "N_inlier": 5, "refit": true}
{"timestamp": "16:38:25.649094", "frame": 23, "mu": [-1.9218870752059976, 4.709403692442318, 0.6241906510169681], "Sigma": [[0.01726093874585504, 0.002803829539172187, -0.01155656164608785], [0.002803829539172187, 0.0020882260895145454, -0.007647211773835246], [-0.011556561646087852, -0.007647211773835245, 0.03746835763747634]], "chi2_level": 0.997, "chi2_df": 3, "chi2_threshold": 13.931422665512084, "N_raw": 22, "N_roi": 22, "N_inlier": 20, "refit": true}
{"timestamp": "16:38:25.703628", "frame": 24, "mu": [-2.024580303217961, 4.607217072212708, 0.8992152314729853], "Sigma": [[0.011322892608887572, 0.002808660511942262, -0.008270047951301021], [0.002808660511942262, 0.0014155430781655053, -0.006506987477816806], [-0.008270047951301021, -0.006506987477816806, 0.06454013198810987]], "chi2_level": 0.997, "chi2_df": 3, "chi2_threshold": 13.931422665512084, "N_raw": 20, "N_roi": 20, "N_inlier": 20, "refit": true}
{"timestamp": "16:38:25.762333", "frame": 25, "mu": [-1.9992451628372492, 4.550242715897288, 0.8878012971405943], "Sigma": [[0.02450335151454732, 0.006147140929480547, -0.01002428715120295], [0.006147140929480547, 0.002726570627820741, -0.007748790682139332], [-0.01002428715120295, -0.007748790682139332, 0.04285074227298628]], "chi2_level": 0.997, "chi2_df": 3, "chi2_threshold": 13.931422665512084, "N_raw": 43, "N_roi": 41, "N_inlier": 41, "refit": true}
{"timestamp": "16:38:25.813460", "frame": 26, "mu": [-1.9894124712758914, 4.530444998387264, 0.8072659890731098], "Sigma": [[0.010942806890834598, 0.003989237329299605, -0.004294344243524961], [0.003989237329299604, 0.0024885129369904505, -0.006442813132266229], [-0.004294344243524961, -0.00644281313226623, 0.0334950840097086]], "chi2_level": 0.997, "chi2_df": 3, "chi2_threshold": 13.931422665512084, "N_raw": 16, "N_roi": 16, "N_inlier": 16, "refit": true}
{"timestamp": "16:38:25.874944", "frame": 27, "mu": [-1.9280103907008825, 4.492360588208668, 0.9587298841112831], "Sigma": [[0.03638921847529301, 0.011606663837477826, -0.01652961928797831], [0.011606663837477826, 0.00709373687707102, -0.01324826350875093], [-0.016529619287978307, -0.01324826350875093, 0.03846874727940856]], "chi2_level": 0.997, "chi2_df": 3, "chi2_threshold": 13.931422665512084, "N_raw": 63, "N_roi": 63, "N_inlier": 63, "refit": true}
{"timestamp": "16:38:25.921327", "frame": 28, "mu": [-1.9781903156046283, 4.380026718569759, 0.7144161583698725], "Sigma": [[0.007630199938921937, -0.001283547417439357, 0.022944618557663474], [-0.0012835474174393573, 0.0012487846083389217, -0.001972130231942949], [0.022944618557663474, -0.001972130231942949, 0.09749454074092176]], "chi2_level": 0.997, "chi2_df": 3, "chi2_threshold": 13.931422665512084, "N_raw": 7, "N_roi": 7, "N_inlier": 7, "refit": true}
{"timestamp": "16:38:25.981434", "frame": 29, "mu": [-1.9935671316136125, 4.605073521481707, -0.5810973453391747], "Sigma": [[0.030653602448609478, 0.011108053875370137, -0.01031234725001354], [0.011108053875370137, 0.0065838852973191175, -0.008668536441395874], [-0.01031234725001354, -0.008668536441395874, 0.016445567109767044]], "chi2_level": 0.997, "chi2_df": 3, "chi2_threshold": 13.931422665512084, "N_raw": 42, "N_roi": 42, "N_inlier": 40, "refit": true}
{"timestamp": "16:38:26.036236", "frame": 30, "mu": [-1.951859197261853, 4.30544793186131, 0.8873592336604939], "Sigma": [[0.022937082890458586, 0.006468509517729432, -0.005895255177913747], [0.006468509517729431, 0.002471640267732905, -0.004714000345668809], [-0.005895255177913747, -0.004714000345668808, 0.04487349980761034]], "chi2_level": 0.997, "chi2_df": 3, "chi2_threshold": 13.931422665512084, "N_raw": 37, "N_roi": 37, "N_inlier": 36, "refit": true}
{"timestamp": "16:38:26.093555", "frame": 31, "mu": [-1.939332094511043, 4.242099875767905, 0.9349340592261736], "Sigma": [[0.02852899797486594, 0.007743327407466403, -0.013926780767001337], [0.007743327407466403, 0.005525826213925008, -0.009379496693105577], [-0.013926780767001337, -0.009379496693105577, 0.019263306343815935]], "chi2_level": 0.997, "chi2_df": 3, "chi2_threshold": 13.931422665512084, "N_raw": 52, "N_roi": 52, "N_inlier": 51, "refit": true}
{"timestamp": "16:38:26.142669", "frame": 32, "mu": [-2.0348999224483175, 4.147774269448154, 0.871901219878086], "Sigma": [[0.003336841470532999, 0.00033528964260009863, 0.0003182455808962729], [0.0003352896426000987, 0.002214728836703965, -0.01246418170811601], [0.0003182455808962731, -0.012464181708116012, 0.09522850960585]], "chi2_level": 0.997, "chi2_df": 3, "chi2_threshold": 13.931422665512084, "N_raw": 9, "N_roi": 9, "N_inlier": 9, "refit": true}
{"timestamp": "16:38:26.196371", "frame": 33, "mu": [-1.9092110462219873, 4.116584641981333, 0.753149516322554], "Sigma": [[0.004808660906598674, 0.002452355096728591, -0.02127464053190959], [0.0024523550967285907, 0.0021476780399529577, -0.014939921458836863], [-0.021274640531909587, -0.014939921458836863, 0.11627848319875703]], "chi2_level": 0.997, "chi2_df": 3, "chi2_threshold": 13.931422665512084, "N_raw": 6, "N_roi": 6, "N_inlier": 6, "refit": true}
{"timestamp": "16:38:26.252313", "frame": 34, "mu": [-1.8641860323298491, 4.042874529553808, 0.5974296677851554], "Sigma": [[0.019863504956121696, 0.0016867661497962363, -0.032472036400128794], [0.0016867661497962359, 0.0029949202683320973, -0.012385967066032452], [-0.032472036400128794, -0.012385967066032452, 0.0909771803867956]], "chi2_level": 0.997, "chi2_df": 3, "chi2_threshold": 13.931422665512084, "N_raw": 13, "N_roi": 12, "N_inlier": 12, "refit": true}
{"timestamp": "16:38:26.313844", "frame": 35, "mu": [-2.035339031940798, 4.011594472684717, 0.7983463938464719], "Sigma": [[0.03166437152137124, 0.004137520583597752, -0.007805777879209675], [0.004137520583597752, 0.002930429285465852, -0.007506185574190533], [-0.007805777879209674, -0.007506185574190533, 0.028618534393694987]], "chi2_level": 0.997, "chi2_df": 3, "chi2_threshold": 13.931422665512084, "N_raw": 51, "N_roi": 51, "N_inlier": 51, "refit": true}
{"timestamp": "16:38:26.362329", "frame": 36, "mu": [-1.9049804515358946, 3.9236533306039414, 0.5700713836592792], "Sigma": [[0.018000673203687662, -0.0010833786628985764, -0.0001982628969393256], [-0.0010833786628985764, 0.0004951607194924191, -0.0013953021685874437], [-0.00019826289693932603, -0.0013953021685874437, 0.00934979974329045]], "chi2_level": 0.997, "chi2_df": 3, "chi2_threshold": 13.931422665512084, "N_raw": 13, "N_roi": 13, "N_inlier": 13, "refit": true}
{"timestamp": "16:38:26.420164", "frame": 37, "mu": [-1.8716450127920345, 3.891020058112653, 0.5806894942358712], "Sigma": [[0.01756056549016749, 0.0033934654542291083, -0.013009047788112316], [0.0033934654542291083, 0.0029055185140049664, -0.004770168815462896], [-0.013009047788112316, -0.004770168815462896, 0.01440497114480078]], "chi2_level": 0.997, "chi2_df": 3, "chi2_threshold": 13.931422665512084, "N_raw": 34, "N_roi": 34, "N_inlier": 34, "refit": true}
{"timestamp": "16:38:26.474081", "frame": 38, "mu": [-1.87878168855962, 3.8088876433928585, 0.6589652626955684], "Sigma": [[0.016343463935612017, 0.0015365825180424907, -0.024752747557327207], [0.0015365825180424905, 0.0017681797390856583, 0.008581047030543913], [-0.024752747557327207, 0.008581047030543913, 0.1376757973843379]], "chi2_level": 0.997, "chi2_df": 3, "chi2_threshold": 13.931422665512084, "N_raw": 25, "N_roi": 25, "N_inlier": 24, "refit": true}
{"timestamp": "16:38:26.530010", "frame": 39, "mu": [-1.9438388296475315, 3.7121269269808526, 1.0115316302261599], "Sigma": [[0.017204087210734527, 0.005965433175698349, -0.013574331255163361], [0.005965433175698349, 0.003620272499976435, -0.007557032527496608], [-0.013574331255163361, -0.007557032527496608, 0.027086861056522037]], "chi2_level": 0.997, "chi2_df": 3, "chi2_threshold": 13.931422665512084, "N_raw": 35, "N_roi": 35, "N_inlier": 34, "refit": true}
{"timestamp": "16:38:26.586363", "frame": 40, "mu": [-1.9345641054911655, 3.6494988027867445, 0.7333847965391952], "Sigma": [[0.019686585664451875, 0.004879294605987974, -0.013054214413620124], [0.004879294605987974, 0.0034537566798637136, -0.007656407230774227], [-0.013054214413620126, -0.007656407230774227, 0.020625733874462142]], "chi2_level": 0.997, "chi2_df": 3, "chi2_threshold": 13.931422665512084, "N_raw": 43, "N_roi": 43, "N_inlier": 43, "refit": true}
{"timestamp": "16:38:26.640448", "frame": 41, "mu": [-1.8599207920910599, 3.606399120066141, 0.7708380378343411], "Sigma": [[0.018457841638082565, 0.004274279890612775, -0.011951895310207992], [0.004274279890612775, 0.0018581288764980026, -0.005945927882615098], [-0.011951895310207992, -0.005945927882615098, 0.03233888580820565]], "chi2_level": 0.997, "chi2_df": 3, "chi2_threshold": 13.931422665512084, "N_raw": 35, "N_roi": 35, "N_inlier": 34, "refit": true}
{"timestamp": "16:38:26.693676", "frame": 42, "mu": [-1.9132281941247986, 3.568793120151555, 0.691805483299922], "Sigma": [[0.03995698333147933, 0.0007334033951289293, -0.004158327546191663], [0.0007334033951289295, 0.000527898886127314, -0.0020413669577104333], [-0.004158327546191663, -0.002041366957710433, 0.029790483168487706]], "chi2_level": 0.997, "chi2_df": 3, "chi2_threshold": 13.931422665512084, "N_raw": 8, "N_roi": 6, "N_inlier": 6, "refit": true}
{"timestamp": "16:38:26.750859", "frame": 43, "mu": [-1.8390649383997584, 3.512855608753519, 0.7036408589042336], "Sigma": [[0.02292303464360228, 0.003962133865249448, -0.015044827432438212], [0.003962133865249448, 0.0021262052734318704, -0.005473377056405021], [-0.015044827432438209, -0.005473377056405021, 0.022272912050883435]], "chi2_level": 0.997, "chi2_df": 3, "chi2_threshold": 13.931422665512084, "N_raw": 42, "N_roi": 41, "N_inlier": 40, "refit": true}
{"timestamp": "16:38:26.808506", "frame": 44, "mu": [-1.9085500235969948, 3.4008160046124414, 0.8129011819704283], "Sigma": [[0.017147122687245112, 0.004200468515509061, -0.008929910491907424], [0.004200468515509062, 0.002223764657852476, -0.006790672894733457], [-0.008929910491907424, -0.006790672894733457, 0.05153748059934377]], "chi2_level": 0.997, "chi2_df": 3, "chi2_threshold": 13.931422665512084, "N_raw": 50, "N_roi": 50, "N_inlier": 50, "refit": true}
{"timestamp": "16:38:26.859159", "frame": 45, "mu": [-1.9084880724963087, 3.3361510850858793, 0.5078004668884157], "Sigma": [[0.021411465420856347, 0.0033062396506492245, 0.0006630905429890072], [0.0033062396506492245, 0.002668423601779141, -0.001275571828949293], [0.0006630905429890073, -0.001275571828949293, 0.0018296416281898403]], "chi2_level": 0.997, "chi2_df": 3, "chi2_threshold": 13.931422665512084, "N_raw": 24, "N_roi": 24, "N_inlier": 21, "refit": true}
{"timestamp": "16:38:26.914762", "frame": 46, "mu": [-1.8360425947038752, 3.327821819395463, 0.8393851873909933], "Sigma": [[0.015587316276227723, 0.004695430292644034, -0.009097833898246008], [0.0046954302926440344, 0.002584615416169115, -0.005464502042569688], [-0.009097833898246008, -0.005464502042569687, 0.025493459706949842]], "chi2_level": 0.997, "chi2_df": 3, "chi2_threshold": 13.931422665512084, "N_raw": 34, "N_roi": 34, "N_inlier": 34, "refit": true}
{"timestamp": "16:38:26.970767", "frame": 47, "mu": [-1.8573175475184642, 3.241813885302608, 0.7485695948908786], "Sigma": [[0.020008171208773774, 0.004642135842099297, 0.0033515551661378908], [0.004642135842099297, 0.0020803998664298794, -0.001610065970081289], [0.0033515551661378908, -0.0016100659700812895, 0.01901385639091896]], "chi2_level": 0.997, "chi2_df": 3, "chi2_threshold": 13.931422665512084, "N_raw": 42, "N_roi": 42, "N_inlier": 41, "refit": true}
{"timestamp": "16:38:27.024835", "frame": 48, "mu": [-1.868310751334596, 3.145931494146325, 0.5898157119571973], "Sigma": [[0.007702598773764178, 0.002577743546536909, -0.0030434880773019648], [0.0025777435465369094, 0.0014999298497214964, -0.0036098105275281477], [-0.0030434880773019648, -0.0036098105275281477, 0.02635859429698188]], "chi2_level": 0.997, "chi2_df": 3, "chi2_threshold": 13.931422665512084, "N_raw": 24, "N_roi": 24, "N_inlier": 23, "refit": true}
{"timestamp": "16:38:27.080770", "frame": 49, "mu": [-1.8924378771763941, 3.080907574152837, 0.5869556857161494], "Sigma": [[0.011641987069961826, 0.0027520021249298806, 0.0011767199706671533], [0.0027520021249298806, 0.002138628804112915, -0.003283768490053714], [0.0011767199706671529, -0.003283768490053714, 0.03672383645880996]], "chi2_level": 0.997, "chi2_df": 3, "chi2_threshold": 13.931422665512084, "N_raw": 33, "N_roi": 33, "N_inlier": 33, "refit": true}
{"timestamp": "16:38:27.136008", "frame": 50, "mu": [-1.8106612732981069, 3.043974996318044, 0.7706621140861829], "Sigma": [[0.01018154056976456, 0.0037564487554150104, 0.001958720551233361], [0.00375644875541501, 0.002016301918851293, -0.00028450127330081323], [0.0019587205512333616, -0.000284501273300813, 0.03710535766167218]], "chi2_level": 0.997, "chi2_df": 3, "chi2_threshold": 13.931422665512084, "N_raw": 37, "N_roi": 37, "N_inlier": 36, "refit": true}
{"timestamp": "16:38:27.188963", "frame": 51, "mu": [-1.8649726157509061, 2.9652710705790666, 0.9113729701787076], "Sigma": [[0.007909705463993645, 0.0015921649186113407, -0.0035570525849413412], [0.0015921649186113407, 0.00183351817869388, -0.004307354237057477], [-0.0035570525849413412, -0.004307354237057477, 0.01554355115213012]], "chi2_level": 0.997, "chi2_df": 3, "chi2_threshold": 13.931422665512084, "N_raw": 28, "N_roi": 28, "N_inlier": 27, "refit": true}
{"timestamp": "16:38:27.245237", "frame": 52, "mu": [-1.8157204394854665, 2.8731896179522436, 0.9482648407835754], "Sigma": [[0.008506632657397966, 0.004352711522019413, -0.016516294750890323], [0.004352711522019413, 0.0038193498584541854, -0.012179915943571023], [-0.016516294750890323, -0.012179915943571023, 0.04714673983989062]], "chi2_level": 0.997, "chi2_df": 3, "chi2_threshold": 13.931422665512084, "N_raw": 29, "N_roi": 29, "N_inlier": 28, "refit": true}
{"timestamp": "16:38:27.300898", "frame": 53, "mu": [-1.8194169153331075, 2.8274412887443585, 0.8606655897490489], "Sigma": [[0.01797897091958476, 0.003643655082744884, -0.005221172465974904], [0.0036436550827448834, 0.001696349186673606, -0.004714206793617103], [-0.005221172465974904, -0.004714206793617103, 0.02098422375399494]], "chi2_level": 0.997, "chi2_df": 3, "chi2_threshold": 13.931422665512084, "N_raw": 35, "N_roi": 35, "N_inlier": 33, "refit": true}
{"timestamp": "16:38:27.356433", "frame": 54, "mu": [-1.8129044973111836, 2.954445896475015, -0.37598744822594315], "Sigma": [[0.012017720017423674, 0.006860078131673372, -0.02101459463628339], [0.006860078131673372, 0.007750024401270614, -0.022560147975332248], [-0.02101459463628339, -0.022560147975332255, 0.07524131234035064]], "chi2_level": 0.997, "chi2_df": 3, "chi2_threshold": 13.931422665512084, "N_raw": 39, "N_roi": 39, "N_inlier": 37, "refit": true}
{"timestamp": "16:38:27.412751", "frame": 55, "mu": [-1.8740833958762373, 2.648130016874924, 1.120731026293637], "Sigma": [[0.012955467566862599, 0.00587692439059576, -0.01210194292976176], [0.00587692439059576, 0.005639878061897839, -0.010715239666714775], [-0.01210194292976176, -0.010715239666714773, 0.023872564426484177]], "chi2_level": 0.997, "chi2_df": 3, "chi2_threshold": 13.931422665512084, "N_raw": 45, "N_roi": 45, "N_inlier": 44, "refit": true}
{"timestamp": "16:38:27.469426", "frame": 56, "mu": [-1.9063423222027214, 2.56379331157605, 1.1326010210205577], "Sigma": [[0.01728893909299974, 0.006528659180128197, -0.010738065778233614], [0.006528659180128198, 0.006438775078583636, -0.009503041616789337], [-0.010738065778233614, -0.009503041616789335, 0.01679699744499181]], "chi2_level": 0.997, "chi2_df": 3, "chi2_threshold": 13.931422665512084, "N_raw": 59, "N_roi": 59, "N_inlier": 56, "refit": true}
{"timestamp": "16:38:27.519057", "frame": 57, "mu": [-1.8453213489150901, 2.51051311145052, 0.9638591482532152], "Sigma": [[0.008529720189895501, 0.004873148386515675, -0.012407036052241848], [0.004873148386515676, 0.004909320525918163, -0.012298141754735436], [-0.012407036052241848, -0.012298141754735436, 0.03662702503897259]], "chi2_level": 0.997, "chi2_df": 3, "chi2_threshold": 13.931422665512084, "N_raw": 25, "N_roi": 25, "N_inlier": 25, "refit": true}
{"timestamp": "16:38:27.573530", "frame": 58, "mu": [-1.8124251596467351, 2.4312490173773798, 0.7565272609580616], "Sigma": [[0.01096541640371851, 0.003968857276348375, -0.012850530111574028], [0.003968857276348376, 0.003453459184747468, -0.004701220003592264], [-0.01285053011157403, -0.004701220003592264, 0.06758498536503231]], "chi2_level": 0.997, "chi2_df": 3, "chi2_threshold": 13.931422665512084, "N_raw": 27, "N_roi": 27, "N_inlier": 25, "refit": true}
{"timestamp": "16:38:27.633486", "frame": 59, "mu": [-1.8521246978319161, 2.354837812595252, 1.00391395273213], "Sigma": [[0.010201789899664896, 0.0053116535030717435, -0.015057152282352554], [0.0053116535030717435, 0.005492248484803866, -0.015620428693233606], [-0.015057152282352554, -0.015620428693233606, 0.05830172198009157]], "chi2_level": 0.997, "chi2_df": 3, "chi2_threshold": 13.931422665512084, "N_raw": 52, "N_roi": 52, "N_inlier": 50, "refit": true}
{"timestamp": "16:38:27.685047", "frame": 60, "mu": [-1.8468500416613203, 2.276575358968087, 1.1241747459436682], "Sigma": [[0.01477875625511391, 0.003721016751518952, 0.006376372583608916], [0.0037210167515189527, 0.004293866800400406, -0.00511185746575895], [0.006376372583608916, -0.0051118574657589505, 0.026811141547850352]], "chi2_level": 0.997, "chi2_df": 3, "chi2_threshold": 13.931422665512084, "N_raw": 32, "N_roi": 32, "N_inlier": 30, "refit": true}
{"timestamp": "16:38:27.735845", "frame": 61, "mu": [-1.8071344975333308, 2.2497834033417377, 0.9900490348671115], "Sigma": [[0.004101732828749886, -0.0011366719787260083, 0.008111530487457278], [-0.0011366719787260083, 0.0009401680977757597, -0.0031778065947264986], [0.008111530487457278, -0.0031778065947264986, 0.02635587961855604]], "chi2_level": 0.997, "chi2_df": 3, "chi2_threshold": 13.931422665512084, "N_raw": 6, "N_roi": 6, "N_inlier": 6, "refit": true}
{"timestamp": "16:38:27.792229", "frame": 62, "mu": [-1.7363430289024615, 1.9287078536017812, 1.174713126932294], "Sigma": [[0.26183118099771047, -0.2045167441494996, 0.06710010358329241], [-0.2045167441494996, 0.22772629561664398, -0.13658684220996273], [0.06710010358329241, -0.1365868422099627, 0.14167239525249578]], "chi2_level": 0.997, "chi2_df": 3, "chi2_threshold": 13.931422665512084, "N_raw": 9, "N_roi": 9, "N_inlier": 9, "refit": true}
{"timestamp": "16:38:27.850816", "frame": 63, "mu": [-2.1770260047896546, 1.7680608600787833, 1.4721744284671487], "Sigma": [[0.06343171072070045, 0.051974636183498055, -0.06961091174231171], [0.05197463618349806, 0.05115247340371877, -0.06916148436287799], [-0.06961091174231171, -0.06916148436287797, 0.09724135885332147]], "chi2_level": 0.997, "chi2_df": 3, "chi2_threshold": 13.931422665512084, "N_raw": 37, "N_roi": 37, "N_inlier": 36, "refit": true}
{"timestamp": "16:38:27.907632", "frame": 64, "mu": [-2.0524272810229904, 1.7820434778735017, 1.4333573842009564], "Sigma": [[0.0635869476011135, 0.043749158036199755, -0.05826028018154398], [0.043749158036199755, 0.03740391951186679, -0.04865636341055528], [-0.05826028018154398, -0.04865636341055528, 0.07214846801521904]], "chi2_level": 0.997, "chi2_df": 3, "chi2_threshold": 13.931422665512084, "N_raw": 48, "N_roi": 48, "N_inlier": 47, "refit": true}
{"timestamp": "16:38:27.960588", "frame": 65, "mu": [-2.124328802821282, 1.6398398008848165, 1.4769629137772284], "Sigma": [[0.033714813358939215, 0.026531932763913656, -0.031339515647172966], [0.026531932763913656, 0.02824563040129532, -0.028831290079030847], [-0.03133951564717297, -0.028831290079030847, 0.054570283246184334]], "chi2_level": 0.997, "chi2_df": 3, "chi2_threshold": 13.931422665512084, "N_raw": 31, "N_roi": 31, "N_inlier": 29, "refit": true}
{"timestamp": "16:38:28.014656", "frame": 66, "mu": [-1.9954758174319633, 1.6084105447555241, 1.362817697078956], "Sigma": [[0.02504355470795886, 0.015467457419729049, -0.030358283090106394], [0.015467457419729049, 0.01917473084746536, -0.02373689402619076], [-0.03035828309010639, -0.02373689402619076, 0.051300791754566824]], "chi2_level": 0.997, "chi2_df": 3, "chi2_threshold": 13.931422665512084, "N_raw": 25, "N_roi": 24, "N_inlier": 23, "refit": true}
{"timestamp": "16:38:28.071296", "frame": 67, "mu": [-2.0433276832821434, 1.5577868111630409, 1.4293394867666616], "Sigma": [[0.015814745122473703, 0.009603504174882236, -0.014839463049689004], [0.009603504174882238, 0.012015165247113926, -0.011290931546751799], [-0.014839463049689004, -0.011290931546751799, 0.018715605054070314]], "chi2_level": 0.997, "chi2_df": 3, "chi2_threshold": 13.931422665512084, "N_raw": 42, "N_roi": 42, "N_inlier": 40, "refit": true}
{"timestamp": "16:38:28.131073", "frame": 68, "mu": [-1.9110821137742953, 1.6649291489108817, -0.45138533228655975], "Sigma": [[0.014406818708258438, 0.01684952964201797, 0.0010774872749929572], [0.01684952964201797, 0.05270430697202881, 0.017571830357170613], [0.0010774872749929575, 0.017571830357170613, 0.022382009750487895]], "chi2_level": 0.997, "chi2_df": 3, "chi2_threshold": 13.931422665512084, "N_raw": 69, "N_roi": 69, "N_inlier": 68, "refit": true}
{"timestamp": "16:38:28.184398", "frame": 69, "mu": [-1.8155099365038356, 1.53526473818897, 1.1155669385174947], "Sigma": [[0.021140597205913617, 0.015111587386853559, -0.013229244294823387], [0.015111587386853559, 0.016238249790648147, -0.011031684507121942], [-0.013229244294823387, -0.011031684507121942, 0.009348073856796223]], "chi2_level": 0.997, "chi2_df": 3, "chi2_threshold": 13.931422665512084, "N_raw": 54, "N_roi": 54, "N_inlier": 52, "refit": true}
{"timestamp": "16:38:28.239278", "frame": 70, "mu": [-1.9939927191367413, 1.3479548793595504, 1.2823453726680907], "Sigma": [[0.011401367784016759, 0.010275432763082161, -0.007153975591010356], [0.010275432763082161, 0.018113407282475347, -0.012238599592305532], [-0.007153975591010356, -0.012238599592305534, 0.01487337058955362]], "chi2_level": 0.997, "chi2_df": 3, "chi2_threshold": 13.931422665512084, "N_raw": 54, "N_roi": 54, "N_inlier": 52, "refit": true}
{"timestamp": "16:38:28.296267", "frame": 71, "mu": [-1.8794927534604207, 1.4091570293523874, 1.1575752031829873], "Sigma": [[0.015592707570841859, 0.013117190042235116, -0.018428043081309162], [0.013117190042235116, 0.014947235700716056, -0.019435738322834486], [-0.018428043081309162, -0.01943573832283449, 0.04050006846436943]], "chi2_level": 0.997, "chi2_df": 3, "chi2_threshold": 13.931422665512084, "N_raw": 66, "N_roi": 66, "N_inlier": 66, "refit": true}
{"timestamp": "16:38:28.348330", "frame": 72, "mu": [-1.9904146022002158, 1.1884853018588968, 1.3005033668202208], "Sigma": [[0.008746020665721657, 0.006311499583792339, -0.00684118726474333], [0.00631149958379234, 0.017122380993129505, -0.013354590331648014], [-0.006841187264743331, -0.013354590331648016, 0.014516410487055605]], "chi2_level": 0.997, "chi2_df": 3, "chi2_threshold": 13.931422665512084, "N_raw": 57, "N_roi": 57, "N_inlier": 56, "refit": true}
{"timestamp": "16:38:28.404979", "frame": 73, "mu": [-1.9597429924306429, 1.2487929011442256, 1.0672583753931582], "Sigma": [[0.021084858741646277, 0.011104359119033161, 0.006082726224648971], [0.011104359119033163, 0.016346182749493267, -0.013723190107950806], [0.006082726224648971, -0.013723190107950804, 0.03657419838509822]], "chi2_level": 0.997, "chi2_df": 3, "chi2_threshold": 13.931422665512084, "N_raw": 69, "N_roi": 69, "N_inlier": 69, "refit": true}
{"timestamp": "16:38:28.458299", "frame": 74, "mu": [-1.964084135798054, 1.326153484650924, -0.6494047127426363], "Sigma": [[0.024660073326951124, 0.009368786797948734, 0.01753396264185226], [0.009368786797948734, 0.02538536409609949, 0.00926024457877524], [0.01753396264185226, 0.00926024457877524, 0.022342361867148327]], "chi2_level": 0.997, "chi2_df": 3, "chi2_threshold": 13.931422665512084, "N_raw": 51, "N_roi": 51, "N_inlier": 51, "refit": true}
{"timestamp": "16:38:28.522942", "frame": 75, "mu": [-1.963235046666413, 1.0307218657914174, 1.0884072873404422], "Sigma": [[0.03186917107464829, 0.016978796803077567, 0.013690909876179377], [0.016978796803077567, 0.021383295586483976, -0.00968966107679466], [0.013690909876179377, -0.00968966107679466, 0.03606174086108328]], "chi2_level": 0.997, "chi2_df": 3, "chi2_threshold": 13.931422665512084, "N_raw": 121, "N_roi": 121, "N_inlier": 120, "refit": true}
{"timestamp": "16:38:28.570691", "frame": 76, "mu": [-1.864211143675307, 1.026507857716157, 1.1636667125428424], "Sigma": [[0.00693110500241941, 0.005473216503218668, 0.0006786350993635143], [0.005473216503218668, 0.010309774617136272, -0.007439855428089299], [0.0006786350993635147, -0.007439855428089299, 0.025738775162687376]], "chi2_level": 0.997, "chi2_df": 3, "chi2_threshold": 13.931422665512084, "N_raw": 61, "N_roi": 61, "N_inlier": 61, "refit": true}
{"timestamp": "16:38:28.623395", "frame": 77, "mu": [-1.8218714410517352, 0.9596512475072997, 1.239223675192246], "Sigma": [[0.0073327808654839585, 0.002647058986971153, -0.0027212274117044757], [0.002647058986971153, 0.011703447539015626, -0.005663152695146591], [-0.0027212274117044757, -0.005663152695146591, 0.004888683976155919]], "chi2_level": 0.997, "chi2_df": 3, "chi2_threshold": 13.931422665512084, "N_raw": 52, "N_roi": 52, "N_inlier": 51, "refit": true}
{"timestamp": "16:38:28.679865", "frame": 78, "mu": [-1.7933373722412749, 0.9399259986931272, 1.1061420827897168], "Sigma": [[0.012321593748567705, 0.006679445068842769, -0.0025890804215058364], [0.006679445068842769, 0.009610198488416882, -0.006099552588030454], [-0.0025890804215058364, -0.006099552588030454, 0.00722219286444442]], "chi2_level": 0.997, "chi2_df": 3, "chi2_threshold": 13.931422665512084, "N_raw": 63, "N_roi": 63, "N_inlier": 63, "refit": true}
{"timestamp": "16:38:28.732322", "frame": 79, "mu": [-1.8117307928431234, 0.8409922323588755, 1.1829703218554288], "Sigma": [[0.006988781228076796, 0.004847785530558878, -0.00035564355920381227], [0.004847785530558878, 0.006553991386746018, -0.0040175400857500945], [-0.000355643559203812, -0.0040175400857500945, 0.0219324826288898]], "chi2_level": 0.997, "chi2_df": 3, "chi2_threshold": 13.931422665512084, "N_raw": 50, "N_roi": 50, "N_inlier": 50, "refit": true}
{"timestamp": "16:38:28.784436", "frame": 80, "mu": [-1.8303848126116016, 0.6963914064883924, 0.9484173292763411], "Sigma": [[0.0058706278733940175, 0.007656966280788716, -0.0012394640189971645], [0.007656966280788716, 0.010949000614336374, -0.0005633188190429802], [-0.0012394640189971645, -0.0005633188190429803, 0.008343043748714134]], "chi2_level": 0.997, "chi2_df": 3, "chi2_threshold": 13.931422665512084, "N_raw": 28, "N_roi": 28, "N_inlier": 28, "refit": true}
{"timestamp": "16:38:28.844014", "frame": 81, "mu": [-1.758701665878456, 0.7145631899854369, 1.0938093336544774], "Sigma": [[0.006912083651444137, 0.0075614305766076514, 0.006185836969610937], [0.007561430576607652, 0.009942132080786335, 0.004291612939509489], [0.006185836969610937, 0.004291612939509489, 0.036143332245257107]], "chi2_level": 0.997, "chi2_df": 3, "chi2_threshold": 13.931422665512084, "N_raw": 62, "N_roi": 62, "N_inlier": 62, "refit": true}
{"timestamp": "16:38:28.896911", "frame": 82, "mu": [-1.7017647453310878, 0.6973206466922791, 1.2828128597846526], "Sigma": [[0.004770889966151163, 0.0040674573094139875, -0.0008989618776206685], [0.0040674573094139875, 0.007341022735518959, -0.0060827843759307465], [-0.0008989618776206684, -0.006082784375930746, 0.011145132794366608]], "chi2_level": 0.997, "chi2_df": 3, "chi2_threshold": 13.931422665512084, "N_raw": 40, "N_roi": 40, "N_inlier": 39, "refit": true}
{"timestamp": "16:38:28.950895", "frame": 83, "mu": [-1.694482114356395, 0.6018081617271209, 1.1481696557811707], "Sigma": [[0.00978376248119054, 0.007671393721693278, 0.005789745587831968], [0.007671393721693277, 0.013526862458367173, 0.012757506880380957], [0.005789745587831966, 0.012757506880380957, 0.03983512750513821]], "chi2_level": 0.997, "chi2_df": 3, "chi2_threshold": 13.931422665512084, "N_raw": 43, "N_roi": 43, "N_inlier": 42, "refit": true}
{"timestamp": "16:38:29.006997", "frame": 84, "mu": [-1.6309490297985951, 0.46031773486892996, 1.0620529774831717], "Sigma": [[0.007224151757521194, 0.002853342597748899, -0.0033793611116748976], [0.002853342597748899, 0.0059495268903238694, -0.005445450697982161], [-0.0033793611116748976, -0.005445450697982161, 0.008090055798578225]], "chi2_level": 0.997, "chi2_df": 3, "chi2_threshold": 13.931422665512084, "N_raw": 46, "N_roi": 46, "N_inlier": 45, "refit": true}
{"timestamp": "16:38:29.062923", "frame": 85, "mu": [-1.6927864274061282, 0.5538279648807369, 1.1937123522217103], "Sigma": [[0.01231664887642823, 0.0014330094201325553, -0.005204706363795508], [0.0014330094201325553, 0.008235624637918765, -0.005950009590512045], [-0.005204706363795508, -0.005950009590512045, 0.006701142723875335]], "chi2_level": 0.997, "chi2_df": 3, "chi2_threshold": 13.931422665512084, "N_raw": 57, "N_roi": 57, "N_inlier": 55, "refit": true}
{"timestamp": "16:38:29.120270", "frame": 86, "mu": [-1.2827985225056189, 0.5094800312826734, 1.2089112548652], "Sigma": [[1.1346293840886388, -0.042195520340667265, 0.026926572948342317], [-0.042195520340667265, 0.009216675258556926, -0.005235103489150418], [0.026926572948342317, -0.005235103489150418, 0.004109941167782395]], "chi2_level": 0.997, "chi2_df": 3, "chi2_threshold": 13.931422665512084, "N_raw": 58, "N_roi": 58, "N_inlier": 57, "refit": true}
{"timestamp": "16:38:29.174393", "frame": 87, "mu": [-1.1068149127248375, 0.46206975455171445, 1.1403060907703968], "Sigma": [[1.590342383819596, -0.0367862764717207, 0.04422823854179671], [-0.0367862764717207, 0.008996833206806198, -0.004032733571583003], [0.04422823854179671, -0.004032733571583003, 0.006320924113341892]], "chi2_level": 0.997, "chi2_df": 3, "chi2_threshold": 13.931422665512084, "N_raw": 59, "N_roi": 59, "N_inlier": 58, "refit": true}
{"timestamp": "16:38:29.228435", "frame": 88, "mu": [-0.9828802593057276, 0.42428608022436526, 1.1647772038800897], "Sigma": [[1.7318732082788155, -0.004888798348572879, 0.044127036818789864], [-0.004888798348572877, 0.003694034844384066, -0.0033615603511143663], [0.04412703681878987, -0.0033615603511143663, 0.006413921693128033]], "chi2_level": 0.997, "chi2_df": 3, "chi2_threshold": 13.931422665512084, "N_raw": 54, "N_roi": 54, "N_inlier": 54, "refit": true}
{"timestamp": "16:38:29.277430", "frame": 89, "mu": [0.1805968208438982, 0.34304954809434623, 0.8479934983033756], "Sigma": [[2.6313522965184415, 0.0921903424329151, -0.030333807933256303], [0.0921903424329151, 0.014904761504401218, 0.006795036864415169], [-0.030333807933256296, 0.00679503686441517, 0.012930290138291651]], "chi2_level": 0.997, "chi2_df": 3, "chi2_threshold": 13.931422665512084, "N_raw": 13, "N_roi": 13, "N_inlier": 13, "refit": true}
{"timestamp": "16:38:29.330731", "frame": 90, "mu": [0.22762646862946656, 0.43385119320393306, 1.1651063671134427], "Sigma": [[2.3870274310732302, -0.0012500282816186089, 0.08800804383873331], [-0.0012500282816186098, 0.0001493145574848795, -0.00019855662966200696], [0.08800804383873331, -0.00019855662966200698, 0.004060583756124696]], "chi2_level": 0.997, "chi2_df": 3, "chi2_threshold": 13.931422665512084, "N_raw": 5, "N_roi": 5, "N_inlier": 5, "refit": true}
{"timestamp": "16:38:29.550115", "frame": 94, "mu": [1.5639794110638046, 0.3461287625803643, 0.8353307024356071], "Sigma": [[0.0011414090794902338, -0.001838478204314887, 0.0009717141282574457], [-0.0018384782043148872, 0.005720795086776803, -0.0013493176196329802], [0.0009717141282574457, -0.0013493176196329804, 0.0033386245142429127]], "chi2_level": 0.997, "chi2_df": 3, "chi2_threshold": 13.931422665512084, "N_raw": 8, "N_roi": 8, "N_inlier": 8, "refit": true}
