{"timestamp": "16:25:11.175254", "frame": 3, "mu": [1.2680866765250043, 0.7428091370698862, 1.029226257897058], "Sigma": [[3.2117778752808954, 0.30204864004091225, -0.02696906910712278], [0.30204864004091225, 0.06590931570228978, -0.0015776104300638995], [-0.02696906910712278, -0.0015776104300638991, 0.00032781153706845797]], "chi2_level": 0.997, "chi2_df": 3, "chi2_threshold": 13.931422665512084, "N_raw": 5, "N_roi": 5, "N_inlier": 5, "refit": true}
{"timestamp": "16:25:11.449998", "frame": 8, "mu": [2.18326508616555, 0.7992019132277748, 1.0130246241318197], "Sigma": [[0.0029912166318191553, 0.004642335530947549, -0.00021486858671100303], [0.004642335530947549, 0.011913660795564059, -0.00039940062776651385], [-0.00021486858671100308, -0.0003994006277665139, 0.000613881306184628]], "chi2_level": 0.997, "chi2_df": 3, "chi2_threshold": 13.931422665512084, "N_raw": 5, "N_roi": 5, "N_inlier": 5, "refit": true}
{"timestamp": "16:25:12.000217", "frame": 18, "mu": [2.220636329421352, 0.6548438532104499, 1.1015690385971177], "Sigma": [[0.0028849660021541467, 0.0004076635645101249, -0.0065659061911040985], [0.0004076635645101249, 0.0007093184534531744, -0.002376499747665014], [-0.0065659061911040985, -0.002376499747665014, 0.028072873476048307]], "chi2_level": 0.997, "chi2_df": 3, "chi2_threshold": 13.931422665512084, "N_raw": 6, "N_roi": 6, "N_inlier": 6, "refit": true}
{"timestamp": "16:25:12.332233", "frame": 24, "mu": [2.1798839228486075, 0.7318137875834796, 1.233030082940779], "Sigma": [[0.002246863694354886, -0.0013015170119080465, -0.0019503960374541774], [-0.001301517011908047, 0.005896445273856224, -0.00025727992053858596], [-0.0019503960374541774, -0.000257279920538586, 0.0025428551958353654]], "chi2_level": 0.997, "chi2_df": 3, "chi2_threshold": 13.931422665512084, "N_raw": 11, "N_roi": 11, "N_inlier": 11, "refit": true}
{"timestamp": "16:25:12.440745", "frame": 26, "mu": [2.137803413516513, 0.9560901381954021, -0.7634174578006089], "Sigma": [[0.0004084748000720926, -0.0017545246661320258, 0.001979720181399921], [-0.0017545246661320258, 0.023938035537930794, -0.02554994143900982], [0.0019797201813999215, -0.02554994143900982, 0.03405924185929047]], "chi2_level": 0.997, "chi2_df": 3, "chi2_threshold": 13.931422665512084, "N_raw": 6, "N_roi": 6, "N_inlier": 6, "refit": true}
{"timestamp": "16:25:12.494938", "frame": 27, "mu": [2.1662821975463373, 0.8414524970030238, -0.6396101895463899], "Sigma": [[0.0020938775150435994, -0.00040097022150264143, -0.00032941478353818224], [-0.00040097022150264143, 0.019453893581270167, -0.010808705313005438], [-0.00032941478353818224, -0.010808705313005438, 0.0063441346846411055]], "chi2_level": 0.997, "chi2_df": 3, "chi2_threshold": 13.931422665512084, "N_raw": 6, "N_roi": 6, "N_inlier": 6, "refit": true}
{"timestamp": "16:25:12.551697", "frame": 28, "mu": [2.1223573603073547, 0.7566892329931018, 1.1760783377785664], "Sigma": [[0.0027695163601795555, -0.0027924185578044143, 0.0018460614723851884], [-0.0027924185578044143, 0.013812362687486675, -0.02008054734186758], [0.0018460614723851878, -0.02008054734186758, 0.03691201778875589]], "chi2_level": 0.997, "chi2_df": 3, "chi2_threshold": 13.931422665512084, "N_raw": 11, "N_roi": 11, "N_inlier": 11, "refit": true}
{"timestamp": "16:25:12.605109", "frame": 29, "mu": [2.042932609821051, 0.781101887659795, 1.0559944385609419], "Sigma": [[0.0007242898941265346, 0.00014683362520969225, -0.0014757082887591948], [0.00014683362520969215, 0.0033190682653199553, -0.007165962703565933], [-0.0014757082887591946, -0.007165962703565933, 0.022570502615402405]], "chi2_level": 0.997, "chi2_df": 3, "chi2_threshold": 13.931422665512084, "N_raw": 5, "N_roi": 5, "N_inlier": 5, "refit": true}
{"timestamp": "16:25:12.717481", "frame": 31, "mu": [2.0179442928373623, 0.6323204757442178, 1.147104216464983], "Sigma": [[0.0042293349740814105, -0.004843394627811495, -0.0008782317780040455], [-0.0048433946278114955, 0.01288881497963808, -0.0003717700661870538], [-0.0008782317780040453, -0.0003717700661870538, 0.0013837805490250314]], "chi2_level": 0.997, "chi2_df": 3, "chi2_threshold": 13.931422665512084, "N_raw": 19, "N_roi": 19, "N_inlier": 19, "refit": true}
{"timestamp": "16:25:13.100349", "frame": 38, "mu": [1.7215886874889146, 0.5491415461902092, 1.2918756999187924], "Sigma": [[0.002578039767690609, 0.00036476453496608137, -0.007126702235261316], [0.00036476453496608137, 0.003605221366552803, -0.004370521999148042], [-0.007126702235261316, -0.004370521999148042, 0.027104491633627385]], "chi2_level": 0.997, "chi2_df": 3, "chi2_threshold": 13.931422665512084, "N_raw": 5, "N_roi": 5, "N_inlier": 5, "refit": true}
{"timestamp": "16:25:13.157002", "frame": 39, "mu": [-0.2032367507525293, 0.407651349405454, 1.1439071156730547], "Sigma": [[2.7186104929818535, 0.15963599455115743, 0.339927590223229], [0.15963599455115743, 0.014974902670663611, 0.02642020564291318], [0.339927590223229, 0.02642020564291318, 0.06430179951009259]], "chi2_level": 0.997, "chi2_df": 3, "chi2_threshold": 13.931422665512084, "N_raw": 11, "N_roi": 11, "N_inlier": 11, "refit": true}
{"timestamp": "16:25:13.210644", "frame": 40, "mu": [1.6297980366183695, 0.481990226531674, 1.2203841064855956], "Sigma": [[0.001112622541176429, -0.0003331049591094542, -0.005685318820453222], [-0.0003331049591094542, 0.007309417906240866, 0.016683850256974515], [-0.005685318820453222, 0.01668385025697452, 0.07576070685213661]], "chi2_level": 0.997, "chi2_df": 3, "chi2_threshold": 13.931422665512084, "N_raw": 7, "N_roi": 7, "N_inlier": 7, "refit": true}
{"timestamp": "16:25:13.266388", "frame": 41, "mu": [1.5649023574848435, 0.5871031662340642, 1.1389642910243796], "Sigma": [[0.002176991913379838, 0.002847752527480422, -0.005713749932486267], [0.002847752527480422, 0.01344202690302557, -0.002689375242755248], [-0.005713749932486268, -0.0026893752427552477, 0.06608898389286366]], "chi2_level": 0.997, "chi2_df": 3, "chi2_threshold": 13.931422665512084, "N_raw": 7, "N_roi": 7, "N_inlier": 7, "refit": true}
{"timestamp": "16:25:13.320127", "frame": 42, "mu": [0.8517994068783716, 0.5107640063424387, 1.2169645031944578], "Sigma": [[1.5818665637347644, 0.16099136522838783, 0.2437412779259932], [0.16099136522838783, 0.030696030941440584, 0.003732621435490041], [0.2437412779259932, 0.003732621435490046, 0.1096183200168792]], "chi2_level": 0.997, "chi2_df": 3, "chi2_threshold": 13.931422665512084, "N_raw": 6, "N_roi": 6, "N_inlier": 6, "refit": true}
{"timestamp": "16:25:13.375629", "frame": 43, "mu": [1.5511560792932693, 0.5622904175056694, 1.2029750618809918], "Sigma": [[0.005519098709548707, -0.007206504144600249, -0.003575795086299101], [-0.007206504144600249, 0.02023262004608734, -0.015039396276839801], [-0.003575795086299102, -0.015039396276839801, 0.0405436677345509]], "chi2_level": 0.997, "chi2_df": 3, "chi2_threshold": 13.931422665512084, "N_raw": 9, "N_roi": 9, "N_inlier": 9, "refit": true}
{"timestamp": "16:25:13.430800", "frame": 44, "mu": [1.5059734395332103, 0.5462967926859537, 1.328695989319172], "Sigma": [[0.003287788972665456, -0.0014378763811919203, -0.006337463994802754], [-0.0014378763811919203, 0.0022066543732181436, 0.0035489937731069364], [-0.006337463994802754, 0.003548993773106936, 0.01642376674468186]], "chi2_level": 0.997, "chi2_df": 3, "chi2_threshold": 13.931422665512084, "N_raw": 9, "N_roi": 9, "N_inlier": 9, "refit": true}
{"timestamp": "16:25:13.485365", "frame": 45, "mu": [1.3735937982287814, 0.6561011930977342, 1.284192160755905], "Sigma": [[0.014876613535418708, -0.008937090325015678, 0.027662625106128443], [-0.008937090325015678, 0.0067015865628107935, -0.012600206699511004], [0.027662625106128443, -0.012600206699511004, 0.17122781990833566]], "chi2_level": 0.997, "chi2_df": 3, "chi2_threshold": 13.931422665512084, "N_raw": 6, "N_roi": 6, "N_inlier": 6, "refit": true}
{"timestamp": "16:25:13.542509", "frame": 46, "mu": [1.3228269828586225, 0.7439132500332645, 1.4495980014610432], "Sigma": [[0.005429284207993945, -0.001764816318930211, -0.004925772221454102], [-0.0017648163189302112, 0.0017316268968945007, 0.0012881170105244592], [-0.0049257722214541035, 0.0012881170105244594, 0.005704559694791995]], "chi2_level": 0.997, "chi2_df": 3, "chi2_threshold": 13.931422665512084, "N_raw": 17, "N_roi": 17, "N_inlier": 17, "refit": true}
{"timestamp": "16:25:13.600764", "frame": 47, "mu": [1.3611737667993058, 0.6302979308255786, 1.3194149016169223], "Sigma": [[0.0059773571785463, -0.002041069890016476, -0.003977458316391907], [-0.002041069890016476, 0.00705246009370148, -2.6684454003580082e-05], [-0.003977458316391908, -2.6684454003580082e-05, 0.005339255788866466]], "chi2_level": 0.997, "chi2_df": 3, "chi2_threshold": 13.931422665512084, "N_raw": 39, "N_roi": 39, "N_inlier": 38, "refit": true}
{"timestamp": "16:25:13.653771", "frame": 48, "mu": [1.2733295672588263, 0.6909529533229719, 1.2688399327601387], "Sigma": [[0.004918300502270249, -0.003163460034609323, -0.009433122146399627], [-0.003163460034609323, 0.00457108758704368, 0.005728912084325424], [-0.009433122146399627, 0.005728912084325424, 0.052221840648777294]], "chi2_level": 0.997, "chi2_df": 3, "chi2_threshold": 13.931422665512084, "N_raw": 12, "N_roi": 12, "N_inlier": 12, "refit": true}
{"timestamp": "16:25:13.711470", "frame": 49, "mu": [1.2253786679015497, 0.7099631085021011, 1.3964225512755553], "Sigma": [[0.005578042772775973, -0.004444641060053236, -0.006983874798221959], [-0.004444641060053236, 0.004762399268345921, 0.004795289177352222], [-0.006983874798221959, 0.004795289177352221, 0.012269902763321267]], "chi2_level": 0.997, "chi2_df": 3, "chi2_threshold": 13.931422665512084, "N_raw": 29, "N_roi": 29, "N_inlier": 27, "refit": true}
{"timestamp": "16:25:13.763718", "frame": 50, "mu": [1.0936857371617303, 0.8295289466214456, 1.4375942909878194], "Sigma": [[0.012279869586383071, -0.009367930854036059, -0.01920421129669901], [-0.009367930854036059, 0.012101966048363425, 0.023191664960646008], [-0.01920421129669901, 0.023191664960646004, 0.07011427296977218]], "chi2_level": 0.997, "chi2_df": 3, "chi2_threshold": 13.931422665512084, "N_raw": 11, "N_roi": 11, "N_inlier": 11, "refit": true}
{"timestamp": "16:25:13.820781", "frame": 51, "mu": [1.104709354870253, 0.755525896605477, 1.4416486171419025], "Sigma": [[0.00893456724746119, -0.009638697651199816, -0.008555558188866403], [-0.009638697651199818, 0.011364853361194518, 0.00867165827335803], [-0.008555558188866403, 0.00867165827335803, 0.009825943604139886]], "chi2_level": 0.997, "chi2_df": 3, "chi2_threshold": 13.931422665512084, "N_raw": 28, "N_roi": 28, "N_inlier": 25, "refit": true}
{"timestamp": "16:25:13.875033", "frame": 52, "mu": [0.9783448628060819, 0.8309064226339976, 1.5329001621107692], "Sigma": [[0.00396917793015108, -0.0025914980305683966, -0.003949334513130745], [-0.002591498030568396, 0.004567400538402601, 0.005632080902936278], [-0.003949334513130745, 0.005632080902936278, 0.019128630632887327]], "chi2_level": 0.997, "chi2_df": 3, "chi2_threshold": 13.931422665512084, "N_raw": 21, "N_roi": 21, "N_inlier": 20, "refit": true}
{"timestamp": "16:25:13.931403", "frame": 53, "mu": [0.8900139320478428, 0.8696509261305957, 1.5465656144376627], "Sigma": [[0.003651851777851603, -0.0014061877046122153, -0.0036014136357829796], [-0.0014061877046122153, 0.00401210134432747, 0.003399468057750269], [-0.003601413635782979, 0.003399468057750269, 0.007304317193278181]], "chi2_level": 0.997, "chi2_df": 3, "chi2_threshold": 13.931422665512084, "N_raw": 28, "N_roi": 28, "N_inlier": 26, "refit": true}
{"timestamp": "16:25:13.984218", "frame": 54, "mu": [0.8936881183119323, 0.8379584951750572, 1.3391261034984852], "Sigma": [[0.005794189324046404, -0.001220644019427671, -0.021269804297822298], [-0.0012206440194276712, 0.004951109282369025, -0.0019779073464828998], [-0.021269804297822305, -0.0019779073464828998, 0.10780719135154321]], "chi2_level": 0.997, "chi2_df": 3, "chi2_threshold": 13.931422665512084, "N_raw": 15, "N_roi": 15, "N_inlier": 15, "refit": true}
{"timestamp": "16:25:14.041514", "frame": 55, "mu": [0.822790925550731, 0.8268508554647673, 1.4602896310196674], "Sigma": [[0.0033944231264708274, -0.0003773662100633215, -0.009836319340499009], [-0.0003773662100633215, 0.003026055723185623, -0.0006177851947198915], [-0.009836319340499007, -0.0006177851947198913, 0.04740459012569617]], "chi2_level": 0.997, "chi2_df": 3, "chi2_threshold": 13.931422665512084, "N_raw": 27, "N_roi": 27, "N_inlier": 26, "refit": true}
{"timestamp": "16:25:14.099990", "frame": 56, "mu": [0.791183728645035, 0.8116606993266012, 1.4510559670242422], "Sigma": [[0.007389449235261628, -0.0011272891514623583, -0.005753945847521352], [-0.0011272891514623583, 0.002061631061896899, -0.00032540740352443684], [-0.005753945847521352, -0.00032540740352443695, 0.005568997284833126]], "chi2_level": 0.997, "chi2_df": 3, "chi2_threshold": 13.931422665512084, "N_raw": 57, "N_roi": 57, "N_inlier": 54, "refit": true}
{"timestamp": "16:25:14.148025", "frame": 57, "mu": [0.7795845069235476, 0.8518363607477966, 1.2230317320722812], "Sigma": [[0.007979224889663654, -0.0034302420882000176, 0.009050773138421885], [-0.0034302420882000176, 0.009871219657783429, -0.030056728364828665], [0.009050773138421885, -0.03005672836482867, 0.09629736606175693]], "chi2_level": 0.997, "chi2_df": 3, "chi2_threshold": 13.931422665512084, "N_raw": 8, "N_roi": 8, "N_inlier": 8, "refit": true}
{"timestamp": "16:25:14.209107", "frame": 58, "mu": [0.7071407229874865, 0.7385603213657912, 1.4216686990690708], "Sigma": [[0.00477011502463679, -0.0017551688996442708, -0.0031513496189287593], [-0.0017551688996442706, 0.005151296352108482, -0.007631991697639652], [-0.0031513496189287593, -0.007631991697639652, 0.031182471669984703]], "chi2_level": 0.997, "chi2_df": 3, "chi2_threshold": 13.931422665512084, "N_raw": 44, "N_roi": 44, "N_inlier": 42, "refit": true}
{"timestamp": "16:25:14.267892", "frame": 59, "mu": [0.7116183387671331, 0.726978443216115, 1.3436810055703934], "Sigma": [[0.005703018663561545, -0.0014814127587770994, -0.007342391045041143], [-0.0014814127587770994, 0.0023736684762830024, -0.001348003042530701], [-0.007342391045041144, -0.0013480030425307011, 0.017892689328887833]], "chi2_level": 0.997, "chi2_df": 3, "chi2_threshold": 13.931422665512084, "N_raw": 76, "N_roi": 76, "N_inlier": 73, "refit": true}
{"timestamp": "16:25:14.320542", "frame": 60, "mu": [0.6724675949370846, 0.6683182980662135, 1.4481257964237848], "Sigma": [[0.004671495449511262, -0.0023209696051980453, -0.005251834467162956], [-0.0023209696051980453, 0.003129749527936595, 0.0020317750905643286], [-0.005251834467162956, 0.0020317750905643286, 0.007884184557474444]], "chi2_level": 0.997, "chi2_df": 3, "chi2_threshold": 13.931422665512084, "N_raw": 51, "N_roi": 51, "N_inlier": 47, "refit": true}
{"timestamp": "16:25:14.376973", "frame": 61, "mu": [0.617066842686762, 0.608582253573099, 1.2404657719769034], "Sigma": [[0.004527314385706033, -0.002698806680091523, -0.008904683540465818], [-0.002698806680091523, 0.009074464172084963, 0.024142982125676456], [-0.008904683540465818, 0.024142982125676456, 0.10067542471986161]], "chi2_level": 0.997, "chi2_df": 3, "chi2_threshold": 13.931422665512084, "N_raw": 71, "N_roi": 71, "N_inlier": 69, "refit": true}
{"timestamp": "16:25:14.427463", "frame": 62, "mu": [0.5069278358695489, 0.6782277873148548, 1.4272302109068846], "Sigma": [[0.003946900589130616, -3.592326714732134e-05, -0.004658484562576459], [-3.592326714732129e-05, 0.0008942945496292618, -0.0010950957853465703], [-0.004658484562576459, -0.0010950957853465703, 0.007689359843951978]], "chi2_level": 0.997, "chi2_df": 3, "chi2_threshold": 13.931422665512084, "N_raw": 35, "N_roi": 35, "N_inlier": 32, "refit": true}
{"timestamp": "16:25:14.483613", "frame": 63, "mu": [0.48258968652239753, 0.6489338866449773, 1.4693586113689638], "Sigma": [[0.0032809969646749116, -0.0011772052764129485, -0.0033810242885575275], [-0.0011772052764129485, 0.0017520281489351928, 0.0005570559318497061], [-0.0033810242885575275, 0.0005570559318497062, 0.005450048784443221]], "chi2_level": 0.997, "chi2_df": 3, "chi2_threshold": 13.931422665512084, "N_raw": 49, "N_roi": 49, "N_inlier": 48, "refit": true}
{"timestamp": "16:25:14.537801", "frame": 64, "mu": [0.44422779564697923, 0.7577296286893833, -0.3067621857406841], "Sigma": [[0.0017620719179396935, 0.00037618801754721017, -0.0013324468682181538], [0.0003761880175472102, 0.002513907931453222, -0.002759488434255893], [-0.0013324468682181538, -0.002759488434255893, 0.004070643788071748]], "chi2_level": 0.997, "chi2_df": 3, "chi2_threshold": 13.931422665512084, "N_raw": 38, "N_roi": 38, "N_inlier": 35, "refit": true}
{"timestamp": "16:25:14.596877", "frame": 65, "mu": [0.40332447524813586, 0.6835081536468997, 1.4911343043496779], "Sigma": [[0.0033713866523281052, 0.00048686883567518037, -0.0032608402702786455], [0.00048686883567518037, 0.0029503927354291607, -0.001921829810695737], [-0.0032608402702786455, -0.001921829810695737, 0.005141977009064483]], "chi2_level": 0.997, "chi2_df": 3, "chi2_threshold": 13.931422665512084, "N_raw": 73, "N_roi": 73, "N_inlier": 72, "refit": true}
{"timestamp": "16:25:14.646297", "frame": 66, "mu": [0.3312066400302561, 0.6562903187157118, 1.5208980747534837], "Sigma": [[0.0027070103572044675, -0.0010851767332703286, -0.004477024477089341], [-0.0010851767332703286, 0.0016545512611638835, 0.0019435100267070652], [-0.004477024477089342, 0.0019435100267070657, 0.011491234176317868]], "chi2_level": 0.997, "chi2_df": 3, "chi2_threshold": 13.931422665512084, "N_raw": 31, "N_roi": 31, "N_inlier": 30, "refit": true}
{"timestamp": "16:25:14.699769", "frame": 67, "mu": [0.31060790530833365, 0.6266009520746297, 1.487097964433819], "Sigma": [[0.002480279646281295, 0.0006776904800598252, -0.0024593972389785066], [0.0006776904800598253, 0.0006084231972188623, -0.001244181266296543], [-0.0024593972389785066, -0.0012441812662965426, 0.003521640878088231]], "chi2_level": 0.997, "chi2_df": 3, "chi2_threshold": 13.931422665512084, "N_raw": 23, "N_roi": 23, "N_inlier": 22, "refit": true}
{"timestamp": "16:25:14.753768", "frame": 68, "mu": [0.26673184955704676, 0.6612580367748373, 1.318983981986243], "Sigma": [[0.002612595316272842, 0.00032309297376776155, 0.001763215271919992], [0.0003230929737677615, 0.0009836078551295883, -0.003976228780719365], [0.0017632152719199922, -0.003976228780719365, 0.09772807577931442]], "chi2_level": 0.997, "chi2_df": 3, "chi2_threshold": 13.931422665512084, "N_raw": 15, "N_roi": 15, "N_inlier": 14, "refit": true}
{"timestamp": "16:25:14.807768", "frame": 69, "mu": [0.27464039049137756, 0.6693833843856751, 1.0243315447864625], "Sigma": [[0.00371816210114726, 0.0044530045467489525, 0.01741563139030666], [0.004453004546748952, 0.012984899222538064, 0.06835028242860902], [0.017415631390306656, 0.06835028242860902, 0.4155522006119413]], "chi2_level": 0.997, "chi2_df": 3, "chi2_threshold": 13.931422665512084, "N_raw": 7, "N_roi": 7, "N_inlier": 7, "refit": true}
{"timestamp": "16:25:14.862456", "frame": 70, "mu": [0.16661017075600237, 0.5888801294083027, 1.0929700116021106], "Sigma": [[0.005885171685388477, -0.006394865586408129, -0.03441459543550828], [-0.006394865586408129, 0.010851978839742362, 0.043529207350892246], [-0.03441459543550828, 0.04352920735089223, 0.21172012128050932]], "chi2_level": 0.997, "chi2_df": 3, "chi2_threshold": 13.931422665512084, "N_raw": 5, "N_roi": 5, "N_inlier": 5, "refit": true}
{"timestamp": "16:25:14.921909", "frame": 71, "mu": [0.1558895670183923, 0.6301948049616034, 1.3186741148935326], "Sigma": [[0.006871697614535195, -0.00342488203901809, -0.00481947725620837], [-0.00342488203901809, 0.0029678731138957524, 0.0024946998428604034], [-0.00481947725620837, 0.0024946998428604034, 0.009041787564608933]], "chi2_level": 0.997, "chi2_df": 3, "chi2_threshold": 13.931422665512084, "N_raw": 45, "N_roi": 45, "N_inlier": 43, "refit": true}
{"timestamp": "16:25:14.976887", "frame": 72, "mu": [0.11082107136446494, 0.6590379219608935, 1.3241576008672213], "Sigma": [[0.001249246142723369, 0.00012843429119524345, -0.0009383567472138118], [0.0001284342911952434, 0.0022015737192871104, -0.0011135130197701246], [-0.0009383567472138118, -0.0011135130197701246, 0.001792968727340561]], "chi2_level": 0.997, "chi2_df": 3, "chi2_threshold": 13.931422665512084, "N_raw": 36, "N_roi": 36, "N_inlier": 35, "refit": true}
{"timestamp": "16:25:15.037564", "frame": 73, "mu": [0.02696270989891686, 0.6802556923171897, 1.3135799228741578], "Sigma": [[0.001850571566778181, -0.0015258006322273893, -0.0019518185219174024], [-0.001525800632227389, 0.005169777413818993, -0.000578366546896583], [-0.0019518185219174024, -0.0005783665468965831, 0.005126585935037403]], "chi2_level": 0.997, "chi2_df": 3, "chi2_threshold": 13.931422665512084, "N_raw": 65, "N_roi": 65, "N_inlier": 65, "refit": true}
{"timestamp": "16:25:15.090598", "frame": 74, "mu": [-0.08199220972958825, 0.7538315810139746, 1.3887050931430893], "Sigma": [[0.0016818634634902419, -0.0005357127989790013, -0.0012802673333750208], [-0.0005357127989790014, 0.001256351787363753, -0.0016870203711650282], [-0.0012802673333750208, -0.0016870203711650282, 0.005967121126345484]], "chi2_level": 0.997, "chi2_df": 3, "chi2_threshold": 13.931422665512084, "N_raw": 59, "N_roi": 59, "N_inlier": 57, "refit": true}
{"timestamp": "16:25:15.148092", "frame": 75, "mu": [-0.10721723695579892, 0.7461115403277977, 1.431723337912491], "Sigma": [[0.0016063971151846822, -0.00047595318951036816, -0.00027793967990508123], [-0.0004759531895103681, 0.0018899032535575786, -0.0033724163373257815], [-0.0002779396799050813, -0.003372416337325782, 0.007345870121199227]], "chi2_level": 0.997, "chi2_df": 3, "chi2_threshold": 13.931422665512084, "N_raw": 74, "N_roi": 74, "N_inlier": 71, "refit": true}
{"timestamp": "16:25:15.200079", "frame": 76, "mu": [-0.09678232217192269, 0.6624051871389272, 1.311991522826631], "Sigma": [[0.0012645203759284788, -0.0008485209303323105, -0.0003722040990197028], [-0.0008485209303323106, 0.005328943447679956, -0.0008120668983495811], [-0.0003722040990197028, -0.0008120668983495812, 0.00043644738606049235]], "chi2_level": 0.997, "chi2_df": 3, "chi2_threshold": 13.931422665512084, "N_raw": 46, "N_roi": 46, "N_inlier": 43, "refit": true}
{"timestamp": "16:25:15.257375", "frame": 77, "mu": [-0.17137018408606983, 0.6665398063253237, 1.3788658009580008], "Sigma": [[0.0020644353943757364, -0.00015616313970829242, -0.002718229004117433], [-0.00015616313970829242, 0.002022277607003622, -0.0023966897581805214], [-0.002718229004117433, -0.0023966897581805214, 0.008945928304970532]], "chi2_level": 0.997, "chi2_df": 3, "chi2_threshold": 13.931422665512084, "N_raw": 70, "N_roi": 70, "N_inlier": 70, "refit": true}
{"timestamp": "16:25:15.311638", "frame": 78, "mu": [-0.1608063108482419, 0.6481077933797553, 1.29191906686958], "Sigma": [[0.0026211770835599534, -0.0027781552572671026, -0.0007584223145948929], [-0.0027781552572671026, 0.004787443266918442, -0.0010011791392404521], [-0.0007584223145948928, -0.001001179139240452, 0.004091664114584358]], "chi2_level": 0.997, "chi2_df": 3, "chi2_threshold": 13.931422665512084, "N_raw": 61, "N_roi": 61, "N_inlier": 57, "refit": true}
{"timestamp": "16:25:15.369668", "frame": 79, "mu": [-0.2780988790432285, 0.7116534108569896, 1.418704577442447], "Sigma": [[0.0029695607769686366, -8.366191729144312e-05, -0.004425636678634303], [-8.366191729144312e-05, 0.002187553627889815, -0.004059857522301506], [-0.004425636678634304, -0.004059857522301506, 0.017714720859196988]], "chi2_level": 0.997, "chi2_df": 3, "chi2_threshold": 13.931422665512084, "N_raw": 84, "N_roi": 84, "N_inlier": 80, "refit": true}
{"timestamp": "16:25:15.421456", "frame": 80, "mu": [-0.32325548046963964, 0.6502559523055093, 1.3830902982672648], "Sigma": [[0.01330649354076977, -0.003306208964039148, -0.01789072226337621], [-0.0033062089640391486, 0.004492639096580919, 0.003922725898983628], [-0.01789072226337621, 0.003922725898983628, 0.02911392297745946]], "chi2_level": 0.997, "chi2_df": 3, "chi2_threshold": 13.931422665512084, "N_raw": 63, "N_roi": 61, "N_inlier": 60, "refit": true}
{"timestamp": "16:25:15.476680", "frame": 81, "mu": [-0.43121414105979206, 0.6734492384072832, 1.4900634076623074], "Sigma": [[0.0023441565638498206, -7.568570492578747e-05, -0.003558988495622504], [-7.568570492578745e-05, 0.0025006935343646576, -0.0033392375477084065], [-0.003558988495622504, -0.0033392375477084065, 0.01183841849075338]], "chi2_level": 0.997, "chi2_df": 3, "chi2_threshold": 13.931422665512084, "N_raw": 72, "N_roi": 72, "N_inlier": 69, "refit": true}
{"timestamp": "16:25:15.530795", "frame": 82, "mu": [-0.41883265870663, 0.6543753406361059, 1.273622287251603], "Sigma": [[0.01437327370022791, 0.004706481232298908, -0.023797292200149315], [0.004706481232298908, 0.007611995421883741, -0.01636185863798439], [-0.023797292200149315, -0.016361858637984394, 0.07513526687914171]], "chi2_level": 0.997, "chi2_df": 3, "chi2_threshold": 13.931422665512084, "N_raw": 55, "N_roi": 55, "N_inlier": 54, "refit": true}
{"timestamp": "16:25:15.582004", "frame": 83, "mu": [-0.47573942111865036, 0.5575622114385759, 1.36258600076368], "Sigma": [[0.026447313442963624, 0.005600453386218028, -0.031834834273822325], [0.005600453386218028, 0.0030109126163101498, -0.009389770700195053], [-0.031834834273822325, -0.009389770700195053, 0.04269409347327426]], "chi2_level": 0.997, "chi2_df": 3, "chi2_threshold": 13.931422665512084, "N_raw": 38, "N_roi": 38, "N_inlier": 36, "refit": true}
{"timestamp": "16:25:15.647074", "frame": 84, "mu": [-0.6333321784754873, 0.5392167046094374, 1.4926082410371777], "Sigma": [[0.029286402433195156, 0.00429765522480384, -0.03645301436783811], [0.004297655224803839, 0.004249561202957029, -0.009713689234525542], [-0.03645301436783812, -0.009713689234525542, 0.05454167981208434]], "chi2_level": 0.997, "chi2_df": 3, "chi2_threshold": 13.931422665512084, "N_raw": 108, "N_roi": 108, "N_inlier": 108, "refit": true}
{"timestamp": "16:25:15.697731", "frame": 85, "mu": [-0.7222014427013844, 0.4971398612781967, 1.5234425647882963], "Sigma": [[0.029306379088716156, 0.0049677056181624026, -0.032574300421255725], [0.0049677056181624026, 0.004032621391354996, -0.008048301789787996], [-0.032574300421255725, -0.008048301789787996, 0.04177085098936752]], "chi2_level": 0.997, "chi2_df": 3, "chi2_threshold": 13.931422665512084, "N_raw": 73, "N_roi": 73, "N_inlier": 72, "refit": true}
{"timestamp": "16:25:15.752560", "frame": 86, "mu": [-0.8550464608975742, 0.46017318234134696, 1.6248071341718968], "Sigma": [[0.007303360070076334, 0.0036179097521233643, 8.841353293170806e-05], [0.0036179097521233635, 0.005401153046456245, -0.00338597428162106], [8.841353293170812e-05, -0.00338597428162106, 0.0040991326083873285]], "chi2_level": 0.997, "chi2_df": 3, "chi2_threshold": 13.931422665512084, "N_raw": 72, "N_roi": 72, "N_inlier": 71, "refit": true}
{"timestamp": "16:25:15.804971", "frame": 87, "mu": [-0.8611925845328826, 0.4956643476420632, 1.6210177003357138], "Sigma": [[0.007094041023001744, 0.0011705919797212409, -0.002520591515944922], [0.001170591979721241, 0.004391299701987646, -0.0045821557912724235], [-0.002520591515944922, -0.0045821557912724235, 0.005776204459785042]], "chi2_level": 0.997, "chi2_df": 3, "chi2_threshold": 13.931422665512084, "N_raw": 54, "N_roi": 54, "N_inlier": 53, "refit": true}
{"timestamp": "16:25:15.859616", "frame": 88, "mu": [-0.8805954916935813, 0.5000674261153615, 1.586172834158848], "Sigma": [[0.004718090834919653, 0.0007816751848299238, -0.0014089584168908865], [0.0007816751848299237, 0.002629030178729636, -0.003762409186468243], [-0.0014089584168908865, -0.0037624091864682427, 0.007098322911807666]], "chi2_level": 0.997, "chi2_df": 3, "chi2_threshold": 13.931422665512084, "N_raw": 57, "N_roi": 57, "N_inlier": 55, "refit": true}
{"timestamp": "16:25:15.915899", "frame": 89, "mu": [-0.938073667651945, 0.5170950211752416, 1.6204836977267127], "Sigma": [[0.005904439577771351, -0.0003890586097125732, 0.00014774403920376274], [-0.0003890586097125732, 0.003631710901503502, -0.003728628948135011], [0.00014774403920376285, -0.003728628948135011, 0.005339993182882819]], "chi2_level": 0.997, "chi2_df": 3, "chi2_threshold": 13.931422665512084, "N_raw": 64, "N_roi": 64, "N_inlier": 64, "refit": true}
{"timestamp": "16:25:15.973705", "frame": 90, "mu": [-0.9658781631608256, 0.6023561918547964, -0.26110826986226626], "Sigma": [[0.008164923432823394, -0.001159913198413528, 0.0012433170940541144], [-0.001159913198413528, 0.006222782834900871, -0.0023605972973355896], [0.0012433170940541148, -0.0023605972973355896, 0.016419130771185203]], "chi2_level": 0.997, "chi2_df": 3, "chi2_threshold": 13.931422665512084, "N_raw": 76, "N_roi": 76, "N_inlier": 72, "refit": true}
{"timestamp": "16:25:16.027105", "frame": 91, "mu": [-0.981584730144473, 0.5063534549516662, 1.531358496218006], "Sigma": [[0.009691640997277446, -0.00018707516130655452, -0.002543577022123868], [-0.00018707516130655474, 0.005117773046329657, -0.0010455283926685255], [-0.002543577022123868, -0.0010455283926685255, 0.0037984560025865885]], "chi2_level": 0.997, "chi2_df": 3, "chi2_threshold": 13.931422665512084, "N_raw": 69, "N_roi": 69, "N_inlier": 67, "refit": true}
{"timestamp": "16:25:16.085922", "frame": 92, "mu": [-0.9944942026129525, 0.5220184071256402, 1.3739309233391344], "Sigma": [[0.013849719169153278, 0.00200713933455534, -0.02285832429108783], [0.00200713933455534, 0.004973797153185816, -0.006279883217586732], [-0.022858324291087827, -0.006279883217586732, 0.07434039224980692]], "chi2_level": 0.997, "chi2_df": 3, "chi2_threshold": 13.931422665512084, "N_raw": 91, "N_roi": 91, "N_inlier": 90, "refit": true}
{"timestamp": "16:25:16.137666", "frame": 93, "mu": [-1.0752074151247402, 0.49168730426380186, 1.5199514509735832], "Sigma": [[0.007551873549969354, -0.0030749983001112343, -0.003194281682003749], [-0.0030749983001112343, 0.00835325834583702, -0.003305703868394588], [-0.003194281682003748, -0.003305703868394588, 0.0075726799486944205]], "chi2_level": 0.997, "chi2_df": 3, "chi2_threshold": 13.931422665512084, "N_raw": 73, "N_roi": 73, "N_inlier": 71, "refit": true}
{"timestamp": "16:25:16.191565", "frame": 94, "mu": [-1.132572956340795, 0.5210876560495379, 1.5516248521092977], "Sigma": [[0.008956517470895398, -0.0008967087335328435, -0.0038230467203713243], [-0.0008967087335328434, 0.007832321968930701, -0.0028931862555546025], [-0.003823046720371325, -0.002893186255554603, 0.005604263691279082]], "chi2_level": 0.997, "chi2_df": 3, "chi2_threshold": 13.931422665512084, "N_raw": 70, "N_roi": 70, "N_inlier": 68, "refit": true}
{"timestamp": "16:25:16.247068", "frame": 95, "mu": [-1.1757731875628363, 0.5161594765196709, 1.4765742615746553], "Sigma": [[0.00900948589152575, -0.0015862501604841596, -0.008323823136508007], [-0.0015862501604841598, 0.009698524317503255, -0.0038658903639299537], [-0.008323823136508007, -0.0038658903639299537, 0.024093393468228513]], "chi2_level": 0.997, "chi2_df": 3, "chi2_threshold": 13.931422665512084, "N_raw": 70, "N_roi": 70, "N_inlier": 68, "refit": true}
{"timestamp": "16:25:16.299318", "frame": 96, "mu": [-1.2315815579152027, 0.45790454967901334, 1.44695248208768], "Sigma": [[0.007276631462851159, -0.0015757365012198776, -0.003445224351293605], [-0.0015757365012198776, 0.009565146594548301, -0.002037588505792231], [-0.003445224351293605, -0.002037588505792231, 0.0035754862457335252]], "chi2_level": 0.997, "chi2_df": 3, "chi2_threshold": 13.931422665512084, "N_raw": 52, "N_roi": 52, "N_inlier": 51, "refit": true}
{"timestamp": "16:25:16.356105", "frame": 97, "mu": [-1.2593098889166183, 0.4849973653706126, 1.3905102513200152], "Sigma": [[0.00696117164457796, -0.0033551795093254622, -0.0017866233387924878], [-0.0033551795093254622, 0.014664428019341794, -0.004409801654553529], [-0.0017866233387924878, -0.004409801654553529, 0.0036885268443047348]], "chi2_level": 0.997, "chi2_df": 3, "chi2_threshold": 13.931422665512084, "N_raw": 64, "N_roi": 64, "N_inlier": 61, "refit": true}
{"timestamp": "16:25:16.408267", "frame": 98, "mu": [-1.2952446299160982, 0.49399334017869095, 1.4184217622704436], "Sigma": [[0.005611389594846926, -0.002178341990427684, -0.0030924610833942606], [-0.0021783419904276846, 0.009822435790500928, -0.0019851801017095826], [-0.0030924610833942606, -0.0019851801017095826, 0.0033396779950715027]], "chi2_level": 0.997, "chi2_df": 3, "chi2_threshold": 13.931422665512084, "N_raw": 44, "N_roi": 44, "N_inlier": 42, "refit": true}
{"timestamp": "16:25:16.463759", "frame": 99, "mu": [-1.015975956974159, 0.4363556499834381, 1.401217752944178], "Sigma": [[0.6231340318353505, -0.0355611995549948, 0.004765965336253941], [-0.03556119955499481, 0.010279233739570919, -0.001945807707510201], [0.004765965336253942, -0.0019458077075102005, 0.0034004996941746977]], "chi2_level": 0.997, "chi2_df": 3, "chi2_threshold": 13.931422665512084, "N_raw": 49, "N_roi": 49, "N_inlier": 49, "refit": true}
{"timestamp": "16:25:16.600535", "frame": 100, "mu": [-1.368607658310485, 0.6250451128092814, -0.45021991887194646], "Sigma": [[0.007987309003037181, -0.00011390136100765798, -0.0018696667150398555], [-0.00011390136100765825, 0.010887741733074765, -0.0005981348282110192], [-0.0018696667150398553, -0.0005981348282110192, 0.0008688920911531568]], "chi2_level": 0.997, "chi2_df": 3, "chi2_threshold": 13.931422665512084, "N_raw": 52, "N_roi": 52, "N_inlier": 51, "refit": true}
{"timestamp": "16:25:16.604905", "frame": 101, "mu": [-1.1330505864300047, 0.5955203555054939, -0.5221778013215408], "Sigma": [[0.6880990995502942, -0.030384929826915822, 0.012279960154793941], [-0.030384929826915822, 0.00955596268640972, -0.002906053700443394], [0.012279960154793941, -0.002906053700443394, 0.0016465863898247218]], "chi2_level": 0.997, "chi2_df": 3, "chi2_threshold": 13.931422665512084, "N_raw": 45, "N_roi": 45, "N_inlier": 45, "refit": true}
{"timestamp": "16:25:16.637954", "frame": 102, "mu": [-0.981093342250696, 0.4237818741951626, 1.2412903503064836], "Sigma": [[1.1346471214813023, -0.038692874164736706, -0.0818989389329601], [-0.038692874164736706, 0.014509520680133796, 0.014194185288310629], [-0.08189893893296013, 0.01419418528831063, 0.04079586331277783]], "chi2_level": 0.997, "chi2_df": 3, "chi2_threshold": 13.931422665512084, "N_raw": 39, "N_roi": 39, "N_inlier": 39, "refit": true}
{"timestamp": "16:25:16.679302", "frame": 103, "mu": [-1.5691173898928361, 0.507803843639309, 1.1433372616033466], "Sigma": [[0.0022444571473236655, 0.004665071821652192, -3.8213191568214384e-05], [0.004665071821652192, 0.011592850087419605, 0.003138815255039888], [-3.8213191568214235e-05, 0.003138815255039888, 0.007076873354186298]], "chi2_level": 0.997, "chi2_df": 3, "chi2_threshold": 13.931422665512084, "N_raw": 14, "N_roi": 14, "N_inlier": 14, "refit": true}
{"timestamp": "16:25:16.735660", "frame": 104, "mu": [-1.508765379528746, 0.5422368663296566, 1.322472055884892], "Sigma": [[0.004733910955918554, 0.002802781849448995, -0.002714542080721192], [0.002802781849448995, 0.009465017868193098, -0.0042331370614969825], [-0.0027145420807211922, -0.0042331370614969825, 0.002914100408979413]], "chi2_level": 0.997, "chi2_df": 3, "chi2_threshold": 13.931422665512084, "N_raw": 30, "N_roi": 30, "N_inlier": 29, "refit": true}
{"timestamp": "16:25:16.788510", "frame": 105, "mu": [-1.5509858393898237, 0.6539401352221385, 1.276059935253339], "Sigma": [[0.006124801723215961, 0.0035353473267533075, -0.00153439711478454], [0.0035353473267533066, 0.006970258048376311, -0.002628199691053586], [-0.00153439711478454, -0.0026281996910535867, 0.002029393957346124]], "chi2_level": 0.997, "chi2_df": 3, "chi2_threshold": 13.931422665512084, "N_raw": 16, "N_roi": 16, "N_inlier": 16, "refit": true}
{"timestamp": "16:25:16.849936", "frame": 106, "mu": [-1.6049659476655869, 0.7154924514956984, -0.6112014541933448], "Sigma": [[0.006409561695075078, 0.002650637052718462, 0.0005367872853182301], [0.0026506370527184615, 0.010903752594703104, -0.004739281576920117], [0.0005367872853182301, -0.004739281576920117, 0.0073589160713472]], "chi2_level": 0.997, "chi2_df": 3, "chi2_threshold": 13.931422665512084, "N_raw": 54, "N_roi": 54, "N_inlier": 48, "refit": true}
{"timestamp": "16:25:16.956147", "frame": 108, "mu": [-1.6383140811255097, 0.710922094439412, -0.5683698041621139], "Sigma": [[0.0063017139260722254, 0.006052513148695866, 0.000860355689063063], [0.006052513148695866, 0.01373006209790836, -0.004588170401602435], [0.0008603556890630633, -0.004588170401602435, 0.008176234998705671]], "chi2_level": 0.997, "chi2_df": 3, "chi2_threshold": 13.931422665512084, "N_raw": 39, "N_roi": 39, "N_inlier": 39, "refit": true}
{"timestamp": "16:25:17.008613", "frame": 109, "mu": [-1.3085584728369828, 0.4784515408552964, 0.9538318509857343], "Sigma": [[1.4202086933151667, -0.019836913242969403, 0.13212297597248968], [-0.019836913242969403, 0.0025961861843310395, 0.0015571061441980597], [0.1321229759724897, 0.0015571061441980593, 0.041777992055553784]], "chi2_level": 0.997, "chi2_df": 3, "chi2_threshold": 13.931422665512084, "N_raw": 11, "N_roi": 11, "N_inlier": 11, "refit": true}
{"timestamp": "16:25:17.068912", "frame": 110, "mu": [-1.413840753129234, 0.7098643492120539, -0.6445414089596092], "Sigma": [[0.9074563325917829, -0.030601555967227814, -0.00778045789633901], [-0.03060155596722781, 0.011867466945278272, -0.0014597970567964366], [-0.007780457896339007, -0.001459797056796437, 0.01268237310061526]], "chi2_level": 0.997, "chi2_df": 3, "chi2_threshold": 13.931422665512084, "N_raw": 53, "N_roi": 53, "N_inlier": 53, "refit": true}
{"timestamp": "16:25:17.282340", "frame": 114, "mu": [-1.846607195758684, 0.6375223299920164, 1.3139211571437273], "Sigma": [[0.014960803423613184, 0.01135978214706199, -0.00977370374305856], [0.01135978214706199, 0.014323967443366782, -0.007326272058539283], [-0.00977370374305856, -0.007326272058539283, 0.00717119606705716]], "chi2_level": 0.997, "chi2_df": 3, "chi2_threshold": 13.931422665512084, "N_raw": 6, "N_roi": 6, "N_inlier": 6, "refit": true}
{"timestamp": "16:25:17.339152", "frame": 115, "mu": [-1.8831925146493396, 0.614424181868425, 1.2453398703783538], "Sigma": [[0.003552466934785621, 0.0047807982120116315, -0.0028393443959990536], [0.0047807982120116315, 0.009586976377279751, -0.005554748488660452], [-0.002839344395999054, -0.005554748488660451, 0.00393738307568446]], "chi2_level": 0.997, "chi2_df": 3, "chi2_threshold": 13.931422665512084, "N_raw": 15, "N_roi": 15, "N_inlier": 15, "refit": true}
{"timestamp": "16:25:17.393492", "frame": 116, "mu": [-1.7993842278317431, 0.6429101236232219, 1.1583776158682972], "Sigma": [[0.0030104112536350402, 0.002857107064693981, -0.003040924743414294], [0.002857107064693981, 0.00401894338268712, -0.0037632352478767592], [-0.003040924743414294, -0.0037632352478767592, 0.005132292393244688]], "chi2_level": 0.997, "chi2_df": 3, "chi2_threshold": 13.931422665512084, "N_raw": 12, "N_roi": 12, "N_inlier": 12, "refit": true}
{"timestamp": "16:25:17.448811", "frame": 117, "mu": [-1.7536140893329746, 0.5473234152169887, 1.1308675737256095], "Sigma": [[0.003932427742774034, 0.005742090941843579, -0.0019387347975832778], [0.005742090941843579, 0.00980041445881833, -0.004565529940361513], [-0.0019387347975832778, -0.004565529940361513, 0.0058848013107876415]], "chi2_level": 0.997, "chi2_df": 3, "chi2_threshold": 13.931422665512084, "N_raw": 19, "N_roi": 19, "N_inlier": 19, "refit": true}
