{"timestamp": "17:04:20.540935", "frame": 1, "mu": [2.0513460241044283, 0.9209944262449892, 1.1797650847309238], "Sigma": [[0.0015016668735923508, -0.000988629806642792, 0.0050461827951365544], [-0.0009886298066427918, 0.004432889201175891, -0.013355080317692733], [0.0050461827951365544, -0.013355080317692733, 0.045121054781363634]], "chi2_level": 0.997, "chi2_df": 3, "chi2_threshold": 13.931422665512084, "N_raw": 5, "N_roi": 5, "N_inlier": 5, "refit": true}
{"timestamp": "17:04:20.596116", "frame": 2, "mu": [2.0244584438356656, 0.9680603208524858, 1.338294353757919], "Sigma": [[0.004430021694496414, -0.002308134435645968, -0.0030552063733673687], [-0.002308134435645968, 0.0038273162864591926, 0.0016263351678918814], [-0.0030552063733673687, 0.0016263351678918814, 0.0028795874095074578]], "chi2_level": 0.997, "chi2_df": 3, "chi2_threshold": 13.931422665512084, "N_raw": 9, "N_roi": 9, "N_inlier": 9, "refit": true}
{"timestamp": "17:04:20.650953", "frame": 3, "mu": [2.0218721210039527, 1.0156878998747303, 1.2064508788435495], "Sigma": [[0.0019342309791645085, 2.008905645913441e-05, -0.005681688486679661], [2.008905645913441e-05, 0.00011370906329804736, -0.00014812084342859797], [-0.005681688486679661, -0.00014812084342859797, 0.02694197877993229]], "chi2_level": 0.997, "chi2_df": 3, "chi2_threshold": 13.931422665512084, "N_raw": 5, "N_roi": 5, "N_inlier": 5, "refit": true}
{"timestamp": "17:04:20.706009", "frame": 4, "mu": [2.017384537910828, 1.13989778693937, -0.4523345219680798], "Sigma": [[0.0012580608958889321, 0.00026949327248068476, -0.0019483355895497168], [0.00026949327248068476, 0.005290271805287153, -0.004565434884963919], [-0.0019483355895497168, -0.004565434884963919, 0.007561553567307975]], "chi2_level": 0.997, "chi2_df": 3, "chi2_threshold": 13.931422665512084, "N_raw": 8, "N_roi": 8, "N_inlier": 8, "refit": true}
{"timestamp": "17:04:20.981419", "frame": 9, "mu": [1.8785411294908871, 1.173749601467803, 1.32486637079181], "Sigma": [[0.015211307718313367, 0.0033592393727324326, 0.006297925350260067], [0.0033592393727324326, 0.007607937532978696, 0.0065535324162776295], [0.006297925350260067, 0.0065535324162776295, 0.007736208057608271]], "chi2_level": 0.997, "chi2_df": 3, "chi2_threshold": 13.931422665512084, "N_raw": 6, "N_roi": 6, "N_inlier": 6, "refit": true}
{"timestamp": "17:04:21.090146", "frame": 11, "mu": [1.8955165451645688, 1.1280712214034212, 1.3071538324848082], "Sigma": [[0.0004116234188747562, -3.783047216977201e-05, -0.0003108501454874344], [-3.783047216977201e-05, 0.01289401597291865, -0.0017922154366983379], [-0.0003108501454874344, -0.0017922154366983379, 0.0005763668345806928]], "chi2_level": 0.997, "chi2_df": 3, "chi2_threshold": 13.931422665512084, "N_raw": 5, "N_roi": 5, "N_inlier": 5, "refit": true}
{"timestamp": "17:04:21.369520", "frame": 16, "mu": [1.9038839085194004, 1.191824133277035, 1.310681048985873], "Sigma": [[0.005232793313280748, -0.0028821281132149633, -0.0006546457684494556], [-0.0028821281132149633, 0.010654264193072728, -3.7272674113688866e-05], [-0.0006546457684494555, -3.7272674113688974e-05, 0.0003742251048418163]], "chi2_level": 0.997, "chi2_df": 3, "chi2_threshold": 13.931422665512084, "N_raw": 28, "N_roi": 28, "N_inlier": 28, "refit": true}
{"timestamp": "17:04:21.424719", "frame": 17, "mu": [1.9153812017178653, 1.1820476092385115, 1.2388450393012505], "Sigma": [[0.003435033751457955, -0.0019758027399436537, -0.0013639919597581884], [-0.0019758027399436533, 0.003252017551140332, -0.0004649961946694256], [-0.0013639919597581884, -0.0004649961946694256, 0.0022218590518820664]], "chi2_level": 0.997, "chi2_df": 3, "chi2_threshold": 13.931422665512084, "N_raw": 16, "N_roi": 16, "N_inlier": 15, "refit": true}
{"timestamp": "17:04:21.479757", "frame": 18, "mu": [2.0926796862224597, 0.9799390692031853, 1.010685838036215], "Sigma": [[0.007332787241184941, -0.00800410107971519, -0.008596325688667665], [-0.008004101079715192, 0.013509353552701322, 0.008100628455565473], [-0.008596325688667665, 0.008100628455565473, 0.01756447995184915]], "chi2_level": 0.997, "chi2_df": 3, "chi2_threshold": 13.931422665512084, "N_raw": 16, "N_roi": 16, "N_inlier": 16, "refit": true}
{"timestamp": "17:04:21.537058", "frame": 19, "mu": [1.9698073854841929, 1.1120419152175314, 1.2496234158467674], "Sigma": [[0.0050703270891342325, -0.004474854482523926, -0.0024016386285590466], [-0.004474854482523926, 0.012100884716860145, -0.0053960571494599645], [-0.0024016386285590466, -0.005396057149459964, 0.010297423150922047]], "chi2_level": 0.997, "chi2_df": 3, "chi2_threshold": 13.931422665512084, "N_raw": 31, "N_roi": 31, "N_inlier": 30, "refit": true}
{"timestamp": "17:04:21.591036", "frame": 20, "mu": [1.9630914115667348, 1.116294014090223, 1.3354683504764666], "Sigma": [[0.0058278357644017155, -0.0034852577101745635, -0.0006686244791223996], [-0.0034852577101745635, 0.012169773114969673, -6.478511030804561e-05], [-0.0006686244791223996, -6.478511030804564e-05, 0.000641473003317007]], "chi2_level": 0.997, "chi2_df": 3, "chi2_threshold": 13.931422665512084, "N_raw": 31, "N_roi": 31, "N_inlier": 30, "refit": true}
{"timestamp": "17:04:21.646737", "frame": 21, "mu": [1.953366113158633, 1.0905357007762997, 1.195659095423213], "Sigma": [[0.005623980702982174, -0.005200627303020733, -0.0042490237633421675], [-0.005200627303020733, 0.00896249232162357, 0.000443731109893742], [-0.0042490237633421675, 0.00044373110989374227, 0.010260422729565913]], "chi2_level": 0.997, "chi2_df": 3, "chi2_threshold": 13.931422665512084, "N_raw": 32, "N_roi": 32, "N_inlier": 32, "refit": true}
{"timestamp": "17:04:21.699669", "frame": 22, "mu": [1.9681116459473165, 1.091362549877824, 1.2373496964931312], "Sigma": [[0.002948453679269976, -0.001247945659080084, -0.005193835501586419], [-0.001247945659080084, 0.005392281380949172, 0.0013535060041779477], [-0.005193835501586419, 0.0013535060041779481, 0.023440510919675445]], "chi2_level": 0.997, "chi2_df": 3, "chi2_threshold": 13.931422665512084, "N_raw": 16, "N_roi": 16, "N_inlier": 15, "refit": true}
{"timestamp": "17:04:21.757582", "frame": 23, "mu": [1.94062468339338, 1.1062367460069267, 1.241849302225301], "Sigma": [[0.007291133815755302, -0.0043214270851503565, -0.001264055030521481], [-0.0043214270851503565, 0.009846052744301075, -0.0013879613119083126], [-0.0012640550305214808, -0.0013879613119083126, 0.002810629246399291]], "chi2_level": 0.997, "chi2_df": 3, "chi2_threshold": 13.931422665512084, "N_raw": 37, "N_roi": 37, "N_inlier": 35, "refit": true}
{"timestamp": "17:04:21.814056", "frame": 24, "mu": [1.9690304784877077, 1.0238310650111873, 1.1248005380660693], "Sigma": [[0.006510601757547712, -0.006954302276150806, -0.006879376554886282], [-0.006954302276150807, 0.010934619357068047, 0.004025002842451671], [-0.006879376554886282, 0.004025002842451671, 0.01890447450045126]], "chi2_level": 0.997, "chi2_df": 3, "chi2_threshold": 13.931422665512084, "N_raw": 39, "N_roi": 39, "N_inlier": 39, "refit": true}
{"timestamp": "17:04:21.865578", "frame": 25, "mu": [1.963308706222501, 0.9018437735016468, 1.0597153951708809], "Sigma": [[0.006718338894424254, -0.005269652263206448, -0.002375586730381363], [-0.005269652263206448, 0.006849782132975354, 0.00017764557779128344], [-0.002375586730381363, 0.0001776455777912835, 0.006070431514809228]], "chi2_level": 0.997, "chi2_df": 3, "chi2_threshold": 13.931422665512084, "N_raw": 22, "N_roi": 22, "N_inlier": 21, "refit": true}
{"timestamp": "17:04:21.922653", "frame": 26, "mu": [1.9503916448270258, 0.9932367705745392, 1.1037742453092505], "Sigma": [[0.007235463259018234, -0.003558965659441511, -0.001129769759715139], [-0.003558965659441511, 0.007677191378262017, -0.0022124429251089437], [-0.001129769759715139, -0.0022124429251089437, 0.001989594593380717]], "chi2_level": 0.997, "chi2_df": 3, "chi2_threshold": 13.931422665512084, "N_raw": 34, "N_roi": 34, "N_inlier": 33, "refit": true}
{"timestamp": "17:04:21.978329", "frame": 27, "mu": [1.9593189483286924, 0.9468296950629359, 1.233297901337149], "Sigma": [[0.007337469101978225, -0.004601315491660155, -0.0016350002674307535], [-0.004601315491660155, 0.009046116722733658, -0.0026079791179328114], [-0.0016350002674307535, -0.0026079791179328114, 0.004660599242830434]], "chi2_level": 0.997, "chi2_df": 3, "chi2_threshold": 13.931422665512084, "N_raw": 36, "N_roi": 36, "N_inlier": 35, "refit": true}
{"timestamp": "17:04:22.027713", "frame": 28, "mu": [1.9162320691517323, 0.9489863366611897, 1.2477117189472668], "Sigma": [[0.00399239939927583, 0.004444673564104658, -0.010578469684845326], [0.004444673564104658, 0.006454784152403121, -0.010157562142662538], [-0.010578469684845328, -0.010157562142662538, 0.03639636191624569]], "chi2_level": 0.997, "chi2_df": 3, "chi2_threshold": 13.931422665512084, "N_raw": 7, "N_roi": 7, "N_inlier": 7, "refit": true}
{"timestamp": "17:04:22.084161", "frame": 29, "mu": [1.894456524771437, 0.9472433197751732, 1.21275443928589], "Sigma": [[0.00603524400461323, -0.006130028250903164, -0.004904798938006696], [-0.006130028250903164, 0.008415150211074116, 0.0036579203435703213], [-0.004904798938006696, 0.0036579203435703213, 0.007415008141303739]], "chi2_level": 0.997, "chi2_df": 3, "chi2_threshold": 13.931422665512084, "N_raw": 17, "N_roi": 17, "N_inlier": 17, "refit": true}
{"timestamp": "17:04:22.140976", "frame": 30, "mu": [1.8770780794532593, 0.8536740271946844, 1.2345018481493217], "Sigma": [[0.005309487027744989, -0.005299813884732012, -0.0023076538396634943], [-0.005299813884732012, 0.015307310928346493, -0.0007691782160002846], [-0.0023076538396634943, -0.0007691782160002847, 0.002683638576576157]], "chi2_level": 0.997, "chi2_df": 3, "chi2_threshold": 13.931422665512084, "N_raw": 30, "N_roi": 30, "N_inlier": 29, "refit": true}
{"timestamp": "17:04:22.197911", "frame": 31, "mu": [1.8349308040376429, 0.8881252003395399, 1.2633674804665094], "Sigma": [[0.005945069726448596, -0.004287419216583933, -0.0006959117047574288], [-0.004287419216583934, 0.01457708283220821, -0.0018772657968146823], [-0.0006959117047574286, -0.0018772657968146823, 0.0010370731052225465]], "chi2_level": 0.997, "chi2_df": 3, "chi2_threshold": 13.931422665512084, "N_raw": 36, "N_roi": 36, "N_inlier": 35, "refit": true}
{"timestamp": "17:04:22.251840", "frame": 32, "mu": [1.813854418791769, 0.8548996614693473, 1.279764254257102], "Sigma": [[0.006199379403956513, -0.0035449636757593243, -0.0029131447798407747], [-0.0035449636757593243, 0.011278184579643295, -0.0017735798080053679], [-0.002913144779840775, -0.0017735798080053674, 0.003524820165501169]], "chi2_level": 0.997, "chi2_df": 3, "chi2_threshold": 13.931422665512084, "N_raw": 29, "N_roi": 29, "N_inlier": 29, "refit": true}
{"timestamp": "17:04:22.305261", "frame": 33, "mu": [1.8335260100421853, 0.7468242473908107, 1.2770741802497796], "Sigma": [[0.005055128966777512, -0.006524201516313215, -0.0008167449383272921], [-0.006524201516313215, 0.017997102296051677, 0.0007374184081113497], [-0.0008167449383272921, 0.0007374184081113497, 0.001038413959411292]], "chi2_level": 0.997, "chi2_df": 3, "chi2_threshold": 13.931422665512084, "N_raw": 23, "N_roi": 23, "N_inlier": 22, "refit": true}
{"timestamp": "17:04:22.363359", "frame": 34, "mu": [1.8054670216854949, 0.7120362378700398, 1.1428579708483069], "Sigma": [[0.007544851792675169, -0.008354607960139142, -0.004181783091048994], [-0.008354607960139142, 0.014532955877664113, -9.76867795961598e-05], [-0.004181783091048994, -9.76867795961598e-05, 0.008308427368947243]], "chi2_level": 0.997, "chi2_df": 3, "chi2_threshold": 13.931422665512084, "N_raw": 41, "N_roi": 41, "N_inlier": 41, "refit": true}
{"timestamp": "17:04:22.413368", "frame": 35, "mu": [1.7257542519288411, 0.691557152935468, 1.3149145584324087], "Sigma": [[0.007053147773857747, -0.0001300724340862826, -0.00916918317212919], [-0.00013007243408628326, 0.00353993205619732, -0.0033182067953300555], [-0.00916918317212919, -0.003318206795330056, 0.0193828280723657]], "chi2_level": 0.997, "chi2_df": 3, "chi2_threshold": 13.931422665512084, "N_raw": 9, "N_roi": 9, "N_inlier": 9, "refit": true}
{"timestamp": "17:04:22.472405", "frame": 36, "mu": [1.7495000254143491, 0.6432794182703874, 1.303810371942], "Sigma": [[0.006450424102885723, -0.003571059200713457, -0.0024714742719857204], [-0.003571059200713457, 0.00953816136688332, -0.0034589881371498207], [-0.0024714742719857204, -0.0034589881371498202, 0.00563952352236939]], "chi2_level": 0.997, "chi2_df": 3, "chi2_threshold": 13.931422665512084, "N_raw": 35, "N_roi": 35, "N_inlier": 34, "refit": true}
{"timestamp": "17:04:22.525054", "frame": 37, "mu": [1.7472236852044631, 0.6087119773109679, 1.3069420412516741], "Sigma": [[0.003904929273010525, -0.001508670900702616, -0.0027809094886005704], [-0.0015086709007026162, 0.005722101596761787, -0.0024105047355592116], [-0.0027809094886005704, -0.0024105047355592116, 0.005676169606915897]], "chi2_level": 0.997, "chi2_df": 3, "chi2_threshold": 13.931422665512084, "N_raw": 17, "N_roi": 17, "N_inlier": 17, "refit": true}
{"timestamp": "17:04:22.578141", "frame": 38, "mu": [1.5098312846323227, 0.6399713853022655, 1.3727953960911208], "Sigma": [[0.17492551309864288, 0.05087237776062344, -0.09916861730511423], [0.05087237776062345, 0.016296563652195117, -0.027005095344694283], [-0.09916861730511424, -0.027005095344694283, 0.06681712969470671]], "chi2_level": 0.997, "chi2_df": 3, "chi2_threshold": 13.931422665512084, "N_raw": 8, "N_roi": 8, "N_inlier": 8, "refit": true}
{"timestamp": "17:04:22.632632", "frame": 39, "mu": [1.5975661636628906, 0.6506684487629855, 1.2420756636596577], "Sigma": [[0.0025535138516037683, 0.004035153396797556, -0.008929154441458732], [0.004035153396797556, 0.009189624016095283, -0.020313440964931546], [-0.008929154441458732, -0.020313440964931546, 0.047467249015504705]], "chi2_level": 0.997, "chi2_df": 3, "chi2_threshold": 13.931422665512084, "N_raw": 6, "N_roi": 6, "N_inlier": 6, "refit": true}
{"timestamp": "17:04:22.688323", "frame": 40, "mu": [1.5240632374960559, 0.6247075688548381, 1.239842244007887], "Sigma": [[0.0037468318466532414, 0.001962735545869203, -0.008351020171858976], [0.0019627355458692033, 0.024328858767403524, -0.04016324469717923], [-0.008351020171858976, -0.040163244697179225, 0.07636136379133457]], "chi2_level": 0.997, "chi2_df": 3, "chi2_threshold": 13.931422665512084, "N_raw": 8, "N_roi": 8, "N_inlier": 8, "refit": true}
{"timestamp": "17:04:22.743162", "frame": 41, "mu": [1.446221754067564, 0.5165979722532446, 1.4103114998115638], "Sigma": [[0.1606016170501207, 0.030135229470809977, -0.07954576521437277], [0.030135229470809974, 0.0069185033200767606, -0.013331061200150044], [-0.07954576521437277, -0.013331061200150044, 0.043438914788778434]], "chi2_level": 0.997, "chi2_df": 3, "chi2_threshold": 13.931422665512084, "N_raw": 8, "N_roi": 8, "N_inlier": 8, "refit": true}
{"timestamp": "17:04:22.798834", "frame": 42, "mu": [1.4708415356748308, 0.5971706689981429, 1.3882288558793985], "Sigma": [[0.010388081254813036, -0.0001479278206514673, -0.010893271415478932], [-0.0001479278206514673, 0.0003710775291221044, -4.82449476401787e-05], [-0.010893271415478932, -4.82449476401787e-05, 0.037189644336703576]], "chi2_level": 0.997, "chi2_df": 3, "chi2_threshold": 13.931422665512084, "N_raw": 7, "N_roi": 7, "N_inlier": 7, "refit": true}
{"timestamp": "17:04:22.854180", "frame": 43, "mu": [1.4149611728412288, 0.5939725349425566, 1.3844795361651876], "Sigma": [[0.011826165178569256, -0.000752831519195273, -0.011946206826328961], [-0.000752831519195273, 0.0014968361073279994, 0.00031809687004510684], [-0.011946206826328961, 0.0003180968700451067, 0.013275456797185364]], "chi2_level": 0.997, "chi2_df": 3, "chi2_threshold": 13.931422665512084, "N_raw": 9, "N_roi": 9, "N_inlier": 9, "refit": true}
{"timestamp": "17:04:22.911045", "frame": 44, "mu": [1.320127758655751, 0.5773087561870802, 1.422609966595934], "Sigma": [[0.002607446442720324, -0.0005621122669702293, -0.00240352733778994], [-0.0005621122669702292, 0.006922370296030742, -0.0043779856004610325], [-0.00240352733778994, -0.0043779856004610325, 0.008592243652592198]], "chi2_level": 0.997, "chi2_df": 3, "chi2_threshold": 13.931422665512084, "N_raw": 25, "N_roi": 25, "N_inlier": 24, "refit": true}
{"timestamp": "17:04:22.966176", "frame": 45, "mu": [1.4105313276237692, 0.5272962648644801, 1.1696817030840985], "Sigma": [[0.003969092181017001, -0.003820983762287884, -0.007091768737657737], [-0.003820983762287884, 0.00516580211837567, 0.004929046814137173], [-0.007091768737657737, 0.004929046814137173, 0.016290886544140765]], "chi2_level": 0.997, "chi2_df": 3, "chi2_threshold": 13.931422665512084, "N_raw": 23, "N_roi": 23, "N_inlier": 22, "refit": true}
{"timestamp": "17:04:23.022176", "frame": 46, "mu": [1.3688994074569178, 0.5723184834428223, 1.2507953675725991], "Sigma": [[0.004697713710244478, -0.003453386321082885, -0.0034812010091702155], [-0.003453386321082885, 0.003556960524535262, 0.0008897875251768864], [-0.0034812010091702155, 0.0008897875251768865, 0.010308919643559985]], "chi2_level": 0.997, "chi2_df": 3, "chi2_threshold": 13.931422665512084, "N_raw": 35, "N_roi": 35, "N_inlier": 33, "refit": true}
{"timestamp": "17:04:23.079640", "frame": 47, "mu": [1.303722662424316, 0.7816273053629403, -0.5857409204811602], "Sigma": [[0.005579641630607902, -0.0014914495619223382, -0.005016948723948312], [-0.001491449561922338, 0.008081984534667828, -0.0018365737902379048], [-0.005016948723948312, -0.0018365737902379048, 0.006310876232959277]], "chi2_level": 0.997, "chi2_df": 3, "chi2_threshold": 13.931422665512084, "N_raw": 47, "N_roi": 47, "N_inlier": 47, "refit": true}
{"timestamp": "17:04:23.133775", "frame": 48, "mu": [1.2942175019141229, 0.5577653985420932, 1.3644906869303206], "Sigma": [[0.008931912653112007, -0.006114839755023476, -0.0037847214465515045], [-0.006114839755023476, 0.006838745178940605, 0.0007965975026773422], [-0.0037847214465515054, 0.0007965975026773424, 0.004711926640096274]], "chi2_level": 0.997, "chi2_df": 3, "chi2_threshold": 13.931422665512084, "N_raw": 38, "N_roi": 38, "N_inlier": 36, "refit": true}
{"timestamp": "17:04:23.188061", "frame": 49, "mu": [1.2477944405722445, 0.5678101178286904, 1.3600240948382143], "Sigma": [[0.0072925498188852874, -0.003142620895762058, -0.004262438583679327], [-0.0031426208957620575, 0.003550012531544941, -0.0009750863195666462], [-0.004262438583679327, -0.0009750863195666463, 0.008075330131925478]], "chi2_level": 0.997, "chi2_df": 3, "chi2_threshold": 13.931422665512084, "N_raw": 41, "N_roi": 41, "N_inlier": 39, "refit": true}
{"timestamp": "17:04:23.240252", "frame": 50, "mu": [1.0937133995348165, 0.6334644395569187, 1.2625075021766525], "Sigma": [[0.0060912135969340584, 0.0003096423882224669, -0.019851100872410814], [0.000309642388222467, 0.001479267051739165, -0.001955248192886715], [-0.019851100872410817, -0.0019552481928867146, 0.0794182498533955]], "chi2_level": 0.997, "chi2_df": 3, "chi2_threshold": 13.931422665512084, "N_raw": 19, "N_roi": 19, "N_inlier": 18, "refit": true}
{"timestamp": "17:04:23.297894", "frame": 51, "mu": [1.1678837351210347, 0.5714874354122401, 1.3204177324435384], "Sigma": [[0.0077188867518066155, -0.004792201368188517, -0.007012751289555988], [-0.004792201368188517, 0.00555198369743271, 0.002075642178775839], [-0.007012751289555986, 0.002075642178775839, 0.00940615389862203]], "chi2_level": 0.997, "chi2_df": 3, "chi2_threshold": 13.931422665512084, "N_raw": 37, "N_roi": 37, "N_inlier": 36, "refit": true}
{"timestamp": "17:04:23.352440", "frame": 52, "mu": [1.1165666054788692, 0.5524293130889019, 1.3959684784141937], "Sigma": [[0.006012257978109067, -0.0012693862652491087, -0.0033407562334061528], [-0.0012693862652491087, 0.005746736077178435, 0.0003013137080483063], [-0.0033407562334061528, 0.0003013137080483062, 0.0049743255258139045]], "chi2_level": 0.997, "chi2_df": 3, "chi2_threshold": 13.931422665512084, "N_raw": 30, "N_roi": 30, "N_inlier": 29, "refit": true}
{"timestamp": "17:04:23.406475", "frame": 53, "mu": [1.0876343517818197, 0.5234753326483661, 1.295909126842871], "Sigma": [[0.0065857374631116865, -0.0032151648564853787, -0.005805626472697821], [-0.003215164856485378, 0.0039642246362666675, -0.0006713992418300491], [-0.005805626472697821, -0.0006713992418300486, 0.023674647245347444]], "chi2_level": 0.997, "chi2_df": 3, "chi2_threshold": 13.931422665512084, "N_raw": 27, "N_roi": 27, "N_inlier": 27, "refit": true}
{"timestamp": "17:04:23.462474", "frame": 54, "mu": [1.0103797255831466, 0.5363267151785172, 1.0159047908719008], "Sigma": [[0.00518260302973229, -0.0046647073606909135, -0.003983960204636757], [-0.0046647073606909135, 0.006076186627906446, 0.0043037238736068776], [-0.003983960204636756, 0.0043037238736068776, 0.056577920020417574]], "chi2_level": 0.997, "chi2_df": 3, "chi2_threshold": 13.931422665512084, "N_raw": 32, "N_roi": 32, "N_inlier": 31, "refit": true}
{"timestamp": "17:04:23.516998", "frame": 55, "mu": [0.8114660257648166, 0.6526730588091169, 1.4485864574614389], "Sigma": [[0.005374476590139336, -0.0016782113780398793, -0.00801316542854592], [-0.0016782113780398793, 0.0023774671250702544, 0.0022948846835177472], [-0.00801316542854592, 0.0022948846835177472, 0.018739623429829825]], "chi2_level": 0.997, "chi2_df": 3, "chi2_threshold": 13.931422665512084, "N_raw": 32, "N_roi": 32, "N_inlier": 30, "refit": true}
{"timestamp": "17:04:23.573685", "frame": 56, "mu": [0.7954848059414994, 0.599985039826647, 1.3133158519677095], "Sigma": [[0.006766361607208098, -0.004355349527572383, -0.017661369043747183], [-0.004355349527572383, 0.005236523882119506, 0.010453330527102435], [-0.017661369043747183, 0.010453330527102435, 0.07276689730692887]], "chi2_level": 0.997, "chi2_df": 3, "chi2_threshold": 13.931422665512084, "N_raw": 39, "N_roi": 39, "N_inlier": 39, "refit": true}
{"timestamp": "17:04:23.629365", "frame": 57, "mu": [0.765236225975902, 0.5337540002160417, 1.473066356765713], "Sigma": [[0.012230879941312904, -0.009704730052449765, -0.007899938064713959], [-0.009704730052449762, 0.010447978279664222, 0.005689668883863609], [-0.007899938064713959, 0.005689668883863609, 0.0067338288625528]], "chi2_level": 0.997, "chi2_df": 3, "chi2_threshold": 13.931422665512084, "N_raw": 49, "N_roi": 49, "N_inlier": 46, "refit": true}
{"timestamp": "17:04:23.681790", "frame": 58, "mu": [0.6829067367594358, 0.5729042537071678, 1.4344788129810015], "Sigma": [[0.0029030858325689787, -0.0004481840663044448, -0.004741190195012679], [-0.0004481840663044447, 0.001946325355923785, -0.0014684028665981187], [-0.004741190195012679, -0.0014684028665981194, 0.027505668204358985]], "chi2_level": 0.997, "chi2_df": 3, "chi2_threshold": 13.931422665512084, "N_raw": 26, "N_roi": 25, "N_inlier": 23, "refit": true}
{"timestamp": "17:04:23.734681", "frame": 59, "mu": [0.6746056560190865, 0.5340613064691999, 1.2898255339074305], "Sigma": [[0.006452578545413056, -0.005068282612452171, -0.000810397993818609], [-0.005068282612452171, 0.005945966238639486, -0.006786392447096237], [-0.0008103979938186099, -0.006786392447096238, 0.05667145622523198]], "chi2_level": 0.997, "chi2_df": 3, "chi2_threshold": 13.931422665512084, "N_raw": 13, "N_roi": 13, "N_inlier": 13, "refit": true}
{"timestamp": "17:04:23.790227", "frame": 60, "mu": [0.6447421293384247, 0.5181537481782588, 1.2955155722449927], "Sigma": [[0.0060814718357550925, -0.0028482507414483937, -0.013851706292973213], [-0.0028482507414483937, 0.004183943484743029, -0.007651531676116214], [-0.013851706292973215, -0.007651531676116214, 0.18766672152065175]], "chi2_level": 0.997, "chi2_df": 3, "chi2_threshold": 13.931422665512084, "N_raw": 22, "N_roi": 22, "N_inlier": 22, "refit": true}
{"timestamp": "17:04:23.844632", "frame": 61, "mu": [0.6491161041615429, 0.5116917903498814, 1.0401341418724492], "Sigma": [[0.015482968531228871, -0.009755370680685948, -0.020930167808392446], [-0.009755370680685948, 0.00887626015859976, -0.0064863299099993665], [-0.02093016780839245, -0.0064863299099993665, 0.22038335623838887]], "chi2_level": 0.997, "chi2_df": 3, "chi2_threshold": 13.931422665512084, "N_raw": 9, "N_roi": 9, "N_inlier": 9, "refit": true}
{"timestamp": "17:04:23.904001", "frame": 62, "mu": [0.4466258778758645, 0.5818601367628641, 1.3092495955906327], "Sigma": [[0.015491658683787218, -0.01304123176068884, 0.025226126461146237], [-0.01304123176068884, 0.01348544324138593, -0.026926956732605555], [0.025226126461146237, -0.026926956732605555, 0.06013532836782298]], "chi2_level": 0.997, "chi2_df": 3, "chi2_threshold": 13.931422665512084, "N_raw": 46, "N_roi": 46, "N_inlier": 43, "refit": true}
{"timestamp": "17:04:23.955474", "frame": 63, "mu": [0.5192404917438391, 0.5104947524393163, 1.2979921352115533], "Sigma": [[0.005463441311833636, -0.004985616509231411, -0.0046188925706531405], [-0.004985616509231411, 0.009192998684675937, -0.0063233535957882454], [-0.004618892570653142, -0.0063233535957882454, 0.19381670646090465]], "chi2_level": 0.997, "chi2_df": 3, "chi2_threshold": 13.931422665512084, "N_raw": 21, "N_roi": 21, "N_inlier": 21, "refit": true}
{"timestamp": "17:04:24.010123", "frame": 64, "mu": [0.5514146633998498, 0.4129905404391651, 1.275899780316252], "Sigma": [[0.004241291729127139, -0.005617310455975237, -0.02014065285658733], [-0.005617310455975238, 0.014116734413143947, 0.029899409584543853], [-0.020140652856587327, 0.029899409584543853, 0.17110255636506067]], "chi2_level": 0.997, "chi2_df": 3, "chi2_threshold": 13.931422665512084, "N_raw": 20, "N_roi": 20, "N_inlier": 20, "refit": true}
{"timestamp": "17:04:24.065307", "frame": 65, "mu": [0.4105247540133811, 0.49610091475820206, 1.2485678144993095], "Sigma": [[0.008226105018054396, -0.004061726881035989, 0.011835135212251702], [-0.00406172688103599, 0.0038602560636964173, -0.008962525629203664], [0.011835135212251704, -0.008962525629203662, 0.278684776713459]], "chi2_level": 0.997, "chi2_df": 3, "chi2_threshold": 13.931422665512084, "N_raw": 22, "N_roi": 22, "N_inlier": 22, "refit": true}
{"timestamp": "17:04:24.122279", "frame": 66, "mu": [0.3198424176377935, 0.6988376247836947, 1.0840778618231286], "Sigma": [[0.007850744050689593, -0.006885464666715216, 0.016132036205478564], [-0.006885464666715216, 0.021633299505562968, -0.02944309748796442], [0.01613203620547856, -0.029443097487964417, 0.10395378895569826]], "chi2_level": 0.997, "chi2_df": 3, "chi2_threshold": 13.931422665512084, "N_raw": 32, "N_roi": 31, "N_inlier": 29, "refit": true}
{"timestamp": "17:04:24.175500", "frame": 67, "mu": [0.35509284221800347, 0.5200160906272655, 1.1751868606617697], "Sigma": [[0.01927363092916228, -0.016390277503292278, -0.06151342338188076], [-0.01639027750329228, 0.018050670826290815, 0.04094921363562874], [-0.06151342338188076, 0.04094921363562874, 0.3079416608467197]], "chi2_level": 0.997, "chi2_df": 3, "chi2_threshold": 13.931422665512084, "N_raw": 20, "N_roi": 20, "N_inlier": 20, "refit": true}
{"timestamp": "17:04:24.233066", "frame": 68, "mu": [0.3102382749680895, 0.5641474015840414, 1.3544381970421788], "Sigma": [[0.005731063778669162, -0.002923056663982765, -0.008187818219287471], [-0.002923056663982765, 0.005152180457223682, -0.011378968728089528], [-0.008187818219287471, -0.011378968728089528, 0.10785192830046293]], "chi2_level": 0.997, "chi2_df": 3, "chi2_threshold": 13.931422665512084, "N_raw": 40, "N_roi": 40, "N_inlier": 39, "refit": true}
{"timestamp": "17:04:24.287391", "frame": 69, "mu": [0.2679924987122791, 0.5017016945759779, 1.325479802740097], "Sigma": [[0.006817166429575603, -0.009371871643219168, -0.006442281044665571], [-0.009371871643219168, 0.016735334499041903, 0.0026505748723321975], [-0.006442281044665571, 0.002650574872332197, 0.030666036066167857]], "chi2_level": 0.997, "chi2_df": 3, "chi2_threshold": 13.931422665512084, "N_raw": 33, "N_roi": 33, "N_inlier": 31, "refit": true}
{"timestamp": "17:04:24.351948", "frame": 70, "mu": [0.1722101955520232, 0.5892708237722056, 1.2273170701836416], "Sigma": [[0.012250408664896422, -0.022466237826466853, 0.01321232988178852], [-0.022466237826466853, 0.04538539768524086, -0.029094159735297803], [0.013212329881788519, -0.029094159735297803, 0.036746571813159365]], "chi2_level": 0.997, "chi2_df": 3, "chi2_threshold": 13.931422665512084, "N_raw": 106, "N_roi": 106, "N_inlier": 105, "refit": true}
{"timestamp": "17:04:24.398280", "frame": 71, "mu": [0.1715146762913617, 0.4512102762733259, 1.4048816658585734], "Sigma": [[0.0011642817698264134, -0.00315087681100036, -0.0020510818407780277], [-0.00315087681100036, 0.010795803457709032, 0.00577329792343368], [-0.0020510818407780277, 0.00577329792343368, 0.011220643112068001]], "chi2_level": 0.997, "chi2_df": 3, "chi2_threshold": 13.931422665512084, "N_raw": 35, "N_roi": 35, "N_inlier": 33, "refit": true}
{"timestamp": "17:04:24.453632", "frame": 72, "mu": [0.08385768585554447, 0.4990184522619397, 1.3290608196426172], "Sigma": [[0.02644464804572131, -0.03168916046680645, -0.01119847911323843], [-0.03168916046680645, 0.039330024773361755, 0.01273264464688299], [-0.01119847911323843, 0.01273264464688299, 0.005797971055325634]], "chi2_level": 0.997, "chi2_df": 3, "chi2_threshold": 13.931422665512084, "N_raw": 40, "N_roi": 40, "N_inlier": 36, "refit": true}
{"timestamp": "17:04:24.504697", "frame": 73, "mu": [0.04646246483797474, 0.5504559984936465, 1.0300685412186692], "Sigma": [[0.003144511528240234, -0.0028811045937317207, 0.0005740647674724455], [-0.0028811045937317207, 0.015032493278414431, 0.0386243416060103], [0.0005740647674724456, 0.03862434160601029, 0.3396334784173522]], "chi2_level": 0.997, "chi2_df": 3, "chi2_threshold": 13.931422665512084, "N_raw": 9, "N_roi": 9, "N_inlier": 9, "refit": true}
{"timestamp": "17:04:24.570823", "frame": 74, "mu": [-0.04064524503775145, 0.5651992492197225, 1.0840004501179508], "Sigma": [[0.01732490858708248, -0.022789636416687305, 0.012498977995864627], [-0.022789636416687298, 0.03553564772078677, 0.003728111909984673], [0.012498977995864627, 0.0037281119099846736, 0.16107188551039583]], "chi2_level": 0.997, "chi2_df": 3, "chi2_threshold": 13.931422665512084, "N_raw": 85, "N_roi": 85, "N_inlier": 85, "refit": true}
{"timestamp": "17:04:24.627823", "frame": 75, "mu": [-0.09251046959295818, 0.6661603796260532, 1.374816976241034], "Sigma": [[0.007212054459012706, -0.005620657816130043, 0.009766958043658621], [-0.005620657816130043, 0.008215814438818173, -0.01285118688301953], [0.009766958043658621, -0.01285118688301953, 0.02592730386688873]], "chi2_level": 0.997, "chi2_df": 3, "chi2_threshold": 13.931422665512084, "N_raw": 105, "N_roi": 105, "N_inlier": 102, "refit": true}
{"timestamp": "17:04:24.685025", "frame": 76, "mu": [-0.12821136027459587, 0.6222145219033479, 1.4572177864807059], "Sigma": [[0.0037022211006114765, -0.0022939946331603134, -0.0031053570610649105], [-0.0022939946331603134, 0.003920881037938772, -0.0011489393759401346], [-0.0031053570610649114, -0.0011489393759401348, 0.012563003919353588]], "chi2_level": 0.997, "chi2_df": 3, "chi2_threshold": 13.931422665512084, "N_raw": 114, "N_roi": 114, "N_inlier": 109, "refit": true}
{"timestamp": "17:04:24.744211", "frame": 77, "mu": [-0.1426954144434863, 0.576088007158889, 1.408974439789532], "Sigma": [[0.004456697646391836, -0.006553276304618246, -0.00048421991892595424], [-0.006553276304618246, 0.015683730182917112, -0.004962047146435103], [-0.00048421991892595397, -0.004962047146435103, 0.019408600774231996]], "chi2_level": 0.997, "chi2_df": 3, "chi2_threshold": 13.931422665512084, "N_raw": 147, "N_roi": 147, "N_inlier": 143, "refit": true}
{"timestamp": "17:04:24.791649", "frame": 78, "mu": [-0.13254133769679494, 0.5407108124096731, 1.3983736188663805], "Sigma": [[0.0024728490275338216, -0.003092568934339359, -0.002196703956893123], [-0.003092568934339359, 0.0068558213133380315, 0.00013799672944476686], [-0.002196703956893123, 0.00013799672944476684, 0.005873545320610047]], "chi2_level": 0.997, "chi2_df": 3, "chi2_threshold": 13.931422665512084, "N_raw": 92, "N_roi": 92, "N_inlier": 90, "refit": true}
{"timestamp": "17:04:24.846035", "frame": 79, "mu": [-0.26067169347858293, 0.6150134089569848, 1.4314650550067785], "Sigma": [[0.003634728522795774, -0.002367604753672584, 0.002189366291527787], [-0.002367604753672585, 0.00408489180071964, -0.007416663542061604], [0.002189366291527787, -0.007416663542061605, 0.01840225309125777]], "chi2_level": 0.997, "chi2_df": 3, "chi2_threshold": 13.931422665512084, "N_raw": 90, "N_roi": 89, "N_inlier": 85, "refit": true}
{"timestamp": "17:04:24.896814", "frame": 80, "mu": [-0.18631363511148152, 0.4942439243530531, 1.3284791339222537], "Sigma": [[0.0011564694048899614, -0.0009164718159052889, -2.63445034743943e-05], [-0.0009164718159052889, 0.012019989719035529, -0.0005461429006215512], [-2.6344503474394293e-05, -0.0005461429006215512, 0.0005922116612540349]], "chi2_level": 0.997, "chi2_df": 3, "chi2_threshold": 13.931422665512084, "N_raw": 59, "N_roi": 57, "N_inlier": 51, "refit": true}
{"timestamp": "17:04:24.947785", "frame": 81, "mu": [-0.28402668998200997, 0.5240559167569108, 1.4129863648110657], "Sigma": [[0.0007073996899873739, -0.001277293412844367, -0.0020760288870476373], [-0.0012772934128443673, 0.004526903637959089, 0.004976700737215045], [-0.0020760288870476373, 0.004976700737215045, 0.01834319362807671]], "chi2_level": 0.997, "chi2_df": 3, "chi2_threshold": 13.931422665512084, "N_raw": 38, "N_roi": 38, "N_inlier": 38, "refit": true}
{"timestamp": "17:04:25.006255", "frame": 82, "mu": [-0.4166974058461877, 0.5092440963031871, 1.4218566542121422], "Sigma": [[0.01664366607111359, 0.00026995294239053253, -0.014032024569460774], [0.00026995294239053264, 0.006376177105393491, -0.006368875362376021], [-0.014032024569460774, -0.006368875362376021, 0.018181037572434215]], "chi2_level": 0.997, "chi2_df": 3, "chi2_threshold": 13.931422665512084, "N_raw": 64, "N_roi": 64, "N_inlier": 63, "refit": true}
{"timestamp": "17:04:25.057449", "frame": 83, "mu": [-0.4261164950642109, 0.569841820599394, 1.2856655173072726], "Sigma": [[0.013081132037749904, 0.004438946305683092, -0.0038001081862479393], [0.004438946305683093, 0.0040171264505222785, -0.011429746576101966], [-0.003800108186247939, -0.011429746576101964, 0.20066717565113085]], "chi2_level": 0.997, "chi2_df": 3, "chi2_threshold": 13.931422665512084, "N_raw": 33, "N_roi": 33, "N_inlier": 33, "refit": true}
{"timestamp": "17:04:25.119200", "frame": 84, "mu": [-0.47186710017517786, 0.479404038480788, 1.3847138983993987], "Sigma": [[0.0060227331667779575, 0.0020178883533186085, 0.00758503352368263], [0.002017888353318609, 0.013678050848728633, -0.003429416159537799], [0.00758503352368263, -0.0034294161595377977, 0.07254390060691751]], "chi2_level": 0.997, "chi2_df": 3, "chi2_threshold": 13.931422665512084, "N_raw": 79, "N_roi": 79, "N_inlier": 78, "refit": true}
{"timestamp": "17:04:25.180795", "frame": 85, "mu": [-0.538691008543261, 0.49791630010856586, 1.4769548562834767], "Sigma": [[0.024464555571400728, 0.0009465904905788449, -0.025082541514250073], [0.000946590490578845, 0.005685933436459448, -0.0027769808346530013], [-0.025082541514250076, -0.0027769808346530013, 0.030422692559853956]], "chi2_level": 0.997, "chi2_df": 3, "chi2_threshold": 13.931422665512084, "N_raw": 97, "N_roi": 96, "N_inlier": 90, "refit": true}
{"timestamp": "17:04:25.236887", "frame": 86, "mu": [-0.6009021219097261, 0.6064486686915922, -0.36494664759435463], "Sigma": [[0.0146204831777131, -0.0008564034013052709, -0.018118236561932056], [-0.0008564034013052711, 0.007531347544337164, 0.0007478976751716629], [-0.018118236561932056, 0.0007478976751716628, 0.03338122986237261]], "chi2_level": 0.997, "chi2_df": 3, "chi2_threshold": 13.931422665512084, "N_raw": 125, "N_roi": 125, "N_inlier": 123, "refit": true}
{"timestamp": "17:04:25.291992", "frame": 87, "mu": [-0.6451743182945482, 0.5016077666459129, 1.4766118199606766], "Sigma": [[0.016422960611537044, -0.0011465253388069972, -0.01757020542104399], [-0.0011465253388069974, 0.006402967159529155, -0.0024447518293876456], [-0.01757020542104399, -0.002444751829387646, 0.025978933574099444]], "chi2_level": 0.997, "chi2_df": 3, "chi2_threshold": 13.931422665512084, "N_raw": 124, "N_roi": 124, "N_inlier": 121, "refit": true}
{"timestamp": "17:04:25.344674", "frame": 88, "mu": [-0.813017153103258, 0.4910020638110508, 0.2511978356629557], "Sigma": [[0.016429809706511353, -0.0021693987669029933, 0.07691114096591295], [-0.0021693987669029933, 0.008306241671180452, 0.008408523388810252], [0.07691114096591295, 0.008408523388810249, 0.7176846060429504]], "chi2_level": 0.997, "chi2_df": 3, "chi2_threshold": 13.931422665512084, "N_raw": 105, "N_roi": 105, "N_inlier": 104, "refit": true}
{"timestamp": "17:04:25.396969", "frame": 89, "mu": [-0.8395047053395611, 0.5029613722702595, 0.12003839198071811], "Sigma": [[0.013870297051465598, -0.004924111315740942, 0.05686200407810936], [-0.004924111315740943, 0.01718863612856919, -0.0299802545191691], [0.05686200407810936, -0.0299802545191691, 0.503300604609303]], "chi2_level": 0.997, "chi2_df": 3, "chi2_threshold": 13.931422665512084, "N_raw": 91, "N_roi": 91, "N_inlier": 91, "refit": true}
{"timestamp": "17:04:25.452021", "frame": 90, "mu": [-0.8296893665119511, 0.5103039064274294, 1.513332631914852], "Sigma": [[0.009599731925603516, -0.002685938416853302, -0.005363252410909877], [-0.0026859384168533024, 0.024385919529959187, 0.01582683657688034], [-0.005363252410909876, 0.01582683657688034, 0.02567090129031496]], "chi2_level": 0.997, "chi2_df": 3, "chi2_threshold": 13.931422665512084, "N_raw": 87, "N_roi": 87, "N_inlier": 82, "refit": true}
{"timestamp": "17:04:25.507846", "frame": 91, "mu": [-0.8881262466014762, 0.5600454331793552, 1.571601174994632], "Sigma": [[0.012948579961420978, -0.005813248154328982, -0.009530992420034311], [-0.005813248154328982, 0.01323541869618579, 0.0027063801055024154], [-0.009530992420034311, 0.0027063801055024154, 0.011339602530186203]], "chi2_level": 0.997, "chi2_df": 3, "chi2_threshold": 13.931422665512084, "N_raw": 108, "N_roi": 108, "N_inlier": 108, "refit": true}
{"timestamp": "17:04:25.567004", "frame": 92, "mu": [-0.97201700650608, 0.5134372641326093, 1.5410579533402522], "Sigma": [[0.015065504074206643, -0.005480289946394368, -0.011097633223495782], [-0.005480289946394368, 0.024661579361469475, 0.00012944939967485638], [-0.011097633223495783, 0.0001294493996748566, 0.01810200243178544]], "chi2_level": 0.997, "chi2_df": 3, "chi2_threshold": 13.931422665512084, "N_raw": 123, "N_roi": 123, "N_inlier": 114, "refit": true}
{"timestamp": "17:04:25.618145", "frame": 93, "mu": [-0.9868203217655289, 0.5206074395565009, 1.4573532508322788], "Sigma": [[0.015268434849071992, 0.004456484392972993, -0.018734490849592368], [0.004456484392972993, 0.017091626558769526, -0.015236654609119245], [-0.018734490849592368, -0.015236654609119245, 0.04895471034482891]], "chi2_level": 0.997, "chi2_df": 3, "chi2_threshold": 13.931422665512084, "N_raw": 109, "N_roi": 109, "N_inlier": 108, "refit": true}
{"timestamp": "17:04:25.670161", "frame": 94, "mu": [-0.664855697826976, 0.38213246904017134, 1.4289084805807557], "Sigma": [[0.6378751085143911, -0.04726830101197743, 0.0022590008236162418], [-0.04726830101197743, 0.022325214522594134, 0.0008977187943774564], [0.0022590008236162426, 0.0008977187943774566, 0.004831139253927854]], "chi2_level": 0.997, "chi2_df": 3, "chi2_threshold": 13.931422665512084, "N_raw": 88, "N_roi": 88, "N_inlier": 86, "refit": true}
{"timestamp": "17:04:25.725968", "frame": 95, "mu": [-1.0775716894767053, 0.5628659250493651, 1.5295082389394385], "Sigma": [[0.010567244078109024, -0.0020352843733636235, -0.0048284228563411635], [-0.0020352843733636235, 0.014797179388689454, -0.00201608963865184], [-0.0048284228563411635, -0.0020160896386518397, 0.004116224699640579]], "chi2_level": 0.997, "chi2_df": 3, "chi2_threshold": 13.931422665512084, "N_raw": 95, "N_roi": 95, "N_inlier": 92, "refit": true}
