{"timestamp": "16:44:59.409078", "frame": 1, "mu": [2.3667190145838894, 4.955761296756188, 1.3310946445046135], "Sigma": [[0.004480215270294469, 0.00040551960739111393, -0.0035855759193716423], [0.00040551960739111393, 0.0005147255003271355, -0.0008084289473698403], [-0.0035855759193716423, -0.0008084289473698403, 0.005587131888041938]], "chi2_level": 0.997, "chi2_df": 3, "chi2_threshold": 13.931422665512084, "N_raw": 14, "N_roi": 5, "N_inlier": 5, "refit": true}
{"timestamp": "16:44:59.738823", "frame": 7, "mu": [2.368017432026443, 4.859669166126598, 0.8865276883422241], "Sigma": [[0.007465538819624129, -0.004799037407335612, -0.0009652467318846168], [-0.004799037407335611, 0.004656585741352046, -3.2255056994094687e-06], [-0.0009652467318846167, -3.2255056994093603e-06, 0.0022936794742852195]], "chi2_level": 0.997, "chi2_df": 3, "chi2_threshold": 13.931422665512084, "N_raw": 21, "N_roi": 10, "N_inlier": 10, "refit": true}
{"timestamp": "16:44:59.910381", "frame": 10, "mu": [2.3788038218255636, 4.913207957652713, 1.1079621360434369], "Sigma": [[0.00898973151204545, -0.0018810376839423378, -0.002325787890314617], [-0.0018810376839423378, 0.0036875509957152827, 0.001764519148223776], [-0.002325787890314617, 0.001764519148223776, 0.003450579191927152]], "chi2_level": 0.997, "chi2_df": 3, "chi2_threshold": 13.931422665512084, "N_raw": 60, "N_roi": 12, "N_inlier": 12, "refit": true}
{"timestamp": "16:45:00.015159", "frame": 12, "mu": [2.3786288051038333, 4.903765938666253, 1.1560810383409252], "Sigma": [[0.00752885968577367, -0.0024000868924233493, -0.005089025906250339], [-0.0024000868924233493, 0.0019359802009843278, 0.0004506816277509918], [-0.00508902590625034, 0.0004506816277509919, 0.007758526160396796]], "chi2_level": 0.997, "chi2_df": 3, "chi2_threshold": 13.931422665512084, "N_raw": 12, "N_roi": 8, "N_inlier": 8, "refit": true}
{"timestamp": "16:45:00.287402", "frame": 17, "mu": [2.2185617923868994, 4.964563430990844, 1.1821046615028268], "Sigma": [[0.006773534956983628, -0.0002335364162023264, -0.02296867025679418], [-0.0002335364162023264, 0.0009813851591626071, 0.0014960847461147424], [-0.022968670256794183, 0.0014960847461147424, 0.09473825872620185]], "chi2_level": 0.997, "chi2_df": 3, "chi2_threshold": 13.931422665512084, "N_raw": 8, "N_roi": 5, "N_inlier": 5, "refit": true}
{"timestamp": "16:45:00.514896", "frame": 21, "mu": [2.2216533007827812, 4.8375487010653835, 0.73841499061644], "Sigma": [[0.02301933401754567, -0.01018203884449221, -0.015918528453247136], [-0.01018203884449221, 0.007858713291610956, 0.006532932702628379], [-0.01591852845324714, 0.006532932702628379, 0.10713874378631068]], "chi2_level": 0.997, "chi2_df": 3, "chi2_threshold": 13.931422665512084, "N_raw": 58, "N_roi": 45, "N_inlier": 45, "refit": true}
{"timestamp": "16:45:00.573642", "frame": 22, "mu": [2.215247149194847, 4.781383247139107, 0.7987684050352476], "Sigma": [[0.02421311404319699, -0.013385662412806115, -0.006126569198989279], [-0.013385662412806115, 0.009049971398561828, -0.0025987439636676506], [-0.00612656919898928, -0.0025987439636676506, 0.03898671643636764]], "chi2_level": 0.997, "chi2_df": 3, "chi2_threshold": 13.931422665512084, "N_raw": 64, "N_roi": 41, "N_inlier": 41, "refit": true}
{"timestamp": "16:45:00.622813", "frame": 23, "mu": [2.1920061667224227, 4.716696953547408, 1.067368303810842], "Sigma": [[0.025947787387174008, -0.011931774069820412, -0.008694522451673993], [-0.011931774069820414, 0.006818218844387646, 0.001506664419789641], [-0.008694522451673993, 0.0015066644197896414, 0.0189156512584273]], "chi2_level": 0.997, "chi2_df": 3, "chi2_threshold": 13.931422665512084, "N_raw": 24, "N_roi": 24, "N_inlier": 23, "refit": true}
{"timestamp": "16:45:00.675055", "frame": 24, "mu": [2.1955566293244866, 4.680495595575172, 0.7500988190620641], "Sigma": [[0.009592073705603743, -0.005445565222964549, -0.004700046623610452], [-0.005445565222964549, 0.004714820018791823, -0.0035347702640574313], [-0.004700046623610452, -0.0035347702640574317, 0.03276066286183915]], "chi2_level": 0.997, "chi2_df": 3, "chi2_threshold": 13.931422665512084, "N_raw": 12, "N_roi": 12, "N_inlier": 12, "refit": true}
{"timestamp": "16:45:00.730133", "frame": 25, "mu": [2.001138515619791, 4.265671433536295, 0.8603630618709097], "Sigma": [[0.36329926242702587, 0.7543090628628998, -0.25951256950086893], [0.7543090628628999, 1.622833812313268, -0.5074511844907662], [-0.2595125695008689, -0.5074511844907661, 0.23338568661555673]], "chi2_level": 0.997, "chi2_df": 3, "chi2_threshold": 13.931422665512084, "N_raw": 8, "N_roi": 8, "N_inlier": 8, "refit": true}
{"timestamp": "16:45:00.784692", "frame": 26, "mu": [1.8198673661052371, 3.9448970864725137, 1.025092156382829], "Sigma": [[0.5514362636878392, 1.1443426043318743, -0.2643776055866909], [1.1443426043318743, 2.403289153144333, -0.5115538371548818], [-0.2643776055866909, -0.5115538371548818, 0.20553237502126173]], "chi2_level": 0.997, "chi2_df": 3, "chi2_threshold": 13.931422665512084, "N_raw": 8, "N_roi": 6, "N_inlier": 6, "refit": true}
{"timestamp": "16:45:00.839855", "frame": 27, "mu": [2.2534403240454544, 4.497341758524784, 0.6657381159883641], "Sigma": [[0.032076806986414554, -0.01256640106298771, -0.026137802113520146], [-0.012566401062987707, 0.02389880676790132, 0.008934733148729663], [-0.026137802113520146, 0.008934733148729663, 0.033107045942351365]], "chi2_level": 0.997, "chi2_df": 3, "chi2_threshold": 13.931422665512084, "N_raw": 13, "N_roi": 11, "N_inlier": 11, "refit": true}
{"timestamp": "16:45:00.899026", "frame": 28, "mu": [2.145604822666405, 4.453243253761722, 0.6984100198770224], "Sigma": [[0.030973042913496042, -0.01866482016977578, -0.021612857537266883], [-0.018664820169775775, 0.013307392697355492, 0.010715436221981962], [-0.021612857537266883, 0.010715436221981962, 0.022907763918730895]], "chi2_level": 0.997, "chi2_df": 3, "chi2_threshold": 13.931422665512084, "N_raw": 38, "N_roi": 37, "N_inlier": 37, "refit": true}
{"timestamp": "16:45:00.953698", "frame": 29, "mu": [2.0720375240180937, 4.429171593283802, 0.7355401683300594], "Sigma": [[0.02533240920349878, -0.01456448381963349, -0.007256528328462306], [-0.01456448381963349, 0.009362275950924434, 0.0017973118278332917], [-0.007256528328462307, 0.001797311827833292, 0.025671736777420188]], "chi2_level": 0.997, "chi2_df": 3, "chi2_threshold": 13.931422665512084, "N_raw": 38, "N_roi": 35, "N_inlier": 35, "refit": true}
{"timestamp": "16:45:01.007351", "frame": 30, "mu": [1.9826281880016972, 4.400263332921098, 0.5684558163697746], "Sigma": [[0.016027931581514516, -0.008421364872659027, 0.014274900754448946], [-0.008421364872659027, 0.005368634016059738, -0.01279562996689396], [0.014274900754448944, -0.01279562996689396, 0.06458522911162634]], "chi2_level": 0.997, "chi2_df": 3, "chi2_threshold": 13.931422665512084, "N_raw": 24, "N_roi": 21, "N_inlier": 21, "refit": true}
{"timestamp": "16:45:01.061698", "frame": 31, "mu": [2.003815746950776, 4.344678837424247, 0.6710310145818575], "Sigma": [[0.011168366125018021, -0.006306179087292239, -0.0034585231822120534], [-0.006306179087292239, 0.00483710377622515, -0.0002432550327669266], [-0.0034585231822120534, -0.0002432550327669266, 0.008293685393682564]], "chi2_level": 0.997, "chi2_df": 3, "chi2_threshold": 13.931422665512084, "N_raw": 20, "N_roi": 20, "N_inlier": 19, "refit": true}
{"timestamp": "16:45:01.118969", "frame": 32, "mu": [1.8049245056456686, 4.615508260906777, -0.5839712725187564], "Sigma": [[0.024925741779873934, -0.008381432214036724, -0.0029378876400755222], [-0.008381432214036724, 0.006905169332474196, -0.009022501911035128], [-0.0029378876400755222, -0.009022501911035128, 0.034176082879644826]], "chi2_level": 0.997, "chi2_df": 3, "chi2_threshold": 13.931422665512084, "N_raw": 36, "N_roi": 36, "N_inlier": 34, "refit": true}
{"timestamp": "16:45:01.169634", "frame": 33, "mu": [1.8243642223800174, 4.491275803578662, -0.47292617178161545], "Sigma": [[0.005685847807954705, -0.005034246004923486, 0.00937913223331959], [-0.005034246004923486, 0.011939517762561953, -0.03807778375087712], [0.009379132233319588, -0.03807778375087712, 0.1403647588557063]], "chi2_level": 0.997, "chi2_df": 3, "chi2_threshold": 13.931422665512084, "N_raw": 7, "N_roi": 7, "N_inlier": 7, "refit": true}
{"timestamp": "16:45:01.230294", "frame": 34, "mu": [1.776640983359205, 4.446609217684101, -0.4056548155727554], "Sigma": [[0.015927332510215213, -0.00926713542298924, 0.01192966923056206], [-0.00926713542298924, 0.010371903491101378, -0.02294002633529932], [0.01192966923056206, -0.02294002633529932, 0.0718877127652134]], "chi2_level": 0.997, "chi2_df": 3, "chi2_threshold": 13.931422665512084, "N_raw": 45, "N_roi": 45, "N_inlier": 44, "refit": true}
{"timestamp": "16:45:01.285257", "frame": 35, "mu": [1.8112203302653338, 4.160017944510019, 0.7239145516718309], "Sigma": [[0.021166076193258387, -0.010202588077199072, -0.009488603909768759], [-0.010202588077199072, 0.006289435304234127, 0.00036618089149554646], [-0.009488603909768759, 0.0003661808914955456, 0.03352282924808862]], "chi2_level": 0.997, "chi2_df": 3, "chi2_threshold": 13.931422665512084, "N_raw": 48, "N_roi": 48, "N_inlier": 47, "refit": true}
{"timestamp": "16:45:01.340281", "frame": 36, "mu": [1.6948752672724645, 4.160294903337189, 0.626385992113773], "Sigma": [[0.01916696898858118, -0.008760756536705494, -0.0022916255329223194], [-0.008760756536705494, 0.005254755762860976, -0.003250112077789445], [-0.0022916255329223185, -0.0032501120777894453, 0.02480956904024195]], "chi2_level": 0.997, "chi2_df": 3, "chi2_threshold": 13.931422665512084, "N_raw": 43, "N_roi": 43, "N_inlier": 43, "refit": true}
{"timestamp": "16:45:01.392814", "frame": 37, "mu": [1.683918647253958, 4.074501814744011, 0.6473215387527845], "Sigma": [[0.015280928876658184, -0.005537060960742452, -0.00920884388363219], [-0.0055370609607424525, 0.002495964723446714, 0.0015441289716224393], [-0.00920884388363219, 0.0015441289716224395, 0.021611365513055966]], "chi2_level": 0.997, "chi2_df": 3, "chi2_threshold": 13.931422665512084, "N_raw": 28, "N_roi": 28, "N_inlier": 28, "refit": true}
{"timestamp": "16:45:01.444175", "frame": 38, "mu": [1.671276046078301, 4.031832669334908, 0.7027691427230418], "Sigma": [[0.0011782910838764034, 0.0001930134708034853, -0.006637420758563793], [0.00019301347080348527, 0.0008245992598853295, -0.0034140161627071353], [-0.006637420758563794, -0.0034140161627071353, 0.04797790214314689]], "chi2_level": 0.997, "chi2_df": 3, "chi2_threshold": 13.931422665512084, "N_raw": 5, "N_roi": 5, "N_inlier": 5, "refit": true}
{"timestamp": "16:45:01.504002", "frame": 39, "mu": [1.5255591149280592, 4.05672958439451, 0.5280063247129939], "Sigma": [[0.0184785114337839, -0.018527842684839393, -0.014240577301404364], [-0.018527842684839393, 0.028188084806453205, 0.02014870015357443], [-0.014240577301404364, 0.02014870015357443, 0.016315359063734138]], "chi2_level": 0.997, "chi2_df": 3, "chi2_threshold": 13.931422665512084, "N_raw": 34, "N_roi": 34, "N_inlier": 33, "refit": true}
{"timestamp": "16:45:01.559997", "frame": 40, "mu": [1.4844819839698133, 3.9890730211705905, 0.7171808571891285], "Sigma": [[0.030224888055885066, -0.01887899663645771, -0.004541984617470455], [-0.018878996636457715, 0.015941950759682872, -0.0022687876066153777], [-0.004541984617470455, -0.0022687876066153777, 0.01159377260941339]], "chi2_level": 0.997, "chi2_df": 3, "chi2_threshold": 13.931422665512084, "N_raw": 42, "N_roi": 41, "N_inlier": 40, "refit": true}
{"timestamp": "16:45:01.614340", "frame": 41, "mu": [1.4492551722689893, 4.145843709624581, -0.496136504405126], "Sigma": [[0.020861640152563657, -0.009395907034903225, -0.007443060491543245], [-0.009395907034903221, 0.008158303434979326, 0.002252678333736144], [-0.007443060491543245, 0.002252678333736144, 0.0052392260442582364]], "chi2_level": 0.997, "chi2_df": 3, "chi2_threshold": 13.931422665512084, "N_raw": 38, "N_roi": 36, "N_inlier": 36, "refit": true}
{"timestamp": "16:45:01.668626", "frame": 42, "mu": [1.2786228083472637, 3.9367579146122353, 0.4268990120703359], "Sigma": [[0.026533414482496222, -0.016128417364598975, -0.014825804082186207], [-0.016128417364598975, 0.017544476410418734, 0.015691385792640802], [-0.014825804082186207, 0.015691385792640802, 0.014769432641316988]], "chi2_level": 0.997, "chi2_df": 3, "chi2_threshold": 13.931422665512084, "N_raw": 38, "N_roi": 38, "N_inlier": 37, "refit": true}
{"timestamp": "16:45:01.723266", "frame": 43, "mu": [1.294807041114499, 3.808508248852353, 0.662642773322883], "Sigma": [[0.020680418587152406, -0.011394452737690495, 0.004742063850953185], [-0.011394452737690497, 0.008847461194599145, -0.0016603149528404016], [0.004742063850953186, -0.0016603149528404023, 0.05735530548316492]], "chi2_level": 0.997, "chi2_df": 3, "chi2_threshold": 13.931422665512084, "N_raw": 33, "N_roi": 33, "N_inlier": 33, "refit": true}
{"timestamp": "16:45:01.776413", "frame": 44, "mu": [1.2635248253560172, 3.939010756814807, -0.32885201172199197], "Sigma": [[0.015469531842620616, -0.005199298176238581, -0.0063351844097692825], [-0.005199298176238581, 0.004178477675397117, -0.00104317451155672], [-0.006335184409769283, -0.0010431745115567197, 0.008969350595642881]], "chi2_level": 0.997, "chi2_df": 3, "chi2_threshold": 13.931422665512084, "N_raw": 23, "N_roi": 23, "N_inlier": 22, "refit": true}
{"timestamp": "16:45:01.834630", "frame": 45, "mu": [1.1835438198862234, 3.8830641704885185, -0.21044474611490294], "Sigma": [[0.01995647543737329, -0.0071215593475698075, -0.00937193300107209], [-0.0071215593475698075, 0.008968537224281878, -0.005827059647884114], [-0.00937193300107209, -0.005827059647884114, 0.020816006532703962]], "chi2_level": 0.997, "chi2_df": 3, "chi2_threshold": 13.931422665512084, "N_raw": 39, "N_roi": 39, "N_inlier": 38, "refit": true}
{"timestamp": "16:45:01.890137", "frame": 46, "mu": [1.2344391871638247, 3.6026589194033747, 0.6707283136640247], "Sigma": [[0.022091374426560992, -0.008204439525954985, -0.0046621693188820795], [-0.008204439525954985, 0.003556113373790149, -0.00048315908363021163], [-0.0046621693188820795, -0.00048315908363021174, 0.020476104899328162]], "chi2_level": 0.997, "chi2_df": 3, "chi2_threshold": 13.931422665512084, "N_raw": 43, "N_roi": 41, "N_inlier": 39, "refit": true}
{"timestamp": "16:45:01.943066", "frame": 47, "mu": [1.085771658008037, 3.788748783339224, -0.2271397897341968], "Sigma": [[0.007991350877078593, -0.0013946693093367408, -0.007312935090059276], [-0.0013946693093367408, 0.0038837501699498524, -0.008788522895583885], [-0.007312935090059276, -0.008788522895583885, 0.03900216992988157]], "chi2_level": 0.997, "chi2_df": 3, "chi2_threshold": 13.931422665512084, "N_raw": 27, "N_roi": 27, "N_inlier": 27, "refit": true}
{"timestamp": "16:45:01.999467", "frame": 48, "mu": [1.174266851383634, 3.704598706916563, -0.4110877657604497], "Sigma": [[0.014940056059299415, -0.005287652545729677, -0.007221868942897133], [-0.005287652545729676, 0.005121579081470344, -0.0029077918454655178], [-0.007221868942897133, -0.0029077918454655178, 0.014827549526456303]], "chi2_level": 0.997, "chi2_df": 3, "chi2_threshold": 13.931422665512084, "N_raw": 34, "N_roi": 32, "N_inlier": 32, "refit": true}
{"timestamp": "16:45:02.060253", "frame": 49, "mu": [1.1568171026737095, 3.31681849925404, 0.5429423886218558], "Sigma": [[0.03294507271405604, -0.026395289222182327, -0.011693676220095487], [-0.026395289222182323, 0.02821658070964527, 0.006279291692304918], [-0.011693676220095487, 0.006279291692304918, 0.011307494753978733]], "chi2_level": 0.997, "chi2_df": 3, "chi2_threshold": 13.931422665512084, "N_raw": 76, "N_roi": 76, "N_inlier": 75, "refit": true}
{"timestamp": "16:45:02.115635", "frame": 50, "mu": [0.8348365060566979, 3.5135660525573353, -1.0731465811430176], "Sigma": [[0.01895088393216523, -0.007081832151288109, 0.04449584039269915], [-0.0070818321512881085, 0.004561151681103318, -0.028566485049790286], [0.04449584039269915, -0.028566485049790286, 0.39561628722454756]], "chi2_level": 0.997, "chi2_df": 3, "chi2_threshold": 13.931422665512084, "N_raw": 78, "N_roi": 73, "N_inlier": 72, "refit": true}
{"timestamp": "16:45:02.161424", "frame": 51, "mu": [0.8644971236032083, 3.261708497574876, 0.6559462471520657], "Sigma": [[0.00048641630373342495, 0.0017647200483336093, 0.0010496813756256745], [0.0017647200483336093, 0.020932858687167467, 0.012184786955858097], [0.0010496813756256745, 0.012184786955858095, 0.008264847718898774]], "chi2_level": 0.997, "chi2_df": 3, "chi2_threshold": 13.931422665512084, "N_raw": 6, "N_roi": 6, "N_inlier": 6, "refit": true}
{"timestamp": "16:45:02.215448", "frame": 52, "mu": [0.787966556803923, 3.1835484832160814, 0.7795207129202525], "Sigma": [[0.00360087098191678, 0.009482390513154295, 0.012159978546524048], [0.009482390513154294, 0.02997201014396312, 0.03983949757988178], [0.012159978546524048, 0.03983949757988178, 0.055536318035503775]], "chi2_level": 0.997, "chi2_df": 3, "chi2_threshold": 13.931422665512084, "N_raw": 9, "N_roi": 6, "N_inlier": 6, "refit": true}
{"timestamp": "16:45:02.271352", "frame": 53, "mu": [0.6558501249049755, 3.2703261360487614, 0.7349612671542636], "Sigma": [[0.0035709369827333637, 0.0023222802847568747, 0.006044603761748939], [0.002322280284756875, 0.008054629456325645, -0.00813024260800797], [0.006044603761748939, -0.00813024260800797, 0.035237322038022253]], "chi2_level": 0.997, "chi2_df": 3, "chi2_threshold": 13.931422665512084, "N_raw": 11, "N_roi": 8, "N_inlier": 8, "refit": true}
{"timestamp": "16:45:02.334811", "frame": 54, "mu": [0.648917524541037, 3.453453248259241, -0.32371260729311413], "Sigma": [[0.019584094452832962, -0.0032954160120416765, -0.001255901143636661], [-0.0032954160120416765, 0.006753581399004842, -0.010456573583798642], [-0.0012559011436366614, -0.010456573583798642, 0.020666689547029885]], "chi2_level": 0.997, "chi2_df": 3, "chi2_threshold": 13.931422665512084, "N_raw": 78, "N_roi": 76, "N_inlier": 73, "refit": true}
{"timestamp": "16:45:02.389657", "frame": 55, "mu": [0.6881095833014316, 3.3638872497473495, -0.30741935733185616], "Sigma": [[0.01746283669789679, -0.003916558766825321, -0.0035786019115231983], [-0.003916558766825321, 0.007083887986116339, -0.008203800733802377], [-0.0035786019115231988, -0.008203800733802377, 0.02181834219229696]], "chi2_level": 0.997, "chi2_df": 3, "chi2_threshold": 13.931422665512084, "N_raw": 72, "N_roi": 70, "N_inlier": 68, "refit": true}
{"timestamp": "16:45:02.440191", "frame": 56, "mu": [0.5688509739176075, 3.2921282773861575, -0.2718576955190157], "Sigma": [[0.012876536244066117, -0.004091470641858136, -0.008345332954397391], [-0.004091470641858136, 0.004783835036058886, 0.002376693756808843], [-0.008345332954397391, 0.002376693756808843, 0.00807592100319741]], "chi2_level": 0.997, "chi2_df": 3, "chi2_threshold": 13.931422665512084, "N_raw": 43, "N_roi": 42, "N_inlier": 39, "refit": true}
{"timestamp": "16:45:02.499615", "frame": 57, "mu": [0.5549248756702245, 3.2388634958503983, -0.5097272076699674], "Sigma": [[0.017405668808257724, 0.00410623211560376, 0.030577696350008635], [0.0041062321156037605, 0.00883959752232222, 0.01148589513491232], [0.03057769635000863, 0.01148589513491232, 0.16546416517985846]], "chi2_level": 0.997, "chi2_df": 3, "chi2_threshold": 13.931422665512084, "N_raw": 74, "N_roi": 72, "N_inlier": 71, "refit": true}
{"timestamp": "16:45:02.555570", "frame": 58, "mu": [0.37682866438703916, 3.23419521867984, -0.13728395021301543], "Sigma": [[0.014208834593708803, -0.0004428634465663498, -0.025629784383717234], [-0.0004428634465663499, 0.004981171609131035, -0.011352245126512995], [-0.025629784383717234, -0.011352245126512997, 0.09396866520045788]], "chi2_level": 0.997, "chi2_df": 3, "chi2_threshold": 13.931422665512084, "N_raw": 67, "N_roi": 64, "N_inlier": 61, "refit": true}
{"timestamp": "16:45:02.614646", "frame": 59, "mu": [0.31147990774412365, 3.2623424860621957, -0.21897125998110847], "Sigma": [[0.028562702456269694, -0.014382270859241247, 0.0008194233675707703], [-0.014382270859241247, 0.019917603679239552, -0.020465271834001063], [0.0008194233675707697, -0.020465271834001063, 0.037881522412028024]], "chi2_level": 0.997, "chi2_df": 3, "chi2_threshold": 13.931422665512084, "N_raw": 102, "N_roi": 99, "N_inlier": 99, "refit": true}
{"timestamp": "16:45:02.664638", "frame": 60, "mu": [0.26294635510146386, 3.162674842399068, -0.31144714425284736], "Sigma": [[0.011701460194688368, -0.0007423167480110137, -0.008693727703464302], [-0.0007423167480110137, 0.005582919908102109, -0.016319293025825368], [-0.008693727703464302, -0.016319293025825368, 0.06039683578876154]], "chi2_level": 0.997, "chi2_df": 3, "chi2_threshold": 13.931422665512084, "N_raw": 66, "N_roi": 66, "N_inlier": 64, "refit": true}
{"timestamp": "16:45:02.717413", "frame": 61, "mu": [0.21167786571179822, 3.119090105842201, -0.28676289949985245], "Sigma": [[0.018720717868626183, -0.008834706991004793, 0.00018348714558836686], [-0.008834706991004793, 0.008744391584414432, -0.011592592469662794], [0.00018348714558836686, -0.011592592469662794, 0.031406843743095054]], "chi2_level": 0.997, "chi2_df": 3, "chi2_threshold": 13.931422665512084, "N_raw": 54, "N_roi": 53, "N_inlier": 49, "refit": true}
{"timestamp": "16:45:02.775479", "frame": 62, "mu": [0.10962904386115868, 2.871013023519935, 0.7670262846240806], "Sigma": [[0.022321165868229943, -0.012943920892732004, -0.0025089903686120463], [-0.012943920892732004, 0.010703043707303355, -0.001513111302557003], [-0.0025089903686120467, -0.001513111302557003, 0.0230884794802826]], "chi2_level": 0.997, "chi2_df": 3, "chi2_threshold": 13.931422665512084, "N_raw": 76, "N_roi": 76, "N_inlier": 73, "refit": true}
{"timestamp": "16:45:02.834523", "frame": 63, "mu": [0.08072707265792715, 2.8101762915122075, -0.9669453142460159], "Sigma": [[0.017811440949409785, -0.005411224243176052, -0.0016531974166062915], [-0.005411224243176051, 0.009356691244164215, -0.0213424958717896], [-0.0016531974166062915, -0.021342495871789602, 0.08795980798721761]], "chi2_level": 0.997, "chi2_df": 3, "chi2_threshold": 13.931422665512084, "N_raw": 95, "N_roi": 95, "N_inlier": 91, "refit": true}
{"timestamp": "16:45:02.885615", "frame": 64, "mu": [0.031134893528365393, 2.8190123508930753, -0.3287204668524029], "Sigma": [[0.014274419349584148, 0.006996126973078654, 0.009842700885454954], [0.006996126973078654, 0.011312923486071795, -0.004680998666177523], [0.009842700885454952, -0.0046809986661775225, 0.11520875792210715]], "chi2_level": 0.997, "chi2_df": 3, "chi2_threshold": 13.931422665512084, "N_raw": 77, "N_roi": 72, "N_inlier": 70, "refit": true}
{"timestamp": "16:45:02.934401", "frame": 65, "mu": [-0.0617720906232659, 3.0063797673046633, -0.8971200278425252], "Sigma": [[0.02443828542255386, -0.025584202391360028, 0.08209757240561377], [-0.025584202391360028, 0.041361563207714225, -0.13483606166075124], [0.08209757240561377, -0.13483606166075124, 0.4897423052040482]], "chi2_level": 0.997, "chi2_df": 3, "chi2_threshold": 13.931422665512084, "N_raw": 29, "N_roi": 28, "N_inlier": 28, "refit": true}
{"timestamp": "16:45:02.998035", "frame": 66, "mu": [-0.05673058281942429, 2.7870488911284306, -0.3581008914078768], "Sigma": [[0.015293298155185531, 0.004878807588079041, -0.023929435567073727], [0.00487880758807904, 0.02138357802186855, -0.07494854938326327], [-0.023929435567073727, -0.07494854938326329, 0.3120465569211229]], "chi2_level": 0.997, "chi2_df": 3, "chi2_threshold": 13.931422665512084, "N_raw": 101, "N_roi": 101, "N_inlier": 101, "refit": true}
{"timestamp": "16:45:03.055071", "frame": 67, "mu": [-0.08222292723127468, 2.5658592655615657, -1.0964770951930112], "Sigma": [[0.013749153679146664, 0.006677842430681102, 0.0411273438234087], [0.0066778424306811026, 0.014763648257532494, 0.050960923022751875], [0.0411273438234087, 0.050960923022751875, 0.5259993869158551]], "chi2_level": 0.997, "chi2_df": 3, "chi2_threshold": 13.931422665512084, "N_raw": 103, "N_roi": 103, "N_inlier": 101, "refit": true}
{"timestamp": "16:45:03.107388", "frame": 68, "mu": [-0.03297541121326158, 2.3002751810752002, 0.6492083848380135], "Sigma": [[0.018796539554799097, 0.0022395182628277763, 0.03028319006793244], [0.0022395182628277763, 0.006158510876551711, -0.006171520648419915], [0.03028319006793244, -0.006171520648419915, 0.14200014236418249]], "chi2_level": 0.997, "chi2_df": 3, "chi2_threshold": 13.931422665512084, "N_raw": 82, "N_roi": 82, "N_inlier": 81, "refit": true}
{"timestamp": "16:45:03.165408", "frame": 69, "mu": [-0.11527506225057059, 2.32433797736268, 1.0094924062477146], "Sigma": [[0.014376476004637562, -0.0009060247867439785, -0.0036799768412842646], [-0.0009060247867439781, 0.008896036829616703, 0.00095318253331069], [-0.0036799768412842646, 0.00095318253331069, 0.0035759703871001097]], "chi2_level": 0.997, "chi2_df": 3, "chi2_threshold": 13.931422665512084, "N_raw": 87, "N_roi": 83, "N_inlier": 78, "refit": true}
{"timestamp": "16:45:03.215401", "frame": 70, "mu": [-0.18220564318873278, 2.442509852840234, -0.4377727236312478], "Sigma": [[0.014745654892711109, 0.003901498623897426, 0.004390189007943159], [0.003901498623897427, 0.007757828980155631, 0.006143758261508746], [0.00439018900794316, 0.006143758261508746, 0.008124027547264418]], "chi2_level": 0.997, "chi2_df": 3, "chi2_threshold": 13.931422665512084, "N_raw": 71, "N_roi": 67, "N_inlier": 64, "refit": true}
{"timestamp": "16:45:03.264213", "frame": 71, "mu": [-0.4285434868980057, 2.4892554173720196, -0.1593889762382804], "Sigma": [[0.00623447844561801, -0.0012675919644619229, 0.002995883844354183], [-0.0012675919644619229, 0.016527816603755408, -0.040725763232364466], [0.0029958838443541833, -0.040725763232364466, 0.15368382362156724]], "chi2_level": 0.997, "chi2_df": 3, "chi2_threshold": 13.931422665512084, "N_raw": 34, "N_roi": 30, "N_inlier": 28, "refit": true}
{"timestamp": "16:45:03.323247", "frame": 72, "mu": [-0.34088947139191594, 2.3695291961684455, -0.3658095069943382], "Sigma": [[0.01063323840692223, 0.001405216965177147, -0.005825990326724891], [0.001405216965177147, 0.004796419743865316, -0.0014794107214411325], [-0.005825990326724892, -0.0014794107214411325, 0.004027563301263545]], "chi2_level": 0.997, "chi2_df": 3, "chi2_threshold": 13.931422665512084, "N_raw": 64, "N_roi": 60, "N_inlier": 57, "refit": true}
{"timestamp": "16:45:03.382239", "frame": 73, "mu": [-0.4523109529603229, 2.142013244821017, 1.0431863280044318], "Sigma": [[0.013343490559660625, -0.0027546399979883765, -0.009918274985245477], [-0.0027546399979883765, 0.004852507879332624, -0.00192183676425799], [-0.009918274985245477, -0.00192183676425799, 0.012591527078847444]], "chi2_level": 0.997, "chi2_df": 3, "chi2_threshold": 13.931422665512084, "N_raw": 91, "N_roi": 86, "N_inlier": 82, "refit": true}
{"timestamp": "16:45:03.436821", "frame": 74, "mu": [-0.5362902172487684, 2.287130453188735, -0.39687233344280876], "Sigma": [[0.0114007447253318, -8.8970561214832e-05, -0.009537975769127799], [-8.89705612148321e-05, 0.0040305494306068146, -0.006985183928619031], [-0.009537975769127799, -0.006985183928619031, 0.024863004429618044]], "chi2_level": 0.997, "chi2_df": 3, "chi2_threshold": 13.931422665512084, "N_raw": 75, "N_roi": 75, "N_inlier": 72, "refit": true}
{"timestamp": "16:45:03.488049", "frame": 75, "mu": [-0.5082881580326409, 2.0985051382153386, -0.814206848579198], "Sigma": [[0.006504434884075725, 0.004834145924405597, 0.01039552041991301], [0.004834145924405597, 0.00867676742660353, 0.013539929723384386], [0.01039552041991301, 0.013539929723384386, 0.08056727186100814]], "chi2_level": 0.997, "chi2_df": 3, "chi2_threshold": 13.931422665512084, "N_raw": 58, "N_roi": 58, "N_inlier": 56, "refit": true}
{"timestamp": "16:45:03.544666", "frame": 76, "mu": [-0.6408246798924331, 2.1974159006200873, -0.4441449483137113], "Sigma": [[0.007377507941237037, 0.0023730704800171854, -0.01306387746703225], [0.0023730704800171854, 0.005759848349269954, -0.02220775685468248], [-0.01306387746703225, -0.022207756854682483, 0.10721884961991501]], "chi2_level": 0.997, "chi2_df": 3, "chi2_threshold": 13.931422665512084, "N_raw": 73, "N_roi": 73, "N_inlier": 70, "refit": true}
{"timestamp": "16:45:03.597637", "frame": 77, "mu": [-0.7253254171670199, 2.142644318339914, -0.37801434211442225], "Sigma": [[0.013198159601237386, 0.00803660007886549, -0.02283159479172549], [0.008036600078865492, 0.01859948615366453, -0.053762591024147134], [-0.02283159479172549, -0.053762591024147134, 0.18131342557915467]], "chi2_level": 0.997, "chi2_df": 3, "chi2_threshold": 13.931422665512084, "N_raw": 54, "N_roi": 54, "N_inlier": 51, "refit": true}
{"timestamp": "16:45:03.659970", "frame": 78, "mu": [-0.8440028544900186, 2.0737520247636425, -0.12026157292661657], "Sigma": [[0.02232535527334087, -0.015400431539430819, 0.05589299932107379], [-0.015400431539430819, 0.017474941086221062, -0.0565323253975141], [0.05589299932107379, -0.0565323253975141, 0.2812370219142946]], "chi2_level": 0.997, "chi2_df": 3, "chi2_threshold": 13.931422665512084, "N_raw": 102, "N_roi": 101, "N_inlier": 100, "refit": true}
{"timestamp": "16:45:03.707939", "frame": 79, "mu": [-0.8511906868020427, 1.9983842142070507, -0.6667053039759825], "Sigma": [[0.016960925925870198, 0.015288916580737475, -0.012810601199860001], [0.015288916580737475, 0.031784013245745785, -0.0328565549249974], [-0.012810601199860001, -0.0328565549249974, 0.03836293410658346]], "chi2_level": 0.997, "chi2_df": 3, "chi2_threshold": 13.931422665512084, "N_raw": 48, "N_roi": 48, "N_inlier": 45, "refit": true}
{"timestamp": "16:45:03.757468", "frame": 80, "mu": [-0.8247696491427524, 1.7839006267090154, 0.8064418564895061], "Sigma": [[0.01701120997490188, -0.001547104501900587, -0.009841561897771654], [-0.001547104501900587, 0.007240253516068322, -0.027719317079865836], [-0.009841561897771654, -0.027719317079865833, 0.1465060390319055]], "chi2_level": 0.997, "chi2_df": 3, "chi2_threshold": 13.931422665512084, "N_raw": 22, "N_roi": 22, "N_inlier": 20, "refit": true}
{"timestamp": "16:45:03.811527", "frame": 81, "mu": [-0.9920387029945607, 1.7335511608235181, 0.8468756117083102], "Sigma": [[0.04827735240573336, -0.021451910031467028, 0.030639426684060188], [-0.02145191003146703, 0.019898594386731243, -0.06680404159482113], [0.030639426684060188, -0.06680404159482113, 0.34033442086108084]], "chi2_level": 0.997, "chi2_df": 3, "chi2_threshold": 13.931422665512084, "N_raw": 11, "N_roi": 11, "N_inlier": 11, "refit": true}
{"timestamp": "16:45:03.877883", "frame": 82, "mu": [-0.9932089838106415, 1.620691809914855, -0.3461112585171355], "Sigma": [[0.053739411859996, 0.030809072826779395, 0.020673126989723924], [0.030809072826779395, 0.02773571656161808, -0.02434695063574959], [0.02067312698972392, -0.024346950635749594, 0.47428229493168356]], "chi2_level": 0.997, "chi2_df": 3, "chi2_threshold": 13.931422665512084, "N_raw": 87, "N_roi": 85, "N_inlier": 85, "refit": true}
{"timestamp": "16:45:03.929667", "frame": 83, "mu": [-0.9898613245769042, 1.5152152630160736, 1.3217893272352241], "Sigma": [[0.06319450844314296, 0.0320393627370413, -0.0736029529995925], [0.0320393627370413, 0.025056373305325796, -0.04130695920088466], [-0.0736029529995925, -0.04130695920088466, 0.08890449315660534]], "chi2_level": 0.997, "chi2_df": 3, "chi2_threshold": 13.931422665512084, "N_raw": 62, "N_roi": 62, "N_inlier": 59, "refit": true}
{"timestamp": "16:45:03.980668", "frame": 84, "mu": [-1.4931577579993356, 1.1978702316006384, 0.15587545957037005], "Sigma": [[0.0419329796837406, 0.040807385279117675, -0.0336359702020263], [0.040807385279117675, 0.04707684630057488, -0.03533288287413319], [-0.0336359702020263, -0.03533288287413319, 0.02921701206948526]], "chi2_level": 0.997, "chi2_df": 3, "chi2_threshold": 13.931422665512084, "N_raw": 44, "N_roi": 42, "N_inlier": 41, "refit": true}
{"timestamp": "16:45:04.040376", "frame": 85, "mu": [-1.235558225444183, 1.3045801515982582, 1.5107417210250818], "Sigma": [[0.07496518347185027, 0.03999923067329436, -0.07696231802110505], [0.03999923067329436, 0.026836519571960087, -0.04346785757395552], [-0.07696231802110505, -0.04346785757395552, 0.0834014712412581]], "chi2_level": 0.997, "chi2_df": 3, "chi2_threshold": 13.931422665512084, "N_raw": 79, "N_roi": 79, "N_inlier": 77, "refit": true}
{"timestamp": "16:45:04.090194", "frame": 86, "mu": [-1.3931307455893056, 1.2447386434011993, 1.532641133290154], "Sigma": [[0.04197950595065937, 0.03669438224542303, -0.04974084817772478], [0.03669438224542303, 0.04014505759992461, -0.04972142051413628], [-0.04974084817772478, -0.04972142051413628, 0.06755221726780333]], "chi2_level": 0.997, "chi2_df": 3, "chi2_threshold": 13.931422665512084, "N_raw": 41, "N_roi": 41, "N_inlier": 40, "refit": true}
{"timestamp": "16:45:04.142563", "frame": 87, "mu": [-1.4555849258159874, 1.1330275949945903, -0.5110205829431561], "Sigma": [[0.012282271115346537, 0.013776526171690368, -0.001394850321178853], [0.013776526171690368, 0.01712097375652607, -0.004987516773297495], [-0.0013948503211788537, -0.004987516773297496, 0.023474094635707647]], "chi2_level": 0.997, "chi2_df": 3, "chi2_threshold": 13.931422665512084, "N_raw": 27, "N_roi": 27, "N_inlier": 27, "refit": true}
{"timestamp": "16:45:04.207649", "frame": 88, "mu": [-1.4160313462193053, 1.127495050535088, 1.4096925994816778], "Sigma": [[0.018990166776754608, 0.007213861497967092, -0.013248803684171837], [0.007213861497967093, 0.011085217401382285, -0.0067405262469564815], [-0.013248803684171839, -0.0067405262469564815, 0.01097566917880113]], "chi2_level": 0.997, "chi2_df": 3, "chi2_threshold": 13.931422665512084, "N_raw": 88, "N_roi": 88, "N_inlier": 87, "refit": true}
{"timestamp": "16:45:04.260613", "frame": 89, "mu": [-1.4453176350719599, 1.1039276629259767, 1.3944224049099836], "Sigma": [[0.013830603129432574, 0.006007242437931432, -0.009459068554416108], [0.006007242437931432, 0.01271706559653237, -0.006235848834137693], [-0.009459068554416108, -0.006235848834137693, 0.008607646712655539]], "chi2_level": 0.997, "chi2_df": 3, "chi2_threshold": 13.931422665512084, "N_raw": 83, "N_roi": 83, "N_inlier": 81, "refit": true}
{"timestamp": "16:45:04.313890", "frame": 90, "mu": [-1.610848604075825, 0.9841836126702264, 1.4840870056739244], "Sigma": [[0.008947007473200262, 0.004501058911004193, -0.0014080045342857038], [0.004501058911004193, 0.0077673375322650446, -0.005629584822352461], [-0.0014080045342857034, -0.005629584822352462, 0.016934343710773396]], "chi2_level": 0.997, "chi2_df": 3, "chi2_threshold": 13.931422665512084, "N_raw": 62, "N_roi": 62, "N_inlier": 60, "refit": true}
{"timestamp": "16:45:04.368046", "frame": 91, "mu": [-1.6224820412076346, 0.8909686077299379, 1.390523587121875], "Sigma": [[0.01152829962604015, 0.004269456867529387, -0.002828689788616864], [0.004269456867529387, 0.005401779544373987, -0.0031469164118197415], [-0.002828689788616864, -0.003146916411819741, 0.016330951837131527]], "chi2_level": 0.997, "chi2_df": 3, "chi2_threshold": 13.931422665512084, "N_raw": 56, "N_roi": 56, "N_inlier": 56, "refit": true}
{"timestamp": "16:45:04.419532", "frame": 92, "mu": [-1.609145858707548, 0.8816418718733965, 1.272521934188235], "Sigma": [[0.007345867447448689, 0.002346285297849884, -0.0010380437771415501], [0.002346285297849884, 0.0041419030837596465, -0.003415597518182741], [-0.0010380437771415501, -0.003415597518182741, 0.005459803151437379]], "chi2_level": 0.997, "chi2_df": 3, "chi2_threshold": 13.931422665512084, "N_raw": 41, "N_roi": 41, "N_inlier": 40, "refit": true}
{"timestamp": "16:45:04.473848", "frame": 93, "mu": [-1.6478670278908158, 0.8768559853241367, 1.3080580567413833], "Sigma": [[0.005361866532940921, 0.0022556042894219886, -0.00012513544165654067], [0.0022556042894219886, 0.005331792309267, -0.0036465065295901203], [-0.00012513544165654056, -0.0036465065295901203, 0.007874557563332163]], "chi2_level": 0.997, "chi2_df": 3, "chi2_threshold": 13.931422665512084, "N_raw": 41, "N_roi": 41, "N_inlier": 40, "refit": true}
{"timestamp": "16:45:04.533171", "frame": 94, "mu": [-1.6030439472493674, 0.7607411167838387, 1.3218134333208804], "Sigma": [[0.010110256359571138, 0.0031247824589002615, -0.003291495902182869], [0.0031247824589002615, 0.01114954190794895, -0.005970105146891346], [-0.003291495902182869, -0.005970105146891346, 0.004535391320850727]], "chi2_level": 0.997, "chi2_df": 3, "chi2_threshold": 13.931422665512084, "N_raw": 64, "N_roi": 64, "N_inlier": 61, "refit": true}
{"timestamp": "16:45:04.586729", "frame": 95, "mu": [-1.609405974712649, 0.7238460319375313, 1.328366101432111], "Sigma": [[0.009094854802731384, 0.005002352145888527, -0.0020838418707428428], [0.005002352145888527, 0.009850861494419544, -0.006880988714348429], [-0.0020838418707428428, -0.006880988714348429, 0.0063827371617307185]], "chi2_level": 0.997, "chi2_df": 3, "chi2_threshold": 13.931422665512084, "N_raw": 56, "N_roi": 56, "N_inlier": 56, "refit": true}
{"timestamp": "16:45:04.636031", "frame": 96, "mu": [-1.6839425590964834, 0.7539901208679065, 1.2290559882361218], "Sigma": [[0.010624665255560007, -0.0034960361563573347, -0.00790277768695544], [-0.0034960361563573347, 0.012612947086086223, 0.0006656796900043746], [-0.00790277768695544, 0.0006656796900043741, 0.008703250393498374]], "chi2_level": 0.997, "chi2_df": 3, "chi2_threshold": 13.931422665512084, "N_raw": 16, "N_roi": 16, "N_inlier": 16, "refit": true}
{"timestamp": "16:45:04.693651", "frame": 97, "mu": [-1.7169148341405984, 0.6791573159109034, 1.3072888983923048], "Sigma": [[0.005603159960864221, 0.0035625852555802744, -0.0023299133570395736], [0.003562585255580274, 0.012028069593590738, -0.00709696100832979], [-0.0023299133570395736, -0.007096961008329791, 0.005590432235788858]], "chi2_level": 0.997, "chi2_df": 3, "chi2_threshold": 13.931422665512084, "N_raw": 42, "N_roi": 42, "N_inlier": 42, "refit": true}
{"timestamp": "16:45:04.746480", "frame": 98, "mu": [-1.6583407685581775, 0.7708598361696328, -0.6378792571631984], "Sigma": [[0.005692208389911694, 0.0035418640249908506, -0.0026629625827240674], [0.0035418640249908506, 0.0070659145133793394, -0.0016290244164644324], [-0.0026629625827240674, -0.0016290244164644326, 0.0016916308845117856]], "chi2_level": 0.997, "chi2_df": 3, "chi2_threshold": 13.931422665512084, "N_raw": 18, "N_roi": 18, "N_inlier": 18, "refit": true}
{"timestamp": "16:45:04.799264", "frame": 99, "mu": [-1.320162523644029, 0.6860217098528658, 1.1889452634392494], "Sigma": [[1.364316562382627, -0.10486895674326767, 0.014149271191091068], [-0.10486895674326767, 0.015495475289059988, -0.005212794423247244], [0.014149271191091072, -0.005212794423247245, 0.002698340122627259]], "chi2_level": 0.997, "chi2_df": 3, "chi2_threshold": 13.931422665512084, "N_raw": 7, "N_roi": 7, "N_inlier": 7, "refit": true}
{"timestamp": "16:45:04.947917", "frame": 100, "mu": [-1.2598000561347256, 0.501508084281438, 1.125741402241495], "Sigma": [[1.110319117960369, -0.01772153269046737, 0.0359410342092668], [-0.01772153269046737, 0.004762841265444216, -0.003315523318597747], [0.0359410342092668, -0.003315523318597747, 0.0038427642679623934]], "chi2_level": 0.997, "chi2_df": 3, "chi2_threshold": 13.931422665512084, "N_raw": 12, "N_roi": 12, "N_inlier": 12, "refit": true}
{"timestamp": "16:45:04.954642", "frame": 101, "mu": [0.28709934923751196, 0.40531662193640994, 0.4389857235024012], "Sigma": [[4.384581770321892, 0.15976383055430043, 0.0022055046477661715], [0.15976383055430043, 0.013785675198173185, -0.001024612232173424], [0.002205504647766171, -0.0010246122321734244, 0.0017077538012365233]], "chi2_level": 0.997, "chi2_df": 3, "chi2_threshold": 13.931422665512084, "N_raw": 21, "N_roi": 21, "N_inlier": 21, "refit": true}
