{"timestamp": "17:09:27.329476", "frame": 44, "mu": [-2.3174745574901823, 4.1367771622574665, 0.9575688412537888], "Sigma": [[0.011067465249337428, 0.003282545424832547, -0.007728195311448245], [0.003282545424832547, 0.004436150010299838, -0.004602492597314051], [-0.007728195311448245, -0.004602492597314051, 0.00817891552957536]], "chi2_level": 0.997, "chi2_df": 3, "chi2_threshold": 13.931422665512084, "N_raw": 30, "N_roi": 22, "N_inlier": 22, "refit": true}
{"timestamp": "17:09:27.383226", "frame": 45, "mu": [-2.3989087250069803, 4.134143883666226, 1.1056627266905428], "Sigma": [[0.00030480682103852116, 0.00048802395316060597, -9.386681562612785e-05], [0.00048802395316060597, 0.009504786271973232, -0.003008875917032618], [-9.386681562612779e-05, -0.003008875917032618, 0.0063060769517754725]], "chi2_level": 0.997, "chi2_df": 3, "chi2_threshold": 13.931422665512084, "N_raw": 5, "N_roi": 5, "N_inlier": 5, "refit": true}
{"timestamp": "17:09:27.495184", "frame": 47, "mu": [-2.1736965750245023, 4.146025138588608, 1.001642928589629], "Sigma": [[0.0077895292297306806, 0.0028442141331683126, -0.0037475683465354086], [0.0028442141331683126, 0.0034360445306042967, -0.0034487213331911154], [-0.0037475683465354086, -0.0034487213331911154, 0.006247569230027953]], "chi2_level": 0.997, "chi2_df": 3, "chi2_threshold": 13.931422665512084, "N_raw": 17, "N_roi": 14, "N_inlier": 14, "refit": true}
{"timestamp": "17:09:27.660892", "frame": 50, "mu": [-2.1760002193211823, 4.088224428107961, 1.1642723345039365], "Sigma": [[0.01650559398198201, 0.005454368968860983, -0.00980329388045192], [0.005454368968860983, 0.0034237204966905844, -0.004487838426562457], [-0.00980329388045192, -0.004487838426562457, 0.008286724373022488]], "chi2_level": 0.997, "chi2_df": 3, "chi2_threshold": 13.931422665512084, "N_raw": 22, "N_roi": 22, "N_inlier": 21, "refit": true}
{"timestamp": "17:09:27.715305", "frame": 51, "mu": [-2.167828591779998, 4.079682024608075, 1.1546126314733607], "Sigma": [[0.019742599377500232, 0.007706020000760746, -0.010781733177877874], [0.007706020000760746, 0.00452255096511358, -0.004535600201106997], [-0.010781733177877874, -0.004535600201106996, 0.007477300903612333]], "chi2_level": 0.997, "chi2_df": 3, "chi2_threshold": 13.931422665512084, "N_raw": 22, "N_roi": 22, "N_inlier": 21, "refit": true}
{"timestamp": "17:09:27.773675", "frame": 52, "mu": [-2.1524949831488533, 4.09754227689256, 1.1457588454891205], "Sigma": [[0.0238574492704375, 0.008854297330364427, -0.010853292323450512], [0.008854297330364429, 0.008260238874524697, -0.007741379491253962], [-0.010853292323450513, -0.007741379491253961, 0.009409446979327742]], "chi2_level": 0.997, "chi2_df": 3, "chi2_threshold": 13.931422665512084, "N_raw": 48, "N_roi": 47, "N_inlier": 47, "refit": true}
{"timestamp": "17:09:27.827685", "frame": 53, "mu": [-2.0701067691164896, 4.063258841684484, 1.125879095735925], "Sigma": [[0.02375741917333354, 0.0101763330789442, -0.012402638878343504], [0.010176333078944198, 0.006555114025362595, -0.0049128259884957], [-0.012402638878343504, -0.0049128259884957, 0.007577090504802897]], "chi2_level": 0.997, "chi2_df": 3, "chi2_threshold": 13.931422665512084, "N_raw": 31, "N_roi": 27, "N_inlier": 26, "refit": true}
{"timestamp": "17:09:27.885132", "frame": 54, "mu": [-2.0175580008086254, 4.103655223926833, 1.1331103620288616], "Sigma": [[0.030827869385882063, 0.012434839970024227, -0.010829754677700322], [0.012434839970024227, 0.010759500566600492, -0.004511927418722523], [-0.01082975467770032, -0.004511927418722523, 0.006433283842020194]], "chi2_level": 0.997, "chi2_df": 3, "chi2_threshold": 13.931422665512084, "N_raw": 51, "N_roi": 51, "N_inlier": 51, "refit": true}
{"timestamp": "17:09:27.938639", "frame": 55, "mu": [-2.056656057581094, 4.04647453758198, 1.0904909157053906], "Sigma": [[0.02009122175389175, 0.008777517420485718, -0.009443989445082963], [0.008777517420485716, 0.008025878835022853, -0.007485162759937697], [-0.009443989445082963, -0.007485162759937697, 0.00864993826313029]], "chi2_level": 0.997, "chi2_df": 3, "chi2_threshold": 13.931422665512084, "N_raw": 39, "N_roi": 39, "N_inlier": 38, "refit": true}
{"timestamp": "17:09:27.991393", "frame": 56, "mu": [-2.0269443856062406, 4.086139187994281, 1.1326352881806394], "Sigma": [[0.025326785663496255, 0.00773198013676312, -0.015272242116916402], [0.007731980136763121, 0.003973853675580172, -0.005408273244870724], [-0.015272242116916402, -0.005408273244870724, 0.010732240392210855]], "chi2_level": 0.997, "chi2_df": 3, "chi2_threshold": 13.931422665512084, "N_raw": 26, "N_roi": 26, "N_inlier": 26, "refit": true}
{"timestamp": "17:09:28.099349", "frame": 58, "mu": [-1.8105254469986958, 4.174822606916942, -1.0728366031732446], "Sigma": [[0.0003576138150030207, 0.00040981328645195084, -0.004128842381027859], [0.00040981328645195084, 0.0016751425882179532, -0.007589288918735667], [-0.004128842381027859, -0.007589288918735667, 0.07107203949666632]], "chi2_level": 0.997, "chi2_df": 3, "chi2_threshold": 13.931422665512084, "N_raw": 7, "N_roi": 5, "N_inlier": 5, "refit": true}
{"timestamp": "17:09:28.265106", "frame": 61, "mu": [-1.6962522001838178, 4.164165367512509, 1.0968067949356932], "Sigma": [[0.015662690877537123, 0.0041975028726345814, -0.00990344058993909], [0.0041975028726345814, 0.0029391677770287897, -0.0028772797579205674], [-0.009903440589939092, -0.0028772797579205674, 0.007331320130017333]], "chi2_level": 0.997, "chi2_df": 3, "chi2_threshold": 13.931422665512084, "N_raw": 21, "N_roi": 21, "N_inlier": 20, "refit": true}
{"timestamp": "17:09:28.324126", "frame": 62, "mu": [-1.6273086642696648, 4.203898883845713, 0.9983726477219715], "Sigma": [[0.03535737397347094, 0.01235968045361754, -0.029193676522733743], [0.01235968045361754, 0.006646302297310518, -0.013300558571195185], [-0.029193676522733743, -0.013300558571195185, 0.03681376357504382]], "chi2_level": 0.997, "chi2_df": 3, "chi2_threshold": 13.931422665512084, "N_raw": 49, "N_roi": 46, "N_inlier": 46, "refit": true}
{"timestamp": "17:09:28.385068", "frame": 63, "mu": [-1.639118335755472, 4.199148778550844, 1.1556708909170668], "Sigma": [[0.031141278257061745, 0.009831987688221494, -0.011899239753247162], [0.009831987688221494, 0.009514781742799691, -0.002008068119899612], [-0.011899239753247162, -0.002008068119899612, 0.006264133109405746]], "chi2_level": 0.997, "chi2_df": 3, "chi2_threshold": 13.931422665512084, "N_raw": 78, "N_roi": 53, "N_inlier": 51, "refit": true}
{"timestamp": "17:09:28.438237", "frame": 64, "mu": [-1.5731909523137835, 4.204356999510238, 1.0767118078694187], "Sigma": [[0.027262666983590755, 0.0068608369561833984, -0.013550917554222587], [0.006860836956183397, 0.006784970150624895, -0.005502579173179369], [-0.013550917554222587, -0.005502579173179369, 0.00817305408017441]], "chi2_level": 0.997, "chi2_df": 3, "chi2_threshold": 13.931422665512084, "N_raw": 67, "N_roi": 50, "N_inlier": 49, "refit": true}
{"timestamp": "17:09:28.491094", "frame": 65, "mu": [-1.482107609294759, 4.225292739133537, 1.087964312987537], "Sigma": [[0.028512602719056823, 0.008041003614004484, -0.013579453664770591], [0.008041003614004484, 0.007886091602445475, -0.002920009413778517], [-0.013579453664770594, -0.002920009413778517, 0.00763809719903371]], "chi2_level": 0.997, "chi2_df": 3, "chi2_threshold": 13.931422665512084, "N_raw": 51, "N_roi": 49, "N_inlier": 49, "refit": true}
{"timestamp": "17:09:28.539330", "frame": 66, "mu": [-1.4253125476111013, 4.2369640110837254, 1.0975758595406282], "Sigma": [[0.009499645982019305, 0.003091153593841478, -0.004320239292864253], [0.003091153593841478, 0.0047884655257606655, 0.0034847712163032607], [-0.004320239292864253, 0.0034847712163032607, 0.008924595410375769]], "chi2_level": 0.997, "chi2_df": 3, "chi2_threshold": 13.931422665512084, "N_raw": 14, "N_roi": 13, "N_inlier": 12, "refit": true}
{"timestamp": "17:09:28.593901", "frame": 67, "mu": [-1.2366255549852265, 4.324920833845899, 0.9563116598951212], "Sigma": [[0.0002826423717602354, -0.0007247218794514385, 0.0009587573086397861], [-0.0007247218794514385, 0.004506046524267065, -0.003222965706491316], [0.0009587573086397861, -0.003222965706491316, 0.005941253960606315]], "chi2_level": 0.997, "chi2_df": 3, "chi2_threshold": 13.931422665512084, "N_raw": 8, "N_roi": 5, "N_inlier": 5, "refit": true}
{"timestamp": "17:09:28.650460", "frame": 68, "mu": [-1.2187280250383328, 4.289815490855867, 1.0029927663692404], "Sigma": [[0.01087786785165864, 0.0032266918069585376, -0.0013060991953091532], [0.003226691806958537, 0.004144839947793188, 0.0008066619139222883], [-0.0013060991953091528, 0.0008066619139222882, 0.0015252286289863357]], "chi2_level": 0.997, "chi2_df": 3, "chi2_threshold": 13.931422665512084, "N_raw": 23, "N_roi": 21, "N_inlier": 19, "refit": true}
{"timestamp": "17:09:28.703409", "frame": 69, "mu": [-1.1891362130989342, 4.38462396941733, 0.24276460046808596], "Sigma": [[0.001155331494182922, 0.002523148024495116, 0.0008403586569514184], [0.002523148024495116, 0.007603036576107663, 0.005554420425187343], [0.0008403586569514182, 0.005554420425187343, 0.007669257353295982]], "chi2_level": 0.997, "chi2_df": 3, "chi2_threshold": 13.931422665512084, "N_raw": 5, "N_roi": 5, "N_inlier": 5, "refit": true}
{"timestamp": "17:09:28.759926", "frame": 70, "mu": [-1.18309711147975, 4.543414457056096, -0.19915174391632365], "Sigma": [[0.008655953422833694, -0.012938288925768662, 0.03354042863441531], [-0.012938288925768666, 0.03931325624454863, -0.07766114069769328], [0.033540428634415316, -0.07766114069769327, 0.17114997967866433]], "chi2_level": 0.997, "chi2_df": 3, "chi2_threshold": 13.931422665512084, "N_raw": 14, "N_roi": 10, "N_inlier": 9, "refit": true}
{"timestamp": "17:09:28.871566", "frame": 72, "mu": [-1.1238871094658014, 4.2129356816316506, 1.0893814344083192], "Sigma": [[0.02031554982802488, 0.0027982419423905327, -0.010107881354152064], [0.0027982419423905327, 0.0020652914131098175, -0.0015337648144345907], [-0.010107881354152063, -0.0015337648144345905, 0.006339980945604048]], "chi2_level": 0.997, "chi2_df": 3, "chi2_threshold": 13.931422665512084, "N_raw": 26, "N_roi": 26, "N_inlier": 26, "refit": true}
{"timestamp": "17:09:28.924661", "frame": 73, "mu": [-1.0243124132625712, 4.200359057429538, 0.9679967311368227], "Sigma": [[0.00757827791603764, 0.0020996800347010533, -0.004224029327819437], [0.0020996800347010533, 0.002172895697424763, -0.003966219320425061], [-0.004224029327819437, -0.003966219320425061, 0.0109300406212078]], "chi2_level": 0.997, "chi2_df": 3, "chi2_threshold": 13.931422665512084, "N_raw": 12, "N_roi": 12, "N_inlier": 12, "refit": true}
{"timestamp": "17:09:28.984804", "frame": 74, "mu": [-1.0252422296939803, 4.238864899379701, 1.0910802996927487], "Sigma": [[0.01733309834646809, 0.00444632915861501, -0.009148423701788946], [0.00444632915861501, 0.00614844014783528, -0.004472355557155697], [-0.009148423701788946, -0.004472355557155697, 0.007343273802818607]], "chi2_level": 0.997, "chi2_df": 3, "chi2_threshold": 13.931422665512084, "N_raw": 45, "N_roi": 44, "N_inlier": 43, "refit": true}
{"timestamp": "17:09:29.036667", "frame": 75, "mu": [-0.9592263785886966, 4.208854827186796, 1.137176021720394], "Sigma": [[0.013996090212060603, 0.001408326280076494, -0.006343445391359533], [0.0014083262800764942, 0.0021081818456725994, -0.0013357272229796223], [-0.006343445391359533, -0.0013357272229796223, 0.008188390641236934]], "chi2_level": 0.997, "chi2_df": 3, "chi2_threshold": 13.931422665512084, "N_raw": 24, "N_roi": 24, "N_inlier": 23, "refit": true}
{"timestamp": "17:09:29.199132", "frame": 78, "mu": [-0.695284992063184, 3.878029524673513, 1.426357633547597], "Sigma": [[0.08624090772648582, -0.4037083105646151, 0.07857573964398107], [-0.4037083105646151, 1.9101485789882324, -0.3735362479561787], [0.07857573964398108, -0.3735362479561787, 0.0733200543698269]], "chi2_level": 0.997, "chi2_df": 3, "chi2_threshold": 13.931422665512084, "N_raw": 8, "N_roi": 5, "N_inlier": 5, "refit": true}
{"timestamp": "17:09:29.254177", "frame": 79, "mu": [-0.8136441658798492, 4.363544659907145, 1.3351572853438582], "Sigma": [[0.002244598129693549, 0.004797057132184652, 0.005956991200973271], [0.004797057132184652, 0.011879852466218222, 0.0137373080642607], [0.005956991200973271, 0.0137373080642607, 0.016633154843505492]], "chi2_level": 0.997, "chi2_df": 3, "chi2_threshold": 13.931422665512084, "N_raw": 9, "N_roi": 5, "N_inlier": 5, "refit": true}
{"timestamp": "17:09:29.313269", "frame": 80, "mu": [-0.7341244575525445, 4.342377308710483, 1.1952866984082233], "Sigma": [[0.019549453086314943, 0.005737279974620704, -0.0013354322377201792], [0.005737279974620704, 0.00655575746821255, 0.004693208582250394], [-0.0013354322377201792, 0.004693208582250394, 0.006502534899656919]], "chi2_level": 0.997, "chi2_df": 3, "chi2_threshold": 13.931422665512084, "N_raw": 36, "N_roi": 30, "N_inlier": 30, "refit": true}
{"timestamp": "17:09:29.366393", "frame": 81, "mu": [-0.7181518704967935, 4.451736831906674, 0.3467367806987869], "Sigma": [[0.018808338941510717, 0.0038988808266521542, -0.0046813130474957386], [0.0038988808266521534, 0.0024078721912972985, -0.00013617317541749158], [-0.004681313047495739, -0.00013617317541749158, 0.003519028539322915]], "chi2_level": 0.997, "chi2_df": 3, "chi2_threshold": 13.931422665512084, "N_raw": 22, "N_roi": 21, "N_inlier": 21, "refit": true}
{"timestamp": "17:09:29.420578", "frame": 82, "mu": [-0.6301796125700168, 4.408995003633697, 1.080959507757305], "Sigma": [[0.017444383331283522, 0.001820951555595886, -0.008862644033902543], [0.001820951555595886, 0.0022972654850232322, -0.0009707183063027165], [-0.008862644033902543, -0.0009707183063027166, 0.006090838911691971]], "chi2_level": 0.997, "chi2_df": 3, "chi2_threshold": 13.931422665512084, "N_raw": 18, "N_roi": 14, "N_inlier": 14, "refit": true}
{"timestamp": "17:09:29.475343", "frame": 83, "mu": [-0.5571106906129925, 4.369812677142928, 0.834560111578567], "Sigma": [[0.013323085418136269, 0.00011439789384626531, -0.006783402502762857], [0.00011439789384626531, 0.0010218808391244999, -0.0008956036419377739], [-0.006783402502762857, -0.0008956036419377741, 0.005843920988950354]], "chi2_level": 0.997, "chi2_df": 3, "chi2_threshold": 13.931422665512084, "N_raw": 19, "N_roi": 12, "N_inlier": 12, "refit": true}
{"timestamp": "17:09:29.533310", "frame": 84, "mu": [-0.4406746545242263, 4.071069956626305, -0.921858207375163], "Sigma": [[0.028529040562799896, -0.16595815875988987, 0.042156802553972306], [-0.16595815875988984, 1.1892790116958103, -0.33642850863279494], [0.0421568025539723, -0.33642850863279494, 0.100571753134807]], "chi2_level": 0.997, "chi2_df": 3, "chi2_threshold": 13.931422665512084, "N_raw": 36, "N_roi": 8, "N_inlier": 8, "refit": true}
{"timestamp": "17:09:29.584543", "frame": 85, "mu": [-0.45155080575939077, 4.340788008250007, 1.1046598560938135], "Sigma": [[0.004418377630630531, 0.0037544395831683435, -0.001020080560744908], [0.0037544395831683435, 0.005681200704869197, -0.00010825908578572158], [-0.0010200805607449078, -0.00010825908578572169, 0.0009742946085859758]], "chi2_level": 0.997, "chi2_df": 3, "chi2_threshold": 13.931422665512084, "N_raw": 10, "N_roi": 8, "N_inlier": 8, "refit": true}
{"timestamp": "17:09:29.643705", "frame": 86, "mu": [-0.5319361874182131, 4.314268245853047, 1.0876142717981439], "Sigma": [[0.026544570886543467, 0.0032368910826426523, -0.008867048092695413], [0.0032368910826426523, 0.001703765806992907, -0.0027642142919352976], [-0.008867048092695413, -0.002764214291935298, 0.007376050987421866]], "chi2_level": 0.997, "chi2_df": 3, "chi2_threshold": 13.931422665512084, "N_raw": 32, "N_roi": 30, "N_inlier": 29, "refit": true}
{"timestamp": "17:09:29.697066", "frame": 87, "mu": [-0.5146144491968075, 4.289066021964617, 1.1818491257608517], "Sigma": [[0.031088173148410933, 0.001521844261778451, -0.011105462733757473], [0.0015218442617784505, 0.0020206820157327087, -0.0014726023790479787], [-0.011105462733757473, -0.0014726023790479787, 0.006539433456519818]], "chi2_level": 0.997, "chi2_df": 3, "chi2_threshold": 13.931422665512084, "N_raw": 31, "N_roi": 31, "N_inlier": 29, "refit": true}
{"timestamp": "17:09:29.753277", "frame": 88, "mu": [-0.4079502001239296, 4.327939344383534, 1.1824915342376556], "Sigma": [[0.030054101808350588, 0.0022686303617259363, -0.00789957308830232], [0.0022686303617259363, 0.0048199407028926234, 0.0009640176711002086], [-0.00789957308830232, 0.0009640176711002086, 0.003997091250212421]], "chi2_level": 0.997, "chi2_df": 3, "chi2_threshold": 13.931422665512084, "N_raw": 41, "N_roi": 41, "N_inlier": 41, "refit": true}
{"timestamp": "17:09:29.808819", "frame": 89, "mu": [-0.34044287521926114, 4.355892817647689, 1.218114699569846], "Sigma": [[0.029255414328671653, 0.005338991264963955, -0.009593005837576062], [0.005338991264963955, 0.006088423368073311, 0.0012322104346413779], [-0.009593005837576062, 0.0012322104346413779, 0.005779119001064089]], "chi2_level": 0.997, "chi2_df": 3, "chi2_threshold": 13.931422665512084, "N_raw": 46, "N_roi": 46, "N_inlier": 45, "refit": true}
{"timestamp": "17:09:29.862310", "frame": 90, "mu": [-0.3069036594754307, 4.301958790368702, 1.140220802158514], "Sigma": [[0.023316360784656723, 0.0006777344293587477, -0.004092262178107891], [0.0006777344293587479, 0.0021199766716691977, -0.0001944609774677771], [-0.004092262178107891, -0.0001944609774677771, 0.0013129888716409677]], "chi2_level": 0.997, "chi2_df": 3, "chi2_threshold": 13.931422665512084, "N_raw": 31, "N_roi": 31, "N_inlier": 30, "refit": true}
{"timestamp": "17:09:29.919612", "frame": 91, "mu": [-0.22847310965857426, 4.354841951797261, 1.1506642583362707], "Sigma": [[0.02605670097951807, 0.00014663763441014402, -0.005936095861872477], [0.00014663763441014402, 0.005177213469522093, 0.0001863866434671959], [-0.005936095861872477, 0.0001863866434671957, 0.002859674780873243]], "chi2_level": 0.997, "chi2_df": 3, "chi2_threshold": 13.931422665512084, "N_raw": 50, "N_roi": 50, "N_inlier": 50, "refit": true}
{"timestamp": "17:09:30.024870", "frame": 93, "mu": [-0.12613186222164877, 4.391647980520726, 0.7727862080349129], "Sigma": [[0.0025853020932608793, -0.002040074696679196, 0.016218398355182163], [-0.002040074696679196, 0.012924994693446054, -0.0534829208849448], [0.016218398355182163, -0.0534829208849448, 0.3037802706900538]], "chi2_level": 0.997, "chi2_df": 3, "chi2_threshold": 13.931422665512084, "N_raw": 9, "N_roi": 7, "N_inlier": 7, "refit": true}
{"timestamp": "17:09:30.079571", "frame": 94, "mu": [-0.09528743082053695, 4.342137406584998, 1.1168045531688078], "Sigma": [[0.008702469667490869, -0.0027932540662652695, 0.0001930786085420456], [-0.0027932540662652695, 0.00889269968408386, -0.025971431313761086], [0.00019307860854204635, -0.025971431313761083, 0.12269941650113811]], "chi2_level": 0.997, "chi2_df": 3, "chi2_threshold": 13.931422665512084, "N_raw": 16, "N_roi": 15, "N_inlier": 15, "refit": true}
{"timestamp": "17:09:30.136279", "frame": 95, "mu": [0.08613358696850858, 4.310471949855252, 1.1773946033778984], "Sigma": [[0.01774237414108036, 0.0011405715055007764, -0.004503884366998445], [0.0011405715055007764, 0.0016663312068983776, 0.00011388742764676844], [-0.004503884366998445, 0.00011388742764676844, 0.002313244694031841]], "chi2_level": 0.997, "chi2_df": 3, "chi2_threshold": 13.931422665512084, "N_raw": 24, "N_roi": 22, "N_inlier": 22, "refit": true}
{"timestamp": "17:09:30.299135", "frame": 98, "mu": [0.09673776267973527, 4.3891520816628296, 1.3926459768477544], "Sigma": [[0.0037455882231416013, 0.003319588067991659, 0.0007677341010711056], [0.003319588067991659, 0.006515257977264071, -0.002317661960274359], [0.0007677341010711058, -0.002317661960274359, 0.007851927175685313]], "chi2_level": 0.997, "chi2_df": 3, "chi2_threshold": 13.931422665512084, "N_raw": 8, "N_roi": 5, "N_inlier": 5, "refit": true}
{"timestamp": "17:09:30.359518", "frame": 99, "mu": [0.10157135530237422, 4.327944517583306, 1.299273863559273], "Sigma": [[0.02061820708607879, -0.0003626335091915678, -0.007869765448024061], [-0.00036263350919156766, 0.006569850266616283, 0.004544315309015999], [-0.007869765448024061, 0.004544315309015999, 0.007859500123824534]], "chi2_level": 0.997, "chi2_df": 3, "chi2_threshold": 13.931422665512084, "N_raw": 49, "N_roi": 47, "N_inlier": 47, "refit": true}
{"timestamp": "17:09:30.469936", "frame": 100, "mu": [0.1768428782334372, 4.293667377694931, 1.2385820595336035], "Sigma": [[0.022191555805502625, -0.001879407874723514, -0.009645080598027288], [-0.0018794078747235137, 0.004830716449314288, -0.00021966762964656915], [-0.009645080598027288, -0.00021966762964656906, 0.006141988685616572]], "chi2_level": 0.997, "chi2_df": 3, "chi2_threshold": 13.931422665512084, "N_raw": 47, "N_roi": 42, "N_inlier": 41, "refit": true}
{"timestamp": "17:09:30.502721", "frame": 101, "mu": [0.1908464362836252, 4.326356174573816, 1.2915304615694543], "Sigma": [[0.02727465657876392, -0.0021451835008614328, -0.009797506106897488], [-0.002145183500861433, 0.006652322955663176, 0.0038474421831761483], [-0.009797506106897488, 0.0038474421831761483, 0.006939261040800753]], "chi2_level": 0.997, "chi2_df": 3, "chi2_threshold": 13.931422665512084, "N_raw": 65, "N_roi": 55, "N_inlier": 55, "refit": true}
{"timestamp": "17:09:30.534109", "frame": 102, "mu": [0.18004239764134122, 4.3465763759706455, 1.3275567606328118], "Sigma": [[0.013946725407449708, -9.320149745674464e-05, -0.0022153990614177366], [-9.320149745674453e-05, 0.0044514497411963705, 0.002226545506125623], [-0.0022153990614177366, 0.002226545506125623, 0.0034031332606405257]], "chi2_level": 0.997, "chi2_df": 3, "chi2_threshold": 13.931422665512084, "N_raw": 29, "N_roi": 24, "N_inlier": 24, "refit": true}
{"timestamp": "17:09:30.579075", "frame": 103, "mu": [0.2655102916098171, 4.498060185794975, 1.42959391105831], "Sigma": [[0.022253004224640004, -0.0013387334444544445, -0.008019423535439623], [-0.0013387334444544443, 0.00540205800208455, 0.006599030880261843], [-0.008019423535439623, 0.006599030880261843, 0.013154262605056463]], "chi2_level": 0.997, "chi2_df": 3, "chi2_threshold": 13.931422665512084, "N_raw": 43, "N_roi": 38, "N_inlier": 38, "refit": true}
{"timestamp": "17:09:30.631075", "frame": 104, "mu": [0.3264923880176535, 4.374404395095569, 0.42584113486557734], "Sigma": [[0.017839576540325374, 0.0007414308988875707, -0.007487666083765368], [0.0007414308988875709, 0.00322323308297837, -0.0005777677851471672], [-0.007487666083765369, -0.0005777677851471672, 0.005101967250659266]], "chi2_level": 0.997, "chi2_df": 3, "chi2_threshold": 13.931422665512084, "N_raw": 26, "N_roi": 26, "N_inlier": 25, "refit": true}
{"timestamp": "17:09:30.686075", "frame": 105, "mu": [0.3339872515004791, 4.391006721232785, -0.4458157439066403], "Sigma": [[0.01532684569290731, 0.0012131422949554615, 0.03563103104676181], [0.0012131422949554615, 0.0016615795480944418, 0.008122651292373714], [0.03563103104676182, 0.008122651292373714, 0.20549268499268303]], "chi2_level": 0.997, "chi2_df": 3, "chi2_threshold": 13.931422665512084, "N_raw": 23, "N_roi": 20, "N_inlier": 20, "refit": true}
{"timestamp": "17:09:30.739075", "frame": 106, "mu": [0.45563941997367574, 4.47490569364472, 1.2988025025395544], "Sigma": [[0.004079056693253254, 0.0024511539444747347, -0.005872457494708562], [0.0024511539444747347, 0.005454703245776946, -0.001519010043011578], [-0.005872457494708562, -0.001519010043011578, 0.012295589979813623]], "chi2_level": 0.997, "chi2_df": 3, "chi2_threshold": 13.931422665512084, "N_raw": 7, "N_roi": 5, "N_inlier": 5, "refit": true}
{"timestamp": "17:09:30.800076", "frame": 107, "mu": [0.3705641692250461, 4.481794371249168, 1.4367381722814807], "Sigma": [[0.020707840761139087, -0.0032476654729483526, -0.010371013051231642], [-0.0032476654729483526, 0.008725350220800098, 0.009338004455244938], [-0.010371013051231642, 0.009338004455244938, 0.014699688654633633]], "chi2_level": 0.997, "chi2_df": 3, "chi2_threshold": 13.931422665512084, "N_raw": 52, "N_roi": 52, "N_inlier": 50, "refit": true}
{"timestamp": "17:09:30.852075", "frame": 108, "mu": [0.44696363483313944, 4.417438290357761, 0.4586699999073652], "Sigma": [[0.017473248324123995, -0.000673302972342099, -0.005938066177149171], [-0.000673302972342099, 0.0030389365389029803, 0.0023402721002017024], [-0.005938066177149171, 0.002340272100201702, 0.006356756560635739]], "chi2_level": 0.997, "chi2_df": 3, "chi2_threshold": 13.931422665512084, "N_raw": 29, "N_roi": 27, "N_inlier": 25, "refit": true}
{"timestamp": "17:09:30.911203", "frame": 109, "mu": [0.5023779465537335, 4.424569364112299, 1.268428024224626], "Sigma": [[0.02553156107403464, -0.0018301747054907205, -0.010575305724328922], [-0.001830174705490721, 0.005244408252151703, 0.0007427880827913797], [-0.010575305724328922, 0.0007427880827913797, 0.007123390325676838]], "chi2_level": 0.997, "chi2_df": 3, "chi2_threshold": 13.931422665512084, "N_raw": 57, "N_roi": 51, "N_inlier": 50, "refit": true}
{"timestamp": "17:09:30.964789", "frame": 110, "mu": [0.5192769231739957, 4.4234549547809765, 1.224547563111352], "Sigma": [[0.018553947416138424, -0.0018151265621769767, -0.007652071347933564], [-0.0018151265621769775, 0.003393930140775283, -0.0022060086540694208], [-0.007652071347933564, -0.0022060086540694208, 0.0076905994378975604]], "chi2_level": 0.997, "chi2_df": 3, "chi2_threshold": 13.931422665512084, "N_raw": 45, "N_roi": 40, "N_inlier": 39, "refit": true}
{"timestamp": "17:09:31.016097", "frame": 111, "mu": [0.5801574793580395, 4.416612702457475, 1.2071994431180906], "Sigma": [[0.011100096321121676, -0.0020145919610547913, -0.008067433249074095], [-0.0020145919610547918, 0.0027196216961224906, 0.00015053441731447716], [-0.008067433249074095, 0.00015053441731447716, 0.009163390474613748]], "chi2_level": 0.997, "chi2_df": 3, "chi2_threshold": 13.931422665512084, "N_raw": 26, "N_roi": 20, "N_inlier": 20, "refit": true}
{"timestamp": "17:09:31.070276", "frame": 112, "mu": [0.6457948386163056, 4.458036847208958, 1.0599758877342307], "Sigma": [[0.0026206268457330427, -0.0010021133353419912, -0.002387793533830427], [-0.0010021133353419912, 0.0021178253331732948, -0.0012483370807892928], [-0.002387793533830427, -0.0012483370807892928, 0.006036020824541412]], "chi2_level": 0.997, "chi2_df": 3, "chi2_threshold": 13.931422665512084, "N_raw": 15, "N_roi": 7, "N_inlier": 7, "refit": true}
{"timestamp": "17:09:31.181479", "frame": 114, "mu": [0.796013959534773, 4.51776790156032, 1.4182728090317207], "Sigma": [[0.0007874803922596484, 0.001586256199087465, 0.0014401176901411425], [0.001586256199087465, 0.007992128451524892, 0.005191846996565552], [0.0014401176901411425, 0.005191846996565553, 0.004204703965666197]], "chi2_level": 0.997, "chi2_df": 3, "chi2_threshold": 13.931422665512084, "N_raw": 26, "N_roi": 5, "N_inlier": 5, "refit": true}
{"timestamp": "17:09:31.233255", "frame": 115, "mu": [0.8649175557538706, 4.487317400622462, 1.404854882541864], "Sigma": [[0.00023627430520576788, -0.0009111044154405247, -0.0010116987797699744], [-0.0009111044154405247, 0.010490955580795358, 0.011949917006813412], [-0.0010116987797699746, 0.011949917006813408, 0.016458367676013327]], "chi2_level": 0.997, "chi2_df": 3, "chi2_threshold": 13.931422665512084, "N_raw": 5, "N_roi": 5, "N_inlier": 5, "refit": true}
{"timestamp": "17:09:31.344072", "frame": 117, "mu": [0.9519623233155456, 4.462920597317806, 0.9025707743174747], "Sigma": [[0.0030325518169365333, -0.007046243989921349, 0.014116375312784521], [-0.007046243989921348, 0.03839110098044375, -0.06519207745484937], [0.014116375312784521, -0.06519207745484938, 0.1136610637862002]], "chi2_level": 0.997, "chi2_df": 3, "chi2_threshold": 13.931422665512084, "N_raw": 10, "N_roi": 5, "N_inlier": 5, "refit": true}
{"timestamp": "17:09:31.508955", "frame": 120, "mu": [1.093215694797597, 3.8456996773229584, 1.4100834685692436], "Sigma": [[0.14965374747263555, 0.5327914192279523, -0.1101920112894956], [0.5327914192279523, 1.9835112290571548, -0.3758675400879014], [-0.11019201128949559, -0.3758675400879014, 0.08547189443265969]], "chi2_level": 0.997, "chi2_df": 3, "chi2_threshold": 13.931422665512084, "N_raw": 7, "N_roi": 6, "N_inlier": 6, "refit": true}
{"timestamp": "17:09:31.892769", "frame": 127, "mu": [1.1785300655788191, 4.331039623692393, 1.1705640698091357], "Sigma": [[0.0053269232550667124, 0.0004912445250018476, -0.005321419773019932], [0.0004912445250018476, 0.0013489020147520636, -0.00018810727493506882], [-0.005321419773019932, -0.00018810727493506882, 0.006570316077480023]], "chi2_level": 0.997, "chi2_df": 3, "chi2_threshold": 13.931422665512084, "N_raw": 7, "N_roi": 7, "N_inlier": 7, "refit": true}
{"timestamp": "17:09:32.279557", "frame": 134, "mu": [1.6050521997467537, 4.2221005371287665, 0.9479664716975598], "Sigma": [[0.0077948027147140995, -0.0008169323519722151, -0.005790733800922577], [-0.0008169323519722151, 0.0016372930890963104, -0.0011212530562440053], [-0.005790733800922576, -0.0011212530562440051, 0.009353914835350806]], "chi2_level": 0.997, "chi2_df": 3, "chi2_threshold": 13.931422665512084, "N_raw": 11, "N_roi": 11, "N_inlier": 11, "refit": true}
{"timestamp": "17:09:32.337966", "frame": 135, "mu": [1.6783888093204726, 4.1869093926701115, 0.9434266884734255], "Sigma": [[0.02513315240906505, -0.007757694952496429, -0.016016894258968795], [-0.007757694952496429, 0.004850736157936895, 0.002661321486643984], [-0.016016894258968795, 0.002661321486643984, 0.015291122525385697]], "chi2_level": 0.997, "chi2_df": 3, "chi2_threshold": 13.931422665512084, "N_raw": 38, "N_roi": 38, "N_inlier": 38, "refit": true}
{"timestamp": "17:09:32.390495", "frame": 136, "mu": [1.6950580050795152, 4.112423338409864, 0.7963358843854136], "Sigma": [[0.007822853470252755, -0.003938506180838238, -0.00510522708186183], [-0.003938506180838238, 0.0034006617192429483, -0.00025758150037131296], [-0.00510522708186183, -0.00025758150037131274, 0.01410303135463515]], "chi2_level": 0.997, "chi2_df": 3, "chi2_threshold": 13.931422665512084, "N_raw": 21, "N_roi": 20, "N_inlier": 20, "refit": true}
{"timestamp": "17:09:32.447973", "frame": 137, "mu": [1.740519486164019, 4.065683656544258, 0.9330536699618811], "Sigma": [[0.02223795499327594, -0.010052257242543983, -0.013997792325435526], [-0.010052257242543987, 0.006464181301319992, 0.004314245259868822], [-0.013997792325435526, 0.004314245259868821, 0.015935524659680116]], "chi2_level": 0.997, "chi2_df": 3, "chi2_threshold": 13.931422665512084, "N_raw": 36, "N_roi": 36, "N_inlier": 36, "refit": true}
{"timestamp": "17:09:32.500547", "frame": 138, "mu": [1.7097920662361787, 4.0154081274871345, 0.8296102504966244], "Sigma": [[0.013954328007310475, -0.007378888765654375, -0.012379030460819045], [-0.007378888765654375, 0.004740640373834737, 0.005384704483205868], [-0.012379030460819045, 0.005384704483205868, 0.016034703721172258]], "chi2_level": 0.997, "chi2_df": 3, "chi2_threshold": 13.931422665512084, "N_raw": 22, "N_roi": 22, "N_inlier": 21, "refit": true}
{"timestamp": "17:09:32.558257", "frame": 139, "mu": [1.795071591807741, 3.936483587514187, 0.799857337887852], "Sigma": [[0.02774960343568845, -0.011951286892822682, -0.011802759970489459], [-0.011951286892822682, 0.006845075372594263, 0.0029846854524816758], [-0.01180275997048946, 0.0029846854524816758, 0.010713520312517726]], "chi2_level": 0.997, "chi2_df": 3, "chi2_threshold": 13.931422665512084, "N_raw": 38, "N_roi": 38, "N_inlier": 38, "refit": true}
{"timestamp": "17:09:32.611404", "frame": 140, "mu": [1.8242295101668489, 4.06510193292636, -0.11408639903492852], "Sigma": [[0.016272728335379173, -0.006660803670291619, -0.008480567988299404], [-0.006660803670291619, 0.00463373575036325, 0.0011604764957488492], [-0.008480567988299405, 0.0011604764957488494, 0.008864151675910268]], "chi2_level": 0.997, "chi2_df": 3, "chi2_threshold": 13.931422665512084, "N_raw": 26, "N_roi": 23, "N_inlier": 22, "refit": true}
{"timestamp": "17:09:32.664324", "frame": 141, "mu": [1.6907872216846225, 4.126835459067435, -0.07232244790145283], "Sigma": [[0.005412181825320646, -0.0011403937829261718, -0.0022366146619742454], [-0.0011403937829261718, 0.0024846595974213517, -0.0007212494394658813], [-0.0022366146619742454, -0.0007212494394658814, 0.0022237426204627236]], "chi2_level": 0.997, "chi2_df": 3, "chi2_threshold": 13.931422665512084, "N_raw": 14, "N_roi": 12, "N_inlier": 12, "refit": true}
{"timestamp": "17:09:32.718478", "frame": 142, "mu": [1.7833416390715626, 3.891755502160624, 0.9196118368492693], "Sigma": [[0.012397011180359454, -0.001798011137296368, -0.02022088168111679], [-0.0017980111372963687, 0.00162923353820008, 0.0028910111003991575], [-0.02022088168111679, 0.0028910111003991575, 0.03361533375112253]], "chi2_level": 0.997, "chi2_df": 3, "chi2_threshold": 13.931422665512084, "N_raw": 5, "N_roi": 5, "N_inlier": 5, "refit": true}
{"timestamp": "17:09:32.777512", "frame": 143, "mu": [1.9120437890937219, 3.789946919725604, 0.6926364369813417], "Sigma": [[0.0249742873364258, -0.01346752491545732, -0.025721350027008642], [-0.01346752491545732, 0.00918706212512691, 0.011779315000679781], [-0.025721350027008642, 0.011779315000679781, 0.03660889697471276]], "chi2_level": 0.997, "chi2_df": 3, "chi2_threshold": 13.931422665512084, "N_raw": 41, "N_roi": 38, "N_inlier": 38, "refit": true}
{"timestamp": "17:09:32.833882", "frame": 144, "mu": [1.9064462422322768, 3.741893722879337, 0.66726782876081], "Sigma": [[0.027344283305941103, -0.015386944146836064, -0.027423842214558927], [-0.015386944146836062, 0.01133116365099819, 0.01282011370644406], [-0.027423842214558927, 0.012820113706444059, 0.03737467423450464]], "chi2_level": 0.997, "chi2_df": 3, "chi2_threshold": 13.931422665512084, "N_raw": 36, "N_roi": 36, "N_inlier": 36, "refit": true}
{"timestamp": "17:09:32.888903", "frame": 145, "mu": [1.8114988879993363, 3.926887926835548, -0.058959396632765115], "Sigma": [[0.02254518485585401, -0.007240699770480385, -0.019574846859629038], [-0.007240699770480385, 0.0068129625594013825, 0.0014193505455341847], [-0.019574846859629038, 0.0014193505455341847, 0.02479636048518092]], "chi2_level": 0.997, "chi2_df": 3, "chi2_threshold": 13.931422665512084, "N_raw": 42, "N_roi": 42, "N_inlier": 42, "refit": true}
{"timestamp": "17:09:32.942130", "frame": 146, "mu": [1.7560616604548196, 3.7679514829567453, 0.9747594291903559], "Sigma": [[0.011765177406829653, -0.004087618551856612, -0.010961021396569497], [-0.004087618551856611, 0.0016661235834008964, 0.0019884413769056712], [-0.010961021396569496, 0.0019884413769056712, 0.02786061964368848]], "chi2_level": 0.997, "chi2_df": 3, "chi2_threshold": 13.931422665512084, "N_raw": 23, "N_roi": 21, "N_inlier": 20, "refit": true}
{"timestamp": "17:09:32.993032", "frame": 147, "mu": [1.7716236147253044, 3.689234243873246, 0.9228771383601128], "Sigma": [[0.0048977337821794345, 0.0008721715803471828, -0.012081131383379264], [0.0008721715803471828, 0.0013938903378355877, -0.0013223085262410966], [-0.012081131383379264, -0.0013223085262410966, 0.030404323497524567]], "chi2_level": 0.997, "chi2_df": 3, "chi2_threshold": 13.931422665512084, "N_raw": 5, "N_roi": 5, "N_inlier": 5, "refit": true}
{"timestamp": "17:09:33.048878", "frame": 148, "mu": [1.772207707655106, 3.66982058982748, 0.9060225429591242], "Sigma": [[0.008600126888402627, -0.0023671872247464027, -0.021469068748623917], [-0.0023671872247464027, 0.0015919901660071648, 0.005719970221922024], [-0.021469068748623917, 0.005719970221922024, 0.05375840042446504]], "chi2_level": 0.997, "chi2_df": 3, "chi2_threshold": 13.931422665512084, "N_raw": 8, "N_roi": 5, "N_inlier": 5, "refit": true}
{"timestamp": "17:09:33.104013", "frame": 149, "mu": [1.7756266733454775, 3.6222780540227744, 0.9521245116975234], "Sigma": [[0.010831176839415922, -0.0048471958092770615, -0.0052528011705838245], [-0.0048471958092770615, 0.0030387472255554242, 0.00017272585731840194], [-0.005252801170583825, 0.00017272585731840202, 0.01769542264440075]], "chi2_level": 0.997, "chi2_df": 3, "chi2_threshold": 13.931422665512084, "N_raw": 13, "N_roi": 13, "N_inlier": 13, "refit": true}
{"timestamp": "17:09:33.157926", "frame": 150, "mu": [1.7156941841638125, 3.5735841299732947, 0.9914620229891621], "Sigma": [[0.01805365859031794, -0.010692779725634892, -0.050442861922972954], [-0.010692779725634892, 0.009609858197096649, 0.036952696058486], [-0.050442861922972954, 0.036952696058485994, 0.1562389021137655]], "chi2_level": 0.997, "chi2_df": 3, "chi2_threshold": 13.931422665512084, "N_raw": 5, "N_roi": 5, "N_inlier": 5, "refit": true}
{"timestamp": "17:09:33.268131", "frame": 152, "mu": [1.7040605794521937, 3.500516183729245, 0.9614698525243358], "Sigma": [[0.0032269148801463295, 0.001062258392412963, -0.009081679901455211], [0.001062258392412963, 0.0004157192613516545, -0.0029836907323089906], [-0.009081679901455211, -0.002983690732308991, 0.027903780127721364]], "chi2_level": 0.997, "chi2_df": 3, "chi2_threshold": 13.931422665512084, "N_raw": 5, "N_roi": 5, "N_inlier": 5, "refit": true}
{"timestamp": "17:09:33.324544", "frame": 153, "mu": [1.5264281502437997, 3.2231632712608675, 1.0566463205256158], "Sigma": [[0.15444377049848046, 0.3283764335815564, -0.11218763938321223], [0.3283764335815564, 0.705873647231973, -0.2389441251940649], [-0.11218763938321222, -0.23894412519406488, 0.08491408074879164]], "chi2_level": 0.997, "chi2_df": 3, "chi2_threshold": 13.931422665512084, "N_raw": 8, "N_roi": 8, "N_inlier": 8, "refit": true}
{"timestamp": "17:09:33.378165", "frame": 154, "mu": [1.4675786791224716, 3.191037920934589, -0.007801279860832289], "Sigma": [[0.23731870995209267, 0.5312998746304766, 0.015379876160504317], [0.5312998746304765, 1.1935948129421083, 0.041163570925165364], [0.015379876160504314, 0.041163570925165364, 0.016152730147650004]], "chi2_level": 0.997, "chi2_df": 3, "chi2_threshold": 13.931422665512084, "N_raw": 5, "N_roi": 5, "N_inlier": 5, "refit": true}
{"timestamp": "17:09:33.439528", "frame": 155, "mu": [1.6296086968944212, 3.3747299064628775, 1.0877164203514718], "Sigma": [[0.02250340553188819, -0.011924824797070088, -0.013165776204659287], [-0.01192482479707009, 0.010795986517187217, 0.0062705948212263204], [-0.013165776204659287, 0.0062705948212263204, 0.012344675802382151]], "chi2_level": 0.997, "chi2_df": 3, "chi2_threshold": 13.931422665512084, "N_raw": 44, "N_roi": 44, "N_inlier": 42, "refit": true}
{"timestamp": "17:09:33.494631", "frame": 156, "mu": [1.5810301801548134, 3.3872291757250714, 1.0721023783990302], "Sigma": [[0.022009792834376003, -0.012334280936417995, -0.00899189170573211], [-0.012334280936417995, 0.010885022504378986, 0.004425710221976733], [-0.00899189170573211, 0.004425710221976733, 0.007384171413882335]], "chi2_level": 0.997, "chi2_df": 3, "chi2_threshold": 13.931422665512084, "N_raw": 46, "N_roi": 46, "N_inlier": 44, "refit": true}
{"timestamp": "17:09:33.547915", "frame": 157, "mu": [1.5098707214480735, 3.4256121337407173, 1.0748965678032938], "Sigma": [[0.012469867943607708, -0.008118152104982589, 0.00879258944159695], [-0.008118152104982589, 0.00912891683280898, -0.004253834626888517], [0.00879258944159695, -0.0042538346268885165, 0.16448132556267095]], "chi2_level": 0.997, "chi2_df": 3, "chi2_threshold": 13.931422665512084, "N_raw": 28, "N_roi": 28, "N_inlier": 28, "refit": true}
{"timestamp": "17:09:33.598391", "frame": 158, "mu": [1.4161847577237772, 3.5031814380702992, 1.2048516241573954], "Sigma": [[0.0011230880052514676, 0.001413089130211912, -0.003543621705575959], [0.0014130891302119122, 0.004772078501946159, -0.0032867516366150945], [-0.003543621705575959, -0.0032867516366150945, 0.014451471619608964]], "chi2_level": 0.997, "chi2_df": 3, "chi2_threshold": 13.931422665512084, "N_raw": 5, "N_roi": 5, "N_inlier": 5, "refit": true}
