{"timestamp": "16:41:42.332048", "frame": 5, "mu": [2.4331114554444686, 2.22345053000232, -0.7481165781162435], "Sigma": [[0.004777947964706375, -0.006349345763645588, 0.0026079807806447435], [-0.006349345763645588, 0.010917943309988786, -0.006220829470558003], [0.0026079807806447435, -0.006220829470558003, 0.005351719537583517]], "chi2_level": 0.997, "chi2_df": 3, "chi2_threshold": 13.931422665512084, "N_raw": 22, "N_roi": 6, "N_inlier": 6, "refit": true}
{"timestamp": "16:41:43.100370", "frame": 19, "mu": [2.372999164349829, 2.230877541725228, 1.4174686320596757], "Sigma": [[0.0033385067804287917, 7.211079623090587e-05, -0.007888558858170401], [7.211079623090587e-05, 0.004021082345589796, -0.0004876724208717608], [-0.007888558858170401, -0.0004876724208717608, 0.04167655120687071]], "chi2_level": 0.997, "chi2_df": 3, "chi2_threshold": 13.931422665512084, "N_raw": 9, "N_roi": 7, "N_inlier": 7, "refit": true}
{"timestamp": "16:41:43.155279", "frame": 20, "mu": [2.090453269161552, 1.931329334677998, 1.3638365559617533], "Sigma": [[0.6300186613382014, 0.5148892274934811, -0.15995075994883312], [0.5148892274934811, 0.4266369670082122, -0.1183069116024579], [-0.15995075994883312, -0.1183069116024579, 0.08238259260123523]], "chi2_level": 0.997, "chi2_df": 3, "chi2_threshold": 13.931422665512084, "N_raw": 10, "N_roi": 5, "N_inlier": 5, "refit": true}
{"timestamp": "16:41:43.211100", "frame": 21, "mu": [2.3944612575222783, 2.2343494356613087, -0.20207002002970006], "Sigma": [[0.0038981160085155395, 0.0019250778748203835, -0.010770915755154542], [0.0019250778748203833, 0.004315600190052362, -0.010777754138737213], [-0.01077091575515454, -0.010777754138737213, 0.042497091475628475]], "chi2_level": 0.997, "chi2_df": 3, "chi2_threshold": 13.931422665512084, "N_raw": 8, "N_roi": 5, "N_inlier": 5, "refit": true}
{"timestamp": "16:41:43.321779", "frame": 23, "mu": [2.2193612738200996, 2.224957708852169, 1.1443593844424147], "Sigma": [[0.0038169816996630494, -0.001926395793705452, -0.004110638248530109], [-0.001926395793705452, 0.0025308738228304664, -0.0018874601909454243], [-0.004110638248530109, -0.0018874601909454245, 0.018128408332605726]], "chi2_level": 0.997, "chi2_df": 3, "chi2_threshold": 13.931422665512084, "N_raw": 16, "N_roi": 16, "N_inlier": 16, "refit": true}
{"timestamp": "16:41:43.484910", "frame": 26, "mu": [2.124376132108528, 2.073785844853579, 1.3422488539321065], "Sigma": [[0.0008362708110333072, -0.003684610292177012, -0.00038574470548235665], [-0.0036846102921770122, 0.02329567830166889, 0.0020163542822468996], [-0.00038574470548235665, 0.002016354282246899, 0.0008807545121363544]], "chi2_level": 0.997, "chi2_df": 3, "chi2_threshold": 13.931422665512084, "N_raw": 5, "N_roi": 5, "N_inlier": 5, "refit": true}
{"timestamp": "16:41:43.540365", "frame": 27, "mu": [2.1725048792086104, 1.8943843171778694, 1.2825303517024382], "Sigma": [[0.006571687004379101, -0.006894602259016143, -0.0020112932616858648], [-0.006894602259016145, 0.015047504758560103, 0.001232144624131199], [-0.002011293261685865, 0.001232144624131199, 0.0014082413254711997]], "chi2_level": 0.997, "chi2_df": 3, "chi2_threshold": 13.931422665512084, "N_raw": 10, "N_roi": 10, "N_inlier": 10, "refit": true}
{"timestamp": "16:41:43.595466", "frame": 28, "mu": [1.9606870973439756, 2.0917812698028726, 1.2273209578019841], "Sigma": [[0.0013591514586270659, -0.0002640963657859134, -0.0029996413648165376], [-0.0002640963657859134, 0.006042116904278849, -0.006083068036006381], [-0.0029996413648165376, -0.006083068036006381, 0.018302487797717325]], "chi2_level": 0.997, "chi2_df": 3, "chi2_threshold": 13.931422665512084, "N_raw": 5, "N_roi": 5, "N_inlier": 5, "refit": true}
{"timestamp": "16:41:43.650626", "frame": 29, "mu": [1.8927404267065584, 2.1516460618188993, -0.03340438655604516], "Sigma": [[0.001359822653913719, 0.00025348901827034105, -0.00023058903842690636], [0.00025348901827034105, 0.004792073382711665, 0.0002953927191531951], [-0.00023058903842690636, 0.0002953927191531951, 0.00011176682596887652]], "chi2_level": 0.997, "chi2_df": 3, "chi2_threshold": 13.931422665512084, "N_raw": 6, "N_roi": 6, "N_inlier": 6, "refit": true}
{"timestamp": "16:41:43.705389", "frame": 30, "mu": [1.842056815602273, 2.1163773358367277, 1.1209002422849152], "Sigma": [[0.000536508665770984, -0.00214988421120799, 0.0004321333976063206], [-0.00214988421120799, 0.014875007191188502, -0.013141508482405856], [0.0004321333976063204, -0.013141508482405856, 0.11337554466764878]], "chi2_level": 0.997, "chi2_df": 3, "chi2_threshold": 13.931422665512084, "N_raw": 9, "N_roi": 9, "N_inlier": 9, "refit": true}
{"timestamp": "16:41:43.760802", "frame": 31, "mu": [1.8479418248713253, 2.074673256551616, 1.071688149913521], "Sigma": [[0.0008548873582378452, -0.0012946556175424838, 0.0042767266249249345], [-0.0012946556175424838, 0.013790395140873392, -0.03222542639446206], [0.0042767266249249345, -0.03222542639446206, 0.11364320721713339]], "chi2_level": 0.997, "chi2_df": 3, "chi2_threshold": 13.931422665512084, "N_raw": 9, "N_roi": 9, "N_inlier": 9, "refit": true}
{"timestamp": "16:41:43.815553", "frame": 32, "mu": [1.714393718123841, 2.121077254128695, 1.0412995557741829], "Sigma": [[0.004880091334850309, 0.0012485499380439952, -0.01976621633429316], [0.0012485499380439948, 0.014756118380354608, -0.03154318825716379], [-0.01976621633429316, -0.03154318825716379, 0.2198027926376968]], "chi2_level": 0.997, "chi2_df": 3, "chi2_threshold": 13.931422665512084, "N_raw": 8, "N_roi": 8, "N_inlier": 8, "refit": true}
{"timestamp": "16:41:43.870887", "frame": 33, "mu": [1.5797040018471011, 2.157211884012808, 1.368786776466925], "Sigma": [[0.0008937255806570581, 0.0010398088752186763, -0.0033744762196047657], [0.0010398088752186763, 0.010221631155606635, -0.001976940597259275], [-0.0033744762196047657, -0.001976940597259275, 0.016179641299128862]], "chi2_level": 0.997, "chi2_df": 3, "chi2_threshold": 13.931422665512084, "N_raw": 6, "N_roi": 6, "N_inlier": 6, "refit": true}
{"timestamp": "16:41:43.926890", "frame": 34, "mu": [1.472319723864148, 2.206768336180571, 1.0439003781499119], "Sigma": [[0.009392000393791943, -0.005220348210391683, -0.04378457803864149], [-0.005220348210391683, 0.007465174379693953, 0.02846290384724247], [-0.04378457803864148, 0.028462903847242465, 0.43163009161196064]], "chi2_level": 0.997, "chi2_df": 3, "chi2_threshold": 13.931422665512084, "N_raw": 14, "N_roi": 14, "N_inlier": 14, "refit": true}
{"timestamp": "16:41:43.981957", "frame": 35, "mu": [1.3662253425710569, 2.245603980428066, 1.2666980535155887], "Sigma": [[0.012773876508927908, -0.010452848028678878, -0.05247619628170667], [-0.010452848028678878, 0.012393262508726986, 0.05798487455820117], [-0.05247619628170667, 0.05798487455820117, 0.3401994705371594]], "chi2_level": 0.997, "chi2_df": 3, "chi2_threshold": 13.931422665512084, "N_raw": 18, "N_roi": 18, "N_inlier": 18, "refit": true}
{"timestamp": "16:41:44.035836", "frame": 36, "mu": [1.4643216562531909, 2.071748175492734, 0.9061088664628645], "Sigma": [[0.0020316846541251726, -0.001419872655146607, -0.015996826052384363], [-0.001419872655146607, 0.00789334448273506, 0.014333800218198653], [-0.01599682605238436, 0.014333800218198654, 0.30704044098038746]], "chi2_level": 0.997, "chi2_df": 3, "chi2_threshold": 13.931422665512084, "N_raw": 8, "N_roi": 8, "N_inlier": 8, "refit": true}
{"timestamp": "16:41:44.091959", "frame": 37, "mu": [1.376132496028811, 2.1334317057226277, 1.0823352668054906], "Sigma": [[0.003553121896174693, -0.0027221501749211943, -0.01625582524277856], [-0.0027221501749211943, 0.0070409301701734915, 0.010846008255225399], [-0.01625582524277856, 0.010846008255225399, 0.3200977398024781]], "chi2_level": 0.997, "chi2_df": 3, "chi2_threshold": 13.931422665512084, "N_raw": 18, "N_roi": 18, "N_inlier": 18, "refit": true}
{"timestamp": "16:41:44.153015", "frame": 38, "mu": [1.3013016647152176, 2.18905624373368, 1.1739208324838362], "Sigma": [[0.015051222970019268, -0.010109786429039012, -0.016514113582758103], [-0.010109786429039012, 0.007858616441705497, 0.008641186937412542], [-0.016514113582758103, 0.008641186937412544, 0.0437827809826942]], "chi2_level": 0.997, "chi2_df": 3, "chi2_threshold": 13.931422665512084, "N_raw": 63, "N_roi": 63, "N_inlier": 62, "refit": true}
{"timestamp": "16:41:44.208506", "frame": 39, "mu": [1.2387661748259002, 2.1597871733883682, 1.0914932378188875], "Sigma": [[0.011075481922229959, -0.009469809283758943, -0.022551500487074785], [-0.009469809283758943, 0.01168546086213997, 0.029249784383532686], [-0.022551500487074785, 0.029249784383532686, 0.174037076393369]], "chi2_level": 0.997, "chi2_df": 3, "chi2_threshold": 13.931422665512084, "N_raw": 41, "N_roi": 41, "N_inlier": 40, "refit": true}
{"timestamp": "16:41:44.265499", "frame": 40, "mu": [1.2143477010888262, 2.32221354783754, -0.2892528527159502], "Sigma": [[0.013704540668903998, -0.00267987844438914, -0.020971450880372954], [-0.00267987844438914, 0.016577686396134054, 0.002601733693899638], [-0.020971450880372954, 0.002601733693899638, 0.07692531748908725]], "chi2_level": 0.997, "chi2_df": 3, "chi2_threshold": 13.931422665512084, "N_raw": 59, "N_roi": 59, "N_inlier": 56, "refit": true}
{"timestamp": "16:41:44.326693", "frame": 41, "mu": [1.1883828753172947, 2.0869377727617713, 0.7881028927668261], "Sigma": [[0.01794736685951174, -0.014246242163885477, -0.06566093991016961], [-0.014246242163885474, 0.014620849995692948, 0.0514920575111292], [-0.06566093991016961, 0.0514920575111292, 0.44992767215686436]], "chi2_level": 0.997, "chi2_df": 3, "chi2_threshold": 13.931422665512084, "N_raw": 94, "N_roi": 89, "N_inlier": 87, "refit": true}
{"timestamp": "16:41:44.371973", "frame": 42, "mu": [1.0214868938338666, 2.149139081598016, 1.2451329354718206], "Sigma": [[0.010586773386251651, -0.008684186725620373, -0.023008295894138872], [-0.008684186725620373, 0.010636427117279969, 0.02278845124919724], [-0.023008295894138872, 0.02278845124919724, 0.0788367054819154]], "chi2_level": 0.997, "chi2_df": 3, "chi2_threshold": 13.931422665512084, "N_raw": 39, "N_roi": 39, "N_inlier": 36, "refit": true}
{"timestamp": "16:41:44.431879", "frame": 43, "mu": [1.0176126096093856, 2.0973073454541007, 1.079861344088052], "Sigma": [[0.011026279872462134, -0.0071127296051452195, -0.01919954059940719], [-0.0071127296051452195, 0.006375537807111386, 0.010278357618467106], [-0.01919954059940719, 0.010278357618467106, 0.07617510362121335]], "chi2_level": 0.997, "chi2_df": 3, "chi2_threshold": 13.931422665512084, "N_raw": 70, "N_roi": 70, "N_inlier": 66, "refit": true}
{"timestamp": "16:41:44.478530", "frame": 44, "mu": [1.0023684154204016, 1.9890839660923405, 0.5518585988073634], "Sigma": [[0.014716492071606318, 0.005633599241496966, 0.0034896641995558406], [0.005633599241496966, 0.018921025186235486, 0.0050427903487311986], [0.0034896641995558406, 0.0050427903487311986, 0.514335430316836]], "chi2_level": 0.997, "chi2_df": 3, "chi2_threshold": 13.931422665512084, "N_raw": 12, "N_roi": 12, "N_inlier": 11, "refit": true}
{"timestamp": "16:41:44.539626", "frame": 45, "mu": [0.8940988624493722, 2.050578228698028, 1.1482093257589738], "Sigma": [[0.008662556078111458, -0.01030596348363198, -0.003575999202748611], [-0.01030596348363198, 0.018959141991711337, 0.009394045502270475], [-0.003575999202748612, 0.009394045502270475, 0.09461404545430036]], "chi2_level": 0.997, "chi2_df": 3, "chi2_threshold": 13.931422665512084, "N_raw": 58, "N_roi": 58, "N_inlier": 54, "refit": true}
{"timestamp": "16:41:44.593627", "frame": 46, "mu": [0.8068872661901202, 2.0472354849368792, 0.9588339670467384], "Sigma": [[0.007476877241967632, -0.004284299995550895, -0.0034465362780152194], [-0.004284299995550895, 0.003380769048958604, 0.004374955103828744], [-0.0034465362780152194, 0.004374955103828744, 0.09893107053725597]], "chi2_level": 0.997, "chi2_df": 3, "chi2_threshold": 13.931422665512084, "N_raw": 52, "N_roi": 51, "N_inlier": 47, "refit": true}
{"timestamp": "16:41:44.651820", "frame": 47, "mu": [0.7159473030394969, 2.048686995623018, 0.9657944421558832], "Sigma": [[0.0071224080126411635, -0.0033861591149297763, -0.0035894091010606746], [-0.0033861591149297763, 0.00439421711717819, -0.005016261938154461], [-0.0035894091010606755, -0.005016261938154461, 0.05614224781734947]], "chi2_level": 0.997, "chi2_df": 3, "chi2_threshold": 13.931422665512084, "N_raw": 58, "N_roi": 57, "N_inlier": 52, "refit": true}
{"timestamp": "16:41:44.703004", "frame": 48, "mu": [0.6932566841702169, 1.876967278543679, 0.8494016139756781], "Sigma": [[0.005527333985815119, -0.007200360045745399, 0.005334581132379768], [-0.0072003600457454, 0.022129497592073066, -0.028941817327632256], [0.005334581132379768, -0.028941817327632256, 0.18108728370080726]], "chi2_level": 0.997, "chi2_df": 3, "chi2_threshold": 13.931422665512084, "N_raw": 45, "N_roi": 45, "N_inlier": 44, "refit": true}
{"timestamp": "16:41:44.758095", "frame": 49, "mu": [0.49588457658807794, 2.117858076076656, 1.3886839588154118], "Sigma": [[0.006104029760197786, -0.003906454076348397, -0.0074308427929046785], [-0.003906454076348397, 0.009320445108117996, 0.009270777382159742], [-0.0074308427929046785, 0.009270777382159742, 0.018617403734031056]], "chi2_level": 0.997, "chi2_df": 3, "chi2_threshold": 13.931422665512084, "N_raw": 47, "N_roi": 47, "N_inlier": 43, "refit": true}
{"timestamp": "16:41:44.817014", "frame": 50, "mu": [0.39801276439573596, 2.0855363951798993, 1.32493453937909], "Sigma": [[0.0071727189510367995, -0.007911131997799858, -0.012765067458911443], [-0.007911131997799858, 0.01903653131501077, 0.017964304286041788], [-0.012765067458911442, 0.01796430428604179, 0.03917968008437876]], "chi2_level": 0.997, "chi2_df": 3, "chi2_threshold": 13.931422665512084, "N_raw": 73, "N_roi": 72, "N_inlier": 68, "refit": true}
{"timestamp": "16:41:44.871841", "frame": 51, "mu": [0.39757697006644216, 2.0031207871656433, 1.1897644893894297], "Sigma": [[0.009353972185140016, -0.0013126201603520953, 0.0070298030561441426], [-0.0013126201603520953, 0.0060693484326512686, -0.005453585197703052], [0.007029803056144144, -0.005453585197703051, 0.05881958679846298]], "chi2_level": 0.997, "chi2_df": 3, "chi2_threshold": 13.931422665512084, "N_raw": 64, "N_roi": 64, "N_inlier": 61, "refit": true}
{"timestamp": "16:41:44.923219", "frame": 52, "mu": [0.2700313124815625, 2.099444074361683, 1.304632871090663], "Sigma": [[0.007155207986610753, -0.003882697846739497, 0.012956610025944244], [-0.0038826978467394967, 0.007754658075619892, 0.00031965485627071855], [0.01295661002594424, 0.00031965485627071855, 0.15201062882493932]], "chi2_level": 0.997, "chi2_df": 3, "chi2_threshold": 13.931422665512084, "N_raw": 45, "N_roi": 45, "N_inlier": 43, "refit": true}
{"timestamp": "16:41:44.980271", "frame": 53, "mu": [0.13644054322703347, 2.166186382354958, 1.4268079724647131], "Sigma": [[0.008890409262155891, -0.003487733457741383, -0.005265133130612812], [-0.003487733457741383, 0.007958377524894674, 0.00364787702735637], [-0.005265133130612812, 0.00364787702735637, 0.004402315035285006]], "chi2_level": 0.997, "chi2_df": 3, "chi2_threshold": 13.931422665512084, "N_raw": 66, "N_roi": 63, "N_inlier": 59, "refit": true}
{"timestamp": "16:41:45.036983", "frame": 54, "mu": [0.0689311775589513, 2.196617414465199, 1.3956575297214688], "Sigma": [[0.008099670764340245, -0.005403645518364941, -0.008368530609650607], [-0.00540364551836494, 0.009587777900816547, 0.003642529372543344], [-0.008368530609650607, 0.003642529372543344, 0.02035619270999816]], "chi2_level": 0.997, "chi2_df": 3, "chi2_threshold": 13.931422665512084, "N_raw": 73, "N_roi": 70, "N_inlier": 66, "refit": true}
{"timestamp": "16:41:45.092518", "frame": 55, "mu": [0.02855333628090102, 2.2662165268525483, -0.06668899364736885], "Sigma": [[0.008716336313875467, -0.00487803690164767, -0.005789604865079389], [-0.00487803690164767, 0.009110883944080926, -0.002628605948040925], [-0.005789604865079389, -0.002628605948040925, 0.02524107731323392]], "chi2_level": 0.997, "chi2_df": 3, "chi2_threshold": 13.931422665512084, "N_raw": 73, "N_roi": 70, "N_inlier": 65, "refit": true}
{"timestamp": "16:41:45.147889", "frame": 56, "mu": [-0.02471686564362479, 2.1448185973707807, 1.3760254115997284], "Sigma": [[0.0093995311499374, -0.006332082243881033, -0.008630260825892891], [-0.006332082243881033, 0.013604894792952333, 0.006175275250991971], [-0.008630260825892893, 0.006175275250991971, 0.009891914803200607]], "chi2_level": 0.997, "chi2_df": 3, "chi2_threshold": 13.931422665512084, "N_raw": 82, "N_roi": 81, "N_inlier": 80, "refit": true}
{"timestamp": "16:41:45.196793", "frame": 57, "mu": [-0.07931959598452515, 2.0694230523935375, 1.2177797958062853], "Sigma": [[0.005036154950141627, -0.0038527624718555148, -0.004155536126798428], [-0.0038527624718555148, 0.0057421214594070335, -0.0008784258960004667], [-0.004155536126798429, -0.0008784258960004665, 0.015103930913138745]], "chi2_level": 0.997, "chi2_df": 3, "chi2_threshold": 13.931422665512084, "N_raw": 31, "N_roi": 31, "N_inlier": 29, "refit": true}
{"timestamp": "16:41:45.256559", "frame": 58, "mu": [-0.12078102316142372, 2.113253147962622, 1.2390016698264952], "Sigma": [[0.010407948819408758, -0.008489692635515706, -0.013252144804967909], [-0.008489692635515706, 0.014411921718034184, 0.018148734917980427], [-0.013252144804967909, 0.018148734917980424, 0.08853625028984569]], "chi2_level": 0.997, "chi2_df": 3, "chi2_threshold": 13.931422665512084, "N_raw": 69, "N_roi": 67, "N_inlier": 64, "refit": true}
{"timestamp": "16:41:45.316896", "frame": 59, "mu": [-0.20841191362745246, 2.074866654929012, 1.205420932037943], "Sigma": [[0.01948220519031811, -0.01587564418574008, -0.019158232695463982], [-0.01587564418574008, 0.020705509375931873, 0.015095620902850132], [-0.019158232695463982, 0.015095620902850132, 0.03334893535078362]], "chi2_level": 0.997, "chi2_df": 3, "chi2_threshold": 13.931422665512084, "N_raw": 102, "N_roi": 95, "N_inlier": 90, "refit": true}
{"timestamp": "16:41:45.366085", "frame": 60, "mu": [-0.402399156048031, 2.1989197184387312, 1.429963041247194], "Sigma": [[0.009460416402091651, 0.0003171272637792421, -0.004764361299143991], [0.00031712726377924167, 0.004897552858031781, 0.004541372875110711], [-0.004764361299143991, 0.004541372875110711, 0.06270262282049324]], "chi2_level": 0.997, "chi2_df": 3, "chi2_threshold": 13.931422665512084, "N_raw": 63, "N_roi": 60, "N_inlier": 56, "refit": true}
{"timestamp": "16:41:45.426980", "frame": 61, "mu": [-0.3713178914345864, 2.0749015821011785, 0.7995911263157873], "Sigma": [[0.010361555651324501, -0.004812137055386277, -0.016005995094197097], [-0.004812137055386277, 0.009674644762684424, 0.04150531363517325], [-0.0160059950941971, 0.04150531363517325, 0.4819395221322956]], "chi2_level": 0.997, "chi2_df": 3, "chi2_threshold": 13.931422665512084, "N_raw": 103, "N_roi": 98, "N_inlier": 97, "refit": true}
{"timestamp": "16:41:45.479383", "frame": 62, "mu": [-0.42954407818809304, 2.0475687021817848, 1.2536738712975672], "Sigma": [[0.009760643899787617, -0.005180852414344029, -0.010655333473018594], [-0.005180852414344028, 0.01058243206784472, 0.004202837633522678], [-0.010655333473018596, 0.004202837633522678, 0.02137517061888811]], "chi2_level": 0.997, "chi2_df": 3, "chi2_threshold": 13.931422665512084, "N_raw": 83, "N_roi": 81, "N_inlier": 77, "refit": true}
{"timestamp": "16:41:45.530906", "frame": 63, "mu": [-0.5520130614727233, 2.0494482103215614, 1.2362110584075943], "Sigma": [[0.011370160317239844, -0.006259413996731435, -0.0030284494590395996], [-0.006259413996731435, 0.009149163628910412, -0.00547487486603831], [-0.0030284494590396005, -0.005474874866038309, 0.07670015111010148]], "chi2_level": 0.997, "chi2_df": 3, "chi2_threshold": 13.931422665512084, "N_raw": 59, "N_roi": 57, "N_inlier": 55, "refit": true}
{"timestamp": "16:41:45.589566", "frame": 64, "mu": [-0.6167522293094327, 2.114677500551495, 0.9539915999356714], "Sigma": [[0.010664025200350558, 0.0009986376015556429, -0.03401254460926731], [0.000998637601555643, 0.011326001630649589, -0.04011937757877853], [-0.03401254460926731, -0.04011937757877853, 0.2970906944174918]], "chi2_level": 0.997, "chi2_df": 3, "chi2_threshold": 13.931422665512084, "N_raw": 92, "N_roi": 92, "N_inlier": 91, "refit": true}
{"timestamp": "16:41:45.637155", "frame": 65, "mu": [-0.7164408721560667, 2.166604041162943, 0.5076772981477846], "Sigma": [[0.00695579522172584, 0.0008855630576672881, -0.026072908421894404], [0.0008855630576672881, 0.0020926324922816235, -0.015235272045353729], [-0.0260729084218944, -0.015235272045353729, 0.2899124636456857]], "chi2_level": 0.997, "chi2_df": 3, "chi2_threshold": 13.931422665512084, "N_raw": 35, "N_roi": 35, "N_inlier": 34, "refit": true}
{"timestamp": "16:41:45.694641", "frame": 66, "mu": [-0.8459846767271099, 2.053943431583247, 1.3953230047016738], "Sigma": [[0.010590820481752881, -0.002028862742313573, -0.00995355508710238], [-0.002028862742313573, 0.005059202706991706, 0.00044145156374777897], [-0.00995355508710238, 0.00044145156374777886, 0.011312948243443532]], "chi2_level": 0.997, "chi2_df": 3, "chi2_threshold": 13.931422665512084, "N_raw": 60, "N_roi": 60, "N_inlier": 57, "refit": true}
{"timestamp": "16:41:45.750878", "frame": 67, "mu": [-0.917891499059436, 2.0468295239613856, 1.406788858589874], "Sigma": [[0.007646237120865689, -0.0032830791983027604, -0.009948600042999942], [-0.0032830791983027604, 0.008705110700796678, 0.002760522940130877], [-0.009948600042999942, 0.0027605229401308773, 0.019879920946706625]], "chi2_level": 0.997, "chi2_df": 3, "chi2_threshold": 13.931422665512084, "N_raw": 62, "N_roi": 62, "N_inlier": 58, "refit": true}
{"timestamp": "16:41:45.807741", "frame": 68, "mu": [-0.984235590965644, 2.02566541780347, 1.2471528910196268], "Sigma": [[0.00787091335944882, -9.686279652756954e-05, -0.006751029641762846], [-9.686279652756959e-05, 0.008893330776608012, -0.005542975158665495], [-0.006751029641762846, -0.005542975158665495, 0.01175530129533154]], "chi2_level": 0.997, "chi2_df": 3, "chi2_threshold": 13.931422665512084, "N_raw": 79, "N_roi": 79, "N_inlier": 75, "refit": true}
{"timestamp": "16:41:45.856030", "frame": 69, "mu": [-1.0508912937621588, 2.057890814399908, 0.8595212343562746], "Sigma": [[0.007835217374682556, -0.0034104169354113745, 0.008065579304277358], [-0.0034104169354113745, 0.003169206452410231, -0.011947599935955334], [0.008065579304277358, -0.011947599935955334, 0.08152024503011433]], "chi2_level": 0.997, "chi2_df": 3, "chi2_threshold": 13.931422665512084, "N_raw": 28, "N_roi": 28, "N_inlier": 28, "refit": true}
{"timestamp": "16:41:45.914800", "frame": 70, "mu": [-1.20753350902443, 2.0374168692744807, 1.4663890388712995], "Sigma": [[0.010138837294639824, 0.0008029129058169133, -0.010666325686956265], [0.0008029129058169133, 0.0066976570988552375, -0.0011613146515280426], [-0.010666325686956267, -0.001161314651528043, 0.013286914042495808]], "chi2_level": 0.997, "chi2_df": 3, "chi2_threshold": 13.931422665512084, "N_raw": 59, "N_roi": 59, "N_inlier": 56, "refit": true}
{"timestamp": "16:41:45.968884", "frame": 71, "mu": [-1.1435784439193797, 2.012899456359017, 1.0422908023825141], "Sigma": [[0.012106843313603, 0.0021476670208803936, -0.04717652615660074], [0.0021476670208803936, 0.006107498021605988, -0.011629217862601423], [-0.04717652615660074, -0.011629217862601422, 0.26160737396284545]], "chi2_level": 0.997, "chi2_df": 3, "chi2_threshold": 13.931422665512084, "N_raw": 48, "N_roi": 48, "N_inlier": 48, "refit": true}
{"timestamp": "16:41:46.023560", "frame": 72, "mu": [-1.327322911332582, 2.03661784660021, 1.4760509529397587], "Sigma": [[0.009422016506587699, -0.001965128083977958, -0.020895224199672997], [-0.001965128083977958, 0.007870753247101115, 0.0065575142124505645], [-0.020895224199673, 0.006557514212450565, 0.07533199600885422]], "chi2_level": 0.997, "chi2_df": 3, "chi2_threshold": 13.931422665512084, "N_raw": 47, "N_roi": 47, "N_inlier": 44, "refit": true}
{"timestamp": "16:41:46.078556", "frame": 73, "mu": [-1.4407547478082348, 2.079389812487737, 1.4999941882177998], "Sigma": [[0.009892763801524802, -0.001126437123622551, -0.012782027873079662], [-0.0011264371236225515, 0.010281003145365522, -0.010666080998623121], [-0.012782027873079662, -0.010666080998623121, 0.06727549408570077]], "chi2_level": 0.997, "chi2_df": 3, "chi2_threshold": 13.931422665512084, "N_raw": 49, "N_roi": 47, "N_inlier": 44, "refit": true}
{"timestamp": "16:41:46.127984", "frame": 74, "mu": [-1.5859895135657431, 1.8048478767248652, 1.0982437113302435], "Sigma": [[0.022568364222935698, 0.024737906899210266, 0.0019528628718863718], [0.024737906899210266, 0.20548080148799516, 0.28855197639199687], [0.0019528628718863683, 0.2885519763919969, 0.8193552451549656]], "chi2_level": 0.997, "chi2_df": 3, "chi2_threshold": 13.931422665512084, "N_raw": 10, "N_roi": 10, "N_inlier": 10, "refit": true}
{"timestamp": "16:41:46.190956", "frame": 75, "mu": [-1.748695980247296, 1.9855029809167708, -0.004595445351861228], "Sigma": [[0.042294457275426495, 0.03739638189549495, 0.0016331428706845758], [0.03739638189549495, 0.04373525262585863, 0.0005151900523491459], [0.0016331428706845763, 0.0005151900523491461, 0.038339610186642295]], "chi2_level": 0.997, "chi2_df": 3, "chi2_threshold": 13.931422665512084, "N_raw": 73, "N_roi": 73, "N_inlier": 71, "refit": true}
{"timestamp": "16:41:46.238825", "frame": 76, "mu": [-1.7356297231888385, 1.994601827180335, 1.5961860887264974], "Sigma": [[0.017361987455952084, 0.006604350314173012, -0.020271539380664103], [0.006604350314173012, 0.014901475646973368, -0.00392087771970079], [-0.020271539380664103, -0.003920877719700791, 0.028028080868658715]], "chi2_level": 0.997, "chi2_df": 3, "chi2_threshold": 13.931422665512084, "N_raw": 18, "N_roi": 18, "N_inlier": 17, "refit": true}
{"timestamp": "16:41:46.305394", "frame": 77, "mu": [-1.8576250903352245, 1.8653009141824823, 1.7151750848951703], "Sigma": [[0.04327496555891622, 0.025361239866891823, -0.039126081868694144], [0.025361239866891823, 0.027139247999508308, -0.024152638628017933], [-0.03912608186869415, -0.024152638628017933, 0.04020167977657171]], "chi2_level": 0.997, "chi2_df": 3, "chi2_threshold": 13.931422665512084, "N_raw": 103, "N_roi": 103, "N_inlier": 101, "refit": true}
{"timestamp": "16:41:46.360402", "frame": 78, "mu": [-1.9614072956788269, 1.801012094912934, 1.7208171576629308], "Sigma": [[0.039281543013867645, 0.024988492211247514, -0.036559159813249364], [0.024988492211247514, 0.027617238491178246, -0.025051710204457116], [-0.036559159813249364, -0.025051710204457116, 0.03705711417743716]], "chi2_level": 0.997, "chi2_df": 3, "chi2_threshold": 13.931422665512084, "N_raw": 99, "N_roi": 99, "N_inlier": 99, "refit": true}
{"timestamp": "16:41:46.410458", "frame": 79, "mu": [-2.12034158625967, 1.6941184365264765, 1.7953689173514746], "Sigma": [[0.02297290872889094, 0.015835686798059634, -0.023398072688800245], [0.01583568679805963, 0.020676413518929973, -0.01884798448488949], [-0.023398072688800245, -0.01884798448488949, 0.026867752178235036]], "chi2_level": 0.997, "chi2_df": 3, "chi2_threshold": 13.931422665512084, "N_raw": 60, "N_roi": 60, "N_inlier": 59, "refit": true}
{"timestamp": "16:41:46.467811", "frame": 80, "mu": [-1.9329132731523555, 1.7063603886465186, 1.3829305576149693], "Sigma": [[0.030278841223574438, 0.013246200503457796, -0.03720188403472538], [0.013246200503457792, 0.016146871737815767, -0.013233598747652918], [-0.03720188403472537, -0.013233598747652918, 0.05011247039448392]], "chi2_level": 0.997, "chi2_df": 3, "chi2_threshold": 13.931422665512084, "N_raw": 83, "N_roi": 83, "N_inlier": 80, "refit": true}
{"timestamp": "16:41:46.521956", "frame": 81, "mu": [-2.133142294978115, 1.6677553686663662, 1.6631904680224157], "Sigma": [[0.018621690177801076, 0.010167365975528166, -0.024484316310518915], [0.010167365975528166, 0.020548989583290662, -0.007762760312014066], [-0.024484316310518915, -0.007762760312014066, 0.037957599426891094]], "chi2_level": 0.997, "chi2_df": 3, "chi2_threshold": 13.931422665512084, "N_raw": 73, "N_roi": 71, "N_inlier": 67, "refit": true}
{"timestamp": "16:41:46.575954", "frame": 82, "mu": [-2.2078173460014283, 1.6807564980046097, 1.6561218011122247], "Sigma": [[0.016492762761560736, 0.012118293947643896, -0.013888383634773526], [0.012118293947643896, 0.020750115975986038, -0.013756322365607324], [-0.013888383634773526, -0.013756322365607324, 0.015202888805127535]], "chi2_level": 0.997, "chi2_df": 3, "chi2_threshold": 13.931422665512084, "N_raw": 69, "N_roi": 68, "N_inlier": 65, "refit": true}
{"timestamp": "16:41:46.631884", "frame": 83, "mu": [-2.2230599070568404, 1.7210639314808458, 1.461294957314591], "Sigma": [[0.017138260233446247, 0.015031109516746344, -0.03687083017042181], [0.015031109516746343, 0.03065377352845395, -0.05754589994435937], [-0.0368708301704218, -0.05754589994435937, 0.15664338667976904]], "chi2_level": 0.997, "chi2_df": 3, "chi2_threshold": 13.931422665512084, "N_raw": 70, "N_roi": 68, "N_inlier": 67, "refit": true}
{"timestamp": "16:41:46.684616", "frame": 84, "mu": [-2.2725352502334353, 1.604024565053997, 1.4160197689832272], "Sigma": [[0.0133952594039139, 0.007496781231450872, -0.008954045554957093], [0.007496781231450872, 0.01667516462756484, -0.008874010761402963], [-0.008954045554957093, -0.008874010761402963, 0.009759105313304794]], "chi2_level": 0.997, "chi2_df": 3, "chi2_threshold": 13.931422665512084, "N_raw": 61, "N_roi": 60, "N_inlier": 57, "refit": true}
{"timestamp": "16:41:46.739792", "frame": 85, "mu": [-2.3050703646266006, 1.593878855516007, 1.5024327930724424], "Sigma": [[0.012789448097128427, 0.005644102554948208, -0.010796989098795423], [0.005644102554948208, 0.01556040468083114, -0.005262687574646981], [-0.010796989098795423, -0.005262687574646982, 0.010201667357540722]], "chi2_level": 0.997, "chi2_df": 3, "chi2_threshold": 13.931422665512084, "N_raw": 59, "N_roi": 52, "N_inlier": 52, "refit": true}
{"timestamp": "16:41:46.794697", "frame": 86, "mu": [-2.3029496718075535, 1.582613536005792, 1.3500758196301583], "Sigma": [[0.010439795865795517, 0.005019455307978131, -0.004430568255559096], [0.005019455307978132, 0.016263031634514695, -0.009169975210575831], [-0.004430568255559096, -0.009169975210575831, 0.006791822823678723]], "chi2_level": 0.997, "chi2_df": 3, "chi2_threshold": 13.931422665512084, "N_raw": 60, "N_roi": 56, "N_inlier": 56, "refit": true}
{"timestamp": "16:41:46.844747", "frame": 87, "mu": [-2.402317231341436, 1.7501696952930739, 1.4691071367444015], "Sigma": [[0.004167525092839613, 0.003570280718164982, -0.004223518259216004], [0.0035702807181649822, 0.007016035475145802, -0.006000816323982616], [-0.004223518259216004, -0.006000816323982616, 0.006974865111307826]], "chi2_level": 0.997, "chi2_df": 3, "chi2_threshold": 13.931422665512084, "N_raw": 24, "N_roi": 17, "N_inlier": 16, "refit": true}
{"timestamp": "16:41:46.958020", "frame": 89, "mu": [-2.405218811778036, 1.818689866039646, -0.3431470103610049], "Sigma": [[0.0047138463393184594, 0.005187413737724839, -0.005554527986636873], [0.005187413737724839, 0.026541383541269573, -0.01637180909130731], [-0.005554527986636873, -0.01637180909130731, 0.057150342292623425]], "chi2_level": 0.997, "chi2_df": 3, "chi2_threshold": 13.931422665512084, "N_raw": 56, "N_roi": 32, "N_inlier": 32, "refit": true}
{"timestamp": "16:41:47.011955", "frame": 90, "mu": [-2.425759414717651, 1.6141662818011038, 1.399062748556267], "Sigma": [[0.002928008508924853, 0.0009179466779379286, -0.0007393678704899446], [0.0009179466779379286, 0.00734674828354199, -0.0028401810607553233], [-0.0007393678704899446, -0.0028401810607553233, 0.0012379555140152496]], "chi2_level": 0.997, "chi2_df": 3, "chi2_threshold": 13.931422665512084, "N_raw": 41, "N_roi": 18, "N_inlier": 17, "refit": true}
{"timestamp": "16:41:47.069250", "frame": 91, "mu": [-2.4343449621281863, 1.6497947412816651, 1.1834729293699775], "Sigma": [[0.004461840504345743, 0.0051860870954716955, -0.017007406764695022], [0.005186087095471696, 0.013668738917455242, -0.028382725177447575], [-0.017007406764695022, -0.02838272517744757, 0.09008382021815287]], "chi2_level": 0.997, "chi2_df": 3, "chi2_threshold": 13.931422665512084, "N_raw": 57, "N_roi": 12, "N_inlier": 12, "refit": true}
{"timestamp": "16:41:47.178578", "frame": 93, "mu": [-2.4674624742989497, 1.6814134395771263, 1.122091684137056], "Sigma": [[0.0006105685310127076, -0.00023774096738460201, 0.0018861665011435486], [-0.00023774096738460201, 0.004744328246749437, -0.008708948522011898], [0.0018861665011435484, -0.008708948522011898, 0.0542090893107471]], "chi2_level": 0.997, "chi2_df": 3, "chi2_threshold": 13.931422665512084, "N_raw": 67, "N_roi": 7, "N_inlier": 7, "refit": true}
