{"timestamp": "16:49:07.647712", "frame": 4, "mu": [1.8731107058972822, 1.0956932506313102, 1.169163721592591], "Sigma": [[0.001735751939408279, -0.00015809355399905235, -0.0036661793816232893], [-0.00015809355399905225, 0.0006949529245060544, 0.005513190211592446], [-0.0036661793816232893, 0.005513190211592447, 0.06069524249845533]], "chi2_level": 0.997, "chi2_df": 3, "chi2_threshold": 13.931422665512084, "N_raw": 5, "N_roi": 5, "N_inlier": 5, "refit": true}
{"timestamp": "16:49:07.707498", "frame": 5, "mu": [1.9077960945498598, 1.010372543648498, 1.225618306198128], "Sigma": [[0.004519503280872051, -0.006038881251596358, -0.006375310795345205], [-0.006038881251596358, 0.009233905603123633, 0.0048936491375612245], [-0.006375310795345205, 0.004893649137561225, 0.027455558565266474]], "chi2_level": 0.997, "chi2_df": 3, "chi2_threshold": 13.931422665512084, "N_raw": 34, "N_roi": 34, "N_inlier": 33, "refit": true}
{"timestamp": "16:49:07.757552", "frame": 6, "mu": [1.913283037310448, 1.014836027811389, 1.2181797681911335], "Sigma": [[0.002018399247598162, -0.0021470451535448853, -0.005188912523344134], [-0.0021470451535448853, 0.003871273293380351, 0.0033605207527132577], [-0.005188912523344134, 0.003360520752713258, 0.018599228446368445]], "chi2_level": 0.997, "chi2_df": 3, "chi2_threshold": 13.931422665512084, "N_raw": 8, "N_roi": 8, "N_inlier": 8, "refit": true}
{"timestamp": "16:49:07.813341", "frame": 7, "mu": [1.911268688866616, 1.1938959911298959, 1.119847363991385], "Sigma": [[0.0007110092292704831, -0.0023771900293110414, 0.0031897031714397395], [-0.002377190029311042, 0.018346514166096672, -0.02284184379073254], [0.00318970317143974, -0.02284184379073254, 0.05718946992454338]], "chi2_level": 0.997, "chi2_df": 3, "chi2_threshold": 13.931422665512084, "N_raw": 6, "N_roi": 6, "N_inlier": 6, "refit": true}
{"timestamp": "16:49:07.924885", "frame": 9, "mu": [1.885815136825825, 1.091676805612421, 1.2429290943973745], "Sigma": [[0.0014904123287998213, -0.0018110309551122553, -0.0021480899434818852], [-0.0018110309551122553, 0.0050340676904764925, -0.004848709410304869], [-0.002148089943481885, -0.004848709410304869, 0.031147435513628738]], "chi2_level": 0.997, "chi2_df": 3, "chi2_threshold": 13.931422665512084, "N_raw": 15, "N_roi": 15, "N_inlier": 15, "refit": true}
{"timestamp": "16:49:07.981190", "frame": 10, "mu": [1.9136950262624526, 1.080420386880091, 1.2114607031163085], "Sigma": [[0.0026575799432470965, -0.004746432214692823, 0.0004906515372839285], [-0.0047464322146928235, 0.01682105912032974, -0.007396965962925353], [0.0004906515372839287, -0.007396965962925353, 0.007100409839216835]], "chi2_level": 0.997, "chi2_df": 3, "chi2_threshold": 13.931422665512084, "N_raw": 24, "N_roi": 24, "N_inlier": 24, "refit": true}
{"timestamp": "16:49:08.035206", "frame": 11, "mu": [1.9185691771826168, 1.0450971478523312, 1.2339318943459432], "Sigma": [[0.004158296154864435, -0.0024667295955754526, -0.000615216905426572], [-0.0024667295955754526, 0.005461849298424009, 0.0006222730792238874], [-0.000615216905426572, 0.0006222730792238877, 0.005958160816274767]], "chi2_level": 0.997, "chi2_df": 3, "chi2_threshold": 13.931422665512084, "N_raw": 16, "N_roi": 16, "N_inlier": 16, "refit": true}
{"timestamp": "16:49:08.090932", "frame": 12, "mu": [1.8699080520412654, 1.2130714325028085, -0.5072146786272239], "Sigma": [[0.007089706535510227, -0.015907133846677284, 0.0033675385222736477], [-0.015907133846677288, 0.05236800153338305, -0.014058050867821817], [0.0033675385222736473, -0.014058050867821815, 0.005371587158303131]], "chi2_level": 0.997, "chi2_df": 3, "chi2_threshold": 13.931422665512084, "N_raw": 22, "N_roi": 22, "N_inlier": 22, "refit": true}
{"timestamp": "16:49:08.144273", "frame": 13, "mu": [1.8674720979895305, 1.0770595081446932, 1.1234142177444981], "Sigma": [[0.007147507955774262, -0.015190168408317412, 0.006838222623099336], [-0.015190168408317412, 0.04332694586865664, -0.030517260601877077], [0.006838222623099336, -0.03051726060187708, 0.04817930699911949]], "chi2_level": 0.997, "chi2_df": 3, "chi2_threshold": 13.931422665512084, "N_raw": 7, "N_roi": 7, "N_inlier": 7, "refit": true}
{"timestamp": "16:49:08.198330", "frame": 14, "mu": [1.929344600179577, 1.026161711408847, 1.3077595969827278], "Sigma": [[0.00034049544163669516, 0.00022540064448927505, -0.0026375524824471083], [0.00022540064448927508, 0.00372070035664845, -0.00816502965230418], [-0.0026375524824471083, -0.008165029652304182, 0.058247607789609766]], "chi2_level": 0.997, "chi2_df": 3, "chi2_threshold": 13.931422665512084, "N_raw": 6, "N_roi": 6, "N_inlier": 6, "refit": true}
{"timestamp": "16:49:08.256820", "frame": 15, "mu": [1.9025436628584986, 0.993661531293017, 1.2171551039642485], "Sigma": [[0.004878594481385229, -0.004518272057894526, -0.0006577969366132525], [-0.0045182720578945245, 0.012170630133288106, -0.006146949361485822], [-0.0006577969366132525, -0.006146949361485821, 0.00814200449021219]], "chi2_level": 0.997, "chi2_df": 3, "chi2_threshold": 13.931422665512084, "N_raw": 29, "N_roi": 29, "N_inlier": 29, "refit": true}
{"timestamp": "16:49:08.313720", "frame": 16, "mu": [1.8926626124579062, 0.9981613671400019, 1.2125145678881233], "Sigma": [[0.003572566951468183, -0.0030997827532206566, -0.0022649490573952583], [-0.003099782753220656, 0.008089103807852854, -0.0022281678849910493], [-0.0022649490573952583, -0.0022281678849910497, 0.006727028866102825]], "chi2_level": 0.997, "chi2_df": 3, "chi2_threshold": 13.931422665512084, "N_raw": 24, "N_roi": 24, "N_inlier": 24, "refit": true}
{"timestamp": "16:49:08.369925", "frame": 17, "mu": [1.9061437739332001, 0.9684470314098178, 1.1815608065040295], "Sigma": [[0.0033434051397913255, -0.0038571866957260227, -0.0014676383018251316], [-0.0038571866957260227, 0.010529765070678989, -0.007793978091030612], [-0.0014676383018251316, -0.007793978091030612, 0.0180647140982108]], "chi2_level": 0.997, "chi2_df": 3, "chi2_threshold": 13.931422665512084, "N_raw": 35, "N_roi": 35, "N_inlier": 34, "refit": true}
{"timestamp": "16:49:08.421131", "frame": 18, "mu": [1.8621067262941808, 1.0318528353104788, -0.41220862520845725], "Sigma": [[0.0026060726709622156, 0.0015116063885082117, -0.006481507671474377], [0.0015116063885082117, 0.006456639818555677, -0.01742851365199012], [-0.006481507671474376, -0.017428513651990125, 0.0682072397773552]], "chi2_level": 0.997, "chi2_df": 3, "chi2_threshold": 13.931422665512084, "N_raw": 8, "N_roi": 8, "N_inlier": 8, "refit": true}
{"timestamp": "16:49:08.477862", "frame": 19, "mu": [1.7687119901794475, 1.1360411079803718, 1.0505303786493425], "Sigma": [[0.006192464810412212, -0.009317967035067948, 0.006463159296436478], [-0.009317967035067948, 0.029067532606703216, -0.031633697635511764], [0.00646315929643648, -0.03163369763551176, 0.04577607634449775]], "chi2_level": 0.997, "chi2_df": 3, "chi2_threshold": 13.931422665512084, "N_raw": 23, "N_roi": 23, "N_inlier": 23, "refit": true}
{"timestamp": "16:49:08.531134", "frame": 20, "mu": [1.774424465643522, 1.041402881196581, 1.1939503647042709], "Sigma": [[0.0005863493622783919, -0.0008649411300485435, -0.00011375733780827487], [-0.0008649411300485433, 0.010055821329874204, -0.02017210726005622], [-0.00011375733780827444, -0.020172107260056225, 0.050095078597184234]], "chi2_level": 0.997, "chi2_df": 3, "chi2_threshold": 13.931422665512084, "N_raw": 7, "N_roi": 7, "N_inlier": 7, "refit": true}
{"timestamp": "16:49:08.586904", "frame": 21, "mu": [1.8320451871009127, 0.8877081508474498, 1.237628495285535], "Sigma": [[0.0024696843779623365, -0.001430663448352161, -0.0012051143743324996], [-0.001430663448352161, 0.006706117104911761, -0.008123924292808726], [-0.0012051143743324994, -0.008123924292808726, 0.018326815513050307]], "chi2_level": 0.997, "chi2_df": 3, "chi2_threshold": 13.931422665512084, "N_raw": 14, "N_roi": 13, "N_inlier": 13, "refit": true}
{"timestamp": "16:49:08.639099", "frame": 22, "mu": [1.8562337960278323, 0.7593661059630061, 1.2368167408960817], "Sigma": [[0.0037452641333442704, -0.003834896121972824, -0.005169116851446119], [-0.003834896121972824, 0.00887921016100776, -0.000440390254303564], [-0.005169116851446119, -0.00044039025430356316, 0.013889366658541255]], "chi2_level": 0.997, "chi2_df": 3, "chi2_threshold": 13.931422665512084, "N_raw": 5, "N_roi": 5, "N_inlier": 5, "refit": true}
{"timestamp": "16:49:08.694589", "frame": 23, "mu": [1.8416906746652222, 0.7758035354361299, -0.44395401973625537], "Sigma": [[0.011807065245764374, -0.004982182907908311, -0.009091873678675168], [-0.004982182907908311, 0.0031083310223235143, 0.004109560036036637], [-0.00909187367867517, 0.004109560036036637, 0.007175665982852938]], "chi2_level": 0.997, "chi2_df": 3, "chi2_threshold": 13.931422665512084, "N_raw": 6, "N_roi": 6, "N_inlier": 6, "refit": true}
{"timestamp": "16:49:08.751010", "frame": 24, "mu": [1.7564394221657516, 0.7690488083337622, 1.2719216466748033], "Sigma": [[0.007016128670613754, -0.0013032992530256303, -0.009522015601553746], [-0.0013032992530256303, 0.01381877524103619, -0.020465460297945996], [-0.009522015601553744, -0.020465460297946, 0.053080555583539094]], "chi2_level": 0.997, "chi2_df": 3, "chi2_threshold": 13.931422665512084, "N_raw": 8, "N_roi": 8, "N_inlier": 8, "refit": true}
{"timestamp": "16:49:08.805343", "frame": 25, "mu": [1.7537201587034745, 0.6808861191973502, 1.180910136481896], "Sigma": [[0.0020952956523066567, 0.001512995554162319, -0.00877377266863654], [0.0015129955541623187, 0.00541114059839123, -0.009802460333100711], [-0.00877377266863654, -0.009802460333100711, 0.05405051230754594]], "chi2_level": 0.997, "chi2_df": 3, "chi2_threshold": 13.931422665512084, "N_raw": 7, "N_roi": 7, "N_inlier": 7, "refit": true}
{"timestamp": "16:49:08.863514", "frame": 26, "mu": [1.751030178133559, 0.700915897515606, 1.2707686596463725], "Sigma": [[0.003796270112470354, -0.0021051135766476194, -0.00031721019616617256], [-0.0021051135766476194, 0.007114196418831579, -0.0024866932186154082], [-0.00031721019616617245, -0.0024866932186154082, 0.0014648105508670202]], "chi2_level": 0.997, "chi2_df": 3, "chi2_threshold": 13.931422665512084, "N_raw": 24, "N_roi": 24, "N_inlier": 23, "refit": true}
{"timestamp": "16:49:08.915496", "frame": 27, "mu": [1.323915529111046, 0.6413555550087677, 1.0933315985964305], "Sigma": [[1.0150754699388138, 0.06757702486713389, -0.036833029125587065], [0.0675770248671339, 0.02216426487057012, -0.037489326671687744], [-0.03683302912558708, -0.03748932667168774, 0.11149733445188957]], "chi2_level": 0.997, "chi2_df": 3, "chi2_threshold": 13.931422665512084, "N_raw": 7, "N_roi": 7, "N_inlier": 7, "refit": true}
{"timestamp": "16:49:08.969744", "frame": 28, "mu": [1.6548072718494629, 0.5678969599079388, 1.02042560700762], "Sigma": [[0.001561319650319535, -0.0006468679791852856, -0.0010550607687298912], [-0.0006468679791852856, 0.006258358380297123, -0.0018836108182010206], [-0.001055060768729891, -0.0018836108182010206, 0.04983994880974809]], "chi2_level": 0.997, "chi2_df": 3, "chi2_threshold": 13.931422665512084, "N_raw": 7, "N_roi": 7, "N_inlier": 7, "refit": true}
{"timestamp": "16:49:09.024706", "frame": 29, "mu": [1.3117290185316126, 0.4953954640215244, 1.1695793388417473], "Sigma": [[0.8974946321839947, 0.08108566278985682, 0.0795259389303276], [0.08108566278985682, 0.010527223921389798, 0.006288629379962851], [0.0795259389303276, 0.0062886293799628516, 0.010002011508606086]], "chi2_level": 0.997, "chi2_df": 3, "chi2_threshold": 13.931422665512084, "N_raw": 7, "N_roi": 7, "N_inlier": 7, "refit": true}
{"timestamp": "16:49:09.082917", "frame": 30, "mu": [1.511314964364756, 0.5938020701875577, 1.2103324697379516], "Sigma": [[0.0031065537785081956, -0.0016166068300620868, -0.0051333686894783435], [-0.0016166068300620868, 0.0052223115446565225, -0.0012274522015637691], [-0.0051333686894783435, -0.0012274522015637691, 0.023764549031390775]], "chi2_level": 0.997, "chi2_df": 3, "chi2_threshold": 13.931422665512084, "N_raw": 21, "N_roi": 21, "N_inlier": 21, "refit": true}
{"timestamp": "16:49:09.140958", "frame": 31, "mu": [1.4033252414696646, 0.703685708347568, -0.5841721587312059], "Sigma": [[0.20705145156269922, 0.014093166087425285, -0.0002317159944218545], [0.014093166087425285, 0.013408471442857381, 0.00011164963381555729], [-0.0002317159944218545, 0.00011164963381555734, 0.0010916492125327]], "chi2_level": 0.997, "chi2_df": 3, "chi2_threshold": 13.931422665512084, "N_raw": 45, "N_roi": 45, "N_inlier": 42, "refit": true}
{"timestamp": "16:49:09.194090", "frame": 32, "mu": [1.3854456421735417, 0.5169174992695026, 1.2895681709607365], "Sigma": [[0.010224849722496383, -0.008495963419172832, -0.009468394293765567], [-0.008495963419172832, 0.0162204843568765, 0.007778237664355803], [-0.009468394293765567, 0.007778237664355803, 0.012809944921548168]], "chi2_level": 0.997, "chi2_df": 3, "chi2_threshold": 13.931422665512084, "N_raw": 34, "N_roi": 34, "N_inlier": 34, "refit": true}
{"timestamp": "16:49:09.248104", "frame": 33, "mu": [0.9238130275445229, 0.6017895070400359, -0.5609903478655276], "Sigma": [[1.0217266553286406, 0.04361445955141576, 0.010523585097135489], [0.043614459551415755, 0.011963146180441931, 0.0077962771340252205], [0.010523585097135489, 0.0077962771340252205, 0.011461161274301768]], "chi2_level": 0.997, "chi2_df": 3, "chi2_threshold": 13.931422665512084, "N_raw": 27, "N_roi": 27, "N_inlier": 26, "refit": true}
{"timestamp": "16:49:09.307753", "frame": 34, "mu": [1.3025776178297102, 0.4987579424320023, 1.295961291129119], "Sigma": [[0.007534315291856049, -0.004661323123427699, -0.004310596407147876], [-0.004661323123427699, 0.01307821528315528, -0.000987174013748827], [-0.004310596407147876, -0.000987174013748827, 0.0045241988809143945]], "chi2_level": 0.997, "chi2_df": 3, "chi2_threshold": 13.931422665512084, "N_raw": 53, "N_roi": 53, "N_inlier": 51, "refit": true}
{"timestamp": "16:49:09.362434", "frame": 35, "mu": [1.1394068528955477, 0.5776340805043896, 1.3751133029954739], "Sigma": [[0.007611694423433952, -0.002920871341927171, -0.009447913800490277], [-0.002920871341927171, 0.004924301147298516, 0.0036091177804598957], [-0.009447913800490277, 0.0036091177804598957, 0.015515929412783291]], "chi2_level": 0.997, "chi2_df": 3, "chi2_threshold": 13.931422665512084, "N_raw": 42, "N_roi": 42, "N_inlier": 40, "refit": true}
{"timestamp": "16:49:09.416601", "frame": 36, "mu": [0.9718333509279596, 0.3946657740759055, 1.2913617325735192], "Sigma": [[0.5734417886065761, 0.03950204105355652, -0.00496462755846774], [0.03950204105355652, 0.010126374610675755, -0.001757728874434085], [-0.004964627558467742, -0.0017577288744340853, 0.0006710405574959253]], "chi2_level": 0.997, "chi2_df": 3, "chi2_threshold": 13.931422665512084, "N_raw": 43, "N_roi": 43, "N_inlier": 39, "refit": true}
{"timestamp": "16:49:09.469712", "frame": 37, "mu": [0.9999365076942947, 0.5966563241214409, 1.4008206451781444], "Sigma": [[0.00954656292599359, -0.006092283683054801, -0.00974044388401177], [-0.006092283683054801, 0.01016529393916944, -0.003762807999233156], [-0.00974044388401177, -0.003762807999233156, 0.04206763554481047]], "chi2_level": 0.997, "chi2_df": 3, "chi2_threshold": 13.931422665512084, "N_raw": 31, "N_roi": 31, "N_inlier": 31, "refit": true}
{"timestamp": "16:49:09.528096", "frame": 38, "mu": [0.9449226347171286, 0.5817387232402059, 1.4014866417207765], "Sigma": [[0.00848105087173453, -0.005852114977463208, -0.00870936033447072], [-0.005852114977463208, 0.010096754704212672, -0.00044628418578763476], [-0.00870936033447072, -0.00044628418578763476, 0.021802511553116466]], "chi2_level": 0.997, "chi2_df": 3, "chi2_threshold": 13.931422665512084, "N_raw": 55, "N_roi": 55, "N_inlier": 54, "refit": true}
{"timestamp": "16:49:09.577042", "frame": 39, "mu": [0.9269741865180087, 0.5886193783058777, 1.2003525523530039], "Sigma": [[0.0032285705643853506, -0.00019057456849301985, 0.00044845155015601134], [-0.00019057456849301985, 0.005442008017302553, -0.018708309310532495], [0.00044845155015601134, -0.0187083093105325, 0.07570960179143477]], "chi2_level": 0.997, "chi2_df": 3, "chi2_threshold": 13.931422665512084, "N_raw": 11, "N_roi": 11, "N_inlier": 11, "refit": true}
{"timestamp": "16:49:09.636826", "frame": 40, "mu": [0.8367023629307706, 0.4729494909710876, 1.3712208808313078], "Sigma": [[0.007940153195115705, -0.005458643417072081, -0.008033798455334477], [-0.005458643417072081, 0.006768388237463356, 0.003100557420121936], [-0.008033798455334477, 0.003100557420121936, 0.01088081832548793]], "chi2_level": 0.997, "chi2_df": 3, "chi2_threshold": 13.931422665512084, "N_raw": 52, "N_roi": 52, "N_inlier": 48, "refit": true}
{"timestamp": "16:49:09.688882", "frame": 41, "mu": [0.720089822791484, 0.5335303640624635, 1.335250373129502], "Sigma": [[0.011153619878225022, -0.008025506330845034, -0.02495429631630642], [-0.008025506330845034, 0.010855814170938472, 0.007034842775123314], [-0.024954296316306423, 0.007034842775123312, 0.123242052635473]], "chi2_level": 0.997, "chi2_df": 3, "chi2_threshold": 13.931422665512084, "N_raw": 20, "N_roi": 20, "N_inlier": 19, "refit": true}
{"timestamp": "16:49:09.744668", "frame": 42, "mu": [0.6583309623548929, 0.5313356938076692, 1.460742663001592], "Sigma": [[0.002957947071972772, -0.0020055921896240054, -0.004050146274625681], [-0.002005592189624006, 0.00313934483994162, 0.0028625997447415726], [-0.004050146274625681, 0.0028625997447415726, 0.008019210185908713]], "chi2_level": 0.997, "chi2_df": 3, "chi2_threshold": 13.931422665512084, "N_raw": 37, "N_roi": 37, "N_inlier": 35, "refit": true}
{"timestamp": "16:49:09.799910", "frame": 43, "mu": [0.6057064026786712, 0.5217655273372368, 1.3763820705449363], "Sigma": [[0.004840387749033564, -0.0026481545055097385, -0.0031714459310888607], [-0.0026481545055097385, 0.012331371510923743, -0.02304217120106949], [-0.0031714459310888607, -0.023042171201069495, 0.08659496017934507]], "chi2_level": 0.997, "chi2_df": 3, "chi2_threshold": 13.931422665512084, "N_raw": 37, "N_roi": 35, "N_inlier": 33, "refit": true}
{"timestamp": "16:49:09.853568", "frame": 44, "mu": [0.6512912017439075, 0.4239787458759687, 1.3108439225386832], "Sigma": [[0.0014891868482943256, -0.0005770816909521937, -0.0010242634349967828], [-0.0005770816909521937, 0.0012520202346291416, -0.0004503793985192327], [-0.0010242634349967828, -0.0004503793985192327, 0.002151886108781853]], "chi2_level": 0.997, "chi2_df": 3, "chi2_threshold": 13.931422665512084, "N_raw": 24, "N_roi": 24, "N_inlier": 22, "refit": true}
{"timestamp": "16:49:09.912113", "frame": 45, "mu": [0.5613503051778768, 0.44946791923835133, 1.3141868234458436], "Sigma": [[0.0030046462689846637, -0.002681782819729635, -0.003200432027429459], [-0.002681782819729635, 0.0030456451800905514, 0.003142263418951549], [-0.0032004320274294585, 0.003142263418951549, 0.02074899472576642]], "chi2_level": 0.997, "chi2_df": 3, "chi2_threshold": 13.931422665512084, "N_raw": 49, "N_roi": 49, "N_inlier": 45, "refit": true}
{"timestamp": "16:49:09.966746", "frame": 46, "mu": [0.4183499757598262, 0.44212311748367883, 1.3496332651895055], "Sigma": [[0.006925922465783065, -0.0022329182049391546, 0.0042844823161747835], [-0.002232918204939154, 0.0031289315482957705, 0.012703307207618128], [0.0042844823161747835, 0.012703307207618128, 0.14115427272502523]], "chi2_level": 0.997, "chi2_df": 3, "chi2_threshold": 13.931422665512084, "N_raw": 49, "N_roi": 49, "N_inlier": 48, "refit": true}
{"timestamp": "16:49:10.018016", "frame": 47, "mu": [0.35201569284252654, 0.4551707553095454, 1.4793121113672683], "Sigma": [[0.006393826406294655, 2.0768964652707257e-05, -0.007159944712961172], [2.0768964652707264e-05, 0.0005166026789721628, -0.0003502851286118461], [-0.007159944712961173, -0.0003502851286118461, 0.009983565954443642]], "chi2_level": 0.997, "chi2_df": 3, "chi2_threshold": 13.931422665512084, "N_raw": 20, "N_roi": 20, "N_inlier": 20, "refit": true}
{"timestamp": "16:49:10.074072", "frame": 48, "mu": [0.2122529348249379, 0.5147964287241048, 1.3494224274798974], "Sigma": [[0.0020595000246069178, 0.0010567179970650063, 0.003291608507863029], [0.0010567179970650063, 0.003294572478072117, 0.01868866960760852], [0.00329160850786303, 0.01868866960760852, 0.19998551071057807]], "chi2_level": 0.997, "chi2_df": 3, "chi2_threshold": 13.931422665512084, "N_raw": 33, "N_roi": 33, "N_inlier": 32, "refit": true}
{"timestamp": "16:49:10.132950", "frame": 49, "mu": [0.23926656785174286, 0.4024275860017602, 1.3554555444461573], "Sigma": [[0.008754001132673958, -0.008298450441677908, -0.011642848605603096], [-0.008298450441677908, 0.009764075121538299, 0.010799013780457334], [-0.011642848605603096, 0.010799013780457334, 0.017448041168012837]], "chi2_level": 0.997, "chi2_df": 3, "chi2_threshold": 13.931422665512084, "N_raw": 57, "N_roi": 57, "N_inlier": 54, "refit": true}
{"timestamp": "16:49:10.187372", "frame": 50, "mu": [0.1343650877317043, 0.47517009524771736, 1.4601535143156674], "Sigma": [[0.003691710808716119, -0.001283149552780919, -0.00497727193717443], [-0.001283149552780919, 0.002328224026366588, 0.0019764952991651362], [-0.00497727193717443, 0.001976495299165136, 0.01041009913263779]], "chi2_level": 0.997, "chi2_df": 3, "chi2_threshold": 13.931422665512084, "N_raw": 53, "N_roi": 53, "N_inlier": 51, "refit": true}
{"timestamp": "16:49:10.247844", "frame": 51, "mu": [0.08566643030764443, 0.4693521448969751, 1.4117960752430616], "Sigma": [[0.004649782037671249, -0.0019186470881617193, -0.0062867285084809744], [-0.0019186470881617193, 0.00243424214097675, 0.0006970422263779471], [-0.006286728508480975, 0.0006970422263779471, 0.012822057985152577]], "chi2_level": 0.997, "chi2_df": 3, "chi2_threshold": 13.931422665512084, "N_raw": 96, "N_roi": 96, "N_inlier": 96, "refit": true}
{"timestamp": "16:49:10.306252", "frame": 52, "mu": [-0.018306923840685916, 0.504471550611119, 1.439345169447705], "Sigma": [[0.005880504789233385, -0.0020612862311700317, -0.007886341941841044], [-0.0020612862311700317, 0.0034459062063012047, -0.00034055356687116676], [-0.007886341941841044, -0.00034055356687116676, 0.015193790459638456]], "chi2_level": 0.997, "chi2_df": 3, "chi2_threshold": 13.931422665512084, "N_raw": 109, "N_roi": 109, "N_inlier": 108, "refit": true}
{"timestamp": "16:49:10.356743", "frame": 53, "mu": [-0.10522111691889222, 0.4943766304304269, 1.5248724632782016], "Sigma": [[0.0018521035025103156, -0.0003973892071057961, -0.001947781844221454], [-0.0003973892071057961, 0.0015746459513205945, -0.001831249030604173], [-0.0019477818442214542, -0.001831249030604173, 0.006988590305518116]], "chi2_level": 0.997, "chi2_df": 3, "chi2_threshold": 13.931422665512084, "N_raw": 85, "N_roi": 85, "N_inlier": 83, "refit": true}
{"timestamp": "16:49:10.408049", "frame": 54, "mu": [-0.14619333477481922, 0.48528020231156843, 1.5007090170328818], "Sigma": [[0.003344095690009805, 9.531525681503742e-05, -0.006007993715860325], [9.531525681503742e-05, 0.0009113032014587812, -0.0024691530712243554], [-0.006007993715860325, -0.0024691530712243554, 0.017874854327248238]], "chi2_level": 0.997, "chi2_df": 3, "chi2_threshold": 13.931422665512084, "N_raw": 59, "N_roi": 59, "N_inlier": 56, "refit": true}
{"timestamp": "16:49:10.461212", "frame": 55, "mu": [-0.2485481719297829, 0.47846437425227833, 1.5626601591409754], "Sigma": [[0.0017365147691175218, -0.000796507356648926, 0.000304944742634734], [-0.000796507356648926, 0.0009122893239239865, -0.0010766360501358462], [0.000304944742634734, -0.0010766360501358462, 0.002325875298638314]], "chi2_level": 0.997, "chi2_df": 3, "chi2_threshold": 13.931422665512084, "N_raw": 51, "N_roi": 51, "N_inlier": 50, "refit": true}
{"timestamp": "16:49:10.517362", "frame": 56, "mu": [-0.27371231752908226, 0.5717629622058693, -0.3506466107518181], "Sigma": [[0.0012043668278646901, -0.0009127121599499211, -0.0006417588512653322], [-0.0009127121599499211, 0.002285567698687322, -0.0021736024864195277], [-0.0006417588512653322, -0.0021736024864195277, 0.0056945954918800985]], "chi2_level": 0.997, "chi2_df": 3, "chi2_threshold": 13.931422665512084, "N_raw": 57, "N_roi": 57, "N_inlier": 54, "refit": true}
{"timestamp": "16:49:10.571034", "frame": 57, "mu": [-0.3295785682586834, 0.42433166741723394, 1.440327624722301], "Sigma": [[0.002652753960993558, 0.0009895723313978078, 0.0028389492632147463], [0.000989572331397808, 0.0018706669839676858, 0.0013922176338539436], [0.002838949263214746, 0.0013922176338539436, 0.0062553446811466394]], "chi2_level": 0.997, "chi2_df": 3, "chi2_threshold": 13.931422665512084, "N_raw": 48, "N_roi": 48, "N_inlier": 45, "refit": true}
{"timestamp": "16:49:10.627008", "frame": 58, "mu": [-0.330747981184043, 0.4516107766034575, 1.366184582615824], "Sigma": [[0.0016320346142713132, -0.0006876913003276135, 0.0005713578168935556], [-0.0006876913003276135, 0.0010681628851321797, -0.0016931897742438217], [0.0005713578168935556, -0.0016931897742438217, 0.0035782078307977933]], "chi2_level": 0.997, "chi2_df": 3, "chi2_threshold": 13.931422665512084, "N_raw": 55, "N_roi": 55, "N_inlier": 54, "refit": true}
{"timestamp": "16:49:10.679430", "frame": 59, "mu": [-0.40560959513036243, 0.5785823767552049, -0.484244192534459], "Sigma": [[0.01342416996973211, 0.008535737824985373, -0.0077000035458775345], [0.008535737824985373, 0.007636399685909237, -0.006942316621788595], [-0.0077000035458775345, -0.006942316621788595, 0.007695836987523906]], "chi2_level": 0.997, "chi2_df": 3, "chi2_threshold": 13.931422665512084, "N_raw": 40, "N_roi": 40, "N_inlier": 38, "refit": true}
{"timestamp": "16:49:10.744748", "frame": 60, "mu": [-0.5638105513249547, 0.42211314080905465, 1.513611335905669], "Sigma": [[0.016993357446024936, 0.007654924807086, -0.014768204153215277], [0.007654924807086001, 0.006020633339074726, -0.010786295803299997], [-0.014768204153215277, -0.010786295803299997, 0.02542268704547473]], "chi2_level": 0.997, "chi2_df": 3, "chi2_threshold": 13.931422665512084, "N_raw": 110, "N_roi": 108, "N_inlier": 103, "refit": true}
{"timestamp": "16:49:10.798339", "frame": 61, "mu": [-0.6643710248623986, 0.36363427439231005, 0.09126164345673793], "Sigma": [[0.014839925595596626, 0.0035234106525223723, 0.06806635379934484], [0.0035234106525223723, 0.002691355738802486, 0.016371953115172373], [0.06806635379934484, 0.016371953115172373, 0.6136443131405164]], "chi2_level": 0.997, "chi2_df": 3, "chi2_threshold": 13.931422665512084, "N_raw": 97, "N_roi": 97, "N_inlier": 96, "refit": true}
{"timestamp": "16:49:10.854299", "frame": 62, "mu": [-0.7047553270133281, 0.34541221496758245, 1.536753583215725], "Sigma": [[0.017369879634968444, 0.0008076167180820931, -0.013131158848185134], [0.0008076167180820933, 0.0014946334508247536, -0.00027946493317541156], [-0.013131158848185134, -0.00027946493317541134, 0.023591404432684746]], "chi2_level": 0.997, "chi2_df": 3, "chi2_threshold": 13.931422665512084, "N_raw": 94, "N_roi": 94, "N_inlier": 92, "refit": true}
{"timestamp": "16:49:10.905842", "frame": 63, "mu": [-0.8227710169224052, 0.3392692253245236, 1.5387317498502182], "Sigma": [[0.008525466823539671, 0.0033286440317423626, 0.0016139381589499622], [0.0033286440317423626, 0.002717599010606581, -0.0014245537539284848], [0.0016139381589499618, -0.0014245537539284848, 0.007245833810489579]], "chi2_level": 0.997, "chi2_df": 3, "chi2_threshold": 13.931422665512084, "N_raw": 76, "N_roi": 76, "N_inlier": 74, "refit": true}
{"timestamp": "16:49:10.960970", "frame": 64, "mu": [-0.852882137213744, 0.5023093405489167, -0.29493903465489446], "Sigma": [[0.007533335299205991, 0.00144379854868354, 0.0014736964848976438], [0.00144379854868354, 0.0038333136463881983, -0.001516232049536987], [0.0014736964848976438, -0.0015162320495369873, 0.005729384385614967]], "chi2_level": 0.997, "chi2_df": 3, "chi2_threshold": 13.931422665512084, "N_raw": 77, "N_roi": 77, "N_inlier": 72, "refit": true}
{"timestamp": "16:49:11.017569", "frame": 65, "mu": [-0.9022044392190527, 0.38381104134493116, 1.519518153162449], "Sigma": [[0.009838165345140936, 0.003916546690021776, 0.0015202204097680624], [0.003916546690021776, 0.004051220007046337, -6.147052870898021e-05], [0.0015202204097680629, -6.147052870898021e-05, 0.008669975823811337]], "chi2_level": 0.997, "chi2_df": 3, "chi2_threshold": 13.931422665512084, "N_raw": 89, "N_roi": 89, "N_inlier": 83, "refit": true}
{"timestamp": "16:49:11.069414", "frame": 66, "mu": [-0.6442587103320565, 0.3096928123175754, 1.4963629281348276], "Sigma": [[0.5318171435775764, -0.021600871316060817, 0.012495002139641376], [-0.021600871316060817, 0.005600691894063263, -0.0028610340339655996], [0.012495002139641376, -0.0028610340339655996, 0.0021945870367976366]], "chi2_level": 0.997, "chi2_df": 3, "chi2_threshold": 13.931422665512084, "N_raw": 71, "N_roi": 71, "N_inlier": 68, "refit": true}
{"timestamp": "16:49:11.125251", "frame": 67, "mu": [-0.7199952591836908, 0.4781768689938202, -0.4160400695801531], "Sigma": [[0.5263602857967951, -0.02940275627610859, 0.0017606017747989354], [-0.02940275627610859, 0.009896933313749258, -0.002537263629314785], [0.0017606017747989365, -0.002537263629314785, 0.0033993812075440886]], "chi2_level": 0.997, "chi2_df": 3, "chi2_threshold": 13.931422665512084, "N_raw": 74, "N_roi": 74, "N_inlier": 71, "refit": true}
{"timestamp": "16:49:11.181010", "frame": 68, "mu": [-1.0613729555657083, 0.4774519396730781, 1.4971639165397321], "Sigma": [[0.010597580139499756, 0.004592361698778136, -0.0040895832755385155], [0.004592361698778136, 0.010234366994650938, -0.007438279459853475], [-0.0040895832755385155, -0.007438279459853474, 0.010122389952081519]], "chi2_level": 0.997, "chi2_df": 3, "chi2_threshold": 13.931422665512084, "N_raw": 76, "N_roi": 76, "N_inlier": 73, "refit": true}
{"timestamp": "16:49:11.234359", "frame": 69, "mu": [-1.1280270957482246, 0.44996720902859483, 1.482406968322196], "Sigma": [[0.007241127913739366, 0.0015236217082893492, 0.0006661277985752768], [0.0015236217082893492, 0.007699021125278677, -0.005204092951662084], [0.0006661277985752771, -0.005204092951662083, 0.004873166450865682]], "chi2_level": 0.997, "chi2_df": 3, "chi2_threshold": 13.931422665512084, "N_raw": 69, "N_roi": 69, "N_inlier": 66, "refit": true}
{"timestamp": "16:49:11.290865", "frame": 70, "mu": [-0.8892234217237891, 0.41881133118318115, 1.3727211199786862], "Sigma": [[0.5465718394761484, -0.02905604448106855, 0.001992944698763423], [-0.02905604448106855, 0.009706751508984859, -0.0029812205841284792], [0.001992944698763423, -0.002981220584128479, 0.0020119671112229856]], "chi2_level": 0.997, "chi2_df": 3, "chi2_threshold": 13.931422665512084, "N_raw": 74, "N_roi": 74, "N_inlier": 72, "refit": true}
{"timestamp": "16:49:11.346431", "frame": 71, "mu": [-1.1852117192462566, 0.5211072568298981, 1.4797377061052726], "Sigma": [[0.009285486771361843, 0.0011195808078026373, -0.0021992790814084826], [0.0011195808078026377, 0.011834332197514426, -0.004915202519480401], [-0.0021992790814084826, -0.004915202519480401, 0.0032757969964947397]], "chi2_level": 0.997, "chi2_df": 3, "chi2_threshold": 13.931422665512084, "N_raw": 79, "N_roi": 79, "N_inlier": 76, "refit": true}
{"timestamp": "16:49:11.400870", "frame": 72, "mu": [-1.2345592604254678, 0.4831259410785824, 1.3888985859122298], "Sigma": [[0.007308618531624347, 0.001077864178360395, -0.0006103337690469906], [0.001077864178360395, 0.009421308063054669, -0.006240861735726961], [-0.0006103337690469907, -0.006240861735726961, 0.009948409637267565]], "chi2_level": 0.997, "chi2_df": 3, "chi2_threshold": 13.931422665512084, "N_raw": 73, "N_roi": 73, "N_inlier": 69, "refit": true}
{"timestamp": "16:49:11.456769", "frame": 73, "mu": [-1.2757149835527886, 0.5381098696637787, 1.4006451509131428], "Sigma": [[0.008700523622857356, 0.0039132495296597646, -0.0004850780266648822], [0.0039132495296597646, 0.00672027329468373, -0.0055295978549194935], [-0.000485078026664882, -0.0055295978549194935, 0.012846762659176123]], "chi2_level": 0.997, "chi2_df": 3, "chi2_threshold": 13.931422665512084, "N_raw": 74, "N_roi": 74, "N_inlier": 71, "refit": true}
{"timestamp": "16:49:11.510521", "frame": 74, "mu": [-1.3180647729590107, 0.7322636354468949, -0.3632118349118783], "Sigma": [[0.013035236273692517, 0.0033986490822484994, -0.0009823335302268207], [0.0033986490822484994, 0.007877644780327505, -0.0055501051883621024], [-0.000982333530226821, -0.0055501051883621024, 0.0057267565860437]], "chi2_level": 0.997, "chi2_df": 3, "chi2_threshold": 13.931422665512084, "N_raw": 79, "N_roi": 79, "N_inlier": 79, "refit": true}
{"timestamp": "16:49:11.562113", "frame": 75, "mu": [-1.3844297311389944, 0.6036015871905708, 1.4152022354654044], "Sigma": [[0.006567360282753252, 0.0024973400222138903, 0.000716845838071788], [0.0024973400222138903, 0.008802367075799256, -0.004645305474152994], [0.0007168458380717879, -0.004645305474152994, 0.006469359249415519]], "chi2_level": 0.997, "chi2_df": 3, "chi2_threshold": 13.931422665512084, "N_raw": 54, "N_roi": 54, "N_inlier": 53, "refit": true}
{"timestamp": "16:49:11.619432", "frame": 76, "mu": [-1.4348187882193557, 0.7742917403028079, -0.39936584233081646], "Sigma": [[0.009240483346390953, 0.0038229619782190285, 0.004963958624911162], [0.003822961978219029, 0.013169718109714108, 0.0016121331284722014], [0.004963958624911162, 0.001612133128472201, 0.02358038727558385]], "chi2_level": 0.997, "chi2_df": 3, "chi2_threshold": 13.931422665512084, "N_raw": 73, "N_roi": 73, "N_inlier": 73, "refit": true}
{"timestamp": "16:49:11.672568", "frame": 77, "mu": [-1.4703053258377357, 0.6335420449526035, 1.3828336380611919], "Sigma": [[0.009717016082137998, 0.0043332895296622955, -0.002694548254030183], [0.004333289529662295, 0.010825124738818977, -0.005395488349490706], [-0.0026945482540301825, -0.005395488349490706, 0.0034674899471032437]], "chi2_level": 0.997, "chi2_df": 3, "chi2_threshold": 13.931422665512084, "N_raw": 59, "N_roi": 59, "N_inlier": 58, "refit": true}
{"timestamp": "16:49:11.729772", "frame": 78, "mu": [-1.551093545034676, 0.7170722885646889, 1.3273386177429034], "Sigma": [[0.007756756458874257, 0.0043771722979593815, -0.0013268127842998249], [0.0043771722979593815, 0.006125543554920044, -0.004454630072887546], [-0.0013268127842998249, -0.004454630072887546, 0.041502377955875004]], "chi2_level": 0.997, "chi2_df": 3, "chi2_threshold": 13.931422665512084, "N_raw": 66, "N_roi": 66, "N_inlier": 65, "refit": true}
{"timestamp": "16:49:11.784305", "frame": 79, "mu": [-1.5752450146856694, 0.725713772611449, 1.3130244192285312], "Sigma": [[0.011713323517003682, 0.005465872552460104, 0.0018010476123402376], [0.005465872552460104, 0.006699203493270922, -0.004265662848255772], [0.0018010476123402376, -0.004265662848255772, 0.014148512982926636]], "chi2_level": 0.997, "chi2_df": 3, "chi2_threshold": 13.931422665512084, "N_raw": 71, "N_roi": 71, "N_inlier": 70, "refit": true}
{"timestamp": "16:49:11.837344", "frame": 80, "mu": [-1.651328603799411, 0.9196920254147101, -0.3385165689567923], "Sigma": [[0.009044094269274197, 0.004825937669155871, -0.0010295926651846749], [0.004825937669155872, 0.010953283733537203, -0.006306978199787237], [-0.0010295926651846749, -0.006306978199787237, 0.006363154341811972]], "chi2_level": 0.997, "chi2_df": 3, "chi2_threshold": 13.931422665512084, "N_raw": 57, "N_roi": 57, "N_inlier": 54, "refit": true}
{"timestamp": "16:49:11.891828", "frame": 81, "mu": [-1.6446951163085843, 0.7629280411937538, 1.314538030334306], "Sigma": [[0.007888883173139068, 0.00713058726160413, 0.0012101524093655917], [0.00713058726160413, 0.010184538498988897, -0.0006309852648715854], [0.0012101524093655917, -0.0006309852648715854, 0.020061822046906645]], "chi2_level": 0.997, "chi2_df": 3, "chi2_threshold": 13.931422665512084, "N_raw": 56, "N_roi": 56, "N_inlier": 55, "refit": true}
{"timestamp": "16:49:11.946351", "frame": 82, "mu": [-1.6626375742380424, 0.9530056260458778, -0.47760225190930045], "Sigma": [[0.006350632048610327, 0.006459215902417256, 0.0029322272683578836], [0.0064592159024172546, 0.020145783242750473, 0.004807027326627442], [0.002932227268357883, 0.004807027326627441, 0.00755588054547338]], "chi2_level": 0.997, "chi2_df": 3, "chi2_threshold": 13.931422665512084, "N_raw": 46, "N_roi": 46, "N_inlier": 43, "refit": true}
{"timestamp": "16:49:12.000985", "frame": 83, "mu": [-1.754970151424642, 1.0250168140949176, -0.47488122494287466], "Sigma": [[0.007743555850498968, 0.006718891774750577, 0.0015791881953716828], [0.006718891774750577, 0.021549362756858464, 0.0038619127763997066], [0.0015791881953716828, 0.0038619127763997066, 0.005556709350964211]], "chi2_level": 0.997, "chi2_df": 3, "chi2_threshold": 13.931422665512084, "N_raw": 49, "N_roi": 49, "N_inlier": 48, "refit": true}
{"timestamp": "16:49:12.056786", "frame": 84, "mu": [-1.7590937830297035, 1.0076538620439863, 1.3769720569107184], "Sigma": [[0.010950357219192403, 0.003930012339451022, -0.0007889930754486074], [0.003930012339451022, 0.00598692093440924, -3.1236376708472166e-05], [-0.0007889930754486074, -3.1236376708472274e-05, 0.0169065078856681]], "chi2_level": 0.997, "chi2_df": 3, "chi2_threshold": 13.931422665512084, "N_raw": 50, "N_roi": 50, "N_inlier": 50, "refit": true}
{"timestamp": "16:49:12.113208", "frame": 85, "mu": [-1.8391788500980555, 1.025877190558199, 1.4821726757408138], "Sigma": [[0.013135398808785755, 0.00826679384275883, 0.002101970469559577], [0.00826679384275883, 0.016239419268202788, 0.008876634013810308], [0.002101970469559577, 0.008876634013810308, 0.035556132673879484]], "chi2_level": 0.997, "chi2_df": 3, "chi2_threshold": 13.931422665512084, "N_raw": 61, "N_roi": 61, "N_inlier": 61, "refit": true}
{"timestamp": "16:49:12.164378", "frame": 86, "mu": [-1.8996937974577475, 1.0612940367513761, 1.5228100354171539], "Sigma": [[0.008873335456335613, 0.005437528017419651, -0.00591601006359185], [0.005437528017419651, 0.009674305923648263, -0.007315024571607277], [-0.00591601006359185, -0.007315024571607277, 0.006803547071323413]], "chi2_level": 0.997, "chi2_df": 3, "chi2_threshold": 13.931422665512084, "N_raw": 39, "N_roi": 39, "N_inlier": 39, "refit": true}
{"timestamp": "16:49:12.224170", "frame": 87, "mu": [-1.9060101646491825, 1.0561115472061067, 1.3234978013797847], "Sigma": [[0.012414094118321074, 0.010356817649106731, 0.010005435891696262], [0.010356817649106731, 0.014365294400521818, 0.01358542894062965], [0.010005435891696262, 0.01358542894062965, 0.06743473165180235]], "chi2_level": 0.997, "chi2_df": 3, "chi2_threshold": 13.931422665512084, "N_raw": 63, "N_roi": 63, "N_inlier": 63, "refit": true}
{"timestamp": "16:49:12.279260", "frame": 88, "mu": [-1.943032820570646, 1.1566267808202493, 1.3999674731020184], "Sigma": [[0.015898303462308843, 0.011199765957710148, 0.00928044523115145], [0.011199765957710148, 0.013777856139796417, 0.005224781415161155], [0.00928044523115145, 0.005224781415161155, 0.07083103409636794]], "chi2_level": 0.997, "chi2_df": 3, "chi2_threshold": 13.931422665512084, "N_raw": 70, "N_roi": 70, "N_inlier": 70, "refit": true}
{"timestamp": "16:49:12.336739", "frame": 89, "mu": [-2.0370548476857837, 1.136517004182038, 1.1626607185159612], "Sigma": [[0.025550008796270687, 0.030727380002881194, 0.056486085185699114], [0.030727380002881194, 0.04850784833041011, 0.08899246039642664], [0.056486085185699114, 0.08899246039642664, 0.24353693067260374]], "chi2_level": 0.997, "chi2_df": 3, "chi2_threshold": 13.931422665512084, "N_raw": 77, "N_roi": 77, "N_inlier": 77, "refit": true}
{"timestamp": "16:49:12.386495", "frame": 90, "mu": [-2.063325869652265, 1.2112883650074575, 1.5424299139639923], "Sigma": [[0.009925137250844696, 0.006281233165748872, -0.00749178179424548], [0.006281233165748872, 0.013853659886729612, -0.011440923467732789], [-0.007491781794245481, -0.011440923467732789, 0.016832485562722262]], "chi2_level": 0.997, "chi2_df": 3, "chi2_threshold": 13.931422665512084, "N_raw": 52, "N_roi": 52, "N_inlier": 51, "refit": true}
