{"timestamp": "17:07:10.702930", "frame": 1, "mu": [0.8335000619440764, 1.4643608689386294, 1.2550878690266987], "Sigma": [[0.0146443246416693, 0.0030100240371707943, -0.019398663048168053], [0.0030100240371707943, 0.004273912237190881, -0.004123012909682754], [-0.019398663048168053, -0.004123012909682753, 0.06364978616365077]], "chi2_level": 0.997, "chi2_df": 3, "chi2_threshold": 13.931422665512084, "N_raw": 81, "N_roi": 81, "N_inlier": 77, "refit": true}
{"timestamp": "17:07:10.756305", "frame": 2, "mu": [0.7923793944748638, 1.4698149174675668, 1.187274214908337], "Sigma": [[0.01634066988624146, 0.003213087121826934, -0.03086000294348165], [0.003213087121826934, 0.005884994129852204, -0.013101360224521038], [-0.03086000294348165, -0.013101360224521038, 0.07425125314531415]], "chi2_level": 0.997, "chi2_df": 3, "chi2_threshold": 13.931422665512084, "N_raw": 81, "N_roi": 81, "N_inlier": 77, "refit": true}
{"timestamp": "17:07:10.805842", "frame": 3, "mu": [0.7463372268271914, 1.4569063643199467, 1.1296277618840602], "Sigma": [[0.04580333077711184, 0.034888756199860496, -0.1798750802547364], [0.0348887561998605, 0.08504484358228859, -0.2063028351850819], [-0.1798750802547364, -0.20630283518508188, 0.8124335191360866]], "chi2_level": 0.997, "chi2_df": 3, "chi2_threshold": 13.931422665512084, "N_raw": 36, "N_roi": 36, "N_inlier": 33, "refit": true}
{"timestamp": "17:07:10.858795", "frame": 4, "mu": [0.6942680481240648, 1.4097340150096542, 1.377277859263695], "Sigma": [[0.005414389080363427, -0.00023581468388267034, -0.001863303189418507], [-0.00023581468388267037, 0.001357695262646314, -0.000318252456398455], [-0.0018633031894185075, -0.00031825245639845504, 0.0008888480839897194]], "chi2_level": 0.997, "chi2_df": 3, "chi2_threshold": 13.931422665512084, "N_raw": 24, "N_roi": 21, "N_inlier": 19, "refit": true}
{"timestamp": "17:07:10.912471", "frame": 5, "mu": [0.813788367144989, 1.4999129708758099, 1.0580903742465875], "Sigma": [[0.00870998387611577, 0.0013988578820403246, -0.013695879110538704], [0.0013988578820403243, 0.0015452298645251448, -0.004654562446061154], [-0.013695879110538704, -0.004654562446061154, 0.02868995517179462]], "chi2_level": 0.997, "chi2_df": 3, "chi2_threshold": 13.931422665512084, "N_raw": 17, "N_roi": 17, "N_inlier": 17, "refit": true}
{"timestamp": "17:07:10.966697", "frame": 6, "mu": [0.8656082043961438, 1.3220959506988237, 0.8872061287135821], "Sigma": [[0.013987987962577888, -0.0253782142178198, -0.059128912644996576], [-0.0253782142178198, 0.11965375388083457, 0.21687946793247964], [-0.05912891264499658, 0.21687946793247964, 0.4186283937869239]], "chi2_level": 0.997, "chi2_df": 3, "chi2_threshold": 13.931422665512084, "N_raw": 9, "N_roi": 9, "N_inlier": 9, "refit": true}
{"timestamp": "17:07:11.021451", "frame": 7, "mu": [0.8060029110434468, 1.4787794723952818, 1.178922976578098], "Sigma": [[0.01192339834615804, 0.0027016779953695684, -0.023244476386448033], [0.0027016779953695684, 0.004594685370652065, -0.007608182338693334], [-0.023244476386448033, -0.007608182338693334, 0.05249561593565791]], "chi2_level": 0.997, "chi2_df": 3, "chi2_threshold": 13.931422665512084, "N_raw": 8, "N_roi": 8, "N_inlier": 8, "refit": true}
{"timestamp": "17:07:11.083689", "frame": 8, "mu": [0.7025149049639966, 1.478748513063319, 1.3663687232408674], "Sigma": [[0.004855037956387374, 0.0005887331748456556, -0.0046046797409154345], [0.0005887331748456555, 0.005920738681601507, -0.00646485719999198], [-0.0046046797409154345, -0.00646485719999198, 0.011955070770209733]], "chi2_level": 0.997, "chi2_df": 3, "chi2_threshold": 13.931422665512084, "N_raw": 59, "N_roi": 59, "N_inlier": 57, "refit": true}
{"timestamp": "17:07:11.137606", "frame": 9, "mu": [0.6979484083108726, 1.4340167826616403, 1.4466661995163093], "Sigma": [[0.005144088237548971, -0.0004908559216602166, -0.0018507063848853455], [-0.0004908559216602165, 0.004567725782323904, -0.0006148413410617273], [-0.0018507063848853457, -0.0006148413410617273, 0.0013826257308575576]], "chi2_level": 0.997, "chi2_df": 3, "chi2_threshold": 13.931422665512084, "N_raw": 53, "N_roi": 53, "N_inlier": 50, "refit": true}
{"timestamp": "17:07:11.200123", "frame": 10, "mu": [0.8042579851977298, 1.5076173387990754, 1.1533649316930432], "Sigma": [[0.01275774265390608, 0.0017303948597238532, -0.023901560509408226], [0.001730394859723853, 0.009414060277838561, -0.014681183542899566], [-0.023901560509408226, -0.014681183542899563, 0.06581446448194303]], "chi2_level": 0.997, "chi2_df": 3, "chi2_threshold": 13.931422665512084, "N_raw": 103, "N_roi": 103, "N_inlier": 102, "refit": true}
{"timestamp": "17:07:11.249281", "frame": 11, "mu": [0.7941743095333869, 1.465746346362587, 1.2059370852134852], "Sigma": [[0.019863874521716087, 0.0024062502270380554, -0.04064219181781835], [0.0024062502270380554, 0.005077040451411245, -0.010178632502093065], [-0.04064219181781835, -0.010178632502093067, 0.09539025837521191]], "chi2_level": 0.997, "chi2_df": 3, "chi2_threshold": 13.931422665512084, "N_raw": 57, "N_roi": 57, "N_inlier": 55, "refit": true}
{"timestamp": "17:07:11.300813", "frame": 12, "mu": [0.7546862373236017, 1.308667318226101, 0.8543286309143396], "Sigma": [[0.0038795920510262486, -0.0015827620714752209, -0.0015335175031707012], [-0.0015827620714752222, 0.2617157908716825, 0.34709990816297764], [-0.0015335175031707025, 0.34709990816297764, 0.5762107113014583]], "chi2_level": 0.997, "chi2_df": 3, "chi2_threshold": 13.931422665512084, "N_raw": 12, "N_roi": 12, "N_inlier": 12, "refit": true}
{"timestamp": "17:07:11.356313", "frame": 13, "mu": [0.9117407836214986, 1.4817401853296648, 1.2161014106049413], "Sigma": [[0.003363434663034048, -0.002046322411141951, 0.0019357762849582768], [-0.002046322411141951, 0.0046914433214916935, -0.005264027820301089], [0.0019357762849582763, -0.005264027820301089, 0.00660121220424189]], "chi2_level": 0.997, "chi2_df": 3, "chi2_threshold": 13.931422665512084, "N_raw": 27, "N_roi": 27, "N_inlier": 26, "refit": true}
{"timestamp": "17:07:11.409233", "frame": 14, "mu": [0.6352582932137195, 1.8236971094332306, -0.42258923624719735], "Sigma": [[0.01146018997210283, 0.0007655556685923618, -0.011345632079427258], [0.0007655556685923618, 0.011907717803973681, -0.008066717917544234], [-0.011345632079427258, -0.008066717917544234, 0.017875392063036816]], "chi2_level": 0.997, "chi2_df": 3, "chi2_threshold": 13.931422665512084, "N_raw": 8, "N_roi": 8, "N_inlier": 8, "refit": true}
{"timestamp": "17:07:11.462406", "frame": 15, "mu": [0.9132975013036553, 1.4750803933749432, 1.1513408518145387], "Sigma": [[0.0009427543033836057, 0.0010984065040177105, -0.003527974734321904], [0.0010984065040177105, 0.0017430661002631597, -0.003988527172872136], [-0.003527974734321904, -0.003988527172872136, 0.01862943712504906]], "chi2_level": 0.997, "chi2_df": 3, "chi2_threshold": 13.931422665512084, "N_raw": 6, "N_roi": 6, "N_inlier": 6, "refit": true}
{"timestamp": "17:07:11.519438", "frame": 16, "mu": [0.6594172105781432, 1.6074453730626774, 1.2621939283092087], "Sigma": [[0.007454400800992133, -0.010184190723237334, 0.008237312589463558], [-0.010184190723237334, 0.01986297263541613, -0.019146955807972425], [0.008237312589463558, -0.019146955807972425, 0.02367054479257652]], "chi2_level": 0.997, "chi2_df": 3, "chi2_threshold": 13.931422665512084, "N_raw": 9, "N_roi": 9, "N_inlier": 9, "refit": true}
{"timestamp": "17:07:11.577305", "frame": 17, "mu": [0.7316781960596854, 1.4491728055238668, 1.3594865509497225], "Sigma": [[0.005353636633295509, -0.0011515218115451496, -0.010511291841139614], [-0.0011515218115451496, 0.003708814713275996, 0.012096470299142032], [-0.010511291841139614, 0.012096470299142034, 0.1479211416845157]], "chi2_level": 0.997, "chi2_df": 3, "chi2_threshold": 13.931422665512084, "N_raw": 32, "N_roi": 32, "N_inlier": 30, "refit": true}
{"timestamp": "17:07:11.638281", "frame": 18, "mu": [0.7787797128910908, 1.4645084303155254, 1.2689274104107346], "Sigma": [[0.01349893859536182, -0.0008264826152004109, -0.02631218862018144], [-0.0008264826152004107, 0.0029741355960808285, -0.0013747932517172911], [-0.02631218862018144, -0.0013747932517172913, 0.08461196874766821]], "chi2_level": 0.997, "chi2_df": 3, "chi2_threshold": 13.931422665512084, "N_raw": 75, "N_roi": 75, "N_inlier": 72, "refit": true}
{"timestamp": "17:07:11.691970", "frame": 19, "mu": [0.7290537110798907, 1.4628793602615586, 1.4071206668473075], "Sigma": [[0.007766161920153598, -0.0014507522402935724, -0.004155158514236049], [-0.0014507522402935728, 0.004352807381183822, -0.002495163947395291], [-0.004155158514236048, -0.002495163947395291, 0.0075074221906989225]], "chi2_level": 0.997, "chi2_df": 3, "chi2_threshold": 13.931422665512084, "N_raw": 61, "N_roi": 61, "N_inlier": 58, "refit": true}
{"timestamp": "17:07:11.745366", "frame": 20, "mu": [0.6923654209063239, 1.4629026015191227, 1.4033868771383338], "Sigma": [[0.007159691651184638, -0.0018863835144828792, -0.008679129171144048], [-0.001886383514482879, 0.003628409625918417, 0.0046231072491707825], [-0.008679129171144048, 0.0046231072491707825, 0.05771762212495142]], "chi2_level": 0.997, "chi2_df": 3, "chi2_threshold": 13.931422665512084, "N_raw": 51, "N_roi": 51, "N_inlier": 48, "refit": true}
{"timestamp": "17:07:11.796917", "frame": 21, "mu": [0.7290460177449661, 1.528025637527558, 1.0306635539431659], "Sigma": [[0.004751284751314074, -0.004796308883198461, -0.021141499875888786], [-0.0047963088831984605, 0.007635306299172663, 0.03328899300693727], [-0.021141499875888786, 0.03328899300693727, 0.2824675367971448]], "chi2_level": 0.997, "chi2_df": 3, "chi2_threshold": 13.931422665512084, "N_raw": 27, "N_roi": 27, "N_inlier": 26, "refit": true}
{"timestamp": "17:07:11.849421", "frame": 22, "mu": [0.7693180641378686, 1.4751273464127497, 0.9377269535983793], "Sigma": [[0.004579503812837761, 0.0004425350118375177, -0.030758794960206497], [0.0004425350118375176, 0.006329077780053816, 0.023610467279267473], [-0.030758794960206493, 0.023610467279267466, 0.5181317823173628]], "chi2_level": 0.997, "chi2_df": 3, "chi2_threshold": 13.931422665512084, "N_raw": 9, "N_roi": 9, "N_inlier": 9, "refit": true}
{"timestamp": "17:07:11.909270", "frame": 23, "mu": [0.6409351469792528, 1.567412086333964, 0.9621131376492497], "Sigma": [[0.035388074092135895, -0.013821914359722604, -0.030544730531266336], [-0.013821914359722604, 0.006521670484639394, 0.009450332732683295], [-0.030544730531266336, 0.009450332732683295, 0.04452360011347954]], "chi2_level": 0.997, "chi2_df": 3, "chi2_threshold": 13.931422665512084, "N_raw": 51, "N_roi": 49, "N_inlier": 46, "refit": true}
{"timestamp": "17:07:11.960930", "frame": 24, "mu": [0.5843448819977812, 1.5423983100122487, 1.2538150636123744], "Sigma": [[0.004398174359470837, -0.0027165763684481904, -0.011535332328530138], [-0.0027165763684481904, 0.004416193586083053, -0.008268943446724686], [-0.01153533232853014, -0.008268943446724686, 0.1887146989941683]], "chi2_level": 0.997, "chi2_df": 3, "chi2_threshold": 13.931422665512084, "N_raw": 25, "N_roi": 25, "N_inlier": 24, "refit": true}
{"timestamp": "17:07:12.021590", "frame": 25, "mu": [0.7647888329867611, 1.446248086909272, 1.1663070398463462], "Sigma": [[0.008130046459034732, -0.0016021479808140142, -0.007357681103251279], [-0.0016021479808140142, 0.003063786603091253, -0.007221813772025408], [-0.007357681103251279, -0.007221813772025407, 0.038423914044128385]], "chi2_level": 0.997, "chi2_df": 3, "chi2_threshold": 13.931422665512084, "N_raw": 56, "N_roi": 56, "N_inlier": 53, "refit": true}
{"timestamp": "17:07:12.074890", "frame": 26, "mu": [0.821557306898477, 1.3999832413579005, 0.8388115044370432], "Sigma": [[0.014594730904264467, -0.0087568772166646, -0.011898403112909219], [-0.0087568772166646, 0.007411157925114102, 0.006193686427735678], [-0.01189840311290922, 0.006193686427735679, 0.012980927648664186]], "chi2_level": 0.997, "chi2_df": 3, "chi2_threshold": 13.931422665512084, "N_raw": 50, "N_roi": 50, "N_inlier": 48, "refit": true}
{"timestamp": "17:07:12.131154", "frame": 27, "mu": [0.7544297026861597, 1.434814628374014, 1.1964848152368877], "Sigma": [[0.009464783687918905, -0.001797578432593437, -0.006417117372674837], [-0.0017975784325934365, 0.0018705021569414987, -0.0007791888368765278], [-0.006417117372674837, -0.0007791888368765278, 0.00786431679157032]], "chi2_level": 0.997, "chi2_df": 3, "chi2_threshold": 13.931422665512084, "N_raw": 51, "N_roi": 51, "N_inlier": 48, "refit": true}
{"timestamp": "17:07:12.187534", "frame": 28, "mu": [0.6745308707169391, 1.3903015381845907, 1.3119294613993524], "Sigma": [[0.012001394728795705, -0.0014817362410392094, -0.010320336119900183], [-0.0014817362410392094, 0.0017399313606323652, -0.00031651572780780525], [-0.010320336119900181, -0.00031651572780780525, 0.01162243272685455]], "chi2_level": 0.997, "chi2_df": 3, "chi2_threshold": 13.931422665512084, "N_raw": 66, "N_roi": 66, "N_inlier": 64, "refit": true}
{"timestamp": "17:07:12.244620", "frame": 29, "mu": [0.6584539952320506, 1.32728329979606, 1.1280388724359076], "Sigma": [[0.027912129732050033, -0.011070515905860157, -0.05134088532105059], [-0.011070515905860157, 0.009900548084508999, 0.01663884012646709], [-0.0513408853210506, 0.01663884012646709, 0.10645556463578157]], "chi2_level": 0.997, "chi2_df": 3, "chi2_threshold": 13.931422665512084, "N_raw": 76, "N_roi": 75, "N_inlier": 74, "refit": true}
{"timestamp": "17:07:12.301771", "frame": 30, "mu": [0.6241313984171948, 1.318131434288976, 1.3346470913207868], "Sigma": [[0.018914754771564513, -0.003230640787000083, -0.013660281137253257], [-0.003230640787000084, 0.004492827691950312, -0.0007888898024969778], [-0.013660281137253255, -0.0007888898024969774, 0.017556374622964895]], "chi2_level": 0.997, "chi2_df": 3, "chi2_threshold": 13.931422665512084, "N_raw": 88, "N_roi": 88, "N_inlier": 86, "refit": true}
{"timestamp": "17:07:12.348845", "frame": 31, "mu": [0.5276362396578959, 1.2968190247893208, 1.2634191273643838], "Sigma": [[0.0072703144494703, -0.001164892038702419, -0.0200193718243421], [-0.001164892038702419, 0.002372425820824301, 0.0038741915360140256], [-0.0200193718243421, 0.0038741915360140248, 0.1967228348349265]], "chi2_level": 0.997, "chi2_df": 3, "chi2_threshold": 13.931422665512084, "N_raw": 39, "N_roi": 39, "N_inlier": 38, "refit": true}
{"timestamp": "17:07:12.404102", "frame": 32, "mu": [0.5628235736894946, 1.234388006955674, 1.189087760674277], "Sigma": [[0.01838624420714989, -0.01184542050471538, -0.04463645308937248], [-0.01184542050471538, 0.00934597025256881, 0.028618490592207065], [-0.044636453089372474, 0.028618490592207065, 0.12201344690239334]], "chi2_level": 0.997, "chi2_df": 3, "chi2_threshold": 13.931422665512084, "N_raw": 41, "N_roi": 41, "N_inlier": 38, "refit": true}
{"timestamp": "17:07:12.458078", "frame": 33, "mu": [0.5328590644208189, 1.2698049330674244, 1.092601020179068], "Sigma": [[0.009117507484027764, -0.0020174256061992447, -0.01459280512771605], [-0.002017425606199245, 0.005572547373856839, 0.007996486253694857], [-0.01459280512771605, 0.007996486253694856, 0.21875092416959666]], "chi2_level": 0.997, "chi2_df": 3, "chi2_threshold": 13.931422665512084, "N_raw": 37, "N_roi": 37, "N_inlier": 36, "refit": true}
{"timestamp": "17:07:12.519355", "frame": 34, "mu": [0.5115315270036005, 1.2483309139573706, 1.3129111223134586], "Sigma": [[0.008086919584008827, -0.0010426959627615998, -0.01002181831888456], [-0.0010426959627615998, 0.002848436575110795, -0.0004045738151341362], [-0.01002181831888456, -0.000404573815134136, 0.0175887303325842]], "chi2_level": 0.997, "chi2_df": 3, "chi2_threshold": 13.931422665512084, "N_raw": 75, "N_roi": 75, "N_inlier": 71, "refit": true}
{"timestamp": "17:07:12.572571", "frame": 35, "mu": [0.4642606547905866, 1.2110834771201218, 1.3491084260719328], "Sigma": [[0.013418681097241007, -0.0032019184020018114, -0.013377435164386752], [-0.0032019184020018114, 0.0031300506766616474, 0.000528416116273065], [-0.013377435164386752, 0.0005284161162730649, 0.019482627863244194]], "chi2_level": 0.997, "chi2_df": 3, "chi2_threshold": 13.931422665512084, "N_raw": 65, "N_roi": 65, "N_inlier": 60, "refit": true}
{"timestamp": "17:07:12.629098", "frame": 36, "mu": [0.47613733775450706, 1.225078614400037, 1.1478820587079028], "Sigma": [[0.009907071484840097, -0.002339153610268629, -0.008470265648718552], [-0.002339153610268629, 0.002734975878717586, 0.004369055513472318], [-0.008470265648718552, 0.004369055513472318, 0.10783057999986904]], "chi2_level": 0.997, "chi2_df": 3, "chi2_threshold": 13.931422665512084, "N_raw": 69, "N_roi": 69, "N_inlier": 66, "refit": true}
{"timestamp": "17:07:12.676937", "frame": 37, "mu": [0.4510326369395219, 1.125142245973003, 0.9527297753889076], "Sigma": [[0.007411388647932182, -0.0019697002686443342, 0.0032237982555841788], [-0.0019697002686443342, 0.007870897939070443, 0.03488707498050585], [0.0032237982555841805, 0.03488707498050585, 0.39135892157417007]], "chi2_level": 0.997, "chi2_df": 3, "chi2_threshold": 13.931422665512084, "N_raw": 19, "N_roi": 19, "N_inlier": 18, "refit": true}
{"timestamp": "17:07:12.730498", "frame": 38, "mu": [0.40171942441641306, 1.195330837073958, 1.256163765524752], "Sigma": [[0.00487516422716056, -0.0007527654142920938, -0.005286506366302414], [-0.0007527654142920938, 0.0022151692520996423, -0.00019248126682659694], [-0.005286506366302414, -0.00019248126682659688, 0.007095463944069877]], "chi2_level": 0.997, "chi2_df": 3, "chi2_threshold": 13.931422665512084, "N_raw": 24, "N_roi": 24, "N_inlier": 24, "refit": true}
{"timestamp": "17:07:12.787659", "frame": 39, "mu": [0.3869282134483384, 1.1289784684924595, 1.1469198177877833], "Sigma": [[0.01119716351118418, -0.005304991515048479, 0.015864366906185853], [-0.005304991515048479, 0.015523828834109502, 0.014791223188583964], [0.01586436690618585, 0.014791223188583964, 0.12840730195796793]], "chi2_level": 0.997, "chi2_df": 3, "chi2_threshold": 13.931422665512084, "N_raw": 38, "N_roi": 36, "N_inlier": 33, "refit": true}
{"timestamp": "17:07:12.847252", "frame": 40, "mu": [0.3162690443336448, 1.3838809877908267, -0.5362578253194704], "Sigma": [[0.0035058635077216717, -0.001808862853372954, 0.0053426179897883355], [-0.001808862853372954, 0.005180139831805735, -0.012047719775874991], [0.005342617989788335, -0.012047719775874991, 0.08318985396746463]], "chi2_level": 0.997, "chi2_df": 3, "chi2_threshold": 13.931422665512084, "N_raw": 53, "N_roi": 51, "N_inlier": 48, "refit": true}
{"timestamp": "17:07:12.896428", "frame": 41, "mu": [0.06152000733184851, 1.4190897078069398, 1.2063490503891217], "Sigma": [[0.01563639384689703, -0.015824176499814095, -0.015875331553545168], [-0.015824176499814095, 0.04977894226090421, 0.1420231491340592], [-0.015875331553545168, 0.1420231491340592, 0.6689547215850699]], "chi2_level": 0.997, "chi2_df": 3, "chi2_threshold": 13.931422665512084, "N_raw": 24, "N_roi": 24, "N_inlier": 24, "refit": true}
{"timestamp": "17:07:12.958662", "frame": 42, "mu": [0.037098739191413536, 1.3207691407290965, 1.2873694217945237], "Sigma": [[0.0033718900761076, -0.002328129692950859, -0.0025010620173633556], [-0.002328129692950859, 0.010222714998388683, -0.014261708835214812], [-0.0025010620173633556, -0.014261708835214808, 0.07627002719838874]], "chi2_level": 0.997, "chi2_df": 3, "chi2_threshold": 13.931422665512084, "N_raw": 70, "N_roi": 67, "N_inlier": 63, "refit": true}
{"timestamp": "17:07:13.022383", "frame": 43, "mu": [0.0684593903678591, 1.2928187488310092, 1.2591639732939963], "Sigma": [[0.011667992837990696, -0.00973904539381185, 0.00533717756772379], [-0.00973904539381185, 0.01466626477971117, -0.017328260070788987], [0.00533717756772379, -0.017328260070788987, 0.04067591767731791]], "chi2_level": 0.997, "chi2_df": 3, "chi2_threshold": 13.931422665512084, "N_raw": 124, "N_roi": 122, "N_inlier": 118, "refit": true}
{"timestamp": "17:07:13.071990", "frame": 44, "mu": [-0.4248435441889914, 2.805437140602941, -1.0497406864943066], "Sigma": [[0.25061538913602116, -0.6315068538713875, 0.9437202427574072], [-0.6315068538713875, 1.868201107018325, -2.8243698411398896], [0.9437202427574072, -2.8243698411398896, 4.3960516612348295]], "chi2_level": 0.997, "chi2_df": 3, "chi2_threshold": 13.931422665512084, "N_raw": 89, "N_roi": 84, "N_inlier": 83, "refit": true}
{"timestamp": "17:07:13.130991", "frame": 45, "mu": [0.02066958889164866, 1.3992851454007569, -0.4964634446972003], "Sigma": [[0.013458972867897736, -0.010647962384143547, -0.005559554818787622], [-0.010647962384143545, 0.019986345229080982, -0.017745144107973794], [-0.005559554818787622, -0.017745144107973794, 0.06261226297945639]], "chi2_level": 0.997, "chi2_df": 3, "chi2_threshold": 13.931422665512084, "N_raw": 109, "N_roi": 104, "N_inlier": 102, "refit": true}
{"timestamp": "17:07:13.179599", "frame": 46, "mu": [0.042921954627507544, 1.1646797076013933, 1.248426941517319], "Sigma": [[0.0038133844572840435, -0.003571618052905108, -0.0002685308352776773], [-0.0035716180529051073, 0.00594017872258182, -0.0003968417126247786], [-0.0002685308352776771, -0.00039684171262477884, 0.011579246544621702]], "chi2_level": 0.997, "chi2_df": 3, "chi2_threshold": 13.931422665512084, "N_raw": 70, "N_roi": 66, "N_inlier": 63, "refit": true}
{"timestamp": "17:07:13.237538", "frame": 47, "mu": [-0.014502682880820447, 1.1550744836377822, 1.2284522227580577], "Sigma": [[0.010129530901198839, -0.008402308256144912, 0.007725124738980295], [-0.008402308256144912, 0.012812545271370398, -0.010126697873902354], [0.007725124738980295, -0.010126697873902355, 0.02128262709679304]], "chi2_level": 0.997, "chi2_df": 3, "chi2_threshold": 13.931422665512084, "N_raw": 100, "N_roi": 97, "N_inlier": 96, "refit": true}
{"timestamp": "17:07:13.287653", "frame": 48, "mu": [-0.060790399020897584, 1.1019756484113907, 1.3227037317382104], "Sigma": [[0.002846116883994724, -0.000929794143062334, -0.0012765338617396255], [-0.000929794143062334, 0.006866383910901514, -0.0002677991133973499], [-0.0012765338617396257, -0.0002677991133973499, 0.0008763478329698005]], "chi2_level": 0.997, "chi2_df": 3, "chi2_threshold": 13.931422665512084, "N_raw": 62, "N_roi": 59, "N_inlier": 56, "refit": true}
{"timestamp": "17:07:13.343420", "frame": 49, "mu": [-0.11299416372162166, 1.1388443043496064, 1.3434436684929572], "Sigma": [[0.0024926691436193216, -0.0011432730328665716, -0.001732147220835401], [-0.0011432730328665716, 0.011940610933319143, 0.0016657707836772542], [-0.001732147220835401, 0.001665770783677254, 0.0017344855413998388]], "chi2_level": 0.997, "chi2_df": 3, "chi2_threshold": 13.931422665512084, "N_raw": 69, "N_roi": 69, "N_inlier": 64, "refit": true}
{"timestamp": "17:07:13.402622", "frame": 50, "mu": [-0.23246892169500802, 1.1738186974026226, 1.3134329243750744], "Sigma": [[0.00616969912226938, -0.0044851820321240715, 0.00499383741030463], [-0.0044851820321240715, 0.010208507677127795, -0.007870453040004943], [0.00499383741030463, -0.007870453040004945, 0.017124530204731217]], "chi2_level": 0.997, "chi2_df": 3, "chi2_threshold": 13.931422665512084, "N_raw": 99, "N_roi": 99, "N_inlier": 97, "refit": true}
{"timestamp": "17:07:13.454683", "frame": 51, "mu": [-0.20592996316654316, 1.1231326419725685, 1.3231867598486613], "Sigma": [[0.00396618992992288, -0.002880513110839549, -0.0020071375334086506], [-0.0028805131108395493, 0.011187060328391443, 0.0009961873512989083], [-0.0020071375334086506, 0.0009961873512989083, 0.0017455375594058033]], "chi2_level": 0.997, "chi2_df": 3, "chi2_threshold": 13.931422665512084, "N_raw": 79, "N_roi": 79, "N_inlier": 79, "refit": true}
{"timestamp": "17:07:13.509828", "frame": 52, "mu": [-0.24513816916135042, 1.04850150377472, 1.239286657582643], "Sigma": [[0.0036058955074244198, -0.00081018979495023, -0.0008086075032456713], [-0.0008101897949502298, 0.013090191293329216, 0.0009805778575805815], [-0.0008086075032456715, 0.0009805778575805815, 0.0007742723857471127]], "chi2_level": 0.997, "chi2_df": 3, "chi2_threshold": 13.931422665512084, "N_raw": 79, "N_roi": 79, "N_inlier": 77, "refit": true}
{"timestamp": "17:07:13.564220", "frame": 53, "mu": [-0.3834031344236176, 1.1508725135702205, 1.4675934347257753], "Sigma": [[0.004585279319889235, -0.0019510725743661704, -0.002960731590100523], [-0.0019510725743661704, 0.004718257579255919, -0.0008899959376914479], [-0.0029607315901005226, -0.0008899959376914479, 0.007502860600633197]], "chi2_level": 0.997, "chi2_df": 3, "chi2_threshold": 13.931422665512084, "N_raw": 74, "N_roi": 73, "N_inlier": 71, "refit": true}
{"timestamp": "17:07:13.620237", "frame": 54, "mu": [-0.3827194040200479, 1.1312114886226992, 1.3641975807573135], "Sigma": [[0.004513199132483906, -0.005783262480902845, -0.008193171930304038], [-0.005783262480902845, 0.020273415042045516, 0.01566790237972117], [-0.008193171930304036, 0.01566790237972117, 0.04307635936269969]], "chi2_level": 0.997, "chi2_df": 3, "chi2_threshold": 13.931422665512084, "N_raw": 90, "N_roi": 90, "N_inlier": 90, "refit": true}
{"timestamp": "17:07:13.675663", "frame": 55, "mu": [-0.44718071719894065, 1.1144920203300814, 1.4434730074410045], "Sigma": [[0.005707507073657761, -0.004726130266166624, -0.006021362074886001], [-0.004726130266166624, 0.015204738525050833, 0.007651267566139526], [-0.006021362074886001, 0.007651267566139526, 0.012591111902684589]], "chi2_level": 0.997, "chi2_df": 3, "chi2_threshold": 13.931422665512084, "N_raw": 88, "N_roi": 88, "N_inlier": 86, "refit": true}
{"timestamp": "17:07:13.731571", "frame": 56, "mu": [-0.48353157519279033, 1.126153275489871, 1.4334617420395526], "Sigma": [[0.004775000061282412, -0.004384670656395577, -0.00479578619809805], [-0.004384670656395577, 0.014338708812576652, 0.003769887327906927], [-0.00479578619809805, 0.003769887327906927, 0.006915989570221053]], "chi2_level": 0.997, "chi2_df": 3, "chi2_threshold": 13.931422665512084, "N_raw": 90, "N_roi": 90, "N_inlier": 89, "refit": true}
{"timestamp": "17:07:13.783650", "frame": 57, "mu": [-0.5318854266787517, 1.0974401241956113, 1.3679778771887918], "Sigma": [[0.004784599945123481, -0.0036274104604113694, -0.004045851863259899], [-0.0036274104604113694, 0.011059415808133558, 0.0036178912473447938], [-0.004045851863259899, 0.0036178912473447938, 0.0064550969633836745]], "chi2_level": 0.997, "chi2_df": 3, "chi2_threshold": 13.931422665512084, "N_raw": 69, "N_roi": 69, "N_inlier": 66, "refit": true}
{"timestamp": "17:07:13.837617", "frame": 58, "mu": [-0.6059916942138641, 1.1301603073048514, 1.455282488385611], "Sigma": [[0.006145655271204733, -0.00461026273824172, -0.004517832400936002], [-0.00461026273824172, 0.011971284804177406, 0.004647692299566232], [-0.004517832400936001, 0.004647692299566231, 0.004677282183496704]], "chi2_level": 0.997, "chi2_df": 3, "chi2_threshold": 13.931422665512084, "N_raw": 73, "N_roi": 73, "N_inlier": 72, "refit": true}
{"timestamp": "17:07:13.894424", "frame": 59, "mu": [-0.6099661095727167, 1.196454763082356, -0.3028764611195877], "Sigma": [[0.011012568183644477, -0.005176038433624797, 0.0022790198722348926], [-0.005176038433624797, 0.013228619491718491, -0.027943915390285314], [0.0022790198722348904, -0.027943915390285314, 0.1825761223548552]], "chi2_level": 0.997, "chi2_df": 3, "chi2_threshold": 13.931422665512084, "N_raw": 80, "N_roi": 80, "N_inlier": 79, "refit": true}
{"timestamp": "17:07:13.954260", "frame": 60, "mu": [-0.6535918604072862, 1.2676834719246823, -0.5216508289380263], "Sigma": [[0.01494979418908614, 0.00888964192817202, -0.016064607029895962], [0.00888964192817202, 0.023476785665412215, -0.008159988455209172], [-0.016064607029895962, -0.008159988455209172, 0.049449872376056886]], "chi2_level": 0.997, "chi2_df": 3, "chi2_threshold": 13.931422665512084, "N_raw": 114, "N_roi": 114, "N_inlier": 112, "refit": true}
{"timestamp": "17:07:14.010309", "frame": 61, "mu": [-0.7007046850494425, 1.1421614142890297, 1.190094798317005], "Sigma": [[0.009963278185859055, 0.0027597834102549325, -0.01653071721688437], [0.0027597834102549316, 0.015629408142786027, -0.005999705474741249], [-0.01653071721688437, -0.005999705474741248, 0.10930255215476277]], "chi2_level": 0.997, "chi2_df": 3, "chi2_threshold": 13.931422665512084, "N_raw": 115, "N_roi": 115, "N_inlier": 108, "refit": true}
{"timestamp": "17:07:14.061998", "frame": 62, "mu": [-0.8177966848885533, 1.090637289445361, 1.2209237147782905], "Sigma": [[0.03955145121563281, 0.029241683817769027, -0.03148645612840681], [0.02924168381776903, 0.04353392899920376, -0.0010221624083796175], [-0.03148645612840681, -0.0010221624083796184, 0.08981857982876063]], "chi2_level": 0.997, "chi2_df": 3, "chi2_threshold": 13.931422665512084, "N_raw": 96, "N_roi": 96, "N_inlier": 93, "refit": true}
{"timestamp": "17:07:14.112010", "frame": 63, "mu": [-0.8011238357858868, 1.118111659021517, 1.224884268265869], "Sigma": [[0.012651996452124854, 0.007114773089347196, -0.015906358585408835], [0.007114773089347195, 0.0116159299978438, -0.003268134387525644], [-0.015906358585408835, -0.003268134387525644, 0.07068412756317596]], "chi2_level": 0.997, "chi2_df": 3, "chi2_threshold": 13.931422665512084, "N_raw": 61, "N_roi": 61, "N_inlier": 59, "refit": true}
{"timestamp": "17:07:14.174377", "frame": 64, "mu": [-1.020326326631711, 1.125818902129523, 1.527609561557862], "Sigma": [[0.04697764613086909, 0.03698851527425303, -0.013451328113608026], [0.03698851527425302, 0.03936422498186739, -0.009540949940833578], [-0.013451328113608026, -0.009540949940833578, 0.0065715336988868564]], "chi2_level": 0.997, "chi2_df": 3, "chi2_threshold": 13.931422665512084, "N_raw": 113, "N_roi": 113, "N_inlier": 108, "refit": true}
{"timestamp": "17:07:14.228244", "frame": 65, "mu": [-1.0055225260573253, 1.1975562867296008, 1.5366996360103988], "Sigma": [[0.033191642587213785, 0.015737312764078082, -0.02293904747294925], [0.015737312764078082, 0.02648103312881388, -0.0016543642929544723], [-0.022939047472949246, -0.0016543642929544716, 0.021718391366773362]], "chi2_level": 0.997, "chi2_df": 3, "chi2_threshold": 13.931422665512084, "N_raw": 105, "N_roi": 105, "N_inlier": 103, "refit": true}
{"timestamp": "17:07:14.280480", "frame": 66, "mu": [-1.0765495359313004, 1.1610443763761211, 1.4627447378613594], "Sigma": [[0.045050056093985255, 0.022414758036317643, -0.044532186846153496], [0.022414758036317643, 0.017621815122888487, -0.024792209120042957], [-0.044532186846153496, -0.024792209120042957, 0.11870389156722488]], "chi2_level": 0.997, "chi2_df": 3, "chi2_threshold": 13.931422665512084, "N_raw": 79, "N_roi": 79, "N_inlier": 79, "refit": true}
{"timestamp": "17:07:14.332659", "frame": 67, "mu": [-1.04686327049485, 1.2729710304459398, 1.6085566876499358], "Sigma": [[0.039736862404076714, 0.014204756543839403, -0.03094502050174506], [0.014204756543839403, 0.01666723919389852, -0.007910515452008505], [-0.03094502050174506, -0.007910515452008505, 0.03014696447655014]], "chi2_level": 0.997, "chi2_df": 3, "chi2_threshold": 13.931422665512084, "N_raw": 69, "N_roi": 69, "N_inlier": 65, "refit": true}
{"timestamp": "17:07:14.397706", "frame": 68, "mu": [-1.1143223996784748, 1.2602678955501618, 1.5287553854495055], "Sigma": [[0.04590352704745615, 0.020516738079767186, -0.03736050842736169], [0.020516738079767182, 0.02172835364818832, -0.020150155521634752], [-0.03736050842736169, -0.020150155521634752, 0.057276299616854036]], "chi2_level": 0.997, "chi2_df": 3, "chi2_threshold": 13.931422665512084, "N_raw": 93, "N_roi": 93, "N_inlier": 90, "refit": true}
{"timestamp": "17:07:14.447555", "frame": 69, "mu": [-1.1524938332625405, 1.3084383147731677, 1.6103281372203835], "Sigma": [[0.07106260898163003, 0.05310981340098591, -0.06926647404554048], [0.05310981340098591, 0.04632154283877822, -0.05676691930897263], [-0.06926647404554048, -0.05676691930897264, 0.08293333191316361]], "chi2_level": 0.997, "chi2_df": 3, "chi2_threshold": 13.931422665512084, "N_raw": 98, "N_roi": 98, "N_inlier": 95, "refit": true}
{"timestamp": "17:07:14.495408", "frame": 70, "mu": [-1.2217379865688596, 1.2368730304093896, 1.5632976832752243], "Sigma": [[0.060112620483977905, 0.044431115426842575, -0.04279889046828003], [0.04443111542684258, 0.040005112716703276, -0.030222122828842537], [-0.04279889046828003, -0.030222122828842537, 0.036320881551561865]], "chi2_level": 0.997, "chi2_df": 3, "chi2_threshold": 13.931422665512084, "N_raw": 44, "N_roi": 44, "N_inlier": 42, "refit": true}
{"timestamp": "17:07:14.560730", "frame": 71, "mu": [-1.251268946686159, 1.2695778092958618, 1.5178688384890258], "Sigma": [[0.06051342790325264, 0.04493977726467326, -0.026799353939228082], [0.04493977726467326, 0.049942279867675535, -0.010087364088417951], [-0.026799353939228086, -0.010087364088417951, 0.0233126788505177]], "chi2_level": 0.997, "chi2_df": 3, "chi2_threshold": 13.931422665512084, "N_raw": 120, "N_roi": 120, "N_inlier": 117, "refit": true}
{"timestamp": "17:07:14.608105", "frame": 72, "mu": [-1.3868351730871877, 1.1630699057246556, 1.5434794276183748], "Sigma": [[0.05986675308229143, 0.039321658645479096, -0.02670996302584634], [0.039321658645479096, 0.03770308878524932, -0.015952981657132596], [-0.02670996302584634, -0.015952981657132596, 0.01588061594291252]], "chi2_level": 0.997, "chi2_df": 3, "chi2_threshold": 13.931422665512084, "N_raw": 68, "N_roi": 68, "N_inlier": 65, "refit": true}
{"timestamp": "17:07:14.665680", "frame": 73, "mu": [-1.259259351050323, 1.3334352940383463, 1.2512973104353222], "Sigma": [[0.07085314263169287, 0.0355981195551901, -0.11739309511828658], [0.0355981195551901, 0.026222039872516652, -0.045252044377169426], [-0.11739309511828658, -0.04525204437716943, 0.27414389614387846]], "chi2_level": 0.997, "chi2_df": 3, "chi2_threshold": 13.931422665512084, "N_raw": 87, "N_roi": 87, "N_inlier": 84, "refit": true}
{"timestamp": "17:07:14.724169", "frame": 74, "mu": [-1.4908512465585602, 1.2500579952984263, 1.6306927803356401], "Sigma": [[0.03274770479909007, 0.019140338387043855, -0.026297841331056], [0.019140338387043855, 0.024057927615651224, -0.010659488693533831], [-0.026297841331056, -0.010659488693533831, 0.02538179010488334]], "chi2_level": 0.997, "chi2_df": 3, "chi2_threshold": 13.931422665512084, "N_raw": 108, "N_roi": 108, "N_inlier": 103, "refit": true}
{"timestamp": "17:07:14.773649", "frame": 75, "mu": [-1.3153527207631381, 1.4330774469219654, 1.0851957298985344], "Sigma": [[0.09158012185300832, 0.05161385435992064, -0.22980940153625684], [0.051613854359920636, 0.03576273583940234, -0.13185438463791582], [-0.22980940153625684, -0.13185438463791582, 0.6490627831418251]], "chi2_level": 0.997, "chi2_df": 3, "chi2_threshold": 13.931422665512084, "N_raw": 72, "N_roi": 72, "N_inlier": 70, "refit": true}
{"timestamp": "17:07:14.829974", "frame": 76, "mu": [-1.3806458378045194, 1.4260585756828965, 1.152122688039324], "Sigma": [[0.07265731664591366, 0.04394512028965826, -0.16166793519882244], [0.04394512028965826, 0.039374482657298385, -0.11113503698646052], [-0.16166793519882244, -0.1111350369864605, 0.5105361747645323]], "chi2_level": 0.997, "chi2_df": 3, "chi2_threshold": 13.931422665512084, "N_raw": 63, "N_roi": 63, "N_inlier": 62, "refit": true}
{"timestamp": "17:07:14.879048", "frame": 77, "mu": [-1.3882431854603086, 1.4850898885040158, 1.4486320577705751], "Sigma": [[0.036745464178908165, 0.019719386807810206, -0.0264268255485434], [0.019719386807810206, 0.02206001266075426, -0.04288988837709336], [-0.0264268255485434, -0.04288988837709336, 0.11664072273828953]], "chi2_level": 0.997, "chi2_df": 3, "chi2_threshold": 13.931422665512084, "N_raw": 41, "N_roi": 41, "N_inlier": 39, "refit": true}
{"timestamp": "17:07:14.940686", "frame": 78, "mu": [-1.3614041412829778, 1.5223346192896732, 1.4395853964458265], "Sigma": [[0.048477070965058794, 0.03467004861123298, -0.03068544204440093], [0.03467004861123298, 0.03371972041148695, -0.025207980958681972], [-0.03068544204440093, -0.025207980958681972, 0.03352498767694133]], "chi2_level": 0.997, "chi2_df": 3, "chi2_threshold": 13.931422665512084, "N_raw": 86, "N_roi": 86, "N_inlier": 82, "refit": true}
{"timestamp": "17:07:14.990325", "frame": 79, "mu": [-1.4127853794709313, 1.5240912719784352, 1.4956389628990432], "Sigma": [[0.08698327394908018, 0.045781019015028276, -0.05474185152624089], [0.045781019015028276, 0.029210667067446405, -0.030974857420323593], [-0.05474185152624089, -0.030974857420323593, 0.03659340649142221]], "chi2_level": 0.997, "chi2_df": 3, "chi2_threshold": 13.931422665512084, "N_raw": 45, "N_roi": 45, "N_inlier": 44, "refit": true}
{"timestamp": "17:07:15.044664", "frame": 80, "mu": [-1.4234176040177071, 1.6334983326933425, 1.516722048695649], "Sigma": [[0.0313787175861722, 0.025352056237201298, -0.034488592254494646], [0.025352056237201298, 0.028772677871389, -0.029955130079933084], [-0.034488592254494646, -0.029955130079933084, 0.042001004014690944]], "chi2_level": 0.997, "chi2_df": 3, "chi2_threshold": 13.931422665512084, "N_raw": 49, "N_roi": 49, "N_inlier": 48, "refit": true}
{"timestamp": "17:07:15.094398", "frame": 81, "mu": [-1.5204256338505344, 1.6207612597274172, 1.3074999941824639], "Sigma": [[0.03829277572125615, 0.017175205437892863, -0.004889832722978627], [0.017175205437892863, 0.015228372765838567, -0.0061561740258294865], [-0.004889832722978627, -0.0061561740258294865, 0.007767444278132517]], "chi2_level": 0.997, "chi2_df": 3, "chi2_threshold": 13.931422665512084, "N_raw": 11, "N_roi": 11, "N_inlier": 11, "refit": true}
{"timestamp": "17:07:15.157460", "frame": 82, "mu": [-1.4994848521955373, 1.6569243045878383, 1.5522517312826156], "Sigma": [[0.056779312746216504, 0.03684036588874648, -0.035295951181188584], [0.03684036588874648, 0.03838949583889442, -0.018291144581043722], [-0.035295951181188584, -0.018291144581043722, 0.025136322249894334]], "chi2_level": 0.997, "chi2_df": 3, "chi2_threshold": 13.931422665512084, "N_raw": 75, "N_roi": 75, "N_inlier": 73, "refit": true}
{"timestamp": "17:07:15.209899", "frame": 83, "mu": [-1.3614223167161839, 1.7789805305264552, 1.4044098364199955], "Sigma": [[0.029247752691983972, 0.015056553710039562, -0.02106354569135041], [0.015056553710039562, 0.019455545308018254, -0.030742558203464103], [-0.02106354569135041, -0.030742558203464103, 0.10154209059511202]], "chi2_level": 0.997, "chi2_df": 3, "chi2_threshold": 13.931422665512084, "N_raw": 47, "N_roi": 47, "N_inlier": 45, "refit": true}
{"timestamp": "17:07:15.264532", "frame": 84, "mu": [-1.4538028613038252, 1.898574856957864, 1.4580924918093967], "Sigma": [[0.014246047272522737, -0.0045967980132093095, -0.005589504957647562], [-0.004596798013209309, 0.007223132407388786, -0.0006948499228616827], [-0.005589504957647562, -0.0006948499228616829, 0.0048789414362894684]], "chi2_level": 0.997, "chi2_df": 3, "chi2_threshold": 13.931422665512084, "N_raw": 44, "N_roi": 44, "N_inlier": 42, "refit": true}
{"timestamp": "17:07:15.314537", "frame": 85, "mu": [-1.3629474436513265, 2.0270313831377997, 0.8824151110272067], "Sigma": [[0.014336362651003477, -0.006673979424964078, 0.05613657785259854], [-0.006673979424964078, 0.006086838266741718, -0.01991885566681422], [0.05613657785259854, -0.01991885566681422, 0.39291377635928776]], "chi2_level": 0.997, "chi2_df": 3, "chi2_threshold": 13.931422665512084, "N_raw": 9, "N_roi": 9, "N_inlier": 9, "refit": true}
{"timestamp": "17:07:15.376542", "frame": 86, "mu": [-1.3727788096983675, 2.050247186406614, 0.005002331972903365], "Sigma": [[0.015948424533556105, 0.0010683005384100781, -0.012061351776997287], [0.0010683005384100783, 0.005734816721467354, 0.0006523882786645143], [-0.012061351776997287, 0.000652388278664514, 0.01042039618009714]], "chi2_level": 0.997, "chi2_df": 3, "chi2_threshold": 13.931422665512084, "N_raw": 63, "N_roi": 63, "N_inlier": 60, "refit": true}
