{"timestamp": "16:57:09.972911", "frame": 28, "mu": [-1.386538755150056, 0.6938438458505629, 0.6692756964040808], "Sigma": [[3.913051390576046, 0.004568124106606012, 0.05018263701463356], [0.004568124106606019, 0.0126688726159219, -0.0028544162026995067], [0.05018263701463357, -0.0028544162026995067, 0.003021875134111524]], "chi2_level": 0.997, "chi2_df": 3, "chi2_threshold": 13.931422665512084, "N_raw": 27, "N_roi": 20, "N_inlier": 20, "refit": true}
{"timestamp": "16:57:10.137024", "frame": 31, "mu": [-0.31958644110316337, 0.5869085290487667, 0.6412972141713104], "Sigma": [[5.480484100300647, 0.19191066673466406, 0.024175513872665665], [0.19191066673466406, 0.023592279961926005, -0.001708514516305759], [0.024175513872665665, -0.001708514516305759, 0.0032585593474952317]], "chi2_level": 0.997, "chi2_df": 3, "chi2_threshold": 13.931422665512084, "N_raw": 26, "N_roi": 25, "N_inlier": 25, "refit": true}
{"timestamp": "16:57:10.300120", "frame": 34, "mu": [-1.8613326144896656, 0.7168624884310032, 0.8213287051285001], "Sigma": [[2.229175558097227, -0.0862594786728625, 0.0458623434173345], [-0.0862594786728625, 0.011574382429850484, -0.0030082662138868396], [0.0458623434173345, -0.003008266213886839, 0.0032710205438999814]], "chi2_level": 0.997, "chi2_df": 3, "chi2_threshold": 13.931422665512084, "N_raw": 12, "N_roi": 10, "N_inlier": 10, "refit": true}
{"timestamp": "16:57:10.413138", "frame": 36, "mu": [-0.5437928253954087, 0.5542616005141356, 0.8284274757601509], "Sigma": [[4.954351371575177, -0.02197189205540993, 0.10925692803599649], [-0.021971892055409926, 0.00555944293458963, -0.003319711748840865], [0.10925692803599647, -0.003319711748840865, 0.01185009683434445]], "chi2_level": 0.997, "chi2_df": 3, "chi2_threshold": 13.931422665512084, "N_raw": 31, "N_roi": 31, "N_inlier": 31, "refit": true}
{"timestamp": "16:57:10.521416", "frame": 38, "mu": [-0.9464751752903026, 0.5962728315767241, 0.9798298592643189], "Sigma": [[3.907227263138344, -0.07375744971537893, 0.018814437610491137], [-0.07375744971537891, 0.011272714229672227, -0.0030002747103229236], [0.01881443761049114, -0.0030002747103229227, 0.0009154632803408958]], "chi2_level": 0.997, "chi2_df": 3, "chi2_threshold": 13.931422665512084, "N_raw": 18, "N_roi": 18, "N_inlier": 17, "refit": true}
{"timestamp": "16:57:10.740503", "frame": 42, "mu": [-1.49096964902677, 0.5944404021865343, 0.9614592690398172], "Sigma": [[1.3799844871624698, -0.012192222576600603, 0.004881069108585516], [-0.012192222576600605, 0.0028328018881009004, -0.00021739144772765217], [0.004881069108585515, -0.00021739144772765196, 0.00487472163714955]], "chi2_level": 0.997, "chi2_df": 3, "chi2_threshold": 13.931422665512084, "N_raw": 12, "N_roi": 12, "N_inlier": 12, "refit": true}
{"timestamp": "16:57:10.795920", "frame": 43, "mu": [-1.4053583330505106, 0.8740603337270848, -0.8310340501206608], "Sigma": [[1.75626878326501, -0.05420260748168372, 0.039259504526281984], [-0.05420260748168372, 0.004497007507036437, -0.0018226556706689811], [0.03925950452628199, -0.0018226556706689811, 0.004748011045856796]], "chi2_level": 0.997, "chi2_df": 3, "chi2_threshold": 13.931422665512084, "N_raw": 17, "N_roi": 17, "N_inlier": 17, "refit": true}
{"timestamp": "16:57:10.850306", "frame": 44, "mu": [-1.4264039744742714, 0.5489312161001138, 0.9590555938249983], "Sigma": [[1.8749009362407822, -0.048706564599295045, 0.017540446771018056], [-0.04870656459929505, 0.012841166508413078, -0.004684606387424058], [0.017540446771018056, -0.004684606387424058, 0.001937781024551885]], "chi2_level": 0.997, "chi2_df": 3, "chi2_threshold": 13.931422665512084, "N_raw": 18, "N_roi": 18, "N_inlier": 17, "refit": true}
{"timestamp": "16:57:10.910194", "frame": 45, "mu": [-1.400417651172, 0.5843925374378109, 1.1153411721163897], "Sigma": [[1.6402589665922436, -0.05156621821855889, 0.013072062057718648], [-0.05156621821855889, 0.01199653046349672, -0.0034746239520295295], [0.013072062057718648, -0.003474623952029529, 0.009658491513833219]], "chi2_level": 0.997, "chi2_df": 3, "chi2_threshold": 13.931422665512084, "N_raw": 45, "N_roi": 45, "N_inlier": 45, "refit": true}
{"timestamp": "16:57:10.962506", "frame": 46, "mu": [-1.0270237977144985, 0.5328010316381491, 0.9704237569581884], "Sigma": [[2.8436019305689766, -0.06391850939819085, 0.02948533828609519], [-0.06391850939819085, 0.012655826785594355, 0.0017256541038901166], [0.029485338286095186, 0.0017256541038901166, 0.007800780564910682]], "chi2_level": 0.997, "chi2_df": 3, "chi2_threshold": 13.931422665512084, "N_raw": 34, "N_roi": 34, "N_inlier": 34, "refit": true}
{"timestamp": "16:57:11.028031", "frame": 47, "mu": [-1.934791086130588, 0.6475683275932683, 1.0501701437830062], "Sigma": [[0.01577769050679345, 0.0027403993810508525, 0.0045889777365448765], [0.002740399381050852, 0.01438881603530087, -0.01121261612830423], [0.0045889777365448765, -0.011212616128304228, 0.015056911215985071]], "chi2_level": 0.997, "chi2_df": 3, "chi2_threshold": 13.931422665512084, "N_raw": 92, "N_roi": 92, "N_inlier": 87, "refit": true}
{"timestamp": "16:57:11.080621", "frame": 48, "mu": [-1.4229966984023976, 0.6276915375304447, 1.0138428825287389], "Sigma": [[1.8952134631793867, -0.08148216615410822, 0.04599551139791152], [-0.08148216615410822, 0.018310373064728665, -0.0048957343058102405], [0.04599551139791152, -0.0048957343058102405, 0.012587942607503493]], "chi2_level": 0.997, "chi2_df": 3, "chi2_threshold": 13.931422665512084, "N_raw": 64, "N_roi": 64, "N_inlier": 64, "refit": true}
{"timestamp": "16:57:11.139246", "frame": 49, "mu": [-1.1477226890778534, 0.5583991960048325, 1.04058036023285], "Sigma": [[2.2937354822338434, -0.0508808427178186, 0.007658860016270437], [-0.050880842717818585, 0.012697587218398082, -0.0021418330996922446], [0.007658860016270435, -0.002141833099692244, 0.01696339693135559]], "chi2_level": 0.997, "chi2_df": 3, "chi2_threshold": 13.931422665512084, "N_raw": 91, "N_roi": 91, "N_inlier": 91, "refit": true}
{"timestamp": "16:57:11.190661", "frame": 50, "mu": [-1.436582446018302, 0.577111643439802, 1.0529190587518908], "Sigma": [[1.3441079391081845, -0.06048141385251016, 0.05838102826849935], [-0.06048141385251016, 0.019594004511552694, -0.01351773213649634], [0.058381028268499356, -0.01351773213649634, 0.011487351278627083]], "chi2_level": 0.997, "chi2_df": 3, "chi2_threshold": 13.931422665512084, "N_raw": 70, "N_roi": 70, "N_inlier": 69, "refit": true}
{"timestamp": "16:57:11.251422", "frame": 51, "mu": [-1.5289675830864933, 0.60375002277758, 1.0775981872174412], "Sigma": [[1.1697010384501045, -0.06065107440397646, 0.04514982497329431], [-0.06065107440397646, 0.018877764392135378, -0.013118345105875099], [0.04514982497329431, -0.0131183451058751, 0.010477364085432513]], "chi2_level": 0.997, "chi2_df": 3, "chi2_threshold": 13.931422665512084, "N_raw": 76, "N_roi": 76, "N_inlier": 75, "refit": true}
{"timestamp": "16:57:11.300795", "frame": 52, "mu": [-1.366285185541769, 0.5816816437803976, 0.991458839208994], "Sigma": [[1.674330649871073, -0.06229270849948744, 0.05290445363893986], [-0.06229270849948744, 0.016706531011072744, -0.00940233354902337], [0.05290445363893986, -0.00940233354902337, 0.011042663131773945]], "chi2_level": 0.997, "chi2_df": 3, "chi2_threshold": 13.931422665512084, "N_raw": 68, "N_roi": 68, "N_inlier": 68, "refit": true}
{"timestamp": "16:57:11.360546", "frame": 53, "mu": [-1.7255115299173789, 0.6103492986469021, 1.095160523600808], "Sigma": [[0.02239039250495034, 0.0028320603331206612, 0.018265976362254754], [0.0028320603331206612, 0.013689389929173497, -0.012685168524764343], [0.018265976362254757, -0.012685168524764343, 0.03869673724860573]], "chi2_level": 0.997, "chi2_df": 3, "chi2_threshold": 13.931422665512084, "N_raw": 93, "N_roi": 93, "N_inlier": 90, "refit": true}
{"timestamp": "16:57:11.414623", "frame": 54, "mu": [-1.674124244975988, 0.6798846905352892, -0.7794020382784326], "Sigma": [[0.018744867349872397, -0.0026759339371911425, 0.017067818779365744], [-0.002675933937191142, 0.04356341729939262, -0.008012738767447167], [0.017067818779365744, -0.008012738767447167, 0.02626225692624932]], "chi2_level": 0.997, "chi2_df": 3, "chi2_threshold": 13.931422665512084, "N_raw": 94, "N_roi": 94, "N_inlier": 91, "refit": true}
{"timestamp": "16:57:11.471001", "frame": 55, "mu": [-1.6443968650658283, 0.6232219488488753, 1.1020452791586082], "Sigma": [[0.010939583801437386, 0.004767389808312112, 0.010030405523653144], [0.004767389808312114, 0.013773352315697004, -0.008468163367033625], [0.010030405523653144, -0.008468163367033623, 0.04745999469766056]], "chi2_level": 0.997, "chi2_df": 3, "chi2_threshold": 13.931422665512084, "N_raw": 110, "N_roi": 110, "N_inlier": 110, "refit": true}
{"timestamp": "16:57:11.523122", "frame": 56, "mu": [-1.635625849836582, 0.6866025291768932, 1.1622727703257092], "Sigma": [[0.015557159453161863, -0.005067377480424916, 0.011983488648048374], [-0.0050673774804249165, 0.015548286693514884, -0.014379951131547443], [0.011983488648048372, -0.014379951131547443, 0.021360201450464526]], "chi2_level": 0.997, "chi2_df": 3, "chi2_threshold": 13.931422665512084, "N_raw": 80, "N_roi": 80, "N_inlier": 80, "refit": true}
{"timestamp": "16:57:11.581034", "frame": 57, "mu": [-1.5374602963706643, 0.6881351145664445, 1.232835186913929], "Sigma": [[0.022152858262834356, -0.004105252286889389, 0.018268897469545166], [-0.004105252286889389, 0.01704416248948313, -0.020157653211220188], [0.018268897469545166, -0.020157653211220188, 0.041033214167357654]], "chi2_level": 0.997, "chi2_df": 3, "chi2_threshold": 13.931422665512084, "N_raw": 101, "N_roi": 101, "N_inlier": 98, "refit": true}
{"timestamp": "16:57:11.638792", "frame": 58, "mu": [-1.5739747822079473, 0.6435714873493904, 1.2050287107633177], "Sigma": [[0.020386756914092467, 0.0030461359470594224, 0.017478996514158997], [0.0030461359470594224, 0.011314168262795583, -0.00686054424824956], [0.017478996514158997, -0.0068605442482495595, 0.03651108149486561]], "chi2_level": 0.997, "chi2_df": 3, "chi2_threshold": 13.931422665512084, "N_raw": 120, "N_roi": 120, "N_inlier": 119, "refit": true}
{"timestamp": "16:57:11.688052", "frame": 59, "mu": [-1.49041705732025, 0.6645706818497553, -0.39999248135285853], "Sigma": [[0.01163872444805353, 0.010390959178690404, 0.00847719551540259], [0.010390959178690406, 0.025297179858091323, 0.005512011463360425], [0.00847719551540259, 0.005512011463360426, 0.2708771865315436]], "chi2_level": 0.997, "chi2_df": 3, "chi2_threshold": 13.931422665512084, "N_raw": 82, "N_roi": 82, "N_inlier": 78, "refit": true}
{"timestamp": "16:57:11.747920", "frame": 60, "mu": [-1.482034715747825, 0.6917019762633106, 0.0457422738227538], "Sigma": [[0.010109893830276764, 0.004068914432112495, 0.02240289420472428], [0.004068914432112495, 0.01922769010941013, 0.0396292145677344], [0.022402894204724275, 0.039629214567734404, 0.6721545969113721]], "chi2_level": 0.997, "chi2_df": 3, "chi2_threshold": 13.931422665512084, "N_raw": 117, "N_roi": 117, "N_inlier": 117, "refit": true}
{"timestamp": "16:57:11.796668", "frame": 61, "mu": [-1.4752998614170674, 0.6876540716514662, 1.3417435088374248], "Sigma": [[0.010583174548344326, 0.0018452144632321915, 0.007526946529944066], [0.0018452144632321917, 0.004994488731358618, -0.0031915975442856175], [0.007526946529944066, -0.0031915975442856175, 0.01900039701176061]], "chi2_level": 0.997, "chi2_df": 3, "chi2_threshold": 13.931422665512084, "N_raw": 71, "N_roi": 71, "N_inlier": 70, "refit": true}
{"timestamp": "16:57:11.853544", "frame": 62, "mu": [-1.45807641876126, 0.5731187432333296, 1.2033416253612792], "Sigma": [[0.01198103973532851, 0.007414912266525079, 0.0025965432069808897], [0.007414912266525079, 0.00993761134970783, -0.005216767306883156], [0.0025965432069808897, -0.005216767306883157, 0.015042477441241665]], "chi2_level": 0.997, "chi2_df": 3, "chi2_threshold": 13.931422665512084, "N_raw": 89, "N_roi": 89, "N_inlier": 88, "refit": true}
{"timestamp": "16:57:11.908073", "frame": 63, "mu": [-1.4061112794300643, 0.846154327687363, -0.2909629637209583], "Sigma": [[0.0077615907943591024, 0.0014409618813323898, 0.008509285818045274], [0.00144096188133239, 0.014463699070998362, 0.0008372505999042598], [0.008509285818045274, 0.0008372505999042598, 0.30582905647485975]], "chi2_level": 0.997, "chi2_df": 3, "chi2_threshold": 13.931422665512084, "N_raw": 79, "N_roi": 79, "N_inlier": 79, "refit": true}
{"timestamp": "16:57:11.959074", "frame": 64, "mu": [-1.077427323991226, 0.5356496078142597, 1.2959838715000485], "Sigma": [[0.5585968466781687, -0.03643416211478971, -0.015973157864349347], [-0.036434162114789725, 0.022717971425617565, 0.012543055073617925], [-0.015973157864349347, 0.012543055073617925, 0.01482073786608768]], "chi2_level": 0.997, "chi2_df": 3, "chi2_threshold": 13.931422665512084, "N_raw": 53, "N_roi": 53, "N_inlier": 53, "refit": true}
{"timestamp": "16:57:12.015856", "frame": 65, "mu": [-1.246869424901918, 0.6890861980938963, 1.386835993636794], "Sigma": [[0.010098495212033301, 0.006053611185294982, 0.0015425792954704134], [0.006053611185294982, 0.006758195622430819, -0.0026225366954543156], [0.0015425792954704132, -0.0026225366954543156, 0.00558370543252193]], "chi2_level": 0.997, "chi2_df": 3, "chi2_threshold": 13.931422665512084, "N_raw": 67, "N_roi": 67, "N_inlier": 67, "refit": true}
{"timestamp": "16:57:12.073217", "frame": 66, "mu": [-1.2382771812138593, 0.6588379268356639, 1.3504791163285281], "Sigma": [[0.01118530228187245, 0.006859698469054086, 0.004730047365090614], [0.006859698469054087, 0.0074611018554810666, -0.0017231176509977133], [0.004730047365090614, -0.0017231176509977138, 0.017200118637372346]], "chi2_level": 0.997, "chi2_df": 3, "chi2_threshold": 13.931422665512084, "N_raw": 81, "N_roi": 81, "N_inlier": 77, "refit": true}
{"timestamp": "16:57:12.124516", "frame": 67, "mu": [-1.225010351982536, 0.6197803435470636, 1.3346417546339173], "Sigma": [[0.010163146860086505, 0.006755325066480699, 0.002466888475812891], [0.006755325066480699, 0.01295058499970819, -0.0014040150759415187], [0.002466888475812891, -0.0014040150759415183, 0.009936113404522034]], "chi2_level": 0.997, "chi2_df": 3, "chi2_threshold": 13.931422665512084, "N_raw": 50, "N_roi": 50, "N_inlier": 49, "refit": true}
{"timestamp": "16:57:12.176774", "frame": 68, "mu": [-1.1940176228873742, 0.4509795679322363, 1.1902349515495603], "Sigma": [[0.009020928642807135, 0.00734406803369204, -0.0064742885307455394], [0.007344068033692039, 0.013993985048059087, -0.009407215940453722], [-0.0064742885307455394, -0.009407215940453722, 0.010062332697357531]], "chi2_level": 0.997, "chi2_df": 3, "chi2_threshold": 13.931422665512084, "N_raw": 39, "N_roi": 39, "N_inlier": 37, "refit": true}
{"timestamp": "16:57:12.235039", "frame": 69, "mu": [-1.1574820630183833, 0.7171521279936086, -0.5342030667433411], "Sigma": [[0.006732442955762423, 0.007354006830818718, 0.004406841348349222], [0.007354006830818718, 0.01847664977333327, 0.0020973749347159565], [0.004406841348349222, 0.0020973749347159574, 0.005793527635282474]], "chi2_level": 0.997, "chi2_df": 3, "chi2_threshold": 13.931422665512084, "N_raw": 62, "N_roi": 62, "N_inlier": 60, "refit": true}
{"timestamp": "16:57:12.290152", "frame": 70, "mu": [-1.125833743930837, 0.4881882557860646, 1.298248384914031], "Sigma": [[0.012419472519863384, 0.012237195726416034, 0.0019397308710017583], [0.012237195726416034, 0.017142811437261957, 0.0004136033669722137], [0.0019397308710017577, 0.00041360336697221327, 0.018379868506296825]], "chi2_level": 0.997, "chi2_df": 3, "chi2_threshold": 13.931422665512084, "N_raw": 56, "N_roi": 56, "N_inlier": 54, "refit": true}
{"timestamp": "16:57:12.346556", "frame": 71, "mu": [-1.115315818890382, 0.5972982941746356, -0.522475189566673], "Sigma": [[0.010419626959950065, 0.004587763716628373, 0.008825548657374508], [0.004587763716628373, 0.02951313198608719, 0.012170898438589105], [0.008825548657374508, 0.012170898438589105, 0.02107842270133107]], "chi2_level": 0.997, "chi2_df": 3, "chi2_threshold": 13.931422665512084, "N_raw": 74, "N_roi": 74, "N_inlier": 71, "refit": true}
{"timestamp": "16:57:12.400464", "frame": 72, "mu": [-1.0266502201740089, 0.5442250326502844, 1.4160824135284766], "Sigma": [[0.013851366653364455, 0.009181548653544168, -0.00761377225189716], [0.009181548653544168, 0.016366299474966935, -0.003926508033812516], [-0.00761377225189716, -0.003926508033812517, 0.03264992722080039]], "chi2_level": 0.997, "chi2_df": 3, "chi2_threshold": 13.931422665512084, "N_raw": 60, "N_roi": 60, "N_inlier": 56, "refit": true}
{"timestamp": "16:57:12.453033", "frame": 73, "mu": [-0.9627016294635563, 0.687775721832027, 1.6702982498304793], "Sigma": [[0.007185532914572846, 0.002557782616498499, -0.0033237047698619635], [0.002557782616498499, 0.0047205077312938845, -0.0038666043586323084], [-0.0033237047698619644, -0.0038666043586323084, 0.0037478204092285267]], "chi2_level": 0.997, "chi2_df": 3, "chi2_threshold": 13.931422665512084, "N_raw": 45, "N_roi": 45, "N_inlier": 44, "refit": true}
{"timestamp": "16:57:12.510996", "frame": 74, "mu": [-0.9701415930953314, 0.655111072682867, 1.6200040983260242], "Sigma": [[0.011725637446399583, 0.003940946875507981, -0.0023878838308154494], [0.003940946875507981, 0.005408182545548314, -0.005661917553236738], [-0.002387883830815449, -0.0056619175532367375, 0.008117571987182751]], "chi2_level": 0.997, "chi2_df": 3, "chi2_threshold": 13.931422665512084, "N_raw": 73, "N_roi": 73, "N_inlier": 71, "refit": true}
{"timestamp": "16:57:12.568953", "frame": 75, "mu": [-0.9110151911199691, 0.6999345407209074, 1.440534615416015], "Sigma": [[0.02376573366112318, 0.012014002838846238, -0.041070977757986044], [0.012014002838846238, 0.007541135098915133, -0.024406361024366028], [-0.041070977757986044, -0.024406361024366028, 0.1352696416201884]], "chi2_level": 0.997, "chi2_df": 3, "chi2_threshold": 13.931422665512084, "N_raw": 83, "N_roi": 83, "N_inlier": 81, "refit": true}
{"timestamp": "16:57:12.615718", "frame": 76, "mu": [-0.8257234159436742, 0.6446897464483022, 1.3210380437506621], "Sigma": [[0.04792473418518056, 0.030996925999674962, -0.05469788985112091], [0.030996925999674962, 0.033533146574771286, -0.03316316205452424], [-0.05469788985112091, -0.03316316205452424, 0.20931851776305618]], "chi2_level": 0.997, "chi2_df": 3, "chi2_threshold": 13.931422665512084, "N_raw": 30, "N_roi": 30, "N_inlier": 30, "refit": true}
{"timestamp": "16:57:12.674027", "frame": 77, "mu": [-0.6806159643629734, 0.7679332576741964, 1.3096677709764142], "Sigma": [[0.047959094870674915, 0.010060719809083272, -0.051818217946324234], [0.010060719809083272, 0.014625842614522195, -0.03480929209705339], [-0.051818217946324234, -0.03480929209705339, 0.12483988035323604]], "chi2_level": 0.997, "chi2_df": 3, "chi2_threshold": 13.931422665512084, "N_raw": 54, "N_roi": 54, "N_inlier": 54, "refit": true}
{"timestamp": "16:57:12.726195", "frame": 78, "mu": [-0.6451502341944002, 0.8495060019203966, 1.2760756779778537], "Sigma": [[0.03347285220763879, 0.018880061122030424, -0.03313635359990996], [0.018880061122030424, 0.02036988761177848, -0.03450778928825698], [-0.03313635359990996, -0.03450778928825698, 0.12240514234013813]], "chi2_level": 0.997, "chi2_df": 3, "chi2_threshold": 13.931422665512084, "N_raw": 35, "N_roi": 35, "N_inlier": 34, "refit": true}
{"timestamp": "16:57:12.779354", "frame": 79, "mu": [-0.5589497753700643, 0.824980943846278, 1.483170466324914], "Sigma": [[0.001350937182426868, -0.00026374337514789505, -0.0010683627151836627], [-0.0002637433751478951, 0.0014370610164315398, 0.0016806963778302497], [-0.0010683627151836625, 0.0016806963778302493, 0.01634932235026381]], "chi2_level": 0.997, "chi2_df": 3, "chi2_threshold": 13.931422665512084, "N_raw": 28, "N_roi": 24, "N_inlier": 21, "refit": true}
{"timestamp": "16:57:12.837553", "frame": 80, "mu": [-0.5453270432737973, 0.8360009961532391, 1.4909378453848858], "Sigma": [[0.00575293682336122, -0.0022125073105622238, 0.005249517687444502], [-0.0022125073105622238, 0.001533302012794483, -0.003222517431720176], [0.005249517687444503, -0.0032225174317201755, 0.008880261604450471]], "chi2_level": 0.997, "chi2_df": 3, "chi2_threshold": 13.931422665512084, "N_raw": 41, "N_roi": 41, "N_inlier": 39, "refit": true}
{"timestamp": "16:57:12.891840", "frame": 81, "mu": [-0.3832848344190341, 0.8311618869403755, 1.4781028304632147], "Sigma": [[0.002898010806251149, -0.00017909581750951055, -0.003799405446889146], [-0.00017909581750951057, 0.0008395588238284162, -0.0006703882854652188], [-0.003799405446889147, -0.0006703882854652189, 0.010235379891140544]], "chi2_level": 0.997, "chi2_df": 3, "chi2_threshold": 13.931422665512084, "N_raw": 31, "N_roi": 28, "N_inlier": 27, "refit": true}
{"timestamp": "16:57:12.952841", "frame": 82, "mu": [-0.33580623289377615, 0.8729338844625101, 1.2528024925504349], "Sigma": [[0.0067008050134960365, -0.0004485158485955595, -0.012487703008892249], [-0.0004485158485955596, 0.0012424742863689057, -0.0036316605531346653], [-0.012487703008892247, -0.0036316605531346653, 0.06720619915875287]], "chi2_level": 0.997, "chi2_df": 3, "chi2_threshold": 13.931422665512084, "N_raw": 84, "N_roi": 81, "N_inlier": 81, "refit": true}
{"timestamp": "16:57:12.997462", "frame": 83, "mu": [-0.32248786732105006, 0.8370956143392495, 1.1831586121849285], "Sigma": [[0.019661889146505438, -0.02520595676540711, 0.001689233884210637], [-0.025205956765407114, 0.03981551822983294, -0.0376849000849082], [0.001689233884210637, -0.0376849000849082, 0.303707452788077]], "chi2_level": 0.997, "chi2_df": 3, "chi2_threshold": 13.931422665512084, "N_raw": 9, "N_roi": 9, "N_inlier": 9, "refit": true}
{"timestamp": "16:57:13.065800", "frame": 84, "mu": [-0.3150547182997375, 0.8225749737514108, 1.2714470608156634], "Sigma": [[0.006586919330034111, -0.0010947327382091355, 0.0003147966080736435], [-0.0010947327382091357, 0.014516368052392469, 0.03233380938750173], [0.00031479660807364385, 0.03233380938750173, 0.08885156204232965]], "chi2_level": 0.997, "chi2_df": 3, "chi2_threshold": 13.931422665512084, "N_raw": 108, "N_roi": 108, "N_inlier": 108, "refit": true}
{"timestamp": "16:57:13.115005", "frame": 85, "mu": [-0.34967976142359497, 0.720370561077807, 1.168310958748142], "Sigma": [[0.0023101359993392616, 0.0008703702035156673, -0.0017629788514488469], [0.0008703702035156671, 0.0024892954365547896, -0.0020227959884862564], [-0.0017629788514488469, -0.0020227959884862564, 0.0048731587388689416]], "chi2_level": 0.997, "chi2_df": 3, "chi2_threshold": 13.931422665512084, "N_raw": 28, "N_roi": 28, "N_inlier": 27, "refit": true}
{"timestamp": "16:57:13.179126", "frame": 86, "mu": [-0.19810918364997757, 0.8644085790491647, 1.3027975506925698], "Sigma": [[0.006848774247660033, 0.0003129779312692649, -0.0010612584295381041], [0.00031297793126926497, 0.00492745746019508, 0.010463868147673226], [-0.0010612584295381041, 0.010463868147673226, 0.04468214392924994]], "chi2_level": 0.997, "chi2_df": 3, "chi2_threshold": 13.931422665512084, "N_raw": 129, "N_roi": 129, "N_inlier": 125, "refit": true}
{"timestamp": "16:57:13.226076", "frame": 87, "mu": [-0.17098579357184324, 0.9224878733536653, 1.4686283220450995], "Sigma": [[0.003293651103032475, -0.0015268492104451971, 0.0025523782722516332], [-0.0015268492104451971, 0.0019290836026872457, -0.002042982779409997], [0.0025523782722516332, -0.002042982779409997, 0.010535685286173388]], "chi2_level": 0.997, "chi2_df": 3, "chi2_threshold": 13.931422665512084, "N_raw": 66, "N_roi": 66, "N_inlier": 65, "refit": true}
{"timestamp": "16:57:13.283460", "frame": 88, "mu": [-0.08115216956630954, 0.8239677604358554, 1.1437726468744722], "Sigma": [[0.006509836159000365, 0.003183384374606534, 0.0077213119971952255], [0.0031833843746065346, 0.004739930534151182, 0.014971420386604685], [0.0077213119971952255, 0.014971420386604685, 0.08355887834103692]], "chi2_level": 0.997, "chi2_df": 3, "chi2_threshold": 13.931422665512084, "N_raw": 83, "N_roi": 83, "N_inlier": 82, "refit": true}
{"timestamp": "16:57:13.337995", "frame": 89, "mu": [0.07556843830264343, 0.827569436444702, 1.255936107659315], "Sigma": [[0.004088932295363488, -0.0032234110653760997, -0.008116966254383346], [-0.0032234110653760997, 0.0059704096109725185, 0.0089206477507566], [-0.008116966254383347, 0.0089206477507566, 0.032844726062179405]], "chi2_level": 0.997, "chi2_df": 3, "chi2_threshold": 13.931422665512084, "N_raw": 77, "N_roi": 77, "N_inlier": 74, "refit": true}
{"timestamp": "16:57:13.396750", "frame": 90, "mu": [0.039742384935931005, 0.876076747676702, -0.12420502933432923], "Sigma": [[0.017412616737299484, -0.006517460205875935, 0.08618238543716522], [-0.006517460205875935, 0.014882150170300965, -0.06795246584213971], [0.08618238543716522, -0.06795246584213971, 0.6814827143890164]], "chi2_level": 0.997, "chi2_df": 3, "chi2_threshold": 13.931422665512084, "N_raw": 103, "N_roi": 103, "N_inlier": 101, "refit": true}
{"timestamp": "16:57:13.451696", "frame": 91, "mu": [0.0409354190745788, 0.7839440118260703, 1.23711278556327], "Sigma": [[0.011084233170881136, -0.0020283195644829385, -0.008576003506990915], [-0.0020283195644829385, 0.002558956285800553, 0.003770459895672088], [-0.008576003506990915, 0.003770459895672088, 0.02387966084588928]], "chi2_level": 0.997, "chi2_df": 3, "chi2_threshold": 13.931422665512084, "N_raw": 100, "N_roi": 100, "N_inlier": 96, "refit": true}
{"timestamp": "16:57:13.502280", "frame": 92, "mu": [0.13942097630101963, 0.773957721519884, 1.2013176963509893], "Sigma": [[0.013397854608595923, 0.002519166333333849, -0.007749231851823973], [0.002519166333333849, 0.005728016918311432, -0.0013197861245335745], [-0.007749231851823971, -0.0013197861245335747, 0.004991779141921906]], "chi2_level": 0.997, "chi2_df": 3, "chi2_threshold": 13.931422665512084, "N_raw": 76, "N_roi": 76, "N_inlier": 74, "refit": true}
{"timestamp": "16:57:13.549113", "frame": 93, "mu": [0.135406319562219, 0.9380450050429681, -0.5311531283971769], "Sigma": [[0.021741540916743574, 0.0043908717889270255, -0.008417261156078456], [0.004390871788927024, 0.008512925199078774, -0.014527051366367567], [-0.008417261156078458, -0.01452705136636757, 0.09378126004050293]], "chi2_level": 0.997, "chi2_df": 3, "chi2_threshold": 13.931422665512084, "N_raw": 18, "N_roi": 17, "N_inlier": 16, "refit": true}
{"timestamp": "16:57:13.606972", "frame": 94, "mu": [0.1521867126827896, 0.6912801187670843, 1.1855780512411205], "Sigma": [[0.003994832326815827, 0.00043006486029123383, -0.0039007734100623137], [0.00043006486029123383, 0.0011429818302942762, -0.0013612778657896606], [-0.0039007734100623137, -0.0013612778657896606, 0.005384130664572146]], "chi2_level": 0.997, "chi2_df": 3, "chi2_threshold": 13.931422665512084, "N_raw": 33, "N_roi": 33, "N_inlier": 31, "refit": true}
{"timestamp": "16:57:13.660404", "frame": 95, "mu": [0.27036826026642624, 0.7684256742411877, -0.5325146579549875], "Sigma": [[0.009354390438453248, 0.0059905689688163335, -0.005309125419580783], [0.0059905689688163335, 0.004184906954303494, -0.00399328903724145], [-0.005309125419580783, -0.00399328903724145, 0.005929416500179345]], "chi2_level": 0.997, "chi2_df": 3, "chi2_threshold": 13.931422665512084, "N_raw": 28, "N_roi": 28, "N_inlier": 25, "refit": true}
{"timestamp": "16:57:13.717051", "frame": 96, "mu": [0.3088932946302895, 0.8917056871206377, -0.29053167014704767], "Sigma": [[0.006470379115461135, 0.0012595380370326202, -0.009195802180977432], [0.0012595380370326202, 0.0015206476909601, -0.0025515507874153995], [-0.009195802180977432, -0.0025515507874153995, 0.017127688715795196]], "chi2_level": 0.997, "chi2_df": 3, "chi2_threshold": 13.931422665512084, "N_raw": 43, "N_roi": 43, "N_inlier": 40, "refit": true}
{"timestamp": "16:57:13.766662", "frame": 97, "mu": [0.37551578638865607, 1.0251409196651688, -0.7623299130142345], "Sigma": [[0.002829532966212687, -0.0019864483212219636, -0.0018994428039017814], [-0.001986448321221964, 0.04728250804283287, -0.10112594652119057], [-0.0018994428039017823, -0.10112594652119057, 0.29721183028800624]], "chi2_level": 0.997, "chi2_df": 3, "chi2_threshold": 13.931422665512084, "N_raw": 9, "N_roi": 9, "N_inlier": 9, "refit": true}
{"timestamp": "16:57:13.823809", "frame": 98, "mu": [0.335431353753059, 0.7122783730065783, 1.2832148974507438], "Sigma": [[0.0037087965609794806, -0.001298305460215374, -0.0051230468114429745], [-0.001298305460215374, 0.0010974531476571306, 0.0021630236734895072], [-0.0051230468114429745, 0.0021630236734895072, 0.011973960720399015]], "chi2_level": 0.997, "chi2_df": 3, "chi2_threshold": 13.931422665512084, "N_raw": 23, "N_roi": 23, "N_inlier": 22, "refit": true}
{"timestamp": "16:57:13.877014", "frame": 99, "mu": [0.4844270424631344, 0.7970006155284133, 1.3428985250881684], "Sigma": [[0.010558540607966188, -0.0025334083232334834, -0.010824815447435087], [-0.0025334083232334843, 0.005540802779055287, 0.012754262634640785], [-0.010824815447435087, 0.012754262634640785, 0.055264029003542776]], "chi2_level": 0.997, "chi2_df": 3, "chi2_threshold": 13.931422665512084, "N_raw": 8, "N_roi": 8, "N_inlier": 8, "refit": true}
{"timestamp": "16:57:14.017487", "frame": 100, "mu": [0.49282961642787165, 0.6726883301927834, 1.1404239043505144], "Sigma": [[0.005327819522701205, 0.0034582662365432192, -0.0033850272017167306], [0.0034582662365432192, 0.0029283272018608177, -0.002562384067442201], [-0.0033850272017167306, -0.0025623840674422016, 0.15551773113992698]], "chi2_level": 0.997, "chi2_df": 3, "chi2_threshold": 13.931422665512084, "N_raw": 18, "N_roi": 18, "N_inlier": 18, "refit": true}
{"timestamp": "16:57:14.051499", "frame": 101, "mu": [0.47552701704164363, 0.8947336091270534, -0.44294439852429607], "Sigma": [[0.001139582132411019, 0.0013392407139353481, 0.0008335845236305919], [0.0013392407139353481, 0.006086834328415987, 0.0008123737900896108], [0.0008335845236305916, 0.0008123737900896108, 0.020232313594978853]], "chi2_level": 0.997, "chi2_df": 3, "chi2_threshold": 13.931422665512084, "N_raw": 39, "N_roi": 39, "N_inlier": 38, "refit": true}
{"timestamp": "16:57:14.082025", "frame": 102, "mu": [0.5165041909710701, 0.8030186204958644, 1.4214600019711905], "Sigma": [[0.0022251106126159777, 0.001389120698690912, -0.00011179132317919169], [0.0013891206986909117, 0.002710429967448156, -0.0013186220324727877], [-0.00011179132317919172, -0.0013186220324727875, 0.004424948563662369]], "chi2_level": 0.997, "chi2_df": 3, "chi2_threshold": 13.931422665512084, "N_raw": 49, "N_roi": 49, "N_inlier": 45, "refit": true}
{"timestamp": "16:57:14.113908", "frame": 103, "mu": [0.5608210649578592, 0.8513153228524587, -0.4677900732815302], "Sigma": [[0.0021580263445360724, 0.0008410608106717959, -0.0017322503536683848], [0.0008410608106717959, 0.002309287683100732, -0.0016257360450856115], [-0.0017322503536683848, -0.0016257360450856115, 0.002271048471240972]], "chi2_level": 0.997, "chi2_df": 3, "chi2_threshold": 13.931422665512084, "N_raw": 24, "N_roi": 24, "N_inlier": 22, "refit": true}
{"timestamp": "16:57:14.153766", "frame": 104, "mu": [0.5836544572165873, 0.703778862469203, 1.3072431888094596], "Sigma": [[0.0013230681448668136, 0.0010892357287517924, 0.0005517415479879816], [0.0010892357287517922, 0.0050435659795289405, -0.000702478959070951], [0.0005517415479879817, -0.000702478959070951, 0.012181382535676693]], "chi2_level": 0.997, "chi2_df": 3, "chi2_threshold": 13.931422665512084, "N_raw": 24, "N_roi": 24, "N_inlier": 23, "refit": true}
{"timestamp": "16:57:14.207954", "frame": 105, "mu": [0.6714638787184903, 0.6764916813004699, 1.3160244589634862], "Sigma": [[0.003026627182575804, 0.0013960210507036636, -0.002354223368900634], [0.0013960210507036638, 0.001940876681128968, -0.0017982853043855928], [-0.0023542233689006348, -0.0017982853043855928, 0.0028816097086658]], "chi2_level": 0.997, "chi2_df": 3, "chi2_threshold": 13.931422665512084, "N_raw": 15, "N_roi": 15, "N_inlier": 14, "refit": true}
{"timestamp": "16:57:14.261344", "frame": 106, "mu": [0.7423464784614021, 0.7229230693500784, 1.1927213624150126], "Sigma": [[0.002566434051071948, -0.0005485131292348104, -0.0012404710269484265], [-0.0005485131292348104, 0.001178450929338417, -0.004608873079201688], [-0.001240471026948427, -0.004608873079201688, 0.07574734220326813]], "chi2_level": 0.997, "chi2_df": 3, "chi2_threshold": 13.931422665512084, "N_raw": 6, "N_roi": 6, "N_inlier": 6, "refit": true}
{"timestamp": "16:57:14.320207", "frame": 107, "mu": [0.752475944670872, 0.7245045220762489, 1.3143097476409815], "Sigma": [[0.002071235049569519, -8.807503195012203e-05, -0.0012010190521133898], [-8.8075031950122e-05, 0.001288707852816986, -0.0012018961971741705], [-0.0012010190521133898, -0.0012018961971741705, 0.002315039509872497]], "chi2_level": 0.997, "chi2_df": 3, "chi2_threshold": 13.931422665512084, "N_raw": 28, "N_roi": 28, "N_inlier": 27, "refit": true}
{"timestamp": "16:57:14.372386", "frame": 108, "mu": [0.7869171278810935, 0.7514571347185804, 1.2409895871463328], "Sigma": [[0.0024754987877978122, -0.00036103084036179933, -0.0019703628669433823], [-0.00036103084036179933, 0.0004919519105588157, -0.00027043271563481473], [-0.0019703628669433823, -0.00027043271563481473, 0.003301476034528526]], "chi2_level": 0.997, "chi2_df": 3, "chi2_threshold": 13.931422665512084, "N_raw": 19, "N_roi": 19, "N_inlier": 19, "refit": true}
{"timestamp": "16:57:14.428290", "frame": 109, "mu": [0.8245377998577713, 0.7444827365311266, 1.3442336773706842], "Sigma": [[0.0017010294052594455, 0.0006672280784725238, -0.0003535335100362917], [0.000667228078472524, 0.00906433338962566, 0.003997706162031049], [-0.0003535335100362917, 0.003997706162031049, 0.0032330691713823257]], "chi2_level": 0.997, "chi2_df": 3, "chi2_threshold": 13.931422665512084, "N_raw": 15, "N_roi": 15, "N_inlier": 15, "refit": true}
{"timestamp": "16:57:14.485528", "frame": 110, "mu": [0.8698864881391102, 0.7943734648232322, 1.326060366969567], "Sigma": [[0.002723323669315466, 0.0004919533835549363, -0.001143448671536359], [0.0004919533835549362, 0.006190227652553456, -0.0006664968055862775], [-0.001143448671536359, -0.0006664968055862776, 0.0009771190180513725]], "chi2_level": 0.997, "chi2_df": 3, "chi2_threshold": 13.931422665512084, "N_raw": 40, "N_roi": 39, "N_inlier": 38, "refit": true}
{"timestamp": "16:57:14.539309", "frame": 111, "mu": [0.9314426836456446, 0.8231448813399238, 1.3536304109101387], "Sigma": [[0.0028486622886716847, 0.003110805057011992, 0.0009996979671731416], [0.003110805057011992, 0.006664047985486016, 0.0019492324239918225], [0.0009996979671731416, 0.0019492324239918225, 0.0012615747373083866]], "chi2_level": 0.997, "chi2_df": 3, "chi2_threshold": 13.931422665512084, "N_raw": 19, "N_roi": 19, "N_inlier": 19, "refit": true}
{"timestamp": "16:57:14.594767", "frame": 112, "mu": [0.9722261989368107, 0.813769783135942, 1.3486109396912656], "Sigma": [[0.003743856909565261, 0.0032543008693929776, 0.002006162986682177], [0.0032543008693929776, 0.009494423799886402, 0.005144518788942343], [0.002006162986682177, 0.005144518788942343, 0.004480508391160566]], "chi2_level": 0.997, "chi2_df": 3, "chi2_threshold": 13.931422665512084, "N_raw": 28, "N_roi": 28, "N_inlier": 28, "refit": true}
{"timestamp": "16:57:14.646995", "frame": 113, "mu": [1.0719293386605482, 0.8157267701336091, 1.2428430404011532], "Sigma": [[0.020811421543437444, 0.0011966030346469937, -0.050097414725244434], [0.0011966030346469937, 0.006609094613206959, 0.01156601863827018], [-0.05009741472524444, 0.01156601863827018, 0.15327482344570453]], "chi2_level": 0.997, "chi2_df": 3, "chi2_threshold": 13.931422665512084, "N_raw": 6, "N_roi": 6, "N_inlier": 6, "refit": true}
{"timestamp": "16:57:14.701320", "frame": 114, "mu": [1.1056931810323036, 0.9691052509958413, 1.4045624884067018], "Sigma": [[0.0020615418736180786, -0.0003629214368877986, 0.004974047903527733], [-0.00036292143688779855, 0.0035017798990702982, -0.007662187233253127], [0.004974047903527733, -0.007662187233253127, 0.05124384135736682]], "chi2_level": 0.997, "chi2_df": 3, "chi2_threshold": 13.931422665512084, "N_raw": 6, "N_roi": 6, "N_inlier": 6, "refit": true}
{"timestamp": "16:57:14.756842", "frame": 115, "mu": [1.1036534021436872, 0.8123681453352851, 1.3492354023679962], "Sigma": [[0.004602189019472273, 0.0013047430599502628, -0.0005817204152121574], [0.0013047430599502628, 0.0031566940931886463, -8.884514760177311e-05], [-0.0005817204152121573, -8.884514760177307e-05, 0.0002514233192284768]], "chi2_level": 0.997, "chi2_df": 3, "chi2_threshold": 13.931422665512084, "N_raw": 6, "N_roi": 6, "N_inlier": 6, "refit": true}
{"timestamp": "16:57:14.811707", "frame": 116, "mu": [1.186324480328097, 0.7866291266345578, 1.1962181091347883], "Sigma": [[0.0030218567613103757, 5.1253011084064404e-05, -0.0012059220679553305], [5.1253011084064295e-05, 0.006334651642207723, -0.010796461952602459], [-0.00120592206795533, -0.010796461952602459, 0.02235349143215194]], "chi2_level": 0.997, "chi2_df": 3, "chi2_threshold": 13.931422665512084, "N_raw": 7, "N_roi": 7, "N_inlier": 7, "refit": true}
{"timestamp": "16:57:14.867907", "frame": 117, "mu": [1.2659181128074035, 0.8378525194287695, 1.2636000674600738], "Sigma": [[0.004375629423152099, -0.0018726158892349066, 0.02017767385701532], [-0.0018726158892349066, 0.006284937111082496, -0.01866106502247588], [0.02017767385701532, -0.01866106502247588, 0.13961773984929668]], "chi2_level": 0.997, "chi2_df": 3, "chi2_threshold": 13.931422665512084, "N_raw": 12, "N_roi": 12, "N_inlier": 12, "refit": true}
{"timestamp": "16:57:14.924036", "frame": 118, "mu": [1.2800742402089034, 1.080608253449519, -0.7434889355626806], "Sigma": [[0.002562357620480839, -0.0032615652988064623, 0.006436680725267827], [-0.0032615652988064615, 0.01501456411717276, -0.025252830504871284], [0.006436680725267828, -0.025252830504871284, 0.08352605926074994]], "chi2_level": 0.997, "chi2_df": 3, "chi2_threshold": 13.931422665512084, "N_raw": 19, "N_roi": 19, "N_inlier": 19, "refit": true}
{"timestamp": "16:57:14.978872", "frame": 119, "mu": [1.3368800853805363, 0.9665138494796366, 1.038012033231775], "Sigma": [[0.002502784784383838, -0.002735160812719444, 0.013378873678627386], [-0.0027351608127194438, 0.026108750235733343, -0.0598098104646701], [0.013378873678627386, -0.0598098104646701, 0.21007988581004916]], "chi2_level": 0.997, "chi2_df": 3, "chi2_threshold": 13.931422665512084, "N_raw": 16, "N_roi": 16, "N_inlier": 16, "refit": true}
{"timestamp": "16:57:15.032360", "frame": 120, "mu": [1.3711476331203976, 0.8813805225698966, 1.344532825414158], "Sigma": [[0.002687181734380829, 0.006006520871342384, -0.0044581271000263736], [0.006006520871342385, 0.02620035513595627, -0.0434255585382307], [-0.0044581271000263736, -0.0434255585382307, 0.11171570774188914]], "chi2_level": 0.997, "chi2_df": 3, "chi2_threshold": 13.931422665512084, "N_raw": 10, "N_roi": 10, "N_inlier": 10, "refit": true}
{"timestamp": "16:57:15.087127", "frame": 121, "mu": [1.4550218443594514, 0.8517389299243205, 1.0587141852676265], "Sigma": [[0.0033446516080642627, 0.009229859089132564, -0.01501928972304086], [0.009229859089132562, 0.02993686249033071, -0.040583130405816986], [-0.01501928972304086, -0.040583130405816986, 0.11782696176535828]], "chi2_level": 0.997, "chi2_df": 3, "chi2_threshold": 13.931422665512084, "N_raw": 9, "N_roi": 9, "N_inlier": 9, "refit": true}
{"timestamp": "16:57:15.140445", "frame": 122, "mu": [1.423326413299562, 0.7693617246126522, 1.149256453451713], "Sigma": [[0.000899099454811078, -0.0001137288828271219, -0.0030144870372326095], [-0.0001137288828271219, 0.0006511076990463982, 0.001420844158515658], [-0.0030144870372326095, 0.001420844158515658, 0.026636363863324526]], "chi2_level": 0.997, "chi2_df": 3, "chi2_threshold": 13.931422665512084, "N_raw": 5, "N_roi": 5, "N_inlier": 5, "refit": true}
