{"timestamp": "14:49:59.456879", "frame": 3, "mu": [2.3849906866199224, 4.878115444385985, 0.41148699885910944], "Sigma": [[0.0074752707842681365, -0.00378665150410374, -0.0035709455987613355], [-0.00378665150410374, 0.005385016929326287, 0.002308263442665917], [-0.003570945598761336, 0.0023082634426659166, 0.004169145126718956]], "chi2_level": 0.997, "chi2_df": 3, "chi2_threshold": 13.931422665512084, "N_raw": 33, "N_roi": 11, "N_inlier": 11, "refit": true}
{"timestamp": "14:49:59.510412", "frame": 4, "mu": [2.3898945158363882, 4.736956694955412, 1.099720555923008], "Sigma": [[0.005199443400039858, -0.001989085489779035, -0.00038206897564691753], [-0.001989085489779035, 0.002706099542243962, 0.0006186430471963689], [-0.00038206897564691753, 0.0006186430471963689, 0.0002862063896436314]], "chi2_level": 0.997, "chi2_df": 3, "chi2_threshold": 13.931422665512084, "N_raw": 17, "N_roi": 8, "N_inlier": 8, "refit": true}
{"timestamp": "14:49:59.568475", "frame": 5, "mu": [2.3297036452085997, 4.756992605345805, 1.202817763731931], "Sigma": [[0.014688597461553618, -0.008410695695389351, -0.006055936576879566], [-0.00841069569538935, 0.0090618643646439, 0.006098936066689537], [-0.006055936576879565, 0.006098936066689537, 0.006487613636813819]], "chi2_level": 0.997, "chi2_df": 3, "chi2_threshold": 13.931422665512084, "N_raw": 34, "N_roi": 20, "N_inlier": 20, "refit": true}
{"timestamp": "14:49:59.843280", "frame": 10, "mu": [2.390966219964988, 4.6643497458399885, 1.0687532781662148], "Sigma": [[0.007223547866984408, -0.004493898999718118, -0.003993118522257326], [-0.004493898999718118, 0.00656344128490114, 0.0038288761559011294], [-0.003993118522257325, 0.0038288761559011294, 0.0048063840932951]], "chi2_level": 0.997, "chi2_df": 3, "chi2_threshold": 13.931422665512084, "N_raw": 21, "N_roi": 9, "N_inlier": 9, "refit": true}
{"timestamp": "14:50:00.007678", "frame": 13, "mu": [2.38179631132021, 4.876372779181885, 0.21413175835735906], "Sigma": [[0.004159362267110466, 0.0004919266897653024, -0.004476515779501642], [0.000491926689765302, 0.010201481519384978, -0.011477280984642811], [-0.004476515779501642, -0.011477280984642811, 0.020068224770309537]], "chi2_level": 0.997, "chi2_df": 3, "chi2_threshold": 13.931422665512084, "N_raw": 15, "N_roi": 8, "N_inlier": 8, "refit": true}
{"timestamp": "14:50:00.116181", "frame": 15, "mu": [2.0824643202196276, 4.145294103887304, 1.1544027111482271], "Sigma": [[0.5861378860756827, 1.1023396953296083, -0.27491300764296694], [1.1023396953296083, 2.0861593430640357, -0.500382460948137], [-0.2749130076429669, -0.500382460948137, 0.16170694389132906]], "chi2_level": 0.997, "chi2_df": 3, "chi2_threshold": 13.931422665512084, "N_raw": 7, "N_roi": 5, "N_inlier": 5, "refit": true}
{"timestamp": "14:50:00.281031", "frame": 18, "mu": [2.3114161836680513, 4.6871390048953625, 0.8309943858512754], "Sigma": [[0.0035015369396626484, 0.0011496097776666516, -0.016582685046200585], [0.0011496097776666516, 0.0007130533352588006, -0.005639761986387855], [-0.016582685046200585, -0.005639761986387856, 0.1600779471285935]], "chi2_level": 0.997, "chi2_df": 3, "chi2_threshold": 13.931422665512084, "N_raw": 7, "N_roi": 7, "N_inlier": 7, "refit": true}
{"timestamp": "14:50:00.336664", "frame": 19, "mu": [2.325551917578432, 4.711042482122267, 1.0839936997416515], "Sigma": [[0.009952054594097684, -0.0003882080500669797, -0.03436865270295717], [-0.00038820805006697977, 0.0006143861128024202, 0.0018627428910696659], [-0.03436865270295717, 0.0018627428910696655, 0.1545356006640334]], "chi2_level": 0.997, "chi2_df": 3, "chi2_threshold": 13.931422665512084, "N_raw": 9, "N_roi": 6, "N_inlier": 6, "refit": true}
{"timestamp": "14:50:00.390055", "frame": 20, "mu": [2.3648814725865344, 4.690451037251837, 0.9223689730257927], "Sigma": [[0.008576083664281755, 0.0023220848849629327, -0.00912557003227995], [0.0023220848849629327, 0.000793293305193625, -0.0033310698014603767], [-0.009125570032279953, -0.0033310698014603767, 0.019521750002493638]], "chi2_level": 0.997, "chi2_df": 3, "chi2_threshold": 13.931422665512084, "N_raw": 5, "N_roi": 5, "N_inlier": 5, "refit": true}
{"timestamp": "14:50:00.667465", "frame": 25, "mu": [2.1417365562040747, 4.539196146196674, 0.8429429179123386], "Sigma": [[0.014299354708141634, -0.007648331767010621, -0.006965187521520113], [-0.007648331767010621, 0.0067934487827453404, 0.004674803340077835], [-0.006965187521520112, 0.004674803340077835, 0.005533846411825075]], "chi2_level": 0.997, "chi2_df": 3, "chi2_threshold": 13.931422665512084, "N_raw": 19, "N_roi": 19, "N_inlier": 18, "refit": true}
{"timestamp": "14:50:01.271528", "frame": 36, "mu": [1.8699465863425466, 4.693961681785274, 0.18918536762493418], "Sigma": [[0.01019436269126873, -0.002461016141209706, -0.011350891891348792], [-0.002461016141209706, 0.0032054662328810887, 0.0007206390626723396], [-0.011350891891348793, 0.0007206390626723393, 0.02021540524092099]], "chi2_level": 0.997, "chi2_df": 3, "chi2_threshold": 13.931422665512084, "N_raw": 12, "N_roi": 12, "N_inlier": 12, "refit": true}
{"timestamp": "14:50:01.498391", "frame": 40, "mu": [1.6949343151070368, 4.536248398631764, 0.9875116775452932], "Sigma": [[0.031028184241919478, -0.018090623057243044, -0.03615383639057982], [-0.018090623057243044, 0.016887664187821814, 0.02383041428247317], [-0.03615383639057982, 0.02383041428247317, 0.051156817265599064]], "chi2_level": 0.997, "chi2_df": 3, "chi2_threshold": 13.931422665512084, "N_raw": 55, "N_roi": 49, "N_inlier": 48, "refit": true}
{"timestamp": "14:50:01.549211", "frame": 41, "mu": [1.613168381579485, 4.58766849588082, 1.2290787811345667], "Sigma": [[0.013431686686728323, -0.007431005440426505, -0.016233937691753787], [-0.007431005440426505, 0.011061465498023336, 0.020912942483017873], [-0.01623393769175379, 0.02091294248301787, 0.042192521907590735]], "chi2_level": 0.997, "chi2_df": 3, "chi2_threshold": 13.931422665512084, "N_raw": 26, "N_roi": 26, "N_inlier": 25, "refit": true}
{"timestamp": "14:50:01.605940", "frame": 42, "mu": [1.5582546319262645, 4.651508819976854, 0.3730844594430247], "Sigma": [[0.02792449654560051, -0.006612068182231383, -0.029317355007250023], [-0.006612068182231383, 0.00398439668317867, 0.01335227325171224], [-0.029317355007250023, 0.01335227325171224, 0.05458749022530514]], "chi2_level": 0.997, "chi2_df": 3, "chi2_threshold": 13.931422665512084, "N_raw": 39, "N_roi": 35, "N_inlier": 35, "refit": true}
{"timestamp": "14:50:01.661067", "frame": 43, "mu": [1.4957750521474351, 4.555599047074093, 1.0143156311572825], "Sigma": [[0.028236466021182287, -0.016400901841824148, -0.02040185223849724], [-0.016400901841824148, 0.018618841018199057, 0.022470666363232944], [-0.02040185223849724, 0.022470666363232944, 0.028520866627997174]], "chi2_level": 0.997, "chi2_df": 3, "chi2_threshold": 13.931422665512084, "N_raw": 44, "N_roi": 43, "N_inlier": 43, "refit": true}
{"timestamp": "14:50:01.821229", "frame": 46, "mu": [1.4035353913383597, 4.649114168519318, 1.1631412683250968], "Sigma": [[0.00639910004175311, -0.0015071412570421224, -0.005351161420421269], [-0.0015071412570421226, 0.005530334510583118, 0.006220273906870355], [-0.005351161420421271, 0.006220273906870355, 0.010284014519904466]], "chi2_level": 0.997, "chi2_df": 3, "chi2_threshold": 13.931422665512084, "N_raw": 9, "N_roi": 9, "N_inlier": 9, "refit": true}
{"timestamp": "14:50:01.877055", "frame": 47, "mu": [1.2630878527901834, 4.66537225928739, 1.1909479350198413], "Sigma": [[0.0021749038788359877, -0.004901336314767326, -0.00290956111418187], [-0.004901336314767326, 0.013452290955246287, 0.014424362418089014], [-0.00290956111418187, 0.014424362418089014, 0.18424859775156058]], "chi2_level": 0.997, "chi2_df": 3, "chi2_threshold": 13.931422665512084, "N_raw": 8, "N_roi": 6, "N_inlier": 6, "refit": true}
{"timestamp": "14:50:01.987308", "frame": 49, "mu": [1.1293329726086367, 4.7391082306998, 0.5180296004377221], "Sigma": [[0.004038188265124861, -0.0017090184711849882, -0.001187255944431862], [-0.001709018471184988, 0.0037168587847220603, -0.0016725544397459377], [-0.001187255944431862, -0.001672554439745938, 0.003181163149105164]], "chi2_level": 0.997, "chi2_df": 3, "chi2_threshold": 13.931422665512084, "N_raw": 10, "N_roi": 10, "N_inlier": 10, "refit": true}
{"timestamp": "14:50:02.152192", "frame": 52, "mu": [1.1536743498980597, 4.646220438489383, 1.071269115281277], "Sigma": [[0.0032004755037213653, 0.0029541008360689197, -0.0034958534528512523], [0.0029541008360689193, 0.003737148150525535, -0.0030602326910628627], [-0.0034958534528512523, -0.0030602326910628627, 0.007045261631219365]], "chi2_level": 0.997, "chi2_df": 3, "chi2_threshold": 13.931422665512084, "N_raw": 9, "N_roi": 5, "N_inlier": 5, "refit": true}
{"timestamp": "14:50:02.319906", "frame": 55, "mu": [1.078471672028579, 4.544684283351539, 0.8729736514816574], "Sigma": [[0.02153996910616869, -0.007739727123263674, -0.006641903864740882], [-0.007739727123263674, 0.006126979711448742, 0.002161922228223677], [-0.006641903864740882, 0.002161922228223677, 0.0038642587431875794]], "chi2_level": 0.997, "chi2_df": 3, "chi2_threshold": 13.931422665512084, "N_raw": 38, "N_roi": 35, "N_inlier": 35, "refit": true}
{"timestamp": "14:50:02.430609", "frame": 57, "mu": [0.9670767774135295, 4.599694752047561, 1.0312877603129789], "Sigma": [[0.021940994814386827, -0.0074227445617298686, -0.01757737758632769], [-0.007422744561729868, 0.005754787695943508, 0.00539914777425189], [-0.017577377586327693, 0.00539914777425189, 0.017851468737784343]], "chi2_level": 0.997, "chi2_df": 3, "chi2_threshold": 13.931422665512084, "N_raw": 38, "N_roi": 35, "N_inlier": 35, "refit": true}
{"timestamp": "14:50:02.485958", "frame": 58, "mu": [0.8855493895334519, 4.643049058192763, 1.17309658748533], "Sigma": [[0.019283391881329534, -0.004705032357536391, -0.015314298970047258], [-0.004705032357536391, 0.004929467290664816, 0.005677850842830399], [-0.015314298970047258, 0.005677850842830399, 0.01586147363510543]], "chi2_level": 0.997, "chi2_df": 3, "chi2_threshold": 13.931422665512084, "N_raw": 39, "N_roi": 32, "N_inlier": 31, "refit": true}
{"timestamp": "14:50:02.541722", "frame": 59, "mu": [0.8335787965085473, 4.629991967524611, 0.999151721743848], "Sigma": [[0.02181491504738895, -0.004735127303186076, -0.01103339900012788], [-0.004735127303186076, 0.004448081578731936, 0.00321983258998414], [-0.01103339900012788, 0.00321983258998414, 0.007271022495261746]], "chi2_level": 0.997, "chi2_df": 3, "chi2_threshold": 13.931422665512084, "N_raw": 35, "N_roi": 35, "N_inlier": 33, "refit": true}
{"timestamp": "14:50:02.592227", "frame": 60, "mu": [0.8179177900110018, 4.609735121341751, 0.7226994601539147], "Sigma": [[0.011841792066172708, -0.0037332773149099667, -0.001141297350599776], [-0.0037332773149099667, 0.0030384957895627372, 0.0014233159053255655], [-0.0011412973505997744, 0.0014233159053255655, 0.5068873400191471]], "chi2_level": 0.997, "chi2_df": 3, "chi2_threshold": 13.931422665512084, "N_raw": 14, "N_roi": 7, "N_inlier": 7, "refit": true}
{"timestamp": "14:50:02.759571", "frame": 63, "mu": [0.6583528036929147, 4.613137996753009, 1.111745160227609], "Sigma": [[0.012322924131008661, -0.003401381717201894, -0.00858528881443521], [-0.0034013817172018944, 0.004154204470849386, 0.002459070105483316], [-0.00858528881443521, 0.002459070105483316, 0.008024055084006118]], "chi2_level": 0.997, "chi2_df": 3, "chi2_threshold": 13.931422665512084, "N_raw": 29, "N_roi": 25, "N_inlier": 24, "refit": true}
{"timestamp": "14:50:02.812266", "frame": 64, "mu": [0.6478156513675812, 4.637340145428021, 0.8228496488367582], "Sigma": [[0.008507061080771764, 0.0022934256194047016, -0.035293875164450525], [0.002293425619404701, 0.00999490517641587, -0.037090140683440964], [-0.03529387516445052, -0.037090140683440964, 0.23045078931464663]], "chi2_level": 0.997, "chi2_df": 3, "chi2_threshold": 13.931422665512084, "N_raw": 7, "N_roi": 6, "N_inlier": 6, "refit": true}
{"timestamp": "14:50:02.866812", "frame": 65, "mu": [0.5814794641205323, 4.283195905975444, 1.217031453320244], "Sigma": [[0.03010562473279589, 0.1848759147590234, -0.03288255637994087], [0.1848759147590234, 1.2444317591460976, -0.19631824875018322], [-0.03288255637994087, -0.19631824875018322, 0.037755199761729794]], "chi2_level": 0.997, "chi2_df": 3, "chi2_threshold": 13.931422665512084, "N_raw": 8, "N_roi": 8, "N_inlier": 8, "refit": true}
{"timestamp": "14:50:02.926290", "frame": 66, "mu": [0.5076460470748216, 4.611832517248373, 1.2388509255059692], "Sigma": [[0.019701646009836683, -0.005109646302447663, -0.013548388636274266], [-0.005109646302447662, 0.007853155009309864, 0.007322343213932284], [-0.013548388636274266, 0.007322343213932283, 0.013553522215715574]], "chi2_level": 0.997, "chi2_df": 3, "chi2_threshold": 13.931422665512084, "N_raw": 46, "N_roi": 43, "N_inlier": 43, "refit": true}
{"timestamp": "14:50:02.976868", "frame": 67, "mu": [0.4599825195166931, 4.6235101343280975, 1.1648741233350017], "Sigma": [[0.00141386270210121, 0.0005303783133043976, -0.0006493714742910022], [0.0005303783133043976, 0.004876516766624325, 0.003160221269345741], [-0.000649371474291002, 0.003160221269345741, 0.003758584645316448]], "chi2_level": 0.997, "chi2_df": 3, "chi2_threshold": 13.931422665512084, "N_raw": 8, "N_roi": 5, "N_inlier": 5, "refit": true}
{"timestamp": "14:50:03.527154", "frame": 77, "mu": [0.06728496426575044, 4.313797678937753, 1.369289464543479], "Sigma": [[0.004942722249560595, 0.023373465998316287, -0.004692354364725629], [0.023373465998316287, 1.278019449065752, -0.2269368632050056], [-0.004692354364725629, -0.2269368632050056, 0.04520331403947994]], "chi2_level": 0.997, "chi2_df": 3, "chi2_threshold": 13.931422665512084, "N_raw": 9, "N_roi": 8, "N_inlier": 8, "refit": true}
{"timestamp": "14:50:03.583552", "frame": 78, "mu": [0.010413439309112963, 4.643672838675832, 1.2361986955635553], "Sigma": [[0.018554828827394343, -0.0007352915898371083, -0.006120146722741436], [-0.0007352915898371083, 0.0012573733048145414, -0.0008266651250446093], [-0.006120146722741436, -0.0008266651250446093, 0.005858921584616244]], "chi2_level": 0.997, "chi2_df": 3, "chi2_threshold": 13.931422665512084, "N_raw": 24, "N_roi": 24, "N_inlier": 23, "refit": true}
{"timestamp": "14:50:03.636387", "frame": 79, "mu": [0.0026482572276185917, 4.64262492748861, 0.855420555462665], "Sigma": [[0.0008749314230833885, 0.0003549887090335863, -0.011524687065248907], [0.00035498870903358633, 0.0030432430150097254, -0.00957666860966461], [-0.01152468706524891, -0.009576668609664609, 0.31178073485861524]], "chi2_level": 0.997, "chi2_df": 3, "chi2_threshold": 13.931422665512084, "N_raw": 6, "N_roi": 5, "N_inlier": 5, "refit": true}
{"timestamp": "14:50:03.694599", "frame": 80, "mu": [-0.06375372377192057, 4.562177906071945, 0.9433474912147964], "Sigma": [[0.01844130301699188, -0.0026148025997001054, -0.010960429035158448], [-0.0026148025997001054, 0.003775630165667265, 0.002584186197297699], [-0.010960429035158448, 0.002584186197297699, 0.008540307179514296]], "chi2_level": 0.997, "chi2_df": 3, "chi2_threshold": 13.931422665512084, "N_raw": 31, "N_roi": 31, "N_inlier": 31, "refit": true}
{"timestamp": "14:50:03.750514", "frame": 81, "mu": [-0.04437205259221941, 4.62940655182096, 0.39154132108678114], "Sigma": [[0.02419080463287139, 0.0008958520128172745, -0.009498159638846216], [0.0008958520128172745, 0.0013016882314961587, 0.001378081630662047], [-0.009498159638846216, 0.0013780816306620469, 0.00783048159564286]], "chi2_level": 0.997, "chi2_df": 3, "chi2_threshold": 13.931422665512084, "N_raw": 28, "N_roi": 26, "N_inlier": 26, "refit": true}
{"timestamp": "14:50:03.911363", "frame": 84, "mu": [-0.21396666367895897, 4.0064113741203595, 0.7717668964728307], "Sigma": [[0.0257968069561992, -0.19760958675257892, 0.08127977365081485], [-0.1976095867525789, 2.2880864524837747, -0.6228231384807644], [0.08127977365081483, -0.6228231384807644, 0.379159677176146]], "chi2_level": 0.997, "chi2_df": 3, "chi2_threshold": 13.931422665512084, "N_raw": 6, "N_roi": 6, "N_inlier": 6, "refit": true}
{"timestamp": "14:50:04.024163", "frame": 86, "mu": [-0.28418863795151333, 4.5706978393535005, 1.247491982749571], "Sigma": [[0.021620393492360147, 0.0007215330384398521, -0.008556132689727429], [0.0007215330384398521, 0.0024214819194241875, 0.0004620283498685373], [-0.008556132689727429, 0.00046202834986853726, 0.004880333415308048]], "chi2_level": 0.997, "chi2_df": 3, "chi2_threshold": 13.931422665512084, "N_raw": 28, "N_roi": 26, "N_inlier": 25, "refit": true}
{"timestamp": "14:50:04.076443", "frame": 87, "mu": [-0.33264879346150217, 4.522602701024199, 0.9243119986860148], "Sigma": [[0.0034994754116308134, -0.0005525684011580606, -2.768579596769936e-05], [-0.0005525684011580606, 0.0017074202048653984, -0.0025018771583942907], [-2.7685795967699307e-05, -0.0025018771583942907, 0.005048930344463441]], "chi2_level": 0.997, "chi2_df": 3, "chi2_threshold": 13.931422665512084, "N_raw": 10, "N_roi": 7, "N_inlier": 7, "refit": true}
{"timestamp": "14:50:04.134928", "frame": 88, "mu": [-0.42494120166602756, 4.477410474501084, 0.9882609580755428], "Sigma": [[0.026783829214374697, 0.0010990404972043022, -0.00880115625020458], [0.0010990404972043022, 0.0021626274755580112, -0.002750089498348526], [-0.008801156250204582, -0.002750089498348526, 0.0071011580453960105]], "chi2_level": 0.997, "chi2_df": 3, "chi2_threshold": 13.931422665512084, "N_raw": 39, "N_roi": 39, "N_inlier": 38, "refit": true}
{"timestamp": "14:50:04.296486", "frame": 91, "mu": [-0.45318575747167017, 3.919110109772591, 0.9313775457193901], "Sigma": [[0.058843846743720576, -0.35301067877498477, 0.08356771840989866], [-0.35301067877498477, 2.141875437166922, -0.4938322568717499], [0.08356771840989866, -0.4938322568717499, 0.12109680525838978]], "chi2_level": 0.997, "chi2_df": 3, "chi2_threshold": 13.931422665512084, "N_raw": 9, "N_roi": 5, "N_inlier": 5, "refit": true}
{"timestamp": "14:50:04.465842", "frame": 94, "mu": [-0.6446331190267957, 4.551936687788397, 1.1373444584097347], "Sigma": [[0.0303216590238317, 0.0024214186772919862, -0.010055117966335026], [0.0024214186772919862, 0.00255560292043736, -0.002988268224987355], [-0.010055117966335028, -0.002988268224987355, 0.007645895083651376]], "chi2_level": 0.997, "chi2_df": 3, "chi2_threshold": 13.931422665512084, "N_raw": 40, "N_roi": 37, "N_inlier": 37, "refit": true}
{"timestamp": "14:50:04.520642", "frame": 95, "mu": [-0.7772914646705412, 4.532757482896875, 1.008925204981407], "Sigma": [[0.020423497678881415, 0.0008248830917073097, 0.003933960978071451], [0.0008248830917073097, 0.004063646095576772, -0.011922667485579906], [0.003933960978071451, -0.011922667485579904, 0.09734436243820378]], "chi2_level": 0.997, "chi2_df": 3, "chi2_threshold": 13.931422665512084, "N_raw": 36, "N_roi": 36, "N_inlier": 36, "refit": true}
{"timestamp": "14:50:04.574246", "frame": 96, "mu": [-0.7851171698203283, 4.466860260349705, 1.070972850052446], "Sigma": [[0.0137851994958095, 0.003152990273839572, -0.025475219990185004], [0.003152990273839572, 0.0031673651018075764, -0.012728590149732318], [-0.025475219990185004, -0.012728590149732318, 0.10578688220631645]], "chi2_level": 0.997, "chi2_df": 3, "chi2_threshold": 13.931422665512084, "N_raw": 21, "N_roi": 17, "N_inlier": 17, "refit": true}
{"timestamp": "14:50:04.632402", "frame": 97, "mu": [-0.8663959908593108, 4.45867114394793, 1.1535663091615853], "Sigma": [[0.026510399761202123, 0.002315446778651307, -0.01106216798605122], [0.002315446778651307, 0.0024354333316942375, -0.0030191318063214536], [-0.01106216798605122, -0.003019131806321453, 0.008352301665920377]], "chi2_level": 0.997, "chi2_df": 3, "chi2_threshold": 13.931422665512084, "N_raw": 41, "N_roi": 37, "N_inlier": 37, "refit": true}
{"timestamp": "14:50:04.682770", "frame": 98, "mu": [-0.9413128198033787, 4.4667342754877035, 1.2296236974009176], "Sigma": [[0.012615627570525386, 0.0008400960330458404, -0.0035125749502195845], [0.0008400960330458405, 0.0011422783491352882, -0.0030155008063118198], [-0.0035125749502195845, -0.00301550080631182, 0.022882154548881956]], "chi2_level": 0.997, "chi2_df": 3, "chi2_threshold": 13.931422665512084, "N_raw": 17, "N_roi": 15, "N_inlier": 14, "refit": true}
{"timestamp": "14:50:04.842597", "frame": 100, "mu": [-0.9891392884763173, 4.470924779488349, 1.2197682747618561], "Sigma": [[0.012309009522043685, 0.001969727880479485, -0.008275308608787309], [0.0019697278804794846, 0.0019256342361435549, -0.0020504375705882234], [-0.008275308608787309, -0.002050437570588224, 0.0070149657305506145]], "chi2_level": 0.997, "chi2_df": 3, "chi2_threshold": 13.931422665512084, "N_raw": 22, "N_roi": 20, "N_inlier": 20, "refit": true}
{"timestamp": "14:50:04.846712", "frame": 101, "mu": [-0.9627479995873182, 4.567303027509382, 0.5552625861244926], "Sigma": [[0.004231629490074727, 0.0014529681947473717, -0.018956618560580778], [0.0014529681947473715, 0.0011490158844436875, -0.005149631390770005], [-0.018956618560580778, -0.005149631390770005, 0.10801804170052438]], "chi2_level": 0.997, "chi2_df": 3, "chi2_threshold": 13.931422665512084, "N_raw": 6, "N_roi": 6, "N_inlier": 6, "refit": true}
{"timestamp": "14:50:04.900337", "frame": 102, "mu": [-1.043705430113787, 4.501334521066967, 0.6545638530027891], "Sigma": [[0.001181619160378851, 0.000960664221789359, -0.013244282513393912], [0.000960664221789359, 0.003439694860325745, -0.013937831700092138], [-0.013244282513393916, -0.013937831700092138, 0.24878098099788806]], "chi2_level": 0.997, "chi2_df": 3, "chi2_threshold": 13.931422665512084, "N_raw": 5, "N_roi": 5, "N_inlier": 5, "refit": true}
{"timestamp": "14:50:04.958892", "frame": 103, "mu": [-1.1335798970728497, 4.479435246212071, 1.2162888565252992], "Sigma": [[0.0167258959121232, 0.0016880678916388915, -0.010321060227086162], [0.0016880678916388918, 0.003042526846984299, -0.0015164403245875036], [-0.010321060227086162, -0.0015164403245875038, 0.008141421952252714]], "chi2_level": 0.997, "chi2_df": 3, "chi2_threshold": 13.931422665512084, "N_raw": 31, "N_roi": 31, "N_inlier": 30, "refit": true}
{"timestamp": "14:50:05.013615", "frame": 104, "mu": [-1.1176329668075966, 4.474410585786945, 1.0518066882403727], "Sigma": [[0.01246984040247019, 0.0011340159782120298, -0.007075696564944308], [0.0011340159782120298, 0.0013889630480482995, -0.0019266358074291295], [-0.007075696564944308, -0.0019266358074291297, 0.007055103017409798]], "chi2_level": 0.997, "chi2_df": 3, "chi2_threshold": 13.931422665512084, "N_raw": 24, "N_roi": 22, "N_inlier": 20, "refit": true}
{"timestamp": "14:50:05.069615", "frame": 105, "mu": [-1.1672798720620108, 4.45998558420738, 1.0291746789976317], "Sigma": [[0.018848010854583375, 0.0021025960670265215, -0.008553509885132985], [0.0021025960670265215, 0.001688637167718557, -0.0027622925139498943], [-0.008553509885132985, -0.0027622925139498943, 0.007713255751140274]], "chi2_level": 0.997, "chi2_df": 3, "chi2_threshold": 13.931422665512084, "N_raw": 28, "N_roi": 25, "N_inlier": 25, "refit": true}
{"timestamp": "14:50:05.286213", "frame": 109, "mu": [-1.3524566165500025, 4.421984243714409, 0.9918043298270232], "Sigma": [[0.006088468325956616, 0.0007573422077059112, -0.0024552797879036892], [0.0007573422077059112, 0.0015079077282433712, -0.0013560298802016292], [-0.0024552797879036897, -0.0013560298802016292, 0.00351189754166583]], "chi2_level": 0.997, "chi2_df": 3, "chi2_threshold": 13.931422665512084, "N_raw": 10, "N_roi": 10, "N_inlier": 10, "refit": true}
{"timestamp": "14:50:05.340880", "frame": 110, "mu": [-1.4715288276796785, 4.415489806597544, 1.1096106442416147], "Sigma": [[0.003793409687274702, 0.0007258961749147615, -0.002255453466094033], [0.0007258961749147615, 0.000843446458161398, -0.0012541925159801006], [-0.002255453466094033, -0.0012541925159801006, 0.003594898669786851]], "chi2_level": 0.997, "chi2_df": 3, "chi2_threshold": 13.931422665512084, "N_raw": 9, "N_roi": 7, "N_inlier": 7, "refit": true}
{"timestamp": "14:50:05.451360", "frame": 112, "mu": [-1.2271457561908012, 4.030260585546061, 0.9967401362366994], "Sigma": [[0.2357658436480926, -0.6703170917524673, 0.10561930177891113], [-0.6703170917524672, 1.983618177102633, -0.41786701286328864], [0.10561930177891111, -0.41786701286328853, 0.2436649897975999]], "chi2_level": 0.997, "chi2_df": 3, "chi2_threshold": 13.931422665512084, "N_raw": 9, "N_roi": 7, "N_inlier": 7, "refit": true}
{"timestamp": "14:50:05.604210", "frame": 113, "mu": [-1.492378014509534, 4.46860116374555, 0.6652938072700548], "Sigma": [[0.012125384345692155, 0.011633365432950583, -0.041076068493966236], [0.011633365432950583, 0.014120898615637187, -0.040956626243788194], [-0.041076068493966236, -0.040956626243788194, 0.14120458802404678]], "chi2_level": 0.997, "chi2_df": 3, "chi2_threshold": 13.931422665512084, "N_raw": 6, "N_roi": 6, "N_inlier": 6, "refit": true}
{"timestamp": "14:50:05.666112", "frame": 115, "mu": [-1.6794746303758228, 4.424084537110452, 0.8364470641566008], "Sigma": [[0.0006663544445864878, -0.001876430241998771, 0.005391502286896827], [-0.001876430241998771, 0.010875131817742158, -0.03160041945345764], [0.005391502286896826, -0.03160041945345764, 0.1127510038272492]], "chi2_level": 0.997, "chi2_df": 3, "chi2_threshold": 13.931422665512084, "N_raw": 11, "N_roi": 7, "N_inlier": 7, "refit": true}
{"timestamp": "14:50:05.729350", "frame": 117, "mu": [-1.7003959059912273, 4.472410701832271, 1.234663407488923], "Sigma": [[0.026086074190575292, 0.006175020578912337, -0.01546184675300821], [0.006175020578912336, 0.004346189536865422, -0.0035051970284526884], [-0.015461846753008213, -0.003505197028452689, 0.010362216520875584]], "chi2_level": 0.997, "chi2_df": 3, "chi2_threshold": 13.931422665512084, "N_raw": 31, "N_roi": 30, "N_inlier": 30, "refit": true}
{"timestamp": "14:50:05.783905", "frame": 118, "mu": [-1.761398990100022, 4.483835389600125, 1.1257845331021907], "Sigma": [[0.029156574721755237, 0.008969032471088769, -0.010531583977173612], [0.008969032471088769, 0.0040389198084134145, -0.004416846640773114], [-0.010531583977173612, -0.004416846640773114, 0.00809152805024877]], "chi2_level": 0.997, "chi2_df": 3, "chi2_threshold": 13.931422665512084, "N_raw": 27, "N_roi": 27, "N_inlier": 26, "refit": true}
{"timestamp": "14:50:05.836208", "frame": 119, "mu": [-1.758553995393605, 4.387842590040052, 0.8407295987999455], "Sigma": [[0.0051491330520056925, 0.00237232091564559, -0.006490664544303149], [0.0023723209156455904, 0.009416859100126533, -0.0024038424008659383], [-0.006490664544303149, -0.0024038424008659375, 0.00962843437613387]], "chi2_level": 0.997, "chi2_df": 3, "chi2_threshold": 13.931422665512084, "N_raw": 9, "N_roi": 5, "N_inlier": 5, "refit": true}
{"timestamp": "14:50:05.891676", "frame": 120, "mu": [-1.884750164560747, 4.461726655583958, 1.142756786713657], "Sigma": [[0.006260290730187397, 0.0010199625506095281, -0.0012657607476637414], [0.0010199625506095281, 0.0030869830147692706, -0.0015154068180149595], [-0.0012657607476637416, -0.0015154068180149591, 0.0011170029638475952]], "chi2_level": 0.997, "chi2_df": 3, "chi2_threshold": 13.931422665512084, "N_raw": 10, "N_roi": 9, "N_inlier": 9, "refit": true}
{"timestamp": "14:50:06.002478", "frame": 122, "mu": [-1.9839450972628354, 4.429475595326625, 1.0851952379505012], "Sigma": [[0.010372256239328486, 0.005183396955575857, -0.008336136107048184], [0.005183396955575857, 0.004258581948276615, -0.006880025840873171], [-0.008336136107048184, -0.006880025840873171, 0.017605120922484646]], "chi2_level": 0.997, "chi2_df": 3, "chi2_threshold": 13.931422665512084, "N_raw": 17, "N_roi": 15, "N_inlier": 14, "refit": true}
{"timestamp": "14:50:06.058455", "frame": 123, "mu": [-2.063925371249248, 4.416113814145103, 1.1033201690000314], "Sigma": [[0.013810757233588027, 0.0034939662422408388, -0.009152692920175102], [0.0034939662422408388, 0.003242291456755972, -0.003388408671368499], [-0.009152692920175102, -0.003388408671368499, 0.009226294686414106]], "chi2_level": 0.997, "chi2_df": 3, "chi2_threshold": 13.931422665512084, "N_raw": 24, "N_roi": 21, "N_inlier": 21, "refit": true}
{"timestamp": "14:50:06.113970", "frame": 124, "mu": [-2.131267793891199, 4.393758165911361, 1.0781361207420146], "Sigma": [[0.022733451886304202, 0.006194882702258373, -0.016745406802537013], [0.006194882702258373, 0.004161984587453355, -0.0016662041102960068], [-0.016745406802537013, -0.0016662041102960068, 0.016980698918639122]], "chi2_level": 0.997, "chi2_df": 3, "chi2_threshold": 13.931422665512084, "N_raw": 23, "N_roi": 21, "N_inlier": 21, "refit": true}
{"timestamp": "14:50:06.168052", "frame": 125, "mu": [-2.1322890415765667, 4.436728629014806, 1.1391194966530507], "Sigma": [[0.01305585130219085, 0.004321806649942453, -0.015351819469291884], [0.004321806649942453, 0.002981600553241973, -0.004000789554758678], [-0.015351819469291884, -0.004000789554758678, 0.06508760630718845]], "chi2_level": 0.997, "chi2_df": 3, "chi2_threshold": 13.931422665512084, "N_raw": 16, "N_roi": 14, "N_inlier": 14, "refit": true}
{"timestamp": "14:50:06.498635", "frame": 131, "mu": [-2.3374861484061507, 4.44021682719622, 1.3621541370697834], "Sigma": [[0.006750890033428473, 0.0007895474305728619, -0.0012843280594845214], [0.000789547430572862, 0.003669463396520788, -0.0010068563503757074], [-0.0012843280594845214, -0.0010068563503757074, 0.0009834467888008114]], "chi2_level": 0.997, "chi2_df": 3, "chi2_threshold": 13.931422665512084, "N_raw": 24, "N_roi": 8, "N_inlier": 8, "refit": true}
{"timestamp": "14:50:06.552253", "frame": 132, "mu": [-2.390278256239355, 4.37091175890875, 1.292258744954708], "Sigma": [[0.005531806377461508, 0.001330972675997404, -0.005874588801462515], [0.001330972675997404, 0.003262661168045454, -0.0008070552576536512], [-0.005874588801462515, -0.0008070552576536511, 0.007936463834480156]], "chi2_level": 0.997, "chi2_df": 3, "chi2_threshold": 13.931422665512084, "N_raw": 19, "N_roi": 12, "N_inlier": 12, "refit": true}
