{"timestamp": "15:45:13.963200", "frame": 2, "mu": [1.0669369190783722, 1.3371521037664422, 1.5257377146472133], "Sigma": [[0.005408304616015737, -0.002235523117991147, -0.0014649705812408657], [-0.002235523117991147, 0.0019524917854023543, 0.0005514619683471928], [-0.0014649705812408657, 0.000551461968347193, 0.0005419900828153819]], "chi2_level": 0.997, "chi2_df": 3, "chi2_threshold": 13.931422665512084, "N_raw": 13, "N_roi": 13, "N_inlier": 13, "refit": true}
{"timestamp": "15:45:14.018366", "frame": 3, "mu": [1.1108565129731796, 1.3063717579523582, 1.4161511944734617], "Sigma": [[0.003032888608402313, -0.0006970342390422477, -0.006534589911822336], [-0.0006970342390422477, 0.0013853420165066104, 0.002630036666249144], [-0.006534589911822336, 0.002630036666249145, 0.04602227360907979]], "chi2_level": 0.997, "chi2_df": 3, "chi2_threshold": 13.931422665512084, "N_raw": 14, "N_roi": 14, "N_inlier": 14, "refit": true}
{"timestamp": "15:45:14.074046", "frame": 4, "mu": [1.1691993835642571, 1.174484847073811, 1.0237136346001914], "Sigma": [[0.012019737833949204, -0.009798523476774545, -0.024863653671734477], [-0.009798523476774545, 0.010874178882231012, 0.02547872163541659], [-0.024863653671734477, 0.025478721635416587, 0.06687390900847229]], "chi2_level": 0.997, "chi2_df": 3, "chi2_threshold": 13.931422665512084, "N_raw": 13, "N_roi": 13, "N_inlier": 12, "refit": true}
{"timestamp": "15:45:14.130777", "frame": 5, "mu": [1.1168933306761484, 1.2995094888880434, 1.3657993050045825], "Sigma": [[0.006184708657011929, -0.00260423774261308, -0.003486191365499388], [-0.0026042377426130797, 0.0026282383920423528, 0.00042329744874363513], [-0.0034861913654993886, 0.00042329744874363513, 0.0030307883536752084]], "chi2_level": 0.997, "chi2_df": 3, "chi2_threshold": 13.931422665512084, "N_raw": 33, "N_roi": 33, "N_inlier": 32, "refit": true}
{"timestamp": "15:45:14.187804", "frame": 6, "mu": [1.2329310068817787, 1.1519534267917124, 1.0808454834108534], "Sigma": [[0.006412496578277533, -0.0037234703872976154, -0.005906256872948581], [-0.003723470387297615, 0.0052474805129364395, 0.0006630323557786299], [-0.005906256872948581, 0.0006630323557786299, 0.010213165022563031]], "chi2_level": 0.997, "chi2_df": 3, "chi2_threshold": 13.931422665512084, "N_raw": 45, "N_roi": 45, "N_inlier": 44, "refit": true}
{"timestamp": "15:45:14.240041", "frame": 7, "mu": [1.1419093682798984, 1.218472106596108, 1.0319917252084208], "Sigma": [[0.00588783759675823, -0.004403912151381268, -0.020621301916594795], [-0.004403912151381268, 0.005843040214441926, 0.009617372131389532], [-0.020621301916594795, 0.009617372131389532, 0.15096886474562635]], "chi2_level": 0.997, "chi2_df": 3, "chi2_threshold": 13.931422665512084, "N_raw": 9, "N_roi": 9, "N_inlier": 9, "refit": true}
{"timestamp": "15:45:14.295962", "frame": 8, "mu": [1.147515395048458, 1.3078769449197445, 1.10816460669213], "Sigma": [[0.007117377342423727, -0.0031504002500153078, -0.010173062831121203], [-0.0031504002500153078, 0.005838159322033306, -0.005183661745371292], [-0.010173062831121203, -0.005183661745371293, 0.052898749250914194]], "chi2_level": 0.997, "chi2_df": 3, "chi2_threshold": 13.931422665512084, "N_raw": 19, "N_roi": 19, "N_inlier": 19, "refit": true}
{"timestamp": "15:45:14.350316", "frame": 9, "mu": [1.0896107941143671, 1.2427405425033102, 1.1873913759931913], "Sigma": [[0.01702233565706028, -0.009672654740968721, -0.031486608129503456], [-0.00967265474096872, 0.008377938487853684, 0.018775918293610836], [-0.031486608129503456, 0.018775918293610836, 0.060809195707626044]], "chi2_level": 0.997, "chi2_df": 3, "chi2_threshold": 13.931422665512084, "N_raw": 8, "N_roi": 8, "N_inlier": 8, "refit": true}
{"timestamp": "15:45:14.404561", "frame": 10, "mu": [1.1399717428679792, 1.2279502564318803, 1.1777935335565253], "Sigma": [[0.020091921998594598, -0.010344095407684132, -0.021939143800852226], [-0.010344095407684132, 0.006051963718633998, 0.01221356260273844], [-0.02193914380085223, 0.01221356260273844, 0.025974026616356404]], "chi2_level": 0.997, "chi2_df": 3, "chi2_threshold": 13.931422665512084, "N_raw": 6, "N_roi": 6, "N_inlier": 6, "refit": true}
{"timestamp": "15:45:14.462368", "frame": 11, "mu": [1.0931497506861978, 1.2896874140601933, 1.2202154268845988], "Sigma": [[0.009027600770922848, -0.004588487756285916, -0.015596017475313827], [-0.004588487756285916, 0.004390419825725611, 0.005998218226821801], [-0.015596017475313827, 0.0059982182268218005, 0.03468773351938824]], "chi2_level": 0.997, "chi2_df": 3, "chi2_threshold": 13.931422665512084, "N_raw": 26, "N_roi": 26, "N_inlier": 25, "refit": true}
{"timestamp": "15:45:14.524511", "frame": 12, "mu": [1.013298809675818, 1.2911679980315685, 1.318285322910618], "Sigma": [[0.010469429748563056, -0.0044735739172457965, -0.01418163593058005], [-0.004473573917245797, 0.0038415505441940813, 0.005054028793024347], [-0.01418163593058005, 0.005054028793024347, 0.03378139289437893]], "chi2_level": 0.997, "chi2_df": 3, "chi2_threshold": 13.931422665512084, "N_raw": 69, "N_roi": 69, "N_inlier": 69, "refit": true}
{"timestamp": "15:45:14.575819", "frame": 13, "mu": [0.9850148900756223, 1.263396200833486, 1.2720017412407156], "Sigma": [[0.008296970862631129, -0.0038870172347183, -0.008873210525605277], [-0.0038870172347183, 0.004690619977099451, 0.016247025646017276], [-0.008873210525605277, 0.01624702564601728, 0.13016046583067722]], "chi2_level": 0.997, "chi2_df": 3, "chi2_threshold": 13.931422665512084, "N_raw": 46, "N_roi": 46, "N_inlier": 44, "refit": true}
{"timestamp": "15:45:14.629924", "frame": 14, "mu": [0.9167027991286059, 1.3303588563813071, 1.4168557119490446], "Sigma": [[0.004821334996666248, -0.001726332348415801, -0.006451616635677194], [-0.0017263323484158011, 0.003547017351735388, 0.0010748115379544544], [-0.006451616635677194, 0.0010748115379544546, 0.02697309858834741]], "chi2_level": 0.997, "chi2_df": 3, "chi2_threshold": 13.931422665512084, "N_raw": 41, "N_roi": 41, "N_inlier": 40, "refit": true}
{"timestamp": "15:45:14.681830", "frame": 15, "mu": [0.8982807446284418, 1.2942434962837295, 1.4091626844198366], "Sigma": [[0.004846674114236514, -0.002907155368366888, -0.010242327310175072], [-0.002907155368366888, 0.004149747062048071, 0.00770712395801628], [-0.010242327310175072, 0.007707123958016281, 0.028643200617612632]], "chi2_level": 0.997, "chi2_df": 3, "chi2_threshold": 13.931422665512084, "N_raw": 19, "N_roi": 19, "N_inlier": 18, "refit": true}
{"timestamp": "15:45:14.736838", "frame": 16, "mu": [0.9489494190883877, 1.2925230915888812, 1.2933368597376789], "Sigma": [[0.01119058687630114, -0.0016138239373006545, -0.021233361689907755], [-0.0016138239373006545, 0.0009238697879889011, 0.002194565011392257], [-0.021233361689907755, 0.002194565011392256, 0.044385072073010456]], "chi2_level": 0.997, "chi2_df": 3, "chi2_threshold": 13.931422665512084, "N_raw": 21, "N_roi": 21, "N_inlier": 21, "refit": true}
{"timestamp": "15:45:14.793818", "frame": 17, "mu": [0.869144167919126, 1.2893397373768434, 1.44744493432455], "Sigma": [[0.004567209474372718, -0.0010809367914181198, -0.005174733334572393], [-0.00108093679141812, 0.0026897442055789705, 0.001076899088976695], [-0.005174733334572393, 0.001076899088976695, 0.011477430347034308]], "chi2_level": 0.997, "chi2_df": 3, "chi2_threshold": 13.931422665512084, "N_raw": 36, "N_roi": 36, "N_inlier": 33, "refit": true}
{"timestamp": "15:45:14.849894", "frame": 18, "mu": [0.8995870140751877, 1.2740625067400786, 1.395554092204769], "Sigma": [[0.007370597654291623, -0.0025480236516903206, -0.009978041381740192], [-0.002548023651690321, 0.002385468802616077, 0.002646963670236197], [-0.009978041381740192, 0.0026469636702361973, 0.016041781439281075]], "chi2_level": 0.997, "chi2_df": 3, "chi2_threshold": 13.931422665512084, "N_raw": 41, "N_roi": 41, "N_inlier": 39, "refit": true}
{"timestamp": "15:45:14.900463", "frame": 19, "mu": [0.9019143938524078, 1.1943152778544077, 1.050694054458848], "Sigma": [[0.005058433600288361, -0.002727622977659618, -0.020912048709210197], [-0.002727622977659618, 0.005868084667820335, 0.028201438008848372], [-0.020912048709210193, 0.028201438008848372, 0.21377270157735154]], "chi2_level": 0.997, "chi2_df": 3, "chi2_threshold": 13.931422665512084, "N_raw": 9, "N_roi": 9, "N_inlier": 9, "refit": true}
{"timestamp": "15:45:14.955669", "frame": 20, "mu": [0.9764767459415604, 1.1534871713784751, 0.8509782654690354], "Sigma": [[0.01990254473802205, -0.029368592589410984, -0.08587546113459348], [-0.029368592589410984, 0.05330697862860522, 0.14133287402902278], [-0.08587546113459348, 0.14133287402902278, 0.4582246880257678]], "chi2_level": 0.997, "chi2_df": 3, "chi2_threshold": 13.931422665512084, "N_raw": 14, "N_roi": 14, "N_inlier": 14, "refit": true}
{"timestamp": "15:45:15.009110", "frame": 21, "mu": [0.841959295794544, 1.210830351292353, 1.1119979364581254], "Sigma": [[0.00222880845450789, -0.0019871265747273543, -0.009925858212810425], [-0.0019871265747273543, 0.005946722682128691, 0.004143909116398237], [-0.009925858212810425, 0.004143909116398237, 0.08183888483269375]], "chi2_level": 0.997, "chi2_df": 3, "chi2_threshold": 13.931422665512084, "N_raw": 9, "N_roi": 9, "N_inlier": 9, "refit": true}
{"timestamp": "15:45:15.069557", "frame": 22, "mu": [0.8138813420667788, 1.229832964600611, 1.1892509815612886], "Sigma": [[0.0029108220439592485, -0.0019829862746401188, -0.003048349330928821], [-0.0019829862746401188, 0.0019301362466454112, 0.0027616969126268683], [-0.003048349330928821, 0.0027616969126268683, 0.023164471043512547]], "chi2_level": 0.997, "chi2_df": 3, "chi2_threshold": 13.931422665512084, "N_raw": 45, "N_roi": 45, "N_inlier": 41, "refit": true}
{"timestamp": "15:45:15.123532", "frame": 23, "mu": [0.8093827975486092, 1.2093783971019232, 1.2271406562825948], "Sigma": [[0.0026284595955694484, -0.0023569818072223226, -0.007970367209527525], [-0.0023569818072223226, 0.005775189443395642, 0.014684631868993745], [-0.007970367209527523, 0.014684631868993742, 0.053321961019559196]], "chi2_level": 0.997, "chi2_df": 3, "chi2_threshold": 13.931422665512084, "N_raw": 28, "N_roi": 28, "N_inlier": 26, "refit": true}
{"timestamp": "15:45:15.182671", "frame": 24, "mu": [0.7185400211044304, 1.2520622690293635, 1.2378025408489521], "Sigma": [[0.0044696026449175036, -0.002894522346628034, -0.010384544699762934], [-0.002894522346628034, 0.004081151040119032, 0.009319551847864026], [-0.010384544699762934, 0.009319551847864026, 0.07745303795120288]], "chi2_level": 0.997, "chi2_df": 3, "chi2_threshold": 13.931422665512084, "N_raw": 62, "N_roi": 62, "N_inlier": 61, "refit": true}
{"timestamp": "15:45:15.242008", "frame": 25, "mu": [0.7485998449358223, 1.2734954247769166, 1.35679074867346], "Sigma": [[0.007124686492225631, -0.00043170705723790965, -0.006911810507992345], [-0.00043170705723790954, 0.003572226974706723, 0.002593242239090297], [-0.006911810507992345, 0.002593242239090297, 0.04260181292311727]], "chi2_level": 0.997, "chi2_df": 3, "chi2_threshold": 13.931422665512084, "N_raw": 86, "N_roi": 86, "N_inlier": 84, "refit": true}
{"timestamp": "15:45:15.293013", "frame": 26, "mu": [0.6647204000612796, 1.2806210756467369, 1.4224143539534357], "Sigma": [[0.004172356175889271, -0.0008557991205011511, -0.0027556975830180155], [-0.0008557991205011509, 0.005847395465423604, 0.0025016484757252053], [-0.0027556975830180155, 0.0025016484757252053, 0.02201671307439976]], "chi2_level": 0.997, "chi2_df": 3, "chi2_threshold": 13.931422665512084, "N_raw": 60, "N_roi": 60, "N_inlier": 58, "refit": true}
{"timestamp": "15:45:15.349469", "frame": 27, "mu": [0.6351641893696773, 1.3244825850412898, 1.223888199344401], "Sigma": [[0.005388343672873564, -0.0030025346324690384, 0.009403144079875459], [-0.0030025346324690384, 0.0090891821860844, -0.029041809950975165], [0.009403144079875459, -0.029041809950975165, 0.14972303992452804]], "chi2_level": 0.997, "chi2_df": 3, "chi2_threshold": 13.931422665512084, "N_raw": 73, "N_roi": 73, "N_inlier": 72, "refit": true}
{"timestamp": "15:45:15.403826", "frame": 28, "mu": [0.6282313525470824, 1.2426242173374245, 1.2949448940277055], "Sigma": [[0.005873624033804846, -0.005065455195291706, -0.014983638077754446], [-0.005065455195291706, 0.012183927224830431, 0.02877597951551935], [-0.014983638077754446, 0.02877597951551935, 0.1686804778181019]], "chi2_level": 0.997, "chi2_df": 3, "chi2_threshold": 13.931422665512084, "N_raw": 62, "N_roi": 61, "N_inlier": 58, "refit": true}
{"timestamp": "15:45:15.458585", "frame": 29, "mu": [0.5898214111844678, 1.2752413132764902, 1.2878061646583552], "Sigma": [[0.004401395401002316, 7.175686045341045e-05, 0.0045132780719440765], [7.175686045341033e-05, 0.002968956846799682, 0.005139074654360287], [0.004513278071944076, 0.005139074654360287, 0.12302887693563873]], "chi2_level": 0.997, "chi2_df": 3, "chi2_threshold": 13.931422665512084, "N_raw": 56, "N_roi": 56, "N_inlier": 54, "refit": true}
{"timestamp": "15:45:15.506207", "frame": 30, "mu": [0.6024155994536021, 1.1709234337363785, 0.712849254879152], "Sigma": [[0.02444558132796828, -0.003179348875322962, -0.01844181773867392], [-0.003179348875322962, 0.012705716355805386, 0.06892676061292961], [-0.01844181773867392, 0.0689267606129296, 0.6095028340622056]], "chi2_level": 0.997, "chi2_df": 3, "chi2_threshold": 13.931422665512084, "N_raw": 11, "N_roi": 11, "N_inlier": 10, "refit": true}
{"timestamp": "15:45:15.571456", "frame": 31, "mu": [0.5517980605781599, 1.2077465323679502, 1.2009544513653703], "Sigma": [[0.0064705289423227725, -0.0033070668322876294, -0.013304051490822128], [-0.0033070668322876294, 0.005153936027922819, 0.012280666731546892], [-0.013304051490822128, 0.012280666731546892, 0.059040622128508635]], "chi2_level": 0.997, "chi2_df": 3, "chi2_threshold": 13.931422665512084, "N_raw": 85, "N_roi": 85, "N_inlier": 83, "refit": true}
{"timestamp": "15:45:15.621095", "frame": 32, "mu": [0.5292771905145927, 1.161455419259854, 0.837793349694435], "Sigma": [[0.009795255246491014, -0.006107869162423476, 0.015053992811634944], [-0.006107869162423476, 0.005965686093189433, -0.005621601408758488], [0.015053992811634944, -0.005621601408758489, 0.11241484980227094]], "chi2_level": 0.997, "chi2_df": 3, "chi2_threshold": 13.931422665512084, "N_raw": 41, "N_roi": 41, "N_inlier": 40, "refit": true}
{"timestamp": "15:45:15.678061", "frame": 33, "mu": [0.4323190708957983, 1.2353628720822112, 1.3920095413746998], "Sigma": [[0.0026375773391866617, -0.0002217575284388548, -0.001549375893222436], [-0.00022175752843885474, 0.003253881349776436, -0.003988211285838022], [-0.0015493758932224365, -0.003988211285838023, 0.007752096212969341]], "chi2_level": 0.997, "chi2_df": 3, "chi2_threshold": 13.931422665512084, "N_raw": 61, "N_roi": 61, "N_inlier": 57, "refit": true}
{"timestamp": "15:45:15.737904", "frame": 34, "mu": [0.45941140244902934, 1.2060082076488716, 1.2205087763059448], "Sigma": [[0.004126219439836861, -0.0013737089206794805, -0.009636006192174862], [-0.0013737089206794805, 0.004594640633918848, 0.011312714576849644], [-0.009636006192174862, 0.011312714576849644, 0.07940943611398713]], "chi2_level": 0.997, "chi2_df": 3, "chi2_threshold": 13.931422665512084, "N_raw": 92, "N_roi": 92, "N_inlier": 88, "refit": true}
{"timestamp": "15:45:15.788654", "frame": 35, "mu": [0.37659113537818717, 1.243801339225253, 1.3936304200005045], "Sigma": [[0.004548701086855911, -0.0008091487878005518, -0.00867956883568479], [-0.0008091487878005518, 0.003644580084440752, 0.004139866278360308], [-0.00867956883568479, 0.004139866278360308, 0.06580186762954665]], "chi2_level": 0.997, "chi2_df": 3, "chi2_threshold": 13.931422665512084, "N_raw": 62, "N_roi": 62, "N_inlier": 59, "refit": true}
{"timestamp": "15:45:15.847767", "frame": 36, "mu": [0.3759581119518776, 1.3357324520565048, -0.022647783791714688], "Sigma": [[0.0035082309884280007, -0.003419297083592939, 0.029937199777092305], [-0.003419297083592939, 0.011981248928714399, -0.07768858292626576], [0.029937199777092305, -0.07768858292626576, 0.6499043723026804]], "chi2_level": 0.997, "chi2_df": 3, "chi2_threshold": 13.931422665512084, "N_raw": 95, "N_roi": 95, "N_inlier": 94, "refit": true}
{"timestamp": "15:45:15.899363", "frame": 37, "mu": [0.36449816560432075, 1.1943357238453065, 1.2949337805241818], "Sigma": [[0.003547596656758705, -8.322746576911785e-05, -0.0023538372896946807], [-8.322746576911784e-05, 0.002432290429907705, -0.0008300987240624903], [-0.0023538372896946807, -0.0008300987240624903, 0.0573518645039462]], "chi2_level": 0.997, "chi2_df": 3, "chi2_threshold": 13.931422665512084, "N_raw": 60, "N_roi": 60, "N_inlier": 57, "refit": true}
{"timestamp": "15:45:15.959106", "frame": 38, "mu": [0.2850479832047158, 1.220785663482115, 1.3402414214997367], "Sigma": [[0.004804706824912982, -0.0005186983102134117, -0.007630569485981753], [-0.0005186983102134117, 0.0032363245913137936, 0.0007991127886925839], [-0.007630569485981753, 0.0007991127886925839, 0.03941018720511007]], "chi2_level": 0.997, "chi2_df": 3, "chi2_threshold": 13.931422665512084, "N_raw": 97, "N_roi": 97, "N_inlier": 95, "refit": true}
{"timestamp": "15:45:16.009843", "frame": 39, "mu": [0.25018217437121737, 1.19311881750471, 1.2367610778744142], "Sigma": [[0.0040109034316345655, -0.0015096027589837691, -0.011169651667777745], [-0.0015096027589837691, 0.004040213040027429, 0.010328071219694136], [-0.011169651667777745, 0.010328071219694136, 0.07187245206961301]], "chi2_level": 0.997, "chi2_df": 3, "chi2_threshold": 13.931422665512084, "N_raw": 75, "N_roi": 75, "N_inlier": 75, "refit": true}
{"timestamp": "15:45:16.064379", "frame": 40, "mu": [0.2491516372473596, 1.2563596775810209, 1.397613213227849], "Sigma": [[0.005883153624526387, -0.0003855111713608317, -0.005214925802214476], [-0.00038551117136083167, 0.0030734624823776833, -0.0011451191149826894], [-0.005214925802214476, -0.0011451191149826894, 0.006477080994211023]], "chi2_level": 0.997, "chi2_df": 3, "chi2_threshold": 13.931422665512084, "N_raw": 69, "N_roi": 68, "N_inlier": 65, "refit": true}
{"timestamp": "15:45:16.113782", "frame": 41, "mu": [0.11920156903213013, 1.2616531743290398, 1.3558019315926189], "Sigma": [[0.001399211358589241, -0.0004419427009738802, -0.004857900868562578], [-0.0004419427009738803, 0.003021880268755563, -0.012398934750550528], [-0.004857900868562578, -0.012398934750550528, 0.19381369424306197]], "chi2_level": 0.997, "chi2_df": 3, "chi2_threshold": 13.931422665512084, "N_raw": 27, "N_roi": 27, "N_inlier": 26, "refit": true}
{"timestamp": "15:45:16.166816", "frame": 42, "mu": [0.17535321052824301, 1.203715694771315, 0.7247248890469671], "Sigma": [[0.0017685580773277479, -0.00284831980644327, 0.010058419334373276], [-0.00284831980644327, 0.00768938274388119, -0.016145720229391883], [0.010058419334373276, -0.016145720229391883, 0.3340059243128402]], "chi2_level": 0.997, "chi2_df": 3, "chi2_threshold": 13.931422665512084, "N_raw": 16, "N_roi": 16, "N_inlier": 15, "refit": true}
{"timestamp": "15:45:16.223699", "frame": 43, "mu": [0.1443180545731545, 1.1716197671839486, 1.1676706048736987], "Sigma": [[0.0020096522605709682, -0.001962572287864366, -0.008119117704016958], [-0.001962572287864366, 0.015381022445577219, 0.008806253797410405], [-0.008119117704016958, 0.008806253797410405, 0.15242603769028215]], "chi2_level": 0.997, "chi2_df": 3, "chi2_threshold": 13.931422665512084, "N_raw": 37, "N_roi": 37, "N_inlier": 36, "refit": true}
{"timestamp": "15:45:16.279484", "frame": 44, "mu": [0.11235210885472043, 1.214476919351913, 1.2691961714219588], "Sigma": [[0.003020333426354141, 0.0012451067678507794, 0.008863230554899466], [0.0012451067678507794, 0.00662051706284609, 0.003928144574230543], [0.008863230554899465, 0.003928144574230543, 0.08943745259724586]], "chi2_level": 0.997, "chi2_df": 3, "chi2_threshold": 13.931422665512084, "N_raw": 38, "N_roi": 38, "N_inlier": 37, "refit": true}
{"timestamp": "15:45:16.332168", "frame": 45, "mu": [-0.04775180801219024, 1.3474851558631398, -0.13788017488752008], "Sigma": [[0.001736030710729955, -0.00016337551455382823, -0.0005902525325889557], [-0.00016337551455382828, 0.0017156807568487506, 0.00039589053742971703], [-0.0005902525325889559, 0.00039589053742971714, 0.00039366322923189]], "chi2_level": 0.997, "chi2_df": 3, "chi2_threshold": 13.931422665512084, "N_raw": 27, "N_roi": 27, "N_inlier": 24, "refit": true}
{"timestamp": "15:45:16.389803", "frame": 46, "mu": [-0.022242637597870873, 1.2376128875991976, 1.5153720939282036], "Sigma": [[0.0024077718992152153, -0.0007023653029626726, -0.0013194696013666437], [-0.0007023653029626726, 0.0030041158706956925, -0.0004693193710243568], [-0.0013194696013666437, -0.0004693193710243568, 0.0011049931813138768]], "chi2_level": 0.997, "chi2_df": 3, "chi2_threshold": 13.931422665512084, "N_raw": 42, "N_roi": 42, "N_inlier": 41, "refit": true}
{"timestamp": "15:45:16.450917", "frame": 47, "mu": [-0.028650757649204408, 1.1724281264844285, 1.1245213195553712], "Sigma": [[0.004361084399074805, -0.0018420216910988957, 0.002519728740952563], [-0.0018420216910988957, 0.0025771599750586184, -0.002048455460555658], [0.002519728740952563, -0.002048455460555658, 0.019258679957445513]], "chi2_level": 0.997, "chi2_df": 3, "chi2_threshold": 13.931422665512084, "N_raw": 82, "N_roi": 82, "N_inlier": 78, "refit": true}
{"timestamp": "15:45:16.502601", "frame": 48, "mu": [-0.09739830087667072, 1.2370856086982915, 1.318400211290142], "Sigma": [[0.002067788597151663, -0.0009099969678920384, -0.003947517016138387], [-0.0009099969678920384, 0.0047546464223129, 0.011391691992108342], [-0.003947517016138387, 0.011391691992108342, 0.1199473800512151]], "chi2_level": 0.997, "chi2_df": 3, "chi2_threshold": 13.931422665512084, "N_raw": 48, "N_roi": 48, "N_inlier": 46, "refit": true}
{"timestamp": "15:45:16.561744", "frame": 49, "mu": [-0.1565373395806382, 1.24476191929107, 1.4818707145006913], "Sigma": [[0.003718465198964062, -0.0004603048092597867, -0.0015059402726103738], [-0.0004603048092597869, 0.00452320300781978, -0.001962153432835986], [-0.001505940272610374, -0.001962153432835986, 0.001816571592571351]], "chi2_level": 0.997, "chi2_df": 3, "chi2_threshold": 13.931422665512084, "N_raw": 62, "N_roi": 62, "N_inlier": 60, "refit": true}
{"timestamp": "15:45:16.609411", "frame": 50, "mu": [-0.17472896101044508, 1.2366999446949918, 1.4035538626967883], "Sigma": [[0.002517182238774658, -0.00020409423404353023, -0.002050336640348511], [-0.00020409423404353028, 0.0013014813397137122, -0.0014307022877178546], [-0.002050336640348511, -0.0014307022877178546, 0.004799838737378228]], "chi2_level": 0.997, "chi2_df": 3, "chi2_threshold": 13.931422665512084, "N_raw": 41, "N_roi": 41, "N_inlier": 39, "refit": true}
{"timestamp": "15:45:16.664215", "frame": 51, "mu": [-0.20276460238719352, 1.1658868958356208, 1.2672726018511578], "Sigma": [[0.00159604311746355, -0.00011240233819457835, -0.0009072828230462303], [-0.00011240233819457835, 0.0014150339264441833, -0.0016547452712563672], [-0.0009072828230462303, -0.0016547452712563674, 0.003183283883603419]], "chi2_level": 0.997, "chi2_df": 3, "chi2_threshold": 13.931422665512084, "N_raw": 35, "N_roi": 35, "N_inlier": 33, "refit": true}
{"timestamp": "15:45:16.717968", "frame": 52, "mu": [-0.25405853345755464, 1.158152019457591, 1.3194302976802557], "Sigma": [[0.0024587133661397396, -0.0013780131269019056, -0.000769082195718861], [-0.0013780131269019056, 0.0032364249083694325, 0.00022152841009106551], [-0.000769082195718861, 0.00022152841009106551, 0.0004519877962013286]], "chi2_level": 0.997, "chi2_df": 3, "chi2_threshold": 13.931422665512084, "N_raw": 29, "N_roi": 29, "N_inlier": 28, "refit": true}
{"timestamp": "15:45:16.770911", "frame": 53, "mu": [-0.3099599060002819, 1.247167735492146, 1.3013117297582681], "Sigma": [[0.001927100677893996, -0.000843234487137933, -0.0025258729782243936], [-0.000843234487137933, 0.0037254969665120475, 3.80718937962507e-05], [-0.0025258729782243936, 3.807189379625067e-05, 0.00799920759144288]], "chi2_level": 0.997, "chi2_df": 3, "chi2_threshold": 13.931422665512084, "N_raw": 18, "N_roi": 18, "N_inlier": 17, "refit": true}
{"timestamp": "15:45:16.826942", "frame": 54, "mu": [-0.2988818057150614, 1.1651898523484703, 1.0274726702118042], "Sigma": [[0.003357198203686832, 0.0022393256025314986, 0.013522548015123061], [0.0022393256025314986, 0.004864661585100385, 0.02808959975798258], [0.013522548015123065, 0.02808959975798258, 0.24741118900016137]], "chi2_level": 0.997, "chi2_df": 3, "chi2_threshold": 13.931422665512084, "N_raw": 16, "N_roi": 16, "N_inlier": 16, "refit": true}
{"timestamp": "15:45:16.889944", "frame": 55, "mu": [-0.3307315952371344, 1.1533244697837808, 1.3064339951598276], "Sigma": [[0.0033687131343461095, -0.00019689498964991985, -0.0016167373640972524], [-0.00019689498964991988, 0.0021852479672641047, -0.0044335994063706705], [-0.0016167373640972522, -0.0044335994063706705, 0.012643066823795126]], "chi2_level": 0.997, "chi2_df": 3, "chi2_threshold": 13.931422665512084, "N_raw": 75, "N_roi": 75, "N_inlier": 72, "refit": true}
{"timestamp": "15:45:16.942412", "frame": 56, "mu": [-0.3883311759227882, 1.1933949584951344, 1.4702784820118435], "Sigma": [[0.0030638991017251137, -0.0008520899628602332, -0.0013110177118436385], [-0.0008520899628602332, 0.0038961118437708386, -0.0010934572238034458], [-0.0013110177118436385, -0.0010934572238034455, 0.006288274845160328]], "chi2_level": 0.997, "chi2_df": 3, "chi2_threshold": 13.931422665512084, "N_raw": 57, "N_roi": 57, "N_inlier": 55, "refit": true}
{"timestamp": "15:45:16.993971", "frame": 57, "mu": [-0.434204087909059, 1.2438072947414467, 1.3484892422699746], "Sigma": [[0.001518737031540419, 0.00037435471555176224, -0.0038537419924923708], [0.00037435471555176213, 0.004114368937094977, 0.007213826860475971], [-0.0038537419924923708, 0.007213826860475971, 0.03777792524664364]], "chi2_level": 0.997, "chi2_df": 3, "chi2_threshold": 13.931422665512084, "N_raw": 16, "N_roi": 16, "N_inlier": 16, "refit": true}
{"timestamp": "15:45:17.049711", "frame": 58, "mu": [-0.4346528106917736, 1.0894500246238608, 1.3591148349727977], "Sigma": [[0.0027422798360417183, -0.0011531035664904606, -0.002826969120338397], [-0.0011531035664904608, 0.0028324793590106434, 0.00021266241435325886], [-0.002826969120338397, 0.0002126624143532588, 0.0037066113197639717]], "chi2_level": 0.997, "chi2_df": 3, "chi2_threshold": 13.931422665512084, "N_raw": 40, "N_roi": 40, "N_inlier": 39, "refit": true}
{"timestamp": "15:45:17.110464", "frame": 59, "mu": [-0.4749965902835962, 1.142891652808206, 1.369431553411755], "Sigma": [[0.004071047611322055, 0.001172924832218178, -0.003492888116370707], [0.001172924832218178, 0.003962316062994718, -0.0055258496255191514], [-0.003492888116370707, -0.0055258496255191514, 0.011345697942912803]], "chi2_level": 0.997, "chi2_df": 3, "chi2_threshold": 13.931422665512084, "N_raw": 79, "N_roi": 79, "N_inlier": 77, "refit": true}
{"timestamp": "15:45:17.163380", "frame": 60, "mu": [-0.5395941606197858, 1.1320873083468392, 1.4140902603524192], "Sigma": [[0.003433997473829336, -7.459526053650911e-05, -0.001231675431621499], [-7.459526053650911e-05, 0.004807232475241294, -0.004323377047190114], [-0.001231675431621499, -0.0043233770471901144, 0.004984828010986955]], "chi2_level": 0.997, "chi2_df": 3, "chi2_threshold": 13.931422665512084, "N_raw": 69, "N_roi": 69, "N_inlier": 68, "refit": true}
{"timestamp": "15:45:17.218988", "frame": 61, "mu": [-0.5799610838197191, 1.0846958471993204, 1.3450682345547653], "Sigma": [[0.00400367877602774, -0.0013380730358272365, 0.00022882383842922846], [-0.0013380730358272365, 0.003326221830762888, -0.00321901363596442], [0.0002288238384292284, -0.00321901363596442, 0.0040198044843311855]], "chi2_level": 0.997, "chi2_df": 3, "chi2_threshold": 13.931422665512084, "N_raw": 65, "N_roi": 63, "N_inlier": 62, "refit": true}
{"timestamp": "15:45:17.272505", "frame": 62, "mu": [-0.6119527012901573, 1.1259751183039095, 1.4294201902031276], "Sigma": [[0.0027217216303815233, 0.00030672273968273807, -0.002376255643085134], [0.0003067227396827383, 0.0018413614159122711, -0.004123686721755063], [-0.0023762556430851345, -0.004123686721755063, 0.01720779845521314]], "chi2_level": 0.997, "chi2_df": 3, "chi2_threshold": 13.931422665512084, "N_raw": 57, "N_roi": 57, "N_inlier": 55, "refit": true}
{"timestamp": "15:45:17.321323", "frame": 63, "mu": [-0.8347267063668975, 1.0290383444079976, 1.5848753194164362], "Sigma": [[0.04518866856106189, 0.024533826390902798, -0.02616867613661124], [0.024533826390902798, 0.018503358861912688, -0.02061359643206391], [-0.02616867613661124, -0.02061359643206391, 0.02394199987929406]], "chi2_level": 0.997, "chi2_df": 3, "chi2_threshold": 13.931422665512084, "N_raw": 14, "N_roi": 14, "N_inlier": 13, "refit": true}
{"timestamp": "15:45:17.380952", "frame": 64, "mu": [-0.6960886580346626, 1.0949316657454329, 1.4534297375872727], "Sigma": [[0.004101869047721934, -0.0010170075224782144, 0.0005960676701457944], [-0.0010170075224782144, 0.0019825901337699823, -0.002285194814688545], [0.0005960676701457945, -0.002285194814688545, 0.003988013847035171]], "chi2_level": 0.997, "chi2_df": 3, "chi2_threshold": 13.931422665512084, "N_raw": 47, "N_roi": 47, "N_inlier": 47, "refit": true}
{"timestamp": "15:45:17.439128", "frame": 65, "mu": [-0.7774002086032915, 1.0868847056307995, 1.5373459716808042], "Sigma": [[0.021677225012610882, 0.008869289708260744, -0.020178827261739855], [0.008869289708260744, 0.008656406432889887, -0.009722194904986773], [-0.020178827261739852, -0.009722194904986773, 0.031071018661003747]], "chi2_level": 0.997, "chi2_df": 3, "chi2_threshold": 13.931422665512084, "N_raw": 72, "N_roi": 72, "N_inlier": 70, "refit": true}
{"timestamp": "15:45:17.496625", "frame": 66, "mu": [-0.8697956674116418, 1.0592523505713605, 1.6035665881523333], "Sigma": [[0.03070072578736633, 0.010659182122370634, -0.02256349653398177], [0.010659182122370634, 0.010718703361455579, -0.008093427031523177], [-0.02256349653398177, -0.008093427031523177, 0.027681012975204443]], "chi2_level": 0.997, "chi2_df": 3, "chi2_threshold": 13.931422665512084, "N_raw": 76, "N_roi": 76, "N_inlier": 72, "refit": true}
{"timestamp": "15:45:17.543541", "frame": 67, "mu": [-0.796977304862738, 1.0231702732912158, 1.2831202674444504], "Sigma": [[0.015032616587716487, 0.002454024772569442, -0.0243117603000184], [0.002454024772569443, 0.018971431841125236, 0.012952515158165995], [-0.0243117603000184, 0.012952515158165995, 0.07384111791768821]], "chi2_level": 0.997, "chi2_df": 3, "chi2_threshold": 13.931422665512084, "N_raw": 32, "N_roi": 32, "N_inlier": 30, "refit": true}
{"timestamp": "15:45:17.596070", "frame": 68, "mu": [-0.9911697677618294, 1.0240153298837749, 1.5099467270356985], "Sigma": [[0.058845026950294026, 0.029572580112914325, -0.06126976486554257], [0.029572580112914325, 0.017765017205458956, -0.02753428457559537], [-0.06126976486554257, -0.02753428457559537, 0.10527661536687904]], "chi2_level": 0.997, "chi2_df": 3, "chi2_threshold": 13.931422665512084, "N_raw": 16, "N_roi": 16, "N_inlier": 16, "refit": true}
{"timestamp": "15:45:17.654690", "frame": 69, "mu": [-0.9150746639281383, 1.0560298290169317, 1.205714359511829], "Sigma": [[0.004631393403566538, -0.001711123794302792, -0.0002212210628095197], [-0.0017111237943027917, 0.0155567720756971, -0.0426532490164431], [-0.00022122106280951992, -0.04265324901644311, 0.16075247391518596]], "chi2_level": 0.997, "chi2_df": 3, "chi2_threshold": 13.931422665512084, "N_raw": 45, "N_roi": 45, "N_inlier": 42, "refit": true}
{"timestamp": "15:45:17.713956", "frame": 70, "mu": [-0.9240131928823948, 0.9758214379177172, 1.3092594645867928], "Sigma": [[0.011977276622052188, 0.003989704293509043, -0.005322584968193716], [0.003989704293509042, 0.0074926430197738685, -0.006420680670037288], [-0.005322584968193716, -0.006420680670037288, 0.008023709781698658]], "chi2_level": 0.997, "chi2_df": 3, "chi2_threshold": 13.931422665512084, "N_raw": 70, "N_roi": 70, "N_inlier": 66, "refit": true}
{"timestamp": "15:45:17.770515", "frame": 71, "mu": [-1.0932336084843954, 0.9522953092693264, 1.464773005191137], "Sigma": [[0.0291450922227022, 0.009023384592076416, -0.022457909046423346], [0.009023384592076416, 0.007319697713729779, -0.008555542394507072], [-0.02245790904642335, -0.008555542394507072, 0.021161825304197943]], "chi2_level": 0.997, "chi2_df": 3, "chi2_threshold": 13.931422665512084, "N_raw": 76, "N_roi": 76, "N_inlier": 73, "refit": true}
{"timestamp": "15:45:17.824415", "frame": 72, "mu": [-0.9976560819894789, 1.017373707249845, 1.2445138940443508], "Sigma": [[0.029906434690792308, 0.014480216950041109, -0.046566620403661135], [0.014480216950041109, 0.008844045074588322, -0.02491434611695885], [-0.046566620403661135, -0.02491434611695885, 0.09741979402494388]], "chi2_level": 0.997, "chi2_df": 3, "chi2_threshold": 13.931422665512084, "N_raw": 73, "N_roi": 73, "N_inlier": 72, "refit": true}
{"timestamp": "15:45:17.877407", "frame": 73, "mu": [-1.1169400556544697, 0.9795082173262007, 1.5790134198089985], "Sigma": [[0.01600979639605774, 0.007180471272401392, -0.020022975306250954], [0.007180471272401392, 0.0068760120066143115, -0.007763365140066186], [-0.020022975306250954, -0.007763365140066186, 0.03400385450166348]], "chi2_level": 0.997, "chi2_df": 3, "chi2_threshold": 13.931422665512084, "N_raw": 61, "N_roi": 61, "N_inlier": 59, "refit": true}
{"timestamp": "15:45:17.937589", "frame": 74, "mu": [-1.169984712871985, 0.9390981878866319, 1.451345096229863], "Sigma": [[0.021716095609854505, 0.010529233024056952, -0.011890335370229379], [0.010529233024056952, 0.007910971930610076, -0.009313015024257692], [-0.011890335370229379, -0.009313015024257694, 0.014218660846360136]], "chi2_level": 0.997, "chi2_df": 3, "chi2_threshold": 13.931422665512084, "N_raw": 92, "N_roi": 92, "N_inlier": 88, "refit": true}
{"timestamp": "15:45:17.986509", "frame": 75, "mu": [-1.027140169676644, 1.3117974192845836, -0.7656276597827707], "Sigma": [[0.032307327234436564, 0.038635410677062276, -0.07589928073935764], [0.038635410677062276, 0.05197943878560554, -0.10034272182468762], [-0.07589928073935764, -0.10034272182468763, 0.22575506189932107]], "chi2_level": 0.997, "chi2_df": 3, "chi2_threshold": 13.931422665512084, "N_raw": 52, "N_roi": 41, "N_inlier": 41, "refit": true}
{"timestamp": "15:45:18.044310", "frame": 76, "mu": [-1.1537329303110824, 1.0806053155708286, 1.1623700017076988], "Sigma": [[0.03352292969174794, 0.019456769836803486, -0.09807580276663444], [0.019456769836803486, 0.014781849056933567, -0.06063338387850999], [-0.09807580276663444, -0.06063338387851, 0.3530896039965689]], "chi2_level": 0.997, "chi2_df": 3, "chi2_threshold": 13.931422665512084, "N_raw": 70, "N_roi": 70, "N_inlier": 70, "refit": true}
{"timestamp": "15:45:18.104100", "frame": 77, "mu": [-1.2061393710474493, 1.071006780617675, 1.4580893072141685], "Sigma": [[0.011166220984208315, 0.0066180143566068, -0.013788007619756206], [0.006618014356606798, 0.009683073114675514, -0.013123339150150157], [-0.013788007619756206, -0.013123339150150157, 0.026986658610557615]], "chi2_level": 0.997, "chi2_df": 3, "chi2_threshold": 13.931422665512084, "N_raw": 98, "N_roi": 91, "N_inlier": 87, "refit": true}
{"timestamp": "15:45:18.155004", "frame": 78, "mu": [-1.3315837867621305, 1.0223995107963832, -0.4114686834309651], "Sigma": [[0.013375737447227426, 0.009256177551759575, -0.002899642690955152], [0.009256177551759575, 0.017213267612145984, -0.0016146462084408362], [-0.002899642690955153, -0.0016146462084408362, 0.010061208949445585]], "chi2_level": 0.997, "chi2_df": 3, "chi2_threshold": 13.931422665512084, "N_raw": 73, "N_roi": 73, "N_inlier": 69, "refit": true}
{"timestamp": "15:45:18.206969", "frame": 79, "mu": [-1.3069195892878969, 1.051582150103724, 1.4685430831575819], "Sigma": [[0.015244008638126652, 0.0068922170188674995, -0.008550980023256608], [0.006892217018867499, 0.0064403141977338605, -0.0045950056561425996], [-0.008550980023256608, -0.0045950056561425996, 0.006111118289848595]], "chi2_level": 0.997, "chi2_df": 3, "chi2_threshold": 13.931422665512084, "N_raw": 60, "N_roi": 60, "N_inlier": 57, "refit": true}
{"timestamp": "15:45:18.265451", "frame": 80, "mu": [-1.3118927793318174, 0.9887156395485998, 1.0117846864412263], "Sigma": [[0.02667755059042041, 0.03639555910892671, -0.05075659827117865], [0.03639555910892671, 0.07108235432730517, -0.048238745466046964], [-0.05075659827117865, -0.048238745466046964, 0.2644374944997411]], "chi2_level": 0.997, "chi2_df": 3, "chi2_threshold": 13.931422665512084, "N_raw": 80, "N_roi": 65, "N_inlier": 63, "refit": true}
{"timestamp": "15:45:18.317532", "frame": 81, "mu": [-1.3625313030951247, 1.0676075051474143, 1.4709935041803286], "Sigma": [[0.02045669455970067, 0.013470547085275373, -0.01624113907750622], [0.013470547085275373, 0.012222429253820945, -0.011979281059075786], [-0.01624113907750622, -0.011979281059075786, 0.03403528921872519]], "chi2_level": 0.997, "chi2_df": 3, "chi2_threshold": 13.931422665512084, "N_raw": 49, "N_roi": 49, "N_inlier": 48, "refit": true}
{"timestamp": "15:45:18.378603", "frame": 82, "mu": [-1.3409885629407103, 1.0660266009716728, 1.4660163354149078], "Sigma": [[0.026208491206646905, 0.014039779659906264, -0.010049555316884787], [0.014039779659906264, 0.01174897495060029, -0.009348545045582675], [-0.01004955531688479, -0.009348545045582675, 0.009708472788409006]], "chi2_level": 0.997, "chi2_df": 3, "chi2_threshold": 13.931422665512084, "N_raw": 99, "N_roi": 99, "N_inlier": 98, "refit": true}
{"timestamp": "15:45:18.433076", "frame": 83, "mu": [-1.3820885942700933, 1.1630407166492622, -0.34706758736120247], "Sigma": [[0.022897426073990455, 0.01775577402078289, -0.0002037654491673427], [0.01775577402078289, 0.02029761276888359, -0.002486644112100002], [-0.00020376544916734314, -0.002486644112100002, 0.012203884898202833]], "chi2_level": 0.997, "chi2_df": 3, "chi2_threshold": 13.931422665512084, "N_raw": 96, "N_roi": 96, "N_inlier": 95, "refit": true}
{"timestamp": "15:45:18.485974", "frame": 84, "mu": [-1.422864633024224, 0.9851427320593562, 1.3766340622792492], "Sigma": [[0.022683719444778157, 0.014470834589060328, -0.007827325649498014], [0.014470834589060327, 0.018032876174362833, -0.00483597700915939], [-0.007827325649498014, -0.00483597700915939, 0.005574580174306335]], "chi2_level": 0.997, "chi2_df": 3, "chi2_threshold": 13.931422665512084, "N_raw": 83, "N_roi": 83, "N_inlier": 81, "refit": true}
{"timestamp": "15:45:18.542682", "frame": 85, "mu": [-1.4080613399181652, 1.070105447045237, 1.4412557715772953], "Sigma": [[0.01662459747682393, 0.0102192342799295, -0.0007726300853787866], [0.0102192342799295, 0.009811770509728443, -0.006603911793129391], [-0.0007726300853787865, -0.006603911793129391, 0.013736566700785468]], "chi2_level": 0.997, "chi2_df": 3, "chi2_threshold": 13.931422665512084, "N_raw": 93, "N_roi": 93, "N_inlier": 93, "refit": true}
{"timestamp": "15:45:18.594924", "frame": 86, "mu": [-1.4687282797362688, 1.0128468904478427, 1.4276300385285434], "Sigma": [[0.015372293966056933, 0.014435487791272647, -0.0006745174047261671], [0.014435487791272647, 0.016722000910581698, -0.004047226854280692], [-0.0006745174047261668, -0.004047226854280692, 0.017670204894702238]], "chi2_level": 0.997, "chi2_df": 3, "chi2_threshold": 13.931422665512084, "N_raw": 69, "N_roi": 69, "N_inlier": 66, "refit": true}
{"timestamp": "15:45:18.642266", "frame": 87, "mu": [-1.46591405015042, 1.1404469396668526, 1.461931050803409], "Sigma": [[0.021447951335911913, 0.014923091026335863, -0.017701233304691755], [0.014923091026335863, 0.013242749629393792, -0.01553344229261825], [-0.017701233304691755, -0.01553344229261825, 0.04113277549471922]], "chi2_level": 0.997, "chi2_df": 3, "chi2_threshold": 13.931422665512084, "N_raw": 25, "N_roi": 25, "N_inlier": 24, "refit": true}
