{"timestamp": "15:43:43.511624", "frame": 4, "mu": [1.8650090586350139, 0.8723841435929054, 1.1727416628157128], "Sigma": [[0.00041876066151950357, -0.00023206354455840018, -0.0009270283450797135], [-0.00023206354455840018, 0.0028858268802924546, -0.006921285916496887], [-0.0009270283450797136, -0.006921285916496887, 0.02875249335827889]], "chi2_level": 0.997, "chi2_df": 3, "chi2_threshold": 13.931422665512084, "N_raw": 5, "N_roi": 5, "N_inlier": 5, "refit": true}
{"timestamp": "15:43:43.896345", "frame": 11, "mu": [1.9026337881661013, 0.7691356639660045, 1.342358872547455], "Sigma": [[0.005832748334205586, -0.002732848551326731, -0.007212176216190613], [-0.002732848551326731, 0.0014864947376337916, 0.003475892970582692], [-0.007212176216190613, 0.0034758929705826923, 0.00901854927631624]], "chi2_level": 0.997, "chi2_df": 3, "chi2_threshold": 13.931422665512084, "N_raw": 5, "N_roi": 5, "N_inlier": 5, "refit": true}
{"timestamp": "15:43:44.009149", "frame": 13, "mu": [1.9201437821695762, 0.9591282428885102, -0.5666010456818132], "Sigma": [[0.004451848778912227, -0.00453635962854563, -0.005166069896659077], [-0.00453635962854563, 0.010498671336469536, 0.0011972785064979577], [-0.005166069896659077, 0.0011972785064979577, 0.011537860571422351]], "chi2_level": 0.997, "chi2_df": 3, "chi2_threshold": 13.931422665512084, "N_raw": 19, "N_roi": 19, "N_inlier": 19, "refit": true}
{"timestamp": "15:43:44.227830", "frame": 17, "mu": [1.9121275505267057, 0.6828276058279209, 1.2695563264570326], "Sigma": [[0.0022840596147640727, -0.0017569009231849309, -0.0028253605103484196], [-0.0017569009231849309, 0.006529549691967341, -0.0005485933386902193], [-0.0028253605103484196, -0.0005485933386902193, 0.005906086240579203]], "chi2_level": 0.997, "chi2_df": 3, "chi2_threshold": 13.931422665512084, "N_raw": 12, "N_roi": 12, "N_inlier": 12, "refit": true}
{"timestamp": "15:43:44.284269", "frame": 18, "mu": [1.8865202082992125, 0.7046321135502677, 1.2580539715488177], "Sigma": [[0.003420397520288814, -0.0036587289684400673, -0.0013652582087290404], [-0.003658728968440067, 0.012441834352699055, -0.0026734409419862356], [-0.0013652582087290404, -0.0026734409419862356, 0.003284631376512588]], "chi2_level": 0.997, "chi2_df": 3, "chi2_threshold": 13.931422665512084, "N_raw": 26, "N_roi": 26, "N_inlier": 24, "refit": true}
{"timestamp": "15:43:44.343847", "frame": 19, "mu": [1.875944188415685, 0.7100453155189338, 1.0938315588939904], "Sigma": [[0.0025275522724236433, -0.0029141901562373864, -0.002465418329805982], [-0.0029141901562373864, 0.012365685086925919, -0.005756437550041467], [-0.002465418329805982, -0.005756437550041467, 0.01391176865333889]], "chi2_level": 0.997, "chi2_df": 3, "chi2_threshold": 13.931422665512084, "N_raw": 33, "N_roi": 33, "N_inlier": 32, "refit": true}
{"timestamp": "15:43:44.451458", "frame": 21, "mu": [1.8701215565761748, 0.7178384258671789, 1.0507970474632273], "Sigma": [[0.0022180071314624864, -0.00401127167583193, -0.0028681831907813576], [-0.00401127167583193, 0.010028101117882413, 0.002455777344064554], [-0.0028681831907813576, 0.0024557773440645543, 0.015698962839052276]], "chi2_level": 0.997, "chi2_df": 3, "chi2_threshold": 13.931422665512084, "N_raw": 22, "N_roi": 22, "N_inlier": 21, "refit": true}
{"timestamp": "15:43:44.507883", "frame": 22, "mu": [1.8206855046365977, 0.6840839124003018, 1.248054223134449], "Sigma": [[0.004968368846052531, -0.007288378094708458, -0.0015543181695831685], [-0.007288378094708459, 0.01704154760292496, -0.0017150158013061639], [-0.0015543181695831685, -0.0017150158013061636, 0.0042500959323737274]], "chi2_level": 0.997, "chi2_df": 3, "chi2_threshold": 13.931422665512084, "N_raw": 33, "N_roi": 33, "N_inlier": 30, "refit": true}
{"timestamp": "15:43:44.561100", "frame": 23, "mu": [1.788506591086487, 0.957974291284546, -0.5801809211730312], "Sigma": [[0.0032222562566390895, -0.0005720513605341751, -0.003695740841726157], [-0.0005720513605341754, 0.010948267739205647, -0.0039165942539242365], [-0.003695740841726157, -0.003916594253924237, 0.009318777553657476]], "chi2_level": 0.997, "chi2_df": 3, "chi2_threshold": 13.931422665512084, "N_raw": 19, "N_roi": 19, "N_inlier": 19, "refit": true}
{"timestamp": "15:43:44.614363", "frame": 24, "mu": [1.606460147805961, 0.7005841574609686, 1.3311690618222691], "Sigma": [[0.20970267764670786, 0.08134222879300348, -0.06006574876440671], [0.08134222879300348, 0.03661122350857867, -0.03414895926208605], [-0.06006574876440671, -0.03414895926208604, 0.044892348019185895]], "chi2_level": 0.997, "chi2_df": 3, "chi2_threshold": 13.931422665512084, "N_raw": 8, "N_roi": 8, "N_inlier": 8, "refit": true}
{"timestamp": "15:43:44.670827", "frame": 25, "mu": [1.7513563130935816, 0.680982512879843, 1.0627307463941398], "Sigma": [[0.004477914815012954, -0.004326381390874021, -0.01052596191101457], [-0.004326381390874022, 0.00609211929346888, 0.0090398749755258], [-0.01052596191101457, 0.0090398749755258, 0.036938007455459845]], "chi2_level": 0.997, "chi2_df": 3, "chi2_threshold": 13.931422665512084, "N_raw": 17, "N_roi": 17, "N_inlier": 17, "refit": true}
{"timestamp": "15:43:44.725899", "frame": 26, "mu": [1.6747916558465827, 0.7313025428678271, 1.3309605103478608], "Sigma": [[0.00511623435903672, -0.004329076685835539, -0.00791173944513527], [-0.004329076685835539, 0.00883408308351529, 0.00950400843360916], [-0.00791173944513527, 0.00950400843360916, 0.03033371237297968]], "chi2_level": 0.997, "chi2_df": 3, "chi2_threshold": 13.931422665512084, "N_raw": 20, "N_roi": 20, "N_inlier": 20, "refit": true}
{"timestamp": "15:43:44.783252", "frame": 27, "mu": [1.6639189543086137, 0.6995763590897726, 1.3049777816537873], "Sigma": [[0.006939747707317044, -0.00889426214644326, -0.005004038232566579], [-0.00889426214644326, 0.016669987769824444, 0.003945611521730035], [-0.005004038232566579, 0.003945611521730035, 0.008923013878691287]], "chi2_level": 0.997, "chi2_df": 3, "chi2_threshold": 13.931422665512084, "N_raw": 40, "N_roi": 40, "N_inlier": 37, "refit": true}
{"timestamp": "15:43:44.834474", "frame": 28, "mu": [1.5945417102226667, 0.7374255808461042, 1.3437856864734161], "Sigma": [[0.010011993093740516, -0.01076819145803315, -0.01467985191897853], [-0.010768191458033148, 0.017333986937768026, 0.017443672040099258], [-0.01467985191897853, 0.017443672040099254, 0.02303822126153833]], "chi2_level": 0.997, "chi2_df": 3, "chi2_threshold": 13.931422665512084, "N_raw": 10, "N_roi": 10, "N_inlier": 10, "refit": true}
{"timestamp": "15:43:44.943400", "frame": 30, "mu": [1.5353575720292771, 0.6953724172187687, 1.2478707863096719], "Sigma": [[0.004538472188761716, -0.0034322160320172015, -0.010413700472771572], [-0.003432216032017202, 0.003511172653227279, 0.008512921592340168], [-0.010413700472771573, 0.008512921592340168, 0.025341328292123363]], "chi2_level": 0.997, "chi2_df": 3, "chi2_threshold": 13.931422665512084, "N_raw": 6, "N_roi": 6, "N_inlier": 6, "refit": true}
{"timestamp": "15:43:44.999873", "frame": 31, "mu": [1.5147353307495997, 0.7322877832155685, 1.2644418023305608], "Sigma": [[0.004014185987888931, -0.0019392368423750811, -0.007180905799985636], [-0.0019392368423750811, 0.001974350813094889, 0.003327359380114382], [-0.007180905799985636, 0.003327359380114382, 0.023799823169921647]], "chi2_level": 0.997, "chi2_df": 3, "chi2_threshold": 13.931422665512084, "N_raw": 10, "N_roi": 10, "N_inlier": 9, "refit": true}
{"timestamp": "15:43:45.057461", "frame": 32, "mu": [1.4696555295004126, 0.719996447883187, 1.260920762675297], "Sigma": [[0.0035766757267474978, -0.0035452778017575942, -0.007541260879530821], [-0.0035452778017575947, 0.0047355789826132545, 0.005061478258783612], [-0.007541260879530821, 0.005061478258783612, 0.027742484141908566]], "chi2_level": 0.997, "chi2_df": 3, "chi2_threshold": 13.931422665512084, "N_raw": 27, "N_roi": 27, "N_inlier": 26, "refit": true}
{"timestamp": "15:43:45.110256", "frame": 33, "mu": [1.5036136468154893, 0.7413674732248076, 0.9792821629730788], "Sigma": [[0.0006550644204925416, 8.889583449740325e-05, -0.0023465194725920888], [8.889583449740321e-05, 0.0011340053271963874, -0.00232933697265528], [-0.0023465194725920888, -0.0023293369726552797, 0.0623462554285275]], "chi2_level": 0.997, "chi2_df": 3, "chi2_threshold": 13.931422665512084, "N_raw": 10, "N_roi": 10, "N_inlier": 9, "refit": true}
{"timestamp": "15:43:45.165984", "frame": 34, "mu": [1.4698569933746897, 0.7449062834424801, 1.2906020546318329], "Sigma": [[0.0028204513150794455, -0.0012388661075873478, -0.004295658667366889], [-0.0012388661075873476, 0.0014031720314762028, 0.0009400380027712353], [-0.004295658667366889, 0.0009400380027712354, 0.009040202617069634]], "chi2_level": 0.997, "chi2_df": 3, "chi2_threshold": 13.931422665512084, "N_raw": 14, "N_roi": 14, "N_inlier": 13, "refit": true}
{"timestamp": "15:43:45.221423", "frame": 35, "mu": [1.438588809125938, 0.7267393053588541, 1.193757645167659], "Sigma": [[0.00359708808120563, -0.003513937008844793, -0.0033684502108743486], [-0.0035139370088447925, 0.009744920754805878, -0.013425830565849433], [-0.003368450210874349, -0.013425830565849433, 0.054573797514111004]], "chi2_level": 0.997, "chi2_df": 3, "chi2_threshold": 13.931422665512084, "N_raw": 20, "N_roi": 20, "N_inlier": 20, "refit": true}
{"timestamp": "15:43:45.276023", "frame": 36, "mu": [1.3686929758987196, 0.7629096825097065, 1.3476258747549408], "Sigma": [[0.0052392052670078805, -0.0009519773814039256, -0.010076679219817739], [-0.0009519773814039256, 0.0034308569480809145, -0.0012404179214782229], [-0.010076679219817737, -0.0012404179214782229, 0.02508293363766993]], "chi2_level": 0.997, "chi2_df": 3, "chi2_threshold": 13.931422665512084, "N_raw": 19, "N_roi": 19, "N_inlier": 19, "refit": true}
{"timestamp": "15:43:45.333975", "frame": 37, "mu": [1.3599765985995327, 0.7448780127588925, 1.3855794461794935], "Sigma": [[0.006151688909705561, -0.0042498186051535694, -0.005234070469431497], [-0.0042498186051535694, 0.005297297182598093, 0.0014083913006871778], [-0.005234070469431497, 0.0014083913006871778, 0.007334816774514209]], "chi2_level": 0.997, "chi2_df": 3, "chi2_threshold": 13.931422665512084, "N_raw": 39, "N_roi": 39, "N_inlier": 37, "refit": true}
{"timestamp": "15:43:45.385890", "frame": 38, "mu": [1.2598045881158924, 1.0579666697983625, -0.4707428157815749], "Sigma": [[0.007480474298769113, 0.008646617616802566, -0.02417351856393161], [0.008646617616802566, 0.0131186306192959, -0.02729466709544509], [-0.02417351856393161, -0.02729466709544509, 0.0911938417289185]], "chi2_level": 0.997, "chi2_df": 3, "chi2_threshold": 13.931422665512084, "N_raw": 8, "N_roi": 8, "N_inlier": 8, "refit": true}
{"timestamp": "15:43:45.440885", "frame": 39, "mu": [1.210033152742487, 0.8446590615515255, 1.408113441704747], "Sigma": [[0.0017020220832946436, 0.0004920791679077179, -0.006735041188125474], [0.0004920791679077179, 0.0050126584536032606, -0.004133711296492376], [-0.0067350411881254724, -0.004133711296492376, 0.059162495503789214]], "chi2_level": 0.997, "chi2_df": 3, "chi2_threshold": 13.931422665512084, "N_raw": 17, "N_roi": 17, "N_inlier": 16, "refit": true}
{"timestamp": "15:43:45.497046", "frame": 40, "mu": [1.2071206824630945, 0.7907085643813947, 1.42960622176815], "Sigma": [[0.002684599643426918, -0.0012869179734843973, -0.00628767871747536], [-0.0012869179734843975, 0.005674586437106264, 0.00802855155716321], [-0.00628767871747536, 0.00802855155716321, 0.02886726673150526]], "chi2_level": 0.997, "chi2_df": 3, "chi2_threshold": 13.931422665512084, "N_raw": 20, "N_roi": 20, "N_inlier": 18, "refit": true}
{"timestamp": "15:43:45.554339", "frame": 41, "mu": [1.2045972268479637, 0.756935336396356, 1.4016214222926204], "Sigma": [[0.004855384653462324, -0.0021986160170455876, -0.004259265388121382], [-0.0021986160170455885, 0.003223431670355729, -0.00024300852534613429], [-0.004259265388121382, -0.00024300852534613423, 0.007656416915138691]], "chi2_level": 0.997, "chi2_df": 3, "chi2_threshold": 13.931422665512084, "N_raw": 38, "N_roi": 38, "N_inlier": 37, "refit": true}
{"timestamp": "15:43:45.609099", "frame": 42, "mu": [1.1462431311725392, 0.7987708870031602, 1.4703527896135173], "Sigma": [[0.004927567809567562, -0.0019916706460281933, -0.0017815248447234566], [-0.001991670646028193, 0.00460220879281751, -0.00029893957340305563], [-0.0017815248447234566, -0.00029893957340305563, 0.0011003774893850746]], "chi2_level": 0.997, "chi2_df": 3, "chi2_threshold": 13.931422665512084, "N_raw": 35, "N_roi": 35, "N_inlier": 33, "refit": true}
{"timestamp": "15:43:45.663280", "frame": 43, "mu": [1.0431124031486783, 1.0011779071158662, -0.2555622501360562], "Sigma": [[0.0032262101548192123, -0.00027462992541950364, -0.0026800202849535447], [-0.00027462992541950364, 0.005505615745204127, -9.171973415264155e-05], [-0.0026800202849535447, -9.171973415264155e-05, 0.004922242733790984]], "chi2_level": 0.997, "chi2_df": 3, "chi2_threshold": 13.931422665512084, "N_raw": 33, "N_roi": 33, "N_inlier": 32, "refit": true}
{"timestamp": "15:43:45.722710", "frame": 44, "mu": [1.0524627148876833, 0.8568324738692118, 1.37779260913608], "Sigma": [[0.004977132564795055, -0.0029358387755794527, -0.00635693586774666], [-0.0029358387755794527, 0.004010929554739834, 0.0009436189506619252], [-0.00635693586774666, 0.0009436189506619253, 0.019507154276422554]], "chi2_level": 0.997, "chi2_df": 3, "chi2_threshold": 13.931422665512084, "N_raw": 57, "N_roi": 57, "N_inlier": 57, "refit": true}
{"timestamp": "15:43:45.779743", "frame": 45, "mu": [1.0124577893923623, 0.8622857502761446, 1.2789094987295584], "Sigma": [[0.006374044761744188, -0.002325735910038247, -0.015353904329441632], [-0.002325735910038247, 0.0036880194973102293, 0.004882624882251335], [-0.015353904329441632, 0.004882624882251335, 0.07206202272381171]], "chi2_level": 0.997, "chi2_df": 3, "chi2_threshold": 13.931422665512084, "N_raw": 69, "N_roi": 69, "N_inlier": 69, "refit": true}
{"timestamp": "15:43:45.829265", "frame": 46, "mu": [0.9630910910859847, 0.8584540479124663, 1.4904329113917028], "Sigma": [[0.004253313855298874, -0.001685680627966234, -0.0014027905858628306], [-0.0016856806279662339, 0.004659324303328739, -0.00021968925857931678], [-0.0014027905858628306, -0.00021968925857931678, 0.0007265522040764615]], "chi2_level": 0.997, "chi2_df": 3, "chi2_threshold": 13.931422665512084, "N_raw": 42, "N_roi": 42, "N_inlier": 40, "refit": true}
{"timestamp": "15:43:45.881032", "frame": 47, "mu": [0.9221915468873058, 0.98888615620658, -0.26907102995214915], "Sigma": [[0.003104032362491605, 0.000675204706688239, -0.0036155400982433045], [0.0006752047066882387, 0.0022470164591738844, -0.0028561469805167493], [-0.0036155400982433045, -0.0028561469805167493, 0.01632747094477297]], "chi2_level": 0.997, "chi2_df": 3, "chi2_threshold": 13.931422665512084, "N_raw": 18, "N_roi": 18, "N_inlier": 17, "refit": true}
{"timestamp": "15:43:45.939776", "frame": 48, "mu": [0.8736919529626839, 0.8800450996968014, 1.4264249588150482], "Sigma": [[0.0038562402278208073, -0.0006976153515751334, -0.0030587286822234506], [-0.0006976153515751334, 0.0018861697330109805, -0.0013530740182029013], [-0.0030587286822234506, -0.0013530740182029013, 0.0052868680371702505]], "chi2_level": 0.997, "chi2_df": 3, "chi2_threshold": 13.931422665512084, "N_raw": 42, "N_roi": 42, "N_inlier": 41, "refit": true}
{"timestamp": "15:43:45.994678", "frame": 49, "mu": [0.8437792483979472, 0.8524785153730824, 1.4536135365883234], "Sigma": [[0.0035050370705147003, -0.0005370270830627932, -0.0021242615299880046], [-0.0005370270830627933, 0.0031895135946442207, -0.0009128686409613902], [-0.002124261529988004, -0.0009128686409613901, 0.003632087584026903]], "chi2_level": 0.997, "chi2_df": 3, "chi2_threshold": 13.931422665512084, "N_raw": 42, "N_roi": 42, "N_inlier": 41, "refit": true}
{"timestamp": "15:43:46.045635", "frame": 50, "mu": [0.8889345774849376, 0.7917026497801739, 1.103137891279884], "Sigma": [[0.005859288926258768, 0.0003627571140863113, -0.006368288618125814], [0.0003627571140863111, 0.007720503170585028, 0.03532428324584833], [-0.006368288618125815, 0.03532428324584834, 0.2276556883413685]], "chi2_level": 0.997, "chi2_df": 3, "chi2_threshold": 13.931422665512084, "N_raw": 11, "N_roi": 11, "N_inlier": 11, "refit": true}
{"timestamp": "15:43:46.106266", "frame": 51, "mu": [0.8073852280946785, 0.8269184538808962, 1.4293693956709794], "Sigma": [[0.0050168873146286125, -0.0009757062255131363, -0.0031788919147854398], [-0.0009757062255131362, 0.00274960965032035, -0.001013868457772537], [-0.00317889191478544, -0.001013868457772537, 0.0037423682765427603]], "chi2_level": 0.997, "chi2_df": 3, "chi2_threshold": 13.931422665512084, "N_raw": 54, "N_roi": 54, "N_inlier": 52, "refit": true}
{"timestamp": "15:43:46.161175", "frame": 52, "mu": [0.747525338451281, 0.8148423272644668, 1.298709395572463], "Sigma": [[0.007214106590592142, -0.0025710175411909936, -0.021384406194680877], [-0.002571017541190993, 0.004041296010749475, 0.005768264668935116], [-0.021384406194680877, 0.005768264668935115, 0.08943328187277619]], "chi2_level": 0.997, "chi2_df": 3, "chi2_threshold": 13.931422665512084, "N_raw": 51, "N_roi": 51, "N_inlier": 51, "refit": true}
{"timestamp": "15:43:46.218052", "frame": 53, "mu": [0.7387414799096157, 0.820246018416692, -0.651894176514479], "Sigma": [[0.0037138735654922306, 0.00019459471514570868, -0.005613548632162258], [0.00019459471514570874, 0.0032404360929528617, 0.002862088962221624], [-0.005613548632162258, 0.002862088962221624, 0.04990224296447568]], "chi2_level": 0.997, "chi2_df": 3, "chi2_threshold": 13.931422665512084, "N_raw": 67, "N_roi": 67, "N_inlier": 64, "refit": true}
{"timestamp": "15:43:46.274093", "frame": 54, "mu": [0.7416982809069145, 0.7542419409657048, 1.3387252571716042], "Sigma": [[0.007002279103280474, -0.0018816439008513771, -0.007576421415210468], [-0.0018816439008513771, 0.003114844561307498, 0.0007369594118927472], [-0.007576421415210468, 0.000736959411892747, 0.013342684404601212]], "chi2_level": 0.997, "chi2_df": 3, "chi2_threshold": 13.931422665512084, "N_raw": 73, "N_roi": 73, "N_inlier": 71, "refit": true}
{"timestamp": "15:43:46.324999", "frame": 55, "mu": [0.6704088781034498, 0.7425926546521908, 1.4229398139205478], "Sigma": [[0.003674959002221383, -0.0008191788942779959, -0.004218804676588135], [-0.0008191788942779958, 0.002643182774543232, 0.00023291320396437527], [-0.004218804676588134, 0.00023291320396437532, 0.01688003788062207]], "chi2_level": 0.997, "chi2_df": 3, "chi2_threshold": 13.931422665512084, "N_raw": 42, "N_roi": 42, "N_inlier": 41, "refit": true}
{"timestamp": "15:43:46.381969", "frame": 56, "mu": [0.6265987143365984, 0.7534219831204326, 1.4151541494457427], "Sigma": [[0.004150843252077499, -0.0009130193134989188, -0.007977000279960537], [-0.0009130193134989189, 0.002923593797056406, 0.0033666617106787567], [-0.007977000279960539, 0.0033666617106787567, 0.03664419183970064]], "chi2_level": 0.997, "chi2_df": 3, "chi2_threshold": 13.931422665512084, "N_raw": 60, "N_roi": 60, "N_inlier": 56, "refit": true}
{"timestamp": "15:43:46.437004", "frame": 57, "mu": [0.5937084666040733, 0.74653305599831, 1.4253650632230035], "Sigma": [[0.0034230510935139014, -0.000517767243672474, -0.003092556661465608], [-0.000517767243672474, 0.0019243905490964972, -0.00107578894475089], [-0.003092556661465608, -0.00107578894475089, 0.009842484273307051]], "chi2_level": 0.997, "chi2_df": 3, "chi2_threshold": 13.931422665512084, "N_raw": 62, "N_roi": 62, "N_inlier": 59, "refit": true}
{"timestamp": "15:43:46.490788", "frame": 58, "mu": [0.5742904808062433, 0.8551432947161361, -0.36739418967675], "Sigma": [[0.002992078746706059, 0.00036062580435249135, -0.0032869588916709666], [0.00036062580435249135, 0.0021293760749453777, -0.003241361620110105], [-0.0032869588916709666, -0.0032413616201101047, 0.023659469300581833]], "chi2_level": 0.997, "chi2_df": 3, "chi2_threshold": 13.931422665512084, "N_raw": 45, "N_roi": 45, "N_inlier": 42, "refit": true}
{"timestamp": "15:43:46.541763", "frame": 59, "mu": [0.5475380010999963, 0.8705271149730682, -0.41752948503842], "Sigma": [[0.003866262023816393, 0.0022337480208912564, -0.007710676749336481], [0.0022337480208912564, 0.0032296849602542915, -0.00822169195561752], [-0.007710676749336481, -0.00822169195561752, 0.032026983132126714]], "chi2_level": 0.997, "chi2_df": 3, "chi2_threshold": 13.931422665512084, "N_raw": 24, "N_roi": 24, "N_inlier": 24, "refit": true}
{"timestamp": "15:43:46.607882", "frame": 60, "mu": [0.4956722361275045, 0.7581156998848428, 1.254764379934572], "Sigma": [[0.006176370867010369, -1.8383724481719493e-05, 0.005965664964657552], [-1.8383724481719533e-05, 0.002838653770620653, 0.001111872117766774], [0.005965664964657552, 0.001111872117766774, 0.08528693708052004]], "chi2_level": 0.997, "chi2_df": 3, "chi2_threshold": 13.931422665512084, "N_raw": 100, "N_roi": 100, "N_inlier": 100, "refit": true}
{"timestamp": "15:43:46.660840", "frame": 61, "mu": [0.5050684627904276, 0.7374167311841577, 1.2662990302579722], "Sigma": [[0.007519806863135514, 0.0010493918446083453, 0.007828922175076355], [0.0010493918446083453, 0.0028154483458131775, 0.0066862020973375924], [0.007828922175076355, 0.0066862020973375924, 0.06481329159125743]], "chi2_level": 0.997, "chi2_df": 3, "chi2_threshold": 13.931422665512084, "N_raw": 81, "N_roi": 81, "N_inlier": 80, "refit": true}
{"timestamp": "15:43:46.710696", "frame": 62, "mu": [0.46695869965513, 0.7320007165593571, 1.1471964673402286], "Sigma": [[0.005662136197749102, 0.00025268760041413435, 0.004731458014500338], [0.00025268760041413456, 0.0016082839950176666, 0.003928526963661818], [0.004731458014500338, 0.003928526963661818, 0.037198484618907846]], "chi2_level": 0.997, "chi2_df": 3, "chi2_threshold": 13.931422665512084, "N_raw": 53, "N_roi": 53, "N_inlier": 53, "refit": true}
{"timestamp": "15:43:46.760531", "frame": 63, "mu": [0.45525601607071664, 0.9473544020038206, -0.7945651507323949], "Sigma": [[0.00489785560860711, 0.003656603437988175, -0.016993899214122785], [0.003656603437988175, 0.014523917758232087, -0.0662877286694554], [-0.01699389921412279, -0.0662877286694554, 0.30876876246626433]], "chi2_level": 0.997, "chi2_df": 3, "chi2_threshold": 13.931422665512084, "N_raw": 9, "N_roi": 9, "N_inlier": 9, "refit": true}
{"timestamp": "15:43:46.820472", "frame": 64, "mu": [0.3378623933102671, 0.7672649808447861, 1.1454395902400338], "Sigma": [[0.002243765042700482, -0.0004974929095141458, -0.0021704646554032304], [-0.0004974929095141457, 0.002233553809449885, 0.00017340294706738612], [-0.0021704646554032304, 0.0001734029470673859, 0.09226276993363657]], "chi2_level": 0.997, "chi2_df": 3, "chi2_threshold": 13.931422665512084, "N_raw": 52, "N_roi": 52, "N_inlier": 51, "refit": true}
{"timestamp": "15:43:46.872051", "frame": 65, "mu": [0.31504295568906043, 0.7547169748144974, 1.1509700808469558], "Sigma": [[0.004960780066004775, -0.0008320811680363824, 0.0003306731761968443], [-0.0008320811680363824, 0.003996918019334905, 0.01029033162794142], [0.0003306731761968445, 0.01029033162794142, 0.32605770995110755]], "chi2_level": 0.997, "chi2_df": 3, "chi2_threshold": 13.931422665512084, "N_raw": 19, "N_roi": 19, "N_inlier": 18, "refit": true}
{"timestamp": "15:43:46.936826", "frame": 66, "mu": [0.3370640932707257, 0.7468852484523089, 1.2038301793730757], "Sigma": [[0.004795022283852727, 0.0005167049727018471, -3.305461642018532e-05], [0.0005167049727018471, 0.001871384747699847, 0.005373173776333118], [-3.305461642018494e-05, 0.005373173776333118, 0.07787384002703039]], "chi2_level": 0.997, "chi2_df": 3, "chi2_threshold": 13.931422665512084, "N_raw": 94, "N_roi": 94, "N_inlier": 92, "refit": true}
{"timestamp": "15:43:46.993001", "frame": 67, "mu": [0.28007190141740634, 0.7385720808856214, 1.0023951603884518], "Sigma": [[0.0035704454654763374, -0.0020050569799895533, -0.024528042304664086], [-0.0020050569799895533, 0.004379209966204985, 0.0253586672095113], [-0.024528042304664086, 0.0253586672095113, 0.3544623112366536]], "chi2_level": 0.997, "chi2_df": 3, "chi2_threshold": 13.931422665512084, "N_raw": 89, "N_roi": 89, "N_inlier": 88, "refit": true}
{"timestamp": "15:43:47.043297", "frame": 68, "mu": [0.2670802481147388, 0.7693548286860942, 1.3950370292456875], "Sigma": [[0.003293502550825834, -0.00010969719451477591, -0.004341269305923651], [-0.00010969719451477591, 0.001265694474293251, -0.0015645274568772038], [-0.004341269305923651, -0.001564527456877204, 0.00919561087900341]], "chi2_level": 0.997, "chi2_df": 3, "chi2_threshold": 13.931422665512084, "N_raw": 71, "N_roi": 71, "N_inlier": 68, "refit": true}
{"timestamp": "15:43:47.097747", "frame": 69, "mu": [0.19073486927050962, 0.8079096512140388, 1.391736942681448], "Sigma": [[0.0018902227144205147, -0.0011178040262216343, -0.003973416678970188], [-0.0011178040262216345, 0.005026446267186034, 0.0035800452701233113], [-0.003973416678970188, 0.0035800452701233113, 0.01876595715431979]], "chi2_level": 0.997, "chi2_df": 3, "chi2_threshold": 13.931422665512084, "N_raw": 64, "N_roi": 64, "N_inlier": 63, "refit": true}
{"timestamp": "15:43:47.154315", "frame": 70, "mu": [0.16852391451485185, 0.766459632193249, 1.3341826870620335], "Sigma": [[0.0017235333327055384, 2.82122225797494e-05, 0.00019237913060267284], [2.8212222579749415e-05, 0.0026791558248289095, 0.003771464266907786], [0.000192379130602673, 0.0037714642669077862, 0.02885841755398403]], "chi2_level": 0.997, "chi2_df": 3, "chi2_threshold": 13.931422665512084, "N_raw": 73, "N_roi": 73, "N_inlier": 71, "refit": true}
{"timestamp": "15:43:47.204922", "frame": 71, "mu": [0.09584634509456945, 0.7622574331978283, 1.3618090748393463], "Sigma": [[0.0015512191402868478, -0.0012921007929373486, -0.012975876690940663], [-0.0012921007929373486, 0.004805884332000247, 0.01681203011942336], [-0.01297587669094066, 0.016812030119423355, 0.2422368744416827]], "chi2_level": 0.997, "chi2_df": 3, "chi2_threshold": 13.931422665512084, "N_raw": 44, "N_roi": 44, "N_inlier": 43, "refit": true}
{"timestamp": "15:43:47.264579", "frame": 72, "mu": [0.07755570196211481, 0.803608359797513, 1.3838232078828756], "Sigma": [[0.0021182100338815093, -0.0002611198429530731, -0.0021714708174855636], [-0.0002611198429530731, 0.0007313349916839502, -0.0017230549688932195], [-0.0021714708174855636, -0.0017230549688932195, 0.011949767482484226]], "chi2_level": 0.997, "chi2_df": 3, "chi2_threshold": 13.931422665512084, "N_raw": 75, "N_roi": 75, "N_inlier": 71, "refit": true}
{"timestamp": "15:43:47.317242", "frame": 73, "mu": [0.051655994660272646, 0.7840135897994436, 1.392080880878121], "Sigma": [[0.0016794465878556708, 0.00012905451632974827, -0.0012551739819423957], [0.0001290545163297483, 0.0010911691408006456, -0.0024267370883954286], [-0.001255173981942396, -0.0024267370883954286, 0.007266128776434975]], "chi2_level": 0.997, "chi2_df": 3, "chi2_threshold": 13.931422665512084, "N_raw": 62, "N_roi": 62, "N_inlier": 60, "refit": true}
{"timestamp": "15:43:47.376694", "frame": 74, "mu": [0.030924305983357114, 0.782056689580579, 1.3009632181256792], "Sigma": [[0.0022945249736352536, 0.00042987965961583307, -0.0017782731263901368], [0.0004298796596158331, 0.0006640391204739182, 0.00030429874678445615], [-0.0017782731263901368, 0.0003042987467844562, 0.03237882913546701]], "chi2_level": 0.997, "chi2_df": 3, "chi2_threshold": 13.931422665512084, "N_raw": 84, "N_roi": 84, "N_inlier": 82, "refit": true}
{"timestamp": "15:43:47.418966", "frame": 75, "mu": [0.013487680048361966, 0.810474935029168, 1.322577464977364], "Sigma": [[0.005117924526974886, 0.004644324247559305, 0.020874897468021104], [0.004644324247559305, 0.0047586190874516305, 0.015584120693806353], [0.020874897468021104, 0.015584120693806353, 0.11087517207211398]], "chi2_level": 0.997, "chi2_df": 3, "chi2_threshold": 13.931422665512084, "N_raw": 6, "N_roi": 6, "N_inlier": 6, "refit": true}
{"timestamp": "15:43:47.473879", "frame": 76, "mu": [-0.17194939371959353, 0.7610652035773826, 1.3348585180974544], "Sigma": [[0.0003032681048658738, 0.00023557064836269236, -0.000473709466157815], [0.00023557064836269242, 0.001228975296265349, -0.001507484118019607], [-0.000473709466157815, -0.001507484118019607, 0.0023493222079397236]], "chi2_level": 0.997, "chi2_df": 3, "chi2_threshold": 13.931422665512084, "N_raw": 6, "N_roi": 6, "N_inlier": 6, "refit": true}
{"timestamp": "15:43:47.529105", "frame": 77, "mu": [-0.14512674924814342, 0.718377289362246, 1.2961933341452339], "Sigma": [[0.007791681050701966, -0.01677661074564061, 0.01046158906494519], [-0.016776610745640606, 0.04151755825546266, -0.020747840258406508], [0.01046158906494519, -0.020747840258406508, 0.10156699857960916]], "chi2_level": 0.997, "chi2_df": 3, "chi2_threshold": 13.931422665512084, "N_raw": 8, "N_roi": 8, "N_inlier": 8, "refit": true}
{"timestamp": "15:43:47.591496", "frame": 78, "mu": [-0.1676929946235242, 0.7725504110374731, 1.4079705592209195], "Sigma": [[0.002311117220979822, -0.0010478691742566192, 0.0008105220377388597], [-0.0010478691742566192, 0.0015775928784906455, -0.0021620447186542074], [0.0008105220377388597, -0.002162044718654207, 0.007984123890496504]], "chi2_level": 0.997, "chi2_df": 3, "chi2_threshold": 13.931422665512084, "N_raw": 63, "N_roi": 63, "N_inlier": 61, "refit": true}
{"timestamp": "15:43:47.642124", "frame": 79, "mu": [-0.23853282664378517, 0.7373490890997139, 1.303554954200413], "Sigma": [[0.001826656259302412, -0.00033097733697529097, 0.0167161207907093], [-0.000330977336975291, 0.0009803231320667013, 0.001954997206852698], [0.0167161207907093, 0.001954997206852699, 0.2910671786658039]], "chi2_level": 0.997, "chi2_df": 3, "chi2_threshold": 13.931422665512084, "N_raw": 21, "N_roi": 21, "N_inlier": 20, "refit": true}
{"timestamp": "15:43:47.704877", "frame": 80, "mu": [-0.20868702652632362, 0.7423859806328487, 1.3017470337429877], "Sigma": [[0.0019235669145428885, -0.000543975783315599, -0.0012871249399446318], [-0.000543975783315599, 0.0019005432889680803, -0.002693572740432316], [-0.0012871249399446316, -0.002693572740432316, 0.0122354693915272]], "chi2_level": 0.997, "chi2_df": 3, "chi2_threshold": 13.931422665512084, "N_raw": 81, "N_roi": 81, "N_inlier": 79, "refit": true}
{"timestamp": "15:43:47.757474", "frame": 81, "mu": [-0.2171839738342774, 0.7069002494377206, 1.3268049585174164], "Sigma": [[0.0017099622528064242, -0.0005229037089959062, -0.002096894850520453], [-0.0005229037089959062, 0.0006406410333405602, -0.000951455500256453], [-0.002096894850520453, -0.0009514555002564528, 0.010632274404781157]], "chi2_level": 0.997, "chi2_df": 3, "chi2_threshold": 13.931422665512084, "N_raw": 63, "N_roi": 63, "N_inlier": 59, "refit": true}
{"timestamp": "15:43:47.806722", "frame": 82, "mu": [-0.21992310659030861, 0.7493640972506609, 1.2551601146889375], "Sigma": [[0.0030058515716992248, 0.0008533449000695585, 0.000520300088109549], [0.0008533449000695584, 0.0015008858475827217, 0.0032813089246260547], [0.0005203000881095488, 0.0032813089246260547, 0.02499303029864662]], "chi2_level": 0.997, "chi2_df": 3, "chi2_threshold": 13.931422665512084, "N_raw": 16, "N_roi": 16, "N_inlier": 16, "refit": true}
{"timestamp": "15:43:47.862006", "frame": 83, "mu": [-0.2576297423852868, 0.9633015665167857, -0.6411799640382798], "Sigma": [[0.0014120645797610937, -0.0009649518959854094, 0.002070999059709571], [-0.0009649518959854094, 0.02109585065880202, -0.05589431867527596], [0.0020709990597095706, -0.05589431867527596, 0.15099866366270562]], "chi2_level": 0.997, "chi2_df": 3, "chi2_threshold": 13.931422665512084, "N_raw": 20, "N_roi": 20, "N_inlier": 17, "refit": true}
{"timestamp": "15:43:47.924262", "frame": 84, "mu": [-0.3143991344288244, 0.6730646688510833, 1.3127850534430394], "Sigma": [[0.0016443642066414695, -0.00029009566197552223, -0.00018287478807958008], [-0.00029009566197552223, 0.0005291860891474506, -0.0013302453674527146], [-0.00018287478807958008, -0.0013302453674527144, 0.012940948509459422]], "chi2_level": 0.997, "chi2_df": 3, "chi2_threshold": 13.931422665512084, "N_raw": 70, "N_roi": 67, "N_inlier": 66, "refit": true}
{"timestamp": "15:43:47.976221", "frame": 85, "mu": [-0.3582981664171423, 0.7506063504349282, 1.4208184922194316], "Sigma": [[0.0019299939486340128, 0.0006970707405666046, -0.0034054516935983206], [0.0006970707405666046, 0.0023352536137782676, -0.005002214045529445], [-0.0034054516935983206, -0.005002214045529445, 0.014814817462191302]], "chi2_level": 0.997, "chi2_df": 3, "chi2_threshold": 13.931422665512084, "N_raw": 56, "N_roi": 56, "N_inlier": 56, "refit": true}
{"timestamp": "15:43:48.027168", "frame": 86, "mu": [-0.40522342009874196, 0.6680365921195751, 1.4175072230771588], "Sigma": [[0.0018920711001478615, -0.0005599387975365639, -0.0060476919746505955], [-0.0005599387975365639, 0.0008704261146409328, 0.002754082986141955], [-0.006047691974650596, 0.002754082986141955, 0.06713421841149124]], "chi2_level": 0.997, "chi2_df": 3, "chi2_threshold": 13.931422665512084, "N_raw": 21, "N_roi": 21, "N_inlier": 19, "refit": true}
{"timestamp": "15:43:48.091510", "frame": 87, "mu": [-0.4914118345572835, 0.674709156712776, 1.4511350601260937], "Sigma": [[0.01194465393717776, 0.0017699002129346532, -0.01266415759486723], [0.0017699002129346537, 0.0025463360910147983, -0.0009449315429416002], [-0.012664157594867227, -0.0009449315429416001, 0.032003900372651134]], "chi2_level": 0.997, "chi2_df": 3, "chi2_threshold": 13.931422665512084, "N_raw": 96, "N_roi": 96, "N_inlier": 92, "refit": true}
{"timestamp": "15:43:48.140684", "frame": 88, "mu": [-0.47291665228289653, 0.6175736855526357, 1.264473233775799], "Sigma": [[0.01888472681483106, 0.0019112989437944394, -0.02127419118211612], [0.0019112989437944394, 0.0032609979942967993, -0.006638334641816712], [-0.021274191182116122, -0.006638334641816712, 0.05811471841705507]], "chi2_level": 0.997, "chi2_df": 3, "chi2_threshold": 13.931422665512084, "N_raw": 45, "N_roi": 42, "N_inlier": 39, "refit": true}
{"timestamp": "15:43:48.192966", "frame": 89, "mu": [-0.7007578494212029, 0.5997363031941507, 1.5850137515393639], "Sigma": [[0.028527270134893083, 0.008777112466344189, -0.03493039106181947], [0.008777112466344189, 0.003518616381682744, -0.010519129977756064], [-0.03493039106181947, -0.010519129977756064, 0.060415431521392414]], "chi2_level": 0.997, "chi2_df": 3, "chi2_threshold": 13.931422665512084, "N_raw": 32, "N_roi": 32, "N_inlier": 30, "refit": true}
{"timestamp": "15:43:48.253807", "frame": 90, "mu": [-0.7252409918907798, 0.6404756918354463, 1.6515299491471307], "Sigma": [[0.015675184926697727, 0.004897413274546272, -0.011576156961970358], [0.004897413274546271, 0.004145477161075343, -0.005318852103000659], [-0.011576156961970358, -0.005318852103000659, 0.013150301349622827]], "chi2_level": 0.997, "chi2_df": 3, "chi2_threshold": 13.931422665512084, "N_raw": 75, "N_roi": 75, "N_inlier": 71, "refit": true}
{"timestamp": "15:43:48.309607", "frame": 91, "mu": [-0.7253731156374486, 0.6372152669687988, 1.6343703127990143], "Sigma": [[0.018419429792020683, 0.005677561058264863, -0.012835369853745261], [0.005677561058264863, 0.003886996109479288, -0.006031442178100663], [-0.012835369853745261, -0.006031442178100662, 0.01409498440791251]], "chi2_level": 0.997, "chi2_df": 3, "chi2_threshold": 13.931422665512084, "N_raw": 70, "N_roi": 70, "N_inlier": 67, "refit": true}
{"timestamp": "15:43:48.359221", "frame": 92, "mu": [-0.6588209070000509, 0.8477142255200454, -0.5784160315437153], "Sigma": [[0.012038176367695578, 0.012658175665785382, -0.02789723723797471], [0.012658175665785382, 0.01863425621335304, -0.04364605863030557], [-0.02789723723797471, -0.043646058630305566, 0.11142603196733317]], "chi2_level": 0.997, "chi2_df": 3, "chi2_threshold": 13.931422665512084, "N_raw": 36, "N_roi": 36, "N_inlier": 36, "refit": true}
{"timestamp": "15:43:48.412063", "frame": 93, "mu": [-0.7939450839785482, 0.6393982264206115, 1.544274132334385], "Sigma": [[0.013342150668930111, 0.008522213656841061, -0.022299419172324336], [0.008522213656841061, 0.007691461546411692, -0.021307121485976122], [-0.022299419172324336, -0.021307121485976122, 0.20179238106436023]], "chi2_level": 0.997, "chi2_df": 3, "chi2_threshold": 13.931422665512084, "N_raw": 25, "N_roi": 25, "N_inlier": 24, "refit": true}
{"timestamp": "15:43:48.470027", "frame": 94, "mu": [-0.85897585399764, 0.615369165850384, 1.695598196959891], "Sigma": [[0.010236749258626785, 0.0014272128139091998, -0.01713291476286235], [0.0014272128139092, 0.004591228368460384, -0.0028824682261176593], [-0.017132914762862345, -0.0028824682261176593, 0.042134243894332526]], "chi2_level": 0.997, "chi2_df": 3, "chi2_threshold": 13.931422665512084, "N_raw": 45, "N_roi": 45, "N_inlier": 42, "refit": true}
{"timestamp": "15:43:48.531166", "frame": 95, "mu": [-0.9020080759050798, 0.6009709225460528, 1.6495691857496535], "Sigma": [[0.012690465561750167, 0.0032438282146352673, -0.00743762572367009], [0.003243828214635267, 0.004508978124855757, -0.005339171168960655], [-0.007437625723670091, -0.005339171168960655, 0.009818082624047163]], "chi2_level": 0.997, "chi2_df": 3, "chi2_threshold": 13.931422665512084, "N_raw": 80, "N_roi": 80, "N_inlier": 78, "refit": true}
{"timestamp": "15:43:48.578621", "frame": 96, "mu": [-0.9254467219236855, 0.6148783895027132, 1.67035258327362], "Sigma": [[0.005986732306633534, 0.0013449800378557996, -0.004168586922376755], [0.0013449800378557996, 0.002672232284898075, -0.003693584040076926], [-0.004168586922376754, -0.003693584040076926, 0.00861942683533642]], "chi2_level": 0.997, "chi2_df": 3, "chi2_threshold": 13.931422665512084, "N_raw": 35, "N_roi": 35, "N_inlier": 34, "refit": true}
{"timestamp": "15:43:48.634152", "frame": 97, "mu": [-0.9549795917886679, 0.6237642280437423, 1.5964297923173663], "Sigma": [[0.008792005470331432, 0.003062606569753594, -0.00463125576670804], [0.003062606569753594, 0.002620566252041045, -0.004907359695741339], [-0.00463125576670804, -0.004907359695741339, 0.016167098679654344]], "chi2_level": 0.997, "chi2_df": 3, "chi2_threshold": 13.931422665512084, "N_raw": 43, "N_roi": 43, "N_inlier": 41, "refit": true}
{"timestamp": "15:43:48.694802", "frame": 98, "mu": [-0.9753666204467204, 0.6318337558732086, 1.5926967333038793], "Sigma": [[0.0071021352100925726, 0.0013953737257110127, -0.0024407837004013196], [0.0013953737257110127, 0.005836998853804491, -0.004964369013771576], [-0.0024407837004013196, -0.004964369013771576, 0.0050978455116870245]], "chi2_level": 0.997, "chi2_df": 3, "chi2_threshold": 13.931422665512084, "N_raw": 79, "N_roi": 79, "N_inlier": 78, "refit": true}
{"timestamp": "15:43:48.746468", "frame": 99, "mu": [-0.9348093791918758, 0.629609806244496, 1.4415999859294553], "Sigma": [[0.0068219709974161715, 0.005469944499707476, -0.006410932710935881], [0.005469944499707476, 0.008522195225244937, -0.007965615693312668], [-0.006410932710935881, -0.00796561569331267, 0.010040570151784715]], "chi2_level": 0.997, "chi2_df": 3, "chi2_threshold": 13.931422665512084, "N_raw": 51, "N_roi": 51, "N_inlier": 49, "refit": true}
{"timestamp": "15:43:48.892471", "frame": 100, "mu": [-0.9975291748869575, 0.6388517512490205, 1.5094354967642818], "Sigma": [[0.009381651020765576, 0.002784257026432191, -0.002067640121632237], [0.0027842570264321907, 0.0066633770591847325, -0.005308225583396092], [-0.002067640121632237, -0.005308225583396092, 0.005291565048530528]], "chi2_level": 0.997, "chi2_df": 3, "chi2_threshold": 13.931422665512084, "N_raw": 96, "N_roi": 96, "N_inlier": 93, "refit": true}
