{"timestamp": "15:22:16.856923", "frame": 32, "mu": [-2.2911009794235504, 1.5536149070291472, 0.9718726865638107], "Sigma": [[0.41573853679305006, -0.2625329937407569, 0.13842406745144945], [-0.26253299374075684, 0.1781449442017413, -0.09241464691016944], [0.13842406745144945, -0.09241464691016944, 0.05108145876848689]], "chi2_level": 0.997, "chi2_df": 3, "chi2_threshold": 13.931422665512084, "N_raw": 59, "N_roi": 10, "N_inlier": 10, "refit": true}
{"timestamp": "15:22:16.909275", "frame": 33, "mu": [-2.442463939271169, 1.7856333020558266, 0.9369106630222614], "Sigma": [[0.0023548189691489727, 0.0055982707373876395, -0.0031402670366882466], [0.0055982707373876395, 0.03901879035716495, -0.01914208217029055], [-0.0031402670366882466, -0.01914208217029055, 0.00997938088369014]], "chi2_level": 0.997, "chi2_df": 3, "chi2_threshold": 13.931422665512084, "N_raw": 48, "N_roi": 11, "N_inlier": 10, "refit": true}
{"timestamp": "15:22:16.965108", "frame": 34, "mu": [-2.434127520686941, 1.7357149836348544, 0.9158708744293352], "Sigma": [[0.002122453058881859, 0.0012189680996718142, -0.0010256434123299416], [0.0012189680996718144, 0.01826166274181162, -0.006863347469057307], [-0.0010256434123299418, -0.006863347469057307, 0.005830912324903368]], "chi2_level": 0.997, "chi2_df": 3, "chi2_threshold": 13.931422665512084, "N_raw": 52, "N_roi": 13, "N_inlier": 12, "refit": true}
{"timestamp": "15:22:17.020695", "frame": 35, "mu": [-2.4035264977727673, 1.8231614228881408, 0.8636517055953785], "Sigma": [[0.00547520393364008, 0.009014179167876226, -0.009447989589582973], [0.009014179167876226, 0.027400690296205867, -0.03163052114173698], [-0.009447989589582973, -0.03163052114173698, 0.042869583527881894]], "chi2_level": 0.997, "chi2_df": 3, "chi2_threshold": 13.931422665512084, "N_raw": 59, "N_roi": 25, "N_inlier": 24, "refit": true}
{"timestamp": "15:22:17.124207", "frame": 37, "mu": [-2.107260377436693, 1.5501504914571216, 1.0556291328306542], "Sigma": [[0.5317556109992507, -0.30753832351998345, 0.23753812513335792], [-0.30753832351998345, 0.20092180356675418, -0.15791855163920276], [0.23753812513335792, -0.15791855163920276, 0.12936862768716706]], "chi2_level": 0.997, "chi2_df": 3, "chi2_threshold": 13.931422665512084, "N_raw": 9, "N_roi": 9, "N_inlier": 9, "refit": true}
{"timestamp": "15:22:17.179150", "frame": 38, "mu": [-2.232396220973534, 1.8273360734705213, 1.0550203510006786], "Sigma": [[0.016180287104714912, 0.015064245151457052, -0.013149558605005256], [0.015064245151457052, 0.017132700619321393, -0.016143653292564855], [-0.013149558605005253, -0.016143653292564855, 0.018089084346632204]], "chi2_level": 0.997, "chi2_df": 3, "chi2_threshold": 13.931422665512084, "N_raw": 10, "N_roi": 10, "N_inlier": 10, "refit": true}
{"timestamp": "15:22:17.237031", "frame": 39, "mu": [-2.313434508404637, 1.6255743985247448, 1.032232967291393], "Sigma": [[0.012539974128494847, 0.009898953469498355, -0.006420110288498796], [0.009898953469498354, 0.010922998258634917, -0.009406367096491033], [-0.006420110288498796, -0.00940636709649103, 0.011287823741817483]], "chi2_level": 0.997, "chi2_df": 3, "chi2_threshold": 13.931422665512084, "N_raw": 29, "N_roi": 28, "N_inlier": 28, "refit": true}
{"timestamp": "15:22:17.292636", "frame": 40, "mu": [-2.2659071428887616, 1.658406446262352, 1.1702223135128174], "Sigma": [[0.012679020351642688, 0.009458731479874548, -0.010420927312443503], [0.009458731479874548, 0.010596835135667499, -0.011510699172558604], [-0.010420927312443502, -0.011510699172558606, 0.01505657662029141]], "chi2_level": 0.997, "chi2_df": 3, "chi2_threshold": 13.931422665512084, "N_raw": 39, "N_roi": 39, "N_inlier": 39, "refit": true}
{"timestamp": "15:22:17.352629", "frame": 41, "mu": [-2.2393374556964263, 1.7874333574791135, -0.46735298811625614], "Sigma": [[0.016901678905474643, 0.016812062576720972, -0.0003898834172146793], [0.016812062576720972, 0.021660917999081285, -0.006976669012807032], [-0.0003898834172146793, -0.006976669012807031, 0.016564502503644257]], "chi2_level": 0.997, "chi2_df": 3, "chi2_threshold": 13.931422665512084, "N_raw": 51, "N_roi": 51, "N_inlier": 50, "refit": true}
{"timestamp": "15:22:17.404257", "frame": 42, "mu": [-2.182678624609551, 1.7144911688656592, 1.2712850678607108], "Sigma": [[0.011174681643680193, 0.006688257891722982, -0.007939030818226035], [0.006688257891722982, 0.009003263887744457, -0.0073264046339138], [-0.007939030818226035, -0.0073264046339138, 0.008615202783072725]], "chi2_level": 0.997, "chi2_df": 3, "chi2_threshold": 13.931422665512084, "N_raw": 31, "N_roi": 31, "N_inlier": 30, "refit": true}
{"timestamp": "15:22:17.457779", "frame": 43, "mu": [-2.2019462122952778, 1.7119597915287939, 1.3444789891969142], "Sigma": [[0.018077275866913725, 0.012874246141663584, -0.017297708762050598], [0.012874246141663584, 0.014819671270943845, -0.018253637898988012], [-0.017297708762050598, -0.018253637898988012, 0.025356161373002017]], "chi2_level": 0.997, "chi2_df": 3, "chi2_threshold": 13.931422665512084, "N_raw": 24, "N_roi": 24, "N_inlier": 24, "refit": true}
{"timestamp": "15:22:17.515584", "frame": 44, "mu": [-2.097855800911236, 1.7150251788500266, 1.432112599947992], "Sigma": [[0.018735181663780832, 0.014841044339695965, -0.015293019337442714], [0.014841044339695965, 0.015080387487559452, -0.01536197986922518], [-0.01529301933744271, -0.01536197986922518, 0.01777860377359912]], "chi2_level": 0.997, "chi2_df": 3, "chi2_threshold": 13.931422665512084, "N_raw": 42, "N_roi": 42, "N_inlier": 41, "refit": true}
{"timestamp": "15:22:17.565249", "frame": 45, "mu": [-1.8055027895412754, 1.659240532663, 1.2659433287555868], "Sigma": [[0.35723107329571446, -0.25201518747962365, 0.13860269953567078], [-0.25201518747962365, 0.21040751965651994, -0.12941106294845206], [0.13860269953567078, -0.1294110629484521, 0.10826052960645376]], "chi2_level": 0.997, "chi2_df": 3, "chi2_threshold": 13.931422665512084, "N_raw": 9, "N_roi": 9, "N_inlier": 9, "refit": true}
{"timestamp": "15:22:17.622075", "frame": 46, "mu": [-2.0605085478757905, 1.7771683585465328, 0.031289617955457295], "Sigma": [[0.014892423810389683, 0.018114670103357156, -0.018380102666679637], [0.018114670103357156, 0.028262014528971646, -0.02843982925935347], [-0.018380102666679637, -0.02843982925935347, 0.04290491345360871]], "chi2_level": 0.997, "chi2_df": 3, "chi2_threshold": 13.931422665512084, "N_raw": 20, "N_roi": 20, "N_inlier": 20, "refit": true}
{"timestamp": "15:22:17.685532", "frame": 47, "mu": [-1.9322830236972326, 1.8175712028531223, 1.4022565408052294], "Sigma": [[0.026174534261032098, 0.019601787042801577, -0.016893738945098696], [0.019601787042801577, 0.020045266261983892, -0.0179093843569176], [-0.016893738945098696, -0.0179093843569176, 0.01783162059934632]], "chi2_level": 0.997, "chi2_df": 3, "chi2_threshold": 13.931422665512084, "N_raw": 76, "N_roi": 76, "N_inlier": 74, "refit": true}
{"timestamp": "15:22:17.737845", "frame": 48, "mu": [-1.8243281874502315, 1.9386719638615018, -0.029195567437578646], "Sigma": [[0.02529354873764746, 0.02044868563097204, -0.012954312422275748], [0.02044868563097204, 0.02237145726173962, -0.011067739310725244], [-0.012954312422275748, -0.011067739310725244, 0.007328975710981825]], "chi2_level": 0.997, "chi2_df": 3, "chi2_threshold": 13.931422665512084, "N_raw": 60, "N_roi": 60, "N_inlier": 59, "refit": true}
{"timestamp": "15:22:17.790455", "frame": 49, "mu": [-1.729687140953984, 1.9169305712939826, 1.4340085358239152], "Sigma": [[0.017224334617214836, 0.011139375440379084, -0.012560021279376728], [0.011139375440379084, 0.011346745027657177, -0.010602860045859483], [-0.012560021279376728, -0.010602860045859483, 0.0120420293879142]], "chi2_level": 0.997, "chi2_df": 3, "chi2_threshold": 13.931422665512084, "N_raw": 37, "N_roi": 37, "N_inlier": 35, "refit": true}
{"timestamp": "15:22:17.842850", "frame": 50, "mu": [-1.6547695109997227, 1.9785566701352049, 1.2387909321257804], "Sigma": [[0.004312568343150021, 0.001455327228808124, -0.0014579334259891608], [0.001455327228808124, 0.0025833636605162398, -0.0031716569722366156], [-0.0014579334259891608, -0.0031716569722366156, 0.004669516665789301]], "chi2_level": 0.997, "chi2_df": 3, "chi2_threshold": 13.931422665512084, "N_raw": 19, "N_roi": 19, "N_inlier": 19, "refit": true}
{"timestamp": "15:22:17.895682", "frame": 51, "mu": [-1.5587723758557968, 2.0586182638360535, 1.3480654015824576], "Sigma": [[0.00023609813734558674, 0.0007594778174834006, -0.0031068993146338908], [0.0007594778174834006, 0.0070507250671316204, -0.012001851108974837], [-0.0031068993146338908, -0.012001851108974837, 0.06728510102867151]], "chi2_level": 0.997, "chi2_df": 3, "chi2_threshold": 13.931422665512084, "N_raw": 6, "N_roi": 6, "N_inlier": 6, "refit": true}
{"timestamp": "15:22:17.949947", "frame": 52, "mu": [-1.5473138368362787, 1.990152031170572, 1.1132903592327184], "Sigma": [[0.0018980743422968487, 0.0005243558882479405, 0.0007932108201934988], [0.0005243558882479407, 0.004665680292428786, -0.009996235779273695], [0.0007932108201934985, -0.009996235779273695, 0.025936160818724765]], "chi2_level": 0.997, "chi2_df": 3, "chi2_threshold": 13.931422665512084, "N_raw": 6, "N_roi": 6, "N_inlier": 6, "refit": true}
{"timestamp": "15:22:18.008746", "frame": 53, "mu": [-1.4831555315134008, 2.0133105994066853, 1.4792023280142765], "Sigma": [[0.0055106886517144365, 0.0018323304872593115, -0.0028690179294853417], [0.0018323304872593115, 0.002179155892528329, -0.002391692766120921], [-0.0028690179294853417, -0.002391692766120921, 0.0033391280614055293]], "chi2_level": 0.997, "chi2_df": 3, "chi2_threshold": 13.931422665512084, "N_raw": 22, "N_roi": 22, "N_inlier": 21, "refit": true}
{"timestamp": "15:22:18.062595", "frame": 54, "mu": [-1.375939855445487, 2.0143104022435185, 1.1289894993832688], "Sigma": [[0.007242061683450687, -0.00110264615498994, -0.03560204159408763], [-0.00110264615498994, 0.007685358778570924, 0.01823664399210894], [-0.03560204159408763, 0.01823664399210894, 0.26816979136534774]], "chi2_level": 0.997, "chi2_df": 3, "chi2_threshold": 13.931422665512084, "N_raw": 17, "N_roi": 17, "N_inlier": 17, "refit": true}
{"timestamp": "15:22:18.122942", "frame": 55, "mu": [-1.324796386706803, 2.026988633525995, 1.2262626949336517], "Sigma": [[0.008121785215230593, 0.0008954921478464529, -0.0222797474079831], [0.0008954921478464529, 0.005605782713908923, 0.0062853194960899635], [-0.0222797474079831, 0.0062853194960899635, 0.2848710513159843]], "chi2_level": 0.997, "chi2_df": 3, "chi2_threshold": 13.931422665512084, "N_raw": 53, "N_roi": 52, "N_inlier": 52, "refit": true}
{"timestamp": "15:22:18.179409", "frame": 56, "mu": [-1.2914283408303138, 2.1518966398723154, -0.11441421887106404], "Sigma": [[0.005978441710085248, 0.0025672682776799833, -0.0035119670297380904], [0.0025672682776799833, 0.012027282088087222, -0.019588873728010783], [-0.0035119670297380904, -0.019588873728010783, 0.05248430912675109]], "chi2_level": 0.997, "chi2_df": 3, "chi2_threshold": 13.931422665512084, "N_raw": 58, "N_roi": 56, "N_inlier": 52, "refit": true}
{"timestamp": "15:22:18.233270", "frame": 57, "mu": [-1.0461724389673248, 2.000161572809117, 0.7074391535846447], "Sigma": [[0.050023062262995424, -0.001674564758336786, -0.155905553108793], [-0.0016745647583367865, 0.004773995657549813, 0.01242598695370589], [-0.15590555310879298, 0.01242598695370589, 0.5565749033573802]], "chi2_level": 0.997, "chi2_df": 3, "chi2_threshold": 13.931422665512084, "N_raw": 54, "N_roi": 54, "N_inlier": 53, "refit": true}
{"timestamp": "15:22:18.285590", "frame": 58, "mu": [-1.0872139403797016, 2.0366238420085345, 1.3123395547907464], "Sigma": [[0.007093332726706081, 0.0014462846670651522, -0.013118636726908463], [0.0014462846670651522, 0.0029341862609114523, -0.002706913411292265], [-0.013118636726908462, -0.002706913411292264, 0.0562176579586349]], "chi2_level": 0.997, "chi2_df": 3, "chi2_threshold": 13.931422665512084, "N_raw": 34, "N_roi": 34, "N_inlier": 31, "refit": true}
{"timestamp": "15:22:18.341458", "frame": 59, "mu": [-1.0614472290919639, 2.0647883992225635, 1.3857694588298297], "Sigma": [[0.009051421511056864, 0.0008232107099454963, -0.0058275040874314395], [0.0008232107099454961, 0.0024772942786545583, -0.0021309231251413424], [-0.005827504087431439, -0.0021309231251413424, 0.012285743392408099]], "chi2_level": 0.997, "chi2_df": 3, "chi2_threshold": 13.931422665512084, "N_raw": 46, "N_roi": 46, "N_inlier": 43, "refit": true}
{"timestamp": "15:22:18.399208", "frame": 60, "mu": [-0.9806260567595022, 2.0455774707275447, 1.136946267314573], "Sigma": [[0.008645620484159273, 0.0009424884271210993, -0.0027571713994943674], [0.0009424884271210993, 0.0007531513099878366, -0.0009137165766272942], [-0.002757171399494368, -0.0009137165766272945, 0.0499118475411362]], "chi2_level": 0.997, "chi2_df": 3, "chi2_threshold": 13.931422665512084, "N_raw": 66, "N_roi": 66, "N_inlier": 65, "refit": true}
{"timestamp": "15:22:18.454109", "frame": 61, "mu": [-0.9305173531911443, 2.0542128000224587, 1.2301260084374666], "Sigma": [[0.007462863539158421, 0.0002586808617101837, -0.004341770602075341], [0.0002586808617101836, 0.002810822445148558, -0.0043195992705064145], [-0.00434177060207534, -0.0043195992705064145, 0.023567639372075143]], "chi2_level": 0.997, "chi2_df": 3, "chi2_threshold": 13.931422665512084, "N_raw": 61, "N_roi": 61, "N_inlier": 61, "refit": true}
{"timestamp": "15:22:18.510098", "frame": 62, "mu": [-0.8709199412380729, 2.030616939187552, 1.235293653387917], "Sigma": [[0.008756882030369352, 0.0012191472666234855, -0.003807599179452898], [0.0012191472666234853, 0.003203091055445817, -0.005712932024118742], [-0.003807599179452898, -0.005712932024118742, 0.014749332332226256]], "chi2_level": 0.997, "chi2_df": 3, "chi2_threshold": 13.931422665512084, "N_raw": 68, "N_roi": 66, "N_inlier": 65, "refit": true}
{"timestamp": "15:22:18.555721", "frame": 63, "mu": [-0.7169434674972303, 1.8653896694963241, 1.2613212740517568], "Sigma": [[0.07893328757773328, -0.16462871495412262, 0.04772044660173134], [-0.16462871495412262, 0.3501628881244514, -0.10943104525660372], [0.04772044660173134, -0.10943104525660373, 0.0750168400661013]], "chi2_level": 0.997, "chi2_df": 3, "chi2_threshold": 13.931422665512084, "N_raw": 7, "N_roi": 7, "N_inlier": 7, "refit": true}
{"timestamp": "15:22:18.613458", "frame": 64, "mu": [-0.7731271812691786, 2.0796814339056167, 1.4056382586243765], "Sigma": [[0.005211664167313202, -0.0006909573694892495, -0.004115025645310891], [-0.0006909573694892495, 0.0015016738569620265, -0.0007216206667442131], [-0.004115025645310891, -0.0007216206667442132, 0.004870597214894524]], "chi2_level": 0.997, "chi2_df": 3, "chi2_threshold": 13.931422665512084, "N_raw": 26, "N_roi": 26, "N_inlier": 25, "refit": true}
{"timestamp": "15:22:18.667460", "frame": 65, "mu": [-0.6990493983889328, 2.0146542495894675, 1.2245048914209369], "Sigma": [[0.00283292488505245, -0.0008942824278788267, 0.0007299934205363649], [-0.0008942824278788267, 0.002451595054714989, -0.0020648639619357863], [0.0007299934205363647, -0.0020648639619357863, 0.005607228451580918]], "chi2_level": 0.997, "chi2_df": 3, "chi2_threshold": 13.931422665512084, "N_raw": 19, "N_roi": 19, "N_inlier": 19, "refit": true}
{"timestamp": "15:22:18.730453", "frame": 66, "mu": [-0.6760328999901869, 2.0382003881629447, 1.1521282991391089], "Sigma": [[0.008451131613411543, -0.0004218931515897563, -0.0008405272915240886], [-0.00042189315158975616, 0.0022408761433430797, -0.005573077645408373], [-0.0008405272915240885, -0.005573077645408373, 0.02643520429598801]], "chi2_level": 0.997, "chi2_df": 3, "chi2_threshold": 13.931422665512084, "N_raw": 77, "N_roi": 75, "N_inlier": 73, "refit": true}
{"timestamp": "15:22:18.777405", "frame": 67, "mu": [-0.505154819512367, 2.005521364887508, 0.44748282674853057], "Sigma": [[0.010309034453977843, -0.004016592583681133, -0.06526817497052381], [-0.004016592583681133, 0.0019656553055404555, 0.02633142175295004], [-0.06526817497052381, 0.02633142175295004, 0.4842863905216432]], "chi2_level": 0.997, "chi2_df": 3, "chi2_threshold": 13.931422665512084, "N_raw": 10, "N_roi": 9, "N_inlier": 9, "refit": true}
{"timestamp": "15:22:18.831403", "frame": 68, "mu": [-0.60765345471287, 2.0910109318109247, 0.5774207416281758], "Sigma": [[0.001155833894738097, -0.0011064485639795713, 0.014055058130483912], [-0.0011064485639795713, 0.005435316505866035, -0.029035468307912458], [0.014055058130483912, -0.029035468307912458, 0.29535858533637277]], "chi2_level": 0.997, "chi2_df": 3, "chi2_threshold": 13.931422665512084, "N_raw": 9, "N_roi": 9, "N_inlier": 9, "refit": true}
{"timestamp": "15:22:18.891029", "frame": 69, "mu": [-0.516133277839082, 2.071495194507635, 1.2157199408410237], "Sigma": [[0.005531041442481069, -8.167859785635742e-05, -0.0018635479661054553], [-8.167859785635742e-05, 0.0015577476016741282, -0.002139030233494586], [-0.0018635479661054553, -0.0021390302334945866, 0.004858884822508779]], "chi2_level": 0.997, "chi2_df": 3, "chi2_threshold": 13.931422665512084, "N_raw": 47, "N_roi": 42, "N_inlier": 37, "refit": true}
{"timestamp": "15:22:18.948857", "frame": 70, "mu": [-0.4967995163475571, 2.22019359900026, -0.2479069108417117], "Sigma": [[0.0065311096893014035, -0.0006881768304316573, -0.00012310832918233832], [-0.0006881768304316573, 0.00833900158361541, -0.016173558619833165], [-0.00012310832918233875, -0.016173558619833165, 0.04434912091008373]], "chi2_level": 0.997, "chi2_df": 3, "chi2_threshold": 13.931422665512084, "N_raw": 63, "N_roi": 62, "N_inlier": 59, "refit": true}
{"timestamp": "15:22:19.003100", "frame": 71, "mu": [-0.3834538283084812, 2.138749873161825, -0.7626544518112797], "Sigma": [[0.0070659106820223526, 0.007097857127434297, 0.014941700069541597], [0.007097857127434297, 0.011580627429595865, 0.01650542237236335], [0.0149417000695416, 0.01650542237236335, 0.09041094626344308]], "chi2_level": 0.997, "chi2_df": 3, "chi2_threshold": 13.931422665512084, "N_raw": 57, "N_roi": 56, "N_inlier": 54, "refit": true}
{"timestamp": "15:22:19.059665", "frame": 72, "mu": [-0.40086975324940444, 2.092033264422955, 1.250797008711173], "Sigma": [[0.006816446970476992, 0.0002561179149886763, 0.00040658071485169664], [0.0002561179149886764, 0.002626485498209339, 0.005399696918894896], [0.0004065807148516962, 0.005399696918894897, 0.086668766743442]], "chi2_level": 0.997, "chi2_df": 3, "chi2_threshold": 13.931422665512084, "N_raw": 68, "N_roi": 65, "N_inlier": 62, "refit": true}
{"timestamp": "15:22:19.114297", "frame": 73, "mu": [-0.3546976488417509, 2.143878363133863, 1.197529277839352], "Sigma": [[0.008977357121712014, -0.0016664405835260113, 0.00016747985230256197], [-0.001666440583526011, 0.0016693946533659048, -0.00023081744552749112], [0.00016747985230256219, -0.0002308174455274908, 0.0386835936061289]], "chi2_level": 0.997, "chi2_df": 3, "chi2_threshold": 13.931422665512084, "N_raw": 60, "N_roi": 60, "N_inlier": 60, "refit": true}
{"timestamp": "15:22:19.215133", "frame": 75, "mu": [-0.24662899395990057, 2.0794460973370903, 0.9394947936172324], "Sigma": [[0.008516285017814531, 0.0053496872007441345, 0.04396340172588078], [0.0053496872007441345, 0.005287160617203062, 0.03415440817886232], [0.04396340172588078, 0.03415440817886232, 0.3244810494006647]], "chi2_level": 0.997, "chi2_df": 3, "chi2_threshold": 13.931422665512084, "N_raw": 7, "N_roi": 7, "N_inlier": 7, "refit": true}
{"timestamp": "15:22:19.270462", "frame": 76, "mu": [-0.19117973959401421, 2.337936541430998, -0.43035251241584127], "Sigma": [[0.0008382772810682353, -0.00231625023163996, 0.005197159782428729], [-0.0023162502316399604, 0.01819306887866732, -0.07539613632899314], [0.005197159782428729, -0.07539613632899314, 0.41039584104407134]], "chi2_level": 0.997, "chi2_df": 3, "chi2_threshold": 13.931422665512084, "N_raw": 8, "N_roi": 8, "N_inlier": 8, "refit": true}
{"timestamp": "15:22:19.328627", "frame": 77, "mu": [-0.10600266080145393, 2.156140985268387, 1.3169553918286352], "Sigma": [[0.004720389617826961, 0.00037945642440775516, -0.009379541971306913], [0.00037945642440775505, 0.0041786455520577545, -0.008052770691651744], [-0.009379541971306915, -0.008052770691651744, 0.35915339248509853]], "chi2_level": 0.997, "chi2_df": 3, "chi2_threshold": 13.931422665512084, "N_raw": 27, "N_roi": 27, "N_inlier": 27, "refit": true}
{"timestamp": "15:22:19.382520", "frame": 78, "mu": [-0.09374202624468286, 2.125745761137108, 0.619061247983626], "Sigma": [[0.0025638792726987627, -0.001194207656045541, 0.008684078849803632], [-0.001194207656045541, 0.0016134917045220597, 0.005219810980327137], [0.008684078849803632, 0.005219810980327137, 0.5323294233722035]], "chi2_level": 0.997, "chi2_df": 3, "chi2_threshold": 13.931422665512084, "N_raw": 14, "N_roi": 9, "N_inlier": 8, "refit": true}
{"timestamp": "15:22:19.441494", "frame": 79, "mu": [0.011367461368038326, 2.184474052248827, 1.3788033286904415], "Sigma": [[0.0073167333668227655, -0.0007909551298383602, -0.0029833654555937493], [-0.0007909551298383604, 0.0024918251133905327, -0.0013247751736567537], [-0.0029833654555937498, -0.0013247751736567537, 0.003065838136080727]], "chi2_level": 0.997, "chi2_df": 3, "chi2_threshold": 13.931422665512084, "N_raw": 48, "N_roi": 45, "N_inlier": 42, "refit": true}
{"timestamp": "15:22:19.496329", "frame": 80, "mu": [0.03751514135919037, 2.1608957837769114, 1.0347159440922655], "Sigma": [[0.0033491541465720826, -4.1327175075837175e-05, -0.0021893508143593114], [-4.132717507583731e-05, 0.004841199568783336, 0.025165652768148222], [-0.0021893508143593123, 0.025165652768148226, 0.19223261261314858]], "chi2_level": 0.997, "chi2_df": 3, "chi2_threshold": 13.931422665512084, "N_raw": 36, "N_roi": 32, "N_inlier": 31, "refit": true}
{"timestamp": "15:22:19.550623", "frame": 81, "mu": [0.09819245304914065, 2.087318729425943, 0.8403984768748354], "Sigma": [[0.005964498613940836, 0.004296300368995602, 0.013954907867212563], [0.004296300368995602, 0.007216766120806055, -0.0007907892668425451], [0.013954907867212566, -0.0007907892668425451, 0.1485234790456013]], "chi2_level": 0.997, "chi2_df": 3, "chi2_threshold": 13.931422665512084, "N_raw": 32, "N_roi": 24, "N_inlier": 24, "refit": true}
{"timestamp": "15:22:19.603100", "frame": 82, "mu": [0.10333084413016874, 2.268855074405949, -0.450741895456365], "Sigma": [[0.01829752955202617, 0.0008257952072511261, 0.11361008927733142], [0.0008257952072511261, 0.01939187258642459, 0.012608456874204048], [0.1136100892773314, 0.012608456874204048, 0.7830781712242613]], "chi2_level": 0.997, "chi2_df": 3, "chi2_threshold": 13.931422665512084, "N_raw": 18, "N_roi": 14, "N_inlier": 14, "refit": true}
{"timestamp": "15:22:19.660476", "frame": 83, "mu": [0.25231378456811965, 2.157356083294652, 1.4789325387477024], "Sigma": [[0.005499177012168121, 0.00010904539109478947, 0.004493054339922899], [0.00010904539109478947, 0.0027347033603060396, 0.0005954488658749927], [0.0044930543399228995, 0.0005954488658749932, 0.07518404753653554]], "chi2_level": 0.997, "chi2_df": 3, "chi2_threshold": 13.931422665512084, "N_raw": 38, "N_roi": 38, "N_inlier": 36, "refit": true}
{"timestamp": "15:22:19.718719", "frame": 84, "mu": [0.21421368651501857, 2.167680468075406, 0.9804463133866299], "Sigma": [[0.018439250727437444, 0.003841147360148799, 0.07060298233524087], [0.003841147360148799, 0.0056084048182323395, 0.02401643324998394], [0.07060298233524087, 0.02401643324998394, 0.3941790552431896]], "chi2_level": 0.997, "chi2_df": 3, "chi2_threshold": 13.931422665512084, "N_raw": 60, "N_roi": 60, "N_inlier": 60, "refit": true}
{"timestamp": "15:22:19.772701", "frame": 85, "mu": [0.32350055473979056, 2.198362790473177, 1.4083088882564343], "Sigma": [[0.006457445916943736, -0.0010548974981852862, -0.0021934500919510128], [-0.0010548974981852864, 0.002586890895565926, -0.00392148389186651], [-0.0021934500919510128, -0.00392148389186651, 0.011236985733616315]], "chi2_level": 0.997, "chi2_df": 3, "chi2_threshold": 13.931422665512084, "N_raw": 52, "N_roi": 52, "N_inlier": 50, "refit": true}
{"timestamp": "15:22:19.829072", "frame": 86, "mu": [0.36604068527017225, 2.137554770062775, 1.1786175430695782], "Sigma": [[0.006682916304237834, -0.00103684484695997, 0.0003045758845791127], [-0.00103684484695997, 0.000904954579890366, -0.0002217647568475697], [0.0003045758845791127, -0.00022176475684756943, 0.06249774546360791]], "chi2_level": 0.997, "chi2_df": 3, "chi2_threshold": 13.931422665512084, "N_raw": 65, "N_roi": 65, "N_inlier": 63, "refit": true}
{"timestamp": "15:22:19.882371", "frame": 87, "mu": [0.40614079197558006, 2.2496621897732223, -0.2068788372005962], "Sigma": [[0.006442423645656112, -0.0015344420910188275, 0.002593576585972839], [-0.0015344420910188275, 0.004018071086007596, -0.005842972701051731], [0.0025935765859728386, -0.005842972701051731, 0.022986094664200082]], "chi2_level": 0.997, "chi2_df": 3, "chi2_threshold": 13.931422665512084, "N_raw": 50, "N_roi": 50, "N_inlier": 50, "refit": true}
{"timestamp": "15:22:19.932128", "frame": 88, "mu": [0.5007904736335731, 2.191580172905845, 0.9180071736264265], "Sigma": [[0.0046382125563166005, -0.001109648981865231, -0.03743923296694675], [-0.0011096489818652308, 0.0031963037943682584, 0.0031331848968758694], [-0.03743923296694675, 0.0031331848968758694, 0.37164145230604884]], "chi2_level": 0.997, "chi2_df": 3, "chi2_threshold": 13.931422665512084, "N_raw": 14, "N_roi": 14, "N_inlier": 14, "refit": true}
{"timestamp": "15:22:19.992770", "frame": 89, "mu": [0.5222686547621952, 2.150588373486216, 1.3495359734451606], "Sigma": [[0.006071906480564821, -0.002175052188908978, -0.0014955020933192802], [-0.0021750521889089785, 0.006259686006083972, 0.0003075542776956603], [-0.0014955020933192797, 0.0003075542776956603, 0.0018143493207665841]], "chi2_level": 0.997, "chi2_df": 3, "chi2_threshold": 13.931422665512084, "N_raw": 54, "N_roi": 53, "N_inlier": 49, "refit": true}
{"timestamp": "15:22:20.041950", "frame": 90, "mu": [0.628188452789556, 2.0795335576756084, 0.09754393235322856], "Sigma": [[0.02216755619460485, 0.00887675970243243, -0.130821583443501], [0.008876759702432431, 0.0069329553320371115, -0.05520280360254297], [-0.13082158344350103, -0.05520280360254298, 2.2840342875745874]], "chi2_level": 0.997, "chi2_df": 3, "chi2_threshold": 13.931422665512084, "N_raw": 10, "N_roi": 10, "N_inlier": 10, "refit": true}
{"timestamp": "15:22:20.099510", "frame": 91, "mu": [0.5690996777552411, 2.149927389921059, 0.8382820928260185], "Sigma": [[0.008968542398141736, 5.800726474008511e-05, 0.02076341208361745], [5.800726474008516e-05, 0.0035346274387095854, 0.011599062553707875], [0.02076341208361745, 0.011599062553707875, 0.16852180360787583]], "chi2_level": 0.997, "chi2_df": 3, "chi2_threshold": 13.931422665512084, "N_raw": 31, "N_roi": 31, "N_inlier": 31, "refit": true}
{"timestamp": "15:22:20.160576", "frame": 92, "mu": [0.700068210694169, 2.3385614264551053, -0.3064773014590376], "Sigma": [[0.009745161131264132, -0.0023421624740070147, 0.0019285739164213648], [-0.0023421624740070143, 0.008330294481509288, -0.021702216957474756], [0.001928573916421364, -0.021702216957474756, 0.07462636370320264]], "chi2_level": 0.997, "chi2_df": 3, "chi2_threshold": 13.931422665512084, "N_raw": 71, "N_roi": 71, "N_inlier": 67, "refit": true}
{"timestamp": "15:22:20.211022", "frame": 93, "mu": [0.7946037436236473, 2.183264154866592, 1.2489855777446817], "Sigma": [[0.010227242344072235, -0.001415349247778247, -0.019795832341238277], [-0.0014153492477782467, 0.0035507631665777357, 0.01048752810917752], [-0.019795832341238277, 0.01048752810917752, 0.23080796960896086]], "chi2_level": 0.997, "chi2_df": 3, "chi2_threshold": 13.931422665512084, "N_raw": 42, "N_roi": 42, "N_inlier": 42, "refit": true}
{"timestamp": "15:22:20.265331", "frame": 94, "mu": [0.8378007072324903, 2.1467638977911125, 1.0862503026721233], "Sigma": [[0.006953741378360148, -0.0024316335141797733, -0.010574411541303149], [-0.0024316335141797733, 0.002678162605493226, 0.0018447498128838244], [-0.010574411541303145, 0.0018447498128838242, 0.22198234021509697]], "chi2_level": 0.997, "chi2_df": 3, "chi2_threshold": 13.931422665512084, "N_raw": 31, "N_roi": 31, "N_inlier": 31, "refit": true}
{"timestamp": "15:22:20.318200", "frame": 95, "mu": [0.7891835848110025, 2.172697316658254, 0.9103046355339086], "Sigma": [[0.006661558671253371, 0.004250739817087247, 0.041957660939891006], [0.004250739817087247, 0.007379745757097493, 0.04390533348060334], [0.041957660939891006, 0.04390533348060334, 0.3813830777445016]], "chi2_level": 0.997, "chi2_df": 3, "chi2_threshold": 13.931422665512084, "N_raw": 20, "N_roi": 20, "N_inlier": 18, "refit": true}
{"timestamp": "15:22:20.372402", "frame": 96, "mu": [0.8926531095933605, 2.143054757745677, 0.8406484051022887], "Sigma": [[0.0031765719522495487, -0.002379938300509507, 0.02108343199992318], [-0.002379938300509507, 0.0029555071761729074, -0.018224645719410987], [0.02108343199992318, -0.01822464571941099, 0.18493403916870668]], "chi2_level": 0.997, "chi2_df": 3, "chi2_threshold": 13.931422665512084, "N_raw": 16, "N_roi": 13, "N_inlier": 12, "refit": true}
{"timestamp": "15:22:20.430466", "frame": 97, "mu": [0.9528951910987954, 2.1567745331697696, 0.8940443381998145], "Sigma": [[0.008838401787133342, -0.0008356308098952525, 0.003132146834102465], [-0.0008356308098952527, 0.001535773199514633, -0.0039010624617555386], [0.0031321468341024648, -0.0039010624617555386, 0.0268020374535365]], "chi2_level": 0.997, "chi2_df": 3, "chi2_threshold": 13.931422665512084, "N_raw": 43, "N_roi": 43, "N_inlier": 41, "refit": true}
{"timestamp": "15:22:20.482891", "frame": 98, "mu": [0.9775785005396613, 2.232729173117457, 1.22500381876283], "Sigma": [[0.004472547043453971, -0.0019211202494278765, -0.0039451622819346496], [-0.0019211202494278765, 0.0012132068533033697, 0.000531041723942814], [-0.003945162281934649, 0.0005310417239428139, 0.01462670406768794]], "chi2_level": 0.997, "chi2_df": 3, "chi2_threshold": 13.931422665512084, "N_raw": 23, "N_roi": 23, "N_inlier": 22, "refit": true}
{"timestamp": "15:22:20.539215", "frame": 99, "mu": [1.0222156898599526, 2.1747824326845753, 1.176072759835128], "Sigma": [[0.004209635728862915, -0.0013832468184821773, -0.004067904700998374], [-0.0013832468184821773, 0.0019736957688155496, -0.0027488965596943063], [-0.004067904700998374, -0.0027488965596943055, 0.045011253829799036]], "chi2_level": 0.997, "chi2_df": 3, "chi2_threshold": 13.931422665512084, "N_raw": 29, "N_roi": 29, "N_inlier": 28, "refit": true}
{"timestamp": "15:22:20.677711", "frame": 100, "mu": [1.0935284041977897, 2.1827200577050436, 1.2712427595598585], "Sigma": [[0.00901724662544809, -0.0032208631599290657, -0.0019013252576047146], [-0.003220863159929066, 0.004340306296644417, -0.0023029950424081147], [-0.0019013252576047144, -0.0023029950424081147, 0.01145246017799503]], "chi2_level": 0.997, "chi2_df": 3, "chi2_threshold": 13.931422665512084, "N_raw": 54, "N_roi": 54, "N_inlier": 51, "refit": true}
{"timestamp": "15:22:20.680807", "frame": 101, "mu": [1.1743018411529211, 2.3630325695566015, -0.48734091796456536], "Sigma": [[0.004431307561675902, 0.006095873099940674, 0.00028735469137491703], [0.006095873099940674, 0.04986031225383332, -0.10167452141800436], [0.0002873546913749166, -0.10167452141800437, 0.2767155179884432]], "chi2_level": 0.997, "chi2_df": 3, "chi2_threshold": 13.931422665512084, "N_raw": 12, "N_roi": 11, "N_inlier": 11, "refit": true}
{"timestamp": "15:22:20.718685", "frame": 102, "mu": [1.1978976355876338, 2.2799201610333304, -0.15004660110836193], "Sigma": [[0.009699853772295673, -0.003337384897499667, -0.004317879838447572], [-0.0033373848974996676, 0.003693955392196119, -0.0021882048223623198], [-0.004317879838447572, -0.0021882048223623198, 0.019501703714898677]], "chi2_level": 0.997, "chi2_df": 3, "chi2_threshold": 13.931422665512084, "N_raw": 40, "N_roi": 40, "N_inlier": 38, "refit": true}
{"timestamp": "15:22:20.760707", "frame": 103, "mu": [1.2162813058785455, 2.172086680266869, 1.29151510458447], "Sigma": [[0.008912102507026001, -0.0037412142331641157, -0.001466189566973278], [-0.0037412142331641157, 0.0051025155513255835, -0.0006496560031997971], [-0.0014661895669732781, -0.000649656003199797, 0.007046429122913725]], "chi2_level": 0.997, "chi2_df": 3, "chi2_threshold": 13.931422665512084, "N_raw": 41, "N_roi": 41, "N_inlier": 39, "refit": true}
{"timestamp": "15:22:20.816958", "frame": 104, "mu": [1.232725564972709, 2.2507024142916228, 1.4000847393581446], "Sigma": [[0.009794872881854759, -0.003928464024193098, -0.0025033419138206572], [-0.003928464024193098, 0.007309501679869549, 0.0011221924733305676], [-0.0025033419138206572, 0.0011221924733305676, 0.0013450367704638886]], "chi2_level": 0.997, "chi2_df": 3, "chi2_threshold": 13.931422665512084, "N_raw": 49, "N_roi": 49, "N_inlier": 47, "refit": true}
{"timestamp": "15:22:20.874733", "frame": 105, "mu": [1.266660108713645, 2.2541265607271193, 0.9095818655932213], "Sigma": [[0.007827565751482477, -0.003914968800816686, 0.010136181198267417], [-0.003914968800816686, 0.005233650046692218, -0.022272619134884385], [0.010136181198267417, -0.022272619134884382, 0.22005221118877097]], "chi2_level": 0.997, "chi2_df": 3, "chi2_threshold": 13.931422665512084, "N_raw": 68, "N_roi": 68, "N_inlier": 66, "refit": true}
{"timestamp": "15:22:20.927101", "frame": 106, "mu": [1.2795930073202784, 2.2579764047677338, 1.0870354911676425], "Sigma": [[0.007464811579601557, -0.00282446041158684, 0.0016026692074683777], [-0.00282446041158684, 0.005159813919939604, 0.009160379230854603], [0.0016026692074683792, 0.009160379230854603, 0.36991617398569426]], "chi2_level": 0.997, "chi2_df": 3, "chi2_threshold": 13.931422665512084, "N_raw": 49, "N_roi": 49, "N_inlier": 49, "refit": true}
{"timestamp": "15:22:20.979694", "frame": 107, "mu": [1.3742874151540756, 2.280300823800603, 1.2497813961077915], "Sigma": [[0.005367708914253626, -0.00194757798348561, -0.015965620679386738], [-0.0019475779834856096, 0.004104340273703108, 0.0009982600917230948], [-0.015965620679386738, 0.0009982600917230959, 0.29535493841795835]], "chi2_level": 0.997, "chi2_df": 3, "chi2_threshold": 13.931422665512084, "N_raw": 33, "N_roi": 31, "N_inlier": 30, "refit": true}
{"timestamp": "15:22:21.036544", "frame": 108, "mu": [1.4092381392573117, 2.372443394228515, -0.1148766852165809], "Sigma": [[0.007373196304593327, 0.00037681508713076296, -0.011247915969818235], [0.00037681508713076275, 0.013965587498881596, -0.02528840956894244], [-0.011247915969818237, -0.02528840956894244, 0.0858786087009252]], "chi2_level": 0.997, "chi2_df": 3, "chi2_threshold": 13.931422665512084, "N_raw": 45, "N_roi": 45, "N_inlier": 44, "refit": true}
{"timestamp": "15:22:21.085108", "frame": 109, "mu": [1.4137312203537993, 2.378543755203082, 0.015795141969383062], "Sigma": [[0.005994504635432043, 0.00377429460606447, -0.006924333209551462], [0.00377429460606447, 0.002519014119583959, -0.004250635769355023], [-0.006924333209551462, -0.004250635769355025, 0.012600720099940257]], "chi2_level": 0.997, "chi2_df": 3, "chi2_threshold": 13.931422665512084, "N_raw": 5, "N_roi": 5, "N_inlier": 5, "refit": true}
{"timestamp": "15:22:21.141110", "frame": 110, "mu": [1.4449725102969397, 2.320551762356736, 1.4861360940988124], "Sigma": [[0.0006477402570838159, 0.0007495851082634266, -0.004305864560161588], [0.0007495851082634267, 0.005128585040573028, 0.007932379363685692], [-0.0043058645601615885, 0.007932379363685692, 0.07126461858600124]], "chi2_level": 0.997, "chi2_df": 3, "chi2_threshold": 13.931422665512084, "N_raw": 5, "N_roi": 5, "N_inlier": 5, "refit": true}
{"timestamp": "15:22:21.195101", "frame": 111, "mu": [1.4680124415161298, 2.2931874088568325, 1.3144284567319136], "Sigma": [[0.003138039489816578, -0.002644247285352346, -0.01692208639353774], [-0.0026442472853523465, 0.011648429011480643, 0.05075644862247286], [-0.01692208639353774, 0.050756448622472854, 0.2651071459237362]], "chi2_level": 0.997, "chi2_df": 3, "chi2_threshold": 13.931422665512084, "N_raw": 8, "N_roi": 8, "N_inlier": 8, "refit": true}
{"timestamp": "15:22:21.250093", "frame": 112, "mu": [1.4953561490584857, 2.429960791253574, 1.387808208939593], "Sigma": [[0.004928596308402745, -0.0018949786585313764, -0.005404522238147299], [-0.0018949786585313764, 0.0015246502199510294, 0.0010345648251732828], [-0.005404522238147298, 0.0010345648251732825, 0.00919238548409262]], "chi2_level": 0.997, "chi2_df": 3, "chi2_threshold": 13.931422665512084, "N_raw": 10, "N_roi": 10, "N_inlier": 10, "refit": true}
{"timestamp": "15:22:21.305175", "frame": 113, "mu": [1.584454910882986, 2.346743768751541, 1.265969596421499], "Sigma": [[0.0013784553976910212, -0.00022535271876054694, -0.002486474298610015], [-0.00022535271876054696, 0.0015520319333335907, -0.0014305826098998057], [-0.0024864742986100154, -0.0014305826098998057, 0.00849181392024393]], "chi2_level": 0.997, "chi2_df": 3, "chi2_threshold": 13.931422665512084, "N_raw": 7, "N_roi": 7, "N_inlier": 7, "refit": true}
{"timestamp": "15:22:21.360100", "frame": 114, "mu": [1.5708241150632176, 2.072981105512581, 0.5822177945397446], "Sigma": [[0.0023718812492013823, 0.012617347147717771, 0.024133087567069274], [0.012617347147717771, 0.17749349196888423, 0.35135914987147715], [0.024133087567069274, 0.35135914987147715, 0.7285049960657183]], "chi2_level": 0.997, "chi2_df": 3, "chi2_threshold": 13.931422665512084, "N_raw": 6, "N_roi": 6, "N_inlier": 6, "refit": true}
{"timestamp": "15:22:21.416169", "frame": 115, "mu": [1.6827645643868734, 2.0788878343740427, 0.32270698501987166], "Sigma": [[0.003841700444515355, 0.007230358398073584, 0.010483676429309792], [0.007230358398073584, 0.17745381782668876, 0.325135987857057], [0.010483676429309792, 0.325135987857057, 0.6328258052281233]], "chi2_level": 0.997, "chi2_df": 3, "chi2_threshold": 13.931422665512084, "N_raw": 9, "N_roi": 9, "N_inlier": 9, "refit": true}
{"timestamp": "15:22:21.526428", "frame": 117, "mu": [1.7727482244772834, 2.2515042961372482, 0.7015503289632952], "Sigma": [[0.002362715163449602, -0.00045873970793214075, -0.0009398099205335112], [-0.00045873970793214064, 0.011063534375591448, 0.05045543133670117], [-0.0009398099205335116, 0.05045543133670117, 0.3057157403770344]], "chi2_level": 0.997, "chi2_df": 3, "chi2_threshold": 13.931422665512084, "N_raw": 13, "N_roi": 12, "N_inlier": 12, "refit": true}
{"timestamp": "15:22:21.636230", "frame": 119, "mu": [1.677004402778238, 2.065336362530917, 1.1982358894520222], "Sigma": [[0.2705293131873268, 0.3481479366027181, -0.14641244378219076], [0.3481479366027181, 0.4776241241389989, -0.12302579348147952], [-0.14641244378219076, -0.12302579348147952, 0.30835429224436534]], "chi2_level": 0.997, "chi2_df": 3, "chi2_threshold": 13.931422665512084, "N_raw": 7, "N_roi": 7, "N_inlier": 7, "refit": true}
{"timestamp": "15:22:21.690401", "frame": 120, "mu": [1.8764299362840016, 2.357436234146284, 1.312953040405861], "Sigma": [[0.003039386556520175, 0.0014135441104318471, -0.006271570303250156], [0.0014135441104318471, 0.000776170612338207, -0.0037641121087045506], [-0.006271570303250156, -0.0037641121087045506, 0.021030926225833083]], "chi2_level": 0.997, "chi2_df": 3, "chi2_threshold": 13.931422665512084, "N_raw": 5, "N_roi": 5, "N_inlier": 5, "refit": true}
{"timestamp": "15:22:21.745354", "frame": 121, "mu": [1.8909702800599426, 2.377634552038416, 1.4099776516922233], "Sigma": [[0.0017753363667620211, 0.0012991994914598477, -0.004778994774212485], [0.0012991994914598477, 0.004515832802320459, -0.003169937004747451], [-0.004778994774212485, -0.0031699370047474514, 0.01849768853645303]], "chi2_level": 0.997, "chi2_df": 3, "chi2_threshold": 13.931422665512084, "N_raw": 5, "N_roi": 5, "N_inlier": 5, "refit": true}
