{"timestamp": "15:40:59.696399", "frame": 36, "mu": [-0.08509044130190582, 0.2806087955947379, 1.2176628876157214], "Sigma": [[1.5561781356237676, 0.02648440792067905, 0.0001573708881344258], [0.026484407920679052, 0.004915321629001689, 0.0002775484398944822], [0.00015737088813442407, 0.00027754843989448213, 0.005190965754826249]], "chi2_level": 0.997, "chi2_df": 3, "chi2_threshold": 13.931422665512084, "N_raw": 35, "N_roi": 35, "N_inlier": 35, "refit": true}
{"timestamp": "15:40:59.748975", "frame": 37, "mu": [-0.09451013952389548, 0.4372070248165958, 0.42850298348734217], "Sigma": [[1.3803289381500028, -0.17524518647282178, 0.5926342835979921], [-0.17524518647282178, 0.02903712490471921, -0.0703678180260752], [0.5926342835979921, -0.07036781802607518, 0.26534611254293194]], "chi2_level": 0.997, "chi2_df": 3, "chi2_threshold": 13.931422665512084, "N_raw": 6, "N_roi": 6, "N_inlier": 6, "refit": true}
{"timestamp": "15:40:59.806200", "frame": 38, "mu": [-0.02102578165758881, 0.28970309186568416, 1.251062038795209], "Sigma": [[1.4281011247850632, 0.05103263878774468, -0.012813079865852128], [0.051032638787744694, 0.009135054533464254, -0.0007507130720803946], [-0.01281307986585213, -0.0007507130720803946, 0.0032972761818917846]], "chi2_level": 0.997, "chi2_df": 3, "chi2_threshold": 13.931422665512084, "N_raw": 30, "N_roi": 30, "N_inlier": 28, "refit": true}
{"timestamp": "15:40:59.861114", "frame": 39, "mu": [-0.6551937673831376, 0.3328413545315516, 1.193403332956608], "Sigma": [[1.261994674361753, -0.04242134633525158, -0.08492345807638216], [-0.042421346335251575, 0.01598994310783497, 0.01577647453493583], [-0.08492345807638217, 0.01577647453493583, 0.025026984210193854]], "chi2_level": 0.997, "chi2_df": 3, "chi2_threshold": 13.931422665512084, "N_raw": 29, "N_roi": 29, "N_inlier": 29, "refit": true}
{"timestamp": "15:40:59.915157", "frame": 40, "mu": [-0.8250159325765805, 0.2998572344552152, 1.306944166948878], "Sigma": [[0.7725787434019065, -0.021108545500689444, 0.015915432342056383], [-0.021108545500689444, 0.002587446756209988, -0.0016254556830244636], [0.01591543234205638, -0.0016254556830244634, 0.001993988335269551]], "chi2_level": 0.997, "chi2_df": 3, "chi2_threshold": 13.931422665512084, "N_raw": 21, "N_roi": 21, "N_inlier": 20, "refit": true}
{"timestamp": "15:40:59.971213", "frame": 41, "mu": [-1.1970131241740407, 0.3733307789999134, 1.388855520311746], "Sigma": [[0.0027061825326331517, 0.0031940762062989386, 0.0015876242599836517], [0.0031940762062989386, 0.006265427126992946, 0.00036191381908038295], [0.001587624259983652, 0.00036191381908038273, 0.0072597083570484855]], "chi2_level": 0.997, "chi2_df": 3, "chi2_threshold": 13.931422665512084, "N_raw": 34, "N_roi": 34, "N_inlier": 32, "refit": true}
{"timestamp": "15:41:00.028404", "frame": 42, "mu": [-0.9985316082508986, 0.3508195068071798, 1.3741299183893605], "Sigma": [[0.43295891420655125, -0.009085187590407813, 0.009600974354678774], [-0.009085187590407814, 0.0032069875231757468, -0.0027165983616098967], [0.009600974354678774, -0.0027165983616098967, 0.006026017007271609]], "chi2_level": 0.997, "chi2_df": 3, "chi2_threshold": 13.931422665512084, "N_raw": 42, "N_roi": 42, "N_inlier": 42, "refit": true}
{"timestamp": "15:41:00.077460", "frame": 43, "mu": [-1.10034637234742, 0.5242704424493451, 1.4746907210588205], "Sigma": [[0.0003284647332048243, 0.00022302099246317928, -0.00046479152125468095], [0.00022302099246317926, 0.00025424512713131205, -0.0002119238644588939], [-0.0004647915212546809, -0.0002119238644588939, 0.0007690456017556189]], "chi2_level": 0.997, "chi2_df": 3, "chi2_threshold": 13.931422665512084, "N_raw": 5, "N_roi": 5, "N_inlier": 5, "refit": true}
{"timestamp": "15:41:00.137019", "frame": 44, "mu": [-1.1379330052387708, 0.4307857177302356, 1.4399488377857825], "Sigma": [[0.003367174462986691, 0.001694201397563786, 0.0005263383656791682], [0.001694201397563786, 0.005205512550109746, -0.003231306446457861], [0.0005263383656791682, -0.003231306446457861, 0.003471131679416969]], "chi2_level": 0.997, "chi2_df": 3, "chi2_threshold": 13.931422665512084, "N_raw": 38, "N_roi": 38, "N_inlier": 38, "refit": true}
{"timestamp": "15:41:00.190286", "frame": 45, "mu": [-1.137337192864538, 0.5056811677954764, 1.4151784125989901], "Sigma": [[0.0018354395741902018, 0.00042234482894462925, -0.00043985709378293724], [0.00042234482894462915, 0.0026594593059044197, -0.001960864915397279], [-0.00043985709378293724, -0.0019608649153972793, 0.001876137742524882]], "chi2_level": 0.997, "chi2_df": 3, "chi2_threshold": 13.931422665512084, "N_raw": 26, "N_roi": 25, "N_inlier": 23, "refit": true}
{"timestamp": "15:41:00.243842", "frame": 46, "mu": [-1.118903356397537, 0.5492430195241355, 1.5251872430824032], "Sigma": [[0.0021330214408493624, -0.00019865687277268248, -0.0005653127129561642], [-0.00019865687277268254, 0.0023469564932137744, -0.000908325284808038], [-0.0005653127129561642, -0.000908325284808038, 0.0008144484465247339]], "chi2_level": 0.997, "chi2_df": 3, "chi2_threshold": 13.931422665512084, "N_raw": 20, "N_roi": 20, "N_inlier": 20, "refit": true}
{"timestamp": "15:41:00.302012", "frame": 47, "mu": [-0.9004633650994751, 0.576819252021267, -0.6198503029169381], "Sigma": [[0.38168865585162887, -0.04145225188681037, -0.01337235132035992], [-0.04145225188681037, 0.024029654646818485, -0.0054805210935986275], [-0.01337235132035992, -0.005480521093598628, 0.02474148928968027]], "chi2_level": 0.997, "chi2_df": 3, "chi2_threshold": 13.931422665512084, "N_raw": 33, "N_roi": 33, "N_inlier": 33, "refit": true}
{"timestamp": "15:41:00.356379", "frame": 48, "mu": [-1.1265697763494025, 0.5676361032457289, 1.3283530560711156], "Sigma": [[0.009617495597759474, 0.005566635508272804, -0.01708225144159147], [0.005566635508272804, 0.0061270466895062365, -0.013054325611519967], [-0.017082251441591468, -0.013054325611519967, 0.05247534137635573]], "chi2_level": 0.997, "chi2_df": 3, "chi2_threshold": 13.931422665512084, "N_raw": 27, "N_roi": 27, "N_inlier": 27, "refit": true}
{"timestamp": "15:41:00.412480", "frame": 49, "mu": [-1.17871217176596, 0.5955276269938854, 1.3654302480170275], "Sigma": [[0.009216297718506067, 0.006332208816997753, -0.013938519548330005], [0.006332208816997754, 0.006557900540955226, -0.008189683268812923], [-0.013938519548330005, -0.008189683268812923, 0.04230532359878597]], "chi2_level": 0.997, "chi2_df": 3, "chi2_threshold": 13.931422665512084, "N_raw": 35, "N_roi": 35, "N_inlier": 35, "refit": true}
{"timestamp": "15:41:00.476009", "frame": 50, "mu": [-1.0887463284677217, 0.6625701701855478, 1.3060604348688554], "Sigma": [[0.009546539089876517, 0.004668010311233558, -0.004091909692466396], [0.004668010311233558, 0.005060933139296452, -0.005368846815662797], [-0.004091909692466396, -0.005368846815662797, 0.008310792414231945]], "chi2_level": 0.997, "chi2_df": 3, "chi2_threshold": 13.931422665512084, "N_raw": 79, "N_roi": 79, "N_inlier": 77, "refit": true}
{"timestamp": "15:41:00.533366", "frame": 51, "mu": [-1.0765924561937126, 0.7578165901225237, 1.504634996642679], "Sigma": [[0.011925427959828854, 0.0032670665475040637, -0.004629198873471502], [0.0032670665475040637, 0.005404853338087256, -0.005423213753046573], [-0.004629198873471502, -0.005423213753046573, 0.007575919011869097]], "chi2_level": 0.997, "chi2_df": 3, "chi2_threshold": 13.931422665512084, "N_raw": 91, "N_roi": 91, "N_inlier": 89, "refit": true}
{"timestamp": "15:41:00.584662", "frame": 52, "mu": [-1.0833417323028232, 0.9018481560852932, -0.2914664590384505], "Sigma": [[0.007013898090345521, 0.004064722439548408, -0.0009094032148973291], [0.004064722439548408, 0.008735010903736013, -0.0075442630070486], [-0.000909403214897329, -0.007544263007048601, 0.010052881070532855]], "chi2_level": 0.997, "chi2_df": 3, "chi2_threshold": 13.931422665512084, "N_raw": 74, "N_roi": 74, "N_inlier": 70, "refit": true}
{"timestamp": "15:41:00.631561", "frame": 53, "mu": [-0.9409016568582735, 0.8874651568876061, 1.3850786083897364], "Sigma": [[0.013019904348422586, 0.006651829038184063, -0.03016618704318618], [0.006651829038184063, 0.006749796019075505, -0.012668945160309322], [-0.03016618704318618, -0.01266894516030932, 0.10178968755991954]], "chi2_level": 0.997, "chi2_df": 3, "chi2_threshold": 13.931422665512084, "N_raw": 12, "N_roi": 12, "N_inlier": 12, "refit": true}
{"timestamp": "15:41:00.687173", "frame": 54, "mu": [-1.1059624026821784, 0.8577734477782692, 1.6595448726290039], "Sigma": [[0.01140773997279669, 0.006181973621712959, -0.010823456453655476], [0.006181973621712959, 0.005993020280095154, -0.007797997594564481], [-0.010823456453655476, -0.00779799759456448, 0.024533437341754363]], "chi2_level": 0.997, "chi2_df": 3, "chi2_threshold": 13.931422665512084, "N_raw": 24, "N_roi": 24, "N_inlier": 23, "refit": true}
{"timestamp": "15:41:00.751534", "frame": 55, "mu": [-0.9489289606821033, 0.8843343870154117, 1.4563269683057594], "Sigma": [[0.008434051135537154, 0.004843826689070066, -0.0053423658982960035], [0.004843826689070066, 0.006597252311306088, -0.007795609071873921], [-0.0053423658982960035, -0.00779560907187392, 0.01344037498659968]], "chi2_level": 0.997, "chi2_df": 3, "chi2_threshold": 13.931422665512084, "N_raw": 83, "N_roi": 83, "N_inlier": 80, "refit": true}
{"timestamp": "15:41:00.797678", "frame": 56, "mu": [-1.0656481105528008, 0.8856047456311981, 1.6224879982394926], "Sigma": [[0.024938987695572783, 0.014913949834004629, -0.02527601989043992], [0.014913949834004629, 0.016073752766534714, -0.019107622374119032], [-0.02527601989043992, -0.019107622374119032, 0.030221419508887123]], "chi2_level": 0.997, "chi2_df": 3, "chi2_threshold": 13.931422665512084, "N_raw": 23, "N_roi": 23, "N_inlier": 22, "refit": true}
{"timestamp": "15:41:00.856249", "frame": 57, "mu": [-0.8851771408814951, 1.022426690822118, 1.3738143324321146], "Sigma": [[0.006095738435736418, -0.0019021507334602034, -0.0018674487230916654], [-0.0019021507334602032, 0.002721471126824709, -0.0008909305911335798], [-0.001867448723091665, -0.0008909305911335796, 0.005662554335127309]], "chi2_level": 0.997, "chi2_df": 3, "chi2_threshold": 13.931422665512084, "N_raw": 47, "N_roi": 47, "N_inlier": 43, "refit": true}
{"timestamp": "15:41:00.908873", "frame": 58, "mu": [-0.8237332694022579, 1.1405800801628223, -0.30333591099148194], "Sigma": [[0.010754161146487385, 0.0055131031518831424, -0.014393939353485105], [0.0055131031518831424, 0.006611830719787563, -0.012978350829269744], [-0.014393939353485105, -0.012978350829269746, 0.04886387410130362]], "chi2_level": 0.997, "chi2_df": 3, "chi2_threshold": 13.931422665512084, "N_raw": 28, "N_roi": 28, "N_inlier": 27, "refit": true}
{"timestamp": "15:41:00.961087", "frame": 59, "mu": [-0.7532220705128195, 1.025251307758703, 1.1073162228442968], "Sigma": [[0.004925373980347548, -0.0014094733231780389, -0.01306397956366704], [-0.0014094733231780389, 0.0057985986825615865, 0.005021388551543523], [-0.013063979563667037, 0.0050213885515435226, 0.05470265970267703]], "chi2_level": 0.997, "chi2_df": 3, "chi2_threshold": 13.931422665512084, "N_raw": 16, "N_roi": 16, "N_inlier": 15, "refit": true}
{"timestamp": "15:41:01.015143", "frame": 60, "mu": [-0.7313486684311749, 1.2152730567313235, 1.3043558836734306], "Sigma": [[0.0026228870988090403, -0.0023937571184959585, -0.006452270574209565], [-0.0023937571184959585, 0.00383193900586188, 0.003878271169880673], [-0.006452270574209565, 0.0038782711698806737, 0.08729321632714909]], "chi2_level": 0.997, "chi2_df": 3, "chi2_threshold": 13.931422665512084, "N_raw": 8, "N_roi": 8, "N_inlier": 8, "refit": true}
{"timestamp": "15:41:01.076295", "frame": 61, "mu": [-0.7091775830018322, 1.2079444007728388, 1.2909965831071233], "Sigma": [[0.003516381892946201, 0.0005462240948737014, -0.004184067565112033], [0.0005462240948737016, 0.0028711689110059954, -0.004180044047576718], [-0.004184067565112033, -0.004180044047576718, 0.015159119903358217]], "chi2_level": 0.997, "chi2_df": 3, "chi2_threshold": 13.931422665512084, "N_raw": 53, "N_roi": 53, "N_inlier": 52, "refit": true}
{"timestamp": "15:41:01.131889", "frame": 62, "mu": [-0.6477312367675312, 1.2013064848357926, 1.335204531105002], "Sigma": [[0.004083184130600726, -0.0012188507043902233, -0.0025718962333120747], [-0.0012188507043902235, 0.0031318802163423573, -0.0010204701139748962], [-0.002571896233312075, -0.001020470113974896, 0.00365515291098111]], "chi2_level": 0.997, "chi2_df": 3, "chi2_threshold": 13.931422665512084, "N_raw": 46, "N_roi": 46, "N_inlier": 44, "refit": true}
{"timestamp": "15:41:01.187467", "frame": 63, "mu": [-0.5655178207819422, 1.2278593028579536, 1.0965124305835179], "Sigma": [[0.002876653450386299, -0.0007699584020150706, -0.0019271259455829583], [-0.0007699584020150705, 0.0022410470884912915, -0.002054637242999144], [-0.0019271259455829583, -0.0020546372429991436, 0.09966071369194703]], "chi2_level": 0.997, "chi2_df": 3, "chi2_threshold": 13.931422665512084, "N_raw": 51, "N_roi": 50, "N_inlier": 49, "refit": true}
{"timestamp": "15:41:01.243607", "frame": 64, "mu": [-0.5953068277922422, 1.301322844702125, 1.2098135651382154], "Sigma": [[0.0048131999576624925, -0.002286253230302261, -0.0006180553613740975], [-0.0022862532303022606, 0.006233771617038118, 0.012855301621310256], [-0.0006180553613740975, 0.012855301621310256, 0.0819600860586126]], "chi2_level": 0.997, "chi2_df": 3, "chi2_threshold": 13.931422665512084, "N_raw": 62, "N_roi": 62, "N_inlier": 60, "refit": true}
{"timestamp": "15:41:01.300508", "frame": 65, "mu": [-0.5241651843880172, 1.3147586838302285, 1.1088684409637213], "Sigma": [[0.003405197127779863, -0.000570534977396372, -0.0067802842227237675], [-0.0005705349773963721, 0.00171684241334877, 0.0008548167858709145], [-0.0067802842227237675, 0.0008548167858709149, 0.0691199309442189]], "chi2_level": 0.997, "chi2_df": 3, "chi2_threshold": 13.931422665512084, "N_raw": 78, "N_roi": 78, "N_inlier": 75, "refit": true}
{"timestamp": "15:41:01.356891", "frame": 66, "mu": [-0.5813028081424315, 1.3681040827833044, 1.0754772755842243], "Sigma": [[0.007970866673240947, -7.459927195442307e-05, 0.023366969706590655], [-7.459927195442275e-05, 0.003646191448051244, 0.02023932913252816], [0.023366969706590655, 0.020239329132528155, 0.3851341959718415]], "chi2_level": 0.997, "chi2_df": 3, "chi2_threshold": 13.931422665512084, "N_raw": 83, "N_roi": 83, "N_inlier": 83, "refit": true}
{"timestamp": "15:41:01.417612", "frame": 67, "mu": [-0.5181008607458802, 1.400552165777937, 0.973038159470666], "Sigma": [[0.010427722648238122, -0.001232518200950611, 0.02742877650847418], [-0.0012325182009506105, 0.002893281694006926, 0.0022705861156316937], [0.02742877650847418, 0.0022705861156316937, 0.31178252568961107]], "chi2_level": 0.997, "chi2_df": 3, "chi2_threshold": 13.931422665512084, "N_raw": 121, "N_roi": 121, "N_inlier": 121, "refit": true}
{"timestamp": "15:41:01.465115", "frame": 68, "mu": [-0.48764759580736383, 1.4491572478142283, 1.2598965573004441], "Sigma": [[0.00520018502116757, -0.0008604138545995295, -0.0018670138990395631], [-0.0008604138545995296, 0.0013176434444103046, -0.002887593882827544], [-0.0018670138990395625, -0.002887593882827544, 0.019937255756226416]], "chi2_level": 0.997, "chi2_df": 3, "chi2_threshold": 13.931422665512084, "N_raw": 71, "N_roi": 71, "N_inlier": 66, "refit": true}
{"timestamp": "15:41:01.514717", "frame": 69, "mu": [-0.4603615595382874, 1.5328500116325257, 1.078089014112242], "Sigma": [[0.0018075908272888975, -0.0005708437434231232, -0.0034814183606362227], [-0.0005708437434231232, 0.006984428186612573, 0.027574883091092538], [-0.0034814183606362227, 0.027574883091092538, 0.196055103511891]], "chi2_level": 0.997, "chi2_df": 3, "chi2_threshold": 13.931422665512084, "N_raw": 34, "N_roi": 34, "N_inlier": 33, "refit": true}
{"timestamp": "15:41:01.575259", "frame": 70, "mu": [-0.421596002658143, 1.4831107527351612, 1.2763663829588725], "Sigma": [[0.005401867771343363, -0.0014530248630173835, -0.0017874900822803551], [-0.0014530248630173835, 0.004831934037476082, -0.003443818967338744], [-0.0017874900822803551, -0.003443818967338744, 0.005294471688001636]], "chi2_level": 0.997, "chi2_df": 3, "chi2_threshold": 13.931422665512084, "N_raw": 77, "N_roi": 77, "N_inlier": 72, "refit": true}
{"timestamp": "15:41:01.630003", "frame": 71, "mu": [-0.43590905228552634, 1.5747567118544314, 1.4132939657864976], "Sigma": [[0.005222536317503533, -0.0010542410217202387, -0.002988271778514263], [-0.001054241021720239, 0.005201694420520933, -0.0009648522858462078], [-0.002988271778514263, -0.000964852285846208, 0.0026283794393822317]], "chi2_level": 0.997, "chi2_df": 3, "chi2_threshold": 13.931422665512084, "N_raw": 66, "N_roi": 64, "N_inlier": 60, "refit": true}
{"timestamp": "15:41:01.684400", "frame": 72, "mu": [-0.3905976281544332, 1.6367450777346428, 0.9385305107247421], "Sigma": [[0.0045021612353423, -0.0004237932177063017, -0.00321451077955939], [-0.0004237932177063017, 0.002335010722591653, 0.014212888910801413], [-0.003214510779559389, 0.014212888910801413, 0.1987949910516455]], "chi2_level": 0.997, "chi2_df": 3, "chi2_threshold": 13.931422665512084, "N_raw": 60, "N_roi": 60, "N_inlier": 58, "refit": true}
{"timestamp": "15:41:01.742384", "frame": 73, "mu": [-0.3392798987187531, 1.746072931878647, -0.1807555640795677], "Sigma": [[0.005562639980165772, -0.0032132624826639884, 0.023218270978108656], [-0.0032132624826639884, 0.007513596491621658, -0.03834057927561549], [0.023218270978108656, -0.03834057927561549, 0.2904576655164575]], "chi2_level": 0.997, "chi2_df": 3, "chi2_threshold": 13.931422665512084, "N_raw": 88, "N_roi": 88, "N_inlier": 84, "refit": true}
{"timestamp": "15:41:01.793704", "frame": 74, "mu": [-0.3113282596727654, 1.6572857142050959, 1.3726162800031672], "Sigma": [[0.0054873677239878045, -0.00024867891746620404, -0.003920831519804871], [-0.00024867891746620414, 0.0042517105534136375, -0.002402566045206807], [-0.003920831519804871, -0.002402566045206807, 0.005434000820022629]], "chi2_level": 0.997, "chi2_df": 3, "chi2_threshold": 13.931422665512084, "N_raw": 64, "N_roi": 64, "N_inlier": 60, "refit": true}
{"timestamp": "15:41:01.857423", "frame": 75, "mu": [-0.3092084164015383, 1.7109708726838735, 1.2199040101787406], "Sigma": [[0.008865222371153494, -0.0031252406296224267, 0.00675460401756952], [-0.0031252406296224267, 0.006756929088766177, -0.0025573276106639117], [0.00675460401756952, -0.0025573276106639117, 0.10535630508518307]], "chi2_level": 0.997, "chi2_df": 3, "chi2_threshold": 13.931422665512084, "N_raw": 114, "N_roi": 113, "N_inlier": 110, "refit": true}
{"timestamp": "15:41:01.913325", "frame": 76, "mu": [-0.3051604731333125, 1.905189553736917, -0.44042293562788926], "Sigma": [[0.008577812591222462, -0.0004513304294239141, 0.00794443213776092], [-0.0004513304294239142, 0.013788243180071756, -0.05474317814700785], [0.007944432137760919, -0.054743178147007854, 0.3456962397128237]], "chi2_level": 0.997, "chi2_df": 3, "chi2_threshold": 13.931422665512084, "N_raw": 117, "N_roi": 117, "N_inlier": 115, "refit": true}
{"timestamp": "15:41:01.964369", "frame": 77, "mu": [-0.2772356831434174, 1.8272646382202251, 0.7614433515850955], "Sigma": [[0.006720005694812099, -0.0015358921271288457, -0.003958913259084016], [-0.0015358921271288457, 0.0031244634114804687, -0.003080996416261724], [-0.003958913259084014, -0.003080996416261724, 0.46362860317023497]], "chi2_level": 0.997, "chi2_df": 3, "chi2_threshold": 13.931422665512084, "N_raw": 99, "N_roi": 99, "N_inlier": 99, "refit": true}
{"timestamp": "15:41:02.019052", "frame": 78, "mu": [-0.2166203167230332, 1.8394515062564, 1.219024312746373], "Sigma": [[0.007737317318498251, -0.0010582581881410512, -0.017434993668914302], [-0.0010582581881410512, 0.0025708634791473815, 0.004137931617521696], [-0.017434993668914302, 0.004137931617521696, 0.2652818874786466]], "chi2_level": 0.997, "chi2_df": 3, "chi2_threshold": 13.931422665512084, "N_raw": 94, "N_roi": 94, "N_inlier": 94, "refit": true}
{"timestamp": "15:41:02.074155", "frame": 79, "mu": [-0.20616959954313582, 1.8851324002321794, 1.2177531941578392], "Sigma": [[0.006137752905961688, -0.00027586819260810034, 0.000936515641602124], [-0.00027586819260810034, 0.004910756292412491, -0.008537983287171761], [0.0009365156416021245, -0.008537983287171761, 0.22944662212389802]], "chi2_level": 0.997, "chi2_df": 3, "chi2_threshold": 13.931422665512084, "N_raw": 98, "N_roi": 96, "N_inlier": 96, "refit": true}
{"timestamp": "15:41:02.128974", "frame": 80, "mu": [-0.20150323167350673, 1.8742401782368914, 0.996266039936379], "Sigma": [[0.00639887023189065, -0.0012462741998412632, -0.0071350080600822065], [-0.0012462741998412635, 0.010057720019117325, 0.06201080156114793], [-0.007135008060082207, 0.06201080156114793, 0.6059803730112936]], "chi2_level": 0.997, "chi2_df": 3, "chi2_threshold": 13.931422665512084, "N_raw": 93, "N_roi": 93, "N_inlier": 92, "refit": true}
{"timestamp": "15:41:02.172932", "frame": 81, "mu": [-0.1831767137689208, 1.943585757005467, 0.7829709903817407], "Sigma": [[0.0009926322415134943, 0.0004975009805631728, 0.0132977939499971], [0.0004975009805631729, 0.004316780609930216, 0.0020941976456309], [0.0132977939499971, 0.0020941976456309, 0.6417134261396213]], "chi2_level": 0.997, "chi2_df": 3, "chi2_threshold": 13.931422665512084, "N_raw": 9, "N_roi": 9, "N_inlier": 9, "refit": true}
{"timestamp": "15:41:02.233505", "frame": 82, "mu": [-0.11211618988982833, 1.9824554705170145, 1.375892432474985], "Sigma": [[0.00712590109801509, -0.0033098830522379913, -0.003768781965523507], [-0.0033098830522379913, 0.009328469997539038, 0.002668241041615697], [-0.003768781965523507, 0.002668241041615697, 0.0026846459498775987]], "chi2_level": 0.997, "chi2_df": 3, "chi2_threshold": 13.931422665512084, "N_raw": 70, "N_roi": 70, "N_inlier": 66, "refit": true}
{"timestamp": "15:41:02.290597", "frame": 83, "mu": [-0.07173676506151032, 1.9663466655533584, 1.3073390293455147], "Sigma": [[0.0077118100388813135, -0.0019058774292811487, -0.0026241890867986554], [-0.0019058774292811487, 0.007264197528983743, -0.0008614533245426801], [-0.0026241890867986554, -0.0008614533245426801, 0.0018250310797869199]], "chi2_level": 0.997, "chi2_df": 3, "chi2_threshold": 13.931422665512084, "N_raw": 78, "N_roi": 76, "N_inlier": 71, "refit": true}
{"timestamp": "15:41:02.341646", "frame": 84, "mu": [-0.05729501009163063, 2.109023899423934, -0.08325660386298214], "Sigma": [[0.006078239203527442, -0.0002726429080927243, -0.006306883907731981], [-0.0002726429080927242, 0.009808488705644198, -0.028375968759664978], [-0.006306883907731982, -0.028375968759664978, 0.11640833868439186]], "chi2_level": 0.997, "chi2_df": 3, "chi2_threshold": 13.931422665512084, "N_raw": 46, "N_roi": 46, "N_inlier": 44, "refit": true}
{"timestamp": "15:41:02.397081", "frame": 85, "mu": [-0.06910830335108412, 1.9907957649046126, 0.8678225429880095], "Sigma": [[0.013846445440416947, 0.00806031505473264, 0.05920998965859374], [0.00806031505473264, 0.0095444360695431, 0.05785516688232504], [0.05920998965859374, 0.05785516688232504, 0.5361542857503666]], "chi2_level": 0.997, "chi2_df": 3, "chi2_threshold": 13.931422665512084, "N_raw": 50, "N_roi": 46, "N_inlier": 45, "refit": true}
{"timestamp": "15:41:02.454476", "frame": 86, "mu": [-0.033546488113416886, 2.0991100170104118, 0.6822151650248889], "Sigma": [[0.011709914946886191, 0.0029532343941604663, 0.0130043361715967], [0.0029532343941604663, 0.006846802450688984, 0.03709088068830078], [0.0130043361715967, 0.037090880688300784, 0.4539078031916834]], "chi2_level": 0.997, "chi2_df": 3, "chi2_threshold": 13.931422665512084, "N_raw": 67, "N_roi": 67, "N_inlier": 66, "refit": true}
{"timestamp": "15:41:02.517505", "frame": 87, "mu": [-0.01668032881048821, 2.0830814988725885, 0.672948827705095], "Sigma": [[0.022042214260525824, 0.004055833695090084, 0.04118221288736018], [0.004055833695090084, 0.005411146837366916, 0.029511207935828572], [0.041182212887360174, 0.029511207935828572, 0.3988721535524675]], "chi2_level": 0.997, "chi2_df": 3, "chi2_threshold": 13.931422665512084, "N_raw": 122, "N_roi": 122, "N_inlier": 122, "refit": true}
{"timestamp": "15:41:02.571284", "frame": 88, "mu": [0.03147042037799401, 2.1360249456487397, 0.7719117381776553], "Sigma": [[0.024556293652145518, 0.004113244679418317, 0.05333084446306087], [0.004113244679418317, 0.003629221641437195, 0.00679912626946625], [0.05333084446306087, 0.006799126269466249, 0.4373618731531016]], "chi2_level": 0.997, "chi2_df": 3, "chi2_threshold": 13.931422665512084, "N_raw": 114, "N_roi": 114, "N_inlier": 114, "refit": true}
{"timestamp": "15:41:02.630414", "frame": 89, "mu": [0.0625449597001105, 2.1622786270075647, -0.19958044010154483], "Sigma": [[0.01871114138179602, 0.0005723739495951475, 0.1384107533540759], [0.0005723739495951475, 0.005852558675249671, 0.027308845416851163], [0.1384107533540759, 0.027308845416851163, 1.6694422112089318]], "chi2_level": 0.997, "chi2_df": 3, "chi2_threshold": 13.931422665512084, "N_raw": 134, "N_roi": 130, "N_inlier": 128, "refit": true}
{"timestamp": "15:41:02.685455", "frame": 90, "mu": [0.07520718456315113, 2.224883780840135, 0.962115410305147], "Sigma": [[0.020397477819137713, -0.002284744515954562, 0.04310653669860019], [-0.002284744515954562, 0.004854488625843928, -0.006892892101824194], [0.04310653669860019, -0.006892892101824194, 0.32206307339261403]], "chi2_level": 0.997, "chi2_df": 3, "chi2_threshold": 13.931422665512084, "N_raw": 137, "N_roi": 137, "N_inlier": 136, "refit": true}
{"timestamp": "15:41:02.738365", "frame": 91, "mu": [0.17725516090485408, 2.2423393714385025, 1.1946911565122285], "Sigma": [[0.013941514378057919, -0.0008507810254019582, 0.02412376009906949], [-0.0008507810254019582, 0.005024650978684891, -0.003985949774035973], [0.02412376009906949, -0.003985949774035973, 0.15244818404268953]], "chi2_level": 0.997, "chi2_df": 3, "chi2_threshold": 13.931422665512084, "N_raw": 99, "N_roi": 99, "N_inlier": 96, "refit": true}
{"timestamp": "15:41:02.787341", "frame": 92, "mu": [0.18872584749972207, 2.2891602591971254, 1.1622143341262885], "Sigma": [[0.007649759639213443, -0.0019621489515180466, 0.006598412066677844], [-0.001962148951518046, 0.00809107592009948, 0.036291025300463284], [0.006598412066677846, 0.036291025300463284, 0.4123103286947461]], "chi2_level": 0.997, "chi2_df": 3, "chi2_threshold": 13.931422665512084, "N_raw": 80, "N_roi": 80, "N_inlier": 79, "refit": true}
{"timestamp": "15:41:02.834880", "frame": 93, "mu": [0.23430859508527727, 2.3193441232419265, 1.159287169826397], "Sigma": [[0.004192541654372657, -0.0015097197103163223, 0.0005871758130094941], [-0.0015097197103163223, 0.003740411812836133, 0.01222649663307423], [0.0005871758130094943, 0.012226496633074228, 0.16281454339258325]], "chi2_level": 0.997, "chi2_df": 3, "chi2_threshold": 13.931422665512084, "N_raw": 35, "N_roi": 35, "N_inlier": 34, "refit": true}
{"timestamp": "15:41:02.888882", "frame": 94, "mu": [0.23548418874371915, 2.307873410008258, 0.21618023353569993], "Sigma": [[0.003279623442843749, 0.0002717592906405048, -0.006669710320396703], [0.0002717592906405047, 0.008230036296893863, 0.019807779323372687], [-0.006669710320396703, 0.019807779323372687, 0.502429592533291]], "chi2_level": 0.997, "chi2_df": 3, "chi2_threshold": 13.931422665512084, "N_raw": 23, "N_roi": 23, "N_inlier": 22, "refit": true}
{"timestamp": "15:41:02.944796", "frame": 95, "mu": [0.28611952020109666, 2.321015603592476, 1.02406337717787], "Sigma": [[0.0037586680498307525, -0.0020938563302004554, -0.0057021870501992485], [-0.0020938563302004554, 0.00823856014737698, 0.029121588275107385], [-0.0057021870501992485, 0.029121588275107385, 0.17861083509655648]], "chi2_level": 0.997, "chi2_df": 3, "chi2_threshold": 13.931422665512084, "N_raw": 32, "N_roi": 30, "N_inlier": 29, "refit": true}
{"timestamp": "15:41:03.001396", "frame": 96, "mu": [0.3061915988025632, 2.030575520395133, 0.7311426553348321], "Sigma": [[0.005385134923099064, -0.004190037977334226, -0.008183000540292817], [-0.004190037977334224, 0.4806558855158238, 0.7649384148004865], [-0.008183000540292815, 0.7649384148004865, 1.256621699215773]], "chi2_level": 0.997, "chi2_df": 3, "chi2_threshold": 13.931422665512084, "N_raw": 43, "N_roi": 43, "N_inlier": 42, "refit": true}
{"timestamp": "15:41:03.056464", "frame": 97, "mu": [0.3439133960739045, 2.449049264625412, 1.3576089602191033], "Sigma": [[0.006649819320169102, 3.73774371690025e-05, -0.0015213257838335714], [3.73774371690025e-05, 0.004510587484578087, -0.0034013429723248386], [-0.0015213257838335714, -0.0034013429723248377, 0.05688693544271599]], "chi2_level": 0.997, "chi2_df": 3, "chi2_threshold": 13.931422665512084, "N_raw": 47, "N_roi": 42, "N_inlier": 40, "refit": true}
{"timestamp": "15:41:03.113594", "frame": 98, "mu": [0.34678140280948866, 2.3742693926987326, 0.6932407312428102], "Sigma": [[0.007694971101933558, 0.006122953814980255, 0.017800332628653485], [0.006122953814980254, 0.10332212619415873, 0.13466524779192626], [0.017800332628653485, 0.13466524779192626, 0.2637684712339835]], "chi2_level": 0.997, "chi2_df": 3, "chi2_threshold": 13.931422665512084, "N_raw": 58, "N_roi": 58, "N_inlier": 56, "refit": true}
{"timestamp": "15:41:03.167507", "frame": 99, "mu": [0.40141851471947854, 2.4801849538536125, 1.3275172695857163], "Sigma": [[0.007538814617065064, -0.002769216111327439, -0.003374429875620407], [-0.0027692161113274387, 0.05980214555721213, 0.08208933293626479], [-0.003374429875620407, 0.08208933293626478, 0.12765629555457048]], "chi2_level": 0.997, "chi2_df": 3, "chi2_threshold": 13.931422665512084, "N_raw": 54, "N_roi": 54, "N_inlier": 50, "refit": true}
{"timestamp": "15:41:03.308847", "frame": 100, "mu": [0.4284033955006166, 2.538895444929347, 0.8843529634443901], "Sigma": [[0.008029633374081666, -0.00017144676935472176, 0.005095774747344446], [-0.00017144676935472157, 0.005957462525926671, 0.01885241616346094], [0.005095774747344447, 0.01885241616346094, 0.16757709338718646]], "chi2_level": 0.997, "chi2_df": 3, "chi2_threshold": 13.931422665512084, "N_raw": 58, "N_roi": 58, "N_inlier": 57, "refit": true}
{"timestamp": "15:41:03.315403", "frame": 101, "mu": [0.4811444256292721, 2.5397160344694316, 1.0780903927344518], "Sigma": [[0.007104785121085841, -0.002187644553378942, -0.0019474163132295174], [-0.002187644553378942, 0.004040490398325104, -0.0014771799042484009], [-0.0019474163132295178, -0.0014771799042484009, 0.13709416533800542]], "chi2_level": 0.997, "chi2_df": 3, "chi2_threshold": 13.931422665512084, "N_raw": 66, "N_roi": 66, "N_inlier": 65, "refit": true}
{"timestamp": "15:41:03.354478", "frame": 102, "mu": [0.45678516220942145, 2.5944750007356796, 1.429848093411085], "Sigma": [[0.007578803734385165, -0.0024532258616663085, -0.009497148947865063], [-0.0024532258616663085, 0.005891209345323113, 0.006728051014636742], [-0.009497148947865063, 0.006728051014636743, 0.0673488490217413]], "chi2_level": 0.997, "chi2_df": 3, "chi2_threshold": 13.931422665512084, "N_raw": 48, "N_roi": 48, "N_inlier": 46, "refit": true}
{"timestamp": "15:41:03.386340", "frame": 103, "mu": [0.5330529225570618, 2.594129064637561, 0.5301121777292589], "Sigma": [[0.009457703465197273, -0.004476569540088443, -0.022035779793062774], [-0.004476569540088443, 0.005165947057726186, 0.03261770926596318], [-0.022035779793062774, 0.03261770926596318, 0.7009858629984383]], "chi2_level": 0.997, "chi2_df": 3, "chi2_threshold": 13.931422665512084, "N_raw": 50, "N_roi": 50, "N_inlier": 50, "refit": true}
{"timestamp": "15:41:03.441721", "frame": 104, "mu": [0.5793474887779131, 2.853073816955564, -0.39404943020754246], "Sigma": [[0.006909343740935014, -0.001993346947029735, -9.098418592236573e-05], [-0.001993346947029735, 0.03477130149208857, -0.08608639594863132], [-9.09841859223666e-05, -0.08608639594863132, 0.22867366186389457]], "chi2_level": 0.997, "chi2_df": 3, "chi2_threshold": 13.931422665512084, "N_raw": 50, "N_roi": 50, "N_inlier": 49, "refit": true}
{"timestamp": "15:41:03.496514", "frame": 105, "mu": [0.5412259424958135, 2.830860975409945, -0.17455760689763475], "Sigma": [[0.008163012994638558, 0.002889978161437632, -0.020037728198121534], [0.0028899781614376316, 0.035914718543555574, -0.11357921336247542], [-0.02003772819812153, -0.11357921336247542, 0.4116568391729457]], "chi2_level": 0.997, "chi2_df": 3, "chi2_threshold": 13.931422665512084, "N_raw": 51, "N_roi": 51, "N_inlier": 51, "refit": true}
{"timestamp": "15:41:03.546446", "frame": 106, "mu": [0.5740610406677912, 2.6883246990478358, 0.6700019407225924], "Sigma": [[0.0012072144046993696, -0.0010589359186540578, 0.0057974084186756605], [-0.0010589359186540576, 0.004513177839246136, -0.030604443162344237], [0.005797408418675658, -0.030604443162344237, 0.35770872533221026]], "chi2_level": 0.997, "chi2_df": 3, "chi2_threshold": 13.931422665512084, "N_raw": 13, "N_roi": 10, "N_inlier": 10, "refit": true}
{"timestamp": "15:41:03.605400", "frame": 107, "mu": [0.6455375105408553, 2.7114671134103263, 1.0328574775174073], "Sigma": [[0.005320363009560751, -0.0020069567798986954, -0.005637552891138897], [-0.0020069567798986954, 0.0018133194925165472, -0.00478048762622282], [-0.005637552891138897, -0.004780487626222819, 0.1175301105745588]], "chi2_level": 0.997, "chi2_df": 3, "chi2_threshold": 13.931422665512084, "N_raw": 42, "N_roi": 42, "N_inlier": 40, "refit": true}
{"timestamp": "15:41:03.661139", "frame": 108, "mu": [0.659738445534508, 2.732820386484804, 1.299987805765013], "Sigma": [[0.009002695067692348, -0.0021154032374506465, -0.003143230152641897], [-0.0021154032374506465, 0.003862178043018851, -0.0014249276609866563], [-0.003143230152641897, -0.0014249276609866563, 0.003382589471511527]], "chi2_level": 0.997, "chi2_df": 3, "chi2_threshold": 13.931422665512084, "N_raw": 44, "N_roi": 44, "N_inlier": 41, "refit": true}
{"timestamp": "15:41:03.716622", "frame": 109, "mu": [0.6761941170478967, 2.7772195697874325, 1.2879047426173258], "Sigma": [[0.008870670324838651, -0.0018582803126652911, -0.0014981611982548798], [-0.0018582803126652911, 0.0037742657494227476, -0.002875824905995532], [-0.0014981611982548798, -0.0028758249059955324, 0.007050787728305418]], "chi2_level": 0.997, "chi2_df": 3, "chi2_threshold": 13.931422665512084, "N_raw": 49, "N_roi": 49, "N_inlier": 46, "refit": true}
{"timestamp": "15:41:03.773865", "frame": 110, "mu": [0.6590915805509908, 2.8707962595990044, 1.1978680914626592], "Sigma": [[0.01142437552724736, -0.00636734617223238, 0.0034431387552402533], [-0.00636734617223238, 0.00658585821191164, -0.007127348470773379], [0.003443138755240253, -0.007127348470773379, 0.030325809387867164]], "chi2_level": 0.997, "chi2_df": 3, "chi2_threshold": 13.931422665512084, "N_raw": 60, "N_roi": 60, "N_inlier": 57, "refit": true}
{"timestamp": "15:41:03.822942", "frame": 111, "mu": [0.6487857402444969, 2.8113327925465694, 0.5126362843054986], "Sigma": [[0.00902788365803764, 0.0007094056608683112, 0.026447076444219578], [0.0007094056608683112, 0.00263775522306742, 0.016882300801778223], [0.026447076444219578, 0.016882300801778227, 0.208983598662587]], "chi2_level": 0.997, "chi2_df": 3, "chi2_threshold": 13.931422665512084, "N_raw": 19, "N_roi": 19, "N_inlier": 18, "refit": true}
{"timestamp": "15:41:03.878762", "frame": 112, "mu": [0.6213255761710101, 2.8565318434080105, 0.46407994232385275], "Sigma": [[0.014920272986238632, -0.002526711686625974, 0.02764990882810118], [-0.002526711686625974, 0.0026286921743870727, 0.0024476106671286225], [0.027649908828101186, 0.0024476106671286225, 0.13928066818655416]], "chi2_level": 0.997, "chi2_df": 3, "chi2_threshold": 13.931422665512084, "N_raw": 28, "N_roi": 28, "N_inlier": 28, "refit": true}
{"timestamp": "15:41:03.933349", "frame": 113, "mu": [0.7325393109105376, 2.9507322530204783, 1.3589508512411277], "Sigma": [[0.005861938116593238, -0.00227378844164246, -0.0021150733278194256], [-0.00227378844164246, 0.0033732488148744797, -0.0008489480972359147], [-0.002115073327819426, -0.0008489480972359147, 0.004846005630789591]], "chi2_level": 0.997, "chi2_df": 3, "chi2_threshold": 13.931422665512084, "N_raw": 29, "N_roi": 27, "N_inlier": 26, "refit": true}
{"timestamp": "15:41:03.992349", "frame": 114, "mu": [0.8507039029658766, 2.9470780659707776, 1.2463017938935443], "Sigma": [[0.011019187186389622, -0.0027245142708865913, -0.005190245679528187], [-0.0027245142708865913, 0.004420293960869406, -0.004846201472716208], [-0.005190245679528187, -0.0048462014727162096, 0.015613509187709006]], "chi2_level": 0.997, "chi2_df": 3, "chi2_threshold": 13.931422665512084, "N_raw": 57, "N_roi": 57, "N_inlier": 55, "refit": true}
{"timestamp": "15:41:04.045960", "frame": 115, "mu": [0.8493708857301913, 3.1377184690544424, -0.14531045488788752], "Sigma": [[0.008312629342543645, -0.0006834027817305443, -0.00718372023298498], [-0.0006834027817305444, 0.012882292852725475, -0.03060360962084526], [-0.007183720232984978, -0.030603609620845258, 0.09254029927030684]], "chi2_level": 0.997, "chi2_df": 3, "chi2_threshold": 13.931422665512084, "N_raw": 38, "N_roi": 38, "N_inlier": 36, "refit": true}
{"timestamp": "15:41:04.098835", "frame": 116, "mu": [0.8712570024942717, 2.8006948441442407, 0.8658195202386109], "Sigma": [[0.004756502403415491, -0.017458796588371562, -0.03639060055373905], [-0.01745879658837156, 0.538706952382364, 0.5465708630231347], [-0.03639060055373905, 0.5465708630231347, 0.8188614676648477]], "chi2_level": 0.997, "chi2_df": 3, "chi2_threshold": 13.931422665512084, "N_raw": 23, "N_roi": 23, "N_inlier": 22, "refit": true}
{"timestamp": "15:41:04.159350", "frame": 117, "mu": [0.832905123301459, 3.1224569326631895, 1.0359907323928943], "Sigma": [[0.015951562037410993, -0.011080142426067946, 0.02257208258481061], [-0.011080142426067946, 0.014938639580164966, -0.039035230661158465], [0.02257208258481061, -0.039035230661158465, 0.17827973114855478]], "chi2_level": 0.997, "chi2_df": 3, "chi2_threshold": 13.931422665512084, "N_raw": 69, "N_roi": 69, "N_inlier": 69, "refit": true}
{"timestamp": "15:41:04.210176", "frame": 118, "mu": [0.9824640624901915, 3.043298488201374, 1.1042141391766935], "Sigma": [[0.010201112027409738, -0.005056612329181896, 0.019736910406134678], [-0.005056612329181896, 0.00563724262281884, -0.021787719592249732], [0.019736910406134678, -0.021787719592249732, 0.1265662903696109]], "chi2_level": 0.997, "chi2_df": 3, "chi2_threshold": 13.931422665512084, "N_raw": 33, "N_roi": 33, "N_inlier": 33, "refit": true}
{"timestamp": "15:41:04.263093", "frame": 119, "mu": [0.9364661395148461, 3.10519913519961, 1.226415393676735], "Sigma": [[0.010560495606922323, -0.0048746461161488655, -0.0020123064111385383], [-0.0048746461161488655, 0.00360979696532811, -0.0020551116519039684], [-0.002012306411138538, -0.002055111651903968, 0.010880970476716682]], "chi2_level": 0.997, "chi2_df": 3, "chi2_threshold": 13.931422665512084, "N_raw": 30, "N_roi": 30, "N_inlier": 29, "refit": true}
{"timestamp": "15:41:04.319715", "frame": 120, "mu": [0.9546886846328231, 3.1807812378545015, 1.259178639215247], "Sigma": [[0.0102987237293926, -0.0039487107714067824, -0.005862455323652794], [-0.003948710771406783, 0.00493292503549798, 0.0004924748401515476], [-0.005862455323652794, 0.0004924748401515478, 0.00803986524484212]], "chi2_level": 0.997, "chi2_df": 3, "chi2_threshold": 13.931422665512084, "N_raw": 36, "N_roi": 36, "N_inlier": 34, "refit": true}
{"timestamp": "15:41:04.373197", "frame": 121, "mu": [0.9771297280900868, 2.88742975400224, 0.38777619022035875], "Sigma": [[0.00926862573062054, -0.014621778719775278, -0.0009319171714192056], [-0.014621778719775276, 0.5378194770879295, 0.601011992795614], [-0.0009319171714192087, 0.601011992795614, 0.8427214183706134]], "chi2_level": 0.997, "chi2_df": 3, "chi2_threshold": 13.931422665512084, "N_raw": 25, "N_roi": 25, "N_inlier": 25, "refit": true}
