{"timestamp": "15:28:26.676888", "frame": 6, "mu": [1.9628478744954916, 2.077049045519208, 1.3707491249702226], "Sigma": [[0.0028306765954613255, -0.0008671637236854694, -0.0032772625397680753], [-0.0008671637236854692, 0.0021876167005504535, -0.0017866997499460546], [-0.0032772625397680757, -0.0017866997499460546, 0.009475687456786251]], "chi2_level": 0.997, "chi2_df": 3, "chi2_threshold": 13.931422665512084, "N_raw": 14, "N_roi": 14, "N_inlier": 14, "refit": true}
{"timestamp": "15:28:26.786888", "frame": 8, "mu": [2.0156563144572415, 2.0296609441548616, 1.3018581230175568], "Sigma": [[0.006104174216591049, -0.002280372114238912, -0.0002793443314468869], [-0.002280372114238912, 0.0035850171140239953, 0.0012059459672255383], [-0.0002793443314468869, 0.0012059459672255383, 0.0008023321254803972]], "chi2_level": 0.997, "chi2_df": 3, "chi2_threshold": 13.931422665512084, "N_raw": 11, "N_roi": 11, "N_inlier": 11, "refit": true}
{"timestamp": "15:28:26.844577", "frame": 9, "mu": [1.9710360765323396, 2.0661204416678367, 1.3875893804136068], "Sigma": [[0.009733800710798768, -0.006472710571658928, -0.0027062280553536372], [-0.006472710571658926, 0.009659948457163526, -0.0003950542908566329], [-0.0027062280553536372, -0.00039505429085663266, 0.0025552388359930587]], "chi2_level": 0.997, "chi2_df": 3, "chi2_threshold": 13.931422665512084, "N_raw": 38, "N_roi": 38, "N_inlier": 38, "refit": true}
{"timestamp": "15:28:26.898765", "frame": 10, "mu": [1.9061939905687597, 2.202478991070872, -0.11557664657415312], "Sigma": [[0.007921691313248375, -0.0048888041038125975, -0.0037344099670588216], [-0.0048888041038125975, 0.007937763414955895, 0.0025961737907438014], [-0.0037344099670588216, 0.0025961737907438014, 0.00241104763619575]], "chi2_level": 0.997, "chi2_df": 3, "chi2_threshold": 13.931422665512084, "N_raw": 31, "N_roi": 31, "N_inlier": 31, "refit": true}
{"timestamp": "15:28:26.952482", "frame": 11, "mu": [1.8743828878606401, 2.067213357648711, 1.2832225217785989], "Sigma": [[0.004795497859259177, -0.004484563934959206, -0.002904587084781126], [-0.004484563934959206, 0.006694024055164868, -0.0029734057445786385], [-0.002904587084781126, -0.0029734057445786385, 0.021107870236962624]], "chi2_level": 0.997, "chi2_df": 3, "chi2_threshold": 13.931422665512084, "N_raw": 23, "N_roi": 23, "N_inlier": 23, "refit": true}
{"timestamp": "15:28:27.008659", "frame": 12, "mu": [1.9297804490397612, 2.124863963509913, -0.03362660180119507], "Sigma": [[0.003953477114754031, 0.0003517881423555229, -0.006371093029449972], [0.0003517881423555227, 0.0038429592881959822, -0.0038870256057168123], [-0.006371093029449973, -0.0038870256057168123, 0.015384667930263966]], "chi2_level": 0.997, "chi2_df": 3, "chi2_threshold": 13.931422665512084, "N_raw": 15, "N_roi": 15, "N_inlier": 15, "refit": true}
{"timestamp": "15:28:27.064649", "frame": 13, "mu": [1.9504907141544476, 2.050476612263287, 1.0982232452084009], "Sigma": [[0.004152724346995496, -0.0034247872310888016, -0.0012847875226802284], [-0.003424787231088801, 0.006865688232517685, -0.007786874853325569], [-0.0012847875226802287, -0.007786874853325568, 0.02579919800696186]], "chi2_level": 0.997, "chi2_df": 3, "chi2_threshold": 13.931422665512084, "N_raw": 21, "N_roi": 21, "N_inlier": 21, "refit": true}
{"timestamp": "15:28:27.119193", "frame": 14, "mu": [1.9082758432618494, 2.091934907469037, 1.2769395505649523], "Sigma": [[0.003543208905932325, -0.0025081480720131727, -0.004093213968795528], [-0.0025081480720131727, 0.005796017397093098, -0.003405215735068419], [-0.004093213968795528, -0.003405215735068419, 0.01685559394263228]], "chi2_level": 0.997, "chi2_df": 3, "chi2_threshold": 13.931422665512084, "N_raw": 17, "N_roi": 17, "N_inlier": 17, "refit": true}
{"timestamp": "15:28:27.173039", "frame": 15, "mu": [1.9865156728867182, 1.9642999471130564, 1.206871149725255], "Sigma": [[0.0083649342539916, -0.0023445102905066137, -0.018757796786198086], [-0.002344510290506614, 0.0038946964906360322, -0.0004188201592157609], [-0.018757796786198086, -0.0004188201592157609, 0.053383875397191874]], "chi2_level": 0.997, "chi2_df": 3, "chi2_threshold": 13.931422665512084, "N_raw": 7, "N_roi": 7, "N_inlier": 7, "refit": true}
{"timestamp": "15:28:27.228992", "frame": 16, "mu": [1.9054064663817056, 2.0548045197733575, 1.358798897555662], "Sigma": [[0.0034444508161625836, -0.0017128028517818805, -0.000980707163644459], [-0.0017128028517818805, 0.0038793143334554946, -0.004646889543759955], [-0.000980707163644459, -0.004646889543759955, 0.009881152405427815]], "chi2_level": 0.997, "chi2_df": 3, "chi2_threshold": 13.931422665512084, "N_raw": 18, "N_roi": 18, "N_inlier": 18, "refit": true}
{"timestamp": "15:28:27.283069", "frame": 17, "mu": [1.8861355974789626, 2.036176468852726, 1.3912653862651059], "Sigma": [[0.005307167104531799, -5.034425111555408e-05, -0.009770539432057107], [-5.0344251115553974e-05, 0.0020440620744799423, -0.0023315087064300797], [-0.009770539432057107, -0.0023315087064300797, 0.022021293758724865]], "chi2_level": 0.997, "chi2_df": 3, "chi2_threshold": 13.931422665512084, "N_raw": 5, "N_roi": 5, "N_inlier": 5, "refit": true}
{"timestamp": "15:28:27.345507", "frame": 18, "mu": [1.860705785339578, 2.105392989925729, 1.2251179707108406], "Sigma": [[0.011081818923654499, -0.007307621430901235, -0.004414892606086053], [-0.007307621430901235, 0.011676560246985447, -0.003876426748226591], [-0.004414892606086053, -0.0038764267482265906, 0.01129687586328468]], "chi2_level": 0.997, "chi2_df": 3, "chi2_threshold": 13.931422665512084, "N_raw": 59, "N_roi": 59, "N_inlier": 58, "refit": true}
{"timestamp": "15:28:27.399830", "frame": 19, "mu": [1.8649429237103625, 2.0826871993213123, 1.2477672226402174], "Sigma": [[0.010383558422791728, -0.005697032251349516, -0.005042603577488014], [-0.005697032251349515, 0.009833441397699481, -0.0011456214028021821], [-0.005042603577488014, -0.0011456214028021823, 0.014471061412715543]], "chi2_level": 0.997, "chi2_df": 3, "chi2_threshold": 13.931422665512084, "N_raw": 54, "N_roi": 54, "N_inlier": 54, "refit": true}
{"timestamp": "15:28:27.453286", "frame": 20, "mu": [1.9198468922466467, 2.024662685085532, 1.0915675092044352], "Sigma": [[0.007384060615159075, -0.006312111116900082, -0.008931445933056949], [-0.006312111116900082, 0.007319140631189515, 0.005297316518823549], [-0.008931445933056949, 0.005297316518823548, 0.03362539173587199]], "chi2_level": 0.997, "chi2_df": 3, "chi2_threshold": 13.931422665512084, "N_raw": 37, "N_roi": 37, "N_inlier": 37, "refit": true}
{"timestamp": "15:28:27.508166", "frame": 21, "mu": [1.9120607267451148, 1.975861209348358, 1.2825174067804075], "Sigma": [[0.01356938260097792, -0.008559565682037132, -0.002012419491235348], [-0.00855956568203713, 0.009372134179623886, 0.0005570421830570102], [-0.002012419491235348, 0.0005570421830570101, 0.000968501436046309]], "chi2_level": 0.997, "chi2_df": 3, "chi2_threshold": 13.931422665512084, "N_raw": 37, "N_roi": 37, "N_inlier": 37, "refit": true}
{"timestamp": "15:28:27.563321", "frame": 22, "mu": [1.8020855542703744, 2.024933136100271, 1.243310308253897], "Sigma": [[0.010107764921942439, -0.0057097563136566595, -0.002893256307412235], [-0.0057097563136566595, 0.01008726902212242, 0.0013447184136375035], [-0.002893256307412235, 0.0013447184136375035, 0.0012633454303410997]], "chi2_level": 0.997, "chi2_df": 3, "chi2_threshold": 13.931422665512084, "N_raw": 46, "N_roi": 46, "N_inlier": 43, "refit": true}
{"timestamp": "15:28:27.615468", "frame": 23, "mu": [1.7811535915654897, 2.001483575529109, 1.153897747062201], "Sigma": [[0.00793600345487671, -0.0059521135212890165, -0.0023317213264226434], [-0.0059521135212890165, 0.006554385499731832, 0.0011130938200255625], [-0.0023317213264226434, 0.0011130938200255625, 0.0016237827108844258]], "chi2_level": 0.997, "chi2_df": 3, "chi2_threshold": 13.931422665512084, "N_raw": 24, "N_roi": 24, "N_inlier": 23, "refit": true}
{"timestamp": "15:28:27.672883", "frame": 24, "mu": [1.823144784108656, 2.0602617133957177, -0.30864912612487266], "Sigma": [[0.008255439964266266, -0.006318467918932565, -0.0046882219628393475], [-0.006318467918932565, 0.011342731010660098, 0.004824955426646733], [-0.0046882219628393475, 0.004824955426646733, 0.005577371653364382]], "chi2_level": 0.997, "chi2_df": 3, "chi2_threshold": 13.931422665512084, "N_raw": 39, "N_roi": 39, "N_inlier": 37, "refit": true}
{"timestamp": "15:28:27.728428", "frame": 25, "mu": [1.824138329646561, 1.8642247167019341, 1.210328322667895], "Sigma": [[0.010399873686554905, -0.006240281555235892, -0.002107458312239831], [-0.006240281555235892, 0.011043316268662656, -0.00042084325907305187], [-0.002107458312239831, -0.0004208432590730518, 0.001407313405968001]], "chi2_level": 0.997, "chi2_df": 3, "chi2_threshold": 13.931422665512084, "N_raw": 47, "N_roi": 47, "N_inlier": 46, "refit": true}
{"timestamp": "15:28:27.784909", "frame": 26, "mu": [1.8293825317910772, 1.773365552686783, 1.182385278578318], "Sigma": [[0.007907655210800061, -0.004357715075671948, -0.002330454549072536], [-0.004357715075671948, 0.00547974068606056, -0.0012919907160828781], [-0.002330454549072536, -0.0012919907160828781, 0.004270548658447265]], "chi2_level": 0.997, "chi2_df": 3, "chi2_threshold": 13.931422665512084, "N_raw": 32, "N_roi": 32, "N_inlier": 31, "refit": true}
{"timestamp": "15:28:27.832195", "frame": 27, "mu": [1.7183653527514537, 1.7832354673830124, 1.2634467942910639], "Sigma": [[0.0004556251440006599, -0.0004734716498800404, 0.0023233676460801627], [-0.0004734716498800402, 0.0052275649998358336, -0.011037919972019198], [0.0023233676460801627, -0.0110379199720192, 0.029040365553994384]], "chi2_level": 0.997, "chi2_df": 3, "chi2_threshold": 13.931422665512084, "N_raw": 5, "N_roi": 5, "N_inlier": 5, "refit": true}
{"timestamp": "15:28:27.895000", "frame": 28, "mu": [1.773179908637901, 1.6905847574178898, 1.213392967358324], "Sigma": [[0.009891682920174913, -0.006199863727763345, -0.002353540562170632], [-0.006199863727763345, 0.00783978307225512, -0.004955013486566084], [-0.0023535405621706324, -0.004955013486566084, 0.01784504316587569]], "chi2_level": 0.997, "chi2_df": 3, "chi2_threshold": 13.931422665512084, "N_raw": 55, "N_roi": 55, "N_inlier": 54, "refit": true}
{"timestamp": "15:28:27.946111", "frame": 29, "mu": [1.765483677747105, 1.586082077566764, 1.4423613336774934], "Sigma": [[0.006674467710882586, -0.005155873092713696, -0.001398892548089316], [-0.005155873092713694, 0.006942365297323731, -0.0011448972947595438], [-0.001398892548089316, -0.0011448972947595438, 0.004060983907660957]], "chi2_level": 0.997, "chi2_df": 3, "chi2_threshold": 13.931422665512084, "N_raw": 25, "N_roi": 25, "N_inlier": 23, "refit": true}
{"timestamp": "15:28:28.003745", "frame": 30, "mu": [1.7654580240793913, 1.5954433663065168, 1.2515033321984597], "Sigma": [[0.008568592241788582, -0.006745609123621682, -0.0016942795227903964], [-0.006745609123621682, 0.011247637187721206, -0.004255727589469687], [-0.0016942795227903962, -0.004255727589469687, 0.008045663462271575]], "chi2_level": 0.997, "chi2_df": 3, "chi2_threshold": 13.931422665512084, "N_raw": 51, "N_roi": 51, "N_inlier": 50, "refit": true}
{"timestamp": "15:28:28.062593", "frame": 31, "mu": [1.7348206754085136, 1.56786864542635, 1.2581508070158736], "Sigma": [[0.013255665757964418, -0.008774124453392498, -0.004690105512310881], [-0.008774124453392498, 0.01358869828623344, -0.0022380209649906536], [-0.004690105512310881, -0.0022380209649906536, 0.010078344050295847]], "chi2_level": 0.997, "chi2_df": 3, "chi2_threshold": 13.931422665512084, "N_raw": 69, "N_roi": 69, "N_inlier": 68, "refit": true}
{"timestamp": "15:28:28.117988", "frame": 32, "mu": [1.7018762021853695, 1.5045254728743145, 1.0418328837670106], "Sigma": [[0.011020364946810112, -0.008851514937436467, -0.002096796184617067], [-0.008851514937436467, 0.009929560500057806, -0.001011338545458978], [-0.002096796184617067, -0.001011338545458978, 0.03520954196102965]], "chi2_level": 0.997, "chi2_df": 3, "chi2_threshold": 13.931422665512084, "N_raw": 72, "N_roi": 70, "N_inlier": 70, "refit": true}
{"timestamp": "15:28:28.171760", "frame": 33, "mu": [1.6795901223140406, 1.4862547546484062, 0.9977624583259987], "Sigma": [[0.011073350313585579, -0.008578655332928458, 0.006269414999560876], [-0.008578655332928458, 0.010231721010123254, -0.010717274747814306], [0.006269414999560876, -0.010717274747814306, 0.07071748039918023]], "chi2_level": 0.997, "chi2_df": 3, "chi2_threshold": 13.931422665512084, "N_raw": 65, "N_roi": 65, "N_inlier": 65, "refit": true}
{"timestamp": "15:28:28.226575", "frame": 34, "mu": [1.555408148726353, 1.5787944954140785, 0.9803125907392376], "Sigma": [[0.00885856788319619, -0.009153085747342443, -0.010914325055506494], [-0.009153085747342443, 0.011304121150270073, 0.007863496272536259], [-0.010914325055506494, 0.007863496272536259, 0.030959922310615392]], "chi2_level": 0.997, "chi2_df": 3, "chi2_threshold": 13.931422665512084, "N_raw": 55, "N_roi": 55, "N_inlier": 55, "refit": true}
{"timestamp": "15:28:28.284342", "frame": 35, "mu": [1.622782899964226, 1.577853752033968, -0.5085421015529556], "Sigma": [[0.008016541886441493, -0.007059163534164387, 0.015601247477054839], [-0.0070591635341643874, 0.019580846573991784, -0.07057557253223848], [0.01560124747705484, -0.07057557253223848, 0.3568093005759011]], "chi2_level": 0.997, "chi2_df": 3, "chi2_threshold": 13.931422665512084, "N_raw": 79, "N_roi": 79, "N_inlier": 79, "refit": true}
{"timestamp": "15:28:28.336509", "frame": 36, "mu": [1.6311415929263617, 1.287913629540546, 1.2107618615142695], "Sigma": [[0.009035687948968689, -0.006842068206143533, -0.00593066861016627], [-0.006842068206143533, 0.008065609592232981, -0.00184841134389594], [-0.00593066861016627, -0.0018484113438959398, 0.0278339189856589]], "chi2_level": 0.997, "chi2_df": 3, "chi2_threshold": 13.931422665512084, "N_raw": 57, "N_roi": 57, "N_inlier": 56, "refit": true}
{"timestamp": "15:28:28.396549", "frame": 37, "mu": [1.5769180010336339, 1.2548185169814061, 0.8935003838431883], "Sigma": [[0.0067693073853083065, -0.006468530819770385, -0.004529315349645197], [-0.006468530819770385, 0.0107189124563293, -0.005588454296387558], [-0.004529315349645197, -0.005588454296387558, 0.06670095379627267]], "chi2_level": 0.997, "chi2_df": 3, "chi2_threshold": 13.931422665512084, "N_raw": 72, "N_roi": 72, "N_inlier": 71, "refit": true}
{"timestamp": "15:28:28.449552", "frame": 38, "mu": [1.4994914280006595, 1.258425743683623, 1.116857741534608], "Sigma": [[0.008360836615305034, -0.006853498724391081, -0.012340777464501103], [-0.006853498724391081, 0.009346092764751247, 0.005956981247869235], [-0.012340777464501105, 0.005956981247869235, 0.0521538902854982]], "chi2_level": 0.997, "chi2_df": 3, "chi2_threshold": 13.931422665512084, "N_raw": 73, "N_roi": 73, "N_inlier": 73, "refit": true}
{"timestamp": "15:28:28.502771", "frame": 39, "mu": [1.4546692323909942, 1.375815720014402, -0.44861690088032075], "Sigma": [[0.009185999191149588, -0.0038180833235275623, -0.007446675939411585], [-0.0038180833235275623, 0.007302026653871095, -0.004219783661804299], [-0.007446675939411586, -0.0042197836618043, 0.032257744138988305]], "chi2_level": 0.997, "chi2_df": 3, "chi2_threshold": 13.931422665512084, "N_raw": 61, "N_roi": 61, "N_inlier": 61, "refit": true}
{"timestamp": "15:28:28.557669", "frame": 40, "mu": [1.359383098350399, 1.2280236519732122, 1.254645005914664], "Sigma": [[0.007441860540610493, -0.006043655371545459, -0.016856389155368016], [-0.006043655371545459, 0.00979409301573882, 0.013658843157183749], [-0.016856389155368016, 0.013658843157183747, 0.07243608908371404]], "chi2_level": 0.997, "chi2_df": 3, "chi2_threshold": 13.931422665512084, "N_raw": 62, "N_roi": 62, "N_inlier": 62, "refit": true}
{"timestamp": "15:28:28.614539", "frame": 41, "mu": [1.3351031845925498, 1.336671766875248, -0.5066025982945118], "Sigma": [[0.00993148371470745, -0.0035585221324488077, -0.01755426564311824], [-0.0035585221324488077, 0.005219489196037297, -0.001994543001860167], [-0.01755426564311824, -0.001994543001860167, 0.05629562934976172]], "chi2_level": 0.997, "chi2_df": 3, "chi2_threshold": 13.931422665512084, "N_raw": 78, "N_roi": 78, "N_inlier": 77, "refit": true}
{"timestamp": "15:28:28.669735", "frame": 42, "mu": [1.270415475014758, 1.1768466406140434, 1.2497066481680732], "Sigma": [[0.011734516078084753, -0.00682127677708081, -0.016019060488529392], [-0.00682127677708081, 0.007428389629529071, 0.005578690217684657], [-0.016019060488529392, 0.005578690217684657, 0.04251336076648719]], "chi2_level": 0.997, "chi2_df": 3, "chi2_threshold": 13.931422665512084, "N_raw": 86, "N_roi": 86, "N_inlier": 86, "refit": true}
{"timestamp": "15:28:28.722783", "frame": 43, "mu": [1.2428889494414026, 1.1205457050935932, 1.2596483087867925], "Sigma": [[0.009310430103310867, -0.0052724445580659245, -0.007007959376444096], [-0.0052724445580659245, 0.0058122072939589845, 7.73790605664552e-05], [-0.007007959376444096, 7.737906056645504e-05, 0.013007454935532368]], "chi2_level": 0.997, "chi2_df": 3, "chi2_threshold": 13.931422665512084, "N_raw": 67, "N_roi": 67, "N_inlier": 66, "refit": true}
{"timestamp": "15:28:28.773650", "frame": 44, "mu": [1.1646940733502862, 1.1185256588788695, 1.0987633960613774], "Sigma": [[0.004095083619446995, -0.001392363316262054, -0.0034401597726026224], [-0.001392363316262054, 0.0019303003850641707, -0.0007317136453035245], [-0.0034401597726026224, -0.0007317136453035245, 0.014190911933392798]], "chi2_level": 0.997, "chi2_df": 3, "chi2_threshold": 13.931422665512084, "N_raw": 41, "N_roi": 41, "N_inlier": 40, "refit": true}
{"timestamp": "15:28:28.833250", "frame": 45, "mu": [1.113992543303276, 1.2408239140958737, -0.4128407516635857], "Sigma": [[0.009180736556208706, -0.0009159313132623386, -0.011414066918396436], [-0.0009159313132623384, 0.004506327677458634, -0.0033138624193507337], [-0.011414066918396436, -0.0033138624193507337, 0.02054760405633815]], "chi2_level": 0.997, "chi2_df": 3, "chi2_threshold": 13.931422665512084, "N_raw": 73, "N_roi": 73, "N_inlier": 71, "refit": true}
{"timestamp": "15:28:28.885981", "frame": 46, "mu": [1.0152599429622848, 1.0851730664322259, 1.3999128084930306], "Sigma": [[0.006971727808042576, -0.003514420894225641, -0.006424202809583598], [-0.0035144208942256413, 0.0047724864316006175, 0.0013568892580213597], [-0.006424202809583598, 0.0013568892580213597, 0.009734841356549265]], "chi2_level": 0.997, "chi2_df": 3, "chi2_threshold": 13.931422665512084, "N_raw": 57, "N_roi": 57, "N_inlier": 54, "refit": true}
{"timestamp": "15:28:28.941185", "frame": 47, "mu": [1.0015571660149103, 1.1475092965186269, -0.38660354967960214], "Sigma": [[0.00806753570169339, -0.0016878353080550757, -0.01306971703391543], [-0.0016878353080550757, 0.003663378436727636, 0.0011959292979208521], [-0.01306971703391543, 0.0011959292979208517, 0.028164074473439826]], "chi2_level": 0.997, "chi2_df": 3, "chi2_threshold": 13.931422665512084, "N_raw": 58, "N_roi": 58, "N_inlier": 55, "refit": true}
{"timestamp": "15:28:28.995318", "frame": 48, "mu": [1.0026343430965732, 0.9382719277006896, 1.2396752895046212], "Sigma": [[0.009168564344517795, -0.00640487273773822, -0.011688883743234313], [-0.00640487273773822, 0.006525244487220183, 0.010659748769862934], [-0.011688883743234312, 0.010659748769862934, 0.039421277178719134]], "chi2_level": 0.997, "chi2_df": 3, "chi2_threshold": 13.931422665512084, "N_raw": 57, "N_roi": 57, "N_inlier": 57, "refit": true}
{"timestamp": "15:28:29.049592", "frame": 49, "mu": [0.8787088330317819, 0.9258448639393563, 1.2658556814632986], "Sigma": [[0.004665881895450607, -0.0028772275201859668, -0.012451739640491706], [-0.0028772275201859668, 0.005378437618467851, 0.01617168742225899], [-0.012451739640491706, 0.01617168742225899, 0.08196562159398746]], "chi2_level": 0.997, "chi2_df": 3, "chi2_threshold": 13.931422665512084, "N_raw": 47, "N_roi": 47, "N_inlier": 47, "refit": true}
{"timestamp": "15:28:29.101345", "frame": 50, "mu": [0.874092431050818, 0.8689639075601007, 1.2339906345243634], "Sigma": [[0.0036877416903861792, -0.003117111331977171, -0.006196263137628668], [-0.003117111331977172, 0.003873968522766641, 0.005615003927613259], [-0.006196263137628668, 0.005615003927613259, 0.017637087072070286]], "chi2_level": 0.997, "chi2_df": 3, "chi2_threshold": 13.931422665512084, "N_raw": 28, "N_roi": 28, "N_inlier": 26, "refit": true}
{"timestamp": "15:28:29.158254", "frame": 51, "mu": [0.7731512478609416, 0.9177734627800176, 1.413177201826139], "Sigma": [[0.0034868207900280506, -0.000672162431537405, -0.0021806123836701392], [-0.0006721624315374049, 0.004151810408540157, -0.0005849549840056467], [-0.0021806123836701392, -0.0005849549840056468, 0.0038686306169673857]], "chi2_level": 0.997, "chi2_df": 3, "chi2_threshold": 13.931422665512084, "N_raw": 45, "N_roi": 45, "N_inlier": 44, "refit": true}
{"timestamp": "15:28:29.210097", "frame": 52, "mu": [0.7529359690344802, 0.8600039013090021, 1.3438660399396831], "Sigma": [[0.0029838179651871, -0.001165373135176895, -0.004272817938879065], [-0.001165373135176895, 0.002015453251052579, 0.001381489721426972], [-0.004272817938879065, 0.001381489721426972, 0.01668588312886756]], "chi2_level": 0.997, "chi2_df": 3, "chi2_threshold": 13.931422665512084, "N_raw": 20, "N_roi": 20, "N_inlier": 18, "refit": true}
{"timestamp": "15:28:29.267997", "frame": 53, "mu": [0.6449158140876283, 0.8827236567650011, 1.4603571738591385], "Sigma": [[0.0026037262444720626, -0.00048675284770581843, -0.0016872418537930646], [-0.00048675284770581843, 0.003975546703757103, -0.0010448953978099496], [-0.0016872418537930644, -0.0010448953978099496, 0.0017955709175542405]], "chi2_level": 0.997, "chi2_df": 3, "chi2_threshold": 13.931422665512084, "N_raw": 44, "N_roi": 44, "N_inlier": 42, "refit": true}
{"timestamp": "15:28:29.328451", "frame": 54, "mu": [0.666359217457026, 0.872475337691655, 1.3800407526548135], "Sigma": [[0.006706137883783634, -0.0005148829168438204, -0.005417210584854488], [-0.0005148829168438203, 0.00270289116626347, -0.001008538425106183], [-0.005417210584854488, -0.001008538425106183, 0.010680379443422573]], "chi2_level": 0.997, "chi2_df": 3, "chi2_threshold": 13.931422665512084, "N_raw": 75, "N_roi": 75, "N_inlier": 73, "refit": true}
{"timestamp": "15:28:29.383545", "frame": 55, "mu": [0.5707260252753458, 0.8424883259313595, 1.3941086170975685], "Sigma": [[0.004218019846922679, 0.001246739488351455, -0.001232351083480255], [0.0012467394883514552, 0.002027015861229455, -0.002888447388718282], [-0.001232351083480255, -0.002888447388718282, 0.006579331588172913]], "chi2_level": 0.997, "chi2_df": 3, "chi2_threshold": 13.931422665512084, "N_raw": 70, "N_roi": 70, "N_inlier": 65, "refit": true}
{"timestamp": "15:28:29.429491", "frame": 56, "mu": [0.5051551190525241, 1.095692274918311, -1.0456217625222293], "Sigma": [[0.013669374081770666, -0.0013479750684749648, 0.011838866371233644], [-0.0013479750684749665, 0.015754704327176208, -0.08260627948169451], [0.011838866371233643, -0.08260627948169452, 0.49830714933880227]], "chi2_level": 0.997, "chi2_df": 3, "chi2_threshold": 13.931422665512084, "N_raw": 11, "N_roi": 11, "N_inlier": 11, "refit": true}
{"timestamp": "15:28:29.491564", "frame": 57, "mu": [0.39779053116253366, 0.8647642951644772, 1.4344640187009876], "Sigma": [[0.002287283764653238, -0.0005925156740879267, -0.0015040279377975718], [-0.0005925156740879265, 0.004659739662395987, -0.0017234708122899223], [-0.0015040279377975718, -0.0017234708122899221, 0.005264227441193625]], "chi2_level": 0.997, "chi2_df": 3, "chi2_threshold": 13.931422665512084, "N_raw": 59, "N_roi": 59, "N_inlier": 55, "refit": true}
{"timestamp": "15:28:29.548649", "frame": 58, "mu": [0.358358486100109, 0.8714088168118873, 1.3778470917341685], "Sigma": [[0.006177482421358674, -0.00039046738152699855, -0.004400513307651408], [-0.0003904673815269985, 0.0033569057975123854, -0.0017913729726153058], [-0.004400513307651408, -0.0017913729726153058, 0.004821814710241599]], "chi2_level": 0.997, "chi2_df": 3, "chi2_threshold": 13.931422665512084, "N_raw": 77, "N_roi": 77, "N_inlier": 76, "refit": true}
{"timestamp": "15:28:29.600811", "frame": 59, "mu": [0.29770410614433473, 0.8578282210839057, 1.363571803661985], "Sigma": [[0.002979764151555127, -0.00045881566877214417, -0.0022429113010333764], [-0.00045881566877214417, 0.0010091289270524595, -0.001453429916170354], [-0.0022429113010333764, -0.001453429916170354, 0.006628221651563809]], "chi2_level": 0.997, "chi2_df": 3, "chi2_threshold": 13.931422665512084, "N_raw": 59, "N_roi": 59, "N_inlier": 57, "refit": true}
{"timestamp": "15:28:29.650877", "frame": 60, "mu": [0.25306089980572366, 0.8792092255952023, 1.4572903784993476], "Sigma": [[0.0014611343988602471, 0.0007755093397025009, -0.0018386536357829152], [0.0007755093397025009, 0.001227393903620775, -0.0013015696741318513], [-0.0018386536357829155, -0.0013015696741318515, 0.005254609044760747]], "chi2_level": 0.997, "chi2_df": 3, "chi2_threshold": 13.931422665512084, "N_raw": 20, "N_roi": 20, "N_inlier": 20, "refit": true}
{"timestamp": "15:28:29.709783", "frame": 61, "mu": [0.17922809655537797, 0.8733571369977486, 1.4174605466292485], "Sigma": [[0.0028909878610650164, 0.00029406034471329395, -0.002063054777256085], [0.00029406034471329406, 0.0015090785504998517, -0.0014307905689824793], [-0.002063054777256085, -0.0014307905689824793, 0.002897022459310624]], "chi2_level": 0.997, "chi2_df": 3, "chi2_threshold": 13.931422665512084, "N_raw": 51, "N_roi": 51, "N_inlier": 50, "refit": true}
{"timestamp": "15:28:29.768675", "frame": 62, "mu": [0.10303666243263263, 1.0243078717428837, -0.33401239750531886], "Sigma": [[0.0023470176642475405, -0.00026398542488667966, -0.0019170257782975771], [-0.0002639854248866799, 0.004658602083026782, -0.00364531412468981], [-0.0019170257782975767, -0.00364531412468981, 0.005409399582445892]], "chi2_level": 0.997, "chi2_df": 3, "chi2_threshold": 13.931422665512084, "N_raw": 74, "N_roi": 74, "N_inlier": 74, "refit": true}
{"timestamp": "15:28:29.818339", "frame": 63, "mu": [0.056714091840595185, 0.8958519119370294, 1.5161384856348192], "Sigma": [[0.0014767684801958556, 7.837955264475437e-05, -0.0007581989463169656], [7.837955264475445e-05, 0.0016446221556155815, -0.0012900982015956798], [-0.0007581989463169656, -0.0012900982015956798, 0.0016176145187314298]], "chi2_level": 0.997, "chi2_df": 3, "chi2_threshold": 13.931422665512084, "N_raw": 41, "N_roi": 41, "N_inlier": 40, "refit": true}
{"timestamp": "15:28:29.879405", "frame": 64, "mu": [-0.003700108926092033, 0.893273643484924, 1.3366165668213559], "Sigma": [[0.0033203831174179257, 0.002679837074538916, 9.436864847683197e-05], [0.0026798370745389154, 0.004249028529994161, -0.001969166279460135], [9.436864847683202e-05, -0.001969166279460135, 0.010633939367980908]], "chi2_level": 0.997, "chi2_df": 3, "chi2_threshold": 13.931422665512084, "N_raw": 87, "N_roi": 87, "N_inlier": 86, "refit": true}
{"timestamp": "15:28:29.930741", "frame": 65, "mu": [-0.12542779518483022, 0.8636746857640748, 1.3419167678383268], "Sigma": [[0.0020174242350794328, 0.001119548728236071, 0.001787974954826619], [0.0011195487282360712, 0.002232010622574889, -0.0008706104054615245], [0.0017879749548266191, -0.0008706104054615246, 0.0069277333996534554]], "chi2_level": 0.997, "chi2_df": 3, "chi2_threshold": 13.931422665512084, "N_raw": 58, "N_roi": 58, "N_inlier": 57, "refit": true}
{"timestamp": "15:28:29.979468", "frame": 66, "mu": [-0.14367755435803198, 0.874860705564285, 1.4543652517202428], "Sigma": [[0.0007793525390685222, -0.0001745944882427344, -0.0022158766056074256], [-0.00017459448824273444, 0.0003546801922021239, 4.922192497915556e-05], [-0.0022158766056074256, 4.922192497915551e-05, 0.017144260295600358]], "chi2_level": 0.997, "chi2_df": 3, "chi2_threshold": 13.931422665512084, "N_raw": 16, "N_roi": 16, "N_inlier": 15, "refit": true}
{"timestamp": "15:28:30.037528", "frame": 67, "mu": [-0.2263808807268188, 0.9080099201071172, 1.4171110558615214], "Sigma": [[0.0015943405195036535, -0.0001594940111401031, -0.0011255896145793349], [-0.00015949401114010312, 0.0013578814561927101, -0.002463460949031465], [-0.0011255896145793349, -0.002463460949031465, 0.007987043253305043]], "chi2_level": 0.997, "chi2_df": 3, "chi2_threshold": 13.931422665512084, "N_raw": 45, "N_roi": 45, "N_inlier": 42, "refit": true}
{"timestamp": "15:28:30.099463", "frame": 68, "mu": [-0.2860775184123941, 0.8832061385299859, 1.347127832335953], "Sigma": [[0.0036727691224945256, -0.0018856026347377935, -0.004455432134747105], [-0.0018856026347377937, 0.0032368521813650863, -0.000505749928369557], [-0.004455432134747105, -0.0005057499283695567, 0.027507600761691363]], "chi2_level": 0.997, "chi2_df": 3, "chi2_threshold": 13.931422665512084, "N_raw": 88, "N_roi": 88, "N_inlier": 85, "refit": true}
{"timestamp": "15:28:30.152871", "frame": 69, "mu": [-0.3506586406711054, 0.9345670835968923, 1.4716005061330613], "Sigma": [[0.002414944787063139, -0.0007312272071925372, -0.0003735327765532991], [-0.0007312272071925373, 0.0030693385172753445, -0.0034300741493422924], [-0.0003735327765532989, -0.0034300741493422924, 0.006809919729184934]], "chi2_level": 0.997, "chi2_df": 3, "chi2_threshold": 13.931422665512084, "N_raw": 71, "N_roi": 71, "N_inlier": 71, "refit": true}
{"timestamp": "15:28:30.210720", "frame": 70, "mu": [-0.422889193544978, 0.9117382497524591, 1.398583791083588], "Sigma": [[0.0034555117246371334, -0.001236767156564051, -0.004651484274937518], [-0.001236767156564051, 0.003152866969057859, -0.005903730712576401], [-0.004651484274937518, -0.005903730712576401, 0.058043330706659256]], "chi2_level": 0.997, "chi2_df": 3, "chi2_threshold": 13.931422665512084, "N_raw": 83, "N_roi": 83, "N_inlier": 79, "refit": true}
{"timestamp": "15:28:30.266165", "frame": 71, "mu": [-0.4500880162805935, 0.9127148052180348, 1.354861218130889], "Sigma": [[0.0034075666821648653, -0.0015289484972347658, -0.005063958826640709], [-0.0015289484972347655, 0.0046433370882507765, 0.008812490841965318], [-0.005063958826640709, 0.008812490841965316, 0.05576329459955559]], "chi2_level": 0.997, "chi2_df": 3, "chi2_threshold": 13.931422665512084, "N_raw": 83, "N_roi": 79, "N_inlier": 79, "refit": true}
{"timestamp": "15:28:30.313951", "frame": 72, "mu": [-0.5633537591582313, 0.917525161197094, 1.4711056601865204], "Sigma": [[0.0031721446496973233, -0.0005247986222284568, -0.000355808592846258], [-0.0005247986222284568, 0.0011762174286404556, -0.0014357639962124344], [-0.00035580859284625797, -0.0014357639962124342, 0.00287047119084764]], "chi2_level": 0.997, "chi2_df": 3, "chi2_threshold": 13.931422665512084, "N_raw": 45, "N_roi": 45, "N_inlier": 43, "refit": true}
{"timestamp": "15:28:30.372127", "frame": 73, "mu": [-0.5976327361748075, 0.8605358675634226, 1.2710857323736846], "Sigma": [[0.003112427165759911, -0.0016758499375759887, -0.009189488162511878], [-0.0016758499375759887, 0.0036164667713096963, 0.011283964789120103], [-0.009189488162511878, 0.011283964789120103, 0.08828372689575711]], "chi2_level": 0.997, "chi2_df": 3, "chi2_threshold": 13.931422665512084, "N_raw": 66, "N_roi": 66, "N_inlier": 62, "refit": true}
{"timestamp": "15:28:30.427220", "frame": 74, "mu": [-0.7534949969327172, 0.8623118925169065, 1.271869259474598], "Sigma": [[0.042980881289627876, 0.01579476413815858, -0.05833374324141766], [0.01579476413815858, 0.008275759495616883, -0.0240038483706054], [-0.05833374324141766, -0.024003848370605395, 0.1384139082022213]], "chi2_level": 0.997, "chi2_df": 3, "chi2_threshold": 13.931422665512084, "N_raw": 62, "N_roi": 62, "N_inlier": 60, "refit": true}
{"timestamp": "15:28:30.488507", "frame": 75, "mu": [-0.8455883585245024, 0.8489673967656566, 1.3418624103004175], "Sigma": [[0.0392283385335842, 0.010100510439117413, -0.05852781918366842], [0.010100510439117413, 0.0060564272250788935, -0.013121884537183798], [-0.05852781918366842, -0.013121884537183798, 0.11584057352150748]], "chi2_level": 0.997, "chi2_df": 3, "chi2_threshold": 13.931422665512084, "N_raw": 110, "N_roi": 110, "N_inlier": 110, "refit": true}
{"timestamp": "15:28:30.536276", "frame": 76, "mu": [-0.9094247179653454, 0.7369898875470324, 1.487014651579747], "Sigma": [[0.16114903348234394, -0.013958110981718926, -0.05089518135941411], [-0.013958110981718928, 0.052537053330018436, 0.029907993569087438], [-0.05089518135941411, 0.029907993569087438, 0.10333584518837599]], "chi2_level": 0.997, "chi2_df": 3, "chi2_threshold": 13.931422665512084, "N_raw": 40, "N_roi": 40, "N_inlier": 38, "refit": true}
{"timestamp": "15:28:30.587745", "frame": 77, "mu": [-1.0938019345153358, 0.7907763933776626, 1.4736004520733932], "Sigma": [[0.019238695732058952, 0.012751691288865974, -0.008000382034653857], [0.012751691288865972, 0.01619721467607331, -0.01247263012342742], [-0.008000382034653857, -0.012472630123427418, 0.011321370472782559]], "chi2_level": 0.997, "chi2_df": 3, "chi2_threshold": 13.931422665512084, "N_raw": 33, "N_roi": 33, "N_inlier": 32, "refit": true}
{"timestamp": "15:28:30.642267", "frame": 78, "mu": [-1.0634037756521413, 0.8886122941101245, 1.557370041242015], "Sigma": [[0.009592705892516123, 0.011613970400257407, -0.010512251485472334], [0.011613970400257407, 0.023948963212459713, -0.02272292948299992], [-0.010512251485472334, -0.02272292948299992, 0.02294785404016051]], "chi2_level": 0.997, "chi2_df": 3, "chi2_threshold": 13.931422665512084, "N_raw": 34, "N_roi": 34, "N_inlier": 34, "refit": true}
{"timestamp": "15:28:30.704519", "frame": 79, "mu": [-1.0787601653696235, 0.899682303823773, 1.3995754742480828], "Sigma": [[0.020571057776707643, 0.0017785840002180892, -0.04786075808284839], [0.0017785840002180892, 0.010381426132253601, 0.010904308920126036], [-0.04786075808284839, 0.010904308920126036, 0.18936908771466296]], "chi2_level": 0.997, "chi2_df": 3, "chi2_threshold": 13.931422665512084, "N_raw": 84, "N_roi": 84, "N_inlier": 83, "refit": true}
{"timestamp": "15:28:30.761874", "frame": 80, "mu": [-1.1754462866416109, 0.9890023136204188, 1.5629482549279643], "Sigma": [[0.016136459779567718, 0.009244062936776206, -0.03180097138118411], [0.009244062936776206, 0.011977644054501599, -0.027997345768065257], [-0.03180097138118411, -0.027997345768065254, 0.14967180220799822]], "chi2_level": 0.997, "chi2_df": 3, "chi2_threshold": 13.931422665512084, "N_raw": 99, "N_roi": 97, "N_inlier": 97, "refit": true}
{"timestamp": "15:28:30.813521", "frame": 81, "mu": [-1.2601247098919761, 0.9194435210817588, 1.5831199649822554], "Sigma": [[0.013354465862246123, 0.005771623635729023, -0.01622607616524535], [0.005771623635729023, 0.007972180445106704, -0.009428529006550758], [-0.016226076165245355, -0.009428529006550758, 0.041265045136510935]], "chi2_level": 0.997, "chi2_df": 3, "chi2_threshold": 13.931422665512084, "N_raw": 81, "N_roi": 65, "N_inlier": 61, "refit": true}
{"timestamp": "15:28:30.873884", "frame": 82, "mu": [-1.2879451694123973, 1.017442015481745, 1.2768154537465362], "Sigma": [[0.012833052500370881, 0.010788924577709037, -0.044703524673193364], [0.010788924577709037, 0.01951719027354956, -0.06251115467821863], [-0.04470352467319336, -0.06251115467821863, 0.29766257290976167]], "chi2_level": 0.997, "chi2_df": 3, "chi2_threshold": 13.931422665512084, "N_raw": 110, "N_roi": 72, "N_inlier": 72, "refit": true}
{"timestamp": "15:28:30.926079", "frame": 83, "mu": [-1.3642764003185075, 0.8321890323134098, 1.3476451800151086], "Sigma": [[0.01635397908847123, 0.011777295185092334, -0.005644775227170587], [0.011777295185092334, 0.01896744883856217, -0.007319576566265676], [-0.005644775227170587, -0.007319576566265677, 0.00729586800204025]], "chi2_level": 0.997, "chi2_df": 3, "chi2_threshold": 13.931422665512084, "N_raw": 93, "N_roi": 78, "N_inlier": 76, "refit": true}
{"timestamp": "15:28:30.981524", "frame": 84, "mu": [-1.3940670208895378, 0.9239258382449161, 1.4033331542087182], "Sigma": [[0.014353001807179992, 0.009992108510869957, -0.005150866390688324], [0.009992108510869957, 0.017702184993755622, -0.0076016275599966425], [-0.005150866390688324, -0.0076016275599966425, 0.0055638851584802395]], "chi2_level": 0.997, "chi2_df": 3, "chi2_threshold": 13.931422665512084, "N_raw": 92, "N_roi": 92, "N_inlier": 91, "refit": true}
{"timestamp": "15:28:31.037198", "frame": 85, "mu": [-1.3967368025667497, 1.0224954387370442, 1.4013790900881915], "Sigma": [[0.016636339040639693, 0.008652990650846314, -0.007252683146188117], [0.008652990650846312, 0.010626883288346862, -0.008710437496468987], [-0.0072526831461881165, -0.008710437496468987, 0.010967473092502516]], "chi2_level": 0.997, "chi2_df": 3, "chi2_threshold": 13.931422665512084, "N_raw": 99, "N_roi": 96, "N_inlier": 95, "refit": true}
{"timestamp": "15:28:31.091871", "frame": 86, "mu": [-1.4977829151188484, 1.0288122277017284, 1.4565548525803351], "Sigma": [[0.01968802473526258, 0.009415354085905828, -0.006467279538822703], [0.009415354085905827, 0.012254192026811264, -0.007400980943333647], [-0.006467279538822703, -0.007400980943333648, 0.012770050223968479]], "chi2_level": 0.997, "chi2_df": 3, "chi2_threshold": 13.931422665512084, "N_raw": 102, "N_roi": 102, "N_inlier": 99, "refit": true}
{"timestamp": "15:28:31.143018", "frame": 87, "mu": [-1.5585130156328773, 0.9968326411295179, 1.461082110940128], "Sigma": [[0.01006502203023271, 0.01212840140848732, 0.003229841314656397], [0.01212840140848732, 0.050770148881526755, 0.045983482232861694], [0.003229841314656397, 0.04598348223286169, 0.0850092727412737]], "chi2_level": 0.997, "chi2_df": 3, "chi2_threshold": 13.931422665512084, "N_raw": 73, "N_roi": 73, "N_inlier": 69, "refit": true}
{"timestamp": "15:28:31.205890", "frame": 88, "mu": [-1.524763824624345, 1.1790261124676857, 1.2705707928953611], "Sigma": [[0.025029342255883612, 0.016174307051685974, -0.031167937017908806], [0.016174307051685974, 0.0173746730414672, -0.01880886636721143], [-0.031167937017908806, -0.01880886636721143, 0.12175229955176847]], "chi2_level": 0.997, "chi2_df": 3, "chi2_threshold": 13.931422665512084, "N_raw": 128, "N_roi": 128, "N_inlier": 128, "refit": true}
{"timestamp": "15:28:31.258156", "frame": 89, "mu": [-1.663462230892894, 1.1173711737998338, 1.3229150002804102], "Sigma": [[0.02768812727899567, 0.022460983472129006, -0.013482723355167441], [0.02246098347212901, 0.03295898543705045, 0.0011652694255428332], [-0.01348272335516744, 0.001165269425542834, 0.09657717115977354]], "chi2_level": 0.997, "chi2_df": 3, "chi2_threshold": 13.931422665512084, "N_raw": 107, "N_roi": 107, "N_inlier": 105, "refit": true}
{"timestamp": "15:28:31.315918", "frame": 90, "mu": [-1.5913705753181813, 1.2670717072400484, 0.16344409733881027], "Sigma": [[0.03316407447017518, 0.01353119923610109, 0.07019560377764533], [0.01353119923610109, 0.014553165905138842, 0.06320129664971008], [0.07019560377764533, 0.06320129664971008, 0.6250525911006912]], "chi2_level": 0.997, "chi2_df": 3, "chi2_threshold": 13.931422665512084, "N_raw": 125, "N_roi": 125, "N_inlier": 123, "refit": true}
{"timestamp": "15:28:31.366287", "frame": 91, "mu": [-1.7004736530813973, 1.2664584709678437, 1.4685536989218082], "Sigma": [[0.015034541827343095, 0.00977734627542328, -0.008013755326839692], [0.00977734627542328, 0.01660523749962465, -0.012720012976592697], [-0.008013755326839692, -0.012720012976592695, 0.011007894383096394]], "chi2_level": 0.997, "chi2_df": 3, "chi2_threshold": 13.931422665512084, "N_raw": 90, "N_roi": 90, "N_inlier": 88, "refit": true}
{"timestamp": "15:28:31.421374", "frame": 92, "mu": [-1.748355328915579, 1.253376557855246, 1.3862572179665227], "Sigma": [[0.016044880424126093, 0.008639911508016272, -0.008136886534437634], [0.008639911508016272, 0.013080765772791382, -0.009194127322814275], [-0.008136886534437634, -0.009194127322814275, 0.011908874338148289]], "chi2_level": 0.997, "chi2_df": 3, "chi2_threshold": 13.931422665512084, "N_raw": 78, "N_roi": 78, "N_inlier": 77, "refit": true}
