{"timestamp": "16:16:20.364373", "frame": 10, "mu": [2.294919388197777, 4.62079775565751, 1.0786896785311375], "Sigma": [[0.01928132999333903, -0.00834881618994732, -0.005547610792528547], [-0.00834881618994732, 0.007298410820417705, 0.0015880041589038415], [-0.005547610792528547, 0.0015880041589038415, 0.005858505837098449]], "chi2_level": 0.997, "chi2_df": 3, "chi2_threshold": 13.931422665512084, "N_raw": 32, "N_roi": 27, "N_inlier": 27, "refit": true}
{"timestamp": "16:16:20.696733", "frame": 16, "mu": [2.2525351284907185, 4.690064219564084, 0.945991774053599], "Sigma": [[0.02470407539556888, -0.012101263141597731, -0.005270836527372314], [-0.012101263141597731, 0.009378480488487677, 0.0014420801913765393], [-0.0052708365273723135, 0.0014420801913765388, 0.005183368860187719]], "chi2_level": 0.997, "chi2_df": 3, "chi2_threshold": 13.931422665512084, "N_raw": 42, "N_roi": 31, "N_inlier": 31, "refit": true}
{"timestamp": "16:16:20.752410", "frame": 17, "mu": [2.296872941612049, 4.688793810033402, 1.0535347702330995], "Sigma": [[0.01764970986674163, -0.008783427979831948, -0.007551419738626575], [-0.008783427979831948, 0.007822969144040633, 0.0018861765582418749], [-0.007551419738626575, 0.0018861765582418749, 0.0065706786291517]], "chi2_level": 0.997, "chi2_df": 3, "chi2_threshold": 13.931422665512084, "N_raw": 34, "N_roi": 26, "N_inlier": 26, "refit": true}
{"timestamp": "16:16:20.805463", "frame": 18, "mu": [2.307697398611224, 4.668808191605255, 0.9044445082050542], "Sigma": [[0.016225875728185728, -0.008540944175823784, -0.003812916330145321], [-0.008540944175823784, 0.007356894061900998, 0.0015707944573385042], [-0.003812916330145321, 0.0015707944573385047, 0.0037293885506604904]], "chi2_level": 0.997, "chi2_df": 3, "chi2_threshold": 13.931422665512084, "N_raw": 27, "N_roi": 21, "N_inlier": 21, "refit": true}
{"timestamp": "16:16:21.024230", "frame": 22, "mu": [2.2291987664737456, 4.577245549677336, 0.8690353160620923], "Sigma": [[0.013436852410505946, -0.009089632959501303, -0.008649998116243493], [-0.009089632959501303, 0.008866977525221089, 0.006540869243755014], [-0.008649998116243493, 0.006540869243755012, 0.007425196285448486]], "chi2_level": 0.997, "chi2_df": 3, "chi2_threshold": 13.931422665512084, "N_raw": 17, "N_roi": 17, "N_inlier": 17, "refit": true}
{"timestamp": "16:16:21.299897", "frame": 27, "mu": [2.0239052180967665, 4.477969366978755, 1.0289575969107747], "Sigma": [[0.013889482984415944, -0.008011632139297347, -0.00965722537228898], [-0.008011632139297347, 0.009313402554751889, 0.010483865067064304], [-0.00965722537228898, 0.010483865067064304, 0.013990680315001754]], "chi2_level": 0.997, "chi2_df": 3, "chi2_threshold": 13.931422665512084, "N_raw": 21, "N_roi": 19, "N_inlier": 19, "refit": true}
{"timestamp": "16:16:21.412788", "frame": 29, "mu": [1.8956552730031975, 4.426071223165049, 0.9760068328678589], "Sigma": [[0.03208337118779651, -0.012771737598709624, -0.006046329936791481], [-0.012771737598709624, 0.010526948676989532, 0.007039734641324764], [-0.00604632993679148, 0.007039734641324765, 0.007125325044634971]], "chi2_level": 0.997, "chi2_df": 3, "chi2_threshold": 13.931422665512084, "N_raw": 41, "N_roi": 40, "N_inlier": 40, "refit": true}
{"timestamp": "16:16:21.466865", "frame": 30, "mu": [1.809382811109227, 4.37592327019185, 0.7551067454526015], "Sigma": [[0.030620506154721637, -0.012967693454264757, -0.0037366527082763243], [-0.012967693454264757, 0.007718875082157886, 0.0022266582610396875], [-0.003736652708276324, 0.0022266582610396875, 0.0021327260718208636]], "chi2_level": 0.997, "chi2_df": 3, "chi2_threshold": 13.931422665512084, "N_raw": 28, "N_roi": 28, "N_inlier": 28, "refit": true}
{"timestamp": "16:16:21.578176", "frame": 32, "mu": [1.702435927445603, 4.455442621847409, 0.9247148826861693], "Sigma": [[0.023755426988166253, -0.007038963121807203, -0.0021257056553680136], [-0.007038963121807203, 0.008189253933221643, 0.005849648700968018], [-0.0021257056553680136, 0.005849648700968017, 0.006458899415333715]], "chi2_level": 0.997, "chi2_df": 3, "chi2_threshold": 13.931422665512084, "N_raw": 35, "N_roi": 33, "N_inlier": 33, "refit": true}
{"timestamp": "16:16:22.069104", "frame": 41, "mu": [1.2490842846246821, 4.729113207799031, 0.09782419906944834], "Sigma": [[0.010329100162462083, -0.0023559525252076067, -0.00930193208981156], [-0.0023559525252076063, 0.0026322180310382882, 0.002100205082316525], [-0.00930193208981156, 0.002100205082316525, 0.0112235230277335]], "chi2_level": 0.997, "chi2_df": 3, "chi2_threshold": 13.931422665512084, "N_raw": 17, "N_roi": 17, "N_inlier": 17, "refit": true}
{"timestamp": "16:16:22.235666", "frame": 44, "mu": [1.1648495328187247, 4.531217081184871, 0.7676769292869638], "Sigma": [[0.0124755109303624, -0.0036969187296489983, 0.0049585442336184124], [-0.003696918729648998, 0.0016993176736973057, -0.0030599059868916833], [0.004958544233618412, -0.0030599059868916833, 0.04997404977162567]], "chi2_level": 0.997, "chi2_df": 3, "chi2_threshold": 13.931422665512084, "N_raw": 23, "N_roi": 22, "N_inlier": 22, "refit": true}
{"timestamp": "16:16:22.454518", "frame": 48, "mu": [0.9796985173758161, 4.437422707932948, 1.0465362189389478], "Sigma": [[0.014138790200618638, -0.004924228818637587, -0.007732859677566409], [-0.004924228818637587, 0.0031138031917136246, 0.0017082028685849846], [-0.007732859677566408, 0.0017082028685849848, 0.00666602154727832]], "chi2_level": 0.997, "chi2_df": 3, "chi2_threshold": 13.931422665512084, "N_raw": 23, "N_roi": 22, "N_inlier": 21, "refit": true}
{"timestamp": "16:16:22.509711", "frame": 49, "mu": [0.9009629233372779, 4.424768652633338, 1.004736364909609], "Sigma": [[0.012480265224712411, -0.004705339879919471, -0.012621683453912624], [-0.00470533987991947, 0.007987731137072832, -0.0020314951562315957], [-0.012621683453912623, -0.0020314951562315975, 0.04416309225988476]], "chi2_level": 0.997, "chi2_df": 3, "chi2_threshold": 13.931422665512084, "N_raw": 18, "N_roi": 18, "N_inlier": 17, "refit": true}
{"timestamp": "16:16:22.618566", "frame": 51, "mu": [0.705831525306266, 4.44145066610193, 1.2308633363398973], "Sigma": [[0.007088344619851551, -0.0038062668522250626, -0.006840353509404289], [-0.003806266852225063, 0.004990664633847911, 0.007334505383333505], [-0.00684035350940429, 0.007334505383333504, 0.01222492656909058]], "chi2_level": 0.997, "chi2_df": 3, "chi2_threshold": 13.931422665512084, "N_raw": 11, "N_roi": 11, "N_inlier": 10, "refit": true}
{"timestamp": "16:16:22.675609", "frame": 52, "mu": [0.7187229250422728, 4.343404151470467, 0.9456791788646864], "Sigma": [[0.014205540586879463, -0.0034017064519107944, -0.004278744155213475], [-0.0034017064519107944, 0.00223991800833883, 0.0006545958122943018], [-0.004278744155213475, 0.0006545958122943017, 0.0026745132202693643]], "chi2_level": 0.997, "chi2_df": 3, "chi2_threshold": 13.931422665512084, "N_raw": 21, "N_roi": 21, "N_inlier": 20, "refit": true}
{"timestamp": "16:16:23.060204", "frame": 59, "mu": [0.1921756772588948, 4.63051692114493, 1.4523800254519015], "Sigma": [[0.013156594500537924, -0.002397496069736114, -0.013299723120840051], [-0.002397496069736114, 0.005063887258668785, 0.006559834336834424], [-0.013299723120840051, 0.006559834336834424, 0.01973523412632016]], "chi2_level": 0.997, "chi2_df": 3, "chi2_threshold": 13.931422665512084, "N_raw": 26, "N_roi": 26, "N_inlier": 26, "refit": true}
{"timestamp": "16:16:23.169153", "frame": 61, "mu": [0.18637839117277577, 4.523320939936955, 1.216502566618051], "Sigma": [[0.005369352759444219, -0.0008111570734562001, -0.0027401835479893446], [-0.0008111570734562, 0.0024974227056775477, -0.0016172463674662416], [-0.0027401835479893446, -0.0016172463674662416, 0.006551841602597658]], "chi2_level": 0.997, "chi2_df": 3, "chi2_threshold": 13.931422665512084, "N_raw": 14, "N_roi": 13, "N_inlier": 13, "refit": true}
{"timestamp": "16:16:23.391769", "frame": 65, "mu": [-0.11648102728989902, 4.607896642729979, 0.5340779997937096], "Sigma": [[0.01570456433083399, 0.0007907256743270166, -0.007799200594025875], [0.0007907256743270167, 0.0023777078447386885, -0.0002898811072703237], [-0.007799200594025875, -0.00028988110727032383, 0.0055271163823336165]], "chi2_level": 0.997, "chi2_df": 3, "chi2_threshold": 13.931422665512084, "N_raw": 27, "N_roi": 23, "N_inlier": 23, "refit": true}
{"timestamp": "16:16:23.446999", "frame": 66, "mu": [-0.05395468746748694, 4.509290408877504, 1.1648507903974838], "Sigma": [[0.01943174190193183, -0.0024843421762887315, -0.008797275904398182], [-0.002484342176288732, 0.0029028040540160925, 0.0017534416106018311], [-0.00879727590439818, 0.001753441610601831, 0.005367191226430322]], "chi2_level": 0.997, "chi2_df": 3, "chi2_threshold": 13.931422665512084, "N_raw": 30, "N_roi": 26, "N_inlier": 25, "refit": true}
{"timestamp": "16:16:23.500773", "frame": 67, "mu": [-0.15914152082781943, 4.5925344774371935, 1.3236717349868101], "Sigma": [[0.015905257113583125, -0.0006265141686542482, -0.008090432107742091], [-0.0006265141686542483, 0.0018351344418214117, 0.0005958867223381755], [-0.008090432107742091, 0.0005958867223381757, 0.005644069188598069]], "chi2_level": 0.997, "chi2_df": 3, "chi2_threshold": 13.931422665512084, "N_raw": 26, "N_roi": 23, "N_inlier": 22, "refit": true}
{"timestamp": "16:16:23.557176", "frame": 68, "mu": [-0.2086146217512222, 4.531005289599697, 1.1555260379940517], "Sigma": [[0.010248609162875533, -0.0004986336104107337, -0.004487704448444686], [-0.0004986336104107337, 0.004656057339768032, 0.002810791502170778], [-0.004487704448444686, 0.002810791502170778, 0.00496816713615436]], "chi2_level": 0.997, "chi2_df": 3, "chi2_threshold": 13.931422665512084, "N_raw": 29, "N_roi": 26, "N_inlier": 26, "refit": true}
{"timestamp": "16:16:23.609865", "frame": 69, "mu": [-0.2980089403679613, 4.637014298603715, 0.2648016972048617], "Sigma": [[0.012705567454446825, -0.0015413425687344105, -0.005520164862553626], [-0.0015413425687344105, 0.003516044846758835, -4.303257982944672e-05], [-0.005520164862553626, -4.303257982944672e-05, 0.005235923507008592]], "chi2_level": 0.997, "chi2_df": 3, "chi2_threshold": 13.931422665512084, "N_raw": 13, "N_roi": 13, "N_inlier": 13, "refit": true}
{"timestamp": "16:16:23.666830", "frame": 70, "mu": [-0.35251608239611054, 4.5380515747335854, 1.2614617914340627], "Sigma": [[0.025879237961520172, -0.0013357095920520042, -0.010225198825608739], [-0.0013357095920520045, 0.004165329786603822, 0.0032493279512116465], [-0.010225198825608739, 0.0032493279512116465, 0.007114197552461584]], "chi2_level": 0.997, "chi2_df": 3, "chi2_threshold": 13.931422665512084, "N_raw": 38, "N_roi": 38, "N_inlier": 36, "refit": true}
{"timestamp": "16:16:23.726839", "frame": 71, "mu": [-0.4326443700774959, 4.481061808000105, 1.11844763818956], "Sigma": [[0.035605304249294006, -0.0021938861003483485, -0.014656266455251844], [-0.002193886100348348, 0.006409830132051158, 0.0007703063736602702], [-0.014656266455251848, 0.0007703063736602703, 0.007702191375757803]], "chi2_level": 0.997, "chi2_df": 3, "chi2_threshold": 13.931422665512084, "N_raw": 62, "N_roi": 61, "N_inlier": 59, "refit": true}
{"timestamp": "16:16:23.944336", "frame": 75, "mu": [-0.6507936033013819, 4.443151468906024, 1.140269223101239], "Sigma": [[0.029089616730753356, 0.0013370923040090569, -0.009512004639060215], [0.0013370923040090569, 0.004429087612341732, -0.0033541989251579768], [-0.009512004639060215, -0.0033541989251579768, 0.006766011082497777]], "chi2_level": 0.997, "chi2_df": 3, "chi2_threshold": 13.931422665512084, "N_raw": 51, "N_roi": 48, "N_inlier": 48, "refit": true}
{"timestamp": "16:16:24.002218", "frame": 76, "mu": [-0.704802449625978, 4.4602929516506045, 1.0815793616514282], "Sigma": [[0.037120253675531414, 0.001170265777800692, -0.014990935021715494], [0.0011702657778006925, 0.006867292917749839, -0.00296124530830812], [-0.014990935021715498, -0.00296124530830812, 0.009551942538159794]], "chi2_level": 0.997, "chi2_df": 3, "chi2_threshold": 13.931422665512084, "N_raw": 72, "N_roi": 67, "N_inlier": 66, "refit": true}
{"timestamp": "16:16:24.052829", "frame": 77, "mu": [-0.8176258229234452, 4.468155965653756, 0.2358552353631756], "Sigma": [[0.0149305890069361, 0.0007325838249358785, -0.0012798829190393633], [0.0007325838249358785, 0.0036487985781419015, -0.004829235586485597], [-0.001279882919039363, -0.004829235586485597, 0.00778450893443655]], "chi2_level": 0.997, "chi2_df": 3, "chi2_threshold": 13.931422665512084, "N_raw": 33, "N_roi": 27, "N_inlier": 27, "refit": true}
{"timestamp": "16:16:24.108590", "frame": 78, "mu": [-0.8103195005568894, 4.470556100294738, 1.1521556628900282], "Sigma": [[0.02788163111876671, 0.0001359717773849609, -0.018692383823777678], [0.0001359717773849608, 0.0028703358450164495, -0.002506245283821042], [-0.018692383823777678, -0.002506245283821042, 0.016839937626001632]], "chi2_level": 0.997, "chi2_df": 3, "chi2_threshold": 13.931422665512084, "N_raw": 44, "N_roi": 40, "N_inlier": 40, "refit": true}
{"timestamp": "16:16:24.164590", "frame": 79, "mu": [-0.9350615281872545, 4.501953163303079, 1.1890920135782692], "Sigma": [[0.021960946360619245, -4.4900761056191924e-05, -0.017955211237966076], [-4.490076105619179e-05, 0.0032357846455087005, 0.0005914800758066261], [-0.017955211237966076, 0.0005914800758066265, 0.016734281259159718]], "chi2_level": 0.997, "chi2_df": 3, "chi2_threshold": 13.931422665512084, "N_raw": 49, "N_roi": 35, "N_inlier": 34, "refit": true}
{"timestamp": "16:16:24.218166", "frame": 80, "mu": [-0.9280421499292294, 4.489923079516154, 1.027731842625121], "Sigma": [[0.022232008480310782, 0.0006632566049282807, -0.011304282331944924], [0.0006632566049282805, 0.002528887571725264, -0.0008203639339158085], [-0.011304282331944924, -0.0008203639339158086, 0.007888191949576212]], "chi2_level": 0.997, "chi2_df": 3, "chi2_threshold": 13.931422665512084, "N_raw": 45, "N_roi": 31, "N_inlier": 30, "refit": true}
{"timestamp": "16:16:24.273790", "frame": 81, "mu": [-0.9891546359255703, 4.420356566942621, 1.1346470182094717], "Sigma": [[0.021738891726466758, 0.002519947920081791, -0.01343789526272825], [0.0025199479200817905, 0.0023168213265007203, -0.004688148569346134], [-0.01343789526272825, -0.004688148569346134, 0.015218404460168632]], "chi2_level": 0.997, "chi2_df": 3, "chi2_threshold": 13.931422665512084, "N_raw": 43, "N_roi": 37, "N_inlier": 37, "refit": true}
{"timestamp": "16:16:24.325232", "frame": 82, "mu": [-1.0620511402071617, 4.4801512578980605, 1.0546720424833231], "Sigma": [[0.0167274684144146, 0.0018035002819719547, -0.010332051195700253], [0.0018035002819719549, 0.0027953586711785806, -0.001349870266480561], [-0.010332051195700253, -0.0013498702664805607, 0.008072150915544639]], "chi2_level": 0.997, "chi2_df": 3, "chi2_threshold": 13.931422665512084, "N_raw": 26, "N_roi": 24, "N_inlier": 24, "refit": true}
{"timestamp": "16:16:24.382366", "frame": 83, "mu": [-1.0953708730778415, 4.410074957004255, 0.906436250662251], "Sigma": [[0.01972253018266441, 0.003819863993234466, -0.011791377737640038], [0.003819863993234466, 0.001898477219692063, -0.00479599711876476], [-0.011791377737640038, -0.00479599711876476, 0.0162311249390652]], "chi2_level": 0.997, "chi2_df": 3, "chi2_threshold": 13.931422665512084, "N_raw": 35, "N_roi": 33, "N_inlier": 32, "refit": true}
{"timestamp": "16:16:24.436270", "frame": 84, "mu": [-1.162267936783209, 4.576390910677558, 0.11829715003492645], "Sigma": [[0.017396917787296115, 0.007581735463206102, -0.01576809817269235], [0.007581735463206101, 0.009075217641126499, -0.018485106148458202], [-0.01576809817269235, -0.0184851061484582, 0.04642488352099722]], "chi2_level": 0.997, "chi2_df": 3, "chi2_threshold": 13.931422665512084, "N_raw": 30, "N_roi": 27, "N_inlier": 27, "refit": true}
{"timestamp": "16:16:24.984248", "frame": 94, "mu": [-1.6413751085422423, 4.5651642595393085, 0.21563500440451805], "Sigma": [[0.013490034302065666, 0.002402818420881342, -0.007850033227834396], [0.002402818420881342, 0.0016224372232049391, -0.0015576129608212647], [-0.007850033227834396, -0.0015576129608212645, 0.006029707783694342]], "chi2_level": 0.997, "chi2_df": 3, "chi2_threshold": 13.931422665512084, "N_raw": 17, "N_roi": 14, "N_inlier": 14, "refit": true}
{"timestamp": "16:16:25.040995", "frame": 95, "mu": [-1.8360771888858527, 4.3439144245309835, 1.0971313257529653], "Sigma": [[0.020421514700112716, 0.009694874254416348, -0.026363878142564474], [0.009694874254416348, 0.010705689532539439, -0.027037522553184208], [-0.026363878142564474, -0.027037522553184208, 0.08337845639494573]], "chi2_level": 0.997, "chi2_df": 3, "chi2_threshold": 13.931422665512084, "N_raw": 29, "N_roi": 28, "N_inlier": 27, "refit": true}
{"timestamp": "16:16:25.097544", "frame": 96, "mu": [-1.8590368303357865, 4.390373844127286, -0.19146271835984283], "Sigma": [[0.02611739899989743, 0.014893676245875086, 0.05370101373888635], [0.014893676245875086, 0.013826645520985203, 0.046098332015599444], [0.05370101373888635, 0.046098332015599444, 0.22193176511933138]], "chi2_level": 0.997, "chi2_df": 3, "chi2_threshold": 13.931422665512084, "N_raw": 38, "N_roi": 36, "N_inlier": 36, "refit": true}
{"timestamp": "16:16:25.150437", "frame": 97, "mu": [-1.9137740888510812, 4.347633908566657, 1.1257225030614926], "Sigma": [[0.0195153883587151, 0.004699131263678856, -0.015507951202412823], [0.004699131263678856, 0.002893708118564828, -0.00445283068485728], [-0.015507951202412823, -0.00445283068485728, 0.014755176537135477]], "chi2_level": 0.997, "chi2_df": 3, "chi2_threshold": 13.931422665512084, "N_raw": 26, "N_roi": 22, "N_inlier": 22, "refit": true}
