{"timestamp": "16:21:55.510421", "frame": 25, "mu": [2.2857855273817083, 4.874810099941232, 0.7493914171318945], "Sigma": [[0.006907381203195848, -0.0029470627178685687, -0.0018762767944923767], [-0.0029470627178685687, 0.001437475026136807, -0.0008202398751601678], [-0.0018762767944923767, -0.0008202398751601677, 0.01834968423364415]], "chi2_level": 0.997, "chi2_df": 3, "chi2_threshold": 13.931422665512084, "N_raw": 22, "N_roi": 11, "N_inlier": 11, "refit": true}
{"timestamp": "16:21:55.621056", "frame": 27, "mu": [2.2826479907629915, 4.779716989247254, 0.4403743076982227], "Sigma": [[0.01893251165166479, -0.006232082462544214, 0.0027364373899572527], [-0.006232082462544214, 0.003287831743827445, -0.0019850862754734614], [0.0027364373899572527, -0.001985086275473461, 0.004541470001569558]], "chi2_level": 0.997, "chi2_df": 3, "chi2_threshold": 13.931422665512084, "N_raw": 21, "N_roi": 17, "N_inlier": 16, "refit": true}
{"timestamp": "16:21:55.676553", "frame": 28, "mu": [2.250489431868284, 4.740637452661051, 0.22334507541034415], "Sigma": [[0.023954221497511564, -0.008094985853335401, 0.0020992836824692976], [-0.008094985853335401, 0.004830427146465241, -0.0018270177499450687], [0.0020992836824692976, -0.0018270177499450687, 0.002853497162404475]], "chi2_level": 0.997, "chi2_df": 3, "chi2_threshold": 13.931422665512084, "N_raw": 31, "N_roi": 25, "N_inlier": 24, "refit": true}
{"timestamp": "16:21:55.842514", "frame": 31, "mu": [2.231675818989499, 4.725240677028828, 0.5858981616221695], "Sigma": [[0.01587298755410376, -0.010932623843126576, -0.006771230552677272], [-0.010932623843126576, 0.011030584693333748, -0.0008845862383897473], [-0.0067712305526772725, -0.0008845862383897467, 0.0289878534521607]], "chi2_level": 0.997, "chi2_df": 3, "chi2_threshold": 13.931422665512084, "N_raw": 26, "N_roi": 24, "N_inlier": 23, "refit": true}
{"timestamp": "16:21:56.014235", "frame": 34, "mu": [2.1786566387974196, 4.568094442209789, 0.673805701941045], "Sigma": [[0.023062197804019854, -0.014706762406781319, -0.011407755494846041], [-0.01470676240678132, 0.013717274956708173, 0.004195390088879691], [-0.011407755494846041, 0.004195390088879691, 0.018680356413909062]], "chi2_level": 0.997, "chi2_df": 3, "chi2_threshold": 13.931422665512084, "N_raw": 61, "N_roi": 37, "N_inlier": 37, "refit": true}
{"timestamp": "16:21:56.118267", "frame": 36, "mu": [2.0751198987382984, 4.490626226206225, 0.6756289198639625], "Sigma": [[0.014525442504030091, -0.009325241624984002, -0.008861839893250421], [-0.009325241624984002, 0.008561123993592943, 0.004450901903675457], [-0.00886183989325042, 0.004450901903675457, 0.009610975052382776]], "chi2_level": 0.997, "chi2_df": 3, "chi2_threshold": 13.931422665512084, "N_raw": 18, "N_roi": 13, "N_inlier": 13, "refit": true}
{"timestamp": "16:21:56.283794", "frame": 39, "mu": [2.0418942294542552, 4.338114892522821, 0.4754687905273153], "Sigma": [[0.02685620467367615, -0.012202479481905656, -0.004108247730849344], [-0.012202479481905656, 0.006396250101793557, 0.0021094714910831307], [-0.004108247730849345, 0.0021094714910831307, 0.021639200754355298]], "chi2_level": 0.997, "chi2_df": 3, "chi2_threshold": 13.931422665512084, "N_raw": 31, "N_roi": 30, "N_inlier": 29, "refit": true}
{"timestamp": "16:21:56.339779", "frame": 40, "mu": [1.937186206368774, 4.449981487037364, 0.5986556742282857], "Sigma": [[0.02691496656270361, -0.018063218276539672, -0.013589368131096383], [-0.018063218276539676, 0.016075139621363727, 0.00912331086371275], [-0.013589368131096383, 0.00912331086371275, 0.00934356098803227]], "chi2_level": 0.997, "chi2_df": 3, "chi2_threshold": 13.931422665512084, "N_raw": 37, "N_roi": 37, "N_inlier": 37, "refit": true}
{"timestamp": "16:21:56.396389", "frame": 41, "mu": [1.8447090516701916, 4.412130698589018, 0.7820465254220401], "Sigma": [[0.024040656548713017, -0.013754114001645138, -0.008318163117513593], [-0.013754114001645138, 0.008744317481269614, 0.002495922536591413], [-0.008318163117513593, 0.002495922536591413, 0.04979620520418905]], "chi2_level": 0.997, "chi2_df": 3, "chi2_threshold": 13.931422665512084, "N_raw": 41, "N_roi": 41, "N_inlier": 40, "refit": true}
{"timestamp": "16:21:56.504006", "frame": 43, "mu": [1.9652923231516766, 4.235213939862628, 0.5787814220024883], "Sigma": [[0.03447117842506508, -0.02674352543204742, -0.015852088594879746], [-0.02674352543204742, 0.025046779687098127, 0.011037936674746672], [-0.015852088594879746, 0.011037936674746673, 0.010874232299598921]], "chi2_level": 0.997, "chi2_df": 3, "chi2_threshold": 13.931422665512084, "N_raw": 32, "N_roi": 32, "N_inlier": 30, "refit": true}
{"timestamp": "16:21:56.557395", "frame": 44, "mu": [1.956144983765568, 4.220157975701295, 0.8040059326350897], "Sigma": [[0.012772343808364351, -0.008236714970150225, -0.009540032005437998], [-0.008236714970150225, 0.006215497906171616, 0.0031033481772344924], [-0.009540032005438, 0.0031033481772344924, 0.026069247062235894]], "chi2_level": 0.997, "chi2_df": 3, "chi2_threshold": 13.931422665512084, "N_raw": 12, "N_roi": 12, "N_inlier": 12, "refit": true}
{"timestamp": "16:21:56.669635", "frame": 46, "mu": [1.7860391718648194, 4.133346770012274, 0.7331279707428678], "Sigma": [[0.023310895049077428, -0.011325749644643602, -0.012815842366329884], [-0.011325749644643602, 0.007712998135097173, 0.0045174998182380115], [-0.012815842366329884, 0.0045174998182380115, 0.011479942587569595]], "chi2_level": 0.997, "chi2_df": 3, "chi2_threshold": 13.931422665512084, "N_raw": 38, "N_roi": 36, "N_inlier": 36, "refit": true}
{"timestamp": "16:21:56.783094", "frame": 48, "mu": [1.623877496652211, 4.128538892317972, 0.8043960509562752], "Sigma": [[0.022022495665982238, -0.010255869249667687, -0.018569995702579487], [-0.010255869249667687, 0.005542535330563058, 0.0055804240423975755], [-0.018569995702579487, 0.005580424042397574, 0.09349044974391198]], "chi2_level": 0.997, "chi2_df": 3, "chi2_threshold": 13.931422665512084, "N_raw": 55, "N_roi": 55, "N_inlier": 54, "refit": true}
{"timestamp": "16:21:56.831899", "frame": 49, "mu": [1.719241604607566, 3.98425247198074, 0.5718963896132582], "Sigma": [[0.00455164827772465, -0.0042444415827151, 0.0010171416646077124], [-0.0042444415827151, 0.005486861528146416, -0.0025123729693812594], [0.0010171416646077122, -0.002512372969381259, 0.007739957918268341]], "chi2_level": 0.997, "chi2_df": 3, "chi2_threshold": 13.931422665512084, "N_raw": 12, "N_roi": 12, "N_inlier": 12, "refit": true}
{"timestamp": "16:21:56.892595", "frame": 50, "mu": [1.6552801008684348, 3.980421844089945, 0.6998816071034736], "Sigma": [[0.027347944653731075, -0.011353389764032166, 0.01967895548771245], [-0.011353389764032166, 0.007323360918507539, -0.013209112726829002], [0.019678955487712448, -0.013209112726829002, 0.05245999644272831]], "chi2_level": 0.997, "chi2_df": 3, "chi2_threshold": 13.931422665512084, "N_raw": 61, "N_roi": 61, "N_inlier": 61, "refit": true}
{"timestamp": "16:21:56.946509", "frame": 51, "mu": [1.5090152995608588, 3.992995060643441, 0.44530406216416163], "Sigma": [[0.02253646663707154, -0.008920402371811308, 0.0037543271652581327], [-0.008920402371811308, 0.004520911443181753, -0.0031517927946880867], [0.0037543271652581327, -0.0031517927946880867, 0.008148856366418029]], "chi2_level": 0.997, "chi2_df": 3, "chi2_threshold": 13.931422665512084, "N_raw": 34, "N_roi": 34, "N_inlier": 33, "refit": true}
{"timestamp": "16:21:56.998941", "frame": 52, "mu": [1.4551021825696429, 3.9952447484280293, 0.8157865434499348], "Sigma": [[0.01931125792470035, -0.007724305022891873, -0.006541340356712842], [-0.007724305022891873, 0.0035139042161400204, 0.004448923534891509], [-0.006541340356712843, 0.00444892353489151, 0.05303419886662204]], "chi2_level": 0.997, "chi2_df": 3, "chi2_threshold": 13.931422665512084, "N_raw": 33, "N_roi": 33, "N_inlier": 33, "refit": true}
{"timestamp": "16:21:57.055357", "frame": 53, "mu": [1.395659912368173, 3.9396378724417382, 0.37270560321978163], "Sigma": [[0.02514586994936717, -0.00767900565348759, -0.0004302889211472268], [-0.00767900565348759, 0.004102038991496409, -0.002020788473179028], [-0.0004302889211472268, -0.002020788473179028, 0.009520869778230733]], "chi2_level": 0.997, "chi2_df": 3, "chi2_threshold": 13.931422665512084, "N_raw": 39, "N_roi": 39, "N_inlier": 35, "refit": true}
{"timestamp": "16:21:57.109265", "frame": 54, "mu": [1.3783025613894824, 3.908353846731431, 0.635220590095694], "Sigma": [[0.01776687013737569, -0.004259420725671344, 0.01826470310315652], [-0.004259420725671345, 0.002152035431877387, 0.0024632177805804954], [0.018264703103156525, 0.0024632177805804954, 0.10009034305589645]], "chi2_level": 0.997, "chi2_df": 3, "chi2_threshold": 13.931422665512084, "N_raw": 38, "N_roi": 38, "N_inlier": 37, "refit": true}
{"timestamp": "16:21:57.165159", "frame": 55, "mu": [1.4209544603559936, 3.860295747605966, 0.7790701545786336], "Sigma": [[0.020464690626773994, -0.005701637515904353, 0.010335359457926924], [-0.005701637515904355, 0.002312818338034137, -0.002568216167957032], [0.010335359457926924, -0.002568216167957032, 0.03861346001959382]], "chi2_level": 0.997, "chi2_df": 3, "chi2_threshold": 13.931422665512084, "N_raw": 34, "N_roi": 34, "N_inlier": 34, "refit": true}
{"timestamp": "16:21:57.218345", "frame": 56, "mu": [1.2165771835240695, 3.886444201954906, 0.5489980763651566], "Sigma": [[0.015864713698082594, -0.006422314843526108, 0.004305912336972061], [-0.006422314843526108, 0.0032511102423253115, -0.0032714417181973028], [0.00430591233697206, -0.0032714417181973028, 0.01179721768509015]], "chi2_level": 0.997, "chi2_df": 3, "chi2_threshold": 13.931422665512084, "N_raw": 22, "N_roi": 22, "N_inlier": 21, "refit": true}
{"timestamp": "16:21:57.276916", "frame": 57, "mu": [1.4233154381757545, 3.7827567461544698, 0.892712295834547], "Sigma": [[0.02564197240713708, -0.01098832828947948, -0.009099904243938556], [-0.01098832828947948, 0.008476023778497226, 0.0009631370540706915], [-0.009099904243938556, 0.0009631370540706919, 0.01045732395385966]], "chi2_level": 0.997, "chi2_df": 3, "chi2_threshold": 13.931422665512084, "N_raw": 51, "N_roi": 51, "N_inlier": 51, "refit": true}
{"timestamp": "16:21:57.330110", "frame": 58, "mu": [1.2486517774061627, 3.805442932288882, 0.7836691595235941], "Sigma": [[0.018172462541614302, -0.008143863849052843, 0.006205130455035284], [-0.008143863849052843, 0.0046398609930483605, -0.005670709112062387], [0.006205130455035284, -0.005670709112062387, 0.015456471655565551]], "chi2_level": 0.997, "chi2_df": 3, "chi2_threshold": 13.931422665512084, "N_raw": 35, "N_roi": 35, "N_inlier": 34, "refit": true}
{"timestamp": "16:21:57.386654", "frame": 59, "mu": [1.2462404201075343, 3.71040870131617, 0.8759905084814683], "Sigma": [[0.024340519770722567, -0.008562640454798837, -0.006522286426930595], [-0.008562640454798837, 0.00669217898842417, -0.0006564986163510262], [-0.006522286426930595, -0.0006564986163510264, 0.00711009870221269]], "chi2_level": 0.997, "chi2_df": 3, "chi2_threshold": 13.931422665512084, "N_raw": 52, "N_roi": 52, "N_inlier": 51, "refit": true}
{"timestamp": "16:21:57.442595", "frame": 60, "mu": [1.1709043912826764, 3.7097685572910866, 0.8117293985344536], "Sigma": [[0.022005892404764853, -0.01106319472065119, -0.02024089998960487], [-0.01106319472065119, 0.007660012005113774, 0.0058767120831007165], [-0.02024089998960487, 0.0058767120831007165, 0.03368009114677795]], "chi2_level": 0.997, "chi2_df": 3, "chi2_threshold": 13.931422665512084, "N_raw": 50, "N_roi": 50, "N_inlier": 50, "refit": true}
{"timestamp": "16:21:57.494658", "frame": 61, "mu": [1.1430114683690429, 3.6773389962290546, 0.7835532366155413], "Sigma": [[0.019419559091120357, -0.010076382617073693, -0.012671110010254257], [-0.010076382617073693, 0.007137112881571546, 0.003907193519653675], [-0.012671110010254259, 0.003907193519653674, 0.016530809765028333]], "chi2_level": 0.997, "chi2_df": 3, "chi2_threshold": 13.931422665512084, "N_raw": 36, "N_roi": 36, "N_inlier": 36, "refit": true}
{"timestamp": "16:21:57.550352", "frame": 62, "mu": [1.0209306686089916, 3.710735819876404, 0.6306133586298289], "Sigma": [[0.02740691451722687, -0.0265121977599835, -0.011734993729492268], [-0.0265121977599835, 0.03223832857577697, 0.012577087227491658], [-0.01173499372949227, 0.012577087227491656, 0.006946094575561977]], "chi2_level": 0.997, "chi2_df": 3, "chi2_threshold": 13.931422665512084, "N_raw": 36, "N_roi": 33, "N_inlier": 32, "refit": true}
{"timestamp": "16:21:57.606889", "frame": 63, "mu": [1.02369325957151, 3.603904582971655, 0.7546022069545004], "Sigma": [[0.025050095944976345, -0.007730662654259226, -0.007386896823203312], [-0.007730662654259224, 0.005114816956122383, -0.0016164283045424967], [-0.0073868968232033115, -0.0016164283045424967, 0.015099193038980817]], "chi2_level": 0.997, "chi2_df": 3, "chi2_threshold": 13.931422665512084, "N_raw": 52, "N_roi": 52, "N_inlier": 52, "refit": true}
{"timestamp": "16:21:57.666242", "frame": 64, "mu": [0.9578928333520129, 3.814191553671222, -0.29720454497513554], "Sigma": [[0.03261806260283299, -0.01820284062115897, -0.013797828171982527], [-0.01820284062115897, 0.018238595050292305, 0.0012862081218873872], [-0.013797828171982527, 0.001286208121887387, 0.016990365311327235]], "chi2_level": 0.997, "chi2_df": 3, "chi2_threshold": 13.931422665512084, "N_raw": 77, "N_roi": 74, "N_inlier": 74, "refit": true}
{"timestamp": "16:21:57.715418", "frame": 65, "mu": [1.002633000322708, 3.502546739812729, 0.5956524747085327], "Sigma": [[0.017076598727746622, -0.002795986177511524, 0.0075086911140235186], [-0.0027959861775115236, 0.001669134166665692, -0.0018395000687067304], [0.007508691114023518, -0.0018395000687067304, 0.015109648845026488]], "chi2_level": 0.997, "chi2_df": 3, "chi2_threshold": 13.931422665512084, "N_raw": 38, "N_roi": 35, "N_inlier": 33, "refit": true}
{"timestamp": "16:21:57.768617", "frame": 66, "mu": [0.8752660996639202, 3.498010574450796, 0.6717972227404498], "Sigma": [[0.01197623548293955, -0.005406963961789557, -0.0033856407270130397], [-0.005406963961789556, 0.004186849435726267, 0.00017950394603075711], [-0.0033856407270130393, 0.00017950394603075722, 0.008235489570488924]], "chi2_level": 0.997, "chi2_df": 3, "chi2_threshold": 13.931422665512084, "N_raw": 32, "N_roi": 30, "N_inlier": 28, "refit": true}
{"timestamp": "16:21:57.828112", "frame": 67, "mu": [0.8370964188547129, 3.494644469682528, 0.9835863595783002], "Sigma": [[0.020396151443155763, -0.00706764968981944, -0.013620148297208865], [-0.007067649689819439, 0.0034030912293768283, 0.0012383116433409632], [-0.013620148297208864, 0.0012383116433409636, 0.0317483058206005]], "chi2_level": 0.997, "chi2_df": 3, "chi2_threshold": 13.931422665512084, "N_raw": 47, "N_roi": 47, "N_inlier": 46, "refit": true}
{"timestamp": "16:21:57.880070", "frame": 68, "mu": [0.8038664696169644, 3.4425803705166844, 0.6807967605692834], "Sigma": [[0.027258546652851483, -0.017055996438003332, -0.010946109585029786], [-0.01705599643800333, 0.013780198842359108, 0.006155923555662374], [-0.010946109585029786, 0.006155923555662374, 0.013103000207093896]], "chi2_level": 0.997, "chi2_df": 3, "chi2_threshold": 13.931422665512084, "N_raw": 35, "N_roi": 35, "N_inlier": 34, "refit": true}
{"timestamp": "16:21:57.937636", "frame": 69, "mu": [0.7569273536776495, 3.621693599787239, -0.3564607176390207], "Sigma": [[0.021400631120411476, -0.011542498206017018, 0.0007608337119179348], [-0.011542498206017018, 0.010433336523304861, -0.00571533171653207], [0.0007608337119179348, -0.00571533171653207, 0.020059500566877154]], "chi2_level": 0.997, "chi2_df": 3, "chi2_threshold": 13.931422665512084, "N_raw": 55, "N_roi": 55, "N_inlier": 54, "refit": true}
{"timestamp": "16:21:57.992207", "frame": 70, "mu": [0.8006454290734372, 3.295774579652479, 0.7936361391360213], "Sigma": [[0.020458518397691316, -0.009341702982358686, -0.015418432869561198], [-0.009341702982358686, 0.006769295965944525, 0.00615862534827934], [-0.0154184328695612, 0.00615862534827934, 0.01661684801147781]], "chi2_level": 0.997, "chi2_df": 3, "chi2_threshold": 13.931422665512084, "N_raw": 45, "N_roi": 45, "N_inlier": 44, "refit": true}
{"timestamp": "16:21:58.043703", "frame": 71, "mu": [0.7124946770197238, 3.257528257583255, 0.8196027380882509], "Sigma": [[0.0095662852213416, -0.0034392719717522813, -0.010735450952945586], [-0.003439271971752281, 0.0025342125788673873, 0.0022481974726977555], [-0.010735450952945586, 0.002248197472697756, 0.017583775715782478]], "chi2_level": 0.997, "chi2_df": 3, "chi2_threshold": 13.931422665512084, "N_raw": 29, "N_roi": 29, "N_inlier": 29, "refit": true}
{"timestamp": "16:21:58.101471", "frame": 72, "mu": [0.6625291814783794, 3.390942611821124, -0.043992581195957434], "Sigma": [[0.01441184797349957, 0.0006870050716993183, -0.022091343638167775], [0.0006870050716993184, 0.005262641812166, -0.009795889805153134], [-0.022091343638167775, -0.009795889805153134, 0.05144965173617427]], "chi2_level": 0.997, "chi2_df": 3, "chi2_threshold": 13.931422665512084, "N_raw": 50, "N_roi": 50, "N_inlier": 50, "refit": true}
{"timestamp": "16:21:58.158100", "frame": 73, "mu": [0.7240524458530614, 3.1356293254245724, 0.7877713985351924], "Sigma": [[0.019266805901858107, -0.012957750489076464, -0.010545670469156498], [-0.012957750489076464, 0.010734975746402357, 0.004100492633836626], [-0.010545670469156498, 0.004100492633836626, 0.015260033262665196]], "chi2_level": 0.997, "chi2_df": 3, "chi2_threshold": 13.931422665512084, "N_raw": 55, "N_roi": 55, "N_inlier": 54, "refit": true}
{"timestamp": "16:21:58.218179", "frame": 74, "mu": [0.6907711546165101, 3.085995731378913, 0.9245016112082672], "Sigma": [[0.024852318654224728, -0.019028855674014203, -0.03139912283749213], [-0.019028855674014203, 0.02147233581137676, 0.023501460030103557], [-0.03139912283749213, 0.023501460030103557, 0.05940847808405789]], "chi2_level": 0.997, "chi2_df": 3, "chi2_threshold": 13.931422665512084, "N_raw": 85, "N_roi": 85, "N_inlier": 81, "refit": true}
{"timestamp": "16:21:58.267460", "frame": 75, "mu": [0.6139914812977243, 3.24166338343483, -0.17722099571559824], "Sigma": [[0.013984098886320755, -0.004889217492327463, -0.011087970836119159], [-0.004889217492327465, 0.0067962880534211114, 0.0027143644079429988], [-0.011087970836119159, 0.0027143644079429996, 0.025664196836558698]], "chi2_level": 0.997, "chi2_df": 3, "chi2_threshold": 13.931422665512084, "N_raw": 53, "N_roi": 53, "N_inlier": 51, "refit": true}
{"timestamp": "16:21:58.321278", "frame": 76, "mu": [0.4822622921063775, 3.0508993520367915, 0.7550568367555355], "Sigma": [[0.009729275692247559, -0.009806386464196681, 0.000983927841827973], [-0.009806386464196681, 0.01849703683893309, 0.01163959078890107], [0.0009839278418279733, 0.01163959078890107, 0.14276010352506047]], "chi2_level": 0.997, "chi2_df": 3, "chi2_threshold": 13.931422665512084, "N_raw": 31, "N_roi": 29, "N_inlier": 29, "refit": true}
{"timestamp": "16:21:58.381829", "frame": 77, "mu": [0.34901009469435557, 3.06253530611734, 0.8192677865683953], "Sigma": [[0.016916728851101105, -0.0061125135585766155, 0.013085222996096114], [-0.0061125135585766155, 0.009182989469354084, -0.0019719683522657723], [0.013085222996096114, -0.0019719683522657727, 0.07433701984773082]], "chi2_level": 0.997, "chi2_df": 3, "chi2_threshold": 13.931422665512084, "N_raw": 86, "N_roi": 86, "N_inlier": 84, "refit": true}
{"timestamp": "16:21:58.432982", "frame": 78, "mu": [0.299324047993997, 3.289102463751947, -0.4200831364124287], "Sigma": [[0.010842805275111032, -0.0035832509402021753, 0.016401224340655357], [-0.0035832509402021753, 0.02056273640746909, -0.0307816540201084], [0.016401224340655357, -0.030781654020108396, 0.12338995088256127]], "chi2_level": 0.997, "chi2_df": 3, "chi2_threshold": 13.931422665512084, "N_raw": 45, "N_roi": 42, "N_inlier": 42, "refit": true}
{"timestamp": "16:21:58.487844", "frame": 79, "mu": [0.3453552111178554, 3.0296167092406545, 1.0771743110243335], "Sigma": [[0.012266651241160349, -0.0021782616241486988, -0.004766358598490731], [-0.0021782616241486988, 0.0020092925579737984, -0.0025610553895622622], [-0.004766358598490731, -0.0025610553895622622, 0.02042633440335311]], "chi2_level": 0.997, "chi2_df": 3, "chi2_threshold": 13.931422665512084, "N_raw": 53, "N_roi": 52, "N_inlier": 49, "refit": true}
{"timestamp": "16:21:58.546551", "frame": 80, "mu": [0.22677586994246324, 2.9590545310507803, 0.7742547222768186], "Sigma": [[0.015363023686321768, -0.002268024514693998, 0.01006165559563472], [-0.002268024514693998, 0.0011191186977091328, -0.0024098997098022336], [0.01006165559563472, -0.0024098997098022336, 0.046175997764040536]], "chi2_level": 0.997, "chi2_df": 3, "chi2_threshold": 13.931422665512084, "N_raw": 74, "N_roi": 63, "N_inlier": 60, "refit": true}
{"timestamp": "16:21:58.604109", "frame": 81, "mu": [0.1531169800393109, 2.9445558053991263, 0.8980581081318525], "Sigma": [[0.015445902254114215, -0.002557367402939457, 0.013227253649857409], [-0.002557367402939457, 0.0030925725105860787, -0.0034626008602883303], [0.01322725364985741, -0.00346260086028833, 0.08208812798800194]], "chi2_level": 0.997, "chi2_df": 3, "chi2_threshold": 13.931422665512084, "N_raw": 88, "N_roi": 85, "N_inlier": 84, "refit": true}
{"timestamp": "16:21:58.658526", "frame": 82, "mu": [0.2185694446593478, 2.966360295937243, -0.16483585432042397], "Sigma": [[0.023654153681464923, -0.01003132656800743, 0.06986643618678337], [-0.01003132656800743, 0.016734490727265915, -0.045242852353848895], [0.06986643618678337, -0.045242852353848895, 0.3471715171608391]], "chi2_level": 0.997, "chi2_df": 3, "chi2_threshold": 13.931422665512084, "N_raw": 83, "N_roi": 83, "N_inlier": 80, "refit": true}
{"timestamp": "16:21:58.710825", "frame": 83, "mu": [0.2029882895775163, 2.8178086557813335, 1.0908722069197394], "Sigma": [[0.01449117924489232, -0.0024759974880074805, -0.002782958691361601], [-0.00247599748800748, 0.00567755926884441, -0.001999728472064624], [-0.0027829586913616002, -0.001999728472064624, 0.007573189748345013]], "chi2_level": 0.997, "chi2_df": 3, "chi2_threshold": 13.931422665512084, "N_raw": 71, "N_roi": 69, "N_inlier": 68, "refit": true}
{"timestamp": "16:21:58.771155", "frame": 84, "mu": [0.097928623638302, 2.791138025771346, 0.7618830918688331], "Sigma": [[0.017861594475477586, -0.0021627515505890428, 0.02412166988742393], [-0.0021627515505890428, 0.0029676347553138733, 0.006067451528432087], [0.02412166988742393, 0.006067451528432088, 0.2828454362921656]], "chi2_level": 0.997, "chi2_df": 3, "chi2_threshold": 13.931422665512084, "N_raw": 105, "N_roi": 102, "N_inlier": 101, "refit": true}
{"timestamp": "16:21:58.822398", "frame": 85, "mu": [0.026997618013383146, 2.7896405016101324, 1.0367645476597414], "Sigma": [[0.018409854439667327, -0.006122264388252592, -0.032309525293974045], [-0.006122264388252592, 0.003636801424789851, 0.008790710850683238], [-0.032309525293974045, 0.008790710850683238, 0.09752387291480089]], "chi2_level": 0.997, "chi2_df": 3, "chi2_threshold": 13.931422665512084, "N_raw": 76, "N_roi": 76, "N_inlier": 74, "refit": true}
{"timestamp": "16:21:58.876482", "frame": 86, "mu": [-0.04452068464576684, 2.7757165210462453, 1.1978607906289946], "Sigma": [[0.016451979737120644, -0.0011377267074074568, -0.019180725227551442], [-0.0011377267074074568, 0.0028323207966978762, -0.003895542172438612], [-0.01918072522755144, -0.003895542172438612, 0.034322554271534966]], "chi2_level": 0.997, "chi2_df": 3, "chi2_threshold": 13.931422665512084, "N_raw": 74, "N_roi": 74, "N_inlier": 70, "refit": true}
{"timestamp": "16:21:58.930123", "frame": 87, "mu": [-0.04555731164260481, 2.747617620233189, 1.1613653364042658], "Sigma": [[0.013623655657619253, -0.0015314845548065916, -0.013881962616702296], [-0.0015314845548065914, 0.0024538846459134156, -0.0021757087959581294], [-0.013881962616702296, -0.0021757087959581294, 0.025469737272503803]], "chi2_level": 0.997, "chi2_df": 3, "chi2_threshold": 13.931422665512084, "N_raw": 61, "N_roi": 61, "N_inlier": 58, "refit": true}
{"timestamp": "16:21:58.985164", "frame": 88, "mu": [-0.0812833058679558, 2.6813843180031616, 1.1058505623807173], "Sigma": [[0.011987764069062967, -0.0030747887683170902, -0.0075780506882367135], [-0.0030747887683170902, 0.0031508329215551643, -0.003076343084771651], [-0.007578050688236713, -0.0030763430847716516, 0.027798358555277514]], "chi2_level": 0.997, "chi2_df": 3, "chi2_threshold": 13.931422665512084, "N_raw": 71, "N_roi": 71, "N_inlier": 67, "refit": true}
{"timestamp": "16:21:59.043843", "frame": 89, "mu": [-0.20340168296458278, 2.687243517132136, 0.4331946123726765], "Sigma": [[0.029233085415076403, -0.003758975929595022, -0.0041273686841278336], [-0.003758975929595022, 0.004518966675197806, -0.016264970533673387], [-0.0041273686841278336, -0.016264970533673387, 0.26970678343443566]], "chi2_level": 0.997, "chi2_df": 3, "chi2_threshold": 13.931422665512084, "N_raw": 88, "N_roi": 88, "N_inlier": 87, "refit": true}
{"timestamp": "16:21:59.098604", "frame": 90, "mu": [-0.25434962383795223, 2.583853554662754, 1.0630219557043166], "Sigma": [[0.014675828475945946, -0.0009109320319095984, 0.001567635181341633], [-0.0009109320319095984, 0.002335948029183382, -0.00674415887081649], [0.0015676351813416318, -0.006744158870816491, 0.10000477118496182]], "chi2_level": 0.997, "chi2_df": 3, "chi2_threshold": 13.931422665512084, "N_raw": 92, "N_roi": 92, "N_inlier": 91, "refit": true}
{"timestamp": "16:21:59.149988", "frame": 91, "mu": [-0.25522555845816736, 2.532895228954941, 1.2771900861602625], "Sigma": [[0.01049573131046798, 0.0009061060994958445, -0.006515916186866975], [0.0009061060994958447, 0.0035020039053853926, -0.005196681771959695], [-0.006515916186866977, -0.005196681771959696, 0.024709221103776706]], "chi2_level": 0.997, "chi2_df": 3, "chi2_threshold": 13.931422665512084, "N_raw": 65, "N_roi": 65, "N_inlier": 61, "refit": true}
{"timestamp": "16:21:59.205369", "frame": 92, "mu": [-0.23379229818939495, 2.0482223753832915, 0.6087675070895394], "Sigma": [[0.008288162102743966, -0.0017868407539833814, -0.004936011544159154], [-0.0017868407539833792, 0.668646995109701, 0.7742672189042437], [-0.004936011544159156, 0.7742672189042437, 0.9445791552724241]], "chi2_level": 0.997, "chi2_df": 3, "chi2_threshold": 13.931422665512084, "N_raw": 62, "N_roi": 58, "N_inlier": 56, "refit": true}
{"timestamp": "16:21:59.257567", "frame": 93, "mu": [-0.24876077989623252, 2.3896518124281503, 0.7638976415146473], "Sigma": [[0.009146745920111932, 0.0004796021037371363, -0.005341759783328714], [0.0004796021037371363, 0.0019757547348542167, -0.006187781310861445], [-0.005341759783328714, -0.006187781310861445, 0.060001971480874064]], "chi2_level": 0.997, "chi2_df": 3, "chi2_threshold": 13.931422665512084, "N_raw": 51, "N_roi": 51, "N_inlier": 49, "refit": true}
{"timestamp": "16:21:59.307369", "frame": 94, "mu": [-0.38564774708840877, 2.318385275805791, 0.34746513685699965], "Sigma": [[0.01179620732555045, -0.012298095099771946, 0.039378436454343], [-0.012298095099771948, 0.02774220095752507, -0.0016640530320700736], [0.039378436454343, -0.0016640530320700762, 0.3613212507441722]], "chi2_level": 0.997, "chi2_df": 3, "chi2_threshold": 13.931422665512084, "N_raw": 13, "N_roi": 13, "N_inlier": 13, "refit": true}
{"timestamp": "16:21:59.372715", "frame": 95, "mu": [-0.3468528045448609, 2.3024491870355215, 0.863080976820811], "Sigma": [[0.010087794875617636, -0.001897453744938778, -0.008532821278617158], [-0.001897453744938778, 0.004567326283357047, -0.022818765241127623], [-0.008532821278617157, -0.022818765241127623, 0.2665551121795921]], "chi2_level": 0.997, "chi2_df": 3, "chi2_threshold": 13.931422665512084, "N_raw": 90, "N_roi": 88, "N_inlier": 85, "refit": true}
{"timestamp": "16:21:59.419776", "frame": 96, "mu": [-0.4111650294746514, 2.2257837754928795, 0.8439590931216068], "Sigma": [[0.012219666527948139, -0.007402450980444534, 0.020322422678379644], [-0.0074024509804445325, 0.008489404238548413, 0.00221419352134446], [0.020322422678379647, 0.0022141935213444604, 0.34980170140929023]], "chi2_level": 0.997, "chi2_df": 3, "chi2_threshold": 13.931422665512084, "N_raw": 28, "N_roi": 27, "N_inlier": 27, "refit": true}
{"timestamp": "16:21:59.479583", "frame": 97, "mu": [-0.4649263223425695, 2.2038971789761206, 1.1925046942128035], "Sigma": [[0.008241428902755856, -0.00044134836875117764, -0.017580375488889938], [-0.0004413483687511776, 0.001983897428768683, -0.0032686661494552532], [-0.017580375488889938, -0.0032686661494552532, 0.06126511922110253]], "chi2_level": 0.997, "chi2_df": 3, "chi2_threshold": 13.931422665512084, "N_raw": 68, "N_roi": 66, "N_inlier": 63, "refit": true}
{"timestamp": "16:21:59.535222", "frame": 98, "mu": [-0.5446148321890811, 2.1684326562957597, 1.3792981724842064], "Sigma": [[0.012191351572196538, -0.0026247206122046386, -0.009647286551258127], [-0.0026247206122046386, 0.004511551739713429, 0.002100159512987187], [-0.009647286551258127, 0.002100159512987187, 0.03987766188408115]], "chi2_level": 0.997, "chi2_df": 3, "chi2_threshold": 13.931422665512084, "N_raw": 69, "N_roi": 69, "N_inlier": 66, "refit": true}
{"timestamp": "16:21:59.587225", "frame": 99, "mu": [-0.46754427083361866, 2.202456508291149, -0.23237760995387435], "Sigma": [[0.0076404500370137905, 0.0004105421537938863, -0.01383426919117348], [0.0004105421537938863, 0.0025719588665611705, -0.003395385627243427], [-0.013834269191173483, -0.0033953856272434264, 0.030240626211144053]], "chi2_level": 0.997, "chi2_df": 3, "chi2_threshold": 13.931422665512084, "N_raw": 50, "N_roi": 46, "N_inlier": 42, "refit": true}
{"timestamp": "16:21:59.731080", "frame": 100, "mu": [-0.5027485482991539, 2.1974830187761154, -0.24900356052056952], "Sigma": [[0.012222704042275394, 0.0009377159447942606, -0.01251236918423866], [0.0009377159447942606, 0.007641394335720377, -0.006117653663415238], [-0.012512369184238661, -0.0061176536634152375, 0.025968282449777832]], "chi2_level": 0.997, "chi2_df": 3, "chi2_threshold": 13.931422665512084, "N_raw": 91, "N_roi": 91, "N_inlier": 89, "refit": true}
{"timestamp": "16:21:59.741706", "frame": 101, "mu": [-0.5550665460095761, 1.9508330812323806, 1.1206082735050784], "Sigma": [[0.019412850395139142, -0.0007452402902350805, -0.011048302567043537], [-0.000745240290235081, 0.013278236620337005, 0.010091373697658645], [-0.011048302567043535, 0.010091373697658643, 0.02417627619109538]], "chi2_level": 0.997, "chi2_df": 3, "chi2_threshold": 13.931422665512084, "N_raw": 100, "N_roi": 100, "N_inlier": 97, "refit": true}
{"timestamp": "16:21:59.779226", "frame": 102, "mu": [-0.7213742133314756, 2.058966420889474, -0.25989261076986925], "Sigma": [[0.011113237977290176, 0.0017225018733641418, 0.0034973396727389205], [0.0017225018733641418, 0.008953833647728894, 0.010917590211641272], [0.0034973396727389205, 0.010917590211641272, 0.03078296014017256]], "chi2_level": 0.997, "chi2_df": 3, "chi2_threshold": 13.931422665512084, "N_raw": 72, "N_roi": 70, "N_inlier": 66, "refit": true}
{"timestamp": "16:21:59.810741", "frame": 103, "mu": [-0.6514003498349757, 1.886431953468729, 1.138066413072203], "Sigma": [[0.012016937850687614, -0.0027792314705261337, -0.009828611011757001], [-0.0027792314705261337, 0.0057804704031597974, 0.0017238264270549634], [-0.009828611011757, 0.0017238264270549634, 0.009112830650255902]], "chi2_level": 0.997, "chi2_df": 3, "chi2_threshold": 13.931422665512084, "N_raw": 67, "N_roi": 67, "N_inlier": 63, "refit": true}
{"timestamp": "16:21:59.865257", "frame": 104, "mu": [-0.6613168823109322, 1.8446199557470901, 1.0975655372155753], "Sigma": [[0.007583582529790167, -0.0016634521724205485, -0.007571019219612003], [-0.0016634521724205485, 0.006284150672879833, -0.0009801365343001908], [-0.007571019219612003, -0.0009801365343001908, 0.01012643288829636]], "chi2_level": 0.997, "chi2_df": 3, "chi2_threshold": 13.931422665512084, "N_raw": 66, "N_roi": 66, "N_inlier": 63, "refit": true}
{"timestamp": "16:21:59.922177", "frame": 105, "mu": [-0.7761888359063285, 1.8431727105720543, 1.212311352739777], "Sigma": [[0.01190308136411446, -0.005686686462804399, -0.011948896158046531], [-0.005686686462804399, 0.006368017468401608, 0.002847676844186773], [-0.011948896158046531, 0.0028476768441867725, 0.015452336571272379]], "chi2_level": 0.997, "chi2_df": 3, "chi2_threshold": 13.931422665512084, "N_raw": 78, "N_roi": 78, "N_inlier": 72, "refit": true}
{"timestamp": "16:21:59.972601", "frame": 106, "mu": [-0.8568698393495437, 1.8501003326887075, 1.2893158456620073], "Sigma": [[0.010977091670978618, -0.005329591560663713, -0.012715191881660416], [-0.005329591560663713, 0.0044988533402465026, 0.003959480197603066], [-0.012715191881660416, 0.003959480197603066, 0.018201089378147347]], "chi2_level": 0.997, "chi2_df": 3, "chi2_threshold": 13.931422665512084, "N_raw": 53, "N_roi": 53, "N_inlier": 51, "refit": true}
{"timestamp": "16:22:00.028462", "frame": 107, "mu": [-0.9193418369905572, 1.7922620915188394, 1.3228066525625433], "Sigma": [[0.020800064161218636, -0.003675220873104224, -0.017194638799672125], [-0.0036752208731042246, 0.00310977966971777, 0.001640207321134166], [-0.01719463879967213, 0.001640207321134166, 0.015392152026005615]], "chi2_level": 0.997, "chi2_df": 3, "chi2_threshold": 13.931422665512084, "N_raw": 59, "N_roi": 59, "N_inlier": 57, "refit": true}
{"timestamp": "16:22:00.083783", "frame": 108, "mu": [-0.9513088594904435, 1.7664720143506072, 1.3263773753244623], "Sigma": [[0.009947898822794876, -0.0019646593151217214, -0.006928899419149733], [-0.0019646593151217214, 0.0029151190342896222, -0.0018688292782942577], [-0.006928899419149733, -0.0018688292782942577, 0.011514641192777711]], "chi2_level": 0.997, "chi2_df": 3, "chi2_threshold": 13.931422665512084, "N_raw": 59, "N_roi": 59, "N_inlier": 59, "refit": true}
{"timestamp": "16:22:00.131981", "frame": 109, "mu": [-1.203733571502278, 1.5798946227386335, 1.35141579081766], "Sigma": [[0.08266953625973317, 0.04338983826944824, -0.14168970692893648], [0.04338983826944824, 0.036539657047063204, -0.057543007657133695], [-0.14168970692893648, -0.057543007657133695, 0.46696251042562203]], "chi2_level": 0.997, "chi2_df": 3, "chi2_threshold": 13.931422665512084, "N_raw": 12, "N_roi": 12, "N_inlier": 12, "refit": true}
{"timestamp": "16:22:00.187023", "frame": 110, "mu": [-1.0006189371178953, 1.7099334672755557, 1.2705768605106746], "Sigma": [[0.0025347077231521464, -0.002021556174555567, -0.003525099819628365], [-0.002021556174555567, 0.0042311093077190805, 0.00451282668872775], [-0.0035250998196283646, 0.0045128266887277495, 0.019840196995942524]], "chi2_level": 0.997, "chi2_df": 3, "chi2_threshold": 13.931422665512084, "N_raw": 20, "N_roi": 20, "N_inlier": 19, "refit": true}
{"timestamp": "16:22:00.241748", "frame": 111, "mu": [-0.9574793136830193, 1.5341693233916949, 0.9699863439677446], "Sigma": [[0.07178547449302475, -0.09282586854574643, 0.06151264145177099], [-0.09282586854574644, 0.12833410610426774, -0.10418559397875593], [0.061512641451770975, -0.10418559397875593, 0.3380711203626304]], "chi2_level": 0.997, "chi2_df": 3, "chi2_threshold": 13.931422665512084, "N_raw": 10, "N_roi": 10, "N_inlier": 10, "refit": true}
{"timestamp": "16:22:00.298647", "frame": 112, "mu": [-1.036716429258885, 1.5915903708518018, 1.3015964846077488], "Sigma": [[0.0031777445474792942, -0.001036403774020035, -0.0008612329742368786], [-0.001036403774020035, 0.00390543362717328, -0.001093575204731057], [-0.0008612329742368785, -0.001093575204731057, 0.0012430255768787661]], "chi2_level": 0.997, "chi2_df": 3, "chi2_threshold": 13.931422665512084, "N_raw": 27, "N_roi": 27, "N_inlier": 24, "refit": true}
{"timestamp": "16:22:00.352190", "frame": 113, "mu": [-1.196740798094105, 1.4525763876311213, 0.8925039014495834], "Sigma": [[0.03346754064410352, 0.011921386212952247, -0.03618036309554068], [0.011921386212952245, 0.020780115875326716, 0.019668223704063188], [-0.03618036309554068, 0.01966822370406318, 0.4606502332384979]], "chi2_level": 0.997, "chi2_df": 3, "chi2_threshold": 13.931422665512084, "N_raw": 12, "N_roi": 12, "N_inlier": 12, "refit": true}
{"timestamp": "16:22:00.407857", "frame": 114, "mu": [-1.4911141958619087, 1.3751896476703453, 1.523360634453818], "Sigma": [[0.04571212733789005, 0.021726639700671572, -0.03866761624338998], [0.021726639700671572, 0.018559799603340157, -0.04436909441001462], [-0.03866761624338998, -0.04436909441001462, 0.20554499407867086]], "chi2_level": 0.997, "chi2_df": 3, "chi2_threshold": 13.931422665512084, "N_raw": 21, "N_roi": 21, "N_inlier": 20, "refit": true}
{"timestamp": "16:22:00.463714", "frame": 115, "mu": [-1.507637603962668, 1.2663517745505681, 1.5597733637405555], "Sigma": [[0.038529828803358666, 0.022920330988841754, -0.024506036290969258], [0.022920330988841754, 0.027179356129483898, -0.04674738548003793], [-0.024506036290969258, -0.04674738548003793, 0.11375502012821889]], "chi2_level": 0.997, "chi2_df": 3, "chi2_threshold": 13.931422665512084, "N_raw": 25, "N_roi": 25, "N_inlier": 25, "refit": true}
{"timestamp": "16:22:00.527758", "frame": 116, "mu": [-1.4522554335424869, 1.2558123467151645, 1.5107749135145307], "Sigma": [[0.0237165104337318, 0.011210620385916258, -0.014213687423963905], [0.011210620385916258, 0.01013499266643566, -0.010043986291238063], [-0.014213687423963905, -0.010043986291238061, 0.01159335764407428]], "chi2_level": 0.997, "chi2_df": 3, "chi2_threshold": 13.931422665512084, "N_raw": 90, "N_roi": 90, "N_inlier": 89, "refit": true}
{"timestamp": "16:22:00.577487", "frame": 117, "mu": [-1.5555229010063611, 1.1350503761716197, 1.623106831991132], "Sigma": [[0.016672923160744556, 0.009155025893789127, -0.010774646569497788], [0.009155025893789127, 0.010218409820865098, -0.010334373612844606], [-0.010774646569497788, -0.010334373612844608, 0.012072538730002575]], "chi2_level": 0.997, "chi2_df": 3, "chi2_threshold": 13.931422665512084, "N_raw": 50, "N_roi": 50, "N_inlier": 49, "refit": true}
{"timestamp": "16:22:00.634013", "frame": 118, "mu": [-1.4523677813257831, 1.23689154212591, -0.1563234095177448], "Sigma": [[0.013512562292730504, 0.010742843568841498, -0.010116944934592902], [0.0107428435688415, 0.01488726766399224, -0.011747534602804588], [-0.010116944934592902, -0.011747534602804588, 0.017036806986058833]], "chi2_level": 0.997, "chi2_df": 3, "chi2_threshold": 13.931422665512084, "N_raw": 54, "N_roi": 54, "N_inlier": 51, "refit": true}
{"timestamp": "16:22:00.689836", "frame": 119, "mu": [-1.4625228525469376, 1.059558814493432, 1.410428610796064], "Sigma": [[0.01542808866352229, 0.005644451272865449, -0.006931120174620009], [0.005644451272865449, 0.006100619463107647, -0.005875477498783883], [-0.006931120174620008, -0.005875477498783883, 0.006769874287829388]], "chi2_level": 0.997, "chi2_df": 3, "chi2_threshold": 13.931422665512084, "N_raw": 67, "N_roi": 67, "N_inlier": 63, "refit": true}
{"timestamp": "16:22:00.742628", "frame": 120, "mu": [-1.422561817557468, 1.0595465961906323, 1.454474317191106], "Sigma": [[0.009494025835245319, 0.003044543023320192, -0.009487169636365592], [0.003044543023320192, 0.008014177622278414, -0.0035773881778894305], [-0.009487169636365592, -0.0035773881778894305, 0.01010647796937546]], "chi2_level": 0.997, "chi2_df": 3, "chi2_threshold": 13.931422665512084, "N_raw": 52, "N_roi": 52, "N_inlier": 51, "refit": true}
{"timestamp": "16:22:00.796830", "frame": 121, "mu": [-1.4418052685365712, 1.0168538668157754, 1.4085548558125618], "Sigma": [[0.008711403160982234, 0.0029847807343527516, -0.007542552552029937], [0.0029847807343527516, 0.008334934750649598, -0.005049823407808074], [-0.007542552552029937, -0.005049823407808073, 0.007742268702862202]], "chi2_level": 0.997, "chi2_df": 3, "chi2_threshold": 13.931422665512084, "N_raw": 53, "N_roi": 53, "N_inlier": 52, "refit": true}
