{"timestamp": "16:22:27.188599", "frame": 34, "mu": [-1.5559961318983104, 0.7200159930564541, 0.8662070394465994], "Sigma": [[3.2936644243066104, -0.10547916715199299, 0.04545136705328999], [-0.10547916715199299, 0.01678359269844794, -0.007735649935994053], [0.045451367053289976, -0.007735649935994053, 0.007383879040687861]], "chi2_level": 0.997, "chi2_df": 3, "chi2_threshold": 13.931422665512084, "N_raw": 23, "N_roi": 22, "N_inlier": 22, "refit": true}
{"timestamp": "16:22:27.243647", "frame": 35, "mu": [-2.35604241359303, 0.8126208261603757, 0.8628377841099243], "Sigma": [[0.0032923749936048, 0.0050883318160458765, -0.003415621747677521], [0.0050883318160458765, 0.010471125890907582, -0.008123127742711109], [-0.0034156217476775212, -0.008123127742711109, 0.008885130643196288]], "chi2_level": 0.997, "chi2_df": 3, "chi2_threshold": 13.931422665512084, "N_raw": 12, "N_roi": 11, "N_inlier": 11, "refit": true}
{"timestamp": "16:22:27.356152", "frame": 37, "mu": [-2.2506704895879053, 0.8315361250100204, 1.0226759985887746], "Sigma": [[0.006979706399100365, 0.008769351313807665, -0.004773060269548079], [0.008769351313807665, 0.019963973223096693, -0.013197893644735953], [-0.004773060269548079, -0.013197893644735953, 0.011284037717097356]], "chi2_level": 0.997, "chi2_df": 3, "chi2_threshold": 13.931422665512084, "N_raw": 33, "N_roi": 33, "N_inlier": 33, "refit": true}
{"timestamp": "16:22:27.462933", "frame": 39, "mu": [-2.2027981758258934, 0.8798751088479165, 1.1461196097645117], "Sigma": [[0.0064861270061564655, 0.00818992938561287, -0.005380881452916113], [0.008189929385612868, 0.01194342321917932, -0.0076076116429220405], [-0.005380881452916113, -0.0076076116429220405, 0.005569428127452927]], "chi2_level": 0.997, "chi2_df": 3, "chi2_threshold": 13.931422665512084, "N_raw": 14, "N_roi": 14, "N_inlier": 13, "refit": true}
{"timestamp": "16:22:27.682286", "frame": 43, "mu": [-2.261253682620618, 1.1399433593406123, 1.107448402129591], "Sigma": [[0.004319467889691433, 0.005060176080002014, -0.0027881195213969824], [0.005060176080002015, 0.0067123387900033795, -0.003950092463762926], [-0.0027881195213969824, -0.003950092463762926, 0.007641651609007351]], "chi2_level": 0.997, "chi2_df": 3, "chi2_threshold": 13.931422665512084, "N_raw": 14, "N_roi": 14, "N_inlier": 14, "refit": true}
{"timestamp": "16:22:27.743865", "frame": 44, "mu": [-2.230941016627944, 1.2547264857433236, -0.4594363566961033], "Sigma": [[0.012307527593347425, 0.010722009702195516, -0.0016544769143985879], [0.010722009702195518, 0.02099813669047302, -0.007890275490997663], [-0.0016544769143985879, -0.007890275490997663, 0.007701353422540598]], "chi2_level": 0.997, "chi2_df": 3, "chi2_threshold": 13.931422665512084, "N_raw": 53, "N_roi": 53, "N_inlier": 53, "refit": true}
{"timestamp": "16:22:27.799535", "frame": 45, "mu": [-2.2190507152112895, 1.2292126892005544, -0.3628476843665667], "Sigma": [[0.012490755891093603, 0.010561892040824387, -0.007684974258622792], [0.010561892040824387, 0.020240968377033465, -0.0054807382917894205], [-0.007684974258622792, -0.0054807382917894205, 0.005271025384966629]], "chi2_level": 0.997, "chi2_df": 3, "chi2_threshold": 13.931422665512084, "N_raw": 44, "N_roi": 44, "N_inlier": 44, "refit": true}
{"timestamp": "16:22:27.856380", "frame": 46, "mu": [-2.1929828687689095, 1.1806033773029023, 1.2785127941557226], "Sigma": [[0.012121312894083061, 0.006168042897689087, -0.008056920482944659], [0.006168042897689087, 0.016353949842232124, -0.009877808855839079], [-0.008056920482944659, -0.009877808855839079, 0.010304559450411779]], "chi2_level": 0.997, "chi2_df": 3, "chi2_threshold": 13.931422665512084, "N_raw": 58, "N_roi": 58, "N_inlier": 58, "refit": true}
{"timestamp": "16:22:27.907381", "frame": 47, "mu": [-2.056584042236809, 1.1647674671895045, 1.0867128570007425], "Sigma": [[0.005912798503468055, 0.005105671381245947, -0.002704045258722563], [0.005105671381245948, 0.0071864113784414685, -0.0046664987179499615], [-0.002704045258722563, -0.0046664987179499615, 0.004795400291080238]], "chi2_level": 0.997, "chi2_df": 3, "chi2_threshold": 13.931422665512084, "N_raw": 29, "N_roi": 29, "N_inlier": 29, "refit": true}
{"timestamp": "16:22:27.960739", "frame": 48, "mu": [-2.103309456299262, 1.1591185029771656, 1.129443737672533], "Sigma": [[0.002502467525144494, 0.0024556454150342025, -0.0019330435365246062], [0.0024556454150342025, 0.0028275408767202506, -0.0024792971966173475], [-0.0019330435365246062, -0.002479297196617347, 0.007299522562453603]], "chi2_level": 0.997, "chi2_df": 3, "chi2_threshold": 13.931422665512084, "N_raw": 14, "N_roi": 14, "N_inlier": 14, "refit": true}
{"timestamp": "16:22:28.014921", "frame": 49, "mu": [-2.1005000790004638, 1.195162776300764, 1.162044583375632], "Sigma": [[0.004428949347592053, 0.005195712333517554, -0.002593175201812896], [0.005195712333517554, 0.007051228929142829, -0.004364720258723115], [-0.002593175201812896, -0.004364720258723115, 0.00494530013722533]], "chi2_level": 0.997, "chi2_df": 3, "chi2_threshold": 13.931422665512084, "N_raw": 18, "N_roi": 18, "N_inlier": 18, "refit": true}
{"timestamp": "16:22:28.069925", "frame": 50, "mu": [-2.1306850306740235, 1.4265929755749382, 1.4836167943788632], "Sigma": [[0.0024853148103159885, 0.002486769272803016, -0.001462422351855893], [0.002486769272803016, 0.0053052745275598, -0.0017884802227590552], [-0.001462422351855893, -0.0017884802227590552, 0.0011865611337457736]], "chi2_level": 0.997, "chi2_df": 3, "chi2_threshold": 13.931422665512084, "N_raw": 12, "N_roi": 12, "N_inlier": 12, "refit": true}
{"timestamp": "16:22:28.291143", "frame": 54, "mu": [-2.0648066674636474, 1.684462679956451, -0.06905453772161638], "Sigma": [[0.00898541353863548, 0.01217078478137943, -0.00788732909770213], [0.01217078478137943, 0.04884706024190057, -0.03958384099185348], [-0.00788732909770213, -0.03958384099185348, 0.035065692166289214]], "chi2_level": 0.997, "chi2_df": 3, "chi2_threshold": 13.931422665512084, "N_raw": 19, "N_roi": 19, "N_inlier": 18, "refit": true}
{"timestamp": "16:22:28.345668", "frame": 55, "mu": [-1.9644716013381958, 1.6768018301684662, 1.432626691758604], "Sigma": [[0.02299620974688172, 0.02478270431868058, -0.05193033417289656], [0.024782704318680585, 0.03253903715212591, -0.07032633739902189], [-0.05193033417289657, -0.07032633739902189, 0.16629105966908694]], "chi2_level": 0.997, "chi2_df": 3, "chi2_threshold": 13.931422665512084, "N_raw": 15, "N_roi": 15, "N_inlier": 15, "refit": true}
{"timestamp": "16:22:28.401321", "frame": 56, "mu": [-1.883834266240503, 1.8859305684096117, -0.23093573775808376], "Sigma": [[0.042812200487702914, 0.05350863431536449, -0.10612585072434622], [0.05350863431536449, 0.07284160597939571, -0.14556510302497583], [-0.10612585072434622, -0.14556510302497583, 0.3292726194651918]], "chi2_level": 0.997, "chi2_df": 3, "chi2_threshold": 13.931422665512084, "N_raw": 21, "N_roi": 21, "N_inlier": 21, "refit": true}
{"timestamp": "16:22:28.461748", "frame": 57, "mu": [-1.8669213769299198, 1.7104230987865556, 1.5249194998026527], "Sigma": [[0.018215229916551407, 0.011185006712331299, -0.015565148621085562], [0.011185006712331299, 0.011890730707726631, -0.01117228440472405], [-0.015565148621085562, -0.01117228440472405, 0.015309530552774888]], "chi2_level": 0.997, "chi2_df": 3, "chi2_threshold": 13.931422665512084, "N_raw": 54, "N_roi": 54, "N_inlier": 53, "refit": true}
{"timestamp": "16:22:28.513946", "frame": 58, "mu": [-1.9744619433871724, 1.6636707469581558, 1.4760823382298485], "Sigma": [[0.011976410654104522, 0.011137533511519065, -0.01233648248241961], [0.011137533511519065, 0.020711479669738908, -0.049383078884846277], [-0.01233648248241961, -0.049383078884846277, 0.23063888077933262]], "chi2_level": 0.997, "chi2_df": 3, "chi2_threshold": 13.931422665512084, "N_raw": 22, "N_roi": 22, "N_inlier": 22, "refit": true}
{"timestamp": "16:22:28.571560", "frame": 59, "mu": [-1.7373423876730458, 1.8353670312760664, 1.4701041097080736], "Sigma": [[0.020263878311670334, 0.013531809184350698, -0.014867911760617648], [0.013531809184350698, 0.01578415079314998, -0.009808450998253396], [-0.014867911760617648, -0.009808450998253395, 0.011548732894177563]], "chi2_level": 0.997, "chi2_df": 3, "chi2_threshold": 13.931422665512084, "N_raw": 55, "N_roi": 55, "N_inlier": 52, "refit": true}
{"timestamp": "16:22:28.625450", "frame": 60, "mu": [-1.6999389564466891, 1.9102848370741954, 1.4395304481968572], "Sigma": [[0.023937550781174925, 0.010875239495277626, -0.01216847894528076], [0.010875239495277628, 0.018017666898922494, -0.02879289302733645], [-0.01216847894528076, -0.02879289302733645, 0.13154593870414097]], "chi2_level": 0.997, "chi2_df": 3, "chi2_threshold": 13.931422665512084, "N_raw": 46, "N_roi": 46, "N_inlier": 46, "refit": true}
{"timestamp": "16:22:28.680213", "frame": 61, "mu": [-1.6124036933515262, 2.0165298024698686, 1.2370979177537702], "Sigma": [[0.007373766957718045, 0.001851013900219978, -0.0006460897354740899], [0.001851013900219978, 0.0026628342986647477, -0.0015206472539489506], [-0.0006460897354740897, -0.0015206472539489506, 0.1386615232518874]], "chi2_level": 0.997, "chi2_df": 3, "chi2_threshold": 13.931422665512084, "N_raw": 45, "N_roi": 42, "N_inlier": 41, "refit": true}
{"timestamp": "16:22:28.736087", "frame": 62, "mu": [-1.5835778871819497, 1.9950911356952692, 1.2817700597945136], "Sigma": [[0.010390430004644399, 0.0006039668009198008, -0.005068352789777822], [0.0006039668009198009, 0.006104216499101517, -0.005058109394711827], [-0.005068352789777822, -0.005058109394711827, 0.008056395481793347]], "chi2_level": 0.997, "chi2_df": 3, "chi2_threshold": 13.931422665512084, "N_raw": 57, "N_roi": 57, "N_inlier": 56, "refit": true}
{"timestamp": "16:22:28.794098", "frame": 63, "mu": [-1.543239173709917, 2.0607048538876995, 1.4519905740951844], "Sigma": [[0.01268254975130363, 0.0007887868727972118, -0.010699228074403145], [0.0007887868727972115, 0.0078117479639404274, -0.0023920209652160537], [-0.010699228074403145, -0.0023920209652160537, 0.011004779794279246]], "chi2_level": 0.997, "chi2_df": 3, "chi2_threshold": 13.931422665512084, "N_raw": 65, "N_roi": 65, "N_inlier": 61, "refit": true}
{"timestamp": "16:22:28.842764", "frame": 64, "mu": [-1.4374279880889835, 2.112377276517317, 1.204698136653871], "Sigma": [[0.004507196353340982, 7.674979897804405e-05, 0.0019364334718284608], [7.674979897804405e-05, 0.002820044006410138, -0.004415406642580016], [0.0019364334718284608, -0.004415406642580016, 0.05801121721527942]], "chi2_level": 0.997, "chi2_df": 3, "chi2_threshold": 13.931422665512084, "N_raw": 23, "N_roi": 23, "N_inlier": 21, "refit": true}
{"timestamp": "16:22:28.951555", "frame": 66, "mu": [-1.394809140699588, 2.1905997878296444, 0.8290298226524673], "Sigma": [[0.002786493783329531, 0.0001985541373031773, -0.009101515063679505], [0.0001985541373031774, 0.015873982714948488, 0.04761335033623623], [-0.009101515063679505, 0.04761335033623623, 0.33007910583167327]], "chi2_level": 0.997, "chi2_df": 3, "chi2_threshold": 13.931422665512084, "N_raw": 16, "N_roi": 16, "N_inlier": 16, "refit": true}
{"timestamp": "16:22:29.010361", "frame": 67, "mu": [-1.3289993168285863, 2.26957886856876, 0.9741842572465997], "Sigma": [[0.006357902912338735, 0.0012866443214505554, -0.005837824819589859], [0.0012866443214505552, 0.00312734649561339, -0.013489038370500781], [-0.005837824819589859, -0.013489038370500781, 0.11447036147197229]], "chi2_level": 0.997, "chi2_df": 3, "chi2_threshold": 13.931422665512084, "N_raw": 48, "N_roi": 48, "N_inlier": 46, "refit": true}
{"timestamp": "16:22:29.064313", "frame": 68, "mu": [-1.319366334538376, 2.322503094882515, 0.9289850577346258], "Sigma": [[0.007091236762718099, -0.00026130517194917265, -0.004342504773604897], [-0.00026130517194917265, 0.0022797211114607852, -0.004716725927867755], [-0.004342504773604897, -0.004716725927867755, 0.10684354631131063]], "chi2_level": 0.997, "chi2_df": 3, "chi2_threshold": 13.931422665512084, "N_raw": 40, "N_roi": 40, "N_inlier": 38, "refit": true}
{"timestamp": "16:22:29.114958", "frame": 69, "mu": [-1.2643236406146197, 2.4052755316897017, 0.4106245254456576], "Sigma": [[0.006858839589315214, -0.004702699913905569, 0.016499786043801513], [-0.004702699913905569, 0.006011379056329301, -0.027335612462855124], [0.016499786043801513, -0.027335612462855124, 0.1813025039141242]], "chi2_level": 0.997, "chi2_df": 3, "chi2_threshold": 13.931422665512084, "N_raw": 10, "N_roi": 10, "N_inlier": 10, "refit": true}
{"timestamp": "16:22:29.178042", "frame": 70, "mu": [-1.21319200402304, 2.4022912687776046, 1.0461633649128506], "Sigma": [[0.007995137617365032, 0.0017103560272755617, -0.0017568170967509865], [0.0017103560272755617, 0.003699271548314123, -0.012052043473737062], [-0.0017568170967509874, -0.012052043473737064, 0.08554751769475186]], "chi2_level": 0.997, "chi2_df": 3, "chi2_threshold": 13.931422665512084, "N_raw": 63, "N_roi": 63, "N_inlier": 61, "refit": true}
{"timestamp": "16:22:29.234976", "frame": 71, "mu": [-1.202847522403514, 2.4675019800455926, 0.6791804501893057], "Sigma": [[0.01621890675626928, 0.0013168982727739908, 0.031175329891236718], [0.0013168982727739908, 0.0038585900393409917, -0.00787280348541211], [0.031175329891236718, -0.007872803485412111, 0.2309626562060039]], "chi2_level": 0.997, "chi2_df": 3, "chi2_threshold": 13.931422665512084, "N_raw": 76, "N_roi": 75, "N_inlier": 74, "refit": true}
{"timestamp": "16:22:29.289368", "frame": 72, "mu": [-1.2458986640222824, 2.547362616633283, 0.6511367200863556], "Sigma": [[0.013591933724976276, -0.0019375295405463931, 0.024252471019214596], [-0.0019375295405463931, 0.0038182322440220426, -0.01605341555528504], [0.024252471019214596, -0.01605341555528504, 0.4218770124842593]], "chi2_level": 0.997, "chi2_df": 3, "chi2_threshold": 13.931422665512084, "N_raw": 69, "N_roi": 69, "N_inlier": 67, "refit": true}
{"timestamp": "16:22:29.339979", "frame": 73, "mu": [-1.1096499969458486, 2.5262865934019008, 0.8516103556883539], "Sigma": [[0.005762336850539875, 0.001904301401306526, 0.004455716261663703], [0.0019043014013065257, 0.006367965293961708, -0.02273363760215739], [0.004455716261663703, -0.02273363760215739, 0.21523021508749815]], "chi2_level": 0.997, "chi2_df": 3, "chi2_threshold": 13.931422665512084, "N_raw": 33, "N_roi": 33, "N_inlier": 32, "refit": true}
{"timestamp": "16:22:29.389948", "frame": 74, "mu": [-1.1324122396601586, 2.619135293853272, 0.7464386836649655], "Sigma": [[0.005752495854913193, 0.00045167331982936404, 0.014379191810817345], [0.00045167331982936404, 0.005988657375479199, -0.012059426573915118], [0.014379191810817345, -0.012059426573915115, 0.3858365256225408]], "chi2_level": 0.997, "chi2_df": 3, "chi2_threshold": 13.931422665512084, "N_raw": 11, "N_roi": 11, "N_inlier": 11, "refit": true}
{"timestamp": "16:22:29.504928", "frame": 76, "mu": [-1.0540653453674427, 2.6805797350129557, 1.1409114540675525], "Sigma": [[0.010682292314384835, 0.0011249802519414471, -0.004025044296615872], [0.001124980251941447, 0.002489367838094732, -0.0037076573455990473], [-0.004025044296615872, -0.0037076573455990473, 0.1332921354581584]], "chi2_level": 0.997, "chi2_df": 3, "chi2_threshold": 13.931422665512084, "N_raw": 48, "N_roi": 48, "N_inlier": 47, "refit": true}
{"timestamp": "16:22:29.558599", "frame": 77, "mu": [-0.987360778036923, 2.717502178469454, 0.9932515654477666], "Sigma": [[0.00755661358380197, 0.00043919135219919924, -0.006874830852885162], [0.0004391913521991992, 0.0010762512816888804, -0.004133937527424939], [-0.006874830852885162, -0.004133937527424939, 0.07480732114259522]], "chi2_level": 0.997, "chi2_df": 3, "chi2_threshold": 13.931422665512084, "N_raw": 28, "N_roi": 28, "N_inlier": 26, "refit": true}
{"timestamp": "16:22:29.613989", "frame": 78, "mu": [-1.0158230421826233, 2.7824866777608466, 1.373391118712159], "Sigma": [[0.012541243213764432, -0.00014193392126861913, -0.011368237811539353], [-0.00014193392126861902, 0.002903019867777212, -0.0020845008650319935], [-0.011368237811539353, -0.0020845008650319935, 0.01450137009085684]], "chi2_level": 0.997, "chi2_df": 3, "chi2_threshold": 13.931422665512084, "N_raw": 43, "N_roi": 43, "N_inlier": 40, "refit": true}
{"timestamp": "16:22:29.672357", "frame": 79, "mu": [-0.9709040227208962, 2.8205730894775307, 1.243185234104585], "Sigma": [[0.012446767658059696, -0.001330102006752869, -0.009077192988767035], [-0.0013301020067528688, 0.0028149185790943077, -0.0060516487741920505], [-0.009077192988767035, -0.0060516487741920505, 0.13242349962220168]], "chi2_level": 0.997, "chi2_df": 3, "chi2_threshold": 13.931422665512084, "N_raw": 57, "N_roi": 56, "N_inlier": 54, "refit": true}
{"timestamp": "16:22:29.732335", "frame": 80, "mu": [-1.0133205750324672, 2.815122531675065, 0.8440955001500224], "Sigma": [[0.035028090759590985, 0.00960710464408544, 0.06287031368591296], [0.00960710464408544, 0.004496135614986224, 0.02514603886750957], [0.06287031368591295, 0.025146038867509574, 0.28334046712355726]], "chi2_level": 0.997, "chi2_df": 3, "chi2_threshold": 13.931422665512084, "N_raw": 94, "N_roi": 94, "N_inlier": 92, "refit": true}
{"timestamp": "16:22:29.782729", "frame": 81, "mu": [-0.8231723024801709, 2.870192638828839, 1.0528878496711038], "Sigma": [[0.0159423411208906, -0.0008378535321715981, -0.0074578165654290325], [-0.0008378535321715981, 0.002723806316962992, -0.0033418738236288374], [-0.007457816565429032, -0.003341873823628837, 0.047232051456606555]], "chi2_level": 0.997, "chi2_df": 3, "chi2_threshold": 13.931422665512084, "N_raw": 62, "N_roi": 62, "N_inlier": 59, "refit": true}
{"timestamp": "16:22:29.835253", "frame": 82, "mu": [-0.9611043945697194, 2.873309766459929, 0.5462267099319361], "Sigma": [[0.033271275678915135, 0.002323574758555413, 0.05801347347100795], [0.002323574758555413, 0.0022790636820042677, -0.00703568811903048], [0.05801347347100795, -0.007035688119030479, 0.22735239542431526]], "chi2_level": 0.997, "chi2_df": 3, "chi2_threshold": 13.931422665512084, "N_raw": 46, "N_roi": 46, "N_inlier": 46, "refit": true}
{"timestamp": "16:22:29.896025", "frame": 83, "mu": [-0.7615424012445843, 3.122119372567406, -0.3784247078517932], "Sigma": [[0.014441286413753434, -0.012289626100480636, 0.06129896330737683], [-0.012289626100480636, 0.04489270621125914, -0.10800668533271943], [0.06129896330737682, -0.10800668533271943, 0.4517263086493776]], "chi2_level": 0.997, "chi2_df": 3, "chi2_threshold": 13.931422665512084, "N_raw": 88, "N_roi": 88, "N_inlier": 88, "refit": true}
{"timestamp": "16:22:29.955674", "frame": 84, "mu": [-0.7995429937863555, 3.1264505428492075, -0.12265910962070373], "Sigma": [[0.024202358807156262, -0.011585493789474722, 0.0980975539805099], [-0.011585493789474724, 0.02719553183287864, -0.07994616525212231], [0.0980975539805099, -0.07994616525212231, 0.6114134333827032]], "chi2_level": 0.997, "chi2_df": 3, "chi2_threshold": 13.931422665512084, "N_raw": 115, "N_roi": 115, "N_inlier": 115, "refit": true}
{"timestamp": "16:22:30.005764", "frame": 85, "mu": [-0.7516339156519455, 3.075321976190052, 0.860165039432759], "Sigma": [[0.013829270834329156, 0.0001818045710818336, -0.00951906953886622], [0.0001818045710818336, 0.005198154993102641, -0.03771605192921123], [-0.009519069538866224, -0.037716051929211236, 0.35875472177682893]], "chi2_level": 0.997, "chi2_df": 3, "chi2_threshold": 13.931422665512084, "N_raw": 83, "N_roi": 82, "N_inlier": 82, "refit": true}
{"timestamp": "16:22:30.055305", "frame": 86, "mu": [-0.6149395082240423, 3.033390348238631, 1.2270914293876232], "Sigma": [[0.01011663875752745, -0.0004189373086785594, -0.0017474449736746252], [-0.0004189373086785595, 0.0029391748907535205, 0.006627736089223526], [-0.0017474449736746243, 0.006627736089223526, 0.1978578335620192]], "chi2_level": 0.997, "chi2_df": 3, "chi2_threshold": 13.931422665512084, "N_raw": 39, "N_roi": 39, "N_inlier": 37, "refit": true}
{"timestamp": "16:22:30.111847", "frame": 87, "mu": [-0.6593452329568645, 3.085630695372336, 1.2091951692445055], "Sigma": [[0.016302928428765726, -0.0009621967895321495, -0.012341947126763585], [-0.0009621967895321494, 0.0026788702407448545, -0.004141941892763454], [-0.012341947126763585, -0.004141941892763454, 0.02380811970246231]], "chi2_level": 0.997, "chi2_df": 3, "chi2_threshold": 13.931422665512084, "N_raw": 60, "N_roi": 60, "N_inlier": 56, "refit": true}
{"timestamp": "16:22:30.173616", "frame": 88, "mu": [-0.5990454335101827, 3.290398295465886, -0.08752492023351764], "Sigma": [[0.017614317046476615, -0.011315826830226132, 0.05666162053568673], [-0.011315826830226132, 0.04218256945196358, -0.08991874578903858], [0.05666162053568672, -0.08991874578903858, 0.48356530459042407]], "chi2_level": 0.997, "chi2_df": 3, "chi2_threshold": 13.931422665512084, "N_raw": 102, "N_roi": 102, "N_inlier": 101, "refit": true}
{"timestamp": "16:22:30.223699", "frame": 89, "mu": [-0.5386959269849783, 2.6316142708341497, -0.17879421789260197], "Sigma": [[0.018367547783123606, -0.04287772296690931, -0.06023457481765962], [-0.0428777229669093, 0.6924086946494956, 0.6918311726349261], [-0.06023457481765962, 0.6918311726349261, 0.8664349979642652]], "chi2_level": 0.997, "chi2_df": 3, "chi2_threshold": 13.931422665512084, "N_raw": 65, "N_roi": 65, "N_inlier": 65, "refit": true}
{"timestamp": "16:22:30.275276", "frame": 90, "mu": [-0.5414839850584418, 3.245652471931374, 1.2263748979865188], "Sigma": [[0.011992619285397249, -0.002471352636505128, 0.0030274235193857796], [-0.002471352636505128, 0.0061482913425203916, -0.012974983754557523], [0.00302742351938578, -0.012974983754557523, 0.1752283887017493]], "chi2_level": 0.997, "chi2_df": 3, "chi2_threshold": 13.931422665512084, "N_raw": 41, "N_roi": 37, "N_inlier": 35, "refit": true}
{"timestamp": "16:22:30.329436", "frame": 91, "mu": [-0.5059187149973967, 3.3206411305281223, 0.04031992891058228], "Sigma": [[0.0159597484721275, -0.0014151622135360276, -0.005990774667308836], [-0.0014151622135360274, 0.005451546808628119, -0.011752587429109444], [-0.005990774667308835, -0.011752587429109444, 0.0740892631599132]], "chi2_level": 0.997, "chi2_df": 3, "chi2_threshold": 13.931422665512084, "N_raw": 37, "N_roi": 37, "N_inlier": 37, "refit": true}
{"timestamp": "16:22:30.394069", "frame": 92, "mu": [-0.5043939411867484, 3.405557819143161, 0.8894822679264179], "Sigma": [[0.02041691352582082, -0.0005711295583746255, -0.03736503336831039], [-0.0005711295583746254, 0.006240749558765492, 0.008686897963599147], [-0.03736503336831039, 0.008686897963599147, 0.5419896663056026]], "chi2_level": 0.997, "chi2_df": 3, "chi2_threshold": 13.931422665512084, "N_raw": 103, "N_roi": 103, "N_inlier": 97, "refit": true}
{"timestamp": "16:22:30.447385", "frame": 93, "mu": [-0.47497652524421025, 3.4505026045051026, 0.7338889190681972], "Sigma": [[0.02045468753693317, -0.004049605445610795, 0.019688360239935365], [-0.004049605445610796, 0.007000816841714737, -0.027703995923180097], [0.019688360239935365, -0.027703995923180097, 0.36324964158525325]], "chi2_level": 0.997, "chi2_df": 3, "chi2_threshold": 13.931422665512084, "N_raw": 85, "N_roi": 85, "N_inlier": 85, "refit": true}
{"timestamp": "16:22:30.499608", "frame": 94, "mu": [-0.45804733901083033, 3.506751711803282, 0.7312166771047237], "Sigma": [[0.014568267827430606, -0.0018001498887500792, -0.0006067229503541869], [-0.0018001498887500792, 0.003001120700976429, 0.00660376003398939], [-0.0006067229503541891, 0.00660376003398939, 0.500063345026052]], "chi2_level": 0.997, "chi2_df": 3, "chi2_threshold": 13.931422665512084, "N_raw": 73, "N_roi": 73, "N_inlier": 73, "refit": true}
{"timestamp": "16:22:30.557491", "frame": 95, "mu": [-0.41275333182226337, 3.51076298286546, 0.6997579115425858], "Sigma": [[0.024443351647754318, -0.003958984327874888, 0.03316721443863337], [-0.003958984327874888, 0.003978345644757832, -0.009580299034275954], [0.03316721443863337, -0.009580299034275954, 0.3978795103484693]], "chi2_level": 0.997, "chi2_df": 3, "chi2_threshold": 13.931422665512084, "N_raw": 96, "N_roi": 96, "N_inlier": 96, "refit": true}
{"timestamp": "16:22:30.610061", "frame": 96, "mu": [-0.3853972090366404, 3.114444860991645, 0.16917384229622717], "Sigma": [[0.020830665951460867, 0.018780415512274988, 0.05721691087695952], [0.018780415512274988, 0.9130115179000126, 0.9702404878374054], [0.05721691087695953, 0.9702404878374054, 1.3795561206520743]], "chi2_level": 0.997, "chi2_df": 3, "chi2_threshold": 13.931422665512084, "N_raw": 60, "N_roi": 60, "N_inlier": 60, "refit": true}
{"timestamp": "16:22:30.662173", "frame": 97, "mu": [-0.3679067706717294, 3.5928909632275947, 0.6312540711166226], "Sigma": [[0.02137728123289938, 0.003056061648603673, 0.023017088737053337], [0.003056061648603673, 0.004231297275150843, 0.03975026757370348], [0.023017088737053343, 0.03975026757370347, 0.6650104563662846]], "chi2_level": 0.997, "chi2_df": 3, "chi2_threshold": 13.931422665512084, "N_raw": 60, "N_roi": 60, "N_inlier": 59, "refit": true}
{"timestamp": "16:22:30.720961", "frame": 98, "mu": [-0.3053951009477852, 3.644420633293043, 0.6146733780160725], "Sigma": [[0.022385295081769785, -0.0055015417122841505, 0.027674193656680002], [-0.0055015417122841505, 0.010109362172980025, -0.04728953532322753], [0.027674193656680002, -0.04728953532322753, 0.282393748829413]], "chi2_level": 0.997, "chi2_df": 3, "chi2_threshold": 13.931422665512084, "N_raw": 81, "N_roi": 81, "N_inlier": 80, "refit": true}
{"timestamp": "16:22:30.773926", "frame": 99, "mu": [-0.23691204091613033, 3.652555013128179, 1.3320562190796585], "Sigma": [[0.021210660437756455, -0.004580051543587347, -0.00949182827159338], [-0.004580051543587347, 0.008800237720679989, 0.004379935785926981], [-0.00949182827159338, 0.004379935785926981, 0.013488140986970076]], "chi2_level": 0.997, "chi2_df": 3, "chi2_threshold": 13.931422665512084, "N_raw": 65, "N_roi": 65, "N_inlier": 62, "refit": true}
{"timestamp": "16:22:30.892763", "frame": 100, "mu": [-0.26122874253606165, 4.039855563642098, -0.6523793910449516], "Sigma": [[0.008976804040349543, -0.005800877244035644, 0.016697103883351928], [-0.005800877244035645, 0.042455753752902205, -0.12112636122348945], [0.016697103883351928, -0.12112636122348944, 0.4298444874747842]], "chi2_level": 0.997, "chi2_df": 3, "chi2_threshold": 13.931422665512084, "N_raw": 21, "N_roi": 21, "N_inlier": 21, "refit": true}
{"timestamp": "16:22:30.915034", "frame": 101, "mu": [-0.20940872271398905, 3.747530252135109, 0.9416865425747961], "Sigma": [[0.016321695700696817, -0.002499665420155123, 0.017698707652604426], [-0.002499665420155123, 0.00311207187633764, -0.009395656332730828], [0.017698707652604426, -0.00939565633273083, 0.16067135196056007]], "chi2_level": 0.997, "chi2_df": 3, "chi2_threshold": 13.931422665512084, "N_raw": 56, "N_roi": 55, "N_inlier": 54, "refit": true}
{"timestamp": "16:22:30.948067", "frame": 102, "mu": [-0.15940401250636815, 3.7692705093956738, 1.1907072430636019], "Sigma": [[0.010560405844264395, -0.002231412171807117, 0.007659466234886756], [-0.0022314121718071166, 0.0015927663029816417, -0.003544759272857667], [0.007659466234886755, -0.003544759272857667, 0.08895949163468615]], "chi2_level": 0.997, "chi2_df": 3, "chi2_threshold": 13.931422665512084, "N_raw": 25, "N_roi": 25, "N_inlier": 25, "refit": true}
{"timestamp": "16:22:30.991455", "frame": 103, "mu": [-0.0734671286272921, 3.8343761864871304, 1.3744462050634358], "Sigma": [[0.018793199093201013, -0.0030138489631689838, -0.009949740411420046], [-0.0030138489631689838, 0.004537410827565989, -0.001710869559026656], [-0.009949740411420046, -0.001710869559026656, 0.01369380395772957]], "chi2_level": 0.997, "chi2_df": 3, "chi2_threshold": 13.931422665512084, "N_raw": 52, "N_roi": 52, "N_inlier": 51, "refit": true}
{"timestamp": "16:22:31.044524", "frame": 104, "mu": [-0.18104731086429093, 4.032390665393135, -0.08841388257906381], "Sigma": [[0.024819188280012817, -0.011416742400436483, 0.03275705903351418], [-0.011416742400436483, 0.009377358471693088, -0.027773918639107345], [0.03275705903351418, -0.027773918639107345, 0.08745207692170207]], "chi2_level": 0.997, "chi2_df": 3, "chi2_threshold": 13.931422665512084, "N_raw": 41, "N_roi": 38, "N_inlier": 37, "refit": true}
{"timestamp": "16:22:31.101517", "frame": 105, "mu": [0.03472037516528421, 3.907959986731283, 1.2279430492065626], "Sigma": [[0.018771459290313014, -0.001985453308736355, -0.004246114359531064], [-0.001985453308736355, 0.003441751576993645, -0.0071928287453403485], [-0.004246114359531064, -0.00719282874534035, 0.027414943209617855]], "chi2_level": 0.997, "chi2_df": 3, "chi2_threshold": 13.931422665512084, "N_raw": 57, "N_roi": 57, "N_inlier": 57, "refit": true}
{"timestamp": "16:22:31.154107", "frame": 106, "mu": [0.06578748624394735, 3.9714450685887646, 1.4732998073812544], "Sigma": [[0.013598277691313939, -0.0005875709664296398, -0.01535255854344217], [-0.0005875709664296397, 0.005052363573354528, -0.007411607861234408], [-0.01535255854344217, -0.0074116078612344065, 0.0888861055412233]], "chi2_level": 0.997, "chi2_df": 3, "chi2_threshold": 13.931422665512084, "N_raw": 35, "N_roi": 35, "N_inlier": 34, "refit": true}
{"timestamp": "16:22:31.211168", "frame": 107, "mu": [0.0519695814193386, 3.978628324111801, 1.1515619942745854], "Sigma": [[0.022448720352311678, -0.0015123958084638268, -0.009725704521174773], [-0.0015123958084638266, 0.00475405220950045, 7.825360763854968e-05], [-0.009725704521174773, 7.825360763854966e-05, 0.006517493366235254]], "chi2_level": 0.997, "chi2_df": 3, "chi2_threshold": 13.931422665512084, "N_raw": 53, "N_roi": 53, "N_inlier": 51, "refit": true}
{"timestamp": "16:22:31.265604", "frame": 108, "mu": [0.16681325222146048, 4.000061672845973, 1.3566013188797212], "Sigma": [[0.0191248073584996, -0.001928595768959617, -0.013681743704280982], [-0.0019285957689596169, 0.004556363360657475, 0.0028793608634668268], [-0.013681743704280982, 0.0028793608634668263, 0.01350037181350878]], "chi2_level": 0.997, "chi2_df": 3, "chi2_threshold": 13.931422665512084, "N_raw": 45, "N_roi": 45, "N_inlier": 42, "refit": true}
{"timestamp": "16:22:31.314727", "frame": 109, "mu": [0.13692174238446025, 4.136602775346783, 0.9613142388105631], "Sigma": [[0.007213173726202037, -0.008803385379549961, 0.021603978035812633], [-0.008803385379549961, 0.01576878295683387, -0.03762230080174396], [0.021603978035812633, -0.03762230080174396, 0.15985892431297302]], "chi2_level": 0.997, "chi2_df": 3, "chi2_threshold": 13.931422665512084, "N_raw": 11, "N_roi": 11, "N_inlier": 11, "refit": true}
{"timestamp": "16:22:31.373790", "frame": 110, "mu": [0.15814864005714357, 4.072045407373563, 1.318432872423363], "Sigma": [[0.01441472450897375, -0.002170819406317145, -0.007504908241234782], [-0.0021708194063171445, 0.004547318726268088, -0.007298862942096193], [-0.007504908241234783, -0.007298862942096193, 0.0686441162039495]], "chi2_level": 0.997, "chi2_df": 3, "chi2_threshold": 13.931422665512084, "N_raw": 40, "N_roi": 40, "N_inlier": 39, "refit": true}
{"timestamp": "16:22:31.428241", "frame": 111, "mu": [0.27281289933252667, 4.2904093939731, -0.20468328725704563], "Sigma": [[0.007857638749816296, 0.006890557451755288, -0.03500833321674367], [0.006890557451755288, 0.0268038429238842, -0.11206666543993671], [-0.03500833321674367, -0.11206666543993671, 0.5150246939324886]], "chi2_level": 0.997, "chi2_df": 3, "chi2_threshold": 13.931422665512084, "N_raw": 31, "N_roi": 31, "N_inlier": 30, "refit": true}
{"timestamp": "16:22:31.480014", "frame": 112, "mu": [0.2213175326474279, 3.5962273165365874, 0.02746096562969047], "Sigma": [[0.001525476207881106, 0.012817091129616145, 0.028496779232596442], [0.012817091129616145, 0.847114359490781, 1.2913450620442672], [0.028496779232596435, 1.2913450620442672, 2.2369710930789797]], "chi2_level": 0.997, "chi2_df": 3, "chi2_threshold": 13.931422665512084, "N_raw": 11, "N_roi": 11, "N_inlier": 11, "refit": true}
{"timestamp": "16:22:31.590831", "frame": 114, "mu": [0.2566934183589619, 4.27336917137799, 1.4100060676800117], "Sigma": [[0.00874495242012715, -0.002305178621171982, -0.0063141170324199445], [-0.002305178621171982, 0.002418727777119029, -0.0011038287801140028], [-0.0063141170324199445, -0.0011038287801140028, 0.013821655795229528]], "chi2_level": 0.997, "chi2_df": 3, "chi2_threshold": 13.931422665512084, "N_raw": 22, "N_roi": 22, "N_inlier": 19, "refit": true}
{"timestamp": "16:22:31.755199", "frame": 117, "mu": [0.389096548464647, 4.443114979771919, 1.1886960336236942], "Sigma": [[0.010866718846874597, -0.00041969855123952, -0.013795099803070619], [-0.0004196985512395202, 0.008470725402500988, -0.012423869946106818], [-0.013795099803070617, -0.012423869946106815, 0.0523303206867995]], "chi2_level": 0.997, "chi2_df": 3, "chi2_threshold": 13.931422665512084, "N_raw": 18, "N_roi": 18, "N_inlier": 18, "refit": true}
{"timestamp": "16:22:31.811555", "frame": 118, "mu": [0.4287607808322032, 4.431374301188087, 1.2114451092114973], "Sigma": [[0.01393016325467246, -0.002104037105501605, -0.008560094138025644], [-0.002104037105501605, 0.0031612297991613727, 0.0008795369511609791], [-0.008560094138025644, 0.0008795369511609795, 0.007512748069255421]], "chi2_level": 0.997, "chi2_df": 3, "chi2_threshold": 13.931422665512084, "N_raw": 26, "N_roi": 26, "N_inlier": 25, "refit": true}
{"timestamp": "16:22:31.868062", "frame": 119, "mu": [0.4440511647551383, 4.458661711068437, 1.2240583490057708], "Sigma": [[0.016515249237238322, -0.002431419421778216, -0.009951011650971519], [-0.002431419421778216, 0.003421626423381878, 0.0005219739405575745], [-0.009951011650971519, 0.0005219739405575744, 0.007720701258831657]], "chi2_level": 0.997, "chi2_df": 3, "chi2_threshold": 13.931422665512084, "N_raw": 33, "N_roi": 33, "N_inlier": 32, "refit": true}
{"timestamp": "16:22:31.919873", "frame": 120, "mu": [0.4108504287510015, 4.562195823698886, 1.3336250942645393], "Sigma": [[0.01100676513887341, -0.0030362274422670796, -0.011750528880039303], [-0.0030362274422670796, 0.0034646059613971936, 0.0021903986777281025], [-0.011750528880039303, 0.002190398677728103, 0.03651494508766]], "chi2_level": 0.997, "chi2_df": 3, "chi2_threshold": 13.931422665512084, "N_raw": 14, "N_roi": 14, "N_inlier": 13, "refit": true}
{"timestamp": "16:22:32.088310", "frame": 123, "mu": [0.5565589952664601, 4.612534364698375, 1.0716257859305656], "Sigma": [[0.021214943449175044, -0.004059737256342658, -0.005094071507473599], [-0.004059737256342657, 0.0038515829317667004, 0.00046016923660237085], [-0.0050940715074736, 0.00046016923660237064, 0.01850761231900172]], "chi2_level": 0.997, "chi2_df": 3, "chi2_threshold": 13.931422665512084, "N_raw": 36, "N_roi": 36, "N_inlier": 35, "refit": true}
{"timestamp": "16:22:32.141767", "frame": 124, "mu": [0.5558335638000095, 4.631046293844576, 1.0286835834273542], "Sigma": [[0.00974734363995074, -0.0027637860267125274, 0.001110987901955937], [-0.0027637860267125274, 0.002823963257684421, -0.003511435829329998], [0.0011109879019559358, -0.0035114358293299973, 0.07596027460727618]], "chi2_level": 0.997, "chi2_df": 3, "chi2_threshold": 13.931422665512084, "N_raw": 16, "N_roi": 16, "N_inlier": 15, "refit": true}
{"timestamp": "16:22:32.252185", "frame": 126, "mu": [0.571508568113168, 4.688999949104252, 1.183930283870512], "Sigma": [[0.00973201412362931, -0.0027541641000189045, -0.005489829050230849], [-0.0027541641000189045, 0.0028664440994728025, 0.00023226073834218706], [-0.005489829050230849, 0.00023226073834218706, 0.012010288466152456]], "chi2_level": 0.997, "chi2_df": 3, "chi2_threshold": 13.931422665512084, "N_raw": 20, "N_roi": 18, "N_inlier": 16, "refit": true}
{"timestamp": "16:22:32.305108", "frame": 127, "mu": [0.5648772130257114, 4.769568756063128, 1.1949470013138381], "Sigma": [[0.009334848030092956, -0.002985730883548589, -0.0034357490567160937], [-0.002985730883548589, 0.0028868498593723458, -0.00017852722319612613], [-0.0034357490567160937, -0.0001785272231961259, 0.013835546200968407]], "chi2_level": 0.997, "chi2_df": 3, "chi2_threshold": 13.931422665512084, "N_raw": 17, "N_roi": 14, "N_inlier": 12, "refit": true}
{"timestamp": "16:22:32.363927", "frame": 128, "mu": [0.635206670682179, 4.802799439918769, 0.9172156780880899], "Sigma": [[0.015091992632069217, -0.0035074490178886126, 0.0020428326083443936], [-0.0035074490178886126, 0.002476939488147616, -0.007217586775213425], [0.0020428326083443953, -0.007217586775213425, 0.03912358631619387]], "chi2_level": 0.997, "chi2_df": 3, "chi2_threshold": 13.931422665512084, "N_raw": 38, "N_roi": 33, "N_inlier": 33, "refit": true}
{"timestamp": "16:22:32.524968", "frame": 131, "mu": [0.8060067762505176, 4.837040603448631, 1.068806552526607], "Sigma": [[0.004890446944837032, -0.0005973407756539016, 0.00013126240057814974], [-0.0005973407756539015, 0.002012766005131852, -0.00290686969962558], [0.00013126240057814985, -0.0029068696996255796, 0.006858947728267677]], "chi2_level": 0.997, "chi2_df": 3, "chi2_threshold": 13.931422665512084, "N_raw": 10, "N_roi": 10, "N_inlier": 10, "refit": true}
{"timestamp": "16:22:33.142368", "frame": 141, "mu": [0.9887821471045022, 4.951827970424484, 0.4553698402315334], "Sigma": [[0.019255501279144997, 0.0007593268080872697, -0.011714111490708851], [0.0007593268080872698, 0.0007942892973320812, -0.0008510910779778089], [-0.011714111490708851, -0.0008510910779778089, 0.008609407815695493]], "chi2_level": 0.997, "chi2_df": 3, "chi2_threshold": 13.931422665512084, "N_raw": 30, "N_roi": 13, "N_inlier": 13, "refit": true}
