{"timestamp": "16:56:11.011811", "frame": 41, "mu": [-2.447982267868026, 3.025516695062878, 1.0213890745402374], "Sigma": [[0.0008497264558443401, 0.0009545856419867845, -0.0013815929117978196], [0.0009545856419867845, 0.0052512312641397095, -0.007839435612320582], [-0.0013815929117978196, -0.007839435612320582, 0.014877855992428054]], "chi2_level": 0.997, "chi2_df": 3, "chi2_threshold": 13.931422665512084, "N_raw": 65, "N_roi": 10, "N_inlier": 10, "refit": true}
{"timestamp": "16:56:11.067643", "frame": 42, "mu": [-2.4111861774082013, 2.9706999010121247, 1.009953742739583], "Sigma": [[0.0025312128304051575, 0.0018356871177238525, -0.001639172498511528], [0.0018356871177238523, 0.009539826857759767, -0.004590163325081307], [-0.001639172498511528, -0.004590163325081307, 0.0034135435226755003]], "chi2_level": 0.997, "chi2_df": 3, "chi2_threshold": 13.931422665512084, "N_raw": 69, "N_roi": 19, "N_inlier": 19, "refit": true}
{"timestamp": "16:56:11.124925", "frame": 43, "mu": [-2.388528637950837, 2.9486153647798004, 0.9754353126828594], "Sigma": [[0.004603329138410828, 0.0017299114825155854, -0.002262037333343854], [0.0017299114825155859, 0.006986354888665806, -0.005406193938670767], [-0.002262037333343854, -0.005406193938670766, 0.006381407658318756]], "chi2_level": 0.997, "chi2_df": 3, "chi2_threshold": 13.931422665512084, "N_raw": 45, "N_roi": 24, "N_inlier": 24, "refit": true}
{"timestamp": "16:56:11.175479", "frame": 44, "mu": [-2.337962880753136, 2.9584167786634854, 0.9499998643350352], "Sigma": [[0.009426878218124999, 0.004929456931531984, -0.008309098224291305], [0.004929456931531984, 0.005022828297530765, -0.007916558594367046], [-0.008309098224291305, -0.007916558594367048, 0.017016129720055836]], "chi2_level": 0.997, "chi2_df": 3, "chi2_threshold": 13.931422665512084, "N_raw": 39, "N_roi": 28, "N_inlier": 28, "refit": true}
{"timestamp": "16:56:11.229418", "frame": 45, "mu": [-2.340027065722108, 2.9238198656374554, 1.0783102015096637], "Sigma": [[0.00934801878987511, 0.0040714833671831735, -0.006260818556604262], [0.004071483367183173, 0.006670232647146699, -0.004163017844493879], [-0.006260818556604262, -0.004163017844493879, 0.0055415427501262415]], "chi2_level": 0.997, "chi2_df": 3, "chi2_threshold": 13.931422665512084, "N_raw": 34, "N_roi": 28, "N_inlier": 28, "refit": true}
{"timestamp": "16:56:11.281495", "frame": 46, "mu": [-2.259299975946517, 2.949889684144435, 1.1376096168400036], "Sigma": [[0.009771571853560895, 0.0029491592429901504, -0.004426793083577944], [0.0029491592429901504, 0.004438475331573675, -0.0008734871766371871], [-0.004426793083577944, -0.0008734871766371871, 0.0028648691500682607]], "chi2_level": 0.997, "chi2_df": 3, "chi2_threshold": 13.931422665512084, "N_raw": 19, "N_roi": 19, "N_inlier": 19, "refit": true}
{"timestamp": "16:56:11.339450", "frame": 47, "mu": [-2.149234070438733, 2.9977240827342455, 1.1544908518320958], "Sigma": [[0.016249980273579115, 0.006833245809304999, -0.00675922971974067], [0.006833245809304999, 0.005002041226597543, -0.0063224282984905384], [-0.006759229719740671, -0.0063224282984905384, 0.011186867288437439]], "chi2_level": 0.997, "chi2_df": 3, "chi2_threshold": 13.931422665512084, "N_raw": 37, "N_roi": 37, "N_inlier": 35, "refit": true}
{"timestamp": "16:56:11.394435", "frame": 48, "mu": [-2.25428924276181, 2.8195047081547595, 1.191009472003129], "Sigma": [[0.017629312076967066, 0.011340869368115583, -0.004833924957873014], [0.011340869368115583, 0.010420597057943579, -0.004389133531702269], [-0.004833924957873014, -0.004389133531702269, 0.0026531042505167778]], "chi2_level": 0.997, "chi2_df": 3, "chi2_threshold": 13.931422665512084, "N_raw": 32, "N_roi": 29, "N_inlier": 28, "refit": true}
{"timestamp": "16:56:11.452228", "frame": 49, "mu": [-2.212382564901906, 2.8589715855976814, 1.209370955647911], "Sigma": [[0.01814464939696809, 0.008791625526968827, -0.011569481064437155], [0.008791625526968827, 0.013434822466266191, -0.006896633684844735], [-0.011569481064437155, -0.006896633684844735, 0.008655030800399406]], "chi2_level": 0.997, "chi2_df": 3, "chi2_threshold": 13.931422665512084, "N_raw": 55, "N_roi": 55, "N_inlier": 55, "refit": true}
{"timestamp": "16:56:11.503750", "frame": 50, "mu": [-2.110639152176857, 2.927272403883977, 1.2149826807111213], "Sigma": [[0.01134220036618149, 0.0055974848589781506, -0.007332768727365636], [0.0055974848589781506, 0.00642227791688641, -0.0032710237447004355], [-0.007332768727365636, -0.0032710237447004355, 0.0054546570564210995]], "chi2_level": 0.997, "chi2_df": 3, "chi2_threshold": 13.931422665512084, "N_raw": 25, "N_roi": 25, "N_inlier": 24, "refit": true}
{"timestamp": "16:56:11.557091", "frame": 51, "mu": [-1.964408308095338, 3.0390646214514563, 1.2256399191934892], "Sigma": [[0.01302993834289102, 0.004481454434796695, -0.005867482687186574], [0.004481454434796695, 0.0026720936767576716, -0.003442946743386602], [-0.005867482687186575, -0.003442946743386602, 0.005648031117266711]], "chi2_level": 0.997, "chi2_df": 3, "chi2_threshold": 13.931422665512084, "N_raw": 22, "N_roi": 22, "N_inlier": 21, "refit": true}
{"timestamp": "16:56:11.724286", "frame": 54, "mu": [-1.9562868039341046, 3.022887548152091, 1.0241018394503538], "Sigma": [[0.009519053629454795, 0.0038810523129509597, -0.008396765134787581], [0.0038810523129509597, 0.005718739761585793, -0.011332842766252075], [-0.008396765134787581, -0.011332842766252073, 0.029782020025699345]], "chi2_level": 0.997, "chi2_df": 3, "chi2_threshold": 13.931422665512084, "N_raw": 32, "N_roi": 32, "N_inlier": 30, "refit": true}
{"timestamp": "16:56:11.832423", "frame": 56, "mu": [-1.8136623845417867, 3.0543838502153617, 1.2157954304927372], "Sigma": [[0.007210976740265175, 0.003783606251777346, -0.006558878918346004], [0.003783606251777346, 0.003681168337900883, -0.005208660564476832], [-0.006558878918346004, -0.005208660564476832, 0.0177877159694745]], "chi2_level": 0.997, "chi2_df": 3, "chi2_threshold": 13.931422665512084, "N_raw": 22, "N_roi": 22, "N_inlier": 20, "refit": true}
{"timestamp": "16:56:11.892644", "frame": 57, "mu": [-1.6513379425895776, 3.09222556821128, 1.1342461124003824], "Sigma": [[0.020639810947589043, 0.0030697790557861126, -0.01359331122413706], [0.003069779055786113, 0.005647519573350842, -0.0044387691417315505], [-0.01359331122413706, -0.0044387691417315505, 0.01263294001868182]], "chi2_level": 0.997, "chi2_df": 3, "chi2_threshold": 13.931422665512084, "N_raw": 55, "N_roi": 55, "N_inlier": 55, "refit": true}
{"timestamp": "16:56:11.946041", "frame": 58, "mu": [-1.5550278774372441, 3.0985056494279855, 1.0395763879989521], "Sigma": [[0.011810376675089131, 0.0038083953207444224, -0.0050458154749725365], [0.0038083953207444232, 0.00326263437156131, -0.004337729004158535], [-0.005045815474972536, -0.004337729004158534, 0.008906469377429808]], "chi2_level": 0.997, "chi2_df": 3, "chi2_threshold": 13.931422665512084, "N_raw": 36, "N_roi": 36, "N_inlier": 34, "refit": true}
{"timestamp": "16:56:12.003455", "frame": 59, "mu": [-1.6675789087485517, 3.0278109037815284, 1.1439857125665933], "Sigma": [[0.01995689246055978, 0.004477043999661459, -0.009982138952050728], [0.004477043999661459, 0.0057705038549295765, -0.004627213308426565], [-0.009982138952050728, -0.004627213308426565, 0.007932841723263305]], "chi2_level": 0.997, "chi2_df": 3, "chi2_threshold": 13.931422665512084, "N_raw": 52, "N_roi": 52, "N_inlier": 52, "refit": true}
{"timestamp": "16:56:12.060348", "frame": 60, "mu": [-1.699657711796104, 3.034465716774932, 1.1262937065434981], "Sigma": [[0.021237561745224637, 0.01011594106196317, -0.01817603476128407], [0.01011594106196317, 0.013079446234828226, -0.011490001868275444], [-0.01817603476128407, -0.011490001868275444, 0.019148528807320486]], "chi2_level": 0.997, "chi2_df": 3, "chi2_threshold": 13.931422665512084, "N_raw": 71, "N_roi": 67, "N_inlier": 66, "refit": true}
{"timestamp": "16:56:12.116411", "frame": 61, "mu": [-1.5267154218989056, 3.0760545863789592, 0.8583559641075008], "Sigma": [[0.027393020389507788, 0.012342453160858448, -0.030360515756822103], [0.012342453160858448, 0.010695423073335111, -0.01981070977547366], [-0.030360515756822103, -0.01981070977547366, 0.04942883658298598]], "chi2_level": 0.997, "chi2_df": 3, "chi2_threshold": 13.931422665512084, "N_raw": 78, "N_roi": 78, "N_inlier": 74, "refit": true}
{"timestamp": "16:56:12.169495", "frame": 62, "mu": [-1.3875064786920672, 3.1381208468887745, 0.9096562359487433], "Sigma": [[0.019993521701075725, 0.0009134136118956672, -0.012302738246673325], [0.0009134136118956672, 0.002239912286493859, -0.00594876557498977], [-0.012302738246673325, -0.00594876557498977, 0.026794135125015547]], "chi2_level": 0.997, "chi2_df": 3, "chi2_threshold": 13.931422665512084, "N_raw": 63, "N_roi": 63, "N_inlier": 62, "refit": true}
{"timestamp": "16:56:12.220947", "frame": 63, "mu": [-1.4002219168776202, 3.0891657997671134, 1.0414104927791967], "Sigma": [[0.010222410846089545, 0.003947094566346362, -0.004508125916831867], [0.003947094566346362, 0.0030626458524063947, -0.004023865692720624], [-0.004508125916831867, -0.004023865692720624, 0.011809926152590914]], "chi2_level": 0.997, "chi2_df": 3, "chi2_threshold": 13.931422665512084, "N_raw": 35, "N_roi": 32, "N_inlier": 29, "refit": true}
{"timestamp": "16:56:12.328862", "frame": 65, "mu": [-1.199712432992385, 3.124478842171306, 0.9879666007219663], "Sigma": [[0.01594564579523578, 0.0015924871640567708, 0.011260404307778681], [0.0015924871640567708, 0.002747170066835348, -0.0002658743896059003], [0.011260404307778681, -0.0002658743896059002, 0.046979583955076884]], "chi2_level": 0.997, "chi2_df": 3, "chi2_threshold": 13.931422665512084, "N_raw": 33, "N_roi": 33, "N_inlier": 33, "refit": true}
{"timestamp": "16:56:12.438900", "frame": 67, "mu": [-1.1321740523566999, 3.0610925658341426, 0.9346905627963747], "Sigma": [[0.010069500996708728, 0.002490775420826852, -0.006332859938643492], [0.002490775420826852, 0.0024616813524964386, -0.002443298735334893], [-0.006332859938643492, -0.0024432987353348924, 0.03189464687605165]], "chi2_level": 0.997, "chi2_df": 3, "chi2_threshold": 13.931422665512084, "N_raw": 34, "N_roi": 34, "N_inlier": 32, "refit": true}
{"timestamp": "16:56:12.498416", "frame": 68, "mu": [-1.1206437001995022, 3.052487583248417, 1.0665211809636335], "Sigma": [[0.018455575874531276, 0.004315911798894392, -0.008563397028648084], [0.004315911798894392, 0.006895069442808489, -0.0029425612033321755], [-0.008563397028648084, -0.0029425612033321755, 0.004628129784806939]], "chi2_level": 0.997, "chi2_df": 3, "chi2_threshold": 13.931422665512084, "N_raw": 58, "N_roi": 58, "N_inlier": 57, "refit": true}
{"timestamp": "16:56:12.550383", "frame": 69, "mu": [-1.019310501988983, 3.1523959943420943, 1.1935302377984323], "Sigma": [[0.009208235921202184, 0.0006285886808874375, -0.006850066117935345], [0.0006285886808874374, 0.002769803829683503, -0.002072058112261098], [-0.006850066117935345, -0.002072058112261098, 0.008326476393647768]], "chi2_level": 0.997, "chi2_df": 3, "chi2_threshold": 13.931422665512084, "N_raw": 35, "N_roi": 34, "N_inlier": 33, "refit": true}
{"timestamp": "16:56:12.607132", "frame": 70, "mu": [-0.9689338140662858, 3.079038819960439, 1.0170402406344383], "Sigma": [[0.014499772330652728, 0.0029641830275175533, -0.007592226257719743], [0.0029641830275175538, 0.004658183247836333, -0.0034375278779482767], [-0.007592226257719742, -0.003437527877948277, 0.009560499799868078]], "chi2_level": 0.997, "chi2_df": 3, "chi2_threshold": 13.931422665512084, "N_raw": 54, "N_roi": 52, "N_inlier": 52, "refit": true}
{"timestamp": "16:56:12.662099", "frame": 71, "mu": [-0.987183020761095, 2.9779428096632468, 1.0324044082198638], "Sigma": [[0.012516617097776088, 0.001606479856924694, -0.00917207272425333], [0.0016064798569246938, 0.0025929469530445288, -0.002565182912275332], [-0.009172072724253333, -0.002565182912275332, 0.010373646447903425]], "chi2_level": 0.997, "chi2_df": 3, "chi2_threshold": 13.931422665512084, "N_raw": 43, "N_roi": 40, "N_inlier": 39, "refit": true}
{"timestamp": "16:56:12.713551", "frame": 72, "mu": [-0.924964757030749, 3.0838436550573154, 1.2270946656261275], "Sigma": [[0.0030988968114346854, -0.0001093608252809114, 0.0002722574652044324], [-0.00010936082528091129, 0.007165475722459661, 0.005001656812267952], [0.00027225746520443284, 0.005001656812267951, 0.005494888393911549]], "chi2_level": 0.997, "chi2_df": 3, "chi2_threshold": 13.931422665512084, "N_raw": 23, "N_roi": 21, "N_inlier": 20, "refit": true}
{"timestamp": "16:56:12.768798", "frame": 73, "mu": [-0.9096422946185615, 3.020797044239739, 1.1617222813058043], "Sigma": [[0.011267856935049024, 0.001194408712714293, -0.0060803585459198745], [0.001194408712714293, 0.0031724123766111384, -0.0013240068755962242], [-0.0060803585459198745, -0.0013240068755962242, 0.006791391519810505]], "chi2_level": 0.997, "chi2_df": 3, "chi2_threshold": 13.931422665512084, "N_raw": 31, "N_roi": 31, "N_inlier": 29, "refit": true}
{"timestamp": "16:56:12.878648", "frame": 75, "mu": [-0.807699470122472, 3.068585860046532, 0.8491711049343871], "Sigma": [[0.007318043003143833, 0.00021629428635633685, -0.003276006074740182], [0.00021629428635633704, 0.0022396169827454517, -0.001180244773457478], [-0.0032760060747401825, -0.0011802447734574778, 0.003511944550271721]], "chi2_level": 0.997, "chi2_df": 3, "chi2_threshold": 13.931422665512084, "N_raw": 23, "N_roi": 23, "N_inlier": 22, "refit": true}
{"timestamp": "16:56:12.987456", "frame": 77, "mu": [-0.7022985240382741, 3.0924826345848566, 1.1841431660742812], "Sigma": [[0.006059420066567889, -0.0007934537807604365, -0.004201621543960628], [-0.0007934537807604366, 0.004840309566806607, 0.003649590296713757], [-0.004201621543960627, 0.003649590296713757, 0.005381243315130741]], "chi2_level": 0.997, "chi2_df": 3, "chi2_threshold": 13.931422665512084, "N_raw": 26, "N_roi": 26, "N_inlier": 24, "refit": true}
{"timestamp": "16:56:13.046088", "frame": 78, "mu": [-0.677618016459384, 3.1541358615590176, 1.3725589123182653], "Sigma": [[0.01209614739052525, 0.0011372488561575756, -0.005656494083515204], [0.0011372488561575756, 0.004735134275550615, 0.0025557299851790877], [-0.005656494083515204, 0.002555729985179088, 0.005259644584182836]], "chi2_level": 0.997, "chi2_df": 3, "chi2_threshold": 13.931422665512084, "N_raw": 43, "N_roi": 41, "N_inlier": 38, "refit": true}
{"timestamp": "16:56:13.102152", "frame": 79, "mu": [-0.689473535143326, 3.097817316625214, 1.2463880351894034], "Sigma": [[0.015017896236323935, 0.001818617994983765, -0.003457802693764566], [0.0018186179949837649, 0.005695590076401121, -0.00021244187713705492], [-0.003457802693764566, -0.0002124418771370549, 0.0013937528373541912]], "chi2_level": 0.997, "chi2_df": 3, "chi2_threshold": 13.931422665512084, "N_raw": 54, "N_roi": 54, "N_inlier": 52, "refit": true}
{"timestamp": "16:56:13.160459", "frame": 80, "mu": [-0.607130385616656, 3.1612617547762687, 1.2168768530918213], "Sigma": [[0.017904306470750107, 0.0033632717680198996, -0.005160898865694782], [0.0033632717680198996, 0.00878517428095636, -0.0029212055993062336], [-0.005160898865694782, -0.0029212055993062336, 0.006421121425121057]], "chi2_level": 0.997, "chi2_df": 3, "chi2_threshold": 13.931422665512084, "N_raw": 76, "N_roi": 76, "N_inlier": 72, "refit": true}
{"timestamp": "16:56:13.217155", "frame": 81, "mu": [-0.5725616382638521, 3.154819904384712, 1.2278742890333958], "Sigma": [[0.020521370945497316, 0.0019183835873813468, -0.005113854723213707], [0.0019183835873813472, 0.008643581833932898, -0.002312040150523883], [-0.005113854723213707, -0.002312040150523883, 0.004110181176390097]], "chi2_level": 0.997, "chi2_df": 3, "chi2_threshold": 13.931422665512084, "N_raw": 78, "N_roi": 78, "N_inlier": 77, "refit": true}
{"timestamp": "16:56:13.373751", "frame": 84, "mu": [-0.42603258905810126, 3.243420433518528, 1.256783605539847], "Sigma": [[0.0136127571319092, 0.0023785533540639043, -0.0071880784930616], [0.0023785533540639043, 0.003206875496549148, -0.002689836375018362], [-0.007188078493061601, -0.002689836375018362, 0.008263353773765898]], "chi2_level": 0.997, "chi2_df": 3, "chi2_threshold": 13.931422665512084, "N_raw": 34, "N_roi": 34, "N_inlier": 33, "refit": true}
{"timestamp": "16:56:13.432975", "frame": 85, "mu": [-0.44735839361368834, 3.1194641363981406, 1.1941211403677678], "Sigma": [[0.02234976438993841, -0.00027271653035408844, -0.007333931043438848], [-0.00027271653035408844, 0.0038587453254608738, -0.0018254044537270428], [-0.007333931043438848, -0.0018254044537270428, 0.003781679690400219]], "chi2_level": 0.997, "chi2_df": 3, "chi2_threshold": 13.931422665512084, "N_raw": 61, "N_roi": 59, "N_inlier": 57, "refit": true}
{"timestamp": "16:56:13.488902", "frame": 86, "mu": [-0.3278332321348687, 3.2092746667102863, 1.3494653122873097], "Sigma": [[0.02368945191779688, 0.008751776830559192, 0.00455418322583686], [0.00875177683055919, 0.013653703079073803, 0.015282044270959173], [0.00455418322583686, 0.015282044270959175, 0.021386181417777213]], "chi2_level": 0.997, "chi2_df": 3, "chi2_threshold": 13.931422665512084, "N_raw": 63, "N_roi": 63, "N_inlier": 63, "refit": true}
{"timestamp": "16:56:13.546475", "frame": 87, "mu": [-0.278992293783638, 3.197469927211316, 1.302524016406225], "Sigma": [[0.020849266694726743, 0.0027122785298556752, -0.0037112173795786495], [0.0027122785298556752, 0.011224623697391902, 0.008013218403081857], [-0.003711217379578649, 0.008013218403081857, 0.0081472947559719]], "chi2_level": 0.997, "chi2_df": 3, "chi2_threshold": 13.931422665512084, "N_raw": 75, "N_roi": 72, "N_inlier": 71, "refit": true}
{"timestamp": "16:56:13.597482", "frame": 88, "mu": [-0.19550230342068478, 3.2500492663263474, 1.405207053625289], "Sigma": [[0.01618401816911576, 0.005343366521271452, 0.004355483823099906], [0.005343366521271452, 0.008499183921178223, 0.007646253411195837], [0.004355483823099906, 0.007646253411195837, 0.010319849887794883]], "chi2_level": 0.997, "chi2_df": 3, "chi2_threshold": 13.931422665512084, "N_raw": 53, "N_roi": 50, "N_inlier": 50, "refit": true}
{"timestamp": "16:56:13.655699", "frame": 89, "mu": [-0.16409682013405308, 3.195318762968607, 1.2870939410249107], "Sigma": [[0.016552306281464497, 0.0024980311821881634, 0.00038881805117349077], [0.0024980311821881642, 0.011488908769902878, 0.008004519038964127], [0.000388818051173491, 0.008004519038964127, 0.007102365320847725]], "chi2_level": 0.997, "chi2_df": 3, "chi2_threshold": 13.931422665512084, "N_raw": 73, "N_roi": 71, "N_inlier": 68, "refit": true}
{"timestamp": "16:56:13.703628", "frame": 90, "mu": [-0.07732794095699588, 3.1343774345912063, 1.0584716558246616], "Sigma": [[0.00892601285330941, 0.0009155000886449029, -0.003296809764716324], [0.0009155000886449027, 0.0018914007314022518, -0.004894328318216423], [-0.0032968097647163236, -0.004894328318216423, 0.08316766065918217]], "chi2_level": 0.997, "chi2_df": 3, "chi2_threshold": 13.931422665512084, "N_raw": 26, "N_roi": 26, "N_inlier": 24, "refit": true}
{"timestamp": "16:56:13.762870", "frame": 91, "mu": [-0.06316548734068862, 3.1232371907780516, 1.1066072833150744], "Sigma": [[0.013805005470872359, 0.0003314708284174366, -0.006167024097226246], [0.0003314708284174365, 0.0045673260143976, -0.0017591156942826191], [-0.006167024097226246, -0.0017591156942826187, 0.004355995203425126]], "chi2_level": 0.997, "chi2_df": 3, "chi2_threshold": 13.931422665512084, "N_raw": 53, "N_roi": 53, "N_inlier": 51, "refit": true}
{"timestamp": "16:56:13.812548", "frame": 92, "mu": [-0.044765731189499815, 3.0697633348851094, 1.135418767578371], "Sigma": [[0.00618212356218921, 0.0008887681631640015, -0.00020974596319526], [0.0008887681631640015, 0.0044867127156546635, 0.0019562388284076263], [-0.0002097459631952601, 0.0019562388284076263, 0.002308324757886779]], "chi2_level": 0.997, "chi2_df": 3, "chi2_threshold": 13.931422665512084, "N_raw": 19, "N_roi": 19, "N_inlier": 17, "refit": true}
{"timestamp": "16:56:13.871949", "frame": 93, "mu": [0.07868788885058485, 3.19273856847925, 1.0977446292870892], "Sigma": [[0.011992051824325436, -3.029484347543028e-05, -0.0018554876054506237], [-3.029484347543028e-05, 0.004964055960957062, -0.0052430626945004135], [-0.0018554876054506237, -0.0052430626945004135, 0.02570286755549928]], "chi2_level": 0.997, "chi2_df": 3, "chi2_threshold": 13.931422665512084, "N_raw": 51, "N_roi": 50, "N_inlier": 47, "refit": true}
{"timestamp": "16:56:13.928645", "frame": 94, "mu": [0.04856286148831873, 3.1103830423885075, 1.1855348654420352], "Sigma": [[0.014270395780058712, -0.001264727138413086, -0.0019210576056106299], [-0.001264727138413086, 0.003495774390414432, -0.004285350238136449], [-0.0019210576056106295, -0.004285350238136449, 0.02009622951597749]], "chi2_level": 0.997, "chi2_df": 3, "chi2_threshold": 13.931422665512084, "N_raw": 62, "N_roi": 62, "N_inlier": 62, "refit": true}
{"timestamp": "16:56:14.093510", "frame": 97, "mu": [0.15671004234662964, 3.1964249170267025, 1.2647327118996317], "Sigma": [[0.01717034695559756, -0.004237496603738648, -0.0051711102648893835], [-0.004237496603738648, 0.005480168153721631, -0.004770876855293424], [-0.005171110264889383, -0.004770876855293423, 0.011399966891883882]], "chi2_level": 0.997, "chi2_df": 3, "chi2_threshold": 13.931422665512084, "N_raw": 70, "N_roi": 70, "N_inlier": 68, "refit": true}
{"timestamp": "16:56:14.147685", "frame": 98, "mu": [0.17128075326540798, 3.2029723587561447, 1.4830128152068378], "Sigma": [[0.011805663730922594, -0.0031552746910467637, -0.006987661775109374], [-0.0031552746910467637, 0.004241293224645772, -0.0008008954825439246], [-0.006987661775109375, -0.0008008954825439241, 0.013918122300314428]], "chi2_level": 0.997, "chi2_df": 3, "chi2_threshold": 13.931422665512084, "N_raw": 51, "N_roi": 48, "N_inlier": 45, "refit": true}
{"timestamp": "16:56:14.205548", "frame": 99, "mu": [0.28906597600491934, 3.184704664434088, 1.2859899035964257], "Sigma": [[0.01581299541636131, 0.00022280458707442277, -0.002070086663037103], [0.0002228045870744229, 0.00467547935113971, -0.005361929979890905], [-0.002070086663037103, -0.005361929979890905, 0.011408357098163235]], "chi2_level": 0.997, "chi2_df": 3, "chi2_threshold": 13.931422665512084, "N_raw": 71, "N_roi": 67, "N_inlier": 65, "refit": true}
{"timestamp": "16:56:14.351986", "frame": 100, "mu": [0.2979017084627823, 3.194678263582934, 1.195379070921098], "Sigma": [[0.01759233821494673, 0.000572232742403037, 0.005488317119198573], [0.000572232742403037, 0.0028526732165241086, -0.002929686918648351], [0.005488317119198572, -0.002929686918648351, 0.029805649967954748]], "chi2_level": 0.997, "chi2_df": 3, "chi2_threshold": 13.931422665512084, "N_raw": 61, "N_roi": 61, "N_inlier": 58, "refit": true}
{"timestamp": "16:56:14.366157", "frame": 101, "mu": [0.34752687927277226, 3.1704809556143925, 1.165972224052692], "Sigma": [[0.008878723960300754, -0.001672247260653206, -1.2322746670259633e-05], [-0.001672247260653206, 0.0018980631223236247, -0.0007814928584358382], [-1.2322746670259959e-05, -0.0007814928584358383, 0.04479939615242238]], "chi2_level": 0.997, "chi2_df": 3, "chi2_threshold": 13.931422665512084, "N_raw": 34, "N_roi": 34, "N_inlier": 32, "refit": true}
{"timestamp": "16:56:14.397962", "frame": 102, "mu": [0.4035385780641818, 3.1802674990045894, 1.0471789156190483], "Sigma": [[0.013693086198990246, -0.001313968109015374, -0.0032566146062508287], [-0.001313968109015374, 0.0018710824672738212, -0.0026372674355061194], [-0.0032566146062508283, -0.0026372674355061194, 0.00916191195344966]], "chi2_level": 0.997, "chi2_df": 3, "chi2_threshold": 13.931422665512084, "N_raw": 43, "N_roi": 43, "N_inlier": 40, "refit": true}
{"timestamp": "16:56:14.428771", "frame": 103, "mu": [0.47523625980146195, 3.1833431111556245, 0.9190617382481419], "Sigma": [[0.01208446130212231, 2.5937634862630964e-05, 0.005455012340666511], [2.5937634862630964e-05, 0.002829806089072191, -0.0032921434990355017], [0.005455012340666511, -0.0032921434990355017, 0.01065631003663534]], "chi2_level": 0.997, "chi2_df": 3, "chi2_threshold": 13.931422665512084, "N_raw": 43, "N_roi": 41, "N_inlier": 38, "refit": true}
{"timestamp": "16:56:14.532838", "frame": 105, "mu": [0.6012355024637236, 3.19457537645566, 1.1525281687646862], "Sigma": [[0.013221079345684207, -0.0023120332273745474, -0.0017141590671638062], [-0.002312033227374548, 0.0037250211817516634, -0.005359114879345329], [-0.001714159067163806, -0.005359114879345329, 0.016148773256992613]], "chi2_level": 0.997, "chi2_df": 3, "chi2_threshold": 13.931422665512084, "N_raw": 58, "N_roi": 58, "N_inlier": 57, "refit": true}
{"timestamp": "16:56:14.588644", "frame": 106, "mu": [0.6344145135313074, 3.248663215653904, 1.1618417748147059], "Sigma": [[0.01529823914095592, -0.0024987959099026786, -0.007242710697406422], [-0.0024987959099026786, 0.005859802317837116, -0.0014362542194304487], [-0.007242710697406421, -0.0014362542194304485, 0.006444692653740116]], "chi2_level": 0.997, "chi2_df": 3, "chi2_threshold": 13.931422665512084, "N_raw": 62, "N_roi": 59, "N_inlier": 58, "refit": true}
{"timestamp": "16:56:14.642115", "frame": 107, "mu": [0.6922730430177466, 3.2298190652986705, 1.1810962004217012], "Sigma": [[0.010746420740436058, -0.0033097933482366775, -0.008136476943438959], [-0.0033097933482366775, 0.004088572716608213, -0.0010910748251734873], [-0.008136476943438959, -0.0010910748251734877, 0.03220687055860575]], "chi2_level": 0.997, "chi2_df": 3, "chi2_threshold": 13.931422665512084, "N_raw": 44, "N_roi": 43, "N_inlier": 41, "refit": true}
{"timestamp": "16:56:14.697682", "frame": 108, "mu": [0.6899016606730397, 3.2737820481080875, 1.195684254386593], "Sigma": [[0.017589564160756094, -0.002856402101094301, -0.008840723761542418], [-0.0028564021010943014, 0.0040365230353185426, -0.0009870750249550311], [-0.008840723761542418, -0.0009870750249550311, 0.008513487045310785]], "chi2_level": 0.997, "chi2_df": 3, "chi2_threshold": 13.931422665512084, "N_raw": 55, "N_roi": 52, "N_inlier": 52, "refit": true}
{"timestamp": "16:56:14.802124", "frame": 110, "mu": [0.8613577725758249, 3.157424618220975, 1.2413509959203946], "Sigma": [[0.0049026803138618085, -0.0019077212986777546, -0.0033554257771252816], [-0.0019077212986777546, 0.00545953604753282, 0.005365332319407444], [-0.0033554257771252816, 0.005365332319407444, 0.0071725682765929255]], "chi2_level": 0.997, "chi2_df": 3, "chi2_threshold": 13.931422665512084, "N_raw": 22, "N_roi": 19, "N_inlier": 17, "refit": true}
{"timestamp": "16:56:14.917216", "frame": 112, "mu": [0.9596110716947273, 3.230687497052174, 1.2978762033480593], "Sigma": [[0.012461630069203393, -0.004482373267469695, -0.004788514177625248], [-0.004482373267469695, 0.009185586848763196, 0.006521676158500275], [-0.0047885141776252485, 0.006521676158500275, 0.00748555954760137]], "chi2_level": 0.997, "chi2_df": 3, "chi2_threshold": 13.931422665512084, "N_raw": 50, "N_roi": 47, "N_inlier": 44, "refit": true}
{"timestamp": "16:56:15.026508", "frame": 114, "mu": [1.0330220388537525, 3.322503951558539, 0.8408906141614122], "Sigma": [[0.016802830134528008, -0.010124906721096786, 0.037405293552994504], [-0.010124906721096786, 0.008550370501175531, -0.035354854250937595], [0.037405293552994504, -0.035354854250937595, 0.33251319312918]], "chi2_level": 0.997, "chi2_df": 3, "chi2_threshold": 13.931422665512084, "N_raw": 43, "N_roi": 43, "N_inlier": 42, "refit": true}
{"timestamp": "16:56:15.191490", "frame": 117, "mu": [1.267908332093894, 3.1995394566782194, 1.0688535930559233], "Sigma": [[0.01635115151574154, -0.01032152510454908, -0.007235241992499705], [-0.01032152510454908, 0.011540257559269877, -0.006452646689692273], [-0.007235241992499706, -0.006452646689692273, 0.04795108850035457]], "chi2_level": 0.997, "chi2_df": 3, "chi2_threshold": 13.931422665512084, "N_raw": 44, "N_roi": 43, "N_inlier": 42, "refit": true}
{"timestamp": "16:56:15.248475", "frame": 118, "mu": [1.3004429037437997, 3.177100681225194, 1.1842044391597595], "Sigma": [[0.017626765621816844, -0.008227623280366147, -0.015964563722595516], [-0.008227623280366147, 0.010696041364607016, 0.005427340457247217], [-0.015964563722595516, 0.005427340457247217, 0.019730949893001525]], "chi2_level": 0.997, "chi2_df": 3, "chi2_threshold": 13.931422665512084, "N_raw": 64, "N_roi": 64, "N_inlier": 64, "refit": true}
{"timestamp": "16:56:15.301031", "frame": 119, "mu": [1.3161785951397986, 3.217611355673212, 1.248349499375094], "Sigma": [[0.012983305220920198, -0.006062951505448746, -0.008768427406965014], [-0.006062951505448746, 0.007082910713811744, 0.004592064026010622], [-0.008768427406965013, 0.004592064026010622, 0.008236014008201372]], "chi2_level": 0.997, "chi2_df": 3, "chi2_threshold": 13.931422665512084, "N_raw": 40, "N_roi": 39, "N_inlier": 39, "refit": true}
{"timestamp": "16:56:15.358698", "frame": 120, "mu": [1.3421644471679972, 3.2341128903237224, 1.2919254773434063], "Sigma": [[0.01874718590469263, -0.009782501054056666, -0.017560000514179358], [-0.009782501054056664, 0.01110163770287921, 0.009162996168375173], [-0.017560000514179358, 0.009162996168375173, 0.01962581501869776]], "chi2_level": 0.997, "chi2_df": 3, "chi2_threshold": 13.931422665512084, "N_raw": 58, "N_roi": 58, "N_inlier": 56, "refit": true}
{"timestamp": "16:56:15.408345", "frame": 121, "mu": [1.3995913660005856, 3.272873489467394, 1.2677521412797312], "Sigma": [[0.007391964263649845, -0.0027056309140150773, -0.0015356722659822478], [-0.0027056309140150773, 0.004232999017333267, 0.001921955429271074], [-0.0015356722659822476, 0.001921955429271074, 0.0019383962149945907]], "chi2_level": 0.997, "chi2_df": 3, "chi2_threshold": 13.931422665512084, "N_raw": 23, "N_roi": 23, "N_inlier": 21, "refit": true}
{"timestamp": "16:56:15.464939", "frame": 122, "mu": [1.430663161128403, 3.2451904313371496, 1.2869995437032649], "Sigma": [[0.012982290834875518, -0.005329865840902797, -0.006490058494271833], [-0.005329865840902797, 0.007224389741840846, 0.002815436894629142], [-0.006490058494271833, 0.002815436894629142, 0.004705045393791097]], "chi2_level": 0.997, "chi2_df": 3, "chi2_threshold": 13.931422665512084, "N_raw": 40, "N_roi": 40, "N_inlier": 40, "refit": true}
{"timestamp": "16:56:15.518271", "frame": 123, "mu": [1.416947796465542, 3.304123424566776, 1.1636605687787969], "Sigma": [[0.008178086450911701, -0.003793485093204682, -0.005115539409241972], [-0.003793485093204682, 0.0038007480442226295, 0.000744150480641582], [-0.005115539409241971, 0.0007441504806415822, 0.008440337072320813]], "chi2_level": 0.997, "chi2_df": 3, "chi2_threshold": 13.931422665512084, "N_raw": 25, "N_roi": 23, "N_inlier": 22, "refit": true}
{"timestamp": "16:56:15.630733", "frame": 125, "mu": [1.562419251290647, 3.3899486134897474, 0.034784006701313465], "Sigma": [[0.017886726671438428, -0.0065426139105734075, -0.007966736560777036], [-0.0065426139105734075, 0.0059702382979526306, 0.003481123404840433], [-0.007966736560777038, 0.0034811234048404338, 0.004918779200046605]], "chi2_level": 0.997, "chi2_df": 3, "chi2_threshold": 13.931422665512084, "N_raw": 39, "N_roi": 38, "N_inlier": 38, "refit": true}
{"timestamp": "16:56:15.685215", "frame": 126, "mu": [1.5897169331750733, 3.29864114579072, 1.0343429641116004], "Sigma": [[0.013534862365186312, -0.007330013641694092, -0.01015379113930124], [-0.007330013641694092, 0.005437580649212548, 0.0025882605777005933], [-0.010153791139301241, 0.0025882605777005933, 0.02797656430609572]], "chi2_level": 0.997, "chi2_df": 3, "chi2_threshold": 13.931422665512084, "N_raw": 34, "N_roi": 34, "N_inlier": 34, "refit": true}
{"timestamp": "16:56:15.741388", "frame": 127, "mu": [1.6281367881089375, 3.3457547543080697, 1.2485974168640972], "Sigma": [[0.019974732420936607, -0.011284019224129235, -0.011541670860824211], [-0.011284019224129235, 0.014254360989150673, 0.01136026961782022], [-0.011541670860824211, 0.01136026961782022, 0.012800729587622208]], "chi2_level": 0.997, "chi2_df": 3, "chi2_threshold": 13.931422665512084, "N_raw": 49, "N_roi": 48, "N_inlier": 47, "refit": true}
{"timestamp": "16:56:15.795368", "frame": 128, "mu": [1.6497659884631255, 3.305375139530712, 1.18516817291497], "Sigma": [[0.015376742196681512, -0.007329145608067523, -0.0058929224597362734], [-0.007329145608067523, 0.006874448936920324, -0.0009765708904969168], [-0.0058929224597362734, -0.000976570890496917, 0.008581265967698412]], "chi2_level": 0.997, "chi2_df": 3, "chi2_threshold": 13.931422665512084, "N_raw": 39, "N_roi": 39, "N_inlier": 39, "refit": true}
{"timestamp": "16:56:15.962187", "frame": 131, "mu": [1.7573420223281198, 3.4021670990511037, -0.7855377234628849], "Sigma": [[0.017193372127380473, -0.007317679575126725, -0.0016321378052832924], [-0.007317679575126725, 0.010263331424542685, 0.007346641855538351], [-0.0016321378052832913, 0.007346641855538351, 0.16057509331848177]], "chi2_level": 0.997, "chi2_df": 3, "chi2_threshold": 13.931422665512084, "N_raw": 49, "N_roi": 49, "N_inlier": 48, "refit": true}
{"timestamp": "16:56:16.018003", "frame": 132, "mu": [1.770926345022294, 3.4616532288051607, 0.10053354554623264], "Sigma": [[0.023082320686960055, -0.008019818244033732, -0.006812018338329099], [-0.008019818244033732, 0.008694680989164776, 0.004241743794108694], [-0.0068120183383290995, 0.004241743794108693, 0.004982481656271075]], "chi2_level": 0.997, "chi2_df": 3, "chi2_threshold": 13.931422665512084, "N_raw": 59, "N_roi": 54, "N_inlier": 52, "refit": true}
{"timestamp": "16:56:16.287050", "frame": 137, "mu": [1.8917269846150586, 3.4014309726122685, 0.9828070114776318], "Sigma": [[0.00574720608232568, -0.002803560895300504, -0.0048877119634709075], [-0.002803560895300504, 0.0038375313914723415, -0.0032434764787233556], [-0.0048877119634709075, -0.0032434764787233564, 0.053004686779680635]], "chi2_level": 0.997, "chi2_df": 3, "chi2_threshold": 13.931422665512084, "N_raw": 19, "N_roi": 18, "N_inlier": 18, "refit": true}
{"timestamp": "16:56:16.342628", "frame": 138, "mu": [1.9461558161205434, 3.428910467136518, 1.262862517984712], "Sigma": [[0.011645203265777745, -0.00397533671655297, -0.012125810242218434], [-0.003975336716552971, 0.004262785786815223, 0.0010388874206356934], [-0.012125810242218434, 0.0010388874206356937, 0.024017007081590505]], "chi2_level": 0.997, "chi2_df": 3, "chi2_threshold": 13.931422665512084, "N_raw": 24, "N_roi": 21, "N_inlier": 20, "refit": true}
{"timestamp": "16:56:16.399292", "frame": 139, "mu": [2.0307979294669685, 3.4133358523139035, 0.31807349905761034], "Sigma": [[0.012117859650363157, -0.006118640255208341, -0.004770409771189963], [-0.006118640255208341, 0.0079269695090617, 0.00016650459704206262], [-0.004770409771189963, 0.00016650459704206243, 0.005931392301968402]], "chi2_level": 0.997, "chi2_df": 3, "chi2_threshold": 13.931422665512084, "N_raw": 33, "N_roi": 31, "N_inlier": 31, "refit": true}
{"timestamp": "16:56:16.530096", "frame": 140, "mu": [1.9593664481696575, 3.5523432032912288, 0.12177899176665091], "Sigma": [[0.0070530534464694475, -0.00364982221048222, 6.802858734425079e-06], [-0.00364982221048222, 0.005516728189740677, 9.191590534542277e-05], [6.802858734425081e-06, 9.191590534542277e-05, 3.5194899821907952e-06]], "chi2_level": 0.997, "chi2_df": 3, "chi2_threshold": 13.931422665512084, "N_raw": 27, "N_roi": 23, "N_inlier": 22, "refit": true}
{"timestamp": "16:56:16.588376", "frame": 142, "mu": [2.0612689973714424, 3.4666910017810713, 0.3392225974628845], "Sigma": [[0.008179316689702463, -0.0030631092059338954, -0.0005687636660131701], [-0.0030631092059338954, 0.004230008129080811, 0.0024837987946246766], [-0.0005687636660131704, 0.002483798794624677, 0.006309830633863624]], "chi2_level": 0.997, "chi2_df": 3, "chi2_threshold": 13.931422665512084, "N_raw": 42, "N_roi": 19, "N_inlier": 18, "refit": true}
{"timestamp": "16:56:16.619546", "frame": 143, "mu": [2.176065843364889, 3.3428459601082348, 1.221986762562816], "Sigma": [[0.01029281454608561, -0.0042889010606013585, 0.0003779203044645287], [-0.0042889010606013585, 0.0038769094308467355, -0.00024384407520912742], [0.0003779203044645287, -0.00024384407520912742, 0.00015003323060327784]], "chi2_level": 0.997, "chi2_df": 3, "chi2_threshold": 13.931422665512084, "N_raw": 17, "N_roi": 16, "N_inlier": 15, "refit": true}
{"timestamp": "16:56:16.728941", "frame": 145, "mu": [2.081361901210111, 3.4049576381600453, 1.34388843092864], "Sigma": [[0.014450730376683428, -0.00895445526792529, -0.002585644975164531], [-0.00895445526792529, 0.009759200062141498, 0.0009707889943795795], [-0.002585644975164531, 0.0009707889943795794, 0.0016187213226881395]], "chi2_level": 0.997, "chi2_df": 3, "chi2_threshold": 13.931422665512084, "N_raw": 32, "N_roi": 32, "N_inlier": 32, "refit": true}
{"timestamp": "16:56:16.782440", "frame": 146, "mu": [2.101167851790035, 3.4393084403008323, 1.3739459669665934], "Sigma": [[0.013486282610682408, -0.007756036925028634, 0.002082387712797071], [-0.007756036925028634, 0.00669026732009334, -0.0016532882265740524], [0.002082387712797071, -0.0016532882265740522, 0.0004157411316993039]], "chi2_level": 0.997, "chi2_df": 3, "chi2_threshold": 13.931422665512084, "N_raw": 23, "N_roi": 22, "N_inlier": 22, "refit": true}
{"timestamp": "16:56:16.891473", "frame": 148, "mu": [2.1561280043673867, 3.4771942489580465, 1.439289506997437], "Sigma": [[0.010663048318239835, -0.006832752626833244, -0.00613269499294463], [-0.006832752626833244, 0.007072299278989543, 0.001895355560651108], [-0.00613269499294463, 0.0018953555606511083, 0.007960304113074208]], "chi2_level": 0.997, "chi2_df": 3, "chi2_threshold": 13.931422665512084, "N_raw": 22, "N_roi": 21, "N_inlier": 21, "refit": true}
{"timestamp": "16:56:17.111479", "frame": 151, "mu": [2.195989458555384, 3.4931634521750428, 0.2893830738613859], "Sigma": [[0.00725750538061717, -0.0037845503633121493, 4.647386479668113e-05], [-0.003784550363312149, 0.004677668667318253, 0.00013515925998520539], [4.647386479668115e-05, 0.00013515925998520539, 1.070893187326341e-05]], "chi2_level": 0.997, "chi2_df": 3, "chi2_threshold": 13.931422665512084, "N_raw": 37, "N_roi": 16, "N_inlier": 16, "refit": true}
