{"timestamp": "17:02:51.713073", "frame": 1, "mu": [0.8272539708504434, 1.4685908664494591, 1.349677428725838], "Sigma": [[0.005744568312121993, -0.0035005457161019814, -0.002174700163364655], [-0.0035005457161019814, 0.008986724071380759, 0.0012953265877180382], [-0.002174700163364655, 0.0012953265877180382, 0.0016732484016885902]], "chi2_level": 0.997, "chi2_df": 3, "chi2_threshold": 13.931422665512084, "N_raw": 56, "N_roi": 53, "N_inlier": 51, "refit": true}
{"timestamp": "17:02:51.768064", "frame": 2, "mu": [0.8034080738002074, 1.591557095154396, -0.25921324035156174], "Sigma": [[0.00433554136584409, -0.0007869446231251633, -0.0038253423934247292], [-0.0007869446231251633, 0.006614700160958689, -0.002242295381496708], [-0.0038253423934247292, -0.002242295381496708, 0.006789803188137687]], "chi2_level": 0.997, "chi2_df": 3, "chi2_threshold": 13.931422665512084, "N_raw": 54, "N_roi": 54, "N_inlier": 53, "refit": true}
{"timestamp": "17:02:51.823402", "frame": 3, "mu": [0.793064600140014, 1.5854649763645472, -0.2043206261645725], "Sigma": [[0.005136477341516151, -0.0014889069039391509, -0.0034478783215054817], [-0.0014889069039391509, 0.007276522161801735, 0.00220308382598156], [-0.0034478783215054812, 0.00220308382598156, 0.003131820009154816]], "chi2_level": 0.997, "chi2_df": 3, "chi2_threshold": 13.931422665512084, "N_raw": 56, "N_roi": 56, "N_inlier": 52, "refit": true}
{"timestamp": "17:02:51.877063", "frame": 4, "mu": [0.7539643843557869, 1.4776549858836125, 1.4168316433522574], "Sigma": [[0.006046988084466004, -0.0021025008511494957, -0.004232137703970662], [-0.0021025008511494957, 0.00387133921756382, 0.0003296629239284198], [-0.004232137703970662, 0.00032966292392842, 0.004556197337623946]], "chi2_level": 0.997, "chi2_df": 3, "chi2_threshold": 13.931422665512084, "N_raw": 46, "N_roi": 45, "N_inlier": 43, "refit": true}
{"timestamp": "17:02:51.929981", "frame": 5, "mu": [0.8333399940888033, 1.383965771586517, 1.1448284994774676], "Sigma": [[0.003808559148149363, -0.006095886406257436, 0.0007936820929768029], [-0.006095886406257436, 0.0332587876329722, 0.020187746466502607], [0.0007936820929768029, 0.020187746466502607, 0.25613361770145127]], "chi2_level": 0.997, "chi2_df": 3, "chi2_threshold": 13.931422665512084, "N_raw": 28, "N_roi": 28, "N_inlier": 26, "refit": true}
{"timestamp": "17:02:51.986407", "frame": 6, "mu": [0.8344282070573654, 1.4328116427817918, -0.4324640926475313], "Sigma": [[0.0044469732347159185, 0.000495089280244272, -0.01922174948495362], [0.0004950892802442723, 0.01900680825076431, -0.041140196644070426], [-0.019221749484953622, -0.041140196644070426, 0.22033776504503166]], "chi2_level": 0.997, "chi2_df": 3, "chi2_threshold": 13.931422665512084, "N_raw": 46, "N_roi": 46, "N_inlier": 45, "refit": true}
{"timestamp": "17:02:52.042501", "frame": 7, "mu": [0.8947402863735259, 1.2122408048228632, 1.1479231184944538], "Sigma": [[0.004409336591527528, -0.0007165296803427483, -0.00370816142601702], [-0.0007165296803427483, 0.0116597261024161, -0.01930277851300234], [-0.00370816142601702, -0.01930277851300234, 0.1047027743276874]], "chi2_level": 0.997, "chi2_df": 3, "chi2_threshold": 13.931422665512084, "N_raw": 43, "N_roi": 43, "N_inlier": 41, "refit": true}
{"timestamp": "17:02:52.153091", "frame": 9, "mu": [0.7590492135800436, 1.4586901296609625, 1.4214361681266852], "Sigma": [[0.006314166525071275, -0.00396995058313574, -0.005510383469028638], [-0.00396995058313574, 0.006661134802777397, 0.001909588115033966], [-0.005510383469028638, 0.0019095881150339661, 0.00624936984732269]], "chi2_level": 0.997, "chi2_df": 3, "chi2_threshold": 13.931422665512084, "N_raw": 53, "N_roi": 53, "N_inlier": 50, "refit": true}
{"timestamp": "17:02:52.262997", "frame": 11, "mu": [0.8615838569284286, 1.3661541516848899, 1.1804476340396117], "Sigma": [[0.007417756537163172, -0.006320707401515477, -0.018328432961103515], [-0.006320707401515477, 0.01088100942516654, 0.02371775656138497], [-0.018328432961103515, 0.02371775656138497, 0.2123363366560819]], "chi2_level": 0.997, "chi2_df": 3, "chi2_threshold": 13.931422665512084, "N_raw": 53, "N_roi": 53, "N_inlier": 52, "refit": true}
{"timestamp": "17:02:52.319756", "frame": 12, "mu": [0.6879470914656923, 1.5189310692366926, 1.4585355074071258], "Sigma": [[0.007461922528222808, -0.004215940334236206, -0.012875632662925393], [-0.004215940334236206, 0.005816726916257164, 0.003492086294158407], [-0.012875632662925393, 0.0034920862941584065, 0.048358941053622616]], "chi2_level": 0.997, "chi2_df": 3, "chi2_threshold": 13.931422665512084, "N_raw": 58, "N_roi": 58, "N_inlier": 54, "refit": true}
{"timestamp": "17:02:52.371604", "frame": 13, "mu": [0.8067012263868029, 1.426706045343668, 1.4004744130575566], "Sigma": [[0.009930656026271937, -0.006923422685899128, -0.010352578093655085], [-0.006923422685899128, 0.007517859304773046, 0.006571664567224555], [-0.010352578093655087, 0.006571664567224555, 0.016910045517556933]], "chi2_level": 0.997, "chi2_df": 3, "chi2_threshold": 13.931422665512084, "N_raw": 42, "N_roi": 39, "N_inlier": 37, "refit": true}
{"timestamp": "17:02:52.427922", "frame": 14, "mu": [0.7647626315189457, 1.5036168005020945, 1.4573398963187159], "Sigma": [[0.010713797222578859, -0.005448133436958743, -0.008981831432760648], [-0.005448133436958743, 0.005929060921712327, 0.005056554945271871], [-0.008981831432760646, 0.005056554945271871, 0.007783085125588522]], "chi2_level": 0.997, "chi2_df": 3, "chi2_threshold": 13.931422665512084, "N_raw": 49, "N_roi": 49, "N_inlier": 48, "refit": true}
{"timestamp": "17:02:52.479667", "frame": 15, "mu": [0.7005728518176396, 1.5832888351260608, 1.5070578274813797], "Sigma": [[0.007258985862429133, -0.0022838137670419187, -0.00441582993320714], [-0.0022838137670419187, 0.0018414550734979055, 0.001080324377148625], [-0.00441582993320714, 0.001080324377148625, 0.003257516491689193]], "chi2_level": 0.997, "chi2_df": 3, "chi2_threshold": 13.931422665512084, "N_raw": 27, "N_roi": 27, "N_inlier": 25, "refit": true}
{"timestamp": "17:02:52.532684", "frame": 16, "mu": [0.8263872847511324, 1.4180010312270293, 0.8993463067846794], "Sigma": [[0.004284768426450042, 0.005075335532726364, 0.020323641691924695], [0.005075335532726364, 0.0135964190248054, 0.04559001787408619], [0.020323641691924698, 0.04559001787408618, 0.30477905554062884]], "chi2_level": 0.997, "chi2_df": 3, "chi2_threshold": 13.931422665512084, "N_raw": 16, "N_roi": 16, "N_inlier": 16, "refit": true}
{"timestamp": "17:02:52.592174", "frame": 17, "mu": [0.83955567754012, 1.381390620692195, 1.1990908321887994], "Sigma": [[0.01248534328260729, -0.014926761105223178, 0.006085411513064564], [-0.014926761105223178, 0.03377872368200612, 0.0021890002843181454], [0.006085411513064564, 0.0021890002843181463, 0.07383905603336688]], "chi2_level": 0.997, "chi2_df": 3, "chi2_threshold": 13.931422665512084, "N_raw": 55, "N_roi": 55, "N_inlier": 52, "refit": true}
{"timestamp": "17:02:52.650772", "frame": 18, "mu": [0.7626110781627261, 1.5596692853791347, 1.1169309435981005], "Sigma": [[0.009636269745977479, -0.012896961139301954, 0.0015625468383389915], [-0.012896961139301954, 0.022867614900972735, -0.008686566754533361], [0.0015625468383389915, -0.008686566754533361, 0.01132527559715346]], "chi2_level": 0.997, "chi2_df": 3, "chi2_threshold": 13.931422665512084, "N_raw": 72, "N_roi": 72, "N_inlier": 71, "refit": true}
{"timestamp": "17:02:52.704082", "frame": 19, "mu": [0.7439537348535027, 1.597876649968554, 1.0957394138839032], "Sigma": [[0.009082070807054818, -0.009307454408266646, 0.005581489817524974], [-0.009307454408266648, 0.01590886994547641, -0.011138475744725155], [0.005581489817524974, -0.011138475744725153, 0.010079334683772093]], "chi2_level": 0.997, "chi2_df": 3, "chi2_threshold": 13.931422665512084, "N_raw": 58, "N_roi": 56, "N_inlier": 52, "refit": true}
{"timestamp": "17:02:52.762409", "frame": 20, "mu": [0.6888648246708293, 1.5396786980708066, 1.202943804003337], "Sigma": [[0.01660020847894089, -0.012510595829658314, -0.03329351357838956], [-0.012510595829658317, 0.023845575142060746, 0.0531405863182567], [-0.03329351357838956, 0.0531405863182567, 0.15793199558358673]], "chi2_level": 0.997, "chi2_df": 3, "chi2_threshold": 13.931422665512084, "N_raw": 76, "N_roi": 75, "N_inlier": 71, "refit": true}
{"timestamp": "17:02:52.820622", "frame": 21, "mu": [0.6203171894402487, 1.5893044238223026, 1.242867771623726], "Sigma": [[0.01060812089685129, -0.002956687916242731, -0.013167238515060272], [-0.002956687916242731, 0.004441422032066991, -0.002158510224667333], [-0.013167238515060272, -0.002158510224667333, 0.04347527262422596]], "chi2_level": 0.997, "chi2_df": 3, "chi2_threshold": 13.931422665512084, "N_raw": 95, "N_roi": 92, "N_inlier": 90, "refit": true}
{"timestamp": "17:02:52.866911", "frame": 22, "mu": [0.7166839245815522, 1.627304921866491, 0.5345871195869675], "Sigma": [[0.03753206470233804, 0.10589679726415091, -0.2070925328376927], [0.10589679726415092, 0.4050234399233595, -0.6694502489304419], [-0.2070925328376927, -0.6694502489304419, 1.3124421841596472]], "chi2_level": 0.997, "chi2_df": 3, "chi2_threshold": 13.931422665512084, "N_raw": 37, "N_roi": 37, "N_inlier": 35, "refit": true}
{"timestamp": "17:02:52.921431", "frame": 23, "mu": [0.6279077091938213, 1.4687744930290467, 1.2182738490287521], "Sigma": [[0.02893027441865397, -0.023333858019501545, -0.050882134354242395], [-0.023333858019501545, 0.0210774315324357, 0.03935935948164117], [-0.0508821343542424, 0.03935935948164117, 0.09754675178711494]], "chi2_level": 0.997, "chi2_df": 3, "chi2_threshold": 13.931422665512084, "N_raw": 40, "N_roi": 40, "N_inlier": 35, "refit": true}
{"timestamp": "17:02:52.979673", "frame": 24, "mu": [0.5760998310866321, 1.42308472537178, 1.254588417648851], "Sigma": [[0.0054210701404321495, -0.006377710763523661, -0.0017946011762747203], [-0.006377710763523661, 0.012599484528133477, 0.006899897371025091], [-0.00179460117627472, 0.006899897371025091, 0.07612502093882367]], "chi2_level": 0.997, "chi2_df": 3, "chi2_threshold": 13.931422665512084, "N_raw": 58, "N_roi": 58, "N_inlier": 54, "refit": true}
{"timestamp": "17:02:53.035109", "frame": 25, "mu": [0.49382759768312906, 1.5273554145297965, 1.2522016940633396], "Sigma": [[0.010394378469037941, -0.000712363602409623, 0.010295461885041109], [-0.000712363602409623, 0.0022815042158441743, 0.003259081659236449], [0.01029546188504111, 0.0032590816592364485, 0.13213473559847153]], "chi2_level": 0.997, "chi2_df": 3, "chi2_threshold": 13.931422665512084, "N_raw": 64, "N_roi": 64, "N_inlier": 61, "refit": true}
{"timestamp": "17:02:53.093944", "frame": 26, "mu": [0.5776731905934407, 1.3821341711068895, 1.2415281635031123], "Sigma": [[0.005210362717631726, -0.004136679072418737, -0.006475364099094133], [-0.004136679072418737, 0.016530392373019932, 0.006733783565431691], [-0.006475364099094133, 0.006733783565431691, 0.08279535323401335]], "chi2_level": 0.997, "chi2_df": 3, "chi2_threshold": 13.931422665512084, "N_raw": 87, "N_roi": 87, "N_inlier": 83, "refit": true}
{"timestamp": "17:02:53.145668", "frame": 27, "mu": [0.5150445840738499, 1.3986375258109554, 1.3087740188069026], "Sigma": [[0.004765903002400873, -0.005657594208074277, -0.0023424289634819], [-0.005657594208074278, 0.019136687559015566, 0.0052895733367793775], [-0.0023424289634819, 0.005289573336779378, 0.006923043096674874]], "chi2_level": 0.997, "chi2_df": 3, "chi2_threshold": 13.931422665512084, "N_raw": 69, "N_roi": 67, "N_inlier": 64, "refit": true}
{"timestamp": "17:02:53.201938", "frame": 28, "mu": [0.4350488969333819, 1.456241153335087, 1.081674052951555], "Sigma": [[0.007474105178973857, -0.004924423860402472, -0.021458074615294368], [-0.004924423860402471, 0.006986014404697184, 0.026167592561425205], [-0.02145807461529437, 0.02616759256142521, 0.15795013086300871]], "chi2_level": 0.997, "chi2_df": 3, "chi2_threshold": 13.931422665512084, "N_raw": 72, "N_roi": 71, "N_inlier": 68, "refit": true}
{"timestamp": "17:02:53.255726", "frame": 29, "mu": [0.3726561203570518, 1.4336590105060283, 1.3270177461126433], "Sigma": [[0.008638939366024395, -0.011367085299626444, -0.007084117164060733], [-0.011367085299626444, 0.02877324298838036, 0.010138911132543109], [-0.007084117164060733, 0.010138911132543109, 0.010326885436522182]], "chi2_level": 0.997, "chi2_df": 3, "chi2_threshold": 13.931422665512084, "N_raw": 66, "N_roi": 66, "N_inlier": 62, "refit": true}
{"timestamp": "17:02:53.312021", "frame": 30, "mu": [0.44642740422320226, 1.2179394119342595, 1.0186172968367235], "Sigma": [[0.0047222943456368145, -0.006407970520309934, 0.004011264735160818], [-0.006407970520309933, 0.01928346500216924, -0.018074481466387946], [0.004011264735160818, -0.018074481466387946, 0.034469076445507396]], "chi2_level": 0.997, "chi2_df": 3, "chi2_threshold": 13.931422665512084, "N_raw": 73, "N_roi": 72, "N_inlier": 69, "refit": true}
{"timestamp": "17:02:53.369809", "frame": 31, "mu": [0.3045434829884243, 1.3484398794778945, 1.2197030014180419], "Sigma": [[0.015210258027431324, -0.017888275590618334, -0.01071905255990321], [-0.017888275590618338, 0.031911521306928335, 0.022351153199768152], [-0.01071905255990321, 0.022351153199768152, 0.20748944564131416]], "chi2_level": 0.997, "chi2_df": 3, "chi2_threshold": 13.931422665512084, "N_raw": 93, "N_roi": 93, "N_inlier": 92, "refit": true}
{"timestamp": "17:02:53.423241", "frame": 32, "mu": [0.3639517605918451, 1.2283946347596735, 0.9883720378557399], "Sigma": [[0.004214885832344643, -0.0034131638674456954, 0.011879353992137869], [-0.0034131638674456954, 0.012906988565630296, -0.019997583314002285], [0.01187935399213787, -0.019997583314002282, 0.11472460752303149]], "chi2_level": 0.997, "chi2_df": 3, "chi2_threshold": 13.931422665512084, "N_raw": 77, "N_roi": 73, "N_inlier": 72, "refit": true}
{"timestamp": "17:02:53.473722", "frame": 33, "mu": [0.28382135880310505, 1.2818829856409277, 1.1312406808858855], "Sigma": [[0.009254470534814025, -0.016170530407345764, -0.003989273648425651], [-0.016170530407345764, 0.03495646646851812, -0.009995508950317526], [-0.0039892736484256515, -0.009995508950317526, 0.18578987074622957]], "chi2_level": 0.997, "chi2_df": 3, "chi2_threshold": 13.931422665512084, "N_raw": 50, "N_roi": 50, "N_inlier": 49, "refit": true}
{"timestamp": "17:02:53.524973", "frame": 34, "mu": [0.22465256836335232, 1.2545656760169903, 0.954229921115749], "Sigma": [[0.01823554285665474, -0.024709800731095508, 0.035057609133966175], [-0.024709800731095508, 0.038108455541502766, -0.033679585516720276], [0.035057609133966175, -0.03367958551672027, 0.31859406864188217]], "chi2_level": 0.997, "chi2_df": 3, "chi2_threshold": 13.931422665512084, "N_raw": 28, "N_roi": 24, "N_inlier": 24, "refit": true}
{"timestamp": "17:02:53.579716", "frame": 35, "mu": [0.02712213703927359, 1.4645314747250617, 0.9658385325151644], "Sigma": [[0.013677712784056708, -0.019818866798765378, 0.008672211033097281], [-0.019818866798765378, 0.03389625150921501, 0.019316742375387976], [0.008672211033097281, 0.019316742375387976, 0.3172765095415357]], "chi2_level": 0.997, "chi2_df": 3, "chi2_threshold": 13.931422665512084, "N_raw": 23, "N_roi": 20, "N_inlier": 20, "refit": true}
{"timestamp": "17:02:53.636952", "frame": 36, "mu": [-0.026348709954953753, 1.5249949886912588, 1.5506278815356902], "Sigma": [[0.0034038470210506562, -0.0011595793809299475, -0.0015870936527190918], [-0.0011595793809299477, 0.003435956397057998, -0.0015122909017748806], [-0.0015870936527190918, -0.0015122909017748806, 0.0027268882246956156]], "chi2_level": 0.997, "chi2_df": 3, "chi2_threshold": 13.931422665512084, "N_raw": 49, "N_roi": 49, "N_inlier": 46, "refit": true}
{"timestamp": "17:02:53.692572", "frame": 37, "mu": [0.030759252471490525, 1.4236783607549637, 1.395644522044955], "Sigma": [[0.015825738019447616, -0.022984486925064263, -0.018844410666237724], [-0.02298448692506426, 0.0394772806473853, 0.0271235871051441], [-0.018844410666237724, 0.0271235871051441, 0.06261168176651502]], "chi2_level": 0.997, "chi2_df": 3, "chi2_threshold": 13.931422665512084, "N_raw": 43, "N_roi": 43, "N_inlier": 41, "refit": true}
{"timestamp": "17:02:53.748040", "frame": 38, "mu": [0.016046608231512372, 1.3755312725321387, 1.2954646655864823], "Sigma": [[0.014889640479867393, -0.02106739714640557, -0.022390064853602135], [-0.02106739714640557, 0.03517865031666358, 0.03730230575328772], [-0.022390064853602138, 0.03730230575328772, 0.15092664231944003]], "chi2_level": 0.997, "chi2_df": 3, "chi2_threshold": 13.931422665512084, "N_raw": 52, "N_roi": 52, "N_inlier": 51, "refit": true}
{"timestamp": "17:02:53.803289", "frame": 39, "mu": [-0.14968798710387254, 1.5428359817586013, 1.4524976770331512], "Sigma": [[0.006479003359854177, -0.0024987038186804543, -0.010574509670036546], [-0.0024987038186804543, 0.003915084381713695, 0.006508171995030815], [-0.010574509670036546, 0.006508171995030815, 0.03671120949233369]], "chi2_level": 0.997, "chi2_df": 3, "chi2_threshold": 13.931422665512084, "N_raw": 53, "N_roi": 53, "N_inlier": 48, "refit": true}
{"timestamp": "17:02:53.858439", "frame": 40, "mu": [-0.1606065385212531, 1.586038832594746, -0.07549015899487026], "Sigma": [[0.012359633632628365, -0.008642430524786573, -0.016965103892848128], [-0.008642430524786573, 0.011806196370157956, 0.014087925092171057], [-0.016965103892848128, 0.014087925092171057, 0.02667741166225454]], "chi2_level": 0.997, "chi2_df": 3, "chi2_threshold": 13.931422665512084, "N_raw": 54, "N_roi": 54, "N_inlier": 51, "refit": true}
{"timestamp": "17:02:53.915090", "frame": 41, "mu": [-0.14196473468918483, 1.4459725749084467, 1.1725354503743108], "Sigma": [[0.027324827437052036, -0.03777104789069945, 0.0023660483316013995], [-0.03777104789069945, 0.0575713853431367, -0.010292795806361794], [0.0023660483316014, -0.010292795806361794, 0.05638329264900678]], "chi2_level": 0.997, "chi2_df": 3, "chi2_threshold": 13.931422665512084, "N_raw": 63, "N_roi": 58, "N_inlier": 58, "refit": true}
{"timestamp": "17:02:53.971610", "frame": 42, "mu": [-0.26813483419985973, 1.5965563108754086, 1.0147001193964353], "Sigma": [[0.011433164834026172, -0.010369085862897157, 0.0042300452060914555], [-0.010369085862897157, 0.015149456890871585, -0.0077935410431447995], [0.0042300452060914555, -0.0077935410431448, 0.01761591291320528]], "chi2_level": 0.997, "chi2_df": 3, "chi2_threshold": 13.931422665512084, "N_raw": 70, "N_roi": 67, "N_inlier": 65, "refit": true}
{"timestamp": "17:02:54.027283", "frame": 43, "mu": [-0.2242394760997025, 1.4022064518333526, 0.976752498972022], "Sigma": [[0.011993203392461618, -0.009735835590577672, 0.01390809399728503], [-0.009735835590577672, 0.01481429564672033, 0.009249116355659562], [0.01390809399728503, 0.009249116355659562, 0.19173236319003834]], "chi2_level": 0.997, "chi2_df": 3, "chi2_threshold": 13.931422665512084, "N_raw": 81, "N_roi": 79, "N_inlier": 78, "refit": true}
{"timestamp": "17:02:54.081146", "frame": 44, "mu": [-0.24217699162400472, 1.4359955335684886, 1.2265671785282886], "Sigma": [[0.009833144985680437, -0.008662165023340114, -0.014094224775527669], [-0.008662165023340114, 0.01359158839796176, 0.016537977856936538], [-0.01409422477552767, 0.016537977856936538, 0.10415694808921555]], "chi2_level": 0.997, "chi2_df": 3, "chi2_threshold": 13.931422665512084, "N_raw": 74, "N_roi": 73, "N_inlier": 71, "refit": true}
{"timestamp": "17:02:54.133879", "frame": 45, "mu": [-0.37080665656406314, 1.6600163209814036, -0.1561966201929683], "Sigma": [[0.0075726503476134825, -0.004066357715459363, -0.0016008541080032943], [-0.004066357715459364, 0.011211755594155748, -0.010954297921957365], [-0.0016008541080032935, -0.010954297921957365, 0.02713051478032757]], "chi2_level": 0.997, "chi2_df": 3, "chi2_threshold": 13.931422665512084, "N_raw": 55, "N_roi": 52, "N_inlier": 49, "refit": true}
{"timestamp": "17:02:54.188443", "frame": 46, "mu": [-0.32863614127060237, 1.4243219093109694, 1.2884507078721732], "Sigma": [[0.010891208283753997, -0.010930736330529657, 0.002824643968407396], [-0.010930736330529657, 0.020291718200971462, 0.021933413057507137], [0.002824643968407396, 0.021933413057507133, 0.13917188973852687]], "chi2_level": 0.997, "chi2_df": 3, "chi2_threshold": 13.931422665512084, "N_raw": 56, "N_roi": 56, "N_inlier": 55, "refit": true}
{"timestamp": "17:02:54.246666", "frame": 47, "mu": [-0.36344472206606115, 1.3821931331621684, 1.3665891625182656], "Sigma": [[0.018992935086851098, -0.023075249865040344, -0.016857036639375614], [-0.023075249865040344, 0.037958651335666296, 0.022523235611825725], [-0.016857036639375614, 0.022523235611825725, 0.03571701998772417]], "chi2_level": 0.997, "chi2_df": 3, "chi2_threshold": 13.931422665512084, "N_raw": 81, "N_roi": 81, "N_inlier": 78, "refit": true}
{"timestamp": "17:02:54.296575", "frame": 48, "mu": [-0.5023928585319037, 1.4848008830141861, 1.5654748999750367], "Sigma": [[0.008012929839496469, -0.0063858949985264625, -0.008088554013063664], [-0.0063858949985264625, 0.009533156013126114, 0.008240221417529692], [-0.008088554013063664, 0.008240221417529692, 0.012273788143089647]], "chi2_level": 0.997, "chi2_df": 3, "chi2_threshold": 13.931422665512084, "N_raw": 38, "N_roi": 38, "N_inlier": 37, "refit": true}
{"timestamp": "17:02:54.352863", "frame": 49, "mu": [-0.36543244425629823, 1.1802628775626733, 1.132214990482266], "Sigma": [[0.003901525686716919, -0.0038028831995585524, 0.0002863689299718358], [-0.003802883199558552, 0.010835595178021991, -0.005168975312439545], [0.00028636892997183604, -0.005168975312439546, 0.02330895677834434]], "chi2_level": 0.997, "chi2_df": 3, "chi2_threshold": 13.931422665512084, "N_raw": 54, "N_roi": 54, "N_inlier": 50, "refit": true}
{"timestamp": "17:02:54.415522", "frame": 50, "mu": [-0.48185878948391314, 1.3771892158342411, 1.2995966281922215], "Sigma": [[0.006584771880059698, -0.007417793517822656, -0.013535896612898899], [-0.007417793517822657, 0.03808066086194349, 0.01832792272780582], [-0.013535896612898897, 0.01832792272780582, 0.05052913407653092]], "chi2_level": 0.997, "chi2_df": 3, "chi2_threshold": 13.931422665512084, "N_raw": 100, "N_roi": 100, "N_inlier": 98, "refit": true}
{"timestamp": "17:02:54.464087", "frame": 51, "mu": [-0.5078960120510054, 1.1624588314532507, 1.1853142629794777], "Sigma": [[0.0038566875691727976, 6.032484950918075e-05, -0.004384480377297913], [6.0324849509180774e-05, 0.01462538057262172, -0.0029834451935472953], [-0.004384480377297913, -0.002983445193547295, 0.022415869032893627]], "chi2_level": 0.997, "chi2_df": 3, "chi2_threshold": 13.931422665512084, "N_raw": 56, "N_roi": 56, "N_inlier": 54, "refit": true}
{"timestamp": "17:02:54.522973", "frame": 52, "mu": [-0.5944325907036564, 1.357137905677909, 1.2143955014142354], "Sigma": [[0.007880008229011267, -0.0009951747946382171, -0.027347618654264688], [-0.0009951747946382167, 0.01778086266780143, 0.0070534443300887565], [-0.027347618654264688, 0.007053444330088757, 0.14174807208365628]], "chi2_level": 0.997, "chi2_df": 3, "chi2_threshold": 13.931422665512084, "N_raw": 84, "N_roi": 84, "N_inlier": 81, "refit": true}
{"timestamp": "17:02:54.582606", "frame": 53, "mu": [-0.6149426012944526, 1.4855809660912673, 1.0315322741178414], "Sigma": [[0.011681105644443053, 0.003035437646207291, -0.047988851029300554], [0.003035437646207291, 0.006417662769328571, -0.022959035730276876], [-0.047988851029300554, -0.022959035730276876, 0.3091910695663656]], "chi2_level": 0.997, "chi2_df": 3, "chi2_threshold": 13.931422665512084, "N_raw": 115, "N_roi": 115, "N_inlier": 114, "refit": true}
{"timestamp": "17:02:54.635823", "frame": 54, "mu": [-0.6720407425644379, 1.4911692792447104, 0.9940981257278068], "Sigma": [[0.009160886436792746, 0.0015563632955139367, -0.0388447180470212], [0.001556363295513937, 0.004737767268074404, -0.017857078289685524], [-0.0388447180470212, -0.017857078289685524, 0.358581161643752]], "chi2_level": 0.997, "chi2_df": 3, "chi2_threshold": 13.931422665512084, "N_raw": 99, "N_roi": 99, "N_inlier": 97, "refit": true}
{"timestamp": "17:02:54.688478", "frame": 55, "mu": [-0.6884739570466956, 1.55327612160839, 0.8318377006863418], "Sigma": [[0.00918184265331465, 0.0024580065752313404, -0.025174346858835628], [0.0024580065752313404, 0.0053225507240918695, -0.02549310438968032], [-0.025174346858835628, -0.02549310438968032, 0.3050881769194977]], "chi2_level": 0.997, "chi2_df": 3, "chi2_threshold": 13.931422665512084, "N_raw": 85, "N_roi": 85, "N_inlier": 82, "refit": true}
{"timestamp": "17:02:54.736560", "frame": 56, "mu": [-0.7775270204956387, 1.4933822338638472, 1.448949396797538], "Sigma": [[0.0035759266642420365, 0.0013894756388559443, -0.0025308529911845386], [0.0013894756388559443, 0.00305029972673776, -0.003019486029723406], [-0.002530852991184538, -0.003019486029723406, 0.004786916513567968]], "chi2_level": 0.997, "chi2_df": 3, "chi2_threshold": 13.931422665512084, "N_raw": 38, "N_roi": 38, "N_inlier": 35, "refit": true}
{"timestamp": "17:02:54.796508", "frame": 57, "mu": [-0.8929386185163414, 1.4136405687917748, 1.5490232280980947], "Sigma": [[0.044958988896540236, 0.03302150468161048, -0.01974878395607323], [0.03302150468161048, 0.03209089902259386, -0.014214611404992479], [-0.01974878395607323, -0.014214611404992479, 0.012087254761936445]], "chi2_level": 0.997, "chi2_df": 3, "chi2_threshold": 13.931422665512084, "N_raw": 78, "N_roi": 78, "N_inlier": 77, "refit": true}
{"timestamp": "17:02:54.857572", "frame": 58, "mu": [-0.9267704466294086, 1.4251298145941902, 1.5018543422576094], "Sigma": [[0.04505068184787051, 0.04071564396086378, -0.0034297050380178006], [0.04071564396086377, 0.05469950693002114, 0.002264135926650106], [-0.0034297050380178006, 0.002264135926650106, 0.005014915507402439]], "chi2_level": 0.997, "chi2_df": 3, "chi2_threshold": 13.931422665512084, "N_raw": 118, "N_roi": 118, "N_inlier": 116, "refit": true}
{"timestamp": "17:02:54.907980", "frame": 59, "mu": [-1.057882759904237, 1.3073830313483659, 1.3131235396579533], "Sigma": [[0.08762107599043303, 0.07631069630266096, -0.04922729058648815], [0.07631069630266094, 0.0808269388338376, -0.025850160994817104], [-0.04922729058648815, -0.0258501609948171, 0.07141768297986291]], "chi2_level": 0.997, "chi2_df": 3, "chi2_threshold": 13.931422665512084, "N_raw": 78, "N_roi": 78, "N_inlier": 77, "refit": true}
{"timestamp": "17:02:54.961299", "frame": 60, "mu": [-1.0472649065231938, 1.365186801788617, 1.3052130232847137], "Sigma": [[0.09720076913867548, 0.08748922326741917, -0.03575871691557392], [0.08748922326741917, 0.08888184021098025, -0.03499066313296249], [-0.03575871691557392, -0.03499066313296249, 0.03458810410974066]], "chi2_level": 0.997, "chi2_df": 3, "chi2_threshold": 13.931422665512084, "N_raw": 77, "N_roi": 77, "N_inlier": 76, "refit": true}
{"timestamp": "17:02:55.020287", "frame": 61, "mu": [-0.9165075373185826, 1.4373039242654924, 1.1306726033688521], "Sigma": [[0.09471098254278248, 0.06444481675085098, -0.0536741562412216], [0.06444481675085098, 0.058058734699302283, -0.003612155795554682], [-0.0536741562412216, -0.0036121557955546817, 0.19254473674430903]], "chi2_level": 0.997, "chi2_df": 3, "chi2_threshold": 13.931422665512084, "N_raw": 103, "N_roi": 103, "N_inlier": 103, "refit": true}
{"timestamp": "17:02:55.079595", "frame": 62, "mu": [-0.9764115813951534, 1.538290674809314, 0.18805544269351782], "Sigma": [[0.09108000673521252, 0.07044196630631584, 0.17839382016307986], [0.07044196630631584, 0.0694333419039399, 0.09543291953913481], [0.17839382016307986, 0.09543291953913481, 0.8814553087927034]], "chi2_level": 0.997, "chi2_df": 3, "chi2_threshold": 13.931422665512084, "N_raw": 124, "N_roi": 124, "N_inlier": 124, "refit": true}
{"timestamp": "17:02:55.131376", "frame": 63, "mu": [-0.9004259579993917, 1.6805024137890616, 1.2835190419886098], "Sigma": [[0.011434274343491731, -0.001632638776849511, 5.02425297449901e-05], [-0.001632638776849511, 0.010056973335438896, 0.012337955103709834], [5.024252974499075e-05, 0.012337955103709832, 0.1039217291452923]], "chi2_level": 0.997, "chi2_df": 3, "chi2_threshold": 13.931422665512084, "N_raw": 100, "N_roi": 100, "N_inlier": 94, "refit": true}
{"timestamp": "17:02:55.187010", "frame": 64, "mu": [-1.084436403020431, 1.542916568009515, 1.3044464960699471], "Sigma": [[0.10056025149016731, 0.07857577811842473, -0.033976248318020194], [0.07857577811842473, 0.0756267906194998, -0.009994379783581251], [-0.033976248318020194, -0.00999437978358125, 0.12422969126348389]], "chi2_level": 0.997, "chi2_df": 3, "chi2_threshold": 13.931422665512084, "N_raw": 109, "N_roi": 109, "N_inlier": 106, "refit": true}
{"timestamp": "17:02:55.239576", "frame": 65, "mu": [-1.0481265171034837, 1.58100731872864, 1.268495488483957], "Sigma": [[0.12501138159243283, 0.09519132413050294, -0.027192767776187853], [0.09519132413050294, 0.08029000832275815, -0.01949330757666675], [-0.027192767776187857, -0.01949330757666675, 0.12237704248508002]], "chi2_level": 0.997, "chi2_df": 3, "chi2_threshold": 13.931422665512084, "N_raw": 97, "N_roi": 97, "N_inlier": 95, "refit": true}
{"timestamp": "17:02:55.295269", "frame": 66, "mu": [-0.9825522375013027, 1.6831532639591078, 1.1407132074275257], "Sigma": [[0.06344178020840084, 0.05201284592194569, 0.016253058955181574], [0.05201284592194569, 0.051382131188484274, 0.00837198304254918], [0.016253058955181574, 0.00837198304254918, 0.18696259439341953]], "chi2_level": 0.997, "chi2_df": 3, "chi2_threshold": 13.931422665512084, "N_raw": 99, "N_roi": 99, "N_inlier": 97, "refit": true}
{"timestamp": "17:02:55.346967", "frame": 67, "mu": [-1.2022323387329528, 1.6232999971434026, 1.5015591888452489], "Sigma": [[0.12676266220393553, 0.10072552830905727, -0.021905862472970633], [0.10072552830905727, 0.0871022385242673, -0.015578087447597373], [-0.021905862472970633, -0.015578087447597372, 0.007116597312136861]], "chi2_level": 0.997, "chi2_df": 3, "chi2_threshold": 13.931422665512084, "N_raw": 78, "N_roi": 78, "N_inlier": 74, "refit": true}
{"timestamp": "17:02:55.400221", "frame": 68, "mu": [-1.2788468447413532, 1.625880366002027, 1.4403413146708508], "Sigma": [[0.16712541168336165, 0.11428295494552296, -0.09951369256055353], [0.11428295494552296, 0.08755649508573288, -0.09080655109158167], [-0.09951369256055353, -0.09080655109158167, 0.17482724139439648]], "chi2_level": 0.997, "chi2_df": 3, "chi2_threshold": 13.931422665512084, "N_raw": 63, "N_roi": 63, "N_inlier": 61, "refit": true}
{"timestamp": "17:02:55.460678", "frame": 69, "mu": [-1.1371032699832118, 1.7941160029785916, 1.4141583391228347], "Sigma": [[0.06836643927867098, 0.048232693477618396, -0.025562590297134542], [0.048232693477618396, 0.048298190599902535, -0.02692410740712809], [-0.025562590297134542, -0.02692410740712809, 0.07118902835472743]], "chi2_level": 0.997, "chi2_df": 3, "chi2_threshold": 13.931422665512084, "N_raw": 102, "N_roi": 102, "N_inlier": 99, "refit": true}
{"timestamp": "17:02:55.511026", "frame": 70, "mu": [-1.396811594161544, 1.6640391188132448, 1.1202134347782], "Sigma": [[0.15769901154315555, 0.1151541352974839, -0.14859119794214737], [0.11515413529748389, 0.09299498402825436, -0.10655959768441496], [-0.14859119794214737, -0.10655959768441496, 0.6424952697661088]], "chi2_level": 0.997, "chi2_df": 3, "chi2_threshold": 13.931422665512084, "N_raw": 65, "N_roi": 62, "N_inlier": 62, "refit": true}
{"timestamp": "17:02:55.566890", "frame": 71, "mu": [-1.3984072088208837, 1.6461453640958048, 1.6026277219933638], "Sigma": [[0.24335117784313712, 0.1413472484171515, -0.10301457625502486], [0.14134724841715146, 0.09162368579382758, -0.059603358618369094], [-0.10301457625502486, -0.059603358618369094, 0.04491984986840098]], "chi2_level": 0.997, "chi2_df": 3, "chi2_threshold": 13.931422665512084, "N_raw": 80, "N_roi": 80, "N_inlier": 76, "refit": true}
{"timestamp": "17:02:55.622416", "frame": 72, "mu": [-0.9854088401100156, 1.9689270236625935, 1.3192366592922047], "Sigma": [[0.014938898059839383, -0.0015113251805003753, -0.0039862156563922006], [-0.001511325180500375, 0.0064842918741145955, -0.0025799477052887154], [-0.0039862156563922006, -0.0025799477052887146, 0.003930821978760906]], "chi2_level": 0.997, "chi2_df": 3, "chi2_threshold": 13.931422665512084, "N_raw": 84, "N_roi": 84, "N_inlier": 79, "refit": true}
{"timestamp": "17:02:55.678174", "frame": 73, "mu": [-1.1530564797179566, 1.9679284906164451, 1.2867157890419887], "Sigma": [[0.06066672256672104, 0.036237097963264034, -0.017720519222032008], [0.036237097963264034, 0.02775977389267164, -0.016221221312702656], [-0.017720519222032008, -0.016221221312702656, 0.021618684002909276]], "chi2_level": 0.997, "chi2_df": 3, "chi2_threshold": 13.931422665512084, "N_raw": 89, "N_roi": 89, "N_inlier": 82, "refit": true}
{"timestamp": "17:02:55.728234", "frame": 74, "mu": [-1.130302766307251, 2.009737797267512, 1.0346024379515206], "Sigma": [[0.00925288450015502, -0.0043998257551354, -0.02018733016157157], [-0.0043998257551354, 0.005279000967888035, 0.020011779389061547], [-0.02018733016157157, 0.020011779389061547, 0.3075592138267092]], "chi2_level": 0.997, "chi2_df": 3, "chi2_threshold": 13.931422665512084, "N_raw": 43, "N_roi": 43, "N_inlier": 41, "refit": true}
{"timestamp": "17:02:55.779429", "frame": 75, "mu": [-1.1476203437889867, 2.0620875567778287, 1.3764808920551899], "Sigma": [[0.007219272990173747, 6.342421780648129e-05, -0.006348395416312522], [6.342421780648131e-05, 0.002469879181153689, 0.0011980631982046704], [-0.006348395416312522, 0.0011980631982046702, 0.026449430615875714]], "chi2_level": 0.997, "chi2_df": 3, "chi2_threshold": 13.931422665512084, "N_raw": 29, "N_roi": 29, "N_inlier": 26, "refit": true}
{"timestamp": "17:02:55.837783", "frame": 76, "mu": [-1.17072049235202, 2.0604019001646896, 1.1680460709270488], "Sigma": [[0.09160624081337351, 0.04342711804140337, -0.044846672996760206], [0.04342711804140337, 0.03198131865329812, -0.001766833099198008], [-0.044846672996760206, -0.0017668330991980072, 0.2548114106315011]], "chi2_level": 0.997, "chi2_df": 3, "chi2_threshold": 13.931422665512084, "N_raw": 51, "N_roi": 51, "N_inlier": 51, "refit": true}
{"timestamp": "17:02:55.899671", "frame": 77, "mu": [-1.1503992843403446, 2.1475604881423536, 1.0678404517338957], "Sigma": [[0.021157080211273625, -0.0028508662016830805, -0.02459813057353553], [-0.0028508662016830813, 0.004039997211339119, 0.0016399436332229641], [-0.02459813057353553, 0.0016399436332229646, 0.21539430304441023]], "chi2_level": 0.997, "chi2_df": 3, "chi2_threshold": 13.931422665512084, "N_raw": 100, "N_roi": 100, "N_inlier": 99, "refit": true}
{"timestamp": "17:02:55.947481", "frame": 78, "mu": [-1.12417438746289, 2.148327206724308, 0.8266313620775965], "Sigma": [[0.016688888351808005, 0.001064667076589108, 0.004766954118113707], [0.001064667076589108, 0.001365830350700852, -0.0011672019474260015], [0.004766954118113707, -0.0011672019474260015, 0.2345061198457544]], "chi2_level": 0.997, "chi2_df": 3, "chi2_threshold": 13.931422665512084, "N_raw": 49, "N_roi": 49, "N_inlier": 48, "refit": true}
{"timestamp": "17:02:56.005530", "frame": 79, "mu": [-1.1978166158044412, 2.237200482874117, 1.1142343116966151], "Sigma": [[0.014504709504430923, -0.003574481412721527, -0.0016734065469322231], [-0.003574481412721527, 0.005382480845719058, -0.014021009201754843], [-0.0016734065469322236, -0.014021009201754843, 0.12637463522386724]], "chi2_level": 0.997, "chi2_df": 3, "chi2_threshold": 13.931422665512084, "N_raw": 69, "N_roi": 69, "N_inlier": 69, "refit": true}
{"timestamp": "17:02:56.054089", "frame": 80, "mu": [-1.2567774260958098, 2.3400553605445005, 0.671293222045519], "Sigma": [[0.02030548319721824, 0.00340923240487261, -0.016021604859945034], [0.00340923240487261, 0.006768811245661001, -0.027953761590376526], [-0.016021604859945037, -0.027953761590376526, 0.13429984418264695]], "chi2_level": 0.997, "chi2_df": 3, "chi2_threshold": 13.931422665512084, "N_raw": 22, "N_roi": 22, "N_inlier": 22, "refit": true}
{"timestamp": "17:02:56.115977", "frame": 81, "mu": [-1.2360906341357263, 2.3361407218989934, 1.2007625565669295], "Sigma": [[0.012469863223326475, -0.0007660118588554669, -0.0074433855321098625], [-0.0007660118588554668, 0.00618837552498703, -0.019416704672323995], [-0.0074433855321098625, -0.019416704672323995, 0.11552838669288645]], "chi2_level": 0.997, "chi2_df": 3, "chi2_threshold": 13.931422665512084, "N_raw": 78, "N_roi": 78, "N_inlier": 78, "refit": true}
{"timestamp": "17:02:56.170255", "frame": 82, "mu": [-1.3121355029112032, 2.30821864332296, 1.2336441829703433], "Sigma": [[0.01751858007490227, -0.0001222608188238114, -0.008097885511399144], [-0.00012226081882381128, 0.0029577512235963496, -0.004449237112069702], [-0.008097885511399144, -0.004449237112069702, 0.015610267531185301]], "chi2_level": 0.997, "chi2_df": 3, "chi2_threshold": 13.931422665512084, "N_raw": 68, "N_roi": 68, "N_inlier": 65, "refit": true}
{"timestamp": "17:02:56.273782", "frame": 84, "mu": [-1.3233527362508277, 2.375925390822144, 1.2491625764401095], "Sigma": [[0.010108909954745761, -0.0013478168123019366, -0.002005831813855768], [-0.0013478168123019366, 0.001791567230764478, -0.0023593144175873323], [-0.002005831813855768, -0.0023593144175873323, 0.0067264171585554805]], "chi2_level": 0.997, "chi2_df": 3, "chi2_threshold": 13.931422665512084, "N_raw": 23, "N_roi": 23, "N_inlier": 21, "refit": true}
{"timestamp": "17:02:56.331988", "frame": 85, "mu": [-1.2776362252017546, 2.4480522478085565, 1.3527501330323703], "Sigma": [[0.014553016104121278, 0.0002296934152304718, -0.006546932254974462], [0.0002296934152304718, 0.003984791558208501, -0.0010597861972737681], [-0.006546932254974462, -0.0010597861972737681, 0.006456431612240744]], "chi2_level": 0.997, "chi2_df": 3, "chi2_threshold": 13.931422665512084, "N_raw": 48, "N_roi": 48, "N_inlier": 46, "refit": true}
{"timestamp": "17:02:56.386675", "frame": 86, "mu": [-1.150034695120804, 2.481753549982168, 1.2501805731287285], "Sigma": [[0.023532213445826736, -0.005820331564909536, -0.01091606988575144], [-0.005820331564909536, 0.0038480065559856084, 0.0023968797690342254], [-0.01091606988575144, 0.0023968797690342254, 0.0065366969516491855]], "chi2_level": 0.997, "chi2_df": 3, "chi2_threshold": 13.931422665512084, "N_raw": 38, "N_roi": 38, "N_inlier": 35, "refit": true}
{"timestamp": "17:02:56.437024", "frame": 87, "mu": [-1.2884224139536116, 2.553893610080743, 1.2566661164156794], "Sigma": [[0.01141658230696224, -0.0033187543410241184, 0.011548104523913546], [-0.0033187543410241184, 0.002113271427804825, -0.0017777087787761154], [0.011548104523913546, -0.001777708778776115, 0.04695576339322362]], "chi2_level": 0.997, "chi2_df": 3, "chi2_threshold": 13.931422665512084, "N_raw": 12, "N_roi": 12, "N_inlier": 12, "refit": true}
{"timestamp": "17:02:56.495822", "frame": 88, "mu": [-1.5030264712999828, 2.570393174576056, 1.0839693078092854], "Sigma": [[0.02439117658820143, 0.0008013814966052564, -0.012363297962817228], [0.0008013814966052564, 0.006973240758731227, 0.009561210154940008], [-0.012363297962817228, 0.009561210154940008, 0.10785396352989904]], "chi2_level": 0.997, "chi2_df": 3, "chi2_threshold": 13.931422665512084, "N_raw": 43, "N_roi": 43, "N_inlier": 42, "refit": true}
{"timestamp": "17:02:56.551990", "frame": 89, "mu": [-1.313063005835486, 2.641925936012698, 0.7390482807248127], "Sigma": [[0.02629418066517611, 0.00041935848796840336, -0.04329688600725456], [0.000419358487968403, 0.0018460344661751476, -0.016936838280712387], [-0.04329688600725455, -0.016936838280712387, 0.40227013100452375]], "chi2_level": 0.997, "chi2_df": 3, "chi2_threshold": 13.931422665512084, "N_raw": 48, "N_roi": 48, "N_inlier": 48, "refit": true}
