{"timestamp": "16:25:51.520810", "frame": 6, "mu": [1.5444202704547434, 1.216187283334963, 0.7498568504088556], "Sigma": [[0.0024014543601635855, -0.0016197237014839792, -0.0007974805049784618], [-0.0016197237014839792, 0.003908379735398277, -1.8339226832053766e-05], [-0.0007974805049784618, -1.833922683205371e-05, 0.0008854946646433546]], "chi2_level": 0.997, "chi2_df": 3, "chi2_threshold": 13.931422665512084, "N_raw": 10, "N_roi": 10, "N_inlier": 10, "refit": true}
{"timestamp": "16:25:51.907520", "frame": 13, "mu": [1.5063397166612422, 1.1913239082730487, 0.8412746998131887], "Sigma": [[0.0026298814303583164, -0.0014454411551551654, -0.00187274842912331], [-0.0014454411551551656, 0.003545970005877022, -0.0014540374753654324], [-0.0018727484291233098, -0.0014540374753654328, 0.005431189967470248]], "chi2_level": 0.997, "chi2_df": 3, "chi2_threshold": 13.931422665512084, "N_raw": 22, "N_roi": 22, "N_inlier": 21, "refit": true}
{"timestamp": "16:25:52.294077", "frame": 20, "mu": [1.4894949488693805, 0.9151517849436708, 1.4632298365274279], "Sigma": [[0.0033217470425957476, -0.001010765198293052, -0.0033939096419927654], [-0.0010107651982930522, 0.0035293011476288413, -0.0014660552446587516], [-0.0033939096419927654, -0.001466055244658752, 0.005824260214050467]], "chi2_level": 0.997, "chi2_df": 3, "chi2_threshold": 13.931422665512084, "N_raw": 25, "N_roi": 25, "N_inlier": 24, "refit": true}
{"timestamp": "16:25:52.404784", "frame": 22, "mu": [1.3705752695879128, 0.947178954320711, 1.305581813107166], "Sigma": [[0.0009201005477234721, 0.0011753948293044473, -0.006629614736998414], [0.0011753948293044476, 0.004078273140507315, -0.01682965609625085], [-0.006629614736998413, -0.016829656096250853, 0.08615283644485723]], "chi2_level": 0.997, "chi2_df": 3, "chi2_threshold": 13.931422665512084, "N_raw": 10, "N_roi": 10, "N_inlier": 10, "refit": true}
{"timestamp": "16:25:52.460735", "frame": 23, "mu": [1.4165742531907852, 0.9676083156753262, 0.9247532956279179], "Sigma": [[0.0030013925710662198, -0.00024519151327992525, -0.007459345677483085], [-0.0002451915132799253, 0.003554287561555078, -0.006314684489867637], [-0.007459345677483086, -0.006314684489867637, 0.05354547444850498]], "chi2_level": 0.997, "chi2_df": 3, "chi2_threshold": 13.931422665512084, "N_raw": 21, "N_roi": 21, "N_inlier": 21, "refit": true}
{"timestamp": "16:25:52.569056", "frame": 25, "mu": [1.3820807670198498, 0.8445838916563463, 1.1045395688353001], "Sigma": [[0.003631764895453622, -0.0023046194515221677, -0.007716264267449719], [-0.0023046194515221677, 0.008302459395875206, -0.015483361582327718], [-0.007716264267449719, -0.015483361582327718, 0.09301703128476861]], "chi2_level": 0.997, "chi2_df": 3, "chi2_threshold": 13.931422665512084, "N_raw": 10, "N_roi": 10, "N_inlier": 10, "refit": true}
{"timestamp": "16:25:52.680116", "frame": 27, "mu": [1.259205015641287, 0.8972275223352794, 1.4089424720094272], "Sigma": [[0.004550131573961715, -0.002601054568221844, -0.00765912974295455], [-0.002601054568221844, 0.0042771453651178305, -0.0028357175685491884], [-0.007659129742954549, -0.0028357175685491884, 0.052731295090590005]], "chi2_level": 0.997, "chi2_df": 3, "chi2_threshold": 13.931422665512084, "N_raw": 19, "N_roi": 19, "N_inlier": 19, "refit": true}
{"timestamp": "16:25:52.790781", "frame": 29, "mu": [1.0890588969599506, 1.1271147487575193, -0.2597415601382258], "Sigma": [[0.005443111675618845, -0.000774917751025761, -0.01575462272559234], [-0.0007749177510257611, 0.0025018049776675978, 0.0033999120071236686], [-0.01575462272559234, 0.0033999120071236686, 0.06289849305052823]], "chi2_level": 0.997, "chi2_df": 3, "chi2_threshold": 13.931422665512084, "N_raw": 19, "N_roi": 19, "N_inlier": 19, "refit": true}
{"timestamp": "16:25:52.849351", "frame": 30, "mu": [1.043743255738865, 1.0243556206939777, 1.474201447768366], "Sigma": [[0.00575741190210966, -0.002646020216434659, -0.006046724026938913], [-0.002646020216434659, 0.005315871564772823, 0.0029632938704700572], [-0.006046724026938913, 0.0029632938704700572, 0.0121087490675109]], "chi2_level": 0.997, "chi2_df": 3, "chi2_threshold": 13.931422665512084, "N_raw": 46, "N_roi": 46, "N_inlier": 44, "refit": true}
{"timestamp": "16:25:52.904206", "frame": 31, "mu": [0.9874736359160063, 1.1497701759179433, -0.2806321952317012], "Sigma": [[0.0052246545435922455, -5.020683154121234e-05, -0.0035610668638246133], [-5.020683154121231e-05, 0.0038221269255761066, -0.001567703306364116], [-0.0035610668638246133, -0.001567703306364116, 0.0037008396335977585]], "chi2_level": 0.997, "chi2_df": 3, "chi2_threshold": 13.931422665512084, "N_raw": 49, "N_roi": 49, "N_inlier": 47, "refit": true}
{"timestamp": "16:25:52.956101", "frame": 32, "mu": [0.9965035712094573, 0.9673412310491468, 1.3992048256745975], "Sigma": [[0.02389502023238909, -0.019401036485356963, -0.02763945135237634], [-0.019401036485356963, 0.017149414122892982, 0.02069860289905649], [-0.027639451352376335, 0.02069860289905649, 0.04485433464666654]], "chi2_level": 0.997, "chi2_df": 3, "chi2_threshold": 13.931422665512084, "N_raw": 29, "N_roi": 29, "N_inlier": 27, "refit": true}
{"timestamp": "16:25:53.013880", "frame": 33, "mu": [0.9327919779101991, 0.9973567518859864, 1.4691495667370424], "Sigma": [[0.005491156389801045, -0.0030120806602678225, -0.006531828614285475], [-0.0030120806602678225, 0.00359164851181276, 0.004005055572164894], [-0.006531828614285475, 0.004005055572164894, 0.013396741942985704]], "chi2_level": 0.997, "chi2_df": 3, "chi2_threshold": 13.931422665512084, "N_raw": 40, "N_roi": 40, "N_inlier": 39, "refit": true}
{"timestamp": "16:25:53.071974", "frame": 34, "mu": [0.9300547681441926, 1.1546925135017903, -0.41212403909390366], "Sigma": [[0.009762941986327192, -0.0008034876240120825, -0.023373867760644068], [-0.0008034876240120825, 0.003687854273337422, -0.0021105111766684687], [-0.023373867760644068, -0.0021105111766684687, 0.07278218540743604]], "chi2_level": 0.997, "chi2_df": 3, "chi2_threshold": 13.931422665512084, "N_raw": 64, "N_roi": 64, "N_inlier": 64, "refit": true}
{"timestamp": "16:25:53.120482", "frame": 35, "mu": [0.8184400810555368, 1.1622063344751428, -0.3969728452982261], "Sigma": [[0.0077595091247835285, 0.0022136135691280985, -0.026488739385240802], [0.0022136135691280985, 0.0027543435304093616, -0.008148796022808654], [-0.026488739385240802, -0.008148796022808654, 0.10790518917179462]], "chi2_level": 0.997, "chi2_df": 3, "chi2_threshold": 13.931422665512084, "N_raw": 12, "N_roi": 12, "N_inlier": 12, "refit": true}
{"timestamp": "16:25:53.178318", "frame": 36, "mu": [0.846805565948605, 0.9717420390921893, 1.289396732028194], "Sigma": [[0.006876842392782947, -0.003917498213883403, -0.02048569108573907], [-0.003917498213883403, 0.003606978729173943, 0.012723877072298355], [-0.02048569108573907, 0.012723877072298355, 0.07710481040049585]], "chi2_level": 0.997, "chi2_df": 3, "chi2_threshold": 13.931422665512084, "N_raw": 39, "N_roi": 39, "N_inlier": 39, "refit": true}
{"timestamp": "16:25:53.231337", "frame": 37, "mu": [0.9348411557322117, 0.9178864182480315, 1.2456767272619804], "Sigma": [[0.00955905738858769, -0.006125582047401475, 0.002322084360784231], [-0.006125582047401476, 0.009329746697484242, -0.012271729285301725], [0.0023220843607842314, -0.012271729285301725, 0.03238136732288244]], "chi2_level": 0.997, "chi2_df": 3, "chi2_threshold": 13.931422665512084, "N_raw": 22, "N_roi": 22, "N_inlier": 21, "refit": true}
{"timestamp": "16:25:53.284441", "frame": 38, "mu": [0.7746275513222087, 0.8992107276794221, 1.104723674101866], "Sigma": [[0.015341292985589164, 0.0028535520104146944, 0.020866397216426538], [0.0028535520104146944, 0.00533819585340909, 0.030802587557411266], [0.020866397216426545, 0.03080258755741127, 0.22473668249782672]], "chi2_level": 0.997, "chi2_df": 3, "chi2_threshold": 13.931422665512084, "N_raw": 11, "N_roi": 11, "N_inlier": 11, "refit": true}
{"timestamp": "16:25:53.343959", "frame": 39, "mu": [0.6720473933941038, 1.04814534457284, -0.2512923178861988], "Sigma": [[0.0037130784473025412, 0.00028732295660198156, -0.0026701017321349193], [0.00028732295660198156, 0.0028419745518003213, -0.0013164825978412157], [-0.0026701017321349193, -0.0013164825978412157, 0.005499824303655262]], "chi2_level": 0.997, "chi2_df": 3, "chi2_threshold": 13.931422665512084, "N_raw": 46, "N_roi": 46, "N_inlier": 42, "refit": true}
{"timestamp": "16:25:53.399638", "frame": 40, "mu": [0.6193416043203983, 0.9707799604057087, 1.4792484156081815], "Sigma": [[0.003387264714264573, -0.0012275246018668895, -0.000706217456123034], [-0.0012275246018668895, 0.002773341559326515, -0.0014565834311590202], [-0.000706217456123034, -0.0014565834311590202, 0.002175596515111875]], "chi2_level": 0.997, "chi2_df": 3, "chi2_threshold": 13.931422665512084, "N_raw": 50, "N_roi": 50, "N_inlier": 47, "refit": true}
{"timestamp": "16:25:53.460192", "frame": 41, "mu": [0.6284017677735636, 0.9174627555120927, 1.3950331081839928], "Sigma": [[0.006406596609664548, -0.0012966516222121909, -0.005947200069002118], [-0.0012966516222121909, 0.0037841881544451615, -0.0022995081396445603], [-0.005947200069002119, -0.0022995081396445603, 0.012628790202194437]], "chi2_level": 0.997, "chi2_df": 3, "chi2_threshold": 13.931422665512084, "N_raw": 85, "N_roi": 85, "N_inlier": 77, "refit": true}
{"timestamp": "16:25:53.517355", "frame": 42, "mu": [0.5838608862403285, 1.0105906878080015, -0.36711988833448317], "Sigma": [[0.007847489451307098, -0.002659428070815399, -0.014268699982496656], [-0.002659428070815399, 0.008646383953749429, 0.007427388922935379], [-0.014268699982496656, 0.007427388922935379, 0.03334319889023221]], "chi2_level": 0.997, "chi2_df": 3, "chi2_threshold": 13.931422665512084, "N_raw": 93, "N_roi": 93, "N_inlier": 89, "refit": true}
{"timestamp": "16:25:53.569275", "frame": 43, "mu": [0.5016875811736456, 1.0218502645869152, -0.2851252995467129], "Sigma": [[0.0037837792922545475, -8.522016602083846e-05, -0.0015376203145509477], [-8.522016602083849e-05, 0.004678079829461899, -0.0010601941617631439], [-0.0015376203145509477, -0.001060194161763144, 0.005510135942678085]], "chi2_level": 0.997, "chi2_df": 3, "chi2_threshold": 13.931422665512084, "N_raw": 72, "N_roi": 72, "N_inlier": 66, "refit": true}
{"timestamp": "16:25:53.624563", "frame": 44, "mu": [0.5007820662110256, 0.9095919053637813, 1.4142849431717737], "Sigma": [[0.003483699312230208, -5.0825144994580147e-05, -0.0029555572423927115], [-5.0825144994580147e-05, 0.0022722734496107033, -0.0029140988923106034], [-0.0029555572423927115, -0.0029140988923106034, 0.011806522209467728]], "chi2_level": 0.997, "chi2_df": 3, "chi2_threshold": 13.931422665512084, "N_raw": 74, "N_roi": 74, "N_inlier": 72, "refit": true}
{"timestamp": "16:25:53.678506", "frame": 45, "mu": [0.4211452808152907, 0.9136641785577084, 1.4349393110885127], "Sigma": [[0.0032335815185601732, 0.0009556560155430114, -0.004104347879792412], [0.0009556560155430114, 0.0028744774096183044, 2.5752293414811633e-05], [-0.004104347879792412, 2.575229341481185e-05, 0.03342555276958065]], "chi2_level": 0.997, "chi2_df": 3, "chi2_threshold": 13.931422665512084, "N_raw": 65, "N_roi": 65, "N_inlier": 64, "refit": true}
{"timestamp": "16:25:53.733715", "frame": 46, "mu": [0.4094138541573202, 0.8566369715598598, 1.3787976626728389], "Sigma": [[0.0035300018043961223, -0.0012146255588129213, -0.004870464615185107], [-0.0012146255588129213, 0.003992014024756107, 0.0001863378333647067], [-0.004870464615185107, 0.00018633783336470677, 0.014940106233020218]], "chi2_level": 0.997, "chi2_df": 3, "chi2_threshold": 13.931422665512084, "N_raw": 73, "N_roi": 73, "N_inlier": 69, "refit": true}
{"timestamp": "16:25:53.781782", "frame": 47, "mu": [0.37809827193163703, 0.8925519674276297, 1.501381379215495], "Sigma": [[0.0015729495750003237, 0.0008587198509040306, -0.00013863294013972025], [0.0008587198509040307, 0.0014537048072849354, -0.001697053646243908], [-0.00013863294013972027, -0.001697053646243908, 0.0031969595167649547]], "chi2_level": 0.997, "chi2_df": 3, "chi2_threshold": 13.931422665512084, "N_raw": 28, "N_roi": 28, "N_inlier": 27, "refit": true}
{"timestamp": "16:25:53.843761", "frame": 48, "mu": [0.30563433688441133, 0.9223453705050614, 1.4043580379814453], "Sigma": [[0.003094939139678321, -8.666492829651608e-05, -0.003046772441856622], [-8.666492829651607e-05, 0.0023561825750313715, -0.002265773676987004], [-0.003046772441856622, -0.0022657736769870042, 0.011864673104640537]], "chi2_level": 0.997, "chi2_df": 3, "chi2_threshold": 13.931422665512084, "N_raw": 77, "N_roi": 77, "N_inlier": 73, "refit": true}
{"timestamp": "16:25:53.899622", "frame": 49, "mu": [0.2490236540555457, 0.9286353993613011, 1.3944750365677088], "Sigma": [[0.002773346373599819, -0.0002827945086564148, -0.0015316122432333578], [-0.0002827945086564148, 0.0019639474258036083, -0.002964038712346558], [-0.0015316122432333578, -0.002964038712346558, 0.013424806435971203]], "chi2_level": 0.997, "chi2_df": 3, "chi2_threshold": 13.931422665512084, "N_raw": 78, "N_roi": 78, "N_inlier": 76, "refit": true}
{"timestamp": "16:25:53.947949", "frame": 50, "mu": [0.17235517613963047, 0.9327321581764952, 1.5453401766956971], "Sigma": [[0.0035745643534141796, -0.0005699101426696101, -0.00396571204297088], [-0.00056991014266961, 0.0013196655355390905, -0.00030442332627010556], [-0.00396571204297088, -0.0003044233262701056, 0.006239610441676159]], "chi2_level": 0.997, "chi2_df": 3, "chi2_threshold": 13.931422665512084, "N_raw": 32, "N_roi": 32, "N_inlier": 30, "refit": true}
{"timestamp": "16:25:54.004572", "frame": 51, "mu": [0.10283241015680494, 0.9817940261478004, 1.5462621393375513], "Sigma": [[0.0020221398095422974, -0.0008813489082437748, -0.000765140475894166], [-0.0008813489082437748, 0.003258508798196372, -0.0012187845225194254], [-0.0007651404758941659, -0.0012187845225194254, 0.0013412174758171433]], "chi2_level": 0.997, "chi2_df": 3, "chi2_threshold": 13.931422665512084, "N_raw": 53, "N_roi": 52, "N_inlier": 49, "refit": true}
{"timestamp": "16:25:54.057282", "frame": 52, "mu": [-0.014195781597298488, 1.006929019563, 1.2662581269225484], "Sigma": [[0.003297801446310804, -0.0011292956243949329, -0.00026734025522736824], [-0.0011292956243949329, 0.0010641840107875448, -0.0017116369346338804], [-0.00026734025522736813, -0.0017116369346338806, 0.010810585668246607]], "chi2_level": 0.997, "chi2_df": 3, "chi2_threshold": 13.931422665512084, "N_raw": 32, "N_roi": 32, "N_inlier": 30, "refit": true}
{"timestamp": "16:25:54.119925", "frame": 53, "mu": [0.04606397944057445, 0.9471161523756371, 1.4034677525892456], "Sigma": [[0.0065070433025966705, -0.0009120610590406701, 0.0006066583550760889], [-0.00091206105904067, 0.004820930000591137, 0.006891244262132879], [0.0006066583550760896, 0.006891244262132879, 0.03439354363602125]], "chi2_level": 0.997, "chi2_df": 3, "chi2_threshold": 13.931422665512084, "N_raw": 81, "N_roi": 81, "N_inlier": 79, "refit": true}
{"timestamp": "16:25:54.176585", "frame": 54, "mu": [0.011283838103373368, 0.9654284443033109, 1.3927403285518616], "Sigma": [[0.0042075551152835405, -0.0005956342994460786, -0.005521751809316398], [-0.0005956342994460784, 0.003851094873036088, -0.0017250356668033274], [-0.005521751809316398, -0.0017250356668033274, 0.010895041243159499]], "chi2_level": 0.997, "chi2_df": 3, "chi2_threshold": 13.931422665512084, "N_raw": 88, "N_roi": 86, "N_inlier": 82, "refit": true}
{"timestamp": "16:25:54.229283", "frame": 55, "mu": [-0.0668750226065807, 1.0252555027053987, 1.4731452762989548], "Sigma": [[0.004540548508206971, -0.00022179286132920588, -0.0021443762451968055], [-0.00022179286132920594, 0.002321424079145956, -0.0025267028489968867], [-0.0021443762451968055, -0.0025267028489968867, 0.005852488918785782]], "chi2_level": 0.997, "chi2_df": 3, "chi2_threshold": 13.931422665512084, "N_raw": 80, "N_roi": 80, "N_inlier": 76, "refit": true}
{"timestamp": "16:25:54.279811", "frame": 56, "mu": [-0.09660018117552734, 0.9875953159144126, 1.458112391556925], "Sigma": [[0.0030034282671927244, -0.0005789821359962167, -0.0035333070101888735], [-0.0005789821359962167, 0.001791567678278134, -0.00043021091578312575], [-0.0035333070101888735, -0.0004302109157831257, 0.005564766141023828]], "chi2_level": 0.997, "chi2_df": 3, "chi2_threshold": 13.931422665512084, "N_raw": 48, "N_roi": 48, "N_inlier": 47, "refit": true}
{"timestamp": "16:25:54.338340", "frame": 57, "mu": [-0.1712910484217542, 1.029443395929133, -0.3745415286046038], "Sigma": [[0.0036518428967867284, 0.0013194744656725493, 0.0038763386763211553], [0.0013194744656725493, 0.005784578667161062, 0.002797905232198399], [0.0038763386763211558, 0.002797905232198399, 0.010320674427202319]], "chi2_level": 0.997, "chi2_df": 3, "chi2_threshold": 13.931422665512084, "N_raw": 74, "N_roi": 74, "N_inlier": 73, "refit": true}
{"timestamp": "16:25:54.392584", "frame": 58, "mu": [-0.21854578441403913, 0.9912150260676793, 1.4863374898464647], "Sigma": [[0.0021643948211614015, 0.00033023505656272197, -0.0024124097216837665], [0.000330235056562722, 0.003639131887971594, -0.004458091761737395], [-0.0024124097216837665, -0.004458091761737395, 0.00909929089155982]], "chi2_level": 0.997, "chi2_df": 3, "chi2_threshold": 13.931422665512084, "N_raw": 69, "N_roi": 69, "N_inlier": 69, "refit": true}
{"timestamp": "16:25:54.447117", "frame": 59, "mu": [-0.29451899434868356, 1.0024236369498851, 1.425218133191994], "Sigma": [[0.002768265206871185, 0.0001747092825618431, -0.0030422717143878584], [0.0001747092825618431, 0.0022561684364481864, -0.004487585315634036], [-0.003042271714387859, -0.004487585315634036, 0.013189171070961105]], "chi2_level": 0.997, "chi2_df": 3, "chi2_threshold": 13.931422665512084, "N_raw": 72, "N_roi": 72, "N_inlier": 72, "refit": true}
{"timestamp": "16:25:54.495589", "frame": 60, "mu": [-0.2841303111431804, 0.9825770512443632, 1.2746257967916488], "Sigma": [[0.0012480756629536375, 0.00044012402766203517, 0.002635435712369953], [0.00044012402766203517, 0.001567456324030403, -0.00037349375833855376], [0.002635435712369953, -0.0003734937583385537, 0.01618374313802776]], "chi2_level": 0.997, "chi2_df": 3, "chi2_threshold": 13.931422665512084, "N_raw": 22, "N_roi": 22, "N_inlier": 22, "refit": true}
{"timestamp": "16:25:54.557198", "frame": 61, "mu": [-0.3587309053451831, 1.0079871718292364, 1.4801541889083627], "Sigma": [[0.002743062983734851, -0.0007468680698051128, -0.001728348805694469], [-0.0007468680698051128, 0.003967550544345475, -0.003613611638052413], [-0.0017283488056944693, -0.003613611638052413, 0.006270330236939181]], "chi2_level": 0.997, "chi2_df": 3, "chi2_threshold": 13.931422665512084, "N_raw": 71, "N_roi": 71, "N_inlier": 69, "refit": true}
{"timestamp": "16:25:54.613520", "frame": 62, "mu": [-0.40871672227114836, 0.9939658692273826, 1.4680477777540677], "Sigma": [[0.0037420570472778553, 5.845303558917603e-05, -0.004161267202058771], [5.845303558917603e-05, 0.0028234820670991626, -0.004118475193812136], [-0.004161267202058771, -0.004118475193812136, 0.011249980162358305]], "chi2_level": 0.997, "chi2_df": 3, "chi2_threshold": 13.931422665512084, "N_raw": 77, "N_roi": 77, "N_inlier": 76, "refit": true}
{"timestamp": "16:25:54.669424", "frame": 63, "mu": [-0.44511830494241933, 0.937002473447374, 1.4036892300833708], "Sigma": [[0.003734586952578737, -0.0016430320641027149, -0.00038004804419945943], [-0.0016430320641027149, 0.0061354947277012925, -0.0031497108473468555], [-0.00038004804419945943, -0.003149710847346856, 0.002397597295906941]], "chi2_level": 0.997, "chi2_df": 3, "chi2_threshold": 13.931422665512084, "N_raw": 84, "N_roi": 84, "N_inlier": 81, "refit": true}
{"timestamp": "16:25:54.720950", "frame": 64, "mu": [-0.521165393302052, 0.9620001115764255, 1.4371892344294572], "Sigma": [[0.003562804635834075, -0.001974626790009993, -0.0006755094239162653], [-0.001974626790009993, 0.002699379612964124, -0.0018246465786916567], [-0.0006755094239162653, -0.0018246465786916567, 0.00463457908695054]], "chi2_level": 0.997, "chi2_df": 3, "chi2_threshold": 13.931422665512084, "N_raw": 56, "N_roi": 56, "N_inlier": 51, "refit": true}
{"timestamp": "16:25:54.773376", "frame": 65, "mu": [-0.5455727425145906, 0.9745240802512964, 1.421918870055603], "Sigma": [[0.013367238221735673, 0.006740232623332501, -0.010033807399558971], [0.006740232623332501, 0.006884602207713673, -0.006978885489902234], [-0.010033807399558971, -0.006978885489902232, 0.010235847060080865]], "chi2_level": 0.997, "chi2_df": 3, "chi2_threshold": 13.931422665512084, "N_raw": 44, "N_roi": 44, "N_inlier": 40, "refit": true}
{"timestamp": "16:25:54.828067", "frame": 66, "mu": [-0.7463590981486746, 0.8257398625016478, 1.580632970175886], "Sigma": [[0.02232432296773927, 0.014060299972053856, -0.020490568264731095], [0.014060299972053856, 0.013116471550411193, -0.015681238671354028], [-0.020490568264731095, -0.015681238671354028, 0.021167382340072212]], "chi2_level": 0.997, "chi2_df": 3, "chi2_threshold": 13.931422665512084, "N_raw": 38, "N_roi": 38, "N_inlier": 36, "refit": true}
{"timestamp": "16:25:54.892845", "frame": 67, "mu": [-0.9063042774456973, 0.7419142665281396, 1.7387007196286375], "Sigma": [[0.013125942284040093, 0.0063520944906529046, -0.008188008804491722], [0.0063520944906529046, 0.008730924235367714, -0.008662791121873611], [-0.008188008804491722, -0.00866279112187361, 0.009890487956627182]], "chi2_level": 0.997, "chi2_df": 3, "chi2_threshold": 13.931422665512084, "N_raw": 100, "N_roi": 100, "N_inlier": 97, "refit": true}
{"timestamp": "16:25:54.945864", "frame": 68, "mu": [-0.9609905162100378, 0.6999380538713804, 1.7621522317680205], "Sigma": [[0.009618337679134854, 0.004013904449566888, -0.005802562103516069], [0.004013904449566888, 0.00840353262515039, -0.005910549100248287], [-0.00580256210351607, -0.005910549100248287, 0.005699592828792586]], "chi2_level": 0.997, "chi2_df": 3, "chi2_threshold": 13.931422665512084, "N_raw": 84, "N_roi": 84, "N_inlier": 82, "refit": true}
{"timestamp": "16:25:54.996848", "frame": 69, "mu": [-0.9959095064199427, 0.6893616513747567, 1.7923217775763265], "Sigma": [[0.007642842259270709, 0.002903073510615412, -0.00518433200588889], [0.002903073510615412, 0.007666215223677354, -0.003939658907261626], [-0.00518433200588889, -0.003939658907261626, 0.00460049762604819]], "chi2_level": 0.997, "chi2_df": 3, "chi2_threshold": 13.931422665512084, "N_raw": 58, "N_roi": 58, "N_inlier": 56, "refit": true}
{"timestamp": "16:25:55.051965", "frame": 70, "mu": [-1.0200241342483207, 0.7001647264696955, 1.74110405447357], "Sigma": [[0.011074336739823441, 0.0016319230964420151, -0.005622602310934113], [0.0016319230964420154, 0.006922729043767187, -0.005089567322417554], [-0.005622602310934113, -0.005089567322417554, 0.006704956699589821]], "chi2_level": 0.997, "chi2_df": 3, "chi2_threshold": 13.931422665512084, "N_raw": 62, "N_roi": 62, "N_inlier": 59, "refit": true}
{"timestamp": "16:25:55.106623", "frame": 71, "mu": [-1.0429554244866164, 0.7308614387173327, 1.7019394782449844], "Sigma": [[0.011415032182169726, 0.001273261462526243, -0.005068620778820128], [0.001273261462526243, 0.004140685968990663, -0.00460184887016069], [-0.005068620778820129, -0.00460184887016069, 0.010116749678392949]], "chi2_level": 0.997, "chi2_df": 3, "chi2_threshold": 13.931422665512084, "N_raw": 59, "N_roi": 59, "N_inlier": 57, "refit": true}
{"timestamp": "16:25:55.169004", "frame": 72, "mu": [-0.996932472434681, 0.7283651237300387, 1.5920953522244177], "Sigma": [[0.020303538275091248, 0.004311622257943415, -0.010405236124215466], [0.004311622257943414, 0.00671555373726146, -0.004192159458089619], [-0.010405236124215466, -0.004192159458089619, 0.008561747146890425]], "chi2_level": 0.997, "chi2_df": 3, "chi2_threshold": 13.931422665512084, "N_raw": 112, "N_roi": 112, "N_inlier": 109, "refit": true}
{"timestamp": "16:25:55.223448", "frame": 73, "mu": [-1.0036619560052664, 0.69350288131919, 1.4960752995605415], "Sigma": [[0.01767883366744041, -0.0018557034355841965, -0.01556583479796892], [-0.0018557034355841965, 0.0052720254936593405, 0.00180790561262123], [-0.01556583479796892, 0.00180790561262123, 0.026192614199244374]], "chi2_level": 0.997, "chi2_df": 3, "chi2_threshold": 13.931422665512084, "N_raw": 102, "N_roi": 102, "N_inlier": 100, "refit": true}
{"timestamp": "16:25:55.275540", "frame": 74, "mu": [-1.0765473978188442, 0.697598535893608, 1.5684169286969323], "Sigma": [[0.011079003476514245, -0.0015248771547605143, -0.006349201698670022], [-0.0015248771547605143, 0.008300664180885911, -0.0019681727415714442], [-0.006349201698670021, -0.0019681727415714442, 0.00658756986320306]], "chi2_level": 0.997, "chi2_df": 3, "chi2_threshold": 13.931422665512084, "N_raw": 81, "N_roi": 81, "N_inlier": 79, "refit": true}
{"timestamp": "16:25:55.332611", "frame": 75, "mu": [-1.063388736629327, 0.7039196764097319, 1.4824072531877297], "Sigma": [[0.012502616909147822, 0.00011373365887629709, -0.008117890270477277], [0.00011373365887629692, 0.009860417768847073, -0.0025088686663284985], [-0.008117890270477277, -0.002508868666328498, 0.00750712244009808]], "chi2_level": 0.997, "chi2_df": 3, "chi2_threshold": 13.931422665512084, "N_raw": 96, "N_roi": 96, "N_inlier": 94, "refit": true}
{"timestamp": "16:25:55.382399", "frame": 76, "mu": [-1.156043686099448, 0.6550168498184227, 1.5307583343752007], "Sigma": [[0.008260141808571398, -0.0011488609356594276, -0.00835672765090811], [-0.0011488609356594278, 0.009844443671485186, 0.0017509066783796717], [-0.00835672765090811, 0.0017509066783796717, 0.012538208988399663]], "chi2_level": 0.997, "chi2_df": 3, "chi2_threshold": 13.931422665512084, "N_raw": 58, "N_roi": 58, "N_inlier": 53, "refit": true}
{"timestamp": "16:25:55.441019", "frame": 77, "mu": [-1.1833799313771465, 0.6760345714439917, 1.482335154461293], "Sigma": [[0.01113397239620634, 0.0004205534963525492, -0.00816326638311449], [0.00042055349635254896, 0.01867334232832174, -0.0005922468899849835], [-0.00816326638311449, -0.0005922468899849838, 0.006743309674173632]], "chi2_level": 0.997, "chi2_df": 3, "chi2_threshold": 13.931422665512084, "N_raw": 89, "N_roi": 89, "N_inlier": 88, "refit": true}
{"timestamp": "16:25:55.493578", "frame": 78, "mu": [-1.1786391204457405, 0.7186783221726811, 1.4534016932202585], "Sigma": [[0.007240326572242086, 0.002374980117335602, -0.004891011015123197], [0.002374980117335602, 0.016320594303664563, -0.003152807342269401], [-0.004891011015123197, -0.003152807342269401, 0.004531977268046188]], "chi2_level": 0.997, "chi2_df": 3, "chi2_threshold": 13.931422665512084, "N_raw": 68, "N_roi": 68, "N_inlier": 66, "refit": true}
{"timestamp": "16:25:55.549447", "frame": 79, "mu": [-1.247819211330343, 0.7608223043235208, 1.5117082281476566], "Sigma": [[0.008384373047022145, -0.0005699001019910547, -0.004539411942029208], [-0.0005699001019910546, 0.014913251187114975, 1.3336503331672398e-05], [-0.004539411942029208, 1.3336503331672344e-05, 0.003981445025426923]], "chi2_level": 0.997, "chi2_df": 3, "chi2_threshold": 13.931422665512084, "N_raw": 77, "N_roi": 77, "N_inlier": 74, "refit": true}
{"timestamp": "16:25:55.608174", "frame": 80, "mu": [-1.2723509835711715, 0.7050325479077171, 1.4216861935489085], "Sigma": [[0.012055244051825108, 0.002004629489093773, -0.005729858922322799], [0.002004629489093773, 0.017613269125920396, -0.004976638196018325], [-0.005729858922322799, -0.004976638196018325, 0.004484594160635504]], "chi2_level": 0.997, "chi2_df": 3, "chi2_threshold": 13.931422665512084, "N_raw": 101, "N_roi": 101, "N_inlier": 98, "refit": true}
{"timestamp": "16:25:55.663804", "frame": 81, "mu": [-1.3116342808820811, 0.7373343576486389, 1.348209028329721], "Sigma": [[0.012367239843800318, 0.003488581717525593, -0.0152713526699119], [0.003488581717525592, 0.020585463084466148, -0.005989604240118412], [-0.015271352669911902, -0.005989604240118411, 0.12266231307900897]], "chi2_level": 0.997, "chi2_df": 3, "chi2_threshold": 13.931422665512084, "N_raw": 113, "N_roi": 113, "N_inlier": 113, "refit": true}
{"timestamp": "16:25:55.717932", "frame": 82, "mu": [-1.302745385884534, 0.8172974284168959, 1.4488597574062212], "Sigma": [[0.011772268526891923, 0.005651170475464094, -0.006998495266853892], [0.005651170475464094, 0.021764804443918324, -0.004766159030802837], [-0.006998495266853892, -0.004766159030802837, 0.0058150620374242444]], "chi2_level": 0.997, "chi2_df": 3, "chi2_threshold": 13.931422665512084, "N_raw": 95, "N_roi": 95, "N_inlier": 93, "refit": true}
{"timestamp": "16:25:55.770211", "frame": 83, "mu": [-1.3517816573652939, 0.8371036780497096, -0.12590791011558786], "Sigma": [[0.013149488937402361, 0.0035473555370013985, 0.02667138482357519], [0.003547355537001399, 0.015859283938490707, 0.013329274648435299], [0.02667138482357519, 0.013329274648435299, 0.3216276568027157]], "chi2_level": 0.997, "chi2_df": 3, "chi2_threshold": 13.931422665512084, "N_raw": 82, "N_roi": 82, "N_inlier": 82, "refit": true}
{"timestamp": "16:25:55.824946", "frame": 84, "mu": [-1.3363544065263058, 0.8213164675277035, 1.4459914896335753], "Sigma": [[0.015233629112470034, 0.0026966821929923805, -0.007755582195722938], [0.0026966821929923805, 0.010607920718552094, -0.003986547960890808], [-0.007755582195722938, -0.003986547960890808, 0.006535174178707726]], "chi2_level": 0.997, "chi2_df": 3, "chi2_threshold": 13.931422665512084, "N_raw": 85, "N_roi": 85, "N_inlier": 82, "refit": true}
{"timestamp": "16:25:55.882404", "frame": 85, "mu": [-1.3005904141767242, 0.8385312967967513, 1.396650023291277], "Sigma": [[0.014599991109626941, 0.0030003559604095823, -0.008603868235108676], [0.0030003559604095823, 0.012644028933667182, -0.005292642253604595], [-0.008603868235108676, -0.005292642253604595, 0.0066220374773053635]], "chi2_level": 0.997, "chi2_df": 3, "chi2_threshold": 13.931422665512084, "N_raw": 96, "N_roi": 96, "N_inlier": 96, "refit": true}
{"timestamp": "16:25:55.937153", "frame": 86, "mu": [-1.3019468197638935, 0.8919054679993005, 1.396866160014744], "Sigma": [[0.014945398097341052, 0.0034965729373345345, -0.009128426151479553], [0.0034965729373345345, 0.012095933114347751, -0.0048686498281051635], [-0.009128426151479553, -0.0048686498281051635, 0.006939889680045085]], "chi2_level": 0.997, "chi2_df": 3, "chi2_threshold": 13.931422665512084, "N_raw": 96, "N_roi": 96, "N_inlier": 95, "refit": true}
{"timestamp": "16:25:55.991047", "frame": 87, "mu": [-1.3290680747832195, 0.8200386145720879, 1.3151767428469692], "Sigma": [[0.0121734729747001, 0.004703668731544232, -0.005320666223744632], [0.004703668731544232, 0.018552003519945525, -0.004189324627171654], [-0.005320666223744631, -0.004189324627171654, 0.004160470266690459]], "chi2_level": 0.997, "chi2_df": 3, "chi2_threshold": 13.931422665512084, "N_raw": 91, "N_roi": 91, "N_inlier": 91, "refit": true}
{"timestamp": "16:25:56.041965", "frame": 88, "mu": [-1.414611436917501, 0.9523741385996026, 1.5143004282888732], "Sigma": [[0.007973209494366166, 0.0013175553140301933, -0.004817668950684065], [0.0013175553140301935, 0.012421011134696862, -0.004476084627016319], [-0.004817668950684065, -0.004476084627016319, 0.006299264896272102]], "chi2_level": 0.997, "chi2_df": 3, "chi2_threshold": 13.931422665512084, "N_raw": 67, "N_roi": 67, "N_inlier": 67, "refit": true}
{"timestamp": "16:25:56.103493", "frame": 89, "mu": [-1.3841895403812843, 0.9219699310214349, 1.4709205949109239], "Sigma": [[0.0144392467481961, -0.0005716155190236469, -0.011579984141475905], [-0.0005716155190236467, 0.012076603626106748, 0.00044516771924080765], [-0.011579984141475905, 0.00044516771924080765, 0.010546981647600148]], "chi2_level": 0.997, "chi2_df": 3, "chi2_threshold": 13.931422665512084, "N_raw": 79, "N_roi": 79, "N_inlier": 77, "refit": true}
{"timestamp": "16:25:56.154780", "frame": 90, "mu": [-1.390833073218899, 0.9029344179536836, 1.3883611295871323], "Sigma": [[0.013157743588995895, 0.0032506841604342356, -0.008129519190981201], [0.0032506841604342356, 0.00869606124025706, -0.005779495880417268], [-0.008129519190981201, -0.005779495880417268, 0.00846518766271986]], "chi2_level": 0.997, "chi2_df": 3, "chi2_threshold": 13.931422665512084, "N_raw": 74, "N_roi": 74, "N_inlier": 73, "refit": true}
{"timestamp": "16:25:56.205562", "frame": 91, "mu": [-1.47104532642997, 0.9383016733195757, 1.402805019928116], "Sigma": [[0.009668460344467058, 0.0002331516510188491, -0.003710232986588088], [0.00023315165101884942, 0.008837022591885608, -0.003913773258912245], [-0.003710232986588088, -0.003913773258912245, 0.004132291723530806]], "chi2_level": 0.997, "chi2_df": 3, "chi2_threshold": 13.931422665512084, "N_raw": 53, "N_roi": 53, "N_inlier": 51, "refit": true}
{"timestamp": "16:25:56.260039", "frame": 92, "mu": [-1.4956363736054792, 0.9784146887605786, 1.465434806876505], "Sigma": [[0.008807953684022934, 0.001900096462509322, 0.0004687120380397113], [0.001900096462509322, 0.004389065248969899, -0.003754174728345579], [0.0004687120380397112, -0.0037541747283455795, 0.017190543527773917]], "chi2_level": 0.997, "chi2_df": 3, "chi2_threshold": 13.931422665512084, "N_raw": 51, "N_roi": 51, "N_inlier": 50, "refit": true}
{"timestamp": "16:25:56.318456", "frame": 93, "mu": [-1.5048127227835701, 0.9886982369415063, 1.44165231128921], "Sigma": [[0.014844835047876946, 0.005379911807848804, -0.009650717834320888], [0.005379911807848805, 0.011725086013121557, -0.007277735402294759], [-0.009650717834320888, -0.007277735402294759, 0.009403654371563609]], "chi2_level": 0.997, "chi2_df": 3, "chi2_threshold": 13.931422665512084, "N_raw": 79, "N_roi": 79, "N_inlier": 76, "refit": true}
{"timestamp": "16:25:56.375952", "frame": 94, "mu": [-1.5466061334722052, 1.1103057019326115, 0.19597655426931343], "Sigma": [[0.01902800770615652, 0.002646213679269466, 0.038668123756274576], [0.0026462136792694663, 0.011799967154011392, 0.006142837953355793], [0.038668123756274576, 0.0061428379533557936, 0.3177643491668183]], "chi2_level": 0.997, "chi2_df": 3, "chi2_threshold": 13.931422665512084, "N_raw": 89, "N_roi": 89, "N_inlier": 89, "refit": true}
{"timestamp": "16:25:56.425618", "frame": 95, "mu": [-1.5264652353294716, 1.0308743822198072, 1.378000898354328], "Sigma": [[0.011298154953653085, 0.005783579312234233, -0.0012133092483591229], [0.005783579312234233, 0.007268646221987733, -0.004200525114742833], [-0.0012133092483591229, -0.004200525114742833, 0.016332313231475985]], "chi2_level": 0.997, "chi2_df": 3, "chi2_threshold": 13.931422665512084, "N_raw": 58, "N_roi": 58, "N_inlier": 55, "refit": true}
{"timestamp": "16:25:56.483350", "frame": 96, "mu": [-1.5376676549921218, 1.0940111011808802, 1.5090084608723666], "Sigma": [[0.015718609057487776, 0.00489172163867522, -0.01396066065343546], [0.0048917216386752185, 0.012828242231441885, -0.0049872733331236836], [-0.01396066065343546, -0.004987273333123683, 0.013646026916412838]], "chi2_level": 0.997, "chi2_df": 3, "chi2_threshold": 13.931422665512084, "N_raw": 78, "N_roi": 78, "N_inlier": 75, "refit": true}
{"timestamp": "16:25:56.541266", "frame": 97, "mu": [-1.5552733883204826, 1.173914356522309, 1.5344396275750887], "Sigma": [[0.016726773544084424, 0.004094716805823509, -0.01405394468980264], [0.004094716805823509, 0.012618445197015394, -0.003964399752139202], [-0.01405394468980264, -0.003964399752139202, 0.013277215851808367]], "chi2_level": 0.997, "chi2_df": 3, "chi2_threshold": 13.931422665512084, "N_raw": 88, "N_roi": 88, "N_inlier": 84, "refit": true}
{"timestamp": "16:25:56.588984", "frame": 98, "mu": [-1.604119213584486, 1.1110182954173446, 1.5153317697898327], "Sigma": [[0.011741345346187673, -0.0010712614183772005, -0.012513846878858701], [-0.0010712614183772003, 0.014436277002921513, 0.00536000989716702], [-0.012513846878858701, 0.005360009897167021, 0.01767901843900055]], "chi2_level": 0.997, "chi2_df": 3, "chi2_threshold": 13.931422665512084, "N_raw": 43, "N_roi": 43, "N_inlier": 41, "refit": true}
{"timestamp": "16:25:56.648194", "frame": 99, "mu": [-1.6080175550350966, 1.2201562505762567, 1.5217640456806572], "Sigma": [[0.01113411950698683, 0.004090297687559947, -0.00829142809576337], [0.004090297687559946, 0.01569509089260119, -0.004615133800374519], [-0.008291428095763368, -0.004615133800374518, 0.007038692067019775]], "chi2_level": 0.997, "chi2_df": 3, "chi2_threshold": 13.931422665512084, "N_raw": 75, "N_roi": 75, "N_inlier": 74, "refit": true}
{"timestamp": "16:25:56.814350", "frame": 100, "mu": [-1.6533923474923502, 1.2859827511618833, -0.0738889209267284], "Sigma": [[0.01251279921073522, 0.0046243431386841834, -0.009685589398978584], [0.004624343138684183, 0.011251389649207983, -0.0018481605784846167], [-0.009685589398978584, -0.0018481605784846171, 0.011204333023373206]], "chi2_level": 0.997, "chi2_df": 3, "chi2_threshold": 13.931422665512084, "N_raw": 63, "N_roi": 63, "N_inlier": 61, "refit": true}
{"timestamp": "16:25:56.848076", "frame": 101, "mu": [-1.6356102161179535, 1.3403547711216794, 1.5162337066554823], "Sigma": [[0.015054615074558686, 0.006724679639290449, -0.010444307142502378], [0.0067246796392904495, 0.011932215471772175, -0.008789589261987054], [-0.010444307142502378, -0.008789589261987054, 0.013769034600316235]], "chi2_level": 0.997, "chi2_df": 3, "chi2_threshold": 13.931422665512084, "N_raw": 81, "N_roi": 81, "N_inlier": 80, "refit": true}
{"timestamp": "16:25:56.878645", "frame": 102, "mu": [-1.6474464216869928, 1.280493751694402, 0.22146808695605796], "Sigma": [[0.022836748901456587, 0.011928927452677613, 0.0919306237331203], [0.011928927452677613, 0.024836040313959133, 0.07143613205885554], [0.0919306237331203, 0.07143613205885554, 0.7138505027481963]], "chi2_level": 0.997, "chi2_df": 3, "chi2_threshold": 13.931422665512084, "N_raw": 109, "N_roi": 109, "N_inlier": 107, "refit": true}
{"timestamp": "16:25:56.909699", "frame": 103, "mu": [-1.7292102566678182, 1.2940885764973757, 1.5876232574359654], "Sigma": [[0.013100842876766584, 0.00702270714465156, -0.006448085848781981], [0.00702270714465156, 0.00886643105991748, -0.006350535794506089], [-0.006448085848781981, -0.006350535794506089, 0.01988001417023373]], "chi2_level": 0.997, "chi2_df": 3, "chi2_threshold": 13.931422665512084, "N_raw": 53, "N_roi": 53, "N_inlier": 50, "refit": true}
{"timestamp": "16:25:56.942484", "frame": 104, "mu": [-1.7944533014582658, 1.3694219392165758, 1.5669920303947817], "Sigma": [[0.012712670968436238, 0.0074742096999050505, -0.007252809395905843], [0.0074742096999050505, 0.010899391377917058, -0.008914204150356885], [-0.007252809395905842, -0.008914204150356885, 0.008914059916495654]], "chi2_level": 0.997, "chi2_df": 3, "chi2_threshold": 13.931422665512084, "N_raw": 49, "N_roi": 49, "N_inlier": 49, "refit": true}
{"timestamp": "16:25:56.976701", "frame": 105, "mu": [-1.7908736887273333, 1.3964221893174678, 1.5917254037063076], "Sigma": [[0.01560152297441155, 0.010037323924379268, -0.013638332822538455], [0.010037323924379268, 0.013605909202195395, -0.013468854664406551], [-0.013638332822538455, -0.013468854664406551, 0.017446962592027757]], "chi2_level": 0.997, "chi2_df": 3, "chi2_threshold": 13.931422665512084, "N_raw": 61, "N_roi": 61, "N_inlier": 59, "refit": true}
{"timestamp": "16:25:57.031497", "frame": 106, "mu": [-1.7380237650191699, 1.4937386080410426, 1.8389489488543873], "Sigma": [[0.026052044161762194, 0.020115221217093162, -0.025046463196110126], [0.020115221217093165, 0.021499984221075144, -0.022984491823241113], [-0.025046463196110126, -0.02298449182324111, 0.034481700562937055]], "chi2_level": 0.997, "chi2_df": 3, "chi2_threshold": 13.931422665512084, "N_raw": 64, "N_roi": 64, "N_inlier": 61, "refit": true}
