{"timestamp": "16:30:40.714287", "frame": 20, "mu": [1.6256165137635632, 1.0072025604948311, 1.1652008836344316], "Sigma": [[0.003988086163620966, -0.0017508520648016072, -0.004296751006516767], [-0.0017508520648016072, 0.0027560478564748357, -0.0005452383042735773], [-0.004296751006516767, -0.0005452383042735773, 0.008508127300960303]], "chi2_level": 0.997, "chi2_df": 3, "chi2_threshold": 13.931422665512084, "N_raw": 14, "N_roi": 14, "N_inlier": 14, "refit": true}
{"timestamp": "16:30:40.772176", "frame": 21, "mu": [1.5023186510613764, 1.2558698430477513, 1.1567604789159747], "Sigma": [[0.003906752075401376, -0.0035693056698996722, -0.000775112040610829], [-0.0035693056698996722, 0.005881714135583049, -0.0020163688764067364], [-0.000775112040610829, -0.0020163688764067364, 0.004105821229470302]], "chi2_level": 0.997, "chi2_df": 3, "chi2_threshold": 13.931422665512084, "N_raw": 29, "N_roi": 29, "N_inlier": 28, "refit": true}
{"timestamp": "16:30:40.884309", "frame": 23, "mu": [1.5900969046522615, 1.0818533561722103, 1.204152595709749], "Sigma": [[0.006746457723870389, -0.004421496043711089, 0.0020093581174325695], [-0.00442149604371109, 0.006654087018327902, -0.006132957159579516], [0.0020093581174325695, -0.006132957159579516, 0.01841076317889004]], "chi2_level": 0.997, "chi2_df": 3, "chi2_threshold": 13.931422665512084, "N_raw": 37, "N_roi": 37, "N_inlier": 37, "refit": true}
{"timestamp": "16:30:40.938009", "frame": 24, "mu": [1.6049751325864035, 1.1010434858027356, 1.2855189382460694], "Sigma": [[0.008464383012009922, -0.005602478918669093, -0.0021280593056777096], [-0.005602478918669093, 0.007967550040357652, -0.0006067142171514634], [-0.0021280593056777096, -0.0006067142171514634, 0.002002866724762053]], "chi2_level": 0.997, "chi2_df": 3, "chi2_threshold": 13.931422665512084, "N_raw": 33, "N_roi": 33, "N_inlier": 32, "refit": true}
{"timestamp": "16:30:40.994207", "frame": 25, "mu": [1.5577295479695825, 1.0802114017100033, 1.1710314447559123], "Sigma": [[0.005431691671490316, -0.0037913802281829825, -0.0008034293390266201], [-0.003791380228182983, 0.0064716661627859514, -0.002140698549201418], [-0.0008034293390266202, -0.002140698549201418, 0.004106230232791296]], "chi2_level": 0.997, "chi2_df": 3, "chi2_threshold": 13.931422665512084, "N_raw": 27, "N_roi": 27, "N_inlier": 26, "refit": true}
{"timestamp": "16:30:41.050639", "frame": 26, "mu": [1.6281763276755563, 1.14470104444678, -0.5167300349003894], "Sigma": [[0.007070226900774604, 0.0015146637387647628, 0.0009636755592428056], [0.0015146637387647628, 0.0036866984697696784, -0.00031318744192331547], [0.0009636755592428055, -0.0003131874419233158, 0.02847975715998105]], "chi2_level": 0.997, "chi2_df": 3, "chi2_threshold": 13.931422665512084, "N_raw": 31, "N_roi": 31, "N_inlier": 31, "refit": true}
{"timestamp": "16:30:41.105710", "frame": 27, "mu": [1.5857968789484018, 1.0691414526386562, 1.1739030418083367], "Sigma": [[0.0077026436865191015, -0.00584677066622338, 0.0010480479634036091], [-0.00584677066622338, 0.012636135350979008, -0.0024531215652354777], [0.0010480479634036091, -0.0024531215652354777, 0.0008336318960330245]], "chi2_level": 0.997, "chi2_df": 3, "chi2_threshold": 13.931422665512084, "N_raw": 33, "N_roi": 33, "N_inlier": 33, "refit": true}
{"timestamp": "16:30:41.160967", "frame": 28, "mu": [1.610353279387605, 1.030938238980925, 1.277368891157301], "Sigma": [[0.005594007406143843, -0.00164187277801428, -0.003932974713120816], [-0.00164187277801428, 0.005202895355003658, -0.0037610933214207313], [-0.003932974713120816, -0.0037610933214207313, 0.00975656139397651]], "chi2_level": 0.997, "chi2_df": 3, "chi2_threshold": 13.931422665512084, "N_raw": 35, "N_roi": 35, "N_inlier": 35, "refit": true}
{"timestamp": "16:30:41.267742", "frame": 30, "mu": [1.4892209030916914, 1.1487766383264382, 1.3007670134460891], "Sigma": [[0.004286754993302061, -0.0014862306682963768, -0.004132810944430801], [-0.0014862306682963773, 0.009918379606330444, -0.009550872513927524], [-0.004132810944430801, -0.009550872513927526, 0.02251741100469735]], "chi2_level": 0.997, "chi2_df": 3, "chi2_threshold": 13.931422665512084, "N_raw": 18, "N_roi": 18, "N_inlier": 18, "refit": true}
{"timestamp": "16:30:41.329982", "frame": 31, "mu": [1.5395183536795867, 1.071704840257537, 1.2605551522815277], "Sigma": [[0.013746808935234753, -0.007766548659585998, -0.0028501343037930374], [-0.007766548659585998, 0.010769705958203602, -0.0026573837266867595], [-0.0028501343037930374, -0.0026573837266867595, 0.005093421500454724]], "chi2_level": 0.997, "chi2_df": 3, "chi2_threshold": 13.931422665512084, "N_raw": 67, "N_roi": 67, "N_inlier": 65, "refit": true}
{"timestamp": "16:30:41.383059", "frame": 32, "mu": [1.4744182761278417, 1.1087614597387, 1.3009733058009536], "Sigma": [[0.008249211401784229, -0.00532164642010881, -0.003160689106517755], [-0.005321646420108809, 0.010922464469061059, -0.0034156969230973717], [-0.003160689106517755, -0.0034156969230973713, 0.007216775675339704]], "chi2_level": 0.997, "chi2_df": 3, "chi2_threshold": 13.931422665512084, "N_raw": 45, "N_roi": 45, "N_inlier": 43, "refit": true}
{"timestamp": "16:30:41.435335", "frame": 33, "mu": [1.5088629860992153, 1.0681158762438563, 1.320459596853715], "Sigma": [[0.008171426260043394, -0.00672519267436871, 0.0032857529582742606], [-0.006725192674368711, 0.01829781295122012, -0.015277357208211113], [0.00328575295827426, -0.015277357208211113, 0.01936325996153869]], "chi2_level": 0.997, "chi2_df": 3, "chi2_threshold": 13.931422665512084, "N_raw": 34, "N_roi": 34, "N_inlier": 34, "refit": true}
{"timestamp": "16:30:41.487816", "frame": 34, "mu": [1.3908326071815775, 1.1701127027754266, 1.1484043672157127], "Sigma": [[0.0021002485590530177, -0.0008087169193809891, -0.0032630429699099014], [-0.0008087169193809893, 0.01620823452069696, -0.029496030811196658], [-0.0032630429699099014, -0.029496030811196654, 0.07323127540445251]], "chi2_level": 0.997, "chi2_df": 3, "chi2_threshold": 13.931422665512084, "N_raw": 12, "N_roi": 12, "N_inlier": 12, "refit": true}
{"timestamp": "16:30:41.547986", "frame": 35, "mu": [1.4322858309367634, 1.0860816928914945, 1.3632582161646516], "Sigma": [[0.011106966229107753, -0.0052949402475222125, -0.0054018693424612435], [-0.0052949402475222125, 0.010007682430771646, -0.0010752282439397353], [-0.0054018693424612435, -0.0010752282439397353, 0.006173744543903108]], "chi2_level": 0.997, "chi2_df": 3, "chi2_threshold": 13.931422665512084, "N_raw": 56, "N_roi": 56, "N_inlier": 54, "refit": true}
{"timestamp": "16:30:41.604680", "frame": 36, "mu": [1.4211228782673315, 1.0962815425167565, 1.2486183824181047], "Sigma": [[0.012293618928987919, -0.011216253358254954, -0.000494454162093386], [-0.011216253358254954, 0.02984914174236393, -0.019169298666213426], [-0.0004944541620933857, -0.019169298666213426, 0.02473521904383203]], "chi2_level": 0.997, "chi2_df": 3, "chi2_threshold": 13.931422665512084, "N_raw": 58, "N_roi": 58, "N_inlier": 58, "refit": true}
{"timestamp": "16:30:41.653146", "frame": 37, "mu": [1.310374361921259, 1.1176202184039286, 1.4230698441459024], "Sigma": [[0.007003102434342472, 0.002783157411287777, -0.004897196807913267], [0.002783157411287777, 0.013072448490014179, -0.022766673974662664], [-0.004897196807913267, -0.02276667397466266, 0.04846603104274218]], "chi2_level": 0.997, "chi2_df": 3, "chi2_threshold": 13.931422665512084, "N_raw": 13, "N_roi": 13, "N_inlier": 13, "refit": true}
{"timestamp": "16:30:41.708535", "frame": 38, "mu": [1.4373562491687053, 1.0080388279931276, 1.39810251711], "Sigma": [[0.008420957987611355, 0.0005420727038879054, -0.0003263919201201566], [0.0005420727038879054, 0.0041540341270083995, -0.011390103528950975], [-0.0003263919201201564, -0.011390103528950975, 0.04269504173213736]], "chi2_level": 0.997, "chi2_df": 3, "chi2_threshold": 13.931422665512084, "N_raw": 18, "N_roi": 18, "N_inlier": 18, "refit": true}
{"timestamp": "16:30:41.770863", "frame": 39, "mu": [1.3832382810935355, 0.931713148578303, 1.2327473315823692], "Sigma": [[0.011550526711039174, -0.007431417906999851, -0.00548251779219575], [-0.007431417906999849, 0.011872913358005903, -0.0011477769583996766], [-0.00548251779219575, -0.0011477769583996766, 0.009217293835900095]], "chi2_level": 0.997, "chi2_df": 3, "chi2_threshold": 13.931422665512084, "N_raw": 66, "N_roi": 66, "N_inlier": 65, "refit": true}
{"timestamp": "16:30:41.818305", "frame": 40, "mu": [1.2592015797946432, 1.1166311664418351, 1.0195897078685183], "Sigma": [[0.0017640169514605605, 0.00037037186292006606, -0.0036697324640464065], [0.00037037186292006644, 0.008835274762774485, -0.01784678058499159], [-0.0036697324640464065, -0.01784678058499159, 0.047073448721088956]], "chi2_level": 0.997, "chi2_df": 3, "chi2_threshold": 13.931422665512084, "N_raw": 19, "N_roi": 19, "N_inlier": 19, "refit": true}
{"timestamp": "16:30:41.876922", "frame": 41, "mu": [1.2833642207969163, 0.9038544780809223, 1.1792430065300992], "Sigma": [[0.006282689046819294, -0.005446558305085648, -0.004457378099116388], [-0.005446558305085648, 0.010423508534960843, -0.0023662728533060512], [-0.004457378099116388, -0.0023662728533060512, 0.014937607705314805]], "chi2_level": 0.997, "chi2_df": 3, "chi2_threshold": 13.931422665512084, "N_raw": 45, "N_roi": 45, "N_inlier": 45, "refit": true}
{"timestamp": "16:30:41.932945", "frame": 42, "mu": [1.2522494710543346, 0.862976851038878, 1.307808227613321], "Sigma": [[0.007503228543324454, -0.0053680499899288435, -0.005793351425146882], [-0.005368049989928843, 0.008876788684541394, -0.0024107824828359914], [-0.005793351425146882, -0.002410782482835992, 0.02186923567249005]], "chi2_level": 0.997, "chi2_df": 3, "chi2_threshold": 13.931422665512084, "N_raw": 54, "N_roi": 54, "N_inlier": 52, "refit": true}
{"timestamp": "16:30:41.986403", "frame": 43, "mu": [1.2863941509343815, 0.7555012468248204, 1.2602335363948511], "Sigma": [[0.007957578860232207, -0.004406851947481967, -0.001810344611098083], [-0.004406851947481968, 0.009313721741024324, 0.00010333626600903488], [-0.001810344611098083, 0.00010333626600903486, 0.0009969186656281735]], "chi2_level": 0.997, "chi2_df": 3, "chi2_threshold": 13.931422665512084, "N_raw": 43, "N_roi": 43, "N_inlier": 40, "refit": true}
{"timestamp": "16:30:42.036696", "frame": 44, "mu": [1.1556502228059986, 0.8349283213774832, 1.150131266709808], "Sigma": [[0.006987473661711117, -0.0006069504756961155, -0.01588192394433176], [-0.0006069504756961153, 0.006150808504384558, -0.004739497182488805], [-0.01588192394433176, -0.004739497182488805, 0.04835292919996513]], "chi2_level": 0.997, "chi2_df": 3, "chi2_threshold": 13.931422665512084, "N_raw": 10, "N_roi": 10, "N_inlier": 10, "refit": true}
{"timestamp": "16:30:42.094354", "frame": 45, "mu": [1.1143619219268248, 0.8578811916888868, 0.9251253319005935], "Sigma": [[0.004131958532737815, -0.00282582646587274, -0.004171183152893865], [-0.00282582646587274, 0.005570544675226032, -0.006082604913590468], [-0.004171183152893866, -0.006082604913590469, 0.07163055471699599]], "chi2_level": 0.997, "chi2_df": 3, "chi2_threshold": 13.931422665512084, "N_raw": 28, "N_roi": 28, "N_inlier": 27, "refit": true}
{"timestamp": "16:30:42.150756", "frame": 46, "mu": [0.9974801465186413, 0.8993597765753449, 1.3404557074806138], "Sigma": [[0.007160991886229468, -0.002472535214789886, -0.018674312213354846], [-0.002472535214789886, 0.0027366125599698806, 0.0037301328117860756], [-0.018674312213354846, 0.0037301328117860756, 0.07397542952759158]], "chi2_level": 0.997, "chi2_df": 3, "chi2_threshold": 13.931422665512084, "N_raw": 37, "N_roi": 37, "N_inlier": 37, "refit": true}
{"timestamp": "16:30:42.257692", "frame": 48, "mu": [0.9886634270328203, 0.78568591779166, 1.0520356994280924], "Sigma": [[0.007901163403204433, -0.0074895486455154115, -0.03384677502191877], [-0.007489548645515412, 0.010102528265795748, 0.027736957672801748], [-0.03384677502191877, 0.027736957672801748, 0.19241307422726459]], "chi2_level": 0.997, "chi2_df": 3, "chi2_threshold": 13.931422665512084, "N_raw": 20, "N_roi": 20, "N_inlier": 19, "refit": true}
{"timestamp": "16:30:42.368056", "frame": 50, "mu": [0.9325640008859996, 0.7194851416355499, 0.9780987710156122], "Sigma": [[0.014866283908458759, -0.014537592280424115, -0.05512596731878734], [-0.014537592280424115, 0.02268340368217883, 0.058457093702842786], [-0.05512596731878734, 0.05845709370284278, 0.22095591907449655]], "chi2_level": 0.997, "chi2_df": 3, "chi2_threshold": 13.931422665512084, "N_raw": 14, "N_roi": 14, "N_inlier": 14, "refit": true}
{"timestamp": "16:30:42.478751", "frame": 52, "mu": [0.7266797314503454, 0.8209987234612797, 1.4263781026595361], "Sigma": [[0.003333682263622891, -0.0007634245395656753, -0.0038095235858473415], [-0.0007634245395656752, 0.0016225737242358887, 0.0002517424277602402], [-0.0038095235858473415, 0.0002517424277602403, 0.004998716523667227]], "chi2_level": 0.997, "chi2_df": 3, "chi2_threshold": 13.931422665512084, "N_raw": 26, "N_roi": 26, "N_inlier": 25, "refit": true}
{"timestamp": "16:30:42.536305", "frame": 53, "mu": [0.7455868966324957, 0.7506895446692017, 1.3542003262296105], "Sigma": [[0.004973987531147154, -0.0032166243480714176, -0.0068067573314075], [-0.0032166243480714184, 0.002911053964421683, 0.003323674938939403], [-0.006806757331407499, 0.003323674938939403, 0.012646258877341545]], "chi2_level": 0.997, "chi2_df": 3, "chi2_threshold": 13.931422665512084, "N_raw": 44, "N_roi": 44, "N_inlier": 43, "refit": true}
{"timestamp": "16:30:42.591637", "frame": 54, "mu": [0.6238397486685219, 0.8031014503197497, 1.5002315419805887], "Sigma": [[0.0034399055834893806, -0.0006275147780832925, -0.0017320039712910087], [-0.0006275147780832925, 0.0029711079962426003, -0.00012343956005880959], [-0.0017320039712910085, -0.00012343956005880959, 0.0011151244567415692]], "chi2_level": 0.997, "chi2_df": 3, "chi2_threshold": 13.931422665512084, "N_raw": 44, "N_roi": 44, "N_inlier": 42, "refit": true}
{"timestamp": "16:30:42.652146", "frame": 55, "mu": [0.6308296458006013, 0.7677543772888026, 1.4009320013094], "Sigma": [[0.00841425382950558, -0.0017698914149806818, -0.010140409129249246], [-0.0017698914149806818, 0.002455430728745346, 0.00038780300488875264], [-0.010140409129249246, 0.00038780300488875264, 0.01587705914524412]], "chi2_level": 0.997, "chi2_df": 3, "chi2_threshold": 13.931422665512084, "N_raw": 83, "N_roi": 82, "N_inlier": 81, "refit": true}
{"timestamp": "16:30:42.704308", "frame": 56, "mu": [0.5052656245290131, 0.8138540536317226, 1.4962502605927241], "Sigma": [[0.002482245845023508, -0.0015944429209686535, -0.003799238274202789], [-0.0015944429209686535, 0.006356715107974369, 0.0042189858852537225], [-0.003799238274202789, 0.004218985885253723, 0.015879442176910168]], "chi2_level": 0.997, "chi2_df": 3, "chi2_threshold": 13.931422665512084, "N_raw": 50, "N_roi": 50, "N_inlier": 46, "refit": true}
{"timestamp": "16:30:42.760079", "frame": 57, "mu": [0.5084705302551442, 0.7850408073122681, 1.4624483057275879], "Sigma": [[0.004878601955683467, 0.0004151962729741695, -0.0038613385382352044], [0.0004151962729741695, 0.002823390764596835, -0.0015846630310703076], [-0.0038613385382352044, -0.0015846630310703076, 0.0038887574394295297]], "chi2_level": 0.997, "chi2_df": 3, "chi2_threshold": 13.931422665512084, "N_raw": 69, "N_roi": 69, "N_inlier": 66, "refit": true}
{"timestamp": "16:30:42.815148", "frame": 58, "mu": [0.43747222759710225, 0.8113917247504252, 1.3745973381548542], "Sigma": [[0.004862494658612968, -0.0017524096616743194, -0.0023717245051068083], [-0.0017524096616743194, 0.0041573702897536495, -0.010442073760205875], [-0.0023717245051068088, -0.010442073760205874, 0.06764410872509596]], "chi2_level": 0.997, "chi2_df": 3, "chi2_threshold": 13.931422665512084, "N_raw": 64, "N_roi": 64, "N_inlier": 64, "refit": true}
{"timestamp": "16:30:42.868527", "frame": 59, "mu": [0.41841381468682676, 0.7100565555525907, 1.2838749428776512], "Sigma": [[0.006682814149624776, -0.002854220284450641, -0.02314743936034366], [-0.002854220284450641, 0.002952173819765504, 0.011440200342793198], [-0.02314743936034366, 0.011440200342793198, 0.1057040945745843]], "chi2_level": 0.997, "chi2_df": 3, "chi2_threshold": 13.931422665512084, "N_raw": 59, "N_roi": 59, "N_inlier": 58, "refit": true}
{"timestamp": "16:30:42.921623", "frame": 60, "mu": [0.2739414859548534, 0.802794251703024, 1.303588055761614], "Sigma": [[0.008930627365263741, -0.0084989628809904, 0.018089015786907955], [-0.0084989628809904, 0.011531344278320867, -0.031337540394701095], [0.018089015786907955, -0.031337540394701095, 0.13826408069988447]], "chi2_level": 0.997, "chi2_df": 3, "chi2_threshold": 13.931422665512084, "N_raw": 47, "N_roi": 47, "N_inlier": 44, "refit": true}
{"timestamp": "16:30:42.982836", "frame": 61, "mu": [0.3116700107671184, 0.7604125647992691, 1.2900351525154203], "Sigma": [[0.01473347399040416, -0.010254695276889731, 0.01701382129103165], [-0.010254695276889731, 0.009680706194600068, -0.02230167413826236], [0.01701382129103165, -0.02230167413826236, 0.08031208241037406]], "chi2_level": 0.997, "chi2_df": 3, "chi2_threshold": 13.931422665512084, "N_raw": 83, "N_roi": 83, "N_inlier": 81, "refit": true}
{"timestamp": "16:30:43.032787", "frame": 62, "mu": [0.2955543533343397, 0.878794096308314, -0.36803824868294516], "Sigma": [[0.004399874508248193, 0.002322006341044843, -0.0031238786605769136], [0.002322006341044843, 0.0030072874523723045, -0.0019035760652035372], [-0.0031238786605769136, -0.0019035760652035372, 0.0036585395468291446]], "chi2_level": 0.997, "chi2_df": 3, "chi2_threshold": 13.931422665512084, "N_raw": 53, "N_roi": 53, "N_inlier": 51, "refit": true}
{"timestamp": "16:30:43.084021", "frame": 63, "mu": [0.23792022891298095, 0.6610548777034448, 1.221487043760472], "Sigma": [[0.004876683903561972, -0.004092121659701019, -0.027153183985563135], [-0.004092121659701019, 0.009379083174168787, 0.05192424482462589], [-0.027153183985563135, 0.05192424482462589, 0.3603692742178854]], "chi2_level": 0.997, "chi2_df": 3, "chi2_threshold": 13.931422665512084, "N_raw": 25, "N_roi": 25, "N_inlier": 25, "refit": true}
{"timestamp": "16:30:43.145609", "frame": 64, "mu": [0.20082668217881217, 0.7021708528171036, 1.3883569719540727], "Sigma": [[0.007243079548292871, -0.001710488357742483, -0.0016968987239604713], [-0.001710488357742483, 0.0014082363244515813, -0.00033527969811706753], [-0.001696898723960471, -0.00033527969811706753, 0.008199514824196171]], "chi2_level": 0.997, "chi2_df": 3, "chi2_threshold": 13.931422665512084, "N_raw": 69, "N_roi": 67, "N_inlier": 64, "refit": true}
{"timestamp": "16:30:43.197858", "frame": 65, "mu": [0.26753248365577714, 0.6708982312071091, 1.3896020982422692], "Sigma": [[0.0019363558360019277, -5.9155016077898424e-05, -0.000797700184912539], [-5.915501607789834e-05, 0.0006241000436490639, -0.0007401179696324052], [-0.0007977001849125392, -0.0007401179696324052, 0.0038243855054088654]], "chi2_level": 0.997, "chi2_df": 3, "chi2_threshold": 13.931422665512084, "N_raw": 51, "N_roi": 51, "N_inlier": 45, "refit": true}
{"timestamp": "16:30:43.259180", "frame": 66, "mu": [0.18202747068148506, 0.6441916153546587, 1.4081857415553374], "Sigma": [[0.004301784136819011, -0.0004015843319593334, -0.0034849507081978663], [-0.00040158433195933347, 0.0009997955333284675, -0.0015564847382541905], [-0.0034849507081978668, -0.0015564847382541903, 0.007951565031881437]], "chi2_level": 0.997, "chi2_df": 3, "chi2_threshold": 13.931422665512084, "N_raw": 93, "N_roi": 93, "N_inlier": 79, "refit": true}
{"timestamp": "16:30:43.315746", "frame": 67, "mu": [0.03512306828909445, 0.7167699899054661, 0.1748693190605038], "Sigma": [[0.003426291683716396, -0.0025155828097471683, 0.03522078917207099], [-0.0025155828097471683, 0.005565006719827947, -0.043054986709296784], [0.035220789172070985, -0.043054986709296784, 0.6137569122504895]], "chi2_level": 0.997, "chi2_df": 3, "chi2_threshold": 13.931422665512084, "N_raw": 97, "N_roi": 97, "N_inlier": 93, "refit": true}
{"timestamp": "16:30:43.364211", "frame": 68, "mu": [0.027027496990356246, 0.6436874778906875, 1.4934712740757217], "Sigma": [[0.0026026029219868843, 0.0008705392692175695, -0.002452157437614196], [0.0008705392692175695, 0.0011253479487140982, -0.002045733222136489], [-0.002452157437614196, -0.002045733222136489, 0.005605792838913202]], "chi2_level": 0.997, "chi2_df": 3, "chi2_threshold": 13.931422665512084, "N_raw": 58, "N_roi": 58, "N_inlier": 56, "refit": true}
{"timestamp": "16:30:43.420298", "frame": 69, "mu": [-0.0011002909205948272, 0.6199101133995683, 1.3830617684835251], "Sigma": [[0.0012495438566292886, -0.0005600294438920026, -0.0005579345497948298], [-0.0005600294438920026, 0.0032295343755562207, -0.0030675508632712436], [-0.0005579345497948298, -0.0030675508632712436, 0.004620735235547609]], "chi2_level": 0.997, "chi2_df": 3, "chi2_threshold": 13.931422665512084, "N_raw": 71, "N_roi": 71, "N_inlier": 67, "refit": true}
{"timestamp": "16:30:43.478039", "frame": 70, "mu": [-0.0667781191243286, 0.5904049529808298, 1.4258535290135415], "Sigma": [[0.003088288616202625, -0.0017956875406208023, -0.0037983854123896533], [-0.0017956875406208023, 0.0020916857123305798, 0.00027371363082074945], [-0.003798385412389653, 0.00027371363082074945, 0.01024220521054144]], "chi2_level": 0.997, "chi2_df": 3, "chi2_threshold": 13.931422665512084, "N_raw": 87, "N_roi": 87, "N_inlier": 86, "refit": true}
{"timestamp": "16:30:43.537946", "frame": 71, "mu": [-0.15792033584878493, 0.6243782129535915, 1.48387911082355], "Sigma": [[0.005195739194226544, -0.0012450406587221365, -0.00517489440049151], [-0.001245040658722136, 0.00231326058482836, -0.001349711184313467], [-0.00517489440049151, -0.001349711184313467, 0.009615981068783265]], "chi2_level": 0.997, "chi2_df": 3, "chi2_threshold": 13.931422665512084, "N_raw": 121, "N_roi": 121, "N_inlier": 119, "refit": true}
{"timestamp": "16:30:43.591756", "frame": 72, "mu": [-0.20419053814708485, 0.6475504916847368, 1.51530477192191], "Sigma": [[0.0035807361155271063, 0.0002956062245314173, -0.003113063696606835], [0.00029560622453141724, 0.0025516787825280557, -0.003103534883164322], [-0.003113063696606835, -0.003103534883164322, 0.00862209449879428]], "chi2_level": 0.997, "chi2_df": 3, "chi2_threshold": 13.931422665512084, "N_raw": 109, "N_roi": 109, "N_inlier": 108, "refit": true}
{"timestamp": "16:30:43.636344", "frame": 73, "mu": [-0.1960297857356657, 0.6729847476407562, 1.4578301683865111], "Sigma": [[0.0010092989007700471, 0.000406929858299022, -0.0006024294751173626], [0.0004069298582990219, 0.0013761331232056127, -0.0017456143085013097], [-0.0006024294751173626, -0.00174561430850131, 0.0026258751447173637]], "chi2_level": 0.997, "chi2_df": 3, "chi2_threshold": 13.931422665512084, "N_raw": 33, "N_roi": 33, "N_inlier": 32, "refit": true}
{"timestamp": "16:30:43.687146", "frame": 74, "mu": [-0.2543690151809259, 0.6358474841176021, 1.2902530782619481], "Sigma": [[0.001189603761183794, -0.0012468238660058582, 0.002141110811830099], [-0.0012468238660058582, 0.0037918058288729565, -0.018621522562584193], [0.002141110811830099, -0.018621522562584193, 0.12443635851211107]], "chi2_level": 0.997, "chi2_df": 3, "chi2_threshold": 13.931422665512084, "N_raw": 11, "N_roi": 11, "N_inlier": 10, "refit": true}
{"timestamp": "16:30:43.750376", "frame": 75, "mu": [-0.27652730447062956, 0.6851874735790409, 1.4397827666576952], "Sigma": [[0.001959661583314633, 3.189495334314628e-05, -0.0006828584877684537], [3.189495334314628e-05, 0.0026379499379747596, -0.0034107479232202533], [-0.0006828584877684536, -0.0034107479232202533, 0.005694641331343436]], "chi2_level": 0.997, "chi2_df": 3, "chi2_threshold": 13.931422665512084, "N_raw": 71, "N_roi": 71, "N_inlier": 71, "refit": true}
{"timestamp": "16:30:43.806657", "frame": 76, "mu": [-0.37039990710124554, 0.6493404694724524, 1.4552279721923729], "Sigma": [[0.004634612887131493, -0.001452989927768141, -0.004233610976126133], [-0.001452989927768141, 0.0012184776927503785, 0.0003084822643702324], [-0.004233610976126133, 0.0003084822643702324, 0.009618716528498784]], "chi2_level": 0.997, "chi2_df": 3, "chi2_threshold": 13.931422665512084, "N_raw": 79, "N_roi": 77, "N_inlier": 71, "refit": true}
{"timestamp": "16:30:43.861196", "frame": 77, "mu": [-0.41401537943477057, 0.5991084897606427, 1.3879308620732766], "Sigma": [[0.022781689526001257, 0.0017649937943454701, -0.021123558078267855], [0.0017649937943454703, 0.003513209467935071, -0.004963036226477378], [-0.021123558078267858, -0.004963036226477378, 0.02397834228669382]], "chi2_level": 0.997, "chi2_df": 3, "chi2_threshold": 13.931422665512084, "N_raw": 71, "N_roi": 71, "N_inlier": 70, "refit": true}
{"timestamp": "16:30:43.911428", "frame": 78, "mu": [-0.4399107137480259, 0.5906426385210422, 1.4549440614235178], "Sigma": [[0.0055147650181866644, -0.006651545594630418, -0.009030317778360986], [-0.006651545594630418, 0.013136286781394963, 0.014790274741893754], [-0.009030317778360986, 0.014790274741893754, 0.020445555134398597]], "chi2_level": 0.997, "chi2_df": 3, "chi2_threshold": 13.931422665512084, "N_raw": 38, "N_roi": 38, "N_inlier": 37, "refit": true}
{"timestamp": "16:30:43.973241", "frame": 79, "mu": [-0.6396442656785641, 0.5978308760980071, 1.5670395996511879], "Sigma": [[0.03909707700878272, 0.004684131862197798, -0.041621250116588376], [0.004684131862197799, 0.004719215175720248, -0.006916323061511998], [-0.041621250116588376, -0.006916323061511998, 0.04834084533604846]], "chi2_level": 0.997, "chi2_df": 3, "chi2_threshold": 13.931422665512084, "N_raw": 90, "N_roi": 89, "N_inlier": 85, "refit": true}
{"timestamp": "16:30:44.022893", "frame": 80, "mu": [-0.7641711335061215, 0.6145471276694633, 1.6315757314232149], "Sigma": [[0.029382262487830595, 0.0051018516716261906, -0.03390544797071102], [0.0051018516716261906, 0.0035151815574950424, -0.008226809958420886], [-0.03390544797071102, -0.008226809958420886, 0.04972434407297521]], "chi2_level": 0.997, "chi2_df": 3, "chi2_threshold": 13.931422665512084, "N_raw": 50, "N_roi": 50, "N_inlier": 50, "refit": true}
{"timestamp": "16:30:44.077142", "frame": 81, "mu": [-0.8836886879251394, 0.6217881303512562, 1.764279783858507], "Sigma": [[0.00611660421255076, 0.0013883269712037, -0.0038042781734516366], [0.0013883269712037, 0.005627290757141035, -0.003184915501882338], [-0.003804278173451637, -0.003184915501882338, 0.003679180409205081]], "chi2_level": 0.997, "chi2_df": 3, "chi2_threshold": 13.931422665512084, "N_raw": 53, "N_roi": 53, "N_inlier": 51, "refit": true}
{"timestamp": "16:30:44.131418", "frame": 82, "mu": [-0.8939576656926052, 0.6192950573560438, 1.7417403523396797], "Sigma": [[0.005987368466779369, 0.0002843660369073093, -0.006547602696180871], [0.0002843660369073093, 0.004552789938553594, -0.002722064460599336], [-0.006547602696180871, -0.002722064460599336, 0.012880467120225903]], "chi2_level": 0.997, "chi2_df": 3, "chi2_threshold": 13.931422665512084, "N_raw": 42, "N_roi": 42, "N_inlier": 38, "refit": true}
{"timestamp": "16:30:44.192174", "frame": 83, "mu": [-0.7752633245263575, 0.7217217005516122, 1.5320191054029733], "Sigma": [[0.012507631165421444, 0.003273272523211362, -0.011821137338550938], [0.003273272523211362, 0.007047691934241451, -0.00592791951022594], [-0.01182113733855094, -0.00592791951022594, 0.021853941920496008]], "chi2_level": 0.997, "chi2_df": 3, "chi2_threshold": 13.931422665512084, "N_raw": 80, "N_roi": 80, "N_inlier": 78, "refit": true}
{"timestamp": "16:30:44.242764", "frame": 84, "mu": [-0.9437268423777668, 0.5711519566831064, 1.4845464968483986], "Sigma": [[0.02094099232332026, 0.011517664216416076, -0.015231502805340642], [0.011517664216416078, 0.012860368517949338, -0.008830403194730805], [-0.015231502805340642, -0.008830403194730805, 0.028334293924720665]], "chi2_level": 0.997, "chi2_df": 3, "chi2_threshold": 13.931422665512084, "N_raw": 46, "N_roi": 46, "N_inlier": 44, "refit": true}
{"timestamp": "16:30:44.303142", "frame": 85, "mu": [-0.92839379052934, 0.70619134725462, 1.6517455948139859], "Sigma": [[0.009229732612279794, 0.002205387557230072, -0.003451752083848886], [0.002205387557230072, 0.005904743186501644, -0.0037420460853733652], [-0.0034517520838488864, -0.0037420460853733652, 0.0031434742872808764]], "chi2_level": 0.997, "chi2_df": 3, "chi2_threshold": 13.931422665512084, "N_raw": 89, "N_roi": 89, "N_inlier": 85, "refit": true}
{"timestamp": "16:30:44.363285", "frame": 86, "mu": [-0.9138927986877681, 0.7396338126521369, 1.5975843035832697], "Sigma": [[0.010344108170006408, 0.0031834908218644864, -0.004199363931592889], [0.0031834908218644864, 0.00797598017658518, -0.0041684985705610945], [-0.004199363931592888, -0.0041684985705610945, 0.003485589884981737]], "chi2_level": 0.997, "chi2_df": 3, "chi2_threshold": 13.931422665512084, "N_raw": 103, "N_roi": 103, "N_inlier": 100, "refit": true}
{"timestamp": "16:30:44.412808", "frame": 87, "mu": [-1.0086766838569052, 0.7045376760533272, 1.582719193045198], "Sigma": [[0.011282978126564636, 0.005420392134078492, 0.001059989375269318], [0.005420392134078493, 0.00598389452496972, -0.0018281578313155081], [0.001059989375269318, -0.0018281578313155086, 0.006658220414555436]], "chi2_level": 0.997, "chi2_df": 3, "chi2_threshold": 13.931422665512084, "N_raw": 86, "N_roi": 86, "N_inlier": 81, "refit": true}
{"timestamp": "16:30:44.470469", "frame": 88, "mu": [-1.0368194796416697, 0.657100855248029, 1.5182675472903833], "Sigma": [[0.011340242266625522, 0.005588972286690219, -0.0010956776704465986], [0.005588972286690219, 0.02315821232486544, 0.0011339209502015677], [-0.0010956776704465984, 0.0011339209502015679, 0.0025183661669125742]], "chi2_level": 0.997, "chi2_df": 3, "chi2_threshold": 13.931422665512084, "N_raw": 104, "N_roi": 104, "N_inlier": 99, "refit": true}
{"timestamp": "16:30:44.527022", "frame": 89, "mu": [-1.0763454458620276, 0.6638700613777062, 0.24157014742391197], "Sigma": [[0.013796066624700882, 0.004240067599551445, 0.06661223370587284], [0.004240067599551445, 0.010990340686089109, 0.06406738718148709], [0.06661223370587285, 0.06406738718148709, 0.8408070300875736]], "chi2_level": 0.997, "chi2_df": 3, "chi2_threshold": 13.931422665512084, "N_raw": 113, "N_roi": 113, "N_inlier": 112, "refit": true}
{"timestamp": "16:30:44.581180", "frame": 90, "mu": [-1.0922407409861756, 0.7097848020867995, 1.5298018671749631], "Sigma": [[0.011715798432137872, 0.0019525480976583963, -0.005398895987933777], [0.0019525480976583967, 0.010677649981210362, -0.0048043393239432415], [-0.005398895987933777, -0.004804339323943242, 0.004825946107255159]], "chi2_level": 0.997, "chi2_df": 3, "chi2_threshold": 13.931422665512084, "N_raw": 103, "N_roi": 103, "N_inlier": 100, "refit": true}
{"timestamp": "16:30:44.637525", "frame": 91, "mu": [-1.1173654272529014, 0.7593415247403298, 1.421265626424314], "Sigma": [[0.013616111073751214, 0.0050233117374062376, -0.019198454517646974], [0.005023311737406238, 0.025765468994847218, -0.024824290464447334], [-0.01919845451764697, -0.024824290464447334, 0.0946997727687077]], "chi2_level": 0.997, "chi2_df": 3, "chi2_threshold": 13.931422665512084, "N_raw": 116, "N_roi": 116, "N_inlier": 111, "refit": true}
{"timestamp": "16:30:44.694269", "frame": 92, "mu": [-1.1880824030114603, 0.7755639725430211, -0.40010754698757095], "Sigma": [[0.017059855163552233, 0.007378590961941657, -0.0031295769091257333], [0.007378590961941657, 0.019912238620184344, -0.005658477399353365], [-0.0031295769091257333, -0.005658477399353365, 0.004809599530137594]], "chi2_level": 0.997, "chi2_df": 3, "chi2_threshold": 13.931422665512084, "N_raw": 126, "N_roi": 126, "N_inlier": 121, "refit": true}
{"timestamp": "16:30:44.746208", "frame": 93, "mu": [-1.197027436716361, 0.7249410146264121, 1.458706432986942], "Sigma": [[0.01425470112615303, 0.0021581563057511896, -0.007771325711020946], [0.0021581563057511896, 0.011146077853580974, -0.005940181427749925], [-0.007771325711020946, -0.005940181427749925, 0.008622199293549937]], "chi2_level": 0.997, "chi2_df": 3, "chi2_threshold": 13.931422665512084, "N_raw": 103, "N_roi": 103, "N_inlier": 98, "refit": true}
{"timestamp": "16:30:44.799914", "frame": 94, "mu": [-1.2509583396373354, 0.7486659377600532, 1.468391167908006], "Sigma": [[0.017224405030830316, 0.002230143135642222, -0.011640439694355648], [0.002230143135642222, 0.012383225465347406, -0.002507683897570665], [-0.011640439694355648, -0.002507683897570665, 0.009513514024479756]], "chi2_level": 0.997, "chi2_df": 3, "chi2_threshold": 13.931422665512084, "N_raw": 97, "N_roi": 97, "N_inlier": 94, "refit": true}
{"timestamp": "16:30:44.852961", "frame": 95, "mu": [-1.274680014746823, 0.6992400334378619, 1.391391688178648], "Sigma": [[0.01200773440939792, 0.006684159571321341, -0.0013780801018207095], [0.006684159571321342, 0.008700160796112194, -0.0055490711426223315], [-0.0013780801018207095, -0.0055490711426223315, 0.005755533676043934]], "chi2_level": 0.997, "chi2_df": 3, "chi2_threshold": 13.931422665512084, "N_raw": 83, "N_roi": 83, "N_inlier": 80, "refit": true}
{"timestamp": "16:30:44.905083", "frame": 96, "mu": [-1.2501897672113111, 0.8997529222866709, -0.49182183515627537], "Sigma": [[0.01961092551933978, 0.023508295096666087, -0.01854337855650453], [0.023508295096666087, 0.04623126752754303, -0.019821909053670796], [-0.01854337855650453, -0.019821909053670796, 0.03174527473803555]], "chi2_level": 0.997, "chi2_df": 3, "chi2_threshold": 13.931422665512084, "N_raw": 67, "N_roi": 67, "N_inlier": 66, "refit": true}
{"timestamp": "16:30:44.960923", "frame": 97, "mu": [-1.3153553990485285, 0.9099234780924534, -0.4759814993815152], "Sigma": [[0.011433106676917298, 0.009345690748267747, -0.0022380942245995], [0.009345690748267747, 0.015984880549548577, -0.005776176477959176], [-0.0022380942245994995, -0.005776176477959176, 0.0053974056124406955]], "chi2_level": 0.997, "chi2_df": 3, "chi2_threshold": 13.931422665512084, "N_raw": 74, "N_roi": 74, "N_inlier": 70, "refit": true}
{"timestamp": "16:30:45.016670", "frame": 98, "mu": [-1.3756835634742608, 0.7765545751103048, 1.3653436460305686], "Sigma": [[0.012311160592751341, 0.006686827423682087, -0.003133508016153953], [0.006686827423682085, 0.01264103384053474, -0.005147420254641924], [-0.0031335080161539524, -0.005147420254641924, 0.005596837453281643]], "chi2_level": 0.997, "chi2_df": 3, "chi2_threshold": 13.931422665512084, "N_raw": 79, "N_roi": 79, "N_inlier": 78, "refit": true}
{"timestamp": "16:30:45.070664", "frame": 99, "mu": [-1.4388720643406276, 0.8570356791508884, 1.4371358383123434], "Sigma": [[0.011438241668569429, 0.0032321344448919377, -0.009601474947128985], [0.0032321344448919386, 0.015249308074984272, -0.004679427568749282], [-0.009601474947128985, -0.004679427568749282, 0.015331701925290087]], "chi2_level": 0.997, "chi2_df": 3, "chi2_threshold": 13.931422665512084, "N_raw": 74, "N_roi": 74, "N_inlier": 72, "refit": true}
{"timestamp": "16:30:45.227343", "frame": 100, "mu": [-1.4947276764479096, 0.8906344886067161, 1.428806180257058], "Sigma": [[0.009507913291173804, 0.0028749599428312114, -0.01164192953458975], [0.002874959942831211, 0.016422244868756212, -0.008359208680133214], [-0.011641929534589748, -0.008359208680133214, 0.022908061546843668]], "chi2_level": 0.997, "chi2_df": 3, "chi2_threshold": 13.931422665512084, "N_raw": 66, "N_roi": 66, "N_inlier": 64, "refit": true}
{"timestamp": "16:30:45.253048", "frame": 101, "mu": [-1.477045797523965, 0.9849194901066274, 1.4518278000534885], "Sigma": [[0.014185330034546013, 0.005133557393261447, -0.008159102370148167], [0.005133557393261446, 0.01707436733733888, -0.006561117389354229], [-0.008159102370148167, -0.0065611173893542285, 0.00715394396660982]], "chi2_level": 0.997, "chi2_df": 3, "chi2_threshold": 13.931422665512084, "N_raw": 100, "N_roi": 100, "N_inlier": 96, "refit": true}
{"timestamp": "16:30:45.282897", "frame": 102, "mu": [-1.4563492295319764, 0.9523475250989036, 1.3216425951678374], "Sigma": [[0.012494431271286842, 0.013112659374410668, -0.0005161700876785127], [0.01311265937441067, 0.026828791744783205, 5.17562521978245e-05], [-0.0005161700876785127, 5.17562521978245e-05, 0.011452235759002808]], "chi2_level": 0.997, "chi2_df": 3, "chi2_threshold": 13.931422665512084, "N_raw": 84, "N_roi": 84, "N_inlier": 81, "refit": true}
{"timestamp": "16:30:45.316220", "frame": 103, "mu": [-1.485455357968165, 1.116245886458941, 0.11321521881445294], "Sigma": [[0.016619503500013736, 0.005771273272900022, 0.06659383042850156], [0.005771273272900022, 0.02333898795382744, 0.0678863262033757], [0.06659383042850156, 0.0678863262033757, 0.6607450009203492]], "chi2_level": 0.997, "chi2_df": 3, "chi2_threshold": 13.931422665512084, "N_raw": 100, "N_roi": 100, "N_inlier": 100, "refit": true}
{"timestamp": "16:30:45.347562", "frame": 104, "mu": [-1.4986103944287201, 1.2083805574846584, 0.013696420138417742], "Sigma": [[0.015881836353053506, 0.007468871516422594, 0.03976600645649925], [0.007468871516422594, 0.014267511476672557, 0.02420806290452611], [0.03976600645649925, 0.02420806290452611, 0.3462432130035689]], "chi2_level": 0.997, "chi2_df": 3, "chi2_threshold": 13.931422665512084, "N_raw": 85, "N_roi": 85, "N_inlier": 85, "refit": true}
{"timestamp": "16:30:45.403554", "frame": 105, "mu": [-1.5175648440743272, 1.2598595008801003, 0.04943401162483766], "Sigma": [[0.013384847950583463, 0.00717909592401779, 0.0242319215403963], [0.00717909592401779, 0.015519618404438102, 0.025130299457833825], [0.024231921540396294, 0.025130299457833828, 0.32367649361765327]], "chi2_level": 0.997, "chi2_df": 3, "chi2_threshold": 13.931422665512084, "N_raw": 84, "N_roi": 84, "N_inlier": 84, "refit": true}
{"timestamp": "16:30:45.460958", "frame": 106, "mu": [-1.5513088854524582, 1.2085732934481885, 1.3782706560471123], "Sigma": [[0.012816794397000253, 0.0067921712328855785, -0.015873736017059555], [0.0067921712328855785, 0.015560573658946766, -0.015475754921872486], [-0.015873736017059555, -0.015475754921872486, 0.03284693507372814]], "chi2_level": 0.997, "chi2_df": 3, "chi2_threshold": 13.931422665512084, "N_raw": 103, "N_roi": 103, "N_inlier": 102, "refit": true}
{"timestamp": "16:30:45.508239", "frame": 107, "mu": [-1.7051403867584265, 1.2297597178090367, 1.6050897351687374], "Sigma": [[0.01928249645479248, 0.0021550895842537636, -0.022814353818305023], [0.002155089584253764, 0.013037017935156494, -0.000447375607336402], [-0.022814353818305023, -0.00044737560733640265, 0.03456499312160352]], "chi2_level": 0.997, "chi2_df": 3, "chi2_threshold": 13.931422665512084, "N_raw": 48, "N_roi": 48, "N_inlier": 46, "refit": true}
{"timestamp": "16:30:45.567383", "frame": 108, "mu": [-1.6865760974196315, 1.2901271372566963, 1.3493021277579733], "Sigma": [[0.013900141314974175, 0.004850494480364487, -0.02046551470111116], [0.004850494480364487, 0.007812915327641888, -0.010409854816896885], [-0.02046551470111116, -0.010409854816896887, 0.11661000941722374]], "chi2_level": 0.997, "chi2_df": 3, "chi2_threshold": 13.931422665512084, "N_raw": 74, "N_roi": 74, "N_inlier": 72, "refit": true}
{"timestamp": "16:30:45.620785", "frame": 109, "mu": [-1.6848967659332876, 1.2976109467980144, 1.532443016724111], "Sigma": [[0.013557553440848134, 0.006214908813290931, -0.014712939946479915], [0.006214908813290931, 0.013071082530432194, -0.008299365735824623], [-0.014712939946479915, -0.008299365735824623, 0.018321277752191403]], "chi2_level": 0.997, "chi2_df": 3, "chi2_threshold": 13.931422665512084, "N_raw": 70, "N_roi": 70, "N_inlier": 68, "refit": true}
