{"timestamp": "16:19:06.465447", "frame": 19, "mu": [-2.417618070563322, 0.8034050848665788, 0.7030874552302033], "Sigma": [[0.003366485761533016, 0.001979232527359745, 0.00026080989739179594], [0.0019792325273597445, 0.004063232838678352, -0.0019109443995066222], [0.00026080989739179583, -0.0019109443995066217, 0.004746539831433195]], "chi2_level": 0.997, "chi2_df": 3, "chi2_threshold": 13.931422665512084, "N_raw": 34, "N_roi": 16, "N_inlier": 16, "refit": true}
{"timestamp": "16:19:06.628443", "frame": 22, "mu": [-0.38723055374024284, 0.623417317195943, 0.9316673525942814], "Sigma": [[4.713332471497556, -0.13756900924196291, 0.22440281127324824], [-0.13756900924196291, 0.02008466118447203, -0.04265196328229741], [0.22440281127324824, -0.04265196328229741, 0.11216565144357782]], "chi2_level": 0.997, "chi2_df": 3, "chi2_threshold": 13.931422665512084, "N_raw": 11, "N_roi": 11, "N_inlier": 11, "refit": true}
{"timestamp": "16:19:06.687710", "frame": 23, "mu": [-1.281474282776489, 0.6088535334460777, 0.9162072835409697], "Sigma": [[3.432654484703619, -0.05879999222165933, 0.06252929628870596], [-0.05879999222165934, 0.011545844741262795, -0.006108782957720441], [0.06252929628870596, -0.006108782957720441, 0.005486767922724192]], "chi2_level": 0.997, "chi2_df": 3, "chi2_threshold": 13.931422665512084, "N_raw": 46, "N_roi": 46, "N_inlier": 46, "refit": true}
{"timestamp": "16:19:06.847369", "frame": 26, "mu": [-1.0326170378705326, 0.6526759596681565, 0.862494198620783], "Sigma": [[3.2531309690945722, -0.09976430176510862, 0.08457438868976727], [-0.09976430176510862, 0.006844663986104722, -0.0010250624156521759], [0.08457438868976727, -0.0010250624156521759, 0.004648044059723096]], "chi2_level": 0.997, "chi2_df": 3, "chi2_threshold": 13.931422665512084, "N_raw": 10, "N_roi": 10, "N_inlier": 10, "refit": true}
{"timestamp": "16:19:06.996819", "frame": 27, "mu": [-0.9595660910970885, 0.5618269445393839, 0.9261549852254546], "Sigma": [[3.7991083217387254, -0.055251808596795605, 0.029162796488272573], [-0.05525180859679561, 0.010030936064754227, -0.002379874287420547], [0.029162796488272573, -0.0023798742874205467, 0.01256733068543892]], "chi2_level": 0.997, "chi2_df": 3, "chi2_threshold": 13.931422665512084, "N_raw": 38, "N_roi": 38, "N_inlier": 38, "refit": true}
{"timestamp": "16:19:07.027270", "frame": 28, "mu": [-1.313461896409256, 0.623496115543106, 1.045849335299362], "Sigma": [[2.4328668206939623, -0.08303097708597794, 0.02289695454899204], [-0.08303097708597795, 0.01639058326030312, -0.005283717955422686], [0.02289695454899204, -0.005283717955422686, 0.0027585242239330466]], "chi2_level": 0.997, "chi2_df": 3, "chi2_threshold": 13.931422665512084, "N_raw": 33, "N_roi": 33, "N_inlier": 33, "refit": true}
{"timestamp": "16:19:07.059684", "frame": 29, "mu": [-1.0458743668964832, 0.559812540047558, 0.8313828609593757], "Sigma": [[3.300925112629364, -0.055275294984542436, 0.004115752238556633], [-0.055275294984542436, 0.01718862109889069, 0.0026763360204025317], [0.004115752238556623, 0.0026763360204025313, 0.010342446169463435]], "chi2_level": 0.997, "chi2_df": 3, "chi2_threshold": 13.931422665512084, "N_raw": 25, "N_roi": 25, "N_inlier": 25, "refit": true}
{"timestamp": "16:19:07.090558", "frame": 30, "mu": [-0.8879351276248488, 0.4831894245404858, 0.7617473630463302], "Sigma": [[3.4454935820989716, -0.05315973572812662, 0.007229948176772111], [-0.05315973572812662, 0.009808873172642745, -0.0011518325001829938], [0.007229948176772111, -0.0011518325001829938, 0.001987794162849206]], "chi2_level": 0.997, "chi2_df": 3, "chi2_threshold": 13.931422665512084, "N_raw": 25, "N_roi": 25, "N_inlier": 25, "refit": true}
{"timestamp": "16:19:07.127166", "frame": 31, "mu": [-0.40482852331667396, 0.4567268227204765, 0.732369499348392], "Sigma": [[4.112300080016358, -0.03653425507236022, 0.05715165912047748], [-0.03653425507236022, 0.008578788972034243, -0.0009379213304180747], [0.05715165912047748, -0.0009379213304180747, 0.0047862272941738]], "chi2_level": 0.997, "chi2_df": 3, "chi2_threshold": 13.931422665512084, "N_raw": 25, "N_roi": 25, "N_inlier": 24, "refit": true}
{"timestamp": "16:19:07.181413", "frame": 32, "mu": [-1.6173550710280034, 0.6080182550743074, 1.126855308237661], "Sigma": [[1.115238306802769, -0.03806026347969363, 0.0174908859707031], [-0.03806026347969363, 0.014668076402250783, -0.006089524322301861], [0.0174908859707031, -0.006089524322301861, 0.005686354103128903]], "chi2_level": 0.997, "chi2_df": 3, "chi2_threshold": 13.931422665512084, "N_raw": 32, "N_roi": 32, "N_inlier": 32, "refit": true}
{"timestamp": "16:19:07.237770", "frame": 33, "mu": [-1.8865983922894307, 0.6130735181585498, 1.0650732220096233], "Sigma": [[0.007366034188357661, 0.005570903335259657, 0.00041053974806832497], [0.005570903335259656, 0.010732786127855257, -0.004901180939192326], [0.0004105397480683249, -0.004901180939192326, 0.006294218865671128]], "chi2_level": 0.997, "chi2_df": 3, "chi2_threshold": 13.931422665512084, "N_raw": 44, "N_roi": 44, "N_inlier": 43, "refit": true}
{"timestamp": "16:19:07.291682", "frame": 34, "mu": [-1.5355898831259802, 0.5459768741676784, 1.1096171224954414], "Sigma": [[1.015436114198384, -0.020520756313305133, 0.01800641287715111], [-0.020520756313305136, 0.00905332106113904, -0.0032737976510143416], [0.018006412877151115, -0.003273797651014341, 0.009163893077195244]], "chi2_level": 0.997, "chi2_df": 3, "chi2_threshold": 13.931422665512084, "N_raw": 41, "N_roi": 41, "N_inlier": 41, "refit": true}
{"timestamp": "16:19:07.349978", "frame": 35, "mu": [-1.210280276777695, 0.5085731335685164, 1.0055093703834415], "Sigma": [[1.7380289806702354, -0.035524688309026525, 0.038541845700163536], [-0.035524688309026525, 0.010665998217411501, -0.0005418884034122769], [0.03854184570016353, -0.0005418884034122774, 0.015520757255816272]], "chi2_level": 0.997, "chi2_df": 3, "chi2_threshold": 13.931422665512084, "N_raw": 62, "N_roi": 62, "N_inlier": 62, "refit": true}
{"timestamp": "16:19:07.402896", "frame": 36, "mu": [-1.155792449226221, 0.5039364815367477, 0.9366984275887528], "Sigma": [[1.926116132566196, -0.024390525060727357, -0.020168825480301574], [-0.024390525060727357, 0.011025265017471341, 0.002687792185296353], [-0.020168825480301574, 0.002687792185296353, 0.015604725107899283]], "chi2_level": 0.997, "chi2_df": 3, "chi2_threshold": 13.931422665512084, "N_raw": 54, "N_roi": 54, "N_inlier": 54, "refit": true}
{"timestamp": "16:19:07.459860", "frame": 37, "mu": [-1.6978255875565718, 0.7602768703529409, -0.9168774212657276], "Sigma": [[0.18892703680791445, 0.0032604265456496126, 0.005939913119950537], [0.003260426545649612, 0.013190136143214565, -0.002878646129868037], [0.005939913119950537, -0.002878646129868037, 0.01907991014573895]], "chi2_level": 0.997, "chi2_df": 3, "chi2_threshold": 13.931422665512084, "N_raw": 59, "N_roi": 59, "N_inlier": 55, "refit": true}
{"timestamp": "16:19:07.514645", "frame": 38, "mu": [-1.6678696046301942, 0.5331527956659232, 1.0653972532238989], "Sigma": [[0.006995849237190593, 0.009016052563514398, 0.007776507763037488], [0.009016052563514398, 0.015517484724599616, 0.007383384778689998], [0.007776507763037488, 0.007383384778689998, 0.03626427263030961]], "chi2_level": 0.997, "chi2_df": 3, "chi2_threshold": 13.931422665512084, "N_raw": 59, "N_roi": 59, "N_inlier": 55, "refit": true}
{"timestamp": "16:19:07.570408", "frame": 39, "mu": [-1.6246644007281816, 0.7421634837319329, -0.7036596485723919], "Sigma": [[0.007217057523191359, 0.005825297088826779, 0.005017831718066398], [0.005825297088826779, 0.031703248463998045, -0.001687723807359543], [0.005017831718066399, -0.0016877238073595435, 0.02021808956296462]], "chi2_level": 0.997, "chi2_df": 3, "chi2_threshold": 13.931422665512084, "N_raw": 67, "N_roi": 67, "N_inlier": 64, "refit": true}
{"timestamp": "16:19:07.630812", "frame": 40, "mu": [-1.6692419511847982, 0.8528441305010723, -0.40568002215560217], "Sigma": [[0.01072872493265411, 0.0012767230362351616, 0.010720063906948917], [0.0012767230362351618, 0.01654063512734648, 0.008755796927048844], [0.010720063906948917, 0.008755796927048844, 0.31549766079873487]], "chi2_level": 0.997, "chi2_df": 3, "chi2_threshold": 13.931422665512084, "N_raw": 81, "N_roi": 81, "N_inlier": 81, "refit": true}
{"timestamp": "16:19:07.685599", "frame": 41, "mu": [-1.5622992531466187, 0.6993034526668114, 1.205507328650104], "Sigma": [[0.01114704878460737, 0.0025332259188566323, 0.010238948000912806], [0.0025332259188566323, 0.01365159950378658, -0.010244759935090712], [0.010238948000912806, -0.010244759935090714, 0.030527063530782873]], "chi2_level": 0.997, "chi2_df": 3, "chi2_threshold": 13.931422665512084, "N_raw": 82, "N_roi": 82, "N_inlier": 82, "refit": true}
{"timestamp": "16:19:07.744122", "frame": 42, "mu": [-1.5357527964373434, 0.626918274023677, 1.2221163428686361], "Sigma": [[0.013429577170706255, 0.004960315485630504, 0.005631480827573871], [0.004960315485630503, 0.0191434802628905, -0.011356600536725308], [0.005631480827573871, -0.011356600536725308, 0.01637402057973263]], "chi2_level": 0.997, "chi2_df": 3, "chi2_threshold": 13.931422665512084, "N_raw": 108, "N_roi": 108, "N_inlier": 106, "refit": true}
{"timestamp": "16:19:07.797607", "frame": 43, "mu": [-1.481651790822188, 0.5779480302513176, 1.1629068485984508], "Sigma": [[0.009559266587589812, 0.004284858274956518, 0.0033388770838277105], [0.004284858274956518, 0.022904173388139472, -0.014363525216961388], [0.00333887708382771, -0.014363525216961388, 0.01585805623428941]], "chi2_level": 0.997, "chi2_df": 3, "chi2_threshold": 13.931422665512084, "N_raw": 93, "N_roi": 93, "N_inlier": 90, "refit": true}
{"timestamp": "16:19:07.849910", "frame": 44, "mu": [-1.445238970293222, 0.5937473959174646, 1.1267430229856175], "Sigma": [[0.014316035328844868, 0.011311903768072024, 0.004967910556336856], [0.011311903768072024, 0.0223724987599939, -0.006504674422620177], [0.004967910556336856, -0.006504674422620178, 0.016827174570315885]], "chi2_level": 0.997, "chi2_df": 3, "chi2_threshold": 13.931422665512084, "N_raw": 76, "N_roi": 76, "N_inlier": 72, "refit": true}
{"timestamp": "16:19:07.905798", "frame": 45, "mu": [-1.3694352788353403, 0.6119218661637119, 1.1886938722647877], "Sigma": [[0.009210558814807878, 0.00195590093759744, 0.0007547351047224507], [0.00195590093759744, 0.01896896385254935, -0.011220380096915998], [0.0007547351047224508, -0.011220380096915998, 0.012186400965865448]], "chi2_level": 0.997, "chi2_df": 3, "chi2_threshold": 13.931422665512084, "N_raw": 86, "N_roi": 86, "N_inlier": 83, "refit": true}
{"timestamp": "16:19:07.962888", "frame": 46, "mu": [-1.2958685043208316, 0.5343809290714862, 1.2424192149543516], "Sigma": [[0.011475099683825455, 0.006456738277595156, 0.0061109828637469985], [0.006456738277595156, 0.009893228346756261, -0.0031399928145625687], [0.006110982863746998, -0.0031399928145625687, 0.0126966938459938]], "chi2_level": 0.997, "chi2_df": 3, "chi2_threshold": 13.931422665512084, "N_raw": 89, "N_roi": 89, "N_inlier": 85, "refit": true}
{"timestamp": "16:19:08.010900", "frame": 47, "mu": [-1.1834180822402058, 0.5426274412025373, 1.3098673463449593], "Sigma": [[0.006052863287593221, 0.004518340482343268, 0.00183312011561009], [0.004518340482343269, 0.006030469838855557, -0.0015603159668120957], [0.00183312011561009, -0.0015603159668120957, 0.011928347862490092]], "chi2_level": 0.997, "chi2_df": 3, "chi2_threshold": 13.931422665512084, "N_raw": 48, "N_roi": 48, "N_inlier": 45, "refit": true}
{"timestamp": "16:19:08.069446", "frame": 48, "mu": [-1.1557670638943645, 0.5551643724782972, 1.3899234158290064], "Sigma": [[0.009233952202862628, 0.00561482829795782, 0.002641439435261851], [0.00561482829795782, 0.006669030024299644, -0.002683728836253393], [0.002641439435261851, -0.002683728836253393, 0.010796753437957196]], "chi2_level": 0.997, "chi2_df": 3, "chi2_threshold": 13.931422665512084, "N_raw": 77, "N_roi": 77, "N_inlier": 74, "refit": true}
{"timestamp": "16:19:08.128047", "frame": 49, "mu": [-1.1347514975586717, 0.653611728527942, 0.06170851076975038], "Sigma": [[0.015048704932339884, 0.0027519827926025444, 0.062282522069135954], [0.0027519827926025444, 0.005953419223652075, 0.004750376806105858], [0.062282522069135954, 0.004750376806105858, 0.7073792329928937]], "chi2_level": 0.997, "chi2_df": 3, "chi2_threshold": 13.931422665512084, "N_raw": 98, "N_roi": 98, "N_inlier": 97, "refit": true}
{"timestamp": "16:19:08.181796", "frame": 50, "mu": [-1.116087493936791, 0.5619713379148964, 1.401393717877457], "Sigma": [[0.01150215668323675, 0.007267075152446592, 0.0031719319839104317], [0.007267075152446592, 0.01140576002378425, -0.0023865328835381188], [0.0031719319839104325, -0.0023865328835381188, 0.00585128847423516]], "chi2_level": 0.997, "chi2_df": 3, "chi2_threshold": 13.931422665512084, "N_raw": 88, "N_roi": 88, "N_inlier": 85, "refit": true}
{"timestamp": "16:19:08.235122", "frame": 51, "mu": [-0.9928392825275836, 0.609647755621, 1.4334623962991788], "Sigma": [[0.008728147489898093, 0.008606327008620789, 0.003585812919793467], [0.008606327008620789, 0.015250432166215109, 0.00039317877554493274], [0.003585812919793467, 0.0003931787755449325, 0.005350083906421456]], "chi2_level": 0.997, "chi2_df": 3, "chi2_threshold": 13.931422665512084, "N_raw": 73, "N_roi": 73, "N_inlier": 73, "refit": true}
{"timestamp": "16:19:08.291406", "frame": 52, "mu": [-0.9185603508736739, 0.7190821830476947, 1.543670523259613], "Sigma": [[0.01196419972517074, 0.002085606775403869, -0.010744211588573076], [0.0020856067754038694, 0.0036468752991752097, -0.007373546960261164], [-0.010744211588573076, -0.007373546960261164, 0.03827139947152256]], "chi2_level": 0.997, "chi2_df": 3, "chi2_threshold": 13.931422665512084, "N_raw": 87, "N_roi": 87, "N_inlier": 85, "refit": true}
{"timestamp": "16:19:08.350345", "frame": 53, "mu": [-0.9130791401689609, 0.657036780131003, 1.4642827032085874], "Sigma": [[0.015646702106857965, 0.011562417175673249, 0.0034427262226456507], [0.011562417175673249, 0.019451368188394692, 0.004670839072131542], [0.0034427262226456503, 0.004670839072131542, 0.022501211917012126]], "chi2_level": 0.997, "chi2_df": 3, "chi2_threshold": 13.931422665512084, "N_raw": 115, "N_roi": 115, "N_inlier": 111, "refit": true}
{"timestamp": "16:19:08.400779", "frame": 54, "mu": [-0.8957437622504885, 0.7980600701672749, -0.16009649399335116], "Sigma": [[0.011405348043150939, 0.005841825864730806, -0.002305768211900079], [0.005841825864730807, 0.008195848001953486, -0.0039515414358866985], [-0.0023057682119000784, -0.0039515414358866985, 0.003679314694969379]], "chi2_level": 0.997, "chi2_df": 3, "chi2_threshold": 13.931422665512084, "N_raw": 84, "N_roi": 84, "N_inlier": 81, "refit": true}
{"timestamp": "16:19:08.460024", "frame": 55, "mu": [-0.8366341861952713, 0.7062301221067113, 1.556631861800908], "Sigma": [[0.025110594725645287, 0.01503219432688313, -0.010455135590944999], [0.01503219432688313, 0.015661959389501507, -0.009211078819915189], [-0.010455135590944999, -0.009211078819915189, 0.01219039879861031]], "chi2_level": 0.997, "chi2_df": 3, "chi2_threshold": 13.931422665512084, "N_raw": 113, "N_roi": 113, "N_inlier": 111, "refit": true}
{"timestamp": "16:19:08.502581", "frame": 56, "mu": [-0.6285895995507227, 0.7401048381059079, 1.2837929593932305], "Sigma": [[0.002059479540222329, -0.0017948889765689374, -0.011797588674312196], [-0.0017948889765689374, 0.01577764868479889, 0.005915955478414307], [-0.011797588674312198, 0.005915955478414307, 0.12458833762566977]], "chi2_level": 0.997, "chi2_df": 3, "chi2_threshold": 13.931422665512084, "N_raw": 21, "N_roi": 19, "N_inlier": 18, "refit": true}
{"timestamp": "16:19:08.564321", "frame": 57, "mu": [-0.6064214152111898, 0.8347923741147601, 1.5638097990262223], "Sigma": [[0.021644191931658535, 0.009469610296036142, -0.009033995509384949], [0.009469610296036142, 0.008520216091644871, -0.006995818110176043], [-0.009033995509384949, -0.006995818110176043, 0.006718524361765665]], "chi2_level": 0.997, "chi2_df": 3, "chi2_threshold": 13.931422665512084, "N_raw": 70, "N_roi": 70, "N_inlier": 68, "refit": true}
{"timestamp": "16:19:08.615941", "frame": 58, "mu": [-0.4756338797680115, 0.9030455207957172, 1.4857673709179429], "Sigma": [[0.002548895171427536, 0.00021701465956329598, 0.0005845492525750767], [0.000217014659563296, 0.002865070915144598, -0.0019871390150765058], [0.0005845492525750766, -0.0019871390150765058, 0.004840614049355928]], "chi2_level": 0.997, "chi2_df": 3, "chi2_threshold": 13.931422665512084, "N_raw": 46, "N_roi": 46, "N_inlier": 43, "refit": true}
{"timestamp": "16:19:08.670957", "frame": 59, "mu": [-0.5166914648621082, 0.899473583228004, 1.436734406031328], "Sigma": [[0.0030728684843376636, -0.001030512137638495, 0.002661233342875883], [-0.001030512137638495, 0.0013481484221572278, -0.0028943540532405674], [0.002661233342875882, -0.0028943540532405674, 0.014485666923525304]], "chi2_level": 0.997, "chi2_df": 3, "chi2_threshold": 13.931422665512084, "N_raw": 46, "N_roi": 45, "N_inlier": 44, "refit": true}
{"timestamp": "16:19:08.732616", "frame": 60, "mu": [-0.4170185776778871, 0.9225997687290167, -0.08484033338487548], "Sigma": [[0.005725532578330579, -0.002154344585399886, 0.03345075840847641], [-0.0021543445853998864, 0.009402268181684168, -0.031194486788850354], [0.03345075840847641, -0.031194486788850354, 0.3469429427650627]], "chi2_level": 0.997, "chi2_df": 3, "chi2_threshold": 13.931422665512084, "N_raw": 97, "N_roi": 97, "N_inlier": 97, "refit": true}
{"timestamp": "16:19:08.786628", "frame": 61, "mu": [-0.3215549325440625, 0.9167700646745862, 1.331858216439029], "Sigma": [[0.003093086046273903, 0.0015616334873146246, 0.00832824071651499], [0.0015616334873146242, 0.008139352156660994, 0.011515788739366276], [0.00832824071651499, 0.011515788739366274, 0.08358678689298923]], "chi2_level": 0.997, "chi2_df": 3, "chi2_threshold": 13.931422665512084, "N_raw": 87, "N_roi": 86, "N_inlier": 85, "refit": true}
{"timestamp": "16:19:08.841249", "frame": 62, "mu": [-0.3174625688725174, 0.929033204262153, 1.4605882318803247], "Sigma": [[0.004980048156520421, -0.00041136986228768437, 0.0005853472553251065], [-0.0004113698622876843, 0.0022511397366521534, -0.0030958059216020357], [0.0005853472553251065, -0.0030958059216020357, 0.004666954748971586]], "chi2_level": 0.997, "chi2_df": 3, "chi2_threshold": 13.931422665512084, "N_raw": 87, "N_roi": 87, "N_inlier": 85, "refit": true}
{"timestamp": "16:19:08.893990", "frame": 63, "mu": [-0.24695138570919034, 0.9544415605597214, 1.4232012690852744], "Sigma": [[0.0035717919311632294, -0.0006496416577856632, 0.0033593323862823464], [-0.0006496416577856632, 0.001286707932312552, -0.0030314618972482167], [0.0033593323862823464, -0.0030314618972482167, 0.010341492256465445]], "chi2_level": 0.997, "chi2_df": 3, "chi2_threshold": 13.931422665512084, "N_raw": 70, "N_roi": 70, "N_inlier": 68, "refit": true}
{"timestamp": "16:19:08.951732", "frame": 64, "mu": [-0.14566437074225383, 1.0016207578049463, 1.3266975150638582], "Sigma": [[0.014541977388525808, 0.007923070130688372, -0.03490894869191267], [0.007923070130688372, 0.009653180352916206, -0.02768003190601964], [-0.03490894869191267, -0.02768003190601964, 0.10441695468970272]], "chi2_level": 0.997, "chi2_df": 3, "chi2_threshold": 13.931422665512084, "N_raw": 84, "N_roi": 84, "N_inlier": 81, "refit": true}
{"timestamp": "16:19:09.012784", "frame": 65, "mu": [-0.07966240889932909, 1.0240398569922164, 1.2765338016112857], "Sigma": [[0.022677547043506226, 0.011695464034785823, -0.043760877607122016], [0.011695464034785823, 0.011788523338920118, -0.03061337255289827], [-0.043760877607122016, -0.03061337255289827, 0.11385528785829377]], "chi2_level": 0.997, "chi2_df": 3, "chi2_threshold": 13.931422665512084, "N_raw": 118, "N_roi": 118, "N_inlier": 113, "refit": true}
{"timestamp": "16:19:09.060749", "frame": 66, "mu": [-0.11389470631909734, 0.9555468305464261, 1.4285590772400814], "Sigma": [[0.002173241124845502, -0.0004829714593752435, 0.0009027844925559167], [-0.0004829714593752435, 0.0019073203277066068, -0.003713343893824916], [0.0009027844925559167, -0.0037133438938249156, 0.011211639379917294]], "chi2_level": 0.997, "chi2_df": 3, "chi2_threshold": 13.931422665512084, "N_raw": 75, "N_roi": 75, "N_inlier": 70, "refit": true}
{"timestamp": "16:19:09.110897", "frame": 67, "mu": [-0.042620459567456345, 0.9843146062766414, 1.2661764698089177], "Sigma": [[0.02257275944959721, 0.014737044987823281, -0.0380992426418196], [0.014737044987823281, 0.011882318765151582, -0.023573168802490222], [-0.0380992426418196, -0.02357316880249022, 0.07630013514231201]], "chi2_level": 0.997, "chi2_df": 3, "chi2_threshold": 13.931422665512084, "N_raw": 45, "N_roi": 45, "N_inlier": 42, "refit": true}
{"timestamp": "16:19:09.167649", "frame": 68, "mu": [0.02691624841956666, 0.9577763201601188, 1.386660882051884], "Sigma": [[0.006681737425076626, 0.006606541950360109, -0.010570348133692354], [0.006606541950360109, 0.01095052023753171, -0.013235114726520602], [-0.010570348133692354, -0.013235114726520603, 0.037072399759954175]], "chi2_level": 0.997, "chi2_df": 3, "chi2_threshold": 13.931422665512084, "N_raw": 67, "N_roi": 67, "N_inlier": 66, "refit": true}
{"timestamp": "16:19:09.226901", "frame": 69, "mu": [0.041413423745999066, 0.8558216689054673, 1.316571185328912], "Sigma": [[0.003755544554040249, 0.002121346322151779, 0.004634831714142373], [0.002121346322151779, 0.0060863388952459045, -0.0010287659477873053], [0.0046348317141423736, -0.0010287659477873053, 0.016569974531215715]], "chi2_level": 0.997, "chi2_df": 3, "chi2_threshold": 13.931422665512084, "N_raw": 94, "N_roi": 94, "N_inlier": 92, "refit": true}
{"timestamp": "16:19:09.279579", "frame": 70, "mu": [0.09798605431534044, 0.8665566513953182, 1.2903500778511399], "Sigma": [[0.002229977015805011, -0.0003678307145507844, -0.0007094264329429616], [-0.0003678307145507844, 0.004556911432257021, -0.0017228507803960227], [-0.0007094264329429616, -0.0017228507803960225, 0.006665742467465089]], "chi2_level": 0.997, "chi2_df": 3, "chi2_threshold": 13.931422665512084, "N_raw": 73, "N_roi": 73, "N_inlier": 70, "refit": true}
{"timestamp": "16:19:09.326291", "frame": 71, "mu": [0.1361197798860175, 0.8415987161170972, 1.1564781229492749], "Sigma": [[0.007323275861673954, 0.0034133824495840557, 0.022177789988002912], [0.0034133824495840557, 0.0035283721371165188, 0.009325372187456864], [0.022177789988002912, 0.009325372187456864, 0.07258572848738243]], "chi2_level": 0.997, "chi2_df": 3, "chi2_threshold": 13.931422665512084, "N_raw": 12, "N_roi": 12, "N_inlier": 12, "refit": true}
{"timestamp": "16:19:09.385726", "frame": 72, "mu": [0.24728724107327194, 0.8325844292148776, 1.408329871867498], "Sigma": [[0.0012951686844704156, 0.0017012405434818816, 0.002564388831890708], [0.0017012405434818818, 0.0049217984971465885, 0.003610804432713864], [0.002564388831890708, 0.0036108044327138634, 0.016795909075129394]], "chi2_level": 0.997, "chi2_df": 3, "chi2_threshold": 13.931422665512084, "N_raw": 51, "N_roi": 51, "N_inlier": 48, "refit": true}
{"timestamp": "16:19:09.439712", "frame": 73, "mu": [0.2624915388743916, 0.8634233183826832, 1.3502596116445285], "Sigma": [[0.0009826284461103053, 0.00031021216124153193, 0.0006160785196301043], [0.00031021216124153193, 0.0017058527858685808, -0.001975499291186268], [0.0006160785196301043, -0.001975499291186268, 0.008983560310092334]], "chi2_level": 0.997, "chi2_df": 3, "chi2_threshold": 13.931422665512084, "N_raw": 40, "N_roi": 39, "N_inlier": 38, "refit": true}
{"timestamp": "16:19:09.604377", "frame": 76, "mu": [0.3988085311397988, 0.8491832541301942, 1.2876411579734148], "Sigma": [[0.0015990968473433371, 0.001919151545314746, 0.001189045140838953], [0.001919151545314746, 0.005755202322387705, -0.0008397421611630604], [0.001189045140838953, -0.0008397421611630604, 0.0060826817120487155]], "chi2_level": 0.997, "chi2_df": 3, "chi2_threshold": 13.931422665512084, "N_raw": 44, "N_roi": 44, "N_inlier": 41, "refit": true}
{"timestamp": "16:19:09.662641", "frame": 77, "mu": [0.49569936632078526, 0.9029147125814031, 1.3581993933297043], "Sigma": [[0.0027968390533956566, 0.0032263264806943444, 0.007671242720136382], [0.0032263264806943444, 0.0077775499483525535, 0.006439524557846053], [0.007671242720136381, 0.006439524557846053, 0.050693771178043134]], "chi2_level": 0.997, "chi2_df": 3, "chi2_threshold": 13.931422665512084, "N_raw": 63, "N_roi": 63, "N_inlier": 63, "refit": true}
{"timestamp": "16:19:09.719146", "frame": 78, "mu": [0.5149734409901485, 0.8877067554646021, 1.3054773676001457], "Sigma": [[0.0026815863106593447, 0.0021720488089578844, 0.006227644650754517], [0.002172048808957884, 0.004257819988593055, 0.007143034357258668], [0.006227644650754516, 0.007143034357258668, 0.07739083670690593]], "chi2_level": 0.997, "chi2_df": 3, "chi2_threshold": 13.931422665512084, "N_raw": 72, "N_roi": 72, "N_inlier": 72, "refit": true}
{"timestamp": "16:19:09.771495", "frame": 79, "mu": [0.5479474413918902, 0.8299671591775015, 1.1491384721914617], "Sigma": [[0.0019356938530725738, -0.0008083079442122415, 0.0028349911873353315], [-0.0008083079442122415, 0.007193445596087597, -0.013491912170609027], [0.0028349911873353324, -0.013491912170609027, 0.03831327157920367]], "chi2_level": 0.997, "chi2_df": 3, "chi2_threshold": 13.931422665512084, "N_raw": 52, "N_roi": 52, "N_inlier": 50, "refit": true}
{"timestamp": "16:19:09.823195", "frame": 80, "mu": [0.6658268254537487, 0.9024156749643408, 1.3015302593915523], "Sigma": [[0.0022067370805163213, 0.0013047234340191497, -0.0005340161716705192], [0.0013047234340191494, 0.0028998434177930034, -0.0011841130446906146], [-0.0005340161716705192, -0.0011841130446906146, 0.001472589078064316]], "chi2_level": 0.997, "chi2_df": 3, "chi2_threshold": 13.931422665512084, "N_raw": 30, "N_roi": 30, "N_inlier": 28, "refit": true}
{"timestamp": "16:19:09.875718", "frame": 81, "mu": [0.6860784742168496, 0.8372337766473567, 1.2557895403589059], "Sigma": [[0.0018394285169083477, 0.002902571528381001, -0.0034398601336896846], [0.002902571528381001, 0.006688479397044424, -0.0029025454433894236], [-0.0034398601336896855, -0.0029025454433894236, 0.07724055341662756]], "chi2_level": 0.997, "chi2_df": 3, "chi2_threshold": 13.931422665512084, "N_raw": 12, "N_roi": 12, "N_inlier": 12, "refit": true}
{"timestamp": "16:19:09.932148", "frame": 82, "mu": [0.7191497757334139, 0.8242907167050696, 1.3319737671478586], "Sigma": [[0.0020086233840084415, 0.00021161160861269334, -0.0009631931671775385], [0.00021161160861269337, 0.0020794933328840606, -0.0014759207536687274], [-0.0009631931671775385, -0.0014759207536687274, 0.0016878618926563034]], "chi2_level": 0.997, "chi2_df": 3, "chi2_threshold": 13.931422665512084, "N_raw": 30, "N_roi": 30, "N_inlier": 28, "refit": true}
{"timestamp": "16:19:09.984720", "frame": 83, "mu": [0.7735562769242292, 0.8701505729660032, 1.3239575313704135], "Sigma": [[0.0022865732950953007, 0.0016670940647711295, -0.0010517837680340091], [0.0016670940647711295, 0.005782845145401265, 1.0912736279834702e-05], [-0.0010517837680340094, 1.0912736279834702e-05, 0.0015913659802233933]], "chi2_level": 0.997, "chi2_df": 3, "chi2_threshold": 13.931422665512084, "N_raw": 12, "N_roi": 12, "N_inlier": 12, "refit": true}
{"timestamp": "16:19:10.040978", "frame": 84, "mu": [0.8084768196552924, 0.9963620796902656, -0.4540371296426749], "Sigma": [[0.0013971425980988487, 0.0009356381259126023, -0.0005682442978985373], [0.0009356381259126023, 0.002975414781185745, -0.0010236555889557475], [-0.0005682442978985373, -0.0010236555889557475, 0.00040834636232748396]], "chi2_level": 0.997, "chi2_df": 3, "chi2_threshold": 13.931422665512084, "N_raw": 16, "N_roi": 16, "N_inlier": 15, "refit": true}
{"timestamp": "16:19:10.098814", "frame": 85, "mu": [0.8515274208093125, 0.8546041003850188, 1.2863811677283938], "Sigma": [[0.003689396926471783, -0.0016191406556455346, -0.002806819010091749], [-0.0016191406556455346, 0.002792368282561289, -0.00010333184103333024], [-0.002806819010091749, -0.00010333184103333034, 0.004106432618702602]], "chi2_level": 0.997, "chi2_df": 3, "chi2_threshold": 13.931422665512084, "N_raw": 40, "N_roi": 40, "N_inlier": 39, "refit": true}
{"timestamp": "16:19:10.152358", "frame": 86, "mu": [0.921695936011296, 0.9465307510851249, 1.4321871216050779], "Sigma": [[0.0033348311158239163, 0.0030093510707678685, 0.00520167796519898], [0.0030093510707678685, 0.011208515576529082, 0.010018069939783953], [0.00520167796519898, 0.010018069939783953, 0.013543505497144023]], "chi2_level": 0.997, "chi2_df": 3, "chi2_threshold": 13.931422665512084, "N_raw": 33, "N_roi": 33, "N_inlier": 33, "refit": true}
{"timestamp": "16:19:10.207991", "frame": 87, "mu": [0.9348609232647548, 0.8850542953223404, 1.3241465370068681], "Sigma": [[0.002431054227530393, -0.0004289111396636897, -0.0004623716791600084], [-0.0004289111396636896, 0.00575576163215725, 0.0004872862620460028], [-0.00046237167916000845, 0.00048728626204600303, 0.0017198000912048788]], "chi2_level": 0.997, "chi2_df": 3, "chi2_threshold": 13.931422665512084, "N_raw": 33, "N_roi": 33, "N_inlier": 32, "refit": true}
{"timestamp": "16:19:10.317805", "frame": 89, "mu": [1.0516925640049926, 1.0282332703528432, 1.3711683546067608], "Sigma": [[0.001988982737628343, 0.001088328821260127, 0.0008546179984753253], [0.001088328821260127, 0.004028761603053695, 0.003604147770993383], [0.0008546179984753253, 0.003604147770993383, 0.020953901370600308]], "chi2_level": 0.997, "chi2_df": 3, "chi2_threshold": 13.931422665512084, "N_raw": 27, "N_roi": 27, "N_inlier": 26, "refit": true}
{"timestamp": "16:19:10.369226", "frame": 90, "mu": [1.078575423724929, 1.0376331399238516, -0.41034642935584037], "Sigma": [[0.001735227278119112, 0.0016506331382489404, 0.0028588282785086804], [0.0016506331382489404, 0.003099927688938283, 0.0033355971921860436], [0.00285882827850868, 0.003335597192186043, 0.012617848685780492]], "chi2_level": 0.997, "chi2_df": 3, "chi2_threshold": 13.931422665512084, "N_raw": 10, "N_roi": 10, "N_inlier": 10, "refit": true}
{"timestamp": "16:19:10.425114", "frame": 91, "mu": [1.1615831254344073, 1.0167277531876693, 1.0090941910026952], "Sigma": [[0.003913117666701356, -0.0006545799579859735, 0.022943744752574522], [-0.0006545799579859737, 0.007495701789960921, -0.024114074969627315], [0.022943744752574522, -0.024114074969627315, 0.2123167744994744]], "chi2_level": 0.997, "chi2_df": 3, "chi2_threshold": 13.931422665512084, "N_raw": 11, "N_roi": 11, "N_inlier": 11, "refit": true}
{"timestamp": "16:19:10.536629", "frame": 93, "mu": [1.320871069700979, 0.9209954598809389, 1.2589881443616], "Sigma": [[0.0021268677936362506, -0.0016705857477714915, 0.004271076657928227], [-0.001670585747771492, 0.019709682246561132, -0.04529850614441278], [0.004271076657928227, -0.04529850614441278, 0.12161606526098209]], "chi2_level": 0.997, "chi2_df": 3, "chi2_threshold": 13.931422665512084, "N_raw": 19, "N_roi": 19, "N_inlier": 19, "refit": true}
{"timestamp": "16:19:10.645442", "frame": 95, "mu": [1.4141533166029676, 0.8681431502678573, 1.2560597027705223], "Sigma": [[0.0015013107496002545, 0.001904994690388202, -0.00232218303378143], [0.0019049946903882023, 0.03929872807873113, -0.041733095020161], [-0.00232218303378143, -0.041733095020160996, 0.05505355495601662]], "chi2_level": 0.997, "chi2_df": 3, "chi2_threshold": 13.931422665512084, "N_raw": 16, "N_roi": 16, "N_inlier": 16, "refit": true}
{"timestamp": "16:19:10.700828", "frame": 96, "mu": [1.461618187123657, 0.8451628307669443, 1.3627951969497132], "Sigma": [[0.0020881082031136036, -0.0007604078331581944, 0.001403233366763919], [-0.0007604078331581945, 0.0038523885020946254, 0.00017073357620331245], [0.001403233366763919, 0.00017073357620331255, 0.025574867914723833]], "chi2_level": 0.997, "chi2_df": 3, "chi2_threshold": 13.931422665512084, "N_raw": 18, "N_roi": 18, "N_inlier": 18, "refit": true}
