{"timestamp": "16:57:48.296216", "frame": 41, "mu": [-2.3863856235040317, 3.2718101946519633, 0.7693899653676145], "Sigma": [[0.006029182335912298, 0.0025407226831694737, -0.007394777169103652], [0.0025407226831694737, 0.005459368211314317, -0.009121439176565663], [-0.007394777169103652, -0.009121439176565662, 0.02687030128386244]], "chi2_level": 0.997, "chi2_df": 3, "chi2_threshold": 13.931422665512084, "N_raw": 69, "N_roi": 27, "N_inlier": 27, "refit": true}
{"timestamp": "16:57:48.461031", "frame": 44, "mu": [-2.3355417593675427, 3.124125798220645, 0.9633267381020184], "Sigma": [[0.006913765644377017, 0.004231364001226986, -0.0035006514498334175], [0.004231364001226986, 0.009723107307924287, -0.00932409199547032], [-0.003500651449833417, -0.00932409199547032, 0.015700846580087215]], "chi2_level": 0.997, "chi2_df": 3, "chi2_threshold": 13.931422665512084, "N_raw": 56, "N_roi": 34, "N_inlier": 34, "refit": true}
{"timestamp": "16:57:48.514061", "frame": 45, "mu": [-2.3417322816225568, 3.10605174565341, 0.9587890833873629], "Sigma": [[0.005221249244148514, 0.0032132886844752594, -0.004384689180369645], [0.0032132886844752594, 0.0074730406534066285, -0.005386458130352571], [-0.004384689180369644, -0.005386458130352571, 0.008375941218665608]], "chi2_level": 0.997, "chi2_df": 3, "chi2_threshold": 13.931422665512084, "N_raw": 36, "N_roi": 18, "N_inlier": 17, "refit": true}
{"timestamp": "16:57:48.624221", "frame": 47, "mu": [-2.3337072293493377, 2.979133912197352, 1.0135449685454279], "Sigma": [[0.009740773067327861, 0.00553211185161168, -0.005115915243115215], [0.00553211185161168, 0.007669627205197487, -0.004990080142342817], [-0.005115915243115215, -0.004990080142342817, 0.00491415734833692]], "chi2_level": 0.997, "chi2_df": 3, "chi2_threshold": 13.931422665512084, "N_raw": 37, "N_roi": 28, "N_inlier": 28, "refit": true}
{"timestamp": "16:57:48.675007", "frame": 48, "mu": [-2.2892575583448473, 2.9781010913583335, 1.1024843207466908], "Sigma": [[0.004259602597499769, -0.003573601053255289, 0.0021619994775436825], [-0.003573601053255289, 0.016554665880948293, -0.01511077137372262], [0.002161999477543682, -0.01511077137372262, 0.019874321095931832]], "chi2_level": 0.997, "chi2_df": 3, "chi2_threshold": 13.931422665512084, "N_raw": 11, "N_roi": 11, "N_inlier": 11, "refit": true}
{"timestamp": "16:57:48.735416", "frame": 49, "mu": [-2.2797913782223427, 2.928521604607926, 1.2162027957292871], "Sigma": [[0.012717959547477576, 0.0036864353723449162, -0.010732918507818373], [0.0036864353723449162, 0.007136136266799765, -0.01060746014033031], [-0.010732918507818375, -0.010607460140330312, 0.0222970981920007]], "chi2_level": 0.997, "chi2_df": 3, "chi2_threshold": 13.931422665512084, "N_raw": 41, "N_roi": 36, "N_inlier": 35, "refit": true}
{"timestamp": "16:57:48.788439", "frame": 50, "mu": [-2.2610842319361244, 2.947235680292646, 1.2676232456635634], "Sigma": [[0.010329687381610638, 0.0053994320956311515, -0.006497308494686144], [0.0053994320956311515, 0.01341058593300064, -0.012117059286371632], [-0.006497308494686145, -0.012117059286371632, 0.01406311719875685]], "chi2_level": 0.997, "chi2_df": 3, "chi2_threshold": 13.931422665512084, "N_raw": 30, "N_roi": 27, "N_inlier": 26, "refit": true}
{"timestamp": "16:57:48.844026", "frame": 51, "mu": [-2.351136326456185, 2.859571532194428, 1.1023992096766038], "Sigma": [[0.010452180299063411, 0.016162533866872435, -0.015357420907957355], [0.016162533866872435, 0.03275955332659328, -0.024301357248399602], [-0.015357420907957355, -0.024301357248399602, 0.02397435695916845]], "chi2_level": 0.997, "chi2_df": 3, "chi2_threshold": 13.931422665512084, "N_raw": 35, "N_roi": 11, "N_inlier": 10, "refit": true}
{"timestamp": "16:57:48.901442", "frame": 52, "mu": [-2.110985559421288, 2.9642912510749957, 0.7062381217010465], "Sigma": [[0.016982992761976443, 0.004801238734258336, -0.01555162640687179], [0.004801238734258336, 0.0041585842759162455, -0.0062278716950811405], [-0.01555162640687179, -0.0062278716950811405, 0.01709641103105875]], "chi2_level": 0.997, "chi2_df": 3, "chi2_threshold": 13.931422665512084, "N_raw": 55, "N_roi": 34, "N_inlier": 33, "refit": true}
{"timestamp": "16:57:48.956594", "frame": 53, "mu": [-2.223444107815096, 2.788845725538387, 1.0181122979483106], "Sigma": [[0.015720532771295363, 0.013269977063459407, -0.022583433724292824], [0.01326997706345941, 0.013965135045975807, -0.026829406461015965], [-0.022583433724292827, -0.026829406461015965, 0.06297653168111439]], "chi2_level": 0.997, "chi2_df": 3, "chi2_threshold": 13.931422665512084, "N_raw": 49, "N_roi": 37, "N_inlier": 37, "refit": true}
{"timestamp": "16:57:49.010317", "frame": 54, "mu": [-2.2425442119876267, 2.7061146630030963, 1.1996393356983026], "Sigma": [[0.017814348685228718, 0.008806998477664097, -0.01154341320850192], [0.008806998477664097, 0.008373336936771057, -0.009029062707957041], [-0.011543413208501921, -0.009029062707957041, 0.012462820669209762]], "chi2_level": 0.997, "chi2_df": 3, "chi2_threshold": 13.931422665512084, "N_raw": 44, "N_roi": 39, "N_inlier": 38, "refit": true}
{"timestamp": "16:57:49.066030", "frame": 55, "mu": [-2.133169650591498, 2.76164888949119, 1.0323056979970655], "Sigma": [[0.02497313956013631, 0.013380760489210792, -0.03591956838919763], [0.013380760489210792, 0.011077556948224968, -0.022399386332952458], [-0.03591956838919763, -0.022399386332952458, 0.07353724673411427]], "chi2_level": 0.997, "chi2_df": 3, "chi2_threshold": 13.931422665512084, "N_raw": 54, "N_roi": 49, "N_inlier": 48, "refit": true}
{"timestamp": "16:57:49.117092", "frame": 56, "mu": [-1.9591375974670469, 2.836207067175808, 0.8880709120273147], "Sigma": [[0.005939240483328139, 0.0031933739507947613, -0.009983878291611896], [0.0031933739507947613, 0.0037770097858808222, -0.016826458804645825], [-0.009983878291611896, -0.016826458804645825, 0.10718562910311841]], "chi2_level": 0.997, "chi2_df": 3, "chi2_threshold": 13.931422665512084, "N_raw": 19, "N_roi": 15, "N_inlier": 15, "refit": true}
{"timestamp": "16:57:49.174129", "frame": 57, "mu": [-2.1088481113161994, 2.7097529499686908, 1.1603780726822435], "Sigma": [[0.01450268169071593, 0.007785509536406508, -0.009749202146316211], [0.007785509536406507, 0.007301162858116606, -0.008493223401868791], [-0.009749202146316211, -0.008493223401868791, 0.01139080623591479]], "chi2_level": 0.997, "chi2_df": 3, "chi2_threshold": 13.931422665512084, "N_raw": 38, "N_roi": 38, "N_inlier": 37, "refit": true}
{"timestamp": "16:57:49.225362", "frame": 58, "mu": [-2.114428960260572, 2.662407790317947, 1.234584794393608], "Sigma": [[0.009219586682631632, 0.004354273726913042, -0.0036645504673538266], [0.004354273726913042, 0.0040316585720594975, -0.005637784013373226], [-0.0036645504673538266, -0.005637784013373225, 0.011970439771330606]], "chi2_level": 0.997, "chi2_df": 3, "chi2_threshold": 13.931422665512084, "N_raw": 14, "N_roi": 14, "N_inlier": 14, "refit": true}
{"timestamp": "16:57:49.282155", "frame": 59, "mu": [-1.9375856856713696, 2.72069415937877, 1.0456111536912225], "Sigma": [[0.019264796801313794, 0.015108153574720885, -0.025906784230740183], [0.015108153574720885, 0.016184012126392807, -0.028444592547110525], [-0.025906784230740183, -0.028444592547110525, 0.056407006472051456]], "chi2_level": 0.997, "chi2_df": 3, "chi2_threshold": 13.931422665512084, "N_raw": 22, "N_roi": 21, "N_inlier": 20, "refit": true}
{"timestamp": "16:57:49.338723", "frame": 60, "mu": [-1.890589946996791, 2.6840687359426023, 1.14566352767629], "Sigma": [[0.014658953055825453, 0.009136293545265278, -0.019124135317794645], [0.00913629354526528, 0.011382141004640703, -0.02059239229333538], [-0.019124135317794642, -0.02059239229333538, 0.04760031804031842]], "chi2_level": 0.997, "chi2_df": 3, "chi2_threshold": 13.931422665512084, "N_raw": 30, "N_roi": 24, "N_inlier": 24, "refit": true}
{"timestamp": "16:57:49.391819", "frame": 61, "mu": [-1.936373037135127, 2.677265493203201, 1.267731709419543], "Sigma": [[0.012849696725192544, 0.007432195876181843, -0.017961725136829507], [0.007432195876181843, 0.006160043407908287, -0.014360638150792204], [-0.017961725136829507, -0.014360638150792205, 0.04016238879310362]], "chi2_level": 0.997, "chi2_df": 3, "chi2_threshold": 13.931422665512084, "N_raw": 27, "N_roi": 27, "N_inlier": 26, "refit": true}
{"timestamp": "16:57:49.448837", "frame": 62, "mu": [-1.817024425265155, 2.673984624700388, 1.1008352736685243], "Sigma": [[0.015224767394721164, 0.0065876542188134015, -0.020369180736462968], [0.006587654218813401, 0.00696486976681657, -0.01205516013231799], [-0.020369180736462968, -0.01205516013231799, 0.03346638439761162]], "chi2_level": 0.997, "chi2_df": 3, "chi2_threshold": 13.931422665512084, "N_raw": 39, "N_roi": 39, "N_inlier": 39, "refit": true}
{"timestamp": "16:57:49.558699", "frame": 64, "mu": [-1.7635305938965469, 2.6801596357656687, 1.2493014806425384], "Sigma": [[0.01202007348054347, 0.003968434389643391, -0.011781773060202196], [0.003968434389643391, 0.005199527376741945, -0.008502403554189769], [-0.011781773060202196, -0.008502403554189769, 0.01901382975564675]], "chi2_level": 0.997, "chi2_df": 3, "chi2_threshold": 13.931422665512084, "N_raw": 37, "N_roi": 37, "N_inlier": 37, "refit": true}
{"timestamp": "16:57:49.611960", "frame": 65, "mu": [-1.5293129880039391, 2.8301592057870515, 0.8335180987498642], "Sigma": [[0.012212746799633568, 0.005366699749124298, -0.008409188547801533], [0.005366699749124298, 0.006380003211619854, -0.005646645061078698], [-0.008409188547801533, -0.0056466450610787, 0.008523056062417794]], "chi2_level": 0.997, "chi2_df": 3, "chi2_threshold": 13.931422665512084, "N_raw": 24, "N_roi": 24, "N_inlier": 23, "refit": true}
{"timestamp": "16:57:49.667002", "frame": 66, "mu": [-1.5193600630220692, 2.9744842626878993, -0.4056414778528927], "Sigma": [[0.01143023303034329, 0.0087703238199186, -0.007253000343030079], [0.008770323819918602, 0.01174778018553836, -0.00745629857873195], [-0.007253000343030079, -0.00745629857873195, 0.00617155132688422]], "chi2_level": 0.997, "chi2_df": 3, "chi2_threshold": 13.931422665512084, "N_raw": 22, "N_roi": 22, "N_inlier": 22, "refit": true}
{"timestamp": "16:57:49.726834", "frame": 67, "mu": [-1.617990718423831, 2.609133123587976, 0.9504260086226071], "Sigma": [[0.019866337113820794, 0.006547052971593685, -0.024184291708117617], [0.006547052971593686, 0.004413309409496327, -0.011590640039898618], [-0.02418429170811762, -0.01159064003989862, 0.04114630875272407]], "chi2_level": 0.997, "chi2_df": 3, "chi2_threshold": 13.931422665512084, "N_raw": 58, "N_roi": 58, "N_inlier": 56, "refit": true}
{"timestamp": "16:57:49.782116", "frame": 68, "mu": [-1.625687942108354, 2.632779054911759, -0.6924954159435375], "Sigma": [[0.0127295067622093, 0.012964876110370938, 0.01210836060701511], [0.012964876110370937, 0.03424814563336274, 0.02285472885425955], [0.012108360607015112, 0.022854728854259557, 0.057949952790890706]], "chi2_level": 0.997, "chi2_df": 3, "chi2_threshold": 13.931422665512084, "N_raw": 56, "N_roi": 56, "N_inlier": 56, "refit": true}
{"timestamp": "16:57:49.836609", "frame": 69, "mu": [-1.4412501241041284, 2.6379510643910287, 0.789841620024317], "Sigma": [[0.011930176655971913, 0.005464901821365248, -0.005704492701679563], [0.005464901821365248, 0.00859820743205178, -0.005935238158596508], [-0.005704492701679563, -0.005935238158596508, 0.009273230613624695]], "chi2_level": 0.997, "chi2_df": 3, "chi2_threshold": 13.931422665512084, "N_raw": 53, "N_roi": 53, "N_inlier": 52, "refit": true}
{"timestamp": "16:57:49.890310", "frame": 70, "mu": [-1.3991461682134758, 2.579814920656059, 0.7278023746893689], "Sigma": [[0.01367207960431739, 0.00831956072196647, -0.001457253950430664], [0.008319560721966471, 0.00962485092433891, -0.0029216098180560833], [-0.0014572539504306638, -0.0029216098180560833, 0.002064854921264048]], "chi2_level": 0.997, "chi2_df": 3, "chi2_threshold": 13.931422665512084, "N_raw": 48, "N_roi": 48, "N_inlier": 47, "refit": true}
{"timestamp": "16:57:49.945674", "frame": 71, "mu": [-1.4019618039859005, 2.5599090797534134, 0.8894682800506938], "Sigma": [[0.016610147058816957, 0.014013682567966347, -0.015059830619146689], [0.014013682567966347, 0.02187890877495073, -0.019877121639024824], [-0.015059830619146689, -0.019877121639024827, 0.02096875976913318]], "chi2_level": 0.997, "chi2_df": 3, "chi2_threshold": 13.931422665512084, "N_raw": 52, "N_roi": 52, "N_inlier": 50, "refit": true}
{"timestamp": "16:57:49.998953", "frame": 72, "mu": [-1.5018915976484681, 2.4359852120345327, 0.8105328026358763], "Sigma": [[0.0102781587687095, 0.004690673214782368, -0.006450799691275672], [0.00469067321478237, 0.006940053179703125, -0.014960000114320013], [-0.006450799691275671, -0.014960000114320016, 0.051526568074570525]], "chi2_level": 0.997, "chi2_df": 3, "chi2_threshold": 13.931422665512084, "N_raw": 40, "N_roi": 40, "N_inlier": 39, "refit": true}
{"timestamp": "16:57:50.051182", "frame": 73, "mu": [-1.9718713930649168, 2.078307693157228, -0.03199530886929098], "Sigma": [[0.17618202281505807, 0.14840651166891644, -0.10431352395345794], [0.14840651166891644, 0.13439050877722006, -0.09688377049210088], [-0.10431352395345794, -0.0968837704921009, 0.07491356149550907]], "chi2_level": 0.997, "chi2_df": 3, "chi2_threshold": 13.931422665512084, "N_raw": 19, "N_roi": 19, "N_inlier": 19, "refit": true}
{"timestamp": "16:57:50.109939", "frame": 74, "mu": [-1.485950833109003, 2.3544759498380365, 0.9609506047640819], "Sigma": [[0.1050504390932255, 0.07619109091107303, -0.09958901836127909], [0.07619109091107301, 0.06076539881717065, -0.08877657442181167], [-0.09958901836127909, -0.08877657442181167, 0.20097395867888193]], "chi2_level": 0.997, "chi2_df": 3, "chi2_threshold": 13.931422665512084, "N_raw": 46, "N_roi": 46, "N_inlier": 46, "refit": true}
{"timestamp": "16:57:50.164121", "frame": 75, "mu": [-1.617051299771568, 2.1290299140628672, 1.3094019009528046], "Sigma": [[0.09087915579357865, 0.0571691479629426, -0.06001301320695564], [0.05716914796294259, 0.039983102559509605, -0.041355414905323365], [-0.06001301320695564, -0.04135541490532336, 0.04704990712465781]], "chi2_level": 0.997, "chi2_df": 3, "chi2_threshold": 13.931422665512084, "N_raw": 36, "N_roi": 36, "N_inlier": 34, "refit": true}
{"timestamp": "16:57:50.226528", "frame": 76, "mu": [-1.3670045623864522, 2.3031682428301816, 1.0766540114855558], "Sigma": [[0.011413235544215809, 0.0025891252067436667, -0.017439166809163773], [0.0025891252067436667, 0.004626666271723109, -0.01649635484708484], [-0.017439166809163773, -0.01649635484708484, 0.07896383452967219]], "chi2_level": 0.997, "chi2_df": 3, "chi2_threshold": 13.931422665512084, "N_raw": 88, "N_roi": 88, "N_inlier": 85, "refit": true}
{"timestamp": "16:57:50.285782", "frame": 77, "mu": [-1.3026065651500947, 2.2940662942799563, 0.9595803168000245], "Sigma": [[0.007986933406067601, 0.003856255918365181, -0.00976129571760093], [0.003856255918365182, 0.005497500805676048, -0.016513359164349924], [-0.00976129571760093, -0.016513359164349928, 0.06460877723768252]], "chi2_level": 0.997, "chi2_df": 3, "chi2_threshold": 13.931422665512084, "N_raw": 74, "N_roi": 74, "N_inlier": 72, "refit": true}
{"timestamp": "16:57:50.331768", "frame": 78, "mu": [-1.3756554422920602, 2.237592657098967, 1.061883716781687], "Sigma": [[0.01399930050667754, 0.01181514499857069, -0.018855529181302996], [0.01181514499857069, 0.017131135799633653, -0.022604936014712817], [-0.018855529181302996, -0.022604936014712817, 0.038755464038432316]], "chi2_level": 0.997, "chi2_df": 3, "chi2_threshold": 13.931422665512084, "N_raw": 51, "N_roi": 50, "N_inlier": 49, "refit": true}
{"timestamp": "16:57:50.388438", "frame": 79, "mu": [-1.3025498334013024, 2.2063351056162546, 0.992850661098416], "Sigma": [[0.01164056665387509, 0.005857836528926269, -0.02214318898991766], [0.005857836528926269, 0.005817927603366193, -0.019947610533795748], [-0.02214318898991766, -0.019947610533795748, 0.08911914701453671]], "chi2_level": 0.997, "chi2_df": 3, "chi2_threshold": 13.931422665512084, "N_raw": 69, "N_roi": 69, "N_inlier": 69, "refit": true}
{"timestamp": "16:57:50.444076", "frame": 80, "mu": [-1.2641811895338586, 2.1783223232710807, 1.0332859103139775], "Sigma": [[0.010089234272860619, 0.004495897020850824, -0.019979295452295605], [0.004495897020850824, 0.005371847380287119, -0.021298572728035415], [-0.0199792954522956, -0.021298572728035415, 0.09882193206368838]], "chi2_level": 0.997, "chi2_df": 3, "chi2_threshold": 13.931422665512084, "N_raw": 68, "N_roi": 68, "N_inlier": 67, "refit": true}
{"timestamp": "16:57:50.501373", "frame": 81, "mu": [-1.2258059546805022, 2.165100381024488, 0.989514111337194], "Sigma": [[0.010913586026406649, 0.003791380643845511, -0.009750574357280837], [0.003791380643845512, 0.005389014199283354, -0.012565912014271149], [-0.009750574357280835, -0.012565912014271149, 0.03475260453902436]], "chi2_level": 0.997, "chi2_df": 3, "chi2_threshold": 13.931422665512084, "N_raw": 88, "N_roi": 88, "N_inlier": 84, "refit": true}
{"timestamp": "16:57:50.547355", "frame": 82, "mu": [-1.2428627612274352, 2.1372505926571668, 0.9021152147763364], "Sigma": [[0.011130863338497362, -0.0032750196028178474, 0.022494546855061224], [-0.0032750196028178474, 0.007071625790198657, -0.02113324437901853], [0.022494546855061224, -0.02113324437901853, 0.10538333880619574]], "chi2_level": 0.997, "chi2_df": 3, "chi2_threshold": 13.931422665512084, "N_raw": 21, "N_roi": 21, "N_inlier": 20, "refit": true}
{"timestamp": "16:57:50.603931", "frame": 83, "mu": [-1.1546551907072706, 2.1143592289568747, 0.8578055860116497], "Sigma": [[0.006926882118994956, -0.0003768130107769059, 0.003020765892273133], [-0.0003768130107769058, 0.005072781719622463, -0.013038127838823632], [0.003020765892273133, -0.013038127838823632, 0.04167015896412901]], "chi2_level": 0.997, "chi2_df": 3, "chi2_threshold": 13.931422665512084, "N_raw": 37, "N_roi": 37, "N_inlier": 35, "refit": true}
{"timestamp": "16:57:50.663972", "frame": 84, "mu": [-1.0916603430582763, 2.1050644955579574, 1.0945302039296982], "Sigma": [[0.00720714806432849, 0.001885477444178284, -0.011790621960873746], [0.001885477444178284, 0.0028479037288488876, -0.011048267478633723], [-0.011790621960873748, -0.011048267478633723, 0.06044469147610595]], "chi2_level": 0.997, "chi2_df": 3, "chi2_threshold": 13.931422665512084, "N_raw": 69, "N_roi": 69, "N_inlier": 65, "refit": true}
{"timestamp": "16:57:50.714424", "frame": 85, "mu": [-1.1164223277684058, 2.1300839395688658, -0.12441810436651682], "Sigma": [[0.009285949793386317, 0.0017354515168086968, -0.004491577503875531], [0.0017354515168086968, 0.005129593889391699, -0.005911147673777449], [-0.004491577503875531, -0.005911147673777449, 0.009864407329479498]], "chi2_level": 0.997, "chi2_df": 3, "chi2_threshold": 13.931422665512084, "N_raw": 40, "N_roi": 40, "N_inlier": 36, "refit": true}
{"timestamp": "16:57:50.773211", "frame": 86, "mu": [-1.0291541824083512, 2.0972059707795143, 1.115220988317784], "Sigma": [[0.008918646740674222, 0.0017489335142048608, -0.008798311978803666], [0.0017489335142048608, 0.0038033958194146136, -0.006813077422786346], [-0.008798311978803666, -0.006813077422786346, 0.021466945340711883]], "chi2_level": 0.997, "chi2_df": 3, "chi2_threshold": 13.931422665512084, "N_raw": 60, "N_roi": 60, "N_inlier": 56, "refit": true}
{"timestamp": "16:57:50.828617", "frame": 87, "mu": [-0.9442385888560448, 2.0565106248447953, 1.1240433335780164], "Sigma": [[0.00858364446954221, 0.0019164061938320234, -0.012566017851443567], [0.0019164061938320236, 0.006718265255096501, -0.013324938462730364], [-0.012566017851443567, -0.013324938462730362, 0.04423525046799603]], "chi2_level": 0.997, "chi2_df": 3, "chi2_threshold": 13.931422665512084, "N_raw": 72, "N_roi": 72, "N_inlier": 67, "refit": true}
{"timestamp": "16:57:50.890187", "frame": 88, "mu": [-0.9404138247948215, 2.050560964147299, 1.0370178335692943], "Sigma": [[0.03250456041556508, 0.011773942139620866, -0.03877591856848227], [0.011773942139620866, 0.00924660148282592, -0.022897920166303088], [-0.038775918568482275, -0.022897920166303088, 0.06539674172710316]], "chi2_level": 0.997, "chi2_df": 3, "chi2_threshold": 13.931422665512084, "N_raw": 103, "N_roi": 103, "N_inlier": 99, "refit": true}
{"timestamp": "16:57:50.940092", "frame": 89, "mu": [-0.9125720343044075, 2.0950250934033923, -0.7623556417427775], "Sigma": [[0.01136789711146636, 0.010118272479209323, 0.008952262403278195], [0.01011827247920932, 0.04737987315729161, -0.028736727000820028], [0.008952262403278195, -0.028736727000820028, 0.10344595952501254]], "chi2_level": 0.997, "chi2_df": 3, "chi2_threshold": 13.931422665512084, "N_raw": 70, "N_roi": 70, "N_inlier": 69, "refit": true}
{"timestamp": "16:57:50.995537", "frame": 90, "mu": [-0.8851571541417221, 1.9578969331105418, 1.2326927791814042], "Sigma": [[0.0072863759258098805, 0.0015171466623231237, -0.006770910661508803], [0.0015171466623231241, 0.003205975309842725, -0.008835604114988863], [-0.006770910661508804, -0.008835604114988863, 0.038812768789463215]], "chi2_level": 0.997, "chi2_df": 3, "chi2_threshold": 13.931422665512084, "N_raw": 72, "N_roi": 72, "N_inlier": 68, "refit": true}
{"timestamp": "16:57:51.051191", "frame": 91, "mu": [-0.7708899809494068, 1.9506679746000184, 1.0547064643112178], "Sigma": [[0.022586004548836816, 0.009200629760673405, -0.03225206728038982], [0.009200629760673405, 0.006454369905475228, -0.017326603851072826], [-0.03225206728038982, -0.017326603851072826, 0.07295366320429367]], "chi2_level": 0.997, "chi2_df": 3, "chi2_threshold": 13.931422665512084, "N_raw": 88, "N_roi": 88, "N_inlier": 86, "refit": true}
{"timestamp": "16:57:51.113683", "frame": 92, "mu": [-0.7713823427025948, 1.9421133182345347, 1.0104801944714454], "Sigma": [[0.02954374699624345, 0.015128494468214218, -0.028858644958571402], [0.015128494468214218, 0.013091232072214304, -0.02415741221466359], [-0.028858644958571406, -0.02415741221466359, 0.05094367808964069]], "chi2_level": 0.997, "chi2_df": 3, "chi2_threshold": 13.931422665512084, "N_raw": 135, "N_roi": 135, "N_inlier": 132, "refit": true}
{"timestamp": "16:57:51.165295", "frame": 93, "mu": [-0.8764541174949845, 1.824061255987548, 1.1456896237658154], "Sigma": [[0.015935413725769263, 3.272195903025198e-05, -0.003834131351166487], [3.272195903025166e-05, 0.0031497134486331785, -0.008333325893678599], [-0.0038341313511664876, -0.008333325893678599, 0.02802936944199752]], "chi2_level": 0.997, "chi2_df": 3, "chi2_threshold": 13.931422665512084, "N_raw": 108, "N_roi": 107, "N_inlier": 104, "refit": true}
{"timestamp": "16:57:51.220328", "frame": 94, "mu": [-0.6750841219992181, 1.8750733022816408, 1.0087610604979107], "Sigma": [[0.01803936582155103, 0.012963926875108212, -0.024898145429161675], [0.012963926875108212, 0.016713766657337377, -0.029825967959987605], [-0.024898145429161675, -0.029825967959987605, 0.06659934372449142]], "chi2_level": 0.997, "chi2_df": 3, "chi2_threshold": 13.931422665512084, "N_raw": 114, "N_roi": 114, "N_inlier": 113, "refit": true}
{"timestamp": "16:57:51.271773", "frame": 95, "mu": [-0.7111914949424732, 1.7810219668016747, -0.4828264389014426], "Sigma": [[0.010245189979199362, 0.0035058995490195536, 0.03555616352820146], [0.0035058995490195536, 0.006411159117146819, 0.023712943129616887], [0.03555616352820146, 0.023712943129616883, 0.36644751229437605]], "chi2_level": 0.997, "chi2_df": 3, "chi2_threshold": 13.931422665512084, "N_raw": 88, "N_roi": 88, "N_inlier": 87, "refit": true}
{"timestamp": "16:57:51.326286", "frame": 96, "mu": [-0.6711607742894684, 1.730398921127957, -0.7372568096841204], "Sigma": [[0.010522333982412306, 0.008521890777150872, 0.040512430135888136], [0.008521890777150872, 0.011561393500539365, 0.04240302654788154], [0.040512430135888136, 0.04240302654788154, 0.42296068429803274]], "chi2_level": 0.997, "chi2_df": 3, "chi2_threshold": 13.931422665512084, "N_raw": 89, "N_roi": 89, "N_inlier": 89, "refit": true}
{"timestamp": "16:57:51.376285", "frame": 97, "mu": [-0.7553487568692084, 1.8064256912133168, -0.597018205931254], "Sigma": [[0.005082195326787221, 0.0011268345036598859, 0.002359407662826789], [0.0011268345036598859, 0.008142051941847405, -0.0013275971902471412], [0.0023594076628267895, -0.0013275971902471412, 0.02497519901929064]], "chi2_level": 0.997, "chi2_df": 3, "chi2_threshold": 13.931422665512084, "N_raw": 52, "N_roi": 52, "N_inlier": 50, "refit": true}
{"timestamp": "16:57:51.432865", "frame": 98, "mu": [-0.7006465412824232, 1.6185482626717467, 1.1027360376200785], "Sigma": [[0.007549392519811511, 0.000775182486679981, -0.004060248445112755], [0.0007751824866799811, 0.0031285478178209114, -0.0035032244224326454], [-0.004060248445112755, -0.0035032244224326454, 0.008085280611867496]], "chi2_level": 0.997, "chi2_df": 3, "chi2_threshold": 13.931422665512084, "N_raw": 65, "N_roi": 65, "N_inlier": 60, "refit": true}
{"timestamp": "16:57:51.486994", "frame": 99, "mu": [-0.6621273361329774, 1.5593453483739537, 1.098622447007649], "Sigma": [[0.005970572296930353, 0.0010694533792988505, -0.008808646206029733], [0.0010694533792988507, 0.004861197808295681, -0.008512055706541635], [-0.008808646206029733, -0.008512055706541635, 0.07492308714303333]], "chi2_level": 0.997, "chi2_df": 3, "chi2_threshold": 13.931422665512084, "N_raw": 59, "N_roi": 59, "N_inlier": 55, "refit": true}
{"timestamp": "16:57:51.636455", "frame": 100, "mu": [-0.6587725771779648, 1.5374513102981118, 1.1455923938428643], "Sigma": [[0.008030759974819142, 0.0009866989533460703, -0.00507786684197758], [0.0009866989533460708, 0.006845472762514562, -0.008211673089425655], [-0.005077866841977581, -0.008211673089425655, 0.027261098550091453]], "chi2_level": 0.997, "chi2_df": 3, "chi2_threshold": 13.931422665512084, "N_raw": 104, "N_roi": 104, "N_inlier": 98, "refit": true}
{"timestamp": "16:57:51.644717", "frame": 101, "mu": [-0.6225966745946565, 1.47454768186935, 1.1792105091149296], "Sigma": [[0.016670913170938603, -0.00015658871002665145, -0.013884504101356922], [-0.00015658871002665123, 0.009221755549662812, -0.008579849519078527], [-0.013884504101356922, -0.008579849519078527, 0.06915059084425106]], "chi2_level": 0.997, "chi2_df": 3, "chi2_threshold": 13.931422665512084, "N_raw": 111, "N_roi": 111, "N_inlier": 108, "refit": true}
{"timestamp": "16:57:51.677792", "frame": 102, "mu": [-0.5379022425325984, 1.4825456823237468, 1.0526648672760035], "Sigma": [[0.010556753908026404, 0.0023004178691554927, -0.025234606980000598], [0.0023004178691554927, 0.00328222479235369, -0.008431937354379797], [-0.025234606980000598, -0.008431937354379797, 0.12504378592849788]], "chi2_level": 0.997, "chi2_df": 3, "chi2_threshold": 13.931422665512084, "N_raw": 100, "N_roi": 99, "N_inlier": 93, "refit": true}
{"timestamp": "16:57:51.712706", "frame": 103, "mu": [-0.5846981492202119, 1.353076200298664, 1.2848913242308349], "Sigma": [[0.009715720784039152, -0.010956291691533886, -0.005792030464708541], [-0.010956291691533886, 0.022423040821173496, 0.007640678417920327], [-0.005792030464708541, 0.007640678417920328, 0.007240201811006352]], "chi2_level": 0.997, "chi2_df": 3, "chi2_threshold": 13.931422665512084, "N_raw": 88, "N_roi": 87, "N_inlier": 84, "refit": true}
{"timestamp": "16:57:51.760184", "frame": 104, "mu": [-0.5977726557789618, 1.4184349430686107, 1.2758034173073838], "Sigma": [[0.006847174655294415, 0.0010357564161024803, -0.013896606880095653], [0.0010357564161024803, 0.0038049987078265413, -0.0037298249189303503], [-0.013896606880095653, -0.0037298249189303507, 0.06423114070352323]], "chi2_level": 0.997, "chi2_df": 3, "chi2_threshold": 13.931422665512084, "N_raw": 39, "N_roi": 39, "N_inlier": 35, "refit": true}
{"timestamp": "16:57:51.823522", "frame": 105, "mu": [-0.44303884335057864, 1.4407716276017315, 1.1131417376706663], "Sigma": [[0.0060708269002749185, 0.0028465643883323942, -0.001772138798263005], [0.0028465643883323942, 0.007945902327505422, -0.00942849109549315], [-0.001772138798263005, -0.009428491095493149, 0.0908799040168626]], "chi2_level": 0.997, "chi2_df": 3, "chi2_threshold": 13.931422665512084, "N_raw": 100, "N_roi": 100, "N_inlier": 99, "refit": true}
{"timestamp": "16:57:51.874331", "frame": 106, "mu": [-0.38729805081435664, 1.3888331110785168, 1.0941887028319899], "Sigma": [[0.004382289748151433, 0.000838669918753532, 0.006091165293215735], [0.0008386699187535322, 0.0038685321270692033, -0.009946852746371245], [0.006091165293215735, -0.009946852746371245, 0.11949798596304223]], "chi2_level": 0.997, "chi2_df": 3, "chi2_threshold": 13.931422665512084, "N_raw": 61, "N_roi": 61, "N_inlier": 60, "refit": true}
{"timestamp": "16:57:51.930924", "frame": 107, "mu": [-0.43352261692699984, 1.311809577410785, 1.2063919459800394], "Sigma": [[0.00983661719203807, 0.00039315610715163444, 0.005319041136934321], [0.00039315610715163444, 0.001009210989746148, -0.0024515194552965406], [0.00531904113693432, -0.0024515194552965406, 0.016792884089105228]], "chi2_level": 0.997, "chi2_df": 3, "chi2_threshold": 13.931422665512084, "N_raw": 81, "N_roi": 81, "N_inlier": 76, "refit": true}
{"timestamp": "16:57:51.987438", "frame": 108, "mu": [-0.3652552977393954, 1.3123121511281262, 1.1174607322144334], "Sigma": [[0.010175717712509703, 0.0002290096425949329, -0.014038208284750678], [0.0002290096425949329, 0.002189717636666139, 0.004414943567343378], [-0.014038208284750678, 0.004414943567343378, 0.1120271605950873]], "chi2_level": 0.997, "chi2_df": 3, "chi2_threshold": 13.931422665512084, "N_raw": 90, "N_roi": 90, "N_inlier": 86, "refit": true}
{"timestamp": "16:57:52.040968", "frame": 109, "mu": [-0.3793847982635403, 1.2802176569119892, 1.2503052278892823], "Sigma": [[0.008436352690291573, -0.0007298390506985512, 0.008337850421907066], [-0.0007298390506985512, 0.002285290940211465, -0.003193303204859806], [0.008337850421907066, -0.0031933032048598055, 0.01647734380916619]], "chi2_level": 0.997, "chi2_df": 3, "chi2_threshold": 13.931422665512084, "N_raw": 82, "N_roi": 82, "N_inlier": 82, "refit": true}
{"timestamp": "16:57:52.090496", "frame": 110, "mu": [-0.3262212300351555, 1.2906062468755135, 1.2281518731063452], "Sigma": [[0.0073987578995791696, -0.0015744475108377272, 0.009511698688558511], [-0.0015744475108377272, 0.002716246860070395, -0.009470193851830247], [0.009511698688558511, -0.009470193851830247, 0.09179323221192962]], "chi2_level": 0.997, "chi2_df": 3, "chi2_threshold": 13.931422665512084, "N_raw": 45, "N_roi": 45, "N_inlier": 43, "refit": true}
{"timestamp": "16:57:52.152382", "frame": 111, "mu": [-0.28893942885335255, 1.359366140956589, -0.2889546085403011], "Sigma": [[0.01053165322025401, -0.0037632115439533782, 0.024262306226985532], [-0.003763211543953378, 0.013128617167615365, -0.04988432315330772], [0.024262306226985532, -0.04988432315330772, 0.2546641219898286]], "chi2_level": 0.997, "chi2_df": 3, "chi2_threshold": 13.931422665512084, "N_raw": 88, "N_roi": 88, "N_inlier": 86, "refit": true}
{"timestamp": "16:57:52.204564", "frame": 112, "mu": [-0.24275275914916047, 1.223471280507664, 1.3667421491823692], "Sigma": [[0.010840351414907296, 0.002107934796244547, 0.013998231072954073], [0.0021079347962445465, 0.0025327634889449105, 0.0023071622193922767], [0.013998231072954073, 0.0023071622193922767, 0.024346551250332492]], "chi2_level": 0.997, "chi2_df": 3, "chi2_threshold": 13.931422665512084, "N_raw": 67, "N_roi": 67, "N_inlier": 61, "refit": true}
{"timestamp": "16:57:52.259879", "frame": 113, "mu": [-0.18699049459296943, 1.1901700667312411, 1.3135497383131955], "Sigma": [[0.004568973546670233, -0.00036155827753901493, 0.003365703262865834], [-0.00036155827753901493, 0.0015060623001274494, -0.001641705618005165], [0.003365703262865834, -0.001641705618005165, 0.04337786049228167]], "chi2_level": 0.997, "chi2_df": 3, "chi2_threshold": 13.931422665512084, "N_raw": 69, "N_roi": 69, "N_inlier": 67, "refit": true}
{"timestamp": "16:57:52.320031", "frame": 114, "mu": [-0.09226646720078417, 1.25433571137254, 1.246167073989681], "Sigma": [[0.006931460862095676, 0.00424238857926793, -0.0044735452354246015], [0.00424238857926793, 0.00812405973963322, -0.0030911238108528504], [-0.004473545235424601, -0.003091123810852851, 0.03339598745692386]], "chi2_level": 0.997, "chi2_df": 3, "chi2_threshold": 13.931422665512084, "N_raw": 103, "N_roi": 103, "N_inlier": 99, "refit": true}
{"timestamp": "16:57:52.371845", "frame": 115, "mu": [-0.0821387105409553, 1.159220754846367, 1.2163645154300626], "Sigma": [[0.016778707066494515, 0.003091780685989079, -0.0008407890581842133], [0.003091780685989079, 0.0020884281200962834, -0.005069325671296881], [-0.0008407890581842135, -0.005069325671296882, 0.058426984071389076]], "chi2_level": 0.997, "chi2_df": 3, "chi2_threshold": 13.931422665512084, "N_raw": 85, "N_roi": 85, "N_inlier": 84, "refit": true}
{"timestamp": "16:57:52.436696", "frame": 116, "mu": [-0.09145867843035176, 1.1781920692022265, 1.124478918070368], "Sigma": [[0.017494033973791727, 0.0012486829967861776, -0.01442082222304364], [0.0012486829967861776, 0.005002776487816203, 0.0043504597987058065], [-0.01442082222304364, 0.004350459798705807, 0.05879498897849378]], "chi2_level": 0.997, "chi2_df": 3, "chi2_threshold": 13.931422665512084, "N_raw": 150, "N_roi": 150, "N_inlier": 148, "refit": true}
{"timestamp": "16:57:52.485709", "frame": 117, "mu": [0.017413448149595844, 1.1475555200855707, 1.2421453587720082], "Sigma": [[0.017392480205055932, -0.0018556376736019913, -0.030630772272172216], [-0.0018556376736019917, 0.0028339203004211703, 0.00035663668048253113], [-0.030630772272172216, 0.0003566366804825309, 0.07429740984018823]], "chi2_level": 0.997, "chi2_df": 3, "chi2_threshold": 13.931422665512084, "N_raw": 108, "N_roi": 108, "N_inlier": 107, "refit": true}
{"timestamp": "16:57:52.540181", "frame": 118, "mu": [0.00238739819408864, 1.0985759308057814, 1.180699200119862], "Sigma": [[0.023916030224509444, 0.003548907153727688, -0.032136607103764356], [0.0035489071537276886, 0.005755289177732725, -0.01031272230211139], [-0.032136607103764356, -0.01031272230211139, 0.07515024415325719]], "chi2_level": 0.997, "chi2_df": 3, "chi2_threshold": 13.931422665512084, "N_raw": 109, "N_roi": 109, "N_inlier": 109, "refit": true}
{"timestamp": "16:57:52.597537", "frame": 119, "mu": [0.09466445732319086, 1.0686236181808115, 0.9635708007758038], "Sigma": [[0.019248005732755702, 0.00366244953282647, -0.0039883541501721555], [0.0036624495328264695, 0.0035503605682840975, 0.003656265981913718], [-0.0039883541501721555, 0.0036562659819137176, 0.07595957773394185]], "chi2_level": 0.997, "chi2_df": 3, "chi2_threshold": 13.931422665512084, "N_raw": 110, "N_roi": 110, "N_inlier": 110, "refit": true}
{"timestamp": "16:57:52.653957", "frame": 120, "mu": [0.04357044382875973, 1.0166151752061052, 1.1896647015204467], "Sigma": [[0.009141521759392856, 0.0048350800565598925, -0.001867760228812901], [0.0048350800565598925, 0.005197578506747906, -0.0018958897999490118], [-0.0018677602288129018, -0.0018958897999490122, 0.04413780848155183]], "chi2_level": 0.997, "chi2_df": 3, "chi2_threshold": 13.931422665512084, "N_raw": 127, "N_roi": 127, "N_inlier": 126, "refit": true}
{"timestamp": "16:57:52.700221", "frame": 121, "mu": [0.1606978379390435, 1.2455560589407288, -0.7408021603203813], "Sigma": [[0.007241199707586759, 0.005399653615728618, -0.006611555364205055], [0.005399653615728618, 0.007934879514947554, -0.012141415890739755], [-0.006611555364205055, -0.012141415890739755, 0.03211399480019296]], "chi2_level": 0.997, "chi2_df": 3, "chi2_threshold": 13.931422665512084, "N_raw": 62, "N_roi": 61, "N_inlier": 61, "refit": true}
{"timestamp": "16:57:52.754826", "frame": 122, "mu": [-0.001067139983554806, 1.0787905509763676, -0.5159473497194645], "Sigma": [[0.004757046163173039, -0.002256206148517464, 0.005109514953832733], [-0.002256206148517464, 0.0034303121215310574, -0.007353085759908827], [0.005109514953832734, -0.007353085759908827, 0.022127046849830245]], "chi2_level": 0.997, "chi2_df": 3, "chi2_threshold": 13.931422665512084, "N_raw": 71, "N_roi": 71, "N_inlier": 66, "refit": true}
{"timestamp": "16:57:52.815504", "frame": 123, "mu": [0.07682633581393652, 0.8824149345316976, 1.3102499453508778], "Sigma": [[0.01007527714742656, 0.0006177995337699072, 0.004770435668807752], [0.0006177995337699072, 0.0015112877316056214, -0.0034186447691937003], [0.004770435668807752, -0.0034186447691937003, 0.024849651928320282]], "chi2_level": 0.997, "chi2_df": 3, "chi2_threshold": 13.931422665512084, "N_raw": 111, "N_roi": 111, "N_inlier": 107, "refit": true}
{"timestamp": "16:57:52.866095", "frame": 124, "mu": [0.1578704351547172, 0.854417164661185, 1.382962379292262], "Sigma": [[0.004366953680208855, 0.0013471646492545244, -0.003099042586293829], [0.0013471646492545244, 0.0017807391552283438, -0.003659675638488788], [-0.003099042586293829, -0.003659675638488788, 0.024387467590087347]], "chi2_level": 0.997, "chi2_df": 3, "chi2_threshold": 13.931422665512084, "N_raw": 79, "N_roi": 79, "N_inlier": 76, "refit": true}
{"timestamp": "16:57:52.916525", "frame": 125, "mu": [0.14629362908939414, 0.9956878242023475, -0.9799294895259528], "Sigma": [[0.011246553735813984, 0.00012079796218817304, -0.05680117360807937], [0.00012079796218817345, 0.011864749198758509, -0.00863871558381312], [-0.05680117360807937, -0.008638715583813118, 0.5604926430452625]], "chi2_level": 0.997, "chi2_df": 3, "chi2_threshold": 13.931422665512084, "N_raw": 53, "N_roi": 53, "N_inlier": 52, "refit": true}
{"timestamp": "16:57:52.972442", "frame": 126, "mu": [0.17797995880068446, 0.8571624741418615, 1.003738541695417], "Sigma": [[0.05733173822024962, 0.12030509075572479, -0.11226065160663573], [0.12030509075572479, 0.28710154192122017, -0.3220456582521602], [-0.11226065160663573, -0.32204565825216014, 0.4588954511835851]], "chi2_level": 0.997, "chi2_df": 3, "chi2_threshold": 13.931422665512084, "N_raw": 53, "N_roi": 53, "N_inlier": 47, "refit": true}
{"timestamp": "16:57:53.029328", "frame": 127, "mu": [0.15468602691507854, 0.9308933862462769, -0.5137640514385134], "Sigma": [[0.0029369222502057804, 0.001682762712828292, -0.0032855640624957884], [0.0016827627128282925, 0.00423054688563874, -0.002922595248554862], [-0.0032855640624957884, -0.0029225952485548625, 0.017714083235994917]], "chi2_level": 0.997, "chi2_df": 3, "chi2_threshold": 13.931422665512084, "N_raw": 68, "N_roi": 68, "N_inlier": 63, "refit": true}
{"timestamp": "16:57:53.078632", "frame": 128, "mu": [0.07580352639471849, 0.7128671086488622, 1.0641376073336122], "Sigma": [[0.0068365919295147555, -0.0032352959784838244, -0.026546641658850054], [-0.0032352959784838244, 0.0017740396619246098, 0.014684281783499425], [-0.026546641658850054, 0.014684281783499425, 0.12969743808659062]], "chi2_level": 0.997, "chi2_df": 3, "chi2_threshold": 13.931422665512084, "N_raw": 29, "N_roi": 27, "N_inlier": 25, "refit": true}
{"timestamp": "16:57:53.141356", "frame": 129, "mu": [0.18428322855957407, 0.7158707070058058, -0.6159005029134438], "Sigma": [[0.005005819918078227, 0.0018942380632830098, 0.010644363236903489], [0.0018942380632830098, 0.0018115225859424253, 0.002754159278521323], [0.010644363236903489, 0.002754159278521323, 0.04385839678884761]], "chi2_level": 0.997, "chi2_df": 3, "chi2_threshold": 13.931422665512084, "N_raw": 86, "N_roi": 83, "N_inlier": 80, "refit": true}
{"timestamp": "16:57:53.190086", "frame": 130, "mu": [0.3216609871710231, 0.7413023996916429, 1.2417714355893732], "Sigma": [[0.003451155910142256, -0.0028624134583731995, -0.015970792259990346], [-0.0028624134583731995, 0.005860953655985751, 0.03290635057540653], [-0.015970792259990346, 0.03290635057540652, 0.20837264611767867]], "chi2_level": 0.997, "chi2_df": 3, "chi2_threshold": 13.931422665512084, "N_raw": 37, "N_roi": 37, "N_inlier": 37, "refit": true}
