{"timestamp": "15:46:35.385129", "frame": 24, "mu": [-2.458611119657997, 0.9560434438251646, 0.8115962533396229], "Sigma": [[0.0008597513910531051, 0.0015801636008500788, -0.00020390761065671923], [0.0015801636008500788, 0.004296231275923595, 0.005044123195128185], [-0.00020390761065671933, 0.005044123195128185, 0.024123259133070996]], "chi2_level": 0.997, "chi2_df": 3, "chi2_threshold": 13.931422665512084, "N_raw": 29, "N_roi": 10, "N_inlier": 10, "refit": true}
{"timestamp": "15:46:35.714720", "frame": 30, "mu": [-2.385840545931755, 0.8468347825218057, 0.8154490064355979], "Sigma": [[0.005143115278437344, 0.007412382084797332, -0.001296873820428125], [0.007412382084797333, 0.012815128051427071, -0.0026540376440297112], [-0.001296873820428125, -0.0026540376440297112, 0.004600413105706939]], "chi2_level": 0.997, "chi2_df": 3, "chi2_threshold": 13.931422665512084, "N_raw": 24, "N_roi": 16, "N_inlier": 16, "refit": true}
{"timestamp": "15:46:35.825336", "frame": 32, "mu": [0.17258870159168338, 0.5934830831069254, 0.6728496085259311], "Sigma": [[5.573831766393863, 0.07644877588232554, 0.05341954116320152], [0.07644877588232556, 0.01473496916785867, -0.0014510705754869884], [0.05341954116320152, -0.0014510705754869884, 0.00218437677478411]], "chi2_level": 0.997, "chi2_df": 3, "chi2_threshold": 13.931422665512084, "N_raw": 30, "N_roi": 29, "N_inlier": 28, "refit": true}
{"timestamp": "15:46:35.878355", "frame": 33, "mu": [-2.2938388090560626, 0.7776448947054594, 1.0337424195918543], "Sigma": [[0.006764021727502037, 0.010692203784122051, -0.0025070867131776696], [0.01069220378412205, 0.0185135855263793, -0.005083316449732042], [-0.0025070867131776696, -0.005083316449732042, 0.005763668147662152]], "chi2_level": 0.997, "chi2_df": 3, "chi2_threshold": 13.931422665512084, "N_raw": 21, "N_roi": 21, "N_inlier": 20, "refit": true}
{"timestamp": "15:46:35.933388", "frame": 34, "mu": [1.1858951154901936, 0.5638290293109383, 0.6529888482082279], "Sigma": [[4.011617133618983, 0.14156514160967582, 0.008748427481590968], [0.14156514160967582, 0.018448812193382652, 0.0009442528856629603], [0.00874842748159097, 0.0009442528856629601, 0.0015675597772491434]], "chi2_level": 0.997, "chi2_df": 3, "chi2_threshold": 13.931422665512084, "N_raw": 15, "N_roi": 15, "N_inlier": 14, "refit": true}
{"timestamp": "15:46:35.988068", "frame": 35, "mu": [-1.9019126819454395, 0.7464331690198278, 0.9344839006738913], "Sigma": [[1.506912401275935, -0.06806321795932713, 0.04166434967262909], [-0.06806321795932713, 0.016333352958918336, -0.009459259780975365], [0.04166434967262909, -0.009459259780975362, 0.006737563702356511]], "chi2_level": 0.997, "chi2_df": 3, "chi2_threshold": 13.931422665512084, "N_raw": 17, "N_roi": 17, "N_inlier": 17, "refit": true}
{"timestamp": "15:46:36.154098", "frame": 38, "mu": [-1.744696931068299, 0.9137981606694227, -0.940458607260826], "Sigma": [[1.9921483645130948, -0.041084812062082615, 0.0345788138702134], [-0.04108481206208261, 0.012779279111098772, -0.0051614309470557635], [0.0345788138702134, -0.0051614309470557635, 0.0029919451839402695]], "chi2_level": 0.997, "chi2_df": 3, "chi2_threshold": 13.931422665512084, "N_raw": 25, "N_roi": 25, "N_inlier": 25, "refit": true}
{"timestamp": "15:46:36.265393", "frame": 40, "mu": [-2.2537319433389595, 0.8434219351581873, 0.9430415143131978], "Sigma": [[0.007676911575127058, 0.008480764478533555, -0.002466874525082612], [0.008480764478533555, 0.01368713390713969, -0.006835516059454546], [-0.002466874525082612, -0.006835516059454547, 0.00778270623326293]], "chi2_level": 0.997, "chi2_df": 3, "chi2_threshold": 13.931422665512084, "N_raw": 34, "N_roi": 33, "N_inlier": 32, "refit": true}
{"timestamp": "15:46:36.372603", "frame": 42, "mu": [-2.0907149654531985, 0.7680972322776801, 1.0265104235063909], "Sigma": [[0.0038658497478866946, 0.004468903571441753, -0.002560546847457642], [0.004468903571441753, 0.007579748927886965, -0.0040574533584849595], [-0.0025605468474576417, -0.00405745335848496, 0.003519552794882871]], "chi2_level": 0.997, "chi2_df": 3, "chi2_threshold": 13.931422665512084, "N_raw": 17, "N_roi": 17, "N_inlier": 16, "refit": true}
{"timestamp": "15:46:36.430326", "frame": 43, "mu": [-2.1315515497467064, 0.7100152128854954, 1.0276587213454007], "Sigma": [[0.0053127238639185, 0.008122767375686962, -0.00263513046712777], [0.008122767375686962, 0.016619569434940085, -0.007718153157471968], [-0.00263513046712777, -0.007718153157471967, 0.00718226757503171]], "chi2_level": 0.997, "chi2_df": 3, "chi2_threshold": 13.931422665512084, "N_raw": 31, "N_roi": 31, "N_inlier": 29, "refit": true}
{"timestamp": "15:46:36.484223", "frame": 44, "mu": [-2.1099754004753097, 0.9399659368761689, -0.6488964206799832], "Sigma": [[0.007354565260295819, 0.009205510005911827, -0.0019218046434982328], [0.009205510005911827, 0.01929222126264226, -0.004758425585836364], [-0.0019218046434982328, -0.004758425585836364, 0.0021653893205498716]], "chi2_level": 0.997, "chi2_df": 3, "chi2_threshold": 13.931422665512084, "N_raw": 30, "N_roi": 30, "N_inlier": 30, "refit": true}
{"timestamp": "15:46:36.539750", "frame": 45, "mu": [-2.0072968149064843, 0.7804101620488918, 1.214888383249258], "Sigma": [[0.00754027899415892, 0.008310712111026986, -0.004415938890948552], [0.008310712111026986, 0.011914485373806422, -0.006705919858427696], [-0.004415938890948553, -0.006705919858427697, 0.004586763866388263]], "chi2_level": 0.997, "chi2_df": 3, "chi2_threshold": 13.931422665512084, "N_raw": 24, "N_roi": 24, "N_inlier": 24, "refit": true}
{"timestamp": "15:46:36.591899", "frame": 46, "mu": [-2.026648195163895, 0.8641360932874215, 1.1397885254035998], "Sigma": [[0.00442086014277841, 0.0073815798146691005, -0.0020008767945360892], [0.0073815798146691005, 0.017105783708358545, -0.005021543987412898], [-0.0020008767945360892, -0.005021543987412898, 0.0015436679629694172]], "chi2_level": 0.997, "chi2_df": 3, "chi2_threshold": 13.931422665512084, "N_raw": 14, "N_roi": 14, "N_inlier": 14, "refit": true}
{"timestamp": "15:46:36.647526", "frame": 47, "mu": [-1.9828241503474013, 0.9034302735431429, -0.7132799649440495], "Sigma": [[0.0031248875791001223, 0.0039002889220611176, -0.0017377446647506246], [0.0039002889220611176, 0.010470513114994523, -0.0015943782728420816], [-0.0017377446647506246, -0.0015943782728420814, 0.0014698391501745812]], "chi2_level": 0.997, "chi2_df": 3, "chi2_threshold": 13.931422665512084, "N_raw": 14, "N_roi": 14, "N_inlier": 14, "refit": true}
{"timestamp": "15:46:36.708230", "frame": 48, "mu": [-1.6785753569631408, 0.6228091676159527, 1.0300863470139892], "Sigma": [[1.25842161856894, -0.04397254104117601, -0.018397867800734283], [-0.04397254104117601, 0.015852266536822892, -0.0011510069815674384], [-0.018397867800734283, -0.001151006981567438, 0.01993811250337959]], "chi2_level": 0.997, "chi2_df": 3, "chi2_threshold": 13.931422665512084, "N_raw": 54, "N_roi": 54, "N_inlier": 54, "refit": true}
{"timestamp": "15:46:36.757922", "frame": 49, "mu": [-1.7199825748410125, 0.5177433351933952, 0.8863401127387179], "Sigma": [[1.0289038503111205, -0.01640721646715682, 0.031799567777452534], [-0.01640721646715682, 0.006621922498581679, -0.0028306924032426885], [0.031799567777452534, -0.002830692403242689, 0.004292201573394028]], "chi2_level": 0.997, "chi2_df": 3, "chi2_threshold": 13.931422665512084, "N_raw": 15, "N_roi": 15, "N_inlier": 15, "refit": true}
{"timestamp": "15:46:36.816796", "frame": 50, "mu": [-1.9655783504832254, 0.770748874144584, 1.0530906422739574], "Sigma": [[0.009239988473102846, 0.0005862802115978815, 0.0017650373419394814], [0.0005862802115978814, 0.01041551592302509, -0.008009644988496609], [0.0017650373419394812, -0.008009644988496609, 0.00914022666081625]], "chi2_level": 0.997, "chi2_df": 3, "chi2_threshold": 13.931422665512084, "N_raw": 39, "N_roi": 39, "N_inlier": 39, "refit": true}
{"timestamp": "15:46:36.875300", "frame": 51, "mu": [-1.955938807777715, 0.702264490618177, 1.0984261319647313], "Sigma": [[0.012013527460884315, 0.008219955417930372, -0.0007580355531432701], [0.008219955417930372, 0.015286530864565688, -0.006830606926320337], [-0.0007580355531432702, -0.006830606926320337, 0.015014544433741644]], "chi2_level": 0.997, "chi2_df": 3, "chi2_threshold": 13.931422665512084, "N_raw": 66, "N_roi": 66, "N_inlier": 64, "refit": true}
{"timestamp": "15:46:36.932585", "frame": 52, "mu": [-1.9244797977105432, 0.73320004993305, 1.1712549522027729], "Sigma": [[0.010017837043512038, 0.008843911685276106, 0.0006910974480743822], [0.008843911685276106, 0.015314708484758287, -0.008599217229103596], [0.0006910974480743823, -0.008599217229103596, 0.014932177200450753]], "chi2_level": 0.997, "chi2_df": 3, "chi2_threshold": 13.931422665512084, "N_raw": 63, "N_roi": 63, "N_inlier": 63, "refit": true}
{"timestamp": "15:46:36.986526", "frame": 53, "mu": [-1.8785056490803722, 0.6572933354314446, 1.0302652680178852], "Sigma": [[0.30170035817562985, -0.00786272527916132, 0.011163925615503126], [-0.007862725279161317, 0.012736611116485842, -0.008682406108489731], [0.011163925615503128, -0.008682406108489733, 0.010009592920397362]], "chi2_level": 0.997, "chi2_df": 3, "chi2_threshold": 13.931422665512084, "N_raw": 58, "N_roi": 58, "N_inlier": 55, "refit": true}
{"timestamp": "15:46:37.044271", "frame": 54, "mu": [-1.8868240640308613, 0.7058536289715834, 1.1065239871871526], "Sigma": [[0.010669504018549955, 0.010921140753454357, 0.005763059390475847], [0.010921140753454357, 0.018707149608875016, -0.001364849233214038], [0.005763059390475847, -0.0013648492332140382, 0.021530063682930013]], "chi2_level": 0.997, "chi2_df": 3, "chi2_threshold": 13.931422665512084, "N_raw": 72, "N_roi": 72, "N_inlier": 68, "refit": true}
{"timestamp": "15:46:37.094689", "frame": 55, "mu": [-1.858848788385165, 0.7688873848277179, 1.0439126726856411], "Sigma": [[0.00558624917931535, 0.007632173128690188, 0.0072983314401366736], [0.007632173128690188, 0.01238082325406555, 0.008548301415507529], [0.0072983314401366736, 0.008548301415507529, 0.041339057333415474]], "chi2_level": 0.997, "chi2_df": 3, "chi2_threshold": 13.931422665512084, "N_raw": 41, "N_roi": 41, "N_inlier": 41, "refit": true}
{"timestamp": "15:46:37.153577", "frame": 56, "mu": [-1.8048888518854653, 0.7021829314905711, 1.1679441830575388], "Sigma": [[0.00778063183496957, 0.009567060867094261, 0.008720784558658008], [0.00956706086709426, 0.017110526192169243, 0.01177418339604237], [0.008720784558658008, 0.01177418339604237, 0.05441997322400956]], "chi2_level": 0.997, "chi2_df": 3, "chi2_threshold": 13.931422665512084, "N_raw": 74, "N_roi": 74, "N_inlier": 72, "refit": true}
{"timestamp": "15:46:37.209238", "frame": 57, "mu": [-1.8101577686676047, 0.7953620757616587, 1.1974584632184444], "Sigma": [[0.008887630211638605, 0.00609149180230938, 0.010056507684813792], [0.00609149180230938, 0.008661249941277213, -0.001805821034408987], [0.010056507684813792, -0.001805821034408987, 0.04145834682265388]], "chi2_level": 0.997, "chi2_df": 3, "chi2_threshold": 13.931422665512084, "N_raw": 71, "N_roi": 71, "N_inlier": 71, "refit": true}
{"timestamp": "15:46:37.259657", "frame": 58, "mu": [-1.8237381363473197, 0.7358934582813822, 0.9870279003236635], "Sigma": [[0.008157404095101553, 0.006896640826760065, -0.004250968972075591], [0.006896640826760065, 0.007822408425257223, -0.005041148772833414], [-0.004250968972075591, -0.005041148772833414, 0.01401735261033307]], "chi2_level": 0.997, "chi2_df": 3, "chi2_threshold": 13.931422665512084, "N_raw": 48, "N_roi": 48, "N_inlier": 48, "refit": true}
{"timestamp": "15:46:37.312343", "frame": 59, "mu": [-1.8725547032125704, 0.697537492164427, 0.8679382101897989], "Sigma": [[0.005127838189509653, -0.0005948620221479257, -0.004907342210095639], [-0.0005948620221479254, 0.046183066455139685, 0.004206313510442673], [-0.004907342210095639, 0.004206313510442673, 0.005344113739924759]], "chi2_level": 0.997, "chi2_df": 3, "chi2_threshold": 13.931422665512084, "N_raw": 35, "N_roi": 35, "N_inlier": 35, "refit": true}
{"timestamp": "15:46:37.370162", "frame": 60, "mu": [-1.804100684935778, 0.8493839099926174, -0.7991171169334549], "Sigma": [[0.006304986810227367, 0.007729176909876769, 0.00387830487269352], [0.007729176909876769, 0.01679090935076017, 0.0010035961465957588], [0.00387830487269352, 0.001003596146595759, 0.016414434524270577]], "chi2_level": 0.997, "chi2_df": 3, "chi2_threshold": 13.931422665512084, "N_raw": 50, "N_roi": 50, "N_inlier": 48, "refit": true}
{"timestamp": "15:46:37.426461", "frame": 61, "mu": [-1.7020422997614584, 0.7547453846450446, 1.207855115449504], "Sigma": [[0.011816371037637764, 0.006256642509088535, 0.01158233867958814], [0.006256642509088535, 0.007295255292569059, -0.000388252488160881], [0.01158233867958814, -0.00038825248816088065, 0.032545516061397196]], "chi2_level": 0.997, "chi2_df": 3, "chi2_threshold": 13.931422665512084, "N_raw": 61, "N_roi": 61, "N_inlier": 60, "refit": true}
{"timestamp": "15:46:37.481955", "frame": 62, "mu": [-1.6293343258534967, 0.8173582788461208, -0.5387992466452759], "Sigma": [[0.008529369468466533, 0.008021916408396917, 0.006362879505810359], [0.008021916408396917, 0.03633207553193184, 0.011393440178729175], [0.006362879505810359, 0.011393440178729175, 0.009463462330030441]], "chi2_level": 0.997, "chi2_df": 3, "chi2_threshold": 13.931422665512084, "N_raw": 59, "N_roi": 59, "N_inlier": 59, "refit": true}
{"timestamp": "15:46:37.535992", "frame": 63, "mu": [-1.5921959517203987, 0.6936024605709774, 1.244018563443722], "Sigma": [[0.00748658045605286, 0.006217246422526232, 0.005803268291289616], [0.006217246422526232, 0.009791698852955404, -0.0015134963865466445], [0.005803268291289615, -0.0015134963865466445, 0.022232813408371528]], "chi2_level": 0.997, "chi2_df": 3, "chi2_threshold": 13.931422665512084, "N_raw": 54, "N_roi": 54, "N_inlier": 54, "refit": true}
{"timestamp": "15:46:37.592373", "frame": 64, "mu": [-1.5957713783367853, 0.6810275250936707, 1.2282357894901084], "Sigma": [[0.010237605755399838, 0.00708298245517788, 0.006787624891822665], [0.00708298245517788, 0.010107422682587635, -0.0014429435568633377], [0.006787624891822665, -0.0014429435568633375, 0.01841424628152984]], "chi2_level": 0.997, "chi2_df": 3, "chi2_threshold": 13.931422665512084, "N_raw": 63, "N_roi": 63, "N_inlier": 63, "refit": true}
{"timestamp": "15:46:37.648606", "frame": 65, "mu": [-1.5934993260102153, 0.658321692671309, 1.2486686885814093], "Sigma": [[0.00962840146872824, 0.0038934511379388847, 0.0011454866923174675], [0.0038934511379388843, 0.01396524847982686, -0.008300059771734513], [0.0011454866923174673, -0.008300059771734513, 0.009916517726702852]], "chi2_level": 0.997, "chi2_df": 3, "chi2_threshold": 13.931422665512084, "N_raw": 74, "N_roi": 74, "N_inlier": 74, "refit": true}
{"timestamp": "15:46:37.706186", "frame": 66, "mu": [-1.5625428878085823, 0.6795847883543751, 1.282040091663445], "Sigma": [[0.010819963735111519, 0.0030082368208018202, 0.003510642561718527], [0.0030082368208018202, 0.012349172860968283, -0.00820540104516038], [0.0035106425617185263, -0.00820540104516038, 0.011164477016203418]], "chi2_level": 0.997, "chi2_df": 3, "chi2_threshold": 13.931422665512084, "N_raw": 84, "N_roi": 84, "N_inlier": 83, "refit": true}
{"timestamp": "15:46:37.753068", "frame": 67, "mu": [-0.8350046920367837, 0.419606051531241, 1.1226156833963739], "Sigma": [[1.675162694108222, -0.041089606612421926, -0.002762668112547939], [-0.04108960661242191, 0.010677769348717283, -0.0013110292703289931], [-0.002762668112547925, -0.0013110292703289931, 0.016201133261240768]], "chi2_level": 0.997, "chi2_df": 3, "chi2_threshold": 13.931422665512084, "N_raw": 31, "N_roi": 31, "N_inlier": 30, "refit": true}
{"timestamp": "15:46:37.817014", "frame": 68, "mu": [-1.4917804033453446, 0.8255514973938723, -0.01514113160587228], "Sigma": [[0.015017440673456143, -0.0007410539641713785, 0.0156763873502328], [-0.0007410539641713786, 0.00865636105463643, -0.003565152201785261], [0.0156763873502328, -0.003565152201785261, 0.46839480654931837]], "chi2_level": 0.997, "chi2_df": 3, "chi2_threshold": 13.931422665512084, "N_raw": 93, "N_roi": 93, "N_inlier": 93, "refit": true}
{"timestamp": "15:46:37.866998", "frame": 69, "mu": [-1.4161208969823753, 0.7881875187775419, 1.3888580411996916], "Sigma": [[0.008369805161494956, 0.001855565098446899, 0.004890608466202783], [0.001855565098446899, 0.005820370390684154, -0.002395758422850031], [0.004890608466202783, -0.002395758422850031, 0.01641660975836705]], "chi2_level": 0.997, "chi2_df": 3, "chi2_threshold": 13.931422665512084, "N_raw": 56, "N_roi": 56, "N_inlier": 54, "refit": true}
{"timestamp": "15:46:37.922879", "frame": 70, "mu": [-1.3342900589858018, 0.7539484924677373, 1.4335846669997319], "Sigma": [[0.006118918036648516, 0.003539684098276717, -0.002278430685966483], [0.003539684098276717, 0.009441601797644913, -0.0073388465772004224], [-0.002278430685966483, -0.0073388465772004224, 0.015682468972938006]], "chi2_level": 0.997, "chi2_df": 3, "chi2_threshold": 13.931422665512084, "N_raw": 63, "N_roi": 63, "N_inlier": 61, "refit": true}
{"timestamp": "15:46:37.981742", "frame": 71, "mu": [-1.4096233951190187, 0.7103224838650388, 1.3575531414639288], "Sigma": [[0.014394750622552965, 0.0052444731147571946, 0.008617686801286446], [0.0052444731147571946, 0.007801731707093394, -0.0029936029044229026], [0.008617686801286446, -0.002993602904422902, 0.021852277723772684]], "chi2_level": 0.997, "chi2_df": 3, "chi2_threshold": 13.931422665512084, "N_raw": 95, "N_roi": 95, "N_inlier": 93, "refit": true}
{"timestamp": "15:46:38.034167", "frame": 72, "mu": [-1.3540257992581721, 0.7354817369000723, 1.418491133006394], "Sigma": [[0.00846562329142502, 0.0037610895921844226, 0.004722682752007282], [0.0037610895921844226, 0.011212467192517929, -0.002004446874989477], [0.004722682752007282, -0.002004446874989477, 0.016380660291523953]], "chi2_level": 0.997, "chi2_df": 3, "chi2_threshold": 13.931422665512084, "N_raw": 70, "N_roi": 70, "N_inlier": 67, "refit": true}
{"timestamp": "15:46:38.091866", "frame": 73, "mu": [-1.3424864075756668, 0.7530907483455256, 1.3236010147128692], "Sigma": [[0.013908012645102025, 0.007253084507118735, 0.0024838349300176066], [0.007253084507118735, 0.007677353778229624, -0.003116221479671971], [0.002483834930017606, -0.003116221479671971, 0.014837516490975837]], "chi2_level": 0.997, "chi2_df": 3, "chi2_threshold": 13.931422665512084, "N_raw": 89, "N_roi": 89, "N_inlier": 87, "refit": true}
{"timestamp": "15:46:38.145347", "frame": 74, "mu": [-1.3417211155639195, 0.7506330935306607, 1.323794797561975], "Sigma": [[0.009700534496644363, 0.0036600298004172945, 0.0046204101952986385], [0.003660029800417295, 0.008332905073580591, -0.0045452590415656635], [0.0046204101952986385, -0.0045452590415656635, 0.017086751581239536]], "chi2_level": 0.997, "chi2_df": 3, "chi2_threshold": 13.931422665512084, "N_raw": 81, "N_roi": 81, "N_inlier": 79, "refit": true}
{"timestamp": "15:46:38.201789", "frame": 75, "mu": [-1.281057358917528, 0.7562327342930721, 1.3583933619908155], "Sigma": [[0.00784466425423096, 0.0035270847825088843, 0.0018215003267709389], [0.0035270847825088847, 0.009677883916627243, -0.009122980651705501], [0.0018215003267709389, -0.009122980651705501, 0.01460833754856386]], "chi2_level": 0.997, "chi2_df": 3, "chi2_threshold": 13.931422665512084, "N_raw": 96, "N_roi": 96, "N_inlier": 96, "refit": true}
{"timestamp": "15:46:38.260963", "frame": 76, "mu": [-1.2571464193523567, 0.7461350834218275, 1.3946671408445546], "Sigma": [[0.014250408558018004, 0.006186021977581915, 0.003963935979813143], [0.006186021977581915, 0.007792134049738193, -0.00488994547267416], [0.003963935979813143, -0.004889945472674159, 0.012461574987705457]], "chi2_level": 0.997, "chi2_df": 3, "chi2_threshold": 13.931422665512084, "N_raw": 113, "N_roi": 113, "N_inlier": 109, "refit": true}
{"timestamp": "15:46:38.309618", "frame": 77, "mu": [-1.1764380841149764, 0.7764923650749104, 1.515733715498211], "Sigma": [[0.006549935738680425, 0.0035636013648003167, -0.0032633614844826083], [0.0035636013648003163, 0.010818355907512605, -0.008136868322563908], [-0.0032633614844826083, -0.008136868322563908, 0.009859147998680652]], "chi2_level": 0.997, "chi2_df": 3, "chi2_threshold": 13.931422665512084, "N_raw": 66, "N_roi": 66, "N_inlier": 63, "refit": true}
{"timestamp": "15:46:38.368507", "frame": 78, "mu": [-1.2130466366674073, 0.8436647558412151, 1.4183673275056112], "Sigma": [[0.007122692360210031, 0.0014326899001600884, 0.0015607557202555722], [0.0014326899001600884, 0.0071125065659269964, -0.007862209483710211], [0.0015607557202555722, -0.007862209483710211, 0.02034829344808238]], "chi2_level": 0.997, "chi2_df": 3, "chi2_threshold": 13.931422665512084, "N_raw": 97, "N_roi": 97, "N_inlier": 91, "refit": true}
{"timestamp": "15:46:38.419431", "frame": 79, "mu": [-1.166513585086416, 0.7072233716467136, 1.438958542946564], "Sigma": [[0.00679673831569559, 0.00674879924958602, 0.0035145928102540826], [0.006748799249586022, 0.011140609989795254, -0.001645396342762851], [0.0035145928102540826, -0.001645396342762851, 0.009802254875375864]], "chi2_level": 0.997, "chi2_df": 3, "chi2_threshold": 13.931422665512084, "N_raw": 73, "N_roi": 73, "N_inlier": 69, "refit": true}
{"timestamp": "15:46:38.474908", "frame": 80, "mu": [-1.1138942696174938, 0.8972840289021311, -0.19025805465386625], "Sigma": [[0.009844127811926005, 0.004241272911540473, 0.001004077564053196], [0.004241272911540473, 0.008538540892152, -0.003257305953108944], [0.001004077564053196, -0.003257305953108944, 0.004148001058192244]], "chi2_level": 0.997, "chi2_df": 3, "chi2_threshold": 13.931422665512084, "N_raw": 78, "N_roi": 78, "N_inlier": 76, "refit": true}
{"timestamp": "15:46:38.525893", "frame": 81, "mu": [-1.1156538943681098, 0.7539679032630247, -0.510468881936188], "Sigma": [[0.007611853763162699, 0.01019464960253151, 0.0036257434372845166], [0.010194649602531511, 0.021565171329637766, 0.002660353710678379], [0.0036257434372845166, 0.002660353710678378, 0.03650790804315272]], "chi2_level": 0.997, "chi2_df": 3, "chi2_threshold": 13.931422665512084, "N_raw": 50, "N_roi": 50, "N_inlier": 48, "refit": true}
{"timestamp": "15:46:38.587567", "frame": 82, "mu": [-1.0470942801298626, 0.8323115964232443, 1.5334552986929413], "Sigma": [[0.01074064108268619, 0.005101534742932776, -0.003238082254998731], [0.005101534742932776, 0.0064048094397421524, -0.006875752940978612], [-0.003238082254998731, -0.006875752940978612, 0.011189791865842598]], "chi2_level": 0.997, "chi2_df": 3, "chi2_threshold": 13.931422665512084, "N_raw": 98, "N_roi": 98, "N_inlier": 97, "refit": true}
{"timestamp": "15:46:38.646019", "frame": 83, "mu": [-1.0500301575742974, 0.8461381279830031, 1.5398314791065568], "Sigma": [[0.009996627916798975, 0.0033561748527478705, -0.003100364528928754], [0.0033561748527478705, 0.01021700463376165, -0.009415001961334322], [-0.0031003645289287545, -0.009415001961334322, 0.00971159461617645]], "chi2_level": 0.997, "chi2_df": 3, "chi2_threshold": 13.931422665512084, "N_raw": 124, "N_roi": 124, "N_inlier": 121, "refit": true}
{"timestamp": "15:46:38.703396", "frame": 84, "mu": [-0.9915753830670267, 0.8195358417631899, 1.3373260191545515], "Sigma": [[0.01913909768460125, 0.014882123085017874, -0.03170005865926313], [0.014882123085017874, 0.015673345351828485, -0.03166177288349189], [-0.03170005865926313, -0.03166177288349189, 0.11666170324790542]], "chi2_level": 0.997, "chi2_df": 3, "chi2_threshold": 13.931422665512084, "N_raw": 127, "N_roi": 127, "N_inlier": 127, "refit": true}
{"timestamp": "15:46:38.756958", "frame": 85, "mu": [-0.9822149567092631, 0.8821018709542552, 1.553456002420902], "Sigma": [[0.021670598285336407, 0.009037041513784067, -0.0008189890158777559], [0.009037041513784067, 0.008638488559721007, -0.005333745202771337], [-0.0008189890158777561, -0.005333745202771337, 0.008981484214792328]], "chi2_level": 0.997, "chi2_df": 3, "chi2_threshold": 13.931422665512084, "N_raw": 121, "N_roi": 121, "N_inlier": 117, "refit": true}
{"timestamp": "15:46:38.814165", "frame": 86, "mu": [-0.9832185812065989, 0.8650332459056629, 1.570726577688264], "Sigma": [[0.013727417729998945, 0.0066198149620978145, -0.0019907282620527985], [0.0066198149620978145, 0.009128573673348414, -0.008982829777374022], [-0.001990728262052799, -0.008982829777374022, 0.012781869262732842]], "chi2_level": 0.997, "chi2_df": 3, "chi2_threshold": 13.931422665512084, "N_raw": 135, "N_roi": 135, "N_inlier": 130, "refit": true}
{"timestamp": "15:46:38.865749", "frame": 87, "mu": [-0.9628170649173774, 0.8495609592738421, 1.3364901853364588], "Sigma": [[0.02976624585685887, 0.022120213657352606, -0.046131675162989876], [0.022120213657352606, 0.024302741912298996, -0.04331558316226122], [-0.04613167516298987, -0.04331558316226122, 0.13222921375669613]], "chi2_level": 0.997, "chi2_df": 3, "chi2_threshold": 13.931422665512084, "N_raw": 115, "N_roi": 115, "N_inlier": 113, "refit": true}
{"timestamp": "15:46:38.922388", "frame": 88, "mu": [-0.991024225723668, 0.7741880282522632, 1.5697030150276], "Sigma": [[0.02437184853528032, 0.011562911696116996, 0.00035421645891663665], [0.011562911696116996, 0.00842859843224705, -0.003653860790566836], [0.00035421645891663665, -0.003653860790566836, 0.0062985024594798674]], "chi2_level": 0.997, "chi2_df": 3, "chi2_threshold": 13.931422665512084, "N_raw": 119, "N_roi": 119, "N_inlier": 116, "refit": true}
{"timestamp": "15:46:38.973704", "frame": 89, "mu": [-0.8033820338298303, 0.9155632419282156, 1.4891273329822972], "Sigma": [[0.02288925971068858, 0.013549377422280105, -0.004101414572302252], [0.013549377422280105, 0.016384587820951986, -0.008403183454371094], [-0.004101414572302252, -0.008403183454371094, 0.024311934479536803]], "chi2_level": 0.997, "chi2_df": 3, "chi2_threshold": 13.931422665512084, "N_raw": 96, "N_roi": 96, "N_inlier": 93, "refit": true}
{"timestamp": "15:46:39.024748", "frame": 90, "mu": [-0.9306252648324033, 0.8802340285100091, -0.15380234034655732], "Sigma": [[0.03323843663075722, 0.017670326720700964, -0.003658699421314124], [0.017670326720700964, 0.01385975881086139, -0.004889538562231611], [-0.003658699421314124, -0.004889538562231612, 0.015162699194785138]], "chi2_level": 0.997, "chi2_df": 3, "chi2_threshold": 13.931422665512084, "N_raw": 69, "N_roi": 69, "N_inlier": 65, "refit": true}
{"timestamp": "15:46:39.086255", "frame": 91, "mu": [-0.6917033493889387, 0.943153893753378, 0.0585235389105809], "Sigma": [[0.01838007848171831, 0.012573101512136139, 0.05355024516580467], [0.012573101512136139, 0.017494532010085936, 0.05029118277901645], [0.05355024516580467, 0.05029118277901645, 0.690397872112355]], "chi2_level": 0.997, "chi2_df": 3, "chi2_threshold": 13.931422665512084, "N_raw": 116, "N_roi": 115, "N_inlier": 114, "refit": true}
{"timestamp": "15:46:39.134287", "frame": 92, "mu": [-0.6046663172721826, 0.9830041211434659, 1.513336408610758], "Sigma": [[0.002991061344318166, -4.760811114526705e-05, 0.0006394029067564209], [-4.7608111145267e-05, 0.00450401843529998, -0.004194681103815565], [0.000639402906756421, -0.004194681103815565, 0.006521354832666872]], "chi2_level": 0.997, "chi2_df": 3, "chi2_threshold": 13.931422665512084, "N_raw": 73, "N_roi": 73, "N_inlier": 68, "refit": true}
{"timestamp": "15:46:39.190876", "frame": 93, "mu": [-0.5345130564568179, 0.959620782240796, 1.5037024158234602], "Sigma": [[0.002734417439619153, 0.0005567621219084848, 0.0005335301032079554], [0.0005567621219084845, 0.006293976635320986, -0.0043254335213612225], [0.0005335301032079555, -0.0043254335213612225, 0.01341648805882712]], "chi2_level": 0.997, "chi2_df": 3, "chi2_threshold": 13.931422665512084, "N_raw": 79, "N_roi": 79, "N_inlier": 69, "refit": true}
{"timestamp": "15:46:39.249646", "frame": 94, "mu": [-0.5842609528921558, 0.9566478782874687, 1.4646106989000558], "Sigma": [[0.006839147526294419, -0.00180712783241473, 0.004822148968015236], [-0.0018071278324147304, 0.003665872684038959, -0.005200258543718147], [0.004822148968015236, -0.005200258543718146, 0.015057556115044274]], "chi2_level": 0.997, "chi2_df": 3, "chi2_threshold": 13.931422665512084, "N_raw": 108, "N_roi": 106, "N_inlier": 101, "refit": true}
{"timestamp": "15:46:39.299899", "frame": 95, "mu": [-0.5229264515080704, 0.9647601436338009, 1.3581181007964425], "Sigma": [[0.004087553617593256, 0.0002706245781402007, -0.0047376896574458024], [0.00027062457814020044, 0.005590565110697718, -0.015981308310982295], [-0.0047376896574458024, -0.015981308310982295, 0.059224230015182996]], "chi2_level": 0.997, "chi2_df": 3, "chi2_threshold": 13.931422665512084, "N_raw": 74, "N_roi": 74, "N_inlier": 74, "refit": true}
{"timestamp": "15:46:39.357557", "frame": 96, "mu": [-0.48836717952926467, 0.9492378394441783, 1.4492356826954946], "Sigma": [[0.003579295079124946, -0.002211774276910442, 0.0017673452314091826], [-0.002211774276910442, 0.004252754861656231, -0.005167798689705533], [0.0017673452314091826, -0.005167798689705533, 0.041515247127842464]], "chi2_level": 0.997, "chi2_df": 3, "chi2_threshold": 13.931422665512084, "N_raw": 97, "N_roi": 97, "N_inlier": 96, "refit": true}
{"timestamp": "15:46:39.410114", "frame": 97, "mu": [-0.4810080530484345, 0.911603041534429, 1.5168907795536486], "Sigma": [[0.004225503831120278, -0.001449201623338573, 0.0019246098578021152], [-0.0014492016233385728, 0.0029256865153643287, -0.0035263595906032943], [0.0019246098578021152, -0.0035263595906032947, 0.005482213363979407]], "chi2_level": 0.997, "chi2_df": 3, "chi2_threshold": 13.931422665512084, "N_raw": 77, "N_roi": 77, "N_inlier": 73, "refit": true}
{"timestamp": "15:46:39.464591", "frame": 98, "mu": [-0.4156194972584124, 0.942815497057232, 1.4551057957935158], "Sigma": [[0.002440719960015968, -0.0011532350859519837, 0.0011758949287482491], [-0.0011532350859519834, 0.0035835303158844706, -0.007213672991119243], [0.0011758949287482491, -0.007213672991119243, 0.029873312657860362]], "chi2_level": 0.997, "chi2_df": 3, "chi2_threshold": 13.931422665512084, "N_raw": 78, "N_roi": 78, "N_inlier": 77, "refit": true}
{"timestamp": "15:46:39.517170", "frame": 99, "mu": [-0.41552980231204756, 0.8957229956947467, 1.5120666981898077], "Sigma": [[0.0036298177048986824, -0.0010352830653753272, 0.0008443836470791025], [-0.0010352830653753272, 0.0027283267960700095, -0.001783795996025223], [0.0008443836470791024, -0.001783795996025223, 0.0012703840034445234]], "chi2_level": 0.997, "chi2_df": 3, "chi2_threshold": 13.931422665512084, "N_raw": 60, "N_roi": 60, "N_inlier": 59, "refit": true}
{"timestamp": "15:46:39.680474", "frame": 100, "mu": [-0.3370375424613436, 0.9353080691362248, 1.3265178288015613], "Sigma": [[0.0024646153087452536, 0.00035876809604979516, -0.002171009839445882], [0.00035876809604979516, 0.0017352698248060234, -0.004674130074304189], [-0.002171009839445881, -0.004674130074304189, 0.07969100280984838]], "chi2_level": 0.997, "chi2_df": 3, "chi2_threshold": 13.931422665512084, "N_raw": 75, "N_roi": 75, "N_inlier": 75, "refit": true}
{"timestamp": "15:46:39.699396", "frame": 101, "mu": [-0.34008069079177655, 0.9016928841447205, 1.5005401882530804], "Sigma": [[0.0033380937247054136, 0.0003587654312496536, 0.004275884167104487], [0.0003587654312496537, 0.002226578766197576, 0.00245967781563924], [0.004275884167104487, 0.00245967781563924, 0.020091898254522667]], "chi2_level": 0.997, "chi2_df": 3, "chi2_threshold": 13.931422665512084, "N_raw": 62, "N_roi": 60, "N_inlier": 58, "refit": true}
{"timestamp": "15:46:39.730611", "frame": 102, "mu": [-0.3315041243532631, 0.8982147846261171, 1.485326790861615], "Sigma": [[0.002309474080744493, -0.000931533801976104, 0.0027593521200846966], [-0.000931533801976104, 0.0031305700065343187, -0.0070173404101225014], [0.0027593521200846966, -0.0070173404101225014, 0.01807869988776185]], "chi2_level": 0.997, "chi2_df": 3, "chi2_threshold": 13.931422665512084, "N_raw": 52, "N_roi": 52, "N_inlier": 52, "refit": true}
{"timestamp": "15:46:39.759586", "frame": 103, "mu": [-0.29972509091643046, 0.9017820020383921, 1.4379289564821192], "Sigma": [[0.0036934328493557667, 0.00042581504960379944, -0.0035432276898073522], [0.00042581504960379944, 0.0029390328481091743, -0.005665659751193286], [-0.0035432276898073522, -0.005665659751193287, 0.016844436043110436]], "chi2_level": 0.997, "chi2_df": 3, "chi2_threshold": 13.931422665512084, "N_raw": 97, "N_roi": 96, "N_inlier": 94, "refit": true}
{"timestamp": "15:46:39.799186", "frame": 104, "mu": [-0.2821298992565253, 1.080195510211953, -0.40666931637646], "Sigma": [[0.0023499171065451303, 0.0006622683566946848, 0.0005124066826251733], [0.0006622683566946847, 0.01100508136260273, -0.009499755201695515], [0.0005124066826251732, -0.009499755201695515, 0.017723277096643827]], "chi2_level": 0.997, "chi2_df": 3, "chi2_threshold": 13.931422665512084, "N_raw": 101, "N_roi": 99, "N_inlier": 96, "refit": true}
{"timestamp": "15:46:39.853967", "frame": 105, "mu": [-0.2637173234839025, 0.9972449945446467, 0.08490340399069624], "Sigma": [[0.002740867240897074, -0.0011973830647627078, 0.027333486333495787], [-0.0011973830647627078, 0.013024656906714992, -0.012151011564872628], [0.027333486333495784, -0.012151011564872635, 0.5823920783664297]], "chi2_level": 0.997, "chi2_df": 3, "chi2_threshold": 13.931422665512084, "N_raw": 106, "N_roi": 106, "N_inlier": 104, "refit": true}
{"timestamp": "15:46:39.906447", "frame": 106, "mu": [-0.27270834217255974, 0.8964462986608217, 1.2978147236610644], "Sigma": [[0.0024097549804278466, -0.0012881001221658587, -0.0004933190317814094], [-0.0012881001221658587, 0.014345470688911463, -0.0024494550632410657], [-0.0004933190317814095, -0.0024494550632410657, 0.0008616108904706245]], "chi2_level": 0.997, "chi2_df": 3, "chi2_threshold": 13.931422665512084, "N_raw": 81, "N_roi": 81, "N_inlier": 78, "refit": true}
{"timestamp": "15:46:39.957719", "frame": 107, "mu": [-0.22830133453235435, 0.8583101439701706, 1.370292945298016], "Sigma": [[0.002017143083416369, -0.00010357241003511303, 0.00041414560190804824], [-0.00010357241003511309, 0.003440740453997293, -0.002653952298810613], [0.00041414560190804824, -0.002653952298810613, 0.0037892817611666187]], "chi2_level": 0.997, "chi2_df": 3, "chi2_threshold": 13.931422665512084, "N_raw": 65, "N_roi": 65, "N_inlier": 64, "refit": true}
{"timestamp": "15:46:40.012154", "frame": 108, "mu": [-0.15881289696337292, 0.9972054529472077, 1.1709213307665474], "Sigma": [[0.004094338531113062, -0.00033242204268865006, -0.011180895580550654], [-0.00033242204268865016, 0.0023300659829645852, 0.00214721603067303], [-0.011180895580550654, 0.0021472160306730296, 0.06405702983482357]], "chi2_level": 0.997, "chi2_df": 3, "chi2_threshold": 13.931422665512084, "N_raw": 56, "N_roi": 56, "N_inlier": 54, "refit": true}
{"timestamp": "15:46:40.068878", "frame": 109, "mu": [-0.12635846585191807, 0.9826110967890723, 1.4920749870257517], "Sigma": [[0.0015201982001653439, -0.0005210604626205622, 0.00027080953237149574], [-0.0005210604626205621, 0.003773738778849572, -0.007171822316981973], [0.00027080953237149585, -0.007171822316981973, 0.02454911679631037]], "chi2_level": 0.997, "chi2_df": 3, "chi2_threshold": 13.931422665512084, "N_raw": 66, "N_roi": 65, "N_inlier": 61, "refit": true}
{"timestamp": "15:46:40.125785", "frame": 110, "mu": [-0.09066335413958063, 0.9687689387489905, 1.4765564648990857], "Sigma": [[0.002244909076539673, -0.0006697535049284798, 0.0005521126731255567], [-0.0006697535049284798, 0.0025900771957431835, -0.0047669178285670195], [0.0005521126731255567, -0.0047669178285670195, 0.01628836703034891]], "chi2_level": 0.997, "chi2_df": 3, "chi2_threshold": 13.931422665512084, "N_raw": 84, "N_roi": 83, "N_inlier": 83, "refit": true}
{"timestamp": "15:46:40.229026", "frame": 112, "mu": [0.007725669078996606, 0.978095974688537, 1.540404939474251], "Sigma": [[0.0015780379645357193, 0.0005510412900240396, -0.0010615185240301925], [0.0005510412900240395, 0.0017533427956797638, -0.0018193613427496427], [-0.0010615185240301925, -0.0018193613427496427, 0.009198293206225809]], "chi2_level": 0.997, "chi2_df": 3, "chi2_threshold": 13.931422665512084, "N_raw": 46, "N_roi": 46, "N_inlier": 46, "refit": true}
{"timestamp": "15:46:40.289720", "frame": 113, "mu": [0.011198813098212863, 1.0084746900593493, 1.5153600090304107], "Sigma": [[0.0022844806799275866, -0.0009378478445059255, 0.0019018666080111125], [-0.0009378478445059256, 0.002605989877617723, -0.004912982123638903], [0.0019018666080111125, -0.004912982123638903, 0.013463545314782072]], "chi2_level": 0.997, "chi2_df": 3, "chi2_threshold": 13.931422665512084, "N_raw": 74, "N_roi": 74, "N_inlier": 72, "refit": true}
{"timestamp": "15:46:40.341981", "frame": 114, "mu": [0.05529568684405548, 1.014021876474096, 1.1876615848531935], "Sigma": [[0.0018593053829345982, -0.00044488883841832744, -0.001837210349578023], [-0.00044488883841832744, 0.000560686503700243, -0.0018193404191993892], [-0.0018372103495780227, -0.0018193404191993892, 0.03667384013863361]], "chi2_level": 0.997, "chi2_df": 3, "chi2_threshold": 13.931422665512084, "N_raw": 58, "N_roi": 58, "N_inlier": 57, "refit": true}
{"timestamp": "15:46:40.393585", "frame": 115, "mu": [0.050803803785149475, 0.9941899687592034, 1.263788314078179], "Sigma": [[0.0025699717316660107, 0.0010870646790716763, 0.008193851442209452], [0.0010870646790716763, 0.0020739216531269243, 0.011949570273153954], [0.008193851442209452, 0.011949570273153954, 0.1401301704939891]], "chi2_level": 0.997, "chi2_df": 3, "chi2_threshold": 13.931422665512084, "N_raw": 38, "N_roi": 38, "N_inlier": 37, "refit": true}
{"timestamp": "15:46:40.454391", "frame": 116, "mu": [0.11018404333786191, 0.9941218554445669, 1.4389886268083463], "Sigma": [[0.002113200431209024, 0.00010520871953259869, -0.0010577291438820804], [0.00010520871953259866, 0.002059730721334179, -0.004196081598970013], [-0.0010577291438820804, -0.004196081598970012, 0.02571103705311906]], "chi2_level": 0.997, "chi2_df": 3, "chi2_threshold": 13.931422665512084, "N_raw": 77, "N_roi": 77, "N_inlier": 73, "refit": true}
{"timestamp": "15:46:40.507682", "frame": 117, "mu": [0.05126713362258498, 0.9395877086140033, 1.3124290293356258], "Sigma": [[0.0024477249988301246, 0.0003020984343473695, -0.004149966794605406], [0.0003020984343473695, 0.006835061357236828, 0.0023981149215179885], [-0.0041499667946054055, 0.0023981149215179885, 0.028091468418278212]], "chi2_level": 0.997, "chi2_df": 3, "chi2_threshold": 13.931422665512084, "N_raw": 54, "N_roi": 53, "N_inlier": 50, "refit": true}
{"timestamp": "15:46:40.556014", "frame": 118, "mu": [0.094604338014507, 1.0291279670828528, -0.3892683286487525], "Sigma": [[0.0013612817654323635, -0.0009351002368987477, 0.0019982261675570547], [-0.0009351002368987477, 0.006310316491884629, -0.0004463822697776945], [0.0019982261675570547, -0.00044638226977769427, 0.008275459019129114]], "chi2_level": 0.997, "chi2_df": 3, "chi2_threshold": 13.931422665512084, "N_raw": 14, "N_roi": 14, "N_inlier": 13, "refit": true}
{"timestamp": "15:46:40.618478", "frame": 119, "mu": [0.13363398726334677, 1.001161924944776, 1.4926551868856615], "Sigma": [[0.0020141287549146625, 0.0003221390224319088, -0.0007167452497533526], [0.0003221390224319088, 0.003054293653689228, -0.00390563321240963], [-0.0007167452497533525, -0.00390563321240963, 0.010501981254799031]], "chi2_level": 0.997, "chi2_df": 3, "chi2_threshold": 13.931422665512084, "N_raw": 69, "N_roi": 69, "N_inlier": 68, "refit": true}
{"timestamp": "15:46:40.671614", "frame": 120, "mu": [0.1802482685006682, 0.9507911473085544, 1.3230138968133163], "Sigma": [[0.0016527687931591165, 0.002363588400620828, -0.0018050841899054334], [0.002363588400620828, 0.007001897568313838, -3.256753969364389e-05], [-0.0018050841899054336, -3.256753969364378e-05, 0.06056945417692226]], "chi2_level": 0.997, "chi2_df": 3, "chi2_threshold": 13.931422665512084, "N_raw": 59, "N_roi": 59, "N_inlier": 57, "refit": true}
