{"timestamp": "15:38:58.054322", "frame": 9, "mu": [2.007007200237269, 0.7830402251201061, 1.374154853982823], "Sigma": [[0.00284025273280642, -0.0012825356223566341, -4.503064424904347e-05], [-0.0012825356223566341, 0.004447070502172582, -0.0013383332920210533], [-4.50306442490435e-05, -0.0013383332920210535, 0.0004791649325203417]], "chi2_level": 0.997, "chi2_df": 3, "chi2_threshold": 13.931422665512084, "N_raw": 13, "N_roi": 13, "N_inlier": 12, "refit": true}
{"timestamp": "15:38:58.605622", "frame": 19, "mu": [1.7217127029186543, 0.5097972504105559, 1.261841846306042], "Sigma": [[0.005926161453988553, -0.002674189535341944, -0.0031436221137041026], [-0.002674189535341944, 0.008440358435499014, -0.009638323499550022], [-0.003143622113704103, -0.009638323499550024, 0.03858419442256482]], "chi2_level": 0.997, "chi2_df": 3, "chi2_threshold": 13.931422665512084, "N_raw": 17, "N_roi": 17, "N_inlier": 17, "refit": true}
{"timestamp": "15:38:58.882536", "frame": 24, "mu": [1.3497989953318628, 0.6037921086941659, 1.3998728370105191], "Sigma": [[0.0076050394965634744, -0.004995038913267575, -0.006374201257578888], [-0.004995038913267574, 0.006913301650546333, 0.0016195343126808224], [-0.006374201257578887, 0.0016195343126808222, 0.010687461374857878]], "chi2_level": 0.997, "chi2_df": 3, "chi2_threshold": 13.931422665512084, "N_raw": 34, "N_roi": 34, "N_inlier": 31, "refit": true}
{"timestamp": "15:38:58.937270", "frame": 25, "mu": [1.2748596253852003, 0.6593668778037196, 1.2707689791616172], "Sigma": [[0.008756866162790316, -0.0015238831146831126, -0.011716938200127433], [-0.0015238831146831128, 0.009119405732947079, -0.023287760518409167], [-0.011716938200127433, -0.023287760518409164, 0.09737218321593015]], "chi2_level": 0.997, "chi2_df": 3, "chi2_threshold": 13.931422665512084, "N_raw": 10, "N_roi": 10, "N_inlier": 10, "refit": true}
{"timestamp": "15:38:58.997500", "frame": 26, "mu": [1.2007889553807993, 0.6588037418326078, 1.209272251758193], "Sigma": [[0.00578449004950919, -0.0037390117884656716, -0.0013271567721929085], [-0.0037390117884656716, 0.007439800860226368, -0.01600499986273817], [-0.0013271567721929091, -0.01600499986273817, 0.10225109752126055]], "chi2_level": 0.997, "chi2_df": 3, "chi2_threshold": 13.931422665512084, "N_raw": 50, "N_roi": 50, "N_inlier": 49, "refit": true}
{"timestamp": "15:38:59.052205", "frame": 27, "mu": [1.0573457583001606, 0.7385563084802145, 1.1555210996820775], "Sigma": [[0.004905362280994955, -0.002468212699113828, 0.0006884455410573169], [-0.002468212699113828, 0.009551437578108715, -0.02950239959140942], [0.000688445541057316, -0.02950239959140942, 0.1485861017488945]], "chi2_level": 0.997, "chi2_df": 3, "chi2_threshold": 13.931422665512084, "N_raw": 48, "N_roi": 48, "N_inlier": 48, "refit": true}
{"timestamp": "15:38:59.105738", "frame": 28, "mu": [0.9761978646135202, 0.6809748074627916, 1.5032837030297155], "Sigma": [[0.005813674676089747, -0.0012806776662661228, -0.004852204540208699], [-0.0012806776662661228, 0.003180948875644872, -0.0010079310651260195], [-0.004852204540208699, -0.0010079310651260195, 0.013655879074313156]], "chi2_level": 0.997, "chi2_df": 3, "chi2_threshold": 13.931422665512084, "N_raw": 35, "N_roi": 35, "N_inlier": 33, "refit": true}
{"timestamp": "15:38:59.162422", "frame": 29, "mu": [0.9600994699877949, 0.5943277875428269, 1.408456325701779], "Sigma": [[0.014344974625560473, -0.013187323744471374, -0.01168307594467944], [-0.013187323744471374, 0.015529732179719992, 0.009731373675639376], [-0.011683075944679443, 0.009731373675639374, 0.010543948705379627]], "chi2_level": 0.997, "chi2_df": 3, "chi2_threshold": 13.931422665512084, "N_raw": 56, "N_roi": 56, "N_inlier": 52, "refit": true}
{"timestamp": "15:38:59.214371", "frame": 30, "mu": [0.8228817255355606, 0.6946083707799706, 1.3775988857513457], "Sigma": [[0.005508885510409106, -0.0008779196537679705, -0.01306327282521394], [-0.0008779196537679708, 0.002573796607380187, 0.0020520499508607706], [-0.01306327282521394, 0.00205204995086077, 0.050321707097765775]], "chi2_level": 0.997, "chi2_df": 3, "chi2_threshold": 13.931422665512084, "N_raw": 25, "N_roi": 25, "N_inlier": 25, "refit": true}
{"timestamp": "15:38:59.273568", "frame": 31, "mu": [0.765875563583699, 0.6566260652312701, 1.4049417599173402], "Sigma": [[0.0072533445683621795, -0.0015436562155827626, -0.009921096789221056], [-0.0015436562155827626, 0.0019453663192553307, 0.0008753445776386416], [-0.009921096789221056, 0.0008753445776386419, 0.01762046398511422]], "chi2_level": 0.997, "chi2_df": 3, "chi2_threshold": 13.931422665512084, "N_raw": 61, "N_roi": 61, "N_inlier": 58, "refit": true}
{"timestamp": "15:38:59.328362", "frame": 32, "mu": [0.6515321298506289, 0.7092279520567365, 1.3095400451331296], "Sigma": [[0.005139417508412022, -0.001170835235953564, -0.007262541954870015], [-0.0011708352359535636, 0.005123748676956106, -0.015581996544429901], [-0.0072625419548700155, -0.015581996544429901, 0.09935025225148043]], "chi2_level": 0.997, "chi2_df": 3, "chi2_threshold": 13.931422665512084, "N_raw": 49, "N_roi": 49, "N_inlier": 49, "refit": true}
{"timestamp": "15:38:59.381423", "frame": 33, "mu": [0.582422653839479, 0.6769788145509443, 1.4819329445718221], "Sigma": [[0.00332521615848719, -0.0006721435994967565, -0.003756482856124897], [-0.0006721435994967565, 0.0014519972081186848, -0.0003715811974514316], [-0.003756482856124897, -0.0003715811974514317, 0.00988045128075919]], "chi2_level": 0.997, "chi2_df": 3, "chi2_threshold": 13.931422665512084, "N_raw": 43, "N_roi": 43, "N_inlier": 42, "refit": true}
{"timestamp": "15:38:59.437337", "frame": 34, "mu": [0.5156979324980735, 0.6730425859371304, 1.4622068122762046], "Sigma": [[0.0030766808366509127, -0.0006706828675429328, -0.003242139074812688], [-0.0006706828675429329, 0.0017610783533439326, -0.001953603212041], [-0.0032421390748126884, -0.001953603212041, 0.031390489166086964]], "chi2_level": 0.997, "chi2_df": 3, "chi2_threshold": 13.931422665512084, "N_raw": 50, "N_roi": 50, "N_inlier": 48, "refit": true}
{"timestamp": "15:38:59.492238", "frame": 35, "mu": [0.4165067749098424, 0.6908901515033938, 1.4893652957874801], "Sigma": [[0.0033211942844228372, -0.0006745024257616534, -0.0007513647214087684], [-0.0006745024257616534, 0.0016165177409549981, -0.0027492999244329588], [-0.0007513647214087681, -0.0027492999244329588, 0.041574939917238506]], "chi2_level": 0.997, "chi2_df": 3, "chi2_threshold": 13.931422665512084, "N_raw": 47, "N_roi": 47, "N_inlier": 45, "refit": true}
{"timestamp": "15:38:59.550513", "frame": 36, "mu": [0.3503008146136984, 0.7129368731891972, 1.3845157336254084], "Sigma": [[0.00305416472277004, -0.0009619318008386646, -0.0026227872008714116], [-0.0009619318008386646, 0.0012507927571709123, -0.0029241398463645354], [-0.0026227872008714116, -0.002924139846364536, 0.03253248781061478]], "chi2_level": 0.997, "chi2_df": 3, "chi2_threshold": 13.931422665512084, "N_raw": 79, "N_roi": 79, "N_inlier": 75, "refit": true}
{"timestamp": "15:38:59.608357", "frame": 37, "mu": [0.27981184290074845, 0.719872451636573, 1.4429665435273284], "Sigma": [[0.005212772978167845, -0.0014200616418596742, -0.002735026739239998], [-0.0014200616418596742, 0.0028583371386289606, -0.005126997845677292], [-0.0027350267392399984, -0.005126997845677292, 0.018574210294537992]], "chi2_level": 0.997, "chi2_df": 3, "chi2_threshold": 13.931422665512084, "N_raw": 91, "N_roi": 91, "N_inlier": 87, "refit": true}
{"timestamp": "15:38:59.660613", "frame": 38, "mu": [0.18623123271247327, 0.7217733195449544, 1.3298478002278828], "Sigma": [[0.0021302093417000408, -0.0007076272176793177, 0.006867663834243202], [-0.0007076272176793177, 0.0023079167738857, 0.001994181180762322], [0.006867663834243204, 0.001994181180762322, 0.09018984107511827]], "chi2_level": 0.997, "chi2_df": 3, "chi2_threshold": 13.931422665512084, "N_raw": 63, "N_roi": 63, "N_inlier": 59, "refit": true}
{"timestamp": "15:38:59.711760", "frame": 39, "mu": [0.07092484952669514, 0.7236127034912805, 1.415594244831802], "Sigma": [[0.000774119519340243, -0.0009776804809748262, -0.0021628333781176295], [-0.0009776804809748262, 0.002442240240749167, 0.00452657701717756], [-0.0021628333781176295, 0.00452657701717756, 0.023039306502351392]], "chi2_level": 0.997, "chi2_df": 3, "chi2_threshold": 13.931422665512084, "N_raw": 41, "N_roi": 41, "N_inlier": 41, "refit": true}
{"timestamp": "15:38:59.772754", "frame": 40, "mu": [0.07403616132432375, 0.6925766397520331, 1.4288891844103357], "Sigma": [[0.004451548889433662, -0.002955647791387712, -0.006810391783779674], [-0.002955647791387712, 0.004258383476397404, 0.003196960077575167], [-0.006810391783779673, 0.003196960077575167, 0.012901289555467477]], "chi2_level": 0.997, "chi2_df": 3, "chi2_threshold": 13.931422665512084, "N_raw": 84, "N_roi": 84, "N_inlier": 82, "refit": true}
{"timestamp": "15:38:59.826121", "frame": 41, "mu": [-0.021811690466419984, 0.8275638726516978, -0.3242049271159896], "Sigma": [[0.0023865259978838108, -0.0009220792226764032, -0.0037239513214727387], [-0.0009220792226764033, 0.004168660363879979, -0.0005435957721541934], [-0.003723951321472739, -0.0005435957721541934, 0.008406033472997525]], "chi2_level": 0.997, "chi2_df": 3, "chi2_threshold": 13.931422665512084, "N_raw": 76, "N_roi": 76, "N_inlier": 73, "refit": true}
{"timestamp": "15:38:59.879387", "frame": 42, "mu": [-0.15699729830307055, 0.7416596941853504, 1.5454916114493968], "Sigma": [[0.0033816390464414814, -0.0009524661691522247, -0.0010650015114499986], [-0.0009524661691522247, 0.0015851557705306174, -0.0009294777874634811], [-0.0010650015114499986, -0.0009294777874634811, 0.0017997800954536582]], "chi2_level": 0.997, "chi2_df": 3, "chi2_threshold": 13.931422665512084, "N_raw": 66, "N_roi": 66, "N_inlier": 63, "refit": true}
{"timestamp": "15:38:59.939956", "frame": 43, "mu": [-0.19166136069705736, 0.7582133144970528, 1.499339974640156], "Sigma": [[0.00385418929112995, -0.0010171915211835976, -0.004519410547934799], [-0.0010171915211835976, 0.0023861321892995426, -0.002083913348651454], [-0.004519410547934799, -0.002083913348651454, 0.011597630298812701]], "chi2_level": 0.997, "chi2_df": 3, "chi2_threshold": 13.931422665512084, "N_raw": 101, "N_roi": 101, "N_inlier": 100, "refit": true}
{"timestamp": "15:38:59.996956", "frame": 44, "mu": [-0.2593440463275111, 0.7367600473428425, 1.5052818983516154], "Sigma": [[0.005127506098902875, -0.0019193535936581482, -0.005981667140638039], [-0.0019193535936581482, 0.0026934728922098214, 0.0011462613991041846], [-0.005981667140638039, 0.0011462613991041846, 0.016673325611502907]], "chi2_level": 0.997, "chi2_df": 3, "chi2_threshold": 13.931422665512084, "N_raw": 111, "N_roi": 109, "N_inlier": 107, "refit": true}
{"timestamp": "15:39:00.046659", "frame": 45, "mu": [-0.35981084489774073, 0.7377259907847719, 1.5078128825001436], "Sigma": [[0.00284638220198973, -0.0018350852213012913, -0.002688281009472795], [-0.0018350852213012908, 0.0029998357430093153, -0.0007099764682645035], [-0.0026882810094727948, -0.0007099764682645035, 0.009776534494253038]], "chi2_level": 0.997, "chi2_df": 3, "chi2_threshold": 13.931422665512084, "N_raw": 77, "N_roi": 77, "N_inlier": 77, "refit": true}
{"timestamp": "15:39:00.148111", "frame": 47, "mu": [-0.7368718373844542, 0.7028146356935835, -0.16102125288133173], "Sigma": [[0.020149201774848517, 0.017867811278790995, -0.007829294687687945], [0.017867811278790995, 0.0203444912056121, -0.009651408372333359], [-0.007829294687687945, -0.009651408372333357, 0.005770973745986829]], "chi2_level": 0.997, "chi2_df": 3, "chi2_threshold": 13.931422665512084, "N_raw": 19, "N_roi": 19, "N_inlier": 17, "refit": true}
{"timestamp": "15:39:00.204094", "frame": 48, "mu": [-0.8633153511948735, 0.619313375293058, 1.7487815983219255], "Sigma": [[0.013778541891045515, 0.0037218136144334304, -0.011271565884882644], [0.0037218136144334304, 0.004469298652699717, -0.006319614859854166], [-0.011271565884882644, -0.006319614859854165, 0.013217076035524791]], "chi2_level": 0.997, "chi2_df": 3, "chi2_threshold": 13.931422665512084, "N_raw": 35, "N_roi": 35, "N_inlier": 34, "refit": true}
{"timestamp": "15:39:00.260453", "frame": 49, "mu": [-0.6789595650170334, 0.6349065565163438, 1.481386100652476], "Sigma": [[0.2733019757164136, -0.07020556651084155, -0.09295957773844861], [-0.07020556651084155, 0.03895259954616827, -0.024159842709554638], [-0.0929595777384486, -0.024159842709554638, 0.2098434650578521]], "chi2_level": 0.997, "chi2_df": 3, "chi2_threshold": 13.931422665512084, "N_raw": 34, "N_roi": 34, "N_inlier": 33, "refit": true}
{"timestamp": "15:39:00.325502", "frame": 50, "mu": [-0.9157642765281071, 0.6481937261497102, 1.6354191384088805], "Sigma": [[0.012549536487013182, 0.004223599346292204, -0.0013722244669473116], [0.004223599346292204, 0.005935852946286961, -0.005181888133352144], [-0.0013722244669473111, -0.005181888133352144, 0.005787748837980602]], "chi2_level": 0.997, "chi2_df": 3, "chi2_threshold": 13.931422665512084, "N_raw": 114, "N_roi": 114, "N_inlier": 110, "refit": true}
{"timestamp": "15:39:00.377289", "frame": 51, "mu": [-0.962495675644975, 0.66209645838437, 1.639952642314766], "Sigma": [[0.010885333177419817, -0.0022088810265387757, -0.005652609847053748], [-0.0022088810265387757, 0.006978125481300873, -0.0008191026175743522], [-0.005652609847053748, -0.0008191026175743521, 0.007394678287030818]], "chi2_level": 0.997, "chi2_df": 3, "chi2_threshold": 13.931422665512084, "N_raw": 85, "N_roi": 85, "N_inlier": 85, "refit": true}
{"timestamp": "15:39:00.430995", "frame": 52, "mu": [-1.0119675065765896, 0.6758118642465555, 1.652734410086418], "Sigma": [[0.009835972405009325, -0.0011844948755037076, -0.006024805810933601], [-0.0011844948755037076, 0.01004256942579008, -0.0015519409658499384], [-0.006024805810933601, -0.0015519409658499386, 0.012717337517814318]], "chi2_level": 0.997, "chi2_df": 3, "chi2_threshold": 13.931422665512084, "N_raw": 80, "N_roi": 80, "N_inlier": 78, "refit": true}
{"timestamp": "15:39:00.484733", "frame": 53, "mu": [-1.1309286962239897, 0.7186849911466909, 1.666851103377024], "Sigma": [[0.006587121469575475, 0.0010044304583545789, -0.0015601715340610987], [0.0010044304583545793, 0.008296480131378178, -0.00452285684002829], [-0.0015601715340610987, -0.0045228568400282896, 0.0032938702713388255]], "chi2_level": 0.997, "chi2_df": 3, "chi2_threshold": 13.931422665512084, "N_raw": 63, "N_roi": 63, "N_inlier": 61, "refit": true}
{"timestamp": "15:39:00.543295", "frame": 54, "mu": [-1.1535560114345533, 0.6679467409569421, 1.5276007556948625], "Sigma": [[0.009952301481546194, 0.0003477816002209073, -0.0030656747686804747], [0.0003477816002209073, 0.013393451391124874, -0.004012136049322076], [-0.0030656747686804747, -0.004012136049322076, 0.0025735191500859283]], "chi2_level": 0.997, "chi2_df": 3, "chi2_threshold": 13.931422665512084, "N_raw": 95, "N_roi": 95, "N_inlier": 94, "refit": true}
{"timestamp": "15:39:00.596833", "frame": 55, "mu": [-1.2439599520069868, 0.8149445301992314, -0.17348679848649656], "Sigma": [[0.009117284506030509, 0.002065015578588934, 0.0036195039697655], [0.0020650155785889345, 0.012559134436529578, 0.009613919006352086], [0.0036195039697655, 0.009613919006352088, 0.12986329131745178]], "chi2_level": 0.997, "chi2_df": 3, "chi2_threshold": 13.931422665512084, "N_raw": 77, "N_roi": 77, "N_inlier": 75, "refit": true}
{"timestamp": "15:39:00.650595", "frame": 56, "mu": [-1.3047500121020565, 0.7916973623889028, 1.6087976086986222], "Sigma": [[0.009532214534836289, 0.0025085390949380606, -0.0030940183531070736], [0.0025085390949380606, 0.010657353885187482, -0.005843727523031437], [-0.0030940183531070736, -0.0058437275230314376, 0.0038103914622768264]], "chi2_level": 0.997, "chi2_df": 3, "chi2_threshold": 13.931422665512084, "N_raw": 76, "N_roi": 76, "N_inlier": 76, "refit": true}
{"timestamp": "15:39:00.702727", "frame": 57, "mu": [-1.3488191171353394, 0.7999003431711365, 1.5510462598551347], "Sigma": [[0.008436245098846159, 0.003597135692200264, -0.017074188833540106], [0.003597135692200264, 0.010257359995914742, -0.013418743504641359], [-0.017074188833540106, -0.013418743504641359, 0.07069319390924214]], "chi2_level": 0.997, "chi2_df": 3, "chi2_threshold": 13.931422665512084, "N_raw": 53, "N_roi": 53, "N_inlier": 52, "refit": true}
{"timestamp": "15:39:00.761807", "frame": 58, "mu": [-1.405486406648946, 0.8121387718766216, 1.4511279326544562], "Sigma": [[0.008237339213781275, 0.004661586645980395, -0.0012003274151412254], [0.004661586645980395, 0.013400125287664919, -0.00793630248582207], [-0.0012003274151412254, -0.00793630248582207, 0.012664439684879443]], "chi2_level": 0.997, "chi2_df": 3, "chi2_threshold": 13.931422665512084, "N_raw": 81, "N_roi": 81, "N_inlier": 78, "refit": true}
{"timestamp": "15:39:00.817524", "frame": 59, "mu": [-1.4345964772750412, 0.8901507211251899, 1.439317879459334], "Sigma": [[0.011851672404282228, 0.002272348990622802, -0.014190516472520289], [0.002272348990622802, 0.008054585942089963, -0.009268289379372071], [-0.014190516472520289, -0.009268289379372071, 0.03036812780306817]], "chi2_level": 0.997, "chi2_df": 3, "chi2_threshold": 13.931422665512084, "N_raw": 83, "N_roi": 83, "N_inlier": 81, "refit": true}
{"timestamp": "15:39:00.871490", "frame": 60, "mu": [-1.4917863936032911, 0.9771322685503843, 1.5194511220293565], "Sigma": [[0.010101183266913182, 0.00036140266149472383, -0.007798174001218088], [0.00036140266149472405, 0.01257444435212123, -0.0038527149322890152], [-0.007798174001218088, -0.0038527149322890152, 0.007796189614953069]], "chi2_level": 0.997, "chi2_df": 3, "chi2_threshold": 13.931422665512084, "N_raw": 77, "N_roi": 77, "N_inlier": 73, "refit": true}
{"timestamp": "15:39:00.927035", "frame": 61, "mu": [-1.5447066641728149, 1.019358045186252, 1.503508644421153], "Sigma": [[0.01114163414150558, 0.0025232921488498056, -0.010630734663341395], [0.0025232921488498065, 0.012949677265070266, -0.014764278954772812], [-0.010630734663341393, -0.01476427895477281, 0.05799980519349403]], "chi2_level": 0.997, "chi2_df": 3, "chi2_threshold": 13.931422665512084, "N_raw": 85, "N_roi": 85, "N_inlier": 83, "refit": true}
{"timestamp": "15:39:00.980426", "frame": 62, "mu": [-1.6376843522930735, 0.9751480328717952, 1.5783378063005915], "Sigma": [[0.011696361803791468, 0.004529668049754663, -0.006126999792121864], [0.004529668049754664, 0.014062631537454046, -0.006841940007831438], [-0.006126999792121864, -0.006841940007831438, 0.0052420962919413425]], "chi2_level": 0.997, "chi2_df": 3, "chi2_threshold": 13.931422665512084, "N_raw": 71, "N_roi": 71, "N_inlier": 68, "refit": true}
{"timestamp": "15:39:01.035042", "frame": 63, "mu": [-1.6840964232006745, 1.01415350491476, 1.5389684072592569], "Sigma": [[0.011887442127459406, 0.002986396734335116, -0.008178484349996488], [0.002986396734335116, 0.012995912996523215, -0.004639163970009038], [-0.008178484349996488, -0.0046391639700090375, 0.007463173398884294]], "chi2_level": 0.997, "chi2_df": 3, "chi2_threshold": 13.931422665512084, "N_raw": 67, "N_roi": 67, "N_inlier": 63, "refit": true}
{"timestamp": "15:39:01.089778", "frame": 64, "mu": [-1.6762331482645783, 1.107384107894392, 1.410522837105571], "Sigma": [[0.0088795092865929, 0.0038711696817617736, -0.0006300785259290658], [0.0038711696817617736, 0.010677480890237543, -0.0050874214629127385], [-0.0006300785259290659, -0.0050874214629127385, 0.019092814433052656]], "chi2_level": 0.997, "chi2_df": 3, "chi2_threshold": 13.931422665512084, "N_raw": 69, "N_roi": 69, "N_inlier": 69, "refit": true}
{"timestamp": "15:39:01.148312", "frame": 65, "mu": [-1.7030943328876063, 1.182785855603835, 1.3611337716709906], "Sigma": [[0.01328321778898405, 0.00930017166011177, 0.0019837664058848757], [0.00930017166011177, 0.015224667594489887, -0.009356039377155564], [0.0019837664058848757, -0.009356039377155564, 0.016326898692647952]], "chi2_level": 0.997, "chi2_df": 3, "chi2_threshold": 13.931422665512084, "N_raw": 93, "N_roi": 93, "N_inlier": 92, "refit": true}
{"timestamp": "15:39:01.202380", "frame": 66, "mu": [-1.7905135379310793, 1.221117053305458, 1.4578198626201342], "Sigma": [[0.0112970817875891, 0.0065109210986147616, -0.0024624704153193696], [0.0065109210986147616, 0.014808446133111474, -0.010904293016562542], [-0.0024624704153193696, -0.01090429301656254, 0.02652279083792152]], "chi2_level": 0.997, "chi2_df": 3, "chi2_threshold": 13.931422665512084, "N_raw": 85, "N_roi": 85, "N_inlier": 84, "refit": true}
{"timestamp": "15:39:01.258687", "frame": 67, "mu": [-1.8358655780090705, 1.3020551982766084, 1.4014894957214659], "Sigma": [[0.012438938731890758, 0.006316548571194845, -0.0029582569886922204], [0.006316548571194845, 0.01387229818964421, -0.01228612500734412], [-0.0029582569886922204, -0.01228612500734412, 0.038948571638294766]], "chi2_level": 0.997, "chi2_df": 3, "chi2_threshold": 13.931422665512084, "N_raw": 94, "N_roi": 94, "N_inlier": 92, "refit": true}
{"timestamp": "15:39:01.310909", "frame": 68, "mu": [-1.8905387263775537, 1.299671816777594, 1.3733909925914518], "Sigma": [[0.013377422808183569, 0.008551507026755997, 0.0004798294341320263], [0.008551507026755997, 0.010444215622998793, -0.004233077574037384], [0.00047982943413202685, -0.004233077574037385, 0.06122826621762591]], "chi2_level": 0.997, "chi2_df": 3, "chi2_threshold": 13.931422665512084, "N_raw": 69, "N_roi": 69, "N_inlier": 68, "refit": true}
{"timestamp": "15:39:01.364379", "frame": 69, "mu": [-1.9096465165400416, 1.3625803737716862, 1.5830918559065383], "Sigma": [[0.014014191700351527, 0.007712120579756297, -0.009517301190775563], [0.007712120579756297, 0.015334118365801558, -0.0071930976714097376], [-0.009517301190775564, -0.0071930976714097376, 0.007677567567760626]], "chi2_level": 0.997, "chi2_df": 3, "chi2_threshold": 13.931422665512084, "N_raw": 66, "N_roi": 66, "N_inlier": 65, "refit": true}
{"timestamp": "15:39:01.420054", "frame": 70, "mu": [-1.9247393829540567, 1.4462969688411897, 1.5225186010515845], "Sigma": [[0.01437823195109104, 0.007073125803080313, -0.008957887865373694], [0.007073125803080313, 0.012872548857467038, -0.009726759966158889], [-0.008957887865373694, -0.009726759966158889, 0.011006425581233542]], "chi2_level": 0.997, "chi2_df": 3, "chi2_threshold": 13.931422665512084, "N_raw": 68, "N_roi": 68, "N_inlier": 68, "refit": true}
{"timestamp": "15:39:01.472779", "frame": 71, "mu": [-1.9745129078600663, 1.4656400405027068, 1.6095382455150251], "Sigma": [[0.013325873970094044, 0.009235855044496507, -0.009979429545337967], [0.009235855044496507, 0.014326621458218945, -0.010346388746914383], [-0.009979429545337969, -0.010346388746914383, 0.010829196590709762]], "chi2_level": 0.997, "chi2_df": 3, "chi2_threshold": 13.931422665512084, "N_raw": 58, "N_roi": 58, "N_inlier": 55, "refit": true}
{"timestamp": "15:39:01.525157", "frame": 72, "mu": [-2.047020557208772, 1.5048476549146836, 1.5582358550833901], "Sigma": [[0.008096544631452545, 0.006009276095924626, -0.007781400299144569], [0.006009276095924627, 0.013051974666774524, -0.02288902738377325], [-0.0077814002991445684, -0.02288902738377325, 0.07096529569855729]], "chi2_level": 0.997, "chi2_df": 3, "chi2_threshold": 13.931422665512084, "N_raw": 35, "N_roi": 35, "N_inlier": 34, "refit": true}
{"timestamp": "15:39:01.585213", "frame": 73, "mu": [-2.050093448260483, 1.5595531390016328, 1.5509220908590997], "Sigma": [[0.01742342432292701, 0.011695540750441304, -0.01230826678578157], [0.011695540750441304, 0.017577702177166504, -0.013452948659315659], [-0.01230826678578157, -0.013452948659315659, 0.02132623949542752]], "chi2_level": 0.997, "chi2_df": 3, "chi2_threshold": 13.931422665512084, "N_raw": 74, "N_roi": 74, "N_inlier": 71, "refit": true}
{"timestamp": "15:39:01.638695", "frame": 74, "mu": [-2.1645046965450883, 1.579360836549574, 1.5770553630240651], "Sigma": [[0.013213966593917123, 0.0074854615640492774, -0.00518179585159528], [0.007485461564049278, 0.013671872456688565, -0.010188683419326522], [-0.00518179585159528, -0.01018868341932652, 0.013309106290291936]], "chi2_level": 0.997, "chi2_df": 3, "chi2_threshold": 13.931422665512084, "N_raw": 61, "N_roi": 61, "N_inlier": 61, "refit": true}
{"timestamp": "15:39:01.694634", "frame": 75, "mu": [-2.1458507617203253, 1.6674507544115067, 1.6136980156144063], "Sigma": [[0.01664286868613182, 0.012865114132040454, -0.010488976178950764], [0.012865114132040454, 0.018641328270451146, -0.014761351914279788], [-0.010488976178950764, -0.014761351914279788, 0.015192712455749796]], "chi2_level": 0.997, "chi2_df": 3, "chi2_threshold": 13.931422665512084, "N_raw": 65, "N_roi": 65, "N_inlier": 64, "refit": true}
{"timestamp": "15:39:01.745865", "frame": 76, "mu": [-2.1569720898305778, 1.7800396474728835, 1.6696622423650553], "Sigma": [[0.010837963603874784, 0.007807828537089938, -0.00933742116348076], [0.007807828537089938, 0.015176094744297491, -0.0069837918046701634], [-0.00933742116348076, -0.0069837918046701634, 0.011647269090492329]], "chi2_level": 0.997, "chi2_df": 3, "chi2_threshold": 13.931422665512084, "N_raw": 36, "N_roi": 36, "N_inlier": 35, "refit": true}
{"timestamp": "15:39:01.803296", "frame": 77, "mu": [-2.2597535262010733, 1.7787584756710069, 1.621364172475935], "Sigma": [[0.016958350895174286, 0.009868718366862789, -0.01331667835607861], [0.009868718366862789, 0.01624241744310712, -0.019330647728087964], [-0.01331667835607861, -0.019330647728087964, 0.10717793613364121]], "chi2_level": 0.997, "chi2_df": 3, "chi2_threshold": 13.931422665512084, "N_raw": 57, "N_roi": 51, "N_inlier": 50, "refit": true}
{"timestamp": "15:39:01.862942", "frame": 78, "mu": [-2.2017706415659375, 1.8983014340967077, 1.6006676789551952], "Sigma": [[0.027088737378254124, 0.016715288400182417, -0.017179887197964747], [0.016715288400182417, 0.02045445384538637, -0.012869182306329977], [-0.017179887197964747, -0.012869182306329977, 0.022338512223407683]], "chi2_level": 0.997, "chi2_df": 3, "chi2_threshold": 13.931422665512084, "N_raw": 85, "N_roi": 78, "N_inlier": 74, "refit": true}
{"timestamp": "15:39:01.913687", "frame": 79, "mu": [-2.1948029598235004, 1.9827819190558604, 1.6557665311348253], "Sigma": [[0.029788005078984214, 0.018683830597050526, -0.004759013927605083], [0.018683830597050526, 0.016315492218098755, -0.008604105932562809], [-0.004759013927605084, -0.008604105932562809, 0.02645813454388059]], "chi2_level": 0.997, "chi2_df": 3, "chi2_threshold": 13.931422665512084, "N_raw": 59, "N_roi": 52, "N_inlier": 52, "refit": true}
{"timestamp": "15:39:01.964516", "frame": 80, "mu": [-2.246398903339005, 2.019349946591553, 1.8136469876140067], "Sigma": [[0.02009270617835437, 0.017097582362850132, -0.01671342662526154], [0.017097582362850135, 0.01933470799436575, -0.013390206755264342], [-0.01671342662526154, -0.01339020675526434, 0.015234145821466122]], "chi2_level": 0.997, "chi2_df": 3, "chi2_threshold": 13.931422665512084, "N_raw": 36, "N_roi": 33, "N_inlier": 32, "refit": true}
{"timestamp": "15:39:02.020865", "frame": 81, "mu": [-2.291202709781393, 2.091416532841266, 1.8563627090553303], "Sigma": [[0.015150197155681432, 0.012329419482531637, -0.01381010055283539], [0.012329419482531637, 0.016305718654404576, -0.013474872408972167], [-0.01381010055283539, -0.013474872408972167, 0.01612287062419989]], "chi2_level": 0.997, "chi2_df": 3, "chi2_threshold": 13.931422665512084, "N_raw": 41, "N_roi": 35, "N_inlier": 32, "refit": true}
{"timestamp": "15:39:02.074766", "frame": 82, "mu": [-2.1155941018144993, 2.3553317917156207, 1.604878959236629], "Sigma": [[0.019798473919734678, 0.005694107556999674, 0.018094970197827322], [0.005694107556999674, 0.014104662490733421, -0.02217751080318408], [0.018094970197827322, -0.02217751080318408, 0.13937805720909155]], "chi2_level": 0.997, "chi2_df": 3, "chi2_threshold": 13.931422665512084, "N_raw": 33, "N_roi": 32, "N_inlier": 32, "refit": true}
{"timestamp": "15:39:02.131684", "frame": 83, "mu": [-2.065768100916922, 2.3895095890544553, 1.6123866544068026], "Sigma": [[0.017071984518802836, 0.006995204735854028, -0.012657538005960709], [0.006995204735854027, 0.009866814886597132, -0.005711295082674952], [-0.012657538005960707, -0.005711295082674952, 0.01116771180677018]], "chi2_level": 0.997, "chi2_df": 3, "chi2_threshold": 13.931422665512084, "N_raw": 55, "N_roi": 49, "N_inlier": 48, "refit": true}
{"timestamp": "15:39:02.184192", "frame": 84, "mu": [-2.042359533512214, 2.41888176617781, 1.541904598889285], "Sigma": [[0.009934307167142784, 0.0038808658042123827, -0.005757002964023551], [0.0038808658042123827, 0.004504852394592018, -0.003371604821777954], [-0.005757002964023551, -0.003371604821777954, 0.005061565940219751]], "chi2_level": 0.997, "chi2_df": 3, "chi2_threshold": 13.931422665512084, "N_raw": 29, "N_roi": 26, "N_inlier": 24, "refit": true}
{"timestamp": "15:39:02.237872", "frame": 85, "mu": [-2.0835361806892494, 2.5811302112960988, 0.7862842297745332], "Sigma": [[0.009397624399281568, 0.0037635654912993003, 0.0036505435824356726], [0.0037635654912993003, 0.00506984040215021, 0.014206453324723249], [0.003650543582435674, 0.01420645332472325, 0.10608785887930389]], "chi2_level": 0.997, "chi2_df": 3, "chi2_threshold": 13.931422665512084, "N_raw": 23, "N_roi": 23, "N_inlier": 22, "refit": true}
{"timestamp": "15:39:02.291591", "frame": 86, "mu": [-2.0810015565190083, 2.7136347008776673, 1.1305655296084745], "Sigma": [[0.005178065987612181, 0.001655432056802586, -0.009115688004370768], [0.001655432056802586, 0.004875120717537855, -0.014869789634114419], [-0.009115688004370768, -0.014869789634114419, 0.1304057042650299]], "chi2_level": 0.997, "chi2_df": 3, "chi2_threshold": 13.931422665512084, "N_raw": 16, "N_roi": 16, "N_inlier": 15, "refit": true}
{"timestamp": "15:39:02.511470", "frame": 90, "mu": [-2.119364205489444, 2.9492147171702903, 1.5774921299981517], "Sigma": [[0.006537038623707902, 0.003186383627742524, -0.009756860920368834], [0.003186383627742524, 0.0064690032411810474, -0.00828432039673135], [-0.009756860920368832, -0.008284320396731349, 0.021347793706260623]], "chi2_level": 0.997, "chi2_df": 3, "chi2_threshold": 13.931422665512084, "N_raw": 19, "N_roi": 17, "N_inlier": 17, "refit": true}
{"timestamp": "15:39:02.568030", "frame": 91, "mu": [-2.151727135517083, 3.0743519533229664, 1.1039355612248332], "Sigma": [[0.007972325637105404, -0.004759859650897949, 0.017577145715701594], [-0.004759859650897948, 0.00636952569645897, -0.023472545436010867], [0.017577145715701594, -0.023472545436010867, 0.12430180426780159]], "chi2_level": 0.997, "chi2_df": 3, "chi2_threshold": 13.931422665512084, "N_raw": 17, "N_roi": 15, "N_inlier": 14, "refit": true}
{"timestamp": "15:39:02.626431", "frame": 92, "mu": [-2.065833548996099, 3.0673725099111397, 1.6042144978523944], "Sigma": [[0.01315446676048266, 0.004470562293911026, 0.00025014584081956264], [0.004470562293911026, 0.009353491042101843, -0.011413783268172438], [0.00025014584081956264, -0.011413783268172438, 0.0928048712731217]], "chi2_level": 0.997, "chi2_df": 3, "chi2_threshold": 13.931422665512084, "N_raw": 46, "N_roi": 44, "N_inlier": 43, "refit": true}
{"timestamp": "15:39:02.735873", "frame": 94, "mu": [-2.043225107697057, 3.1693143508642723, 1.4075249863361148], "Sigma": [[0.01667441991146392, 0.007916849265528247, -0.009003399109139453], [0.007916849265528247, 0.008124581792283665, -0.01040097987013743], [-0.009003399109139455, -0.010400979870137432, 0.015654103368439795]], "chi2_level": 0.997, "chi2_df": 3, "chi2_threshold": 13.931422665512084, "N_raw": 47, "N_roi": 47, "N_inlier": 47, "refit": true}
{"timestamp": "15:39:02.842808", "frame": 96, "mu": [-2.114484077545509, 3.3575019585932844, 0.8830436417966987], "Sigma": [[0.011344397388296023, 0.0032559336987407882, 0.009931582555257827], [0.0032559336987407882, 0.004903831842081082, -0.009200316584507415], [0.009931582555257827, -0.009200316584507415, 0.10844033527992013]], "chi2_level": 0.997, "chi2_df": 3, "chi2_threshold": 13.931422665512084, "N_raw": 27, "N_roi": 26, "N_inlier": 26, "refit": true}
{"timestamp": "15:39:02.902161", "frame": 97, "mu": [-2.054014813540934, 3.389962689825688, 1.175046391477361], "Sigma": [[0.021709878141893808, 0.00441808902440009, 0.03537625982928509], [0.00441808902440009, 0.004783093400233859, 0.00026118470779881156], [0.03537625982928509, 0.00026118470779881145, 0.1653945805630964]], "chi2_level": 0.997, "chi2_df": 3, "chi2_threshold": 13.931422665512084, "N_raw": 45, "N_roi": 41, "N_inlier": 41, "refit": true}
{"timestamp": "15:39:02.951838", "frame": 98, "mu": [-1.9533951689368023, 3.451698595373194, 1.534703205389223], "Sigma": [[0.012914778146587204, 0.0013098855147894652, 0.006809436716736991], [0.0013098855147894652, 0.002630533578585157, -0.0032048618908838158], [0.006809436716736991, -0.0032048618908838153, 0.06301953092131647]], "chi2_level": 0.997, "chi2_df": 3, "chi2_threshold": 13.931422665512084, "N_raw": 14, "N_roi": 14, "N_inlier": 14, "refit": true}
{"timestamp": "15:39:03.164575", "frame": 101, "mu": [-1.951336643112068, 3.917370748664645, -0.3854218814880418], "Sigma": [[0.02147821043037569, -0.0047193576771002044, 0.017764356306663415], [-0.0047193576771002044, 0.013120630372035917, -0.028635777615806893], [0.017764356306663415, -0.028635777615806893, 0.0690193341237238]], "chi2_level": 0.997, "chi2_df": 3, "chi2_threshold": 13.931422665512084, "N_raw": 24, "N_roi": 24, "N_inlier": 24, "refit": true}
{"timestamp": "15:39:03.232992", "frame": 103, "mu": [-1.5879967220383782, 3.7164711367546808, 1.44850436423174], "Sigma": [[0.006128201058548008, 0.0011731509622032229, 0.004971809074882488], [0.0011731509622032233, 0.00240455310685298, -0.007938386779262818], [0.004971809074882486, -0.007938386779262818, 0.2427856015683216]], "chi2_level": 0.997, "chi2_df": 3, "chi2_threshold": 13.931422665512084, "N_raw": 16, "N_roi": 13, "N_inlier": 13, "refit": true}
{"timestamp": "15:39:03.340126", "frame": 105, "mu": [-1.475246502749859, 3.770527424212935, 1.3150184485204595], "Sigma": [[0.014171749668248976, 0.003738279012742784, -0.008139489088650281], [0.003738279012742784, 0.0034600256840664873, -0.005329552034404361], [-0.008139489088650281, -0.005329552034404361, 0.013344175932676715]], "chi2_level": 0.997, "chi2_df": 3, "chi2_threshold": 13.931422665512084, "N_raw": 34, "N_roi": 31, "N_inlier": 31, "refit": true}
{"timestamp": "15:39:03.450097", "frame": 107, "mu": [-1.3126569832083594, 3.8727056769417794, 1.1652739648025947], "Sigma": [[0.012843561885046801, 0.0025664136710077863, -0.0038000215877701453], [0.0025664136710077863, 0.001950485776449612, -0.003770998799687848], [-0.0038000215877701453, -0.003770998799687848, 0.009982648958982323]], "chi2_level": 0.997, "chi2_df": 3, "chi2_threshold": 13.931422665512084, "N_raw": 34, "N_roi": 33, "N_inlier": 30, "refit": true}
{"timestamp": "15:39:03.831312", "frame": 114, "mu": [-0.850910446665726, 4.109918803634253, 0.7404782121958005], "Sigma": [[0.0025883473897476733, 0.0007325500544197717, -0.006075439918020117], [0.0007325500544197717, 0.0048856993684616495, -0.036530314353247356], [-0.006075439918020117, -0.03653031435324735, 0.4670944758413884]], "chi2_level": 0.997, "chi2_df": 3, "chi2_threshold": 13.931422665512084, "N_raw": 12, "N_roi": 10, "N_inlier": 10, "refit": true}
{"timestamp": "15:39:03.886063", "frame": 115, "mu": [-0.8043098219380328, 4.1538887599965655, 1.3415223945333083], "Sigma": [[0.007820786582889911, 0.0011116997362283138, -0.0014450010985838833], [0.0011116997362283138, 0.002215165283790379, -0.001685395265747751], [-0.0014450010985838833, -0.001685395265747751, 0.0046957383604657]], "chi2_level": 0.997, "chi2_df": 3, "chi2_threshold": 13.931422665512084, "N_raw": 18, "N_roi": 17, "N_inlier": 16, "refit": true}
{"timestamp": "15:39:04.166075", "frame": 120, "mu": [-0.42746062402855745, 4.1647306451328525, 1.0001130665766922], "Sigma": [[0.009540945854812027, 0.0006934756261236383, -0.001681682030993276], [0.0006934756261236383, 0.0012558942687469763, -0.0007357836800395011], [-0.0016816820309932762, -0.0007357836800395011, 0.0007599809928872172]], "chi2_level": 0.997, "chi2_df": 3, "chi2_threshold": 13.931422665512084, "N_raw": 49, "N_roi": 12, "N_inlier": 12, "refit": true}
{"timestamp": "15:39:04.551122", "frame": 127, "mu": [0.054354905077651595, 4.18887149911629, 1.1312713655898616], "Sigma": [[0.017782564655496665, -0.0017461319851227188, -0.00938918654508395], [-0.001746131985122719, 0.0020236106496055355, -0.007570988029038057], [-0.009389186545083951, -0.0075709880290380565, 0.06287527286476755]], "chi2_level": 0.997, "chi2_df": 3, "chi2_threshold": 13.931422665512084, "N_raw": 52, "N_roi": 29, "N_inlier": 26, "refit": true}
{"timestamp": "15:39:04.717690", "frame": 130, "mu": [0.3229146367671755, 4.218410913527261, 1.2907326599806777], "Sigma": [[0.007822048882015535, -0.0007995988859318011, -0.00608527732244819], [-0.0007995988859318012, 0.0014129959777307796, -9.654178470087341e-05], [-0.006085277322448191, -9.65417847008733e-05, 0.0070306264464309425]], "chi2_level": 0.997, "chi2_df": 3, "chi2_threshold": 13.931422665512084, "N_raw": 56, "N_roi": 12, "N_inlier": 11, "refit": true}
{"timestamp": "15:39:04.990950", "frame": 135, "mu": [0.6646900446042525, 4.13513531609534, 1.216134253544573], "Sigma": [[0.013255189508828903, 0.006062711832721938, -0.012257317653799008], [0.006062711832721939, 0.011248811320268105, -0.021635879001600675], [-0.012257317653799008, -0.021635879001600675, 0.04596972255043022]], "chi2_level": 0.997, "chi2_df": 3, "chi2_threshold": 13.931422665512084, "N_raw": 47, "N_roi": 22, "N_inlier": 20, "refit": true}
{"timestamp": "15:39:05.048232", "frame": 136, "mu": [0.7340422445672723, 4.106688009186432, 1.1094345217233355], "Sigma": [[0.02662404002155038, 0.00020032166840136317, -0.01676604169990687], [0.00020032166840136317, 0.007364153468584873, -0.010773603378675715], [-0.016766041699906874, -0.010773603378675717, 0.031320119032104944]], "chi2_level": 0.997, "chi2_df": 3, "chi2_threshold": 13.931422665512084, "N_raw": 51, "N_roi": 43, "N_inlier": 42, "refit": true}
{"timestamp": "15:39:05.099818", "frame": 137, "mu": [0.7397172421409522, 4.079577702025728, 1.063268938630945], "Sigma": [[0.016238937086901287, -0.004437688328212176, -0.0044266608655574], [-0.004437688328212176, 0.0044787311427192614, 0.00010222141834875445], [-0.004426660865557401, 0.0001022214183487544, 0.0043854396615752135]], "chi2_level": 0.997, "chi2_df": 3, "chi2_threshold": 13.931422665512084, "N_raw": 38, "N_roi": 35, "N_inlier": 35, "refit": true}
{"timestamp": "15:39:05.156837", "frame": 138, "mu": [0.8697379920887561, 4.003726284340233, 1.0101413200845413], "Sigma": [[0.013291162711585026, -0.0016819932145298569, -0.013866573243965999], [-0.0016819932145298569, 0.004621079497864973, -0.012296317556771538], [-0.013866573243966, -0.012296317556771538, 0.06874095595411556]], "chi2_level": 0.997, "chi2_df": 3, "chi2_threshold": 13.931422665512084, "N_raw": 39, "N_roi": 37, "N_inlier": 34, "refit": true}
{"timestamp": "15:39:05.425591", "frame": 143, "mu": [1.2501531373348491, 3.773549453101195, 0.7612324426520827], "Sigma": [[0.010627928386316514, -0.0020583383737884124, -0.0012247233967660402], [-0.0020583383737884124, 0.0019427697549577398, -2.9817750557674364e-05], [-0.0012247233967660402, -2.981775055767435e-05, 0.0002681758815306387]], "chi2_level": 0.997, "chi2_df": 3, "chi2_threshold": 13.931422665512084, "N_raw": 12, "N_roi": 12, "N_inlier": 11, "refit": true}
{"timestamp": "15:39:05.536741", "frame": 145, "mu": [1.3061032999648539, 3.6754353413444645, 1.0362152585859083], "Sigma": [[0.009767404931772245, -0.003849562081605991, 0.001183292361412669], [-0.003849562081605991, 0.0021381162938429545, -0.0023582313833860544], [0.001183292361412669, -0.0023582313833860544, 0.010463013239494381]], "chi2_level": 0.997, "chi2_df": 3, "chi2_threshold": 13.931422665512084, "N_raw": 19, "N_roi": 18, "N_inlier": 17, "refit": true}
