{"timestamp": "15:56:29.372275", "frame": 4, "mu": [0.9776634228078017, 1.5262489780040998, 1.454406624000343], "Sigma": [[0.011036028726841353, 0.0009657423373557097, -0.010804350703666823], [0.0009657423373557096, 0.0015407085820138904, -0.001334964546911432], [-0.010804350703666823, -0.0013349645469114318, 0.01122126638877997]], "chi2_level": 0.997, "chi2_df": 3, "chi2_threshold": 13.931422665512084, "N_raw": 16, "N_roi": 16, "N_inlier": 15, "refit": true}
{"timestamp": "15:56:29.433740", "frame": 5, "mu": [1.0073639648257156, 1.4948104919831253, 1.4152223114061762], "Sigma": [[0.011472512307375346, -0.001252540279981922, -0.007505588733834738], [-0.001252540279981922, 0.0032945346177546747, -0.0009090390879017583], [-0.0075055887338347374, -0.0009090390879017583, 0.007554770801969037]], "chi2_level": 0.997, "chi2_df": 3, "chi2_threshold": 13.931422665512084, "N_raw": 61, "N_roi": 61, "N_inlier": 59, "refit": true}
{"timestamp": "15:56:29.493105", "frame": 6, "mu": [1.0044072019970796, 1.4987719084246147, 1.274726721227338], "Sigma": [[0.010718950230908924, -0.0029895160345410603, -0.00879185328726044], [-0.002989516034541061, 0.004413322095723081, -0.006626524252928679], [-0.00879185328726044, -0.006626524252928679, 0.052545420504800947]], "chi2_level": 0.997, "chi2_df": 3, "chi2_threshold": 13.931422665512084, "N_raw": 75, "N_roi": 75, "N_inlier": 75, "refit": true}
{"timestamp": "15:56:29.547447", "frame": 7, "mu": [1.0449133363396512, 1.497926486202506, 1.0741588795866215], "Sigma": [[0.00782942194116455, -0.004162823325369975, 0.0033616481243923793], [-0.004162823325369975, 0.0051641032222197935, -0.008529361490852639], [0.0033616481243923784, -0.008529361490852639, 0.060015895144036484]], "chi2_level": 0.997, "chi2_df": 3, "chi2_threshold": 13.931422665512084, "N_raw": 63, "N_roi": 63, "N_inlier": 61, "refit": true}
{"timestamp": "15:56:29.598396", "frame": 8, "mu": [1.0424375833909032, 1.6753193992548683, -0.4715103753207429], "Sigma": [[0.004739454453955344, -0.006088453108641872, 0.007807444082919644], [-0.006088453108641872, 0.01808710719093676, -0.031163853097248936], [0.007807444082919645, -0.031163853097248936, 0.07786149301174966]], "chi2_level": 0.997, "chi2_df": 3, "chi2_threshold": 13.931422665512084, "N_raw": 38, "N_roi": 38, "N_inlier": 37, "refit": true}
{"timestamp": "15:56:29.652811", "frame": 9, "mu": [1.0630446197524168, 1.6170576032745434, -0.29914433146049896], "Sigma": [[0.005094671923111431, -0.0007512356350528553, -0.004023562157223907], [-0.0007512356350528553, 0.007870701395500881, -0.00687236062300258], [-0.004023562157223907, -0.006872360623002581, 0.0170983442460029]], "chi2_level": 0.997, "chi2_df": 3, "chi2_threshold": 13.931422665512084, "N_raw": 38, "N_roi": 38, "N_inlier": 36, "refit": true}
{"timestamp": "15:56:29.708326", "frame": 10, "mu": [1.046898952541609, 1.447221462955908, 1.3582220725594836], "Sigma": [[0.006157093739668154, -0.0021699333190211873, -0.0014346195622500994], [-0.0021699333190211873, 0.0039369657475082625, 8.572940609554572e-05], [-0.0014346195622500994, 8.572940609554572e-05, 0.0008197031658191652]], "chi2_level": 0.997, "chi2_df": 3, "chi2_threshold": 13.931422665512084, "N_raw": 40, "N_roi": 40, "N_inlier": 38, "refit": true}
{"timestamp": "15:56:29.766142", "frame": 11, "mu": [1.0188274052150863, 1.4730054199420033, 1.3658207223417027], "Sigma": [[0.008396921874533992, -0.0016970023759652275, -0.005897251180799573], [-0.0016970023759652275, 0.005455644719937165, -0.006127279028313545], [-0.005897251180799572, -0.006127279028313545, 0.0182181155888646]], "chi2_level": 0.997, "chi2_df": 3, "chi2_threshold": 13.931422665512084, "N_raw": 59, "N_roi": 59, "N_inlier": 56, "refit": true}
{"timestamp": "15:56:29.823526", "frame": 12, "mu": [1.0227128651151784, 1.4984896519363557, 1.2678287178893182], "Sigma": [[0.008081879730650724, -0.002506053468353661, -0.0036682302755896602], [-0.0025060534683536612, 0.006469345337653461, -0.016787725788293496], [-0.0036682302755896594, -0.016787725788293496, 0.06959045762993835]], "chi2_level": 0.997, "chi2_df": 3, "chi2_threshold": 13.931422665512084, "N_raw": 71, "N_roi": 71, "N_inlier": 70, "refit": true}
{"timestamp": "15:56:29.873231", "frame": 13, "mu": [1.0565089883157752, 1.4638139135701096, 1.207825833173355], "Sigma": [[0.008861469370035123, -0.003932856650069873, -0.018536418683073205], [-0.003932856650069873, 0.009516063860074019, 0.01654085527405839], [-0.018536418683073205, 0.01654085527405839, 0.06873969945540333]], "chi2_level": 0.997, "chi2_df": 3, "chi2_threshold": 13.931422665512084, "N_raw": 37, "N_roi": 37, "N_inlier": 35, "refit": true}
{"timestamp": "15:56:29.927002", "frame": 14, "mu": [0.9681246281520545, 1.458694281523909, 1.4685662888926962], "Sigma": [[0.00551783878541318, -7.884448349995956e-05, -0.0050792664781006865], [-7.884448349995956e-05, 0.0018620830119267999, -0.0010636514919441307], [-0.0050792664781006865, -0.0010636514919441307, 0.005932846028537569]], "chi2_level": 0.997, "chi2_df": 3, "chi2_threshold": 13.931422665512084, "N_raw": 29, "N_roi": 29, "N_inlier": 27, "refit": true}
{"timestamp": "15:56:29.987070", "frame": 15, "mu": [1.0208960590789224, 1.493041749469077, 1.2908286514608294], "Sigma": [[0.0063365026697324465, -0.002094472129215247, -0.002756908375196126], [-0.002094472129215247, 0.006358300131591599, -0.00574419755720762], [-0.002756908375196126, -0.00574419755720762, 0.011461592982363543]], "chi2_level": 0.997, "chi2_df": 3, "chi2_threshold": 13.931422665512084, "N_raw": 56, "N_roi": 56, "N_inlier": 54, "refit": true}
{"timestamp": "15:56:30.040000", "frame": 16, "mu": [1.0515204353009389, 1.4273473967862949, 1.311682492720163], "Sigma": [[0.007644256177510705, -0.0021591245231079802, -0.006585370103712436], [-0.0021591245231079802, 0.005295202949371191, 0.0007144570931313688], [-0.006585370103712436, 0.0007144570931313688, 0.030362158428920663]], "chi2_level": 0.997, "chi2_df": 3, "chi2_threshold": 13.931422665512084, "N_raw": 52, "N_roi": 52, "N_inlier": 49, "refit": true}
{"timestamp": "15:56:30.097462", "frame": 17, "mu": [0.9627062600989312, 1.4662493199262119, 1.2748727044541113], "Sigma": [[0.0091337329083091, -0.004664305100645335, 0.008049486652274809], [-0.004664305100645335, 0.0075580234840923145, -0.023241215695044865], [0.008049486652274809, -0.023241215695044865, 0.11905482877800651]], "chi2_level": 0.997, "chi2_df": 3, "chi2_threshold": 13.931422665512084, "N_raw": 67, "N_roi": 67, "N_inlier": 65, "refit": true}
{"timestamp": "15:56:30.200715", "frame": 19, "mu": [0.9888411624828022, 1.4180261157197265, 1.3829469250328383], "Sigma": [[0.005892303739904739, -0.0005658251619266297, -0.00558329722109094], [-0.0005658251619266298, 0.0034529249738319005, -0.0006750448950883778], [-0.00558329722109094, -0.0006750448950883776, 0.008037145662939985]], "chi2_level": 0.997, "chi2_df": 3, "chi2_threshold": 13.931422665512084, "N_raw": 25, "N_roi": 25, "N_inlier": 24, "refit": true}
{"timestamp": "15:56:30.261648", "frame": 20, "mu": [0.9299511921196704, 1.4506007097805902, 1.217244490366529], "Sigma": [[0.004237661836044116, -0.0007792830909384685, -0.004356890083181057], [-0.0007792830909384685, 0.00409372707813794, -0.009107960478056749], [-0.004356890083181056, -0.009107960478056747, 0.15580737807976647]], "chi2_level": 0.997, "chi2_df": 3, "chi2_threshold": 13.931422665512084, "N_raw": 67, "N_roi": 67, "N_inlier": 66, "refit": true}
{"timestamp": "15:56:30.321286", "frame": 21, "mu": [0.9710378352507195, 1.4452531752336986, 0.9075726498694016], "Sigma": [[0.007437093682410256, -0.0036653500713910176, 0.013280255320806005], [-0.0036653500713910176, 0.005316747227128088, -0.00588346100353847], [0.013280255320806006, -0.005883461003538469, 0.08490255439121179]], "chi2_level": 0.997, "chi2_df": 3, "chi2_threshold": 13.931422665512084, "N_raw": 89, "N_roi": 89, "N_inlier": 85, "refit": true}
{"timestamp": "15:56:30.374990", "frame": 22, "mu": [0.9010802132724831, 1.61323779182666, -0.5165646870552962], "Sigma": [[0.010889799942724085, 0.0017219058194426651, -0.01656877187264023], [0.001721905819442665, 0.0231996378688471, -0.05097832221426756], [-0.01656877187264023, -0.05097832221426756, 0.1450103260510241]], "chi2_level": 0.997, "chi2_df": 3, "chi2_threshold": 13.931422665512084, "N_raw": 81, "N_roi": 81, "N_inlier": 80, "refit": true}
{"timestamp": "15:56:30.431082", "frame": 23, "mu": [0.8832291524001505, 1.4256672702415887, 1.288668723183157], "Sigma": [[0.010843997508977523, -0.002489454952754001, -0.00854853697880074], [-0.002489454952754001, 0.008962181271302796, -0.019439166606813406], [-0.00854853697880074, -0.019439166606813406, 0.10686482844408803]], "chi2_level": 0.997, "chi2_df": 3, "chi2_threshold": 13.931422665512084, "N_raw": 95, "N_roi": 95, "N_inlier": 91, "refit": true}
{"timestamp": "15:56:30.482451", "frame": 24, "mu": [0.8720981489035204, 1.4881049310495424, -0.2304889555039725], "Sigma": [[0.009223975863290141, -0.0005495138802425698, -0.005097918867439087], [-0.0005495138802425698, 0.01684040884442476, -0.027623059938551187], [-0.005097918867439087, -0.027623059938551187, 0.055128775780202394]], "chi2_level": 0.997, "chi2_df": 3, "chi2_threshold": 13.931422665512084, "N_raw": 65, "N_roi": 65, "N_inlier": 63, "refit": true}
{"timestamp": "15:56:30.534514", "frame": 25, "mu": [0.9134685577484013, 1.387991681395826, 1.0376495581137046], "Sigma": [[0.007945206118800922, -0.004244375698571836, 0.0033309514920807685], [-0.004244375698571836, 0.007682625581609179, -0.014593133260320674], [0.003330951492080768, -0.014593133260320674, 0.09637295580342108]], "chi2_level": 0.997, "chi2_df": 3, "chi2_threshold": 13.931422665512084, "N_raw": 44, "N_roi": 44, "N_inlier": 44, "refit": true}
{"timestamp": "15:56:30.591378", "frame": 26, "mu": [0.8225967857576016, 1.3730611660200722, 1.2537745301057517], "Sigma": [[0.008081114970580477, -0.003259578196614739, -0.008652941809809382], [-0.003259578196614739, 0.006384242040230233, -0.012413730279195472], [-0.008652941809809384, -0.012413730279195472, 0.18915753619500317]], "chi2_level": 0.997, "chi2_df": 3, "chi2_threshold": 13.931422665512084, "N_raw": 58, "N_roi": 58, "N_inlier": 56, "refit": true}
{"timestamp": "15:56:30.645499", "frame": 27, "mu": [0.7721779753605582, 1.3313662272049194, 1.4786551932077705], "Sigma": [[0.009874069169286558, -0.0023047095972509963, -0.011052778744685724], [-0.0023047095972509963, 0.003102191734928896, 0.001178332703399663], [-0.011052778744685724, 0.001178332703399663, 0.016356792998732068]], "chi2_level": 0.997, "chi2_df": 3, "chi2_threshold": 13.931422665512084, "N_raw": 59, "N_roi": 59, "N_inlier": 56, "refit": true}
{"timestamp": "15:56:30.702485", "frame": 28, "mu": [0.7531488750762054, 1.3397786178167024, 1.5071786537115333], "Sigma": [[0.006607865213036022, -0.0011080600195704391, -0.0038554962966367663], [-0.0011080600195704394, 0.005149613445091595, -0.0007779138844403743], [-0.0038554962966367663, -0.0007779138844403743, 0.0053671756928058735]], "chi2_level": 0.997, "chi2_df": 3, "chi2_threshold": 13.931422665512084, "N_raw": 67, "N_roi": 67, "N_inlier": 63, "refit": true}
{"timestamp": "15:56:30.764705", "frame": 29, "mu": [0.8009934284179431, 1.3135383995511405, 1.2870968070802842], "Sigma": [[0.00909797680721472, -0.003083957887157075, -0.014849039267544903], [-0.003083957887157075, 0.0037366815769230405, 0.0007394731836980928], [-0.014849039267544903, 0.0007394731836980924, 0.07067486386932953]], "chi2_level": 0.997, "chi2_df": 3, "chi2_threshold": 13.931422665512084, "N_raw": 110, "N_roi": 108, "N_inlier": 108, "refit": true}
{"timestamp": "15:56:30.816433", "frame": 30, "mu": [0.7504829621414407, 1.3921570815579891, -0.031907743980289296], "Sigma": [[0.010480953687533894, -0.0025833709233774246, 0.01273445485844412], [-0.0025833709233774246, 0.010363629240136629, -0.0461781422646112], [0.012734454858444122, -0.0461781422646112, 0.31527718685997563]], "chi2_level": 0.997, "chi2_df": 3, "chi2_threshold": 13.931422665512084, "N_raw": 82, "N_roi": 82, "N_inlier": 80, "refit": true}
{"timestamp": "15:56:30.870158", "frame": 31, "mu": [0.7569267192205215, 1.37988385696888, -0.18380212203557494], "Sigma": [[0.005628720839736485, -0.0010117619192178309, 0.022328022442732028], [-0.001011761919217831, 0.007863844143338329, -0.0365504590856906], [0.022328022442732028, -0.0365504590856906, 0.39672566684309685]], "chi2_level": 0.997, "chi2_df": 3, "chi2_threshold": 13.931422665512084, "N_raw": 80, "N_roi": 80, "N_inlier": 77, "refit": true}
{"timestamp": "15:56:30.925189", "frame": 32, "mu": [0.6997100038751718, 1.2887941883284015, 1.3769936800002607], "Sigma": [[0.008604277585042662, -0.00334839539221815, -0.01602730466018338], [-0.00334839539221815, 0.004128339894598378, 0.0033111099248919144], [-0.016027304660183383, 0.003311109924891914, 0.04510500708413097]], "chi2_level": 0.997, "chi2_df": 3, "chi2_threshold": 13.931422665512084, "N_raw": 78, "N_roi": 78, "N_inlier": 77, "refit": true}
{"timestamp": "15:56:30.984746", "frame": 33, "mu": [0.6767545654584021, 1.290977275749516, 1.1926053372126197], "Sigma": [[0.005212333208347944, -0.0021077871431199303, -0.004750378196749262], [-0.0021077871431199303, 0.0027672173464012217, -0.005049605441392211], [-0.004750378196749263, -0.005049605441392211, 0.07193894174322507]], "chi2_level": 0.997, "chi2_df": 3, "chi2_threshold": 13.931422665512084, "N_raw": 114, "N_roi": 114, "N_inlier": 111, "refit": true}
{"timestamp": "15:56:31.036336", "frame": 34, "mu": [0.626195939733471, 1.338553273051891, 1.364945483144917], "Sigma": [[0.006495085516613763, -0.0025673275759180636, -0.003223869088443476], [-0.002567327575918064, 0.00796365756330348, -0.015281937864252915], [-0.0032238690884434755, -0.015281937864252915, 0.05083578464462132]], "chi2_level": 0.997, "chi2_df": 3, "chi2_threshold": 13.931422665512084, "N_raw": 85, "N_roi": 85, "N_inlier": 81, "refit": true}
{"timestamp": "15:56:31.090816", "frame": 35, "mu": [0.5988673152273428, 1.3215007101445357, 1.2453982035073252], "Sigma": [[0.005786138415820624, -0.0008154661226994746, -0.012265602592712326], [-0.0008154661226994746, 0.007087666346596717, -0.010969752778106145], [-0.012265602592712328, -0.010969752778106145, 0.06790631676274397]], "chi2_level": 0.997, "chi2_df": 3, "chi2_threshold": 13.931422665512084, "N_raw": 88, "N_roi": 86, "N_inlier": 85, "refit": true}
{"timestamp": "15:56:31.145512", "frame": 36, "mu": [0.6050553316740721, 1.2792030769764877, 1.361804296922577], "Sigma": [[0.006339182765005866, -0.0009997773736044881, -0.013089174167245686], [-0.0009997773736044881, 0.006001006856805077, 0.0027247633790782938], [-0.013089174167245685, 0.002724763379078293, 0.10449127787239625]], "chi2_level": 0.997, "chi2_df": 3, "chi2_threshold": 13.931422665512084, "N_raw": 83, "N_roi": 83, "N_inlier": 80, "refit": true}
{"timestamp": "15:56:31.195939", "frame": 37, "mu": [0.5384173509175515, 1.239988036163118, 1.4583420769605717], "Sigma": [[0.004465853778522253, -0.00476851154130524, -0.012561848522300991], [-0.004768511541305241, 0.015226815716871985, 0.03207836448357588], [-0.012561848522300991, 0.03207836448357588, 0.09377910761308743]], "chi2_level": 0.997, "chi2_df": 3, "chi2_threshold": 13.931422665512084, "N_raw": 48, "N_roi": 48, "N_inlier": 44, "refit": true}
{"timestamp": "15:56:31.252173", "frame": 38, "mu": [0.5091310840792508, 1.2508746076688102, 1.51090774520609], "Sigma": [[0.004844232483087213, 0.0007557711260462509, -0.004289532683564433], [0.0007557711260462509, 0.0048964952204198905, -0.0038981539059713484], [-0.004289532683564433, -0.0038981539059713484, 0.007028302106004956]], "chi2_level": 0.997, "chi2_df": 3, "chi2_threshold": 13.931422665512084, "N_raw": 64, "N_roi": 64, "N_inlier": 61, "refit": true}
{"timestamp": "15:56:31.312912", "frame": 39, "mu": [0.5041324656644216, 1.2261659436112693, 1.3458231952650637], "Sigma": [[0.005108591164563432, -0.0020832260989870795, -0.010041772107281872], [-0.0020832260989870795, 0.00348626539888676, 0.001824228199836422], [-0.010041772107281872, 0.0018242281998364222, 0.049830254005446536]], "chi2_level": 0.997, "chi2_df": 3, "chi2_threshold": 13.931422665512084, "N_raw": 100, "N_roi": 100, "N_inlier": 95, "refit": true}
{"timestamp": "15:56:31.363899", "frame": 40, "mu": [0.4787901811385099, 1.3447665724773235, -0.28705510531135336], "Sigma": [[0.007097941717794958, 0.00296235877386766, -0.01739679718972091], [0.00296235877386766, 0.004150646652877127, -0.011205256387251124], [-0.01739679718972091, -0.011205256387251124, 0.06008027713433625]], "chi2_level": 0.997, "chi2_df": 3, "chi2_threshold": 13.931422665512084, "N_raw": 72, "N_roi": 72, "N_inlier": 69, "refit": true}
{"timestamp": "15:56:31.419838", "frame": 41, "mu": [0.42508827013701794, 1.2077784134264045, 1.2672058648535083], "Sigma": [[0.005221334302198296, -0.0032086292303578953, -0.02790243389888907], [-0.0032086292303578953, 0.006679169519884356, 0.02213082487860038], [-0.02790243389888907, 0.022130824878600377, 0.341391530833356]], "chi2_level": 0.997, "chi2_df": 3, "chi2_threshold": 13.931422665512084, "N_raw": 78, "N_roi": 78, "N_inlier": 77, "refit": true}
{"timestamp": "15:56:31.474199", "frame": 42, "mu": [0.4340690126608661, 1.1512683246090514, 0.7580371322280629], "Sigma": [[0.014901368174285888, -0.009024813350106731, -0.08868151127319601], [-0.009024813350106731, 0.007991449169972277, 0.060355918629628], [-0.08868151127319601, 0.060355918629628004, 0.7247313235621278]], "chi2_level": 0.997, "chi2_df": 3, "chi2_threshold": 13.931422665512084, "N_raw": 76, "N_roi": 76, "N_inlier": 75, "refit": true}
{"timestamp": "15:56:31.526845", "frame": 43, "mu": [0.3570072807345955, 1.1698945796863733, 1.3379407465075661], "Sigma": [[0.004224876966289587, -0.0004576318892798758, -0.0032682743071037975], [-0.0004576318892798759, 0.0026838916941036243, 0.011325478854874421], [-0.0032682743071037975, 0.011325478854874423, 0.22940862001242687]], "chi2_level": 0.997, "chi2_df": 3, "chi2_threshold": 13.931422665512084, "N_raw": 53, "N_roi": 53, "N_inlier": 52, "refit": true}
{"timestamp": "15:56:31.586629", "frame": 44, "mu": [0.3542863623657909, 1.1802155327994457, 1.302877227060983], "Sigma": [[0.0040849190136389765, -2.6880081528046616e-05, -0.011263213323913366], [-2.6880081528046643e-05, 0.004027899650371944, -0.004760093139109335], [-0.011263213323913366, -0.004760093139109335, 0.10249018780737261]], "chi2_level": 0.997, "chi2_df": 3, "chi2_threshold": 13.931422665512084, "N_raw": 90, "N_roi": 90, "N_inlier": 86, "refit": true}
{"timestamp": "15:56:31.639995", "frame": 45, "mu": [0.29647647470950583, 1.1386408129986603, 1.5273932195533162], "Sigma": [[0.003916555321300141, 0.00021079276744096192, -0.0036452158281951403], [0.00021079276744096195, 0.004051870298501752, -0.0028854058908645685], [-0.0036452158281951403, -0.0028854058908645685, 0.005522124690633277]], "chi2_level": 0.997, "chi2_df": 3, "chi2_threshold": 13.931422665512084, "N_raw": 76, "N_roi": 76, "N_inlier": 71, "refit": true}
{"timestamp": "15:56:31.701145", "frame": 46, "mu": [0.2942952921394546, 1.150275839890718, 1.413812574578694], "Sigma": [[0.00550109439715118, -0.0009553817010853773, -0.008330969483435273], [-0.0009553817010853774, 0.005015841541735139, -0.004218806676064319], [-0.008330969483435273, -0.004218806676064319, 0.03625927590024443]], "chi2_level": 0.997, "chi2_df": 3, "chi2_threshold": 13.931422665512084, "N_raw": 116, "N_roi": 116, "N_inlier": 112, "refit": true}
{"timestamp": "15:56:31.753007", "frame": 47, "mu": [0.2732776569997521, 1.1308143891089864, 1.385369384533436], "Sigma": [[0.0049341828621342265, -0.0015776916657853663, -0.005947537503679825], [-0.001577691665785366, 0.005411605896274529, -0.00847529219626238], [-0.0059475375036798245, -0.008475292196262378, 0.04381065173222816]], "chi2_level": 0.997, "chi2_df": 3, "chi2_threshold": 13.931422665512084, "N_raw": 101, "N_roi": 101, "N_inlier": 97, "refit": true}
{"timestamp": "15:56:31.803596", "frame": 48, "mu": [0.22860065255709977, 1.1197106456615054, 1.483935426264754], "Sigma": [[0.004464672369538405, -0.0001209429718420591, -0.008334718010154913], [-0.0001209429718420591, 0.0017872426703930226, -0.001352583375832765], [-0.008334718010154913, -0.0013525833758327652, 0.027590794865875894]], "chi2_level": 0.997, "chi2_df": 3, "chi2_threshold": 13.931422665512084, "N_raw": 70, "N_roi": 70, "N_inlier": 67, "refit": true}
{"timestamp": "15:56:31.860738", "frame": 49, "mu": [0.21930703139076974, 1.0984326349003637, 1.1549792587584307], "Sigma": [[0.008742577521064178, -0.0033492347796442177, 0.020021060759011874], [-0.0033492347796442177, 0.003937259237144645, -0.005661159497094856], [0.020021060759011878, -0.005661159497094856, 0.07147938224638349]], "chi2_level": 0.997, "chi2_df": 3, "chi2_threshold": 13.931422665512084, "N_raw": 86, "N_roi": 86, "N_inlier": 85, "refit": true}
{"timestamp": "15:56:31.908181", "frame": 50, "mu": [0.1418410556746657, 1.1680339811126326, 1.1111494630170955], "Sigma": [[0.002926487779463947, -0.0039009563767962076, -0.01100836570019709], [-0.0039009563767962076, 0.009598855435044825, 0.020914570097150604], [-0.01100836570019709, 0.020914570097150607, 0.17854217381647078]], "chi2_level": 0.997, "chi2_df": 3, "chi2_threshold": 13.931422665512084, "N_raw": 31, "N_roi": 31, "N_inlier": 31, "refit": true}
{"timestamp": "15:56:31.963618", "frame": 51, "mu": [0.12875160297172808, 1.1497487052780657, 1.162069232433137], "Sigma": [[0.0019556174536588026, -0.0008736809534724598, -0.007945875073104987], [-0.0008736809534724598, 0.0012386745316076292, 0.005384821351915543], [-0.007945875073104987, 0.005384821351915543, 0.15838101864921347]], "chi2_level": 0.997, "chi2_df": 3, "chi2_threshold": 13.931422665512084, "N_raw": 40, "N_roi": 37, "N_inlier": 35, "refit": true}
{"timestamp": "15:56:32.014912", "frame": 52, "mu": [0.06226726843087967, 1.1053717882148248, 1.3803829021971432], "Sigma": [[0.0030126830976102592, -0.001456069568332167, 0.010491618761316102], [-0.001456069568332167, 0.005279449770324599, -0.032806903192306724], [0.010491618761316102, -0.03280690319230673, 0.2742085309624221]], "chi2_level": 0.997, "chi2_df": 3, "chi2_threshold": 13.931422665512084, "N_raw": 16, "N_roi": 14, "N_inlier": 14, "refit": true}
{"timestamp": "15:56:32.073349", "frame": 53, "mu": [0.04565117388022701, 1.0750736531113447, 1.542606457982881], "Sigma": [[0.0022350607095851524, -0.0003789931642338648, 0.006426568760423691], [-0.0003789931642338648, 0.0029274065998601837, -0.0002860530973161537], [0.006426568760423691, -0.0002860530973161537, 0.08042268467161494]], "chi2_level": 0.997, "chi2_df": 3, "chi2_threshold": 13.931422665512084, "N_raw": 39, "N_roi": 39, "N_inlier": 37, "refit": true}
{"timestamp": "15:56:32.188775", "frame": 55, "mu": [-0.07025023186200915, 1.1044463781395455, 1.405264658102671], "Sigma": [[0.0024540548696840637, -0.0010356230071476317, 0.0039406715710177224], [-0.0010356230071476317, 0.002456245255825171, -0.00396452811669862], [0.0039406715710177224, -0.00396452811669862, 0.10320352720314911]], "chi2_level": 0.997, "chi2_df": 3, "chi2_threshold": 13.931422665512084, "N_raw": 76, "N_roi": 76, "N_inlier": 76, "refit": true}
{"timestamp": "15:56:32.239485", "frame": 56, "mu": [-0.06901192185164129, 1.1046231959702213, 0.876117015654461], "Sigma": [[0.004807688817671671, -0.003943792369727986, 0.009434535053994643], [-0.003943792369727986, 0.006850825305446523, -0.03726945328984723], [0.009434535053994643, -0.03726945328984723, 0.5873766278072988]], "chi2_level": 0.997, "chi2_df": 3, "chi2_threshold": 13.931422665512084, "N_raw": 42, "N_roi": 42, "N_inlier": 42, "refit": true}
{"timestamp": "15:56:32.297777", "frame": 57, "mu": [-0.08992413259047845, 1.117213416047011, 1.4739736727853319], "Sigma": [[0.002681621475606951, -0.00026879696502895764, -0.002076569932068773], [-0.0002687969650289577, 0.002739046161078401, -0.004248903036887703], [-0.002076569932068773, -0.004248903036887703, 0.013662975261266808]], "chi2_level": 0.997, "chi2_df": 3, "chi2_threshold": 13.931422665512084, "N_raw": 70, "N_roi": 69, "N_inlier": 64, "refit": true}
{"timestamp": "15:56:32.354270", "frame": 58, "mu": [-0.1421580946005115, 1.0977235885312504, 1.526761814686405], "Sigma": [[0.0026341710034806327, -0.00022561608207022577, -0.0021885701339807804], [-0.0002256160820702258, 0.0047876351603910435, -0.0032375795444183446], [-0.0021885701339807804, -0.0032375795444183446, 0.005026399880571636]], "chi2_level": 0.997, "chi2_df": 3, "chi2_threshold": 13.931422665512084, "N_raw": 69, "N_roi": 68, "N_inlier": 66, "refit": true}
{"timestamp": "15:56:32.410767", "frame": 59, "mu": [-0.1602837125527304, 1.0886541029721815, 1.4669336547476406], "Sigma": [[0.0028938835428447547, -0.0012953774374852988, -0.0024251457887055302], [-0.0012953774374852988, 0.006021675102970851, -0.004417321068253167], [-0.0024251457887055302, -0.004417321068253167, 0.008533826104925443]], "chi2_level": 0.997, "chi2_df": 3, "chi2_threshold": 13.931422665512084, "N_raw": 89, "N_roi": 89, "N_inlier": 87, "refit": true}
{"timestamp": "15:56:32.466283", "frame": 60, "mu": [-0.19062889535741132, 1.0657040660865285, 1.5439578140075763], "Sigma": [[0.0021822485486064267, -0.0019082499764221006, -0.0024525973250203534], [-0.0019082499764221006, 0.004505765979393189, 0.0008861649482524608], [-0.0024525973250203534, 0.0008861649482524605, 0.004293852845419458]], "chi2_level": 0.997, "chi2_df": 3, "chi2_threshold": 13.931422665512084, "N_raw": 36, "N_roi": 36, "N_inlier": 35, "refit": true}
{"timestamp": "15:56:32.515814", "frame": 61, "mu": [-0.24587157189299588, 1.110745773051754, 1.5553237931783919], "Sigma": [[0.00254614316994324, -0.0013358292361780005, -0.002303301273198828], [-0.0013358292361780007, 0.004091612017996692, -0.0011799857839166778], [-0.002303301273198828, -0.0011799857839166778, 0.004121112680313979]], "chi2_level": 0.997, "chi2_df": 3, "chi2_threshold": 13.931422665512084, "N_raw": 57, "N_roi": 57, "N_inlier": 56, "refit": true}
{"timestamp": "15:56:32.574046", "frame": 62, "mu": [-0.3039982637253072, 1.1989132014627484, -0.04137721009172002], "Sigma": [[0.003687208192997957, -0.0021288916991871482, 0.010723463064575865], [-0.0021288916991871482, 0.007142779020199421, -0.01600087470611305], [0.010723463064575865, -0.01600087470611305, 0.1902796709618321]], "chi2_level": 0.997, "chi2_df": 3, "chi2_threshold": 13.931422665512084, "N_raw": 76, "N_roi": 76, "N_inlier": 76, "refit": true}
{"timestamp": "15:56:32.630330", "frame": 63, "mu": [-0.31129244160971803, 1.103681170059437, 1.495108608842726], "Sigma": [[0.003925770513007075, -0.0024768877297484827, -0.0013324256263658454], [-0.0024768877297484822, 0.00552274296887991, -0.0027529712765846717], [-0.0013324256263658454, -0.0027529712765846713, 0.004862739216271158]], "chi2_level": 0.997, "chi2_df": 3, "chi2_threshold": 13.931422665512084, "N_raw": 79, "N_roi": 79, "N_inlier": 78, "refit": true}
{"timestamp": "15:56:32.684054", "frame": 64, "mu": [-0.3527446060918031, 1.0930677249490852, 1.4934663949588534], "Sigma": [[0.003974268677318914, -0.002671629470197333, -0.001645500926979935], [-0.0026716294701973325, 0.006416520252760052, -0.0020416866166734025], [-0.001645500926979935, -0.002041686616673403, 0.0038159972908064425]], "chi2_level": 0.997, "chi2_df": 3, "chi2_threshold": 13.931422665512084, "N_raw": 77, "N_roi": 77, "N_inlier": 75, "refit": true}
{"timestamp": "15:56:32.738948", "frame": 65, "mu": [-0.39329770386979274, 1.0927101968912285, 1.5373973748137777], "Sigma": [[0.00437429678839541, -0.0031556215762231954, -0.003160552007757775], [-0.003155621576223196, 0.00674705640294591, -4.557775281027022e-05], [-0.003160552007757775, -4.557775281027022e-05, 0.00465330743206144]], "chi2_level": 0.997, "chi2_df": 3, "chi2_threshold": 13.931422665512084, "N_raw": 74, "N_roi": 74, "N_inlier": 70, "refit": true}
{"timestamp": "15:56:32.791430", "frame": 66, "mu": [-0.4638333462578036, 1.126651203304729, 1.5801821981429862], "Sigma": [[0.0047741629771503495, -0.0018204001364376244, -0.0016246663791670292], [-0.0018204001364376247, 0.00381200705412217, -0.001630115049897862], [-0.0016246663791670292, -0.001630115049897862, 0.0024965043924486167]], "chi2_level": 0.997, "chi2_df": 3, "chi2_threshold": 13.931422665512084, "N_raw": 62, "N_roi": 62, "N_inlier": 60, "refit": true}
{"timestamp": "15:56:32.847049", "frame": 67, "mu": [-0.44064250169515434, 1.1085716805114376, 1.4973560982356329], "Sigma": [[0.003036472717857709, -0.0017700255816955764, -0.003131009898781411], [-0.0017700255816955768, 0.004811177620695166, -0.0007317503312663183], [-0.003131009898781411, -0.0007317503312663183, 0.0075539403107517614]], "chi2_level": 0.997, "chi2_df": 3, "chi2_threshold": 13.931422665512084, "N_raw": 61, "N_roi": 61, "N_inlier": 58, "refit": true}
{"timestamp": "15:56:32.896650", "frame": 68, "mu": [-0.5270624643559711, 1.4289649609763984, 0.8874264889410486], "Sigma": [[0.021706980485103496, -0.12489338145144552, 0.202012064070125], [-0.12489338145144552, 0.7503287646164626, -1.2361921660318687], [0.202012064070125, -1.2361921660318687, 2.1215369217141715]], "chi2_level": 0.997, "chi2_df": 3, "chi2_threshold": 13.931422665512084, "N_raw": 22, "N_roi": 21, "N_inlier": 21, "refit": true}
{"timestamp": "15:56:32.955213", "frame": 69, "mu": [-0.5624107854403347, 1.224045174469316, -0.14240422399067038], "Sigma": [[0.002640825124676981, 0.0003364439757560019, -0.0013245992784184182], [0.00033644397575600184, 0.005102140085231769, -0.003103820376253848], [-0.0013245992784184182, -0.003103820376253848, 0.0028447301673250715]], "chi2_level": 0.997, "chi2_df": 3, "chi2_threshold": 13.931422665512084, "N_raw": 55, "N_roi": 55, "N_inlier": 52, "refit": true}
{"timestamp": "15:56:33.010717", "frame": 70, "mu": [-0.61173874358929, 1.07235432144975, 1.5466627506335342], "Sigma": [[0.0037223278554631735, -0.0010631058026130253, -0.004134776370748964], [-0.0010631058026130253, 0.004960669106309324, -0.0015926187954062878], [-0.004134776370748964, -0.0015926187954062878, 0.011419152817680448]], "chi2_level": 0.997, "chi2_df": 3, "chi2_threshold": 13.931422665512084, "N_raw": 55, "N_roi": 55, "N_inlier": 51, "refit": true}
{"timestamp": "15:56:33.065780", "frame": 71, "mu": [-0.6314608695708447, 1.1059976282801978, 1.5511216229798541], "Sigma": [[0.00301444570461621, -0.0016004772555348085, -0.002717987858901835], [-0.001600477255534809, 0.004753624234084416, -0.0010807284425808897], [-0.002717987858901835, -0.0010807284425808895, 0.004883924649141642]], "chi2_level": 0.997, "chi2_df": 3, "chi2_threshold": 13.931422665512084, "N_raw": 55, "N_roi": 55, "N_inlier": 52, "refit": true}
{"timestamp": "15:56:33.118153", "frame": 72, "mu": [-0.6637057068522736, 1.1294959303818037, 1.3011271568260623], "Sigma": [[0.0067377742564262546, -0.004998760856120097, 0.025786647508354986], [-0.004998760856120097, 0.014923160905660525, 0.0012726252233118468], [0.025786647508354993, 0.0012726252233118476, 0.19831436631311358]], "chi2_level": 0.997, "chi2_df": 3, "chi2_threshold": 13.931422665512084, "N_raw": 34, "N_roi": 34, "N_inlier": 34, "refit": true}
{"timestamp": "15:56:33.169350", "frame": 73, "mu": [-0.6950835486562652, 1.1025288489121658, 1.3325334651378293], "Sigma": [[0.002461278587567883, -0.0006831853608394109, -0.015222390022544646], [-0.000683185360839411, 0.007164622043423559, 0.0028403919763020217], [-0.015222390022544646, 0.002840391976302022, 0.12194665932736612]], "chi2_level": 0.997, "chi2_df": 3, "chi2_threshold": 13.931422665512084, "N_raw": 14, "N_roi": 14, "N_inlier": 14, "refit": true}
{"timestamp": "15:56:33.233357", "frame": 74, "mu": [-0.6992436101024274, 1.0842250767492358, 0.9326657662817376], "Sigma": [[0.012458463694796293, 0.0036084957773199564, -0.06042568160999009], [0.0036084957773199564, 0.003623982861326251, -0.027337267868767938], [-0.06042568160999009, -0.027337267868767938, 0.39272787150634136]], "chi2_level": 0.997, "chi2_df": 3, "chi2_threshold": 13.931422665512084, "N_raw": 75, "N_roi": 75, "N_inlier": 72, "refit": true}
{"timestamp": "15:56:33.284801", "frame": 75, "mu": [-0.8858957685988795, 1.0178526384828261, 1.4859587834925725], "Sigma": [[0.04029469758497094, 0.024021090250701767, -0.07269154858707529], [0.024021090250701767, 0.0203346077545129, -0.04178405735050857], [-0.07269154858707527, -0.04178405735050857, 0.24701955677381193]], "chi2_level": 0.997, "chi2_df": 3, "chi2_threshold": 13.931422665512084, "N_raw": 40, "N_roi": 40, "N_inlier": 40, "refit": true}
{"timestamp": "15:56:33.345764", "frame": 76, "mu": [-0.8601252117068874, 1.0656084993911883, 1.2584710326224793], "Sigma": [[0.018024353055388798, 0.01110209397721706, -0.05730221947256502], [0.01110209397721706, 0.016730756518117756, -0.04723521559880634], [-0.05730221947256502, -0.04723521559880634, 0.3487243614559063]], "chi2_level": 0.997, "chi2_df": 3, "chi2_threshold": 13.931422665512084, "N_raw": 93, "N_roi": 93, "N_inlier": 93, "refit": true}
{"timestamp": "15:56:33.399555", "frame": 77, "mu": [-0.9796586436058734, 1.0045344059710495, 1.5829773847899402], "Sigma": [[0.01623496653652217, 0.010460822324967332, -0.004844100804376675], [0.010460822324967332, 0.021907588693871938, 0.001170480881450313], [-0.004844100804376675, 0.0011704808814503127, 0.008013712147627283]], "chi2_level": 0.997, "chi2_df": 3, "chi2_threshold": 13.931422665512084, "N_raw": 83, "N_roi": 83, "N_inlier": 81, "refit": true}
{"timestamp": "15:56:33.453053", "frame": 78, "mu": [-1.023801119757658, 1.039674835670761, 1.6606680834429273], "Sigma": [[0.02913398415319972, 0.009774931540439544, -0.024998458667839576], [0.009774931540439544, 0.012634674170958218, -0.005824850611308576], [-0.024998458667839576, -0.005824850611308576, 0.02709551462505111]], "chi2_level": 0.997, "chi2_df": 3, "chi2_threshold": 13.931422665512084, "N_raw": 65, "N_roi": 65, "N_inlier": 61, "refit": true}
{"timestamp": "15:56:33.509619", "frame": 79, "mu": [-1.0647352235763876, 1.0430741581262282, 1.6641210807589824], "Sigma": [[0.025332266314804182, 0.011089153952787378, -0.023955288566657598], [0.011089153952787378, 0.00915737773684516, -0.012066386538128658], [-0.023955288566657598, -0.012066386538128658, 0.02948324598389869]], "chi2_level": 0.997, "chi2_df": 3, "chi2_threshold": 13.931422665512084, "N_raw": 78, "N_roi": 78, "N_inlier": 76, "refit": true}
{"timestamp": "15:56:33.563128", "frame": 80, "mu": [-1.1840636113855876, 1.011631242995676, 1.7633926821420385], "Sigma": [[0.020255222149932146, 0.012459052095537947, -0.007954295451076798], [0.012459052095537946, 0.011474825182266791, -0.008178588492578812], [-0.007954295451076798, -0.008178588492578812, 0.00669090554074636]], "chi2_level": 0.997, "chi2_df": 3, "chi2_threshold": 13.931422665512084, "N_raw": 68, "N_roi": 68, "N_inlier": 64, "refit": true}
{"timestamp": "15:56:33.618147", "frame": 81, "mu": [-1.1459514067777399, 1.0763368900003105, -0.04571147344482898], "Sigma": [[0.024488967272665734, 0.017639171036581767, -0.00979709432408836], [0.017639171036581767, 0.018395216925450146, -0.007910264122261958], [-0.00979709432408836, -0.007910264122261958, 0.005282331748058145]], "chi2_level": 0.997, "chi2_df": 3, "chi2_threshold": 13.931422665512084, "N_raw": 75, "N_roi": 75, "N_inlier": 74, "refit": true}
{"timestamp": "15:56:33.674641", "frame": 82, "mu": [-1.1842170845995983, 1.0414781202163, 1.7500628594531826], "Sigma": [[0.018765659487255566, 0.007017861481817284, -0.014834961275627046], [0.007017861481817284, 0.009955876372361862, -0.005224279223812153], [-0.014834961275627046, -0.005224279223812152, 0.014886226282206864]], "chi2_level": 0.997, "chi2_df": 3, "chi2_threshold": 13.931422665512084, "N_raw": 83, "N_roi": 83, "N_inlier": 82, "refit": true}
{"timestamp": "15:56:33.736658", "frame": 83, "mu": [-1.2447262114933035, 1.0835085221430771, 0.03321115198233085], "Sigma": [[0.02251356969330528, 0.010304619960660732, -0.008133396357227375], [0.010304619960660732, 0.01565262276292365, -0.003039581437410174], [-0.008133396357227377, -0.003039581437410174, 0.006855793244322382]], "chi2_level": 0.997, "chi2_df": 3, "chi2_threshold": 13.931422665512084, "N_raw": 123, "N_roi": 123, "N_inlier": 122, "refit": true}
{"timestamp": "15:56:33.784597", "frame": 84, "mu": [-1.2582145238067162, 1.0530666060830165, 1.5825959880195342], "Sigma": [[0.048261292193853514, 0.03165694872670982, -0.06720757383914805], [0.03165694872670982, 0.025795014212654885, -0.043949303456773725], [-0.06720757383914805, -0.043949303456773725, 0.13385971800135726]], "chi2_level": 0.997, "chi2_df": 3, "chi2_threshold": 13.931422665512084, "N_raw": 70, "N_roi": 70, "N_inlier": 70, "refit": true}
{"timestamp": "15:56:33.844329", "frame": 85, "mu": [-1.235230319427147, 1.102198385981646, 1.4480316222380216], "Sigma": [[0.03506967418186952, 0.013414581990197159, -0.08283287870439615], [0.013414581990197157, 0.011235248252573613, -0.03090960872077859], [-0.08283287870439617, -0.03090960872077859, 0.29389610795213666]], "chi2_level": 0.997, "chi2_df": 3, "chi2_threshold": 13.931422665512084, "N_raw": 113, "N_roi": 113, "N_inlier": 112, "refit": true}
{"timestamp": "15:56:33.895499", "frame": 86, "mu": [-1.2591445887918575, 1.1682975822974484, 1.4220647827492305], "Sigma": [[0.041575911447024605, 0.021991892676230654, -0.08291538123980186], [0.021991892676230654, 0.015149483894128084, -0.038560124525944414], [-0.08291538123980186, -0.038560124525944414, 0.2957835677355792]], "chi2_level": 0.997, "chi2_df": 3, "chi2_threshold": 13.931422665512084, "N_raw": 89, "N_roi": 89, "N_inlier": 88, "refit": true}
{"timestamp": "15:56:33.950044", "frame": 87, "mu": [-1.3468303873430736, 1.1688407476310585, 1.8284702758318685], "Sigma": [[0.019723628179681832, 0.01324441980488798, -0.01526407475937645], [0.01324441980488798, 0.015324526059751995, -0.01185682718090443], [-0.01526407475937645, -0.011856827180904429, 0.019170478204825515]], "chi2_level": 0.997, "chi2_df": 3, "chi2_threshold": 13.931422665512084, "N_raw": 82, "N_roi": 82, "N_inlier": 79, "refit": true}
{"timestamp": "15:56:34.001620", "frame": 88, "mu": [-1.2736371036844856, 1.2595964541463898, 1.6300123533472501], "Sigma": [[0.026348453228281245, 0.013912295400804714, -0.021647724779057066], [0.013912295400804714, 0.012530551235036512, -0.013359101331451365], [-0.021647724779057066, -0.013359101331451363, 0.019410432125845284]], "chi2_level": 0.997, "chi2_df": 3, "chi2_threshold": 13.931422665512084, "N_raw": 59, "N_roi": 59, "N_inlier": 59, "refit": true}
{"timestamp": "15:56:34.059347", "frame": 89, "mu": [-1.2826669242211983, 1.2746827332144997, 1.6120441852150207], "Sigma": [[0.02775655549763755, 0.0125692623275802, -0.03264812447336533], [0.0125692623275802, 0.011539791929081063, -0.014657165024263858], [-0.03264812447336533, -0.014657165024263858, 0.08430664124967317]], "chi2_level": 0.997, "chi2_df": 3, "chi2_threshold": 13.931422665512084, "N_raw": 84, "N_roi": 84, "N_inlier": 81, "refit": true}
{"timestamp": "15:56:34.108000", "frame": 90, "mu": [-1.1435779435251372, 1.4173475252157663, 1.3902097420666752], "Sigma": [[0.00378983999418093, 0.0009630738316075275, -0.008711707922717077], [0.0009630738316075275, 0.006232041347947744, -0.01815702932354839], [-0.008711707922717077, -0.018157029323548388, 0.16329615439796794]], "chi2_level": 0.997, "chi2_df": 3, "chi2_threshold": 13.931422665512084, "N_raw": 37, "N_roi": 37, "N_inlier": 34, "refit": true}
{"timestamp": "15:56:34.172110", "frame": 91, "mu": [-1.368489384690938, 1.2346114912444008, 1.2328944541165174], "Sigma": [[0.022080720214291798, 0.02423881639908438, -0.040133226633665045], [0.02423881639908438, 0.039818751874534014, -0.06640746494130173], [-0.040133226633665045, -0.06640746494130173, 0.2090312051799199]], "chi2_level": 0.997, "chi2_df": 3, "chi2_threshold": 13.931422665512084, "N_raw": 98, "N_roi": 98, "N_inlier": 97, "refit": true}
