{"timestamp": "15:07:57.240966", "frame": 41, "mu": [1.8403157147624254, 1.1146912322451024, 1.5931726438823528], "Sigma": [[0.005813894943393156, -0.0020711968832533637, 0.0010548130895840814], [-0.002071196883253364, 0.003569296686979185, 0.0006475675671821124], [0.0010548130895840814, 0.0006475675671821125, 0.0010661848635613717]], "chi2_level": 0.997, "chi2_df": 3, "chi2_threshold": 13.931422665512084, "N_raw": 15, "N_roi": 15, "N_inlier": 15, "refit": true}
{"timestamp": "15:07:57.298503", "frame": 42, "mu": [1.8456868171087086, 1.2314129999204237, -0.044241733602285185], "Sigma": [[0.00599586061045188, -0.0027097453164941867, 0.001452734076346681], [-0.0027097453164941863, 0.005904368777080276, 0.0007798632497034404], [0.0014527340763466805, 0.0007798632497034404, 0.0012139137142400446]], "chi2_level": 0.997, "chi2_df": 3, "chi2_threshold": 13.931422665512084, "N_raw": 24, "N_roi": 24, "N_inlier": 24, "refit": true}
{"timestamp": "15:07:57.353264", "frame": 43, "mu": [1.776876543758717, 1.2448721204171709, 1.4379016067061627], "Sigma": [[0.004447675615382877, 0.001680555881575224, -0.0008309778391639251], [0.001680555881575224, 0.0033792122220334007, -0.0019417049689755812], [-0.0008309778391639252, -0.0019417049689755815, 0.0018868210829174276]], "chi2_level": 0.997, "chi2_df": 3, "chi2_threshold": 13.931422665512084, "N_raw": 10, "N_roi": 10, "N_inlier": 10, "refit": true}
{"timestamp": "15:07:57.902212", "frame": 53, "mu": [1.700364239565391, 2.0275655847953526, -0.3247636319119606], "Sigma": [[0.0074512626998054264, 0.001161408854054087, 0.009585374242569326], [0.0011614088540540875, 0.0018228255782604737, 0.0023406630029275265], [0.009585374242569326, 0.0023406630029275265, 0.05320163449465041]], "chi2_level": 0.997, "chi2_df": 3, "chi2_threshold": 13.931422665512084, "N_raw": 13, "N_roi": 11, "N_inlier": 11, "refit": true}
{"timestamp": "15:07:58.012212", "frame": 55, "mu": [1.6856842108495118, 2.086254962481608, 1.6884769085043303], "Sigma": [[0.00473385036258773, 0.0005429711428978313, -0.004549928779973925], [0.0005429711428978313, 0.002544194573051542, 0.0015335085094750033], [-0.004549928779973925, 0.0015335085094750033, 0.019742174817175672]], "chi2_level": 0.997, "chi2_df": 3, "chi2_threshold": 13.931422665512084, "N_raw": 12, "N_roi": 11, "N_inlier": 11, "refit": true}
{"timestamp": "15:07:58.672212", "frame": 67, "mu": [1.781071313560682, 2.517204251666097, 0.679900718096228], "Sigma": [[0.018131306139766705, -0.018727011170335605, -0.054209650353109755], [-0.018727011170335605, 0.021127858294476123, 0.058608637226194596], [-0.054209650353109755, 0.058608637226194596, 0.17935080835874143]], "chi2_level": 0.997, "chi2_df": 3, "chi2_threshold": 13.931422665512084, "N_raw": 15, "N_roi": 13, "N_inlier": 12, "refit": true}
{"timestamp": "15:07:58.837218", "frame": 70, "mu": [1.6308536386060557, 2.896170266864389, 1.1924547353697192], "Sigma": [[0.006174506054149682, 4.939252979364178e-05, -0.015950029415472564], [4.939252979364167e-05, 0.001548739598807871, -0.0008016141897040302], [-0.015950029415472564, -0.0008016141897040301, 0.054997823246748234]], "chi2_level": 0.997, "chi2_df": 3, "chi2_threshold": 13.931422665512084, "N_raw": 11, "N_roi": 11, "N_inlier": 10, "refit": true}
{"timestamp": "15:07:59.004799", "frame": 73, "mu": [1.6085615218546183, 3.0526378442553677, 1.1183634626137853], "Sigma": [[0.010735100568046512, -0.006269142485423334, -0.006234865148171637], [-0.006269142485423334, 0.004535834371244513, 0.001462542042592591], [-0.006234865148171637, 0.0014625420425925907, 0.028253708055411483]], "chi2_level": 0.997, "chi2_df": 3, "chi2_threshold": 13.931422665512084, "N_raw": 25, "N_roi": 25, "N_inlier": 24, "refit": true}
{"timestamp": "15:07:59.442770", "frame": 81, "mu": [1.7107129516001676, 3.5215610213100224, 0.17086358200464252], "Sigma": [[0.017884357465433744, 0.001179919794737783, -0.019089097867554874], [0.001179919794737783, 0.002166036132832716, -0.0020453620276797185], [-0.019089097867554874, -0.0020453620276797185, 0.022430369494784157]], "chi2_level": 0.997, "chi2_df": 3, "chi2_threshold": 13.931422665512084, "N_raw": 16, "N_roi": 16, "N_inlier": 16, "refit": true}
{"timestamp": "15:07:59.667510", "frame": 85, "mu": [1.501330386510619, 3.6895181189949824, 1.5884722609444408], "Sigma": [[0.018994825836242624, -0.0060089290144554, -0.011148538432801716], [-0.0060089290144554, 0.006542750945027126, 0.002230174531949382], [-0.011148538432801716, 0.002230174531949381, 0.020067027557307545]], "chi2_level": 0.997, "chi2_df": 3, "chi2_threshold": 13.931422665512084, "N_raw": 47, "N_roi": 47, "N_inlier": 45, "refit": true}
{"timestamp": "15:07:59.722239", "frame": 86, "mu": [1.4934479935741816, 3.721523208378937, 1.578522835525658], "Sigma": [[0.021418424994445132, -0.0077136342205933245, -0.007630971283549814], [-0.0077136342205933245, 0.006636709595376958, 0.0027202490506197012], [-0.007630971283549815, 0.0027202490506197004, 0.004562495956900827]], "chi2_level": 0.997, "chi2_df": 3, "chi2_threshold": 13.931422665512084, "N_raw": 42, "N_roi": 42, "N_inlier": 41, "refit": true}
{"timestamp": "15:07:59.776233", "frame": 87, "mu": [1.5079219644664947, 3.7560628210969633, 1.3653135326231014], "Sigma": [[0.04001412515411498, -0.019247286307161923, -0.08653415912916207], [-0.019247286307161923, 0.011094480470604283, 0.04596680124542907], [-0.08653415912916207, 0.04596680124542907, 0.26709031126693944]], "chi2_level": 0.997, "chi2_df": 3, "chi2_threshold": 13.931422665512084, "N_raw": 37, "N_roi": 35, "N_inlier": 35, "refit": true}
{"timestamp": "15:07:59.832512", "frame": 88, "mu": [1.5455474240269207, 3.84962599236611, 1.4540019550114156], "Sigma": [[0.02129651291029585, -0.006845335657287913, -0.030230860319600483], [-0.006845335657287913, 0.004889250529487137, 0.007271113648262814], [-0.030230860319600483, 0.007271113648262814, 0.053846392073489915]], "chi2_level": 0.997, "chi2_df": 3, "chi2_threshold": 13.931422665512084, "N_raw": 43, "N_roi": 42, "N_inlier": 41, "refit": true}
{"timestamp": "15:08:00.048071", "frame": 92, "mu": [1.4489422618779115, 4.092667830749528, 1.5699514922101798], "Sigma": [[0.006152650174210613, -0.0011852327084899753, -0.005255548687666908], [-0.001185232708489975, 0.0023686338384464605, -0.00022692798214022405], [-0.005255548687666908, -0.00022692798214022405, 0.011632925501885027]], "chi2_level": 0.997, "chi2_df": 3, "chi2_threshold": 13.931422665512084, "N_raw": 11, "N_roi": 11, "N_inlier": 11, "refit": true}
{"timestamp": "15:08:00.104110", "frame": 93, "mu": [1.4777019277874526, 4.131732799383944, 1.6467280261385004], "Sigma": [[0.013346681959829573, -0.0030029494864392573, -0.008875102528877889], [-0.003002949486439258, 0.0032273479241941225, 0.002165779789437319], [-0.008875102528877889, 0.002165779789437319, 0.00862664342213194]], "chi2_level": 0.997, "chi2_df": 3, "chi2_threshold": 13.931422665512084, "N_raw": 22, "N_roi": 22, "N_inlier": 21, "refit": true}
{"timestamp": "15:08:00.159574", "frame": 94, "mu": [1.4846072772642278, 4.165990112972725, 1.578952459661742], "Sigma": [[0.015952829540746814, -0.004106367331156043, -0.00845639432072436], [-0.004106367331156044, 0.003992580074511518, 0.001376990623922269], [-0.00845639432072436, 0.001376990623922269, 0.008778784837462123]], "chi2_level": 0.997, "chi2_df": 3, "chi2_threshold": 13.931422665512084, "N_raw": 29, "N_roi": 29, "N_inlier": 27, "refit": true}
{"timestamp": "15:08:00.433136", "frame": 99, "mu": [1.7262153854494813, 4.37792980299185, 0.7140526209437077], "Sigma": [[0.0068540498157288405, -0.0015062737259107382, -0.011112052969393311], [-0.0015062737259107382, 0.0008596536461988839, 0.00159538749293835], [-0.01111205296939331, 0.0015953874929383503, 0.039197317952815294]], "chi2_level": 0.997, "chi2_df": 3, "chi2_threshold": 13.931422665512084, "N_raw": 11, "N_roi": 11, "N_inlier": 11, "refit": true}
{"timestamp": "15:08:00.528969", "frame": 100, "mu": [1.7476029619639926, 4.48805573200163, 1.0784070467471303], "Sigma": [[0.02762175286947198, -0.010793347648025376, -0.035750874508843976], [-0.010793347648025376, 0.006084717670742887, 0.009693789282976128], [-0.035750874508843976, 0.009693789282976128, 0.0678310010784194]], "chi2_level": 0.997, "chi2_df": 3, "chi2_threshold": 13.931422665512084, "N_raw": 41, "N_roi": 40, "N_inlier": 39, "refit": true}
