{"timestamp": "15:14:56.975211", "frame": 30, "mu": [2.391102793198785, 4.930662907129891, 1.1925912948290265], "Sigma": [[0.004815246006339071, -0.0017165232608749434, -0.0019344194088792123], [-0.0017165232608749434, 0.0022953058121671062, -0.002793866477195715], [-0.0019344194088792121, -0.0027938664771957156, 0.03965850772197288]], "chi2_level": 0.997, "chi2_df": 3, "chi2_threshold": 13.931422665512084, "N_raw": 45, "N_roi": 12, "N_inlier": 12, "refit": true}
{"timestamp": "15:14:57.027177", "frame": 31, "mu": [2.328625090554713, 4.8939516733379405, 0.6439571255011155], "Sigma": [[0.011632259957465094, -0.005523152155599573, 0.0036182830793530917], [-0.005523152155599573, 0.0039248892782307344, -0.0027679409050342376], [0.0036182830793530917, -0.0027679409050342376, 0.003298895773089126]], "chi2_level": 0.997, "chi2_df": 3, "chi2_threshold": 13.931422665512084, "N_raw": 26, "N_roi": 13, "N_inlier": 13, "refit": true}
{"timestamp": "15:14:57.138989", "frame": 33, "mu": [2.3444546634986296, 4.809828437886478, 1.0703904885378916], "Sigma": [[0.010104241383179079, -0.004435911141158868, -0.004336865694174692], [-0.004435911141158869, 0.003828183552676143, -0.0036209667084976453], [-0.004336865694174692, -0.0036209667084976453, 0.025186775625852666]], "chi2_level": 0.997, "chi2_df": 3, "chi2_threshold": 13.931422665512084, "N_raw": 41, "N_roi": 19, "N_inlier": 19, "refit": true}
{"timestamp": "15:14:57.195284", "frame": 34, "mu": [2.313993764667817, 4.904054228247086, 0.23915741955711503], "Sigma": [[0.008784765753955547, 0.00023189197852698613, -0.006428606644157489], [0.00023189197852698591, 0.007546694537202092, -0.014528642235777958], [-0.006428606644157489, -0.014528642235777958, 0.035892057431490175]], "chi2_level": 0.997, "chi2_df": 3, "chi2_threshold": 13.931422665512084, "N_raw": 27, "N_roi": 12, "N_inlier": 12, "refit": true}
{"timestamp": "15:14:57.251608", "frame": 35, "mu": [2.2888566230093277, 4.784345421645555, 0.773719935354843], "Sigma": [[0.014119776847195094, -0.008996195276006987, -0.004934995750273005], [-0.008996195276006987, 0.008484808728179347, -0.0005385348471267138], [-0.004934995750273005, -0.0005385348471267135, 0.02695893291458848]], "chi2_level": 0.997, "chi2_df": 3, "chi2_threshold": 13.931422665512084, "N_raw": 39, "N_roi": 18, "N_inlier": 18, "refit": true}
{"timestamp": "15:14:57.307060", "frame": 36, "mu": [2.2800163814335566, 4.75822894557692, 0.8127517945028881], "Sigma": [[0.015416241086988967, -0.008505242352289732, -0.009334573629758551], [-0.008505242352289732, 0.009140074406672494, 0.0014105806868338587], [-0.009334573629758551, 0.0014105806868338591, 0.045972800325673316]], "chi2_level": 0.997, "chi2_df": 3, "chi2_threshold": 13.931422665512084, "N_raw": 35, "N_roi": 26, "N_inlier": 26, "refit": true}
{"timestamp": "15:14:57.365132", "frame": 37, "mu": [2.2766108825300977, 4.723872601302263, 1.0445789581034457], "Sigma": [[0.01803671732309491, -0.00964759120073434, -0.006706109568943018], [-0.00964759120073434, 0.008708707048031917, -0.00391010249465876], [-0.006706109568943018, -0.00391010249465876, 0.024677785473233738]], "chi2_level": 0.997, "chi2_df": 3, "chi2_threshold": 13.931422665512084, "N_raw": 62, "N_roi": 35, "N_inlier": 35, "refit": true}
{"timestamp": "15:14:57.414568", "frame": 38, "mu": [2.3177153441134255, 4.519327620574113, 0.5766414487211957], "Sigma": [[0.015485719823839497, -0.008930048377707533, -0.009093497542673771], [-0.008930048377707533, 0.006936192546299719, 0.004873631533717487], [-0.009093497542673771, 0.004873631533717487, 0.009607069261892144]], "chi2_level": 0.997, "chi2_df": 3, "chi2_threshold": 13.931422665512084, "N_raw": 24, "N_roi": 17, "N_inlier": 17, "refit": true}
{"timestamp": "15:14:57.471896", "frame": 39, "mu": [2.2552122300495596, 4.5395960255823775, 0.6631642917593128], "Sigma": [[0.022656732870074386, -0.01236086188914727, -0.008813486724642489], [-0.01236086188914727, 0.009130432464344982, 0.002175709121315203], [-0.008813486724642489, 0.002175709121315203, 0.010801169634866074]], "chi2_level": 0.997, "chi2_df": 3, "chi2_threshold": 13.931422665512084, "N_raw": 42, "N_roi": 31, "N_inlier": 31, "refit": true}
{"timestamp": "15:14:57.523956", "frame": 40, "mu": [2.286522941716773, 4.457142686441433, 0.5640028955026144], "Sigma": [[0.017442576902873742, -0.010783690685389986, -0.009261016462924914], [-0.010783690685389986, 0.008415511005382365, 0.005479195056436525], [-0.009261016462924914, 0.005479195056436525, 0.010189895154017558]], "chi2_level": 0.997, "chi2_df": 3, "chi2_threshold": 13.931422665512084, "N_raw": 25, "N_roi": 19, "N_inlier": 19, "refit": true}
{"timestamp": "15:14:57.580380", "frame": 41, "mu": [2.295165542765145, 4.486041532419556, 0.7894527112028847], "Sigma": [[0.015596959442994577, -0.007420058828456699, -0.0016676015266560715], [-0.0074200588284567, 0.005018301973609632, -0.0006696122101193309], [-0.0016676015266560715, -0.000669612210119331, 0.012023230162285273]], "chi2_level": 0.997, "chi2_df": 3, "chi2_threshold": 13.931422665512084, "N_raw": 33, "N_roi": 13, "N_inlier": 13, "refit": true}
{"timestamp": "15:14:57.638939", "frame": 42, "mu": [2.187786696482556, 4.554989273963273, -0.84953338080175], "Sigma": [[0.034174640710620485, -0.00678542853517161, 0.06996654796401441], [-0.006785428535171609, 0.007867891070516738, -0.0069038554254193035], [0.06996654796401441, -0.006903855425419304, 0.24505854579566444]], "chi2_level": 0.997, "chi2_df": 3, "chi2_threshold": 13.931422665512084, "N_raw": 56, "N_roi": 52, "N_inlier": 52, "refit": true}
{"timestamp": "15:14:57.694553", "frame": 43, "mu": [2.2128133156907905, 4.5816591606679165, -0.05221932063799044], "Sigma": [[0.02748659232853632, -0.012045811593248308, -0.018315992374228297], [-0.012045811593248308, 0.011674179373902338, -0.0014569293985460213], [-0.018315992374228297, -0.0014569293985460217, 0.032778849538511685]], "chi2_level": 0.997, "chi2_df": 3, "chi2_threshold": 13.931422665512084, "N_raw": 56, "N_roi": 46, "N_inlier": 46, "refit": true}
{"timestamp": "15:14:57.746658", "frame": 44, "mu": [2.1830617602303857, 4.324354457595286, 0.7540353078762234], "Sigma": [[0.028091244699665577, -0.015111996652473314, -0.005514200115884867], [-0.015111996652473314, 0.010115796187737605, -0.0011419574559503169], [-0.005514200115884866, -0.0011419574559503169, 0.013291966736687135]], "chi2_level": 0.997, "chi2_df": 3, "chi2_threshold": 13.931422665512084, "N_raw": 46, "N_roi": 41, "N_inlier": 41, "refit": true}
{"timestamp": "15:14:57.801646", "frame": 45, "mu": [2.2412463258800726, 4.457232303429862, -0.25061461951069147], "Sigma": [[0.01974339778826046, -0.011931598216442659, -0.010899651492826495], [-0.011931598216442659, 0.012223656212809965, 0.00909233119269643], [-0.010899651492826496, 0.00909233119269643, 0.009271445423658028]], "chi2_level": 0.997, "chi2_df": 3, "chi2_threshold": 13.931422665512084, "N_raw": 38, "N_roi": 31, "N_inlier": 31, "refit": true}
{"timestamp": "15:14:57.857288", "frame": 46, "mu": [2.166402419566816, 4.232140401928191, 0.6574079158169327], "Sigma": [[0.025716830462076665, -0.019040761329270066, -0.005168534448991555], [-0.019040761329270066, 0.018045092997264534, 0.0021144479719483523], [-0.0051685344489915555, 0.0021144479719483523, 0.006180902866344822]], "chi2_level": 0.997, "chi2_df": 3, "chi2_threshold": 13.931422665512084, "N_raw": 44, "N_roi": 39, "N_inlier": 38, "refit": true}
{"timestamp": "15:14:57.913966", "frame": 47, "mu": [2.0355077419065277, 4.512128382445906, -0.19082261426984273], "Sigma": [[0.031739839107054614, -0.019230887941631913, -0.01168838487155106], [-0.019230887941631913, 0.01737831508064836, 0.007229774939456431], [-0.01168838487155106, 0.007229774939456431, 0.0073689928604667035]], "chi2_level": 0.997, "chi2_df": 3, "chi2_threshold": 13.931422665512084, "N_raw": 53, "N_roi": 49, "N_inlier": 49, "refit": true}
{"timestamp": "15:14:57.965814", "frame": 48, "mu": [2.0919325585142934, 4.151633646128505, 0.7903924363928241], "Sigma": [[0.025988899169847417, -0.017319302267170343, -0.01057301435121926], [-0.017319302267170343, 0.015272302877000576, 0.005169818690623456], [-0.01057301435121926, 0.005169818690623456, 0.01074354454357417]], "chi2_level": 0.997, "chi2_df": 3, "chi2_threshold": 13.931422665512084, "N_raw": 39, "N_roi": 38, "N_inlier": 37, "refit": true}
{"timestamp": "15:14:58.020341", "frame": 49, "mu": [2.004654394471957, 4.148903961672546, 0.7521686515812537], "Sigma": [[0.022020857642138156, -0.014473967521021185, -0.007918625448696866], [-0.014473967521021189, 0.010189013648862167, 0.00410787407116522], [-0.007918625448696866, 0.00410787407116522, 0.022528484346499445]], "chi2_level": 0.997, "chi2_df": 3, "chi2_threshold": 13.931422665512084, "N_raw": 28, "N_roi": 25, "N_inlier": 25, "refit": true}
{"timestamp": "15:14:58.079870", "frame": 50, "mu": [1.9133347207348053, 4.170228855701395, 0.9061550011726722], "Sigma": [[0.03033669049604381, -0.016595641926471554, -0.006488953192280908], [-0.016595641926471554, 0.013412379193054961, -0.002400752960287304], [-0.006488953192280908, -0.0024007529602873045, 0.017208042619359404]], "chi2_level": 0.997, "chi2_df": 3, "chi2_threshold": 13.931422665512084, "N_raw": 62, "N_roi": 59, "N_inlier": 59, "refit": true}
{"timestamp": "15:14:58.132928", "frame": 51, "mu": [1.927791596070891, 4.122283006453482, 1.0380174579783898], "Sigma": [[0.02815125961904328, -0.0157696319952046, -0.010950286593643738], [-0.0157696319952046, 0.0133492860071314, 0.003552224407143826], [-0.01095028659364374, 0.0035522244071438266, 0.01026921827229325]], "chi2_level": 0.997, "chi2_df": 3, "chi2_threshold": 13.931422665512084, "N_raw": 50, "N_roi": 49, "N_inlier": 49, "refit": true}
{"timestamp": "15:14:58.188590", "frame": 52, "mu": [1.9233029568319515, 4.069449009924626, 0.8120843093924818], "Sigma": [[0.022434559118622605, -0.01236124316713826, 0.002247513996728807], [-0.01236124316713826, 0.01021294968308126, -0.007087598856734178], [0.0022475139967288076, -0.007087598856734178, 0.013636499380419788]], "chi2_level": 0.997, "chi2_df": 3, "chi2_threshold": 13.931422665512084, "N_raw": 51, "N_roi": 48, "N_inlier": 48, "refit": true}
{"timestamp": "15:14:58.247550", "frame": 53, "mu": [1.8111859424328922, 4.022542618422512, 0.7509028611517344], "Sigma": [[0.03355569914523476, -0.01860737343152311, 0.017140163759612075], [-0.018607373431523105, 0.014498459478824619, -0.015666181650203892], [0.01714016375961207, -0.015666181650203885, 0.06553008204829033]], "chi2_level": 0.997, "chi2_df": 3, "chi2_threshold": 13.931422665512084, "N_raw": 76, "N_roi": 70, "N_inlier": 70, "refit": true}
{"timestamp": "15:14:58.295925", "frame": 54, "mu": [1.62139642193284, 3.9896595785745412, 0.285469266928588], "Sigma": [[0.02051525110148704, -0.00875531542141067, 0.0029518961350653338], [-0.00875531542141067, 0.005592893284200864, -0.001960392394191113], [0.0029518961350653338, -0.0019603923941911125, 0.003181148863347605]], "chi2_level": 0.997, "chi2_df": 3, "chi2_threshold": 13.931422665512084, "N_raw": 28, "N_roi": 27, "N_inlier": 25, "refit": true}
{"timestamp": "15:14:58.356014", "frame": 55, "mu": [1.7430127099114212, 3.848605997820922, 0.5212012811104307], "Sigma": [[0.034502912866830854, -0.01924979718718149, 0.005458271988175932], [-0.01924979718718149, 0.013732219958925056, -0.006370444601479608], [0.005458271988175932, -0.006370444601479607, 0.034955674273330156]], "chi2_level": 0.997, "chi2_df": 3, "chi2_threshold": 13.931422665512084, "N_raw": 72, "N_roi": 70, "N_inlier": 70, "refit": true}
{"timestamp": "15:14:58.409938", "frame": 56, "mu": [1.7062631358785851, 3.8179955890474444, 0.5959158757909495], "Sigma": [[0.027285146039883818, -0.015483800351621328, 0.0021544850753143427], [-0.015483800351621328, 0.01086164406362789, -0.005131754759323919], [0.0021544850753143427, -0.005131754759323919, 0.040862107838636766]], "chi2_level": 0.997, "chi2_df": 3, "chi2_threshold": 13.931422665512084, "N_raw": 66, "N_roi": 65, "N_inlier": 64, "refit": true}
{"timestamp": "15:14:58.462694", "frame": 57, "mu": [1.6575923449183376, 3.838875303731041, 0.6571997949722934], "Sigma": [[0.014383412702077597, -0.008048000848316186, -0.0019183559807424734], [-0.008048000848316186, 0.006511788669744191, -0.004623778891158503], [-0.0019183559807424734, -0.004623778891158503, 0.03442796390804979]], "chi2_level": 0.997, "chi2_df": 3, "chi2_threshold": 13.931422665512084, "N_raw": 42, "N_roi": 40, "N_inlier": 40, "refit": true}
{"timestamp": "15:14:58.516995", "frame": 58, "mu": [1.489462659736687, 3.8664810672108962, 1.0124743619315737], "Sigma": [[0.01685917070714082, -0.006438516093504486, -0.013744007741632928], [-0.006438516093504486, 0.003462137039055363, 0.0004272295410061094], [-0.013744007741632928, 0.00042722954100611, 0.07600719839187443]], "chi2_level": 0.997, "chi2_df": 3, "chi2_threshold": 13.931422665512084, "N_raw": 46, "N_roi": 46, "N_inlier": 46, "refit": true}
{"timestamp": "15:14:58.576116", "frame": 59, "mu": [1.5813027167375984, 3.7253993065234488, 0.7617349945580226], "Sigma": [[0.02954275367752926, -0.019935952537765277, -0.006932575127157816], [-0.019935952537765277, 0.01734766151693303, -0.002150647440616717], [-0.006932575127157817, -0.0021506474406167175, 0.02538705115556381]], "chi2_level": 0.997, "chi2_df": 3, "chi2_threshold": 13.931422665512084, "N_raw": 71, "N_roi": 71, "N_inlier": 71, "refit": true}
{"timestamp": "15:14:58.629595", "frame": 60, "mu": [1.5288351697073757, 3.6677394774218763, 0.6966169471182144], "Sigma": [[0.027596679805155316, -0.011233133953841184, -0.022484494645262577], [-0.011233133953841184, 0.0068083023393354135, 0.0075496136662998], [-0.022484494645262577, 0.007549613666299799, 0.08113444325481417]], "chi2_level": 0.997, "chi2_df": 3, "chi2_threshold": 13.931422665512084, "N_raw": 59, "N_roi": 57, "N_inlier": 56, "refit": true}
{"timestamp": "15:14:58.685428", "frame": 61, "mu": [1.3900322941663081, 3.6609068394523954, 0.7571056049519133], "Sigma": [[0.02852087565991146, -0.00714590877483974, -0.009980497905496958], [-0.00714590877483974, 0.0038095406659351327, 0.0023146146289919896], [-0.009980497905496958, 0.0023146146289919896, 0.06613449694959496]], "chi2_level": 0.997, "chi2_df": 3, "chi2_threshold": 13.931422665512084, "N_raw": 65, "N_roi": 64, "N_inlier": 64, "refit": true}
{"timestamp": "15:14:58.737366", "frame": 62, "mu": [1.4370827989776935, 3.5941114457016, 0.6373059602588188], "Sigma": [[0.019709545066569294, -0.005857353078980677, 0.0017672153442720739], [-0.005857353078980677, 0.004126837218728177, -0.002328552676660847], [0.0017672153442720735, -0.002328552676660847, 0.007304796496193141]], "chi2_level": 0.997, "chi2_df": 3, "chi2_threshold": 13.931422665512084, "N_raw": 42, "N_roi": 41, "N_inlier": 39, "refit": true}
{"timestamp": "15:14:58.793224", "frame": 63, "mu": [1.3246356003909894, 3.586879322944655, 0.7290189099005879], "Sigma": [[0.02300128795412383, -0.007899033334579225, -0.014243072898969783], [-0.007899033334579225, 0.005492781645270691, -0.003374592826798565], [-0.014243072898969783, -0.003374592826798566, 0.06605516897927619]], "chi2_level": 0.997, "chi2_df": 3, "chi2_threshold": 13.931422665512084, "N_raw": 52, "N_roi": 52, "N_inlier": 51, "refit": true}
{"timestamp": "15:14:58.848113", "frame": 64, "mu": [1.2957228623185817, 3.5291310358433696, 0.5559091873692367], "Sigma": [[0.02509465154159006, -0.010927248235791793, -0.019536278071948625], [-0.010927248235791793, 0.009191663661809634, 0.00323176480683886], [-0.019536278071948625, 0.00323176480683886, 0.07023119430000185]], "chi2_level": 0.997, "chi2_df": 3, "chi2_threshold": 13.931422665512084, "N_raw": 51, "N_roi": 47, "N_inlier": 46, "refit": true}
{"timestamp": "15:14:58.902365", "frame": 65, "mu": [1.1998462873813516, 3.4973666174130997, 0.6561036749177055], "Sigma": [[0.01591982924343035, -0.00787103384155648, -0.016271948342946943], [-0.00787103384155648, 0.009448459961132983, 0.007944307428787961], [-0.016271948342946943, 0.007944307428787961, 0.05816225414416515]], "chi2_level": 0.997, "chi2_df": 3, "chi2_threshold": 13.931422665512084, "N_raw": 42, "N_roi": 42, "N_inlier": 42, "refit": true}
{"timestamp": "15:14:58.958050", "frame": 66, "mu": [1.3355890750505401, 3.564969905601582, -0.31753492170417014], "Sigma": [[0.015820729477241936, -0.005862008003162222, -0.005636514072396269], [-0.005862008003162222, 0.0065358252011788265, -0.006042112420805785], [-0.005636514072396269, -0.006042112420805784, 0.019080429885609623]], "chi2_level": 0.997, "chi2_df": 3, "chi2_threshold": 13.931422665512084, "N_raw": 49, "N_roi": 46, "N_inlier": 46, "refit": true}
{"timestamp": "15:14:59.011046", "frame": 67, "mu": [1.234978518649839, 3.412171546132009, -1.0198666170926378], "Sigma": [[0.016308090196056963, 0.004203798832538453, 0.04064434410185732], [0.004203798832538453, 0.007864071894935773, 0.022193459529068555], [0.04064434410185733, 0.02219345952906856, 0.15698953977164185]], "chi2_level": 0.997, "chi2_df": 3, "chi2_threshold": 13.931422665512084, "N_raw": 37, "N_roi": 37, "N_inlier": 37, "refit": true}
{"timestamp": "15:14:59.065037", "frame": 68, "mu": [1.1723390292122209, 3.3284518021397407, 0.7374395541121771], "Sigma": [[0.01973468948988122, -0.01564821821860103, -0.0013928519584936688], [-0.01564821821860103, 0.014049379622191509, -0.0017836169053854628], [-0.0013928519584936686, -0.0017836169053854626, 0.013929594800510798]], "chi2_level": 0.997, "chi2_df": 3, "chi2_threshold": 13.931422665512084, "N_raw": 31, "N_roi": 31, "N_inlier": 30, "refit": true}
{"timestamp": "15:14:59.131383", "frame": 69, "mu": [1.077107086211974, 3.2791253249324757, 0.716849890665951], "Sigma": [[0.029976968665747474, -0.020886241128080928, -0.009879430639834475], [-0.020886241128080928, 0.020125824711486374, -0.0032767607612338365], [-0.009879430639834475, -0.0032767607612338365, 0.0560085307185057]], "chi2_level": 0.997, "chi2_df": 3, "chi2_threshold": 13.931422665512084, "N_raw": 108, "N_roi": 108, "N_inlier": 107, "refit": true}
{"timestamp": "15:14:59.185903", "frame": 70, "mu": [1.0197971588820662, 3.2538565277893006, 0.7254014077079676], "Sigma": [[0.03515170545264279, -0.02471142445217373, 0.0017414833013831954], [-0.02471142445217373, 0.02622021132587534, -0.0033512105278037606], [0.0017414833013831951, -0.0033512105278037606, 0.011890543354019173]], "chi2_level": 0.997, "chi2_df": 3, "chi2_threshold": 13.931422665512084, "N_raw": 100, "N_roi": 97, "N_inlier": 96, "refit": true}
{"timestamp": "15:14:59.238039", "frame": 71, "mu": [0.9304162538209169, 3.199963750233593, 0.7681456132340476], "Sigma": [[0.020924930603105046, -0.010901744970099728, 0.0017503755572197278], [-0.010901744970099728, 0.008223722344434524, -0.007175319350444765], [0.0017503755572197272, -0.007175319350444765, 0.03161882549792019]], "chi2_level": 0.997, "chi2_df": 3, "chi2_threshold": 13.931422665512084, "N_raw": 76, "N_roi": 72, "N_inlier": 72, "refit": true}
{"timestamp": "15:14:59.294725", "frame": 72, "mu": [0.8625610390333596, 3.1614542749765384, 0.7980858600951617], "Sigma": [[0.021282909060297533, -0.008351652571444839, -0.0006558450107779506], [-0.008351652571444839, 0.005995810060194747, -0.007303938892178275], [-0.0006558450107779509, -0.007303938892178275, 0.051265826155343294]], "chi2_level": 0.997, "chi2_df": 3, "chi2_threshold": 13.931422665512084, "N_raw": 87, "N_roi": 82, "N_inlier": 80, "refit": true}
{"timestamp": "15:14:59.351473", "frame": 73, "mu": [0.7455673506913544, 3.338515566587009, -0.00934644249639676], "Sigma": [[0.023966228649763402, -0.02466718583997285, 0.06347196282112369], [-0.02466718583997285, 0.051572687993725747, -0.10704428157283866], [0.06347196282112369, -0.10704428157283866, 0.31467285105883713]], "chi2_level": 0.997, "chi2_df": 3, "chi2_threshold": 13.931422665512084, "N_raw": 97, "N_roi": 92, "N_inlier": 91, "refit": true}
{"timestamp": "15:14:59.410502", "frame": 74, "mu": [0.7478959772102028, 3.245572065745896, -0.5166060392888328], "Sigma": [[0.024998647263917616, -0.008183176392066286, 0.01430889482051835], [-0.008183176392066286, 0.026803392284866688, -0.010907509065812993], [0.01430889482051835, -0.010907509065812993, 0.11650642146002185]], "chi2_level": 0.997, "chi2_df": 3, "chi2_threshold": 13.931422665512084, "N_raw": 124, "N_roi": 117, "N_inlier": 116, "refit": true}
{"timestamp": "15:14:59.464168", "frame": 75, "mu": [0.7133618708895146, 3.0193983049368067, -0.5054505600795122], "Sigma": [[0.04223819399054213, -0.020491294719148165, 0.17201726684954746], [-0.020491294719148165, 0.02581837922065823, -0.10532992192609673], [0.17201726684954746, -0.10532992192609675, 1.0438895887333233]], "chi2_level": 0.997, "chi2_df": 3, "chi2_threshold": 13.931422665512084, "N_raw": 118, "N_roi": 115, "N_inlier": 115, "refit": true}
{"timestamp": "15:14:59.511830", "frame": 76, "mu": [0.6324032487624782, 2.9667272236417395, 0.9891803568068562], "Sigma": [[0.01640983084381844, -0.008895410136862078, -0.031899739669159516], [-0.008895410136862078, 0.01195468446816243, 0.009175819906735576], [-0.031899739669159516, 0.009175819906735574, 0.08508851164895867]], "chi2_level": 0.997, "chi2_df": 3, "chi2_threshold": 13.931422665512084, "N_raw": 71, "N_roi": 70, "N_inlier": 67, "refit": true}
{"timestamp": "15:14:59.570660", "frame": 77, "mu": [0.6602678630989923, 2.8952915798558525, 0.8756525393914731], "Sigma": [[0.019035125500162925, -0.007318023061815395, -0.009243811429067796], [-0.007318023061815395, 0.008992348235024617, -0.003297615101279642], [-0.009243811429067796, -0.003297615101279642, 0.03173821360403994]], "chi2_level": 0.997, "chi2_df": 3, "chi2_threshold": 13.931422665512084, "N_raw": 96, "N_roi": 94, "N_inlier": 91, "refit": true}
{"timestamp": "15:14:59.626969", "frame": 78, "mu": [0.5805065914069459, 2.8947660159068445, 0.9500123340965023], "Sigma": [[0.02791985937739096, -0.013182568490488242, -0.024617764122783523], [-0.013182568490488242, 0.014956275118673226, -0.002916717643516105], [-0.024617764122783523, -0.002916717643516106, 0.09234164418616608]], "chi2_level": 0.997, "chi2_df": 3, "chi2_threshold": 13.931422665512084, "N_raw": 103, "N_roi": 101, "N_inlier": 98, "refit": true}
{"timestamp": "15:14:59.680348", "frame": 79, "mu": [0.516796030755082, 2.9208313897582503, 0.9339736996342693], "Sigma": [[0.02056707686467974, -0.011241616332669412, -0.00960647810458579], [-0.01124161633266941, 0.009800870938313312, -0.00252040452062901], [-0.00960647810458579, -0.00252040452062901, 0.03489163532803863]], "chi2_level": 0.997, "chi2_df": 3, "chi2_threshold": 13.931422665512084, "N_raw": 96, "N_roi": 93, "N_inlier": 90, "refit": true}
{"timestamp": "15:14:59.735780", "frame": 80, "mu": [0.47070544950215676, 2.9097560242686784, 0.3105465467382906], "Sigma": [[0.022574103531207163, -0.009533117494367431, 0.04097152980526886], [-0.009533117494367433, 0.021744419432248717, -0.05541311286628159], [0.040971529805268865, -0.05541311286628159, 0.24129596683474236]], "chi2_level": 0.997, "chi2_df": 3, "chi2_threshold": 13.931422665512084, "N_raw": 98, "N_roi": 90, "N_inlier": 87, "refit": true}
{"timestamp": "15:14:59.795274", "frame": 81, "mu": [0.37647912496334784, 2.8296530087368668, 1.0562847137198665], "Sigma": [[0.024567314727936586, -0.010308451068919443, -0.0065358339481766], [-0.010308451068919443, 0.010816459275434129, -0.010472953266819535], [-0.0065358339481766, -0.010472953266819535, 0.1269104033395744]], "chi2_level": 0.997, "chi2_df": 3, "chi2_threshold": 13.931422665512084, "N_raw": 123, "N_roi": 123, "N_inlier": 120, "refit": true}
{"timestamp": "15:14:59.849659", "frame": 82, "mu": [0.32145605202259114, 2.8069126880020843, 1.0342691307046121], "Sigma": [[0.02242336406308149, -0.011951912460944077, -0.009997810555064827], [-0.011951912460944077, 0.013339668085863092, -0.006375539034211446], [-0.009997810555064827, -0.0063755390342114466, 0.09994948627411074]], "chi2_level": 0.997, "chi2_df": 3, "chi2_threshold": 13.931422665512084, "N_raw": 118, "N_roi": 116, "N_inlier": 115, "refit": true}
{"timestamp": "15:14:59.899954", "frame": 83, "mu": [0.2964175770433504, 2.7482780760834005, -0.45576956754435327], "Sigma": [[0.02134497932138179, -0.006702925679381931, 0.08255059069304835], [-0.00670292567938193, 0.007960718336514067, -0.03446864590892879], [0.08255059069304835, -0.03446864590892879, 0.8175556131988709]], "chi2_level": 0.997, "chi2_df": 3, "chi2_threshold": 13.931422665512084, "N_raw": 91, "N_roi": 91, "N_inlier": 90, "refit": true}
{"timestamp": "15:14:59.953957", "frame": 84, "mu": [0.246348858779546, 2.6721483451779395, 1.0681135091859617], "Sigma": [[0.017417006654893315, 0.0003330888120605058, -0.018718402473352803], [0.0003330888120605057, 0.0034198305258497184, -0.014361730969894397], [-0.018718402473352803, -0.0143617309698944, 0.15808713063325028]], "chi2_level": 0.997, "chi2_df": 3, "chi2_threshold": 13.931422665512084, "N_raw": 80, "N_roi": 77, "N_inlier": 74, "refit": true}
{"timestamp": "15:15:00.011005", "frame": 85, "mu": [0.14112966868809415, 2.634909020459564, 1.0507335141581804], "Sigma": [[0.014477660683760616, -0.0060372686921278795, -0.011689606789585302], [-0.0060372686921278795, 0.00846474072141402, -0.015622663822259337], [-0.011689606789585302, -0.015622663822259335, 0.14278478705041067]], "chi2_level": 0.997, "chi2_df": 3, "chi2_threshold": 13.931422665512084, "N_raw": 97, "N_roi": 97, "N_inlier": 95, "refit": true}
{"timestamp": "15:15:00.068531", "frame": 86, "mu": [0.0751176642250414, 2.646648145426162, 1.0654690148168764], "Sigma": [[0.017425915844028604, -0.009779130569480095, 0.0012977913217340925], [-0.009779130569480095, 0.01191321288574526, -0.014012673268622034], [0.0012977913217340922, -0.014012673268622032, 0.04029694887542209]], "chi2_level": 0.997, "chi2_df": 3, "chi2_threshold": 13.931422665512084, "N_raw": 112, "N_roi": 112, "N_inlier": 108, "refit": true}
{"timestamp": "15:15:00.120159", "frame": 87, "mu": [0.0965955288098518, 2.587323909585822, 0.9297264770761932], "Sigma": [[0.027843660213500883, -0.017570354780254805, 0.005188720080148407], [-0.017570354780254805, 0.014560166361341087, -0.007651817916994283], [0.005188720080148407, -0.007651817916994282, 0.013612560125606148]], "chi2_level": 0.997, "chi2_df": 3, "chi2_threshold": 13.931422665512084, "N_raw": 90, "N_roi": 90, "N_inlier": 86, "refit": true}
{"timestamp": "15:15:00.173176", "frame": 88, "mu": [0.12140791171259961, 2.4593561016577103, 1.1471029907440966], "Sigma": [[0.018287280439730515, -0.0026793466362433874, -0.02721599959510026], [-0.002679346636243388, 0.0027431572038099437, -0.0019112492824621807], [-0.02721599959510026, -0.0019112492824621807, 0.06682600768815755]], "chi2_level": 0.997, "chi2_df": 3, "chi2_threshold": 13.931422665512084, "N_raw": 79, "N_roi": 79, "N_inlier": 75, "refit": true}
{"timestamp": "15:15:00.228833", "frame": 89, "mu": [0.0033913856098103726, 2.5290775005579365, 1.006114132174402], "Sigma": [[0.020324377136315713, -0.01362696926713461, -0.004925230452317266], [-0.013626969267134609, 0.012651554410769778, 0.0002156066546863942], [-0.004925230452317266, 0.00021560665468639447, 0.0070954415855426]], "chi2_level": 0.997, "chi2_df": 3, "chi2_threshold": 13.931422665512084, "N_raw": 83, "N_roi": 83, "N_inlier": 80, "refit": true}
{"timestamp": "15:15:00.286309", "frame": 90, "mu": [0.002103832295929629, 2.421719066657074, 0.9681891649028185], "Sigma": [[0.018534920242263747, -0.01135787495392361, -0.0009292951143750467], [-0.01135787495392361, 0.009152107968997722, -0.003651614397576062], [-0.0009292951143750463, -0.003651614397576062, 0.026174372992073397]], "chi2_level": 0.997, "chi2_df": 3, "chi2_threshold": 13.931422665512084, "N_raw": 99, "N_roi": 99, "N_inlier": 95, "refit": true}
{"timestamp": "15:15:00.340680", "frame": 91, "mu": [-0.03477635258929598, 2.5349732039408996, -0.38095663896017146], "Sigma": [[0.015380909855578502, -0.00607829312116083, 0.008539502536282119], [-0.00607829312116083, 0.0077793440253035575, -0.014849916150633352], [0.008539502536282119, -0.014849916150633352, 0.03830978001359918]], "chi2_level": 0.997, "chi2_df": 3, "chi2_threshold": 13.931422665512084, "N_raw": 96, "N_roi": 96, "N_inlier": 91, "refit": true}
{"timestamp": "15:15:00.394670", "frame": 92, "mu": [-0.12945514536904482, 2.2809128466390196, 1.1447186742025983], "Sigma": [[0.009165599070965947, -0.001181856443536142, 0.006417587502270905], [-0.001181856443536142, 0.004608066347736536, 0.0009904983195083241], [0.006417587502270905, 0.0009904983195083246, 0.14066554346969115]], "chi2_level": 0.997, "chi2_df": 3, "chi2_threshold": 13.931422665512084, "N_raw": 87, "N_roi": 87, "N_inlier": 85, "refit": true}
{"timestamp": "15:15:00.447168", "frame": 93, "mu": [-0.25285101700927803, 2.2862150795834015, 0.7802288300180965], "Sigma": [[0.01836817634725412, -0.0007113156038578351, 0.025008711752412115], [-0.0007113156038578351, 0.0052580373360639875, 0.00638162951925611], [0.02500871175241211, 0.006381629519256108, 0.12373177300818852]], "chi2_level": 0.997, "chi2_df": 3, "chi2_threshold": 13.931422665512084, "N_raw": 72, "N_roi": 71, "N_inlier": 69, "refit": true}
{"timestamp": "15:15:00.506815", "frame": 94, "mu": [-0.23878948622829407, 2.252863518837558, 1.2310231802673934], "Sigma": [[0.013468366103577373, -0.006188698516154773, 0.002460504606838463], [-0.006188698516154773, 0.00917958447170418, -0.011996514611148305], [0.002460504606838463, -0.011996514611148305, 0.052965785784537665]], "chi2_level": 0.997, "chi2_df": 3, "chi2_threshold": 13.931422665512084, "N_raw": 106, "N_roi": 106, "N_inlier": 103, "refit": true}
{"timestamp": "15:15:00.566454", "frame": 95, "mu": [-0.33292102563587295, 2.1853587460666377, 1.07319694544395], "Sigma": [[0.01615439886000757, -0.005050413289434017, 0.009397044316856324], [-0.005050413289434017, 0.006562276435427305, -0.020057329308457085], [0.009397044316856323, -0.020057329308457085, 0.12608808483493858]], "chi2_level": 0.997, "chi2_df": 3, "chi2_threshold": 13.931422665512084, "N_raw": 133, "N_roi": 132, "N_inlier": 129, "refit": true}
{"timestamp": "15:15:00.615681", "frame": 96, "mu": [-0.3296548573591386, 2.088974547870076, 1.277353339651784], "Sigma": [[0.013247831214731437, 0.0021233871636143686, -0.018847024522340848], [0.0021233871636143686, 0.004355516011093986, -0.008866645791145863], [-0.018847024522340848, -0.008866645791145863, 0.05040998497724533]], "chi2_level": 0.997, "chi2_df": 3, "chi2_threshold": 13.931422665512084, "N_raw": 92, "N_roi": 92, "N_inlier": 88, "refit": true}
{"timestamp": "15:15:00.671284", "frame": 97, "mu": [-0.3561989404037384, 2.06467590535991, 1.2274550323963556], "Sigma": [[0.01646047378852028, 0.003086429450317205, -0.03578917835577122], [0.003086429450317205, 0.005876293370132522, -0.015523332351423532], [-0.03578917835577122, -0.015523332351423532, 0.2030680101959834]], "chi2_level": 0.997, "chi2_df": 3, "chi2_threshold": 13.931422665512084, "N_raw": 101, "N_roi": 101, "N_inlier": 98, "refit": true}
{"timestamp": "15:15:00.724938", "frame": 98, "mu": [-0.44106270189680724, 1.999638951551447, 1.3296919342887363], "Sigma": [[0.011720271189181283, 0.0011211234713007613, -0.018670330819795505], [0.0011211234713007613, 0.003746833975042105, -0.006394787542195473], [-0.0186703308197955, -0.006394787542195473, 0.045871573545952796]], "chi2_level": 0.997, "chi2_df": 3, "chi2_threshold": 13.931422665512084, "N_raw": 88, "N_roi": 88, "N_inlier": 83, "refit": true}
{"timestamp": "15:15:00.778052", "frame": 99, "mu": [-0.4854502524717588, 1.966609273185372, 1.3410870141778843], "Sigma": [[0.007441629305242898, -0.000113127330647079, -0.010609854766796068], [-0.00011312733064707911, 0.003649604907236252, -0.004145244800013839], [-0.010609854766796068, -0.004145244800013839, 0.034110151640258254]], "chi2_level": 0.997, "chi2_df": 3, "chi2_threshold": 13.931422665512084, "N_raw": 75, "N_roi": 75, "N_inlier": 70, "refit": true}
{"timestamp": "15:15:00.942699", "frame": 100, "mu": [-0.5070689114675788, 1.962340166264951, 1.3234023510480388], "Sigma": [[0.006397731160937957, -0.00041143856357386734, -0.0036827527774857247], [-0.00041143856357386767, 0.003601713738023502, -0.004727988900428356], [-0.0036827527774857247, -0.004727988900428356, 0.016482959901861646]], "chi2_level": 0.997, "chi2_df": 3, "chi2_threshold": 13.931422665512084, "N_raw": 70, "N_roi": 70, "N_inlier": 66, "refit": true}
{"timestamp": "15:15:00.968302", "frame": 101, "mu": [-0.5429085514461152, 1.841428638685125, 1.0493845320073094], "Sigma": [[0.011847399049467237, -0.003687929319442354, -0.04361399697293529], [-0.003687929319442354, 0.004745332849148978, 0.01670146400749627], [-0.04361399697293529, 0.01670146400749627, 0.2603316769737783]], "chi2_level": 0.997, "chi2_df": 3, "chi2_threshold": 13.931422665512084, "N_raw": 83, "N_roi": 83, "N_inlier": 82, "refit": true}
{"timestamp": "15:15:00.998101", "frame": 102, "mu": [-0.5808568290765185, 1.8034785951401089, 1.1207359160857662], "Sigma": [[0.009398957879842525, -0.0023736812320944776, -0.03301189364617514], [-0.002373681232094478, 0.009269793016252989, 0.02813253253171711], [-0.03301189364617514, 0.02813253253171711, 0.27477532865931037]], "chi2_level": 0.997, "chi2_df": 3, "chi2_threshold": 13.931422665512084, "N_raw": 101, "N_roi": 101, "N_inlier": 99, "refit": true}
{"timestamp": "15:15:01.028873", "frame": 103, "mu": [-0.6767980895850719, 1.8007853993856238, 0.8270149819652435], "Sigma": [[0.004750881529187115, -0.0011589270853014882, -0.017258997191834477], [-0.0011589270853014884, 0.012694049144527918, 0.03138370863463577], [-0.017258997191834477, 0.03138370863463577, 0.24474266216154725]], "chi2_level": 0.997, "chi2_df": 3, "chi2_threshold": 13.931422665512084, "N_raw": 36, "N_roi": 36, "N_inlier": 35, "refit": true}
{"timestamp": "15:15:01.060165", "frame": 104, "mu": [-0.6691012336487302, 1.7460416209979799, 1.1523677423538907], "Sigma": [[0.0068626884943817175, 0.0009351954565362813, -0.005511758986398962], [0.0009351954565362814, 0.008653172271578871, 0.020560285221618273], [-0.005511758986398961, 0.020560285221618277, 0.1451627085380757]], "chi2_level": 0.997, "chi2_df": 3, "chi2_threshold": 13.931422665512084, "N_raw": 90, "N_roi": 89, "N_inlier": 85, "refit": true}
{"timestamp": "15:15:01.111038", "frame": 105, "mu": [-0.8091321853253315, 1.6975823751022276, 1.328768974460936], "Sigma": [[0.00854336711090871, 0.002485070389742069, -0.017632553705102756], [0.002485070389742069, 0.004607484635185625, -0.013467956140920084], [-0.017632553705102756, -0.013467956140920084, 0.06919820111709364]], "chi2_level": 0.997, "chi2_df": 3, "chi2_threshold": 13.931422665512084, "N_raw": 95, "N_roi": 95, "N_inlier": 91, "refit": true}
{"timestamp": "15:15:01.163109", "frame": 106, "mu": [-0.7754305639601129, 1.6950069155592802, 1.1679504716621805], "Sigma": [[0.005504375701279852, 0.0011231568549163844, -0.011070947245480842], [0.0011231568549163844, 0.006391835351210836, -0.029675719462986815], [-0.011070947245480842, -0.029675719462986815, 0.2297791916002271]], "chi2_level": 0.997, "chi2_df": 3, "chi2_threshold": 13.931422665512084, "N_raw": 78, "N_roi": 78, "N_inlier": 76, "refit": true}
{"timestamp": "15:15:01.221096", "frame": 107, "mu": [-0.8075030921133217, 1.6028345051912989, 1.0719825457996641], "Sigma": [[0.013362038213417278, 0.0044900029716774086, 0.02080489922340132], [0.0044900029716774086, 0.00923948052204587, 0.028586164856776203], [0.020804899223401317, 0.028586164856776196, 0.24658765444085096]], "chi2_level": 0.997, "chi2_df": 3, "chi2_threshold": 13.931422665512084, "N_raw": 101, "N_roi": 101, "N_inlier": 99, "refit": true}
{"timestamp": "15:15:01.270728", "frame": 108, "mu": [-0.8459623927180882, 1.5668804047245226, 1.3757382157785045], "Sigma": [[0.02883321557200928, 0.014783188057045722, -0.029865031659131458], [0.014783188057045722, 0.013169090835238517, -0.02201353071953463], [-0.029865031659131458, -0.02201353071953463, 0.04825840740008381]], "chi2_level": 0.997, "chi2_df": 3, "chi2_threshold": 13.931422665512084, "N_raw": 66, "N_roi": 66, "N_inlier": 59, "refit": true}
{"timestamp": "15:15:01.323202", "frame": 109, "mu": [-0.9638624592986957, 1.490187439551718, 1.229044131342093], "Sigma": [[0.03855869078562134, 0.027455278909064587, -0.07389573380500547], [0.027455278909064587, 0.024076774244446604, -0.05735379357773685], [-0.07389573380500547, -0.05735379357773685, 0.3315346623756395]], "chi2_level": 0.997, "chi2_df": 3, "chi2_threshold": 13.931422665512084, "N_raw": 42, "N_roi": 42, "N_inlier": 41, "refit": true}
{"timestamp": "15:15:01.380090", "frame": 110, "mu": [-0.9904509495730492, 1.5022371659381244, 1.4070367339107082], "Sigma": [[0.0045018609895129515, 0.0011331276471127256, -0.0058410808288839565], [0.0011331276471127256, 0.004400110951698617, -0.009381240177457645], [-0.0058410808288839565, -0.009381240177457645, 0.024769676955380834]], "chi2_level": 0.997, "chi2_df": 3, "chi2_threshold": 13.931422665512084, "N_raw": 64, "N_roi": 64, "N_inlier": 60, "refit": true}
{"timestamp": "15:15:01.436562", "frame": 111, "mu": [-1.1455911913344223, 1.3691849482602154, -0.09524020941288694], "Sigma": [[0.02803453964702668, 0.0204664286650916, -0.0018459702255631436], [0.0204664286650916, 0.02304075418322244, 0.0010520447265221985], [-0.0018459702255631438, 0.0010520447265221985, 0.015786181271970783]], "chi2_level": 0.997, "chi2_df": 3, "chi2_threshold": 13.931422665512084, "N_raw": 76, "N_roi": 76, "N_inlier": 76, "refit": true}
{"timestamp": "15:15:01.488480", "frame": 112, "mu": [-1.2053347281624243, 1.2503458160853471, 1.6271892573952904], "Sigma": [[0.04908843641383692, 0.030859622284611178, -0.04556556741693775], [0.030859622284611178, 0.023191768061384743, -0.03198638113854772], [-0.04556556741693775, -0.031986381138547716, 0.0523382932431147]], "chi2_level": 0.997, "chi2_df": 3, "chi2_threshold": 13.931422665512084, "N_raw": 51, "N_roi": 51, "N_inlier": 51, "refit": true}
{"timestamp": "15:15:01.544627", "frame": 113, "mu": [-1.3453198707068084, 1.1480849181951274, 1.7522716126806883], "Sigma": [[0.013746103604212684, 0.009299820189322891, -0.008932594578757676], [0.009299820189322891, 0.011505696873951051, -0.011025492548301739], [-0.008932594578757677, -0.011025492548301739, 0.014152464632864835]], "chi2_level": 0.997, "chi2_df": 3, "chi2_threshold": 13.931422665512084, "N_raw": 63, "N_roi": 62, "N_inlier": 60, "refit": true}
{"timestamp": "15:15:01.603501", "frame": 114, "mu": [-1.3259881121601773, 1.1577698743706781, 1.6105875382925687], "Sigma": [[0.01339057696660935, 0.007585489591437622, -0.007379079756246274], [0.007585489591437621, 0.011702688685276817, -0.009244803598770713], [-0.007379079756246274, -0.009244803598770713, 0.008118407793058984]], "chi2_level": 0.997, "chi2_df": 3, "chi2_threshold": 13.931422665512084, "N_raw": 88, "N_roi": 88, "N_inlier": 88, "refit": true}
{"timestamp": "15:15:01.650750", "frame": 115, "mu": [-1.3429683404810562, 1.0719326103632747, 1.444030999938053], "Sigma": [[0.011698666854264501, 0.007417920550732369, -0.03028347455038662], [0.007417920550732369, 0.008253200868846611, -0.029842503068377282], [-0.03028347455038662, -0.02984250306837728, 0.23311493230691113]], "chi2_level": 0.997, "chi2_df": 3, "chi2_threshold": 13.931422665512084, "N_raw": 29, "N_roi": 29, "N_inlier": 29, "refit": true}
{"timestamp": "15:15:01.709953", "frame": 116, "mu": [-1.4005256345268675, 1.0209823303280623, 1.6176073980937489], "Sigma": [[0.009654395127479848, 0.002617646954474304, -0.0015666393750312397], [0.002617646954474304, 0.006642534500352105, -0.0049428433100535685], [-0.0015666393750312397, -0.0049428433100535685, 0.004409180683293794]], "chi2_level": 0.997, "chi2_df": 3, "chi2_threshold": 13.931422665512084, "N_raw": 66, "N_roi": 66, "N_inlier": 63, "refit": true}
