{"timestamp": "15:54:24.859855", "frame": 33, "mu": [1.7940046673272896, 0.5268195888064058, 1.2413411318024037], "Sigma": [[0.003906660076360784, -0.0014165383729869358, -0.0004906301905040914], [-0.0014165383729869358, 0.009852961891219791, -0.00192117315917736], [-0.0004906301905040914, -0.0019211731591773599, 0.0010227307400092576]], "chi2_level": 0.997, "chi2_df": 3, "chi2_threshold": 13.931422665512084, "N_raw": 20, "N_roi": 20, "N_inlier": 19, "refit": true}
{"timestamp": "15:54:24.915610", "frame": 34, "mu": [1.7609778189713636, 0.5484516789604984, 1.3069336777553597], "Sigma": [[0.002163008914767845, -0.001143290335313355, -0.0025197984871482494], [-0.0011432903353133547, 0.004055471635266838, 7.720188210945579e-05], [-0.002519798487148249, 7.720188210945584e-05, 0.0049368392389440375]], "chi2_level": 0.997, "chi2_df": 3, "chi2_threshold": 13.931422665512084, "N_raw": 11, "N_roi": 11, "N_inlier": 10, "refit": true}
{"timestamp": "15:54:25.025967", "frame": 36, "mu": [1.7041531154149647, 0.5793249374018044, 1.3612013730663817], "Sigma": [[0.005204237450879514, -0.004542684064529838, -0.005950612014790382], [-0.004542684064529837, 0.008880196297129873, 0.006434995142649895], [-0.005950612014790382, 0.006434995142649896, 0.014662980451864044]], "chi2_level": 0.997, "chi2_df": 3, "chi2_threshold": 13.931422665512084, "N_raw": 14, "N_roi": 14, "N_inlier": 14, "refit": true}
{"timestamp": "15:54:25.135057", "frame": 38, "mu": [1.5847498065331806, 0.6410868911700927, 1.2021397179011806], "Sigma": [[0.0015234131591633931, -0.0008419633553253212, 0.0013240151212884274], [-0.0008419633553253212, 0.010956246293154259, -0.014567887795616088], [0.0013240151212884274, -0.014567887795616087, 0.024538777092032598]], "chi2_level": 0.997, "chi2_df": 3, "chi2_threshold": 13.931422665512084, "N_raw": 11, "N_roi": 11, "N_inlier": 11, "refit": true}
{"timestamp": "15:54:25.192341", "frame": 39, "mu": [1.5517312702729107, 0.6211340434391086, 1.3090715529621353], "Sigma": [[0.003689167686414508, -0.0019391102496771416, -0.00040151338091349437], [-0.0019391102496771416, 0.010837016359958101, -0.012398035938031515], [-0.00040151338091349415, -0.012398035938031515, 0.032441795541793175]], "chi2_level": 0.997, "chi2_df": 3, "chi2_threshold": 13.931422665512084, "N_raw": 23, "N_roi": 23, "N_inlier": 23, "refit": true}
{"timestamp": "15:54:25.246053", "frame": 40, "mu": [1.5261862753498603, 0.6295572072659282, 1.2889590029826408], "Sigma": [[0.0038125938989683576, -0.005232667490709929, 0.004335556388420926], [-0.005232667490709929, 0.015800026027576495, -0.018852727227243123], [0.004335556388420926, -0.018852727227243123, 0.0428240368982647]], "chi2_level": 0.997, "chi2_df": 3, "chi2_threshold": 13.931422665512084, "N_raw": 15, "N_roi": 15, "N_inlier": 15, "refit": true}
{"timestamp": "15:54:25.301617", "frame": 41, "mu": [1.4562339668328612, 0.6147208188905751, 1.0569394358466775], "Sigma": [[0.004021402666950638, -0.004725463360301973, 0.002012701756441364], [-0.004725463360301973, 0.019359084099906887, -0.027723500471374656], [0.002012701756441364, -0.02772350047137466, 0.09153403671564313]], "chi2_level": 0.997, "chi2_df": 3, "chi2_threshold": 13.931422665512084, "N_raw": 10, "N_roi": 10, "N_inlier": 10, "refit": true}
{"timestamp": "15:54:25.465963", "frame": 44, "mu": [1.259308124418674, 0.7531281655969039, 1.0409412038106594], "Sigma": [[0.006518555015208463, -0.0034961069183774202, -0.0027039780912660417], [-0.003496106918377421, 0.016752502138006456, -0.03897461243291343], [-0.0027039780912660417, -0.03897461243291343, 0.12491990774757943]], "chi2_level": 0.997, "chi2_df": 3, "chi2_threshold": 13.931422665512084, "N_raw": 16, "N_roi": 16, "N_inlier": 16, "refit": true}
{"timestamp": "15:54:25.522961", "frame": 45, "mu": [1.2546233299561718, 0.6180530367730103, 1.3441329366718764], "Sigma": [[0.006905760251179124, -0.003970839690172022, -0.005266643909821798], [-0.003970839690172022, 0.006778511512812091, -0.006103170497940162], [-0.005266643909821798, -0.006103170497940162, 0.04754665153365421]], "chi2_level": 0.997, "chi2_df": 3, "chi2_threshold": 13.931422665512084, "N_raw": 29, "N_roi": 29, "N_inlier": 29, "refit": true}
{"timestamp": "15:54:25.634073", "frame": 47, "mu": [1.0786159735358358, 0.7245039623031344, 1.2269186573412385], "Sigma": [[0.003863033649182076, -0.0004586641730334699, -0.0076025707949609125], [-0.0004586641730334698, 0.015196347732809472, -0.03602826336880422], [-0.0076025707949609125, -0.03602826336880422, 0.11804396812122399]], "chi2_level": 0.997, "chi2_df": 3, "chi2_threshold": 13.931422665512084, "N_raw": 36, "N_roi": 36, "N_inlier": 36, "refit": true}
{"timestamp": "15:54:25.689674", "frame": 48, "mu": [0.9870205013434563, 0.6915713526045423, 1.527201423802647], "Sigma": [[0.004086021894896634, -0.0014567273015298572, -0.0028324097344589625], [-0.0014567273015298572, 0.003404157810420098, -0.00013220843321536953], [-0.0028324097344589625, -0.0001322084332153696, 0.003153046205641501]], "chi2_level": 0.997, "chi2_df": 3, "chi2_threshold": 13.931422665512084, "N_raw": 34, "N_roi": 34, "N_inlier": 31, "refit": true}
{"timestamp": "15:54:25.745080", "frame": 49, "mu": [1.0071195857745239, 0.6384074856768359, 1.4585983423013096], "Sigma": [[0.011813439721308588, -0.00739669101699195, -0.00790335527308695], [-0.00739669101699195, 0.006793913134765077, 0.0038427372620273904], [-0.00790335527308695, 0.0038427372620273904, 0.0063019201060005815]], "chi2_level": 0.997, "chi2_df": 3, "chi2_threshold": 13.931422665512084, "N_raw": 42, "N_roi": 42, "N_inlier": 38, "refit": true}
{"timestamp": "15:54:25.799204", "frame": 50, "mu": [0.9387057040494499, 0.768075085877963, 1.1067555916977188], "Sigma": [[0.005820340332085976, -0.0003327459780876209, -0.019417261634545956], [-0.00033274597808762095, 0.009191626362382119, -0.013711322355152947], [-0.019417261634545956, -0.013711322355152947, 0.15695679610606986]], "chi2_level": 0.997, "chi2_df": 3, "chi2_threshold": 13.931422665512084, "N_raw": 36, "N_roi": 36, "N_inlier": 34, "refit": true}
{"timestamp": "15:54:25.854267", "frame": 51, "mu": [0.8518682379337708, 0.7132959359135885, 1.466168454799602], "Sigma": [[0.00878247921447326, -0.003787764095382725, -0.007982858038357165], [-0.003787764095382725, 0.003426714411369364, 0.002465074371869139], [-0.007982858038357167, 0.0024650743718691386, 0.009533905205790621]], "chi2_level": 0.997, "chi2_df": 3, "chi2_threshold": 13.931422665512084, "N_raw": 32, "N_roi": 32, "N_inlier": 30, "refit": true}
{"timestamp": "15:54:25.911622", "frame": 52, "mu": [0.7765723469251148, 0.7214356578015239, 1.516174303130324], "Sigma": [[0.0051082316083415754, -0.0004240976816974329, -0.00732805059872293], [-0.0004240976816974328, 0.0021928031638566606, -0.0011027573870680636], [-0.00732805059872293, -0.0011027573870680636, 0.012823627884421375]], "chi2_level": 0.997, "chi2_df": 3, "chi2_threshold": 13.931422665512084, "N_raw": 39, "N_roi": 39, "N_inlier": 37, "refit": true}
{"timestamp": "15:54:25.965240", "frame": 53, "mu": [0.7352988932965664, 0.7655127810108682, -0.33238973558333695], "Sigma": [[0.003253155351412248, 0.0016966033924794132, 0.0007840834999309797], [0.0016966033924794132, 0.00202114810152354, -0.00042803485355016803], [0.0007840834999309797, -0.00042803485355016814, 0.00985781458631493]], "chi2_level": 0.997, "chi2_df": 3, "chi2_threshold": 13.931422665512084, "N_raw": 44, "N_roi": 44, "N_inlier": 42, "refit": true}
{"timestamp": "15:54:26.018837", "frame": 54, "mu": [0.6879326199183912, 0.7459531842519244, -0.35938265819386744], "Sigma": [[0.003179168340382652, 0.0012118878424818497, 0.0008761569189542215], [0.0012118878424818495, 0.0016545909389706144, 0.00010138413281862913], [0.0008761569189542218, 0.00010138413281862919, 0.009282982445758]], "chi2_level": 0.997, "chi2_df": 3, "chi2_threshold": 13.931422665512084, "N_raw": 40, "N_roi": 40, "N_inlier": 37, "refit": true}
{"timestamp": "15:54:26.073409", "frame": 55, "mu": [0.6498586525575307, 0.7087857316196694, 1.5148259920152447], "Sigma": [[0.003392232304196639, -0.0004733858001382934, -0.00519388611302331], [-0.0004733858001382934, 0.0016138360584219246, -0.0005234048983985131], [-0.0051938861130233095, -0.0005234048983985132, 0.01072485313091034]], "chi2_level": 0.997, "chi2_df": 3, "chi2_threshold": 13.931422665512084, "N_raw": 32, "N_roi": 32, "N_inlier": 30, "refit": true}
{"timestamp": "15:54:26.127092", "frame": 56, "mu": [0.624264169900163, 0.7067828604548791, 1.2873700518968445], "Sigma": [[0.005313325728911481, -0.003145842844394161, -0.01260650241056421], [-0.0031458428443941616, 0.0034654915733856075, 0.0050667082633427], [-0.012606502410564213, 0.0050667082633427014, 0.2584255077355131]], "chi2_level": 0.997, "chi2_df": 3, "chi2_threshold": 13.931422665512084, "N_raw": 22, "N_roi": 22, "N_inlier": 21, "refit": true}
{"timestamp": "15:54:26.185878", "frame": 57, "mu": [0.5679954318242179, 0.7366356983216736, 1.3438828434768582], "Sigma": [[0.002816870945120632, -0.001562877194375368, -0.000352799441708898], [-0.0015628771943753683, 0.0037268049094630975, -0.012060517309656082], [-0.0003527994417088981, -0.012060517309656082, 0.11748601969732202]], "chi2_level": 0.997, "chi2_df": 3, "chi2_threshold": 13.931422665512084, "N_raw": 53, "N_roi": 53, "N_inlier": 50, "refit": true}
{"timestamp": "15:54:26.241386", "frame": 58, "mu": [0.5214552222753059, 0.713307804680815, 1.5317465862450366], "Sigma": [[0.004021369460784853, -0.00011312221341824955, -0.0003646188308724001], [-0.0001131222134182496, 0.0019728593108215694, -0.0027315321904669166], [-0.0003646188308723999, -0.002731532190466917, 0.030806780987885106]], "chi2_level": 0.997, "chi2_df": 3, "chi2_threshold": 13.931422665512084, "N_raw": 49, "N_roi": 49, "N_inlier": 46, "refit": true}
{"timestamp": "15:54:26.296762", "frame": 59, "mu": [0.5396131066562592, 0.6891703874599594, 1.510616912657766], "Sigma": [[0.004483920863760836, -0.00035244791671109027, -0.001224247018134039], [-0.00035244791671109027, 0.0012348638066841879, -0.002436761942184392], [-0.0012242470181340391, -0.002436761942184392, 0.012852969020386603]], "chi2_level": 0.997, "chi2_df": 3, "chi2_threshold": 13.931422665512084, "N_raw": 58, "N_roi": 56, "N_inlier": 54, "refit": true}
{"timestamp": "15:54:26.351386", "frame": 60, "mu": [0.45922205647072395, 0.7322834681807651, 1.540298213058871], "Sigma": [[0.002705492019213266, -3.908112982140389e-05, -0.0005097870717390325], [-3.908112982140389e-05, 0.001238307796530764, -0.002255007185209608], [-0.0005097870717390326, -0.002255007185209608, 0.006959684305748637]], "chi2_level": 0.997, "chi2_df": 3, "chi2_threshold": 13.931422665512084, "N_raw": 51, "N_roi": 51, "N_inlier": 49, "refit": true}
{"timestamp": "15:54:26.410090", "frame": 61, "mu": [0.430434549196382, 0.7444986929358907, 1.4174832967746012], "Sigma": [[0.0029445923425053216, -0.00036739477645876415, 0.001751090167574855], [-0.00036739477645876415, 0.0033132502148284356, -0.0042944300648431535], [0.0017510901675748553, -0.0042944300648431535, 0.06275338327860708]], "chi2_level": 0.997, "chi2_df": 3, "chi2_threshold": 13.931422665512084, "N_raw": 81, "N_roi": 81, "N_inlier": 81, "refit": true}
{"timestamp": "15:54:26.462204", "frame": 62, "mu": [0.3812972949455922, 0.7959262609398837, 1.3451899644426533], "Sigma": [[0.0015437734464345016, -0.00024201613020138096, -0.0021963910245866953], [-0.00024201613020138104, 0.0038229026051314957, -0.008290380768398008], [-0.0021963910245866953, -0.008290380768398008, 0.031076610018277627]], "chi2_level": 0.997, "chi2_df": 3, "chi2_threshold": 13.931422665512084, "N_raw": 55, "N_roi": 55, "N_inlier": 55, "refit": true}
{"timestamp": "15:54:26.516502", "frame": 63, "mu": [0.3195302832086262, 0.7294789043916857, 1.3923424161469875], "Sigma": [[0.001213412760650425, -0.0003818782354721986, -0.0006591640479365088], [-0.0003818782354721987, 0.000810787053046112, -0.0007719073345766507], [-0.0006591640479365088, -0.0007719073345766507, 0.021701227899848748]], "chi2_level": 0.997, "chi2_df": 3, "chi2_threshold": 13.931422665512084, "N_raw": 52, "N_roi": 52, "N_inlier": 50, "refit": true}
{"timestamp": "15:54:26.571998", "frame": 64, "mu": [0.2574019511031703, 0.7326917367309831, 1.2315517913800835], "Sigma": [[0.001643540480914728, -0.000715695700205227, 0.0028455580021671065], [-0.000715695700205227, 0.0017075712340780126, 0.0031554711869460385], [0.0028455580021671065, 0.003155471186946038, 0.05398588486933871]], "chi2_level": 0.997, "chi2_df": 3, "chi2_threshold": 13.931422665512084, "N_raw": 61, "N_roi": 61, "N_inlier": 59, "refit": true}
{"timestamp": "15:54:26.630596", "frame": 65, "mu": [0.23549409653588882, 0.7826423496033312, 1.3151119904852935], "Sigma": [[0.0020788376449588936, -0.0013782073647203557, 0.0022256858393770672], [-0.0013782073647203555, 0.004165722177419231, -0.008942102019834227], [0.0022256858393770672, -0.008942102019834227, 0.034247583954234176]], "chi2_level": 0.997, "chi2_df": 3, "chi2_threshold": 13.931422665512084, "N_raw": 77, "N_roi": 76, "N_inlier": 73, "refit": true}
{"timestamp": "15:54:26.682145", "frame": 66, "mu": [0.19293226738599906, 0.7218539498174428, 1.1928844881635918], "Sigma": [[0.0033018653185087673, -0.0017271523140694285, 0.01465116985497173], [-0.0017271523140694285, 0.0029213432782269257, -0.0058715990678039846], [0.014651169854971727, -0.0058715990678039846, 0.14249936098282823]], "chi2_level": 0.997, "chi2_df": 3, "chi2_threshold": 13.931422665512084, "N_raw": 51, "N_roi": 48, "N_inlier": 46, "refit": true}
{"timestamp": "15:54:26.736714", "frame": 67, "mu": [0.09787791601818582, 0.7811448305060538, 1.466454554645516], "Sigma": [[0.000823141527159964, -0.0001904185913375515, 0.0014083137198847716], [-0.0001904185913375515, 0.0015830701885388187, -0.0030796652295364173], [0.0014083137198847718, -0.0030796652295364177, 0.022767508284033233]], "chi2_level": 0.997, "chi2_df": 3, "chi2_threshold": 13.931422665512084, "N_raw": 50, "N_roi": 50, "N_inlier": 47, "refit": true}
{"timestamp": "15:54:26.791202", "frame": 68, "mu": [0.08475443216640415, 0.756509840781673, 1.4988924810524642], "Sigma": [[0.0017730558858678914, -5.241327130098336e-05, -0.0025029694895947743], [-5.241327130098331e-05, 0.0011210128692811991, -0.0010019379817560006], [-0.0025029694895947743, -0.0010019379817560003, 0.006687682950080473]], "chi2_level": 0.997, "chi2_df": 3, "chi2_threshold": 13.931422665512084, "N_raw": 53, "N_roi": 53, "N_inlier": 51, "refit": true}
{"timestamp": "15:54:26.849393", "frame": 69, "mu": [0.04313131853551687, 0.7425167174804851, 1.3888706981727506], "Sigma": [[0.0018419317180928022, 0.00023101294632842925, -0.00032768116063556943], [0.00023101294632842928, 0.00541629792940363, -0.0025131519253972787], [-0.0003276811606355693, -0.0025131519253972787, 0.0016775743219185925]], "chi2_level": 0.997, "chi2_df": 3, "chi2_threshold": 13.931422665512084, "N_raw": 72, "N_roi": 72, "N_inlier": 70, "refit": true}
{"timestamp": "15:54:26.905339", "frame": 70, "mu": [-0.03870444792439578, 0.7682559817538894, 1.4661451934403162], "Sigma": [[0.001602114310105424, -0.0004896733155257849, -0.0005223045271891146], [-0.0004896733155257849, 0.0009117224607863159, -0.0020034929504612496], [-0.0005223045271891148, -0.0020034929504612496, 0.011185950595026502]], "chi2_level": 0.997, "chi2_df": 3, "chi2_threshold": 13.931422665512084, "N_raw": 72, "N_roi": 72, "N_inlier": 66, "refit": true}
{"timestamp": "15:54:26.957571", "frame": 71, "mu": [-0.10742576089572406, 0.7767609486123728, 1.5421372961518347], "Sigma": [[0.0013666143868045408, -0.00013720836600761096, 0.0004288150939162342], [-0.00013720836600761098, 0.0028505848601831293, -0.002089710679104459], [0.0004288150939162343, -0.002089710679104459, 0.0018151838082545969]], "chi2_level": 0.997, "chi2_df": 3, "chi2_threshold": 13.931422665512084, "N_raw": 58, "N_roi": 58, "N_inlier": 56, "refit": true}
{"timestamp": "15:54:27.014124", "frame": 72, "mu": [-0.1483682701607664, 0.7921578266110239, 1.5804017400855797], "Sigma": [[0.0017893271290931403, -0.00011213943422515058, 8.920769619813758e-05], [-0.00011213943422515052, 0.00339397689128327, -0.001964897465358995], [8.920769619813755e-05, -0.001964897465358995, 0.0012831815367119637]], "chi2_level": 0.997, "chi2_df": 3, "chi2_threshold": 13.931422665512084, "N_raw": 67, "N_roi": 67, "N_inlier": 64, "refit": true}
{"timestamp": "15:54:27.068614", "frame": 73, "mu": [-0.21201020477310856, 0.7825770067219576, 1.5725645886826671], "Sigma": [[0.002005406722410284, -0.0012632562120811002, -0.001029552547255711], [-0.0012632562120811004, 0.003734236527291412, -0.0010697002866384116], [-0.001029552547255711, -0.0010697002866384116, 0.0033224493169907725]], "chi2_level": 0.997, "chi2_df": 3, "chi2_threshold": 13.931422665512084, "N_raw": 65, "N_roi": 65, "N_inlier": 62, "refit": true}
{"timestamp": "15:54:27.126645", "frame": 74, "mu": [-0.24834061058433468, 0.8201446570273633, 1.564825106220057], "Sigma": [[0.002947534149647279, -0.0006056650901620779, -0.0009552739537570687], [-0.0006056650901620779, 0.0035731037926459873, -0.0027837969937545798], [-0.0009552739537570687, -0.0027837969937545798, 0.00432764980265874]], "chi2_level": 0.997, "chi2_df": 3, "chi2_threshold": 13.931422665512084, "N_raw": 88, "N_roi": 88, "N_inlier": 84, "refit": true}
{"timestamp": "15:54:27.176649", "frame": 75, "mu": [-0.3303908253829754, 0.9114816295094406, -0.2087407356902058], "Sigma": [[0.0014175626382262293, 0.0003207661944930468, 0.00027306370687500854], [0.0003207661944930469, 0.004968743453165674, -0.0005541247660265008], [0.0002730637068750086, -0.0005541247660265009, 0.004432533668775123]], "chi2_level": 0.997, "chi2_df": 3, "chi2_threshold": 13.931422665512084, "N_raw": 52, "N_roi": 52, "N_inlier": 49, "refit": true}
{"timestamp": "15:54:27.234978", "frame": 76, "mu": [-0.3282946552357811, 0.8114366004770602, 1.5522704036023283], "Sigma": [[0.002884302720554737, -0.0012283105927756667, -0.0007418584760248768], [-0.0012283105927756665, 0.0026641754524922064, -0.00201935061840133], [-0.0007418584760248768, -0.00201935061840133, 0.0030180905133666267]], "chi2_level": 0.997, "chi2_df": 3, "chi2_threshold": 13.931422665512084, "N_raw": 70, "N_roi": 69, "N_inlier": 67, "refit": true}
{"timestamp": "15:54:27.289930", "frame": 77, "mu": [-0.35251023427207506, 0.8412416571730319, 1.5079954142493208], "Sigma": [[0.0034256471375906272, -0.002186654213304726, -0.0031600840996151747], [-0.002186654213304726, 0.00401813119668397, -0.00036112739050035865], [-0.0031600840996151743, -0.00036112739050035876, 0.006189388397687598]], "chi2_level": 0.997, "chi2_df": 3, "chi2_threshold": 13.931422665512084, "N_raw": 75, "N_roi": 75, "N_inlier": 72, "refit": true}
{"timestamp": "15:54:27.344028", "frame": 78, "mu": [-0.44251802973768406, 0.7134604355161277, 1.3877467552805125], "Sigma": [[0.0028403370255860394, -0.0008543268783808024, 0.0004497878163170183], [-0.0008543268783808024, 0.0006946958104240558, -0.0008126671298025678], [0.0004497878163170183, -0.0008126671298025678, 0.007199064220920573]], "chi2_level": 0.997, "chi2_df": 3, "chi2_threshold": 13.931422665512084, "N_raw": 63, "N_roi": 63, "N_inlier": 58, "refit": true}
{"timestamp": "15:54:27.399095", "frame": 79, "mu": [-0.48324524494410415, 0.8774154597653014, 1.5167189716465668], "Sigma": [[0.0027917416332612086, -0.000654894241972585, -0.00048181934846501165], [-0.000654894241972585, 0.00397906671936913, -0.0015742288948824915], [-0.00048181934846501154, -0.0015742288948824915, 0.004811683646210337]], "chi2_level": 0.997, "chi2_df": 3, "chi2_threshold": 13.931422665512084, "N_raw": 64, "N_roi": 64, "N_inlier": 60, "refit": true}
{"timestamp": "15:54:27.446518", "frame": 80, "mu": [-0.49999652438614167, 0.9051716826070466, 1.461270933423884], "Sigma": [[0.0012676417530809994, -0.0015762011453462385, -0.006308856277926658], [-0.0015762011453462385, 0.008619470451870493, 0.004667791499779728], [-0.006308856277926659, 0.004667791499779728, 0.04858551466885585]], "chi2_level": 0.997, "chi2_df": 3, "chi2_threshold": 13.931422665512084, "N_raw": 16, "N_roi": 16, "N_inlier": 15, "refit": true}
{"timestamp": "15:54:27.510704", "frame": 81, "mu": [-0.5840958926393566, 0.8752424702727456, 1.47130835718261], "Sigma": [[0.0034001401419235305, -0.0022136276339211796, 0.0001913658680913758], [-0.0022136276339211796, 0.009705255886031076, -0.0019828928240198567], [0.0001913658680913758, -0.0019828928240198562, 0.001334650685554113]], "chi2_level": 0.997, "chi2_df": 3, "chi2_threshold": 13.931422665512084, "N_raw": 77, "N_roi": 77, "N_inlier": 76, "refit": true}
{"timestamp": "15:54:27.558161", "frame": 82, "mu": [-0.5641248282111795, 0.9794038678578066, 1.1552962984910133], "Sigma": [[0.0030708787430835435, 0.001260601661379758, -0.009721333649617202], [0.0012606016613797577, 0.006574977929361655, -0.0017930615653774923], [-0.0097213336496172, -0.0017930615653774925, 0.15154321374709112]], "chi2_level": 0.997, "chi2_df": 3, "chi2_threshold": 13.931422665512084, "N_raw": 18, "N_roi": 18, "N_inlier": 17, "refit": true}
{"timestamp": "15:54:27.617203", "frame": 83, "mu": [-0.6621029299928961, 0.9576751040943963, 1.5016180950580627], "Sigma": [[0.004378199978443217, 0.00060305529771359, -0.010192121031503649], [0.00060305529771359, 0.007807646588483063, -0.008694830949642754], [-0.010192121031503649, -0.008694830949642754, 0.03993567640195794]], "chi2_level": 0.997, "chi2_df": 3, "chi2_threshold": 13.931422665512084, "N_raw": 60, "N_roi": 60, "N_inlier": 58, "refit": true}
{"timestamp": "15:54:27.673978", "frame": 84, "mu": [-0.86454965186996, 0.8698025563160909, 1.6746152608599534], "Sigma": [[0.025078290380812406, 0.008346391463286666, -0.021677673784902506], [0.008346391463286666, 0.009064189674914696, -0.005202612461332098], [-0.021677673784902506, -0.005202612461332098, 0.034582971590679065]], "chi2_level": 0.997, "chi2_df": 3, "chi2_threshold": 13.931422665512084, "N_raw": 70, "N_roi": 70, "N_inlier": 68, "refit": true}
{"timestamp": "15:54:27.733613", "frame": 85, "mu": [-0.9000194287259734, 0.8562017010943602, 1.5913377928898405], "Sigma": [[0.026172951649586156, 0.0027625567722429903, -0.03464865794324208], [0.0027625567722429903, 0.009855133501324696, -0.0010780378366874463], [-0.03464865794324209, -0.0010780378366874465, 0.07360682553804296]], "chi2_level": 0.997, "chi2_df": 3, "chi2_threshold": 13.931422665512084, "N_raw": 102, "N_roi": 102, "N_inlier": 99, "refit": true}
{"timestamp": "15:54:27.787487", "frame": 86, "mu": [-0.9286522216371522, 0.8439352942189112, 1.5616870665613638], "Sigma": [[0.0278190060245071, 0.004403899036057258, -0.042541344883532006], [0.004403899036057258, 0.010266678988173425, -0.008047370050036742], [-0.042541344883532006, -0.008047370050036742, 0.08890257458318795]], "chi2_level": 0.997, "chi2_df": 3, "chi2_threshold": 13.931422665512084, "N_raw": 86, "N_roi": 86, "N_inlier": 86, "refit": true}
{"timestamp": "15:54:27.839279", "frame": 87, "mu": [-0.97742896669427, 0.9335152063541605, 1.7238081023960776], "Sigma": [[0.017276106261780735, 0.009462158638274792, -0.016290539687247647], [0.009462158638274792, 0.01112985638554411, -0.012269262571287638], [-0.016290539687247647, -0.012269262571287638, 0.019817238651509795]], "chi2_level": 0.997, "chi2_df": 3, "chi2_threshold": 13.931422665512084, "N_raw": 75, "N_roi": 75, "N_inlier": 73, "refit": true}
{"timestamp": "15:54:27.894497", "frame": 88, "mu": [-1.1406519254845027, 0.869383139737627, -0.20905851390751837], "Sigma": [[0.010639170237864712, 0.004435992377247713, -0.005272690092007922], [0.004435992377247713, 0.011372173977456471, -0.007879363969965514], [-0.005272690092007922, -0.007879363969965514, 0.008556905975999639]], "chi2_level": 0.997, "chi2_df": 3, "chi2_threshold": 13.931422665512084, "N_raw": 74, "N_roi": 74, "N_inlier": 71, "refit": true}
{"timestamp": "15:54:27.952382", "frame": 89, "mu": [-1.0790126110406624, 0.9655398103999995, -0.2303057169293042], "Sigma": [[0.018627380131084552, 0.013065599959371652, -0.008767070560238049], [0.013065599959371652, 0.016129536142960064, -0.010753742564576858], [-0.008767070560238049, -0.010753742564576858, 0.015377761132750032]], "chi2_level": 0.997, "chi2_df": 3, "chi2_threshold": 13.931422665512084, "N_raw": 93, "N_roi": 93, "N_inlier": 91, "refit": true}
{"timestamp": "15:54:28.008834", "frame": 90, "mu": [-1.1385626549139136, 0.9429528714464475, 1.7364814649826514], "Sigma": [[0.016218930309610583, 0.005535532174219315, -0.007595641492105284], [0.005535532174219315, 0.008666295467918628, -0.006213275447847078], [-0.0075956414921052855, -0.006213275447847077, 0.008275719596704183]], "chi2_level": 0.997, "chi2_df": 3, "chi2_threshold": 13.931422665512084, "N_raw": 105, "N_roi": 105, "N_inlier": 101, "refit": true}
{"timestamp": "15:54:28.058555", "frame": 91, "mu": [-1.213976930628085, 0.9334352530997394, 0.011534698857074442], "Sigma": [[0.0096551457442369, 0.005454603266311749, -0.001625834348999498], [0.005454603266311749, 0.009139274203565232, -0.0033533926040269424], [-0.0016258343489994978, -0.0033533926040269424, 0.0017783902668426332]], "chi2_level": 0.997, "chi2_df": 3, "chi2_threshold": 13.931422665512084, "N_raw": 60, "N_roi": 60, "N_inlier": 58, "refit": true}
{"timestamp": "15:54:28.116403", "frame": 92, "mu": [-1.1867782252071526, 1.0151354537722765, 1.674791509657456], "Sigma": [[0.00916696736919587, 0.003463038336747398, -0.006422845260992146], [0.003463038336747398, 0.013336934584268647, -0.0029080983094838496], [-0.006422845260992146, -0.0029080983094838505, 0.008368238954746131]], "chi2_level": 0.997, "chi2_df": 3, "chi2_threshold": 13.931422665512084, "N_raw": 86, "N_roi": 86, "N_inlier": 84, "refit": true}
{"timestamp": "15:54:28.171382", "frame": 93, "mu": [-1.2027887719812616, 0.9553827210881657, 1.3674618819348368], "Sigma": [[0.03108161651169998, 0.014228504680594917, -0.07689131910938425], [0.014228504680594917, 0.012936033839325107, -0.04072288879088528], [-0.07689131910938425, -0.04072288879088529, 0.2409445090089705]], "chi2_level": 0.997, "chi2_df": 3, "chi2_threshold": 13.931422665512084, "N_raw": 85, "N_roi": 85, "N_inlier": 85, "refit": true}
{"timestamp": "15:54:28.228694", "frame": 94, "mu": [-1.262760833462781, 1.0762842888301472, -0.3755122983933335], "Sigma": [[0.022726193639385037, 0.02472566829404769, -0.02965122363666631], [0.024725668294047688, 0.0449473142028301, -0.048774894243792596], [-0.029651223636666307, -0.048774894243792596, 0.09876884915044774]], "chi2_level": 0.997, "chi2_df": 3, "chi2_threshold": 13.931422665512084, "N_raw": 103, "N_roi": 103, "N_inlier": 101, "refit": true}
{"timestamp": "15:54:28.286053", "frame": 95, "mu": [-1.2274064751239104, 1.1961879937059332, -0.37760671074547636], "Sigma": [[0.043471276388969166, 0.05008548847394587, -0.10861526089246243], [0.05008548847394587, 0.07388535605972452, -0.14655155797109337], [-0.10861526089246243, -0.14655155797109337, 0.33085176768256247]], "chi2_level": 0.997, "chi2_df": 3, "chi2_threshold": 13.931422665512084, "N_raw": 119, "N_roi": 119, "N_inlier": 119, "refit": true}
{"timestamp": "15:54:28.342044", "frame": 96, "mu": [-1.2281179835763036, 1.1026538372032426, 1.204285946511919], "Sigma": [[0.0361633591405921, 0.023683180732784782, -0.10968329404067985], [0.023683180732784782, 0.024192322521644168, -0.08547862123982172], [-0.10968329404067986, -0.08547862123982172, 0.4135646921670823]], "chi2_level": 0.997, "chi2_df": 3, "chi2_threshold": 13.931422665512084, "N_raw": 124, "N_roi": 124, "N_inlier": 124, "refit": true}
{"timestamp": "15:54:28.395869", "frame": 97, "mu": [-1.3350638227648939, 1.1029439747058807, 1.4194799977551877], "Sigma": [[0.022777106171973878, 0.015730191170990157, -0.05857981857172142], [0.015730191170990157, 0.02370870095034561, -0.07019275641789187], [-0.05857981857172142, -0.07019275641789186, 0.28419027607165276]], "chi2_level": 0.997, "chi2_df": 3, "chi2_threshold": 13.931422665512084, "N_raw": 114, "N_roi": 114, "N_inlier": 113, "refit": true}
{"timestamp": "15:54:28.449960", "frame": 98, "mu": [-1.3464741409860908, 1.1134269908224443, 1.3314384973237987], "Sigma": [[0.016796165215098694, 0.01200890129366676, -0.0495415801344006], [0.01200890129366676, 0.022006295732627527, -0.06820171276914559], [-0.0495415801344006, -0.06820171276914559, 0.29420845689902403]], "chi2_level": 0.997, "chi2_df": 3, "chi2_threshold": 13.931422665512084, "N_raw": 103, "N_roi": 103, "N_inlier": 103, "refit": true}
{"timestamp": "15:54:28.499558", "frame": 99, "mu": [-1.449369765798738, 0.9495755867971004, 1.403776591121566], "Sigma": [[0.01228136916471357, 0.008635367073848205, 0.0016096458623273708], [0.008635367073848205, 0.011533319730200345, -0.003774247738457629], [0.001609645862327371, -0.003774247738457629, 0.006643425563717183]], "chi2_level": 0.997, "chi2_df": 3, "chi2_threshold": 13.931422665512084, "N_raw": 76, "N_roi": 76, "N_inlier": 74, "refit": true}
{"timestamp": "15:54:28.639346", "frame": 100, "mu": [-1.4974934349376863, 1.0467818452856206, 1.5893485245385846], "Sigma": [[0.015587155420147278, 0.0038306272778269677, -0.009849940818131626], [0.0038306272778269677, 0.010868480233527152, -0.006091796476649798], [-0.009849940818131626, -0.006091796476649797, 0.008332339953281453]], "chi2_level": 0.997, "chi2_df": 3, "chi2_threshold": 13.931422665512084, "N_raw": 87, "N_roi": 87, "N_inlier": 84, "refit": true}
{"timestamp": "15:54:28.647123", "frame": 101, "mu": [-1.53972005259263, 1.2034841724039749, -0.19848976539225527], "Sigma": [[0.010066714407512565, 0.0062614812667605504, -0.005330927329674376], [0.0062614812667605504, 0.013842343509986041, -0.018084414473117743], [-0.005330927329674376, -0.018084414473117743, 0.057597648966823456]], "chi2_level": 0.997, "chi2_df": 3, "chi2_threshold": 13.931422665512084, "N_raw": 45, "N_roi": 45, "N_inlier": 43, "refit": true}
{"timestamp": "15:54:28.673406", "frame": 102, "mu": [-1.5768376256610905, 1.0653324477591908, 1.574802508492633], "Sigma": [[0.01007063301569142, 0.004433065903498977, -0.005540245778099159], [0.004433065903498977, 0.014090086394906066, -0.007070372539271664], [-0.00554024577809916, -0.007070372539271665, 0.00614569233278366]], "chi2_level": 0.997, "chi2_df": 3, "chi2_threshold": 13.931422665512084, "N_raw": 72, "N_roi": 72, "N_inlier": 71, "refit": true}
{"timestamp": "15:54:28.720130", "frame": 103, "mu": [-1.5286318811116972, 1.1623618965128542, 1.4528712297101558], "Sigma": [[0.013043326629065552, 0.008914828820817655, -0.006927764901905636], [0.008914828820817655, 0.013403956375580775, -0.009918888684672191], [-0.006927764901905638, -0.009918888684672191, 0.01327976689881557]], "chi2_level": 0.997, "chi2_df": 3, "chi2_threshold": 13.931422665512084, "N_raw": 78, "N_roi": 78, "N_inlier": 76, "refit": true}
{"timestamp": "15:54:28.772664", "frame": 104, "mu": [-1.615176640044792, 1.1388495521831414, 1.6504044437942222], "Sigma": [[0.011888899193550762, 0.004105650277870065, -0.007398433750972535], [0.004105650277870066, 0.009132777819439912, -0.00755083460316597], [-0.007398433750972535, -0.00755083460316597, 0.013737185062587509]], "chi2_level": 0.997, "chi2_df": 3, "chi2_threshold": 13.931422665512084, "N_raw": 63, "N_roi": 63, "N_inlier": 63, "refit": true}
{"timestamp": "15:54:28.825817", "frame": 105, "mu": [-1.6238862589195269, 1.2438688026896008, -0.06691021804654766], "Sigma": [[0.008747663973353513, 0.0059874698080912715, -0.01099256589064241], [0.005987469808091273, 0.011846908855821103, -0.011593271462042818], [-0.010992565890642408, -0.011593271462042818, 0.020486643336610152]], "chi2_level": 0.997, "chi2_df": 3, "chi2_threshold": 13.931422665512084, "N_raw": 47, "N_roi": 47, "N_inlier": 45, "refit": true}
{"timestamp": "15:54:28.883711", "frame": 106, "mu": [-1.712642465706724, 1.1491138165498134, 1.6638556382852927], "Sigma": [[0.012012061880393271, 0.005845336636639676, -0.015528101972196595], [0.005845336636639676, 0.01448179401448345, -0.011641261622363156], [-0.015528101972196595, -0.011641261622363156, 0.03705820768942381]], "chi2_level": 0.997, "chi2_df": 3, "chi2_threshold": 13.931422665512084, "N_raw": 66, "N_roi": 66, "N_inlier": 64, "refit": true}
{"timestamp": "15:54:28.940878", "frame": 107, "mu": [-1.6833221720497649, 1.2224915396498166, 1.5242887421096298], "Sigma": [[0.011019304353918258, 0.006340743855189589, -0.0016622961300183333], [0.006340743855189589, 0.011004365647163856, -0.006169674644848484], [-0.0016622961300183333, -0.006169674644848484, 0.025900934449038522]], "chi2_level": 0.997, "chi2_df": 3, "chi2_threshold": 13.931422665512084, "N_raw": 78, "N_roi": 78, "N_inlier": 74, "refit": true}
{"timestamp": "15:54:28.989852", "frame": 108, "mu": [-1.7178438784647785, 1.2933313963477866, 1.2927897077503285], "Sigma": [[0.027804386362629295, 0.009221026255625651, -0.06537077337136982], [0.00922102625562565, 0.008054584449108908, -0.022816426559248808], [-0.06537077337136982, -0.022816426559248815, 0.2017735576065094]], "chi2_level": 0.997, "chi2_df": 3, "chi2_threshold": 13.931422665512084, "N_raw": 35, "N_roi": 35, "N_inlier": 34, "refit": true}
{"timestamp": "15:54:29.050186", "frame": 109, "mu": [-1.713545553517978, 1.3034115572991396, 1.5563980728340026], "Sigma": [[0.015728076949203685, 0.007868030200242477, -0.012293265034050272], [0.007868030200242477, 0.01666982701183147, -0.009509335916450718], [-0.012293265034050272, -0.009509335916450718, 0.01124585073253967]], "chi2_level": 0.997, "chi2_df": 3, "chi2_threshold": 13.931422665512084, "N_raw": 85, "N_roi": 85, "N_inlier": 85, "refit": true}
{"timestamp": "15:54:29.103774", "frame": 110, "mu": [-1.764855556265961, 1.30508016213888, 1.5647854727832757], "Sigma": [[0.013989678485401736, 0.00873456836883561, -0.011216355822267545], [0.00873456836883561, 0.013308256008303366, -0.013606126536841172], [-0.011216355822267545, -0.013606126536841172, 0.017069158802827337]], "chi2_level": 0.997, "chi2_df": 3, "chi2_threshold": 13.931422665512084, "N_raw": 71, "N_roi": 71, "N_inlier": 68, "refit": true}
{"timestamp": "15:54:29.163530", "frame": 111, "mu": [-1.8016403184696856, 1.3551483215874098, 1.5569261530271437], "Sigma": [[0.01689729497243503, 0.014708243414445609, -0.023553099898371302], [0.014708243414445609, 0.025416685178456796, -0.033301824013350606], [-0.023553099898371302, -0.033301824013350606, 0.06107307323079112]], "chi2_level": 0.997, "chi2_df": 3, "chi2_threshold": 13.931422665512084, "N_raw": 99, "N_roi": 99, "N_inlier": 96, "refit": true}
{"timestamp": "15:54:29.214226", "frame": 112, "mu": [-1.8593075667024639, 1.3400271204821537, 1.6168800563378065], "Sigma": [[0.008699640184724628, 0.007082213543536818, -0.0077103425293335685], [0.007082213543536818, 0.01350881426470149, -0.016462252490717505], [-0.0077103425293335685, -0.016462252490717505, 0.042654077792673425]], "chi2_level": 0.997, "chi2_df": 3, "chi2_threshold": 13.931422665512084, "N_raw": 62, "N_roi": 62, "N_inlier": 59, "refit": true}
{"timestamp": "15:54:29.268766", "frame": 113, "mu": [-1.8451124892300361, 1.3972602022409153, -0.04579210327330975], "Sigma": [[0.011918475689702439, 0.009537995633650523, -0.008496345614249782], [0.009537995633650525, 0.021958844789656075, -0.006351471516775871], [-0.008496345614249782, -0.00635147151677587, 0.010373372817010725]], "chi2_level": 0.997, "chi2_df": 3, "chi2_threshold": 13.931422665512084, "N_raw": 65, "N_roi": 65, "N_inlier": 63, "refit": true}
{"timestamp": "15:54:29.325629", "frame": 114, "mu": [-1.876060492794507, 1.3905251013632278, 1.6340236012196403], "Sigma": [[0.012285940837277865, 0.006876336934539115, -0.012728492592838762], [0.006876336934539115, 0.019780458343758796, -0.016181053254653546], [-0.012728492592838763, -0.016181053254653546, 0.027700388243064915]], "chi2_level": 0.997, "chi2_df": 3, "chi2_threshold": 13.931422665512084, "N_raw": 80, "N_roi": 80, "N_inlier": 79, "refit": true}
{"timestamp": "15:54:29.381597", "frame": 115, "mu": [-1.829121776938608, 1.5223067107038466, -0.32997100899520043], "Sigma": [[0.01570824557160997, 0.01633980407294995, 0.006700584649236056], [0.01633980407294995, 0.033405436200950905, 0.008583049073846598], [0.006700584649236056, 0.008583049073846596, 0.019155788829744745]], "chi2_level": 0.997, "chi2_df": 3, "chi2_threshold": 13.931422665512084, "N_raw": 88, "N_roi": 88, "N_inlier": 87, "refit": true}
{"timestamp": "15:54:29.434679", "frame": 116, "mu": [-1.8713298263848523, 1.4577056420643186, -0.35552034498354984], "Sigma": [[0.017573181444835204, 0.01358127573125733, 0.004008736568476279], [0.01358127573125733, 0.02007158404475904, 0.0008255415786808727], [0.004008736568476278, 0.000825541578680872, 0.022687122585665284]], "chi2_level": 0.997, "chi2_df": 3, "chi2_threshold": 13.931422665512084, "N_raw": 70, "N_roi": 70, "N_inlier": 70, "refit": true}
{"timestamp": "15:54:29.491257", "frame": 117, "mu": [-1.854373050606633, 1.4653218545161473, 1.4999874994209033], "Sigma": [[0.019301204741200416, 0.013832078102944973, -0.011637756682403876], [0.013832078102944973, 0.020430518460147616, -0.013237047753296973], [-0.011637756682403876, -0.013237047753296973, 0.010110925232619186]], "chi2_level": 0.997, "chi2_df": 3, "chi2_threshold": 13.931422665512084, "N_raw": 87, "N_roi": 87, "N_inlier": 84, "refit": true}
{"timestamp": "15:54:29.547582", "frame": 118, "mu": [-1.851024069494574, 1.5214962623239388, 1.4218895854926368], "Sigma": [[0.019475638949179246, 0.013373893060522021, -0.007828993979829973], [0.013373893060522023, 0.016964240633070317, -0.01360829468371011], [-0.007828993979829973, -0.01360829468371011, 0.013696475078871916]], "chi2_level": 0.997, "chi2_df": 3, "chi2_threshold": 13.931422665512084, "N_raw": 93, "N_roi": 93, "N_inlier": 90, "refit": true}
{"timestamp": "15:54:29.600814", "frame": 119, "mu": [-1.9035578276176994, 1.5465083124772068, 1.4811831347955142], "Sigma": [[0.017662141974319787, 0.014105398267986291, -0.015456533213322668], [0.014105398267986291, 0.022150735868528424, -0.014854167773705925], [-0.015456533213322668, -0.014854167773705925, 0.019058327547647254]], "chi2_level": 0.997, "chi2_df": 3, "chi2_threshold": 13.931422665512084, "N_raw": 79, "N_roi": 79, "N_inlier": 76, "refit": true}
{"timestamp": "15:54:29.655774", "frame": 120, "mu": [-1.9753740830380526, 1.5716937603496095, 1.6284033143315675], "Sigma": [[0.020900965463166797, 0.01340988456520697, -0.018381150887466943], [0.01340988456520697, 0.018424555362923374, -0.015115554457116986], [-0.01838115088746694, -0.015115554457116983, 0.02562581236199915]], "chi2_level": 0.997, "chi2_df": 3, "chi2_threshold": 13.931422665512084, "N_raw": 79, "N_roi": 79, "N_inlier": 76, "refit": true}
{"timestamp": "15:54:29.714337", "frame": 121, "mu": [-1.9756582659602149, 1.6508775689963608, -0.47028358242822466], "Sigma": [[0.021353524972532564, 0.01856374698507805, -0.00014873111085437118], [0.018563746985078046, 0.03365555191256056, -0.002286716127350926], [-0.00014873111085437124, -0.0022867161273509265, 0.02482214892674455]], "chi2_level": 0.997, "chi2_df": 3, "chi2_threshold": 13.931422665512084, "N_raw": 106, "N_roi": 106, "N_inlier": 106, "refit": true}
{"timestamp": "15:54:29.767286", "frame": 122, "mu": [-2.0037349496741217, 1.7087352663034097, 0.0023970979175628724], "Sigma": [[0.021431389477087646, 0.016726339896272122, -0.013362749144204787], [0.016726339896272126, 0.025941129215453038, -0.01603954686114028], [-0.013362749144204787, -0.01603954686114028, 0.020253745024468632]], "chi2_level": 0.997, "chi2_df": 3, "chi2_threshold": 13.931422665512084, "N_raw": 87, "N_roi": 87, "N_inlier": 84, "refit": true}
