{"timestamp": "15:34:04.131054", "frame": 11, "mu": [2.407423843571625, 4.9371030557584845, 1.3091809075205947], "Sigma": [[0.004634469586523647, -0.0017070703450607198, -0.004475476784575932], [-0.0017070703450607198, 0.0025577030708756063, -0.0026914374607545427], [-0.004475476784575931, -0.0026914374607545427, 0.018476323727023226]], "chi2_level": 0.997, "chi2_df": 3, "chi2_threshold": 13.931422665512084, "N_raw": 39, "N_roi": 11, "N_inlier": 11, "refit": true}
{"timestamp": "15:34:04.625122", "frame": 20, "mu": [2.3451866996594464, 4.602890433104724, 0.8394059155515098], "Sigma": [[0.010064059161325349, -0.006166335576930827, -0.006256033408446255], [-0.006166335576930826, 0.004257211092239899, 0.0037568231813055564], [-0.006256033408446255, 0.0037568231813055564, 0.05600387715174561]], "chi2_level": 0.997, "chi2_df": 3, "chi2_threshold": 13.931422665512084, "N_raw": 35, "N_roi": 19, "N_inlier": 19, "refit": true}
{"timestamp": "15:34:04.790081", "frame": 23, "mu": [2.316556232467806, 4.396770779213265, 0.8466255094196211], "Sigma": [[0.017552804073642164, -0.009361649332919365, -0.01115673195572836], [-0.009361649332919365, 0.006766814302498919, 0.0035985991521264313], [-0.01115673195572836, 0.0035985991521264313, 0.014244181952437467]], "chi2_level": 0.997, "chi2_df": 3, "chi2_threshold": 13.931422665512084, "N_raw": 31, "N_roi": 24, "N_inlier": 24, "refit": true}
{"timestamp": "15:34:04.898868", "frame": 25, "mu": [2.2343423681530075, 4.2647718842116635, 0.5238584492340616], "Sigma": [[0.009112550568836666, -0.0036848964235493154, -0.004529817563137441], [-0.0036848964235493154, 0.0030442145713086466, -0.00043006453052590096], [-0.004529817563137441, -0.00043006453052590096, 0.06871049498736057]], "chi2_level": 0.997, "chi2_df": 3, "chi2_threshold": 13.931422665512084, "N_raw": 15, "N_roi": 15, "N_inlier": 15, "refit": true}
{"timestamp": "15:34:04.954130", "frame": 26, "mu": [2.1870536266686402, 4.282728985578998, 0.5734823748353528], "Sigma": [[0.014324808786599119, -0.01025859820771265, 0.002468836950401248], [-0.01025859820771265, 0.008866287283590069, -0.006235484426659653], [0.002468836950401247, -0.006235484426659652, 0.03781959027182424]], "chi2_level": 0.997, "chi2_df": 3, "chi2_threshold": 13.931422665512084, "N_raw": 14, "N_roi": 14, "N_inlier": 14, "refit": true}
{"timestamp": "15:34:05.013115", "frame": 27, "mu": [2.1884940168496385, 4.216635046250259, 0.6374812127304725], "Sigma": [[0.02226239281030385, -0.01595290443868541, -0.0022507660135195826], [-0.01595290443868541, 0.01287636084886957, -0.00193280340853465], [-0.002250766013519583, -0.00193280340853465, 0.02634983482125209]], "chi2_level": 0.997, "chi2_df": 3, "chi2_threshold": 13.931422665512084, "N_raw": 42, "N_roi": 40, "N_inlier": 39, "refit": true}
{"timestamp": "15:34:05.066222", "frame": 28, "mu": [2.184251181977421, 4.031705014098445, 0.46282458792167347], "Sigma": [[0.025557234114091474, -0.019133097825005663, -0.016214373257378817], [-0.019133097825005663, 0.01910389880541941, 0.014862260929137042], [-0.016214373257378817, 0.014862260929137042, 0.012891787487452717]], "chi2_level": 0.997, "chi2_df": 3, "chi2_threshold": 13.931422665512084, "N_raw": 29, "N_roi": 27, "N_inlier": 26, "refit": true}
{"timestamp": "15:34:05.175507", "frame": 30, "mu": [2.045450555843228, 3.966065901639255, 0.6107161987276428], "Sigma": [[0.018905131542995876, -0.008022925657385029, -0.019709675468460586], [-0.008022925657385029, 0.006051152138783884, 0.004714684823122494], [-0.019709675468460586, 0.004714684823122494, 0.05184378885562754]], "chi2_level": 0.997, "chi2_df": 3, "chi2_threshold": 13.931422665512084, "N_raw": 24, "N_roi": 24, "N_inlier": 23, "refit": true}
{"timestamp": "15:34:05.234723", "frame": 31, "mu": [1.9193856456906697, 3.8668141333505006, 0.6015306293853016], "Sigma": [[0.02880759841340206, -0.014692772143459251, -0.025379274963168504], [-0.014692772143459251, 0.009638940946195029, 0.01223673465840476], [-0.025379274963168504, 0.01223673465840476, 0.08411046998796906]], "chi2_level": 0.997, "chi2_df": 3, "chi2_threshold": 13.931422665512084, "N_raw": 57, "N_roi": 57, "N_inlier": 57, "refit": true}
{"timestamp": "15:34:05.284940", "frame": 32, "mu": [1.9048588390266736, 3.7747016013353236, 0.49668795584826286], "Sigma": [[0.010962923973567042, -0.005798077894727545, -0.012135186416538993], [-0.005798077894727545, 0.005137042786463676, 0.0068375800339215715], [-0.012135186416538993, 0.006837580033921572, 0.049037955919874254]], "chi2_level": 0.997, "chi2_df": 3, "chi2_threshold": 13.931422665512084, "N_raw": 18, "N_roi": 18, "N_inlier": 18, "refit": true}
{"timestamp": "15:34:05.346195", "frame": 33, "mu": [1.8799750018602472, 3.6842137495683254, 0.49462241495235476], "Sigma": [[0.029509406956629965, -0.020967762961084484, -0.01956573412744765], [-0.020967762961084484, 0.02013063843463545, 0.01156399962381428], [-0.01956573412744765, 0.01156399962381428, 0.0462690558113024]], "chi2_level": 0.997, "chi2_df": 3, "chi2_threshold": 13.931422665512084, "N_raw": 64, "N_roi": 64, "N_inlier": 64, "refit": true}
{"timestamp": "15:34:05.399891", "frame": 34, "mu": [1.8222856137134404, 3.612396482560602, 0.6550825899218293], "Sigma": [[0.028979769894204206, -0.01631409967296333, -0.023316008797472334], [-0.01631409967296333, 0.010894186965510177, 0.009255144565592486], [-0.02331600879747233, 0.009255144565592484, 0.037869260467142604]], "chi2_level": 0.997, "chi2_df": 3, "chi2_threshold": 13.931422665512084, "N_raw": 49, "N_roi": 49, "N_inlier": 48, "refit": true}
{"timestamp": "15:34:05.455613", "frame": 35, "mu": [1.8152721362442077, 3.5824097743600913, 0.5791949959502598], "Sigma": [[0.020851776663461878, -0.015666770536476103, -0.007400736190494616], [-0.015666770536476103, 0.01562087745016473, 0.00202816209503502], [-0.007400736190494616, 0.00202816209503502, 0.007885748748583015]], "chi2_level": 0.997, "chi2_df": 3, "chi2_threshold": 13.931422665512084, "N_raw": 49, "N_roi": 49, "N_inlier": 47, "refit": true}
{"timestamp": "15:34:05.510253", "frame": 36, "mu": [1.6752091979873491, 3.5759935510165013, 0.6138918922803132], "Sigma": [[0.02277017593660909, -0.017842836027645956, -0.007292403930531958], [-0.017842836027645956, 0.017562274592508007, 0.0017486123383039591], [-0.007292403930531958, 0.0017486123383039591, 0.009469538882824782]], "chi2_level": 0.997, "chi2_df": 3, "chi2_threshold": 13.931422665512084, "N_raw": 51, "N_roi": 51, "N_inlier": 51, "refit": true}
{"timestamp": "15:34:05.564144", "frame": 37, "mu": [1.732869689486204, 3.3500776935148027, 0.5449641150724105], "Sigma": [[0.02546613972993405, -0.01902338044074228, -0.017193302616645145], [-0.019023380440742282, 0.01702791353206353, 0.010843156074478411], [-0.017193302616645145, 0.010843156074478411, 0.02276323427001297]], "chi2_level": 0.997, "chi2_df": 3, "chi2_threshold": 13.931422665512084, "N_raw": 44, "N_roi": 44, "N_inlier": 42, "refit": true}
{"timestamp": "15:34:05.620310", "frame": 38, "mu": [1.6401218394278856, 3.2861524388469494, 0.5732712040804525], "Sigma": [[0.02662417625702546, -0.021032463428658513, -0.0294693299207927], [-0.021032463428658513, 0.01958836002556296, 0.021242132673664975], [-0.0294693299207927, 0.021242132673664975, 0.05437765056879536]], "chi2_level": 0.997, "chi2_df": 3, "chi2_threshold": 13.931422665512084, "N_raw": 56, "N_roi": 54, "N_inlier": 53, "refit": true}
{"timestamp": "15:34:05.676265", "frame": 39, "mu": [1.5545124912181412, 3.3099849243572113, 0.6788044695781295], "Sigma": [[0.0333193842273824, -0.029475464764878865, -0.010326016105183673], [-0.02947546476487886, 0.030937707537912765, 0.002977887096793235], [-0.010326016105183673, 0.002977887096793235, 0.019400772728741723]], "chi2_level": 0.997, "chi2_df": 3, "chi2_threshold": 13.931422665512084, "N_raw": 58, "N_roi": 58, "N_inlier": 56, "refit": true}
{"timestamp": "15:34:05.730437", "frame": 40, "mu": [1.4509772128590923, 3.27262838176306, 0.5575313184869449], "Sigma": [[0.02980600107389427, -0.022858614404426787, 0.011911392062281754], [-0.022858614404426787, 0.024989369129685537, -0.007708080703454903], [0.011911392062281754, -0.007708080703454903, 0.029978781688323502]], "chi2_level": 0.997, "chi2_df": 3, "chi2_threshold": 13.931422665512084, "N_raw": 53, "N_roi": 52, "N_inlier": 52, "refit": true}
{"timestamp": "15:34:05.789268", "frame": 41, "mu": [1.2395285882206681, 3.356363249068085, -0.7617737642107392], "Sigma": [[0.03574376096393618, -0.00540412243528573, 0.13733477912957034], [-0.00540412243528573, 0.023459779378488987, -0.01771853794553846], [0.13733477912957034, -0.01771853794553846, 0.7295642900153377]], "chi2_level": 0.997, "chi2_df": 3, "chi2_threshold": 13.931422665512084, "N_raw": 79, "N_roi": 76, "N_inlier": 76, "refit": true}
{"timestamp": "15:34:05.845444", "frame": 42, "mu": [1.178649761375818, 3.139286940827917, 0.5037254280634454], "Sigma": [[0.025465982434390126, -0.005479279048251309, 0.019234274574843266], [-0.005479279048251309, 0.0030817741499268064, -0.002637252617837518], [0.019234274574843262, -0.0026372526178375186, 0.08585009222621201]], "chi2_level": 0.997, "chi2_df": 3, "chi2_threshold": 13.931422665512084, "N_raw": 89, "N_roi": 87, "N_inlier": 87, "refit": true}
{"timestamp": "15:34:05.898939", "frame": 43, "mu": [1.1410948688407534, 3.078590995016206, 0.5310828948367063], "Sigma": [[0.026265318993615602, -0.014099737765046976, 0.007714319146107644], [-0.014099737765046976, 0.01202251505833078, -0.0070346737532434], [0.007714319146107644, -0.0070346737532434, 0.009046154771083868]], "chi2_level": 0.997, "chi2_df": 3, "chi2_threshold": 13.931422665512084, "N_raw": 71, "N_roi": 71, "N_inlier": 69, "refit": true}
{"timestamp": "15:34:05.955422", "frame": 44, "mu": [0.9921007142347638, 3.1506451794200854, 0.6497513491158541], "Sigma": [[0.01582802363368696, -0.007932693295251992, -0.004215646240643923], [-0.007932693295251992, 0.008375370815911295, -0.007253310220979893], [-0.004215646240643923, -0.007253310220979893, 0.05345536139764809]], "chi2_level": 0.997, "chi2_df": 3, "chi2_threshold": 13.931422665512084, "N_raw": 82, "N_roi": 82, "N_inlier": 80, "refit": true}
{"timestamp": "15:34:06.009876", "frame": 45, "mu": [0.9690136864387829, 3.0563573221410305, 0.669168010806623], "Sigma": [[0.026305578252392867, -0.01609359965148844, 0.005329373469018795], [-0.01609359965148844, 0.013112421162866528, -0.010014587295241694], [0.005329373469018796, -0.010014587295241694, 0.0349399069930784]], "chi2_level": 0.997, "chi2_df": 3, "chi2_threshold": 13.931422665512084, "N_raw": 79, "N_roi": 79, "N_inlier": 76, "refit": true}
{"timestamp": "15:34:06.062937", "frame": 46, "mu": [0.9775744965211515, 2.897241868563235, 0.606164442616408], "Sigma": [[0.020660439012098027, -0.007752111266258722, -0.021424260853937938], [-0.007752111266258722, 0.00448846009413932, 0.011231390177681273], [-0.021424260853937938, 0.011231390177681273, 0.09634864930674718]], "chi2_level": 0.997, "chi2_df": 3, "chi2_threshold": 13.931422665512084, "N_raw": 67, "N_roi": 67, "N_inlier": 65, "refit": true}
{"timestamp": "15:34:06.121267", "frame": 47, "mu": [0.7785809847364438, 2.9683740017433244, 0.6884663779202073], "Sigma": [[0.02041989120595919, -0.01141656468634873, -0.002255810272891584], [-0.011416564686348728, 0.020183987930205, 0.003642190743048772], [-0.002255810272891584, 0.003642190743048772, 0.02595408233358426]], "chi2_level": 0.997, "chi2_df": 3, "chi2_threshold": 13.931422665512084, "N_raw": 95, "N_roi": 94, "N_inlier": 91, "refit": true}
{"timestamp": "15:34:06.178348", "frame": 48, "mu": [0.6785947729273082, 2.8656066632569113, 0.8335796164929831], "Sigma": [[0.015461392112334316, -0.0034490941816633742, -0.021893069237009913], [-0.0034490941816633742, 0.009062666510185334, 0.014084573369648913], [-0.021893069237009916, 0.014084573369648913, 0.11728372833495421]], "chi2_level": 0.997, "chi2_df": 3, "chi2_threshold": 13.931422665512084, "N_raw": 76, "N_roi": 73, "N_inlier": 73, "refit": true}
{"timestamp": "15:34:06.230496", "frame": 49, "mu": [0.6690273678480375, 2.8552286010547987, 0.7164823249933141], "Sigma": [[0.01833598377263298, -0.012123581673689099, -0.004634326109591868], [-0.012123581673689099, 0.013776194872303287, 0.002647722270013202], [-0.004634326109591868, 0.0026477222700132014, 0.013166768117295]], "chi2_level": 0.997, "chi2_df": 3, "chi2_threshold": 13.931422665512084, "N_raw": 79, "N_roi": 70, "N_inlier": 66, "refit": true}
{"timestamp": "15:34:06.284614", "frame": 50, "mu": [0.665719970137717, 2.73324515203032, 0.6621606242148604], "Sigma": [[0.029422279260772857, -0.01816358407668018, 0.006080870504469578], [-0.01816358407668018, 0.0158596917683075, -0.0017711516512446408], [0.006080870504469578, -0.0017711516512446401, 0.021217476793418854]], "chi2_level": 0.997, "chi2_df": 3, "chi2_threshold": 13.931422665512084, "N_raw": 80, "N_roi": 78, "N_inlier": 75, "refit": true}
{"timestamp": "15:34:06.339599", "frame": 51, "mu": [0.5200252806458557, 2.707659525232053, 0.6521085285005439], "Sigma": [[0.022711635902824802, -0.016576067515488267, -0.005644290531274567], [-0.01657606751548827, 0.016252605248462677, 0.002301830446406328], [-0.005644290531274566, 0.002301830446406328, 0.010512327917796245]], "chi2_level": 0.997, "chi2_df": 3, "chi2_threshold": 13.931422665512084, "N_raw": 80, "N_roi": 76, "N_inlier": 71, "refit": true}
{"timestamp": "15:34:06.397948", "frame": 52, "mu": [0.4077581443472229, 2.6881488946536196, 0.9187761567549655], "Sigma": [[0.02093356835471633, -0.013489712812819708, -0.0022881873588903897], [-0.013489712812819708, 0.014773812854037133, -0.01274347371657093], [-0.0022881873588903893, -0.01274347371657093, 0.06541599918597923]], "chi2_level": 0.997, "chi2_df": 3, "chi2_threshold": 13.931422665512084, "N_raw": 104, "N_roi": 104, "N_inlier": 103, "refit": true}
{"timestamp": "15:34:06.450602", "frame": 53, "mu": [0.3943952970581272, 2.5629600992016983, 0.9282252744180378], "Sigma": [[0.015630659183896424, -0.010790187017666597, -0.005521535131592759], [-0.010790187017666595, 0.011767625170330377, -0.005556689928815317], [-0.005521535131592759, -0.005556689928815316, 0.029540190942004385]], "chi2_level": 0.997, "chi2_df": 3, "chi2_threshold": 13.931422665512084, "N_raw": 81, "N_roi": 75, "N_inlier": 73, "refit": true}
{"timestamp": "15:34:06.507000", "frame": 54, "mu": [0.26455345240034345, 2.569139112971556, 1.0189543873461147], "Sigma": [[0.012014112121789048, -0.0062541962926875826, -0.004350772777466295], [-0.0062541962926875826, 0.008280919257649011, -0.005549456369796009], [-0.004350772777466295, -0.005549456369796009, 0.02483063066205339]], "chi2_level": 0.997, "chi2_df": 3, "chi2_threshold": 13.931422665512084, "N_raw": 92, "N_roi": 89, "N_inlier": 89, "refit": true}
{"timestamp": "15:34:06.564756", "frame": 55, "mu": [0.22874076452755207, 2.4601453719647868, 0.9710759293800943], "Sigma": [[0.012522347031822789, -0.007056618381595036, 0.0013290254855745558], [-0.007056618381595035, 0.0064728881207655005, -0.009419496246591648], [0.0013290254855745553, -0.00941949624659165, 0.07128962936804446]], "chi2_level": 0.997, "chi2_df": 3, "chi2_threshold": 13.931422665512084, "N_raw": 115, "N_roi": 110, "N_inlier": 108, "refit": true}
{"timestamp": "15:34:06.616629", "frame": 56, "mu": [0.1308132304022259, 2.371419779290462, 1.2701247523007535], "Sigma": [[0.013753842884182622, -0.002660160696548502, -0.016160753448852497], [-0.002660160696548502, 0.004327780788474854, -0.002467931910532471], [-0.016160753448852497, -0.0024679319105324715, 0.06190516540946297]], "chi2_level": 0.997, "chi2_df": 3, "chi2_threshold": 13.931422665512084, "N_raw": 96, "N_roi": 95, "N_inlier": 90, "refit": true}
{"timestamp": "15:34:06.668497", "frame": 57, "mu": [0.0799512532707822, 2.3105669040671337, 1.2670470578698763], "Sigma": [[0.014647105574422949, -0.0004049152720809324, -0.02524359571366558], [-0.0004049152720809322, 0.002979068938262199, -0.005139115334572831], [-0.025243595713665575, -0.005139115334572831, 0.06552619856096065]], "chi2_level": 0.997, "chi2_df": 3, "chi2_threshold": 13.931422665512084, "N_raw": 74, "N_roi": 74, "N_inlier": 69, "refit": true}
{"timestamp": "15:34:06.736906", "frame": 58, "mu": [-0.005862764224596757, 2.277039016909331, 1.0342766909897514], "Sigma": [[0.01392227131052874, -0.003460619598925548, 0.005091108914636879], [-0.0034606195989255475, 0.006980798727115404, -0.01957036777528518], [0.005091108914636877, -0.01957036777528518, 0.12047310161772354]], "chi2_level": 0.997, "chi2_df": 3, "chi2_threshold": 13.931422665512084, "N_raw": 150, "N_roi": 148, "N_inlier": 146, "refit": true}
{"timestamp": "15:34:06.783163", "frame": 59, "mu": [-0.11178959713030127, 2.209585775564706, 1.0579900546805407], "Sigma": [[0.011787054549516203, 0.0009448304062981468, -0.012159068464667095], [0.0009448304062981466, 0.002625409819561758, -0.01227336603782834], [-0.012159068464667095, -0.01227336603782834, 0.19045981107474866]], "chi2_level": 0.997, "chi2_df": 3, "chi2_threshold": 13.931422665512084, "N_raw": 96, "N_roi": 95, "N_inlier": 93, "refit": true}
{"timestamp": "15:34:06.831520", "frame": 60, "mu": [-0.08090364944463263, 2.1738885992812556, 0.896712809420699], "Sigma": [[0.010763907172771668, -0.0021030776846126652, -0.025296954860277825], [-0.0021030776846126652, 0.010442700928132672, -0.015844309461470397], [-0.025296954860277825, -0.015844309461470394, 0.13014334144991938]], "chi2_level": 0.997, "chi2_df": 3, "chi2_threshold": 13.931422665512084, "N_raw": 50, "N_roi": 46, "N_inlier": 45, "refit": true}
{"timestamp": "15:34:06.888506", "frame": 61, "mu": [-0.19233023137299413, 2.0819795544209674, 0.9805857134164742], "Sigma": [[0.011379066047361452, -0.0019085711521262976, -0.005846261460668842], [-0.0019085711521262974, 0.0017062963753437595, -0.005583766272907692], [-0.005846261460668842, -0.005583766272907692, 0.05803449704856953]], "chi2_level": 0.997, "chi2_df": 3, "chi2_threshold": 13.931422665512084, "N_raw": 71, "N_roi": 64, "N_inlier": 61, "refit": true}
{"timestamp": "15:34:06.943386", "frame": 62, "mu": [-0.33439643742102176, 1.9815314085521076, 0.9096155231204277], "Sigma": [[0.009969489265911775, 0.004966563811237043, 0.018029612129512415], [0.004966563811237043, 0.00795231635154569, 0.02042947968202105], [0.01802961212951241, 0.020429479682021055, 0.2207960550294676]], "chi2_level": 0.997, "chi2_df": 3, "chi2_threshold": 13.931422665512084, "N_raw": 60, "N_roi": 58, "N_inlier": 56, "refit": true}
{"timestamp": "15:34:07.002498", "frame": 63, "mu": [-0.373787137945156, 1.9284282067588059, 0.9712973878471793], "Sigma": [[0.008954826711253019, -0.0003172042352389139, -0.0108212922059715], [-0.0003172042352389138, 0.0020702699784416337, -0.008346734825917374], [-0.010821292205971498, -0.008346734825917374, 0.1902238649793099]], "chi2_level": 0.997, "chi2_df": 3, "chi2_threshold": 13.931422665512084, "N_raw": 82, "N_roi": 80, "N_inlier": 78, "refit": true}
{"timestamp": "15:34:07.056926", "frame": 64, "mu": [-0.4491454315728159, 1.8644088581876967, 1.2705645202309477], "Sigma": [[0.008845180041572866, 0.002033149257187258, -0.01075497872404122], [0.0020331492571872586, 0.002815692945342765, -0.006945621914443957], [-0.01075497872404122, -0.006945621914443957, 0.033838455479674207]], "chi2_level": 0.997, "chi2_df": 3, "chi2_threshold": 13.931422665512084, "N_raw": 87, "N_roi": 87, "N_inlier": 82, "refit": true}
{"timestamp": "15:34:07.102971", "frame": 65, "mu": [-0.3930097639735768, 1.75710163461416, 0.5959048932043463], "Sigma": [[0.0122154945630092, -0.006946822503937782, -0.05185802696360398], [-0.006946822503937782, 0.008001949042975534, 0.038670115693439644], [-0.05185802696360398, 0.038670115693439644, 0.3855358270274027]], "chi2_level": 0.997, "chi2_df": 3, "chi2_threshold": 13.931422665512084, "N_raw": 26, "N_roi": 25, "N_inlier": 24, "refit": true}
{"timestamp": "15:34:07.164062", "frame": 66, "mu": [-0.6076046466047876, 1.8152713366494007, -0.4777609848902092], "Sigma": [[0.008830801565608755, 0.0028869124251419084, 0.021688951270845955], [0.002886912425141909, 0.013461830336932138, -0.008071568161553052], [0.021688951270845958, -0.008071568161553053, 0.14288580271941578]], "chi2_level": 0.997, "chi2_df": 3, "chi2_threshold": 13.931422665512084, "N_raw": 78, "N_roi": 78, "N_inlier": 75, "refit": true}
{"timestamp": "15:34:07.224087", "frame": 67, "mu": [-0.6515099296761839, 1.6671496659602425, 1.0482183678365975], "Sigma": [[0.010979652828717495, -0.0020859067361221847, -0.03797509303817401], [-0.002085906736122185, 0.0087277817603122, 0.025056427824456134], [-0.03797509303817401, 0.025056427824456134, 0.26852127635528694]], "chi2_level": 0.997, "chi2_df": 3, "chi2_threshold": 13.931422665512084, "N_raw": 105, "N_roi": 105, "N_inlier": 103, "refit": true}
{"timestamp": "15:34:07.275032", "frame": 68, "mu": [-0.720462049136452, 1.6270242741317753, 1.334759360907822], "Sigma": [[0.007695952492947299, -0.0010908749988104733, 0.0017571410568532682], [-0.0010908749988104735, 0.004200485820877805, -0.006864869306164761], [0.001757141056853268, -0.006864869306164761, 0.03016664466663964]], "chi2_level": 0.997, "chi2_df": 3, "chi2_threshold": 13.931422665512084, "N_raw": 81, "N_roi": 81, "N_inlier": 76, "refit": true}
{"timestamp": "15:34:07.324195", "frame": 69, "mu": [-0.7741497856513362, 1.6144002011379268, 1.2224576921960002], "Sigma": [[0.0041280625030550916, 0.001108202638412867, -0.005660027593652124], [0.001108202638412867, 0.003638602433857084, -0.009036641619376284], [-0.005660027593652124, -0.009036641619376284, 0.0815874789451388]], "chi2_level": 0.997, "chi2_df": 3, "chi2_threshold": 13.931422665512084, "N_raw": 38, "N_roi": 38, "N_inlier": 36, "refit": true}
{"timestamp": "15:34:07.383096", "frame": 70, "mu": [-0.8095179485706379, 1.5089906493676082, 1.156904036423044], "Sigma": [[0.007572869402697973, -9.52037198009198e-05, 0.006346779394214643], [-9.520371980091991e-05, 0.0032323216837055755, 0.00435023664191054], [0.006346779394214642, 0.00435023664191054, 0.10856834422397756]], "chi2_level": 0.997, "chi2_df": 3, "chi2_threshold": 13.931422665512084, "N_raw": 70, "N_roi": 70, "N_inlier": 63, "refit": true}
{"timestamp": "15:34:07.439682", "frame": 71, "mu": [-0.9735687464660253, 1.3777380674412323, 1.4053695912814441], "Sigma": [[0.028936218940860226, 0.01670064375853727, -0.03035094650700703], [0.01670064375853727, 0.014343934818251431, -0.022141473280290324], [-0.03035094650700703, -0.022141473280290324, 0.03879026267424306]], "chi2_level": 0.997, "chi2_df": 3, "chi2_threshold": 13.931422665512084, "N_raw": 71, "N_roi": 71, "N_inlier": 67, "refit": true}
{"timestamp": "15:34:07.490897", "frame": 72, "mu": [-1.2344554648942738, 1.1919691356120623, 1.5827789986718985], "Sigma": [[0.057301604491396915, 0.039226605974533535, -0.04877126834310317], [0.039226605974533535, 0.030630289132947075, -0.03852903921338678], [-0.04877126834310317, -0.03852903921338678, 0.052843347760877624]], "chi2_level": 0.997, "chi2_df": 3, "chi2_threshold": 13.931422665512084, "N_raw": 51, "N_roi": 51, "N_inlier": 48, "refit": true}
{"timestamp": "15:34:07.544970", "frame": 73, "mu": [-1.3195571481463841, 1.094053961114107, 1.768698997892748], "Sigma": [[0.011748755852286038, 0.009227320389930248, -0.0115420151988253], [0.009227320389930248, 0.013420650885527323, -0.010062936010364744], [-0.0115420151988253, -0.010062936010364742, 0.01729559637816542]], "chi2_level": 0.997, "chi2_df": 3, "chi2_threshold": 13.931422665512084, "N_raw": 57, "N_roi": 57, "N_inlier": 56, "refit": true}
{"timestamp": "15:34:07.602760", "frame": 74, "mu": [-1.3293222177567365, 1.1095373522607517, -0.02922951017177508], "Sigma": [[0.01361419128701429, 0.009894859648115139, -0.007313036377594827], [0.009894859648115137, 0.014229435916970906, -0.008827803327487421], [-0.007313036377594827, -0.008827803327487421, 0.006215690125339674]], "chi2_level": 0.997, "chi2_df": 3, "chi2_threshold": 13.931422665512084, "N_raw": 68, "N_roi": 68, "N_inlier": 65, "refit": true}
{"timestamp": "15:34:07.655245", "frame": 75, "mu": [-1.3690585055333413, 1.0022336941029875, 1.6761677367502912], "Sigma": [[0.009939582922895745, 0.0037472854272934814, -0.004455421456555978], [0.0037472854272934814, 0.005910894437054161, -0.005269064891314242], [-0.004455421456555977, -0.005269064891314242, 0.005504272392339742]], "chi2_level": 0.997, "chi2_df": 3, "chi2_threshold": 13.931422665512084, "N_raw": 55, "N_roi": 55, "N_inlier": 55, "refit": true}
{"timestamp": "15:34:07.710890", "frame": 76, "mu": [-1.4256202914054097, 0.9125739311713242, 1.6225582240991399], "Sigma": [[0.006765587348094264, 0.0031086179056251245, -0.002517282401775647], [0.0031086179056251245, 0.008463275253707884, -0.005326051726198305], [-0.002517282401775647, -0.0053260517261983055, 0.0036758974167227162]], "chi2_level": 0.997, "chi2_df": 3, "chi2_threshold": 13.931422665512084, "N_raw": 53, "N_roi": 53, "N_inlier": 51, "refit": true}
{"timestamp": "15:34:07.762156", "frame": 77, "mu": [-1.4678227214066466, 0.8983559221574707, 1.5389278636412693], "Sigma": [[0.0067057032767490945, 0.004175174389459236, -0.00882129865140878], [0.004175174389459235, 0.007725806492398, -0.01090555586350059], [-0.00882129865140878, -0.010905555863500588, 0.024566344164651914]], "chi2_level": 0.997, "chi2_df": 3, "chi2_threshold": 13.931422665512084, "N_raw": 35, "N_roi": 35, "N_inlier": 34, "refit": true}
{"timestamp": "15:34:07.816250", "frame": 78, "mu": [-1.4742854461739634, 0.8234688493042877, 1.4720800923617077], "Sigma": [[0.004826371806370206, 0.0029608375675652552, -0.005720612140621246], [0.0029608375675652552, 0.005054715185982644, -0.006432322245443844], [-0.005720612140621246, -0.006432322245443843, 0.013878675832358613]], "chi2_level": 0.997, "chi2_df": 3, "chi2_threshold": 13.931422665512084, "N_raw": 27, "N_roi": 27, "N_inlier": 26, "refit": true}
{"timestamp": "15:34:07.874555", "frame": 79, "mu": [-1.558943974402342, 0.7679544173328771, 1.4274241132230987], "Sigma": [[0.005984113905169994, 0.004963623838847217, -0.0027428926760890166], [0.004963623838847217, 0.011662137027219546, -0.00800331521495247], [-0.0027428926760890166, -0.00800331521495247, 0.00891065444719967]], "chi2_level": 0.997, "chi2_df": 3, "chi2_threshold": 13.931422665512084, "N_raw": 49, "N_roi": 49, "N_inlier": 47, "refit": true}
{"timestamp": "15:34:07.927980", "frame": 80, "mu": [-1.5886089080995693, 0.7618258951239536, 1.4342318317183127], "Sigma": [[0.004322466553762279, 0.002747693603717608, -0.0025473613411591545], [0.002747693603717608, 0.00822746569858143, -0.0041315747396260954], [-0.0025473613411591545, -0.004131574739626096, 0.018913843275526178]], "chi2_level": 0.997, "chi2_df": 3, "chi2_threshold": 13.931422665512084, "N_raw": 44, "N_roi": 44, "N_inlier": 41, "refit": true}
{"timestamp": "15:34:07.983430", "frame": 81, "mu": [-1.6086432527353045, 0.7109770437750702, 1.4169733315431925], "Sigma": [[0.006269597528353354, 0.003452886558193368, -0.0024552045046535836], [0.003452886558193368, 0.008285262520536718, -0.005846342403307547], [-0.0024552045046535836, -0.005846342403307547, 0.004844703726657864]], "chi2_level": 0.997, "chi2_df": 3, "chi2_threshold": 13.931422665512084, "N_raw": 39, "N_roi": 39, "N_inlier": 39, "refit": true}
{"timestamp": "15:34:08.036020", "frame": 82, "mu": [-1.6425313064727474, 0.6610305618548133, 0.9084481538612528], "Sigma": [[0.02410744076234479, 0.02435585833235107, -0.04507575773971081], [0.02435585833235107, 0.02930192214959485, -0.03440041271534305], [-0.0450757577397108, -0.034400412715343054, 0.11841483019352463]], "chi2_level": 0.997, "chi2_df": 3, "chi2_threshold": 13.931422665512084, "N_raw": 29, "N_roi": 29, "N_inlier": 28, "refit": true}
{"timestamp": "15:34:08.144952", "frame": 84, "mu": [-1.8668870914352225, 0.5369001776985638, 0.5277859084949867], "Sigma": [[0.012353658709698567, 0.0195387825737669, -0.011970231699994916], [0.0195387825737669, 0.03460313073675707, -0.018858252529546336], [-0.011970231699994918, -0.018858252529546336, 0.015123117355852481]], "chi2_level": 0.997, "chi2_df": 3, "chi2_threshold": 13.931422665512084, "N_raw": 17, "N_roi": 17, "N_inlier": 16, "refit": true}
{"timestamp": "15:34:08.529709", "frame": 91, "mu": [0.9377838421935709, 0.4199452791249118, 0.445803105311795], "Sigma": [[3.696653839563668, 0.1691104594900342, -0.033251507791505354], [0.1691104594900342, 0.018059669361674257, -0.0027190766197793203], [-0.033251507791505354, -0.0027190766197793203, 0.0048849006883199585]], "chi2_level": 0.997, "chi2_df": 3, "chi2_threshold": 13.931422665512084, "N_raw": 11, "N_roi": 11, "N_inlier": 11, "refit": true}
{"timestamp": "15:34:08.585066", "frame": 92, "mu": [0.8785298474783796, 0.4488275655771976, 0.38116619023589254], "Sigma": [[3.7767428661597684, 0.19864263458248071, -0.01964787995166904], [0.19864263458248071, 0.01996747640166998, -0.002882966118489064], [-0.01964787995166904, -0.0028829661184890634, 0.0039829881983675505]], "chi2_level": 0.997, "chi2_df": 3, "chi2_threshold": 13.931422665512084, "N_raw": 18, "N_roi": 18, "N_inlier": 18, "refit": true}
{"timestamp": "15:34:08.691828", "frame": 94, "mu": [1.6427362087035446, 0.5741348353035015, 0.4362083701554189], "Sigma": [[2.469205980559178, 0.13823092658805342, -0.01432585920714832], [0.13823092658805342, 0.038746292191625314, -0.0030965280658840537], [-0.014325859207148323, -0.0030965280658840537, 0.001664188087935366]], "chi2_level": 0.997, "chi2_df": 3, "chi2_threshold": 13.931422665512084, "N_raw": 11, "N_roi": 11, "N_inlier": 11, "refit": true}
