{"timestamp": "16:44:51.485339", "frame": 15, "mu": [0.5594546871065165, 4.953386904671993, 0.8798522071316164], "Sigma": [[0.04162742712856631, -0.0020387130282272393, -0.0003054295411861205], [-0.0020387130282272393, 0.000985623387283845, -0.0026287623682736657], [-0.0003054295411861192, -0.0026287623682736657, 0.016241771260405914]], "chi2_level": 0.99, "chi2_df": 3, "chi2_threshold": 11.344866730144373, "N_raw": 60, "N_roi": 38, "N_inlier": 36, "refit": true}
{"timestamp": "16:44:51.541721", "frame": 16, "mu": [0.5333218840992991, 4.929638219332911, 0.9857447619964053], "Sigma": [[0.03565338366464538, -0.002638792028007224, -0.02725950742717883], [-0.002638792028007225, 0.0025732509491244995, 0.00040926745173563127], [-0.027259507427178826, 0.0004092674517356314, 0.025316607054483714]], "chi2_level": 0.99, "chi2_df": 3, "chi2_threshold": 11.344866730144373, "N_raw": 55, "N_roi": 41, "N_inlier": 39, "refit": true}
{"timestamp": "16:44:51.597929", "frame": 17, "mu": [0.46724205185240314, 4.883904565853827, 0.9778030377124741], "Sigma": [[0.0241032265224759, -0.004008683648846309, -0.014185129308615579], [-0.004008683648846309, 0.001763949839689943, -0.0020834615535550013], [-0.014185129308615579, -0.0020834615535550013, 0.05621545852775444]], "chi2_level": 0.99, "chi2_df": 3, "chi2_threshold": 11.344866730144373, "N_raw": 52, "N_roi": 43, "N_inlier": 43, "refit": true}
{"timestamp": "16:44:51.644219", "frame": 18, "mu": [0.4221728454997098, 4.865852556384695, 0.9077202609240651], "Sigma": [[0.002141219809549094, -0.0011464312809356689, -0.0022425630995058], [-0.001146431280935669, 0.0026893777096794, -0.006566326076080099], [-0.0022425630995058, -0.006566326076080099, 0.03326284349750994]], "chi2_level": 0.99, "chi2_df": 3, "chi2_threshold": 11.344866730144373, "N_raw": 5, "N_roi": 5, "N_inlier": 5, "refit": true}
{"timestamp": "16:44:51.706931", "frame": 19, "mu": [0.4575402951604662, 4.810083298588695, 0.9015974723468916], "Sigma": [[0.03989600256704069, -0.0056514544602693775, -0.020365662028299394], [-0.0056514544602693775, 0.0037460405600428493, -0.0016676026117602863], [-0.020365662028299394, -0.0016676026117602863, 0.022579883372651093]], "chi2_level": 0.99, "chi2_df": 3, "chi2_threshold": 11.344866730144373, "N_raw": 60, "N_roi": 58, "N_inlier": 58, "refit": true}
{"timestamp": "16:44:51.763911", "frame": 20, "mu": [0.44862618432334944, 4.793261608751594, -0.8559614556682577], "Sigma": [[0.04009519251681895, 0.0012178978751275884, 0.031471868186991506], [0.0012178978751275886, 0.006110724568750773, 0.008226507326063412], [0.031471868186991506, 0.008226507326063412, 0.15320390084072652]], "chi2_level": 0.99, "chi2_df": 3, "chi2_threshold": 11.344866730144373, "N_raw": 65, "N_roi": 64, "N_inlier": 64, "refit": true}
{"timestamp": "16:44:51.819843", "frame": 21, "mu": [0.4626037989968258, 4.823547254779463, 0.23060144050201192], "Sigma": [[0.03819177635531107, 0.001782363046126566, -0.019698600451782015], [0.001782363046126566, 0.006888001719986945, -0.0034770270335587865], [-0.019698600451782015, -0.0034770270335587865, 0.014155376003564455]], "chi2_level": 0.99, "chi2_df": 3, "chi2_threshold": 11.344866730144373, "N_raw": 70, "N_roi": 66, "N_inlier": 65, "refit": true}
{"timestamp": "16:44:51.873218", "frame": 22, "mu": [0.4764910705625285, 4.726197262348332, -0.3026070527211081], "Sigma": [[0.028162315658148793, 0.007634277251415604, 0.07343603103320295], [0.007634277251415604, 0.010962134533994455, 0.021424912399158932], [0.07343603103320295, 0.021424912399158932, 0.3218135804453452]], "chi2_level": 0.99, "chi2_df": 3, "chi2_threshold": 11.344866730144373, "N_raw": 62, "N_roi": 61, "N_inlier": 61, "refit": true}
{"timestamp": "16:44:51.927711", "frame": 23, "mu": [0.5288924129158757, 4.602306054239267, 0.8920767068026475], "Sigma": [[0.03376211935971142, -0.007393105811876114, -0.022607191221700795], [-0.007393105811876114, 0.003971317349001218, 0.001079269232905568], [-0.022607191221700795, 0.0010792692329055682, 0.030817236275515723]], "chi2_level": 0.99, "chi2_df": 3, "chi2_threshold": 11.344866730144373, "N_raw": 59, "N_roi": 55, "N_inlier": 54, "refit": true}
{"timestamp": "16:44:51.979323", "frame": 24, "mu": [0.4752061865848322, 4.539293342557292, 0.950204710346417], "Sigma": [[0.028668492634471642, -0.004917649130545786, -0.032552887174115065], [-0.004917649130545786, 0.0035487726906087555, 0.006765569425539367], [-0.032552887174115065, 0.006765569425539368, 0.057099639991943806]], "chi2_level": 0.99, "chi2_df": 3, "chi2_threshold": 11.344866730144373, "N_raw": 44, "N_roi": 43, "N_inlier": 42, "refit": true}
{"timestamp": "16:44:52.036221", "frame": 25, "mu": [0.5806063676312233, 4.4391265553606765, 0.5716607938029109], "Sigma": [[0.022845615344075018, -0.006493250643427255, -0.018632606507052327], [-0.006493250643427255, 0.002464641939863039, 0.008486903715251263], [-0.018632606507052323, 0.008486903715251263, 0.08606945696412527]], "chi2_level": 0.99, "chi2_df": 3, "chi2_threshold": 11.344866730144373, "N_raw": 48, "N_roi": 48, "N_inlier": 47, "refit": true}
{"timestamp": "16:44:52.089571", "frame": 26, "mu": [0.4691111864749884, 4.4234100543480555, 1.0672053557577286], "Sigma": [[0.02287417226772233, -0.00375151485026946, -0.009136401127021469], [-0.00375151485026946, 0.002979700238165397, 0.000360242642136138], [-0.009136401127021469, 0.00036024264213613803, 0.012519645438320936]], "chi2_level": 0.99, "chi2_df": 3, "chi2_threshold": 11.344866730144373, "N_raw": 40, "N_roi": 39, "N_inlier": 37, "refit": true}
{"timestamp": "16:44:52.146435", "frame": 27, "mu": [0.4132985286809694, 4.368551389903856, 0.9574560372791654], "Sigma": [[0.03064160653647434, -0.0022071229004078435, -0.01737891062354943], [-0.0022071229004078435, 0.003344310769022392, -0.0010455016905341291], [-0.017378910623549435, -0.001045501690534129, 0.014778339873071101]], "chi2_level": 0.99, "chi2_df": 3, "chi2_threshold": 11.344866730144373, "N_raw": 54, "N_roi": 52, "N_inlier": 51, "refit": true}
{"timestamp": "16:44:52.204403", "frame": 28, "mu": [0.5050136740754049, 4.31901081402836, 0.9629247864446335], "Sigma": [[0.0304539509639642, -0.0051402136312510465, -0.024876237613145356], [-0.0051402136312510465, 0.004708091235512483, -1.6505678443459932e-05], [-0.024876237613145353, -1.6505678443459173e-05, 0.03434531827226341]], "chi2_level": 0.99, "chi2_df": 3, "chi2_threshold": 11.344866730144373, "N_raw": 66, "N_roi": 63, "N_inlier": 63, "refit": true}
{"timestamp": "16:44:52.259937", "frame": 29, "mu": [0.525005170929044, 4.27546486568953, 0.8556954516378955], "Sigma": [[0.0470997788575823, -0.0001282189776947956, -0.025131744830886864], [-0.0001282189776947954, 0.005442232020594752, -0.0013767292978295392], [-0.025131744830886864, -0.0013767292978295392, 0.017943745133911733]], "chi2_level": 0.99, "chi2_df": 3, "chi2_threshold": 11.344866730144373, "N_raw": 77, "N_roi": 77, "N_inlier": 75, "refit": true}
{"timestamp": "16:44:52.313643", "frame": 30, "mu": [0.6385075782854942, 4.2191625072960335, 0.8551448239493562], "Sigma": [[0.03640551447316004, -0.0007494678756486803, -0.015200003157820323], [-0.0007494678756486801, 0.004785730991752258, -0.001899625940937431], [-0.015200003157820323, -0.0018996259409374305, 0.011280986394655147]], "chi2_level": 0.99, "chi2_df": 3, "chi2_threshold": 11.344866730144373, "N_raw": 69, "N_roi": 68, "N_inlier": 65, "refit": true}
{"timestamp": "16:44:52.367889", "frame": 31, "mu": [0.5852193351027923, 4.135672791826493, 0.8702310175907713], "Sigma": [[0.040216767378558504, -0.00451526700804149, -0.021399869785683773], [-0.00451526700804149, 0.003320872476166801, 0.00015179836762359582], [-0.021399869785683777, 0.0001517983676235957, 0.016379578386103932]], "chi2_level": 0.99, "chi2_df": 3, "chi2_threshold": 11.344866730144373, "N_raw": 59, "N_roi": 59, "N_inlier": 58, "refit": true}
{"timestamp": "16:44:52.422842", "frame": 32, "mu": [0.5029136707761691, 4.096209762380803, 0.9553903382208754], "Sigma": [[0.021869224216271507, -0.00555347198730597, -0.007303527070996195], [-0.00555347198730597, 0.004652696556253289, -0.0013556967427237419], [-0.007303527070996195, -0.0013556967427237419, 0.007626023698939388]], "chi2_level": 0.99, "chi2_df": 3, "chi2_threshold": 11.344866730144373, "N_raw": 50, "N_roi": 50, "N_inlier": 47, "refit": true}
{"timestamp": "16:44:52.476969", "frame": 33, "mu": [0.5114533572506896, 4.043479954286919, 0.9487272153046294], "Sigma": [[0.017621262726532468, -0.002807414665528281, -0.006095367564578002], [-0.002807414665528281, 0.0034208984017004953, -0.0029923813485388945], [-0.006095367564578002, -0.0029923813485388945, 0.011835768322904021]], "chi2_level": 0.99, "chi2_df": 3, "chi2_threshold": 11.344866730144373, "N_raw": 46, "N_roi": 46, "N_inlier": 45, "refit": true}
{"timestamp": "16:44:52.532823", "frame": 34, "mu": [0.6421808972446689, 4.076243299998057, -0.5145671652419481], "Sigma": [[0.03137489128692271, 0.006020402008978101, 0.07293545814066807], [0.006020402008978101, 0.007276303342141486, 0.02913136681671205], [0.07293545814066807, 0.02913136681671205, 0.28195465602654723]], "chi2_level": 0.99, "chi2_df": 3, "chi2_threshold": 11.344866730144373, "N_raw": 58, "N_roi": 58, "N_inlier": 57, "refit": true}
{"timestamp": "16:44:52.587842", "frame": 35, "mu": [0.5687007698034933, 3.914106713636083, 0.8184720760159903], "Sigma": [[0.027267546818420065, -0.006213100568965466, 0.0038306250501126404], [-0.006213100568965466, 0.0037167632151693768, -0.0014881014244879946], [0.0038306250501126404, -0.0014881014244879946, 0.03664049333528886]], "chi2_level": 0.99, "chi2_df": 3, "chi2_threshold": 11.344866730144373, "N_raw": 60, "N_roi": 60, "N_inlier": 57, "refit": true}
{"timestamp": "16:44:52.641607", "frame": 36, "mu": [0.5886077716819373, 3.8299150417362537, 0.771128187769647], "Sigma": [[0.024436510471594827, -0.002182741404849585, 0.016393608762176454], [-0.002182741404849585, 0.0020553205793266494, -0.003959634361191318], [0.016393608762176458, -0.003959634361191318, 0.022652319733942973]], "chi2_level": 0.99, "chi2_df": 3, "chi2_threshold": 11.344866730144373, "N_raw": 52, "N_roi": 52, "N_inlier": 49, "refit": true}
{"timestamp": "16:44:52.697089", "frame": 37, "mu": [0.5569118294297063, 3.800231846946856, 0.8388458838017676], "Sigma": [[0.022200909616306365, -0.003000263326388357, -0.006874379900498068], [-0.003000263326388357, 0.0025707319712268625, -0.003172986489275219], [-0.0068743799004980675, -0.0031729864892752193, 0.01401452399042453]], "chi2_level": 0.99, "chi2_df": 3, "chi2_threshold": 11.344866730144373, "N_raw": 54, "N_roi": 54, "N_inlier": 53, "refit": true}
{"timestamp": "16:44:52.754488", "frame": 38, "mu": [0.6126343751863579, 3.7269355755609417, 0.8605393968827493], "Sigma": [[0.027348553749237836, -0.0034398811391968234, -0.008870218730307815], [-0.0034398811391968234, 0.004215034979785434, -0.0012435307891044967], [-0.008870218730307815, -0.0012435307891044969, 0.005992320485585396]], "chi2_level": 0.99, "chi2_df": 3, "chi2_threshold": 11.344866730144373, "N_raw": 59, "N_roi": 59, "N_inlier": 59, "refit": true}
{"timestamp": "16:44:52.809892", "frame": 39, "mu": [0.5161550434246055, 3.662436569675727, 0.9043404460472125], "Sigma": [[0.027491204537362174, -0.004038819875733901, -0.005212527071171587], [-0.004038819875733901, 0.004712035977997698, -0.0043402484634728344], [-0.005212527071171587, -0.0043402484634728344, 0.00932775296287997]], "chi2_level": 0.99, "chi2_df": 3, "chi2_threshold": 11.344866730144373, "N_raw": 73, "N_roi": 73, "N_inlier": 73, "refit": true}
{"timestamp": "16:44:52.865883", "frame": 40, "mu": [0.5926393273279533, 3.6008668402115096, 0.8561945284610236], "Sigma": [[0.03031766868659387, -0.004461447723882954, -0.026276669423371125], [-0.004461447723882954, 0.003266991427358685, -0.0015665284702295014], [-0.02627666942337112, -0.0015665284702295014, 0.04656285289638198]], "chi2_level": 0.99, "chi2_df": 3, "chi2_threshold": 11.344866730144373, "N_raw": 78, "N_roi": 78, "N_inlier": 77, "refit": true}
{"timestamp": "16:44:52.920726", "frame": 41, "mu": [0.5687180982681036, 3.580150283819229, 0.8994768569284015], "Sigma": [[0.03325451624332745, -0.003788109239871288, -0.020403263022587072], [-0.0037881092398712886, 0.004740250779569504, -0.0008112508852575354], [-0.020403263022587076, -0.0008112508852575354, 0.024138204666024884]], "chi2_level": 0.99, "chi2_df": 3, "chi2_threshold": 11.344866730144373, "N_raw": 80, "N_roi": 80, "N_inlier": 77, "refit": true}
{"timestamp": "16:44:52.979366", "frame": 42, "mu": [0.49610259996484224, 3.5709659281569937, -0.2642188669205612], "Sigma": [[0.03120238227101956, 0.0012358812617142383, 0.1122987889877553], [0.001235881261714238, 0.008127144687793525, -0.006015872480202352], [0.1122987889877553, -0.00601587248020235, 0.6425369833295737]], "chi2_level": 0.99, "chi2_df": 3, "chi2_threshold": 11.344866730144373, "N_raw": 102, "N_roi": 102, "N_inlier": 99, "refit": true}
{"timestamp": "16:44:53.030599", "frame": 43, "mu": [0.411406332166708, 3.6298109335829354, -0.1525215751724282], "Sigma": [[0.0265500177620275, 0.002186469971823679, -0.008354759967816814], [0.0021864699718236783, 0.006741594001525603, 5.2214242544090794e-05], [-0.008354759967816814, 5.221424254409085e-05, 0.00546015943913336]], "chi2_level": 0.99, "chi2_df": 3, "chi2_threshold": 11.344866730144373, "N_raw": 73, "N_roi": 73, "N_inlier": 71, "refit": true}
{"timestamp": "16:44:53.086007", "frame": 44, "mu": [0.42384804090277167, 3.538539297241361, 0.09436514395095981], "Sigma": [[0.03317658367469548, -0.006356585893247942, 0.022362076279363343], [-0.006356585893247942, 0.009636307398343456, -0.02268804467772823], [0.022362076279363343, -0.02268804467772823, 0.10619145947562533]], "chi2_level": 0.99, "chi2_df": 3, "chi2_threshold": 11.344866730144373, "N_raw": 83, "N_roi": 83, "N_inlier": 79, "refit": true}
{"timestamp": "16:44:53.140088", "frame": 45, "mu": [0.461463209612554, 3.504670530420771, -0.31087421690418027], "Sigma": [[0.02077368298763796, 0.003925242752162238, -0.0014786974122456536], [0.003925242752162238, 0.007481824647837554, -0.0005088328534927208], [-0.001478697412245654, -0.0005088328534927206, 0.06677475086145913]], "chi2_level": 0.99, "chi2_df": 3, "chi2_threshold": 11.344866730144373, "N_raw": 75, "N_roi": 73, "N_inlier": 70, "refit": true}
{"timestamp": "16:44:53.197989", "frame": 46, "mu": [0.5178190468115221, 3.292080490556681, 0.960018472180707], "Sigma": [[0.031344840975995776, -0.004860699228036287, -0.031533122953772655], [-0.004860699228036287, 0.003531209194685381, 0.001087740215697409], [-0.031533122953772655, 0.0010877402156974087, 0.0556870624653315]], "chi2_level": 0.99, "chi2_df": 3, "chi2_threshold": 11.344866730144373, "N_raw": 93, "N_roi": 91, "N_inlier": 88, "refit": true}
{"timestamp": "16:44:53.255082", "frame": 47, "mu": [0.5540106398706711, 3.2829199582920694, -0.7704820663107735], "Sigma": [[0.03135089093951782, 0.00023515959362791725, -0.006828187600729326], [0.00023515959362791774, 0.016586112986730732, 0.03400530848461149], [-0.006828187600729326, 0.03400530848461149, 0.2233741313549788]], "chi2_level": 0.99, "chi2_df": 3, "chi2_threshold": 11.344866730144373, "N_raw": 105, "N_roi": 105, "N_inlier": 104, "refit": true}
{"timestamp": "16:44:53.301666", "frame": 48, "mu": [0.44455961777983904, 3.170672051912101, -0.9579018309628105], "Sigma": [[0.015510959040695221, -0.0024940591785101904, -0.009617283698455333], [-0.0024940591785101904, 0.005560438043825495, -0.008073904827183589], [-0.009617283698455333, -0.008073904827183589, 0.03256245919202283]], "chi2_level": 0.99, "chi2_df": 3, "chi2_threshold": 11.344866730144373, "N_raw": 42, "N_roi": 40, "N_inlier": 36, "refit": true}
{"timestamp": "16:44:53.359282", "frame": 49, "mu": [0.4852937317265619, 3.086313602798415, 1.0208895156327131], "Sigma": [[0.02035954204874007, -0.0017028108759420647, -0.0032419588903164326], [-0.0017028108759420647, 0.0034793095114460564, -0.0034849460160925605], [-0.0032419588903164326, -0.0034849460160925605, 0.012539318726106424]], "chi2_level": 0.99, "chi2_df": 3, "chi2_threshold": 11.344866730144373, "N_raw": 67, "N_roi": 67, "N_inlier": 65, "refit": true}
{"timestamp": "16:44:53.420988", "frame": 50, "mu": [0.5247576774002956, 3.046344991741706, 0.9059681322414436], "Sigma": [[0.02479931599231316, -0.005892815107994078, -0.0026868909742958284], [-0.005892815107994078, 0.004112245581775352, -0.004727442179197178], [-0.002686890974295829, -0.004727442179197178, 0.015181309933515215]], "chi2_level": 0.99, "chi2_df": 3, "chi2_threshold": 11.344866730144373, "N_raw": 87, "N_roi": 85, "N_inlier": 83, "refit": true}
{"timestamp": "16:44:53.473354", "frame": 51, "mu": [0.5274913448283103, 2.9959256587315486, 0.7700958687723487], "Sigma": [[0.018601590798231996, -0.0027605210747289246, 0.0009524269436240563], [-0.002760521074728925, 0.0018963846934849549, -0.009773290754093018], [0.0009524269436240567, -0.009773290754093018, 0.197771414418988]], "chi2_level": 0.99, "chi2_df": 3, "chi2_threshold": 11.344866730144373, "N_raw": 89, "N_roi": 89, "N_inlier": 88, "refit": true}
{"timestamp": "16:44:53.530320", "frame": 52, "mu": [0.5129840497415123, 2.968954041611881, 0.9612361250132754], "Sigma": [[0.025876326887841597, -0.007785319447724898, -0.006410243161969322], [-0.0077853194477248994, 0.004048972841757186, -0.0040017568298463604], [-0.006410243161969323, -0.0040017568298463604, 0.052413361652008716]], "chi2_level": 0.99, "chi2_df": 3, "chi2_threshold": 11.344866730144373, "N_raw": 106, "N_roi": 106, "N_inlier": 103, "refit": true}
{"timestamp": "16:44:53.576912", "frame": 53, "mu": [0.7133583652605653, 2.8068125416901313, 0.9841096734345035], "Sigma": [[0.03464993203627174, -0.013225671132363531, -0.03776284815551338], [-0.013225671132363531, 0.006228397610813101, 0.012619743505078867], [-0.03776284815551338, 0.012619743505078867, 0.052072743193752095]], "chi2_level": 0.99, "chi2_df": 3, "chi2_threshold": 11.344866730144373, "N_raw": 52, "N_roi": 51, "N_inlier": 47, "refit": true}
{"timestamp": "16:44:53.632152", "frame": 54, "mu": [0.6241925580035591, 2.8086446102555715, 0.9648909934311405], "Sigma": [[0.0835645944925043, -0.02353521184771387, -0.038458971114084445], [-0.02353521184771387, 0.008630925647235227, 0.008764333250218958], [-0.038458971114084445, 0.008764333250218958, 0.023863899799420746]], "chi2_level": 0.99, "chi2_df": 3, "chi2_threshold": 11.344866730144373, "N_raw": 52, "N_roi": 52, "N_inlier": 50, "refit": true}
{"timestamp": "16:44:53.689666", "frame": 55, "mu": [0.515912885336376, 2.784474428872801, 0.9248398274036568], "Sigma": [[0.015530621671072456, -0.0037469656006557123, 0.0028374405554014203], [-0.0037469656006557123, 0.0024763735591937334, -0.004944464771731551], [0.0028374405554014194, -0.004944464771731551, 0.021427700218948534]], "chi2_level": 0.99, "chi2_df": 3, "chi2_threshold": 11.344866730144373, "N_raw": 73, "N_roi": 73, "N_inlier": 69, "refit": true}
{"timestamp": "16:44:53.745002", "frame": 56, "mu": [0.4771546633519594, 2.763219115889897, 1.1106114505319413], "Sigma": [[0.018026585656383053, -0.0057919784268241955, -0.009657511035439674], [-0.0057919784268241955, 0.003919768929530178, -0.001020794157609937], [-0.009657511035439676, -0.001020794157609937, 0.018476372723853603]], "chi2_level": 0.99, "chi2_df": 3, "chi2_threshold": 11.344866730144373, "N_raw": 69, "N_roi": 69, "N_inlier": 65, "refit": true}
{"timestamp": "16:44:53.804163", "frame": 57, "mu": [0.5232778145697318, 2.6719833167902314, 0.9608112113391235], "Sigma": [[0.015928109024767177, -0.0018163817209423051, -0.003912177050703792], [-0.001816381720942305, 0.0016373105660195488, -0.002158516745135817], [-0.003912177050703793, -0.002158516745135817, 0.05013874642758529]], "chi2_level": 0.99, "chi2_df": 3, "chi2_threshold": 11.344866730144373, "N_raw": 91, "N_roi": 91, "N_inlier": 87, "refit": true}
{"timestamp": "16:44:53.859370", "frame": 58, "mu": [0.5423460300202542, 2.5948413946445483, 0.9791103720398543], "Sigma": [[0.030219167335881328, -0.005718071044794175, 0.0019273812132797334], [-0.005718071044794175, 0.004341204369453284, -0.004626155876038106], [0.0019273812132797334, -0.004626155876038106, 0.008219399111385932]], "chi2_level": 0.99, "chi2_df": 3, "chi2_threshold": 11.344866730144373, "N_raw": 99, "N_roi": 99, "N_inlier": 97, "refit": true}
{"timestamp": "16:44:53.910634", "frame": 59, "mu": [0.5244589522897547, 2.5288525916284965, 1.0620412139242579], "Sigma": [[0.018762145648169817, -0.004999635445656258, -0.0061201900051292245], [-0.004999635445656258, 0.002848438599242324, -0.0017904539865128322], [-0.0061201900051292245, -0.001790453986512832, 0.017588451007721807]], "chi2_level": 0.99, "chi2_df": 3, "chi2_threshold": 11.344866730144373, "N_raw": 73, "N_roi": 73, "N_inlier": 72, "refit": true}
{"timestamp": "16:44:53.966275", "frame": 60, "mu": [0.46538808229073997, 2.507493887470025, 1.1398691641071392], "Sigma": [[0.01800110671748989, -0.003528148282122728, -0.005501346849569157], [-0.003528148282122728, 0.005085949110148587, -0.0008995175958798532], [-0.005501346849569157, -0.0008995175958798533, 0.005033152922003791]], "chi2_level": 0.99, "chi2_df": 3, "chi2_threshold": 11.344866730144373, "N_raw": 76, "N_roi": 76, "N_inlier": 71, "refit": true}
{"timestamp": "16:44:54.121267", "frame": 61, "mu": [0.5776543040632808, 2.457246960510574, 1.0376510201192706], "Sigma": [[0.02179999259203405, -0.0012966038808710485, -0.0065262896873976295], [-0.0012966038808710483, 0.004408087686839752, -0.007481850925876958], [-0.0065262896873976295, -0.007481850925876958, 0.019247574819431124]], "chi2_level": 0.99, "chi2_df": 3, "chi2_threshold": 11.344866730144373, "N_raw": 116, "N_roi": 116, "N_inlier": 112, "refit": true}
{"timestamp": "16:44:54.176029", "frame": 62, "mu": [0.5038221532233295, 2.3653437222918927, 0.854819393003178], "Sigma": [[0.028147900315739435, -0.006051054499555317, -0.01600236337704841], [-0.0060510544995553165, 0.003049551842587658, -0.0008383997048476465], [-0.016002363377048412, -0.0008383997048476464, 0.028994438006440738]], "chi2_level": 0.99, "chi2_df": 3, "chi2_threshold": 11.344866730144373, "N_raw": 115, "N_roi": 115, "N_inlier": 110, "refit": true}
{"timestamp": "16:44:54.190704", "frame": 63, "mu": [0.4512995214122245, 2.3240568746811134, 0.9188634982306176], "Sigma": [[0.01530180177646123, 0.0013624750605338363, 0.0021351316470212788], [0.0013624750605338363, 0.0035775802167399, -0.003722517589138122], [0.0021351316470212788, -0.003722517589138122, 0.024917104465586558]], "chi2_level": 0.99, "chi2_df": 3, "chi2_threshold": 11.344866730144373, "N_raw": 93, "N_roi": 93, "N_inlier": 89, "refit": true}
{"timestamp": "16:44:54.222921", "frame": 64, "mu": [0.46093307757014257, 2.2492946023013416, 1.0480967153107554], "Sigma": [[0.013054619274325578, 0.0010798022833066172, -0.005447363051213092], [0.001079802283306617, 0.0023704394581081385, 0.0012214422461364065], [-0.005447363051213092, 0.0012214422461364065, 0.13783626946041336]], "chi2_level": 0.99, "chi2_df": 3, "chi2_threshold": 11.344866730144373, "N_raw": 79, "N_roi": 79, "N_inlier": 75, "refit": true}
{"timestamp": "16:44:54.253918", "frame": 65, "mu": [0.45763266837742633, 2.181063000162216, 0.9525072091596827], "Sigma": [[0.025445484379064152, -0.002189475884341802, -0.018576075881275203], [-0.002189475884341802, 0.003843711243997604, -0.0020356430841651893], [-0.018576075881275203, -0.0020356430841651897, 0.03168713564118465]], "chi2_level": 0.99, "chi2_df": 3, "chi2_threshold": 11.344866730144373, "N_raw": 118, "N_roi": 118, "N_inlier": 112, "refit": true}
{"timestamp": "16:44:54.296484", "frame": 66, "mu": [0.46649171501599673, 2.099073465472559, 0.8322709393521981], "Sigma": [[0.016492748181204556, 0.001774603558716645, -0.014404656658844862], [0.0017746035587166446, 0.007288448372538481, -0.005468624204982477], [-0.014404656658844864, -0.005468624204982477, 0.017111291075717367]], "chi2_level": 0.99, "chi2_df": 3, "chi2_threshold": 11.344866730144373, "N_raw": 82, "N_roi": 82, "N_inlier": 78, "refit": true}
{"timestamp": "16:44:54.354856", "frame": 67, "mu": [0.45331303272864837, 2.045433291005988, 0.9150156800342766], "Sigma": [[0.015812809900490443, 0.0014267353712116486, -0.005880652153231391], [0.0014267353712116482, 0.0029133143125065703, -0.0026953471713820885], [-0.005880652153231391, -0.002695347171382088, 0.02980253052662557]], "chi2_level": 0.99, "chi2_df": 3, "chi2_threshold": 11.344866730144373, "N_raw": 100, "N_roi": 100, "N_inlier": 97, "refit": true}
{"timestamp": "16:44:54.407194", "frame": 68, "mu": [0.4654153037881376, 2.0008425779779553, 0.9238979673637072], "Sigma": [[0.015796876169895443, -0.0019778099880258205, -0.009857015888226447], [-0.0019778099880258205, 0.0014564026070375046, -0.0007640445627791404], [-0.009857015888226447, -0.0007640445627791403, 0.028699229647351932]], "chi2_level": 0.99, "chi2_df": 3, "chi2_threshold": 11.344866730144373, "N_raw": 85, "N_roi": 85, "N_inlier": 83, "refit": true}
{"timestamp": "16:44:54.462944", "frame": 69, "mu": [0.5278318433231581, 1.9646970466898994, -0.5243830497770295], "Sigma": [[0.013058125052882816, -0.00031955452020714743, 0.07602261939540048], [-0.00031955452020714743, 0.0025623403039453643, -0.011456019766574118], [0.07602261939540048, -0.011456019766574118, 0.8420309679436482]], "chi2_level": 0.99, "chi2_df": 3, "chi2_threshold": 11.344866730144373, "N_raw": 97, "N_roi": 95, "N_inlier": 94, "refit": true}
{"timestamp": "16:44:54.518840", "frame": 70, "mu": [0.5010760774783362, 1.8880034095344245, 0.866542878879444], "Sigma": [[0.01918861580854405, -0.00261333373402348, -0.013910596105612145], [-0.00261333373402348, 0.0015174586671344496, -0.0006368076800576547], [-0.013910596105612147, -0.0006368076800576545, 0.03918104682039755]], "chi2_level": 0.99, "chi2_df": 3, "chi2_threshold": 11.344866730144373, "N_raw": 93, "N_roi": 93, "N_inlier": 89, "refit": true}
{"timestamp": "16:44:54.576153", "frame": 71, "mu": [0.5249871822705612, 1.83837485158095, 0.9560118548761124], "Sigma": [[0.012657247196592437, -0.0028588303365787186, -0.005696052914352682], [-0.0028588303365787186, 0.0023499502832354745, 0.003918325397598459], [-0.005696052914352682, 0.00391832539759846, 0.0626130820038025]], "chi2_level": 0.99, "chi2_df": 3, "chi2_threshold": 11.344866730144373, "N_raw": 109, "N_roi": 108, "N_inlier": 104, "refit": true}
{"timestamp": "16:44:54.625107", "frame": 72, "mu": [0.5553031704195993, 1.7573053459846497, 0.6432898122833997], "Sigma": [[0.017236974878591507, -0.005341961950750962, -0.03343261693284264], [-0.005341961950750961, 0.0025371858895149, 0.013085392676545233], [-0.03343261693284264, 0.013085392676545233, 0.4333840956357137]], "chi2_level": 0.99, "chi2_df": 3, "chi2_threshold": 11.344866730144373, "N_raw": 63, "N_roi": 63, "N_inlier": 62, "refit": true}
{"timestamp": "16:44:54.691890", "frame": 73, "mu": [0.5395242004228287, 1.7435607615947464, 0.7029377381840287], "Sigma": [[0.01170768595311601, -0.004282059430715514, -0.023847377718693646], [-0.004282059430715514, 0.0046134063998732626, 0.010522112145726294], [-0.023847377718693646, 0.010522112145726294, 0.3521218810773539]], "chi2_level": 0.99, "chi2_df": 3, "chi2_threshold": 11.344866730144373, "N_raw": 150, "N_roi": 150, "N_inlier": 150, "refit": true}
{"timestamp": "16:44:54.742012", "frame": 74, "mu": [0.5008256804884236, 1.7252199563829715, 1.0685500138871786], "Sigma": [[0.008649266423606692, -0.0028297672178119538, 0.0012289463685091478], [-0.0028297672178119538, 0.003019014526241469, -0.0030977842663255984], [0.001228946368509148, -0.003097784266325598, 0.03255857859835676]], "chi2_level": 0.99, "chi2_df": 3, "chi2_threshold": 11.344866730144373, "N_raw": 94, "N_roi": 94, "N_inlier": 90, "refit": true}
{"timestamp": "16:44:54.800850", "frame": 75, "mu": [0.6607084928210881, 1.602150118804814, 0.9948712578896414], "Sigma": [[0.07160508243607167, -0.03384542662298284, -0.018384828410784954], [-0.03384542662298284, 0.018636587518254238, 0.006857291356703784], [-0.018384828410784954, 0.006857291356703784, 0.03428760841177311]], "chi2_level": 0.99, "chi2_df": 3, "chi2_threshold": 11.344866730144373, "N_raw": 148, "N_roi": 148, "N_inlier": 146, "refit": true}
{"timestamp": "16:44:54.850569", "frame": 76, "mu": [0.5412929434292435, 1.6291919773068417, 1.166378179703897], "Sigma": [[0.008257747946542144, -0.0019494948545677468, -0.0003703319309229177], [-0.0019494948545677468, 0.005288587891002063, -0.005220411443041203], [-0.0003703319309229178, -0.005220411443041203, 0.019041289676103874]], "chi2_level": 0.99, "chi2_df": 3, "chi2_threshold": 11.344866730144373, "N_raw": 101, "N_roi": 101, "N_inlier": 98, "refit": true}
{"timestamp": "16:44:54.906013", "frame": 77, "mu": [0.5707086562923682, 1.5583988727759086, 1.4436617285736726], "Sigma": [[0.010816550376748224, -0.002994237228186072, 0.010207417224094417], [-0.0029942372281860715, 0.008981103370585957, 0.0410101199876873], [0.010207417224094417, 0.0410101199876873, 0.7758357978302907]], "chi2_level": 0.99, "chi2_df": 3, "chi2_threshold": 11.344866730144373, "N_raw": 106, "N_roi": 106, "N_inlier": 105, "refit": true}
{"timestamp": "16:44:54.960280", "frame": 78, "mu": [0.5600883119109183, 1.4569365434793335, 1.061267499522055], "Sigma": [[0.01402889265159772, -0.004376613613008076, -0.015210487073406893], [-0.004376613613008076, 0.003558310165067167, 0.0006927400822094858], [-0.015210487073406893, 0.0006927400822094858, 0.04889133465655017]], "chi2_level": 0.99, "chi2_df": 3, "chi2_threshold": 11.344866730144373, "N_raw": 104, "N_roi": 104, "N_inlier": 103, "refit": true}
{"timestamp": "16:44:55.016005", "frame": 79, "mu": [0.5497830864717135, 1.4259597671488558, 1.2784750128777038], "Sigma": [[0.01299378749989506, -0.006827773511384604, 0.009023708551527223], [-0.006827773511384604, 0.006534897708569385, -0.009871270308563418], [0.009023708551527223, -0.00987127030856342, 0.02013519672782599]], "chi2_level": 0.99, "chi2_df": 3, "chi2_threshold": 11.344866730144373, "N_raw": 108, "N_roi": 108, "N_inlier": 104, "refit": true}
{"timestamp": "16:44:55.077400", "frame": 80, "mu": [0.6213378968293879, 1.3348975453820957, 1.1544242766241002], "Sigma": [[0.04776883454339855, -0.0126135138438346, -0.019228802238501947], [-0.0126135138438346, 0.005572456966447423, 0.001474073999930707], [-0.019228802238501947, 0.001474073999930707, 0.016588152154180094]], "chi2_level": 0.99, "chi2_df": 3, "chi2_threshold": 11.344866730144373, "N_raw": 150, "N_roi": 150, "N_inlier": 146, "refit": true}
{"timestamp": "16:44:55.125896", "frame": 81, "mu": [0.5079039848537809, 1.307413987108001, 1.1157955768636094], "Sigma": [[0.00842983731642886, -0.0015351189680537008, 0.002708929851007338], [-0.0015351189680537008, 0.0023689718376208153, -0.0021490333459910655], [0.002708929851007339, -0.0021490333459910655, 0.037082998008938564]], "chi2_level": 0.99, "chi2_df": 3, "chi2_threshold": 11.344866730144373, "N_raw": 106, "N_roi": 105, "N_inlier": 101, "refit": true}
{"timestamp": "16:44:55.177005", "frame": 82, "mu": [0.5939678606958517, 1.236344149727329, 1.3430187565513036], "Sigma": [[0.012856909572980248, -0.0056956272966640405, 0.006967819160951067], [-0.0056956272966640405, 0.005752201890772615, -0.010197523181201387], [0.006967819160951067, -0.010197523181201387, 0.030456615354395172]], "chi2_level": 0.99, "chi2_df": 3, "chi2_threshold": 11.344866730144373, "N_raw": 81, "N_roi": 81, "N_inlier": 75, "refit": true}
{"timestamp": "16:44:55.232099", "frame": 83, "mu": [0.5920030442174491, 1.1591425388405192, 1.3086463710218879], "Sigma": [[0.01160508446373929, -0.0006691184656565582, 0.0193688940247103], [-0.0006691184656565582, 0.0022098762120562015, -0.0016703941332901829], [0.0193688940247103, -0.0016703941332901835, 0.09357205160811069]], "chi2_level": 0.99, "chi2_df": 3, "chi2_threshold": 11.344866730144373, "N_raw": 88, "N_roi": 88, "N_inlier": 83, "refit": true}
{"timestamp": "16:44:55.293895", "frame": 84, "mu": [0.6047576430227841, 1.1368329430887798, 1.3453446344906226], "Sigma": [[0.008508781367059766, -0.002063376179637009, 0.0004046586998197335], [-0.002063376179637009, 0.00513744551911936, -0.0031658293790483433], [0.0004046586998197335, -0.003165829379048344, 0.044737533636709494]], "chi2_level": 0.99, "chi2_df": 3, "chi2_threshold": 11.344866730144373, "N_raw": 132, "N_roi": 132, "N_inlier": 128, "refit": true}
{"timestamp": "16:44:55.338515", "frame": 85, "mu": [0.5195829731096724, 1.0882340388288017, 1.2931155716253973], "Sigma": [[0.017802907145117505, -0.007638780158358576, -0.005601709419918812], [-0.007638780158358576, 0.004838186507071543, 0.002841502440958691], [-0.005601709419918812, 0.0028415024409586915, 0.14843751611745104]], "chi2_level": 0.99, "chi2_df": 3, "chi2_threshold": 11.344866730144373, "N_raw": 54, "N_roi": 54, "N_inlier": 51, "refit": true}
{"timestamp": "16:44:55.397712", "frame": 86, "mu": [0.5365899179987307, 1.0942507898260527, -0.49765947780248426], "Sigma": [[0.02317826086509764, 0.0019385975307646196, 0.035277195802088525], [0.0019385975307646191, 0.0020840447819360304, 0.0025901079973220703], [0.035277195802088525, 0.0025901079973220703, 0.07158975057975944]], "chi2_level": 0.99, "chi2_df": 3, "chi2_threshold": 11.344866730144373, "N_raw": 96, "N_roi": 96, "N_inlier": 89, "refit": true}
{"timestamp": "16:44:55.441283", "frame": 87, "mu": [0.5173404801876914, 1.0632608534274421, 0.806019926515775], "Sigma": [[0.004982601042060363, 0.0027930568543992626, -0.014400948735097657], [0.0027930568543992626, 0.01761389151008624, -0.06089517698308824], [-0.014400948735097655, -0.06089517698308824, 0.45404218297481075]], "chi2_level": 0.99, "chi2_df": 3, "chi2_threshold": 11.344866730144373, "N_raw": 11, "N_roi": 11, "N_inlier": 11, "refit": true}
{"timestamp": "16:44:55.496122", "frame": 88, "mu": [0.4281085518814366, 1.1028418596601357, -0.5874966454409881], "Sigma": [[0.011366994189293723, -0.00736419691002955, -0.008566947693231321], [-0.00736419691002955, 0.00583449019901615, 0.005239854585233059], [-0.008566947693231318, 0.005239854585233057, 0.038534279203673624]], "chi2_level": 0.99, "chi2_df": 3, "chi2_threshold": 11.344866730144373, "N_raw": 18, "N_roi": 18, "N_inlier": 16, "refit": true}
{"timestamp": "16:44:55.556895", "frame": 89, "mu": [0.5928346813240338, 0.8987344407337784, 1.4043003706559931], "Sigma": [[0.0025590710616466873, 0.0002633739222204071, 0.002451848767704857], [0.0002633739222204071, 0.003460357478330428, -0.0034043071783302105], [0.0024518487677048567, -0.0034043071783302105, 0.008134882688993641]], "chi2_level": 0.99, "chi2_df": 3, "chi2_threshold": 11.344866730144373, "N_raw": 61, "N_roi": 61, "N_inlier": 58, "refit": true}
{"timestamp": "16:44:55.608093", "frame": 90, "mu": [0.5786483737135135, 0.8835723053070308, 1.1400756748786196], "Sigma": [[0.005337749715400937, -0.002764425165113211, -0.022556798128914313], [-0.002764425165113211, 0.00512628183815344, 0.0151487606348197], [-0.022556798128914313, 0.015148760634819701, 0.22290192888780164]], "chi2_level": 0.99, "chi2_df": 3, "chi2_threshold": 11.344866730144373, "N_raw": 24, "N_roi": 24, "N_inlier": 24, "refit": true}
{"timestamp": "16:44:55.664385", "frame": 91, "mu": [0.6189225266631475, 0.7620149542705328, 1.5003141282136907], "Sigma": [[0.0025538063847566706, -0.0003412453859673244, -0.002439608933769326], [-0.0003412453859673244, 0.002726491802996915, -9.391282302450253e-05], [-0.002439608933769326, -9.391282302450253e-05, 0.02808320309882089]], "chi2_level": 0.99, "chi2_df": 3, "chi2_threshold": 11.344866730144373, "N_raw": 34, "N_roi": 34, "N_inlier": 30, "refit": true}
{"timestamp": "16:44:55.726496", "frame": 92, "mu": [0.6445856566406026, 0.7644478871606739, 1.374936538188251], "Sigma": [[0.003744223153727144, 0.0014528600535369213, 0.0014686369593425717], [0.0014528600535369213, 0.003016809828443768, -0.0014134912434609207], [0.0014686369593425715, -0.0014134912434609205, 0.04172229685971501]], "chi2_level": 0.99, "chi2_df": 3, "chi2_threshold": 11.344866730144373, "N_raw": 76, "N_roi": 76, "N_inlier": 74, "refit": true}
{"timestamp": "16:44:55.771400", "frame": 93, "mu": [0.6145643639280902, 0.8509076180237362, -0.4668352947158236], "Sigma": [[0.001268010181452328, 0.0013944678365758144, -0.001446772089739986], [0.0013944678365758144, 0.006150006754075963, -0.0076097255984293385], [-0.0014467720897399857, -0.0076097255984293385, 0.08792657098268042]], "chi2_level": 0.99, "chi2_df": 3, "chi2_threshold": 11.344866730144373, "N_raw": 13, "N_roi": 13, "N_inlier": 13, "refit": true}
{"timestamp": "16:44:55.828463", "frame": 94, "mu": [0.6297843680467459, 0.6180227616243624, 1.4345606942667841], "Sigma": [[0.001450054302675605, -7.40034660091754e-06, 0.002896670371592744], [-7.40034660091758e-06, 0.0035883700357880223, 0.006925989140627006], [0.002896670371592744, 0.006925989140627008, 0.07791110084775613]], "chi2_level": 0.99, "chi2_df": 3, "chi2_threshold": 11.344866730144373, "N_raw": 26, "N_roi": 26, "N_inlier": 25, "refit": true}
{"timestamp": "16:44:55.890528", "frame": 95, "mu": [0.6325641312201195, 0.6088490513657691, 1.2407945220391603], "Sigma": [[0.004080376529504084, 0.0007672485360783299, 0.0045863301271479775], [0.0007672485360783299, 0.0031711620009815715, 0.007576860338578675], [0.0045863301271479775, 0.007576860338578675, 0.07496422192696688]], "chi2_level": 0.99, "chi2_df": 3, "chi2_threshold": 11.344866730144373, "N_raw": 81, "N_roi": 81, "N_inlier": 79, "refit": true}
{"timestamp": "16:44:55.945154", "frame": 96, "mu": [0.6490431763718059, 0.6025484102527632, 1.4534524144851604], "Sigma": [[0.002533480428162688, -0.0003316747235096268, -0.0031350103652598273], [-0.00033167472350962673, 0.004011085671365079, -0.0015753034381039963], [-0.0031350103652598277, -0.0015753034381039963, 0.01967648250896082]], "chi2_level": 0.99, "chi2_df": 3, "chi2_threshold": 11.344866730144373, "N_raw": 70, "N_roi": 70, "N_inlier": 66, "refit": true}
{"timestamp": "16:44:55.994117", "frame": 97, "mu": [0.6317526536870424, 0.5146390753230146, -0.4957042953688834], "Sigma": [[0.0015765774272723263, 0.00022757659446327695, 0.00044438682983350027], [0.000227576594463277, 0.0024754984906752053, 0.0067466757333318975], [0.00044438682983350027, 0.006746675733331896, 0.0462008451773871]], "chi2_level": 0.99, "chi2_df": 3, "chi2_threshold": 11.344866730144373, "N_raw": 30, "N_roi": 29, "N_inlier": 27, "refit": true}
{"timestamp": "16:44:56.053135", "frame": 98, "mu": [0.649509379951799, 0.5307566777103991, 1.4054714450084866], "Sigma": [[0.0025481014797708442, -1.3272495024949408e-07, -0.0026186341102518696], [-1.3272495024953474e-07, 0.002653608815405928, 0.000742749223358042], [-0.002618634110251869, 0.000742749223358042, 0.015002689218543643]], "chi2_level": 0.99, "chi2_df": 3, "chi2_threshold": 11.344866730144373, "N_raw": 56, "N_roi": 56, "N_inlier": 51, "refit": true}
{"timestamp": "16:44:56.103854", "frame": 99, "mu": [0.6157958654404607, 0.4086962817527446, 1.236981015615654], "Sigma": [[0.0049263975643011075, -0.006322958082017177, -0.030102965749235606], [-0.006322958082017177, 0.015807912964100692, 0.052756198843208923], [-0.030102965749235606, 0.052756198843208923, 0.24078751345901683]], "chi2_level": 0.99, "chi2_df": 3, "chi2_threshold": 11.344866730144373, "N_raw": 26, "N_roi": 26, "N_inlier": 26, "refit": true}
{"timestamp": "16:44:56.309654", "frame": 100, "mu": [0.6558556236061568, 0.36296499114776737, 0.5000360739754084], "Sigma": [[0.001348335879258738, 0.0006542830411055189, -0.005195787946754739], [0.000654283041105519, 0.006295038454559749, 0.013618799110313443], [-0.005195787946754739, 0.013618799110313445, 0.4213647733428088]], "chi2_level": 0.99, "chi2_df": 3, "chi2_threshold": 11.344866730144373, "N_raw": 22, "N_roi": 22, "N_inlier": 22, "refit": true}
