{"timestamp": "17:08:37.353653", "frame": 1, "mu": [1.2287642491043473, 1.3227021203591747, 1.5834953251853645], "Sigma": [[0.007113931480277106, -0.0016745892086536607, -0.0012466497105226638], [-0.0016745892086536607, 0.007756219144677724, 0.002896366154182144], [-0.0012466497105226638, 0.002896366154182144, 0.0015388519943800537]], "chi2_level": 0.99, "chi2_df": 3, "chi2_threshold": 11.344866730144373, "N_raw": 51, "N_roi": 51, "N_inlier": 48, "refit": true}
{"timestamp": "17:08:37.409574", "frame": 2, "mu": [1.1525918619469573, 1.298174311627352, 1.532880575158635], "Sigma": [[0.004148631125599155, -0.0006033503363403205, -0.0027116042285534724], [-0.0006033503363403204, 0.00795701027981884, 0.004849264663178368], [-0.0027116042285534724, 0.004849264663178368, 0.011458130928460987]], "chi2_level": 0.99, "chi2_df": 3, "chi2_threshold": 11.344866730144373, "N_raw": 39, "N_roi": 39, "N_inlier": 35, "refit": true}
{"timestamp": "17:08:37.459708", "frame": 3, "mu": [1.1005997540908092, 1.28945456753598, 0.786050585019445], "Sigma": [[0.02050400911029403, -0.005399290564641317, 0.004933354025773579], [-0.005399290564641317, 0.024867303271244666, -0.010900957993950276], [0.004933354025773579, -0.010900957993950279, 0.5136774275336824]], "chi2_level": 0.99, "chi2_df": 3, "chi2_threshold": 11.344866730144373, "N_raw": 11, "N_roi": 11, "N_inlier": 11, "refit": true}
{"timestamp": "17:08:37.516159", "frame": 4, "mu": [1.0765243624644951, 1.2192502119405755, 1.22111486775543], "Sigma": [[0.0042534162408805745, -0.0015891685288517026, 0.003837137392704695], [-0.0015891685288517028, 0.005749796752907728, -0.020283432502332575], [0.003837137392704695, -0.020283432502332572, 0.1970971818981788]], "chi2_level": 0.99, "chi2_df": 3, "chi2_threshold": 11.344866730144373, "N_raw": 29, "N_roi": 29, "N_inlier": 27, "refit": true}
{"timestamp": "17:08:37.568425", "frame": 5, "mu": [0.9794148769534988, 1.2701183506663147, 1.4316154935485512], "Sigma": [[0.0011834534048194938, -0.001761570248037106, -0.00045801725111551837], [-0.0017615702480371059, 0.022365115222342996, 0.006178582236605829], [-0.0004580172511155183, 0.006178582236605829, 0.0018991673555124092]], "chi2_level": 0.99, "chi2_df": 3, "chi2_threshold": 11.344866730144373, "N_raw": 8, "N_roi": 8, "N_inlier": 8, "refit": true}
{"timestamp": "17:08:37.623898", "frame": 6, "mu": [0.9136679917686472, 1.3016735535289738, 1.4849029117456398], "Sigma": [[0.00117039800914197, 0.00052595249197423, -0.001160593391646318], [0.0005259524919742298, 0.005314949197823416, -0.00022273166077934443], [-0.001160593391646318, -0.00022273166077934464, 0.001529567273877694]], "chi2_level": 0.99, "chi2_df": 3, "chi2_threshold": 11.344866730144373, "N_raw": 12, "N_roi": 12, "N_inlier": 11, "refit": true}
{"timestamp": "17:08:37.679901", "frame": 7, "mu": [1.0237872352012058, 1.1739569996870862, 0.9104633891402278], "Sigma": [[0.02400733767141272, -0.01745983109512169, -0.07817084203260455], [-0.017459831095121694, 0.01579553830802425, 0.05792074912202152], [-0.07817084203260455, 0.05792074912202152, 0.2668647734174643]], "chi2_level": 0.99, "chi2_df": 3, "chi2_threshold": 11.344866730144373, "N_raw": 16, "N_roi": 16, "N_inlier": 16, "refit": true}
{"timestamp": "17:08:37.733947", "frame": 8, "mu": [0.9161692330361998, 1.2180658313986732, 1.0451679106107783], "Sigma": [[0.004793495333185105, -0.00852943481358728, -0.03732954731839529], [-0.00852943481358728, 0.024823720944083187, 0.08339873372225115], [-0.03732954731839529, 0.08339873372225114, 0.32341735457301596]], "chi2_level": 0.99, "chi2_df": 3, "chi2_threshold": 11.344866730144373, "N_raw": 9, "N_roi": 9, "N_inlier": 9, "refit": true}
{"timestamp": "17:08:37.789529", "frame": 9, "mu": [0.8169985393626517, 1.2284516964871468, 0.9405190003137763], "Sigma": [[0.001193419239051522, -0.0007597892782161957, 0.008436106502592904], [-0.0007597892782161957, 0.012812103465622417, 0.021406035479005475], [0.008436106502592904, 0.021406035479005475, 0.2187550601509338]], "chi2_level": 0.99, "chi2_df": 3, "chi2_threshold": 11.344866730144373, "N_raw": 12, "N_roi": 12, "N_inlier": 12, "refit": true}
{"timestamp": "17:08:37.860178", "frame": 10, "mu": [0.729355146660633, 1.343580521436871, 1.2980913464466926], "Sigma": [[0.007949673325335383, -0.0028893054755393076, 0.0023589899876465207], [-0.0028893054755393076, 0.005854755525544971, -0.016045459007893264], [0.0023589899876465203, -0.016045459007893267, 0.07358025620058325]], "chi2_level": 0.99, "chi2_df": 3, "chi2_threshold": 11.344866730144373, "N_raw": 124, "N_roi": 124, "N_inlier": 121, "refit": true}
{"timestamp": "17:08:37.913150", "frame": 11, "mu": [0.6459120049073636, 1.374573498355777, 1.210131589354788], "Sigma": [[0.01701128176786357, -0.01611024689053784, 0.023329002960139095], [-0.01611024689053784, 0.02285025861405454, -0.03420427504300834], [0.023329002960139095, -0.03420427504300834, 0.06714581041562953]], "chi2_level": 0.99, "chi2_df": 3, "chi2_threshold": 11.344866730144373, "N_raw": 103, "N_roi": 103, "N_inlier": 96, "refit": true}
{"timestamp": "17:08:37.967348", "frame": 12, "mu": [0.5869586171293761, 1.2769456638250436, 1.1459043758143836], "Sigma": [[0.023508674854433885, -0.021253296425664273, 0.0258124313791741], [-0.02125329642566428, 0.02498197830069771, -0.022446160996126126], [0.0258124313791741, -0.022446160996126126, 0.08875354458373977]], "chi2_level": 0.99, "chi2_df": 3, "chi2_threshold": 11.344866730144373, "N_raw": 98, "N_roi": 98, "N_inlier": 93, "refit": true}
{"timestamp": "17:08:38.021689", "frame": 13, "mu": [0.5136059438404701, 1.3351491775484097, 1.2050020257139422], "Sigma": [[0.009352884823353178, -0.011343315611771208, 0.014638707041274363], [-0.011343315611771208, 0.021056101389423636, -0.02782166675448478], [0.014638707041274363, -0.027821666754484782, 0.05071218640551176]], "chi2_level": 0.99, "chi2_df": 3, "chi2_threshold": 11.344866730144373, "N_raw": 90, "N_roi": 90, "N_inlier": 82, "refit": true}
{"timestamp": "17:08:38.082311", "frame": 14, "mu": [0.4880633972807627, 1.3009651460552625, 1.263519562982817], "Sigma": [[0.013665400901736431, -0.014010756800593244, 0.009897883662961588], [-0.014010756800593244, 0.02454275737848278, -0.02008509237811523], [0.009897883662961588, -0.02008509237811523, 0.06168595364440902]], "chi2_level": 0.99, "chi2_df": 3, "chi2_threshold": 11.344866730144373, "N_raw": 129, "N_roi": 129, "N_inlier": 123, "refit": true}
{"timestamp": "17:08:38.134052", "frame": 15, "mu": [0.41038590695413407, 1.3541818432360566, -0.21129439931624483], "Sigma": [[0.010963670002845744, -0.007761376785300266, 0.00954144860119395], [-0.007761376785300266, 0.01909713633855834, -0.022224188466926982], [0.00954144860119395, -0.022224188466926982, 0.03950375078142063]], "chi2_level": 0.99, "chi2_df": 3, "chi2_threshold": 11.344866730144373, "N_raw": 99, "N_roi": 99, "N_inlier": 96, "refit": true}
{"timestamp": "17:08:38.186885", "frame": 16, "mu": [0.37748502865838085, 1.2223478414220361, 1.5793543818727778], "Sigma": [[0.005062454275008214, 0.0012683447480745748, -0.0026171582398321147], [0.001268344748074575, 0.008066230503726528, -0.0029092338796050535], [-0.0026171582398321143, -0.0029092338796050535, 0.0022080220876914986]], "chi2_level": 0.99, "chi2_df": 3, "chi2_threshold": 11.344866730144373, "N_raw": 97, "N_roi": 97, "N_inlier": 90, "refit": true}
{"timestamp": "17:08:38.245723", "frame": 17, "mu": [0.28798519741061707, 1.218623131326793, 1.408033870837254], "Sigma": [[0.0060076232690637775, -0.0018675608506673158, -0.00022140556902461566], [-0.0018675608506673158, 0.007697340306546769, -0.000670150564479827], [-0.00022140556902461588, -0.0006701505644798271, 0.2154711458880606]], "chi2_level": 0.99, "chi2_df": 3, "chi2_threshold": 11.344866730144373, "N_raw": 112, "N_roi": 112, "N_inlier": 111, "refit": true}
{"timestamp": "17:08:38.298338", "frame": 18, "mu": [0.27173489119593996, 1.194940876526104, 1.1938657193550228], "Sigma": [[0.0037023102149072217, -0.000146889111097352, -0.0002699191695230333], [-0.00014688911109735195, 0.01194101284746093, 0.006470725905771341], [-0.00026991916952303296, 0.006470725905771341, 0.4530110585268254]], "chi2_level": 0.99, "chi2_df": 3, "chi2_threshold": 11.344866730144373, "N_raw": 104, "N_roi": 104, "N_inlier": 104, "refit": true}
{"timestamp": "17:08:38.347055", "frame": 19, "mu": [0.21599363493727555, 1.2781229511257162, 0.002464822900973978], "Sigma": [[0.003068469566168191, 0.0003415914290920705, -0.0019018253341307164], [0.0003415914290920705, 0.0047491080457573, -0.00096779903770167], [-0.0019018253341307164, -0.00096779903770167, 0.0014994473323777823]], "chi2_level": 0.99, "chi2_df": 3, "chi2_threshold": 11.344866730144373, "N_raw": 64, "N_roi": 64, "N_inlier": 59, "refit": true}
{"timestamp": "17:08:38.399635", "frame": 20, "mu": [0.12266436611871613, 1.1793975392128124, 1.1644965569951418], "Sigma": [[0.0028369568434450415, -0.001787957521819121, 0.0014050120916124327], [-0.001787957521819121, 0.004031749236417315, 0.015960904341429688], [0.0014050120916124344, 0.015960904341429685, 0.23702375938146664]], "chi2_level": 0.99, "chi2_df": 3, "chi2_threshold": 11.344866730144373, "N_raw": 44, "N_roi": 41, "N_inlier": 40, "refit": true}
{"timestamp": "17:08:38.459509", "frame": 21, "mu": [0.021159135488585123, 1.198145752767757, 1.5343697300970325], "Sigma": [[0.002653526349330664, 9.424419747356951e-05, 0.002356211723898796], [9.424419747356956e-05, 0.015478086486083483, 0.004637969547940999], [0.0023562117238987964, 0.004637969547940999, 0.009250576581464968]], "chi2_level": 0.99, "chi2_df": 3, "chi2_threshold": 11.344866730144373, "N_raw": 83, "N_roi": 82, "N_inlier": 79, "refit": true}
{"timestamp": "17:08:38.509725", "frame": 22, "mu": [-0.01397793062464453, 1.08965972671648, 1.3848457945647463], "Sigma": [[0.0024126794707467103, -0.0007238378303094153, -0.0013654648261228165], [-0.0007238378303094154, 0.0044616119001863, -6.314214493695857e-06], [-0.0013654648261228162, -6.314214493695911e-06, 0.0017729730610473436]], "chi2_level": 0.99, "chi2_df": 3, "chi2_threshold": 11.344866730144373, "N_raw": 49, "N_roi": 49, "N_inlier": 45, "refit": true}
{"timestamp": "17:08:38.568072", "frame": 23, "mu": [-0.09869971395679135, 1.2297523092878908, 1.6021229833877326], "Sigma": [[0.0033098738709116575, -0.0009889965715727065, -0.0015433252971234013], [-0.0009889965715727065, 0.004964201998216158, -0.0013078293560871476], [-0.0015433252971234013, -0.0013078293560871473, 0.0016983050137698008]], "chi2_level": 0.99, "chi2_df": 3, "chi2_threshold": 11.344866730144373, "N_raw": 67, "N_roi": 67, "N_inlier": 62, "refit": true}
{"timestamp": "17:08:38.617969", "frame": 24, "mu": [-0.1378603236046196, 1.3042014339439663, 1.5706530689726141], "Sigma": [[0.002509116049750908, -0.00038407746123331, 0.001404935369069302], [-0.00038407746123331004, 0.0019996723771141004, 0.0045384652216548214], [0.001404935369069302, 0.0045384652216548214, 0.08553250047395905]], "chi2_level": 0.99, "chi2_df": 3, "chi2_threshold": 11.344866730144373, "N_raw": 34, "N_roi": 34, "N_inlier": 30, "refit": true}
{"timestamp": "17:08:38.680002", "frame": 25, "mu": [-0.2416280187159854, 1.252260617161191, 1.65356040053915], "Sigma": [[0.004343627173728419, -0.0012666123095253872, 2.216355728370677e-06], [-0.0012666123095253872, 0.004616063086952822, -0.004279222691739262], [2.21635572837046e-06, -0.004279222691739262, 0.005675836693511936]], "chi2_level": 0.99, "chi2_df": 3, "chi2_threshold": 11.344866730144373, "N_raw": 80, "N_roi": 80, "N_inlier": 74, "refit": true}
{"timestamp": "17:08:38.740856", "frame": 26, "mu": [-0.29157626823828175, 1.1949020318441044, 1.4278070207520515], "Sigma": [[0.0033414566280546305, -0.0020979617539216757, -0.007458763387471312], [-0.002097961753921676, 0.010451421568111, 0.02186562771954669], [-0.007458763387471312, 0.02186562771954669, 0.1268690419047492]], "chi2_level": 0.99, "chi2_df": 3, "chi2_threshold": 11.344866730144373, "N_raw": 115, "N_roi": 115, "N_inlier": 111, "refit": true}
{"timestamp": "17:08:38.794085", "frame": 27, "mu": [-0.35460377790476216, 1.2207840443400026, 1.4863434943247376], "Sigma": [[0.0030967480291074767, 9.559838387820168e-05, -0.0003026437381913654], [9.559838387820178e-05, 0.006610655954718118, 0.009003677768990446], [-0.0003026437381913653, 0.009003677768990446, 0.0855131186696676]], "chi2_level": 0.99, "chi2_df": 3, "chi2_threshold": 11.344866730144373, "N_raw": 108, "N_roi": 107, "N_inlier": 103, "refit": true}
{"timestamp": "17:08:38.847854", "frame": 28, "mu": [-0.4160117543964009, 1.1681371005669516, 1.2841992787972276], "Sigma": [[0.003676427534649887, -0.0008051673718156187, -0.00938015538504983], [-0.000805167371815619, 0.0036276701975179243, 0.008811399660242424], [-0.00938015538504983, 0.008811399660242424, 0.1236511507054997]], "chi2_level": 0.99, "chi2_df": 3, "chi2_threshold": 11.344866730144373, "N_raw": 98, "N_roi": 96, "N_inlier": 93, "refit": true}
{"timestamp": "17:08:38.904158", "frame": 29, "mu": [-0.456331633230633, 1.209497053032318, 1.3910047801338572], "Sigma": [[0.003259854351033142, -0.000580599117413358, -0.005860575963816275], [-0.0005805991174133579, 0.0069876443841224364, 0.014428408758273876], [-0.005860575963816275, 0.014428408758273874, 0.11121953414230439]], "chi2_level": 0.99, "chi2_df": 3, "chi2_threshold": 11.344866730144373, "N_raw": 104, "N_roi": 104, "N_inlier": 100, "refit": true}
{"timestamp": "17:08:38.960588", "frame": 30, "mu": [-0.5605566584306098, 1.2034673856964202, 1.3686969306451464], "Sigma": [[0.004831723062932925, 0.0005566107062421623, -0.0011306379603696036], [0.0005566107062421621, 0.011660541996725898, 0.02056660027135502], [-0.0011306379603696036, 0.02056660027135502, 0.09979449841284302]], "chi2_level": 0.99, "chi2_df": 3, "chi2_threshold": 11.344866730144373, "N_raw": 118, "N_roi": 118, "N_inlier": 111, "refit": true}
{"timestamp": "17:08:39.012684", "frame": 31, "mu": [-0.696017222075447, 1.23542690932475, 1.1211892026567032], "Sigma": [[0.005649670818054874, -0.0023434886816037434, 0.02525754214258226], [-0.0023434886816037434, 0.008323532379124199, -0.031754994526301865], [0.02525754214258226, -0.031754994526301865, 0.58612103915797]], "chi2_level": 0.99, "chi2_df": 3, "chi2_threshold": 11.344866730144373, "N_raw": 94, "N_roi": 94, "N_inlier": 86, "refit": true}
{"timestamp": "17:08:39.073486", "frame": 32, "mu": [-0.8623606807495581, 1.1427457120389843, 1.7558620143704133], "Sigma": [[0.03728572456848672, 0.022634693814547177, -0.026559970381610842], [0.022634693814547177, 0.02276737937440759, -0.01890884141299156], [-0.026559970381610842, -0.01890884141299156, 0.024121567071808386]], "chi2_level": 0.99, "chi2_df": 3, "chi2_threshold": 11.344866730144373, "N_raw": 136, "N_roi": 136, "N_inlier": 128, "refit": true}
{"timestamp": "17:08:39.125938", "frame": 33, "mu": [-0.8218561457251016, 1.194746624895482, 1.406186110234282], "Sigma": [[0.032128902604133314, 0.01908337198184646, -0.07729478885759056], [0.01908337198184646, 0.017035132319032142, -0.04946673755060723], [-0.07729478885759056, -0.04946673755060723, 0.3500117411418347]], "chi2_level": 0.99, "chi2_df": 3, "chi2_threshold": 11.344866730144373, "N_raw": 116, "N_roi": 114, "N_inlier": 111, "refit": true}
{"timestamp": "17:08:39.183764", "frame": 34, "mu": [-0.9552802646850915, 1.1729220363725892, 1.5166003313456762], "Sigma": [[0.043230595401769406, 0.028266226217231745, -0.08430096028021801], [0.028266226217231745, 0.02628061403359503, -0.07417930318788662], [-0.08430096028021801, -0.07417930318788661, 0.3503434817596017]], "chi2_level": 0.99, "chi2_df": 3, "chi2_threshold": 11.344866730144373, "N_raw": 136, "N_roi": 136, "N_inlier": 132, "refit": true}
{"timestamp": "17:08:39.234362", "frame": 35, "mu": [-1.0675111352777857, 1.1391478121834064, 1.45145952628305], "Sigma": [[0.033653501326254734, 0.03136545367708811, -0.05563707040012226], [0.03136545367708811, 0.03622691355208822, -0.07260666054920163], [-0.05563707040012226, -0.07260666054920163, 0.2866901847892947]], "chi2_level": 0.99, "chi2_df": 3, "chi2_threshold": 11.344866730144373, "N_raw": 109, "N_roi": 109, "N_inlier": 108, "refit": true}
{"timestamp": "17:08:39.283663", "frame": 36, "mu": [-1.2157638361747318, 1.0578351813397657, 1.873139274377118], "Sigma": [[0.031243770914285242, 0.019314294223657526, -0.0058718937629207955], [0.019314294223657526, 0.020254718169150997, -0.009217030381920743], [-0.0058718937629207955, -0.009217030381920743, 0.0066818247340349685]], "chi2_level": 0.99, "chi2_df": 3, "chi2_threshold": 11.344866730144373, "N_raw": 72, "N_roi": 72, "N_inlier": 71, "refit": true}
{"timestamp": "17:08:39.337126", "frame": 37, "mu": [-1.2210286648487627, 1.0504161401594414, 1.6031354119068355], "Sigma": [[0.05678611392851567, 0.05211619442884992, -0.029309033969556315], [0.05211619442884991, 0.05774859631994049, -0.02775395296905452], [-0.029309033969556312, -0.027753952969054523, 0.042994552444074435]], "chi2_level": 0.99, "chi2_df": 3, "chi2_threshold": 11.344866730144373, "N_raw": 57, "N_roi": 57, "N_inlier": 54, "refit": true}
{"timestamp": "17:08:39.386879", "frame": 38, "mu": [-1.2414560724619021, 1.2119460493695386, 1.5267700202670764], "Sigma": [[0.041536703131649214, 0.03465191887661448, -0.05686600350954173], [0.03465191887661448, 0.048547076058901725, -0.10434194565627429], [-0.056866003509541733, -0.10434194565627428, 0.32793516938265294]], "chi2_level": 0.99, "chi2_df": 3, "chi2_threshold": 11.344866730144373, "N_raw": 24, "N_roi": 24, "N_inlier": 24, "refit": true}
{"timestamp": "17:08:39.446195", "frame": 39, "mu": [-1.242112697896043, 1.20184969965129, 1.8486861268421353], "Sigma": [[0.045925551141634095, 0.0307817422509932, -0.017535630142741312], [0.0307817422509932, 0.027112207223079266, -0.01904950273979763], [-0.017535630142741312, -0.01904950273979763, 0.024520579111537488]], "chi2_level": 0.99, "chi2_df": 3, "chi2_threshold": 11.344866730144373, "N_raw": 60, "N_roi": 60, "N_inlier": 56, "refit": true}
{"timestamp": "17:08:39.503555", "frame": 40, "mu": [-1.0585182580291352, 1.4036157606468627, 1.2689719583142902], "Sigma": [[0.0059425561714077655, 0.0006836252655254579, 0.008680354212285635], [0.0006836252655254582, 0.00975562184248255, 0.03958928007995724], [0.008680354212285633, 0.03958928007995724, 0.2927981982266525]], "chi2_level": 0.99, "chi2_df": 3, "chi2_threshold": 11.344866730144373, "N_raw": 73, "N_roi": 73, "N_inlier": 70, "refit": true}
{"timestamp": "17:08:39.559354", "frame": 41, "mu": [-1.3089031104968105, 1.2824123124053979, 1.6995132232223835], "Sigma": [[0.059080785857263986, 0.03535953818752194, -0.03436518935361278], [0.03535953818752194, 0.027410926016309425, -0.02758316842737264], [-0.03436518935361278, -0.02758316842737264, 0.08958332861767648]], "chi2_level": 0.99, "chi2_df": 3, "chi2_threshold": 11.344866730144373, "N_raw": 63, "N_roi": 63, "N_inlier": 60, "refit": true}
{"timestamp": "17:08:39.699793", "frame": 42, "mu": [-1.2974294490579266, 1.4679791950884116, -0.14211878400653497], "Sigma": [[0.06540608249641931, 0.08323083246995962, -0.08575285830089298], [0.08323083246995962, 0.13186972934892408, -0.1650909898145802], [-0.08575285830089298, -0.1650909898145802, 0.26495629348929145]], "chi2_level": 0.99, "chi2_df": 3, "chi2_threshold": 11.344866730144373, "N_raw": 67, "N_roi": 67, "N_inlier": 67, "refit": true}
{"timestamp": "17:08:39.710769", "frame": 43, "mu": [-1.2241281582565084, 1.6396442404769438, -0.11025995459775377], "Sigma": [[0.04072345591947893, 0.04823375575714242, -0.033847259567487006], [0.04823375575714242, 0.09526905049415876, -0.10228685891034828], [-0.033847259567487006, -0.10228685891034828, 0.13859170091034406]], "chi2_level": 0.99, "chi2_df": 3, "chi2_threshold": 11.344866730144373, "N_raw": 45, "N_roi": 45, "N_inlier": 43, "refit": true}
{"timestamp": "17:08:39.749675", "frame": 44, "mu": [-1.1200044498596735, 1.651681150653979, 1.5652772034409939], "Sigma": [[0.007256352706491561, -0.0011298812398288995, 0.0016738881521555843], [-0.0011298812398288995, 0.006489193996992386, -0.005017874445246435], [0.0016738881521555843, -0.005017874445246434, 0.042088964650647764]], "chi2_level": 0.99, "chi2_df": 3, "chi2_threshold": 11.344866730144373, "N_raw": 76, "N_roi": 76, "N_inlier": 70, "refit": true}
{"timestamp": "17:08:39.780285", "frame": 45, "mu": [-1.1405698972080456, 1.7077136721243902, 1.6358169518225096], "Sigma": [[0.006645421066178918, 0.00281957992282931, -0.005988469519098271], [0.0028195799228293104, 0.009189733348242581, -0.011927264823909586], [-0.005988469519098271, -0.011927264823909586, 0.03330056923185591]], "chi2_level": 0.99, "chi2_df": 3, "chi2_threshold": 11.344866730144373, "N_raw": 82, "N_roi": 82, "N_inlier": 74, "refit": true}
{"timestamp": "17:08:39.836718", "frame": 46, "mu": [-1.2076735931344604, 1.7343628141643195, 1.5360778707291363], "Sigma": [[0.009052908123967366, 0.002996565649460015, -0.0051886921205464235], [0.0029965656494600154, 0.00622275592373824, -0.01090685045932191], [-0.0051886921205464235, -0.01090685045932191, 0.07420727327295029]], "chi2_level": 0.99, "chi2_df": 3, "chi2_threshold": 11.344866730144373, "N_raw": 93, "N_roi": 93, "N_inlier": 89, "refit": true}
{"timestamp": "17:08:39.885261", "frame": 47, "mu": [-1.170310425237648, 1.8068784788518064, 1.2012661966266003], "Sigma": [[0.008618498502594368, 0.0031114240907735785, -0.010344939548804274], [0.003111424090773578, 0.006123727381650459, -0.021442812543659606], [-0.010344939548804274, -0.021442812543659606, 0.08644854803776206]], "chi2_level": 0.99, "chi2_df": 3, "chi2_threshold": 11.344866730144373, "N_raw": 37, "N_roi": 37, "N_inlier": 32, "refit": true}
{"timestamp": "17:08:39.937609", "frame": 48, "mu": [-1.2641584855548276, 1.796760893757826, 1.4041762009061238], "Sigma": [[0.004222162063150981, 0.002349792186192581, -0.01744782847748073], [0.002349792186192581, 0.007407209754598759, -0.013694515037306757], [-0.017447828477480734, -0.01369451503730676, 0.17401459255823962]], "chi2_level": 0.99, "chi2_df": 3, "chi2_threshold": 11.344866730144373, "N_raw": 35, "N_roi": 35, "N_inlier": 32, "refit": true}
{"timestamp": "17:08:39.996163", "frame": 49, "mu": [-1.297180553286283, 1.9202153201080476, 0.15260098379145787], "Sigma": [[0.005410520623682052, 0.0034435470640166712, -0.005266917370051409], [0.0034435470640166712, 0.014928481778298665, -0.017877107692623684], [-0.005266917370051409, -0.017877107692623684, 0.0351703161761342]], "chi2_level": 0.99, "chi2_df": 3, "chi2_threshold": 11.344866730144373, "N_raw": 62, "N_roi": 61, "N_inlier": 56, "refit": true}
{"timestamp": "17:08:40.055679", "frame": 50, "mu": [-1.3236003282183675, 2.0236425464780226, -0.012569529055940262], "Sigma": [[0.008449724073287921, 0.005961722705194744, -0.014902626840895314], [0.005961722705194744, 0.023070325392492562, -0.04788832566630652], [-0.014902626840895314, -0.04788832566630652, 0.13572863308815966]], "chi2_level": 0.99, "chi2_df": 3, "chi2_threshold": 11.344866730144373, "N_raw": 86, "N_roi": 86, "N_inlier": 80, "refit": true}
{"timestamp": "17:08:40.110758", "frame": 51, "mu": [-1.2689658502906012, 1.9992706206615847, 1.4654496172322504], "Sigma": [[0.009677316490814146, 0.0018283232293110662, -0.007360115139018279], [0.0018283232293110662, 0.0070838917093858705, -0.015531691504154286], [-0.007360115139018279, -0.015531691504154286, 0.050437042491408166]], "chi2_level": 0.99, "chi2_df": 3, "chi2_threshold": 11.344866730144373, "N_raw": 88, "N_roi": 88, "N_inlier": 84, "refit": true}
{"timestamp": "17:08:40.160440", "frame": 52, "mu": [-1.2963263128759748, 2.0346405514123593, 1.596272168734274], "Sigma": [[0.010492918862390318, -0.0004315882950279972, -0.002523093329511571], [-0.0004315882950279972, 0.0047493550083873145, -0.006267576346848106], [-0.0025230933295115705, -0.006267576346848106, 0.04180022074264036]], "chi2_level": 0.99, "chi2_df": 3, "chi2_threshold": 11.344866730144373, "N_raw": 55, "N_roi": 55, "N_inlier": 51, "refit": true}
{"timestamp": "17:08:40.218149", "frame": 53, "mu": [-1.3436730916868367, 2.138593284200537, 1.3602426019943699], "Sigma": [[0.012727215278088922, -0.005061286241903826, 0.025250762521187846], [-0.005061286241903826, 0.010755907248375754, -0.037892776800706435], [0.02525076252118785, -0.037892776800706435, 0.22031382064561542]], "chi2_level": 0.99, "chi2_df": 3, "chi2_threshold": 11.344866730144373, "N_raw": 73, "N_roi": 73, "N_inlier": 71, "refit": true}
{"timestamp": "17:08:40.268043", "frame": 54, "mu": [-1.406261762611296, 2.3250346117251537, 0.7893166835926314], "Sigma": [[0.006538468582948434, -0.0016030568876521873, 0.01046115468309567], [-0.0016030568876521873, 0.008762319440890206, -0.026473714788136413], [0.01046115468309567, -0.026473714788136416, 0.12085117294908537]], "chi2_level": 0.99, "chi2_df": 3, "chi2_threshold": 11.344866730144373, "N_raw": 35, "N_roi": 35, "N_inlier": 35, "refit": true}
{"timestamp": "17:08:40.318019", "frame": 55, "mu": [-1.333040465103867, 2.228437726445706, 1.311250168041486], "Sigma": [[0.004214695833930999, -0.0031533758351771626, 0.011698755927475345], [-0.0031533758351771617, 0.012107913539110166, -0.04745635595817744], [0.011698755927475346, -0.04745635595817744, 0.19428807284255534]], "chi2_level": 0.99, "chi2_df": 3, "chi2_threshold": 11.344866730144373, "N_raw": 15, "N_roi": 15, "N_inlier": 14, "refit": true}
{"timestamp": "17:08:40.378316", "frame": 56, "mu": [-1.4007347984461367, 2.232280312255937, 1.094617557844371], "Sigma": [[0.017103769018320832, 0.0016331977500519, 0.04130376307886825], [0.0016331977500519002, 0.002074845604193844, 0.0005721795830313387], [0.04130376307886826, 0.0005721795830313389, 0.1526405488822342]], "chi2_level": 0.99, "chi2_df": 3, "chi2_threshold": 11.344866730144373, "N_raw": 42, "N_roi": 40, "N_inlier": 38, "refit": true}
{"timestamp": "17:08:40.435436", "frame": 57, "mu": [-1.3972007507720758, 2.3147488127537046, 1.2983756658842], "Sigma": [[0.022475752727786118, 0.003200907630522082, 0.04528098928959075], [0.0032009076305220823, 0.003320788285602202, 0.009294094230832141], [0.04528098928959075, 0.009294094230832141, 0.1650790489073592]], "chi2_level": 0.99, "chi2_df": 3, "chi2_threshold": 11.344866730144373, "N_raw": 49, "N_roi": 49, "N_inlier": 48, "refit": true}
{"timestamp": "17:08:40.494095", "frame": 58, "mu": [-1.3853578904462298, 2.5263193982759105, -0.7778806969316003], "Sigma": [[0.010554852413242418, 0.005950928601543892, 0.011288187537819534], [0.005950928601543894, 0.048870718143047026, -0.042909685379315554], [0.011288187537819534, -0.042909685379315554, 0.18471761660426636]], "chi2_level": 0.99, "chi2_df": 3, "chi2_threshold": 11.344866730144373, "N_raw": 80, "N_roi": 80, "N_inlier": 80, "refit": true}
{"timestamp": "17:08:40.541570", "frame": 59, "mu": [-1.4683156080227937, 2.4812761293385797, 0.9814123040392533], "Sigma": [[0.031086718762740082, 0.002340330269986436, 0.042532039913653445], [0.002340330269986436, 0.0026940743352787864, -0.003753412859038737], [0.042532039913653445, -0.003753412859038737, 0.14084696779043385]], "chi2_level": 0.99, "chi2_df": 3, "chi2_threshold": 11.344866730144373, "N_raw": 21, "N_roi": 20, "N_inlier": 19, "refit": true}
{"timestamp": "17:08:40.601460", "frame": 60, "mu": [-1.3084730512356424, 2.5588395000180792, 1.3684815986704195], "Sigma": [[0.0119336785440921, -0.0005097275802252732, 0.013725558957485657], [-0.0005097275802252734, 0.003483685205827337, -0.015771728578221476], [0.013725558957485657, -0.015771728578221476, 0.11891016643582784]], "chi2_level": 0.99, "chi2_df": 3, "chi2_threshold": 11.344866730144373, "N_raw": 58, "N_roi": 55, "N_inlier": 53, "refit": true}
{"timestamp": "17:08:40.658043", "frame": 61, "mu": [-1.3566384786929861, 2.6802260549685704, -0.36131720439856735], "Sigma": [[0.017307769643567006, -0.0030684279662664374, 0.041915190880719586], [-0.0030684279662664387, 0.04739009897365205, -0.08375045899956782], [0.041915190880719586, -0.08375045899956782, 0.2885471341227983]], "chi2_level": 0.99, "chi2_df": 3, "chi2_threshold": 11.344866730144373, "N_raw": 69, "N_roi": 69, "N_inlier": 69, "refit": true}
{"timestamp": "17:08:40.716275", "frame": 62, "mu": [-1.3985337009574024, 2.7298648036542215, -0.03278560059060482], "Sigma": [[0.0406044143899236, -0.011839997992198883, 0.16333522569518505], [-0.011839997992198883, 0.01832153807018703, -0.039688077849318534], [0.16333522569518505, -0.039688077849318534, 0.8268166145768022]], "chi2_level": 0.99, "chi2_df": 3, "chi2_threshold": 11.344866730144373, "N_raw": 97, "N_roi": 96, "N_inlier": 96, "refit": true}
{"timestamp": "17:08:40.769887", "frame": 63, "mu": [-1.3678617689083044, 2.754336047469715, 1.3467279994505577], "Sigma": [[0.031208361525196255, -0.012821256220780113, 0.0283044331385663], [-0.012821256220780113, 0.0140301110092789, -0.03397204892407704], [0.028304433138566294, -0.03397204892407704, 0.090363601190334]], "chi2_level": 0.99, "chi2_df": 3, "chi2_threshold": 11.344866730144373, "N_raw": 72, "N_roi": 71, "N_inlier": 68, "refit": true}
{"timestamp": "17:08:40.823736", "frame": 64, "mu": [-1.3665147181831931, 2.801150579658938, 1.4829385989948283], "Sigma": [[0.020084845378166453, -0.006765512511578932, 0.017232399922436838], [-0.006765512511578932, 0.012193869721035375, -0.03391452017316322], [0.017232399922436838, -0.03391452017316323, 0.11315132447779194]], "chi2_level": 0.99, "chi2_df": 3, "chi2_threshold": 11.344866730144373, "N_raw": 65, "N_roi": 65, "N_inlier": 63, "refit": true}
{"timestamp": "17:08:40.876716", "frame": 65, "mu": [-1.2385305132209772, 2.880550014118422, 1.0146122657484007], "Sigma": [[0.01086407886758835, -3.059684958461276e-05, 0.0019913101006659387], [-3.059684958461298e-05, 0.0038121847415808346, -0.0048522568178038065], [0.001991310100665938, -0.0048522568178038065, 0.11234039786966642]], "chi2_level": 0.99, "chi2_df": 3, "chi2_threshold": 11.344866730144373, "N_raw": 57, "N_roi": 56, "N_inlier": 54, "refit": true}
{"timestamp": "17:08:40.933557", "frame": 66, "mu": [-1.3249187125457063, 2.9366106853694993, 0.07375752846788021], "Sigma": [[0.012271404758680009, 0.005989829846139285, 0.0017464454017288894], [0.005989829846139284, 0.016317596035739398, -0.01596407959843605], [0.0017464454017288894, -0.015964079598436053, 0.08285268123817022]], "chi2_level": 0.99, "chi2_df": 3, "chi2_threshold": 11.344866730144373, "N_raw": 72, "N_roi": 72, "N_inlier": 69, "refit": true}
{"timestamp": "17:08:40.986378", "frame": 67, "mu": [-1.3445382266960744, 2.9305672817636417, 1.5996186867359745], "Sigma": [[0.008275723255004684, 0.003106346892147136, -0.010454719441841218], [0.003106346892147136, 0.005494026172362843, -0.012255351111713109], [-0.010454719441841218, -0.012255351111713109, 0.06288157169542828]], "chi2_level": 0.99, "chi2_df": 3, "chi2_threshold": 11.344866730144373, "N_raw": 50, "N_roi": 49, "N_inlier": 44, "refit": true}
{"timestamp": "17:08:41.047931", "frame": 68, "mu": [-1.3197400302845521, 2.747436803391304, 0.946168006351869], "Sigma": [[0.018466372682562824, 0.0350422606012126, 0.025573336307115706], [0.03504226060121259, 0.7014639642726502, 0.7186577237708419], [0.025573336307115706, 0.718657723770842, 0.8871057587221804]], "chi2_level": 0.99, "chi2_df": 3, "chi2_threshold": 11.344866730144373, "N_raw": 103, "N_roi": 102, "N_inlier": 102, "refit": true}
{"timestamp": "17:08:41.098124", "frame": 69, "mu": [-1.3327770616185686, 3.0963510297415797, 1.0949449707506467], "Sigma": [[0.012820416207618443, 0.0003606613252876439, 0.0013890659574729955], [0.0003606613252876438, 0.002352834191803586, -0.00974055132457135], [0.0013890659574729955, -0.00974055132457135, 0.059130663522611274]], "chi2_level": 0.99, "chi2_df": 3, "chi2_threshold": 11.344866730144373, "N_raw": 63, "N_roi": 63, "N_inlier": 61, "refit": true}
{"timestamp": "17:08:41.148660", "frame": 70, "mu": [-1.3527286439859147, 3.177361100027389, 0.8424697931866492], "Sigma": [[0.010142993977066594, -0.000770488642903805, 0.006725128488291097], [-0.000770488642903805, 0.0059735006626799895, -0.02134706233708738], [0.006725128488291096, -0.02134706233708738, 0.1059187970082859]], "chi2_level": 0.99, "chi2_df": 3, "chi2_threshold": 11.344866730144373, "N_raw": 41, "N_roi": 41, "N_inlier": 41, "refit": true}
{"timestamp": "17:08:41.205241", "frame": 71, "mu": [-1.3244046317290923, 3.2424232152758106, -0.6014977942675389], "Sigma": [[0.01189489955808913, 0.004402796766266315, 0.022850162387234547], [0.004402796766266314, 0.028274320222946313, 0.009007722490701978], [0.022850162387234543, 0.009007722490701978, 0.12736096469684569]], "chi2_level": 0.99, "chi2_df": 3, "chi2_threshold": 11.344866730144373, "N_raw": 54, "N_roi": 52, "N_inlier": 52, "refit": true}
{"timestamp": "17:08:41.254853", "frame": 72, "mu": [-1.385200374876389, 3.244182708602217, 0.8055077000178903], "Sigma": [[0.013213434238025637, -0.009085528765184207, 0.054127574510460706], [-0.009085528765184207, 0.010465508354367133, -0.049973730656671864], [0.054127574510460706, -0.049973730656671864, 0.2925761088461152]], "chi2_level": 0.99, "chi2_df": 3, "chi2_threshold": 11.344866730144373, "N_raw": 14, "N_roi": 14, "N_inlier": 14, "refit": true}
{"timestamp": "17:08:41.310166", "frame": 73, "mu": [-1.1905836713008457, 3.110511850471799, 1.3848726315299116], "Sigma": [[0.00471211124515315, 0.0006156112874656294, -0.0019535976687026168], [0.0006156112874656293, 0.002176207662142897, -0.004031192221156762], [-0.0019535976687026168, -0.004031192221156762, 0.010569921882722207]], "chi2_level": 0.99, "chi2_df": 3, "chi2_threshold": 11.344866730144373, "N_raw": 17, "N_roi": 17, "N_inlier": 15, "refit": true}
{"timestamp": "17:08:41.371140", "frame": 74, "mu": [-1.086107116832748, 3.1539315351714867, 1.0598720533718213], "Sigma": [[0.016417744268472423, -0.004337672809182021, -0.014199504087239679], [-0.004337672809182021, 0.007580906170520231, -0.01474583873371303], [-0.014199504087239677, -0.01474583873371303, 0.09154718507571127]], "chi2_level": 0.99, "chi2_df": 3, "chi2_threshold": 11.344866730144373, "N_raw": 58, "N_roi": 56, "N_inlier": 52, "refit": true}
{"timestamp": "17:08:41.433032", "frame": 75, "mu": [-1.2424541924622645, 3.3113658533124632, 0.9836448678185455], "Sigma": [[0.03434329193363933, 0.0028974599129227762, 0.023288910034882225], [0.002897459912922777, 0.019935778462010688, -0.057295281247965735], [0.023288910034882225, -0.057295281247965735, 0.26655231550937974]], "chi2_level": 0.99, "chi2_df": 3, "chi2_threshold": 11.344866730144373, "N_raw": 102, "N_roi": 100, "N_inlier": 100, "refit": true}
{"timestamp": "17:08:41.484162", "frame": 76, "mu": [-1.231935458291067, 3.293332860141734, 0.8474700400218454], "Sigma": [[0.0412501760503285, -0.008441538107736755, 0.049225373419509305], [-0.008441538107736755, 0.008474076831276675, -0.03077096585561083], [0.049225373419509305, -0.03077096585561083, 0.13592093748066575]], "chi2_level": 0.99, "chi2_df": 3, "chi2_threshold": 11.344866730144373, "N_raw": 74, "N_roi": 74, "N_inlier": 71, "refit": true}
{"timestamp": "17:08:41.533712", "frame": 77, "mu": [-1.0957039326264013, 3.2534606491076166, 1.2703078392622489], "Sigma": [[0.016932912174447166, -0.002789884897565548, 0.013996740190313061], [-0.002789884897565548, 0.0051557319242520995, -0.00996003434530662], [0.01399674019031306, -0.00996003434530662, 0.057218323448422925]], "chi2_level": 0.99, "chi2_df": 3, "chi2_threshold": 11.344866730144373, "N_raw": 38, "N_roi": 37, "N_inlier": 36, "refit": true}
{"timestamp": "17:08:41.591478", "frame": 78, "mu": [-1.0750166229511837, 3.371556914087243, 1.0345741574091454], "Sigma": [[0.036694919350200896, -0.01738517953943588, 0.04056272593144726], [-0.01738517953943588, 0.01917615454103585, -0.03719527926135188], [0.04056272593144726, -0.037195279261351875, 0.0836209769257327]], "chi2_level": 0.99, "chi2_df": 3, "chi2_threshold": 11.344866730144373, "N_raw": 61, "N_roi": 59, "N_inlier": 59, "refit": true}
{"timestamp": "17:08:41.644960", "frame": 79, "mu": [-0.8847220705206371, 0.7313217173885871, -1.9492072226119619], "Sigma": [[0.021203739853048638, -0.00639890110730513, -0.018175057232202058], [-0.006398901107305134, 0.9425105609888814, 1.1397382260634479], [-0.018175057232202054, 1.1397382260634477, 1.4004661070382782]], "chi2_level": 0.99, "chi2_df": 3, "chi2_threshold": 11.344866730144373, "N_raw": 48, "N_roi": 42, "N_inlier": 41, "refit": true}
{"timestamp": "17:08:41.693677", "frame": 80, "mu": [-0.904455195227862, 3.4179360132281866, 1.1955075583371166], "Sigma": [[0.009759996768162346, -0.010621825167883453, 0.03903261074218916], [-0.010621825167883453, 0.0143220395243469, -0.045987871034158405], [0.03903261074218917, -0.045987871034158405, 0.1755145783564634]], "chi2_level": 0.99, "chi2_df": 3, "chi2_threshold": 11.344866730144373, "N_raw": 7, "N_roi": 7, "N_inlier": 7, "refit": true}
{"timestamp": "17:08:41.759876", "frame": 81, "mu": [-0.8265658442206095, 3.4608481267812192, 1.232167298638846], "Sigma": [[0.01450162443707792, 0.0007624339164664998, -0.0007438800469454631], [0.0007624339164665, 0.007946938816183321, -0.020134061872404095], [-0.0007438800469454629, -0.020134061872404095, 0.23645939968473936]], "chi2_level": 0.99, "chi2_df": 3, "chi2_threshold": 11.344866730144373, "N_raw": 78, "N_roi": 74, "N_inlier": 74, "refit": true}
{"timestamp": "17:08:41.812560", "frame": 82, "mu": [-0.8056578981361154, 3.447805538879618, 1.3870372687741863], "Sigma": [[0.01719930542370041, 0.0007763336796026729, -0.0036830745732078516], [0.0007763336796026726, 0.004952931061384612, -0.007607991080438291], [-0.0036830745732078516, -0.007607991080438291, 0.014447267212476644]], "chi2_level": 0.99, "chi2_df": 3, "chi2_threshold": 11.344866730144373, "N_raw": 69, "N_roi": 69, "N_inlier": 65, "refit": true}
{"timestamp": "17:08:41.864739", "frame": 83, "mu": [-0.774542124074699, 3.559327040843208, 0.21030649992234282], "Sigma": [[0.011304646422338803, -0.0033005816565530783, 0.005641371326633989], [-0.003300581656553078, 0.019750184210324408, -0.03686087285773048], [0.00564137132663399, -0.03686087285773048, 0.0782816638101532]], "chi2_level": 0.99, "chi2_df": 3, "chi2_threshold": 11.344866730144373, "N_raw": 38, "N_roi": 38, "N_inlier": 37, "refit": true}
{"timestamp": "17:08:41.915278", "frame": 84, "mu": [-0.7267593170379797, 3.4564846166239507, 1.3346429436195972], "Sigma": [[0.0075789212761749975, -0.0007473243746978055, 0.013142052892486458], [-0.0007473243746978055, 0.0024130371818507287, -0.01910014679960497], [0.013142052892486458, -0.01910014679960497, 0.24863357205119346]], "chi2_level": 0.99, "chi2_df": 3, "chi2_threshold": 11.344866730144373, "N_raw": 18, "N_roi": 16, "N_inlier": 16, "refit": true}
{"timestamp": "17:08:41.983027", "frame": 85, "mu": [-0.7505501672970435, 3.657216929377821, 1.0179122092418587], "Sigma": [[0.029620767623978906, -0.01294889561926607, 0.02161641249652337], [-0.01294889561926607, 0.023289157859267794, -0.06054530711781145], [0.021616412496523373, -0.06054530711781145, 0.1741116557656616]], "chi2_level": 0.99, "chi2_df": 3, "chi2_threshold": 11.344866730144373, "N_raw": 100, "N_roi": 100, "N_inlier": 99, "refit": true}
{"timestamp": "17:08:42.032617", "frame": 86, "mu": [-0.6024568787950652, 3.5749498958414345, 1.413113114375919], "Sigma": [[0.017403309492637305, -0.002479270642841289, 0.006799058934271622], [-0.0024792706428412893, 0.008554498651293508, -0.016319614221056093], [0.006799058934271623, -0.016319614221056093, 0.0365025020777677]], "chi2_level": 0.99, "chi2_df": 3, "chi2_threshold": 11.344866730144373, "N_raw": 60, "N_roi": 60, "N_inlier": 57, "refit": true}
