{"timestamp": "16:54:54.911272", "frame": 1, "mu": [1.6290320986383902, 0.9948628514833046, 1.2475732843435643], "Sigma": [[0.0038373950639372925, -0.0028480975383483515, -0.0021512504010329087], [-0.0028480975383483515, 0.007362528138331618, -0.002087453288041193], [-0.0021512504010329087, -0.0020874532880411933, 0.006671813050448052]], "chi2_level": 0.99, "chi2_df": 3, "chi2_threshold": 11.344866730144373, "N_raw": 36, "N_roi": 36, "N_inlier": 34, "refit": true}
{"timestamp": "16:54:54.970474", "frame": 2, "mu": [1.5511862006960155, 0.9531611976133983, 1.2333604122070978], "Sigma": [[0.005541244184803032, -0.0039428076594323225, -0.0005051426861789495], [-0.0039428076594323225, 0.008497210435931801, -0.006293810099394422], [-0.0005051426861789493, -0.006293810099394422, 0.011839083590057914]], "chi2_level": 0.99, "chi2_df": 3, "chi2_threshold": 11.344866730144373, "N_raw": 49, "N_roi": 49, "N_inlier": 47, "refit": true}
{"timestamp": "16:54:55.023987", "frame": 3, "mu": [1.5123446796200954, 0.9233040308332826, 1.2464336604465847], "Sigma": [[0.00919757203217376, -0.006107790081488545, -0.0009698830936179513], [-0.006107790081488545, 0.010284176162558306, -0.0025294840786398943], [-0.000969883093617951, -0.0025294840786398943, 0.002264364631806702]], "chi2_level": 0.99, "chi2_df": 3, "chi2_threshold": 11.344866730144373, "N_raw": 48, "N_roi": 48, "N_inlier": 46, "refit": true}
{"timestamp": "16:54:55.081228", "frame": 4, "mu": [1.459341711581856, 1.0937322513014918, -0.4698845706371188], "Sigma": [[0.012711045695077899, -0.00992688198958792, -0.0023309016325328644], [-0.00992688198958792, 0.018402334124437238, 0.0017197759453197264], [-0.0023309016325328644, 0.0017197759453197266, 0.0007188598797194789]], "chi2_level": 0.99, "chi2_df": 3, "chi2_threshold": 11.344866730144373, "N_raw": 60, "N_roi": 60, "N_inlier": 59, "refit": true}
{"timestamp": "16:54:55.138064", "frame": 5, "mu": [1.3800124164234608, 0.9769939660874951, 1.2871486706479691], "Sigma": [[0.00858482544782052, -0.004594355896390172, -0.0010352007603659378], [-0.004594355896390172, 0.009678530919777072, -0.004943300753203098], [-0.0010352007603659378, -0.004943300753203098, 0.008784912228193859]], "chi2_level": 0.99, "chi2_df": 3, "chi2_threshold": 11.344866730144373, "N_raw": 68, "N_roi": 68, "N_inlier": 66, "refit": true}
{"timestamp": "16:54:55.185926", "frame": 6, "mu": [1.4038234737488606, 0.8351663313811427, 1.2567870351914974], "Sigma": [[0.0037529483905278434, -0.0023880612650110126, -0.004874040572620229], [-0.002388061265011013, 0.006792137447862802, 0.000892573200447181], [-0.004874040572620229, 0.0008925732004471809, 0.026006555951186085]], "chi2_level": 0.99, "chi2_df": 3, "chi2_threshold": 11.344866730144373, "N_raw": 18, "N_roi": 18, "N_inlier": 16, "refit": true}
{"timestamp": "16:54:55.247412", "frame": 7, "mu": [1.3144611433079822, 0.933365960922779, 1.3163682345330014], "Sigma": [[0.009228350324889086, -0.005202949367070354, -0.0017569134874197813], [-0.005202949367070355, 0.01260508095281916, -0.004009026342423443], [-0.0017569134874197813, -0.004009026342423442, 0.004609893935062922]], "chi2_level": 0.99, "chi2_df": 3, "chi2_threshold": 11.344866730144373, "N_raw": 73, "N_roi": 73, "N_inlier": 70, "refit": true}
{"timestamp": "16:54:55.305112", "frame": 8, "mu": [1.2436165254757936, 0.9263725729192064, 1.3590923243717543], "Sigma": [[0.008772944404295789, -0.006468210551372612, 0.0007820724241651672], [-0.006468210551372612, 0.011152829198567502, -0.008580558395868356], [0.0007820724241651672, -0.008580558395868356, 0.012670674879202115]], "chi2_level": 0.99, "chi2_df": 3, "chi2_threshold": 11.344866730144373, "N_raw": 81, "N_roi": 81, "N_inlier": 79, "refit": true}
{"timestamp": "16:54:55.354704", "frame": 9, "mu": [1.2950915895021178, 0.7579675769377069, 1.3764618493954854], "Sigma": [[0.007888124619576364, -0.004590312775764295, -0.0027715043205352686], [-0.004590312775764295, 0.0038031208448493776, -0.0004286298967053732], [-0.0027715043205352686, -0.0004286298967053732, 0.007562552653867645]], "chi2_level": 0.99, "chi2_df": 3, "chi2_threshold": 11.344866730144373, "N_raw": 46, "N_roi": 46, "N_inlier": 43, "refit": true}
{"timestamp": "16:54:55.411543", "frame": 10, "mu": [1.261037035698157, 0.7138416621513352, 1.3574587016703048], "Sigma": [[0.011926643295342718, -0.008062188267732497, -0.004814806851013791], [-0.008062188267732497, 0.009214741756229834, -0.00022768621339531368], [-0.004814806851013791, -0.00022768621339531352, 0.008725965413277388]], "chi2_level": 0.99, "chi2_df": 3, "chi2_threshold": 11.344866730144373, "N_raw": 64, "N_roi": 64, "N_inlier": 62, "refit": true}
{"timestamp": "16:54:55.461597", "frame": 11, "mu": [1.1328199000806956, 0.7775830498603913, 1.2233691658152168], "Sigma": [[0.007301565757346212, -0.005088161751100915, -2.541778484164807e-05], [-0.005088161751100915, 0.005633552395887959, -0.004308265154060952], [-2.5417784841648015e-05, -0.004308265154060952, 0.022623557288438817]], "chi2_level": 0.99, "chi2_df": 3, "chi2_threshold": 11.344866730144373, "N_raw": 29, "N_roi": 29, "N_inlier": 29, "refit": true}
{"timestamp": "16:54:55.518362", "frame": 12, "mu": [1.1684198244860284, 0.6201535566718062, 1.326095183223013], "Sigma": [[0.008503430594525243, -0.006077149901465536, -0.002348977266196014], [-0.006077149901465536, 0.009057273206796206, -0.0007733060685120713], [-0.0023489772661960144, -0.0007733060685120713, 0.003273747556100822]], "chi2_level": 0.99, "chi2_df": 3, "chi2_threshold": 11.344866730144373, "N_raw": 43, "N_roi": 43, "N_inlier": 41, "refit": true}
{"timestamp": "16:54:55.573954", "frame": 13, "mu": [1.0881848741361222, 0.6254521555366528, 1.3160538685292036], "Sigma": [[0.008684259083741935, -0.009036050015675834, -0.0026179612076066856], [-0.009036050015675834, 0.014826920621790866, -0.0021615433653571978], [-0.002617961207606686, -0.0021615433653571978, 0.011318466937374512]], "chi2_level": 0.99, "chi2_df": 3, "chi2_threshold": 11.344866730144373, "N_raw": 46, "N_roi": 46, "N_inlier": 45, "refit": true}
{"timestamp": "16:54:55.629767", "frame": 14, "mu": [0.9730561992891525, 0.7115499379376798, 1.3734233640382187], "Sigma": [[0.005471405106385466, -0.005078245239255814, -0.0008229124846597433], [-0.005078245239255815, 0.007413676365315501, -0.003154304586654067], [-0.0008229124846597435, -0.003154304586654067, 0.04364245297930272]], "chi2_level": 0.99, "chi2_df": 3, "chi2_threshold": 11.344866730144373, "N_raw": 44, "N_roi": 44, "N_inlier": 43, "refit": true}
{"timestamp": "16:54:55.682988", "frame": 15, "mu": [0.9403604570501956, 0.7118401790690874, 1.3521650181442406], "Sigma": [[0.00382656871155527, -0.0020850511672535986, -0.0007024019344352493], [-0.0020850511672535986, 0.0030982102719377923, -0.0011150283210801682], [-0.0007024019344352495, -0.0011150283210801682, 0.05177458664631385]], "chi2_level": 0.99, "chi2_df": 3, "chi2_threshold": 11.344866730144373, "N_raw": 34, "N_roi": 34, "N_inlier": 33, "refit": true}
{"timestamp": "16:54:55.734328", "frame": 16, "mu": [0.9038545366129608, 0.6320359441405106, 1.1536844490534168], "Sigma": [[0.00456820350036478, -0.006791872786843378, -0.024146790005439157], [-0.006791872786843378, 0.021960317767134946, 0.052635846300563734], [-0.02414679000543915, 0.05263584630056373, 0.17549250574019382]], "chi2_level": 0.99, "chi2_df": 3, "chi2_threshold": 11.344866730144373, "N_raw": 10, "N_roi": 10, "N_inlier": 10, "refit": true}
{"timestamp": "16:54:55.792840", "frame": 17, "mu": [0.8766580941601766, 0.6478305257320848, 1.3847672623628169], "Sigma": [[0.002984371958048024, -0.0013613581403001725, -0.0012475102421178393], [-0.0013613581403001725, 0.005201809655997478, 1.3936896846748054e-05], [-0.0012475102421178395, 1.3936896846748054e-05, 0.013870060595470643]], "chi2_level": 0.99, "chi2_df": 3, "chi2_threshold": 11.344866730144373, "N_raw": 31, "N_roi": 31, "N_inlier": 27, "refit": true}
{"timestamp": "16:54:55.848787", "frame": 18, "mu": [0.7243830796577371, 0.8503699755786767, -0.23468862195564844], "Sigma": [[0.002745923850156032, 0.0006492298874081598, 0.0005541665414524131], [0.0006492298874081598, 0.0032661205504345473, -0.0019363056059517063], [0.0005541665414524133, -0.001936305605951706, 0.037327089999755786]], "chi2_level": 0.99, "chi2_df": 3, "chi2_threshold": 11.344866730144373, "N_raw": 38, "N_roi": 38, "N_inlier": 34, "refit": true}
{"timestamp": "16:54:55.905733", "frame": 19, "mu": [0.6888509963391393, 0.7348618640488386, 1.481978252452472], "Sigma": [[0.003571087409003219, 0.0009137647017807648, -0.004787777884514257], [0.0009137647017807648, 0.002145200609134097, -0.003514699297479846], [-0.004787777884514257, -0.003514699297479846, 0.009806748788440166]], "chi2_level": 0.99, "chi2_df": 3, "chi2_threshold": 11.344866730144373, "N_raw": 51, "N_roi": 51, "N_inlier": 46, "refit": true}
{"timestamp": "16:54:55.958216", "frame": 20, "mu": [0.5830911868088873, 0.6931221873656623, 1.4602949999856687], "Sigma": [[0.005147188097127091, 0.0005895582301586154, 0.01782114825282642], [0.0005895582301586154, 0.0022268598412748704, 0.002118798731640667], [0.01782114825282642, 0.002118798731640667, 0.1426256974621141]], "chi2_level": 0.99, "chi2_df": 3, "chi2_threshold": 11.344866730144373, "N_raw": 34, "N_roi": 34, "N_inlier": 32, "refit": true}
{"timestamp": "16:54:56.013118", "frame": 21, "mu": [0.5669026155995613, 0.7128902588164784, 1.5352479813043742], "Sigma": [[0.0034140614459981463, 0.00032156826375696445, -0.004023410385390004], [0.00032156826375696434, 0.0021040618355211566, -0.0019916310276853902], [-0.004023410385390003, -0.0019916310276853902, 0.007688170161223995]], "chi2_level": 0.99, "chi2_df": 3, "chi2_threshold": 11.344866730144373, "N_raw": 39, "N_roi": 39, "N_inlier": 36, "refit": true}
{"timestamp": "16:54:56.073269", "frame": 22, "mu": [0.531792684658291, 0.7432369730075091, 1.5385510918553609], "Sigma": [[0.0032851005446206836, 0.0012599232224402566, -0.0015515342003774462], [0.0012599232224402566, 0.005316114150978148, -0.0021352470495382293], [-0.0015515342003774464, -0.0021352470495382293, 0.0013720549195719663]], "chi2_level": 0.99, "chi2_df": 3, "chi2_threshold": 11.344866730144373, "N_raw": 71, "N_roi": 71, "N_inlier": 68, "refit": true}
{"timestamp": "16:54:56.127537", "frame": 23, "mu": [0.4959579165812891, 0.7500316272573482, 1.5001738716631992], "Sigma": [[0.0021968994383376635, -2.498001683407114e-05, -0.0019285641606820738], [-2.4980016834071207e-05, 0.005349702211541075, -0.002935718749360116], [-0.0019285641606820738, -0.002935718749360116, 0.004474602887981132]], "chi2_level": 0.99, "chi2_df": 3, "chi2_threshold": 11.344866730144373, "N_raw": 67, "N_roi": 67, "N_inlier": 66, "refit": true}
{"timestamp": "16:54:56.182097", "frame": 24, "mu": [0.45801122511765424, 0.7283117733342901, 1.5032328065070988], "Sigma": [[0.0038520910993477993, 0.0010185100806742822, -0.002938923729533245], [0.0010185100806742822, 0.0025054289668097482, -0.0021664446657518738], [-0.002938923729533245, -0.0021664446657518733, 0.004048683719302587]], "chi2_level": 0.99, "chi2_df": 3, "chi2_threshold": 11.344866730144373, "N_raw": 65, "N_roi": 65, "N_inlier": 64, "refit": true}
{"timestamp": "16:54:56.233524", "frame": 25, "mu": [0.3026280785507901, 0.8269652551161752, 1.5205657377509691], "Sigma": [[0.0031749155996174975, -0.00014606800672143283, -0.0026159647325077607], [-0.00014606800672143286, 0.0016355876499245514, -0.00046131843603506803], [-0.0026159647325077607, -0.0004613184360350679, 0.0038369912344382285]], "chi2_level": 0.99, "chi2_df": 3, "chi2_threshold": 11.344866730144373, "N_raw": 42, "N_roi": 42, "N_inlier": 39, "refit": true}
{"timestamp": "16:54:56.298362", "frame": 26, "mu": [0.3241342385039099, 0.7990352367803611, 1.4653886898992001], "Sigma": [[0.005870860270923703, -0.0004115630848322593, -0.005129339375289208], [-0.00041156308483225926, 0.0015373604839955825, -0.002648391565538824], [-0.005129339375289209, -0.002648391565538824, 0.01974179899901201]], "chi2_level": 0.99, "chi2_df": 3, "chi2_threshold": 11.344866730144373, "N_raw": 107, "N_roi": 107, "N_inlier": 105, "refit": true}
{"timestamp": "16:54:56.349475", "frame": 27, "mu": [0.2827184671288299, 0.7150560503738177, 1.4513175556277391], "Sigma": [[0.0020761970774220463, 0.00021768439268797762, -0.002159152845821615], [0.00021768439268797757, 0.00729123879446803, 0.012945096186303628], [-0.002159152845821615, 0.012945096186303628, 0.0532765483254771]], "chi2_level": 0.99, "chi2_df": 3, "chi2_threshold": 11.344866730144373, "N_raw": 79, "N_roi": 79, "N_inlier": 78, "refit": true}
{"timestamp": "16:54:56.402217", "frame": 28, "mu": [0.25151298769956454, 0.7491528996938747, 1.4600751061701096], "Sigma": [[0.0017331566056197746, 0.0005181469119713566, -0.00227618064526577], [0.0005181469119713569, 0.0020632046514240093, -0.003908350211834506], [-0.00227618064526577, -0.003908350211834506, 0.0125425432281407]], "chi2_level": 0.99, "chi2_df": 3, "chi2_threshold": 11.344866730144373, "N_raw": 63, "N_roi": 63, "N_inlier": 60, "refit": true}
{"timestamp": "16:54:56.462584", "frame": 29, "mu": [0.21581604446103111, 0.7283258168494768, 1.437803309278832], "Sigma": [[0.003376700164094727, -0.0009891573326762859, -0.0017933105565313698], [-0.0009891573326762859, 0.002034298043151314, -0.002601546513936119], [-0.0017933105565313698, -0.0026015465139361195, 0.007983542897681961]], "chi2_level": 0.99, "chi2_df": 3, "chi2_threshold": 11.344866730144373, "N_raw": 100, "N_roi": 99, "N_inlier": 98, "refit": true}
{"timestamp": "16:54:56.514092", "frame": 30, "mu": [0.12497350007493865, 0.670235688955951, 1.394020635026129], "Sigma": [[0.002676448352422036, 0.003082846739995598, 0.003213766999407322], [0.003082846739995598, 0.007295604576217929, 0.003662567913910195], [0.003213766999407322, 0.003662567913910195, 0.01105919569256964]], "chi2_level": 0.99, "chi2_df": 3, "chi2_threshold": 11.344866730144373, "N_raw": 80, "N_roi": 80, "N_inlier": 76, "refit": true}
{"timestamp": "16:54:56.561573", "frame": 31, "mu": [0.0015316256065135482, 0.6115946884950061, 1.3011860347151725], "Sigma": [[0.0009009253411930869, 0.00016013700920140844, 5.5276540548742944e-05], [0.00016013700920140844, 0.003494447912489749, -0.0010360623569459458], [5.5276540548742964e-05, -0.0010360623569459458, 0.0005572195047292421]], "chi2_level": 0.99, "chi2_df": 3, "chi2_threshold": 11.344866730144373, "N_raw": 27, "N_roi": 27, "N_inlier": 27, "refit": true}
{"timestamp": "16:54:56.615640", "frame": 32, "mu": [0.019092190085403825, 0.7014386957552629, 1.5073358565309207], "Sigma": [[0.0037531251663578597, -7.85641437975642e-05, -0.01889362553731489], [-7.856414379756418e-05, 0.001713771957437921, -0.003956736857238731], [-0.018893625537314888, -0.00395673685723873, 0.12198103262085544]], "chi2_level": 0.99, "chi2_df": 3, "chi2_threshold": 11.344866730144373, "N_raw": 25, "N_roi": 25, "N_inlier": 23, "refit": true}
{"timestamp": "16:54:56.672037", "frame": 33, "mu": [-0.08206122080880054, 0.7258703724948918, 1.5809121263485324], "Sigma": [[0.004129260930651411, -0.003059388797885902, 0.0027307358319123847], [-0.003059388797885902, 0.0038848617373353333, -0.002866593151423069], [0.0027307358319123847, -0.002866593151423069, 0.0025840146633728453]], "chi2_level": 0.99, "chi2_df": 3, "chi2_threshold": 11.344866730144373, "N_raw": 40, "N_roi": 40, "N_inlier": 38, "refit": true}
{"timestamp": "16:54:56.735820", "frame": 34, "mu": [-0.11970430907954717, 0.7347503090400511, 1.4725691956503544], "Sigma": [[0.0031948502610559936, -0.0014287017509587501, -0.0012965327801069178], [-0.0014287017509587501, 0.0029898994785302483, -0.0025654233240649154], [-0.0012965327801069178, -0.0025654233240649154, 0.005454804569835447]], "chi2_level": 0.99, "chi2_df": 3, "chi2_threshold": 11.344866730144373, "N_raw": 91, "N_roi": 91, "N_inlier": 89, "refit": true}
{"timestamp": "16:54:56.786326", "frame": 35, "mu": [-0.1801242264597541, 0.6639503552895973, 1.4094431947264114], "Sigma": [[0.0016042621868397682, 0.0006761959975130907, 0.0017401150402611995], [0.0006761959975130909, 0.015128599452685987, 0.006846212955709355], [0.0017401150402611993, 0.006846212955709355, 0.010340761394518784]], "chi2_level": 0.99, "chi2_df": 3, "chi2_threshold": 11.344866730144373, "N_raw": 60, "N_roi": 59, "N_inlier": 57, "refit": true}
{"timestamp": "16:54:56.843458", "frame": 36, "mu": [-0.21613580141783822, 0.7111516732729736, 1.5083341021614383], "Sigma": [[0.002584307304242099, 0.0015590094133862355, 0.0008352275060459693], [0.0015590094133862355, 0.0036985152115889216, 0.0025974430109928877], [0.000835227506045969, 0.0025974430109928877, 0.014596186726296931]], "chi2_level": 0.99, "chi2_df": 3, "chi2_threshold": 11.344866730144373, "N_raw": 79, "N_roi": 79, "N_inlier": 74, "refit": true}
{"timestamp": "16:54:56.901192", "frame": 37, "mu": [-0.27616927040087164, 0.9032872922823781, -0.800845615557995], "Sigma": [[0.002453712068696736, 0.00319090193520076, -0.01385996722109593], [0.00319090193520076, 0.02330366665963405, -0.07911539687864738], [-0.01385996722109593, -0.07911539687864738, 0.4025769098341413]], "chi2_level": 0.99, "chi2_df": 3, "chi2_threshold": 11.344866730144373, "N_raw": 86, "N_roi": 85, "N_inlier": 84, "refit": true}
{"timestamp": "16:54:56.951979", "frame": 38, "mu": [-0.36254421957502264, 0.7446990022517256, 1.5529324625381589], "Sigma": [[0.0027135544521601222, -0.0003485443685695101, 0.000615876626033082], [-0.0003485443685695101, 0.0020909684146612705, -0.0015649601003374864], [0.000615876626033082, -0.0015649601003374864, 0.0013649904940055406]], "chi2_level": 0.99, "chi2_df": 3, "chi2_threshold": 11.344866730144373, "N_raw": 65, "N_roi": 62, "N_inlier": 57, "refit": true}
{"timestamp": "16:54:57.006615", "frame": 39, "mu": [-0.41735768485631697, 0.7584934536489314, 1.5282543209592863], "Sigma": [[0.0026526665968937767, -0.001145240081484739, 0.0004745437988382007], [-0.001145240081484739, 0.0024337300054587205, -0.002660975256210429], [0.0004745437988382007, -0.0026609752562104295, 0.0035806616340293873]], "chi2_level": 0.99, "chi2_df": 3, "chi2_threshold": 11.344866730144373, "N_raw": 66, "N_roi": 66, "N_inlier": 64, "refit": true}
{"timestamp": "16:54:57.062950", "frame": 40, "mu": [-0.4627206225628531, 0.7480622115170956, -0.6234954430745114], "Sigma": [[0.0031915314455423687, 0.007328589326965083, -0.004772239916349603], [0.007328589326965083, 0.03667801341437588, -0.03385387854156128], [-0.004772239916349603, -0.03385387854156128, 0.05771967668986348]], "chi2_level": 0.99, "chi2_df": 3, "chi2_threshold": 11.344866730144373, "N_raw": 64, "N_roi": 63, "N_inlier": 62, "refit": true}
{"timestamp": "16:54:57.115550", "frame": 41, "mu": [-0.5476570747232451, 0.72306664123386, 1.5173503374429855], "Sigma": [[0.01894608269915031, 0.008288469404338108, -0.008075043653794297], [0.008288469404338108, 0.005211282889818426, -0.003769804601771922], [-0.008075043653794297, -0.003769804601771922, 0.016929155573231165]], "chi2_level": 0.99, "chi2_df": 3, "chi2_threshold": 11.344866730144373, "N_raw": 62, "N_roi": 62, "N_inlier": 61, "refit": true}
{"timestamp": "16:54:57.174345", "frame": 42, "mu": [-0.6995247824537105, 0.7816380298903893, 1.6287523160288784], "Sigma": [[0.01958350568795915, 0.006212587344019929, -0.012233017279173758], [0.006212587344019929, 0.006156937930941861, -0.006909739657101921], [-0.012233017279173756, -0.006909739657101921, 0.02205648795012799]], "chi2_level": 0.99, "chi2_df": 3, "chi2_threshold": 11.344866730144373, "N_raw": 79, "N_roi": 77, "N_inlier": 73, "refit": true}
{"timestamp": "16:54:57.231113", "frame": 43, "mu": [-0.7102661092987644, 0.6822088138284296, 1.3144802989521378], "Sigma": [[0.014176542649501795, -0.00036090298728147014, -0.029455392852279955], [-0.0003609029872814702, 0.009173806599033394, 0.00023418765022450582], [-0.02945539285227996, 0.00023418765022450517, 0.10898504748560915]], "chi2_level": 0.99, "chi2_df": 3, "chi2_threshold": 11.344866730144373, "N_raw": 95, "N_roi": 95, "N_inlier": 93, "refit": true}
{"timestamp": "16:54:57.290067", "frame": 44, "mu": [-0.8088242029587166, 0.7906640441642878, 1.5199084247243764], "Sigma": [[0.02101788984946415, 0.010799389185577933, -0.025245235207964255], [0.010799389185577931, 0.013748536537518128, -0.021385498903123912], [-0.025245235207964255, -0.021385498903123912, 0.06351967609714478]], "chi2_level": 0.99, "chi2_df": 3, "chi2_threshold": 11.344866730144373, "N_raw": 113, "N_roi": 113, "N_inlier": 113, "refit": true}
{"timestamp": "16:54:57.341548", "frame": 45, "mu": [-0.8380171123495368, 0.7141077899427526, 1.4773313574332645], "Sigma": [[0.01837569336104901, -0.0007602708224426224, -0.0387336428267714], [-0.0007602708224426222, 0.008622150567604707, 0.007059506740425404], [-0.0387336428267714, 0.007059506740425405, 0.13207762044797136]], "chi2_level": 0.99, "chi2_df": 3, "chi2_threshold": 11.344866730144373, "N_raw": 95, "N_roi": 95, "N_inlier": 91, "refit": true}
{"timestamp": "16:54:57.399950", "frame": 46, "mu": [-0.9295702928678876, 0.8114054102846514, 1.4705991092527015], "Sigma": [[0.01425546546798599, 0.008256584286375858, -0.005096982466036116], [0.008256584286375858, 0.013812041478649052, -0.02418517772205026], [-0.005096982466036116, -0.024185177722050262, 0.16309146355484158]], "chi2_level": 0.99, "chi2_df": 3, "chi2_threshold": 11.344866730144373, "N_raw": 117, "N_roi": 117, "N_inlier": 117, "refit": true}
{"timestamp": "16:54:57.458117", "frame": 47, "mu": [-0.951821820003659, 0.7303237889131615, 1.4600016005903687], "Sigma": [[0.01850097580492143, 0.017632562306792478, -0.013221911325606586], [0.017632562306792474, 0.046902734487558016, 0.015139391668399019], [-0.013221911325606586, 0.015139391668399017, 0.10342526192481549]], "chi2_level": 0.99, "chi2_df": 3, "chi2_threshold": 11.344866730144373, "N_raw": 134, "N_roi": 133, "N_inlier": 132, "refit": true}
{"timestamp": "16:54:57.512945", "frame": 48, "mu": [-0.9863345498574274, 0.8031648868579069, 1.4387833036769528], "Sigma": [[0.01890461370342074, 0.003746141297277832, -0.03677043772598049], [0.003746141297277832, 0.008393194952301597, -0.0015280302005080282], [-0.036770437725980494, -0.0015280302005080274, 0.14742659200298427]], "chi2_level": 0.99, "chi2_df": 3, "chi2_threshold": 11.344866730144373, "N_raw": 138, "N_roi": 138, "N_inlier": 135, "refit": true}
{"timestamp": "16:54:57.562900", "frame": 49, "mu": [-1.0871913721700748, 0.8419343141435864, 0.2520722886928863], "Sigma": [[0.011460408230165644, 0.004991698498530424, 0.0491318410837852], [0.0049916984985304245, 0.013219347092566414, 0.05389788267370338], [0.0491318410837852, 0.05389788267370338, 0.6391911934736771]], "chi2_level": 0.99, "chi2_df": 3, "chi2_threshold": 11.344866730144373, "N_raw": 98, "N_roi": 98, "N_inlier": 97, "refit": true}
{"timestamp": "16:54:57.616846", "frame": 50, "mu": [-1.132676634802266, 0.7210480823796449, 1.4626374572022505], "Sigma": [[0.010590286579636787, 0.01093043596938635, 0.0022560277984297], [0.01093043596938635, 0.05545139947269637, 0.027228794464361654], [0.002256027798429699, 0.02722879446436165, 0.033942685247377556]], "chi2_level": 0.99, "chi2_df": 3, "chi2_threshold": 11.344866730144373, "N_raw": 94, "N_roi": 94, "N_inlier": 91, "refit": true}
{"timestamp": "16:54:57.756955", "frame": 51, "mu": [-1.206093690938938, 0.880520043654175, -0.2487142644471137], "Sigma": [[0.01294859179318428, 0.011320893311373516, 0.008762046359586448], [0.011320893311373516, 0.0282506840325163, 0.00920931305787452], [0.008762046359586448, 0.009209313057874518, 0.043375189447427506]], "chi2_level": 0.99, "chi2_df": 3, "chi2_threshold": 11.344866730144373, "N_raw": 98, "N_roi": 98, "N_inlier": 94, "refit": true}
{"timestamp": "16:54:57.799634", "frame": 52, "mu": [-1.23027772155266, 0.8854509028243481, 1.5704244511361503], "Sigma": [[0.00987971748791421, 0.00489479076552479, -0.0020131709139346813], [0.004894790765524791, 0.009511547023746554, -0.0061765288441197365], [-0.0020131709139346813, -0.006176528844119737, 0.027218465349510546]], "chi2_level": 0.99, "chi2_df": 3, "chi2_threshold": 11.344866730144373, "N_raw": 89, "N_roi": 89, "N_inlier": 85, "refit": true}
{"timestamp": "16:54:57.845804", "frame": 53, "mu": [-1.3470142724521639, 0.8506096027530093, 1.499776455978418], "Sigma": [[0.012908585211147053, 0.008144199485918734, 0.009955103293060989], [0.008144199485918732, 0.011591972006579637, -0.0031036020518923875], [0.009955103293060989, -0.003103602051892387, 0.03923009765840693]], "chi2_level": 0.99, "chi2_df": 3, "chi2_threshold": 11.344866730144373, "N_raw": 97, "N_roi": 97, "N_inlier": 92, "refit": true}
{"timestamp": "16:54:57.876269", "frame": 54, "mu": [-1.3614707940929953, 0.8934147845816379, 1.566271597162246], "Sigma": [[0.010320277747478306, 0.006559865722717878, 0.005427450754863799], [0.0065598657227178775, 0.01846999337085338, -0.004252882905645537], [0.005427450754863799, -0.004252882905645537, 0.017951572555618973]], "chi2_level": 0.99, "chi2_df": 3, "chi2_threshold": 11.344866730144373, "N_raw": 93, "N_roi": 93, "N_inlier": 90, "refit": true}
{"timestamp": "16:54:57.895899", "frame": 55, "mu": [-1.3599923345820946, 1.0226122527087342, 1.413078036617823], "Sigma": [[0.013487376527844467, 0.007488088156257272, -0.015813964488700608], [0.007488088156257272, 0.0172834843209463, -0.029304220645107654], [-0.01581396448870061, -0.029304220645107654, 0.09787527450113423]], "chi2_level": 0.99, "chi2_df": 3, "chi2_threshold": 11.344866730144373, "N_raw": 127, "N_roi": 127, "N_inlier": 125, "refit": true}
{"timestamp": "16:54:57.948535", "frame": 56, "mu": [-1.406932458439677, 1.111673776755907, 0.05857153889765747], "Sigma": [[0.011372686048368122, 0.008887126496584217, 0.03806372642737325], [0.008887126496584217, 0.018042488257199618, 0.0435551606660965], [0.03806372642737325, 0.0435551606660965, 0.36534955483176695]], "chi2_level": 0.99, "chi2_df": 3, "chi2_threshold": 11.344866730144373, "N_raw": 106, "N_roi": 106, "N_inlier": 106, "refit": true}
{"timestamp": "16:54:58.001568", "frame": 57, "mu": [-1.4552620278425707, 1.074093704116653, 1.5327475182827968], "Sigma": [[0.011108469314591916, 0.006287027775720685, -0.00471624256971772], [0.006287027775720685, 0.009870438155160302, -0.008445998314292593], [-0.00471624256971772, -0.008445998314292593, 0.031298540415108725]], "chi2_level": 0.99, "chi2_df": 3, "chi2_threshold": 11.344866730144373, "N_raw": 96, "N_roi": 96, "N_inlier": 91, "refit": true}
{"timestamp": "16:54:58.058199", "frame": 58, "mu": [-1.5188569420869753, 1.0948111246550503, 1.5323430200856625], "Sigma": [[0.010513411491604428, 0.006301480871517596, 0.0012264378468755457], [0.006301480871517596, 0.010153766956487965, -0.011002267065937169], [0.0012264378468755457, -0.011002267065937169, 0.05837877216249933]], "chi2_level": 0.99, "chi2_df": 3, "chi2_threshold": 11.344866730144373, "N_raw": 107, "N_roi": 107, "N_inlier": 106, "refit": true}
{"timestamp": "16:54:58.111586", "frame": 59, "mu": [-1.5726437773736217, 1.065142344925428, 1.3532716468128263], "Sigma": [[0.01801681786095023, 0.0159062189919224, 0.007752094412799033], [0.0159062189919224, 0.02271082947202837, 0.009362761667491701], [0.007752094412799033, 0.009362761667491701, 0.032466942257296766]], "chi2_level": 0.99, "chi2_df": 3, "chi2_threshold": 11.344866730144373, "N_raw": 95, "N_roi": 95, "N_inlier": 93, "refit": true}
{"timestamp": "16:54:58.161879", "frame": 60, "mu": [-1.6101931389386477, 1.1455427943074616, 1.6387320253688646], "Sigma": [[0.007052811816065276, 0.0036055512043948546, -0.0016583732793860257], [0.0036055512043948546, 0.009113031800132452, -0.008928642047686907], [-0.0016583732793860257, -0.008928642047686907, 0.02028350635136865]], "chi2_level": 0.99, "chi2_df": 3, "chi2_threshold": 11.344866730144373, "N_raw": 60, "N_roi": 60, "N_inlier": 57, "refit": true}
{"timestamp": "16:54:58.221202", "frame": 61, "mu": [-1.6149275983006002, 1.2003879818366494, 1.4922893625174738], "Sigma": [[0.01860231687134567, 0.009698212079885457, -0.009936245613506672], [0.009698212079885457, 0.014775388193792918, -0.011669844551663814], [-0.009936245613506672, -0.011669844551663814, 0.011459506508864925]], "chi2_level": 0.99, "chi2_df": 3, "chi2_threshold": 11.344866730144373, "N_raw": 99, "N_roi": 99, "N_inlier": 96, "refit": true}
{"timestamp": "16:54:58.276667", "frame": 62, "mu": [-1.6296220768787115, 1.2329123215484277, 1.5337173150242847], "Sigma": [[0.017025863966243206, 0.009765952095295283, -0.008064013415997356], [0.009765952095295285, 0.01450005174253636, -0.01198122984020104], [-0.008064013415997356, -0.01198122984020104, 0.012858684146625839]], "chi2_level": 0.99, "chi2_df": 3, "chi2_threshold": 11.344866730144373, "N_raw": 95, "N_roi": 95, "N_inlier": 92, "refit": true}
{"timestamp": "16:54:58.331198", "frame": 63, "mu": [-1.6600425338642126, 1.2848855093518554, 1.5452715852901704], "Sigma": [[0.01754610201087705, 0.009418493616686504, -0.012216021692504905], [0.009418493616686504, 0.017063532777764966, -0.009843430433140739], [-0.012216021692504905, -0.009843430433140739, 0.010538811212986566]], "chi2_level": 0.99, "chi2_df": 3, "chi2_threshold": 11.344866730144373, "N_raw": 89, "N_roi": 89, "N_inlier": 88, "refit": true}
{"timestamp": "16:54:58.390284", "frame": 64, "mu": [-1.6759505156239844, 1.3704404868066857, 1.576777030478131], "Sigma": [[0.01925046188138329, 0.014216238140616337, -0.022437139321793427], [0.014216238140616339, 0.02195397093925, -0.028539584882277275], [-0.022437139321793427, -0.028539584882277275, 0.05434538653313921]], "chi2_level": 0.99, "chi2_df": 3, "chi2_threshold": 11.344866730144373, "N_raw": 120, "N_roi": 120, "N_inlier": 115, "refit": true}
{"timestamp": "16:54:58.439611", "frame": 65, "mu": [-1.7613207669806563, 1.4521745043989542, -0.07438432178579932], "Sigma": [[0.011915298706454625, 0.005255216434312938, 0.0005693951249639203], [0.005255216434312938, 0.02279578264653921, -0.022817525809495393], [0.0005693951249639203, -0.022817525809495393, 0.03565087106175235]], "chi2_level": 0.99, "chi2_df": 3, "chi2_threshold": 11.344866730144373, "N_raw": 76, "N_roi": 76, "N_inlier": 72, "refit": true}
{"timestamp": "16:54:58.498314", "frame": 66, "mu": [-1.7213304843669262, 1.4371712172159776, 1.5041331594039629], "Sigma": [[0.018203976694464993, 0.011276698093915315, -0.011951452435431501], [0.011276698093915315, 0.016555775581477347, -0.017254278957777883], [-0.011951452435431501, -0.017254278957777883, 0.02990748708363492]], "chi2_level": 0.99, "chi2_df": 3, "chi2_threshold": 11.344866730144373, "N_raw": 109, "N_roi": 109, "N_inlier": 105, "refit": true}
{"timestamp": "16:54:58.553302", "frame": 67, "mu": [-1.765399589231137, 1.4536665904210586, 1.5167097160685503], "Sigma": [[0.020188078660612806, 0.01388860801454525, -0.014157899868148794], [0.01388860801454525, 0.020164127022700234, -0.0194199099764263], [-0.014157899868148794, -0.0194199099764263, 0.022830955861834527]], "chi2_level": 0.99, "chi2_df": 3, "chi2_threshold": 11.344866730144373, "N_raw": 109, "N_roi": 109, "N_inlier": 106, "refit": true}
{"timestamp": "16:54:58.604569", "frame": 68, "mu": [-1.7638537665521923, 1.5026542759414065, 1.5558076917549974], "Sigma": [[0.022632444269215683, 0.015482857512812033, -0.01433782553764454], [0.015482857512812033, 0.018131671526069343, -0.013543440718782733], [-0.014337825537644538, -0.013543440718782733, 0.011757812577746106]], "chi2_level": 0.99, "chi2_df": 3, "chi2_threshold": 11.344866730144373, "N_raw": 85, "N_roi": 85, "N_inlier": 83, "refit": true}
{"timestamp": "16:54:58.665761", "frame": 69, "mu": [-1.8274587547204109, 1.5910806950307201, 1.5359696874053081], "Sigma": [[0.021566734970001552, 0.01463361024534611, -0.019145173423095605], [0.014633610245346108, 0.023128296855880276, -0.02424789116169737], [-0.019145173423095605, -0.02424789116169737, 0.05245506187885966]], "chi2_level": 0.99, "chi2_df": 3, "chi2_threshold": 11.344866730144373, "N_raw": 121, "N_roi": 121, "N_inlier": 121, "refit": true}
{"timestamp": "16:54:58.715120", "frame": 70, "mu": [-1.8604578844463149, 1.5645721400809438, 1.6735430561670555], "Sigma": [[0.02325825253869309, 0.017743165957459964, -0.019411031629492294], [0.017743165957459964, 0.022085007472022293, -0.01806838600159142], [-0.019411031629492294, -0.01806838600159142, 0.02312978402120129]], "chi2_level": 0.99, "chi2_df": 3, "chi2_threshold": 11.344866730144373, "N_raw": 83, "N_roi": 83, "N_inlier": 79, "refit": true}
{"timestamp": "16:54:58.774561", "frame": 71, "mu": [-1.9271202995807715, 1.6618050805723703, 1.605266678246483], "Sigma": [[0.025157502762455056, 0.01860462136256724, -0.015416409747383807], [0.01860462136256724, 0.026239306288403798, -0.023459944148199154], [-0.015416409747383805, -0.023459944148199154, 0.038597368251132406]], "chi2_level": 0.99, "chi2_df": 3, "chi2_threshold": 11.344866730144373, "N_raw": 119, "N_roi": 119, "N_inlier": 118, "refit": true}
{"timestamp": "16:54:58.826504", "frame": 72, "mu": [-1.898995371811325, 1.783232472658666, 1.490229534583431], "Sigma": [[0.01882472698917964, 0.013125126575081844, -0.011037799914723818], [0.013125126575081844, 0.01501737494338737, -0.020592368689123824], [-0.011037799914723818, -0.020592368689123824, 0.04939778889367099]], "chi2_level": 0.99, "chi2_df": 3, "chi2_threshold": 11.344866730144373, "N_raw": 97, "N_roi": 97, "N_inlier": 94, "refit": true}
{"timestamp": "16:54:58.881124", "frame": 73, "mu": [-1.9630340299934073, 1.7719165006936815, 1.6576177466031532], "Sigma": [[0.027007740747053983, 0.01849892525584982, -0.014324797653703635], [0.01849892525584982, 0.01957403297015716, -0.01704459867951976], [-0.014324797653703635, -0.01704459867951976, 0.01893333133766762]], "chi2_level": 0.99, "chi2_df": 3, "chi2_threshold": 11.344866730144373, "N_raw": 84, "N_roi": 82, "N_inlier": 79, "refit": true}
{"timestamp": "16:54:58.937974", "frame": 74, "mu": [-1.9910770054477742, 1.8595843103923941, 1.579022991001659], "Sigma": [[0.026181999843045145, 0.018531546879907206, -0.028447800024549146], [0.018531546879907206, 0.020269784603001863, -0.03681868762941634], [-0.028447800024549146, -0.03681868762941634, 0.08712952821373716]], "chi2_level": 0.99, "chi2_df": 3, "chi2_threshold": 11.344866730144373, "N_raw": 110, "N_roi": 110, "N_inlier": 106, "refit": true}
{"timestamp": "16:54:58.992140", "frame": 75, "mu": [-1.9764233570044818, 1.8943293187849277, 0.47630552714547403], "Sigma": [[0.02657359250114855, 0.022473758781240506, 0.0401759244051732], [0.022473758781240506, 0.03305110152951416, 0.027995375658668102], [0.04017592440517319, 0.027995375658668106, 0.23457253139495016]], "chi2_level": 0.99, "chi2_df": 3, "chi2_threshold": 11.344866730144373, "N_raw": 97, "N_roi": 95, "N_inlier": 94, "refit": true}
{"timestamp": "16:54:59.045119", "frame": 76, "mu": [-2.0020071226621483, 1.9402122650047091, 1.802809531915031], "Sigma": [[0.02779977478580013, 0.02049998508454089, -0.024591122127644686], [0.02049998508454089, 0.023026492187548174, -0.025965385333350223], [-0.024591122127644686, -0.025965385333350226, 0.03670405620029987]], "chi2_level": 0.99, "chi2_df": 3, "chi2_threshold": 11.344866730144373, "N_raw": 87, "N_roi": 86, "N_inlier": 80, "refit": true}
{"timestamp": "16:54:59.092140", "frame": 77, "mu": [-2.012435863762154, 2.2323167418660814, -0.36707835137136025], "Sigma": [[0.02052724475440508, 0.028047571684973318, -0.04255816638148181], [0.028047571684973318, 0.10088696316282288, -0.18870323595181002], [-0.04255816638148181, -0.18870323595181002, 0.42511936757505137]], "chi2_level": 0.99, "chi2_df": 3, "chi2_threshold": 11.344866730144373, "N_raw": 26, "N_roi": 26, "N_inlier": 26, "refit": true}
{"timestamp": "16:54:59.143945", "frame": 78, "mu": [-1.9799693970798338, 2.1714513879520125, 1.02760882799604], "Sigma": [[0.03477102167630364, 0.023943350967175144, -0.016615993160197615], [0.023943350967175144, 0.025704779515618337, -0.050454961063603074], [-0.016615993160197615, -0.050454961063603074, 0.2657421033012149]], "chi2_level": 0.99, "chi2_df": 3, "chi2_threshold": 11.344866730144373, "N_raw": 19, "N_roi": 19, "N_inlier": 19, "refit": true}
{"timestamp": "16:54:59.198306", "frame": 79, "mu": [-1.9448375058474339, 2.3029177618922274, -0.009395806260250071], "Sigma": [[0.006617735214266912, -0.008907091425358298, 0.0365555776973746], [-0.008907091425358298, 0.013313851852305408, -0.049115542280097735], [0.036555577697374594, -0.049115542280097735, 0.24616722771340205]], "chi2_level": 0.99, "chi2_df": 3, "chi2_threshold": 11.344866730144373, "N_raw": 7, "N_roi": 7, "N_inlier": 7, "refit": true}
{"timestamp": "16:54:59.256878", "frame": 80, "mu": [-1.8918501018116016, 2.2563018121849825, 1.522161723102969], "Sigma": [[0.014390168398382567, 0.0049302012160495744, 0.019689102606093894], [0.0049302012160495744, 0.004147480901655109, 0.0017103019341501006], [0.019689102606093894, 0.0017103019341501006, 0.084123531930582]], "chi2_level": 0.99, "chi2_df": 3, "chi2_threshold": 11.344866730144373, "N_raw": 31, "N_roi": 31, "N_inlier": 29, "refit": true}
{"timestamp": "16:54:59.308792", "frame": 81, "mu": [-1.96963249262736, 2.3086780916782135, 1.2769757642133954], "Sigma": [[0.010668508893148299, 0.001586297687948887, 0.042836365403592244], [0.0015862976879488866, 0.002422095389945105, 0.010068706762605765], [0.042836365403592244, 0.010068706762605765, 0.18553277429491608]], "chi2_level": 0.99, "chi2_df": 3, "chi2_threshold": 11.344866730144373, "N_raw": 9, "N_roi": 9, "N_inlier": 9, "refit": true}
{"timestamp": "16:54:59.368116", "frame": 82, "mu": [-1.8702113217222518, 2.4715042852287756, 0.21176242644221854], "Sigma": [[0.009482986997626992, 0.007382487381207774, -0.006823760905632394], [0.007382487381207773, 0.01642409378379233, -0.0238875134012618], [-0.006823760905632394, -0.0238875134012618, 0.04398919731622297]], "chi2_level": 0.99, "chi2_df": 3, "chi2_threshold": 11.344866730144373, "N_raw": 45, "N_roi": 45, "N_inlier": 43, "refit": true}
{"timestamp": "16:54:59.423033", "frame": 83, "mu": [-1.942964681819628, 2.450027160437297, 1.3381945333522745], "Sigma": [[0.03090083332753317, 0.008746216539402564, 0.05943894706411619], [0.008746216539402564, 0.006273310072260328, 0.005293534045070851], [0.05943894706411619, 0.0052935340450708515, 0.21598578381568168]], "chi2_level": 0.99, "chi2_df": 3, "chi2_threshold": 11.344866730144373, "N_raw": 38, "N_roi": 38, "N_inlier": 38, "refit": true}
{"timestamp": "16:54:59.474697", "frame": 84, "mu": [-1.8247986798531586, 2.5622640559819176, 1.6547906703926685], "Sigma": [[0.003894071857372853, 4.191534376919687e-05, 0.00042338085628957104], [4.1915343769196765e-05, 0.002762131063875897, -0.0045299802290746875], [0.0004233808562895702, -0.0045299802290746875, 0.027565522602259095]], "chi2_level": 0.99, "chi2_df": 3, "chi2_threshold": 11.344866730144373, "N_raw": 19, "N_roi": 19, "N_inlier": 18, "refit": true}
{"timestamp": "16:54:59.533427", "frame": 85, "mu": [-1.862268574920437, 2.6483912817990007, 1.2787395981279317], "Sigma": [[0.04391397766654717, 0.0039006460619164006, 0.051862010597023375], [0.0039006460619164015, 0.0036939025843338827, -0.0073329973575735116], [0.051862010597023375, -0.0073329973575735116, 0.12692157705096058]], "chi2_level": 0.99, "chi2_df": 3, "chi2_threshold": 11.344866730144373, "N_raw": 44, "N_roi": 44, "N_inlier": 44, "refit": true}
{"timestamp": "16:54:59.590081", "frame": 86, "mu": [-1.7890992634719827, 2.6578850432085352, 1.405614042279237], "Sigma": [[0.014040661822627502, 0.004117696036474555, -0.008463675645414913], [0.004117696036474556, 0.005400301614402834, -0.011098350364485613], [-0.008463675645414913, -0.011098350364485615, 0.03418275147195608]], "chi2_level": 0.99, "chi2_df": 3, "chi2_threshold": 11.344866730144373, "N_raw": 54, "N_roi": 54, "N_inlier": 51, "refit": true}
