{"timestamp": "16:49:39.169395", "frame": 19, "mu": [-1.233962782584783, 0.30005224336557523, 0.5943763885776036], "Sigma": [[0.011425552225811614, 0.009646891885307735, 0.058233660469756435], [0.009646891885307735, 0.009803311752593429, 0.048213535068735436], [0.058233660469756435, 0.04821353506873543, 0.4161729398416158]], "chi2_level": 0.99, "chi2_df": 3, "chi2_threshold": 11.344866730144373, "N_raw": 6, "N_roi": 6, "N_inlier": 6, "refit": true}
{"timestamp": "16:49:39.224409", "frame": 20, "mu": [-0.17511474303793223, 0.40028519107872645, 0.7844527290191947], "Sigma": [[1.2721086966396182, -0.054157869172883386, 0.6012119883399554], [-0.054157869172883386, 0.004801871450643208, -0.04668152591876235], [0.6012119883399554, -0.04668152591876235, 0.5103527051670406]], "chi2_level": 0.99, "chi2_df": 3, "chi2_threshold": 11.344866730144373, "N_raw": 8, "N_roi": 8, "N_inlier": 8, "refit": true}
{"timestamp": "16:49:39.285638", "frame": 21, "mu": [-0.4509137512551951, 0.3235297329216615, 1.3441475498834623], "Sigma": [[1.248064902716723, -0.018824714026602837, -0.027011171029163235], [-0.018824714026602837, 0.003355254049532016, 0.0007221565871987087], [-0.027011171029163235, 0.0007221565871987087, 0.013890434476491737]], "chi2_level": 0.99, "chi2_df": 3, "chi2_threshold": 11.344866730144373, "N_raw": 50, "N_roi": 50, "N_inlier": 47, "refit": true}
{"timestamp": "16:49:39.339395", "frame": 22, "mu": [-1.1321013429519546, 0.3876770540412326, 1.4954668602175458], "Sigma": [[0.005234413597955473, -0.0004817673771621715, -0.001315329168693512], [-0.0004817673771621715, 0.008284207169691617, -0.002046277941569851], [-0.001315329168693512, -0.0020462779415698516, 0.001179819746740784]], "chi2_level": 0.99, "chi2_df": 3, "chi2_threshold": 11.344866730144373, "N_raw": 45, "N_roi": 45, "N_inlier": 42, "refit": true}
{"timestamp": "16:49:39.452158", "frame": 24, "mu": [-1.1370247176263417, 0.4012725582954915, 1.4803622913252532], "Sigma": [[0.005766989714232693, 0.0011174475820580553, 0.00182826806670112], [0.0011174475820580553, 0.00453663811913897, -0.003802569090532857], [0.00182826806670112, -0.003802569090532857, 0.0052436217207086685]], "chi2_level": 0.99, "chi2_df": 3, "chi2_threshold": 11.344866730144373, "N_raw": 56, "N_roi": 56, "N_inlier": 52, "refit": true}
{"timestamp": "16:49:39.505497", "frame": 25, "mu": [-1.102621473830263, 0.5075800416786509, -0.42127172308633076], "Sigma": [[0.0056392690323506045, 0.0009595311056563426, -0.0002954160712939024], [0.0009595311056563424, 0.006561847417948657, -0.002454946157089909], [-0.00029541607129390227, -0.002454946157089909, 0.0014406271862279817]], "chi2_level": 0.99, "chi2_df": 3, "chi2_threshold": 11.344866730144373, "N_raw": 52, "N_roi": 52, "N_inlier": 49, "refit": true}
{"timestamp": "16:49:39.565510", "frame": 26, "mu": [-1.0884846059058424, 0.428536266247525, 1.471539372999669], "Sigma": [[0.009910749191738394, 0.0009678187054294232, -0.0004712787824170811], [0.0009678187054294231, 0.005175595286604999, -0.004036556580683746], [-0.00047127878241708115, -0.004036556580683746, 0.004524515488770379]], "chi2_level": 0.99, "chi2_df": 3, "chi2_threshold": 11.344866730144373, "N_raw": 78, "N_roi": 78, "N_inlier": 77, "refit": true}
{"timestamp": "16:49:39.619088", "frame": 27, "mu": [-1.063749779167927, 0.5720852120156639, -0.3589962572039475], "Sigma": [[0.008387458535173755, 0.002408428044951426, -0.0003257439428884343], [0.002408428044951426, 0.009389918481832916, -0.002797262441103436], [-0.00032574394288843435, -0.002797262441103436, 0.002504131417824823]], "chi2_level": 0.99, "chi2_df": 3, "chi2_threshold": 11.344866730144373, "N_raw": 74, "N_roi": 74, "N_inlier": 73, "refit": true}
{"timestamp": "16:49:39.669391", "frame": 28, "mu": [-1.006310805126186, 0.6906194200913857, -0.3096507745687741], "Sigma": [[0.0036423567236299067, 0.0011489992361006622, -0.000809790317227904], [0.0011489992361006622, 0.013304988078106116, -0.013056013503396344], [-0.0008097903172279038, -0.013056013503396344, 0.014137136465298931]], "chi2_level": 0.99, "chi2_df": 3, "chi2_threshold": 11.344866730144373, "N_raw": 44, "N_roi": 44, "N_inlier": 41, "refit": true}
{"timestamp": "16:49:39.726328", "frame": 29, "mu": [-1.0037959836716994, 0.5234161972254179, 1.4900725622047155], "Sigma": [[0.004989109145668354, 0.00039677710547198684, 0.0008704203259102273], [0.00039677710547198684, 0.0032769395428083564, -0.0027350657948957626], [0.0008704203259102272, -0.002735065794895763, 0.003855601378934482]], "chi2_level": 0.99, "chi2_df": 3, "chi2_threshold": 11.344866730144373, "N_raw": 57, "N_roi": 57, "N_inlier": 53, "refit": true}
{"timestamp": "16:49:39.785592", "frame": 30, "mu": [-0.983516636009677, 0.6892323554683468, -0.20485221563495185], "Sigma": [[0.008588537736245625, 0.0018813229971239875, 0.01763317489079909], [0.0018813229971239877, 0.005421037306638582, -0.00042291954443984163], [0.01763317489079909, -0.0004229195444398412, 0.2664918203014504]], "chi2_level": 0.99, "chi2_df": 3, "chi2_threshold": 11.344866730144373, "N_raw": 81, "N_roi": 81, "N_inlier": 78, "refit": true}
{"timestamp": "16:49:39.848644", "frame": 31, "mu": [-0.9405282108190087, 0.6499447243589918, 0.20171268678986243], "Sigma": [[0.009777608104830955, 0.0009806772042302856, 0.05322161809025221], [0.0009806772042302856, 0.008817292256545687, 0.02793233341535048], [0.05322161809025221, 0.02793233341535048, 0.763028558659399]], "chi2_level": 0.99, "chi2_df": 3, "chi2_threshold": 11.344866730144373, "N_raw": 110, "N_roi": 110, "N_inlier": 107, "refit": true}
{"timestamp": "16:49:39.891886", "frame": 32, "mu": [-0.9864458603487856, 0.687138982036027, 1.5836198180448515], "Sigma": [[0.017062587390678143, 0.001237403094564295, -0.01982323396882953], [0.001237403094564295, 0.002945158236641019, -0.006038473448195952], [-0.01982323396882953, -0.006038473448195951, 0.03737555972107599]], "chi2_level": 0.99, "chi2_df": 3, "chi2_threshold": 11.344866730144373, "N_raw": 37, "N_roi": 37, "N_inlier": 36, "refit": true}
{"timestamp": "16:49:39.950671", "frame": 33, "mu": [-0.9786997077288155, 0.6813857449918647, -0.27705004621288104], "Sigma": [[0.008357469230534854, 0.004692197541149303, 0.002238493911892442], [0.004692197541149303, 0.012338445400921771, 5.5988589921638726e-05], [0.002238493911892442, 5.5988589921638835e-05, 0.005633562695630466]], "chi2_level": 0.99, "chi2_df": 3, "chi2_threshold": 11.344866730144373, "N_raw": 61, "N_roi": 60, "N_inlier": 58, "refit": true}
{"timestamp": "16:49:40.000389", "frame": 34, "mu": [-0.8575797512998053, 0.7611840333821248, 1.6493428100291228], "Sigma": [[0.013163987497362245, 0.01085213847655141, -0.010301328385583324], [0.01085213847655141, 0.018752028046933045, -0.01281058521366479], [-0.010301328385583324, -0.01281058521366479, 0.010103309568543198]], "chi2_level": 0.99, "chi2_df": 3, "chi2_threshold": 11.344866730144373, "N_raw": 23, "N_roi": 18, "N_inlier": 18, "refit": true}
{"timestamp": "16:49:40.052390", "frame": 35, "mu": [-0.8715636700131333, 0.8072617116243932, 1.5712143931490594], "Sigma": [[0.044549553556301344, 0.01428782744939211, -0.014552041782498798], [0.01428782744939211, 0.01411157780283183, -0.004543755244606269], [-0.014552041782498798, -0.004543755244606269, 0.007627452598438103]], "chi2_level": 0.99, "chi2_df": 3, "chi2_threshold": 11.344866730144373, "N_raw": 15, "N_roi": 15, "N_inlier": 15, "refit": true}
{"timestamp": "16:49:40.113529", "frame": 36, "mu": [-0.7766826403361194, 0.9291115107819788, 1.6129570370089041], "Sigma": [[0.013485063838558355, 0.014526788926251324, -0.013202780370570278], [0.014526788926251324, 0.023295215000501128, -0.02162674229032374], [-0.013202780370570278, -0.02162674229032374, 0.023753043193203753]], "chi2_level": 0.99, "chi2_df": 3, "chi2_threshold": 11.344866730144373, "N_raw": 57, "N_roi": 57, "N_inlier": 53, "refit": true}
{"timestamp": "16:49:40.177232", "frame": 37, "mu": [-0.6031553220381161, 0.9574651956685019, 1.3949565827779162], "Sigma": [[0.0078517797389602, -0.005715228436021652, -0.010715431477045734], [-0.005715228436021652, 0.008304179116811191, 0.014886001246164791], [-0.010715431477045734, 0.014886001246164793, 0.07327492878684964]], "chi2_level": 0.99, "chi2_df": 3, "chi2_threshold": 11.344866730144373, "N_raw": 105, "N_roi": 105, "N_inlier": 99, "refit": true}
{"timestamp": "16:49:40.227982", "frame": 38, "mu": [-0.5771895954709696, 0.9961710232489879, 1.4806345198027993], "Sigma": [[0.0069087146482904585, -0.004375830399037536, -0.0023534752994802824], [-0.004375830399037536, 0.006236390879620815, 0.0005915113075562167], [-0.0023534752994802824, 0.0005915113075562168, 0.00496680003687003]], "chi2_level": 0.99, "chi2_df": 3, "chi2_threshold": 11.344866730144373, "N_raw": 78, "N_roi": 78, "N_inlier": 75, "refit": true}
{"timestamp": "16:49:40.287809", "frame": 39, "mu": [-0.5553131571987249, 1.1778886836777038, -0.24468600730360107], "Sigma": [[0.004262747234986903, -0.0010365447446807636, -0.000107577922219646], [-0.0010365447446807636, 0.008151125433061054, -0.0003743774478259905], [-0.00010757792221964603, -0.0003743774478259905, 0.0006786941084930602]], "chi2_level": 0.99, "chi2_df": 3, "chi2_threshold": 11.344866730144373, "N_raw": 76, "N_roi": 76, "N_inlier": 72, "refit": true}
{"timestamp": "16:49:40.335788", "frame": 40, "mu": [-0.4863513909717283, 1.0010032591963052, 1.1546297574116917], "Sigma": [[0.005203035636707596, -0.003288612568488301, -0.017060106988925045], [-0.003288612568488301, 0.00600361817730061, 0.01773529668867209], [-0.017060106988925045, 0.01773529668867209, 0.12473775310393038]], "chi2_level": 0.99, "chi2_df": 3, "chi2_threshold": 11.344866730144373, "N_raw": 66, "N_roi": 66, "N_inlier": 66, "refit": true}
{"timestamp": "16:49:40.391956", "frame": 41, "mu": [-0.4995519851443641, 1.1524722186472527, 1.3406340863554593], "Sigma": [[0.0043476267415294345, -0.0031246419772882786, -0.00812998481556667], [-0.0031246419772882786, 0.009280814962133057, 0.013778349296277992], [-0.008129984815566668, 0.013778349296277994, 0.04344912328771513]], "chi2_level": 0.99, "chi2_df": 3, "chi2_threshold": 11.344866730144373, "N_raw": 69, "N_roi": 69, "N_inlier": 66, "refit": true}
{"timestamp": "16:49:40.448855", "frame": 42, "mu": [-0.4839421512077822, 1.223024866304141, 0.6266194184297713], "Sigma": [[0.00624295932512211, -0.003176464435424524, 0.0010493724291591308], [-0.003176464435424524, 0.013035987876035377, -0.014716997285078125], [0.0010493724291591303, -0.014716997285078123, 0.3464805696404249]], "chi2_level": 0.99, "chi2_df": 3, "chi2_threshold": 11.344866730144373, "N_raw": 80, "N_roi": 80, "N_inlier": 80, "refit": true}
{"timestamp": "16:49:40.502166", "frame": 43, "mu": [-0.4237194186138625, 1.2449542175526123, 1.4949525161279102], "Sigma": [[0.0067643499905034495, -0.0033234649324252194, -0.003915945850172772], [-0.0033234649324252194, 0.003568913819989164, 0.001276135816255909], [-0.003915945850172772, 0.001276135816255909, 0.010365376727867373]], "chi2_level": 0.99, "chi2_df": 3, "chi2_threshold": 11.344866730144373, "N_raw": 65, "N_roi": 65, "N_inlier": 61, "refit": true}
{"timestamp": "16:49:40.556464", "frame": 44, "mu": [-0.32107652830814715, 1.1915174891145517, 1.3769409949814608], "Sigma": [[0.0030964206728147825, -0.001491977403495854, -0.001497722426888655], [-0.001491977403495854, 0.004801683392932096, -0.002688906667677734], [-0.001497722426888655, -0.002688906667677734, 0.003984615006128255]], "chi2_level": 0.99, "chi2_df": 3, "chi2_threshold": 11.344866730144373, "N_raw": 69, "N_roi": 69, "N_inlier": 65, "refit": true}
{"timestamp": "16:49:40.614714", "frame": 45, "mu": [-0.3195070836722335, 1.2632878131041623, 1.2026426649185364], "Sigma": [[0.003788516622887851, -0.0008574252483036543, -0.011226879632677598], [-0.0008574252483036542, 0.0035742617268518335, 0.00022110199737309147], [-0.011226879632677598, 0.0002211019973730917, 0.18311809400266935]], "chi2_level": 0.99, "chi2_df": 3, "chi2_threshold": 11.344866730144373, "N_raw": 89, "N_roi": 87, "N_inlier": 84, "refit": true}
{"timestamp": "16:49:40.666821", "frame": 46, "mu": [-0.30151624059720217, 1.3292369161391013, 1.2764691905416314], "Sigma": [[0.00471442328575326, -0.005718613437752124, -0.006856040690738412], [-0.005718613437752124, 0.01941838832482241, 0.035590713757161344], [-0.006856040690738412, 0.035590713757161344, 0.12138077831391597]], "chi2_level": 0.99, "chi2_df": 3, "chi2_threshold": 11.344866730144373, "N_raw": 70, "N_roi": 70, "N_inlier": 67, "refit": true}
{"timestamp": "16:49:40.731769", "frame": 47, "mu": [-0.2882365469676944, 1.3533150554898978, 1.0623295003267004], "Sigma": [[0.006731256619283399, -0.003843027779257182, 0.011105950125336325], [-0.003843027779257182, 0.011896925362094033, -0.0009072448160334142], [0.011105950125336325, -0.0009072448160334151, 0.38158380357930494]], "chi2_level": 0.99, "chi2_df": 3, "chi2_threshold": 11.344866730144373, "N_raw": 135, "N_roi": 135, "N_inlier": 133, "refit": true}
{"timestamp": "16:49:40.786869", "frame": 48, "mu": [-0.26785233819736565, 1.3970874499166726, 0.7736639580889524], "Sigma": [[0.00983328822161742, -0.0027883206622605775, 0.019149283063556087], [-0.0027883206622605775, 0.007411749807302625, 0.008566245130976487], [0.019149283063556087, 0.008566245130976485, 0.45107317334193064]], "chi2_level": 0.99, "chi2_df": 3, "chi2_threshold": 11.344866730144373, "N_raw": 140, "N_roi": 140, "N_inlier": 140, "refit": true}
{"timestamp": "16:49:40.832870", "frame": 49, "mu": [-0.25484515223625553, 1.4879677222453567, 0.8729372538511254], "Sigma": [[0.005102686606102678, -0.002294155584704468, -0.007792493359973662], [-0.002294155584704468, 0.012504581892102932, 0.04400798921698052], [-0.007792493359973665, 0.04400798921698052, 0.5643384148144799]], "chi2_level": 0.99, "chi2_df": 3, "chi2_threshold": 11.344866730144373, "N_raw": 66, "N_roi": 66, "N_inlier": 65, "refit": true}
{"timestamp": "16:49:40.890166", "frame": 50, "mu": [-0.2342781013644069, 1.566826770249572, 1.1327340446663583], "Sigma": [[0.012093993695687194, -0.009105714321906454, 0.022122334518790664], [-0.009105714321906454, 0.016512275988391723, -0.04465093217355108], [0.022122334518790664, -0.04465093217355108, 0.4596089516787965]], "chi2_level": 0.99, "chi2_df": 3, "chi2_threshold": 11.344866730144373, "N_raw": 92, "N_roi": 89, "N_inlier": 88, "refit": true}
{"timestamp": "16:49:40.939491", "frame": 51, "mu": [-0.09253836842499762, 1.4921253783368738, 1.4591803959689138], "Sigma": [[0.0038675312089572686, -0.001330608757658579, -0.004725187789011529], [-0.0013306087576585792, 0.002747925328970362, -0.004468518712706646], [-0.004725187789011529, -0.004468518712706646, 0.0694873685272876]], "chi2_level": 0.99, "chi2_df": 3, "chi2_threshold": 11.344866730144373, "N_raw": 49, "N_roi": 48, "N_inlier": 45, "refit": true}
{"timestamp": "16:49:40.999617", "frame": 52, "mu": [-0.08252468315003733, 1.569872513728441, 1.5418639900852171], "Sigma": [[0.006266907241360905, -0.0015432328631842798, -0.006183146088161387], [-0.0015432328631842795, 0.005471121829362842, -0.002754834587673404], [-0.006183146088161387, -0.0027548345876734037, 0.011817839310528403]], "chi2_level": 0.99, "chi2_df": 3, "chi2_threshold": 11.344866730144373, "N_raw": 87, "N_roi": 87, "N_inlier": 82, "refit": true}
{"timestamp": "16:49:41.060043", "frame": 53, "mu": [-0.10253214249987648, 1.584540258017731, 1.24014337383692], "Sigma": [[0.0162745187756159, -0.003070345823629821, 0.039513671389313984], [-0.003070345823629821, 0.006265677944685336, 0.003139837163529596], [0.039513671389313984, 0.003139837163529597, 0.26108398285171425]], "chi2_level": 0.99, "chi2_df": 3, "chi2_threshold": 11.344866730144373, "N_raw": 128, "N_roi": 128, "N_inlier": 123, "refit": true}
{"timestamp": "16:49:41.303956", "frame": 56, "mu": [-0.013765877654056796, 1.7017488408189663, 0.9582633171691216], "Sigma": [[0.013960107765350614, -0.005106023042472116, 0.05915569330746343], [-0.005106023042472116, 0.007465194341958459, -0.030559547510174603], [0.059155693307463425, -0.0305595475101746, 0.5630573895533773]], "chi2_level": 0.99, "chi2_df": 3, "chi2_threshold": 11.344866730144373, "N_raw": 127, "N_roi": 127, "N_inlier": 126, "refit": true}
{"timestamp": "16:49:41.319274", "frame": 57, "mu": [0.06742852327256367, 1.7379919421505061, 1.1516732706511636], "Sigma": [[0.01395957126568992, -0.0067842820775097495, 0.04604228837881353], [-0.0067842820775097495, 0.010537689210045173, -0.029036943878293506], [0.04604228837881354, -0.029036943878293503, 0.33143298419156814]], "chi2_level": 0.99, "chi2_df": 3, "chi2_threshold": 11.344866730144373, "N_raw": 110, "N_roi": 110, "N_inlier": 108, "refit": true}
{"timestamp": "16:49:41.351037", "frame": 58, "mu": [0.13815558668088387, 1.7396087750911748, 1.473662515609142], "Sigma": [[0.005000301348451675, -0.0006048553299479536, -0.003425950236257593], [-0.0006048553299479535, 0.00658833517717067, -0.002531334055483978], [-0.003425950236257593, -0.0025313340554839786, 0.005154527426519475]], "chi2_level": 0.99, "chi2_df": 3, "chi2_threshold": 11.344866730144373, "N_raw": 74, "N_roi": 74, "N_inlier": 68, "refit": true}
{"timestamp": "16:49:41.377518", "frame": 59, "mu": [0.1792114337451872, 1.7713398327902925, 1.0347396986649942], "Sigma": [[0.005834195642331099, -0.005502965021187817, -0.008406724072030233], [-0.005502965021187817, 0.007667904122831487, 0.019851021130923456], [-0.008406724072030232, 0.01985102113092346, 0.25109914114049264]], "chi2_level": 0.99, "chi2_df": 3, "chi2_threshold": 11.344866730144373, "N_raw": 35, "N_roi": 35, "N_inlier": 31, "refit": true}
{"timestamp": "16:49:41.434214", "frame": 60, "mu": [0.2528160285816585, 1.756385245487515, 1.2984738526759765], "Sigma": [[0.0048510194638845825, -0.0014224778471580491, -0.0019941294994649727], [-0.0014224778471580493, 0.0030683170650701672, 0.011945942896942103], [-0.0019941294994649727, 0.011945942896942103, 0.12229897072660872]], "chi2_level": 0.99, "chi2_df": 3, "chi2_threshold": 11.344866730144373, "N_raw": 51, "N_roi": 50, "N_inlier": 44, "refit": true}
{"timestamp": "16:49:41.490558", "frame": 61, "mu": [0.29344951244014916, 1.3847213216500305, 0.7316984319193486], "Sigma": [[0.00830850325290778, -0.04231055473894896, -0.07423651567405892], [-0.042310554738948965, 0.4339788620980079, 0.6742959798693591], [-0.07423651567405892, 0.6742959798693591, 1.209439402319233]], "chi2_level": 0.99, "chi2_df": 3, "chi2_threshold": 11.344866730144373, "N_raw": 60, "N_roi": 60, "N_inlier": 58, "refit": true}
{"timestamp": "16:49:41.545655", "frame": 62, "mu": [0.2907673499141748, 1.8427893157382642, 1.2465740323347898], "Sigma": [[0.007410568173558529, -0.008800350538861352, -0.029722381837780858], [-0.008800350538861353, 0.03742271973852711, 0.0903047737243249], [-0.029722381837780858, 0.09030477372432488, 0.4595254386137099]], "chi2_level": 0.99, "chi2_df": 3, "chi2_threshold": 11.344866730144373, "N_raw": 62, "N_roi": 62, "N_inlier": 56, "refit": true}
{"timestamp": "16:49:41.604092", "frame": 63, "mu": [0.2428113603790364, 1.8980193487664658, 1.1379026736079378], "Sigma": [[0.004685981789183645, -0.000536266524648677, 0.002892583633732789], [-0.000536266524648677, 0.005310718710723113, 0.01641127220745134], [0.002892583633732789, 0.016411272207451335, 0.24091334333224798]], "chi2_level": 0.99, "chi2_df": 3, "chi2_threshold": 11.344866730144373, "N_raw": 89, "N_roi": 89, "N_inlier": 83, "refit": true}
{"timestamp": "16:49:41.657007", "frame": 64, "mu": [0.3424483919288042, 1.964047492137618, 1.4237797919377901], "Sigma": [[0.006655593486719476, -0.0006775348689703176, -0.008151130061530447], [-0.0006775348689703175, 0.0033522774808435653, -0.00421803592928385], [-0.008151130061530449, -0.00421803592928385, 0.021539979043467772]], "chi2_level": 0.99, "chi2_df": 3, "chi2_threshold": 11.344866730144373, "N_raw": 70, "N_roi": 70, "N_inlier": 64, "refit": true}
{"timestamp": "16:49:41.712752", "frame": 65, "mu": [0.3701497086970815, 2.004409215906385, 1.1477648181836149], "Sigma": [[0.006102508952092423, -0.00174815274494878, -0.006994856405893159], [-0.00174815274494878, 0.006737130281958917, 0.01670650411804277], [-0.00699485640589316, 0.01670650411804277, 0.41734612763096046]], "chi2_level": 0.99, "chi2_df": 3, "chi2_threshold": 11.344866730144373, "N_raw": 74, "N_roi": 74, "N_inlier": 72, "refit": true}
{"timestamp": "16:49:41.766848", "frame": 66, "mu": [0.4293366413702549, 1.9842760420497694, 1.1186589074195437], "Sigma": [[0.006567013869355956, -0.0008444521191588048, -0.016247582092460213], [-0.0008444521191588049, 0.003845496915496287, 0.0028786408717772997], [-0.016247582092460213, 0.0028786408717772997, 0.3555895955788612]], "chi2_level": 0.99, "chi2_df": 3, "chi2_threshold": 11.344866730144373, "N_raw": 67, "N_roi": 67, "N_inlier": 65, "refit": true}
{"timestamp": "16:49:41.821988", "frame": 67, "mu": [0.42128617072333086, 2.052058405230211, 1.2713512898217894], "Sigma": [[0.006464711874491901, -0.002801860453425245, 0.00019230954260615173], [-0.002801860453425245, 0.0040526708769844265, -0.0035591073690906683], [0.00019230954260615152, -0.0035591073690906675, 0.04778484323711869]], "chi2_level": 0.99, "chi2_df": 3, "chi2_threshold": 11.344866730144373, "N_raw": 76, "N_roi": 76, "N_inlier": 72, "refit": true}
{"timestamp": "16:49:41.871043", "frame": 68, "mu": [0.4447441297529244, 2.118323152977143, 1.093430930931084], "Sigma": [[0.003234771547937207, -0.003013150795629587, -0.020458773149322547], [-0.0030131507956295865, 0.004745552240750138, 0.026486662264795274], [-0.020458773149322547, 0.026486662264795274, 0.3501260320098701]], "chi2_level": 0.99, "chi2_df": 3, "chi2_threshold": 11.344866730144373, "N_raw": 32, "N_roi": 32, "N_inlier": 31, "refit": true}
{"timestamp": "16:49:41.929887", "frame": 69, "mu": [0.4892325503463245, 2.1161781600586433, 1.3429820369994743], "Sigma": [[0.005746736246768206, -0.002554184771873883, -0.004983874390463095], [-0.0025541847718738835, 0.005883181599284155, -0.006624399795077032], [-0.004983874390463095, -0.006624399795077033, 0.042894341070679735]], "chi2_level": 0.99, "chi2_df": 3, "chi2_threshold": 11.344866730144373, "N_raw": 61, "N_roi": 61, "N_inlier": 58, "refit": true}
{"timestamp": "16:49:41.983468", "frame": 70, "mu": [0.42270837560379476, 2.049873466396314, -0.05575687788104437], "Sigma": [[0.009228871917357282, 0.0002969283185414538, -0.0003631960135773095], [0.00029692831854145375, 0.005867972142243817, 0.028370060243409625], [-0.00036319601357730983, 0.028370060243409625, 0.25154476944093845]], "chi2_level": 0.99, "chi2_df": 3, "chi2_threshold": 11.344866730144373, "N_raw": 45, "N_roi": 45, "N_inlier": 44, "refit": true}
{"timestamp": "16:49:42.033942", "frame": 71, "mu": [0.5344349535008739, 2.2230996752274623, 1.126908461759319], "Sigma": [[0.0030567764447388996, 0.0011427471631524013, 0.0205017888430668], [0.0011427471631524013, 0.004402512789271455, 0.010894249028581073], [0.0205017888430668, 0.01089424902858107, 0.3220923400169909]], "chi2_level": 0.99, "chi2_df": 3, "chi2_threshold": 11.344866730144373, "N_raw": 20, "N_roi": 20, "N_inlier": 19, "refit": true}
{"timestamp": "16:49:42.096787", "frame": 72, "mu": [0.6200887523064178, 2.4537631288401514, 1.046164240938051], "Sigma": [[0.009094879618171493, -0.006682665021865735, -0.005407013698935734], [-0.006682665021865736, 0.15362634465519445, 0.06218609988129712], [-0.005407013698935731, 0.06218609988129713, 0.34960885744718423]], "chi2_level": 0.99, "chi2_df": 3, "chi2_threshold": 11.344866730144373, "N_raw": 77, "N_roi": 76, "N_inlier": 75, "refit": true}
{"timestamp": "16:49:42.147195", "frame": 73, "mu": [0.6123312662640702, 1.2384026858046067, -0.29159764169135044], "Sigma": [[0.010210980126032962, -0.022154441894285094, -0.009252678210362714], [-0.022154441894285098, 1.1721478440139874, 0.9150691947652717], [-0.009252678210362714, 0.9150691947652716, 0.8695571393527507]], "chi2_level": 0.99, "chi2_df": 3, "chi2_threshold": 11.344866730144373, "N_raw": 37, "N_roi": 37, "N_inlier": 37, "refit": true}
{"timestamp": "16:49:42.201803", "frame": 74, "mu": [0.604385435360481, 2.28138262123912, 0.9386634105322288], "Sigma": [[0.014325426727506444, -0.002760068044362493, 0.045363945027768734], [-0.002760068044362493, 0.003294974442856583, -0.009161946780029873], [0.045363945027768734, -0.009161946780029873, 0.2951829152931427]], "chi2_level": 0.99, "chi2_df": 3, "chi2_threshold": 11.344866730144373, "N_raw": 41, "N_roi": 40, "N_inlier": 39, "refit": true}
{"timestamp": "16:49:42.256669", "frame": 75, "mu": [0.5965484830134161, 2.5287187351353695, -1.024014670575844], "Sigma": [[0.028475074171608473, 0.06013662036777183, -0.08871486624193375], [0.06013662036777183, 0.2651347208663842, -0.29311264777706975], [-0.08871486624193378, -0.29311264777706975, 0.7252225267725219]], "chi2_level": 0.99, "chi2_df": 3, "chi2_threshold": 11.344866730144373, "N_raw": 32, "N_roi": 32, "N_inlier": 31, "refit": true}
{"timestamp": "16:49:42.316325", "frame": 76, "mu": [0.7430051610605727, 2.363026796440082, 0.7506026555326792], "Sigma": [[0.00917300666009695, -0.003350093883142827, 0.008521814965397381], [-0.0033500938831428264, 0.005555091583898316, -0.027375551002539012], [0.008521814965397381, -0.027375551002539016, 0.4328296732388887]], "chi2_level": 0.99, "chi2_df": 3, "chi2_threshold": 11.344866730144373, "N_raw": 73, "N_roi": 73, "N_inlier": 70, "refit": true}
{"timestamp": "16:49:42.369335", "frame": 77, "mu": [0.765260370348517, 2.431353933749016, 0.6131260633949317], "Sigma": [[0.009555501885937118, -0.004167259116984389, -0.006715028781260063], [-0.004167259116984389, 0.004343091664854539, 0.008026087682676817], [-0.006715028781260064, 0.008026087682676819, 0.3868465685449706]], "chi2_level": 0.99, "chi2_df": 3, "chi2_threshold": 11.344866730144373, "N_raw": 50, "N_roi": 50, "N_inlier": 47, "refit": true}
{"timestamp": "16:49:42.425801", "frame": 78, "mu": [0.7899472560382457, 2.595033088190643, -0.23767770820218437], "Sigma": [[0.012738599576568, -0.008640823781693119, 0.013072660660393174], [-0.008640823781693119, 0.01566406155476729, -0.02646513480599895], [0.013072660660393176, -0.02646513480599895, 0.05214332661969]], "chi2_level": 0.99, "chi2_df": 3, "chi2_threshold": 11.344866730144373, "N_raw": 69, "N_roi": 69, "N_inlier": 64, "refit": true}
{"timestamp": "16:49:42.484084", "frame": 79, "mu": [0.8274253092749424, 2.51576744357525, 1.1572467080863758], "Sigma": [[0.015595449834883751, -0.010349375594422163, 0.017087214896151712], [-0.010349375594422163, 0.014377940635041, -0.03421601207594029], [0.017087214896151712, -0.03421601207594029, 0.118077201255399]], "chi2_level": 0.99, "chi2_df": 3, "chi2_threshold": 11.344866730144373, "N_raw": 86, "N_roi": 86, "N_inlier": 82, "refit": true}
{"timestamp": "16:49:42.532584", "frame": 80, "mu": [0.8599094400983837, 2.4903489858950447, 0.839005170327725], "Sigma": [[0.012756391633956346, -0.014371278081818258, 0.025432724054160038], [-0.014371278081818257, 0.1903261730107634, 0.15484986674376644], [0.025432724054160038, 0.1548498667437664, 0.5484877275564155]], "chi2_level": 0.99, "chi2_df": 3, "chi2_threshold": 11.344866730144373, "N_raw": 39, "N_roi": 39, "N_inlier": 37, "refit": true}
{"timestamp": "16:49:42.588813", "frame": 81, "mu": [0.9053386841028929, 2.562039701167192, 1.325442935113313], "Sigma": [[0.012277124286265425, -0.004656360841640841, -0.007040347473680927], [-0.004656360841640842, 0.002766053860165004, 0.00012992362581326026], [-0.007040347473680927, 0.00012992362581326026, 0.06118714971678448]], "chi2_level": 0.99, "chi2_df": 3, "chi2_threshold": 11.344866730144373, "N_raw": 58, "N_roi": 58, "N_inlier": 54, "refit": true}
{"timestamp": "16:49:42.638596", "frame": 82, "mu": [0.8732512807187137, 2.4228294881365358, 0.6095977407993647], "Sigma": [[0.0010376208517221513, -0.00015751176703029382, -0.0016876625436995807], [-0.00015751176703029425, 0.23911166184781446, 0.4053003673212575], [-0.0016876625436995812, 0.4053003673212575, 1.1010231065258747]], "chi2_level": 0.99, "chi2_df": 3, "chi2_threshold": 11.344866730144373, "N_raw": 9, "N_roi": 9, "N_inlier": 9, "refit": true}
{"timestamp": "16:49:42.697806", "frame": 83, "mu": [0.9455975800811603, 2.5931156609569657, 0.8803004200988634], "Sigma": [[0.008791765423790758, -0.0033476208866914593, 0.004967680545258521], [-0.003347620886691459, 0.009144331247835652, 0.041307406331723674], [0.004967680545258521, 0.041307406331723674, 0.3141136607594497]], "chi2_level": 0.99, "chi2_df": 3, "chi2_threshold": 11.344866730144373, "N_raw": 46, "N_roi": 45, "N_inlier": 43, "refit": true}
{"timestamp": "16:49:42.754406", "frame": 84, "mu": [1.0166427751439546, 2.6849638065504835, 1.1929811230993033], "Sigma": [[0.014282702216543623, -0.00617327640796426, -0.017335731404256344], [-0.00617327640796426, 0.00419637001022908, 0.004296731003042566], [-0.017335731404256344, 0.004296731003042566, 0.044248549941432194]], "chi2_level": 0.99, "chi2_df": 3, "chi2_threshold": 11.344866730144373, "N_raw": 53, "N_roi": 53, "N_inlier": 50, "refit": true}
{"timestamp": "16:49:42.806675", "frame": 85, "mu": [1.0383876105355068, 2.714569986683135, 1.1445260942696829], "Sigma": [[0.010087829148498555, -0.004356810781013921, -0.012285639637348978], [-0.004356810781013921, 0.0025732295599673917, 0.0044254283730225065], [-0.01228563963734898, 0.0044254283730225065, 0.046636422754272475]], "chi2_level": 0.99, "chi2_df": 3, "chi2_threshold": 11.344866730144373, "N_raw": 37, "N_roi": 36, "N_inlier": 34, "refit": true}
{"timestamp": "16:49:42.857790", "frame": 86, "mu": [0.9129610855247623, 2.7936799916058037, 0.9015146878522674], "Sigma": [[0.0024074791050488495, 0.001866401050894955, 0.020403556050976504], [0.0018664010508949547, 0.004279130129738739, 0.01405597102384378], [0.020403556050976504, 0.014055971023843778, 0.19187189031743324]], "chi2_level": 0.99, "chi2_df": 3, "chi2_threshold": 11.344866730144373, "N_raw": 9, "N_roi": 7, "N_inlier": 7, "refit": true}
{"timestamp": "16:49:42.915896", "frame": 87, "mu": [1.072432449370984, 2.8215762920415877, 1.3547135502990058], "Sigma": [[0.009807498324772627, -0.0025734388597408774, -0.017133882145059554], [-0.002573438859740878, 0.004283269116804654, -0.007057214634087109], [-0.01713388214505955, -0.00705721463408711, 0.3107500790405672]], "chi2_level": 0.99, "chi2_df": 3, "chi2_threshold": 11.344866730144373, "N_raw": 32, "N_roi": 32, "N_inlier": 32, "refit": true}
{"timestamp": "16:49:42.970949", "frame": 88, "mu": [1.0858034336608584, 2.912661155235769, 0.20121792718313844], "Sigma": [[0.005689697190022736, -0.004314708917146769, -0.00021209620985275816], [-0.004314708917146769, 0.016293231495256206, -0.028586498096179344], [-0.00021209620985275816, -0.028586498096179337, 0.08336413725105342]], "chi2_level": 0.99, "chi2_df": 3, "chi2_threshold": 11.344866730144373, "N_raw": 31, "N_roi": 31, "N_inlier": 29, "refit": true}
{"timestamp": "16:49:43.029694", "frame": 89, "mu": [1.1512695460807452, 2.8631317004572203, 1.367343923272002], "Sigma": [[0.013923815083399115, -0.003692172417016238, -0.009026097864502364], [-0.003692172417016238, 0.006808818821178048, 0.0006302293266936614], [-0.009026097864502364, 0.0006302293266936615, 0.008125166491464832]], "chi2_level": 0.99, "chi2_df": 3, "chi2_threshold": 11.344866730144373, "N_raw": 62, "N_roi": 62, "N_inlier": 58, "refit": true}
{"timestamp": "16:49:43.084105", "frame": 90, "mu": [1.1750008217293266, 3.0101533306952026, 0.06509815561874399], "Sigma": [[0.008722003571726962, -0.0015753301276026776, -0.009416515255708212], [-0.0015753301276026778, 0.008016969182983913, -0.016769025303396], [-0.009416515255708214, -0.016769025303396, 0.07124712730034302]], "chi2_level": 0.99, "chi2_df": 3, "chi2_threshold": 11.344866730144373, "N_raw": 39, "N_roi": 39, "N_inlier": 35, "refit": true}
{"timestamp": "16:49:43.134589", "frame": 91, "mu": [1.1795738787273047, 2.9494294397130307, 1.0451488088025656], "Sigma": [[0.006938061458522909, -0.001959321479438836, -0.0034300392993906457], [-0.001959321479438836, 0.0025183079612118965, -0.00031688619365759414], [-0.0034300392993906457, -0.0003168861936575939, 0.0036694632367151305]], "chi2_level": 0.99, "chi2_df": 3, "chi2_threshold": 11.344866730144373, "N_raw": 19, "N_roi": 19, "N_inlier": 19, "refit": true}
{"timestamp": "16:49:43.192986", "frame": 92, "mu": [1.177380697646666, 3.0074833635288662, 0.8658415659984287], "Sigma": [[0.008006075552840528, -0.0018250138977953076, 0.010718086741460802], [-0.0018250138977953078, 0.0026768990118766446, -0.003829259177374222], [0.0107180867414608, -0.0038292591773742214, 0.36691053446367283]], "chi2_level": 0.99, "chi2_df": 3, "chi2_threshold": 11.344866730144373, "N_raw": 42, "N_roi": 42, "N_inlier": 41, "refit": true}
{"timestamp": "16:49:43.244291", "frame": 93, "mu": [1.259734709285974, 2.986582761286045, 0.646297825903053], "Sigma": [[0.007340201068694816, -0.0011016866231481218, -0.00427179859274603], [-0.0011016866231481216, 0.001552891204195576, 0.0008711216592545258], [-0.004271798592746032, 0.0008711216592545258, 0.27394700406817907]], "chi2_level": 0.99, "chi2_df": 3, "chi2_threshold": 11.344866730144373, "N_raw": 16, "N_roi": 15, "N_inlier": 15, "refit": true}
{"timestamp": "16:49:43.302735", "frame": 94, "mu": [1.3024488615476943, 3.077591673914352, 1.1926983883393503], "Sigma": [[0.01020084018346566, -0.004723422429137642, -0.005988233864117443], [-0.004723422429137642, 0.0041814163268615685, -0.00268511032062131], [-0.005988233864117443, -0.00268511032062131, 0.025365710840284383]], "chi2_level": 0.99, "chi2_df": 3, "chi2_threshold": 11.344866730144373, "N_raw": 49, "N_roi": 47, "N_inlier": 44, "refit": true}
{"timestamp": "16:49:43.358103", "frame": 95, "mu": [1.3806497592794769, 3.0707267804059075, 1.069085289581629], "Sigma": [[0.014096450177377427, -0.0066653738957626356, 0.0016451746492563847], [-0.0066653738957626356, 0.00645663827475109, -0.00093345511055789], [0.0016451746492563847, -0.00093345511055789, 0.037019222923403504]], "chi2_level": 0.99, "chi2_df": 3, "chi2_threshold": 11.344866730144373, "N_raw": 51, "N_roi": 50, "N_inlier": 49, "refit": true}
{"timestamp": "16:49:43.411941", "frame": 96, "mu": [1.3508411297033078, 3.1435802388906056, 1.4371041321073759], "Sigma": [[0.014556594037601832, -0.006881599274244178, -0.01421072992332333], [-0.006881599274244178, 0.004651754800879007, 0.0027594212427622423], [-0.014210729923323331, 0.0027594212427622423, 0.04154434708627006]], "chi2_level": 0.99, "chi2_df": 3, "chi2_threshold": 11.344866730144373, "N_raw": 39, "N_roi": 39, "N_inlier": 37, "refit": true}
{"timestamp": "16:49:43.463747", "frame": 97, "mu": [1.2289761261217518, 3.2118211279358446, 1.081953097748782], "Sigma": [[0.01141333597649828, 0.004578528916986556, 0.05865480344076156], [0.004578528916986556, 0.006187505170024425, 0.04959699784918463], [0.05865480344076156, 0.04959699784918463, 0.49006592485417183]], "chi2_level": 0.99, "chi2_df": 3, "chi2_threshold": 11.344866730144373, "N_raw": 18, "N_roi": 18, "N_inlier": 17, "refit": true}
{"timestamp": "16:49:43.520920", "frame": 98, "mu": [1.4977391013982317, 3.290447151054303, 0.018194652925607624], "Sigma": [[0.01502291935074492, -0.002701078235502227, -0.009718857221691647], [-0.002701078235502227, 0.0045677413914748536, -0.007222383425329446], [-0.009718857221691647, -0.007222383425329446, 0.10170400156298733]], "chi2_level": 0.99, "chi2_df": 3, "chi2_threshold": 11.344866730144373, "N_raw": 27, "N_roi": 27, "N_inlier": 25, "refit": true}
{"timestamp": "16:49:43.577732", "frame": 99, "mu": [1.4899597787698937, 3.2413096152560774, 1.2925262184749178], "Sigma": [[0.02103793074661936, -0.008766391124716678, -0.0167748474853364], [-0.00876639112471668, 0.006684858645808923, 0.002320064823351205], [-0.0167748474853364, 0.002320064823351205, 0.023956437797497693]], "chi2_level": 0.99, "chi2_df": 3, "chi2_threshold": 11.344866730144373, "N_raw": 51, "N_roi": 51, "N_inlier": 51, "refit": true}
{"timestamp": "16:49:43.630585", "frame": 100, "mu": [1.495051991549045, 3.2402939188762088, 1.484926589698176], "Sigma": [[0.009042217142897399, -0.005082302167689061, -0.009196572394942645], [-0.005082302167689061, 0.005940809116173053, 0.004536043507980423], [-0.009196572394942645, 0.004536043507980423, 0.01312973270169643]], "chi2_level": 0.99, "chi2_df": 3, "chi2_threshold": 11.344866730144373, "N_raw": 27, "N_roi": 27, "N_inlier": 25, "refit": true}
{"timestamp": "16:49:43.790486", "frame": 101, "mu": [1.5218523340494161, 3.353246119064497, 0.27472706327079915], "Sigma": [[0.010765029929539921, -0.006679682715446085, -0.0007131789205529376], [-0.006679682715446085, 0.020912040822508086, -0.029754429721000085], [-0.0007131789205529369, -0.029754429721000085, 0.060900389658740915]], "chi2_level": 0.99, "chi2_df": 3, "chi2_threshold": 11.344866730144373, "N_raw": 34, "N_roi": 32, "N_inlier": 31, "refit": true}
{"timestamp": "16:49:43.799998", "frame": 102, "mu": [1.5406765777677953, 3.3718478528518014, 1.5110626434294074], "Sigma": [[0.013020760792255366, -0.006437533343811771, -0.010604504794685183], [-0.006437533343811773, 0.00592850875859383, 0.003409822766340266], [-0.010604504794685183, 0.003409822766340266, 0.026967411480487598]], "chi2_level": 0.99, "chi2_df": 3, "chi2_threshold": 11.344866730144373, "N_raw": 34, "N_roi": 34, "N_inlier": 31, "refit": true}
{"timestamp": "16:49:43.832391", "frame": 103, "mu": [1.63883800075768, 3.319933088400344, 1.0080378482223942], "Sigma": [[0.014311475446084283, -0.007153055632621111, -0.019766405689975963], [-0.00715305563262111, 0.004741674757312489, 0.012707179159954106], [-0.01976640568997596, 0.012707179159954106, 0.09884716254093506]], "chi2_level": 0.99, "chi2_df": 3, "chi2_threshold": 11.344866730144373, "N_raw": 35, "N_roi": 35, "N_inlier": 33, "refit": true}
{"timestamp": "16:49:43.876655", "frame": 104, "mu": [1.680857006191825, 3.3996408922263037, 1.311924484546206], "Sigma": [[0.009625050386210353, -0.00515723757070823, -0.015859689557690203], [-0.00515723757070823, 0.0037176789990281353, 0.005596742674245177], [-0.015859689557690203, 0.005596742674245175, 0.054789572861717456]], "chi2_level": 0.99, "chi2_df": 3, "chi2_threshold": 11.344866730144373, "N_raw": 25, "N_roi": 22, "N_inlier": 21, "refit": true}
{"timestamp": "16:49:43.907458", "frame": 105, "mu": [1.5922106647013325, 3.4613651185664676, 1.3635823586503426], "Sigma": [[0.018223776375810637, -0.009091567177952386, -0.013684639650601125], [-0.009091567177952386, 0.006833472509760728, 0.004868020939569418], [-0.013684639650601125, 0.004868020939569418, 0.016621443484482735]], "chi2_level": 0.99, "chi2_df": 3, "chi2_threshold": 11.344866730144373, "N_raw": 35, "N_roi": 35, "N_inlier": 34, "refit": true}
{"timestamp": "16:49:43.960856", "frame": 106, "mu": [1.6347861421274796, 3.5140900912075455, 1.186805248502663], "Sigma": [[0.01627556507799186, -0.00879851794258617, -0.01902220866293952], [-0.00879851794258617, 0.007604777236155544, 0.02523150761706046], [-0.01902220866293952, 0.02523150761706046, 0.14739331220082316]], "chi2_level": 0.99, "chi2_df": 3, "chi2_threshold": 11.344866730144373, "N_raw": 36, "N_roi": 34, "N_inlier": 32, "refit": true}
{"timestamp": "16:49:44.012725", "frame": 107, "mu": [1.6241161576267187, 3.596580824827997, 1.2653466679513654], "Sigma": [[0.0034871015177134644, -0.002748092880251544, -0.005841942871712824], [-0.002748092880251544, 0.003208157193320628, 0.00212587794588131], [-0.0058419428717128245, 0.0021258779458813108, 0.025208521181623606]], "chi2_level": 0.99, "chi2_df": 3, "chi2_threshold": 11.344866730144373, "N_raw": 14, "N_roi": 11, "N_inlier": 11, "refit": true}
