{"timestamp": "15:07:30.393394", "frame": 22, "mu": [0.5912698433822399, 4.960194332955379, 0.8181752896848107], "Sigma": [[0.026917969892891698, -0.000619204761351729, -0.0012579630112684078], [-0.000619204761351729, 0.0005698505131477609, 0.000307049594486754], [-0.0012579630112684078, 0.000307049594486754, 0.0003060660428286314]], "chi2_level": 0.99, "chi2_df": 3, "chi2_threshold": 11.344866730144373, "N_raw": 51, "N_roi": 13, "N_inlier": 13, "refit": true}
{"timestamp": "15:07:30.449548", "frame": 23, "mu": [0.5909744894095855, 4.968243612255794, 1.042496279711982], "Sigma": [[0.028614651808696216, -0.000494154279716714, -0.01610491842742859], [-0.0004941542797167142, 0.0006807399292979055, -0.00014570567881238167], [-0.01610491842742859, -0.00014570567881238175, 0.013793936257169296]], "chi2_level": 0.99, "chi2_df": 3, "chi2_threshold": 11.344866730144373, "N_raw": 57, "N_roi": 20, "N_inlier": 19, "refit": true}
{"timestamp": "15:07:30.504556", "frame": 24, "mu": [0.5480287106952532, 4.953469329242423, 0.604726943118726], "Sigma": [[0.04533738832044978, -0.0025804248277163876, 0.10511596530342945], [-0.0025804248277163876, 0.0013099983488899334, -0.009035339826638992], [0.10511596530342945, -0.009035339826638992, 0.4929194452470729]], "chi2_level": 0.99, "chi2_df": 3, "chi2_threshold": 11.344866730144373, "N_raw": 59, "N_roi": 27, "N_inlier": 27, "refit": true}
{"timestamp": "15:07:30.565944", "frame": 25, "mu": [0.5842497091602272, 4.918568361877894, 0.9599960713644394], "Sigma": [[0.04288364260602795, -0.0011909999561815247, -0.02103484640937301], [-0.0011909999561815245, 0.002701725473312905, 0.000834003572029269], [-0.02103484640937301, 0.0008340035720292688, 0.012528789812249247]], "chi2_level": 0.99, "chi2_df": 3, "chi2_threshold": 11.344866730144373, "N_raw": 85, "N_roi": 40, "N_inlier": 38, "refit": true}
{"timestamp": "15:07:30.617555", "frame": 26, "mu": [0.5615216247317534, 4.904816387445367, 0.735087968521182], "Sigma": [[0.036337889274761184, -0.004555003908902859, -0.011732817821266669], [-0.0045550039089028585, 0.0031260869272646003, 0.002999959148602925], [-0.011732817821266669, 0.002999959148602925, 0.009870803444310372]], "chi2_level": 0.99, "chi2_df": 3, "chi2_threshold": 11.344866730144373, "N_raw": 51, "N_roi": 33, "N_inlier": 31, "refit": true}
{"timestamp": "15:07:30.670596", "frame": 27, "mu": [0.4425443905228962, 4.880792664169951, 1.0427087740716727], "Sigma": [[0.02871912467611605, -0.0028823145256596247, -0.002122765415695949], [-0.0028823145256596247, 0.002804848721769344, -0.0016213579301300237], [-0.0021227654156959486, -0.0016213579301300233, 0.003941661539937011]], "chi2_level": 0.99, "chi2_df": 3, "chi2_threshold": 11.344866730144373, "N_raw": 45, "N_roi": 39, "N_inlier": 38, "refit": true}
{"timestamp": "15:07:30.726558", "frame": 28, "mu": [0.5115005093215305, 4.843017234140554, 1.063677567482983], "Sigma": [[0.035245771852307456, -0.002069228428410676, -0.0006247277307476105], [-0.002069228428410676, 0.004420839939441624, -0.0006875878117646517], [-0.0006247277307476105, -0.0006875878117646517, 0.0005777681259548727]], "chi2_level": 0.99, "chi2_df": 3, "chi2_threshold": 11.344866730144373, "N_raw": 54, "N_roi": 52, "N_inlier": 51, "refit": true}
{"timestamp": "15:07:30.782229", "frame": 29, "mu": [0.5347306777622041, 4.7979126165150525, 0.8557050999925868], "Sigma": [[0.039744949523073836, -0.0017685081267430364, -0.006890984358682224], [-0.0017685081267430364, 0.0037202654193132867, -0.0025491101153155794], [-0.006890984358682224, -0.0025491101153155794, 0.005609556387945852]], "chi2_level": 0.99, "chi2_df": 3, "chi2_threshold": 11.344866730144373, "N_raw": 58, "N_roi": 56, "N_inlier": 56, "refit": true}
{"timestamp": "15:07:30.839815", "frame": 30, "mu": [0.46768629960199226, 4.868984829818424, 0.2183510298699741], "Sigma": [[0.04102307963214872, 0.0039062443797027386, -0.004659079007216662], [0.0039062443797027386, 0.0058899955106383834, -0.0012149735977470008], [-0.004659079007216662, -0.0012149735977470015, 0.047558891100398695]], "chi2_level": 0.99, "chi2_df": 3, "chi2_threshold": 11.344866730144373, "N_raw": 71, "N_roi": 58, "N_inlier": 55, "refit": true}
{"timestamp": "15:07:30.890182", "frame": 31, "mu": [0.5386368048109164, 4.659834424379999, 0.8395082045783436], "Sigma": [[0.030311191371543665, -0.004222290462411111, -0.02774562846376763], [-0.004222290462411111, 0.0021864086640338313, 0.0016284327825712899], [-0.027745628463767626, 0.0016284327825712899, 0.03903298571208179]], "chi2_level": 0.99, "chi2_df": 3, "chi2_threshold": 11.344866730144373, "N_raw": 44, "N_roi": 42, "N_inlier": 41, "refit": true}
{"timestamp": "15:07:30.944708", "frame": 32, "mu": [0.6088459252261855, 4.739718073887657, -0.3933356730636534], "Sigma": [[0.026884293303706692, 0.006828547591360468, 0.043001326827584674], [0.00682854759136047, 0.005313727169435036, 0.018298320509929425], [0.043001326827584674, 0.01829832050992943, 0.1989881213412463]], "chi2_level": 0.99, "chi2_df": 3, "chi2_threshold": 11.344866730144373, "N_raw": 38, "N_roi": 37, "N_inlier": 37, "refit": true}
{"timestamp": "15:07:31.003761", "frame": 33, "mu": [0.4991990714418072, 4.645419572687063, 0.9772069802861825], "Sigma": [[0.037965291108190385, -0.003673149949860748, -0.014391801272171935], [-0.0036731499498607488, 0.005466488602799044, -0.0020853993423670322], [-0.014391801272171937, -0.0020853993423670322, 0.0095622746793696]], "chi2_level": 0.99, "chi2_df": 3, "chi2_threshold": 11.344866730144373, "N_raw": 67, "N_roi": 64, "N_inlier": 64, "refit": true}
{"timestamp": "15:07:31.056709", "frame": 34, "mu": [0.5629815471809688, 4.626813664209209, 0.8759552770906707], "Sigma": [[0.03719667616596096, 0.0016970375118643295, -0.007614566496449401], [0.0016970375118643293, 0.006258768480008273, 0.0007833438659833961], [-0.007614566496449401, 0.000783343865983396, 0.003300837434562011]], "chi2_level": 0.99, "chi2_df": 3, "chi2_threshold": 11.344866730144373, "N_raw": 59, "N_roi": 59, "N_inlier": 58, "refit": true}
{"timestamp": "15:07:31.105851", "frame": 35, "mu": [0.7033580000908675, 4.579623711519029, 0.7403844405256013], "Sigma": [[0.02649120033426443, 0.0048941278098778174, -0.011220927997069424], [0.0048941278098778174, 0.0029398892535952986, -0.0025304453967871033], [-0.011220927997069424, -0.0025304453967871033, 0.0057456744366932815]], "chi2_level": 0.99, "chi2_df": 3, "chi2_threshold": 11.344866730144373, "N_raw": 13, "N_roi": 12, "N_inlier": 12, "refit": true}
{"timestamp": "15:07:31.167676", "frame": 36, "mu": [0.58849698806688, 4.5089461872908165, 0.9282838793789286], "Sigma": [[0.03523620822785052, -0.004125952079292204, -0.03468997096389716], [-0.004125952079292204, 0.0037361649253133612, 0.0009765847523275511], [-0.03468997096389716, 0.000976584752327551, 0.043706660139208715]], "chi2_level": 0.99, "chi2_df": 3, "chi2_threshold": 11.344866730144373, "N_raw": 61, "N_roi": 59, "N_inlier": 57, "refit": true}
{"timestamp": "15:07:31.222709", "frame": 37, "mu": [0.6477072508458985, 4.367439354482908, 0.5728010738089422], "Sigma": [[0.038075653794114504, -0.007697006622446333, -0.024229290848024387], [-0.007697006622446333, 0.005189735081599848, 0.0032510373619343285], [-0.024229290848024387, 0.0032510373619343293, 0.019472087076284228]], "chi2_level": 0.99, "chi2_df": 3, "chi2_threshold": 11.344866730144373, "N_raw": 59, "N_roi": 59, "N_inlier": 56, "refit": true}
{"timestamp": "15:07:31.273626", "frame": 38, "mu": [0.47804764620040463, 4.3748255015853115, 1.0183623057676312], "Sigma": [[0.02174455373387213, -0.0056371419912720645, -0.014538249435257902], [-0.005637141991272065, 0.0022765325939113883, 0.0018746634927419435], [-0.014538249435257906, 0.001874663492741943, 0.030406663330443895]], "chi2_level": 0.99, "chi2_df": 3, "chi2_threshold": 11.344866730144373, "N_raw": 32, "N_roi": 29, "N_inlier": 27, "refit": true}
{"timestamp": "15:07:31.336184", "frame": 39, "mu": [0.6946800244263329, 4.405246703244264, 0.03017327285141623], "Sigma": [[0.05470614278614688, -0.0050709898873183504, 0.042105480461216635], [-0.00507098988731835, 0.012709863359514758, -0.014894698411313021], [0.042105480461216635, -0.014894698411313021, 0.1335344384804644]], "chi2_level": 0.99, "chi2_df": 3, "chi2_threshold": 11.344866730144373, "N_raw": 91, "N_roi": 88, "N_inlier": 87, "refit": true}
{"timestamp": "15:07:31.392293", "frame": 40, "mu": [0.6466397832138366, 4.391824965370119, 0.11906128441955605], "Sigma": [[0.03797709825245399, 0.00410679271698784, -0.027128868012478304], [0.00410679271698784, 0.009806102261110382, -0.01118861034437895], [-0.027128868012478304, -0.011188610344378952, 0.031533521681798404]], "chi2_level": 0.99, "chi2_df": 3, "chi2_threshold": 11.344866730144373, "N_raw": 82, "N_roi": 82, "N_inlier": 82, "refit": true}
{"timestamp": "15:07:31.443613", "frame": 41, "mu": [0.6180602893175646, 4.229971655486558, 0.957905650315625], "Sigma": [[0.04745795667438549, -0.004871345971871608, -0.04459867035572912], [-0.0048713459718716075, 0.003090405444613757, 0.001683202779604678], [-0.04459867035572912, 0.001683202779604678, 0.04930677966467764]], "chi2_level": 0.99, "chi2_df": 3, "chi2_threshold": 11.344866730144373, "N_raw": 64, "N_roi": 64, "N_inlier": 62, "refit": true}
{"timestamp": "15:07:31.494816", "frame": 42, "mu": [0.608788838306773, 4.157802957639006, 0.8505906962298438], "Sigma": [[0.034277705359519774, -0.00697447223000934, -0.024128645259022283], [-0.00697447223000934, 0.004218986415273851, 0.004984080134759167], [-0.024128645259022287, 0.004984080134759167, 0.01844665597920641]], "chi2_level": 0.99, "chi2_df": 3, "chi2_threshold": 11.344866730144373, "N_raw": 44, "N_roi": 44, "N_inlier": 43, "refit": true}
{"timestamp": "15:07:31.553454", "frame": 43, "mu": [0.5837836765157108, 4.113285194574838, 1.019270004884367], "Sigma": [[0.03854602291406006, -0.006773335060158157, -0.026401654973154498], [-0.006773335060158156, 0.004312387703896372, 0.000547944819100335], [-0.026401654973154498, 0.0005479448191003347, 0.02897017582481233]], "chi2_level": 0.99, "chi2_df": 3, "chi2_threshold": 11.344866730144373, "N_raw": 64, "N_roi": 64, "N_inlier": 63, "refit": true}
{"timestamp": "15:07:31.606777", "frame": 44, "mu": [0.6491276675296934, 4.211255418462815, -0.00909299357349627], "Sigma": [[0.028935094086474947, -0.001745466235830781, -0.00332200106351238], [-0.0017454662358307813, 0.00453663410182386, 0.002914817875710771], [-0.003322001063512379, 0.0029148178757107705, 0.004325366917393434]], "chi2_level": 0.99, "chi2_df": 3, "chi2_threshold": 11.344866730144373, "N_raw": 54, "N_roi": 54, "N_inlier": 53, "refit": true}
{"timestamp": "15:07:31.664605", "frame": 45, "mu": [0.5966581661539853, 3.9890242649082217, 0.7555296129417157], "Sigma": [[0.03406169694364207, -0.008223378080945294, -0.00833022481405469], [-0.008223378080945294, 0.009774951964189165, 0.002227741708911036], [-0.00833022481405469, 0.002227741708911036, 0.003883910381298478]], "chi2_level": 0.99, "chi2_df": 3, "chi2_threshold": 11.344866730144373, "N_raw": 74, "N_roi": 74, "N_inlier": 73, "refit": true}
{"timestamp": "15:07:31.718100", "frame": 46, "mu": [0.6613185688107631, 3.955958611251755, 1.0210894726108597], "Sigma": [[0.028538038923284003, -0.0023143399892905374, 0.00327894669706769], [-0.0023143399892905374, 0.002833116153418973, -0.0038312320972247464], [0.00327894669706769, -0.003831232097224746, 0.016315037050690234]], "chi2_level": 0.99, "chi2_df": 3, "chi2_threshold": 11.344866730144373, "N_raw": 59, "N_roi": 59, "N_inlier": 58, "refit": true}
{"timestamp": "15:07:31.775675", "frame": 47, "mu": [0.5801075933778526, 3.9204214129788584, 0.9236094408225766], "Sigma": [[0.02575332961825173, -0.0027984776964008434, -0.005796467837541492], [-0.002798477696400844, 0.0075825027652955315, -0.006155989646188565], [-0.005796467837541492, -0.006155989646188565, 0.036196205355544075]], "chi2_level": 0.99, "chi2_df": 3, "chi2_threshold": 11.344866730144373, "N_raw": 83, "N_roi": 83, "N_inlier": 83, "refit": true}
{"timestamp": "15:07:31.829216", "frame": 48, "mu": [0.5047707518887402, 3.8495573690038536, 0.8726972502351784], "Sigma": [[0.03013393260784583, -0.002503235179003914, -0.02206512482466184], [-0.002503235179003914, 0.003367164020201435, -0.001537135906907386], [-0.022065124824661844, -0.0015371359069073858, 0.03673645934855411]], "chi2_level": 0.99, "chi2_df": 3, "chi2_threshold": 11.344866730144373, "N_raw": 62, "N_roi": 62, "N_inlier": 62, "refit": true}
{"timestamp": "15:07:31.882186", "frame": 49, "mu": [0.6291253382600037, 3.7820629201766405, 0.8260701536902195], "Sigma": [[0.023882317384741905, -0.008426160892586979, -0.020250096641661462], [-0.008426160892586979, 0.009149867234694596, 0.00818031764578047], [-0.020250096641661462, 0.00818031764578047, 0.020954357021263026]], "chi2_level": 0.99, "chi2_df": 3, "chi2_threshold": 11.344866730144373, "N_raw": 56, "N_roi": 56, "N_inlier": 56, "refit": true}
{"timestamp": "15:07:31.940272", "frame": 50, "mu": [0.625545396140346, 3.687841970323455, 0.821034149682829], "Sigma": [[0.02927910292115407, -0.0034296121258763435, -0.00843005408559532], [-0.0034296121258763435, 0.005987967223895636, -0.0022406346137813387], [-0.00843005408559532, -0.0022406346137813387, 0.006406687907477324]], "chi2_level": 0.99, "chi2_df": 3, "chi2_threshold": 11.344866730144373, "N_raw": 75, "N_roi": 75, "N_inlier": 74, "refit": true}
{"timestamp": "15:07:31.993293", "frame": 51, "mu": [0.5673026025962576, 3.661376422442271, 0.8163720825380624], "Sigma": [[0.028381258988982326, -0.0012632204099322112, 0.00013908152839259245], [-0.0012632204099322112, 0.0042900674453509235, -0.0013952218015583033], [0.00013908152839259234, -0.0013952218015583033, 0.0005027326112832962]], "chi2_level": 0.99, "chi2_df": 3, "chi2_threshold": 11.344866730144373, "N_raw": 60, "N_roi": 60, "N_inlier": 59, "refit": true}
{"timestamp": "15:07:32.049964", "frame": 52, "mu": [0.5947466210759301, 3.781351244513189, -0.18654593502506175], "Sigma": [[0.036895902058770066, 0.0022546324451792866, -0.023006514511287074], [0.0022546324451792866, 0.005336445102209134, -0.0072821758120069306], [-0.023006514511287077, -0.0072821758120069306, 0.023215177180026678]], "chi2_level": 0.99, "chi2_df": 3, "chi2_threshold": 11.344866730144373, "N_raw": 73, "N_roi": 73, "N_inlier": 72, "refit": true}
{"timestamp": "15:07:32.106161", "frame": 53, "mu": [0.5920379005778311, 3.5498722333873536, 0.8253198802968835], "Sigma": [[0.03796131547405608, -0.004771915228881775, -0.012319347969456329], [-0.004771915228881775, 0.004983706461600985, -0.0008774887433647411], [-0.012319347969456329, -0.0008774887433647411, 0.010888897878136497]], "chi2_level": 0.99, "chi2_df": 3, "chi2_threshold": 11.344866730144373, "N_raw": 83, "N_roi": 83, "N_inlier": 81, "refit": true}
{"timestamp": "15:07:32.162154", "frame": 54, "mu": [0.6051170384303957, 3.4750935832929266, -1.0405135457444992], "Sigma": [[0.024343516025001673, -0.00010094100210066627, 0.007995826656843561], [-0.00010094100210066611, 0.005186356324080576, 0.0007735271382296172], [0.007995826656843561, 0.0007735271382296161, 0.12049241971491598]], "chi2_level": 0.99, "chi2_df": 3, "chi2_threshold": 11.344866730144373, "N_raw": 88, "N_roi": 87, "N_inlier": 86, "refit": true}
{"timestamp": "15:07:32.216949", "frame": 55, "mu": [0.5807607003273775, 3.4492972141615987, 0.7968422678989687], "Sigma": [[0.017928325651149046, -0.0046592019612668595, 0.0027775481522368836], [-0.004659201961266859, 0.007907870243874621, -0.027598260780379268], [0.002777548152236884, -0.027598260780379268, 0.19216017882609304]], "chi2_level": 0.99, "chi2_df": 3, "chi2_threshold": 11.344866730144373, "N_raw": 82, "N_roi": 80, "N_inlier": 79, "refit": true}
{"timestamp": "15:07:32.271638", "frame": 56, "mu": [0.5827617079465272, 3.3249866715086887, 0.9006372679392511], "Sigma": [[0.029898497754422056, -0.005227465412518619, -0.025970084710527523], [-0.005227465412518618, 0.0018816057753255728, 0.0008485765714653244], [-0.025970084710527523, 0.0008485765714653245, 0.06814948342779739]], "chi2_level": 0.99, "chi2_df": 3, "chi2_threshold": 11.344866730144373, "N_raw": 80, "N_roi": 78, "N_inlier": 74, "refit": true}
{"timestamp": "15:07:32.324757", "frame": 57, "mu": [0.6325130777345108, 3.2831342442539544, 0.6875723520926134], "Sigma": [[0.02222805220211454, -0.003021506456467724, -0.01742541640878916], [-0.0030215064564677245, 0.003273639066197003, 0.0003559529187648358], [-0.01742541640878916, 0.00035595291876483573, 0.0223507207233761]], "chi2_level": 0.99, "chi2_df": 3, "chi2_threshold": 11.344866730144373, "N_raw": 64, "N_roi": 64, "N_inlier": 59, "refit": true}
{"timestamp": "15:07:32.379827", "frame": 58, "mu": [0.5745519503216826, 3.4019326203206885, -0.6618351602514887], "Sigma": [[0.024661831731183838, 0.009457083008097125, 0.02937281208732419], [0.009457083008097127, 0.009237828770046475, 0.016291167165083314], [0.02937281208732419, 0.016291167165083314, 0.11014697599032323]], "chi2_level": 0.99, "chi2_df": 3, "chi2_threshold": 11.344866730144373, "N_raw": 71, "N_roi": 67, "N_inlier": 65, "refit": true}
{"timestamp": "15:07:32.433987", "frame": 59, "mu": [0.5977310262175818, 3.1746124292750992, 0.7259039268590435], "Sigma": [[0.023068838474176494, -0.005868422008076653, -0.018788054317392573], [-0.005868422008076652, 0.004147942178514553, 0.0029562108320089], [-0.018788054317392573, 0.0029562108320089005, 0.029977305823111904]], "chi2_level": 0.99, "chi2_df": 3, "chi2_threshold": 11.344866730144373, "N_raw": 68, "N_roi": 68, "N_inlier": 66, "refit": true}
{"timestamp": "15:07:32.492528", "frame": 60, "mu": [0.6609685533249118, 3.1206549023355956, 0.8823936555792771], "Sigma": [[0.024449881388914213, 0.0009891486177914166, 0.0031604913284654155], [0.0009891486177914168, 0.00281532650986201, -0.004435442313698856], [0.003160491328465415, -0.004435442313698856, 0.012150941429992877]], "chi2_level": 0.99, "chi2_df": 3, "chi2_threshold": 11.344866730144373, "N_raw": 83, "N_roi": 78, "N_inlier": 76, "refit": true}
{"timestamp": "15:07:32.545455", "frame": 61, "mu": [0.6143726209045531, 3.2492729051531435, -0.3624635117701437], "Sigma": [[0.026265805475196063, -0.004082147224552316, 0.001247794014942476], [-0.004082147224552317, 0.00779286175820671, -0.01646786808113005], [0.0012477940149424758, -0.01646786808113005, 0.05336363589091544]], "chi2_level": 0.99, "chi2_df": 3, "chi2_threshold": 11.344866730144373, "N_raw": 77, "N_roi": 77, "N_inlier": 72, "refit": true}
{"timestamp": "15:07:32.601171", "frame": 62, "mu": [0.5878852373136627, 3.007195818746009, 0.9224086563630591], "Sigma": [[0.01856720782140613, -0.005019821951083675, -0.003739459349741346], [-0.005019821951083675, 0.0043937609991865625, -0.006063881197653409], [-0.003739459349741346, -0.006063881197653409, 0.020029823469099185]], "chi2_level": 0.99, "chi2_df": 3, "chi2_threshold": 11.344866730144373, "N_raw": 82, "N_roi": 82, "N_inlier": 80, "refit": true}
{"timestamp": "15:07:32.655256", "frame": 63, "mu": [0.5798325369345415, 2.9477823914415553, 0.8005452801223601], "Sigma": [[0.023542914715773203, 3.127081577293728e-05, -0.003915318778486808], [3.127081577293728e-05, 0.0034251928366524523, -0.004300836693761792], [-0.003915318778486808, -0.004300836693761792, 0.014632531804986389]], "chi2_level": 0.99, "chi2_df": 3, "chi2_threshold": 11.344866730144373, "N_raw": 78, "N_roi": 78, "N_inlier": 76, "refit": true}
{"timestamp": "15:07:32.715256", "frame": 64, "mu": [0.666246119493816, 2.879379972871726, 0.9239030819822085], "Sigma": [[0.02254102884242924, -0.000504107374390095, -0.005421871279260722], [-0.0005041073743900949, 0.0017425304145975867, -0.00554495960836004], [-0.005421871279260723, -0.00554495960836004, 0.07315970457658705]], "chi2_level": 0.99, "chi2_df": 3, "chi2_threshold": 11.344866730144373, "N_raw": 107, "N_roi": 107, "N_inlier": 103, "refit": true}
{"timestamp": "15:07:32.766256", "frame": 65, "mu": [0.6410211052178914, 2.915011733944026, -0.41874380768091446], "Sigma": [[0.02427761964189839, 0.004438068222845426, 0.08795424810988837], [0.004438068222845425, 0.008891405288277166, -0.0027264483449348804], [0.08795424810988837, -0.0027264483449348795, 0.5180561706630744]], "chi2_level": 0.99, "chi2_df": 3, "chi2_threshold": 11.344866730144373, "N_raw": 83, "N_roi": 83, "N_inlier": 80, "refit": true}
{"timestamp": "15:07:32.824587", "frame": 66, "mu": [0.8095713112304359, 2.7623554957684067, -0.433826729051645], "Sigma": [[0.03989263386831595, -0.0016018375958210941, 0.146315563160909], [-0.0016018375958210941, 0.004969836042418885, -0.011593209021207532], [0.14631556316090902, -0.011593209021207532, 0.7669046376617854]], "chi2_level": 0.99, "chi2_df": 3, "chi2_threshold": 11.344866730144373, "N_raw": 102, "N_roi": 102, "N_inlier": 100, "refit": true}
{"timestamp": "15:07:32.878170", "frame": 67, "mu": [0.6228495198399328, 2.7898421997461265, -0.3997806047416417], "Sigma": [[0.026964107320862137, 0.0007034869547913138, 0.10717612303455373], [0.0007034869547913138, 0.0052518257875698235, -0.0078270478189084], [0.10717612303455373, -0.0078270478189084, 0.6395387376889891]], "chi2_level": 0.99, "chi2_df": 3, "chi2_threshold": 11.344866730144373, "N_raw": 94, "N_roi": 94, "N_inlier": 93, "refit": true}
{"timestamp": "15:07:32.931671", "frame": 68, "mu": [0.6055320829362406, 2.7430693563792072, -0.7350022319330634], "Sigma": [[0.012142659026753098, 0.0060065590714901435, 0.03397305227406136], [0.0060065590714901435, 0.009231993018938347, 0.025378266066895076], [0.03397305227406136, 0.025378266066895076, 0.34691186860893675]], "chi2_level": 0.99, "chi2_df": 3, "chi2_threshold": 11.344866730144373, "N_raw": 81, "N_roi": 81, "N_inlier": 80, "refit": true}
{"timestamp": "15:07:32.985225", "frame": 69, "mu": [0.5641046244852465, 2.818928691327877, -0.43148883830399776], "Sigma": [[0.017622855338145643, -0.0032148103174128593, -0.010314537701123023], [-0.0032148103174128593, 0.004476972478683936, -0.010530777343067595], [-0.010314537701123023, -0.010530777343067595, 0.05278547121161458]], "chi2_level": 0.99, "chi2_df": 3, "chi2_threshold": 11.344866730144373, "N_raw": 76, "N_roi": 76, "N_inlier": 75, "refit": true}
{"timestamp": "15:07:33.040752", "frame": 70, "mu": [0.8950379759699769, 2.5186373805344147, 1.0063324429256197], "Sigma": [[0.041870741499550175, -0.003167673322065988, -0.021664669027053676], [-0.0031676733220659887, 0.0024204334223793763, -0.001030229682626356], [-0.021664669027053676, -0.0010302296826263557, 0.021678722509599464]], "chi2_level": 0.99, "chi2_df": 3, "chi2_threshold": 11.344866730144373, "N_raw": 78, "N_roi": 78, "N_inlier": 75, "refit": true}
{"timestamp": "15:07:33.104007", "frame": 71, "mu": [0.6717395845735864, 2.505115487532329, 0.9618008204544846], "Sigma": [[0.04189132075251979, -0.005546002086776004, -0.003971504487899049], [-0.005546002086776004, 0.003042988707485114, -0.005773714732424868], [-0.003971504487899049, -0.005773714732424868, 0.04447001124450687]], "chi2_level": 0.99, "chi2_df": 3, "chi2_threshold": 11.344866730144373, "N_raw": 140, "N_roi": 140, "N_inlier": 139, "refit": true}
{"timestamp": "15:07:33.150288", "frame": 72, "mu": [0.6237734768160322, 2.463256136293416, 0.8366998537881215], "Sigma": [[0.025096953781816186, -0.0008746381693133707, -0.005533729457923152], [-0.0008746381693133707, 0.0006145440551848427, -0.0017830077623913778], [-0.005533729457923152, -0.0017830077623913775, 0.015564023703657616]], "chi2_level": 0.99, "chi2_df": 3, "chi2_threshold": 11.344866730144373, "N_raw": 68, "N_roi": 68, "N_inlier": 67, "refit": true}
{"timestamp": "15:07:33.207844", "frame": 73, "mu": [0.565287806863629, 2.3998546612065264, 0.9418454395013791], "Sigma": [[0.018702758215952724, -0.0028831951156862434, 0.005513572369571996], [-0.0028831951156862434, 0.0023336289348575793, -0.008657604365016152], [0.005513572369571996, -0.008657604365016152, 0.04268775494256333]], "chi2_level": 0.99, "chi2_df": 3, "chi2_threshold": 11.344866730144373, "N_raw": 94, "N_roi": 94, "N_inlier": 93, "refit": true}
{"timestamp": "15:07:33.263923", "frame": 74, "mu": [0.6585492985365898, 2.337060350158537, 0.952198518269252], "Sigma": [[0.027080983448155172, -0.005565557098693807, 0.00859682835650788], [-0.005565557098693807, 0.0030966774815967745, -0.005939841344772716], [0.00859682835650788, -0.005939841344772716, 0.018803593460962033]], "chi2_level": 0.99, "chi2_df": 3, "chi2_threshold": 11.344866730144373, "N_raw": 100, "N_roi": 100, "N_inlier": 97, "refit": true}
{"timestamp": "15:07:33.320171", "frame": 75, "mu": [0.6625610071333038, 2.2242130615224083, 0.8106800356845872], "Sigma": [[0.023929248352169356, -0.00429415849703422, -0.013677583887346143], [-0.00429415849703422, 0.0023917619198772734, 0.0017182962984794428], [-0.013677583887346143, 0.0017182962984794426, 0.04297821611064063]], "chi2_level": 0.99, "chi2_df": 3, "chi2_threshold": 11.344866730144373, "N_raw": 106, "N_roi": 106, "N_inlier": 102, "refit": true}
{"timestamp": "15:07:33.377233", "frame": 76, "mu": [0.635709499016656, 2.272341321864259, -0.8614467796556085], "Sigma": [[0.03287836692417191, 0.005794350265275356, 0.014059326665621132], [0.005794350265275356, 0.006162920664668741, 0.005493668916715426], [0.01405932666562113, 0.005493668916715426, 0.06805293539428381]], "chi2_level": 0.99, "chi2_df": 3, "chi2_threshold": 11.344866730144373, "N_raw": 126, "N_roi": 126, "N_inlier": 122, "refit": true}
{"timestamp": "15:07:33.434600", "frame": 77, "mu": [0.6223335184718822, 2.155009807323923, 0.9416829006391472], "Sigma": [[0.021140984335088743, -0.0008228048505515093, -0.003926716845115067], [-0.0008228048505515095, 0.003263057062672388, 0.0005348170753608108], [-0.003926716845115067, 0.0005348170753608108, 0.0915970069213149]], "chi2_level": 0.99, "chi2_df": 3, "chi2_threshold": 11.344866730144373, "N_raw": 134, "N_roi": 134, "N_inlier": 129, "refit": true}
{"timestamp": "15:07:33.487781", "frame": 78, "mu": [0.6777736087421755, 2.107852489984657, 0.86814837565098], "Sigma": [[0.020978610449298316, -0.007274289010904433, -0.01615725992494304], [-0.007274289010904434, 0.0038924198886005294, 0.0027574265282743838], [-0.01615725992494304, 0.0027574265282743838, 0.054694838926778636]], "chi2_level": 0.99, "chi2_df": 3, "chi2_threshold": 11.344866730144373, "N_raw": 119, "N_roi": 119, "N_inlier": 116, "refit": true}
{"timestamp": "15:07:33.538139", "frame": 79, "mu": [0.6393428435511045, 2.073366695734107, 0.9844953935585748], "Sigma": [[0.013993113150424232, -0.0036716471414103623, -0.012307730792649164], [-0.003671647141410362, 0.0024574560376737684, -0.0018929068754966164], [-0.012307730792649164, -0.0018929068754966168, 0.04616533476312069]], "chi2_level": 0.99, "chi2_df": 3, "chi2_threshold": 11.344866730144373, "N_raw": 96, "N_roi": 96, "N_inlier": 92, "refit": true}
{"timestamp": "15:07:33.593251", "frame": 80, "mu": [0.7557232301378579, 2.010884466823313, 1.1203482572300036], "Sigma": [[0.02176975072010434, -0.0034253108378126903, 0.009787197258371245], [-0.0034253108378126903, 0.0025370167122836973, -0.005433305357024085], [0.009787197258371244, -0.005433305357024085, 0.0290126648335991]], "chi2_level": 0.99, "chi2_df": 3, "chi2_threshold": 11.344866730144373, "N_raw": 94, "N_roi": 94, "N_inlier": 91, "refit": true}
{"timestamp": "15:07:33.649380", "frame": 81, "mu": [0.6385803221954551, 1.9288645882764612, -0.5101933649052415], "Sigma": [[0.011496124580165244, -0.0017794605229848816, 0.08014831449407618], [-0.0017794605229848816, 0.004985300054807166, -0.049632687061920706], [0.08014831449407618, -0.049632687061920706, 1.152661828224167]], "chi2_level": 0.99, "chi2_df": 3, "chi2_threshold": 11.344866730144373, "N_raw": 96, "N_roi": 96, "N_inlier": 94, "refit": true}
{"timestamp": "15:07:33.704332", "frame": 82, "mu": [0.6861683271226396, 1.8665588803397712, -0.3731891288110214], "Sigma": [[0.011447343874534869, -0.002480521595976376, 0.06620736889125342], [-0.002480521595976376, 0.0019983934410536725, -0.023035862719279737], [0.06620736889125342, -0.023035862719279737, 0.9849918817224336]], "chi2_level": 0.99, "chi2_df": 3, "chi2_threshold": 11.344866730144373, "N_raw": 102, "N_roi": 102, "N_inlier": 101, "refit": true}
{"timestamp": "15:07:33.766569", "frame": 83, "mu": [0.6293663832883152, 1.819089449496083, 1.080615170444599], "Sigma": [[0.019255285432476336, -0.0019859712665916155, 0.014836494914396956], [-0.001985971266591616, 0.002982789070322991, -0.008465983399252442], [0.01483649491439696, -0.008465983399252442, 0.06279091465118497]], "chi2_level": 0.99, "chi2_df": 3, "chi2_threshold": 11.344866730144373, "N_raw": 150, "N_roi": 150, "N_inlier": 146, "refit": true}
{"timestamp": "15:07:33.816352", "frame": 84, "mu": [0.6197208051856496, 1.7529195315493749, 1.0507976686690623], "Sigma": [[0.012325891438734643, -0.002570198312252322, 0.007372693578078282], [-0.0025701983122523226, 0.0012526375848288915, -0.0035037789660891626], [0.007372693578078282, -0.0035037789660891626, 0.0817014148617145]], "chi2_level": 0.99, "chi2_df": 3, "chi2_threshold": 11.344866730144373, "N_raw": 111, "N_roi": 111, "N_inlier": 109, "refit": true}
{"timestamp": "15:07:33.877148", "frame": 85, "mu": [0.6517333176876696, 1.7138514094373347, 1.0885836240382734], "Sigma": [[0.017118930562102987, -0.007278812417580109, -0.007283324867254984], [-0.007278812417580109, 0.004996502620956819, -0.0024402075958135823], [-0.007283324867254984, -0.0024402075958135823, 0.0566865456448402]], "chi2_level": 0.99, "chi2_df": 3, "chi2_threshold": 11.344866730144373, "N_raw": 150, "N_roi": 150, "N_inlier": 145, "refit": true}
{"timestamp": "15:07:33.927351", "frame": 86, "mu": [0.6694751037949159, 1.6431025355224302, 1.125200821554385], "Sigma": [[0.01210278278043745, -0.00508816011895985, -0.011857210005081317], [-0.00508816011895985, 0.004732590103721047, -0.00014584237019913283], [-0.011857210005081317, -0.00014584237019913326, 0.12347713848571715]], "chi2_level": 0.99, "chi2_df": 3, "chi2_threshold": 11.344866730144373, "N_raw": 115, "N_roi": 115, "N_inlier": 110, "refit": true}
{"timestamp": "15:07:33.986979", "frame": 87, "mu": [0.6586572717756134, 1.5878709558857902, 0.9214417944472133], "Sigma": [[0.014594967252429857, -0.0018948386737370451, 0.007528722059767103], [-0.001894838673737045, 0.010049200731873062, 0.030526263367554644], [0.0075287220597671034, 0.030526263367554644, 0.25481968505147834]], "chi2_level": 0.99, "chi2_df": 3, "chi2_threshold": 11.344866730144373, "N_raw": 150, "N_roi": 150, "N_inlier": 147, "refit": true}
{"timestamp": "15:07:34.034453", "frame": 88, "mu": [0.6687047885206698, 1.5381993020010778, 1.0115832424860434], "Sigma": [[0.007696603361431363, -0.0016636234962126785, -0.0025061441296282704], [-0.001663623496212679, 0.004488941382224099, 0.01279999749585791], [-0.0025061441296282696, 0.01279999749585791, 0.11300932123344731]], "chi2_level": 0.99, "chi2_df": 3, "chi2_threshold": 11.344866730144373, "N_raw": 103, "N_roi": 103, "N_inlier": 100, "refit": true}
{"timestamp": "15:07:34.085676", "frame": 89, "mu": [0.6511372755270003, 1.5017334034461611, 1.164810718442066], "Sigma": [[0.005896983086658901, -0.003722541183963638, 0.002258710848923255], [-0.003722541183963638, 0.004727855808545611, -0.0038460565753581813], [0.002258710848923255, -0.003846056575358181, 0.12271915116101323]], "chi2_level": 0.99, "chi2_df": 3, "chi2_threshold": 11.344866730144373, "N_raw": 71, "N_roi": 71, "N_inlier": 68, "refit": true}
{"timestamp": "15:07:34.147790", "frame": 90, "mu": [0.6855821247822106, 1.589913512573673, -0.6540006317410727], "Sigma": [[0.010035045362213814, 0.007351611958223383, 0.019795130409514715], [0.007351611958223383, 0.030079555836476746, 0.003946213166391605], [0.019795130409514715, 0.003946213166391605, 0.15705423266175006]], "chi2_level": 0.99, "chi2_df": 3, "chi2_threshold": 11.344866730144373, "N_raw": 122, "N_roi": 122, "N_inlier": 118, "refit": true}
{"timestamp": "15:07:34.198025", "frame": 91, "mu": [0.8147375077657655, 1.414206257408274, 1.0517041690195754], "Sigma": [[0.020687784940454482, -0.007078371754261511, -0.01867174269639158], [-0.007078371754261511, 0.0044304231908749514, 0.0072026330747482215], [-0.01867174269639158, 0.0072026330747482215, 0.03566922233492403]], "chi2_level": 0.99, "chi2_df": 3, "chi2_threshold": 11.344866730144373, "N_raw": 84, "N_roi": 84, "N_inlier": 82, "refit": true}
{"timestamp": "15:07:34.254192", "frame": 92, "mu": [0.6720388190981607, 1.4821153512807763, -0.3932927783977944], "Sigma": [[0.004472613259332085, -0.0028071645532358387, 0.0006953867308347526], [-0.0028071645532358387, 0.009295242973627042, -0.011405522266098088], [0.0006953867308347522, -0.01140552226609809, 0.07324820982789232]], "chi2_level": 0.99, "chi2_df": 3, "chi2_threshold": 11.344866730144373, "N_raw": 102, "N_roi": 102, "N_inlier": 96, "refit": true}
{"timestamp": "15:07:34.309708", "frame": 93, "mu": [0.7252437604877513, 1.3412388254011107, 1.1749120518381302], "Sigma": [[0.015727330218279, -0.004364539928356163, -0.015469431535288215], [-0.004364539928356163, 0.0055122961821069535, 0.004175572526326164], [-0.015469431535288215, 0.004175572526326166, 0.034389054865435253]], "chi2_level": 0.99, "chi2_df": 3, "chi2_threshold": 11.344866730144373, "N_raw": 100, "N_roi": 100, "N_inlier": 96, "refit": true}
{"timestamp": "15:07:34.363534", "frame": 94, "mu": [0.6683128055802172, 1.2294987443616998, 1.320689393710524], "Sigma": [[0.007423662663587242, -0.001680283089520237, 0.0006392252991142284], [-0.001680283089520237, 0.006900976551695572, -0.00041637260791853694], [0.0006392252991142282, -0.00041637260791853726, 0.04283049524682969]], "chi2_level": 0.99, "chi2_df": 3, "chi2_threshold": 11.344866730144373, "N_raw": 88, "N_roi": 88, "N_inlier": 84, "refit": true}
{"timestamp": "15:07:34.419095", "frame": 95, "mu": [0.668692264786085, 1.218020666693127, 1.3688816074610675], "Sigma": [[0.004298848480414048, -0.001123918596680205, -0.003871828183512797], [-0.001123918596680205, 0.006583822284860406, -0.00942137065632009], [-0.003871828183512797, -0.00942137065632009, 0.030934663544533468]], "chi2_level": 0.99, "chi2_df": 3, "chi2_threshold": 11.344866730144373, "N_raw": 100, "N_roi": 99, "N_inlier": 98, "refit": true}
{"timestamp": "15:07:34.472677", "frame": 96, "mu": [0.7266094021353493, 1.120623414422484, 1.3778067499671582], "Sigma": [[0.01398227994481341, -0.0029314577700004047, -0.013513615511814396], [-0.0029314577700004047, 0.0034731502333094993, -0.002283026321354879], [-0.013513615511814398, -0.002283026321354879, 0.025933931799856508]], "chi2_level": 0.99, "chi2_df": 3, "chi2_threshold": 11.344866730144373, "N_raw": 80, "N_roi": 80, "N_inlier": 78, "refit": true}
{"timestamp": "15:07:34.524166", "frame": 97, "mu": [0.6007637743098114, 1.0458222025994557, 1.2186665233270653], "Sigma": [[0.007099126544549327, 9.097814845522166e-05, 0.021545135043040054], [9.097814845522166e-05, 0.0028760425946791623, 0.0015450419884880978], [0.021545135043040054, 0.0015450419884880974, 0.14691243174798277]], "chi2_level": 0.99, "chi2_df": 3, "chi2_threshold": 11.344866730144373, "N_raw": 62, "N_roi": 62, "N_inlier": 59, "refit": true}
{"timestamp": "15:07:34.585274", "frame": 98, "mu": [0.6305165402707479, 1.159124382983257, 0.23557184253340435], "Sigma": [[0.0052923169739925975, -0.003878712770121179, 0.0336600330374995], [-0.003878712770121179, 0.022214072256625684, -0.12228940115036568], [0.03366003303749951, -0.12228940115036568, 0.8943935347133083]], "chi2_level": 0.99, "chi2_df": 3, "chi2_threshold": 11.344866730144373, "N_raw": 110, "N_roi": 110, "N_inlier": 107, "refit": true}
{"timestamp": "15:07:34.642711", "frame": 99, "mu": [0.6154659869652525, 1.025377292764901, 1.338426828479223], "Sigma": [[0.005560238810448518, -0.0010315007215563822, 0.005729155870839131], [-0.0010315007215563822, 0.009351913927825193, 0.001167526271301199], [0.005729155870839131, 0.0011675262713011993, 0.04088916808698362]], "chi2_level": 0.99, "chi2_df": 3, "chi2_threshold": 11.344866730144373, "N_raw": 120, "N_roi": 118, "N_inlier": 112, "refit": true}
{"timestamp": "15:07:34.843119", "frame": 100, "mu": [0.6416964682702226, 1.0072852804403538, 1.3459431484639583], "Sigma": [[0.0018104198254429913, -0.0007028943927275438, -0.0005435732209741727], [-0.0007028943927275438, 0.004305234966048527, -0.005922625425413568], [-0.0005435732209741727, -0.005922625425413568, 0.024533725654701168]], "chi2_level": 0.99, "chi2_df": 3, "chi2_threshold": 11.344866730144373, "N_raw": 36, "N_roi": 36, "N_inlier": 34, "refit": true}
{"timestamp": "15:07:34.875818", "frame": 101, "mu": [0.6731252556428333, 0.9304652329161218, 1.4193808697744028], "Sigma": [[0.0034569302066255266, 0.0013075897893542131, -0.0026038758030913897], [0.0013075897893542131, 0.006497962898835269, -0.007064338050342225], [-0.0026038758030913897, -0.007064338050342225, 0.029621824827205805]], "chi2_level": 0.99, "chi2_df": 3, "chi2_threshold": 11.344866730144373, "N_raw": 53, "N_roi": 53, "N_inlier": 50, "refit": true}
{"timestamp": "15:07:34.906255", "frame": 102, "mu": [0.6628761515417316, 0.9135301019122373, 1.3150207157891458], "Sigma": [[0.009793344085737423, -0.0017834163924632714, -0.0018713879046414667], [-0.0017834163924632714, 0.0033767107164384383, -0.003410743454756571], [-0.0018713879046414667, -0.003410743454756571, 0.007450602002587878]], "chi2_level": 0.99, "chi2_df": 3, "chi2_threshold": 11.344866730144373, "N_raw": 75, "N_roi": 75, "N_inlier": 72, "refit": true}
{"timestamp": "15:07:35.053597", "frame": 103, "mu": [0.6327356672065312, 0.797777176908602, 1.4526172563248032], "Sigma": [[0.001810826431831747, -0.000555224095748654, 0.0005072043049827477], [-0.0005552240957486539, 0.003175508170174105, -0.013459641774780554], [0.0005072043049827479, -0.013459641774780554, 0.11008489655385482]], "chi2_level": 0.99, "chi2_df": 3, "chi2_threshold": 11.344866730144373, "N_raw": 27, "N_roi": 27, "N_inlier": 24, "refit": true}
{"timestamp": "15:07:35.100332", "frame": 104, "mu": [0.6407164159274359, 0.7648579547469353, 1.3325580057992459], "Sigma": [[0.003006435882932314, -0.0011466742206386426, -0.0046563602300286], [-0.0011466742206386424, 0.0022764992405736213, -0.0058806141864782445], [-0.0046563602300285995, -0.0058806141864782445, 0.14415416998125904]], "chi2_level": 0.99, "chi2_df": 3, "chi2_threshold": 11.344866730144373, "N_raw": 30, "N_roi": 30, "N_inlier": 28, "refit": true}
{"timestamp": "15:07:35.142788", "frame": 105, "mu": [0.6932948092596947, 0.763376330893469, 1.344174005193292], "Sigma": [[0.005231311984164637, -0.0009759833759865281, -0.0034124535326267805], [-0.000975983375986528, 0.00242287031177686, -0.0007041425685953154], [-0.0034124535326267805, -0.0007041425685953156, 0.003442611256526642]], "chi2_level": 0.99, "chi2_df": 3, "chi2_threshold": 11.344866730144373, "N_raw": 54, "N_roi": 54, "N_inlier": 52, "refit": true}
{"timestamp": "15:07:35.174415", "frame": 106, "mu": [0.7162225003366243, 0.6886977966458101, 1.4298889286120624], "Sigma": [[0.006675365586555991, 0.00037837625030967586, -0.006254674160716103], [0.00037837625030967586, 0.002332017616452467, -0.0018394142749282836], [-0.006254674160716103, -0.0018394142749282836, 0.007529455327992489]], "chi2_level": 0.99, "chi2_df": 3, "chi2_threshold": 11.344866730144373, "N_raw": 60, "N_roi": 60, "N_inlier": 56, "refit": true}
{"timestamp": "15:07:35.207480", "frame": 107, "mu": [0.7223347592249357, 0.716157644265686, 1.3811733032175844], "Sigma": [[0.0028893013787210566, -0.00035256648630406517, -0.0011721824063662123], [-0.0003525664863040652, 0.0023383092979439497, -0.0012873224013556493], [-0.0011721824063662123, -0.0012873224013556493, 0.0028585668444562006]], "chi2_level": 0.99, "chi2_df": 3, "chi2_threshold": 11.344866730144373, "N_raw": 38, "N_roi": 38, "N_inlier": 35, "refit": true}
