{"timestamp": "15:44:47.065245", "frame": 67, "mu": [1.878785659903978, 1.267113861071347, 1.5513366101923438], "Sigma": [[0.0021021697018066806, -0.001235305176271487, -0.00274733392752978], [-0.0012353051762714867, 0.0023686491319967343, -0.00047676678909416983], [-0.0027473339275297802, -0.00047676678909416983, 0.008453332860727499]], "chi2_level": 0.99, "chi2_df": 3, "chi2_threshold": 11.344866730144373, "N_raw": 11, "N_roi": 11, "N_inlier": 11, "refit": true}
{"timestamp": "15:44:47.121190", "frame": 68, "mu": [1.857591429145324, 1.3051733930965121, 1.605975267924536], "Sigma": [[0.004168444000793915, -0.0017323943589974506, -0.0002551159638754545], [-0.001732394358997451, 0.002842560153185145, -0.0006602959919567046], [-0.0002551159638754544, -0.0006602959919567045, 0.0008104981681901202]], "chi2_level": 0.99, "chi2_df": 3, "chi2_threshold": 11.344866730144373, "N_raw": 16, "N_roi": 14, "N_inlier": 13, "refit": true}
{"timestamp": "15:44:47.835458", "frame": 81, "mu": [1.6576091404305893, 1.925628160810763, 0.04863630537050563], "Sigma": [[0.0028847928272577325, 0.001164243965359134, -0.0034810753042175233], [0.001164243965359134, 0.0046988586638912625, -0.00620489638365725], [-0.0034810753042175233, -0.00620489638365725, 0.01740696784276312]], "chi2_level": 0.99, "chi2_df": 3, "chi2_threshold": 11.344866730144373, "N_raw": 11, "N_roi": 11, "N_inlier": 11, "refit": true}
{"timestamp": "15:44:48.716042", "frame": 97, "mu": [1.7779397031279272, 2.2951231627220583, 0.8080341047367526], "Sigma": [[0.03213706522508847, -0.02891698168647868, -0.07423629397547259], [-0.028916981686478677, 0.02787314006016213, 0.06549678612061008], [-0.07423629397547259, 0.06549678612061008, 0.17997535061705677]], "chi2_level": 0.99, "chi2_df": 3, "chi2_threshold": 11.344866730144373, "N_raw": 11, "N_roi": 11, "N_inlier": 11, "refit": true}
{"timestamp": "15:44:49.157193", "frame": 105, "mu": [1.4891532796497997, 2.7105241765231853, 1.5087731544794396], "Sigma": [[0.0062099671735727615, -0.0025573780139745003, -0.0007413682334369179], [-0.0025573780139745003, 0.0033627213483078595, 0.0006778328228161188], [-0.0007413682334369183, 0.0006778328228161188, 0.000832272149941809]], "chi2_level": 0.99, "chi2_df": 3, "chi2_threshold": 11.344866730144373, "N_raw": 23, "N_roi": 21, "N_inlier": 20, "refit": true}
{"timestamp": "15:44:49.432996", "frame": 110, "mu": [1.716363061139958, 2.696484665164728, 0.5512037342742337], "Sigma": [[0.00785286130163204, -0.00516188166109739, -0.0035977951223618515], [-0.00516188166109739, 0.005560600446809771, 0.002642397559133273], [-0.003597795122361852, 0.002642397559133273, 0.004398595611803244]], "chi2_level": 0.99, "chi2_df": 3, "chi2_threshold": 11.344866730144373, "N_raw": 22, "N_roi": 20, "N_inlier": 19, "refit": true}
{"timestamp": "15:44:49.489965", "frame": 111, "mu": [1.6918563616427418, 2.766130925180174, 0.47453726033120563], "Sigma": [[0.007896411415539992, -0.0033609949729398363, -0.006272497371296712], [-0.0033609949729398363, 0.007702073978650463, 0.0018561446417903246], [-0.006272497371296712, 0.0018561446417903246, 0.07215354101337458]], "chi2_level": 0.99, "chi2_df": 3, "chi2_threshold": 11.344866730144373, "N_raw": 25, "N_roi": 22, "N_inlier": 21, "refit": true}
{"timestamp": "15:44:50.148608", "frame": 123, "mu": [1.5573662223649116, 3.353596673820995, 1.5282361510917943], "Sigma": [[0.013253383372337961, -0.007111605993674648, -0.004827129154020454], [-0.007111605993674648, 0.00452118644821291, 0.002527142897056941], [-0.004827129154020454, 0.002527142897056941, 0.0031899986410952904]], "chi2_level": 0.99, "chi2_df": 3, "chi2_threshold": 11.344866730144373, "N_raw": 14, "N_roi": 14, "N_inlier": 13, "refit": true}
{"timestamp": "15:44:50.203644", "frame": 124, "mu": [1.5288898359353575, 3.4022174433969137, 1.5176659568195583], "Sigma": [[0.013765950496382193, -0.00519359064425708, -0.0015498151433456482], [-0.005193590644257078, 0.003822093208026077, 0.00033157360508917824], [-0.0015498151433456482, 0.00033157360508917835, 0.001006792602814681]], "chi2_level": 0.99, "chi2_df": 3, "chi2_threshold": 11.344866730144373, "N_raw": 23, "N_roi": 23, "N_inlier": 23, "refit": true}
{"timestamp": "15:44:50.258195", "frame": 125, "mu": [1.719447297514363, 3.3643417312232917, 0.822355010897096], "Sigma": [[0.03625413106267245, -0.019411356625449794, -0.06920820052033017], [-0.019411356625449794, 0.016080654288617328, 0.03369725570781207], [-0.06920820052033017, 0.03369725570781207, 0.4254779392834292]], "chi2_level": 0.99, "chi2_df": 3, "chi2_threshold": 11.344866730144373, "N_raw": 11, "N_roi": 11, "N_inlier": 11, "refit": true}
{"timestamp": "15:44:50.312345", "frame": 126, "mu": [1.6712278341269367, 3.48254678355939, 1.4091078246258437], "Sigma": [[0.005227612207891087, -0.0004332725995761027, -0.009883850392698694], [-0.00043327259957610253, 0.001690053724311123, 0.0014957736009114683], [-0.009883850392698694, 0.0014957736009114683, 0.06646876004963106]], "chi2_level": 0.99, "chi2_df": 3, "chi2_threshold": 11.344866730144373, "N_raw": 14, "N_roi": 13, "N_inlier": 13, "refit": true}
{"timestamp": "15:44:50.368830", "frame": 127, "mu": [1.6233757612052928, 3.487364207632029, 1.2842576998942956], "Sigma": [[0.011035044553085216, -0.002765026009162577, -0.0013863850448320187], [-0.002765026009162577, 0.010265761269152109, 0.05423859644171103], [-0.0013863850448320191, 0.05423859644171103, 0.39134700426314944]], "chi2_level": 0.99, "chi2_df": 3, "chi2_threshold": 11.344866730144373, "N_raw": 20, "N_roi": 20, "N_inlier": 19, "refit": true}
{"timestamp": "15:44:50.534980", "frame": 130, "mu": [1.5524359807867427, 3.660645876862328, 1.5167683995023187], "Sigma": [[0.012507116826503436, -0.0036118789507663947, -0.0043999843797406105], [-0.0036118789507663942, 0.003743031233272496, 0.0024730614874905474], [-0.0043999843797406105, 0.002473061487490548, 0.0036118152741813963]], "chi2_level": 0.99, "chi2_df": 3, "chi2_threshold": 11.344866730144373, "N_raw": 23, "N_roi": 23, "N_inlier": 21, "refit": true}
{"timestamp": "15:44:50.753955", "frame": 134, "mu": [1.5252480082514044, 3.751697216571723, 1.5211411568924624], "Sigma": [[0.014720494971528067, -0.005061540794472802, -0.007406099813009442], [-0.005061540794472802, 0.0034949567317388813, 0.0029641298014110636], [-0.007406099813009442, 0.0029641298014110636, 0.0071500974278916945]], "chi2_level": 0.99, "chi2_df": 3, "chi2_threshold": 11.344866730144373, "N_raw": 25, "N_roi": 23, "N_inlier": 22, "refit": true}
{"timestamp": "15:44:50.974845", "frame": 138, "mu": [1.6943523360202593, 3.8364967488669515, 0.8611477458403476], "Sigma": [[0.009824350595021463, -0.00599856818413691, -0.011122426084464728], [-0.00599856818413691, 0.004105113522374084, 0.010724762239920416], [-0.011122426084464728, 0.010724762239920416, 0.08007215039039328]], "chi2_level": 0.99, "chi2_df": 3, "chi2_threshold": 11.344866730144373, "N_raw": 30, "N_roi": 28, "N_inlier": 27, "refit": true}
{"timestamp": "15:44:51.579539", "frame": 149, "mu": [1.7683184045379843, 4.272513482955418, 1.0482128220361546], "Sigma": [[0.014039509879337476, -0.005489259678512354, -0.009824507930147936], [-0.005489259678512354, 0.004495629878791681, 0.003373102285848283], [-0.009824507930147938, 0.0033731022858482836, 0.008687396102251159]], "chi2_level": 0.99, "chi2_df": 3, "chi2_threshold": 11.344866730144373, "N_raw": 26, "N_roi": 25, "N_inlier": 24, "refit": true}
{"timestamp": "15:44:51.634104", "frame": 150, "mu": [1.6410707952748909, 4.379439877322911, 0.45374710756486286], "Sigma": [[0.010314703218033683, 0.00028643166140754627, -0.010875185788513635], [0.0002864316614075462, 0.002283700265009145, -0.00032406040594275585], [-0.010875185788513639, -0.0003240604059427558, 0.013634707506977798]], "chi2_level": 0.99, "chi2_df": 3, "chi2_threshold": 11.344866730144373, "N_raw": 19, "N_roi": 17, "N_inlier": 17, "refit": true}
{"timestamp": "15:44:51.689190", "frame": 151, "mu": [1.6011626551054305, 4.366020245826033, 1.3332412416828152], "Sigma": [[0.009936665767799594, -0.0009552189555792668, -0.002167710791902215], [-0.0009552189555792668, 0.003938178142429392, 0.003154912238368633], [-0.002167710791902215, 0.003154912238368633, 0.006527315151181016]], "chi2_level": 0.99, "chi2_df": 3, "chi2_threshold": 11.344866730144373, "N_raw": 15, "N_roi": 13, "N_inlier": 12, "refit": true}
{"timestamp": "15:44:51.853059", "frame": 154, "mu": [1.7707630752462515, 4.438335231447441, 0.7609089361966713], "Sigma": [[0.01522823611684173, -0.005093442303800115, -0.026163040745158128], [-0.005093442303800115, 0.0033055369065893045, 0.00730072265761916], [-0.026163040745158128, 0.00730072265761916, 0.056413186711128264]], "chi2_level": 0.99, "chi2_df": 3, "chi2_threshold": 11.344866730144373, "N_raw": 18, "N_roi": 17, "N_inlier": 17, "refit": true}
{"timestamp": "15:44:51.963129", "frame": 156, "mu": [1.598142293979262, 4.574967241065301, 1.4212822362648654], "Sigma": [[0.012665848099474328, -0.0017717558879166016, -0.019292222843088895], [-0.0017717558879166014, 0.00226783079813001, 0.0008947158427887661], [-0.0192922228430889, 0.0008947158427887662, 0.05199283037048316]], "chi2_level": 0.99, "chi2_df": 3, "chi2_threshold": 11.344866730144373, "N_raw": 17, "N_roi": 13, "N_inlier": 12, "refit": true}
{"timestamp": "15:44:52.347188", "frame": 163, "mu": [1.5465554450996695, 4.827184915823037, 0.6580881121101014], "Sigma": [[0.00978806732553225, -0.0009773337302426354, -0.008115919690383727], [-0.0009773337302426354, 0.002331424389315696, -0.0007969286618755532], [-0.008115919690383727, -0.0007969286618755531, 0.009732996183277203]], "chi2_level": 0.99, "chi2_df": 3, "chi2_threshold": 11.344866730144373, "N_raw": 11, "N_roi": 11, "N_inlier": 10, "refit": true}
