{"timestamp": "15:11:45.952596", "frame": 15, "mu": [-2.453123116947061, 3.630437206780501, 0.9432621218611154], "Sigma": [[0.001901610118710825, 0.0011840340296844678, -0.0030368670221320453], [0.0011840340296844678, 0.003414330369799715, -0.008690334582424492], [-0.003036867022132045, -0.008690334582424492, 0.02669649641940712]], "chi2_level": 0.99, "chi2_df": 3, "chi2_threshold": 11.344866730144373, "N_raw": 57, "N_roi": 12, "N_inlier": 12, "refit": true}
{"timestamp": "15:11:46.060917", "frame": 17, "mu": [-2.399431563881105, 3.484354557881205, 0.7078862267010443], "Sigma": [[0.006519271703783964, 0.0033895124009312, -0.005145292258770686], [0.0033895124009312, 0.010953545419411124, 0.0007843771182278591], [-0.005145292258770686, 0.0007843771182278597, 0.007290438619885661]], "chi2_level": 0.99, "chi2_df": 3, "chi2_threshold": 11.344866730144373, "N_raw": 48, "N_roi": 21, "N_inlier": 20, "refit": true}
{"timestamp": "15:11:46.169588", "frame": 19, "mu": [-2.3755947283911394, 3.447809429732268, 0.8348859887578844], "Sigma": [[0.007359632349345459, 0.004404464758355293, -0.004419922552458624], [0.004404464758355293, 0.007648839761309337, -0.0061074660291567644], [-0.004419922552458624, -0.0061074660291567644, 0.006371814360671549]], "chi2_level": 0.99, "chi2_df": 3, "chi2_threshold": 11.344866730144373, "N_raw": 40, "N_roi": 26, "N_inlier": 25, "refit": true}
{"timestamp": "15:11:46.231661", "frame": 20, "mu": [-2.339109368708483, 3.327049258212248, 0.9475031598975291], "Sigma": [[0.009398140962856046, 0.005304138072594526, -0.004057862198768297], [0.005304138072594527, 0.012656036495795563, -0.015302702111844412], [-0.004057862198768297, -0.015302702111844412, 0.024805427183893905]], "chi2_level": 0.99, "chi2_df": 3, "chi2_threshold": 11.344866730144373, "N_raw": 76, "N_roi": 49, "N_inlier": 49, "refit": true}
{"timestamp": "15:11:46.284296", "frame": 21, "mu": [-2.346454982702796, 3.276301768791306, 0.9393189859381346], "Sigma": [[0.008197533157149144, 0.0037174598373017425, -0.0033117789761534576], [0.0037174598373017425, 0.008565850621735125, -0.008207448793498825], [-0.0033117789761534567, -0.008207448793498825, 0.010537325041419915]], "chi2_level": 0.99, "chi2_df": 3, "chi2_threshold": 11.344866730144373, "N_raw": 55, "N_roi": 40, "N_inlier": 38, "refit": true}
{"timestamp": "15:11:46.335305", "frame": 22, "mu": [-2.3520180786488964, 3.2969429528028185, 0.9598102461341016], "Sigma": [[0.008976196109082506, 0.006888812013926271, -0.006222476171772287], [0.006888812013926271, 0.019535051672261015, -0.006877711766464972], [-0.006222476171772286, -0.006877711766464972, 0.010423024118161562]], "chi2_level": 0.99, "chi2_df": 3, "chi2_threshold": 11.344866730144373, "N_raw": 31, "N_roi": 25, "N_inlier": 24, "refit": true}
{"timestamp": "15:11:46.393187", "frame": 23, "mu": [-2.313209880958091, 3.1138952636826485, 1.1156513732429751], "Sigma": [[0.010815127352380794, 0.006072347416606297, -0.0038469904435621104], [0.006072347416606297, 0.008716837535951429, -0.0057375674246232], [-0.0038469904435621104, -0.0057375674246232, 0.00526822889662894]], "chi2_level": 0.99, "chi2_df": 3, "chi2_threshold": 11.344866730144373, "N_raw": 50, "N_roi": 33, "N_inlier": 30, "refit": true}
{"timestamp": "15:11:46.450597", "frame": 24, "mu": [-2.2751817767471474, 3.056713096451345, 1.180590184459395], "Sigma": [[0.015249880529301894, 0.007615388535189736, -0.0049498334101585415], [0.007615388535189736, 0.008084282175159194, -0.008393717996419473], [-0.0049498334101585415, -0.008393717996419473, 0.01221448927225706]], "chi2_level": 0.99, "chi2_df": 3, "chi2_threshold": 11.344866730144373, "N_raw": 63, "N_roi": 42, "N_inlier": 41, "refit": true}
{"timestamp": "15:11:46.503573", "frame": 25, "mu": [-2.1275226334570543, 3.2822732187590713, -0.12079144650074464], "Sigma": [[0.018139570679529916, 0.018036164455263726, -0.020897147641313417], [0.018036164455263726, 0.035094066403204296, -0.04798174187926996], [-0.020897147641313417, -0.04798174187926995, 0.07383780936942617]], "chi2_level": 0.99, "chi2_df": 3, "chi2_threshold": 11.344866730144373, "N_raw": 46, "N_roi": 44, "N_inlier": 44, "refit": true}
{"timestamp": "15:11:46.555997", "frame": 26, "mu": [-2.006929086495071, 3.2646493050370706, 0.7409532056052435], "Sigma": [[0.01603381596110933, 0.005630933952376753, -0.01887566157942323], [0.005630933952376753, 0.008293233522109724, -0.00976375301148014], [-0.01887566157942323, -0.00976375301148014, 0.02584449116560414]], "chi2_level": 0.99, "chi2_df": 3, "chi2_threshold": 11.344866730144373, "N_raw": 31, "N_roi": 31, "N_inlier": 28, "refit": true}
{"timestamp": "15:11:46.612959", "frame": 27, "mu": [-1.9529448104087652, 3.117394939445735, 0.6219759153638075], "Sigma": [[0.030467406641985495, 0.02107804333087057, -0.02963627379220892], [0.02107804333087057, 0.022138937971657596, -0.020689094342016812], [-0.02963627379220892, -0.020689094342016812, 0.035077260027707696]], "chi2_level": 0.99, "chi2_df": 3, "chi2_threshold": 11.344866730144373, "N_raw": 45, "N_roi": 45, "N_inlier": 44, "refit": true}
{"timestamp": "15:11:46.667451", "frame": 28, "mu": [-1.9861245034930934, 3.066054357036879, 1.0501901906779014], "Sigma": [[0.009958505909245203, 0.005044329827380614, -0.014724631097553988], [0.005044329827380614, 0.005743014112902601, -0.015826339846520692], [-0.014724631097553988, -0.015826339846520692, 0.05363485236312123]], "chi2_level": 0.99, "chi2_df": 3, "chi2_threshold": 11.344866730144373, "N_raw": 38, "N_roi": 38, "N_inlier": 38, "refit": true}
{"timestamp": "15:11:46.722055", "frame": 29, "mu": [-2.0072263022451877, 2.925194749587666, 1.0934380572654256], "Sigma": [[0.01551060913688984, 0.009746564381386515, -0.0071714614539333255], [0.009746564381386515, 0.010156912109192713, -0.006712743159449331], [-0.007171461453933327, -0.006712743159449331, 0.01100535990050792]], "chi2_level": 0.99, "chi2_df": 3, "chi2_threshold": 11.344866730144373, "N_raw": 41, "N_roi": 39, "N_inlier": 37, "refit": true}
{"timestamp": "15:11:46.779760", "frame": 30, "mu": [-1.76796852695528, 3.2790812619615832, -0.3905619416875158], "Sigma": [[0.022526259233523277, 0.015601746885883698, -0.027534020786076925], [0.0156017468858837, 0.03043633115202264, -0.035703053451779265], [-0.027534020786076925, -0.035703053451779265, 0.05462290377932266]], "chi2_level": 0.99, "chi2_df": 3, "chi2_threshold": 11.344866730144373, "N_raw": 65, "N_roi": 64, "N_inlier": 64, "refit": true}
{"timestamp": "15:11:46.833425", "frame": 31, "mu": [-1.8165777997183243, 2.9572406717108777, 0.9650782028594375], "Sigma": [[0.03286310277733712, 0.023703681395940143, -0.05142272219479935], [0.023703681395940143, 0.024811537165583014, -0.04768480220597642], [-0.05142272219479935, -0.04768480220597643, 0.10327849498998244]], "chi2_level": 0.99, "chi2_df": 3, "chi2_threshold": 11.344866730144373, "N_raw": 50, "N_roi": 46, "N_inlier": 46, "refit": true}
{"timestamp": "15:11:46.886594", "frame": 32, "mu": [-1.8352277652283098, 2.8752470119084474, 1.113105399275327], "Sigma": [[0.022076646711066072, 0.014333121929767136, -0.027553929818122956], [0.014333121929767132, 0.014739949231875491, -0.027440865384747753], [-0.027553929818122956, -0.027440865384747753, 0.053445405414648366]], "chi2_level": 0.99, "chi2_df": 3, "chi2_threshold": 11.344866730144373, "N_raw": 39, "N_roi": 39, "N_inlier": 37, "refit": true}
{"timestamp": "15:11:46.941758", "frame": 33, "mu": [-1.7083358730654252, 2.914890765223313, 0.9639362095519153], "Sigma": [[0.02676528481130676, 0.022885431731953183, -0.03208650232292533], [0.02288543173195318, 0.02488754430567809, -0.03287761207070851], [-0.03208650232292533, -0.032877612070708516, 0.045627781221905764]], "chi2_level": 0.99, "chi2_df": 3, "chi2_threshold": 11.344866730144373, "N_raw": 43, "N_roi": 43, "N_inlier": 40, "refit": true}
{"timestamp": "15:11:46.996203", "frame": 34, "mu": [-1.6488249717707584, 2.8120888888196784, 0.7485562485624879], "Sigma": [[0.009269304685703235, 0.002589050591956698, -0.012936004721745865], [0.0025890505919566975, 0.004296498952616985, -0.005714078335395584], [-0.012936004721745865, -0.005714078335395584, 0.0317048810150979]], "chi2_level": 0.99, "chi2_df": 3, "chi2_threshold": 11.344866730144373, "N_raw": 29, "N_roi": 26, "N_inlier": 24, "refit": true}
{"timestamp": "15:11:47.055809", "frame": 35, "mu": [-1.6473526955622646, 2.7937860069963367, 0.9642242369379126], "Sigma": [[0.014617400428606249, 0.007465174748938566, -0.016377417268758097], [0.007465174748938566, 0.012504556525547394, -0.01703513467847502], [-0.016377417268758097, -0.01703513467847502, 0.03144202126013247]], "chi2_level": 0.99, "chi2_df": 3, "chi2_threshold": 11.344866730144373, "N_raw": 54, "N_roi": 54, "N_inlier": 54, "refit": true}
{"timestamp": "15:11:47.115149", "frame": 36, "mu": [-1.5670993554362298, 2.777478637319997, 0.9229173139390002], "Sigma": [[0.028858316819210812, 0.009230334623703141, -0.03511796169396619], [0.009230334623703141, 0.008782707103582426, -0.018187892421557234], [-0.03511796169396619, -0.018187892421557234, 0.06687295327761122]], "chi2_level": 0.99, "chi2_df": 3, "chi2_threshold": 11.344866730144373, "N_raw": 98, "N_roi": 95, "N_inlier": 95, "refit": true}
{"timestamp": "15:11:47.166200", "frame": 37, "mu": [-1.4156557104519312, 2.870024962605122, 0.8921711392854882], "Sigma": [[0.018491526139506637, 0.010791864368946816, -0.012602199534236152], [0.010791864368946816, 0.01142945417653079, -0.010574235884557494], [-0.012602199534236153, -0.010574235884557494, 0.013164075303644468]], "chi2_level": 0.99, "chi2_df": 3, "chi2_threshold": 11.344866730144373, "N_raw": 64, "N_roi": 64, "N_inlier": 62, "refit": true}
{"timestamp": "15:11:47.217770", "frame": 38, "mu": [-1.4595354918871892, 2.757254832184991, 0.9260084876784991], "Sigma": [[0.012127251550995307, 0.0037027085722328205, -0.007300825561103426], [0.003702708572232821, 0.005906092951258207, -0.003442852929066149], [-0.007300825561103426, -0.003442852929066149, 0.006653573600181691]], "chi2_level": 0.99, "chi2_df": 3, "chi2_threshold": 11.344866730144373, "N_raw": 44, "N_roi": 41, "N_inlier": 39, "refit": true}
{"timestamp": "15:11:47.276646", "frame": 39, "mu": [-1.350903605758987, 2.698263775218809, 1.013409891503566], "Sigma": [[0.017151810380233515, 0.008273285827033109, -0.02367970819495199], [0.008273285827033109, 0.0077383419967505945, -0.019291049137018148], [-0.023679708194951986, -0.019291049137018148, 0.06718862267856238]], "chi2_level": 0.99, "chi2_df": 3, "chi2_threshold": 11.344866730144373, "N_raw": 77, "N_roi": 77, "N_inlier": 74, "refit": true}
{"timestamp": "15:11:47.335767", "frame": 40, "mu": [-1.2470846521803292, 2.6793012163672434, 0.9146921222925753], "Sigma": [[0.01715696492943349, 0.008610087615394942, -0.02050398747637644], [0.008610087615394942, 0.01333153509424803, -0.018981824621058112], [-0.020503987476376436, -0.018981824621058112, 0.06106551118352331]], "chi2_level": 0.99, "chi2_df": 3, "chi2_threshold": 11.344866730144373, "N_raw": 95, "N_roi": 95, "N_inlier": 95, "refit": true}
{"timestamp": "15:11:47.387331", "frame": 41, "mu": [-1.216683621107857, 2.6335422733686453, 0.9632318893791191], "Sigma": [[0.011076123558305083, 0.006509798698985976, -0.013148168150126788], [0.006509798698985976, 0.011415902436294452, -0.018313633805707955], [-0.013148168150126788, -0.01831363380570795, 0.04336646712342215]], "chi2_level": 0.99, "chi2_df": 3, "chi2_threshold": 11.344866730144373, "N_raw": 75, "N_roi": 74, "N_inlier": 74, "refit": true}
{"timestamp": "15:11:47.445003", "frame": 42, "mu": [-1.235831433792224, 2.4899179427021965, 1.115461986384421], "Sigma": [[0.013252170964868524, 0.004304871704679654, 0.0003361558236383579], [0.004304871704679654, 0.005109635836895327, -0.00427838802361618], [0.0003361558236383577, -0.0042783880236161795, 0.06712485954736735]], "chi2_level": 0.99, "chi2_df": 3, "chi2_threshold": 11.344866730144373, "N_raw": 71, "N_roi": 68, "N_inlier": 66, "refit": true}
{"timestamp": "15:11:47.497816", "frame": 43, "mu": [-1.1400887927917496, 2.4718777019337113, 0.9117455626071401], "Sigma": [[0.011625852204596174, 0.003025986683866907, 0.0004276081577761294], [0.003025986683866907, 0.004981973413485726, -0.0075589647683385755], [0.0004276081577761296, -0.0075589647683385755, 0.03476616344846657]], "chi2_level": 0.99, "chi2_df": 3, "chi2_threshold": 11.344866730144373, "N_raw": 81, "N_roi": 78, "N_inlier": 78, "refit": true}
{"timestamp": "15:11:47.553176", "frame": 44, "mu": [-1.0280737794621402, 2.478164125323361, 0.9940816574748801], "Sigma": [[0.012743549444511242, 0.00323874037316445, -0.021267767730217157], [0.0032387403731644502, 0.0031761227193423574, -0.009495789980973526], [-0.021267767730217157, -0.009495789980973526, 0.07776211171944526]], "chi2_level": 0.99, "chi2_df": 3, "chi2_threshold": 11.344866730144373, "N_raw": 82, "N_roi": 79, "N_inlier": 76, "refit": true}
{"timestamp": "15:11:47.607599", "frame": 45, "mu": [-1.0498453853801852, 2.394895896771556, 0.9127237112827067], "Sigma": [[0.019823905775448146, 0.0030366132795643097, -0.027783731448597197], [0.0030366132795643093, 0.0016400610857195555, -0.007808793365814569], [-0.027783731448597197, -0.0078087933658145675, 0.08523762609723355]], "chi2_level": 0.99, "chi2_df": 3, "chi2_threshold": 11.344866730144373, "N_raw": 67, "N_roi": 65, "N_inlier": 61, "refit": true}
{"timestamp": "15:11:47.661814", "frame": 46, "mu": [-1.0001148558001693, 2.3198287505988957, 0.7596460234598995], "Sigma": [[0.03070018897950647, 0.008723402836929166, -0.0446009808902274], [0.008723402836929166, 0.008853511663989844, -0.010606291989969787], [-0.044600980890227404, -0.010606291989969789, 0.08671274372596374]], "chi2_level": 0.99, "chi2_df": 3, "chi2_threshold": 11.344866730144373, "N_raw": 72, "N_roi": 67, "N_inlier": 64, "refit": true}
{"timestamp": "15:11:47.723044", "frame": 47, "mu": [-0.9087119716753618, 2.3381006700272025, -0.29359298624732943], "Sigma": [[0.01890672601061453, 0.0030373211249759436, 0.06869043059892926], [0.0030373211249759436, 0.0033071856370917377, 0.019307506778917582], [0.06869043059892926, 0.019307506778917582, 0.5865166097826672]], "chi2_level": 0.99, "chi2_df": 3, "chi2_threshold": 11.344866730144373, "N_raw": 116, "N_roi": 116, "N_inlier": 115, "refit": true}
{"timestamp": "15:11:47.779131", "frame": 48, "mu": [-0.8586609868388823, 2.488459607187109, -0.6153525911515434], "Sigma": [[0.015312266162890813, 0.013648181100510453, 0.0045911956212389676], [0.013648181100510453, 0.03144577149868449, -0.0007849384478732747], [0.004591195621238966, -0.0007849384478732757, 0.06373863833549612]], "chi2_level": 0.99, "chi2_df": 3, "chi2_threshold": 11.344866730144373, "N_raw": 125, "N_roi": 125, "N_inlier": 121, "refit": true}
{"timestamp": "15:11:47.828722", "frame": 49, "mu": [-0.8527502073478708, 2.243964932659246, 1.0530271672876927], "Sigma": [[0.010562807667468923, 0.0021892539203504716, 0.012714387342867613], [0.002189253920350472, 0.008695720234602088, -0.003544497748062758], [0.012714387342867613, -0.0035444977480627565, 0.10947544958289192]], "chi2_level": 0.99, "chi2_df": 3, "chi2_threshold": 11.344866730144373, "N_raw": 76, "N_roi": 76, "N_inlier": 72, "refit": true}
{"timestamp": "15:11:47.884063", "frame": 50, "mu": [-0.7897914555337922, 2.2055411555259727, 0.8782662381495061], "Sigma": [[0.016698714196327975, 0.007380314332484638, -0.017376409271269908], [0.007380314332484638, 0.0119414299830426, -0.008487076668466636], [-0.017376409271269908, -0.008487076668466636, 0.03255799165426319]], "chi2_level": 0.99, "chi2_df": 3, "chi2_threshold": 11.344866730144373, "N_raw": 84, "N_roi": 84, "N_inlier": 80, "refit": true}
{"timestamp": "15:11:47.935836", "frame": 51, "mu": [-0.7306619627406188, 2.1700944034125063, 1.148133340270183], "Sigma": [[0.01370776522375444, 0.0043231604243772065, -0.00048458056899631586], [0.004323160424377208, 0.0032712583610980065, -0.006026705700054217], [-0.0004845805689963167, -0.006026705700054218, 0.02876520125353019]], "chi2_level": 0.99, "chi2_df": 3, "chi2_threshold": 11.344866730144373, "N_raw": 70, "N_roi": 69, "N_inlier": 66, "refit": true}
{"timestamp": "15:11:47.995398", "frame": 52, "mu": [-0.6263840935573809, 2.1413907244814983, 0.9992643775773481], "Sigma": [[0.011354081417738483, 0.004730089739676953, -0.005657918801744707], [0.004730089739676953, 0.005637746448404907, -0.006220134765098675], [-0.005657918801744705, -0.006220134765098675, 0.06889758254916059]], "chi2_level": 0.99, "chi2_df": 3, "chi2_threshold": 11.344866730144373, "N_raw": 99, "N_roi": 99, "N_inlier": 99, "refit": true}
{"timestamp": "15:11:48.048667", "frame": 53, "mu": [-0.5942210415948428, 2.312364682830329, -0.47622891969119985], "Sigma": [[0.010574746622320727, 0.006832664046968159, -0.00899179243729853], [0.00683266404696816, 0.013154789911884878, -0.0102594733704365], [-0.00899179243729853, -0.0102594733704365, 0.025490807793719854]], "chi2_level": 0.99, "chi2_df": 3, "chi2_threshold": 11.344866730144373, "N_raw": 75, "N_roi": 71, "N_inlier": 67, "refit": true}
{"timestamp": "15:11:48.107179", "frame": 54, "mu": [-0.5588536089362766, 2.06809902484654, 1.0820904247571337], "Sigma": [[0.012050540324958477, 0.004885706396792505, -0.001716712203469523], [0.004885706396792505, 0.00433889604052471, -0.009518081603406874], [-0.0017167122034695225, -0.009518081603406874, 0.04545267324067262]], "chi2_level": 0.99, "chi2_df": 3, "chi2_threshold": 11.344866730144373, "N_raw": 110, "N_roi": 109, "N_inlier": 106, "refit": true}
{"timestamp": "15:11:48.164805", "frame": 55, "mu": [-0.48838176602642835, 2.1997725954808285, -0.6906478302630431], "Sigma": [[0.012202615421499724, 0.01114181110512423, 0.004179536490224851], [0.011141811105124232, 0.02670665594500945, -0.018075876286719965], [0.004179536490224851, -0.018075876286719965, 0.31449974803359687]], "chi2_level": 0.99, "chi2_df": 3, "chi2_threshold": 11.344866730144373, "N_raw": 121, "N_roi": 119, "N_inlier": 118, "refit": true}
{"timestamp": "15:11:48.224354", "frame": 56, "mu": [-0.438813616945283, 2.068148549359292, 0.19143588458165145], "Sigma": [[0.013235960405371344, -0.004483259900482035, 0.052181066934374826], [-0.004483259900482034, 0.03399491578829726, 0.013316893173058973], [0.052181066934374826, 0.013316893173058973, 0.4660942569065512]], "chi2_level": 0.99, "chi2_df": 3, "chi2_threshold": 11.344866730144373, "N_raw": 150, "N_roi": 148, "N_inlier": 148, "refit": true}
{"timestamp": "15:11:48.281140", "frame": 57, "mu": [-0.38464654478826005, 2.069530378548474, -0.8344888198033389], "Sigma": [[0.015686500713743008, 0.014529607923672519, 0.0709749752303287], [0.014529607923672519, 0.03179736374162889, 0.04478065924354016], [0.0709749752303287, 0.04478065924354017, 0.5168285924731724]], "chi2_level": 0.99, "chi2_df": 3, "chi2_threshold": 11.344866730144373, "N_raw": 150, "N_roi": 144, "N_inlier": 142, "refit": true}
{"timestamp": "15:11:48.333248", "frame": 58, "mu": [-0.3263245099058831, 2.1707847067163355, -0.46770974122310804], "Sigma": [[0.023393035243587608, 0.015297947765510848, -0.01874978094359853], [0.015297947765510848, 0.019374176020143637, -0.018423347067080327], [-0.018749780943598526, -0.018423347067080327, 0.028981332313129368]], "chi2_level": 0.99, "chi2_df": 3, "chi2_threshold": 11.344866730144373, "N_raw": 143, "N_roi": 137, "N_inlier": 132, "refit": true}
{"timestamp": "15:11:48.389046", "frame": 59, "mu": [-0.2177303474352981, 1.9609303983442858, 1.0828375886139336], "Sigma": [[0.022493652847977025, 0.010298639186789985, -0.0182645514705586], [0.010298639186789985, 0.012761529203478105, -0.01964542838576447], [-0.0182645514705586, -0.01964542838576447, 0.0530451449045175]], "chi2_level": 0.99, "chi2_df": 3, "chi2_threshold": 11.344866730144373, "N_raw": 150, "N_roi": 150, "N_inlier": 145, "refit": true}
{"timestamp": "15:11:48.444770", "frame": 60, "mu": [-0.19985712456148053, 2.083411983173709, -0.5020145241343283], "Sigma": [[0.017048432752638457, 0.01311951691183514, 0.010324846090746536], [0.013119516911835142, 0.022204481280191292, -0.010111676110522683], [0.010324846090746536, -0.010111676110522683, 0.0665115588315]], "chi2_level": 0.99, "chi2_df": 3, "chi2_threshold": 11.344866730144373, "N_raw": 150, "N_roi": 149, "N_inlier": 143, "refit": true}
{"timestamp": "15:11:48.497758", "frame": 61, "mu": [-0.1586047544390831, 1.7870054815321432, 1.126931423857268], "Sigma": [[0.00976919457383074, 0.007035045147796566, 0.01124790273871601], [0.007035045147796567, 0.010281802649724213, 0.006464485365871912], [0.011247902738716013, 0.006464485365871912, 0.1046423273689327]], "chi2_level": 0.99, "chi2_df": 3, "chi2_threshold": 11.344866730144373, "N_raw": 134, "N_roi": 132, "N_inlier": 125, "refit": true}
{"timestamp": "15:11:48.547144", "frame": 62, "mu": [-0.11497580364810657, 1.853396188484602, 0.08558782894742153], "Sigma": [[0.008554964896185352, -0.004256398970545815, 0.06644444034021928], [-0.004256398970545815, 0.00807970859637004, -0.048654017239784554], [0.06644444034021928, -0.04865401723978455, 0.7440699743560114]], "chi2_level": 0.99, "chi2_df": 3, "chi2_threshold": 11.344866730144373, "N_raw": 99, "N_roi": 98, "N_inlier": 94, "refit": true}
{"timestamp": "15:11:48.600190", "frame": 63, "mu": [-0.08796816393351042, 1.7408570173394031, -0.8221240853279044], "Sigma": [[0.010070807867450791, 0.009176066972525071, 0.04989642931104998], [0.009176066972525071, 0.028968740005696034, 0.022183034825710424], [0.04989642931104998, 0.02218303482571042, 0.40787556832802996]], "chi2_level": 0.99, "chi2_df": 3, "chi2_threshold": 11.344866730144373, "N_raw": 85, "N_roi": 84, "N_inlier": 82, "refit": true}
{"timestamp": "15:11:48.658166", "frame": 64, "mu": [-0.03082697084382207, 1.690255514310029, 1.3707022560600641], "Sigma": [[0.00683662763719512, -0.0007120022055304428, 0.001542919355390879], [-0.0007120022055304428, 0.0031836586477492043, -0.008091398917277583], [0.0015429193553908793, -0.008091398917277583, 0.0327220137239623]], "chi2_level": 0.99, "chi2_df": 3, "chi2_threshold": 11.344866730144373, "N_raw": 107, "N_roi": 107, "N_inlier": 102, "refit": true}
{"timestamp": "15:11:48.716036", "frame": 65, "mu": [0.0013005366132687669, 1.6725576643774784, 0.864865384377553], "Sigma": [[0.013440253949027968, 0.004696323804038368, 0.04438974835533976], [0.004696323804038368, 0.005069667245134438, 0.025954772028997337], [0.04438974835533976, 0.025954772028997337, 0.3847639384899774]], "chi2_level": 0.99, "chi2_df": 3, "chi2_threshold": 11.344866730144373, "N_raw": 128, "N_roi": 122, "N_inlier": 122, "refit": true}
{"timestamp": "15:11:48.768491", "frame": 66, "mu": [0.08935676883036901, 1.753088124884042, -0.3949562633573558], "Sigma": [[0.005956229540647627, 0.00021978217870857042, 0.0023965326536462142], [0.0002197821787085703, 0.004654179738768538, -0.01368061652167812], [0.0023965326536462134, -0.01368061652167812, 0.08108742698968768]], "chi2_level": 0.99, "chi2_df": 3, "chi2_threshold": 11.344866730144373, "N_raw": 106, "N_roi": 104, "N_inlier": 100, "refit": true}
{"timestamp": "15:11:48.822869", "frame": 67, "mu": [0.10538857417600125, 1.5986845949930535, 1.3834663382058277], "Sigma": [[0.005805753304419815, -0.0023308301320901915, -0.00031605482366696636], [-0.0023308301320901915, 0.007242752503706182, -0.00873009442273837], [-0.0003160548236669663, -0.00873009442273837, 0.017581787446994967]], "chi2_level": 0.99, "chi2_df": 3, "chi2_threshold": 11.344866730144373, "N_raw": 107, "N_roi": 106, "N_inlier": 100, "refit": true}
{"timestamp": "15:11:48.876159", "frame": 68, "mu": [0.14661436995782626, 1.5491088345084685, 1.4184727428892363], "Sigma": [[0.010874015560534923, -0.005081206413026318, 0.008834873622551486], [-0.005081206413026318, 0.006027065129462983, -0.009908850787323223], [0.008834873622551486, -0.009908850787323223, 0.022059630331869452]], "chi2_level": 0.99, "chi2_df": 3, "chi2_threshold": 11.344866730144373, "N_raw": 95, "N_roi": 77, "N_inlier": 71, "refit": true}
{"timestamp": "15:11:48.930314", "frame": 69, "mu": [0.2265819953334329, 1.6102051260682284, 0.12480011119702458], "Sigma": [[0.01388977679996494, -0.0171499935752209, 0.08784453656420785], [-0.0171499935752209, 0.03422155700328448, -0.12794294943686618], [0.08784453656420785, -0.12794294943686618, 0.8152041721123163]], "chi2_level": 0.99, "chi2_df": 3, "chi2_threshold": 11.344866730144373, "N_raw": 93, "N_roi": 92, "N_inlier": 90, "refit": true}
{"timestamp": "15:11:48.988274", "frame": 70, "mu": [0.20606536226207975, 1.4700025474136655, 1.17538592828011], "Sigma": [[0.015655440723154935, -0.0032078839641804164, 0.059461759781464917], [-0.003207883964180416, 0.005861596972043572, -0.012392016588993303], [0.0594617597814649, -0.012392016588993303, 0.32732248947594195]], "chi2_level": 0.99, "chi2_df": 3, "chi2_threshold": 11.344866730144373, "N_raw": 109, "N_roi": 106, "N_inlier": 102, "refit": true}
{"timestamp": "15:11:49.038603", "frame": 71, "mu": [0.23532419554716957, 1.4599454374964789, 1.3264866746479358], "Sigma": [[0.010882998988468742, -0.002800759693470204, 0.004511305925828919], [-0.002800759693470204, 0.006159499651053094, -0.00603279458350668], [0.00451130592582892, -0.006032794583506681, 0.03957943150336538]], "chi2_level": 0.99, "chi2_df": 3, "chi2_threshold": 11.344866730144373, "N_raw": 77, "N_roi": 77, "N_inlier": 72, "refit": true}
{"timestamp": "15:11:49.095748", "frame": 72, "mu": [0.3426189811990366, 1.482971934633577, -0.32625670781708954], "Sigma": [[0.006366295400210793, -0.005132148353350805, -0.005768894580790357], [-0.005132148353350805, 0.01293362454989942, 0.0028649920739134186], [-0.005768894580790357, 0.002864992073913418, 0.024730097858216414]], "chi2_level": 0.99, "chi2_df": 3, "chi2_threshold": 11.344866730144373, "N_raw": 96, "N_roi": 96, "N_inlier": 92, "refit": true}
{"timestamp": "15:11:49.146571", "frame": 73, "mu": [0.41081365840789835, 1.4397372635628825, -0.22954574836914127], "Sigma": [[0.004485698180908714, -0.0006336565634671271, 0.0014165176709259927], [-0.0006336565634671271, 0.010115762713605978, -0.010771114534200116], [0.0014165176709259927, -0.010771114534200116, 0.013032404771663677]], "chi2_level": 0.99, "chi2_df": 3, "chi2_threshold": 11.344866730144373, "N_raw": 67, "N_roi": 67, "N_inlier": 61, "refit": true}
{"timestamp": "15:11:49.197936", "frame": 74, "mu": [0.37158029983511115, 1.455255403803175, -0.3358322704335713], "Sigma": [[0.003782823133147967, 0.000745016223658039, -0.0005777663252590512], [0.0007450162236580386, 0.003572241178590935, -0.0015171736730447602], [-0.0005777663252590512, -0.00151717367304476, 0.0011518342951958914]], "chi2_level": 0.99, "chi2_df": 3, "chi2_threshold": 11.344866730144373, "N_raw": 40, "N_roi": 40, "N_inlier": 36, "refit": true}
{"timestamp": "15:11:49.254123", "frame": 75, "mu": [0.563182107086031, 1.2608182922164766, -0.48518671152298143], "Sigma": [[0.006841550691319789, 0.0015628614257574827, 0.01317194467759801], [0.0015628614257574827, 0.002432337889471006, 0.0008813021737648519], [0.01317194467759801, 0.0008813021737648522, 0.053866654000896894]], "chi2_level": 0.99, "chi2_df": 3, "chi2_threshold": 11.344866730144373, "N_raw": 56, "N_roi": 56, "N_inlier": 55, "refit": true}
{"timestamp": "15:11:49.310438", "frame": 76, "mu": [0.6492536051762956, 1.1716656856370773, -0.6995179534941546], "Sigma": [[0.0030948538137066917, 0.000730599490893744, 0.005733706823915143], [0.000730599490893744, 0.003771323825518911, 0.02129280445967861], [0.005733706823915142, 0.021292804459678606, 0.22313916218186458]], "chi2_level": 0.99, "chi2_df": 3, "chi2_threshold": 11.344866730144373, "N_raw": 57, "N_roi": 57, "N_inlier": 56, "refit": true}
{"timestamp": "15:11:49.366735", "frame": 77, "mu": [0.6621177554777079, 1.2743961993456754, -0.15639199210980298], "Sigma": [[0.0035517473260451024, 0.0003328053157677115, -0.0021743732694091992], [0.00033280531576771155, 0.010356328819951474, -0.011006448195876452], [-0.0021743732694091992, -0.011006448195876452, 0.015148108614086447]], "chi2_level": 0.99, "chi2_df": 3, "chi2_threshold": 11.344866730144373, "N_raw": 67, "N_roi": 67, "N_inlier": 63, "refit": true}
{"timestamp": "15:11:49.420812", "frame": 78, "mu": [0.6475030735809206, 1.2537130572159703, -0.2954716368538231], "Sigma": [[0.004816357386668916, 0.002357904041474816, 0.004518324387114391], [0.0023579040414748154, 0.00471398753155423, -0.002030705970133154], [0.004518324387114391, -0.0020307059701331546, 0.029006744741205136]], "chi2_level": 0.99, "chi2_df": 3, "chi2_threshold": 11.344866730144373, "N_raw": 71, "N_roi": 71, "N_inlier": 70, "refit": true}
{"timestamp": "15:11:49.472429", "frame": 79, "mu": [0.6546634530049625, 1.1826720326868503, -0.3378380982716579], "Sigma": [[0.0032791254761825226, 0.0024157831383698897, 0.008415265407092719], [0.0024157831383698897, 0.004498645393585371, -0.0028953835094812554], [0.008415265407092719, -0.002895383509481255, 0.19366102737225918]], "chi2_level": 0.99, "chi2_df": 3, "chi2_threshold": 11.344866730144373, "N_raw": 35, "N_roi": 34, "N_inlier": 32, "refit": true}
{"timestamp": "15:11:49.529014", "frame": 80, "mu": [0.7027262943025522, 1.217594792140088, -0.16536547497720053], "Sigma": [[0.0045307714533240435, 0.001308089699165633, 0.000591105202389707], [0.001308089699165633, 0.004638556014984031, 0.000497878339018867], [0.000591105202389707, 0.000497878339018867, 0.0006594859906811375]], "chi2_level": 0.99, "chi2_df": 3, "chi2_threshold": 11.344866730144373, "N_raw": 55, "N_roi": 55, "N_inlier": 51, "refit": true}
{"timestamp": "15:11:49.585210", "frame": 81, "mu": [0.7594755609192981, 1.0668848837911384, 1.4581790905533458], "Sigma": [[0.0063735067461903145, -0.0011150028944378046, -0.0044377787093220385], [-0.0011150028944378046, 0.0016287819548175312, -0.000975938712659774], [-0.0044377787093220385, -0.0009759387126597738, 0.007848222803381566]], "chi2_level": 0.99, "chi2_df": 3, "chi2_threshold": 11.344866730144373, "N_raw": 61, "N_roi": 61, "N_inlier": 55, "refit": true}
{"timestamp": "15:11:49.634858", "frame": 82, "mu": [0.7650472266043298, 1.1298027124444445, -0.22760119306418716], "Sigma": [[0.006318514966523109, 0.0013630459681932803, -0.019347873125819322], [0.0013630459681932803, 0.002502570755093767, -0.003869334118791561], [-0.019347873125819322, -0.003869334118791561, 0.09411875308494232]], "chi2_level": 0.99, "chi2_df": 3, "chi2_threshold": 11.344866730144373, "N_raw": 24, "N_roi": 24, "N_inlier": 22, "refit": true}
{"timestamp": "15:11:49.691557", "frame": 83, "mu": [0.8375941816554738, 0.9581962198622456, 1.3075667751126505], "Sigma": [[0.0027499937049676425, 0.001535018520248612, 0.00097743663530826], [0.0015350185202486124, 0.002474674297068697, -0.01059429044120846], [0.00097743663530826, -0.01059429044120846, 0.1632075492793238]], "chi2_level": 0.99, "chi2_df": 3, "chi2_threshold": 11.344866730144373, "N_raw": 37, "N_roi": 37, "N_inlier": 36, "refit": true}
{"timestamp": "15:11:49.797358", "frame": 85, "mu": [0.8665196933076339, 0.9767857167252363, 0.8717266434032807], "Sigma": [[0.005526872300152214, -0.003680473066221187, 0.022002430874313812], [-0.0036804730662211866, 0.024146610989392102, -0.08261493650173796], [0.02200243087431381, -0.08261493650173796, 0.3778389818527107]], "chi2_level": 0.99, "chi2_df": 3, "chi2_threshold": 11.344866730144373, "N_raw": 11, "N_roi": 11, "N_inlier": 10, "refit": true}
{"timestamp": "15:11:50.129127", "frame": 91, "mu": [1.220453316787812, 0.6534605226133061, 1.5128005113382235], "Sigma": [[0.005166580948420632, 0.0009222437343597855, 0.0022986605523816874], [0.0009222437343597857, 0.004406227774082064, 0.0005393911196555072], [0.0022986605523816874, 0.0005393911196555074, 0.0011185823336658087]], "chi2_level": 0.99, "chi2_df": 3, "chi2_threshold": 11.344866730144373, "N_raw": 28, "N_roi": 28, "N_inlier": 25, "refit": true}
{"timestamp": "15:11:50.183429", "frame": 92, "mu": [1.3219759982119967, 0.7666006556924919, -0.3322451621600015], "Sigma": [[0.002984658597766224, -0.004750275165519488, 0.006513483050736551], [-0.004750275165519488, 0.015325428807846164, -0.02680852229712396], [0.006513483050736553, -0.02680852229712396, 0.07484622141172576]], "chi2_level": 0.99, "chi2_df": 3, "chi2_threshold": 11.344866730144373, "N_raw": 22, "N_roi": 22, "N_inlier": 20, "refit": true}
{"timestamp": "15:11:50.240910", "frame": 93, "mu": [1.337781294498819, 0.7759427045588999, -0.32461783027876234], "Sigma": [[0.005114290349610925, -0.0024037028426667738, -0.0011958083306159205], [-0.0024037028426667738, 0.005981270494653822, 0.0008118990810634444], [-0.0011958083306159205, 0.0008118990810634442, 0.0008702997053162967]], "chi2_level": 0.99, "chi2_df": 3, "chi2_threshold": 11.344866730144373, "N_raw": 30, "N_roi": 30, "N_inlier": 29, "refit": true}
{"timestamp": "15:11:50.293571", "frame": 94, "mu": [1.4234635957555613, 0.5872877131053601, 1.5288836757588107], "Sigma": [[0.002130884287327983, -0.0017858713253006517, -0.0010291745538721661], [-0.0017858713253006517, 0.005223652912538494, -0.0005706757545378776], [-0.0010291745538721661, -0.0005706757545378776, 0.0012427267945230229]], "chi2_level": 0.99, "chi2_df": 3, "chi2_threshold": 11.344866730144373, "N_raw": 18, "N_roi": 18, "N_inlier": 16, "refit": true}
