{"timestamp": "15:34:27.328157", "frame": 29, "mu": [-0.9613164648524994, 0.3802628230566507, 1.3935841232703448], "Sigma": [[0.6327182290223071, -0.013061118498480533, 0.0049991483952433755], [-0.013061118498480531, 0.0066990179090935945, 0.0004244280472348766], [0.0049991483952433755, 0.0004244280472348765, 0.007774820993088512]], "chi2_level": 0.99, "chi2_df": 3, "chi2_threshold": 11.344866730144373, "N_raw": 50, "N_roi": 50, "N_inlier": 49, "refit": true}
{"timestamp": "15:34:27.381906", "frame": 30, "mu": [-0.8526555087203397, 0.36540114307605054, 1.3989145090405264], "Sigma": [[0.7829729276976681, -0.02516799905527903, 0.008506699936460083], [-0.025167999055279035, 0.004209420878655353, -0.001503712691268724], [0.008506699936460086, -0.001503712691268724, 0.005612200932268446]], "chi2_level": 0.99, "chi2_df": 3, "chi2_threshold": 11.344866730144373, "N_raw": 44, "N_roi": 44, "N_inlier": 42, "refit": true}
{"timestamp": "15:34:27.437466", "frame": 31, "mu": [-1.1677745051251391, 0.422991861068437, 1.4579223071711311], "Sigma": [[0.005346773451146509, 0.0020431705962831136, 0.0007860741242235129], [0.0020431705962831136, 0.00525091835288282, -0.002533717901685398], [0.0007860741242235129, -0.0025337179016853974, 0.002429100637373326]], "chi2_level": 0.99, "chi2_df": 3, "chi2_threshold": 11.344866730144373, "N_raw": 43, "N_roi": 43, "N_inlier": 40, "refit": true}
{"timestamp": "15:34:27.495800", "frame": 32, "mu": [-1.1707848691567182, 0.44573078885594075, 1.4710446526430625], "Sigma": [[0.0074553923868082945, 0.004437251741683483, 0.0037495054468368342], [0.004437251741683483, 0.006365931029506046, -0.0005084765907573613], [0.0037495054468368342, -0.0005084765907573613, 0.01007872038357906]], "chi2_level": 0.99, "chi2_df": 3, "chi2_threshold": 11.344866730144373, "N_raw": 65, "N_roi": 65, "N_inlier": 63, "refit": true}
{"timestamp": "15:34:27.548659", "frame": 33, "mu": [-1.1137505707996, 0.49126236089432007, 1.5535612323229033], "Sigma": [[0.005504110381858955, 0.001495384999224696, -0.0007844380929257834], [0.001495384999224696, 0.006471980248071251, -0.0031775774493503343], [-0.0007844380929257835, -0.0031775774493503343, 0.0017952827225857216]], "chi2_level": 0.99, "chi2_df": 3, "chi2_threshold": 11.344866730144373, "N_raw": 50, "N_roi": 50, "N_inlier": 48, "refit": true}
{"timestamp": "15:34:27.604802", "frame": 34, "mu": [-1.102396834405672, 0.5503367862066008, 1.4825062859705262], "Sigma": [[0.0054475066012293115, 0.0016704158600032914, 0.0018130874397888777], [0.0016704158600032914, 0.003973680532724038, -0.002452083828202915], [0.001813087439788878, -0.002452083828202915, 0.009800666421288174]], "chi2_level": 0.99, "chi2_df": 3, "chi2_threshold": 11.344866730144373, "N_raw": 62, "N_roi": 62, "N_inlier": 59, "refit": true}
{"timestamp": "15:34:27.664506", "frame": 35, "mu": [-1.0950085944152739, 0.6460527681398256, -0.4985802569265678], "Sigma": [[0.009221933584578965, 0.008940847076698469, 0.006124261295507208], [0.008940847076698469, 0.030837059507879502, 0.008551564478216325], [0.006124261295507209, 0.008551564478216325, 0.0069177640779110655]], "chi2_level": 0.99, "chi2_df": 3, "chi2_threshold": 11.344866730144373, "N_raw": 90, "N_roi": 90, "N_inlier": 87, "refit": true}
{"timestamp": "15:34:27.715104", "frame": 36, "mu": [-0.9894831167853823, 0.8093598821935432, -0.3019176153866345], "Sigma": [[0.006276075787498067, 0.004386068250847461, -0.005487453245211404], [0.004386068250847461, 0.009849903572836652, -0.004123764282001454], [-0.005487453245211404, -0.004123764282001454, 0.04635773205036831]], "chi2_level": 0.99, "chi2_df": 3, "chi2_threshold": 11.344866730144373, "N_raw": 58, "N_roi": 58, "N_inlier": 53, "refit": true}
{"timestamp": "15:34:27.770663", "frame": 37, "mu": [-1.0199330724547322, 0.7427661148334761, 1.6821739652434937], "Sigma": [[0.006262785740165201, 0.0017713765313688045, -0.003013636111210378], [0.0017713765313688043, 0.0076432875548000925, -0.0034800909900398703], [-0.003013636111210378, -0.0034800909900398708, 0.002767256610036015]], "chi2_level": 0.99, "chi2_df": 3, "chi2_threshold": 11.344866730144373, "N_raw": 45, "N_roi": 45, "N_inlier": 44, "refit": true}
{"timestamp": "15:34:27.823494", "frame": 38, "mu": [-0.8394910888359077, 0.9334783478204149, 1.6404451556265283], "Sigma": [[0.006549002606119351, 0.004643331072218671, -0.003940726464858856], [0.004643331072218671, 0.007252012006513253, -0.0055601213672642385], [-0.003940726464858856, -0.0055601213672642385, 0.004493325427514431]], "chi2_level": 0.99, "chi2_df": 3, "chi2_threshold": 11.344866730144373, "N_raw": 30, "N_roi": 30, "N_inlier": 29, "refit": true}
{"timestamp": "15:34:27.875798", "frame": 39, "mu": [-0.898776814502075, 0.9236074508789911, 1.5490531708746946], "Sigma": [[0.046063163890741804, 0.02203939405405183, -0.04841633556970236], [0.02203939405405183, 0.014115793930467154, -0.021275302727835205], [-0.04841633556970236, -0.021275302727835205, 0.11632338020559953]], "chi2_level": 0.99, "chi2_df": 3, "chi2_threshold": 11.344866730144373, "N_raw": 19, "N_roi": 19, "N_inlier": 19, "refit": true}
{"timestamp": "15:34:27.994090", "frame": 41, "mu": [-0.6083831768517265, 1.1750796957908707, 1.615958010657874], "Sigma": [[0.0035675223335557118, -0.0008409507090834227, -0.0008953748081325776], [-0.0008409507090834227, 0.005131810874690896, -0.004576901904426112], [-0.0008953748081325775, -0.004576901904426112, 0.007645530271311373]], "chi2_level": 0.99, "chi2_df": 3, "chi2_threshold": 11.344866730144373, "N_raw": 71, "N_roi": 71, "N_inlier": 69, "refit": true}
{"timestamp": "15:34:28.046966", "frame": 42, "mu": [-0.5507959806418692, 1.2138882355667338, 1.608322204972004], "Sigma": [[0.004078073801453592, 0.000255575480930788, -0.00043246024753677224], [0.000255575480930788, 0.002780649106543981, -0.0013498362660958724], [-0.0004324602475367723, -0.0013498362660958724, 0.0009476026869260366]], "chi2_level": 0.99, "chi2_df": 3, "chi2_threshold": 11.344866730144373, "N_raw": 51, "N_roi": 50, "N_inlier": 47, "refit": true}
{"timestamp": "15:34:28.100029", "frame": 43, "mu": [-0.4550701805549113, 1.2613447499981545, 1.5994426940586128], "Sigma": [[0.0020478339337280773, 0.00011985159145326878, 0.0002845926461908725], [0.00011985159145326881, 0.0038280367069130896, 0.001666846592163044], [0.00028459264619087226, 0.0016668465921630443, 0.01436755782799071]], "chi2_level": 0.99, "chi2_df": 3, "chi2_threshold": 11.344866730144373, "N_raw": 40, "N_roi": 40, "N_inlier": 37, "refit": true}
{"timestamp": "15:34:28.155831", "frame": 44, "mu": [-0.39797333431968285, 1.320064505211962, 1.240267041795086], "Sigma": [[0.002136974687894054, 0.0002622933914675456, -0.00455641607954496], [0.0002622933914675457, 0.012905796476383164, 0.03614608665573419], [-0.00455641607954496, 0.03614608665573419, 0.1579753464803489]], "chi2_level": 0.99, "chi2_df": 3, "chi2_threshold": 11.344866730144373, "N_raw": 49, "N_roi": 49, "N_inlier": 46, "refit": true}
{"timestamp": "15:34:28.210202", "frame": 45, "mu": [-0.31703065893161114, 1.4939361639096778, 1.1347232643707148], "Sigma": [[0.013226506620276487, 0.004101398720972899, -0.06698696987254095], [0.004101398720972899, 0.0039181863381522195, -0.02993321575935775], [-0.06698696987254095, -0.02993321575935775, 0.4590783354694788]], "chi2_level": 0.99, "chi2_df": 3, "chi2_threshold": 11.344866730144373, "N_raw": 48, "N_roi": 48, "N_inlier": 46, "refit": true}
{"timestamp": "15:34:28.273187", "frame": 46, "mu": [-0.3374143369395072, 1.5387385906120783, -0.023629068590285532], "Sigma": [[0.0175202088079287, -0.010964616395728332, 0.10400960303987597], [-0.010964616395728332, 0.01336001713332658, -0.08056469743624307], [0.10400960303987597, -0.08056469743624306, 0.8840722037481225]], "chi2_level": 0.99, "chi2_df": 3, "chi2_threshold": 11.344866730144373, "N_raw": 97, "N_roi": 97, "N_inlier": 97, "refit": true}
{"timestamp": "15:34:28.324957", "frame": 47, "mu": [-0.29418143748295156, 1.459612331776269, 1.1078522745604575], "Sigma": [[0.0230892071357171, 0.011948563307021447, 0.08847664581932971], [0.011948563307021449, 0.010530521203185608, 0.05908605551404622], [0.08847664581932971, 0.05908605551404622, 0.439476596273244]], "chi2_level": 0.99, "chi2_df": 3, "chi2_threshold": 11.344866730144373, "N_raw": 74, "N_roi": 70, "N_inlier": 67, "refit": true}
{"timestamp": "15:34:28.382595", "frame": 48, "mu": [-0.2104650174012682, 1.6398511290923945, -0.3998854231001451], "Sigma": [[0.018018268086116795, 0.0027058119848389515, 0.13244130394212372], [0.0027058119848389515, 0.016691903585845394, -0.0018688879328713059], [0.13244130394212372, -0.0018688879328713041, 1.2224730687800267]], "chi2_level": 0.99, "chi2_df": 3, "chi2_threshold": 11.344866730144373, "N_raw": 92, "N_roi": 87, "N_inlier": 85, "refit": true}
{"timestamp": "15:34:28.443071", "frame": 49, "mu": [-0.11674555643468874, 1.7939601091942432, 0.3054042329101341], "Sigma": [[0.012995313591403797, -0.01803405927902041, 0.11083224074632914], [-0.018034059279020406, 0.0409256939395129, -0.17522066345478052], [0.11083224074632912, -0.17522066345478052, 1.259000516240609]], "chi2_level": 0.99, "chi2_df": 3, "chi2_threshold": 11.344866730144373, "N_raw": 126, "N_roi": 123, "N_inlier": 123, "refit": true}
{"timestamp": "15:34:28.489243", "frame": 50, "mu": [-0.0186096835435368, 1.6596476230694552, 1.1359652311279438], "Sigma": [[0.006411437476953414, -0.0022433477159989274, 0.006688890950784544], [-0.0022433477159989274, 0.005084117833399391, 0.007850393297269009], [0.0066888909507845425, 0.007850393297269007, 0.11328835812168378]], "chi2_level": 0.99, "chi2_df": 3, "chi2_threshold": 11.344866730144373, "N_raw": 63, "N_roi": 59, "N_inlier": 56, "refit": true}
{"timestamp": "15:34:28.544417", "frame": 51, "mu": [0.06856750357119094, 1.7667721112967854, 1.56828175322892], "Sigma": [[0.0044900615991161, 0.0009170410887529589, 0.0024239319210349183], [0.0009170410887529589, 0.00989811890529947, 0.003662867190187167], [0.0024239319210349183, 0.003662867190187167, 0.002858703616379706]], "chi2_level": 0.99, "chi2_df": 3, "chi2_threshold": 11.344866730144373, "N_raw": 71, "N_roi": 69, "N_inlier": 64, "refit": true}
{"timestamp": "15:34:28.602857", "frame": 52, "mu": [0.0948432038547506, 1.787679626819733, 1.1868417755122371], "Sigma": [[0.009558823540592707, 0.0047802371639020435, 0.04249645282501052], [0.004780237163902044, 0.014709746756117865, 0.05948016632713801], [0.04249645282501052, 0.05948016632713801, 0.47259453556823533]], "chi2_level": 0.99, "chi2_df": 3, "chi2_threshold": 11.344866730144373, "N_raw": 93, "N_roi": 89, "N_inlier": 87, "refit": true}
{"timestamp": "15:34:28.654504", "frame": 53, "mu": [0.16134796513405253, 1.9351994545479951, -0.2846001163332242], "Sigma": [[0.004064500278827672, -0.0017977606203750615, 0.01171469721401353], [-0.0017977606203750615, 0.008086538499991988, -0.003696144736990398], [0.01171469721401353, -0.0036961447369903994, 0.08773914555196885]], "chi2_level": 0.99, "chi2_df": 3, "chi2_threshold": 11.344866730144373, "N_raw": 64, "N_roi": 61, "N_inlier": 57, "refit": true}
{"timestamp": "15:34:28.707459", "frame": 54, "mu": [0.16479140475458248, 1.8003634608868246, 0.6939186566460182], "Sigma": [[0.008132209320686925, 0.007040675101633606, 0.026285865350138736], [0.007040675101633605, 0.021391130143149212, 0.07017311669418769], [0.026285865350138736, 0.07017311669418769, 0.2687236701151143]], "chi2_level": 0.99, "chi2_df": 3, "chi2_threshold": 11.344866730144373, "N_raw": 57, "N_roi": 54, "N_inlier": 53, "refit": true}
{"timestamp": "15:34:28.760185", "frame": 55, "mu": [0.2939209697930815, 1.8648785371467032, 1.0291237130090314], "Sigma": [[0.010456954127457126, 0.013677775241970102, 0.055232546488295564], [0.013677775241970103, 0.03396759707809667, 0.11043271575989555], [0.05523254648829557, 0.11043271575989555, 0.4493116438780949]], "chi2_level": 0.99, "chi2_df": 3, "chi2_threshold": 11.344866730144373, "N_raw": 44, "N_roi": 44, "N_inlier": 42, "refit": true}
{"timestamp": "15:34:28.815286", "frame": 56, "mu": [0.3398370362847242, 1.9857373683046362, 1.0923027243245724], "Sigma": [[0.016811412266445752, 0.012589656816160422, 0.06668953134773314], [0.012589656816160422, 0.01798635288521345, 0.06983318900369961], [0.06668953134773314, 0.06983318900369961, 0.3504699311858772]], "chi2_level": 0.99, "chi2_df": 3, "chi2_threshold": 11.344866730144373, "N_raw": 44, "N_roi": 44, "N_inlier": 43, "refit": true}
{"timestamp": "15:34:28.870863", "frame": 57, "mu": [0.47759978885845006, 2.191386250809493, -0.50384967882699], "Sigma": [[0.0049098936690839855, 0.0012504923490880033, 0.016479364027560336], [0.0012504923490880028, 0.005573579450909077, 0.011330322208987853], [0.016479364027560336, 0.011330322208987852, 0.3236959711045379]], "chi2_level": 0.99, "chi2_df": 3, "chi2_threshold": 11.344866730144373, "N_raw": 54, "N_roi": 54, "N_inlier": 52, "refit": true}
{"timestamp": "15:34:28.924449", "frame": 58, "mu": [0.5195489070917286, 2.2088042021082286, 1.244439817860897], "Sigma": [[0.0031003417445087966, -0.0003645258636257385, -0.0016192537856436794], [-0.00036452586362573845, 0.0015092174784244582, 0.0024135801650080886], [-0.0016192537856436794, 0.0024135801650080886, 0.07104883040019198]], "chi2_level": 0.99, "chi2_df": 3, "chi2_threshold": 11.344866730144373, "N_raw": 35, "N_roi": 32, "N_inlier": 28, "refit": true}
{"timestamp": "15:34:28.980240", "frame": 59, "mu": [0.593180053592161, 2.2085219937304026, 1.1859792978854622], "Sigma": [[0.00761924545946335, -0.0031161313627061926, 0.004153916569941042], [-0.0031161313627061926, 0.007971778505686769, -0.022057360845276743], [0.004153916569941041, -0.022057360845276743, 0.09670491225269479]], "chi2_level": 0.99, "chi2_df": 3, "chi2_threshold": 11.344866730144373, "N_raw": 43, "N_roi": 41, "N_inlier": 39, "refit": true}
{"timestamp": "15:34:29.034329", "frame": 60, "mu": [0.6793877973339355, 2.250805125197487, 1.3123632412311717], "Sigma": [[0.003973769833595987, -0.00020755442650548527, -0.004812624974291108], [-0.00020755442650548537, 0.004767032059897815, -0.018517401553170453], [-0.004812624974291108, -0.018517401553170457, 0.11169625624383783]], "chi2_level": 0.99, "chi2_df": 3, "chi2_threshold": 11.344866730144373, "N_raw": 36, "N_roi": 36, "N_inlier": 35, "refit": true}
{"timestamp": "15:34:29.091389", "frame": 61, "mu": [0.6956741027561587, 2.396173929893223, 1.2994963297263065], "Sigma": [[0.00572405418553001, -0.0017766612657975698, 0.010269332315848879], [-0.0017766612657975698, 0.0035295217796789437, -0.006562171526018923], [0.01026933231584888, -0.006562171526018924, 0.203599635464642]], "chi2_level": 0.99, "chi2_df": 3, "chi2_threshold": 11.344866730144373, "N_raw": 48, "N_roi": 48, "N_inlier": 45, "refit": true}
{"timestamp": "15:34:29.142457", "frame": 62, "mu": [0.799937833638875, 2.4008893976245234, 1.5928177500722496], "Sigma": [[0.006949278187894673, -0.003257096939652394, -0.0036561881478844333], [-0.003257096939652394, 0.003815314328523888, 0.0017079882617795329], [-0.0036561881478844333, 0.0017079882617795329, 0.011063874200908527]], "chi2_level": 0.99, "chi2_df": 3, "chi2_threshold": 11.344866730144373, "N_raw": 27, "N_roi": 27, "N_inlier": 25, "refit": true}
{"timestamp": "15:34:29.204669", "frame": 63, "mu": [0.7717524016003153, 2.450942977340658, 1.0502914969359782], "Sigma": [[0.01341027545033844, 0.002896292813871897, 0.046592948393440234], [0.002896292813871897, 0.007065597814680253, 0.03215954867358523], [0.046592948393440234, 0.03215954867358523, 0.3138771341500808]], "chi2_level": 0.99, "chi2_df": 3, "chi2_threshold": 11.344866730144373, "N_raw": 71, "N_roi": 69, "N_inlier": 69, "refit": true}
{"timestamp": "15:34:29.253580", "frame": 64, "mu": [0.860847322565576, 2.5964163589220695, 1.3858394554794748], "Sigma": [[0.008203462450251824, 0.0013141410377183174, 0.020184939561209442], [0.0013141410377183176, 0.011756824558939975, 0.04683576971820102], [0.020184939561209442, 0.04683576971820102, 0.26490799990608865]], "chi2_level": 0.99, "chi2_df": 3, "chi2_threshold": 11.344866730144373, "N_raw": 30, "N_roi": 30, "N_inlier": 30, "refit": true}
{"timestamp": "15:34:29.305609", "frame": 65, "mu": [0.9698475260379259, 2.6810308868404196, 1.0629598676437664], "Sigma": [[0.006208337020828232, 7.316646399542557e-05, -0.05527812185951046], [7.316646399542563e-05, 0.001962658407815992, -0.0071314936924012085], [-0.05527812185951047, -0.0071314936924012085, 0.561358533422777]], "chi2_level": 0.99, "chi2_df": 3, "chi2_threshold": 11.344866730144373, "N_raw": 13, "N_roi": 13, "N_inlier": 11, "refit": true}
{"timestamp": "15:34:29.363854", "frame": 66, "mu": [1.097113301488786, 2.6491479337216686, 1.5487071504132772], "Sigma": [[0.0083731859149337, -0.0035075145159626417, -0.0036678766365223145], [-0.0035075145159626417, 0.005268463788012472, 0.0012510174334395717], [-0.0036678766365223145, 0.0012510174334395717, 0.0033203055520226172]], "chi2_level": 0.99, "chi2_df": 3, "chi2_threshold": 11.344866730144373, "N_raw": 40, "N_roi": 37, "N_inlier": 36, "refit": true}
{"timestamp": "15:34:29.474831", "frame": 68, "mu": [1.1655824274196729, 2.8082744895950316, 1.6839669498226262], "Sigma": [[0.011857167378498802, -0.00418040839850459, -0.00649042538842072], [-0.00418040839850459, 0.007656713168827918, 0.0044494879627398716], [-0.00649042538842072, 0.0044494879627398716, 0.007025958618762367]], "chi2_level": 0.99, "chi2_df": 3, "chi2_threshold": 11.344866730144373, "N_raw": 48, "N_roi": 48, "N_inlier": 47, "refit": true}
{"timestamp": "15:34:29.533316", "frame": 69, "mu": [1.2657120711475036, 2.8213605972363918, 1.4327683416561887], "Sigma": [[0.01219061804550702, -0.005965504394950683, -0.006080868023349903], [-0.005965504394950683, 0.007970405881713402, -0.010153769204140005], [-0.006080868023349903, -0.010153769204140005, 0.08764363488859017]], "chi2_level": 0.99, "chi2_df": 3, "chi2_threshold": 11.344866730144373, "N_raw": 52, "N_roi": 52, "N_inlier": 50, "refit": true}
{"timestamp": "15:34:29.582169", "frame": 70, "mu": [1.2666642034033495, 2.8903100773729578, 1.3739005120302537], "Sigma": [[0.0060527239812521874, -0.0008262294234161498, -0.025498658015088722], [-0.0008262294234161496, 0.011487602280094125, -0.016173911700219028], [-0.025498658015088722, -0.016173911700219028, 0.22937278337175313]], "chi2_level": 0.99, "chi2_df": 3, "chi2_threshold": 11.344866730144373, "N_raw": 21, "N_roi": 19, "N_inlier": 19, "refit": true}
{"timestamp": "15:34:29.641096", "frame": 71, "mu": [1.3053918767405048, 2.9938794415126333, 1.4693805429934619], "Sigma": [[0.009946747371033867, -0.006816342895880116, -0.015164517764951885], [-0.006816342895880116, 0.011865515804464556, 0.025489207995062504], [-0.015164517764951885, 0.025489207995062504, 0.151882619063731]], "chi2_level": 0.99, "chi2_df": 3, "chi2_threshold": 11.344866730144373, "N_raw": 50, "N_roi": 50, "N_inlier": 48, "refit": true}
{"timestamp": "15:34:29.694182", "frame": 72, "mu": [1.3444662948690613, 3.083810603017845, 1.2801749252729773], "Sigma": [[0.006944524419184891, -0.0014068923007665923, -0.010680654032083426], [-0.0014068923007665923, 0.005392117949490034, -0.010418009260806178], [-0.010680654032083426, -0.010418009260806178, 0.06975785007757898]], "chi2_level": 0.99, "chi2_df": 3, "chi2_threshold": 11.344866730144373, "N_raw": 37, "N_roi": 35, "N_inlier": 33, "refit": true}
{"timestamp": "15:34:29.801289", "frame": 74, "mu": [1.4125497198556403, 3.0199769760612933, 0.9260964259552835], "Sigma": [[0.010648727638873883, -0.004680926785846033, -0.0024879396897997917], [-0.004680926785846034, 0.03716207805443246, 0.12980366948081515], [-0.002487939689799791, 0.12980366948081518, 0.4902291869316716]], "chi2_level": 0.99, "chi2_df": 3, "chi2_threshold": 11.344866730144373, "N_raw": 28, "N_roi": 28, "N_inlier": 27, "refit": true}
{"timestamp": "15:34:29.859083", "frame": 75, "mu": [1.4972947238696552, 3.2868340407084915, -0.15671429108822538], "Sigma": [[0.011600272355268998, -0.0034943312103973573, 0.027217877150361114], [-0.003494331210397357, 0.006412828681808381, -0.017720677484498962], [0.02721787715036111, -0.01772067748449896, 0.148463146665724]], "chi2_level": 0.99, "chi2_df": 3, "chi2_threshold": 11.344866730144373, "N_raw": 40, "N_roi": 40, "N_inlier": 40, "refit": true}
{"timestamp": "15:34:29.967982", "frame": 77, "mu": [1.5840607884133702, 3.397397458675339, 1.545790026015356], "Sigma": [[0.01122347586763212, -0.005396326135619177, -0.002334447079408245], [-0.005396326135619177, 0.004530907544043475, -0.0033990398315442366], [-0.0023344470794082446, -0.0033990398315442366, 0.01544849946817241]], "chi2_level": 0.99, "chi2_df": 3, "chi2_threshold": 11.344866730144373, "N_raw": 31, "N_roi": 29, "N_inlier": 28, "refit": true}
