{"timestamp": "15:23:54.448216", "frame": 21, "mu": [2.32896113288859, 4.924456155598229, 1.1313904854992702], "Sigma": [[0.012057297066818231, -0.004670227579676457, -0.005960368305906097], [-0.004670227579676457, 0.003005552346731222, 0.001316701178120985], [-0.005960368305906097, 0.001316701178120985, 0.005977042565154891]], "chi2_level": 0.99, "chi2_df": 3, "chi2_threshold": 11.344866730144373, "N_raw": 22, "N_roi": 11, "N_inlier": 11, "refit": true}
{"timestamp": "15:23:54.558298", "frame": 23, "mu": [2.2897449142372883, 4.934296558120591, 1.082264119814264], "Sigma": [[0.012625953617013026, -0.003606145311696717, -0.002967015502402389], [-0.003606145311696717, 0.001986306617990417, -2.8837832535910066e-05], [-0.002967015502402389, -2.883783253591004e-05, 0.0027850658033842473]], "chi2_level": 0.99, "chi2_df": 3, "chi2_threshold": 11.344866730144373, "N_raw": 22, "N_roi": 11, "N_inlier": 11, "refit": true}
{"timestamp": "15:23:54.721623", "frame": 26, "mu": [1.9801550923184894, 4.405008965001468, 1.193390412404908], "Sigma": [[0.45690197929273174, 1.0017678066526126, -0.22362162060046226], [1.0017678066526126, 2.2069289776584693, -0.49276758421301026], [-0.22362162060046223, -0.49276758421301026, 0.11002910498683285]], "chi2_level": 0.99, "chi2_df": 3, "chi2_threshold": 11.344866730144373, "N_raw": 10, "N_roi": 5, "N_inlier": 5, "refit": true}
{"timestamp": "15:23:54.890631", "frame": 29, "mu": [2.1797776032549705, 4.810693749724809, 0.7781399748217889], "Sigma": [[0.030022744142905317, -0.016826489054476722, -0.027489347755953724], [-0.016826489054476722, 0.011244507298936824, 0.013092882678852547], [-0.027489347755953724, 0.013092882678852547, 0.033647976395485335]], "chi2_level": 0.99, "chi2_df": 3, "chi2_threshold": 11.344866730144373, "N_raw": 39, "N_roi": 32, "N_inlier": 32, "refit": true}
{"timestamp": "15:23:55.000105", "frame": 31, "mu": [2.2652684195682995, 4.75644546479728, 0.48321753728923056], "Sigma": [[0.010145001274458776, -0.007761569522481462, -0.006940582898052855], [-0.007761569522481462, 0.015685588791363354, 0.015405166460766341], [-0.006940582898052855, 0.015405166460766343, 0.016619349555708478]], "chi2_level": 0.99, "chi2_df": 3, "chi2_threshold": 11.344866730144373, "N_raw": 26, "N_roi": 18, "N_inlier": 17, "refit": true}
{"timestamp": "15:23:55.058421", "frame": 32, "mu": [2.2092940463482327, 4.722898828542176, 0.5281305128887105], "Sigma": [[0.020389066697931217, -0.012399517929246429, -0.005734475947312384], [-0.012399517929246429, 0.016341638491654823, 0.008667989095412028], [-0.005734475947312385, 0.008667989095412026, 0.009182601660669691]], "chi2_level": 0.99, "chi2_df": 3, "chi2_threshold": 11.344866730144373, "N_raw": 41, "N_roi": 36, "N_inlier": 35, "refit": true}
{"timestamp": "15:23:55.112331", "frame": 33, "mu": [2.119073833719803, 4.737975404830014, 0.6124086982857736], "Sigma": [[0.021702300545008872, -0.01373706968534541, -0.011110590521028463], [-0.01373706968534541, 0.01286887942152485, 0.0072903007510170675], [-0.011110590521028463, 0.007290300751017069, 0.008323715084550912]], "chi2_level": 0.99, "chi2_df": 3, "chi2_threshold": 11.344866730144373, "N_raw": 35, "N_roi": 33, "N_inlier": 32, "refit": true}
{"timestamp": "15:23:55.164976", "frame": 34, "mu": [2.147937806192127, 4.794216206026091, -0.4591977579933106], "Sigma": [[0.013280335634813213, 0.00033260053147104985, 0.034379409830090225], [0.0003326005314710499, 0.00707195770831772, 0.019864585841144897], [0.03437940983009023, 0.019864585841144897, 0.2588498195519556]], "chi2_level": 0.99, "chi2_df": 3, "chi2_threshold": 11.344866730144373, "N_raw": 25, "N_roi": 23, "N_inlier": 22, "refit": true}
{"timestamp": "15:23:55.217827", "frame": 35, "mu": [2.0570652789221033, 4.6722455534136484, 0.6648921560782636], "Sigma": [[0.0036702946196985253, -0.006913870568316592, -0.0023815831427585333], [-0.006913870568316592, 0.016271689418324426, -0.0018455171925801596], [-0.0023815831427585338, -0.0018455171925801596, 0.014977507585263113]], "chi2_level": 0.99, "chi2_df": 3, "chi2_threshold": 11.344866730144373, "N_raw": 8, "N_roi": 6, "N_inlier": 6, "refit": true}
{"timestamp": "15:23:55.277161", "frame": 36, "mu": [2.0524687524304994, 4.627539325682479, 0.7542583720127428], "Sigma": [[0.016575471506432217, -0.009931578815431356, -0.003028377524328083], [-0.009931578815431356, 0.009390036771035996, -0.004222468233837249], [-0.003028377524328083, -0.004222468233837248, 0.021980644517847432]], "chi2_level": 0.99, "chi2_df": 3, "chi2_threshold": 11.344866730144373, "N_raw": 37, "N_roi": 35, "N_inlier": 35, "refit": true}
{"timestamp": "15:23:55.331469", "frame": 37, "mu": [1.9623543262145824, 4.690987782691426, 0.694812004789764], "Sigma": [[0.020612091886883836, -0.01138347419989012, -0.0029823021857432325], [-0.01138347419989012, 0.00943703039275939, -0.0010763702791027627], [-0.0029823021857432325, -0.0010763702791027627, 0.00750554324870518]], "chi2_level": 0.99, "chi2_df": 3, "chi2_threshold": 11.344866730144373, "N_raw": 31, "N_roi": 29, "N_inlier": 28, "refit": true}
{"timestamp": "15:23:55.386403", "frame": 38, "mu": [2.04188064150813, 4.480579247596339, 0.6432687473145186], "Sigma": [[0.015489774443265525, -0.008238592525496725, -0.0035458453625675456], [-0.008238592525496725, 0.005456701478380273, -0.0006214813835283258], [-0.0035458453625675456, -0.0006214813835283258, 0.025768123552909035]], "chi2_level": 0.99, "chi2_df": 3, "chi2_threshold": 11.344866730144373, "N_raw": 27, "N_roi": 27, "N_inlier": 26, "refit": true}
{"timestamp": "15:23:55.442380", "frame": 39, "mu": [1.9635222213295138, 4.636880087952706, -0.6518524710218538], "Sigma": [[0.017430209457512773, 0.0006250823693887729, 0.05936296835675068], [0.000625082369388773, 0.005369389336445399, 0.016313604042696005], [0.05936296835675069, 0.01631360404269601, 0.32491027856924987]], "chi2_level": 0.99, "chi2_df": 3, "chi2_threshold": 11.344866730144373, "N_raw": 29, "N_roi": 29, "N_inlier": 29, "refit": true}
{"timestamp": "15:23:55.498224", "frame": 40, "mu": [1.9022206712204208, 4.659271399165771, -0.2581932197901913], "Sigma": [[0.025386644086055524, -0.013281116090451576, -0.007348528949838773], [-0.013281116090451576, 0.012049541070319787, -0.002647349877677509], [-0.007348528949838772, -0.002647349877677509, 0.033953877434102685]], "chi2_level": 0.99, "chi2_df": 3, "chi2_threshold": 11.344866730144373, "N_raw": 41, "N_roi": 41, "N_inlier": 41, "refit": true}
{"timestamp": "15:23:55.549035", "frame": 41, "mu": [1.881104236588113, 4.406533212344995, 0.7199125925899816], "Sigma": [[0.006527433141630316, -0.008869970970990898, 0.000541669825818185], [-0.008869970970990898, 0.014586820752381798, -0.0021799995933920744], [0.0005416698258181853, -0.0021799995933920752, 0.07211191191633386]], "chi2_level": 0.99, "chi2_df": 3, "chi2_threshold": 11.344866730144373, "N_raw": 6, "N_roi": 6, "N_inlier": 6, "refit": true}
{"timestamp": "15:23:55.610227", "frame": 42, "mu": [1.8020792693345766, 4.46465776726924, 0.6435643860130519], "Sigma": [[0.02783625730421276, -0.013513951711560734, -0.006293020996736301], [-0.013513951711560737, 0.017201529334381165, 0.0072910392531040456], [-0.006293020996736299, 0.0072910392531040456, 0.007098395354303588]], "chi2_level": 0.99, "chi2_df": 3, "chi2_threshold": 11.344866730144373, "N_raw": 57, "N_roi": 55, "N_inlier": 55, "refit": true}
{"timestamp": "15:23:55.666392", "frame": 43, "mu": [1.8470277107727924, 4.505813178050843, -0.22858000916421561], "Sigma": [[0.021450374918294032, -0.0062127558870171875, -0.012155928426178998], [-0.006212755887017189, 0.00864238690624373, -0.015254394687896035], [-0.012155928426178998, -0.015254394687896035, 0.06449010199058469]], "chi2_level": 0.99, "chi2_df": 3, "chi2_threshold": 11.344866730144373, "N_raw": 56, "N_roi": 54, "N_inlier": 50, "refit": true}
{"timestamp": "15:23:55.718461", "frame": 44, "mu": [1.801069470923989, 4.211844921394104, 0.4399025076053049], "Sigma": [[0.018890139203358775, -0.008026812752056944, -0.013373120814000033], [-0.008026812752056944, 0.005200738112543056, 0.01404739551116963], [-0.01337312081400003, 0.01404739551116963, 0.1359548423621035]], "chi2_level": 0.99, "chi2_df": 3, "chi2_threshold": 11.344866730144373, "N_raw": 35, "N_roi": 31, "N_inlier": 31, "refit": true}
{"timestamp": "15:23:55.773986", "frame": 45, "mu": [1.8139245945780018, 4.162815034283154, 0.6046410024087077], "Sigma": [[0.014952481943467008, -0.006623148822386732, -0.0027388393407966755], [-0.006623148822386732, 0.003125377467675047, 0.003629821698340192], [-0.0027388393407966755, 0.003629821698340192, 0.0740758108489871]], "chi2_level": 0.99, "chi2_df": 3, "chi2_threshold": 11.344866730144373, "N_raw": 42, "N_roi": 37, "N_inlier": 36, "refit": true}
{"timestamp": "15:23:55.825834", "frame": 46, "mu": [1.7467511008828764, 4.178940733360697, 0.7956946057855394], "Sigma": [[0.007043561976643705, -0.003834163077295222, -0.007521056495015981], [-0.003834163077295222, 0.002613065460521383, 0.002095389139501082], [-0.00752105649501598, 0.002095389139501082, 0.03317445406939187]], "chi2_level": 0.99, "chi2_df": 3, "chi2_threshold": 11.344866730144373, "N_raw": 21, "N_roi": 15, "N_inlier": 15, "refit": true}
{"timestamp": "15:23:55.878335", "frame": 47, "mu": [1.5549298157596658, 4.191232847250931, 0.9525850565070128], "Sigma": [[0.0026456191519608264, -0.0007300891843167741, 0.0032676834757140007], [-0.000730089184316774, 0.0027199368552978183, 0.006273502013537628], [0.0032676834757140007, 0.00627350201353763, 0.1285595119599807]], "chi2_level": 0.99, "chi2_df": 3, "chi2_threshold": 11.344866730144373, "N_raw": 10, "N_roi": 5, "N_inlier": 5, "refit": true}
{"timestamp": "15:23:55.936875", "frame": 48, "mu": [1.5863256671592711, 4.116852782654074, 0.5303662819750752], "Sigma": [[0.01628726261528935, -0.008436211199850416, -0.006664284821178344], [-0.008436211199850416, 0.00596356186789814, 0.0018042826004025833], [-0.006664284821178344, 0.0018042826004025835, 0.021488579907614214]], "chi2_level": 0.99, "chi2_df": 3, "chi2_threshold": 11.344866730144373, "N_raw": 30, "N_roi": 27, "N_inlier": 26, "refit": true}
{"timestamp": "15:23:55.993839", "frame": 49, "mu": [1.6690780880496445, 4.02960099251575, 0.6263931000613693], "Sigma": [[0.022088965770026045, -0.011135553734648675, -0.010460964490237267], [-0.011135553734648675, 0.008252200415331137, 0.0019249620355488175], [-0.010460964490237267, 0.0019249620355488175, 0.018197884957172186]], "chi2_level": 0.99, "chi2_df": 3, "chi2_threshold": 11.344866730144373, "N_raw": 46, "N_roi": 46, "N_inlier": 45, "refit": true}
{"timestamp": "15:23:56.047393", "frame": 50, "mu": [1.5910244668651727, 3.9643116639329143, 0.6214893408046653], "Sigma": [[0.025932022434289534, -0.015869721817125787, -0.03178584281606043], [-0.015869721817125787, 0.010952654374225297, 0.01889921144964128], [-0.031785842816060436, 0.018899211449641285, 0.05899531697672568]], "chi2_level": 0.99, "chi2_df": 3, "chi2_threshold": 11.344866730144373, "N_raw": 33, "N_roi": 33, "N_inlier": 32, "refit": true}
{"timestamp": "15:23:56.098989", "frame": 51, "mu": [1.5340223747686141, 3.977279469668435, 0.7712452636456494], "Sigma": [[0.014394869073758221, -0.00742877721236941, -0.03034142023649805], [-0.00742877721236941, 0.007791978228949868, 0.007795821831850559], [-0.03034142023649805, 0.007795821831850557, 0.09207133930857]], "chi2_level": 0.99, "chi2_df": 3, "chi2_threshold": 11.344866730144373, "N_raw": 10, "N_roi": 10, "N_inlier": 10, "refit": true}
{"timestamp": "15:23:56.157221", "frame": 52, "mu": [1.4613521003412298, 4.185423853884307, -0.33490011383652973], "Sigma": [[0.015278491780628295, -0.009496382435280795, -0.006501128778158729], [-0.009496382435280795, 0.011400286857056376, 0.005699320710861806], [-0.00650112877815873, 0.005699320710861805, 0.004671607760964071]], "chi2_level": 0.99, "chi2_df": 3, "chi2_threshold": 11.344866730144373, "N_raw": 36, "N_roi": 36, "N_inlier": 34, "refit": true}
{"timestamp": "15:23:56.211415", "frame": 53, "mu": [1.3682303642948475, 4.079577391231238, 0.7253252401090505], "Sigma": [[0.01716222722827856, -0.010907620485474105, -0.005065081886480665], [-0.010907620485474105, 0.012841483471314223, 0.00042031138523130306], [-0.005065081886480666, 0.0004203113852313035, 0.009815510966261804]], "chi2_level": 0.99, "chi2_df": 3, "chi2_threshold": 11.344866730144373, "N_raw": 26, "N_roi": 26, "N_inlier": 25, "refit": true}
{"timestamp": "15:23:56.269338", "frame": 54, "mu": [1.4749778893744712, 3.814790348170133, 0.5854464502971881], "Sigma": [[0.025047948000195212, -0.008836422090491059, -0.006339468356467211], [-0.008836422090491059, 0.006179858175067895, 0.0002440188841258894], [-0.006339468356467211, 0.00024401888412588896, 0.008036448072079141]], "chi2_level": 0.99, "chi2_df": 3, "chi2_threshold": 11.344866730144373, "N_raw": 51, "N_roi": 51, "N_inlier": 47, "refit": true}
{"timestamp": "15:23:56.322623", "frame": 55, "mu": [1.245582111537071, 3.8758163054604555, 0.832678740899189], "Sigma": [[0.015559338330028703, -0.0076984054839430525, 0.009921270338274122], [-0.0076984054839430525, 0.009585303907180046, -0.010948015429373657], [0.009921270338274122, -0.010948015429373655, 0.09403972864125465]], "chi2_level": 0.99, "chi2_df": 3, "chi2_threshold": 11.344866730144373, "N_raw": 35, "N_roi": 35, "N_inlier": 33, "refit": true}
{"timestamp": "15:23:56.380421", "frame": 56, "mu": [1.2850806337728824, 3.8043412965616383, 0.6342441973690218], "Sigma": [[0.020665181030149325, -0.008233882040285362, 0.00645099840164318], [-0.008233882040285363, 0.006496106882218789, -0.006077567427515028], [0.00645099840164318, -0.006077567427515028, 0.02483350432639537]], "chi2_level": 0.99, "chi2_df": 3, "chi2_threshold": 11.344866730144373, "N_raw": 50, "N_roi": 50, "N_inlier": 48, "refit": true}
{"timestamp": "15:23:56.429992", "frame": 57, "mu": [1.219283001992588, 3.7969284715586396, 0.6347659846863761], "Sigma": [[0.009706493783336427, -0.005765522890617306, -0.004373947598188695], [-0.005765522890617306, 0.008373559642363377, -0.0026706227420478105], [-0.004373947598188695, -0.002670622742047812, 0.12059530011386943]], "chi2_level": 0.99, "chi2_df": 3, "chi2_threshold": 11.344866730144373, "N_raw": 17, "N_roi": 17, "N_inlier": 16, "refit": true}
{"timestamp": "15:23:56.484279", "frame": 58, "mu": [1.217991104309092, 3.648798619785013, 0.6446124697469126], "Sigma": [[0.011900490304242973, -0.007684696218564412, -0.0011108189739260583], [-0.007684696218564412, 0.007877789492536369, 0.0009990675994989671], [-0.0011108189739260583, 0.000999067599498967, 0.0008715769343143759]], "chi2_level": 0.99, "chi2_df": 3, "chi2_threshold": 11.344866730144373, "N_raw": 19, "N_roi": 19, "N_inlier": 18, "refit": true}
{"timestamp": "15:23:56.545306", "frame": 59, "mu": [1.0728650431925573, 3.8590822198503822, -0.7207719860242265], "Sigma": [[0.014575226964317949, 0.0031829147735317554, 0.025234360412147397], [0.003182914773531755, 0.013934825340343704, -0.012612088248087447], [0.025234360412147397, -0.012612088248087447, 0.2755756882503435]], "chi2_level": 0.99, "chi2_df": 3, "chi2_threshold": 11.344866730144373, "N_raw": 46, "N_roi": 45, "N_inlier": 45, "refit": true}
{"timestamp": "15:23:56.602097", "frame": 60, "mu": [1.102986252854018, 3.6799533385986534, 0.35357756760510756], "Sigma": [[0.022021329248751376, -0.015718731500270623, -0.026085779642454003], [-0.01571873150027062, 0.01794544770867608, 0.009417911531959415], [-0.026085779642454003, 0.009417911531959415, 0.2669339781061419]], "chi2_level": 0.99, "chi2_df": 3, "chi2_threshold": 11.344866730144373, "N_raw": 60, "N_roi": 60, "N_inlier": 59, "refit": true}
{"timestamp": "15:23:56.662739", "frame": 61, "mu": [0.9718437516575286, 3.685102703413097, 0.93704110107051], "Sigma": [[0.02127855406871027, -0.013438572881182203, -0.016571118267290044], [-0.013438572881182203, 0.02119537312800574, -0.004509832862777839], [-0.016571118267290044, -0.004509832862777839, 0.07591672478197775]], "chi2_level": 0.99, "chi2_df": 3, "chi2_threshold": 11.344866730144373, "N_raw": 94, "N_roi": 93, "N_inlier": 90, "refit": true}
{"timestamp": "15:23:56.715209", "frame": 62, "mu": [0.9424657094828977, 3.596407711254092, 0.7675027105489751], "Sigma": [[0.015612601395290927, -0.00573454521182341, -0.01070379117115432], [-0.00573454521182341, 0.01053989331415569, -0.0012573145791458852], [-0.01070379117115432, -0.0012573145791458843, 0.14690707329755018]], "chi2_level": 0.99, "chi2_df": 3, "chi2_threshold": 11.344866730144373, "N_raw": 72, "N_roi": 69, "N_inlier": 68, "refit": true}
{"timestamp": "15:23:56.769682", "frame": 63, "mu": [0.9513781404299887, 3.4927512117267194, 0.8089343363352473], "Sigma": [[0.02251022757211421, -0.009201057710242558, 0.004385166228524707], [-0.009201057710242558, 0.004716431159224418, -0.005468061997188695], [0.004385166228524708, -0.005468061997188695, 0.0958571238299456]], "chi2_level": 0.99, "chi2_df": 3, "chi2_threshold": 11.344866730144373, "N_raw": 81, "N_roi": 81, "N_inlier": 78, "refit": true}
{"timestamp": "15:23:56.827310", "frame": 64, "mu": [0.9167111110215735, 3.4453197372140703, 0.7763476072574158], "Sigma": [[0.028777849670422673, -0.017250608429890818, -0.009301059755378505], [-0.017250608429890818, 0.013906231149133136, -0.0020404719264231898], [-0.009301059755378505, -0.00204047192642319, 0.09305179247628484]], "chi2_level": 0.99, "chi2_df": 3, "chi2_threshold": 11.344866730144373, "N_raw": 94, "N_roi": 91, "N_inlier": 91, "refit": true}
{"timestamp": "15:23:56.876173", "frame": 65, "mu": [0.8385506353372337, 3.468849519716632, 0.5813191178191904], "Sigma": [[0.024603889010301857, -0.009498246177049786, -0.00412628158382442], [-0.009498246177049783, 0.00657652540350422, -0.0012497903075742234], [-0.00412628158382442, -0.0012497903075742234, 0.00609715439401053]], "chi2_level": 0.99, "chi2_df": 3, "chi2_threshold": 11.344866730144373, "N_raw": 50, "N_roi": 50, "N_inlier": 48, "refit": true}
{"timestamp": "15:23:56.937076", "frame": 66, "mu": [0.830176087169759, 3.339320029807771, 0.7144949994861317], "Sigma": [[0.021855710560051513, -0.007790224123645416, -0.002500646831771348], [-0.007790224123645415, 0.005282310763398257, -0.008939186506939395], [-0.0025006468317713476, -0.008939186506939395, 0.10072475651589319]], "chi2_level": 0.99, "chi2_df": 3, "chi2_threshold": 11.344866730144373, "N_raw": 100, "N_roi": 100, "N_inlier": 98, "refit": true}
{"timestamp": "15:23:56.990971", "frame": 67, "mu": [0.7603409153845729, 2.9986828095246523, 0.24163630763923805], "Sigma": [[0.01786601175555587, -0.029605814241314345, -0.03419680590276402], [-0.029605814241314338, 0.8003324153186006, 0.7192619615493497], [-0.03419680590276403, 0.7192619615493497, 0.8408629442539027]], "chi2_level": 0.99, "chi2_df": 3, "chi2_threshold": 11.344866730144373, "N_raw": 89, "N_roi": 86, "N_inlier": 85, "refit": true}
{"timestamp": "15:23:57.047698", "frame": 68, "mu": [0.6484156944276088, 3.302776382591545, 0.8697987796701663], "Sigma": [[0.018418914920767263, -0.006237260934462304, -0.014874068172942578], [-0.006237260934462304, 0.004285538279745545, 0.0009134518741265333], [-0.014874068172942578, 0.000913451874126533, 0.17058764893755876]], "chi2_level": 0.99, "chi2_df": 3, "chi2_threshold": 11.344866730144373, "N_raw": 101, "N_roi": 97, "N_inlier": 97, "refit": true}
{"timestamp": "15:23:57.101291", "frame": 69, "mu": [0.6410850650291386, 3.268360689633338, 1.0250642819053921], "Sigma": [[0.023131177974875704, -0.0038616486233007145, -0.02307550652576147], [-0.0038616486233007145, 0.0028266754177199522, -0.003188866535816632], [-0.023075506525761468, -0.003188866535816632, 0.09893804683933918]], "chi2_level": 0.99, "chi2_df": 3, "chi2_threshold": 11.344866730144373, "N_raw": 94, "N_roi": 92, "N_inlier": 90, "refit": true}
{"timestamp": "15:23:57.155176", "frame": 70, "mu": [0.6070663057700656, 3.2214714141786356, 1.0515457669874835], "Sigma": [[0.021470423600912607, -0.006676677516462953, -0.029916808192596824], [-0.006676677516462953, 0.004327520011045037, 0.0034656514460084152], [-0.029916808192596827, 0.0034656514460084157, 0.0810845947709623]], "chi2_level": 0.99, "chi2_df": 3, "chi2_threshold": 11.344866730144373, "N_raw": 86, "N_roi": 83, "N_inlier": 80, "refit": true}
{"timestamp": "15:23:57.209436", "frame": 71, "mu": [0.5986524462361097, 3.1533941500614664, 1.0149747959208482], "Sigma": [[0.02512212602166158, -0.007700253134700703, -0.04406034285290042], [-0.007700253134700703, 0.004649883810237739, 0.009502949474397861], [-0.04406034285290042, 0.009502949474397861, 0.11506203630029593]], "chi2_level": 0.99, "chi2_df": 3, "chi2_threshold": 11.344866730144373, "N_raw": 84, "N_roi": 83, "N_inlier": 79, "refit": true}
{"timestamp": "15:23:57.265688", "frame": 72, "mu": [0.5150175675520642, 3.1025797905501227, 0.969588495633367], "Sigma": [[0.02101170216241314, -0.005049213095690989, -0.04214828242191587], [-0.005049213095690988, 0.005307469065349756, 0.009657605801865388], [-0.04214828242191587, 0.00965760580186539, 0.22356685431874207]], "chi2_level": 0.99, "chi2_df": 3, "chi2_threshold": 11.344866730144373, "N_raw": 83, "N_roi": 83, "N_inlier": 82, "refit": true}
{"timestamp": "15:23:57.327233", "frame": 73, "mu": [0.4298016393337092, 3.1899991840441904, 1.0677443005550031], "Sigma": [[0.020546321747310865, -0.009027192397893857, -0.01566573506200145], [-0.009027192397893857, 0.012114996641703813, -0.013248601190769194], [-0.015665735062001446, -0.013248601190769194, 0.08386269212399103]], "chi2_level": 0.99, "chi2_df": 3, "chi2_threshold": 11.344866730144373, "N_raw": 111, "N_roi": 111, "N_inlier": 107, "refit": true}
{"timestamp": "15:23:57.381434", "frame": 74, "mu": [0.39947350785618807, 3.1474309108306517, 0.7400287539349462], "Sigma": [[0.020418504661507304, -0.003597921215718828, -0.0400422705778944], [-0.003597921215718828, 0.01217431707470688, -0.014317666647859167], [-0.04004227057789439, -0.014317666647859169, 0.2963640678194742]], "chi2_level": 0.99, "chi2_df": 3, "chi2_threshold": 11.344866730144373, "N_raw": 125, "N_roi": 123, "N_inlier": 120, "refit": true}
{"timestamp": "15:23:57.431753", "frame": 75, "mu": [0.42853200489307974, 3.0818771912074663, 0.6167185706349105], "Sigma": [[0.024899825321481196, -0.006533281893588127, -0.04655302210984784], [-0.006533281893588127, 0.010001774333729592, -0.005990208884723727], [-0.04655302210984784, -0.005990208884723728, 0.23315271644842833]], "chi2_level": 0.99, "chi2_df": 3, "chi2_threshold": 11.344866730144373, "N_raw": 89, "N_roi": 89, "N_inlier": 88, "refit": true}
{"timestamp": "15:23:57.484006", "frame": 76, "mu": [0.3855393595300702, 3.0070735555132693, 0.907967366667852], "Sigma": [[0.030374941051981037, -0.010454564864635762, -0.01915642965088194], [-0.010454564864635762, 0.009653823766148073, -0.022681050611744635], [-0.019156429650881945, -0.022681050611744635, 0.1805052450006351]], "chi2_level": 0.99, "chi2_df": 3, "chi2_threshold": 11.344866730144373, "N_raw": 78, "N_roi": 78, "N_inlier": 77, "refit": true}
{"timestamp": "15:23:57.538019", "frame": 77, "mu": [0.20290293781577584, 2.996365123155329, 0.794044828236568], "Sigma": [[0.029569487602372657, -0.015756631488246603, -0.008044917893506332], [-0.015756631488246603, 0.012072143456042704, -0.007537949171818462], [-0.008044917893506332, -0.007537949171818461, 0.0775229795757533]], "chi2_level": 0.99, "chi2_df": 3, "chi2_threshold": 11.344866730144373, "N_raw": 63, "N_roi": 61, "N_inlier": 58, "refit": true}
{"timestamp": "15:23:57.593675", "frame": 78, "mu": [0.2434981477157965, 2.9204283249418275, 0.7748287380391123], "Sigma": [[0.037582226503526925, -0.02262478857157611, -0.004329060062625223], [-0.02262478857157611, 0.019702243391979533, 0.004286995820962387], [-0.004329060062625222, 0.004286995820962387, 0.012406743097833807]], "chi2_level": 0.99, "chi2_df": 3, "chi2_threshold": 11.344866730144373, "N_raw": 80, "N_roi": 80, "N_inlier": 76, "refit": true}
{"timestamp": "15:23:57.647602", "frame": 79, "mu": [0.22758125889031872, 2.7937524891285315, 0.8257172278841712], "Sigma": [[0.013002787370252336, -0.001890795214937071, -0.014171592739665291], [-0.0018907952149370708, 0.0015103825091336211, 0.004840482407823527], [-0.014171592739665291, 0.004840482407823527, 0.1154918831696985]], "chi2_level": 0.99, "chi2_df": 3, "chi2_threshold": 11.344866730144373, "N_raw": 61, "N_roi": 61, "N_inlier": 58, "refit": true}
{"timestamp": "15:23:57.702988", "frame": 80, "mu": [0.1803105164187258, 2.765619447839163, 1.1222642247537826], "Sigma": [[0.014309953447792187, -0.0016870043496208325, -0.01968014752039908], [-0.001687004349620832, 0.0015640967065642796, -0.0012564147180438323], [-0.01968014752039908, -0.0012564147180438323, 0.055599974147160516]], "chi2_level": 0.99, "chi2_df": 3, "chi2_threshold": 11.344866730144373, "N_raw": 69, "N_roi": 67, "N_inlier": 62, "refit": true}
{"timestamp": "15:23:57.763233", "frame": 81, "mu": [0.07963620195270227, 2.760183203322099, 1.357461114022794], "Sigma": [[0.013780677270530015, -0.001427641721477035, -0.012989100249754167], [-0.0014276417214770347, 0.005061520793357119, -0.002073174674977138], [-0.012989100249754167, -0.002073174674977138, 0.02275619007835872]], "chi2_level": 0.99, "chi2_df": 3, "chi2_threshold": 11.344866730144373, "N_raw": 72, "N_roi": 72, "N_inlier": 69, "refit": true}
{"timestamp": "15:23:57.816266", "frame": 82, "mu": [0.09826991631242019, 2.7655354351286294, -0.3248339275101916], "Sigma": [[0.016902419209939058, 0.006715900808626167, 0.01616830462945991], [0.006715900808626167, 0.010228685908902546, 0.005283298963589243], [0.01616830462945991, 0.005283298963589243, 0.07219508665177306]], "chi2_level": 0.99, "chi2_df": 3, "chi2_threshold": 11.344866730144373, "N_raw": 83, "N_roi": 83, "N_inlier": 80, "refit": true}
{"timestamp": "15:23:57.874431", "frame": 83, "mu": [0.03955572713632573, 2.6618032924275163, 0.8007335814310369], "Sigma": [[0.014938082879140356, -0.003252409494335826, -0.04071445732116315], [-0.003252409494335826, 0.005455546443172096, 0.028934426786086063], [-0.04071445732116315, 0.028934426786086063, 0.6191254367409114]], "chi2_level": 0.99, "chi2_df": 3, "chi2_threshold": 11.344866730144373, "N_raw": 106, "N_roi": 106, "N_inlier": 106, "refit": true}
{"timestamp": "15:23:57.922157", "frame": 84, "mu": [0.043509712470482256, 2.6398520235065916, 1.162218108585022], "Sigma": [[0.008219395730896084, -0.0018299557663981618, -0.0037546529255481345], [-0.0018299557663981616, 0.003818739477608455, -9.948330149593611e-06], [-0.003754652925548134, -9.948330149593177e-06, 0.07460123399004036]], "chi2_level": 0.99, "chi2_df": 3, "chi2_threshold": 11.344866730144373, "N_raw": 57, "N_roi": 57, "N_inlier": 54, "refit": true}
{"timestamp": "15:23:57.982967", "frame": 85, "mu": [-0.053035373995265034, 2.556487236067606, 0.8566174460142326], "Sigma": [[0.012571915129150901, -0.0013745145790617739, -0.03395824252232463], [-0.0013745145790617736, 0.01109079144054244, 0.044461359537982414], [-0.03395824252232463, 0.044461359537982414, 0.6229780049438928]], "chi2_level": 0.99, "chi2_df": 3, "chi2_threshold": 11.344866730144373, "N_raw": 105, "N_roi": 105, "N_inlier": 104, "refit": true}
{"timestamp": "15:23:58.033141", "frame": 86, "mu": [0.05846360759327421, 2.4139887468446966, 0.6295014084800372], "Sigma": [[0.009893871520720533, -0.0025626281308161643, -0.002359033798550696], [-0.0025626281308161643, 0.010523054087729147, -0.029867289393133697], [-0.0023590337985506956, -0.029867289393133697, 0.1385833162856739]], "chi2_level": 0.99, "chi2_df": 3, "chi2_threshold": 11.344866730144373, "N_raw": 66, "N_roi": 66, "N_inlier": 64, "refit": true}
{"timestamp": "15:23:58.086124", "frame": 87, "mu": [-0.08717854543899865, 2.4858390951346307, 1.1959187822177704], "Sigma": [[0.011045176244087457, -0.0032863148086906364, -0.016318573700999865], [-0.0032863148086906364, 0.0052241305443729595, 0.005897085244682821], [-0.016318573700999865, 0.005897085244682821, 0.038464584286234324]], "chi2_level": 0.99, "chi2_df": 3, "chi2_threshold": 11.344866730144373, "N_raw": 59, "N_roi": 59, "N_inlier": 55, "refit": true}
{"timestamp": "15:23:58.145633", "frame": 88, "mu": [-0.11736030214873236, 2.448940422047496, 0.7211883034329175], "Sigma": [[0.009724668136556444, -0.002713588756465662, -0.016248823328697197], [-0.0027135887564656617, 0.006449594784042692, -0.011270189444792321], [-0.016248823328697197, -0.011270189444792317, 0.33220559179377523]], "chi2_level": 0.99, "chi2_df": 3, "chi2_threshold": 11.344866730144373, "N_raw": 81, "N_roi": 80, "N_inlier": 77, "refit": true}
{"timestamp": "15:23:58.193181", "frame": 89, "mu": [-0.25931894349778684, 2.7101534540245416, -1.0966587667823309], "Sigma": [[0.00672318654650488, -0.004429034040735108, 0.0317172755262266], [-0.004429034040735108, 0.017417490008502356, -0.08684457123053443], [0.0317172755262266, -0.08684457123053443, 0.47858081445507716]], "chi2_level": 0.99, "chi2_df": 3, "chi2_threshold": 11.344866730144373, "N_raw": 32, "N_roi": 29, "N_inlier": 27, "refit": true}
{"timestamp": "15:23:58.255352", "frame": 90, "mu": [-0.31585377784958296, 2.331861262319696, 1.0323994037100648], "Sigma": [[0.010453891570920108, 2.9259048614675384e-05, -0.006492641176816136], [2.925904861467517e-05, 0.006381440897605392, 0.013865124937563155], [-0.006492641176816137, 0.013865124937563155, 0.30896805503607727]], "chi2_level": 0.99, "chi2_df": 3, "chi2_threshold": 11.344866730144373, "N_raw": 85, "N_roi": 85, "N_inlier": 84, "refit": true}
{"timestamp": "15:23:58.309729", "frame": 91, "mu": [-0.3630230484602753, 2.297164951247449, 1.2064815993468407], "Sigma": [[0.01507075135952886, -0.0004090512208859181, -0.025985502512010688], [-0.0004090512208859182, 0.0026825402604693004, -0.000999371209977567], [-0.025985502512010688, -0.0009993712099775664, 0.06690053722673323]], "chi2_level": 0.99, "chi2_df": 3, "chi2_threshold": 11.344866730144373, "N_raw": 72, "N_roi": 69, "N_inlier": 65, "refit": true}
{"timestamp": "15:23:58.362541", "frame": 92, "mu": [-0.3734256969545628, 2.3338533273912403, 1.100430775888122], "Sigma": [[0.010058670726498959, -0.002632038216842108, -0.014384025388664816], [-0.0026320382168421074, 0.0036927303498235043, 1.4165210337924606e-05], [-0.014384025388664816, 1.4165210337924606e-05, 0.03130785427098469]], "chi2_level": 0.99, "chi2_df": 3, "chi2_threshold": 11.344866730144373, "N_raw": 62, "N_roi": 59, "N_inlier": 55, "refit": true}
{"timestamp": "15:23:58.418725", "frame": 93, "mu": [-0.3339667111794293, 2.477154259321399, -0.6838292992666201], "Sigma": [[0.008053625674425644, 0.0002936543552833409, -0.005472058622624015], [0.0002936543552833409, 0.01549189391861768, -0.05176511728173837], [-0.005472058622624014, -0.05176511728173837, 0.19370077533551455]], "chi2_level": 0.99, "chi2_df": 3, "chi2_threshold": 11.344866730144373, "N_raw": 72, "N_roi": 72, "N_inlier": 68, "refit": true}
{"timestamp": "15:23:58.474075", "frame": 94, "mu": [-0.47480412184281, 2.101351430021078, 0.3743110745960052], "Sigma": [[0.012174400816636854, -0.008911463919225343, -0.04225269608593065], [-0.008911463919225343, 0.016447490524934397, 0.06393195700997908], [-0.04225269608593065, 0.06393195700997908, 0.5834897240112913]], "chi2_level": 0.99, "chi2_df": 3, "chi2_threshold": 11.344866730144373, "N_raw": 69, "N_roi": 69, "N_inlier": 69, "refit": true}
{"timestamp": "15:23:58.532132", "frame": 95, "mu": [-0.5375504305799331, 2.138015975240726, 1.1227922154639611], "Sigma": [[0.010458400183321373, 0.0007318571980328959, -0.01982741776562955], [0.0007318571980328959, 0.002564447078998807, -0.006475965313033733], [-0.019827417765629553, -0.006475965313033734, 0.06590743414939251]], "chi2_level": 0.99, "chi2_df": 3, "chi2_threshold": 11.344866730144373, "N_raw": 87, "N_roi": 85, "N_inlier": 80, "refit": true}
{"timestamp": "15:23:58.585123", "frame": 96, "mu": [-0.5100453552952082, 2.118133961356346, 0.9973647969552637], "Sigma": [[0.009282906672237379, 0.00037696664693960725, -0.011366701380286202], [0.00037696664693960725, 0.0021482682509976264, -0.004397851332295307], [-0.0113667013802862, -0.004397851332295307, 0.2579614882663384]], "chi2_level": 0.99, "chi2_df": 3, "chi2_threshold": 11.344866730144373, "N_raw": 84, "N_roi": 83, "N_inlier": 81, "refit": true}
{"timestamp": "15:23:58.635625", "frame": 97, "mu": [-0.5195044663037931, 2.07349147275048, 1.0578926372006128], "Sigma": [[0.011797486779093947, 0.0019725307097838984, -0.013250087809632334], [0.0019725307097838984, 0.00607573483692734, -0.016757698907211162], [-0.013250087809632334, -0.01675769890721116, 0.11524013372377123]], "chi2_level": 0.99, "chi2_df": 3, "chi2_threshold": 11.344866730144373, "N_raw": 49, "N_roi": 49, "N_inlier": 45, "refit": true}
{"timestamp": "15:23:58.691968", "frame": 98, "mu": [-0.5897868465463585, 2.020575153628039, 1.0596410264713163], "Sigma": [[0.007725184356949387, 0.001263021135381257, -0.010598382691169953], [0.001263021135381257, 0.0016960181200249868, -0.004669799009159724], [-0.010598382691169955, -0.004669799009159724, 0.04908993964635415]], "chi2_level": 0.99, "chi2_df": 3, "chi2_threshold": 11.344866730144373, "N_raw": 60, "N_roi": 60, "N_inlier": 53, "refit": true}
{"timestamp": "15:23:58.741463", "frame": 99, "mu": [-0.5617496655501129, 1.942180279855085, 0.5913463694080271], "Sigma": [[0.00730433604545564, 0.0036161541191190977, 0.028763193504625417], [0.0036161541191190977, 0.013963868782002576, -0.009188634180418868], [0.028763193504625417, -0.009188634180418868, 0.23875317590889347]], "chi2_level": 0.99, "chi2_df": 3, "chi2_threshold": 11.344866730144373, "N_raw": 23, "N_roi": 23, "N_inlier": 21, "refit": true}
{"timestamp": "15:23:58.907549", "frame": 100, "mu": [-0.5917053801772459, 1.898673773971394, 0.9648060168663125], "Sigma": [[0.006509069472796153, -0.002283358022612171, -0.008064140337853536], [-0.002283358022612171, 0.0012181258761267092, 0.0017600328014994175], [-0.008064140337853536, 0.0017600328014994175, 0.028114969233570777]], "chi2_level": 0.99, "chi2_df": 3, "chi2_threshold": 11.344866730144373, "N_raw": 55, "N_roi": 55, "N_inlier": 51, "refit": true}
{"timestamp": "15:23:58.913214", "frame": 101, "mu": [-0.6764079702481577, 1.8544001017160125, 0.9162786255433611], "Sigma": [[0.007836221706342164, -0.0002861686261061298, -0.008458818002202398], [-0.0002861686261061299, 0.0005830226905010023, -0.001769030742994821], [-0.008458818002202398, -0.001769030742994821, 0.024005381947411163]], "chi2_level": 0.99, "chi2_df": 3, "chi2_threshold": 11.344866730144373, "N_raw": 45, "N_roi": 45, "N_inlier": 42, "refit": true}
{"timestamp": "15:23:58.954001", "frame": 102, "mu": [-0.7289367622621059, 1.840945991324897, 1.04871303943751], "Sigma": [[0.005861733919524599, 0.00027882070019428996, -0.00720341450268451], [0.00027882070019428996, 0.001088756067235654, 0.0032293990437780927], [-0.00720341450268451, 0.0032293990437780927, 0.076060725388718]], "chi2_level": 0.99, "chi2_df": 3, "chi2_threshold": 11.344866730144373, "N_raw": 36, "N_roi": 36, "N_inlier": 32, "refit": true}
{"timestamp": "15:23:58.977669", "frame": 103, "mu": [-0.8282658870783763, 1.8056225456425212, 1.2876238050766222], "Sigma": [[0.005684604565425632, -0.00044480295378690476, -0.004379368333077464], [-0.00044480295378690476, 0.001920667525977168, -0.000737546583607941], [-0.004379368333077464, -0.000737546583607941, 0.004355794247987202]], "chi2_level": 0.99, "chi2_df": 3, "chi2_threshold": 11.344866730144373, "N_raw": 32, "N_roi": 31, "N_inlier": 29, "refit": true}
{"timestamp": "15:23:59.016921", "frame": 104, "mu": [-0.9305417709461444, 1.8195208963625054, -0.2743668962507614], "Sigma": [[0.0071465972987398525, 0.009559074941072162, -0.0013277862452287298], [0.009559074941072164, 0.018393215901187865, 0.0026637427598667656], [-0.0013277862452287295, 0.002663742759866766, 0.031372270102339575]], "chi2_level": 0.99, "chi2_df": 3, "chi2_threshold": 11.344866730144373, "N_raw": 38, "N_roi": 38, "N_inlier": 36, "refit": true}
{"timestamp": "15:23:59.071880", "frame": 105, "mu": [-0.9263691650368657, 1.8256404888187674, -0.3242543741320395], "Sigma": [[0.0031800225513997395, 0.0015693240637634736, -0.004720140317918383], [0.0015693240637634736, 0.004029588436533923, -0.006753252068426093], [-0.004720140317918383, -0.006753252068426094, 0.014284873413203133]], "chi2_level": 0.99, "chi2_df": 3, "chi2_threshold": 11.344866730144373, "N_raw": 34, "N_roi": 34, "N_inlier": 31, "refit": true}
{"timestamp": "15:23:59.126562", "frame": 106, "mu": [-1.012020045410564, 1.5490241838635206, 1.0055352875729073], "Sigma": [[0.011902959704431776, -1.1614859813641503e-05, -0.050104398965857715], [-1.1614859813641666e-05, 0.006611316097627422, 0.00011895628143741149], [-0.05010439896585772, 0.00011895628143740976, 0.4493694135296565]], "chi2_level": 0.99, "chi2_df": 3, "chi2_threshold": 11.344866730144373, "N_raw": 21, "N_roi": 21, "N_inlier": 18, "refit": true}
{"timestamp": "15:23:59.184968", "frame": 107, "mu": [-0.9993196647847633, 1.7469745201529179, -0.44574818989500786], "Sigma": [[0.014875353536392072, 0.01624662884574366, -0.02839578255984653], [0.01624662884574366, 0.031652807950502494, -0.06808055400242374], [-0.02839578255984653, -0.06808055400242374, 0.17597582997183445]], "chi2_level": 0.99, "chi2_df": 3, "chi2_threshold": 11.344866730144373, "N_raw": 54, "N_roi": 54, "N_inlier": 48, "refit": true}
{"timestamp": "15:23:59.240380", "frame": 108, "mu": [-1.3393602923015269, 1.348316358140526, 1.724788067949753], "Sigma": [[0.040530967805864945, 0.028598971256558525, -0.0430559920328574], [0.028598971256558525, 0.024262799884764853, -0.031147873812576596], [-0.0430559920328574, -0.031147873812576596, 0.05424906431757578]], "chi2_level": 0.99, "chi2_df": 3, "chi2_threshold": 11.344866730144373, "N_raw": 55, "N_roi": 55, "N_inlier": 51, "refit": true}
{"timestamp": "15:23:59.294946", "frame": 109, "mu": [-1.2926300984031314, 1.3562965715450348, 1.6081377942427302], "Sigma": [[0.035766138647173096, 0.022265486861975343, -0.030028225783679974], [0.02226548686197534, 0.01913175698367458, -0.021886507132392114], [-0.030028225783679974, -0.021886507132392114, 0.02824290725130728]], "chi2_level": 0.99, "chi2_df": 3, "chi2_threshold": 11.344866730144373, "N_raw": 55, "N_roi": 55, "N_inlier": 53, "refit": true}
{"timestamp": "15:23:59.350475", "frame": 110, "mu": [-1.455938154146184, 1.24081083900186, 1.712554717898938], "Sigma": [[0.025031153688475367, 0.0171318105117818, -0.027882627641636265], [0.0171318105117818, 0.01597899320353041, -0.022602289321373918], [-0.027882627641636265, -0.022602289321373918, 0.043659479007233146]], "chi2_level": 0.99, "chi2_df": 3, "chi2_threshold": 11.344866730144373, "N_raw": 58, "N_roi": 58, "N_inlier": 55, "refit": true}
{"timestamp": "15:23:59.406909", "frame": 111, "mu": [-1.4719871064486456, 1.1747179202538682, 1.684565558076495], "Sigma": [[0.014186747145686348, 0.00740985583666502, -0.013269872853041534], [0.00740985583666502, 0.010175627075401822, -0.009366381425445568], [-0.013269872853041534, -0.009366381425445568, 0.014085101051784689]], "chi2_level": 0.99, "chi2_df": 3, "chi2_threshold": 11.344866730144373, "N_raw": 63, "N_roi": 63, "N_inlier": 60, "refit": true}
{"timestamp": "15:23:59.462842", "frame": 112, "mu": [-1.4492080800366967, 1.1472971487891879, 1.560175075939074], "Sigma": [[0.017601484928066704, 0.007790169002713265, -0.011705560963501383], [0.007790169002713267, 0.00891008054621199, -0.007576346700986471], [-0.011705560963501381, -0.007576346700986472, 0.009396859535380579]], "chi2_level": 0.99, "chi2_df": 3, "chi2_threshold": 11.344866730144373, "N_raw": 72, "N_roi": 72, "N_inlier": 71, "refit": true}
