{"timestamp": "15:43:35.834342", "frame": 24, "mu": [-2.4174969227024925, 4.007904973725106, 1.0054506215446828], "Sigma": [[0.00466856581472713, 0.0064994416808033485, -0.02352050253800579], [0.006499441680803349, 0.012446924159612004, -0.03822941092861389], [-0.02352050253800579, -0.038229410928613886, 0.13422889388018944]], "chi2_level": 0.99, "chi2_df": 3, "chi2_threshold": 11.344866730144373, "N_raw": 9, "N_roi": 6, "N_inlier": 6, "refit": true}
{"timestamp": "15:43:35.945108", "frame": 26, "mu": [-2.2747814591023707, 3.9921086606854064, 0.8545325416537874], "Sigma": [[0.007040382600435879, 0.0014781490589957954, 0.017984690283372445], [0.0014781490589957954, 0.0022645445108647796, -0.0014461274520962551], [0.01798469028337244, -0.0014461274520962551, 0.17060347692317435]], "chi2_level": 0.99, "chi2_df": 3, "chi2_threshold": 11.344866730144373, "N_raw": 11, "N_roi": 11, "N_inlier": 10, "refit": true}
{"timestamp": "15:43:36.110154", "frame": 29, "mu": [-2.1111839250830085, 3.9167625990290635, 0.8304935674682501], "Sigma": [[0.007373804259964651, 0.003963625902772372, -0.006824117683858289], [0.003963625902772372, 0.005135803607138095, -0.005217899575511832], [-0.006824117683858289, -0.005217899575511832, 0.008689028111907622]], "chi2_level": 0.99, "chi2_df": 3, "chi2_threshold": 11.344866730144373, "N_raw": 18, "N_roi": 14, "N_inlier": 14, "refit": true}
{"timestamp": "15:43:36.166186", "frame": 30, "mu": [-2.001203500318587, 4.125690767169773, -0.16240171549372578], "Sigma": [[0.012687892079005999, 0.006994280729426364, -0.009807841405836945], [0.006994280729426365, 0.006644783874838046, -0.007793458798664854], [-0.009807841405836945, -0.007793458798664854, 0.01067182211752953]], "chi2_level": 0.99, "chi2_df": 3, "chi2_threshold": 11.344866730144373, "N_raw": 21, "N_roi": 20, "N_inlier": 20, "refit": true}
{"timestamp": "15:43:36.221485", "frame": 31, "mu": [-1.7809767739560223, 4.095723370026413, 0.5145176125122615], "Sigma": [[0.009761602713689697, -0.0012904080134070726, -0.01778773950750822], [-0.001290408013407073, 0.020297819754245577, -0.02198345912043295], [-0.01778773950750822, -0.021983459120432945, 0.06604966272369728]], "chi2_level": 0.99, "chi2_df": 3, "chi2_threshold": 11.344866730144373, "N_raw": 10, "N_roi": 8, "N_inlier": 8, "refit": true}
{"timestamp": "15:43:36.387722", "frame": 34, "mu": [-1.5294218748408515, 4.057215746859669, 0.5896074263339822], "Sigma": [[0.01433443805319773, 0.003043671234275379, 0.0018407599845538022], [0.003043671234275379, 0.0026724339626840775, -0.009507447428556581], [0.001840759984553803, -0.009507447428556581, 0.07432651333723353]], "chi2_level": 0.99, "chi2_df": 3, "chi2_threshold": 11.344866730144373, "N_raw": 25, "N_roi": 25, "N_inlier": 24, "refit": true}
{"timestamp": "15:43:36.606109", "frame": 38, "mu": [-1.221450388640582, 4.001566829933434, 0.6601023369069003], "Sigma": [[0.005087332777077457, 0.0013319745897624152, -0.00807726087902167], [0.0013319745897624152, 0.005919263814384664, -0.026783293829284467], [-0.00807726087902167, -0.026783293829284467, 0.13039406850619956]], "chi2_level": 0.99, "chi2_df": 3, "chi2_threshold": 11.344866730144373, "N_raw": 8, "N_roi": 5, "N_inlier": 5, "refit": true}
{"timestamp": "15:43:36.662026", "frame": 39, "mu": [-1.1077850121459931, 4.048829104621994, 0.6010890574327284], "Sigma": [[0.008033732386005923, 0.0028635485883161883, -0.010317997839947213], [0.0028635485883161883, 0.008088242120492532, -0.03806125769619146], [-0.010317997839947215, -0.03806125769619146, 0.20151656711971047]], "chi2_level": 0.99, "chi2_df": 3, "chi2_threshold": 11.344866730144373, "N_raw": 17, "N_roi": 14, "N_inlier": 14, "refit": true}
{"timestamp": "15:43:36.719158", "frame": 40, "mu": [-1.0090617476803136, 4.024286315415734, 0.7817039346326154], "Sigma": [[0.016663722704608502, 0.0038430065718380864, -0.022233240785003695], [0.003843006571838087, 0.005093450936744263, -0.024237107133381775], [-0.022233240785003695, -0.02423710713338178, 0.13967648203917216]], "chi2_level": 0.99, "chi2_df": 3, "chi2_threshold": 11.344866730144373, "N_raw": 28, "N_roi": 28, "N_inlier": 27, "refit": true}
{"timestamp": "15:43:36.775226", "frame": 41, "mu": [-0.9084146621899938, 4.007519707704988, 0.786588648813564], "Sigma": [[0.012355989243339225, 0.0035813100813393136, -0.0163006927140283], [0.0035813100813393128, 0.004731374059429823, -0.009590426759895538], [-0.0163006927140283, -0.00959042675989554, 0.0370904337814069]], "chi2_level": 0.99, "chi2_df": 3, "chi2_threshold": 11.344866730144373, "N_raw": 28, "N_roi": 21, "N_inlier": 20, "refit": true}
{"timestamp": "15:43:36.833330", "frame": 42, "mu": [-0.9328759876099314, 4.07400803832051, 0.8919825812669396], "Sigma": [[0.009711339476407137, 0.0008429932952874, 0.0013689784442203036], [0.0008429932952873998, 0.0016184275856316957, -0.00452791101928483], [0.0013689784442203038, -0.00452791101928483, 0.024925629151997027]], "chi2_level": 0.99, "chi2_df": 3, "chi2_threshold": 11.344866730144373, "N_raw": 57, "N_roi": 34, "N_inlier": 34, "refit": true}
{"timestamp": "15:43:36.887674", "frame": 43, "mu": [-0.770243875850619, 4.103081956318485, 0.9566348298849374], "Sigma": [[0.026727194583192684, 0.0017252333469573488, -0.010694374809767265], [0.0017252333469573483, 0.003475200900827425, -0.002065591680150919], [-0.010694374809767265, -0.002065591680150919, 0.0068302369749888665]], "chi2_level": 0.99, "chi2_df": 3, "chi2_threshold": 11.344866730144373, "N_raw": 48, "N_roi": 45, "N_inlier": 42, "refit": true}
{"timestamp": "15:43:36.940613", "frame": 44, "mu": [-0.7635569034363546, 4.060117201404623, 1.0565582116239214], "Sigma": [[0.016895352385664687, 0.0019630865407744254, -0.0047022949627809375], [0.001963086540774426, 0.0030631450808325587, -0.0014223184695000312], [-0.0047022949627809375, -0.0014223184695000314, 0.0027889690750483864]], "chi2_level": 0.99, "chi2_df": 3, "chi2_threshold": 11.344866730144373, "N_raw": 31, "N_roi": 31, "N_inlier": 31, "refit": true}
{"timestamp": "15:43:36.991792", "frame": 45, "mu": [-0.7153727433046717, 4.0707245558385265, 1.058941315061777], "Sigma": [[0.00017609805885381656, 0.00040973067463554927, -0.0004397192117747313], [0.0004097306746355493, 0.0058307329243051575, -0.0033242023260282075], [-0.0004397192117747313, -0.0033242023260282075, 0.0032007434188395557]], "chi2_level": 0.99, "chi2_df": 3, "chi2_threshold": 11.344866730144373, "N_raw": 7, "N_roi": 5, "N_inlier": 5, "refit": true}
{"timestamp": "15:43:37.048216", "frame": 46, "mu": [-0.6082480064489353, 4.133191129825907, 1.1552846345423573], "Sigma": [[0.017273637631341047, 0.0020158215219752687, -0.004728575432576424], [0.0020158215219752687, 0.0021172100083499154, 0.0006696454051243839], [-0.004728575432576424, 0.0006696454051243839, 0.0029981817005584064]], "chi2_level": 0.99, "chi2_df": 3, "chi2_threshold": 11.344866730144373, "N_raw": 25, "N_roi": 21, "N_inlier": 20, "refit": true}
{"timestamp": "15:43:37.109332", "frame": 47, "mu": [-0.5170621279915192, 4.132427568788504, 1.2555214099837197], "Sigma": [[0.02765969768209218, 0.0016383873452781854, -0.009271690328534109], [0.0016383873452781854, 0.004119962148667327, 0.0012052915605044354], [-0.009271690328534109, 0.0012052915605044354, 0.005383203428677883]], "chi2_level": 0.99, "chi2_df": 3, "chi2_threshold": 11.344866730144373, "N_raw": 59, "N_roi": 41, "N_inlier": 40, "refit": true}
{"timestamp": "15:43:37.162542", "frame": 48, "mu": [-0.4668874388095252, 4.159268054360758, 1.019042555854275], "Sigma": [[0.005805232519590121, 0.0008244391348361414, -0.00021447265698805668], [0.0008244391348361414, 0.000960718625883052, -0.00022948473523094791], [-0.00021447265698805668, -0.00022948473523094791, 5.593310257748932e-05]], "chi2_level": 0.99, "chi2_df": 3, "chi2_threshold": 11.344866730144373, "N_raw": 46, "N_roi": 10, "N_inlier": 9, "refit": true}
{"timestamp": "15:43:37.212027", "frame": 49, "mu": [-0.2779318314946003, 4.155094170881975, 1.3198336278350915], "Sigma": [[0.00134368150301192, 0.00207064086124508, 0.0033416674748090068], [0.00207064086124508, 0.0045240875874991435, -0.0009133351419412516], [0.0033416674748090068, -0.0009133351419412516, 0.0481758794353989]], "chi2_level": 0.99, "chi2_df": 3, "chi2_threshold": 11.344866730144373, "N_raw": 7, "N_roi": 5, "N_inlier": 5, "refit": true}
{"timestamp": "15:43:37.267217", "frame": 50, "mu": [-0.2512706541477516, 4.209075018400715, 0.7668332133434977], "Sigma": [[0.0025353185326590843, 0.002373624994395814, -0.004924319086209107], [0.002373624994395814, 0.00859363205228513, -0.03491257008150096], [-0.004924319086209107, -0.03491257008150096, 0.27569464899493473]], "chi2_level": 0.99, "chi2_df": 3, "chi2_threshold": 11.344866730144373, "N_raw": 14, "N_roi": 11, "N_inlier": 11, "refit": true}
{"timestamp": "15:43:37.324816", "frame": 51, "mu": [-0.19106024224248017, 4.1653497714182945, 1.0596828676019863], "Sigma": [[0.009770166061390213, 0.00137439665519248, -0.0005826077661037777], [0.0013743966551924799, 0.005761780599375837, -0.020020555427830038], [-0.000582607766103778, -0.020020555427830038, 0.11841926678442705]], "chi2_level": 0.99, "chi2_df": 3, "chi2_threshold": 11.344866730144373, "N_raw": 33, "N_roi": 30, "N_inlier": 30, "refit": true}
{"timestamp": "15:43:37.434197", "frame": 53, "mu": [-0.1565880096315019, 4.352155083371862, 0.402896516666143], "Sigma": [[0.02436710462828187, -0.001379985581156879, -0.0012995998442541616], [-0.001379985581156879, 0.0017921085810201447, -0.001411553787974305], [-0.0012995998442541618, -0.0014115537879743048, 0.009258067052901322]], "chi2_level": 0.99, "chi2_df": 3, "chi2_threshold": 11.344866730144373, "N_raw": 29, "N_roi": 29, "N_inlier": 27, "refit": true}
{"timestamp": "15:43:37.486380", "frame": 54, "mu": [-0.020101051855081833, 4.321629346586503, 0.7567735859933491], "Sigma": [[0.0010855935099932982, -0.002111865082747753, 0.012205287180053126], [-0.002111865082747753, 0.008263140748058636, -0.035240669887627085], [0.012205287180053127, -0.035240669887627085, 0.17870202193877072]], "chi2_level": 0.99, "chi2_df": 3, "chi2_threshold": 11.344866730144373, "N_raw": 10, "N_roi": 6, "N_inlier": 6, "refit": true}
{"timestamp": "15:43:37.543521", "frame": 55, "mu": [0.13008327427907737, 4.2300340256034525, 1.048233856596639], "Sigma": [[0.011461946443518587, -0.001586537215229027, -0.007044288259976735], [-0.001586537215229027, 0.0029648349238379657, -0.007934543969294161], [-0.007044288259976735, -0.007934543969294161, 0.05042728852122273]], "chi2_level": 0.99, "chi2_df": 3, "chi2_threshold": 11.344866730144373, "N_raw": 29, "N_roi": 25, "N_inlier": 23, "refit": true}
{"timestamp": "15:43:37.598530", "frame": 56, "mu": [0.2046903940061437, 4.226952932440408, 1.0995353977820588], "Sigma": [[0.015857874040964462, -0.0025941138164356954, -0.008133378792231753], [-0.0025941138164356954, 0.0017509383013119076, 0.0005484891361893174], [-0.008133378792231753, 0.0005484891361893173, 0.005872927243124869]], "chi2_level": 0.99, "chi2_df": 3, "chi2_threshold": 11.344866730144373, "N_raw": 26, "N_roi": 24, "N_inlier": 23, "refit": true}
{"timestamp": "15:43:37.651251", "frame": 57, "mu": [0.25645344915652474, 4.2193409446237675, 0.826738249316543], "Sigma": [[0.0011482896150570162, -0.0013509130221249757, 0.009734287765132481], [-0.0013509130221249757, 0.002379967181254043, -0.01434949031792033], [0.009734287765132481, -0.01434949031792033, 0.23080264515234497]], "chi2_level": 0.99, "chi2_df": 3, "chi2_threshold": 11.344866730144373, "N_raw": 9, "N_roi": 7, "N_inlier": 7, "refit": true}
{"timestamp": "15:43:37.707722", "frame": 58, "mu": [0.2885906822881, 4.22987262514732, 0.9852878712248163], "Sigma": [[0.012048736539706744, -0.0012228149281872252, -0.00018674208541293963], [-0.0012228149281872252, 0.000989422625210598, -0.0015622771457791014], [-0.00018674208541293968, -0.0015622771457791012, 0.007887011364546703]], "chi2_level": 0.99, "chi2_df": 3, "chi2_threshold": 11.344866730144373, "N_raw": 21, "N_roi": 17, "N_inlier": 14, "refit": true}
{"timestamp": "15:43:37.760730", "frame": 59, "mu": [0.44437029608230194, 4.305258755091403, 1.0500011618020675], "Sigma": [[0.0013935881047172991, -3.947779219979123e-05, 0.001611008040086666], [-3.947779219979139e-05, 0.017103199141434884, -0.030901230986893857], [0.001611008040086666, -0.030901230986893853, 0.07343569688810479]], "chi2_level": 0.99, "chi2_df": 3, "chi2_threshold": 11.344866730144373, "N_raw": 8, "N_roi": 7, "N_inlier": 7, "refit": true}
{"timestamp": "15:43:37.819723", "frame": 60, "mu": [0.4798586661794973, 4.243479292369513, 1.110086450409629], "Sigma": [[0.015802458870623214, -0.0035701183448745366, -0.006686829780009486], [-0.0035701183448745366, 0.003297410616116137, -0.0020758391362631482], [-0.006686829780009486, -0.0020758391362631487, 0.014965069170208048]], "chi2_level": 0.99, "chi2_df": 3, "chi2_threshold": 11.344866730144373, "N_raw": 38, "N_roi": 37, "N_inlier": 35, "refit": true}
{"timestamp": "15:43:37.874471", "frame": 61, "mu": [0.5793094337757043, 4.355997874863685, 0.1638968685718088], "Sigma": [[0.015575871059616395, -0.0021702931134396954, -0.006381238321943939], [-0.0021702931134396954, 0.0026605676276962534, -0.0009473567634127873], [-0.0063812383219439385, -0.0009473567634127877, 0.009090433163633543]], "chi2_level": 0.99, "chi2_df": 3, "chi2_threshold": 11.344866730144373, "N_raw": 28, "N_roi": 25, "N_inlier": 24, "refit": true}
{"timestamp": "15:43:37.925533", "frame": 62, "mu": [0.5984056246026701, 4.262666975985342, 0.7722816726304051], "Sigma": [[0.008757933857864626, -0.002510425096456572, 0.01867196599807539], [-0.002510425096456572, 0.0014454394850435752, -0.007494938913036941], [0.01867196599807539, -0.0074949389130369425, 0.04806548948180332]], "chi2_level": 0.99, "chi2_df": 3, "chi2_threshold": 11.344866730144373, "N_raw": 5, "N_roi": 5, "N_inlier": 5, "refit": true}
{"timestamp": "15:43:37.981949", "frame": 63, "mu": [0.7175255346731029, 4.218366940951106, 0.9170544587283433], "Sigma": [[0.002700975325277145, -1.9395764439723124e-05, -0.008298846338985793], [-1.9395764439723124e-05, 0.006359307376107823, -0.021435033057345523], [-0.008298846338985793, -0.021435033057345523, 0.15220330356205705]], "chi2_level": 0.99, "chi2_df": 3, "chi2_threshold": 11.344866730144373, "N_raw": 7, "N_roi": 6, "N_inlier": 6, "refit": true}
{"timestamp": "15:43:38.037140", "frame": 64, "mu": [0.7513853247127679, 4.271857802179108, 0.7806756633104507], "Sigma": [[0.007289446407892437, -0.001137714442846629, -0.006505717350927672], [-0.001137714442846629, 0.012386436022921835, -0.024980211866413624], [-0.006505717350927671, -0.024980211866413624, 0.10700083079074676]], "chi2_level": 0.99, "chi2_df": 3, "chi2_threshold": 11.344866730144373, "N_raw": 14, "N_roi": 10, "N_inlier": 10, "refit": true}
{"timestamp": "15:43:38.091207", "frame": 65, "mu": [0.7705750580289394, 4.270885986775199, 1.0851355444625979], "Sigma": [[0.0006959532307771408, 0.0013609907760916212, -0.004288282940945576], [0.0013609907760916214, 0.005906103428838234, -0.013558075681304243], [-0.004288282940945576, -0.013558075681304241, 0.13572165625088434]], "chi2_level": 0.99, "chi2_df": 3, "chi2_threshold": 11.344866730144373, "N_raw": 8, "N_roi": 5, "N_inlier": 5, "refit": true}
{"timestamp": "15:43:38.147798", "frame": 66, "mu": [0.9248922083851018, 4.239140149495212, 0.8453144617973176], "Sigma": [[0.008417896422936128, 0.013465457143612327, -0.018815782218558716], [0.013465457143612327, 0.026837885135981208, -0.032326970006407135], [-0.018815782218558716, -0.032326970006407135, 0.04985180840263227]], "chi2_level": 0.99, "chi2_df": 3, "chi2_threshold": 11.344866730144373, "N_raw": 11, "N_roi": 8, "N_inlier": 8, "refit": true}
{"timestamp": "15:43:38.200731", "frame": 67, "mu": [1.071634153256262, 4.301956610697323, 0.6514480522709013], "Sigma": [[0.026168217007377127, 0.026303697855121107, -0.05198902859476619], [0.026303697855121107, 0.028209882648414487, -0.054001096561683296], [-0.05198902859476619, -0.0540010965616833, 0.10692893328914929]], "chi2_level": 0.99, "chi2_df": 3, "chi2_threshold": 11.344866730144373, "N_raw": 6, "N_roi": 6, "N_inlier": 6, "refit": true}
{"timestamp": "15:43:38.255908", "frame": 68, "mu": [0.954724073639049, 4.1397772225381955, 0.8156216154479334], "Sigma": [[0.008980330772124841, -0.0018510606038122837, 0.0007050131223232754], [-0.001851060603812284, 0.013270020195459064, -0.012596509560147039], [0.0007050131223232754, -0.012596509560147039, 0.012436073167840896]], "chi2_level": 0.99, "chi2_df": 3, "chi2_threshold": 11.344866730144373, "N_raw": 13, "N_roi": 13, "N_inlier": 13, "refit": true}
{"timestamp": "15:43:38.365885", "frame": 70, "mu": [1.1158914982769197, 4.283348831026689, 0.6997440646331634], "Sigma": [[0.0036669996082776325, -0.004021885779710305, 0.009408575024389045], [-0.004021885779710305, 0.02891288191741145, -0.06357373286934254], [0.009408575024389045, -0.06357373286934254, 0.14230002485897902]], "chi2_level": 0.99, "chi2_df": 3, "chi2_threshold": 11.344866730144373, "N_raw": 6, "N_roi": 6, "N_inlier": 6, "refit": true}
{"timestamp": "15:43:38.421981", "frame": 71, "mu": [1.215863984029162, 4.239889544723238, 0.22888221012065918], "Sigma": [[0.007605020821507056, -0.002712050853817184, -0.0018756193756179432], [-0.002712050853817184, 0.027903691944885387, -0.036948488639917614], [-0.0018756193756179432, -0.036948488639917614, 0.05560371635995562]], "chi2_level": 0.99, "chi2_df": 3, "chi2_threshold": 11.344866730144373, "N_raw": 14, "N_roi": 14, "N_inlier": 13, "refit": true}
{"timestamp": "15:43:38.585255", "frame": 74, "mu": [1.4544687005841024, 4.002552223630651, 1.0884978535093754], "Sigma": [[0.00975839478075489, 0.0024401954209845385, -0.010925216466496364], [0.0024401954209845385, 0.0009293336296557391, -0.0035784840180658755], [-0.010925216466496364, -0.0035784840180658755, 0.01555563265221427]], "chi2_level": 0.99, "chi2_df": 3, "chi2_threshold": 11.344866730144373, "N_raw": 5, "N_roi": 5, "N_inlier": 5, "refit": true}
{"timestamp": "15:43:38.697716", "frame": 76, "mu": [1.5276119479477783, 3.9499351004093706, 1.062398114249903], "Sigma": [[0.006563695219445084, -0.0012255466839939636, -0.0008253321634379832], [-0.0012255466839939636, 0.002123200994378868, -0.0005674844435562911], [-0.0008253321634379832, -0.0005674844435562911, 0.0005574242624363121]], "chi2_level": 0.99, "chi2_df": 3, "chi2_threshold": 11.344866730144373, "N_raw": 16, "N_roi": 15, "N_inlier": 13, "refit": true}
{"timestamp": "15:43:38.751396", "frame": 77, "mu": [1.5865027753402847, 3.9197143042700056, 0.49395764974140144], "Sigma": [[0.0056278266395014855, -0.0014208087201907278, 0.01870008382552145], [-0.001420808720190728, 0.009546787922343881, -0.04071644100314299], [0.018700083825521446, -0.04071644100314299, 0.2268005785837812]], "chi2_level": 0.99, "chi2_df": 3, "chi2_threshold": 11.344866730144373, "N_raw": 7, "N_roi": 7, "N_inlier": 7, "refit": true}
{"timestamp": "15:43:38.804558", "frame": 78, "mu": [1.6140877687704198, 3.8635782299664867, 1.032634225632658], "Sigma": [[0.002172650227293077, -0.00018664566838649945, 0.005273626480959521], [-0.0001866456683864995, 0.0013833426645428, -0.01633958345189781], [0.005273626480959522, -0.01633958345189781, 0.21412056101986235]], "chi2_level": 0.99, "chi2_df": 3, "chi2_threshold": 11.344866730144373, "N_raw": 5, "N_roi": 5, "N_inlier": 5, "refit": true}
{"timestamp": "15:43:38.861366", "frame": 79, "mu": [1.6014708891615925, 3.8209040917186488, 1.0957257275798695], "Sigma": [[0.00673756761565317, -0.0014389896451950904, -0.0015386398441688974], [-0.0014389896451950906, 0.001866180884096261, -0.002002690412659526], [-0.0015386398441688972, -0.002002690412659526, 0.004867727818064942]], "chi2_level": 0.99, "chi2_df": 3, "chi2_threshold": 11.344866730144373, "N_raw": 12, "N_roi": 12, "N_inlier": 12, "refit": true}
{"timestamp": "15:43:38.915710", "frame": 80, "mu": [1.6217130224434166, 3.777150572909637, 0.9634464450466352], "Sigma": [[0.0020298246337652564, 0.0004487078697645848, -0.005002331429779401], [0.00044870786976458475, 0.0005237060196009844, -0.005236354720715106], [-0.005002331429779401, -0.005236354720715106, 0.06170609829286376]], "chi2_level": 0.99, "chi2_df": 3, "chi2_threshold": 11.344866730144373, "N_raw": 6, "N_roi": 5, "N_inlier": 5, "refit": true}
{"timestamp": "15:43:38.974127", "frame": 81, "mu": [1.649809146144295, 3.7308806244647377, 0.7782098866923403], "Sigma": [[0.023715265189434, -0.011341915118753328, -0.011066133011978764], [-0.011341915118753328, 0.007057578994725683, 0.004486414440320125], [-0.011066133011978764, 0.004486414440320125, 0.009320842034557799]], "chi2_level": 0.99, "chi2_df": 3, "chi2_threshold": 11.344866730144373, "N_raw": 30, "N_roi": 30, "N_inlier": 28, "refit": true}
{"timestamp": "15:43:39.032242", "frame": 82, "mu": [1.6902089974882386, 3.8446542253240463, -0.06815330426688844], "Sigma": [[0.02020538551610334, -0.007904696791270375, -0.006109412677820442], [-0.007904696791270377, 0.008729872696363505, -0.006168745006620457], [-0.006109412677820442, -0.006168745006620456, 0.017697308946880298]], "chi2_level": 0.99, "chi2_df": 3, "chi2_threshold": 11.344866730144373, "N_raw": 47, "N_roi": 47, "N_inlier": 47, "refit": true}
{"timestamp": "15:43:39.083939", "frame": 83, "mu": [1.626393088839374, 3.7066630685859208, 0.955025278391289], "Sigma": [[0.009702628802199482, -0.0048175015245342685, -0.0010489209359147164], [-0.0048175015245342685, 0.003920214371681195, -0.004669557649778622], [-0.0010489209359147167, -0.004669557649778622, 0.026695954710450415]], "chi2_level": 0.99, "chi2_df": 3, "chi2_threshold": 11.344866730144373, "N_raw": 23, "N_roi": 23, "N_inlier": 22, "refit": true}
{"timestamp": "15:43:39.138218", "frame": 84, "mu": [1.6223296540003338, 3.6655719869127235, 0.8488489520513823], "Sigma": [[0.009870326359365576, -0.003972670564792198, 0.0005841152435247032], [-0.003972670564792198, 0.003028020915897345, -0.0028328879482794255], [0.0005841152435247031, -0.0028328879482794264, 0.01054669603634007]], "chi2_level": 0.99, "chi2_df": 3, "chi2_threshold": 11.344866730144373, "N_raw": 24, "N_roi": 23, "N_inlier": 23, "refit": true}
{"timestamp": "15:43:39.193222", "frame": 85, "mu": [1.7014882645446185, 3.591117445999154, 1.0687053197242646], "Sigma": [[0.010029006900748814, -0.004406577014674237, -0.005113211898233759], [-0.004406577014674237, 0.0032465951102557795, -0.0002664824861589021], [-0.005113211898233759, -0.00026648248615890216, 0.031543689827698965]], "chi2_level": 0.99, "chi2_df": 3, "chi2_threshold": 11.344866730144373, "N_raw": 20, "N_roi": 19, "N_inlier": 18, "refit": true}
{"timestamp": "15:43:39.246838", "frame": 86, "mu": [1.7293551592641268, 3.5217059157606663, 1.0776318594813887], "Sigma": [[0.01024259994751594, -0.0011563349771807016, -0.019616877557748037], [-0.0011563349771807013, 0.001387336133918668, 0.007371017634196025], [-0.01961687755774803, 0.007371017634196025, 0.06499581116755847]], "chi2_level": 0.99, "chi2_df": 3, "chi2_threshold": 11.344866730144373, "N_raw": 6, "N_roi": 5, "N_inlier": 5, "refit": true}
{"timestamp": "15:43:39.309056", "frame": 87, "mu": [1.7092444773868227, 3.500813596430633, 1.071296619004224], "Sigma": [[0.02280688420358491, -0.012232144742721204, -0.014674337602539425], [-0.012232144742721204, 0.007910638891810132, 0.0027730469196627482], [-0.014674337602539424, 0.0027730469196627482, 0.04592005682649264]], "chi2_level": 0.99, "chi2_df": 3, "chi2_threshold": 11.344866730144373, "N_raw": 58, "N_roi": 54, "N_inlier": 53, "refit": true}
{"timestamp": "15:43:39.363590", "frame": 88, "mu": [1.7544578179718675, 3.5585422215861637, -0.1118823748146037], "Sigma": [[0.02500727208359163, -0.008294775075112762, -0.01990252760537515], [-0.008294775075112762, 0.008083770822855841, 0.0006950923249998316], [-0.01990252760537515, 0.0006950923249998312, 0.024569940396639307]], "chi2_level": 0.99, "chi2_df": 3, "chi2_threshold": 11.344866730144373, "N_raw": 48, "N_roi": 47, "N_inlier": 47, "refit": true}
{"timestamp": "15:43:39.420121", "frame": 89, "mu": [1.7241902285652335, 3.415934810277483, 0.8408836670025386], "Sigma": [[0.020182644814468714, -0.013241344293801884, -0.01442559876217003], [-0.013241344293801884, 0.01264018020971531, 8.366729384627408e-05], [-0.01442559876217003, 8.366729384627386e-05, 0.051743841729417976]], "chi2_level": 0.99, "chi2_df": 3, "chi2_threshold": 11.344866730144373, "N_raw": 69, "N_roi": 69, "N_inlier": 69, "refit": true}
{"timestamp": "15:43:39.467720", "frame": 90, "mu": [1.6854959660235034, 3.4686026236398244, 0.9344455858865908], "Sigma": [[0.011613895207430577, -0.001015275612482467, -0.023064553380346978], [-0.0010152756124824672, 0.005118964724596624, -0.006706048808004613], [-0.02306455338034698, -0.006706048808004614, 0.07906659632621571]], "chi2_level": 0.99, "chi2_df": 3, "chi2_threshold": 11.344866730144373, "N_raw": 15, "N_roi": 13, "N_inlier": 13, "refit": true}
{"timestamp": "15:43:39.521327", "frame": 91, "mu": [1.6501580008332126, 3.3433460776377184, 0.9550540853811244], "Sigma": [[0.005259826049145553, -0.0011175890464695589, -0.01550356304692722], [-0.0011175890464695587, 0.0028190821468111536, -0.0026988147128572367], [-0.01550356304692722, -0.0026988147128572367, 0.06473474855313584]], "chi2_level": 0.99, "chi2_df": 3, "chi2_threshold": 11.344866730144373, "N_raw": 6, "N_roi": 6, "N_inlier": 6, "refit": true}
{"timestamp": "15:43:39.583615", "frame": 92, "mu": [1.6845210745532575, 3.4805511185999882, -0.3085057466517907], "Sigma": [[0.021852196443005078, -0.0097448670363655, -0.008449439888809055], [-0.009744867036365502, 0.01022916316631725, -0.0010775249280053371], [-0.008449439888809054, -0.0010775249280053373, 0.011920372944229053]], "chi2_level": 0.99, "chi2_df": 3, "chi2_threshold": 11.344866730144373, "N_raw": 55, "N_roi": 55, "N_inlier": 54, "refit": true}
{"timestamp": "15:43:39.633556", "frame": 93, "mu": [1.701522772977833, 3.247987082810858, 0.7301152575318807], "Sigma": [[0.00319097624555645, -0.004749116343824545, -0.0022836835863621063], [-0.004749116343824545, 0.012086475544009647, -0.0007476054882330503], [-0.0022836835863621063, -0.00074760548823305, 0.00656686102100595]], "chi2_level": 0.99, "chi2_df": 3, "chi2_threshold": 11.344866730144373, "N_raw": 9, "N_roi": 9, "N_inlier": 9, "refit": true}
{"timestamp": "15:43:39.695039", "frame": 94, "mu": [1.640000108593523, 3.26500524804137, 0.7505962575972811], "Sigma": [[0.017507149442188865, -0.013663168639423122, -0.00899222490294235], [-0.013663168639423122, 0.01951161674647185, 0.000772161890365843], [-0.00899222490294235, 0.000772161890365843, 0.01490692225020188]], "chi2_level": 0.99, "chi2_df": 3, "chi2_threshold": 11.344866730144373, "N_raw": 64, "N_roi": 60, "N_inlier": 58, "refit": true}
{"timestamp": "15:43:39.741935", "frame": 95, "mu": [1.4070168377353482, 2.9581921164920177, 0.9924463245058237], "Sigma": [[0.2072606056289994, 0.37443165011725177, -0.19498391940744542], [0.3744316501172517, 0.7662955392052402, -0.31186569631111705], [-0.1949839194074454, -0.3118656963111171, 0.2992115504548531]], "chi2_level": 0.99, "chi2_df": 3, "chi2_threshold": 11.344866730144373, "N_raw": 7, "N_roi": 7, "N_inlier": 7, "refit": true}
{"timestamp": "15:43:39.798230", "frame": 96, "mu": [1.5162891203589175, 3.2204278467338243, 0.7121138250505485], "Sigma": [[0.008288078295114154, -0.005084244888640383, -0.015511429414815165], [-0.0050842448886403825, 0.01645441297184283, -0.011976481354878048], [-0.015511429414815165, -0.011976481354878046, 0.0784365674984166]], "chi2_level": 0.99, "chi2_df": 3, "chi2_threshold": 11.344866730144373, "N_raw": 18, "N_roi": 18, "N_inlier": 17, "refit": true}
{"timestamp": "15:43:39.852555", "frame": 97, "mu": [1.4122098957256815, 3.302162485563827, 0.7211805391320567], "Sigma": [[0.01362439273968703, -0.013792764252682714, -0.023921346898340842], [-0.013792764252682712, 0.031194658017900667, 0.02303674479469333], [-0.02392134689834084, 0.02303674479469333, 0.18998328928134464]], "chi2_level": 0.99, "chi2_df": 3, "chi2_threshold": 11.344866730144373, "N_raw": 13, "N_roi": 13, "N_inlier": 13, "refit": true}
{"timestamp": "15:43:39.911920", "frame": 98, "mu": [1.4685489499549913, 3.112336827051271, 0.7907574429265142], "Sigma": [[0.019279040718318326, -0.01453438592355302, -0.022695460801722262], [-0.01453438592355302, 0.013782157523443353, 0.0152267228493231], [-0.022695460801722262, 0.0152267228493231, 0.03419454926426399]], "chi2_level": 0.99, "chi2_df": 3, "chi2_threshold": 11.344866730144373, "N_raw": 43, "N_roi": 41, "N_inlier": 39, "refit": true}
{"timestamp": "15:43:39.966606", "frame": 99, "mu": [1.3481920969970451, 3.160527473377036, 0.9173366179557843], "Sigma": [[0.016587398715836088, -0.011228443124786387, -0.027082073226967297], [-0.011228443124786387, 0.010287830751400988, 0.016918213187041637], [-0.027082073226967297, 0.016918213187041637, 0.09979138354368186]], "chi2_level": 0.99, "chi2_df": 3, "chi2_threshold": 11.344866730144373, "N_raw": 43, "N_roi": 43, "N_inlier": 41, "refit": true}
{"timestamp": "15:43:40.069302", "frame": 100, "mu": [1.2265286311000918, 3.2236315055763534, 0.94499144404886], "Sigma": [[0.010008837856483639, -0.00427592696068166, -0.027891776904272265], [-0.00427592696068166, 0.0037672271932038233, 0.018231248315034525], [-0.027891776904272265, 0.018231248315034525, 0.22529203419950622]], "chi2_level": 0.99, "chi2_df": 3, "chi2_threshold": 11.344866730144373, "N_raw": 22, "N_roi": 20, "N_inlier": 20, "refit": true}
{"timestamp": "15:43:40.099180", "frame": 101, "mu": [1.1838418968224116, 3.0653972363194995, 1.1016576178294777], "Sigma": [[0.014802909570679116, -0.008867744123935147, -0.016618024368608743], [-0.008867744123935147, 0.008192104377458499, 0.008626047979872055], [-0.016618024368608743, 0.008626047979872053, 0.02084902465962981]], "chi2_level": 0.99, "chi2_df": 3, "chi2_threshold": 11.344866730144373, "N_raw": 40, "N_roi": 40, "N_inlier": 38, "refit": true}
{"timestamp": "15:43:40.129366", "frame": 102, "mu": [1.1198817379048744, 3.128806195677919, 0.5287852129127482], "Sigma": [[0.0007630479179766902, -0.0001918492196407514, 0.009713576419105394], [-0.0001918492196407515, 0.007499088544753583, -0.04232698897957895], [0.009713576419105394, -0.04232698897957895, 0.4051784821723205]], "chi2_level": 0.99, "chi2_df": 3, "chi2_threshold": 11.344866730144373, "N_raw": 9, "N_roi": 9, "N_inlier": 9, "refit": true}
{"timestamp": "15:43:40.181262", "frame": 103, "mu": [0.9765533636714061, 3.2269403353033765, 0.8836452086304358], "Sigma": [[0.009373155035477492, 0.0024076499162512645, -0.053854690282963226], [0.0024076499162512645, 0.003948885270133605, -0.016780595448032745], [-0.05385469028296322, -0.016780595448032745, 0.41553420147952796]], "chi2_level": 0.99, "chi2_df": 3, "chi2_threshold": 11.344866730144373, "N_raw": 10, "N_roi": 9, "N_inlier": 9, "refit": true}
{"timestamp": "15:43:40.236200", "frame": 104, "mu": [1.0355828096068087, 3.2301388283228634, 0.6048927366677176], "Sigma": [[0.034867203644075195, -0.0024627372506152378, -0.11565610517233756], [-0.0024627372506152386, 0.0021913965269539566, 0.012669312166963568], [-0.11565610517233757, 0.012669312166963567, 0.4412514472274632]], "chi2_level": 0.99, "chi2_df": 3, "chi2_threshold": 11.344866730144373, "N_raw": 9, "N_roi": 9, "N_inlier": 9, "refit": true}
{"timestamp": "15:43:40.291346", "frame": 105, "mu": [0.8458260987337858, 3.1444252912059327, 0.6408742024740745], "Sigma": [[0.0035060425821544054, -0.0036304608248650615, 0.0224344515424509], [-0.0036304608248650615, 0.00770609499204623, -0.04293683865656945], [0.0224344515424509, -0.04293683865656945, 0.25025093325815495]], "chi2_level": 0.99, "chi2_df": 3, "chi2_threshold": 11.344866730144373, "N_raw": 9, "N_roi": 6, "N_inlier": 6, "refit": true}
{"timestamp": "15:43:40.350307", "frame": 106, "mu": [0.6973263006278677, 3.1624411556294922, -1.01094522791442], "Sigma": [[0.013244784231608386, 0.004117822344677763, 0.023664391682785696], [0.004117822344677763, 0.005661242831214226, 0.017296276852848166], [0.0236643916827857, 0.017296276852848166, 0.10879046616932601]], "chi2_level": 0.99, "chi2_df": 3, "chi2_threshold": 11.344866730144373, "N_raw": 39, "N_roi": 39, "N_inlier": 37, "refit": true}
{"timestamp": "15:43:40.406348", "frame": 107, "mu": [0.6557416550598103, 3.1734161585099843, 1.1641583525861592], "Sigma": [[0.011883401984275977, -0.00586178688676443, -0.012017051090582237], [-0.00586178688676443, 0.0065978299634035465, 0.006682174804983855], [-0.012017051090582239, 0.006682174804983855, 0.014769041576817127]], "chi2_level": 0.99, "chi2_df": 3, "chi2_threshold": 11.344866730144373, "N_raw": 39, "N_roi": 39, "N_inlier": 37, "refit": true}
{"timestamp": "15:43:40.460425", "frame": 108, "mu": [0.5934269985552495, 3.201550074546857, 1.2288400888622923], "Sigma": [[0.012591600758825513, -0.0044406132482697706, -0.006692696222792593], [-0.00444061324826977, 0.004764693654736278, 0.002302731139861733], [-0.006692696222792593, 0.0023027311398617326, 0.007190994706679988]], "chi2_level": 0.99, "chi2_df": 3, "chi2_threshold": 11.344866730144373, "N_raw": 40, "N_roi": 40, "N_inlier": 38, "refit": true}
{"timestamp": "15:43:40.513822", "frame": 109, "mu": [0.5345173325596331, 3.2053068768638444, 1.2994160704511157], "Sigma": [[0.008771002346564706, -0.0032925648462118, -0.008046275193332262], [-0.0032925648462118, 0.004616411217533195, 0.004576405637687142], [-0.008046275193332262, 0.004576405637687142, 0.008992835196199348]], "chi2_level": 0.99, "chi2_df": 3, "chi2_threshold": 11.344866730144373, "N_raw": 25, "N_roi": 24, "N_inlier": 24, "refit": true}
{"timestamp": "15:43:40.565866", "frame": 110, "mu": [0.4374284439090773, 3.216483898928999, 0.8671874075852843], "Sigma": [[0.006703774745446241, -0.002139696362094986, -0.03549723017366344], [-0.002139696362094986, 0.0029008571741203954, 0.00031710060243016636], [-0.03549723017366345, 0.0003171006024301681, 0.2634469994617603]], "chi2_level": 0.99, "chi2_df": 3, "chi2_threshold": 11.344866730144373, "N_raw": 8, "N_roi": 8, "N_inlier": 8, "refit": true}
{"timestamp": "15:43:40.622667", "frame": 111, "mu": [0.40308557024882763, 2.939989714249376, -0.1237893141481724], "Sigma": [[0.0017326080963813138, 0.010933100903491182, 0.028966895534701883], [0.010933100903491182, 0.6284840055115222, 1.3316778484683276], [0.028966895534701886, 1.3316778484683276, 3.373257077833855]], "chi2_level": 0.99, "chi2_df": 3, "chi2_threshold": 11.344866730144373, "N_raw": 14, "N_roi": 13, "N_inlier": 13, "refit": true}
{"timestamp": "15:43:40.684570", "frame": 112, "mu": [0.3067991811627744, 3.268025889606423, -0.31125669132353256], "Sigma": [[0.016632921009234615, 0.0031520137934842717, 0.035409606383182246], [0.0031520137934842717, 0.006313420162686855, 0.008461316071860387], [0.035409606383182246, 0.008461316071860387, 0.12581762221027248]], "chi2_level": 0.99, "chi2_df": 3, "chi2_threshold": 11.344866730144373, "N_raw": 59, "N_roi": 59, "N_inlier": 56, "refit": true}
{"timestamp": "15:43:40.737661", "frame": 113, "mu": [0.15667908135883898, 3.2454262379190815, 1.4057162241718608], "Sigma": [[0.009087998903613519, -0.002163603967671156, -0.013122578092628026], [-0.0021636039676711555, 0.0038864918190440515, -0.0005374337982515884], [-0.013122578092628024, -0.000537433798251588, 0.11542968918351856]], "chi2_level": 0.99, "chi2_df": 3, "chi2_threshold": 11.344866730144373, "N_raw": 39, "N_roi": 35, "N_inlier": 33, "refit": true}
{"timestamp": "15:43:40.790377", "frame": 114, "mu": [0.12682667747561177, 3.211439724101844, 1.321724945653921], "Sigma": [[0.006749940391554872, -0.0009577797080547546, -0.0075365506959538305], [-0.0009577797080547543, 0.0023248664106567192, -0.0009609746712882323], [-0.007536550695953832, -0.0009609746712882323, 0.014171179415710885]], "chi2_level": 0.99, "chi2_df": 3, "chi2_threshold": 11.344866730144373, "N_raw": 35, "N_roi": 30, "N_inlier": 28, "refit": true}
{"timestamp": "15:43:40.852549", "frame": 115, "mu": [0.11377557880397596, 3.2311503883395747, -0.6203842327879098], "Sigma": [[0.015400242925643933, 0.0011703497053213874, 0.04390103450028238], [0.001170349705321387, 0.0073438745297315046, -0.002712549338436541], [0.04390103450028238, -0.0027125493384365412, 0.32514784224227355]], "chi2_level": 0.99, "chi2_df": 3, "chi2_threshold": 11.344866730144373, "N_raw": 78, "N_roi": 66, "N_inlier": 66, "refit": true}
{"timestamp": "15:43:40.898466", "frame": 116, "mu": [0.071375147829433, 3.2567569479522356, 0.7171742372238743], "Sigma": [[0.013385038001989756, 0.0027937819873267503, -0.06897983899288566], [0.0027937819873267503, 0.0011848043022426456, -0.012114086128631548], [-0.06897983899288566, -0.01211408612863155, 0.40580510296786404]], "chi2_level": 0.99, "chi2_df": 3, "chi2_threshold": 11.344866730144373, "N_raw": 12, "N_roi": 9, "N_inlier": 9, "refit": true}
{"timestamp": "15:43:40.955330", "frame": 117, "mu": [-0.0034684767184572987, 3.2386593030937405, 0.8185715851825561], "Sigma": [[0.012288105190527409, 0.006637741956725404, -0.04667847446745414], [0.006637741956725405, 0.008270597066438371, -0.0437213114199871], [-0.04667847446745414, -0.0437213114199871, 0.2849483168217766]], "chi2_level": 0.99, "chi2_df": 3, "chi2_threshold": 11.344866730144373, "N_raw": 36, "N_roi": 36, "N_inlier": 35, "refit": true}
{"timestamp": "15:43:41.011425", "frame": 118, "mu": [-0.26364784942200314, 3.251529540320164, -0.2983946351152196], "Sigma": [[0.013410497358358609, 0.005701738425424009, 0.010014255967354772], [0.005701738425424009, 0.015468790995287534, -0.005479567015434789], [0.01001425596735477, -0.005479567015434791, 0.13845491895923767]], "chi2_level": 0.99, "chi2_df": 3, "chi2_threshold": 11.344866730144373, "N_raw": 41, "N_roi": 41, "N_inlier": 38, "refit": true}
{"timestamp": "15:43:41.067917", "frame": 119, "mu": [-0.3042876367051068, 3.174485787693044, 1.36641331011089], "Sigma": [[0.016904002691858988, -0.002015505489795224, -0.017766525091601107], [-0.002015505489795224, 0.005244570756364639, 0.0019032810335930961], [-0.017766525091601107, 0.0019032810335930961, 0.022594500425154887]], "chi2_level": 0.99, "chi2_df": 3, "chi2_threshold": 11.344866730144373, "N_raw": 57, "N_roi": 56, "N_inlier": 53, "refit": true}
{"timestamp": "15:43:41.125530", "frame": 120, "mu": [-0.31963076528731055, 3.1824941366129895, 1.1358396489507063], "Sigma": [[0.015444944383610956, -0.001759954016860557, -0.01923026498944417], [-0.0017599540168605568, 0.0031048698287549975, -0.002919886559582043], [-0.01923026498944417, -0.0029198865595820435, 0.03887110194935076]], "chi2_level": 0.99, "chi2_df": 3, "chi2_threshold": 11.344866730144373, "N_raw": 67, "N_roi": 52, "N_inlier": 50, "refit": true}
{"timestamp": "15:43:41.179296", "frame": 121, "mu": [-0.5047388044117482, 3.1908744203791115, 1.3837251867104352], "Sigma": [[0.017725093981130882, 0.0004417978125426161, -0.021788882886986882], [0.00044179781254261627, 0.0040528758560031625, -0.0014675017510759646], [-0.021788882886986882, -0.0014675017510759648, 0.13109900940154176]], "chi2_level": 0.99, "chi2_df": 3, "chi2_threshold": 11.344866730144373, "N_raw": 56, "N_roi": 51, "N_inlier": 49, "refit": true}
{"timestamp": "15:43:41.230746", "frame": 122, "mu": [-0.6123376858004925, 3.1725783302989874, 1.409559805573632], "Sigma": [[0.005010928170470862, 0.0005826304484037087, -0.005185544399399484], [0.0005826304484037087, 0.0020397091639436167, -0.001740108117233447], [-0.005185544399399483, -0.001740108117233447, 0.01150830405201391]], "chi2_level": 0.99, "chi2_df": 3, "chi2_threshold": 11.344866730144373, "N_raw": 34, "N_roi": 15, "N_inlier": 14, "refit": true}
