{"timestamp": "16:00:09.831559", "frame": 1, "mu": [-0.47893607715483066, 4.057649811710564, 1.055250029232872], "Sigma": [[0.012492942224652094, 0.0008115101420230633, -0.0035821009752262], [0.0008115101420230633, 0.001516354811202898, -0.0008165835019100552], [-0.0035821009752262005, -0.0008165835019100552, 0.0021681786078441194]], "chi2_level": 0.99, "chi2_df": 3, "chi2_threshold": 11.344866730144373, "N_raw": 18, "N_roi": 18, "N_inlier": 18, "refit": true}
{"timestamp": "16:00:09.944930", "frame": 3, "mu": [-0.36529915176706423, 4.134644463699894, 1.1929466587209396], "Sigma": [[0.026167236704505374, 0.0014788113900434318, -0.009129698656814221], [0.0014788113900434318, 0.0031264557607951953, -0.0009971532993924487], [-0.00912969865681422, -0.0009971532993924487, 0.004469591110909613]], "chi2_level": 0.99, "chi2_df": 3, "chi2_threshold": 11.344866730144373, "N_raw": 41, "N_roi": 41, "N_inlier": 40, "refit": true}
{"timestamp": "16:00:09.995644", "frame": 4, "mu": [-0.2839676742967752, 4.1117282204827434, 1.2022653423239396], "Sigma": [[0.0020885091257972018, 0.0022641166368695268, -0.00044978474989681625], [0.0022641166368695268, 0.0043047733783498215, -0.0008469257372723373], [-0.00044978474989681625, -0.0008469257372723373, 0.00016768402130092316]], "chi2_level": 0.99, "chi2_df": 3, "chi2_threshold": 11.344866730144373, "N_raw": 5, "N_roi": 5, "N_inlier": 5, "refit": true}
{"timestamp": "16:00:10.054583", "frame": 5, "mu": [-0.32966440064612573, 4.115706706931441, 1.3351772499460741], "Sigma": [[0.024278175253110476, 0.0018676711439387962, -0.007307513681227692], [0.0018676711439387964, 0.0035367026526929007, 0.001779711638602128], [-0.007307513681227692, 0.001779711638602128, 0.0048436277483058674]], "chi2_level": 0.99, "chi2_df": 3, "chi2_threshold": 11.344866730144373, "N_raw": 35, "N_roi": 35, "N_inlier": 35, "refit": true}
{"timestamp": "16:00:10.111807", "frame": 6, "mu": [-0.3123248060924303, 4.120317755256767, 1.2743876155464562], "Sigma": [[0.028511891092118206, 0.00346088224550768, -0.012023665937925154], [0.00346088224550768, 0.004178600649896727, -0.0025842884665070107], [-0.012023665937925154, -0.0025842884665070107, 0.006929453730896313]], "chi2_level": 0.99, "chi2_df": 3, "chi2_threshold": 11.344866730144373, "N_raw": 48, "N_roi": 48, "N_inlier": 48, "refit": true}
{"timestamp": "16:00:10.162389", "frame": 7, "mu": [-0.21326771168313893, 4.201665837600488, 1.3809413615489385], "Sigma": [[0.014199745471171196, 0.0001203743066459046, -0.004561706872335764], [0.0001203743066459046, 0.0015492252872420845, -0.0008834391239129341], [-0.004561706872335764, -0.0008834391239129341, 0.0029211230189258273]], "chi2_level": 0.99, "chi2_df": 3, "chi2_threshold": 11.344866730144373, "N_raw": 17, "N_roi": 17, "N_inlier": 17, "refit": true}
{"timestamp": "16:00:10.218497", "frame": 8, "mu": [-0.26884645228193454, 4.172548044372621, 1.404288453770884], "Sigma": [[0.018479730236510956, -0.00018618966573792357, -0.006961433182312217], [-0.0001861896657379238, 0.002813083719456223, -0.00034202382546733414], [-0.006961433182312217, -0.00034202382546733414, 0.0037530955136719757]], "chi2_level": 0.99, "chi2_df": 3, "chi2_threshold": 11.344866730144373, "N_raw": 31, "N_roi": 31, "N_inlier": 31, "refit": true}
{"timestamp": "16:00:10.274640", "frame": 9, "mu": [-0.32613679426571035, 4.201706794268773, 0.2985302264761125], "Sigma": [[0.007683196399734978, 0.006057447330651121, -0.011336669304185563], [0.006057447330651121, 0.014094657387050773, -0.01721158672881736], [-0.011336669304185564, -0.01721158672881736, 0.027664714115573134]], "chi2_level": 0.99, "chi2_df": 3, "chi2_threshold": 11.344866730144373, "N_raw": 19, "N_roi": 19, "N_inlier": 18, "refit": true}
{"timestamp": "16:00:10.327883", "frame": 10, "mu": [-0.20429713624834275, 4.164848590095679, 0.7343437046545495], "Sigma": [[0.010001073485188921, 0.01336214813830869, -0.0640972326225503], [0.01336214813830869, 0.022994290064751306, -0.09862795970196274], [-0.0640972326225503, -0.09862795970196274, 0.4456225433843852]], "chi2_level": 0.99, "chi2_df": 3, "chi2_threshold": 11.344866730144373, "N_raw": 6, "N_roi": 6, "N_inlier": 6, "refit": true}
{"timestamp": "16:00:10.382939", "frame": 11, "mu": [-0.32993872727919066, 4.074506090255968, 1.1164185081378526], "Sigma": [[0.002252816551248063, 0.002913685889911008, -0.0037420216209941492], [0.002913685889911008, 0.005242651609561074, -0.005646198165000452], [-0.0037420216209941492, -0.0056461981650004515, 0.007100494337255924]], "chi2_level": 0.99, "chi2_df": 3, "chi2_threshold": 11.344866730144373, "N_raw": 5, "N_roi": 5, "N_inlier": 5, "refit": true}
{"timestamp": "16:00:10.437246", "frame": 12, "mu": [-0.3295987386067213, 4.078649756593323, 1.208919399379924], "Sigma": [[0.0008203499529854439, -0.0012913593458935967, 0.00024639414664242594], [-0.0012913593458935967, 0.006778983042112106, -0.001310094266664908], [0.00024639414664242594, -0.001310094266664908, 0.00025424184231731393]], "chi2_level": 0.99, "chi2_df": 3, "chi2_threshold": 11.344866730144373, "N_raw": 5, "N_roi": 5, "N_inlier": 5, "refit": true}
{"timestamp": "16:00:10.495382", "frame": 13, "mu": [-0.16723940310802615, 4.086576508694686, 1.3713187241742404], "Sigma": [[0.02335408208085883, -0.00035321112094545187, -0.00792173876546201], [-0.00035321112094545187, 0.0018803555711956095, 0.001092004466120237], [-0.00792173876546201, 0.001092004466120237, 0.004012005989964714]], "chi2_level": 0.99, "chi2_df": 3, "chi2_threshold": 11.344866730144373, "N_raw": 28, "N_roi": 28, "N_inlier": 28, "refit": true}
{"timestamp": "16:00:10.551036", "frame": 14, "mu": [-0.189849346842761, 4.121427749078141, 1.390020175864892], "Sigma": [[0.01704275019606323, 0.000311479474848232, -0.004311048890174346], [0.00031147947484823206, 0.0031750381339220313, -0.0006974754955951948], [-0.004311048890174345, -0.0006974754955951946, 0.002725595879082379]], "chi2_level": 0.99, "chi2_df": 3, "chi2_threshold": 11.344866730144373, "N_raw": 35, "N_roi": 35, "N_inlier": 34, "refit": true}
{"timestamp": "16:00:10.657997", "frame": 16, "mu": [-0.15450455257975532, 4.132018639099419, 1.0756599020952617], "Sigma": [[0.007452187812792661, -0.001514730426167722, -0.0016342199624017632], [-0.0015147304261677221, 0.0012312195712123602, -0.0016089898657135596], [-0.0016342199624017632, -0.0016089898657135596, 0.006296769630550573]], "chi2_level": 0.99, "chi2_df": 3, "chi2_threshold": 11.344866730144373, "N_raw": 17, "N_roi": 14, "N_inlier": 13, "refit": true}
{"timestamp": "16:00:10.712215", "frame": 17, "mu": [-0.08073407338104772, 4.270349452341038, -0.07333419774077234], "Sigma": [[0.001393296051346214, -0.0026510300884687063, 0.00674640378113951], [-0.002651030088468706, 0.028242459734807258, -0.056321315605688434], [0.00674640378113951, -0.056321315605688434, 0.11870715963371217]], "chi2_level": 0.99, "chi2_df": 3, "chi2_threshold": 11.344866730144373, "N_raw": 5, "N_roi": 5, "N_inlier": 5, "refit": true}
{"timestamp": "16:00:10.766680", "frame": 18, "mu": [0.020718467198483075, 4.160514127624476, 0.5280424013236978], "Sigma": [[0.0018729207809871783, 0.003447083986486385, -0.018171371658078295], [0.003447083986486384, 0.007000288988461468, -0.036266841422783705], [-0.018171371658078292, -0.036266841422783705, 0.2073218167458332]], "chi2_level": 0.99, "chi2_df": 3, "chi2_threshold": 11.344866730144373, "N_raw": 7, "N_roi": 5, "N_inlier": 5, "refit": true}
{"timestamp": "16:00:10.822471", "frame": 19, "mu": [0.02009699221415452, 4.122791806210524, 1.0743506446362947], "Sigma": [[0.00045575674840788024, 0.0009720664790877321, -0.0002919207347644873], [0.0009720664790877321, 0.006153772882526381, -0.029075073440277696], [-0.0002919207347644873, -0.029075073440277696, 0.36427170239109913]], "chi2_level": 0.99, "chi2_df": 3, "chi2_threshold": 11.344866730144373, "N_raw": 6, "N_roi": 6, "N_inlier": 6, "refit": true}
{"timestamp": "16:00:10.934462", "frame": 21, "mu": [0.13647095425917646, 4.159341374401533, 0.2280667156320012], "Sigma": [[0.007072794970833325, -0.00405136174046451, 0.012389817517230674], [-0.00405136174046451, 0.02857827777030595, -0.06634115544957539], [0.012389817517230674, -0.06634115544957539, 0.17823067874867185]], "chi2_level": 0.99, "chi2_df": 3, "chi2_threshold": 11.344866730144373, "N_raw": 18, "N_roi": 16, "N_inlier": 15, "refit": true}
{"timestamp": "16:00:10.987725", "frame": 22, "mu": [0.14929678147356343, 4.074067108451988, 0.7171651489869882], "Sigma": [[0.006334564475213572, -0.0038850331652965893, 0.042814788677931294], [-0.0038850331652965898, 0.004908370569299395, -0.03299390686198639], [0.042814788677931294, -0.03299390686198639, 0.31783866523370485]], "chi2_level": 0.99, "chi2_df": 3, "chi2_threshold": 11.344866730144373, "N_raw": 6, "N_roi": 6, "N_inlier": 6, "refit": true}
{"timestamp": "16:00:11.048133", "frame": 23, "mu": [0.21013059571020745, 4.003284847591521, 1.132957377382312], "Sigma": [[0.016808871933340106, -0.0004450493857139812, -0.008164985054406954], [-0.0004450493857139812, 0.0027679555797362945, -0.0008311620908078284], [-0.008164985054406953, -0.0008311620908078281, 0.005805669760931067]], "chi2_level": 0.99, "chi2_df": 3, "chi2_threshold": 11.344866730144373, "N_raw": 39, "N_roi": 37, "N_inlier": 34, "refit": true}
{"timestamp": "16:00:11.097880", "frame": 24, "mu": [0.3349535027824012, 4.025189327065978, 0.8972644412753246], "Sigma": [[0.0012465669864770378, 0.0020107897573769054, -0.01720013762921884], [0.0020107897573769054, 0.005849771100532026, -0.02812974710737326], [-0.01720013762921884, -0.02812974710737326, 0.33586634957524797]], "chi2_level": 0.99, "chi2_df": 3, "chi2_threshold": 11.344866730144373, "N_raw": 6, "N_roi": 6, "N_inlier": 6, "refit": true}
{"timestamp": "16:00:11.152190", "frame": 25, "mu": [0.39805594589061616, 4.069802273950683, 0.1607100588039291], "Sigma": [[0.002917511420763096, 0.0012580898923266483, -0.0022965364506422705], [0.0012580898923266483, 0.0030982986108077193, -0.0038263018369568075], [-0.0022965364506422705, -0.0038263018369568075, 0.005645065821980881]], "chi2_level": 0.99, "chi2_df": 3, "chi2_threshold": 11.344866730144373, "N_raw": 8, "N_roi": 7, "N_inlier": 7, "refit": true}
{"timestamp": "16:00:11.207521", "frame": 26, "mu": [0.42704821628573075, 4.005321639756858, 0.8651589935984553], "Sigma": [[0.0025556620074189424, 0.00010910729176285442, -0.00040180114488806034], [0.00010910729176285437, 0.00757993490763564, -0.030110235112718632], [-0.00040180114488806056, -0.030110235112718632, 0.14753546271725346]], "chi2_level": 0.99, "chi2_df": 3, "chi2_threshold": 11.344866730144373, "N_raw": 7, "N_roi": 7, "N_inlier": 7, "refit": true}
{"timestamp": "16:00:11.262420", "frame": 27, "mu": [0.5591731468889101, 3.8990646464424397, 1.0631764694983232], "Sigma": [[0.0005528799532136098, 0.0010240594275141035, -0.0030904978306369804], [0.0010240594275141035, 0.0021614430618152, -0.006987526520468037], [-0.0030904978306369804, -0.006987526520468037, 0.02749529406138184]], "chi2_level": 0.99, "chi2_df": 3, "chi2_threshold": 11.344866730144373, "N_raw": 5, "N_roi": 5, "N_inlier": 5, "refit": true}
{"timestamp": "16:00:11.317830", "frame": 28, "mu": [0.5854266163285761, 3.921781455504102, 0.4954630958950589], "Sigma": [[0.003758265393580461, 0.003685631493231206, -0.02323545291193723], [0.003685631493231206, 0.005058000284329701, -0.01995468059620195], [-0.02323545291193723, -0.01995468059620195, 0.1565362850434118]], "chi2_level": 0.99, "chi2_df": 3, "chi2_threshold": 11.344866730144373, "N_raw": 5, "N_roi": 5, "N_inlier": 5, "refit": true}
{"timestamp": "16:00:11.372340", "frame": 29, "mu": [0.6437132761188321, 3.446149953797139, 1.122056405962834], "Sigma": [[0.03466687136213283, 0.19666525094607573, -0.06179965940794349], [0.19666525094607573, 1.1226105532094042, -0.34724089888549714], [-0.06179965940794349, -0.3472408988854971, 0.1663479056748789]], "chi2_level": 0.99, "chi2_df": 3, "chi2_threshold": 11.344866730144373, "N_raw": 8, "N_roi": 6, "N_inlier": 6, "refit": true}
{"timestamp": "16:00:11.428283", "frame": 30, "mu": [0.7424104222717014, 3.973614000951276, -0.2327953244501634], "Sigma": [[0.003747165677447398, 0.009620262418318995, -0.029878585123392108], [0.009620262418318995, 0.03085390677458711, -0.09075235716931918], [-0.029878585123392108, -0.09075235716931918, 0.2891514533547869]], "chi2_level": 0.99, "chi2_df": 3, "chi2_threshold": 11.344866730144373, "N_raw": 12, "N_roi": 10, "N_inlier": 10, "refit": true}
{"timestamp": "16:00:11.483340", "frame": 31, "mu": [0.7913718054996676, 3.7499459351019273, 0.5725704772650333], "Sigma": [[0.0025747272542036214, 0.0019010920912333196, -0.02398502825661924], [0.0019010920912333196, 0.004643058697855191, -0.023840362857929606], [-0.023985028256619238, -0.023840362857929606, 0.4139275435039606]], "chi2_level": 0.99, "chi2_df": 3, "chi2_threshold": 11.344866730144373, "N_raw": 12, "N_roi": 8, "N_inlier": 8, "refit": true}
{"timestamp": "16:00:11.537348", "frame": 32, "mu": [0.8402233300429686, 3.7114804119279037, 0.8453477764968649], "Sigma": [[0.0018169178467413272, 0.0014563739645675564, -0.018802141592923365], [0.0014563739645675564, 0.002773236329950031, -0.02506762460739264], [-0.018802141592923365, -0.02506762460739264, 0.449610181271597]], "chi2_level": 0.99, "chi2_df": 3, "chi2_threshold": 11.344866730144373, "N_raw": 8, "N_roi": 7, "N_inlier": 7, "refit": true}
{"timestamp": "16:00:11.647528", "frame": 34, "mu": [0.9978188797840117, 3.5669747012029736, 0.7748151212579402], "Sigma": [[0.012026482019890455, 0.0057153210856739425, -0.06093017113741232], [0.0057153210856739425, 0.0035940274423129125, -0.029161683305972692], [-0.06093017113741233, -0.029161683305972692, 0.3147837481688551]], "chi2_level": 0.99, "chi2_df": 3, "chi2_threshold": 11.344866730144373, "N_raw": 9, "N_roi": 6, "N_inlier": 6, "refit": true}
{"timestamp": "16:00:11.707557", "frame": 35, "mu": [0.9898433996443677, 3.4584561188808607, 0.9942671074547562], "Sigma": [[0.01126756409164782, -0.002727419203400532, -0.0023377759718451983], [-0.002727419203400532, 0.001732426286195349, -0.002032307424663435], [-0.0023377759718451983, -0.002032307424663435, 0.011521393859467703]], "chi2_level": 0.99, "chi2_df": 3, "chi2_threshold": 11.344866730144373, "N_raw": 35, "N_roi": 35, "N_inlier": 32, "refit": true}
{"timestamp": "16:00:11.758590", "frame": 36, "mu": [1.2351797679197718, 3.42830388942988, 0.42166283976153995], "Sigma": [[0.00924953343813272, 0.005945658151427887, -0.03207964205546526], [0.005945658151427887, 0.008793806807101125, -0.019034755415652402], [-0.03207964205546526, -0.019034755415652405, 0.2292685402287389]], "chi2_level": 0.99, "chi2_df": 3, "chi2_threshold": 11.344866730144373, "N_raw": 10, "N_roi": 10, "N_inlier": 10, "refit": true}
{"timestamp": "16:00:11.812721", "frame": 37, "mu": [1.2802114788960801, 3.368435583824303, 0.4225214680084938], "Sigma": [[0.006210160747635811, -0.0015651105603373284, -0.027232187890369762], [-0.0015651105603373282, 0.009519580615519488, -0.0037301515861883415], [-0.02723218789036976, -0.0037301515861883415, 0.19953352471997957]], "chi2_level": 0.99, "chi2_df": 3, "chi2_threshold": 11.344866730144373, "N_raw": 9, "N_roi": 9, "N_inlier": 9, "refit": true}
{"timestamp": "16:00:11.871004", "frame": 38, "mu": [1.231176281972543, 3.3033172043976977, 0.8123196951507518], "Sigma": [[0.016258051803377936, -0.007541336594938729, -0.006447427849023018], [-0.00754133659493873, 0.00906246904405401, 0.005978607392291108], [-0.006447427849023018, 0.005978607392291108, 0.0055603205703564805]], "chi2_level": 0.99, "chi2_df": 3, "chi2_threshold": 11.344866730144373, "N_raw": 38, "N_roi": 38, "N_inlier": 36, "refit": true}
{"timestamp": "16:00:11.923615", "frame": 39, "mu": [1.3162323556002438, 3.3071567077960378, 0.8604530564315555], "Sigma": [[0.0046832743392166915, 0.00146696359257903, -0.02442544361912742], [0.00146696359257903, 0.0015605950264562997, -0.015844922298387198], [-0.02442544361912742, -0.015844922298387194, 0.35227493787253705]], "chi2_level": 0.99, "chi2_df": 3, "chi2_threshold": 11.344866730144373, "N_raw": 11, "N_roi": 11, "N_inlier": 11, "refit": true}
{"timestamp": "16:00:11.980469", "frame": 40, "mu": [1.3396707568343857, 3.21599724132345, 1.1523163776309844], "Sigma": [[0.0072448554779228425, -0.001701451052188798, -0.00016291080817497388], [-0.001701451052188798, 0.001541192204059064, -0.0023983418603793463], [-0.0001629108081749742, -0.0023983418603793463, 0.01339024505814389]], "chi2_level": 0.99, "chi2_df": 3, "chi2_threshold": 11.344866730144373, "N_raw": 26, "N_roi": 26, "N_inlier": 24, "refit": true}
{"timestamp": "16:00:12.037527", "frame": 41, "mu": [1.4118785557360176, 3.1543271568559095, 0.8198459407796794], "Sigma": [[0.014336928749904053, -0.008152677969715208, -0.012344877057070458], [-0.008152677969715208, 0.0058745452351955324, 0.00452473287950612], [-0.012344877057070457, 0.00452473287950612, 0.020946656960316667]], "chi2_level": 0.99, "chi2_df": 3, "chi2_threshold": 11.344866730144373, "N_raw": 38, "N_roi": 38, "N_inlier": 35, "refit": true}
{"timestamp": "16:00:12.095863", "frame": 42, "mu": [1.4295882413185823, 3.0611436529718636, 0.6886221170506249], "Sigma": [[0.024119809668508137, -0.007146845585289175, -0.0019350029273776975], [-0.007146845585289175, 0.006384136958565324, -0.0005771236616531816], [-0.001935002927377697, -0.0005771236616531816, 0.0011022233058793458]], "chi2_level": 0.99, "chi2_df": 3, "chi2_threshold": 11.344866730144373, "N_raw": 55, "N_roi": 55, "N_inlier": 53, "refit": true}
{"timestamp": "16:00:12.149917", "frame": 43, "mu": [1.4286378472494887, 3.0004051311105924, 0.6589824928158771], "Sigma": [[0.018621617195388077, -0.006009524616968352, -0.0036943184245578665], [-0.006009524616968353, 0.004455890717161845, -0.0006157196073107798], [-0.0036943184245578665, -0.0006157196073107797, 0.004906361466745041]], "chi2_level": 0.99, "chi2_df": 3, "chi2_threshold": 11.344866730144373, "N_raw": 46, "N_roi": 44, "N_inlier": 42, "refit": true}
{"timestamp": "16:00:12.198789", "frame": 44, "mu": [1.5483643846063657, 3.0890845021029, 0.7160405270742879], "Sigma": [[0.005149857012890949, 0.010322776218111607, -0.027358439099277845], [0.010322776218111607, 0.03183172226843361, -0.043755384655470735], [-0.027358439099277845, -0.04375538465547073, 0.2752049711457572]], "chi2_level": 0.99, "chi2_df": 3, "chi2_threshold": 11.344866730144373, "N_raw": 11, "N_roi": 11, "N_inlier": 11, "refit": true}
{"timestamp": "16:00:12.254551", "frame": 45, "mu": [1.5421919845358112, 2.8449697416286117, 1.0941101266033133], "Sigma": [[0.0005593004890671376, 0.0007056252484526582, -0.0016775336239913839], [0.0007056252484526582, 0.0031003262086678907, 0.00859898470553085], [-0.0016775336239913839, 0.00859898470553085, 0.10903928395445808]], "chi2_level": 0.99, "chi2_df": 3, "chi2_threshold": 11.344866730144373, "N_raw": 8, "N_roi": 6, "N_inlier": 6, "refit": true}
{"timestamp": "16:00:12.307471", "frame": 46, "mu": [1.4305128015525908, 2.4939289243015663, 1.1494697558946834], "Sigma": [[0.1896191172049939, 0.3540018094310828, -0.16209961575391132], [0.3540018094310828, 0.6737214269905756, -0.27199080349848387], [-0.16209961575391132, -0.27199080349848387, 0.21178115250529198]], "chi2_level": 0.99, "chi2_df": 3, "chi2_threshold": 11.344866730144373, "N_raw": 6, "N_roi": 6, "N_inlier": 6, "refit": true}
{"timestamp": "16:00:12.362203", "frame": 47, "mu": [1.5767282244566405, 2.6648426721374623, 0.615931440067321], "Sigma": [[0.003211946269731168, -0.0033241533256078877, -0.027985218759991406], [-0.0033241533256078873, 0.006578408245418767, 0.048287890766637254], [-0.0279852187599914, 0.048287890766637254, 0.43980556026039275]], "chi2_level": 0.99, "chi2_df": 3, "chi2_threshold": 11.344866730144373, "N_raw": 9, "N_roi": 8, "N_inlier": 8, "refit": true}
{"timestamp": "16:00:12.417477", "frame": 48, "mu": [1.5053292512645164, 2.700143264037784, 1.1137643193933817], "Sigma": [[0.0003498997590210838, -0.00019879980720438763, 4.51710531870821e-05], [-0.00019879980720438766, 0.0012356784294553678, -0.006483339086341095], [4.517105318708177e-05, -0.006483339086341095, 0.05363116463057466]], "chi2_level": 0.99, "chi2_df": 3, "chi2_threshold": 11.344866730144373, "N_raw": 5, "N_roi": 5, "N_inlier": 5, "refit": true}
{"timestamp": "16:00:12.472256", "frame": 49, "mu": [1.5460307206308004, 2.6201144297548513, 1.0757552557248753], "Sigma": [[0.004050171381657419, -0.001030533538614082, -0.015862777761739347], [-0.0010305335386140819, 0.002120561073631413, 0.00752806286814754], [-0.015862777761739347, 0.00752806286814754, 0.06952764098167477]], "chi2_level": 0.99, "chi2_df": 3, "chi2_threshold": 11.344866730144373, "N_raw": 6, "N_roi": 6, "N_inlier": 6, "refit": true}
{"timestamp": "16:00:12.527466", "frame": 50, "mu": [1.5323929228592612, 2.5427819340773854, 1.0165310684890962], "Sigma": [[0.002940138664200669, -0.001170906240829769, -0.016096733868932896], [-0.001170906240829769, 0.001336035747055503, 0.009025759917702877], [-0.016096733868932896, 0.009025759917702877, 0.09770513213788183]], "chi2_level": 0.99, "chi2_df": 3, "chi2_threshold": 11.344866730144373, "N_raw": 6, "N_roi": 6, "N_inlier": 6, "refit": true}
{"timestamp": "16:00:12.588100", "frame": 51, "mu": [1.5717834876438659, 2.6356598757954104, -0.6019304923844744], "Sigma": [[0.01615670357359427, -0.008948952170870786, -0.020520813799547896], [-0.008948952170870786, 0.009528189382469158, 0.010720151013965104], [-0.020520813799547892, 0.010720151013965104, 0.03228605859166496]], "chi2_level": 0.99, "chi2_df": 3, "chi2_threshold": 11.344866730144373, "N_raw": 48, "N_roi": 48, "N_inlier": 47, "refit": true}
{"timestamp": "16:00:12.644594", "frame": 52, "mu": [1.630645796372571, 2.2049993154707237, 0.6324995787373703], "Sigma": [[0.015228499406766672, -0.008607569930352667, -0.004836388672879579], [-0.008607569930352667, 0.010730727431243153, 0.002076399784006689], [-0.004836388672879579, 0.002076399784006689, 0.002556171826579737]], "chi2_level": 0.99, "chi2_df": 3, "chi2_threshold": 11.344866730144373, "N_raw": 51, "N_roi": 51, "N_inlier": 48, "refit": true}
{"timestamp": "16:00:12.699131", "frame": 53, "mu": [1.5760287019920094, 2.1867803937782084, 0.696324020468183], "Sigma": [[0.0120698050478007, -0.009662366403621581, -0.005802371692517591], [-0.00966236640362158, 0.010378895256393487, 0.003320706072013706], [-0.005802371692517591, 0.0033207060720137063, 0.01644012868852497]], "chi2_level": 0.99, "chi2_df": 3, "chi2_threshold": 11.344866730144373, "N_raw": 51, "N_roi": 51, "N_inlier": 47, "refit": true}
{"timestamp": "16:00:12.753647", "frame": 54, "mu": [1.5639114757581307, 2.203637139724603, 0.7726440633569365], "Sigma": [[0.013622601635108549, -0.008610630405233542, -0.005651710358116499], [-0.008610630405233544, 0.008559299719506497, 0.001943819694333875], [-0.005651710358116498, 0.001943819694333875, 0.004137902117567973]], "chi2_level": 0.99, "chi2_df": 3, "chi2_threshold": 11.344866730144373, "N_raw": 42, "N_roi": 42, "N_inlier": 41, "refit": true}
{"timestamp": "16:00:12.811403", "frame": 55, "mu": [1.6828457885196382, 2.0534490190650785, 0.7471956379695563], "Sigma": [[0.03817593608317196, -0.030778020614212254, -0.045614426590701015], [-0.030778020614212254, 0.026399716428133504, 0.03478057487364973], [-0.045614426590701015, 0.03478057487364973, 0.06673062667429591]], "chi2_level": 0.99, "chi2_df": 3, "chi2_threshold": 11.344866730144373, "N_raw": 64, "N_roi": 64, "N_inlier": 63, "refit": true}
{"timestamp": "16:00:12.866965", "frame": 56, "mu": [1.5579857795842318, 2.0763919443081504, 0.8852230763473126], "Sigma": [[0.01455107154025919, -0.009148161692368893, -0.010543542227690732], [-0.009148161692368893, 0.007169866255129055, 0.002696150297999385], [-0.010543542227690734, 0.0026961502979993856, 0.022799652899180047]], "chi2_level": 0.99, "chi2_df": 3, "chi2_threshold": 11.344866730144373, "N_raw": 62, "N_roi": 62, "N_inlier": 61, "refit": true}
{"timestamp": "16:00:12.921159", "frame": 57, "mu": [1.5550243512766122, 2.0213765514068163, 0.9237851616350778], "Sigma": [[0.01430007266648902, -0.010886531696959037, -0.013587976219257418], [-0.010886531696959037, 0.009562707998018111, 0.011557913731682096], [-0.01358797621925742, 0.011557913731682096, 0.0486504942460219]], "chi2_level": 0.99, "chi2_df": 3, "chi2_threshold": 11.344866730144373, "N_raw": 62, "N_roi": 62, "N_inlier": 62, "refit": true}
{"timestamp": "16:00:12.979238", "frame": 58, "mu": [1.4914761936616303, 1.989241417942657, 0.962221927596067], "Sigma": [[0.009531104672912483, -0.006418434214656487, -0.009917055650198608], [-0.006418434214656486, 0.007003868005409498, 0.013020110483722338], [-0.009917055650198608, 0.013020110483722338, 0.10305386190434204]], "chi2_level": 0.99, "chi2_df": 3, "chi2_threshold": 11.344866730144373, "N_raw": 72, "N_roi": 72, "N_inlier": 69, "refit": true}
{"timestamp": "16:00:13.035144", "frame": 59, "mu": [1.4556617814878743, 1.951495640590757, 1.0898836658066444], "Sigma": [[0.01008728709713765, -0.006027193286697534, -0.00594918771002328], [-0.006027193286697534, 0.005972030224316016, -0.003484975081202203], [-0.00594918771002328, -0.0034849750812022033, 0.055954465241235714]], "chi2_level": 0.99, "chi2_df": 3, "chi2_threshold": 11.344866730144373, "N_raw": 81, "N_roi": 81, "N_inlier": 79, "refit": true}
{"timestamp": "16:00:13.087371", "frame": 60, "mu": [1.515708775166491, 1.9287874068192254, -0.6995992700831548], "Sigma": [[0.014092377511047863, -0.0031471795309231396, 0.017807756790860562], [-0.003147179530923139, 0.0068937009783761665, -0.002954827659748952], [0.017807756790860562, -0.002954827659748952, 0.05426561252153134]], "chi2_level": 0.99, "chi2_df": 3, "chi2_threshold": 11.344866730144373, "N_raw": 69, "N_roi": 69, "N_inlier": 66, "refit": true}
{"timestamp": "16:00:13.142041", "frame": 61, "mu": [1.4294965996322184, 1.8501743514879967, 1.190019025120981], "Sigma": [[0.012444715525305688, -0.004041795576586087, -0.0014680093727111668], [-0.004041795576586087, 0.0058213365785044656, -0.003680591222187822], [-0.0014680093727111663, -0.003680591222187822, 0.007563221730720202]], "chi2_level": 0.99, "chi2_df": 3, "chi2_threshold": 11.344866730144373, "N_raw": 65, "N_roi": 65, "N_inlier": 61, "refit": true}
{"timestamp": "16:00:13.200873", "frame": 62, "mu": [1.4090945324299362, 1.8937447005373074, -0.10298997828826696], "Sigma": [[0.011987226300822027, -0.010318926879810453, 0.034324092666999886], [-0.010318926879810453, 0.024910315069570404, -0.09962175484706282], [0.034324092666999886, -0.09962175484706283, 0.5363946193145803]], "chi2_level": 0.99, "chi2_df": 3, "chi2_threshold": 11.344866730144373, "N_raw": 93, "N_roi": 93, "N_inlier": 93, "refit": true}
{"timestamp": "16:00:13.259461", "frame": 63, "mu": [1.3985431615847634, 1.753707124012914, -0.03719031252497514], "Sigma": [[0.01885245442259002, -0.01755209685064643, 0.05675980843879118], [-0.01755209685064643, 0.03607798580214132, -0.11907686779232077], [0.05675980843879118, -0.11907686779232077, 0.5543216041054789]], "chi2_level": 0.99, "chi2_df": 3, "chi2_threshold": 11.344866730144373, "N_raw": 107, "N_roi": 107, "N_inlier": 104, "refit": true}
{"timestamp": "16:00:13.310279", "frame": 64, "mu": [1.299283364691387, 1.6237847601424926, 1.1653050013493123], "Sigma": [[0.011869032758936351, -0.006398378232998946, -0.009877805276285897], [-0.006398378232998946, 0.008366172424109771, -0.0015939010359990546], [-0.009877805276285897, -0.0015939010359990544, 0.023348576254634972]], "chi2_level": 0.99, "chi2_df": 3, "chi2_threshold": 11.344866730144373, "N_raw": 86, "N_roi": 86, "N_inlier": 84, "refit": true}
{"timestamp": "16:00:13.361493", "frame": 65, "mu": [1.3420726459664591, 1.5153976842916632, 1.0207825243395807], "Sigma": [[0.006249179866127145, -0.004203283603259143, -0.0016531301154713916], [-0.004203283603259143, 0.005006573749380128, 0.004666666182861792], [-0.001653130115471391, 0.0046666661828617916, 0.042959733636957]], "chi2_level": 0.99, "chi2_df": 3, "chi2_threshold": 11.344866730144373, "N_raw": 63, "N_roi": 62, "N_inlier": 58, "refit": true}
{"timestamp": "16:00:13.423212", "frame": 66, "mu": [1.2601843479181634, 1.4544198845167082, 1.022963302064154], "Sigma": [[0.011336918108544947, -0.007090409922923141, -0.01352670536109161], [-0.007090409922923141, 0.008199270300871373, 0.010827504540747875], [-0.013526705361091611, 0.010827504540747875, 0.0735402600851534]], "chi2_level": 0.99, "chi2_df": 3, "chi2_threshold": 11.344866730144373, "N_raw": 106, "N_roi": 106, "N_inlier": 106, "refit": true}
{"timestamp": "16:00:13.469513", "frame": 67, "mu": [1.185104125748912, 1.4191956263761207, 1.2449593210849617], "Sigma": [[0.01027153934829735, -0.006364471114161895, -0.016917318867051362], [-0.006364471114161895, 0.005872716431236972, 0.012347838829815647], [-0.016917318867051362, 0.012347838829815647, 0.05715639549934867]], "chi2_level": 0.99, "chi2_df": 3, "chi2_threshold": 11.344866730144373, "N_raw": 40, "N_roi": 40, "N_inlier": 40, "refit": true}
{"timestamp": "16:00:13.532594", "frame": 68, "mu": [1.1808856151213714, 1.3553872247255092, 1.1180683434997138], "Sigma": [[0.01692298719553801, -0.010088621088742578, -0.02095958115993323], [-0.010088621088742578, 0.01063636034493809, 0.01060526436042281], [-0.02095958115993323, 0.01060526436042281, 0.039192320584616365]], "chi2_level": 0.99, "chi2_df": 3, "chi2_threshold": 11.344866730144373, "N_raw": 98, "N_roi": 98, "N_inlier": 95, "refit": true}
{"timestamp": "16:00:13.588976", "frame": 69, "mu": [1.0734872657753343, 1.333092708890918, 1.2287476400923651], "Sigma": [[0.011515560803576531, -0.004828831417327695, -0.013403798947922239], [-0.004828831417327695, 0.006578171857460415, 0.002457368525857278], [-0.013403798947922237, 0.002457368525857278, 0.028341484319899416]], "chi2_level": 0.99, "chi2_df": 3, "chi2_threshold": 11.344866730144373, "N_raw": 84, "N_roi": 84, "N_inlier": 81, "refit": true}
{"timestamp": "16:00:13.635931", "frame": 70, "mu": [1.0108080940949509, 1.3044531365639482, 1.370669664750715], "Sigma": [[0.011186012321766135, -0.0028075880669310633, -0.009260986827839702], [-0.0028075880669310637, 0.003173753259941032, 0.0002703342856258484], [-0.009260986827839702, 0.0002703342856258484, 0.010087281218469633]], "chi2_level": 0.99, "chi2_df": 3, "chi2_threshold": 11.344866730144373, "N_raw": 62, "N_roi": 62, "N_inlier": 60, "refit": true}
{"timestamp": "16:00:13.699385", "frame": 71, "mu": [0.9923218697972371, 1.237641212551195, 1.1564182202795772], "Sigma": [[0.012114329179814759, -0.00434179721274741, -0.020748676378601606], [-0.00434179721274741, 0.00436944053175027, 0.005369084331009866], [-0.020748676378601606, 0.005369084331009866, 0.08158032756944562]], "chi2_level": 0.99, "chi2_df": 3, "chi2_threshold": 11.344866730144373, "N_raw": 115, "N_roi": 115, "N_inlier": 115, "refit": true}
{"timestamp": "16:00:13.751935", "frame": 72, "mu": [0.9435598393594528, 1.1610990594606672, 1.1806995164929133], "Sigma": [[0.013598962194350526, -0.005712673457591798, -0.0068472633316523385], [-0.005712673457591799, 0.006625098713717785, -0.002052932381904941], [-0.0068472633316523385, -0.0020529323819049416, 0.04950364246285083]], "chi2_level": 0.99, "chi2_df": 3, "chi2_threshold": 11.344866730144373, "N_raw": 97, "N_roi": 97, "N_inlier": 95, "refit": true}
{"timestamp": "16:00:13.807476", "frame": 73, "mu": [0.9349103758025541, 1.0414633863538842, 1.2423275648323675], "Sigma": [[0.017598951586544086, -0.004295969121723871, -0.01655697895280791], [-0.004295969121723871, 0.004642593322652972, 0.002535960385239064], [-0.016556978952807912, 0.002535960385239064, 0.023941632797012315]], "chi2_level": 0.99, "chi2_df": 3, "chi2_threshold": 11.344866730144373, "N_raw": 105, "N_roi": 105, "N_inlier": 102, "refit": true}
{"timestamp": "16:00:13.867302", "frame": 74, "mu": [0.8526251650868478, 1.01722655301463, 1.2542936275669394], "Sigma": [[0.015886793300764257, -0.0050501941724575995, -0.015407743536451069], [-0.0050501941724575995, 0.007266711666214519, 0.0011905100025992417], [-0.015407743536451069, 0.0011905100025992419, 0.022001662379298823]], "chi2_level": 0.99, "chi2_df": 3, "chi2_threshold": 11.344866730144373, "N_raw": 127, "N_roi": 127, "N_inlier": 124, "refit": true}
{"timestamp": "16:00:13.921894", "frame": 75, "mu": [0.8064502293481761, 0.9725199298573205, 1.2784971124879563], "Sigma": [[0.016333048545445913, -0.006290889165257859, -0.015365505197676963], [-0.006290889165257859, 0.007424944276404334, 0.0027266806622047485], [-0.015365505197676963, 0.002726680662204748, 0.018351958498939967]], "chi2_level": 0.99, "chi2_df": 3, "chi2_threshold": 11.344866730144373, "N_raw": 120, "N_roi": 120, "N_inlier": 116, "refit": true}
{"timestamp": "16:00:13.972350", "frame": 76, "mu": [0.7361077701841506, 0.9531617476569986, 1.2909351760590648], "Sigma": [[0.01251314580940026, -0.00404443718460454, -0.01447765574283189], [-0.00404443718460454, 0.004817940656868657, 0.0028130188334721242], [-0.014477655742831892, 0.0028130188334721247, 0.022038914995817928]], "chi2_level": 0.99, "chi2_df": 3, "chi2_threshold": 11.344866730144373, "N_raw": 94, "N_roi": 94, "N_inlier": 92, "refit": true}
{"timestamp": "16:00:14.027528", "frame": 77, "mu": [0.6533475805509867, 0.951967974259811, 1.357907651651003], "Sigma": [[0.009564339619107383, -0.001063895632876828, -0.011015308922616502], [-0.0010638956328768282, 0.004539089937061209, -0.0016536620137676489], [-0.011015308922616502, -0.0016536620137676489, 0.015391232483945591]], "chi2_level": 0.99, "chi2_df": 3, "chi2_threshold": 11.344866730144373, "N_raw": 103, "N_roi": 103, "N_inlier": 99, "refit": true}
{"timestamp": "16:00:14.077448", "frame": 78, "mu": [0.5985042259832358, 0.9118437897538268, 1.3780112785816268], "Sigma": [[0.007961496423142709, -0.0015391510488213223, -0.009286590409433014], [-0.0015391510488213227, 0.002802220941556753, 0.0003965414238057406], [-0.009286590409433016, 0.0003965414238057405, 0.011938307080595722]], "chi2_level": 0.99, "chi2_df": 3, "chi2_threshold": 11.344866730144373, "N_raw": 58, "N_roi": 58, "N_inlier": 54, "refit": true}
{"timestamp": "16:00:14.124892", "frame": 79, "mu": [0.5007411377085715, 0.8871125868589155, 0.8523787912020605], "Sigma": [[0.007051364248808462, -0.005771722485990973, -0.04893718499938776], [-0.005771722485990973, 0.016620333206615483, 0.08387854604965522], [-0.04893718499938776, 0.08387854604965522, 0.569221411428179]], "chi2_level": 0.99, "chi2_df": 3, "chi2_threshold": 11.344866730144373, "N_raw": 11, "N_roi": 11, "N_inlier": 10, "refit": true}
{"timestamp": "16:00:14.181627", "frame": 80, "mu": [0.3677703296462939, 1.0345057576599144, -0.26271660285497866], "Sigma": [[0.002081504307641755, 0.0008706080538508998, -0.0030939603149000043], [0.0008706080538508997, 0.0022477224354909616, -0.0017500236674384767], [-0.0030939603149000043, -0.0017500236674384767, 0.005263998672060355]], "chi2_level": 0.99, "chi2_df": 3, "chi2_threshold": 11.344866730144373, "N_raw": 32, "N_roi": 32, "N_inlier": 28, "refit": true}
{"timestamp": "16:00:14.237703", "frame": 81, "mu": [0.38755820118121737, 0.8968746744679487, 1.291823855204446], "Sigma": [[0.007556671329315207, -0.0035727684449156243, -0.010680304411268], [-0.003572768444915624, 0.004573675736750778, 0.003259784129567165], [-0.010680304411268, 0.003259784129567165, 0.016954281453730454]], "chi2_level": 0.99, "chi2_df": 3, "chi2_threshold": 11.344866730144373, "N_raw": 44, "N_roi": 44, "N_inlier": 43, "refit": true}
{"timestamp": "16:00:14.294849", "frame": 82, "mu": [0.24812910010256423, 0.9270978402858372, 1.420968868928835], "Sigma": [[0.008259623650832033, -0.0009133715705993233, -0.010232444320144963], [-0.0009133715705993233, 0.0015394627166302928, 0.0003928254776094797], [-0.010232444320144963, 0.0003928254776094797, 0.013446916442025633]], "chi2_level": 0.99, "chi2_df": 3, "chi2_threshold": 11.344866730144373, "N_raw": 47, "N_roi": 45, "N_inlier": 44, "refit": true}
{"timestamp": "16:00:14.343084", "frame": 83, "mu": [0.19784628389992315, 1.1116062250305738, -0.7457434914171495], "Sigma": [[0.0020112386467299823, 0.002928407699995436, -0.009560831688659045], [0.002928407699995436, 0.007428024827377353, -0.04307626494092677], [-0.009560831688659045, -0.04307626494092677, 0.5230564033641943]], "chi2_level": 0.99, "chi2_df": 3, "chi2_threshold": 11.344866730144373, "N_raw": 9, "N_roi": 9, "N_inlier": 8, "refit": true}
{"timestamp": "16:00:14.402860", "frame": 84, "mu": [0.04032714532926885, 0.9413896861409035, 1.483984792037878], "Sigma": [[0.002147188775910499, -0.0009552228896445039, -0.0017510095665630983], [-0.0009552228896445039, 0.0023023310180147723, -0.00038794219863606626], [-0.0017510095665630983, -0.0003879421986360663, 0.0025980630549067717]], "chi2_level": 0.99, "chi2_df": 3, "chi2_threshold": 11.344866730144373, "N_raw": 45, "N_roi": 45, "N_inlier": 44, "refit": true}
{"timestamp": "16:00:14.463848", "frame": 85, "mu": [-0.008433251128479199, 0.9349550614731806, 1.4884685466701852], "Sigma": [[0.005463645860146262, -0.0029367224162631907, -0.006468275074385389], [-0.0029367224162631907, 0.004153871637240182, 0.0020738390379598636], [-0.006468275074385389, 0.0020738390379598636, 0.00962497092537507]], "chi2_level": 0.99, "chi2_df": 3, "chi2_threshold": 11.344866730144373, "N_raw": 83, "N_roi": 81, "N_inlier": 79, "refit": true}
{"timestamp": "16:00:14.515376", "frame": 86, "mu": [0.0009819871597756447, 0.918069780026943, 1.3906192112125548], "Sigma": [[0.003246085486442756, -0.0009189846142225219, -0.005638538757713779], [-0.000918984614222522, 0.0021771539294426793, -0.00016162022564377934], [-0.005638538757713779, -0.00016162022564377918, 0.012148901304894126]], "chi2_level": 0.99, "chi2_df": 3, "chi2_threshold": 11.344866730144373, "N_raw": 52, "N_roi": 52, "N_inlier": 52, "refit": true}
{"timestamp": "16:00:14.568643", "frame": 87, "mu": [-0.12089300236647404, 0.9464215895010837, 1.4914237617587693], "Sigma": [[0.0016641013454718127, -0.0003464613380200843, -0.001551934360838067], [-0.00034646133802008436, 0.0020925273028464574, -0.0009113420133139437], [-0.0015519343608380667, -0.0009113420133139437, 0.002389302908695271]], "chi2_level": 0.99, "chi2_df": 3, "chi2_threshold": 11.344866730144373, "N_raw": 41, "N_roi": 41, "N_inlier": 40, "refit": true}
{"timestamp": "16:00:14.629881", "frame": 88, "mu": [-0.20911335170254908, 0.961333330195738, 1.4922490352253517], "Sigma": [[0.004987649174276591, -0.0006755686901173983, -0.00412689752744504], [-0.0006755686901173983, 0.0033464471375327233, -0.0014050175479538018], [-0.00412689752744504, -0.0014050175479538018, 0.004890626768919525]], "chi2_level": 0.99, "chi2_df": 3, "chi2_threshold": 11.344866730144373, "N_raw": 87, "N_roi": 87, "N_inlier": 85, "refit": true}
{"timestamp": "16:00:14.679455", "frame": 89, "mu": [-0.26565281510953354, 0.9485953402646962, 1.4519145662010249], "Sigma": [[0.001965302486978585, -0.0002653217682197091, -0.0026312673077783597], [-0.0002653217682197091, 0.0020763850743661296, -0.0008556052706539428], [-0.0026312673077783597, -0.0008556052706539428, 0.0047349746555405536]], "chi2_level": 0.99, "chi2_df": 3, "chi2_threshold": 11.344866730144373, "N_raw": 42, "N_roi": 42, "N_inlier": 39, "refit": true}
{"timestamp": "16:00:14.742602", "frame": 90, "mu": [-0.3497360737963071, 0.9410443499433275, 1.4620317709640382], "Sigma": [[0.0045793479771855305, -0.0007011560367693818, -0.0033273047386695722], [-0.0007011560367693821, 0.004448335069122799, -0.0034340985133113006], [-0.0033273047386695722, -0.0034340985133113006, 0.006423745480824682]], "chi2_level": 0.99, "chi2_df": 3, "chi2_threshold": 11.344866730144373, "N_raw": 102, "N_roi": 102, "N_inlier": 99, "refit": true}
