{"timestamp": "15:29:27.464874", "frame": 1, "mu": [0.17260333038146342, 1.7083366293935018, 1.6314156444850267], "Sigma": [[0.003539817179744246, -0.0004479190637395728, -0.0011629164570660837], [-0.00044791906373957283, 0.0033234654962904474, 0.0011795476586977157], [-0.0011629164570660837, 0.0011795476586977157, 0.0009584009912777169]], "chi2_level": 0.99, "chi2_df": 3, "chi2_threshold": 11.344866730144373, "N_raw": 37, "N_roi": 37, "N_inlier": 35, "refit": true}
{"timestamp": "15:29:27.520925", "frame": 2, "mu": [0.1483922412739358, 1.7269888036925671, 1.6378345552134854], "Sigma": [[0.004581687753342971, 0.000243409274234621, -0.0019219698226741228], [0.000243409274234621, 0.0027474504303488115, -0.0008621492927984054], [-0.0019219698226741228, -0.0008621492927984054, 0.0012527776031758919]], "chi2_level": 0.99, "chi2_df": 3, "chi2_threshold": 11.344866730144373, "N_raw": 41, "N_roi": 41, "N_inlier": 41, "refit": true}
{"timestamp": "15:29:27.578036", "frame": 3, "mu": [0.21654447360795073, 1.740096660797549, -0.3590876979736276], "Sigma": [[0.005693889320078705, 0.0023076192826189724, 0.0109455098029007], [0.0023076192826189724, 0.005929516196135603, 0.004531289809297989], [0.010945509802900698, 0.004531289809297989, 0.03690935667247554]], "chi2_level": 0.99, "chi2_df": 3, "chi2_threshold": 11.344866730144373, "N_raw": 60, "N_roi": 60, "N_inlier": 60, "refit": true}
{"timestamp": "15:29:27.633077", "frame": 4, "mu": [0.1967919804585553, 1.7254679669818895, 1.5464716830192826], "Sigma": [[0.005520386778649651, 0.0006503196611291378, -0.003048393724837899], [0.0006503196611291378, 0.00336816227938036, -0.0022668984203544533], [-0.003048393724837899, -0.0022668984203544533, 0.003284161177414366]], "chi2_level": 0.99, "chi2_df": 3, "chi2_threshold": 11.344866730144373, "N_raw": 54, "N_roi": 54, "N_inlier": 53, "refit": true}
{"timestamp": "15:29:27.685215", "frame": 5, "mu": [0.12685065043113186, 1.7329365945629267, 1.636872696496455], "Sigma": [[0.004255846556990418, -0.0014689371474381973, -0.0018013750204523976], [-0.001468937147438197, 0.0034451444665526366, 0.0008205634759943599], [-0.0018013750204523976, 0.0008205634759943599, 0.001032516071046237]], "chi2_level": 0.99, "chi2_df": 3, "chi2_threshold": 11.344866730144373, "N_raw": 39, "N_roi": 39, "N_inlier": 38, "refit": true}
{"timestamp": "15:29:27.741752", "frame": 6, "mu": [0.1855687591604213, 1.6985826990362585, 1.5563849402541252], "Sigma": [[0.005015234936583432, -0.0015793924634809337, -0.0018751480386700276], [-0.0015793924634809335, 0.0039157942730286095, 0.001183333645312901], [-0.0018751480386700276, 0.001183333645312901, 0.0010246798436544886]], "chi2_level": 0.99, "chi2_df": 3, "chi2_threshold": 11.344866730144373, "N_raw": 44, "N_roi": 44, "N_inlier": 43, "refit": true}
{"timestamp": "15:29:27.796995", "frame": 7, "mu": [0.19968109989276175, 1.7390626064000678, 1.584436351999288], "Sigma": [[0.006128397981572032, 0.001165639319230683, -0.0033678197784343276], [0.001165639319230683, 0.0031137045047958745, -0.0019179770047269736], [-0.0033678197784343276, -0.0019179770047269736, 0.002827213603586973]], "chi2_level": 0.99, "chi2_df": 3, "chi2_threshold": 11.344866730144373, "N_raw": 52, "N_roi": 52, "N_inlier": 51, "refit": true}
{"timestamp": "15:29:27.853650", "frame": 8, "mu": [0.2074163160759898, 1.7349494455522956, 1.5270578058719089], "Sigma": [[0.005517350517313671, 0.0007457621741505834, -0.00290655190128263], [0.0007457621741505835, 0.004632490241535122, -0.0024344351540339926], [-0.00290655190128263, -0.0024344351540339926, 0.0027167196825013005]], "chi2_level": 0.99, "chi2_df": 3, "chi2_threshold": 11.344866730144373, "N_raw": 59, "N_roi": 59, "N_inlier": 59, "refit": true}
{"timestamp": "15:29:27.907471", "frame": 9, "mu": [0.20665088541023108, 1.7387404806462097, 1.5479577464756187], "Sigma": [[0.005246226863967348, 0.00029942157254675644, -0.0022259581997785094], [0.00029942157254675644, 0.004710410910326517, -0.0007575088429900873], [-0.002225958199778509, -0.0007575088429900873, 0.0012312284225106031]], "chi2_level": 0.99, "chi2_df": 3, "chi2_threshold": 11.344866730144373, "N_raw": 54, "N_roi": 54, "N_inlier": 54, "refit": true}
{"timestamp": "15:29:27.960234", "frame": 10, "mu": [0.13877503026316593, 1.757052885375551, 1.6376582586991153], "Sigma": [[0.0039023178029877056, -0.0007986758858796911, -0.0013240715182604964], [-0.0007986758858796911, 0.001771694902423396, 0.00015764281457684672], [-0.0013240715182604964, 0.00015764281457684672, 0.0006696800978742461]], "chi2_level": 0.99, "chi2_df": 3, "chi2_threshold": 11.344866730144373, "N_raw": 27, "N_roi": 27, "N_inlier": 27, "refit": true}
{"timestamp": "15:29:28.016007", "frame": 11, "mu": [0.17407441284731406, 1.743151861126548, 1.5605528158990771], "Sigma": [[0.00348985045906835, -0.0005337636487588584, -0.0012537544440360173], [-0.0005337636487588583, 0.004863807467507879, -2.6251542957346187e-05], [-0.0012537544440360175, -2.6251542957346187e-05, 0.0006263481835074794]], "chi2_level": 0.99, "chi2_df": 3, "chi2_threshold": 11.344866730144373, "N_raw": 44, "N_roi": 44, "N_inlier": 44, "refit": true}
{"timestamp": "15:29:28.073547", "frame": 12, "mu": [0.21353073009924764, 1.7808873853402556, 1.5357551967856626], "Sigma": [[0.005686139013370325, 0.0004122390721862691, -0.0024348281605994122], [0.00041223907218626923, 0.0037682667087995357, -0.0020314171519769672], [-0.0024348281605994122, -0.0020314171519769672, 0.00223934886961251]], "chi2_level": 0.99, "chi2_df": 3, "chi2_threshold": 11.344866730144373, "N_raw": 54, "N_roi": 54, "N_inlier": 54, "refit": true}
{"timestamp": "15:29:28.124442", "frame": 13, "mu": [0.17413596860073727, 1.7481485381554505, 1.6112544216583058], "Sigma": [[0.0038789651128396437, -0.0007270699196030503, -0.0016079562212434227], [-0.0007270699196030503, 0.0019155889447885076, 0.0005267183395587017], [-0.0016079562212434227, 0.0005267183395587017, 0.0008642555699370235]], "chi2_level": 0.99, "chi2_df": 3, "chi2_threshold": 11.344866730144373, "N_raw": 29, "N_roi": 29, "N_inlier": 27, "refit": true}
{"timestamp": "15:29:28.183355", "frame": 14, "mu": [0.19895742393333862, 1.7959340090724722, -0.01433828151236129], "Sigma": [[0.005441418630372231, 0.0010458434326689118, -0.002421172696671304], [0.0010458434326689118, 0.004708073125085621, 0.0009421732183671101], [-0.002421172696671304, 0.0009421732183671101, 0.0017657846690033493]], "chi2_level": 0.99, "chi2_df": 3, "chi2_threshold": 11.344866730144373, "N_raw": 57, "N_roi": 57, "N_inlier": 54, "refit": true}
{"timestamp": "15:29:28.231887", "frame": 15, "mu": [0.14282760258164431, 1.7479890094282653, 1.319699618960642], "Sigma": [[0.0019692869860296817, -0.002033006430156038, -0.020695002840352673], [-0.002033006430156038, 0.004860275454868613, 0.028234791991171647], [-0.020695002840352677, 0.028234791991171647, 0.4057270824767902]], "chi2_level": 0.99, "chi2_df": 3, "chi2_threshold": 11.344866730144373, "N_raw": 11, "N_roi": 11, "N_inlier": 11, "refit": true}
{"timestamp": "15:29:28.292161", "frame": 16, "mu": [0.1382122714458122, 1.748548809696245, 1.2605419291325344], "Sigma": [[0.005758244815091666, -0.004028534284296332, -0.03092474514168726], [-0.0040285342842963315, 0.009072861112719923, 0.05452220469658432], [-0.030924745141687256, 0.05452220469658432, 0.4671601360724731]], "chi2_level": 0.99, "chi2_df": 3, "chi2_threshold": 11.344866730144373, "N_raw": 50, "N_roi": 50, "N_inlier": 50, "refit": true}
{"timestamp": "15:29:28.346621", "frame": 17, "mu": [0.1621610202905836, 1.7143333756396284, 1.1182215974928233], "Sigma": [[0.00453392525943369, -0.00431289007434474, -0.030071437919947236], [-0.00431289007434474, 0.011370904694757565, 0.0694983712244291], [-0.030071437919947236, 0.0694983712244291, 0.5308733179512326]], "chi2_level": 0.99, "chi2_df": 3, "chi2_threshold": 11.344866730144373, "N_raw": 41, "N_roi": 41, "N_inlier": 40, "refit": true}
{"timestamp": "15:29:28.395873", "frame": 18, "mu": [0.14993373042017327, 1.6986998051303563, 0.6960661708152228], "Sigma": [[0.000961509249641586, -0.0014973547644879317, -0.02130104637045347], [-0.0014973547644879317, 0.006248708399730595, 0.04604224654843881], [-0.02130104637045347, 0.04604224654843882, 0.620612249447862]], "chi2_level": 0.99, "chi2_df": 3, "chi2_threshold": 11.344866730144373, "N_raw": 6, "N_roi": 6, "N_inlier": 6, "refit": true}
{"timestamp": "15:29:28.459855", "frame": 19, "mu": [0.09182250894206642, 1.6628620537293881, 0.4406915635682131], "Sigma": [[0.011753280250827862, 0.0016776362399255579, 0.042322809612830026], [0.0016776362399255579, 0.007495157806173385, 0.051323036174841775], [0.042322809612830026, 0.051323036174841775, 0.48288829710080583]], "chi2_level": 0.99, "chi2_df": 3, "chi2_threshold": 11.344866730144373, "N_raw": 62, "N_roi": 62, "N_inlier": 61, "refit": true}
{"timestamp": "15:29:28.509142", "frame": 20, "mu": [0.09112366136512152, 1.7270004732221875, 1.2520828897472709], "Sigma": [[0.0024914098185562458, 0.0005342466419889717, 0.0031791740679529747], [0.0005342466419889716, 0.003339889668053303, 0.011814832002393034], [0.003179174067952974, 0.011814832002393034, 0.30825777012297323]], "chi2_level": 0.99, "chi2_df": 3, "chi2_threshold": 11.344866730144373, "N_raw": 26, "N_roi": 26, "N_inlier": 25, "refit": true}
{"timestamp": "15:29:28.571092", "frame": 21, "mu": [0.17552327651169483, 1.7231361694192324, 1.3721803791167813], "Sigma": [[0.006453752176756227, -0.00046447107100855005, -0.007326465779508854], [-0.00046447107100855016, 0.007819787343226185, -0.0001759817598025538], [-0.007326465779508854, -0.00017598175980255374, 0.014136608811868486]], "chi2_level": 0.99, "chi2_df": 3, "chi2_threshold": 11.344866730144373, "N_raw": 78, "N_roi": 78, "N_inlier": 75, "refit": true}
{"timestamp": "15:29:28.623622", "frame": 22, "mu": [0.2240332730888858, 1.6224089387226452, 0.5486813839579089], "Sigma": [[0.00827277375184524, -0.0021585605296966393, 0.012834082702757389], [-0.0021585605296966398, 0.01818865881010058, -0.08210183240150962], [0.012834082702757389, -0.08210183240150962, 0.4277113581861562]], "chi2_level": 0.99, "chi2_df": 3, "chi2_threshold": 11.344866730144373, "N_raw": 29, "N_roi": 29, "N_inlier": 27, "refit": true}
{"timestamp": "15:29:28.680871", "frame": 23, "mu": [0.009227772432946741, 1.7288293867251077, 1.513578905184348], "Sigma": [[0.006256388386829045, -0.003814095069158188, -0.004946375072659692], [-0.003814095069158188, 0.007773914486828018, 0.0036025648228812006], [-0.004946375072659692, 0.0036025648228812, 0.004702051587929906]], "chi2_level": 0.99, "chi2_df": 3, "chi2_threshold": 11.344866730144373, "N_raw": 60, "N_roi": 60, "N_inlier": 58, "refit": true}
{"timestamp": "15:29:28.734143", "frame": 24, "mu": [-0.019610787103261085, 1.7049574840281552, 1.529272805786796], "Sigma": [[0.0060265320556944, -0.0036834538408036053, -0.0065352339206094495], [-0.0036834538408036053, 0.004940598079961964, 0.0036317082104330867], [-0.0065352339206094495, 0.003631708210433087, 0.007570541930775939]], "chi2_level": 0.99, "chi2_df": 3, "chi2_threshold": 11.344866730144373, "N_raw": 48, "N_roi": 47, "N_inlier": 43, "refit": true}
{"timestamp": "15:29:28.793758", "frame": 25, "mu": [-0.013733050639466886, 1.7060354868473238, 1.492489327634371], "Sigma": [[0.006941628595565376, -0.003060346489916331, -0.005885647510268101], [-0.003060346489916331, 0.008068054940201503, 0.0014910788246739618], [-0.005885647510268102, 0.0014910788246739616, 0.005991224052138695]], "chi2_level": 0.99, "chi2_df": 3, "chi2_threshold": 11.344866730144373, "N_raw": 75, "N_roi": 75, "N_inlier": 73, "refit": true}
{"timestamp": "15:29:28.847515", "frame": 26, "mu": [-0.05602571935949301, 1.7264941931143116, 1.519839428650004], "Sigma": [[0.005899980870320187, -0.0002813706732579552, -0.004235706205171596], [-0.0002813706732579552, 0.004258687570826906, -0.0018089500792160544], [-0.0042357062051715955, -0.0018089500792160542, 0.004476934982867309]], "chi2_level": 0.99, "chi2_df": 3, "chi2_threshold": 11.344866730144373, "N_raw": 64, "N_roi": 64, "N_inlier": 60, "refit": true}
{"timestamp": "15:29:28.899280", "frame": 27, "mu": [-0.11598921943344555, 1.7472246475923243, -0.1581687125567283], "Sigma": [[0.005632176958495394, 0.0024808524125780307, 0.010768876426528916], [0.0024808524125780307, 0.004218038987509405, 0.005931791919205473], [0.010768876426528916, 0.005931791919205473, 0.035892050020255736]], "chi2_level": 0.99, "chi2_df": 3, "chi2_threshold": 11.344866730144373, "N_raw": 46, "N_roi": 46, "N_inlier": 45, "refit": true}
{"timestamp": "15:29:28.953235", "frame": 28, "mu": [-0.09220191601466671, 1.7002654091741163, 1.5194255891824762], "Sigma": [[0.004481358945385239, -9.913739714926746e-05, -0.004250035658477142], [-9.913739714926748e-05, 0.0029191695195575264, -0.0005787035590896327], [-0.004250035658477142, -0.0005787035590896327, 0.00473429436934979]], "chi2_level": 0.99, "chi2_df": 3, "chi2_threshold": 11.344866730144373, "N_raw": 43, "N_roi": 43, "N_inlier": 41, "refit": true}
{"timestamp": "15:29:29.003036", "frame": 29, "mu": [-0.05003444472469802, 1.6017605551388607, 1.336374337203935], "Sigma": [[0.00034003092072422013, -0.0019070996324162825, -0.0008356070629202782], [-0.0019070996324162825, 0.013870875490815107, 0.003235200611332782], [-0.0008356070629202782, 0.003235200611332782, 0.00308579326904421]], "chi2_level": 0.99, "chi2_df": 3, "chi2_threshold": 11.344866730144373, "N_raw": 6, "N_roi": 6, "N_inlier": 6, "refit": true}
{"timestamp": "15:29:29.066760", "frame": 30, "mu": [-0.16950289690655748, 1.6416020176447157, 1.4440913169078653], "Sigma": [[0.005607569377139031, -0.0011348754466940568, -0.0028250418542218343], [-0.0011348754466940568, 0.004799316191703062, -0.0011629466343679056], [-0.0028250418542218343, -0.0011629466343679054, 0.0026779017148131565]], "chi2_level": 0.99, "chi2_df": 3, "chi2_threshold": 11.344866730144373, "N_raw": 61, "N_roi": 61, "N_inlier": 57, "refit": true}
{"timestamp": "15:29:29.119041", "frame": 31, "mu": [-0.13130215514004107, 1.6235852862826732, 1.3772650279832384], "Sigma": [[0.003123183275726399, -0.0006799613905553931, -0.002430319566236676], [-0.0006799613905553933, 0.004977471746403413, -0.0001116101865485824], [-0.002430319566236676, -0.00011161018654858222, 0.0023699279046391344]], "chi2_level": 0.99, "chi2_df": 3, "chi2_threshold": 11.344866730144373, "N_raw": 43, "N_roi": 43, "N_inlier": 41, "refit": true}
{"timestamp": "15:29:29.171841", "frame": 32, "mu": [-0.3036357558725157, 1.6089971104358605, 1.5140613279980064], "Sigma": [[0.003617377712851792, -0.00012335247642157642, -0.0015720970578762038], [-0.00012335247642157642, 0.0029881615437210357, -0.0007631120584472405], [-0.0015720970578762038, -0.0007631120584472405, 0.001125061009859774]], "chi2_level": 0.99, "chi2_df": 3, "chi2_threshold": 11.344866730144373, "N_raw": 37, "N_roi": 37, "N_inlier": 36, "refit": true}
{"timestamp": "15:29:29.228456", "frame": 33, "mu": [-0.3408379706314235, 1.6267146049189434, 1.5112950799318112], "Sigma": [[0.004430618341898088, -0.00010779361391056295, -0.005779918626050096], [-0.00010779361391056297, 0.0029859198472106823, 0.0007846724819604162], [-0.0057799186260500965, 0.0007846724819604161, 0.017926868721818347]], "chi2_level": 0.99, "chi2_df": 3, "chi2_threshold": 11.344866730144373, "N_raw": 41, "N_roi": 41, "N_inlier": 38, "refit": true}
{"timestamp": "15:29:29.286028", "frame": 34, "mu": [-0.3347372363318375, 1.603007403278876, 1.217533171531981], "Sigma": [[0.00787680940137373, -0.0036254990187485027, -0.025907951148757505], [-0.0036254990187485027, 0.005237465437631661, 0.005953564312116252], [-0.025907951148757505, 0.005953564312116253, 0.2567814951193185]], "chi2_level": 0.99, "chi2_df": 3, "chi2_threshold": 11.344866730144373, "N_raw": 50, "N_roi": 48, "N_inlier": 47, "refit": true}
{"timestamp": "15:29:29.344457", "frame": 35, "mu": [-0.3394415390202188, 1.6185609368678489, 1.369650201259172], "Sigma": [[0.005869521559875797, -0.002111939443382492, -0.009579028633819108], [-0.002111939443382492, 0.006653535815777632, 0.00310529398031357], [-0.009579028633819108, 0.0031052939803135693, 0.039482544337390645]], "chi2_level": 0.99, "chi2_df": 3, "chi2_threshold": 11.344866730144373, "N_raw": 85, "N_roi": 84, "N_inlier": 80, "refit": true}
{"timestamp": "15:29:29.397795", "frame": 36, "mu": [-0.39480447002190644, 1.6352109476081076, 1.3849563499046507], "Sigma": [[0.003976686526193001, -0.001605192070284935, -0.0065334539814847345], [-0.001605192070284935, 0.00613129576585309, 0.005065325945003], [-0.0065334539814847345, 0.005065325945003, 0.04450473305843231]], "chi2_level": 0.99, "chi2_df": 3, "chi2_threshold": 11.344866730144373, "N_raw": 64, "N_roi": 64, "N_inlier": 62, "refit": true}
{"timestamp": "15:29:29.450538", "frame": 37, "mu": [-0.4480618430918583, 1.6232312694094793, 1.2498844060508463], "Sigma": [[0.004880743370042643, -0.0001263792647036256, 0.006946929705807089], [-0.0001263792647036256, 0.0041809687896829624, 0.010817225841738725], [0.006946929705807089, 0.010817225841738724, 0.28148023896125335]], "chi2_level": 0.99, "chi2_df": 3, "chi2_threshold": 11.344866730144373, "N_raw": 57, "N_roi": 57, "N_inlier": 56, "refit": true}
{"timestamp": "15:29:29.508482", "frame": 38, "mu": [-0.4608364620820648, 1.674354682284639, 1.4365775239888678], "Sigma": [[0.005008773984269257, -0.0013020843850847933, -0.004434987250318571], [-0.0013020843850847937, 0.006752674028237309, -0.002082403900659845], [-0.004434987250318571, -0.0020824039006598445, 0.007091443045362143]], "chi2_level": 0.99, "chi2_df": 3, "chi2_threshold": 11.344866730144373, "N_raw": 69, "N_roi": 69, "N_inlier": 67, "refit": true}
{"timestamp": "15:29:29.564550", "frame": 39, "mu": [-0.535154015790655, 1.6752683596709892, 1.4791129111881807], "Sigma": [[0.006761259159913136, -0.0009171807848395362, -0.007093775874490644], [-0.0009171807848395364, 0.006505321640749794, -0.002656293761848512], [-0.007093775874490644, -0.002656293761848512, 0.010096058153317045]], "chi2_level": 0.99, "chi2_df": 3, "chi2_threshold": 11.344866730144373, "N_raw": 77, "N_roi": 77, "N_inlier": 76, "refit": true}
{"timestamp": "15:29:29.621028", "frame": 40, "mu": [-0.5372086228531712, 1.6802484289999846, 1.4310911382716056], "Sigma": [[0.005548908333649291, -0.0011995779446454398, -0.003946351232545863], [-0.00119957794464544, 0.012506504160068117, 0.0015650957582167056], [-0.003946351232545863, 0.0015650957582167054, 0.0076024137513806544]], "chi2_level": 0.99, "chi2_df": 3, "chi2_threshold": 11.344866730144373, "N_raw": 82, "N_roi": 82, "N_inlier": 80, "refit": true}
{"timestamp": "15:29:29.672574", "frame": 41, "mu": [-0.6081644506680742, 1.6838593828403283, 1.4387311224287045], "Sigma": [[0.006426546373905116, -0.0018601432822852606, -0.0038191805300233435], [-0.0018601432822852606, 0.007609457033990381, 0.0013704152528932682], [-0.003819180530023344, 0.0013704152528932682, 0.003048481412987972]], "chi2_level": 0.99, "chi2_df": 3, "chi2_threshold": 11.344866730144373, "N_raw": 64, "N_roi": 64, "N_inlier": 61, "refit": true}
{"timestamp": "15:29:29.726049", "frame": 42, "mu": [-0.6224225089420173, 1.6281100348608926, 1.3726276197218563], "Sigma": [[0.005678488395194556, -0.00243267060511883, -0.006324713314075862], [-0.00243267060511883, 0.008349760478134632, 0.0046520240047069495], [-0.006324713314075862, 0.00465202400470695, 0.008240521971611736]], "chi2_level": 0.99, "chi2_df": 3, "chi2_threshold": 11.344866730144373, "N_raw": 55, "N_roi": 55, "N_inlier": 51, "refit": true}
{"timestamp": "15:29:29.783528", "frame": 43, "mu": [-0.6687576137562402, 1.6884404416262742, 1.3929462481601025], "Sigma": [[0.0050639160229845265, -0.0036598724571820047, -0.011579123174600968], [-0.0036598724571820047, 0.015436234063554278, 0.01530831429327471], [-0.011579123174600968, 0.01530831429327471, 0.057252970815697565]], "chi2_level": 0.99, "chi2_df": 3, "chi2_threshold": 11.344866730144373, "N_raw": 66, "N_roi": 66, "N_inlier": 63, "refit": true}
{"timestamp": "15:29:29.840526", "frame": 44, "mu": [-0.7240624634452203, 1.7118589461422018, 1.4690023849050016], "Sigma": [[0.007088185490898648, -0.0020439980456722347, -0.005897621762360052], [-0.0020439980456722347, 0.013099338559488883, 0.004194724491172683], [-0.005897621762360052, 0.004194724491172683, 0.007644006917010565]], "chi2_level": 0.99, "chi2_df": 3, "chi2_threshold": 11.344866730144373, "N_raw": 82, "N_roi": 82, "N_inlier": 77, "refit": true}
{"timestamp": "15:29:29.901738", "frame": 45, "mu": [-0.7590547470344357, 1.6920317630443622, 1.1889979205568055], "Sigma": [[0.00792838524658285, 0.0005236458764465342, 0.005599531202580671], [0.0005236458764465337, 0.013197530802847636, 0.027390568658994852], [0.005599531202580671, 0.027390568658994852, 0.2596004632580631]], "chi2_level": 0.99, "chi2_df": 3, "chi2_threshold": 11.344866730144373, "N_raw": 126, "N_roi": 126, "N_inlier": 125, "refit": true}
{"timestamp": "15:29:29.951577", "frame": 46, "mu": [-0.7731028139577553, 1.746785464193266, 1.4666134279374166], "Sigma": [[0.007801122413355736, -0.0012051515632266888, -0.0057682087469762885], [-0.0012051515632266886, 0.014402188460080286, 0.0027011090614829794], [-0.0057682087469762885, 0.0027011090614829803, 0.006576191236449709]], "chi2_level": 0.99, "chi2_df": 3, "chi2_threshold": 11.344866730144373, "N_raw": 87, "N_roi": 87, "N_inlier": 87, "refit": true}
{"timestamp": "15:29:30.007961", "frame": 47, "mu": [-0.7822726834628216, 1.7805549589993042, 0.16137059802898576], "Sigma": [[0.0104019224854367, 0.0024365193012909785, 0.05052758834236114], [0.0024365193012909785, 0.014185939419194247, 0.03205036081125848], [0.05052758834236114, 0.03205036081125848, 0.4819673372509428]], "chi2_level": 0.99, "chi2_df": 3, "chi2_threshold": 11.344866730144373, "N_raw": 99, "N_roi": 99, "N_inlier": 99, "refit": true}
{"timestamp": "15:29:30.059257", "frame": 48, "mu": [-0.8223151696276004, 1.8192774437352723, -0.48228798967421915], "Sigma": [[0.00928832703419588, 0.003612691177568069, -0.004078692999862075], [0.003612691177568069, 0.008456416501666982, -0.001265497949249502], [-0.004078692999862075, -0.001265497949249502, 0.010119585863435409]], "chi2_level": 0.99, "chi2_df": 3, "chi2_threshold": 11.344866730144373, "N_raw": 73, "N_roi": 73, "N_inlier": 69, "refit": true}
{"timestamp": "15:29:30.117465", "frame": 49, "mu": [-0.8130847766901862, 1.8693268117888713, 1.4457809145773286], "Sigma": [[0.009567010342824306, 0.0040391829124244, -0.007349428055274919], [0.0040391829124244, 0.015510036364013727, -0.002453305676780161], [-0.007349428055274919, -0.002453305676780161, 0.011578957369264637]], "chi2_level": 0.99, "chi2_df": 3, "chi2_threshold": 11.344866730144373, "N_raw": 94, "N_roi": 94, "N_inlier": 91, "refit": true}
{"timestamp": "15:29:30.171342", "frame": 50, "mu": [-0.8891608195888097, 1.959644449990938, -0.07463894963164927], "Sigma": [[0.00985438884391267, 0.00537206683007996, -0.005390568963801206], [0.00537206683007996, 0.01189021925841605, -0.006927322735323141], [-0.005390568963801205, -0.0069273227353231406, 0.03903517796374703]], "chi2_level": 0.99, "chi2_df": 3, "chi2_threshold": 11.344866730144373, "N_raw": 91, "N_roi": 91, "N_inlier": 88, "refit": true}
{"timestamp": "15:29:30.227787", "frame": 51, "mu": [-0.8748546866286815, 1.9076922117139943, 1.4256041483866537], "Sigma": [[0.01073297632620832, 0.0023268885767310024, -0.007622127650942341], [0.0023268885767310024, 0.010269137688307853, -0.005671277292523559], [-0.007622127650942339, -0.005671277292523558, 0.016704900891211218]], "chi2_level": 0.99, "chi2_df": 3, "chi2_threshold": 11.344866730144373, "N_raw": 99, "N_roi": 99, "N_inlier": 96, "refit": true}
{"timestamp": "15:29:30.285032", "frame": 52, "mu": [-0.884464667490423, 1.9348019271399377, 1.3380010287683732], "Sigma": [[0.012574774280849006, -0.0007221267694887089, -0.02409073464077834], [-0.000722126769488709, 0.009311018233763136, 0.011478824414053892], [-0.024090734640778343, 0.011478824414053892, 0.13006127635902118]], "chi2_level": 0.99, "chi2_df": 3, "chi2_threshold": 11.344866730144373, "N_raw": 109, "N_roi": 109, "N_inlier": 105, "refit": true}
{"timestamp": "15:29:30.345465", "frame": 53, "mu": [-0.8383930369888037, 1.8870432562117776, 1.0307668058078865], "Sigma": [[0.019919463272892075, -0.002552548855920409, -0.046214825677282495], [-0.0025525488559204087, 0.008835775942763736, 0.017539975420398497], [-0.046214825677282495, 0.017539975420398497, 0.21952253432844362]], "chi2_level": 0.99, "chi2_df": 3, "chi2_threshold": 11.344866730144373, "N_raw": 145, "N_roi": 145, "N_inlier": 142, "refit": true}
{"timestamp": "15:29:30.393503", "frame": 54, "mu": [-0.9748172279323762, 1.9363264237736872, 1.2889671871291446], "Sigma": [[0.012332250183304734, 0.0039768250705979336, -0.011075733907515161], [0.0039768250705979336, 0.008693843492800488, -0.006933828921806716], [-0.011075733907515161, -0.006933828921806716, 0.02660788351554865]], "chi2_level": 0.99, "chi2_df": 3, "chi2_threshold": 11.344866730144373, "N_raw": 96, "N_roi": 96, "N_inlier": 93, "refit": true}
{"timestamp": "15:29:30.444897", "frame": 55, "mu": [-0.9143065699611518, 1.973139523319222, 1.1455136268946526], "Sigma": [[0.009080289166331813, 0.00030244322813087677, -0.0013540643526641048], [0.0003024432281308766, 0.001247021693809488, -0.00501049228730441], [-0.0013540643526641044, -0.00501049228730441, 0.04059181477233759]], "chi2_level": 0.99, "chi2_df": 3, "chi2_threshold": 11.344866730144373, "N_raw": 76, "N_roi": 76, "N_inlier": 72, "refit": true}
{"timestamp": "15:29:30.509959", "frame": 56, "mu": [-0.9214106727037525, 2.0187357652846654, 0.9281911798804642], "Sigma": [[0.010946168340064153, -0.0013723562306622579, -0.01861386280904971], [-0.0013723562306622579, 0.004325670243961427, 0.007742966218217117], [-0.01861386280904971, 0.007742966218217118, 0.27965303064317404]], "chi2_level": 0.99, "chi2_df": 3, "chi2_threshold": 11.344866730144373, "N_raw": 143, "N_roi": 143, "N_inlier": 141, "refit": true}
{"timestamp": "15:29:30.557366", "frame": 57, "mu": [-0.9786220410718319, 2.0564519203456997, 1.1979852478183783], "Sigma": [[0.010881949349126079, -0.003580989076632942, -0.01326783277144601], [-0.003580989076632942, 0.006502743130021652, -0.006396369494136717], [-0.013267832771446011, -0.006396369494136717, 0.2295381628889592]], "chi2_level": 0.99, "chi2_df": 3, "chi2_threshold": 11.344866730144373, "N_raw": 89, "N_roi": 89, "N_inlier": 86, "refit": true}
{"timestamp": "15:29:30.614466", "frame": 58, "mu": [-1.0039984731479366, 2.124623608588636, 1.1554935817583474], "Sigma": [[0.013079845578351472, -0.0024727159285239317, -0.0154809249524552], [-0.002472715928523931, 0.007631739184272983, -0.010810451272196459], [-0.015480924952455198, -0.010810451272196459, 0.2838273053389001]], "chi2_level": 0.99, "chi2_df": 3, "chi2_threshold": 11.344866730144373, "N_raw": 107, "N_roi": 107, "N_inlier": 106, "refit": true}
{"timestamp": "15:29:30.667367", "frame": 59, "mu": [-0.9953235664627692, 2.1066663216962493, 1.29459374646916], "Sigma": [[0.015188751999820635, -0.0023719491937880875, -0.015167797282173982], [-0.0023719491937880875, 0.004493785840544556, -0.0035371302007168337], [-0.015167797282173982, -0.0035371302007168332, 0.046083234618585996]], "chi2_level": 0.99, "chi2_df": 3, "chi2_threshold": 11.344866730144373, "N_raw": 97, "N_roi": 97, "N_inlier": 95, "refit": true}
{"timestamp": "15:29:30.719422", "frame": 60, "mu": [-0.9666372904717415, 2.1565711372953253, 1.310288538219218], "Sigma": [[0.012084857091595723, -0.0024701563477541565, -0.009370498032280706], [-0.0024701563477541565, 0.007217421383102545, 0.0016678603417206329], [-0.009370498032280706, 0.0016678603417206329, 0.03380823098909404]], "chi2_level": 0.99, "chi2_df": 3, "chi2_threshold": 11.344866730144373, "N_raw": 79, "N_roi": 79, "N_inlier": 76, "refit": true}
{"timestamp": "15:29:30.776463", "frame": 61, "mu": [-1.0545637662709506, 2.174996040165537, 1.0983092254781346], "Sigma": [[0.01901715936963557, -0.007959264884120937, -0.010877059237152579], [-0.007959264884120937, 0.012551664510199543, 0.023506600732292375], [-0.010877059237152577, 0.023506600732292375, 0.19640282228301736]], "chi2_level": 0.99, "chi2_df": 3, "chi2_threshold": 11.344866730144373, "N_raw": 97, "N_roi": 97, "N_inlier": 95, "refit": true}
{"timestamp": "15:29:30.834109", "frame": 62, "mu": [-1.0099792931046871, 2.2058555843178445, 1.0971767695938628], "Sigma": [[0.016181103135029427, -0.0005485040967116528, 0.010805398343584826], [-0.000548504096711653, 0.012079721358066422, 0.027734026903351226], [0.010805398343584825, 0.027734026903351226, 0.15678904939354193]], "chi2_level": 0.99, "chi2_df": 3, "chi2_threshold": 11.344866730144373, "N_raw": 112, "N_roi": 112, "N_inlier": 110, "refit": true}
{"timestamp": "15:29:30.886509", "frame": 63, "mu": [-1.0786422770634065, 2.4267779079531007, -0.12078531101014642], "Sigma": [[0.01607312195857616, 0.001493726790510712, 0.01661572465830688], [0.0014937267905107124, 0.007812236189945183, -0.018598465784304324], [0.01661572465830688, -0.018598465784304324, 0.18166376357674943]], "chi2_level": 0.99, "chi2_df": 3, "chi2_threshold": 11.344866730144373, "N_raw": 91, "N_roi": 91, "N_inlier": 89, "refit": true}
{"timestamp": "15:29:30.945193", "frame": 64, "mu": [-1.0266183333476853, 2.330745444781612, 0.9100192584413523], "Sigma": [[0.015082545566335294, 0.004871514683407194, 0.003597758312889845], [0.004871514683407194, 0.010174084281006242, 0.020316033212471135], [0.0035977583128898438, 0.020316033212471135, 0.3961368302798274]], "chi2_level": 0.99, "chi2_df": 3, "chi2_threshold": 11.344866730144373, "N_raw": 123, "N_roi": 123, "N_inlier": 122, "refit": true}
{"timestamp": "15:29:30.994716", "frame": 65, "mu": [-0.9883708471147127, 2.3633427154764686, 1.1685179305321651], "Sigma": [[0.01285545446554058, 0.0016622665067732923, -0.004479515388604318], [0.0016622665067732923, 0.004479891580724247, -0.00922999188260729], [-0.004479515388604318, -0.00922999188260729, 0.022795311191381333]], "chi2_level": 0.99, "chi2_df": 3, "chi2_threshold": 11.344866730144373, "N_raw": 84, "N_roi": 84, "N_inlier": 80, "refit": true}
{"timestamp": "15:29:31.046421", "frame": 66, "mu": [-0.9439015208763484, 2.4117652238657925, 0.9299111149819178], "Sigma": [[0.009300346808426152, 0.001617869667312833, 0.0022998166760876473], [0.0016178696673128333, 0.002489734144545939, 0.016546864425194388], [0.0022998166760876473, 0.016546864425194388, 0.26900218208504134]], "chi2_level": 0.99, "chi2_df": 3, "chi2_threshold": 11.344866730144373, "N_raw": 61, "N_roi": 61, "N_inlier": 59, "refit": true}
{"timestamp": "15:29:31.098220", "frame": 67, "mu": [-1.0534887076912416, 2.4771424027665767, 1.115147226665372], "Sigma": [[0.0071740240135518335, -0.0010827437337330914, -0.021630330688603067], [-0.0010827437337330914, 0.005594641397066401, 0.03965312633874503], [-0.021630330688603067, 0.03965312633874503, 0.5013861405951934]], "chi2_level": 0.99, "chi2_df": 3, "chi2_threshold": 11.344866730144373, "N_raw": 44, "N_roi": 44, "N_inlier": 43, "refit": true}
{"timestamp": "15:29:31.160934", "frame": 68, "mu": [-1.1094863747172605, 2.5404843077552766, 1.0145189437112683], "Sigma": [[0.020558833090933815, 0.003591603927651917, 0.03393945533251316], [0.0035916039276519167, 0.0044828230270206664, 0.011681573462831198], [0.03393945533251316, 0.011681573462831201, 0.3452318722657955]], "chi2_level": 0.99, "chi2_df": 3, "chi2_threshold": 11.344866730144373, "N_raw": 95, "N_roi": 95, "N_inlier": 94, "refit": true}
{"timestamp": "15:29:31.213428", "frame": 69, "mu": [-1.1006550297003899, 2.5817158480016174, 0.9602876325167333], "Sigma": [[0.022622729227605963, 0.0013293601759718555, 0.04540915230889592], [0.0013293601759718555, 0.0023936924080653465, 0.007470335922792179], [0.04540915230889592, 0.007470335922792179, 0.3161301059973417]], "chi2_level": 0.99, "chi2_df": 3, "chi2_threshold": 11.344866730144373, "N_raw": 74, "N_roi": 74, "N_inlier": 73, "refit": true}
{"timestamp": "15:29:31.266539", "frame": 70, "mu": [-0.9791435289922984, 2.62866274584906, 1.36484391937716], "Sigma": [[0.012272506156217706, -0.0014172174100476795, -0.017389579651825773], [-0.0014172174100476798, 0.004432946192972616, 0.000546745938163047], [-0.01738957965182577, 0.000546745938163047, 0.06974072143604824]], "chi2_level": 0.99, "chi2_df": 3, "chi2_threshold": 11.344866730144373, "N_raw": 60, "N_roi": 60, "N_inlier": 57, "refit": true}
{"timestamp": "15:29:31.325450", "frame": 71, "mu": [-0.9528267739589892, 2.7450445223182744, -0.18371615433405428], "Sigma": [[0.011774808197194167, 0.003167802087398058, -0.01736042447060606], [0.0031678020873980575, 0.012993838348647998, -0.042862059667602474], [-0.01736042447060606, -0.042862059667602474, 0.23787088234013093]], "chi2_level": 0.99, "chi2_df": 3, "chi2_threshold": 11.344866730144373, "N_raw": 79, "N_roi": 79, "N_inlier": 77, "refit": true}
{"timestamp": "15:29:31.378039", "frame": 72, "mu": [-0.9680978593334821, 2.798423519950383, -0.03864559917584243], "Sigma": [[0.015154597519571447, 0.0005480346091831549, -0.018687445405605723], [0.0005480346091831547, 0.00590286481585929, -0.011618513755048875], [-0.018687445405605723, -0.011618513755048875, 0.05259301201230698]], "chi2_level": 0.99, "chi2_df": 3, "chi2_threshold": 11.344866730144373, "N_raw": 66, "N_roi": 66, "N_inlier": 60, "refit": true}
{"timestamp": "15:29:31.435678", "frame": 73, "mu": [-0.9658386289160288, 2.6707726572200796, 1.0394115425428005], "Sigma": [[0.011679544207868316, -0.00031804599032951293, -0.010436990451807187], [-0.000318045990329513, 0.004703139470834874, 0.011552889331148973], [-0.010436990451807187, 0.01155288933114897, 0.16517053911228782]], "chi2_level": 0.99, "chi2_df": 3, "chi2_threshold": 11.344866730144373, "N_raw": 87, "N_roi": 87, "N_inlier": 87, "refit": true}
{"timestamp": "15:29:31.490598", "frame": 74, "mu": [-0.9881221774607643, 2.7202459639131393, 1.115113892959587], "Sigma": [[0.01163879377955714, -0.0008546001973400877, -0.01679022046274012], [-0.0008546001973400876, 0.006842061375236583, 0.018612467652892754], [-0.01679022046274012, 0.018612467652892754, 0.16962995723019889]], "chi2_level": 0.99, "chi2_df": 3, "chi2_threshold": 11.344866730144373, "N_raw": 82, "N_roi": 82, "N_inlier": 78, "refit": true}
{"timestamp": "15:29:31.545622", "frame": 75, "mu": [-0.9993785691967554, 2.7739055557996997, 1.1421381097170757], "Sigma": [[0.013839357168841316, 0.0002835264739958422, -0.012761779947219668], [0.0002835264739958423, 0.004600445685392221, 0.00016650582389888705], [-0.012761779947219668, 0.00016650582389888705, 0.11933459617372148]], "chi2_level": 0.99, "chi2_df": 3, "chi2_threshold": 11.344866730144373, "N_raw": 92, "N_roi": 92, "N_inlier": 92, "refit": true}
{"timestamp": "15:29:31.598064", "frame": 76, "mu": [-0.9586604546506303, 2.83860560394141, 1.245763296648756], "Sigma": [[0.014093641241032623, 0.0010475192218871933, -0.008005714044075265], [0.001047519221887193, 0.005284951672232778, -0.006479862461733179], [-0.008005714044075265, -0.006479862461733179, 0.015821037628980954]], "chi2_level": 0.99, "chi2_df": 3, "chi2_threshold": 11.344866730144373, "N_raw": 72, "N_roi": 72, "N_inlier": 69, "refit": true}
{"timestamp": "15:29:31.652607", "frame": 77, "mu": [-1.0089190500022163, 2.80122356884066, 0.8499792888924734], "Sigma": [[0.010021514381681175, 0.0011615415447930734, 0.005268750953346407], [0.0011615415447930738, 0.003924830608999701, 0.017984235655321167], [0.005268750953346407, 0.017984235655321163, 0.24664623923329362]], "chi2_level": 0.99, "chi2_df": 3, "chi2_threshold": 11.344866730144373, "N_raw": 60, "N_roi": 60, "N_inlier": 59, "refit": true}
{"timestamp": "15:29:31.708473", "frame": 78, "mu": [-1.0336902173029023, 2.9133083117329823, 1.1950245485828197], "Sigma": [[0.012806118971569297, -0.0014855940074914487, 0.0023341682077038053], [-0.0014855940074914482, 0.004333703166313592, -0.007461165358200314], [0.0023341682077038057, -0.007461165358200314, 0.16931533369472576]], "chi2_level": 0.99, "chi2_df": 3, "chi2_threshold": 11.344866730144373, "N_raw": 67, "N_roi": 67, "N_inlier": 67, "refit": true}
{"timestamp": "15:29:31.763500", "frame": 79, "mu": [-0.9890781164841839, 2.9553740278860747, -0.8421285319918499], "Sigma": [[0.016216383870061753, 0.003598302263706947, 0.053769279018581306], [0.003598302263706947, 0.01687230834901064, 0.004751201052103022], [0.053769279018581306, 0.004751201052103022, 0.336041288356661]], "chi2_level": 0.99, "chi2_df": 3, "chi2_threshold": 11.344866730144373, "N_raw": 74, "N_roi": 74, "N_inlier": 73, "refit": true}
{"timestamp": "15:29:31.815202", "frame": 80, "mu": [-0.9789362989143179, 2.9900638655604226, 1.330315766577971], "Sigma": [[0.00876811059940629, -0.0015569841421191367, 0.004275165049525606], [-0.0015569841421191367, 0.00541616202531157, 0.005209309923109954], [0.004275165049525606, 0.005209309923109954, 0.16971127365892943]], "chi2_level": 0.99, "chi2_df": 3, "chi2_threshold": 11.344866730144373, "N_raw": 44, "N_roi": 44, "N_inlier": 43, "refit": true}
{"timestamp": "15:29:31.869360", "frame": 81, "mu": [-0.916732337512013, 2.938441248786271, 0.8644673728239334], "Sigma": [[0.012446227741386222, -0.002141615441775403, 0.03702662835973311], [-0.002141615441775403, 0.0033438135345351012, -0.015550736369486043], [0.03702662835973311, -0.015550736369486043, 0.36797980108221046]], "chi2_level": 0.99, "chi2_df": 3, "chi2_threshold": 11.344866730144373, "N_raw": 37, "N_roi": 37, "N_inlier": 37, "refit": true}
{"timestamp": "15:29:31.929403", "frame": 82, "mu": [-0.9111391849693267, 2.9746108984308037, 0.7999630747810079], "Sigma": [[0.01682475344343452, -0.0012946040229890104, 0.03709313470674717], [-0.0012946040229890102, 0.005671501764333064, -0.001802835471237101], [0.03709313470674717, -0.0018028354712371002, 0.46554610460520307]], "chi2_level": 0.99, "chi2_df": 3, "chi2_threshold": 11.344866730144373, "N_raw": 76, "N_roi": 76, "N_inlier": 76, "refit": true}
{"timestamp": "15:29:31.987567", "frame": 83, "mu": [-0.9091422585661091, 3.030495037622539, 0.8233172843865494], "Sigma": [[0.01652390968413369, -0.0025211451663074737, 0.01789685621209714], [-0.0025211451663074737, 0.0070448436741772655, -0.024023644926234038], [0.01789685621209714, -0.024023644926234038, 0.4125435790566258]], "chi2_level": 0.99, "chi2_df": 3, "chi2_threshold": 11.344866730144373, "N_raw": 101, "N_roi": 101, "N_inlier": 101, "refit": true}
{"timestamp": "15:29:32.039158", "frame": 84, "mu": [-0.8591933720767091, 3.0988415081885963, 0.09609823641255452], "Sigma": [[0.01550197832682717, 0.0007425724904546742, -0.007770326039721454], [0.0007425724904546742, 0.006637614456192862, 0.0030764951823599234], [-0.007770326039721453, 0.0030764951823599234, 0.006755145055269181]], "chi2_level": 0.99, "chi2_df": 3, "chi2_threshold": 11.344866730144373, "N_raw": 69, "N_roi": 69, "N_inlier": 64, "refit": true}
{"timestamp": "15:29:32.093671", "frame": 85, "mu": [-0.8605518862495765, 3.154591317819299, 0.1600806933497343], "Sigma": [[0.015166998001721806, 0.0013254712010239067, -0.00880184547855981], [0.0013254712010239062, 0.006952123874790534, 0.002325132881403637], [-0.00880184547855981, 0.0023251328814036373, 0.007931860730089583]], "chi2_level": 0.99, "chi2_df": 3, "chi2_threshold": 11.344866730144373, "N_raw": 68, "N_roi": 68, "N_inlier": 64, "refit": true}
{"timestamp": "15:29:32.147750", "frame": 86, "mu": [-0.8094954346504882, 3.1745543320832916, 0.1720953814624234], "Sigma": [[0.013364046056880508, 0.0016358187067428628, -0.007438465491262973], [0.0016358187067428633, 0.0073273479160784185, 0.0037942823606577315], [-0.007438465491262973, 0.0037942823606577306, 0.008454103856693996]], "chi2_level": 0.99, "chi2_df": 3, "chi2_threshold": 11.344866730144373, "N_raw": 65, "N_roi": 65, "N_inlier": 62, "refit": true}
