{"timestamp": "15:18:11.981117", "frame": 6, "mu": [2.249569837435329, 4.1719538878132285, 1.0183766935378638], "Sigma": [[0.012151864738673307, -0.0057308848977185075, -9.099237262325118e-05], [-0.0057308848977185075, 0.004871640173094736, -0.00012403456981680303], [-9.099237262325124e-05, -0.0001240345698168031, 0.00023572288079113494]], "chi2_level": 0.99, "chi2_df": 3, "chi2_threshold": 11.344866730144373, "N_raw": 23, "N_roi": 18, "N_inlier": 18, "refit": true}
{"timestamp": "15:18:12.037882", "frame": 7, "mu": [2.223577367881288, 4.228379371196461, 1.0727864637852964], "Sigma": [[0.021575352092588523, -0.011260238930821813, -0.0036817640767395424], [-0.01126023893082181, 0.011081904812032983, 0.004592749683829146], [-0.0036817640767395424, 0.004592749683829147, 0.004779864482590538]], "chi2_level": 0.99, "chi2_df": 3, "chi2_threshold": 11.344866730144373, "N_raw": 42, "N_roi": 34, "N_inlier": 33, "refit": true}
{"timestamp": "15:18:12.094172", "frame": 8, "mu": [2.3060515813024356, 4.264288765168866, 1.3796493758419863], "Sigma": [[0.013612221686942714, -0.007962640075281704, -0.002583318112223212], [-0.007962640075281704, 0.00797477162546222, 0.0019927807137515878], [-0.0025833181122232123, 0.0019927807137515878, 0.0019890240986520343]], "chi2_level": 0.99, "chi2_df": 3, "chi2_threshold": 11.344866730144373, "N_raw": 29, "N_roi": 21, "N_inlier": 21, "refit": true}
{"timestamp": "15:18:12.860911", "frame": 22, "mu": [2.3108469972123404, 4.265804592576017, 0.8167612940677221], "Sigma": [[0.008287477833949135, -0.0046283353796320115, -0.002660863647913775], [-0.0046283353796320115, 0.003761994204286624, 0.0015983091907164687], [-0.0026608636479137754, 0.0015983091907164687, 0.001713410271125067]], "chi2_level": 0.99, "chi2_df": 3, "chi2_threshold": 11.344866730144373, "N_raw": 15, "N_roi": 10, "N_inlier": 9, "refit": true}
{"timestamp": "15:18:12.918337", "frame": 23, "mu": [2.271292840494535, 4.252107449700375, 0.8360880155137429], "Sigma": [[0.018127642861986714, -0.009310884559988818, -0.005232653763093691], [-0.009310884559988818, 0.0068516392870060965, 0.002552759775814914], [-0.005232653763093692, 0.002552759775814914, 0.003050348451583221]], "chi2_level": 0.99, "chi2_df": 3, "chi2_threshold": 11.344866730144373, "N_raw": 27, "N_roi": 21, "N_inlier": 21, "refit": true}
{"timestamp": "15:18:13.025883", "frame": 25, "mu": [2.2619818318641762, 4.23767276520313, 0.9200309650351458], "Sigma": [[0.013646221297411911, -0.007805816512289712, -0.007054440618131966], [-0.0078058165122897125, 0.006274933306589108, 0.004477268428718396], [-0.007054440618131966, 0.004477268428718396, 0.006163942784271176]], "chi2_level": 0.99, "chi2_df": 3, "chi2_threshold": 11.344866730144373, "N_raw": 12, "N_roi": 12, "N_inlier": 12, "refit": true}
{"timestamp": "15:18:13.082359", "frame": 26, "mu": [2.273214978753394, 4.202536359340124, 0.9120487482375186], "Sigma": [[0.01119612677400353, -0.005840242546893892, -0.006972820527513083], [-0.005840242546893892, 0.005359331034606446, 0.004127227172123865], [-0.006972820527513083, 0.004127227172123865, 0.006617103051680995]], "chi2_level": 0.99, "chi2_df": 3, "chi2_threshold": 11.344866730144373, "N_raw": 17, "N_roi": 17, "N_inlier": 17, "refit": true}
{"timestamp": "15:18:13.138969", "frame": 27, "mu": [2.2231468872653686, 4.26959421175638, -0.5899002136208494], "Sigma": [[0.021364184913977274, -0.0031986330046651964, 0.0551070450355128], [-0.0031986330046651964, 0.004563463863567154, 0.002835948543315375], [0.0551070450355128, 0.0028359485433153736, 0.2451693011990892]], "chi2_level": 0.99, "chi2_df": 3, "chi2_threshold": 11.344866730144373, "N_raw": 32, "N_roi": 31, "N_inlier": 30, "refit": true}
{"timestamp": "15:18:13.192029", "frame": 28, "mu": [2.1007705115962363, 4.2551971427261055, 1.175731418024268], "Sigma": [[0.007085085091022067, -0.002139599941254102, -0.0021711633444889307], [-0.0021395999412541023, 0.002426718782848821, -0.0012606047665966805], [-0.0021711633444889307, -0.0012606047665966805, 0.003799178747630698]], "chi2_level": 0.99, "chi2_df": 3, "chi2_threshold": 11.344866730144373, "N_raw": 10, "N_roi": 8, "N_inlier": 8, "refit": true}
{"timestamp": "15:18:13.409783", "frame": 32, "mu": [1.9374077520072497, 4.173903308239591, 1.2025277294972732], "Sigma": [[0.0007956501196575725, 0.0018264162659508878, -0.0008526330296110484], [0.001826416265950888, 0.005334811586634124, -0.0024043975145524427], [-0.0008526330296110485, -0.0024043975145524427, 0.0012597094146664992]], "chi2_level": 0.99, "chi2_df": 3, "chi2_threshold": 11.344866730144373, "N_raw": 7, "N_roi": 5, "N_inlier": 5, "refit": true}
{"timestamp": "15:18:13.522183", "frame": 34, "mu": [1.8532102110714406, 4.167895013734436, 0.2767028151333353], "Sigma": [[0.015366170116910773, -0.007052543027933303, -0.006746057644128799], [-0.007052543027933302, 0.004727351599293056, 0.003748809351662441], [-0.006746057644128799, 0.0037488093516624406, 0.004125002222616812]], "chi2_level": 0.99, "chi2_df": 3, "chi2_threshold": 11.344866730144373, "N_raw": 22, "N_roi": 20, "N_inlier": 19, "refit": true}
{"timestamp": "15:18:13.576565", "frame": 35, "mu": [1.806904506131709, 4.118878369766915, 1.309707969201016], "Sigma": [[0.007192495610665526, -0.0039747186117082695, -0.00479201840754327], [-0.0039747186117082695, 0.003757407525152823, 0.004357709794596396], [-0.00479201840754327, 0.004357709794596397, 0.006358134913323494]], "chi2_level": 0.99, "chi2_df": 3, "chi2_threshold": 11.344866730144373, "N_raw": 11, "N_roi": 10, "N_inlier": 9, "refit": true}
{"timestamp": "15:18:13.688621", "frame": 37, "mu": [1.735060359368855, 4.0820035571229685, 1.1556013666620735], "Sigma": [[0.017648186290682367, -0.008381447273901495, -0.007007430484355266], [-0.008381447273901495, 0.006187276475037696, 0.003787284043681925], [-0.007007430484355266, 0.0037872840436819245, 0.0038627641767078687]], "chi2_level": 0.99, "chi2_df": 3, "chi2_threshold": 11.344866730144373, "N_raw": 25, "N_roi": 25, "N_inlier": 24, "refit": true}
{"timestamp": "15:18:13.741794", "frame": 38, "mu": [1.4255417182976766, 3.4737023918912717, 1.2574355020860961], "Sigma": [[0.36512124510476546, 0.8699801743399923, -0.2792477922793176], [0.8699801743399924, 2.172188992750298, -0.6090771700087536], [-0.2792477922793176, -0.6090771700087536, 0.24638980920990683]], "chi2_level": 0.99, "chi2_df": 3, "chi2_threshold": 11.344866730144373, "N_raw": 8, "N_roi": 5, "N_inlier": 5, "refit": true}
{"timestamp": "15:18:13.796386", "frame": 39, "mu": [1.5200503695941558, 4.285758730957562, 0.21307164365921882], "Sigma": [[0.004963161729312775, -0.009138225317688218, 0.020542928539742548], [-0.009138225317688218, 0.0286456836964822, -0.06258140095617903], [0.020542928539742548, -0.06258140095617903, 0.16083711302001344]], "chi2_level": 0.99, "chi2_df": 3, "chi2_threshold": 11.344866730144373, "N_raw": 9, "N_roi": 9, "N_inlier": 9, "refit": true}
{"timestamp": "15:18:13.851071", "frame": 40, "mu": [1.4886213995989226, 4.195270148598328, 1.2385859382397633], "Sigma": [[0.0017654415904064717, 0.0023209215881924822, -0.003967537992018725], [0.0023209215881924822, 0.006419906223858468, -0.0008574650990902368], [-0.003967537992018725, -0.0008574650990902368, 0.026522336970215214]], "chi2_level": 0.99, "chi2_df": 3, "chi2_threshold": 11.344866730144373, "N_raw": 8, "N_roi": 6, "N_inlier": 6, "refit": true}
{"timestamp": "15:18:13.960911", "frame": 42, "mu": [1.3287684458171993, 4.213190389868338, 1.233211876821539], "Sigma": [[0.005353317244349616, -0.0020798620027167912, -0.0061901228014445905], [-0.0020798620027167912, 0.0054490840637967655, 0.0061791546676804405], [-0.00619012280144459, 0.0061791546676804405, 0.02651851682562483]], "chi2_level": 0.99, "chi2_df": 3, "chi2_threshold": 11.344866730144373, "N_raw": 9, "N_roi": 9, "N_inlier": 9, "refit": true}
{"timestamp": "15:18:14.019685", "frame": 43, "mu": [1.19252328249623, 4.218019111631797, 1.371166173161351], "Sigma": [[0.014753869459805558, -0.0055666707899314155, -0.01127140056045476], [-0.005566670789931416, 0.006331865445316613, 0.007257927369035793], [-0.01127140056045476, 0.007257927369035793, 0.012402135587690823]], "chi2_level": 0.99, "chi2_df": 3, "chi2_threshold": 11.344866730144373, "N_raw": 31, "N_roi": 29, "N_inlier": 29, "refit": true}
{"timestamp": "15:18:14.071471", "frame": 44, "mu": [1.3287004992561626, 4.126754525189402, 0.8356064311417861], "Sigma": [[0.023102026538289147, -0.0021774012416412906, -0.06303089538992586], [-0.00217740124164129, 0.002847405465198776, 0.000821248572951032], [-0.06303089538992586, 0.0008212485729510309, 0.19587856891983552]], "chi2_level": 0.99, "chi2_df": 3, "chi2_threshold": 11.344866730144373, "N_raw": 9, "N_roi": 8, "N_inlier": 8, "refit": true}
{"timestamp": "15:18:14.124868", "frame": 45, "mu": [1.2638633199291682, 4.033099475206035, 0.8216207206142869], "Sigma": [[0.0036167590605333455, -0.0008708926277033966, -0.004646994842236638], [-0.0008708926277033966, 0.0005412641619275416, -0.00022736666803908993], [-0.004646994842236638, -0.00022736666803908993, 0.025467290346066047]], "chi2_level": 0.99, "chi2_df": 3, "chi2_threshold": 11.344866730144373, "N_raw": 9, "N_roi": 9, "N_inlier": 9, "refit": true}
{"timestamp": "15:18:14.183101", "frame": 46, "mu": [1.2313972417665646, 4.224101758910835, -0.06104386100408264], "Sigma": [[0.00801821462224613, -0.0020651866241216503, -0.005849791718972683], [-0.00206518662412165, 0.003668030616130848, -0.0019768566990789956], [-0.005849791718972683, -0.0019768566990789956, 0.010828265216283014]], "chi2_level": 0.99, "chi2_df": 3, "chi2_threshold": 11.344866730144373, "N_raw": 19, "N_roi": 19, "N_inlier": 19, "refit": true}
{"timestamp": "15:18:14.290950", "frame": 48, "mu": [1.007902675093744, 4.190077697021727, 1.2542287648779693], "Sigma": [[0.00014551736812583693, 4.0711896276147765e-05, -0.0006639492719120207], [4.0711896276147765e-05, 0.007635745653717047, 0.0006316971987191532], [-0.0006639492719120207, 0.0006316971987191533, 0.0038906887658793745]], "chi2_level": 0.99, "chi2_df": 3, "chi2_threshold": 11.344866730144373, "N_raw": 8, "N_roi": 5, "N_inlier": 5, "refit": true}
{"timestamp": "15:18:14.402221", "frame": 50, "mu": [0.9191096456840723, 4.165373080897609, 0.9527993592514752], "Sigma": [[0.004168900343293731, -0.005195145023647121, 0.004358212057277382], [-0.005195145023647121, 0.010946516150151983, -0.014874054562736893], [0.004358212057277382, -0.014874054562736893, 0.028036045149901552]], "chi2_level": 0.99, "chi2_df": 3, "chi2_threshold": 11.344866730144373, "N_raw": 17, "N_roi": 10, "N_inlier": 10, "refit": true}
{"timestamp": "15:18:14.456954", "frame": 51, "mu": [0.7407001862256519, 3.670745562704282, 1.3018441613068015], "Sigma": [[0.041954166856598064, 0.26645320841075026, -0.04595786720700823], [0.26645320841075026, 1.7303904276647077, -0.2867406917757009], [-0.04595786720700823, -0.2867406917757009, 0.059677062500871486]], "chi2_level": 0.99, "chi2_df": 3, "chi2_threshold": 11.344866730144373, "N_raw": 12, "N_roi": 6, "N_inlier": 6, "refit": true}
{"timestamp": "15:18:14.511253", "frame": 52, "mu": [0.7887880034261533, 4.181402857887893, 0.9482743557657711], "Sigma": [[0.006975071630439996, 0.000679131318559733, -0.021264668923664784], [0.0006791313185597329, 0.011179564781114917, -0.032892041632436794], [-0.02126466892366478, -0.032892041632436794, 0.1738938212055955]], "chi2_level": 0.99, "chi2_df": 3, "chi2_threshold": 11.344866730144373, "N_raw": 12, "N_roi": 7, "N_inlier": 7, "refit": true}
{"timestamp": "15:18:14.566879", "frame": 53, "mu": [0.701333498077411, 4.116491374647913, 1.2283908824794743], "Sigma": [[0.006938912866584556, -0.0013268371066262551, -0.003976519045629024], [-0.0013268371066262551, 0.002309376477197291, 0.0005862817057851025], [-0.003976519045629024, 0.0005862817057851025, 0.0034358190601576394]], "chi2_level": 0.99, "chi2_df": 3, "chi2_threshold": 11.344866730144373, "N_raw": 15, "N_roi": 12, "N_inlier": 11, "refit": true}
{"timestamp": "15:18:14.624875", "frame": 54, "mu": [0.6263323763317006, 4.17685945544722, 0.2583384784761215], "Sigma": [[0.015844566479909717, -0.001455858654575385, -0.010000463004512399], [-0.001455858654575385, 0.0038442707879215096, -0.0009122051507856315], [-0.010000463004512399, -0.0009122051507856314, 0.00859490573092407]], "chi2_level": 0.99, "chi2_df": 3, "chi2_threshold": 11.344866730144373, "N_raw": 39, "N_roi": 35, "N_inlier": 34, "refit": true}
{"timestamp": "15:18:14.676360", "frame": 55, "mu": [0.5951224307097536, 4.074356714952656, 1.1523228234513252], "Sigma": [[0.0031029091884682775, 0.0015211864414767058, -0.0025700960837401416], [0.0015211864414767058, 0.0029312613231901943, -0.0034238093263166715], [-0.0025700960837401416, -0.0034238093263166715, 0.005110139820887789]], "chi2_level": 0.99, "chi2_df": 3, "chi2_threshold": 11.344866730144373, "N_raw": 11, "N_roi": 8, "N_inlier": 8, "refit": true}
{"timestamp": "15:18:14.731732", "frame": 56, "mu": [0.5090374868236547, 4.106789532060342, 1.0866662529519044], "Sigma": [[0.0032217258096466045, 0.0026148457261349393, -0.007523973521891649], [0.0026148457261349397, 0.0031976046474534153, -0.005948146250966423], [-0.007523973521891649, -0.005948146250966423, 0.020830671036519297]], "chi2_level": 0.99, "chi2_df": 3, "chi2_threshold": 11.344866730144373, "N_raw": 5, "N_roi": 5, "N_inlier": 5, "refit": true}
{"timestamp": "15:18:14.787950", "frame": 57, "mu": [0.45824679861525414, 4.10041667574231, 1.1971647943915469], "Sigma": [[0.01050275301349839, -0.0012779551122380016, -0.00043680499798549855], [-0.0012779551122380016, 0.0020714103544123416, 0.000121210946236268], [-0.00043680499798549855, 0.00012121094623626797, 0.00015074944310002931]], "chi2_level": 0.99, "chi2_df": 3, "chi2_threshold": 11.344866730144373, "N_raw": 24, "N_roi": 21, "N_inlier": 20, "refit": true}
{"timestamp": "15:18:14.903136", "frame": 59, "mu": [0.24635127966618348, 4.141672955243059, 1.3071846679069599], "Sigma": [[0.011781432212751809, -0.0029237980166267816, -0.006797549657753918], [-0.0029237980166267816, 0.002808994331680732, 0.0032320650723795964], [-0.006797549657753918, 0.0032320650723795964, 0.006298019040851182]], "chi2_level": 0.99, "chi2_df": 3, "chi2_threshold": 11.344866730144373, "N_raw": 35, "N_roi": 22, "N_inlier": 20, "refit": true}
{"timestamp": "15:18:14.951192", "frame": 60, "mu": [0.22280578780560586, 4.184594245768829, 1.1213580731554857], "Sigma": [[0.006559479997307697, 0.0019847409127006586, -0.02326556427359467], [0.0019847409127006586, 0.0033240601793820823, -0.01802685315243832], [-0.023265564273594667, -0.01802685315243832, 0.24076992670400088]], "chi2_level": 0.99, "chi2_df": 3, "chi2_threshold": 11.344866730144373, "N_raw": 13, "N_roi": 13, "N_inlier": 12, "refit": true}
{"timestamp": "15:18:15.004359", "frame": 61, "mu": [0.15509429202230526, 4.211639267854075, 1.100201735010846], "Sigma": [[0.002044561609190542, 0.0023478609110330027, -0.016310446380967188], [0.0023478609110330027, 0.0054426545185947825, -0.011672002771769387], [-0.016310446380967188, -0.011672002771769387, 0.24421156975856453]], "chi2_level": 0.99, "chi2_df": 3, "chi2_threshold": 11.344866730144373, "N_raw": 5, "N_roi": 5, "N_inlier": 5, "refit": true}
{"timestamp": "15:18:15.170359", "frame": 64, "mu": [0.09364552015853345, 4.123335217656089, 0.7780984269833402], "Sigma": [[0.025139459691734495, 0.005018112993798421, -0.0599156156758471], [0.00501811299379842, 0.002202831836208822, -0.017178397326703537], [-0.0599156156758471, -0.01717839732670354, 0.17731189438610923]], "chi2_level": 0.99, "chi2_df": 3, "chi2_threshold": 11.344866730144373, "N_raw": 8, "N_roi": 7, "N_inlier": 7, "refit": true}
{"timestamp": "15:18:15.279369", "frame": 66, "mu": [-0.12253141191388203, 4.1448314239022945, 0.7575501713160944], "Sigma": [[0.0027523192052971617, 0.0033008439472332974, -0.017712155297647275], [0.003300843947233298, 0.00471367279926928, -0.021568342320593605], [-0.017712155297647275, -0.021568342320593605, 0.11487672597235447]], "chi2_level": 0.99, "chi2_df": 3, "chi2_threshold": 11.344866730144373, "N_raw": 5, "N_roi": 5, "N_inlier": 5, "refit": true}
{"timestamp": "15:18:15.500366", "frame": 70, "mu": [-0.4046335444102642, 3.8560349534631095, -0.44008964470197465], "Sigma": [[0.03947592405370642, -0.20119648706733503, 0.1339207792502485], [-0.20119648706733503, 1.6367830572168507, -0.3144268764145441], [0.1339207792502485, -0.31442687641454414, 0.698131792068354]], "chi2_level": 0.99, "chi2_df": 3, "chi2_threshold": 11.344866730144373, "N_raw": 10, "N_roi": 7, "N_inlier": 7, "refit": true}
{"timestamp": "15:18:15.555366", "frame": 71, "mu": [-0.35380257702399937, 4.214599055331532, 0.9435608214452301], "Sigma": [[0.026316303120255104, 0.008052341101127307, -0.07291352055384585], [0.008052341101127307, 0.009268326485255104, -0.03254601932400999], [-0.07291352055384585, -0.032546019324009995, 0.22596296353314796]], "chi2_level": 0.99, "chi2_df": 3, "chi2_threshold": 11.344866730144373, "N_raw": 10, "N_roi": 6, "N_inlier": 6, "refit": true}
{"timestamp": "15:18:15.609365", "frame": 72, "mu": [-0.2819756152570362, 4.24497822661829, 0.6319904906132487], "Sigma": [[0.055734448857264446, 0.02060234643230597, -0.12862203838907707], [0.020602346432305973, 0.009255054817226662, -0.044334309035449986], [-0.12862203838907707, -0.044334309035449986, 0.3049998071513935]], "chi2_level": 0.99, "chi2_df": 3, "chi2_threshold": 11.344866730144373, "N_raw": 6, "N_roi": 6, "N_inlier": 6, "refit": true}
{"timestamp": "15:18:15.667461", "frame": 73, "mu": [-0.668737022637916, 4.1111434323695235, 1.1577949784731436], "Sigma": [[0.01435327579586552, 0.0033150390528491874, -0.013518379768825632], [0.003315039052849188, 0.004325739814744292, -0.007637519973877651], [-0.013518379768825632, -0.00763751997387765, 0.026273588662906605]], "chi2_level": 0.99, "chi2_df": 3, "chi2_threshold": 11.344866730144373, "N_raw": 20, "N_roi": 14, "N_inlier": 13, "refit": true}
{"timestamp": "15:18:15.725006", "frame": 74, "mu": [-0.688725726069606, 4.1181240806910155, 1.2623843232468277], "Sigma": [[0.01836223678843016, 0.002028505200168572, -0.015109782912074907], [0.002028505200168572, 0.005703803256283034, -0.0012219821247397068], [-0.015109782912074907, -0.0012219821247397068, 0.03278566292369002]], "chi2_level": 0.99, "chi2_df": 3, "chi2_threshold": 11.344866730144373, "N_raw": 38, "N_roi": 35, "N_inlier": 33, "refit": true}
{"timestamp": "15:18:15.835356", "frame": 76, "mu": [-0.8174657848326282, 4.041865009106395, 1.1802153945527871], "Sigma": [[0.02201574087879507, 0.0033703163359619357, -0.007504184922866682], [0.003370316335961936, 0.004822160430589017, -0.0013037430789526413], [-0.007504184922866682, -0.0013037430789526413, 0.003336388989011388]], "chi2_level": 0.99, "chi2_df": 3, "chi2_threshold": 11.344866730144373, "N_raw": 45, "N_roi": 45, "N_inlier": 44, "refit": true}
{"timestamp": "15:18:15.942376", "frame": 78, "mu": [-0.9436212243168606, 4.115596825501889, 1.0498453147664693], "Sigma": [[0.013404612090856362, 0.0007102275151433785, -0.012908474449465466], [0.0007102275151433786, 0.001729406166292484, -0.0009376654887845748], [-0.012908474449465464, -0.0009376654887845746, 0.013789286119555497]], "chi2_level": 0.99, "chi2_df": 3, "chi2_threshold": 11.344866730144373, "N_raw": 26, "N_roi": 22, "N_inlier": 22, "refit": true}
{"timestamp": "15:18:16.051644", "frame": 80, "mu": [-1.0544882285104356, 4.130888370585102, 1.27050988563379], "Sigma": [[0.01126014368704939, 0.0015834036505449497, -0.007186642899774726], [0.0015834036505449499, 0.0032241025293281624, 4.0574904948575854e-06], [-0.007186642899774726, 4.05749049485764e-06, 0.0066738844739149565]], "chi2_level": 0.99, "chi2_df": 3, "chi2_threshold": 11.344866730144373, "N_raw": 22, "N_roi": 22, "N_inlier": 22, "refit": true}
{"timestamp": "15:18:16.110675", "frame": 81, "mu": [-1.136103115136223, 4.143224144744225, 1.2665719987009028], "Sigma": [[0.01555470526882891, 0.0010252901399153166, -0.014631273646102984], [0.0010252901399153164, 0.0024379094137614377, -0.003579484433735211], [-0.014631273646102984, -0.003579484433735211, 0.01993526566659211]], "chi2_level": 0.99, "chi2_df": 3, "chi2_threshold": 11.344866730144373, "N_raw": 37, "N_roi": 34, "N_inlier": 34, "refit": true}
{"timestamp": "15:18:16.163720", "frame": 82, "mu": [-1.2108881754392948, 4.124126521855702, 0.290859083827525], "Sigma": [[0.012279318796946052, 0.0006039151206557354, -0.001251704862112197], [0.0006039151206557354, 0.002606949610232678, -0.00040546745891869267], [-0.001251704862112197, -0.0004054674589186926, 0.0003283483548669017]], "chi2_level": 0.99, "chi2_df": 3, "chi2_threshold": 11.344866730144373, "N_raw": 29, "N_roi": 26, "N_inlier": 25, "refit": true}
{"timestamp": "15:18:16.221045", "frame": 83, "mu": [-1.2655269580883337, 4.086677121832946, 1.1584598579165637], "Sigma": [[0.01571848459101348, 0.002184124272498757, -0.008663450803614171], [0.002184124272498757, 0.0035121852867775936, -0.0021523643121132], [-0.008663450803614171, -0.0021523643121131994, 0.00664617654656995]], "chi2_level": 0.99, "chi2_df": 3, "chi2_threshold": 11.344866730144373, "N_raw": 39, "N_roi": 37, "N_inlier": 34, "refit": true}
{"timestamp": "15:18:16.276062", "frame": 84, "mu": [-1.312829388802417, 4.084587356239881, 1.0935348295814693], "Sigma": [[0.018922270511574024, 0.0038399387281678595, -0.013224119633482105], [0.0038399387281678587, 0.004275050582611335, -0.006900999886503277], [-0.013224119633482105, -0.006900999886503277, 0.021272273102288342]], "chi2_level": 0.99, "chi2_df": 3, "chi2_threshold": 11.344866730144373, "N_raw": 49, "N_roi": 49, "N_inlier": 47, "refit": true}
{"timestamp": "15:18:16.328672", "frame": 85, "mu": [-1.3650729274922602, 4.144080034813258, 0.8259067215759878], "Sigma": [[0.012380778636367192, 0.0003674393474575741, -0.013016077534557456], [0.0003674393474575742, 0.000525764536091675, 0.002279972436530833], [-0.013016077534557456, 0.002279972436530833, 0.05902961728087665]], "chi2_level": 0.99, "chi2_df": 3, "chi2_threshold": 11.344866730144373, "N_raw": 26, "N_roi": 23, "N_inlier": 22, "refit": true}
{"timestamp": "15:18:16.385076", "frame": 86, "mu": [-1.311803458748681, 4.1717720356606875, 0.3989744141727924], "Sigma": [[0.015879326058664045, 0.0029102678104889813, -0.02313802352210077], [0.0029102678104889817, 0.0016192657533472049, -0.005146219384572021], [-0.023138023522100766, -0.005146219384572021, 0.1392116299867113]], "chi2_level": 0.99, "chi2_df": 3, "chi2_threshold": 11.344866730144373, "N_raw": 38, "N_roi": 27, "N_inlier": 26, "refit": true}
{"timestamp": "15:18:16.436345", "frame": 87, "mu": [-1.455247638667421, 4.111324948802891, 0.6335737636664207], "Sigma": [[0.0013748285216418866, 0.0016610406190969286, -0.011510505680677819], [0.0016610406190969286, 0.004837577771249411, -0.021567419721127707], [-0.011510505680677819, -0.021567419721127707, 0.13188756402693744]], "chi2_level": 0.99, "chi2_df": 3, "chi2_threshold": 11.344866730144373, "N_raw": 11, "N_roi": 7, "N_inlier": 7, "refit": true}
{"timestamp": "15:18:16.495952", "frame": 88, "mu": [-1.5543373931302598, 4.11872795470889, -0.3841936479675269], "Sigma": [[0.019211957159427806, 0.00854320092991385, 0.04700368327108308], [0.00854320092991385, 0.016850115700453028, 0.03331587691204223], [0.04700368327108308, 0.03331587691204223, 0.20261945652568603]], "chi2_level": 0.99, "chi2_df": 3, "chi2_threshold": 11.344866730144373, "N_raw": 41, "N_roi": 37, "N_inlier": 36, "refit": true}
{"timestamp": "15:18:16.548207", "frame": 89, "mu": [-1.5808902862846046, 4.035408787404615, 1.1586232432828334], "Sigma": [[0.00970488050365409, 0.0027187526845593784, -0.0034848714404386518], [0.0027187526845593793, 0.004095105387503579, -0.009740388071781883], [-0.0034848714404386518, -0.009740388071781882, 0.06656177844478435]], "chi2_level": 0.99, "chi2_df": 3, "chi2_threshold": 11.344866730144373, "N_raw": 24, "N_roi": 21, "N_inlier": 19, "refit": true}
{"timestamp": "15:18:16.604104", "frame": 90, "mu": [-1.5796931250743111, 3.9724164306963554, 0.9149807618035956], "Sigma": [[0.02156354600564437, 0.005285867443744429, -0.012072944650117483], [0.005285867443744429, 0.0025790429191132986, -0.005607789956433747], [-0.012072944650117483, -0.005607789956433747, 0.015361775639625241]], "chi2_level": 0.99, "chi2_df": 3, "chi2_threshold": 11.344866730144373, "N_raw": 33, "N_roi": 33, "N_inlier": 33, "refit": true}
{"timestamp": "15:18:16.660061", "frame": 91, "mu": [-1.6880703625472715, 4.087471097515159, 0.09219078287044931], "Sigma": [[0.015180222249651808, 0.00626330151324949, -0.006469953961744133], [0.00626330151324949, 0.0033678143146822466, -0.002614434146984482], [-0.006469953961744133, -0.002614434146984482, 0.004067760783007788]], "chi2_level": 0.99, "chi2_df": 3, "chi2_threshold": 11.344866730144373, "N_raw": 34, "N_roi": 15, "N_inlier": 12, "refit": true}
{"timestamp": "15:18:16.719250", "frame": 92, "mu": [-1.8108759187091652, 3.9804236943809204, 1.1537841777803857], "Sigma": [[0.02439833769023009, 0.006034813391134113, -0.016876197881293634], [0.006034813391134113, 0.0066270132743044274, -0.0051049094214471276], [-0.016876197881293634, -0.005104909421447128, 0.017805616125367983]], "chi2_level": 0.99, "chi2_df": 3, "chi2_threshold": 11.344866730144373, "N_raw": 60, "N_roi": 47, "N_inlier": 44, "refit": true}
{"timestamp": "15:18:16.768504", "frame": 93, "mu": [-1.797200424612225, 4.007334373568236, 1.0609835194751063], "Sigma": [[0.023360386913878727, 0.01306327306739483, -0.038073735683548986], [0.013063273067394831, 0.011539998619451554, -0.03098244736894444], [-0.038073735683548986, -0.03098244736894444, 0.09465899119535798]], "chi2_level": 0.99, "chi2_df": 3, "chi2_threshold": 11.344866730144373, "N_raw": 26, "N_roi": 26, "N_inlier": 25, "refit": true}
{"timestamp": "15:18:16.825554", "frame": 94, "mu": [-1.8951979752716441, 4.005837958570914, 1.0705970209738889], "Sigma": [[0.022785449876433835, 0.01271104414407188, -0.03401244768201489], [0.01271104414407188, 0.014869633675363965, -0.036915887965878295], [-0.03401244768201489, -0.036915887965878295, 0.10577793868481342]], "chi2_level": 0.99, "chi2_df": 3, "chi2_threshold": 11.344866730144373, "N_raw": 41, "N_roi": 40, "N_inlier": 39, "refit": true}
{"timestamp": "15:18:16.881203", "frame": 95, "mu": [-2.0546592588910815, 3.934382107624729, 1.3435195009769607], "Sigma": [[0.02457380054148884, 0.008212709805268475, -0.0168494631408233], [0.008212709805268475, 0.006438294561089949, -0.006236579116538967], [-0.0168494631408233, -0.006236579116538967, 0.013159533547503283]], "chi2_level": 0.99, "chi2_df": 3, "chi2_threshold": 11.344866730144373, "N_raw": 44, "N_roi": 40, "N_inlier": 38, "refit": true}
{"timestamp": "15:18:16.936237", "frame": 96, "mu": [-2.0838196910422253, 3.960794912498882, 1.1844972526964004], "Sigma": [[0.014632154578667686, 0.006491455020183773, -0.00937970569738774], [0.006491455020183773, 0.005930267820524931, -0.007187841071871455], [-0.00937970569738774, -0.007187841071871455, 0.010644188661023507]], "chi2_level": 0.99, "chi2_df": 3, "chi2_threshold": 11.344866730144373, "N_raw": 36, "N_roi": 32, "N_inlier": 30, "refit": true}
{"timestamp": "15:18:16.988509", "frame": 97, "mu": [-2.0868448652570826, 4.146353218616872, 0.5952272259933457], "Sigma": [[0.015049456844003382, 0.008950167530562412, -0.025078219707629083], [0.008950167530562412, 0.023540969039814723, -0.056531659683623496], [-0.025078219707629083, -0.056531659683623496, 0.1638741039420105]], "chi2_level": 0.99, "chi2_df": 3, "chi2_threshold": 11.344866730144373, "N_raw": 21, "N_roi": 17, "N_inlier": 17, "refit": true}
{"timestamp": "15:18:17.046943", "frame": 98, "mu": [-2.2675555879842806, 4.013316384976593, 1.4931192419612764], "Sigma": [[0.01830182805716119, 0.006480808597867245, -0.01419290714575085], [0.006480808597867245, 0.008656551666794873, -0.006044021643936618], [-0.01419290714575085, -0.006044021643936617, 0.012576993607220142]], "chi2_level": 0.99, "chi2_df": 3, "chi2_threshold": 11.344866730144373, "N_raw": 51, "N_roi": 42, "N_inlier": 42, "refit": true}
{"timestamp": "15:18:17.098711", "frame": 99, "mu": [-2.3117290160245076, 4.040314650385869, 1.5558206881819743], "Sigma": [[0.014221450737242751, 0.00555788016584214, -0.010954259845642725], [0.005557880165842141, 0.005452129085916563, -0.005746172725714314], [-0.010954259845642725, -0.005746172725714314, 0.01052738299848353]], "chi2_level": 0.99, "chi2_df": 3, "chi2_threshold": 11.344866730144373, "N_raw": 37, "N_roi": 29, "N_inlier": 28, "refit": true}
{"timestamp": "15:18:17.228497", "frame": 100, "mu": [-2.3040554349303686, 4.02352465828413, 1.4017428756806118], "Sigma": [[0.014519543588053277, 0.006266613817016053, -0.013768957247794627], [0.006266613817016053, 0.006656935869383997, -0.00804230297744055], [-0.013768957247794627, -0.00804230297744055, 0.0176636071908247]], "chi2_level": 0.99, "chi2_df": 3, "chi2_threshold": 11.344866730144373, "N_raw": 46, "N_roi": 30, "N_inlier": 30, "refit": true}
{"timestamp": "15:18:17.252934", "frame": 101, "mu": [-2.3258387222499954, 4.001259291333227, 1.3342202784513943], "Sigma": [[0.009985456044333428, 0.004668969575309424, -0.011249062166084069], [0.004668969575309424, 0.006248320540964432, -0.0075341163418071325], [-0.011249062166084069, -0.0075341163418071325, 0.01703545586416163]], "chi2_level": 0.99, "chi2_df": 3, "chi2_threshold": 11.344866730144373, "N_raw": 42, "N_roi": 24, "N_inlier": 24, "refit": true}
{"timestamp": "15:18:17.283418", "frame": 102, "mu": [-2.3612366927784376, 4.008682095121064, 1.3689050931826636], "Sigma": [[0.0066143498597650285, 0.0027483840887125082, -0.006183578249750898], [0.0027483840887125082, 0.00816443717054422, -0.0026915281991656682], [-0.006183578249750897, -0.0026915281991656682, 0.007112948916942148]], "chi2_level": 0.99, "chi2_df": 3, "chi2_threshold": 11.344866730144373, "N_raw": 52, "N_roi": 23, "N_inlier": 23, "refit": true}
{"timestamp": "15:18:17.319331", "frame": 103, "mu": [-2.412132827609438, 4.027384183499799, 1.263524268395612], "Sigma": [[0.0019041882732025695, 0.0009159062627630383, -0.0037704749113971524], [0.0009159062627630383, 0.0031037771530636974, -0.006255602218604641], [-0.0037704749113971524, -0.006255602218604641, 0.02492970217767528]], "chi2_level": 0.99, "chi2_df": 3, "chi2_threshold": 11.344866730144373, "N_raw": 34, "N_roi": 11, "N_inlier": 10, "refit": true}
{"timestamp": "15:18:17.379649", "frame": 104, "mu": [-2.4041687254337796, 4.120767314353717, 0.28816489317855254], "Sigma": [[0.003189993132420838, -0.00033089290158484937, -0.0004900382292496166], [-0.00033089290158484915, 0.0068280971398124776, -0.00424108150672791], [-0.0004900382292496166, -0.00424108150672791, 0.005963916762649468]], "chi2_level": 0.99, "chi2_df": 3, "chi2_threshold": 11.344866730144373, "N_raw": 69, "N_roi": 17, "N_inlier": 17, "refit": true}
