{"timestamp": "15:50:30.025454", "frame": 16, "mu": [2.275635827073444, 4.121177614713522, 1.0442700474445332], "Sigma": [[0.004267029607037289, -0.001992376243782567, -0.001051411441199475], [-0.001992376243782567, 0.0010972313600028855, -0.0007667327696374988], [-0.001051411441199475, -0.0007667327696374989, 0.010025544032907828]], "chi2_level": 0.95, "chi2_df": 3, "chi2_threshold": 7.814727903251179, "N_raw": 9, "N_roi": 9, "N_inlier": 8, "refit": true}
{"timestamp": "15:50:30.301477", "frame": 21, "mu": [2.2082394511867998, 4.164166334604318, 1.0376424715769317], "Sigma": [[0.013138922997976992, -0.008530601818180954, -0.010661943551434131], [-0.008530601818180954, 0.006886008749841538, 0.005025461418889578], [-0.010661943551434131, 0.005025461418889578, 0.016606349009995303]], "chi2_level": 0.95, "chi2_df": 3, "chi2_threshold": 7.814727903251179, "N_raw": 23, "N_roi": 23, "N_inlier": 21, "refit": true}
{"timestamp": "15:50:30.359806", "frame": 22, "mu": [2.0681001408821627, 4.214589949593827, 1.1651854575879934], "Sigma": [[0.01774587152952126, -0.009885918878977964, -0.00854321392385282], [-0.009885918878977964, 0.007420623704976715, 0.004346825606181038], [-0.00854321392385282, 0.004346825606181038, 0.007488124578460151]], "chi2_level": 0.95, "chi2_df": 3, "chi2_threshold": 7.814727903251179, "N_raw": 24, "N_roi": 22, "N_inlier": 21, "refit": true}
{"timestamp": "15:50:30.412350", "frame": 23, "mu": [2.1913465842811752, 4.059708441311015, 0.7043120631622307], "Sigma": [[0.009420830723307499, -0.0057045739913800225, -0.003062153129708622], [-0.0057045739913800225, 0.004882496535206222, 0.0003538988828764944], [-0.003062153129708622, 0.0003538988828764944, 0.005751082859532796]], "chi2_level": 0.95, "chi2_df": 3, "chi2_threshold": 7.814727903251179, "N_raw": 11, "N_roi": 11, "N_inlier": 11, "refit": true}
{"timestamp": "15:50:30.798429", "frame": 30, "mu": [1.6546618829172421, 4.023816373064988, 1.133043247649955], "Sigma": [[0.010118918442723382, -0.00570626526263295, -0.0060010359088187425], [-0.00570626526263295, 0.004474764372391557, 0.003152468976205055], [-0.0060010359088187425, 0.003152468976205055, 0.005506506446116213]], "chi2_level": 0.95, "chi2_df": 3, "chi2_threshold": 7.814727903251179, "N_raw": 16, "N_roi": 16, "N_inlier": 15, "refit": true}
{"timestamp": "15:50:31.022645", "frame": 34, "mu": [1.360337568563199, 4.1220879658293486, 0.8490991814303613], "Sigma": [[0.01547356816974436, -0.008307648971770477, -0.006085972688873805], [-0.008307648971770477, 0.011380293909383683, -0.011302010304610425], [-0.006085972688873805, -0.011302010304610421, 0.08359047798756002]], "chi2_level": 0.95, "chi2_df": 3, "chi2_threshold": 7.814727903251179, "N_raw": 46, "N_roi": 44, "N_inlier": 43, "refit": true}
{"timestamp": "15:50:31.077381", "frame": 35, "mu": [1.2085135623933958, 4.240747326215686, 0.4592823747447511], "Sigma": [[0.01901054055536683, -0.007109225300511687, -0.0029594150818419477], [-0.007109225300511687, 0.004511245122071306, -0.0005955384342888199], [-0.0029594150818419472, -0.0005955384342888199, 0.006128705608663296]], "chi2_level": 0.95, "chi2_df": 3, "chi2_threshold": 7.814727903251179, "N_raw": 36, "N_roi": 36, "N_inlier": 32, "refit": true}
{"timestamp": "15:50:31.182710", "frame": 37, "mu": [1.051683690065536, 4.206780125729267, 1.2847942873940121], "Sigma": [[0.005740313012251883, -0.0023274900588053002, -0.004873391996353247], [-0.0023274900588053002, 0.0030559430461865487, 0.0018375111929245594], [-0.004873391996353247, 0.0018375111929245596, 0.0065976294940276]], "chi2_level": 0.95, "chi2_df": 3, "chi2_threshold": 7.814727903251179, "N_raw": 17, "N_roi": 17, "N_inlier": 15, "refit": true}
{"timestamp": "15:50:31.291791", "frame": 39, "mu": [0.9703946278234551, 4.18762746057729, 0.9761726270500916], "Sigma": [[0.028293980085073115, -0.004879309743890863, -0.09465936563968791], [-0.004879309743890862, 0.003004630865809872, 0.01774787611897608], [-0.09465936563968791, 0.01774787611897608, 0.3226490575630025]], "chi2_level": 0.95, "chi2_df": 3, "chi2_threshold": 7.814727903251179, "N_raw": 10, "N_roi": 10, "N_inlier": 10, "refit": true}
{"timestamp": "15:50:31.349334", "frame": 40, "mu": [0.9034708534535412, 4.204242657341112, -0.5027607889147951], "Sigma": [[0.01541092692587174, 0.005474733957041282, 0.03322434550290304], [0.005474733957041282, 0.008931681867854957, -0.004415043402197271], [0.03322434550290304, -0.004415043402197271, 0.3873996143627555]], "chi2_level": 0.95, "chi2_df": 3, "chi2_threshold": 7.814727903251179, "N_raw": 28, "N_roi": 28, "N_inlier": 27, "refit": true}
{"timestamp": "15:50:31.402934", "frame": 41, "mu": [0.8358800590127224, 4.1844656289566675, 0.9131308927352952], "Sigma": [[0.0076565599769986845, 0.0027018722772611213, -0.020474183873827476], [0.0027018722772611217, 0.008180759000833128, -0.025349734128213765], [-0.020474183873827476, -0.025349734128213765, 0.11280505680124445]], "chi2_level": 0.95, "chi2_df": 3, "chi2_threshold": 7.814727903251179, "N_raw": 15, "N_roi": 12, "N_inlier": 12, "refit": true}
{"timestamp": "15:50:31.460920", "frame": 42, "mu": [0.6153703670651297, 4.219339686812254, 1.3318423479492936], "Sigma": [[0.0073638508408862486, -0.0025111314933516267, -0.006684538608604622], [-0.0025111314933516267, 0.001814004501439239, -6.519414893197886e-05], [-0.00668453860860462, -6.519414893197886e-05, 0.01822586533731862]], "chi2_level": 0.95, "chi2_df": 3, "chi2_threshold": 7.814727903251179, "N_raw": 29, "N_roi": 16, "N_inlier": 13, "refit": true}
{"timestamp": "15:50:31.513464", "frame": 43, "mu": [0.7063744534586687, 4.182831428024531, 0.8596845388553951], "Sigma": [[0.01336628185880872, 0.013508658859591845, -0.05842663604939169], [0.013508658859591845, 0.01949654132799799, -0.06252816010389842], [-0.05842663604939169, -0.06252816010389842, 0.2764733536366706]], "chi2_level": 0.95, "chi2_df": 3, "chi2_threshold": 7.814727903251179, "N_raw": 10, "N_roi": 8, "N_inlier": 7, "refit": true}
{"timestamp": "15:50:31.568794", "frame": 44, "mu": [0.5325108846042942, 4.108459249295054, 1.028417174192404], "Sigma": [[0.008553840082963124, -0.002485449244287295, -0.00723997476102043], [-0.002485449244287295, 0.0016692788281618654, -0.0005579057833350338], [-0.00723997476102043, -0.0005579057833350338, 0.021064947629840007]], "chi2_level": 0.95, "chi2_df": 3, "chi2_threshold": 7.814727903251179, "N_raw": 21, "N_roi": 21, "N_inlier": 18, "refit": true}
{"timestamp": "15:50:31.626948", "frame": 45, "mu": [0.4701506664126308, 4.091110328200043, 1.2811277174098077], "Sigma": [[0.016010209365424688, -0.0032523070027340862, -0.007171465029487753], [-0.0032523070027340867, 0.0038185962418449317, 0.002381927630344932], [-0.007171465029487753, 0.002381927630344932, 0.004459488846912441]], "chi2_level": 0.95, "chi2_df": 3, "chi2_threshold": 7.814727903251179, "N_raw": 36, "N_roi": 36, "N_inlier": 32, "refit": true}
{"timestamp": "15:50:31.677301", "frame": 46, "mu": [0.32433577812850256, 4.229329987841041, 1.0010487676140571], "Sigma": [[0.004396522900495651, -0.00047079994148334955, 0.0037598643277552083], [-0.000470799941483349, 0.01501158905740481, -0.045421281373658945], [0.0037598643277552083, -0.045421281373658945, 0.1503410195111048]], "chi2_level": 0.95, "chi2_df": 3, "chi2_threshold": 7.814727903251179, "N_raw": 8, "N_roi": 8, "N_inlier": 8, "refit": true}
{"timestamp": "15:50:31.736707", "frame": 47, "mu": [0.30873241155993475, 4.162655662350426, 1.294615519760724], "Sigma": [[0.01442872718039172, -0.0032356154158374962, -0.01180888459046444], [-0.0032356154158374962, 0.003814128432002895, 0.0026764915560950823], [-0.01180888459046444, 0.0026764915560950823, 0.011853872570929697]], "chi2_level": 0.95, "chi2_df": 3, "chi2_threshold": 7.814727903251179, "N_raw": 38, "N_roi": 35, "N_inlier": 31, "refit": true}
{"timestamp": "15:50:31.789757", "frame": 48, "mu": [0.23895090225369983, 4.095289116575621, 1.1174791817421688], "Sigma": [[0.01273201137375223, -0.0017825926077661325, -0.007310639861164755], [-0.0017825926077661325, 0.0013627642478642348, 0.0004939915711853202], [-0.007310639861164755, 0.00049399157118532, 0.005659503420827746]], "chi2_level": 0.95, "chi2_df": 3, "chi2_threshold": 7.814727903251179, "N_raw": 24, "N_roi": 22, "N_inlier": 20, "refit": true}
{"timestamp": "15:50:31.899608", "frame": 50, "mu": [0.001692925572290854, 4.197649483535136, 1.2423220752985271], "Sigma": [[0.012842649982448153, -0.00041865988967502055, -0.007113920290237119], [-0.00041865988967502055, 0.0019681961599720857, -0.00014486079411714505], [-0.007113920290237118, -0.0001448607941171451, 0.005491116926829727]], "chi2_level": 0.95, "chi2_df": 3, "chi2_threshold": 7.814727903251179, "N_raw": 26, "N_roi": 23, "N_inlier": 21, "refit": true}
{"timestamp": "15:50:31.957112", "frame": 51, "mu": [-0.06790053934411304, 4.184172203495567, 1.3993590193626333], "Sigma": [[0.01803283520177161, -0.0025661035730095635, -0.010489289384040593], [-0.0025661035730095644, 0.0030483897902313043, 0.001007859782856792], [-0.010489289384040593, 0.001007859782856792, 0.0077180030246528294]], "chi2_level": 0.95, "chi2_df": 3, "chi2_threshold": 7.814727903251179, "N_raw": 40, "N_roi": 38, "N_inlier": 34, "refit": true}
{"timestamp": "15:50:32.008765", "frame": 52, "mu": [-0.16585688016125744, 4.155371417651253, 1.3727506195967565], "Sigma": [[0.010314063173263376, 0.0002013703121312744, -0.004647303640705999], [0.00020137031213127434, 0.001897482598933526, 5.443508251349471e-05], [-0.004647303640705999, 5.4435082513494846e-05, 0.013400820656731198]], "chi2_level": 0.95, "chi2_df": 3, "chi2_threshold": 7.814727903251179, "N_raw": 23, "N_roi": 23, "N_inlier": 21, "refit": true}
{"timestamp": "15:50:32.067829", "frame": 53, "mu": [-0.25760459038617756, 4.111854009778447, 1.1957055539208177], "Sigma": [[0.020444054401769746, 0.0018508685282042064, -0.011904683717189859], [0.0018508685282042066, 0.004045849181367673, -0.0020885849104564204], [-0.01190468371718986, -0.0020885849104564204, 0.009582604739171132]], "chi2_level": 0.95, "chi2_df": 3, "chi2_threshold": 7.814727903251179, "N_raw": 48, "N_roi": 44, "N_inlier": 43, "refit": true}
{"timestamp": "15:50:32.118300", "frame": 54, "mu": [-0.3621058104610526, 4.103937792143198, 1.3166186185629765], "Sigma": [[0.01636975429576993, 0.0003365215451028888, -0.007659386718665305], [0.0003365215451028888, 0.0005508580370912095, 0.0004722858450227956], [-0.007659386718665306, 0.0004722858450227956, 0.0049301017464337795]], "chi2_level": 0.95, "chi2_df": 3, "chi2_threshold": 7.814727903251179, "N_raw": 17, "N_roi": 13, "N_inlier": 11, "refit": true}
{"timestamp": "15:50:32.176755", "frame": 55, "mu": [-0.39453740595522946, 4.198487899651123, 1.1866124089269865], "Sigma": [[0.024639766721921842, -0.0004777594774776924, -0.014126443777175687], [-0.00047775947747769255, 0.0013580308964553235, -0.0019794424671757587], [-0.014126443777175687, -0.0019794424671757587, 0.017662066426257506]], "chi2_level": 0.95, "chi2_df": 3, "chi2_threshold": 7.814727903251179, "N_raw": 41, "N_roi": 38, "N_inlier": 35, "refit": true}
{"timestamp": "15:50:32.227849", "frame": 56, "mu": [-0.3794475759895608, 4.179943194814738, 0.5940321479860244], "Sigma": [[0.01388532391480146, -0.0026232424768012036, -0.0363988140608713], [-0.0026232424768012036, 0.0055128449977589625, -0.011300734785487243], [-0.0363988140608713, -0.011300734785487243, 0.31270630355535617]], "chi2_level": 0.95, "chi2_df": 3, "chi2_threshold": 7.814727903251179, "N_raw": 10, "N_roi": 8, "N_inlier": 8, "refit": true}
{"timestamp": "15:50:32.282878", "frame": 57, "mu": [-0.4935174333421557, 4.157526171388055, 0.9602265226877862], "Sigma": [[0.001683407900683645, -0.00015822267435536597, -0.004948837522840982], [-0.00015822267435536608, 0.006566027917314054, -0.02273708628268588], [-0.004948837522840982, -0.02273708628268588, 0.16185311257301033]], "chi2_level": 0.95, "chi2_df": 3, "chi2_threshold": 7.814727903251179, "N_raw": 11, "N_roi": 7, "N_inlier": 7, "refit": true}
{"timestamp": "15:50:32.340829", "frame": 58, "mu": [-0.6088453738009934, 4.045659927647885, 0.9105143998693875], "Sigma": [[0.016946956372335394, -0.0002770228457401494, -0.008668571796426626], [-0.0002770228457401493, 0.0022059250584968294, -0.0008939435104807278], [-0.008668571796426626, -0.0008939435104807277, 0.00828197997806693]], "chi2_level": 0.95, "chi2_df": 3, "chi2_threshold": 7.814727903251179, "N_raw": 37, "N_roi": 31, "N_inlier": 28, "refit": true}
{"timestamp": "15:50:32.452042", "frame": 60, "mu": [-0.750251470570461, 4.061216686095156, 1.0648783793331327], "Sigma": [[0.016492633215345213, 0.0012148502298944507, -0.004988206100106342], [0.0012148502298944507, 0.0025120389689452325, -0.0022780029106719214], [-0.004988206100106342, -0.0022780029106719214, 0.004517231865914325]], "chi2_level": 0.95, "chi2_df": 3, "chi2_threshold": 7.814727903251179, "N_raw": 38, "N_roi": 34, "N_inlier": 31, "refit": true}
{"timestamp": "15:50:32.508418", "frame": 61, "mu": [-0.8324588262290551, 4.051316447871042, 1.1123542978998548], "Sigma": [[0.023747382884945607, 0.0020440487632995344, -0.012680020771227905], [0.0020440487632995344, 0.003372508452017541, -0.003148639183042045], [-0.012680020771227903, -0.003148639183042045, 0.013435783756742214]], "chi2_level": 0.95, "chi2_df": 3, "chi2_threshold": 7.814727903251179, "N_raw": 43, "N_roi": 43, "N_inlier": 39, "refit": true}
{"timestamp": "15:50:32.558997", "frame": 62, "mu": [-0.9246150150279606, 4.0988872752156436, 0.9531687211226476], "Sigma": [[0.002837992065660461, 0.0010886305573740286, -0.0031270206178643104], [0.0010886305573740286, 0.003521782262562712, -0.0038246196385714024], [-0.0031270206178643104, -0.003824619638571403, 0.008068980647382774]], "chi2_level": 0.95, "chi2_df": 3, "chi2_threshold": 7.814727903251179, "N_raw": 12, "N_roi": 9, "N_inlier": 8, "refit": true}
{"timestamp": "15:50:32.612594", "frame": 63, "mu": [-1.034949420180739, 4.1860061412038485, 0.8633451562688226], "Sigma": [[0.009093568746282496, 0.006962837147275501, -0.03583779222983743], [0.0069628371472755, 0.009596644581152933, -0.042096113644101575], [-0.03583779222983743, -0.04209611364410157, 0.2067657106175118]], "chi2_level": 0.95, "chi2_df": 3, "chi2_threshold": 7.814727903251179, "N_raw": 9, "N_roi": 7, "N_inlier": 7, "refit": true}
{"timestamp": "15:50:32.672693", "frame": 64, "mu": [-1.120167481822371, 4.082594927726928, 1.3003076244480403], "Sigma": [[0.016742892146390763, 0.00045088478843605394, -0.019247561428204944], [0.00045088478843605416, 0.004606378814218825, 0.002446819855509666], [-0.01924756142820494, 0.002446819855509666, 0.025486181928483335]], "chi2_level": 0.95, "chi2_df": 3, "chi2_threshold": 7.814727903251179, "N_raw": 42, "N_roi": 39, "N_inlier": 36, "refit": true}
{"timestamp": "15:50:32.736081", "frame": 65, "mu": [-1.1644384566877244, 4.110388262068895, 0.9759657649444572], "Sigma": [[0.022745191705711924, 0.00901806411930442, -0.04252553354456108], [0.00901806411930442, 0.018247780617929782, -0.0475014053717583], [-0.04252553354456108, -0.0475014053717583, 0.20095444032628926]], "chi2_level": 0.95, "chi2_df": 3, "chi2_threshold": 7.814727903251179, "N_raw": 67, "N_roi": 67, "N_inlier": 67, "refit": true}
{"timestamp": "15:50:32.782154", "frame": 66, "mu": [-1.2725985969637805, 4.016952543321685, 1.1257173169676555], "Sigma": [[0.015592443241283777, 0.0019814900877085924, -0.009232862019350497], [0.0019814900877085924, 0.003163334336491805, -0.002368578279918516], [-0.009232862019350497, -0.002368578279918516, 0.007084742476321968]], "chi2_level": 0.95, "chi2_df": 3, "chi2_threshold": 7.814727903251179, "N_raw": 38, "N_roi": 35, "N_inlier": 33, "refit": true}
{"timestamp": "15:50:32.887052", "frame": 68, "mu": [-1.4957627437438468, 4.085711823449943, 1.0746656519660522], "Sigma": [[0.003046116773909856, -0.004212428625869569, 0.015102932705921696], [-0.004212428625869569, 0.008809409739170306, -0.032365481723826355], [0.015102932705921696, -0.03236548172382636, 0.23745136237476752]], "chi2_level": 0.95, "chi2_df": 3, "chi2_threshold": 7.814727903251179, "N_raw": 9, "N_roi": 7, "N_inlier": 7, "refit": true}
{"timestamp": "15:50:32.944387", "frame": 69, "mu": [-1.6291562079142956, 4.041863446112151, 1.4491730470596298], "Sigma": [[0.008926579027811132, 0.0024555225783989896, -0.005117182483722898], [0.0024555225783989896, 0.002977308048955391, -0.0008254216399539473], [-0.005117182483722897, -0.0008254216399539472, 0.005193117953103771]], "chi2_level": 0.95, "chi2_df": 3, "chi2_threshold": 7.814727903251179, "N_raw": 25, "N_roi": 19, "N_inlier": 18, "refit": true}
{"timestamp": "15:50:32.998871", "frame": 70, "mu": [-1.5953376383008715, 4.069236695507068, 1.0734965044389424], "Sigma": [[0.01416500837779737, 0.001352388130403264, -0.032011446631143775], [0.001352388130403264, 0.0008813873261584931, -0.005167571350334007], [-0.032011446631143775, -0.005167571350334007, 0.0844527826886337]], "chi2_level": 0.95, "chi2_df": 3, "chi2_threshold": 7.814727903251179, "N_raw": 20, "N_roi": 15, "N_inlier": 15, "refit": true}
{"timestamp": "15:50:33.113211", "frame": 72, "mu": [-1.748520488088739, 4.057646843732989, 1.017516989315458], "Sigma": [[0.02324538287101062, 0.005033002046365589, -0.0265726987598398], [0.005033002046365589, 0.0034588875873850433, -0.008094190722790877], [-0.0265726987598398, -0.008094190722790877, 0.034682228958677064]], "chi2_level": 0.95, "chi2_df": 3, "chi2_threshold": 7.814727903251179, "N_raw": 50, "N_roi": 34, "N_inlier": 32, "refit": true}
{"timestamp": "15:50:33.222749", "frame": 74, "mu": [-1.9659636154498161, 3.960635419236894, 1.2411781410384384], "Sigma": [[0.01864753557604086, 0.00679111420805055, -0.011708854198355252], [0.006791114208050551, 0.005191410328547552, -0.007094584468026064], [-0.011708854198355252, -0.007094584468026064, 0.013167500865177302]], "chi2_level": 0.95, "chi2_df": 3, "chi2_threshold": 7.814727903251179, "N_raw": 39, "N_roi": 36, "N_inlier": 34, "refit": true}
{"timestamp": "15:50:33.327375", "frame": 76, "mu": [-2.0822358029297474, 4.067019831651526, 0.8266247429514428], "Sigma": [[0.0024357684484406636, 0.002460367161217993, -0.015434180332124701], [0.0024603671612179927, 0.007007112646328061, -0.025268165198253024], [-0.015434180332124701, -0.025268165198253024, 0.14750283627367206]], "chi2_level": 0.95, "chi2_df": 3, "chi2_threshold": 7.814727903251179, "N_raw": 8, "N_roi": 8, "N_inlier": 8, "refit": true}
{"timestamp": "15:50:33.383132", "frame": 77, "mu": [-2.146336296255007, 3.9155084817992774, 1.1275086391366806], "Sigma": [[0.014786301642145791, 0.005629010250243079, -0.008383994044586559], [0.00562901025024308, 0.002874477549062093, -0.003305317416531607], [-0.008383994044586559, -0.003305317416531607, 0.006783669918289989]], "chi2_level": 0.95, "chi2_df": 3, "chi2_threshold": 7.814727903251179, "N_raw": 17, "N_roi": 14, "N_inlier": 12, "refit": true}
{"timestamp": "15:50:33.498697", "frame": 79, "mu": [-2.2147080385244253, 4.012117143208535, 1.0090986294517446], "Sigma": [[0.034795401150728024, 0.017487798589852197, -0.07119142814532389], [0.017487798589852197, 0.018809859591251213, -0.0409333784474329], [-0.07119142814532389, -0.0409333784474329, 0.18286098649327326]], "chi2_level": 0.95, "chi2_df": 3, "chi2_threshold": 7.814727903251179, "N_raw": 58, "N_roi": 46, "N_inlier": 46, "refit": true}
{"timestamp": "15:50:33.551206", "frame": 80, "mu": [-2.0759161256280256, 4.167423655909523, 0.3986062009091971], "Sigma": [[0.030304999215285802, 0.012716596264120498, -0.04647598439214323], [0.012716596264120496, 0.008572788642509484, -0.027266999489970568], [-0.04647598439214323, -0.02726699948997057, 0.09947957951389583]], "chi2_level": 0.95, "chi2_df": 3, "chi2_threshold": 7.814727903251179, "N_raw": 27, "N_roi": 26, "N_inlier": 24, "refit": true}
{"timestamp": "15:50:33.606141", "frame": 81, "mu": [-2.232484512837856, 4.105389032642307, 0.622593154860924], "Sigma": [[0.030786368320158533, 0.020465222426818978, -0.06658756102594326], [0.020465222426818978, 0.019308647960838934, -0.058923339787281634], [-0.06658756102594326, -0.05892333978728164, 0.19598892437409973]], "chi2_level": 0.95, "chi2_df": 3, "chi2_threshold": 7.814727903251179, "N_raw": 35, "N_roi": 17, "N_inlier": 17, "refit": true}
