{"timestamp": "16:23:31.019784", "frame": 8, "mu": [0.49504353633380405, 1.3950067762607194, -0.16203286440528336], "Sigma": [[0.002547450251686914, 0.000988613166220143, -0.002168592111020266], [0.000988613166220143, 0.0015485685583748136, -0.0016188639945368918], [-0.002168592111020266, -0.001618863994536892, 0.0043099492735585426]], "chi2_level": 0.95, "chi2_df": 3, "chi2_threshold": 7.814727903251179, "N_raw": 21, "N_roi": 21, "N_inlier": 19, "refit": true}
{"timestamp": "16:23:31.077176", "frame": 9, "mu": [0.454059445457007, 1.3518853387403127, 1.50035199764973], "Sigma": [[0.0036508375619256285, -0.0006717065177543841, -0.00152698138223972], [-0.0006717065177543841, 0.002359795656488979, -0.0010363942925598166], [-0.00152698138223972, -0.0010363942925598166, 0.0015950939897788822]], "chi2_level": 0.95, "chi2_df": 3, "chi2_threshold": 7.814727903251179, "N_raw": 40, "N_roi": 40, "N_inlier": 39, "refit": true}
{"timestamp": "16:23:31.129551", "frame": 10, "mu": [0.42011620826028667, 1.3650820540496191, 1.5843631740581088], "Sigma": [[0.0006709960673894491, -8.927363736957895e-05, -0.0003557113261904476], [-8.927363736957904e-05, 0.0024689633918585346, 0.00021174087029425087], [-0.0003557113261904476, 0.00021174087029425092, 0.00031954933267795915]], "chi2_level": 0.95, "chi2_df": 3, "chi2_threshold": 7.814727903251179, "N_raw": 15, "N_roi": 15, "N_inlier": 15, "refit": true}
{"timestamp": "16:23:31.292450", "frame": 13, "mu": [0.492702048313086, 1.2931614139389287, 1.0061866754548152], "Sigma": [[0.003628162117054505, -0.0009580217942932322, -0.037105369298107246], [-0.0009580217942932322, 0.009593668078484668, 0.029598495430774273], [-0.037105369298107246, 0.029598495430774273, 0.49402233619728503]], "chi2_level": 0.95, "chi2_df": 3, "chi2_threshold": 7.814727903251179, "N_raw": 9, "N_roi": 9, "N_inlier": 9, "refit": true}
{"timestamp": "16:23:31.347855", "frame": 14, "mu": [0.42666404174357037, 1.378116964604186, 1.5735431204467973], "Sigma": [[0.0006967676776523706, -0.00017965144893609334, -0.00040308672717908494], [-0.00017965144893609334, 0.0026723820591033507, 0.00014496850173223718], [-0.00040308672717908494, 0.00014496850173223718, 0.00033386033365763733]], "chi2_level": 0.95, "chi2_df": 3, "chi2_threshold": 7.814727903251179, "N_raw": 10, "N_roi": 10, "N_inlier": 10, "refit": true}
{"timestamp": "16:23:31.402972", "frame": 15, "mu": [0.5084598525985878, 1.2791202040374063, 1.0530851918279571], "Sigma": [[0.004253918124917167, -0.003634008756873134, -0.03768304111024613], [-0.0036340087568731334, 0.008094693772272584, 0.05645653413219325], [-0.03768304111024613, 0.05645653413219325, 0.49215251653055]], "chi2_level": 0.95, "chi2_df": 3, "chi2_threshold": 7.814727903251179, "N_raw": 12, "N_roi": 12, "N_inlier": 12, "refit": true}
{"timestamp": "16:23:31.460073", "frame": 16, "mu": [0.5884687705380774, 1.1490690611220333, 0.011407236984773672], "Sigma": [[0.003938387651999661, -0.0007541003369871525, -0.004640057113422285], [-0.0007541003369871524, 0.002583003849647117, -0.005451661747152626], [-0.004640057113422285, -0.005451661747152627, 0.047042910184072084]], "chi2_level": 0.95, "chi2_df": 3, "chi2_threshold": 7.814727903251179, "N_raw": 25, "N_roi": 25, "N_inlier": 22, "refit": true}
{"timestamp": "16:23:31.514069", "frame": 17, "mu": [0.46279181793519786, 1.2303332588903455, 0.3412879050350286], "Sigma": [[0.011083024806605174, -0.0004577741510415715, 0.02840018115658963], [-0.00045777415104157127, 0.001648756264741214, 0.01789038497402158], [0.02840018115658963, 0.01789038497402158, 0.4757872729478374]], "chi2_level": 0.95, "chi2_df": 3, "chi2_threshold": 7.814727903251179, "N_raw": 13, "N_roi": 13, "N_inlier": 12, "refit": true}
{"timestamp": "16:23:31.574768", "frame": 18, "mu": [0.46414687488499695, 1.1935517109030773, 0.3125541187070582], "Sigma": [[0.005667707329138867, -0.005883450294825496, -0.02562375367727126], [-0.005883450294825496, 0.00878813520636657, 0.05177313640400021], [-0.02562375367727126, 0.051773136404000206, 0.535028607810453]], "chi2_level": 0.95, "chi2_df": 3, "chi2_threshold": 7.814727903251179, "N_raw": 49, "N_roi": 49, "N_inlier": 45, "refit": true}
{"timestamp": "16:23:31.626680", "frame": 19, "mu": [0.41538470651507864, 1.2468749400537513, 0.7785796292293574], "Sigma": [[0.001976311837837842, 1.2402075752138504e-05, 0.012612179570891602], [1.240207575213851e-05, 0.002729700891897611, 0.030730819708635324], [0.012612179570891602, 0.030730819708635324, 0.5432786784792353]], "chi2_level": 0.95, "chi2_df": 3, "chi2_threshold": 7.814727903251179, "N_raw": 33, "N_roi": 33, "N_inlier": 32, "refit": true}
{"timestamp": "16:23:31.679122", "frame": 20, "mu": [0.3701270444372699, 1.423963489270171, -1.5520120753428694], "Sigma": [[0.00827445410449715, 0.006513051045667983, 0.052568058319580765], [0.006513051045667984, 0.034136266034776874, 0.034657813504772046], [0.05256805831958078, 0.034657813504772046, 0.41613385516744444]], "chi2_level": 0.95, "chi2_df": 3, "chi2_threshold": 7.814727903251179, "N_raw": 18, "N_roi": 18, "N_inlier": 17, "refit": true}
{"timestamp": "16:23:31.733767", "frame": 21, "mu": [0.42971480425063613, 1.2484599295535093, 0.6454404727200213], "Sigma": [[0.011724473450525024, -0.0075893558065103246, -0.03944387132941021], [-0.0075893558065103246, 0.020704858255396752, 0.10678827688441049], [-0.03944387132941021, 0.10678827688441049, 0.6848754118820376]], "chi2_level": 0.95, "chi2_df": 3, "chi2_threshold": 7.814727903251179, "N_raw": 12, "N_roi": 12, "N_inlier": 12, "refit": true}
{"timestamp": "16:23:31.798758", "frame": 22, "mu": [0.33500046157614294, 1.3041096287671772, 1.0669835147579723], "Sigma": [[0.008428536630902527, 0.002508990575163736, 0.038388440956546116], [0.002508990575163736, 0.005082963033328807, 0.027257958506037728], [0.03838844095654612, 0.02725795850603773, 0.4347036709496268]], "chi2_level": 0.95, "chi2_df": 3, "chi2_threshold": 7.814727903251179, "N_raw": 78, "N_roi": 78, "N_inlier": 76, "refit": true}
{"timestamp": "16:23:31.856677", "frame": 23, "mu": [0.3469865981291706, 1.2902616266277873, 1.0035286918719233], "Sigma": [[0.012793469998004002, 0.0023776860253908725, 0.016083907661410036], [0.0023776860253908725, 0.0034958797185452462, 0.011611436339527293], [0.016083907661410036, 0.011611436339527293, 0.43454539188049107]], "chi2_level": 0.95, "chi2_df": 3, "chi2_threshold": 7.814727903251179, "N_raw": 81, "N_roi": 81, "N_inlier": 77, "refit": true}
{"timestamp": "16:23:31.909130", "frame": 24, "mu": [0.31707309218882285, 1.4026474782416676, -0.1994135379757984], "Sigma": [[0.0036749755584009414, 0.0003707662082466537, -0.0016596296022134177], [0.00037076620824665367, 0.007043064856342299, -0.0012092557410705862], [-0.001659629602213418, -0.0012092557410705862, 0.001055812753427347]], "chi2_level": 0.95, "chi2_df": 3, "chi2_threshold": 7.814727903251179, "N_raw": 72, "N_roi": 72, "N_inlier": 68, "refit": true}
{"timestamp": "16:23:31.961857", "frame": 25, "mu": [0.32150248509588364, 1.3952684123313486, -0.3841851172106704], "Sigma": [[0.00494889997074801, 0.004068676565205624, 0.0054341190260231735], [0.004068676565205624, 0.00528691414206777, 0.004425793371977988], [0.0054341190260231735, 0.004425793371977987, 0.024293030781928817]], "chi2_level": 0.95, "chi2_df": 3, "chi2_threshold": 7.814727903251179, "N_raw": 53, "N_roi": 53, "N_inlier": 50, "refit": true}
{"timestamp": "16:23:32.017049", "frame": 26, "mu": [0.24264513012884048, 1.3976903381410486, -0.15908791985493206], "Sigma": [[0.006865167588032004, 0.003960781329258877, -0.006522363892571448], [0.003960781329258878, 0.005492421053446216, -0.003616463201487059], [-0.006522363892571448, -0.0036164632014870587, 0.011922017611723226]], "chi2_level": 0.95, "chi2_df": 3, "chi2_threshold": 7.814727903251179, "N_raw": 50, "N_roi": 50, "N_inlier": 44, "refit": true}
{"timestamp": "16:23:32.070259", "frame": 27, "mu": [0.1800761527662207, 1.2526131550762851, 1.540281833528451], "Sigma": [[0.002433796606728692, -0.0010274005075384422, -0.002082202083520359], [-0.0010274005075384422, 0.003774306399953258, 0.0006963371809415251], [-0.002082202083520359, 0.0006963371809415251, 0.0019948168930125397]], "chi2_level": 0.95, "chi2_df": 3, "chi2_threshold": 7.814727903251179, "N_raw": 45, "N_roi": 45, "N_inlier": 40, "refit": true}
{"timestamp": "16:23:32.129448", "frame": 28, "mu": [0.23480448114653565, 1.2138060611257164, 1.3581790390650486], "Sigma": [[0.0036058850911711107, -0.0014088084685262554, -0.00876571470748048], [-0.0014088084685262552, 0.003865107643845512, 0.009710117214082764], [-0.008765714707480481, 0.009710117214082764, 0.07366265222799152]], "chi2_level": 0.95, "chi2_df": 3, "chi2_threshold": 7.814727903251179, "N_raw": 62, "N_roi": 62, "N_inlier": 61, "refit": true}
{"timestamp": "16:23:32.180803", "frame": 29, "mu": [0.16617560359239772, 1.2223164788858274, 1.4689370770976389], "Sigma": [[0.0057385237950963045, -0.0005259835877805985, -0.007925247004077162], [-0.0005259835877805985, 0.0016992257665185242, 9.547856531424642e-05], [-0.007925247004077162, 9.547856531424646e-05, 0.011451078928743147]], "chi2_level": 0.95, "chi2_df": 3, "chi2_threshold": 7.814727903251179, "N_raw": 44, "N_roi": 44, "N_inlier": 42, "refit": true}
{"timestamp": "16:23:32.235840", "frame": 30, "mu": [0.13363454045592812, 1.3097713705567684, -0.20861381405297605], "Sigma": [[0.004014329578498939, 0.0004066125711340153, -0.008866453299483407], [0.0004066125711340153, 0.0027498965461603847, -0.0035396632073099593], [-0.008866453299483407, -0.00353966320730996, 0.03379074245140301]], "chi2_level": 0.95, "chi2_df": 3, "chi2_threshold": 7.814727903251179, "N_raw": 50, "N_roi": 50, "N_inlier": 47, "refit": true}
{"timestamp": "16:23:32.289761", "frame": 31, "mu": [0.08759417113973647, 1.2268089154809068, 1.539864952911034], "Sigma": [[0.0021659711783036024, -0.0003381257102596278, -0.0015271028821205702], [-0.0003381257102596278, 0.0018325894745852983, -0.0013748110368006564], [-0.0015271028821205702, -0.0013748110368006564, 0.003064390925214753]], "chi2_level": 0.95, "chi2_df": 3, "chi2_threshold": 7.814727903251179, "N_raw": 39, "N_roi": 39, "N_inlier": 34, "refit": true}
{"timestamp": "16:23:32.345098", "frame": 32, "mu": [0.09546294433831043, 1.2350540392908558, -0.4669751924845218], "Sigma": [[0.0018437378390661196, 0.001311079159908025, 0.001505147104477971], [0.0013110791599080247, 0.0034871463672327676, 0.0017741042353226983], [0.0015051471044779713, 0.001774104235322699, 0.013232647402532695]], "chi2_level": 0.95, "chi2_df": 3, "chi2_threshold": 7.814727903251179, "N_raw": 38, "N_roi": 38, "N_inlier": 36, "refit": true}
{"timestamp": "16:23:32.402218", "frame": 33, "mu": [0.06663202621537523, 1.203850151440701, 1.528835412993514], "Sigma": [[0.0034943195345720334, -0.0005266647412054894, -0.005430523068219218], [-0.0005266647412054894, 0.002625160113177113, -0.00014104459152603036], [-0.005430523068219218, -0.00014104459152603028, 0.010422418176810435]], "chi2_level": 0.95, "chi2_df": 3, "chi2_threshold": 7.814727903251179, "N_raw": 52, "N_roi": 52, "N_inlier": 48, "refit": true}
{"timestamp": "16:23:32.457780", "frame": 34, "mu": [0.05526827411213226, 1.2476301848621192, -0.33958494428213626], "Sigma": [[0.002747412508329038, 0.0017317362839885443, 0.002538978765653838], [0.0017317362839885443, 0.006266301992947866, 0.004114360875014997], [0.0025389787656538375, 0.004114360875014997, 0.012163417425724826]], "chi2_level": 0.95, "chi2_df": 3, "chi2_threshold": 7.814727903251179, "N_raw": 56, "N_roi": 56, "N_inlier": 55, "refit": true}
{"timestamp": "16:23:32.559752", "frame": 36, "mu": [-0.024965648151128644, 1.2207821507155905, 0.6663701234400482], "Sigma": [[0.004656167255860762, -0.0036034393831246023, 0.03448951351810858], [-0.0036034393831246023, 0.005412528689059137, -0.038712660434976565], [0.03448951351810858, -0.038712660434976565, 0.502092260981772]], "chi2_level": 0.95, "chi2_df": 3, "chi2_threshold": 7.814727903251179, "N_raw": 9, "N_roi": 9, "N_inlier": 8, "refit": true}
{"timestamp": "16:23:32.615121", "frame": 37, "mu": [-0.10660388753113133, 1.3175101997181455, 0.7453319222385804], "Sigma": [[0.001252858850382256, 0.0007163796454012205, -0.011484512463641525], [0.0007163796454012207, 0.007614615405370987, -0.05046757699103285], [-0.011484512463641525, -0.05046757699103287, 0.5688493998390122]], "chi2_level": 0.95, "chi2_df": 3, "chi2_threshold": 7.814727903251179, "N_raw": 8, "N_roi": 8, "N_inlier": 8, "refit": true}
{"timestamp": "16:23:32.680812", "frame": 38, "mu": [-0.13530635007119915, 1.2169488856625108, 1.5126231795694938], "Sigma": [[0.004318750318219231, -0.0005572620716109684, -0.002912078513154488], [-0.0005572620716109686, 0.004993910797790665, -0.0028049371413378073], [-0.002912078513154488, -0.0028049371413378073, 0.004231266749918173]], "chi2_level": 0.95, "chi2_df": 3, "chi2_threshold": 7.814727903251179, "N_raw": 79, "N_roi": 79, "N_inlier": 75, "refit": true}
{"timestamp": "16:23:32.728246", "frame": 39, "mu": [-0.05329747480835692, 1.2369222481367539, 1.3682844481913106], "Sigma": [[0.0009810143102071298, 0.0008068670220260952, -0.001621175718434652], [0.0008068670220260953, 0.003045621878114723, -0.00312764112382046], [-0.001621175718434652, -0.00312764112382046, 0.004623593939543564]], "chi2_level": 0.95, "chi2_df": 3, "chi2_threshold": 7.814727903251179, "N_raw": 18, "N_roi": 18, "N_inlier": 17, "refit": true}
{"timestamp": "16:23:32.794883", "frame": 40, "mu": [-0.14803248781339873, 1.1875675473503446, 1.2279607333789808], "Sigma": [[0.007023711949238248, -0.0033341805048340114, -0.02354310320213683], [-0.0033341805048340114, 0.005619815239548547, 0.014454424361116332], [-0.02354310320213683, 0.014454424361116332, 0.12906206622166763]], "chi2_level": 0.95, "chi2_df": 3, "chi2_threshold": 7.814727903251179, "N_raw": 108, "N_roi": 108, "N_inlier": 108, "refit": true}
{"timestamp": "16:23:32.849522", "frame": 41, "mu": [-0.16411344700117061, 1.2044934685943396, 0.9595683397983861], "Sigma": [[0.005755491162726041, -0.0019482623759349811, 0.006748222766055873], [-0.0019482623759349811, 0.003650899634251078, 0.00422970774171837], [0.006748222766055872, 0.00422970774171837, 0.33427528298559656]], "chi2_level": 0.95, "chi2_df": 3, "chi2_threshold": 7.814727903251179, "N_raw": 95, "N_roi": 95, "N_inlier": 93, "refit": true}
{"timestamp": "16:23:32.902842", "frame": 42, "mu": [-0.233515509767251, 1.2547515584830806, -0.281014724904439], "Sigma": [[0.006426367444576889, -0.0017656809324637767, 0.023077878762899615], [-0.0017656809324637765, 0.011734993492551112, -0.03247876055734546], [0.023077878762899615, -0.032478760557345464, 0.2307548676756982]], "chi2_level": 0.95, "chi2_df": 3, "chi2_threshold": 7.814727903251179, "N_raw": 85, "N_roi": 85, "N_inlier": 82, "refit": true}
{"timestamp": "16:23:32.958598", "frame": 43, "mu": [-0.29592404347210716, 1.2321845466129, 1.467709909679017], "Sigma": [[0.006335885396720777, -0.0009371354530086042, -0.0073074218417586954], [-0.0009371354530086043, 0.004416869530202235, -0.002337118057144984], [-0.0073074218417586954, -0.002337118057144984, 0.012493344681771056]], "chi2_level": 0.95, "chi2_df": 3, "chi2_threshold": 7.814727903251179, "N_raw": 94, "N_roi": 94, "N_inlier": 92, "refit": true}
{"timestamp": "16:23:33.016079", "frame": 44, "mu": [-0.33928272918420455, 1.2385659446509387, 1.5074009371380699], "Sigma": [[0.0034921619652575073, -0.0009682377500992907, -0.002130858508141566], [-0.0009682377500992907, 0.005100087130250047, -0.003355472496639648], [-0.0021308585081415655, -0.003355472496639648, 0.0052110077417733]], "chi2_level": 0.95, "chi2_df": 3, "chi2_threshold": 7.814727903251179, "N_raw": 75, "N_roi": 75, "N_inlier": 72, "refit": true}
{"timestamp": "16:23:33.062730", "frame": 45, "mu": [-0.3887465199547556, 1.239657062485958, 1.5050519705906504], "Sigma": [[0.0031781199663238526, -0.002050887359928604, -0.0009937506427273198], [-0.002050887359928604, 0.004301224398459627, -0.002490070211911917], [-0.0009937506427273196, -0.002490070211911917, 0.004343760141689139]], "chi2_level": 0.95, "chi2_df": 3, "chi2_threshold": 7.814727903251179, "N_raw": 57, "N_roi": 57, "N_inlier": 56, "refit": true}
{"timestamp": "16:23:33.117990", "frame": 46, "mu": [-0.3644304300825728, 1.2358597091389911, 1.4146337126485085], "Sigma": [[0.0032211884925665646, -0.0006589185901262195, -0.0033849925056101357], [-0.0006589185901262194, 0.003023081524986247, -0.0023087058125704635], [-0.003384992505610136, -0.0023087058125704635, 0.006954632796256675]], "chi2_level": 0.95, "chi2_df": 3, "chi2_threshold": 7.814727903251179, "N_raw": 58, "N_roi": 58, "N_inlier": 56, "refit": true}
{"timestamp": "16:23:33.172755", "frame": 47, "mu": [-0.398876432757052, 1.3401875552239415, -0.2515323459698872], "Sigma": [[0.004162947733024494, -0.0008044845403644374, -0.003814957657624127], [-0.0008044845403644374, 0.004428479792594141, -0.0009410636333685791], [-0.003814957657624127, -0.0009410636333685791, 0.004627639688194687]], "chi2_level": 0.95, "chi2_df": 3, "chi2_threshold": 7.814727903251179, "N_raw": 61, "N_roi": 61, "N_inlier": 58, "refit": true}
{"timestamp": "16:23:33.232661", "frame": 48, "mu": [-0.45527570625309, 1.33663476039591, -0.2509267210313196], "Sigma": [[0.005437862334344228, -0.0020730803326867815, -0.0032759017651271725], [-0.002073080332686781, 0.008761703620802433, -0.000315379793239661], [-0.0032759017651271725, -0.0003153797932396609, 0.002920827144539349]], "chi2_level": 0.95, "chi2_df": 3, "chi2_threshold": 7.814727903251179, "N_raw": 85, "N_roi": 85, "N_inlier": 84, "refit": true}
{"timestamp": "16:23:33.287085", "frame": 49, "mu": [-0.4850593436013487, 1.2159532772294932, 1.3863104710478578], "Sigma": [[0.004155612434844515, -0.002192474236214108, -0.004301695337532731], [-0.0021924742362141075, 0.006990484239864268, -0.00032688719627558323], [-0.004301695337532732, -0.00032688719627558334, 0.013917505293880174]], "chi2_level": 0.95, "chi2_df": 3, "chi2_threshold": 7.814727903251179, "N_raw": 79, "N_roi": 79, "N_inlier": 76, "refit": true}
{"timestamp": "16:23:33.338729", "frame": 50, "mu": [-0.5384170427899179, 1.25607953265281, 1.4426461440684077], "Sigma": [[0.003852969687733243, -0.0007618545851716721, -0.0038859456059339315], [-0.0007618545851716721, 0.002710306736796733, -0.0026453330599690177], [-0.0038859456059339315, -0.0026453330599690177, 0.008734385347628338]], "chi2_level": 0.95, "chi2_df": 3, "chi2_threshold": 7.814727903251179, "N_raw": 61, "N_roi": 61, "N_inlier": 58, "refit": true}
{"timestamp": "16:23:33.394154", "frame": 51, "mu": [-0.5929258625495061, 1.263489342550725, -0.4769800761939266], "Sigma": [[0.0035609381028249977, 0.0001839767020645984, -0.00036197381759768587], [0.00018397670206459846, 0.004376509809964711, -0.0007783747927195097], [-0.00036197381759768587, -0.0007783747927195097, 0.008689955115255684]], "chi2_level": 0.95, "chi2_df": 3, "chi2_threshold": 7.814727903251179, "N_raw": 61, "N_roi": 61, "N_inlier": 56, "refit": true}
{"timestamp": "16:23:33.446476", "frame": 52, "mu": [-0.6218706741905615, 1.3534629927333766, -0.29957232217439933], "Sigma": [[0.0035046294650358284, 0.0025883211185988965, 0.0036704621351016853], [0.0025883211185988965, 0.00863874062139173, 0.003394511103713016], [0.003670462135101686, 0.003394511103713016, 0.013050264189907288]], "chi2_level": 0.95, "chi2_df": 3, "chi2_threshold": 7.814727903251179, "N_raw": 55, "N_roi": 55, "N_inlier": 53, "refit": true}
{"timestamp": "16:23:33.507005", "frame": 53, "mu": [-0.6676041225863933, 1.2515057549592963, -0.43986056631767834], "Sigma": [[0.006409431935910021, -0.00011133760086223996, 0.006201732012737711], [-0.00011133760086223985, 0.012731564432809423, 0.008813993986098789], [0.006201732012737711, 0.008813993986098787, 0.018393741428874053]], "chi2_level": 0.95, "chi2_df": 3, "chi2_threshold": 7.814727903251179, "N_raw": 83, "N_roi": 82, "N_inlier": 80, "refit": true}
{"timestamp": "16:23:33.561100", "frame": 54, "mu": [-0.6839119654059514, 1.295112118899094, -0.38972314535246544], "Sigma": [[0.0054967255523297315, 0.002287297259577818, 0.005649645933402311], [0.002287297259577818, 0.013464741552110051, 0.008644280868371906], [0.005649645933402311, 0.008644280868371906, 0.015060621909959377]], "chi2_level": 0.95, "chi2_df": 3, "chi2_threshold": 7.814727903251179, "N_raw": 78, "N_roi": 78, "N_inlier": 77, "refit": true}
{"timestamp": "16:23:33.614417", "frame": 55, "mu": [-0.7276401038637986, 1.1963769348178472, 1.4121766039935166], "Sigma": [[0.004898369692862627, -0.0008476971278659516, -0.0013868374162286773], [-0.0008476971278659518, 0.008226186062151955, -0.0018250269840160887], [-0.0013868374162286773, -0.0018250269840160887, 0.0015498593882392541]], "chi2_level": 0.95, "chi2_df": 3, "chi2_threshold": 7.814727903251179, "N_raw": 74, "N_roi": 74, "N_inlier": 73, "refit": true}
{"timestamp": "16:23:33.672075", "frame": 56, "mu": [-0.7772916899023116, 1.1960693603944008, 1.4376301954101904], "Sigma": [[0.006324532000198353, -0.0007247023059347874, -0.002869657127001224], [-0.0007247023059347875, 0.009657135655695497, 0.0015327736059613556], [-0.002869657127001224, 0.0015327736059613556, 0.002217603684608006]], "chi2_level": 0.95, "chi2_df": 3, "chi2_threshold": 7.814727903251179, "N_raw": 79, "N_roi": 79, "N_inlier": 71, "refit": true}
{"timestamp": "16:23:33.729440", "frame": 57, "mu": [-0.8652548088411373, 1.188340186869034, 1.5127402748070666], "Sigma": [[0.007665679816961055, -0.0009968518548587085, -0.0019420537013528022], [-0.0009968518548587085, 0.008856253230422885, -0.004212088631397572], [-0.0019420537013528022, -0.0042120886313975715, 0.00449994054553392]], "chi2_level": 0.95, "chi2_df": 3, "chi2_threshold": 7.814727903251179, "N_raw": 102, "N_roi": 102, "N_inlier": 86, "refit": true}
{"timestamp": "16:23:33.787656", "frame": 58, "mu": [-0.8413724952068241, 1.3812367833355979, -0.5912723979323623], "Sigma": [[0.022441364026919684, 0.023660319043460977, -0.06859180466198704], [0.023660319043460977, 0.04744784113475725, -0.1275993022410318], [-0.06859180466198704, -0.1275993022410318, 0.39346594326148926]], "chi2_level": 0.95, "chi2_df": 3, "chi2_threshold": 7.814727903251179, "N_raw": 113, "N_roi": 113, "N_inlier": 100, "refit": true}
{"timestamp": "16:23:33.838906", "frame": 59, "mu": [-0.9821700361787271, 1.0945051494939446, 1.323048467025713], "Sigma": [[0.03735957991026587, 0.022750968005073334, -0.03882899523597748], [0.022750968005073334, 0.024591859649412143, -0.029269807289842867], [-0.03882899523597748, -0.029269807289842867, 0.1282817587946207]], "chi2_level": 0.95, "chi2_df": 3, "chi2_threshold": 7.814727903251179, "N_raw": 96, "N_roi": 96, "N_inlier": 89, "refit": true}
{"timestamp": "16:23:33.894073", "frame": 60, "mu": [-1.0017734249442782, 1.1845607983603945, 1.2675970775803513], "Sigma": [[0.040446190196848655, 0.02102741928169282, -0.09142795677558112], [0.02102741928169282, 0.014519068043397141, -0.04748119084436876], [-0.09142795677558112, -0.04748119084436876, 0.4425402657444352]], "chi2_level": 0.95, "chi2_df": 3, "chi2_threshold": 7.814727903251179, "N_raw": 91, "N_roi": 91, "N_inlier": 89, "refit": true}
{"timestamp": "16:23:33.949961", "frame": 61, "mu": [-1.1386000921018522, 1.1523319053483463, 1.495758595346861], "Sigma": [[0.04311819118024677, 0.02800140559919851, -0.08927922577734737], [0.02800140559919851, 0.023064328756865333, -0.06589245595678704], [-0.08927922577734737, -0.06589245595678705, 0.3571399764535244]], "chi2_level": 0.95, "chi2_df": 3, "chi2_threshold": 7.814727903251179, "N_raw": 102, "N_roi": 102, "N_inlier": 99, "refit": true}
{"timestamp": "16:23:33.996258", "frame": 62, "mu": [-1.1803063184290448, 1.1701284466288753, 1.7257344123213698], "Sigma": [[0.028898650701955624, 0.016278286759915668, -0.018561560808355797], [0.016278286759915668, 0.01106773803362598, -0.012130199309705396], [-0.0185615608083558, -0.012130199309705396, 0.014255556147737523]], "chi2_level": 0.95, "chi2_df": 3, "chi2_threshold": 7.814727903251179, "N_raw": 47, "N_roi": 47, "N_inlier": 45, "refit": true}
{"timestamp": "16:23:34.052831", "frame": 63, "mu": [-1.2416335365385953, 1.1598011314400924, 0.002069016578229084], "Sigma": [[0.02864926628270615, 0.019848947263417203, -0.011648720856694075], [0.019848947263417203, 0.016086459046890957, -0.008212317028730692], [-0.011648720856694076, -0.008212317028730692, 0.00522611403782102]], "chi2_level": 0.95, "chi2_df": 3, "chi2_threshold": 7.814727903251179, "N_raw": 58, "N_roi": 58, "N_inlier": 55, "refit": true}
{"timestamp": "16:23:34.110344", "frame": 64, "mu": [-1.2952034591281982, 1.0520030036685912, 1.587363499676381], "Sigma": [[0.022958869350634157, 0.010944742370618715, -0.011968617168912768], [0.010944742370618713, 0.010789272833455986, -0.0047702677396288745], [-0.011968617168912768, -0.004770267739628874, 0.006780300800658564]], "chi2_level": 0.95, "chi2_df": 3, "chi2_threshold": 7.814727903251179, "N_raw": 76, "N_roi": 76, "N_inlier": 74, "refit": true}
{"timestamp": "16:23:34.162659", "frame": 65, "mu": [-1.1598440053787595, 1.2733949026261135, 1.648459410457463], "Sigma": [[0.012979354497969123, 0.010224365705372836, -0.007134984774833915], [0.010224365705372836, 0.011927448448935495, -0.007221127240502199], [-0.007134984774833915, -0.007221127240502199, 0.005528836942174564]], "chi2_level": 0.95, "chi2_df": 3, "chi2_threshold": 7.814727903251179, "N_raw": 55, "N_roi": 55, "N_inlier": 49, "refit": true}
{"timestamp": "16:23:34.220488", "frame": 66, "mu": [-1.2629201775176455, 1.2144315881826586, 1.713279524784037], "Sigma": [[0.022669488000937627, 0.015275609192866087, -0.009992827232523703], [0.015275609192866087, 0.013861477159290585, -0.009253806582372041], [-0.009992827232523703, -0.009253806582372041, 0.0069137201666597215]], "chi2_level": 0.95, "chi2_df": 3, "chi2_threshold": 7.814727903251179, "N_raw": 75, "N_roi": 75, "N_inlier": 68, "refit": true}
{"timestamp": "16:23:34.278400", "frame": 67, "mu": [-1.2369538586482254, 1.1334155212443933, 1.1249037381506537], "Sigma": [[0.060561794506261986, 0.02862179845401664, -0.1077994904355808], [0.028621798454016648, 0.019596818366383308, -0.040709503166535044], [-0.1077994904355808, -0.040709503166535044, 0.2738093851705478]], "chi2_level": 0.95, "chi2_df": 3, "chi2_threshold": 7.814727903251179, "N_raw": 92, "N_roi": 92, "N_inlier": 91, "refit": true}
{"timestamp": "16:23:34.327959", "frame": 68, "mu": [-1.2607137571786704, 1.2040229853456519, 1.2581342606062982], "Sigma": [[0.07192138376573892, 0.04294425136688847, -0.1335325207112457], [0.04294425136688847, 0.030183372659242827, -0.08107034615461967], [-0.1335325207112457, -0.08107034615461967, 0.30925366235109913]], "chi2_level": 0.95, "chi2_df": 3, "chi2_threshold": 7.814727903251179, "N_raw": 59, "N_roi": 59, "N_inlier": 59, "refit": true}
{"timestamp": "16:23:34.394416", "frame": 69, "mu": [-1.2716207610736159, 1.2929827929236928, 1.371037275785158], "Sigma": [[0.03922136964140421, 0.021253350000175676, -0.051401143946365496], [0.021253350000175676, 0.020976554800972245, -0.03548180754086013], [-0.051401143946365496, -0.03548180754086013, 0.12304195441717902]], "chi2_level": 0.95, "chi2_df": 3, "chi2_threshold": 7.814727903251179, "N_raw": 136, "N_roi": 136, "N_inlier": 135, "refit": true}
{"timestamp": "16:23:34.449604", "frame": 70, "mu": [-1.4230807883322938, 1.1664024867634497, 0.1912203074183752], "Sigma": [[0.04529562459335572, 0.02805907362599827, 0.11404275244000993], [0.02805907362599827, 0.03199506009167882, 0.09980812220697532], [0.11404275244000994, 0.09980812220697532, 0.6936675450696491]], "chi2_level": 0.95, "chi2_df": 3, "chi2_threshold": 7.814727903251179, "N_raw": 126, "N_roi": 126, "N_inlier": 123, "refit": true}
{"timestamp": "16:23:34.503376", "frame": 71, "mu": [-1.3525459213349127, 1.280085901807818, 1.069399360448321], "Sigma": [[0.04841116556117692, 0.027510185412121937, -0.11956749706469431], [0.027510185412121933, 0.026255969486590126, -0.055850086229325545], [-0.11956749706469433, -0.055850086229325545, 0.4352087388674555]], "chi2_level": 0.95, "chi2_df": 3, "chi2_threshold": 7.814727903251179, "N_raw": 125, "N_roi": 125, "N_inlier": 123, "refit": true}
{"timestamp": "16:23:34.546141", "frame": 72, "mu": [-1.3518531269987528, 1.3825050510042713, 1.6931241970381221], "Sigma": [[0.06456980292656397, 0.043544225320273036, -0.07432611134240974], [0.043544225320273036, 0.03567611193627514, -0.05691669327546982], [-0.07432611134240974, -0.05691669327546982, 0.16057683412503387]], "chi2_level": 0.95, "chi2_df": 3, "chi2_threshold": 7.814727903251179, "N_raw": 43, "N_roi": 43, "N_inlier": 39, "refit": true}
{"timestamp": "16:23:34.600638", "frame": 73, "mu": [-1.4269992305391972, 1.3960295323628689, -0.004307407566415754], "Sigma": [[0.07211096723436092, 0.062351168656256756, -0.061266480877399575], [0.062351168656256756, 0.06579356043841333, -0.0727915612123721], [-0.061266480877399575, -0.0727915612123721, 0.11832483969632526]], "chi2_level": 0.95, "chi2_df": 3, "chi2_threshold": 7.814727903251179, "N_raw": 43, "N_roi": 43, "N_inlier": 39, "refit": true}
{"timestamp": "16:23:34.658536", "frame": 74, "mu": [-1.3743121040418367, 1.4588668785776382, 1.7049881475073105], "Sigma": [[0.06474653888291979, 0.04051904479232653, -0.052079083770676715], [0.04051904479232653, 0.03514271542721603, -0.033850754885562974], [-0.052079083770676715, -0.033850754885562974, 0.046549620146851]], "chi2_level": 0.95, "chi2_df": 3, "chi2_threshold": 7.814727903251179, "N_raw": 67, "N_roi": 67, "N_inlier": 65, "refit": true}
{"timestamp": "16:23:34.710546", "frame": 75, "mu": [-1.1702920084805455, 1.5815845452626531, 1.331320841800083], "Sigma": [[0.004229737004833975, 0.0009851870842175025, -0.0035035613632685616], [0.0009851870842175025, 0.0038752418945781, -0.0020153668583088222], [-0.003503561363268561, -0.0020153668583088222, 0.007379029659269635]], "chi2_level": 0.95, "chi2_df": 3, "chi2_threshold": 7.814727903251179, "N_raw": 36, "N_roi": 36, "N_inlier": 34, "refit": true}
{"timestamp": "16:23:34.760246", "frame": 76, "mu": [-1.4118159413179199, 1.5085750142725605, 1.64063857884506], "Sigma": [[0.07047373003119363, 0.04080250636687835, -0.0656307614138909], [0.04080250636687835, 0.026945020203035557, -0.03844201317747113], [-0.0656307614138909, -0.03844201317747114, 0.06200309755805041]], "chi2_level": 0.95, "chi2_df": 3, "chi2_threshold": 7.814727903251179, "N_raw": 18, "N_roi": 18, "N_inlier": 16, "refit": true}
{"timestamp": "16:23:34.820709", "frame": 77, "mu": [-1.2110572551771324, 1.6258557209408495, 1.4070607486831948], "Sigma": [[0.006385714456990142, 0.0003658504880962388, -0.005846698176313172], [0.0003658504880962389, 0.0069408421320772086, -0.0010877655707846466], [-0.005846698176313172, -0.0010877655707846468, 0.006700992822049248]], "chi2_level": 0.95, "chi2_df": 3, "chi2_threshold": 7.814727903251179, "N_raw": 52, "N_roi": 52, "N_inlier": 51, "refit": true}
{"timestamp": "16:23:34.875877", "frame": 78, "mu": [-1.2611288381569252, 1.6436735313897803, 1.3460305083561879], "Sigma": [[0.006959922812005155, 0.0008967387642084379, -0.004037834099639165], [0.000896738764208438, 0.00416606484838557, -0.004200752678321589], [-0.004037834099639165, -0.004200752678321589, 0.0073934782000309495]], "chi2_level": 0.95, "chi2_df": 3, "chi2_threshold": 7.814727903251179, "N_raw": 50, "N_roi": 50, "N_inlier": 49, "refit": true}
{"timestamp": "16:23:34.929892", "frame": 79, "mu": [-1.2386531661091535, 1.6636378087843913, 1.2989195284327413], "Sigma": [[0.008392779522407991, -0.0021796223138783287, -0.02116255145269827], [-0.0021796223138783287, 0.006533842276587058, 0.016367169725399977], [-0.021162551452698262, 0.016367169725399977, 0.13666152297949313]], "chi2_level": 0.95, "chi2_df": 3, "chi2_threshold": 7.814727903251179, "N_raw": 46, "N_roi": 46, "N_inlier": 44, "refit": true}
{"timestamp": "16:23:34.985307", "frame": 80, "mu": [-1.2695272609312998, 1.7343883176652557, 1.4665895549656003], "Sigma": [[0.006924410015928678, -0.0008704003939713515, -0.006564386517567756], [-0.0008704003939713515, 0.005213671455041661, 0.002114498486760917], [-0.006564386517567756, 0.002114498486760917, 0.0070048952434355535]], "chi2_level": 0.95, "chi2_df": 3, "chi2_threshold": 7.814727903251179, "N_raw": 39, "N_roi": 39, "N_inlier": 34, "refit": true}
{"timestamp": "16:23:35.041239", "frame": 81, "mu": [-1.229780873300281, 1.7997561327171312, 1.3002018340026011], "Sigma": [[0.0055518253888523, 0.001330996463872116, -0.005236117890205385], [0.001330996463872116, 0.004447994595754723, -0.0003762890639585812], [-0.005236117890205385, -0.000376289063958581, 0.03783615494458369]], "chi2_level": 0.95, "chi2_df": 3, "chi2_threshold": 7.814727903251179, "N_raw": 48, "N_roi": 48, "N_inlier": 43, "refit": true}
{"timestamp": "16:23:35.095127", "frame": 82, "mu": [-1.2291419729578483, 1.75616155272216, 1.0603143490729674], "Sigma": [[0.00550125655036487, -0.0007010413510976812, -0.013784488689828085], [-0.0007010413510976813, 0.0036034397184878464, 0.017513801661884144], [-0.013784488689828085, 0.017513801661884147, 0.2917286311432833]], "chi2_level": 0.95, "chi2_df": 3, "chi2_threshold": 7.814727903251179, "N_raw": 41, "N_roi": 41, "N_inlier": 34, "refit": true}
{"timestamp": "16:23:35.147447", "frame": 83, "mu": [-1.41184681444019, 1.764686089651499, 0.9385202462066093], "Sigma": [[0.0895239570592326, 0.04362318760456836, -0.16486980588832467], [0.04362318760456837, 0.05039164068374161, -0.10865579317713911], [-0.16486980588832464, -0.10865579317713911, 0.548240828358656]], "chi2_level": 0.95, "chi2_df": 3, "chi2_threshold": 7.814727903251179, "N_raw": 26, "N_roi": 26, "N_inlier": 26, "refit": true}
{"timestamp": "16:23:35.204051", "frame": 84, "mu": [-1.366788620774922, 1.9000864367245223, 1.281823965648921], "Sigma": [[0.009743541610739, -0.0011983108643287192, -0.003064209352341758], [-0.001198310864328719, 0.0035314411459002153, -0.0013228514271586935], [-0.003064209352341758, -0.0013228514271586935, 0.07517856576881021]], "chi2_level": 0.95, "chi2_df": 3, "chi2_threshold": 7.814727903251179, "N_raw": 34, "N_roi": 34, "N_inlier": 32, "refit": true}
{"timestamp": "16:23:35.258302", "frame": 85, "mu": [-1.34055577072258, 1.9912440245325551, 1.145973579654703], "Sigma": [[0.004726133872169573, -0.00019626400634945243, -0.011825191651895809], [-0.00019626400634945252, 0.002169023854204655, 0.002740871265471247], [-0.011825191651895809, 0.0027408712654712463, 0.11390523929420458]], "chi2_level": 0.95, "chi2_df": 3, "chi2_threshold": 7.814727903251179, "N_raw": 25, "N_roi": 25, "N_inlier": 23, "refit": true}
{"timestamp": "16:23:35.315424", "frame": 86, "mu": [-1.313939414851502, 1.9217634570941164, 1.3344744401383979], "Sigma": [[0.006342172365660189, 0.0009470526895531289, -0.003322502948463242], [0.0009470526895531289, 0.0037352387674063677, -0.0022636625359776065], [-0.003322502948463242, -0.0022636625359776065, 0.05630403741703397]], "chi2_level": 0.95, "chi2_df": 3, "chi2_threshold": 7.814727903251179, "N_raw": 42, "N_roi": 42, "N_inlier": 37, "refit": true}
{"timestamp": "16:23:35.374177", "frame": 87, "mu": [-1.329016929977808, 2.1428341551273724, -0.29875998079413923], "Sigma": [[0.008189762780677018, 0.005531389889484926, -0.014275299223342731], [0.005531389889484926, 0.03720010864724865, -0.07075397661897498], [-0.014275299223342731, -0.07075397661897498, 0.1585082760609804]], "chi2_level": 0.95, "chi2_df": 3, "chi2_threshold": 7.814727903251179, "N_raw": 64, "N_roi": 64, "N_inlier": 61, "refit": true}
{"timestamp": "16:23:35.427592", "frame": 88, "mu": [-1.4274618205419067, 2.0451993319096693, -0.1331612704895091], "Sigma": [[0.01753788185306428, 0.003508190756719497, 0.008990841194798335], [0.003508190756719497, 0.0059093723707916304, 0.009598512076819901], [0.008990841194798335, 0.0095985120768199, 0.034523966583913636]], "chi2_level": 0.95, "chi2_df": 3, "chi2_threshold": 7.814727903251179, "N_raw": 58, "N_roi": 58, "N_inlier": 54, "refit": true}
{"timestamp": "16:23:35.483458", "frame": 89, "mu": [-1.391759228598024, 2.0419234425246846, 1.4830262378345125], "Sigma": [[0.01923237126871962, -0.002708459271309652, -0.017580703438078465], [-0.002708459271309652, 0.006578378830798109, 0.002646481252915746], [-0.017580703438078465, 0.002646481252915746, 0.016815015470675758]], "chi2_level": 0.95, "chi2_df": 3, "chi2_threshold": 7.814727903251179, "N_raw": 68, "N_roi": 68, "N_inlier": 67, "refit": true}
{"timestamp": "16:23:35.542158", "frame": 90, "mu": [-1.4076348167298778, 2.0896389652340157, 1.4791185176260475], "Sigma": [[0.013059973738572763, -0.002017998647851159, -0.010625448310755455], [-0.0020179986478511586, 0.0069638279095248935, 0.0009815572139524043], [-0.010625448310755457, 0.0009815572139524047, 0.01331956891352801]], "chi2_level": 0.95, "chi2_df": 3, "chi2_threshold": 7.814727903251179, "N_raw": 63, "N_roi": 63, "N_inlier": 59, "refit": true}
{"timestamp": "16:23:35.595468", "frame": 91, "mu": [-1.3722686817385052, 2.1369481746703847, 1.4416790753790603], "Sigma": [[0.014411769199680137, -0.0013056056739118925, -0.01305724094291237], [-0.0013056056739118925, 0.009244028185798406, -0.0010554155347024083], [-0.013057240942912371, -0.0010554155347024083, 0.014911436357845068]], "chi2_level": 0.95, "chi2_df": 3, "chi2_threshold": 7.814727903251179, "N_raw": 73, "N_roi": 73, "N_inlier": 71, "refit": true}
{"timestamp": "16:23:35.656690", "frame": 92, "mu": [-1.3713086598336324, 2.2917809764597696, -0.0429282814252189], "Sigma": [[0.013696482333884727, -2.1396554813715393e-05, -0.0021250481172855338], [-2.1396554813715176e-05, 0.009932795562863203, -0.008150998266876836], [-0.0021250481172855338, -0.008150998266876836, 0.06740039587246702]], "chi2_level": 0.95, "chi2_df": 3, "chi2_threshold": 7.814727903251179, "N_raw": 82, "N_roi": 82, "N_inlier": 77, "refit": true}
{"timestamp": "16:23:35.707028", "frame": 93, "mu": [-1.3498826234875552, 2.215957929780112, 1.242416243442316], "Sigma": [[0.012368065028344033, 0.0006018123652248119, -3.562036660550476e-05], [0.000601812365224812, 0.004814010584358732, -0.007568599242350986], [-3.562036660550424e-05, -0.007568599242350986, 0.03381699954149259]], "chi2_level": 0.95, "chi2_df": 3, "chi2_threshold": 7.814727903251179, "N_raw": 83, "N_roi": 83, "N_inlier": 81, "refit": true}
{"timestamp": "16:23:35.763069", "frame": 94, "mu": [-1.334751612336046, 2.3374023551762866, -0.042075891944710196], "Sigma": [[0.017046590594844938, 0.0006189261599989273, 0.047930829931674634], [0.0006189261599989271, 0.009998305816674671, 0.002167956856547734], [0.047930829931674634, 0.0021679568565477333, 0.27158365302818105]], "chi2_level": 0.95, "chi2_df": 3, "chi2_threshold": 7.814727903251179, "N_raw": 83, "N_roi": 83, "N_inlier": 82, "refit": true}
{"timestamp": "16:23:35.815399", "frame": 95, "mu": [-1.434785512264851, 2.3490909920215817, 0.1918115693920767], "Sigma": [[0.01482208036193974, 0.006210352300500455, -0.013322246420563916], [0.006210352300500453, 0.012033900383603241, -0.011108875651927384], [-0.013322246420563916, -0.011108875651927384, 0.016853694664110484]], "chi2_level": 0.95, "chi2_df": 3, "chi2_threshold": 7.814727903251179, "N_raw": 70, "N_roi": 70, "N_inlier": 67, "refit": true}
{"timestamp": "16:23:35.870010", "frame": 96, "mu": [-1.3871420915102828, 2.33380824152921, 1.5702167447495425], "Sigma": [[0.015121506771810149, 0.0024521507117945263, -0.011721133649982049], [0.0024521507117945254, 0.006267013755093208, -0.002684515512912954], [-0.011721133649982049, -0.0026845155129129545, 0.009853884617657018]], "chi2_level": 0.95, "chi2_df": 3, "chi2_threshold": 7.814727903251179, "N_raw": 63, "N_roi": 63, "N_inlier": 58, "refit": true}
