{"timestamp": "15:23:54.448216", "frame": 21, "mu": [2.32896113288859, 4.924456155598229, 1.1313904854992702], "Sigma": [[0.012057297066818231, -0.004670227579676457, -0.005960368305906097], [-0.004670227579676457, 0.003005552346731222, 0.001316701178120985], [-0.005960368305906097, 0.001316701178120985, 0.005977042565154891]], "chi2_level": 0.95, "chi2_df": 3, "chi2_threshold": 7.814727903251179, "N_raw": 22, "N_roi": 11, "N_inlier": 11, "refit": true}
{"timestamp": "15:23:54.558298", "frame": 23, "mu": [2.3080310255679066, 4.932331488049252, 1.06703177980769], "Sigma": [[0.01021024843515198, -0.0035714914518082666, -0.00019977413559431367], [-0.0035714914518082657, 0.002142360775553393, -0.00036098038587891097], [-0.00019977413559431367, -0.00036098038587891097, 0.0005112063808911027]], "chi2_level": 0.95, "chi2_df": 3, "chi2_threshold": 7.814727903251179, "N_raw": 22, "N_roi": 11, "N_inlier": 10, "refit": true}
{"timestamp": "15:23:54.890631", "frame": 29, "mu": [2.1797776032549705, 4.810693749724809, 0.7781399748217889], "Sigma": [[0.030022744142905317, -0.016826489054476722, -0.027489347755953724], [-0.016826489054476722, 0.011244507298936824, 0.013092882678852547], [-0.027489347755953724, 0.013092882678852547, 0.033647976395485335]], "chi2_level": 0.95, "chi2_df": 3, "chi2_threshold": 7.814727903251179, "N_raw": 39, "N_roi": 32, "N_inlier": 32, "refit": true}
{"timestamp": "15:23:55.000105", "frame": 31, "mu": [2.2652684195682995, 4.75644546479728, 0.48321753728923056], "Sigma": [[0.010145001274458776, -0.007761569522481462, -0.006940582898052855], [-0.007761569522481462, 0.015685588791363354, 0.015405166460766341], [-0.006940582898052855, 0.015405166460766343, 0.016619349555708478]], "chi2_level": 0.95, "chi2_df": 3, "chi2_threshold": 7.814727903251179, "N_raw": 26, "N_roi": 18, "N_inlier": 17, "refit": true}
{"timestamp": "15:23:55.058421", "frame": 32, "mu": [2.2111212445296733, 4.723445323938418, 0.5222859543810344], "Sigma": [[0.02048387637601841, -0.012656540647866378, -0.005120079488578349], [-0.012656540647866378, 0.016574086835484038, 0.009011940142723013], [-0.005120079488578349, 0.009011940142723013, 0.007076029359865757]], "chi2_level": 0.95, "chi2_df": 3, "chi2_threshold": 7.814727903251179, "N_raw": 41, "N_roi": 36, "N_inlier": 34, "refit": true}
{"timestamp": "15:23:55.112331", "frame": 33, "mu": [2.119073833719803, 4.737975404830014, 0.6124086982857736], "Sigma": [[0.021702300545008872, -0.01373706968534541, -0.011110590521028463], [-0.01373706968534541, 0.01286887942152485, 0.0072903007510170675], [-0.011110590521028463, 0.007290300751017069, 0.008323715084550912]], "chi2_level": 0.95, "chi2_df": 3, "chi2_threshold": 7.814727903251179, "N_raw": 35, "N_roi": 33, "N_inlier": 32, "refit": true}
{"timestamp": "15:23:55.164976", "frame": 34, "mu": [2.147937806192127, 4.794216206026091, -0.4591977579933106], "Sigma": [[0.013280335634813213, 0.00033260053147104985, 0.034379409830090225], [0.0003326005314710499, 0.00707195770831772, 0.019864585841144897], [0.03437940983009023, 0.019864585841144897, 0.2588498195519556]], "chi2_level": 0.95, "chi2_df": 3, "chi2_threshold": 7.814727903251179, "N_raw": 25, "N_roi": 23, "N_inlier": 22, "refit": true}
{"timestamp": "15:23:55.277161", "frame": 36, "mu": [2.053603022183671, 4.624104312188313, 0.7561345594177119], "Sigma": [[0.016824933832613412, -0.009914957466230927, -0.0031995538974109654], [-0.009914957466230927, 0.0089429841795281, -0.003960920705406654], [-0.0031995538974109654, -0.003960920705406654, 0.02221505402062895]], "chi2_level": 0.95, "chi2_df": 3, "chi2_threshold": 7.814727903251179, "N_raw": 37, "N_roi": 35, "N_inlier": 34, "refit": true}
{"timestamp": "15:23:55.331469", "frame": 37, "mu": [1.9479921259509303, 4.709117349060329, 0.682266382949257], "Sigma": [[0.02054377039701176, -0.010348337414532574, -0.0031864203518248884], [-0.010348337414532574, 0.007491618580219182, 0.0007576172697705344], [-0.0031864203518248884, 0.0007576172697705344, 0.002048339819704883]], "chi2_level": 0.95, "chi2_df": 3, "chi2_threshold": 7.814727903251179, "N_raw": 31, "N_roi": 29, "N_inlier": 25, "refit": true}
{"timestamp": "15:23:55.386403", "frame": 38, "mu": [2.04188064150813, 4.480579247596339, 0.6432687473145186], "Sigma": [[0.015489774443265525, -0.008238592525496725, -0.0035458453625675456], [-0.008238592525496725, 0.005456701478380273, -0.0006214813835283258], [-0.0035458453625675456, -0.0006214813835283258, 0.025768123552909035]], "chi2_level": 0.95, "chi2_df": 3, "chi2_threshold": 7.814727903251179, "N_raw": 27, "N_roi": 27, "N_inlier": 26, "refit": true}
{"timestamp": "15:23:55.442380", "frame": 39, "mu": [1.9635222213295138, 4.636880087952706, -0.6518524710218538], "Sigma": [[0.017430209457512773, 0.0006250823693887729, 0.05936296835675068], [0.000625082369388773, 0.005369389336445399, 0.016313604042696005], [0.05936296835675069, 0.01631360404269601, 0.32491027856924987]], "chi2_level": 0.95, "chi2_df": 3, "chi2_threshold": 7.814727903251179, "N_raw": 29, "N_roi": 29, "N_inlier": 29, "refit": true}
{"timestamp": "15:23:55.498224", "frame": 40, "mu": [1.903279730553473, 4.6595377455322495, -0.27626086395417077], "Sigma": [[0.02650712754802114, -0.01340628613563227, -0.007896804255305603], [-0.01340628613563227, 0.01067354686715345, -0.0006849742700112892], [-0.007896804255305603, -0.000684974270011289, 0.026996452190266855]], "chi2_level": 0.95, "chi2_df": 3, "chi2_threshold": 7.814727903251179, "N_raw": 41, "N_roi": 41, "N_inlier": 39, "refit": true}
{"timestamp": "15:23:55.610227", "frame": 42, "mu": [1.8129886141238365, 4.45925998322655, 0.6411141843707588], "Sigma": [[0.025533526921132865, -0.012393328693711174, -0.005809039266114231], [-0.012393328693711174, 0.01621088232809259, 0.006273273882182496], [-0.0058090392661142316, 0.006273273882182496, 0.006156290934641884]], "chi2_level": 0.95, "chi2_df": 3, "chi2_threshold": 7.814727903251179, "N_raw": 57, "N_roi": 55, "N_inlier": 53, "refit": true}
{"timestamp": "15:23:55.666392", "frame": 43, "mu": [1.8470277107727924, 4.505813178050843, -0.22858000916421561], "Sigma": [[0.021450374918294032, -0.0062127558870171875, -0.012155928426178998], [-0.006212755887017189, 0.00864238690624373, -0.015254394687896035], [-0.012155928426178998, -0.015254394687896035, 0.06449010199058469]], "chi2_level": 0.95, "chi2_df": 3, "chi2_threshold": 7.814727903251179, "N_raw": 56, "N_roi": 54, "N_inlier": 50, "refit": true}
{"timestamp": "15:23:55.718461", "frame": 44, "mu": [1.8071900063480677, 4.209645648969451, 0.4148248858753527], "Sigma": [[0.017964348661489483, -0.007727424919636294, -0.007861196576832754], [-0.007727424919636294, 0.00515532082117104, 0.012314922782714972], [-0.007861196576832756, 0.012314922782714972, 0.11554967733347987]], "chi2_level": 0.95, "chi2_df": 3, "chi2_threshold": 7.814727903251179, "N_raw": 35, "N_roi": 31, "N_inlier": 30, "refit": true}
{"timestamp": "15:23:55.773986", "frame": 45, "mu": [1.8139245945780018, 4.162815034283154, 0.6046410024087077], "Sigma": [[0.014952481943467008, -0.006623148822386732, -0.0027388393407966755], [-0.006623148822386732, 0.003125377467675047, 0.003629821698340192], [-0.0027388393407966755, 0.003629821698340192, 0.0740758108489871]], "chi2_level": 0.95, "chi2_df": 3, "chi2_threshold": 7.814727903251179, "N_raw": 42, "N_roi": 37, "N_inlier": 36, "refit": true}
{"timestamp": "15:23:55.825834", "frame": 46, "mu": [1.753397891304923, 4.179385664141605, 0.7692603947574745], "Sigma": [[0.006751442484470409, -0.0041272663252155005, -0.005057681123130214], [-0.004127266325215501, 0.002775705284141381, 0.0024253990778624187], [-0.005057681123130215, 0.0024253990778624187, 0.023584902963673]], "chi2_level": 0.95, "chi2_df": 3, "chi2_threshold": 7.814727903251179, "N_raw": 21, "N_roi": 15, "N_inlier": 14, "refit": true}
{"timestamp": "15:23:55.936875", "frame": 48, "mu": [1.5916061729860937, 4.114649280638965, 0.5039575987858292], "Sigma": [[0.01618095934660759, -0.008455882099082573, -0.0032129988729145097], [-0.008455882099082573, 0.00606711443580401, 0.000325966989647145], [-0.0032129988729145097, 0.0003259669896471451, 0.003765831456095798]], "chi2_level": 0.95, "chi2_df": 3, "chi2_threshold": 7.814727903251179, "N_raw": 30, "N_roi": 27, "N_inlier": 25, "refit": true}
{"timestamp": "15:23:55.993839", "frame": 49, "mu": [1.6715940401346205, 4.029513119152938, 0.6166140510945272], "Sigma": [[0.022306114321846697, -0.011378685668678445, -0.009591550844522602], [-0.011378685668678445, 0.00843938021974264, 0.0019300418664198616], [-0.009591550844522602, 0.0019300418664198614, 0.014308109583065397]], "chi2_level": 0.95, "chi2_df": 3, "chi2_threshold": 7.814727903251179, "N_raw": 46, "N_roi": 46, "N_inlier": 44, "refit": true}
{"timestamp": "15:23:56.047393", "frame": 50, "mu": [1.5910244668651727, 3.9643116639329143, 0.6214893408046653], "Sigma": [[0.025932022434289534, -0.015869721817125787, -0.03178584281606043], [-0.015869721817125787, 0.010952654374225297, 0.01889921144964128], [-0.031785842816060436, 0.018899211449641285, 0.05899531697672568]], "chi2_level": 0.95, "chi2_df": 3, "chi2_threshold": 7.814727903251179, "N_raw": 33, "N_roi": 33, "N_inlier": 32, "refit": true}
{"timestamp": "15:23:56.098989", "frame": 51, "mu": [1.5632479826398875, 3.9599456859306015, 0.7393579095112514], "Sigma": [[0.009272313437756382, -0.0049053047878760934, -0.024934829043283285], [-0.0049053047878760934, 0.00504325022372439, 0.009827929488557291], [-0.024934829043283285, 0.009827929488557291, 0.07580861376483349]], "chi2_level": 0.95, "chi2_df": 3, "chi2_threshold": 7.814727903251179, "N_raw": 10, "N_roi": 10, "N_inlier": 8, "refit": true}
{"timestamp": "15:23:56.157221", "frame": 52, "mu": [1.4613521003412298, 4.185423853884307, -0.33490011383652973], "Sigma": [[0.015278491780628295, -0.009496382435280795, -0.006501128778158729], [-0.009496382435280795, 0.011400286857056376, 0.005699320710861806], [-0.00650112877815873, 0.005699320710861805, 0.004671607760964071]], "chi2_level": 0.95, "chi2_df": 3, "chi2_threshold": 7.814727903251179, "N_raw": 36, "N_roi": 36, "N_inlier": 34, "refit": true}
{"timestamp": "15:23:56.211415", "frame": 53, "mu": [1.3609148397725317, 4.090974922948947, 0.7323773323964822], "Sigma": [[0.016693310107555658, -0.009464141717035236, -0.004096108980212343], [-0.009464141717035236, 0.010405493314684195, -0.0014258141126658119], [-0.004096108980212343, -0.0014258141126658125, 0.009103544961860171]], "chi2_level": 0.95, "chi2_df": 3, "chi2_threshold": 7.814727903251179, "N_raw": 26, "N_roi": 26, "N_inlier": 24, "refit": true}
{"timestamp": "15:23:56.269338", "frame": 54, "mu": [1.4749778893744712, 3.814790348170133, 0.5854464502971881], "Sigma": [[0.025047948000195212, -0.008836422090491059, -0.006339468356467211], [-0.008836422090491059, 0.006179858175067895, 0.0002440188841258894], [-0.006339468356467211, 0.00024401888412588896, 0.008036448072079141]], "chi2_level": 0.95, "chi2_df": 3, "chi2_threshold": 7.814727903251179, "N_raw": 51, "N_roi": 51, "N_inlier": 47, "refit": true}
{"timestamp": "15:23:56.322623", "frame": 55, "mu": [1.245582111537071, 3.8758163054604555, 0.832678740899189], "Sigma": [[0.015559338330028703, -0.0076984054839430525, 0.009921270338274122], [-0.0076984054839430525, 0.009585303907180046, -0.010948015429373657], [0.009921270338274122, -0.010948015429373655, 0.09403972864125465]], "chi2_level": 0.95, "chi2_df": 3, "chi2_threshold": 7.814727903251179, "N_raw": 35, "N_roi": 35, "N_inlier": 33, "refit": true}
{"timestamp": "15:23:56.380421", "frame": 56, "mu": [1.2954273292418554, 3.8066399143268996, 0.6330037830362529], "Sigma": [[0.02021373540814675, -0.009147059441822095, 0.006093336039775437], [-0.009147059441822095, 0.006848452094902203, -0.006340286278106876], [0.006093336039775437, -0.006340286278106876, 0.01919996404139525]], "chi2_level": 0.95, "chi2_df": 3, "chi2_threshold": 7.814727903251179, "N_raw": 50, "N_roi": 50, "N_inlier": 45, "refit": true}
{"timestamp": "15:23:56.429992", "frame": 57, "mu": [1.219283001992588, 3.7969284715586396, 0.6347659846863761], "Sigma": [[0.009706493783336427, -0.005765522890617306, -0.004373947598188695], [-0.005765522890617306, 0.008373559642363377, -0.0026706227420478105], [-0.004373947598188695, -0.002670622742047812, 0.12059530011386943]], "chi2_level": 0.95, "chi2_df": 3, "chi2_threshold": 7.814727903251179, "N_raw": 17, "N_roi": 17, "N_inlier": 16, "refit": true}
{"timestamp": "15:23:56.484279", "frame": 58, "mu": [1.2243224470391647, 3.6390743938122947, 0.6401930842438759], "Sigma": [[0.011888045881624839, -0.007038417293521237, -0.0006760768477122702], [-0.007038417293521236, 0.006652703404664261, 0.0002894873847270533], [-0.0006760768477122702, 0.0002894873847270533, 0.0005737570068026633]], "chi2_level": 0.95, "chi2_df": 3, "chi2_threshold": 7.814727903251179, "N_raw": 19, "N_roi": 19, "N_inlier": 17, "refit": true}
{"timestamp": "15:23:56.545306", "frame": 59, "mu": [1.0689652904806668, 3.853652954184116, -0.709302042630749], "Sigma": [[0.01399965200388579, 0.002067394401655146, 0.028177986686336847], [0.0020673944016551464, 0.01255631604940232, -0.00939082220703961], [0.028177986686336847, -0.009390822207039611, 0.27334232584302914]], "chi2_level": 0.95, "chi2_df": 3, "chi2_threshold": 7.814727903251179, "N_raw": 46, "N_roi": 45, "N_inlier": 44, "refit": true}
{"timestamp": "15:23:56.602097", "frame": 60, "mu": [1.102986252854018, 3.6799533385986534, 0.35357756760510756], "Sigma": [[0.022021329248751376, -0.015718731500270623, -0.026085779642454003], [-0.01571873150027062, 0.01794544770867608, 0.009417911531959415], [-0.026085779642454003, 0.009417911531959415, 0.2669339781061419]], "chi2_level": 0.95, "chi2_df": 3, "chi2_threshold": 7.814727903251179, "N_raw": 60, "N_roi": 60, "N_inlier": 59, "refit": true}
{"timestamp": "15:23:56.662739", "frame": 61, "mu": [0.9718437516575286, 3.685102703413097, 0.93704110107051], "Sigma": [[0.02127855406871027, -0.013438572881182203, -0.016571118267290044], [-0.013438572881182203, 0.02119537312800574, -0.004509832862777839], [-0.016571118267290044, -0.004509832862777839, 0.07591672478197775]], "chi2_level": 0.95, "chi2_df": 3, "chi2_threshold": 7.814727903251179, "N_raw": 94, "N_roi": 93, "N_inlier": 90, "refit": true}
{"timestamp": "15:23:56.715209", "frame": 62, "mu": [0.9367637581787462, 3.598688750832067, 0.7956031609916872], "Sigma": [[0.01473749007395078, -0.005341312189023747, -0.004956813769948356], [-0.005341312189023747, 0.01058195076341774, -0.0036945952876199367], [-0.004956813769948357, -0.0036945952876199363, 0.1209899070159714]], "chi2_level": 0.95, "chi2_df": 3, "chi2_threshold": 7.814727903251179, "N_raw": 72, "N_roi": 69, "N_inlier": 66, "refit": true}
{"timestamp": "15:23:56.769682", "frame": 63, "mu": [0.9505970317122772, 3.492657403047887, 0.8168788786773299], "Sigma": [[0.022596068944904932, -0.009279668569740485, 0.005254906448556519], [-0.009279668569740485, 0.004750466398462365, -0.005408386736240656], [0.005254906448556518, -0.005408386736240656, 0.0880602745636378]], "chi2_level": 0.95, "chi2_df": 3, "chi2_threshold": 7.814727903251179, "N_raw": 81, "N_roi": 81, "N_inlier": 77, "refit": true}
{"timestamp": "15:23:56.827310", "frame": 64, "mu": [0.9232327865505787, 3.4437612180516104, 0.781671915139549], "Sigma": [[0.027495550086166456, -0.017179231546129145, -0.011082833904065678], [-0.017179231546129145, 0.014110354249036462, -0.0017110424363745668], [-0.01108283390406568, -0.0017110424363745663, 0.09387186180059373]], "chi2_level": 0.95, "chi2_df": 3, "chi2_threshold": 7.814727903251179, "N_raw": 94, "N_roi": 91, "N_inlier": 89, "refit": true}
{"timestamp": "15:23:56.876173", "frame": 65, "mu": [0.8306299525787084, 3.4788378369444968, 0.5752752611428732], "Sigma": [[0.024080480237162402, -0.008037683297003544, -0.005234585134973664], [-0.008037683297003542, 0.004528014880872661, 6.511336281307648e-05], [-0.005234585134973664, 6.511336281307652e-05, 0.005263024466458423]], "chi2_level": 0.95, "chi2_df": 3, "chi2_threshold": 7.814727903251179, "N_raw": 50, "N_roi": 50, "N_inlier": 46, "refit": true}
{"timestamp": "15:23:56.937076", "frame": 66, "mu": [0.8338023536193436, 3.3405872466231243, 0.7138301640646685], "Sigma": [[0.020018646618440838, -0.007244260084653396, -0.002406701306078635], [-0.007244260084653396, 0.0050175701829254645, -0.009999786385836458], [-0.0024067013060786353, -0.00999978638583646, 0.09928786603902667]], "chi2_level": 0.95, "chi2_df": 3, "chi2_threshold": 7.814727903251179, "N_raw": 100, "N_roi": 100, "N_inlier": 94, "refit": true}
{"timestamp": "15:23:56.990971", "frame": 67, "mu": [0.7583271388158387, 3.0595276154720423, 0.2970272157100508], "Sigma": [[0.01720756004598122, -0.023230175365117126, -0.030413031322269243], [-0.02323017536511713, 0.6654712873342855, 0.6004378219004322], [-0.030413031322269243, 0.600437821900432, 0.7376313417341195]], "chi2_level": 0.95, "chi2_df": 3, "chi2_threshold": 7.814727903251179, "N_raw": 89, "N_roi": 86, "N_inlier": 83, "refit": true}
{"timestamp": "15:23:57.047698", "frame": 68, "mu": [0.6489618142306172, 3.3014460968253507, 0.8647680470860266], "Sigma": [[0.018588650195385005, -0.006235875649496051, -0.01477525033187138], [-0.006235875649496051, 0.004165006906062197, 0.0002934352623783123], [-0.014775250331871381, 0.0002934352623783123, 0.1700378957042327]], "chi2_level": 0.95, "chi2_df": 3, "chi2_threshold": 7.814727903251179, "N_raw": 101, "N_roi": 97, "N_inlier": 96, "refit": true}
{"timestamp": "15:23:57.101291", "frame": 69, "mu": [0.6410850650291386, 3.268360689633338, 1.0250642819053921], "Sigma": [[0.023131177974875704, -0.0038616486233007145, -0.02307550652576147], [-0.0038616486233007145, 0.0028266754177199522, -0.003188866535816632], [-0.023075506525761468, -0.003188866535816632, 0.09893804683933918]], "chi2_level": 0.95, "chi2_df": 3, "chi2_threshold": 7.814727903251179, "N_raw": 94, "N_roi": 92, "N_inlier": 90, "refit": true}
{"timestamp": "15:23:57.155176", "frame": 70, "mu": [0.6091455186374464, 3.222608175183605, 1.0470521627945946], "Sigma": [[0.021419296025768364, -0.006946634511492626, -0.02958969160509687], [-0.0069466345114926244, 0.004284758822209901, 0.0039049947978119334], [-0.02958969160509687, 0.003904994797811933, 0.08059351568080497]], "chi2_level": 0.95, "chi2_df": 3, "chi2_threshold": 7.814727903251179, "N_raw": 86, "N_roi": 83, "N_inlier": 79, "refit": true}
{"timestamp": "15:23:57.209436", "frame": 71, "mu": [0.5986524462361097, 3.1533941500614664, 1.0149747959208482], "Sigma": [[0.02512212602166158, -0.007700253134700703, -0.04406034285290042], [-0.007700253134700703, 0.004649883810237739, 0.009502949474397861], [-0.04406034285290042, 0.009502949474397861, 0.11506203630029593]], "chi2_level": 0.95, "chi2_df": 3, "chi2_threshold": 7.814727903251179, "N_raw": 84, "N_roi": 83, "N_inlier": 79, "refit": true}
{"timestamp": "15:23:57.265688", "frame": 72, "mu": [0.5139701846274332, 3.1008870916892, 0.9848378096745898], "Sigma": [[0.021187713713327446, -0.005255436181214006, -0.04139289500195806], [-0.005255436181214006, 0.005143595774073722, 0.011856796812672083], [-0.04139289500195806, 0.011856796812672082, 0.20766154970765746]], "chi2_level": 0.95, "chi2_df": 3, "chi2_threshold": 7.814727903251179, "N_raw": 83, "N_roi": 83, "N_inlier": 81, "refit": true}
{"timestamp": "15:23:57.327233", "frame": 73, "mu": [0.42929190920169996, 3.189268623039022, 1.0736874527538658], "Sigma": [[0.02059794895776678, -0.009146968489221231, -0.015140111381856832], [-0.009146968489221231, 0.012069503576386318, -0.012448905369686817], [-0.015140111381856832, -0.012448905369686817, 0.07723667060059142]], "chi2_level": 0.95, "chi2_df": 3, "chi2_threshold": 7.814727903251179, "N_raw": 111, "N_roi": 111, "N_inlier": 106, "refit": true}
{"timestamp": "15:23:57.381434", "frame": 74, "mu": [0.39947350785618807, 3.1474309108306517, 0.7400287539349462], "Sigma": [[0.020418504661507304, -0.003597921215718828, -0.0400422705778944], [-0.003597921215718828, 0.01217431707470688, -0.014317666647859167], [-0.04004227057789439, -0.014317666647859169, 0.2963640678194742]], "chi2_level": 0.95, "chi2_df": 3, "chi2_threshold": 7.814727903251179, "N_raw": 125, "N_roi": 123, "N_inlier": 120, "refit": true}
{"timestamp": "15:23:57.431753", "frame": 75, "mu": [0.42853200489307974, 3.0818771912074663, 0.6167185706349105], "Sigma": [[0.024899825321481196, -0.006533281893588127, -0.04655302210984784], [-0.006533281893588127, 0.010001774333729592, -0.005990208884723727], [-0.04655302210984784, -0.005990208884723728, 0.23315271644842833]], "chi2_level": 0.95, "chi2_df": 3, "chi2_threshold": 7.814727903251179, "N_raw": 89, "N_roi": 89, "N_inlier": 88, "refit": true}
{"timestamp": "15:23:57.484006", "frame": 76, "mu": [0.385705899964939, 3.004824262873641, 0.916976834103634], "Sigma": [[0.03065769516613083, -0.010512716386519131, -0.019497637376168116], [-0.010512716386519131, 0.009201749476059859, -0.02071992837334877], [-0.019497637376168116, -0.020719928373348767, 0.17349343660776478]], "chi2_level": 0.95, "chi2_df": 3, "chi2_threshold": 7.814727903251179, "N_raw": 78, "N_roi": 78, "N_inlier": 76, "refit": true}
{"timestamp": "15:23:57.538019", "frame": 77, "mu": [0.20290293781577584, 2.996365123155329, 0.794044828236568], "Sigma": [[0.029569487602372657, -0.015756631488246603, -0.008044917893506332], [-0.015756631488246603, 0.012072143456042704, -0.007537949171818462], [-0.008044917893506332, -0.007537949171818461, 0.0775229795757533]], "chi2_level": 0.95, "chi2_df": 3, "chi2_threshold": 7.814727903251179, "N_raw": 63, "N_roi": 61, "N_inlier": 58, "refit": true}
{"timestamp": "15:23:57.593675", "frame": 78, "mu": [0.24434229830802096, 2.922875694262921, 0.7776642540654253], "Sigma": [[0.0380389787345318, -0.023086116625147573, -0.004566588342080808], [-0.023086116625147573, 0.019522212705343718, 0.003826841092292859], [-0.004566588342080808, 0.003826841092292859, 0.011974553989840125]], "chi2_level": 0.95, "chi2_df": 3, "chi2_threshold": 7.814727903251179, "N_raw": 80, "N_roi": 80, "N_inlier": 75, "refit": true}
{"timestamp": "15:23:57.647602", "frame": 79, "mu": [0.22687035940756514, 2.79386878932531, 0.8664228098728215], "Sigma": [[0.013439043908615418, -0.0019710902342046444, -0.013822418600532875], [-0.0019710902342046444, 0.00154479605480356, 0.0048916942547779785], [-0.013822418600532876, 0.0048916942547779785, 0.07143795302221034]], "chi2_level": 0.95, "chi2_df": 3, "chi2_threshold": 7.814727903251179, "N_raw": 61, "N_roi": 61, "N_inlier": 56, "refit": true}
{"timestamp": "15:23:57.702988", "frame": 80, "mu": [0.1803105164187258, 2.765619447839163, 1.1222642247537826], "Sigma": [[0.014309953447792187, -0.0016870043496208325, -0.01968014752039908], [-0.001687004349620832, 0.0015640967065642796, -0.0012564147180438323], [-0.01968014752039908, -0.0012564147180438323, 0.055599974147160516]], "chi2_level": 0.95, "chi2_df": 3, "chi2_threshold": 7.814727903251179, "N_raw": 69, "N_roi": 67, "N_inlier": 62, "refit": true}
{"timestamp": "15:23:57.763233", "frame": 81, "mu": [0.07963620195270227, 2.760183203322099, 1.357461114022794], "Sigma": [[0.013780677270530015, -0.001427641721477035, -0.012989100249754167], [-0.0014276417214770347, 0.005061520793357119, -0.002073174674977138], [-0.012989100249754167, -0.002073174674977138, 0.02275619007835872]], "chi2_level": 0.95, "chi2_df": 3, "chi2_threshold": 7.814727903251179, "N_raw": 72, "N_roi": 72, "N_inlier": 69, "refit": true}
{"timestamp": "15:23:57.816266", "frame": 82, "mu": [0.09826991631242019, 2.7655354351286294, -0.3248339275101916], "Sigma": [[0.016902419209939058, 0.006715900808626167, 0.01616830462945991], [0.006715900808626167, 0.010228685908902546, 0.005283298963589243], [0.01616830462945991, 0.005283298963589243, 0.07219508665177306]], "chi2_level": 0.95, "chi2_df": 3, "chi2_threshold": 7.814727903251179, "N_raw": 83, "N_roi": 83, "N_inlier": 80, "refit": true}
{"timestamp": "15:23:57.874431", "frame": 83, "mu": [0.03942261347327776, 2.661223816023154, 0.806372554784344], "Sigma": [[0.015011207266330111, -0.0032842071551665063, -0.04077611342825539], [-0.0032842071551665063, 0.005417699488794697, 0.029723286972157426], [-0.04077611342825539, 0.029723286972157426, 0.6160676628342155]], "chi2_level": 0.95, "chi2_df": 3, "chi2_threshold": 7.814727903251179, "N_raw": 106, "N_roi": 106, "N_inlier": 105, "refit": true}
{"timestamp": "15:23:57.922157", "frame": 84, "mu": [0.04488457406455855, 2.643754698295516, 1.187563097258606], "Sigma": [[0.008374975959276354, -0.0020957034807887465, -0.0039025960176530183], [-0.0020957034807887465, 0.003429303309297003, -0.0023983477824436267], [-0.003902596017653018, -0.0023983477824436267, 0.03222997840574633]], "chi2_level": 0.95, "chi2_df": 3, "chi2_threshold": 7.814727903251179, "N_raw": 57, "N_roi": 57, "N_inlier": 52, "refit": true}
{"timestamp": "15:23:57.982967", "frame": 85, "mu": [-0.053035373995265034, 2.556487236067606, 0.8566174460142326], "Sigma": [[0.012571915129150901, -0.0013745145790617739, -0.03395824252232463], [-0.0013745145790617736, 0.01109079144054244, 0.044461359537982414], [-0.03395824252232463, 0.044461359537982414, 0.6229780049438928]], "chi2_level": 0.95, "chi2_df": 3, "chi2_threshold": 7.814727903251179, "N_raw": 105, "N_roi": 105, "N_inlier": 104, "refit": true}
{"timestamp": "15:23:58.033141", "frame": 86, "mu": [0.05846360759327421, 2.4139887468446966, 0.6295014084800372], "Sigma": [[0.009893871520720533, -0.0025626281308161643, -0.002359033798550696], [-0.0025626281308161643, 0.010523054087729147, -0.029867289393133697], [-0.0023590337985506956, -0.029867289393133697, 0.1385833162856739]], "chi2_level": 0.95, "chi2_df": 3, "chi2_threshold": 7.814727903251179, "N_raw": 66, "N_roi": 66, "N_inlier": 64, "refit": true}
{"timestamp": "15:23:58.086124", "frame": 87, "mu": [-0.08717854543899865, 2.4858390951346307, 1.1959187822177704], "Sigma": [[0.011045176244087457, -0.0032863148086906364, -0.016318573700999865], [-0.0032863148086906364, 0.0052241305443729595, 0.005897085244682821], [-0.016318573700999865, 0.005897085244682821, 0.038464584286234324]], "chi2_level": 0.95, "chi2_df": 3, "chi2_threshold": 7.814727903251179, "N_raw": 59, "N_roi": 59, "N_inlier": 55, "refit": true}
{"timestamp": "15:23:58.145633", "frame": 88, "mu": [-0.11668399931848858, 2.4511602733376643, 0.7344865596031824], "Sigma": [[0.009820486792904195, -0.0028634372693433154, -0.017146410032635277], [-0.002863437269343315, 0.006163646033144086, -0.013652327928362035], [-0.017146410032635277, -0.013652327928362035, 0.3232950363664021]], "chi2_level": 0.95, "chi2_df": 3, "chi2_threshold": 7.814727903251179, "N_raw": 81, "N_roi": 80, "N_inlier": 76, "refit": true}
{"timestamp": "15:23:58.193181", "frame": 89, "mu": [-0.25931894349778684, 2.7101534540245416, -1.0966587667823309], "Sigma": [[0.00672318654650488, -0.004429034040735108, 0.0317172755262266], [-0.004429034040735108, 0.017417490008502356, -0.08684457123053443], [0.0317172755262266, -0.08684457123053443, 0.47858081445507716]], "chi2_level": 0.95, "chi2_df": 3, "chi2_threshold": 7.814727903251179, "N_raw": 32, "N_roi": 29, "N_inlier": 27, "refit": true}
{"timestamp": "15:23:58.255352", "frame": 90, "mu": [-0.3153792419841914, 2.33790213383923, 1.1017186507925347], "Sigma": [[0.010031606133709169, 0.00023560725799051457, -0.007115138449505664], [0.0002356072579905149, 0.005889068541671944, 0.0059046147284517805], [-0.007115138449505664, 0.00590461472845178, 0.2263932699355518]], "chi2_level": 0.95, "chi2_df": 3, "chi2_threshold": 7.814727903251179, "N_raw": 85, "N_roi": 85, "N_inlier": 80, "refit": true}
{"timestamp": "15:23:58.309729", "frame": 91, "mu": [-0.3630230484602753, 2.297164951247449, 1.2064815993468407], "Sigma": [[0.01507075135952886, -0.0004090512208859181, -0.025985502512010688], [-0.0004090512208859182, 0.0026825402604693004, -0.000999371209977567], [-0.025985502512010688, -0.0009993712099775664, 0.06690053722673323]], "chi2_level": 0.95, "chi2_df": 3, "chi2_threshold": 7.814727903251179, "N_raw": 72, "N_roi": 69, "N_inlier": 65, "refit": true}
{"timestamp": "15:23:58.362541", "frame": 92, "mu": [-0.3732056260449886, 2.3368039687764695, 1.0935430281123764], "Sigma": [[0.010246902935063477, -0.0027168509358704257, -0.014575542190120156], [-0.0027168509358704252, 0.0032952145369127698, 0.001105875063471814], [-0.014575542190120156, 0.0011058750634718138, 0.029354091958280704]], "chi2_level": 0.95, "chi2_df": 3, "chi2_threshold": 7.814727903251179, "N_raw": 62, "N_roi": 59, "N_inlier": 54, "refit": true}
{"timestamp": "15:23:58.418725", "frame": 93, "mu": [-0.3333108113610866, 2.4803241114681622, -0.6905794020216807], "Sigma": [[0.008097421717951404, 9.767925914055129e-05, -0.005105888506125371], [9.76792591405514e-05, 0.014693293758487378, -0.050262704669045574], [-0.005105888506125371, -0.050262704669045574, 0.19138235781488275]], "chi2_level": 0.95, "chi2_df": 3, "chi2_threshold": 7.814727903251179, "N_raw": 72, "N_roi": 72, "N_inlier": 67, "refit": true}
{"timestamp": "15:23:58.474075", "frame": 94, "mu": [-0.4725025479491134, 2.0978719760521773, 0.38201967354699323], "Sigma": [[0.012001571812865779, -0.008507002193198878, -0.044083957174006067], [-0.008507002193198878, 0.015880904838083295, 0.06670124314757706], [-0.044083957174006067, 0.06670124314757708, 0.5882928622763056]], "chi2_level": 0.95, "chi2_df": 3, "chi2_threshold": 7.814727903251179, "N_raw": 69, "N_roi": 69, "N_inlier": 68, "refit": true}
{"timestamp": "15:23:58.532132", "frame": 95, "mu": [-0.5375504305799331, 2.138015975240726, 1.1227922154639611], "Sigma": [[0.010458400183321373, 0.0007318571980328959, -0.01982741776562955], [0.0007318571980328959, 0.002564447078998807, -0.006475965313033733], [-0.019827417765629553, -0.006475965313033734, 0.06590743414939251]], "chi2_level": 0.95, "chi2_df": 3, "chi2_threshold": 7.814727903251179, "N_raw": 87, "N_roi": 85, "N_inlier": 80, "refit": true}
{"timestamp": "15:23:58.585123", "frame": 96, "mu": [-0.5100453552952082, 2.118133961356346, 0.9973647969552637], "Sigma": [[0.009282906672237379, 0.00037696664693960725, -0.011366701380286202], [0.00037696664693960725, 0.0021482682509976264, -0.004397851332295307], [-0.0113667013802862, -0.004397851332295307, 0.2579614882663384]], "chi2_level": 0.95, "chi2_df": 3, "chi2_threshold": 7.814727903251179, "N_raw": 84, "N_roi": 83, "N_inlier": 81, "refit": true}
{"timestamp": "15:23:58.635625", "frame": 97, "mu": [-0.5122782236470964, 2.065378791613298, 1.1204753590969287], "Sigma": [[0.011211598733395984, 0.0027127514389249565, -0.020504901692973056], [0.002712751438924956, 0.0049394805539259, -0.007817801380432463], [-0.020504901692973056, -0.007817801380432464, 0.05073899839380555]], "chi2_level": 0.95, "chi2_df": 3, "chi2_threshold": 7.814727903251179, "N_raw": 49, "N_roi": 49, "N_inlier": 42, "refit": true}
{"timestamp": "15:23:58.691968", "frame": 98, "mu": [-0.5912756753851324, 2.019166014031669, 1.0787535107175779], "Sigma": [[0.0077099597431129875, 0.0011511276035849427, -0.00897545092334308], [0.001151127603584943, 0.001598166756594643, -0.003047314967281817], [-0.008975450923343078, -0.003047314967281817, 0.026854141033678294]], "chi2_level": 0.95, "chi2_df": 3, "chi2_threshold": 7.814727903251179, "N_raw": 60, "N_roi": 60, "N_inlier": 52, "refit": true}
{"timestamp": "15:23:58.741463", "frame": 99, "mu": [-0.551277151753169, 1.9551809856716222, 0.6288201477472358], "Sigma": [[0.005353515920611719, 0.0009232294850630627, 0.021913403967736934], [0.0009232294850630635, 0.011092158628746246, -0.01992560786122704], [0.021913403967736934, -0.019925607861227032, 0.22100008821280726]], "chi2_level": 0.95, "chi2_df": 3, "chi2_threshold": 7.814727903251179, "N_raw": 23, "N_roi": 23, "N_inlier": 20, "refit": true}
{"timestamp": "15:23:58.907549", "frame": 100, "mu": [-0.5917053801772459, 1.898673773971394, 0.9648060168663125], "Sigma": [[0.006509069472796153, -0.002283358022612171, -0.008064140337853536], [-0.002283358022612171, 0.0012181258761267092, 0.0017600328014994175], [-0.008064140337853536, 0.0017600328014994175, 0.028114969233570777]], "chi2_level": 0.95, "chi2_df": 3, "chi2_threshold": 7.814727903251179, "N_raw": 55, "N_roi": 55, "N_inlier": 51, "refit": true}
{"timestamp": "15:23:58.913214", "frame": 101, "mu": [-0.6737055134516058, 1.8564247367747095, 0.9039441855895], "Sigma": [[0.007721928653947285, -0.0005223571891787219, -0.00726943086969816], [-0.0005223571891787219, 0.0004255521760184875, -0.000766237908195314], [-0.00726943086969816, -0.000766237908195314, 0.018219684727017176]], "chi2_level": 0.95, "chi2_df": 3, "chi2_threshold": 7.814727903251179, "N_raw": 45, "N_roi": 45, "N_inlier": 41, "refit": true}
{"timestamp": "15:23:58.954001", "frame": 102, "mu": [-0.7275101041941615, 1.84401516031983, 1.089381185020302], "Sigma": [[0.005989475691474607, 0.0001498663302264494, -0.009269017738988077], [0.0001498663302264494, 0.0008273153951688217, -0.0006010857360825442], [-0.009269017738988077, -0.0006010857360825441, 0.026394217529269806]], "chi2_level": 0.95, "chi2_df": 3, "chi2_threshold": 7.814727903251179, "N_raw": 36, "N_roi": 36, "N_inlier": 31, "refit": true}
{"timestamp": "15:23:58.977669", "frame": 103, "mu": [-0.8294191012243629, 1.810248959878574, 1.284734703618163], "Sigma": [[0.005849023259633578, -0.0003059666296406985, -0.004632395172434599], [-0.0003059666296406985, 0.0013685195286527387, -0.0003762683096348818], [-0.004632395172434599, -0.0003762683096348818, 0.004269262304106179]], "chi2_level": 0.95, "chi2_df": 3, "chi2_threshold": 7.814727903251179, "N_raw": 32, "N_roi": 31, "N_inlier": 28, "refit": true}
{"timestamp": "15:23:59.016921", "frame": 104, "mu": [-0.9305417709461444, 1.8195208963625054, -0.2743668962507614], "Sigma": [[0.0071465972987398525, 0.009559074941072162, -0.0013277862452287298], [0.009559074941072164, 0.018393215901187865, 0.0026637427598667656], [-0.0013277862452287295, 0.002663742759866766, 0.031372270102339575]], "chi2_level": 0.95, "chi2_df": 3, "chi2_threshold": 7.814727903251179, "N_raw": 38, "N_roi": 38, "N_inlier": 36, "refit": true}
{"timestamp": "15:23:59.071880", "frame": 105, "mu": [-0.9270666692106556, 1.8312956503250069, -0.32943624607306726], "Sigma": [[0.0032722226686109903, 0.001743207434446886, -0.004990070769593567], [0.001743207434446886, 0.00318429623872841, -0.0060818787812204865], [-0.004990070769593567, -0.0060818787812204865, 0.013942495145047685]], "chi2_level": 0.95, "chi2_df": 3, "chi2_threshold": 7.814727903251179, "N_raw": 34, "N_roi": 34, "N_inlier": 30, "refit": true}
{"timestamp": "15:23:59.126562", "frame": 106, "mu": [-1.0145406216235902, 1.5587058816648791, 1.0501502877474738], "Sigma": [[0.012164974268487365, 0.0006722285477030142, -0.04880411976325871], [0.0006722285477030137, 0.004227443364811223, -0.011988493189771101], [-0.048804119763258706, -0.011988493189771101, 0.41017449594877486]], "chi2_level": 0.95, "chi2_df": 3, "chi2_threshold": 7.814727903251179, "N_raw": 21, "N_roi": 21, "N_inlier": 17, "refit": true}
{"timestamp": "15:23:59.184968", "frame": 107, "mu": [-0.9920021542450527, 1.7494329864913343, -0.42632112285840823], "Sigma": [[0.011931720658980202, 0.013481166934513109, -0.02647168554979429], [0.013481166934513109, 0.028271029786187715, -0.06057768832495575], [-0.026471685549794295, -0.06057768832495575, 0.14033074676049248]], "chi2_level": 0.95, "chi2_df": 3, "chi2_threshold": 7.814727903251179, "N_raw": 54, "N_roi": 54, "N_inlier": 46, "refit": true}
{"timestamp": "15:23:59.240380", "frame": 108, "mu": [-1.3393602923015269, 1.348316358140526, 1.724788067949753], "Sigma": [[0.040530967805864945, 0.028598971256558525, -0.0430559920328574], [0.028598971256558525, 0.024262799884764853, -0.031147873812576596], [-0.0430559920328574, -0.031147873812576596, 0.05424906431757578]], "chi2_level": 0.95, "chi2_df": 3, "chi2_threshold": 7.814727903251179, "N_raw": 55, "N_roi": 55, "N_inlier": 51, "refit": true}
{"timestamp": "15:23:59.294946", "frame": 109, "mu": [-1.2926300984031314, 1.3562965715450348, 1.6081377942427302], "Sigma": [[0.035766138647173096, 0.022265486861975343, -0.030028225783679974], [0.02226548686197534, 0.01913175698367458, -0.021886507132392114], [-0.030028225783679974, -0.021886507132392114, 0.02824290725130728]], "chi2_level": 0.95, "chi2_df": 3, "chi2_threshold": 7.814727903251179, "N_raw": 55, "N_roi": 55, "N_inlier": 53, "refit": true}
{"timestamp": "15:23:59.350475", "frame": 110, "mu": [-1.455938154146184, 1.24081083900186, 1.712554717898938], "Sigma": [[0.025031153688475367, 0.0171318105117818, -0.027882627641636265], [0.0171318105117818, 0.01597899320353041, -0.022602289321373918], [-0.027882627641636265, -0.022602289321373918, 0.043659479007233146]], "chi2_level": 0.95, "chi2_df": 3, "chi2_threshold": 7.814727903251179, "N_raw": 58, "N_roi": 58, "N_inlier": 55, "refit": true}
{"timestamp": "15:23:59.406909", "frame": 111, "mu": [-1.4769285182740939, 1.1746603250703493, 1.6895370070355284], "Sigma": [[0.012865246036526737, 0.007510500241818282, -0.01192428643312039], [0.007510500241818281, 0.010338400470246588, -0.009498257001628723], [-0.011924286433120388, -0.009498257001628723, 0.012743086002480626]], "chi2_level": 0.95, "chi2_df": 3, "chi2_threshold": 7.814727903251179, "N_raw": 63, "N_roi": 63, "N_inlier": 59, "refit": true}
{"timestamp": "15:23:59.462842", "frame": 112, "mu": [-1.4500595862438344, 1.1501242678621246, 1.5601637657094258], "Sigma": [[0.01787071611348661, 0.008064314797340096, -0.01191186972836404], [0.008064314797340096, 0.0086090453201465, -0.007706962250989572], [-0.011911869728364038, -0.007706962250989573, 0.009561392610555918]], "chi2_level": 0.95, "chi2_df": 3, "chi2_threshold": 7.814727903251179, "N_raw": 72, "N_roi": 72, "N_inlier": 69, "refit": true}
{"timestamp": "15:23:59.513772", "frame": 113, "mu": [-1.502216454014052, 1.1652474689986594, -0.2427191791080447], "Sigma": [[0.00763980173675765, 0.006266890270012091, 0.007023619911569426], [0.00626689027001209, 0.013730635903592204, 0.008695178136990282], [0.007023619911569426, 0.008695178136990282, 0.014284293757919037]], "chi2_level": 0.95, "chi2_df": 3, "chi2_threshold": 7.814727903251179, "N_raw": 47, "N_roi": 47, "N_inlier": 45, "refit": true}
{"timestamp": "15:23:59.566974", "frame": 114, "mu": [-1.5229238020660552, 1.1002761403903762, 1.6767206891147943], "Sigma": [[0.0060513504806144576, 0.004237038940136204, -0.0038092997320777694], [0.004237038940136204, 0.005433114279717956, -0.005635999896906358], [-0.003809299732077769, -0.005635999896906358, 0.0067237542288543966]], "chi2_level": 0.95, "chi2_df": 3, "chi2_threshold": 7.814727903251179, "N_raw": 31, "N_roi": 31, "N_inlier": 27, "refit": true}
{"timestamp": "15:23:59.623350", "frame": 115, "mu": [-1.4485597140000803, 0.9890180067292982, 1.3878174680081254], "Sigma": [[0.007403703927064113, 0.0037917504752076167, -0.005686599723692893], [0.003791750475207617, 0.00896431108810943, -0.004692208742216365], [-0.005686599723692893, -0.004692208742216365, 0.005270481231425492]], "chi2_level": 0.95, "chi2_df": 3, "chi2_threshold": 7.814727903251179, "N_raw": 34, "N_roi": 34, "N_inlier": 32, "refit": true}
{"timestamp": "15:23:59.677232", "frame": 116, "mu": [-1.4969713345771254, 0.9819193878772604, 1.4221219880065303], "Sigma": [[0.008729664159267634, 0.0025118817637084074, -0.005613124967537454], [0.0025118817637084074, 0.0058512287256849045, -0.0028328048223054906], [-0.005613124967537454, -0.002832804822305491, 0.004152995882682221]], "chi2_level": 0.95, "chi2_df": 3, "chi2_threshold": 7.814727903251179, "N_raw": 42, "N_roi": 42, "N_inlier": 41, "refit": true}
