{"timestamp": "15:48:42.258797", "frame": 35, "mu": [1.4433536407840841, 0.462003967677924, 1.0920012681727187], "Sigma": [[0.005357830365975519, -0.0006228239931484736, -0.01625136037664601], [-0.0006228239931484736, 0.0004111152937214215, 0.0035130504875147016], [-0.016251360376646005, 0.0035130504875147016, 0.08369615417071671]], "chi2_level": 0.95, "chi2_df": 3, "chi2_threshold": 7.814727903251179, "N_raw": 9, "N_roi": 9, "N_inlier": 8, "refit": true}
{"timestamp": "15:48:42.314738", "frame": 36, "mu": [1.2487509024151173, 0.638446130416981, 1.4702031279666494], "Sigma": [[0.004306141079161468, -0.0004412396453713196, -0.0020855683974983132], [-0.00044123964537131944, 0.0020304066147175913, 0.00015161499156907422], [-0.0020855683974983132, 0.00015161499156907433, 0.001170100693245724]], "chi2_level": 0.95, "chi2_df": 3, "chi2_threshold": 7.814727903251179, "N_raw": 11, "N_roi": 11, "N_inlier": 11, "refit": true}
{"timestamp": "15:48:42.423840", "frame": 38, "mu": [1.1134499094220172, 0.6329810958218219, 1.3516979676312635], "Sigma": [[0.005000492229067445, -2.7113623270921388e-05, -0.013754466837434115], [-2.7113623270921388e-05, 0.0008258504088679851, -0.0029090871346028244], [-0.013754466837434115, -0.0029090871346028244, 0.10360868144990518]], "chi2_level": 0.95, "chi2_df": 3, "chi2_threshold": 7.814727903251179, "N_raw": 8, "N_roi": 8, "N_inlier": 7, "refit": true}
{"timestamp": "15:48:42.479685", "frame": 39, "mu": [1.0248811090826466, 0.571132465253759, 1.5081751014372122], "Sigma": [[0.002425529440369489, -0.0003271290239329858, -0.0004378069033403709], [-0.00032712902393298586, 0.0012319109218242258, -0.0004543062502522981], [-0.0004378069033403709, -0.0004543062502522981, 0.00030218562524844694]], "chi2_level": 0.95, "chi2_df": 3, "chi2_threshold": 7.814727903251179, "N_raw": 16, "N_roi": 16, "N_inlier": 15, "refit": true}
{"timestamp": "15:48:42.534726", "frame": 40, "mu": [0.9235056123163761, 0.6508743634801323, 1.5196001109692379], "Sigma": [[0.002574792163240177, -0.0015736266670162236, -0.0006449960646023717], [-0.0015736266670162236, 0.0019574949298936553, -0.0008123173648479498], [-0.0006449960646023717, -0.0008123173648479499, 0.002169834706209243]], "chi2_level": 0.95, "chi2_df": 3, "chi2_threshold": 7.814727903251179, "N_raw": 22, "N_roi": 22, "N_inlier": 20, "refit": true}
{"timestamp": "15:48:42.594490", "frame": 41, "mu": [0.8054714586915248, 0.6945437076113112, 1.459259745748044], "Sigma": [[0.003919733734737588, -0.001994529934389754, -0.004258618117002482], [-0.001994529934389754, 0.0022638661742985736, 0.0013173168650935062], [-0.004258618117002482, 0.0013173168650935062, 0.0059854733333226775]], "chi2_level": 0.95, "chi2_df": 3, "chi2_threshold": 7.814727903251179, "N_raw": 33, "N_roi": 32, "N_inlier": 30, "refit": true}
{"timestamp": "15:48:42.653907", "frame": 42, "mu": [0.7721843453458139, 0.7822949131358452, -0.35695666490226186], "Sigma": [[0.009256008880405576, 0.0016445948429218708, -0.008026026773336487], [0.0016445948429218713, 0.0033358627013536715, -0.001715641409950787], [-0.008026026773336487, -0.0017156414099507872, 0.007725019167436569]], "chi2_level": 0.95, "chi2_df": 3, "chi2_threshold": 7.814727903251179, "N_raw": 65, "N_roi": 65, "N_inlier": 61, "refit": true}
{"timestamp": "15:48:42.706301", "frame": 43, "mu": [0.6485679511096701, 0.6307018058174413, 1.488381122454654], "Sigma": [[0.0033244688644386367, -0.0004884010022051904, -0.0020303522683267038], [-0.0004884010022051904, 0.00247463680708859, -0.0007222479154876323], [-0.0020303522683267038, -0.0007222479154876323, 0.0019610027452108747]], "chi2_level": 0.95, "chi2_df": 3, "chi2_threshold": 7.814727903251179, "N_raw": 49, "N_roi": 49, "N_inlier": 47, "refit": true}
{"timestamp": "15:48:42.763400", "frame": 44, "mu": [0.6052499268031374, 0.6122408202867519, 1.4399060819767369], "Sigma": [[0.004129220751310065, -0.000406297448813762, -0.0023064400441179366], [-0.0004062974488137619, 0.0024147588145659966, -0.0039028350776189923], [-0.002306440044117937, -0.0039028350776189923, 0.02680411581400622]], "chi2_level": 0.95, "chi2_df": 3, "chi2_threshold": 7.814727903251179, "N_raw": 56, "N_roi": 56, "N_inlier": 50, "refit": true}
{"timestamp": "15:48:42.818594", "frame": 45, "mu": [0.5344434753006919, 0.5799670342393328, 1.4547880153376984], "Sigma": [[0.004479418304091554, 0.0003470225451029587, -0.003184511888361566], [0.0003470225451029587, 0.0016986313922106738, -0.0012296322878190885], [-0.003184511888361566, -0.0012296322878190885, 0.0031068562821617443]], "chi2_level": 0.95, "chi2_df": 3, "chi2_threshold": 7.814727903251179, "N_raw": 62, "N_roi": 61, "N_inlier": 57, "refit": true}
{"timestamp": "15:48:42.879708", "frame": 46, "mu": [0.45563875699199996, 0.6281089398168603, 1.1678155524540024], "Sigma": [[0.008162175213979063, -0.012362077401453581, -0.0017803703889905714], [-0.012362077401453581, 0.030959274270685046, -0.023914380046853437], [-0.0017803703889905718, -0.023914380046853437, 0.15332668471698666]], "chi2_level": 0.95, "chi2_df": 3, "chi2_threshold": 7.814727903251179, "N_raw": 98, "N_roi": 98, "N_inlier": 94, "refit": true}
{"timestamp": "15:48:42.929406", "frame": 47, "mu": [0.38192828531684025, 0.5844317737724751, 1.4423066114672278], "Sigma": [[0.0056879619373889, -0.0021690244785504713, -0.006014456194837418], [-0.0021690244785504713, 0.0028620644876935974, 0.00186121557751757], [-0.006014456194837418, 0.0018612155775175703, 0.008104431336355205]], "chi2_level": 0.95, "chi2_df": 3, "chi2_threshold": 7.814727903251179, "N_raw": 72, "N_roi": 72, "N_inlier": 71, "refit": true}
{"timestamp": "15:48:42.986515", "frame": 48, "mu": [0.31476754303758137, 0.7443865692033553, -0.3662206016679855], "Sigma": [[0.00645274986262303, 0.0004695963228552314, -0.005999029515242178], [0.0004695963228552314, 0.002273878925709259, -0.0011512249754880527], [-0.005999029515242178, -0.0011512249754880527, 0.0063230531152651]], "chi2_level": 0.95, "chi2_df": 3, "chi2_threshold": 7.814727903251179, "N_raw": 85, "N_roi": 82, "N_inlier": 80, "refit": true}
{"timestamp": "15:48:43.033426", "frame": 49, "mu": [0.19905412152399946, 0.6036813126536871, 1.5302573072910037], "Sigma": [[0.0020655040754748418, 0.00016984393653480065, -0.0033018274166867955], [0.00016984393653480062, 0.0010920646059202476, -0.0006570326400370671], [-0.0033018274166867955, -0.0006570326400370671, 0.006603052881192574]], "chi2_level": 0.95, "chi2_df": 3, "chi2_threshold": 7.814727903251179, "N_raw": 25, "N_roi": 25, "N_inlier": 23, "refit": true}
{"timestamp": "15:48:43.089033", "frame": 50, "mu": [0.14049730570079852, 0.6509249858537934, 1.5041623688107977], "Sigma": [[0.0030775521436608015, 0.0012688453474252318, -0.0027131118388937147], [0.001268845347425232, 0.0012053605626000184, -0.0015509925732767468], [-0.0027131118388937147, -0.0015509925732767468, 0.002789659177495883]], "chi2_level": 0.95, "chi2_df": 3, "chi2_threshold": 7.814727903251179, "N_raw": 35, "N_roi": 35, "N_inlier": 34, "refit": true}
{"timestamp": "15:48:43.153319", "frame": 51, "mu": [0.027353934225769396, 0.6728790312490245, 1.4678982830678606], "Sigma": [[0.0027245468801674793, -0.0008613102810593111, -0.002948807232806122], [-0.0008613102810593111, 0.00310294771760937, -0.0008468138346270657], [-0.002948807232806122, -0.0008468138346270659, 0.010513710174939555]], "chi2_level": 0.95, "chi2_df": 3, "chi2_threshold": 7.814727903251179, "N_raw": 101, "N_roi": 100, "N_inlier": 98, "refit": true}
{"timestamp": "15:48:43.208512", "frame": 52, "mu": [-0.01407255662619209, 0.6183029075656659, 1.3843823090856107], "Sigma": [[0.002680898670036152, -0.0018261951330727257, -0.004344347733293004], [-0.0018261951330727257, 0.004026174627619447, 0.00010682045081306346], [-0.004344347733293004, 0.0001068204508130634, 0.012241463290378393]], "chi2_level": 0.95, "chi2_df": 3, "chi2_threshold": 7.814727903251179, "N_raw": 93, "N_roi": 93, "N_inlier": 89, "refit": true}
{"timestamp": "15:48:43.264483", "frame": 53, "mu": [-0.12487809785038556, 0.6106022490206591, 1.3747650947359655], "Sigma": [[0.003158058140389428, -0.0026764787837202124, -0.004332642241628571], [-0.002676478783720213, 0.005294807058845608, 0.0004612899004417088], [-0.004332642241628571, 0.00046128990044170886, 0.011813397577954512]], "chi2_level": 0.95, "chi2_df": 3, "chi2_threshold": 7.814727903251179, "N_raw": 107, "N_roi": 107, "N_inlier": 105, "refit": true}
{"timestamp": "15:48:43.319410", "frame": 54, "mu": [-0.19557096789042333, 0.5965295694866242, 1.4043221124188794], "Sigma": [[0.0042769982332926, -0.0029241173911087625, -0.006991406290854495], [-0.0029241173911087625, 0.0038380809200120637, 0.002659903624313192], [-0.006991406290854495, 0.002659903624313192, 0.01588278702020448]], "chi2_level": 0.95, "chi2_df": 3, "chi2_threshold": 7.814727903251179, "N_raw": 101, "N_roi": 98, "N_inlier": 95, "refit": true}
{"timestamp": "15:48:43.376928", "frame": 55, "mu": [-0.28830846337770705, 0.633869231409148, 1.4246766635623032], "Sigma": [[0.005539251556325863, -0.0023287353891126017, -0.0071695715193622325], [-0.0023287353891126017, 0.0024061209959517675, 0.0007360349757644808], [-0.0071695715193622325, 0.0007360349757644809, 0.015746402134055804]], "chi2_level": 0.95, "chi2_df": 3, "chi2_threshold": 7.814727903251179, "N_raw": 108, "N_roi": 105, "N_inlier": 103, "refit": true}
{"timestamp": "15:48:43.435548", "frame": 56, "mu": [-0.36521465672312864, 0.6072132270358974, 1.398953737436417], "Sigma": [[0.009703012169082688, -0.0050914589201037155, -0.011277449812574756], [-0.0050914589201037155, 0.004698574202002662, 0.004072502074879532], [-0.011277449812574756, 0.004072502074879532, 0.019301860029385744]], "chi2_level": 0.95, "chi2_df": 3, "chi2_threshold": 7.814727903251179, "N_raw": 136, "N_roi": 136, "N_inlier": 125, "refit": true}
{"timestamp": "15:48:43.485105", "frame": 57, "mu": [-0.5010695770545219, 0.6110483641197479, 1.4935962179913187], "Sigma": [[0.02646200851801893, 0.0039483425421115775, -0.025921043004653914], [0.0039483425421115775, 0.0026408094474878446, -0.004572627978890511], [-0.025921043004653914, -0.004572627978890511, 0.031586168939665635]], "chi2_level": 0.95, "chi2_df": 3, "chi2_threshold": 7.814727903251179, "N_raw": 95, "N_roi": 93, "N_inlier": 90, "refit": true}
{"timestamp": "15:48:43.533909", "frame": 58, "mu": [-0.6895581469021487, 0.5740865899095209, 1.6116266355963138], "Sigma": [[0.016234886833447072, 0.008190342875539314, -0.008206046255263739], [0.008190342875539313, 0.006373812599730542, -0.006402021002129731], [-0.00820604625526374, -0.006402021002129731, 0.0072312798015802945]], "chi2_level": 0.95, "chi2_df": 3, "chi2_threshold": 7.814727903251179, "N_raw": 62, "N_roi": 62, "N_inlier": 61, "refit": true}
{"timestamp": "15:48:43.594899", "frame": 59, "mu": [-0.7298990499565933, 0.5500914918096028, 1.627761863857792], "Sigma": [[0.026299233023107493, 0.0011094354108865223, -0.024752367876020514], [0.0011094354108865225, 0.004123204966914356, -0.0030380906881938598], [-0.02475236787602051, -0.0030380906881938598, 0.027844170721439236]], "chi2_level": 0.95, "chi2_df": 3, "chi2_threshold": 7.814727903251179, "N_raw": 102, "N_roi": 102, "N_inlier": 99, "refit": true}
{"timestamp": "15:48:43.648638", "frame": 60, "mu": [-0.7431048226024523, 0.6576071712865353, -0.32444261317497897], "Sigma": [[0.027945952589372408, 0.011911630846686217, -0.01658955339275149], [0.011911630846686217, 0.010009109608241149, -0.009969871449284642], [-0.01658955339275149, -0.009969871449284644, 0.013329136334078479]], "chi2_level": 0.95, "chi2_df": 3, "chi2_threshold": 7.814727903251179, "N_raw": 95, "N_roi": 95, "N_inlier": 92, "refit": true}
{"timestamp": "15:48:43.698071", "frame": 61, "mu": [-0.9578141295087167, 0.5043668823315844, 1.6115223124895157], "Sigma": [[0.006931036205000675, 0.002488809164068545, -0.002085206717538715], [0.002488809164068545, 0.0047555833174918434, -0.005056166378541441], [-0.002085206717538715, -0.005056166378541441, 0.006631499138239836]], "chi2_level": 0.95, "chi2_df": 3, "chi2_threshold": 7.814727903251179, "N_raw": 59, "N_roi": 59, "N_inlier": 57, "refit": true}
{"timestamp": "15:48:43.756208", "frame": 62, "mu": [-0.9229012675638506, 0.518764313942173, 1.5628478400932952], "Sigma": [[0.007405853167320185, -0.00037093051914243775, -0.0021773336993100075], [-0.00037093051914243775, 0.004205926801222727, -0.003851779252649682], [-0.002177333699310007, -0.003851779252649682, 0.005464290402540618]], "chi2_level": 0.95, "chi2_df": 3, "chi2_threshold": 7.814727903251179, "N_raw": 79, "N_roi": 79, "N_inlier": 76, "refit": true}
{"timestamp": "15:48:43.810039", "frame": 63, "mu": [-1.0428891848466737, 0.6001674490555672, -0.2454905677214987], "Sigma": [[0.005070517419590086, 0.00010844166767526444, 0.000502087988375495], [0.00010844166767526448, 0.008417466503552955, -0.005047787520801178], [0.000502087988375495, -0.005047787520801178, 0.0049185087133058044]], "chi2_level": 0.95, "chi2_df": 3, "chi2_threshold": 7.814727903251179, "N_raw": 68, "N_roi": 68, "N_inlier": 63, "refit": true}
{"timestamp": "15:48:43.864361", "frame": 64, "mu": [-1.0793579613990092, 0.4866088163576826, 1.5718062064891631], "Sigma": [[0.007961981897419413, 0.0003752345388072516, -0.0008907565241499469], [0.00037523453880725175, 0.005977033477943508, -0.004851957551854512], [-0.0008907565241499469, -0.004851957551854512, 0.005611955321767234]], "chi2_level": 0.95, "chi2_df": 3, "chi2_threshold": 7.814727903251179, "N_raw": 70, "N_roi": 70, "N_inlier": 66, "refit": true}
{"timestamp": "15:48:43.917148", "frame": 65, "mu": [-1.1010829904220385, 0.4621534922857788, 1.490047904309988], "Sigma": [[0.0054975047772291, -0.00043258806065265605, -0.0022999170901078017], [-0.00043258806065265605, 0.004894712204600975, -0.002497076123456814], [-0.002299917090107802, -0.002497076123456814, 0.0038036094396512164]], "chi2_level": 0.95, "chi2_df": 3, "chi2_threshold": 7.814727903251179, "N_raw": 52, "N_roi": 52, "N_inlier": 47, "refit": true}
{"timestamp": "15:48:43.974088", "frame": 66, "mu": [-1.176559262031961, 0.6161104561253741, -0.3456455732422602], "Sigma": [[0.005648241848052272, 0.0003238993984099015, -0.0009619104761166449], [0.0003238993984099013, 0.009516130814654357, -0.00274059342885863], [-0.0009619104761166449, -0.0027405934288586295, 0.00124465406642814]], "chi2_level": 0.95, "chi2_df": 3, "chi2_threshold": 7.814727903251179, "N_raw": 60, "N_roi": 60, "N_inlier": 53, "refit": true}
{"timestamp": "15:48:44.028144", "frame": 67, "mu": [-1.1874543899944923, 0.5593426035669765, -0.4784345597518275], "Sigma": [[0.005872512368361049, -0.0001707640501647614, -0.001039436094130589], [-0.00017076405016476148, 0.010840374765152176, -0.00280149632506027], [-0.0010394360941305889, -0.00280149632506027, 0.0028848828100399475]], "chi2_level": 0.95, "chi2_df": 3, "chi2_threshold": 7.814727903251179, "N_raw": 54, "N_roi": 54, "N_inlier": 46, "refit": true}
{"timestamp": "15:48:44.082481", "frame": 68, "mu": [-1.29010256947552, 0.5208676161379937, -0.5766489996282763], "Sigma": [[0.004804572821437429, 0.0004564962580272385, -0.00021439863967309556], [0.00045649625802723855, 0.008443134249568123, -0.007841861922432317], [-0.00021439863967309556, -0.007841861922432317, 0.009670446084865506]], "chi2_level": 0.95, "chi2_df": 3, "chi2_threshold": 7.814727903251179, "N_raw": 59, "N_roi": 59, "N_inlier": 53, "refit": true}
{"timestamp": "15:48:44.135756", "frame": 69, "mu": [-1.3152820121513267, 0.461633565735967, 1.3637367634569049], "Sigma": [[0.0037809540106538914, 0.001985179733584184, 0.001106613608378231], [0.001985179733584184, 0.009359011368478084, -0.004293480090541163], [0.0011066136083782313, -0.004293480090541162, 0.015502267918833848]], "chi2_level": 0.95, "chi2_df": 3, "chi2_threshold": 7.814727903251179, "N_raw": 45, "N_roi": 45, "N_inlier": 42, "refit": true}
{"timestamp": "15:48:44.194506", "frame": 70, "mu": [-1.413514067564264, 0.4523387266456643, 1.2640562537208215], "Sigma": [[0.005766539954460119, 0.0049095422115016975, 0.006283815536698509], [0.0049095422115016975, 0.011238732989774252, 0.00456446869805064], [0.006283815536698509, 0.004564468698050639, 0.02890285695607018]], "chi2_level": 0.95, "chi2_df": 3, "chi2_threshold": 7.814727903251179, "N_raw": 57, "N_roi": 57, "N_inlier": 51, "refit": true}
{"timestamp": "15:48:44.249259", "frame": 71, "mu": [-0.8809936519590776, 0.4198188738186072, 1.1622162338075774], "Sigma": [[1.518688217009254, -0.034988256194666584, 0.023602567441422875], [-0.034988256194666584, 0.0057391866532436235, -0.001624964910006968], [0.023602567441422875, -0.0016249649100069678, 0.013008814029989262]], "chi2_level": 0.95, "chi2_df": 3, "chi2_threshold": 7.814727903251179, "N_raw": 70, "N_roi": 70, "N_inlier": 67, "refit": true}
{"timestamp": "15:48:44.299159", "frame": 72, "mu": [-0.7529361296782456, 0.44576311953268455, 1.0281358978387034], "Sigma": [[1.874450081947953, -0.0061185893079302315, -0.033355054723962774], [-0.0061185893079302315, 0.011001566042727994, 0.0016806033593487484], [-0.033355054723962774, 0.0016806033593487484, 0.009651188392469074]], "chi2_level": 0.95, "chi2_df": 3, "chi2_threshold": 7.814727903251179, "N_raw": 36, "N_roi": 36, "N_inlier": 33, "refit": true}
{"timestamp": "15:48:44.351247", "frame": 73, "mu": [-1.5544428288248406, 0.57661149598791, 0.9470091604371041], "Sigma": [[0.0036970362504778996, 0.006805943525655228, -0.004761182080715917], [0.006805943525655228, 0.01863368456359854, -0.004813425980301739], [-0.0047611820807159175, -0.004813425980301739, 0.08267893381986455]], "chi2_level": 0.95, "chi2_df": 3, "chi2_threshold": 7.814727903251179, "N_raw": 13, "N_roi": 13, "N_inlier": 12, "refit": true}
{"timestamp": "15:48:44.404857", "frame": 74, "mu": [-1.0195400344398164, 0.48723396833382426, 0.8213880485265757], "Sigma": [[1.658117839342722, -0.059825570477459844, 0.33095021461171187], [-0.059825570477459844, 0.011323876141337987, 0.002369459648107206], [0.33095021461171187, 0.002369459648107206, 0.1294206962431634]], "chi2_level": 0.95, "chi2_df": 3, "chi2_threshold": 7.814727903251179, "N_raw": 9, "N_roi": 9, "N_inlier": 8, "refit": true}
{"timestamp": "15:48:44.463021", "frame": 75, "mu": [-0.5008486934272389, 0.4357397570242411, 0.7706585023471917], "Sigma": [[3.222732244842998, 0.008876361738889536, -0.042422994238101794], [0.008876361738889534, 0.011331628814624217, 0.010900754238074229], [-0.0424229942381018, 0.010900754238074227, 0.027592216400372155]], "chi2_level": 0.95, "chi2_df": 3, "chi2_threshold": 7.814727903251179, "N_raw": 32, "N_roi": 32, "N_inlier": 29, "refit": true}
{"timestamp": "15:48:44.515474", "frame": 76, "mu": [-0.48767276553121347, 0.4194547372831366, 0.898416746454852], "Sigma": [[3.0624063659601157, -0.015236935528317855, -0.24386252649556456], [-0.015236935528317862, 0.007239162975007994, -0.0051873759808055316], [-0.24386252649556456, -0.0051873759808055316, 0.04744378993801099]], "chi2_level": 0.95, "chi2_df": 3, "chi2_threshold": 7.814727903251179, "N_raw": 11, "N_roi": 11, "N_inlier": 11, "refit": true}
{"timestamp": "15:48:44.625091", "frame": 78, "mu": [-0.23894185758993192, 0.47169915144505425, 0.9438331466868264], "Sigma": [[3.4757566092022594, -0.024182901237651107, 0.035395820960059596], [-0.024182901237651096, 0.007647786116239111, -0.0005481572761501178], [0.035395820960059596, -0.000548157276150118, 0.0014038354471729222]], "chi2_level": 0.95, "chi2_df": 3, "chi2_threshold": 7.814727903251179, "N_raw": 11, "N_roi": 11, "N_inlier": 11, "refit": true}
{"timestamp": "15:48:44.735201", "frame": 80, "mu": [-0.7565475060104232, 0.6852958692923092, -1.0608789171366635], "Sigma": [[2.8230485274509363, -0.06300705096023484, -0.06638621659452691], [-0.06300705096023483, 0.050037826930043695, -0.057206639594189354], [-0.06638621659452693, -0.05720663959418935, 0.14254219103680607]], "chi2_level": 0.95, "chi2_df": 3, "chi2_threshold": 7.814727903251179, "N_raw": 8, "N_roi": 8, "N_inlier": 8, "refit": true}
{"timestamp": "15:48:44.790209", "frame": 81, "mu": [0.20764688982342827, 0.37034713256273355, 0.4386371086499001], "Sigma": [[4.220253080524688, 0.15299778017645677, -0.03764810607388798], [0.15299778017645677, 0.011232235650778388, -0.0026526732005260735], [-0.03764810607388798, -0.0026526732005260735, 0.0009143116277318004]], "chi2_level": 0.95, "chi2_df": 3, "chi2_threshold": 7.814727903251179, "N_raw": 9, "N_roi": 9, "N_inlier": 9, "refit": true}
{"timestamp": "15:48:44.844855", "frame": 82, "mu": [0.16973637897815727, 0.45088669811696946, 0.547695394940137], "Sigma": [[4.700106845369938, 0.04814406695542381, 0.05707071705905088], [0.0481440669554238, 0.0083139262396728, 0.0003101573294022593], [0.05707071705905088, 0.0003101573294022592, 0.0019652294979486265]], "chi2_level": 0.95, "chi2_df": 3, "chi2_threshold": 7.814727903251179, "N_raw": 11, "N_roi": 11, "N_inlier": 9, "refit": true}
{"timestamp": "15:48:45.014366", "frame": 85, "mu": [0.30158735688179894, 0.9008070597507141, -1.29851778728022], "Sigma": [[5.680749002380353, 0.12780746777095525, -0.013870317513972687], [0.12780746777095525, 0.013052429097201435, 0.0005270091238048732], [-0.01387031751397269, 0.000527009123804873, 0.013063672242977496]], "chi2_level": 0.95, "chi2_df": 3, "chi2_threshold": 7.814727903251179, "N_raw": 34, "N_roi": 34, "N_inlier": 32, "refit": true}
{"timestamp": "15:48:45.448143", "frame": 93, "mu": [1.5290164582627521, 0.5041538468699653, 0.33231463828686164], "Sigma": [[3.489675938567184, 0.09749251456909618, -0.030074391927177854], [0.09749251456909619, 0.013513204802857915, -0.004375944955603181], [-0.030074391927177854, -0.004375944955603181, 0.001851374557154447]], "chi2_level": 0.95, "chi2_df": 3, "chi2_threshold": 7.814727903251179, "N_raw": 10, "N_roi": 10, "N_inlier": 10, "refit": true}
