{"timestamp": "15:40:22.040279", "frame": 42, "mu": [1.4364051928523238, 0.7773434429987311, 1.3481096063678069], "Sigma": [[0.002022287954569786, -0.000953890706003664, -0.003743958787837761], [-0.000953890706003664, 0.0031682307226464194, 0.004773613795263236], [-0.003743958787837761, 0.004773613795263236, 0.021637421829852017]], "chi2_level": 0.95, "chi2_df": 3, "chi2_threshold": 7.814727903251179, "N_raw": 15, "N_roi": 15, "N_inlier": 14, "refit": true}
{"timestamp": "15:40:22.259771", "frame": 46, "mu": [1.5230239021339502, 1.0956544917747, 1.5476393554077812], "Sigma": [[0.0019080986553414326, -0.0002921394899254668, -0.0003294132011170116], [-0.0002921394899254667, 0.0019132073567839005, -0.0019446756097329487], [-0.0003294132011170116, -0.001944675609732949, 0.0036645114315101194]], "chi2_level": 0.95, "chi2_df": 3, "chi2_threshold": 7.814727903251179, "N_raw": 12, "N_roi": 12, "N_inlier": 11, "refit": true}
{"timestamp": "15:40:22.372452", "frame": 48, "mu": [1.4044663663351296, 1.3761535527850186, -0.28366791644561073], "Sigma": [[0.004179887451996073, -0.0023379987266386494, -0.00028024980324842117], [-0.0023379987266386494, 0.003607436769568685, -0.0007571112162534708], [-0.0002802498032484211, -0.0007571112162534708, 0.0011975553513295393]], "chi2_level": 0.95, "chi2_df": 3, "chi2_threshold": 7.814727903251179, "N_raw": 23, "N_roi": 23, "N_inlier": 20, "refit": true}
{"timestamp": "15:40:22.481387", "frame": 50, "mu": [1.5380086397700914, 1.3610368838768956, 1.38411939677623], "Sigma": [[0.0029363042026410518, 0.001864815899870688, 0.010686753456384424], [0.0018648158998706883, 0.0033082378965915643, -0.00936106087550717], [0.010686753456384427, -0.009361060875507168, 0.1791670972619668]], "chi2_level": 0.95, "chi2_df": 3, "chi2_threshold": 7.814727903251179, "N_raw": 7, "N_roi": 7, "N_inlier": 7, "refit": true}
{"timestamp": "15:40:22.541375", "frame": 51, "mu": [1.4417039743644144, 1.38986607396787, 1.4236761386128198], "Sigma": [[0.007553195263320138, -0.003030231115579973, 0.0012742116595099227], [-0.003030231115579973, 0.004614169742560724, -0.0020707558005678183], [0.001274211659509923, -0.0020707558005678183, 0.0022999471402135184]], "chi2_level": 0.95, "chi2_df": 3, "chi2_threshold": 7.814727903251179, "N_raw": 40, "N_roi": 40, "N_inlier": 38, "refit": true}
{"timestamp": "15:40:22.596065", "frame": 52, "mu": [1.3909031880657565, 1.4618318696918715, 1.3954113320020305], "Sigma": [[0.006126792996593471, -0.0015062985717079476, -0.00228559417099197], [-0.0015062985717079476, 0.0036043905400285755, -0.0009053903813797427], [-0.00228559417099197, -0.000905390381379743, 0.0031352657141593783]], "chi2_level": 0.95, "chi2_df": 3, "chi2_threshold": 7.814727903251179, "N_raw": 39, "N_roi": 39, "N_inlier": 36, "refit": true}
{"timestamp": "15:40:22.646504", "frame": 53, "mu": [1.3655833516804605, 1.5327613038334005, 1.4278893041354654], "Sigma": [[0.002073333575308717, 9.499596433406371e-05, 0.0006129220825818876], [9.499596433406373e-05, 0.0019381183144568988, 0.00028535995292051854], [0.0006129220825818876, 0.00028535995292051854, 0.003119634819945982]], "chi2_level": 0.95, "chi2_df": 3, "chi2_threshold": 7.814727903251179, "N_raw": 14, "N_roi": 14, "N_inlier": 12, "refit": true}
{"timestamp": "15:40:22.706708", "frame": 54, "mu": [1.4798270796134427, 1.5571846585969304, 1.3240913803343521], "Sigma": [[0.00721169495885204, -0.0006534841294870439, 0.0006912002612609724], [-0.0006534841294870439, 0.002143018877726457, -0.0011727654840392242], [0.0006912002612609724, -0.0011727654840392242, 0.027037993036682625]], "chi2_level": 0.95, "chi2_df": 3, "chi2_threshold": 7.814727903251179, "N_raw": 47, "N_roi": 47, "N_inlier": 47, "refit": true}
{"timestamp": "15:40:22.757088", "frame": 55, "mu": [1.4849690254291925, 1.7373875484555794, 1.5290633359303534], "Sigma": [[0.006523398028053635, 0.002000634808778978, 0.002952863328915126], [0.002000634808778978, 0.0025187064512555823, 0.0003811783246172271], [0.0029528633289151256, 0.0003811783246172269, 0.003728980776704686]], "chi2_level": 0.95, "chi2_df": 3, "chi2_threshold": 7.814727903251179, "N_raw": 15, "N_roi": 15, "N_inlier": 15, "refit": true}
{"timestamp": "15:40:22.865736", "frame": 57, "mu": [1.4604897394535805, 1.7472832326941479, 1.1905070871569357], "Sigma": [[0.02832796642566794, -0.018275128172812703, -0.07091985341044785], [-0.018275128172812707, 0.02262574377993915, 0.06723170770889675], [-0.07091985341044785, 0.06723170770889675, 0.2217666074774717]], "chi2_level": 0.95, "chi2_df": 3, "chi2_threshold": 7.814727903251179, "N_raw": 8, "N_roi": 8, "N_inlier": 8, "refit": true}
{"timestamp": "15:40:22.920720", "frame": 58, "mu": [1.4697040884123822, 1.769127640849392, 1.1021912672527485], "Sigma": [[0.035205983897677554, -0.027448992464096558, -0.09316249998958959], [-0.027448992464096558, 0.03293953793772094, 0.09655820786819568], [-0.09316249998958959, 0.09655820786819568, 0.30280433284388303]], "chi2_level": 0.95, "chi2_df": 3, "chi2_threshold": 7.814727903251179, "N_raw": 7, "N_roi": 7, "N_inlier": 7, "refit": true}
{"timestamp": "15:40:23.089650", "frame": 61, "mu": [1.394595077651669, 2.1019455949134973, 0.14930225543984588], "Sigma": [[0.0058581037632177875, -0.0012745464768368386, -0.0008170217774953366], [-0.0012745464768368386, 0.004038897092630756, 0.0011308650738346847], [-0.0008170217774953365, 0.0011308650738346849, 0.009699691244509482]], "chi2_level": 0.95, "chi2_df": 3, "chi2_threshold": 7.814727903251179, "N_raw": 33, "N_roi": 33, "N_inlier": 31, "refit": true}
{"timestamp": "15:40:23.141833", "frame": 62, "mu": [1.4786949016081465, 2.0341367762869647, 0.9580387476474154], "Sigma": [[0.015186116048564645, -0.012989883509081776, -0.06682294025116586], [-0.012989883509081776, 0.02106657798344508, 0.0703975454938581], [-0.06682294025116586, 0.07039754549385809, 0.35758425859134507]], "chi2_level": 0.95, "chi2_df": 3, "chi2_threshold": 7.814727903251179, "N_raw": 9, "N_roi": 9, "N_inlier": 9, "refit": true}
{"timestamp": "15:40:23.198458", "frame": 63, "mu": [1.3593149992121296, 2.2177396633582935, 1.6787517222023718], "Sigma": [[0.0038850782113597, -0.0005187477110937762, 1.8893733327592956e-05], [-0.0005187477110937762, 0.0022787381166571082, 0.0013426944928612871], [1.88937333275929e-05, 0.001342694492861287, 0.0014320060557004336]], "chi2_level": 0.95, "chi2_df": 3, "chi2_threshold": 7.814727903251179, "N_raw": 19, "N_roi": 19, "N_inlier": 17, "refit": true}
{"timestamp": "15:40:23.306697", "frame": 65, "mu": [1.3773359094733397, 2.288980293802549, 1.4579759359263993], "Sigma": [[0.007106290435711481, -0.003751597945532794, -0.015174291510528012], [-0.0037515979455327946, 0.008619262644886282, 0.025581730804633565], [-0.015174291510528012, 0.025581730804633565, 0.09109374914705232]], "chi2_level": 0.95, "chi2_df": 3, "chi2_threshold": 7.814727903251179, "N_raw": 15, "N_roi": 15, "N_inlier": 14, "refit": true}
{"timestamp": "15:40:23.360998", "frame": 66, "mu": [1.4453515009792186, 2.213012295617639, 1.1319485446484587], "Sigma": [[0.011069378951850999, -0.011986754413554887, -0.04841209120168289], [-0.011986754413554887, 0.030817271768239205, 0.09687458392186046], [-0.04841209120168288, 0.09687458392186046, 0.32527576356884186]], "chi2_level": 0.95, "chi2_df": 3, "chi2_threshold": 7.814727903251179, "N_raw": 8, "N_roi": 8, "N_inlier": 7, "refit": true}
{"timestamp": "15:40:23.417020", "frame": 67, "mu": [1.31670629763483, 2.3823745014461775, 1.3764411072563136], "Sigma": [[0.004562068920223656, -0.0058610984754940455, -0.019013911530007983], [-0.005861098475494045, 0.00936435460983134, 0.027614855698968942], [-0.019013911530007983, 0.027614855698968942, 0.10822115274431529]], "chi2_level": 0.95, "chi2_df": 3, "chi2_threshold": 7.814727903251179, "N_raw": 11, "N_roi": 11, "N_inlier": 10, "refit": true}
{"timestamp": "15:40:23.474710", "frame": 68, "mu": [1.3469374658369648, 2.524637175321278, 1.5034925079959491], "Sigma": [[0.005467969061868983, -0.0023511874352623425, -0.0035159607363817983], [-0.002351187435262343, 0.004294429329723644, 0.0010008784317589287], [-0.0035159607363817983, 0.0010008784317589287, 0.004920795111252682]], "chi2_level": 0.95, "chi2_df": 3, "chi2_threshold": 7.814727903251179, "N_raw": 31, "N_roi": 30, "N_inlier": 28, "refit": true}
{"timestamp": "15:40:23.530599", "frame": 69, "mu": [1.4049575861811248, 2.514222725366233, 1.3113717186871823], "Sigma": [[0.0069318191786388594, -0.0033943004329756855, -0.005454125448568315], [-0.0033943004329756855, 0.0031371092530664392, 0.0006254452574300613], [-0.005454125448568315, 0.0006254452574300613, 0.014524923897318928]], "chi2_level": 0.95, "chi2_df": 3, "chi2_threshold": 7.814727903251179, "N_raw": 32, "N_roi": 31, "N_inlier": 28, "refit": true}
{"timestamp": "15:40:23.582696", "frame": 70, "mu": [1.361114697347566, 2.527347515211685, 1.3670247757470941], "Sigma": [[0.0068430085812808085, -0.0030529497037220087, -0.0027633996315574796], [-0.0030529497037220087, 0.002564520444838891, 4.3471624481143396e-05], [-0.00276339963155748, 4.3471624481143437e-05, 0.004772521292178996]], "chi2_level": 0.95, "chi2_df": 3, "chi2_threshold": 7.814727903251179, "N_raw": 23, "N_roi": 23, "N_inlier": 21, "refit": true}
{"timestamp": "15:40:23.639752", "frame": 71, "mu": [1.4190094474896435, 2.6460836682935946, 1.5535969675456], "Sigma": [[0.007071714198274361, -0.00037785952798955624, 0.0027313958322801443], [-0.0003778595279895563, 0.003756378791021616, 0.0017253168877759673], [0.0027313958322801443, 0.0017253168877759673, 0.002888422743599806]], "chi2_level": 0.95, "chi2_df": 3, "chi2_threshold": 7.814727903251179, "N_raw": 31, "N_roi": 31, "N_inlier": 27, "refit": true}
{"timestamp": "15:40:23.696738", "frame": 72, "mu": [1.4002728199891803, 2.646338615843705, 1.5203124615360728], "Sigma": [[0.010140066264799344, -0.003919274460972637, -0.0014023383901629214], [-0.003919274460972637, 0.006746943341487409, 0.003998908346862026], [-0.0014023383901629212, 0.003998908346862026, 0.00318626046109339]], "chi2_level": 0.95, "chi2_df": 3, "chi2_threshold": 7.814727903251179, "N_raw": 39, "N_roi": 39, "N_inlier": 36, "refit": true}
{"timestamp": "15:40:23.747352", "frame": 73, "mu": [1.457161092303414, 2.688420307804211, 1.152855124682576], "Sigma": [[0.004841909102059922, -0.0021151826431264104, -0.0068663215340982724], [-0.0021151826431264104, 0.003205003115155308, -0.00494579808415651], [-0.0068663215340982724, -0.004945798084156511, 0.045508920267933586]], "chi2_level": 0.95, "chi2_df": 3, "chi2_threshold": 7.814727903251179, "N_raw": 16, "N_roi": 16, "N_inlier": 13, "refit": true}
{"timestamp": "15:40:23.802432", "frame": 74, "mu": [1.4504002484464225, 2.8033283295303137, 0.1303218218504596], "Sigma": [[0.0027062199389243464, 0.0009087010928000899, -0.003019726245712189], [0.0009087010928000899, 0.0099052403575306, -0.02214501149686578], [-0.0030197262457121884, -0.02214501149686578, 0.06237107858181616]], "chi2_level": 0.95, "chi2_df": 3, "chi2_threshold": 7.814727903251179, "N_raw": 17, "N_roi": 17, "N_inlier": 15, "refit": true}
{"timestamp": "15:40:23.967653", "frame": 77, "mu": [1.605348824013416, 2.7421700559567177, 0.6082276360502767], "Sigma": [[0.011585017044005693, -0.00846564586582667, -0.017020258014307753], [-0.008465645865826668, 0.007912939655633002, 0.01323632256932156], [-0.017020258014307753, 0.013236322569321559, 0.044285735793181485]], "chi2_level": 0.95, "chi2_df": 3, "chi2_threshold": 7.814727903251179, "N_raw": 20, "N_roi": 20, "N_inlier": 18, "refit": true}
{"timestamp": "15:40:24.025385", "frame": 78, "mu": [1.3801040406530065, 2.9770004800970877, 1.3362393323180068], "Sigma": [[0.009943285234307177, -0.0036333808884307732, -0.0014011230640900124], [-0.0036333808884307732, 0.003926085344594556, -0.0021135235992079376], [-0.001401123064090012, -0.0021135235992079376, 0.004817819573806783]], "chi2_level": 0.95, "chi2_df": 3, "chi2_threshold": 7.814727903251179, "N_raw": 35, "N_roi": 34, "N_inlier": 32, "refit": true}
{"timestamp": "15:40:24.136634", "frame": 80, "mu": [1.3856217769824986, 3.083324354171749, 1.4180905206183396], "Sigma": [[0.01755163814628572, -0.0057558727514654615, -0.010766766601468658], [-0.0057558727514654615, 0.005320681985687769, 0.0009763354858610464], [-0.01076676660146866, 0.0009763354858610464, 0.014433959486275717]], "chi2_level": 0.95, "chi2_df": 3, "chi2_threshold": 7.814727903251179, "N_raw": 48, "N_roi": 48, "N_inlier": 47, "refit": true}
{"timestamp": "15:40:24.190937", "frame": 81, "mu": [1.4311810081078011, 3.1197536231620706, 1.4484094207643918], "Sigma": [[0.015941843908654697, -0.005616105128157517, -0.0036122580600136843], [-0.005616105128157517, 0.00441756980790508, 0.0006100329224224352], [-0.0036122580600136843, 0.0006100329224224351, 0.002666353467772215]], "chi2_level": 0.95, "chi2_df": 3, "chi2_threshold": 7.814727903251179, "N_raw": 36, "N_roi": 36, "N_inlier": 34, "refit": true}
{"timestamp": "15:40:24.249874", "frame": 82, "mu": [1.3928703596995098, 3.2003026741375664, 1.4974162683248033], "Sigma": [[0.019599192195212552, -0.005950910230509454, -0.006971859004429268], [-0.005950910230509454, 0.009057018509388025, 0.00293439278668268], [-0.006971859004429268, 0.00293439278668268, 0.00423639310032032]], "chi2_level": 0.95, "chi2_df": 3, "chi2_threshold": 7.814727903251179, "N_raw": 61, "N_roi": 61, "N_inlier": 59, "refit": true}
{"timestamp": "15:40:24.304107", "frame": 83, "mu": [1.448129560753248, 3.2504067786184354, 1.272039237358943], "Sigma": [[0.015502109568520746, -0.007494148584720013, -0.022430405875423352], [-0.007494148584720013, 0.006925659212686221, 0.003069671678504842], [-0.022430405875423352, 0.0030696716785048425, 0.13553373806922325]], "chi2_level": 0.95, "chi2_df": 3, "chi2_threshold": 7.814727903251179, "N_raw": 51, "N_roi": 49, "N_inlier": 47, "refit": true}
{"timestamp": "15:40:24.356969", "frame": 84, "mu": [1.4876800691421614, 3.21984405594576, 0.7575663895827416], "Sigma": [[0.014344984792630812, -0.0079777270599256, -0.037495406916088034], [-0.0079777270599256, 0.006390332739478346, 0.024376485275857077], [-0.037495406916088034, 0.024376485275857077, 0.18930763639774378]], "chi2_level": 0.95, "chi2_df": 3, "chi2_threshold": 7.814727903251179, "N_raw": 40, "N_roi": 40, "N_inlier": 39, "refit": true}
{"timestamp": "15:40:24.411969", "frame": 85, "mu": [1.4509519730645883, 3.3638947407235085, 1.3423219532134807], "Sigma": [[0.01681894058474724, -0.008718910324570107, -0.019933415659177944], [-0.008718910324570107, 0.010858297623537313, 0.03201440529310694], [-0.019933415659177948, 0.03201440529310694, 0.15701316482359362]], "chi2_level": 0.95, "chi2_df": 3, "chi2_threshold": 7.814727903251179, "N_raw": 44, "N_roi": 44, "N_inlier": 44, "refit": true}
{"timestamp": "15:40:24.465192", "frame": 86, "mu": [1.5120874079185118, 3.3468070268169527, 1.0360863215491563], "Sigma": [[0.014593310560440536, -0.005832119720864042, -0.014053605468802716], [-0.0058321197208640405, 0.0034599499101623157, 0.010966379325208869], [-0.014053605468802717, 0.010966379325208869, 0.0873233977767102]], "chi2_level": 0.95, "chi2_df": 3, "chi2_threshold": 7.814727903251179, "N_raw": 39, "N_roi": 39, "N_inlier": 38, "refit": true}
{"timestamp": "15:40:24.519263", "frame": 87, "mu": [1.4806018499622824, 3.4462843037104594, 1.1419268162862626], "Sigma": [[0.008619671756466626, -0.006106778970930243, -0.013404031240493228], [-0.006106778970930243, 0.006178480170336399, 0.00997458339891046], [-0.01340403124049323, 0.00997458339891046, 0.05426654287406581]], "chi2_level": 0.95, "chi2_df": 3, "chi2_threshold": 7.814727903251179, "N_raw": 28, "N_roi": 28, "N_inlier": 28, "refit": true}
{"timestamp": "15:40:24.573920", "frame": 88, "mu": [1.4308631872280717, 3.5770215983227756, 1.560411211586862], "Sigma": [[0.01329039466393569, -0.0059365940063545565, -0.00736907672352701], [-0.0059365940063545565, 0.00439873486982706, 0.0030665148773319287], [-0.00736907672352701, 0.0030665148773319287, 0.006266134702869034]], "chi2_level": 0.95, "chi2_df": 3, "chi2_threshold": 7.814727903251179, "N_raw": 29, "N_roi": 27, "N_inlier": 24, "refit": true}
{"timestamp": "15:40:24.627375", "frame": 89, "mu": [1.4010101098190049, 3.6408617370672647, 1.4563808492611283], "Sigma": [[0.010879762154392854, -0.003576239569347714, -0.00589640262578725], [-0.003576239569347714, 0.0026800379935411883, 0.0013527236474543715], [-0.00589640262578725, 0.0013527236474543715, 0.006008244247344801]], "chi2_level": 0.95, "chi2_df": 3, "chi2_threshold": 7.814727903251179, "N_raw": 24, "N_roi": 24, "N_inlier": 21, "refit": true}
{"timestamp": "15:40:24.682267", "frame": 90, "mu": [1.4531857286608296, 3.6241509869033774, 1.399748135213735], "Sigma": [[0.012397288131320953, -0.004835225077567694, -0.006296890693799369], [-0.004835225077567694, 0.003333125041157668, 0.0013853246629401583], [-0.006296890693799369, 0.0013853246629401583, 0.005655632361805405]], "chi2_level": 0.95, "chi2_df": 3, "chi2_threshold": 7.814727903251179, "N_raw": 24, "N_roi": 24, "N_inlier": 23, "refit": true}
{"timestamp": "15:40:24.742027", "frame": 91, "mu": [1.5157766235789096, 3.636126969357116, 1.2506228097533787], "Sigma": [[0.022230481606613527, -0.007164216318912119, -0.011981338987523169], [-0.007164216318912119, 0.005363885070580314, 0.0003151902130164452], [-0.011981338987523167, 0.0003151902130164452, 0.012852794420202573]], "chi2_level": 0.95, "chi2_df": 3, "chi2_threshold": 7.814727903251179, "N_raw": 50, "N_roi": 50, "N_inlier": 49, "refit": true}
{"timestamp": "15:40:24.796049", "frame": 92, "mu": [1.483681717221695, 3.693689828955796, 1.3060531603287495], "Sigma": [[0.021861757268912964, -0.008126333696353993, -0.012563931630298883], [-0.008126333696353993, 0.005378632303771269, 0.0021864529705628265], [-0.012563931630298883, 0.0021864529705628265, 0.011443240181510354]], "chi2_level": 0.95, "chi2_df": 3, "chi2_threshold": 7.814727903251179, "N_raw": 41, "N_roi": 41, "N_inlier": 41, "refit": true}
{"timestamp": "15:40:25.067387", "frame": 97, "mu": [1.4863046083351503, 3.931272242947237, 1.2788797269406404], "Sigma": [[0.01593575922849519, -0.00704757193299829, -0.014220878178596049], [-0.00704757193299829, 0.006128696199204837, 0.010605904251063615], [-0.01422087817859605, 0.010605904251063615, 0.022112553513070184]], "chi2_level": 0.95, "chi2_df": 3, "chi2_threshold": 7.814727903251179, "N_raw": 25, "N_roi": 25, "N_inlier": 23, "refit": true}
{"timestamp": "15:40:25.274445", "frame": 100, "mu": [1.5385707992499904, 4.044495689039001, 1.2536232504861438], "Sigma": [[0.010942098299807032, -0.0038800118445625805, -0.011217554780653304], [-0.0038800118445625805, 0.0025897701728647567, 0.003048937419021012], [-0.011217554780653304, 0.003048937419021012, 0.015561800271404844]], "chi2_level": 0.95, "chi2_df": 3, "chi2_threshold": 7.814727903251179, "N_raw": 22, "N_roi": 19, "N_inlier": 18, "refit": true}
{"timestamp": "15:40:25.342573", "frame": 102, "mu": [1.334545798605403, 4.123847386027309, 1.2952076328215318], "Sigma": [[0.0177370465106718, -0.006414273190632711, -0.006826097439609384], [-0.006414273190632711, 0.0037231290997755966, 0.001169147370911045], [-0.006826097439609383, 0.0011691473709110447, 0.00583387619628109]], "chi2_level": 0.95, "chi2_df": 3, "chi2_threshold": 7.814727903251179, "N_raw": 23, "N_roi": 23, "N_inlier": 22, "refit": true}
{"timestamp": "15:40:25.396709", "frame": 103, "mu": [1.2703260524995976, 4.154983268385792, 1.520468145715198], "Sigma": [[0.005597324498953258, -0.002393170829119184, -0.004781299332092364], [-0.002393170829119184, 0.005111901896601202, 0.011771262823583433], [-0.004781299332092364, 0.011771262823583435, 0.02897747066712156]], "chi2_level": 0.95, "chi2_df": 3, "chi2_threshold": 7.814727903251179, "N_raw": 9, "N_roi": 9, "N_inlier": 9, "refit": true}
{"timestamp": "15:40:25.674451", "frame": 108, "mu": [1.1791513923199881, 4.286080203196827, 1.3678773070453332], "Sigma": [[0.014153217378886208, -0.005365243224661935, -0.005707881400824991], [-0.005365243224661935, 0.006123102028515718, 0.004086029164790436], [-0.005707881400824991, 0.004086029164790436, 0.005417344709567195]], "chi2_level": 0.95, "chi2_df": 3, "chi2_threshold": 7.814727903251179, "N_raw": 32, "N_roi": 32, "N_inlier": 29, "refit": true}
{"timestamp": "15:40:25.892577", "frame": 112, "mu": [1.1783900322677114, 4.2934556580392575, 1.2491571003013604], "Sigma": [[0.007594549958249702, -0.0022258637992939897, -0.005766616515924326], [-0.0022258637992939897, 0.002532065336772915, 0.0011767890030586802], [-0.005766616515924325, 0.0011767890030586802, 0.0060581875617482335]], "chi2_level": 0.95, "chi2_df": 3, "chi2_threshold": 7.814727903251179, "N_raw": 16, "N_roi": 16, "N_inlier": 16, "refit": true}
{"timestamp": "15:40:26.334588", "frame": 120, "mu": [1.1263134667010222, 4.330828477038507, 0.934887420899529], "Sigma": [[0.016308193415521328, -0.004976962466820173, -0.0222061387049238], [-0.004976962466820173, 0.00238930910143614, 0.0034829884241167263], [-0.022206138704923797, 0.0034829884241167263, 0.051768704286612593]], "chi2_level": 0.95, "chi2_df": 3, "chi2_threshold": 7.814727903251179, "N_raw": 34, "N_roi": 32, "N_inlier": 28, "refit": true}
{"timestamp": "15:40:26.388961", "frame": 121, "mu": [1.0274326004143428, 4.326822111532553, 1.174876746073663], "Sigma": [[0.010952473512531634, -0.0026261790103797892, -0.013686841959616391], [-0.0026261790103797897, 0.0011376026359394187, 0.00213292244683223], [-0.013686841959616391, 0.0021329224468322294, 0.040978374568639585]], "chi2_level": 0.95, "chi2_df": 3, "chi2_threshold": 7.814727903251179, "N_raw": 24, "N_roi": 21, "N_inlier": 18, "refit": true}
{"timestamp": "15:40:26.444061", "frame": 122, "mu": [0.9651902509912622, 4.62033186463141, 0.022899728691656417], "Sigma": [[0.008018772437717325, -0.004212305750292316, 0.0027361721821092698], [-0.004212305750292316, 0.017117568945614267, -0.021988488126802517], [0.0027361721821092698, -0.02198848812680252, 0.03269912268316483]], "chi2_level": 0.95, "chi2_df": 3, "chi2_threshold": 7.814727903251179, "N_raw": 24, "N_roi": 21, "N_inlier": 19, "refit": true}
{"timestamp": "15:40:26.495657", "frame": 123, "mu": [0.9802296598187488, 4.345085628259417, 0.8819746522972733], "Sigma": [[0.004229895115978447, -0.0008265646485602715, -0.011760714345207013], [-0.0008265646485602716, 0.009354067511779954, -0.014886882319373513], [-0.011760714345207013, -0.014886882319373516, 0.08883784953459559]], "chi2_level": 0.95, "chi2_df": 3, "chi2_threshold": 7.814727903251179, "N_raw": 8, "N_roi": 8, "N_inlier": 8, "refit": true}
{"timestamp": "15:40:26.553706", "frame": 124, "mu": [1.0577837112172137, 4.2432729200723545, 0.7857616580549263], "Sigma": [[0.012843042726932447, -0.006970163995505424, -0.0019563725766480727], [-0.006970163995505424, 0.005830510645547897, -0.0009290547608011832], [-0.0019563725766480727, -0.0009290547608011834, 0.004964075651939354]], "chi2_level": 0.95, "chi2_df": 3, "chi2_threshold": 7.814727903251179, "N_raw": 24, "N_roi": 24, "N_inlier": 22, "refit": true}
{"timestamp": "15:40:26.605787", "frame": 125, "mu": [0.9792920143630666, 4.277186085825059, 0.682751706529451], "Sigma": [[0.009022403185386302, -0.006220098596156407, -0.023988744662595082], [-0.0062200985961564075, 0.007507244711353612, 0.004591184470681319], [-0.023988744662595082, 0.004591184470681318, 0.3087673579634723]], "chi2_level": 0.95, "chi2_df": 3, "chi2_threshold": 7.814727903251179, "N_raw": 8, "N_roi": 8, "N_inlier": 8, "refit": true}
{"timestamp": "15:40:26.666707", "frame": 126, "mu": [0.8463803214641101, 4.336612009240786, 0.812140568178274], "Sigma": [[0.020096727988229156, -0.008908931703028124, -0.005155112704299366], [-0.008908931703028124, 0.007429809557903073, -0.00021463139188656493], [-0.005155112704299366, -0.00021463139188656515, 0.01089630807512469]], "chi2_level": 0.95, "chi2_df": 3, "chi2_threshold": 7.814727903251179, "N_raw": 47, "N_roi": 45, "N_inlier": 40, "refit": true}
{"timestamp": "15:40:26.722152", "frame": 127, "mu": [0.9456565218595925, 4.410628831092384, -0.16782858926445382], "Sigma": [[0.019707668205823738, -0.009090813843798836, -0.001964881912557507], [-0.009090813843798838, 0.008271952002135085, -0.0029999407293995668], [-0.0019648819125575078, -0.002999940729399566, 0.00865864208376677]], "chi2_level": 0.95, "chi2_df": 3, "chi2_threshold": 7.814727903251179, "N_raw": 43, "N_roi": 43, "N_inlier": 40, "refit": true}
{"timestamp": "15:40:26.781291", "frame": 128, "mu": [0.939041878123512, 4.260208723549217, -0.26476458011845183], "Sigma": [[0.02233427884102331, -0.00012292542040623743, 0.04215403282249902], [-0.00012292542040623746, 0.00984544881359462, -0.005720126299200224], [0.04215403282249902, -0.005720126299200224, 0.2205625530525401]], "chi2_level": 0.95, "chi2_df": 3, "chi2_threshold": 7.814727903251179, "N_raw": 71, "N_roi": 71, "N_inlier": 68, "refit": true}
{"timestamp": "15:40:26.833077", "frame": 129, "mu": [0.9251143660985862, 4.081155120945599, 0.8884584254149435], "Sigma": [[0.02146875156159389, -0.00603964025742754, -0.014776833579538977], [-0.006039640257427541, 0.0034333959003366027, -0.0003211355351449924], [-0.014776833579538977, -0.00032113553514499213, 0.028469973887015082]], "chi2_level": 0.95, "chi2_df": 3, "chi2_threshold": 7.814727903251179, "N_raw": 49, "N_roi": 49, "N_inlier": 48, "refit": true}
{"timestamp": "15:40:26.890890", "frame": 130, "mu": [0.9085909584962024, 4.032944539080629, 0.6260939348489534], "Sigma": [[0.025709998178068016, -0.006812557076517376, 0.0010650189645127124], [-0.006812557076517376, 0.0058196811341510515, -0.0023617566471405864], [0.001065018964512712, -0.002361756647140586, 0.01578041527781447]], "chi2_level": 0.95, "chi2_df": 3, "chi2_threshold": 7.814727903251179, "N_raw": 65, "N_roi": 65, "N_inlier": 60, "refit": true}
{"timestamp": "15:40:26.946204", "frame": 131, "mu": [0.909269359817072, 4.029711302099457, 0.9529857618308952], "Sigma": [[0.02372495837073323, -0.005021961012968897, -0.010417433578891733], [-0.005021961012968897, 0.0035631979345912314, -0.006543566423313753], [-0.010417433578891733, -0.006543566423313753, 0.0498419217364416]], "chi2_level": 0.95, "chi2_df": 3, "chi2_threshold": 7.814727903251179, "N_raw": 74, "N_roi": 74, "N_inlier": 71, "refit": true}
{"timestamp": "15:40:27.000297", "frame": 132, "mu": [0.9045981851321143, 3.9829349571107096, 0.9533667275839256], "Sigma": [[0.016527470503811623, -0.004987262990598658, -0.006275418416223989], [-0.004987262990598658, 0.0026761492112248363, -0.003973949630488135], [-0.006275418416223989, -0.003973949630488135, 0.05776479060232841]], "chi2_level": 0.95, "chi2_df": 3, "chi2_threshold": 7.814727903251179, "N_raw": 62, "N_roi": 54, "N_inlier": 53, "refit": true}
{"timestamp": "15:40:27.053335", "frame": 133, "mu": [0.9614944449981645, 3.920086367440222, 0.8231036833465563], "Sigma": [[0.018976050531326605, -0.004043427942934113, -0.00014240303865111197], [-0.004043427942934113, 0.00218920543243473, -0.002818099786747342], [-0.00014240303865111024, -0.0028180997867473427, 0.04809144835840617]], "chi2_level": 0.95, "chi2_df": 3, "chi2_threshold": 7.814727903251179, "N_raw": 52, "N_roi": 52, "N_inlier": 50, "refit": true}
{"timestamp": "15:40:27.104847", "frame": 134, "mu": [0.9389602092597142, 3.8349698942433585, 0.5680907035310506], "Sigma": [[0.01677833636007919, -0.002766502621423072, 0.002177972673462747], [-0.002766502621423072, 0.0010656629567734168, -0.0012282599378206686], [0.002177972673462747, -0.0012282599378206686, 0.040234579770875835]], "chi2_level": 0.95, "chi2_df": 3, "chi2_threshold": 7.814727903251179, "N_raw": 36, "N_roi": 36, "N_inlier": 32, "refit": true}
{"timestamp": "15:40:27.155984", "frame": 135, "mu": [0.9011608139062001, 3.799839750364975, 0.8466877553032635], "Sigma": [[0.0036269591245920805, 0.0003899882619568989, -0.019028139877314824], [0.0003899882619568989, 0.0012937372747461788, -0.007193477087922008], [-0.019028139877314824, -0.007193477087922008, 0.12722733780847204]], "chi2_level": 0.95, "chi2_df": 3, "chi2_threshold": 7.814727903251179, "N_raw": 8, "N_roi": 8, "N_inlier": 8, "refit": true}
{"timestamp": "15:40:27.219714", "frame": 136, "mu": [0.8714441965621068, 3.7707834608713853, 0.8291927701836382], "Sigma": [[0.020431626790354047, -0.005697348113506339, -0.014760993184988299], [-0.0056973481135063385, 0.0028278386073404705, -0.00011910283911764023], [-0.014760993184988297, -0.00011910283911764033, 0.04217512128084305]], "chi2_level": 0.95, "chi2_df": 3, "chi2_threshold": 7.814727903251179, "N_raw": 59, "N_roi": 59, "N_inlier": 56, "refit": true}
{"timestamp": "15:40:27.276216", "frame": 137, "mu": [0.827465249091131, 3.7134774258079752, 0.8685960663799194], "Sigma": [[0.020324143342682816, -0.004878394036285837, 0.0037135480947999757], [-0.004878394036285837, 0.002624089865580317, -0.005728294688775561], [0.0037135480947999757, -0.005728294688775563, 0.050219341491370736]], "chi2_level": 0.95, "chi2_df": 3, "chi2_threshold": 7.814727903251179, "N_raw": 67, "N_roi": 67, "N_inlier": 64, "refit": true}
{"timestamp": "15:40:27.330335", "frame": 138, "mu": [0.8877779455461922, 3.646412171171256, 0.7202942524530056], "Sigma": [[0.026123166518748377, -0.005987703103052041, -0.017933936591159907], [-0.005987703103052041, 0.0037291243206192654, 0.0025172903591073386], [-0.017933936591159907, 0.0025172903591073386, 0.03919967143033558]], "chi2_level": 0.95, "chi2_df": 3, "chi2_threshold": 7.814727903251179, "N_raw": 59, "N_roi": 59, "N_inlier": 56, "refit": true}
{"timestamp": "15:40:27.386302", "frame": 139, "mu": [0.8372399905003292, 3.656484372705503, -0.9881549765114336], "Sigma": [[0.028490855495665074, 0.011789867929582368, 0.02078998457525305], [0.011789867929582368, 0.013486309229847232, 0.012956539222145796], [0.02078998457525305, 0.012956539222145798, 0.10907619571680856]], "chi2_level": 0.95, "chi2_df": 3, "chi2_threshold": 7.814727903251179, "N_raw": 69, "N_roi": 69, "N_inlier": 67, "refit": true}
{"timestamp": "15:40:27.442291", "frame": 140, "mu": [0.8354062507659296, 3.7149068595120087, -0.39089965632113355], "Sigma": [[0.03005942987514522, 0.0015780199129109883, -0.005487342431300914], [0.0015780199129109883, 0.006232155812069832, -0.0022623180046028616], [-0.005487342431300914, -0.0022623180046028616, 0.05189861020951088]], "chi2_level": 0.95, "chi2_df": 3, "chi2_threshold": 7.814727903251179, "N_raw": 73, "N_roi": 73, "N_inlier": 67, "refit": true}
{"timestamp": "15:40:27.492776", "frame": 141, "mu": [0.7940430452619552, 3.462808831798576, 0.9414976034154698], "Sigma": [[0.01376232354265725, -0.0019442637268675287, -0.006437665889437057], [-0.001944263726867529, 0.0008590260771751333, -0.0016013825945832994], [-0.006437665889437057, -0.0016013825945832992, 0.07010180284353344]], "chi2_level": 0.95, "chi2_df": 3, "chi2_threshold": 7.814727903251179, "N_raw": 47, "N_roi": 47, "N_inlier": 44, "refit": true}
{"timestamp": "15:40:27.546215", "frame": 142, "mu": [0.9301935199530531, 3.4396679783406476, 0.5576242022470463], "Sigma": [[0.015290425957490321, -0.005553423270614034, -0.002200532854039435], [-0.005553423270614035, 0.009343809608224065, -0.012783328585668866], [-0.0022005328540394362, -0.012783328585668862, 0.03919202419764427]], "chi2_level": 0.95, "chi2_df": 3, "chi2_threshold": 7.814727903251179, "N_raw": 35, "N_roi": 35, "N_inlier": 32, "refit": true}
{"timestamp": "15:40:27.606806", "frame": 143, "mu": [0.8980914649511538, 3.373215348147565, 0.8875583959043766], "Sigma": [[0.020013294068841066, -0.009830092096135747, -0.03475817450344709], [-0.009830092096135749, 0.007343465826200152, 0.020837392598505172], [-0.03475817450344709, 0.02083739259850517, 0.14693332138035126]], "chi2_level": 0.95, "chi2_df": 3, "chi2_threshold": 7.814727903251179, "N_raw": 74, "N_roi": 74, "N_inlier": 72, "refit": true}
{"timestamp": "15:40:27.659364", "frame": 144, "mu": [0.9251723916646976, 3.2637158430158646, 0.8096317837562508], "Sigma": [[0.03170620709976323, -0.010792448815679926, -0.056770863403639536], [-0.010792448815679926, 0.004468126155297422, 0.019761517884168318], [-0.056770863403639536, 0.019761517884168318, 0.146014791449536]], "chi2_level": 0.95, "chi2_df": 3, "chi2_threshold": 7.814727903251179, "N_raw": 55, "N_roi": 55, "N_inlier": 50, "refit": true}
{"timestamp": "15:40:27.715284", "frame": 145, "mu": [0.8509354731122823, 3.235156731926455, 0.8866511529589176], "Sigma": [[0.018420537905627414, -0.0028109837733197402, -0.009734639813340891], [-0.0028109837733197402, 0.002163029088190511, -0.002331752660103007], [-0.009734639813340891, -0.0023317526601030073, 0.03157747232156931]], "chi2_level": 0.95, "chi2_df": 3, "chi2_threshold": 7.814727903251179, "N_raw": 64, "N_roi": 64, "N_inlier": 60, "refit": true}
{"timestamp": "15:40:27.771557", "frame": 146, "mu": [0.9082512754394496, 3.3877054106086466, -0.43498549100526424], "Sigma": [[0.027338305884366455, -0.0020415221951347747, -0.01604555604099201], [-0.0020415221951347747, 0.004717193201065535, -0.004142092024358222], [-0.016045556040992014, -0.004142092024358221, 0.01864685031424837]], "chi2_level": 0.95, "chi2_df": 3, "chi2_threshold": 7.814727903251179, "N_raw": 73, "N_roi": 73, "N_inlier": 69, "refit": true}
{"timestamp": "15:40:27.824360", "frame": 147, "mu": [0.8500674072533242, 3.3203084005517143, -0.3228789103909302], "Sigma": [[0.015774728364066366, -7.798275859959315e-05, -0.01684257786940456], [-7.798275859959296e-05, 0.0045812792614087165, -0.011301941666765875], [-0.01684257786940456, -0.011301941666765875, 0.04857339985835074]], "chi2_level": 0.95, "chi2_df": 3, "chi2_threshold": 7.814727903251179, "N_raw": 56, "N_roi": 56, "N_inlier": 52, "refit": true}
{"timestamp": "15:40:27.880550", "frame": 148, "mu": [0.8565824107865876, 3.289375899140193, -0.36092127840440724], "Sigma": [[0.01751476712885786, -0.002499411005193594, -0.013060546203253746], [-0.002499411005193594, 0.005377962567139699, -0.008987866276186], [-0.01306054620325375, -0.008987866276186, 0.03815104483786568]], "chi2_level": 0.95, "chi2_df": 3, "chi2_threshold": 7.814727903251179, "N_raw": 64, "N_roi": 64, "N_inlier": 60, "refit": true}
{"timestamp": "15:40:27.933323", "frame": 149, "mu": [0.8959255187487436, 3.2375196120045184, -0.38823837814002193], "Sigma": [[0.012348031554816983, -0.0027907850452853896, 0.0030736121738455815], [-0.0027907850452853896, 0.004051492287236893, -0.008584014478949112], [0.003073612173845582, -0.008584014478949112, 0.020783411407564848]], "chi2_level": 0.95, "chi2_df": 3, "chi2_threshold": 7.814727903251179, "N_raw": 49, "N_roi": 49, "N_inlier": 43, "refit": true}
{"timestamp": "15:40:27.990660", "frame": 150, "mu": [0.7921749472315573, 2.997885655398661, 0.9440513168864603], "Sigma": [[0.014340731516830628, -0.004652069723322419, 0.005038331286637313], [-0.00465206972332242, 0.004509130656314018, -0.00708984026081806], [0.005038331286637313, -0.007089840260818058, 0.016330594685932506]], "chi2_level": 0.95, "chi2_df": 3, "chi2_threshold": 7.814727903251179, "N_raw": 69, "N_roi": 69, "N_inlier": 64, "refit": true}
{"timestamp": "15:40:28.039336", "frame": 151, "mu": [0.7911864715369414, 2.9517372405712154, 0.608661330961656], "Sigma": [[0.004236594532541258, -0.0005499838568382328, -0.012922255493598997], [-0.000549983856838233, 0.006897927797645131, -0.04097209836217902], [-0.012922255493598997, -0.04097209836217902, 0.40470237135463794]], "chi2_level": 0.95, "chi2_df": 3, "chi2_threshold": 7.814727903251179, "N_raw": 24, "N_roi": 24, "N_inlier": 21, "refit": true}
{"timestamp": "15:40:28.098591", "frame": 152, "mu": [0.8438154695751476, 3.024321926145631, -0.19761834347010457], "Sigma": [[0.01322469654601927, -0.0029693824596622896, -0.005058156998310002], [-0.0029693824596622896, 0.006392286575325147, -0.01097252105256381], [-0.005058156998310002, -0.010972521052563812, 0.03649250145421233]], "chi2_level": 0.95, "chi2_df": 3, "chi2_threshold": 7.814727903251179, "N_raw": 63, "N_roi": 63, "N_inlier": 59, "refit": true}
{"timestamp": "15:40:28.155281", "frame": 153, "mu": [0.9236297333059461, 2.83625630107224, 0.8783209973813467], "Sigma": [[0.017688303345813883, -0.007927758729064538, -0.001709055402183863], [-0.007927758729064538, 0.007851901103644867, -0.010012969579233841], [-0.001709055402183863, -0.010012969579233841, 0.034874323995127784]], "chi2_level": 0.95, "chi2_df": 3, "chi2_threshold": 7.814727903251179, "N_raw": 62, "N_roi": 62, "N_inlier": 58, "refit": true}
{"timestamp": "15:40:28.209441", "frame": 154, "mu": [0.8638369414334351, 3.20662218779346, -0.48350544093471437], "Sigma": [[0.018086018580356765, 0.00600167084245613, 0.00249931386846811], [0.0060016708424561315, 0.06692129935638857, 0.008499754834655818], [0.0024993138684681095, 0.008499754834655822, 0.09722718106893938]], "chi2_level": 0.95, "chi2_df": 3, "chi2_threshold": 7.814727903251179, "N_raw": 61, "N_roi": 61, "N_inlier": 58, "refit": true}
{"timestamp": "15:40:28.267225", "frame": 155, "mu": [0.9163310334713847, 2.7094207729892954, 0.9636912895964123], "Sigma": [[0.014976635905073123, -0.004326720330443747, -0.006041914823260967], [-0.004326720330443746, 0.0233672977689172, 0.016699480283675246], [-0.006041914823260967, 0.01669948028367525, 0.05090422005735349]], "chi2_level": 0.95, "chi2_df": 3, "chi2_threshold": 7.814727903251179, "N_raw": 75, "N_roi": 75, "N_inlier": 67, "refit": true}
{"timestamp": "15:40:28.319584", "frame": 156, "mu": [0.887861137141839, 2.808352136081676, -0.42481783747332375], "Sigma": [[0.017906785726938764, -0.0029921545848203253, -0.007074328621644671], [-0.0029921545848203253, 0.003343911740255041, -0.005801848271076186], [-0.007074328621644671, -0.005801848271076186, 0.029196365695301842]], "chi2_level": 0.95, "chi2_df": 3, "chi2_threshold": 7.814727903251179, "N_raw": 63, "N_roi": 63, "N_inlier": 60, "refit": true}
{"timestamp": "15:40:28.378370", "frame": 157, "mu": [0.9713752505644523, 2.5433962622476525, 0.860781361779414], "Sigma": [[0.018954231303133673, -0.005108393157476647, -0.004135158062713885], [-0.005108393157476647, 0.0035669608204673122, -0.003003180017176617], [-0.004135158062713886, -0.0030031800171766167, 0.019937264200592074]], "chi2_level": 0.95, "chi2_df": 3, "chi2_threshold": 7.814727903251179, "N_raw": 78, "N_roi": 78, "N_inlier": 74, "refit": true}
{"timestamp": "15:40:28.434342", "frame": 158, "mu": [0.901105396751505, 2.6157892096960893, -0.9117493626037761], "Sigma": [[0.013839441175552978, 0.0035552902329766883, 0.01456945881407382], [0.0035552902329766874, 0.017940330018043158, 0.006021477095335796], [0.014569458814073821, 0.006021477095335799, 0.5438021870400772]], "chi2_level": 0.95, "chi2_df": 3, "chi2_threshold": 7.814727903251179, "N_raw": 86, "N_roi": 86, "N_inlier": 79, "refit": true}
{"timestamp": "15:40:28.489667", "frame": 159, "mu": [0.9103972750030768, 2.4272662438929915, 0.5378052754709677], "Sigma": [[0.010944106865758916, -0.001487946930837036, 0.014689794817242446], [-0.0014879469308370361, 0.0018529841336134415, 0.002375461497635902], [0.014689794817242445, 0.002375461497635902, 0.3020225555567626]], "chi2_level": 0.95, "chi2_df": 3, "chi2_threshold": 7.814727903251179, "N_raw": 87, "N_roi": 87, "N_inlier": 83, "refit": true}
{"timestamp": "15:40:28.543024", "frame": 160, "mu": [0.7968242653858092, 2.3982194136041683, 0.8625971160057816], "Sigma": [[0.012945968775420562, -0.003488071856484135, 0.0013238109052235913], [-0.003488071856484135, 0.0014245951516387977, -0.0020041300865008484], [0.0013238109052235917, -0.002004130086500848, 0.04560853565045951]], "chi2_level": 0.95, "chi2_df": 3, "chi2_threshold": 7.814727903251179, "N_raw": 77, "N_roi": 77, "N_inlier": 73, "refit": true}
