{"timestamp": "15:31:43.126944", "frame": 4, "mu": [-0.30263172080168743, 3.059966786782649, -0.4702477727930102], "Sigma": [[0.013029976334847834, 0.002814201664245233, 0.016212674740994824], [0.002814201664245233, 0.005198876099034845, 0.00554039139792031], [0.016212674740994824, 0.005540391397920312, 0.08608046040573142]], "chi2_level": 0.95, "chi2_df": 3, "chi2_threshold": 7.814727903251179, "N_raw": 48, "N_roi": 48, "N_inlier": 48, "refit": true}
{"timestamp": "15:31:43.179294", "frame": 5, "mu": [-0.3174772030329735, 3.009577189527005, 0.5176020211488765], "Sigma": [[0.005601980045961656, 0.005551982014690998, 0.04740667783665758], [0.005551982014690999, 0.01343017953765634, 0.09117229716010702], [0.04740667783665758, 0.09117229716010702, 0.6627716355339929]], "chi2_level": 0.95, "chi2_df": 3, "chi2_threshold": 7.814727903251179, "N_raw": 7, "N_roi": 7, "N_inlier": 7, "refit": true}
{"timestamp": "15:31:43.235696", "frame": 6, "mu": [-0.35052017122709656, 2.9937841318281944, 1.4343173967764205], "Sigma": [[0.010302766894495064, 0.0010017955063899176, -0.0030790988527327817], [0.0010017955063899176, 0.0016573927676773348, -9.290699088302045e-05], [-0.0030790988527327817, -9.290699088302045e-05, 0.0015019214946870442]], "chi2_level": 0.95, "chi2_df": 3, "chi2_threshold": 7.814727903251179, "N_raw": 24, "N_roi": 24, "N_inlier": 23, "refit": true}
{"timestamp": "15:31:43.293377", "frame": 7, "mu": [-0.36411016617951736, 3.083953441661244, 1.4517687710608105], "Sigma": [[0.015953515932718043, 0.00033631752198766624, -0.004910371581563552], [0.00033631752198766624, 0.003164439797936138, 0.00031094823535062974], [-0.004910371581563552, 0.0003109482353506298, 0.00273732129771169]], "chi2_level": 0.95, "chi2_df": 3, "chi2_threshold": 7.814727903251179, "N_raw": 40, "N_roi": 40, "N_inlier": 39, "refit": true}
{"timestamp": "15:31:43.507792", "frame": 11, "mu": [-0.3529595453813662, 3.1149290319334866, 1.315751510238734], "Sigma": [[0.0032110787599092705, 0.002309790745687099, -0.0073853236770880445], [0.002309790745687099, 0.0027042679760553062, -0.003967454452640017], [-0.007385323677088044, -0.003967454452640017, 0.07589929916500068]], "chi2_level": 0.95, "chi2_df": 3, "chi2_threshold": 7.814727903251179, "N_raw": 8, "N_roi": 8, "N_inlier": 8, "refit": true}
{"timestamp": "15:31:43.843377", "frame": 17, "mu": [-0.3044157628049493, 3.13835763938956, 1.3370473244637138], "Sigma": [[0.012761617309264553, 0.0007387022009695102, -0.005161391831915009], [0.0007387022009695102, 0.003732954881873039, 0.0004293738866309264], [-0.005161391831915009, 0.0004293738866309264, 0.002689485781225636]], "chi2_level": 0.95, "chi2_df": 3, "chi2_threshold": 7.814727903251179, "N_raw": 39, "N_roi": 39, "N_inlier": 37, "refit": true}
{"timestamp": "15:31:43.896617", "frame": 18, "mu": [-0.2588756931631093, 3.189206037186162, 1.4837808890430635], "Sigma": [[0.01042735157000742, 0.0008769284131092747, -0.0014658207061788414], [0.0008769284131092746, 0.00229764229726224, 0.0009956627892731599], [-0.0014658207061788414, 0.0009956627892731599, 0.0012828986244316743]], "chi2_level": 0.95, "chi2_df": 3, "chi2_threshold": 7.814727903251179, "N_raw": 26, "N_roi": 26, "N_inlier": 24, "refit": true}
{"timestamp": "15:31:44.004784", "frame": 20, "mu": [-0.31615805116876183, 3.117322241128105, 1.4023134766126888], "Sigma": [[0.008383467268209516, -0.0001179017490518248, -0.002582659415052691], [-0.00011790174905182459, 0.0019406799465047145, 0.0004216360940717019], [-0.002582659415052691, 0.0004216360940717018, 0.0013930546076830477]], "chi2_level": 0.95, "chi2_df": 3, "chi2_threshold": 7.814727903251179, "N_raw": 22, "N_roi": 22, "N_inlier": 21, "refit": true}
{"timestamp": "15:31:44.333636", "frame": 26, "mu": [-0.1283758830664221, 3.2123873062819737, 0.7947501095135938], "Sigma": [[0.004809753502964461, 0.006646149257004068, -0.019805024161231474], [0.006646149257004068, 0.01252994132723279, -0.055191519020182524], [-0.019805024161231474, -0.055191519020182524, 0.3562370626007608]], "chi2_level": 0.95, "chi2_df": 3, "chi2_threshold": 7.814727903251179, "N_raw": 9, "N_roi": 9, "N_inlier": 8, "refit": true}
{"timestamp": "15:31:44.390961", "frame": 27, "mu": [-0.16340733880433136, 3.2146044800910047, 0.09555859203608374], "Sigma": [[0.008504201648504179, -0.0020810556707799833, 0.004963310010801659], [-0.0020810556707799833, 0.017290355979955246, -0.04591817494373078], [0.004963310010801659, -0.04591817494373078, 0.13436284609037416]], "chi2_level": 0.95, "chi2_df": 3, "chi2_threshold": 7.814727903251179, "N_raw": 26, "N_roi": 26, "N_inlier": 24, "refit": true}
{"timestamp": "15:31:44.443886", "frame": 28, "mu": [-0.23518274400667363, 3.1629818548983546, -0.2873866467931291], "Sigma": [[0.0724541960181703, -0.009740785289795762, 0.5888013355142124], [-0.009740785289795762, 0.012307063831060732, -0.06631458178619237], [0.5888013355142125, -0.06631458178619237, 4.914977765634502]], "chi2_level": 0.95, "chi2_df": 3, "chi2_threshold": 7.814727903251179, "N_raw": 11, "N_roi": 10, "N_inlier": 8, "refit": true}
{"timestamp": "15:31:44.554478", "frame": 30, "mu": [-0.007552018323623583, 3.3296872384173053, -0.2358912105645764], "Sigma": [[0.007274825331294032, -0.0059800054077860255, 0.03342678818668255], [-0.0059800054077860255, 0.023291673618647327, -0.07914936467648603], [0.03342678818668255, -0.07914936467648603, 0.3706308543446895]], "chi2_level": 0.95, "chi2_df": 3, "chi2_threshold": 7.814727903251179, "N_raw": 11, "N_roi": 9, "N_inlier": 9, "refit": true}
{"timestamp": "15:31:44.607873", "frame": 31, "mu": [-3.1786568543001534e-05, 3.324635857350314, -0.18027595276469738], "Sigma": [[0.017176532682385226, -0.023200013182612736, 0.07916780008176623], [-0.023200013182612732, 0.03383466181890768, -0.10593403829249172], [0.07916780008176623, -0.10593403829249172, 0.372758214380128]], "chi2_level": 0.95, "chi2_df": 3, "chi2_threshold": 7.814727903251179, "N_raw": 7, "N_roi": 7, "N_inlier": 7, "refit": true}
{"timestamp": "15:31:44.664716", "frame": 32, "mu": [0.07468388366780146, 3.212975775880957, 0.5001850003981664], "Sigma": [[0.004165714073644005, 0.003275823074333751, 0.012588249265625639], [0.003275823074333751, 0.0029713584322633895, 0.017470142556837848], [0.012588249265625639, 0.017470142556837848, 0.34450088810591983]], "chi2_level": 0.95, "chi2_df": 3, "chi2_threshold": 7.814727903251179, "N_raw": 10, "N_roi": 8, "N_inlier": 7, "refit": true}
{"timestamp": "15:31:44.725175", "frame": 33, "mu": [0.14103242463605736, 3.2131766223376252, 1.0661911780628515], "Sigma": [[0.009038150480671631, -0.0010836277588187097, 0.0031992433556688703], [-0.0010836277588187097, 0.0031423135225679723, 0.0162219088963625], [0.0031992433556688694, 0.016221908896362495, 0.3589372905129263]], "chi2_level": 0.95, "chi2_df": 3, "chi2_threshold": 7.814727903251179, "N_raw": 47, "N_roi": 46, "N_inlier": 45, "refit": true}
{"timestamp": "15:31:44.830738", "frame": 35, "mu": [0.23485070038788936, 3.1601260513959923, 1.4259190563860813], "Sigma": [[0.005705512823479913, -0.0010751470745267821, 0.00027222943107154003], [-0.0010751470745267821, 0.002569559894315554, -0.003354571940550521], [0.00027222943107154014, -0.00335457194055052, 0.0066055668007814474]], "chi2_level": 0.95, "chi2_df": 3, "chi2_threshold": 7.814727903251179, "N_raw": 28, "N_roi": 28, "N_inlier": 27, "refit": true}
{"timestamp": "15:31:44.884893", "frame": 36, "mu": [0.35461626863653795, 3.1728857575780194, 1.0567150202128894], "Sigma": [[0.003009714658447748, 0.001096310066239542, -0.008108310905560337], [0.0010963100662395417, 0.0070949731320902746, -0.0473639829463336], [-0.008108310905560336, -0.047363982946333594, 0.41589642835617485]], "chi2_level": 0.95, "chi2_df": 3, "chi2_threshold": 7.814727903251179, "N_raw": 15, "N_roi": 15, "N_inlier": 15, "refit": true}
{"timestamp": "15:31:44.941756", "frame": 37, "mu": [0.3331478163347216, 3.0699367154053085, 1.4868438901666328], "Sigma": [[0.006675631810555827, -0.0014911268722210284, -0.00340682115401773], [-0.0014911268722210282, 0.0019322758639309812, 0.00036665551597828226], [-0.00340682115401773, 0.0003666555159782823, 0.00260128530479215]], "chi2_level": 0.95, "chi2_df": 3, "chi2_threshold": 7.814727903251179, "N_raw": 24, "N_roi": 24, "N_inlier": 21, "refit": true}
{"timestamp": "15:31:45.000370", "frame": 38, "mu": [0.3912495857554755, 3.0662834993605603, 0.8538101116067928], "Sigma": [[0.010069702198378305, -0.0014234921073114394, -0.0006379442022233445], [-0.0014234921073114392, 0.004688775950802543, -0.03917863050052858], [-0.0006379442022233428, -0.03917863050052858, 0.5844276961701144]], "chi2_level": 0.95, "chi2_df": 3, "chi2_threshold": 7.814727903251179, "N_raw": 55, "N_roi": 55, "N_inlier": 54, "refit": true}
{"timestamp": "15:31:45.055205", "frame": 39, "mu": [0.45226828982925044, 3.005958869408266, 1.409062635642067], "Sigma": [[0.01102153030735716, -0.0012286123296172927, 0.0008321492029059589], [-0.0012286123296172927, 0.0027791189671942523, -0.0015399377311475042], [0.000832149202905959, -0.0015399377311475042, 0.01211341825512668]], "chi2_level": 0.95, "chi2_df": 3, "chi2_threshold": 7.814727903251179, "N_raw": 44, "N_roi": 44, "N_inlier": 39, "refit": true}
{"timestamp": "15:31:45.114040", "frame": 40, "mu": [0.44449659066281455, 3.0027252924740697, 0.9541589367341176], "Sigma": [[0.008996104016457965, -0.0017859301980987538, -0.01089220258364063], [-0.0017859301980987538, 0.001472755874384302, -0.0043755003675891545], [-0.010892202583640629, -0.0043755003675891545, 0.32048301041563243]], "chi2_level": 0.95, "chi2_df": 3, "chi2_threshold": 7.814727903251179, "N_raw": 69, "N_roi": 66, "N_inlier": 64, "refit": true}
{"timestamp": "15:31:45.167379", "frame": 41, "mu": [0.5828934541378676, 2.980502861924805, 1.1915333295858668], "Sigma": [[0.028058842827446397, 0.007839208065959932, -0.05508502517723722], [0.007839208065959932, 0.0075577228118664476, -0.02868992654200402], [-0.05508502517723722, -0.02868992654200402, 0.16080746267824553]], "chi2_level": 0.95, "chi2_df": 3, "chi2_threshold": 7.814727903251179, "N_raw": 60, "N_roi": 60, "N_inlier": 56, "refit": true}
{"timestamp": "15:31:45.220952", "frame": 42, "mu": [0.476484945863996, 2.9304009537053544, 1.1231279998297758], "Sigma": [[0.0073652759862655225, -0.0019232758687959713, 0.0011676629162382266], [-0.0019232758687959713, 0.0013369438351521466, -0.004836007663261016], [0.0011676629162382275, -0.004836007663261016, 0.07952329289986293]], "chi2_level": 0.95, "chi2_df": 3, "chi2_threshold": 7.814727903251179, "N_raw": 50, "N_roi": 50, "N_inlier": 46, "refit": true}
{"timestamp": "15:31:45.270030", "frame": 43, "mu": [0.5695935792387128, 3.0103978643265177, -0.09855314367987736], "Sigma": [[0.0035598002485231067, 0.0008902195329696915, -0.003557573249307068], [0.0008902195329696914, 0.03545052841956496, -0.11537869669104187], [-0.0035575732493070686, -0.11537869669104187, 0.3890564062021607]], "chi2_level": 0.95, "chi2_df": 3, "chi2_threshold": 7.814727903251179, "N_raw": 18, "N_roi": 18, "N_inlier": 17, "refit": true}
{"timestamp": "15:31:45.327896", "frame": 44, "mu": [0.6172658785460786, 2.913953160900255, 0.14854001461556723], "Sigma": [[0.007559759380889327, -0.0018660956568945586, 5.087040275631496e-05], [-0.0018660956568945586, 0.00781609530609059, -0.011038299519603768], [5.087040275631474e-05, -0.011038299519603766, 0.018379969209239837]], "chi2_level": 0.95, "chi2_df": 3, "chi2_threshold": 7.814727903251179, "N_raw": 39, "N_roi": 39, "N_inlier": 37, "refit": true}
{"timestamp": "15:31:45.380440", "frame": 45, "mu": [0.6213732047471947, 2.831588608233107, 1.2857627752906264], "Sigma": [[0.00807671702028392, 0.0010901392019663206, -0.04298744437148229], [0.0010901392019663206, 0.00246121515770049, -0.01507094955873688], [-0.04298744437148228, -0.01507094955873688, 0.3183841529735087]], "chi2_level": 0.95, "chi2_df": 3, "chi2_threshold": 7.814727903251179, "N_raw": 16, "N_roi": 16, "N_inlier": 14, "refit": true}
{"timestamp": "15:31:45.435607", "frame": 46, "mu": [0.6423949625335171, 2.7702824985317633, 1.355266940408418], "Sigma": [[0.004445078837142753, 0.00022879248798925915, -0.014500752906455708], [0.00022879248798925904, 0.002377305705676585, -0.008058446258962128], [-0.014500752906455708, -0.008058446258962128, 0.14166375334719877]], "chi2_level": 0.95, "chi2_df": 3, "chi2_threshold": 7.814727903251179, "N_raw": 25, "N_roi": 23, "N_inlier": 20, "refit": true}
{"timestamp": "15:31:45.489171", "frame": 47, "mu": [0.8089064286591936, 2.675476643954177, 0.6625147139914984], "Sigma": [[0.028849299098960057, -0.010936725015445858, -0.12658859511769727], [-0.01093672501544586, 0.0111028502064734, 0.03344962124928084], [-0.12658859511769727, 0.033449621249280845, 0.6892792560764406]], "chi2_level": 0.95, "chi2_df": 3, "chi2_threshold": 7.814727903251179, "N_raw": 9, "N_roi": 9, "N_inlier": 8, "refit": true}
{"timestamp": "15:31:45.544703", "frame": 48, "mu": [0.7079448954858667, 2.7038864807594756, 0.8719290030231442], "Sigma": [[0.002261416939613214, 0.002025272001511466, -0.01902587656158186], [0.0020252720015114657, 0.005841874091965935, -0.040524980329252794], [-0.01902587656158186, -0.040524980329252794, 0.36206400352089546]], "chi2_level": 0.95, "chi2_df": 3, "chi2_threshold": 7.814727903251179, "N_raw": 10, "N_roi": 10, "N_inlier": 9, "refit": true}
{"timestamp": "15:31:45.601583", "frame": 49, "mu": [0.76579096145236, 2.7038740656111804, 0.42787460909245406], "Sigma": [[0.0068709143828727445, -0.003579230871695753, -0.011825850114891413], [-0.003579230871695753, 0.00953985653442886, -0.046744611701710195], [-0.011825850114891415, -0.046744611701710195, 0.5912263495431175]], "chi2_level": 0.95, "chi2_df": 3, "chi2_threshold": 7.814727903251179, "N_raw": 29, "N_roi": 29, "N_inlier": 28, "refit": true}
{"timestamp": "15:31:45.656368", "frame": 50, "mu": [0.7614557732823916, 2.632146948969217, 1.2795354601911757], "Sigma": [[0.0032406865922033233, 0.00031920800364729294, -0.011977258962540633], [0.00031920800364729283, 0.004271060667373477, -0.02296567873760945], [-0.011977258962540633, -0.02296567873760945, 0.21512024683074227]], "chi2_level": 0.95, "chi2_df": 3, "chi2_threshold": 7.814727903251179, "N_raw": 24, "N_roi": 24, "N_inlier": 22, "refit": true}
{"timestamp": "15:31:45.709204", "frame": 51, "mu": [0.777463125637633, 2.6204000486934524, 0.8723850192244721], "Sigma": [[0.0016825021050782781, 0.0032008972250641855, -0.01898029981728682], [0.0032008972250641855, 0.00896390412546753, -0.05166257628945668], [-0.01898029981728682, -0.05166257628945668, 0.5197882804804818]], "chi2_level": 0.95, "chi2_df": 3, "chi2_threshold": 7.814727903251179, "N_raw": 9, "N_roi": 9, "N_inlier": 8, "refit": true}
{"timestamp": "15:31:45.771359", "frame": 52, "mu": [0.8192012914810126, 2.6343802921615986, -0.06379335570480726], "Sigma": [[0.009669448845940287, -0.0014634364909448495, -0.004401065186893293], [-0.0014634364909448495, 0.00749546229250923, -0.013218879830316763], [-0.004401065186893293, -0.013218879830316763, 0.032478309609778426]], "chi2_level": 0.95, "chi2_df": 3, "chi2_threshold": 7.814727903251179, "N_raw": 58, "N_roi": 58, "N_inlier": 54, "refit": true}
{"timestamp": "15:31:45.829430", "frame": 53, "mu": [0.875792648620298, 2.6978501705279476, -0.44546933722020676], "Sigma": [[0.011350458261789499, 0.006970012683927861, -0.03414190399520135], [0.006970012683927861, 0.02090020088155758, -0.07693808537765887], [-0.03414190399520135, -0.07693808537765887, 0.3128640589442318]], "chi2_level": 0.95, "chi2_df": 3, "chi2_threshold": 7.814727903251179, "N_raw": 69, "N_roi": 69, "N_inlier": 68, "refit": true}
{"timestamp": "15:31:45.883611", "frame": 54, "mu": [0.8191034032294626, 2.44607959654216, 0.947504391656766], "Sigma": [[0.011966280681473882, -0.0014287095785953012, 0.003010333563454733], [-0.0014287095785953015, 0.0009499346147991816, -0.003728465989696789], [0.003010333563454733, -0.0037284659896967887, 0.03453779966586999]], "chi2_level": 0.95, "chi2_df": 3, "chi2_threshold": 7.814727903251179, "N_raw": 67, "N_roi": 67, "N_inlier": 64, "refit": true}
{"timestamp": "15:31:45.935825", "frame": 55, "mu": [0.8425591130342858, 2.4119299115568498, 0.9139864429951736], "Sigma": [[0.006603943681349317, -0.0010455634728082299, 0.005027456500160443], [-0.0010455634728082299, 0.0011413248576877535, -0.003724353725250738], [0.005027456500160443, -0.0037243537252507376, 0.04201709292250326]], "chi2_level": 0.95, "chi2_df": 3, "chi2_threshold": 7.814727903251179, "N_raw": 53, "N_roi": 53, "N_inlier": 49, "refit": true}
{"timestamp": "15:31:45.990488", "frame": 56, "mu": [0.8454874547350081, 2.384519695959235, 0.9585262614405253], "Sigma": [[0.0070889691627277355, -0.0019056040924478436, 0.004094853799250475], [-0.0019056040924478438, 0.0007091162476409298, -0.002723962949160808], [0.004094853799250475, -0.002723962949160808, 0.03787263099134694]], "chi2_level": 0.95, "chi2_df": 3, "chi2_threshold": 7.814727903251179, "N_raw": 51, "N_roi": 50, "N_inlier": 44, "refit": true}
{"timestamp": "15:31:46.050360", "frame": 57, "mu": [0.8880790828208635, 2.3406462628432143, 0.9727705735517416], "Sigma": [[0.02074564514719019, -0.0036563225379464635, 0.021786082674260812], [-0.0036563225379464635, 0.002373177672091444, -0.007859614330515035], [0.02178608267426081, -0.007859614330515035, 0.04343507890274671]], "chi2_level": 0.95, "chi2_df": 3, "chi2_threshold": 7.814727903251179, "N_raw": 82, "N_roi": 82, "N_inlier": 80, "refit": true}
{"timestamp": "15:31:46.105461", "frame": 58, "mu": [0.863821801272691, 2.288524797273025, 1.1053400118780614], "Sigma": [[0.009436788982082433, -0.003926838432615671, 0.007362504239370131], [-0.003926838432615671, 0.003000365915155619, -0.010323376478445001], [0.007362504239370131, -0.010323376478445003, 0.0532281230088184]], "chi2_level": 0.95, "chi2_df": 3, "chi2_threshold": 7.814727903251179, "N_raw": 74, "N_roi": 74, "N_inlier": 69, "refit": true}
{"timestamp": "15:31:46.159998", "frame": 59, "mu": [0.9081356139098677, 2.226782892487091, 1.1548901441295751], "Sigma": [[0.010086938123393967, -0.0033207318258018995, -0.00857239992854643], [-0.0033207318258018995, 0.0023979222330812776, -0.003270788985310072], [-0.008572399928546432, -0.003270788985310072, 0.05359239444670959]], "chi2_level": 0.95, "chi2_df": 3, "chi2_threshold": 7.814727903251179, "N_raw": 78, "N_roi": 77, "N_inlier": 73, "refit": true}
{"timestamp": "15:31:46.220775", "frame": 60, "mu": [0.9125803536578089, 2.160947067845738, -0.16440629967117903], "Sigma": [[0.0108971264313578, -0.002567618632240841, 0.07755524934410635], [-0.002567618632240841, 0.003043990489517573, -0.02519905733248505], [0.07755524934410635, -0.02519905733248505, 1.165431500210391]], "chi2_level": 0.95, "chi2_df": 3, "chi2_threshold": 7.814727903251179, "N_raw": 111, "N_roi": 111, "N_inlier": 107, "refit": true}
{"timestamp": "15:31:46.271073", "frame": 61, "mu": [0.9340872416122278, 2.1184081509271455, 1.2129142553208578], "Sigma": [[0.010050491916418281, -0.001602373996423657, -0.005015408369936778], [-0.001602373996423657, 0.004761410317307789, -0.006882357082573986], [-0.005015408369936778, -0.006882357082573986, 0.026997184078103652]], "chi2_level": 0.95, "chi2_df": 3, "chi2_threshold": 7.814727903251179, "N_raw": 81, "N_roi": 81, "N_inlier": 78, "refit": true}
{"timestamp": "15:31:46.330539", "frame": 62, "mu": [0.9808543185144013, 2.0547181980857245, 1.0945441683573554], "Sigma": [[0.019049448328752987, -0.0037617652523469327, -0.0026407436067164168], [-0.0037617652523469327, 0.0040476285595904445, -0.004332406459702843], [-0.002640743606716416, -0.004332406459702844, 0.04517999866646649]], "chi2_level": 0.95, "chi2_df": 3, "chi2_threshold": 7.814727903251179, "N_raw": 117, "N_roi": 117, "N_inlier": 114, "refit": true}
{"timestamp": "15:31:46.385352", "frame": 63, "mu": [0.9316547811596838, 2.020241234803555, 1.0853720645516831], "Sigma": [[0.015049655601467935, -0.0025773171763619645, -0.0018778901817962526], [-0.002577317176361964, 0.004430792052215189, -0.0036210476337286425], [-0.0018778901817962533, -0.003621047633728643, 0.07211530921561592]], "chi2_level": 0.95, "chi2_df": 3, "chi2_threshold": 7.814727903251179, "N_raw": 105, "N_roi": 105, "N_inlier": 102, "refit": true}
{"timestamp": "15:31:46.436701", "frame": 64, "mu": [1.0400039456994261, 1.9498667935552914, 1.1543213662241656], "Sigma": [[0.020562888197228207, -0.004417863403884543, -0.00965758491089607], [-0.004417863403884543, 0.004537649573962558, -0.0019368832688141028], [-0.00965758491089607, -0.0019368832688141028, 0.014007655185491382]], "chi2_level": 0.95, "chi2_df": 3, "chi2_threshold": 7.814727903251179, "N_raw": 90, "N_roi": 90, "N_inlier": 88, "refit": true}
{"timestamp": "15:31:46.499170", "frame": 65, "mu": [1.0219134237097935, 2.0028960285565236, -0.7302048824312566], "Sigma": [[0.021493904780184415, 0.006412766541796245, 0.014374227324282698], [0.006412766541796245, 0.008028350884181806, 0.007602563043215426], [0.014374227324282696, 0.007602563043215426, 0.13521578892222788]], "chi2_level": 0.95, "chi2_df": 3, "chi2_threshold": 7.814727903251179, "N_raw": 145, "N_roi": 145, "N_inlier": 144, "refit": true}
{"timestamp": "15:31:46.554252", "frame": 66, "mu": [1.009883755192794, 1.8720951722466475, -0.021170425387042224], "Sigma": [[0.0199932381822943, -0.007638723554608594, 0.10323615559629197], [-0.007638723554608595, 0.006296357672853764, -0.04148958433730579], [0.10323615559629197, -0.04148958433730579, 1.0494203594070874]], "chi2_level": 0.95, "chi2_df": 3, "chi2_threshold": 7.814727903251179, "N_raw": 134, "N_roi": 134, "N_inlier": 130, "refit": true}
{"timestamp": "15:31:46.606511", "frame": 67, "mu": [1.0027772549814604, 1.9452348654458538, 0.10098309763967127], "Sigma": [[0.018666100398591658, -0.009060490490804709, 0.08819110469542257], [-0.009060490490804709, 0.017286668499507083, -0.08276825987772246], [0.08819110469542257, -0.08276825987772246, 0.7252253365252982]], "chi2_level": 0.95, "chi2_df": 3, "chi2_threshold": 7.814727903251179, "N_raw": 111, "N_roi": 111, "N_inlier": 106, "refit": true}
{"timestamp": "15:31:46.666203", "frame": 68, "mu": [0.9163905727135804, 2.017886357571938, -0.6165952168276083], "Sigma": [[0.02442874045332518, -0.0035450590463722833, 0.00996736509661469], [-0.0035450590463722833, 0.010115104172301367, -0.013580092777021092], [0.00996736509661469, -0.013580092777021088, 0.09091195181980104]], "chi2_level": 0.95, "chi2_df": 3, "chi2_threshold": 7.814727903251179, "N_raw": 147, "N_roi": 147, "N_inlier": 142, "refit": true}
{"timestamp": "15:31:46.713162", "frame": 69, "mu": [0.7497854666821565, 1.8907319552647504, 1.0968929978896134], "Sigma": [[0.0315350703346588, -0.020517184318747876, 0.02110855623583014], [-0.020517184318747876, 0.017537620576097403, -0.023514507662252954], [0.02110855623583014, -0.023514507662252954, 0.04926102560516627]], "chi2_level": 0.95, "chi2_df": 3, "chi2_threshold": 7.814727903251179, "N_raw": 94, "N_roi": 93, "N_inlier": 90, "refit": true}
{"timestamp": "15:31:46.775885", "frame": 70, "mu": [0.7759908109218321, 1.9654568851059355, -0.6005818655374853], "Sigma": [[0.029341848491988426, -0.02321590891868309, 0.0028240200847237714], [-0.02321590891868309, 0.0425579655062013, 0.0005223961410220955], [0.0028240200847237714, 0.0005223961410220968, 0.04249544543296217]], "chi2_level": 0.95, "chi2_df": 3, "chi2_threshold": 7.814727903251179, "N_raw": 150, "N_roi": 150, "N_inlier": 138, "refit": true}
{"timestamp": "15:31:46.830876", "frame": 71, "mu": [0.786499333220549, 1.928640280199895, -0.5159947254336379], "Sigma": [[0.018990707361796186, -0.011405084065746928, -0.005825594525820104], [-0.011405084065746928, 0.028435326459509948, -0.012849993295793977], [-0.005825594525820104, -0.012849993295793977, 0.07927873066193351]], "chi2_level": 0.95, "chi2_df": 3, "chi2_threshold": 7.814727903251179, "N_raw": 150, "N_roi": 150, "N_inlier": 140, "refit": true}
{"timestamp": "15:31:46.880938", "frame": 72, "mu": [0.8287877510670567, 1.560327891513604, -0.3975147635922411], "Sigma": [[0.01738786027690021, -0.01499333741712612, 0.02022974754051506], [-0.014993337417126124, 0.04136396630761968, 0.10979186321681941], [0.020229747540515063, 0.10979186321681941, 1.6139072529070162]], "chi2_level": 0.95, "chi2_df": 3, "chi2_threshold": 7.814727903251179, "N_raw": 115, "N_roi": 115, "N_inlier": 110, "refit": true}
{"timestamp": "15:31:46.932276", "frame": 73, "mu": [0.8768491561598019, 1.6107919710001901, 1.1515371250294701], "Sigma": [[0.008082280382126134, -0.00481485944005176, -0.0015574824712339822], [-0.00481485944005176, 0.008831323258967032, -0.0038615432734249947], [-0.0015574824712339822, -0.0038615432734249947, 0.00813765365342249]], "chi2_level": 0.95, "chi2_df": 3, "chi2_threshold": 7.814727903251179, "N_raw": 83, "N_roi": 82, "N_inlier": 77, "refit": true}
{"timestamp": "15:31:46.982425", "frame": 74, "mu": [0.7720968724526731, 1.6024020802952967, 1.2759658907595648], "Sigma": [[0.007994579879682712, -0.0032820819706740863, -0.009227917502953507], [-0.0032820819706740863, 0.002887183112505534, 0.0012812480293116469], [-0.009227917502953507, 0.0012812480293116464, 0.01817450034647606]], "chi2_level": 0.95, "chi2_df": 3, "chi2_threshold": 7.814727903251179, "N_raw": 57, "N_roi": 56, "N_inlier": 53, "refit": true}
{"timestamp": "15:31:47.039374", "frame": 75, "mu": [0.7207509316642293, 1.583827674804818, 1.2383699306446736], "Sigma": [[0.00596348295145874, -0.001647441069933276, -0.002409453558641293], [-0.0016474410699332759, 0.002283543036227518, -0.0017273965833493443], [-0.0024094535586412923, -0.0017273965833493443, 0.07793996307705328]], "chi2_level": 0.95, "chi2_df": 3, "chi2_threshold": 7.814727903251179, "N_raw": 70, "N_roi": 70, "N_inlier": 66, "refit": true}
{"timestamp": "15:31:47.092749", "frame": 76, "mu": [0.7000816849818501, 1.5800799675560369, 1.3476719733584201], "Sigma": [[0.007089610970071898, -0.0007891386650474711, -0.006686196631895663], [-0.0007891386650474711, 0.0022513816267557517, -0.0017793397659790799], [-0.006686196631895664, -0.0017793397659790797, 0.010813773980024451]], "chi2_level": 0.95, "chi2_df": 3, "chi2_threshold": 7.814727903251179, "N_raw": 60, "N_roi": 60, "N_inlier": 54, "refit": true}
{"timestamp": "15:31:47.145354", "frame": 77, "mu": [0.663679648117078, 1.5510232176640741, 1.2863593443062007], "Sigma": [[0.009073770599400963, -0.0018951079364411406, -0.028353146860736242], [-0.0018951079364411404, 0.002557268144137452, 0.006740327267858992], [-0.028353146860736242, 0.006740327267858992, 0.19831044243096999]], "chi2_level": 0.95, "chi2_df": 3, "chi2_threshold": 7.814727903251179, "N_raw": 54, "N_roi": 54, "N_inlier": 50, "refit": true}
{"timestamp": "15:31:47.203018", "frame": 78, "mu": [0.5899602801428014, 1.5472054045484942, 1.4227285484404988], "Sigma": [[0.008063894407919747, -0.0012046308035302492, -0.009571776713476457], [-0.001204630803530249, 0.0036411670699629233, -0.00013546320335637693], [-0.009571776713476457, -0.00013546320335637715, 0.012765336194874511]], "chi2_level": 0.95, "chi2_df": 3, "chi2_threshold": 7.814727903251179, "N_raw": 65, "N_roi": 65, "N_inlier": 60, "refit": true}
{"timestamp": "15:31:47.257066", "frame": 79, "mu": [0.5559153497392356, 1.5385064407840234, 1.4093324590155394], "Sigma": [[0.0064983888975230835, -0.0011978142606736215, -0.006896863183216804], [-0.0011978142606736217, 0.003191439628897925, -0.0011122633437806802], [-0.006896863183216804, -0.0011122633437806802, 0.009956190390715413]], "chi2_level": 0.95, "chi2_df": 3, "chi2_threshold": 7.814727903251179, "N_raw": 62, "N_roi": 62, "N_inlier": 56, "refit": true}
{"timestamp": "15:31:47.315496", "frame": 80, "mu": [0.528235532183759, 1.5277518425669128, 1.3928798133451166], "Sigma": [[0.008870698422340605, 0.00031698765506970705, -0.009501758627062594], [0.0003169876550697071, 0.0034883604810798828, -0.002704322189894938], [-0.009501758627062594, -0.002704322189894938, 0.0125792498889257]], "chi2_level": 0.95, "chi2_df": 3, "chi2_threshold": 7.814727903251179, "N_raw": 76, "N_roi": 76, "N_inlier": 71, "refit": true}
{"timestamp": "15:31:47.365609", "frame": 81, "mu": [0.423928465379233, 1.4973469872206933, 1.0863325602710696], "Sigma": [[0.012966627777643907, 0.0028584432065695033, 0.054534202647658396], [0.002858443206569503, 0.004000615825691011, 0.01916970876146319], [0.0545342026476584, 0.01916970876146319, 0.3374354261454729]], "chi2_level": 0.95, "chi2_df": 3, "chi2_threshold": 7.814727903251179, "N_raw": 43, "N_roi": 43, "N_inlier": 40, "refit": true}
{"timestamp": "15:31:47.423720", "frame": 82, "mu": [0.41175078440247387, 1.527597576031366, 1.435346086834027], "Sigma": [[0.005367804095532982, -0.0015673755304611483, -0.006851540107643253], [-0.0015673755304611483, 0.004957376574898797, -0.00033966094181603476], [-0.006851540107643253, -0.00033966094181603487, 0.011358516400029389]], "chi2_level": 0.95, "chi2_df": 3, "chi2_threshold": 7.814727903251179, "N_raw": 68, "N_roi": 68, "N_inlier": 62, "refit": true}
{"timestamp": "15:31:47.474615", "frame": 83, "mu": [0.3345669794364634, 1.5282010080086006, 1.503710738594041], "Sigma": [[0.003937617803568304, -0.0010015734518381446, -0.004067815380881917], [-0.0010015734518381446, 0.0035798458139001703, 0.001022770618660483], [-0.004067815380881917, 0.001022770618660483, 0.004538654600246002]], "chi2_level": 0.95, "chi2_df": 3, "chi2_threshold": 7.814727903251179, "N_raw": 47, "N_roi": 47, "N_inlier": 42, "refit": true}
{"timestamp": "15:31:47.530242", "frame": 84, "mu": [0.28050509042202165, 1.5350820916805197, 1.5307942654758766], "Sigma": [[0.0037952026486579356, -0.001482704045267474, -0.003497649908243353], [-0.001482704045267474, 0.004740091152456413, 0.0007422149764844893], [-0.003497649908243353, 0.0007422149764844895, 0.0038971624325289185]], "chi2_level": 0.95, "chi2_df": 3, "chi2_threshold": 7.814727903251179, "N_raw": 52, "N_roi": 52, "N_inlier": 48, "refit": true}
{"timestamp": "15:31:47.581252", "frame": 85, "mu": [0.2528056904344028, 1.5233596214190397, 1.5456747768604473], "Sigma": [[0.0013381453193318743, -0.0006039220283188486, -0.0013593187257351417], [-0.0006039220283188484, 0.002362321348652727, 0.0006742182735567984], [-0.0013593187257351417, 0.0006742182735567984, 0.0015391873681695571]], "chi2_level": 0.95, "chi2_df": 3, "chi2_threshold": 7.814727903251179, "N_raw": 22, "N_roi": 20, "N_inlier": 19, "refit": true}
{"timestamp": "15:31:47.641095", "frame": 86, "mu": [0.18062415856455413, 1.5761601174656088, -0.17159637334712702], "Sigma": [[0.004203524512812329, -4.998033797502777e-05, 0.004170703380312297], [-4.998033797502761e-05, 0.005166868955112545, 0.002648447109278384], [0.004170703380312297, 0.002648447109278383, 0.021963111795815064]], "chi2_level": 0.95, "chi2_df": 3, "chi2_threshold": 7.814727903251179, "N_raw": 60, "N_roi": 57, "N_inlier": 57, "refit": true}
{"timestamp": "15:31:47.695274", "frame": 87, "mu": [0.13448855560618167, 1.526495722425244, 1.5636239657111712], "Sigma": [[0.003803020142643979, -0.0006978818007021953, -0.0030490042981049553], [-0.0006978818007021952, 0.005236489942891199, 0.0009915359540922804], [-0.0030490042981049553, 0.0009915359540922804, 0.0026738365210750266]], "chi2_level": 0.95, "chi2_df": 3, "chi2_threshold": 7.814727903251179, "N_raw": 52, "N_roi": 52, "N_inlier": 51, "refit": true}
{"timestamp": "15:31:47.754258", "frame": 88, "mu": [0.10379770676238234, 1.5543478358394012, -0.42385675200394546], "Sigma": [[0.004511905618926292, 0.0010948408009048764, 0.00039049407531434137], [0.0010948408009048764, 0.006752966186243743, 0.0011433157387827685], [0.00039049407531434115, 0.0011433157387827687, 0.014696773479097586]], "chi2_level": 0.95, "chi2_df": 3, "chi2_threshold": 7.814727903251179, "N_raw": 74, "N_roi": 72, "N_inlier": 65, "refit": true}
{"timestamp": "15:31:47.807528", "frame": 89, "mu": [0.12872795170265913, 1.4750857149043897, 1.3785562960984237], "Sigma": [[0.0041817224017452375, -0.0009569209022787879, -0.0021145455945348864], [-0.000956920902278788, 0.006505684100067408, 0.0007761554194486045], [-0.0021145455945348864, 0.0007761554194486043, 0.001308707163419762]], "chi2_level": 0.95, "chi2_df": 3, "chi2_threshold": 7.814727903251179, "N_raw": 60, "N_roi": 60, "N_inlier": 58, "refit": true}
{"timestamp": "15:31:47.863685", "frame": 90, "mu": [0.006898992956920009, 1.5390904250029989, 1.5325073978060353], "Sigma": [[0.004184455016869225, -0.0005040577098677195, -0.0037745669783936474], [-0.0005040577098677196, 0.0037908701104855886, -0.0021837925195733474], [-0.003774566978393648, -0.0021837925195733474, 0.005815624059922039]], "chi2_level": 0.95, "chi2_df": 3, "chi2_threshold": 7.814727903251179, "N_raw": 64, "N_roi": 64, "N_inlier": 56, "refit": true}
{"timestamp": "15:31:47.913367", "frame": 91, "mu": [-0.0027802562055188862, 1.5229535620838814, 1.4730899149617622], "Sigma": [[0.0026719616023166853, -0.0010958682800397276, -0.002852698694428114], [-0.0010958682800397278, 0.002467305585704761, 0.0014434647501479709], [-0.002852698694428114, 0.0014434647501479704, 0.0032729980116869254]], "chi2_level": 0.95, "chi2_df": 3, "chi2_threshold": 7.814727903251179, "N_raw": 30, "N_roi": 30, "N_inlier": 25, "refit": true}
{"timestamp": "15:31:47.971260", "frame": 92, "mu": [-0.09297538678054443, 1.5441422499744335, 1.565649055886256], "Sigma": [[0.003577213043094276, 0.00011268612002103936, -0.0023932563791953824], [0.00011268612002103941, 0.0035775271189813157, -0.0020651304541944044], [-0.0023932563791953824, -0.0020651304541944044, 0.0030331901962385474]], "chi2_level": 0.95, "chi2_df": 3, "chi2_threshold": 7.814727903251179, "N_raw": 53, "N_roi": 53, "N_inlier": 50, "refit": true}
{"timestamp": "15:31:48.029335", "frame": 93, "mu": [-0.14440877558792722, 1.4924533874249988, 1.525092438567503], "Sigma": [[0.004929522226280235, -0.002159906032604752, -0.0027559923468796154], [-0.002159906032604752, 0.00898888671433068, 0.0015271810796890762], [-0.0027559923468796154, 0.0015271810796890764, 0.002088367708371232]], "chi2_level": 0.95, "chi2_df": 3, "chi2_threshold": 7.814727903251179, "N_raw": 75, "N_roi": 73, "N_inlier": 70, "refit": true}
{"timestamp": "15:31:48.076499", "frame": 94, "mu": [-0.1442003737156506, 1.4834060711859396, 1.2224583405598204], "Sigma": [[0.0011742898560206918, -0.002334690933767018, -0.0016563954692941747], [-0.002334690933767018, 0.012872322497781176, 0.009030631206489531], [-0.0016563954692941744, 0.009030631206489531, 0.25834351976677233]], "chi2_level": 0.95, "chi2_df": 3, "chi2_threshold": 7.814727903251179, "N_raw": 20, "N_roi": 17, "N_inlier": 16, "refit": true}
{"timestamp": "15:31:48.136723", "frame": 95, "mu": [-0.22118971984572464, 1.5378606718875143, 1.482212284350546], "Sigma": [[0.004371854578478136, -0.00011546409551826671, -0.002264929558064563], [-0.00011546409551826693, 0.006102392810983222, -0.0028852751343756], [-0.002264929558064563, -0.0028852751343756, 0.005232010466923227]], "chi2_level": 0.95, "chi2_df": 3, "chi2_threshold": 7.814727903251179, "N_raw": 65, "N_roi": 65, "N_inlier": 62, "refit": true}
{"timestamp": "15:31:48.191958", "frame": 96, "mu": [-0.253698784634284, 1.4100416650329806, 1.4230236327668622], "Sigma": [[0.003508755216954473, -0.0007068271172549892, -0.003111213043097552], [-0.0007068271172549891, 0.011674856738828626, 0.007608217445957924], [-0.003111213043097552, 0.007608217445957924, 0.0077469206812983684]], "chi2_level": 0.95, "chi2_df": 3, "chi2_threshold": 7.814727903251179, "N_raw": 60, "N_roi": 60, "N_inlier": 54, "refit": true}
{"timestamp": "15:31:48.251343", "frame": 97, "mu": [-0.28755510891807823, 1.5006019908491361, -0.3131407333208357], "Sigma": [[0.00457823443302538, -0.0014273437609812261, 0.023931430751587122], [-0.0014273437609812261, 0.010043021555775288, 0.008977193371408499], [0.023931430751587122, 0.008977193371408499, 0.45230079712731003]], "chi2_level": 0.95, "chi2_df": 3, "chi2_threshold": 7.814727903251179, "N_raw": 87, "N_roi": 87, "N_inlier": 87, "refit": true}
{"timestamp": "15:31:48.310377", "frame": 98, "mu": [-0.3214092399119954, 1.4985914136666307, 1.0171349544241488], "Sigma": [[0.006428651544102334, 0.00047291581456497945, -0.01952630777545296], [0.00047291581456497956, 0.008229291198123302, -0.014690451215443556], [-0.01952630777545296, -0.014690451215443559, 0.2751488816407826]], "chi2_level": 0.95, "chi2_df": 3, "chi2_threshold": 7.814727903251179, "N_raw": 116, "N_roi": 116, "N_inlier": 115, "refit": true}
{"timestamp": "15:31:48.360286", "frame": 99, "mu": [-0.4116534726886962, 1.4937716005351611, 1.4572185371405904], "Sigma": [[0.004498422482551846, 0.0005024747373411507, -0.0016287857977797012], [0.0005024747373411507, 0.01037263848942478, 0.011914245810259521], [-0.0016287857977797012, 0.011914245810259521, 0.14249164223376953]], "chi2_level": 0.95, "chi2_df": 3, "chi2_threshold": 7.814727903251179, "N_raw": 83, "N_roi": 83, "N_inlier": 75, "refit": true}
{"timestamp": "15:31:48.533952", "frame": 100, "mu": [-0.451459951383171, 1.6009677857415099, -0.2291137477404189], "Sigma": [[0.0067039778517448065, 0.0019283345300736198, -0.009544973221871549], [0.0019283345300736196, 0.012373992764746582, 0.00023466930223106208], [-0.00954497322187155, 0.0002346693022310623, 0.052166720609731175]], "chi2_level": 0.95, "chi2_df": 3, "chi2_threshold": 7.814727903251179, "N_raw": 108, "N_roi": 108, "N_inlier": 105, "refit": true}
{"timestamp": "15:31:48.541505", "frame": 101, "mu": [-0.537079081327265, 1.5009181761596215, 1.0773882892587996], "Sigma": [[0.007168939473040755, -0.003632282511424119, 0.01698696442879926], [-0.003632282511424118, 0.013432230584844851, -0.03713684999512355], [0.01698696442879926, -0.03713684999512355, 0.27792778118056627]], "chi2_level": 0.95, "chi2_df": 3, "chi2_threshold": 7.814727903251179, "N_raw": 89, "N_roi": 89, "N_inlier": 88, "refit": true}
{"timestamp": "15:31:48.576530", "frame": 102, "mu": [-0.517049474738976, 1.6508161863833202, -0.31057478057267585], "Sigma": [[0.009753483251318312, 0.0025576887674975406, -0.01650798055402079], [0.00255768876749754, 0.01109255610021682, -0.0036588549549156205], [-0.016507980554020793, -0.0036588549549156205, 0.08930991639153875]], "chi2_level": 0.95, "chi2_df": 3, "chi2_threshold": 7.814727903251179, "N_raw": 124, "N_roi": 124, "N_inlier": 120, "refit": true}
{"timestamp": "15:31:48.608596", "frame": 103, "mu": [-0.5873948046916141, 1.5126134321861675, 1.3730910003295047], "Sigma": [[0.006943069905613006, -0.00138719133889858, -0.003663270055921635], [-0.00138719133889858, 0.007455722428911119, 0.0028932307279987564], [-0.0036632700559216355, 0.0028932307279987564, 0.00797762895416767]], "chi2_level": 0.95, "chi2_df": 3, "chi2_threshold": 7.814727903251179, "N_raw": 67, "N_roi": 67, "N_inlier": 63, "refit": true}
{"timestamp": "15:31:48.660183", "frame": 104, "mu": [-0.5830351151773037, 1.541101675374059, 1.239257021831466], "Sigma": [[0.0078096942646041145, -0.00109230976730651, -0.012446411522762635], [-0.00109230976730651, 0.010910058483458355, 0.012197189817408322], [-0.012446411522762635, 0.012197189817408324, 0.0791653191349708]], "chi2_level": 0.95, "chi2_df": 3, "chi2_threshold": 7.814727903251179, "N_raw": 111, "N_roi": 111, "N_inlier": 106, "refit": true}
{"timestamp": "15:31:48.690394", "frame": 105, "mu": [-0.5939803049516477, 1.6145076832451484, 1.3279766206525294], "Sigma": [[0.006395287183690062, 0.0001926916582430242, -0.005797735994090121], [0.00019269165824302415, 0.009381472032870515, 0.006444336124026158], [-0.005797735994090121, 0.006444336124026159, 0.046034901976559246]], "chi2_level": 0.95, "chi2_df": 3, "chi2_threshold": 7.814727903251179, "N_raw": 85, "N_roi": 85, "N_inlier": 83, "refit": true}
