{"timestamp": "15:16:35.104030", "frame": 20, "mu": [2.08986508621568, 4.880319212666936, 0.4390297426053868], "Sigma": [[0.01739889374139833, -0.009062499165735788, -0.021734998189934428], [-0.009062499165735788, 0.005873353712972989, 0.010168212821481913], [-0.021734998189934428, 0.01016821282148191, 0.05100202404320757]], "chi2_level": 0.95, "chi2_df": 3, "chi2_threshold": 7.814727903251179, "N_raw": 52, "N_roi": 29, "N_inlier": 29, "refit": true}
{"timestamp": "15:16:35.160356", "frame": 21, "mu": [2.0541227450959014, 4.835329673580867, 0.4061139962692754], "Sigma": [[0.03342556498884413, -0.016585394057500834, -0.01874488525262027], [-0.016585394057500834, 0.009681656301520734, 0.007318829534361745], [-0.01874488525262027, 0.007318829534361745, 0.018285614980061708]], "chi2_level": 0.95, "chi2_df": 3, "chi2_threshold": 7.814727903251179, "N_raw": 39, "N_roi": 36, "N_inlier": 35, "refit": true}
{"timestamp": "15:16:35.213067", "frame": 22, "mu": [1.899663526716764, 4.879987871609467, 0.675015564900511], "Sigma": [[0.01144872914298012, -0.005438250881530566, -0.015807678476367902], [-0.005438250881530566, 0.0031192194967780904, 0.0065936376648142855], [-0.015807678476367902, 0.0065936376648142855, 0.03247860669993199]], "chi2_level": 0.95, "chi2_df": 3, "chi2_threshold": 7.814727903251179, "N_raw": 25, "N_roi": 15, "N_inlier": 14, "refit": true}
{"timestamp": "15:16:35.268108", "frame": 23, "mu": [1.9115921256410686, 4.825400526978725, 0.6451190090930949], "Sigma": [[0.026759847861746563, -0.011009759701405596, -0.020564657326629692], [-0.011009759701405596, 0.005264251490853285, 0.007254512709429779], [-0.020564657326629692, 0.00725451270942978, 0.021995779063612324]], "chi2_level": 0.95, "chi2_df": 3, "chi2_threshold": 7.814727903251179, "N_raw": 25, "N_roi": 23, "N_inlier": 22, "refit": true}
{"timestamp": "15:16:35.651186", "frame": 30, "mu": [1.9087543100127464, 4.519942381138353, 0.7070209587041983], "Sigma": [[0.01718510846959589, -0.003148880468709756, -0.00249460392985264], [-0.003148880468709756, 0.0036190248868596593, 0.0017765212646226724], [-0.0024946039298526395, 0.0017765212646226724, 0.002083919342527203]], "chi2_level": 0.95, "chi2_df": 3, "chi2_threshold": 7.814727903251179, "N_raw": 15, "N_roi": 15, "N_inlier": 13, "refit": true}
{"timestamp": "15:16:35.706894", "frame": 31, "mu": [1.882002253109211, 4.45333039000244, 0.8479248336568452], "Sigma": [[0.006982072105571099, -0.0027725877124518085, -0.006789653398714212], [-0.0027725877124518085, 0.0013109389360124607, 0.00184925153810923], [-0.006789653398714213, 0.0018492515381092298, 0.03242064885985038]], "chi2_level": 0.95, "chi2_df": 3, "chi2_threshold": 7.814727903251179, "N_raw": 15, "N_roi": 13, "N_inlier": 12, "refit": true}
{"timestamp": "15:16:35.874029", "frame": 34, "mu": [1.888404336080797, 4.2753120073734445, 0.8518392173916465], "Sigma": [[0.025534096277505133, -0.011216539484676265, -0.011476950043046701], [-0.011216539484676265, 0.006107937027056698, 0.0029121155502508443], [-0.011476950043046703, 0.0029121155502508443, 0.012878764271491516]], "chi2_level": 0.95, "chi2_df": 3, "chi2_threshold": 7.814727903251179, "N_raw": 36, "N_roi": 34, "N_inlier": 32, "refit": true}
{"timestamp": "15:16:35.929847", "frame": 35, "mu": [2.0721870200213757, 4.05726152003578, 0.4391501866533318], "Sigma": [[0.0315542300560261, -0.013540207494126136, -0.00926944215644904], [-0.013540207494126134, 0.016154724953681664, 0.013301800735559291], [-0.00926944215644904, 0.013301800735559291, 0.014820917647605876]], "chi2_level": 0.95, "chi2_df": 3, "chi2_threshold": 7.814727903251179, "N_raw": 46, "N_roi": 44, "N_inlier": 42, "refit": true}
{"timestamp": "15:16:35.986604", "frame": 36, "mu": [1.9372930563094235, 4.069725824469029, 0.6824274944203319], "Sigma": [[0.026633383965762432, -0.01445235204044699, -0.01567927160375885], [-0.014452352040446988, 0.010147321149686426, 0.005756643591002534], [-0.01567927160375885, 0.005756643591002534, 0.01801203857155483]], "chi2_level": 0.95, "chi2_df": 3, "chi2_threshold": 7.814727903251179, "N_raw": 48, "N_roi": 45, "N_inlier": 42, "refit": true}
{"timestamp": "15:16:36.090815", "frame": 38, "mu": [1.9311661876513324, 4.027568446040101, 0.7332290154563883], "Sigma": [[0.010767695817118643, -0.004468367630767694, -0.008422902747168913], [-0.004468367630767695, 0.0029747624874318554, 0.0009727516692837124], [-0.008422902747168915, 0.0009727516692837123, 0.030471885292986715]], "chi2_level": 0.95, "chi2_df": 3, "chi2_threshold": 7.814727903251179, "N_raw": 16, "N_roi": 15, "N_inlier": 14, "refit": true}
{"timestamp": "15:16:36.147927", "frame": 39, "mu": [1.9516169855115815, 3.939875340999256, 0.636958488055231], "Sigma": [[0.027322650588919944, -0.013590653041047073, -0.01986601591906075], [-0.013590653041047071, 0.007513573794240411, 0.008445860816515452], [-0.01986601591906075, 0.008445860816515452, 0.021473791787376524]], "chi2_level": 0.95, "chi2_df": 3, "chi2_threshold": 7.814727903251179, "N_raw": 32, "N_roi": 30, "N_inlier": 29, "refit": true}
{"timestamp": "15:16:36.207123", "frame": 40, "mu": [1.9592968316503117, 3.90677932380926, 0.6444712898719975], "Sigma": [[0.04066222469859235, -0.018790847515082726, -0.02047408770952205], [-0.01879084751508273, 0.013963836073598156, 0.010291615465075116], [-0.02047408770952205, 0.010291615465075116, 0.01191165252553072]], "chi2_level": 0.95, "chi2_df": 3, "chi2_threshold": 7.814727903251179, "N_raw": 53, "N_roi": 53, "N_inlier": 52, "refit": true}
{"timestamp": "15:16:36.261424", "frame": 41, "mu": [1.8360590796012946, 3.8824227151244943, 0.8343982423852848], "Sigma": [[0.022890300448347754, -0.012614866348108343, -0.02066616047591615], [-0.012614866348108343, 0.008847961279679342, 0.007074222602873817], [-0.02066616047591615, 0.007074222602873817, 0.03847328594693512]], "chi2_level": 0.95, "chi2_df": 3, "chi2_threshold": 7.814727903251179, "N_raw": 50, "N_roi": 46, "N_inlier": 45, "refit": true}
{"timestamp": "15:16:36.316205", "frame": 42, "mu": [1.864448221186126, 3.8121838256541825, 0.8380451549806681], "Sigma": [[0.02453415637389095, -0.009814640774547311, -0.009806182595244357], [-0.009814640774547311, 0.008196356957204876, 0.0029888519535981204], [-0.009806182595244357, 0.0029888519535981204, 0.006312969902352168]], "chi2_level": 0.95, "chi2_df": 3, "chi2_threshold": 7.814727903251179, "N_raw": 44, "N_roi": 44, "N_inlier": 43, "refit": true}
{"timestamp": "15:16:36.368345", "frame": 43, "mu": [2.0759133220337787, 3.6895725282510807, 0.44507643631961497], "Sigma": [[0.021974096006496923, -0.01247807720739743, -0.007417925457513211], [-0.01247807720739743, 0.008934173945893195, 0.00354098758202994], [-0.007417925457513211, 0.00354098758202994, 0.004216104409174223]], "chi2_level": 0.95, "chi2_df": 3, "chi2_threshold": 7.814727903251179, "N_raw": 27, "N_roi": 26, "N_inlier": 25, "refit": true}
{"timestamp": "15:16:36.430288", "frame": 44, "mu": [1.8961732692537694, 3.6780823897335866, 0.800266257600676], "Sigma": [[0.030344676297249917, -0.01603819275248569, -0.0300215256681917], [-0.01603819275248569, 0.009637542380002726, 0.014164520977895109], [-0.0300215256681917, 0.014164520977895109, 0.06572528871474802]], "chi2_level": 0.95, "chi2_df": 3, "chi2_threshold": 7.814727903251179, "N_raw": 73, "N_roi": 57, "N_inlier": 55, "refit": true}
{"timestamp": "15:16:36.480437", "frame": 45, "mu": [2.075302453103393, 3.7644512766911973, -0.6877071673946683], "Sigma": [[0.023933312511410447, -0.012114401695148248, -0.016218328846034233], [-0.012114401695148248, 0.00838118518930575, 0.0057581287154215705], [-0.01621832884603423, 0.005758128715421571, 0.02007210534251732]], "chi2_level": 0.95, "chi2_df": 3, "chi2_threshold": 7.814727903251179, "N_raw": 38, "N_roi": 35, "N_inlier": 34, "refit": true}
{"timestamp": "15:16:36.537411", "frame": 46, "mu": [1.9704660846270652, 3.456851918361623, 0.5859402118312498], "Sigma": [[0.034786372512803615, -0.0169199605285108, -0.026465571719029784], [-0.0169199605285108, 0.010209567302376439, 0.009869366208450426], [-0.026465571719029787, 0.009869366208450426, 0.028581535870771002]], "chi2_level": 0.95, "chi2_df": 3, "chi2_threshold": 7.814727903251179, "N_raw": 56, "N_roi": 53, "N_inlier": 53, "refit": true}
{"timestamp": "15:16:36.594419", "frame": 47, "mu": [1.9377447983080305, 3.480899831852901, 0.697374429048173], "Sigma": [[0.04269666522361, -0.018497429397199568, -0.022178467362122638], [-0.018497429397199568, 0.012553473608272045, 0.007039777303821795], [-0.022178467362122638, 0.007039777303821795, 0.016073720815644704]], "chi2_level": 0.95, "chi2_df": 3, "chi2_threshold": 7.814727903251179, "N_raw": 70, "N_roi": 67, "N_inlier": 65, "refit": true}
{"timestamp": "15:16:36.646746", "frame": 48, "mu": [1.9234206101387834, 3.399525882658968, 0.6110840084685704], "Sigma": [[0.026675494835728127, -0.013044043222887207, -0.012346549234210191], [-0.013044043222887207, 0.00854488348631957, 0.004557826059665104], [-0.012346549234210191, 0.004557826059665104, 0.013901654346740325]], "chi2_level": 0.95, "chi2_df": 3, "chi2_threshold": 7.814727903251179, "N_raw": 45, "N_roi": 44, "N_inlier": 43, "refit": true}
{"timestamp": "15:16:36.702361", "frame": 49, "mu": [1.920622274151174, 3.3538803846159944, 0.7266392086521353], "Sigma": [[0.019665368955770313, -0.010470695774741946, -0.008362561392449175], [-0.010470695774741946, 0.008195518939399588, 0.0017440620282969791], [-0.008362561392449175, 0.0017440620282969793, 0.013959132978829595]], "chi2_level": 0.95, "chi2_df": 3, "chi2_threshold": 7.814727903251179, "N_raw": 47, "N_roi": 45, "N_inlier": 44, "refit": true}
{"timestamp": "15:16:36.750176", "frame": 50, "mu": [1.8261019004504195, 3.354042226465521, 0.724921490355758], "Sigma": [[0.002381357353450814, -0.0010361059121464138, -0.002650059830060305], [-0.0010361059121464138, 0.0010032098469160992, -0.0006862850885665502], [-0.002650059830060305, -0.0006862850885665502, 0.017886593334108674]], "chi2_level": 0.95, "chi2_df": 3, "chi2_threshold": 7.814727903251179, "N_raw": 8, "N_roi": 7, "N_inlier": 7, "refit": true}
{"timestamp": "15:16:36.806030", "frame": 51, "mu": [1.8899045609432417, 3.2437000683840345, 0.674066170718645], "Sigma": [[0.0069719448539766245, -0.005406834493376401, -0.004262878234564511], [-0.005406834493376401, 0.005267214016643933, 0.0033183231729613932], [-0.004262878234564511, 0.0033183231729613932, 0.0034161206771844057]], "chi2_level": 0.95, "chi2_df": 3, "chi2_threshold": 7.814727903251179, "N_raw": 12, "N_roi": 12, "N_inlier": 10, "refit": true}
{"timestamp": "15:16:36.867019", "frame": 52, "mu": [1.9418255493472727, 3.396767710416589, -0.544890546121218], "Sigma": [[0.022223416188903354, -0.002931256111616513, 0.010633314405807627], [-0.002931256111616514, 0.009546171819891302, 0.012638786879276913], [0.010633314405807627, 0.012638786879276914, 0.049506673489327246]], "chi2_level": 0.95, "chi2_df": 3, "chi2_threshold": 7.814727903251179, "N_raw": 52, "N_roi": 50, "N_inlier": 47, "refit": true}
{"timestamp": "15:16:36.927674", "frame": 53, "mu": [1.8602184125507446, 3.1260282586667434, 0.6467891267200063], "Sigma": [[0.024954226205697018, -0.016403676346085305, -0.008829735086647186], [-0.016403676346085305, 0.01505751971264723, 0.0033313311961498332], [-0.008829735086647186, 0.0033313311961498332, 0.007030068079984651]], "chi2_level": 0.95, "chi2_df": 3, "chi2_threshold": 7.814727903251179, "N_raw": 61, "N_roi": 59, "N_inlier": 55, "refit": true}
{"timestamp": "15:16:36.981718", "frame": 54, "mu": [1.887669325501039, 3.065923257371967, 0.7661333775197919], "Sigma": [[0.02476178646817589, -0.0127081304243324, -0.015843623260202486], [-0.012708130424332402, 0.011082229472922917, 0.011191662843060167], [-0.015843623260202486, 0.011191662843060168, 0.0789395920447526]], "chi2_level": 0.95, "chi2_df": 3, "chi2_threshold": 7.814727903251179, "N_raw": 77, "N_roi": 71, "N_inlier": 71, "refit": true}
{"timestamp": "15:16:37.031719", "frame": 55, "mu": [1.883847330019972, 2.948657167680737, 0.7075914684427749], "Sigma": [[0.014106191839244612, -0.0152052324635129, -0.026806481256982186], [-0.0152052324635129, 0.018554690117855713, 0.03484677953312415], [-0.026806481256982182, 0.03484677953312415, 0.09809018409153447]], "chi2_level": 0.95, "chi2_df": 3, "chi2_threshold": 7.814727903251179, "N_raw": 40, "N_roi": 38, "N_inlier": 38, "refit": true}
{"timestamp": "15:16:37.090176", "frame": 56, "mu": [1.8574086819530362, 2.902534318216757, 0.7298809798835052], "Sigma": [[0.02474580958963116, -0.012450073482092844, -0.01765882328401589], [-0.012450073482092844, 0.010428244364172256, 0.014439797973979615], [-0.01765882328401589, 0.014439797973979615, 0.08086577188484437]], "chi2_level": 0.95, "chi2_df": 3, "chi2_threshold": 7.814727903251179, "N_raw": 76, "N_roi": 72, "N_inlier": 69, "refit": true}
{"timestamp": "15:16:37.142781", "frame": 57, "mu": [1.7984550458007715, 2.9323314370550615, 0.9699099442287722], "Sigma": [[0.010828396391100984, -0.006306578393483161, -0.005524096848853528], [-0.006306578393483161, 0.004468638610270502, 0.002038119776003317], [-0.00552409684885353, 0.002038119776003317, 0.023898024587636513]], "chi2_level": 0.95, "chi2_df": 3, "chi2_threshold": 7.814727903251179, "N_raw": 35, "N_roi": 32, "N_inlier": 31, "refit": true}
{"timestamp": "15:16:37.195000", "frame": 58, "mu": [1.7823984079353108, 3.0269865194158774, -0.23745109786785734], "Sigma": [[0.014075200353396678, -0.0059221547814422015, -0.012411052078731492], [-0.005922154781442201, 0.006490427029542597, -0.00711570832576209], [-0.01241105207873149, -0.00711570832576209, 0.05115314459040976]], "chi2_level": 0.95, "chi2_df": 3, "chi2_threshold": 7.814727903251179, "N_raw": 45, "N_roi": 45, "N_inlier": 42, "refit": true}
{"timestamp": "15:16:37.249719", "frame": 59, "mu": [1.8452506280782874, 2.75027344586427, 0.8819531871482877], "Sigma": [[0.006901634833631379, -0.0057412832989192815, -0.007212996257913853], [-0.0057412832989192815, 0.005740636010577627, 0.010267045996191734], [-0.0072129962579138545, 0.010267045996191734, 0.08783835532619229]], "chi2_level": 0.95, "chi2_df": 3, "chi2_threshold": 7.814727903251179, "N_raw": 36, "N_roi": 33, "N_inlier": 32, "refit": true}
{"timestamp": "15:16:37.300201", "frame": 60, "mu": [1.80298269033492, 2.737861191176404, 1.0389861064714632], "Sigma": [[0.0007374540065123227, -0.00020416105104864511, -0.004683319399787645], [-0.00020416105104864503, 0.0020650932163006905, -0.00378459128963434], [-0.004683319399787646, -0.0037845912896343394, 0.11926603336331312]], "chi2_level": 0.95, "chi2_df": 3, "chi2_threshold": 7.814727903251179, "N_raw": 9, "N_roi": 9, "N_inlier": 8, "refit": true}
{"timestamp": "15:16:37.357844", "frame": 61, "mu": [1.756771705783773, 2.676491536170271, 1.048294798917113], "Sigma": [[0.005773517089432743, -0.004138388143199111, -0.010780941654461314], [-0.004138388143199111, 0.00411399097222019, 0.013202335454405266], [-0.010780941654461315, 0.013202335454405266, 0.08828835595304195]], "chi2_level": 0.95, "chi2_df": 3, "chi2_threshold": 7.814727903251179, "N_raw": 24, "N_roi": 23, "N_inlier": 21, "refit": true}
{"timestamp": "15:16:37.422053", "frame": 62, "mu": [1.806876617634688, 2.556095152809004, 0.811121917805819], "Sigma": [[0.023211376410831337, -0.009863652132926622, -0.017188359783307322], [-0.009863652132926622, 0.01639620356871798, 0.020071306158940518], [-0.017188359783307322, 0.020071306158940518, 0.10556705675434315]], "chi2_level": 0.95, "chi2_df": 3, "chi2_threshold": 7.814727903251179, "N_raw": 81, "N_roi": 78, "N_inlier": 78, "refit": true}
{"timestamp": "15:16:37.478948", "frame": 63, "mu": [1.7340304347096813, 2.6933293727576744, -0.4345479875774295], "Sigma": [[0.01646993681755684, -0.007658344597982851, 0.0026749204722060875], [-0.007658344597982851, 0.01471245079010364, -0.0187115522737666], [0.002674920472206087, -0.0187115522737666, 0.11245724394006071]], "chi2_level": 0.95, "chi2_df": 3, "chi2_threshold": 7.814727903251179, "N_raw": 92, "N_roi": 77, "N_inlier": 72, "refit": true}
{"timestamp": "15:16:37.526815", "frame": 64, "mu": [1.7243043922826353, 2.4262128628796713, 0.772681830645683], "Sigma": [[0.011422051321364474, -0.007277376934966669, -0.003464688854575677], [-0.007277376934966669, 0.009064683745827395, 0.0006794297203241538], [-0.0034646888545756768, 0.0006794297203241539, 0.002841165844230477]], "chi2_level": 0.95, "chi2_df": 3, "chi2_threshold": 7.814727903251179, "N_raw": 38, "N_roi": 38, "N_inlier": 36, "refit": true}
{"timestamp": "15:16:37.579106", "frame": 65, "mu": [1.6892368522647379, 2.4332771863635436, 0.8972287361251591], "Sigma": [[0.013312231396232782, -0.009113504456674939, -0.006202155363049447], [-0.009113504456674939, 0.010568875735746611, 0.004681572885093254], [-0.006202155363049447, 0.004681572885093254, 0.004003142959900479]], "chi2_level": 0.95, "chi2_df": 3, "chi2_threshold": 7.814727903251179, "N_raw": 37, "N_roi": 37, "N_inlier": 36, "refit": true}
{"timestamp": "15:16:37.634822", "frame": 66, "mu": [1.77301668518919, 2.3375641201636137, 0.8687161447428348], "Sigma": [[0.019375359391431136, -0.014447432876537174, -0.018943403471687985], [-0.014447432876537176, 0.011728904420697383, 0.014768862991449166], [-0.018943403471687985, 0.014768862991449166, 0.043747654984078795]], "chi2_level": 0.95, "chi2_df": 3, "chi2_threshold": 7.814727903251179, "N_raw": 35, "N_roi": 34, "N_inlier": 32, "refit": true}
{"timestamp": "15:16:37.690433", "frame": 67, "mu": [1.7316547662821031, 2.3286821405598173, 0.9347786872842678], "Sigma": [[0.01038752379786646, -0.006417891464607511, -0.0018090138744019232], [-0.006417891464607511, 0.006505733252463205, -0.0009038103245472637], [-0.0018090138744019232, -0.000903810324547264, 0.005405918638847425]], "chi2_level": 0.95, "chi2_df": 3, "chi2_threshold": 7.814727903251179, "N_raw": 39, "N_roi": 36, "N_inlier": 34, "refit": true}
{"timestamp": "15:16:37.741348", "frame": 68, "mu": [1.6587021547851057, 2.3143220922745065, 1.078420757397108], "Sigma": [[0.0035190288508959375, -0.002267319661103786, -0.0002587850242367583], [-0.0022673196611037866, 0.0025289532839428627, -0.0017318302961404296], [-0.00025878502423675825, -0.0017318302961404298, 0.00528660930509676]], "chi2_level": 0.95, "chi2_df": 3, "chi2_threshold": 7.814727903251179, "N_raw": 15, "N_roi": 15, "N_inlier": 14, "refit": true}
{"timestamp": "15:16:37.799064", "frame": 69, "mu": [1.739834102084088, 2.3611273767894927, -0.8000330544708797], "Sigma": [[0.011159269947652291, 0.003439090340876444, 0.014210172099977032], [0.003439090340876444, 0.005842376519885408, 0.011797215249439481], [0.014210172099977032, 0.011797215249439481, 0.0551999471732085]], "chi2_level": 0.95, "chi2_df": 3, "chi2_threshold": 7.814727903251179, "N_raw": 35, "N_roi": 35, "N_inlier": 35, "refit": true}
{"timestamp": "15:16:37.854921", "frame": 70, "mu": [1.7478351175547298, 2.144556977088079, 0.7559479962943285], "Sigma": [[0.009184045936672798, -0.007233613965371323, -0.004382806861870005], [-0.007233613965371322, 0.00919429140017688, 0.003640909480252855], [-0.004382806861870005, 0.003640909480252855, 0.010406089215460169]], "chi2_level": 0.95, "chi2_df": 3, "chi2_threshold": 7.814727903251179, "N_raw": 35, "N_roi": 35, "N_inlier": 32, "refit": true}
{"timestamp": "15:16:38.016436", "frame": 73, "mu": [1.889216253318894, 1.98308045918994, 1.2182494958564476], "Sigma": [[0.01434251167776466, -0.00230781362319787, 0.0036916658954185503], [-0.00230781362319787, 0.004561399381882399, -0.007441617361953418], [0.0036916658954185503, -0.007441617361953419, 0.12748681407719395]], "chi2_level": 0.95, "chi2_df": 3, "chi2_threshold": 7.814727903251179, "N_raw": 10, "N_roi": 8, "N_inlier": 8, "refit": true}
{"timestamp": "15:16:38.071809", "frame": 74, "mu": [1.829709786357264, 1.931233560122669, 1.1420959836198858], "Sigma": [[0.0047938046308904775, -0.0018063389873723232, 0.027221581836879203], [-0.0018063389873723234, 0.006275527777008492, -0.029903487931212232], [0.027221581836879203, -0.029903487931212232, 0.3230561420111318]], "chi2_level": 0.95, "chi2_df": 3, "chi2_threshold": 7.814727903251179, "N_raw": 13, "N_roi": 9, "N_inlier": 8, "refit": true}
{"timestamp": "15:16:38.126922", "frame": 75, "mu": [1.8649506769054156, 1.851660355696508, 1.1999658943905462], "Sigma": [[0.00826846746311512, -0.00031794212275619875, 0.006133521675576092], [-0.00031794212275619864, 0.001536769861049501, -0.00713469708729975], [0.006133521675576093, -0.007134697087299749, 0.12962065415760876]], "chi2_level": 0.95, "chi2_df": 3, "chi2_threshold": 7.814727903251179, "N_raw": 19, "N_roi": 7, "N_inlier": 7, "refit": true}
{"timestamp": "15:16:38.186001", "frame": 76, "mu": [1.8797339152045447, 1.9030484792228692, -0.2787016515755175], "Sigma": [[0.006856955054762051, -0.0023855893597228644, -0.0014528901961389324], [-0.0023855893597228644, 0.00872209436535201, -0.013825585797285125], [-0.0014528901961389333, -0.013825585797285125, 0.0900375592271957]], "chi2_level": 0.95, "chi2_df": 3, "chi2_threshold": 7.814727903251179, "N_raw": 43, "N_roi": 43, "N_inlier": 38, "refit": true}
{"timestamp": "15:16:38.291520", "frame": 78, "mu": [1.826122668434737, 1.6489195772575802, 1.072334956423564], "Sigma": [[0.007316886470947556, -0.0030580035303467753, -0.0032870512293116903], [-0.0030580035303467753, 0.004553389115661416, -0.007859941440515194], [-0.003287051229311691, -0.007859941440515194, 0.05426109953982589]], "chi2_level": 0.95, "chi2_df": 3, "chi2_threshold": 7.814727903251179, "N_raw": 13, "N_roi": 13, "N_inlier": 11, "refit": true}
{"timestamp": "15:16:38.674526", "frame": 85, "mu": [1.826355316128499, 1.1972610726010797, 0.5561727824351926], "Sigma": [[0.007302284266484246, 0.018257834999372446, -0.027064690722292364], [0.018257834999372443, 0.08190992723855947, -0.10586337450938303], [-0.027064690722292364, -0.10586337450938303, 0.14145487081064093]], "chi2_level": 0.95, "chi2_df": 3, "chi2_threshold": 7.814727903251179, "N_raw": 7, "N_roi": 7, "N_inlier": 7, "refit": true}
{"timestamp": "15:16:38.785537", "frame": 87, "mu": [1.7986708717847162, 0.9886341008612429, 1.080855632904835], "Sigma": [[0.0027623268653782125, -0.0027230905157939723, -0.0028364357987584648], [-0.0027230905157939723, 0.0029802087328503328, 0.00185360888819097], [-0.0028364357987584643, 0.00185360888819097, 0.00615655050696259]], "chi2_level": 0.95, "chi2_df": 3, "chi2_threshold": 7.814727903251179, "N_raw": 11, "N_roi": 11, "N_inlier": 10, "refit": true}
