{"timestamp": "15:56:55.772232", "frame": 34, "mu": [-0.05131138157676243, 0.4315683005975291, 0.6120249687036474], "Sigma": [[3.9086809391857273, 0.028825316075834547, -0.0557514719384459], [0.028825316075834544, 0.0068573500397859765, -0.0033178516024556094], [-0.055751471938445894, -0.0033178516024556094, 0.0038639761257635574]], "chi2_level": 0.95, "chi2_df": 3, "chi2_threshold": 7.814727903251179, "N_raw": 10, "N_roi": 10, "N_inlier": 10, "refit": true}
{"timestamp": "15:56:55.881686", "frame": 36, "mu": [1.1437324835693183, 0.694408810114332, -1.129586870792966], "Sigma": [[1.9644585377565793, 0.05824496656374774, -0.020021134366553547], [0.05824496656374773, 0.007273820724457892, -0.00024768387528793556], [-0.02002113436655355, -0.0002476838752879355, 0.0016042223192191426]], "chi2_level": 0.95, "chi2_df": 3, "chi2_threshold": 7.814727903251179, "N_raw": 10, "N_roi": 10, "N_inlier": 10, "refit": true}
{"timestamp": "15:56:55.935139", "frame": 37, "mu": [-1.6897617077797822, 0.6153092881930574, 1.2319643733563512], "Sigma": [[0.0037823157065767932, 0.005767528541042919, -0.0041700676701616765], [0.005767528541042919, 0.009242975642968401, -0.006150477218256389], [-0.0041700676701616765, -0.006150477218256389, 0.004799200572619277]], "chi2_level": 0.95, "chi2_df": 3, "chi2_threshold": 7.814727903251179, "N_raw": 9, "N_roi": 9, "N_inlier": 8, "refit": true}
{"timestamp": "15:56:55.991487", "frame": 38, "mu": [-1.6899490089428117, 0.6360108193807927, 1.2479171344226798], "Sigma": [[0.0034668201989579324, 0.005054648711913146, -0.0021069002233563834], [0.005054648711913146, 0.00860777473640805, -0.0043097630697083444], [-0.002106900223356383, -0.0043097630697083444, 0.003110249630413933]], "chi2_level": 0.95, "chi2_df": 3, "chi2_threshold": 7.814727903251179, "N_raw": 10, "N_roi": 10, "N_inlier": 9, "refit": true}
{"timestamp": "15:56:56.049072", "frame": 39, "mu": [-1.6712166550844398, 0.6696983543748417, 1.2507585457328887], "Sigma": [[0.0035053993847657624, 0.003270041535740242, -0.001844040048714062], [0.0032700415357402425, 0.006402022769474849, -0.005310932880992492], [-0.0018440400487140618, -0.005310932880992492, 0.006318216852270662]], "chi2_level": 0.95, "chi2_df": 3, "chi2_threshold": 7.814727903251179, "N_raw": 24, "N_roi": 24, "N_inlier": 23, "refit": true}
{"timestamp": "15:56:56.103525", "frame": 40, "mu": [-1.6095760884309949, 0.6790305371253839, 1.3137795894191013], "Sigma": [[0.004059368731234293, 0.003169467089584164, -0.002254505759224607], [0.0031694670895841635, 0.007203656296689783, -0.0034976694507495663], [-0.002254505759224607, -0.0034976694507495663, 0.0025199421768971695]], "chi2_level": 0.95, "chi2_df": 3, "chi2_threshold": 7.814727903251179, "N_raw": 21, "N_roi": 21, "N_inlier": 21, "refit": true}
{"timestamp": "15:56:56.157612", "frame": 41, "mu": [-1.5924604722550155, 0.7568513239575814, 1.2653679657650732], "Sigma": [[0.006423606527400834, 0.006267368010805876, 0.021283016003563596], [0.006267368010805876, 0.007869177015776167, 0.021881692534014865], [0.021283016003563596, 0.02188169253401486, 0.12560366953967608]], "chi2_level": 0.95, "chi2_df": 3, "chi2_threshold": 7.814727903251179, "N_raw": 18, "N_roi": 18, "N_inlier": 16, "refit": true}
{"timestamp": "15:56:56.213064", "frame": 42, "mu": [-1.5677409199872983, 0.8121554130719679, 1.29438100112775], "Sigma": [[0.002834004980451522, 0.001011124503554906, -0.00028974362328371784], [0.001011124503554906, 0.0019888292593474993, -0.0012596029321748142], [-0.00028974362328371784, -0.0012596029321748142, 0.0019006882306250837]], "chi2_level": 0.95, "chi2_df": 3, "chi2_threshold": 7.814727903251179, "N_raw": 21, "N_roi": 21, "N_inlier": 18, "refit": true}
{"timestamp": "15:56:56.271760", "frame": 43, "mu": [-1.5866935643639943, 0.8328315129356544, 1.3456013278982641], "Sigma": [[0.005251230695604746, 0.005401580431775165, 0.004681486007401299], [0.005401580431775165, 0.01047908574726859, 0.009971545355923702], [0.004681486007401299, 0.009971545355923706, 0.034556599070656335]], "chi2_level": 0.95, "chi2_df": 3, "chi2_threshold": 7.814727903251179, "N_raw": 39, "N_roi": 39, "N_inlier": 36, "refit": true}
{"timestamp": "15:56:56.325765", "frame": 44, "mu": [-1.5541412392465643, 0.9188476299459143, 1.4372782891698486], "Sigma": [[0.006297855338669592, -0.000105791063843577, -0.005303208711411253], [-0.00010579106384357724, 0.0059130340503970044, -0.0024055743655515124], [-0.005303208711411255, -0.0024055743655515124, 0.0066063672847742625]], "chi2_level": 0.95, "chi2_df": 3, "chi2_threshold": 7.814727903251179, "N_raw": 39, "N_roi": 39, "N_inlier": 37, "refit": true}
{"timestamp": "15:56:56.388389", "frame": 45, "mu": [-1.5265191583967843, 0.9398134513048629, 1.3905764867659065], "Sigma": [[0.008344107660441738, 0.001358334233207353, -0.0031548826694451754], [0.001358334233207353, 0.008205427692650239, -0.0033485642077555953], [-0.0031548826694451754, -0.0033485642077555953, 0.003954531156988759]], "chi2_level": 0.95, "chi2_df": 3, "chi2_threshold": 7.814727903251179, "N_raw": 55, "N_roi": 55, "N_inlier": 53, "refit": true}
{"timestamp": "15:56:56.436487", "frame": 46, "mu": [-1.4963751568775723, 0.9825513574645361, 1.3818980520742061], "Sigma": [[0.010016701424413242, 0.0007518214298672982, -0.00609654791849951], [0.000751821429867298, 0.005880570622467537, -0.0015530671209206426], [-0.00609654791849951, -0.0015530671209206426, 0.004327190797562139]], "chi2_level": 0.95, "chi2_df": 3, "chi2_threshold": 7.814727903251179, "N_raw": 42, "N_roi": 42, "N_inlier": 41, "refit": true}
{"timestamp": "15:56:56.491521", "frame": 47, "mu": [-1.467788862585641, 1.1124542454476563, -0.3344996482556649], "Sigma": [[0.0073136143789325845, 0.005749556472108841, 0.0005834154297717165], [0.005749556472108841, 0.014316061968459031, 0.006685096578154007], [0.0005834154297717164, 0.006685096578154007, 0.0076339890024900514]], "chi2_level": 0.95, "chi2_df": 3, "chi2_threshold": 7.814727903251179, "N_raw": 41, "N_roi": 41, "N_inlier": 39, "refit": true}
{"timestamp": "15:56:56.544518", "frame": 48, "mu": [-1.497752956612635, 1.026163038516887, 1.3314791178430767], "Sigma": [[0.014439285584397927, 0.004767056491066886, -0.009556650284862134], [0.004767056491066886, 0.009709943182563133, -0.002992788183707498], [-0.009556650284862134, -0.002992788183707498, 0.007084655954370853]], "chi2_level": 0.95, "chi2_df": 3, "chi2_threshold": 7.814727903251179, "N_raw": 29, "N_roi": 26, "N_inlier": 25, "refit": true}
{"timestamp": "15:56:56.597623", "frame": 49, "mu": [-1.3036850888997529, 1.2599768116018992, 1.1225941196287936], "Sigma": [[0.014019406184061733, 0.0025561215394090094, -0.034444625927101465], [0.0025561215394090094, 0.022136699510762095, -0.033560841491974525], [-0.034444625927101465, -0.033560841491974525, 0.46763581393207826]], "chi2_level": 0.95, "chi2_df": 3, "chi2_threshold": 7.814727903251179, "N_raw": 12, "N_roi": 12, "N_inlier": 12, "refit": true}
{"timestamp": "15:56:56.659745", "frame": 50, "mu": [-1.215552371562033, 1.4215776210113031, 1.5532535802004301], "Sigma": [[0.007749815236492535, 0.0007571278981469097, -0.0032236712397911275], [0.0007571278981469096, 0.005236818071407425, -0.0027900766091192566], [-0.0032236712397911275, -0.0027900766091192566, 0.0031231353782501933]], "chi2_level": 0.95, "chi2_df": 3, "chi2_threshold": 7.814727903251179, "N_raw": 63, "N_roi": 63, "N_inlier": 55, "refit": true}
{"timestamp": "15:56:56.717026", "frame": 51, "mu": [-1.125491308892096, 1.5088574557813754, 1.6195799630008023], "Sigma": [[0.007565614455360306, 0.0001578387011539887, -0.0032355437254467717], [0.00015783870115398867, 0.003822575539435469, -0.0023570030161269677], [-0.0032355437254467717, -0.0023570030161269677, 0.004629937818043557]], "chi2_level": 0.95, "chi2_df": 3, "chi2_threshold": 7.814727903251179, "N_raw": 54, "N_roi": 54, "N_inlier": 50, "refit": true}
{"timestamp": "15:56:56.772182", "frame": 52, "mu": [-1.0295987776628412, 1.58417908511493, 1.5746036187553316], "Sigma": [[0.006507689404354786, -0.0006826179432953163, -0.003579832896293552], [-0.0006826179432953163, 0.004811903384159362, -0.003104606511839458], [-0.0035798328962935526, -0.003104606511839459, 0.005027042200959191]], "chi2_level": 0.95, "chi2_df": 3, "chi2_threshold": 7.814727903251179, "N_raw": 60, "N_roi": 60, "N_inlier": 55, "refit": true}
{"timestamp": "15:56:56.826861", "frame": 53, "mu": [-0.9544616321340832, 1.680897511027308, -0.0600247380183277], "Sigma": [[0.007186056150539413, 0.0005203268556958782, -0.007959306450332942], [0.0005203268556958781, 0.0052327686254213645, 0.0005431573826729819], [-0.007959306450332942, 0.0005431573826729821, 0.011777088101245286]], "chi2_level": 0.95, "chi2_df": 3, "chi2_threshold": 7.814727903251179, "N_raw": 55, "N_roi": 55, "N_inlier": 51, "refit": true}
{"timestamp": "15:56:56.883123", "frame": 54, "mu": [-0.8605792216028383, 1.7355883087091266, -0.11459448427445892], "Sigma": [[0.006715730974393644, 0.000136732564615789, -0.006842061432985443], [0.00013673256461578905, 0.006278266412149678, 0.0029085171429233197], [-0.006842061432985444, 0.0029085171429233197, 0.014270935220370646]], "chi2_level": 0.95, "chi2_df": 3, "chi2_threshold": 7.814727903251179, "N_raw": 61, "N_roi": 61, "N_inlier": 57, "refit": true}
{"timestamp": "15:56:56.941999", "frame": 55, "mu": [-0.9000484804572243, 1.7326943210263213, 1.02625574685313], "Sigma": [[0.014682867046693552, 0.003138765394585617, 0.04704775265247857], [0.003138765394585617, 0.006227903622000256, 0.029975287139191363], [0.04704775265247857, 0.029975287139191363, 0.3798392563887639]], "chi2_level": 0.95, "chi2_df": 3, "chi2_threshold": 7.814727903251179, "N_raw": 95, "N_roi": 95, "N_inlier": 94, "refit": true}
{"timestamp": "15:56:57.000601", "frame": 56, "mu": [-0.7946211203070007, 1.8200334978065698, 1.151179581760738], "Sigma": [[0.014054059848548172, -0.0009599724379739044, 0.03042210854401762], [-0.0009599724379739042, 0.0060146517894954475, 0.005869362225308743], [0.03042210854401762, 0.005869362225308743, 0.25586418785739706]], "chi2_level": 0.95, "chi2_df": 3, "chi2_threshold": 7.814727903251179, "N_raw": 109, "N_roi": 107, "N_inlier": 105, "refit": true}
{"timestamp": "15:56:57.050766", "frame": 57, "mu": [-0.7446097405556155, 1.8827330310747226, 1.4973903874929662], "Sigma": [[0.00853837731753858, -0.0017616523811501135, -0.006780896616825914], [-0.0017616523811501135, 0.004790859874424218, -0.0032728338912502005], [-0.006780896616825914, -0.0032728338912502005, 0.024001454017937764]], "chi2_level": 0.95, "chi2_df": 3, "chi2_threshold": 7.814727903251179, "N_raw": 73, "N_roi": 73, "N_inlier": 69, "refit": true}
{"timestamp": "15:56:57.097995", "frame": 58, "mu": [-0.7006544054718262, 1.942902301375008, 0.8144332740095925], "Sigma": [[0.0038157297131440563, -0.0009851027227821365, 0.001686116338247857], [-0.0009851027227821367, 0.00698565567075963, 0.023108632379433454], [0.001686116338247857, 0.023108632379433454, 0.4913073521109585]], "chi2_level": 0.95, "chi2_df": 3, "chi2_threshold": 7.814727903251179, "N_raw": 34, "N_roi": 34, "N_inlier": 33, "refit": true}
{"timestamp": "15:56:57.157857", "frame": 59, "mu": [-0.65076911449542, 2.002979292414996, 1.4076352067700548], "Sigma": [[0.006328051005305848, -0.0007914720706125951, -0.002395171072484513], [-0.0007914720706125951, 0.00574063921048621, 0.011724238383621745], [-0.002395171072484513, 0.011724238383621745, 0.07882792103621489]], "chi2_level": 0.95, "chi2_df": 3, "chi2_threshold": 7.814727903251179, "N_raw": 67, "N_roi": 67, "N_inlier": 62, "refit": true}
{"timestamp": "15:56:57.215454", "frame": 60, "mu": [-0.6219800381280629, 2.1126712533652836, 1.476032672255915], "Sigma": [[0.008118186811083493, 0.000976673122092234, -0.00427578916396174], [0.000976673122092234, 0.004250190446181359, -0.006937574197356976], [-0.004275789163961742, -0.006937574197356976, 0.02180742351348854]], "chi2_level": 0.95, "chi2_df": 3, "chi2_threshold": 7.814727903251179, "N_raw": 76, "N_roi": 76, "N_inlier": 72, "refit": true}
{"timestamp": "15:56:57.271129", "frame": 61, "mu": [-0.5680491572839115, 2.185706997585957, -0.3362833519052625], "Sigma": [[0.006732391732792661, 0.0002464163217034291, 0.012807853349399788], [0.00024641632170342904, 0.0078008994461267085, 0.0027159403499010413], [0.012807853349399788, 0.0027159403499010413, 0.08244861704738374]], "chi2_level": 0.95, "chi2_df": 3, "chi2_threshold": 7.814727903251179, "N_raw": 81, "N_roi": 78, "N_inlier": 72, "refit": true}
{"timestamp": "15:56:57.326930", "frame": 62, "mu": [-0.52283004760751, 2.2130739447879337, 1.2515544947741335], "Sigma": [[0.010683834532152953, 0.0019012171914167782, 0.013095034658508094], [0.0019012171914167782, 0.01715518946461772, 0.036656558720411556], [0.013095034658508094, 0.036656558720411556, 0.14212044285822595]], "chi2_level": 0.95, "chi2_df": 3, "chi2_threshold": 7.814727903251179, "N_raw": 85, "N_roi": 83, "N_inlier": 76, "refit": true}
{"timestamp": "15:56:57.379091", "frame": 63, "mu": [-0.45128517586420014, 2.2459781119608015, 1.4446451905785571], "Sigma": [[0.011303151704099882, 0.0004897990409675266, 0.0019538456289786652], [0.000489799040967527, 0.01816735857643213, 0.04093159521047429], [0.001953845628978666, 0.040931595210474285, 0.12273829061554739]], "chi2_level": 0.95, "chi2_df": 3, "chi2_threshold": 7.814727903251179, "N_raw": 70, "N_roi": 68, "N_inlier": 62, "refit": true}
{"timestamp": "15:56:57.437388", "frame": 64, "mu": [-0.31307641709241496, 2.4013840737060335, 0.12160939993010815], "Sigma": [[0.01217069527244097, -0.004179464084397977, 0.03690786703713751], [-0.004179464084397978, 0.008802229977410684, -0.02178812398859497], [0.03690786703713751, -0.02178812398859497, 0.32097949328219616]], "chi2_level": 0.95, "chi2_df": 3, "chi2_threshold": 7.814727903251179, "N_raw": 88, "N_roi": 82, "N_inlier": 81, "refit": true}
{"timestamp": "15:56:57.492313", "frame": 65, "mu": [-0.30061755558510495, 2.3507419529841176, 1.289248434264207], "Sigma": [[0.013654107591300648, -0.002978667273523841, 0.00652771124464009], [-0.0029786672735238407, 0.005973751996686305, 0.0036482978924744966], [0.00652771124464009, 0.0036482978924744966, 0.10318867049495703]], "chi2_level": 0.95, "chi2_df": 3, "chi2_threshold": 7.814727903251179, "N_raw": 85, "N_roi": 85, "N_inlier": 80, "refit": true}
{"timestamp": "15:56:57.545507", "frame": 66, "mu": [-0.2992677197573342, 2.4533938065597662, 1.2994201100461156], "Sigma": [[0.018735471058168158, -0.001123388666975078, 0.03983740881885345], [-0.0011233886669750777, 0.008356878340333116, 0.012652174715329957], [0.03983740881885344, 0.012652174715329957, 0.24640100469719978]], "chi2_level": 0.95, "chi2_df": 3, "chi2_threshold": 7.814727903251179, "N_raw": 83, "N_roi": 80, "N_inlier": 77, "refit": true}
{"timestamp": "15:56:57.599626", "frame": 67, "mu": [-0.21529820003447991, 2.5255761053905794, 1.28526541865226], "Sigma": [[0.009165565033387465, -5.2163419562825e-05, 0.004726929689174229], [-5.2163419562825056e-05, 0.008502208438366589, 0.027769762418577697], [0.004726929689174228, 0.027769762418577697, 0.4650101265666067]], "chi2_level": 0.95, "chi2_df": 3, "chi2_threshold": 7.814727903251179, "N_raw": 71, "N_roi": 71, "N_inlier": 71, "refit": true}
{"timestamp": "15:56:57.656748", "frame": 68, "mu": [-0.14423737110532542, 2.6282050150736476, -0.47549272692754957], "Sigma": [[0.008806772599788565, 0.001843561949081802, 0.028752402270780113], [0.0018435619490818017, 0.02796588457660091, -0.0443580366800577], [0.028752402270780113, -0.0443580366800577, 0.24844717562979984]], "chi2_level": 0.95, "chi2_df": 3, "chi2_threshold": 7.814727903251179, "N_raw": 90, "N_roi": 87, "N_inlier": 81, "refit": true}
{"timestamp": "15:56:57.709797", "frame": 69, "mu": [-0.13959237440211292, 2.6026686026555192, 1.257155473210296], "Sigma": [[0.01246219965076763, -0.0045047205763454525, -0.0030173349911938566], [-0.004504720576345453, 0.00485692911824883, -0.004335190402524867], [-0.003017334991193856, -0.004335190402524867, 0.01340695396748289]], "chi2_level": 0.95, "chi2_df": 3, "chi2_threshold": 7.814727903251179, "N_raw": 69, "N_roi": 69, "N_inlier": 67, "refit": true}
{"timestamp": "15:56:57.767196", "frame": 70, "mu": [-0.18759194906891838, 2.5590743028855103, 0.8797115764815217], "Sigma": [[0.03324147494647951, 0.01982728373287493, 0.08855887607459983], [0.01982728373287493, 0.019221489138889346, 0.06925649393285603], [0.08855887607459983, 0.06925649393285603, 0.3438703251045842]], "chi2_level": 0.95, "chi2_df": 3, "chi2_threshold": 7.814727903251179, "N_raw": 92, "N_roi": 88, "N_inlier": 84, "refit": true}
{"timestamp": "15:56:57.824577", "frame": 71, "mu": [-0.14912052822050526, 2.6666511604961127, 1.010231350294157], "Sigma": [[0.034231535549974074, 0.02277779235064071, 0.10185977019322637], [0.02277779235064071, 0.03116526407009693, 0.10601194052594737], [0.10185977019322637, 0.10601194052594737, 0.45947904344263324]], "chi2_level": 0.95, "chi2_df": 3, "chi2_threshold": 7.814727903251179, "N_raw": 106, "N_roi": 102, "N_inlier": 100, "refit": true}
{"timestamp": "15:56:57.874768", "frame": 72, "mu": [0.07714144745462034, 2.8260137290546514, 1.6747796529308232], "Sigma": [[0.0116860259163629, -0.0031593712406246576, -0.00953586205162047], [-0.0031593712406246576, 0.009506513861840935, 0.008529319818784988], [-0.009535862051620471, 0.008529319818784986, 0.017576721017504515]], "chi2_level": 0.95, "chi2_df": 3, "chi2_threshold": 7.814727903251179, "N_raw": 67, "N_roi": 67, "N_inlier": 63, "refit": true}
{"timestamp": "15:56:57.928398", "frame": 73, "mu": [0.18188367952139006, 2.8493725090023596, 1.5369500901329507], "Sigma": [[0.01049791189229347, -0.0031502669549536783, -0.00835450750373436], [-0.0031502669549536787, 0.010362606246522818, 0.007650761422824239], [-0.008354507503734362, 0.007650761422824238, 0.01072586278173245]], "chi2_level": 0.95, "chi2_df": 3, "chi2_threshold": 7.814727903251179, "N_raw": 66, "N_roi": 65, "N_inlier": 61, "refit": true}
{"timestamp": "15:56:57.983848", "frame": 74, "mu": [0.2518511522742342, 2.8708815998984285, 1.3087043889051297], "Sigma": [[0.011002214560635727, -0.000937605245926127, 0.003290181364562579], [-0.000937605245926127, 0.004746155861853295, -0.007713438868573605], [0.0032901813645625786, -0.007713438868573605, 0.021861149138354838]], "chi2_level": 0.95, "chi2_df": 3, "chi2_threshold": 7.814727903251179, "N_raw": 66, "N_roi": 66, "N_inlier": 61, "refit": true}
{"timestamp": "15:56:58.034421", "frame": 75, "mu": [0.2880582056979377, 2.8977522037659345, 1.253926957340764], "Sigma": [[0.010300602937440716, -0.0019185336113011777, 0.01608022813929947], [-0.0019185336113011777, 0.0025995110066969296, -0.007203932727318323], [0.01608022813929947, -0.007203932727318324, 0.20549764124014216]], "chi2_level": 0.95, "chi2_df": 3, "chi2_threshold": 7.814727903251179, "N_raw": 42, "N_roi": 42, "N_inlier": 40, "refit": true}
{"timestamp": "15:56:58.084856", "frame": 76, "mu": [0.3091501098097257, 2.538125053429031, 0.20629114886159172], "Sigma": [[0.000981675398501659, 0.006122379623524181, 0.015660286943165957], [0.006122379623524179, 0.5761598300161159, 0.6997303637930365], [0.015660286943165957, 0.6997303637930365, 1.1506359551972312]], "chi2_level": 0.95, "chi2_df": 3, "chi2_threshold": 7.814727903251179, "N_raw": 10, "N_roi": 10, "N_inlier": 10, "refit": true}
{"timestamp": "15:56:58.147955", "frame": 77, "mu": [0.30810564736605073, 3.0331297048790926, 1.2416051755998583], "Sigma": [[0.013640635821497443, -0.0005981536950727195, 0.010328648911352142], [-0.0005981536950727195, 0.0011933216301058941, -0.005004932239506007], [0.010328648911352144, -0.005004932239506007, 0.07395640731298486]], "chi2_level": 0.95, "chi2_df": 3, "chi2_threshold": 7.814727903251179, "N_raw": 68, "N_roi": 68, "N_inlier": 64, "refit": true}
{"timestamp": "15:56:58.200174", "frame": 78, "mu": [0.31986364100006437, 3.012161176038237, 0.7455555276155593], "Sigma": [[0.0107173178074599, -0.0005556420459712041, 0.004226980949784085], [-0.000555642045971204, 0.0017945578427343769, 0.008200325811564097], [0.0042269809497840856, 0.008200325811564097, 0.08952216429057497]], "chi2_level": 0.95, "chi2_df": 3, "chi2_threshold": 7.814727903251179, "N_raw": 48, "N_roi": 48, "N_inlier": 44, "refit": true}
{"timestamp": "15:56:58.255926", "frame": 79, "mu": [0.3945834874975618, 3.1355295019754665, 1.2019128351437893], "Sigma": [[0.010366609497147447, 0.001743895490634408, 0.01056842955434587], [0.0017438954906344077, 0.00830628945881557, 0.028627571689732376], [0.01056842955434587, 0.028627571689732376, 0.18525970693914853]], "chi2_level": 0.95, "chi2_df": 3, "chi2_threshold": 7.814727903251179, "N_raw": 53, "N_roi": 53, "N_inlier": 53, "refit": true}
{"timestamp": "15:56:58.304781", "frame": 80, "mu": [0.46654580222375786, 3.1985720679177194, 1.372815334030048], "Sigma": [[0.00442336175462866, 0.0003526656555580024, 0.011847432052269277], [0.0003526656555580025, 0.003656160393702013, 0.01929195434035049], [0.011847432052269277, 0.01929195434035049, 0.15383665869105162]], "chi2_level": 0.95, "chi2_df": 3, "chi2_threshold": 7.814727903251179, "N_raw": 12, "N_roi": 12, "N_inlier": 11, "refit": true}
{"timestamp": "15:56:58.358483", "frame": 81, "mu": [0.479069625914705, 3.2049920128587015, -0.6225414495111701], "Sigma": [[0.0027828180048234254, -0.0018168609841574396, 0.019639796063886817], [-0.0018168609841574396, 0.14211449624895936, 0.44704460960318537], [0.019639796063886814, 0.4470446096031853, 1.735796740175432]], "chi2_level": 0.95, "chi2_df": 3, "chi2_threshold": 7.814727903251179, "N_raw": 8, "N_roi": 8, "N_inlier": 8, "refit": true}
{"timestamp": "15:56:58.414332", "frame": 82, "mu": [0.6449586520795066, 3.0646410843598417, 0.671675290775239], "Sigma": [[0.0022874731555712364, -0.021988071692067644, -0.03620773116654015], [-0.021988071692067644, 0.44234179388844264, 0.7246279251096912], [-0.03620773116654015, 0.7246279251096912, 1.3876196492370299]], "chi2_level": 0.95, "chi2_df": 3, "chi2_threshold": 7.814727903251179, "N_raw": 10, "N_roi": 9, "N_inlier": 9, "refit": true}
{"timestamp": "15:56:58.525768", "frame": 84, "mu": [0.7358318374614266, 3.4459736259804306, 1.307476895337151], "Sigma": [[0.004522322214131594, -0.0012001538381389838, -0.007175923826648705], [-0.0012001538381389838, 0.0034108155577084924, -0.008085593445942743], [-0.007175923826648705, -0.008085593445942743, 0.15463274773014293]], "chi2_level": 0.95, "chi2_df": 3, "chi2_threshold": 7.814727903251179, "N_raw": 23, "N_roi": 23, "N_inlier": 21, "refit": true}
{"timestamp": "15:56:58.580689", "frame": 85, "mu": [0.743254793470144, 3.509859415956583, 1.1257906244382692], "Sigma": [[0.004532421945069525, -0.0015988302032063611, 0.0035128102495118607], [-0.001598830203206361, 0.003673088907862919, -0.014319747330240277], [0.0035128102495118607, -0.014319747330240277, 0.06519304573976184]], "chi2_level": 0.95, "chi2_df": 3, "chi2_threshold": 7.814727903251179, "N_raw": 17, "N_roi": 15, "N_inlier": 13, "refit": true}
{"timestamp": "15:56:58.639153", "frame": 86, "mu": [0.7773688899608311, 3.530260284612574, 1.0846386280149605], "Sigma": [[0.005943386518252138, -0.001144683193658269, -0.004379293078701048], [-0.0011446831936582692, 0.0022112946364714705, -0.00492277713227078], [-0.004379293078701047, -0.00492277713227078, 0.027904225957417185]], "chi2_level": 0.95, "chi2_df": 3, "chi2_threshold": 7.814727903251179, "N_raw": 25, "N_roi": 25, "N_inlier": 23, "refit": true}
{"timestamp": "15:56:58.690618", "frame": 87, "mu": [0.7304546210465938, 3.5742520704469847, 0.544291731565573], "Sigma": [[0.011726584814886483, -0.003859936407888551, 0.00867224627605058], [-0.003859936407888551, 0.002121751762008542, -0.004445972275699344], [0.00867224627605058, -0.004445972275699343, 0.015269927278009063]], "chi2_level": 0.95, "chi2_df": 3, "chi2_threshold": 7.814727903251179, "N_raw": 19, "N_roi": 19, "N_inlier": 17, "refit": true}
{"timestamp": "15:56:58.750652", "frame": 88, "mu": [0.8477296083281611, 3.612770789568698, 0.8888178137905787], "Sigma": [[0.02224357807989833, -0.006100814162361998, 0.03846753787873197], [-0.006100814162361998, 0.004602871287900546, -0.012021784984189602], [0.03846753787873197, -0.012021784984189602, 0.10702889690013134]], "chi2_level": 0.95, "chi2_df": 3, "chi2_threshold": 7.814727903251179, "N_raw": 54, "N_roi": 51, "N_inlier": 50, "refit": true}
{"timestamp": "15:56:58.802127", "frame": 89, "mu": [0.8480320385002781, 3.7186045532817324, 0.9599807411564333], "Sigma": [[0.02409959269116066, -0.015225849573597287, 0.029331484636798473], [-0.015225849573597287, 0.01305238810497861, -0.024106128154880287], [0.029331484636798473, -0.024106128154880283, 0.054270701979158495]], "chi2_level": 0.95, "chi2_df": 3, "chi2_threshold": 7.814727903251179, "N_raw": 29, "N_roi": 29, "N_inlier": 28, "refit": true}
{"timestamp": "15:56:58.854434", "frame": 90, "mu": [1.0186376078711379, 3.71646693497986, 1.3822651272227513], "Sigma": [[0.006318314682924152, -0.003300152057757676, -0.0056836239311692915], [-0.003300152057757676, 0.005125391291781824, 0.005146405515991667], [-0.0056836239311692915, 0.005146405515991666, 0.009761594336444033]], "chi2_level": 0.95, "chi2_df": 3, "chi2_threshold": 7.814727903251179, "N_raw": 18, "N_roi": 18, "N_inlier": 17, "refit": true}
{"timestamp": "15:56:58.908494", "frame": 91, "mu": [1.0648504865706814, 3.8732806465839333, 1.3005593882010045], "Sigma": [[0.0091299302625801, -0.0005714873704195855, -0.024969037922356906], [-0.0005714873704195855, 0.00840023242034478, -0.019528352216433238], [-0.0249690379223569, -0.019528352216433238, 0.15346885593713355]], "chi2_level": 0.95, "chi2_df": 3, "chi2_threshold": 7.814727903251179, "N_raw": 9, "N_roi": 9, "N_inlier": 8, "refit": true}
{"timestamp": "15:56:58.966839", "frame": 92, "mu": [1.1520058017452555, 3.834227315017855, 1.4510407238068932], "Sigma": [[0.01525234003703371, -0.004206649960913453, -0.008553734263715761], [-0.004206649960913453, 0.0037319843848714566, -0.0006417476825513551], [-0.008553734263715761, -0.0006417476825513553, 0.012766960930644854]], "chi2_level": 0.95, "chi2_df": 3, "chi2_threshold": 7.814727903251179, "N_raw": 32, "N_roi": 32, "N_inlier": 31, "refit": true}
{"timestamp": "15:56:59.019449", "frame": 93, "mu": [1.1570088838702628, 3.9807378205497232, 1.2595500726719435], "Sigma": [[0.005613968326161727, -0.0013331788244931684, 0.008813822331985006], [-0.0013331788244931686, 0.004437378742786615, -0.01959981872567907], [0.008813822331985004, -0.019599818725679067, 0.18411993812429703]], "chi2_level": 0.95, "chi2_df": 3, "chi2_threshold": 7.814727903251179, "N_raw": 13, "N_roi": 13, "N_inlier": 13, "refit": true}
{"timestamp": "15:56:59.077422", "frame": 94, "mu": [1.1749941527957664, 3.9776422211958558, 1.5543556987166458], "Sigma": [[0.02039949731166217, -0.006845778612382548, -0.009013722702501408], [-0.006845778612382548, 0.00591253681819759, 0.0033823919883002153], [-0.009013722702501406, 0.0033823919883002153, 0.006624235668365618]], "chi2_level": 0.95, "chi2_df": 3, "chi2_threshold": 7.814727903251179, "N_raw": 35, "N_roi": 35, "N_inlier": 35, "refit": true}
{"timestamp": "15:56:59.131110", "frame": 95, "mu": [1.2038303726430113, 4.03531294855634, 1.548210388305439], "Sigma": [[0.014804012994130067, -0.004564272367267715, -0.007177181976971351], [-0.004564272367267715, 0.004054661066546194, 0.003311497845048128], [-0.007177181976971351, 0.0033114978450481274, 0.030959318063061125]], "chi2_level": 0.95, "chi2_df": 3, "chi2_threshold": 7.814727903251179, "N_raw": 31, "N_roi": 31, "N_inlier": 28, "refit": true}
{"timestamp": "15:56:59.238784", "frame": 97, "mu": [1.25594335453786, 4.063011833846216, 0.6363307421865239], "Sigma": [[0.005516734965878266, -0.0015735043315222776, -0.005248239124330089], [-0.0015735043315222776, 0.002537542940127896, 0.009487682572925508], [-0.005248239124330088, 0.009487682572925506, 0.07473754008957212]], "chi2_level": 0.95, "chi2_df": 3, "chi2_threshold": 7.814727903251179, "N_raw": 11, "N_roi": 11, "N_inlier": 9, "refit": true}
{"timestamp": "15:56:59.527335", "frame": 102, "mu": [1.491587524277254, 4.486024347273138, 1.6743276389494124], "Sigma": [[0.019120258333600745, -0.005737370019794297, -0.006141799027549653], [-0.005737370019794297, 0.005820451477759438, 0.00533849135800412], [-0.006141799027549653, 0.00533849135800412, 0.007326200722864948]], "chi2_level": 0.95, "chi2_df": 3, "chi2_threshold": 7.814727903251179, "N_raw": 34, "N_roi": 34, "N_inlier": 34, "refit": true}
{"timestamp": "15:56:59.740901", "frame": 106, "mu": [1.6606848193620678, 4.615866223906315, 1.116452198830373], "Sigma": [[0.025049572973426602, -0.010002309280130958, -0.022998982379607527], [-0.010002309280130958, 0.0071655803505737145, 0.03451923779211548], [-0.022998982379607527, 0.03451923779211548, 0.35771258126947153]], "chi2_level": 0.95, "chi2_df": 3, "chi2_threshold": 7.814727903251179, "N_raw": 50, "N_roi": 44, "N_inlier": 43, "refit": true}
{"timestamp": "15:56:59.789608", "frame": 107, "mu": [1.7108466180662398, 4.65264356815186, 0.7978410426403304], "Sigma": [[0.014375943710352411, -0.00422608226562604, -0.004157455543835596], [-0.004226082265626039, 0.0019224043273632378, -3.9229839747427505e-05], [-0.004157455543835597, -3.922983974742757e-05, 0.022385329091554565]], "chi2_level": 0.95, "chi2_df": 3, "chi2_threshold": 7.814727903251179, "N_raw": 17, "N_roi": 16, "N_inlier": 15, "refit": true}
{"timestamp": "15:56:59.848930", "frame": 108, "mu": [1.7649850799480875, 4.755897100291043, 1.3678482909937746], "Sigma": [[0.017382692138508613, -0.007757147612776931, -0.0039958321049668784], [-0.007757147612776929, 0.007389683479967867, -0.008594979089340555], [-0.0039958321049668784, -0.008594979089340557, 0.05552351353059493]], "chi2_level": 0.95, "chi2_df": 3, "chi2_threshold": 7.814727903251179, "N_raw": 44, "N_roi": 44, "N_inlier": 43, "refit": true}
{"timestamp": "15:56:59.953399", "frame": 110, "mu": [1.8546994275374078, 4.846015744568164, 1.717657677960674], "Sigma": [[0.005326611143677635, -0.001837387248190622, 0.0005305563656135327], [-0.001837387248190622, 0.003638446564293028, -0.00043842427537486747], [0.0005305563656135327, -0.00043842427537486747, 7.557342966895363e-05]], "chi2_level": 0.95, "chi2_df": 3, "chi2_threshold": 7.814727903251179, "N_raw": 10, "N_roi": 7, "N_inlier": 7, "refit": true}
{"timestamp": "15:57:00.118731", "frame": 113, "mu": [2.1167666325025247, 4.846117145170673, 1.5231502691256336], "Sigma": [[0.011681536111867277, -0.00456858583144698, 0.0012837275676338658], [-0.00456858583144698, 0.0029469593071666834, -0.0006472675830324326], [0.0012837275676338658, -0.0006472675830324326, 0.00016029776075211045]], "chi2_level": 0.95, "chi2_df": 3, "chi2_threshold": 7.814727903251179, "N_raw": 10, "N_roi": 8, "N_inlier": 8, "refit": true}
{"timestamp": "15:57:00.232227", "frame": 115, "mu": [2.141978585725146, 4.923944770122183, 1.3760055264714457], "Sigma": [[0.014809475522133492, -0.003772696823586384, -0.008726708365873637], [-0.003772696823586384, 0.0028048681704420046, 0.0008431618142718576], [-0.008726708365873637, 0.0008431618142718574, 0.00859762505202772]], "chi2_level": 0.95, "chi2_df": 3, "chi2_threshold": 7.814727903251179, "N_raw": 34, "N_roi": 15, "N_inlier": 15, "refit": true}
