{"timestamp": "16:16:03.855882", "frame": 37, "mu": [-2.3896707820819842, 4.5063787357172975, 0.9357717383384053], "Sigma": [[0.005550796385392755, 0.002624692863081258, -0.0016473165141787276], [0.002624692863081258, 0.005302789504797214, -0.003920363199510973], [-0.0016473165141787276, -0.003920363199510973, 0.009889504811884163]], "chi2_level": 0.95, "chi2_df": 3, "chi2_threshold": 7.814727903251179, "N_raw": 19, "N_roi": 9, "N_inlier": 9, "refit": true}
{"timestamp": "16:16:03.910582", "frame": 38, "mu": [-2.382948934379344, 4.46619573907331, 0.881069240476626], "Sigma": [[0.005382171249785088, 0.001679591970061023, -0.005629073198157629], [0.001679591970061023, 0.0015004908473944419, -0.005425446097092745], [-0.005629073198157628, -0.005425446097092745, 0.027969796267322496]], "chi2_level": 0.95, "chi2_df": 3, "chi2_threshold": 7.814727903251179, "N_raw": 23, "N_roi": 10, "N_inlier": 10, "refit": true}
{"timestamp": "16:16:04.079614", "frame": 41, "mu": [-2.2301451628553473, 4.42291624953244, 0.576114801477883], "Sigma": [[0.023347623920644135, 0.008568242638425257, -0.01296920676825512], [0.008568242638425257, 0.012870289064375439, 0.0007435684844247746], [-0.01296920676825512, 0.0007435684844247748, 0.014316431701261149]], "chi2_level": 0.95, "chi2_df": 3, "chi2_threshold": 7.814727903251179, "N_raw": 49, "N_roi": 44, "N_inlier": 42, "refit": true}
{"timestamp": "16:16:04.133174", "frame": 42, "mu": [-2.2603115368584468, 4.55907347599763, -0.09803062998889467], "Sigma": [[0.01812424157561173, 0.010984353580877022, -0.012470357498319063], [0.010984353580877022, 0.01119174315648073, -0.00865659240487767], [-0.012470357498319061, -0.008656592404877667, 0.013558641016056158]], "chi2_level": 0.95, "chi2_df": 3, "chi2_threshold": 7.814727903251179, "N_raw": 25, "N_roi": 25, "N_inlier": 24, "refit": true}
{"timestamp": "16:16:04.296722", "frame": 45, "mu": [-2.068401077451731, 4.443180387471339, 0.7538493309071727], "Sigma": [[0.013420109440479952, 0.006467267154962844, -0.007409197048635628], [0.006467267154962845, 0.007389927930966982, -0.007147495639240647], [-0.007409197048635628, -0.007147495639240645, 0.007591861526606068]], "chi2_level": 0.95, "chi2_df": 3, "chi2_threshold": 7.814727903251179, "N_raw": 15, "N_roi": 15, "N_inlier": 13, "refit": true}
{"timestamp": "16:16:04.356573", "frame": 46, "mu": [-2.204024773017906, 4.183192098620377, 0.9976537375477883], "Sigma": [[0.025028914021780556, 0.009532047040611044, -0.01642533791063284], [0.009532047040611044, 0.006230273338756101, -0.012087702371831613], [-0.016425337910632838, -0.012087702371831613, 0.027893730538491014]], "chi2_level": 0.95, "chi2_df": 3, "chi2_threshold": 7.814727903251179, "N_raw": 48, "N_roi": 47, "N_inlier": 45, "refit": true}
{"timestamp": "16:16:04.406700", "frame": 47, "mu": [-2.1649165831235444, 4.196777415932438, 0.8765247507740264], "Sigma": [[0.02087081988253696, 0.015772490154890795, -0.020001290646008363], [0.015772490154890798, 0.01600949330266982, -0.016599330027679753], [-0.020001290646008363, -0.016599330027679753, 0.023104973878077553]], "chi2_level": 0.95, "chi2_df": 3, "chi2_threshold": 7.814727903251179, "N_raw": 17, "N_roi": 17, "N_inlier": 16, "refit": true}
{"timestamp": "16:16:04.466173", "frame": 48, "mu": [-2.103098831510079, 4.120233555179822, 0.7892170751769504], "Sigma": [[0.025838686469046586, 0.005615640473883295, -0.030278725256814194], [0.005615640473883295, 0.0030690349813441856, -0.01050818660195003], [-0.030278725256814194, -0.01050818660195003, 0.052409378784860176]], "chi2_level": 0.95, "chi2_df": 3, "chi2_threshold": 7.814727903251179, "N_raw": 42, "N_roi": 42, "N_inlier": 41, "refit": true}
{"timestamp": "16:16:04.522681", "frame": 49, "mu": [-2.0452411875129197, 4.142879597785818, 0.7231951222262388], "Sigma": [[0.02468012593305708, 0.012124867946417067, -0.020736982928009275], [0.012124867946417067, 0.014794393033888681, -0.010356117202218691], [-0.020736982928009275, -0.010356117202218691, 0.020727534790003586]], "chi2_level": 0.95, "chi2_df": 3, "chi2_threshold": 7.814727903251179, "N_raw": 55, "N_roi": 55, "N_inlier": 53, "refit": true}
{"timestamp": "16:16:04.581090", "frame": 50, "mu": [-1.9606856548581075, 4.2087618842178465, -0.972736043916594], "Sigma": [[0.05383911612684729, 0.04210892108835527, 0.019343027436693007], [0.04210892108835527, 0.04388208107075384, 0.03403144344070353], [0.019343027436693007, 0.03403144344070353, 0.1311943188556796]], "chi2_level": 0.95, "chi2_df": 3, "chi2_threshold": 7.814727903251179, "N_raw": 81, "N_roi": 81, "N_inlier": 80, "refit": true}
{"timestamp": "16:16:04.630191", "frame": 51, "mu": [-1.9553975019963263, 4.153327795543796, 0.7995542918535573], "Sigma": [[0.06613699796057702, 0.04255267408920262, -0.08505574250724068], [0.04255267408920263, 0.03142802754632528, -0.05920869437869274], [-0.08505574250724068, -0.05920869437869274, 0.11883882731273644]], "chi2_level": 0.95, "chi2_df": 3, "chi2_threshold": 7.814727903251179, "N_raw": 32, "N_roi": 32, "N_inlier": 30, "refit": true}
{"timestamp": "16:16:04.741370", "frame": 53, "mu": [-1.9370052428228386, 4.104982037215878, -0.6987275697292419], "Sigma": [[0.05963640014001145, 0.04863927968478601, 0.013685829196552398], [0.04863927968478601, 0.049233116429322515, 0.016751916470982016], [0.0136858291965524, 0.01675191647098201, 0.13840895833472364]], "chi2_level": 0.95, "chi2_df": 3, "chi2_threshold": 7.814727903251179, "N_raw": 50, "N_roi": 50, "N_inlier": 50, "refit": true}
{"timestamp": "16:16:04.798986", "frame": 54, "mu": [-1.8977789305724937, 3.9823571990400746, 0.727827039586426], "Sigma": [[0.04329413231625594, 0.017546067926167308, -0.048862473254583365], [0.017546067926167308, 0.009206099705100031, -0.024625106490189855], [-0.048862473254583365, -0.024625106490189855, 0.07426803135423757]], "chi2_level": 0.95, "chi2_df": 3, "chi2_threshold": 7.814727903251179, "N_raw": 62, "N_roi": 62, "N_inlier": 61, "refit": true}
{"timestamp": "16:16:04.853988", "frame": 55, "mu": [-1.7441650365343273, 4.023815424557352, 0.6865582049871095], "Sigma": [[0.02983940820152126, 0.014118899482141208, -0.032251053830023566], [0.014118899482141208, 0.011891536254131186, -0.021092902429567822], [-0.032251053830023566, -0.021092902429567822, 0.049266098652965724]], "chi2_level": 0.95, "chi2_df": 3, "chi2_threshold": 7.814727903251179, "N_raw": 66, "N_roi": 65, "N_inlier": 63, "refit": true}
{"timestamp": "16:16:04.903184", "frame": 56, "mu": [-1.884788617522477, 3.9012409101508596, 0.986365194120204], "Sigma": [[0.01796563830523905, 0.0045716188383298365, -0.011378641391308354], [0.004571618838329837, 0.002255784053959541, -0.004112974357813973], [-0.011378641391308356, -0.004112974357813973, 0.01342844739902691]], "chi2_level": 0.95, "chi2_df": 3, "chi2_threshold": 7.814727903251179, "N_raw": 24, "N_roi": 24, "N_inlier": 23, "refit": true}
{"timestamp": "16:16:04.958192", "frame": 57, "mu": [-1.7655741713872624, 3.9026167167942734, 0.6948106663582562], "Sigma": [[0.01487480177344192, 0.00246543187705462, -0.013663181467855627], [0.0024654318770546205, 0.001190167762347799, -0.0042700646829572884], [-0.013663181467855627, -0.0042700646829572884, 0.03022630842999813]], "chi2_level": 0.95, "chi2_df": 3, "chi2_threshold": 7.814727903251179, "N_raw": 32, "N_roi": 32, "N_inlier": 30, "refit": true}
{"timestamp": "16:16:05.019325", "frame": 58, "mu": [-1.7399262611699522, 3.920088970375201, -0.9199698125505182], "Sigma": [[0.026299764393891402, 0.013752391157746326, 0.02299696908600631], [0.013752391157746326, 0.012090017387643094, 0.019463393084278448], [0.022996969086006305, 0.019463393084278448, 0.10648061355796805]], "chi2_level": 0.95, "chi2_df": 3, "chi2_threshold": 7.814727903251179, "N_raw": 60, "N_roi": 57, "N_inlier": 53, "refit": true}
{"timestamp": "16:16:05.067149", "frame": 59, "mu": [-1.779378331926818, 3.8522246093897197, 1.1313604095268204], "Sigma": [[0.01009767938802317, 0.003708599660962898, -0.004892819135148187], [0.003708599660962898, 0.002323656804862145, -0.005776113694261985], [-0.0048928191351481866, -0.005776113694261985, 0.023335642977433887]], "chi2_level": 0.95, "chi2_df": 3, "chi2_threshold": 7.814727903251179, "N_raw": 18, "N_roi": 18, "N_inlier": 16, "refit": true}
{"timestamp": "16:16:05.123036", "frame": 60, "mu": [-1.6426728598513305, 3.87754721723742, 0.9924108286951551], "Sigma": [[0.011949338865543129, 0.005496555314107001, -0.011612927650793631], [0.005496555314107001, 0.002778267159212572, -0.007415567942217309], [-0.011612927650793631, -0.007415567942217309, 0.03240331607286247]], "chi2_level": 0.95, "chi2_df": 3, "chi2_threshold": 7.814727903251179, "N_raw": 19, "N_roi": 19, "N_inlier": 16, "refit": true}
{"timestamp": "16:16:05.183081", "frame": 61, "mu": [-1.6414431522821025, 3.8292000659614898, 0.8844437981284217], "Sigma": [[0.027864653189238787, 0.010190972083247853, -0.024764699472935962], [0.010190972083247853, 0.00591617572448879, -0.012686487705337906], [-0.024764699472935962, -0.012686487705337908, 0.032750227809978036]], "chi2_level": 0.95, "chi2_df": 3, "chi2_threshold": 7.814727903251179, "N_raw": 53, "N_roi": 50, "N_inlier": 46, "refit": true}
{"timestamp": "16:16:05.234705", "frame": 62, "mu": [-1.600570259653572, 3.766561376759091, 0.9997809161674927], "Sigma": [[0.018119103395110334, 0.006392182031774379, -0.0093084352215234], [0.006392182031774379, 0.0025449049062090173, -0.005116045200457753], [-0.0093084352215234, -0.005116045200457753, 0.02443761059973001]], "chi2_level": 0.95, "chi2_df": 3, "chi2_threshold": 7.814727903251179, "N_raw": 29, "N_roi": 26, "N_inlier": 22, "refit": true}
{"timestamp": "16:16:05.288938", "frame": 63, "mu": [-1.3853064475242542, 4.060195843357884, -0.168126730003025], "Sigma": [[0.03142295320845163, 0.022991193636543603, -0.03167869626576622], [0.022991193636543603, 0.023547828501878088, -0.031687523882637646], [-0.03167869626576622, -0.03168752388263764, 0.04495479146250485]], "chi2_level": 0.95, "chi2_df": 3, "chi2_threshold": 7.814727903251179, "N_raw": 32, "N_roi": 31, "N_inlier": 30, "refit": true}
{"timestamp": "16:16:05.341807", "frame": 64, "mu": [-1.4818171963300417, 3.7457732237753407, 0.8272226873210821], "Sigma": [[0.010181448797414226, 0.002286582204459111, -0.014763870772127458], [0.0022865822044591116, 0.0009502037223143765, -0.004331333864192447], [-0.014763870772127461, -0.004331333864192447, 0.02988990997781331]], "chi2_level": 0.95, "chi2_df": 3, "chi2_threshold": 7.814727903251179, "N_raw": 16, "N_roi": 16, "N_inlier": 14, "refit": true}
{"timestamp": "16:16:05.402307", "frame": 65, "mu": [-1.4611085483867388, 3.8992840898068106, -0.10839209493903802], "Sigma": [[0.02124691649700778, 0.007039410908397768, -0.009805895900391893], [0.007039410908397768, 0.008950953039005784, -0.01286161079693503], [-0.009805895900391895, -0.01286161079693503, 0.025354249594777646]], "chi2_level": 0.95, "chi2_df": 3, "chi2_threshold": 7.814727903251179, "N_raw": 57, "N_roi": 55, "N_inlier": 54, "refit": true}
{"timestamp": "16:16:05.460095", "frame": 66, "mu": [-1.3988609636861675, 3.6932748826718846, 0.6772133439541305], "Sigma": [[0.021491812841351973, 0.0019471168787480264, -0.020526889561123182], [0.0019471168787480266, 0.004664964674358532, -0.012276015510317729], [-0.020526889561123182, -0.01227601551031773, 0.07227996553771582]], "chi2_level": 0.95, "chi2_df": 3, "chi2_threshold": 7.814727903251179, "N_raw": 61, "N_roi": 55, "N_inlier": 52, "refit": true}
{"timestamp": "16:16:05.515304", "frame": 67, "mu": [-1.3209918867097343, 3.6790886545765678, 0.7866029695755533], "Sigma": [[0.028776120764341905, 0.009204146010987365, -0.022510197419346407], [0.009204146010987365, 0.006470497467809915, -0.012457039232425299], [-0.022510197419346407, -0.0124570392324253, 0.02965376853321338]], "chi2_level": 0.95, "chi2_df": 3, "chi2_threshold": 7.814727903251179, "N_raw": 69, "N_roi": 68, "N_inlier": 65, "refit": true}
{"timestamp": "16:16:05.563566", "frame": 68, "mu": [-1.2504858297447132, 3.705641748962454, 0.47226989952459225], "Sigma": [[0.013826200494456372, 0.002231122459016895, 0.020098937280745532], [0.002231122459016895, 0.003715138697596323, -0.002169359209027176], [0.020098937280745532, -0.002169359209027176, 0.08390399925395377]], "chi2_level": 0.95, "chi2_df": 3, "chi2_threshold": 7.814727903251179, "N_raw": 21, "N_roi": 21, "N_inlier": 20, "refit": true}
{"timestamp": "16:16:05.625014", "frame": 69, "mu": [-1.295803485714059, 3.7799620961861233, -0.2536266641585721], "Sigma": [[0.01594400312188112, 0.008368527577198817, -0.016315740547075987], [0.008368527577198817, 0.008623510817471106, -0.01881612962240393], [-0.016315740547075987, -0.01881612962240393, 0.04926053346922818]], "chi2_level": 0.95, "chi2_df": 3, "chi2_threshold": 7.814727903251179, "N_raw": 44, "N_roi": 44, "N_inlier": 41, "refit": true}
{"timestamp": "16:16:05.677704", "frame": 70, "mu": [-1.3246167238650575, 3.517469315797045, 0.948105362540791], "Sigma": [[0.019503324463222473, 0.004665262514259387, -0.008687657950124732], [0.004665262514259387, 0.0025429558201666633, -0.007750509927563062], [-0.00868765795012473, -0.007750509927563062, 0.034201429725374814]], "chi2_level": 0.95, "chi2_df": 3, "chi2_threshold": 7.814727903251179, "N_raw": 57, "N_roi": 55, "N_inlier": 52, "refit": true}
{"timestamp": "16:16:05.734494", "frame": 71, "mu": [-1.300696731903361, 3.544816238240445, -0.8456160301724542], "Sigma": [[0.024149529506322126, 0.011534869959226257, 0.028309291222804074], [0.011534869959226257, 0.01244302661635492, 0.02107809852040721], [0.028309291222804074, 0.02107809852040721, 0.15554401610255467]], "chi2_level": 0.95, "chi2_df": 3, "chi2_threshold": 7.814727903251179, "N_raw": 60, "N_roi": 59, "N_inlier": 58, "refit": true}
{"timestamp": "16:16:05.788870", "frame": 72, "mu": [-1.2435492242000614, 3.4944915034115525, 0.8350558746205871], "Sigma": [[0.021724483213909223, 0.0038071190354938963, -0.02583143181328501], [0.0038071190354938963, 0.0030590169129551077, -0.00944351061761759], [-0.02583143181328501, -0.009443510617617588, 0.04938404440619447]], "chi2_level": 0.95, "chi2_df": 3, "chi2_threshold": 7.814727903251179, "N_raw": 61, "N_roi": 61, "N_inlier": 57, "refit": true}
{"timestamp": "16:16:05.847378", "frame": 73, "mu": [-1.1408675620567181, 3.6664498364532774, -0.34203216086314747], "Sigma": [[0.0311506312648437, 0.018667650508572803, -0.04163375492465824], [0.018667650508572806, 0.020451975764859763, -0.039846057777711955], [-0.04163375492465824, -0.039846057777711955, 0.08911886526506624]], "chi2_level": 0.95, "chi2_df": 3, "chi2_threshold": 7.814727903251179, "N_raw": 88, "N_roi": 88, "N_inlier": 84, "refit": true}
{"timestamp": "16:16:05.902781", "frame": 74, "mu": [-1.175316602105954, 3.388475926816155, 0.9151287469405693], "Sigma": [[0.022592118123619734, 0.004506309154994215, -0.03226906433590891], [0.004506309154994215, 0.004619322811759991, -0.014084147419648892], [-0.03226906433590891, -0.014084147419648892, 0.10336383827517512]], "chi2_level": 0.95, "chi2_df": 3, "chi2_threshold": 7.814727903251179, "N_raw": 85, "N_roi": 85, "N_inlier": 80, "refit": true}
{"timestamp": "16:16:05.957074", "frame": 75, "mu": [-1.1676590221361607, 3.3348689743633932, 0.7268655000576851], "Sigma": [[0.02236813743614631, 0.0032591642373430776, -0.02526828071368917], [0.0032591642373430776, 0.008574003226134221, -0.008262292900586892], [-0.02526828071368917, -0.00826229290058689, 0.036452914371347477]], "chi2_level": 0.95, "chi2_df": 3, "chi2_threshold": 7.814727903251179, "N_raw": 77, "N_roi": 77, "N_inlier": 74, "refit": true}
{"timestamp": "16:16:06.007494", "frame": 76, "mu": [-1.0624428128944143, 3.3829621561072605, 1.2561095644287223], "Sigma": [[0.015302195334512414, 0.003130672719967323, -0.025310189047564595], [0.003130672719967323, 0.0034272868244959167, -0.0071798479139530075], [-0.025310189047564595, -0.007179847913953008, 0.13812993967039164]], "chi2_level": 0.95, "chi2_df": 3, "chi2_threshold": 7.814727903251179, "N_raw": 49, "N_roi": 44, "N_inlier": 42, "refit": true}
{"timestamp": "16:16:06.066038", "frame": 77, "mu": [-1.0431373805419364, 3.3542835280145455, 0.8483105223907972], "Sigma": [[0.02063084241343097, 0.006754386384566166, -0.0328589796746798], [0.006754386384566166, 0.004101086018798428, -0.018720957860814118], [-0.0328589796746798, -0.018720957860814114, 0.2069838842075388]], "chi2_level": 0.95, "chi2_df": 3, "chi2_threshold": 7.814727903251179, "N_raw": 77, "N_roi": 75, "N_inlier": 70, "refit": true}
{"timestamp": "16:16:06.121529", "frame": 78, "mu": [-1.1186355779255117, 3.2258137696969573, 0.9490769294357823], "Sigma": [[0.02066652883442544, 0.0011482435212898177, -0.01485877935765639], [0.001148243521289818, 0.0019511360942019611, -0.006040134316878923], [-0.01485877935765639, -0.006040134316878923, 0.02890023676315679]], "chi2_level": 0.95, "chi2_df": 3, "chi2_threshold": 7.814727903251179, "N_raw": 67, "N_roi": 63, "N_inlier": 58, "refit": true}
{"timestamp": "16:16:06.169104", "frame": 79, "mu": [-1.0552601232417793, 3.243706842174201, 1.0090896724059777], "Sigma": [[0.008235282559736165, 0.0008221895572812095, -0.0029998603283490537], [0.0008221895572812094, 0.0006227619529567451, -0.002922796213123199], [-0.0029998603283490537, -0.002922796213123199, 0.02829768924434382]], "chi2_level": 0.95, "chi2_df": 3, "chi2_threshold": 7.814727903251179, "N_raw": 29, "N_roi": 29, "N_inlier": 28, "refit": true}
{"timestamp": "16:16:06.226706", "frame": 80, "mu": [-0.9960682406478688, 3.1749064353106196, 0.7896209542907981], "Sigma": [[0.016302411711819228, 0.0045821730573954245, -0.0057480124546425895], [0.0045821730573954245, 0.0032817984779974748, -0.0036807929088057004], [-0.005748012454642589, -0.0036807929088057004, 0.007371661840033566]], "chi2_level": 0.95, "chi2_df": 3, "chi2_threshold": 7.814727903251179, "N_raw": 45, "N_roi": 44, "N_inlier": 41, "refit": true}
{"timestamp": "16:16:06.279710", "frame": 81, "mu": [-1.017888048287949, 3.2016403948273675, -0.854913253849711], "Sigma": [[0.012671025203380754, 0.0059580818428786155, 0.016122140843586392], [0.005958081842878615, 0.007867525682272178, 0.018118842145654263], [0.016122140843586392, 0.018118842145654263, 0.0919624530026141]], "chi2_level": 0.95, "chi2_df": 3, "chi2_threshold": 7.814727903251179, "N_raw": 37, "N_roi": 37, "N_inlier": 36, "refit": true}
{"timestamp": "16:16:06.333923", "frame": 82, "mu": [-0.9787285740884454, 3.1320580625353336, 0.8586197638261088], "Sigma": [[0.009092762534418002, 0.0016023010441019306, -0.01146766462354053], [0.0016023010441019304, 0.0014718163426284685, -0.003804273890155122], [-0.01146766462354053, -0.003804273890155122, 0.025984046410478783]], "chi2_level": 0.95, "chi2_df": 3, "chi2_threshold": 7.814727903251179, "N_raw": 31, "N_roi": 31, "N_inlier": 29, "refit": true}
{"timestamp": "16:16:06.390665", "frame": 83, "mu": [-0.8903944834047406, 3.1407523571264426, 0.9716252093143952], "Sigma": [[0.010662783228445835, 0.0006286729061488487, -0.011934755437479488], [0.0006286729061488487, 0.0010087428525292269, 0.002720288443050126], [-0.011934755437479488, 0.002720288443050126, 0.07261799884872672]], "chi2_level": 0.95, "chi2_df": 3, "chi2_threshold": 7.814727903251179, "N_raw": 42, "N_roi": 42, "N_inlier": 38, "refit": true}
{"timestamp": "16:16:06.442471", "frame": 84, "mu": [-0.7864367694392727, 3.153841040547518, 0.5842399743943454], "Sigma": [[0.005356620035101324, 0.0027378703277153964, -0.0031526032166227353], [0.0027378703277153964, 0.0028687230510008044, 0.0030778006566345704], [-0.0031526032166227353, 0.0030778006566345717, 0.20745774046501464]], "chi2_level": 0.95, "chi2_df": 3, "chi2_threshold": 7.814727903251179, "N_raw": 19, "N_roi": 19, "N_inlier": 18, "refit": true}
{"timestamp": "16:16:06.508230", "frame": 85, "mu": [-0.789914118908685, 3.3688794744896113, -0.548069909848316], "Sigma": [[0.015600413994148682, 0.006188686657800844, -0.012940067552645748], [0.006188686657800844, 0.021874271752351716, -0.07559474362689225], [-0.012940067552645748, -0.07559474362689225, 0.29810004855443395]], "chi2_level": 0.95, "chi2_df": 3, "chi2_threshold": 7.814727903251179, "N_raw": 91, "N_roi": 90, "N_inlier": 87, "refit": true}
{"timestamp": "16:16:06.556577", "frame": 86, "mu": [-0.7645195406128913, 3.0602750423839216, 0.8723600801090905], "Sigma": [[0.014052963060137843, 0.001989843774492176, -0.0063327141288143434], [0.001989843774492176, 0.0004245123303186701, -0.0013087364708823273], [-0.006332714128814343, -0.0013087364708823273, 0.028475419273701036]], "chi2_level": 0.95, "chi2_df": 3, "chi2_threshold": 7.814727903251179, "N_raw": 45, "N_roi": 44, "N_inlier": 40, "refit": true}
{"timestamp": "16:16:06.613802", "frame": 87, "mu": [-0.6005575820634537, 3.2376342906939497, -1.021083978190279], "Sigma": [[0.0348265502433988, 0.030019533245474628, 0.03518064999396302], [0.030019533245474628, 0.0308655577993445, 0.03642365868088372], [0.03518064999396302, 0.03642365868088372, 0.11230163154084814]], "chi2_level": 0.95, "chi2_df": 3, "chi2_threshold": 7.814727903251179, "N_raw": 52, "N_roi": 47, "N_inlier": 44, "refit": true}
{"timestamp": "16:16:06.664584", "frame": 88, "mu": [-0.7035238770345927, 3.2321520511330326, -0.2788536602693276], "Sigma": [[0.00940839334045321, 0.002910828033910678, 0.002649944094626606], [0.002910828033910678, 0.0031254552806720365, -0.004993272176717482], [0.002649944094626606, -0.004993272176717481, 0.017518444333072713]], "chi2_level": 0.95, "chi2_df": 3, "chi2_threshold": 7.814727903251179, "N_raw": 30, "N_roi": 28, "N_inlier": 26, "refit": true}
{"timestamp": "16:16:06.731298", "frame": 89, "mu": [-0.5473602149333738, 3.1434366742263693, 0.0005479156723071342], "Sigma": [[0.024550582832900295, 0.007538829642222187, 0.08757150534895568], [0.007538829642222188, 0.01583185300836444, 0.012223218203028317], [0.08757150534895569, 0.012223218203028319, 0.43786361398354184]], "chi2_level": 0.95, "chi2_df": 3, "chi2_threshold": 7.814727903251179, "N_raw": 108, "N_roi": 106, "N_inlier": 101, "refit": true}
{"timestamp": "16:16:06.780826", "frame": 90, "mu": [-0.5997635221825349, 2.9266738665915994, 0.9111230211394932], "Sigma": [[0.01640794607039146, 0.0020752403741393544, 0.0113728871214506], [0.0020752403741393544, 0.0021039638792626526, 0.009456305432777153], [0.0113728871214506, 0.009456305432777153, 0.10984086047837491]], "chi2_level": 0.95, "chi2_df": 3, "chi2_threshold": 7.814727903251179, "N_raw": 72, "N_roi": 72, "N_inlier": 70, "refit": true}
{"timestamp": "16:16:06.834420", "frame": 91, "mu": [-0.5249654391924699, 3.0867784444327606, -0.8390973978437397], "Sigma": [[0.025307134867986185, 0.02818657430633942, 0.05575243376053381], [0.028186574306339418, 0.042428436574854365, 0.08103337156223732], [0.05575243376053381, 0.08103337156223732, 0.17989876201767221]], "chi2_level": 0.95, "chi2_df": 3, "chi2_threshold": 7.814727903251179, "N_raw": 65, "N_roi": 65, "N_inlier": 61, "refit": true}
{"timestamp": "16:16:06.891217", "frame": 92, "mu": [-0.45556602353624076, 2.9896347440531397, 0.7502799030555634], "Sigma": [[0.024627100224925605, 0.013147105442431861, 0.0006045141342501842], [0.013147105442431861, 0.015355742855143016, 0.003086128421888874], [0.0006045141342501836, 0.003086128421888874, 0.005406785609157027]], "chi2_level": 0.95, "chi2_df": 3, "chi2_threshold": 7.814727903251179, "N_raw": 76, "N_roi": 69, "N_inlier": 66, "refit": true}
{"timestamp": "16:16:06.944313", "frame": 93, "mu": [-0.541402182494705, 2.859021149606923, 1.0452940564042823], "Sigma": [[0.01382305293033228, 0.0006728778317705416, -0.008096298737870496], [0.0006728778317705418, 0.0006382413215693356, -0.0031679948819410032], [-0.008096298737870496, -0.0031679948819410032, 0.037766311648699535]], "chi2_level": 0.95, "chi2_df": 3, "chi2_threshold": 7.814727903251179, "N_raw": 62, "N_roi": 59, "N_inlier": 54, "refit": true}
{"timestamp": "16:16:06.999957", "frame": 94, "mu": [-0.48771956967128377, 2.863006302060514, 0.8778434870632397], "Sigma": [[0.01626770349609725, -0.0004398299194925471, -0.0036190715645981818], [-0.0004398299194925471, 0.0015597929676098904, -0.003191342265118966], [-0.0036190715645981818, -0.003191342265118966, 0.009739915438556417]], "chi2_level": 0.95, "chi2_df": 3, "chi2_threshold": 7.814727903251179, "N_raw": 59, "N_roi": 57, "N_inlier": 53, "refit": true}
{"timestamp": "16:16:07.051932", "frame": 95, "mu": [-0.4259962569993497, 2.989603187206505, -0.6161884363809678], "Sigma": [[0.010601103064933259, 0.0016071770707762566, -0.0077066014205606536], [0.0016071770707762568, 0.0031341435604202027, -0.006311944344821378], [-0.007706601420560654, -0.006311944344821378, 0.026209568508852248]], "chi2_level": 0.95, "chi2_df": 3, "chi2_threshold": 7.814727903251179, "N_raw": 43, "N_roi": 43, "N_inlier": 37, "refit": true}
{"timestamp": "16:16:07.105205", "frame": 96, "mu": [-0.42734414404220417, 2.7254111959333094, 0.6075916723020365], "Sigma": [[0.005274919718670452, -0.0005021600228241769, 0.015539325325196892], [-0.0005021600228241769, 0.002069657585854705, 0.0003971658232432059], [0.015539325325196895, 0.0003971658232432055, 0.15566347540500494]], "chi2_level": 0.95, "chi2_df": 3, "chi2_threshold": 7.814727903251179, "N_raw": 23, "N_roi": 23, "N_inlier": 22, "refit": true}
{"timestamp": "16:16:07.166348", "frame": 97, "mu": [-0.34241322445008393, 2.7064918271711953, -1.1857017509307155], "Sigma": [[0.01729136740961721, 0.010601506021675675, 0.05403073263955655], [0.010601506021675674, 0.029218340235204754, 0.06611682574826422], [0.054030732639556545, 0.06611682574826422, 0.4503386742959266]], "chi2_level": 0.95, "chi2_df": 3, "chi2_threshold": 7.814727903251179, "N_raw": 80, "N_roi": 76, "N_inlier": 73, "refit": true}
{"timestamp": "16:16:07.223322", "frame": 98, "mu": [-0.40670648319844455, 2.6201365802423755, 0.5280272939840696], "Sigma": [[0.012952010632886929, -0.0041954497856593834, -0.015467242537255215], [-0.004195449785659383, 0.009110410999828712, -0.015316451296468393], [-0.015467242537255215, -0.015316451296468392, 0.20357588608934848]], "chi2_level": 0.95, "chi2_df": 3, "chi2_threshold": 7.814727903251179, "N_raw": 87, "N_roi": 87, "N_inlier": 85, "refit": true}
{"timestamp": "16:16:07.280309", "frame": 99, "mu": [-0.3312780964635897, 2.7940405495600174, -0.30368836006505195], "Sigma": [[0.02294130906118515, 0.0011679077072802178, 0.058109386555607545], [0.0011679077072802176, 0.016482742954778803, -0.009534004744805681], [0.058109386555607545, -0.009534004744805681, 0.2801867106853292]], "chi2_level": 0.95, "chi2_df": 3, "chi2_threshold": 7.814727903251179, "N_raw": 96, "N_roi": 94, "N_inlier": 91, "refit": true}
{"timestamp": "16:16:07.419304", "frame": 100, "mu": [-0.3123702932050794, 2.548590489294885, 0.6833648021199383], "Sigma": [[0.013220296042154746, -0.00668872289009541, -0.02772489294201488], [-0.00668872289009541, 0.009740228193563896, -0.010588730488247083], [-0.027724892942014877, -0.010588730488247086, 0.26128297133935335]], "chi2_level": 0.95, "chi2_df": 3, "chi2_threshold": 7.814727903251179, "N_raw": 87, "N_roi": 87, "N_inlier": 82, "refit": true}
{"timestamp": "16:16:07.443947", "frame": 101, "mu": [-0.3176818222123644, 2.566579593897805, 0.6251375050590668], "Sigma": [[0.012377688808939755, -0.0015201785707448755, 0.0019363346498861532], [-0.0015201785707448755, 0.01399216380311539, -0.02694981984095124], [0.0019363346498861545, -0.02694981984095124, 0.1540553717851914]], "chi2_level": 0.95, "chi2_df": 3, "chi2_threshold": 7.814727903251179, "N_raw": 76, "N_roi": 76, "N_inlier": 73, "refit": true}
{"timestamp": "16:16:07.476669", "frame": 102, "mu": [-0.27957084029077794, 2.5164701738465425, 0.9529674642380126], "Sigma": [[0.011179418737650663, -0.0006947023759071004, -0.007095472788699729], [-0.0006947023759071004, 0.0053505398942865915, 0.004432107779497069], [-0.007095472788699729, 0.004432107779497069, 0.033167708515776245]], "chi2_level": 0.95, "chi2_df": 3, "chi2_threshold": 7.814727903251179, "N_raw": 57, "N_roi": 57, "N_inlier": 52, "refit": true}
{"timestamp": "16:16:07.508078", "frame": 103, "mu": [-0.2142373366086478, 2.5985938815861536, 1.2056714235125499], "Sigma": [[0.014319237153538411, -0.0008099860625199312, -0.008240042078485233], [-0.0008099860625199312, 0.0035223773065191366, -0.0011178339271101486], [-0.008240042078485232, -0.001117833927110148, 0.12359732129138205]], "chi2_level": 0.95, "chi2_df": 3, "chi2_threshold": 7.814727903251179, "N_raw": 90, "N_roi": 90, "N_inlier": 82, "refit": true}
{"timestamp": "16:16:07.550214", "frame": 104, "mu": [-0.17146575195312008, 2.484020828714105, 0.8045498052528329], "Sigma": [[0.014979457520020384, 0.0013661578345326364, -0.009655113331928665], [0.001366157834532636, 0.004273290828374175, -0.0030776758296035835], [-0.009655113331928665, -0.003077675829603583, 0.01595865002818222]], "chi2_level": 0.95, "chi2_df": 3, "chi2_threshold": 7.814727903251179, "N_raw": 68, "N_roi": 68, "N_inlier": 63, "refit": true}
{"timestamp": "16:16:07.607828", "frame": 105, "mu": [-0.08290143965401484, 2.5184252302524586, 0.892517307412468], "Sigma": [[0.009358001484410825, -0.0012155912541113346, -0.0035564094196392157], [-0.0012155912541113346, 0.003552592788527702, 0.02028847257683566], [-0.0035564094196392157, 0.02028847257683566, 0.41453783029586894]], "chi2_level": 0.95, "chi2_df": 3, "chi2_threshold": 7.814727903251179, "N_raw": 87, "N_roi": 87, "N_inlier": 85, "refit": true}
{"timestamp": "16:16:07.657081", "frame": 106, "mu": [-0.04638626096147176, 2.5145949616918375, 1.3968573009273735], "Sigma": [[0.009159611185268547, 0.000293020607687848, 0.005718484447376704], [0.00029302060768784813, 0.0021292898107901173, -0.001765627617982849], [0.0057184844473767045, -0.0017656276179828492, 0.006158645326553406]], "chi2_level": 0.95, "chi2_df": 3, "chi2_threshold": 7.814727903251179, "N_raw": 45, "N_roi": 45, "N_inlier": 40, "refit": true}
{"timestamp": "16:16:07.716348", "frame": 107, "mu": [-0.007314859782548549, 2.554128559492782, 0.05864793082805463], "Sigma": [[0.011319306625147773, 0.00014345755620594392, 0.04753523636239175], [0.00014345755620594392, 0.0076454126991222, -0.013954735077388647], [0.04753523636239175, -0.013954735077388647, 0.39633666224887865]], "chi2_level": 0.95, "chi2_df": 3, "chi2_threshold": 7.814727903251179, "N_raw": 81, "N_roi": 81, "N_inlier": 77, "refit": true}
{"timestamp": "16:16:07.768026", "frame": 108, "mu": [0.03738094786821819, 2.4404641260576323, 1.313117079708318], "Sigma": [[0.008710583184451398, 0.001403662527156026, 0.010740815809827664], [0.001403662527156026, 0.005431548537953184, 0.01773915208727829], [0.010740815809827664, 0.01773915208727829, 0.109727219306387]], "chi2_level": 0.95, "chi2_df": 3, "chi2_threshold": 7.814727903251179, "N_raw": 53, "N_roi": 53, "N_inlier": 49, "refit": true}
{"timestamp": "16:16:07.823829", "frame": 109, "mu": [-0.015138125142617866, 2.377968155089799, 0.8899113784661425], "Sigma": [[0.01028867942715141, 0.0002797916309079567, -0.004487461755844724], [0.00027979163090795673, 0.002029646303442602, 0.0058368597975678215], [-0.004487461755844725, 0.005836859797567821, 0.11582408057208166]], "chi2_level": 0.95, "chi2_df": 3, "chi2_threshold": 7.814727903251179, "N_raw": 59, "N_roi": 58, "N_inlier": 54, "refit": true}
{"timestamp": "16:16:07.880312", "frame": 110, "mu": [0.020985644714074887, 2.3741395494970847, 0.9891033896936005], "Sigma": [[0.011631460653305649, 0.0022105827359046475, 0.0342005943127609], [0.002210582735904648, 0.0030917513311194654, 0.02551998332067059], [0.0342005943127609, 0.025519983320670594, 0.30450407631810394]], "chi2_level": 0.95, "chi2_df": 3, "chi2_threshold": 7.814727903251179, "N_raw": 54, "N_roi": 54, "N_inlier": 51, "refit": true}
{"timestamp": "16:16:07.938577", "frame": 111, "mu": [0.1216772298242645, 2.267110256081873, 0.5667195641095822], "Sigma": [[0.010469993874152686, 0.0007010565788950987, 0.025968509699115044], [0.0007010565788950989, 0.01231495411195666, 0.07006928985074991], [0.025968509699115048, 0.07006928985074991, 0.5503103699327824]], "chi2_level": 0.95, "chi2_df": 3, "chi2_threshold": 7.814727903251179, "N_raw": 92, "N_roi": 91, "N_inlier": 90, "refit": true}
{"timestamp": "16:16:07.993127", "frame": 112, "mu": [0.11646522769508603, 2.362227564591951, 1.2117493322142066], "Sigma": [[0.010375163316927546, -0.0024834821785448963, -0.0019134539728608015], [-0.0024834821785448963, 0.0020752522480963972, -0.006407729944100481], [-0.0019134539728608026, -0.006407729944100481, 0.05292413036406615]], "chi2_level": 0.95, "chi2_df": 3, "chi2_threshold": 7.814727903251179, "N_raw": 88, "N_roi": 87, "N_inlier": 83, "refit": true}
{"timestamp": "16:16:08.050354", "frame": 113, "mu": [0.1613797602962426, 2.348991997012234, 0.9323151316627745], "Sigma": [[0.018210120137854058, 0.0023473255025546575, 0.029675259490162035], [0.0023473255025546575, 0.0048053421617330755, 0.000765523715929937], [0.02967525949016204, 0.0007655237159299353, 0.3787881349627649]], "chi2_level": 0.95, "chi2_df": 3, "chi2_threshold": 7.814727903251179, "N_raw": 102, "N_roi": 102, "N_inlier": 101, "refit": true}
{"timestamp": "16:16:08.102381", "frame": 114, "mu": [0.31247385566296787, 2.376390260655081, 0.9318340954506025], "Sigma": [[0.027725221013438946, 0.0019356457399720731, -0.023691890412695822], [0.0019356457399720734, 0.0031010598628876066, -0.0018830524452901661], [-0.023691890412695822, -0.0018830524452901657, 0.02854135377437707]], "chi2_level": 0.95, "chi2_df": 3, "chi2_threshold": 7.814727903251179, "N_raw": 80, "N_roi": 80, "N_inlier": 71, "refit": true}
{"timestamp": "16:16:08.163335", "frame": 115, "mu": [0.3418795533002408, 2.2996338925528432, 1.055712686415113], "Sigma": [[0.02193663801432935, 0.005511677005184644, -0.017857715561476414], [0.005511677005184645, 0.006361877199256231, -0.009959263979514188], [-0.01785771556147641, -0.009959263979514188, 0.08909344910852926]], "chi2_level": 0.95, "chi2_df": 3, "chi2_threshold": 7.814727903251179, "N_raw": 123, "N_roi": 123, "N_inlier": 119, "refit": true}
{"timestamp": "16:16:08.217689", "frame": 116, "mu": [0.3281364904866993, 2.282875507350845, -0.19603159705168205], "Sigma": [[0.026579390635766288, 0.0028152721049177617, 0.1321421087789671], [0.002815272104917762, 0.010186546578584638, -0.007612830162700471], [0.1321421087789671, -0.007612830162700472, 1.0108985412712832]], "chi2_level": 0.95, "chi2_df": 3, "chi2_threshold": 7.814727903251179, "N_raw": 115, "N_roi": 114, "N_inlier": 110, "refit": true}
{"timestamp": "16:16:08.260858", "frame": 117, "mu": [0.26442759402035493, 2.191599414555845, 0.8908806292260444], "Sigma": [[0.009020128978655015, -0.0005762402195289685, 0.04844010161516957], [-0.0005762402195289686, 0.0015133275277675747, -0.00208900259859306], [0.04844010161516957, -0.002089002598593059, 0.49484093019410114]], "chi2_level": 0.95, "chi2_df": 3, "chi2_threshold": 7.814727903251179, "N_raw": 36, "N_roi": 36, "N_inlier": 34, "refit": true}
{"timestamp": "16:16:08.318204", "frame": 118, "mu": [0.29892021308710554, 2.2864078711753106, -0.3451515290419652], "Sigma": [[0.004282384787506856, -0.0002462794997653931, -0.0006658930724006693], [-0.00024627949976539315, 0.0052152216801467964, -0.01268242811669915], [-0.0006658930724006695, -0.01268242811669915, 0.03609803809332972]], "chi2_level": 0.95, "chi2_df": 3, "chi2_threshold": 7.814727903251179, "N_raw": 57, "N_roi": 57, "N_inlier": 50, "refit": true}
{"timestamp": "16:16:08.377210", "frame": 119, "mu": [0.32338743254722374, 2.200015008221493, -0.21120977891647616], "Sigma": [[0.0070489370254502295, -0.0036240782984259595, -0.003473648974740985], [-0.0036240782984259595, 0.010565852197053758, -0.00794955341193042], [-0.003473648974740985, -0.007949553411930422, 0.04878320350549106]], "chi2_level": 0.95, "chi2_df": 3, "chi2_threshold": 7.814727903251179, "N_raw": 85, "N_roi": 85, "N_inlier": 79, "refit": true}
{"timestamp": "16:16:08.425861", "frame": 120, "mu": [0.3879044799595806, 2.100516007572353, -0.0772808830196885], "Sigma": [[0.0038630173969121167, -0.0007703532507668761, 0.0027609801757889994], [-0.0007703532507668759, 0.0031700305229262434, -0.005014895237139494], [0.0027609801757889994, -0.005014895237139494, 0.013146374364656087]], "chi2_level": 0.95, "chi2_df": 3, "chi2_threshold": 7.814727903251179, "N_raw": 33, "N_roi": 33, "N_inlier": 29, "refit": true}
{"timestamp": "16:16:08.483376", "frame": 121, "mu": [0.44416731190941316, 2.030715951604822, 0.5116109246576583], "Sigma": [[0.013844804089368088, 0.006238655707482381, 0.004024985940487679], [0.006238655707482381, 0.006364915076229113, -0.00470134466489245], [0.004024985940487677, -0.004701344664892451, 0.4428768622747243]], "chi2_level": 0.95, "chi2_df": 3, "chi2_threshold": 7.814727903251179, "N_raw": 53, "N_roi": 51, "N_inlier": 50, "refit": true}
{"timestamp": "16:16:08.536838", "frame": 122, "mu": [0.48451923586014056, 2.2775569788638483, -0.36600950742294014], "Sigma": [[0.023030010631696254, 0.015256383779975017, -0.03374872242912415], [0.015256383779975017, 0.0160683788532795, -0.0279568564792064], [-0.03374872242912415, -0.0279568564792064, 0.058312775913322706]], "chi2_level": 0.95, "chi2_df": 3, "chi2_threshold": 7.814727903251179, "N_raw": 44, "N_roi": 44, "N_inlier": 40, "refit": true}
{"timestamp": "16:16:08.588736", "frame": 123, "mu": [0.513697134055274, 1.9215291977054785, 1.2205383052892234], "Sigma": [[0.003799583427214109, -0.0006710126253429804, -0.013182958720086582], [-0.0006710126253429805, 0.0016513136068489855, -0.005163542036691911], [-0.01318295872008658, -0.005163542036691911, 0.3325381268392143]], "chi2_level": 0.95, "chi2_df": 3, "chi2_threshold": 7.814727903251179, "N_raw": 30, "N_roi": 30, "N_inlier": 29, "refit": true}
{"timestamp": "16:16:08.641346", "frame": 124, "mu": [0.5703720859136553, 1.8646521603780832, 0.5545758840922402], "Sigma": [[0.0043754075405179884, -0.003685724277637329, -0.02207114783087622], [-0.0036857242776373294, 0.009668547790417672, 0.04595545105850377], [-0.022071147830876228, 0.04595545105850377, 0.734181177943512]], "chi2_level": 0.95, "chi2_df": 3, "chi2_threshold": 7.814727903251179, "N_raw": 10, "N_roi": 10, "N_inlier": 10, "refit": true}
{"timestamp": "16:16:08.696580", "frame": 125, "mu": [0.6244796821635676, 1.794503392485034, 0.5414889275375392], "Sigma": [[0.0168358979160884, -0.01621130707518273, -0.07977825798423842], [-0.01621130707518273, 0.017266070342842655, 0.06917037521556091], [-0.07977825798423842, 0.06917037521556091, 0.6219972300835616]], "chi2_level": 0.95, "chi2_df": 3, "chi2_threshold": 7.814727903251179, "N_raw": 11, "N_roi": 11, "N_inlier": 10, "refit": true}
{"timestamp": "16:16:08.758665", "frame": 126, "mu": [0.5200754696971912, 2.2707928267638087, -1.1784347023761885], "Sigma": [[0.015155012071844791, -0.021245471079251205, 0.052593069594158263], [-0.021245471079251205, 0.053588135324774896, -0.15167718218551393], [0.05259306959415827, -0.15167718218551393, 0.45772345551851895]], "chi2_level": 0.95, "chi2_df": 3, "chi2_threshold": 7.814727903251179, "N_raw": 51, "N_roi": 51, "N_inlier": 48, "refit": true}
{"timestamp": "16:16:08.806801", "frame": 127, "mu": [0.5944091050462088, 1.8657815098133825, 0.9612846044273761], "Sigma": [[0.004529275017441028, -0.0033713600164370495, 0.030699076263464117], [-0.00337136001643705, 0.0062425905885973645, -0.01902583085454338], [0.030699076263464117, -0.01902583085454338, 0.4761892544763427]], "chi2_level": 0.95, "chi2_df": 3, "chi2_threshold": 7.814727903251179, "N_raw": 12, "N_roi": 12, "N_inlier": 11, "refit": true}
