{"timestamp": "16:17:35.913658", "frame": 13, "mu": [1.0277523109728532, 4.946022833475139, 1.0650420985935896], "Sigma": [[0.0057188738403470335, 0.00023791832190059233, -0.002049166512539294], [0.00023791832190059238, 0.0010710881869806683, 0.0003137599994678789], [-0.002049166512539294, 0.0003137599994678789, 0.002279636630540573]], "chi2_level": 0.95, "chi2_df": 3, "chi2_threshold": 7.814727903251179, "N_raw": 32, "N_roi": 9, "N_inlier": 9, "refit": true}
{"timestamp": "16:17:36.081478", "frame": 16, "mu": [1.0754721924366766, 4.915082843071895, 0.8650113752422579], "Sigma": [[0.018156184385559843, -0.005098502973332442, -0.025515419533495138], [-0.005098502973332441, 0.003856325323059924, 0.007967792456992768], [-0.025515419533495138, 0.007967792456992768, 0.038900202728695064]], "chi2_level": 0.95, "chi2_df": 3, "chi2_threshold": 7.814727903251179, "N_raw": 43, "N_roi": 21, "N_inlier": 21, "refit": true}
{"timestamp": "16:17:36.140177", "frame": 17, "mu": [0.9640942589086657, 4.927231062129537, 1.0540414002635767], "Sigma": [[0.034613783342388384, -0.004004131779452316, -0.028189730286134744], [-0.004004131779452316, 0.0023550774899760204, 0.002648137484442212], [-0.028189730286134744, 0.0026481374844422125, 0.02631462068325862]], "chi2_level": 0.95, "chi2_df": 3, "chi2_threshold": 7.814727903251179, "N_raw": 57, "N_roi": 30, "N_inlier": 30, "refit": true}
{"timestamp": "16:17:36.189046", "frame": 18, "mu": [0.959889366278539, 4.948344360134296, 0.9073539906438469], "Sigma": [[0.004795833029839324, -0.0006321557193973918, -0.005125291949482679], [-0.0006321557193973918, 0.00031913773708491106, -0.001231745937202949], [-0.005125291949482679, -0.001231745937202949, 0.02272127454013744]], "chi2_level": 0.95, "chi2_df": 3, "chi2_threshold": 7.814727903251179, "N_raw": 14, "N_roi": 7, "N_inlier": 7, "refit": true}
{"timestamp": "16:17:36.796278", "frame": 29, "mu": [0.9699196543282045, 4.956804322085812, 1.1078469216699416], "Sigma": [[0.011979817501443439, -0.0009407075807915187, -0.009859917567433605], [-0.0009407075807915187, 0.000915932469027231, 0.0002512392062349808], [-0.009859917567433606, 0.0002512392062349808, 0.00962387902814865]], "chi2_level": 0.95, "chi2_df": 3, "chi2_threshold": 7.814727903251179, "N_raw": 37, "N_roi": 14, "N_inlier": 13, "refit": true}
{"timestamp": "16:17:36.848382", "frame": 30, "mu": [0.8943653599530978, 4.937404919307217, 0.9532998277079349], "Sigma": [[0.006914945412616651, -0.001661882751239336, -0.00952485085219669], [-0.0016618827512393359, 0.0009899328396330584, 0.0016632111732174512], [-0.00952485085219669, 0.0016632111732174516, 0.019460739391471603]], "chi2_level": 0.95, "chi2_df": 3, "chi2_threshold": 7.814727903251179, "N_raw": 15, "N_roi": 9, "N_inlier": 9, "refit": true}
{"timestamp": "16:17:36.962302", "frame": 32, "mu": [0.912481709045874, 4.950628978326993, 1.1353293274994436], "Sigma": [[0.020669603035824123, 0.00023062391697001804, -0.012368615087612927], [0.0002306239169700182, 0.0010161719053449433, -0.0007030140108791904], [-0.012368615087612927, -0.0007030140108791904, 0.009445205465938232]], "chi2_level": 0.95, "chi2_df": 3, "chi2_threshold": 7.814727903251179, "N_raw": 42, "N_roi": 17, "N_inlier": 17, "refit": true}
{"timestamp": "16:17:37.015479", "frame": 33, "mu": [0.8291601452157323, 4.916463282280323, 0.9685015826705575], "Sigma": [[0.019655782353656823, -0.004746399665044978, -0.00869445301320066], [-0.004746399665044978, 0.00276532305994771, 0.0022276138090585743], [-0.00869445301320066, 0.0022276138090585743, 0.008740893105009456]], "chi2_level": 0.95, "chi2_df": 3, "chi2_threshold": 7.814727903251179, "N_raw": 31, "N_roi": 22, "N_inlier": 21, "refit": true}
{"timestamp": "16:17:37.124430", "frame": 35, "mu": [0.860310261975415, 4.818545638969418, 0.6184600493240109], "Sigma": [[0.020426348938550346, -0.004465724707990947, -0.003573799939303809], [-0.004465724707990948, 0.0020430052606072767, 0.0002554710889065723], [-0.003573799939303809, 0.00025547108890657216, 0.0019047793099003566]], "chi2_level": 0.95, "chi2_df": 3, "chi2_threshold": 7.814727903251179, "N_raw": 23, "N_roi": 23, "N_inlier": 21, "refit": true}
{"timestamp": "16:17:37.182133", "frame": 36, "mu": [0.8488700595305733, 4.8473683742688545, 0.5999230273129063], "Sigma": [[0.023875555149844754, -0.006226947882638965, -0.0029934264615437403], [-0.006226947882638965, 0.0030514929580784654, -0.0006952010016431304], [-0.0029934264615437407, -0.0006952010016431304, 0.004873721130260004]], "chi2_level": 0.95, "chi2_df": 3, "chi2_threshold": 7.814727903251179, "N_raw": 37, "N_roi": 34, "N_inlier": 31, "refit": true}
{"timestamp": "16:17:37.234493", "frame": 37, "mu": [0.8305484045057219, 4.819813592550635, 0.8612582952294683], "Sigma": [[0.017480880659984262, -0.004898865259757363, -0.011897345012633181], [-0.004898865259757363, 0.0019977967569135132, 0.0016878662342263207], [-0.011897345012633183, 0.0016878662342263205, 0.01683972206528635]], "chi2_level": 0.95, "chi2_df": 3, "chi2_threshold": 7.814727903251179, "N_raw": 22, "N_roi": 22, "N_inlier": 21, "refit": true}
{"timestamp": "16:17:37.343422", "frame": 39, "mu": [0.7132948857014854, 4.784451540563199, 0.9193405858223952], "Sigma": [[0.013435558360836805, -0.0027066159354845656, -0.01131476948131226], [-0.0027066159354845656, 0.0010520809370410185, 0.0005809821443465042], [-0.01131476948131226, 0.0005809821443465042, 0.020025838968656104]], "chi2_level": 0.95, "chi2_df": 3, "chi2_threshold": 7.814727903251179, "N_raw": 19, "N_roi": 19, "N_inlier": 18, "refit": true}
{"timestamp": "16:17:37.401815", "frame": 40, "mu": [0.7649988574771737, 4.709253299673923, 0.9759504022347996], "Sigma": [[0.029843024732692694, -0.005001435749510867, -0.031436766267843586], [-0.005001435749510867, 0.0018022422472430482, 0.0024866895573108037], [-0.031436766267843586, 0.002486689557310804, 0.04721291138349058]], "chi2_level": 0.95, "chi2_df": 3, "chi2_threshold": 7.814727903251179, "N_raw": 38, "N_roi": 38, "N_inlier": 37, "refit": true}
{"timestamp": "16:17:37.454719", "frame": 41, "mu": [0.7147385764776542, 4.723640011639603, 0.8671922296773449], "Sigma": [[0.017198351917082532, -0.003976837697219409, -0.0016008511953127446], [-0.003976837697219409, 0.0027938186641681727, -0.00024606640935721124], [-0.0016008511953127446, -0.0002460664093572113, 0.000542403206084398]], "chi2_level": 0.95, "chi2_df": 3, "chi2_threshold": 7.814727903251179, "N_raw": 26, "N_roi": 24, "N_inlier": 21, "refit": true}
{"timestamp": "16:17:37.511331", "frame": 42, "mu": [0.7191562611202124, 4.659751439167525, 0.831616654862395], "Sigma": [[0.024277651009153446, -0.006108828981009718, -0.014674744535041934], [-0.006108828981009718, 0.0023561083961160423, 0.0005870352027585607], [-0.014674744535041934, 0.0005870352027585607, 0.03060119534931286]], "chi2_level": 0.95, "chi2_df": 3, "chi2_threshold": 7.814727903251179, "N_raw": 40, "N_roi": 38, "N_inlier": 35, "refit": true}
{"timestamp": "16:17:37.566683", "frame": 43, "mu": [0.6041702106206381, 4.7497014780481015, -1.134826849258054], "Sigma": [[0.01724568798785117, -0.011554249292890707, 0.00032503749791874337], [-0.011554249292890707, 0.012901509858989699, -0.009237006390080895], [0.0003250374979187436, -0.009237006390080894, 0.020196425884080993]], "chi2_level": 0.95, "chi2_df": 3, "chi2_threshold": 7.814727903251179, "N_raw": 35, "N_roi": 29, "N_inlier": 27, "refit": true}
{"timestamp": "16:17:37.622094", "frame": 44, "mu": [0.5736159173024928, 4.836187916863903, -0.37246725113090506], "Sigma": [[0.01782165346787515, -0.0022779863965689527, 0.0681731395383667], [-0.002277986396568953, 0.007446968060882314, -0.01668872839930428], [0.0681731395383667, -0.01668872839930428, 0.41999250634051705]], "chi2_level": 0.95, "chi2_df": 3, "chi2_threshold": 7.814727903251179, "N_raw": 39, "N_roi": 32, "N_inlier": 31, "refit": true}
{"timestamp": "16:17:37.672804", "frame": 45, "mu": [0.550169170626775, 4.662994026764502, 0.8800851182403564], "Sigma": [[0.010759058387334597, -0.008501875628978806, 0.009807760557222772], [-0.008501875628978806, 0.013219977878342871, -0.02274324812123703], [0.009807760557222772, -0.02274324812123703, 0.050011520511047396]], "chi2_level": 0.95, "chi2_df": 3, "chi2_threshold": 7.814727903251179, "N_raw": 7, "N_roi": 7, "N_inlier": 7, "refit": true}
{"timestamp": "16:17:37.735058", "frame": 46, "mu": [0.4788487640930504, 4.682463457361705, 0.8591173981055799], "Sigma": [[0.024966180091893712, -0.007785444163123836, -0.004348832552990357], [-0.007785444163123836, 0.007721214462656699, -0.007186664327594161], [-0.004348832552990357, -0.007186664327594161, 0.04411224876374817]], "chi2_level": 0.95, "chi2_df": 3, "chi2_threshold": 7.814727903251179, "N_raw": 62, "N_roi": 62, "N_inlier": 59, "refit": true}
{"timestamp": "16:17:37.784023", "frame": 47, "mu": [0.5270498456476455, 4.591319517185383, 0.7181773279993845], "Sigma": [[0.0032610267682852403, -0.002029723992562534, -0.00011387061775036255], [-0.0020297239925625345, 0.004094168183969608, -0.005507625378116841], [-0.00011387061775036287, -0.005507625378116841, 0.019802575171046735]], "chi2_level": 0.95, "chi2_df": 3, "chi2_threshold": 7.814727903251179, "N_raw": 12, "N_roi": 12, "N_inlier": 11, "refit": true}
{"timestamp": "16:17:37.842678", "frame": 48, "mu": [0.41552628159160887, 4.80404050724813, -0.07116787307392751], "Sigma": [[0.037938164999215644, -0.012295914619618944, -0.00499295279703358], [-0.012295914619618944, 0.012783549419817696, -0.002292729593872497], [-0.00499295279703358, -0.002292729593872497, 0.008634214577546068]], "chi2_level": 0.95, "chi2_df": 3, "chi2_threshold": 7.814727903251179, "N_raw": 46, "N_roi": 46, "N_inlier": 45, "refit": true}
{"timestamp": "16:17:37.895685", "frame": 49, "mu": [0.5592333045393693, 4.506561232878584, 0.9659519224763389], "Sigma": [[0.020781262490800288, -0.007404623177390698, -0.007615020822550798], [-0.007404623177390698, 0.005904743729666598, 0.003437838527190429], [-0.007615020822550798, 0.0034378385271904284, 0.010077020373690548]], "chi2_level": 0.95, "chi2_df": 3, "chi2_threshold": 7.814727903251179, "N_raw": 31, "N_roi": 30, "N_inlier": 27, "refit": true}
{"timestamp": "16:17:37.951377", "frame": 50, "mu": [0.36922357331082784, 4.716991323006443, -0.014182777910996513], "Sigma": [[0.017103761605600752, -0.007396774549437974, 0.005031150551937922], [-0.007396774549437974, 0.017783431887854237, -0.03103277161954632], [0.0050311505519379214, -0.03103277161954632, 0.06317709898268961]], "chi2_level": 0.95, "chi2_df": 3, "chi2_threshold": 7.814727903251179, "N_raw": 36, "N_roi": 36, "N_inlier": 35, "refit": true}
{"timestamp": "16:17:38.006163", "frame": 51, "mu": [0.32567787511518437, 4.527540994246486, 0.576593422002729], "Sigma": [[0.02066056835799323, -0.002687486397124496, 0.0025850374458351376], [-0.0026874863971244954, 0.0030811020946182994, -0.007317658675909387], [0.002585037445835137, -0.007317658675909387, 0.03457489935349986]], "chi2_level": 0.95, "chi2_df": 3, "chi2_threshold": 7.814727903251179, "N_raw": 32, "N_roi": 32, "N_inlier": 30, "refit": true}
{"timestamp": "16:17:38.063216", "frame": 52, "mu": [0.3224849198750897, 4.717456049045986, -0.16290667640729323], "Sigma": [[0.030457436190845916, -0.0037425551265758044, -0.010690093847608825], [-0.0037425551265758044, 0.004286320690208819, -0.0005366844188511105], [-0.010690093847608825, -0.0005366844188511105, 0.008239861455352968]], "chi2_level": 0.95, "chi2_df": 3, "chi2_threshold": 7.814727903251179, "N_raw": 47, "N_roi": 46, "N_inlier": 42, "refit": true}
{"timestamp": "16:17:38.169899", "frame": 54, "mu": [0.22052898252326023, 4.458620519230737, 0.7982417072537183], "Sigma": [[0.016144666347172335, -0.0031314834904487363, -0.007405745548055157], [-0.0031314834904487363, 0.0009845996999991048, -0.0003730979478599539], [-0.007405745548055157, -0.0003730979478599538, 0.030287996797321498]], "chi2_level": 0.95, "chi2_df": 3, "chi2_threshold": 7.814727903251179, "N_raw": 27, "N_roi": 27, "N_inlier": 27, "refit": true}
{"timestamp": "16:17:38.228465", "frame": 55, "mu": [0.17708481561446404, 4.397643961952755, 1.2611349167644499], "Sigma": [[0.02530869388905538, -0.0011931538698020214, -0.02424743147553026], [-0.0011931538698020214, 0.0023740538564356603, -0.0030000300419855876], [-0.02424743147553026, -0.0030000300419855876, 0.04355961302315884]], "chi2_level": 0.95, "chi2_df": 3, "chi2_threshold": 7.814727903251179, "N_raw": 50, "N_roi": 50, "N_inlier": 47, "refit": true}
{"timestamp": "16:17:38.280542", "frame": 56, "mu": [0.22282881547456804, 4.321555035996705, 1.2399294378233838], "Sigma": [[0.021823193533208263, -0.0032546210931869075, -0.022885492669320863], [-0.0032546210931869075, 0.0019286563916399446, 0.0030031758213665966], [-0.022885492669320856, 0.0030031758213665966, 0.036388779572339214]], "chi2_level": 0.95, "chi2_df": 3, "chi2_threshold": 7.814727903251179, "N_raw": 32, "N_roi": 30, "N_inlier": 27, "refit": true}
{"timestamp": "16:17:38.339675", "frame": 57, "mu": [0.16337620297324615, 4.319282907221684, 1.1211758963679892], "Sigma": [[0.025082234445212483, -0.004151224937779281, -0.03089602723654388], [-0.00415122493777928, 0.003947359940373048, -0.00024502638373288566], [-0.03089602723654388, -0.0002450263837328858, 0.053364857845292976]], "chi2_level": 0.95, "chi2_df": 3, "chi2_threshold": 7.814727903251179, "N_raw": 60, "N_roi": 58, "N_inlier": 55, "refit": true}
{"timestamp": "16:17:38.387969", "frame": 58, "mu": [0.2674923766597174, 4.302440744920395, 0.4616047577698258], "Sigma": [[0.008398570738589786, 0.00012397238823539508, -0.018952857518666117], [0.00012397238823539487, 0.008636693439474886, -0.02970621825208917], [-0.018952857518666117, -0.029706218252089172, 0.182144275991358]], "chi2_level": 0.95, "chi2_df": 3, "chi2_threshold": 7.814727903251179, "N_raw": 9, "N_roi": 9, "N_inlier": 9, "refit": true}
{"timestamp": "16:17:38.445202", "frame": 59, "mu": [0.13808833016436758, 4.419240607272962, -0.1274953638375625], "Sigma": [[0.025115532070352144, -0.009003976662649075, -0.015329342426673186], [-0.009003976662649075, 0.008429408136466495, 0.005194460436857281], [-0.015329342426673186, 0.005194460436857281, 0.011379247836314818]], "chi2_level": 0.95, "chi2_df": 3, "chi2_threshold": 7.814727903251179, "N_raw": 31, "N_roi": 31, "N_inlier": 28, "refit": true}
{"timestamp": "16:17:38.505506", "frame": 60, "mu": [0.013304369572351187, 4.310399190508569, 1.0629507584400397], "Sigma": [[0.026628554497275015, -0.013592150347131925, 0.011948480077470364], [-0.013592150347131925, 0.012013535303160497, -0.018186809420023865], [0.011948480077470364, -0.018186809420023865, 0.04316910376654082]], "chi2_level": 0.95, "chi2_df": 3, "chi2_threshold": 7.814727903251179, "N_raw": 54, "N_roi": 53, "N_inlier": 51, "refit": true}
{"timestamp": "16:17:38.561542", "frame": 61, "mu": [0.03064131237727141, 4.23651252701602, 0.7761837531628117], "Sigma": [[0.031122269794632913, -0.008045057513673343, -0.006554329397034408], [-0.008045057513673343, 0.008899943821572208, -0.001032680381696826], [-0.006554329397034408, -0.0010326803816968259, 0.004394877077812379]], "chi2_level": 0.95, "chi2_df": 3, "chi2_threshold": 7.814727903251179, "N_raw": 72, "N_roi": 72, "N_inlier": 69, "refit": true}
{"timestamp": "16:17:38.621319", "frame": 62, "mu": [-0.016792808976274803, 4.233768159192146, 0.8784766485378339], "Sigma": [[0.03932012450543932, -0.014796220923231993, 3.5381060074608176e-05], [-0.014796220923231993, 0.012472054714521166, -0.011998910544628212], [3.538106007460774e-05, -0.011998910544628212, 0.04027712197947313]], "chi2_level": 0.95, "chi2_df": 3, "chi2_threshold": 7.814727903251179, "N_raw": 99, "N_roi": 99, "N_inlier": 96, "refit": true}
{"timestamp": "16:17:38.669597", "frame": 63, "mu": [0.04380227525785084, 4.248479395217154, 0.11849782948582172], "Sigma": [[0.021458622631123067, 0.0029162020717333264, 0.014024373234810945], [0.002916202071733326, 0.0053576834139024655, -0.0037640086846171504], [0.014024373234810945, -0.00376400868461715, 0.09547049369407887]], "chi2_level": 0.95, "chi2_df": 3, "chi2_threshold": 7.814727903251179, "N_raw": 52, "N_roi": 49, "N_inlier": 45, "refit": true}
{"timestamp": "16:17:38.717648", "frame": 64, "mu": [-0.024739643402495418, 4.125509765239149, 0.8375456090242838], "Sigma": [[0.007024157951786412, -0.004986675290018547, 0.006715826797665016], [-0.004986675290018547, 0.004100735665387141, -0.008973644406640068], [0.006715826797665015, -0.008973644406640066, 0.0736162787085947]], "chi2_level": 0.95, "chi2_df": 3, "chi2_threshold": 7.814727903251179, "N_raw": 8, "N_roi": 8, "N_inlier": 7, "refit": true}
{"timestamp": "16:17:38.776190", "frame": 65, "mu": [-0.1462076946603934, 4.148033598030797, 0.9267272083131408], "Sigma": [[0.0332163785105727, -0.015100727943744233, -0.0030674709564808673], [-0.015100727943744233, 0.009791392918733528, -0.005117739509449153], [-0.0030674709564808677, -0.005117739509449153, 0.02059392738618701]], "chi2_level": 0.95, "chi2_df": 3, "chi2_threshold": 7.814727903251179, "N_raw": 40, "N_roi": 40, "N_inlier": 39, "refit": true}
{"timestamp": "16:17:38.835292", "frame": 66, "mu": [-0.11674951628693736, 4.068418408677496, 0.9080573784420638], "Sigma": [[0.026314101105952732, -0.011516887601872115, -0.002698688256162805], [-0.011516887601872115, 0.010221878004377903, -0.011555971798620834], [-0.002698688256162805, -0.011555971798620834, 0.04355277499413936]], "chi2_level": 0.95, "chi2_df": 3, "chi2_threshold": 7.814727903251179, "N_raw": 67, "N_roi": 67, "N_inlier": 64, "refit": true}
{"timestamp": "16:17:38.884749", "frame": 67, "mu": [-0.12220333794099822, 3.9903815021633693, 1.017205844240346], "Sigma": [[0.008996440787271819, -0.0025119031716075496, -0.009071806140218052], [-0.0025119031716075496, 0.004034535781764633, -0.01183226026043361], [-0.00907180614021805, -0.01183226026043361, 0.09874361181336692]], "chi2_level": 0.95, "chi2_df": 3, "chi2_threshold": 7.814727903251179, "N_raw": 25, "N_roi": 25, "N_inlier": 23, "refit": true}
{"timestamp": "16:17:38.943197", "frame": 68, "mu": [-0.14748586449511783, 3.9492688693528373, 1.1643731686898318], "Sigma": [[0.021540805683795825, -0.0017892443460521684, -0.02657479615916518], [-0.0017892443460521686, 0.0023773553365396237, -0.003751124141875902], [-0.026574796159165182, -0.003751124141875902, 0.05882963103208112]], "chi2_level": 0.95, "chi2_df": 3, "chi2_threshold": 7.814727903251179, "N_raw": 55, "N_roi": 55, "N_inlier": 54, "refit": true}
{"timestamp": "16:17:38.995189", "frame": 69, "mu": [-0.2077349026596412, 3.889310103095526, 1.3263459332094336], "Sigma": [[0.02003003838038305, -0.0007877486287995349, -0.014999053508798715], [-0.000787748628799535, 0.0014566306170958377, -0.000629733732803113], [-0.014999053508798715, -0.0006297337328031127, 0.018968576357906337]], "chi2_level": 0.95, "chi2_df": 3, "chi2_threshold": 7.814727903251179, "N_raw": 32, "N_roi": 32, "N_inlier": 28, "refit": true}
{"timestamp": "16:17:39.050200", "frame": 70, "mu": [-0.15524589494200305, 3.8722504478400945, 1.1724264008246097], "Sigma": [[0.015013320327152664, -0.0009894932633929304, -0.015829910924466777], [-0.0009894932633929304, 0.0016884410506895998, -0.0011967594078745297], [-0.015829910924466777, -0.00119675940787453, 0.023018681770263984]], "chi2_level": 0.95, "chi2_df": 3, "chi2_threshold": 7.814727903251179, "N_raw": 33, "N_roi": 33, "N_inlier": 30, "refit": true}
{"timestamp": "16:17:39.106245", "frame": 71, "mu": [-0.17204707570268749, 3.800338166252838, 1.0412210647150302], "Sigma": [[0.015972971096701923, -0.0012648797947897596, -0.00990199618880393], [-0.0012648797947897596, 0.001832180094750796, -0.001977641553092928], [-0.00990199618880393, -0.001977641553092928, 0.01590174264787691]], "chi2_level": 0.95, "chi2_df": 3, "chi2_threshold": 7.814727903251179, "N_raw": 38, "N_roi": 38, "N_inlier": 36, "refit": true}
{"timestamp": "16:17:39.159238", "frame": 72, "mu": [-0.21476914407357459, 3.77321557406631, 1.0484924509955367], "Sigma": [[0.007562865742276605, -0.0007865745608489705, -0.0052512841451821685], [-0.0007865745608489705, 0.0018671311752387777, -0.0014281006567258918], [-0.005251284145182169, -0.0014281006567258918, 0.007474744832090417]], "chi2_level": 0.95, "chi2_df": 3, "chi2_threshold": 7.814727903251179, "N_raw": 21, "N_roi": 21, "N_inlier": 19, "refit": true}
{"timestamp": "16:17:39.213799", "frame": 73, "mu": [-0.30535386398474673, 3.7244991797243205, 1.1762967677876635], "Sigma": [[0.0121847932110531, -0.0014511544978401331, -0.011148767156578794], [-0.0014511544978401331, 0.001255206224905097, 0.0003961293578136997], [-0.011148767156578795, 0.0003961293578136996, 0.012378439641245324]], "chi2_level": 0.95, "chi2_df": 3, "chi2_threshold": 7.814727903251179, "N_raw": 26, "N_roi": 25, "N_inlier": 22, "refit": true}
{"timestamp": "16:17:39.268189", "frame": 74, "mu": [-0.37518355462691794, 3.738405677946678, 0.4364563696446777], "Sigma": [[0.002645282688467345, 0.0024950585944501355, 0.030513759419883827], [0.0024950585944501355, 0.0057439153522662306, 0.009540477535300969], [0.030513759419883827, 0.009540477535300969, 0.5921930235505426]], "chi2_level": 0.95, "chi2_df": 3, "chi2_threshold": 7.814727903251179, "N_raw": 13, "N_roi": 10, "N_inlier": 10, "refit": true}
{"timestamp": "16:17:39.382362", "frame": 76, "mu": [-0.453420135588891, 3.676561488780114, 1.133958835637023], "Sigma": [[0.016938083009703807, -0.0007575368637721392, -0.010525889009351905], [-0.0007575368637721392, 0.0018219136973862844, -0.0021308108080037923], [-0.010525889009351905, -0.002130810808003792, 0.019209334193541074]], "chi2_level": 0.95, "chi2_df": 3, "chi2_threshold": 7.814727903251179, "N_raw": 41, "N_roi": 37, "N_inlier": 34, "refit": true}
{"timestamp": "16:17:39.434799", "frame": 77, "mu": [-0.46589659196476396, 3.6047993254555264, 0.9750115308607517], "Sigma": [[0.01252296658536299, 0.001235079756132268, -0.0027394395070462173], [0.001235079756132268, 0.0008228285340790457, -0.003433827936326083], [-0.0027394395070462173, -0.003433827936326083, 0.029240538948833703]], "chi2_level": 0.95, "chi2_df": 3, "chi2_threshold": 7.814727903251179, "N_raw": 30, "N_roi": 26, "N_inlier": 23, "refit": true}
{"timestamp": "16:17:39.494953", "frame": 78, "mu": [-0.5211309968833864, 3.656131244748377, 1.0702200787103526], "Sigma": [[0.023929372606860348, -0.0005060261098098707, 0.008456894591980638], [-0.000506026109809871, 0.0033896636472040566, -0.00038214805036050593], [0.008456894591980636, -0.00038214805036050604, 0.06537381885847406]], "chi2_level": 0.95, "chi2_df": 3, "chi2_threshold": 7.814727903251179, "N_raw": 56, "N_roi": 55, "N_inlier": 52, "refit": true}
{"timestamp": "16:17:39.550913", "frame": 79, "mu": [-0.5247743741477495, 3.597648458511054, 1.0394785614213584], "Sigma": [[0.024150302702263485, -0.0004020192653426094, -0.009059277451501077], [-0.0004020192653426094, 0.0038093683132772675, -0.00293819239558837], [-0.009059277451501077, -0.00293819239558837, 0.012782977079939811]], "chi2_level": 0.95, "chi2_df": 3, "chi2_threshold": 7.814727903251179, "N_raw": 64, "N_roi": 62, "N_inlier": 55, "refit": true}
{"timestamp": "16:17:39.599498", "frame": 80, "mu": [-0.6312643866903282, 3.6119762539591727, 1.045463909562133], "Sigma": [[0.009338180098334327, 0.0003795124561926991, -0.017561998076800058], [0.00037951245619269894, 0.002883176660060607, -0.009936540150231024], [-0.017561998076800058, -0.009936540150231026, 0.2528705382306635]], "chi2_level": 0.95, "chi2_df": 3, "chi2_threshold": 7.814727903251179, "N_raw": 22, "N_roi": 20, "N_inlier": 19, "refit": true}
{"timestamp": "16:17:39.653985", "frame": 81, "mu": [-0.5593130490906989, 3.5306414731018605, 1.1833174142180702], "Sigma": [[0.010255791116408498, 0.0005284836286602805, -0.008646983276786202], [0.0005284836286602805, 0.0007342344732137259, -0.0022407518332708577], [-0.008646983276786202, -0.0022407518332708577, 0.02030723591513351]], "chi2_level": 0.95, "chi2_df": 3, "chi2_threshold": 7.814727903251179, "N_raw": 19, "N_roi": 19, "N_inlier": 18, "refit": true}
{"timestamp": "16:17:39.712482", "frame": 82, "mu": [-0.5903759565937226, 3.485390387736165, 0.9443714755761903], "Sigma": [[0.013706247640440827, -0.0025196122598056788, -0.016003415494721188], [-0.0025196122598056783, 0.002158732361723697, -0.000547092637370753], [-0.016003415494721188, -0.0005470926373707527, 0.03790375906662026]], "chi2_level": 0.95, "chi2_df": 3, "chi2_threshold": 7.814727903251179, "N_raw": 45, "N_roi": 45, "N_inlier": 42, "refit": true}
{"timestamp": "16:17:39.767867", "frame": 83, "mu": [-0.6235298038759607, 3.446978667117716, 0.7957574319660208], "Sigma": [[0.01863786300377336, -0.0034876040990454616, -0.026709297757145124], [-0.0034876040990454616, 0.003156671837639291, 0.003052377412059718], [-0.02670929775714512, 0.003052377412059718, 0.041944004598625934]], "chi2_level": 0.95, "chi2_df": 3, "chi2_threshold": 7.814727903251179, "N_raw": 47, "N_roi": 47, "N_inlier": 44, "refit": true}
{"timestamp": "16:17:39.825576", "frame": 84, "mu": [-0.6631957875623137, 3.4461103381768967, 1.0717230729532818], "Sigma": [[0.02092830961721774, 5.828445966232299e-05, -0.009197636829579319], [5.828445966232288e-05, 0.003991627382901906, -0.0025513962764715714], [-0.00919763682957932, -0.0025513962764715714, 0.006920908064601389]], "chi2_level": 0.95, "chi2_df": 3, "chi2_threshold": 7.814727903251179, "N_raw": 65, "N_roi": 60, "N_inlier": 53, "refit": true}
{"timestamp": "16:17:39.877912", "frame": 85, "mu": [-0.7144601973526497, 3.4114946335874974, 0.8825527917775512], "Sigma": [[0.008903988203100007, -0.0012182761342791402, -0.011635969399589488], [-0.0012182761342791402, 0.0007927891403236055, -0.0007228027537024897], [-0.011635969399589488, -0.0007228027537024895, 0.027425575322747912]], "chi2_level": 0.95, "chi2_df": 3, "chi2_threshold": 7.814727903251179, "N_raw": 37, "N_roi": 32, "N_inlier": 28, "refit": true}
{"timestamp": "16:17:39.933497", "frame": 86, "mu": [-0.805431773495266, 3.446982712984913, 0.9644914959041968], "Sigma": [[0.023730777611208974, -0.005972335803833651, -0.009700462860113345], [-0.005972335803833651, 0.0031609519478533756, -0.002892610902676348], [-0.009700462860113345, -0.002892610902676348, 0.039052437542788615]], "chi2_level": 0.95, "chi2_df": 3, "chi2_threshold": 7.814727903251179, "N_raw": 50, "N_roi": 50, "N_inlier": 47, "refit": true}
{"timestamp": "16:17:39.992098", "frame": 87, "mu": [-0.8774154371367135, 3.44296645669727, 0.7792485609931258], "Sigma": [[0.03741061749313385, -0.008526317050036834, -0.005613028810949017], [-0.008526317050036836, 0.004523929448711454, -0.0037223841140688026], [-0.005613028810949015, -0.0037223841140688026, 0.01697895848669949]], "chi2_level": 0.95, "chi2_df": 3, "chi2_threshold": 7.814727903251179, "N_raw": 83, "N_roi": 83, "N_inlier": 80, "refit": true}
{"timestamp": "16:17:40.042307", "frame": 88, "mu": [-0.8180788086650617, 3.3620039767806893, 0.746668071119532], "Sigma": [[0.02104349264959779, -0.007721909996486159, -0.003459993572577071], [-0.007721909996486158, 0.004506816446283991, -0.0039799126721674506], [-0.00345999357257707, -0.0039799126721674506, 0.029946587498221298]], "chi2_level": 0.95, "chi2_df": 3, "chi2_threshold": 7.814727903251179, "N_raw": 37, "N_roi": 37, "N_inlier": 35, "refit": true}
{"timestamp": "16:17:40.092572", "frame": 89, "mu": [-0.8279150502810102, 3.3778669345625216, 0.6638651151471593], "Sigma": [[0.0036973874705386166, 0.003319370208355293, -0.022323563171787075], [0.003319370208355293, 0.013815475269548108, -0.05570803255553048], [-0.022323563171787075, -0.05570803255553049, 0.26957534387140164]], "chi2_level": 0.95, "chi2_df": 3, "chi2_threshold": 7.814727903251179, "N_raw": 8, "N_roi": 8, "N_inlier": 8, "refit": true}
{"timestamp": "16:17:40.202189", "frame": 91, "mu": [-0.8577666030192722, 3.3233319506941115, 0.22702087483995495], "Sigma": [[0.003810789478912318, 0.006328044270966216, 0.00730960280112709], [0.006328044270966216, 0.02311386726943745, -0.029478191039721373], [0.00730960280112709, -0.029478191039721373, 0.18650520981672006]], "chi2_level": 0.95, "chi2_df": 3, "chi2_threshold": 7.814727903251179, "N_raw": 10, "N_roi": 10, "N_inlier": 9, "refit": true}
{"timestamp": "16:17:40.262091", "frame": 92, "mu": [-0.8889533461252707, 3.1709331627220205, 1.043545884957216], "Sigma": [[0.011941548276955644, 0.0016193883849561705, -0.01206994639530066], [0.0016193883849561705, 0.0013536434823005039, -0.0053950638226736335], [-0.01206994639530066, -0.0053950638226736335, 0.029595765232826546]], "chi2_level": 0.95, "chi2_df": 3, "chi2_threshold": 7.814727903251179, "N_raw": 46, "N_roi": 46, "N_inlier": 43, "refit": true}
{"timestamp": "16:17:40.369164", "frame": 94, "mu": [-0.9264417266995899, 3.1303459975709536, 0.8663443971358928], "Sigma": [[0.004831547892752947, -0.0006944857268516808, -0.0028458207703932364], [-0.000694485726851681, 0.0004966803479086098, -0.0007554432653182584], [-0.0028458207703932364, -0.0007554432653182584, 0.010651957306544682]], "chi2_level": 0.95, "chi2_df": 3, "chi2_threshold": 7.814727903251179, "N_raw": 15, "N_roi": 15, "N_inlier": 13, "refit": true}
{"timestamp": "16:17:40.424633", "frame": 95, "mu": [-0.9393033712712946, 3.0662225346878573, 0.8144331884971698], "Sigma": [[0.00941080960097288, 0.0004969569315809736, -0.011550198200727661], [0.0004969569315809736, 0.0016169318457761783, -0.0026801945409136393], [-0.011550198200727661, -0.0026801945409136393, 0.035787315903558166]], "chi2_level": 0.95, "chi2_df": 3, "chi2_threshold": 7.814727903251179, "N_raw": 25, "N_roi": 25, "N_inlier": 23, "refit": true}
{"timestamp": "16:17:40.478032", "frame": 96, "mu": [-1.0660796147936018, 3.0612838193916083, 0.5444391065848138], "Sigma": [[0.003908455293357273, -0.0015721849454279745, 0.03870788932641378], [-0.0015721849454279747, 0.0033613977325806267, -0.014356343450759469], [0.03870788932641379, -0.014356343450759469, 0.40183768805494247]], "chi2_level": 0.95, "chi2_df": 3, "chi2_threshold": 7.814727903251179, "N_raw": 9, "N_roi": 9, "N_inlier": 9, "refit": true}
{"timestamp": "16:17:40.534045", "frame": 97, "mu": [-1.0056614334479297, 3.082533048090998, -0.04487927212430505], "Sigma": [[0.00345743304639096, 0.0007051924513079864, -0.0035164350259296153], [0.0007051924513079864, 0.0024530315613042193, -0.0010127420016473277], [-0.0035164350259296153, -0.0010127420016473277, 0.004084071036883812]], "chi2_level": 0.95, "chi2_df": 3, "chi2_threshold": 7.814727903251179, "N_raw": 15, "N_roi": 15, "N_inlier": 13, "refit": true}
{"timestamp": "16:17:40.593289", "frame": 98, "mu": [-1.0675068158322734, 3.0576016293786386, -0.06446051576560051], "Sigma": [[0.009311931532688967, 0.004045513201689006, -0.012904225414720801], [0.004045513201689007, 0.005057371673025802, -0.007408141478706234], [-0.012904225414720801, -0.007408141478706234, 0.01977604628804266]], "chi2_level": 0.95, "chi2_df": 3, "chi2_threshold": 7.814727903251179, "N_raw": 33, "N_roi": 32, "N_inlier": 29, "refit": true}
{"timestamp": "16:17:40.647526", "frame": 99, "mu": [-1.0175596021590296, 2.880336640043741, 0.951407178850401], "Sigma": [[0.012429813595434647, -0.003308736782342455, -0.017047743264061756], [-0.003308736782342455, 0.0027892165325807032, 0.003307150840225844], [-0.017047743264061756, 0.003307150840225844, 0.025677753245584294]], "chi2_level": 0.95, "chi2_df": 3, "chi2_threshold": 7.814727903251179, "N_raw": 41, "N_roi": 37, "N_inlier": 34, "refit": true}
{"timestamp": "16:17:40.783082", "frame": 100, "mu": [-1.1143005106515627, 2.9607488934170787, 1.0283155759670861], "Sigma": [[0.008511543409695102, -0.0041761145525631765, -0.012689961681587338], [-0.0041761145525631765, 0.005844705533751726, 0.008054735551938542], [-0.012689961681587338, 0.008054735551938542, 0.021983553509593176]], "chi2_level": 0.95, "chi2_df": 3, "chi2_threshold": 7.814727903251179, "N_raw": 27, "N_roi": 23, "N_inlier": 19, "refit": true}
{"timestamp": "16:17:40.787957", "frame": 101, "mu": [-1.022049786157806, 2.9934031433570203, -0.28362478718827233], "Sigma": [[0.012536983624823443, 0.003133077733884615, -0.00710812863978411], [0.0031330777338846156, 0.002653990540686596, -0.002731916454269777], [-0.007108128639784111, -0.002731916454269777, 0.0053473154367076345]], "chi2_level": 0.95, "chi2_df": 3, "chi2_threshold": 7.814727903251179, "N_raw": 31, "N_roi": 30, "N_inlier": 29, "refit": true}
{"timestamp": "16:17:40.824261", "frame": 102, "mu": [-1.1141134399734431, 2.744569173003512, 0.362849175008731], "Sigma": [[0.05206596550055166, 0.0028925978325487155, 0.0856655779923303], [0.0028925978325487142, 0.007746922543255926, 0.001117609756370814], [0.0856655779923303, 0.0011176097563708152, 0.16805644865817884]], "chi2_level": 0.95, "chi2_df": 3, "chi2_threshold": 7.814727903251179, "N_raw": 9, "N_roi": 9, "N_inlier": 8, "refit": true}
{"timestamp": "16:17:40.863105", "frame": 103, "mu": [-1.1724708996667763, 2.805116412203511, 1.0046106821327272], "Sigma": [[0.006840704126091938, -7.808459611946089e-05, -0.004793801659985598], [-7.808459611946086e-05, 0.002108497789464696, -8.123155653474838e-05], [-0.004793801659985598, -8.123155653474832e-05, 0.0038271635996614092]], "chi2_level": 0.95, "chi2_df": 3, "chi2_threshold": 7.814727903251179, "N_raw": 18, "N_roi": 18, "N_inlier": 16, "refit": true}
{"timestamp": "16:17:40.918699", "frame": 104, "mu": [-1.2532059659871688, 2.934470310530576, -0.19482472468334666], "Sigma": [[0.00215886160440278, 0.002121904938622605, -0.0074424782532760796], [0.0021219049386226054, 0.018941269246067552, -0.0396601404331046], [-0.0074424782532760796, -0.0396601404331046, 0.09116095842961813]], "chi2_level": 0.95, "chi2_df": 3, "chi2_threshold": 7.814727903251179, "N_raw": 15, "N_roi": 12, "N_inlier": 9, "refit": true}
{"timestamp": "16:17:41.100924", "frame": 107, "mu": [-1.4547385818166, 2.652851876331809, 1.3424546748425614], "Sigma": [[0.007393886305184744, 0.0024913859340832912, -0.0034736887432356136], [0.0024913859340832912, 0.001300506117557839, -0.00169873495106295], [-0.0034736887432356136, -0.00169873495106295, 0.0034534590970003243]], "chi2_level": 0.95, "chi2_df": 3, "chi2_threshold": 7.814727903251179, "N_raw": 14, "N_roi": 14, "N_inlier": 12, "refit": true}
{"timestamp": "16:17:41.139821", "frame": 108, "mu": [-1.540892452202794, 2.6393543242235227, 1.3348327760003176], "Sigma": [[0.006857212493056477, 0.0008556673090596631, -0.008426071529570738], [0.0008556673090596631, 0.0024777394600009684, -0.0038099953308143152], [-0.008426071529570738, -0.003809995330814316, 0.01583730833456374]], "chi2_level": 0.95, "chi2_df": 3, "chi2_threshold": 7.814727903251179, "N_raw": 22, "N_roi": 22, "N_inlier": 19, "refit": true}
{"timestamp": "16:17:41.195526", "frame": 109, "mu": [-1.461463084454433, 2.6836772730621554, 0.8943951069156949], "Sigma": [[0.011078441786232783, 0.0014039487516168232, -0.01679176058794326], [0.0014039487516168232, 0.0011340794302132304, -0.005693094759964951], [-0.016791760587943256, -0.005693094759964951, 0.05427812788964887]], "chi2_level": 0.95, "chi2_df": 3, "chi2_threshold": 7.814727903251179, "N_raw": 28, "N_roi": 28, "N_inlier": 24, "refit": true}
{"timestamp": "16:17:41.249490", "frame": 110, "mu": [-1.5117495577609217, 2.618786583479757, 0.9203246183341425], "Sigma": [[0.005208485638725087, 7.770106758369399e-05, -0.007311836318067217], [7.770106758369399e-05, 0.0002516609381612143, -0.0008464630031100786], [-0.007311836318067217, -0.0008464630031100784, 0.02599571418313848]], "chi2_level": 0.95, "chi2_df": 3, "chi2_threshold": 7.814727903251179, "N_raw": 15, "N_roi": 15, "N_inlier": 12, "refit": true}
{"timestamp": "16:17:41.305585", "frame": 111, "mu": [-1.4996543845439172, 2.7770426411703997, -0.37533783462348536], "Sigma": [[0.00998467545523019, 0.0030032953258404458, -0.01178743751379557], [0.0030032953258404453, 0.005235312006162889, -0.006080680926353676], [-0.01178743751379557, -0.006080680926353676, 0.02318390971761288]], "chi2_level": 0.95, "chi2_df": 3, "chi2_threshold": 7.814727903251179, "N_raw": 29, "N_roi": 29, "N_inlier": 26, "refit": true}
{"timestamp": "16:17:41.357538", "frame": 112, "mu": [-1.6947785636615882, 2.516758153216842, 1.2895007989094378], "Sigma": [[0.0055294844855791675, 0.0028834198447414226, -0.013683677437518058], [0.0028834198447414226, 0.002166972235026252, -0.007126239471804363], [-0.013683677437518058, -0.007126239471804364, 0.06136199114063209]], "chi2_level": 0.95, "chi2_df": 3, "chi2_threshold": 7.814727903251179, "N_raw": 12, "N_roi": 12, "N_inlier": 11, "refit": true}
{"timestamp": "16:17:41.412710", "frame": 113, "mu": [-1.5748872987133202, 2.80297084590633, -0.6068530465700245], "Sigma": [[0.0007616740533690638, 0.0012187405742583692, -0.00020782512965545046], [0.001218740574258369, 0.04723872710499976, -0.12069523329304488], [-0.0002078251296554496, -0.12069523329304488, 0.3289389784943892]], "chi2_level": 0.95, "chi2_df": 3, "chi2_threshold": 7.814727903251179, "N_raw": 9, "N_roi": 9, "N_inlier": 9, "refit": true}
{"timestamp": "16:17:41.465947", "frame": 114, "mu": [-1.5194951426039358, 2.5234009948750686, 0.842338270425454], "Sigma": [[0.007154056543247988, 0.0010479970546101649, -0.00393370035426963], [0.0010479970546101646, 0.0011931383962151551, -0.000636410595300092], [-0.00393370035426963, -0.0006364105953000919, 0.002884555071711614]], "chi2_level": 0.95, "chi2_df": 3, "chi2_threshold": 7.814727903251179, "N_raw": 14, "N_roi": 14, "N_inlier": 12, "refit": true}
{"timestamp": "16:17:41.631607", "frame": 117, "mu": [-1.7146454783672778, 2.328333886961988, 1.0166816250689374], "Sigma": [[0.0036710198799276336, 0.00257711050276882, -0.011642869961222164], [0.00257711050276882, 0.002502211959683229, -0.010316452670946935], [-0.011642869961222166, -0.010316452670946935, 0.05281414718682639]], "chi2_level": 0.95, "chi2_df": 3, "chi2_threshold": 7.814727903251179, "N_raw": 9, "N_roi": 9, "N_inlier": 9, "refit": true}
{"timestamp": "16:17:41.694632", "frame": 118, "mu": [-1.7856662683109754, 2.4469026294160203, -0.18521618227348183], "Sigma": [[0.012165347936200279, 0.00690427394954219, -0.007314693576980335], [0.00690427394954219, 0.012459762015398697, -0.015631155641241665], [-0.007314693576980335, -0.015631155641241665, 0.021685913536507687]], "chi2_level": 0.95, "chi2_df": 3, "chi2_threshold": 7.814727903251179, "N_raw": 61, "N_roi": 61, "N_inlier": 59, "refit": true}
{"timestamp": "16:17:41.798474", "frame": 120, "mu": [-2.0209936532809873, 2.0426948283051303, 1.4651165428081718], "Sigma": [[0.04391079422973632, 0.0358854663940555, -0.028906722778077036], [0.0358854663940555, 0.033744122595523986, -0.028564499462113955], [-0.028906722778077036, -0.028564499462113955, 0.02644925890110712]], "chi2_level": 0.95, "chi2_df": 3, "chi2_threshold": 7.814727903251179, "N_raw": 8, "N_roi": 8, "N_inlier": 8, "refit": true}
{"timestamp": "16:17:41.907686", "frame": 122, "mu": [-1.8012737498377522, 2.1216481494927186, 1.2115305110787382], "Sigma": [[0.0008099220816083916, -0.0009754510489696832, 0.0014821145780850261], [-0.0009754510489696835, 0.0023958060192656285, -0.003408910708177273], [0.0014821145780850263, -0.003408910708177273, 0.0076399267088896735]], "chi2_level": 0.95, "chi2_df": 3, "chi2_threshold": 7.814727903251179, "N_raw": 10, "N_roi": 10, "N_inlier": 9, "refit": true}
{"timestamp": "16:17:41.967358", "frame": 123, "mu": [-1.8893950509686763, 2.0597065720491656, 1.2919602843216147], "Sigma": [[0.013529011130959582, 0.005079239828531272, -0.007880067875671474], [0.005079239828531272, 0.005552030595399676, -0.004707046156139782], [-0.007880067875671474, -0.004707046156139782, 0.006651933046263057]], "chi2_level": 0.95, "chi2_df": 3, "chi2_threshold": 7.814727903251179, "N_raw": 43, "N_roi": 43, "N_inlier": 36, "refit": true}
