{"timestamp": "15:41:43.203243", "frame": 41, "mu": [1.6101250796546136, 0.6308812507725163, 1.0620194917761814], "Sigma": [[0.020577691945216022, 0.009394826714939701, -0.0519980603195627], [0.009394826714939701, 0.006075521821987343, -0.026947907248114706], [-0.0519980603195627, -0.026947907248114706, 0.1406436465130323]], "chi2_level": 0.95, "chi2_df": 3, "chi2_threshold": 7.814727903251179, "N_raw": 7, "N_roi": 7, "N_inlier": 7, "refit": true}
{"timestamp": "15:41:43.588228", "frame": 48, "mu": [1.5973140690189815, 1.3211466694318657, -0.1651815577671778], "Sigma": [[0.00547954459483858, -0.00369982333212502, 0.01199299229110654], [-0.0036998233321250203, 0.009611876673500263, -0.02047983033474976], [0.011992992291106543, -0.02047983033474976, 0.0728778783215539]], "chi2_level": 0.95, "chi2_df": 3, "chi2_threshold": 7.814727903251179, "N_raw": 8, "N_roi": 8, "N_inlier": 8, "refit": true}
{"timestamp": "15:41:43.755240", "frame": 51, "mu": [1.5576827342898643, 1.4747166150883415, 1.4855355014947629], "Sigma": [[0.004974427336992142, -0.002051755588679787, 0.0043592634886740235], [-0.002051755588679787, 0.004152166445004266, 0.004627790103636342], [0.004359263488674024, 0.004627790103636341, 0.14218669432500108]], "chi2_level": 0.95, "chi2_df": 3, "chi2_threshold": 7.814727903251179, "N_raw": 22, "N_roi": 22, "N_inlier": 21, "refit": true}
{"timestamp": "15:41:43.811251", "frame": 52, "mu": [1.4438931034879494, 1.5675865119956915, 1.475237771221773], "Sigma": [[0.0048812042156397015, -0.000287990268659395, 0.0015532671247099384], [-0.00028799026865939504, 0.0035716264109818905, 0.0012132177558157261], [0.0015532671247099384, 0.0012132177558157261, 0.001491339315014443]], "chi2_level": 0.95, "chi2_df": 3, "chi2_threshold": 7.814727903251179, "N_raw": 27, "N_roi": 27, "N_inlier": 23, "refit": true}
{"timestamp": "15:41:43.867242", "frame": 53, "mu": [1.4942605739085895, 1.709775319049657, -0.09234492776946143], "Sigma": [[0.004557402907578068, 0.0003638422756613402, 0.014202378930778031], [0.0003638422756613402, 0.0037622263578561436, -0.0009650191508725591], [0.014202378930778031, -0.00096501915087256, 0.06426006057880124]], "chi2_level": 0.95, "chi2_df": 3, "chi2_threshold": 7.814727903251179, "N_raw": 25, "N_roi": 25, "N_inlier": 22, "refit": true}
{"timestamp": "15:41:43.977077", "frame": 55, "mu": [1.5407110696729744, 1.9178785545018522, -0.20728566677191101], "Sigma": [[0.005625159673834855, -0.0005185602021167621, 0.014301576665902909], [-0.000518560202116762, 0.0024325977954752515, -0.004829214357503515], [0.014301576665902909, -0.004829214357503515, 0.07208635942767291]], "chi2_level": 0.95, "chi2_df": 3, "chi2_threshold": 7.814727903251179, "N_raw": 24, "N_roi": 22, "N_inlier": 21, "refit": true}
{"timestamp": "15:41:44.084803", "frame": 57, "mu": [1.4715061294379375, 1.9256501276654796, 1.1139085622073708], "Sigma": [[0.026461239775695908, -0.02116185633019639, -0.06265068744784794], [-0.02116185633019639, 0.022323289361426638, 0.05562603691564561], [-0.06265068744784794, 0.05562603691564562, 0.15740511658509404]], "chi2_level": 0.95, "chi2_df": 3, "chi2_threshold": 7.814727903251179, "N_raw": 10, "N_roi": 8, "N_inlier": 8, "refit": true}
{"timestamp": "15:41:44.140074", "frame": 58, "mu": [1.393994921745975, 2.059630771000259, 1.2567527855114717], "Sigma": [[0.024502355510941348, -0.007422559173220334, -0.05135390372817187], [-0.007422559173220333, 0.007073030415271779, 0.021698515087742058], [-0.05135390372817187, 0.021698515087742058, 0.12034474830179903]], "chi2_level": 0.95, "chi2_df": 3, "chi2_threshold": 7.814727903251179, "N_raw": 8, "N_roi": 8, "N_inlier": 8, "refit": true}
{"timestamp": "15:41:44.305074", "frame": 61, "mu": [1.4507207938998428, 2.311122066986405, 1.1733246841196288], "Sigma": [[0.01677388191582735, -0.000743719103594497, -0.046866714372851566], [-0.0007437191035944969, 0.0016249119626030363, 0.007515104137784013], [-0.046866714372851566, 0.007515104137784015, 0.18310511711736496]], "chi2_level": 0.95, "chi2_df": 3, "chi2_threshold": 7.814727903251179, "N_raw": 8, "N_roi": 8, "N_inlier": 7, "refit": true}
{"timestamp": "15:41:44.415433", "frame": 63, "mu": [1.4471806717189504, 2.3296837091760967, 1.061549579949443], "Sigma": [[0.010713211201634992, -0.014469260624005683, -0.058749272880051454], [-0.014469260624005682, 0.025150202421019997, 0.08993471368344202], [-0.05874927288005145, 0.08993471368344204, 0.3499877068631509]], "chi2_level": 0.95, "chi2_df": 3, "chi2_threshold": 7.814727903251179, "N_raw": 8, "N_roi": 7, "N_inlier": 7, "refit": true}
{"timestamp": "15:41:44.470124", "frame": 64, "mu": [1.4525326912781593, 2.5730760378297592, -0.26598754125362595], "Sigma": [[0.008207033545287113, -0.00013670594082606483, -0.03674064336213636], [-0.00013670594082606477, 0.00359907581770457, 0.005206065352814324], [-0.036740643362136366, 0.005206065352814322, 0.23344309493978493]], "chi2_level": 0.95, "chi2_df": 3, "chi2_threshold": 7.814727903251179, "N_raw": 13, "N_roi": 13, "N_inlier": 13, "refit": true}
{"timestamp": "15:41:44.526155", "frame": 65, "mu": [1.3847032334768803, 2.537366456633808, 1.3293369156032582], "Sigma": [[0.01424243836981377, -0.019945047328933964, -0.06695834929554724], [-0.019945047328933964, 0.03135279604472942, 0.10442242380498457], [-0.06695834929554724, 0.10442242380498457, 0.3593449912847248]], "chi2_level": 0.95, "chi2_df": 3, "chi2_threshold": 7.814727903251179, "N_raw": 14, "N_roi": 14, "N_inlier": 13, "refit": true}
{"timestamp": "15:41:44.580205", "frame": 66, "mu": [1.4054633392361569, 2.6619611854884098, 1.3255666061155056], "Sigma": [[0.0052421243213170154, -0.005204773747229302, -0.02693211338849066], [-0.005204773747229302, 0.010570736011513778, 0.03747287151082201], [-0.02693211338849066, 0.037472871510822015, 0.17212426633639732]], "chi2_level": 0.95, "chi2_df": 3, "chi2_threshold": 7.814727903251179, "N_raw": 11, "N_roi": 8, "N_inlier": 8, "refit": true}
{"timestamp": "15:41:44.636794", "frame": 67, "mu": [1.4231771941495506, 2.7890766551373303, 1.485529194713939], "Sigma": [[0.00763187285897079, -0.0020147925738144747, -0.0015748998746022912], [-0.0020147925738144743, 0.0043791242717228064, 0.0019875143489224223], [-0.0015748998746022912, 0.0019875143489224223, 0.0023924142686679774]], "chi2_level": 0.95, "chi2_df": 3, "chi2_threshold": 7.814727903251179, "N_raw": 26, "N_roi": 26, "N_inlier": 25, "refit": true}
{"timestamp": "15:41:44.800420", "frame": 70, "mu": [1.4686724327704577, 2.9745312334599765, 1.1730290466342153], "Sigma": [[0.011094975713105722, -0.0004689045694976144, -0.0254311954426662], [-0.00046890456949761456, 0.0035742339869940703, -0.006696753988843769], [-0.0254311954426662, -0.006696753988843769, 0.0938449736845236]], "chi2_level": 0.95, "chi2_df": 3, "chi2_threshold": 7.814727903251179, "N_raw": 8, "N_roi": 8, "N_inlier": 8, "refit": true}
{"timestamp": "15:41:44.856198", "frame": 71, "mu": [1.4880127759659076, 3.0317985145682167, 1.2821139584988805], "Sigma": [[0.00779258068201731, -0.002825178990994301, -0.008339646521613418], [-0.0028251789909943016, 0.0022981653700835953, 0.0012345007060566883], [-0.008339646521613418, 0.0012345007060566883, 0.014370348429687261]], "chi2_level": 0.95, "chi2_df": 3, "chi2_threshold": 7.814727903251179, "N_raw": 19, "N_roi": 19, "N_inlier": 17, "refit": true}
{"timestamp": "15:41:44.915194", "frame": 72, "mu": [1.4203651902080967, 3.082940634956407, 1.4052402544533695], "Sigma": [[0.014467135871497682, -0.003889462710394433, -0.0062159723664104195], [-0.003889462710394433, 0.004934340756932647, 0.0003862160426250658], [-0.006215972366410419, 0.00038621604262506536, 0.0072773824387326585]], "chi2_level": 0.95, "chi2_df": 3, "chi2_threshold": 7.814727903251179, "N_raw": 43, "N_roi": 43, "N_inlier": 41, "refit": true}
{"timestamp": "15:41:44.966209", "frame": 73, "mu": [1.460266514650537, 3.1499085609100703, 1.306214389657955], "Sigma": [[0.006449981955197428, -0.0012865579232335417, -0.005277720636364378], [-0.0012865579232335417, 0.0036130286120517555, 0.0023700035606721076], [-0.005277720636364378, 0.0023700035606721076, 0.00689636081637299]], "chi2_level": 0.95, "chi2_df": 3, "chi2_threshold": 7.814727903251179, "N_raw": 13, "N_roi": 12, "N_inlier": 11, "refit": true}
{"timestamp": "15:41:45.022842", "frame": 74, "mu": [1.4425697850260322, 3.2395562017785715, 1.3796755329034152], "Sigma": [[0.01129720639119768, -0.0024666963285190687, -0.0017674112834559887], [-0.0024666963285190687, 0.006827015974684645, 0.009580057610938799], [-0.0017674112834559887, 0.009580057610938799, 0.015396605122366394]], "chi2_level": 0.95, "chi2_df": 3, "chi2_threshold": 7.814727903251179, "N_raw": 33, "N_roi": 30, "N_inlier": 29, "refit": true}
{"timestamp": "15:41:45.082418", "frame": 75, "mu": [1.4730708134251889, 3.2799161331850004, 1.2750749647753796], "Sigma": [[0.01885156953303771, -0.0051690068149042034, -0.013622679588507856], [-0.0051690068149042034, 0.006720495323181617, 0.005964360025778701], [-0.013622679588507856, 0.005964360025778701, 0.02368197507092258]], "chi2_level": 0.95, "chi2_df": 3, "chi2_threshold": 7.814727903251179, "N_raw": 52, "N_roi": 49, "N_inlier": 48, "refit": true}
{"timestamp": "15:41:45.131585", "frame": 76, "mu": [1.4263150546783294, 3.3308452367732535, 1.2226201408312731], "Sigma": [[0.007946206399593949, -0.0025716994580050755, 0.0007075712926499508], [-0.0025716994580050755, 0.002271079463016535, -0.0005718353570609839], [0.0007075712926499508, -0.0005718353570609839, 0.00014575693867328982]], "chi2_level": 0.95, "chi2_df": 3, "chi2_threshold": 7.814727903251179, "N_raw": 21, "N_roi": 21, "N_inlier": 19, "refit": true}
{"timestamp": "15:41:45.243200", "frame": 78, "mu": [1.4159543699927968, 3.5306610384827133, 1.381069663732833], "Sigma": [[0.011721942427006046, -0.0034937734957096213, -0.007974555816160944], [-0.0034937734957096213, 0.0037548698839387214, 0.0008639193149135929], [-0.007974555816160944, 0.0008639193149135926, 0.008834566281134578]], "chi2_level": 0.95, "chi2_df": 3, "chi2_threshold": 7.814727903251179, "N_raw": 31, "N_roi": 31, "N_inlier": 31, "refit": true}
{"timestamp": "15:41:45.295750", "frame": 79, "mu": [1.5485061126931123, 3.5295724305303837, 0.9474562185311107], "Sigma": [[0.02088577812769966, -0.0019818807147497152, -0.058753250142105015], [-0.0019818807147497144, 0.0026485018698560103, 0.006602304637112508], [-0.058753250142105015, 0.006602304637112509, 0.21418228443758766]], "chi2_level": 0.95, "chi2_df": 3, "chi2_threshold": 7.814727903251179, "N_raw": 7, "N_roi": 7, "N_inlier": 7, "refit": true}
{"timestamp": "15:41:45.352077", "frame": 80, "mu": [1.5754352726150185, 3.563401017487625, 0.5933895456250693], "Sigma": [[0.012515586176491742, -0.006724698194206763, -0.03157787621756068], [-0.006724698194206763, 0.00814522334308468, 0.014760784940564424], [-0.03157787621756068, 0.014760784940564424, 0.16118645756374086]], "chi2_level": 0.95, "chi2_df": 3, "chi2_threshold": 7.814727903251179, "N_raw": 24, "N_roi": 24, "N_inlier": 23, "refit": true}
{"timestamp": "15:41:45.464636", "frame": 82, "mu": [1.394906193699428, 3.7067461051194086, 1.337873351403143], "Sigma": [[0.015870304390951682, -0.0038558234105164914, -0.018151123376316542], [-0.003855823410516492, 0.003356236922548379, 0.0016940160503502342], [-0.018151123376316542, 0.001694016050350234, 0.028793026907417]], "chi2_level": 0.95, "chi2_df": 3, "chi2_threshold": 7.814727903251179, "N_raw": 38, "N_roi": 38, "N_inlier": 37, "refit": true}
{"timestamp": "15:41:45.519420", "frame": 83, "mu": [1.4111797454927295, 3.7989899176892012, 1.3897914940631733], "Sigma": [[0.015750907179575422, -0.004752889786979214, -0.012572669423725268], [-0.004752889786979214, 0.00395499244589336, 0.001564987041162319], [-0.012572669423725268, 0.001564987041162319, 0.016704965994077378]], "chi2_level": 0.95, "chi2_df": 3, "chi2_threshold": 7.814727903251179, "N_raw": 35, "N_roi": 35, "N_inlier": 33, "refit": true}
{"timestamp": "15:41:45.574220", "frame": 84, "mu": [1.3628248705270474, 3.905068790314739, 1.5246631380252607], "Sigma": [[0.012455825588586903, -0.003337210428426501, -0.009685569594078344], [-0.003337210428426501, 0.004090296099927091, 0.003908996855221378], [-0.009685569594078344, 0.003908996855221377, 0.011029878591347143]], "chi2_level": 0.95, "chi2_df": 3, "chi2_threshold": 7.814727903251179, "N_raw": 30, "N_roi": 30, "N_inlier": 28, "refit": true}
{"timestamp": "15:41:45.627276", "frame": 85, "mu": [1.51248120218406, 3.859437158271297, 0.9022339083308051], "Sigma": [[0.01301229026823798, -0.007542387891551284, -0.02750841098952514], [-0.007542387891551284, 0.0052714291281754895, 0.022357700266227826], [-0.02750841098952514, 0.022357700266227826, 0.1415154688103422]], "chi2_level": 0.95, "chi2_df": 3, "chi2_threshold": 7.814727903251179, "N_raw": 26, "N_roi": 26, "N_inlier": 25, "refit": true}
{"timestamp": "15:41:45.684051", "frame": 86, "mu": [1.4070298766961848, 3.9576516997993374, 1.194397974269864], "Sigma": [[0.014072661661954063, -0.00762643190617723, -0.03346940319454836], [-0.00762643190617723, 0.008354005616831755, 0.04398128412535075], [-0.03346940319454836, 0.04398128412535075, 0.31136889527391104]], "chi2_level": 0.95, "chi2_df": 3, "chi2_threshold": 7.814727903251179, "N_raw": 34, "N_roi": 34, "N_inlier": 33, "refit": true}
{"timestamp": "15:41:45.736338", "frame": 87, "mu": [1.3983842525729002, 3.943324375230985, 1.2871355854150237], "Sigma": [[0.00854284428757171, -0.0038390905544920815, -0.008422425527088228], [-0.0038390905544920815, 0.0062100915978868425, 0.0077294968762911835], [-0.00842242552708823, 0.007729496876291183, 0.013446021891220307]], "chi2_level": 0.95, "chi2_df": 3, "chi2_threshold": 7.814727903251179, "N_raw": 17, "N_roi": 17, "N_inlier": 15, "refit": true}
{"timestamp": "15:41:45.791886", "frame": 88, "mu": [1.4276031073850692, 3.905932730967545, 1.107514317787235], "Sigma": [[0.013014921050548264, -0.004743753014257133, -0.005462916790652991], [-0.004743753014257133, 0.003629353353736608, 0.0017034131678159382], [-0.005462916790652991, 0.0017034131678159382, 0.003615665107192787]], "chi2_level": 0.95, "chi2_df": 3, "chi2_threshold": 7.814727903251179, "N_raw": 16, "N_roi": 16, "N_inlier": 16, "refit": true}
{"timestamp": "15:41:45.846095", "frame": 89, "mu": [1.4597184475653788, 3.938812863797513, 1.2490086985357445], "Sigma": [[0.011070267555737522, -0.003522676276121431, 0.00022792307588825824], [-0.003522676276121431, 0.0030411084034667173, -0.000382108053344245], [0.00022792307588825824, -0.000382108053344245, 0.0001817970522518784]], "chi2_level": 0.95, "chi2_df": 3, "chi2_threshold": 7.814727903251179, "N_raw": 21, "N_roi": 21, "N_inlier": 19, "refit": true}
{"timestamp": "15:41:45.957751", "frame": 91, "mu": [1.405382569909709, 4.021763514178406, 1.160432365298754], "Sigma": [[0.014456618159474474, -0.0053636585812750735, -0.0077552551959444785], [-0.0053636585812750735, 0.0045811348410443944, -0.002190326323355251], [-0.0077552551959444785, -0.0021903263233552512, 0.017739818805715173]], "chi2_level": 0.95, "chi2_df": 3, "chi2_threshold": 7.814727903251179, "N_raw": 34, "N_roi": 34, "N_inlier": 32, "refit": true}
{"timestamp": "15:41:46.011271", "frame": 92, "mu": [1.322043191763222, 4.034941711185906, 1.1469078898352592], "Sigma": [[0.013326239449381676, -0.004906524177688066, -0.007426807362674606], [-0.004906524177688066, 0.0033034351586500995, 0.0018208626978314874], [-0.007426807362674606, 0.0018208626978314878, 0.006229999082133801]], "chi2_level": 0.95, "chi2_df": 3, "chi2_threshold": 7.814727903251179, "N_raw": 20, "N_roi": 20, "N_inlier": 19, "refit": true}
{"timestamp": "15:41:46.175084", "frame": 95, "mu": [1.2186769046250367, 4.191930039245622, 0.8371699336270204], "Sigma": [[0.003922467084120438, 0.004464481225236431, -0.017652560484243556], [0.00446448122523643, 0.025566410297453906, -0.050622697115668566], [-0.017652560484243556, -0.050622697115668566, 0.13758491177648827]], "chi2_level": 0.95, "chi2_df": 3, "chi2_threshold": 7.814727903251179, "N_raw": 8, "N_roi": 7, "N_inlier": 7, "refit": true}
{"timestamp": "15:41:46.560826", "frame": 102, "mu": [1.0149909057275126, 4.0554199046059045, 1.2356418916319498], "Sigma": [[0.005783985442020355, 8.119490218940571e-05, -0.0023469983855078083], [8.119490218940578e-05, 0.001989397825114243, -0.0028062047746499], [-0.0023469983855078083, -0.0028062047746498994, 0.007020907704408919]], "chi2_level": 0.95, "chi2_df": 3, "chi2_threshold": 7.814727903251179, "N_raw": 18, "N_roi": 18, "N_inlier": 17, "refit": true}
{"timestamp": "15:41:46.672264", "frame": 104, "mu": [1.1199383023672367, 3.95756049849492, 0.8784055955036327], "Sigma": [[0.012249230634360037, -0.004202712800360226, -0.004668960962155183], [-0.004202712800360226, 0.002493713432250622, -0.004974164567619675], [-0.004668960962155183, -0.004974164567619675, 0.06706086766582825]], "chi2_level": 0.95, "chi2_df": 3, "chi2_threshold": 7.814727903251179, "N_raw": 22, "N_roi": 22, "N_inlier": 18, "refit": true}
{"timestamp": "15:41:46.729882", "frame": 105, "mu": [0.9927427144995274, 3.9915295721058173, 0.5871491587058437], "Sigma": [[0.018751993330361864, -0.007804666533085342, -0.005449503546335801], [-0.007804666533085342, 0.0049449541265061125, 0.0008779299430875492], [-0.005449503546335801, 0.0008779299430875491, 0.004843373748124159]], "chi2_level": 0.95, "chi2_df": 3, "chi2_threshold": 7.814727903251179, "N_raw": 38, "N_roi": 37, "N_inlier": 34, "refit": true}
{"timestamp": "15:41:46.786184", "frame": 106, "mu": [0.963988184645113, 3.9132612553598034, 0.6861992965705961], "Sigma": [[0.015451724848339751, -0.005802032785311175, -0.0215581966999135], [-0.005802032785311174, 0.003913059296694335, 0.005490894811833912], [-0.0215581966999135, 0.005490894811833912, 0.09845242733801937]], "chi2_level": 0.95, "chi2_df": 3, "chi2_threshold": 7.814727903251179, "N_raw": 46, "N_roi": 43, "N_inlier": 41, "refit": true}
{"timestamp": "15:41:46.844566", "frame": 107, "mu": [0.9292960959445684, 3.8752346857891258, 0.8850497660637873], "Sigma": [[0.022545212235278084, -0.005284732169601842, -0.008622155793406359], [-0.005284732169601842, 0.002707600603170679, -0.0007732205973251124], [-0.008622155793406357, -0.0007732205973251124, 0.045438464937230416]], "chi2_level": 0.95, "chi2_df": 3, "chi2_threshold": 7.814727903251179, "N_raw": 62, "N_roi": 61, "N_inlier": 57, "refit": true}
{"timestamp": "15:41:46.899526", "frame": 108, "mu": [0.8859893855693142, 3.850721553171732, 0.9131010944418634], "Sigma": [[0.023235384979512712, -0.004867219665126743, -0.006967931477671321], [-0.004867219665126743, 0.0026046372305051535, -0.005402005614856938], [-0.006967931477671321, -0.005402005614856938, 0.04310222140867654]], "chi2_level": 0.95, "chi2_df": 3, "chi2_threshold": 7.814727903251179, "N_raw": 68, "N_roi": 68, "N_inlier": 66, "refit": true}
{"timestamp": "15:41:46.952787", "frame": 109, "mu": [0.8864979605022086, 3.765903838340456, 0.8025902634060511], "Sigma": [[0.022807097974267714, -0.004171490857338528, -0.010562432385730958], [-0.004171490857338528, 0.001812125676575386, -0.0019691250141783286], [-0.010562432385730958, -0.0019691250141783286, 0.04501794670131695]], "chi2_level": 0.95, "chi2_df": 3, "chi2_threshold": 7.814727903251179, "N_raw": 61, "N_roi": 61, "N_inlier": 60, "refit": true}
{"timestamp": "15:41:47.007899", "frame": 110, "mu": [0.8910267045256741, 3.739978213093237, 0.8711445091981631], "Sigma": [[0.02626082894477219, -0.005767299659209484, -0.014685597611085963], [-0.005767299659209484, 0.003188225112707872, -0.0010857321137024473], [-0.014685597611085963, -0.0010857321137024468, 0.025263782472683512]], "chi2_level": 0.95, "chi2_df": 3, "chi2_threshold": 7.814727903251179, "N_raw": 59, "N_roi": 59, "N_inlier": 59, "refit": true}
{"timestamp": "15:41:47.064710", "frame": 111, "mu": [0.9598376317505356, 3.632249448622673, 0.7340116671678739], "Sigma": [[0.0333881225843502, -0.010049572095421453, -0.030881520985255134], [-0.010049572095421453, 0.004142622744062426, 0.006952535660699036], [-0.030881520985255134, 0.006952535660699036, 0.06369147258894342]], "chi2_level": 0.95, "chi2_df": 3, "chi2_threshold": 7.814727903251179, "N_raw": 72, "N_roi": 72, "N_inlier": 68, "refit": true}
{"timestamp": "15:41:47.114058", "frame": 112, "mu": [1.049407449039182, 3.525221500913918, 0.567548589857804], "Sigma": [[0.03234577525263188, -0.01351644478985091, -0.04241806534654803], [-0.01351644478985091, 0.00693052004727285, 0.020683190530357005], [-0.04241806534654803, 0.020683190530357005, 0.09501368971037245]], "chi2_level": 0.95, "chi2_df": 3, "chi2_threshold": 7.814727903251179, "N_raw": 35, "N_roi": 35, "N_inlier": 34, "refit": true}
{"timestamp": "15:41:47.173697", "frame": 113, "mu": [0.9980084742486408, 3.480000327354154, 0.7217796560599163], "Sigma": [[0.023549876407812614, -0.006875664348717933, -0.01953942505592928], [-0.006875664348717933, 0.0029277534867657466, 0.0028059180699767233], [-0.01953942505592928, 0.002805918069976723, 0.05289112131917634]], "chi2_level": 0.95, "chi2_df": 3, "chi2_threshold": 7.814727903251179, "N_raw": 65, "N_roi": 65, "N_inlier": 63, "refit": true}
{"timestamp": "15:41:47.228947", "frame": 114, "mu": [0.8689990012193547, 3.443441913969124, 0.7342930908062199], "Sigma": [[0.024513755329464586, -0.0034973431077196197, -0.00868835787018887], [-0.0034973431077196197, 0.0017855497670117594, -0.0022695023494373316], [-0.00868835787018887, -0.0022695023494373316, 0.0345658754502382]], "chi2_level": 0.95, "chi2_df": 3, "chi2_threshold": 7.814727903251179, "N_raw": 63, "N_roi": 63, "N_inlier": 59, "refit": true}
{"timestamp": "15:41:47.282444", "frame": 115, "mu": [0.9131086651187381, 3.387313602336338, 0.7042558025559862], "Sigma": [[0.024747555379324503, -0.004119779967515056, -0.012966230966906122], [-0.004119779967515056, 0.0015615298043185231, -0.0013412773590504648], [-0.012966230966906123, -0.0013412773590504648, 0.030645440093169666]], "chi2_level": 0.95, "chi2_df": 3, "chi2_threshold": 7.814727903251179, "N_raw": 59, "N_roi": 59, "N_inlier": 56, "refit": true}
{"timestamp": "15:41:47.341325", "frame": 116, "mu": [0.9212542387343503, 3.341358698812575, 0.7790101692324971], "Sigma": [[0.019545594196154713, -0.004168765757534112, -0.007413097351258217], [-0.004168765757534112, 0.0024920258078855026, -0.004122818134870989], [-0.007413097351258217, -0.004122818134870989, 0.04630941658629876]], "chi2_level": 0.95, "chi2_df": 3, "chi2_threshold": 7.814727903251179, "N_raw": 76, "N_roi": 76, "N_inlier": 74, "refit": true}
{"timestamp": "15:41:47.393073", "frame": 117, "mu": [0.8570754655581723, 3.258125611037245, 1.0127159446402718], "Sigma": [[0.01173436459001605, -0.0035888452474197707, -0.0023160631684570896], [-0.003588845247419771, 0.0044846821754814525, -0.003622501376046273], [-0.0023160631684570896, -0.0036225013760462724, 0.010616480253740347]], "chi2_level": 0.95, "chi2_df": 3, "chi2_threshold": 7.814727903251179, "N_raw": 51, "N_roi": 51, "N_inlier": 47, "refit": true}
{"timestamp": "15:41:47.450197", "frame": 118, "mu": [0.9413729944120516, 3.1886263139495297, 0.9735394236251986], "Sigma": [[0.019726876070164302, -0.004377813024596324, -0.00986249668848747], [-0.004377813024596324, 0.004450279856009764, -0.0025877715410547487], [-0.00986249668848747, -0.0025877715410547487, 0.018797193472413074]], "chi2_level": 0.95, "chi2_df": 3, "chi2_threshold": 7.814727903251179, "N_raw": 69, "N_roi": 69, "N_inlier": 65, "refit": true}
{"timestamp": "15:41:47.505069", "frame": 119, "mu": [0.8672002009828836, 3.1094395804289365, 0.7188291490530198], "Sigma": [[0.017525008402418857, -0.004250665226862076, -0.0074000111262173575], [-0.004250665226862075, 0.002348801326855901, -0.0023223851893949795], [-0.0074000111262173575, -0.0023223851893949795, 0.03439531927810862]], "chi2_level": 0.95, "chi2_df": 3, "chi2_threshold": 7.814727903251179, "N_raw": 63, "N_roi": 63, "N_inlier": 58, "refit": true}
{"timestamp": "15:41:47.562772", "frame": 120, "mu": [0.9914824615905947, 3.0189395966299832, 0.900850418582023], "Sigma": [[0.03147487353002499, -0.009789268685157271, -0.030857888395424596], [-0.009789268685157271, 0.006597161559910223, 0.007252801472456291], [-0.030857888395424596, 0.007252801472456291, 0.047835696894508374]], "chi2_level": 0.95, "chi2_df": 3, "chi2_threshold": 7.814727903251179, "N_raw": 84, "N_roi": 84, "N_inlier": 80, "refit": true}
{"timestamp": "15:41:47.619100", "frame": 121, "mu": [0.9810845092924981, 2.9483278938940063, 0.893328833199245], "Sigma": [[0.03835535176644635, -0.012325592186997518, -0.032026112348339554], [-0.012325592186997518, 0.006485534376012585, 0.006414972264154163], [-0.032026112348339554, 0.006414972264154163, 0.045706811332269386]], "chi2_level": 0.95, "chi2_df": 3, "chi2_threshold": 7.814727903251179, "N_raw": 91, "N_roi": 91, "N_inlier": 85, "refit": true}
{"timestamp": "15:41:47.671329", "frame": 122, "mu": [1.0294207875042687, 2.92914200008578, -0.9606130917837712], "Sigma": [[0.018306927039540486, 0.009352393515701423, 0.03374097587400831], [0.009352393515701423, 0.010243844186715213, 0.030257998456508582], [0.03374097587400832, 0.030257998456508586, 0.1739903115769537]], "chi2_level": 0.95, "chi2_df": 3, "chi2_threshold": 7.814727903251179, "N_raw": 77, "N_roi": 77, "N_inlier": 70, "refit": true}
{"timestamp": "15:41:47.725058", "frame": 123, "mu": [1.0902274226448243, 2.7426702712223476, 0.5759634466499135], "Sigma": [[0.014328724357248138, -0.0023644343226678086, 0.008465908988150535], [-0.0023644343226678086, 0.0027598991471315193, -0.008997579910350795], [0.008465908988150535, -0.008997579910350797, 0.09701695614529376]], "chi2_level": 0.95, "chi2_df": 3, "chi2_threshold": 7.814727903251179, "N_raw": 63, "N_roi": 63, "N_inlier": 58, "refit": true}
{"timestamp": "15:41:47.785462", "frame": 124, "mu": [0.9377432220826065, 2.932918971924834, -0.5621059172819989], "Sigma": [[0.016821517268072808, 0.0028101893193569353, -0.01576337359925309], [0.0028101893193569353, 0.013505010440783324, -0.052315165608183695], [-0.01576337359925309, -0.052315165608183695, 0.26762885634843964]], "chi2_level": 0.95, "chi2_df": 3, "chi2_threshold": 7.814727903251179, "N_raw": 103, "N_roi": 103, "N_inlier": 96, "refit": true}
{"timestamp": "15:41:47.843429", "frame": 125, "mu": [0.9108344901437183, 2.639261548131538, 0.5497993819913822], "Sigma": [[0.016920946301332656, -0.0036191787477076296, 0.006300786728821686], [-0.0036191787477076296, 0.0028609071269156345, -0.0009004748408812336], [0.006300786728821689, -0.0009004748408812336, 0.35125944408046234]], "chi2_level": 0.95, "chi2_df": 3, "chi2_threshold": 7.814727903251179, "N_raw": 117, "N_roi": 117, "N_inlier": 115, "refit": true}
{"timestamp": "15:41:47.896196", "frame": 126, "mu": [0.9305755686496837, 2.5456665787163004, 0.47505909076629665], "Sigma": [[0.01806772053327412, -0.005925065727159031, -0.03335934055827064], [-0.005925065727159031, 0.004401768347316682, 0.02677875269724808], [-0.03335934055827064, 0.026778752697248085, 0.36459809581679986]], "chi2_level": 0.95, "chi2_df": 3, "chi2_threshold": 7.814727903251179, "N_raw": 103, "N_roi": 103, "N_inlier": 98, "refit": true}
{"timestamp": "15:41:47.946890", "frame": 127, "mu": [0.946035117226602, 2.45787884093674, 0.6559422942190797], "Sigma": [[0.024981764139885034, -0.0054102364713927, -0.011230840307027354], [-0.0054102364713927, 0.0027580327353223227, 0.0031920420701298663], [-0.011230840307027352, 0.003192042070129866, 0.026498401264535572]], "chi2_level": 0.95, "chi2_df": 3, "chi2_threshold": 7.814727903251179, "N_raw": 77, "N_roi": 77, "N_inlier": 71, "refit": true}
{"timestamp": "15:41:48.005758", "frame": 128, "mu": [0.8533459216593012, 2.404118449636423, 0.5489512927465418], "Sigma": [[0.01935115621299944, -0.00048045490175952605, -0.017710339900450726], [-0.000480454901759526, 0.005935275605912219, -0.013960961907933382], [-0.017710339900450726, -0.013960961907933379, 0.1311951125742483]], "chi2_level": 0.95, "chi2_df": 3, "chi2_threshold": 7.814727903251179, "N_raw": 104, "N_roi": 104, "N_inlier": 97, "refit": true}
{"timestamp": "15:41:48.049955", "frame": 129, "mu": [0.9582264905913884, 2.3945771716588995, 0.47421876694393517], "Sigma": [[0.007005728897358221, 0.00048006583034087896, -0.0077507104900810435], [0.00048006583034087896, 0.0075102075710440875, -0.030818985226284394], [-0.007750710490081043, -0.030818985226284398, 0.20195181503933754]], "chi2_level": 0.95, "chi2_df": 3, "chi2_threshold": 7.814727903251179, "N_raw": 30, "N_roi": 30, "N_inlier": 29, "refit": true}
{"timestamp": "15:41:48.112417", "frame": 130, "mu": [0.8676633396867065, 2.2615616941562453, 0.7152693724991085], "Sigma": [[0.0163173039479282, -0.0042039519778160036, -0.01854437835317462], [-0.0042039519778160036, 0.005349912016997385, 0.008379550636397858], [-0.018544378353174622, 0.008379550636397854, 0.061187365349647874]], "chi2_level": 0.95, "chi2_df": 3, "chi2_threshold": 7.814727903251179, "N_raw": 82, "N_roi": 82, "N_inlier": 73, "refit": true}
{"timestamp": "15:41:48.159655", "frame": 131, "mu": [0.9751735865389289, 2.0160550909087704, 1.4995714035718755], "Sigma": [[0.011240663344301854, -0.004129755112421551, 0.029382670120622734], [-0.004129755112421549, 0.035458712888278406, -0.29294940112665385], [0.029382670120622734, -0.2929494011266538, 4.828586397808553]], "chi2_level": 0.95, "chi2_df": 3, "chi2_threshold": 7.814727903251179, "N_raw": 37, "N_roi": 37, "N_inlier": 36, "refit": true}
{"timestamp": "15:41:48.217266", "frame": 132, "mu": [0.9077052992589273, 2.0536300546596573, 1.6025575997033783], "Sigma": [[0.007118644358532639, -0.0015848240613856124, 0.01723416647552462], [-0.0015848240613856122, 0.014037940590232013, -0.16893666247068856], [0.01723416647552462, -0.16893666247068856, 2.3752151945600333]], "chi2_level": 0.95, "chi2_df": 3, "chi2_threshold": 7.814727903251179, "N_raw": 57, "N_roi": 57, "N_inlier": 55, "refit": true}
{"timestamp": "15:41:48.280479", "frame": 133, "mu": [0.8257616283360845, 2.0317865825638295, 0.5569729912112326], "Sigma": [[0.020358019835509736, -0.0022978159775673486, -0.023457241175685276], [-0.0022978159775673486, 0.002530687958929962, -0.002429683366287818], [-0.023457241175685276, -0.002429683366287817, 0.16779520413223567]], "chi2_level": 0.95, "chi2_df": 3, "chi2_threshold": 7.814727903251179, "N_raw": 103, "N_roi": 103, "N_inlier": 99, "refit": true}
{"timestamp": "15:41:48.333049", "frame": 134, "mu": [0.8254770791381159, 1.9828949851482565, 0.8479202950417115], "Sigma": [[0.013586623610115192, -0.0029751000697111514, -0.0013864370969722058], [-0.0029751000697111514, 0.0012586746555284963, -0.0014415302626560166], [-0.0013864370969722062, -0.0014415302626560166, 0.03284447122060854]], "chi2_level": 0.95, "chi2_df": 3, "chi2_threshold": 7.814727903251179, "N_raw": 87, "N_roi": 87, "N_inlier": 82, "refit": true}
{"timestamp": "15:41:48.390766", "frame": 135, "mu": [0.807498891958189, 1.9191874108691624, 0.8808809982821459], "Sigma": [[0.012613582662913094, -0.0035877970027974023, 0.009868171371592623], [-0.0035877970027974023, 0.0022411711378323308, 0.0021514891749546882], [0.009868171371592623, 0.0021514891749546882, 0.10805541636878344]], "chi2_level": 0.95, "chi2_df": 3, "chi2_threshold": 7.814727903251179, "N_raw": 104, "N_roi": 104, "N_inlier": 96, "refit": true}
{"timestamp": "15:41:48.447054", "frame": 136, "mu": [0.8391750896823413, 2.1131080679584824, -0.6922608149527366], "Sigma": [[0.010837187782478353, -0.0028204928284942155, -0.007224108426051758], [-0.002820492828494216, 0.013754880266330058, -0.0363040187452778], [-0.007224108426051759, -0.036304018745277805, 0.13315339006430169]], "chi2_level": 0.95, "chi2_df": 3, "chi2_threshold": 7.814727903251179, "N_raw": 108, "N_roi": 108, "N_inlier": 103, "refit": true}
{"timestamp": "15:41:48.502379", "frame": 137, "mu": [0.828345268027239, 1.7758404306918678, 0.9690895397411692], "Sigma": [[0.011087355752800268, -0.004137189331450019, 0.013331117047095439], [-0.004137189331450019, 0.002939198970358998, -0.0034221334406629167], [0.013331117047095439, -0.0034221334406629163, 0.1531867490219074]], "chi2_level": 0.95, "chi2_df": 3, "chi2_threshold": 7.814727903251179, "N_raw": 109, "N_roi": 109, "N_inlier": 96, "refit": true}
{"timestamp": "15:41:48.559221", "frame": 138, "mu": [0.9849031898119868, 1.6691796531402447, 1.011376474768074], "Sigma": [[0.04404965032053755, -0.013878734211149987, -0.031231118054679322], [-0.013878734211149987, 0.0067168700082285105, 0.002492123934985464], [-0.03123111805467932, 0.002492123934985463, 0.08492379433484964]], "chi2_level": 0.95, "chi2_df": 3, "chi2_threshold": 7.814727903251179, "N_raw": 129, "N_roi": 129, "N_inlier": 124, "refit": true}
{"timestamp": "15:41:48.613502", "frame": 139, "mu": [0.9203206961369231, 1.6028107439935162, 1.0441558544810128], "Sigma": [[0.03372718871807841, -0.015808633098988827, -0.02057166222204991], [-0.015808633098988827, 0.00969381949939749, 0.0040101810989612505], [-0.020571662222049907, 0.0040101810989612505, 0.087570106615935]], "chi2_level": 0.95, "chi2_df": 3, "chi2_threshold": 7.814727903251179, "N_raw": 121, "N_roi": 121, "N_inlier": 119, "refit": true}
{"timestamp": "15:41:48.659302", "frame": 140, "mu": [0.855602493132409, 1.570058948837701, 1.1465825455480108], "Sigma": [[0.008395853790572767, -0.004391401314968513, -0.005716245766138047], [-0.004391401314968513, 0.0043639060916498456, -0.0015669471526958178], [-0.005716245766138047, -0.0015669471526958178, 0.040686745644163]], "chi2_level": 0.95, "chi2_df": 3, "chi2_threshold": 7.814727903251179, "N_raw": 63, "N_roi": 63, "N_inlier": 60, "refit": true}
{"timestamp": "15:41:48.715501", "frame": 141, "mu": [1.0658279728495974, 1.4068320716169609, 0.8952417225900544], "Sigma": [[0.039935315123496254, -0.017447485641704168, -0.02353826271141978], [-0.017447485641704168, 0.009007801566590378, 0.008857995635729188], [-0.02353826271141979, 0.008857995635729188, 0.02011770181449965]], "chi2_level": 0.95, "chi2_df": 3, "chi2_threshold": 7.814727903251179, "N_raw": 67, "N_roi": 67, "N_inlier": 63, "refit": true}
{"timestamp": "15:41:48.768765", "frame": 142, "mu": [0.8850630860082273, 1.4078150491767873, 1.0026023598122453], "Sigma": [[0.010334260014798778, -0.0054948944350129555, -0.048717630550857066], [-0.005494894435012956, 0.006058105601706614, 0.037063489867863834], [-0.048717630550857066, 0.03706348986786383, 0.48819413035537745]], "chi2_level": 0.95, "chi2_df": 3, "chi2_threshold": 7.814727903251179, "N_raw": 56, "N_roi": 56, "N_inlier": 53, "refit": true}
{"timestamp": "15:41:48.823659", "frame": 143, "mu": [0.8691883806784966, 1.5874512823295155, -0.4558458360545656], "Sigma": [[0.004127112743163267, -0.000606899375896873, -0.0008148440365437926], [-0.0006068993758968729, 0.006889249421350265, -0.013439549541988463], [-0.0008148440365437928, -0.013439549541988463, 0.05649681438497313]], "chi2_level": 0.95, "chi2_df": 3, "chi2_threshold": 7.814727903251179, "N_raw": 56, "N_roi": 56, "N_inlier": 52, "refit": true}
{"timestamp": "15:41:48.877478", "frame": 144, "mu": [0.8016560348736945, 1.3124631874680135, 1.0695946203241735], "Sigma": [[0.00427664131110131, -0.001675894843070603, -0.002837495056082352], [-0.0016758948430706027, 0.003790353021662963, -0.000136452393899255], [-0.002837495056082352, -0.000136452393899255, 0.012602848257452429]], "chi2_level": 0.95, "chi2_df": 3, "chi2_threshold": 7.814727903251179, "N_raw": 51, "N_roi": 51, "N_inlier": 47, "refit": true}
{"timestamp": "15:41:48.936836", "frame": 145, "mu": [0.8002597412759693, 1.2912661551703286, 1.0967290363195175], "Sigma": [[0.004208115420941167, -0.0015998488945031418, 0.00019014478472842309], [-0.0015998488945031418, 0.003646457043836434, -0.00012226910051204272], [0.00019014478472842303, -0.00012226910051204283, 0.04469296186315848]], "chi2_level": 0.95, "chi2_df": 3, "chi2_threshold": 7.814727903251179, "N_raw": 87, "N_roi": 87, "N_inlier": 83, "refit": true}
{"timestamp": "15:41:48.995600", "frame": 146, "mu": [0.8031159857467238, 1.228588413664155, 1.1658494482660062], "Sigma": [[0.005688835954563889, 0.0007990671846228965, 0.0018881194834122986], [0.0007990671846228966, 0.005821852292587159, 0.008695059854376345], [0.0018881194834122984, 0.008695059854376344, 0.06594322036670616]], "chi2_level": 0.95, "chi2_df": 3, "chi2_threshold": 7.814727903251179, "N_raw": 101, "N_roi": 101, "N_inlier": 97, "refit": true}
{"timestamp": "15:41:49.056918", "frame": 147, "mu": [0.7723686295946585, 1.1916252595272503, 1.1904866522260469], "Sigma": [[0.00931945109936055, -0.0014626321482656421, -0.009317389611395803], [-0.0014626321482656423, 0.004212213736601839, -0.007348219117073975], [-0.009317389611395804, -0.007348219117073975, 0.04797317638663548]], "chi2_level": 0.95, "chi2_df": 3, "chi2_threshold": 7.814727903251179, "N_raw": 150, "N_roi": 150, "N_inlier": 145, "refit": true}
{"timestamp": "15:41:49.115656", "frame": 148, "mu": [0.7310470577059494, 1.1424818768899423, -0.7965226654764153], "Sigma": [[0.00984133689727683, -0.0018771020960958093, 0.004660515844908628], [-0.0018771020960958093, 0.003509429040818322, -0.009817863938991289], [0.004660515844908627, -0.009817863938991289, 0.058137665131906935]], "chi2_level": 0.95, "chi2_df": 3, "chi2_threshold": 7.814727903251179, "N_raw": 150, "N_roi": 150, "N_inlier": 137, "refit": true}
{"timestamp": "15:41:49.167554", "frame": 149, "mu": [0.7205714089806644, 1.0866818976428871, 1.2267253479877565], "Sigma": [[0.009540949169515095, -0.0033986515646355683, 0.0013459683363667456], [-0.0033986515646355683, 0.004838743198636502, -0.010405764992918506], [0.0013459683363667451, -0.010405764992918506, 0.05104305773948781]], "chi2_level": 0.95, "chi2_df": 3, "chi2_threshold": 7.814727903251179, "N_raw": 150, "N_roi": 150, "N_inlier": 146, "refit": true}
{"timestamp": "15:41:49.215912", "frame": 150, "mu": [0.7312417682674093, 1.0217857299762039, 1.277775144412597], "Sigma": [[0.00904294141146913, -0.002448085943242399, -0.004276673010902926], [-0.002448085943242399, 0.004770961308844634, -0.006734200299687165], [-0.004276673010902926, -0.006734200299687166, 0.03425556262033806]], "chi2_level": 0.95, "chi2_df": 3, "chi2_threshold": 7.814727903251179, "N_raw": 102, "N_roi": 102, "N_inlier": 97, "refit": true}
{"timestamp": "15:41:49.265372", "frame": 151, "mu": [0.7822375695087831, 0.9258537273187393, 1.3356246463116108], "Sigma": [[0.01436760197644113, -0.008190125462476841, -0.011512692500580238], [-0.008190125462476841, 0.006860231746537577, 0.003867019880934996], [-0.011512692500580238, 0.0038670198809349957, 0.014849156335009092]], "chi2_level": 0.95, "chi2_df": 3, "chi2_threshold": 7.814727903251179, "N_raw": 69, "N_roi": 69, "N_inlier": 64, "refit": true}
{"timestamp": "15:41:49.317718", "frame": 152, "mu": [0.881054932935553, 0.7810308178507868, 1.2611583461867646], "Sigma": [[0.009293072777774988, -0.003981391483445153, -0.007015438568582886], [-0.003981391483445152, 0.004485804090586983, 0.0021300132846242934], [-0.007015438568582886, 0.0021300132846242934, 0.006440320953618311]], "chi2_level": 0.95, "chi2_df": 3, "chi2_threshold": 7.814727903251179, "N_raw": 54, "N_roi": 53, "N_inlier": 51, "refit": true}
{"timestamp": "15:41:49.373555", "frame": 153, "mu": [0.7231738728307919, 0.8527457789582864, 1.3781570252681843], "Sigma": [[0.01316375487797712, -0.006439248513018433, -0.015782304878153124], [-0.006439248513018433, 0.00518172482694747, 0.007027292608324964], [-0.015782304878153124, 0.007027292608324966, 0.02913012374250078]], "chi2_level": 0.95, "chi2_df": 3, "chi2_threshold": 7.814727903251179, "N_raw": 61, "N_roi": 61, "N_inlier": 58, "refit": true}
