{"timestamp": "17:01:35.634347", "frame": 1, "mu": [1.5169277598624955, 0.9754855580885213, 1.1837574813993827], "Sigma": [[0.0017869514076304142, 0.0008281364327269527, -0.008941458748096811], [0.0008281364327269529, 0.0017056367459830895, -0.004890652701941965], [-0.008941458748096811, -0.004890652701941965, 0.054962582446216504]], "chi2_level": 0.99, "chi2_df": 3, "chi2_threshold": 11.344866730144373, "N_raw": 8, "N_roi": 8, "N_inlier": 8, "refit": true}
{"timestamp": "17:01:35.743954", "frame": 3, "mu": [1.5035226999834452, 1.0274267830392172, 1.2090287199259757], "Sigma": [[0.002441543645109592, 0.0012506771504899369, -0.010491219058106653], [0.0012506771504899369, 0.0027624408109691813, -0.0037532021416048704], [-0.010491219058106653, -0.0037532021416048712, 0.051192887494058675]], "chi2_level": 0.99, "chi2_df": 3, "chi2_threshold": 11.344866730144373, "N_raw": 8, "N_roi": 8, "N_inlier": 8, "refit": true}
{"timestamp": "17:01:35.799044", "frame": 4, "mu": [1.480213060545359, 0.9732768542121834, 1.4022023696484192], "Sigma": [[0.004475270188016734, 0.0025870409603408204, -0.005789790680480897], [0.0025870409603408204, 0.0026056435648270306, -0.00268739294475733], [-0.005789790680480897, -0.00268739294475733, 0.02649655252371987]], "chi2_level": 0.99, "chi2_df": 3, "chi2_threshold": 11.344866730144373, "N_raw": 7, "N_roi": 7, "N_inlier": 7, "refit": true}
{"timestamp": "17:01:35.854765", "frame": 5, "mu": [1.5919447751721547, 0.8891764700592317, 1.3188620120120738], "Sigma": [[0.0021927269196123497, -0.0010728888528894033, -0.0018330950876976814], [-0.0010728888528894033, 0.0033198478533693395, -0.004305851234839292], [-0.001833095087697681, -0.004305851234839292, 0.03062307803255432]], "chi2_level": 0.99, "chi2_df": 3, "chi2_threshold": 11.344866730144373, "N_raw": 17, "N_roi": 17, "N_inlier": 17, "refit": true}
{"timestamp": "17:01:36.403790", "frame": 15, "mu": [1.5007769384465681, 1.0551875586305712, 1.4458783121522343], "Sigma": [[0.005434290729361766, -0.0022130532069052082, -0.007604117951629217], [-0.0022130532069052082, 0.0029278327295452636, 0.001921659551650848], [-0.007604117951629216, 0.0019216595516508479, 0.01297673434723331]], "chi2_level": 0.99, "chi2_df": 3, "chi2_threshold": 11.344866730144373, "N_raw": 8, "N_roi": 8, "N_inlier": 8, "refit": true}
{"timestamp": "17:01:36.680172", "frame": 20, "mu": [1.4647390100691533, 1.0370030698122177, 1.4370303667772382], "Sigma": [[0.0033566954017883286, -0.0016995455482115471, -0.0028334148530810444], [-0.0016995455482115471, 0.002580825444850706, 0.0002983466312750597], [-0.0028334148530810444, 0.00029834663127505963, 0.0037476349048065475]], "chi2_level": 0.99, "chi2_df": 3, "chi2_threshold": 11.344866730144373, "N_raw": 19, "N_roi": 19, "N_inlier": 18, "refit": true}
{"timestamp": "17:01:36.847921", "frame": 23, "mu": [1.4565097466569614, 1.050046625828669, 1.2593327442289641], "Sigma": [[0.004144046864541876, -0.004135725981407965, 0.0003603312526068827], [-0.004135725981407965, 0.009348819564512603, -0.005142943192686074], [0.0003603312526068828, -0.005142943192686074, 0.005924345256628525]], "chi2_level": 0.99, "chi2_df": 3, "chi2_threshold": 11.344866730144373, "N_raw": 38, "N_roi": 38, "N_inlier": 37, "refit": true}
{"timestamp": "17:01:36.902128", "frame": 24, "mu": [1.4310264997081552, 0.9953177309951796, 1.399623790728051], "Sigma": [[0.004147312212731519, -0.0012680261356739634, -0.001661981673488994], [-0.0012680261356739636, 0.0031632728345298584, -0.0014296196267164247], [-0.0016619816734889945, -0.0014296196267164247, 0.007017669706606296]], "chi2_level": 0.99, "chi2_df": 3, "chi2_threshold": 11.344866730144373, "N_raw": 22, "N_roi": 22, "N_inlier": 20, "refit": true}
{"timestamp": "17:01:36.956239", "frame": 25, "mu": [1.3068390811074673, 1.1282073849764138, 1.2849370632511858], "Sigma": [[0.010506148597015286, -0.0052351056959981735, -0.028291775855276736], [-0.0052351056959981735, 0.005499863083154645, 0.01913511208775487], [-0.028291775855276736, 0.01913511208775487, 0.1020453067312298]], "chi2_level": 0.99, "chi2_df": 3, "chi2_threshold": 11.344866730144373, "N_raw": 9, "N_roi": 9, "N_inlier": 9, "refit": true}
{"timestamp": "17:01:37.012824", "frame": 26, "mu": [1.2701049732840728, 1.0985106813202068, 1.4959231871559406], "Sigma": [[0.004830251816039174, -0.002703338341724114, -0.0007284231040093341], [-0.002703338341724114, 0.005772750672281535, 0.00039473453639094424], [-0.0007284231040093341, 0.00039473453639094424, 0.0003231101603450227]], "chi2_level": 0.99, "chi2_df": 3, "chi2_threshold": 11.344866730144373, "N_raw": 28, "N_roi": 28, "N_inlier": 26, "refit": true}
{"timestamp": "17:01:37.069260", "frame": 27, "mu": [1.253446839922985, 1.0513099097687828, 1.4429803447014147], "Sigma": [[0.005369128743920758, -0.003538594886362722, -0.00285994685925107], [-0.003538594886362722, 0.0049506275330769, -0.0008189565421972457], [-0.00285994685925107, -0.0008189565421972456, 0.006959485820901416]], "chi2_level": 0.99, "chi2_df": 3, "chi2_threshold": 11.344866730144373, "N_raw": 30, "N_roi": 30, "N_inlier": 29, "refit": true}
{"timestamp": "17:01:37.121021", "frame": 28, "mu": [1.1464431316928214, 1.132799340312344, 1.5436113755850591], "Sigma": [[0.0017177573673499917, 0.0004918900083872471, -0.0003262369599719361], [0.0004918900083872471, 0.0018704763542725037, -0.00018434496780002151], [-0.0003262369599719361, -0.00018434496780002154, 0.00018164248154704077]], "chi2_level": 0.99, "chi2_df": 3, "chi2_threshold": 11.344866730144373, "N_raw": 13, "N_roi": 13, "N_inlier": 12, "refit": true}
{"timestamp": "17:01:37.175936", "frame": 29, "mu": [1.2281490717563368, 0.9916844128546078, 1.358434735281547], "Sigma": [[0.01304027233324481, -0.00792635807080682, -0.022647121003044716], [-0.007926358070806822, 0.012142515181561389, 0.01613022775544506], [-0.022647121003044716, 0.016130227755445065, 0.05201510843053299]], "chi2_level": 0.99, "chi2_df": 3, "chi2_threshold": 11.344866730144373, "N_raw": 8, "N_roi": 8, "N_inlier": 8, "refit": true}
{"timestamp": "17:01:37.232473", "frame": 30, "mu": [1.081499834210674, 1.082187198017589, 1.5367590714142954], "Sigma": [[0.003578688433890519, -0.001465927116376592, -0.0015059258925772727], [-0.001465927116376592, 0.0033018896265185607, 0.0002802059780260021], [-0.0015059258925772727, 0.00028020597802600215, 0.0007944917584488579]], "chi2_level": 0.99, "chi2_df": 3, "chi2_threshold": 11.344866730144373, "N_raw": 27, "N_roi": 27, "N_inlier": 26, "refit": true}
{"timestamp": "17:01:37.288972", "frame": 31, "mu": [0.9983138512585404, 1.1450078331176698, 1.5727486467800706], "Sigma": [[0.0027258566719290697, -0.0020092537488609137, -0.0012357207074227255], [-0.0020092537488609137, 0.006394593557547522, 7.120574415971172e-05], [-0.0012357207074227255, 7.120574415971172e-05, 0.0013688500023441887]], "chi2_level": 0.99, "chi2_df": 3, "chi2_threshold": 11.344866730144373, "N_raw": 33, "N_roi": 33, "N_inlier": 32, "refit": true}
{"timestamp": "17:01:37.341781", "frame": 32, "mu": [1.0795670334726633, 1.0309291322632803, 1.365203136564515], "Sigma": [[0.0036241203525425206, -0.002486122555259603, -0.014072426117704736], [-0.002486122555259603, 0.0042352423139464844, 0.014578768686283695], [-0.014072426117704736, 0.014578768686283695, 0.07461580155221699]], "chi2_level": 0.99, "chi2_df": 3, "chi2_threshold": 11.344866730144373, "N_raw": 14, "N_roi": 14, "N_inlier": 14, "refit": true}
{"timestamp": "17:01:37.397862", "frame": 33, "mu": [1.1020417747171252, 1.0123051940718157, 1.0963908308254062], "Sigma": [[0.0032603866003718313, 1.0859577621249875e-06, -0.005004629125133348], [1.085957762124879e-06, 0.0031847973428839656, -0.0056812850171813895], [-0.005004629125133348, -0.0056812850171813895, 0.026162700980225585]], "chi2_level": 0.99, "chi2_df": 3, "chi2_threshold": 11.344866730144373, "N_raw": 21, "N_roi": 21, "N_inlier": 19, "refit": true}
{"timestamp": "17:01:37.453706", "frame": 34, "mu": [1.0412362226986063, 1.0672633627915271, 1.1993826058593966], "Sigma": [[0.005596428459392158, 0.0003948974151325523, -0.01121227842335063], [0.00039489741513255226, 0.005164272897508037, -0.01058956620070041], [-0.011212278423350631, -0.01058956620070041, 0.04658375066033331]], "chi2_level": 0.99, "chi2_df": 3, "chi2_threshold": 11.344866730144373, "N_raw": 32, "N_roi": 32, "N_inlier": 32, "refit": true}
{"timestamp": "17:01:37.506223", "frame": 35, "mu": [1.0007230008203072, 1.0047672027026362, 1.2044466763513957], "Sigma": [[0.002880776009995669, 0.0004397947935991632, -0.009543648483990707], [0.0004397947935991632, 0.0037955406921817213, -0.00927256012104596], [-0.009543648483990707, -0.00927256012104596, 0.05200212624627578]], "chi2_level": 0.99, "chi2_df": 3, "chi2_threshold": 11.344866730144373, "N_raw": 10, "N_roi": 10, "N_inlier": 9, "refit": true}
{"timestamp": "17:01:37.562064", "frame": 36, "mu": [0.9308020488704339, 1.2368442111021238, -0.48239742019425785], "Sigma": [[0.011342888078313528, 0.005365436874288655, -0.024609862103831596], [0.005365436874288655, 0.0067369533835303745, -0.01775237442270662], [-0.024609862103831596, -0.01775237442270662, 0.07012453051725388]], "chi2_level": 0.99, "chi2_df": 3, "chi2_threshold": 11.344866730144373, "N_raw": 13, "N_roi": 13, "N_inlier": 13, "refit": true}
{"timestamp": "17:01:37.618993", "frame": 37, "mu": [0.8264190470479122, 1.0530302097713922, 1.4350034613622047], "Sigma": [[0.0031845549495210846, -0.0004209700608287203, -0.005255263622298688], [-0.0004209700608287203, 0.002458541630365442, -0.003175380777862167], [-0.005255263622298688, -0.003175380777862167, 0.026159272757825654]], "chi2_level": 0.99, "chi2_df": 3, "chi2_threshold": 11.344866730144373, "N_raw": 32, "N_roi": 32, "N_inlier": 29, "refit": true}
{"timestamp": "17:01:37.673030", "frame": 38, "mu": [0.7949215067077886, 1.0349573350703463, 1.4108632349247237], "Sigma": [[0.006459454016876718, 0.0016012044181140626, -0.011528033497820589], [0.0016012044181140629, 0.002875226456921059, -0.004128855260191502], [-0.011528033497820589, -0.004128855260191503, 0.039828319132422144]], "chi2_level": 0.99, "chi2_df": 3, "chi2_threshold": 11.344866730144373, "N_raw": 19, "N_roi": 19, "N_inlier": 17, "refit": true}
{"timestamp": "17:01:37.726695", "frame": 39, "mu": [0.8066277202487827, 0.971914522911752, 1.2295224181008095], "Sigma": [[0.015698534081842346, -0.007873984062043985, -0.05387776474673576], [-0.007873984062043985, 0.0072635941875055805, 0.0368071029106147], [-0.053877764746735744, 0.03680710291061471, 0.29978266319638214]], "chi2_level": 0.99, "chi2_df": 3, "chi2_threshold": 11.344866730144373, "N_raw": 15, "N_roi": 15, "N_inlier": 15, "refit": true}
{"timestamp": "17:01:37.780852", "frame": 40, "mu": [0.8740731707797399, 0.8607394144191639, 0.8277877865039005], "Sigma": [[0.009043559387407642, -0.016823368650555708, -0.045000823480426604], [-0.016823368650555708, 0.05019240071430693, 0.11006085467191051], [-0.045000823480426604, 0.11006085467191051, 0.4545452637518968]], "chi2_level": 0.99, "chi2_df": 3, "chi2_threshold": 11.344866730144373, "N_raw": 12, "N_roi": 12, "N_inlier": 12, "refit": true}
{"timestamp": "17:01:37.837125", "frame": 41, "mu": [0.8004998788911465, 1.2035913947374632, -0.8818455578699684], "Sigma": [[0.004195843434385958, 0.0011283582860985117, -0.021697631663486355], [0.001128358286098512, 0.011502261658531444, -0.026238511628205785], [-0.021697631663486355, -0.026238511628205778, 0.5128116287761882]], "chi2_level": 0.99, "chi2_df": 3, "chi2_threshold": 11.344866730144373, "N_raw": 13, "N_roi": 13, "N_inlier": 13, "refit": true}
{"timestamp": "17:01:37.896017", "frame": 42, "mu": [0.6662074984007493, 1.0258018641444886, 1.280442713871285], "Sigma": [[0.006877874495564154, -0.003967892309213105, -0.034605164050118854], [-0.003967892309213105, 0.008849371413209238, 0.03427501365746194], [-0.034605164050118854, 0.03427501365746194, 0.2636072522695287]], "chi2_level": 0.99, "chi2_df": 3, "chi2_threshold": 11.344866730144373, "N_raw": 38, "N_roi": 38, "N_inlier": 37, "refit": true}
{"timestamp": "17:01:37.955582", "frame": 43, "mu": [0.5978510663110526, 1.0961155599291346, 1.4052440372949455], "Sigma": [[0.0038264773144859633, -0.0012712138278389222, -0.0077903139937439605], [-0.0012712138278389222, 0.005194907538436767, -0.004800403933945168], [-0.00779031399374396, -0.004800403933945167, 0.05177295165396006]], "chi2_level": 0.99, "chi2_df": 3, "chi2_threshold": 11.344866730144373, "N_raw": 68, "N_roi": 67, "N_inlier": 64, "refit": true}
{"timestamp": "17:01:38.012639", "frame": 44, "mu": [0.6410695556737411, 0.979675102625448, 1.305909494551851], "Sigma": [[0.017499394993042868, -0.023234781224456845, -0.005262575500102186], [-0.023234781224456845, 0.04181347964452281, -0.008464416084095363], [-0.005262575500102186, -0.008464416084095363, 0.0483439012703514]], "chi2_level": 0.99, "chi2_df": 3, "chi2_threshold": 11.344866730144373, "N_raw": 81, "N_roi": 80, "N_inlier": 78, "refit": true}
{"timestamp": "17:01:38.065056", "frame": 45, "mu": [0.704596526501535, 1.0732940504771977, -0.506548413017573], "Sigma": [[0.01401515695388861, -0.02435172593669601, 0.0001557306540498468], [-0.02435172593669601, 0.06431236563790113, -0.005769024410215278], [0.0001557306540498466, -0.005769024410215278, 0.0026882157287571994]], "chi2_level": 0.99, "chi2_df": 3, "chi2_threshold": 11.344866730144373, "N_raw": 65, "N_roi": 65, "N_inlier": 65, "refit": true}
{"timestamp": "17:01:38.121542", "frame": 46, "mu": [0.6678461457880716, 0.8576610339150836, 1.3668285198949455], "Sigma": [[0.007741432283555875, 9.936180747651313e-05, -0.004128786990747505], [9.93618074765131e-05, 0.004397829472622647, -0.0005583074416808969], [-0.004128786990747505, -0.000558307441680897, 0.0024381961408817335]], "chi2_level": 0.99, "chi2_df": 3, "chi2_threshold": 11.344866730144373, "N_raw": 75, "N_roi": 75, "N_inlier": 68, "refit": true}
{"timestamp": "17:01:38.166461", "frame": 47, "mu": [0.5839713255354813, 0.8591612311390028, 1.0179953038842653], "Sigma": [[0.0028567100800832032, -0.005345516172826218, 0.011380443101710191], [-0.005345516172826218, 0.03204709900832954, 0.02901359745490285], [0.011380443101710191, 0.029013597454902854, 0.22925998356903993]], "chi2_level": 0.99, "chi2_df": 3, "chi2_threshold": 11.344866730144373, "N_raw": 9, "N_roi": 9, "N_inlier": 9, "refit": true}
{"timestamp": "17:01:38.222865", "frame": 48, "mu": [0.4858770127233569, 1.2428819175228314, -0.5645042507481237], "Sigma": [[0.0014480923305144559, -0.0031511430103481784, 0.002547913145184991], [-0.0031511430103481784, 0.03002942533344448, -0.02510977134863717], [0.0025479131451849905, -0.025109771348637167, 0.024500335517558584]], "chi2_level": 0.99, "chi2_df": 3, "chi2_threshold": 11.344866730144373, "N_raw": 28, "N_roi": 27, "N_inlier": 25, "refit": true}
{"timestamp": "17:01:38.283432", "frame": 49, "mu": [0.39762101810077916, 1.0420963802745848, 1.3610362356934258], "Sigma": [[0.003770843148245436, 0.00031333238046074693, -0.0020074081520846014], [0.00031333238046074693, 0.0018054624825840943, -0.0036326359941241835], [-0.0020074081520846014, -0.003632635994124183, 0.012479501437919075]], "chi2_level": 0.99, "chi2_df": 3, "chi2_threshold": 11.344866730144373, "N_raw": 63, "N_roi": 63, "N_inlier": 60, "refit": true}
{"timestamp": "17:01:38.338830", "frame": 50, "mu": [0.28492056275114813, 1.0905043448281642, 1.4676484095986444], "Sigma": [[0.00338482800717992, -6.96503571738883e-05, -0.003926955838744585], [-6.965035717388824e-05, 0.004021689364659037, 0.0033374366315186157], [-0.003926955838744585, 0.0033374366315186152, 0.04406172912925281]], "chi2_level": 0.99, "chi2_df": 3, "chi2_threshold": 11.344866730144373, "N_raw": 63, "N_roi": 63, "N_inlier": 58, "refit": true}
{"timestamp": "17:01:38.392197", "frame": 51, "mu": [0.49256045036484286, 0.8165682716244435, 1.0002912866778777], "Sigma": [[0.011044557421249879, -0.011390169627977974, 0.02282903064648647], [-0.01139016962797797, 0.019191178097651564, -0.014886723822386785], [0.02282903064648647, -0.014886723822386783, 0.24304748912831248]], "chi2_level": 0.99, "chi2_df": 3, "chi2_threshold": 11.344866730144373, "N_raw": 50, "N_roi": 50, "N_inlier": 47, "refit": true}
{"timestamp": "17:01:38.448088", "frame": 52, "mu": [0.304555479239954, 0.9604294302234677, -1.131150651496094], "Sigma": [[0.027452129897925365, -0.012112337675877589, -0.11130623854204895], [-0.012112337675877589, 0.12081304674069243, 0.1465724620168763], [-0.11130623854204894, 0.1465724620168763, 0.6733104793593093]], "chi2_level": 0.99, "chi2_df": 3, "chi2_threshold": 11.344866730144373, "N_raw": 55, "N_roi": 55, "N_inlier": 52, "refit": true}
{"timestamp": "17:01:38.503664", "frame": 53, "mu": [0.16324721504565626, 1.0102514645087968, 1.2121627741798364], "Sigma": [[0.005517267502023107, -0.004679335733065869, -0.017152736847264254], [-0.004679335733065868, 0.008560049336217087, 0.022960100315266352], [-0.017152736847264254, 0.022960100315266352, 0.16834907962865078]], "chi2_level": 0.99, "chi2_df": 3, "chi2_threshold": 11.344866730144373, "N_raw": 53, "N_roi": 53, "N_inlier": 49, "refit": true}
{"timestamp": "17:01:38.564425", "frame": 54, "mu": [0.0671622688196764, 1.1855390263744492, -0.5216155657832471], "Sigma": [[0.002439555362689703, 0.002323948065282076, 0.001750095370465877], [0.002323948065282076, 0.016757967781783525, -0.024968275698826356], [0.0017500953704658768, -0.024968275698826356, 0.11957720392381767]], "chi2_level": 0.99, "chi2_df": 3, "chi2_threshold": 11.344866730144373, "N_raw": 93, "N_roi": 93, "N_inlier": 89, "refit": true}
{"timestamp": "17:01:38.614372", "frame": 55, "mu": [0.25199808993311706, 0.7356761446303748, 1.2389035085146871], "Sigma": [[0.014854704395701645, -0.019916862292465108, -0.006014875447855786], [-0.019916862292465108, 0.03213383699963523, 0.006078621420671491], [-0.006014875447855785, 0.006078621420671491, 0.009105717525344288]], "chi2_level": 0.99, "chi2_df": 3, "chi2_threshold": 11.344866730144373, "N_raw": 65, "N_roi": 65, "N_inlier": 61, "refit": true}
{"timestamp": "17:01:38.671231", "frame": 56, "mu": [0.19855512294835206, 0.7212151307254657, 1.2460241383144293], "Sigma": [[0.014376559158864054, -0.018948190636080352, -0.008080935095114199], [-0.018948190636080352, 0.03055754604431643, 0.00832496649819136], [-0.008080935095114199, 0.00832496649819136, 0.005984527879408826]], "chi2_level": 0.99, "chi2_df": 3, "chi2_threshold": 11.344866730144373, "N_raw": 81, "N_roi": 81, "N_inlier": 77, "refit": true}
{"timestamp": "17:01:38.726571", "frame": 57, "mu": [0.11743827107930108, 0.7802630105279176, 1.245446730537209], "Sigma": [[0.01252358057461755, -0.021378222350972666, 0.001344137501391023], [-0.021378222350972666, 0.04834037554087678, 0.004539025572211623], [0.0013441375013910227, 0.004539025572211623, 0.01826258824296236]], "chi2_level": 0.99, "chi2_df": 3, "chi2_threshold": 11.344866730144373, "N_raw": 82, "N_roi": 82, "N_inlier": 82, "refit": true}
{"timestamp": "17:01:38.785711", "frame": 58, "mu": [0.008297333760931476, 0.8735591083188287, 1.212953043364852], "Sigma": [[0.021152883496126713, -0.026272087485351026, 0.01141017540857617], [-0.026272087485351026, 0.04130893978972975, -0.01325661187785314], [0.01141017540857617, -0.01325661187785314, 0.011620301470286011]], "chi2_level": 0.99, "chi2_df": 3, "chi2_threshold": 11.344866730144373, "N_raw": 110, "N_roi": 108, "N_inlier": 108, "refit": true}
{"timestamp": "17:01:38.836230", "frame": 59, "mu": [0.035059297447335054, 0.6906769712163365, 1.2761504125261687], "Sigma": [[0.008616192860892945, -0.012466030837687488, -0.0064928680943184755], [-0.012466030837687488, 0.020942223465655635, 0.00802133724989549], [-0.006492868094318476, 0.00802133724989549, 0.008282719035751661]], "chi2_level": 0.99, "chi2_df": 3, "chi2_threshold": 11.344866730144373, "N_raw": 70, "N_roi": 70, "N_inlier": 67, "refit": true}
{"timestamp": "17:01:38.887217", "frame": 60, "mu": [-0.22967934374301385, 1.0442406590553739, 1.169235542789794], "Sigma": [[0.006195561834065773, -0.00686377973517829, 0.012554778947273203], [-0.00686377973517829, 0.010921529256512368, -0.005435810987141178], [0.012554778947273203, -0.005435810987141178, 0.14533597827115008]], "chi2_level": 0.99, "chi2_df": 3, "chi2_threshold": 11.344866730144373, "N_raw": 50, "N_roi": 50, "N_inlier": 49, "refit": true}
{"timestamp": "17:01:38.948546", "frame": 61, "mu": [-0.07185124081258397, 0.774819697810491, 1.3362723727332508], "Sigma": [[0.017024703766293198, -0.020664684693391746, -0.015136297921602652], [-0.020664684693391746, 0.0277444686070497, 0.01689634399295794], [-0.015136297921602652, 0.01689634399295794, 0.019565618580379862]], "chi2_level": 0.99, "chi2_df": 3, "chi2_threshold": 11.344866730144373, "N_raw": 94, "N_roi": 94, "N_inlier": 89, "refit": true}
{"timestamp": "17:01:39.001144", "frame": 62, "mu": [-0.1858623520464223, 0.9914816191014285, -0.6807332249751177], "Sigma": [[0.039906495778111756, -0.03678284971304573, 0.024567872581078336], [-0.03678284971304573, 0.04413876184255994, -0.028860746680322638], [0.024567872581078336, -0.028860746680322638, 0.05897387333055146]], "chi2_level": 0.99, "chi2_df": 3, "chi2_threshold": 11.344866730144373, "N_raw": 75, "N_roi": 75, "N_inlier": 70, "refit": true}
{"timestamp": "17:01:39.050005", "frame": 63, "mu": [-0.14863650586598556, 0.9386628112641497, -0.6953977954549744], "Sigma": [[0.01660601855972156, -0.026783369053183577, 0.021563476787560296], [-0.02678336905318358, 0.052589050024656456, -0.06700822116609767], [0.021563476787560296, -0.06700822116609767, 0.16643295360930008]], "chi2_level": 0.99, "chi2_df": 3, "chi2_threshold": 11.344866730144373, "N_raw": 27, "N_roi": 27, "N_inlier": 26, "refit": true}
{"timestamp": "17:01:39.107580", "frame": 64, "mu": [-0.26570288492804217, 0.8443240680160765, 1.225029075954958], "Sigma": [[0.026244116184815633, -0.03855239925969964, 0.008623107470862727], [-0.03855239925969964, 0.058986382050034175, -0.014857039114119223], [0.008623107470862727, -0.014857039114119223, 0.030490533661964164]], "chi2_level": 0.99, "chi2_df": 3, "chi2_threshold": 11.344866730144373, "N_raw": 51, "N_roi": 51, "N_inlier": 51, "refit": true}
{"timestamp": "17:01:39.164856", "frame": 65, "mu": [-0.35913764494314254, 0.9494117535847475, 1.1874940799284555], "Sigma": [[0.013735603384735395, -0.017783183995701564, -0.0019052658048795924], [-0.017783183995701564, 0.028128718607618664, 0.001440468284399178], [-0.001905265804879592, 0.0014404682843991786, 0.05159007377174346]], "chi2_level": 0.99, "chi2_df": 3, "chi2_threshold": 11.344866730144373, "N_raw": 66, "N_roi": 66, "N_inlier": 64, "refit": true}
{"timestamp": "17:01:39.225795", "frame": 66, "mu": [-0.4626892426395117, 0.9881743713569122, 1.2851643364808834], "Sigma": [[0.014422904871059147, -0.014914073899343253, 0.01062061238871081], [-0.014914073899343253, 0.021035899764089094, -0.010737142758142998], [0.010620612388710812, -0.010737142758142996, 0.06371946620762112]], "chi2_level": 0.99, "chi2_df": 3, "chi2_threshold": 11.344866730144373, "N_raw": 103, "N_roi": 103, "N_inlier": 102, "refit": true}
{"timestamp": "17:01:39.273955", "frame": 67, "mu": [-0.33577291801317, 0.7770180535365357, 1.181663035643751], "Sigma": [[0.03721180433186463, -0.042283856178559606, 0.012792489390040426], [-0.042283856178559606, 0.051401791088048064, -0.016834173627426736], [0.012792489390040428, -0.016834173627426736, 0.008005180317064337]], "chi2_level": 0.99, "chi2_df": 3, "chi2_threshold": 11.344866730144373, "N_raw": 59, "N_roi": 57, "N_inlier": 55, "refit": true}
{"timestamp": "17:01:39.332410", "frame": 68, "mu": [-0.3741590546627813, 0.797039089540694, 1.3345136486874873], "Sigma": [[0.011449850049793696, -0.01609663796109262, -0.008637591964207814], [-0.01609663796109262, 0.026600972141369854, 0.012439958978673882], [-0.008637591964207814, 0.012439958978673882, 0.00806030098394503]], "chi2_level": 0.99, "chi2_df": 3, "chi2_threshold": 11.344866730144373, "N_raw": 85, "N_roi": 84, "N_inlier": 79, "refit": true}
{"timestamp": "17:01:39.383261", "frame": 69, "mu": [-0.426401565161622, 0.7784703831832631, 1.3593005418485302], "Sigma": [[0.02701991523267214, -0.0286974169153192, -0.02325344396312437], [-0.0286974169153192, 0.034095720621493936, 0.023390077700932516], [-0.02325344396312437, 0.023390077700932516, 0.03093960712383603]], "chi2_level": 0.99, "chi2_df": 3, "chi2_threshold": 11.344866730144373, "N_raw": 53, "N_roi": 53, "N_inlier": 50, "refit": true}
{"timestamp": "17:01:39.440315", "frame": 70, "mu": [-0.521579018915797, 0.8301157754738407, 1.2590976586635256], "Sigma": [[0.05600342622579595, -0.04912086959139904, 0.001208076969451614], [-0.049120869591399045, 0.04695449114490876, 0.002765775426835088], [0.0012080769694516136, 0.002765775426835089, 0.012945176058815509]], "chi2_level": 0.99, "chi2_df": 3, "chi2_threshold": 11.344866730144373, "N_raw": 74, "N_roi": 74, "N_inlier": 74, "refit": true}
{"timestamp": "17:01:39.490686", "frame": 71, "mu": [-0.45570136806248457, 0.6631034799292633, 1.3157112051800979], "Sigma": [[0.04374743998321885, -0.015168144189806977, -0.03575704242285358], [-0.015168144189806977, 0.013385956357627498, 0.010650418521291874], [-0.03575704242285358, 0.010650418521291874, 0.03198015273576339]], "chi2_level": 0.99, "chi2_df": 3, "chi2_threshold": 11.344866730144373, "N_raw": 39, "N_roi": 39, "N_inlier": 37, "refit": true}
{"timestamp": "17:01:39.552619", "frame": 72, "mu": [-0.7377450880400079, 0.6952497457975197, 1.5368583205362518], "Sigma": [[0.0931140438059635, -0.010072871495329039, -0.07645285742791284], [-0.010072871495329039, 0.007442151456702808, 0.007612336890424523], [-0.07645285742791284, 0.007612336890424523, 0.06594751320638212]], "chi2_level": 0.99, "chi2_df": 3, "chi2_threshold": 11.344866730144373, "N_raw": 87, "N_roi": 86, "N_inlier": 85, "refit": true}
{"timestamp": "17:01:39.604236", "frame": 73, "mu": [-0.7280628273005147, 0.6696998398645658, 1.5227841943929394], "Sigma": [[0.09460517027242614, -0.016523685155746592, -0.08170565896004686], [-0.016523685155746592, 0.006682553751509153, 0.013216547638136115], [-0.08170565896004688, 0.013216547638136115, 0.07181886432505348]], "chi2_level": 0.99, "chi2_df": 3, "chi2_threshold": 11.344866730144373, "N_raw": 57, "N_roi": 57, "N_inlier": 55, "refit": true}
{"timestamp": "17:01:39.663270", "frame": 74, "mu": [-0.8163009233501071, 0.7067723449499512, 1.5329085086462868], "Sigma": [[0.06935677339836055, -0.016835513269803773, -0.056267075921931364], [-0.016835513269803773, 0.010810997411163958, 0.012754774763766807], [-0.05626707592193137, 0.012754774763766808, 0.049031173918926904]], "chi2_level": 0.99, "chi2_df": 3, "chi2_threshold": 11.344866730144373, "N_raw": 95, "N_roi": 94, "N_inlier": 94, "refit": true}
{"timestamp": "17:01:39.716065", "frame": 75, "mu": [-0.864184229483338, 0.6776622379298136, 1.518860992455154], "Sigma": [[0.06748273765471371, -0.014563351802804827, -0.05591797214502152], [-0.014563351802804827, 0.007692309129066391, 0.011365655922029944], [-0.05591797214502152, 0.011365655922029944, 0.04929570429377246]], "chi2_level": 0.99, "chi2_df": 3, "chi2_threshold": 11.344866730144373, "N_raw": 75, "N_roi": 75, "N_inlier": 74, "refit": true}
{"timestamp": "17:01:39.769555", "frame": 76, "mu": [-1.0392452468697355, 0.7182658081746855, 1.6841677388023235], "Sigma": [[0.0073050851016509535, 0.001805435889868254, -0.002201416924497277], [0.001805435889868254, 0.006520304149624485, -0.004919983583067376], [-0.002201416924497277, -0.004919983583067375, 0.005005130081357652]], "chi2_level": 0.99, "chi2_df": 3, "chi2_threshold": 11.344866730144373, "N_raw": 69, "N_roi": 69, "N_inlier": 66, "refit": true}
{"timestamp": "17:01:39.826314", "frame": 77, "mu": [-1.0496726941185233, 0.7425722955742255, 1.6299900215571643], "Sigma": [[0.00990793068205832, 0.002468129094879053, -0.005632052869361323], [0.002468129094879053, 0.006131038796671294, -0.005440043803451625], [-0.005632052869361323, -0.005440043803451624, 0.006851309523410757]], "chi2_level": 0.99, "chi2_df": 3, "chi2_threshold": 11.344866730144373, "N_raw": 75, "N_roi": 75, "N_inlier": 72, "refit": true}
{"timestamp": "17:01:39.884999", "frame": 78, "mu": [-1.0108244829645945, 0.8061887617116453, 1.1432125220862122], "Sigma": [[0.016531997228598758, 0.015042738334548174, -0.05159741390575229], [0.015042738334548174, 0.02477891193967445, -0.08351518448467739], [-0.05159741390575229, -0.08351518448467739, 0.30942289220649516]], "chi2_level": 0.99, "chi2_df": 3, "chi2_threshold": 11.344866730144373, "N_raw": 104, "N_roi": 104, "N_inlier": 101, "refit": true}
{"timestamp": "17:01:39.937121", "frame": 79, "mu": [-1.0486644733614046, 0.7210159527480802, 1.3463578455267153], "Sigma": [[0.012647772284343899, 0.007401320941296384, -0.027504980068631564], [0.007401320941296384, 0.026252083837411448, -0.05364319762637695], [-0.027504980068631564, -0.05364319762637695, 0.1706767398686185]], "chi2_level": 0.99, "chi2_df": 3, "chi2_threshold": 11.344866730144373, "N_raw": 81, "N_roi": 81, "N_inlier": 79, "refit": true}
{"timestamp": "17:01:39.989516", "frame": 80, "mu": [-1.1084152180625075, 0.6406507164668337, 1.5195050094573237], "Sigma": [[0.008710444578369768, -0.0007823611150224916, -0.005274998905122098], [-0.0007823611150224915, 0.00839501658377196, -0.0014356921269156606], [-0.005274998905122097, -0.0014356921269156604, 0.007762839020741368]], "chi2_level": 0.99, "chi2_df": 3, "chi2_threshold": 11.344866730144373, "N_raw": 62, "N_roi": 62, "N_inlier": 57, "refit": true}
{"timestamp": "17:01:40.044904", "frame": 81, "mu": [-1.1415015361936955, 0.6407418569945588, 1.5301263903121631], "Sigma": [[0.009249444328911446, 0.0007061261910325231, -0.006487218507805488], [0.000706126191032523, 0.007972050497345132, -0.004743521510453646], [-0.006487218507805488, -0.004743521510453646, 0.01064894624170141]], "chi2_level": 0.99, "chi2_df": 3, "chi2_threshold": 11.344866730144373, "N_raw": 64, "N_roi": 64, "N_inlier": 61, "refit": true}
{"timestamp": "17:01:40.100891", "frame": 82, "mu": [-1.188391048157851, 0.6981950561024703, -0.3059854963978329], "Sigma": [[0.008570203972755068, -0.0024941572380212194, -0.0023438232877170924], [-0.0024941572380212194, 0.01823709587030599, 0.007796936031908661], [-0.0023438232877170924, 0.007796936031908661, 0.03219135008237415]], "chi2_level": 0.99, "chi2_df": 3, "chi2_threshold": 11.344866730144373, "N_raw": 75, "N_roi": 75, "N_inlier": 70, "refit": true}
{"timestamp": "17:01:40.154334", "frame": 83, "mu": [-1.2212929587808063, 0.6433218698573472, 1.5351108189342237], "Sigma": [[0.009828242791449586, -0.00012422000096678503, -0.0055329556686837846], [-0.0001242200009667847, 0.010045882882234824, -0.0014529888162679548], [-0.0055329556686837846, -0.0014529888162679548, 0.003748261237356794]], "chi2_level": 0.99, "chi2_df": 3, "chi2_threshold": 11.344866730144373, "N_raw": 64, "N_roi": 64, "N_inlier": 61, "refit": true}
{"timestamp": "17:01:40.210805", "frame": 84, "mu": [-1.2536786663400352, 0.6996931348169638, 1.5109011050472978], "Sigma": [[0.010027428665508977, 0.002096777023613262, -0.006067072101124544], [0.002096777023613262, 0.012994353445536245, -0.005536877770268721], [-0.006067072101124544, -0.005536877770268721, 0.00786493213365489]], "chi2_level": 0.99, "chi2_df": 3, "chi2_threshold": 11.344866730144373, "N_raw": 75, "N_roi": 75, "N_inlier": 73, "refit": true}
{"timestamp": "17:01:40.265695", "frame": 85, "mu": [-1.291198723108867, 0.6871117662947062, 1.4963058288687834], "Sigma": [[0.00944531842242434, 1.223856998275525e-06, -0.003907913681054239], [1.2238569982754707e-06, 0.017758237369112424, -0.0025725101413429543], [-0.003907913681054238, -0.0025725101413429543, 0.0034070748402869125]], "chi2_level": 0.99, "chi2_df": 3, "chi2_threshold": 11.344866730144373, "N_raw": 81, "N_roi": 81, "N_inlier": 80, "refit": true}
{"timestamp": "17:01:40.318659", "frame": 86, "mu": [-1.2991325267157514, 0.641713768950313, -0.4571556621196639], "Sigma": [[0.008483888723993981, 0.0060463937557106015, 0.0021214370901867], [0.0060463937557106015, 0.0262172721625065, 0.007164130174949717], [0.0021214370901867004, 0.007164130174949718, 0.003711378771976479]], "chi2_level": 0.99, "chi2_df": 3, "chi2_threshold": 11.344866730144373, "N_raw": 62, "N_roi": 62, "N_inlier": 61, "refit": true}
{"timestamp": "17:01:40.379538", "frame": 87, "mu": [-1.3536224536600079, 0.6312915689911822, 1.3977045909333798], "Sigma": [[0.012168354502990352, 0.0033607425574720363, -0.0029509620951544855], [0.003360742557472036, 0.02263441141712523, -0.0063073797025311506], [-0.0029509620951544855, -0.006307379702531151, 0.002561845362536131]], "chi2_level": 0.99, "chi2_df": 3, "chi2_threshold": 11.344866730144373, "N_raw": 100, "N_roi": 100, "N_inlier": 95, "refit": true}
{"timestamp": "17:01:40.432791", "frame": 88, "mu": [-1.4204255309557146, 0.692217334246801, 1.4690343904804566], "Sigma": [[0.01294395335927306, -0.0006535700632212312, -0.006048665394064585], [-0.0006535700632212312, 0.02292318008822532, -0.0007881350393065635], [-0.006048665394064585, -0.0007881350393065636, 0.004381027436503739]], "chi2_level": 0.99, "chi2_df": 3, "chi2_threshold": 11.344866730144373, "N_raw": 86, "N_roi": 86, "N_inlier": 84, "refit": true}
{"timestamp": "17:01:40.490640", "frame": 89, "mu": [-1.3832345499618326, 0.7116112748150325, 1.397869192173199], "Sigma": [[0.01719908116581042, 0.009222331560951147, -0.005808522773046455], [0.009222331560951145, 0.023891985400241376, -0.008062530690889635], [-0.005808522773046454, -0.008062530690889635, 0.0039046155859300876]], "chi2_level": 0.99, "chi2_df": 3, "chi2_threshold": 11.344866730144373, "N_raw": 107, "N_roi": 107, "N_inlier": 106, "refit": true}
{"timestamp": "17:01:40.541762", "frame": 90, "mu": [-1.4306258822427353, 0.7263195475543849, 1.3890243165588059], "Sigma": [[0.010582041850578695, 0.007333450749215055, 0.00017207854008774448], [0.007333450749215055, 0.018553985195525848, -0.006293277422711496], [0.00017207854008774453, -0.006293277422711496, 0.004716434589437587]], "chi2_level": 0.99, "chi2_df": 3, "chi2_threshold": 11.344866730144373, "N_raw": 85, "N_roi": 85, "N_inlier": 84, "refit": true}
{"timestamp": "17:01:40.595055", "frame": 91, "mu": [-1.443682396135544, 0.736999879705302, 1.3401564613028802], "Sigma": [[0.009818078863952489, 0.006719593105403833, 0.00014333085978098707], [0.006719593105403832, 0.013956923374636797, -0.00534862177041238], [0.0001433308597809871, -0.005348621770412379, 0.0038506707498805726]], "chi2_level": 0.99, "chi2_df": 3, "chi2_threshold": 11.344866730144373, "N_raw": 69, "N_roi": 69, "N_inlier": 67, "refit": true}
{"timestamp": "17:01:40.650515", "frame": 92, "mu": [-1.4826002281481472, 0.7336999189942561, 1.4003256037129508], "Sigma": [[0.01563498035520896, 0.011345818878348825, -0.002175262530678334], [0.011345818878348825, 0.01866661829880574, -0.0056281142204145426], [-0.002175262530678334, -0.0056281142204145426, 0.0022472397791823487]], "chi2_level": 0.99, "chi2_df": 3, "chi2_threshold": 11.344866730144373, "N_raw": 77, "N_roi": 77, "N_inlier": 76, "refit": true}
{"timestamp": "17:01:40.706553", "frame": 93, "mu": [-1.5385947787945558, 0.7432122695897606, 1.3963058857113975], "Sigma": [[0.016412197972686688, 0.009269512223352466, -0.0008489375554660069], [0.009269512223352466, 0.014705121103737286, -0.005074391091193498], [-0.000848937555466007, -0.0050743910911935, 0.0030366340408931013]], "chi2_level": 0.99, "chi2_df": 3, "chi2_threshold": 11.344866730144373, "N_raw": 79, "N_roi": 79, "N_inlier": 77, "refit": true}
{"timestamp": "17:01:40.764758", "frame": 94, "mu": [-1.4661874033502702, 0.8976051024973665, 1.393838176503248], "Sigma": [[0.023153119684010817, 0.010010982608683003, -0.011187316476072458], [0.010010982608683003, 0.013967897008894167, -0.008055786284281715], [-0.011187316476072458, -0.008055786284281715, 0.007598536759890137]], "chi2_level": 0.99, "chi2_df": 3, "chi2_threshold": 11.344866730144373, "N_raw": 104, "N_roi": 104, "N_inlier": 99, "refit": true}
{"timestamp": "17:01:40.816913", "frame": 95, "mu": [-1.5238901896738961, 0.8842535693019093, -0.5845079343762404], "Sigma": [[0.018026016810698035, 0.009433589857596972, 0.0023770099665273168], [0.009433589857596974, 0.016495744314099774, 0.0015612815561693457], [0.002377009966527317, 0.0015612815561693457, 0.007639145952392283]], "chi2_level": 0.99, "chi2_df": 3, "chi2_threshold": 11.344866730144373, "N_raw": 82, "N_roi": 82, "N_inlier": 82, "refit": true}
{"timestamp": "17:01:40.872782", "frame": 96, "mu": [-1.5624788101198768, 0.9052258291053665, -0.29777951125317936], "Sigma": [[0.016790809896379308, 0.008155890041914582, 0.05472831370736571], [0.00815589004191458, 0.009885299492553989, 0.04316682634064081], [0.05472831370736571, 0.04316682634064081, 0.568861581220416]], "chi2_level": 0.99, "chi2_df": 3, "chi2_threshold": 11.344866730144373, "N_raw": 87, "N_roi": 87, "N_inlier": 87, "refit": true}
{"timestamp": "17:01:40.923699", "frame": 97, "mu": [-1.6554746073890123, 0.9023876700186325, 1.329009229321237], "Sigma": [[0.009726229743633618, 0.005079506531726064, 0.0041535972837275035], [0.0050795065317260635, 0.00696018611138785, 7.27320307552177e-05], [0.0041535972837275035, 7.273203075521749e-05, 0.021358105181684645]], "chi2_level": 0.99, "chi2_df": 3, "chi2_threshold": 11.344866730144373, "N_raw": 62, "N_roi": 62, "N_inlier": 61, "refit": true}
{"timestamp": "17:01:40.981159", "frame": 98, "mu": [-1.648643659767646, 0.9750056359805643, 1.375970567399334], "Sigma": [[0.015999266608257866, 0.0072939512869563995, 0.002754923585040011], [0.007293951286956399, 0.011632736424276695, -0.0038621974756751502], [0.002754923585040011, -0.0038621974756751502, 0.008626096575222246]], "chi2_level": 0.99, "chi2_df": 3, "chi2_threshold": 11.344866730144373, "N_raw": 83, "N_roi": 83, "N_inlier": 83, "refit": true}
{"timestamp": "17:01:41.035000", "frame": 99, "mu": [-1.778029511305754, 0.9577096166924257, 1.422069397008261], "Sigma": [[0.016161114894195895, 0.010013922151764713, 0.005874976076364248], [0.010013922151764713, 0.01150322470531097, -0.0012302809488541012], [0.005874976076364248, -0.0012302809488541015, 0.015923059981781527]], "chi2_level": 0.99, "chi2_df": 3, "chi2_threshold": 11.344866730144373, "N_raw": 73, "N_roi": 73, "N_inlier": 70, "refit": true}
{"timestamp": "17:01:41.198582", "frame": 100, "mu": [-1.7982410798137969, 0.9671941422964341, 1.395207916079092], "Sigma": [[0.03071399637495014, 0.013927837312767694, 0.005660337477556537], [0.013927837312767692, 0.013609423489446541, -0.0032866399300727003], [0.0056603374775565365, -0.0032866399300727003, 0.013174126962946014]], "chi2_level": 0.99, "chi2_df": 3, "chi2_threshold": 11.344866730144373, "N_raw": 96, "N_roi": 96, "N_inlier": 95, "refit": true}
{"timestamp": "17:01:41.221738", "frame": 101, "mu": [-1.7511939390331366, 1.0482838243032508, 1.3647875965887133], "Sigma": [[0.02710349556026617, 0.008765009105268068, 0.00024141051230417029], [0.008765009105268068, 0.010196130385595373, -0.00494194004844147], [0.00024141051230417007, -0.00494194004844147, 0.017137853877219972]], "chi2_level": 0.99, "chi2_df": 3, "chi2_threshold": 11.344866730144373, "N_raw": 100, "N_roi": 100, "N_inlier": 99, "refit": true}
{"timestamp": "17:01:41.252912", "frame": 102, "mu": [-1.7957684632276851, 1.052869260473051, 1.3757107195996285], "Sigma": [[0.029497554916007657, 0.008449851099479103, 0.007242175818115257], [0.008449851099479103, 0.010547889726997403, -0.0022778882781609704], [0.007242175818115256, -0.0022778882781609704, 0.016547903589306145]], "chi2_level": 0.99, "chi2_df": 3, "chi2_threshold": 11.344866730144373, "N_raw": 100, "N_roi": 100, "N_inlier": 98, "refit": true}
