{"timestamp": "16:16:20.364373", "frame": 10, "mu": [2.2879320819312547, 4.618102239739143, 1.0766157123734084], "Sigma": [[0.018715214161382786, -0.009177580174818315, -0.006151400350673556], [-0.009177580174818315, 0.007385367691467791, 0.001499221660336783], [-0.006151400350673556, 0.0014992216603367833, 0.005969428072857144]], "chi2_level": 0.99, "chi2_df": 3, "chi2_threshold": 11.344866730144373, "N_raw": 32, "N_roi": 27, "N_inlier": 26, "refit": true}
{"timestamp": "16:16:20.696733", "frame": 16, "mu": [2.2525351284907185, 4.690064219564084, 0.945991774053599], "Sigma": [[0.02470407539556888, -0.012101263141597731, -0.005270836527372314], [-0.012101263141597731, 0.009378480488487677, 0.0014420801913765393], [-0.0052708365273723135, 0.0014420801913765388, 0.005183368860187719]], "chi2_level": 0.99, "chi2_df": 3, "chi2_threshold": 11.344866730144373, "N_raw": 42, "N_roi": 31, "N_inlier": 31, "refit": true}
{"timestamp": "16:16:20.752410", "frame": 17, "mu": [2.296872941612049, 4.688793810033402, 1.0535347702330995], "Sigma": [[0.01764970986674163, -0.008783427979831948, -0.007551419738626575], [-0.008783427979831948, 0.007822969144040633, 0.0018861765582418749], [-0.007551419738626575, 0.0018861765582418749, 0.0065706786291517]], "chi2_level": 0.99, "chi2_df": 3, "chi2_threshold": 11.344866730144373, "N_raw": 34, "N_roi": 26, "N_inlier": 26, "refit": true}
{"timestamp": "16:16:20.805463", "frame": 18, "mu": [2.307697398611224, 4.668808191605255, 0.9044445082050542], "Sigma": [[0.016225875728185728, -0.008540944175823784, -0.003812916330145321], [-0.008540944175823784, 0.007356894061900998, 0.0015707944573385042], [-0.003812916330145321, 0.0015707944573385047, 0.0037293885506604904]], "chi2_level": 0.99, "chi2_df": 3, "chi2_threshold": 11.344866730144373, "N_raw": 27, "N_roi": 21, "N_inlier": 21, "refit": true}
{"timestamp": "16:16:21.024230", "frame": 22, "mu": [2.2291987664737456, 4.577245549677336, 0.8690353160620923], "Sigma": [[0.013436852410505946, -0.009089632959501303, -0.008649998116243493], [-0.009089632959501303, 0.008866977525221089, 0.006540869243755014], [-0.008649998116243493, 0.006540869243755012, 0.007425196285448486]], "chi2_level": 0.99, "chi2_df": 3, "chi2_threshold": 11.344866730144373, "N_raw": 17, "N_roi": 17, "N_inlier": 17, "refit": true}
{"timestamp": "16:16:21.299897", "frame": 27, "mu": [2.0252269724250196, 4.482913986193808, 1.030223082567018], "Sigma": [[0.014298742164830042, -0.008481353877156147, -0.01003123210436962], [-0.008481353877156147, 0.00886683601179946, 0.01063983706705747], [-0.010031232104369622, 0.01063983706705747, 0.014407824838125206]], "chi2_level": 0.99, "chi2_df": 3, "chi2_threshold": 11.344866730144373, "N_raw": 21, "N_roi": 19, "N_inlier": 18, "refit": true}
{"timestamp": "16:16:21.412788", "frame": 29, "mu": [1.8956552730031975, 4.426071223165049, 0.9760068328678589], "Sigma": [[0.03208337118779651, -0.012771737598709624, -0.006046329936791481], [-0.012771737598709624, 0.010526948676989532, 0.007039734641324764], [-0.00604632993679148, 0.007039734641324765, 0.007125325044634971]], "chi2_level": 0.99, "chi2_df": 3, "chi2_threshold": 11.344866730144373, "N_raw": 41, "N_roi": 40, "N_inlier": 40, "refit": true}
{"timestamp": "16:16:21.466865", "frame": 30, "mu": [1.809382811109227, 4.37592327019185, 0.7551067454526015], "Sigma": [[0.030620506154721637, -0.012967693454264757, -0.0037366527082763243], [-0.012967693454264757, 0.007718875082157886, 0.0022266582610396875], [-0.003736652708276324, 0.0022266582610396875, 0.0021327260718208636]], "chi2_level": 0.99, "chi2_df": 3, "chi2_threshold": 11.344866730144373, "N_raw": 28, "N_roi": 28, "N_inlier": 28, "refit": true}
{"timestamp": "16:16:21.578176", "frame": 32, "mu": [1.702435927445603, 4.455442621847409, 0.9247148826861693], "Sigma": [[0.023755426988166253, -0.007038963121807203, -0.0021257056553680136], [-0.007038963121807203, 0.008189253933221643, 0.005849648700968018], [-0.0021257056553680136, 0.005849648700968017, 0.006458899415333715]], "chi2_level": 0.99, "chi2_df": 3, "chi2_threshold": 11.344866730144373, "N_raw": 35, "N_roi": 33, "N_inlier": 33, "refit": true}
{"timestamp": "16:16:21.903212", "frame": 38, "mu": [1.4602900014626035, 4.526316131121048, 0.7217466357518206], "Sigma": [[0.0025682020077492486, -0.000827916666194251, -0.002234454975422218], [-0.000827916666194251, 0.0013091949495132014, -0.0026417674008032163], [-0.002234454975422218, -0.002641767400803216, 0.028601879230694793]], "chi2_level": 0.99, "chi2_df": 3, "chi2_threshold": 11.344866730144373, "N_raw": 8, "N_roi": 8, "N_inlier": 8, "refit": true}
{"timestamp": "16:16:22.069104", "frame": 41, "mu": [1.2490842846246821, 4.729113207799031, 0.09782419906944834], "Sigma": [[0.010329100162462083, -0.0023559525252076067, -0.00930193208981156], [-0.0023559525252076063, 0.0026322180310382882, 0.002100205082316525], [-0.00930193208981156, 0.002100205082316525, 0.0112235230277335]], "chi2_level": 0.99, "chi2_df": 3, "chi2_threshold": 11.344866730144373, "N_raw": 17, "N_roi": 17, "N_inlier": 17, "refit": true}
{"timestamp": "16:16:22.122791", "frame": 42, "mu": [1.2588627510138164, 4.508246840200521, 0.8579758788256382], "Sigma": [[0.004665998080719151, -0.0027265724887317964, -0.001585571156814199], [-0.0027265724887317964, 0.0027019205903515545, -0.0010678842663643228], [-0.0015855711568141986, -0.0010678842663643228, 0.007568717303804575]], "chi2_level": 0.99, "chi2_df": 3, "chi2_threshold": 11.344866730144373, "N_raw": 9, "N_roi": 9, "N_inlier": 9, "refit": true}
{"timestamp": "16:16:22.178605", "frame": 43, "mu": [1.1964568447335098, 4.537873573862589, 0.8223504091600462], "Sigma": [[0.0022217835351997133, 0.0004549651799970624, -0.0011995056896933985], [0.00045496517999706233, 0.0029024232477354492, -0.006036245724236132], [-0.001199505689693399, -0.006036245724236131, 0.02992154767405064]], "chi2_level": 0.99, "chi2_df": 3, "chi2_threshold": 11.344866730144373, "N_raw": 10, "N_roi": 10, "N_inlier": 9, "refit": true}
{"timestamp": "16:16:22.235666", "frame": 44, "mu": [1.1668235257661779, 4.533620470259772, 0.7543183448088594], "Sigma": [[0.012806522518731748, -0.003966538625688987, 0.005901884379280615], [-0.003966538625688988, 0.0015918559051705183, -0.0022353789214325554], [0.005901884379280616, -0.0022353789214325545, 0.046565285225334804]], "chi2_level": 0.99, "chi2_df": 3, "chi2_threshold": 11.344866730144373, "N_raw": 23, "N_roi": 22, "N_inlier": 21, "refit": true}
{"timestamp": "16:16:22.454518", "frame": 48, "mu": [0.9796985173758161, 4.437422707932948, 1.0465362189389478], "Sigma": [[0.014138790200618638, -0.004924228818637587, -0.007732859677566409], [-0.004924228818637587, 0.0031138031917136246, 0.0017082028685849846], [-0.007732859677566408, 0.0017082028685849848, 0.00666602154727832]], "chi2_level": 0.99, "chi2_df": 3, "chi2_threshold": 11.344866730144373, "N_raw": 23, "N_roi": 22, "N_inlier": 21, "refit": true}
{"timestamp": "16:16:22.509711", "frame": 49, "mu": [0.8969485356120035, 4.416400278478457, 1.0386768771048631], "Sigma": [[0.012407714424490913, -0.005893225544533103, -0.00887377044196305], [-0.005893225544533103, 0.00611198672802812, 0.006600714340944748], [-0.008873770441963049, 0.006600714340944748, 0.010364745279032075]], "chi2_level": 0.99, "chi2_df": 3, "chi2_threshold": 11.344866730144373, "N_raw": 18, "N_roi": 18, "N_inlier": 16, "refit": true}
{"timestamp": "16:16:22.563055", "frame": 50, "mu": [0.7184121870498026, 4.081138080275794, 0.8027401337749716], "Sigma": [[0.03756254450046059, 0.2468705414318826, -0.07697487119803284], [0.2468705414318826, 1.7144201896833573, -0.4124411655368221], [-0.07697487119803284, -0.4124411655368221, 0.7176188647860321]], "chi2_level": 0.99, "chi2_df": 3, "chi2_threshold": 11.344866730144373, "N_raw": 8, "N_roi": 7, "N_inlier": 7, "refit": true}
{"timestamp": "16:16:22.618566", "frame": 51, "mu": [0.705831525306266, 4.44145066610193, 1.2308633363398973], "Sigma": [[0.007088344619851551, -0.0038062668522250626, -0.006840353509404289], [-0.003806266852225063, 0.004990664633847911, 0.007334505383333505], [-0.00684035350940429, 0.007334505383333504, 0.01222492656909058]], "chi2_level": 0.99, "chi2_df": 3, "chi2_threshold": 11.344866730144373, "N_raw": 11, "N_roi": 11, "N_inlier": 10, "refit": true}
{"timestamp": "16:16:22.675609", "frame": 52, "mu": [0.7187229250422728, 4.343404151470467, 0.9456791788646864], "Sigma": [[0.014205540586879463, -0.0034017064519107944, -0.004278744155213475], [-0.0034017064519107944, 0.00223991800833883, 0.0006545958122943018], [-0.004278744155213475, 0.0006545958122943017, 0.0026745132202693643]], "chi2_level": 0.99, "chi2_df": 3, "chi2_threshold": 11.344866730144373, "N_raw": 21, "N_roi": 21, "N_inlier": 20, "refit": true}
{"timestamp": "16:16:23.060204", "frame": 59, "mu": [0.1921756772588948, 4.63051692114493, 1.4523800254519015], "Sigma": [[0.013156594500537924, -0.002397496069736114, -0.013299723120840051], [-0.002397496069736114, 0.005063887258668785, 0.006559834336834424], [-0.013299723120840051, 0.006559834336834424, 0.01973523412632016]], "chi2_level": 0.99, "chi2_df": 3, "chi2_threshold": 11.344866730144373, "N_raw": 26, "N_roi": 26, "N_inlier": 26, "refit": true}
{"timestamp": "16:16:23.169153", "frame": 61, "mu": [0.18637839117277577, 4.523320939936955, 1.216502566618051], "Sigma": [[0.005369352759444219, -0.0008111570734562001, -0.0027401835479893446], [-0.0008111570734562, 0.0024974227056775477, -0.0016172463674662416], [-0.0027401835479893446, -0.0016172463674662416, 0.006551841602597658]], "chi2_level": 0.99, "chi2_df": 3, "chi2_threshold": 11.344866730144373, "N_raw": 14, "N_roi": 13, "N_inlier": 13, "refit": true}
{"timestamp": "16:16:23.279208", "frame": 63, "mu": [0.06682365648742106, 4.624643009113143, 1.2348853577476384], "Sigma": [[0.004304080788515443, -0.0009362003761262485, 0.0011404171333884547], [-0.0009362003761262485, 0.0014154501242197807, -0.0013465122624925082], [0.0011404171333884547, -0.0013465122624925082, 0.011068397323824327]], "chi2_level": 0.99, "chi2_df": 3, "chi2_threshold": 11.344866730144373, "N_raw": 12, "N_roi": 8, "N_inlier": 8, "refit": true}
{"timestamp": "16:16:23.391769", "frame": 65, "mu": [-0.11648102728989902, 4.607896642729979, 0.5340779997937096], "Sigma": [[0.01570456433083399, 0.0007907256743270166, -0.007799200594025875], [0.0007907256743270167, 0.0023777078447386885, -0.0002898811072703237], [-0.007799200594025875, -0.00028988110727032383, 0.0055271163823336165]], "chi2_level": 0.99, "chi2_df": 3, "chi2_threshold": 11.344866730144373, "N_raw": 27, "N_roi": 23, "N_inlier": 23, "refit": true}
{"timestamp": "16:16:23.446999", "frame": 66, "mu": [-0.05395468746748694, 4.509290408877504, 1.1648507903974838], "Sigma": [[0.01943174190193183, -0.0024843421762887315, -0.008797275904398182], [-0.002484342176288732, 0.0029028040540160925, 0.0017534416106018311], [-0.00879727590439818, 0.001753441610601831, 0.005367191226430322]], "chi2_level": 0.99, "chi2_df": 3, "chi2_threshold": 11.344866730144373, "N_raw": 30, "N_roi": 26, "N_inlier": 25, "refit": true}
{"timestamp": "16:16:23.500773", "frame": 67, "mu": [-0.15914152082781943, 4.5925344774371935, 1.3236717349868101], "Sigma": [[0.015905257113583125, -0.0006265141686542482, -0.008090432107742091], [-0.0006265141686542483, 0.0018351344418214117, 0.0005958867223381755], [-0.008090432107742091, 0.0005958867223381757, 0.005644069188598069]], "chi2_level": 0.99, "chi2_df": 3, "chi2_threshold": 11.344866730144373, "N_raw": 26, "N_roi": 23, "N_inlier": 22, "refit": true}
{"timestamp": "16:16:23.557176", "frame": 68, "mu": [-0.2086146217512222, 4.531005289599697, 1.1555260379940517], "Sigma": [[0.010248609162875533, -0.0004986336104107337, -0.004487704448444686], [-0.0004986336104107337, 0.004656057339768032, 0.002810791502170778], [-0.004487704448444686, 0.002810791502170778, 0.00496816713615436]], "chi2_level": 0.99, "chi2_df": 3, "chi2_threshold": 11.344866730144373, "N_raw": 29, "N_roi": 26, "N_inlier": 26, "refit": true}
{"timestamp": "16:16:23.609865", "frame": 69, "mu": [-0.2980089403679613, 4.637014298603715, 0.2648016972048617], "Sigma": [[0.012705567454446825, -0.0015413425687344105, -0.005520164862553626], [-0.0015413425687344105, 0.003516044846758835, -4.303257982944672e-05], [-0.005520164862553626, -4.303257982944672e-05, 0.005235923507008592]], "chi2_level": 0.99, "chi2_df": 3, "chi2_threshold": 11.344866730144373, "N_raw": 13, "N_roi": 13, "N_inlier": 13, "refit": true}
{"timestamp": "16:16:23.666830", "frame": 70, "mu": [-0.35251608239611054, 4.5380515747335854, 1.2614617914340627], "Sigma": [[0.025879237961520172, -0.0013357095920520042, -0.010225198825608739], [-0.0013357095920520045, 0.004165329786603822, 0.0032493279512116465], [-0.010225198825608739, 0.0032493279512116465, 0.007114197552461584]], "chi2_level": 0.99, "chi2_df": 3, "chi2_threshold": 11.344866730144373, "N_raw": 38, "N_roi": 38, "N_inlier": 36, "refit": true}
{"timestamp": "16:16:23.726839", "frame": 71, "mu": [-0.4326443700774959, 4.481061808000105, 1.11844763818956], "Sigma": [[0.035605304249294006, -0.0021938861003483485, -0.014656266455251844], [-0.002193886100348348, 0.006409830132051158, 0.0007703063736602702], [-0.014656266455251848, 0.0007703063736602703, 0.007702191375757803]], "chi2_level": 0.99, "chi2_df": 3, "chi2_threshold": 11.344866730144373, "N_raw": 62, "N_roi": 61, "N_inlier": 59, "refit": true}
{"timestamp": "16:16:23.944336", "frame": 75, "mu": [-0.6507936033013819, 4.443151468906024, 1.140269223101239], "Sigma": [[0.029089616730753356, 0.0013370923040090569, -0.009512004639060215], [0.0013370923040090569, 0.004429087612341732, -0.0033541989251579768], [-0.009512004639060215, -0.0033541989251579768, 0.006766011082497777]], "chi2_level": 0.99, "chi2_df": 3, "chi2_threshold": 11.344866730144373, "N_raw": 51, "N_roi": 48, "N_inlier": 48, "refit": true}
{"timestamp": "16:16:24.002218", "frame": 76, "mu": [-0.704802449625978, 4.4602929516506045, 1.0815793616514282], "Sigma": [[0.037120253675531414, 0.001170265777800692, -0.014990935021715494], [0.0011702657778006925, 0.006867292917749839, -0.00296124530830812], [-0.014990935021715498, -0.00296124530830812, 0.009551942538159794]], "chi2_level": 0.99, "chi2_df": 3, "chi2_threshold": 11.344866730144373, "N_raw": 72, "N_roi": 67, "N_inlier": 66, "refit": true}
{"timestamp": "16:16:24.052829", "frame": 77, "mu": [-0.8186512872655253, 4.46268033868811, 0.23956249298327056], "Sigma": [[0.015481919407463286, 0.0006107367515567008, -0.001227812459691056], [0.0006107367515567007, 0.0029879323009372044, -0.004473379388435117], [-0.0012278124596910554, -0.004473379388435117, 0.007718778906111347]], "chi2_level": 0.99, "chi2_df": 3, "chi2_threshold": 11.344866730144373, "N_raw": 33, "N_roi": 27, "N_inlier": 26, "refit": true}
{"timestamp": "16:16:24.108590", "frame": 78, "mu": [-0.8103195005568894, 4.470556100294738, 1.1521556628900282], "Sigma": [[0.02788163111876671, 0.0001359717773849609, -0.018692383823777678], [0.0001359717773849608, 0.0028703358450164495, -0.002506245283821042], [-0.018692383823777678, -0.002506245283821042, 0.016839937626001632]], "chi2_level": 0.99, "chi2_df": 3, "chi2_threshold": 11.344866730144373, "N_raw": 44, "N_roi": 40, "N_inlier": 40, "refit": true}
{"timestamp": "16:16:24.164590", "frame": 79, "mu": [-0.9350615281872545, 4.501953163303079, 1.1890920135782692], "Sigma": [[0.021960946360619245, -4.4900761056191924e-05, -0.017955211237966076], [-4.490076105619179e-05, 0.0032357846455087005, 0.0005914800758066261], [-0.017955211237966076, 0.0005914800758066265, 0.016734281259159718]], "chi2_level": 0.99, "chi2_df": 3, "chi2_threshold": 11.344866730144373, "N_raw": 49, "N_roi": 35, "N_inlier": 34, "refit": true}
{"timestamp": "16:16:24.218166", "frame": 80, "mu": [-0.9280421499292294, 4.489923079516154, 1.027731842625121], "Sigma": [[0.022232008480310782, 0.0006632566049282807, -0.011304282331944924], [0.0006632566049282805, 0.002528887571725264, -0.0008203639339158085], [-0.011304282331944924, -0.0008203639339158086, 0.007888191949576212]], "chi2_level": 0.99, "chi2_df": 3, "chi2_threshold": 11.344866730144373, "N_raw": 45, "N_roi": 31, "N_inlier": 30, "refit": true}
{"timestamp": "16:16:24.273790", "frame": 81, "mu": [-0.9891546359255703, 4.420356566942621, 1.1346470182094717], "Sigma": [[0.021738891726466758, 0.002519947920081791, -0.01343789526272825], [0.0025199479200817905, 0.0023168213265007203, -0.004688148569346134], [-0.01343789526272825, -0.004688148569346134, 0.015218404460168632]], "chi2_level": 0.99, "chi2_df": 3, "chi2_threshold": 11.344866730144373, "N_raw": 43, "N_roi": 37, "N_inlier": 37, "refit": true}
{"timestamp": "16:16:24.325232", "frame": 82, "mu": [-1.061361959639703, 4.485587517916542, 1.0502611466746288], "Sigma": [[0.01737825585756725, 0.0017767806861406306, -0.010662035334589568], [0.0017767806861406306, 0.0021313041461797173, -0.0007746888489154043], [-0.010662035334589568, -0.0007746888489154043, 0.007882066862422698]], "chi2_level": 0.99, "chi2_df": 3, "chi2_threshold": 11.344866730144373, "N_raw": 26, "N_roi": 24, "N_inlier": 23, "refit": true}
{"timestamp": "16:16:24.382366", "frame": 83, "mu": [-1.0953708730778415, 4.410074957004255, 0.906436250662251], "Sigma": [[0.01972253018266441, 0.003819863993234466, -0.011791377737640038], [0.003819863993234466, 0.001898477219692063, -0.00479599711876476], [-0.011791377737640038, -0.00479599711876476, 0.0162311249390652]], "chi2_level": 0.99, "chi2_df": 3, "chi2_threshold": 11.344866730144373, "N_raw": 35, "N_roi": 33, "N_inlier": 32, "refit": true}
{"timestamp": "16:16:24.436270", "frame": 84, "mu": [-1.1689189627432204, 4.567967683247525, 0.14074750121458846], "Sigma": [[0.016353680560470124, 0.005836930875663352, -0.010987542470963917], [0.0058369308756633514, 0.006850030420535189, -0.012387227405532412], [-0.010987542470963915, -0.012387227405532412, 0.03008888099553874]], "chi2_level": 0.99, "chi2_df": 3, "chi2_threshold": 11.344866730144373, "N_raw": 30, "N_roi": 27, "N_inlier": 26, "refit": true}
{"timestamp": "16:16:24.488348", "frame": 85, "mu": [-1.2377591047649472, 4.475522602366626, 0.8383546738141522], "Sigma": [[0.005727430521249899, -0.003474641122435545, -0.014376361192180317], [-0.003474641122435545, 0.004041914865111247, -0.005793300782115371], [-0.014376361192180317, -0.00579330078211537, 0.17786360343537955]], "chi2_level": 0.99, "chi2_df": 3, "chi2_threshold": 11.344866730144373, "N_raw": 7, "N_roi": 7, "N_inlier": 7, "refit": true}
{"timestamp": "16:16:24.818095", "frame": 91, "mu": [-1.4665065051094364, 4.335109533312126, 0.9819864230613378], "Sigma": [[0.008479534134796582, -0.0015428397740596422, -0.005041516765532078], [-0.001542839774059642, 0.0015467338822574472, 0.000977729347027911], [-0.005041516765532078, 0.000977729347027911, 0.003782800640583901]], "chi2_level": 0.99, "chi2_df": 3, "chi2_threshold": 11.344866730144373, "N_raw": 10, "N_roi": 8, "N_inlier": 8, "refit": true}
{"timestamp": "16:16:24.984248", "frame": 94, "mu": [-1.6413751085422423, 4.5651642595393085, 0.21563500440451805], "Sigma": [[0.013490034302065666, 0.002402818420881342, -0.007850033227834396], [0.002402818420881342, 0.0016224372232049391, -0.0015576129608212647], [-0.007850033227834396, -0.0015576129608212645, 0.006029707783694342]], "chi2_level": 0.99, "chi2_df": 3, "chi2_threshold": 11.344866730144373, "N_raw": 17, "N_roi": 14, "N_inlier": 14, "refit": true}
{"timestamp": "16:16:25.040995", "frame": 95, "mu": [-1.8360771888858527, 4.3439144245309835, 1.0971313257529653], "Sigma": [[0.020421514700112716, 0.009694874254416348, -0.026363878142564474], [0.009694874254416348, 0.010705689532539439, -0.027037522553184208], [-0.026363878142564474, -0.027037522553184208, 0.08337845639494573]], "chi2_level": 0.99, "chi2_df": 3, "chi2_threshold": 11.344866730144373, "N_raw": 29, "N_roi": 28, "N_inlier": 27, "refit": true}
{"timestamp": "16:16:25.097544", "frame": 96, "mu": [-1.8590368303357865, 4.390373844127286, -0.19146271835984283], "Sigma": [[0.02611739899989743, 0.014893676245875086, 0.05370101373888635], [0.014893676245875086, 0.013826645520985203, 0.046098332015599444], [0.05370101373888635, 0.046098332015599444, 0.22193176511933138]], "chi2_level": 0.99, "chi2_df": 3, "chi2_threshold": 11.344866730144373, "N_raw": 38, "N_roi": 36, "N_inlier": 36, "refit": true}
{"timestamp": "16:16:25.150437", "frame": 97, "mu": [-1.9137740888510812, 4.347633908566657, 1.1257225030614926], "Sigma": [[0.0195153883587151, 0.004699131263678856, -0.015507951202412823], [0.004699131263678856, 0.002893708118564828, -0.00445283068485728], [-0.015507951202412823, -0.00445283068485728, 0.014755176537135477]], "chi2_level": 0.99, "chi2_df": 3, "chi2_threshold": 11.344866730144373, "N_raw": 26, "N_roi": 22, "N_inlier": 22, "refit": true}
{"timestamp": "16:16:25.259220", "frame": 99, "mu": [-2.095941670263219, 4.21697601715463, 1.3453013674877328], "Sigma": [[0.005339300090693111, 0.002032492362454016, -0.004499010240787467], [0.0020324923624540163, 0.004239229329001653, -0.0004804460250091607], [-0.004499010240787467, -0.0004804460250091607, 0.005584979104452042]], "chi2_level": 0.99, "chi2_df": 3, "chi2_threshold": 11.344866730144373, "N_raw": 12, "N_roi": 10, "N_inlier": 9, "refit": true}
{"timestamp": "16:16:25.567409", "frame": 104, "mu": [-2.4167424407862366, 4.22864916733028, 1.211220180259052], "Sigma": [[0.0031000548029729838, 0.0029423424924158994, -0.0034584467064155237], [0.0029423424924158994, 0.005703659429112539, -0.006913363956758428], [-0.0034584467064155237, -0.006913363956758429, 0.010941349721198168]], "chi2_level": 0.99, "chi2_df": 3, "chi2_threshold": 11.344866730144373, "N_raw": 14, "N_roi": 10, "N_inlier": 9, "refit": true}
{"timestamp": "16:16:25.643161", "frame": 106, "mu": [-2.2176847410192786, 3.9614266515630026, 1.2204376266816395], "Sigma": [[0.48721860930280686, -0.7965116251698939, 0.18929350219183905], [-0.7965116251698939, 1.3220983964232347, -0.3186828836033035], [0.18929350219183902, -0.3186828836033035, 0.08438914368626019]], "chi2_level": 0.99, "chi2_df": 3, "chi2_threshold": 11.344866730144373, "N_raw": 7, "N_roi": 7, "N_inlier": 7, "refit": true}
