{"timestamp": "16:37:15.727986", "frame": 19, "mu": [-2.299431788273772, 4.932275155788607, 0.6461407028229311], "Sigma": [[0.017418831005290687, 0.0031096554115460947, -0.012814903443283891], [0.0031096554115460947, 0.0016198080471979794, -0.0048818175326400025], [-0.012814903443283891, -0.0048818175326400025, 0.024288797666658986]], "chi2_level": 0.99, "chi2_df": 3, "chi2_threshold": 11.344866730144373, "N_raw": 43, "N_roi": 25, "N_inlier": 24, "refit": true}
{"timestamp": "16:37:15.892339", "frame": 22, "mu": [-2.3987797146192755, 4.947595091925481, 0.14134024479429652], "Sigma": [[0.0044044901407572345, 0.0010879313866995364, -0.0007413602542070587], [0.0010879313866995364, 0.0014584343988085094, -0.0008952646545861023], [-0.0007413602542070587, -0.0008952646545861022, 0.0007181525845935552]], "chi2_level": 0.99, "chi2_df": 3, "chi2_threshold": 11.344866730144373, "N_raw": 24, "N_roi": 7, "N_inlier": 7, "refit": true}
{"timestamp": "16:37:16.168411", "frame": 27, "mu": [-2.306258927151123, 4.688052641469264, 0.2681023748765893], "Sigma": [[0.010528719811926221, 0.006970325982209341, -0.0066291548839604135], [0.006970325982209341, 0.011780597105587291, -0.016534939058419046], [-0.006629154883960414, -0.016534939058419046, 0.026710207843443433]], "chi2_level": 0.99, "chi2_df": 3, "chi2_threshold": 11.344866730144373, "N_raw": 26, "N_roi": 18, "N_inlier": 18, "refit": true}
{"timestamp": "16:37:16.220996", "frame": 28, "mu": [-2.286329874461723, 4.587436390176876, 0.9087331584473533], "Sigma": [[0.004343209116120271, 0.003824787948929725, -0.012674509687222772], [0.003824787948929725, 0.005390231178484527, -0.019128659433873717], [-0.012674509687222772, -0.019128659433873717, 0.07892706048811737]], "chi2_level": 0.99, "chi2_df": 3, "chi2_threshold": 11.344866730144373, "N_raw": 11, "N_roi": 8, "N_inlier": 8, "refit": true}
{"timestamp": "16:37:16.276485", "frame": 29, "mu": [-2.3178059072322066, 4.503305659842968, 0.9308660091082939], "Sigma": [[0.012250740640115899, 0.003177349689300778, -0.010061679437786757], [0.003177349689300778, 0.0020355648299458765, -0.007764818063334421], [-0.010061679437786757, -0.007764818063334421, 0.04645690965208767]], "chi2_level": 0.99, "chi2_df": 3, "chi2_threshold": 11.344866730144373, "N_raw": 26, "N_roi": 24, "N_inlier": 24, "refit": true}
{"timestamp": "16:37:16.336349", "frame": 30, "mu": [-2.2087142619978404, 4.7062252868557595, -0.08590176434836277], "Sigma": [[0.024626692046402093, 0.007949186451226574, -7.879106216429209e-05], [0.007949186451226574, 0.007722215604905793, -0.007774392471416393], [-7.879106216429144e-05, -0.007774392471416393, 0.014358392810769546]], "chi2_level": 0.99, "chi2_df": 3, "chi2_threshold": 11.344866730144373, "N_raw": 50, "N_roi": 42, "N_inlier": 40, "refit": true}
{"timestamp": "16:37:16.390477", "frame": 31, "mu": [-2.303652922799743, 4.4440514636410064, 0.8848228570238583], "Sigma": [[0.015913112151854644, 0.0060972223453709794, -0.0023765899925861297], [0.0060972223453709794, 0.0036078188450260626, -0.006096715231700665], [-0.0023765899925861297, -0.006096715231700665, 0.03641815921433396]], "chi2_level": 0.99, "chi2_df": 3, "chi2_threshold": 11.344866730144373, "N_raw": 44, "N_roi": 30, "N_inlier": 30, "refit": true}
{"timestamp": "16:37:16.445527", "frame": 32, "mu": [-2.2509008785841753, 4.422973606321794, 1.0625870587944335], "Sigma": [[0.02084766786671816, 0.007800422045123264, -0.01400885353907657], [0.007800422045123264, 0.006105759814179326, -0.00692761090373478], [-0.01400885353907657, -0.00692761090373478, 0.011941086548756174]], "chi2_level": 0.99, "chi2_df": 3, "chi2_threshold": 11.344866730144373, "N_raw": 44, "N_roi": 32, "N_inlier": 31, "refit": true}
{"timestamp": "16:37:16.499621", "frame": 33, "mu": [-2.3366611975675164, 4.349721084347507, 0.6986534140682026], "Sigma": [[0.011058070293662955, 0.0039640315135383245, -0.004045981120333949], [0.0039640315135383245, 0.0025907298377896505, -0.004476805075749494], [-0.004045981120333949, -0.004476805075749495, 0.014639110107169196]], "chi2_level": 0.99, "chi2_df": 3, "chi2_threshold": 11.344866730144373, "N_raw": 38, "N_roi": 21, "N_inlier": 20, "refit": true}
{"timestamp": "16:37:16.556627", "frame": 34, "mu": [-2.314106578216507, 4.502572447396276, -0.19896650923094095], "Sigma": [[0.014347739587067266, 0.007379974799367042, -0.008906287717115607], [0.0073799747993670405, 0.010529921855098757, -0.028679097979505568], [-0.008906287717115605, -0.028679097979505568, 0.1005377318764334]], "chi2_level": 0.99, "chi2_df": 3, "chi2_threshold": 11.344866730144373, "N_raw": 54, "N_roi": 36, "N_inlier": 35, "refit": true}
{"timestamp": "16:37:16.610297", "frame": 35, "mu": [-2.338397484445989, 4.239056686809727, 0.7270971760440099], "Sigma": [[0.01160987474466126, 0.004426128987145613, -0.0058186536354996165], [0.004426128987145612, 0.0023479465605222723, -0.0037794675537609593], [-0.005818653635499618, -0.003779467553760958, 0.09358293999922439]], "chi2_level": 0.99, "chi2_df": 3, "chi2_threshold": 11.344866730144373, "N_raw": 44, "N_roi": 32, "N_inlier": 31, "refit": true}
{"timestamp": "16:37:16.663555", "frame": 36, "mu": [-2.2717116572990292, 4.219477740951482, 0.8104112242573029], "Sigma": [[0.0202853015232988, 0.00733845958680523, -0.0037920578454936505], [0.00733845958680523, 0.003448399569064636, -0.0039915222347420174], [-0.0037920578454936496, -0.003991522234742018, 0.048379430223051835]], "chi2_level": 0.99, "chi2_df": 3, "chi2_threshold": 11.344866730144373, "N_raw": 38, "N_roi": 36, "N_inlier": 36, "refit": true}
{"timestamp": "16:37:16.721090", "frame": 37, "mu": [-2.27315833438358, 4.171286033788134, 0.6467982768732338], "Sigma": [[0.02195258767397338, 0.007500570924021768, -0.0002879297206801526], [0.007500570924021768, 0.003743417162505093, -0.004114598236119274], [-0.00028792972068015306, -0.004114598236119274, 0.02697231586325087]], "chi2_level": 0.99, "chi2_df": 3, "chi2_threshold": 11.344866730144373, "N_raw": 50, "N_roi": 38, "N_inlier": 37, "refit": true}
{"timestamp": "16:37:16.777220", "frame": 38, "mu": [-2.243340594578066, 4.124659709918397, 0.6846401602360656], "Sigma": [[0.023133706757774306, 0.007385545882854458, -0.007474885808517547], [0.007385545882854458, 0.0035368594223307267, -0.006707490307988919], [-0.007474885808517547, -0.00670749030798892, 0.028234446746898338]], "chi2_level": 0.99, "chi2_df": 3, "chi2_threshold": 11.344866730144373, "N_raw": 44, "N_roi": 40, "N_inlier": 40, "refit": true}
{"timestamp": "16:37:16.826999", "frame": 39, "mu": [-2.3113553200389445, 4.089404876848381, 0.8731236905465746], "Sigma": [[0.01420362774621958, 0.004226337102976613, -0.006534651326959502], [0.004226337102976613, 0.001953382112661468, -0.003775330888463931], [-0.006534651326959502, -0.003775330888463931, 0.011658767958081054]], "chi2_level": 0.99, "chi2_df": 3, "chi2_threshold": 11.344866730144373, "N_raw": 23, "N_roi": 19, "N_inlier": 18, "refit": true}
{"timestamp": "16:37:16.883787", "frame": 40, "mu": [-2.2674313767123206, 4.060823594116009, 0.8237622924664022], "Sigma": [[0.018408936968670898, 0.0037196774104963095, -0.014022584472581374], [0.0037196774104963095, 0.00308129879144438, -0.005781886595334193], [-0.014022584472581374, -0.005781886595334193, 0.016816940605218076]], "chi2_level": 0.99, "chi2_df": 3, "chi2_threshold": 11.344866730144373, "N_raw": 38, "N_roi": 30, "N_inlier": 30, "refit": true}
{"timestamp": "16:37:16.940721", "frame": 41, "mu": [-2.2938531133456266, 3.9893329712525576, 0.7821438263165126], "Sigma": [[0.015709255999192918, 0.004331713217722575, -0.007942137520511238], [0.004331713217722576, 0.003352416646391584, -0.0076211296434231315], [-0.007942137520511238, -0.007621129643423132, 0.02317400622840742]], "chi2_level": 0.99, "chi2_df": 3, "chi2_threshold": 11.344866730144373, "N_raw": 47, "N_roi": 36, "N_inlier": 35, "refit": true}
{"timestamp": "16:37:16.994255", "frame": 42, "mu": [-2.313142969745091, 3.926850491053288, 0.861782624932533], "Sigma": [[0.01321679497164148, 0.0029432009450336078, -0.0127340412687166], [0.0029432009450336078, 0.00280254026836416, -0.00937352576630907], [-0.012734041268716603, -0.009373525766309069, 0.03934134335611346]], "chi2_level": 0.99, "chi2_df": 3, "chi2_threshold": 11.344866730144373, "N_raw": 39, "N_roi": 33, "N_inlier": 33, "refit": true}
{"timestamp": "16:37:17.046936", "frame": 43, "mu": [-2.2846965928716125, 3.900692768933132, 0.9264222402654814], "Sigma": [[0.017148563055814286, 0.004302199362140737, -0.013985959046853312], [0.004302199362140736, 0.0026786179738479536, -0.005743865367212463], [-0.013985959046853312, -0.005743865367212463, 0.016946020313881614]], "chi2_level": 0.99, "chi2_df": 3, "chi2_threshold": 11.344866730144373, "N_raw": 25, "N_roi": 22, "N_inlier": 22, "refit": true}
{"timestamp": "16:37:17.101090", "frame": 44, "mu": [-2.296666576626118, 3.803026519290759, 0.7557396410033519], "Sigma": [[0.009629527367949515, 0.003670544514716569, -0.012587984596723015], [0.0036705445147165684, 0.0039254301810858335, -0.0071921019221930504], [-0.012587984596723015, -0.0071921019221930504, 0.020927901955049205]], "chi2_level": 0.99, "chi2_df": 3, "chi2_threshold": 11.344866730144373, "N_raw": 23, "N_roi": 23, "N_inlier": 23, "refit": true}
{"timestamp": "16:37:17.210712", "frame": 46, "mu": [-2.2875834476244945, 3.732248812333549, 0.7817847394191842], "Sigma": [[0.008819484928393831, 0.0023841191682707624, -0.017271055283142833], [0.002384119168270763, 0.000977152887431782, -0.0059358827790721835], [-0.017271055283142836, -0.0059358827790721835, 0.0685889920269394]], "chi2_level": 0.99, "chi2_df": 3, "chi2_threshold": 11.344866730144373, "N_raw": 13, "N_roi": 13, "N_inlier": 12, "refit": true}
{"timestamp": "16:37:17.376881", "frame": 49, "mu": [-2.3314361683013387, 3.5825535289676345, 1.0046392434916986], "Sigma": [[0.012087336562931521, 0.0037810919528543617, -0.0051188550527436795], [0.0037810919528543617, 0.002628710863807371, -0.0026695036628439713], [-0.0051188550527436795, -0.0026695036628439713, 0.00481417319120694]], "chi2_level": 0.99, "chi2_df": 3, "chi2_threshold": 11.344866730144373, "N_raw": 21, "N_roi": 18, "N_inlier": 18, "refit": true}
{"timestamp": "16:37:17.484703", "frame": 51, "mu": [-2.2897887308315106, 3.4679740609267986, 1.0160833331083103], "Sigma": [[0.003587986164888557, 0.00016619255923010505, -0.0018091011633673594], [0.00016619255923010502, 0.0033828607635202975, -0.010663346927175176], [-0.0018091011633673587, -0.010663346927175176, 0.04067775097180554]], "chi2_level": 0.99, "chi2_df": 3, "chi2_threshold": 11.344866730144373, "N_raw": 8, "N_roi": 7, "N_inlier": 7, "refit": true}
{"timestamp": "16:37:17.544819", "frame": 52, "mu": [-2.25420139257921, 3.4524357906775793, 0.9609418423819277], "Sigma": [[0.016982657009144402, 0.0047075469515243185, -0.017146828959949217], [0.0047075469515243185, 0.00308368949518465, -0.01116915337378645], [-0.017146828959949217, -0.01116915337378645, 0.049658807344711786]], "chi2_level": 0.99, "chi2_df": 3, "chi2_threshold": 11.344866730144373, "N_raw": 43, "N_roi": 43, "N_inlier": 43, "refit": true}
{"timestamp": "16:37:17.600596", "frame": 53, "mu": [-2.14252262052038, 3.407519639646757, 0.8406520142214593], "Sigma": [[0.021894709905980168, 0.005336884927845602, -0.004527930962281774], [0.005336884927845602, 0.0016343698404400594, -0.0016417525540765275], [-0.004527930962281773, -0.0016417525540765275, 0.018118808184313367]], "chi2_level": 0.99, "chi2_df": 3, "chi2_threshold": 11.344866730144373, "N_raw": 15, "N_roi": 15, "N_inlier": 14, "refit": true}
{"timestamp": "16:37:17.656878", "frame": 54, "mu": [-2.226317562698516, 3.315433010790885, 1.0099466316687153], "Sigma": [[0.029722787831315628, 0.002037733696462109, -0.02406291011241515], [0.0020377336964621092, 0.002617619074981286, -0.00497747583848236], [-0.02406291011241515, -0.00497747583848236, 0.03680875289448413]], "chi2_level": 0.99, "chi2_df": 3, "chi2_threshold": 11.344866730144373, "N_raw": 56, "N_roi": 47, "N_inlier": 46, "refit": true}
{"timestamp": "16:37:17.710963", "frame": 55, "mu": [-2.3009579394615867, 3.2500541293595147, 0.8105409731107724], "Sigma": [[0.014468554073152506, 0.0056856398684920675, -0.0004007964613903293], [0.0056856398684920675, 0.003790038446261193, -0.0037009131054429726], [-0.0004007964613903297, -0.0037009131054429726, 0.012147668955817807]], "chi2_level": 0.99, "chi2_df": 3, "chi2_threshold": 11.344866730144373, "N_raw": 31, "N_roi": 30, "N_inlier": 30, "refit": true}
{"timestamp": "16:37:17.767107", "frame": 56, "mu": [-2.315156584421405, 3.190284811436779, 0.9282103958470724], "Sigma": [[0.01247439140226325, 0.004094224609810676, -0.0011769763382911093], [0.004094224609810676, 0.003533847428644057, -0.00801256231555044], [-0.0011769763382911088, -0.00801256231555044, 0.038733533047278404]], "chi2_level": 0.99, "chi2_df": 3, "chi2_threshold": 11.344866730144373, "N_raw": 55, "N_roi": 43, "N_inlier": 43, "refit": true}
{"timestamp": "16:37:17.818440", "frame": 57, "mu": [-2.253309113996333, 3.1928875119205182, 1.0268257768262832], "Sigma": [[0.01292388721015457, 0.00534770735666233, -0.00775186507715849], [0.005347707356662329, 0.004734833051967619, -0.005084233461011057], [-0.00775186507715849, -0.005084233461011057, 0.007612374897924303]], "chi2_level": 0.99, "chi2_df": 3, "chi2_threshold": 11.344866730144373, "N_raw": 31, "N_roi": 29, "N_inlier": 27, "refit": true}
{"timestamp": "16:37:17.870694", "frame": 58, "mu": [-2.242893511044039, 3.0769364235064294, 0.8893501659237383], "Sigma": [[0.010115935309744292, 0.0014928100644288464, 0.0022921118479445864], [0.0014928100644288464, 0.001705264899806222, -0.0005127141887610434], [0.0022921118479445864, -0.0005127141887610435, 0.01286315362589622]], "chi2_level": 0.99, "chi2_df": 3, "chi2_threshold": 11.344866730144373, "N_raw": 18, "N_roi": 18, "N_inlier": 17, "refit": true}
{"timestamp": "16:37:17.931324", "frame": 59, "mu": [-2.210776258951147, 3.1004048377241387, 1.0010809197376087], "Sigma": [[0.0225214727823863, 0.008953791368374415, -0.009115190544017599], [0.008953791368374415, 0.006999746953802416, -0.00832606771234648], [-0.009115190544017597, -0.00832606771234648, 0.013122078945951831]], "chi2_level": 0.99, "chi2_df": 3, "chi2_threshold": 11.344866730144373, "N_raw": 54, "N_roi": 51, "N_inlier": 50, "refit": true}
{"timestamp": "16:37:17.988300", "frame": 60, "mu": [-2.23216249896625, 3.025840001272262, 0.955159528526603], "Sigma": [[0.021949521689237764, 0.009759736878217656, -0.0037009510869411067], [0.009759736878217656, 0.007420950573982965, -0.009105366802548455], [-0.0037009510869411067, -0.009105366802548455, 0.029152367085122956]], "chi2_level": 0.99, "chi2_df": 3, "chi2_threshold": 11.344866730144373, "N_raw": 67, "N_roi": 62, "N_inlier": 62, "refit": true}
{"timestamp": "16:37:18.035546", "frame": 61, "mu": [-2.1906241344400863, 2.9524608482231924, 0.9631273999751875], "Sigma": [[0.012386574685414842, 0.002958639560445176, 0.004843548031015211], [0.002958639560445176, 0.0012884987370663317, -1.4446537211168254e-06], [0.004843548031015211, -1.4446537211168254e-06, 0.009589179987634294]], "chi2_level": 0.99, "chi2_df": 3, "chi2_threshold": 11.344866730144373, "N_raw": 11, "N_roi": 11, "N_inlier": 11, "refit": true}
{"timestamp": "16:37:18.093986", "frame": 62, "mu": [-2.2640515954357223, 2.8938288699608057, 0.9689618689867593], "Sigma": [[0.011786964812104108, 0.0033594962355908402, -0.005560045374096443], [0.0033594962355908402, 0.0032454798585103872, -0.006775280316027623], [-0.005560045374096443, -0.006775280316027622, 0.022976007655404494]], "chi2_level": 0.99, "chi2_df": 3, "chi2_threshold": 11.344866730144373, "N_raw": 38, "N_roi": 38, "N_inlier": 38, "refit": true}
{"timestamp": "16:37:18.149491", "frame": 63, "mu": [-2.289757550900264, 2.826652598956185, 0.9114927837515078], "Sigma": [[0.01362643684046515, 0.006423946510186719, -0.005084012139742399], [0.006423946510186721, 0.006256675787681923, -0.006446722242849635], [-0.005084012139742399, -0.006446722242849635, 0.009214156688424078]], "chi2_level": 0.99, "chi2_df": 3, "chi2_threshold": 11.344866730144373, "N_raw": 44, "N_roi": 38, "N_inlier": 37, "refit": true}
{"timestamp": "16:37:18.202531", "frame": 64, "mu": [-2.2864424227253357, 2.810641265584666, 1.2557949261746946], "Sigma": [[0.012715184402927706, 0.006414770842520141, -0.009270113600095397], [0.0064147708425201415, 0.005157569107398179, -0.006356551782652286], [-0.009270113600095397, -0.006356551782652286, 0.01150565578620009]], "chi2_level": 0.99, "chi2_df": 3, "chi2_threshold": 11.344866730144373, "N_raw": 30, "N_roi": 26, "N_inlier": 25, "refit": true}
{"timestamp": "16:37:18.257057", "frame": 65, "mu": [-2.3403345058912812, 2.7123383965544905, 1.0425734039478673], "Sigma": [[0.005902500803087336, 0.002768076059492093, 0.0019515660154901826], [0.002768076059492093, 0.0019021951235540175, -0.00043840055972630223], [0.0019515660154901828, -0.00043840055972630256, 0.030414812723118325]], "chi2_level": 0.99, "chi2_df": 3, "chi2_threshold": 11.344866730144373, "N_raw": 20, "N_roi": 18, "N_inlier": 18, "refit": true}
{"timestamp": "16:37:18.314975", "frame": 66, "mu": [-2.307009167523286, 2.6255149471245813, 0.9042387561929358], "Sigma": [[0.012871309107209348, 0.0072330638844128655, -0.004833296043375363], [0.0072330638844128655, 0.004769167474190736, -0.005378371756547471], [-0.004833296043375363, -0.005378371756547471, 0.02133014524554339]], "chi2_level": 0.99, "chi2_df": 3, "chi2_threshold": 11.344866730144373, "N_raw": 42, "N_roi": 33, "N_inlier": 33, "refit": true}
{"timestamp": "16:37:18.369265", "frame": 67, "mu": [-2.3281650787392074, 2.6674751722497065, 0.9964086785780865], "Sigma": [[0.008682850949633213, 0.005187826764551528, -0.004716326532929194], [0.005187826764551528, 0.004373522385402764, -0.0052049505519478016], [-0.004716326532929194, -0.0052049505519478016, 0.009086795374593752]], "chi2_level": 0.99, "chi2_df": 3, "chi2_threshold": 11.344866730144373, "N_raw": 39, "N_roi": 19, "N_inlier": 19, "refit": true}
{"timestamp": "16:37:18.424716", "frame": 68, "mu": [-2.4071925656163873, 2.512797962129228, 1.1537034103458668], "Sigma": [[0.001224221343694852, 0.0013390714780069763, -0.003918983261766169], [0.0013390714780069763, 0.004146507731143721, -0.01178515681005425], [-0.003918983261766169, -0.01178515681005425, 0.03483472358859662]], "chi2_level": 0.99, "chi2_df": 3, "chi2_threshold": 11.344866730144373, "N_raw": 35, "N_roi": 7, "N_inlier": 7, "refit": true}
{"timestamp": "16:37:18.478975", "frame": 69, "mu": [-2.332104244064027, 2.468552009618124, 1.1434296900899201], "Sigma": [[0.009074067989697903, 0.0064328132323366585, -0.003027871639677478], [0.006432813232336658, 0.00735320635054752, -0.0030521524198207045], [-0.0030278716396774773, -0.0030521524198207045, 0.0014179346487261134]], "chi2_level": 0.99, "chi2_df": 3, "chi2_threshold": 11.344866730144373, "N_raw": 38, "N_roi": 22, "N_inlier": 21, "refit": true}
{"timestamp": "16:37:18.757791", "frame": 74, "mu": [-2.2989173047214866, 2.3151625538539644, -0.283706848042865], "Sigma": [[0.014182832633935712, 0.013173091690161107, -0.00740271887952587], [0.013173091690161107, 0.018530775831136697, -0.012067503814960665], [-0.00740271887952587, -0.012067503814960665, 0.009243250084995604]], "chi2_level": 0.99, "chi2_df": 3, "chi2_threshold": 11.344866730144373, "N_raw": 66, "N_roi": 41, "N_inlier": 41, "refit": true}
{"timestamp": "16:37:18.807945", "frame": 75, "mu": [-2.21775246536313, 2.160371506564978, 1.111988740892511], "Sigma": [[0.019093726881182358, 0.013964500129323446, -0.016473752839979965], [0.013964500129323446, 0.015683457863901545, -0.026029927718559293], [-0.016473752839979965, -0.026029927718559293, 0.053526359649995886]], "chi2_level": 0.99, "chi2_df": 3, "chi2_threshold": 11.344866730144373, "N_raw": 20, "N_roi": 8, "N_inlier": 8, "refit": true}
{"timestamp": "16:37:18.862564", "frame": 76, "mu": [-2.055494619750325, 2.151283150651781, 0.8541887796795996], "Sigma": [[0.016377784185570347, 0.004968366926678597, -0.012503910307504926], [0.004968366926678597, 0.004599122114531925, -0.006517300568868031], [-0.012503910307504926, -0.006517300568868031, 0.01540318210666712]], "chi2_level": 0.99, "chi2_df": 3, "chi2_threshold": 11.344866730144373, "N_raw": 32, "N_roi": 18, "N_inlier": 16, "refit": true}
{"timestamp": "16:37:18.928847", "frame": 77, "mu": [-2.21875169755566, 2.035383357793289, 1.2289789989444362], "Sigma": [[0.03433679803349041, 0.011584430355496026, -0.04393689532911872], [0.011584430355496026, 0.014082584022606724, -0.02063366866572952], [-0.04393689532911872, -0.02063366866572952, 0.07035698709076876]], "chi2_level": 0.99, "chi2_df": 3, "chi2_threshold": 11.344866730144373, "N_raw": 107, "N_roi": 75, "N_inlier": 74, "refit": true}
{"timestamp": "16:37:18.978563", "frame": 78, "mu": [-2.3377454221847844, 1.8686088916741268, 1.3981901613451007], "Sigma": [[0.011642644479288552, 0.008674889832185692, -0.013877406766844638], [0.008674889832185692, 0.013316515929012633, -0.019475083770740715], [-0.013877406766844642, -0.01947508377074072, 0.03982929662863619]], "chi2_level": 0.99, "chi2_df": 3, "chi2_threshold": 11.344866730144373, "N_raw": 56, "N_roi": 41, "N_inlier": 39, "refit": true}
{"timestamp": "16:37:19.030779", "frame": 79, "mu": [-2.3559914456654454, 1.8031489748515963, 1.3147389267804364], "Sigma": [[0.009752140385356477, 0.007420527773961969, -0.008488188526487445], [0.007420527773961969, 0.011320763560502751, -0.01059746765937667], [-0.008488188526487445, -0.01059746765937667, 0.012231680969452112]], "chi2_level": 0.99, "chi2_df": 3, "chi2_threshold": 11.344866730144373, "N_raw": 35, "N_roi": 29, "N_inlier": 27, "refit": true}
{"timestamp": "16:37:19.082279", "frame": 80, "mu": [-2.304093436819529, 1.861737894495043, -0.28363308702500223], "Sigma": [[0.017854015213678916, 0.013387189343916112, -0.019379333444062084], [0.013387189343916112, 0.016274967777921735, -0.015823973757115486], [-0.019379333444062084, -0.015823973757115486, 0.022773200118328774]], "chi2_level": 0.99, "chi2_df": 3, "chi2_threshold": 11.344866730144373, "N_raw": 26, "N_roi": 22, "N_inlier": 21, "refit": true}
{"timestamp": "16:37:19.137498", "frame": 81, "mu": [-2.2595060351070595, 1.6997486956968437, 1.224265635140231], "Sigma": [[0.014050523305084531, 0.008080041625518347, -0.018005462115771934], [0.008080041625518345, 0.014263680291138644, -0.01427083651554582], [-0.018005462115771934, -0.01427083651554582, 0.04229055269679842]], "chi2_level": 0.99, "chi2_df": 3, "chi2_threshold": 11.344866730144373, "N_raw": 27, "N_roi": 26, "N_inlier": 25, "refit": true}
{"timestamp": "16:37:19.196027", "frame": 82, "mu": [-2.2971120079399077, 1.7010077521744564, 1.2981273886102052], "Sigma": [[0.012559981039821309, 0.008643065986610505, -0.006741570990489167], [0.008643065986610503, 0.011385810467481118, -0.01118540523802886], [-0.006741570990489167, -0.01118540523802886, 0.01766435079259269]], "chi2_level": 0.99, "chi2_df": 3, "chi2_threshold": 11.344866730144373, "N_raw": 54, "N_roi": 47, "N_inlier": 47, "refit": true}
{"timestamp": "16:37:19.251092", "frame": 83, "mu": [-2.2463724095382327, 1.6857876473418703, 1.1753477450183596], "Sigma": [[0.016238532263545866, 0.012183039264249233, -0.007107432644363377], [0.012183039264249233, 0.014535176254229036, -0.010004515647147034], [-0.007107432644363377, -0.010004515647147034, 0.008942995257792173]], "chi2_level": 0.99, "chi2_df": 3, "chi2_threshold": 11.344866730144373, "N_raw": 55, "N_roi": 54, "N_inlier": 52, "refit": true}
{"timestamp": "16:37:19.308072", "frame": 84, "mu": [-2.2892721408055365, 1.5901946687116224, 1.2189982910894714], "Sigma": [[0.015243347164308595, 0.01219571191558127, -0.01196566867610174], [0.012195711915581268, 0.01805488936986302, -0.019752255753763576], [-0.01196566867610174, -0.019752255753763576, 0.027691933297774595]], "chi2_level": 0.99, "chi2_df": 3, "chi2_threshold": 11.344866730144373, "N_raw": 68, "N_roi": 62, "N_inlier": 62, "refit": true}
{"timestamp": "16:37:19.362485", "frame": 85, "mu": [-2.328648413367562, 1.5626012252202854, -0.6893774764729638], "Sigma": [[0.009274290856657184, 0.008886175372816975, 0.0002978613250893027], [0.008886175372816975, 0.026477415161356627, 0.0019225131438382898], [0.00029786132508930304, 0.001922513143838291, 0.020566579838957544]], "chi2_level": 0.99, "chi2_df": 3, "chi2_threshold": 11.344866730144373, "N_raw": 61, "N_roi": 49, "N_inlier": 49, "refit": true}
{"timestamp": "16:37:19.416531", "frame": 86, "mu": [-2.3274312287197643, 1.4884444031196056, 1.188360408608039], "Sigma": [[0.010559718206166113, 0.0077112419490289585, -0.009585687738264747], [0.007711241949028958, 0.011030185550490677, -0.01473049631913076], [-0.009585687738264747, -0.01473049631913076, 0.035437652090527974]], "chi2_level": 0.99, "chi2_df": 3, "chi2_threshold": 11.344866730144373, "N_raw": 48, "N_roi": 46, "N_inlier": 46, "refit": true}
{"timestamp": "16:37:19.474600", "frame": 87, "mu": [-2.2952501699068377, 1.3623635440711697, 0.9493234530620582], "Sigma": [[0.013237520106433332, 0.013876094931020396, -0.012380533806716864], [0.013876094931020396, 0.017308969098557447, -0.018325284270423313], [-0.012380533806716866, -0.018325284270423313, 0.06047313678228118]], "chi2_level": 0.99, "chi2_df": 3, "chi2_threshold": 11.344866730144373, "N_raw": 75, "N_roi": 72, "N_inlier": 72, "refit": true}
{"timestamp": "16:37:19.530829", "frame": 88, "mu": [-2.3069056763176827, 1.3587668586127548, 1.0568371326355739], "Sigma": [[0.009899887117120646, 0.00873957380920299, -0.0020593968762993597], [0.008739573809202992, 0.010518982276568884, -0.00893983011655151], [-0.0020593968762993593, -0.00893983011655151, 0.03042135579683056]], "chi2_level": 0.99, "chi2_df": 3, "chi2_threshold": 11.344866730144373, "N_raw": 60, "N_roi": 56, "N_inlier": 56, "refit": true}
{"timestamp": "16:37:19.588164", "frame": 89, "mu": [-2.2715992668035416, 1.3677503082213316, 0.9481747467841495], "Sigma": [[0.0163229476622498, 0.013184339795435587, -0.004801879854869021], [0.013184339795435587, 0.015600420675936975, -0.011762078480498024], [-0.004801879854869021, -0.011762078480498026, 0.030931975948570584]], "chi2_level": 0.99, "chi2_df": 3, "chi2_threshold": 11.344866730144373, "N_raw": 103, "N_roi": 75, "N_inlier": 74, "refit": true}
{"timestamp": "16:37:19.638072", "frame": 90, "mu": [-2.346331128825593, 1.235425515512844, 0.8085202148133706], "Sigma": [[0.009959825746307787, 0.004664061139120357, 0.0010640763918774426], [0.004664061139120357, 0.012135928506563696, -0.004735995706318927], [0.0010640763918774426, -0.004735995706318927, 0.007108988670893318]], "chi2_level": 0.99, "chi2_df": 3, "chi2_threshold": 11.344866730144373, "N_raw": 58, "N_roi": 40, "N_inlier": 40, "refit": true}
{"timestamp": "16:37:19.690275", "frame": 91, "mu": [-2.288503990202371, 1.197393856079707, 0.8848160151547197], "Sigma": [[0.008707225011390167, 0.006285970856668852, 0.0015652003923600295], [0.006285970856668852, 0.009509866200841323, -0.0016814811690104505], [0.0015652003923600293, -0.0016814811690104507, 0.019502994211410524]], "chi2_level": 0.99, "chi2_df": 3, "chi2_threshold": 11.344866730144373, "N_raw": 43, "N_roi": 38, "N_inlier": 38, "refit": true}
{"timestamp": "16:37:19.750119", "frame": 92, "mu": [-2.2624320985716704, 1.1712448546196437, 1.1209070590709618], "Sigma": [[0.015533140933076095, 0.009740986565134568, 0.0013605229825571366], [0.009740986565134568, 0.015827233903636016, -0.013882319897664083], [0.0013605229825571366, -0.013882319897664083, 0.025523577710687657]], "chi2_level": 0.99, "chi2_df": 3, "chi2_threshold": 11.344866730144373, "N_raw": 80, "N_roi": 66, "N_inlier": 66, "refit": true}
{"timestamp": "16:37:19.801481", "frame": 93, "mu": [-2.2126335649787015, 1.1506001586119126, 1.014342532964062], "Sigma": [[0.007511392345419873, 0.004276290767608777, 0.002097576655611979], [0.004276290767608777, 0.006641218102584923, -0.006939616330063105], [0.002097576655611979, -0.0069396163300631045, 0.022808533038522608]], "chi2_level": 0.99, "chi2_df": 3, "chi2_threshold": 11.344866730144373, "N_raw": 50, "N_roi": 50, "N_inlier": 50, "refit": true}
{"timestamp": "16:37:19.857872", "frame": 94, "mu": [-2.186990153135322, 1.1326600679412704, 1.137936101182783], "Sigma": [[0.010051538535605297, 0.007700018383736462, -0.006807036549371469], [0.007700018383736462, 0.01310536282208626, -0.011772758988957337], [-0.006807036549371469, -0.011772758988957337, 0.02620863781290438]], "chi2_level": 0.99, "chi2_df": 3, "chi2_threshold": 11.344866730144373, "N_raw": 58, "N_roi": 58, "N_inlier": 57, "refit": true}
{"timestamp": "16:37:19.909438", "frame": 95, "mu": [-2.1363418962883913, 1.1530840319521989, 1.197689609049469], "Sigma": [[0.007113551459606518, 0.005611564834876967, -0.004562934722974399], [0.005611564834876966, 0.010549005682905243, -0.008766727580844834], [-0.0045629347229744, -0.008766727580844834, 0.010519803347475515]], "chi2_level": 0.99, "chi2_df": 3, "chi2_threshold": 11.344866730144373, "N_raw": 41, "N_roi": 41, "N_inlier": 41, "refit": true}
{"timestamp": "16:37:19.963661", "frame": 96, "mu": [-2.1148405921631057, 1.056188618956517, 1.0233386770209087], "Sigma": [[0.00732723392239112, 0.00736652351614126, -0.0007579120624915298], [0.00736652351614126, 0.010039218636439024, -0.004053271139946834], [-0.00075791206249153, -0.004053271139946834, 0.008425788198061982]], "chi2_level": 0.99, "chi2_df": 3, "chi2_threshold": 11.344866730144373, "N_raw": 37, "N_roi": 37, "N_inlier": 37, "refit": true}
{"timestamp": "16:37:20.018497", "frame": 97, "mu": [-2.0560115333766116, 1.0271872514122724, 1.0954916485695545], "Sigma": [[0.006803971038183069, 0.007970871517723584, -0.0005064753135130156], [0.007970871517723584, 0.010745954753895486, -0.0026441896563709376], [-0.0005064753135130154, -0.0026441896563709376, 0.01654053806847643]], "chi2_level": 0.99, "chi2_df": 3, "chi2_threshold": 11.344866730144373, "N_raw": 40, "N_roi": 40, "N_inlier": 39, "refit": true}
{"timestamp": "16:37:20.073304", "frame": 98, "mu": [-2.0454306465888106, 1.0448696510610882, 1.1626919316464444], "Sigma": [[0.006350230408992095, 0.006482359540211775, 0.0026101164821976603], [0.006482359540211775, 0.010807395021566272, 0.001564983208122058], [0.0026101164821976603, 0.001564983208122058, 0.02154272771962679]], "chi2_level": 0.99, "chi2_df": 3, "chi2_threshold": 11.344866730144373, "N_raw": 41, "N_roi": 41, "N_inlier": 41, "refit": true}
{"timestamp": "16:37:20.130777", "frame": 99, "mu": [-2.0717694527255106, 0.9508870841293373, 1.0367330940398543], "Sigma": [[0.01217495599497378, 0.010028869257674933, -0.002687320988952389], [0.010028869257674933, 0.010553657011877658, -0.006242501467312707], [-0.0026873209889523887, -0.006242501467312707, 0.014660645846550488]], "chi2_level": 0.99, "chi2_df": 3, "chi2_threshold": 11.344866730144373, "N_raw": 55, "N_roi": 55, "N_inlier": 54, "refit": true}
{"timestamp": "16:37:20.272070", "frame": 100, "mu": [-2.0305767023291854, 0.9615325027292458, 1.1222379492158894], "Sigma": [[0.0099530924885934, 0.007479551362617475, -0.002660272642224587], [0.007479551362617475, 0.007613566994761039, -0.006849777505488195], [-0.0026602726422245864, -0.006849777505488194, 0.020108588781528828]], "chi2_level": 0.99, "chi2_df": 3, "chi2_threshold": 11.344866730144373, "N_raw": 53, "N_roi": 53, "N_inlier": 53, "refit": true}
{"timestamp": "16:37:20.304825", "frame": 101, "mu": [-1.9881187700068772, 0.8919012084460555, 1.1311662023102178], "Sigma": [[0.010734481240871315, 0.010458051704511138, -0.0011986322475946206], [0.010458051704511138, 0.015118718772777156, -0.008032918416391841], [-0.001198632247594621, -0.008032918416391841, 0.014269579175067807]], "chi2_level": 0.99, "chi2_df": 3, "chi2_threshold": 11.344866730144373, "N_raw": 60, "N_roi": 60, "N_inlier": 60, "refit": true}
{"timestamp": "16:37:20.336557", "frame": 102, "mu": [-1.9801651275752115, 0.8479022041273658, 1.1027159774901265], "Sigma": [[0.008003405575450375, 0.006395966641041976, -0.0017207916616927403], [0.006395966641041975, 0.007311396765401373, -0.005523879544477501], [-0.0017207916616927398, -0.0055238795444775, 0.014966685736473515]], "chi2_level": 0.99, "chi2_df": 3, "chi2_threshold": 11.344866730144373, "N_raw": 46, "N_roi": 46, "N_inlier": 46, "refit": true}
{"timestamp": "16:37:20.366842", "frame": 103, "mu": [-1.956927759377756, 0.8525994460497504, 1.2009009022067183], "Sigma": [[0.008382041781886814, 0.0051281657231209265, -0.004327792598868693], [0.005128165723120926, 0.008967200016440174, -0.010554835579447861], [-0.004327792598868693, -0.01055483557944786, 0.01839642063357458]], "chi2_level": 0.99, "chi2_df": 3, "chi2_threshold": 11.344866730144373, "N_raw": 58, "N_roi": 58, "N_inlier": 57, "refit": true}
{"timestamp": "16:37:20.409035", "frame": 104, "mu": [-1.961122822659163, 0.732460075631262, 0.9853662204851571], "Sigma": [[0.012885074489976353, 0.012243823252599744, -0.004504222630379662], [0.012243823252599748, 0.01609634725164683, -0.010672511383229747], [-0.00450422263037966, -0.010672511383229747, 0.01777568577441856]], "chi2_level": 0.99, "chi2_df": 3, "chi2_threshold": 11.344866730144373, "N_raw": 72, "N_roi": 72, "N_inlier": 70, "refit": true}
{"timestamp": "16:37:20.463545", "frame": 105, "mu": [-1.9458524622618425, 0.6754300637792924, 1.0549762830385228], "Sigma": [[0.009812622528887855, 0.007576488590337138, -0.0011839743709031562], [0.007576488590337138, 0.012169627415471491, -0.00897990467958817], [-0.0011839743709031562, -0.00897990467958817, 0.01331697840952047]], "chi2_level": 0.99, "chi2_df": 3, "chi2_threshold": 11.344866730144373, "N_raw": 64, "N_roi": 64, "N_inlier": 59, "refit": true}
{"timestamp": "16:37:20.516416", "frame": 106, "mu": [-1.9640852219457214, 0.7054294699037941, 1.0556143944168257], "Sigma": [[0.009983198201007794, 0.010011601183195913, -0.0024708417110041094], [0.010011601183195915, 0.01599361792304655, -0.007546762151351921], [-0.0024708417110041094, -0.007546762151351922, 0.012083609889121945]], "chi2_level": 0.99, "chi2_df": 3, "chi2_threshold": 11.344866730144373, "N_raw": 55, "N_roi": 55, "N_inlier": 52, "refit": true}
{"timestamp": "16:37:20.572138", "frame": 107, "mu": [-1.8752605736225705, 0.6310529278800727, 1.0085010895003315], "Sigma": [[0.20473437680916248, 0.0037973690127700546, -0.009228017925006547], [0.0037973690127700546, 0.015894017739764364, 0.0009711174580485472], [-0.009228017925006547, 0.0009711174580485475, 0.02064556445901856]], "chi2_level": 0.99, "chi2_df": 3, "chi2_threshold": 11.344866730144373, "N_raw": 56, "N_roi": 56, "N_inlier": 51, "refit": true}
{"timestamp": "16:37:20.627346", "frame": 108, "mu": [-1.8786878602002939, 0.6397600685890659, 1.0816806888348796], "Sigma": [[0.008351974247529766, 0.006284813382785838, -0.0005058875155233959], [0.006284813382785838, 0.011962259859888911, -0.008267834383815372], [-0.0005058875155233962, -0.008267834383815372, 0.013238473720579238]], "chi2_level": 0.99, "chi2_df": 3, "chi2_threshold": 11.344866730144373, "N_raw": 58, "N_roi": 58, "N_inlier": 54, "refit": true}
{"timestamp": "16:37:20.685561", "frame": 109, "mu": [-1.1634962210007562, 0.5420967656539348, 0.9924375314659992], "Sigma": [[2.238558022720101, -0.024206223818165007, -0.02624397199418449], [-0.02420622381816501, 0.011642404677144948, -0.00122658652558782], [-0.02624397199418449, -0.0012265865255878202, 0.026929093962772512]], "chi2_level": 0.99, "chi2_df": 3, "chi2_threshold": 11.344866730144373, "N_raw": 81, "N_roi": 80, "N_inlier": 79, "refit": true}
{"timestamp": "16:37:20.737782", "frame": 110, "mu": [-1.1359627635019214, 0.5421868682625803, 0.9943037034896751], "Sigma": [[2.2675576482302815, -0.05134999719315451, 0.04924544346753093], [-0.051349997193154515, 0.010419913529664383, -0.0062591947333788586], [0.049245443467530944, -0.0062591947333788586, 0.01525649104078861]], "chi2_level": 0.99, "chi2_df": 3, "chi2_threshold": 11.344866730144373, "N_raw": 62, "N_roi": 62, "N_inlier": 62, "refit": true}
{"timestamp": "16:37:20.791008", "frame": 111, "mu": [-0.9296520600663136, 0.5002155811958326, 1.0286388096258838], "Sigma": [[2.4710838181252948, -0.02740143914495547, 0.06024356314863384], [-0.02740143914495547, 0.008931183337967595, -0.005757408888238169], [0.06024356314863384, -0.005757408888238169, 0.006683452367433154]], "chi2_level": 0.99, "chi2_df": 3, "chi2_threshold": 11.344866730144373, "N_raw": 54, "N_roi": 54, "N_inlier": 53, "refit": true}
{"timestamp": "16:37:20.849400", "frame": 112, "mu": [-1.2899307706237662, 0.5170317008077666, 0.9973720005441259], "Sigma": [[1.7130742134821655, -0.03065284853194434, 0.053055418462203414], [-0.030652848531944336, 0.010922041857516737, -0.005441823654236022], [0.05305541846220342, -0.005441823654236022, 0.017017034041982508]], "chi2_level": 0.99, "chi2_df": 3, "chi2_threshold": 11.344866730144373, "N_raw": 66, "N_roi": 66, "N_inlier": 65, "refit": true}
{"timestamp": "16:37:20.899187", "frame": 113, "mu": [-1.2435240261365799, 0.49683014199588993, 1.021321840133844], "Sigma": [[1.6072727871066197, -0.036191506045689416, 0.014018602297947809], [-0.036191506045689416, 0.010796806522681734, 0.004782673914491481], [0.01401860229794781, 0.004782673914491481, 0.027092711153378315]], "chi2_level": 0.99, "chi2_df": 3, "chi2_threshold": 11.344866730144373, "N_raw": 35, "N_roi": 35, "N_inlier": 35, "refit": true}
{"timestamp": "16:37:20.956132", "frame": 114, "mu": [-1.1213551208190335, 0.5409726412537218, 1.1832387760845358], "Sigma": [[1.656783026466189, -0.06474608532840206, 0.01634459598413308], [-0.06474608532840205, 0.013102176120110593, -0.0029767266495102965], [0.016344595984133077, -0.0029767266495102965, 0.0032178487934889114]], "chi2_level": 0.99, "chi2_df": 3, "chi2_threshold": 11.344866730144373, "N_raw": 52, "N_roi": 52, "N_inlier": 51, "refit": true}
{"timestamp": "16:37:21.008175", "frame": 115, "mu": [-1.287308331149803, 0.5171493580248767, 1.189803327941284], "Sigma": [[1.1192000377519336, -0.023303319087195774, 0.003783275270849684], [-0.023303319087195774, 0.008148213610856712, -0.0014188428774034776], [0.003783275270849684, -0.0014188428774034776, 0.00432400666988857]], "chi2_level": 0.99, "chi2_df": 3, "chi2_threshold": 11.344866730144373, "N_raw": 32, "N_roi": 32, "N_inlier": 31, "refit": true}
{"timestamp": "16:37:21.065868", "frame": 116, "mu": [-1.0472334587991723, 0.47015661549201493, 1.1361293931143406], "Sigma": [[1.6752261683457461, -0.044410796657080684, 0.008320300487409015], [-0.04441079665708069, 0.010536267632475178, 0.0009744906280816726], [0.008320300487409022, 0.0009744906280816718, 0.01325529911421138]], "chi2_level": 0.99, "chi2_df": 3, "chi2_threshold": 11.344866730144373, "N_raw": 50, "N_roi": 50, "N_inlier": 48, "refit": true}
{"timestamp": "16:37:21.121200", "frame": 117, "mu": [-1.507421800464653, 0.5570582860911366, 1.2660045792720327], "Sigma": [[0.2313315405626777, -0.007390136011111617, 0.004397070146191916], [-0.007390136011111617, 0.011804354703919846, -0.0002849326020215733], [0.004397070146191916, -0.0002849326020215731, 0.00993205222973349]], "chi2_level": 0.99, "chi2_df": 3, "chi2_threshold": 11.344866730144373, "N_raw": 52, "N_roi": 52, "N_inlier": 49, "refit": true}
{"timestamp": "16:37:21.178896", "frame": 118, "mu": [-1.5966588270728785, 0.5656025354481528, 1.1744659189050197], "Sigma": [[0.008913742305872876, 0.005376781585897527, 0.006577776004382157], [0.005376781585897527, 0.011466540922097689, 0.002241173553690322], [0.0065777760043821566, 0.0022411735536903214, 0.020050711099852236]], "chi2_level": 0.99, "chi2_df": 3, "chi2_threshold": 11.344866730144373, "N_raw": 65, "N_roi": 65, "N_inlier": 62, "refit": true}
