{"timestamp": "16:31:58.881400", "frame": 1, "mu": [1.1892363137560387, 1.194934152176303, 1.3570203038804936], "Sigma": [[0.0020841441641114063, -0.0004933353247138055, -0.000398562760458673], [-0.0004933353247138055, 0.0019608769592835465, -0.000567358602984054], [-0.000398562760458673, -0.000567358602984054, 0.0003442763199380186]], "chi2_level": 0.99, "chi2_df": 3, "chi2_threshold": 11.344866730144373, "N_raw": 19, "N_roi": 19, "N_inlier": 17, "refit": true}
{"timestamp": "16:31:58.941197", "frame": 2, "mu": [1.2078652550785047, 1.2294717165347744, 1.2751958539028112], "Sigma": [[0.005283374953902478, -0.0005417044648298866, -0.005621750979015075], [-0.0005417044648298867, 0.0032665218943474473, -0.0024695565787915316], [-0.005621750979015075, -0.002469556578791532, 0.022718231791240398]], "chi2_level": 0.99, "chi2_df": 3, "chi2_threshold": 11.344866730144373, "N_raw": 54, "N_roi": 54, "N_inlier": 51, "refit": true}
{"timestamp": "16:31:58.994700", "frame": 3, "mu": [1.1766754279186156, 1.2157401478197534, 1.3914577425275396], "Sigma": [[0.011678765630377045, 0.001150797089103762, -0.005006834357339764], [0.001150797089103762, 0.004754988243923507, -0.0012013885088360528], [-0.005006834357339764, -0.0012013885088360526, 0.002560665618247495]], "chi2_level": 0.99, "chi2_df": 3, "chi2_threshold": 11.344866730144373, "N_raw": 40, "N_roi": 39, "N_inlier": 35, "refit": true}
{"timestamp": "16:31:59.052783", "frame": 4, "mu": [1.208599975505123, 1.2009242010334151, 1.37032501987025], "Sigma": [[0.012307831367600055, -0.0030826736896448596, -0.005061606450008565], [-0.0030826736896448596, 0.006045765450930089, -0.001794394183527496], [-0.005061606450008565, -0.0017943941835274959, 0.006531065511034807]], "chi2_level": 0.99, "chi2_df": 3, "chi2_threshold": 11.344866730144373, "N_raw": 43, "N_roi": 43, "N_inlier": 41, "refit": true}
{"timestamp": "16:31:59.108508", "frame": 5, "mu": [1.1378454058151675, 1.2180285205184846, 1.3540719215516503], "Sigma": [[0.010320583069497291, -9.461926765517832e-05, -0.005351267611297101], [-9.461926765517829e-05, 0.0037273948459484152, -0.004496875955355802], [-0.005351267611297101, -0.004496875955355802, 0.012313179411275002]], "chi2_level": 0.99, "chi2_df": 3, "chi2_threshold": 11.344866730144373, "N_raw": 50, "N_roi": 50, "N_inlier": 48, "refit": true}
{"timestamp": "16:31:59.161724", "frame": 6, "mu": [1.198041766086539, 1.263042629707969, 1.142922774879274], "Sigma": [[0.0027363969550268357, -0.0024580495114208487, 0.00044975650982665035], [-0.0024580495114208487, 0.01613483205612979, -0.017737335143108553], [0.0004497565098266504, -0.017737335143108553, 0.025246774054802766]], "chi2_level": 0.99, "chi2_df": 3, "chi2_threshold": 11.344866730144373, "N_raw": 39, "N_roi": 39, "N_inlier": 39, "refit": true}
{"timestamp": "16:31:59.216315", "frame": 7, "mu": [1.2153950543201122, 1.1909053841532284, 1.2663329530219423], "Sigma": [[0.0068770252725741205, -0.00319036627107142, -0.002543365977945156], [-0.0031903662710714197, 0.004615210440484633, -0.0016231808333348225], [-0.002543365977945156, -0.0016231808333348227, 0.011463765941374512]], "chi2_level": 0.99, "chi2_df": 3, "chi2_threshold": 11.344866730144373, "N_raw": 39, "N_roi": 39, "N_inlier": 36, "refit": true}
{"timestamp": "16:31:59.272912", "frame": 8, "mu": [1.0445275790319593, 1.2466513043180325, 1.3679770489382281], "Sigma": [[0.01917023076005047, -0.0007747239080906116, -0.023537580872533208], [-0.0007747239080906113, 0.005378096994671794, -0.006801328412523596], [-0.023537580872533208, -0.006801328412523596, 0.04682357396530647]], "chi2_level": 0.99, "chi2_df": 3, "chi2_threshold": 11.344866730144373, "N_raw": 44, "N_roi": 44, "N_inlier": 44, "refit": true}
{"timestamp": "16:31:59.331947", "frame": 9, "mu": [1.1477028634018067, 1.3347136853579973, -0.3079810979677767], "Sigma": [[0.014453105283626639, 0.0016489571289821162, -0.011942168459055375], [0.0016489571289821162, 0.005221729316255985, -0.002956995804749965], [-0.011942168459055377, -0.002956995804749965, 0.011617231095109629]], "chi2_level": 0.99, "chi2_df": 3, "chi2_threshold": 11.344866730144373, "N_raw": 74, "N_roi": 74, "N_inlier": 71, "refit": true}
{"timestamp": "16:31:59.387195", "frame": 10, "mu": [1.1312706321033519, 1.2228261663670168, 1.3185232723546405], "Sigma": [[0.011475748926489055, -0.002865691954874283, -0.011271086805667536], [-0.002865691954874283, 0.004924111393983321, -0.00035683328746382746], [-0.011271086805667536, -0.00035683328746382746, 0.01639296379167364]], "chi2_level": 0.99, "chi2_df": 3, "chi2_threshold": 11.344866730144373, "N_raw": 75, "N_roi": 75, "N_inlier": 73, "refit": true}
{"timestamp": "16:31:59.443029", "frame": 11, "mu": [1.116670708371613, 1.1968021169474412, 1.2936097047325594], "Sigma": [[0.015679360516848078, -0.005913314871379489, -0.023889614227806763], [-0.005913314871379489, 0.005311501588278024, 0.010786275459523879], [-0.023889614227806763, 0.010786275459523879, 0.05535811415754005]], "chi2_level": 0.99, "chi2_df": 3, "chi2_threshold": 11.344866730144373, "N_raw": 79, "N_roi": 79, "N_inlier": 76, "refit": true}
{"timestamp": "16:31:59.489293", "frame": 12, "mu": [1.1322251174408686, 1.421673462624027, -0.4126633272979075], "Sigma": [[0.014072575186883858, -0.003543293055356175, -0.010651027631428743], [-0.0035432930553561744, 0.03168901824341207, -0.030361967391017576], [-0.010651027631428741, -0.030361967391017573, 0.04878766620024383]], "chi2_level": 0.99, "chi2_df": 3, "chi2_threshold": 11.344866730144373, "N_raw": 19, "N_roi": 19, "N_inlier": 18, "refit": true}
{"timestamp": "16:31:59.542714", "frame": 13, "mu": [1.0549068447520076, 1.3007662159946778, 1.34886373300294], "Sigma": [[0.013121269722434914, 0.0008251813312939531, -0.022087257652015104], [0.0008251813312939533, 0.002479419109237449, -0.00412514933114296], [-0.0220872576520151, -0.00412514933114296, 0.04530420448452317]], "chi2_level": 0.99, "chi2_df": 3, "chi2_threshold": 11.344866730144373, "N_raw": 9, "N_roi": 9, "N_inlier": 9, "refit": true}
{"timestamp": "16:31:59.601469", "frame": 14, "mu": [1.0439486664466557, 1.297746508171771, 1.4175777499812796], "Sigma": [[0.013367243648468743, -0.0021418741366780554, -0.012317880197634731], [-0.0021418741366780554, 0.002890928947692914, 0.0002647978222798914], [-0.012317880197634728, 0.00026479782227989147, 0.013431128889298084]], "chi2_level": 0.99, "chi2_df": 3, "chi2_threshold": 11.344866730144373, "N_raw": 45, "N_roi": 45, "N_inlier": 41, "refit": true}
{"timestamp": "16:31:59.655976", "frame": 15, "mu": [0.9963565585761622, 1.291203701903495, 1.3396868728508193], "Sigma": [[0.01599750700216666, -0.007020947161454138, -0.05418793664187667], [-0.007020947161454138, 0.005790275152364295, 0.030051222878134262], [-0.05418793664187667, 0.030051222878134262, 0.26635632015657756]], "chi2_level": 0.99, "chi2_df": 3, "chi2_threshold": 11.344866730144373, "N_raw": 29, "N_roi": 29, "N_inlier": 28, "refit": true}
{"timestamp": "16:31:59.712771", "frame": 16, "mu": [1.1566481538429922, 1.2491880159153903, 1.1669665756714416], "Sigma": [[0.0061660767285347615, -0.0033037612186731223, -0.005257038916481922], [-0.0033037612186731223, 0.004458714423672859, -0.00012048510680265514], [-0.005257038916481923, -0.00012048510680265508, 0.009210578697861847]], "chi2_level": 0.99, "chi2_df": 3, "chi2_threshold": 11.344866730144373, "N_raw": 45, "N_roi": 45, "N_inlier": 43, "refit": true}
{"timestamp": "16:31:59.767097", "frame": 17, "mu": [1.1739743971790475, 1.2259633966990862, 1.2951994449245219], "Sigma": [[0.004178410352792561, -0.0024793826931845363, -0.002552902979154966], [-0.0024793826931845363, 0.005479244419391312, 0.00015631726372221442], [-0.002552902979154966, 0.00015631726372221445, 0.004661506972522546]], "chi2_level": 0.99, "chi2_df": 3, "chi2_threshold": 11.344866730144373, "N_raw": 38, "N_roi": 38, "N_inlier": 35, "refit": true}
{"timestamp": "16:31:59.822085", "frame": 18, "mu": [1.1313858980332152, 1.2537467818429344, 1.194872101156748], "Sigma": [[0.006179338439548387, -0.0023391948378218594, -0.010662146774345415], [-0.0023391948378218594, 0.003018642658699296, 0.002590858740111899], [-0.010662146774345415, 0.0025908587401118986, 0.026879386011818693]], "chi2_level": 0.99, "chi2_df": 3, "chi2_threshold": 11.344866730144373, "N_raw": 41, "N_roi": 41, "N_inlier": 38, "refit": true}
{"timestamp": "16:31:59.878107", "frame": 19, "mu": [1.1958179307801204, 1.1565135372453685, 0.9998978183481153], "Sigma": [[0.004410963878907065, -0.005559168239034776, 0.0002244297408227256], [-0.005559168239034776, 0.011195015664088986, -0.0036029942748364643], [0.00022442974082272554, -0.0036029942748364643, 0.003462575121990235]], "chi2_level": 0.99, "chi2_df": 3, "chi2_threshold": 11.344866730144373, "N_raw": 45, "N_roi": 45, "N_inlier": 42, "refit": true}
{"timestamp": "16:31:59.926581", "frame": 20, "mu": [1.1406574717856948, 1.4720966998281204, -0.7734696790614018], "Sigma": [[0.007586930678671974, 0.0030994664680479315, -0.004887693000402953], [0.0030994664680479324, 0.00789773317861866, -0.0040433738210472496], [-0.004887693000402953, -0.0040433738210472496, 0.006543460108521418]], "chi2_level": 0.99, "chi2_df": 3, "chi2_threshold": 11.344866730144373, "N_raw": 7, "N_roi": 7, "N_inlier": 7, "refit": true}
{"timestamp": "16:31:59.989499", "frame": 21, "mu": [1.1581363427753038, 1.161212013897234, 1.198232236843988], "Sigma": [[0.01237317034055233, -0.006536252210071031, -0.010975840948620641], [-0.00653625221007103, 0.0060129083073610715, 0.002690184944164386], [-0.010975840948620641, 0.0026901849441643855, 0.019146611540590806]], "chi2_level": 0.99, "chi2_df": 3, "chi2_threshold": 11.344866730144373, "N_raw": 62, "N_roi": 62, "N_inlier": 59, "refit": true}
{"timestamp": "16:32:00.048982", "frame": 22, "mu": [1.1051648179462676, 1.2140751255461892, 1.1427215327293092], "Sigma": [[0.007089051363281027, -0.0033317915725790057, -0.007309130896118426], [-0.0033317915725790065, 0.0065705500844361305, -0.0059449657271742565], [-0.0073091308961184265, -0.0059449657271742565, 0.02924160837152545]], "chi2_level": 0.99, "chi2_df": 3, "chi2_threshold": 11.344866730144373, "N_raw": 81, "N_roi": 81, "N_inlier": 80, "refit": true}
{"timestamp": "16:32:00.094597", "frame": 23, "mu": [1.0092061048737702, 1.254714848072897, 1.0077296439043983], "Sigma": [[0.011343237583591546, -0.005611974776435252, -0.014307651697899581], [-0.005611974776435252, 0.011873357863132664, -0.02133263403317604], [-0.014307651697899583, -0.021332634033176045, 0.13207778512455234]], "chi2_level": 0.99, "chi2_df": 3, "chi2_threshold": 11.344866730144373, "N_raw": 16, "N_roi": 15, "N_inlier": 15, "refit": true}
{"timestamp": "16:32:00.149777", "frame": 24, "mu": [0.9172410117671095, 1.1893199154682614, 1.3927576088688287], "Sigma": [[0.02519802629838997, -0.011690296382999364, -0.030065385946555744], [-0.01169029638299936, 0.008719382186502771, 0.00839154102683122], [-0.030065385946555744, 0.00839154102683122, 0.0560829246110929]], "chi2_level": 0.99, "chi2_df": 3, "chi2_threshold": 11.344866730144373, "N_raw": 25, "N_roi": 25, "N_inlier": 24, "refit": true}
{"timestamp": "16:32:00.215999", "frame": 25, "mu": [1.0224971015211117, 1.1287301344348555, 1.2050749607504143], "Sigma": [[0.01827383615425758, -0.007383288479681228, -0.02495544945885776], [-0.007383288479681227, 0.005479879424886117, 0.009264359987617394], [-0.02495544945885776, 0.009264359987617394, 0.048853014475273515]], "chi2_level": 0.99, "chi2_df": 3, "chi2_threshold": 11.344866730144373, "N_raw": 103, "N_roi": 103, "N_inlier": 102, "refit": true}
{"timestamp": "16:32:00.269592", "frame": 26, "mu": [0.9799972283657787, 1.0955189634330065, 1.2542970899632075], "Sigma": [[0.016441992588174158, -0.0052030267815084685, -0.020627999326865792], [-0.0052030267815084685, 0.004261172977003515, 0.005288469081965761], [-0.020627999326865792, 0.005288469081965761, 0.032761180751535175]], "chi2_level": 0.99, "chi2_df": 3, "chi2_threshold": 11.344866730144373, "N_raw": 87, "N_roi": 87, "N_inlier": 83, "refit": true}
{"timestamp": "16:32:00.323023", "frame": 27, "mu": [0.9358308140090618, 1.1082152868094617, 1.2040644244013405], "Sigma": [[0.011637467866504396, -0.0058242680367885085, -0.008023918688112426], [-0.00582426803678851, 0.009974550703872749, -0.017906299985086103], [-0.008023918688112426, -0.017906299985086103, 0.09646649271067684]], "chi2_level": 0.99, "chi2_df": 3, "chi2_threshold": 11.344866730144373, "N_raw": 77, "N_roi": 77, "N_inlier": 77, "refit": true}
{"timestamp": "16:32:00.371179", "frame": 28, "mu": [0.8977438006342423, 1.0196442975036493, 1.3050170405615034], "Sigma": [[0.01733019847033926, -0.005076982912060679, -0.016530397680684445], [-0.005076982912060679, 0.004233579659740326, 0.0028117148112620045], [-0.01653039768068444, 0.0028117148112620054, 0.02315264131693636]], "chi2_level": 0.99, "chi2_df": 3, "chi2_threshold": 11.344866730144373, "N_raw": 30, "N_roi": 30, "N_inlier": 29, "refit": true}
{"timestamp": "16:32:00.433555", "frame": 29, "mu": [0.9295040845233071, 1.0256270792217235, 1.1654400644639538], "Sigma": [[0.013274150637959036, -0.005998547232936399, -0.008749313285655787], [-0.005998547232936399, 0.010512640971927922, -0.013798070593315837], [-0.008749313285655787, -0.013798070593315835, 0.07077526205829612]], "chi2_level": 0.99, "chi2_df": 3, "chi2_threshold": 11.344866730144373, "N_raw": 86, "N_roi": 86, "N_inlier": 86, "refit": true}
{"timestamp": "16:32:00.481288", "frame": 30, "mu": [0.8976898870420001, 1.0192648920041822, 1.2134819732636197], "Sigma": [[0.008654936665348199, -0.003990848194126058, 0.0019792580246354823], [-0.003990848194126058, 0.008199335533097641, -0.016891406280256163], [0.001979258024635483, -0.016891406280256163, 0.04839246489394419]], "chi2_level": 0.99, "chi2_df": 3, "chi2_threshold": 11.344866730144373, "N_raw": 30, "N_roi": 30, "N_inlier": 29, "refit": true}
{"timestamp": "16:32:00.544296", "frame": 31, "mu": [0.8636557902672264, 0.9083256079071003, 1.2306927435426767], "Sigma": [[0.01898858082167859, -0.006615756326301427, -0.021625370273534453], [-0.006615756326301429, 0.006675499553246295, 0.011686238515961261], [-0.021625370273534453, 0.011686238515961261, 0.057999481756849686]], "chi2_level": 0.99, "chi2_df": 3, "chi2_threshold": 11.344866730144373, "N_raw": 89, "N_roi": 89, "N_inlier": 88, "refit": true}
{"timestamp": "16:32:00.599469", "frame": 32, "mu": [0.7787529113407208, 0.9462135104722007, 1.3929699230731099], "Sigma": [[0.012798139941682751, -0.0017652717173857455, -0.009680448787812379], [-0.0017652717173857455, 0.003509254308653667, -0.0003010600786141995], [-0.009680448787812379, -0.00030106007861419916, 0.008954888888269013]], "chi2_level": 0.99, "chi2_df": 3, "chi2_threshold": 11.344866730144373, "N_raw": 86, "N_roi": 86, "N_inlier": 80, "refit": true}
{"timestamp": "16:32:00.649722", "frame": 33, "mu": [0.6599434108941766, 1.056043554496989, -0.2809209406590385], "Sigma": [[0.006232339745170647, 9.421668307022288e-05, -0.005169531318720742], [9.421668307022291e-05, 0.0036300404484167635, -0.0011886467585957797], [-0.005169531318720742, -0.0011886467585957797, 0.005948673639814844]], "chi2_level": 0.99, "chi2_df": 3, "chi2_threshold": 11.344866730144373, "N_raw": 51, "N_roi": 51, "N_inlier": 48, "refit": true}
{"timestamp": "16:32:00.709447", "frame": 34, "mu": [0.7035493963597776, 0.9011272605090912, 1.369596168993492], "Sigma": [[0.012149786191228567, -0.0016616852752190784, -0.012335788872340922], [-0.0016616852752190782, 0.0028416868277685793, -0.00012020846423472565], [-0.012335788872340922, -0.00012020846423472565, 0.030001607610353694]], "chi2_level": 0.99, "chi2_df": 3, "chi2_threshold": 11.344866730144373, "N_raw": 92, "N_roi": 92, "N_inlier": 89, "refit": true}
{"timestamp": "16:32:00.760355", "frame": 35, "mu": [0.6039792673657408, 0.9161838084531738, 1.427461676073988], "Sigma": [[0.00384669362134169, 0.00016042713121767888, -0.002649267143633357], [0.0001604271312176789, 0.004020208042356169, -0.002415628671657027], [-0.0026492671436333564, -0.002415628671657027, 0.0036488914108936486]], "chi2_level": 0.99, "chi2_df": 3, "chi2_threshold": 11.344866730144373, "N_raw": 63, "N_roi": 63, "N_inlier": 60, "refit": true}
{"timestamp": "16:32:00.812813", "frame": 36, "mu": [0.6230605777041621, 0.845309793541487, 1.3459891899290952], "Sigma": [[0.010198923230964378, -0.00551278931170536, -0.01891911582549349], [-0.005512789311705358, 0.004859959535167717, 0.011314139829170717], [-0.018919115825493486, 0.011314139829170717, 0.05305432083169387]], "chi2_level": 0.99, "chi2_df": 3, "chi2_threshold": 11.344866730144373, "N_raw": 37, "N_roi": 37, "N_inlier": 35, "refit": true}
{"timestamp": "16:32:00.863592", "frame": 37, "mu": [0.5541991320648504, 0.8828041640363555, 1.430151251672898], "Sigma": [[0.011944179267065907, -0.0007128357336295542, -0.011140189300734155], [-0.0007128357336295544, 0.0006918109042538523, 0.00030250352972957], [-0.011140189300734155, 0.0003025035297295699, 0.011168023905799377]], "chi2_level": 0.99, "chi2_df": 3, "chi2_threshold": 11.344866730144373, "N_raw": 17, "N_roi": 17, "N_inlier": 16, "refit": true}
{"timestamp": "16:32:00.925055", "frame": 38, "mu": [0.4741022930354211, 0.9298872068947447, -0.3900553862387296], "Sigma": [[0.005285456621304841, 0.002612325353761606, 0.0001774750341958242], [0.0026123253537616055, 0.004311259719256671, 0.001016812633611752], [0.00017747503419582376, 0.0010168126336117518, 0.015292484471564512]], "chi2_level": 0.99, "chi2_df": 3, "chi2_threshold": 11.344866730144373, "N_raw": 65, "N_roi": 64, "N_inlier": 59, "refit": true}
{"timestamp": "16:32:00.984461", "frame": 39, "mu": [0.5050632454389629, 0.8680390652057839, 1.3717586003328153], "Sigma": [[0.011587310088995087, 0.00013364067785981619, -0.012384003136579027], [0.0001336406778598165, 0.004545128808406124, -0.0025998522192103276], [-0.012384003136579027, -0.0025998522192103276, 0.015596153172072531]], "chi2_level": 0.99, "chi2_df": 3, "chi2_threshold": 11.344866730144373, "N_raw": 89, "N_roi": 89, "N_inlier": 87, "refit": true}
{"timestamp": "16:32:01.041799", "frame": 40, "mu": [0.45648946153877235, 1.0171494021627119, -0.4947549005096934], "Sigma": [[0.008809518167126445, 0.0008494101238318355, -0.011456093653829932], [0.0008494101238318356, 0.005742580728130495, -0.012238454997433656], [-0.011456093653829932, -0.012238454997433656, 0.05810366260134765]], "chi2_level": 0.99, "chi2_df": 3, "chi2_threshold": 11.344866730144373, "N_raw": 93, "N_roi": 93, "N_inlier": 93, "refit": true}
{"timestamp": "16:32:01.095061", "frame": 41, "mu": [0.4265348791516916, 0.856380480859298, 1.296398456846156], "Sigma": [[0.008908016984694934, -0.002356182084419489, -0.014282260111441089], [-0.0023561820844194893, 0.003444175966278917, 0.002180046891209095], [-0.014282260111441089, 0.002180046891209095, 0.030985372251697244]], "chi2_level": 0.99, "chi2_df": 3, "chi2_threshold": 11.344866730144373, "N_raw": 93, "N_roi": 92, "N_inlier": 89, "refit": true}
{"timestamp": "16:32:01.149355", "frame": 42, "mu": [0.31095632674184404, 0.8864999372251139, 1.304670985721429], "Sigma": [[0.007041582266278472, -0.0023751246795051745, -0.015319995187881541], [-0.0023751246795051745, 0.002825631332293336, 0.004447889028310767], [-0.01531999518788154, 0.004447889028310767, 0.04511408559868857]], "chi2_level": 0.99, "chi2_df": 3, "chi2_threshold": 11.344866730144373, "N_raw": 84, "N_roi": 84, "N_inlier": 83, "refit": true}
{"timestamp": "16:32:01.208119", "frame": 43, "mu": [0.31921845281137134, 0.8359588617116153, 1.2486537167147667], "Sigma": [[0.007258317415651023, -0.000828942817802995, -0.007568593908787566], [-0.000828942817802995, 0.004093210112190856, 0.008968722537100828], [-0.007568593908787566, 0.008968722537100828, 0.06980114322443116]], "chi2_level": 0.99, "chi2_df": 3, "chi2_threshold": 11.344866730144373, "N_raw": 119, "N_roi": 119, "N_inlier": 117, "refit": true}
{"timestamp": "16:32:01.258373", "frame": 44, "mu": [0.3107159307608938, 0.8645162609620525, 1.395267909847314], "Sigma": [[0.00804809737798423, -5.2246002079323246e-05, -0.009666029728459188], [-5.2246002079323246e-05, 0.0012882337893638902, -0.0018390213925851741], [-0.009666029728459188, -0.0018390213925851741, 0.015128442373643957]], "chi2_level": 0.99, "chi2_df": 3, "chi2_threshold": 11.344866730144373, "N_raw": 82, "N_roi": 82, "N_inlier": 81, "refit": true}
{"timestamp": "16:32:01.303002", "frame": 45, "mu": [0.26712461831717915, 0.7500799536518483, 1.0555143234587263], "Sigma": [[0.0027327832790790233, -0.0011950800226567014, 0.001478027887851853], [-0.0011950800226567017, 0.002879017736614787, 0.004224785924382567], [0.0014780278878518535, 0.004224785924382567, 0.07114384444199082]], "chi2_level": 0.99, "chi2_df": 3, "chi2_threshold": 11.344866730144373, "N_raw": 11, "N_roi": 11, "N_inlier": 11, "refit": true}
{"timestamp": "16:32:01.360126", "frame": 46, "mu": [0.24305643682933262, 0.8420900455658663, 1.2680521526019861], "Sigma": [[0.010698427051917545, -0.0013545234480953233, -0.005748902514586124], [-0.0013545234480953233, 0.002816283692360577, -0.010682517867051053], [-0.005748902514586124, -0.010682517867051053, 0.0704247418604895]], "chi2_level": 0.99, "chi2_df": 3, "chi2_threshold": 11.344866730144373, "N_raw": 33, "N_roi": 33, "N_inlier": 30, "refit": true}
{"timestamp": "16:32:01.418170", "frame": 47, "mu": [0.07637714023783534, 0.854161869041315, 1.5743601709548536], "Sigma": [[0.004049254229732264, -7.989971421428431e-05, 0.0013926132792334248], [-7.98997142142841e-05, 0.10595946854509049, 0.33794840856954067], [0.001392613279233425, 0.33794840856954067, 1.0989719249325576]], "chi2_level": 0.99, "chi2_df": 3, "chi2_threshold": 11.344866730144373, "N_raw": 55, "N_roi": 55, "N_inlier": 54, "refit": true}
{"timestamp": "16:32:01.474713", "frame": 48, "mu": [0.09841782420829086, 0.8577906844060308, -0.5181696275689988], "Sigma": [[0.016032843288711372, 0.004221488927872709, -0.00507453658222822], [0.004221488927872709, 0.0039173024288674824, -0.0020518487723756927], [-0.00507453658222822, -0.0020518487723756927, 0.013742689463852617]], "chi2_level": 0.99, "chi2_df": 3, "chi2_threshold": 11.344866730144373, "N_raw": 61, "N_roi": 61, "N_inlier": 57, "refit": true}
{"timestamp": "16:32:01.534238", "frame": 49, "mu": [0.11010640962195689, 0.7848911653945359, 1.3786007629672685], "Sigma": [[0.004260076765404072, -0.0011315855524725734, -0.0061224620742731176], [-0.0011315855524725734, 0.002758461806419605, -0.0004073990707274465], [-0.0061224620742731176, -0.00040739907072744654, 0.01166647879712362]], "chi2_level": 0.99, "chi2_df": 3, "chi2_threshold": 11.344866730144373, "N_raw": 88, "N_roi": 88, "N_inlier": 84, "refit": true}
{"timestamp": "16:32:01.583131", "frame": 50, "mu": [-0.05189756896124112, 0.7885703649821586, 1.457633048696142], "Sigma": [[0.0023096538878703736, -0.00045953745822946, -0.0014521709493743166], [-0.00045953745822946, 0.0009451887102344281, -0.0012009928900564063], [-0.0014521709493743166, -0.0012009928900564063, 0.006196554542422674]], "chi2_level": 0.99, "chi2_df": 3, "chi2_threshold": 11.344866730144373, "N_raw": 49, "N_roi": 49, "N_inlier": 47, "refit": true}
{"timestamp": "16:32:01.646341", "frame": 51, "mu": [0.013768759853167232, 0.7714300379468039, 1.3726414916281022], "Sigma": [[0.005107359400479169, -0.001448804926807276, -0.0053567891443543425], [-0.001448804926807276, 0.003560779231164087, -0.0012797080882279866], [-0.0053567891443543425, -0.0012797080882279866, 0.010240802629213829]], "chi2_level": 0.99, "chi2_df": 3, "chi2_threshold": 11.344866730144373, "N_raw": 102, "N_roi": 102, "N_inlier": 98, "refit": true}
{"timestamp": "16:32:01.702904", "frame": 52, "mu": [-0.08997177162805238, 0.7806187452547201, 1.4886847066222215], "Sigma": [[0.004532524592420313, -0.0007098797126139146, -0.0028450102342447207], [-0.0007098797126139146, 0.0033494780078423885, -0.0024627719175291333], [-0.0028450102342447202, -0.0024627719175291333, 0.004897184177613837]], "chi2_level": 0.99, "chi2_df": 3, "chi2_threshold": 11.344866730144373, "N_raw": 111, "N_roi": 111, "N_inlier": 108, "refit": true}
{"timestamp": "16:32:01.755153", "frame": 53, "mu": [-0.12832517733141652, 0.7632455704298416, 0.07256987733649811], "Sigma": [[0.006370007934907171, -0.006413146117411162, 0.03455509171418891], [-0.006413146117411162, 0.012701114525645135, -0.06657240202678052], [0.03455509171418891, -0.06657240202678052, 0.45130890278879315]], "chi2_level": 0.99, "chi2_df": 3, "chi2_threshold": 11.344866730144373, "N_raw": 96, "N_roi": 96, "N_inlier": 95, "refit": true}
{"timestamp": "16:32:01.801197", "frame": 54, "mu": [-0.28112513265170525, 0.7733792704145716, 0.9185757374188476], "Sigma": [[0.006049953094765691, 0.0013386767559818418, -0.045487343518538614], [0.0013386767559818418, 0.04155637967480053, -0.18854892351588765], [-0.045487343518538614, -0.18854892351588765, 1.4333236171222283]], "chi2_level": 0.99, "chi2_df": 3, "chi2_threshold": 11.344866730144373, "N_raw": 30, "N_roi": 27, "N_inlier": 25, "refit": true}
{"timestamp": "16:32:01.862052", "frame": 55, "mu": [-0.31332277604700204, 0.7223371541712396, 1.5434489631905322], "Sigma": [[0.0055129950054818065, -0.0031721720357233037, -0.004513034147310251], [-0.0031721720357233037, 0.004080567341674589, 0.0007967364591124885], [-0.004513034147310251, 0.0007967364591124883, 0.007445780516841419]], "chi2_level": 0.99, "chi2_df": 3, "chi2_threshold": 11.344866730144373, "N_raw": 73, "N_roi": 73, "N_inlier": 68, "refit": true}
{"timestamp": "16:32:01.922960", "frame": 56, "mu": [-0.25891483858176856, 0.6784096796683567, 1.4220231440591533], "Sigma": [[0.007756060436296979, -0.0032997508669093947, -0.010667370430832582], [-0.0032997508669093947, 0.0033277487319115498, 0.002779122871268683], [-0.010667370430832582, 0.002779122871268683, 0.023648730072772215]], "chi2_level": 0.99, "chi2_df": 3, "chi2_threshold": 11.344866730144373, "N_raw": 113, "N_roi": 110, "N_inlier": 106, "refit": true}
{"timestamp": "16:32:01.969324", "frame": 57, "mu": [-0.34860394610315404, 0.7417035519208498, 1.4800768129925443], "Sigma": [[0.011618342938158754, 0.001651586202288364, -0.013489166074712022], [0.001651586202288364, 0.0018522395548101922, -0.0035786350494003364], [-0.013489166074712023, -0.0035786350494003364, 0.018659579979506565]], "chi2_level": 0.99, "chi2_df": 3, "chi2_threshold": 11.344866730144373, "N_raw": 54, "N_roi": 54, "N_inlier": 51, "refit": true}
{"timestamp": "16:32:02.031201", "frame": 58, "mu": [-0.35188804670355156, 0.676182486343795, 1.4385131549165808], "Sigma": [[0.015320332692139947, -0.005997772461516706, -0.01867723216823764], [-0.005997772461516706, 0.003635658336546598, 0.005716647181340365], [-0.01867723216823764, 0.005716647181340364, 0.02727505080320129]], "chi2_level": 0.99, "chi2_df": 3, "chi2_threshold": 11.344866730144373, "N_raw": 106, "N_roi": 106, "N_inlier": 95, "refit": true}
{"timestamp": "16:32:02.087674", "frame": 59, "mu": [-0.40403016108104933, 0.6989794863313509, 1.4648367160729876], "Sigma": [[0.009591848118986595, -0.007865511839015774, -0.011648540630450791], [-0.007865511839015774, 0.00864621076257875, 0.008203433181030218], [-0.011648540630450791, 0.008203433181030218, 0.019275777147303923]], "chi2_level": 0.99, "chi2_df": 3, "chi2_threshold": 11.344866730144373, "N_raw": 115, "N_roi": 115, "N_inlier": 109, "refit": true}
{"timestamp": "16:32:02.145042", "frame": 60, "mu": [-0.5473918957476676, 0.674736963276498, 1.513251682843411], "Sigma": [[0.030812567555367376, 0.003895993996097736, -0.025158733278342803], [0.003895993996097735, 0.006238396319085551, -0.0062408421298750785], [-0.025158733278342803, -0.0062408421298750785, 0.025858967194688897]], "chi2_level": 0.99, "chi2_df": 3, "chi2_threshold": 11.344866730144373, "N_raw": 124, "N_roi": 124, "N_inlier": 124, "refit": true}
{"timestamp": "16:32:02.202139", "frame": 61, "mu": [-0.5333331329797548, 0.6443791540235797, 1.4490670663881788], "Sigma": [[0.028329063088020183, -0.004135969014073877, -0.025031944706379983], [-0.004135969014073878, 0.010232980162160161, 0.00391058434283001], [-0.025031944706379983, 0.00391058434283001, 0.028621397708009852]], "chi2_level": 0.99, "chi2_df": 3, "chi2_threshold": 11.344866730144373, "N_raw": 140, "N_roi": 140, "N_inlier": 135, "refit": true}
{"timestamp": "16:32:02.248113", "frame": 62, "mu": [-0.6104871054452017, 0.7369744958029563, 1.4904093678060968], "Sigma": [[0.026722475059971808, 0.013309397880568698, -0.021472702345511557], [0.013309397880568698, 0.012670186348052623, -0.013768044771552935], [-0.021472702345511557, -0.013768044771552935, 0.022593520359785402]], "chi2_level": 0.99, "chi2_df": 3, "chi2_threshold": 11.344866730144373, "N_raw": 75, "N_roi": 74, "N_inlier": 68, "refit": true}
{"timestamp": "16:32:02.304059", "frame": 63, "mu": [-0.8757808399255055, 0.6506161831855887, 1.74191686251156], "Sigma": [[0.010400021547338082, 0.003354498536862309, -0.005584795279363263], [0.003354498536862308, 0.006938550490430995, -0.0055686551358886055], [-0.005584795279363263, -0.0055686551358886055, 0.0068271307321882335]], "chi2_level": 0.99, "chi2_df": 3, "chi2_threshold": 11.344866730144373, "N_raw": 90, "N_roi": 90, "N_inlier": 82, "refit": true}
{"timestamp": "16:32:02.357999", "frame": 64, "mu": [-0.9211474001787588, 0.6493707400638655, 1.7376506249669712], "Sigma": [[0.008213482236588849, 0.003369885335505381, -0.004280322569310198], [0.003369885335505381, 0.007407320679117483, -0.006120212537236236], [-0.004280322569310198, -0.006120212537236237, 0.006157665821907053]], "chi2_level": 0.99, "chi2_df": 3, "chi2_threshold": 11.344866730144373, "N_raw": 78, "N_roi": 78, "N_inlier": 75, "refit": true}
{"timestamp": "16:32:02.409723", "frame": 65, "mu": [-0.9224854213388787, 0.6767863161155226, 1.7270753002764188], "Sigma": [[0.015232944538869855, 0.003238056151795147, -0.010577374174114126], [0.003238056151795147, 0.005875957747942493, -0.0060522097181752955], [-0.010577374174114126, -0.0060522097181752955, 0.011897627868456384]], "chi2_level": 0.99, "chi2_df": 3, "chi2_threshold": 11.344866730144373, "N_raw": 64, "N_roi": 64, "N_inlier": 62, "refit": true}
{"timestamp": "16:32:02.460680", "frame": 66, "mu": [-0.9163716973724237, 0.7813551073182835, 1.6218773271620917], "Sigma": [[0.03862496863071736, -0.002685160161657159, -0.05314840873632304], [-0.0026851601616571584, 0.013401625821817883, 0.005859019175451282], [-0.05314840873632304, 0.005859019175451283, 0.09828595076772612]], "chi2_level": 0.99, "chi2_df": 3, "chi2_threshold": 11.344866730144373, "N_raw": 28, "N_roi": 28, "N_inlier": 25, "refit": true}
{"timestamp": "16:32:02.520343", "frame": 67, "mu": [-0.9284852100025812, 0.7631575772907653, 1.6516019526719172], "Sigma": [[0.017808897891085515, 0.004924484208412471, -0.017182582799840473], [0.004924484208412471, 0.00799996253833201, -0.007933858982597146], [-0.017182582799840473, -0.007933858982597146, 0.019975493950672243]], "chi2_level": 0.99, "chi2_df": 3, "chi2_threshold": 11.344866730144373, "N_raw": 65, "N_roi": 65, "N_inlier": 63, "refit": true}
{"timestamp": "16:32:02.570995", "frame": 68, "mu": [-0.9945137208569199, 0.7739331006219338, -0.17556677016084082], "Sigma": [[0.010210456431254534, 0.0068352232703937695, -0.0011289986022907641], [0.0068352232703937695, 0.012412529392216707, -0.0005083137715866827], [-0.0011289986022907641, -0.0005083137715866825, 0.004911558508611981]], "chi2_level": 0.99, "chi2_df": 3, "chi2_threshold": 11.344866730144373, "N_raw": 37, "N_roi": 37, "N_inlier": 36, "refit": true}
{"timestamp": "16:32:02.627777", "frame": 69, "mu": [-1.088032435017743, 0.740808990878836, 1.6928323345688452], "Sigma": [[0.0091147164666833, 0.0012232320553693648, -0.005419093634862026], [0.0012232320553693648, 0.005424003469061838, -0.0019835716447301624], [-0.005419093634862026, -0.0019835716447301624, 0.005819053224827341]], "chi2_level": 0.99, "chi2_df": 3, "chi2_threshold": 11.344866730144373, "N_raw": 45, "N_roi": 45, "N_inlier": 43, "refit": true}
{"timestamp": "16:32:02.687242", "frame": 70, "mu": [-1.0352794190272894, 0.7489570842566045, -0.371005075038367], "Sigma": [[0.011032422151409019, 7.211113031806813e-05, -0.007225218516865215], [7.211113031806794e-05, 0.009302890486124071, 0.005253751862398232], [-0.007225218516865215, 0.005253751862398232, 0.022101549049804842]], "chi2_level": 0.99, "chi2_df": 3, "chi2_threshold": 11.344866730144373, "N_raw": 78, "N_roi": 78, "N_inlier": 73, "refit": true}
{"timestamp": "16:32:02.746708", "frame": 71, "mu": [-1.029699636705215, 0.7806485139999911, 1.5638054531326118], "Sigma": [[0.014787956395785113, -0.0001651880238872041, -0.013370305635115588], [-0.000165188023887204, 0.015512505113941432, 0.00297192391838926], [-0.013370305635115588, 0.00297192391838926, 0.021752327387188977]], "chi2_level": 0.99, "chi2_df": 3, "chi2_threshold": 11.344866730144373, "N_raw": 109, "N_roi": 109, "N_inlier": 105, "refit": true}
{"timestamp": "16:32:02.805329", "frame": 72, "mu": [-1.0727483589700655, 0.7232828812532437, 1.3996036120649065], "Sigma": [[0.02647321133839066, 0.006043998095649997, -0.03573679211426933], [0.006043998095649997, 0.01915838092349452, -0.0127004189340474], [-0.03573679211426933, -0.0127004189340474, 0.06859725594614836]], "chi2_level": 0.99, "chi2_df": 3, "chi2_threshold": 11.344866730144373, "N_raw": 131, "N_roi": 131, "N_inlier": 129, "refit": true}
{"timestamp": "16:32:02.855251", "frame": 73, "mu": [-1.1566854279919458, 0.8156340635997269, 1.6368821676448573], "Sigma": [[0.016619187323774882, 0.0007979038135739278, -0.012972068090233126], [0.0007979038135739278, 0.01034438913038037, -0.0003065636084763514], [-0.012972068090233128, -0.00030656360847635127, 0.01588168982616743]], "chi2_level": 0.99, "chi2_df": 3, "chi2_threshold": 11.344866730144373, "N_raw": 93, "N_roi": 93, "N_inlier": 89, "refit": true}
{"timestamp": "16:32:02.910245", "frame": 74, "mu": [-1.1730347404491026, 0.8802315208024873, -0.2877961131561657], "Sigma": [[0.013556321354299678, 0.006728459570930871, 0.0007906236443676736], [0.006728459570930871, 0.0162833872217125, 0.005893842273761496], [0.0007906236443676736, 0.005893842273761496, 0.0056750233762494565]], "chi2_level": 0.99, "chi2_df": 3, "chi2_threshold": 11.344866730144373, "N_raw": 94, "N_roi": 94, "N_inlier": 88, "refit": true}
{"timestamp": "16:32:02.958199", "frame": 75, "mu": [-1.2308905005055832, 0.9036144758861627, -0.15025624754896752], "Sigma": [[0.008961222916446113, 0.0036942551452823053, -0.00684397366117766], [0.0036942551452823053, 0.009401348540340007, -0.002170617309667913], [-0.00684397366117766, -0.002170617309667913, 0.00619952016274836]], "chi2_level": 0.99, "chi2_df": 3, "chi2_threshold": 11.344866730144373, "N_raw": 50, "N_roi": 50, "N_inlier": 49, "refit": true}
{"timestamp": "16:32:03.017626", "frame": 76, "mu": [-1.2560527355400388, 0.7607179899582852, 1.4326894959002718], "Sigma": [[0.012109580718111851, 0.005019007366609592, -0.004155755296902776], [0.005019007366609593, 0.027331619211805814, 0.006443880952874556], [-0.004155755296902776, 0.006443880952874554, 0.00828354696538216]], "chi2_level": 0.99, "chi2_df": 3, "chi2_threshold": 11.344866730144373, "N_raw": 82, "N_roi": 82, "N_inlier": 79, "refit": true}
{"timestamp": "16:32:03.079502", "frame": 77, "mu": [-1.2652638830723035, 0.750170631234689, 1.3627002081243669], "Sigma": [[0.01703385667771637, 0.011819041033165917, -0.0017401191924256436], [0.011819041033165917, 0.03580047623554697, 0.004441178491499718], [-0.001740119192425644, 0.004441178491499717, 0.013605105400217294]], "chi2_level": 0.99, "chi2_df": 3, "chi2_threshold": 11.344866730144373, "N_raw": 123, "N_roi": 123, "N_inlier": 118, "refit": true}
{"timestamp": "16:32:03.130144", "frame": 78, "mu": [-1.3055892210282558, 0.7835156911911968, 1.3803449940373218], "Sigma": [[0.014580759489733046, 0.009814935431700384, -0.004008032347599078], [0.009814935431700382, 0.01984666161985539, -0.005429637868738613], [-0.004008032347599078, -0.005429637868738613, 0.003979020658888111]], "chi2_level": 0.99, "chi2_df": 3, "chi2_threshold": 11.344866730144373, "N_raw": 97, "N_roi": 97, "N_inlier": 95, "refit": true}
{"timestamp": "16:32:03.181286", "frame": 79, "mu": [-1.3654109430541308, 0.9029597843427493, 1.514087304821006], "Sigma": [[0.010766296078320277, 0.0022517698182020853, -0.007114563102139444], [0.0022517698182020853, 0.01272156561252999, -0.002098829453257151], [-0.007114563102139444, -0.0020988294532571505, 0.005603578429689633]], "chi2_level": 0.99, "chi2_df": 3, "chi2_threshold": 11.344866730144373, "N_raw": 72, "N_roi": 72, "N_inlier": 69, "refit": true}
{"timestamp": "16:32:03.233611", "frame": 80, "mu": [-1.4092191847644537, 0.9518441018642698, 1.5104441695447666], "Sigma": [[0.013740309959246902, 0.005441549437400167, -0.014453229666076994], [0.005441549437400168, 0.00988476101457957, -0.009785614661814636], [-0.014453229666076997, -0.009785614661814636, 0.022769118619097375]], "chi2_level": 0.99, "chi2_df": 3, "chi2_threshold": 11.344866730144373, "N_raw": 56, "N_roi": 56, "N_inlier": 52, "refit": true}
{"timestamp": "16:32:03.297065", "frame": 81, "mu": [-1.3376299229733706, 1.013381960855503, -0.6624590624354805], "Sigma": [[0.016871341290661875, 0.014644529309442624, -0.01135048159870609], [0.014644529309442624, 0.054816605118851794, -0.04218268678832188], [-0.011350481598706092, -0.04218268678832188, 0.03349704666351347]], "chi2_level": 0.99, "chi2_df": 3, "chi2_threshold": 11.344866730144373, "N_raw": 114, "N_roi": 114, "N_inlier": 111, "refit": true}
{"timestamp": "16:32:03.350348", "frame": 82, "mu": [-1.3868343473950409, 1.0389798534127128, 1.476645553056927], "Sigma": [[0.01749251143844839, 0.006592291724636457, -0.012636648547976349], [0.006592291724636457, 0.012583347283289971, -0.006901750592310807], [-0.012636648547976347, -0.006901750592310807, 0.012510270231737133]], "chi2_level": 0.99, "chi2_df": 3, "chi2_threshold": 11.344866730144373, "N_raw": 95, "N_roi": 95, "N_inlier": 91, "refit": true}
{"timestamp": "16:32:03.401519", "frame": 83, "mu": [-1.554920137138731, 1.0545998829894134, -0.39029379286893706], "Sigma": [[0.014797944424682482, 0.007695989683454, -0.0032347330075238514], [0.007695989683454, 0.0174576487126422, -0.0016204018193042972], [-0.0032347330075238514, -0.0016204018193042968, 0.008766863691335775]], "chi2_level": 0.99, "chi2_df": 3, "chi2_threshold": 11.344866730144373, "N_raw": 68, "N_roi": 68, "N_inlier": 66, "refit": true}
{"timestamp": "16:32:03.458964", "frame": 84, "mu": [-1.4707310009122327, 1.067313510458651, 1.4653025104800792], "Sigma": [[0.01649452861850567, 0.006961607056721398, -0.012443217828284106], [0.006961607056721398, 0.012801813660620982, -0.008893205602183926], [-0.012443217828284107, -0.008893205602183924, 0.011417216116886928]], "chi2_level": 0.99, "chi2_df": 3, "chi2_threshold": 11.344866730144373, "N_raw": 89, "N_roi": 89, "N_inlier": 87, "refit": true}
{"timestamp": "16:32:03.510801", "frame": 85, "mu": [-1.4813878772862226, 1.1166930982147356, 1.4861488347979366], "Sigma": [[0.014418121065370543, 0.008541309383771631, -0.012295633221270372], [0.008541309383771631, 0.014097623055374481, -0.0076584662129271135], [-0.012295633221270372, -0.007658466212927114, 0.01118026469014055]], "chi2_level": 0.99, "chi2_df": 3, "chi2_threshold": 11.344866730144373, "N_raw": 65, "N_roi": 65, "N_inlier": 64, "refit": true}
{"timestamp": "16:32:03.566472", "frame": 86, "mu": [-1.4627924433554957, 1.1165436809575078, 1.336891044259412], "Sigma": [[0.015559152840755831, 0.0133300621649439, -0.006184392663689311], [0.0133300621649439, 0.013641872697972178, -0.008636824310325038], [-0.006184392663689311, -0.008636824310325038, 0.014988214244519142]], "chi2_level": 0.99, "chi2_df": 3, "chi2_threshold": 11.344866730144373, "N_raw": 76, "N_roi": 76, "N_inlier": 73, "refit": true}
