{"timestamp": "16:42:13.415113", "frame": 33, "mu": [-0.5735004370569655, 0.80021561012973, -0.9826744837814403], "Sigma": [[4.2790532418558245, -0.06231327790610655, 0.04050352254051997], [-0.062313277906106544, 0.008237995855516269, 0.0004994111400982468], [0.04050352254051995, 0.0004994111400982468, 0.011173272866333735]], "chi2_level": 0.99, "chi2_df": 3, "chi2_threshold": 11.344866730144373, "N_raw": 9, "N_roi": 9, "N_inlier": 9, "refit": true}
{"timestamp": "16:42:13.471812", "frame": 34, "mu": [-0.5347158154200982, 0.608597275797759, 0.9119503389883766], "Sigma": [[4.1301569780363065, -0.204218114042594, 0.07754226498602523], [-0.204218114042594, 0.028130424888526722, 0.010689609792008744], [0.07754226498602525, 0.010689609792008744, 0.02655499545927716]], "chi2_level": 0.99, "chi2_df": 3, "chi2_threshold": 11.344866730144373, "N_raw": 15, "N_roi": 15, "N_inlier": 15, "refit": true}
{"timestamp": "16:42:13.583003", "frame": 36, "mu": [-1.604636557677959, 0.8431841285664952, -0.7383774762953671], "Sigma": [[1.4515898857706988, -0.05917882765341216, 0.020505376792439002], [-0.05917882765341216, 0.01630801037052801, -0.0038321784580007392], [0.020505376792439, -0.0038321784580007392, 0.0016567036489471526]], "chi2_level": 0.99, "chi2_df": 3, "chi2_threshold": 11.344866730144373, "N_raw": 24, "N_roi": 24, "N_inlier": 24, "refit": true}
{"timestamp": "16:42:13.638538", "frame": 37, "mu": [-1.9355112005841777, 0.6481453976618623, 1.0672006215306313], "Sigma": [[0.004980479255940233, 0.004850359762009864, -0.0016996193600273607], [0.004850359762009865, 0.011487041094870106, -0.0026655940441029594], [-0.0016996193600273609, -0.0026655940441029594, 0.01108289848716853]], "chi2_level": 0.99, "chi2_df": 3, "chi2_threshold": 11.344866730144373, "N_raw": 37, "N_roi": 37, "N_inlier": 32, "refit": true}
{"timestamp": "16:42:13.692056", "frame": 38, "mu": [-1.447608585995295, 0.5945187297873088, 0.9760506462414407], "Sigma": [[1.4154836565204427, -0.05876980206291355, -0.0353915983874074], [-0.058769802062913545, 0.027371399700823862, 0.02998694959339656], [-0.0353915983874074, 0.029986949593396567, 0.059219879711098565]], "chi2_level": 0.99, "chi2_df": 3, "chi2_threshold": 11.344866730144373, "N_raw": 27, "N_roi": 27, "N_inlier": 27, "refit": true}
{"timestamp": "16:42:13.757454", "frame": 39, "mu": [-1.8261164345609975, 0.771824706854177, -0.3308981612054134], "Sigma": [[0.015210845879475257, 0.004345837559787151, 0.007287922141854357], [0.004345837559787151, 0.008859233857204213, -0.019710298357004448], [0.007287922141854359, -0.019710298357004448, 0.4620134339601989]], "chi2_level": 0.99, "chi2_df": 3, "chi2_threshold": 11.344866730144373, "N_raw": 92, "N_roi": 92, "N_inlier": 87, "refit": true}
{"timestamp": "16:42:13.815312", "frame": 40, "mu": [-1.737533547725783, 0.597770895743404, -0.3596905798713455], "Sigma": [[0.013409937359529731, 0.005729334353302584, 0.004102481166906923], [0.005729334353302584, 0.018145863794185917, 0.05986923325536841], [0.004102481166906923, 0.05986923325536841, 0.635001234419395]], "chi2_level": 0.99, "chi2_df": 3, "chi2_threshold": 11.344866730144373, "N_raw": 96, "N_roi": 96, "N_inlier": 91, "refit": true}
{"timestamp": "16:42:13.873809", "frame": 41, "mu": [-1.7056432076299477, 0.6025194541541651, 1.061943357385533], "Sigma": [[0.01349921143325158, 0.0035372813949566457, 0.01232438345622575], [0.0035372813949566457, 0.016227467088904598, -0.010201685447166601], [0.012324383456225748, -0.010201685447166601, 0.032075412694599625]], "chi2_level": 0.99, "chi2_df": 3, "chi2_threshold": 11.344866730144373, "N_raw": 110, "N_roi": 110, "N_inlier": 101, "refit": true}
{"timestamp": "16:42:13.925517", "frame": 42, "mu": [-1.6538325815158448, 0.8028570745081014, -0.765597344714713], "Sigma": [[0.014131047687462152, 0.0021384101130764105, 0.015163535030487302], [0.0021384101130764105, 0.016420109529174214, -0.009972347256318612], [0.015163535030487299, -0.009972347256318612, 0.033877769759229646]], "chi2_level": 0.99, "chi2_df": 3, "chi2_threshold": 11.344866730144373, "N_raw": 93, "N_roi": 93, "N_inlier": 90, "refit": true}
{"timestamp": "16:42:13.982146", "frame": 43, "mu": [-1.5240213098861735, 0.6737145898187046, -0.10796130158011708], "Sigma": [[0.01362191032760345, 0.006775200268033256, 0.018129529370610617], [0.006775200268033256, 0.012403880287678954, -0.0271932986848741], [0.018129529370610617, -0.0271932986848741, 0.5169719112045096]], "chi2_level": 0.99, "chi2_df": 3, "chi2_threshold": 11.344866730144373, "N_raw": 102, "N_roi": 102, "N_inlier": 100, "refit": true}
{"timestamp": "16:42:14.034224", "frame": 44, "mu": [-1.4860622539253574, 0.5710664516868635, 1.1993575071869302], "Sigma": [[0.009751267353298633, 0.004643832544146497, 0.0041329521059114156], [0.004643832544146497, 0.010672495761803473, -0.004335203729443126], [0.0041329521059114156, -0.004335203729443127, 0.017636807391118198]], "chi2_level": 0.99, "chi2_df": 3, "chi2_threshold": 11.344866730144373, "N_raw": 84, "N_roi": 84, "N_inlier": 81, "refit": true}
{"timestamp": "16:42:14.087113", "frame": 45, "mu": [-1.4088634121424022, 0.6117108194520012, 1.3131158123328173], "Sigma": [[0.008392070775498467, 0.002427515434861517, 0.004193175407296648], [0.0024275154348615165, 0.008538237546878975, -0.006240243986731507], [0.004193175407296647, -0.006240243986731507, 0.016414376407815845]], "chi2_level": 0.99, "chi2_df": 3, "chi2_threshold": 11.344866730144373, "N_raw": 74, "N_roi": 74, "N_inlier": 72, "refit": true}
{"timestamp": "16:42:14.140590", "frame": 46, "mu": [-1.3590977260152342, 0.5608143160731627, 1.3123842684681661], "Sigma": [[0.00982111324726817, 0.0036605567221564524, 0.002430352210300474], [0.0036605567221564533, 0.010016375336005209, -0.0036816033724624843], [0.002430352210300474, -0.0036816033724624843, 0.006512968081202161]], "chi2_level": 0.99, "chi2_df": 3, "chi2_threshold": 11.344866730144373, "N_raw": 65, "N_roi": 65, "N_inlier": 63, "refit": true}
{"timestamp": "16:42:14.199209", "frame": 47, "mu": [-0.9686321030525548, 0.5129362547229395, 1.2760163470106565], "Sigma": [[0.6896827479012123, -0.04543802298855078, -0.017361790380878817], [-0.045438022988550784, 0.025272083599831616, 0.017124197174396318], [-0.01736179038087882, 0.017124197174396318, 0.02866645811082311]], "chi2_level": 0.99, "chi2_df": 3, "chi2_threshold": 11.344866730144373, "N_raw": 91, "N_roi": 91, "N_inlier": 89, "refit": true}
{"timestamp": "16:42:14.253952", "frame": 48, "mu": [-1.1882712798153112, 0.60879741504145, 1.3834261864261395], "Sigma": [[0.017728807006029412, 0.011423020087920741, 0.0026004866514909956], [0.011423020087920741, 0.01454278126521847, -0.000622158978956064], [0.0026004866514909956, -0.000622158978956064, 0.00472444082632205]], "chi2_level": 0.99, "chi2_df": 3, "chi2_threshold": 11.344866730144373, "N_raw": 87, "N_roi": 87, "N_inlier": 83, "refit": true}
{"timestamp": "16:42:14.309952", "frame": 49, "mu": [-1.0806409642077877, 0.6431991067561655, 1.4294223348835302], "Sigma": [[0.01643449120607897, 0.017716405370106852, 0.008122487497978594], [0.01771640537010685, 0.025231823864094907, 0.009744545802488284], [0.008122487497978594, 0.009744545802488284, 0.01468111503086194]], "chi2_level": 0.99, "chi2_df": 3, "chi2_threshold": 11.344866730144373, "N_raw": 91, "N_roi": 91, "N_inlier": 88, "refit": true}
{"timestamp": "16:42:14.364520", "frame": 50, "mu": [-1.0367490948685552, 0.663369524418528, 1.4140374526705732], "Sigma": [[0.021091541458437977, 0.018062132964709342, 0.007867982908925873], [0.018062132964709342, 0.022864405394861086, 0.011701824710806026], [0.007867982908925871, 0.011701824710806028, 0.013584024975270033]], "chi2_level": 0.99, "chi2_df": 3, "chi2_threshold": 11.344866730144373, "N_raw": 89, "N_roi": 89, "N_inlier": 86, "refit": true}
{"timestamp": "16:42:14.421691", "frame": 51, "mu": [-0.9950304197784665, 0.7496635940447235, 1.4674809406745333], "Sigma": [[0.017875913537004982, 0.007605682581801073, -0.0036448020765851895], [0.007605682581801073, 0.0069366496396297125, -0.004164639356685032], [-0.00364480207658519, -0.004164639356685032, 0.005340152781307055]], "chi2_level": 0.99, "chi2_df": 3, "chi2_threshold": 11.344866730144373, "N_raw": 101, "N_roi": 101, "N_inlier": 98, "refit": true}
{"timestamp": "16:42:14.466237", "frame": 52, "mu": [-0.9131040449880421, 0.7970510389807951, 1.332510432807992], "Sigma": [[0.0196123481841481, 0.010894608062034291, -0.028401070440010966], [0.010894608062034291, 0.012827263577643194, -0.00884956582706368], [-0.028401070440010962, -0.00884956582706368, 0.06769300384717634]], "chi2_level": 0.99, "chi2_df": 3, "chi2_threshold": 11.344866730144373, "N_raw": 31, "N_roi": 31, "N_inlier": 30, "refit": true}
{"timestamp": "16:42:14.526152", "frame": 53, "mu": [-0.678569492935121, 0.9968936820731515, -0.5148019642264872], "Sigma": [[0.0027567009291760034, 0.0010309124501743194, 0.0003867357231046853], [0.0010309124501743194, 0.008556159609335298, -0.006935074394415685], [0.0003867357231046853, -0.006935074394415685, 0.08875498858400115]], "chi2_level": 0.99, "chi2_df": 3, "chi2_threshold": 11.344866730144373, "N_raw": 73, "N_roi": 73, "N_inlier": 71, "refit": true}
{"timestamp": "16:42:14.582002", "frame": 54, "mu": [-0.6132508681302329, 0.8936724136502561, 1.3678574496585552], "Sigma": [[0.0035560571904715114, -0.0010353313026040386, -0.0015437175427703682], [-0.0010353313026040386, 0.002303679819821212, 0.003894541243311701], [-0.0015437175427703682, 0.003894541243311701, 0.05116766246767224]], "chi2_level": 0.99, "chi2_df": 3, "chi2_threshold": 11.344866730144373, "N_raw": 69, "N_roi": 66, "N_inlier": 64, "refit": true}
{"timestamp": "16:42:14.638520", "frame": 55, "mu": [-0.5582547904719748, 0.9170005636614131, 1.373658764164441], "Sigma": [[0.004010478531963073, -0.0006642628412900816, -0.0012265310222174192], [-0.0006642628412900816, 0.0032293259672325674, -0.005000788566280809], [-0.0012265310222174192, -0.005000788566280809, 0.032816885829381054]], "chi2_level": 0.99, "chi2_df": 3, "chi2_threshold": 11.344866730144373, "N_raw": 86, "N_roi": 84, "N_inlier": 83, "refit": true}
{"timestamp": "16:42:14.688900", "frame": 56, "mu": [-0.4576933191365072, 0.8937361872774033, 1.2762548495566028], "Sigma": [[0.0023758319718550102, -0.00034339288350662006, -0.006189084881152853], [-0.00034339288350661995, 0.0017843467398763468, 0.004362443292627698], [-0.006189084881152852, 0.004362443292627698, 0.11056130099048186]], "chi2_level": 0.99, "chi2_df": 3, "chi2_threshold": 11.344866730144373, "N_raw": 47, "N_roi": 47, "N_inlier": 47, "refit": true}
{"timestamp": "16:42:14.749937", "frame": 57, "mu": [-0.3866121745858015, 0.9188656001851723, 1.3915779251627178], "Sigma": [[0.003823779395562151, -0.000660851605426315, 0.0013054307651977294], [-0.0006608516054263149, 0.0038263610679640054, 0.000664261791538989], [0.0013054307651977294, 0.0006642617915389888, 0.02426674850077357]], "chi2_level": 0.99, "chi2_df": 3, "chi2_threshold": 11.344866730144373, "N_raw": 87, "N_roi": 87, "N_inlier": 83, "refit": true}
{"timestamp": "16:42:14.801586", "frame": 58, "mu": [-0.2960760740471931, 0.8886090907497649, 1.4056220116451996], "Sigma": [[0.002274486676149725, 5.116743956936515e-05, 0.0008267794778111668], [5.1167439569365146e-05, 0.0028428324315685556, -0.0026927611351743952], [0.0008267794778111669, -0.0026927611351743952, 0.00321296044222562]], "chi2_level": 0.99, "chi2_df": 3, "chi2_threshold": 11.344866730144373, "N_raw": 62, "N_roi": 62, "N_inlier": 59, "refit": true}
{"timestamp": "16:42:14.861498", "frame": 59, "mu": [-0.23163129428800985, 0.9315055741465216, 1.2308033034887405], "Sigma": [[0.006431302407501689, 0.007697532867351406, -0.005409958497152196], [0.007697532867351406, 0.020163527036377304, -0.0027931721666067284], [-0.005409958497152196, -0.0027931721666067293, 0.06970031145908537]], "chi2_level": 0.99, "chi2_df": 3, "chi2_threshold": 11.344866730144373, "N_raw": 96, "N_roi": 96, "N_inlier": 93, "refit": true}
{"timestamp": "16:42:14.915960", "frame": 60, "mu": [-0.14962581813332376, 0.8765550215868613, 1.2768118404613866], "Sigma": [[0.003111020209507741, 0.00261880645898516, 0.00542912824353532], [0.0026188064589851593, 0.008979676202284877, 0.016084140305775874], [0.0054291282435353205, 0.016084140305775874, 0.05823417231550801]], "chi2_level": 0.99, "chi2_df": 3, "chi2_threshold": 11.344866730144373, "N_raw": 95, "N_roi": 95, "N_inlier": 90, "refit": true}
{"timestamp": "16:42:14.971608", "frame": 61, "mu": [-0.08575020843602048, 0.9134219503100123, 1.4036350024543471], "Sigma": [[0.00665093165496142, 0.0006488010518786351, 0.0016030128227070678], [0.000648801051878635, 0.0021996992111123718, -0.0019521460161816215], [0.0016030128227070678, -0.0019521460161816212, 0.0040730224207122115]], "chi2_level": 0.99, "chi2_df": 3, "chi2_threshold": 11.344866730144373, "N_raw": 102, "N_roi": 102, "N_inlier": 99, "refit": true}
{"timestamp": "16:42:15.021503", "frame": 62, "mu": [-0.06144669029280679, 0.814753628279945, 1.3541290383246176], "Sigma": [[0.002923954756140796, 0.0033870586167509416, 0.00572656718826249], [0.0033870586167509416, 0.010462119787305586, 0.008793638232376708], [0.005726567188262491, 0.008793638232376708, 0.017688519122426725]], "chi2_level": 0.99, "chi2_df": 3, "chi2_threshold": 11.344866730144373, "N_raw": 66, "N_roi": 66, "N_inlier": 65, "refit": true}
{"timestamp": "16:42:15.075671", "frame": 63, "mu": [0.008337988900879445, 0.7895797171613813, 1.339526029198827], "Sigma": [[0.0028053093291703535, 0.0022415292821559374, 0.005586562653377655], [0.002241529282155938, 0.006838608882266736, 0.006950182637258304], [0.005586562653377655, 0.0069501826372583035, 0.02013574626370926]], "chi2_level": 0.99, "chi2_df": 3, "chi2_threshold": 11.344866730144373, "N_raw": 67, "N_roi": 67, "N_inlier": 63, "refit": true}
{"timestamp": "16:42:15.129914", "frame": 64, "mu": [0.0919788970763643, 0.8202046146045664, 1.3591213924419734], "Sigma": [[0.0021911241400039538, 0.0002909568954977457, 0.0019267221660159962], [0.0002909568954977457, 0.006019340970079935, 0.002452964268048744], [0.0019267221660159957, 0.0024529642680487435, 0.009582854125518184]], "chi2_level": 0.99, "chi2_df": 3, "chi2_threshold": 11.344866730144373, "N_raw": 60, "N_roi": 60, "N_inlier": 57, "refit": true}
{"timestamp": "16:42:15.188976", "frame": 65, "mu": [0.15927802939335606, 0.9383615845603187, 1.347870912979522], "Sigma": [[0.0027937407743816095, 0.002238099681905834, 0.006514301736506108], [0.002238099681905834, 0.007744975874190682, 0.017832138083519786], [0.006514301736506108, 0.01783213808351979, 0.08062707978765099]], "chi2_level": 0.99, "chi2_df": 3, "chi2_threshold": 11.344866730144373, "N_raw": 81, "N_roi": 81, "N_inlier": 78, "refit": true}
{"timestamp": "16:42:15.234897", "frame": 66, "mu": [0.24495466757778184, 0.9012264946046288, 1.144888065623039], "Sigma": [[0.0008416813808965281, -0.0001569742073368258, -0.005169264279177082], [-0.00015697420733682592, 0.00902894134842982, 0.04007151034427721], [-0.005169264279177082, 0.04007151034427721, 0.3959611519672596]], "chi2_level": 0.99, "chi2_df": 3, "chi2_threshold": 11.344866730144373, "N_raw": 19, "N_roi": 19, "N_inlier": 19, "refit": true}
{"timestamp": "16:42:15.289880", "frame": 67, "mu": [0.29225860979787194, 0.9742637687110887, 1.2968604938211283], "Sigma": [[0.0019154141988747136, 0.0005286421840760242, -0.006483943887841105], [0.0005286421840760241, 0.0040510918228968676, 0.003691343134751889], [-0.006483943887841105, 0.003691343134751888, 0.07217170850959298]], "chi2_level": 0.99, "chi2_df": 3, "chi2_threshold": 11.344866730144373, "N_raw": 25, "N_roi": 25, "N_inlier": 23, "refit": true}
{"timestamp": "16:42:15.342182", "frame": 68, "mu": [0.38428299644342534, 0.9491283719256679, 1.1183636849835126], "Sigma": [[0.0028847532653376662, -0.0009106059495003932, -0.018317407950791585], [-0.0009106059495003932, 0.004922174288228056, 0.01521793616623375], [-0.018317407950791585, 0.01521793616623375, 0.2603709595018896]], "chi2_level": 0.99, "chi2_df": 3, "chi2_threshold": 11.344866730144373, "N_raw": 9, "N_roi": 9, "N_inlier": 9, "refit": true}
{"timestamp": "16:42:15.398959", "frame": 69, "mu": [0.4774015775788525, 0.9242489412536268, 1.4601860044127435], "Sigma": [[0.0017998086621154217, 0.0034415119094433387, 0.003477546934260715], [0.0034415119094433387, 0.009880879027697737, 0.007626711870071636], [0.003477546934260715, 0.007626711870071635, 0.011302142635065923]], "chi2_level": 0.99, "chi2_df": 3, "chi2_threshold": 11.344866730144373, "N_raw": 25, "N_roi": 25, "N_inlier": 23, "refit": true}
{"timestamp": "16:42:15.459111", "frame": 70, "mu": [0.5247552602919573, 1.049692723890449, -0.39154944479591247], "Sigma": [[0.003141571961942545, 0.0069167114984253165, 0.00952717610766472], [0.0069167114984253165, 0.01916030596227464, 0.023940622536753258], [0.00952717610766472, 0.023940622536753258, 0.053348411272431076]], "chi2_level": 0.99, "chi2_df": 3, "chi2_threshold": 11.344866730144373, "N_raw": 54, "N_roi": 54, "N_inlier": 53, "refit": true}
{"timestamp": "16:42:15.514569", "frame": 71, "mu": [0.5979952403475732, 1.0161805444365437, 1.5123219118669455], "Sigma": [[0.003737004277646133, 0.002739591671574497, 0.0012171581010675383], [0.002739591671574497, 0.00971523629529284, 0.00251837157839661], [0.0012171581010675383, 0.0025183715783966094, 0.003770879172248226]], "chi2_level": 0.99, "chi2_df": 3, "chi2_threshold": 11.344866730144373, "N_raw": 62, "N_roi": 62, "N_inlier": 62, "refit": true}
{"timestamp": "16:42:15.562914", "frame": 72, "mu": [0.6056345164918708, 0.8623848582207638, 1.3794633212099219], "Sigma": [[0.001929611724722925, 0.0002485161089395767, -0.0016214704063215357], [0.00024851610893957666, 0.0009398525195118204, -0.001367654794034408], [-0.0016214704063215357, -0.001367654794034408, 0.0031257358103963092]], "chi2_level": 0.99, "chi2_df": 3, "chi2_threshold": 11.344866730144373, "N_raw": 15, "N_roi": 15, "N_inlier": 14, "refit": true}
{"timestamp": "16:42:15.671855", "frame": 74, "mu": [0.7998498895401382, 0.8615245397565239, 1.0092439580870143], "Sigma": [[0.00388710774982282, 0.001892572938175278, -0.018077321179635147], [0.0018925729381752776, 0.005098434270513565, 0.011416909477611405], [-0.018077321179635147, 0.011416909477611401, 0.32420793325571984]], "chi2_level": 0.99, "chi2_df": 3, "chi2_threshold": 11.344866730144373, "N_raw": 8, "N_roi": 8, "N_inlier": 8, "refit": true}
{"timestamp": "16:42:15.729510", "frame": 75, "mu": [0.7957388641008384, 0.9332429463980585, 1.3478770828528865], "Sigma": [[0.0017623748237090887, -0.00011024034238017467, -0.0023759186222261403], [-0.00011024034238017456, 0.0016941658954773683, 9.171226509775782e-05], [-0.0023759186222261403, 9.171226509775799e-05, 0.008604660760602964]], "chi2_level": 0.99, "chi2_df": 3, "chi2_threshold": 11.344866730144373, "N_raw": 23, "N_roi": 23, "N_inlier": 21, "refit": true}
{"timestamp": "16:42:15.781930", "frame": 76, "mu": [0.9070099183255387, 0.9147099898499454, 1.2145042439856455], "Sigma": [[0.002773237682046415, 0.0005659361828640359, -0.005972910384975584], [0.0005659361828640359, 0.0006197512553193817, -0.0014135182582335338], [-0.005972910384975584, -0.0014135182582335338, 0.013581570558042542]], "chi2_level": 0.99, "chi2_df": 3, "chi2_threshold": 11.344866730144373, "N_raw": 7, "N_roi": 7, "N_inlier": 7, "refit": true}
{"timestamp": "16:42:15.841547", "frame": 77, "mu": [0.9564865937347966, 1.039580332513079, 1.4661390826897616], "Sigma": [[0.0037861932974063246, -0.0007083033356119314, 3.915447439064966e-05], [-0.0007083033356119314, 0.004074655493474555, 0.00015544550503621135], [3.915447439064966e-05, 0.00015544550503621135, 0.0007507768271571763]], "chi2_level": 0.99, "chi2_df": 3, "chi2_threshold": 11.344866730144373, "N_raw": 37, "N_roi": 37, "N_inlier": 35, "refit": true}
{"timestamp": "16:42:15.947551", "frame": 79, "mu": [1.083506900908993, 1.002546694708351, 1.0589702112504769], "Sigma": [[0.006078892601494874, -0.00932958258300106, 0.024106841359537487], [-0.00932958258300106, 0.023097717004036743, -0.05129252110065623], [0.024106841359537494, -0.05129252110065623, 0.12952480654099036]], "chi2_level": 0.99, "chi2_df": 3, "chi2_threshold": 11.344866730144373, "N_raw": 8, "N_roi": 8, "N_inlier": 7, "refit": true}
{"timestamp": "16:42:16.001922", "frame": 80, "mu": [1.2434115037702327, 1.0501436370594437, 1.3704590740830123], "Sigma": [[0.004213536788981935, -0.0014660543694906508, 0.01604662088317138], [-0.0014660543694906508, 0.011140871307509433, -0.00734633549170954], [0.01604662088317138, -0.00734633549170954, 0.20286537300690485]], "chi2_level": 0.99, "chi2_df": 3, "chi2_threshold": 11.344866730144373, "N_raw": 10, "N_roi": 10, "N_inlier": 10, "refit": true}
{"timestamp": "16:42:16.057019", "frame": 81, "mu": [1.2487804764167005, 1.0531788316879633, 1.0423825225848333], "Sigma": [[0.0037502535943542323, -0.006084987694105734, 0.009914985577340888], [-0.006084987694105735, 0.050311740930074206, -0.08274974409389352], [0.009914985577340888, -0.08274974409389352, 0.14257055668242205]], "chi2_level": 0.99, "chi2_df": 3, "chi2_threshold": 11.344866730144373, "N_raw": 8, "N_roi": 8, "N_inlier": 8, "refit": true}
{"timestamp": "16:42:16.113900", "frame": 82, "mu": [1.3540277207776255, 1.0807631658551629, 1.1161346468832984], "Sigma": [[0.0018527895108656656, 0.0035094120044577033, -0.004533377718581816], [0.0035094120044577033, 0.05091270643241345, -0.07935595034940118], [-0.004533377718581817, -0.07935595034940118, 0.15105630078160176]], "chi2_level": 0.99, "chi2_df": 3, "chi2_threshold": 11.344866730144373, "N_raw": 17, "N_roi": 17, "N_inlier": 17, "refit": true}
{"timestamp": "16:42:16.168139", "frame": 83, "mu": [1.4135887236620892, 1.0267201906010195, 1.5702508722074051], "Sigma": [[0.0029403362456204727, -0.000657612138072714, 0.0018637836315627473], [-0.000657612138072714, 0.005734295669625967, 0.0022439911163795916], [0.0018637836315627473, 0.0022439911163795916, 0.0028996045369755643]], "chi2_level": 0.99, "chi2_df": 3, "chi2_threshold": 11.344866730144373, "N_raw": 19, "N_roi": 19, "N_inlier": 18, "refit": true}
{"timestamp": "16:42:16.224033", "frame": 84, "mu": [1.4587927453670866, 0.8870255057667962, 1.3684256901879297], "Sigma": [[0.00255423033509138, -0.0023022451373163662, -0.0011202469502429187], [-0.0023022451373163662, 0.003546370112382383, -0.0016950551846328433], [-0.0011202469502429187, -0.0016950551846328433, 0.006081338342248224]], "chi2_level": 0.99, "chi2_df": 3, "chi2_threshold": 11.344866730144373, "N_raw": 20, "N_roi": 20, "N_inlier": 18, "refit": true}
{"timestamp": "16:42:16.277810", "frame": 85, "mu": [1.3631998169286748, 0.9970620594740147, 1.423622824355], "Sigma": [[0.16194274846279927, 0.12011797843272311, -0.04533246260270338], [0.1201179784327231, 0.10064210681705103, -0.05321013210672257], [-0.04533246260270338, -0.05321013210672257, 0.06616882429169739]], "chi2_level": 0.99, "chi2_df": 3, "chi2_threshold": 11.344866730144373, "N_raw": 7, "N_roi": 7, "N_inlier": 7, "refit": true}
{"timestamp": "16:42:16.387327", "frame": 87, "mu": [1.6031854415321225, 1.2079913471816734, 1.1874836456467017], "Sigma": [[0.005938271041604204, -0.005291983408621763, 0.024592082254671833], [-0.005291983408621763, 0.020188169209593904, -0.03894548241928917], [0.024592082254671837, -0.03894548241928917, 0.1316812665289421]], "chi2_level": 0.99, "chi2_df": 3, "chi2_threshold": 11.344866730144373, "N_raw": 8, "N_roi": 8, "N_inlier": 8, "refit": true}
