{"timestamp": "17:10:36.366915", "frame": 33, "mu": [-2.3118183298530357, 4.906403272833221, 0.4485393288118158], "Sigma": [[0.015995880219261013, 0.0029179304805733567, -0.020658815011802535], [0.0029179304805733567, 0.0018746401760274633, -0.006412898484015415], [-0.020658815011802535, -0.006412898484015415, 0.038152000708820306]], "chi2_level": 0.99, "chi2_df": 3, "chi2_threshold": 11.344866730144373, "N_raw": 27, "N_roi": 21, "N_inlier": 21, "refit": true}
{"timestamp": "17:10:36.479701", "frame": 35, "mu": [-2.3845584314338724, 4.953853514796439, 0.15714202570193733], "Sigma": [[0.0065565205656548655, 0.0011337887735460802, -0.0007771591236620038], [0.0011337887735460802, 0.0009934560348613193, -0.00034292286889803356], [-0.0007771591236620038, -0.00034292286889803345, 0.0003723030110969581]], "chi2_level": 0.99, "chi2_df": 3, "chi2_threshold": 11.344866730144373, "N_raw": 38, "N_roi": 7, "N_inlier": 7, "refit": true}
{"timestamp": "17:10:36.587398", "frame": 37, "mu": [-2.228864737951295, 4.814432503203348, 0.7133618665770909], "Sigma": [[0.013132198490891986, 0.003982825919131813, -0.013977853655971841], [0.003982825919131813, 0.002301089752254039, -0.006948076520392652], [-0.013977853655971841, -0.006948076520392652, 0.027319350700423482]], "chi2_level": 0.99, "chi2_df": 3, "chi2_threshold": 11.344866730144373, "N_raw": 19, "N_roi": 19, "N_inlier": 19, "refit": true}
{"timestamp": "17:10:36.699147", "frame": 39, "mu": [-2.2438326713086427, 4.7456281102592195, 0.8907301358363012], "Sigma": [[0.016919163574919627, 0.005292695435436383, -0.012958412277930341], [0.005292695435436385, 0.0031567998160005385, -0.008353873616789433], [-0.012958412277930341, -0.008353873616789433, 0.028624005002833033]], "chi2_level": 0.99, "chi2_df": 3, "chi2_threshold": 11.344866730144373, "N_raw": 33, "N_roi": 29, "N_inlier": 29, "refit": true}
{"timestamp": "17:10:36.754742", "frame": 40, "mu": [-2.293877951329852, 4.705099449707809, 0.5973539197186964], "Sigma": [[0.012672119537657045, 0.002063827143895956, -0.0028109904965641723], [0.002063827143895956, 0.0017896787137642557, -0.0035073608779660932], [-0.0028109904965641728, -0.0035073608779660932, 0.01175922146557686]], "chi2_level": 0.99, "chi2_df": 3, "chi2_threshold": 11.344866730144373, "N_raw": 37, "N_roi": 24, "N_inlier": 24, "refit": true}
{"timestamp": "17:10:36.808067", "frame": 41, "mu": [-2.3159804926303327, 4.670033685072819, 0.7763326030678488], "Sigma": [[0.010885757180428265, 0.0019252400209405318, 0.006192885502012219], [0.0019252400209405318, 0.0011320996666676871, -0.0007875960469108298], [0.006192885502012219, -0.0007875960469108298, 0.013603430600036525]], "chi2_level": 0.99, "chi2_df": 3, "chi2_threshold": 11.344866730144373, "N_raw": 23, "N_roi": 17, "N_inlier": 17, "refit": true}
{"timestamp": "17:10:36.864736", "frame": 42, "mu": [-2.261185606022171, 4.66312491304194, 0.8287271899135881], "Sigma": [[0.01686814808362446, 0.0052347620196401224, -0.0052383536358339795], [0.0052347620196401224, 0.0030357160296129544, -0.006650173999416743], [-0.0052383536358339795, -0.006650173999416743, 0.026524109460027083]], "chi2_level": 0.99, "chi2_df": 3, "chi2_threshold": 11.344866730144373, "N_raw": 38, "N_roi": 31, "N_inlier": 31, "refit": true}
{"timestamp": "17:10:37.138687", "frame": 47, "mu": [-2.3256862795484308, 4.475060308396586, 0.8443411621406626], "Sigma": [[0.010213350354037315, 0.004050264472325539, -0.002806146486975498], [0.004050264472325539, 0.0027277373543899996, -0.003465254925917682], [-0.0028061464869754984, -0.003465254925917682, 0.03391208180761685]], "chi2_level": 0.99, "chi2_df": 3, "chi2_threshold": 11.344866730144373, "N_raw": 28, "N_roi": 22, "N_inlier": 21, "refit": true}
{"timestamp": "17:10:37.192773", "frame": 48, "mu": [-2.3324782102220767, 4.445793999703571, 0.6790548359783438], "Sigma": [[0.007100103049004366, 0.0032573576797498734, 0.000713882653805975], [0.003257357679749874, 0.002046323479630049, -0.0021898518847526735], [0.0007138826538059748, -0.002189851884752674, 0.023634616614188406]], "chi2_level": 0.99, "chi2_df": 3, "chi2_threshold": 11.344866730144373, "N_raw": 22, "N_roi": 13, "N_inlier": 13, "refit": true}
{"timestamp": "17:10:37.250807", "frame": 49, "mu": [-2.2501516612493795, 4.435505061379032, 0.9158329128602013], "Sigma": [[0.02000619903847225, 0.0060930672738254915, -0.010452321467601678], [0.006093067273825491, 0.004138617347897934, -0.007848288667967648], [-0.010452321467601678, -0.007848288667967648, 0.019249337220035287]], "chi2_level": 0.99, "chi2_df": 3, "chi2_threshold": 11.344866730144373, "N_raw": 47, "N_roi": 36, "N_inlier": 35, "refit": true}
{"timestamp": "17:10:37.304936", "frame": 50, "mu": [-2.2870946377845733, 4.399635682355269, 0.7804089277639661], "Sigma": [[0.01663239973966122, 0.005815896800341438, -0.003023298046601109], [0.005815896800341438, 0.003922066327679228, -0.0035381150917986456], [-0.003023298046601109, -0.0035381150917986456, 0.006137335343325655]], "chi2_level": 0.99, "chi2_df": 3, "chi2_threshold": 11.344866730144373, "N_raw": 32, "N_roi": 26, "N_inlier": 25, "refit": true}
{"timestamp": "17:10:37.356437", "frame": 51, "mu": [-2.295572015872733, 4.347495683446314, 0.7728843799812333], "Sigma": [[0.0094313427774764, 0.004219359187218637, -0.0012236147152813492], [0.004219359187218636, 0.003796919389862119, -0.001831691692204383], [-0.0012236147152813492, -0.001831691692204383, 0.001150791634622988]], "chi2_level": 0.99, "chi2_df": 3, "chi2_threshold": 11.344866730144373, "N_raw": 13, "N_roi": 11, "N_inlier": 10, "refit": true}
{"timestamp": "17:10:37.470231", "frame": 53, "mu": [-2.270584615367133, 4.262015993692315, 0.7564738618167515], "Sigma": [[0.020464860646679066, 0.004785426089664271, -0.021513483668823413], [0.0047854260896642705, 0.0023049806912483284, -0.008387199133665283], [-0.021513483668823413, -0.008387199133665285, 0.04358738028068472]], "chi2_level": 0.99, "chi2_df": 3, "chi2_threshold": 11.344866730144373, "N_raw": 40, "N_roi": 34, "N_inlier": 31, "refit": true}
{"timestamp": "17:10:37.525258", "frame": 54, "mu": [-2.3019577496654446, 4.241774630551175, 0.939346861545532], "Sigma": [[0.015543491113282877, 0.0052228305940706845, -0.019400602943542733], [0.0052228305940706845, 0.0034653463371075994, -0.010929873714017563], [-0.019400602943542733, -0.010929873714017563, 0.04109697031348952]], "chi2_level": 0.99, "chi2_df": 3, "chi2_threshold": 11.344866730144373, "N_raw": 41, "N_roi": 30, "N_inlier": 29, "refit": true}
{"timestamp": "17:10:37.578532", "frame": 55, "mu": [-2.360356226922498, 4.169639556564079, 0.8452817684077194], "Sigma": [[0.008941355658882882, 0.0022524468493541664, -0.010286027916515951], [0.0022524468493541664, 0.0032519600113196916, -0.006411668295577896], [-0.010286027916515951, -0.006411668295577896, 0.023230373187241887]], "chi2_level": 0.99, "chi2_df": 3, "chi2_threshold": 11.344866730144373, "N_raw": 32, "N_roi": 21, "N_inlier": 21, "refit": true}
{"timestamp": "17:10:37.630394", "frame": 56, "mu": [-2.3883190551633824, 4.163191868048257, 1.027230450847457], "Sigma": [[0.0024537504192768895, 5.857283008298898e-05, -0.0013284423691505985], [5.857283008298898e-05, 0.0018155515052546512, -0.0027646949124642026], [-0.0013284423691505985, -0.002764694912464203, 0.006429157237430837]], "chi2_level": 0.99, "chi2_df": 3, "chi2_threshold": 11.344866730144373, "N_raw": 11, "N_roi": 9, "N_inlier": 9, "refit": true}
{"timestamp": "17:10:37.743002", "frame": 58, "mu": [-2.3235047156249617, 4.147072657754691, 0.8843106999862428], "Sigma": [[0.011663501041132228, 0.006700000978702443, -0.009628824921077719], [0.006700000978702443, 0.008152653912966447, -0.007520455464036697], [-0.009628824921077719, -0.007520455464036697, 0.01141273289457267]], "chi2_level": 0.99, "chi2_df": 3, "chi2_threshold": 11.344866730144373, "N_raw": 33, "N_roi": 26, "N_inlier": 26, "refit": true}
{"timestamp": "17:10:37.799339", "frame": 59, "mu": [-2.2869129885722264, 4.107601801137101, 0.7703655852652713], "Sigma": [[0.01460227019672941, 0.005321154251534606, -0.009708832942153954], [0.005321154251534606, 0.00787341430630304, -0.0014039326311552475], [-0.009708832942153954, -0.0014039326311552475, 0.008315296049710012]], "chi2_level": 0.99, "chi2_df": 3, "chi2_threshold": 11.344866730144373, "N_raw": 35, "N_roi": 27, "N_inlier": 27, "refit": true}
{"timestamp": "17:10:37.856337", "frame": 60, "mu": [-2.2780501977372007, 4.041319042079057, 0.8669386109655451], "Sigma": [[0.01585339826182069, 0.005003632497545079, -0.01808391994681965], [0.005003632497545079, 0.00442165229116787, -0.01189401881963757], [-0.018083919946819654, -0.011894018819637572, 0.03852717813026911]], "chi2_level": 0.99, "chi2_df": 3, "chi2_threshold": 11.344866730144373, "N_raw": 47, "N_roi": 37, "N_inlier": 37, "refit": true}
{"timestamp": "17:10:37.909536", "frame": 61, "mu": [-2.308565686202914, 4.023626941926465, 1.1213236648729823], "Sigma": [[0.010421267214357448, 0.0036224982154523253, -0.007371562112319693], [0.0036224982154523253, 0.0032534823288592387, -0.005774293645420718], [-0.007371562112319693, -0.005774293645420718, 0.01343159239758855]], "chi2_level": 0.99, "chi2_df": 3, "chi2_threshold": 11.344866730144373, "N_raw": 32, "N_roi": 22, "N_inlier": 21, "refit": true}
{"timestamp": "17:10:37.965164", "frame": 62, "mu": [-2.297324127215894, 3.956813238709222, 1.0218583811545023], "Sigma": [[0.01251453292884946, 0.0058312323684505535, -0.01147016878700607], [0.0058312323684505535, 0.004943869486176624, -0.010586446874498674], [-0.01147016878700607, -0.010586446874498674, 0.027583254448194823]], "chi2_level": 0.99, "chi2_df": 3, "chi2_threshold": 11.344866730144373, "N_raw": 38, "N_roi": 28, "N_inlier": 28, "refit": true}
{"timestamp": "17:10:38.071336", "frame": 64, "mu": [-2.3213763932488156, 3.836972818043212, 0.9096895606299349], "Sigma": [[0.007250310187772026, 0.0026981859773636697, -0.008364656979870246], [0.0026981859773636697, 0.001881513796479654, -0.006327203755679526], [-0.008364656979870246, -0.006327203755679526, 0.028487309325516273]], "chi2_level": 0.99, "chi2_df": 3, "chi2_threshold": 11.344866730144373, "N_raw": 12, "N_roi": 12, "N_inlier": 11, "refit": true}
{"timestamp": "17:10:38.124958", "frame": 65, "mu": [-2.084905177391764, 3.4924092843013756, 1.044936120177781], "Sigma": [[0.43476464015291294, -0.6853633936835354, 0.16845280817903477], [-0.6853633936835353, 1.0998906613533332, -0.2852403526857859], [0.1684528081790348, -0.28524035268578596, 0.09958256778909275]], "chi2_level": 0.99, "chi2_df": 3, "chi2_threshold": 11.344866730144373, "N_raw": 8, "N_roi": 7, "N_inlier": 7, "refit": true}
{"timestamp": "17:10:38.235966", "frame": 67, "mu": [-2.2209588355714875, 3.739218995414373, 0.8915357007988136], "Sigma": [[0.0033829718953550083, 0.0002761379444984634, -0.0019251077329217833], [0.0002761379444984634, 0.001138893372475048, -0.004373218096327265], [-0.0019251077329217833, -0.004373218096327265, 0.020418729332272227]], "chi2_level": 0.99, "chi2_df": 3, "chi2_threshold": 11.344866730144373, "N_raw": 10, "N_roi": 10, "N_inlier": 10, "refit": true}
{"timestamp": "17:10:38.295064", "frame": 68, "mu": [-2.2131252897659484, 3.7116826148998228, 0.9436057332325245], "Sigma": [[0.02447067694195168, 0.004012051860824073, -0.0238998290827964], [0.004012051860824073, 0.0028985243288991757, -0.008103089726610327], [-0.0238998290827964, -0.008103089726610325, 0.03604725352468194]], "chi2_level": 0.99, "chi2_df": 3, "chi2_threshold": 11.344866730144373, "N_raw": 44, "N_roi": 44, "N_inlier": 43, "refit": true}
{"timestamp": "17:10:38.350984", "frame": 69, "mu": [-2.2160102153023886, 3.797919413406631, 0.012983235064679539], "Sigma": [[0.02653844166853127, 0.012905664124493281, -0.01127269624336021], [0.012905664124493281, 0.012631049150412473, -0.007772631658534665], [-0.01127269624336021, -0.0077726316585346655, 0.006808755831614741]], "chi2_level": 0.99, "chi2_df": 3, "chi2_threshold": 11.344866730144373, "N_raw": 50, "N_roi": 50, "N_inlier": 50, "refit": true}
{"timestamp": "17:10:38.404038", "frame": 70, "mu": [-2.272913323259202, 3.637637617399343, 0.9354165468063942], "Sigma": [[0.019394561127389, 0.00650572932309945, -0.01233867955035738], [0.00650572932309945, 0.003799304774928411, -0.007553553973753491], [-0.01233867955035738, -0.007553553973753492, 0.020259518557323733]], "chi2_level": 0.99, "chi2_df": 3, "chi2_threshold": 11.344866730144373, "N_raw": 37, "N_roi": 35, "N_inlier": 35, "refit": true}
{"timestamp": "17:10:38.457504", "frame": 71, "mu": [-2.3676543598242, 3.5394693103065262, 0.9602196172079881], "Sigma": [[0.006939584718470466, 0.0029130678298002572, -0.0019328286662428406], [0.0029130678298002572, 0.0017848383264046374, -0.002296241403558756], [-0.0019328286662428406, -0.002296241403558756, 0.008249247699087525]], "chi2_level": 0.99, "chi2_df": 3, "chi2_threshold": 11.344866730144373, "N_raw": 24, "N_roi": 15, "N_inlier": 14, "refit": true}
{"timestamp": "17:10:38.517173", "frame": 72, "mu": [-2.2805498762954866, 3.5513644317454878, 0.9758469936709595], "Sigma": [[0.019112209505845412, 0.00650274893412189, -0.005592040142586715], [0.006502748934121891, 0.006581382115068765, -0.008135405471987565], [-0.005592040142586715, -0.008135405471987565, 0.01407980843715141]], "chi2_level": 0.99, "chi2_df": 3, "chi2_threshold": 11.344866730144373, "N_raw": 60, "N_roi": 49, "N_inlier": 48, "refit": true}
{"timestamp": "17:10:38.571075", "frame": 73, "mu": [-2.313676319134908, 3.480150233899418, 0.9271784361079569], "Sigma": [[0.014052689700871345, 0.004218921396581922, -0.0048129593714987835], [0.004218921396581922, 0.004113117816547266, -0.004967814607546339], [-0.0048129593714987835, -0.004967814607546339, 0.00929737262279802]], "chi2_level": 0.99, "chi2_df": 3, "chi2_threshold": 11.344866730144373, "N_raw": 42, "N_roi": 33, "N_inlier": 32, "refit": true}
{"timestamp": "17:10:38.682651", "frame": 75, "mu": [-2.2864550551451313, 3.423207821075552, 0.9546675750840496], "Sigma": [[0.017235507548811223, 0.006627135213169869, -0.009011602791466553], [0.006627135213169869, 0.0053947758433516005, -0.008924458506752065], [-0.009011602791466554, -0.008924458506752064, 0.020212957244662377]], "chi2_level": 0.99, "chi2_df": 3, "chi2_threshold": 11.344866730144373, "N_raw": 55, "N_roi": 42, "N_inlier": 41, "refit": true}
{"timestamp": "17:10:38.736477", "frame": 76, "mu": [-2.2738510106855263, 3.3765276441411776, 0.9866739307302343], "Sigma": [[0.0185415965547142, 0.007036518759729214, -0.009576599742647296], [0.007036518759729214, 0.006061596544017007, -0.009566015998659319], [-0.009576599742647296, -0.009566015998659319, 0.01961799888113934]], "chi2_level": 0.99, "chi2_df": 3, "chi2_threshold": 11.344866730144373, "N_raw": 51, "N_roi": 46, "N_inlier": 45, "refit": true}
{"timestamp": "17:10:38.789442", "frame": 77, "mu": [-2.2788579852765873, 3.4606170386967845, -0.11264668140502859], "Sigma": [[0.015422434875997202, 0.006737812043739055, -0.006551746018206177], [0.006737812043739055, 0.007880552055105752, -0.010333432912791742], [-0.006551746018206177, -0.010333432912791742, 0.01772095980605131]], "chi2_level": 0.99, "chi2_df": 3, "chi2_threshold": 11.344866730144373, "N_raw": 37, "N_roi": 36, "N_inlier": 35, "refit": true}
{"timestamp": "17:10:38.846677", "frame": 78, "mu": [-2.289351965601244, 3.3021161270532704, 1.0780800582386403], "Sigma": [[0.016968902905773783, 0.004938249727349998, -0.01224799857064467], [0.0049382497273499975, 0.005202381356538535, -0.008196616878275947], [-0.01224799857064467, -0.008196616878275947, 0.01749104281083624]], "chi2_level": 0.99, "chi2_df": 3, "chi2_threshold": 11.344866730144373, "N_raw": 47, "N_roi": 41, "N_inlier": 41, "refit": true}
{"timestamp": "17:10:38.900484", "frame": 79, "mu": [-2.2906081806113026, 3.2634631692136065, 1.0635426052586858], "Sigma": [[0.015897106144388377, 0.005051946390479395, -0.012073902509493964], [0.005051946390479396, 0.003544383620623995, -0.006775851039652574], [-0.012073902509493964, -0.006775851039652574, 0.015694025471985087]], "chi2_level": 0.99, "chi2_df": 3, "chi2_threshold": 11.344866730144373, "N_raw": 40, "N_roi": 32, "N_inlier": 31, "refit": true}
{"timestamp": "17:10:38.956683", "frame": 80, "mu": [-2.3390616258368375, 3.2006188604177126, 1.086741402133684], "Sigma": [[0.009948475847464718, 0.0017658183066488176, -0.005599568881125125], [0.0017658183066488176, 0.004836472893526818, -0.006046703344338877], [-0.005599568881125127, -0.0060467033443388765, 0.010940908406917312]], "chi2_level": 0.99, "chi2_df": 3, "chi2_threshold": 11.344866730144373, "N_raw": 47, "N_roi": 33, "N_inlier": 33, "refit": true}
{"timestamp": "17:10:39.006036", "frame": 81, "mu": [-2.329866194369189, 3.3046438810970398, -0.11209370096876084], "Sigma": [[0.007165582655201573, 0.0031956568643008517, -0.003227456983333526], [0.0031956568643008517, 0.005659261176746785, -0.005238732354946292], [-0.003227456983333526, -0.005238732354946292, 0.006205519211905717]], "chi2_level": 0.99, "chi2_df": 3, "chi2_threshold": 11.344866730144373, "N_raw": 12, "N_roi": 12, "N_inlier": 12, "refit": true}
{"timestamp": "17:10:39.118270", "frame": 83, "mu": [-2.3543827656337823, 3.0652479741388183, 1.092063244769762], "Sigma": [[0.007925532485662051, 0.004053340562730646, -0.006772320857374526], [0.004053340562730646, 0.006496635859993453, -0.005624466928609202], [-0.006772320857374526, -0.005624466928609202, 0.0079610834233576]], "chi2_level": 0.99, "chi2_df": 3, "chi2_threshold": 11.344866730144373, "N_raw": 29, "N_roi": 22, "N_inlier": 22, "refit": true}
{"timestamp": "17:10:39.170520", "frame": 84, "mu": [-2.320049019542348, 3.076367882800243, 0.9871355869092096], "Sigma": [[0.006821587761963148, 0.0025017838461180468, -0.0021783541793683786], [0.0025017838461180468, 0.0037792750587578245, -0.0030591271132942304], [-0.0021783541793683786, -0.00305912711329423, 0.0043530457211773165]], "chi2_level": 0.99, "chi2_df": 3, "chi2_threshold": 11.344866730144373, "N_raw": 13, "N_roi": 12, "N_inlier": 12, "refit": true}
{"timestamp": "17:10:39.283956", "frame": 86, "mu": [-2.3255338635077143, 3.000750988737646, 1.0598348569233953], "Sigma": [[0.010333850487028968, 0.005032828109170261, -0.009803861614726468], [0.005032828109170261, 0.004628839650290452, -0.008942011373995877], [-0.009803861614726468, -0.008942011373995877, 0.02114459415437158]], "chi2_level": 0.99, "chi2_df": 3, "chi2_threshold": 11.344866730144373, "N_raw": 33, "N_roi": 29, "N_inlier": 29, "refit": true}
{"timestamp": "17:10:39.392273", "frame": 88, "mu": [-2.3278773114334825, 2.8555804213015903, 1.2676049385631634], "Sigma": [[0.008314395604747369, 0.004879082410859085, -0.005778436824539648], [0.004879082410859085, 0.004922088690957294, -0.0051243934947811775], [-0.005778436824539648, -0.0051243934947811775, 0.006814599837374842]], "chi2_level": 0.99, "chi2_df": 3, "chi2_threshold": 11.344866730144373, "N_raw": 24, "N_roi": 21, "N_inlier": 20, "refit": true}
{"timestamp": "17:10:39.449425", "frame": 89, "mu": [-2.277499082294632, 2.8073104077209186, 1.082496546936457], "Sigma": [[0.012275161699573671, 0.005347539540415304, -0.011457839658703953], [0.005347539540415303, 0.005203738686197557, -0.007840077412607525], [-0.011457839658703953, -0.007840077412607525, 0.01614084262586966]], "chi2_level": 0.99, "chi2_df": 3, "chi2_threshold": 11.344866730144373, "N_raw": 36, "N_roi": 35, "N_inlier": 33, "refit": true}
{"timestamp": "17:10:39.564584", "frame": 91, "mu": [-2.30462804082206, 2.7022139403899907, 1.2774255362205693], "Sigma": [[0.01260118537979846, 0.005706225285878554, -0.01018236846213395], [0.005706225285878554, 0.008676493854298466, -0.010767580837867219], [-0.01018236846213395, -0.010767580837867217, 0.016552437508413943]], "chi2_level": 0.99, "chi2_df": 3, "chi2_threshold": 11.344866730144373, "N_raw": 69, "N_roi": 44, "N_inlier": 44, "refit": true}
{"timestamp": "17:10:39.615138", "frame": 92, "mu": [-2.270579253430946, 2.6828468580101448, 1.2234466330113154], "Sigma": [[0.011678822196248264, 0.007279270863867364, -0.012432365494742536], [0.007279270863867364, 0.006999185224215166, -0.013196202071286838], [-0.012432365494742536, -0.013196202071286838, 0.03090304385054314]], "chi2_level": 0.99, "chi2_df": 3, "chi2_threshold": 11.344866730144373, "N_raw": 39, "N_roi": 35, "N_inlier": 35, "refit": true}
{"timestamp": "17:10:39.678131", "frame": 93, "mu": [-2.2840617730059507, 2.6196137683216705, 1.2443671909008727], "Sigma": [[0.016117042158858598, 0.00880569201451995, -0.014132437444077037], [0.008805692014519948, 0.008947680047050842, -0.014867185904019373], [-0.014132437444077037, -0.014867185904019373, 0.027363602143958353]], "chi2_level": 0.99, "chi2_df": 3, "chi2_threshold": 11.344866730144373, "N_raw": 93, "N_roi": 50, "N_inlier": 49, "refit": true}
{"timestamp": "17:10:39.729145", "frame": 94, "mu": [-2.1891615249540863, 2.6449772687816813, 1.073637890935578], "Sigma": [[0.02133419377738729, 0.004159417760596839, -0.016830291838494698], [0.004159417760596839, 0.003943349178521352, -0.006806414935866402], [-0.016830291838494698, -0.006806414935866401, 0.01979324168781575]], "chi2_level": 0.99, "chi2_df": 3, "chi2_threshold": 11.344866730144373, "N_raw": 59, "N_roi": 49, "N_inlier": 48, "refit": true}
{"timestamp": "17:10:39.783720", "frame": 95, "mu": [-2.181297267833565, 2.59051305537125, 1.084510432013211], "Sigma": [[0.02448300046155345, 0.007484251660964195, 0.0022536286683794344], [0.007484251660964195, 0.005285930372720945, 8.99707733460726e-05], [0.0022536286683794344, 8.997077334607271e-05, 0.023888563843703352]], "chi2_level": 0.99, "chi2_df": 3, "chi2_threshold": 11.344866730144373, "N_raw": 60, "N_roi": 45, "N_inlier": 45, "refit": true}
{"timestamp": "17:10:39.835471", "frame": 96, "mu": [-2.238183799752495, 2.512956298792732, 1.2407696516557185], "Sigma": [[0.01209776818586611, 0.005784228744150495, -0.002529247923404934], [0.005784228744150495, 0.0048453568625291075, -0.002565046860916467], [-0.002529247923404934, -0.002565046860916467, 0.006389017222988194]], "chi2_level": 0.99, "chi2_df": 3, "chi2_threshold": 11.344866730144373, "N_raw": 38, "N_roi": 24, "N_inlier": 23, "refit": true}
{"timestamp": "17:10:39.889565", "frame": 97, "mu": [-2.164074830693953, 2.5563852565819545, 1.097527371997582], "Sigma": [[0.017577856373076545, 0.009378770692275343, 0.0018505729614796242], [0.009378770692275343, 0.006590969792930509, -0.0015332119789397644], [0.0018505729614796244, -0.0015332119789397648, 0.010513176829188767]], "chi2_level": 0.99, "chi2_df": 3, "chi2_threshold": 11.344866730144373, "N_raw": 37, "N_roi": 35, "N_inlier": 35, "refit": true}
{"timestamp": "17:10:39.945068", "frame": 98, "mu": [-2.111658570047391, 2.558411513200595, 1.2659868006341988], "Sigma": [[0.013399469059889025, 0.006895649732998426, -0.002627927906092834], [0.006895649732998426, 0.0069758395756118275, -0.0011516126553911558], [-0.0026279279060928344, -0.0011516126553911558, 0.010205014152372124]], "chi2_level": 0.99, "chi2_df": 3, "chi2_threshold": 11.344866730144373, "N_raw": 32, "N_roi": 32, "N_inlier": 30, "refit": true}
{"timestamp": "17:10:40.005063", "frame": 99, "mu": [-2.2135514429021925, 2.5601337747980466, -0.2912269509943528], "Sigma": [[0.0202464675703086, 0.00807342771494734, 0.0001661035559813455], [0.00807342771494734, 0.010706939846232031, -0.00809055870767102], [0.0001661035559813455, -0.00809055870767102, 0.01438543167929819]], "chi2_level": 0.99, "chi2_df": 3, "chi2_threshold": 11.344866730144373, "N_raw": 70, "N_roi": 59, "N_inlier": 58, "refit": true}
{"timestamp": "17:10:40.113130", "frame": 100, "mu": [-2.232602296318187, 2.561368366248222, -0.3977371601491654], "Sigma": [[0.0163595516222505, 0.007019982796059764, 0.0038364498092583674], [0.007019982796059764, 0.004865812599781692, -0.0003737267323179725], [0.0038364498092583674, -0.0003737267323179725, 0.004446669814559433]], "chi2_level": 0.99, "chi2_df": 3, "chi2_threshold": 11.344866730144373, "N_raw": 42, "N_roi": 25, "N_inlier": 24, "refit": true}
{"timestamp": "17:10:40.146844", "frame": 101, "mu": [-2.2549306628469528, 2.2900530031369644, 1.1616804232541813], "Sigma": [[0.02061954068930978, 0.011277957200821535, -0.011403250174992828], [0.011277957200821535, 0.009741774894001031, -0.011390988704246992], [-0.01140325017499283, -0.011390988704246992, 0.015538933897090497]], "chi2_level": 0.99, "chi2_df": 3, "chi2_threshold": 11.344866730144373, "N_raw": 80, "N_roi": 51, "N_inlier": 50, "refit": true}
{"timestamp": "17:10:40.177456", "frame": 102, "mu": [-2.206346895193131, 2.2636251262340705, 1.1718329112006807], "Sigma": [[0.019715484677482895, 0.01136320762452264, -0.021401451601187838], [0.01136320762452264, 0.009231620929801726, -0.015156383747743139], [-0.021401451601187838, -0.015156383747743139, 0.03381355732182953]], "chi2_level": 0.99, "chi2_df": 3, "chi2_threshold": 11.344866730144373, "N_raw": 56, "N_roi": 40, "N_inlier": 39, "refit": true}
{"timestamp": "17:10:40.223557", "frame": 103, "mu": [-2.2648617478025845, 2.1857337596514554, 1.20862748615397], "Sigma": [[0.019268308486297563, 0.014035982905946433, -0.026655633348982577], [0.014035982905946433, 0.013320530186597991, -0.020698882378283358], [-0.026655633348982577, -0.020698882378283358, 0.05804375364172021]], "chi2_level": 0.99, "chi2_df": 3, "chi2_threshold": 11.344866730144373, "N_raw": 64, "N_roi": 43, "N_inlier": 42, "refit": true}
{"timestamp": "17:10:40.275971", "frame": 104, "mu": [-2.357902333640367, 2.0426661064279976, 1.2790094823056861], "Sigma": [[0.007856771672672324, 0.00702929475564751, -0.010832574212803744], [0.00702929475564751, 0.00956495287649463, -0.014596986725491827], [-0.010832574212803744, -0.014596986725491829, 0.03370515210242439]], "chi2_level": 0.99, "chi2_df": 3, "chi2_threshold": 11.344866730144373, "N_raw": 41, "N_roi": 18, "N_inlier": 18, "refit": true}
{"timestamp": "17:10:40.332929", "frame": 105, "mu": [-2.364218633133949, 2.023692097766223, 1.2219137501143942], "Sigma": [[0.008346303376154999, 0.006261469707942235, -0.009160388102319922], [0.006261469707942234, 0.009390499613083764, -0.01275868478714435], [-0.009160388102319922, -0.01275868478714435, 0.01930674004337409]], "chi2_level": 0.99, "chi2_df": 3, "chi2_threshold": 11.344866730144373, "N_raw": 55, "N_roi": 30, "N_inlier": 29, "refit": true}
{"timestamp": "17:10:40.389989", "frame": 106, "mu": [-2.3003808792784044, 2.0238306926508858, 1.192291148976426], "Sigma": [[0.015973239701501992, 0.012031522952762037, -0.013775663975209247], [0.012031522952762035, 0.014586043557271973, -0.013441532246566176], [-0.013775663975209247, -0.013441532246566176, 0.014806558115761785]], "chi2_level": 0.99, "chi2_df": 3, "chi2_threshold": 11.344866730144373, "N_raw": 71, "N_roi": 42, "N_inlier": 41, "refit": true}
{"timestamp": "17:10:40.441485", "frame": 107, "mu": [-2.320700464358215, 2.0978406385889627, -0.384613364164837], "Sigma": [[0.013342724910080558, 0.013507336134863577, -0.007402071030978413], [0.013507336134863577, 0.01827176461453744, -0.00990799900178933], [-0.007402071030978414, -0.00990799900178933, 0.0062146320184663095]], "chi2_level": 0.99, "chi2_df": 3, "chi2_threshold": 11.344866730144373, "N_raw": 45, "N_roi": 29, "N_inlier": 28, "refit": true}
{"timestamp": "17:10:40.494522", "frame": 108, "mu": [-2.378112233252215, 1.8532101613636927, 1.2576119350965291], "Sigma": [[0.012870229127035296, 0.011080977814939278, -0.01486107240533203], [0.011080977814939278, 0.01603180257951045, -0.017828135610900662], [-0.01486107240533203, -0.017828135610900662, 0.02279231601816264]], "chi2_level": 0.99, "chi2_df": 3, "chi2_threshold": 11.344866730144373, "N_raw": 36, "N_roi": 15, "N_inlier": 14, "refit": true}
{"timestamp": "17:10:40.548470", "frame": 109, "mu": [-2.3517339690239814, 1.8665450028453083, 1.1480451052434313], "Sigma": [[0.017193583974506058, 0.013685705484466803, -0.014406940280716492], [0.013685705484466803, 0.016577801826951188, -0.016879144969956877], [-0.01440694028071649, -0.016879144969956877, 0.018931131405932028]], "chi2_level": 0.99, "chi2_df": 3, "chi2_threshold": 11.344866730144373, "N_raw": 29, "N_roi": 17, "N_inlier": 17, "refit": true}
{"timestamp": "17:10:40.607474", "frame": 110, "mu": [-2.3662111353453374, 1.7987158043862541, 1.169323697188001], "Sigma": [[0.00929113611019802, 0.007957664108555963, -0.011997239129849178], [0.007957664108555963, 0.012117272251268097, -0.018033966438045782], [-0.011997239129849178, -0.018033966438045782, 0.047750674902113384]], "chi2_level": 0.99, "chi2_df": 3, "chi2_threshold": 11.344866730144373, "N_raw": 57, "N_roi": 38, "N_inlier": 38, "refit": true}
{"timestamp": "17:10:40.664166", "frame": 111, "mu": [-2.3322841523604687, 1.7411113078721834, 1.230441672994944], "Sigma": [[0.009148050278001897, 0.006551123205397481, -0.00393495807514193], [0.006551123205397481, 0.01570198340098657, -0.009407170432899724], [-0.00393495807514193, -0.009407170432899724, 0.0075579017772068055]], "chi2_level": 0.99, "chi2_df": 3, "chi2_threshold": 11.344866730144373, "N_raw": 63, "N_roi": 50, "N_inlier": 49, "refit": true}
{"timestamp": "17:10:40.716633", "frame": 112, "mu": [-2.3555774787627373, 1.5856761606850092, 1.1529429514488796], "Sigma": [[0.009338324723934305, 0.009240053474000929, -0.0051227927649770124], [0.009240053474000929, 0.011034876748700809, -0.010219892400188071], [-0.005122792764977013, -0.010219892400188071, 0.029499464661660646]], "chi2_level": 0.99, "chi2_df": 3, "chi2_threshold": 11.344866730144373, "N_raw": 41, "N_roi": 33, "N_inlier": 32, "refit": true}
{"timestamp": "17:10:40.771211", "frame": 113, "mu": [-2.305497692662103, 1.6487493626206131, 1.1593800450899296], "Sigma": [[0.011366467407081896, 0.00867735902402552, -0.006890562943430337], [0.00867735902402552, 0.012475992472967065, -0.012027839403575224], [-0.006890562943430337, -0.012027839403575224, 0.016004817872690036]], "chi2_level": 0.99, "chi2_df": 3, "chi2_threshold": 11.344866730144373, "N_raw": 44, "N_roi": 44, "N_inlier": 44, "refit": true}
{"timestamp": "17:10:40.827757", "frame": 114, "mu": [-2.321850507203233, 1.6786047807205975, -0.38578688776178477], "Sigma": [[0.009473917524630497, 0.011166437111075615, -0.003292673603015471], [0.011166437111075615, 0.028050392023749943, -0.01503906470658057], [-0.003292673603015471, -0.01503906470658057, 0.010584284595902162]], "chi2_level": 0.99, "chi2_df": 3, "chi2_threshold": 11.344866730144373, "N_raw": 58, "N_roi": 55, "N_inlier": 55, "refit": true}
{"timestamp": "17:10:40.880576", "frame": 115, "mu": [-2.2806278061159455, 1.4785782342369715, 1.34420116894197], "Sigma": [[0.012045222329993116, 0.010227616989708095, -0.011643184406291609], [0.010227616989708092, 0.01667078239526264, -0.015016095438004575], [-0.011643184406291609, -0.015016095438004575, 0.01906706825947172]], "chi2_level": 0.99, "chi2_df": 3, "chi2_threshold": 11.344866730144373, "N_raw": 44, "N_roi": 43, "N_inlier": 40, "refit": true}
{"timestamp": "17:10:40.936451", "frame": 116, "mu": [-2.2887528006287794, 1.3907691207008377, 1.263026710993035], "Sigma": [[0.010760906545318472, 0.010569881982220516, -0.0019681079918842208], [0.010569881982220516, 0.01622018057673149, -0.008625066993521124], [-0.0019681079918842203, -0.008625066993521124, 0.018614271772052406]], "chi2_level": 0.99, "chi2_df": 3, "chi2_threshold": 11.344866730144373, "N_raw": 53, "N_roi": 53, "N_inlier": 52, "refit": true}
{"timestamp": "17:10:40.991435", "frame": 117, "mu": [-2.2655996197911494, 1.3839059403991847, 1.3263982867866997], "Sigma": [[0.011753205787946981, 0.011251621561088391, -0.010289468637339892], [0.01125162156108839, 0.019967616102507413, -0.01637180182637936], [-0.010289468637339892, -0.01637180182637936, 0.017993759248478503]], "chi2_level": 0.99, "chi2_df": 3, "chi2_threshold": 11.344866730144373, "N_raw": 52, "N_roi": 52, "N_inlier": 49, "refit": true}
{"timestamp": "17:10:41.046557", "frame": 118, "mu": [-2.203752434480883, 1.5967305669968705, -0.34273790544853444], "Sigma": [[0.011930044278982201, 0.011449824429018393, -0.004935787657781653], [0.011449824429018391, 0.020629913405817234, -0.009759020239443434], [-0.004935787657781652, -0.009759020239443432, 0.01372699815258524]], "chi2_level": 0.99, "chi2_df": 3, "chi2_threshold": 11.344866730144373, "N_raw": 48, "N_roi": 48, "N_inlier": 46, "refit": true}
{"timestamp": "17:10:41.106215", "frame": 119, "mu": [-2.238795724351619, 1.3516391789823297, 1.2246986051112108], "Sigma": [[0.016420236450811587, 0.010758708784209089, -0.0023532669361706056], [0.010758708784209087, 0.01309036390377486, -0.011778784668965358], [-0.0023532669361706064, -0.01177878466896536, 0.024930678551914005]], "chi2_level": 0.99, "chi2_df": 3, "chi2_threshold": 11.344866730144373, "N_raw": 75, "N_roi": 75, "N_inlier": 73, "refit": true}
{"timestamp": "17:10:41.158106", "frame": 120, "mu": [-2.1420173781501046, 1.4024435531379766, 1.2526148649710052], "Sigma": [[0.016523277738544846, 0.008219211784942004, -0.013436166589463396], [0.008219211784942004, 0.010464034315685019, -0.012448680065635218], [-0.013436166589463394, -0.012448680065635218, 0.01811587135908592]], "chi2_level": 0.99, "chi2_df": 3, "chi2_threshold": 11.344866730144373, "N_raw": 60, "N_roi": 60, "N_inlier": 59, "refit": true}
{"timestamp": "17:10:41.215954", "frame": 121, "mu": [-2.132014939626557, 1.341235420202098, 1.0741937344565844], "Sigma": [[0.026931351747660218, 0.009328649933975725, -0.017024490480441225], [0.009328649933975725, 0.009191281523915294, -0.011060117619332902], [-0.017024490480441225, -0.011060117619332902, 0.018503445607527293]], "chi2_level": 0.99, "chi2_df": 3, "chi2_threshold": 11.344866730144373, "N_raw": 79, "N_roi": 79, "N_inlier": 78, "refit": true}
{"timestamp": "17:10:41.265807", "frame": 122, "mu": [-2.0096026018564683, 1.341373867791484, 1.0400888066882117], "Sigma": [[0.01202991798510576, 0.004218702226631375, -0.00908775867596175], [0.004218702226631374, 0.010402346770517363, -0.004081841805816863], [-0.00908775867596175, -0.004081841805816863, 0.00794225611083192]], "chi2_level": 0.99, "chi2_df": 3, "chi2_threshold": 11.344866730144373, "N_raw": 43, "N_roi": 43, "N_inlier": 43, "refit": true}
{"timestamp": "17:10:41.324584", "frame": 123, "mu": [-2.047606402115402, 1.2181871208155457, 1.0085205442965404], "Sigma": [[0.017882074397180446, 0.00646634936551513, -0.01489807380016024], [0.006466349365515132, 0.014254713094462813, -0.006789324344799702], [-0.01489807380016024, -0.006789324344799703, 0.01880611842479918]], "chi2_level": 0.99, "chi2_df": 3, "chi2_threshold": 11.344866730144373, "N_raw": 68, "N_roi": 68, "N_inlier": 67, "refit": true}
{"timestamp": "17:10:41.379522", "frame": 124, "mu": [-2.063919969700633, 1.350416176003968, -0.7092880624091077], "Sigma": [[0.019760296107519566, 0.019552383398910543, 0.001943190019675421], [0.019552383398910543, 0.04802716671319925, 0.018103340354414587], [0.001943190019675421, 0.018103340354414587, 0.014132445247183222]], "chi2_level": 0.99, "chi2_df": 3, "chi2_threshold": 11.344866730144373, "N_raw": 68, "N_roi": 68, "N_inlier": 68, "refit": true}
{"timestamp": "17:10:41.433712", "frame": 125, "mu": [-2.10411599245045, 1.228904621401197, -0.8183202086292202], "Sigma": [[0.018072675194589553, 0.021137432610981853, 0.009054383459388023], [0.021137432610981853, 0.041373959044833056, 0.0161554353447659], [0.009054383459388023, 0.0161554353447659, 0.015445603892215729]], "chi2_level": 0.99, "chi2_df": 3, "chi2_threshold": 11.344866730144373, "N_raw": 63, "N_roi": 63, "N_inlier": 63, "refit": true}
{"timestamp": "17:10:41.484535", "frame": 126, "mu": [-2.105774810441935, 1.2918477630609706, -0.686717409936328], "Sigma": [[0.007545188733966152, 0.004047144185856738, -0.0025183768513413725], [0.004047144185856737, 0.006161961613411133, -0.0038539891953652365], [-0.002518376851341373, -0.0038539891953652365, 0.004072739720820533]], "chi2_level": 0.99, "chi2_df": 3, "chi2_threshold": 11.344866730144373, "N_raw": 32, "N_roi": 32, "N_inlier": 32, "refit": true}
{"timestamp": "17:10:41.541544", "frame": 127, "mu": [-2.1211997315310893, 1.090865582934522, 1.1266035777055792], "Sigma": [[0.010683849592993972, 0.007046682978784106, -0.0027733536429129482], [0.007046682978784106, 0.010358621580074162, -0.007849400107648424], [-0.0027733536429129482, -0.007849400107648424, 0.00879618720770417]], "chi2_level": 0.99, "chi2_df": 3, "chi2_threshold": 11.344866730144373, "N_raw": 53, "N_roi": 53, "N_inlier": 52, "refit": true}
{"timestamp": "17:10:41.597237", "frame": 128, "mu": [-2.1450230278597227, 0.9948179190997741, 1.1525162677657714], "Sigma": [[0.010945995805779407, 0.010042218718718975, -0.001804464459693904], [0.010042218718718975, 0.013523110298610105, -0.0076231384511567905], [-0.001804464459693904, -0.007623138451156791, 0.019194232807191083]], "chi2_level": 0.99, "chi2_df": 3, "chi2_threshold": 11.344866730144373, "N_raw": 54, "N_roi": 54, "N_inlier": 54, "refit": true}
{"timestamp": "17:10:41.650975", "frame": 129, "mu": [-2.139678389234912, 0.962964902191998, 1.1332362205551971], "Sigma": [[0.009012291382555727, 0.009448839300354683, -0.0008486923640118351], [0.009448839300354683, 0.011813399184065484, -0.004017490316640104], [-0.0008486923640118348, -0.004017490316640103, 0.01973651023948693]], "chi2_level": 0.99, "chi2_df": 3, "chi2_threshold": 11.344866730144373, "N_raw": 44, "N_roi": 44, "N_inlier": 44, "refit": true}
{"timestamp": "17:10:41.706221", "frame": 130, "mu": [-2.1470947575931314, 0.9756625210382132, 1.11151926421399], "Sigma": [[0.00970420926964974, 0.008438707961844281, 0.0003646946693082866], [0.008438707961844281, 0.01119113797508037, -0.006747788428478508], [0.0003646946693082866, -0.006747788428478508, 0.01802664421281642]], "chi2_level": 0.99, "chi2_df": 3, "chi2_threshold": 11.344866730144373, "N_raw": 53, "N_roi": 53, "N_inlier": 52, "refit": true}
{"timestamp": "17:10:41.759992", "frame": 131, "mu": [-2.119268365944461, 0.9494963818821888, 1.1476743601885857], "Sigma": [[0.006939817866517164, 0.008794252106056527, 0.00355519696767105], [0.008794252106056527, 0.014120624055553933, 0.0035921097511038805], [0.00355519696767105, 0.00359210975110388, 0.03330822363447944]], "chi2_level": 0.99, "chi2_df": 3, "chi2_threshold": 11.344866730144373, "N_raw": 37, "N_roi": 37, "N_inlier": 37, "refit": true}
{"timestamp": "17:10:41.815273", "frame": 132, "mu": [-2.1055576712692656, 0.8966600875455243, 1.1002418026738097], "Sigma": [[0.008479239332333202, 0.007607584346159199, -0.003423526000802776], [0.007607584346159199, 0.01278158801137252, -0.009723706011349354], [-0.0034235260008027755, -0.009723706011349354, 0.014051015739022121]], "chi2_level": 0.99, "chi2_df": 3, "chi2_threshold": 11.344866730144373, "N_raw": 46, "N_roi": 46, "N_inlier": 46, "refit": true}
{"timestamp": "17:10:41.868708", "frame": 133, "mu": [-2.0649878918107816, 0.9459851975827146, 1.1390940580081277], "Sigma": [[0.0053175717516403985, 0.004675682297987978, -0.0008628529000103414], [0.004675682297987977, 0.006486689265726664, -0.004428796014478252], [-0.0008628529000103414, -0.004428796014478252, 0.009171688676092823]], "chi2_level": 0.99, "chi2_df": 3, "chi2_threshold": 11.344866730144373, "N_raw": 31, "N_roi": 31, "N_inlier": 30, "refit": true}
{"timestamp": "17:10:41.920191", "frame": 134, "mu": [-2.064140661460923, 0.9104417351833459, 0.9314598794802144], "Sigma": [[0.0033970310996368942, 0.002157207197509376, -0.002370241898081336], [0.002157207197509376, 0.002694508112773763, -0.0021891030407974656], [-0.002370241898081336, -0.0021891030407974656, 0.003278178327315114]], "chi2_level": 0.99, "chi2_df": 3, "chi2_threshold": 11.344866730144373, "N_raw": 13, "N_roi": 13, "N_inlier": 13, "refit": true}
