{"timestamp": "16:00:09.831559", "frame": 1, "mu": [-0.47893607715483066, 4.057649811710564, 1.055250029232872], "Sigma": [[0.012492942224652094, 0.0008115101420230633, -0.0035821009752262], [0.0008115101420230633, 0.001516354811202898, -0.0008165835019100552], [-0.0035821009752262005, -0.0008165835019100552, 0.0021681786078441194]], "chi2_level": 0.997, "chi2_df": 3, "chi2_threshold": 13.931422665512084, "N_raw": 18, "N_roi": 18, "N_inlier": 18, "refit": true}
{"timestamp": "16:00:09.944930", "frame": 3, "mu": [-0.36529915176706423, 4.134644463699894, 1.1929466587209396], "Sigma": [[0.026167236704505374, 0.0014788113900434318, -0.009129698656814221], [0.0014788113900434318, 0.0031264557607951953, -0.0009971532993924487], [-0.00912969865681422, -0.0009971532993924487, 0.004469591110909613]], "chi2_level": 0.997, "chi2_df": 3, "chi2_threshold": 13.931422665512084, "N_raw": 41, "N_roi": 41, "N_inlier": 40, "refit": true}
{"timestamp": "16:00:10.054583", "frame": 5, "mu": [-0.32966440064612573, 4.115706706931441, 1.3351772499460741], "Sigma": [[0.024278175253110476, 0.0018676711439387962, -0.007307513681227692], [0.0018676711439387964, 0.0035367026526929007, 0.001779711638602128], [-0.007307513681227692, 0.001779711638602128, 0.0048436277483058674]], "chi2_level": 0.997, "chi2_df": 3, "chi2_threshold": 13.931422665512084, "N_raw": 35, "N_roi": 35, "N_inlier": 35, "refit": true}
{"timestamp": "16:00:10.111807", "frame": 6, "mu": [-0.3123248060924303, 4.120317755256767, 1.2743876155464562], "Sigma": [[0.028511891092118206, 0.00346088224550768, -0.012023665937925154], [0.00346088224550768, 0.004178600649896727, -0.0025842884665070107], [-0.012023665937925154, -0.0025842884665070107, 0.006929453730896313]], "chi2_level": 0.997, "chi2_df": 3, "chi2_threshold": 13.931422665512084, "N_raw": 48, "N_roi": 48, "N_inlier": 48, "refit": true}
{"timestamp": "16:00:10.162389", "frame": 7, "mu": [-0.21326771168313893, 4.201665837600488, 1.3809413615489385], "Sigma": [[0.014199745471171196, 0.0001203743066459046, -0.004561706872335764], [0.0001203743066459046, 0.0015492252872420845, -0.0008834391239129341], [-0.004561706872335764, -0.0008834391239129341, 0.0029211230189258273]], "chi2_level": 0.997, "chi2_df": 3, "chi2_threshold": 13.931422665512084, "N_raw": 17, "N_roi": 17, "N_inlier": 17, "refit": true}
{"timestamp": "16:00:10.218497", "frame": 8, "mu": [-0.26884645228193454, 4.172548044372621, 1.404288453770884], "Sigma": [[0.018479730236510956, -0.00018618966573792357, -0.006961433182312217], [-0.0001861896657379238, 0.002813083719456223, -0.00034202382546733414], [-0.006961433182312217, -0.00034202382546733414, 0.0037530955136719757]], "chi2_level": 0.997, "chi2_df": 3, "chi2_threshold": 13.931422665512084, "N_raw": 31, "N_roi": 31, "N_inlier": 31, "refit": true}
{"timestamp": "16:00:10.274640", "frame": 9, "mu": [-0.32613679426571035, 4.201706794268773, 0.2985302264761125], "Sigma": [[0.007683196399734978, 0.006057447330651121, -0.011336669304185563], [0.006057447330651121, 0.014094657387050773, -0.01721158672881736], [-0.011336669304185564, -0.01721158672881736, 0.027664714115573134]], "chi2_level": 0.997, "chi2_df": 3, "chi2_threshold": 13.931422665512084, "N_raw": 19, "N_roi": 19, "N_inlier": 18, "refit": true}
{"timestamp": "16:00:10.495382", "frame": 13, "mu": [-0.16723940310802615, 4.086576508694686, 1.3713187241742404], "Sigma": [[0.02335408208085883, -0.00035321112094545187, -0.00792173876546201], [-0.00035321112094545187, 0.0018803555711956095, 0.001092004466120237], [-0.00792173876546201, 0.001092004466120237, 0.004012005989964714]], "chi2_level": 0.997, "chi2_df": 3, "chi2_threshold": 13.931422665512084, "N_raw": 28, "N_roi": 28, "N_inlier": 28, "refit": true}
{"timestamp": "16:00:10.551036", "frame": 14, "mu": [-0.189849346842761, 4.121427749078141, 1.390020175864892], "Sigma": [[0.01704275019606323, 0.000311479474848232, -0.004311048890174346], [0.00031147947484823206, 0.0031750381339220313, -0.0006974754955951948], [-0.004311048890174345, -0.0006974754955951946, 0.002725595879082379]], "chi2_level": 0.997, "chi2_df": 3, "chi2_threshold": 13.931422665512084, "N_raw": 35, "N_roi": 35, "N_inlier": 34, "refit": true}
{"timestamp": "16:00:10.657997", "frame": 16, "mu": [-0.15450455257975532, 4.132018639099419, 1.0756599020952617], "Sigma": [[0.007452187812792661, -0.001514730426167722, -0.0016342199624017632], [-0.0015147304261677221, 0.0012312195712123602, -0.0016089898657135596], [-0.0016342199624017632, -0.0016089898657135596, 0.006296769630550573]], "chi2_level": 0.997, "chi2_df": 3, "chi2_threshold": 13.931422665512084, "N_raw": 17, "N_roi": 14, "N_inlier": 13, "refit": true}
{"timestamp": "16:00:10.934462", "frame": 21, "mu": [0.13647095425917646, 4.159341374401533, 0.2280667156320012], "Sigma": [[0.007072794970833325, -0.00405136174046451, 0.012389817517230674], [-0.00405136174046451, 0.02857827777030595, -0.06634115544957539], [0.012389817517230674, -0.06634115544957539, 0.17823067874867185]], "chi2_level": 0.997, "chi2_df": 3, "chi2_threshold": 13.931422665512084, "N_raw": 18, "N_roi": 16, "N_inlier": 15, "refit": true}
{"timestamp": "16:00:11.048133", "frame": 23, "mu": [0.21327531195922908, 4.005769667294119, 1.1110403986871606], "Sigma": [[0.01690958006919519, -7.46442272201234e-05, -0.011175910329172187], [-7.46442272201234e-05, 0.0029945553994756642, -0.003329354387697701], [-0.011175910329172187, -0.003329354387697701, 0.027872942869959897]], "chi2_level": 0.997, "chi2_df": 3, "chi2_threshold": 13.931422665512084, "N_raw": 39, "N_roi": 37, "N_inlier": 35, "refit": true}
{"timestamp": "16:00:11.152190", "frame": 25, "mu": [0.39805594589061616, 4.069802273950683, 0.1607100588039291], "Sigma": [[0.002917511420763096, 0.0012580898923266483, -0.0022965364506422705], [0.0012580898923266483, 0.0030982986108077193, -0.0038263018369568075], [-0.0022965364506422705, -0.0038263018369568075, 0.005645065821980881]], "chi2_level": 0.997, "chi2_df": 3, "chi2_threshold": 13.931422665512084, "N_raw": 8, "N_roi": 7, "N_inlier": 7, "refit": true}
{"timestamp": "16:00:11.207521", "frame": 26, "mu": [0.42704821628573075, 4.005321639756858, 0.8651589935984553], "Sigma": [[0.0025556620074189424, 0.00010910729176285442, -0.00040180114488806034], [0.00010910729176285437, 0.00757993490763564, -0.030110235112718632], [-0.00040180114488806056, -0.030110235112718632, 0.14753546271725346]], "chi2_level": 0.997, "chi2_df": 3, "chi2_threshold": 13.931422665512084, "N_raw": 7, "N_roi": 7, "N_inlier": 7, "refit": true}
{"timestamp": "16:00:11.428283", "frame": 30, "mu": [0.7424104222717014, 3.973614000951276, -0.2327953244501634], "Sigma": [[0.003747165677447398, 0.009620262418318995, -0.029878585123392108], [0.009620262418318995, 0.03085390677458711, -0.09075235716931918], [-0.029878585123392108, -0.09075235716931918, 0.2891514533547869]], "chi2_level": 0.997, "chi2_df": 3, "chi2_threshold": 13.931422665512084, "N_raw": 12, "N_roi": 10, "N_inlier": 10, "refit": true}
{"timestamp": "16:00:11.483340", "frame": 31, "mu": [0.7913718054996676, 3.7499459351019273, 0.5725704772650333], "Sigma": [[0.0025747272542036214, 0.0019010920912333196, -0.02398502825661924], [0.0019010920912333196, 0.004643058697855191, -0.023840362857929606], [-0.023985028256619238, -0.023840362857929606, 0.4139275435039606]], "chi2_level": 0.997, "chi2_df": 3, "chi2_threshold": 13.931422665512084, "N_raw": 12, "N_roi": 8, "N_inlier": 8, "refit": true}
{"timestamp": "16:00:11.537348", "frame": 32, "mu": [0.8402233300429686, 3.7114804119279037, 0.8453477764968649], "Sigma": [[0.0018169178467413272, 0.0014563739645675564, -0.018802141592923365], [0.0014563739645675564, 0.002773236329950031, -0.02506762460739264], [-0.018802141592923365, -0.02506762460739264, 0.449610181271597]], "chi2_level": 0.997, "chi2_df": 3, "chi2_threshold": 13.931422665512084, "N_raw": 8, "N_roi": 7, "N_inlier": 7, "refit": true}
{"timestamp": "16:00:11.707557", "frame": 35, "mu": [0.9898433996443677, 3.4584561188808607, 0.9942671074547562], "Sigma": [[0.01126756409164782, -0.002727419203400532, -0.0023377759718451983], [-0.002727419203400532, 0.001732426286195349, -0.002032307424663435], [-0.0023377759718451983, -0.002032307424663435, 0.011521393859467703]], "chi2_level": 0.997, "chi2_df": 3, "chi2_threshold": 13.931422665512084, "N_raw": 35, "N_roi": 35, "N_inlier": 32, "refit": true}
{"timestamp": "16:00:11.758590", "frame": 36, "mu": [1.2351797679197718, 3.42830388942988, 0.42166283976153995], "Sigma": [[0.00924953343813272, 0.005945658151427887, -0.03207964205546526], [0.005945658151427887, 0.008793806807101125, -0.019034755415652402], [-0.03207964205546526, -0.019034755415652405, 0.2292685402287389]], "chi2_level": 0.997, "chi2_df": 3, "chi2_threshold": 13.931422665512084, "N_raw": 10, "N_roi": 10, "N_inlier": 10, "refit": true}
{"timestamp": "16:00:11.812721", "frame": 37, "mu": [1.2802114788960801, 3.368435583824303, 0.4225214680084938], "Sigma": [[0.006210160747635811, -0.0015651105603373284, -0.027232187890369762], [-0.0015651105603373282, 0.009519580615519488, -0.0037301515861883415], [-0.02723218789036976, -0.0037301515861883415, 0.19953352471997957]], "chi2_level": 0.997, "chi2_df": 3, "chi2_threshold": 13.931422665512084, "N_raw": 9, "N_roi": 9, "N_inlier": 9, "refit": true}
{"timestamp": "16:00:11.871004", "frame": 38, "mu": [1.231176281972543, 3.3033172043976977, 0.8123196951507518], "Sigma": [[0.016258051803377936, -0.007541336594938729, -0.006447427849023018], [-0.00754133659493873, 0.00906246904405401, 0.005978607392291108], [-0.006447427849023018, 0.005978607392291108, 0.0055603205703564805]], "chi2_level": 0.997, "chi2_df": 3, "chi2_threshold": 13.931422665512084, "N_raw": 38, "N_roi": 38, "N_inlier": 36, "refit": true}
{"timestamp": "16:00:11.923615", "frame": 39, "mu": [1.3162323556002438, 3.3071567077960378, 0.8604530564315555], "Sigma": [[0.0046832743392166915, 0.00146696359257903, -0.02442544361912742], [0.00146696359257903, 0.0015605950264562997, -0.015844922298387198], [-0.02442544361912742, -0.015844922298387194, 0.35227493787253705]], "chi2_level": 0.997, "chi2_df": 3, "chi2_threshold": 13.931422665512084, "N_raw": 11, "N_roi": 11, "N_inlier": 11, "refit": true}
{"timestamp": "16:00:11.980469", "frame": 40, "mu": [1.3396707568343857, 3.21599724132345, 1.1523163776309844], "Sigma": [[0.0072448554779228425, -0.001701451052188798, -0.00016291080817497388], [-0.001701451052188798, 0.001541192204059064, -0.0023983418603793463], [-0.0001629108081749742, -0.0023983418603793463, 0.01339024505814389]], "chi2_level": 0.997, "chi2_df": 3, "chi2_threshold": 13.931422665512084, "N_raw": 26, "N_roi": 26, "N_inlier": 24, "refit": true}
{"timestamp": "16:00:12.037527", "frame": 41, "mu": [1.4125748594917305, 3.1570586212745524, 0.7970680589519239], "Sigma": [[0.014021558225352974, -0.007882483764695587, -0.012717546019642485], [-0.007882483764695587, 0.006048300022319064, 0.0018232618450041418], [-0.012717546019642485, 0.0018232618450041416, 0.04210080543899002]], "chi2_level": 0.997, "chi2_df": 3, "chi2_threshold": 13.931422665512084, "N_raw": 38, "N_roi": 38, "N_inlier": 36, "refit": true}
{"timestamp": "16:00:12.095863", "frame": 42, "mu": [1.4279695153553598, 3.064569565011373, 0.6896598193600829], "Sigma": [[0.023812039553449967, -0.0073084140695707294, -0.001988196590365732], [-0.0073084140695707294, 0.006887985003621308, -0.00037801711416137547], [-0.001988196590365732, -0.00037801711416137536, 0.0011389020640982677]], "chi2_level": 0.997, "chi2_df": 3, "chi2_threshold": 13.931422665512084, "N_raw": 55, "N_roi": 55, "N_inlier": 54, "refit": true}
{"timestamp": "16:00:12.149917", "frame": 43, "mu": [1.4286378472494887, 3.0004051311105924, 0.6589824928158771], "Sigma": [[0.018621617195388077, -0.006009524616968352, -0.0036943184245578665], [-0.006009524616968353, 0.004455890717161845, -0.0006157196073107798], [-0.0036943184245578665, -0.0006157196073107797, 0.004906361466745041]], "chi2_level": 0.997, "chi2_df": 3, "chi2_threshold": 13.931422665512084, "N_raw": 46, "N_roi": 44, "N_inlier": 42, "refit": true}
{"timestamp": "16:00:12.198789", "frame": 44, "mu": [1.5483643846063657, 3.0890845021029, 0.7160405270742879], "Sigma": [[0.005149857012890949, 0.010322776218111607, -0.027358439099277845], [0.010322776218111607, 0.03183172226843361, -0.043755384655470735], [-0.027358439099277845, -0.04375538465547073, 0.2752049711457572]], "chi2_level": 0.997, "chi2_df": 3, "chi2_threshold": 13.931422665512084, "N_raw": 11, "N_roi": 11, "N_inlier": 11, "refit": true}
{"timestamp": "16:00:12.362203", "frame": 47, "mu": [1.5767282244566405, 2.6648426721374623, 0.615931440067321], "Sigma": [[0.003211946269731168, -0.0033241533256078877, -0.027985218759991406], [-0.0033241533256078873, 0.006578408245418767, 0.048287890766637254], [-0.0279852187599914, 0.048287890766637254, 0.43980556026039275]], "chi2_level": 0.997, "chi2_df": 3, "chi2_threshold": 13.931422665512084, "N_raw": 9, "N_roi": 8, "N_inlier": 8, "refit": true}
{"timestamp": "16:00:12.588100", "frame": 51, "mu": [1.5717834876438659, 2.6356598757954104, -0.6019304923844744], "Sigma": [[0.01615670357359427, -0.008948952170870786, -0.020520813799547896], [-0.008948952170870786, 0.009528189382469158, 0.010720151013965104], [-0.020520813799547892, 0.010720151013965104, 0.03228605859166496]], "chi2_level": 0.997, "chi2_df": 3, "chi2_threshold": 13.931422665512084, "N_raw": 48, "N_roi": 48, "N_inlier": 47, "refit": true}
{"timestamp": "16:00:12.644594", "frame": 52, "mu": [1.6329801027623285, 2.207155041551382, 0.6323588370040228], "Sigma": [[0.015449221212803309, -0.008111385398906773, -0.004799167388656362], [-0.008111385398906773, 0.010948075338684062, 0.002026399270335884], [-0.004799167388656362, 0.002026399270335884, 0.002524737165383267]], "chi2_level": 0.997, "chi2_df": 3, "chi2_threshold": 13.931422665512084, "N_raw": 51, "N_roi": 51, "N_inlier": 49, "refit": true}
{"timestamp": "16:00:12.699131", "frame": 53, "mu": [1.5744462283852414, 2.1885485439752568, 0.7087124127596675], "Sigma": [[0.012030816360034955, -0.009679945273140096, -0.006915584912771382], [-0.009679945273140096, 0.010405225738778503, 0.004615120875092714], [-0.006915584912771382, 0.004615120875092714, 0.025618536469687137]], "chi2_level": 0.997, "chi2_df": 3, "chi2_threshold": 13.931422665512084, "N_raw": 51, "N_roi": 51, "N_inlier": 48, "refit": true}
{"timestamp": "16:00:12.753647", "frame": 54, "mu": [1.5639114757581307, 2.203637139724603, 0.7726440633569365], "Sigma": [[0.013622601635108549, -0.008610630405233542, -0.005651710358116499], [-0.008610630405233544, 0.008559299719506497, 0.001943819694333875], [-0.005651710358116498, 0.001943819694333875, 0.004137902117567973]], "chi2_level": 0.997, "chi2_df": 3, "chi2_threshold": 13.931422665512084, "N_raw": 42, "N_roi": 42, "N_inlier": 41, "refit": true}
{"timestamp": "16:00:12.811403", "frame": 55, "mu": [1.6828457885196382, 2.0534490190650785, 0.7471956379695563], "Sigma": [[0.03817593608317196, -0.030778020614212254, -0.045614426590701015], [-0.030778020614212254, 0.026399716428133504, 0.03478057487364973], [-0.045614426590701015, 0.03478057487364973, 0.06673062667429591]], "chi2_level": 0.997, "chi2_df": 3, "chi2_threshold": 13.931422665512084, "N_raw": 64, "N_roi": 64, "N_inlier": 63, "refit": true}
{"timestamp": "16:00:12.866965", "frame": 56, "mu": [1.5579857795842318, 2.0763919443081504, 0.8852230763473126], "Sigma": [[0.01455107154025919, -0.009148161692368893, -0.010543542227690732], [-0.009148161692368893, 0.007169866255129055, 0.002696150297999385], [-0.010543542227690734, 0.0026961502979993856, 0.022799652899180047]], "chi2_level": 0.997, "chi2_df": 3, "chi2_threshold": 13.931422665512084, "N_raw": 62, "N_roi": 62, "N_inlier": 61, "refit": true}
{"timestamp": "16:00:12.921159", "frame": 57, "mu": [1.5550243512766122, 2.0213765514068163, 0.9237851616350778], "Sigma": [[0.01430007266648902, -0.010886531696959037, -0.013587976219257418], [-0.010886531696959037, 0.009562707998018111, 0.011557913731682096], [-0.01358797621925742, 0.011557913731682096, 0.0486504942460219]], "chi2_level": 0.997, "chi2_df": 3, "chi2_threshold": 13.931422665512084, "N_raw": 62, "N_roi": 62, "N_inlier": 62, "refit": true}
{"timestamp": "16:00:12.979238", "frame": 58, "mu": [1.495268518783726, 1.987514071485174, 0.9440081777992418], "Sigma": [[0.010338256523046692, -0.006755075968527914, -0.01432867767897781], [-0.006755075968527914, 0.00709632800989428, 0.014902648916210001], [-0.01432867767897781, 0.014902648916210003, 0.12341490074179677]], "chi2_level": 0.997, "chi2_df": 3, "chi2_threshold": 13.931422665512084, "N_raw": 72, "N_roi": 72, "N_inlier": 70, "refit": true}
{"timestamp": "16:00:13.035144", "frame": 59, "mu": [1.4548391188916303, 1.9507448366254527, 1.0926701975443947], "Sigma": [[0.010109794766573364, -0.005898161658871222, -0.006226382760501786], [-0.005898161658871222, 0.0060080859085679846, -0.0037518071707005225], [-0.006226382760501787, -0.003751807170700523, 0.056638388860548144]], "chi2_level": 0.997, "chi2_df": 3, "chi2_threshold": 13.931422665512084, "N_raw": 81, "N_roi": 81, "N_inlier": 80, "refit": true}
{"timestamp": "16:00:13.087371", "frame": 60, "mu": [1.515708775166491, 1.9287874068192254, -0.6995992700831548], "Sigma": [[0.014092377511047863, -0.0031471795309231396, 0.017807756790860562], [-0.003147179530923139, 0.0068937009783761665, -0.002954827659748952], [0.017807756790860562, -0.002954827659748952, 0.05426561252153134]], "chi2_level": 0.997, "chi2_df": 3, "chi2_threshold": 13.931422665512084, "N_raw": 69, "N_roi": 69, "N_inlier": 66, "refit": true}
{"timestamp": "16:00:13.142041", "frame": 61, "mu": [1.4294965996322184, 1.8501743514879967, 1.190019025120981], "Sigma": [[0.012444715525305688, -0.004041795576586087, -0.0014680093727111668], [-0.004041795576586087, 0.0058213365785044656, -0.003680591222187822], [-0.0014680093727111663, -0.003680591222187822, 0.007563221730720202]], "chi2_level": 0.997, "chi2_df": 3, "chi2_threshold": 13.931422665512084, "N_raw": 65, "N_roi": 65, "N_inlier": 61, "refit": true}
{"timestamp": "16:00:13.200873", "frame": 62, "mu": [1.4090945324299362, 1.8937447005373074, -0.10298997828826696], "Sigma": [[0.011987226300822027, -0.010318926879810453, 0.034324092666999886], [-0.010318926879810453, 0.024910315069570404, -0.09962175484706282], [0.034324092666999886, -0.09962175484706283, 0.5363946193145803]], "chi2_level": 0.997, "chi2_df": 3, "chi2_threshold": 13.931422665512084, "N_raw": 93, "N_roi": 93, "N_inlier": 93, "refit": true}
{"timestamp": "16:00:13.259461", "frame": 63, "mu": [1.3985431615847634, 1.753707124012914, -0.03719031252497514], "Sigma": [[0.01885245442259002, -0.01755209685064643, 0.05675980843879118], [-0.01755209685064643, 0.03607798580214132, -0.11907686779232077], [0.05675980843879118, -0.11907686779232077, 0.5543216041054789]], "chi2_level": 0.997, "chi2_df": 3, "chi2_threshold": 13.931422665512084, "N_raw": 107, "N_roi": 107, "N_inlier": 104, "refit": true}
{"timestamp": "16:00:13.310279", "frame": 64, "mu": [1.3012491453111652, 1.622642144028759, 1.1606893380586198], "Sigma": [[0.012090496816745908, -0.006532552505904515, -0.010593809712718765], [-0.006532552505904515, 0.008393536735175075, -0.0010977929806339735], [-0.010593809712718765, -0.0010977929806339738, 0.02502807567477005]], "chi2_level": 0.997, "chi2_df": 3, "chi2_threshold": 13.931422665512084, "N_raw": 86, "N_roi": 86, "N_inlier": 85, "refit": true}
{"timestamp": "16:00:13.361493", "frame": 65, "mu": [1.3394041926311657, 1.5159720439071334, 1.0256564662278105], "Sigma": [[0.006705562987635249, -0.004264177648022186, -0.0026141955244729136], [-0.004264177648022186, 0.0049661131537943395, 0.004817216067264137], [-0.0026141955244729145, 0.004817216067264136, 0.044193416653078355]], "chi2_level": 0.997, "chi2_df": 3, "chi2_threshold": 13.931422665512084, "N_raw": 63, "N_roi": 62, "N_inlier": 59, "refit": true}
{"timestamp": "16:00:13.423212", "frame": 66, "mu": [1.2601843479181634, 1.4544198845167082, 1.022963302064154], "Sigma": [[0.011336918108544947, -0.007090409922923141, -0.01352670536109161], [-0.007090409922923141, 0.008199270300871373, 0.010827504540747875], [-0.013526705361091611, 0.010827504540747875, 0.0735402600851534]], "chi2_level": 0.997, "chi2_df": 3, "chi2_threshold": 13.931422665512084, "N_raw": 106, "N_roi": 106, "N_inlier": 106, "refit": true}
{"timestamp": "16:00:13.469513", "frame": 67, "mu": [1.185104125748912, 1.4191956263761207, 1.2449593210849617], "Sigma": [[0.01027153934829735, -0.006364471114161895, -0.016917318867051362], [-0.006364471114161895, 0.005872716431236972, 0.012347838829815647], [-0.016917318867051362, 0.012347838829815647, 0.05715639549934867]], "chi2_level": 0.997, "chi2_df": 3, "chi2_threshold": 13.931422665512084, "N_raw": 40, "N_roi": 40, "N_inlier": 40, "refit": true}
{"timestamp": "16:00:13.532594", "frame": 68, "mu": [1.1808856151213714, 1.3553872247255092, 1.1180683434997138], "Sigma": [[0.01692298719553801, -0.010088621088742578, -0.02095958115993323], [-0.010088621088742578, 0.01063636034493809, 0.01060526436042281], [-0.02095958115993323, 0.01060526436042281, 0.039192320584616365]], "chi2_level": 0.997, "chi2_df": 3, "chi2_threshold": 13.931422665512084, "N_raw": 98, "N_roi": 98, "N_inlier": 95, "refit": true}
{"timestamp": "16:00:13.588976", "frame": 69, "mu": [1.0734872657753343, 1.333092708890918, 1.2287476400923651], "Sigma": [[0.011515560803576531, -0.004828831417327695, -0.013403798947922239], [-0.004828831417327695, 0.006578171857460415, 0.002457368525857278], [-0.013403798947922237, 0.002457368525857278, 0.028341484319899416]], "chi2_level": 0.997, "chi2_df": 3, "chi2_threshold": 13.931422665512084, "N_raw": 84, "N_roi": 84, "N_inlier": 81, "refit": true}
{"timestamp": "16:00:13.635931", "frame": 70, "mu": [1.0108080940949509, 1.3044531365639482, 1.370669664750715], "Sigma": [[0.011186012321766135, -0.0028075880669310633, -0.009260986827839702], [-0.0028075880669310637, 0.003173753259941032, 0.0002703342856258484], [-0.009260986827839702, 0.0002703342856258484, 0.010087281218469633]], "chi2_level": 0.997, "chi2_df": 3, "chi2_threshold": 13.931422665512084, "N_raw": 62, "N_roi": 62, "N_inlier": 60, "refit": true}
{"timestamp": "16:00:13.699385", "frame": 71, "mu": [0.9923218697972371, 1.237641212551195, 1.1564182202795772], "Sigma": [[0.012114329179814759, -0.00434179721274741, -0.020748676378601606], [-0.00434179721274741, 0.00436944053175027, 0.005369084331009866], [-0.020748676378601606, 0.005369084331009866, 0.08158032756944562]], "chi2_level": 0.997, "chi2_df": 3, "chi2_threshold": 13.931422665512084, "N_raw": 115, "N_roi": 115, "N_inlier": 115, "refit": true}
{"timestamp": "16:00:13.751935", "frame": 72, "mu": [0.9435598393594528, 1.1610990594606672, 1.1806995164929133], "Sigma": [[0.013598962194350526, -0.005712673457591798, -0.0068472633316523385], [-0.005712673457591799, 0.006625098713717785, -0.002052932381904941], [-0.0068472633316523385, -0.0020529323819049416, 0.04950364246285083]], "chi2_level": 0.997, "chi2_df": 3, "chi2_threshold": 13.931422665512084, "N_raw": 97, "N_roi": 97, "N_inlier": 95, "refit": true}
{"timestamp": "16:00:13.807476", "frame": 73, "mu": [0.9349103758025541, 1.0414633863538842, 1.2423275648323675], "Sigma": [[0.017598951586544086, -0.004295969121723871, -0.01655697895280791], [-0.004295969121723871, 0.004642593322652972, 0.002535960385239064], [-0.016556978952807912, 0.002535960385239064, 0.023941632797012315]], "chi2_level": 0.997, "chi2_df": 3, "chi2_threshold": 13.931422665512084, "N_raw": 105, "N_roi": 105, "N_inlier": 102, "refit": true}
{"timestamp": "16:00:13.867302", "frame": 74, "mu": [0.8526251650868478, 1.01722655301463, 1.2542936275669394], "Sigma": [[0.015886793300764257, -0.0050501941724575995, -0.015407743536451069], [-0.0050501941724575995, 0.007266711666214519, 0.0011905100025992417], [-0.015407743536451069, 0.0011905100025992419, 0.022001662379298823]], "chi2_level": 0.997, "chi2_df": 3, "chi2_threshold": 13.931422665512084, "N_raw": 127, "N_roi": 127, "N_inlier": 124, "refit": true}
{"timestamp": "16:00:13.921894", "frame": 75, "mu": [0.8064502293481761, 0.9725199298573205, 1.2784971124879563], "Sigma": [[0.016333048545445913, -0.006290889165257859, -0.015365505197676963], [-0.006290889165257859, 0.007424944276404334, 0.0027266806622047485], [-0.015365505197676963, 0.002726680662204748, 0.018351958498939967]], "chi2_level": 0.997, "chi2_df": 3, "chi2_threshold": 13.931422665512084, "N_raw": 120, "N_roi": 120, "N_inlier": 116, "refit": true}
{"timestamp": "16:00:13.972350", "frame": 76, "mu": [0.7361077701841506, 0.9531617476569986, 1.2909351760590648], "Sigma": [[0.01251314580940026, -0.00404443718460454, -0.01447765574283189], [-0.00404443718460454, 0.004817940656868657, 0.0028130188334721242], [-0.014477655742831892, 0.0028130188334721247, 0.022038914995817928]], "chi2_level": 0.997, "chi2_df": 3, "chi2_threshold": 13.931422665512084, "N_raw": 94, "N_roi": 94, "N_inlier": 92, "refit": true}
{"timestamp": "16:00:14.027528", "frame": 77, "mu": [0.6533475805509867, 0.951967974259811, 1.357907651651003], "Sigma": [[0.009564339619107383, -0.001063895632876828, -0.011015308922616502], [-0.0010638956328768282, 0.004539089937061209, -0.0016536620137676489], [-0.011015308922616502, -0.0016536620137676489, 0.015391232483945591]], "chi2_level": 0.997, "chi2_df": 3, "chi2_threshold": 13.931422665512084, "N_raw": 103, "N_roi": 103, "N_inlier": 99, "refit": true}
{"timestamp": "16:00:14.077448", "frame": 78, "mu": [0.5985042259832358, 0.9118437897538268, 1.3780112785816268], "Sigma": [[0.007961496423142709, -0.0015391510488213223, -0.009286590409433014], [-0.0015391510488213227, 0.002802220941556753, 0.0003965414238057406], [-0.009286590409433016, 0.0003965414238057405, 0.011938307080595722]], "chi2_level": 0.997, "chi2_df": 3, "chi2_threshold": 13.931422665512084, "N_raw": 58, "N_roi": 58, "N_inlier": 54, "refit": true}
{"timestamp": "16:00:14.124892", "frame": 79, "mu": [0.5007411377085715, 0.8871125868589155, 0.8523787912020605], "Sigma": [[0.007051364248808462, -0.005771722485990973, -0.04893718499938776], [-0.005771722485990973, 0.016620333206615483, 0.08387854604965522], [-0.04893718499938776, 0.08387854604965522, 0.569221411428179]], "chi2_level": 0.997, "chi2_df": 3, "chi2_threshold": 13.931422665512084, "N_raw": 11, "N_roi": 11, "N_inlier": 10, "refit": true}
{"timestamp": "16:00:14.181627", "frame": 80, "mu": [0.3694460114102912, 1.03852999135672, -0.29632432798592606], "Sigma": [[0.002168893138665719, 0.0011670325239833135, -0.005657125214022422], [0.0011670325239833135, 0.0029563297351696263, -0.008024759218443693], [-0.005657125214022422, -0.008024759218443693, 0.05786261604650822]], "chi2_level": 0.997, "chi2_df": 3, "chi2_threshold": 13.931422665512084, "N_raw": 32, "N_roi": 32, "N_inlier": 29, "refit": true}
{"timestamp": "16:00:14.237703", "frame": 81, "mu": [0.38755820118121737, 0.8968746744679487, 1.291823855204446], "Sigma": [[0.007556671329315207, -0.0035727684449156243, -0.010680304411268], [-0.003572768444915624, 0.004573675736750778, 0.003259784129567165], [-0.010680304411268, 0.003259784129567165, 0.016954281453730454]], "chi2_level": 0.997, "chi2_df": 3, "chi2_threshold": 13.931422665512084, "N_raw": 44, "N_roi": 44, "N_inlier": 43, "refit": true}
{"timestamp": "16:00:14.294849", "frame": 82, "mu": [0.24812910010256423, 0.9270978402858372, 1.420968868928835], "Sigma": [[0.008259623650832033, -0.0009133715705993233, -0.010232444320144963], [-0.0009133715705993233, 0.0015394627166302928, 0.0003928254776094797], [-0.010232444320144963, 0.0003928254776094797, 0.013446916442025633]], "chi2_level": 0.997, "chi2_df": 3, "chi2_threshold": 13.931422665512084, "N_raw": 47, "N_roi": 45, "N_inlier": 44, "refit": true}
{"timestamp": "16:00:14.343084", "frame": 83, "mu": [0.19281788770789907, 1.0442337482366435, -0.7078471492021431], "Sigma": [[0.0022226858988700663, 0.00738873933515786, -0.011533278821026267], [0.00738873933515786, 0.06934559126305871, -0.07526743659235113], [-0.011533278821026267, -0.07526743659235113, 0.5073495262378401]], "chi2_level": 0.997, "chi2_df": 3, "chi2_threshold": 13.931422665512084, "N_raw": 9, "N_roi": 9, "N_inlier": 9, "refit": true}
{"timestamp": "16:00:14.402860", "frame": 84, "mu": [0.04032714532926885, 0.9413896861409035, 1.483984792037878], "Sigma": [[0.002147188775910499, -0.0009552228896445039, -0.0017510095665630983], [-0.0009552228896445039, 0.0023023310180147723, -0.00038794219863606626], [-0.0017510095665630983, -0.0003879421986360663, 0.0025980630549067717]], "chi2_level": 0.997, "chi2_df": 3, "chi2_threshold": 13.931422665512084, "N_raw": 45, "N_roi": 45, "N_inlier": 44, "refit": true}
{"timestamp": "16:00:14.463848", "frame": 85, "mu": [-0.008433251128479199, 0.9349550614731806, 1.4884685466701852], "Sigma": [[0.005463645860146262, -0.0029367224162631907, -0.006468275074385389], [-0.0029367224162631907, 0.004153871637240182, 0.0020738390379598636], [-0.006468275074385389, 0.0020738390379598636, 0.00962497092537507]], "chi2_level": 0.997, "chi2_df": 3, "chi2_threshold": 13.931422665512084, "N_raw": 83, "N_roi": 81, "N_inlier": 79, "refit": true}
{"timestamp": "16:00:14.515376", "frame": 86, "mu": [0.0009819871597756447, 0.918069780026943, 1.3906192112125548], "Sigma": [[0.003246085486442756, -0.0009189846142225219, -0.005638538757713779], [-0.000918984614222522, 0.0021771539294426793, -0.00016162022564377934], [-0.005638538757713779, -0.00016162022564377918, 0.012148901304894126]], "chi2_level": 0.997, "chi2_df": 3, "chi2_threshold": 13.931422665512084, "N_raw": 52, "N_roi": 52, "N_inlier": 52, "refit": true}
{"timestamp": "16:00:14.568643", "frame": 87, "mu": [-0.12018122040824158, 0.9480471641453957, 1.4882434796117736], "Sigma": [[0.0016438032402638963, -0.00029172887333975755, -0.0016046290014295106], [-0.00029172887333975755, 0.002147214158770577, -0.0010959056001272813], [-0.0016046290014295106, -0.0010959056001272815, 0.002735619399619586]], "chi2_level": 0.997, "chi2_df": 3, "chi2_threshold": 13.931422665512084, "N_raw": 41, "N_roi": 41, "N_inlier": 41, "refit": true}
{"timestamp": "16:00:14.629881", "frame": 88, "mu": [-0.20911335170254908, 0.961333330195738, 1.4922490352253517], "Sigma": [[0.004987649174276591, -0.0006755686901173983, -0.00412689752744504], [-0.0006755686901173983, 0.0033464471375327233, -0.0014050175479538018], [-0.00412689752744504, -0.0014050175479538018, 0.004890626768919525]], "chi2_level": 0.997, "chi2_df": 3, "chi2_threshold": 13.931422665512084, "N_raw": 87, "N_roi": 87, "N_inlier": 85, "refit": true}
{"timestamp": "16:00:14.679455", "frame": 89, "mu": [-0.26565281510953354, 0.9485953402646962, 1.4519145662010249], "Sigma": [[0.001965302486978585, -0.0002653217682197091, -0.0026312673077783597], [-0.0002653217682197091, 0.0020763850743661296, -0.0008556052706539428], [-0.0026312673077783597, -0.0008556052706539428, 0.0047349746555405536]], "chi2_level": 0.997, "chi2_df": 3, "chi2_threshold": 13.931422665512084, "N_raw": 42, "N_roi": 42, "N_inlier": 39, "refit": true}
{"timestamp": "16:00:14.742602", "frame": 90, "mu": [-0.3497360737963071, 0.9410443499433275, 1.4620317709640382], "Sigma": [[0.0045793479771855305, -0.0007011560367693818, -0.0033273047386695722], [-0.0007011560367693821, 0.004448335069122799, -0.0034340985133113006], [-0.0033273047386695722, -0.0034340985133113006, 0.006423745480824682]], "chi2_level": 0.997, "chi2_df": 3, "chi2_threshold": 13.931422665512084, "N_raw": 102, "N_roi": 102, "N_inlier": 99, "refit": true}
{"timestamp": "16:00:14.798423", "frame": 91, "mu": [-0.4074980165799208, 0.9329656246247232, 1.476468393218811], "Sigma": [[0.007980590758247509, -0.0016883760394245631, -0.009189053059847765], [-0.0016883760394245631, 0.005446840421880317, 6.762272381031901e-06], [-0.009189053059847766, 6.762272381032335e-06, 0.013719296408122427]], "chi2_level": 0.997, "chi2_df": 3, "chi2_threshold": 13.931422665512084, "N_raw": 112, "N_roi": 112, "N_inlier": 109, "refit": true}
{"timestamp": "16:00:14.849684", "frame": 92, "mu": [-0.53677173309534, 0.958052055498358, 1.530652868946752], "Sigma": [[0.0040997716252087766, -0.0010413924605825258, -0.002487805264836785], [-0.001041392460582526, 0.006594304286314199, -0.0021338189418804547], [-0.002487805264836785, -0.0021338189418804547, 0.003164914050853616]], "chi2_level": 0.997, "chi2_df": 3, "chi2_threshold": 13.931422665512084, "N_raw": 74, "N_roi": 74, "N_inlier": 72, "refit": true}
{"timestamp": "16:00:14.906515", "frame": 93, "mu": [-0.5293566142551723, 0.9372257771353876, 1.16523795869881], "Sigma": [[0.010569003777709021, 0.0002509751388818731, -0.037622941574931706], [0.0002509751388818734, 0.0039400635667713605, -0.005615714877678967], [-0.037622941574931706, -0.005615714877678967, 0.2259847855970494]], "chi2_level": 0.997, "chi2_df": 3, "chi2_threshold": 13.931422665512084, "N_raw": 92, "N_roi": 90, "N_inlier": 84, "refit": true}
{"timestamp": "16:00:14.960685", "frame": 94, "mu": [-0.6627668449228317, 0.9673438247716931, 1.4695266592361078], "Sigma": [[0.021152578905571665, 0.005846124892802943, -0.038288555970141205], [0.005846124892802942, 0.010152328820982087, -0.011636733304974584], [-0.038288555970141205, -0.011636733304974584, 0.12512962768081634]], "chi2_level": 0.997, "chi2_df": 3, "chi2_threshold": 13.931422665512084, "N_raw": 87, "N_roi": 87, "N_inlier": 86, "refit": true}
{"timestamp": "16:00:15.016508", "frame": 95, "mu": [-0.7874704588384612, 0.9762534156245495, 1.6249673585246411], "Sigma": [[0.025987865010444477, 0.010193983763619926, -0.016693952807501675], [0.010193983763619926, 0.011037222798603344, -0.010401206074326886], [-0.016693952807501675, -0.010401206074326886, 0.014841599686865504]], "chi2_level": 0.997, "chi2_df": 3, "chi2_threshold": 13.931422665512084, "N_raw": 89, "N_roi": 89, "N_inlier": 84, "refit": true}
{"timestamp": "16:00:15.063543", "frame": 96, "mu": [-1.0581358690689917, 0.8706699515735243, 1.8032806933682415], "Sigma": [[0.03226853830285869, 0.016312568735818708, -0.03268657846427751], [0.016312568735818708, 0.014488544571135945, -0.015183126271763703], [-0.03268657846427751, -0.015183126271763703, 0.05068098928886278]], "chi2_level": 0.997, "chi2_df": 3, "chi2_threshold": 13.931422665512084, "N_raw": 33, "N_roi": 33, "N_inlier": 32, "refit": true}
{"timestamp": "16:00:15.122008", "frame": 97, "mu": [-1.0918237806035587, 0.8576373510599821, 1.704800552948875], "Sigma": [[0.0424278386049168, 0.004134035988605402, -0.07213563005388471], [0.004134035988605402, 0.008974819603472699, -0.0030077679655909407], [-0.07213563005388471, -0.003007767965590941, 0.15019629351429728]], "chi2_level": 0.997, "chi2_df": 3, "chi2_threshold": 13.931422665512084, "N_raw": 60, "N_roi": 60, "N_inlier": 59, "refit": true}
{"timestamp": "16:00:15.179416", "frame": 98, "mu": [-1.0851456869666332, 0.91800359833965, 1.6560736289666746], "Sigma": [[0.03255860625718103, 0.0006095999872735741, -0.05499702846846059], [0.000609599987273574, 0.00806798329093986, 0.011232500177920017], [-0.05499702846846059, 0.011232500177920017, 0.13998744619541406]], "chi2_level": 0.997, "chi2_df": 3, "chi2_threshold": 13.931422665512084, "N_raw": 86, "N_roi": 86, "N_inlier": 85, "refit": true}
{"timestamp": "16:00:15.240524", "frame": 99, "mu": [-1.143390641089472, 1.0133779571902681, 1.7099132068815437], "Sigma": [[0.024131311046831274, 0.009837564488229932, -0.013547050916819922], [0.009837564488229932, 0.010470981044087039, -0.007895915873673089], [-0.013547050916819922, -0.007895915873673089, 0.009373034834873808]], "chi2_level": 0.997, "chi2_df": 3, "chi2_threshold": 13.931422665512084, "N_raw": 117, "N_roi": 117, "N_inlier": 110, "refit": true}
{"timestamp": "16:00:15.395402", "frame": 100, "mu": [-1.054557033107308, 1.1819375742392293, 0.1988721048566475], "Sigma": [[0.018819871624324365, 0.015890320058682288, 0.023238509488203912], [0.015890320058682288, 0.022710622851876854, 0.028565536138981752], [0.023238509488203912, 0.028565536138981752, 0.33321387893745763]], "chi2_level": 0.997, "chi2_df": 3, "chi2_threshold": 13.931422665512084, "N_raw": 88, "N_roi": 88, "N_inlier": 88, "refit": true}
{"timestamp": "16:00:15.401804", "frame": 101, "mu": [-1.2323070299366796, 1.1105124756840972, 0.054465911121868674], "Sigma": [[0.019134546315051917, 0.012210540506642845, -0.009394349070137267], [0.012210540506642843, 0.014738255682848011, -0.0076613393284466055], [-0.009394349070137267, -0.007661339328446606, 0.006578019809802628]], "chi2_level": 0.997, "chi2_df": 3, "chi2_threshold": 13.931422665512084, "N_raw": 91, "N_roi": 91, "N_inlier": 87, "refit": true}
{"timestamp": "16:00:15.431442", "frame": 102, "mu": [-1.2724495495535504, 1.1552473996958446, 1.6450767640133732], "Sigma": [[0.02618168212153172, 0.013721984579552149, -0.053915352682247286], [0.013721984579552149, 0.018039323835423768, -0.015065801524804558], [-0.053915352682247286, -0.015065801524804558, 0.18654158893035427]], "chi2_level": 0.997, "chi2_df": 3, "chi2_threshold": 13.931422665512084, "N_raw": 101, "N_roi": 101, "N_inlier": 100, "refit": true}
{"timestamp": "16:00:15.463340", "frame": 103, "mu": [-1.3329281779174238, 1.1754798909107702, -0.45969016845378974], "Sigma": [[0.020060614168009982, 0.01710176512979785, -0.05926056452624915], [0.017101765129797854, 0.02746214691698564, -0.0430918473399666], [-0.05926056452624915, -0.0430918473399666, 0.2847027994240173]], "chi2_level": 0.997, "chi2_df": 3, "chi2_threshold": 13.931422665512084, "N_raw": 72, "N_roi": 72, "N_inlier": 70, "refit": true}
{"timestamp": "16:00:15.507887", "frame": 104, "mu": [-1.4238856704999336, 1.1921237945531251, 1.7139807282820785], "Sigma": [[0.018192526542783867, 0.010844152538688714, -0.03262289804161469], [0.010844152538688713, 0.013330469324207821, -0.023516264952100935], [-0.03262289804161469, -0.023516264952100935, 0.15769212153561887]], "chi2_level": 0.997, "chi2_df": 3, "chi2_threshold": 13.931422665512084, "N_raw": 66, "N_roi": 66, "N_inlier": 64, "refit": true}
{"timestamp": "16:00:15.571977", "frame": 105, "mu": [-1.431601535069789, 1.1703302503097917, 1.556786742083878], "Sigma": [[0.028747261808697536, 0.0131592760301623, -0.013143037124015338], [0.013159276030162297, 0.017635433908870846, -0.00867105685551912], [-0.013143037124015338, -0.008671056855519122, 0.007544947331730213]], "chi2_level": 0.997, "chi2_df": 3, "chi2_threshold": 13.931422665512084, "N_raw": 130, "N_roi": 130, "N_inlier": 126, "refit": true}
{"timestamp": "16:00:15.618544", "frame": 106, "mu": [-1.5507766218593524, 1.1755406724852955, 1.6562181339739674], "Sigma": [[0.021524154627920497, 0.01731600290683956, -0.012209737463570552], [0.01731600290683956, 0.028097063033471918, -0.0035320677581795884], [-0.012209737463570555, -0.003532067758179589, 0.011467370223062793]], "chi2_level": 0.997, "chi2_df": 3, "chi2_threshold": 13.931422665512084, "N_raw": 75, "N_roi": 75, "N_inlier": 72, "refit": true}
{"timestamp": "16:00:15.677565", "frame": 107, "mu": [-1.561451947416792, 1.254075040421793, 1.5777956402818782], "Sigma": [[0.02630577687066018, 0.012832325337986793, -0.016951487995498463], [0.012832325337986793, 0.01552060200118153, -0.010783804550877754], [-0.016951487995498463, -0.010783804550877754, 0.01378309214883298]], "chi2_level": 0.997, "chi2_df": 3, "chi2_threshold": 13.931422665512084, "N_raw": 104, "N_roi": 104, "N_inlier": 100, "refit": true}
{"timestamp": "16:00:15.726203", "frame": 108, "mu": [-1.7255428749313364, 1.2035741931157342, 1.7553631092928215], "Sigma": [[0.014636378290385587, 0.010459465652603906, -0.01832737270213925], [0.010459465652603906, 0.021475609090586975, -0.0024807195904543253], [-0.01832737270213925, -0.0024807195904543253, 0.033448393325797285]], "chi2_level": 0.997, "chi2_df": 3, "chi2_threshold": 13.931422665512084, "N_raw": 63, "N_roi": 63, "N_inlier": 60, "refit": true}
