{"timestamp": "15:49:26.641440", "frame": 28, "mu": [1.8159148501621671, 1.5839886531085146, 1.224763100022443], "Sigma": [[0.30434468896052824, 0.2777094644712503, -0.11803863583169119], [0.27770946447125033, 0.25926618558359316, -0.08907164172865392], [-0.11803863583169122, -0.08907164172865392, 0.1323626074547547]], "chi2_level": 0.997, "chi2_df": 3, "chi2_threshold": 13.931422665512084, "N_raw": 7, "N_roi": 7, "N_inlier": 7, "refit": true}
{"timestamp": "15:49:26.752009", "frame": 30, "mu": [1.8558050660939167, 1.7995218573007326, 1.271244279323696], "Sigma": [[0.006978477228821518, 0.0005889138651643663, -0.015046180393303226], [0.0005889138651643663, 0.005819089158361671, -0.0026452318217647045], [-0.015046180393303226, -0.0026452318217647063, 0.11597521095150186]], "chi2_level": 0.997, "chi2_df": 3, "chi2_threshold": 13.931422665512084, "N_raw": 7, "N_roi": 7, "N_inlier": 7, "refit": true}
{"timestamp": "15:49:26.863274", "frame": 32, "mu": [1.6336430014709813, 1.8495243166565403, 1.5696327230622085], "Sigma": [[0.006329015270303595, -0.0024465215980690744, -0.0030183920661892814], [-0.002446521598069075, 0.0030527335444441445, 9.379486942643603e-06], [-0.003018392066189282, 9.379486942643549e-06, 0.0031462043505177746]], "chi2_level": 0.997, "chi2_df": 3, "chi2_threshold": 13.931422665512084, "N_raw": 21, "N_roi": 20, "N_inlier": 20, "refit": true}
{"timestamp": "15:49:26.918281", "frame": 33, "mu": [1.5713130461828955, 1.82959444507756, 1.5974938283129552], "Sigma": [[0.0060230665425292556, -0.002526313597596119, -0.0008799359618641367], [-0.002526313597596119, 0.004442177945376956, 0.00038974080879091387], [-0.0008799359618641367, 0.00038974080879091387, 0.0005612758514718508]], "chi2_level": 0.997, "chi2_df": 3, "chi2_threshold": 13.931422665512084, "N_raw": 26, "N_roi": 26, "N_inlier": 24, "refit": true}
{"timestamp": "15:49:26.974432", "frame": 34, "mu": [1.5229409255461686, 1.9165545976690317, -0.2539546065379374], "Sigma": [[0.017215381954654618, 0.00021256105766056892, -0.07966860688573077], [0.00021256105766056887, 0.0036348964708748737, -0.002845142180313864], [-0.07966860688573077, -0.0028451421803138643, 0.4026444545915812]], "chi2_level": 0.997, "chi2_df": 3, "chi2_threshold": 13.931422665512084, "N_raw": 13, "N_roi": 13, "N_inlier": 13, "refit": true}
{"timestamp": "15:49:27.028395", "frame": 35, "mu": [1.5523526680429292, 1.769515190586064, 1.1839702203644558], "Sigma": [[0.02937173056701935, -0.0065148526248316185, -0.0804084578129241], [-0.00651485262483162, 0.0024599518537683288, 0.018553496344088344], [-0.0804084578129241, 0.01855349634408834, 0.242047516641674]], "chi2_level": 0.997, "chi2_df": 3, "chi2_threshold": 13.931422665512084, "N_raw": 11, "N_roi": 10, "N_inlier": 10, "refit": true}
{"timestamp": "15:49:27.084015", "frame": 36, "mu": [1.335080113941506, 1.8805077587381214, 1.4377570571384681], "Sigma": [[0.0031580840703639744, -0.0011815489501150116, -0.0014540805021420686], [-0.0011815489501150116, 0.00303321420030207, 0.0009179712540272153], [-0.0014540805021420688, 0.0009179712540272153, 0.0012498086673782955]], "chi2_level": 0.997, "chi2_df": 3, "chi2_threshold": 13.931422665512084, "N_raw": 18, "N_roi": 18, "N_inlier": 16, "refit": true}
{"timestamp": "15:49:27.197621", "frame": 38, "mu": [1.3496759661832358, 1.7602059706695397, 0.6749233303292217], "Sigma": [[0.009457850116745428, -0.0058053037960461365, -0.013418063006676115], [-0.0058053037960461365, 0.007963252771307586, 0.02052131267446452], [-0.013418063006676119, 0.02052131267446452, 0.15626559461593523]], "chi2_level": 0.997, "chi2_df": 3, "chi2_threshold": 13.931422665512084, "N_raw": 35, "N_roi": 35, "N_inlier": 35, "refit": true}
{"timestamp": "15:49:27.305978", "frame": 40, "mu": [1.0854172437655725, 1.8620491099369563, 1.4581487120565813], "Sigma": [[0.004335792758815441, -0.0015538048576996567, -0.0027720600002648166], [-0.0015538048576996567, 0.0035041449994218698, 0.00021221299124362145], [-0.0027720600002648166, 0.00021221299124362148, 0.002522578421572272]], "chi2_level": 0.997, "chi2_df": 3, "chi2_threshold": 13.931422665512084, "N_raw": 32, "N_roi": 31, "N_inlier": 29, "refit": true}
{"timestamp": "15:49:27.359393", "frame": 41, "mu": [1.0758385607097034, 1.7674601221920905, 1.2456876752441848], "Sigma": [[0.014395441384977609, -0.014103934877865515, -0.05513258538230839], [-0.014103934877865515, 0.017575749720559083, 0.061060441974922594], [-0.05513258538230839, 0.0610604419749226, 0.252596168441431]], "chi2_level": 0.997, "chi2_df": 3, "chi2_threshold": 13.931422665512084, "N_raw": 19, "N_roi": 19, "N_inlier": 19, "refit": true}
{"timestamp": "15:49:27.419232", "frame": 42, "mu": [1.0254630153072206, 1.8782262631266708, -0.39897322190977547], "Sigma": [[0.016318868587930052, -0.0034839190585537238, -0.04707190291751295], [-0.0034839190585537238, 0.0030209863600298864, 0.003274236527366063], [-0.04707190291751295, 0.0032742365273660625, 0.1885698570969481]], "chi2_level": 0.997, "chi2_df": 3, "chi2_threshold": 13.931422665512084, "N_raw": 51, "N_roi": 51, "N_inlier": 48, "refit": true}
{"timestamp": "15:49:27.474053", "frame": 43, "mu": [0.9356080039683473, 1.9055168739521378, -0.5843466703776037], "Sigma": [[0.010141383209904436, 0.004049581839157424, -0.052024158708005364], [0.004049581839157424, 0.005746933307917832, -0.03250831299548995], [-0.05202415870800537, -0.03250831299548995, 0.45226588798290707]], "chi2_level": 0.997, "chi2_df": 3, "chi2_threshold": 13.931422665512084, "N_raw": 42, "N_roi": 42, "N_inlier": 41, "refit": true}
{"timestamp": "15:49:27.531146", "frame": 44, "mu": [0.8597879472320293, 1.914865377014193, -0.2794822486458687], "Sigma": [[0.008971390426106505, 0.0010993030936328827, -0.0046768825474029045], [0.0010993030936328825, 0.00667428650279639, -0.019349415127053855], [-0.0046768825474029045, -0.019349415127053855, 0.14314924201358217]], "chi2_level": 0.997, "chi2_df": 3, "chi2_threshold": 13.931422665512084, "N_raw": 61, "N_roi": 61, "N_inlier": 59, "refit": true}
{"timestamp": "15:49:27.585121", "frame": 45, "mu": [0.7353650265765554, 1.7852609047916879, 1.2092509552727164], "Sigma": [[0.0071407953668124755, -0.004326715547737887, -0.015553991963187231], [-0.004326715547737888, 0.012714978118670861, 0.03618212168356608], [-0.015553991963187231, 0.036182121683566076, 0.1340155311544433]], "chi2_level": 0.997, "chi2_df": 3, "chi2_threshold": 13.931422665512084, "N_raw": 53, "N_roi": 53, "N_inlier": 49, "refit": true}
{"timestamp": "15:49:27.642633", "frame": 46, "mu": [0.5837302553591124, 1.7665611570416049, 0.9842613496065363], "Sigma": [[0.0343486363553418, -0.0031618330771472887, 0.0926700794022515], [-0.0031618330771472887, 0.004105871510778744, -0.0015642627011798879], [0.09267007940225151, -0.0015642627011798883, 0.3758628099926539]], "chi2_level": 0.997, "chi2_df": 3, "chi2_threshold": 13.931422665512084, "N_raw": 72, "N_roi": 72, "N_inlier": 70, "refit": true}
{"timestamp": "15:49:27.696928", "frame": 47, "mu": [0.5599796384293866, 1.910366376552352, -0.5440251888553925], "Sigma": [[0.0197639095104699, -0.011375295996641024, 0.026278733911407278], [-0.011375295996641024, 0.015206643016760935, -0.05698805504462742], [0.026278733911407278, -0.05698805504462742, 0.2627604803276062]], "chi2_level": 0.997, "chi2_df": 3, "chi2_threshold": 13.931422665512084, "N_raw": 56, "N_roi": 56, "N_inlier": 55, "refit": true}
{"timestamp": "15:49:27.757551", "frame": 48, "mu": [0.5094549210069731, 1.7231049836287744, 1.1230425724484943], "Sigma": [[0.008992975793397499, -0.0035614807547986673, -0.01965979189126585], [-0.0035614807547986673, 0.002570674861598514, 0.008032439614227414], [-0.01965979189126585, 0.008032439614227414, 0.10649556909388222]], "chi2_level": 0.997, "chi2_df": 3, "chi2_threshold": 13.931422665512084, "N_raw": 103, "N_roi": 103, "N_inlier": 100, "refit": true}
{"timestamp": "15:49:27.811271", "frame": 49, "mu": [0.44738032430662755, 1.7435889598896621, 1.1947719966069774], "Sigma": [[0.010930756046791052, -0.0061891965439001394, -0.02681032349047057], [-0.0061891965439001394, 0.006073570215590843, 0.017549995309773705], [-0.02681032349047057, 0.017549995309773705, 0.10280912533492884]], "chi2_level": 0.997, "chi2_df": 3, "chi2_threshold": 13.931422665512084, "N_raw": 93, "N_roi": 93, "N_inlier": 91, "refit": true}
{"timestamp": "15:49:27.861293", "frame": 50, "mu": [0.30815152431076936, 1.7803117771691264, 1.4968035500724353], "Sigma": [[0.005545339968553598, -0.002233181827670026, -0.007272603680917562], [-0.0022331818276700257, 0.005964290172969376, 0.0032619284022173114], [-0.007272603680917562, 0.0032619284022173114, 0.009931003209929267]], "chi2_level": 0.997, "chi2_df": 3, "chi2_threshold": 13.931422665512084, "N_raw": 56, "N_roi": 56, "N_inlier": 53, "refit": true}
{"timestamp": "15:49:27.915225", "frame": 51, "mu": [0.25568374031008073, 1.7878364719664752, 1.5077032187502788], "Sigma": [[0.0060663893055344555, 3.996781615665877e-05, -0.007543844574707983], [3.9967816156658335e-05, 0.0051743396721499685, -0.00042087674719892533], [-0.007543844574707983, -0.00042087674719892533, 0.009908934203719163]], "chi2_level": 0.997, "chi2_df": 3, "chi2_threshold": 13.931422665512084, "N_raw": 60, "N_roi": 58, "N_inlier": 58, "refit": true}
{"timestamp": "15:49:27.972465", "frame": 52, "mu": [0.11569993328943882, 2.0815849018423616, -0.7442148788151064], "Sigma": [[0.006572112199540586, -0.0002562674200290488, -0.008482147272833945], [-0.00025626742002904813, 0.05243294705857014, -0.18342189492874778], [-0.008482147272833945, -0.18342189492874778, 0.6999808541417961]], "chi2_level": 0.997, "chi2_df": 3, "chi2_threshold": 13.931422665512084, "N_raw": 70, "N_roi": 70, "N_inlier": 69, "refit": true}
{"timestamp": "15:49:28.030240", "frame": 53, "mu": [0.04595596247459642, 1.8370490116840785, 1.49641521266313], "Sigma": [[0.0065037022040368075, -0.0015924806059732408, -0.017492532260354965], [-0.001592480605973241, 0.004046738276852815, 0.009540599153584683], [-0.017492532260354965, 0.009540599153584683, 0.14863371615261947]], "chi2_level": 0.997, "chi2_df": 3, "chi2_threshold": 13.931422665512084, "N_raw": 82, "N_roi": 50, "N_inlier": 48, "refit": true}
{"timestamp": "15:49:28.086163", "frame": 54, "mu": [-0.017813713249863004, 1.8245864629710535, 1.5133934737756276], "Sigma": [[0.005949535359763288, -3.2155926664232835e-05, -0.008518894504103654], [-3.215592666423289e-05, 0.005052977752612999, -0.0030759909652254554], [-0.008518894504103654, -0.0030759909652254554, 0.0156487636204512]], "chi2_level": 0.997, "chi2_df": 3, "chi2_threshold": 13.931422665512084, "N_raw": 87, "N_roi": 70, "N_inlier": 65, "refit": true}
{"timestamp": "15:49:28.142296", "frame": 55, "mu": [-0.12279158882649241, 1.8468462874874134, -0.5465596644614746], "Sigma": [[0.01676036841631788, 0.0052888073033207205, 0.04811470337037565], [0.005288807303320721, 0.009268239452827487, 0.022413499162167644], [0.04811470337037565, 0.022413499162167644, 0.44927579866407263]], "chi2_level": 0.997, "chi2_df": 3, "chi2_threshold": 13.931422665512084, "N_raw": 98, "N_roi": 94, "N_inlier": 93, "refit": true}
{"timestamp": "15:49:28.197125", "frame": 56, "mu": [-0.21758649184783233, 1.8338011843698139, 1.5619092529606138], "Sigma": [[0.008622557029918968, -0.0007546949074872815, -0.006801274450916305], [-0.0007546949074872814, 0.007935084533498308, -0.00022193402623460836], [-0.006801274450916305, -0.00022193402623460858, 0.006075251998239687]], "chi2_level": 0.997, "chi2_df": 3, "chi2_threshold": 13.931422665512084, "N_raw": 92, "N_roi": 84, "N_inlier": 78, "refit": true}
{"timestamp": "15:49:28.249007", "frame": 57, "mu": [-0.30119783803300504, 1.8210693206280693, 1.5429937468627242], "Sigma": [[0.008521273260200314, -0.002752737408337072, -0.006233433310538793], [-0.002752737408337072, 0.008168934581523329, 0.00209139914754855], [-0.006233433310538793, 0.00209139914754855, 0.006224558086656378]], "chi2_level": 0.997, "chi2_df": 3, "chi2_threshold": 13.931422665512084, "N_raw": 75, "N_roi": 75, "N_inlier": 71, "refit": true}
{"timestamp": "15:49:28.303660", "frame": 58, "mu": [-0.377928370847437, 1.8378954548918933, 1.5026879287873618], "Sigma": [[0.0072267192731391905, 0.00017761403984549538, -0.007421231965091091], [0.00017761403984549532, 0.006255013496270014, -0.0015626171477152299], [-0.007421231965091091, -0.00156261714771523, 0.016714438865773847]], "chi2_level": 0.997, "chi2_df": 3, "chi2_threshold": 13.931422665512084, "N_raw": 78, "N_roi": 73, "N_inlier": 68, "refit": true}
{"timestamp": "15:49:28.355988", "frame": 59, "mu": [-0.46990622360920586, 1.8147794528841763, 1.5616746928013387], "Sigma": [[0.006204845813079342, -0.0016270918699606235, -0.005592890130058143], [-0.0016270918699606235, 0.005469806404495615, 0.0002887368436184768], [-0.005592890130058143, 0.00028873684361847683, 0.00600800006264543]], "chi2_level": 0.997, "chi2_df": 3, "chi2_threshold": 13.931422665512084, "N_raw": 59, "N_roi": 59, "N_inlier": 58, "refit": true}
{"timestamp": "15:49:28.409412", "frame": 60, "mu": [-0.5785949569077615, 1.8303175136904462, 1.594565276236576], "Sigma": [[0.006569263348018973, 0.00012338797019484962, -0.006280744262231285], [0.00012338797019484967, 0.0025704681301076293, -0.0016865019962667902], [-0.006280744262231285, -0.0016865019962667902, 0.012482863350007692]], "chi2_level": 0.997, "chi2_df": 3, "chi2_threshold": 13.931422665512084, "N_raw": 48, "N_roi": 48, "N_inlier": 45, "refit": true}
{"timestamp": "15:49:28.468116", "frame": 61, "mu": [-0.5797688348347003, 1.7611107735828793, 1.4713152408697492], "Sigma": [[0.008537333986137215, -0.006457297232861413, -0.009568887126749795], [-0.006457297232861413, 0.013217296507807315, 0.008819290892888406], [-0.009568887126749795, 0.008819290892888406, 0.013575259350343162]], "chi2_level": 0.997, "chi2_df": 3, "chi2_threshold": 13.931422665512084, "N_raw": 77, "N_roi": 76, "N_inlier": 73, "refit": true}
{"timestamp": "15:49:28.524989", "frame": 62, "mu": [-0.6202580452961396, 1.7008775749040541, -0.3711946840167571], "Sigma": [[0.009556469353465727, -0.004808999669666426, 0.040534399160131594], [-0.004808999669666426, 0.011564567493910804, -0.0038515304940729845], [0.040534399160131594, -0.003851530494072987, 0.5560483708609031]], "chi2_level": 0.997, "chi2_df": 3, "chi2_threshold": 13.931422665512084, "N_raw": 87, "N_roi": 84, "N_inlier": 83, "refit": true}
{"timestamp": "15:49:28.578300", "frame": 63, "mu": [-0.6792440144469171, 1.672300977775525, 1.2930596404309544], "Sigma": [[0.008562897939273926, -0.003116204993099216, -0.006155743100830005], [-0.0031162049930992157, 0.007755263932389486, 0.0014798221929248298], [-0.006155743100830005, 0.0014798221929248298, 0.005751819616502134]], "chi2_level": 0.997, "chi2_df": 3, "chi2_threshold": 13.931422665512084, "N_raw": 73, "N_roi": 73, "N_inlier": 68, "refit": true}
{"timestamp": "15:49:28.633851", "frame": 64, "mu": [-0.7933265605142987, 1.7815258031194645, -0.1486565979337754], "Sigma": [[0.00937548044760709, -0.0013068022986392597, -0.01201637120880723], [-0.0013068022986392597, 0.007399684750282414, 0.0034870531971611706], [-0.01201637120880723, 0.00348705319716117, 0.017094390218961284]], "chi2_level": 0.997, "chi2_df": 3, "chi2_threshold": 13.931422665512084, "N_raw": 77, "N_roi": 77, "N_inlier": 74, "refit": true}
{"timestamp": "15:49:28.688770", "frame": 65, "mu": [-0.8773890628021757, 1.659544883055077, 1.357926945294446], "Sigma": [[0.008553610140126558, -0.0018084543421806483, -0.009154926163924337], [-0.001808454342180648, 0.0065895075270271655, 0.0018914956926487907], [-0.009154926163924337, 0.0018914956926487907, 0.01090371674593702]], "chi2_level": 0.997, "chi2_df": 3, "chi2_threshold": 13.931422665512084, "N_raw": 67, "N_roi": 67, "N_inlier": 61, "refit": true}
{"timestamp": "15:49:28.747505", "frame": 66, "mu": [-0.8366434232257327, 1.6978789705566186, 0.9266737587178083], "Sigma": [[0.02177399679733292, 0.01132641693445081, -0.06566667914508706], [0.01132641693445081, 0.014954420694159422, -0.051607604062655], [-0.06566667914508706, -0.051607604062655, 0.2552227059525956]], "chi2_level": 0.997, "chi2_df": 3, "chi2_threshold": 13.931422665512084, "N_raw": 98, "N_roi": 98, "N_inlier": 98, "refit": true}
{"timestamp": "15:49:28.799840", "frame": 67, "mu": [-0.9779586107304714, 1.708464250084946, 1.0662192716219], "Sigma": [[0.02321954194720135, 0.008391228970291714, -0.07424863187175249], [0.008391228970291714, 0.011119087969473468, -0.038565191586125466], [-0.07424863187175249, -0.038565191586125466, 0.29942222927871576]], "chi2_level": 0.997, "chi2_df": 3, "chi2_threshold": 13.931422665512084, "N_raw": 77, "N_roi": 77, "N_inlier": 77, "refit": true}
{"timestamp": "15:49:28.849850", "frame": 68, "mu": [-1.006399551005762, 1.7897727996798944, 0.43462293156408643], "Sigma": [[0.009675281846023502, 0.001735119374891148, -0.019882305421694377], [0.0017351193748911483, 0.0029848365285198436, -0.009321119949645679], [-0.019882305421694377, -0.009321119949645679, 0.14972453940626804]], "chi2_level": 0.997, "chi2_df": 3, "chi2_threshold": 13.931422665512084, "N_raw": 48, "N_roi": 48, "N_inlier": 47, "refit": true}
{"timestamp": "15:49:28.904744", "frame": 69, "mu": [-1.2315052389364332, 1.7745423476971416, -0.11282650446229192], "Sigma": [[0.00789176113647032, 0.010501039843509103, -0.023182512568655955], [0.010501039843509103, 0.029694928875514698, -0.05117442857970632], [-0.023182512568655955, -0.05117442857970632, 0.12281814192032472]], "chi2_level": 0.997, "chi2_df": 3, "chi2_threshold": 13.931422665512084, "N_raw": 50, "N_roi": 50, "N_inlier": 48, "refit": true}
{"timestamp": "15:49:28.953768", "frame": 70, "mu": [-1.5054379552339534, 1.5421712180968914, 1.7273507645910233], "Sigma": [[0.044495513546384736, 0.028225839957259663, -0.04393790740317388], [0.028225839957259663, 0.033639315838889204, -0.023922268015192857], [-0.04393790740317388, -0.023922268015192857, 0.05352231940073751]], "chi2_level": 0.997, "chi2_df": 3, "chi2_threshold": 13.931422665512084, "N_raw": 13, "N_roi": 13, "N_inlier": 13, "refit": true}
{"timestamp": "15:49:29.013145", "frame": 71, "mu": [-1.6022087876393005, 1.4753275130043864, 1.7161396066853412], "Sigma": [[0.040436664346885594, 0.027452408357122825, -0.03960572862119885], [0.027452408357122822, 0.024032203451826294, -0.026219902679773185], [-0.03960572862119885, -0.026219902679773185, 0.05880509515913549]], "chi2_level": 0.997, "chi2_df": 3, "chi2_threshold": 13.931422665512084, "N_raw": 36, "N_roi": 36, "N_inlier": 33, "refit": true}
{"timestamp": "15:49:29.076519", "frame": 72, "mu": [-1.6262136787166945, 1.545328132094549, 1.6377373432874645], "Sigma": [[0.018848096956529267, 0.01588999165443212, -0.016800670110969185], [0.01588999165443212, 0.023562539419227563, -0.01964072062614189], [-0.016800670110969185, -0.019640720626141892, 0.022357320107770577]], "chi2_level": 0.997, "chi2_df": 3, "chi2_threshold": 13.931422665512084, "N_raw": 96, "N_roi": 96, "N_inlier": 95, "refit": true}
{"timestamp": "15:49:29.125425", "frame": 73, "mu": [-1.7788440692094358, 1.4717097197376732, 1.8362283099962031], "Sigma": [[0.016731225219924914, 0.015884215292021747, -0.015304511274536015], [0.015884215292021747, 0.02038798862490527, -0.017156057289217982], [-0.015304511274536015, -0.017156057289217982, 0.024084305029040583]], "chi2_level": 0.997, "chi2_df": 3, "chi2_threshold": 13.931422665512084, "N_raw": 49, "N_roi": 49, "N_inlier": 48, "refit": true}
{"timestamp": "15:49:29.179594", "frame": 74, "mu": [-1.8186654122336663, 1.436686778168641, 1.6349337181814014], "Sigma": [[0.03174942088681962, 0.01410101275940697, -0.06819078202560311], [0.01410101275940697, 0.015267785823426515, -0.02557642263666339], [-0.06819078202560311, -0.025576422636663394, 0.16797614649585071]], "chi2_level": 0.997, "chi2_df": 3, "chi2_threshold": 13.931422665512084, "N_raw": 47, "N_roi": 47, "N_inlier": 45, "refit": true}
{"timestamp": "15:49:29.235525", "frame": 75, "mu": [-1.9321685860589262, 1.5807519929850664, -0.06128490917011011], "Sigma": [[0.03285656505273915, 0.037914828263811956, -0.03721255682259045], [0.03791482826381195, 0.056310638185037634, -0.06485753962551345], [-0.03721255682259045, -0.06485753962551347, 0.10448278712931162]], "chi2_level": 0.997, "chi2_df": 3, "chi2_threshold": 13.931422665512084, "N_raw": 52, "N_roi": 52, "N_inlier": 51, "refit": true}
{"timestamp": "15:49:29.292613", "frame": 76, "mu": [-1.961059273382663, 1.4354685671266771, 1.7095781114743418], "Sigma": [[0.017433892269107513, 0.009204867804282976, -0.017499102985885452], [0.009204867804282976, 0.01663903594435994, -0.00940620734395725], [-0.017499102985885452, -0.00940620734395725, 0.020122377309879803]], "chi2_level": 0.997, "chi2_df": 3, "chi2_threshold": 13.931422665512084, "N_raw": 71, "N_roi": 71, "N_inlier": 69, "refit": true}
{"timestamp": "15:49:29.347270", "frame": 77, "mu": [-1.9807482919487887, 1.4817320402154148, 1.478740745122318], "Sigma": [[0.018479066687757707, 0.009890982515681641, -0.03337207160334914], [0.009890982515681643, 0.015300571248731088, -0.022988728160294732], [-0.03337207160334914, -0.02298872816029473, 0.09418725063779262]], "chi2_level": 0.997, "chi2_df": 3, "chi2_threshold": 13.931422665512084, "N_raw": 62, "N_roi": 62, "N_inlier": 62, "refit": true}
{"timestamp": "15:49:29.400842", "frame": 78, "mu": [-1.9932474541720964, 1.4058440507024963, 1.4703952368185407], "Sigma": [[0.011647786153993804, 0.004509480990232103, -0.009463325574474036], [0.004509480990232103, 0.011954800782239415, -0.005821610953946678], [-0.009463325574474036, -0.005821610953946678, 0.009621065432973499]], "chi2_level": 0.997, "chi2_df": 3, "chi2_threshold": 13.931422665512084, "N_raw": 57, "N_roi": 57, "N_inlier": 54, "refit": true}
{"timestamp": "15:49:29.453654", "frame": 79, "mu": [-2.0857987088589676, 1.5465619587646626, -0.08331157047495284], "Sigma": [[0.012528668311811228, 0.010239478600317563, -0.020887810283462586], [0.010239478600317566, 0.024452147478088753, -0.023407092590248615], [-0.020887810283462586, -0.02340709259024861, 0.07232386787295636]], "chi2_level": 0.997, "chi2_df": 3, "chi2_threshold": 13.931422665512084, "N_raw": 35, "N_roi": 35, "N_inlier": 34, "refit": true}
{"timestamp": "15:49:29.509460", "frame": 80, "mu": [-2.121095014199137, 1.3533561583766058, 1.3000364278685104], "Sigma": [[0.006565447108805353, 0.004307488022132707, -0.0036508515356370418], [0.004307488022132705, 0.014924453587826686, -0.017790354215513334], [-0.0036508515356370418, -0.017790354215513338, 0.04220038625618761]], "chi2_level": 0.997, "chi2_df": 3, "chi2_threshold": 13.931422665512084, "N_raw": 49, "N_roi": 49, "N_inlier": 47, "refit": true}
{"timestamp": "15:49:29.566313", "frame": 81, "mu": [-2.2240336357202195, 1.3554505266529653, 1.4508191145318108], "Sigma": [[0.01435982656167631, 0.009999397343136176, -0.006554063065603015], [0.009999397343136176, 0.017650518425964837, -0.009420738237127961], [-0.006554063065603015, -0.009420738237127961, 0.006542879921531803]], "chi2_level": 0.997, "chi2_df": 3, "chi2_threshold": 13.931422665512084, "N_raw": 57, "N_roi": 57, "N_inlier": 57, "refit": true}
{"timestamp": "15:49:29.615845", "frame": 82, "mu": [-2.2095934542620967, 1.4777331179263928, 1.2180262327303515], "Sigma": [[0.005805375899865794, 0.004300757877280056, -0.0014806918936451294], [0.004300757877280056, 0.006680147085142567, -0.006595738927532499], [-0.0014806918936451296, -0.006595738927532499, 0.028408632803761342]], "chi2_level": 0.997, "chi2_df": 3, "chi2_threshold": 13.931422665512084, "N_raw": 25, "N_roi": 25, "N_inlier": 25, "refit": true}
{"timestamp": "15:49:29.673831", "frame": 83, "mu": [-2.2988548744375983, 1.3627009318882473, 1.3639401753239426], "Sigma": [[0.008908168766336676, 0.005244727402246324, -0.007320288693206232], [0.005244727402246324, 0.013476311056016507, -0.007197080789004353], [-0.007320288693206232, -0.007197080789004353, 0.00770318009939131]], "chi2_level": 0.997, "chi2_df": 3, "chi2_threshold": 13.931422665512084, "N_raw": 41, "N_roi": 41, "N_inlier": 40, "refit": true}
{"timestamp": "15:49:29.729441", "frame": 84, "mu": [-2.3132514575735668, 1.43108021494156, 1.264380391849174], "Sigma": [[0.01361047790420823, 0.014686816578387074, -0.02615667139524718], [0.014686816578387076, 0.028757091918650956, -0.03908191112554861], [-0.02615667139524718, -0.03908191112554861, 0.08638567028063479]], "chi2_level": 0.997, "chi2_df": 3, "chi2_threshold": 13.931422665512084, "N_raw": 53, "N_roi": 45, "N_inlier": 44, "refit": true}
{"timestamp": "15:49:29.786678", "frame": 85, "mu": [-2.333895054170893, 1.3870985891681686, 1.1910898904502671], "Sigma": [[0.01243382652773128, 0.012519011006081094, -0.01953750838601108], [0.012519011006081094, 0.03769903119706458, -0.03807964674559215], [-0.019537508386011086, -0.03807964674559215, 0.07092651866827299]], "chi2_level": 0.997, "chi2_df": 3, "chi2_threshold": 13.931422665512084, "N_raw": 62, "N_roi": 44, "N_inlier": 44, "refit": true}
{"timestamp": "15:49:29.838761", "frame": 86, "mu": [-2.3961871770952134, 1.3933043683854924, 1.2965104137499517], "Sigma": [[0.004359564529650641, 0.0034517361852381984, -0.0015760606754579934], [0.0034517361852381984, 0.014818339233826831, -0.016522403884197543], [-0.0015760606754579936, -0.016522403884197543, 0.03873194602108719]], "chi2_level": 0.997, "chi2_df": 3, "chi2_threshold": 13.931422665512084, "N_raw": 42, "N_roi": 26, "N_inlier": 25, "refit": true}
{"timestamp": "15:49:29.986312", "frame": 87, "mu": [-2.3835137483849285, 1.509817518673505, -0.4494954507324167], "Sigma": [[0.005282402563169389, 0.0038839022455570754, -0.0013708048655389697], [0.0038839022455570754, 0.014072711097710038, -0.005729705987424607], [-0.0013708048655389697, -0.005729705987424607, 0.0029925453815939865]], "chi2_level": 0.997, "chi2_df": 3, "chi2_threshold": 13.931422665512084, "N_raw": 56, "N_roi": 30, "N_inlier": 30, "refit": true}
{"timestamp": "15:49:30.007536", "frame": 88, "mu": [-2.417090308346017, 1.3928004230795363, 1.2454899387761682], "Sigma": [[0.0031048905244697176, 0.002653742839292543, -0.0017206298097861331], [0.002653742839292543, 0.007269334815506851, -0.005304873527162486], [-0.0017206298097861331, -0.005304873527162486, 0.004361820007888913]], "chi2_level": 0.997, "chi2_df": 3, "chi2_threshold": 13.931422665512084, "N_raw": 36, "N_roi": 17, "N_inlier": 17, "refit": true}
{"timestamp": "15:49:30.042582", "frame": 89, "mu": [-2.4567078509704112, 1.4654909723436784, 1.200699285047006], "Sigma": [[0.0009628178098183464, 0.0008577849031022619, 0.0009621486995875033], [0.0008577849031022619, 0.0023656518795140517, -0.00411844546387286], [0.0009621486995875033, -0.0041184454638728595, 0.024218947507695418]], "chi2_level": 0.997, "chi2_df": 3, "chi2_threshold": 13.931422665512084, "N_raw": 51, "N_roi": 11, "N_inlier": 11, "refit": true}
