{"timestamp": "15:15:57.182712", "frame": 28, "mu": [0.7198059495028324, 4.98220518420251, 0.9276031902775247], "Sigma": [[0.014030291806672411, -0.0005610770556783769, -0.017296912778712783], [-0.0005610770556783769, 0.0001382377808573336, 3.903175506792859e-05], [-0.017296912778712783, 3.9031755067928625e-05, 0.027024256484082087]], "chi2_level": 0.997, "chi2_df": 3, "chi2_threshold": 13.931422665512084, "N_raw": 35, "N_roi": 11, "N_inlier": 11, "refit": true}
{"timestamp": "15:15:57.239143", "frame": 29, "mu": [0.5740025171480123, 4.966501914328383, 1.0723697529892913], "Sigma": [[0.03354803310858008, -0.001589007615197974, -0.02113235917712438], [-0.001589007615197974, 0.0008501663081551014, -0.0001492356531007492], [-0.02113235917712438, -0.0001492356531007492, 0.017719771614820124]], "chi2_level": 0.997, "chi2_df": 3, "chi2_threshold": 13.931422665512084, "N_raw": 51, "N_roi": 22, "N_inlier": 22, "refit": true}
{"timestamp": "15:15:57.296247", "frame": 30, "mu": [0.7017572993056298, 4.920054968812264, 0.7893172708288072], "Sigma": [[0.03092561277509505, -0.0056815056904111925, -0.03575199005284324], [-0.005681505690411192, 0.002228193963589475, 0.003757542462962637], [-0.03575199005284324, 0.003757542462962637, 0.05442494040832702]], "chi2_level": 0.997, "chi2_df": 3, "chi2_threshold": 13.931422665512084, "N_raw": 49, "N_roi": 35, "N_inlier": 34, "refit": true}
{"timestamp": "15:15:57.350223", "frame": 31, "mu": [0.5562427613164399, 4.910589617697559, 1.012126235960621], "Sigma": [[0.02980691490091241, -0.0048052585832830865, -0.02253500568007022], [-0.0048052585832830865, 0.0020588569759596186, 0.0006095887470187098], [-0.022535005680070216, 0.0006095887470187097, 0.03264170704907428]], "chi2_level": 0.997, "chi2_df": 3, "chi2_threshold": 13.931422665512084, "N_raw": 46, "N_roi": 33, "N_inlier": 33, "refit": true}
{"timestamp": "15:15:57.406148", "frame": 32, "mu": [0.6087250702676202, 4.844795978943792, 0.658888464702238], "Sigma": [[0.03347844274556709, -0.006126884002770675, -0.029685246263895442], [-0.006126884002770675, 0.003072978884309837, 0.0011338579900538942], [-0.029685246263895446, 0.0011338579900538942, 0.0647898987930907]], "chi2_level": 0.997, "chi2_df": 3, "chi2_threshold": 13.931422665512084, "N_raw": 50, "N_roi": 50, "N_inlier": 50, "refit": true}
{"timestamp": "15:15:57.459620", "frame": 33, "mu": [0.6324934417039312, 4.791547788048865, 0.7333015521811715], "Sigma": [[0.02572317860078115, -0.004531496040428301, -0.015114132651025413], [-0.004531496040428301, 0.001779357181256446, -0.0004515153866561591], [-0.015114132651025413, -0.000451515386656159, 0.029335495741695906]], "chi2_level": 0.997, "chi2_df": 3, "chi2_threshold": 13.931422665512084, "N_raw": 41, "N_roi": 38, "N_inlier": 38, "refit": true}
{"timestamp": "15:15:57.569911", "frame": 35, "mu": [0.4605106585821582, 4.763027409586351, 1.0036995320859077], "Sigma": [[0.02630963164229986, -0.003438516164067675, -0.016510142658544707], [-0.003438516164067675, 0.0027813970236732896, -0.00235949434106854], [-0.016510142658544707, -0.00235949434106854, 0.025824813409857948]], "chi2_level": 0.997, "chi2_df": 3, "chi2_threshold": 13.931422665512084, "N_raw": 46, "N_roi": 46, "N_inlier": 46, "refit": true}
{"timestamp": "15:15:57.627508", "frame": 36, "mu": [0.639699923315965, 4.669997639734057, 0.6919561147566383], "Sigma": [[0.042800301634417545, -0.004723394042843602, -0.02472375242419462], [-0.0047233940428436025, 0.0033879039594530615, 0.0008511585256875977], [-0.02472375242419462, 0.0008511585256875976, 0.021525352191298606]], "chi2_level": 0.997, "chi2_df": 3, "chi2_threshold": 13.931422665512084, "N_raw": 55, "N_roi": 54, "N_inlier": 53, "refit": true}
{"timestamp": "15:15:57.679932", "frame": 37, "mu": [0.6356036590343294, 4.628846749838568, 0.6619353266639065], "Sigma": [[0.026313646002154897, -0.003230785972558447, -0.006801482793638753], [-0.0032307859725584464, 0.0040886746363442425, 0.001589329768541156], [-0.006801482793638753, 0.001589329768541156, 0.0031644326697642233]], "chi2_level": 0.997, "chi2_df": 3, "chi2_threshold": 13.931422665512084, "N_raw": 41, "N_roi": 38, "N_inlier": 36, "refit": true}
{"timestamp": "15:15:57.734300", "frame": 38, "mu": [0.588470209272369, 4.567796353711006, 0.6879502529012428], "Sigma": [[0.031682622035826086, -0.0024035915825840384, -0.017267934876568854], [-0.0024035915825840384, 0.002321787245470419, 0.00046844806013246406], [-0.017267934876568854, 0.00046844806013246406, 0.012892322661577223]], "chi2_level": 0.997, "chi2_df": 3, "chi2_threshold": 13.931422665512084, "N_raw": 37, "N_roi": 37, "N_inlier": 37, "refit": true}
{"timestamp": "15:15:57.789391", "frame": 39, "mu": [0.7138969717625432, 4.512144124514944, 0.724768344279549], "Sigma": [[0.0257865010363788, -0.0011554391923820843, -0.005629402169497389], [-0.0011554391923820843, 0.0027680484020450435, 0.0003031346693847912], [-0.005629402169497389, 0.0003031346693847912, 0.003447222632870942]], "chi2_level": 0.997, "chi2_df": 3, "chi2_threshold": 13.931422665512084, "N_raw": 34, "N_roi": 34, "N_inlier": 32, "refit": true}
{"timestamp": "15:15:57.845104", "frame": 40, "mu": [0.542551493555168, 4.487132497267703, 0.8564581136390221], "Sigma": [[0.02377511142640045, -0.004794770586110956, -0.006604691363072571], [-0.004794770586110955, 0.0033609126152906645, -0.0009460388832989377], [-0.006604691363072571, -0.0009460388832989377, 0.009247380827197775]], "chi2_level": 0.997, "chi2_df": 3, "chi2_threshold": 13.931422665512084, "N_raw": 39, "N_roi": 39, "N_inlier": 39, "refit": true}
{"timestamp": "15:15:57.904252", "frame": 41, "mu": [0.5678120088817113, 4.445459389235996, 0.930058988322887], "Sigma": [[0.03053918130239193, -0.005289608413473854, -0.016965579812858872], [-0.0052896084134738544, 0.0033614989189750377, -0.004045831658561518], [-0.016965579812858872, -0.004045831658561518, 0.03743214514977443]], "chi2_level": 0.997, "chi2_df": 3, "chi2_threshold": 13.931422665512084, "N_raw": 64, "N_roi": 64, "N_inlier": 63, "refit": true}
{"timestamp": "15:15:57.956342", "frame": 42, "mu": [0.6752819884558606, 4.525967473296075, -0.14077895608177152], "Sigma": [[0.03179085204880902, -0.007843419450322598, -0.003008890229799682], [-0.007843419450322598, 0.006611942467365363, -0.011653922000479357], [-0.003008890229799683, -0.011653922000479357, 0.05002818263622242]], "chi2_level": 0.997, "chi2_df": 3, "chi2_threshold": 13.931422665512084, "N_raw": 55, "N_roi": 55, "N_inlier": 55, "refit": true}
{"timestamp": "15:15:58.013433", "frame": 43, "mu": [0.6830953099051008, 4.191017598251494, 0.4635179014803896], "Sigma": [[0.02756896523373129, -0.004148905398406823, 0.0011478891751175225], [-0.004148905398406823, 0.00333487274767322, -0.0014948342137997717], [0.001147889175117522, -0.0014948342137997717, 0.035880207777799156]], "chi2_level": 0.997, "chi2_df": 3, "chi2_threshold": 13.931422665512084, "N_raw": 55, "N_roi": 55, "N_inlier": 54, "refit": true}
{"timestamp": "15:15:58.066606", "frame": 44, "mu": [0.7096650040084482, 4.181544112577624, 0.6952073827552745], "Sigma": [[0.026612314127755794, -0.008922338659144626, -0.015963686367918103], [-0.008922338659144626, 0.003632896364022831, 0.004436718978194807], [-0.015963686367918103, 0.004436718978194808, 0.05807631111844416]], "chi2_level": 0.997, "chi2_df": 3, "chi2_threshold": 13.931422665512084, "N_raw": 53, "N_roi": 53, "N_inlier": 51, "refit": true}
{"timestamp": "15:15:58.123240", "frame": 45, "mu": [0.7476502421224483, 4.167552440737026, 0.9295832094731802], "Sigma": [[0.02761797850027123, -0.008791449326474254, -0.024439846484427555], [-0.008791449326474254, 0.006408840304897007, 0.00458456970860684], [-0.024439846484427555, 0.00458456970860684, 0.02965175322717746]], "chi2_level": 0.997, "chi2_df": 3, "chi2_threshold": 13.931422665512084, "N_raw": 58, "N_roi": 58, "N_inlier": 56, "refit": true}
{"timestamp": "15:15:58.179219", "frame": 46, "mu": [0.6827048527859874, 4.0749786347322665, 0.8620317100870006], "Sigma": [[0.0275744273287159, -0.004823797545025925, -0.01567633664926211], [-0.004823797545025925, 0.0033797104533884893, -0.003070273471193664], [-0.01567633664926211, -0.003070273471193664, 0.02561488975532268]], "chi2_level": 0.997, "chi2_df": 3, "chi2_threshold": 13.931422665512084, "N_raw": 64, "N_roi": 64, "N_inlier": 63, "refit": true}
{"timestamp": "15:15:58.230361", "frame": 47, "mu": [0.6704535991766688, 4.026756915337944, 0.859154858780868], "Sigma": [[0.015872905804726077, -0.0017281874903500851, -0.003142404116316947], [-0.0017281874903500854, 0.002252322328278563, -0.001253141088098956], [-0.003142404116316947, -0.001253141088098956, 0.0042579011983310145]], "chi2_level": 0.997, "chi2_df": 3, "chi2_threshold": 13.931422665512084, "N_raw": 35, "N_roi": 35, "N_inlier": 32, "refit": true}
{"timestamp": "15:15:58.289098", "frame": 48, "mu": [0.7301291779889904, 3.971659732436934, 0.845739781344606], "Sigma": [[0.02974199856469277, -0.0075922402928634, -0.03807328610261295], [-0.0075922402928634, 0.004031026797891235, 0.003752421845852026], [-0.03807328610261295, 0.003752421845852027, 0.076047735980423]], "chi2_level": 0.997, "chi2_df": 3, "chi2_threshold": 13.931422665512084, "N_raw": 67, "N_roi": 67, "N_inlier": 67, "refit": true}
{"timestamp": "15:15:58.341764", "frame": 49, "mu": [0.6437877897429811, 3.888912370559904, 0.7825669382859523], "Sigma": [[0.01618868449409495, -0.003338876474358301, -0.013003994084154216], [-0.003338876474358301, 0.0016617719842670498, -0.000617177506536551], [-0.013003994084154216, -0.0006171775065365512, 0.035287881139833645]], "chi2_level": 0.997, "chi2_df": 3, "chi2_threshold": 13.931422665512084, "N_raw": 44, "N_roi": 44, "N_inlier": 42, "refit": true}
{"timestamp": "15:15:58.398222", "frame": 50, "mu": [0.6669679487646611, 3.82555665719536, 0.760020521415891], "Sigma": [[0.02435354677815669, -0.007913519999325071, -0.02160826710875078], [-0.007913519999325071, 0.003653284732478348, 0.004219794190117957], [-0.021608267108750776, 0.004219794190117957, 0.04408771763741774]], "chi2_level": 0.997, "chi2_df": 3, "chi2_threshold": 13.931422665512084, "N_raw": 56, "N_roi": 56, "N_inlier": 53, "refit": true}
{"timestamp": "15:15:58.453428", "frame": 51, "mu": [0.583444758300135, 3.7438077048233036, 0.6763306735140941], "Sigma": [[0.026943939262980263, -0.0029861299042200527, -0.011253818090178403], [-0.0029861299042200527, 0.002033394750631907, -0.0016265953072054917], [-0.011253818090178402, -0.0016265953072054917, 0.01587333675898262]], "chi2_level": 0.997, "chi2_df": 3, "chi2_threshold": 13.931422665512084, "N_raw": 56, "N_roi": 56, "N_inlier": 54, "refit": true}
{"timestamp": "15:15:58.510567", "frame": 52, "mu": [0.6274236439487936, 3.7411162492219625, 0.9839756997660728], "Sigma": [[0.028581753289579154, -0.005850980844916552, -0.021702858287524898], [-0.005850980844916552, 0.005940416477365279, 0.00036184888717149524], [-0.0217028582875249, 0.00036184888717149524, 0.031771899283084555]], "chi2_level": 0.997, "chi2_df": 3, "chi2_threshold": 13.931422665512084, "N_raw": 73, "N_roi": 73, "N_inlier": 73, "refit": true}
{"timestamp": "15:15:58.569084", "frame": 53, "mu": [0.6558280276654633, 3.6569814693249225, 0.8145560903945428], "Sigma": [[0.032524048298683154, -0.006482937492657992, -0.0322057941259544], [-0.006482937492657994, 0.0053483228172511695, 0.002464112645636384], [-0.032205794125954396, 0.002464112645636384, 0.05521797675754547]], "chi2_level": 0.997, "chi2_df": 3, "chi2_threshold": 13.931422665512084, "N_raw": 91, "N_roi": 91, "N_inlier": 88, "refit": true}
{"timestamp": "15:15:58.622569", "frame": 54, "mu": [0.741066332434631, 3.5544353439076732, 0.6964787360834589], "Sigma": [[0.03707133896832621, -0.013754072092959558, -0.049418605231554794], [-0.013754072092959558, 0.00782326365377106, 0.018160542808821897], [-0.049418605231554794, 0.018160542808821897, 0.10537275098468815]], "chi2_level": 0.997, "chi2_df": 3, "chi2_threshold": 13.931422665512084, "N_raw": 88, "N_roi": 88, "N_inlier": 86, "refit": true}
{"timestamp": "15:15:58.677024", "frame": 55, "mu": [0.714132481604929, 3.4834026589925835, 0.7271336701828026], "Sigma": [[0.037633663620710515, -0.012379681049999987, -0.03912590150427821], [-0.012379681049999987, 0.007487804330833145, 0.012773042087121211], [-0.03912590150427821, 0.012773042087121213, 0.060810215917924404]], "chi2_level": 0.997, "chi2_df": 3, "chi2_threshold": 13.931422665512084, "N_raw": 77, "N_roi": 77, "N_inlier": 77, "refit": true}
{"timestamp": "15:15:58.727566", "frame": 56, "mu": [0.6955109774227077, 3.6203784342134573, -0.22867296498972195], "Sigma": [[0.027206003954276973, 0.0007510873447264615, -0.03186660817695536], [0.0007510873447264619, 0.004981924527231557, -0.007908746743017853], [-0.031866608176955365, -0.007908746743017853, 0.06664391600858191]], "chi2_level": 0.997, "chi2_df": 3, "chi2_threshold": 13.931422665512084, "N_raw": 49, "N_roi": 49, "N_inlier": 49, "refit": true}
{"timestamp": "15:15:58.787479", "frame": 57, "mu": [0.6325088058557153, 3.370114883270549, 0.8155717278418939], "Sigma": [[0.024934079366066828, -0.0023850890189607097, -0.014533504970093763], [-0.0023850890189607097, 0.002093342697984565, -0.0035113391861570043], [-0.014533504970093763, -0.0035113391861570048, 0.042739255762372134]], "chi2_level": 0.997, "chi2_df": 3, "chi2_threshold": 13.931422665512084, "N_raw": 82, "N_roi": 82, "N_inlier": 78, "refit": true}
{"timestamp": "15:15:58.842051", "frame": 58, "mu": [0.6503964933590345, 3.3239752254674584, 0.7842889401813397], "Sigma": [[0.0248748972935659, -0.0019792105820234506, -0.004592240872833872], [-0.0019792105820234506, 0.0012397601175513837, -0.0040960181865612654], [-0.004592240872833872, -0.0040960181865612654, 0.04066275888094459]], "chi2_level": 0.997, "chi2_df": 3, "chi2_threshold": 13.931422665512084, "N_raw": 79, "N_roi": 79, "N_inlier": 76, "refit": true}
{"timestamp": "15:15:58.897600", "frame": 59, "mu": [0.6686861268480131, 3.361335755179104, -0.5009883124947287], "Sigma": [[0.03303424407521366, 0.0005194045851234338, 0.10339079301032764], [0.0005194045851234333, 0.01597782512664233, -0.020306036000628774], [0.10339079301032761, -0.020306036000628778, 0.470392180297487]], "chi2_level": 0.997, "chi2_df": 3, "chi2_threshold": 13.931422665512084, "N_raw": 88, "N_roi": 88, "N_inlier": 87, "refit": true}
{"timestamp": "15:15:58.947480", "frame": 60, "mu": [0.6322684486102103, 3.228248272860695, 0.9963401425915523], "Sigma": [[0.015013707814367979, -0.0029144846797370654, -0.009768620735925626], [-0.0029144846797370654, 0.0011197079695057304, -0.0008766100039859358], [-0.009768620735925626, -0.0008766100039859359, 0.04435005752766543]], "chi2_level": 0.997, "chi2_df": 3, "chi2_threshold": 13.931422665512084, "N_raw": 53, "N_roi": 53, "N_inlier": 50, "refit": true}
{"timestamp": "15:15:59.004217", "frame": 61, "mu": [0.6932913657501443, 3.181990131016631, 0.8472151410145293], "Sigma": [[0.014848615382531976, -0.004492977931194891, -0.011796851464443084], [-0.004492977931194891, 0.0032200010047737943, -0.00501919642204856], [-0.011796851464443082, -0.00501919642204856, 0.076466035069502]], "chi2_level": 0.997, "chi2_df": 3, "chi2_threshold": 13.931422665512084, "N_raw": 60, "N_roi": 60, "N_inlier": 58, "refit": true}
{"timestamp": "15:15:59.060477", "frame": 62, "mu": [0.5733972788949369, 3.1209090404514686, 0.8201033748425808], "Sigma": [[0.013561436059110366, -0.0045002622516453605, -0.004120077728620698], [-0.0045002622516453605, 0.0034832037420802764, -0.01139545808451791], [-0.004120077728620698, -0.01139545808451791, 0.13895341175919082]], "chi2_level": 0.997, "chi2_df": 3, "chi2_threshold": 13.931422665512084, "N_raw": 70, "N_roi": 70, "N_inlier": 69, "refit": true}
{"timestamp": "15:15:59.113804", "frame": 63, "mu": [0.6658828525418256, 3.046983229911426, 0.9819877552169711], "Sigma": [[0.015450685645929897, -0.00491801370260235, 0.008570739733480201], [-0.00491801370260235, 0.002514562049615799, -0.00788194973989245], [0.008570739733480201, -0.00788194973989245, 0.053377852665285566]], "chi2_level": 0.997, "chi2_df": 3, "chi2_threshold": 13.931422665512084, "N_raw": 54, "N_roi": 54, "N_inlier": 52, "refit": true}
{"timestamp": "15:15:59.161754", "frame": 64, "mu": [0.6837944413921833, 2.9207755741094, 0.5892020484988627], "Sigma": [[0.005671661752614185, -0.0020880023236901878, -0.006967738086013742], [-0.0020880023236901878, 0.0018514974721313734, 0.00267190895949496], [-0.006967738086013744, 0.00267190895949496, 0.18842769836896145]], "chi2_level": 0.997, "chi2_df": 3, "chi2_threshold": 13.931422665512084, "N_raw": 17, "N_roi": 17, "N_inlier": 16, "refit": true}
{"timestamp": "15:15:59.225707", "frame": 65, "mu": [0.6909686980935614, 2.8770560962236154, 0.9101498327146744], "Sigma": [[0.017299249068203792, -0.005797482768740333, -0.00659318372310651], [-0.005797482768740332, 0.0038862657210041373, 0.0008311373511191999], [-0.006593183723106511, 0.0008311373511191998, 0.04315218281997513]], "chi2_level": 0.997, "chi2_df": 3, "chi2_threshold": 13.931422665512084, "N_raw": 76, "N_roi": 76, "N_inlier": 71, "refit": true}
{"timestamp": "15:15:59.279598", "frame": 66, "mu": [0.6512891002095861, 2.838105388524036, 0.902098959978557], "Sigma": [[0.01725192263884453, -0.008657133821742847, -0.012357949906926635], [-0.008657133821742847, 0.005885627916662856, 0.004728863660520068], [-0.012357949906926633, 0.004728863660520068, 0.040745365273185646]], "chi2_level": 0.997, "chi2_df": 3, "chi2_threshold": 13.931422665512084, "N_raw": 65, "N_roi": 65, "N_inlier": 62, "refit": true}
{"timestamp": "15:15:59.337859", "frame": 67, "mu": [0.6522508662405205, 2.780165075983551, 0.9809449219495578], "Sigma": [[0.02221285783415132, -0.008405066486774486, -0.01671920900398697], [-0.008405066486774486, 0.0045792724658641785, 0.0010004801539365334], [-0.01671920900398697, 0.0010004801539365334, 0.04317489462150872]], "chi2_level": 0.997, "chi2_df": 3, "chi2_threshold": 13.931422665512084, "N_raw": 90, "N_roi": 90, "N_inlier": 87, "refit": true}
{"timestamp": "15:15:59.393123", "frame": 68, "mu": [0.6796331275754325, 2.7262107314970625, -0.6616494695919986], "Sigma": [[0.01784430450250144, -0.00445829880607565, 0.054086198731496095], [-0.00445829880607565, 0.003259124827269793, -0.02120811875766255], [0.0540861987314961, -0.02120811875766255, 0.5512874776774036]], "chi2_level": 0.997, "chi2_df": 3, "chi2_threshold": 13.931422665512084, "N_raw": 87, "N_roi": 87, "N_inlier": 85, "refit": true}
{"timestamp": "15:15:59.450040", "frame": 69, "mu": [0.618875876301227, 2.7466490995959614, -0.2554767465452447], "Sigma": [[0.019169190018169, -0.0029475107360182147, 0.09413783305190902], [-0.0029475107360182147, 0.021094835834548357, -0.052633730090601356], [0.09413783305190904, -0.05263373009060136, 0.6363872103559851]], "chi2_level": 0.997, "chi2_df": 3, "chi2_threshold": 13.931422665512084, "N_raw": 98, "N_roi": 98, "N_inlier": 96, "refit": true}
{"timestamp": "15:15:59.504895", "frame": 70, "mu": [0.6543733814594148, 2.5585742644752223, 0.8090663266168932], "Sigma": [[0.02579062149233563, -0.005816817720961369, -0.03083193114745371], [-0.005816817720961369, 0.002971193341556612, 0.0015469795414064743], [-0.03083193114745371, 0.0015469795414064747, 0.08886189516725496]], "chi2_level": 0.997, "chi2_df": 3, "chi2_threshold": 13.931422665512084, "N_raw": 96, "N_roi": 96, "N_inlier": 93, "refit": true}
{"timestamp": "15:15:59.562763", "frame": 71, "mu": [0.711515413312554, 2.483625699078346, 0.8871323523765591], "Sigma": [[0.020005977620789966, -0.004524207565932104, -0.016819099316933893], [-0.004524207565932104, 0.0032056292989131596, -0.00013314744561601752], [-0.016819099316933893, -0.00013314744561601795, 0.1149629719321302]], "chi2_level": 0.997, "chi2_df": 3, "chi2_threshold": 13.931422665512084, "N_raw": 125, "N_roi": 125, "N_inlier": 124, "refit": true}
{"timestamp": "15:15:59.615627", "frame": 72, "mu": [0.6049867282084587, 2.461276024410393, 0.8277531831906112], "Sigma": [[0.029594284681807193, -0.0034853051791091686, -0.014369862013381194], [-0.0034853051791091686, 0.0014213829185454293, -0.001037355896979144], [-0.014369862013381193, -0.001037355896979144, 0.047310833493263704]], "chi2_level": 0.997, "chi2_df": 3, "chi2_threshold": 13.931422665512084, "N_raw": 106, "N_roi": 106, "N_inlier": 102, "refit": true}
{"timestamp": "15:15:59.667593", "frame": 73, "mu": [0.5632195739644609, 2.3915090341130294, 0.7763663311202877], "Sigma": [[0.02222016393757, 0.0007138439248195229, -0.011771536096234578], [0.0007138439248195228, 0.004583305087932834, -0.010578940975063067], [-0.011771536096234578, -0.010578940975063067, 0.07345550694784223]], "chi2_level": 0.997, "chi2_df": 3, "chi2_threshold": 13.931422665512084, "N_raw": 91, "N_roi": 91, "N_inlier": 90, "refit": true}
{"timestamp": "15:15:59.726259", "frame": 74, "mu": [0.5640488246776425, 2.4744670633366628, -0.7826631727979009], "Sigma": [[0.03527940629107701, 0.018258031164211663, 0.035247593761464656], [0.018258031164211663, 0.022225254004891587, 0.006889016422170609], [0.03524759376146466, 0.006889016422170609, 0.17114115604363372]], "chi2_level": 0.997, "chi2_df": 3, "chi2_threshold": 13.931422665512084, "N_raw": 110, "N_roi": 110, "N_inlier": 108, "refit": true}
{"timestamp": "15:15:59.785881", "frame": 75, "mu": [0.6104038762045855, 2.3268514505982667, -1.0754516200034265], "Sigma": [[0.02923225732312304, 0.014737141178090617, 0.01626916723252965], [0.014737141178090617, 0.015777062588649957, -0.006061633135208344], [0.016269167232529646, -0.006061633135208345, 0.33685937627645773]], "chi2_level": 0.997, "chi2_df": 3, "chi2_threshold": 13.931422665512084, "N_raw": 144, "N_roi": 143, "N_inlier": 140, "refit": true}
{"timestamp": "15:15:59.834004", "frame": 76, "mu": [0.5920578718979985, 2.3512025626263124, -0.26565981750833567], "Sigma": [[0.023500730225781023, -0.014073477190842518, 0.04829385099988226], [-0.014073477190842518, 0.01763558205301835, -0.05887617422586158], [0.04829385099988226, -0.05887617422586158, 0.25819949199845843]], "chi2_level": 0.997, "chi2_df": 3, "chi2_threshold": 13.931422665512084, "N_raw": 90, "N_roi": 90, "N_inlier": 88, "refit": true}
{"timestamp": "15:15:59.887076", "frame": 77, "mu": [0.6287405893879361, 2.256775090459673, -0.24397987549794115], "Sigma": [[0.013469166314295322, -0.007480074794502347, 0.014356477838763527], [-0.007480074794502347, 0.009898057311490854, -0.017752889293319054], [0.014356477838763527, -0.017752889293319054, 0.039118236661063205]], "chi2_level": 0.997, "chi2_df": 3, "chi2_threshold": 13.931422665512084, "N_raw": 75, "N_roi": 75, "N_inlier": 70, "refit": true}
{"timestamp": "15:15:59.942547", "frame": 78, "mu": [0.6591147185093824, 2.0504693926358164, 1.0732731179724426], "Sigma": [[0.009081257609999166, -0.0021392018637326794, 0.005837601878417949], [-0.0021392018637326794, 0.002219454688241148, -0.0026341363303185117], [0.005837601878417949, -0.0026341363303185117, 0.10245697471861193]], "chi2_level": 0.997, "chi2_df": 3, "chi2_threshold": 13.931422665512084, "N_raw": 93, "N_roi": 93, "N_inlier": 89, "refit": true}
{"timestamp": "15:16:00.001796", "frame": 79, "mu": [0.6246952226958431, 2.0257928871853106, 0.988217670393011], "Sigma": [[0.013071172523408564, -0.004561293370299741, -0.013931176229683689], [-0.004561293370299741, 0.004752895570657933, 0.0006410474959487018], [-0.013931176229683689, 0.0006410474959487017, 0.13429110803022495]], "chi2_level": 0.997, "chi2_df": 3, "chi2_threshold": 13.931422665512084, "N_raw": 115, "N_roi": 113, "N_inlier": 111, "refit": true}
{"timestamp": "15:16:00.056624", "frame": 80, "mu": [0.6372725524984468, 1.9555431983695188, 0.9029292649412272], "Sigma": [[0.011897404420470744, -0.0021079267055035987, -0.0030735075245112388], [-0.0021079267055035987, 0.0023326252815701774, 0.002909870501153049], [-0.0030735075245112396, 0.002909870501153049, 0.08466181556589683]], "chi2_level": 0.997, "chi2_df": 3, "chi2_threshold": 13.931422665512084, "N_raw": 110, "N_roi": 110, "N_inlier": 107, "refit": true}
{"timestamp": "15:16:00.109989", "frame": 81, "mu": [0.6576269908063116, 1.9145196289407607, 0.9258385775587787], "Sigma": [[0.016426687816487855, -0.006262007643374829, -0.007211641492569828], [-0.006262007643374829, 0.0034200246510034415, 0.005126251560773433], [-0.007211641492569827, 0.005126251560773433, 0.12188891379585849]], "chi2_level": 0.997, "chi2_df": 3, "chi2_threshold": 13.931422665512084, "N_raw": 105, "N_roi": 105, "N_inlier": 104, "refit": true}
{"timestamp": "15:16:00.163683", "frame": 82, "mu": [0.6352574616889906, 1.7848638647340702, 0.6774483640007892], "Sigma": [[0.012214321912980044, -0.010853433412224202, -0.014722275256272234], [-0.010853433412224204, 0.023057660203652235, 0.05278634770294998], [-0.014722275256272233, 0.05278634770294998, 0.2190619642740498]], "chi2_level": 0.997, "chi2_df": 3, "chi2_threshold": 13.931422665512084, "N_raw": 91, "N_roi": 91, "N_inlier": 89, "refit": true}
{"timestamp": "15:16:00.221895", "frame": 83, "mu": [0.7077891962944091, 1.7694261949248173, 0.9756790040542979], "Sigma": [[0.04695353344619954, -0.019324234469852333, -0.02051126210197072], [-0.019324234469852333, 0.009450985136225316, 0.003821657654036647], [-0.020511262101970726, 0.0038216576540366478, 0.06904228953512778]], "chi2_level": 0.997, "chi2_df": 3, "chi2_threshold": 13.931422665512084, "N_raw": 120, "N_roi": 119, "N_inlier": 117, "refit": true}
{"timestamp": "15:16:00.276380", "frame": 84, "mu": [0.7455657897782842, 1.6899122967890816, 1.0220775106328803], "Sigma": [[0.041087083025136494, -0.016557345812074888, -0.01100191494355368], [-0.016557345812074888, 0.009516098231011906, -0.004853615861749206], [-0.011001914943553683, -0.004853615861749205, 0.08888693092408886]], "chi2_level": 0.997, "chi2_df": 3, "chi2_threshold": 13.931422665512084, "N_raw": 113, "N_roi": 113, "N_inlier": 112, "refit": true}
{"timestamp": "15:16:00.337101", "frame": 85, "mu": [0.7092930657864718, 1.6270826676739951, 0.8861650347633386], "Sigma": [[0.010392537715761345, -0.0022659835508150854, -0.00335955057105915], [-0.002265983550815086, 0.0033756399470576707, 0.010834224249504363], [-0.0033595505710591494, 0.010834224249504365, 0.26283903876403875]], "chi2_level": 0.997, "chi2_df": 3, "chi2_threshold": 13.931422665512084, "N_raw": 150, "N_roi": 150, "N_inlier": 148, "refit": true}
{"timestamp": "15:16:00.389270", "frame": 86, "mu": [0.6594875340280679, 1.5862188878327825, 1.011628445069477], "Sigma": [[0.019046510247266883, -0.006313085655612446, 0.003708929253165197], [-0.006313085655612446, 0.005808371690456137, 0.0046928578530708075], [0.003708929253165196, 0.0046928578530708075, 0.10543040325125035]], "chi2_level": 0.997, "chi2_df": 3, "chi2_threshold": 13.931422665512084, "N_raw": 132, "N_roi": 131, "N_inlier": 131, "refit": true}
{"timestamp": "15:16:00.443104", "frame": 87, "mu": [0.7126989185714474, 1.623719189890257, 0.15607353132083712], "Sigma": [[0.04403111039640126, -0.031053067288260454, 0.10810189997855446], [-0.031053067288260454, 0.03395074029983462, -0.12223184787799511], [0.10810189997855446, -0.12223184787799511, 0.562792146882335]], "chi2_level": 0.997, "chi2_df": 3, "chi2_threshold": 13.931422665512084, "N_raw": 121, "N_roi": 121, "N_inlier": 120, "refit": true}
{"timestamp": "15:16:00.493805", "frame": 88, "mu": [0.6137635804907351, 1.4950862867407662, 1.1261180417118832], "Sigma": [[0.007676629708052382, -0.0020409156224863883, 0.0007998476509207583], [-0.0020409156224863883, 0.0021564663526554267, -0.0015027871362141558], [0.0007998476509207585, -0.0015027871362141556, 0.03184394549445075]], "chi2_level": 0.997, "chi2_df": 3, "chi2_threshold": 13.931422665512084, "N_raw": 93, "N_roi": 93, "N_inlier": 89, "refit": true}
{"timestamp": "15:16:00.551127", "frame": 89, "mu": [0.5701978102828013, 1.4487857131583939, 0.9884936100521521], "Sigma": [[0.013522261538893523, -0.0033706637054521814, -0.014451829355042247], [-0.0033706637054521814, 0.003878919864203176, 0.004441384769096238], [-0.014451829355042247, 0.004441384769096238, 0.04656865009856991]], "chi2_level": 0.997, "chi2_df": 3, "chi2_threshold": 13.931422665512084, "N_raw": 100, "N_roi": 100, "N_inlier": 94, "refit": true}
{"timestamp": "15:16:00.611989", "frame": 90, "mu": [0.6720008956404403, 1.3695167866538742, 0.9809543010475555], "Sigma": [[0.02548232467804579, -0.011455569741601212, -0.04230556950090131], [-0.011455569741601212, 0.013914386786953016, 0.033594168353287955], [-0.04230556950090131, 0.033594168353287955, 0.16611515015442183]], "chi2_level": 0.997, "chi2_df": 3, "chi2_threshold": 13.931422665512084, "N_raw": 142, "N_roi": 142, "N_inlier": 136, "refit": true}
{"timestamp": "15:16:00.661803", "frame": 91, "mu": [0.6384084831884471, 1.3441403362707858, 1.1412929723031606], "Sigma": [[0.016427208209236172, -0.004150888736646022, -0.01881679485623575], [-0.004150888736646022, 0.004450562969614792, 0.0015652915451944032], [-0.018816794856235754, 0.0015652915451944039, 0.05621508926481963]], "chi2_level": 0.997, "chi2_df": 3, "chi2_threshold": 13.931422665512084, "N_raw": 111, "N_roi": 110, "N_inlier": 106, "refit": true}
{"timestamp": "15:16:00.714215", "frame": 92, "mu": [0.54223722111111, 1.2832913473341123, 1.2784750896923909], "Sigma": [[0.013827821316028761, -0.00774415184857288, 0.015677971733708662], [-0.00774415184857288, 0.006919525724919378, -0.013485815700926305], [0.015677971733708662, -0.013485815700926305, 0.04662643830644682]], "chi2_level": 0.997, "chi2_df": 3, "chi2_threshold": 13.931422665512084, "N_raw": 90, "N_roi": 90, "N_inlier": 84, "refit": true}
{"timestamp": "15:16:00.769056", "frame": 93, "mu": [0.6006894695471121, 1.1800073399073752, 1.2433464208634066], "Sigma": [[0.008346881643018644, -0.004526503135461522, 0.0010459795481986213], [-0.0045265031354615225, 0.00571158109886711, 0.002847642696887649], [0.0010459795481986204, 0.002847642696887649, 0.13047278373192092]], "chi2_level": 0.997, "chi2_df": 3, "chi2_threshold": 13.931422665512084, "N_raw": 87, "N_roi": 87, "N_inlier": 84, "refit": true}
{"timestamp": "15:16:00.820771", "frame": 94, "mu": [0.6361032455619923, 1.2954432649420087, -0.41630508950656064], "Sigma": [[0.0032186115156149046, 0.001062579631515573, -0.00032024728130595787], [0.001062579631515573, 0.01210076252641266, -0.02485380323268105], [-0.0003202472813059583, -0.02485380323268105, 0.08117109045261003]], "chi2_level": 0.997, "chi2_df": 3, "chi2_threshold": 13.931422665512084, "N_raw": 68, "N_roi": 68, "N_inlier": 62, "refit": true}
{"timestamp": "15:16:00.883914", "frame": 95, "mu": [0.5964363079849819, 1.1415246871942897, 1.1523665307625923], "Sigma": [[0.009329262258856925, -0.005015901921787634, -0.012086207392509516], [-0.005015901921787634, 0.008776589075808304, 0.007502136683476289], [-0.012086207392509518, 0.007502136683476288, 0.06173479127829819]], "chi2_level": 0.997, "chi2_df": 3, "chi2_threshold": 13.931422665512084, "N_raw": 130, "N_roi": 130, "N_inlier": 128, "refit": true}
{"timestamp": "15:16:00.931557", "frame": 96, "mu": [0.4999034537783987, 1.0637375671645386, 1.0815408280192407], "Sigma": [[0.005071478845089208, 0.0007632535153623143, 0.004595625698540424], [0.0007632535153623144, 0.00469762450016875, 0.007233238199341009], [0.004595625698540424, 0.007233238199341009, 0.03397957041461529]], "chi2_level": 0.997, "chi2_df": 3, "chi2_threshold": 13.931422665512084, "N_raw": 75, "N_roi": 75, "N_inlier": 72, "refit": true}
{"timestamp": "15:16:00.986855", "frame": 97, "mu": [0.6057546651129809, 0.9733373297027261, 1.3413377858001505], "Sigma": [[0.005207206851139337, -0.0022991712595910275, 0.00426908554683564], [-0.002299171259591027, 0.002933136107297601, -0.005472848356156557], [0.004269085546835641, -0.005472848356156558, 0.02348597427096175]], "chi2_level": 0.997, "chi2_df": 3, "chi2_threshold": 13.931422665512084, "N_raw": 82, "N_roi": 82, "N_inlier": 77, "refit": true}
{"timestamp": "15:16:01.043687", "frame": 98, "mu": [0.665070505381506, 0.8968566798367245, 1.3434922612931997], "Sigma": [[0.004998435489832955, 0.00011265871115544117, -0.003996860574353113], [0.00011265871115544109, 0.002567927688572117, -0.004882287977860629], [-0.003996860574353113, -0.004882287977860629, 0.02566694488578537]], "chi2_level": 0.997, "chi2_df": 3, "chi2_threshold": 13.931422665512084, "N_raw": 89, "N_roi": 89, "N_inlier": 85, "refit": true}
{"timestamp": "15:16:01.100099", "frame": 99, "mu": [0.5930840817595039, 0.895755389135383, 1.3140099631902944], "Sigma": [[0.0029397526084391887, -0.002297736516152485, 0.0026864427266232184], [-0.002297736516152485, 0.007253711188504788, 0.00013980429664849168], [0.002686442726623219, 0.0001398042966484921, 0.05653727833358306]], "chi2_level": 0.997, "chi2_df": 3, "chi2_threshold": 13.931422665512084, "N_raw": 97, "N_roi": 97, "N_inlier": 97, "refit": true}
{"timestamp": "15:16:01.285401", "frame": 100, "mu": [0.5804680022270089, 0.8192929152332297, 1.2968641177791387], "Sigma": [[0.005111327159700397, -0.0038957417892239634, 0.005699392555777146], [-0.0038957417892239634, 0.004866892512308458, -0.007812641579743346], [0.005699392555777146, -0.007812641579743344, 0.052536193752223]], "chi2_level": 0.997, "chi2_df": 3, "chi2_threshold": 13.931422665512084, "N_raw": 46, "N_roi": 46, "N_inlier": 45, "refit": true}
{"timestamp": "15:16:01.305862", "frame": 101, "mu": [0.6447169107953856, 0.732246428867235, 1.0472296832878523], "Sigma": [[0.008523896821937804, 0.0006455953340750294, 0.015472830522742084], [0.0006455953340750296, 0.0027443145871734334, 0.0021338391721518624], [0.015472830522742084, 0.0021338391721518624, 0.10952969588313013]], "chi2_level": 0.997, "chi2_df": 3, "chi2_threshold": 13.931422665512084, "N_raw": 44, "N_roi": 44, "N_inlier": 44, "refit": true}
{"timestamp": "15:16:01.337447", "frame": 102, "mu": [0.6055289499720127, 0.7053136790497225, 1.1548641798465735], "Sigma": [[0.0029894014557151623, -0.00014521303878621967, 0.002506186671386788], [-0.00014521303878621983, 0.0032316772495893263, 0.010046530986332784], [0.002506186671386788, 0.010046530986332784, 0.12163084635886778]], "chi2_level": 0.997, "chi2_df": 3, "chi2_threshold": 13.931422665512084, "N_raw": 85, "N_roi": 85, "N_inlier": 85, "refit": true}
{"timestamp": "15:16:01.368147", "frame": 103, "mu": [0.638483120144976, 0.6690161781628856, 1.2941411314540945], "Sigma": [[0.0019161971714300226, 0.00023047344912935922, -0.004832307065053403], [0.0002304734491293592, 0.0038073522045787307, 0.003039697826400396], [-0.004832307065053402, 0.0030396978264003957, 0.08714544059475096]], "chi2_level": 0.997, "chi2_df": 3, "chi2_threshold": 13.931422665512084, "N_raw": 64, "N_roi": 64, "N_inlier": 62, "refit": true}
{"timestamp": "15:16:01.398625", "frame": 104, "mu": [0.6302743726889879, 0.6313082548293841, 1.277567582011465], "Sigma": [[0.0030840826626015432, -0.00014057642565382266, 0.005610299971276834], [-0.00014057642565382266, 0.0019539664355249543, -0.002226227978125046], [0.005610299971276834, -0.0022262279781250457, 0.06628915700507136]], "chi2_level": 0.997, "chi2_df": 3, "chi2_threshold": 13.931422665512084, "N_raw": 89, "N_roi": 89, "N_inlier": 86, "refit": true}
{"timestamp": "15:16:01.428833", "frame": 105, "mu": [0.6324487621453915, 0.5679278171514361, 1.396486954616581], "Sigma": [[0.003201991457499845, -0.0017932314475037703, -0.01402480307479424], [-0.0017932314475037703, 0.005617625554247178, 0.013947962831432473], [-0.01402480307479424, 0.013947962831432474, 0.1522723744731964]], "chi2_level": 0.997, "chi2_df": 3, "chi2_threshold": 13.931422665512084, "N_raw": 39, "N_roi": 39, "N_inlier": 37, "refit": true}
{"timestamp": "15:16:01.473251", "frame": 106, "mu": [0.6252490390063662, 0.520835094837639, 1.5092147328906658], "Sigma": [[0.0009612126548653587, 0.00026982953813380913, -0.001928663916595569], [0.00026982953813380924, 0.001977743542467241, -0.0029442921407987718], [-0.001928663916595569, -0.0029442921407987718, 0.008891378605870099]], "chi2_level": 0.997, "chi2_df": 3, "chi2_threshold": 13.931422665512084, "N_raw": 24, "N_roi": 23, "N_inlier": 22, "refit": true}
{"timestamp": "15:16:01.531836", "frame": 107, "mu": [0.6891669364090792, 0.4032805389600414, 1.5581327429622027], "Sigma": [[0.007509757778138678, -0.0028241969757402995, -0.0014800277938170668], [-0.0028241969757402995, 0.0037471059413801042, 0.00020087013475721208], [-0.0014800277938170668, 0.00020087013475721208, 0.0004180153584193106]], "chi2_level": 0.997, "chi2_df": 3, "chi2_threshold": 13.931422665512084, "N_raw": 54, "N_roi": 51, "N_inlier": 49, "refit": true}
{"timestamp": "15:16:01.584699", "frame": 108, "mu": [0.5929135278364285, 0.3729133245707919, 1.431012364066233], "Sigma": [[0.008714921604224725, -0.0051077264926600655, 0.011733684971430187], [-0.005107726492660065, 0.004440469274933686, -0.008025644927736057], [0.011733684971430187, -0.008025644927736057, 0.021891645146202565]], "chi2_level": 0.997, "chi2_df": 3, "chi2_threshold": 13.931422665512084, "N_raw": 37, "N_roi": 37, "N_inlier": 35, "refit": true}
{"timestamp": "15:16:01.639194", "frame": 109, "mu": [0.6154777303126812, 0.3175079578763219, 1.5018610168885633], "Sigma": [[0.0049258234407116635, -0.002184105543586966, 0.0040918227049964034], [-0.002184105543586966, 0.00289309770797467, -0.004872887991789984], [0.0040918227049964034, -0.0048728879917899846, 0.01412531435988375]], "chi2_level": 0.997, "chi2_df": 3, "chi2_threshold": 13.931422665512084, "N_raw": 35, "N_roi": 32, "N_inlier": 32, "refit": true}
{"timestamp": "15:16:01.817376", "frame": 110, "mu": [0.6587990684586889, 0.20955784740458716, 1.2456541783792288], "Sigma": [[0.004543231655894742, -0.005560220040513576, -0.037516333946584116], [-0.005560220040513578, 0.010935867812644785, 0.049630661390369264], [-0.037516333946584116, 0.04963066139036926, 0.3708583926039304]], "chi2_level": 0.997, "chi2_df": 3, "chi2_threshold": 13.931422665512084, "N_raw": 16, "N_roi": 16, "N_inlier": 16, "refit": true}
{"timestamp": "15:16:01.861615", "frame": 111, "mu": [0.6323536547101992, 0.22968041237664025, 1.467865396908888], "Sigma": [[0.0019481469057329608, -0.001348092695800563, -0.012149893643582653], [-0.0013480926958005634, 0.0050882016439818085, 0.01798842878120238], [-0.012149893643582653, 0.01798842878120238, 0.14989646572541054]], "chi2_level": 0.997, "chi2_df": 3, "chi2_threshold": 13.931422665512084, "N_raw": 18, "N_roi": 16, "N_inlier": 15, "refit": true}
{"timestamp": "15:16:01.924413", "frame": 113, "mu": [0.49324507168511256, 0.15430742326992797, 1.5655769785196427], "Sigma": [[0.1356585169600503, 0.006764511458529259, -0.005908159511740633], [0.006764511458529259, 0.001333767046903181, -0.002792114178996173], [-0.005908159511740633, -0.002792114178996173, 0.00944590644389591]], "chi2_level": 0.997, "chi2_df": 3, "chi2_threshold": 13.931422665512084, "N_raw": 12, "N_roi": 11, "N_inlier": 11, "refit": true}
{"timestamp": "15:16:01.954323", "frame": 114, "mu": [0.33877744044478697, 0.15207875836313128, 1.602462939461609], "Sigma": [[0.2639003591792917, 0.013357721548607081, -0.008287738277227882], [0.01335772154860708, 0.001907651729288845, -0.0019426386568191024], [-0.008287738277227882, -0.0019426386568191024, 0.0026588822640549944]], "chi2_level": 0.997, "chi2_df": 3, "chi2_threshold": 13.931422665512084, "N_raw": 19, "N_roi": 19, "N_inlier": 18, "refit": true}
