{"timestamp": "15:40:21.874390", "frame": 39, "mu": [1.4056639735144594, 0.6470789016222144, 1.0102312490266683], "Sigma": [[0.22181302819756274, 0.08145621231656663, -0.17879671159437574], [0.08145621231656663, 0.03333997275466779, -0.07337647447964596], [-0.17879671159437574, -0.07337647447964595, 0.22030620646437868]], "chi2_level": 0.997, "chi2_df": 3, "chi2_threshold": 13.931422665512084, "N_raw": 7, "N_roi": 7, "N_inlier": 7, "refit": true}
{"timestamp": "15:40:22.040279", "frame": 42, "mu": [1.4400219956174987, 0.7765940721474269, 1.3329423453057756], "Sigma": [[0.002302558949091015, -0.0009928178252774091, -0.00508858913602242], [-0.0009928178252774091, 0.0030700613644853323, 0.004909188319955839], [-0.00508858913602242, 0.004909188319955839, 0.027063850234860326]], "chi2_level": 0.997, "chi2_df": 3, "chi2_threshold": 13.931422665512084, "N_raw": 15, "N_roi": 15, "N_inlier": 15, "refit": true}
{"timestamp": "15:40:22.259771", "frame": 46, "mu": [1.5212284185236886, 1.1011136906209846, 1.5131315866346868], "Sigma": [[0.0017846351427386886, -0.0003756154550225208, 0.0003795773648274611], [-0.0003756154550225208, 0.002081688116193656, -0.0038548517951329177], [0.0003795773648274611, -0.0038548517951329173, 0.01645786597489865]], "chi2_level": 0.997, "chi2_df": 3, "chi2_threshold": 13.931422665512084, "N_raw": 12, "N_roi": 12, "N_inlier": 12, "refit": true}
{"timestamp": "15:40:22.372452", "frame": 48, "mu": [1.4016451827988725, 1.3737437565969535, -0.2825201171584085], "Sigma": [[0.0043864796855977665, -0.0020140744186441504, -0.00039974482148216707], [-0.0020140744186441504, 0.0037442570479291016, -0.0008462583713709835], [-0.0003997448214821672, -0.0008462583713709834, 0.0012191507620175437]], "chi2_level": 0.997, "chi2_df": 3, "chi2_threshold": 13.931422665512084, "N_raw": 23, "N_roi": 23, "N_inlier": 21, "refit": true}
{"timestamp": "15:40:22.481387", "frame": 50, "mu": [1.5380086397700914, 1.3610368838768956, 1.38411939677623], "Sigma": [[0.0029363042026410518, 0.001864815899870688, 0.010686753456384424], [0.0018648158998706883, 0.0033082378965915643, -0.00936106087550717], [0.010686753456384427, -0.009361060875507168, 0.1791670972619668]], "chi2_level": 0.997, "chi2_df": 3, "chi2_threshold": 13.931422665512084, "N_raw": 7, "N_roi": 7, "N_inlier": 7, "refit": true}
{"timestamp": "15:40:22.541375", "frame": 51, "mu": [1.4417039743644144, 1.38986607396787, 1.4236761386128198], "Sigma": [[0.007553195263320138, -0.003030231115579973, 0.0012742116595099227], [-0.003030231115579973, 0.004614169742560724, -0.0020707558005678183], [0.001274211659509923, -0.0020707558005678183, 0.0022999471402135184]], "chi2_level": 0.997, "chi2_df": 3, "chi2_threshold": 13.931422665512084, "N_raw": 40, "N_roi": 40, "N_inlier": 38, "refit": true}
{"timestamp": "15:40:22.596065", "frame": 52, "mu": [1.3942570240970182, 1.4597329307786826, 1.3865886626876511], "Sigma": [[0.006440166860911267, -0.0017580080987813144, -0.0034402661255026187], [-0.0017580080987813144, 0.0036983681221909506, -0.00012696945650501619], [-0.0034402661255026183, -0.00012696945650501602, 0.006241516117841763]], "chi2_level": 0.997, "chi2_df": 3, "chi2_threshold": 13.931422665512084, "N_raw": 39, "N_roi": 39, "N_inlier": 37, "refit": true}
{"timestamp": "15:40:22.646504", "frame": 53, "mu": [1.380950651814461, 1.5167325938336929, 1.3726357874198647], "Sigma": [[0.0036617668400795904, -0.0016707056020005466, -0.0058168327437834195], [-0.0016707056020005466, 0.003887745244337364, 0.007061848276930237], [-0.005816832743783418, 0.0070618482769302365, 0.025873608291655432]], "chi2_level": 0.997, "chi2_df": 3, "chi2_threshold": 13.931422665512084, "N_raw": 14, "N_roi": 14, "N_inlier": 14, "refit": true}
{"timestamp": "15:40:22.706708", "frame": 54, "mu": [1.4798270796134427, 1.5571846585969304, 1.3240913803343521], "Sigma": [[0.00721169495885204, -0.0006534841294870439, 0.0006912002612609724], [-0.0006534841294870439, 0.002143018877726457, -0.0011727654840392242], [0.0006912002612609724, -0.0011727654840392242, 0.027037993036682625]], "chi2_level": 0.997, "chi2_df": 3, "chi2_threshold": 13.931422665512084, "N_raw": 47, "N_roi": 47, "N_inlier": 47, "refit": true}
{"timestamp": "15:40:22.757088", "frame": 55, "mu": [1.4849690254291925, 1.7373875484555794, 1.5290633359303534], "Sigma": [[0.006523398028053635, 0.002000634808778978, 0.002952863328915126], [0.002000634808778978, 0.0025187064512555823, 0.0003811783246172271], [0.0029528633289151256, 0.0003811783246172269, 0.003728980776704686]], "chi2_level": 0.997, "chi2_df": 3, "chi2_threshold": 13.931422665512084, "N_raw": 15, "N_roi": 15, "N_inlier": 15, "refit": true}
{"timestamp": "15:40:22.865736", "frame": 57, "mu": [1.4604897394535805, 1.7472832326941479, 1.1905070871569357], "Sigma": [[0.02832796642566794, -0.018275128172812703, -0.07091985341044785], [-0.018275128172812707, 0.02262574377993915, 0.06723170770889675], [-0.07091985341044785, 0.06723170770889675, 0.2217666074774717]], "chi2_level": 0.997, "chi2_df": 3, "chi2_threshold": 13.931422665512084, "N_raw": 8, "N_roi": 8, "N_inlier": 8, "refit": true}
{"timestamp": "15:40:22.920720", "frame": 58, "mu": [1.4697040884123822, 1.769127640849392, 1.1021912672527485], "Sigma": [[0.035205983897677554, -0.027448992464096558, -0.09316249998958959], [-0.027448992464096558, 0.03293953793772094, 0.09655820786819568], [-0.09316249998958959, 0.09655820786819568, 0.30280433284388303]], "chi2_level": 0.997, "chi2_df": 3, "chi2_threshold": 13.931422665512084, "N_raw": 7, "N_roi": 7, "N_inlier": 7, "refit": true}
{"timestamp": "15:40:23.089650", "frame": 61, "mu": [1.394595077651669, 2.1019455949134973, 0.14930225543984588], "Sigma": [[0.0058581037632177875, -0.0012745464768368386, -0.0008170217774953366], [-0.0012745464768368386, 0.004038897092630756, 0.0011308650738346847], [-0.0008170217774953365, 0.0011308650738346849, 0.009699691244509482]], "chi2_level": 0.997, "chi2_df": 3, "chi2_threshold": 13.931422665512084, "N_raw": 33, "N_roi": 33, "N_inlier": 31, "refit": true}
{"timestamp": "15:40:23.141833", "frame": 62, "mu": [1.4786949016081465, 2.0341367762869647, 0.9580387476474154], "Sigma": [[0.015186116048564645, -0.012989883509081776, -0.06682294025116586], [-0.012989883509081776, 0.02106657798344508, 0.0703975454938581], [-0.06682294025116586, 0.07039754549385809, 0.35758425859134507]], "chi2_level": 0.997, "chi2_df": 3, "chi2_threshold": 13.931422665512084, "N_raw": 9, "N_roi": 9, "N_inlier": 9, "refit": true}
{"timestamp": "15:40:23.198458", "frame": 63, "mu": [1.3550547113066913, 2.210496181066702, 1.671612020760708], "Sigma": [[0.004079973032609736, 0.00014189463502262988, 0.0006455592779226677], [0.00014189463502262985, 0.0032559103702814295, 0.0023475845365983944], [0.0006455592779226676, 0.002347584536598394, 0.002417526588576107]], "chi2_level": 0.997, "chi2_df": 3, "chi2_threshold": 13.931422665512084, "N_raw": 19, "N_roi": 19, "N_inlier": 18, "refit": true}
{"timestamp": "15:40:23.306697", "frame": 65, "mu": [1.386095892925134, 2.2708334134249286, 1.4077168161116815], "Sigma": [[0.008162593936272274, -0.0065019213286318985, -0.022546319528881614], [-0.0065019213286318985, 0.014273347711606014, 0.04115334731116961], [-0.022546319528881618, 0.04115334731116961, 0.13318299976870815]], "chi2_level": 0.997, "chi2_df": 3, "chi2_threshold": 13.931422665512084, "N_raw": 15, "N_roi": 15, "N_inlier": 15, "refit": true}
{"timestamp": "15:40:23.360998", "frame": 66, "mu": [1.3392061761742813, 2.055799972254265, 1.1834548096728816], "Sigma": [[0.14654507310180415, 0.19083345567246854, -0.11086494105269555], [0.19083345567246854, 0.32750738017483055, -0.008493858571956836], [-0.11086494105269555, -0.008493858571956822, 0.33254243758591645]], "chi2_level": 0.997, "chi2_df": 3, "chi2_threshold": 13.931422665512084, "N_raw": 8, "N_roi": 8, "N_inlier": 8, "refit": true}
{"timestamp": "15:40:23.417020", "frame": 67, "mu": [1.335391781768277, 2.363715691480067, 1.3166982781515648], "Sigma": [[0.008987194609345276, -0.010190237816814496, -0.03285820649480123], [-0.010190237816814498, 0.013446376012118774, 0.04084723228942329], [-0.03285820649480123, 0.04084723228942329, 0.14923033302484587]], "chi2_level": 0.997, "chi2_df": 3, "chi2_threshold": 13.931422665512084, "N_raw": 11, "N_roi": 11, "N_inlier": 11, "refit": true}
{"timestamp": "15:40:23.474710", "frame": 68, "mu": [1.3469374658369648, 2.524637175321278, 1.5034925079959491], "Sigma": [[0.005467969061868983, -0.0023511874352623425, -0.0035159607363817983], [-0.002351187435262343, 0.004294429329723644, 0.0010008784317589287], [-0.0035159607363817983, 0.0010008784317589287, 0.004920795111252682]], "chi2_level": 0.997, "chi2_df": 3, "chi2_threshold": 13.931422665512084, "N_raw": 31, "N_roi": 30, "N_inlier": 28, "refit": true}
{"timestamp": "15:40:23.530599", "frame": 69, "mu": [1.4058147849455918, 2.507622538440015, 1.2970937153704745], "Sigma": [[0.006881893802332901, -0.0031685395268893583, -0.006869100210351116], [-0.0031685395268893583, 0.0036584159799392672, 0.001580592894809876], [-0.006869100210351116, 0.001580592894809876, 0.023578183571785663]], "chi2_level": 0.997, "chi2_df": 3, "chi2_threshold": 13.931422665512084, "N_raw": 32, "N_roi": 31, "N_inlier": 30, "refit": true}
{"timestamp": "15:40:23.582696", "frame": 70, "mu": [1.3668794287265333, 2.522735811967192, 1.3401502738127178], "Sigma": [[0.007229882876526496, -0.003472469101128484, -0.005891200533894016], [-0.0034724691011284847, 0.0028946207313771235, 0.002644177424616885], [-0.005891200533894016, 0.002644177424616885, 0.01972264989935739]], "chi2_level": 0.997, "chi2_df": 3, "chi2_threshold": 13.931422665512084, "N_raw": 23, "N_roi": 23, "N_inlier": 22, "refit": true}
{"timestamp": "15:40:23.639752", "frame": 71, "mu": [1.42623074463015, 2.641741838639161, 1.498840238657183], "Sigma": [[0.007476880056832855, -0.0008302704383388342, -0.003643384654819672], [-0.0008302704383388343, 0.0038625748795997443, 0.00524684111845863], [-0.003643384654819672, 0.00524684111845863, 0.049375777723907346]], "chi2_level": 0.997, "chi2_df": 3, "chi2_threshold": 13.931422665512084, "N_raw": 31, "N_roi": 31, "N_inlier": 30, "refit": true}
{"timestamp": "15:40:23.696738", "frame": 72, "mu": [1.4009056829002762, 2.6475740961296106, 1.504032446937339], "Sigma": [[0.009970888345577297, -0.003804864552270999, -0.001915152112875187], [-0.0038048645522709996, 0.006700308892179857, 0.0028714601389463776], [-0.001915152112875187, 0.002871460138946377, 0.016994841700990495]], "chi2_level": 0.997, "chi2_df": 3, "chi2_threshold": 13.931422665512084, "N_raw": 39, "N_roi": 39, "N_inlier": 37, "refit": true}
{"timestamp": "15:40:23.747352", "frame": 73, "mu": [1.4531348970046059, 2.6961951051790183, 1.136354189905758], "Sigma": [[0.005833602669812224, -0.0011645565756874332, -0.008591262639454731], [-0.0011645565756874332, 0.004207959014096902, -0.010075489441916854], [-0.008591262639454731, -0.010075489441916854, 0.06534473373611131]], "chi2_level": 0.997, "chi2_df": 3, "chi2_threshold": 13.931422665512084, "N_raw": 16, "N_roi": 16, "N_inlier": 16, "refit": true}
{"timestamp": "15:40:23.802432", "frame": 74, "mu": [1.4543905854128976, 2.827000138356161, 0.0609634837270778], "Sigma": [[0.0026912232922731228, 0.0019511225559011916, -0.00610985072032899], [0.0019511225559011916, 0.01626267980788223, -0.04025321164368462], [-0.006109850720328991, -0.04025321164368462, 0.1154165143743093]], "chi2_level": 0.997, "chi2_df": 3, "chi2_threshold": 13.931422665512084, "N_raw": 17, "N_roi": 17, "N_inlier": 17, "refit": true}
{"timestamp": "15:40:23.967653", "frame": 77, "mu": [1.594415751430128, 2.7504774705720747, 0.6445176671240546], "Sigma": [[0.014314014981022723, -0.008990864406839315, -0.02514805011804574], [-0.008990864406839315, 0.008125957613541483, 0.016013914162972855], [-0.02514805011804574, 0.016013914162972855, 0.06665638410210906]], "chi2_level": 0.997, "chi2_df": 3, "chi2_threshold": 13.931422665512084, "N_raw": 20, "N_roi": 20, "N_inlier": 20, "refit": true}
{"timestamp": "15:40:24.025385", "frame": 78, "mu": [1.386734131526764, 2.9763143470619977, 1.3222626906160093], "Sigma": [[0.011033989725214449, -0.0036666662352494587, -0.004298055706652653], [-0.0036666662352494587, 0.0038210751651663087, -0.001744709308641404], [-0.004298055706652653, -0.001744709308641404, 0.01086779703980512]], "chi2_level": 0.997, "chi2_df": 3, "chi2_threshold": 13.931422665512084, "N_raw": 35, "N_roi": 34, "N_inlier": 33, "refit": true}
{"timestamp": "15:40:24.136634", "frame": 80, "mu": [1.3856217769824986, 3.083324354171749, 1.4180905206183396], "Sigma": [[0.01755163814628572, -0.0057558727514654615, -0.010766766601468658], [-0.0057558727514654615, 0.005320681985687769, 0.0009763354858610464], [-0.01076676660146866, 0.0009763354858610464, 0.014433959486275717]], "chi2_level": 0.997, "chi2_df": 3, "chi2_threshold": 13.931422665512084, "N_raw": 48, "N_roi": 48, "N_inlier": 47, "refit": true}
{"timestamp": "15:40:24.190937", "frame": 81, "mu": [1.4316326328325915, 3.120234606757584, 1.4427830973553926], "Sigma": [[0.01553702748193187, -0.005080182304294136, -0.0038082283781038103], [-0.0050801823042941376, 0.004515227068658563, 0.00022675272294275708], [-0.0038082283781038103, 0.00022675272294275705, 0.003553323952330957]], "chi2_level": 0.997, "chi2_df": 3, "chi2_threshold": 13.931422665512084, "N_raw": 36, "N_roi": 36, "N_inlier": 36, "refit": true}
{"timestamp": "15:40:24.249874", "frame": 82, "mu": [1.3928703596995098, 3.2003026741375664, 1.4974162683248033], "Sigma": [[0.019599192195212552, -0.005950910230509454, -0.006971859004429268], [-0.005950910230509454, 0.009057018509388025, 0.00293439278668268], [-0.006971859004429268, 0.00293439278668268, 0.00423639310032032]], "chi2_level": 0.997, "chi2_df": 3, "chi2_threshold": 13.931422665512084, "N_raw": 61, "N_roi": 61, "N_inlier": 59, "refit": true}
{"timestamp": "15:40:24.304107", "frame": 83, "mu": [1.4498024895836505, 3.24956820159031, 1.253816129502217], "Sigma": [[0.01544998584653462, -0.007472194204950272, -0.024076776441066098], [-0.007472194204950272, 0.0068667469556025615, 0.004018538558080549], [-0.024076776441066098, 0.004018538558080549, 0.15511279202816627]], "chi2_level": 0.997, "chi2_df": 3, "chi2_threshold": 13.931422665512084, "N_raw": 51, "N_roi": 49, "N_inlier": 48, "refit": true}
{"timestamp": "15:40:24.356969", "frame": 84, "mu": [1.4928428681371526, 3.2160167063540177, 0.7504641195099064], "Sigma": [[0.01554523733329829, -0.008915202011479701, -0.038827604748954456], [-0.008915202011479701, 0.007076780914610653, 0.025425496137662817], [-0.038827604748954456, 0.025425496137662817, 0.18866733835877067]], "chi2_level": 0.997, "chi2_df": 3, "chi2_threshold": 13.931422665512084, "N_raw": 40, "N_roi": 40, "N_inlier": 40, "refit": true}
{"timestamp": "15:40:24.411969", "frame": 85, "mu": [1.4509519730645883, 3.3638947407235085, 1.3423219532134807], "Sigma": [[0.01681894058474724, -0.008718910324570107, -0.019933415659177944], [-0.008718910324570107, 0.010858297623537313, 0.03201440529310694], [-0.019933415659177948, 0.03201440529310694, 0.15701316482359362]], "chi2_level": 0.997, "chi2_df": 3, "chi2_threshold": 13.931422665512084, "N_raw": 44, "N_roi": 44, "N_inlier": 44, "refit": true}
{"timestamp": "15:40:24.465192", "frame": 86, "mu": [1.5120874079185118, 3.3468070268169527, 1.0360863215491563], "Sigma": [[0.014593310560440536, -0.005832119720864042, -0.014053605468802716], [-0.0058321197208640405, 0.0034599499101623157, 0.010966379325208869], [-0.014053605468802717, 0.010966379325208869, 0.0873233977767102]], "chi2_level": 0.997, "chi2_df": 3, "chi2_threshold": 13.931422665512084, "N_raw": 39, "N_roi": 39, "N_inlier": 38, "refit": true}
{"timestamp": "15:40:24.519263", "frame": 87, "mu": [1.4806018499622824, 3.4462843037104594, 1.1419268162862626], "Sigma": [[0.008619671756466626, -0.006106778970930243, -0.013404031240493228], [-0.006106778970930243, 0.006178480170336399, 0.00997458339891046], [-0.01340403124049323, 0.00997458339891046, 0.05426654287406581]], "chi2_level": 0.997, "chi2_df": 3, "chi2_threshold": 13.931422665512084, "N_raw": 28, "N_roi": 28, "N_inlier": 28, "refit": true}
{"timestamp": "15:40:24.573920", "frame": 88, "mu": [1.4304628188128752, 3.57062200131377, 1.5373308820187532], "Sigma": [[0.01271443470693852, -0.005394995404273878, -0.008188438547492006], [-0.005394995404273878, 0.004908112705636646, 0.004205863886081076], [-0.008188438547492006, 0.004205863886081076, 0.02407575324094761]], "chi2_level": 0.997, "chi2_df": 3, "chi2_threshold": 13.931422665512084, "N_raw": 29, "N_roi": 27, "N_inlier": 26, "refit": true}
{"timestamp": "15:40:24.627375", "frame": 89, "mu": [1.4004088376448451, 3.6365522918066624, 1.4434645577795417], "Sigma": [[0.010634743980499859, -0.0032286067736686953, -0.0074939382524870785], [-0.0032286067736686953, 0.002901657415549921, 0.0015807532222831926], [-0.0074939382524870785, 0.0015807532222831926, 0.021335941706224604]], "chi2_level": 0.997, "chi2_df": 3, "chi2_threshold": 13.931422665512084, "N_raw": 24, "N_roi": 24, "N_inlier": 23, "refit": true}
{"timestamp": "15:40:24.682267", "frame": 90, "mu": [1.4580388854824209, 3.6262199685950747, 1.3911370656108235], "Sigma": [[0.012674113873560875, -0.004381976094159025, -0.007308084576618228], [-0.004381976094159025, 0.0033476891111843075, 0.0008194200676731122], [-0.007308084576618227, 0.0008194200676731123, 0.007632609187618456]], "chi2_level": 0.997, "chi2_df": 3, "chi2_threshold": 13.931422665512084, "N_raw": 24, "N_roi": 24, "N_inlier": 24, "refit": true}
{"timestamp": "15:40:24.742027", "frame": 91, "mu": [1.5167818508217539, 3.637279379855081, 1.24650021648171], "Sigma": [[0.021984314900246923, -0.006982028451634779, -0.012098115314478635], [-0.006982028451634779, 0.005379640125805006, -1.8545428052934155e-05], [-0.012098115314478637, -1.8545428052934047e-05, 0.013847844089993818]], "chi2_level": 0.997, "chi2_df": 3, "chi2_threshold": 13.931422665512084, "N_raw": 50, "N_roi": 50, "N_inlier": 50, "refit": true}
{"timestamp": "15:40:24.796049", "frame": 92, "mu": [1.483681717221695, 3.693689828955796, 1.3060531603287495], "Sigma": [[0.021861757268912964, -0.008126333696353993, -0.012563931630298883], [-0.008126333696353993, 0.005378632303771269, 0.0021864529705628265], [-0.012563931630298883, 0.0021864529705628265, 0.011443240181510354]], "chi2_level": 0.997, "chi2_df": 3, "chi2_threshold": 13.931422665512084, "N_raw": 41, "N_roi": 41, "N_inlier": 41, "refit": true}
{"timestamp": "15:40:25.067387", "frame": 97, "mu": [1.4826012160141397, 3.929412010155575, 1.2824484163602354], "Sigma": [[0.01616138875632668, -0.00659145573272792, -0.014464132779775981], [-0.00659145573272792, 0.006137636507314931, 0.010079504379260395], [-0.01446413277977598, 0.010079504379260395, 0.022155481247078675]], "chi2_level": 0.997, "chi2_df": 3, "chi2_threshold": 13.931422665512084, "N_raw": 25, "N_roi": 25, "N_inlier": 24, "refit": true}
{"timestamp": "15:40:25.274445", "frame": 100, "mu": [1.5423868734898665, 4.047264154524147, 1.2442330714952266], "Sigma": [[0.010947616681957465, -0.003455582905543685, -0.011789866668161198], [-0.003455582905543685, 0.0027054406796302587, 0.0022357455311564304], [-0.0117898666681612, 0.0022357455311564304, 0.01739850001044807]], "chi2_level": 0.997, "chi2_df": 3, "chi2_threshold": 13.931422665512084, "N_raw": 22, "N_roi": 19, "N_inlier": 19, "refit": true}
{"timestamp": "15:40:25.342573", "frame": 102, "mu": [1.3332947284760086, 4.120593483361417, 1.29811075967215], "Sigma": [[0.017354776945042012, -0.006095152359741543, -0.006797149617739584], [-0.0060951523597415425, 0.004043094890586213, 0.0007714436683648556], [-0.006797149617739582, 0.0007714436683648556, 0.0060168376012657305]], "chi2_level": 0.997, "chi2_df": 3, "chi2_threshold": 13.931422665512084, "N_raw": 23, "N_roi": 23, "N_inlier": 23, "refit": true}
{"timestamp": "15:40:25.396709", "frame": 103, "mu": [1.2703260524995976, 4.154983268385792, 1.520468145715198], "Sigma": [[0.005597324498953258, -0.002393170829119184, -0.004781299332092364], [-0.002393170829119184, 0.005111901896601202, 0.011771262823583433], [-0.004781299332092364, 0.011771262823583435, 0.02897747066712156]], "chi2_level": 0.997, "chi2_df": 3, "chi2_threshold": 13.931422665512084, "N_raw": 9, "N_roi": 9, "N_inlier": 9, "refit": true}
{"timestamp": "15:40:25.616002", "frame": 107, "mu": [1.1884015478384093, 4.319459011383756, 1.4400791765783112], "Sigma": [[0.004031867270455255, -0.0025343121255662774, -0.006769445852829001], [-0.0025343121255662774, 0.005898794004135777, -0.0006182270326198154], [-0.006769445852829001, -0.0006182270326198154, 0.018436883980934928]], "chi2_level": 0.997, "chi2_df": 3, "chi2_threshold": 13.931422665512084, "N_raw": 8, "N_roi": 7, "N_inlier": 7, "refit": true}
{"timestamp": "15:40:25.674451", "frame": 108, "mu": [1.1791513923199881, 4.286080203196827, 1.3678773070453332], "Sigma": [[0.014153217378886208, -0.005365243224661935, -0.005707881400824991], [-0.005365243224661935, 0.006123102028515718, 0.004086029164790436], [-0.005707881400824991, 0.004086029164790436, 0.005417344709567195]], "chi2_level": 0.997, "chi2_df": 3, "chi2_threshold": 13.931422665512084, "N_raw": 32, "N_roi": 32, "N_inlier": 29, "refit": true}
{"timestamp": "15:40:25.835854", "frame": 111, "mu": [1.0591648602501864, 3.990779610995153, 1.2778672132163513], "Sigma": [[0.07978635300650745, 0.30802402125855544, -0.07795579919311153], [0.3080240212585555, 1.2286168841769616, -0.28824470689430903], [-0.07795579919311152, -0.28824470689430903, 0.08230742227248443]], "chi2_level": 0.997, "chi2_df": 3, "chi2_threshold": 13.931422665512084, "N_raw": 7, "N_roi": 7, "N_inlier": 7, "refit": true}
{"timestamp": "15:40:25.892577", "frame": 112, "mu": [1.1783900322677114, 4.2934556580392575, 1.2491571003013604], "Sigma": [[0.007594549958249702, -0.0022258637992939897, -0.005766616515924326], [-0.0022258637992939897, 0.002532065336772915, 0.0011767890030586802], [-0.005766616515924325, 0.0011767890030586802, 0.0060581875617482335]], "chi2_level": 0.997, "chi2_df": 3, "chi2_threshold": 13.931422665512084, "N_raw": 16, "N_roi": 16, "N_inlier": 16, "refit": true}
{"timestamp": "15:40:26.334588", "frame": 120, "mu": [1.126907749694157, 4.3371535392455405, 0.9180871492779252], "Sigma": [[0.01642485475133562, -0.005270349483585833, -0.020282565120839487], [-0.005270349483585833, 0.0036327458959520675, 2.4144144906095184e-05], [-0.020282565120839487, 2.4144144906094317e-05, 0.05785080745798744]], "chi2_level": 0.997, "chi2_df": 3, "chi2_threshold": 13.931422665512084, "N_raw": 34, "N_roi": 32, "N_inlier": 30, "refit": true}
{"timestamp": "15:40:26.388961", "frame": 121, "mu": [1.036755870429771, 4.332500455878835, 1.0958239389591424], "Sigma": [[0.011574831699542447, -0.0016609151884580953, -0.023903882970930136], [-0.0016609151884580953, 0.001569005793408191, -0.00477405685176894], [-0.023903882970930136, -0.00477405685176894, 0.13226027452798853]], "chi2_level": 0.997, "chi2_df": 3, "chi2_threshold": 13.931422665512084, "N_raw": 24, "N_roi": 21, "N_inlier": 20, "refit": true}
{"timestamp": "15:40:26.444061", "frame": 122, "mu": [0.9673241173238347, 4.617983650151954, 0.012861387718995355], "Sigma": [[0.007817186909562956, -0.004170752025965863, 0.0021027619327031316], [-0.004170752025965863, 0.016583837715217854, -0.020549446137728744], [0.002102761932703132, -0.020549446137728744, 0.03389712262977277]], "chi2_level": 0.997, "chi2_df": 3, "chi2_threshold": 13.931422665512084, "N_raw": 24, "N_roi": 21, "N_inlier": 20, "refit": true}
{"timestamp": "15:40:26.495657", "frame": 123, "mu": [0.9802296598187488, 4.345085628259417, 0.8819746522972733], "Sigma": [[0.004229895115978447, -0.0008265646485602715, -0.011760714345207013], [-0.0008265646485602716, 0.009354067511779954, -0.014886882319373513], [-0.011760714345207013, -0.014886882319373516, 0.08883784953459559]], "chi2_level": 0.997, "chi2_df": 3, "chi2_threshold": 13.931422665512084, "N_raw": 8, "N_roi": 8, "N_inlier": 8, "refit": true}
{"timestamp": "15:40:26.553706", "frame": 124, "mu": [1.05340468041877, 4.251601600208275, 0.782739370711098], "Sigma": [[0.012846034623088417, -0.007635444486873321, -0.0015454494609100815], [-0.007635444486873321, 0.007376508405831728, -0.001534892200794891], [-0.0015454494609100815, -0.001534892200794891, 0.0050091119915643915]], "chi2_level": 0.997, "chi2_df": 3, "chi2_threshold": 13.931422665512084, "N_raw": 24, "N_roi": 24, "N_inlier": 23, "refit": true}
{"timestamp": "15:40:26.605787", "frame": 125, "mu": [0.9792920143630666, 4.277186085825059, 0.682751706529451], "Sigma": [[0.009022403185386302, -0.006220098596156407, -0.023988744662595082], [-0.0062200985961564075, 0.007507244711353612, 0.004591184470681319], [-0.023988744662595082, 0.004591184470681318, 0.3087673579634723]], "chi2_level": 0.997, "chi2_df": 3, "chi2_threshold": 13.931422665512084, "N_raw": 8, "N_roi": 8, "N_inlier": 8, "refit": true}
{"timestamp": "15:40:26.666707", "frame": 126, "mu": [0.8524629672442083, 4.330892691741707, 0.8148328871183146], "Sigma": [[0.020233350916069717, -0.009297093334909627, -0.005474791408636319], [-0.009297093334909625, 0.008120857370019085, -0.002496055428057984], [-0.005474791408636319, -0.0024960554280579837, 0.029164638731037883]], "chi2_level": 0.997, "chi2_df": 3, "chi2_threshold": 13.931422665512084, "N_raw": 47, "N_roi": 45, "N_inlier": 42, "refit": true}
{"timestamp": "15:40:26.722152", "frame": 127, "mu": [0.9454519376273338, 4.405870885042745, -0.1579219391585298], "Sigma": [[0.019292941844025392, -0.0088535391515919, -0.00201716857828926], [-0.0088535391515919, 0.009145134670378459, -0.005118702245576482], [-0.002017168578289261, -0.00511870224557648, 0.013019189003293028]], "chi2_level": 0.997, "chi2_df": 3, "chi2_threshold": 13.931422665512084, "N_raw": 43, "N_roi": 43, "N_inlier": 41, "refit": true}
{"timestamp": "15:40:26.781291", "frame": 128, "mu": [0.9381466385753816, 4.26039752756008, -0.2555519720512289], "Sigma": [[0.02200417499403978, -0.0001926882223454335, 0.04104837689829516], [-0.0001926882223454333, 0.010763028711290116, -0.007058108544776719], [0.04104837689829516, -0.00705810854477672, 0.22389153006772025]], "chi2_level": 0.997, "chi2_df": 3, "chi2_threshold": 13.931422665512084, "N_raw": 71, "N_roi": 71, "N_inlier": 70, "refit": true}
{"timestamp": "15:40:26.833077", "frame": 129, "mu": [0.9251143660985862, 4.081155120945599, 0.8884584254149435], "Sigma": [[0.02146875156159389, -0.00603964025742754, -0.014776833579538977], [-0.006039640257427541, 0.0034333959003366027, -0.0003211355351449924], [-0.014776833579538977, -0.00032113553514499213, 0.028469973887015082]], "chi2_level": 0.997, "chi2_df": 3, "chi2_threshold": 13.931422665512084, "N_raw": 49, "N_roi": 49, "N_inlier": 48, "refit": true}
{"timestamp": "15:40:26.890890", "frame": 130, "mu": [0.9125620024545609, 4.038768415456042, 0.5986866906209174], "Sigma": [[0.024483716921149395, -0.006029700571101463, -0.002199997737745478], [-0.006029700571101463, 0.006287857298219349, -0.007044108946950069], [-0.002199997737745478, -0.007044108946950069, 0.05634228414547518]], "chi2_level": 0.997, "chi2_df": 3, "chi2_threshold": 13.931422665512084, "N_raw": 65, "N_roi": 65, "N_inlier": 64, "refit": true}
{"timestamp": "15:40:26.946204", "frame": 131, "mu": [0.9069535646620209, 4.032025763977707, 0.9405253199153765], "Sigma": [[0.02433443853601685, -0.004987866702424822, -0.010482217828755391], [-0.004987866702424822, 0.0037272847153299394, -0.00783522053677277], [-0.010482217828755391, -0.00783522053677277, 0.057677363006788315]], "chi2_level": 0.997, "chi2_df": 3, "chi2_threshold": 13.931422665512084, "N_raw": 74, "N_roi": 74, "N_inlier": 73, "refit": true}
{"timestamp": "15:40:27.000297", "frame": 132, "mu": [0.9045981851321143, 3.9829349571107096, 0.9533667275839256], "Sigma": [[0.016527470503811623, -0.004987262990598658, -0.006275418416223989], [-0.004987262990598658, 0.0026761492112248363, -0.003973949630488135], [-0.006275418416223989, -0.003973949630488135, 0.05776479060232841]], "chi2_level": 0.997, "chi2_df": 3, "chi2_threshold": 13.931422665512084, "N_raw": 62, "N_roi": 54, "N_inlier": 53, "refit": true}
{"timestamp": "15:40:27.053335", "frame": 133, "mu": [0.9614944449981645, 3.920086367440222, 0.8231036833465563], "Sigma": [[0.018976050531326605, -0.004043427942934113, -0.00014240303865111197], [-0.004043427942934113, 0.00218920543243473, -0.002818099786747342], [-0.00014240303865111024, -0.0028180997867473427, 0.04809144835840617]], "chi2_level": 0.997, "chi2_df": 3, "chi2_threshold": 13.931422665512084, "N_raw": 52, "N_roi": 52, "N_inlier": 50, "refit": true}
{"timestamp": "15:40:27.104847", "frame": 134, "mu": [0.9346511425839973, 3.830688343879449, 0.536460330377071], "Sigma": [[0.01618379402464802, -0.0023676306531970896, 0.0023121629740400487], [-0.0023676306531970896, 0.0013593317902122562, 0.002150393685389299], [0.002312162974040049, 0.0021503936853892996, 0.10607850789861668]], "chi2_level": 0.997, "chi2_df": 3, "chi2_threshold": 13.931422665512084, "N_raw": 36, "N_roi": 36, "N_inlier": 35, "refit": true}
{"timestamp": "15:40:27.155984", "frame": 135, "mu": [0.9011608139062001, 3.799839750364975, 0.8466877553032635], "Sigma": [[0.0036269591245920805, 0.0003899882619568989, -0.019028139877314824], [0.0003899882619568989, 0.0012937372747461788, -0.007193477087922008], [-0.019028139877314824, -0.007193477087922008, 0.12722733780847204]], "chi2_level": 0.997, "chi2_df": 3, "chi2_threshold": 13.931422665512084, "N_raw": 8, "N_roi": 8, "N_inlier": 8, "refit": true}
{"timestamp": "15:40:27.219714", "frame": 136, "mu": [0.8734246010156752, 3.77288850331332, 0.8164669903210012], "Sigma": [[0.020421399254288288, -0.005324141639601284, -0.016327806244547844], [-0.0053241416396012835, 0.0031000822930170643, -0.0020026782851378564], [-0.016327806244547844, -0.0020026782851378564, 0.052981261353738436]], "chi2_level": 0.997, "chi2_df": 3, "chi2_threshold": 13.931422665512084, "N_raw": 59, "N_roi": 59, "N_inlier": 57, "refit": true}
{"timestamp": "15:40:27.276216", "frame": 137, "mu": [0.827465249091131, 3.7134774258079752, 0.8685960663799194], "Sigma": [[0.020324143342682816, -0.004878394036285837, 0.0037135480947999757], [-0.004878394036285837, 0.002624089865580317, -0.005728294688775561], [0.0037135480947999757, -0.005728294688775563, 0.050219341491370736]], "chi2_level": 0.997, "chi2_df": 3, "chi2_threshold": 13.931422665512084, "N_raw": 67, "N_roi": 67, "N_inlier": 64, "refit": true}
{"timestamp": "15:40:27.330335", "frame": 138, "mu": [0.886059169441968, 3.645847519826409, 0.7313174805519701], "Sigma": [[0.025926788412439256, -0.005834219382643717, -0.018912888794737272], [-0.005834219382643717, 0.0036943307103848525, 0.0020698645353832918], [-0.018912888794737272, 0.0020698645353832918, 0.04661256481036674]], "chi2_level": 0.997, "chi2_df": 3, "chi2_threshold": 13.931422665512084, "N_raw": 59, "N_roi": 59, "N_inlier": 57, "refit": true}
{"timestamp": "15:40:27.386302", "frame": 139, "mu": [0.8372399905003292, 3.656484372705503, -0.9881549765114336], "Sigma": [[0.028490855495665074, 0.011789867929582368, 0.02078998457525305], [0.011789867929582368, 0.013486309229847232, 0.012956539222145796], [0.02078998457525305, 0.012956539222145798, 0.10907619571680856]], "chi2_level": 0.997, "chi2_df": 3, "chi2_threshold": 13.931422665512084, "N_raw": 69, "N_roi": 69, "N_inlier": 67, "refit": true}
{"timestamp": "15:40:27.442291", "frame": 140, "mu": [0.840849391519684, 3.717462504062701, -0.3972565982700587], "Sigma": [[0.030849492718948185, 0.0003239800416138625, -0.0019426641626251913], [0.00032398004161386315, 0.009206658934554876, -0.010727782455738431], [-0.0019426641626251915, -0.010727782455738431, 0.07326356989652333]], "chi2_level": 0.997, "chi2_df": 3, "chi2_threshold": 13.931422665512084, "N_raw": 73, "N_roi": 73, "N_inlier": 70, "refit": true}
{"timestamp": "15:40:27.492776", "frame": 141, "mu": [0.8015136425441007, 3.461401959505303, 0.9332732170376377], "Sigma": [[0.015911397308304445, -0.002363367977805456, -0.008997238648721356], [-0.0023633679778054554, 0.0009270187381132652, -0.0010568165724087926], [-0.008997238648721356, -0.0010568165724087926, 0.07151896339002581]], "chi2_level": 0.997, "chi2_df": 3, "chi2_threshold": 13.931422665512084, "N_raw": 47, "N_roi": 47, "N_inlier": 45, "refit": true}
{"timestamp": "15:40:27.546215", "frame": 142, "mu": [0.9247678430728284, 3.4354163302610177, 0.5987989696027927], "Sigma": [[0.01507569095722044, -0.004891997230772096, -0.0061800345478059925], [-0.004891997230772096, 0.0092640967561661, -0.015353413250372983], [-0.006180034547805993, -0.015353413250372983, 0.06831108778453826]], "chi2_level": 0.997, "chi2_df": 3, "chi2_threshold": 13.931422665512084, "N_raw": 35, "N_roi": 35, "N_inlier": 34, "refit": true}
{"timestamp": "15:40:27.606806", "frame": 143, "mu": [0.8980914649511538, 3.373215348147565, 0.8875583959043766], "Sigma": [[0.020013294068841066, -0.009830092096135747, -0.03475817450344709], [-0.009830092096135749, 0.007343465826200152, 0.020837392598505172], [-0.03475817450344709, 0.02083739259850517, 0.14693332138035126]], "chi2_level": 0.997, "chi2_df": 3, "chi2_threshold": 13.931422665512084, "N_raw": 74, "N_roi": 74, "N_inlier": 72, "refit": true}
{"timestamp": "15:40:27.659364", "frame": 144, "mu": [0.9261979065947202, 3.2819994871897307, 0.7503221565164713], "Sigma": [[0.030484183646918316, -0.010001824669813784, -0.05471589794221915], [-0.010001824669813784, 0.008788818114697752, 0.003855934211809172], [-0.05471589794221915, 0.003855934211809171, 0.18523643508110463]], "chi2_level": 0.997, "chi2_df": 3, "chi2_threshold": 13.931422665512084, "N_raw": 55, "N_roi": 55, "N_inlier": 54, "refit": true}
{"timestamp": "15:40:27.715284", "frame": 145, "mu": [0.8584222727393656, 3.232686684525927, 0.8746574482783492], "Sigma": [[0.020057108632792107, -0.003441614977261578, -0.01271934266021884], [-0.003441614977261578, 0.0023404920626243376, -0.0012078331787972866], [-0.01271934266021884, -0.0012078331787972866, 0.03617334681262751]], "chi2_level": 0.997, "chi2_df": 3, "chi2_threshold": 13.931422665512084, "N_raw": 64, "N_roi": 64, "N_inlier": 62, "refit": true}
{"timestamp": "15:40:27.771557", "frame": 146, "mu": [0.906609332658495, 3.384690912594565, -0.4306390452313117], "Sigma": [[0.029105723756840854, -0.0017945473351159082, -0.017650764566959458], [-0.0017945473351159082, 0.0048546727006526175, -0.004712645081347331], [-0.017650764566959458, -0.004712645081347331, 0.021476251698862907]], "chi2_level": 0.997, "chi2_df": 3, "chi2_threshold": 13.931422665512084, "N_raw": 73, "N_roi": 73, "N_inlier": 72, "refit": true}
{"timestamp": "15:40:27.824360", "frame": 147, "mu": [0.8549592204286147, 3.3208671552729703, -0.3281541300020251], "Sigma": [[0.016954897237606157, 8.758058886409258e-05, -0.01811798539277193], [8.758058886409277e-05, 0.004525087340151978, -0.011294146611241326], [-0.01811798539277193, -0.011294146611241326, 0.049451108523758405]], "chi2_level": 0.997, "chi2_df": 3, "chi2_threshold": 13.931422665512084, "N_raw": 56, "N_roi": 56, "N_inlier": 53, "refit": true}
{"timestamp": "15:40:27.880550", "frame": 148, "mu": [0.8586666307014237, 3.2996428377844405, -0.3916313213183836], "Sigma": [[0.01711012539720464, -0.0018089967577426041, -0.01456187913471074], [-0.0018089967577426041, 0.008430825824722078, -0.01822072010241889], [-0.014561879134710742, -0.018220720102418885, 0.06537138211747712]], "chi2_level": 0.997, "chi2_df": 3, "chi2_threshold": 13.931422665512084, "N_raw": 64, "N_roi": 64, "N_inlier": 62, "refit": true}
{"timestamp": "15:40:27.933323", "frame": 149, "mu": [0.8968041760330805, 3.256195481346097, -0.48896257762891177], "Sigma": [[0.012639798177276201, -0.00021310505172521656, 0.0012645157099556482], [-0.00021310505172521688, 0.01061951955241893, -0.02653464020245986], [0.0012645157099556476, -0.02653464020245986, 0.11399951200953798]], "chi2_level": 0.997, "chi2_df": 3, "chi2_threshold": 13.931422665512084, "N_raw": 49, "N_roi": 49, "N_inlier": 48, "refit": true}
{"timestamp": "15:40:27.990660", "frame": 150, "mu": [0.7976094746087232, 2.995424434609202, 0.9108391505784716], "Sigma": [[0.015019875059663727, -0.005015161835734454, -0.0015972493583327133], [-0.005015161835734454, 0.004627747910127204, -0.003968169753948739], [-0.0015972493583327149, -0.003968169753948739, 0.0556499669614509]], "chi2_level": 0.997, "chi2_df": 3, "chi2_threshold": 13.931422665512084, "N_raw": 69, "N_roi": 69, "N_inlier": 66, "refit": true}
{"timestamp": "15:40:28.039336", "frame": 151, "mu": [0.7834873501952775, 2.9653015874427826, 0.5859094721676306], "Sigma": [[0.006476291723607642, -9.412199824796843e-05, -0.01534297079224479], [-9.412199824796833e-05, 0.009370205329008558, -0.04472921828362374], [-0.015342970792244792, -0.04472921828362374, 0.3895432287705638]], "chi2_level": 0.997, "chi2_df": 3, "chi2_threshold": 13.931422665512084, "N_raw": 24, "N_roi": 24, "N_inlier": 23, "refit": true}
{"timestamp": "15:40:28.098591", "frame": 152, "mu": [0.8438154695751476, 3.024321926145631, -0.19761834347010457], "Sigma": [[0.01322469654601927, -0.0029693824596622896, -0.005058156998310002], [-0.0029693824596622896, 0.006392286575325147, -0.01097252105256381], [-0.005058156998310002, -0.010972521052563812, 0.03649250145421233]], "chi2_level": 0.997, "chi2_df": 3, "chi2_threshold": 13.931422665512084, "N_raw": 63, "N_roi": 63, "N_inlier": 59, "refit": true}
{"timestamp": "15:40:28.155281", "frame": 153, "mu": [0.9235580329318962, 2.8392227815142017, 0.8614277036878815], "Sigma": [[0.017388245976709713, -0.00780544702662734, -0.0016099161115968128], [-0.007805447026627339, 0.008227996661891676, -0.012743912995347936], [-0.0016099161115968133, -0.012743912995347936, 0.05080239915070932]], "chi2_level": 0.997, "chi2_df": 3, "chi2_threshold": 13.931422665512084, "N_raw": 62, "N_roi": 62, "N_inlier": 59, "refit": true}
{"timestamp": "15:40:28.209441", "frame": 154, "mu": [0.8790134796499116, 3.1943600609765244, -0.4820929489810952], "Sigma": [[0.024169392251784626, 0.0004016920610865203, 0.003037668811508379], [0.0004016920610865199, 0.06905250569686447, 0.007714145165068243], [0.00303766881150838, 0.0077141451650682424, 0.09404416723869363]], "chi2_level": 0.997, "chi2_df": 3, "chi2_threshold": 13.931422665512084, "N_raw": 61, "N_roi": 61, "N_inlier": 60, "refit": true}
{"timestamp": "15:40:28.267225", "frame": 155, "mu": [0.9163310334713847, 2.7094207729892954, 0.9636912895964123], "Sigma": [[0.014976635905073123, -0.004326720330443747, -0.006041914823260967], [-0.004326720330443746, 0.0233672977689172, 0.016699480283675246], [-0.006041914823260967, 0.01669948028367525, 0.05090422005735349]], "chi2_level": 0.997, "chi2_df": 3, "chi2_threshold": 13.931422665512084, "N_raw": 75, "N_roi": 75, "N_inlier": 67, "refit": true}
{"timestamp": "15:40:28.319584", "frame": 156, "mu": [0.887861137141839, 2.808352136081676, -0.42481783747332375], "Sigma": [[0.017906785726938764, -0.0029921545848203253, -0.007074328621644671], [-0.0029921545848203253, 0.003343911740255041, -0.005801848271076186], [-0.007074328621644671, -0.005801848271076186, 0.029196365695301842]], "chi2_level": 0.997, "chi2_df": 3, "chi2_threshold": 13.931422665512084, "N_raw": 63, "N_roi": 63, "N_inlier": 60, "refit": true}
{"timestamp": "15:40:28.378370", "frame": 157, "mu": [0.9713752505644523, 2.5433962622476525, 0.860781361779414], "Sigma": [[0.018954231303133673, -0.005108393157476647, -0.004135158062713885], [-0.005108393157476647, 0.0035669608204673122, -0.003003180017176617], [-0.004135158062713886, -0.0030031800171766167, 0.019937264200592074]], "chi2_level": 0.997, "chi2_df": 3, "chi2_threshold": 13.931422665512084, "N_raw": 78, "N_roi": 78, "N_inlier": 74, "refit": true}
