{"timestamp": "15:27:27.910872", "frame": 32, "mu": [1.212543537996174, 0.6868790136401686, -0.2832132741061592], "Sigma": [[0.0028257037752151028, -0.00190660232025448, -0.001422774377583605], [-0.00190660232025448, 0.004507834204265883, 0.0012346570691483087], [-0.001422774377583605, 0.0012346570691483087, 0.0008353840404810808]], "chi2_level": 0.997, "chi2_df": 3, "chi2_threshold": 13.931422665512084, "N_raw": 20, "N_roi": 20, "N_inlier": 19, "refit": true}
{"timestamp": "15:27:27.968610", "frame": 33, "mu": [1.1971517880357776, 0.5744812743484655, 1.504913685420302], "Sigma": [[0.00520565733619056, -0.002254159071284054, -0.003841499674955059], [-0.002254159071284054, 0.0034839893030087134, 0.0009546112452084644], [-0.003841499674955059, 0.0009546112452084644, 0.004232918691367473]], "chi2_level": 0.997, "chi2_df": 3, "chi2_threshold": 13.931422665512084, "N_raw": 23, "N_roi": 23, "N_inlier": 22, "refit": true}
{"timestamp": "15:27:28.026803", "frame": 34, "mu": [1.2027141411492874, 0.5939622071250645, 1.4544827178248805], "Sigma": [[0.009379827691599243, -0.004247091771319409, -0.006805063076888878], [-0.004247091771319409, 0.0047081857867784654, 0.001553410059571032], [-0.006805063076888878, 0.0015534100595710322, 0.006393255315000048]], "chi2_level": 0.997, "chi2_df": 3, "chi2_threshold": 13.931422665512084, "N_raw": 45, "N_roi": 45, "N_inlier": 43, "refit": true}
{"timestamp": "15:27:28.082381", "frame": 35, "mu": [1.138116764530778, 0.585120564177065, 1.4203507679380296], "Sigma": [[0.00665711959425028, -0.0019425632990310226, -0.011081120433356576], [-0.0019425632990310222, 0.003158478001787525, -2.4132766616976773e-05], [-0.011081120433356576, -2.41327666169771e-05, 0.034040803560172875]], "chi2_level": 0.997, "chi2_df": 3, "chi2_threshold": 13.931422665512084, "N_raw": 41, "N_roi": 41, "N_inlier": 40, "refit": true}
{"timestamp": "15:27:28.134045", "frame": 36, "mu": [1.0660588646717626, 0.6067560669773526, 1.5191148337325295], "Sigma": [[0.0022932084226400117, -0.00020834185532121302, -0.00177581277474741], [-0.00020834185532121302, 0.0017472181420058722, -0.0007001598691640796], [-0.00177581277474741, -0.0007001598691640796, 0.002874679147427712]], "chi2_level": 0.997, "chi2_df": 3, "chi2_threshold": 13.931422665512084, "N_raw": 24, "N_roi": 24, "N_inlier": 21, "refit": true}
{"timestamp": "15:27:28.187393", "frame": 37, "mu": [1.0043458433007455, 0.6088947153277295, 1.437195379736308], "Sigma": [[0.015556475809142488, -0.007757147940186832, -0.04492068846225187], [-0.007757147940186831, 0.00628947426747959, 0.025062967726291338], [-0.04492068846225187, 0.025062967726291338, 0.1635748333479235]], "chi2_level": 0.997, "chi2_df": 3, "chi2_threshold": 13.931422665512084, "N_raw": 18, "N_roi": 18, "N_inlier": 16, "refit": true}
{"timestamp": "15:27:28.245475", "frame": 38, "mu": [0.8722924662404264, 0.695440809066576, 1.51229983328895], "Sigma": [[0.004331953208126807, -0.0016920790530563178, -0.002875583996337278], [-0.0016920790530563178, 0.00463369578788813, 0.0003075171304982142], [-0.002875583996337278, 0.0003075171304982142, 0.003201471388230842]], "chi2_level": 0.997, "chi2_df": 3, "chi2_threshold": 13.931422665512084, "N_raw": 39, "N_roi": 39, "N_inlier": 38, "refit": true}
{"timestamp": "15:27:28.297165", "frame": 39, "mu": [0.9042068917247335, 0.632370562322508, 1.1806841166155135], "Sigma": [[0.009379077647415418, 0.0007912578601302935, 0.013048405971263537], [0.0007912578601302932, 0.00405801608036728, 0.031699112469104944], [0.013048405971263534, 0.031699112469104944, 0.27033076662165895]], "chi2_level": 0.997, "chi2_df": 3, "chi2_threshold": 13.931422665512084, "N_raw": 8, "N_roi": 8, "N_inlier": 8, "refit": true}
{"timestamp": "15:27:28.358565", "frame": 40, "mu": [0.8185447225941253, 0.6883363374818187, 1.4522842283897592], "Sigma": [[0.007143389050406097, -0.00047232152681111225, -0.007006941593608849], [-0.00047232152681111225, 0.0030919563101616415, -0.0014725405628578637], [-0.007006941593608849, -0.0014725405628578637, 0.00905922008438936]], "chi2_level": 0.997, "chi2_df": 3, "chi2_threshold": 13.931422665512084, "N_raw": 62, "N_roi": 62, "N_inlier": 61, "refit": true}
{"timestamp": "15:27:28.414194", "frame": 41, "mu": [0.7322061523302417, 0.6996484068352208, 1.4733034553651816], "Sigma": [[0.005226368240463841, 0.00086144852973151, -0.004598480789735687], [0.0008614485297315101, 0.002845187182723088, -0.0023684268554276236], [-0.004598480789735687, -0.0023684268554276236, 0.005464102331005497]], "chi2_level": 0.997, "chi2_df": 3, "chi2_threshold": 13.931422665512084, "N_raw": 60, "N_roi": 60, "N_inlier": 59, "refit": true}
{"timestamp": "15:27:28.468249", "frame": 42, "mu": [0.6856391773451573, 0.6908736947770951, 1.4650932085982473], "Sigma": [[0.0037457942716688604, -1.5513531580240938e-05, -0.0023562633898744937], [-1.551353158024083e-05, 0.001903071233214217, -0.0015024880037599162], [-0.002356263389874494, -0.001502488003759916, 0.0030994014842154706]], "chi2_level": 0.997, "chi2_df": 3, "chi2_threshold": 13.931422665512084, "N_raw": 49, "N_roi": 49, "N_inlier": 49, "refit": true}
{"timestamp": "15:27:28.518123", "frame": 43, "mu": [0.6404036451219245, 0.7024388108834273, 1.4364349747834273], "Sigma": [[0.003961703863262377, -0.001971691662142407, -0.00829389905467179], [-0.001971691662142407, 0.0038199938112295235, 0.008305356134996425], [-0.00829389905467179, 0.008305356134996425, 0.029287905044025352]], "chi2_level": 0.997, "chi2_df": 3, "chi2_threshold": 13.931422665512084, "N_raw": 22, "N_roi": 22, "N_inlier": 22, "refit": true}
{"timestamp": "15:27:28.571201", "frame": 44, "mu": [0.6403289754459331, 0.6314331304131612, 1.453456068272654], "Sigma": [[0.0029522816285741616, 0.0007177411627479859, -0.0037534024518367623], [0.0007177411627479859, 0.0004424017326232248, -0.0009347148960465728], [-0.0037534024518367623, -0.0009347148960465728, 0.00488701968138629]], "chi2_level": 0.997, "chi2_df": 3, "chi2_threshold": 13.931422665512084, "N_raw": 7, "N_roi": 7, "N_inlier": 7, "refit": true}
{"timestamp": "15:27:28.629628", "frame": 45, "mu": [0.5608291843898641, 0.6351645294050932, 1.4859616094754164], "Sigma": [[0.0025584607239218316, -0.0009005346863687977, -0.0022294696908410354], [-0.0009005346863687977, 0.0010204056016443566, 5.2483131373457474e-05], [-0.0022294696908410354, 5.248313137345749e-05, 0.0036997925941630386]], "chi2_level": 0.997, "chi2_df": 3, "chi2_threshold": 13.931422665512084, "N_raw": 28, "N_roi": 28, "N_inlier": 28, "refit": true}
{"timestamp": "15:27:28.685851", "frame": 46, "mu": [0.4845949298359219, 0.655066590409002, 1.4998699560915412], "Sigma": [[0.0027211401761351446, 5.812022126140426e-05, -0.0015608412706997535], [5.812022126140425e-05, 0.0010731497023170778, -0.0009689792016514846], [-0.0015608412706997535, -0.0009689792016514846, 0.0024066864519263556]], "chi2_level": 0.997, "chi2_df": 3, "chi2_threshold": 13.931422665512084, "N_raw": 44, "N_roi": 44, "N_inlier": 42, "refit": true}
{"timestamp": "15:27:28.741661", "frame": 47, "mu": [0.4584951836036223, 0.633102390095898, 1.4044501589791514], "Sigma": [[0.004568933781778527, -0.001955987368828112, -0.016424166555807515], [-0.001955987368828112, 0.0032394628680160135, 0.01644531141165989], [-0.016424166555807515, 0.01644531141165989, 0.1318736799421916]], "chi2_level": 0.997, "chi2_df": 3, "chi2_threshold": 13.931422665512084, "N_raw": 37, "N_roi": 37, "N_inlier": 35, "refit": true}
{"timestamp": "15:27:28.799026", "frame": 48, "mu": [0.40213897204955934, 0.7601575523466736, -0.3675157918685639], "Sigma": [[0.002107223800502114, 0.0015171354845696736, 0.0011204703828426262], [0.0015171354845696739, 0.0036835267660342104, 0.0008004251001395175], [0.0011204703828426262, 0.0008004251001395177, 0.00945028513198953]], "chi2_level": 0.997, "chi2_df": 3, "chi2_threshold": 13.931422665512084, "N_raw": 59, "N_roi": 57, "N_inlier": 55, "refit": true}
{"timestamp": "15:27:28.851882", "frame": 49, "mu": [0.31847823631058625, 0.6516678448413419, 1.4653107204739055], "Sigma": [[0.0034055690102948195, -0.0010124911986073174, -0.0035791333737062], [-0.0010124911986073171, 0.0018923791095020901, 0.000559370737024423], [-0.0035791333737062, 0.000559370737024423, 0.0051413599558439065]], "chi2_level": 0.997, "chi2_df": 3, "chi2_threshold": 13.931422665512084, "N_raw": 48, "N_roi": 48, "N_inlier": 45, "refit": true}
{"timestamp": "15:27:28.907031", "frame": 50, "mu": [0.28736710747194105, 0.6303679039431076, 1.4375318678612037], "Sigma": [[0.002579495253474143, -0.00036844634083890856, -0.002947259314273483], [-0.00036844634083890856, 0.001133656543594969, -0.0005008003595218958], [-0.002947259314273483, -0.0005008003595218958, 0.004508586146955187]], "chi2_level": 0.997, "chi2_df": 3, "chi2_threshold": 13.931422665512084, "N_raw": 47, "N_roi": 47, "N_inlier": 44, "refit": true}
{"timestamp": "15:27:28.963931", "frame": 51, "mu": [0.2239779013796266, 0.6164615911071893, 1.4079047450713906], "Sigma": [[0.0033619863739972724, -0.001645516432090944, -0.007391802770054885], [-0.001645516432090944, 0.0024006805590651506, 0.0038405951045600495], [-0.007391802770054885, 0.0038405951045600495, 0.019536071272738306]], "chi2_level": 0.997, "chi2_df": 3, "chi2_threshold": 13.931422665512084, "N_raw": 54, "N_roi": 53, "N_inlier": 49, "refit": true}
{"timestamp": "15:27:29.024052", "frame": 52, "mu": [0.18617961153346013, 0.5677320336103795, 1.2088595387363819], "Sigma": [[0.0030085479513006896, -0.0028521165948164704, -0.010603748335376426], [-0.0028521165948164704, 0.016186432468763275, 0.05963767924895156], [-0.010603748335376426, 0.05963767924895156, 0.25384447713510105]], "chi2_level": 0.997, "chi2_df": 3, "chi2_threshold": 13.931422665512084, "N_raw": 87, "N_roi": 87, "N_inlier": 84, "refit": true}
{"timestamp": "15:27:29.082376", "frame": 53, "mu": [0.10194555834975531, 0.6489923964528784, 0.3115851382409903], "Sigma": [[0.004548516199760876, -0.002317585742763858, 0.048391328486766666], [-0.002317585742763858, 0.007513702243476449, -0.046001161967887914], [0.048391328486766666, -0.046001161967887914, 0.7891928308139968]], "chi2_level": 0.997, "chi2_df": 3, "chi2_threshold": 13.931422665512084, "N_raw": 120, "N_roi": 120, "N_inlier": 117, "refit": true}
{"timestamp": "15:27:29.134672", "frame": 54, "mu": [0.049382180688531944, 0.6124690207573695, 1.3924657708931447], "Sigma": [[0.0017824748361876762, -0.000980281420873908, -0.0029381721851995534], [-0.0009802814208739077, 0.0020221867692920806, -0.0010789271854422945], [-0.002938172185199554, -0.0010789271854422945, 0.012895756753579141]], "chi2_level": 0.997, "chi2_df": 3, "chi2_threshold": 13.931422665512084, "N_raw": 87, "N_roi": 87, "N_inlier": 84, "refit": true}
{"timestamp": "15:27:29.185865", "frame": 55, "mu": [0.005729200290433657, 0.5866489209502622, 1.2983286738368227], "Sigma": [[0.001481781578025044, -0.0007376083189090693, -0.0004096167925396276], [-0.0007376083189090693, 0.005984304118647661, -0.0021653107164187405], [-0.0004096167925396276, -0.0021653107164187405, 0.0012478706933674326]], "chi2_level": 0.997, "chi2_df": 3, "chi2_threshold": 13.931422665512084, "N_raw": 61, "N_roi": 61, "N_inlier": 60, "refit": true}
{"timestamp": "15:27:29.235330", "frame": 56, "mu": [-0.08102788195078467, 0.5654009973023592, 1.2727190029885302], "Sigma": [[0.0007379171251307891, -0.0008478864165933261, -0.0005378587836271599], [-0.000847886416593326, 0.0029737067770384904, -6.975544268678573e-05], [-0.0005378587836271599, -6.975544268678573e-05, 0.010007584306038965]], "chi2_level": 0.997, "chi2_df": 3, "chi2_threshold": 13.931422665512084, "N_raw": 28, "N_roi": 28, "N_inlier": 28, "refit": true}
{"timestamp": "15:27:29.300729", "frame": 57, "mu": [-0.14310002902453828, 0.6205051751695337, 1.4550632821248288], "Sigma": [[0.0036617807853307283, -0.0016287232998859864, -0.006441112333068846], [-0.0016287232998859864, 0.0024726734405579927, 0.00022120663903395156], [-0.006441112333068846, 0.0002212066390339515, 0.019222292420860786]], "chi2_level": 0.997, "chi2_df": 3, "chi2_threshold": 13.931422665512084, "N_raw": 107, "N_roi": 107, "N_inlier": 105, "refit": true}
{"timestamp": "15:27:29.353398", "frame": 58, "mu": [-0.22062199699037827, 0.6302474551811686, 1.5055354256399807], "Sigma": [[0.0016178665282764312, -0.0009496062240188837, -6.032645319672996e-06], [-0.0009496062240188837, 0.0029175284157380446, -0.0032125748890846255], [-6.032645319672969e-06, -0.003212574889084626, 0.004932439546662876]], "chi2_level": 0.997, "chi2_df": 3, "chi2_threshold": 13.931422665512084, "N_raw": 79, "N_roi": 79, "N_inlier": 76, "refit": true}
{"timestamp": "15:27:29.404921", "frame": 59, "mu": [-0.2914677082264178, 0.7234320447345778, -0.270234391215305], "Sigma": [[0.002304191469528492, -0.0007835786856702504, -0.0012587021896801774], [-0.0007835786856702504, 0.0026350011312846, -0.0013744337208329753], [-0.0012587021896801774, -0.0013744337208329751, 0.002556450708624685]], "chi2_level": 0.997, "chi2_df": 3, "chi2_threshold": 13.931422665512084, "N_raw": 60, "N_roi": 60, "N_inlier": 57, "refit": true}
{"timestamp": "15:27:29.460232", "frame": 60, "mu": [-0.325259014981486, 0.6035578199825473, 1.4721476396721862], "Sigma": [[0.0022220817799962216, -0.0016763435056477598, -0.0037055406504518515], [-0.0016763435056477596, 0.0023398100458011366, 0.0017476913317607133], [-0.0037055406504518515, 0.001747691331760713, 0.01739230412312821]], "chi2_level": 0.997, "chi2_df": 3, "chi2_threshold": 13.931422665512084, "N_raw": 66, "N_roi": 66, "N_inlier": 66, "refit": true}
{"timestamp": "15:27:29.513921", "frame": 61, "mu": [-0.43243578874955074, 0.6174150346644705, 1.5172032704926073], "Sigma": [[0.01131109147579954, 0.0011491937761685658, -0.006467737334540846], [0.0011491937761685658, 0.0020078260045736434, -0.0022807051740092155], [-0.006467737334540846, -0.0022807051740092155, 0.006496316864602327]], "chi2_level": 0.997, "chi2_df": 3, "chi2_threshold": 13.931422665512084, "N_raw": 62, "N_roi": 62, "N_inlier": 58, "refit": true}
{"timestamp": "15:27:29.578341", "frame": 62, "mu": [-0.43927894632637504, 0.6082416564901852, 1.445534362142704], "Sigma": [[0.015657998972223454, 0.0011689000470438515, -0.016605116225336152], [0.0011689000470438515, 0.0030197584905505863, -0.0028321069913344625], [-0.016605116225336152, -0.0028321069913344625, 0.024116538307191578]], "chi2_level": 0.997, "chi2_df": 3, "chi2_threshold": 13.931422665512084, "N_raw": 116, "N_roi": 116, "N_inlier": 114, "refit": true}
{"timestamp": "15:27:29.637511", "frame": 63, "mu": [-0.5725304783315047, 0.5915633200288497, 1.5291607120635478], "Sigma": [[0.025880050999678425, 0.004164576971654768, -0.025636791129240027], [0.0041645769716547685, 0.004240566639236267, -0.005462373243888891], [-0.02563679112924003, -0.005462373243888891, 0.030615202543370412]], "chi2_level": 0.997, "chi2_df": 3, "chi2_threshold": 13.931422665512084, "N_raw": 145, "N_roi": 143, "N_inlier": 140, "refit": true}
{"timestamp": "15:27:29.679213", "frame": 64, "mu": [-0.4661641961658015, 0.5966016543543592, 1.3210991134196197], "Sigma": [[0.0022751630098359825, -0.002741158080542419, -0.0011012233869731134], [-0.002741158080542419, 0.004487464847452094, 5.275808290396863e-05], [-0.0011012233869731136, 5.27580829039686e-05, 0.0026313470026452608]], "chi2_level": 0.997, "chi2_df": 3, "chi2_threshold": 13.931422665512084, "N_raw": 50, "N_roi": 50, "N_inlier": 44, "refit": true}
{"timestamp": "15:27:29.732519", "frame": 65, "mu": [-0.8147420689188092, 0.602708786309902, -0.1575024675503529], "Sigma": [[0.009952689828657971, 0.004877315509261567, -0.0024525204918228387], [0.004877315509261567, 0.00809027803789756, -0.002302860614750531], [-0.0024525204918228387, -0.002302860614750531, 0.004362365457431999]], "chi2_level": 0.997, "chi2_df": 3, "chi2_threshold": 13.931422665512084, "N_raw": 46, "N_roi": 46, "N_inlier": 46, "refit": true}
{"timestamp": "15:27:29.785025", "frame": 66, "mu": [-0.8689665157457611, 0.5262480821497274, 1.6865806134517023], "Sigma": [[0.005186606429923249, 0.0016757531451565466, -0.002538564637237169], [0.0016757531451565464, 0.0035840634287881484, -0.0026244507195425978], [-0.002538564637237169, -0.002624450719542598, 0.003269982377343489]], "chi2_level": 0.997, "chi2_df": 3, "chi2_threshold": 13.931422665512084, "N_raw": 31, "N_roi": 30, "N_inlier": 29, "refit": true}
{"timestamp": "15:27:29.843082", "frame": 67, "mu": [-0.8768949473536739, 0.526585349875871, 1.653922152523284], "Sigma": [[0.006203747336311684, 0.0019580293553116026, -0.0028752460937699867], [0.0019580293553116026, 0.00425914572136964, -0.004566472233109688], [-0.0028752460937699867, -0.004566472233109688, 0.00570886184283358]], "chi2_level": 0.997, "chi2_df": 3, "chi2_threshold": 13.931422665512084, "N_raw": 55, "N_roi": 55, "N_inlier": 53, "refit": true}
{"timestamp": "15:27:29.900939", "frame": 68, "mu": [-0.9365540560364023, 0.5404548869308126, 1.6814875897155825], "Sigma": [[0.007272121791303995, -1.9642511994201456e-05, -0.0020565555338502746], [-1.9642511994201456e-05, 0.004670557647747203, -0.003369588573826152], [-0.0020565555338502746, -0.003369588573826152, 0.0034183111787007524]], "chi2_level": 0.997, "chi2_df": 3, "chi2_threshold": 13.931422665512084, "N_raw": 68, "N_roi": 68, "N_inlier": 66, "refit": true}
{"timestamp": "15:27:29.956473", "frame": 69, "mu": [-0.8795856170457088, 0.481310564101182, 1.4883920274805862], "Sigma": [[0.009245551582765129, 0.0011431686984494684, -0.0008831203812351145], [0.0011431686984494684, 0.003503723755602344, -0.0026319190492947214], [-0.0008831203812351145, -0.0026319190492947214, 0.0025700420475845143]], "chi2_level": 0.997, "chi2_df": 3, "chi2_threshold": 13.931422665512084, "N_raw": 78, "N_roi": 78, "N_inlier": 78, "refit": true}
{"timestamp": "15:27:30.011787", "frame": 70, "mu": [-0.9663513516023674, 0.5418407900155986, 1.55920885954677], "Sigma": [[0.008113206443462277, -0.0019224440826790617, -0.0024517492824327695], [-0.001922444082679062, 0.005394669335067051, -0.0019060280721814684], [-0.0024517492824327695, -0.0019060280721814684, 0.0030498249916086424]], "chi2_level": 0.997, "chi2_df": 3, "chi2_threshold": 13.931422665512084, "N_raw": 70, "N_roi": 70, "N_inlier": 70, "refit": true}
{"timestamp": "15:27:30.064715", "frame": 71, "mu": [-1.0382817373380904, 0.5812458686124977, 1.5772628459431097], "Sigma": [[0.007321943991428114, -0.00031916411558089873, -0.0012292445358568513], [-0.00031916411558089884, 0.0034484884547205893, -0.0023860126630102247], [-0.0012292445358568513, -0.0023860126630102247, 0.0038593020787094047]], "chi2_level": 0.997, "chi2_df": 3, "chi2_threshold": 13.931422665512084, "N_raw": 59, "N_roi": 59, "N_inlier": 57, "refit": true}
{"timestamp": "15:27:30.118101", "frame": 72, "mu": [-1.1020650333017339, 0.5054320976646952, 1.522942066316718], "Sigma": [[0.004782075117602307, 0.0020735991552101956, 0.0009463757954153571], [0.002073599155210195, 0.003979681575912111, -0.0037950138153225454], [0.0009463757954153572, -0.0037950138153225454, 0.010677361400763257]], "chi2_level": 0.997, "chi2_df": 3, "chi2_threshold": 13.931422665512084, "N_raw": 58, "N_roi": 58, "N_inlier": 54, "refit": true}
{"timestamp": "15:27:30.176275", "frame": 73, "mu": [-1.115990834683409, 0.46058413130563713, 1.5047727304145755], "Sigma": [[0.006965326032059158, 0.00120114516219684, -0.000575256947936263], [0.00120114516219684, 0.005411262867174654, -0.004291677318459608], [-0.0005752569479362631, -0.004291677318459608, 0.0043133030479976095]], "chi2_level": 0.997, "chi2_df": 3, "chi2_threshold": 13.931422665512084, "N_raw": 65, "N_roi": 65, "N_inlier": 60, "refit": true}
{"timestamp": "15:27:30.231074", "frame": 74, "mu": [-1.1357353234816774, 0.482202169157132, 1.5036738184129264], "Sigma": [[0.00873163525848792, 0.0023626547353313896, -0.0006345616260123711], [0.0023626547353313896, 0.005567126087745582, -0.004370991462909069], [-0.0006345616260123711, -0.004370991462909069, 0.004644130838617556]], "chi2_level": 0.997, "chi2_df": 3, "chi2_threshold": 13.931422665512084, "N_raw": 71, "N_roi": 71, "N_inlier": 67, "refit": true}
{"timestamp": "15:27:30.285174", "frame": 75, "mu": [-1.1878285157667896, 0.6123892148314821, -0.3506945058838352], "Sigma": [[0.006868511060054334, 0.0008705951044896696, -0.00035860538905532877], [0.0008705951044896697, 0.009703383816907916, -0.0044894294903188026], [-0.00035860538905532877, -0.0044894294903188026, 0.005754040259705933]], "chi2_level": 0.997, "chi2_df": 3, "chi2_threshold": 13.931422665512084, "N_raw": 62, "N_roi": 62, "N_inlier": 58, "refit": true}
{"timestamp": "15:27:30.341300", "frame": 76, "mu": [-1.213302010691437, 0.4699959581961264, 1.4543119805004925], "Sigma": [[0.007291772779922483, 0.0006331136659152987, 0.00011034658763196285], [0.0006331136659152986, 0.008099723754211289, -0.0062153749931230864], [0.00011034658763196294, -0.0062153749931230864, 0.00893185891091075]], "chi2_level": 0.997, "chi2_df": 3, "chi2_threshold": 13.931422665512084, "N_raw": 66, "N_roi": 66, "N_inlier": 63, "refit": true}
{"timestamp": "15:27:30.390255", "frame": 77, "mu": [-1.2484581016942788, 0.49253386081612294, 1.4809370136941673], "Sigma": [[0.004917303887323323, 0.0009643834747890097, -0.002065048436762424], [0.0009643834747890095, 0.006355534954632583, -0.002828919733494567], [-0.0020650484367624243, -0.0028289197334945672, 0.0021594240141422027]], "chi2_level": 0.997, "chi2_df": 3, "chi2_threshold": 13.931422665512084, "N_raw": 37, "N_roi": 37, "N_inlier": 37, "refit": true}
{"timestamp": "15:27:30.447946", "frame": 78, "mu": [-1.2964243670606541, 0.4725237796239089, 1.3711723637276034], "Sigma": [[0.00568785027957342, 0.0017359461003708281, -0.0003472513822891594], [0.001735946100370828, 0.0070568161144918306, -0.004629539598415586], [-0.0003472513822891594, -0.004629539598415586, 0.003870047104804949]], "chi2_level": 0.997, "chi2_df": 3, "chi2_threshold": 13.931422665512084, "N_raw": 50, "N_roi": 50, "N_inlier": 48, "refit": true}
{"timestamp": "15:27:30.504318", "frame": 79, "mu": [-1.320443380923276, 0.47676899027222436, 1.3903179147665283], "Sigma": [[0.007715047737921227, 0.002315176112511946, 0.0011399842580860262], [0.002315176112511946, 0.0074535673707642755, -0.005612569372123937], [0.0011399842580860262, -0.005612569372123937, 0.014223525317710263]], "chi2_level": 0.997, "chi2_df": 3, "chi2_threshold": 13.931422665512084, "N_raw": 65, "N_roi": 65, "N_inlier": 63, "refit": true}
{"timestamp": "15:27:30.558382", "frame": 80, "mu": [-1.3727127875467415, 0.5485481500965674, -0.5854424862489593], "Sigma": [[0.007772333164557106, 0.0038463103002151387, 0.0033508148059377112], [0.0038463103002151387, 0.02312127088971546, 0.0010170630815971458], [0.0033508148059377112, 0.0010170630815971458, 0.005077390106620452]], "chi2_level": 0.997, "chi2_df": 3, "chi2_threshold": 13.931422665512084, "N_raw": 59, "N_roi": 59, "N_inlier": 56, "refit": true}
{"timestamp": "15:27:30.614268", "frame": 81, "mu": [-1.423964964974113, 0.549429625976826, 1.4005730324191918], "Sigma": [[0.007997733498861102, 0.0023476688002262024, 0.0008317528428597573], [0.0023476688002262024, 0.009868320541785209, -0.004883564442545742], [0.0008317528428597572, -0.004883564442545742, 0.00366475359459535]], "chi2_level": 0.997, "chi2_df": 3, "chi2_threshold": 13.931422665512084, "N_raw": 57, "N_roi": 57, "N_inlier": 55, "refit": true}
{"timestamp": "15:27:30.673408", "frame": 82, "mu": [-1.4556422314070563, 0.5307363332694319, 1.3318511424212665], "Sigma": [[0.012242195069712523, 0.002528209923033334, 0.002463664767304895], [0.002528209923033333, 0.009802638321207256, -0.0032244563601794315], [0.002463664767304895, -0.0032244563601794315, 0.012709461879323872]], "chi2_level": 0.997, "chi2_df": 3, "chi2_threshold": 13.931422665512084, "N_raw": 84, "N_roi": 84, "N_inlier": 81, "refit": true}
{"timestamp": "15:27:30.725486", "frame": 83, "mu": [-1.4689695201985575, 0.5777393195025581, 1.381750305182398], "Sigma": [[0.010290334603421923, 0.0014813148402809725, -0.0015276088606406165], [0.0014813148402809725, 0.011997229537662487, -0.005587058386756681], [-0.0015276088606406165, -0.005587058386756681, 0.003207552525955397]], "chi2_level": 0.997, "chi2_df": 3, "chi2_threshold": 13.931422665512084, "N_raw": 64, "N_roi": 64, "N_inlier": 64, "refit": true}
{"timestamp": "15:27:30.781382", "frame": 84, "mu": [-1.4988707463559336, 0.7532206976103488, -0.445610922676748], "Sigma": [[0.010972752588646878, 0.002669580359485559, 0.002437049561938443], [0.002669580359485559, 0.013538436514718094, -0.004195297009626984], [0.002437049561938443, -0.004195297009626985, 0.003843456362954523]], "chi2_level": 0.997, "chi2_df": 3, "chi2_threshold": 13.931422665512084, "N_raw": 72, "N_roi": 72, "N_inlier": 71, "refit": true}
{"timestamp": "15:27:30.835187", "frame": 85, "mu": [-1.52899839051228, 0.6307682808567207, 1.310887892137641], "Sigma": [[0.00824225961281751, 0.004691999191024978, 0.0007548715115901529], [0.0046919991910249785, 0.013311182562739778, 5.7126473395679165e-05], [0.0007548715115901529, 5.712647339567927e-05, 0.014161111261399573]], "chi2_level": 0.997, "chi2_df": 3, "chi2_threshold": 13.931422665512084, "N_raw": 62, "N_roi": 62, "N_inlier": 60, "refit": true}
{"timestamp": "15:27:30.890302", "frame": 86, "mu": [-1.5765640263016325, 0.6272743207684783, 1.3049114321849542], "Sigma": [[0.008973948276913689, 0.004737427288727662, 0.00443202578627092], [0.004737427288727662, 0.005402793858555716, -0.0031107918215511126], [0.00443202578627092, -0.0031107918215511126, 0.03263797157821391]], "chi2_level": 0.997, "chi2_df": 3, "chi2_threshold": 13.931422665512084, "N_raw": 65, "N_roi": 65, "N_inlier": 61, "refit": true}
{"timestamp": "15:27:30.947363", "frame": 87, "mu": [-1.646237578996664, 0.6618995711975256, 1.2479596352192197], "Sigma": [[0.03269340125739785, 0.01575818450448819, 0.04579208908402386], [0.01575818450448819, 0.014971491558714224, 0.019433479375507684], [0.04579208908402385, 0.019433479375507684, 0.09755562692348613]], "chi2_level": 0.997, "chi2_df": 3, "chi2_threshold": 13.931422665512084, "N_raw": 76, "N_roi": 76, "N_inlier": 72, "refit": true}
{"timestamp": "15:27:30.999125", "frame": 88, "mu": [-1.6064865808725701, 0.7280698908167452, 1.3352325247127976], "Sigma": [[0.005988936079723956, 0.004791709029963529, 0.0016246210728280094], [0.004791709029963528, 0.011301615010482515, 0.004284877497565282], [0.0016246210728280098, 0.004284877497565282, 0.038426464883553696]], "chi2_level": 0.997, "chi2_df": 3, "chi2_threshold": 13.931422665512084, "N_raw": 58, "N_roi": 58, "N_inlier": 58, "refit": true}
{"timestamp": "15:27:31.055151", "frame": 89, "mu": [-1.6523200839136472, 0.7704238571453077, 1.3828108147665377], "Sigma": [[0.008993518563813507, 0.006195752731767243, 0.0024368503714014226], [0.006195752731767245, 0.012090288677788137, 0.003103989664536965], [0.002436850371401422, 0.003103989664536966, 0.02930452163248149]], "chi2_level": 0.997, "chi2_df": 3, "chi2_threshold": 13.931422665512084, "N_raw": 65, "N_roi": 65, "N_inlier": 64, "refit": true}
{"timestamp": "15:27:31.109679", "frame": 90, "mu": [-1.6719051051642857, 0.755852467132276, 1.2864698289899192], "Sigma": [[0.007243591012594637, 0.003865419782408549, 0.00026820302068918144], [0.0038654197824085496, 0.008183570221515514, -0.003914584113665522], [0.00026820302068918133, -0.003914584113665522, 0.026531796287432883]], "chi2_level": 0.997, "chi2_df": 3, "chi2_threshold": 13.931422665512084, "N_raw": 62, "N_roi": 62, "N_inlier": 62, "refit": true}
{"timestamp": "15:27:31.164977", "frame": 91, "mu": [-1.6997612540483171, 0.8270353132633222, 1.3795451905794227], "Sigma": [[0.008747176777491478, 0.005359836823468855, -0.0005743853790302407], [0.005359836823468855, 0.010385385907748915, -0.003972196108526905], [-0.0005743853790302403, -0.003972196108526905, 0.023033123402107517]], "chi2_level": 0.997, "chi2_df": 3, "chi2_threshold": 13.931422665512084, "N_raw": 66, "N_roi": 66, "N_inlier": 66, "refit": true}
{"timestamp": "15:27:31.218709", "frame": 92, "mu": [-1.71768062869292, 0.912464273614285, 1.4604282958391577], "Sigma": [[0.011504141477815854, 0.003915772878938909, -0.004673236926772434], [0.003915772878938908, 0.01025078039939258, -0.006565783248638362], [-0.004673236926772434, -0.006565783248638362, 0.005542471133208605]], "chi2_level": 0.997, "chi2_df": 3, "chi2_threshold": 13.931422665512084, "N_raw": 58, "N_roi": 58, "N_inlier": 58, "refit": true}
{"timestamp": "15:27:31.276045", "frame": 93, "mu": [-1.768243481778589, 0.8713518755267724, 1.2513970298631611], "Sigma": [[0.011068906645062876, 0.008005222746395538, 0.000507594901429739], [0.008005222746395538, 0.010704886470045869, -0.006180794066243861], [0.000507594901429739, -0.006180794066243861, 0.012840570055153407]], "chi2_level": 0.997, "chi2_df": 3, "chi2_threshold": 13.931422665512084, "N_raw": 68, "N_roi": 68, "N_inlier": 65, "refit": true}
{"timestamp": "15:27:31.331277", "frame": 94, "mu": [-1.8262742405962646, 1.0602707944565737, -0.48089954993166323], "Sigma": [[0.010002544406928158, 0.007931700798181528, 0.007242154236055645], [0.007931700798181528, 0.021101258682036057, -0.0011516116741849202], [0.007242154236055646, -0.0011516116741849204, 0.025064772114189324]], "chi2_level": 0.997, "chi2_df": 3, "chi2_threshold": 13.931422665512084, "N_raw": 73, "N_roi": 73, "N_inlier": 71, "refit": true}
{"timestamp": "15:27:31.386379", "frame": 95, "mu": [-1.8424556008686446, 0.9553495546771578, 1.3271170944915247], "Sigma": [[0.01417582856248937, 0.007258674464102963, -0.000486126276688534], [0.007258674464102963, 0.010218758862884458, -0.004750856727675806], [-0.0004861262766885342, -0.004750856727675806, 0.019251316561750144]], "chi2_level": 0.997, "chi2_df": 3, "chi2_threshold": 13.931422665512084, "N_raw": 72, "N_roi": 72, "N_inlier": 71, "refit": true}
{"timestamp": "15:27:31.441134", "frame": 96, "mu": [-1.8697662540709001, 1.0025354138330833, 1.4021640018913768], "Sigma": [[0.012473095086321887, 0.006038313380017014, -0.007323417985230016], [0.006038313380017014, 0.0105257713655274, -0.009465195218223322], [-0.007323417985230017, -0.009465195218223324, 0.02160382427713054]], "chi2_level": 0.997, "chi2_df": 3, "chi2_threshold": 13.931422665512084, "N_raw": 66, "N_roi": 66, "N_inlier": 63, "refit": true}
{"timestamp": "15:27:31.496082", "frame": 97, "mu": [-1.890424980898964, 1.162980712322256, -0.37254231396706816], "Sigma": [[0.013079498454631367, 0.007194712345981632, -0.003937282575619039], [0.007194712345981632, 0.015042986640454867, -0.009808869652866928], [-0.003937282575619038, -0.009808869652866928, 0.009157012427161765]], "chi2_level": 0.997, "chi2_df": 3, "chi2_threshold": 13.931422665512084, "N_raw": 67, "N_roi": 67, "N_inlier": 66, "refit": true}
{"timestamp": "15:27:31.553209", "frame": 98, "mu": [-1.833348885407576, 1.0966924580555726, 1.2717688370638363], "Sigma": [[0.017315121609952532, 0.007146009768447956, -0.011717358445069695], [0.007146009768447955, 0.011929510739451924, -0.021288075765306086], [-0.011717358445069695, -0.021288075765306086, 0.08972002720576999]], "chi2_level": 0.997, "chi2_df": 3, "chi2_threshold": 13.931422665512084, "N_raw": 84, "N_roi": 84, "N_inlier": 82, "refit": true}
{"timestamp": "15:27:31.606477", "frame": 99, "mu": [-1.9349741834267629, 1.1277281106326926, 1.494199673705761], "Sigma": [[0.015214806421161886, 0.00680560549718976, -0.010920839151249495], [0.00680560549718976, 0.01588143257841329, -0.013419122771766998], [-0.010920839151249497, -0.013419122771766998, 0.01750147238131239]], "chi2_level": 0.997, "chi2_df": 3, "chi2_threshold": 13.931422665512084, "N_raw": 76, "N_roi": 76, "N_inlier": 73, "refit": true}
{"timestamp": "15:27:31.770485", "frame": 100, "mu": [-1.8096283869834242, 1.234328696708985, 1.390745105444842], "Sigma": [[0.01412960963306394, 0.004747166120856234, -0.014193287214730937], [0.004747166120856233, 0.015175558460344131, -0.005387506594992458], [-0.014193287214730939, -0.00538750659499246, 0.01535849894782528]], "chi2_level": 0.997, "chi2_df": 3, "chi2_threshold": 13.931422665512084, "N_raw": 69, "N_roi": 69, "N_inlier": 67, "refit": true}
{"timestamp": "15:27:31.810253", "frame": 101, "mu": [-1.9205767239423261, 1.348715340320337, -0.25205086609618915], "Sigma": [[0.011126676481625337, 0.005880011852585498, -0.0032034854675032447], [0.005880011852585499, 0.014390165655186554, -0.00714808850443376], [-0.0032034854675032447, -0.007148088504433759, 0.008297279443101102]], "chi2_level": 0.997, "chi2_df": 3, "chi2_threshold": 13.931422665512084, "N_raw": 63, "N_roi": 63, "N_inlier": 61, "refit": true}
{"timestamp": "15:27:31.840708", "frame": 102, "mu": [-2.0094491569366286, 1.3241739731459798, -0.2041804469839782], "Sigma": [[0.006952180870115179, 0.008131007818087128, 0.004608424509796195], [0.008131007818087128, 0.015647205869783888, 0.01102500929865327], [0.004608424509796195, 0.011025009298653268, 0.013257595004015835]], "chi2_level": 0.997, "chi2_df": 3, "chi2_threshold": 13.931422665512084, "N_raw": 26, "N_roi": 26, "N_inlier": 25, "refit": true}
{"timestamp": "15:27:31.872138", "frame": 103, "mu": [-1.951535382752665, 1.3825541361730873, 1.4234030585593576], "Sigma": [[0.009327584027916943, 0.00401767881420568, -0.005809329143766884], [0.00401767881420568, 0.011646017702148452, -0.008244637044276365], [-0.005809329143766884, -0.008244637044276365, 0.016856877197558847]], "chi2_level": 0.997, "chi2_df": 3, "chi2_threshold": 13.931422665512084, "N_raw": 60, "N_roi": 60, "N_inlier": 60, "refit": true}
{"timestamp": "15:27:31.903431", "frame": 104, "mu": [-2.038420111419401, 1.3819130076417494, 1.3094741397655616], "Sigma": [[0.012184441009481897, 0.011300419866843995, 0.0174252046914552], [0.011300419866843993, 0.01755813811134923, 0.023179644642748434], [0.017425204691455195, 0.023179644642748434, 0.16911672707519074]], "chi2_level": 0.997, "chi2_df": 3, "chi2_threshold": 13.931422665512084, "N_raw": 76, "N_roi": 76, "N_inlier": 76, "refit": true}
{"timestamp": "15:27:31.937387", "frame": 105, "mu": [-1.99213106321277, 1.519696745897308, 1.4690071675858893], "Sigma": [[0.011454884779030063, 0.008051192055989325, -0.006422528800047486], [0.008051192055989325, 0.015037250309249503, -0.013669091397738841], [-0.006422528800047485, -0.01366909139773884, 0.03177971745167124]], "chi2_level": 0.997, "chi2_df": 3, "chi2_threshold": 13.931422665512084, "N_raw": 75, "N_roi": 75, "N_inlier": 72, "refit": true}
{"timestamp": "15:27:31.993622", "frame": 106, "mu": [-2.029841554878337, 1.5198081141745365, 1.582214146466328], "Sigma": [[0.017393720219995128, 0.015227561745641674, -0.011323636567278809], [0.015227561745641674, 0.02262504289666517, -0.018515350540927192], [-0.011323636567278809, -0.018515350540927192, 0.021772184487191034]], "chi2_level": 0.997, "chi2_df": 3, "chi2_threshold": 13.931422665512084, "N_raw": 80, "N_roi": 80, "N_inlier": 77, "refit": true}
{"timestamp": "15:27:32.047238", "frame": 107, "mu": [-1.945263641309302, 1.5757714455024967, 1.4825635503934427], "Sigma": [[0.022568404006377288, 0.012878578270870442, -0.018964629196934396], [0.012878578270870442, 0.017210027108046297, -0.012901186792141289], [-0.018964629196934396, -0.012901186792141289, 0.017962703691829063]], "chi2_level": 0.997, "chi2_df": 3, "chi2_threshold": 13.931422665512084, "N_raw": 78, "N_roi": 78, "N_inlier": 77, "refit": true}
{"timestamp": "15:27:32.102354", "frame": 108, "mu": [-2.045512994754111, 1.5631340351691194, -0.09899630098385949], "Sigma": [[0.023277323243421816, 0.017354536715709454, 0.035785668340119106], [0.017354536715709454, 0.026022984913740735, 0.039414810455773566], [0.035785668340119106, 0.03941481045577356, 0.3147843803757502]], "chi2_level": 0.997, "chi2_df": 3, "chi2_threshold": 13.931422665512084, "N_raw": 81, "N_roi": 81, "N_inlier": 81, "refit": true}
{"timestamp": "15:27:32.161120", "frame": 109, "mu": [-2.037905663980135, 1.683548804717659, 1.325856363756085], "Sigma": [[0.03292967105413799, 0.011865710682740747, 0.019646907262065305], [0.011865710682740747, 0.018705461744086528, -0.025224866042556963], [0.019646907262065305, -0.025224866042556963, 0.17318980751663263]], "chi2_level": 0.997, "chi2_df": 3, "chi2_threshold": 13.931422665512084, "N_raw": 113, "N_roi": 113, "N_inlier": 113, "refit": true}
{"timestamp": "15:27:32.211570", "frame": 110, "mu": [-2.0143930025694834, 1.6765173563384843, 1.5591921629302015], "Sigma": [[0.02453258808247199, 0.018214373412380892, -0.019450046230493998], [0.018214373412380892, 0.024262238584822182, -0.012232318953437408], [-0.019450046230493998, -0.012232318953437406, 0.017017896402371446]], "chi2_level": 0.997, "chi2_df": 3, "chi2_threshold": 13.931422665512084, "N_raw": 75, "N_roi": 75, "N_inlier": 74, "refit": true}
{"timestamp": "15:27:32.263096", "frame": 111, "mu": [-2.080119370050275, 1.7392763475607114, 1.6447714522287653], "Sigma": [[0.01941023377263642, 0.013220028782608435, -0.01976399911450239], [0.013220028782608435, 0.01684609655155287, -0.012253405506006771], [-0.01976399911450239, -0.012253405506006771, 0.022668438400727076]], "chi2_level": 0.997, "chi2_df": 3, "chi2_threshold": 13.931422665512084, "N_raw": 52, "N_roi": 52, "N_inlier": 51, "refit": true}
{"timestamp": "15:27:32.321667", "frame": 112, "mu": [-2.1126910946444935, 1.7945896034472586, 1.6403871978494957], "Sigma": [[0.024280727952586612, 0.017936655958421102, -0.023686935224453583], [0.017936655958421102, 0.023892609485744697, -0.019270807233005317], [-0.02368693522445358, -0.019270807233005317, 0.027649703845159315]], "chi2_level": 0.997, "chi2_df": 3, "chi2_threshold": 13.931422665512084, "N_raw": 81, "N_roi": 81, "N_inlier": 78, "refit": true}
{"timestamp": "15:27:32.377544", "frame": 113, "mu": [-2.124853739915283, 1.8755668581984895, 1.6678211265494047], "Sigma": [[0.02787747704980778, 0.020469005244636233, -0.02311265544009776], [0.020469005244636233, 0.026286906428115972, -0.019488818850651568], [-0.02311265544009776, -0.019488818850651568, 0.02199220880978477]], "chi2_level": 0.997, "chi2_df": 3, "chi2_threshold": 13.931422665512084, "N_raw": 87, "N_roi": 86, "N_inlier": 85, "refit": true}
{"timestamp": "15:27:32.426175", "frame": 114, "mu": [-2.246313227923332, 1.8203491134013707, 1.5582988743135573], "Sigma": [[0.017995291512050406, 0.012296374275513347, -0.013682959064579493], [0.012296374275513347, 0.0136707348681198, -0.012931865833935163], [-0.013682959064579493, -0.012931865833935161, 0.015802875938835868]], "chi2_level": 0.997, "chi2_df": 3, "chi2_threshold": 13.931422665512084, "N_raw": 43, "N_roi": 42, "N_inlier": 41, "refit": true}
{"timestamp": "15:27:32.477376", "frame": 115, "mu": [-2.129613183375006, 1.9748026385575954, 1.4636906868349342], "Sigma": [[0.03280541100591118, 0.023442757322892343, -0.060300107679068495], [0.023442757322892343, 0.02343832880890394, -0.04487300228407177], [-0.060300107679068495, -0.04487300228407176, 0.2043219511333089]], "chi2_level": 0.997, "chi2_df": 3, "chi2_threshold": 13.931422665512084, "N_raw": 15, "N_roi": 15, "N_inlier": 15, "refit": true}
{"timestamp": "15:27:32.538849", "frame": 116, "mu": [-2.2011562006073335, 2.0469958712884146, 1.7697294830587644], "Sigma": [[0.0266809060410316, 0.020771821216582186, -0.021081995548835032], [0.020771821216582186, 0.02327949774102897, -0.017170163894662978], [-0.021081995548835032, -0.017170163894662978, 0.020175672003211492]], "chi2_level": 0.997, "chi2_df": 3, "chi2_threshold": 13.931422665512084, "N_raw": 62, "N_roi": 56, "N_inlier": 54, "refit": true}
