{"timestamp": "15:23:24.236089", "frame": 1, "mu": [2.2772608107923964, 3.7637977224876247, 1.2570373211096462], "Sigma": [[0.012598490376480656, -0.006911969055316091, -0.006203174665226199], [-0.006911969055316089, 0.005783301522067894, 8.090305226227871e-05], [-0.0062031746652261984, 8.09030522622785e-05, 0.01169511069252764]], "chi2_level": 0.997, "chi2_df": 3, "chi2_threshold": 13.931422665512084, "N_raw": 23, "N_roi": 22, "N_inlier": 21, "refit": true}
{"timestamp": "15:23:24.289963", "frame": 2, "mu": [2.2612887567634794, 3.818522232267166, 1.418709586144162], "Sigma": [[0.0037928056388109445, 0.00024384728850522332, 0.005418690750182056], [0.00024384728850522397, 0.012174690145905696, -0.016285588642864182], [0.005418690750182056, -0.016285588642864182, 0.04270532472127271]], "chi2_level": 0.997, "chi2_df": 3, "chi2_threshold": 13.931422665512084, "N_raw": 8, "N_roi": 7, "N_inlier": 7, "refit": true}
{"timestamp": "15:23:24.399294", "frame": 4, "mu": [2.269011994759579, 3.764039048198007, 1.345587121875865], "Sigma": [[0.007238075727224899, -0.004572299944202474, -0.0028083888179118574], [-0.004572299944202474, 0.005088827975749188, -0.0022476068418642936], [-0.0028083888179118574, -0.002247606841864294, 0.011207183626668575]], "chi2_level": 0.997, "chi2_df": 3, "chi2_threshold": 13.931422665512084, "N_raw": 16, "N_roi": 16, "N_inlier": 16, "refit": true}
{"timestamp": "15:23:24.674574", "frame": 9, "mu": [2.274571781729189, 3.798419882710511, 1.1070908359563292], "Sigma": [[0.0073195403066220474, -0.004876507165490736, -9.616286593041428e-05], [-0.004876507165490736, 0.005594168435304189, -0.0008820736012532147], [-9.616286593041427e-05, -0.0008820736012532147, 0.0005408677781488686]], "chi2_level": 0.997, "chi2_df": 3, "chi2_threshold": 13.931422665512084, "N_raw": 16, "N_roi": 16, "N_inlier": 15, "refit": true}
{"timestamp": "15:23:24.950319", "frame": 14, "mu": [2.218490137406805, 3.9034878109667592, 1.0071727105265253], "Sigma": [[0.015902089029499192, -0.010272362678847347, -0.00556806939069694], [-0.010272362678847347, 0.009007885310733254, 0.004225606846818867], [-0.00556806939069694, 0.004225606846818867, 0.003657660220467208]], "chi2_level": 0.997, "chi2_df": 3, "chi2_threshold": 13.931422665512084, "N_raw": 16, "N_roi": 16, "N_inlier": 16, "refit": true}
{"timestamp": "15:23:25.006099", "frame": 15, "mu": [2.22747216222881, 3.8090859598942215, 1.2708543418726113], "Sigma": [[0.01371722310175232, -0.006853488543424494, -0.004573050706976644], [-0.006853488543424494, 0.005656132110752834, -0.0007921594324859423], [-0.004573050706976644, -0.0007921594324859422, 0.012305123922010188]], "chi2_level": 0.997, "chi2_df": 3, "chi2_threshold": 13.931422665512084, "N_raw": 25, "N_roi": 25, "N_inlier": 25, "refit": true}
{"timestamp": "15:23:25.119136", "frame": 17, "mu": [2.2478789933212484, 3.735911964096828, 1.303360721241006], "Sigma": [[0.017515133375053376, -0.009489932578914662, -0.002632811554153497], [-0.009489932578914662, 0.008312868936962798, -0.001277959232323226], [-0.002632811554153497, -0.0012779592323232261, 0.0052772678439298075]], "chi2_level": 0.997, "chi2_df": 3, "chi2_threshold": 13.931422665512084, "N_raw": 32, "N_roi": 32, "N_inlier": 32, "refit": true}
{"timestamp": "15:23:25.171555", "frame": 18, "mu": [2.2024130384514504, 3.8825138248162947, 1.1023821411305919], "Sigma": [[0.009724213163372077, -0.008661009300565283, -0.0027867456900935246], [-0.008661009300565283, 0.010184848909813837, 0.00294201745039002], [-0.0027867456900935246, 0.00294201745039002, 0.003271250890210975]], "chi2_level": 0.997, "chi2_df": 3, "chi2_threshold": 13.931422665512084, "N_raw": 14, "N_roi": 14, "N_inlier": 13, "refit": true}
{"timestamp": "15:23:25.283502", "frame": 20, "mu": [2.2341179708888155, 3.701620337305602, 1.3379516345538585], "Sigma": [[0.018880550219665185, -0.010541589703680666, -0.013259089905985132], [-0.010541589703680666, 0.008209648212258532, 0.00666108334572605], [-0.013259089905985136, 0.00666108334572605, 0.020379210594300493]], "chi2_level": 0.997, "chi2_df": 3, "chi2_threshold": 13.931422665512084, "N_raw": 30, "N_roi": 28, "N_inlier": 27, "refit": true}
{"timestamp": "15:23:25.451191", "frame": 23, "mu": [2.237269181927924, 3.6616136135095294, 1.267787090034503], "Sigma": [[0.021418829236184142, -0.01143659189439416, -0.008947301519978672], [-0.011436591894394159, 0.009906484874212347, 0.002165473309718499], [-0.008947301519978672, 0.0021654733097184985, 0.00752048499442084]], "chi2_level": 0.997, "chi2_df": 3, "chi2_threshold": 13.931422665512084, "N_raw": 40, "N_roi": 36, "N_inlier": 36, "refit": true}
{"timestamp": "15:23:25.612581", "frame": 26, "mu": [2.233039861470011, 3.462551701765255, 0.7259694269866099], "Sigma": [[0.016829002188897987, -0.01169751438021106, -0.01249337898335544], [-0.011697514380211061, 0.008841954798882258, 0.006966818484796709], [-0.012493378983355438, 0.006966818484796709, 0.025410772801352725]], "chi2_level": 0.997, "chi2_df": 3, "chi2_threshold": 13.931422665512084, "N_raw": 26, "N_roi": 25, "N_inlier": 25, "refit": true}
{"timestamp": "15:23:25.668318", "frame": 27, "mu": [2.127728752748161, 3.55971809560236, 0.9046861856687679], "Sigma": [[0.0034051404493366092, -0.0014234039744357903, -0.002834870796318052], [-0.0014234039744357903, 0.003204094275218833, -0.004465730595230576], [-0.002834870796318052, -0.004465730595230576, 0.05473791784495436]], "chi2_level": 0.997, "chi2_df": 3, "chi2_threshold": 13.931422665512084, "N_raw": 17, "N_roi": 13, "N_inlier": 13, "refit": true}
{"timestamp": "15:23:25.780764", "frame": 29, "mu": [2.236390234618318, 3.3715109187915098, 0.734748620208984], "Sigma": [[0.01693528196395685, -0.014313350898825645, -0.0014778470896744406], [-0.014313350898825641, 0.015924558421306953, 0.0011185136201512266], [-0.0014778470896744406, 0.0011185136201512266, 0.005349261733769452]], "chi2_level": 0.997, "chi2_df": 3, "chi2_threshold": 13.931422665512084, "N_raw": 42, "N_roi": 32, "N_inlier": 31, "refit": true}
{"timestamp": "15:23:25.838554", "frame": 30, "mu": [2.132774498073255, 3.473005468192035, -0.029117931556012076], "Sigma": [[0.024058971438597324, -0.01232562508868207, -0.010182936750777447], [-0.01232562508868207, 0.012667357926895531, 0.0014686877504094707], [-0.010182936750777447, 0.0014686877504094707, 0.008193420016173033]], "chi2_level": 0.997, "chi2_df": 3, "chi2_threshold": 13.931422665512084, "N_raw": 55, "N_roi": 52, "N_inlier": 51, "refit": true}
{"timestamp": "15:23:25.889850", "frame": 31, "mu": [2.1326477710331346, 3.2898295101031696, 0.8836861829964222], "Sigma": [[0.005121953562085866, -0.002067857176055182, -0.008421856586573188], [-0.002067857176055182, 0.0018968227102976638, 0.0007425226609510576], [-0.008421856586573186, 0.0007425226609510579, 0.025774655961967652]], "chi2_level": 0.997, "chi2_df": 3, "chi2_threshold": 13.931422665512084, "N_raw": 16, "N_roi": 13, "N_inlier": 13, "refit": true}
{"timestamp": "15:23:25.943587", "frame": 32, "mu": [2.034939226095983, 3.3015704235792187, 0.9527201293615825], "Sigma": [[0.015473844697536737, -0.01044679723277157, -0.007748616551351373], [-0.01044679723277157, 0.00925170737404047, 0.004406989364567673], [-0.007748616551351373, 0.004406989364567673, 0.005755508924292136]], "chi2_level": 0.997, "chi2_df": 3, "chi2_threshold": 13.931422665512084, "N_raw": 29, "N_roi": 26, "N_inlier": 25, "refit": true}
{"timestamp": "15:23:26.002474", "frame": 33, "mu": [2.0980093090800582, 3.2031905693928873, 0.8857574834716165], "Sigma": [[0.017605406745657484, -0.013111678505636454, -0.0028077225810411105], [-0.013111678505636454, 0.011762260579830349, -0.003615347211483655], [-0.0028077225810411105, -0.0036153472114836545, 0.033589024295754805]], "chi2_level": 0.997, "chi2_df": 3, "chi2_threshold": 13.931422665512084, "N_raw": 52, "N_roi": 51, "N_inlier": 51, "refit": true}
{"timestamp": "15:23:26.053607", "frame": 34, "mu": [2.0324909528237747, 3.208438337237215, 0.7258976584117723], "Sigma": [[0.01204954176056614, -0.009008986740603707, -0.0069171309647385725], [-0.009008986740603707, 0.008253736025827126, 0.0037780235546079942], [-0.0069171309647385725, 0.003778023554607994, 0.015718958275411466]], "chi2_level": 0.997, "chi2_df": 3, "chi2_threshold": 13.931422665512084, "N_raw": 25, "N_roi": 23, "N_inlier": 22, "refit": true}
{"timestamp": "15:23:26.112058", "frame": 35, "mu": [1.9796961102078328, 3.165027427022115, 1.0687311472324068], "Sigma": [[0.016377914363754038, -0.009195459547793754, -0.01075075390734093], [-0.009195459547793754, 0.007858418990590003, -0.0011829133456726232], [-0.01075075390734093, -0.001182913345672623, 0.030944537666685618]], "chi2_level": 0.997, "chi2_df": 3, "chi2_threshold": 13.931422665512084, "N_raw": 51, "N_roi": 51, "N_inlier": 51, "refit": true}
{"timestamp": "15:23:26.166657", "frame": 36, "mu": [1.975262428405398, 3.044903405150824, 0.6113092886832574], "Sigma": [[0.016940440794547915, -0.011000244742223622, -0.0005848280627064342], [-0.011000244742223622, 0.008997751060746814, -0.0004208203438625382], [-0.0005848280627064341, -0.0004208203438625382, 0.029376802638414506]], "chi2_level": 0.997, "chi2_df": 3, "chi2_threshold": 13.931422665512084, "N_raw": 45, "N_roi": 45, "N_inlier": 44, "refit": true}
{"timestamp": "15:23:26.219720", "frame": 37, "mu": [1.9143594322862043, 3.0067794370834284, 0.5463260266209192], "Sigma": [[0.011696038602775306, -0.006580421582734641, 0.00042015232038782225], [-0.006580421582734641, 0.004824559912113857, -0.001921094820135867], [0.0004201523203878222, -0.0019210948201358667, 0.009123704151010405]], "chi2_level": 0.997, "chi2_df": 3, "chi2_threshold": 13.931422665512084, "N_raw": 32, "N_roi": 32, "N_inlier": 30, "refit": true}
{"timestamp": "15:23:26.279813", "frame": 38, "mu": [1.8664464256010855, 3.035929296175269, 0.9499486249121188], "Sigma": [[0.015156435532833959, -0.008887113887991939, -0.0015991158404892508], [-0.008887113887991939, 0.006021705530398844, 0.0037486831607214115], [-0.001599115840489252, 0.0037486831607214115, 0.11318880116864113]], "chi2_level": 0.997, "chi2_df": 3, "chi2_threshold": 13.931422665512084, "N_raw": 61, "N_roi": 58, "N_inlier": 58, "refit": true}
{"timestamp": "15:23:26.333355", "frame": 39, "mu": [1.8880182945824475, 2.9659359609308584, 1.087440796976137], "Sigma": [[0.017368378616774642, -0.010179471337819036, -0.006233151660178328], [-0.010179471337819036, 0.0074321992747094804, -0.0012209176982968647], [-0.006233151660178328, -0.0012209176982968645, 0.026743014581977406]], "chi2_level": 0.997, "chi2_df": 3, "chi2_threshold": 13.931422665512084, "N_raw": 49, "N_roi": 49, "N_inlier": 48, "refit": true}
{"timestamp": "15:23:26.391313", "frame": 40, "mu": [1.8766531754004276, 2.957012180821191, -0.9415226346447916], "Sigma": [[0.021934385668713627, 0.005229082135313316, 0.0536121854612219], [0.005229082135313316, 0.00792244972054887, 0.025014247971480465], [0.0536121854612219, 0.025014247971480465, 0.27213298750284376]], "chi2_level": 0.997, "chi2_df": 3, "chi2_threshold": 13.931422665512084, "N_raw": 70, "N_roi": 70, "N_inlier": 70, "refit": true}
{"timestamp": "15:23:26.444294", "frame": 41, "mu": [1.8056465460938396, 2.7591179997414175, 0.5506309872473982], "Sigma": [[0.02065340961652793, -0.012808018710269408, -0.0070900371731043655], [-0.01280801871026941, 0.011252555442248428, 0.007769238067395533], [-0.007090037173104365, 0.007769238067395533, 0.05716511469502416]], "chi2_level": 0.997, "chi2_df": 3, "chi2_threshold": 13.931422665512084, "N_raw": 66, "N_roi": 66, "N_inlier": 66, "refit": true}
{"timestamp": "15:23:26.498505", "frame": 42, "mu": [1.7585398309811515, 2.7897808608838135, 0.7178782823839619], "Sigma": [[0.016823975437065736, -0.00987135717918144, 0.0033962682471303115], [-0.00987135717918144, 0.007084037824857098, -0.00351844084351663], [0.003396268247130311, -0.0035184408435166297, 0.05039852074820081]], "chi2_level": 0.997, "chi2_df": 3, "chi2_threshold": 13.931422665512084, "N_raw": 60, "N_roi": 60, "N_inlier": 60, "refit": true}
{"timestamp": "15:23:26.549261", "frame": 43, "mu": [1.7574294551317964, 2.845862966581491, -0.8730359362050979], "Sigma": [[0.005868141316658506, 0.002663103859684098, 0.020111004433303215], [0.002663103859684098, 0.00466845319023699, 0.02081962709089072], [0.020111004433303215, 0.02081962709089072, 0.2091745222260599]], "chi2_level": 0.997, "chi2_df": 3, "chi2_threshold": 13.931422665512084, "N_raw": 31, "N_roi": 31, "N_inlier": 31, "refit": true}
{"timestamp": "15:23:26.606958", "frame": 44, "mu": [1.711181735739231, 2.71000480682071, 0.7888177252148585], "Sigma": [[0.016343016010583637, -0.014722143372249512, -0.024788897498483134], [-0.014722143372249512, 0.014956823446459681, 0.020190754406835022], [-0.024788897498483134, 0.020190754406835022, 0.05856596931943911]], "chi2_level": 0.997, "chi2_df": 3, "chi2_threshold": 13.931422665512084, "N_raw": 46, "N_roi": 46, "N_inlier": 46, "refit": true}
{"timestamp": "15:23:26.662711", "frame": 45, "mu": [1.6739526576571226, 2.6589296477975077, 0.9639380772987348], "Sigma": [[0.01600574348444105, -0.011873354981583872, -0.01825708317104035], [-0.011873354981583872, 0.010032750913857916, 0.015648498573990373], [-0.01825708317104035, 0.015648498573990373, 0.06286978140760155]], "chi2_level": 0.997, "chi2_df": 3, "chi2_threshold": 13.931422665512084, "N_raw": 51, "N_roi": 51, "N_inlier": 49, "refit": true}
{"timestamp": "15:23:26.720203", "frame": 46, "mu": [1.6176306504527131, 2.815472305847436, -0.3984832894262211], "Sigma": [[0.019451198833394925, -0.008240336644224005, -0.014090204156166092], [-0.008240336644224005, 0.009186409947378342, 2.2108058604905067e-05], [-0.01409020415616609, 2.2108058604905067e-05, 0.08103835301110332]], "chi2_level": 0.997, "chi2_df": 3, "chi2_threshold": 13.931422665512084, "N_raw": 68, "N_roi": 68, "N_inlier": 68, "refit": true}
{"timestamp": "15:23:26.775499", "frame": 47, "mu": [1.5502447935072596, 2.67157313067131, 0.9796996941839526], "Sigma": [[0.010140871442354723, -0.0062567805529006055, 0.00024168078939338158], [-0.0062567805529006055, 0.0062714430386108235, -0.009024686107213235], [0.00024168078939338148, -0.009024686107213235, 0.055209953149658215]], "chi2_level": 0.997, "chi2_df": 3, "chi2_threshold": 13.931422665512084, "N_raw": 64, "N_roi": 64, "N_inlier": 64, "refit": true}
{"timestamp": "15:23:26.829772", "frame": 48, "mu": [1.4916499424798142, 2.817742871900319, -0.39513431383588804], "Sigma": [[0.013482159413495192, -0.008269338555662356, -0.00024504232365152984], [-0.008269338555662356, 0.011613252341432368, -0.014992592229764885], [-0.0002450423236515292, -0.014992592229764887, 0.050907869020535505]], "chi2_level": 0.997, "chi2_df": 3, "chi2_threshold": 13.931422665512084, "N_raw": 64, "N_roi": 64, "N_inlier": 64, "refit": true}
{"timestamp": "15:23:26.886631", "frame": 49, "mu": [1.4824637320919851, 2.5316679420926964, 0.8582171915176542], "Sigma": [[0.013859961793634138, -0.00890761734229923, -0.003010365809277295], [-0.00890761734229923, 0.007054777233074437, -0.0005091295573677563], [-0.003010365809277295, -0.0005091295573677561, 0.04700684462941865]], "chi2_level": 0.997, "chi2_df": 3, "chi2_threshold": 13.931422665512084, "N_raw": 68, "N_roi": 68, "N_inlier": 66, "refit": true}
{"timestamp": "15:23:26.941187", "frame": 50, "mu": [1.4292805907118402, 2.4846478393046736, 0.999205135447634], "Sigma": [[0.015036290356037702, -0.008544940844133804, -0.014793358249927231], [-0.008544940844133804, 0.006239700226514278, 0.007479630503221346], [-0.01479335824992723, 0.007479630503221346, 0.07220102701573128]], "chi2_level": 0.997, "chi2_df": 3, "chi2_threshold": 13.931422665512084, "N_raw": 71, "N_roi": 71, "N_inlier": 68, "refit": true}
{"timestamp": "15:23:26.995402", "frame": 51, "mu": [1.3902737688431075, 2.425140407647017, 0.9488663442073108], "Sigma": [[0.01781980764682587, -0.011406424699676376, -0.0036735863391273707], [-0.011406424699676378, 0.008548784120892385, -0.0028594187007612926], [-0.0036735863391273702, -0.0028594187007612926, 0.048984803663715736]], "chi2_level": 0.997, "chi2_df": 3, "chi2_threshold": 13.931422665512084, "N_raw": 73, "N_roi": 73, "N_inlier": 73, "refit": true}
{"timestamp": "15:23:27.048541", "frame": 52, "mu": [1.375475502087027, 2.3761507864581137, 0.8540014200210724], "Sigma": [[0.009623485735927658, -0.006158487889886729, -0.0015167010581204577], [-0.006158487889886729, 0.004692296571424907, -0.0029487962336427922], [-0.0015167010581204573, -0.002948796233642792, 0.03530846700036541]], "chi2_level": 0.997, "chi2_df": 3, "chi2_threshold": 13.931422665512084, "N_raw": 48, "N_roi": 48, "N_inlier": 45, "refit": true}
{"timestamp": "15:23:27.104296", "frame": 53, "mu": [1.3211232900071566, 2.338571283331338, 1.1736709383589763], "Sigma": [[0.012651604372434597, -0.006108370962801583, -0.009556432882114177], [-0.006108370962801583, 0.006152885392875202, 0.0021228602772310453], [-0.009556432882114177, 0.0021228602772310457, 0.025070719161025636]], "chi2_level": 0.997, "chi2_df": 3, "chi2_threshold": 13.931422665512084, "N_raw": 56, "N_roi": 55, "N_inlier": 54, "refit": true}
{"timestamp": "15:23:27.163354", "frame": 54, "mu": [1.331032116429519, 2.2249093674243614, 0.9584605462278016], "Sigma": [[0.02193806387437094, -0.014877229147670519, -0.02905591764391583], [-0.01487722914767052, 0.011559581598156348, 0.020071204594780928], [-0.02905591764391583, 0.020071204594780928, 0.08312650350887658]], "chi2_level": 0.997, "chi2_df": 3, "chi2_threshold": 13.931422665512084, "N_raw": 85, "N_roi": 85, "N_inlier": 82, "refit": true}
{"timestamp": "15:23:27.216548", "frame": 55, "mu": [1.2862362952560205, 2.2514314692903055, -1.0003547274311981], "Sigma": [[0.013493077757567447, -0.001841646742957301, 0.0036067830350571886], [-0.001841646742957301, 0.005716949955168249, 0.011894361246961995], [0.0036067830350571886, 0.011894361246961993, 0.10850431513089792]], "chi2_level": 0.997, "chi2_df": 3, "chi2_threshold": 13.931422665512084, "N_raw": 72, "N_roi": 72, "N_inlier": 70, "refit": true}
{"timestamp": "15:23:27.272405", "frame": 56, "mu": [1.2161066634244722, 2.175725190866393, 0.834244668901228], "Sigma": [[0.012588884014615278, -0.008531189384076402, 0.007144162213717142], [-0.008531189384076402, 0.007502043172338707, -0.008022736522456752], [0.007144162213717142, -0.008022736522456754, 0.04979846145070811]], "chi2_level": 0.997, "chi2_df": 3, "chi2_threshold": 13.931422665512084, "N_raw": 77, "N_roi": 77, "N_inlier": 74, "refit": true}
{"timestamp": "15:23:27.325016", "frame": 57, "mu": [1.1653999143723435, 2.2857640700736033, -0.5120580145912345], "Sigma": [[0.013712587169950882, -0.0013934848217946388, 0.004596735786825826], [-0.0013934848217946388, 0.004113855267000339, 0.005995196797791647], [0.004596735786825828, 0.0059951967977916465, 0.10692050729170648]], "chi2_level": 0.997, "chi2_df": 3, "chi2_threshold": 13.931422665512084, "N_raw": 61, "N_roi": 61, "N_inlier": 58, "refit": true}
{"timestamp": "15:23:27.383553", "frame": 58, "mu": [1.0577451423563322, 2.124073687027566, 0.8603852620657745], "Sigma": [[0.016836129051486032, -0.015351322177627904, 0.002785135511456038], [-0.015351322177627906, 0.018650938117174803, -0.0003210112892479758], [0.002785135511456038, -0.00032101128924797535, 0.08922414144764682]], "chi2_level": 0.997, "chi2_df": 3, "chi2_threshold": 13.931422665512084, "N_raw": 87, "N_roi": 87, "N_inlier": 85, "refit": true}
{"timestamp": "15:23:27.437754", "frame": 59, "mu": [1.0416290345674601, 2.0423411183157434, 0.7377527596574193], "Sigma": [[0.017605069967530383, -0.016842409676413622, 0.006694521443568722], [-0.016842409676413626, 0.020994883209051192, -0.008073704865107913], [0.006694521443568722, -0.008073704865107913, 0.044303854751470056]], "chi2_level": 0.997, "chi2_df": 3, "chi2_threshold": 13.931422665512084, "N_raw": 76, "N_roi": 76, "N_inlier": 74, "refit": true}
{"timestamp": "15:23:27.495608", "frame": 60, "mu": [0.9982234857082254, 2.011539298526672, 0.9338123430912543], "Sigma": [[0.015508389079856898, -0.010876709251517526, -0.005124743922946108], [-0.010876709251517526, 0.009632385143548753, -6.1411034375643e-05], [-0.0051247439229461095, -6.141103437564332e-05, 0.10256701055699669]], "chi2_level": 0.997, "chi2_df": 3, "chi2_threshold": 13.931422665512084, "N_raw": 107, "N_roi": 107, "N_inlier": 105, "refit": true}
{"timestamp": "15:23:27.550227", "frame": 61, "mu": [0.9556801172506882, 2.129047554797055, 0.07550500800501977], "Sigma": [[0.012053821151131064, -0.006636128482593568, 0.04072688148677161], [-0.006636128482593567, 0.017687927506972338, -0.07294920657888704], [0.04072688148677161, -0.07294920657888704, 0.39480302566244757]], "chi2_level": 0.997, "chi2_df": 3, "chi2_threshold": 13.931422665512084, "N_raw": 91, "N_roi": 91, "N_inlier": 84, "refit": true}
{"timestamp": "15:23:27.605522", "frame": 62, "mu": [0.8570348791712283, 1.9833325686618346, 1.0591148286459278], "Sigma": [[0.007932793115726419, -0.0034773469539998467, 0.0029300468305246147], [-0.0034773469539998462, 0.0047307628616292405, -0.003925153398871442], [0.002930046830524614, -0.003925153398871442, 0.1357563022158997]], "chi2_level": 0.997, "chi2_df": 3, "chi2_threshold": 13.931422665512084, "N_raw": 89, "N_roi": 89, "N_inlier": 87, "refit": true}
{"timestamp": "15:23:27.659538", "frame": 63, "mu": [0.8567488543115981, 2.0589005819176713, -0.07306237164681337], "Sigma": [[0.010525921886161733, -0.0042221988393259125, 0.01429220924960234], [-0.004222198839325913, 0.020616870359332455, -0.07800316961164122], [0.014292209249602342, -0.07800316961164122, 0.574648180694996]], "chi2_level": 0.997, "chi2_df": 3, "chi2_threshold": 13.931422665512084, "N_raw": 88, "N_roi": 88, "N_inlier": 86, "refit": true}
{"timestamp": "15:23:27.714492", "frame": 64, "mu": [0.7524160606319331, 1.8827727047858578, 1.1217776353840394], "Sigma": [[0.00782088885316538, -0.0034479563122374072, -0.010916540150515203], [-0.0034479563122374072, 0.004387369063537806, 0.007438728175044362], [-0.010916540150515202, 0.007438728175044362, 0.14303964349723394]], "chi2_level": 0.997, "chi2_df": 3, "chi2_threshold": 13.931422665512084, "N_raw": 88, "N_roi": 88, "N_inlier": 87, "refit": true}
{"timestamp": "15:23:27.769724", "frame": 65, "mu": [0.7345835966664569, 1.8564578922092436, 1.2369155955483866], "Sigma": [[0.01070417282505881, -0.00327721401044705, -0.01978076944596158], [-0.0032772140104470504, 0.005681021561269863, 0.005468094186247741], [-0.01978076944596158, 0.005468094186247743, 0.08344699915909315]], "chi2_level": 0.997, "chi2_df": 3, "chi2_threshold": 13.931422665512084, "N_raw": 87, "N_roi": 87, "N_inlier": 84, "refit": true}
{"timestamp": "15:23:27.821745", "frame": 66, "mu": [0.777114785435814, 1.7655933379666773, 0.943641108332028], "Sigma": [[0.00739110202033883, -0.005215994579146218, -0.013698475942455284], [-0.005215994579146218, 0.0054927334763742045, 0.013874529066562212], [-0.013698475942455284, 0.01387452906656221, 0.1451929407964288]], "chi2_level": 0.997, "chi2_df": 3, "chi2_threshold": 13.931422665512084, "N_raw": 77, "N_roi": 77, "N_inlier": 75, "refit": true}
{"timestamp": "15:23:27.881822", "frame": 67, "mu": [0.7539136272324277, 1.7659557769637173, -0.31925880956703506], "Sigma": [[0.009980794844427042, -0.00644352644514388, 0.04883794320069234], [-0.00644352644514388, 0.01824423208003614, -0.05242439284797826], [0.048837943200692346, -0.05242439284797826, 0.8252177448332131]], "chi2_level": 0.997, "chi2_df": 3, "chi2_threshold": 13.931422665512084, "N_raw": 103, "N_roi": 103, "N_inlier": 103, "refit": true}
{"timestamp": "15:23:27.943089", "frame": 68, "mu": [0.6088145764502877, 1.654637909669419, 0.6858961124886183], "Sigma": [[0.018370419914492297, -0.015270590075744314, -0.015702137049914806], [-0.015270590075744314, 0.027137345055622417, 0.05704849293007905], [-0.01570213704991481, 0.057048492930079055, 0.24308164539824856]], "chi2_level": 0.997, "chi2_df": 3, "chi2_threshold": 13.931422665512084, "N_raw": 150, "N_roi": 150, "N_inlier": 148, "refit": true}
{"timestamp": "15:23:27.985472", "frame": 69, "mu": [0.5179322352260229, 1.7045826761160943, 1.1469528061516172], "Sigma": [[0.011335325011537582, -0.004447458153890893, -0.031478987842515266], [-0.004447458153890894, 0.003945171692413447, 0.010951355931703134], [-0.031478987842515266, 0.010951355931703132, 0.1494143191771767]], "chi2_level": 0.997, "chi2_df": 3, "chi2_threshold": 13.931422665512084, "N_raw": 57, "N_roi": 57, "N_inlier": 54, "refit": true}
{"timestamp": "15:23:28.041696", "frame": 70, "mu": [0.3967832526776874, 1.7436919347700772, 1.118114756553715], "Sigma": [[0.01166995111304273, -0.008828277778579398, 0.017706637862683047], [-0.008828277778579398, 0.010828574640440477, -0.025457918443632096], [0.017706637862683047, -0.025457918443632096, 0.07767173100800556]], "chi2_level": 0.997, "chi2_df": 3, "chi2_threshold": 13.931422665512084, "N_raw": 73, "N_roi": 73, "N_inlier": 70, "refit": true}
{"timestamp": "15:23:28.107650", "frame": 71, "mu": [0.383580324518182, 1.677617864567001, -0.2505038284443766], "Sigma": [[0.024340284525673786, -0.010562869070641898, 0.09229303459712837], [-0.010562869070641894, 0.00930319847182938, -0.03519360433403902], [0.09229303459712837, -0.03519360433403902, 1.5729354085815632]], "chi2_level": 0.997, "chi2_df": 3, "chi2_threshold": 13.931422665512084, "N_raw": 113, "N_roi": 113, "N_inlier": 112, "refit": true}
{"timestamp": "15:23:28.153113", "frame": 72, "mu": [0.46711783985454713, 1.6227392859431893, 0.8770469698336645], "Sigma": [[0.008323667795975818, 0.002982998682646322, -0.03406216761269948], [0.002982998682646322, 0.007880959703868954, -0.05151666355192949], [-0.03406216761269948, -0.05151666355192949, 0.48594513117136023]], "chi2_level": 0.997, "chi2_df": 3, "chi2_threshold": 13.931422665512084, "N_raw": 73, "N_roi": 73, "N_inlier": 72, "refit": true}
{"timestamp": "15:23:28.202443", "frame": 73, "mu": [0.4712892610509316, 1.4824912240762493, 0.7801030650071269], "Sigma": [[0.007216531143773532, 0.0013214392781518887, -0.017944074103312772], [0.0013214392781518889, 0.005010179141763487, -0.01397915052666905], [-0.017944074103312772, -0.01397915052666905, 0.09024817570061627]], "chi2_level": 0.997, "chi2_df": 3, "chi2_threshold": 13.931422665512084, "N_raw": 45, "N_roi": 45, "N_inlier": 42, "refit": true}
{"timestamp": "15:23:28.260888", "frame": 74, "mu": [0.2866939226334065, 1.476833112070658, 1.3403740737163428], "Sigma": [[0.005486352985443993, -0.0013692519077005297, 0.0026039321629826623], [-0.0013692519077005295, 0.0035067971885570405, -0.007231920034944855], [0.002603932162982662, -0.007231920034944855, 0.051922934245410265]], "chi2_level": 0.997, "chi2_df": 3, "chi2_threshold": 13.931422665512084, "N_raw": 70, "N_roi": 70, "N_inlier": 67, "refit": true}
{"timestamp": "15:23:28.314527", "frame": 75, "mu": [0.2496603178434104, 1.5372503258556391, -0.2877484949728945], "Sigma": [[0.005420736606273451, 0.003548519032837814, -0.016950795535075818], [0.003548519032837814, 0.014613139385458737, -0.0471037426841228], [-0.016950795535075818, -0.04710374268412279, 0.18616874713696518]], "chi2_level": 0.997, "chi2_df": 3, "chi2_threshold": 13.931422665512084, "N_raw": 52, "N_roi": 52, "N_inlier": 51, "refit": true}
{"timestamp": "15:23:28.367205", "frame": 76, "mu": [0.27054852515752037, 1.4490939021923361, -0.5097107177369111], "Sigma": [[0.00653955238490419, 0.004463951422023918, 0.003086502204598467], [0.004463951422023918, 0.005041961749255939, 0.004039606856812358], [0.003086502204598467, 0.004039606856812358, 0.024092039726791532]], "chi2_level": 0.997, "chi2_df": 3, "chi2_threshold": 13.931422665512084, "N_raw": 40, "N_roi": 40, "N_inlier": 38, "refit": true}
{"timestamp": "15:23:28.431724", "frame": 77, "mu": [0.1816156218773332, 1.3900327635775118, 1.401813808305432], "Sigma": [[0.007456606303877203, 0.000912633197389182, -0.013556506629229869], [0.0009126331973891818, 0.003137074284866311, -0.0030747590538895385], [-0.013556506629229869, -0.0030747590538895376, 0.040087979910739424]], "chi2_level": 0.997, "chi2_df": 3, "chi2_threshold": 13.931422665512084, "N_raw": 73, "N_roi": 73, "N_inlier": 69, "refit": true}
{"timestamp": "15:23:28.481408", "frame": 78, "mu": [0.18975948825271732, 1.3584632901047637, 1.119297841415272], "Sigma": [[0.004150600818787958, 0.0001420407695436311, 0.0017241331785165636], [0.00014204076954363112, 0.004085223650825817, 0.010716004676829892], [0.001724133178516563, 0.010716004676829892, 0.14343003131594811]], "chi2_level": 0.997, "chi2_df": 3, "chi2_threshold": 13.931422665512084, "N_raw": 70, "N_roi": 70, "N_inlier": 67, "refit": true}
{"timestamp": "15:23:28.540098", "frame": 79, "mu": [0.07593722422204571, 1.2888651004025065, 1.129686244344752], "Sigma": [[0.003701529537059609, 0.000673431175379936, -0.007086414506634132], [0.000673431175379936, 0.005481383701557105, -0.004997735987052861], [-0.007086414506634132, -0.004997735987052859, 0.40716527706808475]], "chi2_level": 0.997, "chi2_df": 3, "chi2_threshold": 13.931422665512084, "N_raw": 94, "N_roi": 94, "N_inlier": 94, "refit": true}
{"timestamp": "15:23:28.591334", "frame": 80, "mu": [0.08429874621058184, 1.274325421517303, 1.200793853627627], "Sigma": [[0.00781626140186407, 0.001964930858820312, -0.031001567106086647], [0.0019649308588203123, 0.003926006495821327, -0.0039763522206681815], [-0.031001567106086647, -0.003976352220668182, 0.28224817246819056]], "chi2_level": 0.997, "chi2_df": 3, "chi2_threshold": 13.931422665512084, "N_raw": 71, "N_roi": 71, "N_inlier": 69, "refit": true}
{"timestamp": "15:23:28.645247", "frame": 81, "mu": [0.001457525918816927, 1.2737192797563064, -0.4286399655407154], "Sigma": [[0.0033619435446166973, 0.005299083002332502, 0.001166612649506829], [0.005299083002332502, 0.020726155174875884, -0.013612897858441561], [0.0011666126495068292, -0.013612897858441561, 0.045721962332430546]], "chi2_level": 0.997, "chi2_df": 3, "chi2_threshold": 13.931422665512084, "N_raw": 63, "N_roi": 63, "N_inlier": 59, "refit": true}
{"timestamp": "15:23:28.707310", "frame": 82, "mu": [-0.031641110337399914, 1.1637805891341226, 1.4020214665897632], "Sigma": [[0.006300508906699523, 0.001348771852855256, -0.0065165583958001], [0.001348771852855256, 0.005481271897956992, -0.006507822300180054], [-0.0065165583958001, -0.006507822300180054, 0.012406968891928]], "chi2_level": 0.997, "chi2_df": 3, "chi2_threshold": 13.931422665512084, "N_raw": 115, "N_roi": 115, "N_inlier": 110, "refit": true}
{"timestamp": "15:23:28.764807", "frame": 83, "mu": [-0.10832580976237685, 1.248327915832785, -0.3392344120340991], "Sigma": [[0.006359530419970485, 0.0017075725271459385, -0.008483628770332012], [0.0017075725271459385, 0.00647737344714813, -0.00856512696480872], [-0.008483628770332012, -0.00856512696480872, 0.021291004596486092]], "chi2_level": 0.997, "chi2_df": 3, "chi2_threshold": 13.931422665512084, "N_raw": 116, "N_roi": 116, "N_inlier": 112, "refit": true}
{"timestamp": "15:23:28.812372", "frame": 84, "mu": [-0.14666484400656213, 1.0536336672362865, 1.411785057311432], "Sigma": [[0.0053755041148048745, -0.00015062522785090689, -0.005024736322383627], [-0.00015062522785090683, 0.005071830100407358, -0.00932465992894041], [-0.005024736322383627, -0.009324659928940408, 0.03566544693954728]], "chi2_level": 0.997, "chi2_df": 3, "chi2_threshold": 13.931422665512084, "N_raw": 66, "N_roi": 66, "N_inlier": 62, "refit": true}
{"timestamp": "15:23:28.869443", "frame": 85, "mu": [-0.16072240597582663, 1.0247790024601016, 1.361154197701439], "Sigma": [[0.003053278814070107, 0.0011496687899669863, -0.0040640765942563765], [0.0011496687899669863, 0.003432517570622726, -0.00578724628908109], [-0.0040640765942563765, -0.00578724628908109, 0.01475211992807106]], "chi2_level": 0.997, "chi2_df": 3, "chi2_threshold": 13.931422665512084, "N_raw": 90, "N_roi": 90, "N_inlier": 87, "refit": true}
{"timestamp": "15:23:28.917928", "frame": 86, "mu": [-0.2541674018221804, 0.9788760971667556, 1.4377782575654654], "Sigma": [[0.0022598415082646954, 0.00017827502083630613, -0.001596732409731579], [0.00017827502083630613, 0.0026381588191458187, -0.003298952975666419], [-0.001596732409731579, -0.003298952975666419, 0.005389102483642337]], "chi2_level": 0.997, "chi2_df": 3, "chi2_threshold": 13.931422665512084, "N_raw": 56, "N_roi": 56, "N_inlier": 55, "refit": true}
{"timestamp": "15:23:28.971815", "frame": 87, "mu": [-0.2869694894986389, 0.9172220598830491, 1.49791077743045], "Sigma": [[0.0024788244986044053, -0.00018663247193748705, -0.0010502294654851235], [-0.00018663247193748705, 0.0026734084492311665, -0.002019561886301461], [-0.0010502294654851235, -0.002019561886301461, 0.00369552727764507]], "chi2_level": 0.997, "chi2_df": 3, "chi2_threshold": 13.931422665512084, "N_raw": 48, "N_roi": 48, "N_inlier": 46, "refit": true}
{"timestamp": "15:23:29.031823", "frame": 88, "mu": [-0.29474856921629156, 0.8908627532211533, 1.290892248013643], "Sigma": [[0.007838755059683346, -0.0019941866145391273, -0.021442416108227405], [-0.0019941866145391273, 0.002432682583292498, 0.0029705975024744507], [-0.021442416108227405, 0.00297059750247445, 0.08203896119469781]], "chi2_level": 0.997, "chi2_df": 3, "chi2_threshold": 13.931422665512084, "N_raw": 80, "N_roi": 79, "N_inlier": 76, "refit": true}
{"timestamp": "15:23:29.084814", "frame": 89, "mu": [-0.4103453598798703, 0.8465680237951156, 1.2247687764131623], "Sigma": [[0.003782371130315475, -0.00124207297540524, -0.00910320612543165], [-0.0012420729754052402, 0.003983202084261376, -0.014028149190087678], [-0.00910320612543165, -0.014028149190087678, 0.394242693748103]], "chi2_level": 0.997, "chi2_df": 3, "chi2_threshold": 13.931422665512084, "N_raw": 63, "N_roi": 63, "N_inlier": 61, "refit": true}
{"timestamp": "15:23:29.140421", "frame": 90, "mu": [-0.3798122956434182, 0.8303977376555892, 1.4046145029781743], "Sigma": [[0.003297470460989546, 0.0013833936580576805, -0.005063936090333669], [0.0013833936580576805, 0.004472373518109909, -0.007985372017766581], [-0.005063936090333669, -0.007985372017766581, 0.018687147265347523]], "chi2_level": 0.997, "chi2_df": 3, "chi2_threshold": 13.931422665512084, "N_raw": 69, "N_roi": 69, "N_inlier": 69, "refit": true}
{"timestamp": "15:23:29.186159", "frame": 91, "mu": [-0.4311958019243909, 0.786711519235677, 0.9649921454031969], "Sigma": [[0.00584238261968253, -0.00360524283097146, 0.04219877070281284], [-0.0036052428309714603, 0.004831085879064957, -0.019859548938761705], [0.04219877070281284, -0.019859548938761705, 0.3684871091299417]], "chi2_level": 0.997, "chi2_df": 3, "chi2_threshold": 13.931422665512084, "N_raw": 8, "N_roi": 8, "N_inlier": 8, "refit": true}
{"timestamp": "15:23:29.243297", "frame": 92, "mu": [-0.6599296139710784, 0.760035713251784, -0.473300992525375], "Sigma": [[0.03854604369773704, 0.0332010161939818, -0.04713985641906167], [0.0332010161939818, 0.05231532020459295, -0.10446307234479672], [-0.047139856419061675, -0.10446307234479672, 0.2608749758022641]], "chi2_level": 0.997, "chi2_df": 3, "chi2_threshold": 13.931422665512084, "N_raw": 23, "N_roi": 21, "N_inlier": 21, "refit": true}
{"timestamp": "15:23:29.298968", "frame": 93, "mu": [-0.7322017322394887, 0.5275065116705551, 1.5964372271310534], "Sigma": [[0.02101699861249135, 0.009763831157327122, -0.015342219327402713], [0.009763831157327122, 0.006257056773278417, -0.009508246954342658], [-0.015342219327402713, -0.009508246954342658, 0.015847083673548205]], "chi2_level": 0.997, "chi2_df": 3, "chi2_threshold": 13.931422665512084, "N_raw": 28, "N_roi": 28, "N_inlier": 26, "refit": true}
{"timestamp": "15:23:29.353471", "frame": 94, "mu": [-0.5862343589499337, 0.5209521295370088, 1.4936127993392163], "Sigma": [[0.02229294554172291, 0.012665974358681106, -0.010948186060423186], [0.012665974358681106, 0.008390969276458694, -0.008576055580843742], [-0.010948186060423186, -0.008576055580843744, 0.014591177773736178]], "chi2_level": 0.997, "chi2_df": 3, "chi2_threshold": 13.931422665512084, "N_raw": 22, "N_roi": 21, "N_inlier": 20, "refit": true}
{"timestamp": "15:23:29.413876", "frame": 95, "mu": [-0.7134435125919572, 0.4566073673788871, 1.5841290749990333], "Sigma": [[0.006841150053159455, 0.002970021357635435, -0.0008412809534425066], [0.002970021357635435, 0.004078580400050595, -0.002156500487680831], [-0.0008412809534425068, -0.0021565004876808315, 0.0017074328872523073]], "chi2_level": 0.997, "chi2_df": 3, "chi2_threshold": 13.931422665512084, "N_raw": 64, "N_roi": 64, "N_inlier": 63, "refit": true}
{"timestamp": "15:23:29.471615", "frame": 96, "mu": [-0.7498747688736641, 0.38675847584890255, 1.5763235673982434], "Sigma": [[0.011106425198888844, 0.005076828062044261, -0.003761524575041806], [0.005076828062044261, 0.005262574303892419, -0.004757065289469741], [-0.0037615245750418054, -0.004757065289469741, 0.007396518792931698]], "chi2_level": 0.997, "chi2_df": 3, "chi2_threshold": 13.931422665512084, "N_raw": 79, "N_roi": 79, "N_inlier": 76, "refit": true}
{"timestamp": "15:23:29.519454", "frame": 97, "mu": [-0.7429978293628501, 0.3981687703333014, 1.5683755259521244], "Sigma": [[0.004059398426460339, 0.0035490311173630804, -0.003878152960498948], [0.0035490311173630804, 0.00715025548342655, -0.007941337487341226], [-0.003878152960498948, -0.007941337487341226, 0.009421895046609933]], "chi2_level": 0.997, "chi2_df": 3, "chi2_threshold": 13.931422665512084, "N_raw": 25, "N_roi": 25, "N_inlier": 25, "refit": true}
{"timestamp": "15:23:29.576109", "frame": 98, "mu": [-0.7929838250234846, 0.3444583925490998, 1.5959979408899982], "Sigma": [[0.003501736803643042, 0.0005480453976177922, 0.000438723329957468], [0.000548045397617792, 0.002666989273466109, -0.0020491393729769954], [0.000438723329957468, -0.0020491393729769954, 0.0021203949988201137]], "chi2_level": 0.997, "chi2_df": 3, "chi2_threshold": 13.931422665512084, "N_raw": 42, "N_roi": 42, "N_inlier": 40, "refit": true}
{"timestamp": "15:23:29.628332", "frame": 99, "mu": [-0.7931943858151083, 0.4454024194160543, -0.42493413010206865], "Sigma": [[0.004467177777789972, 0.002818684239546239, -0.0019984035218700595], [0.0028186842395462393, 0.004944076916127786, -0.0032599540977264977], [-0.0019984035218700595, -0.0032599540977264977, 0.007104498759160092]], "chi2_level": 0.997, "chi2_df": 3, "chi2_threshold": 13.931422665512084, "N_raw": 24, "N_roi": 24, "N_inlier": 24, "refit": true}
{"timestamp": "15:23:29.802139", "frame": 100, "mu": [-0.6215353346312943, 0.2409949674475988, 1.5504026344122437], "Sigma": [[0.32356308216464985, -0.00548878544477961, 0.011217901967734731], [-0.00548878544477961, 0.0027749817096085995, -0.004391646615904465], [0.011217901967734731, -0.004391646615904465, 0.010496901543829621]], "chi2_level": 0.997, "chi2_df": 3, "chi2_threshold": 13.931422665512084, "N_raw": 43, "N_roi": 43, "N_inlier": 41, "refit": true}
{"timestamp": "15:23:29.824913", "frame": 101, "mu": [-0.6567396926934145, 0.2146707149311785, 1.4320621327649603], "Sigma": [[0.33943199529804463, -0.007907978465466392, -0.004437962773238496], [-0.007907978465466394, 0.002290402325029892, 0.001442890538262466], [-0.004437962773238496, 0.001442890538262466, 0.003670177212672293]], "chi2_level": 0.997, "chi2_df": 3, "chi2_threshold": 13.931422665512084, "N_raw": 21, "N_roi": 21, "N_inlier": 21, "refit": true}
{"timestamp": "15:23:29.857192", "frame": 102, "mu": [-0.4622968303306155, 0.20204073238981274, 1.4535662032635548], "Sigma": [[0.547868151527859, -0.004098383351136563, 0.007186264143809691], [-0.004098383351136564, 0.001303120481781238, -0.0004925864931729207], [0.007186264143809694, -0.0004925864931729208, 0.0030845712355093103]], "chi2_level": 0.997, "chi2_df": 3, "chi2_threshold": 13.931422665512084, "N_raw": 34, "N_roi": 34, "N_inlier": 34, "refit": true}
