{"timestamp": "15:58:30.584714", "frame": 2, "mu": [0.5753369758417031, 1.1429176279276423, 1.5084254254146907], "Sigma": [[0.002319312099427589, 0.00019251849186197091, -0.0008792864004921416], [0.00019251849186197094, 0.0016881655080877806, -0.0005688146208916414], [-0.0008792864004921416, -0.0005688146208916414, 0.0005854191312927037]], "chi2_level": 0.997, "chi2_df": 3, "chi2_threshold": 13.931422665512084, "N_raw": 27, "N_roi": 27, "N_inlier": 26, "refit": true}
{"timestamp": "15:58:30.637595", "frame": 3, "mu": [0.5805816322684301, 1.1255180766777395, 1.5065755763368132], "Sigma": [[0.0008010606056452138, 0.000543310206257584, -0.0004247577818847951], [0.000543310206257584, 0.001673515727855498, -0.0007810920191101517], [-0.0004247577818847951, -0.0007810920191101516, 0.0004290169893160366]], "chi2_level": 0.997, "chi2_df": 3, "chi2_threshold": 13.931422665512084, "N_raw": 13, "N_roi": 13, "N_inlier": 12, "refit": true}
{"timestamp": "15:58:31.573059", "frame": 20, "mu": [0.5251887469237515, 1.1706575905066245, 1.1933219599323812], "Sigma": [[0.007604342298486636, -0.0010049758761567634, -0.03766955601731209], [-0.0010049758761567634, 0.0027224355330837647, 0.015093367078645493], [-0.03766955601731209, 0.015093367078645493, 0.3914192974495638]], "chi2_level": 0.997, "chi2_df": 3, "chi2_threshold": 13.931422665512084, "N_raw": 12, "N_roi": 12, "N_inlier": 12, "refit": true}
{"timestamp": "15:58:31.630988", "frame": 21, "mu": [0.5557333630745142, 1.1366594126507663, 1.3256652992234967], "Sigma": [[0.0048172530559025244, -0.0028176674916943756, -0.01889073856787233], [-0.0028176674916943756, 0.007963963543571232, 0.034815831223797764], [-0.01889073856787233, 0.034815831223797764, 0.19467158961023032]], "chi2_level": 0.997, "chi2_df": 3, "chi2_threshold": 13.931422665512084, "N_raw": 37, "N_roi": 37, "N_inlier": 37, "refit": true}
{"timestamp": "15:58:31.690776", "frame": 22, "mu": [0.5341390600197811, 1.0978880571743523, 0.8471991067269206], "Sigma": [[0.008419088700996788, -0.011280429885180542, -0.054760225128270876], [-0.011280429885180542, 0.020207258498144403, 0.09685208381157648], [-0.054760225128270876, 0.09685208381157648, 0.6100348810961459]], "chi2_level": 0.997, "chi2_df": 3, "chi2_threshold": 13.931422665512084, "N_raw": 63, "N_roi": 63, "N_inlier": 63, "refit": true}
{"timestamp": "15:58:31.738461", "frame": 23, "mu": [0.5816147772863642, 1.0970050278644774, 0.8104458563289767], "Sigma": [[0.010323722985888295, -0.011658811501899104, -0.059767839684872794], [-0.011658811501899104, 0.016296967902363367, 0.0660853945174533], [-0.05976783968487279, 0.0660853945174533, 0.3989303930231671]], "chi2_level": 0.997, "chi2_df": 3, "chi2_threshold": 13.931422665512084, "N_raw": 11, "N_roi": 11, "N_inlier": 11, "refit": true}
{"timestamp": "15:58:31.791455", "frame": 24, "mu": [0.5146181475804853, 1.0983136782074003, 0.8611089903025695], "Sigma": [[0.016625603806183296, -0.016907452428743794, -0.06484152424952255], [-0.016907452428743794, 0.021353910802675725, 0.08805510964751484], [-0.06484152424952255, 0.08805510964751484, 0.5235980155465775]], "chi2_level": 0.997, "chi2_df": 3, "chi2_threshold": 13.931422665512084, "N_raw": 10, "N_roi": 10, "N_inlier": 10, "refit": true}
{"timestamp": "15:58:31.852965", "frame": 25, "mu": [0.4826772933838744, 1.10490364508856, 0.8212053879176313], "Sigma": [[0.0046234803786762745, -0.003553373322965653, -0.029897898465385344], [-0.0035533733229656528, 0.008181504894094428, 0.06269058942420758], [-0.029897898465385344, 0.06269058942420759, 0.5938474921648199]], "chi2_level": 0.997, "chi2_df": 3, "chi2_threshold": 13.931422665512084, "N_raw": 43, "N_roi": 43, "N_inlier": 41, "refit": true}
{"timestamp": "15:58:31.908843", "frame": 26, "mu": [0.505017575071514, 1.204194961786867, 1.333557053683326], "Sigma": [[0.004729577114875884, 0.000633532293282889, -0.012077738013376565], [0.000633532293282889, 0.002602141110683894, 0.0005068896881050278], [-0.012077738013376565, 0.0005068896881050282, 0.07411471313064098]], "chi2_level": 0.997, "chi2_df": 3, "chi2_threshold": 13.931422665512084, "N_raw": 37, "N_roi": 37, "N_inlier": 34, "refit": true}
{"timestamp": "15:58:31.968094", "frame": 27, "mu": [0.458899191707177, 1.2006418809973403, 1.2977808716175876], "Sigma": [[0.007166528561832628, -0.0030251383724085395, -0.018206640134093725], [-0.003025138372408539, 0.0042592027556528815, 0.013260090194516306], [-0.018206640134093725, 0.013260090194516305, 0.09501308495879413]], "chi2_level": 0.997, "chi2_df": 3, "chi2_threshold": 13.931422665512084, "N_raw": 72, "N_roi": 72, "N_inlier": 69, "refit": true}
{"timestamp": "15:58:32.016242", "frame": 28, "mu": [0.44268037488922274, 1.3946729802517717, -0.7584164722363743], "Sigma": [[0.0053801285411522164, 0.0032088921693226645, -0.020288138995061177], [0.003208892169322665, 0.017437857530975903, -0.06954640030625647], [-0.020288138995061177, -0.06954640030625647, 0.4209148158922707]], "chi2_level": 0.997, "chi2_df": 3, "chi2_threshold": 13.931422665512084, "N_raw": 11, "N_roi": 11, "N_inlier": 10, "refit": true}
{"timestamp": "15:58:32.077420", "frame": 29, "mu": [0.37328884299521436, 1.1652057551418689, 1.4233552150782525], "Sigma": [[0.004274218002053788, -0.0003077756284178411, -0.003615819048206976], [-0.000307775628417841, 0.0026221832674337506, -0.0015283013376437965], [-0.003615819048206976, -0.0015283013376437967, 0.004957084335692668]], "chi2_level": 0.997, "chi2_df": 3, "chi2_threshold": 13.931422665512084, "N_raw": 62, "N_roi": 62, "N_inlier": 56, "refit": true}
{"timestamp": "15:58:32.132429", "frame": 30, "mu": [0.3028757936419736, 1.1967094795366684, 1.4277339078064804], "Sigma": [[0.004676525994203643, -0.0016246769408835447, -0.00781542584530285], [-0.0016246769408835445, 0.005868953862241083, 0.006396319959221035], [-0.00781542584530285, 0.006396319959221035, 0.02839111984545022]], "chi2_level": 0.997, "chi2_df": 3, "chi2_threshold": 13.931422665512084, "N_raw": 65, "N_roi": 65, "N_inlier": 61, "refit": true}
{"timestamp": "15:58:32.181612", "frame": 31, "mu": [0.22701560524364708, 1.0981969381339571, 0.7058867571413275], "Sigma": [[0.012887549974081317, -0.00597175158494553, 0.015959529041606295], [-0.005971751584945532, 0.03228315856109322, 0.07730309407335802], [0.015959529041606295, 0.07730309407335802, 0.5697701806427341]], "chi2_level": 0.997, "chi2_df": 3, "chi2_threshold": 13.931422665512084, "N_raw": 16, "N_roi": 14, "N_inlier": 13, "refit": true}
{"timestamp": "15:58:32.240811", "frame": 32, "mu": [0.18821577783765828, 1.186123956834892, 1.31413445729133], "Sigma": [[0.004988786444835345, -0.000916502679266031, -0.018467033966428202], [-0.0009165026792660309, 0.002353586423283696, 0.011607641642866724], [-0.018467033966428202, 0.011607641642866724, 0.20679085868336336]], "chi2_level": 0.997, "chi2_df": 3, "chi2_threshold": 13.931422665512084, "N_raw": 49, "N_roi": 49, "N_inlier": 47, "refit": true}
{"timestamp": "15:58:32.294510", "frame": 33, "mu": [0.1656671434258833, 1.1086783381967473, 1.2714260945999079], "Sigma": [[0.0041992010075810274, -0.0018714399541697566, -0.022046186724423628], [-0.0018714399541697566, 0.004846440645159745, 0.02636752788732044], [-0.022046186724423628, 0.026367527887320438, 0.3111438785121284]], "chi2_level": 0.997, "chi2_df": 3, "chi2_threshold": 13.931422665512084, "N_raw": 40, "N_roi": 40, "N_inlier": 38, "refit": true}
{"timestamp": "15:58:32.344992", "frame": 34, "mu": [0.1772219650435807, 1.0928761660153892, 0.8629918099131771], "Sigma": [[0.014011742537438096, 0.026129553268742334, -0.07584813699462174], [0.026129553268742334, 0.09297518301859715, -0.08210529144684507], [-0.07584813699462174, -0.08210529144684507, 0.5959700374443111]], "chi2_level": 0.997, "chi2_df": 3, "chi2_threshold": 13.931422665512084, "N_raw": 10, "N_roi": 10, "N_inlier": 10, "refit": true}
{"timestamp": "15:58:32.399604", "frame": 35, "mu": [0.17781622925999274, 1.3091198836916536, -0.7015689328929444], "Sigma": [[0.02875528922905837, 0.027331462360039877, -0.11966567532320062], [0.02733146236003988, 0.02848055678392446, -0.11140185421794233], [-0.11966567532320062, -0.11140185421794233, 0.5048637937058063]], "chi2_level": 0.997, "chi2_df": 3, "chi2_threshold": 13.931422665512084, "N_raw": 9, "N_roi": 9, "N_inlier": 9, "refit": true}
{"timestamp": "15:58:32.512447", "frame": 37, "mu": [-0.004141580590886581, 1.0694435032529737, 1.383581989075172], "Sigma": [[0.0017717984323270804, -0.0011145856336493639, -0.0035647976991534996], [-0.0011145856336493639, 0.003883820294792565, 0.0025923141403834398], [-0.0035647976991534996, 0.0025923141403834398, 0.007553019016305282]], "chi2_level": 0.997, "chi2_df": 3, "chi2_threshold": 13.931422665512084, "N_raw": 27, "N_roi": 27, "N_inlier": 27, "refit": true}
{"timestamp": "15:58:32.572334", "frame": 38, "mu": [-0.09858894925145367, 1.1309262628734489, 1.4465402897167767], "Sigma": [[0.002707695830659658, -0.0004710462305156857, -0.0029620929235957554], [-0.00047104623051568567, 0.006120374132400863, -0.001775686587065515], [-0.0029620929235957554, -0.0017756865870655154, 0.004716923844040812]], "chi2_level": 0.997, "chi2_df": 3, "chi2_threshold": 13.931422665512084, "N_raw": 64, "N_roi": 64, "N_inlier": 62, "refit": true}
{"timestamp": "15:58:32.627842", "frame": 39, "mu": [-0.17749586340495002, 1.113940396270436, 1.5051224332288107], "Sigma": [[0.003333381288753162, -0.0014418525628277822, -0.003513123152212079], [-0.0014418525628277822, 0.003661790277123266, -0.0008963970754432147], [-0.003513123152212079, -0.0008963970754432146, 0.005960239348486007]], "chi2_level": 0.997, "chi2_df": 3, "chi2_threshold": 13.931422665512084, "N_raw": 65, "N_roi": 65, "N_inlier": 64, "refit": true}
{"timestamp": "15:58:32.678615", "frame": 40, "mu": [-0.2323393382147121, 1.187309566526108, 1.444673501648795], "Sigma": [[0.0018350423321483115, 0.00045482482585045757, -0.0026070445869094553], [0.0004548248258504575, 0.0015533713442738306, -0.0026878093060595095], [-0.0026070445869094553, -0.0026878093060595095, 0.00922132291681865]], "chi2_level": 0.997, "chi2_df": 3, "chi2_threshold": 13.931422665512084, "N_raw": 36, "N_roi": 36, "N_inlier": 33, "refit": true}
{"timestamp": "15:58:32.742696", "frame": 41, "mu": [-0.27141472437351577, 1.1748277688511668, 0.10076071044744585], "Sigma": [[0.005931911392516796, -0.004972614596081868, 0.026800422888636252], [-0.004972614596081868, 0.012482759435831988, -0.04869500103440829], [0.026800422888636252, -0.0486950010344083, 0.3355186774217051]], "chi2_level": 0.997, "chi2_df": 3, "chi2_threshold": 13.931422665512084, "N_raw": 102, "N_roi": 102, "N_inlier": 102, "refit": true}
{"timestamp": "15:58:32.800352", "frame": 42, "mu": [-0.36422454911090285, 1.1399366674210498, 1.4422396007860538], "Sigma": [[0.006828830033136046, -0.0022066545813131545, -0.00768894222657831], [-0.0022066545813131545, 0.00428895150494103, -0.0016403993660884105], [-0.00768894222657831, -0.0016403993660884105, 0.015419154868023659]], "chi2_level": 0.997, "chi2_df": 3, "chi2_threshold": 13.931422665512084, "N_raw": 103, "N_roi": 103, "N_inlier": 100, "refit": true}
{"timestamp": "15:58:32.847143", "frame": 43, "mu": [-0.4598984845192947, 1.1543807988279795, 1.4696333553871246], "Sigma": [[0.003187685047895613, -0.0008381529019431815, -0.005084316568053884], [-0.0008381529019431816, 0.004174822685244596, 0.000741315140568305], [-0.005084316568053884, 0.000741315140568305, 0.021434509065184845]], "chi2_level": 0.997, "chi2_df": 3, "chi2_threshold": 13.931422665512084, "N_raw": 57, "N_roi": 57, "N_inlier": 53, "refit": true}
{"timestamp": "15:58:32.905589", "frame": 44, "mu": [-0.4562455737374181, 1.1286788368852223, 1.3363863209039049], "Sigma": [[0.0038961283088973743, -0.0019453667569473585, -0.0029851345626097413], [-0.0019453667569473585, 0.006977568329052026, -0.0017335605811587315], [-0.0029851345626097413, -0.0017335605811587313, 0.0061501215642585745]], "chi2_level": 0.997, "chi2_df": 3, "chi2_threshold": 13.931422665512084, "N_raw": 79, "N_roi": 79, "N_inlier": 76, "refit": true}
{"timestamp": "15:58:32.959633", "frame": 45, "mu": [-0.5630265006410462, 1.1683595415343255, 1.470515059061447], "Sigma": [[0.004209151289944904, -0.0022058471394064286, -0.004397008574826162], [-0.002205847139406428, 0.006303853957557842, 0.0003407044134291753], [-0.004397008574826162, 0.0003407044134291755, 0.016177346560010412]], "chi2_level": 0.997, "chi2_df": 3, "chi2_threshold": 13.931422665512084, "N_raw": 72, "N_roi": 72, "N_inlier": 69, "refit": true}
{"timestamp": "15:58:33.014946", "frame": 46, "mu": [-0.6081006148617126, 1.1472921402472518, 1.3982410744582865], "Sigma": [[0.006669336120313171, -0.0047473322129683495, -0.015189483269132454], [-0.00474733221296835, 0.008312087337072607, 0.017055668251334602], [-0.015189483269132454, 0.017055668251334602, 0.07162446929542371]], "chi2_level": 0.997, "chi2_df": 3, "chi2_threshold": 13.931422665512084, "N_raw": 71, "N_roi": 71, "N_inlier": 70, "refit": true}
{"timestamp": "15:58:33.068536", "frame": 47, "mu": [-0.6919266192395692, 1.197883567257133, 1.4916283481551895], "Sigma": [[0.0043423004406594745, -0.0007297219782034234, -0.002700825264193331], [-0.0007297219782034234, 0.004096029629077657, -0.0032946429991520007], [-0.002700825264193331, -0.0032946429991520007, 0.006342724871857347]], "chi2_level": 0.997, "chi2_df": 3, "chi2_threshold": 13.931422665512084, "N_raw": 65, "N_roi": 65, "N_inlier": 63, "refit": true}
{"timestamp": "15:58:33.121680", "frame": 48, "mu": [-0.7470049541755834, 1.1890592881259685, 1.5116378403179704], "Sigma": [[0.004145715945037035, 9.393375795975721e-05, -0.002390216782298585], [9.393375795975721e-05, 0.004776623919522149, -0.002632438472507943], [-0.002390216782298585, -0.0026324384725079433, 0.0032523326014916093]], "chi2_level": 0.997, "chi2_df": 3, "chi2_threshold": 13.931422665512084, "N_raw": 60, "N_roi": 60, "N_inlier": 58, "refit": true}
{"timestamp": "15:58:33.180395", "frame": 49, "mu": [-0.8583757141284195, 1.1319740279526767, 1.5890726662807964], "Sigma": [[0.018854108369116447, 0.009438569606672803, -0.015801347819171425], [0.009438569606672803, 0.011769452465654034, -0.01083241754286117], [-0.015801347819171425, -0.01083241754286117, 0.01677555802963783]], "chi2_level": 0.997, "chi2_df": 3, "chi2_threshold": 13.931422665512084, "N_raw": 84, "N_roi": 84, "N_inlier": 81, "refit": true}
{"timestamp": "15:58:33.235512", "frame": 50, "mu": [-0.9840578596500796, 1.0266283967218155, 1.5736438276623996], "Sigma": [[0.02635330754104391, 0.015842588304711865, -0.008811247496713043], [0.01584258830471186, 0.02637534154437313, 0.007615525546071788], [-0.008811247496713043, 0.007615525546071788, 0.023522217899716397]], "chi2_level": 0.997, "chi2_df": 3, "chi2_threshold": 13.931422665512084, "N_raw": 76, "N_roi": 76, "N_inlier": 74, "refit": true}
{"timestamp": "15:58:33.289471", "frame": 51, "mu": [-0.9647855211993105, 1.1295690779096388, 1.5154339167977913], "Sigma": [[0.00705964245699874, 0.00014628355081120403, -0.006216448505555269], [0.00014628355081120403, 0.012342120206971133, -0.0012056206883550079], [-0.006216448505555271, -0.0012056206883550079, 0.007244517530995855]], "chi2_level": 0.997, "chi2_df": 3, "chi2_threshold": 13.931422665512084, "N_raw": 74, "N_roi": 74, "N_inlier": 72, "refit": true}
{"timestamp": "15:58:33.346058", "frame": 52, "mu": [-1.1963347448603827, 1.0641553499996212, 1.6932610760540119], "Sigma": [[0.017434632679934454, 0.010391107271840139, -0.008903897484043247], [0.010391107271840139, 0.012103227689489736, -0.007578756304109595], [-0.008903897484043247, -0.007578756304109596, 0.007154715952890692]], "chi2_level": 0.997, "chi2_df": 3, "chi2_threshold": 13.931422665512084, "N_raw": 85, "N_roi": 85, "N_inlier": 84, "refit": true}
{"timestamp": "15:58:33.405300", "frame": 53, "mu": [-1.2082000686223344, 1.0686725647169248, 1.7600337254867398], "Sigma": [[0.020361730821020108, 0.009755706243097313, -0.014834623197376742], [0.009755706243097313, 0.0118774570163953, -0.009304659315856658], [-0.014834623197376742, -0.009304659315856658, 0.01579916640976231]], "chi2_level": 0.997, "chi2_df": 3, "chi2_threshold": 13.931422665512084, "N_raw": 105, "N_roi": 105, "N_inlier": 99, "refit": true}
{"timestamp": "15:58:33.457330", "frame": 54, "mu": [-1.2800030484457698, 1.0653404282612695, 1.7368025561792733], "Sigma": [[0.014860565624284382, 0.008304067983292113, -0.008105326866542494], [0.008304067983292113, 0.011823310812675297, -0.007189024180498397], [-0.008105326866542494, -0.007189024180498397, 0.011537041820577866]], "chi2_level": 0.997, "chi2_df": 3, "chi2_threshold": 13.931422665512084, "N_raw": 87, "N_roi": 87, "N_inlier": 83, "refit": true}
{"timestamp": "15:58:33.517873", "frame": 55, "mu": [-1.2430869574362555, 1.071857253180868, 1.4531789296311397], "Sigma": [[0.03866808376711364, 0.01773975056578435, -0.09107305606711794], [0.01773975056578435, 0.016268330871319975, -0.04441902300865776], [-0.09107305606711794, -0.04441902300865776, 0.29537398741069265]], "chi2_level": 0.997, "chi2_df": 3, "chi2_threshold": 13.931422665512084, "N_raw": 127, "N_roi": 127, "N_inlier": 127, "refit": true}
{"timestamp": "15:58:33.573530", "frame": 56, "mu": [-1.306617173473587, 1.063673112474313, 1.4288862929484536], "Sigma": [[0.03696572938066177, 0.021412767712343725, -0.07768226723313205], [0.021412767712343725, 0.02249739668512168, -0.05887511596200343], [-0.07768226723313205, -0.05887511596200343, 0.25639157830786297]], "chi2_level": 0.997, "chi2_df": 3, "chi2_threshold": 13.931422665512084, "N_raw": 127, "N_roi": 127, "N_inlier": 126, "refit": true}
{"timestamp": "15:58:33.625668", "frame": 57, "mu": [-1.3276608223055246, 1.1205848598532808, 1.4225675157965878], "Sigma": [[0.040829097939839666, 0.027233223367958193, -0.08962405413548312], [0.02723322336795819, 0.023374794928296347, -0.07038803032296051], [-0.08962405413548312, -0.07038803032296051, 0.3171493395391389]], "chi2_level": 0.997, "chi2_df": 3, "chi2_threshold": 13.931422665512084, "N_raw": 104, "N_roi": 104, "N_inlier": 103, "refit": true}
{"timestamp": "15:58:33.679354", "frame": 58, "mu": [-1.3676364906898772, 1.1095452454488661, 1.6442659040465997], "Sigma": [[0.028331133550610656, 0.012106437289437843, -0.021002224620466435], [0.012106437289437843, 0.012475281442003322, -0.010326233300036744], [-0.021002224620466435, -0.010326233300036746, 0.01950769111493139]], "chi2_level": 0.997, "chi2_df": 3, "chi2_threshold": 13.931422665512084, "N_raw": 99, "N_roi": 99, "N_inlier": 98, "refit": true}
{"timestamp": "15:58:33.732152", "frame": 59, "mu": [-1.4361250323149877, 1.125579462127588, 1.7100875199109031], "Sigma": [[0.024176018237251937, 0.009999708287573851, -0.018907238304154472], [0.00999970828757385, 0.010601004838317721, -0.010515735951574666], [-0.018907238304154472, -0.010515735951574666, 0.025189102477132297]], "chi2_level": 0.997, "chi2_df": 3, "chi2_threshold": 13.931422665512084, "N_raw": 85, "N_roi": 85, "N_inlier": 82, "refit": true}
{"timestamp": "15:58:33.786150", "frame": 60, "mu": [-1.3648077509680183, 1.2225071328398665, 1.4130667564057349], "Sigma": [[0.017164601210084295, 0.007484287203736418, -0.01537320426251437], [0.007484287203736418, 0.006366408649156237, -0.008206141057768056], [-0.015373204262514368, -0.008206141057768056, 0.04223923480146036]], "chi2_level": 0.997, "chi2_df": 3, "chi2_threshold": 13.931422665512084, "N_raw": 81, "N_roi": 81, "N_inlier": 79, "refit": true}
{"timestamp": "15:58:33.832968", "frame": 61, "mu": [-1.4249736834272118, 1.2215945798113232, 1.3275437020258458], "Sigma": [[0.04674091197415463, 0.010330844835564758, -0.10365257311078498], [0.010330844835564758, 0.0072943227479398175, -0.01152198768570267], [-0.10365257311078498, -0.01152198768570267, 0.3122909874740265]], "chi2_level": 0.997, "chi2_df": 3, "chi2_threshold": 13.931422665512084, "N_raw": 32, "N_roi": 32, "N_inlier": 32, "refit": true}
{"timestamp": "15:58:33.903136", "frame": 62, "mu": [-1.4344303204901125, 1.2914951126171568, 1.4611333011149035], "Sigma": [[0.03402971707771517, 0.010848515991088391, -0.05247049128260152], [0.010848515991088391, 0.014535226496899843, -0.0005109793816712015], [-0.05247049128260152, -0.0005109793816712015, 0.19494315450483832]], "chi2_level": 0.997, "chi2_df": 3, "chi2_threshold": 13.931422665512084, "N_raw": 134, "N_roi": 134, "N_inlier": 134, "refit": true}
{"timestamp": "15:58:33.958727", "frame": 63, "mu": [-1.4157485804684697, 1.3843649071434694, 1.4668386355380125], "Sigma": [[0.025999890552975358, 0.009109517681305477, -0.04313020214700449], [0.009109517681305475, 0.012430061487029744, -0.011885888833041798], [-0.0431302021470045, -0.011885888833041798, 0.16849743640592918]], "chi2_level": 0.997, "chi2_df": 3, "chi2_threshold": 13.931422665512084, "N_raw": 127, "N_roi": 127, "N_inlier": 127, "refit": true}
{"timestamp": "15:58:34.015774", "frame": 64, "mu": [-1.454793212721897, 1.4087115483015218, 1.4404258636470983], "Sigma": [[0.03272745081947465, 0.01148686479670643, -0.057979979932634644], [0.011486864796706428, 0.015646699413821276, -0.004458844438385996], [-0.057979979932634644, -0.004458844438385996, 0.2558111737329232]], "chi2_level": 0.997, "chi2_df": 3, "chi2_threshold": 13.931422665512084, "N_raw": 143, "N_roi": 143, "N_inlier": 142, "refit": true}
{"timestamp": "15:58:34.063205", "frame": 65, "mu": [-1.514107572127073, 1.460315201169464, 1.7137680332665883], "Sigma": [[0.04340854345312451, 0.024918743284725743, -0.0402841066054799], [0.024918743284725743, 0.020751896580110424, -0.02548490426949338], [-0.0402841066054799, -0.02548490426949338, 0.04067997678783133]], "chi2_level": 0.997, "chi2_df": 3, "chi2_threshold": 13.931422665512084, "N_raw": 93, "N_roi": 93, "N_inlier": 90, "refit": true}
{"timestamp": "15:58:34.113128", "frame": 66, "mu": [-1.466226855522872, 1.6358435950684196, 1.7300488159348768], "Sigma": [[0.03239322560827432, 0.027371938817680113, -0.028788885872976264], [0.027371938817680116, 0.03002971302189216, -0.02945067887081653], [-0.028788885872976264, -0.029450678870816524, 0.03278189706667607]], "chi2_level": 0.997, "chi2_df": 3, "chi2_threshold": 13.931422665512084, "N_raw": 57, "N_roi": 57, "N_inlier": 54, "refit": true}
{"timestamp": "15:58:34.161156", "frame": 67, "mu": [-1.5323670550257522, 1.6619872016336896, 1.3564910136631676], "Sigma": [[0.03789633456640713, 0.027222950726171913, -0.04526513661894879], [0.027222950726171913, 0.028795105855022207, -0.05957133048652616], [-0.0452651366189488, -0.05957133048652616, 0.29059757389053564]], "chi2_level": 0.997, "chi2_df": 3, "chi2_threshold": 13.931422665512084, "N_raw": 13, "N_roi": 13, "N_inlier": 13, "refit": true}
{"timestamp": "15:58:34.218069", "frame": 68, "mu": [-1.6042444116582057, 1.6020018957002782, 1.392619403226836], "Sigma": [[0.06794728689937836, 0.04052543615345555, -0.10472421589899639], [0.04052543615345555, 0.029982860066443788, -0.055196619572061664], [-0.10472421589899639, -0.055196619572061664, 0.4822404432427362]], "chi2_level": 0.997, "chi2_df": 3, "chi2_threshold": 13.931422665512084, "N_raw": 35, "N_roi": 35, "N_inlier": 35, "refit": true}
{"timestamp": "15:58:34.278182", "frame": 69, "mu": [-1.4559576006520096, 1.833963066678239, 1.4803084739703727], "Sigma": [[0.012071273701750818, 0.0037475403713662283, 0.005284105498000957], [0.0037475403713662283, 0.006108253343253393, 0.0011271044750518556], [0.005284105498000957, 0.0011271044750518558, 0.034452438559936016]], "chi2_level": 0.997, "chi2_df": 3, "chi2_threshold": 13.931422665512084, "N_raw": 62, "N_roi": 62, "N_inlier": 61, "refit": true}
{"timestamp": "15:58:34.334579", "frame": 70, "mu": [-1.590089892441586, 1.7607531335223936, 1.5175833935174237], "Sigma": [[0.07903656751327509, 0.05041370106798351, 0.00985337242760881], [0.05041370106798353, 0.0445778051697933, 0.01758423785858442], [0.00985337242760881, 0.01758423785858442, 0.03449513840345233]], "chi2_level": 0.997, "chi2_df": 3, "chi2_threshold": 13.931422665512084, "N_raw": 73, "N_roi": 73, "N_inlier": 69, "refit": true}
{"timestamp": "15:58:34.386578", "frame": 71, "mu": [-1.5192347063440075, 1.9523844292208943, -0.06819512238436748], "Sigma": [[0.05301796786106269, 0.03326546731722048, 0.008422012868215444], [0.03326546731722048, 0.025258995924093645, 0.0033710988348640164], [0.008422012868215444, 0.0033710988348640164, 0.04143933590711163]], "chi2_level": 0.997, "chi2_df": 3, "chi2_threshold": 13.931422665512084, "N_raw": 49, "N_roi": 49, "N_inlier": 47, "refit": true}
{"timestamp": "15:58:34.441322", "frame": 72, "mu": [-1.8138972588429747, 1.7649552758460736, 1.5513739600661953], "Sigma": [[0.16025510176854066, 0.09316203382639959, -0.05440936023442353], [0.09316203382639959, 0.060903784000686925, -0.03363020056041721], [-0.054409360234423526, -0.03363020056041721, 0.02611337047815911]], "chi2_level": 0.997, "chi2_df": 3, "chi2_threshold": 13.931422665512084, "N_raw": 57, "N_roi": 57, "N_inlier": 56, "refit": true}
{"timestamp": "15:58:34.495550", "frame": 73, "mu": [-1.5876511414727188, 2.021846255104779, 1.6112775599649574], "Sigma": [[0.06456251356279145, 0.03633378525759087, -0.04821056818642266], [0.03633378525759087, 0.02717997263129265, -0.025184005906539755], [-0.04821056818642265, -0.025184005906539755, 0.04390905057023532]], "chi2_level": 0.997, "chi2_df": 3, "chi2_threshold": 13.931422665512084, "N_raw": 53, "N_roi": 53, "N_inlier": 50, "refit": true}
{"timestamp": "15:58:34.547828", "frame": 74, "mu": [-1.445601116746231, 2.132994494490249, 1.4022867619466042], "Sigma": [[0.0059253058987087754, 0.0016206374585838786, -0.003251790438769454], [0.0016206374585838786, 0.004871518339199709, -0.001553822271924411], [-0.003251790438769454, -0.0015538222719244108, 0.0028755953353876013]], "chi2_level": 0.997, "chi2_df": 3, "chi2_threshold": 13.931422665512084, "N_raw": 31, "N_roi": 31, "N_inlier": 30, "refit": true}
{"timestamp": "15:58:34.600309", "frame": 75, "mu": [-1.4270263225175308, 2.121689621556329, 1.1215510726025792], "Sigma": [[0.1551387408813127, -0.22959374291198914, 0.09468885058757816], [-0.22959374291198914, 0.3483760564114174, -0.1257683477946422], [0.09468885058757816, -0.1257683477946422, 0.36260004238950816]], "chi2_level": 0.997, "chi2_df": 3, "chi2_threshold": 13.931422665512084, "N_raw": 10, "N_roi": 10, "N_inlier": 10, "refit": true}
{"timestamp": "15:58:34.660518", "frame": 76, "mu": [-1.4909442833170534, 2.2866963690127338, 1.3677725720699276], "Sigma": [[0.010503214284654923, -0.0014779999724573007, 0.0029612194362287573], [-0.0014779999724573007, 0.00439890874555702, -0.0034994459792962733], [0.002961219436228757, -0.0034994459792962733, 0.0428065721060403]], "chi2_level": 0.997, "chi2_df": 3, "chi2_threshold": 13.931422665512084, "N_raw": 46, "N_roi": 46, "N_inlier": 44, "refit": true}
{"timestamp": "15:58:34.721322", "frame": 77, "mu": [-1.5183202812028305, 2.347094639372861, 0.9986159807320676], "Sigma": [[0.015278135375389548, 0.0012237354092981517, 0.029190000793812045], [0.001223735409298152, 0.0055113487785922385, -0.011098061317804872], [0.029190000793812045, -0.011098061317804872, 0.2638534818030441]], "chi2_level": 0.997, "chi2_df": 3, "chi2_threshold": 13.931422665512084, "N_raw": 81, "N_roi": 81, "N_inlier": 80, "refit": true}
{"timestamp": "15:58:34.772567", "frame": 78, "mu": [-1.4514104342939125, 2.409874806443727, 1.190108369238588], "Sigma": [[0.012687475908344887, 0.0005920786546463844, 0.011133749782441398], [0.0005920786546463843, 0.012246945036340615, -0.0361231551648013], [0.011133749782441398, -0.03612315516480131, 0.13256668562751037]], "chi2_level": 0.997, "chi2_df": 3, "chi2_threshold": 13.931422665512084, "N_raw": 54, "N_roi": 54, "N_inlier": 53, "refit": true}
{"timestamp": "15:58:34.826494", "frame": 79, "mu": [-1.44161027488134, 2.436292609902148, 1.3429771288554062], "Sigma": [[0.011079086050432932, 0.004155757836333027, -0.008407574791130128], [0.004155757836333027, 0.005481576832439372, -0.007500695755937078], [-0.008407574791130128, -0.007500695755937078, 0.01822429410194331]], "chi2_level": 0.997, "chi2_df": 3, "chi2_threshold": 13.931422665512084, "N_raw": 51, "N_roi": 51, "N_inlier": 49, "refit": true}
{"timestamp": "15:58:34.887140", "frame": 80, "mu": [-1.5437341699059937, 2.5407611454923495, 1.346416981619779], "Sigma": [[0.017802202607267743, 0.00024438719714947165, -0.008461613618158604], [0.00024438719714947187, 0.007159008545396288, 0.0017651736465901207], [-0.008461613618158606, 0.0017651736465901216, 0.09549144604246698]], "chi2_level": 0.997, "chi2_df": 3, "chi2_threshold": 13.931422665512084, "N_raw": 89, "N_roi": 89, "N_inlier": 89, "refit": true}
{"timestamp": "15:58:34.938683", "frame": 81, "mu": [-1.4945945201340096, 2.603787745387011, 1.279510008409418], "Sigma": [[0.017647025958283432, 0.0025228542691675634, 0.009894599913388855], [0.0025228542691675634, 0.004019517787365422, -0.0026898306195257504], [0.009894599913388855, -0.00268983061952575, 0.05696817534002165]], "chi2_level": 0.997, "chi2_df": 3, "chi2_threshold": 13.931422665512084, "N_raw": 60, "N_roi": 60, "N_inlier": 59, "refit": true}
{"timestamp": "15:58:34.995360", "frame": 82, "mu": [-1.5627230706160051, 2.6785731669343966, 1.2089652010673273], "Sigma": [[0.020832481817800508, 0.003702336263362637, 0.017719746425839157], [0.003702336263362637, 0.005402266757566598, -0.002337132731165756], [0.017719746425839157, -0.002337132731165756, 0.06446240226536559]], "chi2_level": 0.997, "chi2_df": 3, "chi2_threshold": 13.931422665512084, "N_raw": 80, "N_roi": 80, "N_inlier": 77, "refit": true}
{"timestamp": "15:58:35.047580", "frame": 83, "mu": [-1.4431973467883568, 2.715220179946518, 1.3930878587409394], "Sigma": [[0.015797759340897315, 0.0039002423281134157, -0.008181600223888372], [0.003900242328113415, 0.006631932895628822, -0.003103959745379356], [-0.008181600223888372, -0.003103959745379356, 0.0053233637844782794]], "chi2_level": 0.997, "chi2_df": 3, "chi2_threshold": 13.931422665512084, "N_raw": 57, "N_roi": 57, "N_inlier": 54, "refit": true}
{"timestamp": "15:58:35.101387", "frame": 84, "mu": [-1.411073263169196, 2.8908895842173714, 0.051221617848907525], "Sigma": [[0.011947300423204655, 0.002244640676140011, 0.0006401870220863401], [0.0022446406761400107, 0.01440520175058379, -0.018060431477287475], [0.0006401870220863399, -0.018060431477287475, 0.03990057335105202]], "chi2_level": 0.997, "chi2_df": 3, "chi2_threshold": 13.931422665512084, "N_raw": 56, "N_roi": 56, "N_inlier": 54, "refit": true}
{"timestamp": "15:58:35.159692", "frame": 85, "mu": [-1.4720292964370787, 2.9228593257673467, 0.9796710319608836], "Sigma": [[0.014602261530316435, -0.0012055305575418684, 0.006746991457691122], [-0.001205530557541868, 0.01361407250351057, -0.05703490166322115], [0.006746991457691122, -0.05703490166322115, 0.3866482354229083]], "chi2_level": 0.997, "chi2_df": 3, "chi2_threshold": 13.931422665512084, "N_raw": 75, "N_roi": 75, "N_inlier": 75, "refit": true}
{"timestamp": "15:58:35.211513", "frame": 86, "mu": [-1.4491081273808146, 2.919956348299843, 1.3254800892383045], "Sigma": [[0.019422630646853623, 0.002463621236780931, 0.01102408264550177], [0.002463621236780931, 0.004988791218772903, -0.004492555302958922], [0.011024082645501768, -0.004492555302958923, 0.07047957629024015]], "chi2_level": 0.997, "chi2_df": 3, "chi2_threshold": 13.931422665512084, "N_raw": 54, "N_roi": 54, "N_inlier": 52, "refit": true}
{"timestamp": "15:58:35.262826", "frame": 87, "mu": [-1.468552171790316, 2.965556726671194, 1.2246303644087355], "Sigma": [[0.01961187970213665, -0.004007988310604749, 0.030416744639600063], [-0.004007988310604749, 0.004963827245318032, -0.019254205758574956], [0.030416744639600066, -0.019254205758574956, 0.13835761249866196]], "chi2_level": 0.997, "chi2_df": 3, "chi2_threshold": 13.931422665512084, "N_raw": 29, "N_roi": 29, "N_inlier": 28, "refit": true}
{"timestamp": "15:58:35.320444", "frame": 88, "mu": [-1.4255364984160765, 3.275995276747918, -0.5874581045438484], "Sigma": [[0.010770104546250667, 0.0019505078298910393, -0.007908788157770177], [0.0019505078298910393, 0.009282410259900146, -0.022307639479566987], [-0.007908788157770179, -0.022307639479566987, 0.08787696358863946]], "chi2_level": 0.997, "chi2_df": 3, "chi2_threshold": 13.931422665512084, "N_raw": 52, "N_roi": 52, "N_inlier": 51, "refit": true}
{"timestamp": "15:58:35.376327", "frame": 89, "mu": [-1.48156109821775, 3.1166072293402673, 1.0459076634218245], "Sigma": [[0.012565404748706988, -0.0024179782034160833, -0.03112374469646893], [-0.0024179782034160838, 0.00880638182510471, 0.034898450465304945], [-0.031123744696468933, 0.034898450465304945, 0.2687568745392112]], "chi2_level": 0.997, "chi2_df": 3, "chi2_threshold": 13.931422665512084, "N_raw": 49, "N_roi": 49, "N_inlier": 46, "refit": true}
{"timestamp": "15:58:35.427499", "frame": 90, "mu": [-1.4179148558735397, 3.139059126326183, 1.1543058391229561], "Sigma": [[0.0052353748363744975, 0.0006024134267465682, -0.0016232162364361083], [0.0006024134267465682, 0.0027142287256660368, -0.010728249183659212], [-0.0016232162364361083, -0.010728249183659212, 0.057196075895302435]], "chi2_level": 0.997, "chi2_df": 3, "chi2_threshold": 13.931422665512084, "N_raw": 23, "N_roi": 23, "N_inlier": 21, "refit": true}
{"timestamp": "15:58:35.484309", "frame": 91, "mu": [-1.391081894690369, 3.1785068051960517, 1.3671721421698533], "Sigma": [[0.016163083131468865, 0.0034840136697502477, -0.010399186301678479], [0.0034840136697502472, 0.005765580801171103, -0.0016446215933357843], [-0.010399186301678479, -0.0016446215933357843, 0.007772525003191285]], "chi2_level": 0.997, "chi2_df": 3, "chi2_threshold": 13.931422665512084, "N_raw": 45, "N_roi": 45, "N_inlier": 43, "refit": true}
{"timestamp": "15:58:35.547410", "frame": 92, "mu": [-1.422566020329818, 3.267464400180231, 1.2467564953312895], "Sigma": [[0.021371192354627165, 0.0008963408854754822, -0.010119966172239675], [0.0008963408854754827, 0.006992903730561166, -0.0083000315615603], [-0.010119966172239675, -0.0083000315615603, 0.09625579039064987]], "chi2_level": 0.997, "chi2_df": 3, "chi2_threshold": 13.931422665512084, "N_raw": 93, "N_roi": 93, "N_inlier": 92, "refit": true}
{"timestamp": "15:58:35.595958", "frame": 93, "mu": [-1.3925705964183823, 3.27930519268856, 1.3019303659507215], "Sigma": [[0.013696925350037798, 0.001730247063582161, -0.006056350243424548], [0.001730247063582161, 0.005759256226010852, -0.006468092122451697], [-0.006056350243424548, -0.006468092122451696, 0.03942970721566809]], "chi2_level": 0.997, "chi2_df": 3, "chi2_threshold": 13.931422665512084, "N_raw": 45, "N_roi": 45, "N_inlier": 43, "refit": true}
{"timestamp": "15:58:35.649612", "frame": 94, "mu": [-1.412931333766758, 3.333611104096087, 1.2089765929120277], "Sigma": [[0.01155980485277284, -0.0005864828313091769, 0.0002795500563808565], [-0.0005864828313091767, 0.00524057864880509, -0.01305086666210133], [0.0002795500563808565, -0.01305086666210133, 0.07868068363796726]], "chi2_level": 0.997, "chi2_df": 3, "chi2_threshold": 13.931422665512084, "N_raw": 35, "N_roi": 35, "N_inlier": 34, "refit": true}
{"timestamp": "15:58:35.699173", "frame": 95, "mu": [-1.2394689708191444, 2.90172991780773, 0.9722174867161613], "Sigma": [[0.22338218634492327, -0.5177489208723064, 0.2168198768864857], [-0.5177489208723064, 1.239717366443395, -0.4711585903982324], [0.21681987688648569, -0.4711585903982323, 0.3473168571967629]], "chi2_level": 0.997, "chi2_df": 3, "chi2_threshold": 13.931422665512084, "N_raw": 10, "N_roi": 10, "N_inlier": 10, "refit": true}
{"timestamp": "15:58:35.753881", "frame": 96, "mu": [-1.3916961300546924, 3.6381040472038553, -0.2749183729690413], "Sigma": [[0.011546236585600314, -0.007710669495205684, 0.036613785053517894], [-0.007710669495205684, 0.01226699513025255, -0.04912312706855588], [0.03661378505351789, -0.04912312706855588, 0.22880509257044832]], "chi2_level": 0.997, "chi2_df": 3, "chi2_threshold": 13.931422665512084, "N_raw": 9, "N_roi": 9, "N_inlier": 9, "refit": true}
{"timestamp": "15:58:35.808918", "frame": 97, "mu": [-1.1706868254017524, 3.149221311004461, 1.036443118182063], "Sigma": [[0.19408445030014385, -0.42387922131723904, 0.14164909459309094], [-0.42387922131723904, 0.9611402799209119, -0.26986574414901443], [0.14164909459309094, -0.2698657441490144, 0.3865715712286815]], "chi2_level": 0.997, "chi2_df": 3, "chi2_threshold": 13.931422665512084, "N_raw": 8, "N_roi": 8, "N_inlier": 8, "refit": true}
{"timestamp": "15:58:35.866060", "frame": 98, "mu": [-1.227588779338835, 3.67488817993507, -0.30920843241678564], "Sigma": [[0.010441491246932494, 0.006379117732158477, -0.01692952588543464], [0.006379117732158478, 0.047845730563956995, -0.12571073215443312], [-0.01692952588543464, -0.12571073215443312, 0.34831833119298244]], "chi2_level": 0.997, "chi2_df": 3, "chi2_threshold": 13.931422665512084, "N_raw": 21, "N_roi": 21, "N_inlier": 21, "refit": true}
{"timestamp": "15:58:36.146656", "frame": 102, "mu": [-0.9637627974824947, 3.595906819488699, 1.2941341234924488], "Sigma": [[0.004046315421722846, -0.0007439804092151079, 7.72643307778256e-05], [-0.000743980409215108, 0.003567100980586666, 0.0010965258648033497], [7.726433077782558e-05, 0.0010965258648033497, 0.0013497173375791158]], "chi2_level": 0.997, "chi2_df": 3, "chi2_threshold": 13.931422665512084, "N_raw": 13, "N_roi": 9, "N_inlier": 9, "refit": true}
{"timestamp": "15:58:36.174998", "frame": 103, "mu": [-1.0014847081076408, 3.6221061320659853, 0.9697522113418798], "Sigma": [[0.0072020610298253645, -0.0029815326430506993, 0.04194421681606499], [-0.0029815326430506993, 0.005681796904342115, -0.013737652527774957], [0.041944216816064986, -0.013737652527774957, 0.2648070692085015]], "chi2_level": 0.997, "chi2_df": 3, "chi2_threshold": 13.931422665512084, "N_raw": 7, "N_roi": 7, "N_inlier": 7, "refit": true}
{"timestamp": "15:58:36.207527", "frame": 104, "mu": [-0.9412725703491653, 3.596394909377141, 0.6889268833652659], "Sigma": [[0.019370590119728345, -0.004207715548971234, 0.09246658437711826], [-0.004207715548971234, 0.0029855208154284767, -0.021462953739326968], [0.09246658437711826, -0.02146295373932696, 0.4852500846962507]], "chi2_level": 0.997, "chi2_df": 3, "chi2_threshold": 13.931422665512084, "N_raw": 9, "N_roi": 7, "N_inlier": 7, "refit": true}
{"timestamp": "15:58:36.305451", "frame": 106, "mu": [-0.8087042414231581, 3.583001629295386, 1.1650500946198608], "Sigma": [[0.010543836951219032, -0.004305331717292815, 0.02499066322363295], [-0.0043053317172928145, 0.007860214367231394, -0.027842590433490178], [0.02499066322363295, -0.02784259043349018, 0.13252225325835718]], "chi2_level": 0.997, "chi2_df": 3, "chi2_threshold": 13.931422665512084, "N_raw": 22, "N_roi": 20, "N_inlier": 20, "refit": true}
{"timestamp": "15:58:36.579837", "frame": 111, "mu": [-0.4220380706585116, 3.6938708469329566, 1.2894710265989937], "Sigma": [[0.009371570667661982, 0.0007015286179378373, -0.011762052825054388], [0.0007015286179378373, 0.003364790079255175, -0.016139379711352618], [-0.011762052825054388, -0.016139379711352618, 0.2500645029246663]], "chi2_level": 0.997, "chi2_df": 3, "chi2_threshold": 13.931422665512084, "N_raw": 17, "N_roi": 17, "N_inlier": 17, "refit": true}
{"timestamp": "15:58:36.743892", "frame": 114, "mu": [-0.2644420355820961, 3.6466030565785346, 0.35153340222975504], "Sigma": [[0.0068206214907045445, -0.0005077223798320732, -0.001385548549639441], [-0.0005077223798320732, 0.0009255175204257682, -0.00020566411088738745], [-0.0013855485496394415, -0.00020566411088738745, 0.003249763878896838]], "chi2_level": 0.997, "chi2_df": 3, "chi2_threshold": 13.931422665512084, "N_raw": 13, "N_roi": 12, "N_inlier": 12, "refit": true}
