{"timestamp": "15:56:55.772232", "frame": 34, "mu": [-0.05131138157676243, 0.4315683005975291, 0.6120249687036474], "Sigma": [[3.9086809391857273, 0.028825316075834547, -0.0557514719384459], [0.028825316075834544, 0.0068573500397859765, -0.0033178516024556094], [-0.055751471938445894, -0.0033178516024556094, 0.0038639761257635574]], "chi2_level": 0.997, "chi2_df": 3, "chi2_threshold": 13.931422665512084, "N_raw": 10, "N_roi": 10, "N_inlier": 10, "refit": true}
{"timestamp": "15:56:55.881686", "frame": 36, "mu": [1.1437324835693183, 0.694408810114332, -1.129586870792966], "Sigma": [[1.9644585377565793, 0.05824496656374774, -0.020021134366553547], [0.05824496656374773, 0.007273820724457892, -0.00024768387528793556], [-0.02002113436655355, -0.0002476838752879355, 0.0016042223192191426]], "chi2_level": 0.997, "chi2_df": 3, "chi2_threshold": 13.931422665512084, "N_raw": 10, "N_roi": 10, "N_inlier": 10, "refit": true}
{"timestamp": "15:56:55.935139", "frame": 37, "mu": [-1.7035721774415151, 0.6057905021557782, 1.2406157194536065], "Sigma": [[0.005256912089162903, 0.006485692472881121, -0.0049238918651868385], [0.006485692472881121, 0.009241171615764715, -0.006361005187147413], [-0.0049238918651868385, -0.006361005187147413, 0.005065230071747495]], "chi2_level": 0.997, "chi2_df": 3, "chi2_threshold": 13.931422665512084, "N_raw": 9, "N_roi": 9, "N_inlier": 9, "refit": true}
{"timestamp": "15:56:55.991487", "frame": 38, "mu": [-1.528115569728458, 0.5866815428251793, 1.298415839071092], "Sigma": [[0.27868542049566547, -0.07936661343627316, 0.0840494180177949], [-0.07936661343627316, 0.033459790442150195, -0.03014165094014369], [0.0840494180177949, -0.03014165094014369, 0.029667603169550735]], "chi2_level": 0.997, "chi2_df": 3, "chi2_threshold": 13.931422665512084, "N_raw": 10, "N_roi": 10, "N_inlier": 10, "refit": true}
{"timestamp": "15:56:56.049072", "frame": 39, "mu": [-1.6765515642189999, 0.663642416244477, 1.2503666483503006], "Sigma": [[0.004028642599989754, 0.0038929883523551078, -0.001719566893410682], [0.003892988352355107, 0.006999071432960093, -0.0050379024877720315], [-0.0017195668934106819, -0.0050379024877720315, 0.006063181665673619]], "chi2_level": 0.997, "chi2_df": 3, "chi2_threshold": 13.931422665512084, "N_raw": 24, "N_roi": 24, "N_inlier": 24, "refit": true}
{"timestamp": "15:56:56.103525", "frame": 40, "mu": [-1.6095760884309949, 0.6790305371253839, 1.3137795894191013], "Sigma": [[0.004059368731234293, 0.003169467089584164, -0.002254505759224607], [0.0031694670895841635, 0.007203656296689783, -0.0034976694507495663], [-0.002254505759224607, -0.0034976694507495663, 0.0025199421768971695]], "chi2_level": 0.997, "chi2_df": 3, "chi2_threshold": 13.931422665512084, "N_raw": 21, "N_roi": 21, "N_inlier": 21, "refit": true}
{"timestamp": "15:56:56.157612", "frame": 41, "mu": [-1.5996472173459462, 0.7472125155009761, 1.2180265342528493], "Sigma": [[0.007499662205079858, 0.007799041367213837, 0.0291640637846624], [0.007799041367213837, 0.009943714329951173, 0.032702913559874494], [0.0291640637846624, 0.0327029135598745, 0.17806900743105417]], "chi2_level": 0.997, "chi2_df": 3, "chi2_threshold": 13.931422665512084, "N_raw": 18, "N_roi": 18, "N_inlier": 17, "refit": true}
{"timestamp": "15:56:56.213064", "frame": 42, "mu": [-1.552154300700118, 0.8432774536638936, 1.180221810290044], "Sigma": [[0.005329103331525511, 0.006204280726394532, -0.019573612935698537], [0.006204280726394533, 0.012361986045325265, -0.039817544548184015], [-0.019573612935698537, -0.03981754454818401, 0.14359723953209177]], "chi2_level": 0.997, "chi2_df": 3, "chi2_threshold": 13.931422665512084, "N_raw": 21, "N_roi": 21, "N_inlier": 20, "refit": true}
{"timestamp": "15:56:56.271760", "frame": 43, "mu": [-1.5666908199103484, 0.8666227937780887, 1.240010940660943], "Sigma": [[0.009778126242797674, 0.013157091035045913, -0.02057621412258326], [0.013157091035045913, 0.023400337061005617, -0.03301435425211787], [-0.020576214122583255, -0.033014354252117864, 0.1646817095703129]], "chi2_level": 0.997, "chi2_df": 3, "chi2_threshold": 13.931422665512084, "N_raw": 39, "N_roi": 39, "N_inlier": 39, "refit": true}
{"timestamp": "15:56:56.325765", "frame": 44, "mu": [-1.5541412392465643, 0.9188476299459143, 1.4372782891698486], "Sigma": [[0.006297855338669592, -0.000105791063843577, -0.005303208711411253], [-0.00010579106384357724, 0.0059130340503970044, -0.0024055743655515124], [-0.005303208711411255, -0.0024055743655515124, 0.0066063672847742625]], "chi2_level": 0.997, "chi2_df": 3, "chi2_threshold": 13.931422665512084, "N_raw": 39, "N_roi": 39, "N_inlier": 37, "refit": true}
{"timestamp": "15:56:56.388389", "frame": 45, "mu": [-1.530624238317806, 0.9370495463450111, 1.3979912278361886], "Sigma": [[0.008480330954575295, 0.001610276759464686, -0.0038356158994821785], [0.0016102767594646861, 0.008111931994534761, -0.0037632509446301364], [-0.003835615899482179, -0.0037632509446301364, 0.005246417047997253]], "chi2_level": 0.997, "chi2_df": 3, "chi2_threshold": 13.931422665512084, "N_raw": 55, "N_roi": 55, "N_inlier": 55, "refit": true}
{"timestamp": "15:56:56.436487", "frame": 46, "mu": [-1.4963751568775723, 0.9825513574645361, 1.3818980520742061], "Sigma": [[0.010016701424413242, 0.0007518214298672982, -0.00609654791849951], [0.000751821429867298, 0.005880570622467537, -0.0015530671209206426], [-0.00609654791849951, -0.0015530671209206426, 0.004327190797562139]], "chi2_level": 0.997, "chi2_df": 3, "chi2_threshold": 13.931422665512084, "N_raw": 42, "N_roi": 42, "N_inlier": 41, "refit": true}
{"timestamp": "15:56:56.491521", "frame": 47, "mu": [-1.459514961686994, 1.1199105707986037, -0.3372202427089307], "Sigma": [[0.008834483939856988, 0.006388674836200437, -0.000262108131562777], [0.006388674836200437, 0.015359132884636958, 0.006334502806543056], [-0.0002621081315627772, 0.006334502806543056, 0.007753022244471119]], "chi2_level": 0.997, "chi2_df": 3, "chi2_threshold": 13.931422665512084, "N_raw": 41, "N_roi": 41, "N_inlier": 41, "refit": true}
{"timestamp": "15:56:56.544518", "frame": 48, "mu": [-1.497752956612635, 1.026163038516887, 1.3314791178430767], "Sigma": [[0.014439285584397927, 0.004767056491066886, -0.009556650284862134], [0.004767056491066886, 0.009709943182563133, -0.002992788183707498], [-0.009556650284862134, -0.002992788183707498, 0.007084655954370853]], "chi2_level": 0.997, "chi2_df": 3, "chi2_threshold": 13.931422665512084, "N_raw": 29, "N_roi": 26, "N_inlier": 25, "refit": true}
{"timestamp": "15:56:56.597623", "frame": 49, "mu": [-1.3036850888997529, 1.2599768116018992, 1.1225941196287936], "Sigma": [[0.014019406184061733, 0.0025561215394090094, -0.034444625927101465], [0.0025561215394090094, 0.022136699510762095, -0.033560841491974525], [-0.034444625927101465, -0.033560841491974525, 0.46763581393207826]], "chi2_level": 0.997, "chi2_df": 3, "chi2_threshold": 13.931422665512084, "N_raw": 12, "N_roi": 12, "N_inlier": 12, "refit": true}
{"timestamp": "15:56:56.659745", "frame": 50, "mu": [-1.2334641884369948, 1.4075004473267532, 1.5666867523331005], "Sigma": [[0.012506719787564598, 0.004722434319133295, -0.006835898673779482], [0.004722434319133295, 0.008193713887982092, -0.005749195216875818], [-0.006835898673779482, -0.005749195216875817, 0.0059637946942289076]], "chi2_level": 0.997, "chi2_df": 3, "chi2_threshold": 13.931422665512084, "N_raw": 63, "N_roi": 63, "N_inlier": 61, "refit": true}
{"timestamp": "15:56:56.717026", "frame": 51, "mu": [-1.12362424154971, 1.5055276294505224, 1.6158491703676074], "Sigma": [[0.007625522359688018, -0.0001903416119673709, -0.003565313788789061], [-0.00019034161196737083, 0.004370989236195603, -0.0016251664719277388], [-0.003565313788789061, -0.0016251664719277386, 0.005321357639839629]], "chi2_level": 0.997, "chi2_df": 3, "chi2_threshold": 13.931422665512084, "N_raw": 54, "N_roi": 54, "N_inlier": 51, "refit": true}
{"timestamp": "15:56:56.772182", "frame": 52, "mu": [-1.028747719290667, 1.5814618597734897, 1.565394459430895], "Sigma": [[0.006418187279987337, -0.0008082211318544097, -0.003756047178183864], [-0.0008082211318544096, 0.0051609721125907325, -0.0022529430681162703], [-0.0037560471781838637, -0.0022529430681162703, 0.010787241429307122]], "chi2_level": 0.997, "chi2_df": 3, "chi2_threshold": 13.931422665512084, "N_raw": 60, "N_roi": 60, "N_inlier": 57, "refit": true}
{"timestamp": "15:56:56.826861", "frame": 53, "mu": [-0.9564024446007369, 1.700058940609876, -0.08964231169726933], "Sigma": [[0.007021034135542192, -0.00047147395581682806, -0.006173938271697824], [-0.00047147395581682746, 0.014541320012959389, -0.01413516450293724], [-0.006173938271697824, -0.01413516450293724, 0.03398229027640687]], "chi2_level": 0.997, "chi2_df": 3, "chi2_threshold": 13.931422665512084, "N_raw": 55, "N_roi": 55, "N_inlier": 53, "refit": true}
{"timestamp": "15:56:56.883123", "frame": 54, "mu": [-0.8605792216028383, 1.7355883087091266, -0.11459448427445892], "Sigma": [[0.006715730974393644, 0.000136732564615789, -0.006842061432985443], [0.00013673256461578905, 0.006278266412149678, 0.0029085171429233197], [-0.006842061432985444, 0.0029085171429233197, 0.014270935220370646]], "chi2_level": 0.997, "chi2_df": 3, "chi2_threshold": 13.931422665512084, "N_raw": 61, "N_roi": 61, "N_inlier": 57, "refit": true}
{"timestamp": "15:56:56.941999", "frame": 55, "mu": [-0.8990571760348438, 1.7317541118617403, 1.0283427181952525], "Sigma": [[0.014769029211664465, 0.0029591817260686765, 0.04713659337937084], [0.0029591817260686765, 0.006345445961530035, 0.02946320033605271], [0.04713659337937084, 0.02946320033605271, 0.37841594141492035]], "chi2_level": 0.997, "chi2_df": 3, "chi2_threshold": 13.931422665512084, "N_raw": 95, "N_roi": 95, "N_inlier": 95, "refit": true}
{"timestamp": "15:56:57.000601", "frame": 56, "mu": [-0.7948947424533647, 1.818993853841835, 1.1428186184042166], "Sigma": [[0.013975776605745798, -0.0009096522977000174, 0.03058275827005625], [-0.0009096522977000177, 0.006144035039938294, 0.007181749447733764], [0.03058275827005625, 0.007181749447733764, 0.26508359334120507]], "chi2_level": 0.997, "chi2_df": 3, "chi2_threshold": 13.931422665512084, "N_raw": 109, "N_roi": 107, "N_inlier": 106, "refit": true}
{"timestamp": "15:56:57.050766", "frame": 57, "mu": [-0.7446097405556155, 1.8827330310747226, 1.4973903874929662], "Sigma": [[0.00853837731753858, -0.0017616523811501135, -0.006780896616825914], [-0.0017616523811501135, 0.004790859874424218, -0.0032728338912502005], [-0.006780896616825914, -0.0032728338912502005, 0.024001454017937764]], "chi2_level": 0.997, "chi2_df": 3, "chi2_threshold": 13.931422665512084, "N_raw": 73, "N_roi": 73, "N_inlier": 69, "refit": true}
{"timestamp": "15:56:57.097995", "frame": 58, "mu": [-0.695784574568796, 1.9368128495657624, 0.8280311644131204], "Sigma": [[0.0044749881931083636, -0.0019221578380935111, 0.003793875057328987], [-0.0019221578380935111, 0.00798611416787932, 0.01972222282952282], [0.0037938750573289865, 0.01972222282952282, 0.4827055218360872]], "chi2_level": 0.997, "chi2_df": 3, "chi2_threshold": 13.931422665512084, "N_raw": 34, "N_roi": 34, "N_inlier": 34, "refit": true}
{"timestamp": "15:56:57.157857", "frame": 59, "mu": [-0.6553946539996695, 2.001649698903023, 1.3480693338330363], "Sigma": [[0.0065930810597644085, -0.0006429807012094202, 0.004325895489596118], [-0.0006429807012094203, 0.005903375211994247, 0.013121629397357589], [0.004325895489596119, 0.01312162939735759, 0.16091964647689197]], "chi2_level": 0.997, "chi2_df": 3, "chi2_threshold": 13.931422665512084, "N_raw": 67, "N_roi": 67, "N_inlier": 65, "refit": true}
{"timestamp": "15:56:57.215454", "frame": 60, "mu": [-0.6219800381280629, 2.1126712533652836, 1.476032672255915], "Sigma": [[0.008118186811083493, 0.000976673122092234, -0.00427578916396174], [0.000976673122092234, 0.004250190446181359, -0.006937574197356976], [-0.004275789163961742, -0.006937574197356976, 0.02180742351348854]], "chi2_level": 0.997, "chi2_df": 3, "chi2_threshold": 13.931422665512084, "N_raw": 76, "N_roi": 76, "N_inlier": 72, "refit": true}
{"timestamp": "15:56:57.271129", "frame": 61, "mu": [-0.5605278756830868, 2.1869234814786127, -0.24368954579284396], "Sigma": [[0.0073693309258056, 0.00031874233282724987, 0.024184189695457662], [0.00031874233282724976, 0.007648496078332018, 0.004392305040663895], [0.02418418969545766, 0.004392305040663894, 0.22652503790291803]], "chi2_level": 0.997, "chi2_df": 3, "chi2_threshold": 13.931422665512084, "N_raw": 81, "N_roi": 78, "N_inlier": 76, "refit": true}
{"timestamp": "15:56:57.326930", "frame": 62, "mu": [-0.5218734674646309, 2.208587125039405, 1.1749530567736102], "Sigma": [[0.010602308958964335, 0.002313779897884679, 0.0106101197216923], [0.0023137798978846796, 0.01764037010145671, 0.039646332049200206], [0.0106101197216923, 0.039646332049200206, 0.23355731076933506]], "chi2_level": 0.997, "chi2_df": 3, "chi2_threshold": 13.931422665512084, "N_raw": 85, "N_roi": 83, "N_inlier": 81, "refit": true}
{"timestamp": "15:56:57.379091", "frame": 63, "mu": [-0.45128517586420014, 2.2459781119608015, 1.4446451905785571], "Sigma": [[0.011303151704099882, 0.0004897990409675266, 0.0019538456289786652], [0.000489799040967527, 0.01816735857643213, 0.04093159521047429], [0.001953845628978666, 0.040931595210474285, 0.12273829061554739]], "chi2_level": 0.997, "chi2_df": 3, "chi2_threshold": 13.931422665512084, "N_raw": 70, "N_roi": 68, "N_inlier": 62, "refit": true}
{"timestamp": "15:56:57.437388", "frame": 64, "mu": [-0.31159145199785315, 2.3993543791462155, 0.1186458203013412], "Sigma": [[0.012275002113936116, -0.004443817312839958, 0.03610131282979827], [-0.004443817312839958, 0.009133354384581223, -0.020965935199131827], [0.03610131282979827, -0.020965935199131827, 0.31873027007195787]], "chi2_level": 0.997, "chi2_df": 3, "chi2_threshold": 13.931422665512084, "N_raw": 88, "N_roi": 82, "N_inlier": 82, "refit": true}
{"timestamp": "15:56:57.492313", "frame": 65, "mu": [-0.30255716678513417, 2.3466376088891416, 1.2275794574303638], "Sigma": [[0.014107562482284506, -0.0030236890234192583, 0.006543632763020689], [-0.0030236890234192583, 0.00619285585254094, 0.00935175165039092], [0.006543632763020689, 0.00935175165039092, 0.18132338111239335]], "chi2_level": 0.997, "chi2_df": 3, "chi2_threshold": 13.931422665512084, "N_raw": 85, "N_roi": 85, "N_inlier": 84, "refit": true}
{"timestamp": "15:56:57.545507", "frame": 66, "mu": [-0.2977534036848216, 2.4484551700021493, 1.2489035764300103], "Sigma": [[0.018202934036905472, -0.001289730825770877, 0.036330727778594495], [-0.001289730825770877, 0.008812531132429201, 0.019562210165677163], [0.0363307277785945, 0.019562210165677163, 0.31317553639394485]], "chi2_level": 0.997, "chi2_df": 3, "chi2_threshold": 13.931422665512084, "N_raw": 83, "N_roi": 80, "N_inlier": 80, "refit": true}
{"timestamp": "15:56:57.599626", "frame": 67, "mu": [-0.21529820003447991, 2.5255761053905794, 1.28526541865226], "Sigma": [[0.009165565033387465, -5.2163419562825e-05, 0.004726929689174229], [-5.2163419562825056e-05, 0.008502208438366589, 0.027769762418577697], [0.004726929689174228, 0.027769762418577697, 0.4650101265666067]], "chi2_level": 0.997, "chi2_df": 3, "chi2_threshold": 13.931422665512084, "N_raw": 71, "N_roi": 71, "N_inlier": 71, "refit": true}
{"timestamp": "15:56:57.656748", "frame": 68, "mu": [-0.15189225769706224, 2.6308300934866686, -0.5645771676249344], "Sigma": [[0.009330867476337235, 0.0017753012333673259, 0.03846816427496501], [0.0017753012333673259, 0.029061100964915865, -0.041967132322263484], [0.03846816427496501, -0.0419671323222635, 0.36575494655185076]], "chi2_level": 0.997, "chi2_df": 3, "chi2_threshold": 13.931422665512084, "N_raw": 90, "N_roi": 87, "N_inlier": 86, "refit": true}
{"timestamp": "15:56:57.709797", "frame": 69, "mu": [-0.13959237440211292, 2.6026686026555192, 1.257155473210296], "Sigma": [[0.01246219965076763, -0.0045047205763454525, -0.0030173349911938566], [-0.004504720576345453, 0.00485692911824883, -0.004335190402524867], [-0.003017334991193856, -0.004335190402524867, 0.01340695396748289]], "chi2_level": 0.997, "chi2_df": 3, "chi2_threshold": 13.931422665512084, "N_raw": 69, "N_roi": 69, "N_inlier": 67, "refit": true}
{"timestamp": "15:56:57.767196", "frame": 70, "mu": [-0.18479903569549316, 2.5600069958009537, 0.8611296554229776], "Sigma": [[0.033079313289110304, 0.019617543303288375, 0.08412009554395972], [0.019617543303288375, 0.018936808249068408, 0.0670590602246177], [0.08412009554395972, 0.0670590602246177, 0.356786652520786]], "chi2_level": 0.997, "chi2_df": 3, "chi2_threshold": 13.931422665512084, "N_raw": 92, "N_roi": 88, "N_inlier": 86, "refit": true}
{"timestamp": "15:56:57.824577", "frame": 71, "mu": [-0.14912052822050526, 2.6666511604961127, 1.010231350294157], "Sigma": [[0.034231535549974074, 0.02277779235064071, 0.10185977019322637], [0.02277779235064071, 0.03116526407009693, 0.10601194052594737], [0.10185977019322637, 0.10601194052594737, 0.45947904344263324]], "chi2_level": 0.997, "chi2_df": 3, "chi2_threshold": 13.931422665512084, "N_raw": 106, "N_roi": 102, "N_inlier": 100, "refit": true}
{"timestamp": "15:56:57.874768", "frame": 72, "mu": [0.07714144745462034, 2.8260137290546514, 1.6747796529308232], "Sigma": [[0.0116860259163629, -0.0031593712406246576, -0.00953586205162047], [-0.0031593712406246576, 0.009506513861840935, 0.008529319818784988], [-0.009535862051620471, 0.008529319818784986, 0.017576721017504515]], "chi2_level": 0.997, "chi2_df": 3, "chi2_threshold": 13.931422665512084, "N_raw": 67, "N_roi": 67, "N_inlier": 63, "refit": true}
{"timestamp": "15:56:57.928398", "frame": 73, "mu": [0.18188367952139006, 2.8493725090023596, 1.5369500901329507], "Sigma": [[0.01049791189229347, -0.0031502669549536783, -0.00835450750373436], [-0.0031502669549536787, 0.010362606246522818, 0.007650761422824239], [-0.008354507503734362, 0.007650761422824238, 0.01072586278173245]], "chi2_level": 0.997, "chi2_df": 3, "chi2_threshold": 13.931422665512084, "N_raw": 66, "N_roi": 65, "N_inlier": 61, "refit": true}
{"timestamp": "15:56:57.983848", "frame": 74, "mu": [0.25035127933204776, 2.8729733815537566, 1.2995116553378976], "Sigma": [[0.011115067920747687, -0.0012389802935210584, 0.004622930749883299], [-0.0012389802935210584, 0.005132105701067828, -0.009540909516404208], [0.004622930749883299, -0.009540909516404208, 0.030012642798780846]], "chi2_level": 0.997, "chi2_df": 3, "chi2_threshold": 13.931422665512084, "N_raw": 66, "N_roi": 66, "N_inlier": 62, "refit": true}
{"timestamp": "15:56:58.034421", "frame": 75, "mu": [0.2880582056979377, 2.8977522037659345, 1.253926957340764], "Sigma": [[0.010300602937440716, -0.0019185336113011777, 0.01608022813929947], [-0.0019185336113011777, 0.0025995110066969296, -0.007203932727318323], [0.01608022813929947, -0.007203932727318324, 0.20549764124014216]], "chi2_level": 0.997, "chi2_df": 3, "chi2_threshold": 13.931422665512084, "N_raw": 42, "N_roi": 42, "N_inlier": 40, "refit": true}
{"timestamp": "15:56:58.084856", "frame": 76, "mu": [0.3091501098097257, 2.538125053429031, 0.20629114886159172], "Sigma": [[0.000981675398501659, 0.006122379623524181, 0.015660286943165957], [0.006122379623524179, 0.5761598300161159, 0.6997303637930365], [0.015660286943165957, 0.6997303637930365, 1.1506359551972312]], "chi2_level": 0.997, "chi2_df": 3, "chi2_threshold": 13.931422665512084, "N_raw": 10, "N_roi": 10, "N_inlier": 10, "refit": true}
{"timestamp": "15:56:58.147955", "frame": 77, "mu": [0.30783976003301516, 3.0329556309528316, 1.2306164793430077], "Sigma": [[0.013535034666243366, -0.0005876628669249311, 0.0105890157851168], [-0.0005876628669249312, 0.0011869526153433188, -0.00473613284502625], [0.0105890157851168, -0.00473613284502625, 0.08766631449812604]], "chi2_level": 0.997, "chi2_df": 3, "chi2_threshold": 13.931422665512084, "N_raw": 68, "N_roi": 68, "N_inlier": 65, "refit": true}
{"timestamp": "15:56:58.200174", "frame": 78, "mu": [0.31986364100006437, 3.012161176038237, 0.7455555276155593], "Sigma": [[0.0107173178074599, -0.0005556420459712041, 0.004226980949784085], [-0.000555642045971204, 0.0017945578427343769, 0.008200325811564097], [0.0042269809497840856, 0.008200325811564097, 0.08952216429057497]], "chi2_level": 0.997, "chi2_df": 3, "chi2_threshold": 13.931422665512084, "N_raw": 48, "N_roi": 48, "N_inlier": 44, "refit": true}
{"timestamp": "15:56:58.255926", "frame": 79, "mu": [0.3945834874975618, 3.1355295019754665, 1.2019128351437893], "Sigma": [[0.010366609497147447, 0.001743895490634408, 0.01056842955434587], [0.0017438954906344077, 0.00830628945881557, 0.028627571689732376], [0.01056842955434587, 0.028627571689732376, 0.18525970693914853]], "chi2_level": 0.997, "chi2_df": 3, "chi2_threshold": 13.931422665512084, "N_raw": 53, "N_roi": 53, "N_inlier": 53, "refit": true}
{"timestamp": "15:56:58.304781", "frame": 80, "mu": [0.4586752543868975, 3.206017339655945, 1.3323697316008136], "Sigma": [[0.004958515981093546, -0.00046539813393563396, 0.015345335766808858], [-0.00046539813393563375, 0.004155818420660811, 0.013886427929719159], [0.015345335766808858, 0.013886427929719159, 0.16542192025618171]], "chi2_level": 0.997, "chi2_df": 3, "chi2_threshold": 13.931422665512084, "N_raw": 12, "N_roi": 12, "N_inlier": 12, "refit": true}
{"timestamp": "15:56:58.358483", "frame": 81, "mu": [0.479069625914705, 3.2049920128587015, -0.6225414495111701], "Sigma": [[0.0027828180048234254, -0.0018168609841574396, 0.019639796063886817], [-0.0018168609841574396, 0.14211449624895936, 0.44704460960318537], [0.019639796063886814, 0.4470446096031853, 1.735796740175432]], "chi2_level": 0.997, "chi2_df": 3, "chi2_threshold": 13.931422665512084, "N_raw": 8, "N_roi": 8, "N_inlier": 8, "refit": true}
{"timestamp": "15:56:58.414332", "frame": 82, "mu": [0.6449586520795066, 3.0646410843598417, 0.671675290775239], "Sigma": [[0.0022874731555712364, -0.021988071692067644, -0.03620773116654015], [-0.021988071692067644, 0.44234179388844264, 0.7246279251096912], [-0.03620773116654015, 0.7246279251096912, 1.3876196492370299]], "chi2_level": 0.997, "chi2_df": 3, "chi2_threshold": 13.931422665512084, "N_raw": 10, "N_roi": 9, "N_inlier": 9, "refit": true}
{"timestamp": "15:56:58.525768", "frame": 84, "mu": [0.7351781872726162, 3.4523681905559873, 1.1912270061733818], "Sigma": [[0.004239080310220302, -0.0013319410581137045, -0.005850465998909333], [-0.0013319410581137043, 0.00406865277397603, -0.015758699051839326], [-0.005850465998909335, -0.015758699051839326, 0.2995643318240483]], "chi2_level": 0.997, "chi2_df": 3, "chi2_threshold": 13.931422665512084, "N_raw": 23, "N_roi": 23, "N_inlier": 23, "refit": true}
{"timestamp": "15:56:58.580689", "frame": 85, "mu": [0.7411809999121848, 3.5190023525948684, 1.1019309400892703], "Sigma": [[0.004106620707715868, -0.0016278513605805867, 0.0032943213230905545], [-0.0016278513605805865, 0.004137034104361049, -0.013609831939520218], [0.0032943213230905545, -0.013609831939520218, 0.073067573802158]], "chi2_level": 0.997, "chi2_df": 3, "chi2_threshold": 13.931422665512084, "N_raw": 17, "N_roi": 15, "N_inlier": 15, "refit": true}
{"timestamp": "15:56:58.639153", "frame": 86, "mu": [0.7773688899608311, 3.530260284612574, 1.0846386280149605], "Sigma": [[0.005943386518252138, -0.001144683193658269, -0.004379293078701048], [-0.0011446831936582692, 0.0022112946364714705, -0.00492277713227078], [-0.004379293078701047, -0.00492277713227078, 0.027904225957417185]], "chi2_level": 0.997, "chi2_df": 3, "chi2_threshold": 13.931422665512084, "N_raw": 25, "N_roi": 25, "N_inlier": 23, "refit": true}
{"timestamp": "15:56:58.690618", "frame": 87, "mu": [0.7484010702462066, 3.5699439791064522, 0.6017453375497035], "Sigma": [[0.01433462741679274, -0.004815817353274621, 0.018226892572145187], [-0.004815817353274621, 0.0027124902523491734, -0.006637772883203505], [0.018226892572145187, -0.006637772883203505, 0.04661445417654822]], "chi2_level": 0.997, "chi2_df": 3, "chi2_threshold": 13.931422665512084, "N_raw": 19, "N_roi": 19, "N_inlier": 19, "refit": true}
{"timestamp": "15:56:58.750652", "frame": 88, "mu": [0.8477296083281611, 3.612770789568698, 0.8888178137905787], "Sigma": [[0.02224357807989833, -0.006100814162361998, 0.03846753787873197], [-0.006100814162361998, 0.004602871287900546, -0.012021784984189602], [0.03846753787873197, -0.012021784984189602, 0.10702889690013134]], "chi2_level": 0.997, "chi2_df": 3, "chi2_threshold": 13.931422665512084, "N_raw": 54, "N_roi": 51, "N_inlier": 50, "refit": true}
{"timestamp": "15:56:58.802127", "frame": 89, "mu": [0.8480320385002781, 3.7186045532817324, 0.9599807411564333], "Sigma": [[0.02409959269116066, -0.015225849573597287, 0.029331484636798473], [-0.015225849573597287, 0.01305238810497861, -0.024106128154880287], [0.029331484636798473, -0.024106128154880283, 0.054270701979158495]], "chi2_level": 0.997, "chi2_df": 3, "chi2_threshold": 13.931422665512084, "N_raw": 29, "N_roi": 29, "N_inlier": 28, "refit": true}
{"timestamp": "15:56:58.854434", "frame": 90, "mu": [1.0186376078711379, 3.71646693497986, 1.3822651272227513], "Sigma": [[0.006318314682924152, -0.003300152057757676, -0.0056836239311692915], [-0.003300152057757676, 0.005125391291781824, 0.005146405515991667], [-0.0056836239311692915, 0.005146405515991666, 0.009761594336444033]], "chi2_level": 0.997, "chi2_df": 3, "chi2_threshold": 13.931422665512084, "N_raw": 18, "N_roi": 18, "N_inlier": 17, "refit": true}
{"timestamp": "15:56:58.908494", "frame": 91, "mu": [0.9982841279963182, 3.616629522076639, 1.3556843366878524], "Sigma": [[0.0673409888598887, 0.22636980118397113, -0.07195576948115692], [0.2263698011839711, 0.8826453941574824, -0.20606247483730142], [-0.07195576948115692, -0.20606247483730142, 0.18308127921882278]], "chi2_level": 0.997, "chi2_df": 3, "chi2_threshold": 13.931422665512084, "N_raw": 9, "N_roi": 9, "N_inlier": 9, "refit": true}
{"timestamp": "15:56:58.966839", "frame": 92, "mu": [1.1520058017452555, 3.834227315017855, 1.4510407238068932], "Sigma": [[0.01525234003703371, -0.004206649960913453, -0.008553734263715761], [-0.004206649960913453, 0.0037319843848714566, -0.0006417476825513551], [-0.008553734263715761, -0.0006417476825513553, 0.012766960930644854]], "chi2_level": 0.997, "chi2_df": 3, "chi2_threshold": 13.931422665512084, "N_raw": 32, "N_roi": 32, "N_inlier": 31, "refit": true}
{"timestamp": "15:56:59.019449", "frame": 93, "mu": [1.1570088838702628, 3.9807378205497232, 1.2595500726719435], "Sigma": [[0.005613968326161727, -0.0013331788244931684, 0.008813822331985006], [-0.0013331788244931686, 0.004437378742786615, -0.01959981872567907], [0.008813822331985004, -0.019599818725679067, 0.18411993812429703]], "chi2_level": 0.997, "chi2_df": 3, "chi2_threshold": 13.931422665512084, "N_raw": 13, "N_roi": 13, "N_inlier": 13, "refit": true}
{"timestamp": "15:56:59.077422", "frame": 94, "mu": [1.1749941527957664, 3.9776422211958558, 1.5543556987166458], "Sigma": [[0.02039949731166217, -0.006845778612382548, -0.009013722702501408], [-0.006845778612382548, 0.00591253681819759, 0.0033823919883002153], [-0.009013722702501406, 0.0033823919883002153, 0.006624235668365618]], "chi2_level": 0.997, "chi2_df": 3, "chi2_threshold": 13.931422665512084, "N_raw": 35, "N_roi": 35, "N_inlier": 35, "refit": true}
{"timestamp": "15:56:59.131110", "frame": 95, "mu": [1.2092829879797597, 4.0318159671385665, 1.4920057418246928], "Sigma": [[0.014568421915421672, -0.0046567530575250295, -0.0123402223952177], [-0.0046567530575250295, 0.004100549983644599, 0.006672993908649533], [-0.0123402223952177, 0.006672993908649533, 0.08639266694133341]], "chi2_level": 0.997, "chi2_df": 3, "chi2_threshold": 13.931422665512084, "N_raw": 31, "N_roi": 31, "N_inlier": 30, "refit": true}
{"timestamp": "15:56:59.238784", "frame": 97, "mu": [1.2616588317627662, 4.0735976546294435, 0.7036942367639708], "Sigma": [[0.00517180856105801, -0.000802212734228148, -0.0020911266765224817], [-0.0008022127342281482, 0.004065838254166415, 0.010223005826335426], [-0.0020911266765224817, 0.010223005826335426, 0.11834798394146115]], "chi2_level": 0.997, "chi2_df": 3, "chi2_threshold": 13.931422665512084, "N_raw": 11, "N_roi": 11, "N_inlier": 11, "refit": true}
{"timestamp": "15:56:59.527335", "frame": 102, "mu": [1.491587524277254, 4.486024347273138, 1.6743276389494124], "Sigma": [[0.019120258333600745, -0.005737370019794297, -0.006141799027549653], [-0.005737370019794297, 0.005820451477759438, 0.00533849135800412], [-0.006141799027549653, 0.00533849135800412, 0.007326200722864948]], "chi2_level": 0.997, "chi2_df": 3, "chi2_threshold": 13.931422665512084, "N_raw": 34, "N_roi": 34, "N_inlier": 34, "refit": true}
{"timestamp": "15:56:59.740901", "frame": 106, "mu": [1.662431304480936, 4.616100732768708, 1.1069377718870417], "Sigma": [[0.024866187123840124, -0.009823680695302758, -0.023725324349037964], [-0.009823680695302758, 0.007060189709762348, 0.03384981103361309], [-0.023725324349037964, 0.03384981103361309, 0.3581351165040503]], "chi2_level": 0.997, "chi2_df": 3, "chi2_threshold": 13.931422665512084, "N_raw": 50, "N_roi": 44, "N_inlier": 44, "refit": true}
{"timestamp": "15:56:59.789608", "frame": 107, "mu": [1.7108466180662398, 4.65264356815186, 0.7978410426403304], "Sigma": [[0.014375943710352411, -0.00422608226562604, -0.004157455543835596], [-0.004226082265626039, 0.0019224043273632378, -3.9229839747427505e-05], [-0.004157455543835597, -3.922983974742757e-05, 0.022385329091554565]], "chi2_level": 0.997, "chi2_df": 3, "chi2_threshold": 13.931422665512084, "N_raw": 17, "N_roi": 16, "N_inlier": 15, "refit": true}
{"timestamp": "15:56:59.848930", "frame": 108, "mu": [1.7718734513226513, 4.753789791292712, 1.3718620786773736], "Sigma": [[0.019001082694196085, -0.008196195991124304, -0.0027283014275681903], [-0.008196195991124304, 0.007408760853184391, -0.008757182678060122], [-0.0027283014275681886, -0.00875718267806012, 0.05493292027328149]], "chi2_level": 0.997, "chi2_df": 3, "chi2_threshold": 13.931422665512084, "N_raw": 44, "N_roi": 44, "N_inlier": 44, "refit": true}
{"timestamp": "15:56:59.953399", "frame": 110, "mu": [1.8546994275374078, 4.846015744568164, 1.717657677960674], "Sigma": [[0.005326611143677635, -0.001837387248190622, 0.0005305563656135327], [-0.001837387248190622, 0.003638446564293028, -0.00043842427537486747], [0.0005305563656135327, -0.00043842427537486747, 7.557342966895363e-05]], "chi2_level": 0.997, "chi2_df": 3, "chi2_threshold": 13.931422665512084, "N_raw": 10, "N_roi": 7, "N_inlier": 7, "refit": true}
{"timestamp": "15:57:00.118731", "frame": 113, "mu": [2.1167666325025247, 4.846117145170673, 1.5231502691256336], "Sigma": [[0.011681536111867277, -0.00456858583144698, 0.0012837275676338658], [-0.00456858583144698, 0.0029469593071666834, -0.0006472675830324326], [0.0012837275676338658, -0.0006472675830324326, 0.00016029776075211045]], "chi2_level": 0.997, "chi2_df": 3, "chi2_threshold": 13.931422665512084, "N_raw": 10, "N_roi": 8, "N_inlier": 8, "refit": true}
{"timestamp": "15:57:00.232227", "frame": 115, "mu": [2.141978585725146, 4.923944770122183, 1.3760055264714457], "Sigma": [[0.014809475522133492, -0.003772696823586384, -0.008726708365873637], [-0.003772696823586384, 0.0028048681704420046, 0.0008431618142718576], [-0.008726708365873637, 0.0008431618142718574, 0.00859762505202772]], "chi2_level": 0.997, "chi2_df": 3, "chi2_threshold": 13.931422665512084, "N_raw": 34, "N_roi": 15, "N_inlier": 15, "refit": true}
