{"timestamp": "16:11:25.453005", "frame": 29, "mu": [0.7458892181985137, 4.960827634599491, 0.7735960456819985], "Sigma": [[0.02447465116004026, -0.0003588523668073354, -0.03336290531892922], [-0.00035885236680733526, 0.0006084065130442536, 0.00019755269673342744], [-0.03336290531892922, 0.00019755269673342734, 0.054340789701102864]], "chi2_level": 0.997, "chi2_df": 3, "chi2_threshold": 13.931422665512084, "N_raw": 59, "N_roi": 15, "N_inlier": 15, "refit": true}
{"timestamp": "16:11:25.509751", "frame": 30, "mu": [0.5025812282096791, 4.958237338465682, -0.5736109268555508], "Sigma": [[0.022469668825142078, 0.0003275163406214498, 0.008092975720487599], [0.0003275163406214496, 0.0007919547415608804, 0.0020159447444857816], [0.008092975720487594, 0.0020159447444857816, 0.11425478868548905]], "chi2_level": 0.997, "chi2_df": 3, "chi2_threshold": 13.931422665512084, "N_raw": 68, "N_roi": 21, "N_inlier": 21, "refit": true}
{"timestamp": "16:11:25.565232", "frame": 31, "mu": [0.5841963718755818, 4.956581774491774, 1.150344829830703], "Sigma": [[0.017148506959056137, 0.0004137839582028911, -0.029062621451655675], [0.0004137839582028911, 0.0007498970586576164, -0.002122389828755662], [-0.029062621451655675, -0.002122389828755662, 0.07619836641737232]], "chi2_level": 0.997, "chi2_df": 3, "chi2_threshold": 13.931422665512084, "N_raw": 54, "N_roi": 19, "N_inlier": 19, "refit": true}
{"timestamp": "16:11:25.619175", "frame": 32, "mu": [0.5941940995504144, 4.949206121951795, 0.9614765130340912], "Sigma": [[0.02227181793572237, -0.001653053284153838, -0.036819265901471866], [-0.0016530532841538383, 0.0007546251766107014, -0.0006703593621897707], [-0.03681926590147187, -0.0006703593621897707, 0.09791694928199096]], "chi2_level": 0.997, "chi2_df": 3, "chi2_threshold": 13.931422665512084, "N_raw": 49, "N_roi": 31, "N_inlier": 31, "refit": true}
{"timestamp": "16:11:25.731579", "frame": 34, "mu": [0.5313265508626266, 4.885201812870454, -1.021268342699619], "Sigma": [[0.03355839801050116, -0.00676178510683164, -0.025901192343608284], [-0.00676178510683164, 0.0025636667148799587, -0.00037311407481131027], [-0.025901192343608284, -0.0003731140748113107, 0.08089921330374661]], "chi2_level": 0.997, "chi2_df": 3, "chi2_threshold": 13.931422665512084, "N_raw": 63, "N_roi": 54, "N_inlier": 54, "refit": true}
{"timestamp": "16:11:25.783495", "frame": 35, "mu": [0.5944856480093126, 4.874232489710496, 0.9971834520276376], "Sigma": [[0.033881255462902306, -0.0012331296577496047, -0.014830152577774284], [-0.0012331296577496047, 0.0026569987481425564, -0.0027965072853827957], [-0.014830152577774283, -0.0027965072853827957, 0.014794485086778445]], "chi2_level": 0.997, "chi2_df": 3, "chi2_threshold": 13.931422665512084, "N_raw": 47, "N_roi": 47, "N_inlier": 47, "refit": true}
{"timestamp": "16:11:25.840024", "frame": 36, "mu": [0.5472840688968612, 4.842333452483734, 1.044514691427522], "Sigma": [[0.028192343004951013, -0.0037788674613339467, -0.013091969059180522], [-0.0037788674613339476, 0.0036910435147526144, -0.00381490902727672], [-0.01309196905918052, -0.00381490902727672, 0.020815906921712205]], "chi2_level": 0.997, "chi2_df": 3, "chi2_threshold": 13.931422665512084, "N_raw": 49, "N_roi": 49, "N_inlier": 49, "refit": true}
{"timestamp": "16:11:25.892006", "frame": 37, "mu": [0.5703059713198295, 4.780338176043521, 0.6655817994722066], "Sigma": [[0.021487903669253114, -0.0006124415251661092, -0.0031617233245750265], [-0.0006124415251661091, 0.0028407553085160646, -0.00019266018480894613], [-0.0031617233245750265, -0.00019266018480894613, 0.0027263761711535345]], "chi2_level": 0.997, "chi2_df": 3, "chi2_threshold": 13.931422665512084, "N_raw": 37, "N_roi": 33, "N_inlier": 31, "refit": true}
{"timestamp": "16:11:25.943889", "frame": 38, "mu": [0.5176405196168055, 4.75734000711914, 0.7733211658193003], "Sigma": [[0.013004607073744795, 0.0005917924926547762, -0.008598755764345484], [0.0005917924926547763, 0.001207675183251739, -0.0050435017264580575], [-0.008598755764345486, -0.0050435017264580575, 0.058515788152272596]], "chi2_level": 0.997, "chi2_df": 3, "chi2_threshold": 13.931422665512084, "N_raw": 16, "N_roi": 16, "N_inlier": 16, "refit": true}
{"timestamp": "16:11:26.007999", "frame": 39, "mu": [0.6136556453356506, 4.7242708405373826, 0.8952229803978647], "Sigma": [[0.03885349738600273, -0.0018759835517015862, -0.024227278161635973], [-0.0018759835517015869, 0.004196642081939559, -0.007608590445588635], [-0.024227278161635973, -0.007608590445588634, 0.04120248765651704]], "chi2_level": 0.997, "chi2_df": 3, "chi2_threshold": 13.931422665512084, "N_raw": 78, "N_roi": 75, "N_inlier": 75, "refit": true}
{"timestamp": "16:11:26.059027", "frame": 40, "mu": [0.4986934063930453, 4.809970134779818, 0.10120164198852474], "Sigma": [[0.024429898209375137, 0.001107409993568789, -0.008685860393958158], [0.001107409993568789, 0.006995054243409228, -0.01846878155201883], [-0.008685860393958158, -0.01846878155201883, 0.06144305413157759]], "chi2_level": 0.997, "chi2_df": 3, "chi2_threshold": 13.931422665512084, "N_raw": 45, "N_roi": 44, "N_inlier": 42, "refit": true}
{"timestamp": "16:11:26.114677", "frame": 41, "mu": [0.4406615996762145, 4.6622269735280435, 0.8979608519978868], "Sigma": [[0.028257012102704593, -0.0018493654375532661, -0.0009699114461589], [-0.0018493654375532661, 0.0031277351738089407, -0.0019919746592531058], [-0.0009699114461589004, -0.0019919746592531058, 0.005454466584802912]], "chi2_level": 0.997, "chi2_df": 3, "chi2_threshold": 13.931422665512084, "N_raw": 49, "N_roi": 42, "N_inlier": 41, "refit": true}
{"timestamp": "16:11:26.170234", "frame": 42, "mu": [0.5116760478021236, 4.629237629615808, 1.0771822017803836], "Sigma": [[0.024682267919337402, -0.003154268922407048, -0.016577569390378986], [-0.003154268922407048, 0.0033292616006515095, -0.006886792817525711], [-0.016577569390378986, -0.006886792817525711, 0.05976237249116745]], "chi2_level": 0.997, "chi2_df": 3, "chi2_threshold": 13.931422665512084, "N_raw": 58, "N_roi": 58, "N_inlier": 57, "refit": true}
{"timestamp": "16:11:26.226255", "frame": 43, "mu": [0.5418876438155737, 4.597741209391376, 1.0138796380091053], "Sigma": [[0.02216378379608091, -0.004683733412134955, -0.0074942649585145946], [-0.0046837334121349545, 0.002271668393979502, -0.0030416469478720017], [-0.007494264958514593, -0.0030416469478720017, 0.026466240191149695]], "chi2_level": 0.997, "chi2_df": 3, "chi2_threshold": 13.931422665512084, "N_raw": 38, "N_roi": 38, "N_inlier": 37, "refit": true}
{"timestamp": "16:11:26.277708", "frame": 44, "mu": [0.652611313690099, 4.546638034445761, 0.8429911637149407], "Sigma": [[0.02795023257260936, -0.006920229186432357, -0.010601990183356634], [-0.0069202291864323565, 0.0047901767693933495, 0.0018010945514274584], [-0.010601990183356634, 0.0018010945514274584, 0.005644224450590223]], "chi2_level": 0.997, "chi2_df": 3, "chi2_threshold": 13.931422665512084, "N_raw": 41, "N_roi": 41, "N_inlier": 40, "refit": true}
{"timestamp": "16:11:26.332983", "frame": 45, "mu": [0.5925689452368892, 4.5284052102428225, 1.0107660068417925], "Sigma": [[0.01702396207896753, -0.00014620978795210933, -0.006709008276255597], [-0.00014620978795210933, 0.0008908036344754466, -0.003514072454300475], [-0.006709008276255597, -0.003514072454300475, 0.05303819063304853]], "chi2_level": 0.997, "chi2_df": 3, "chi2_threshold": 13.931422665512084, "N_raw": 37, "N_roi": 33, "N_inlier": 33, "refit": true}
{"timestamp": "16:11:26.388799", "frame": 46, "mu": [0.6445608858520965, 4.3378872869855964, 0.381202986513023], "Sigma": [[0.02761402024072559, -0.0012543048850786602, 0.010015151684423485], [-0.00125430488507866, 0.002138544453938695, -0.0011666782612559403], [0.010015151684423485, -0.00116667826125594, 0.010738866926584842]], "chi2_level": 0.997, "chi2_df": 3, "chi2_threshold": 13.931422665512084, "N_raw": 43, "N_roi": 43, "N_inlier": 39, "refit": true}
{"timestamp": "16:11:26.442833", "frame": 47, "mu": [0.7092597358962325, 4.312145882866087, 0.5310916834639208], "Sigma": [[0.026883977852557854, -0.0010210581983807396, 0.00886873522392359], [-0.0010210581983807396, 0.0008018982373671846, -0.001934935858939522], [0.00886873522392359, -0.001934935858939522, 0.018989243819701112]], "chi2_level": 0.997, "chi2_df": 3, "chi2_threshold": 13.931422665512084, "N_raw": 42, "N_roi": 42, "N_inlier": 40, "refit": true}
{"timestamp": "16:11:26.499507", "frame": 48, "mu": [0.7438554638528609, 4.313329989958422, 0.6604662477326863], "Sigma": [[0.01904832996001921, -0.0007430407078172772, -0.0019964842464010287], [-0.0007430407078172773, 0.0021274708268166475, -0.0026811775797295195], [-0.0019964842464010287, -0.0026811775797295195, 0.014059647346668565]], "chi2_level": 0.997, "chi2_df": 3, "chi2_threshold": 13.931422665512084, "N_raw": 45, "N_roi": 43, "N_inlier": 40, "refit": true}
{"timestamp": "16:11:26.557400", "frame": 49, "mu": [0.6596548462041332, 4.305434265194659, 0.9492823452109952], "Sigma": [[0.030253199700005843, -0.003997371890214661, -0.016769433788213498], [-0.003997371890214661, 0.005033443033750658, -0.003669840630300906], [-0.016769433788213498, -0.0036698406303009063, 0.021665541969603838]], "chi2_level": 0.997, "chi2_df": 3, "chi2_threshold": 13.931422665512084, "N_raw": 67, "N_roi": 67, "N_inlier": 67, "refit": true}
{"timestamp": "16:11:26.613165", "frame": 50, "mu": [0.6405221026540425, 4.251257823308393, 0.7259832338767205], "Sigma": [[0.02612499110128945, -0.0015632072679011046, -0.014816573283634638], [-0.0015632072679011046, 0.0027449994929693005, -0.005947563160357765], [-0.014816573283634638, -0.0059475631603577665, 0.08014577332537876]], "chi2_level": 0.997, "chi2_df": 3, "chi2_threshold": 13.931422665512084, "N_raw": 65, "N_roi": 65, "N_inlier": 63, "refit": true}
{"timestamp": "16:11:26.667138", "frame": 51, "mu": [0.5723029303442325, 4.238745936216978, 1.1214225273109568], "Sigma": [[0.030143219961002034, -0.002975489615660441, -0.024806191181609177], [-0.0029754896156604415, 0.011885970916874496, 0.004316405658870929], [-0.02480619118160917, 0.004316405658870931, 0.055533191019741794]], "chi2_level": 0.997, "chi2_df": 3, "chi2_threshold": 13.931422665512084, "N_raw": 67, "N_roi": 67, "N_inlier": 66, "refit": true}
{"timestamp": "16:11:26.722241", "frame": 52, "mu": [0.527534402868738, 4.1801182953981435, 1.127559447005827], "Sigma": [[0.025757898080442924, -0.0028898867762288533, -0.02287203015086809], [-0.0028898867762288533, 0.0037792149013194257, -0.010634425109412633], [-0.02287203015086809, -0.010634425109412633, 0.09331125853301879]], "chi2_level": 0.997, "chi2_df": 3, "chi2_threshold": 13.931422665512084, "N_raw": 70, "N_roi": 70, "N_inlier": 68, "refit": true}
{"timestamp": "16:11:26.779440", "frame": 53, "mu": [0.5924214503615538, 4.126454846492809, 0.9299537970975428], "Sigma": [[0.031663535874133154, -0.003941998592338685, -0.031602124610416185], [-0.003941998592338685, 0.0030117046821479905, -0.004073592733515574], [-0.03160212461041618, -0.004073592733515575, 0.07202223108635622]], "chi2_level": 0.997, "chi2_df": 3, "chi2_threshold": 13.931422665512084, "N_raw": 76, "N_roi": 76, "N_inlier": 74, "refit": true}
{"timestamp": "16:11:26.835292", "frame": 54, "mu": [0.6018815524734422, 4.083444961277539, -0.8673839069304419], "Sigma": [[0.041123091660294056, -0.0013297809135251256, 0.05549865225492449], [-0.0013297809135251256, 0.00436547347425242, -0.011574492773173647], [0.05549865225492449, -0.011574492773173647, 0.44600548116471794]], "chi2_level": 0.997, "chi2_df": 3, "chi2_threshold": 13.931422665512084, "N_raw": 83, "N_roi": 83, "N_inlier": 83, "refit": true}
{"timestamp": "16:11:26.890615", "frame": 55, "mu": [0.6355893784872946, 4.084926039553345, -0.9514935369146594], "Sigma": [[0.03149847612818868, 0.012142868299547393, 0.058679692929265885], [0.012142868299547395, 0.01317363414902765, 0.036122115251532715], [0.058679692929265885, 0.03612211525153271, 0.20626382230417387]], "chi2_level": 0.997, "chi2_df": 3, "chi2_threshold": 13.931422665512084, "N_raw": 63, "N_roi": 63, "N_inlier": 61, "refit": true}
{"timestamp": "16:11:26.938480", "frame": 56, "mu": [0.5471269046320842, 3.9819848708887076, 0.904218553529286], "Sigma": [[0.02825446308314907, -0.004361747590512912, -0.009274733591844301], [-0.004361747590512912, 0.0024998312950030082, 6.869241209689888e-06], [-0.009274733591844301, 6.869241209689868e-06, 0.010657695367335523]], "chi2_level": 0.997, "chi2_df": 3, "chi2_threshold": 13.931422665512084, "N_raw": 45, "N_roi": 45, "N_inlier": 44, "refit": true}
{"timestamp": "16:11:26.997097", "frame": 57, "mu": [0.5609562108518544, 3.99074885296989, -0.5984078617553752], "Sigma": [[0.028420308722563743, 0.00651850234675738, 0.05068465878908311], [0.00651850234675738, 0.007650403750854326, 0.011871342592659343], [0.05068465878908311, 0.011871342592659342, 0.19964217983734972]], "chi2_level": 0.997, "chi2_df": 3, "chi2_threshold": 13.931422665512084, "N_raw": 66, "N_roi": 66, "N_inlier": 66, "refit": true}
{"timestamp": "16:11:27.051215", "frame": 58, "mu": [0.6492946859230134, 3.8855202690415807, 0.9087752686833894], "Sigma": [[0.02758464246189062, -0.0029491979767072877, -0.04501358233082454], [-0.0029491979767072877, 0.004343742081302772, -0.008398097809940022], [-0.04501358233082454, -0.00839809780994002, 0.14122335438634429]], "chi2_level": 0.997, "chi2_df": 3, "chi2_threshold": 13.931422665512084, "N_raw": 61, "N_roi": 61, "N_inlier": 60, "refit": true}
{"timestamp": "16:11:27.103262", "frame": 59, "mu": [0.7140914154106858, 3.802070230284382, 0.7858775266032967], "Sigma": [[0.019909840798963116, -0.0033567755577588055, -0.04786367981153364], [-0.0033567755577588055, 0.010726067405853731, -0.0016524420243192225], [-0.047863679811533645, -0.0016524420243192225, 0.19668447426238247]], "chi2_level": 0.997, "chi2_df": 3, "chi2_threshold": 13.931422665512084, "N_raw": 40, "N_roi": 40, "N_inlier": 39, "refit": true}
{"timestamp": "16:11:27.163175", "frame": 60, "mu": [0.6345202199464219, 3.7886419048445084, -1.0925474647840683], "Sigma": [[0.025154738665064413, -0.00624295370719753, -0.027273114857487277], [-0.00624295370719753, 0.006586463465496538, 0.005620762865539473], [-0.027273114857487277, 0.005620762865539473, 0.06084826979426522]], "chi2_level": 0.997, "chi2_df": 3, "chi2_threshold": 13.931422665512084, "N_raw": 73, "N_roi": 73, "N_inlier": 69, "refit": true}
{"timestamp": "16:11:27.216464", "frame": 61, "mu": [0.6169045259499704, 3.7745053491240514, -0.570408317648536], "Sigma": [[0.0231371345091513, 0.0044932046571374415, 0.05199009649632068], [0.004493204657137441, 0.008644766827355044, 0.013885965081560366], [0.05199009649632069, 0.013885965081560366, 0.19720990629595483]], "chi2_level": 0.997, "chi2_df": 3, "chi2_threshold": 13.931422665512084, "N_raw": 60, "N_roi": 60, "N_inlier": 58, "refit": true}
{"timestamp": "16:11:27.269189", "frame": 62, "mu": [0.5830235285810826, 3.846227920849238, -0.18805591392600712], "Sigma": [[0.01928067764506529, -0.0017769261135343673, -0.003683152946819871], [-0.0017769261135343669, 0.004579418939186863, -0.004087387839794342], [-0.003683152946819871, -0.004087387839794341, 0.007060534630793804]], "chi2_level": 0.997, "chi2_df": 3, "chi2_threshold": 13.931422665512084, "N_raw": 50, "N_roi": 50, "N_inlier": 49, "refit": true}
{"timestamp": "16:11:27.322307", "frame": 63, "mu": [0.5620474320133297, 3.655021246327469, 0.7752288556444356], "Sigma": [[0.01661676301899761, -0.0037057339138996904, -0.00841496377876455], [-0.0037057339138996904, 0.0025463771788228895, -0.0008717694885281599], [-0.008414963778764549, -0.0008717694885281601, 0.043978296183823096]], "chi2_level": 0.997, "chi2_df": 3, "chi2_threshold": 13.931422665512084, "N_raw": 35, "N_roi": 35, "N_inlier": 33, "refit": true}
{"timestamp": "16:11:27.382497", "frame": 64, "mu": [0.6294775182536816, 3.599487484797621, 0.830395094947583], "Sigma": [[0.025953585466828976, -0.005818049225784572, -0.01337596114870935], [-0.005818049225784574, 0.004047230684300994, -0.00229232969043889], [-0.01337596114870935, -0.00229232969043889, 0.022410128368962653]], "chi2_level": 0.997, "chi2_df": 3, "chi2_threshold": 13.931422665512084, "N_raw": 72, "N_roi": 72, "N_inlier": 69, "refit": true}
{"timestamp": "16:11:27.440717", "frame": 65, "mu": [0.608051204601748, 3.5774632467253293, 1.0185360668131727], "Sigma": [[0.019168400269916973, -0.004358588721487242, 0.004578797591980962], [-0.0043585887214872415, 0.002354976459871564, -0.005780162900234918], [0.004578797591980962, -0.005780162900234918, 0.023131281172457288]], "chi2_level": 0.997, "chi2_df": 3, "chi2_threshold": 13.931422665512084, "N_raw": 55, "N_roi": 55, "N_inlier": 52, "refit": true}
{"timestamp": "16:11:27.495838", "frame": 66, "mu": [0.6509472547204764, 3.527120885515648, 1.0527064013670246], "Sigma": [[0.02159742538601447, -0.006209560196030304, -0.019645933314671085], [-0.006209560196030304, 0.0056694216993234585, -0.0057410844145076145], [-0.019645933314671085, -0.005741084414507615, 0.06555290028643651]], "chi2_level": 0.997, "chi2_df": 3, "chi2_threshold": 13.931422665512084, "N_raw": 88, "N_roi": 88, "N_inlier": 85, "refit": true}
{"timestamp": "16:11:27.547326", "frame": 67, "mu": [0.6813369784173764, 3.588266556013774, -0.04571980595464564], "Sigma": [[0.018391798487196274, 0.0012351244432982644, -0.013663571770270987], [0.0012351244432982644, 0.006655752274696583, -0.013502616171417988], [-0.013663571770270987, -0.013502616171417988, 0.03586369517026712]], "chi2_level": 0.997, "chi2_df": 3, "chi2_threshold": 13.931422665512084, "N_raw": 60, "N_roi": 60, "N_inlier": 60, "refit": true}
{"timestamp": "16:11:27.600567", "frame": 68, "mu": [0.6715056454670089, 3.402794179685968, 0.9327538620608521], "Sigma": [[0.018505237612944182, -0.0053457797363689035, -0.007350113933704799], [-0.0053457797363689035, 0.002753897081592069, -0.003337909168331034], [-0.007350113933704799, -0.003337909168331034, 0.0380552803717842]], "chi2_level": 0.997, "chi2_df": 3, "chi2_threshold": 13.931422665512084, "N_raw": 59, "N_roi": 59, "N_inlier": 59, "refit": true}
{"timestamp": "16:11:27.655930", "frame": 69, "mu": [0.7752407108338062, 3.349296201094345, 1.0506938477099812], "Sigma": [[0.027059308681978284, -0.008577810527704547, -0.03167145658316455], [-0.008577810527704547, 0.004409164221773594, 0.006923308482063354], [-0.03167145658316455, 0.006923308482063354, 0.047965620914468154]], "chi2_level": 0.997, "chi2_df": 3, "chi2_threshold": 13.931422665512084, "N_raw": 57, "N_roi": 57, "N_inlier": 56, "refit": true}
{"timestamp": "16:11:27.704247", "frame": 70, "mu": [0.760773917638458, 3.3211327089157585, 0.6029506624096954], "Sigma": [[0.026406191491230753, -0.009802139812238469, 0.020681786476493352], [-0.009802139812238469, 0.006636283480119254, -0.016772375985704885], [0.020681786476493345, -0.016772375985704885, 0.3200963825457236]], "chi2_level": 0.997, "chi2_df": 3, "chi2_threshold": 13.931422665512084, "N_raw": 9, "N_roi": 9, "N_inlier": 9, "refit": true}
{"timestamp": "16:11:27.767549", "frame": 71, "mu": [0.7946585417084638, 3.250318857316921, 0.8436969777954482], "Sigma": [[0.020206795385407615, -0.005125520845893367, -0.009762055702406966], [-0.005125520845893369, 0.003137816640024155, -0.0011046890924175233], [-0.009762055702406965, -0.001104689092417524, 0.03449952342066754]], "chi2_level": 0.997, "chi2_df": 3, "chi2_threshold": 13.931422665512084, "N_raw": 70, "N_roi": 70, "N_inlier": 67, "refit": true}
{"timestamp": "16:11:27.822139", "frame": 72, "mu": [0.8124502378727791, 3.1784354375703097, 0.6854275171368599], "Sigma": [[0.019556654629963748, -0.0037421176666900396, 0.00999642367645845], [-0.0037421176666900396, 0.002126848949111391, -0.006334888274996916], [0.009996423676458449, -0.006334888274996917, 0.03992392678991684]], "chi2_level": 0.997, "chi2_df": 3, "chi2_threshold": 13.931422665512084, "N_raw": 65, "N_roi": 65, "N_inlier": 63, "refit": true}
{"timestamp": "16:11:27.878687", "frame": 73, "mu": [0.7505867987986414, 3.1949499446286347, 0.8371134414061903], "Sigma": [[0.021011639669266353, -0.007878539416168355, 0.0019377462291774346], [-0.007878539416168355, 0.006097363747754247, -0.010800584616195565], [0.001937746229177435, -0.010800584616195565, 0.06099095210869397]], "chi2_level": 0.997, "chi2_df": 3, "chi2_threshold": 13.931422665512084, "N_raw": 78, "N_roi": 78, "N_inlier": 76, "refit": true}
{"timestamp": "16:11:27.931335", "frame": 74, "mu": [0.6575931983620378, 3.3074578563017196, -0.6045675927477479], "Sigma": [[0.016775529652361263, 0.006496138768152319, 0.027907893048098195], [0.006496138768152318, 0.013818710384343702, 0.010351176483912644], [0.027907893048098195, 0.010351176483912646, 0.12304205250644293]], "chi2_level": 0.997, "chi2_df": 3, "chi2_threshold": 13.931422665512084, "N_raw": 54, "N_roi": 54, "N_inlier": 53, "refit": true}
{"timestamp": "16:11:27.990195", "frame": 75, "mu": [0.7311453267040908, 3.1790200938941875, -0.1551737630592179], "Sigma": [[0.01942477699017653, -0.0010200639753986886, 0.05392043467826775], [-0.0010200639753986888, 0.014539459845399786, -0.03830006140359046], [0.05392043467826775, -0.03830006140359046, 0.341613241822039]], "chi2_level": 0.997, "chi2_df": 3, "chi2_threshold": 13.931422665512084, "N_raw": 83, "N_roi": 83, "N_inlier": 81, "refit": true}
{"timestamp": "16:11:28.038957", "frame": 76, "mu": [0.6501134587264312, 3.0674763179752436, 0.9223161061593833], "Sigma": [[0.012491462612743785, -0.0001832940682953778, -0.021841242038453335], [-0.00018329406829537765, 0.0013952776689323324, -0.0028538237285546204], [-0.021841242038453335, -0.0028538237285546204, 0.08016313641838808]], "chi2_level": 0.997, "chi2_df": 3, "chi2_threshold": 13.931422665512084, "N_raw": 49, "N_roi": 49, "N_inlier": 46, "refit": true}
{"timestamp": "16:11:28.094846", "frame": 77, "mu": [0.5800124778954432, 2.9974516644648417, 0.8614461610855747], "Sigma": [[0.011594315383403072, -0.0005489234829822306, -0.001132060989460247], [-0.0005489234829822306, 0.003456860951637752, -0.011817032964943915], [-0.0011320609894602475, -0.011817032964943915, 0.0924643821674494]], "chi2_level": 0.997, "chi2_df": 3, "chi2_threshold": 13.931422665512084, "N_raw": 56, "N_roi": 56, "N_inlier": 53, "refit": true}
{"timestamp": "16:11:28.156151", "frame": 78, "mu": [0.6087918373839925, 2.937958679949254, 0.9583298604847978], "Sigma": [[0.014727339087212311, -0.0011664541461175984, -0.006760307031170581], [-0.001166454146117598, 0.0016745625626440137, -0.010518419889559998], [-0.006760307031170583, -0.01051841988956, 0.14980384499260835]], "chi2_level": 0.997, "chi2_df": 3, "chi2_threshold": 13.931422665512084, "N_raw": 96, "N_roi": 96, "N_inlier": 94, "refit": true}
{"timestamp": "16:11:28.208671", "frame": 79, "mu": [0.6840962717592605, 2.86050057576369, 0.7053972293200999], "Sigma": [[0.025820553136736292, -0.0011752190423767305, -0.011888268805222594], [-0.0011752190423767305, 0.0018347197726982431, -0.0037665974080695313], [-0.011888268805222594, -0.0037665974080695313, 0.04606307960548972]], "chi2_level": 0.997, "chi2_df": 3, "chi2_threshold": 13.931422665512084, "N_raw": 75, "N_roi": 75, "N_inlier": 72, "refit": true}
{"timestamp": "16:11:28.266001", "frame": 80, "mu": [0.5834590309671385, 2.9968224521252735, -0.2934337669341604], "Sigma": [[0.014495405674541847, -0.00029114361857597457, 0.0066814744454553685], [-0.00029114361857597435, 0.013325432482198614, -0.034482178591870236], [0.0066814744454553685, -0.034482178591870236, 0.11939178786114442]], "chi2_level": 0.997, "chi2_df": 3, "chi2_threshold": 13.931422665512084, "N_raw": 87, "N_roi": 87, "N_inlier": 85, "refit": true}
{"timestamp": "16:11:28.323373", "frame": 81, "mu": [0.6371873854488059, 2.795982661541641, 0.9503549880569486], "Sigma": [[0.019813397189517305, 0.00441434671318206, -0.004589378520833712], [0.00441434671318206, 0.003734239649864509, -0.010397373846010272], [-0.004589378520833712, -0.010397373846010274, 0.10209473441580766]], "chi2_level": 0.997, "chi2_df": 3, "chi2_threshold": 13.931422665512084, "N_raw": 100, "N_roi": 100, "N_inlier": 98, "refit": true}
{"timestamp": "16:11:28.378373", "frame": 82, "mu": [0.6676575826651622, 2.879945656789104, 0.008196628189821628], "Sigma": [[0.024718213907589437, -0.009318105802970263, 0.04939420069659366], [-0.009318105802970263, 0.018960088884820533, -0.060954985786372054], [0.04939420069659366, -0.060954985786372054, 0.2681724155149719]], "chi2_level": 0.997, "chi2_df": 3, "chi2_threshold": 13.931422665512084, "N_raw": 101, "N_roi": 101, "N_inlier": 99, "refit": true}
{"timestamp": "16:11:28.433505", "frame": 83, "mu": [0.6790827336261961, 3.0390626203813684, -0.5788142979941762], "Sigma": [[0.02309177326217622, 0.003577363100777876, -0.02971019808085376], [0.0035773631007778757, 0.037256326344233134, -0.08007491459009322], [-0.02971019808085376, -0.08007491459009322, 0.2056737712722727]], "chi2_level": 0.997, "chi2_df": 3, "chi2_threshold": 13.931422665512084, "N_raw": 100, "N_roi": 100, "N_inlier": 100, "refit": true}
{"timestamp": "16:11:28.484428", "frame": 84, "mu": [0.6429562475905317, 2.7939369312982203, 0.6076778319831546], "Sigma": [[0.019579910195352657, 0.0057079674220976255, -0.04503013539152023], [0.0057079674220976255, 0.01847968384731243, -0.04579668468103205], [-0.04503013539152023, -0.04579668468103205, 0.23440769489746013]], "chi2_level": 0.997, "chi2_df": 3, "chi2_threshold": 13.931422665512084, "N_raw": 84, "N_roi": 84, "N_inlier": 82, "refit": true}
{"timestamp": "16:11:28.543981", "frame": 85, "mu": [0.678050778884818, 2.6326752832442972, 0.8777943203664501], "Sigma": [[0.025817240091349995, -0.0014919242956941783, -0.005122249620627262], [-0.0014919242956941783, 0.0070274910101897235, 0.0010502708018020317], [-0.005122249620627262, 0.001050270801802032, 0.04726854118686599]], "chi2_level": 0.997, "chi2_df": 3, "chi2_threshold": 13.931422665512084, "N_raw": 107, "N_roi": 107, "N_inlier": 103, "refit": true}
{"timestamp": "16:11:28.598251", "frame": 86, "mu": [0.6759404352807149, 2.551073375306245, 1.1780276037918032], "Sigma": [[0.018780612431192154, -0.002448456192784172, -0.011264506937365266], [-0.002448456192784172, 0.028523275235239797, -0.20495666648046423], [-0.011264506937365268, -0.20495666648046423, 1.6219595940159401]], "chi2_level": 0.997, "chi2_df": 3, "chi2_threshold": 13.931422665512084, "N_raw": 101, "N_roi": 101, "N_inlier": 100, "refit": true}
{"timestamp": "16:11:28.654962", "frame": 87, "mu": [0.706241671743908, 2.6246500187468733, 0.8103515471197381], "Sigma": [[0.011844584081108491, -0.006585829615428561, 0.00361703415528482], [-0.006585829615428562, 0.06635042323174233, 0.007440630508726796], [0.0036170341552848205, 0.007440630508726795, 0.24937170353853322]], "chi2_level": 0.997, "chi2_df": 3, "chi2_threshold": 13.931422665512084, "N_raw": 109, "N_roi": 109, "N_inlier": 109, "refit": true}
{"timestamp": "16:11:28.704116", "frame": 88, "mu": [0.7021745018739439, 2.6630648100914445, -0.38559974899608895], "Sigma": [[0.0095763994625038, 0.0008312912736885309, -0.00920504159346217], [0.0008312912736885309, 0.019892694229809892, -0.04393398557776168], [-0.00920504159346217, -0.04393398557776168, 0.11250646847426715]], "chi2_level": 0.997, "chi2_df": 3, "chi2_threshold": 13.931422665512084, "N_raw": 75, "N_roi": 75, "N_inlier": 74, "refit": true}
{"timestamp": "16:11:28.752245", "frame": 89, "mu": [0.7243420509010275, 2.4467343807696054, 0.7689894088788746], "Sigma": [[0.006703896179450671, 0.0027954556484587312, -0.027073411701593657], [0.0027954556484587312, 0.005754559381310412, -0.03498592134306759], [-0.027073411701593664, -0.03498592134306759, 0.26617938096771543]], "chi2_level": 0.997, "chi2_df": 3, "chi2_threshold": 13.931422665512084, "N_raw": 30, "N_roi": 30, "N_inlier": 29, "refit": true}
{"timestamp": "16:11:28.818219", "frame": 90, "mu": [0.6869809861494859, 2.4157169510554386, 1.0415298505858348], "Sigma": [[0.00941763380699555, -0.0022582082684289295, -0.007245873905370564], [-0.002258208268428929, 0.0025800811548509807, -0.005167868560101835], [-0.007245873905370564, -0.005167868560101834, 0.07109342899239815]], "chi2_level": 0.997, "chi2_df": 3, "chi2_threshold": 13.931422665512084, "N_raw": 71, "N_roi": 71, "N_inlier": 68, "refit": true}
{"timestamp": "16:11:28.868241", "frame": 91, "mu": [0.653601438882273, 2.3704752308041908, 0.8668101546245206], "Sigma": [[0.013807362817296186, -0.002841059583208693, 0.009252756683726429], [-0.002841059583208693, 0.0015209945912991994, -0.007414123285478552], [0.009252756683726429, -0.007414123285478552, 0.0795576432766076]], "chi2_level": 0.997, "chi2_df": 3, "chi2_threshold": 13.931422665512084, "N_raw": 73, "N_roi": 73, "N_inlier": 70, "refit": true}
{"timestamp": "16:11:28.930114", "frame": 92, "mu": [0.7216781971624514, 2.3171236977246057, 1.051346296692379], "Sigma": [[0.01377466324024927, -0.0027327529064510485, -0.003094656430010223], [-0.0027327529064510485, 0.004533356418040565, -0.007647535240380387], [-0.003094656430010222, -0.007647535240380386, 0.07185259232200714]], "chi2_level": 0.997, "chi2_df": 3, "chi2_threshold": 13.931422665512084, "N_raw": 117, "N_roi": 117, "N_inlier": 114, "refit": true}
{"timestamp": "16:11:28.978693", "frame": 93, "mu": [0.6030020055587106, 2.3052827378233265, 1.0181797147028158], "Sigma": [[0.011599645462953022, -0.004517137405460994, -0.003936546083438419], [-0.004517137405460994, 0.004408202857959169, -0.00866612448469244], [-0.003936546083438419, -0.00866612448469244, 0.07909285833432034]], "chi2_level": 0.997, "chi2_df": 3, "chi2_threshold": 13.931422665512084, "N_raw": 71, "N_roi": 71, "N_inlier": 69, "refit": true}
{"timestamp": "16:11:29.031967", "frame": 94, "mu": [0.6206578544632005, 2.28230975263277, 1.0042985815285697], "Sigma": [[0.008863161968154221, -0.0037747358589887777, 0.0031757694174200605], [-0.0037747358589887772, 0.0031665084050809846, -0.007048990552842723], [0.0031757694174200596, -0.007048990552842723, 0.05199910665492023]], "chi2_level": 0.997, "chi2_df": 3, "chi2_threshold": 13.931422665512084, "N_raw": 70, "N_roi": 70, "N_inlier": 67, "refit": true}
{"timestamp": "16:11:29.086838", "frame": 95, "mu": [0.6978243970799181, 2.183797353498768, 1.1780178667110273], "Sigma": [[0.00810085879504126, -0.0037247314245867666, 0.00910401074229575], [-0.0037247314245867666, 0.004480842420072218, -0.014690525291169586], [0.00910401074229575, -0.014690525291169588, 0.09565184722000986]], "chi2_level": 0.997, "chi2_df": 3, "chi2_threshold": 13.931422665512084, "N_raw": 69, "N_roi": 69, "N_inlier": 68, "refit": true}
{"timestamp": "16:11:29.149369", "frame": 96, "mu": [0.7002538145671834, 2.207815257902161, -0.018531952677278758], "Sigma": [[0.01635196219798387, -0.006829648401218904, 0.09983790742054967], [-0.006829648401218903, 0.016100895610855495, -0.08073143496214855], [0.09983790742054967, -0.08073143496214855, 1.1111368003950057]], "chi2_level": 0.997, "chi2_df": 3, "chi2_threshold": 13.931422665512084, "N_raw": 115, "N_roi": 115, "N_inlier": 115, "refit": true}
{"timestamp": "16:11:29.198834", "frame": 97, "mu": [0.747141128696955, 2.1128188172750386, 0.8814299083740168], "Sigma": [[0.013820719515937717, -0.004540354511966216, 0.018081383301275726], [-0.004540354511966215, 0.0047982474025839005, -0.0232229102803451], [0.018081383301275726, -0.0232229102803451, 0.1799702356498157]], "chi2_level": 0.997, "chi2_df": 3, "chi2_threshold": 13.931422665512084, "N_raw": 76, "N_roi": 76, "N_inlier": 74, "refit": true}
{"timestamp": "16:11:29.257746", "frame": 98, "mu": [0.6104412335730407, 2.078176704410322, 0.961162477565253], "Sigma": [[0.01298507715534523, -0.004325339046024546, 0.006984098057849441], [-0.004325339046024545, 0.003008110937860964, -0.006349325754744818], [0.00698409805784944, -0.006349325754744818, 0.08156684795842005]], "chi2_level": 0.997, "chi2_df": 3, "chi2_threshold": 13.931422665512084, "N_raw": 110, "N_roi": 110, "N_inlier": 107, "refit": true}
{"timestamp": "16:11:29.310035", "frame": 99, "mu": [0.7569939936241948, 1.9828452230214026, 0.8279671728695287], "Sigma": [[0.010897077063394664, -0.0024761325335671738, -0.006552451287907192], [-0.0024761325335671738, 0.0032745396013030576, 0.0019088137581374318], [-0.006552451287907192, 0.0019088137581374318, 0.05285951491872744]], "chi2_level": 0.997, "chi2_df": 3, "chi2_threshold": 13.931422665512084, "N_raw": 78, "N_roi": 78, "N_inlier": 75, "refit": true}
{"timestamp": "16:11:29.491173", "frame": 100, "mu": [0.6348478638737922, 1.9715340058584916, 1.005044962708399], "Sigma": [[0.010070239972131396, -0.004917526406090528, -0.008608602137095096], [-0.004917526406090528, 0.0051213607955648555, 0.00021557133077973326], [-0.008608602137095096, 0.00021557133077973294, 0.052482986815547555]], "chi2_level": 0.997, "chi2_df": 3, "chi2_threshold": 13.931422665512084, "N_raw": 95, "N_roi": 95, "N_inlier": 92, "refit": true}
{"timestamp": "16:11:29.505716", "frame": 101, "mu": [0.6171831855463793, 1.9003632061647624, 1.0206763186496965], "Sigma": [[0.00808042233094592, -0.0009671631695956466, 0.0026393826171635625], [-0.0009671631695956466, 0.0023269298399089576, -0.004033250189048404], [0.0026393826171635625, -0.004033250189048404, 0.023780311556117477]], "chi2_level": 0.997, "chi2_df": 3, "chi2_threshold": 13.931422665512084, "N_raw": 81, "N_roi": 81, "N_inlier": 76, "refit": true}
{"timestamp": "16:11:29.539168", "frame": 102, "mu": [0.6459072874612376, 1.863819309803618, 0.9730596465301979], "Sigma": [[0.009666305853531561, -0.002829092404397269, 0.009616059455241716], [-0.002829092404397269, 0.0023033731441265692, -0.004951140547377301], [0.009616059455241716, -0.004951140547377301, 0.0759487717458029]], "chi2_level": 0.997, "chi2_df": 3, "chi2_threshold": 13.931422665512084, "N_raw": 88, "N_roi": 88, "N_inlier": 84, "refit": true}
{"timestamp": "16:11:29.569862", "frame": 103, "mu": [0.6203050171976757, 1.8595374201374857, 1.0497024776005368], "Sigma": [[0.008756185967426082, -0.0032578979323943623, -0.0016388131111984279], [-0.0032578979323943623, 0.0047817203541006175, 0.0016719045248419799], [-0.0016388131111984275, 0.0016719045248419794, 0.06571440282609972]], "chi2_level": 0.997, "chi2_df": 3, "chi2_threshold": 13.931422665512084, "N_raw": 94, "N_roi": 94, "N_inlier": 92, "refit": true}
{"timestamp": "16:11:29.599829", "frame": 104, "mu": [0.6198608771017654, 1.7988850507582823, 0.9259679472161398], "Sigma": [[0.01270439382462214, -0.0023824290489620776, -0.02037767725463923], [-0.0023824290489620776, 0.0016728346001615884, 0.002537998604724692], [-0.02037767725463923, 0.002537998604724692, 0.08744672462121979]], "chi2_level": 0.997, "chi2_df": 3, "chi2_threshold": 13.931422665512084, "N_raw": 87, "N_roi": 87, "N_inlier": 85, "refit": true}
{"timestamp": "16:11:29.640339", "frame": 105, "mu": [0.6747304749680707, 1.77422940953051, 0.9363029357281193], "Sigma": [[0.02099417292270381, -0.010351276550590295, -0.044051684103900486], [-0.010351276550590295, 0.011944279633403497, 0.03660689336594891], [-0.044051684103900486, 0.03660689336594891, 0.23779604009926184]], "chi2_level": 0.997, "chi2_df": 3, "chi2_threshold": 13.931422665512084, "N_raw": 76, "N_roi": 76, "N_inlier": 75, "refit": true}
{"timestamp": "16:11:29.693945", "frame": 106, "mu": [0.5880699498182118, 1.726577644812619, 1.0719418454224319], "Sigma": [[0.01107198503698191, -0.0032867548373793944, -0.01473476687172345], [-0.0032867548373793944, 0.00437822581822806, 0.0037916150179945944], [-0.01473476687172345, 0.0037916150179945944, 0.09840081339477921]], "chi2_level": 0.997, "chi2_df": 3, "chi2_threshold": 13.931422665512084, "N_raw": 78, "N_roi": 78, "N_inlier": 75, "refit": true}
{"timestamp": "16:11:29.750805", "frame": 107, "mu": [0.6018924552069895, 1.5800949225850516, 0.655109806317616], "Sigma": [[0.02722445354926921, -0.019361841046346903, -0.07122381378716536], [-0.019361841046346903, 0.022200059195016834, 0.07866134500812319], [-0.07122381378716536, 0.07866134500812319, 0.3166383715207712]], "chi2_level": 0.997, "chi2_df": 3, "chi2_threshold": 13.931422665512084, "N_raw": 90, "N_roi": 90, "N_inlier": 88, "refit": true}
{"timestamp": "16:11:29.803566", "frame": 108, "mu": [0.589472939618571, 1.6002058404850865, 1.0047189136252037], "Sigma": [[0.013247793466228905, -0.001208029603547202, -0.005645238034212143], [-0.001208029603547202, 0.0014240589478696018, -0.0027092889993045226], [-0.005645238034212142, -0.0027092889993045226, 0.08270975258519755]], "chi2_level": 0.997, "chi2_df": 3, "chi2_threshold": 13.931422665512084, "N_raw": 76, "N_roi": 75, "N_inlier": 73, "refit": true}
{"timestamp": "16:11:29.859162", "frame": 109, "mu": [0.5754113161463192, 1.5458902562562797, 0.7353341201973929], "Sigma": [[0.016143723541434854, -0.0005679329346705763, -0.04277173783702015], [-0.0005679329346705762, 0.004317831461190109, 0.015359714301098996], [-0.04277173783702016, 0.015359714301098996, 0.2598238529550568]], "chi2_level": 0.997, "chi2_df": 3, "chi2_threshold": 13.931422665512084, "N_raw": 82, "N_roi": 82, "N_inlier": 81, "refit": true}
{"timestamp": "16:11:29.914444", "frame": 110, "mu": [0.6293992873759249, 1.5471811093054453, 0.9713861554985155], "Sigma": [[0.010403889290270233, -0.00010347772265285792, -0.010713541646660156], [-0.00010347772265285792, 0.0024401791061810147, 0.0018840263040177606], [-0.010713541646660156, 0.0018840263040177606, 0.06360308309596872]], "chi2_level": 0.997, "chi2_df": 3, "chi2_threshold": 13.931422665512084, "N_raw": 83, "N_roi": 83, "N_inlier": 81, "refit": true}
{"timestamp": "16:11:29.967700", "frame": 111, "mu": [0.566910719051388, 1.514432744366591, 1.044469152944909], "Sigma": [[0.006684435735267727, -1.8326223495625043e-05, -0.0014031960372724718], [-1.832622349562496e-05, 0.001318218632385871, -0.0009370300716781972], [-0.001403196037272471, -0.0009370300716781972, 0.04314684594464532]], "chi2_level": 0.997, "chi2_df": 3, "chi2_threshold": 13.931422665512084, "N_raw": 69, "N_roi": 69, "N_inlier": 65, "refit": true}
{"timestamp": "16:11:30.027277", "frame": 112, "mu": [0.6642635139935442, 1.446303853455312, 1.2065911661286746], "Sigma": [[0.005486092029493625, -0.0029793198430476016, 0.0026194894086381372], [-0.0029793198430476016, 0.005964412281609948, -0.010941137616351399], [0.0026194894086381372, -0.010941137616351399, 0.03949114319408367]], "chi2_level": 0.997, "chi2_df": 3, "chi2_threshold": 13.931422665512084, "N_raw": 98, "N_roi": 98, "N_inlier": 94, "refit": true}
{"timestamp": "16:11:30.079671", "frame": 113, "mu": [0.6619836154214198, 1.3998476063488896, 1.2868648997723149], "Sigma": [[0.004189453999839774, -0.0023864151094094115, 0.0035247367957320615], [-0.0023864151094094115, 0.0073564680018082225, -0.011603955321366802], [0.0035247367957320615, -0.011603955321366802, 0.02536893335956377]], "chi2_level": 0.997, "chi2_df": 3, "chi2_threshold": 13.931422665512084, "N_raw": 83, "N_roi": 83, "N_inlier": 80, "refit": true}
{"timestamp": "16:11:30.129282", "frame": 114, "mu": [0.7315199863617209, 1.3432056698933803, 0.6942000309871575], "Sigma": [[0.014298744883716168, -0.0009553059985170476, -0.06450630691967453], [-0.0009553059985170473, 0.009026657118360983, -0.015384716479733503], [-0.06450630691967454, -0.015384716479733503, 0.5296700717364989]], "chi2_level": 0.997, "chi2_df": 3, "chi2_threshold": 13.931422665512084, "N_raw": 49, "N_roi": 49, "N_inlier": 49, "refit": true}
{"timestamp": "16:11:30.180244", "frame": 115, "mu": [0.7172704253051301, 1.5272388921864173, -0.7537914315399218], "Sigma": [[0.00201882696076605, 0.001337398803695026, -0.0038554093547056405], [0.001337398803695026, 0.016550764733709988, -0.0663056731701007], [-0.0038554093547056405, -0.0663056731701007, 0.343548391865584]], "chi2_level": 0.997, "chi2_df": 3, "chi2_threshold": 13.931422665512084, "N_raw": 18, "N_roi": 18, "N_inlier": 18, "refit": true}
