{"timestamp": "17:21:21.113373", "frame": 20, "mu": [-0.35708355598095765, 0.145143428550501, 1.0164237046172135], "Sigma": [[0.1816220061623374, -0.009038194380062089, 0.10024753705445161], [-0.009038194380062087, 0.0014590148992895617, -0.005290660535157148], [0.10024753705445161, -0.005290660535157148, 0.3692946519227594]], "chi2_level": 0.997, "chi2_df": 3, "chi2_threshold": 13.931422665512084, "N_raw": 16, "N_roi": 16, "N_inlier": 16, "refit": true}
{"timestamp": "17:21:21.170632", "frame": 21, "mu": [-0.4324433028835822, 0.17604199626740438, 1.2281921109116842], "Sigma": [[0.22135257667197625, -0.005338197608519031, 0.057840455347130754], [-0.005338197608519031, 0.003976046681722992, -0.026015494391183936], [0.05784045534713074, -0.026015494391183936, 0.35342215912985536]], "chi2_level": 0.997, "chi2_df": 3, "chi2_threshold": 13.931422665512084, "N_raw": 28, "N_roi": 28, "N_inlier": 28, "refit": true}
{"timestamp": "17:21:21.226109", "frame": 22, "mu": [-0.6633125643696769, 0.21136373613825127, 1.263169963200499], "Sigma": [[0.006783519504159718, 0.0028375211112689636, -0.018442098550229026], [0.0028375211112689636, 0.004303757561362043, -0.021322613748924447], [-0.018442098550229026, -0.021322613748924444, 0.2664244444058434]], "chi2_level": 0.997, "chi2_df": 3, "chi2_threshold": 13.931422665512084, "N_raw": 33, "N_roi": 33, "N_inlier": 32, "refit": true}
{"timestamp": "17:21:21.288005", "frame": 23, "mu": [-0.6963314429429632, 0.23551708171143268, 1.4819919315002659], "Sigma": [[0.0037900030457911453, 0.000782514605298369, -0.004892409575079458], [0.0007825146052983691, 0.001817760400228608, 0.0014323975976914646], [-0.004892409575079459, 0.0014323975976914646, 0.05303177382602325]], "chi2_level": 0.997, "chi2_df": 3, "chi2_threshold": 13.931422665512084, "N_raw": 44, "N_roi": 44, "N_inlier": 40, "refit": true}
{"timestamp": "17:21:21.339234", "frame": 24, "mu": [-0.7070485032994193, 0.22741504617354066, 1.4962281445691792], "Sigma": [[0.005887278327383643, 0.004355430009413259, -0.0016702675877266144], [0.004355430009413259, 0.004810235524213965, -0.003569272565788834], [-0.0016702675877266144, -0.0035692725657888334, 0.005994893178587695]], "chi2_level": 0.997, "chi2_df": 3, "chi2_threshold": 13.931422665512084, "N_raw": 44, "N_roi": 44, "N_inlier": 40, "refit": true}
{"timestamp": "17:21:21.397144", "frame": 25, "mu": [-0.6098320303139982, 0.3469774919782897, 1.457604595683757], "Sigma": [[0.006483329326316474, 0.0008750260849664863, -0.005480610083736671], [0.0008750260849664862, 0.0007735444454272073, -0.0016352388918053518], [-0.00548061008373667, -0.0016352388918053516, 0.011815859375292018]], "chi2_level": 0.997, "chi2_df": 3, "chi2_threshold": 13.931422665512084, "N_raw": 66, "N_roi": 66, "N_inlier": 62, "refit": true}
{"timestamp": "17:21:21.449429", "frame": 26, "mu": [-0.731491318300538, 0.34034734696784613, 1.5265759991877341], "Sigma": [[0.007345221007976581, 0.0024855902149101307, -0.004444755752191598], [0.0024855902149101307, 0.0014987660988074506, -0.002927076437896178], [-0.004444755752191597, -0.002927076437896178, 0.008314923212657426]], "chi2_level": 0.997, "chi2_df": 3, "chi2_threshold": 13.931422665512084, "N_raw": 38, "N_roi": 38, "N_inlier": 35, "refit": true}
{"timestamp": "17:21:21.504621", "frame": 27, "mu": [-0.6995701421590487, 0.36519672502628225, 1.339484948219792], "Sigma": [[0.016573514718744513, 0.007537890076803964, -0.023240285617417478], [0.007537890076803964, 0.00821735305744227, -0.0374397781359118], [-0.023240285617417478, -0.0374397781359118, 0.2597099683691248]], "chi2_level": 0.997, "chi2_df": 3, "chi2_threshold": 13.931422665512084, "N_raw": 39, "N_roi": 39, "N_inlier": 38, "refit": true}
{"timestamp": "17:21:21.567446", "frame": 28, "mu": [-0.5966654570378779, 0.4709514152638477, 1.422020315496477], "Sigma": [[0.03062960281985388, 0.005972402020199467, -0.025259194206122517], [0.005972402020199467, 0.002410218465380943, -0.006760796764484661], [-0.025259194206122517, -0.00676079676448466, 0.027581219586723785]], "chi2_level": 0.997, "chi2_df": 3, "chi2_threshold": 13.931422665512084, "N_raw": 101, "N_roi": 101, "N_inlier": 99, "refit": true}
{"timestamp": "17:21:21.621030", "frame": 29, "mu": [-0.5158637030085754, 0.525570396711057, 1.2957318052715083], "Sigma": [[0.01199075412323186, 0.0015057704156041997, -0.009000757355507746], [0.0015057704156041995, 0.0023402045507079673, -0.005032285478628325], [-0.009000757355507746, -0.0050322854786283245, 0.015335442181589146]], "chi2_level": 0.997, "chi2_df": 3, "chi2_threshold": 13.931422665512084, "N_raw": 84, "N_roi": 84, "N_inlier": 81, "refit": true}
{"timestamp": "17:21:21.672529", "frame": 30, "mu": [-0.46705658592501487, 0.5802289106884042, 1.274873374523988], "Sigma": [[0.0018239275740221795, 0.0004265505934624459, -0.0012790365512842581], [0.0004265505934624459, 0.0014463222275799413, -0.0029386836358629657], [-0.0012790365512842581, -0.0029386836358629657, 0.006963370391507577]], "chi2_level": 0.997, "chi2_df": 3, "chi2_threshold": 13.931422665512084, "N_raw": 60, "N_roi": 60, "N_inlier": 59, "refit": true}
{"timestamp": "17:21:21.720939", "frame": 31, "mu": [-0.7000406404652721, 0.5896683710590357, 1.468894194895065], "Sigma": [[0.02786810190488554, 0.011212963789859623, -0.03855311789257446], [0.011212963789859623, 0.006907234135750563, -0.017931876287947672], [-0.03855311789257446, -0.017931876287947672, 0.066758715633153]], "chi2_level": 0.997, "chi2_df": 3, "chi2_threshold": 13.931422665512084, "N_raw": 17, "N_roi": 17, "N_inlier": 16, "refit": true}
{"timestamp": "17:21:21.774544", "frame": 32, "mu": [-0.5119772738243111, 0.6488413827969726, 1.1465356959533146], "Sigma": [[0.0013272151959376976, -0.0002441106217232675, 0.0044674536432981506], [-0.00024411062172326748, 0.000579545796667823, -0.0018928669692987378], [0.0044674536432981506, -0.0018928669692987378, 0.01955625374123828]], "chi2_level": 0.997, "chi2_df": 3, "chi2_threshold": 13.931422665512084, "N_raw": 7, "N_roi": 7, "N_inlier": 7, "refit": true}
{"timestamp": "17:21:21.836886", "frame": 33, "mu": [-0.6935621124470397, 0.6357723667859748, 1.4085677153654612], "Sigma": [[0.04881328543227475, 0.011032179710511743, -0.044320655131857956], [0.011032179710511743, 0.004703961349806413, -0.012602551370085582], [-0.044320655131857956, -0.012602551370085584, 0.04571666270549977]], "chi2_level": 0.997, "chi2_df": 3, "chi2_threshold": 13.931422665512084, "N_raw": 54, "N_roi": 54, "N_inlier": 51, "refit": true}
{"timestamp": "17:21:21.890665", "frame": 34, "mu": [-0.5540092146770692, 0.7505027134191968, 1.1664362449777328], "Sigma": [[0.0018051238626077503, -7.923213890286606e-05, -0.00291544102480956], [-7.923213890286609e-05, 0.0008302166694341737, -0.00245171203277333], [-0.00291544102480956, -0.00245171203277333, 0.020254050833325352]], "chi2_level": 0.997, "chi2_df": 3, "chi2_threshold": 13.931422665512084, "N_raw": 50, "N_roi": 50, "N_inlier": 50, "refit": true}
{"timestamp": "17:21:21.948649", "frame": 35, "mu": [-0.8091671097072839, 0.7043502010454002, 1.4197422317048554], "Sigma": [[0.044559808764482144, 0.016551974134845732, -0.05606823393324141], [0.016551974134845732, 0.008093215522196473, -0.02346202820665269], [-0.056068233933241424, -0.02346202820665269, 0.0800950602645612]], "chi2_level": 0.997, "chi2_df": 3, "chi2_threshold": 13.931422665512084, "N_raw": 45, "N_roi": 45, "N_inlier": 43, "refit": true}
{"timestamp": "17:21:21.997930", "frame": 36, "mu": [-0.5478264940938887, 0.8144268296311084, 1.204770755137534], "Sigma": [[0.0021097190486469423, -0.00024087017137739726, 0.000333370467518642], [-0.00024087017137739723, 0.00044798672813457557, -0.001001052533169948], [0.000333370467518642, -0.001001052533169948, 0.00375451518332674]], "chi2_level": 0.997, "chi2_df": 3, "chi2_threshold": 13.931422665512084, "N_raw": 29, "N_roi": 29, "N_inlier": 28, "refit": true}
{"timestamp": "17:21:22.052222", "frame": 37, "mu": [-0.7995269667046044, 0.8081828972535203, 1.4134587803665588], "Sigma": [[0.060232619129681614, 0.01328394543840384, -0.06343361162785124], [0.01328394543840384, 0.00742841350128773, -0.025713678713183686], [-0.06343361162785124, -0.025713678713183686, 0.1299246014606361]], "chi2_level": 0.997, "chi2_df": 3, "chi2_threshold": 13.931422665512084, "N_raw": 29, "N_roi": 29, "N_inlier": 28, "refit": true}
{"timestamp": "17:21:22.111635", "frame": 38, "mu": [-0.576830070251092, 0.8960185622933434, 1.262282526179304], "Sigma": [[0.0028042084200119504, -0.000816672569371868, -8.147728897264078e-05], [-0.0008166725693718681, 0.0026252609608994172, -0.0023692454590671596], [-8.147728897264084e-05, -0.0023692454590671596, 0.003144363406073223]], "chi2_level": 0.997, "chi2_df": 3, "chi2_threshold": 13.931422665512084, "N_raw": 54, "N_roi": 54, "N_inlier": 50, "refit": true}
{"timestamp": "17:21:22.165028", "frame": 39, "mu": [-0.5680099763510251, 0.9628870802097557, 1.0134746815913456], "Sigma": [[0.003308697520328124, -0.0010950600139262466, 0.0010400016403332435], [-0.0010950600139262466, 0.005859151996031262, -0.02214139685218007], [0.001040001640333243, -0.02214139685218007, 0.09857276771886102]], "chi2_level": 0.997, "chi2_df": 3, "chi2_threshold": 13.931422665512084, "N_raw": 38, "N_roi": 37, "N_inlier": 35, "refit": true}
{"timestamp": "17:21:22.225721", "frame": 40, "mu": [-0.6658170001457301, 1.1700621277664836, -0.37657370424191894], "Sigma": [[0.0073313102157831255, -0.001489732145816828, -0.0039255277246001835], [-0.0014897321458168277, 0.006383229855162271, -0.002218490073446933], [-0.0039255277246001835, -0.0022184900734469326, 0.006245133017501082]], "chi2_level": 0.997, "chi2_df": 3, "chi2_threshold": 13.931422665512084, "N_raw": 72, "N_roi": 72, "N_inlier": 63, "refit": true}
{"timestamp": "17:21:22.279205", "frame": 41, "mu": [-0.6640721348782419, 1.1231474268980097, -0.6823084553407258], "Sigma": [[0.005124263709123825, -0.0017894446951614367, 0.003330237159567666], [-0.0017894446951614367, 0.015982689263763415, -0.012129519755497416], [0.003330237159567666, -0.012129519755497416, 0.026475261331721147]], "chi2_level": 0.997, "chi2_df": 3, "chi2_threshold": 13.931422665512084, "N_raw": 67, "N_roi": 67, "N_inlier": 63, "refit": true}
{"timestamp": "17:21:22.327908", "frame": 42, "mu": [-0.5872004461334462, 1.1304659012136296, 1.315375251425143], "Sigma": [[0.0023169750568071325, -0.002018110625854777, -0.000916852686267899], [-0.002018110625854777, 0.004541968890000804, -0.0004178387157484619], [-0.000916852686267899, -0.0004178387157484619, 0.0012649293617432015]], "chi2_level": 0.997, "chi2_df": 3, "chi2_threshold": 13.931422665512084, "N_raw": 29, "N_roi": 29, "N_inlier": 28, "refit": true}
{"timestamp": "17:21:22.391463", "frame": 43, "mu": [-0.6449527850085182, 1.313079594543481, -0.41766172956105224], "Sigma": [[0.007337238427237144, -0.002045909912285834, -0.0015932876320732083], [-0.002045909912285834, 0.005619316683325539, -0.0009930392706310556], [-0.0015932876320732083, -0.0009930392706310554, 0.0042102475774435325]], "chi2_level": 0.997, "chi2_df": 3, "chi2_threshold": 13.931422665512084, "N_raw": 84, "N_roi": 84, "N_inlier": 76, "refit": true}
{"timestamp": "17:21:22.444973", "frame": 44, "mu": [-0.6940098066530016, 1.3842229328151228, -0.18649272966470795], "Sigma": [[0.009306161084205207, -0.005112530132904346, 0.017302195636011215], [-0.005112530132904346, 0.007272018101841066, -0.02377898466043729], [0.017302195636011215, -0.023778984660437288, 0.20974898601673317]], "chi2_level": 0.997, "chi2_df": 3, "chi2_threshold": 13.931422665512084, "N_raw": 79, "N_roi": 79, "N_inlier": 79, "refit": true}
{"timestamp": "17:21:22.500601", "frame": 45, "mu": [-0.6501565577976742, 1.3080795457013117, 1.1751116550238412], "Sigma": [[0.006140046450432577, -0.0003200649587699021, -0.0037023322389086472], [-0.0003200649587699021, 0.0012484719010301922, -0.0016940802465143054], [-0.0037023322389086477, -0.0016940802465143056, 0.030352262280571383]], "chi2_level": 0.997, "chi2_df": 3, "chi2_threshold": 13.931422665512084, "N_raw": 85, "N_roi": 85, "N_inlier": 82, "refit": true}
{"timestamp": "17:21:22.559966", "frame": 46, "mu": [-0.6399496191868626, 1.3488913569951413, 1.0261585900008072], "Sigma": [[0.010089526566966376, -8.304851698829642e-05, 0.02028020234922202], [-8.304851698829647e-05, 0.0036280599985683204, -0.0018229475587173266], [0.020280202349222017, -0.0018229475587173269, 0.13424568160987785]], "chi2_level": 0.997, "chi2_df": 3, "chi2_threshold": 13.931422665512084, "N_raw": 99, "N_roi": 99, "N_inlier": 98, "refit": true}
{"timestamp": "17:21:22.616129", "frame": 47, "mu": [-0.7140316658477303, 1.4214919115262128, 1.0544141630056194], "Sigma": [[0.010509397384545866, 0.00025785745389659355, 0.02780331004435014], [0.0002578574538965936, 0.00715163996737579, 0.0028460700388850705], [0.02780331004435014, 0.00284607003888507, 0.19944098934967228]], "chi2_level": 0.997, "chi2_df": 3, "chi2_threshold": 13.931422665512084, "N_raw": 113, "N_roi": 113, "N_inlier": 111, "refit": true}
{"timestamp": "17:21:22.671232", "frame": 48, "mu": [-0.6591447535846835, 1.4771041697812923, 0.9365378808254106], "Sigma": [[0.014482861778071747, -0.0003069046572611664, 0.04613902176720186], [-0.0003069046572611664, 0.00383576038109225, -0.009118758323931934], [0.04613902176720185, -0.009118758323931934, 0.2719952954548024]], "chi2_level": 0.997, "chi2_df": 3, "chi2_threshold": 13.931422665512084, "N_raw": 107, "N_roi": 107, "N_inlier": 106, "refit": true}
{"timestamp": "17:21:22.731082", "frame": 49, "mu": [-0.6805795805400994, 1.573051885940017, 0.8211886014150604], "Sigma": [[0.018149931606689318, -0.002629865363125326, 0.049563924363643624], [-0.0026298653631253266, 0.008522680362165963, 0.0021774132249074473], [0.04956392436364362, 0.0021774132249074455, 0.36530151972334163]], "chi2_level": 0.997, "chi2_df": 3, "chi2_threshold": 13.931422665512084, "N_raw": 150, "N_roi": 150, "N_inlier": 150, "refit": true}
{"timestamp": "17:21:22.780705", "frame": 50, "mu": [-0.6518922784011432, 1.6097891785379121, 1.0000134029114833], "Sigma": [[0.01752709338476766, -0.005780433731930969, 0.024537208688374793], [-0.005780433731930969, 0.004830266977375751, -0.014763575351366692], [0.02453720868837479, -0.014763575351366692, 0.13881690569395408]], "chi2_level": 0.997, "chi2_df": 3, "chi2_threshold": 13.931422665512084, "N_raw": 107, "N_roi": 107, "N_inlier": 106, "refit": true}
{"timestamp": "17:21:22.830919", "frame": 51, "mu": [-0.6476783405111621, 1.640858827031233, 1.0914255740559622], "Sigma": [[0.008622213890741855, 0.0007222236743854269, 0.008361452193113945], [0.0007222236743854271, 0.0026597133394460925, 0.0019375074745580953], [0.008361452193113945, 0.0019375074745580948, 0.10745750624209374]], "chi2_level": 0.997, "chi2_df": 3, "chi2_threshold": 13.931422665512084, "N_raw": 84, "N_roi": 84, "N_inlier": 82, "refit": true}
{"timestamp": "17:21:22.892182", "frame": 52, "mu": [-0.7025266981335941, 1.6981028520529848, 0.8706802234745641], "Sigma": [[0.012728585566262674, 0.0004958473246463517, 0.036347876082177835], [0.0004958473246463517, 0.010087255367580076, 0.00875114858053159], [0.036347876082177835, 0.008751148580531588, 0.3580684139557376]], "chi2_level": 0.997, "chi2_df": 3, "chi2_threshold": 13.931422665512084, "N_raw": 126, "N_roi": 126, "N_inlier": 126, "refit": true}
{"timestamp": "17:21:22.944217", "frame": 53, "mu": [-0.6814197760575159, 1.7828998573464578, 1.2544870900790628], "Sigma": [[0.009651672458455782, -0.0015356841408439208, -0.002926640540436799], [-0.0015356841408439208, 0.007639127034725538, -0.0021038923625214287], [-0.002926640540436799, -0.0021038923625214287, 0.020038410977901863]], "chi2_level": 0.997, "chi2_df": 3, "chi2_threshold": 13.931422665512084, "N_raw": 96, "N_roi": 96, "N_inlier": 91, "refit": true}
{"timestamp": "17:21:23.005397", "frame": 54, "mu": [-0.7100789228406161, 1.8228387748831796, 0.9715709857429373], "Sigma": [[0.013138779772290327, 3.468550004009856e-05, 0.025300057152471474], [3.468550004009856e-05, 0.0027361419141876753, -0.001002464213304819], [0.025300057152471474, -0.0010024642133048187, 0.2445815423031827]], "chi2_level": 0.997, "chi2_df": 3, "chi2_threshold": 13.931422665512084, "N_raw": 114, "N_roi": 114, "N_inlier": 113, "refit": true}
{"timestamp": "17:21:23.062380", "frame": 55, "mu": [-0.7479510717881956, 1.8309971232951228, 0.6454884017119037], "Sigma": [[0.03168756042060761, 0.0007527813981036504, 0.0654354374261322], [0.00075278139810365, 0.005567343205933723, 0.009658019601964237], [0.0654354374261322, 0.009658019601964236, 0.33066950467543593]], "chi2_level": 0.997, "chi2_df": 3, "chi2_threshold": 13.931422665512084, "N_raw": 150, "N_roi": 150, "N_inlier": 150, "refit": true}
{"timestamp": "17:21:23.116113", "frame": 56, "mu": [-0.7277168167556808, 1.8705658304610464, 0.6341493928521955], "Sigma": [[0.022141181235612022, -0.0073415395755404055, 0.034596822743488485], [-0.007341539575540407, 0.01727620555507445, 0.016292858763445946], [0.03459682274348848, 0.016292858763445946, 0.33013860826769365]], "chi2_level": 0.997, "chi2_df": 3, "chi2_threshold": 13.931422665512084, "N_raw": 145, "N_roi": 145, "N_inlier": 144, "refit": true}
{"timestamp": "17:21:23.165910", "frame": 57, "mu": [-0.7158636895981216, 1.9490353475714701, 0.9789412125710948], "Sigma": [[0.012115539156354558, -0.005457948428455392, -0.007741292148815058], [-0.005457948428455392, 0.02477581182023981, 0.049076219001370505], [-0.007741292148815058, 0.049076219001370505, 0.21943145477887818]], "chi2_level": 0.997, "chi2_df": 3, "chi2_threshold": 13.931422665512084, "N_raw": 110, "N_roi": 110, "N_inlier": 109, "refit": true}
{"timestamp": "17:21:23.226373", "frame": 58, "mu": [-0.7797733984820661, 2.0491224709300635, 0.7200722020507562], "Sigma": [[0.02104386930246874, -0.0008783848266107077, 0.04142785536331632], [-0.0008783848266107079, 0.00633122052010814, 0.006301854154490742], [0.041427855363316314, 0.006301854154490743, 0.3362440553649934]], "chi2_level": 0.997, "chi2_df": 3, "chi2_threshold": 13.931422665512084, "N_raw": 150, "N_roi": 150, "N_inlier": 150, "refit": true}
{"timestamp": "17:21:23.274873", "frame": 59, "mu": [-0.7425769836668643, 2.2432530264261805, -0.12191419267752157], "Sigma": [[0.010790629039115648, -0.010158070797133736, 0.050271783564103494], [-0.010158070797133736, 0.02159370169326333, -0.07828280157102709], [0.05027178356410349, -0.07828280157102709, 0.45035428072968736]], "chi2_level": 0.997, "chi2_df": 3, "chi2_threshold": 13.931422665512084, "N_raw": 105, "N_roi": 105, "N_inlier": 104, "refit": true}
{"timestamp": "17:21:23.330527", "frame": 60, "mu": [-0.7386960295612714, 2.3682753213884022, -0.5799137871055807], "Sigma": [[0.010848224178571604, -0.003791536580668561, 0.014934188778175834], [-0.0037915365806685613, 0.018362266322028194, -0.06426806486459383], [0.014934188778175834, -0.06426806486459381, 0.3313949744216942]], "chi2_level": 0.997, "chi2_df": 3, "chi2_threshold": 13.931422665512084, "N_raw": 111, "N_roi": 111, "N_inlier": 110, "refit": true}
{"timestamp": "17:21:23.386377", "frame": 61, "mu": [-0.7860049822226762, 2.216634884687784, 0.8839950958241611], "Sigma": [[0.013351376767163593, -0.0022790033096521745, 0.01416398485187456], [-0.0022790033096521745, 0.006292543078514598, -0.020584026044697903], [0.014163984851874561, -0.020584026044697903, 0.1860664985396761]], "chi2_level": 0.997, "chi2_df": 3, "chi2_threshold": 13.931422665512084, "N_raw": 114, "N_roi": 114, "N_inlier": 113, "refit": true}
{"timestamp": "17:21:23.442374", "frame": 62, "mu": [-0.7844153488189742, 2.3145077576294373, -0.2698955703913302], "Sigma": [[0.01324660176013869, -0.0007355207622063833, 0.08961630708851531], [-0.0007355207622063833, 0.015668483837336173, -0.0089421905980354], [0.08961630708851531, -0.008942190598035398, 0.7909160656143763]], "chi2_level": 0.997, "chi2_df": 3, "chi2_threshold": 13.931422665512084, "N_raw": 122, "N_roi": 122, "N_inlier": 122, "refit": true}
{"timestamp": "17:21:23.494831", "frame": 63, "mu": [-0.7973267033244771, 2.273612069055117, 1.0847365334692223], "Sigma": [[0.0170109577787593, 0.0006464536376584085, 0.012093001477806325], [0.0006464536376584085, 0.003188171552123819, -0.002648984972849516], [0.012093001477806323, -0.002648984972849516, 0.06862817996438413]], "chi2_level": 0.997, "chi2_df": 3, "chi2_threshold": 13.931422665512084, "N_raw": 102, "N_roi": 102, "N_inlier": 98, "refit": true}
{"timestamp": "17:21:23.550184", "frame": 64, "mu": [-0.826183268096297, 2.362076406560082, 0.9110441970956235], "Sigma": [[0.015899668684263443, 0.000691019057655983, 0.02312330130534305], [0.0006910190576559828, 0.003808746889801042, 0.0060442303084950934], [0.02312330130534305, 0.006044230308495092, 0.32623362558121366]], "chi2_level": 0.997, "chi2_df": 3, "chi2_threshold": 13.931422665512084, "N_raw": 108, "N_roi": 108, "N_inlier": 108, "refit": true}
{"timestamp": "17:21:23.604118", "frame": 65, "mu": [-0.8431312184322818, 2.4325685776823276, 1.1953969036115961], "Sigma": [[0.017663539733439072, -0.0011284488535824586, 0.006807908997129946], [-0.0011284488535824584, 0.005407718600970147, -0.0015568689491333527], [0.006807908997129945, -0.0015568689491333532, 0.05868226429513759]], "chi2_level": 0.997, "chi2_df": 3, "chi2_threshold": 13.931422665512084, "N_raw": 98, "N_roi": 97, "N_inlier": 95, "refit": true}
{"timestamp": "17:21:23.665062", "frame": 66, "mu": [-0.8684433343056351, 2.3238569472372417, 0.455087225943299], "Sigma": [[0.017715717161616386, 0.003039171016750748, 0.00838508258509485], [0.003039171016750748, 0.16113849440428832, 0.20105907465540504], [0.00838508258509485, 0.201059074655405, 0.5782254191306186]], "chi2_level": 0.997, "chi2_df": 3, "chi2_threshold": 13.931422665512084, "N_raw": 138, "N_roi": 136, "N_inlier": 136, "refit": true}
{"timestamp": "17:21:23.720677", "frame": 67, "mu": [-0.8463119464312429, 2.2747921820863692, -0.36350221842096075], "Sigma": [[0.018594414526404018, 0.04428255642608604, 0.13667501123703618], [0.04428255642608604, 0.5279843626807869, 0.5148032410969777], [0.13667501123703618, 0.5148032410969776, 1.4070053040502781]], "chi2_level": 0.997, "chi2_df": 3, "chi2_threshold": 13.931422665512084, "N_raw": 148, "N_roi": 146, "N_inlier": 145, "refit": true}
{"timestamp": "17:21:23.773681", "frame": 68, "mu": [-0.9172231530471497, 2.530192644374697, 0.48337788230314305], "Sigma": [[0.019952174146193352, 0.011128207042940813, 0.022155168889887916], [0.011128207042940812, 0.025190111723096542, 0.04737839638392719], [0.022155168889887916, 0.047378396383927185, 0.31551686861015327]], "chi2_level": 0.997, "chi2_df": 3, "chi2_threshold": 13.931422665512084, "N_raw": 132, "N_roi": 132, "N_inlier": 132, "refit": true}
{"timestamp": "17:21:23.817913", "frame": 69, "mu": [-0.8707749813147905, 2.7214928546326744, -0.9315080634066162], "Sigma": [[0.006906165367828252, 0.0005974484803615285, 0.006602073660062605], [0.0005974484803615288, 0.008828141763232987, -0.004414608702692006], [0.006602073660062605, -0.0044146087026920066, 0.14025031740959798]], "chi2_level": 0.997, "chi2_df": 3, "chi2_threshold": 13.931422665512084, "N_raw": 59, "N_roi": 59, "N_inlier": 58, "refit": true}
{"timestamp": "17:21:23.873584", "frame": 70, "mu": [-0.8101824668544558, 2.7754394305453145, 1.2465311691778878], "Sigma": [[0.01572451770191134, -0.002017502053863976, 0.008442983362402491], [-0.0020175020538639762, 0.004309820012520418, -0.007561637635188425], [0.008442983362402491, -0.007561637635188426, 0.09441391680880244]], "chi2_level": 0.997, "chi2_df": 3, "chi2_threshold": 13.931422665512084, "N_raw": 72, "N_roi": 72, "N_inlier": 69, "refit": true}
{"timestamp": "17:21:23.930262", "frame": 71, "mu": [-0.8153271453138156, 2.8382901380857444, 1.1798259505322055], "Sigma": [[0.013665107863260435, -0.0023779931714987324, 0.006285372719481253], [-0.0023779931714987324, 0.005696051542476674, -0.012980544506707428], [0.006285372719481253, -0.012980544506707428, 0.14963755217881322]], "chi2_level": 0.997, "chi2_df": 3, "chi2_threshold": 13.931422665512084, "N_raw": 73, "N_roi": 73, "N_inlier": 72, "refit": true}
{"timestamp": "17:21:23.989670", "frame": 72, "mu": [-0.8682659528674787, 2.855950552714456, 0.6244873210026392], "Sigma": [[0.03088482884863361, 0.0001515868071904089, 0.06074127329585454], [0.0001515868071904089, 0.002846608679257741, 0.0036332581325728237], [0.06074127329585454, 0.0036332581325728233, 0.3934090429249842]], "chi2_level": 0.997, "chi2_df": 3, "chi2_threshold": 13.931422665512084, "N_raw": 110, "N_roi": 110, "N_inlier": 109, "refit": true}
{"timestamp": "17:21:24.046840", "frame": 73, "mu": [-0.8987555382685364, 2.9860491554479838, 0.6584307414046806], "Sigma": [[0.03063638102038692, -0.006622783896900884, 0.039594881714138414], [-0.006622783896900884, 0.00600455309114873, -0.034634672146248914], [0.039594881714138414, -0.03463467214624891, 0.27038310367578533]], "chi2_level": 0.997, "chi2_df": 3, "chi2_threshold": 13.931422665512084, "N_raw": 125, "N_roi": 125, "N_inlier": 124, "refit": true}
{"timestamp": "17:21:24.100836", "frame": 74, "mu": [-0.8666940784972484, 2.9666584899294524, 0.575263776381192], "Sigma": [[0.023712096759317403, -0.0045728491881964605, 0.03126335437062561], [-0.0045728491881964605, 0.009167280396605202, -0.006408452295716886], [0.03126335437062561, -0.006408452295716884, 0.4410868229799686]], "chi2_level": 0.997, "chi2_df": 3, "chi2_threshold": 13.931422665512084, "N_raw": 115, "N_roi": 114, "N_inlier": 114, "refit": true}
{"timestamp": "17:21:24.152397", "frame": 75, "mu": [-0.8003702456444238, 3.1169845437869372, -0.5802871922614304], "Sigma": [[0.013920989293634669, 7.944012539414349e-05, 0.03454770879837263], [7.944012539414349e-05, 0.03599722354522143, -0.05582005282046459], [0.03454770879837263, -0.05582005282046458, 0.2843566342684412]], "chi2_level": 0.997, "chi2_df": 3, "chi2_threshold": 13.931422665512084, "N_raw": 90, "N_roi": 88, "N_inlier": 85, "refit": true}
{"timestamp": "17:21:24.207858", "frame": 76, "mu": [-0.8331433722237669, 2.79166550075227, 0.5023473685254208], "Sigma": [[0.01631460175136046, 0.022063618934661692, 0.01720932471830581], [0.022063618934661692, 0.52880282880086, 0.540074128251012], [0.01720932471830581, 0.540074128251012, 0.7450584881477956]], "chi2_level": 0.997, "chi2_df": 3, "chi2_threshold": 13.931422665512084, "N_raw": 97, "N_roi": 97, "N_inlier": 97, "refit": true}
{"timestamp": "17:21:24.259432", "frame": 77, "mu": [-0.8400776447397542, 3.139274155155172, 0.999278047525152], "Sigma": [[0.01356160186285878, -0.0014039283938490628, -0.0183631082503477], [-0.0014039283938490632, 0.0045212769474893486, 0.014594572313359679], [-0.018363108250347704, 0.014594572313359679, 0.19610279303393197]], "chi2_level": 0.997, "chi2_df": 3, "chi2_threshold": 13.931422665512084, "N_raw": 67, "N_roi": 67, "N_inlier": 66, "refit": true}
{"timestamp": "17:21:24.314291", "frame": 78, "mu": [-0.9161877141110971, 3.2104471847298117, 1.2804029182535006], "Sigma": [[0.011615068669710068, 0.000535413631806277, -0.0109362972977001], [0.0005354136318062771, 0.005154725350656868, -0.0068306831987380145], [-0.0109362972977001, -0.0068306831987380145, 0.04424532699914122]], "chi2_level": 0.997, "chi2_df": 3, "chi2_threshold": 13.931422665512084, "N_raw": 65, "N_roi": 63, "N_inlier": 60, "refit": true}
{"timestamp": "17:21:24.376557", "frame": 79, "mu": [-0.9455199482098522, 3.542058778572161, -0.49448563504278054], "Sigma": [[0.024684256194373755, -0.005774312277837393, 0.03096038731225132], [-0.005774312277837393, 0.0296551696879176, -0.08641818627928882], [0.03096038731225132, -0.08641818627928882, 0.3164840533098207]], "chi2_level": 0.997, "chi2_df": 3, "chi2_threshold": 13.931422665512084, "N_raw": 116, "N_roi": 112, "N_inlier": 110, "refit": true}
{"timestamp": "17:21:24.428333", "frame": 80, "mu": [-0.9796119280526082, 3.353535772604275, 0.5657106186429529], "Sigma": [[0.020568711252297832, 0.0038632916443679796, 0.03335207992685783], [0.0038632916443679796, 0.004389693121232785, 0.008269754796493525], [0.03335207992685783, 0.008269754796493523, 0.4745012038207149]], "chi2_level": 0.997, "chi2_df": 3, "chi2_threshold": 13.931422665512084, "N_raw": 95, "N_roi": 92, "N_inlier": 92, "refit": true}
{"timestamp": "17:21:24.477838", "frame": 81, "mu": [-0.9135923508110293, 3.3972591240188525, 0.9051213110658028], "Sigma": [[0.018070079955533575, 0.0014246245317150513, 0.00805013477226275], [0.0014246245317150513, 0.002596722547573899, 0.0019204051551487901], [0.00805013477226275, 0.0019204051551487901, 0.2595701040984603]], "chi2_level": 0.997, "chi2_df": 3, "chi2_threshold": 13.931422665512084, "N_raw": 66, "N_roi": 66, "N_inlier": 66, "refit": true}
{"timestamp": "17:21:24.537840", "frame": 82, "mu": [-0.9636992843932775, 3.4478019311222594, 0.7209192184361547], "Sigma": [[0.020963540675123953, -0.0004047786255841359, 0.02310173468044604], [-0.000404778625584136, 0.003289902699634424, -0.013161604155225968], [0.02310173468044604, -0.013161604155225968, 0.3356947212907091]], "chi2_level": 0.997, "chi2_df": 3, "chi2_threshold": 13.931422665512084, "N_raw": 100, "N_roi": 100, "N_inlier": 95, "refit": true}
{"timestamp": "17:21:24.592839", "frame": 83, "mu": [-0.9949706412193337, 3.4906442463047287, 0.7294179423121508], "Sigma": [[0.0183351905598031, -9.067865391646982e-05, 0.004659450768203533], [-9.06786539164695e-05, 0.00572139041376732, -0.011941127032972905], [0.00465945076820353, -0.011941127032972905, 0.20315501860859633]], "chi2_level": 0.997, "chi2_df": 3, "chi2_threshold": 13.931422665512084, "N_raw": 98, "N_roi": 98, "N_inlier": 98, "refit": true}
{"timestamp": "17:21:24.644848", "frame": 84, "mu": [-0.9932559857612041, 3.571300198834181, 0.9044657343641991], "Sigma": [[0.018695813572079285, -0.0001664524015868445, 0.0046853242343707175], [-0.0001664524015868451, 0.008802608293913267, -0.027824889589403354], [0.0046853242343707175, -0.027824889589403354, 0.10605015522125673]], "chi2_level": 0.997, "chi2_df": 3, "chi2_threshold": 13.931422665512084, "N_raw": 79, "N_roi": 79, "N_inlier": 77, "refit": true}
{"timestamp": "17:21:24.694566", "frame": 85, "mu": [-0.9563616460568231, 3.7782316882047615, -0.07612667776549774], "Sigma": [[0.009363354276068122, 0.00707784647843096, -0.012014011635998745], [0.00707784647843096, 0.03643407285012219, -0.06461344749301995], [-0.012014011635998745, -0.06461344749301995, 0.11940382311256845]], "chi2_level": 0.997, "chi2_df": 3, "chi2_threshold": 13.931422665512084, "N_raw": 43, "N_roi": 43, "N_inlier": 42, "refit": true}
{"timestamp": "17:21:24.753857", "frame": 86, "mu": [-0.9296068874802867, 3.635135468102153, 1.1605068918724715], "Sigma": [[0.01954346282425089, 0.0033471131631864558, -0.003862830597474806], [0.0033471131631864558, 0.0054348600057362, -0.0077469195097179784], [-0.003862830597474807, -0.0077469195097179784, 0.01372870396480503]], "chi2_level": 0.997, "chi2_df": 3, "chi2_threshold": 13.931422665512084, "N_raw": 69, "N_roi": 69, "N_inlier": 66, "refit": true}
{"timestamp": "17:21:24.809306", "frame": 87, "mu": [-0.9756851272535225, 3.6877192922023037, 1.1508401350469217], "Sigma": [[0.020053064004228443, 0.0024029528306820517, -0.012907586387467317], [0.0024029528306820517, 0.005013117587314437, -0.008475766674078362], [-0.012907586387467317, -0.008475766674078363, 0.02254581051825142]], "chi2_level": 0.997, "chi2_df": 3, "chi2_threshold": 13.931422665512084, "N_raw": 69, "N_roi": 69, "N_inlier": 66, "refit": true}
{"timestamp": "17:21:24.862805", "frame": 88, "mu": [-1.0317831359868264, 3.7696005074021532, 1.0806409769974665], "Sigma": [[0.019829408237087676, 0.002291815289675262, -0.0041007303852498254], [0.002291815289675262, 0.002004961772368449, 0.0018857578263557248], [-0.004100730385249827, 0.0018857578263557248, 0.1104850790105175]], "chi2_level": 0.997, "chi2_df": 3, "chi2_threshold": 13.931422665512084, "N_raw": 62, "N_roi": 62, "N_inlier": 62, "refit": true}
{"timestamp": "17:21:24.917987", "frame": 89, "mu": [-0.9687437981852639, 3.8343086877377033, 1.1433992013450816], "Sigma": [[0.023319127152155304, 0.0024250935649000787, -0.000540650597450059], [0.0024250935649000787, 0.0031969934358604393, -0.004864479334556244], [-0.000540650597450059, -0.004864479334556244, 0.03623290821544087]], "chi2_level": 0.997, "chi2_df": 3, "chi2_threshold": 13.931422665512084, "N_raw": 65, "N_roi": 65, "N_inlier": 64, "refit": true}
{"timestamp": "17:21:24.973318", "frame": 90, "mu": [-1.0182311652670826, 3.861564032347358, 1.0438025381158829], "Sigma": [[0.022457344261874956, 0.002099458175247172, -0.006474952936485955], [0.002099458175247172, 0.002623488674427335, -0.00601222625307369], [-0.006474952936485955, -0.00601222625307369, 0.11038909154799999]], "chi2_level": 0.997, "chi2_df": 3, "chi2_threshold": 13.931422665512084, "N_raw": 71, "N_roi": 71, "N_inlier": 70, "refit": true}
{"timestamp": "17:21:25.028102", "frame": 91, "mu": [-1.0049328311166508, 3.6798916191697617, 0.6171592159040296], "Sigma": [[0.02571674053317794, 0.03450843512974394, 0.037091008812120164], [0.03450843512974394, 0.6984408249860735, 0.7873001676039886], [0.037091008812120164, 0.7873001676039887, 0.9438110606785007]], "chi2_level": 0.997, "chi2_df": 3, "chi2_threshold": 13.931422665512084, "N_raw": 65, "N_roi": 65, "N_inlier": 63, "refit": true}
{"timestamp": "17:21:25.084940", "frame": 92, "mu": [-0.9818147087774426, 3.975874426492209, 1.201204487740468], "Sigma": [[0.026439502260900992, 0.002204272190018226, -0.010375852596501355], [0.002204272190018226, 0.0056072529052346816, -0.008434120099768395], [-0.010375852596501355, -0.008434120099768395, 0.019924351635002373]], "chi2_level": 0.997, "chi2_df": 3, "chi2_threshold": 13.931422665512084, "N_raw": 73, "N_roi": 73, "N_inlier": 70, "refit": true}
{"timestamp": "17:21:25.138952", "frame": 93, "mu": [-0.9618314249739089, 4.017530126935385, 1.0563805494505136], "Sigma": [[0.027209337177415513, 0.002461992058412386, -0.010242484071582791], [0.002461992058412386, 0.005722991751142708, -0.007480913926971454], [-0.010242484071582791, -0.007480913926971454, 0.017933179179259448]], "chi2_level": 0.997, "chi2_df": 3, "chi2_threshold": 13.931422665512084, "N_raw": 72, "N_roi": 72, "N_inlier": 69, "refit": true}
{"timestamp": "17:21:25.190163", "frame": 94, "mu": [-0.9186329521872076, 4.079708091552282, 1.027709238289291], "Sigma": [[0.013119159796708382, 0.0016058200255095407, -0.016108820971473068], [0.0016058200255095407, 0.0035252187251543637, -0.0170239737670219], [-0.016108820971473068, -0.0170239737670219, 0.11869556638131593]], "chi2_level": 0.997, "chi2_df": 3, "chi2_threshold": 13.931422665512084, "N_raw": 42, "N_roi": 42, "N_inlier": 42, "refit": true}
{"timestamp": "17:21:25.252334", "frame": 95, "mu": [-1.0379444555068786, 4.212408642630005, 0.8356412001467028], "Sigma": [[0.025671657942783362, -0.0038194979894329334, -0.0016955330879948735], [-0.0038194979894329334, 0.013155210473604928, -0.03767435697672499], [-0.0016955330879948735, -0.03767435697672499, 0.1444996576247983]], "chi2_level": 0.997, "chi2_df": 3, "chi2_threshold": 13.931422665512084, "N_raw": 97, "N_roi": 97, "N_inlier": 94, "refit": true}
{"timestamp": "17:21:25.299368", "frame": 96, "mu": [-1.0017067041682037, 4.208020510015458, 1.0998838245239284], "Sigma": [[0.02080459045411021, -0.004771150829734722, 0.013382148191320525], [-0.004771150829734722, 0.010060908799602744, -0.030308106208939638], [0.013382148191320524, -0.030308106208939638, 0.10770794541073708]], "chi2_level": 0.997, "chi2_df": 3, "chi2_threshold": 13.931422665512084, "N_raw": 36, "N_roi": 36, "N_inlier": 35, "refit": true}
{"timestamp": "17:21:25.354436", "frame": 97, "mu": [-0.9696905587728522, 4.202038048960015, 1.3195557391740609], "Sigma": [[0.022351480154982888, 0.0017200541255878855, -0.012472018191431625], [0.001720054125587886, 0.004933138248970602, -0.006034456269343277], [-0.012472018191431627, -0.006034456269343277, 0.024940076525397394]], "chi2_level": 0.997, "chi2_df": 3, "chi2_threshold": 13.931422665512084, "N_raw": 44, "N_roi": 44, "N_inlier": 41, "refit": true}
{"timestamp": "17:21:25.413412", "frame": 98, "mu": [-0.9522748197304998, 4.319336594145032, 0.30328622126978194], "Sigma": [[0.024466540432236714, 0.00827340364973416, -0.028443613536905422], [0.008273403649734157, 0.013834529533283657, -0.0350837400417674], [-0.028443613536905426, -0.0350837400417674, 0.14467425216158344]], "chi2_level": 0.997, "chi2_df": 3, "chi2_threshold": 13.931422665512084, "N_raw": 73, "N_roi": 73, "N_inlier": 71, "refit": true}
{"timestamp": "17:21:25.465858", "frame": 99, "mu": [-0.9219202601671904, 4.407787155109915, 0.20143244107463687], "Sigma": [[0.01996186302812477, 0.0006826657718950536, -0.003407306748270647], [0.0006826657718950536, 0.013567356644039375, -0.0406010728154462], [-0.0034073067482706457, -0.0406010728154462, 0.1428933156207754]], "chi2_level": 0.997, "chi2_df": 3, "chi2_threshold": 13.931422665512084, "N_raw": 53, "N_roi": 53, "N_inlier": 52, "refit": true}
{"timestamp": "17:21:25.672248", "frame": 100, "mu": [-1.003723013210296, 4.400729357082072, 1.3853503747343912], "Sigma": [[0.020430200849022376, 0.0025274512002493644, -0.0029585409560828725], [0.0025274512002493644, 0.0034341496707887783, -0.003942385867168843], [-0.0029585409560828725, -0.003942385867168843, 0.07505354457654641]], "chi2_level": 0.997, "chi2_df": 3, "chi2_threshold": 13.931422665512084, "N_raw": 41, "N_roi": 41, "N_inlier": 39, "refit": true}
{"timestamp": "17:21:25.677491", "frame": 101, "mu": [-0.9645523190660689, 4.445343533208014, 0.4930705961557275], "Sigma": [[0.026605716697922957, 0.006691932478481919, -0.014896295466553798], [0.00669193247848192, 0.00744524324857561, -0.007834321813199669], [-0.014896295466553798, -0.007834321813199669, 0.015412452840555943]], "chi2_level": 0.997, "chi2_df": 3, "chi2_threshold": 13.931422665512084, "N_raw": 56, "N_roi": 56, "N_inlier": 52, "refit": true}
{"timestamp": "17:21:25.711914", "frame": 102, "mu": [-0.9856483467057513, 4.482989884967057, 1.2861783601423509], "Sigma": [[0.012255838316099285, 0.0021237852767552585, -0.006315425441207376], [0.002123785276755259, 0.0022488860700096243, -0.0010739891541214212], [-0.006315425441207376, -0.001073989154121421, 0.0048290404112943585]], "chi2_level": 0.997, "chi2_df": 3, "chi2_threshold": 13.931422665512084, "N_raw": 22, "N_roi": 22, "N_inlier": 20, "refit": true}
{"timestamp": "17:21:25.742153", "frame": 103, "mu": [-0.9916740903677757, 4.582896158276686, 1.3054158987720104], "Sigma": [[0.006005789856584961, 0.00019470323272145198, -0.005040821220712898], [0.00019470323272145198, 0.00188480771209877, -0.002285912788819299], [-0.005040821220712898, -0.002285912788819299, 0.012417107361899353]], "chi2_level": 0.997, "chi2_df": 3, "chi2_threshold": 13.931422665512084, "N_raw": 15, "N_roi": 11, "N_inlier": 11, "refit": true}
{"timestamp": "17:21:25.769915", "frame": 104, "mu": [-0.9367648032276404, 4.575382735346224, 1.1938355980683004], "Sigma": [[0.022559297349317255, 0.0011468475950245339, -0.011047541452752541], [0.001146847595024534, 0.0026808341403254856, -0.002129997309163055], [-0.011047541452752543, -0.002129997309163055, 0.008139549840236905]], "chi2_level": 0.997, "chi2_df": 3, "chi2_threshold": 13.931422665512084, "N_raw": 35, "N_roi": 35, "N_inlier": 35, "refit": true}
{"timestamp": "17:21:25.801803", "frame": 105, "mu": [-1.0475306353346467, 4.6020453880252985, 1.0036534975161397], "Sigma": [[0.026941215926338233, 0.0025644781414447043, -0.012039630277569203], [0.0025644781414447043, 0.001661872813638795, -0.0032123559889105577], [-0.012039630277569203, -0.0032123559889105577, 0.012119197784794098]], "chi2_level": 0.997, "chi2_df": 3, "chi2_threshold": 13.931422665512084, "N_raw": 34, "N_roi": 34, "N_inlier": 31, "refit": true}
