{"timestamp": "18:20:12.721865", "frame": 1, "mu": [2.003058075326531, 4.5374876544341465, 0.9008065888214807], "Sigma": [[0.025180320039674603, -0.012056245009382141, -0.00866088650151557], [-0.012056245009382141, 0.00785630181935473, 0.003120091873637678], [-0.00866088650151557, 0.003120091873637677, 0.01626318711887654]], "chi2_level": 0.997, "chi2_df": 3, "chi2_threshold": 13.931422665512084, "N_raw": 31, "N_roi": 27, "N_inlier": 26, "refit": true}
{"timestamp": "18:20:12.777147", "frame": 2, "mu": [1.978701383901565, 4.589639170841231, 1.0396452095546647], "Sigma": [[0.008439006258825316, -0.00492558064363876, -0.002465355330418712], [-0.00492558064363876, 0.004021892464385891, -0.005314478423090033], [-0.002465355330418712, -0.005314478423090033, 0.04811043182666064]], "chi2_level": 0.997, "chi2_df": 3, "chi2_threshold": 13.931422665512084, "N_raw": 15, "N_roi": 13, "N_inlier": 12, "refit": true}
{"timestamp": "18:20:12.834724", "frame": 3, "mu": [2.052385674729847, 4.546870033841587, 1.1826447003970035], "Sigma": [[0.02621958428847247, -0.01370495056009982, -0.008546626104538156], [-0.013704950560099818, 0.00920310585820801, 0.00018484375372299902], [-0.008546626104538156, 0.00018484375372299902, 0.01680991550611343]], "chi2_level": 0.997, "chi2_df": 3, "chi2_threshold": 13.931422665512084, "N_raw": 40, "N_roi": 36, "N_inlier": 35, "refit": true}
{"timestamp": "18:20:12.890061", "frame": 4, "mu": [2.090097109183084, 4.5914263900101595, 1.1885684677480728], "Sigma": [[0.03356566811410731, -0.015335201158660718, -0.02410902272689509], [-0.01533520115866072, 0.009458298975393879, 0.00885849940214858], [-0.024109022726895094, 0.00885849940214858, 0.022966138615303354]], "chi2_level": 0.997, "chi2_df": 3, "chi2_threshold": 13.931422665512084, "N_raw": 37, "N_roi": 34, "N_inlier": 34, "refit": true}
{"timestamp": "18:20:12.941859", "frame": 5, "mu": [2.016619755809452, 4.641807551775805, 1.2602393630508086], "Sigma": [[0.017705985105365578, -0.006225425081205824, -0.012966128188690855], [-0.006225425081205824, 0.004811080223177635, 0.004221431597852208], [-0.012966128188690855, 0.004221431597852209, 0.011744173437448277]], "chi2_level": 0.997, "chi2_df": 3, "chi2_threshold": 13.931422665512084, "N_raw": 17, "N_roi": 12, "N_inlier": 11, "refit": true}
{"timestamp": "18:20:12.997117", "frame": 6, "mu": [2.0096064711268897, 4.650171318553096, 1.2772464147778606], "Sigma": [[0.01663239426650443, -0.0065869303219923125, -0.007698049107956881], [-0.0065869303219923125, 0.004197309152033858, 0.0012964146205631], [-0.0076980491079568815, 0.0012964146205631001, 0.01086038023596707]], "chi2_level": 0.997, "chi2_df": 3, "chi2_threshold": 13.931422665512084, "N_raw": 16, "N_roi": 14, "N_inlier": 13, "refit": true}
{"timestamp": "18:20:13.050588", "frame": 7, "mu": [2.0062483906327953, 4.242684670088405, 1.1236781293819071], "Sigma": [[0.41339340235465827, 0.8388087864035674, -0.13101874811803643], [0.8388087864035674, 1.7395591595259188, -0.2729246022900938], [-0.13101874811803643, -0.2729246022900938, 0.06648782654049995]], "chi2_level": 0.997, "chi2_df": 3, "chi2_threshold": 13.931422665512084, "N_raw": 17, "N_roi": 7, "N_inlier": 7, "refit": true}
{"timestamp": "18:20:13.107712", "frame": 8, "mu": [2.0121505995706404, 4.7264769580325945, 1.4181288280982545], "Sigma": [[0.024450220889846195, -0.007263353881378444, -0.013613910062044609], [-0.007263353881378445, 0.0055224889879272885, 0.0032495536178342253], [-0.013613910062044609, 0.003249553617834225, 0.014992033804300474]], "chi2_level": 0.997, "chi2_df": 3, "chi2_threshold": 13.931422665512084, "N_raw": 23, "N_roi": 21, "N_inlier": 21, "refit": true}
{"timestamp": "18:20:13.163461", "frame": 9, "mu": [1.9882600529566516, 4.740414308903279, 0.5775686495562486], "Sigma": [[0.024726431851497317, -0.008065524346517484, -0.011801069671595998], [-0.008065524346517484, 0.005119583833143828, 0.0065766195932378865], [-0.011801069671595998, 0.0065766195932378865, 0.012653376246961029]], "chi2_level": 0.997, "chi2_df": 3, "chi2_threshold": 13.931422665512084, "N_raw": 32, "N_roi": 32, "N_inlier": 31, "refit": true}
{"timestamp": "18:20:13.219629", "frame": 10, "mu": [2.020192816065116, 4.705514466237133, 1.2693961979533348], "Sigma": [[0.028025627939673545, -0.016131713792041476, -0.010727031949153507], [-0.016131713792041476, 0.012361314634055176, 0.006376447328724968], [-0.010727031949153507, 0.006376447328724968, 0.0060287435273286265]], "chi2_level": 0.997, "chi2_df": 3, "chi2_threshold": 13.931422665512084, "N_raw": 36, "N_roi": 33, "N_inlier": 32, "refit": true}
{"timestamp": "18:20:13.328452", "frame": 12, "mu": [2.0408720146118093, 4.746951144402668, 1.0375848271472077], "Sigma": [[0.025702786799883054, -0.006196391845137646, -0.04091891151602679], [-0.0061963918451376455, 0.004295667491101834, 0.003131254306344087], [-0.04091891151602679, 0.0031312543063440872, 0.12100390636436453]], "chi2_level": 0.997, "chi2_df": 3, "chi2_threshold": 13.931422665512084, "N_raw": 28, "N_roi": 24, "N_inlier": 23, "refit": true}
{"timestamp": "18:20:13.381499", "frame": 13, "mu": [1.9924158144463786, 4.854444860197162, 0.3618631340543231], "Sigma": [[0.010965487819284787, -0.00431447597912331, -0.0020620756874624915], [-0.00431447597912331, 0.005613426717193491, -0.0015552423050651846], [-0.0020620756874624915, -0.0015552423050651846, 0.0031103768518569042]], "chi2_level": 0.997, "chi2_df": 3, "chi2_threshold": 13.931422665512084, "N_raw": 20, "N_roi": 18, "N_inlier": 17, "refit": true}
{"timestamp": "18:20:13.438523", "frame": 14, "mu": [2.028277117185074, 4.766312662758485, 1.2347097100432132], "Sigma": [[0.025410105520838392, -0.013843386878726237, -0.010971098586140064], [-0.013843386878726237, 0.010919297880645993, 0.0040970996899419125], [-0.010971098586140064, 0.0040970996899419125, 0.00817149332493119]], "chi2_level": 0.997, "chi2_df": 3, "chi2_threshold": 13.931422665512084, "N_raw": 36, "N_roi": 33, "N_inlier": 33, "refit": true}
{"timestamp": "18:20:13.603585", "frame": 17, "mu": [2.0286638186484454, 4.735361997027164, 1.0247190115804174], "Sigma": [[0.020443849149553186, -0.009757771829826619, -0.008536150681511895], [-0.009757771829826619, 0.007439797562123614, 0.002055038670425357], [-0.008536150681511895, 0.002055038670425357, 0.007584983324173326]], "chi2_level": 0.997, "chi2_df": 3, "chi2_threshold": 13.931422665512084, "N_raw": 31, "N_roi": 31, "N_inlier": 31, "refit": true}
{"timestamp": "18:20:13.662997", "frame": 18, "mu": [2.0421897375468636, 4.832763558254878, 0.27819057184583224], "Sigma": [[0.03550957915869882, -0.012301250136841649, -0.015872385343036005], [-0.012301250136841649, 0.00952531425863056, 0.0031479444322429955], [-0.015872385343036005, 0.003147944432242996, 0.010117205613066666]], "chi2_level": 0.997, "chi2_df": 3, "chi2_threshold": 13.931422665512084, "N_raw": 62, "N_roi": 46, "N_inlier": 46, "refit": true}
{"timestamp": "18:20:13.714685", "frame": 19, "mu": [2.0084234838254145, 4.7795183454692305, -0.6220098525900994], "Sigma": [[0.021234976014302423, -0.006765363007325817, 0.05056793902778369], [-0.006765363007325819, 0.006266094374224317, -0.007777581487231566], [0.05056793902778369, -0.007777581487231565, 0.25175845612633374]], "chi2_level": 0.997, "chi2_df": 3, "chi2_threshold": 13.931422665512084, "N_raw": 33, "N_roi": 33, "N_inlier": 33, "refit": true}
{"timestamp": "18:20:13.822195", "frame": 21, "mu": [2.1284352294188427, 4.710031747753753, 0.9119418173629618], "Sigma": [[0.010174575829701377, -0.004035743975390863, 0.0009548222848438009], [-0.004035743975390863, 0.003216181609490289, -0.0018866810038376527], [0.0009548222848438009, -0.0018866810038376527, 0.003649425377552959]], "chi2_level": 0.997, "chi2_df": 3, "chi2_threshold": 13.931422665512084, "N_raw": 22, "N_roi": 18, "N_inlier": 16, "refit": true}
{"timestamp": "18:20:13.932585", "frame": 23, "mu": [2.0055247838934473, 4.739650694343329, 1.121391626787495], "Sigma": [[0.01479098730070831, -0.007403331715509507, -0.008423678881818358], [-0.007403331715509507, 0.006684351242476208, 0.004781669359896065], [-0.008423678881818358, 0.004781669359896065, 0.006954661525091663]], "chi2_level": 0.997, "chi2_df": 3, "chi2_threshold": 13.931422665512084, "N_raw": 24, "N_roi": 21, "N_inlier": 21, "refit": true}
{"timestamp": "18:20:13.991134", "frame": 24, "mu": [2.066980137118038, 4.634387367311419, 0.975729688911693], "Sigma": [[0.01688391479963821, -0.008947699452965429, -0.007304862303449452], [-0.008947699452965429, 0.006061468457018108, 0.0006864267619282596], [-0.007304862303449452, 0.0006864267619282596, 0.024112660180064985]], "chi2_level": 0.997, "chi2_df": 3, "chi2_threshold": 13.931422665512084, "N_raw": 47, "N_roi": 27, "N_inlier": 27, "refit": true}
{"timestamp": "18:20:14.046343", "frame": 25, "mu": [2.062396058837961, 4.645318379486422, 0.8452719993829003], "Sigma": [[0.030835597122338382, -0.014054406282980901, -0.015979886316308242], [-0.014054406282980901, 0.01098104062294889, 0.004480756601404452], [-0.015979886316308242, 0.004480756601404453, 0.01696212428881621]], "chi2_level": 0.997, "chi2_df": 3, "chi2_threshold": 13.931422665512084, "N_raw": 48, "N_roi": 48, "N_inlier": 48, "refit": true}
{"timestamp": "18:20:14.102533", "frame": 26, "mu": [2.154862969415624, 4.558863159389112, 0.7737429252801017], "Sigma": [[0.03834031990130113, -0.014762795283317037, -0.011354234769210254], [-0.014762795283317037, 0.00934915195587416, 0.0007988869837705511], [-0.011354234769210254, 0.0007988869837705511, 0.020611299131386034]], "chi2_level": 0.997, "chi2_df": 3, "chi2_threshold": 13.931422665512084, "N_raw": 54, "N_roi": 52, "N_inlier": 52, "refit": true}
{"timestamp": "18:20:14.154087", "frame": 27, "mu": [1.9489379919513699, 4.668833610000551, 1.0168993543385727], "Sigma": [[0.013083275549570126, -0.006494492639184312, -0.010826809368683722], [-0.006494492639184312, 0.004876501610180629, -0.0005607871132678275], [-0.010826809368683722, -0.0005607871132678275, 0.04165138757778286]], "chi2_level": 0.997, "chi2_df": 3, "chi2_threshold": 13.931422665512084, "N_raw": 33, "N_roi": 30, "N_inlier": 30, "refit": true}
{"timestamp": "18:20:14.266624", "frame": 29, "mu": [2.053215967385116, 4.529479769643014, 0.9519590179608299], "Sigma": [[0.029905991027559295, -0.014279776532998594, -0.0040607119381253585], [-0.014279776532998596, 0.009302930277272031, -0.004110431548910259], [-0.0040607119381253585, -0.00411043154891026, 0.024001432873545874]], "chi2_level": 0.997, "chi2_df": 3, "chi2_threshold": 13.931422665512084, "N_raw": 51, "N_roi": 49, "N_inlier": 49, "refit": true}
{"timestamp": "18:20:14.319351", "frame": 30, "mu": [2.059558330789843, 4.5094106782571055, 0.777553235298259], "Sigma": [[0.01547152380495592, -0.008328841028473078, 0.0004445945670133748], [-0.008328841028473078, 0.005789490121610164, -0.003833910716658226], [0.00044459456701337514, -0.003833910716658226, 0.031106696382547268]], "chi2_level": 0.997, "chi2_df": 3, "chi2_threshold": 13.931422665512084, "N_raw": 30, "N_roi": 28, "N_inlier": 28, "refit": true}
{"timestamp": "18:20:14.373963", "frame": 31, "mu": [2.0689296650607436, 4.502269796087591, 0.6821358933079612], "Sigma": [[0.02577757069824419, -0.012824400191206505, -0.009464417196291307], [-0.012824400191206505, 0.009128943409771894, 0.0032262319906631396], [-0.009464417196291307, 0.003226231990663139, 0.0066740969903650435]], "chi2_level": 0.997, "chi2_df": 3, "chi2_threshold": 13.931422665512084, "N_raw": 33, "N_roi": 33, "N_inlier": 33, "refit": true}
{"timestamp": "18:20:14.428141", "frame": 32, "mu": [1.9195864890131848, 4.523486412289348, 0.8337588585882292], "Sigma": [[0.016644305521794623, -0.007496095129902709, 0.0013180809640226162], [-0.007496095129902708, 0.003994539501774697, 0.001362616082864277], [0.0013180809640226162, 0.0013626160828642767, 0.06289160678363662]], "chi2_level": 0.997, "chi2_df": 3, "chi2_threshold": 13.931422665512084, "N_raw": 31, "N_roi": 31, "N_inlier": 31, "refit": true}
{"timestamp": "18:20:14.488627", "frame": 33, "mu": [1.947083955976421, 4.4362859685572404, 0.5646466985248281], "Sigma": [[0.0342008737685192, -0.01485578705621787, 0.0019840439864312687], [-0.01485578705621787, 0.00763951654234886, -0.004711962446973776], [0.0019840439864312687, -0.004711962446973777, 0.07027105262462921]], "chi2_level": 0.997, "chi2_df": 3, "chi2_threshold": 13.931422665512084, "N_raw": 66, "N_roi": 66, "N_inlier": 65, "refit": true}
{"timestamp": "18:20:14.541706", "frame": 34, "mu": [1.9548855598894608, 4.613192296679486, -0.23851492209323216], "Sigma": [[0.02888558554818378, -0.00898978292550601, -0.01346831380180442], [-0.00898978292550601, 0.008043069832277533, -0.004465590617859581], [-0.013468313801804419, -0.004465590617859582, 0.09661778387085683]], "chi2_level": 0.997, "chi2_df": 3, "chi2_threshold": 13.931422665512084, "N_raw": 50, "N_roi": 50, "N_inlier": 49, "refit": true}
{"timestamp": "18:20:14.595893", "frame": 35, "mu": [1.8840476539035431, 4.48848873135532, 0.7934562249302798], "Sigma": [[0.02029874035323922, -0.012976187759790985, -0.014028773370666908], [-0.012976187759790985, 0.0103404858736962, 0.0033817639535545178], [-0.014028773370666908, 0.003381763953554518, 0.03259668044101643]], "chi2_level": 0.997, "chi2_df": 3, "chi2_threshold": 13.931422665512084, "N_raw": 44, "N_roi": 41, "N_inlier": 41, "refit": true}
{"timestamp": "18:20:14.644520", "frame": 36, "mu": [1.7402363843038773, 4.548668853579313, 0.9737040285560895], "Sigma": [[0.0049018685775704335, -0.0031905335419018595, -0.004662675941133679], [-0.0031905335419018595, 0.0037180384488604843, 0.0007628552626335629], [-0.0046626759411336795, 0.0007628552626335631, 0.014349561467541934]], "chi2_level": 0.997, "chi2_df": 3, "chi2_threshold": 13.931422665512084, "N_raw": 8, "N_roi": 8, "N_inlier": 8, "refit": true}
{"timestamp": "18:20:14.700588", "frame": 37, "mu": [1.869826462373402, 4.329157727263182, 0.497397156854745], "Sigma": [[0.007877926215727932, -0.006178975391215152, -0.004019719147697318], [-0.006178975391215152, 0.0071333408411738755, 0.003689618988772588], [-0.004019719147697318, 0.0036896189887725885, 0.0034836506992322104]], "chi2_level": 0.997, "chi2_df": 3, "chi2_threshold": 13.931422665512084, "N_raw": 15, "N_roi": 15, "N_inlier": 14, "refit": true}
{"timestamp": "18:20:14.870403", "frame": 40, "mu": [1.815145324375545, 4.347923506821833, -0.5416933044489334], "Sigma": [[0.02963663926638462, -0.0004648837894591982, 0.04840009384563526], [-0.00046488378945919813, 0.0050386190174676005, 0.005030378201050446], [0.04840009384563526, 0.005030378201050446, 0.20365988665523088]], "chi2_level": 0.997, "chi2_df": 3, "chi2_threshold": 13.931422665512084, "N_raw": 49, "N_roi": 49, "N_inlier": 49, "refit": true}
{"timestamp": "18:20:14.922926", "frame": 41, "mu": [1.7486365043161705, 4.260833594689848, 0.7504558439184176], "Sigma": [[0.017625489746544418, -0.012135641797343104, -0.016809116537538867], [-0.012135641797343106, 0.011198265164706882, 0.011521035573303428], [-0.016809116537538867, 0.011521035573303428, 0.019117554310856762]], "chi2_level": 0.997, "chi2_df": 3, "chi2_threshold": 13.931422665512084, "N_raw": 26, "N_roi": 26, "N_inlier": 24, "refit": true}
{"timestamp": "18:20:14.976719", "frame": 42, "mu": [1.7468643751778827, 4.264853177298035, 0.7541346782461062], "Sigma": [[0.016755894979797036, -0.011304549173143396, -0.012922762879644228], [-0.011304549173143398, 0.0105890954860845, 0.010533791068352009], [-0.01292276287964423, 0.010533791068352005, 0.012362914131197467]], "chi2_level": 0.997, "chi2_df": 3, "chi2_threshold": 13.931422665512084, "N_raw": 22, "N_roi": 22, "N_inlier": 21, "refit": true}
{"timestamp": "18:20:15.037709", "frame": 43, "mu": [1.7379703272691873, 4.251572381269537, 0.9673407853855763], "Sigma": [[0.033227738484985614, -0.012163185827357623, -0.015617738765283069], [-0.012163185827357623, 0.008118319507887729, 0.0018906984946814504], [-0.015617738765283069, 0.0018906984946814504, 0.014334198652398157]], "chi2_level": 0.997, "chi2_df": 3, "chi2_threshold": 13.931422665512084, "N_raw": 62, "N_roi": 54, "N_inlier": 53, "refit": true}
{"timestamp": "18:20:15.094960", "frame": 44, "mu": [1.7605830507048492, 4.197776845142897, 0.8982510889363675], "Sigma": [[0.02972572629996425, -0.015515357331077641, -0.016889962679110478], [-0.01551535733107764, 0.012573139303056724, 0.0018367485448592933], [-0.016889962679110478, 0.0018367485448592933, 0.02442847953448702]], "chi2_level": 0.997, "chi2_df": 3, "chi2_threshold": 13.931422665512084, "N_raw": 66, "N_roi": 62, "N_inlier": 62, "refit": true}
{"timestamp": "18:20:15.148006", "frame": 45, "mu": [1.5813624125157664, 4.298342486788917, 0.7916836936314514], "Sigma": [[0.030141875541596218, -0.021901092738335765, -0.028114569283488572], [-0.021901092738335765, 0.022411695443893508, 0.018575463948348768], [-0.028114569283488572, 0.018575463948348768, 0.03188774510944148]], "chi2_level": 0.997, "chi2_df": 3, "chi2_threshold": 13.931422665512084, "N_raw": 59, "N_roi": 59, "N_inlier": 56, "refit": true}
{"timestamp": "18:20:15.202775", "frame": 46, "mu": [1.7103445686069223, 4.109609938796505, 0.5950153715548464], "Sigma": [[0.03121811915158427, -0.023723514844659684, -0.03273489775289594], [-0.023723514844659684, 0.02304650711562129, 0.026453828599261316], [-0.03273489775289594, 0.02645382859926132, 0.037072125537381075]], "chi2_level": 0.997, "chi2_df": 3, "chi2_threshold": 13.931422665512084, "N_raw": 52, "N_roi": 42, "N_inlier": 41, "refit": true}
{"timestamp": "18:20:15.253673", "frame": 47, "mu": [1.6175788055568678, 4.339059593788899, -0.6392809786172184], "Sigma": [[0.017502204681634603, -0.005279600095581578, 0.004971966268980903], [-0.005279600095581578, 0.005103516192965012, -0.00039950625267812126], [0.004971966268980903, -0.00039950625267812126, 0.0034127237329983568]], "chi2_level": 0.997, "chi2_df": 3, "chi2_threshold": 13.931422665512084, "N_raw": 33, "N_roi": 33, "N_inlier": 32, "refit": true}
{"timestamp": "18:20:15.306741", "frame": 48, "mu": [1.723147271502306, 4.052998189014872, 0.5476945007436669], "Sigma": [[0.00904816309877013, -0.004475264609170224, -0.00556905983170555], [-0.004475264609170224, 0.0033746875373811894, 0.0016053136386310484], [-0.005569059831705549, 0.0016053136386310484, 0.006648474257896554]], "chi2_level": 0.997, "chi2_df": 3, "chi2_threshold": 13.931422665512084, "N_raw": 18, "N_roi": 17, "N_inlier": 16, "refit": true}
{"timestamp": "18:20:15.364967", "frame": 49, "mu": [1.6455090007568227, 4.227134615167134, -0.2803036131608161], "Sigma": [[0.029951609541490815, -0.010613910847967345, -0.015622080490128266], [-0.010613910847967346, 0.006762163525244673, 0.001708434718672581], [-0.015622080490128268, 0.001708434718672581, 0.015775702307872008]], "chi2_level": 0.997, "chi2_df": 3, "chi2_threshold": 13.931422665512084, "N_raw": 43, "N_roi": 42, "N_inlier": 41, "refit": true}
{"timestamp": "18:20:15.422161", "frame": 50, "mu": [1.7086767320343696, 4.1031986446355715, -0.31227830669461815], "Sigma": [[0.029639294208571337, -0.007176005730681066, -0.03284067781933578], [-0.007176005730681065, 0.0051187833796344975, 0.0006489945442265984], [-0.03284067781933578, 0.0006489945442265989, 0.055329711455002435]], "chi2_level": 0.997, "chi2_df": 3, "chi2_threshold": 13.931422665512084, "N_raw": 47, "N_roi": 45, "N_inlier": 45, "refit": true}
{"timestamp": "18:20:15.530227", "frame": 52, "mu": [1.557173512990761, 4.073436440535037, -0.1517692246359284], "Sigma": [[0.02965947136518901, -0.011585965831294058, -0.019709407856423954], [-0.011585965831294058, 0.008527695251845544, 0.0041187662384222475], [-0.019709407856423954, 0.0041187662384222475, 0.017605109288279748]], "chi2_level": 0.997, "chi2_df": 3, "chi2_threshold": 13.931422665512084, "N_raw": 47, "N_roi": 47, "N_inlier": 46, "refit": true}
{"timestamp": "18:20:15.585925", "frame": 53, "mu": [1.503627326490736, 4.0887194848148125, -0.04614281205169728], "Sigma": [[0.025497111860848208, -0.006367811231272032, -0.01438126556725377], [-0.006367811231272032, 0.006006800784746244, 0.0012063379527611018], [-0.014381265567253769, 0.0012063379527611018, 0.010989315598292857]], "chi2_level": 0.997, "chi2_df": 3, "chi2_threshold": 13.931422665512084, "N_raw": 39, "N_roi": 39, "N_inlier": 39, "refit": true}
{"timestamp": "18:20:15.643001", "frame": 54, "mu": [1.5492384635838023, 3.8732360546311115, 0.8751084537614008], "Sigma": [[0.03113314091487364, -0.015968953267763784, -0.01999013108916959], [-0.015968953267763784, 0.010743047295678446, 0.005520152982938299], [-0.01999013108916959, 0.005520152982938299, 0.026723746586096518]], "chi2_level": 0.997, "chi2_df": 3, "chi2_threshold": 13.931422665512084, "N_raw": 60, "N_roi": 60, "N_inlier": 57, "refit": true}
{"timestamp": "18:20:15.752405", "frame": 56, "mu": [1.435530348939166, 3.8265792197363044, 0.7095299586769631], "Sigma": [[0.022368969458268752, -0.012497782864861282, -0.008285789998438016], [-0.012497782864861282, 0.009556561952782821, 0.0015012801686550066], [-0.008285789998438015, 0.0015012801686550053, 0.06805916676175791]], "chi2_level": 0.997, "chi2_df": 3, "chi2_threshold": 13.931422665512084, "N_raw": 62, "N_roi": 62, "N_inlier": 61, "refit": true}
{"timestamp": "18:20:15.808229", "frame": 57, "mu": [1.3796243085832247, 3.998016524537926, -0.19170836844200279], "Sigma": [[0.02055407880969847, -0.007966222336209694, 0.0018047058764357376], [-0.007966222336209694, 0.010365585727860605, -0.016539136218788154], [0.0018047058764357367, -0.016539136218788154, 0.039154899213677694]], "chi2_level": 0.997, "chi2_df": 3, "chi2_threshold": 13.931422665512084, "N_raw": 56, "N_roi": 56, "N_inlier": 54, "refit": true}
{"timestamp": "18:20:15.863061", "frame": 58, "mu": [1.3352560802872482, 3.8165620458118346, 0.773347525990327], "Sigma": [[0.0276054704554927, -0.010034899411144636, 0.010094539333885467], [-0.010034899411144636, 0.0060470697328861905, -0.008399147354373585], [0.010094539333885467, -0.008399147354373587, 0.04320437821921985]], "chi2_level": 0.997, "chi2_df": 3, "chi2_threshold": 13.931422665512084, "N_raw": 64, "N_roi": 64, "N_inlier": 63, "refit": true}
{"timestamp": "18:20:15.916692", "frame": 59, "mu": [1.156076222166281, 4.108791394009715, -0.30656757720761885], "Sigma": [[0.022828548044923735, -0.0058175158118393844, -0.0006438447868190732], [-0.005817515811839384, 0.010830788125587057, -0.01372846525553104], [-0.0006438447868190736, -0.01372846525553104, 0.04971121307293119]], "chi2_level": 0.997, "chi2_df": 3, "chi2_threshold": 13.931422665512084, "N_raw": 43, "N_roi": 43, "N_inlier": 42, "refit": true}
{"timestamp": "18:20:15.965257", "frame": 60, "mu": [1.1389453055102399, 3.8401850897639376, 0.8083486072539305], "Sigma": [[0.0059901777243022754, -0.001912668171715079, 0.012098004895371085], [-0.0019126681717150785, 0.003715721056379999, -0.004125179230326245], [0.012098004895371084, -0.004125179230326245, 0.18498382026964158]], "chi2_level": 0.997, "chi2_df": 3, "chi2_threshold": 13.931422665512084, "N_raw": 10, "N_roi": 10, "N_inlier": 10, "refit": true}
{"timestamp": "18:20:16.029805", "frame": 61, "mu": [1.2342899104609661, 3.716344727198586, 0.7391531419515027], "Sigma": [[0.02758045525185545, -0.006031470216530291, 0.006513841137953976], [-0.006031470216530291, 0.004382525715814388, 0.013529815031827278], [0.006513841137953976, 0.013529815031827278, 0.1699348851697485]], "chi2_level": 0.997, "chi2_df": 3, "chi2_threshold": 13.931422665512084, "N_raw": 75, "N_roi": 75, "N_inlier": 75, "refit": true}
{"timestamp": "18:20:16.090128", "frame": 62, "mu": [1.1067238375121295, 3.6702784432920192, 0.4766433083440042], "Sigma": [[0.03243177878017246, -0.008681493142408058, 0.021281268758529273], [-0.008681493142408058, 0.010055285520526236, 0.021676991738630476], [0.021281268758529273, 0.021676991738630476, 0.2846365184228111]], "chi2_level": 0.997, "chi2_df": 3, "chi2_threshold": 13.931422665512084, "N_raw": 106, "N_roi": 106, "N_inlier": 106, "refit": true}
{"timestamp": "18:20:16.137827", "frame": 63, "mu": [1.2774955176825413, 3.6574845315600477, 0.6765114276519724], "Sigma": [[0.022867103482303114, -0.009471162709871821, -0.008434242770208124], [-0.009471162709871823, 0.005409791826474631, 0.0016294566403225802], [-0.008434242770208121, 0.0016294566403225806, 0.10826361680411692]], "chi2_level": 0.997, "chi2_df": 3, "chi2_threshold": 13.931422665512084, "N_raw": 43, "N_roi": 43, "N_inlier": 42, "refit": true}
{"timestamp": "18:20:16.186097", "frame": 64, "mu": [1.0864732088670366, 3.9500734659980448, -0.45810889749396916], "Sigma": [[0.010697264333235075, -0.00425473876519994, 5.403741863489308e-05], [-0.00425473876519994, 0.00426377097488158, -0.01061846777062507], [5.4037418634892646e-05, -0.010618467770625072, 0.05095239772917367]], "chi2_level": 0.997, "chi2_df": 3, "chi2_threshold": 13.931422665512084, "N_raw": 22, "N_roi": 22, "N_inlier": 21, "refit": true}
{"timestamp": "18:20:16.248889", "frame": 65, "mu": [1.176861719917908, 3.5893429891756425, 0.7389114941744157], "Sigma": [[0.022843947579046366, -0.010070839673527038, -0.012499344963489747], [-0.010070839673527038, 0.004954537019018155, 0.0031834044719490978], [-0.012499344963489749, 0.0031834044719490978, 0.07555659137242851]], "chi2_level": 0.997, "chi2_df": 3, "chi2_threshold": 13.931422665512084, "N_raw": 62, "N_roi": 62, "N_inlier": 62, "refit": true}
{"timestamp": "18:20:16.303249", "frame": 66, "mu": [1.0836482673107901, 3.6251536023587687, 0.7578341176706788], "Sigma": [[0.01913048954505841, -0.008276665849209067, 0.0009167067780762284], [-0.008276665849209068, 0.004887235746317401, -0.0061204842109393795], [0.0009167067780762278, -0.0061204842109393795, 0.0334622732162809]], "chi2_level": 0.997, "chi2_df": 3, "chi2_threshold": 13.931422665512084, "N_raw": 58, "N_roi": 57, "N_inlier": 56, "refit": true}
{"timestamp": "18:20:16.362052", "frame": 67, "mu": [0.9292145935874827, 3.639738886341987, 0.8904668270485925], "Sigma": [[0.020710816118171188, -0.006865489319290722, 0.005110585525630404], [-0.006865489319290721, 0.003844018389822841, -0.005622114477575947], [0.005110585525630404, -0.005622114477575947, 0.06335538649231225]], "chi2_level": 0.997, "chi2_df": 3, "chi2_threshold": 13.931422665512084, "N_raw": 64, "N_roi": 64, "N_inlier": 64, "refit": true}
{"timestamp": "18:20:16.407772", "frame": 68, "mu": [1.060650168762881, 3.5598950044443955, 1.1208615558315036], "Sigma": [[0.006175739128115061, -0.0007648886312103913, -0.007363462870032962], [-0.0007648886312103911, 0.001646625026355985, -0.0032078050098812826], [-0.007363462870032962, -0.0032078050098812826, 0.03234928702386344]], "chi2_level": 0.997, "chi2_df": 3, "chi2_threshold": 13.931422665512084, "N_raw": 22, "N_roi": 22, "N_inlier": 22, "refit": true}
{"timestamp": "18:20:16.463127", "frame": 69, "mu": [1.007361308360331, 3.5533457239670234, 1.243584609803359], "Sigma": [[0.010526638001265584, -0.003467076491955875, -0.01201656078734015], [-0.003467076491955875, 0.0025736768419927017, 0.0012590698321119172], [-0.01201656078734015, 0.001259069832111917, 0.03141955030997198]], "chi2_level": 0.997, "chi2_df": 3, "chi2_threshold": 13.931422665512084, "N_raw": 24, "N_roi": 24, "N_inlier": 24, "refit": true}
{"timestamp": "18:20:16.523539", "frame": 70, "mu": [1.027087389241106, 3.5493135956770843, 0.9240287025013727], "Sigma": [[0.020611558473280313, -0.012992296599223813, -0.024720704439014217], [-0.012992296599223813, 0.011882984440153807, 0.010577527816696405], [-0.024720704439014217, 0.010577527816696405, 0.05029474804463793]], "chi2_level": 0.997, "chi2_df": 3, "chi2_threshold": 13.931422665512084, "N_raw": 64, "N_roi": 64, "N_inlier": 61, "refit": true}
{"timestamp": "18:20:16.579136", "frame": 71, "mu": [0.9744481799480991, 3.5298379551698864, 0.9161871961704019], "Sigma": [[0.025198892504979857, -0.011917584125764033, -0.02683079565152477], [-0.011917584125764033, 0.011698774480065597, 0.01394321770034482], [-0.02683079565152477, 0.01394321770034482, 0.03802710016269345]], "chi2_level": 0.997, "chi2_df": 3, "chi2_threshold": 13.931422665512084, "N_raw": 58, "N_roi": 58, "N_inlier": 55, "refit": true}
{"timestamp": "18:20:16.631731", "frame": 72, "mu": [0.984741213889361, 3.5142560134168255, 0.878701351562279], "Sigma": [[0.03763449159941797, -0.03392055527280163, -0.013675141804836664], [-0.03392055527280162, 0.03457026142703863, 0.008184272669742827], [-0.013675141804836664, 0.008184272669742827, 0.019690323655558787]], "chi2_level": 0.997, "chi2_df": 3, "chi2_threshold": 13.931422665512084, "N_raw": 48, "N_roi": 48, "N_inlier": 46, "refit": true}
{"timestamp": "18:20:16.689063", "frame": 73, "mu": [0.8916222801314376, 3.564063152880793, 0.8350079305173108], "Sigma": [[0.023270334531699986, -0.016650484770056834, -0.013358291817020989], [-0.016650484770056834, 0.020609226416673815, 0.010987048992657532], [-0.01335829181702099, 0.010987048992657534, 0.010349471985927455]], "chi2_level": 0.997, "chi2_df": 3, "chi2_threshold": 13.931422665512084, "N_raw": 63, "N_roi": 63, "N_inlier": 62, "refit": true}
{"timestamp": "18:20:16.741507", "frame": 74, "mu": [0.9526164273993475, 3.411280068793688, 0.9370414793851704], "Sigma": [[0.01595709236538307, -0.00882913513091463, -0.009284687258622859], [-0.00882913513091463, 0.008623081172511857, 0.0034987871750710446], [-0.009284687258622859, 0.003498787175071044, 0.025993130068028825]], "chi2_level": 0.997, "chi2_df": 3, "chi2_threshold": 13.931422665512084, "N_raw": 50, "N_roi": 50, "N_inlier": 49, "refit": true}
{"timestamp": "18:20:16.794047", "frame": 75, "mu": [0.8911158113865492, 3.402828644681615, 1.0442744393147243], "Sigma": [[0.005796047326509531, -0.002104902374585353, -0.005207629039721443], [-0.002104902374585353, 0.003401278109003858, -0.0030311117304747406], [-0.005207629039721444, -0.0030311117304747406, 0.01928147641626921]], "chi2_level": 0.997, "chi2_df": 3, "chi2_threshold": 13.931422665512084, "N_raw": 30, "N_roi": 30, "N_inlier": 28, "refit": true}
{"timestamp": "18:20:16.851096", "frame": 76, "mu": [0.993702201952713, 3.3116227569800865, 0.7059232662355207], "Sigma": [[0.015511318088108614, -0.005607418059313847, -0.010409125363573508], [-0.0056074180593138475, 0.002274071020025759, 0.003993711760016129], [-0.010409125363573506, 0.003993711760016128, 0.04393744579939893]], "chi2_level": 0.997, "chi2_df": 3, "chi2_threshold": 13.931422665512084, "N_raw": 44, "N_roi": 44, "N_inlier": 43, "refit": true}
{"timestamp": "18:20:16.910555", "frame": 77, "mu": [0.9385701527946835, 3.3223597230927635, 0.7896504303000849], "Sigma": [[0.024532693019539947, -0.006894790144474317, -0.006212684920968421], [-0.0068947901444743175, 0.0065073701406713645, -0.002968909974529408], [-0.006212684920968421, -0.002968909974529408, 0.011859533405593304]], "chi2_level": 0.997, "chi2_df": 3, "chi2_threshold": 13.931422665512084, "N_raw": 75, "N_roi": 75, "N_inlier": 73, "refit": true}
{"timestamp": "18:20:16.963801", "frame": 78, "mu": [0.9371250530199841, 3.2377779029408, 0.5456606197406194], "Sigma": [[0.020468754250687567, -0.007436550143524263, 0.00233372300543537], [-0.007436550143524263, 0.005316423804345727, -0.005020833817348429], [0.0023337230054353703, -0.005020833817348429, 0.017838234211236544]], "chi2_level": 0.997, "chi2_df": 3, "chi2_threshold": 13.931422665512084, "N_raw": 60, "N_roi": 60, "N_inlier": 60, "refit": true}
{"timestamp": "18:20:17.017114", "frame": 79, "mu": [0.8899049190968105, 3.2587069358739202, 0.5710015910508145], "Sigma": [[0.02136851694989356, -0.008429205541335874, 0.009447362224813544], [-0.008429205541335876, 0.005854194495412181, -0.0073166972527823945], [0.009447362224813544, -0.0073166972527823945, 0.0198573617294638]], "chi2_level": 0.997, "chi2_df": 3, "chi2_threshold": 13.931422665512084, "N_raw": 53, "N_roi": 53, "N_inlier": 50, "refit": true}
{"timestamp": "18:20:17.074299", "frame": 80, "mu": [0.8961096005612771, 3.2030353927418695, 0.9659125351128617], "Sigma": [[0.015536917237597253, -0.007200692269145671, -0.011139693296804313], [-0.007200692269145671, 0.008026909769088953, -0.004101456808516682], [-0.011139693296804315, -0.004101456808516682, 0.03125197706367863]], "chi2_level": 0.997, "chi2_df": 3, "chi2_threshold": 13.931422665512084, "N_raw": 63, "N_roi": 63, "N_inlier": 61, "refit": true}
{"timestamp": "18:20:17.123849", "frame": 81, "mu": [0.8523404519258665, 3.202944462389223, 0.9730450528588384], "Sigma": [[0.010452356560582332, -0.0034840338965302755, -0.014150723089706035], [-0.003484033896530275, 0.0025563258444418965, 0.00258360944400014], [-0.014150723089706035, 0.00258360944400014, 0.027845561018010865]], "chi2_level": 0.997, "chi2_df": 3, "chi2_threshold": 13.931422665512084, "N_raw": 29, "N_roi": 29, "N_inlier": 27, "refit": true}
{"timestamp": "18:20:17.178934", "frame": 82, "mu": [0.8244310485157739, 3.1814536313101542, 0.8935476465124249], "Sigma": [[0.011654820218324756, -0.0034870557404625023, -0.0033715275041061215], [-0.0034870557404625023, 0.0027973504869488602, -0.0019626782021048414], [-0.003371527504106121, -0.0019626782021048414, 0.0076833708730350446]], "chi2_level": 0.997, "chi2_df": 3, "chi2_threshold": 13.931422665512084, "N_raw": 36, "N_roi": 36, "N_inlier": 36, "refit": true}
{"timestamp": "18:20:17.295625", "frame": 84, "mu": [0.7480228000871074, 3.3457958960482808, -0.3305667773865044], "Sigma": [[0.017472440496565256, -0.006791929650343875, -0.0023079057558132977], [-0.006791929650343873, 0.010748275212087497, -0.0069847658675258155], [-0.0023079057558132977, -0.006984765867525816, 0.019885741141888926]], "chi2_level": 0.997, "chi2_df": 3, "chi2_threshold": 13.931422665512084, "N_raw": 72, "N_roi": 72, "N_inlier": 69, "refit": true}
{"timestamp": "18:20:17.349777", "frame": 85, "mu": [0.7026079651135232, 3.0849842998060963, 0.9295039597157777], "Sigma": [[0.015350414138169401, -0.004558791675364479, 0.00046236272666638246], [-0.00455879167536448, 0.004996062504247123, -0.005202221541149483], [0.00046236272666638203, -0.005202221541149483, 0.011647111376183539]], "chi2_level": 0.997, "chi2_df": 3, "chi2_threshold": 13.931422665512084, "N_raw": 67, "N_roi": 67, "N_inlier": 65, "refit": true}
{"timestamp": "18:20:17.400113", "frame": 86, "mu": [0.7581708809995285, 3.0255862399136273, 0.9960710974005411], "Sigma": [[0.009959105316348237, -0.0035523886296196885, -0.00445287593338125], [-0.0035523886296196885, 0.003429069503140525, -0.003391458793187793], [-0.004452875933381251, -0.0033914587931877936, 0.01815846587749116]], "chi2_level": 0.997, "chi2_df": 3, "chi2_threshold": 13.931422665512084, "N_raw": 42, "N_roi": 42, "N_inlier": 42, "refit": true}
{"timestamp": "18:20:17.456123", "frame": 87, "mu": [0.6584784903346071, 3.0896373246592916, 1.001218387110524], "Sigma": [[0.011925717290894292, -0.002057701978961768, -0.006576104261421855], [-0.002057701978961768, 0.004021448790645099, -0.0008588066465642587], [-0.006576104261421855, -0.0008588066465642588, 0.007051613733672874]], "chi2_level": 0.997, "chi2_df": 3, "chi2_threshold": 13.931422665512084, "N_raw": 48, "N_roi": 48, "N_inlier": 45, "refit": true}
{"timestamp": "18:20:17.520782", "frame": 88, "mu": [0.6130870513468354, 3.0552685855716515, 0.9268215572872329], "Sigma": [[0.02051311858447714, -0.008490891389086323, 0.005067387126454258], [-0.008490891389086323, 0.007699581034234763, -0.011460126773686689], [0.005067387126454257, -0.01146012677368669, 0.03711922579333742]], "chi2_level": 0.997, "chi2_df": 3, "chi2_threshold": 13.931422665512084, "N_raw": 104, "N_roi": 104, "N_inlier": 99, "refit": true}
{"timestamp": "18:20:17.575024", "frame": 89, "mu": [0.5906014683371585, 3.020945592937327, 0.8851397401643777], "Sigma": [[0.021499147178347958, -0.00853657852609152, 0.014587522314211348], [-0.00853657852609152, 0.006700587106392535, -0.011699480426717177], [0.014587522314211348, -0.011699480426717177, 0.06898645244447349]], "chi2_level": 0.997, "chi2_df": 3, "chi2_threshold": 13.931422665512084, "N_raw": 94, "N_roi": 94, "N_inlier": 91, "refit": true}
{"timestamp": "18:20:17.624317", "frame": 90, "mu": [0.6098200999221141, 2.9650230044762576, 0.903085124006882], "Sigma": [[0.015600508693782227, -0.006753605399179996, 0.012286171419684454], [-0.006753605399179996, 0.003938217568948036, -0.009935174518468145], [0.012286171419684452, -0.009935174518468143, 0.048173765460284054]], "chi2_level": 0.997, "chi2_df": 3, "chi2_threshold": 13.931422665512084, "N_raw": 71, "N_roi": 71, "N_inlier": 69, "refit": true}
{"timestamp": "18:20:17.671467", "frame": 91, "mu": [0.5923972239391558, 2.824566092011303, 0.632147564823826], "Sigma": [[0.005482603010700655, 0.003765124603225, 0.03521753900347587], [0.003765124603225, 0.014347118671217685, 0.05594077549180436], [0.03521753900347587, 0.055940775491804366, 0.3661306349883388]], "chi2_level": 0.997, "chi2_df": 3, "chi2_threshold": 13.931422665512084, "N_raw": 12, "N_roi": 12, "N_inlier": 11, "refit": true}
{"timestamp": "18:20:17.730109", "frame": 92, "mu": [0.5589291627371885, 3.2255118935477687, -0.5041741708149501], "Sigma": [[0.009122511460112776, -0.0030473686812887138, 0.0004734330607835155], [-0.0030473686812887133, 0.02072713190095498, -0.054020453075193264], [0.000473433060783516, -0.054020453075193264, 0.15544611366514197]], "chi2_level": 0.997, "chi2_df": 3, "chi2_threshold": 13.931422665512084, "N_raw": 42, "N_roi": 42, "N_inlier": 41, "refit": true}
{"timestamp": "18:20:17.789120", "frame": 93, "mu": [0.5782091690157641, 2.972106124676317, 0.7371429995825748], "Sigma": [[0.012746328899183142, -0.0013637846925871912, -0.015497916330611629], [-0.0013637846925871912, 0.004584948095866341, -0.022123627066900322], [-0.015497916330611629, -0.022123627066900322, 0.300955638099532]], "chi2_level": 0.997, "chi2_df": 3, "chi2_threshold": 13.931422665512084, "N_raw": 69, "N_roi": 69, "N_inlier": 68, "refit": true}
{"timestamp": "18:20:17.845644", "frame": 94, "mu": [0.5286700494729084, 3.0747820881208763, -0.7078644018180631], "Sigma": [[0.016063261193446875, 0.009737607622107854, 0.01489081225639948], [0.009737607622107854, 0.03503500211385813, -0.04598506405442842], [0.014890812256399478, -0.04598506405442842, 0.33511441414659676]], "chi2_level": 0.997, "chi2_df": 3, "chi2_threshold": 13.931422665512084, "N_raw": 71, "N_roi": 71, "N_inlier": 71, "refit": true}
{"timestamp": "18:20:17.898328", "frame": 95, "mu": [0.42356455192012615, 2.848759519855661, 0.9534142724836818], "Sigma": [[0.015346023692009714, -0.0022050575221524062, -0.007710531598884854], [-0.0022050575221524067, 0.003049755079136372, -0.0056935936731458674], [-0.007710531598884854, -0.0056935936731458674, 0.03760522733856117]], "chi2_level": 0.997, "chi2_df": 3, "chi2_threshold": 13.931422665512084, "N_raw": 63, "N_roi": 63, "N_inlier": 59, "refit": true}
{"timestamp": "18:20:17.955248", "frame": 96, "mu": [0.476926025278162, 2.811463301352039, 0.9766709176636417], "Sigma": [[0.010847960281224036, -0.0039334616951668105, -0.006539280204622407], [-0.0039334616951668105, 0.0034100719482713683, -0.004422043323981022], [-0.0065392802046224064, -0.004422043323981022, 0.08637681088703555]], "chi2_level": 0.997, "chi2_df": 3, "chi2_threshold": 13.931422665512084, "N_raw": 68, "N_roi": 68, "N_inlier": 66, "refit": true}
{"timestamp": "18:20:18.008177", "frame": 97, "mu": [0.451483792072512, 2.7848639677013973, 0.9569630966320963], "Sigma": [[0.01705425740981522, -0.007248850052298783, 0.007161877595799331], [-0.007248850052298783, 0.0039039031268113585, -0.005564006560588746], [0.0071618775957993305, -0.005564006560588745, 0.0253709793109599]], "chi2_level": 0.997, "chi2_df": 3, "chi2_threshold": 13.931422665512084, "N_raw": 62, "N_roi": 62, "N_inlier": 58, "refit": true}
