{"timestamp": "18:12:16.089816", "frame": 26, "mu": [-2.4070649691416266, 2.86472490923102, 0.9154225318607989], "Sigma": [[0.0037019145770744557, 0.0022212272993859584, -0.0033752694007248276], [0.002221227299385959, 0.004414449857599151, -0.0022255022482109465], [-0.0033752694007248276, -0.0022255022482109465, 0.004304117648455139]], "chi2_level": 0.997, "chi2_df": 3, "chi2_threshold": 13.931422665512084, "N_raw": 15, "N_roi": 8, "N_inlier": 8, "refit": true}
{"timestamp": "18:12:16.204224", "frame": 28, "mu": [-2.3476900863716277, 3.075427202343053, -0.08075561740368832], "Sigma": [[0.008145479850756974, 0.007199175737804926, -0.005333868501605353], [0.007199175737804926, 0.015610453919101716, -0.009481679328760964], [-0.005333868501605353, -0.009481679328760963, 0.01021076126549224]], "chi2_level": 0.997, "chi2_df": 3, "chi2_threshold": 13.931422665512084, "N_raw": 41, "N_roi": 31, "N_inlier": 29, "refit": true}
{"timestamp": "18:12:16.313883", "frame": 30, "mu": [-2.343103016055559, 2.900032232153354, 1.1395063960891971], "Sigma": [[0.00952579166900283, 0.004290744156579532, -0.001178612985909328], [0.004290744156579532, 0.0032129960220131865, -0.0027767866102204096], [-0.0011786129859093278, -0.0027767866102204096, 0.009247879345410364]], "chi2_level": 0.997, "chi2_df": 3, "chi2_threshold": 13.931422665512084, "N_raw": 26, "N_roi": 21, "N_inlier": 20, "refit": true}
{"timestamp": "18:12:16.586133", "frame": 35, "mu": [-2.00391614705691, 3.020169792713519, 0.9670950076228811], "Sigma": [[0.006152781224476006, 0.003233454343736805, -0.004739070358417374], [0.003233454343736805, 0.004743179572765138, -0.003661549555310237], [-0.004739070358417374, -0.0036615495553102366, 0.005348070490358473]], "chi2_level": 0.997, "chi2_df": 3, "chi2_threshold": 13.931422665512084, "N_raw": 17, "N_roi": 17, "N_inlier": 17, "refit": true}
{"timestamp": "18:12:16.645957", "frame": 36, "mu": [-2.059074413269487, 2.9490386361030385, 1.1383435004388156], "Sigma": [[0.012135601141657223, 0.005318584782146302, -0.006433627728105375], [0.005318584782146302, 0.009623069057585013, -0.003420202120803889], [-0.006433627728105375, -0.003420202120803889, 0.005229602690610616]], "chi2_level": 0.997, "chi2_df": 3, "chi2_threshold": 13.931422665512084, "N_raw": 40, "N_roi": 40, "N_inlier": 40, "refit": true}
{"timestamp": "18:12:16.751027", "frame": 38, "mu": [-1.858155402999103, 3.066316316724841, 0.9009576984853098], "Sigma": [[0.0033228971399748212, 0.0010814365238549417, -0.0026890338253787926], [0.0010814365238549417, 0.003224531871951512, -0.003575095732882551], [-0.0026890338253787926, -0.003575095732882551, 0.006825871736828148]], "chi2_level": 0.997, "chi2_df": 3, "chi2_threshold": 13.931422665512084, "N_raw": 17, "N_roi": 16, "N_inlier": 15, "refit": true}
{"timestamp": "18:12:16.814543", "frame": 39, "mu": [-1.881929094871889, 3.1657485137485257, -0.26970371764946816], "Sigma": [[0.015366426414804391, 0.011345421047753561, -0.017541458977511668], [0.011345421047753561, 0.01992758444522395, -0.02619303558745209], [-0.01754145897751167, -0.026193035587452094, 0.03839747012770783]], "chi2_level": 0.997, "chi2_df": 3, "chi2_threshold": 13.931422665512084, "N_raw": 67, "N_roi": 64, "N_inlier": 61, "refit": true}
{"timestamp": "18:12:16.920594", "frame": 41, "mu": [-1.7384036797831621, 3.025716149555362, 0.8015815335900116], "Sigma": [[0.012193293555012372, 0.0024875770328182797, -0.01428705386871462], [0.0024875770328182797, 0.002266898244727171, -0.006703751027975852], [-0.014287053868714622, -0.006703751027975852, 0.034474351337405305]], "chi2_level": 0.997, "chi2_df": 3, "chi2_threshold": 13.931422665512084, "N_raw": 43, "N_roi": 40, "N_inlier": 40, "refit": true}
{"timestamp": "18:12:16.978024", "frame": 42, "mu": [-1.790812832983672, 3.154554414340551, -0.18496341844374453], "Sigma": [[0.016312737096895853, 0.009553818683110685, -0.007840980786291476], [0.009553818683110685, 0.01242389697554326, -0.009512496116967622], [-0.007840980786291476, -0.009512496116967622, 0.00824156762862742]], "chi2_level": 0.997, "chi2_df": 3, "chi2_threshold": 13.931422665512084, "N_raw": 50, "N_roi": 50, "N_inlier": 49, "refit": true}
{"timestamp": "18:12:17.033936", "frame": 43, "mu": [-1.764359555173458, 3.1557656182836555, -0.2047329855093847], "Sigma": [[0.013649062913020883, 0.007695823053322642, -0.010446497970583835], [0.0076958230533226415, 0.01056162695694606, -0.012843497210136442], [-0.010446497970583835, -0.012843497210136442, 0.018644152387308047]], "chi2_level": 0.997, "chi2_df": 3, "chi2_threshold": 13.931422665512084, "N_raw": 51, "N_roi": 48, "N_inlier": 45, "refit": true}
{"timestamp": "18:12:17.082858", "frame": 44, "mu": [-1.7081033893473458, 2.9785625854415296, 0.9772558611315707], "Sigma": [[0.004701434154728614, 0.0001365592866608728, 0.0026109114866287265], [0.00013655928666087282, 0.003950098053123275, -0.004345106741619359], [0.0026109114866287265, -0.004345106741619359, 0.007525608435611739]], "chi2_level": 0.997, "chi2_df": 3, "chi2_threshold": 13.931422665512084, "N_raw": 14, "N_roi": 11, "N_inlier": 11, "refit": true}
{"timestamp": "18:12:17.135690", "frame": 45, "mu": [-1.6482512237343143, 2.9885482216934696, 0.7806896166231277], "Sigma": [[0.004854593423431602, 0.0025974961258336416, -0.01472836666104301], [0.002597496125833641, 0.006260446690858638, -0.01993965254319817], [-0.01472836666104301, -0.01993965254319817, 0.08490104858059436]], "chi2_level": 0.997, "chi2_df": 3, "chi2_threshold": 13.931422665512084, "N_raw": 8, "N_roi": 8, "N_inlier": 8, "refit": true}
{"timestamp": "18:12:17.195350", "frame": 46, "mu": [-1.6604068876858598, 3.102823141046645, 1.2006865793287687], "Sigma": [[0.013820338902832185, 0.0032391334342387686, -0.008810145206967705], [0.003239133434238769, 0.004048919178958899, -0.0027651338151133097], [-0.008810145206967705, -0.0027651338151133092, 0.008768951372979873]], "chi2_level": 0.997, "chi2_df": 3, "chi2_threshold": 13.931422665512084, "N_raw": 35, "N_roi": 34, "N_inlier": 33, "refit": true}
{"timestamp": "18:12:17.250812", "frame": 47, "mu": [-1.5692886932640282, 3.1104950040252444, 1.1017163217406467], "Sigma": [[0.01465461561013169, 0.0024198646971215227, -0.011878860522441203], [0.0024198646971215227, 0.0009397316053445631, -0.004267875091974989], [-0.011878860522441203, -0.004267875091974989, 0.034021615948922036]], "chi2_level": 0.997, "chi2_df": 3, "chi2_threshold": 13.931422665512084, "N_raw": 43, "N_roi": 38, "N_inlier": 36, "refit": true}
{"timestamp": "18:12:17.305328", "frame": 48, "mu": [-1.5333986578215337, 3.0466553994291146, 1.2902189764840781], "Sigma": [[0.010561869638141453, 0.001955636435632825, -0.008214382776013461], [0.0019556364356328256, 0.0062737613337832095, 0.004706148533010392], [-0.008214382776013461, 0.004706148533010391, 0.027298706114606698]], "chi2_level": 0.997, "chi2_df": 3, "chi2_threshold": 13.931422665512084, "N_raw": 35, "N_roi": 35, "N_inlier": 32, "refit": true}
{"timestamp": "18:12:17.362724", "frame": 49, "mu": [-1.4389280578608934, 3.0708656648650186, 1.113701241403869], "Sigma": [[0.018976210871922743, 0.004335077230911338, -0.00901266009806236], [0.004335077230911338, 0.004407026057318498, -0.006264700637486785], [-0.00901266009806236, -0.006264700637486785, 0.01425036926402353]], "chi2_level": 0.997, "chi2_df": 3, "chi2_threshold": 13.931422665512084, "N_raw": 55, "N_roi": 55, "N_inlier": 55, "refit": true}
{"timestamp": "18:12:17.421461", "frame": 50, "mu": [-1.386037139468135, 3.0422666085606984, 1.0636945920506633], "Sigma": [[0.022012310351815924, 0.005160743121553655, -0.010485779562185587], [0.005160743121553655, 0.006684676626065686, -0.008194138075082572], [-0.010485779562185587, -0.008194138075082572, 0.016282165983444036]], "chi2_level": 0.997, "chi2_df": 3, "chi2_threshold": 13.931422665512084, "N_raw": 74, "N_roi": 74, "N_inlier": 73, "refit": true}
{"timestamp": "18:12:17.472827", "frame": 51, "mu": [-1.3407087459277705, 3.0445424228648705, 1.1079803020453947], "Sigma": [[0.01696391195879758, 0.0028391554457904275, -0.014110841244186764], [0.0028391554457904275, 0.004675098844834662, -0.005606100773423178], [-0.014110841244186764, -0.005606100773423178, 0.018641197645896043]], "chi2_level": 0.997, "chi2_df": 3, "chi2_threshold": 13.931422665512084, "N_raw": 58, "N_roi": 56, "N_inlier": 53, "refit": true}
{"timestamp": "18:12:17.524411", "frame": 52, "mu": [-1.304448178492717, 3.01958649511207, 1.2291990110855573], "Sigma": [[0.0160334256441795, 0.003132058531303843, -0.011236933853987744], [0.003132058531303843, 0.003578104707450969, 0.00025684521213131177], [-0.011236933853987744, 0.0002568452121313118, 0.0104942805740219]], "chi2_level": 0.997, "chi2_df": 3, "chi2_threshold": 13.931422665512084, "N_raw": 30, "N_roi": 30, "N_inlier": 28, "refit": true}
{"timestamp": "18:12:17.630599", "frame": 54, "mu": [-1.253089899735312, 2.983114745924489, 0.5353968400527264], "Sigma": [[0.003595834365640204, -0.004972520138994315, 0.028437350317476386], [-0.004972520138994315, 0.012599978140150497, -0.027337273999825946], [0.028437350317476386, -0.027337273999825943, 0.2908965126308302]], "chi2_level": 0.997, "chi2_df": 3, "chi2_threshold": 13.931422665512084, "N_raw": 8, "N_roi": 8, "N_inlier": 8, "refit": true}
{"timestamp": "18:12:17.691219", "frame": 55, "mu": [-1.189518739896872, 3.1457386068704585, -0.11339249434695768], "Sigma": [[0.013721230254592263, 0.0059894690904496095, -0.00884422554971646], [0.0059894690904496095, 0.00788806666445947, -0.00797561117003522], [-0.008844225549716459, -0.00797561117003522, 0.018691209486344267]], "chi2_level": 0.997, "chi2_df": 3, "chi2_threshold": 13.931422665512084, "N_raw": 48, "N_roi": 46, "N_inlier": 46, "refit": true}
{"timestamp": "18:12:17.749038", "frame": 56, "mu": [-1.1728324065652915, 3.0523655376638668, 1.2265772531632115], "Sigma": [[0.018390962968564434, 0.0030276775079956728, -0.009587761564755657], [0.0030276775079956728, 0.008549499305876606, -0.0012627634045409492], [-0.009587761564755659, -0.001262763404540949, 0.006003984906852753]], "chi2_level": 0.997, "chi2_df": 3, "chi2_threshold": 13.931422665512084, "N_raw": 66, "N_roi": 66, "N_inlier": 63, "refit": true}
{"timestamp": "18:12:17.800716", "frame": 57, "mu": [-1.1072231613809653, 3.1543789987690602, 1.4008629513428534], "Sigma": [[0.014668679506766749, 0.0033845830077433, -0.008692978027064853], [0.0033845830077433, 0.0025824787254921967, -0.005017082353008059], [-0.008692978027064854, -0.005017082353008059, 0.011751736769998881]], "chi2_level": 0.997, "chi2_df": 3, "chi2_threshold": 13.931422665512084, "N_raw": 38, "N_roi": 38, "N_inlier": 36, "refit": true}
{"timestamp": "18:12:17.857801", "frame": 58, "mu": [-1.0969111477483946, 3.097794013157402, 1.2329895418434293], "Sigma": [[0.017719406513055022, 0.0030086481523365063, -0.01383875028475486], [0.0030086481523365063, 0.005128264115208147, -0.0021353531662800344], [-0.01383875028475486, -0.002135353166280035, 0.044312178532678236]], "chi2_level": 0.997, "chi2_df": 3, "chi2_threshold": 13.931422665512084, "N_raw": 56, "N_roi": 56, "N_inlier": 53, "refit": true}
{"timestamp": "18:12:17.915044", "frame": 59, "mu": [-1.0479391185642095, 3.046131075237011, 1.0702596738820152], "Sigma": [[0.015381485851906936, 0.002748555297043315, -0.003451209593502189], [0.002748555297043315, 0.005901595549647078, -0.003824904862800624], [-0.0034512095935021895, -0.003824904862800624, 0.018931129395094216]], "chi2_level": 0.997, "chi2_df": 3, "chi2_threshold": 13.931422665512084, "N_raw": 66, "N_roi": 66, "N_inlier": 63, "refit": true}
{"timestamp": "18:12:17.968040", "frame": 60, "mu": [-1.0271847452351068, 3.0632074406966048, 1.22622173383999], "Sigma": [[0.015256337693692492, 0.0006437829701116082, -0.013345521719265677], [0.0006437829701116081, 0.002905882946087135, -0.0037387031049377372], [-0.013345521719265677, -0.0037387031049377372, 0.024536921069718755]], "chi2_level": 0.997, "chi2_df": 3, "chi2_threshold": 13.931422665512084, "N_raw": 54, "N_roi": 53, "N_inlier": 52, "refit": true}
{"timestamp": "18:12:18.024947", "frame": 61, "mu": [-0.9775999238211506, 3.180071516312922, -0.3170644741307285], "Sigma": [[0.01700401682173164, 0.007770215290101861, 0.014586827233373505], [0.007770215290101861, 0.012381716015602003, 0.007111090886163081], [0.014586827233373506, 0.007111090886163081, 0.07728048611539208]], "chi2_level": 0.997, "chi2_df": 3, "chi2_threshold": 13.931422665512084, "N_raw": 71, "N_roi": 71, "N_inlier": 68, "refit": true}
{"timestamp": "18:12:18.075689", "frame": 62, "mu": [-0.9674808898656585, 3.077985474082278, 1.0415167970190802], "Sigma": [[0.009286973389069643, -0.0009118834687921542, -0.017225798386069607], [-0.0009118834687921542, 0.0008643254665378115, -0.001260882669260481], [-0.017225798386069607, -0.001260882669260481, 0.11736115200658204]], "chi2_level": 0.997, "chi2_df": 3, "chi2_threshold": 13.931422665512084, "N_raw": 35, "N_roi": 35, "N_inlier": 34, "refit": true}
{"timestamp": "18:12:18.128879", "frame": 63, "mu": [-0.8763503434467331, 3.0639160304561925, 0.9248888996725448], "Sigma": [[0.008656617197948812, 0.0019073863125012476, -0.001001954633938305], [0.0019073863125012476, 0.0025713080601666985, -0.002716299639073589], [-0.0010019546339383053, -0.0027162996390735885, 0.006427317786133667]], "chi2_level": 0.997, "chi2_df": 3, "chi2_threshold": 13.931422665512084, "N_raw": 28, "N_roi": 28, "N_inlier": 25, "refit": true}
{"timestamp": "18:12:18.187789", "frame": 64, "mu": [-0.865446142489064, 3.0189272459760583, 0.9407670565698083], "Sigma": [[0.015344995154107116, 0.0013907395245564913, -0.007040666589893466], [0.0013907395245564918, 0.0024426227022580427, -0.004869951607213473], [-0.007040666589893466, -0.004869951607213473, 0.013221422471133138]], "chi2_level": 0.997, "chi2_df": 3, "chi2_threshold": 13.931422665512084, "N_raw": 58, "N_roi": 58, "N_inlier": 56, "refit": true}
{"timestamp": "18:12:18.241827", "frame": 65, "mu": [-0.8003144683718388, 2.994300133744323, 1.0524238682623308], "Sigma": [[0.011629210659082305, 0.0019834419177171443, -0.00731726683169364], [0.0019834419177171443, 0.0031403385714391377, -0.0034582593636303697], [-0.00731726683169364, -0.0034582593636303697, 0.010164171303849681]], "chi2_level": 0.997, "chi2_df": 3, "chi2_threshold": 13.931422665512084, "N_raw": 48, "N_roi": 46, "N_inlier": 43, "refit": true}
{"timestamp": "18:12:18.299854", "frame": 66, "mu": [-0.7541571298762325, 3.073148126646429, 1.1063472295495895], "Sigma": [[0.01678638482565826, 0.0009963668623200832, -0.008779565338320479], [0.0009963668623200832, 0.00948301970347242, 0.0007792205795060468], [-0.008779565338320479, 0.0007792205795060467, 0.0070710767876672334]], "chi2_level": 0.997, "chi2_df": 3, "chi2_threshold": 13.931422665512084, "N_raw": 71, "N_roi": 71, "N_inlier": 70, "refit": true}
{"timestamp": "18:12:18.356142", "frame": 67, "mu": [-0.6882760295364667, 3.0779663858913215, 1.0847460147977115], "Sigma": [[0.018125628086364098, 0.0021110876096253235, -0.006239799121843678], [0.0021110876096253235, 0.007095947282101353, -0.003709363641082596], [-0.006239799121843678, -0.003709363641082596, 0.007297034998930294]], "chi2_level": 0.997, "chi2_df": 3, "chi2_threshold": 13.931422665512084, "N_raw": 77, "N_roi": 74, "N_inlier": 72, "refit": true}
{"timestamp": "18:12:18.410693", "frame": 68, "mu": [-0.694856912121715, 3.0457143760156558, 1.0318501960175641], "Sigma": [[0.01428073634463872, -0.00022607900542247685, -0.007438758147375106], [-0.00022607900542247677, 0.006198151998217578, -0.0033792964245758033], [-0.007438758147375106, -0.0033792964245758033, 0.008225263669196787]], "chi2_level": 0.997, "chi2_df": 3, "chi2_threshold": 13.931422665512084, "N_raw": 66, "N_roi": 65, "N_inlier": 64, "refit": true}
{"timestamp": "18:12:18.461143", "frame": 69, "mu": [-0.6446570188048106, 3.124578680527801, -0.45865641173247845], "Sigma": [[0.011858390667310143, 0.008747661601981208, 0.0279229222262471], [0.008747661601981207, 0.013624836756389527, 0.015811075971865023], [0.0279229222262471, 0.015811075971865023, 0.1635531236406251]], "chi2_level": 0.997, "chi2_df": 3, "chi2_threshold": 13.931422665512084, "N_raw": 41, "N_roi": 41, "N_inlier": 40, "refit": true}
{"timestamp": "18:12:18.517032", "frame": 70, "mu": [-0.6489857231502373, 3.0367446753014673, 0.8372769998592935], "Sigma": [[0.008552184387274262, -0.00019734323056329027, -0.010633356251913351], [-0.0001973432305632903, 0.0011580648080960062, -0.0015423842350866762], [-0.010633356251913351, -0.0015423842350866762, 0.07337502983586176]], "chi2_level": 0.997, "chi2_df": 3, "chi2_threshold": 13.931422665512084, "N_raw": 45, "N_roi": 45, "N_inlier": 43, "refit": true}
{"timestamp": "18:12:18.571465", "frame": 71, "mu": [-0.578737512161123, 3.1825198599052813, 1.449018702566415], "Sigma": [[0.013731304818738242, 0.003000510398616531, 0.0011730832957886936], [0.003000510398616531, 0.006175091800680998, 0.012659137162206175], [0.0011730832957886936, 0.012659137162206175, 0.06460693561167907]], "chi2_level": 0.997, "chi2_df": 3, "chi2_threshold": 13.931422665512084, "N_raw": 46, "N_roi": 44, "N_inlier": 41, "refit": true}
{"timestamp": "18:12:18.630830", "frame": 72, "mu": [-0.5222827472150107, 3.133237533515904, 1.2341743438302168], "Sigma": [[0.02026898247769708, 0.00016530522160164516, -0.006808591196064268], [0.00016530522160164516, 0.006860972220644904, -0.0005759524201340233], [-0.006808591196064268, -0.0005759524201340234, 0.0073548905598791745]], "chi2_level": 0.997, "chi2_df": 3, "chi2_threshold": 13.931422665512084, "N_raw": 72, "N_roi": 70, "N_inlier": 66, "refit": true}
{"timestamp": "18:12:18.681993", "frame": 73, "mu": [-0.4927739402382876, 3.0956662954165766, 1.1813435613425458], "Sigma": [[0.01621374627529143, 0.0032826947156460572, -0.003556914448835391], [0.0032826947156460572, 0.0059648789216761025, -0.0001539669789554958], [-0.003556914448835391, -0.0001539669789554957, 0.0031892987962230633]], "chi2_level": 0.997, "chi2_df": 3, "chi2_threshold": 13.931422665512084, "N_raw": 48, "N_roi": 48, "N_inlier": 48, "refit": true}
{"timestamp": "18:12:18.739977", "frame": 74, "mu": [-0.4648334339199836, 3.065902009502559, 0.9654050350635294], "Sigma": [[0.01861652996284608, -0.00023693986757179742, -0.004444287471878874], [-0.0002369398675717973, 0.002721232288182963, -0.005622516381841705], [-0.004444287471878874, -0.005622516381841705, 0.015261590363430904]], "chi2_level": 0.997, "chi2_df": 3, "chi2_threshold": 13.931422665512084, "N_raw": 67, "N_roi": 67, "N_inlier": 64, "refit": true}
{"timestamp": "18:12:18.794074", "frame": 75, "mu": [-0.4243877942433149, 3.0672667586469844, 1.037926166347448], "Sigma": [[0.017569494020095073, 0.0007952619779212548, -0.0034939367490484886], [0.0007952619779212547, 0.0035560618957121573, -0.0027133625914621826], [-0.0034939367490484886, -0.0027133625914621835, 0.003684322794914884]], "chi2_level": 0.997, "chi2_df": 3, "chi2_threshold": 13.931422665512084, "N_raw": 58, "N_roi": 56, "N_inlier": 51, "refit": true}
{"timestamp": "18:12:18.848298", "frame": 76, "mu": [-0.38181487321202207, 3.062763518860201, 1.1690308522015695], "Sigma": [[0.0162553733275276, 0.0003237349074407382, -0.006702685211175284], [0.00032373490744073833, 0.004823936998583671, -0.0005997482320847633], [-0.006702685211175284, -0.0005997482320847634, 0.0050426961812767195]], "chi2_level": 0.997, "chi2_df": 3, "chi2_threshold": 13.931422665512084, "N_raw": 55, "N_roi": 55, "N_inlier": 51, "refit": true}
{"timestamp": "18:12:18.905289", "frame": 77, "mu": [-0.29893784754461167, 3.2011531069186323, -0.1271380082523504], "Sigma": [[0.014558445081361216, 0.001392775245923516, -0.005928884892998941], [0.0013927752459235157, 0.006700093343639953, -0.007812662330167565], [-0.005928884892998941, -0.007812662330167565, 0.013461610662346394]], "chi2_level": 0.997, "chi2_df": 3, "chi2_threshold": 13.931422665512084, "N_raw": 66, "N_roi": 64, "N_inlier": 62, "refit": true}
{"timestamp": "18:12:18.958959", "frame": 78, "mu": [-0.2567682497990259, 3.07953608929326, 1.2358771561849715], "Sigma": [[0.015068764272733758, 0.0025271524918190646, -0.0008087251071094077], [0.002527152491819064, 0.007177952639172436, 0.0030901488899433417], [-0.0008087251071094077, 0.0030901488899433417, 0.0022569673636271114]], "chi2_level": 0.997, "chi2_df": 3, "chi2_threshold": 13.931422665512084, "N_raw": 57, "N_roi": 57, "N_inlier": 53, "refit": true}
{"timestamp": "18:12:19.014044", "frame": 79, "mu": [-0.20777354718516403, 3.0793135175772846, 1.1206197750245093], "Sigma": [[0.014200534087904686, -0.0021416291269710907, -0.008707688831019172], [-0.0021416291269710907, 0.004047409895305858, -0.0039887926801031], [-0.00870768883101917, -0.0039887926801031, 0.01738006264379989]], "chi2_level": 0.997, "chi2_df": 3, "chi2_threshold": 13.931422665512084, "N_raw": 65, "N_roi": 65, "N_inlier": 63, "refit": true}
{"timestamp": "18:12:19.061389", "frame": 80, "mu": [-0.1290181648010248, 3.018564002320901, 0.7722614886243852], "Sigma": [[0.009336421770669122, 0.0013182369892495113, 0.03274475178165691], [0.0013182369892495113, 0.006711505100237392, 0.021004662286654416], [0.03274475178165691, 0.021004662286654416, 0.40503442378425086]], "chi2_level": 0.997, "chi2_df": 3, "chi2_threshold": 13.931422665512084, "N_raw": 8, "N_roi": 8, "N_inlier": 8, "refit": true}
{"timestamp": "18:12:19.123113", "frame": 81, "mu": [-0.08197130622332655, 3.0750619130708152, 1.1296744138375674], "Sigma": [[0.015899238739834336, -0.0001755008077484813, -0.0009539749621049573], [-0.00017550080774848142, 0.00381617257163266, -0.010182495039510955], [-0.000953974962104958, -0.010182495039510957, 0.04888628797679427]], "chi2_level": 0.997, "chi2_df": 3, "chi2_threshold": 13.931422665512084, "N_raw": 58, "N_roi": 58, "N_inlier": 56, "refit": true}
{"timestamp": "18:12:19.181428", "frame": 82, "mu": [-0.07971157312515034, 3.094024168399355, 1.1241009384444847], "Sigma": [[0.01736344211466028, -0.0016374896681724924, -0.00631842368288227], [-0.0016374896681724924, 0.005945933434736311, -0.006514070882423417], [-0.00631842368288227, -0.006514070882423416, 0.019086799136708462]], "chi2_level": 0.997, "chi2_df": 3, "chi2_threshold": 13.931422665512084, "N_raw": 77, "N_roi": 77, "N_inlier": 74, "refit": true}
{"timestamp": "18:12:19.228282", "frame": 83, "mu": [-0.10769383184849206, 3.122129389371696, -0.35327385584908344], "Sigma": [[0.010379440678306031, -0.05962497250753035, 0.04852095279009169], [-0.059624972507530336, 0.8238065152042964, -0.2545174788783829], [0.04852095279009169, -0.2545174788783829, 0.24376893635068012]], "chi2_level": 0.997, "chi2_df": 3, "chi2_threshold": 13.931422665512084, "N_raw": 10, "N_roi": 9, "N_inlier": 9, "refit": true}
{"timestamp": "18:12:19.282034", "frame": 84, "mu": [-0.10266214285279762, 3.113816802034871, 1.1907701097312735], "Sigma": [[0.00738897137278001, 0.0016010225515297534, 0.01974466065910742], [0.0016010225515297534, 0.002097759145180968, 0.006214810026647719], [0.01974466065910742, 0.006214810026647719, 0.060816388487267274]], "chi2_level": 0.997, "chi2_df": 3, "chi2_threshold": 13.931422665512084, "N_raw": 16, "N_roi": 14, "N_inlier": 13, "refit": true}
{"timestamp": "18:12:19.337910", "frame": 85, "mu": [-0.008644324807427472, 3.143553134412617, 1.460871579517232], "Sigma": [[0.010274350825388303, -0.0004686742353264653, -0.004883694665115653], [-0.00046867423532646527, 0.0013649080395022578, -0.0006461413570728635], [-0.004883694665115653, -0.0006461413570728635, 0.0037172444447047485]], "chi2_level": 0.997, "chi2_df": 3, "chi2_threshold": 13.931422665512084, "N_raw": 26, "N_roi": 26, "N_inlier": 25, "refit": true}
{"timestamp": "18:12:19.398329", "frame": 86, "mu": [0.07078124617178747, 3.130608540789486, 1.3969898188659642], "Sigma": [[0.015007264477043538, -0.001308030059554384, -0.005055572682499473], [-0.0013080300595543842, 0.004342931311299514, -0.0025882766956650326], [-0.005055572682499473, -0.0025882766956650326, 0.007451871396202229]], "chi2_level": 0.997, "chi2_df": 3, "chi2_threshold": 13.931422665512084, "N_raw": 59, "N_roi": 59, "N_inlier": 56, "refit": true}
{"timestamp": "18:12:19.453182", "frame": 87, "mu": [0.06816839863753989, 3.108232460690957, 1.2058486505702701], "Sigma": [[0.01303481994159995, -0.0008538358512302371, -0.0019497528272929391], [-0.0008538358512302374, 0.0033308629532913213, -0.002729964993345272], [-0.001949752827292939, -0.002729964993345272, 0.03633627509897096]], "chi2_level": 0.997, "chi2_df": 3, "chi2_threshold": 13.931422665512084, "N_raw": 55, "N_roi": 54, "N_inlier": 50, "refit": true}
{"timestamp": "18:12:19.509318", "frame": 88, "mu": [0.10666977510212178, 3.1122611193775067, 1.2749229084915332], "Sigma": [[0.0169585963012171, -0.0023648472785696454, -0.002367086811206], [-0.002364847278569646, 0.005412467134494588, -0.005075107167491016], [-0.002367086811206, -0.005075107167491016, 0.01999237068046488]], "chi2_level": 0.997, "chi2_df": 3, "chi2_threshold": 13.931422665512084, "N_raw": 63, "N_roi": 63, "N_inlier": 60, "refit": true}
{"timestamp": "18:12:19.562552", "frame": 89, "mu": [0.1698859222193214, 3.10114740341196, 1.2062858383462047], "Sigma": [[0.013882569276017267, -0.0011972143257514898, 0.006285736966016638], [-0.0011972143257514898, 0.002481288474937001, -0.0028650495517404673], [0.006285736966016638, -0.0028650495517404673, 0.018063942087719866]], "chi2_level": 0.997, "chi2_df": 3, "chi2_threshold": 13.931422665512084, "N_raw": 49, "N_roi": 48, "N_inlier": 46, "refit": true}
{"timestamp": "18:12:19.615890", "frame": 90, "mu": [0.2371816000327737, 3.137917105172828, 1.2727176201186707], "Sigma": [[0.01137426745411668, -0.0014578388599878907, -0.001218668489308978], [-0.0014578388599878914, 0.006817250852499167, -0.015052862716062225], [-0.001218668489308978, -0.015052862716062225, 0.08411658863687568]], "chi2_level": 0.997, "chi2_df": 3, "chi2_threshold": 13.931422665512084, "N_raw": 34, "N_roi": 34, "N_inlier": 32, "refit": true}
{"timestamp": "18:12:19.671309", "frame": 91, "mu": [0.2549960987285119, 3.0970975648900323, 1.102350190627366], "Sigma": [[0.009106939784888734, 0.0009642670892653102, 0.004663822964639987], [0.0009642670892653102, 0.001194745097201113, -0.0014562154864118213], [0.004663822964639986, -0.0014562154864118213, 0.027942837812354474]], "chi2_level": 0.997, "chi2_df": 3, "chi2_threshold": 13.931422665512084, "N_raw": 43, "N_roi": 40, "N_inlier": 37, "refit": true}
{"timestamp": "18:12:19.728718", "frame": 92, "mu": [0.2668351479878287, 3.139944150375477, 1.071034752889363], "Sigma": [[0.009513351159449759, 0.00013178525326404644, 8.253980139355586e-06], [0.00013178525326404639, 0.0021394303184915963, -0.006058947901527398], [8.25398013935602e-06, -0.006058947901527398, 0.026471139004521697]], "chi2_level": 0.997, "chi2_df": 3, "chi2_threshold": 13.931422665512084, "N_raw": 54, "N_roi": 54, "N_inlier": 50, "refit": true}
{"timestamp": "18:12:19.785542", "frame": 93, "mu": [0.32976307567111607, 3.1319386460310645, 1.0984595137138797], "Sigma": [[0.015431117366217025, -0.0020767239515338833, -0.0015347225223253465], [-0.0020767239515338837, 0.004145711290998221, -0.005320441099203431], [-0.0015347225223253463, -0.005320441099203431, 0.01128774760437565]], "chi2_level": 0.997, "chi2_df": 3, "chi2_threshold": 13.931422665512084, "N_raw": 69, "N_roi": 65, "N_inlier": 65, "refit": true}
{"timestamp": "18:12:19.836771", "frame": 94, "mu": [0.3858655797652981, 3.109046479691807, 1.1350232957198028], "Sigma": [[0.012693866030740486, -0.0008153791936828824, -0.012888279193234832], [-0.0008153791936828824, 0.0028689150672230514, -0.0036515628635501157], [-0.012888279193234832, -0.0036515628635501165, 0.07172090584289335]], "chi2_level": 0.997, "chi2_df": 3, "chi2_threshold": 13.931422665512084, "N_raw": 42, "N_roi": 41, "N_inlier": 38, "refit": true}
{"timestamp": "18:12:19.895921", "frame": 95, "mu": [0.46510185415649313, 3.119809346117206, 0.9854987900689265], "Sigma": [[0.012585146580776143, -0.0005863967840567545, 0.002961584933102735], [-0.0005863967840567547, 0.0011575170875208133, -0.0038818862134936457], [0.002961584933102735, -0.0038818862134936457, 0.022021744393405103]], "chi2_level": 0.997, "chi2_df": 3, "chi2_threshold": 13.931422665512084, "N_raw": 54, "N_roi": 50, "N_inlier": 48, "refit": true}
{"timestamp": "18:12:19.948346", "frame": 96, "mu": [0.4551430870351406, 3.151990661578108, -1.0164046627135175], "Sigma": [[0.012287910182869744, 0.0019771796950986287, 0.017971881361711066], [0.0019771796950986287, 0.004877660427005374, 0.00720100508867856], [0.017971881361711066, 0.007201005088678561, 0.08911122420254254]], "chi2_level": 0.997, "chi2_df": 3, "chi2_threshold": 13.931422665512084, "N_raw": 58, "N_roi": 56, "N_inlier": 56, "refit": true}
{"timestamp": "18:12:20.005641", "frame": 97, "mu": [0.5351261621281609, 3.159504503594377, 1.0700914791091636], "Sigma": [[0.01611999957470351, -0.002677905619881034, -0.005759097994718819], [-0.0026779056198810336, 0.0026783129912424067, -0.0051559994606224305], [-0.005759097994718819, -0.0051559994606224305, 0.025601321545297973]], "chi2_level": 0.997, "chi2_df": 3, "chi2_threshold": 13.931422665512084, "N_raw": 68, "N_roi": 68, "N_inlier": 65, "refit": true}
{"timestamp": "18:12:20.058683", "frame": 98, "mu": [0.5602171220595413, 3.313111866588128, -0.3568586578203147], "Sigma": [[0.01659188265658428, 0.0033446218706700325, 0.02747224766142621], [0.0033446218706700325, 0.007623967154799377, 0.011353995370993726], [0.02747224766142621, 0.011353995370993727, 0.11617590657716831]], "chi2_level": 0.997, "chi2_df": 3, "chi2_threshold": 13.931422665512084, "N_raw": 57, "N_roi": 55, "N_inlier": 54, "refit": true}
{"timestamp": "18:12:20.106796", "frame": 99, "mu": [0.6086632828245744, 3.1271666119696, 0.5669427131494754], "Sigma": [[0.00040563557294303736, -0.00027321827116374953, 0.0018843785466894705], [-0.00027321827116374953, 0.0045035498308302726, -0.01816454230800995], [0.0018843785466894705, -0.018164542308009953, 0.2533311506221551]], "chi2_level": 0.997, "chi2_df": 3, "chi2_threshold": 13.931422665512084, "N_raw": 9, "N_roi": 9, "N_inlier": 9, "refit": true}
{"timestamp": "18:12:20.247994", "frame": 100, "mu": [0.6746471635826441, 3.1746821110889343, 0.7363216951870265], "Sigma": [[0.0017917311790799962, 0.0008125360408946227, -0.023276614342984024], [0.000812536040894623, 0.005405253191363364, -0.009570986205001731], [-0.023276614342984028, -0.009570986205001731, 0.30930631875082554]], "chi2_level": 0.997, "chi2_df": 3, "chi2_threshold": 13.931422665512084, "N_raw": 8, "N_roi": 8, "N_inlier": 8, "refit": true}
{"timestamp": "18:12:20.251622", "frame": 101, "mu": [0.7155192055017565, 3.274277742019346, -0.008233937036190783], "Sigma": [[0.006929402058718343, 0.00355662838641745, -0.01871425504617341], [0.00355662838641745, 0.015281599488968982, -0.04517944629568152], [-0.01871425504617341, -0.04517944629568152, 0.16151342282652667]], "chi2_level": 0.997, "chi2_df": 3, "chi2_threshold": 13.931422665512084, "N_raw": 22, "N_roi": 22, "N_inlier": 21, "refit": true}
{"timestamp": "18:12:20.285886", "frame": 102, "mu": [0.6937381383668356, 3.318873008871281, -0.29760196751769674], "Sigma": [[0.013608378730610196, -0.0019979122990627127, 0.00023086995752471037], [-0.0019979122990627127, 0.0037999458900554424, -0.0016744112817460265], [0.00023086995752471037, -0.0016744112817460265, 0.0017966913415238702]], "chi2_level": 0.997, "chi2_df": 3, "chi2_threshold": 13.931422665512084, "N_raw": 41, "N_roi": 41, "N_inlier": 38, "refit": true}
{"timestamp": "18:12:20.329604", "frame": 103, "mu": [0.7740749943165921, 3.1074691361009825, 1.0285186679018934], "Sigma": [[0.010157250507447426, -0.003419334181283147, -0.0016925926447092978], [-0.003419334181283147, 0.0025272882136770924, -0.002088709269987588], [-0.0016925926447092976, -0.002088709269987588, 0.008391300255195997]], "chi2_level": 0.997, "chi2_df": 3, "chi2_threshold": 13.931422665512084, "N_raw": 37, "N_roi": 36, "N_inlier": 35, "refit": true}
{"timestamp": "18:12:20.382208", "frame": 104, "mu": [0.8538042083642681, 3.1099635098678844, 1.0857911553604287], "Sigma": [[0.004048372301249138, 0.0003704360062390099, -0.0027829186739262587], [0.00037043600623901004, 0.0031684117420911475, -9.299075353796764e-05], [-0.0027829186739262582, -9.29907535379678e-05, 0.0022632578950543543]], "chi2_level": 0.997, "chi2_df": 3, "chi2_threshold": 13.931422665512084, "N_raw": 11, "N_roi": 11, "N_inlier": 10, "refit": true}
{"timestamp": "18:12:20.440145", "frame": 105, "mu": [0.8475078109171715, 3.10116899352226, 0.9700907758872425], "Sigma": [[0.008254858840972228, -0.0025530085452792877, -0.0021081073417640356], [-0.0025530085452792877, 0.003568257108077868, -0.011253659232854858], [-0.0021081073417640356, -0.011253659232854858, 0.07141103001341756]], "chi2_level": 0.997, "chi2_df": 3, "chi2_threshold": 13.931422665512084, "N_raw": 35, "N_roi": 35, "N_inlier": 34, "refit": true}
{"timestamp": "18:12:20.494468", "frame": 106, "mu": [0.9381872843175287, 3.0930733179537495, 0.9227963712371307], "Sigma": [[0.012742211347624722, -0.003023518544410664, -0.017521825583726724], [-0.0030235185444106643, 0.003513371704467856, -0.00697326730202223], [-0.017521825583726724, -0.00697326730202223, 0.08035565224370425]], "chi2_level": 0.997, "chi2_df": 3, "chi2_threshold": 13.931422665512084, "N_raw": 28, "N_roi": 28, "N_inlier": 27, "refit": true}
{"timestamp": "18:12:20.551977", "frame": 107, "mu": [0.9924307292365462, 3.232915811353828, -0.20260229192749113], "Sigma": [[0.01436255464668965, -0.0051149528840260085, -0.004973942050675343], [-0.005114952884026009, 0.006791027411667515, -0.002888595236103882], [-0.004973942050675343, -0.002888595236103882, 0.006878891561985595]], "chi2_level": 0.997, "chi2_df": 3, "chi2_threshold": 13.931422665512084, "N_raw": 49, "N_roi": 49, "N_inlier": 47, "refit": true}
{"timestamp": "18:12:20.608218", "frame": 108, "mu": [1.0428469980636408, 3.371167248212117, -0.5631639464489611], "Sigma": [[0.012907634712925572, 0.0026477732820600498, -0.02566582732261396], [0.0026477732820600498, 0.02641418465813879, -0.0920702120192873], [-0.02566582732261396, -0.0920702120192873, 0.363961023030326]], "chi2_level": 0.997, "chi2_df": 3, "chi2_threshold": 13.931422665512084, "N_raw": 56, "N_roi": 54, "N_inlier": 54, "refit": true}
{"timestamp": "18:12:20.657300", "frame": 109, "mu": [1.0610098464515834, 3.1814752728754954, 0.8480223915385958], "Sigma": [[0.005632053991207464, -0.0028971064696340166, -0.01620500522566746], [-0.0028971064696340166, 0.0026061247381728423, 0.015647249221665882], [-0.016205005225667455, 0.015647249221665882, 0.24780556149948688]], "chi2_level": 0.997, "chi2_df": 3, "chi2_threshold": 13.931422665512084, "N_raw": 13, "N_roi": 13, "N_inlier": 12, "refit": true}
{"timestamp": "18:12:20.716767", "frame": 110, "mu": [1.0666586084285004, 3.1457407286978354, 1.029257415590777], "Sigma": [[0.018756335246766315, -0.01278988459556284, 0.03517634374914862], [-0.012789884595562842, 0.013283637435732196, -0.03964481227545177], [0.03517634374914861, -0.03964481227545177, 0.20454768264239978]], "chi2_level": 0.997, "chi2_df": 3, "chi2_threshold": 13.931422665512084, "N_raw": 46, "N_roi": 46, "N_inlier": 44, "refit": true}
{"timestamp": "18:12:20.766828", "frame": 111, "mu": [1.1470810221116863, 3.169624058968169, 0.4482932060661828], "Sigma": [[0.00816803181263103, -0.008628952677711181, 0.01627772743330265], [-0.008628952677711181, 0.018752678160995895, -0.03927393976292366], [0.01627772743330265, -0.03927393976292366, 0.08802038903277924]], "chi2_level": 0.997, "chi2_df": 3, "chi2_threshold": 13.931422665512084, "N_raw": 16, "N_roi": 16, "N_inlier": 16, "refit": true}
{"timestamp": "18:12:20.822743", "frame": 112, "mu": [1.2063506357460914, 3.1457807374097357, 0.6828526081728297], "Sigma": [[0.007913890736722695, -0.004460218484206939, -0.002609415031459935], [-0.004460218484206939, 0.010815818110373217, -0.025626445914033586], [-0.0026094150314599357, -0.02562644591403359, 0.1116168773601744]], "chi2_level": 0.997, "chi2_df": 3, "chi2_threshold": 13.931422665512084, "N_raw": 23, "N_roi": 21, "N_inlier": 21, "refit": true}
{"timestamp": "18:12:20.883848", "frame": 113, "mu": [1.2347762755530725, 3.0675964834988356, 1.158968077625124], "Sigma": [[0.018553683111813827, -0.005831877678092456, -0.0087088662893599], [-0.0058318776780924555, 0.005299112160362693, -0.0017904523145885612], [-0.0087088662893599, -0.001790452314588561, 0.012062058818569038]], "chi2_level": 0.997, "chi2_df": 3, "chi2_threshold": 13.931422665512084, "N_raw": 62, "N_roi": 60, "N_inlier": 58, "refit": true}
{"timestamp": "18:12:20.934349", "frame": 114, "mu": [1.2755902625748743, 3.0519492227920635, 1.219188817617085], "Sigma": [[0.007921828238380751, -0.004276066935620989, -0.0027568907376254058], [-0.004276066935620989, 0.005577641984967717, -0.009374911494614762], [-0.0027568907376254058, -0.009374911494614762, 0.05468197269658897]], "chi2_level": 0.997, "chi2_df": 3, "chi2_threshold": 13.931422665512084, "N_raw": 27, "N_roi": 27, "N_inlier": 25, "refit": true}
{"timestamp": "18:12:20.989043", "frame": 115, "mu": [1.2920146519675857, 3.0501210210919667, 1.1756264238863747], "Sigma": [[0.006343589199625454, -0.0028351259335597577, -0.004016098363845494], [-0.002835125933559758, 0.002139467469439554, 0.0018225650125199657], [-0.004016098363845494, 0.001822565012519966, 0.046339432784031125]], "chi2_level": 0.997, "chi2_df": 3, "chi2_threshold": 13.931422665512084, "N_raw": 28, "N_roi": 28, "N_inlier": 28, "refit": true}
{"timestamp": "18:12:21.043316", "frame": 116, "mu": [1.289456591718762, 3.096315021054249, 1.30621754645065], "Sigma": [[0.010639641305956142, -0.005172534242472455, -0.011946402751724707], [-0.005172534242472455, 0.004904902255320102, 0.006184553783499273], [-0.011946402751724709, 0.006184553783499272, 0.024823223128329637]], "chi2_level": 0.997, "chi2_df": 3, "chi2_threshold": 13.931422665512084, "N_raw": 30, "N_roi": 30, "N_inlier": 29, "refit": true}
{"timestamp": "18:12:21.099784", "frame": 117, "mu": [1.33603103846374, 3.0428897977277476, 0.9371039502760364], "Sigma": [[0.013461042043737598, -0.005432378157986056, -0.004724103369442406], [-0.005432378157986056, 0.0039429156465988725, 0.0005727124126481204], [-0.004724103369442406, 0.0005727124126481205, 0.003744344710102966]], "chi2_level": 0.997, "chi2_df": 3, "chi2_threshold": 13.931422665512084, "N_raw": 33, "N_roi": 33, "N_inlier": 31, "refit": true}
{"timestamp": "18:12:21.154845", "frame": 118, "mu": [1.3892310773823788, 3.0983622891874387, 1.2849390954314512], "Sigma": [[0.01335052306767238, -0.00552400278953223, -0.000876531622083577], [-0.00552400278953223, 0.004935927804003649, -0.0017326144268319116], [-0.0008765316220835768, -0.0017326144268319118, 0.0055745488496690325]], "chi2_level": 0.997, "chi2_df": 3, "chi2_threshold": 13.931422665512084, "N_raw": 38, "N_roi": 37, "N_inlier": 37, "refit": true}
{"timestamp": "18:12:21.212967", "frame": 119, "mu": [1.4236841868558048, 3.0822554467556103, 1.1613086215904342], "Sigma": [[0.01973596561159796, -0.009491313673840011, -0.009092402680400144], [-0.009491313673840011, 0.007713808634795015, -0.00022537385465139047], [-0.009092402680400142, -0.00022537385465139052, 0.013516529953484105]], "chi2_level": 0.997, "chi2_df": 3, "chi2_threshold": 13.931422665512084, "N_raw": 57, "N_roi": 57, "N_inlier": 56, "refit": true}
{"timestamp": "18:12:21.320101", "frame": 121, "mu": [1.468716511850418, 3.1570977521531205, 1.430762146525401], "Sigma": [[0.014619903890422791, -0.006170469129736338, -0.006196354719647786], [-0.006170469129736338, 0.005599755406435892, 0.0018590561153875103], [-0.006196354719647786, 0.00185905611538751, 0.005342171609602156]], "chi2_level": 0.997, "chi2_df": 3, "chi2_threshold": 13.931422665512084, "N_raw": 35, "N_roi": 35, "N_inlier": 34, "refit": true}
