{"timestamp": "18:26:16.986523", "frame": 4, "mu": [1.4015756700486748, 0.5290152213604935, 0.9992045830199506], "Sigma": [[1.0847264296685746, 0.06804833184208978, -0.08938149431000303], [0.06804833184208978, 0.011636648393582914, -0.013552028963569378], [-0.08938149431000303, -0.013552028963569378, 0.01748009419385713]], "chi2_level": 0.997, "chi2_df": 3, "chi2_threshold": 13.931422665512084, "N_raw": 10, "N_roi": 10, "N_inlier": 10, "refit": true}
{"timestamp": "18:26:17.043481", "frame": 5, "mu": [1.737408970024352, 0.5575856171250118, 1.1665554085247887], "Sigma": [[0.0014737887035155518, -0.0015572698385904504, -0.0007971790809974862], [-0.0015572698385904501, 0.007913460535761465, -0.007414947133527347], [-0.0007971790809974864, -0.007414947133527348, 0.015512273317734417]], "chi2_level": 0.997, "chi2_df": 3, "chi2_threshold": 13.931422665512084, "N_raw": 23, "N_roi": 23, "N_inlier": 22, "refit": true}
{"timestamp": "18:26:17.099393", "frame": 6, "mu": [0.8817023736447183, 0.4479814792274941, 1.1407042220586352], "Sigma": [[2.2328018212605016, 0.060437811766718114, -0.04088208804244245], [0.060437811766718114, 0.0061471384995613505, -0.0021447113903834353], [-0.040882088042442456, -0.0021447113903834353, 0.0094518764097873]], "chi2_level": 0.997, "chi2_df": 3, "chi2_threshold": 13.931422665512084, "N_raw": 21, "N_roi": 21, "N_inlier": 21, "refit": true}
{"timestamp": "18:26:17.319650", "frame": 10, "mu": [1.5618784207041185, 0.5076439262881598, 1.1152422867316538], "Sigma": [[0.0007480885307922896, -0.0009016644221903488, -0.00020672961526812107], [-0.0009016644221903486, 0.013844684577648068, -0.012640022564422423], [-0.00020672961526812107, -0.012640022564422423, 0.015432763265431674]], "chi2_level": 0.997, "chi2_df": 3, "chi2_threshold": 13.931422665512084, "N_raw": 22, "N_roi": 22, "N_inlier": 21, "refit": true}
{"timestamp": "18:26:17.374751", "frame": 11, "mu": [1.5153896585115272, 0.486236448020489, 1.146780249621679], "Sigma": [[0.0010510991610091175, -0.0008302930433850631, -0.000662329544184476], [-0.0008302930433850631, 0.007595129541737202, -0.006728177412646949], [-0.0006623295441844759, -0.006728177412646948, 0.016468691972507544]], "chi2_level": 0.997, "chi2_df": 3, "chi2_threshold": 13.931422665512084, "N_raw": 17, "N_roi": 17, "N_inlier": 17, "refit": true}
{"timestamp": "18:26:17.428501", "frame": 12, "mu": [1.4438006695043453, 0.5886337160893289, 1.100935582008082], "Sigma": [[0.001402072509210315, 0.00023164583239068865, -0.002604753885586472], [0.00023164583239068865, 0.009771141860535779, -0.014503848588442088], [-0.002604753885586472, -0.014503848588442086, 0.044882820680308216]], "chi2_level": 0.997, "chi2_df": 3, "chi2_threshold": 13.931422665512084, "N_raw": 8, "N_roi": 8, "N_inlier": 8, "refit": true}
{"timestamp": "18:26:17.483008", "frame": 13, "mu": [1.2085948944694045, 0.50018543440309, 1.206164386313047], "Sigma": [[0.7165210177993068, 0.0457312116140002, -0.028940357161832617], [0.0457312116140002, 0.024116473818666415, -0.02395561627919162], [-0.028940357161832617, -0.02395561627919162, 0.03669559275318234]], "chi2_level": 0.997, "chi2_df": 3, "chi2_threshold": 13.931422665512084, "N_raw": 12, "N_roi": 12, "N_inlier": 12, "refit": true}
{"timestamp": "18:26:17.537970", "frame": 14, "mu": [1.3918857301658698, 0.6519480235849635, 1.0943019317082565], "Sigma": [[0.000705473359351565, 0.0006558452779586367, -0.003395451443979353], [0.0006558452779586369, 0.0246550930631736, -0.018571045617028145], [-0.003395451443979353, -0.018571045617028145, 0.046174958239303385]], "chi2_level": 0.997, "chi2_df": 3, "chi2_threshold": 13.931422665512084, "N_raw": 8, "N_roi": 8, "N_inlier": 8, "refit": true}
{"timestamp": "18:26:17.593520", "frame": 15, "mu": [1.4321349371626444, 0.4959194041230062, 1.2857340306302407], "Sigma": [[0.004645442947838829, -0.0026050607856111466, -0.003488467617513349], [-0.0026050607856111466, 0.00825532531855011, -0.007698555516382174], [-0.003488467617513349, -0.007698555516382174, 0.023464292279737953]], "chi2_level": 0.997, "chi2_df": 3, "chi2_threshold": 13.931422665512084, "N_raw": 8, "N_roi": 8, "N_inlier": 8, "refit": true}
{"timestamp": "18:26:17.648276", "frame": 16, "mu": [1.3811535140726114, 0.7053949186552331, -0.5848895133021353], "Sigma": [[0.0024079104214767247, 0.002381912603071929, -0.004809415187543712], [0.002381912603071929, 0.016863505143981286, -0.020488716870961425], [-0.004809415187543712, -0.020488716870961425, 0.028288487419256415]], "chi2_level": 0.997, "chi2_df": 3, "chi2_threshold": 13.931422665512084, "N_raw": 9, "N_roi": 9, "N_inlier": 8, "refit": true}
{"timestamp": "18:26:17.703648", "frame": 17, "mu": [1.3296985702675028, 0.5386037480905438, 1.1844641411753123], "Sigma": [[0.001820553193768009, -0.0004888646554134643, -0.006368654496954153], [-0.0004888646554134643, 0.004040177363069088, -0.005383549860234852], [-0.006368654496954153, -0.005383549860234852, 0.04501019853597711]], "chi2_level": 0.997, "chi2_df": 3, "chi2_threshold": 13.931422665512084, "N_raw": 9, "N_roi": 9, "N_inlier": 8, "refit": true}
{"timestamp": "18:26:17.760552", "frame": 18, "mu": [1.3313513730325521, 0.5179895409605774, 1.219412431932955], "Sigma": [[0.004441069157277984, -0.001042849261608528, -0.007668872351953932], [-0.001042849261608528, 0.002121863930444481, 0.0010450992894277737], [-0.007668872351953932, 0.0010450992894277737, 0.0195460173813283]], "chi2_level": 0.997, "chi2_df": 3, "chi2_threshold": 13.931422665512084, "N_raw": 22, "N_roi": 22, "N_inlier": 22, "refit": true}
{"timestamp": "18:26:17.815239", "frame": 19, "mu": [1.3134019848966023, 0.5310670793877884, 1.193694991645027], "Sigma": [[0.00271661835414735, -0.0006990037812385304, -0.005069399222808977], [-0.0006990037812385304, 0.0032328446115736783, -0.0011865746042747567], [-0.005069399222808977, -0.0011865746042747573, 0.014391426205903482]], "chi2_level": 0.997, "chi2_df": 3, "chi2_threshold": 13.931422665512084, "N_raw": 15, "N_roi": 15, "N_inlier": 15, "refit": true}
{"timestamp": "18:26:17.868252", "frame": 20, "mu": [1.256278898785311, 0.5497661482152685, 1.1573320589386271], "Sigma": [[0.002431600183268291, 0.0010213852936661566, -0.007725247508109476], [0.0010213852936661568, 0.00219291273001486, -0.0019066955208642228], [-0.0077252475081094766, -0.0019066955208642228, 0.03188425411139707]], "chi2_level": 0.997, "chi2_df": 3, "chi2_threshold": 13.931422665512084, "N_raw": 8, "N_roi": 8, "N_inlier": 8, "refit": true}
{"timestamp": "18:26:17.922720", "frame": 21, "mu": [1.2057738435554963, 0.5361127224093464, 1.1756946089965807], "Sigma": [[0.0026478756346150095, 0.001233108170736496, -0.00684277542394422], [0.0012331081707364962, 0.0024567611777011624, -0.010952286375327979], [-0.00684277542394422, -0.010952286375327979, 0.07180366945896877]], "chi2_level": 0.997, "chi2_df": 3, "chi2_threshold": 13.931422665512084, "N_raw": 7, "N_roi": 7, "N_inlier": 7, "refit": true}
{"timestamp": "18:26:17.978198", "frame": 22, "mu": [1.1245931793256692, 0.5486172583222757, 1.3948773149338451], "Sigma": [[0.0037368585904990603, 0.0009598133684069239, -0.004631750008745017], [0.000959813368406924, 0.0005142737100955394, -0.00122768908076441], [-0.004631750008745018, -0.00122768908076441, 0.006906732280672244]], "chi2_level": 0.997, "chi2_df": 3, "chi2_threshold": 13.931422665512084, "N_raw": 9, "N_roi": 9, "N_inlier": 9, "refit": true}
{"timestamp": "18:26:18.034376", "frame": 23, "mu": [1.0941953629087777, 0.5043530698186706, 1.35131704117458], "Sigma": [[0.004436619717267823, -0.003725540798373175, -0.0036279939986176993], [-0.0037255407983731756, 0.0034914633207475164, 0.0026773289028221734], [-0.0036279939986176993, 0.002677328902822174, 0.0037936325351173605]], "chi2_level": 0.997, "chi2_df": 3, "chi2_threshold": 13.931422665512084, "N_raw": 18, "N_roi": 18, "N_inlier": 16, "refit": true}
{"timestamp": "18:26:18.089015", "frame": 24, "mu": [1.0395892589785984, 0.7665913312729442, -0.8254698602963282], "Sigma": [[0.01630431698153308, -0.019679258782332443, 0.0437424691720041], [-0.019679258782332443, 0.0381140933580212, -0.09080982552024242], [0.043742469172004105, -0.09080982552024242, 0.24633430303106693]], "chi2_level": 0.997, "chi2_df": 3, "chi2_threshold": 13.931422665512084, "N_raw": 11, "N_roi": 11, "N_inlier": 11, "refit": true}
{"timestamp": "18:26:18.145340", "frame": 25, "mu": [0.9929314990995389, 0.5725027998252954, 0.9728768394145042], "Sigma": [[0.005859791580086146, -0.0022514746700649205, -0.012550669152973336], [-0.0022514746700649205, 0.005380657754793975, 0.011298627122129446], [-0.012550669152973332, 0.011298627122129444, 0.2043052762901185]], "chi2_level": 0.997, "chi2_df": 3, "chi2_threshold": 13.931422665512084, "N_raw": 21, "N_roi": 21, "N_inlier": 20, "refit": true}
{"timestamp": "18:26:18.201136", "frame": 26, "mu": [0.9156569377570318, 0.5752971101316466, 1.415550429708431], "Sigma": [[0.003717430769831922, -0.0018372746095035083, -0.0037737753445976512], [-0.0018372746095035083, 0.0028530896929399073, 0.0005803950474395482], [-0.0037737753445976512, 0.0005803950474395482, 0.006918633042513791]], "chi2_level": 0.997, "chi2_df": 3, "chi2_threshold": 13.931422665512084, "N_raw": 26, "N_roi": 26, "N_inlier": 24, "refit": true}
{"timestamp": "18:26:18.256364", "frame": 27, "mu": [0.9260962129426744, 0.5276439930757898, 1.3966126780591825], "Sigma": [[0.005042984219547713, -0.0028705635169389487, -0.005968740250372069], [-0.0028705635169389487, 0.003620002497406315, 0.00226534567700572], [-0.005968740250372069, 0.00226534567700572, 0.008949716907976689]], "chi2_level": 0.997, "chi2_df": 3, "chi2_threshold": 13.931422665512084, "N_raw": 30, "N_roi": 30, "N_inlier": 28, "refit": true}
{"timestamp": "18:26:18.310337", "frame": 28, "mu": [0.8357037120984898, 0.5995285098783704, 1.422919360504093], "Sigma": [[0.002243948060769281, -0.0014127113872061765, -0.0018950613937400184], [-0.0014127113872061765, 0.0025984968302812713, 0.00045518312838326074], [-0.0018950613937400184, 0.0004551831283832609, 0.003933802705807264]], "chi2_level": 0.997, "chi2_df": 3, "chi2_threshold": 13.931422665512084, "N_raw": 28, "N_roi": 28, "N_inlier": 26, "refit": true}
{"timestamp": "18:26:18.366170", "frame": 29, "mu": [0.8377822484542201, 0.6578633499256813, 1.3313078280441926], "Sigma": [[0.007164560661308472, 0.0016802189761949556, -0.013786037966709817], [0.0016802189761949556, 0.00445633349918725, -0.00634757242438414], [-0.013786037966709817, -0.00634757242438414, 0.034375324513187686]], "chi2_level": 0.997, "chi2_df": 3, "chi2_threshold": 13.931422665512084, "N_raw": 22, "N_roi": 22, "N_inlier": 22, "refit": true}
{"timestamp": "18:26:18.425110", "frame": 30, "mu": [0.8197751300108358, 0.7527879739886105, -0.4642642391676811], "Sigma": [[0.004583433229933465, -0.001064174823962344, -0.0034316973135103857], [-0.0010641748239623443, 0.0074720457635707145, -0.009162430606170401], [-0.0034316973135103857, -0.009162430606170403, 0.01967548574254045]], "chi2_level": 0.997, "chi2_df": 3, "chi2_threshold": 13.931422665512084, "N_raw": 60, "N_roi": 60, "N_inlier": 56, "refit": true}
{"timestamp": "18:26:18.475855", "frame": 31, "mu": [0.7520070076958918, 0.562952655472573, 1.3183196017756655], "Sigma": [[0.001999858474565693, 0.002285618823822691, -0.000506924827524288], [0.002285618823822691, 0.03715952517977653, 0.021490890897726017], [-0.000506924827524288, 0.021490890897726017, 0.07522126334468898]], "chi2_level": 0.997, "chi2_df": 3, "chi2_threshold": 13.931422665512084, "N_raw": 23, "N_roi": 23, "N_inlier": 22, "refit": true}
{"timestamp": "18:26:18.538007", "frame": 32, "mu": [0.754452731325048, 0.6056539903299116, 1.3232033570915815], "Sigma": [[0.004605328021957484, -0.0018881550044922723, -0.006232163771178401], [-0.0018881550044922725, 0.002224430632317356, 0.0007173907589083163], [-0.006232163771178401, 0.0007173907589083162, 0.020946807641395372]], "chi2_level": 0.997, "chi2_df": 3, "chi2_threshold": 13.931422665512084, "N_raw": 71, "N_roi": 70, "N_inlier": 64, "refit": true}
{"timestamp": "18:26:18.590254", "frame": 33, "mu": [0.7230738362770863, 0.544113059698908, 1.2521833622094902], "Sigma": [[0.0054605722934403375, -0.00419648427436962, -0.014375982368142276], [-0.004196484274369621, 0.014682621169996175, 0.046323224017446374], [-0.014375982368142276, 0.04632322401744637, 0.19354302067881185]], "chi2_level": 0.997, "chi2_df": 3, "chi2_threshold": 13.931422665512084, "N_raw": 39, "N_roi": 39, "N_inlier": 36, "refit": true}
{"timestamp": "18:26:18.642538", "frame": 34, "mu": [0.6755126211806124, 0.5696619386171833, 1.3368728348838619], "Sigma": [[0.0031745070256244835, -5.505474172270232e-05, 0.0034214864010472983], [-5.505474172270216e-05, 0.00921674879797332, 0.006926194785958609], [0.0034214864010472983, 0.006926194785958608, 0.05197103435331638]], "chi2_level": 0.997, "chi2_df": 3, "chi2_threshold": 13.931422665512084, "N_raw": 36, "N_roi": 36, "N_inlier": 35, "refit": true}
{"timestamp": "18:26:18.700107", "frame": 35, "mu": [0.6897315023809324, 0.5660976169279005, 1.3355507100354465], "Sigma": [[0.002787541504805145, -0.0003491902580171277, -0.0004662595365133493], [-0.0003491902580171277, 0.003000128282043161, 0.002695741729426603], [-0.00046625953651334906, 0.002695741729426603, 0.022054286849654076]], "chi2_level": 0.997, "chi2_df": 3, "chi2_threshold": 13.931422665512084, "N_raw": 53, "N_roi": 51, "N_inlier": 46, "refit": true}
{"timestamp": "18:26:18.752524", "frame": 36, "mu": [0.6378878541874536, 0.5393537393401157, 1.247271911778059], "Sigma": [[0.0023162241381720346, 0.000544650628851217, 0.009915109839178888], [0.000544650628851217, 0.0035677112214065766, -0.0009953254538204383], [0.009915109839178891, -0.0009953254538204379, 0.08516486063554751]], "chi2_level": 0.997, "chi2_df": 3, "chi2_threshold": 13.931422665512084, "N_raw": 23, "N_roi": 21, "N_inlier": 20, "refit": true}
{"timestamp": "18:26:18.806369", "frame": 37, "mu": [0.6262359028213911, 0.5483086079641954, 1.321704775639189], "Sigma": [[0.002985796373225554, -0.0018225988798174146, -0.006094380405236942], [-0.0018225988798174146, 0.0023691253981512382, 0.00320721147605852], [-0.006094380405236942, 0.00320721147605852, 0.032399080597622976]], "chi2_level": 0.997, "chi2_df": 3, "chi2_threshold": 13.931422665512084, "N_raw": 34, "N_roi": 34, "N_inlier": 33, "refit": true}
{"timestamp": "18:26:18.866688", "frame": 38, "mu": [0.5727474703065273, 0.6105327998822472, 1.217607001194829], "Sigma": [[0.0022634331742056655, -0.0015851158286821082, -0.0003616234820571335], [-0.001585115828682108, 0.003955251394999553, -0.0014753130869216624], [-0.0003616234820571336, -0.0014753130869216628, 0.028055929083520156]], "chi2_level": 0.997, "chi2_df": 3, "chi2_threshold": 13.931422665512084, "N_raw": 63, "N_roi": 63, "N_inlier": 60, "refit": true}
{"timestamp": "18:26:18.921827", "frame": 39, "mu": [0.578857474209268, 0.4827415926206015, 1.1925609612827173], "Sigma": [[0.003618797924451571, 0.0023146122214868867, 0.00362900073661078], [0.0023146122214868867, 0.012859016010026378, 0.020160158172952223], [0.0036290007366107805, 0.02016015817295222, 0.06419729335798706]], "chi2_level": 0.997, "chi2_df": 3, "chi2_threshold": 13.931422665512084, "N_raw": 57, "N_roi": 55, "N_inlier": 52, "refit": true}
{"timestamp": "18:26:18.971505", "frame": 40, "mu": [0.5012209128044507, 0.7164123273173403, -0.6143676182126128], "Sigma": [[0.005360151646318931, 0.0021597066550283514, 0.0012078664485457163], [0.0021597066550283514, 0.0025735566073953374, 0.0007747405307887086], [0.001207866448545716, 0.0007747405307887083, 0.028352588290195043]], "chi2_level": 0.997, "chi2_df": 3, "chi2_threshold": 13.931422665512084, "N_raw": 35, "N_roi": 35, "N_inlier": 34, "refit": true}
{"timestamp": "18:26:19.029067", "frame": 41, "mu": [0.41759316546926417, 0.6155420723750084, 1.4163162687521833], "Sigma": [[0.0024776150453407215, -0.0008223042491139887, -0.0027884571963070585], [-0.0008223042491139888, 0.003405993643091887, 0.0004950564634989369], [-0.0027884571963070585, 0.000495056463498937, 0.007101757949227491]], "chi2_level": 0.997, "chi2_df": 3, "chi2_threshold": 13.931422665512084, "N_raw": 55, "N_roi": 55, "N_inlier": 52, "refit": true}
{"timestamp": "18:26:19.086338", "frame": 42, "mu": [0.3964306242603854, 0.6278276798538835, 1.4353404269296668], "Sigma": [[0.003639681451113909, -0.0005517308705590903, -0.00305833664083503], [-0.0005517308705590902, 0.002793273597655654, 0.0006400999276441248], [-0.00305833664083503, 0.0006400999276441248, 0.005068160978726207]], "chi2_level": 0.997, "chi2_df": 3, "chi2_threshold": 13.931422665512084, "N_raw": 59, "N_roi": 59, "N_inlier": 55, "refit": true}
{"timestamp": "18:26:19.133977", "frame": 43, "mu": [0.3659636043357893, 0.5223021698130663, 1.2586296762694382], "Sigma": [[0.005120920564171736, 0.011617907400145011, 0.015842238711599146], [0.011617907400145011, 0.03273091282570459, 0.039414511890522544], [0.015842238711599146, 0.039414511890522544, 0.059344836591572865]], "chi2_level": 0.997, "chi2_df": 3, "chi2_threshold": 13.931422665512084, "N_raw": 12, "N_roi": 12, "N_inlier": 12, "refit": true}
{"timestamp": "18:26:19.196456", "frame": 44, "mu": [0.32472198223440774, 0.6246906736632043, 1.4280274890186184], "Sigma": [[0.0023664323246722217, 0.0005859446996896057, -0.0010600530793616306], [0.0005859446996896057, 0.002223691062769424, -0.0026203407655611462], [-0.0010600530793616306, -0.002620340765561146, 0.005966968636014728]], "chi2_level": 0.997, "chi2_df": 3, "chi2_threshold": 13.931422665512084, "N_raw": 68, "N_roi": 68, "N_inlier": 64, "refit": true}
{"timestamp": "18:26:19.253605", "frame": 45, "mu": [0.251137882777558, 0.7224037865481825, -0.2917703055124043], "Sigma": [[0.009350978939987974, -0.0035873836530826253, 0.05364327578406691], [-0.0035873836530826257, 0.008338576953703903, -0.05211012575117508], [0.05364327578406691, -0.05211012575117508, 0.6880707479828985]], "chi2_level": 0.997, "chi2_df": 3, "chi2_threshold": 13.931422665512084, "N_raw": 83, "N_roi": 83, "N_inlier": 81, "refit": true}
{"timestamp": "18:26:19.300372", "frame": 46, "mu": [0.2534970394282223, 0.631617936181779, 1.2942753354960044], "Sigma": [[0.008816825727690958, -0.0023622771436149206, 0.007137664289196275], [-0.0023622771436149206, 0.0034625828382187766, -0.005746606713455178], [0.007137664289196275, -0.005746606713455178, 0.014622544776756216]], "chi2_level": 0.997, "chi2_df": 3, "chi2_threshold": 13.931422665512084, "N_raw": 16, "N_roi": 16, "N_inlier": 15, "refit": true}
{"timestamp": "18:26:19.361926", "frame": 47, "mu": [0.2185793720323801, 0.6109245989306525, 1.4333927989901345], "Sigma": [[0.0015053366093001508, 0.0001817567958275566, -0.0012602595399609842], [0.00018175679582755667, 0.002684421199909622, -0.0016242766328457563], [-0.0012602595399609845, -0.0016242766328457563, 0.0040643725328665]], "chi2_level": 0.997, "chi2_df": 3, "chi2_threshold": 13.931422665512084, "N_raw": 65, "N_roi": 65, "N_inlier": 58, "refit": true}
{"timestamp": "18:26:19.415789", "frame": 48, "mu": [0.09792586374707771, 0.5720765455612392, 1.200560429481453], "Sigma": [[0.014631667097958946, 0.006231025218698481, 0.036721142381166555], [0.006231025218698481, 0.005734341565023524, 0.01722146943457902], [0.036721142381166555, 0.01722146943457902, 0.10913473646111342]], "chi2_level": 0.997, "chi2_df": 3, "chi2_threshold": 13.931422665512084, "N_raw": 55, "N_roi": 55, "N_inlier": 52, "refit": true}
{"timestamp": "18:26:19.475745", "frame": 49, "mu": [0.16721139385025224, 0.5777395755616795, 1.2864141440684418], "Sigma": [[0.005096456103388968, -0.00188696190689617, -0.0029996250064543975], [-0.00188696190689617, 0.004768159865727763, 0.004644916783051003], [-0.002999625006454398, 0.004644916783051003, 0.028174413170993475]], "chi2_level": 0.997, "chi2_df": 3, "chi2_threshold": 13.931422665512084, "N_raw": 87, "N_roi": 87, "N_inlier": 82, "refit": true}
{"timestamp": "18:26:19.523883", "frame": 50, "mu": [0.14648773780141494, 0.5450325691667758, 1.1967129338189348], "Sigma": [[0.0016163561003712916, 1.683179379999673e-05, -0.002412972253496846], [1.6831793799996735e-05, 0.0008011407784749879, -0.0010640579648917127], [-0.0024129722534968457, -0.0010640579648917127, 0.009986128241214807]], "chi2_level": 0.997, "chi2_df": 3, "chi2_threshold": 13.931422665512084, "N_raw": 43, "N_roi": 43, "N_inlier": 41, "refit": true}
{"timestamp": "18:26:19.578513", "frame": 51, "mu": [0.01486008287522137, 0.6837694225294938, -0.4341937917409433], "Sigma": [[0.0018845053342022766, 0.0008292123255986384, 0.002345359930308835], [0.0008292123255986383, 0.002502266902629389, 4.14443194784264e-05], [0.002345359930308835, 4.1444319478426426e-05, 0.014577625666203122]], "chi2_level": 0.997, "chi2_df": 3, "chi2_threshold": 13.931422665512084, "N_raw": 46, "N_roi": 46, "N_inlier": 40, "refit": true}
{"timestamp": "18:26:19.640461", "frame": 52, "mu": [0.036918051404729486, 0.5753142875342148, 1.3616123240104385], "Sigma": [[0.0032794777419232124, 0.0010066467817802136, -0.0029887203005449395], [0.0010066467817802136, 0.000943604864711721, -0.0015045337568951348], [-0.0029887203005449395, -0.0015045337568951348, 0.010382062602680221]], "chi2_level": 0.997, "chi2_df": 3, "chi2_threshold": 13.931422665512084, "N_raw": 95, "N_roi": 95, "N_inlier": 91, "refit": true}
{"timestamp": "18:26:19.696239", "frame": 53, "mu": [-0.04663870288981313, 0.747600049394652, -0.5763979242879195], "Sigma": [[0.004591674139102051, -0.002152850058252557, 0.0011974753499325807], [-0.002152850058252557, 0.0052966593407077775, -0.007725006221830489], [0.0011974753499325805, -0.007725006221830491, 0.020413599595000338]], "chi2_level": 0.997, "chi2_df": 3, "chi2_threshold": 13.931422665512084, "N_raw": 87, "N_roi": 87, "N_inlier": 83, "refit": true}
{"timestamp": "18:26:19.752038", "frame": 54, "mu": [-0.0842268445563641, 0.5406295656324644, 1.2840435036045212], "Sigma": [[0.001705389123110057, -4.746998266276259e-05, -0.0008992916369730627], [-4.746998266276259e-05, 0.0010406090746601095, -0.0023218637369160806], [-0.0008992916369730628, -0.0023218637369160806, 0.01325932751659427]], "chi2_level": 0.997, "chi2_df": 3, "chi2_threshold": 13.931422665512084, "N_raw": 100, "N_roi": 100, "N_inlier": 93, "refit": true}
{"timestamp": "18:26:19.805086", "frame": 55, "mu": [-0.11090103131924019, 0.5121050806705603, 1.2105300113652777], "Sigma": [[0.0017956100489367242, -0.0008588452214971263, 0.0001287952760626299], [-0.0008588452214971263, 0.004059474817365387, -0.004004464081265003], [0.00012879527606263002, -0.004004464081265003, 0.0072191677769245614]], "chi2_level": 0.997, "chi2_df": 3, "chi2_threshold": 13.931422665512084, "N_raw": 80, "N_roi": 80, "N_inlier": 77, "refit": true}
{"timestamp": "18:26:19.853986", "frame": 56, "mu": [-0.1555878872713736, 0.5690938128930156, 1.249170860766721], "Sigma": [[0.008060391680361805, 0.0007940604702912408, -0.007908144641368835], [0.0007940604702912408, 0.001747482880869174, -0.004887821201371127], [-0.007908144641368839, -0.004887821201371129, 0.1562241084392685]], "chi2_level": 0.997, "chi2_df": 3, "chi2_threshold": 13.931422665512084, "N_raw": 46, "N_roi": 46, "N_inlier": 44, "refit": true}
{"timestamp": "18:26:19.911125", "frame": 57, "mu": [-0.2294656090555232, 0.6969061811950515, -0.4722500816274838], "Sigma": [[0.007105724839111588, -0.0033066326029646998, 0.008420436703502539], [-0.0033066326029647, 0.006316553261721938, -0.016650359457398217], [0.008420436703502539, -0.016650359457398217, 0.05504217727874277]], "chi2_level": 0.997, "chi2_df": 3, "chi2_threshold": 13.931422665512084, "N_raw": 61, "N_roi": 59, "N_inlier": 55, "refit": true}
{"timestamp": "18:26:19.971773", "frame": 58, "mu": [-0.23427450848412804, 0.615697478003082, -0.20104969199863218], "Sigma": [[0.004053797893762102, -0.004315797093616144, 0.014283835140165544], [-0.004315797093616144, 0.008095797820524235, -0.03618675197996639], [0.014283835140165544, -0.03618675197996639, 0.3160513942156507]], "chi2_level": 0.997, "chi2_df": 3, "chi2_threshold": 13.931422665512084, "N_raw": 101, "N_roi": 101, "N_inlier": 98, "refit": true}
{"timestamp": "18:26:20.035461", "frame": 59, "mu": [-0.3130885194893607, 0.5603943032603802, 1.2957501521479726], "Sigma": [[0.013894662151948383, -0.004689744357761597, 0.014334984729073349], [-0.004689744357761597, 0.0023849678704995743, -0.005474807713204336], [0.014334984729073347, -0.005474807713204335, 0.03269577413247372]], "chi2_level": 0.997, "chi2_df": 3, "chi2_threshold": 13.931422665512084, "N_raw": 98, "N_roi": 98, "N_inlier": 95, "refit": true}
{"timestamp": "18:26:20.078401", "frame": 60, "mu": [-0.32748619346891916, 0.5174590234440358, 1.3177081992741082], "Sigma": [[0.004683277371406632, -0.0023297773288977882, 0.0028845181229866295], [-0.0023297773288977882, 0.0018163803376432459, -0.0019797224478346987], [0.0028845181229866295, -0.0019797224478346987, 0.015614373116912252]], "chi2_level": 0.997, "chi2_df": 3, "chi2_threshold": 13.931422665512084, "N_raw": 76, "N_roi": 76, "N_inlier": 72, "refit": true}
{"timestamp": "18:26:20.129688", "frame": 61, "mu": [-0.33865632490913244, 0.5178655499562864, 1.3489351727831356], "Sigma": [[0.0016000466083001355, -0.0008924579450989845, -0.0006355308468844017], [-0.0008924579450989845, 0.0008708442230894211, -0.0005968522069301321], [-0.0006355308468844018, -0.0005968522069301321, 0.005810875868032272]], "chi2_level": 0.997, "chi2_df": 3, "chi2_threshold": 13.931422665512084, "N_raw": 53, "N_roi": 53, "N_inlier": 51, "refit": true}
{"timestamp": "18:26:20.186167", "frame": 62, "mu": [-0.37017631970972203, 0.5357705037567406, -0.6671386932812897], "Sigma": [[0.00188384851539788, -0.0002056696550049986, 1.945875284476567e-06], [-0.00020566965500499866, 0.0008929172150886821, -0.0002450606634575637], [1.945875284476784e-06, -0.0002450606634575638, 0.012820529571155622]], "chi2_level": 0.997, "chi2_df": 3, "chi2_threshold": 13.931422665512084, "N_raw": 62, "N_roi": 62, "N_inlier": 56, "refit": true}
{"timestamp": "18:26:20.240408", "frame": 63, "mu": [-0.4190654087749884, 0.5570861058079941, 1.3386419198127637], "Sigma": [[0.0020236175004286804, -0.0007748720481038627, -1.8401493684559625e-05], [-0.0007748720481038627, 0.0008432656632206456, -0.001302796845200317], [-1.840149368455968e-05, -0.0013027968452003172, 0.012302285954515784]], "chi2_level": 0.997, "chi2_df": 3, "chi2_threshold": 13.931422665512084, "N_raw": 53, "N_roi": 53, "N_inlier": 48, "refit": true}
{"timestamp": "18:26:20.290608", "frame": 64, "mu": [-0.5190158135226229, 0.8965170306697702, 0.741827647972361], "Sigma": [[0.03911745419353467, -0.15373478701061072, 0.25252666519832334], [-0.15373478701061072, 0.7827898075537425, -1.2438363765299596], [0.25252666519832334, -1.2438363765299596, 2.0381322908746573]], "chi2_level": 0.997, "chi2_df": 3, "chi2_threshold": 13.931422665512084, "N_raw": 22, "N_roi": 22, "N_inlier": 21, "refit": true}
{"timestamp": "18:26:20.351347", "frame": 65, "mu": [-0.4958612713754981, 0.5911119924093778, 1.2143920809011008], "Sigma": [[0.014766804857235494, -0.0009235010186957484, 0.006159998178629562], [-0.0009235010186957485, 0.0017170124938733673, -0.004162906136476184], [0.006159998178629562, -0.004162906136476184, 0.02301209498056651]], "chi2_level": 0.997, "chi2_df": 3, "chi2_threshold": 13.931422665512084, "N_raw": 68, "N_roi": 68, "N_inlier": 64, "refit": true}
{"timestamp": "18:26:20.405088", "frame": 66, "mu": [-0.7572137223193074, 0.5815270774667326, 1.2898959383803192], "Sigma": [[0.007432803411406727, 0.0015305720335869683, -0.0057597264748361875], [0.001530572033586968, 0.00628520822169461, -0.025923459616983936], [-0.005759726474836188, -0.025923459616983936, 0.12483201052292811]], "chi2_level": 0.997, "chi2_df": 3, "chi2_threshold": 13.931422665512084, "N_raw": 49, "N_roi": 49, "N_inlier": 48, "refit": true}
{"timestamp": "18:26:20.459701", "frame": 67, "mu": [-0.6268183480985284, 0.5150012736135439, 1.3439910777889006], "Sigma": [[0.023897979188424748, 0.0037569476411958773, -0.024663349733760432], [0.003756947641195877, 0.0015291189994609282, -0.006696768273722254], [-0.024663349733760432, -0.006696768273722254, 0.041026950378328424]], "chi2_level": 0.997, "chi2_df": 3, "chi2_threshold": 13.931422665512084, "N_raw": 54, "N_roi": 54, "N_inlier": 52, "refit": true}
{"timestamp": "18:26:20.519176", "frame": 68, "mu": [-0.655427656301196, 0.5112400517140266, 1.3020134355676474], "Sigma": [[0.023841857120549356, 0.005280324778983743, -0.01474470763706483], [0.005280324778983743, 0.003037418442809859, -0.007640755888293707], [-0.01474470763706483, -0.007640755888293707, 0.025320111203349406]], "chi2_level": 0.997, "chi2_df": 3, "chi2_threshold": 13.931422665512084, "N_raw": 78, "N_roi": 78, "N_inlier": 72, "refit": true}
{"timestamp": "18:26:20.573872", "frame": 69, "mu": [-0.7889366884423612, 0.49112446700798756, 1.345155052476482], "Sigma": [[0.040240499966168464, 0.005910763828810368, -0.01569580850260949], [0.005910763828810367, 0.0023008678782465166, -0.0032267625920567905], [-0.01569580850260949, -0.003226762592056791, 0.049519234854162236]], "chi2_level": 0.997, "chi2_df": 3, "chi2_threshold": 13.931422665512084, "N_raw": 75, "N_roi": 75, "N_inlier": 75, "refit": true}
{"timestamp": "18:26:20.630789", "frame": 70, "mu": [-0.9162720667016719, 0.5809097471152426, -0.3560644181681546], "Sigma": [[0.01630520852251938, 0.0028166939279406743, 0.007189339381039858], [0.0028166939279406743, 0.005776658532585784, -0.0080264431360089], [0.007189339381039859, -0.0080264431360089, 0.03257616977619844]], "chi2_level": 0.997, "chi2_df": 3, "chi2_threshold": 13.931422665512084, "N_raw": 58, "N_roi": 58, "N_inlier": 58, "refit": true}
{"timestamp": "18:26:20.690831", "frame": 71, "mu": [-0.9511263899700166, 0.4387885441213822, 1.3384928357821129], "Sigma": [[0.042452222330332794, 0.011677876892625321, 0.0087015419821956], [0.011677876892625321, 0.006813312801147738, 0.003567790100585293], [0.0087015419821956, 0.003567790100585293, 0.018829873873773308]], "chi2_level": 0.997, "chi2_df": 3, "chi2_threshold": 13.931422665512084, "N_raw": 125, "N_roi": 125, "N_inlier": 117, "refit": true}
{"timestamp": "18:26:20.745538", "frame": 72, "mu": [-0.8741232851297288, 0.45276222149702433, 1.3758944327887488], "Sigma": [[0.37459790278748134, -0.013475784199005011, 0.008212753342449468], [-0.013475784199005013, 0.006943381606095178, 0.003424794671007034], [0.00821275334244947, 0.003424794671007034, 0.017380403667478995]], "chi2_level": 0.997, "chi2_df": 3, "chi2_threshold": 13.931422665512084, "N_raw": 125, "N_roi": 125, "N_inlier": 123, "refit": true}
{"timestamp": "18:26:20.797705", "frame": 73, "mu": [-0.9832618497969867, 0.39535212345872534, 1.3104377424462426], "Sigma": [[0.025200260983234593, 0.0029151775552377656, 0.0046531637783221525], [0.0029151775552377656, 0.00633879532728385, 0.00286498699401121], [0.004653163778322153, 0.00286498699401121, 0.016864937919328266]], "chi2_level": 0.997, "chi2_df": 3, "chi2_threshold": 13.931422665512084, "N_raw": 108, "N_roi": 108, "N_inlier": 101, "refit": true}
{"timestamp": "18:26:20.850814", "frame": 74, "mu": [-0.9690158739199672, 0.4643328702073513, 1.4131659567437644], "Sigma": [[0.009125733902314253, 0.0045231158763399185, 0.002172384579623759], [0.0045231158763399185, 0.00423236233786078, 2.740723772468988e-05], [0.002172384579623759, 2.740723772468992e-05, 0.011447240220194504]], "chi2_level": 0.997, "chi2_df": 3, "chi2_threshold": 13.931422665512084, "N_raw": 88, "N_roi": 88, "N_inlier": 87, "refit": true}
{"timestamp": "18:26:20.904323", "frame": 75, "mu": [-1.0177809804551734, 0.44164832348463345, 1.4056606112558796], "Sigma": [[0.008567349560645088, 0.002141901368182571, -0.0011737074366656283], [0.002141901368182571, 0.005756943853339643, -0.004182893537960769], [-0.0011737074366656285, -0.004182893537960769, 0.005942635324046089]], "chi2_level": 0.997, "chi2_df": 3, "chi2_threshold": 13.931422665512084, "N_raw": 74, "N_roi": 74, "N_inlier": 73, "refit": true}
{"timestamp": "18:26:20.959429", "frame": 76, "mu": [-1.044485739089348, 0.5154202445511169, -0.5751637896338705], "Sigma": [[0.009454124244044826, 0.009528055228920269, 0.002848094659399357], [0.009528055228920269, 0.021346877238190145, 0.00030998087887012344], [0.002848094659399357, 0.00030998087887012333, 0.008009908951798227]], "chi2_level": 0.997, "chi2_df": 3, "chi2_threshold": 13.931422665512084, "N_raw": 85, "N_roi": 85, "N_inlier": 82, "refit": true}
{"timestamp": "18:26:21.012963", "frame": 77, "mu": [-1.0935467912419203, 0.4537204974408964, 1.4144574531140819], "Sigma": [[0.007609821319581752, 0.004122542548883192, 0.0017368095801512074], [0.004122542548883192, 0.005628405375427015, -0.002459624290585377], [0.0017368095801512072, -0.002459624290585377, 0.0062927051533202775]], "chi2_level": 0.997, "chi2_df": 3, "chi2_threshold": 13.931422665512084, "N_raw": 70, "N_roi": 70, "N_inlier": 66, "refit": true}
{"timestamp": "18:26:21.064709", "frame": 78, "mu": [-1.147931497299513, 0.480019988736479, 1.5121675523727804], "Sigma": [[0.007686492062250516, 0.0033455447290542525, 0.0011711357755375838], [0.003345544729054253, 0.004690987677747644, -0.002511386700764848], [0.0011711357755375838, -0.002511386700764848, 0.006764702243504628]], "chi2_level": 0.997, "chi2_df": 3, "chi2_threshold": 13.931422665512084, "N_raw": 58, "N_roi": 58, "N_inlier": 58, "refit": true}
{"timestamp": "18:26:21.120457", "frame": 79, "mu": [-1.0104065963203535, 0.38537555963626874, 1.3639946650432673], "Sigma": [[0.3648064074679995, -0.0076360409956669935, 0.011275156937162835], [-0.007636040995666995, 0.005140077555504995, -0.002250030740107555], [0.011275156937162833, -0.002250030740107555, 0.007143394406783958]], "chi2_level": 0.997, "chi2_df": 3, "chi2_threshold": 13.931422665512084, "N_raw": 64, "N_roi": 64, "N_inlier": 62, "refit": true}
{"timestamp": "18:26:21.175928", "frame": 80, "mu": [-1.220233518971193, 0.42983568835500136, 1.393346966707135], "Sigma": [[0.0059853496710301725, 0.004002877323326768, 0.0015505485863787404], [0.004002877323326768, 0.0055179137006962685, -0.002441648039856627], [0.0015505485863787406, -0.002441648039856627, 0.007991211569977716]], "chi2_level": 0.997, "chi2_df": 3, "chi2_threshold": 13.931422665512084, "N_raw": 56, "N_roi": 56, "N_inlier": 53, "refit": true}
{"timestamp": "18:26:21.232153", "frame": 81, "mu": [-1.2457676938248694, 0.44774261893300826, 1.3576838921543026], "Sigma": [[0.022279535455374613, 0.00093029580528251, 0.0044366776786810115], [0.0009302958052825108, 0.007298868301554701, -0.0073459479282753795], [0.0044366776786810115, -0.0073459479282753795, 0.014478874232496431]], "chi2_level": 0.997, "chi2_df": 3, "chi2_threshold": 13.931422665512084, "N_raw": 71, "N_roi": 71, "N_inlier": 67, "refit": true}
{"timestamp": "18:26:21.286023", "frame": 82, "mu": [-0.752635691226843, 0.4717413120533826, -0.6202689267456136], "Sigma": [[1.0946645101630257, -0.07763893035854208, -0.010545204793129781], [-0.07763893035854208, 0.02167225328628971, 0.001759657266273107], [-0.01054520479312978, 0.0017596572662731066, 0.0018787804095994603]], "chi2_level": 0.997, "chi2_df": 3, "chi2_threshold": 13.931422665512084, "N_raw": 55, "N_roi": 55, "N_inlier": 54, "refit": true}
{"timestamp": "18:26:21.342880", "frame": 83, "mu": [-0.828857921958429, 0.38216098779931634, 1.2522070058153918], "Sigma": [[1.1695502457819524, -0.02911335128060278, 0.03137197697341619], [-0.02911335128060278, 0.006502223007602905, -0.002986218388804019], [0.03137197697341619, -0.002986218388804019, 0.009985496077606392]], "chi2_level": 0.997, "chi2_df": 3, "chi2_threshold": 13.931422665512084, "N_raw": 72, "N_roi": 72, "N_inlier": 69, "refit": true}
{"timestamp": "18:26:21.397441", "frame": 84, "mu": [-1.0050716868918832, 0.5330115926078633, 0.9754694903733501], "Sigma": [[0.7185674430848811, -0.048664909558110245, 0.08895260846558212], [-0.048664909558110245, 0.028277109655041446, -0.06927692033875812], [0.08895260846558212, -0.06927692033875812, 0.1897691691555511]], "chi2_level": 0.997, "chi2_df": 3, "chi2_threshold": 13.931422665512084, "N_raw": 68, "N_roi": 68, "N_inlier": 68, "refit": true}
{"timestamp": "18:26:21.452653", "frame": 85, "mu": [-1.0407777081774428, 0.4347294069331608, 1.2489908106324796], "Sigma": [[0.9634833782527815, -0.027750472939240284, 0.004482008069668564], [-0.027750472939240284, 0.00913924857850715, -0.004433414100352289], [0.004482008069668564, -0.004433414100352288, 0.03238152940513968]], "chi2_level": 0.997, "chi2_df": 3, "chi2_threshold": 13.931422665512084, "N_raw": 70, "N_roi": 70, "N_inlier": 68, "refit": true}
{"timestamp": "18:26:21.506585", "frame": 86, "mu": [-0.9853726941848988, 0.416439771962037, 1.1561497309135074], "Sigma": [[1.1411117175014382, -0.032216156118486695, 0.03369389148778504], [-0.032216156118486695, 0.012312069350889415, -0.007223178974233557], [0.03369389148778503, -0.007223178974233558, 0.06115516737424244]], "chi2_level": 0.997, "chi2_df": 3, "chi2_threshold": 13.931422665512084, "N_raw": 60, "N_roi": 60, "N_inlier": 60, "refit": true}
{"timestamp": "18:26:21.561414", "frame": 87, "mu": [-0.7726015939151832, 0.6059531403777093, -0.7111099928707905], "Sigma": [[1.5684308446030104, -0.02995407660810235, -0.027358585459985728], [-0.029954076608102342, 0.011399750195593571, -0.005788207104523086], [-0.02735858545998573, -0.0057882071045230864, 0.03484683140733906]], "chi2_level": 0.997, "chi2_df": 3, "chi2_threshold": 13.931422665512084, "N_raw": 58, "N_roi": 58, "N_inlier": 55, "refit": true}
{"timestamp": "18:26:21.616974", "frame": 88, "mu": [-0.8529689019597387, 0.43012014211494076, 1.1694197054476099], "Sigma": [[1.6180043047723456, -0.019685058639639232, -0.05499773680812574], [-0.01968505863963924, 0.008629159800607794, 0.0024194471515494994], [-0.05499773680812575, 0.0024194471515494994, 0.027324844267308863]], "chi2_level": 0.997, "chi2_df": 3, "chi2_threshold": 13.931422665512084, "N_raw": 69, "N_roi": 69, "N_inlier": 68, "refit": true}
{"timestamp": "18:26:21.672492", "frame": 89, "mu": [-0.9119645531703447, 0.6462798475169955, -0.6515093767332386], "Sigma": [[1.5576209520601048, -0.021019180206748866, -0.03479043311817752], [-0.021019180206748866, 0.010254734589911592, -0.0032023441211049696], [-0.03479043311817752, -0.0032023441211049696, 0.01850491885955951]], "chi2_level": 0.997, "chi2_df": 3, "chi2_threshold": 13.931422665512084, "N_raw": 67, "N_roi": 67, "N_inlier": 67, "refit": true}
{"timestamp": "18:26:21.726605", "frame": 90, "mu": [-0.9334682929776257, 0.5109136901798169, -0.7471846974578323], "Sigma": [[1.5575393293297868, -0.07871433233254874, -0.020966035359778354], [-0.07871433233254874, 0.02497676235750762, 0.0021309034274829136], [-0.020966035359778354, 0.002130903427482914, 0.013761418980519207]], "chi2_level": 0.997, "chi2_df": 3, "chi2_threshold": 13.931422665512084, "N_raw": 71, "N_roi": 71, "N_inlier": 70, "refit": true}
{"timestamp": "18:26:21.784440", "frame": 91, "mu": [-0.9779694116099096, 0.4481756861425406, 1.1378056366960878], "Sigma": [[1.5569281166702755, -0.010376975158138929, -0.030449586316529838], [-0.010376975158138929, 0.009877704041242568, 0.003306323732719808], [-0.030449586316529838, 0.003306323732719808, 0.03033280149889362]], "chi2_level": 0.997, "chi2_df": 3, "chi2_threshold": 13.931422665512084, "N_raw": 82, "N_roi": 82, "N_inlier": 82, "refit": true}
{"timestamp": "18:26:21.839244", "frame": 92, "mu": [-1.1277444329780755, 0.4753714909306074, 1.1702896183997602], "Sigma": [[1.3615994979352222, -0.03562249059394709, 0.017643772296594654], [-0.03562249059394709, 0.009316868232389607, -0.0014286524249226802], [0.017643772296594647, -0.0014286524249226802, 0.018881302693546743]], "chi2_level": 0.997, "chi2_df": 3, "chi2_threshold": 13.931422665512084, "N_raw": 79, "N_roi": 79, "N_inlier": 79, "refit": true}
