{"timestamp": "17:51:25.823551", "frame": 15, "mu": [0.017634082203516185, 0.5478569144106011, 0.5494737174280322], "Sigma": [[5.740746929449646, 0.18641036674546552, 0.02049287774973408], [0.18641036674546552, 0.030016414874090985, 0.00024243864119288284], [0.020492877749734087, 0.00024243864119288284, 0.005318579459413158]], "chi2_level": 0.997, "chi2_df": 3, "chi2_threshold": 13.931422665512084, "N_raw": 18, "N_roi": 18, "N_inlier": 17, "refit": true}
{"timestamp": "17:51:25.879727", "frame": 16, "mu": [1.0976028502100015, 0.9490408023172625, -1.3493126061107854], "Sigma": [[4.0031128997078875, 0.14765275715192763, -0.054765163863516986], [0.14765275715192766, 0.02883888608920541, 0.003992597593684158], [-0.054765163863516986, 0.003992597593684158, 0.014192554774384837]], "chi2_level": 0.997, "chi2_df": 3, "chi2_threshold": 13.931422665512084, "N_raw": 21, "N_roi": 21, "N_inlier": 21, "refit": true}
{"timestamp": "17:51:25.933118", "frame": 17, "mu": [0.34285992390612696, 0.5632737380413494, 0.5723266106914741], "Sigma": [[5.3866747091723965, 0.17671254894771346, 0.017582208431392785], [0.17671254894771346, 0.0238275244058817, -0.00134197660869435], [0.017582208431392785, -0.00134197660869435, 0.0041873575775043335]], "chi2_level": 0.997, "chi2_df": 3, "chi2_threshold": 13.931422665512084, "N_raw": 20, "N_roi": 20, "N_inlier": 20, "refit": true}
{"timestamp": "17:51:25.990172", "frame": 18, "mu": [0.8809829499048886, 0.53720669154804, 0.4568618283451694], "Sigma": [[4.460037635030633, 0.19056057606894783, -0.009380259200420592], [0.19056057606894783, 0.03271182640632391, -0.0051874505990611415], [-0.009380259200420592, -0.0051874505990611415, 0.00649862960818884]], "chi2_level": 0.997, "chi2_df": 3, "chi2_threshold": 13.931422665512084, "N_raw": 31, "N_roi": 31, "N_inlier": 31, "refit": true}
{"timestamp": "17:51:26.044717", "frame": 19, "mu": [0.7185565591917484, 0.9210243423570823, -1.2757423972640674], "Sigma": [[4.64696721382691, 0.19241147139967377, 0.034524972025710546], [0.19241147139967377, 0.031044441981607666, 0.004166651223611248], [0.034524972025710546, 0.004166651223611248, 0.004467016414409893]], "chi2_level": 0.997, "chi2_df": 3, "chi2_threshold": 13.931422665512084, "N_raw": 24, "N_roi": 24, "N_inlier": 24, "refit": true}
{"timestamp": "17:51:26.100269", "frame": 20, "mu": [-0.09666170682766809, 0.5152876071122161, 0.6858053698409661], "Sigma": [[4.828069720561551, 0.13399337441688686, 0.009947778402851645], [0.13399337441688686, 0.02000631773394328, -0.002163669053973859], [0.009947778402851644, -0.0021636690539738592, 0.003953141116556159]], "chi2_level": 0.997, "chi2_df": 3, "chi2_threshold": 13.931422665512084, "N_raw": 29, "N_roi": 29, "N_inlier": 29, "refit": true}
{"timestamp": "17:51:26.263968", "frame": 23, "mu": [0.1560664512416789, 0.8169708859568426, -1.0699434392842477], "Sigma": [[4.065077208112776, 0.1325995237013087, -0.0013501788091520289], [0.1325995237013087, 0.020789062471548225, -0.0008966171019325566], [-0.0013501788091520271, -0.0008966171019325564, 0.003713615014237572]], "chi2_level": 0.997, "chi2_df": 3, "chi2_threshold": 13.931422665512084, "N_raw": 27, "N_roi": 27, "N_inlier": 27, "refit": true}
{"timestamp": "17:51:26.375533", "frame": 25, "mu": [-2.033190457663435, 0.6112534883123029, 0.9464672035427072], "Sigma": [[0.005569108416757974, 0.007449166766935902, 0.00022527375169783268], [0.007449166766935902, 0.012279085968677007, -0.003192900856514306], [0.0002252737516978328, -0.0031929008565143063, 0.013947088758907645]], "chi2_level": 0.997, "chi2_df": 3, "chi2_threshold": 13.931422665512084, "N_raw": 37, "N_roi": 37, "N_inlier": 36, "refit": true}
{"timestamp": "17:51:26.438523", "frame": 26, "mu": [-0.42200597805817713, 0.4747180702739466, 0.8745772697050458], "Sigma": [[3.5634549842342667, 0.0064644856215839985, 0.08598200536800513], [0.006464485621583997, 0.012583775650494572, -0.002529575347637103], [0.08598200536800513, -0.002529575347637103, 0.008855653652557242]], "chi2_level": 0.997, "chi2_df": 3, "chi2_threshold": 13.931422665512084, "N_raw": 68, "N_roi": 68, "N_inlier": 68, "refit": true}
{"timestamp": "17:51:26.489507", "frame": 27, "mu": [-1.198880212472692, 0.5013735873338774, 0.9645448228071662], "Sigma": [[2.3077411151019915, -0.024855808445785568, 0.05519811878736126], [-0.02485580844578557, 0.007470734608064555, -0.007139317745131566], [0.05519811878736126, -0.007139317745131566, 0.015040767276754505]], "chi2_level": 0.997, "chi2_df": 3, "chi2_threshold": 13.931422665512084, "N_raw": 66, "N_roi": 66, "N_inlier": 65, "refit": true}
{"timestamp": "17:51:26.544664", "frame": 28, "mu": [-0.5111222529944754, 0.4386125876190521, 0.884218736991384], "Sigma": [[2.9882318217505093, 0.057776092701301796, 0.08859897888188181], [0.05777609270130178, 0.009836546072323054, -0.0017243527332413437], [0.08859897888188181, -0.0017243527332413433, 0.013371077667744943]], "chi2_level": 0.997, "chi2_df": 3, "chi2_threshold": 13.931422665512084, "N_raw": 66, "N_roi": 66, "N_inlier": 66, "refit": true}
{"timestamp": "17:51:26.601571", "frame": 29, "mu": [-1.1806501233824553, 0.4896884464906796, 1.0420970075249452], "Sigma": [[1.6699571215439781, -0.024268220487560707, 0.04135625954000185], [-0.024268220487560707, 0.009171080324644391, 0.0013590697709248904], [0.041356259540001855, 0.0013590697709248906, 0.02216716512984608]], "chi2_level": 0.997, "chi2_df": 3, "chi2_threshold": 13.931422665512084, "N_raw": 70, "N_roi": 70, "N_inlier": 70, "refit": true}
{"timestamp": "17:51:26.657905", "frame": 30, "mu": [-1.0949710257603797, 0.4711418439337833, 0.987154755227731], "Sigma": [[1.8235488390336705, -0.01989808301430656, 0.023790522591660108], [-0.019898083014306563, 0.006883105810875152, -0.006267040838343983], [0.02379052259166011, -0.006267040838343983, 0.029731966263479168]], "chi2_level": 0.997, "chi2_df": 3, "chi2_threshold": 13.931422665512084, "N_raw": 82, "N_roi": 82, "N_inlier": 76, "refit": true}
{"timestamp": "17:51:26.710804", "frame": 31, "mu": [-1.590526971372639, 0.5478673383624293, 1.186731585516461], "Sigma": [[0.008624703985911733, 0.006545064415566243, 0.0021412512413476253], [0.006545064415566243, 0.009995099112008922, -0.005152545943521847], [0.0021412512413476253, -0.005152545943521848, 0.012051846575479475]], "chi2_level": 0.997, "chi2_df": 3, "chi2_threshold": 13.931422665512084, "N_raw": 71, "N_roi": 71, "N_inlier": 63, "refit": true}
{"timestamp": "17:51:26.766458", "frame": 32, "mu": [-1.5249698265218443, 0.5733785075643797, 1.1672741716540902], "Sigma": [[0.0059467933508004405, 0.004830358215392926, 0.0015222348778139725], [0.004830358215392926, 0.007691061843349758, -0.004224146042992646], [0.0015222348778139725, -0.004224146042992646, 0.014026406692670374]], "chi2_level": 0.997, "chi2_df": 3, "chi2_threshold": 13.931422665512084, "N_raw": 57, "N_roi": 57, "N_inlier": 57, "refit": true}
{"timestamp": "17:51:26.825434", "frame": 33, "mu": [-1.4828838287772228, 0.5352963302724628, 1.2136231665255706], "Sigma": [[0.01050214037749684, 0.007877856755428982, 0.0037844458859528363], [0.007877856755428984, 0.009895633230016378, -0.0032375037979278085], [0.0037844458859528363, -0.003237503797927808, 0.013575285443987086]], "chi2_level": 0.997, "chi2_df": 3, "chi2_threshold": 13.931422665512084, "N_raw": 85, "N_roi": 85, "N_inlier": 79, "refit": true}
{"timestamp": "17:51:26.880219", "frame": 34, "mu": [-1.3924330647408996, 0.547538669011262, 1.145474133256351], "Sigma": [[0.008651064220893448, 0.007676509377773394, 0.0007779832433920917], [0.007676509377773394, 0.011743413700036625, -0.002309408028233643], [0.0007779832433920917, -0.0023094080282336435, 0.019758570220370652]], "chi2_level": 0.997, "chi2_df": 3, "chi2_threshold": 13.931422665512084, "N_raw": 83, "N_roi": 83, "N_inlier": 82, "refit": true}
{"timestamp": "17:51:26.933389", "frame": 35, "mu": [-1.3618359661494106, 0.628228081407158, 1.2751269343681382], "Sigma": [[0.010349835658743983, 0.0012436402270886047, 0.0013301729550128805], [0.0012436402270886047, 0.004706418866348942, -0.004227837690143526], [0.001330172955012881, -0.004227837690143526, 0.005528337518934076]], "chi2_level": 0.997, "chi2_df": 3, "chi2_threshold": 13.931422665512084, "N_raw": 69, "N_roi": 69, "N_inlier": 68, "refit": true}
{"timestamp": "17:51:26.991912", "frame": 36, "mu": [-1.2814092593813262, 0.5855545419773642, 1.219936376167486], "Sigma": [[0.0116273670533201, 0.00819111337240747, 0.002552509167993399], [0.008191113372407468, 0.008483273002728862, -0.002204740245725471], [0.002552509167993399, -0.0022047402457254714, 0.012294795080460792]], "chi2_level": 0.997, "chi2_df": 3, "chi2_threshold": 13.931422665512084, "N_raw": 91, "N_roi": 91, "N_inlier": 89, "refit": true}
{"timestamp": "17:51:27.046895", "frame": 37, "mu": [-1.2520016156669453, 0.5991754345908431, 1.2733491969016868], "Sigma": [[0.012297722639446987, 0.005803481596942587, 0.002851168372062063], [0.005803481596942587, 0.007438546206632256, -0.004119638838242111], [0.002851168372062063, -0.004119638838242111, 0.010235333576309446]], "chi2_level": 0.997, "chi2_df": 3, "chi2_threshold": 13.931422665512084, "N_raw": 91, "N_roi": 91, "N_inlier": 87, "refit": true}
{"timestamp": "17:51:27.101493", "frame": 38, "mu": [-1.1742335308605534, 0.6321542376360432, 1.3477712692798778], "Sigma": [[0.01611384078075797, 0.011845208423988767, 0.004344439415692644], [0.011845208423988767, 0.011569443984708194, 0.0005078404315316213], [0.004344439415692644, 0.0005078404315316211, 0.0066942042254855005]], "chi2_level": 0.997, "chi2_df": 3, "chi2_threshold": 13.931422665512084, "N_raw": 85, "N_roi": 85, "N_inlier": 85, "refit": true}
{"timestamp": "17:51:27.153456", "frame": 39, "mu": [-1.054102483499506, 0.6660661089516307, 1.3992207346514973], "Sigma": [[0.008877130407192237, 0.005790759541428254, -0.0007166650768014273], [0.005790759541428255, 0.007817268856025903, -0.004988681021274337], [-0.0007166650768014274, -0.004988681021274338, 0.0075116104218790085]], "chi2_level": 0.997, "chi2_df": 3, "chi2_threshold": 13.931422665512084, "N_raw": 72, "N_roi": 72, "N_inlier": 69, "refit": true}
{"timestamp": "17:51:27.212020", "frame": 40, "mu": [-1.059271814569821, 0.6987295123269067, 1.4046308936197], "Sigma": [[0.020885244695628625, 0.012241806767402635, 0.0021986946427913967], [0.012241806767402635, 0.009952680644459219, -0.0008792529864450021], [0.002198694642791397, -0.0008792529864450021, 0.006010599883850772]], "chi2_level": 0.997, "chi2_df": 3, "chi2_threshold": 13.931422665512084, "N_raw": 88, "N_roi": 88, "N_inlier": 83, "refit": true}
{"timestamp": "17:51:27.264531", "frame": 41, "mu": [-1.0070616375923735, 0.578131155342353, 1.2990591726320142], "Sigma": [[0.025276720275058985, 0.02085697738121175, -0.002022597294402847], [0.02085697738121175, 0.04297017221869846, 0.007086554428852918], [-0.0020225972944028477, 0.007086554428852919, 0.01947462440283183]], "chi2_level": 0.997, "chi2_df": 3, "chi2_threshold": 13.931422665512084, "N_raw": 67, "N_roi": 67, "N_inlier": 62, "refit": true}
{"timestamp": "17:51:27.320531", "frame": 42, "mu": [-0.7327254664546301, 0.8363111664113911, 1.2121715403211049], "Sigma": [[0.020278219497879037, 0.012752030552576721, -0.03701849216126815], [0.012752030552576721, 0.016208553188726934, -0.04282925763911091], [-0.03701849216126816, -0.04282925763911092, 0.1296719565667536]], "chi2_level": 0.997, "chi2_df": 3, "chi2_threshold": 13.931422665512084, "N_raw": 80, "N_roi": 80, "N_inlier": 79, "refit": true}
{"timestamp": "17:51:27.368784", "frame": 43, "mu": [-0.6840712034583737, 0.7553262794294073, 1.3832696346977318], "Sigma": [[0.0018234385233954636, 0.0002785013699705848, -0.0015856999741473699], [0.0002785013699705848, 0.002087110506259331, -0.004187736136558659], [-0.0015856999741473699, -0.004187736136558659, 0.011931116873177829]], "chi2_level": 0.997, "chi2_df": 3, "chi2_threshold": 13.931422665512084, "N_raw": 31, "N_roi": 31, "N_inlier": 28, "refit": true}
{"timestamp": "17:51:27.421704", "frame": 44, "mu": [-0.5646574186955975, 0.8006272070803593, 1.378571309843966], "Sigma": [[0.000790857751996986, 2.2317422658950844e-05, -0.0010309932428760084], [2.2317422658950912e-05, 0.0023242030852724566, -0.004601680427767333], [-0.0010309932428760084, -0.004601680427767333, 0.01731737102824858]], "chi2_level": 0.997, "chi2_df": 3, "chi2_threshold": 13.931422665512084, "N_raw": 27, "N_roi": 27, "N_inlier": 24, "refit": true}
{"timestamp": "17:51:27.480024", "frame": 45, "mu": [-0.5031171307440822, 0.7691235480625533, 1.4230549857577224], "Sigma": [[0.0021088977912619316, -0.0006486918800838211, 0.0001850908742268181], [-0.0006486918800838211, 0.0018238478301881393, -0.001592727845941574], [0.000185090874226818, -0.0015927278459415741, 0.001954907457947671]], "chi2_level": 0.997, "chi2_df": 3, "chi2_threshold": 13.931422665512084, "N_raw": 45, "N_roi": 44, "N_inlier": 39, "refit": true}
{"timestamp": "17:51:27.534454", "frame": 46, "mu": [-0.4077292554752374, 0.9098383218408219, -0.4291313322886991], "Sigma": [[0.0016336509125772236, -0.00019983083537491753, 0.0016450784281741887], [-0.00019983083537491753, 0.0019499730065615087, -0.003402013100912453], [0.0016450784281741887, -0.003402013100912453, 0.010691172564173356]], "chi2_level": 0.997, "chi2_df": 3, "chi2_threshold": 13.931422665512084, "N_raw": 38, "N_roi": 38, "N_inlier": 35, "refit": true}
{"timestamp": "17:51:27.588957", "frame": 47, "mu": [-0.33270597947961056, 0.8905800706185241, -0.5128916077224478], "Sigma": [[0.0015133749723067788, 0.0004602542686599441, 0.003338275137440518], [0.0004602542686599442, 0.014618451575473475, -0.008054419933897721], [0.003338275137440518, -0.008054419933897721, 0.02257815861948633]], "chi2_level": 0.997, "chi2_df": 3, "chi2_threshold": 13.931422665512084, "N_raw": 38, "N_roi": 34, "N_inlier": 31, "refit": true}
{"timestamp": "17:51:27.652611", "frame": 48, "mu": [-0.3267053217621313, 0.8931310740459937, -0.11677213294628414], "Sigma": [[0.0036279723028826063, -0.0015621392290017548, 0.028777354237087834], [-0.0015621392290017548, 0.0050229714388853935, -0.03633933988182259], [0.028777354237087834, -0.03633933988182259, 0.5457573884884562]], "chi2_level": 0.997, "chi2_df": 3, "chi2_threshold": 13.931422665512084, "N_raw": 93, "N_roi": 93, "N_inlier": 92, "refit": true}
{"timestamp": "17:51:27.709871", "frame": 49, "mu": [-0.25519608038884567, 0.81570447179167, 1.3192304202655354], "Sigma": [[0.005589343266323582, 0.0001291595497080675, 0.0023768830564333313], [0.00012915954970806753, 0.0025107666653873366, -0.004035543779229609], [0.0023768830564333313, -0.004035543779229609, 0.012303039238489605]], "chi2_level": 0.997, "chi2_df": 3, "chi2_threshold": 13.931422665512084, "N_raw": 108, "N_roi": 108, "N_inlier": 104, "refit": true}
{"timestamp": "17:51:27.764000", "frame": 50, "mu": [-0.20593453478102283, 0.8131927262876819, 1.2929356136223582], "Sigma": [[0.005998780961347699, -0.0006523803976391518, 0.004401374417819285], [-0.0006523803976391518, 0.0014847616800247629, -0.0025156516390995314], [0.004401374417819285, -0.0025156516390995314, 0.010806203133138933]], "chi2_level": 0.997, "chi2_df": 3, "chi2_threshold": 13.931422665512084, "N_raw": 101, "N_roi": 101, "N_inlier": 96, "refit": true}
{"timestamp": "17:51:27.808924", "frame": 51, "mu": [-0.1110114492798642, 0.7960179222835095, 1.0446713675715746], "Sigma": [[0.013938716831235874, -0.0013786791085616508, -0.04910791521351529], [-0.0013786791085616506, 0.0022172028571987796, 0.005370857441314877], [-0.04910791521351529, 0.005370857441314877, 0.21130290665285822]], "chi2_level": 0.997, "chi2_df": 3, "chi2_threshold": 13.931422665512084, "N_raw": 33, "N_roi": 33, "N_inlier": 32, "refit": true}
{"timestamp": "17:51:27.867297", "frame": 52, "mu": [-0.008192547828147085, 0.7472738234743553, 1.1545821883947829], "Sigma": [[0.0049613254733733925, 0.0018253570839787735, -0.014369545997217029], [0.0018253570839787735, 0.0018929160411500893, -0.005585438540838039], [-0.014369545997217029, -0.005585438540838039, 0.05961531771924871]], "chi2_level": 0.997, "chi2_df": 3, "chi2_threshold": 13.931422665512084, "N_raw": 48, "N_roi": 48, "N_inlier": 46, "refit": true}
{"timestamp": "17:51:27.916847", "frame": 53, "mu": [0.09992479238593815, 0.8172964451078372, 1.1649676490929461], "Sigma": [[0.0014632978194296512, 0.0005408060794853096, -0.010389419387118355], [0.0005408060794853097, 0.001999055043369215, -0.017547262241750287], [-0.010389419387118353, -0.017547262241750287, 0.27172503679342425]], "chi2_level": 0.997, "chi2_df": 3, "chi2_threshold": 13.931422665512084, "N_raw": 25, "N_roi": 25, "N_inlier": 25, "refit": true}
{"timestamp": "17:51:27.977223", "frame": 54, "mu": [0.06135499834844651, 0.9157626507390803, -0.5545839627956355], "Sigma": [[0.004524782028058579, 0.001924362708496493, 0.009990354001046467], [0.001924362708496493, 0.007804302362863735, 0.005137130657846876], [0.009990354001046465, 0.005137130657846876, 0.03054010839173965]], "chi2_level": 0.997, "chi2_df": 3, "chi2_threshold": 13.931422665512084, "N_raw": 65, "N_roi": 65, "N_inlier": 62, "refit": true}
{"timestamp": "17:51:28.038147", "frame": 55, "mu": [0.2132997455746377, 0.7863396120252608, 1.264393226931122], "Sigma": [[0.005863738338314651, 0.005615440514235485, 0.006094013110814673], [0.005615440514235485, 0.007520546485326347, 0.006276048940779952], [0.006094013110814673, 0.006276048940779953, 0.024931804385472968]], "chi2_level": 0.997, "chi2_df": 3, "chi2_threshold": 13.931422665512084, "N_raw": 101, "N_roi": 99, "N_inlier": 96, "refit": true}
{"timestamp": "17:51:28.096256", "frame": 56, "mu": [0.2894642344095216, 0.8217830684513033, 1.3146588966143775], "Sigma": [[0.002294386170418216, 0.0013532360057257088, 0.001074251611131062], [0.0013532360057257088, 0.0024673082868541204, -0.003138630569457575], [0.0010742516111310622, -0.003138630569457575, 0.012912356622785828]], "chi2_level": 0.997, "chi2_df": 3, "chi2_threshold": 13.931422665512084, "N_raw": 83, "N_roi": 83, "N_inlier": 79, "refit": true}
{"timestamp": "17:51:28.137003", "frame": 57, "mu": [0.31646441312908713, 0.7823631930054068, 1.0068864839404559], "Sigma": [[0.0008625136308396091, 0.00044507682827916594, -0.004555233139889944], [0.00044507682827916594, 0.004534546131262443, 0.028104117716827845], [-0.004555233139889944, 0.028104117716827838, 0.2752769543964876]], "chi2_level": 0.997, "chi2_df": 3, "chi2_threshold": 13.931422665512084, "N_raw": 15, "N_roi": 15, "N_inlier": 14, "refit": true}
{"timestamp": "17:51:28.189970", "frame": 58, "mu": [0.4849946264511951, 0.8317473866080933, -1.0200835122028313], "Sigma": [[0.0020926468807777707, 0.002081990903328552, 0.006912034079785096], [0.002081990903328552, 0.017647945661012562, 0.10162548168847303], [0.006912034079785096, 0.10162548168847303, 0.664995564560456]], "chi2_level": 0.997, "chi2_df": 3, "chi2_threshold": 13.931422665512084, "N_raw": 8, "N_roi": 8, "N_inlier": 8, "refit": true}
{"timestamp": "17:51:28.244741", "frame": 59, "mu": [0.5512152396080513, 0.7504070200074384, 0.8968370452768949], "Sigma": [[0.004386760465494599, 0.0023933555724884297, 0.0006921963533519948], [0.0023933555724884293, 0.007297960541451203, 0.04296479773114643], [0.0006921963533519956, 0.042964797731146434, 0.48848608968035595]], "chi2_level": 0.997, "chi2_df": 3, "chi2_threshold": 13.931422665512084, "N_raw": 9, "N_roi": 9, "N_inlier": 9, "refit": true}
{"timestamp": "17:51:28.299586", "frame": 60, "mu": [0.5978230608455375, 0.7558806606316115, 1.075686884801297], "Sigma": [[0.00956059176694622, -0.0006358869520042797, -0.0399858276506815], [-0.0006358869520042797, 0.016402591738763773, 0.027584340647151578], [-0.039985827650681496, 0.027584340647151574, 0.27653313094652976]], "chi2_level": 0.997, "chi2_df": 3, "chi2_threshold": 13.931422665512084, "N_raw": 9, "N_roi": 9, "N_inlier": 9, "refit": true}
{"timestamp": "17:51:28.354734", "frame": 61, "mu": [0.6790729027741509, 0.70708335518471, 0.998871744392072], "Sigma": [[0.014230175688442896, 0.0007248802773141734, -0.052381327906858954], [0.0007248802773141733, 0.00932128560214059, 0.01505835272547351], [-0.05238132790685896, 0.01505835272547351, 0.2473753416620808]], "chi2_level": 0.997, "chi2_df": 3, "chi2_threshold": 13.931422665512084, "N_raw": 8, "N_roi": 8, "N_inlier": 8, "refit": true}
{"timestamp": "17:51:28.409716", "frame": 62, "mu": [0.6569379294882312, 0.6604242709075079, 1.1595192529202663], "Sigma": [[0.0025480356258303517, 0.002268590417017862, -0.00021641469009869898], [0.002268590417017862, 0.0036465282731606135, 9.516987655232357e-05], [-0.00021641469009869895, 9.516987655232363e-05, 0.0010392476403837925]], "chi2_level": 0.997, "chi2_df": 3, "chi2_threshold": 13.931422665512084, "N_raw": 15, "N_roi": 15, "N_inlier": 15, "refit": true}
{"timestamp": "17:51:28.465063", "frame": 63, "mu": [0.7024750097608785, 0.813368290551227, 1.23726149025243], "Sigma": [[0.002727804446400602, 0.0024994449481177024, 0.00181848808016315], [0.002499444948117703, 0.004112629405853724, 0.0012135485825027533], [0.00181848808016315, 0.0012135485825027531, 0.020232008257301412]], "chi2_level": 0.997, "chi2_df": 3, "chi2_threshold": 13.931422665512084, "N_raw": 12, "N_roi": 12, "N_inlier": 12, "refit": true}
{"timestamp": "17:51:28.520744", "frame": 64, "mu": [0.7599264992077356, 0.7538489575133651, 1.0762765748099687], "Sigma": [[0.002661601954677477, -0.002501762785534732, 0.009371086837225227], [-0.002501762785534732, 0.008436182924743468, -0.029835434875442574], [0.009371086837225227, -0.029835434875442577, 0.11350956604860696]], "chi2_level": 0.997, "chi2_df": 3, "chi2_threshold": 13.931422665512084, "N_raw": 17, "N_roi": 15, "N_inlier": 15, "refit": true}
{"timestamp": "17:51:28.574491", "frame": 65, "mu": [0.880468551659461, 0.8030528431198167, 0.9597254696533463], "Sigma": [[0.008233780843942487, -0.007799208832554439, 0.032434683592705946], [-0.007799208832554439, 0.020056710533283652, -0.05769769332415309], [0.032434683592705946, -0.05769769332415309, 0.18948691525524516]], "chi2_level": 0.997, "chi2_df": 3, "chi2_threshold": 13.931422665512084, "N_raw": 8, "N_roi": 8, "N_inlier": 8, "refit": true}
{"timestamp": "17:51:28.631024", "frame": 66, "mu": [0.9470515447872967, 0.7822053057008997, 1.1070885716236085], "Sigma": [[0.002971322660106333, 0.003162321054689389, -0.005346343443595138], [0.003162321054689389, 0.011580574440448086, -0.036715361413467394], [-0.005346343443595138, -0.036715361413467394, 0.14405742698989948]], "chi2_level": 0.997, "chi2_df": 3, "chi2_threshold": 13.931422665512084, "N_raw": 16, "N_roi": 16, "N_inlier": 16, "refit": true}
{"timestamp": "17:51:28.684539", "frame": 67, "mu": [1.0408524071481537, 0.6816821732676566, 1.1051142813707753], "Sigma": [[0.0037418858763032313, -0.0016885711251332486, 0.0011059156173538335], [-0.001688571125133249, 0.01966810364316428, -0.03075538224100156], [0.0011059156173538335, -0.030755382241001564, 0.062285154193633646]], "chi2_level": 0.997, "chi2_df": 3, "chi2_threshold": 13.931422665512084, "N_raw": 7, "N_roi": 7, "N_inlier": 7, "refit": true}
{"timestamp": "17:51:28.738885", "frame": 68, "mu": [1.1140537411229938, 0.7607229164128884, 1.1467942622569056], "Sigma": [[0.00525732044911177, -0.0010345782663349799, -0.024148355960807052], [-0.0010345782663349799, 0.0010430136084808022, 0.007953686643796603], [-0.024148355960807052, 0.007953686643796603, 0.13763239814523087]], "chi2_level": 0.997, "chi2_df": 3, "chi2_threshold": 13.931422665512084, "N_raw": 7, "N_roi": 7, "N_inlier": 7, "refit": true}
{"timestamp": "17:51:28.795032", "frame": 69, "mu": [1.2102247495924066, 0.7642906701314169, 1.3036897180574734], "Sigma": [[0.0022448921264213734, 0.00023256366182183977, 0.003446414187814984], [0.00023256366182183977, 0.001336929896125071, -0.0026305743121583687], [0.003446414187814984, -0.0026305743121583687, 0.028976458787118478]], "chi2_level": 0.997, "chi2_df": 3, "chi2_threshold": 13.931422665512084, "N_raw": 11, "N_roi": 11, "N_inlier": 10, "refit": true}
{"timestamp": "17:51:28.849792", "frame": 70, "mu": [1.253922353996414, 0.7691707319173338, 1.2707234993522558], "Sigma": [[0.002133235047606547, -0.0005694863279875672, -0.0009401850361593922], [-0.0005694863279875672, 0.002220027962373807, -0.0004558036365579299], [-0.0009401850361593922, -0.0004558036365579298, 0.006075701797419115]], "chi2_level": 0.997, "chi2_df": 3, "chi2_threshold": 13.931422665512084, "N_raw": 11, "N_roi": 11, "N_inlier": 11, "refit": true}
{"timestamp": "17:51:29.014489", "frame": 73, "mu": [1.4051960527344376, 0.8780697255120922, 1.1169203051197607], "Sigma": [[0.004555395062860819, -0.000530219415762629, 0.012149348156125554], [-0.0005302194157626293, 0.007101414554057305, 0.014897070287287094], [0.012149348156125556, 0.014897070287287094, 0.13209917603519442]], "chi2_level": 0.997, "chi2_df": 3, "chi2_threshold": 13.931422665512084, "N_raw": 7, "N_roi": 7, "N_inlier": 7, "refit": true}
{"timestamp": "17:51:29.124635", "frame": 75, "mu": [1.5972027090651157, 0.8574248960280272, 1.3307070795040785], "Sigma": [[0.0030598292364680635, -0.0006112828783671801, -0.0004560194914461913], [-0.0006112828783671801, 0.00578277575884555, 0.006244593054204278], [-0.00045601949144619114, 0.006244593054204278, 0.01431010929685713]], "chi2_level": 0.997, "chi2_df": 3, "chi2_threshold": 13.931422665512084, "N_raw": 15, "N_roi": 15, "N_inlier": 14, "refit": true}
{"timestamp": "17:51:29.400932", "frame": 80, "mu": [1.8844667508446047, 0.9640230333046119, -0.5497347958618466], "Sigma": [[0.0012009865043646386, -0.00010774334813568514, -0.0028040465099098072], [-0.00010774334813568514, 0.004024191371743944, -0.003189706473189117], [-0.0028040465099098072, -0.003189706473189117, 0.01267721359959662]], "chi2_level": 0.997, "chi2_df": 3, "chi2_threshold": 13.931422665512084, "N_raw": 11, "N_roi": 11, "N_inlier": 11, "refit": true}
{"timestamp": "17:51:29.454037", "frame": 81, "mu": [1.9390436759347667, 0.8739835350786839, 1.0450783937864094], "Sigma": [[0.001809855273454478, 0.0008689837703834123, -0.001446225930587197], [0.0008689837703834124, 0.003303956248454027, -0.0021079868404263805], [-0.001446225930587197, -0.0021079868404263805, 0.0025352842353151273]], "chi2_level": 0.997, "chi2_df": 3, "chi2_threshold": 13.931422665512084, "N_raw": 8, "N_roi": 8, "N_inlier": 8, "refit": true}
{"timestamp": "17:51:29.563856", "frame": 83, "mu": [2.044368745334263, 0.955249402691151, 1.060992818654503], "Sigma": [[0.0013442617442326508, -4.74142074797334e-05, -0.0034661302639199857], [-4.741420747973358e-05, 0.0034314288641105794, -0.003191555512854361], [-0.0034661302639199857, -0.00319155551285436, 0.01492798512155246]], "chi2_level": 0.997, "chi2_df": 3, "chi2_threshold": 13.931422665512084, "N_raw": 10, "N_roi": 10, "N_inlier": 10, "refit": true}
