{"timestamp": "17:55:14.032618", "frame": 14, "mu": [-2.3822112638374144, 0.9517902797276261, 0.9650180826244494], "Sigma": [[0.005509706632989459, 0.007455653640100788, -0.003273748047363066], [0.007455653640100787, 0.015822667849920743, -0.007767697137089288], [-0.0032737480473630657, -0.007767697137089288, 0.00678258899030681]], "chi2_level": 0.997, "chi2_df": 3, "chi2_threshold": 13.931422665512084, "N_raw": 31, "N_roi": 24, "N_inlier": 24, "refit": true}
{"timestamp": "17:55:14.145168", "frame": 16, "mu": [-2.3515376768168452, 0.9919729732745086, 0.9991009942334992], "Sigma": [[0.0067526787918549235, 0.007397889857481782, -0.002423717802161795], [0.007397889857481782, 0.010000582463552106, -0.004846644507535377], [-0.002423717802161795, -0.004846644507535377, 0.017025480341239366]], "chi2_level": 0.997, "chi2_df": 3, "chi2_threshold": 13.931422665512084, "N_raw": 39, "N_roi": 35, "N_inlier": 35, "refit": true}
{"timestamp": "17:55:14.251300", "frame": 18, "mu": [-2.229832269515924, 1.0048895820306358, 1.0849307786170719], "Sigma": [[0.004006182656188468, 0.0033551778132641097, -0.0030303944282880292], [0.0033551778132641093, 0.007156449513978175, -0.0022160617612982172], [-0.003030394428288029, -0.0022160617612982172, 0.0026832612005868515]], "chi2_level": 0.997, "chi2_df": 3, "chi2_threshold": 13.931422665512084, "N_raw": 11, "N_roi": 11, "N_inlier": 11, "refit": true}
{"timestamp": "17:55:14.308797", "frame": 19, "mu": [-2.2993421148120428, 1.064561429628087, 1.0292211939071454], "Sigma": [[0.010308703046859281, 0.01244581857989959, -0.006022816748852971], [0.01244581857989959, 0.019084289867550508, -0.010731629181508384], [-0.006022816748852971, -0.010731629181508384, 0.008534470127007341]], "chi2_level": 0.997, "chi2_df": 3, "chi2_threshold": 13.931422665512084, "N_raw": 36, "N_roi": 36, "N_inlier": 36, "refit": true}
{"timestamp": "17:55:14.365553", "frame": 20, "mu": [-2.226867841940949, 1.0959144787383335, 1.165607224897161], "Sigma": [[0.010018988821488927, 0.008270414977125308, -0.005051057024398846], [0.008270414977125308, 0.017846023136527, -0.007857674827291505], [-0.005051057024398846, -0.007857674827291505, 0.005046887466851803]], "chi2_level": 0.997, "chi2_df": 3, "chi2_threshold": 13.931422665512084, "N_raw": 44, "N_roi": 44, "N_inlier": 44, "refit": true}
{"timestamp": "17:55:14.421427", "frame": 21, "mu": [-2.2440767090936578, 1.0633923561875187, 1.1167238554974035], "Sigma": [[0.011296000954913083, 0.011019935943022523, -0.002178707390918192], [0.011019935943022523, 0.018544217746831702, -0.010290082910955269], [-0.002178707390918192, -0.010290082910955269, 0.01240339725294449]], "chi2_level": 0.997, "chi2_df": 3, "chi2_threshold": 13.931422665512084, "N_raw": 57, "N_roi": 57, "N_inlier": 57, "refit": true}
{"timestamp": "17:55:14.480357", "frame": 22, "mu": [-2.204938054560003, 1.0880171557595388, 1.093448950904888], "Sigma": [[0.009904256473682899, 0.010350184278184614, -0.0017531405790216018], [0.010350184278184614, 0.015631402720249384, -0.006970225271421816], [-0.0017531405790216018, -0.006970225271421816, 0.00933983241391583]], "chi2_level": 0.997, "chi2_df": 3, "chi2_threshold": 13.931422665512084, "N_raw": 45, "N_roi": 45, "N_inlier": 45, "refit": true}
{"timestamp": "17:55:14.533649", "frame": 23, "mu": [-2.146351674563762, 1.1706156570176085, 1.0937045250027808], "Sigma": [[0.011799855111781407, 0.008309524005856305, -0.003691804243426466], [0.008309524005856307, 0.011187448196966885, -0.00815793412429399], [-0.003691804243426466, -0.00815793412429399, 0.009248966798132188]], "chi2_level": 0.997, "chi2_df": 3, "chi2_threshold": 13.931422665512084, "N_raw": 55, "N_roi": 55, "N_inlier": 53, "refit": true}
{"timestamp": "17:55:14.642728", "frame": 25, "mu": [-2.112553849865859, 1.3366341092160134, 1.2290459012799233], "Sigma": [[0.015550605329984384, 0.004993592194921874, -0.010488200435699696], [0.004993592194921874, 0.010414289390776947, -0.005461314921465138], [-0.010488200435699696, -0.005461314921465138, 0.00984363482485836]], "chi2_level": 0.997, "chi2_df": 3, "chi2_threshold": 13.931422665512084, "N_raw": 50, "N_roi": 50, "N_inlier": 50, "refit": true}
{"timestamp": "17:55:14.700507", "frame": 26, "mu": [-2.126193979620667, 1.3249014969120745, 1.1985140151517188], "Sigma": [[0.012350095561957932, 0.006246640977245322, -0.005273824550153315], [0.006246640977245322, 0.016162993445112656, -0.009383319763508449], [-0.005273824550153315, -0.009383319763508449, 0.007129438843752336]], "chi2_level": 0.997, "chi2_df": 3, "chi2_threshold": 13.931422665512084, "N_raw": 65, "N_roi": 65, "N_inlier": 64, "refit": true}
{"timestamp": "17:55:14.754497", "frame": 27, "mu": [-2.054288301908631, 1.3875528752467812, 1.1710605494943596], "Sigma": [[0.012410747834488658, 0.00614487065736472, -0.004687269018605359], [0.00614487065736472, 0.012912281324415624, -0.007807687964500765], [-0.004687269018605359, -0.007807687964500765, 0.006365681555263171]], "chi2_level": 0.997, "chi2_df": 3, "chi2_threshold": 13.931422665512084, "N_raw": 56, "N_roi": 56, "N_inlier": 56, "refit": true}
{"timestamp": "17:55:14.805069", "frame": 28, "mu": [-2.0490660432789842, 1.4616754625673494, 1.2384698553103302], "Sigma": [[0.018576499251111676, 0.006257576195504046, -0.009464836627434789], [0.006257576195504046, 0.011720793151434398, -0.0073166250399788945], [-0.009464836627434789, -0.007316625039978894, 0.00944171571107109]], "chi2_level": 0.997, "chi2_df": 3, "chi2_threshold": 13.931422665512084, "N_raw": 25, "N_roi": 25, "N_inlier": 25, "refit": true}
{"timestamp": "17:55:14.870068", "frame": 29, "mu": [-1.9401517839599651, 1.5604389064947914, 1.1189927774340944], "Sigma": [[0.02259622534548693, 0.014132140106009633, -0.010871375052699488], [0.014132140106009633, 0.016238188854283114, -0.01534635744345766], [-0.010871375052699488, -0.01534635744345766, 0.01687743839144698]], "chi2_level": 0.997, "chi2_df": 3, "chi2_threshold": 13.931422665512084, "N_raw": 99, "N_roi": 99, "N_inlier": 99, "refit": true}
{"timestamp": "17:55:14.927518", "frame": 30, "mu": [-1.9285675967156741, 1.6237807696699864, 1.1985249450545932], "Sigma": [[0.02077442539042288, 0.01471148700160663, -0.015435886807418793], [0.01471148700160663, 0.01728556930740768, -0.02237374168437096], [-0.015435886807418793, -0.02237374168437096, 0.03844406227690287]], "chi2_level": 0.997, "chi2_df": 3, "chi2_threshold": 13.931422665512084, "N_raw": 102, "N_roi": 102, "N_inlier": 101, "refit": true}
{"timestamp": "17:55:14.980544", "frame": 31, "mu": [-1.904924520313168, 1.7621189543532219, 0.27122564206002103], "Sigma": [[0.03360837444197835, 0.02355696834048227, 0.04128936184079933], [0.02355696834048227, 0.02600257111110569, 0.03689010950243951], [0.041289361840799337, 0.03689010950243951, 0.31888510393936337]], "chi2_level": 0.997, "chi2_df": 3, "chi2_threshold": 13.931422665512084, "N_raw": 92, "N_roi": 92, "N_inlier": 92, "refit": true}
{"timestamp": "17:55:15.028424", "frame": 32, "mu": [-1.8035827647856235, 1.7590864165953237, 1.3040937892479636], "Sigma": [[0.016354669121738673, 0.0090635051377098, -0.012560302262907677], [0.0090635051377098, 0.012605129729441859, -0.006825302509682272], [-0.012560302262907677, -0.006825302509682272, 0.011667254054670598]], "chi2_level": 0.997, "chi2_df": 3, "chi2_threshold": 13.931422665512084, "N_raw": 51, "N_roi": 51, "N_inlier": 51, "refit": true}
{"timestamp": "17:55:15.077870", "frame": 33, "mu": [-1.6201692623434578, 1.9540764522387761, 0.8897973569098336], "Sigma": [[0.03939904156356236, 0.01972578779111761, -0.12563765699298995], [0.01972578779111761, 0.02073251572708454, -0.07284747708894927], [-0.12563765699298995, -0.07284747708894927, 0.5131312069253441]], "chi2_level": 0.997, "chi2_df": 3, "chi2_threshold": 13.931422665512084, "N_raw": 8, "N_roi": 8, "N_inlier": 8, "refit": true}
{"timestamp": "17:55:15.131143", "frame": 34, "mu": [-1.6259067706478212, 2.05885605431859, 1.152406120989964], "Sigma": [[0.0016324819277298422, -0.0029463432585459413, -0.0016199376614529906], [-0.0029463432585459404, 0.018707013416476705, -0.03299907786806278], [-0.0016199376614529906, -0.03299907786806278, 0.2341889673717448]], "chi2_level": 0.997, "chi2_df": 3, "chi2_threshold": 13.931422665512084, "N_raw": 7, "N_roi": 7, "N_inlier": 7, "refit": true}
{"timestamp": "17:55:15.187561", "frame": 35, "mu": [-1.4210550510373552, 2.151970716980491, 0.6803423421372177], "Sigma": [[0.012390673967432148, 0.01024769497522762, -0.062109413582970785], [0.01024769497522762, 0.02036826241672869, -0.07325025932979227], [-0.062109413582970785, -0.07325025932979226, 0.35414711935283005]], "chi2_level": 0.997, "chi2_df": 3, "chi2_threshold": 13.931422665512084, "N_raw": 10, "N_roi": 10, "N_inlier": 10, "refit": true}
{"timestamp": "17:55:15.247756", "frame": 36, "mu": [-1.4883649404022659, 2.1464780756207626, 0.9798529411506227], "Sigma": [[0.012930535915110687, 0.0038415108480085655, -0.021433808352418197], [0.003841510848008566, 0.0064976551814332345, -0.022003555372362933], [-0.021433808352418197, -0.022003555372362933, 0.10018384820532729]], "chi2_level": 0.997, "chi2_df": 3, "chi2_threshold": 13.931422665512084, "N_raw": 47, "N_roi": 47, "N_inlier": 46, "refit": true}
{"timestamp": "17:55:15.302885", "frame": 37, "mu": [-1.413807193823886, 2.254145974924677, 1.0593454841572916], "Sigma": [[0.009931855835068877, 0.0021619382442212634, -0.008227137635178947], [0.002161938244221264, 0.0021711638444392393, 0.001786407518624389], [-0.008227137635178947, 0.001786407518624389, 0.12857602938995677]], "chi2_level": 0.997, "chi2_df": 3, "chi2_threshold": 13.931422665512084, "N_raw": 43, "N_roi": 43, "N_inlier": 41, "refit": true}
{"timestamp": "17:55:15.360257", "frame": 38, "mu": [-1.3478122871228344, 2.2831974590414204, 1.215648922816896], "Sigma": [[0.013074181561722806, 0.0009839829331518555, -0.005612904228617495], [0.0009839829331518553, 0.003057728813394007, -0.0027893903672129025], [-0.005612904228617495, -0.0027893903672129025, 0.06411803013560911]], "chi2_level": 0.997, "chi2_df": 3, "chi2_threshold": 13.931422665512084, "N_raw": 57, "N_roi": 57, "N_inlier": 54, "refit": true}
{"timestamp": "17:55:15.414131", "frame": 39, "mu": [-1.2848065064180223, 2.329822264506749, 1.1285762673517916], "Sigma": [[0.017637503424313954, 0.0010936925149705146, 0.02299516689987323], [0.0010936925149705149, 0.006049800019017767, 0.01239431513427013], [0.02299516689987323, 0.01239431513427013, 0.16855481213030274]], "chi2_level": 0.997, "chi2_df": 3, "chi2_threshold": 13.931422665512084, "N_raw": 47, "N_roi": 47, "N_inlier": 46, "refit": true}
{"timestamp": "17:55:15.472747", "frame": 40, "mu": [-1.2179584629308156, 2.3752335237747095, 1.0252821114788397], "Sigma": [[0.01996820121922499, 0.0003839742957931611, 0.021871045599356233], [0.00038397429579316105, 0.004554510917519068, -0.006002753044532254], [0.02187104559935623, -0.006002753044532254, 0.09869776359638577]], "chi2_level": 0.997, "chi2_df": 3, "chi2_threshold": 13.931422665512084, "N_raw": 77, "N_roi": 77, "N_inlier": 76, "refit": true}
{"timestamp": "17:55:15.530507", "frame": 41, "mu": [-1.2221818841806955, 2.457553976712079, 0.84676123163392], "Sigma": [[0.022047747776487922, -0.002898759348552881, 0.03211480986726297], [-0.002898759348552881, 0.0035490037935995266, -0.01741674873420284], [0.03211480986726297, -0.01741674873420284, 0.18255889320212193]], "chi2_level": 0.997, "chi2_df": 3, "chi2_threshold": 13.931422665512084, "N_raw": 91, "N_roi": 91, "N_inlier": 90, "refit": true}
{"timestamp": "17:55:15.580630", "frame": 42, "mu": [-1.0158978031333505, 2.4588010725499228, 1.1492472923875183], "Sigma": [[0.012242023108227742, -0.001115307682816623, -0.011932499581138662], [-0.001115307682816623, 0.0023136189907397974, -0.002076037844081058], [-0.011932499581138664, -0.002076037844081058, 0.033597069493483546]], "chi2_level": 0.997, "chi2_df": 3, "chi2_threshold": 13.931422665512084, "N_raw": 61, "N_roi": 61, "N_inlier": 57, "refit": true}
{"timestamp": "17:55:15.634985", "frame": 43, "mu": [-1.0757068081629237, 2.5389743778794216, 1.1995181008927585], "Sigma": [[0.01540035636979679, 0.0013401124857081149, -0.010391823174553741], [0.0013401124857081149, 0.003719601065106052, -0.00427392704317161], [-0.010391823174553741, -0.00427392704317161, 0.011850384822572604]], "chi2_level": 0.997, "chi2_df": 3, "chi2_threshold": 13.931422665512084, "N_raw": 62, "N_roi": 62, "N_inlier": 58, "refit": true}
{"timestamp": "17:55:15.688884", "frame": 44, "mu": [-0.9479809299130239, 2.5494766212114803, 1.0896588547304404], "Sigma": [[0.011440186564807853, 0.000671681280690014, -0.00970221947839027], [0.000671681280690014, 0.0010839274484955384, -0.003484584026064077], [-0.009702219478390266, -0.0034845840260640765, 0.037110730742657284]], "chi2_level": 0.997, "chi2_df": 3, "chi2_threshold": 13.931422665512084, "N_raw": 55, "N_roi": 55, "N_inlier": 52, "refit": true}
{"timestamp": "17:55:15.744758", "frame": 45, "mu": [-0.9901354480230543, 2.5929872474046074, 0.8054777962081501], "Sigma": [[0.01215371344390419, 0.0015584545029238487, 0.001012092081830094], [0.0015584545029238487, 0.00578440077222608, 0.005566243345435972], [0.001012092081830094, 0.00556624334543597, 0.12639472842853203]], "chi2_level": 0.997, "chi2_df": 3, "chi2_threshold": 13.931422665512084, "N_raw": 60, "N_roi": 60, "N_inlier": 59, "refit": true}
{"timestamp": "17:55:15.801220", "frame": 46, "mu": [-0.8882917577526177, 2.864429845979082, -0.2890366383588608], "Sigma": [[0.016852814336764988, -0.0008701293719611011, 0.007831231679495562], [-0.0008701293719611011, 0.011066775966316939, -0.020199023704211668], [0.00783123167949556, -0.020199023704211665, 0.07554521731750322]], "chi2_level": 0.997, "chi2_df": 3, "chi2_threshold": 13.931422665512084, "N_raw": 63, "N_roi": 63, "N_inlier": 59, "refit": true}
{"timestamp": "17:55:15.857136", "frame": 47, "mu": [-0.8984586637343657, 2.7088259220930118, 0.9060583844250847], "Sigma": [[0.019858235913980723, 0.004568226221409267, 0.03182731488583099], [0.004568226221409267, 0.0058905803119140175, 0.017878918406064457], [0.03182731488583099, 0.017878918406064457, 0.13358185932106845]], "chi2_level": 0.997, "chi2_df": 3, "chi2_threshold": 13.931422665512084, "N_raw": 75, "N_roi": 75, "N_inlier": 72, "refit": true}
{"timestamp": "17:55:15.908272", "frame": 48, "mu": [-0.7612805803874033, 2.807835754949332, 0.8670116938478207], "Sigma": [[0.012716106201035764, 0.003945715084228635, 0.011791515601267365], [0.003945715084228636, 0.00692402059127123, 0.017860315599972258], [0.011791515601267363, 0.01786031559997226, 0.14617015650928342]], "chi2_level": 0.997, "chi2_df": 3, "chi2_threshold": 13.931422665512084, "N_raw": 35, "N_roi": 35, "N_inlier": 34, "refit": true}
{"timestamp": "17:55:15.962897", "frame": 49, "mu": [-0.7657833607146288, 2.8989577595952136, 0.9588854804818283], "Sigma": [[0.010664454770424969, 0.0008287169345024519, 0.0026239028381177037], [0.0008287169345024519, 0.0034030541886126637, 0.010616728810337324], [0.0026239028381177033, 0.010616728810337322, 0.10372791210079498]], "chi2_level": 0.997, "chi2_df": 3, "chi2_threshold": 13.931422665512084, "N_raw": 47, "N_roi": 47, "N_inlier": 46, "refit": true}
{"timestamp": "17:55:16.022996", "frame": 50, "mu": [-0.6814745646660788, 2.9808882911342014, 0.7609917392527557], "Sigma": [[0.01192653337514123, -0.0023788162921223347, 0.01606020826300226], [-0.002378816292122334, 0.004761133687520304, -0.004966292537670939], [0.01606020826300226, -0.004966292537670937, 0.45111522126595177]], "chi2_level": 0.997, "chi2_df": 3, "chi2_threshold": 13.931422665512084, "N_raw": 78, "N_roi": 74, "N_inlier": 74, "refit": true}
{"timestamp": "17:55:16.083250", "frame": 51, "mu": [-0.67103209752126, 3.006873965471995, 0.8324236932439877], "Sigma": [[0.01874453966277049, -0.0016095342782985595, 0.024138568141949836], [-0.00160953427829856, 0.006525916529810229, 0.008951481778724362], [0.024138568141949836, 0.00895148177872436, 0.4320227018246257]], "chi2_level": 0.997, "chi2_df": 3, "chi2_threshold": 13.931422665512084, "N_raw": 106, "N_roi": 104, "N_inlier": 103, "refit": true}
{"timestamp": "17:55:16.132742", "frame": 52, "mu": [-0.534144642682771, 3.0484665512786053, 1.2582013627627018], "Sigma": [[0.01687967444766407, -0.0014702739376264405, -0.00877142366366984], [-0.0014702739376264405, 0.005502731652842554, -0.007047790437014436], [-0.008771423663669838, -0.007047790437014437, 0.07423384580979213]], "chi2_level": 0.997, "chi2_df": 3, "chi2_threshold": 13.931422665512084, "N_raw": 75, "N_roi": 75, "N_inlier": 73, "refit": true}
{"timestamp": "17:55:16.183364", "frame": 53, "mu": [-0.5168744240419938, 3.1596515732122135, 1.1425594413285696], "Sigma": [[0.01321873934453545, -0.0004064459429746907, -0.008828096161332354], [-0.00040644594297469075, 0.005063634407714496, 0.008604073175883584], [-0.008828096161332354, 0.008604073175883584, 0.21285244671796236]], "chi2_level": 0.997, "chi2_df": 3, "chi2_threshold": 13.931422665512084, "N_raw": 46, "N_roi": 46, "N_inlier": 45, "refit": true}
{"timestamp": "17:55:16.239318", "frame": 54, "mu": [-0.48630096230855996, 3.299136616138627, -0.17254555557094425], "Sigma": [[0.012149652137266697, -0.0013023251223269051, 0.00024303479164770243], [-0.0013023251223269056, 0.013319875284215717, -0.03294735532917149], [0.00024303479164770268, -0.03294735532917149, 0.10438964903738668]], "chi2_level": 0.997, "chi2_df": 3, "chi2_threshold": 13.931422665512084, "N_raw": 53, "N_roi": 49, "N_inlier": 46, "refit": true}
{"timestamp": "17:55:16.297554", "frame": 55, "mu": [-0.488743840289095, 3.2578089977245717, 1.128575352316623], "Sigma": [[0.01750143395199938, 0.0019125025547484867, 0.0029252410672721313], [0.0019125025547484867, 0.003781014842425514, 0.0029169806999876165], [0.00292524106727213, 0.002916980699987617, 0.11365117495239235]], "chi2_level": 0.997, "chi2_df": 3, "chi2_threshold": 13.931422665512084, "N_raw": 73, "N_roi": 73, "N_inlier": 70, "refit": true}
{"timestamp": "17:55:16.345999", "frame": 56, "mu": [-0.3505418538513033, 3.2951831632575463, 1.2158989459161416], "Sigma": [[0.012508902438563793, 0.00032849185524948385, -0.0016416848012366326], [0.00032849185524948385, 0.00330804189526546, -0.005935958831423375], [-0.0016416848012366318, -0.005935958831423375, 0.03715194149066761]], "chi2_level": 0.997, "chi2_df": 3, "chi2_threshold": 13.931422665512084, "N_raw": 34, "N_roi": 34, "N_inlier": 31, "refit": true}
{"timestamp": "17:55:16.402862", "frame": 57, "mu": [-0.3980608681568012, 3.350829666855638, 0.7600992614152164], "Sigma": [[0.017944729073866475, 0.004869426773949803, 0.028509183796026592], [0.004869426773949803, 0.0026940599330339196, 0.005802454005404179], [0.028509183796026592, 0.005802454005404179, 0.10046940854216013]], "chi2_level": 0.997, "chi2_df": 3, "chi2_threshold": 13.931422665512084, "N_raw": 53, "N_roi": 53, "N_inlier": 51, "refit": true}
{"timestamp": "17:55:16.461345", "frame": 58, "mu": [-0.3662570132163315, 3.4396153682310855, 1.0098384925773003], "Sigma": [[0.0317752268259644, 0.005709423458861884, 0.05256745821154356], [0.005709423458861883, 0.004270038977811442, 0.016198005798811903], [0.05256745821154356, 0.016198005798811903, 0.17496201133137806]], "chi2_level": 0.997, "chi2_df": 3, "chi2_threshold": 13.931422665512084, "N_raw": 69, "N_roi": 69, "N_inlier": 68, "refit": true}
{"timestamp": "17:55:16.510497", "frame": 59, "mu": [-0.07404414731374195, 3.4564651136001343, 1.2927696112331417], "Sigma": [[0.011398356186790649, -0.0017789552443339116, -0.0030836633221065076], [-0.0017789552443339116, 0.002897703222816761, -0.0008774110205908404], [-0.0030836633221065076, -0.0008774110205908405, 0.003200585513845239]], "chi2_level": 0.997, "chi2_df": 3, "chi2_threshold": 13.931422665512084, "N_raw": 34, "N_roi": 34, "N_inlier": 32, "refit": true}
{"timestamp": "17:55:16.569426", "frame": 60, "mu": [-0.042388242994652506, 3.519076117613326, -0.43848171674220876], "Sigma": [[0.01884848720304858, 0.0032807939785179634, 0.053054671238916926], [0.0032807939785179643, 0.006361967321680008, 0.012364928637143011], [0.053054671238916926, 0.012364928637143011, 0.21594542888442994]], "chi2_level": 0.997, "chi2_df": 3, "chi2_threshold": 13.931422665512084, "N_raw": 58, "N_roi": 58, "N_inlier": 56, "refit": true}
{"timestamp": "17:55:16.623758", "frame": 61, "mu": [-0.030020306167022906, 3.617857413006839, -0.1400565837590903], "Sigma": [[0.01664244692267483, -0.0009670213321541816, 0.04977414828707086], [-0.0009670213321541819, 0.0062572604948043856, -0.010134430805320699], [0.04977414828707086, -0.010134430805320699, 0.2678799050414125]], "chi2_level": 0.997, "chi2_df": 3, "chi2_threshold": 13.931422665512084, "N_raw": 54, "N_roi": 54, "N_inlier": 54, "refit": true}
{"timestamp": "17:55:16.678033", "frame": 62, "mu": [0.02325252109116609, 3.640062145915178, 1.4032934939586437], "Sigma": [[0.019579462068415966, -0.004059167356734239, 0.008043694678979472], [-0.00405916735673424, 0.0054822616308469315, -0.014197647688911238], [0.00804369467897947, -0.014197647688911238, 0.06960384031856362]], "chi2_level": 0.997, "chi2_df": 3, "chi2_threshold": 13.931422665512084, "N_raw": 46, "N_roi": 46, "N_inlier": 45, "refit": true}
{"timestamp": "17:55:16.731908", "frame": 63, "mu": [0.032592734674242126, 3.686329001099665, 1.37648864281595], "Sigma": [[0.015682462970881442, -0.0008233342919688517, -0.0064234087853382174], [-0.0008233342919688515, 0.0025106416629745837, -0.000829655794796819], [-0.0064234087853382174, -0.000829655794796819, 0.014086605087105214]], "chi2_level": 0.997, "chi2_df": 3, "chi2_threshold": 13.931422665512084, "N_raw": 39, "N_roi": 39, "N_inlier": 37, "refit": true}
{"timestamp": "17:55:16.787321", "frame": 64, "mu": [0.0633132483526714, 3.7010259461967787, 1.1798450126734565], "Sigma": [[0.021373407381315507, -0.0005184525609198923, 0.0007122893233837902], [-0.0005184525609198924, 0.001827649857232946, -0.002933537519349336], [0.0007122893233837905, -0.002933537519349336, 0.007648596561854975]], "chi2_level": 0.997, "chi2_df": 3, "chi2_threshold": 13.931422665512084, "N_raw": 44, "N_roi": 44, "N_inlier": 43, "refit": true}
{"timestamp": "17:55:16.839112", "frame": 65, "mu": [0.09606624430321825, 3.854830343601553, 0.43289250649407346], "Sigma": [[0.009060403589107865, 0.0012331633305046842, -0.004995012599120893], [0.001233163330504684, 0.0030603073982245314, -0.003183702693140506], [-0.004995012599120892, -0.003183702693140506, 0.009979355877280669]], "chi2_level": 0.997, "chi2_df": 3, "chi2_threshold": 13.931422665512084, "N_raw": 22, "N_roi": 22, "N_inlier": 21, "refit": true}
{"timestamp": "17:55:16.897115", "frame": 66, "mu": [0.152911280794039, 3.914760444162904, 0.1589045724758189], "Sigma": [[0.017001803405590002, -0.0015979914406071744, 0.01036840006914655], [-0.0015979914406071747, 0.005143998810769649, -0.021548996528945034], [0.01036840006914655, -0.02154899652894503, 0.14297867877714585]], "chi2_level": 0.997, "chi2_df": 3, "chi2_threshold": 13.931422665512084, "N_raw": 49, "N_roi": 47, "N_inlier": 47, "refit": true}
{"timestamp": "17:55:16.949954", "frame": 67, "mu": [0.1983351115675087, 3.956578783563497, 0.3525193293098182], "Sigma": [[0.013922003647034402, 0.000813628778025786, -0.006299564106643427], [0.0008136287780257859, 0.003144425935202735, -0.0016102745690905161], [-0.006299564106643427, -0.0016102745690905165, 0.005987404306024976]], "chi2_level": 0.997, "chi2_df": 3, "chi2_threshold": 13.931422665512084, "N_raw": 33, "N_roi": 33, "N_inlier": 32, "refit": true}
{"timestamp": "17:55:17.003730", "frame": 68, "mu": [0.16749934719208642, 3.8776913176760286, 0.715103186996361], "Sigma": [[0.007419735434697971, 0.0018946741225621243, 0.008955815069590202], [0.0018946741225621243, 0.0009715757186626789, 0.003887805017921569], [0.008955815069590204, 0.003887805017921569, 0.04545940178146575]], "chi2_level": 0.997, "chi2_df": 3, "chi2_threshold": 13.931422665512084, "N_raw": 21, "N_roi": 19, "N_inlier": 19, "refit": true}
{"timestamp": "17:55:17.057679", "frame": 69, "mu": [0.2907464366248825, 4.008858863081418, 0.9397954003274887], "Sigma": [[0.005012439031818712, 0.001605610463299544, 0.006649023937264149], [0.001605610463299544, 0.002158946970001926, 0.0007610617939245304], [0.006649023937264149, 0.0007610617939245304, 0.012604964655810893]], "chi2_level": 0.997, "chi2_df": 3, "chi2_threshold": 13.931422665512084, "N_raw": 10, "N_roi": 10, "N_inlier": 9, "refit": true}
{"timestamp": "17:55:17.167320", "frame": 71, "mu": [0.35497826705438024, 4.180046448828272, 1.3920288504691634], "Sigma": [[0.00763632803042826, -0.0027126209819319717, -0.0018880013054567949], [-0.0027126209819319717, 0.0035272082552639007, 0.0009878910257758494], [-0.0018880013054567949, 0.0009878910257758496, 0.003820893951661475]], "chi2_level": 0.997, "chi2_df": 3, "chi2_threshold": 13.931422665512084, "N_raw": 13, "N_roi": 13, "N_inlier": 12, "refit": true}
{"timestamp": "17:55:17.226413", "frame": 72, "mu": [0.43951006414979327, 4.2247272523379396, 1.3802115570373743], "Sigma": [[0.012957681141241207, -0.0025450074220645384, -0.006809206551210589], [-0.0025450074220645384, 0.005110221361056349, -0.008868389123465197], [-0.006809206551210588, -0.008868389123465197, 0.09851178853617787]], "chi2_level": 0.997, "chi2_df": 3, "chi2_threshold": 13.931422665512084, "N_raw": 29, "N_roi": 28, "N_inlier": 28, "refit": true}
{"timestamp": "17:55:17.278320", "frame": 73, "mu": [0.48673666679053873, 4.266564961974341, 1.2770945888436165], "Sigma": [[0.0059142692915950335, -0.0022295094965418785, -0.007923298040931125], [-0.002229509496541879, 0.006464137727951064, -0.013224502370663702], [-0.007923298040931125, -0.013224502370663702, 0.14105282281277612]], "chi2_level": 0.997, "chi2_df": 3, "chi2_threshold": 13.931422665512084, "N_raw": 16, "N_roi": 16, "N_inlier": 16, "refit": true}
{"timestamp": "17:55:17.334253", "frame": 74, "mu": [0.5483109168012273, 4.296845522533858, 1.264842329598524], "Sigma": [[0.007588811815642771, -0.0027798561254281985, 0.004978901420038939], [-0.0027798561254281985, 0.005655113241895733, -0.027011947361840198], [0.00497890142003894, -0.027011947361840198, 0.21122660036348131]], "chi2_level": 0.997, "chi2_df": 3, "chi2_threshold": 13.931422665512084, "N_raw": 25, "N_roi": 23, "N_inlier": 23, "refit": true}
{"timestamp": "17:55:17.390320", "frame": 75, "mu": [0.5960608357813783, 4.333494551208696, 1.3704846263923673], "Sigma": [[0.012376733495378182, -0.0020419915157014277, -0.00381864937573665], [-0.0020419915157014277, 0.0032856097253511716, -0.001618533802712523], [-0.0038186493757366496, -0.0016185338027125233, 0.0066545874413077525]], "chi2_level": 0.997, "chi2_df": 3, "chi2_threshold": 13.931422665512084, "N_raw": 31, "N_roi": 31, "N_inlier": 29, "refit": true}
{"timestamp": "17:55:17.448320", "frame": 76, "mu": [0.6327005283795871, 4.335004610032893, 1.1071944849253268], "Sigma": [[0.01896887181098065, -0.003238143339105165, 0.01735348151076905], [-0.003238143339105165, 0.001913769737345429, -0.008778962252228028], [0.017353481510769053, -0.008778962252228028, 0.08980861108839576]], "chi2_level": 0.997, "chi2_df": 3, "chi2_threshold": 13.931422665512084, "N_raw": 50, "N_roi": 50, "N_inlier": 50, "refit": true}
{"timestamp": "17:55:17.502666", "frame": 77, "mu": [0.5840792231553813, 4.416172592989035, 0.8433752142517863], "Sigma": [[0.02847307011585589, -0.0053444435441277315, 0.0329072992838641], [-0.0053444435441277315, 0.002101136291872514, -0.009270804542006145], [0.0329072992838641, -0.009270804542006149, 0.10067173137003896]], "chi2_level": 0.997, "chi2_df": 3, "chi2_threshold": 13.931422665512084, "N_raw": 49, "N_roi": 49, "N_inlier": 48, "refit": true}
{"timestamp": "17:55:17.612320", "frame": 79, "mu": [0.6478152290438649, 4.605838715924553, 0.9706086708219499], "Sigma": [[0.016022305877694352, -0.0048611666693161235, 0.005761648805767545], [-0.0048611666693161235, 0.004852275058699896, -0.007007714732003297], [0.005761648805767545, -0.007007714732003297, 0.016027127297164007]], "chi2_level": 0.997, "chi2_df": 3, "chi2_threshold": 13.931422665512084, "N_raw": 44, "N_roi": 39, "N_inlier": 38, "refit": true}
{"timestamp": "17:55:17.826764", "frame": 83, "mu": [0.9810034897458695, 4.770290754212983, 0.9934337892985918], "Sigma": [[0.013902094861055805, 0.002427567201200031, -0.0414801048630063], [0.002427567201200031, 0.0019290163932803952, -0.010589417424102368], [-0.041480104863006295, -0.010589417424102368, 0.14378721822598722]], "chi2_level": 0.997, "chi2_df": 3, "chi2_threshold": 13.931422665512084, "N_raw": 7, "N_roi": 7, "N_inlier": 7, "refit": true}
{"timestamp": "17:55:17.883273", "frame": 84, "mu": [1.0104465875741446, 4.8589520348781665, 0.39094858739488536], "Sigma": [[0.0051321999862449725, 0.00021650825712595423, -0.0033647736282657516], [0.00021650825712595423, 0.0030107363951700737, -0.0020191803111187265], [-0.0033647736282657525, -0.002019180311118727, 0.005304599363280117]], "chi2_level": 0.997, "chi2_df": 3, "chi2_threshold": 13.931422665512084, "N_raw": 10, "N_roi": 8, "N_inlier": 8, "refit": true}
