{"timestamp": "17:46:04.103466", "frame": 1, "mu": [-0.6051136955635853, 0.14145756226870623, 0.8952264600760911], "Sigma": [[0.0067206802312544155, 0.00027309038445402, 0.04198843962476523], [0.00027309038445402, 0.0050509963562827736, 0.002143274789267716], [0.04198843962476523, 0.0021432747892677143, 0.33070414088226663]], "chi2_level": 0.997, "chi2_df": 3, "chi2_threshold": 13.931422665512084, "N_raw": 9, "N_roi": 9, "N_inlier": 9, "refit": true}
{"timestamp": "17:46:04.162405", "frame": 2, "mu": [-0.5918163879297345, 0.15810898396008735, 1.191172665143344], "Sigma": [[0.00155628290921751, 0.0006676243391686434, -1.4839639623058076e-05], [0.0006676243391686434, 0.0010266565846771666, -0.002955006169252472], [-1.4839639623058076e-05, -0.0029550061692524728, 0.126249467668102]], "chi2_level": 0.997, "chi2_df": 3, "chi2_threshold": 13.931422665512084, "N_raw": 42, "N_roi": 41, "N_inlier": 38, "refit": true}
{"timestamp": "17:46:04.219380", "frame": 3, "mu": [-0.5507018562429039, 0.43125344387802134, -0.6792876720900808], "Sigma": [[0.001616573573330077, -0.0013257924735947256, 0.003047873213340703], [-0.0013257924735947256, 0.00781416869022671, -0.016144077016265673], [0.003047873213340703, -0.016144077016265673, 0.03917513217265597]], "chi2_level": 0.997, "chi2_df": 3, "chi2_threshold": 13.931422665512084, "N_raw": 41, "N_roi": 41, "N_inlier": 38, "refit": true}
{"timestamp": "17:46:04.273520", "frame": 4, "mu": [-0.5899178053981105, 0.5093398638135359, -0.6695042948173313], "Sigma": [[0.010657758983566731, -0.0019140552872511474, 0.019768850971285192], [-0.0019140552872511474, 0.011603595256504862, -0.04122269658697242], [0.01976885097128519, -0.04122269658697242, 0.16581739715610253]], "chi2_level": 0.997, "chi2_df": 3, "chi2_threshold": 13.931422665512084, "N_raw": 33, "N_roi": 33, "N_inlier": 32, "refit": true}
{"timestamp": "17:46:04.332896", "frame": 5, "mu": [-0.5915381063431062, 0.5497779275694139, -0.5367651081936891], "Sigma": [[0.012683872259616024, 0.007884472669288194, -0.014711565231386219], [0.007884472669288193, 0.007587337929245907, -0.012126304922971922], [-0.014711565231386219, -0.012126304922971922, 0.02466974746561887]], "chi2_level": 0.997, "chi2_df": 3, "chi2_threshold": 13.931422665512084, "N_raw": 60, "N_roi": 60, "N_inlier": 56, "refit": true}
{"timestamp": "17:46:04.385795", "frame": 6, "mu": [-0.685444895068284, 0.3666149471612273, 1.5290408737408014], "Sigma": [[0.010965560563679295, 0.0038451882670449723, -0.0052139246226561315], [0.0038451882670449723, 0.0021470318653755895, -0.003655041745589845], [-0.0052139246226561315, -0.0036550417455898454, 0.014277582045224965]], "chi2_level": 0.997, "chi2_df": 3, "chi2_threshold": 13.931422665512084, "N_raw": 46, "N_roi": 45, "N_inlier": 42, "refit": true}
{"timestamp": "17:46:04.447555", "frame": 7, "mu": [-0.5815618816594779, 0.45888493852235607, 1.4071198928878281], "Sigma": [[0.020227712618278836, 0.003279580078779193, -0.0222765350587689], [0.003279580078779193, 0.0018736800289224287, -0.006214111206760008], [-0.0222765350587689, -0.006214111206760008, 0.03741879852707014]], "chi2_level": 0.997, "chi2_df": 3, "chi2_threshold": 13.931422665512084, "N_raw": 96, "N_roi": 96, "N_inlier": 92, "refit": true}
{"timestamp": "17:46:04.499916", "frame": 8, "mu": [-0.5116171367676466, 0.5393194676942432, 1.2952751073937738], "Sigma": [[0.0022829243306652152, -0.000741078957875071, 0.00024690551854480525], [-0.0007410789578750712, 0.0017465637539185155, -0.0026325451117376374], [0.00024690551854480525, -0.0026325451117376374, 0.007426855667880121]], "chi2_level": 0.997, "chi2_df": 3, "chi2_threshold": 13.931422665512084, "N_raw": 66, "N_roi": 66, "N_inlier": 63, "refit": true}
{"timestamp": "17:46:04.556876", "frame": 9, "mu": [-0.49906621301593934, 0.5873436418311057, 1.2643778983808434], "Sigma": [[0.008347129756362408, -0.0011389616974587622, -0.00371952901519786], [-0.0011389616974587622, 0.0017516499406208428, -0.0029020805801113414], [-0.0037195290151978604, -0.0029020805801113414, 0.011689981482423272]], "chi2_level": 0.997, "chi2_df": 3, "chi2_threshold": 13.931422665512084, "N_raw": 90, "N_roi": 90, "N_inlier": 82, "refit": true}
{"timestamp": "17:46:04.612639", "frame": 10, "mu": [-0.5589004147904633, 0.7560735253057839, -0.492424342913082], "Sigma": [[0.030141869150862824, 0.012930483705055581, -0.030999416964175356], [0.012930483705055581, 0.010773754452455516, -0.01843574428757917], [-0.03099941696417536, -0.018435744287579166, 0.038371231419691024]], "chi2_level": 0.997, "chi2_df": 3, "chi2_threshold": 13.931422665512084, "N_raw": 89, "N_roi": 89, "N_inlier": 86, "refit": true}
{"timestamp": "17:46:04.658050", "frame": 11, "mu": [-0.7657687657790915, 0.6348374198689778, 1.3752481087378439], "Sigma": [[0.03151111870749146, 0.013198294283490751, -0.060269520368001525], [0.013198294283490748, 0.011401312344597812, -0.04762623945736984], [-0.06026952036800153, -0.04762623945736982, 0.2838828552848986]], "chi2_level": 0.997, "chi2_df": 3, "chi2_threshold": 13.931422665512084, "N_raw": 28, "N_roi": 28, "N_inlier": 27, "refit": true}
{"timestamp": "17:46:04.712058", "frame": 12, "mu": [-0.5510104266142287, 0.9211156178026613, -0.6660748968460839], "Sigma": [[0.002061129067081011, -0.0010543030225293455, 0.0026739900383449654], [-0.0010543030225293457, 0.008990991729709302, -0.020639556064224754], [0.0026739900383449646, -0.020639556064224754, 0.05151508415883452]], "chi2_level": 0.997, "chi2_df": 3, "chi2_threshold": 13.931422665512084, "N_raw": 24, "N_roi": 24, "N_inlier": 22, "refit": true}
{"timestamp": "17:46:04.773668", "frame": 13, "mu": [-0.5725028318272698, 0.8194260344672967, 1.2844259554324475], "Sigma": [[0.0031626492867467926, 0.0012306938218429443, -0.006965134285070457], [0.0012306938218429443, 0.0015519860156627296, -0.005636217805766935], [-0.006965134285070456, -0.005636217805766935, 0.029808008412181432]], "chi2_level": 0.997, "chi2_df": 3, "chi2_threshold": 13.931422665512084, "N_raw": 68, "N_roi": 68, "N_inlier": 67, "refit": true}
{"timestamp": "17:46:04.828465", "frame": 14, "mu": [-0.6791320563452964, 0.8242085752699274, 1.3239344630561927], "Sigma": [[0.04252208723498266, 0.013763782172203181, -0.06538296387146751], [0.013763782172203183, 0.005939336285944899, -0.020825380179130916], [-0.0653829638714675, -0.020825380179130916, 0.13384583633623037]], "chi2_level": 0.997, "chi2_df": 3, "chi2_threshold": 13.931422665512084, "N_raw": 60, "N_roi": 60, "N_inlier": 60, "refit": true}
{"timestamp": "17:46:04.885332", "frame": 15, "mu": [-0.6643873075512747, 1.1020058601912324, -0.2564724085971443], "Sigma": [[0.0036556061991112614, -0.000931778566187183, 0.0009336953417968467], [-0.0009317785661871829, 0.005238443212364815, -0.010177844420369626], [0.0009336953417968471, -0.010177844420369628, 0.05091437624389476]], "chi2_level": 0.997, "chi2_df": 3, "chi2_threshold": 13.931422665512084, "N_raw": 76, "N_roi": 75, "N_inlier": 72, "refit": true}
{"timestamp": "17:46:04.942348", "frame": 16, "mu": [-0.6349098108010076, 1.0084409473211757, 1.0602689565737409], "Sigma": [[0.015200010324258103, 0.005436727144280464, -0.025201107452074704], [0.005436727144280464, 0.00408787233590554, -0.015072558425419939], [-0.025201107452074704, -0.015072558425419939, 0.1224681460629704]], "chi2_level": 0.997, "chi2_df": 3, "chi2_threshold": 13.931422665512084, "N_raw": 85, "N_roi": 85, "N_inlier": 80, "refit": true}
{"timestamp": "17:46:04.995798", "frame": 17, "mu": [-0.5897012464371398, 1.3050618385661987, -0.5567463428748132], "Sigma": [[0.003960570606090819, -0.0012643965190282493, 0.002719899137208876], [-0.001264396519028249, 0.006516019415841811, -0.020207851233026715], [0.002719899137208876, -0.020207851233026715, 0.07566048523393314]], "chi2_level": 0.997, "chi2_df": 3, "chi2_threshold": 13.931422665512084, "N_raw": 76, "N_roi": 75, "N_inlier": 72, "refit": true}
{"timestamp": "17:46:05.052218", "frame": 18, "mu": [-0.6531064074387457, 1.187859364450996, 1.321350537538704], "Sigma": [[0.0054430967777520005, -0.0014080409516848526, -0.006440874503884166], [-0.0014080409516848522, 0.001720687966502449, -0.0014229280611462614], [-0.006440874503884166, -0.0014229280611462614, 0.03529316607279599]], "chi2_level": 0.997, "chi2_df": 3, "chi2_threshold": 13.931422665512084, "N_raw": 87, "N_roi": 87, "N_inlier": 81, "refit": true}
{"timestamp": "17:46:05.104479", "frame": 19, "mu": [-0.6682198162945041, 1.2428745633937466, 1.1980348725657721], "Sigma": [[0.004994577038656533, -0.0013184824101627498, -0.009520467863929568], [-0.00131848241016275, 0.003283139625883862, -0.008215067346871155], [-0.00952046786392957, -0.008215067346871155, 0.12936334092959006]], "chi2_level": 0.997, "chi2_df": 3, "chi2_threshold": 13.931422665512084, "N_raw": 66, "N_roi": 66, "N_inlier": 65, "refit": true}
{"timestamp": "17:46:05.160701", "frame": 20, "mu": [-0.6853674346695858, 1.3225219061947844, 1.1946349883267993], "Sigma": [[0.005153638864463962, 0.0007714365542985584, -0.01098483209484111], [0.0007714365542985586, 0.005645890349067585, -0.022795071127889727], [-0.01098483209484111, -0.022795071127889727, 0.11273900823746852]], "chi2_level": 0.997, "chi2_df": 3, "chi2_threshold": 13.931422665512084, "N_raw": 70, "N_roi": 70, "N_inlier": 67, "refit": true}
{"timestamp": "17:46:05.215138", "frame": 21, "mu": [-0.7144262207159181, 1.4090515370385985, 1.2788988775333499], "Sigma": [[0.006472713655850894, -0.002836620598020828, -0.00020996960758566836], [-0.002836620598020828, 0.006980789740814096, -0.00565181881315511], [-0.0002099696075856677, -0.005651818813155111, 0.10167441072835204]], "chi2_level": 0.997, "chi2_df": 3, "chi2_threshold": 13.931422665512084, "N_raw": 73, "N_roi": 73, "N_inlier": 71, "refit": true}
{"timestamp": "17:46:05.270915", "frame": 22, "mu": [-0.671947144270017, 1.4554914385639175, 1.2726434442130594], "Sigma": [[0.006542385097669579, -0.0006416768677262767, -0.0028780517065093423], [-0.0006416768677262767, 0.0029337789504477246, -0.004579988041890205], [-0.002878051706509342, -0.004579988041890205, 0.015166193832106096]], "chi2_level": 0.997, "chi2_df": 3, "chi2_threshold": 13.931422665512084, "N_raw": 82, "N_roi": 82, "N_inlier": 78, "refit": true}
{"timestamp": "17:46:05.321209", "frame": 23, "mu": [-0.7336776617670949, 1.7331014095165642, -0.6465650817616642], "Sigma": [[0.008198301513512765, -0.003650487913958726, 0.01188319893288529], [-0.003650487913958726, 0.017428404335371947, -0.031808027647678074], [0.01188319893288529, -0.03180802764767807, 0.08539068679019687]], "chi2_level": 0.997, "chi2_df": 3, "chi2_threshold": 13.931422665512084, "N_raw": 50, "N_roi": 50, "N_inlier": 49, "refit": true}
{"timestamp": "17:46:05.386561", "frame": 24, "mu": [-0.7237097103096513, 1.6220340459348899, 1.17501396231614], "Sigma": [[0.008083332217400605, 2.8804920813493276e-05, 0.004440724618967448], [2.8804920813493032e-05, 0.005106836366611348, -0.012017798818542156], [0.004440724618967447, -0.012017798818542156, 0.20763724904921338]], "chi2_level": 0.997, "chi2_df": 3, "chi2_threshold": 13.931422665512084, "N_raw": 114, "N_roi": 114, "N_inlier": 113, "refit": true}
{"timestamp": "17:46:05.438230", "frame": 25, "mu": [-0.7183018844018014, 1.6234724594170096, 1.155312100036425], "Sigma": [[0.008260796006927218, 0.004254541625160751, 0.007539559568672855], [0.004254541625160751, 0.013327121331956947, 0.027574684597720868], [0.007539559568672854, 0.027574684597720868, 0.14732446480261327]], "chi2_level": 0.997, "chi2_df": 3, "chi2_threshold": 13.931422665512084, "N_raw": 93, "N_roi": 93, "N_inlier": 91, "refit": true}
{"timestamp": "17:46:05.496664", "frame": 26, "mu": [-0.754729836597562, 1.7295428625815414, 1.022256331585397], "Sigma": [[0.00987541524785075, 0.0011391998928186018, 0.016242576795417442], [0.0011391998928186016, 0.006680283467671456, 0.010683144556752044], [0.016242576795417442, 0.010683144556752044, 0.20074042269831088]], "chi2_level": 0.997, "chi2_df": 3, "chi2_threshold": 13.931422665512084, "N_raw": 118, "N_roi": 118, "N_inlier": 113, "refit": true}
{"timestamp": "17:46:05.550182", "frame": 27, "mu": [-0.7908283570770797, 1.8076438831141926, 0.9109843866653755], "Sigma": [[0.015389781883007658, 0.005127231698433602, 0.04060968853658357], [0.005127231698433602, 0.004446616662267402, 0.019956211260060863], [0.04060968853658357, 0.019956211260060863, 0.2928098069745911]], "chi2_level": 0.997, "chi2_df": 3, "chi2_threshold": 13.931422665512084, "N_raw": 102, "N_roi": 102, "N_inlier": 101, "refit": true}
{"timestamp": "17:46:05.608601", "frame": 28, "mu": [-0.7371883286681905, 1.8741577159080747, 1.0174401600013503], "Sigma": [[0.013695533614702193, 0.006253967527930207, 0.020358437927669087], [0.006253967527930207, 0.008216010179557158, 0.01958761410289358], [0.020358437927669087, 0.01958761410289358, 0.1942641512047144]], "chi2_level": 0.997, "chi2_df": 3, "chi2_threshold": 13.931422665512084, "N_raw": 128, "N_roi": 128, "N_inlier": 127, "refit": true}
{"timestamp": "17:46:05.663547", "frame": 29, "mu": [-0.7615866572373206, 1.9577712896543893, 0.8408577669791647], "Sigma": [[0.020175933341026783, 0.0002848941036869446, 0.053787385134267784], [0.0002848941036869446, 0.003439129473326665, 0.005359134476377049], [0.053787385134267784, 0.005359134476377049, 0.34960897868887664]], "chi2_level": 0.997, "chi2_df": 3, "chi2_threshold": 13.931422665512084, "N_raw": 130, "N_roi": 130, "N_inlier": 130, "refit": true}
{"timestamp": "17:46:05.719417", "frame": 30, "mu": [-0.7924134991842524, 2.053451821918883, 0.9812083109965254], "Sigma": [[0.022197284778089004, -0.0017263515767292148, 0.03612048713344501], [-0.0017263515767292148, 0.0036509708537364885, -0.011016753421546292], [0.036120487133445005, -0.011016753421546292, 0.18255954734630403]], "chi2_level": 0.997, "chi2_df": 3, "chi2_threshold": 13.931422665512084, "N_raw": 133, "N_roi": 133, "N_inlier": 132, "refit": true}
{"timestamp": "17:46:05.775960", "frame": 31, "mu": [-0.7992613575948306, 2.1268631365650714, 0.9443735134291551], "Sigma": [[0.025115409439040746, -0.004513788227859413, 0.03461566059510271], [-0.004513788227859414, 0.0038917438563269777, -0.019741872830481434], [0.03461566059510271, -0.019741872830481434, 0.178400935109692]], "chi2_level": 0.997, "chi2_df": 3, "chi2_threshold": 13.931422665512084, "N_raw": 135, "N_roi": 135, "N_inlier": 134, "refit": true}
{"timestamp": "17:46:05.823450", "frame": 32, "mu": [-0.7520894942262839, 2.2450149229440672, -0.120121610481286], "Sigma": [[0.010949476683418365, 0.00040807755929698976, 0.046475979400726265], [0.00040807755929698987, 0.012216912062730264, -0.013945051401489387], [0.046475979400726265, -0.013945051401489389, 0.3482716186161859]], "chi2_level": 0.997, "chi2_df": 3, "chi2_threshold": 13.931422665512084, "N_raw": 88, "N_roi": 88, "N_inlier": 88, "refit": true}
{"timestamp": "17:46:05.874405", "frame": 33, "mu": [-0.757771921405459, 2.249182246571497, 1.275008655026839], "Sigma": [[0.008308673470589495, -0.0012255650872159875, -0.012711657546559282], [-0.0012255650872159878, 0.003698424514527175, -0.0022400821796407294], [-0.012711657546559282, -0.0022400821796407285, 0.03885636803930264]], "chi2_level": 0.997, "chi2_df": 3, "chi2_threshold": 13.931422665512084, "N_raw": 67, "N_roi": 67, "N_inlier": 62, "refit": true}
{"timestamp": "17:46:05.936314", "frame": 34, "mu": [-0.7580474656993673, 2.2366880845824944, 0.922248010458038], "Sigma": [[0.01017877186641797, -0.001925196886488187, -0.013883741640192696], [-0.0019251968864881872, 0.007227585146010776, 0.02604123260783211], [-0.013883741640192697, 0.02604123260783211, 0.23599499969274199]], "chi2_level": 0.997, "chi2_df": 3, "chi2_threshold": 13.931422665512084, "N_raw": 120, "N_roi": 120, "N_inlier": 119, "refit": true}
{"timestamp": "17:46:05.987530", "frame": 35, "mu": [-0.8077472983501074, 2.325301957957044, 1.027349839122995], "Sigma": [[0.010991920455712104, -0.003894658429999279, -0.026557710069331098], [-0.0038946584299992797, 0.011270841255148418, 0.04230752601508957], [-0.026557710069331095, 0.042307526015089574, 0.25205149229984636]], "chi2_level": 0.997, "chi2_df": 3, "chi2_threshold": 13.931422665512084, "N_raw": 83, "N_roi": 83, "N_inlier": 81, "refit": true}
{"timestamp": "17:46:06.045449", "frame": 36, "mu": [-0.8426585545579097, 2.2068821628926534, 0.5250247348836858], "Sigma": [[0.018405488159282578, 0.02791171706444741, 0.05414244228956219], [0.02791171706444741, 0.2133801991356626, 0.3154261054242458], [0.0541424422895622, 0.3154261054242458, 0.7196168617067707]], "chi2_level": 0.997, "chi2_df": 3, "chi2_threshold": 13.931422665512084, "N_raw": 114, "N_roi": 113, "N_inlier": 113, "refit": true}
{"timestamp": "17:46:06.093488", "frame": 37, "mu": [-0.8132749903557125, 2.4722838756636856, 0.7309407783735938], "Sigma": [[0.00909904898587872, -0.0038363711119168975, -0.013102578535069792], [-0.003836371111916898, 0.017345725672286837, 0.048350571278856024], [-0.01310257853506979, 0.048350571278856024, 0.254628621364087]], "chi2_level": 0.997, "chi2_df": 3, "chi2_threshold": 13.931422665512084, "N_raw": 62, "N_roi": 62, "N_inlier": 60, "refit": true}
{"timestamp": "17:46:06.152776", "frame": 38, "mu": [-0.8047713668114735, 2.5986264007920443, 1.045525052879649], "Sigma": [[0.014088586911291867, 0.0001122023854620233, -0.006273539233710652], [0.00011220238546202351, 0.0028624474991472337, -1.8090123244979663e-05], [-0.006273539233710653, -1.8090123244979446e-05, 0.09302705798552152]], "chi2_level": 0.997, "chi2_df": 3, "chi2_threshold": 13.931422665512084, "N_raw": 97, "N_roi": 97, "N_inlier": 94, "refit": true}
{"timestamp": "17:46:06.204553", "frame": 39, "mu": [-0.8152012143298344, 2.6781539888597643, 1.0350025663992113], "Sigma": [[0.017244463510611298, -0.0008926295540642328, -0.002492612673831923], [-0.0008926295540642329, 0.003081808733256697, -0.003283240272742707], [-0.0024926126738319225, -0.0032832402727427067, 0.00600806087815453]], "chi2_level": 0.997, "chi2_df": 3, "chi2_threshold": 13.931422665512084, "N_raw": 68, "N_roi": 66, "N_inlier": 63, "refit": true}
{"timestamp": "17:46:06.259857", "frame": 40, "mu": [-0.9399972209776766, 2.7466966861173936, 1.194331731710291], "Sigma": [[0.11056114087146307, 0.016469704712316482, 0.010516426778151323], [0.016469704712316482, 0.004468278033210366, -0.0004672381290440954], [0.010516426778151323, -0.0004672381290440954, 0.010960264404026381]], "chi2_level": 0.997, "chi2_df": 3, "chi2_threshold": 13.931422665512084, "N_raw": 74, "N_roi": 74, "N_inlier": 70, "refit": true}
{"timestamp": "17:46:06.315568", "frame": 41, "mu": [-0.9198471110834131, 2.8384140304012586, 0.9728950538647027], "Sigma": [[0.01661095201175976, 0.0005866019398790435, 0.0068365926189111435], [0.0005866019398790434, 0.0018706173790509404, -0.009767921615732207], [0.006836592618911144, -0.009767921615732207, 0.09067207499692022]], "chi2_level": 0.997, "chi2_df": 3, "chi2_threshold": 13.931422665512084, "N_raw": 79, "N_roi": 77, "N_inlier": 75, "refit": true}
{"timestamp": "17:46:06.371475", "frame": 42, "mu": [-0.8819747417905128, 2.9412987987299797, 1.1249934910851256], "Sigma": [[0.02059601357616568, -0.005175294769578453, 0.020647075948382734], [-0.005175294769578453, 0.008029519738252855, -0.027064996385631493], [0.020647075948382734, -0.027064996385631493, 0.14347203973200282]], "chi2_level": 0.997, "chi2_df": 3, "chi2_threshold": 13.931422665512084, "N_raw": 84, "N_roi": 84, "N_inlier": 82, "refit": true}
{"timestamp": "17:46:06.426709", "frame": 43, "mu": [-0.8889284658313297, 2.93901304777812, 0.730479957917302], "Sigma": [[0.016205791863721883, 0.0015336807732099882, 0.028845553133932576], [0.0015336807732099882, 0.0027444234394634497, 0.01249141714300758], [0.02884555313393258, 0.01249141714300758, 0.349041036934981]], "chi2_level": 0.997, "chi2_df": 3, "chi2_threshold": 13.931422665512084, "N_raw": 91, "N_roi": 91, "N_inlier": 90, "refit": true}
{"timestamp": "17:46:06.482341", "frame": 44, "mu": [-0.890291534065058, 2.98220075856141, 0.7223356825285349], "Sigma": [[0.017590513165769893, 0.0033609069984913186, 0.02630725652332001], [0.003360906998491318, 0.0027077430149935657, -0.0011691276492601748], [0.02630725652332001, -0.001169127649260175, 0.2165118708782691]], "chi2_level": 0.997, "chi2_df": 3, "chi2_threshold": 13.931422665512084, "N_raw": 86, "N_roi": 86, "N_inlier": 84, "refit": true}
{"timestamp": "17:46:06.535536", "frame": 45, "mu": [-0.8795041433673195, 3.059911320879937, 1.1762200211854887], "Sigma": [[0.016977050654634736, 0.001197832659028245, 0.0060810512759545115], [0.001197832659028245, 0.003996719288311253, -0.006108801184616389], [0.00608105127595451, -0.006108801184616388, 0.05673193072649831]], "chi2_level": 0.997, "chi2_df": 3, "chi2_threshold": 13.931422665512084, "N_raw": 74, "N_roi": 74, "N_inlier": 70, "refit": true}
{"timestamp": "17:46:06.588199", "frame": 46, "mu": [-0.9532294769404958, 3.1395735078833127, 1.0594827580436055], "Sigma": [[0.01652798426829704, -0.0005406996674139778, -0.025501871143203694], [-0.0005406996674139778, 0.002811572227157207, -0.001970567471087053], [-0.025501871143203694, -0.0019705674710870534, 0.1474107573704377]], "chi2_level": 0.997, "chi2_df": 3, "chi2_threshold": 13.931422665512084, "N_raw": 72, "N_roi": 72, "N_inlier": 70, "refit": true}
{"timestamp": "17:46:06.643824", "frame": 47, "mu": [-0.9887767516551075, 3.142102689766747, 0.9140058755068223], "Sigma": [[0.015997617659254643, 0.0014195335609136315, -0.0023339551152116184], [0.0014195335609136315, 0.0024741025399484867, 0.013810532142339491], [-0.0023339551152116193, 0.013810532142339491, 0.14512895609725787]], "chi2_level": 0.997, "chi2_df": 3, "chi2_threshold": 13.931422665512084, "N_raw": 63, "N_roi": 63, "N_inlier": 61, "refit": true}
{"timestamp": "17:46:06.698253", "frame": 48, "mu": [-0.9852287112121108, 3.2937997982164, 1.2376132046734776], "Sigma": [[0.02037198271402192, 0.00016967781581437766, 0.0034796817322836336], [0.00016967781581437772, 0.002241099333937396, -0.0034819459079416556], [0.0034796817322836336, -0.003481945907941655, 0.03072342627645933]], "chi2_level": 0.997, "chi2_df": 3, "chi2_threshold": 13.931422665512084, "N_raw": 64, "N_roi": 63, "N_inlier": 61, "refit": true}
{"timestamp": "17:46:06.750806", "frame": 49, "mu": [-0.9849356789048314, 3.3733836322726014, 1.2754795911970538], "Sigma": [[0.01506113801883468, -0.0006762450829420209, 0.007847448623939627], [-0.0006762450829420209, 0.0020403224338366313, -0.004356141149677693], [0.007847448623939627, -0.004356141149677693, 0.037946712903457025]], "chi2_level": 0.997, "chi2_df": 3, "chi2_threshold": 13.931422665512084, "N_raw": 50, "N_roi": 50, "N_inlier": 48, "refit": true}
{"timestamp": "17:46:06.809581", "frame": 50, "mu": [-0.9398438368352015, 3.437163585737124, 1.3049903434104086], "Sigma": [[0.019388696567968933, 0.000189811333416188, 0.0006132489989034832], [0.00018981133341618796, 0.004745349721310218, -0.0061510438066910075], [0.0006132489989034828, -0.006151043806691008, 0.036284109280533126]], "chi2_level": 0.997, "chi2_df": 3, "chi2_threshold": 13.931422665512084, "N_raw": 76, "N_roi": 76, "N_inlier": 74, "refit": true}
{"timestamp": "17:46:06.864269", "frame": 51, "mu": [-0.9230946597365203, 3.5083855875165217, 1.191438706146194], "Sigma": [[0.02197329844484007, 0.0015093156222938339, 0.003098546724313633], [0.0015093156222938339, 0.003093801300843835, -0.007801808261633139], [0.0030985467243136327, -0.007801808261633139, 0.03234706293161625]], "chi2_level": 0.997, "chi2_df": 3, "chi2_threshold": 13.931422665512084, "N_raw": 71, "N_roi": 71, "N_inlier": 69, "refit": true}
{"timestamp": "17:46:06.918512", "frame": 52, "mu": [-0.9286905848981484, 3.572828236879525, 1.2398895443339093], "Sigma": [[0.019466646590137, 0.00035274535785908894, -0.00348799372591838], [0.0003527453578590889, 0.004135020943671987, -0.009869361410469632], [-0.00348799372591838, -0.009869361410469632, 0.047290386137880405]], "chi2_level": 0.997, "chi2_df": 3, "chi2_threshold": 13.931422665512084, "N_raw": 59, "N_roi": 59, "N_inlier": 57, "refit": true}
{"timestamp": "17:46:06.972588", "frame": 53, "mu": [-0.9738206432082894, 3.6275226446759685, 1.116859125230929], "Sigma": [[0.025157241650922847, -0.0033424039241912807, -0.0029255287097586374], [-0.0033424039241912807, 0.0049773225443361544, -0.015983777953151503], [-0.0029255287097586383, -0.015983777953151503, 0.08969542149429499]], "chi2_level": 0.997, "chi2_df": 3, "chi2_threshold": 13.931422665512084, "N_raw": 64, "N_roi": 64, "N_inlier": 64, "refit": true}
{"timestamp": "17:46:07.028415", "frame": 54, "mu": [-0.9299189434797828, 3.684999211710483, 1.236633308554981], "Sigma": [[0.0175265723036716, -0.001053304306881523, 0.00047322889032804373], [-0.001053304306881523, 0.005453574799019876, -0.010706764608865712], [0.00047322889032804373, -0.010706764608865712, 0.07533653192925654]], "chi2_level": 0.997, "chi2_df": 3, "chi2_threshold": 13.931422665512084, "N_raw": 61, "N_roi": 61, "N_inlier": 60, "refit": true}
{"timestamp": "17:46:07.080521", "frame": 55, "mu": [-0.9403025972040887, 3.7400657786143743, 1.280447749981125], "Sigma": [[0.014842834990524913, 0.0008207844072683304, -0.005612345310388919], [0.0008207844072683304, 0.0031541530911626727, -0.0070699137334466824], [-0.00561234531038892, -0.0070699137334466824, 0.048610210020731695]], "chi2_level": 0.997, "chi2_df": 3, "chi2_threshold": 13.931422665512084, "N_raw": 40, "N_roi": 39, "N_inlier": 37, "refit": true}
{"timestamp": "17:46:07.132023", "frame": 56, "mu": [-1.0609957609365657, 3.7712485800086104, 0.15279000716393018], "Sigma": [[0.021178223266879653, 0.0023838256778871054, 0.029607452575997506], [0.002383825677887106, 0.00742014846447646, 0.008023028960253252], [0.029607452575997506, 0.008023028960253252, 0.26708802114175206]], "chi2_level": 0.997, "chi2_df": 3, "chi2_threshold": 13.931422665512084, "N_raw": 30, "N_roi": 30, "N_inlier": 30, "refit": true}
{"timestamp": "17:46:07.190942", "frame": 57, "mu": [-0.9183262106127139, 3.8375251005661672, 0.9082056028500564], "Sigma": [[0.012620389806933289, 0.0005943183406510188, -0.010444682037993487], [0.0005943183406510189, 0.0019913581846444208, 0.001606257843746447], [-0.010444682037993485, 0.001606257843746447, 0.13558370614978413]], "chi2_level": 0.997, "chi2_df": 3, "chi2_threshold": 13.931422665512084, "N_raw": 52, "N_roi": 52, "N_inlier": 51, "refit": true}
{"timestamp": "17:46:07.245031", "frame": 58, "mu": [-0.9649001946193057, 3.904054040365761, 1.2888501527982685], "Sigma": [[0.011927785911002547, 0.0023533624448850553, -0.013439172292439468], [0.0023533624448850553, 0.003499044827646043, -0.0026358559334385603], [-0.013439172292439468, -0.0026358559334385603, 0.06392180568675089]], "chi2_level": 0.997, "chi2_df": 3, "chi2_threshold": 13.931422665512084, "N_raw": 40, "N_roi": 40, "N_inlier": 39, "refit": true}
{"timestamp": "17:46:07.301037", "frame": 59, "mu": [-0.9464947514277804, 4.001502846599976, 1.1780781171290957], "Sigma": [[0.017471367525912173, 0.0005657932122210263, -0.025967220983875466], [0.0005657932122210262, 0.002647596453983031, -0.0030886457101489996], [-0.025967220983875466, -0.003088645710148999, 0.07991189344071842]], "chi2_level": 0.997, "chi2_df": 3, "chi2_threshold": 13.931422665512084, "N_raw": 51, "N_roi": 51, "N_inlier": 48, "refit": true}
{"timestamp": "17:46:07.355001", "frame": 60, "mu": [-0.9169228764543124, 4.006018373144376, 0.827876656930509], "Sigma": [[0.02403817749207801, -0.008409643937515136, -0.052045542002368265], [-0.008409643937515135, 0.006263046817744942, 0.030333766643167275], [-0.052045542002368265, 0.030333766643167275, 0.2090314059351484]], "chi2_level": 0.997, "chi2_df": 3, "chi2_threshold": 13.931422665512084, "N_raw": 44, "N_roi": 44, "N_inlier": 41, "refit": true}
{"timestamp": "17:46:07.464261", "frame": 62, "mu": [-0.9561989459980925, 4.2143026631430365, 1.3350134947874799], "Sigma": [[0.017158248101172103, 0.003249300384259939, -0.01386209489215905], [0.003249300384259939, 0.0029348036915501736, -0.007721550752313445], [-0.013862094892159052, -0.007721550752313446, 0.031191637744068103]], "chi2_level": 0.997, "chi2_df": 3, "chi2_threshold": 13.931422665512084, "N_raw": 41, "N_roi": 38, "N_inlier": 38, "refit": true}
{"timestamp": "17:46:07.517179", "frame": 63, "mu": [-0.9019905763284538, 4.311073429628495, 1.3389180356491537], "Sigma": [[0.021248703880047824, 0.0022879068693136464, 0.0016814101927867008], [0.0022879068693136464, 0.002098650361090828, -0.0012465944018637913], [0.0016814101927867013, -0.0012465944018637911, 0.005134813753509745]], "chi2_level": 0.997, "chi2_df": 3, "chi2_threshold": 13.931422665512084, "N_raw": 19, "N_roi": 19, "N_inlier": 19, "refit": true}
{"timestamp": "17:46:07.576493", "frame": 64, "mu": [-0.9239318653516236, 4.398635435944635, 0.3674091254829719], "Sigma": [[0.031046750320066704, 0.003319828447954274, -0.009407936543881844], [0.003319828447954274, 0.005771193664480367, -0.003650086262300003], [-0.009407936543881844, -0.003650086262300003, 0.006216089278424483]], "chi2_level": 0.997, "chi2_df": 3, "chi2_threshold": 13.931422665512084, "N_raw": 55, "N_roi": 55, "N_inlier": 52, "refit": true}
{"timestamp": "17:46:07.630823", "frame": 65, "mu": [-0.9299031833359814, 4.435588631741621, 0.41428037202928936], "Sigma": [[0.03259862099167956, 0.0044970949684593415, -0.01252881098732606], [0.0044970949684593415, 0.0043527705272295575, -0.0030274472722413856], [-0.01252881098732606, -0.0030274472722413856, 0.0063618979506663885]], "chi2_level": 0.997, "chi2_df": 3, "chi2_threshold": 13.931422665512084, "N_raw": 46, "N_roi": 46, "N_inlier": 43, "refit": true}
{"timestamp": "17:46:07.685326", "frame": 66, "mu": [-0.9875067386863008, 4.438305550588329, 1.0869812885658816], "Sigma": [[0.03035936067431802, 0.0016586655429241559, 0.00027529547376372145], [0.0016586655429241565, 0.004140810749462796, -0.011614487047165709], [0.000275295473763721, -0.01161448704716571, 0.038680208311685144]], "chi2_level": 0.997, "chi2_df": 3, "chi2_threshold": 13.931422665512084, "N_raw": 50, "N_roi": 49, "N_inlier": 48, "refit": true}
{"timestamp": "17:46:07.739583", "frame": 67, "mu": [-0.9971686755329296, 4.499842084055422, 1.1679547731992477], "Sigma": [[0.02157802096991824, 0.002618401419659295, 0.0021099869964018615], [0.002618401419659295, 0.002982210155448261, -0.005582295908711905], [0.0021099869964018615, -0.005582295908711905, 0.019431492485909137]], "chi2_level": 0.997, "chi2_df": 3, "chi2_threshold": 13.931422665512084, "N_raw": 40, "N_roi": 40, "N_inlier": 37, "refit": true}
{"timestamp": "17:46:07.791998", "frame": 68, "mu": [-1.038799239487324, 4.548989305008755, 1.173371014136527], "Sigma": [[0.012861973711079616, 0.0022648172202846388, -0.007138623242553838], [0.0022648172202846388, 0.0026368751670321922, -0.003547182051029935], [-0.007138623242553838, -0.0035471820510299345, 0.010173822168704562]], "chi2_level": 0.997, "chi2_df": 3, "chi2_threshold": 13.931422665512084, "N_raw": 26, "N_roi": 26, "N_inlier": 26, "refit": true}
{"timestamp": "17:46:07.848955", "frame": 69, "mu": [-1.0361447222078601, 4.599613151418065, 1.1070005687946818], "Sigma": [[0.01787441416462011, 0.0029672759625479625, 0.0022974298538043195], [0.0029672759625479625, 0.001267642654989576, -0.0038484591203352177], [0.002297429853804319, -0.0038484591203352173, 0.02818540618105143]], "chi2_level": 0.997, "chi2_df": 3, "chi2_threshold": 13.931422665512084, "N_raw": 35, "N_roi": 35, "N_inlier": 32, "refit": true}
{"timestamp": "17:46:07.900900", "frame": 70, "mu": [-1.09760962451537, 4.616894175571029, 0.7505334758033952], "Sigma": [[0.009527491910704152, -0.0002821321183120006, -0.005550601719085469], [-0.00028213211831200065, 0.0001997682287889036, -0.0004190251879458965], [-0.00555060171908547, -0.0004190251879458964, 0.05795656458339739]], "chi2_level": 0.997, "chi2_df": 3, "chi2_threshold": 13.931422665512084, "N_raw": 14, "N_roi": 14, "N_inlier": 12, "refit": true}
{"timestamp": "17:46:07.958991", "frame": 71, "mu": [-1.067379380466785, 4.711771918974922, 0.9729432525871543], "Sigma": [[0.020305588832152867, 0.002863426262697568, 0.010485661911366835], [0.0028634262626975686, 0.001047157814233511, -0.00019289256452400616], [0.010485661911366833, -0.00019289256452400616, 0.10056113177500599]], "chi2_level": 0.997, "chi2_df": 3, "chi2_threshold": 13.931422665512084, "N_raw": 43, "N_roi": 43, "N_inlier": 42, "refit": true}
{"timestamp": "17:46:08.013166", "frame": 72, "mu": [-1.0928206884836955, 4.786810853699112, 1.1151918737534485], "Sigma": [[0.022460266290149064, 0.002432987144225237, -0.004010725754414693], [0.002432987144225237, 0.0010395437037198608, -0.004038057146425232], [-0.004010725754414692, -0.004038057146425232, 0.0339329048617]], "chi2_level": 0.997, "chi2_df": 3, "chi2_threshold": 13.931422665512084, "N_raw": 34, "N_roi": 34, "N_inlier": 34, "refit": true}
{"timestamp": "17:46:08.069381", "frame": 73, "mu": [-1.0589710966873707, 4.838325668276785, 1.1205659901139648], "Sigma": [[0.03189110858511357, 0.0026360073023022233, 0.006780886983847368], [0.002636007302302223, 0.0013863057480076773, -0.004347035171449094], [0.006780886983847368, -0.004347035171449094, 0.049658942142228366]], "chi2_level": 0.997, "chi2_df": 3, "chi2_threshold": 13.931422665512084, "N_raw": 46, "N_roi": 46, "N_inlier": 46, "refit": true}
{"timestamp": "17:46:08.123653", "frame": 74, "mu": [-0.9781095385629776, 4.90500284016015, 1.2371778675064595], "Sigma": [[0.02357394268907634, 0.0017853329087432564, -0.005751386126358456], [0.0017853329087432564, 0.0019947641716591413, -0.003937110239154733], [-0.005751386126358456, -0.003937110239154733, 0.011356734156858764]], "chi2_level": 0.997, "chi2_df": 3, "chi2_threshold": 13.931422665512084, "N_raw": 34, "N_roi": 34, "N_inlier": 34, "refit": true}
{"timestamp": "17:46:08.175855", "frame": 75, "mu": [-0.9605497661841457, 4.967853115851347, 1.1634550845000202], "Sigma": [[0.013929687481462954, -0.001510776863620631, -0.004363062640393159], [-0.001510776863620631, 0.0006697609832965175, -0.0015561767712228196], [-0.004363062640393159, -0.0015561767712228196, 0.012803750855372905]], "chi2_level": 0.997, "chi2_df": 3, "chi2_threshold": 13.931422665512084, "N_raw": 18, "N_roi": 13, "N_inlier": 13, "refit": true}
{"timestamp": "17:46:08.231558", "frame": 76, "mu": [-0.9329845610557989, 4.976020429751702, 1.3004940536396155], "Sigma": [[0.026051326274210713, 0.0013964046135966609, -0.019667066795465513], [0.001396404613596661, 0.0004632785707904744, -0.0008160377842342782], [-0.01966706679546551, -0.0008160377842342781, 0.016013515540126727]], "chi2_level": 0.997, "chi2_df": 3, "chi2_threshold": 13.931422665512084, "N_raw": 26, "N_roi": 10, "N_inlier": 10, "refit": true}
{"timestamp": "17:46:08.290231", "frame": 77, "mu": [-0.9398179872638641, 4.980244245767336, 1.3327037131849733], "Sigma": [[0.011055593854359275, -9.618166328110797e-05, -0.008489022640942638], [-9.618166328110797e-05, 0.0003219273571333004, 2.9433599439986622e-05], [-0.008489022640942638, 2.9433599439986622e-05, 0.007678226151263357]], "chi2_level": 0.997, "chi2_df": 3, "chi2_threshold": 13.931422665512084, "N_raw": 42, "N_roi": 9, "N_inlier": 8, "refit": true}
