{"timestamp": "17:26:49.289722", "frame": 22, "mu": [-2.2237886321075706, 4.968111364040773, 1.1110536060731424], "Sigma": [[0.010625731995614535, -0.00023488995392931594, -0.00433080962307272], [-0.0002348899539293159, 0.00031483523625886286, -0.000191823934322258], [-0.00433080962307272, -0.00019182393432225803, 0.005685289278554041]], "chi2_level": 0.997, "chi2_df": 3, "chi2_threshold": 13.931422665512084, "N_raw": 40, "N_roi": 8, "N_inlier": 8, "refit": true}
{"timestamp": "17:26:49.506737", "frame": 26, "mu": [-2.1905438909300794, 4.968022550701425, 1.0453985440701792], "Sigma": [[0.007014267159466593, -0.0002801674634233361, -0.0021525633049527095], [-0.0002801674634233361, 0.0004546278265607992, -0.00010461919271618608], [-0.0021525633049527095, -0.00010461919271618602, 0.0008953937883000201]], "chi2_level": 0.997, "chi2_df": 3, "chi2_threshold": 13.931422665512084, "N_raw": 21, "N_roi": 7, "N_inlier": 7, "refit": true}
{"timestamp": "17:26:49.782730", "frame": 31, "mu": [-2.044900977201752, 4.967245892829791, 0.7976771641624958], "Sigma": [[0.024322505888223926, 0.0027583764313062406, -0.0006955495409086943], [0.0027583764313062406, 0.0009178479967528138, -0.0004771096106172302], [-0.0006955495409086937, -0.00047710961061723026, 0.00805762392294834]], "chi2_level": 0.997, "chi2_df": 3, "chi2_threshold": 13.931422665512084, "N_raw": 29, "N_roi": 10, "N_inlier": 10, "refit": true}
{"timestamp": "17:26:49.894506", "frame": 33, "mu": [-1.652264217126048, 4.9461224886716355, 0.376730571166806], "Sigma": [[0.024923885179650284, -0.00047023561835343465, -0.024419403164430545], [-0.0004702356183534347, 0.0015606290027257274, 0.0007369282785664299], [-0.024419403164430545, 0.00073692827856643, 0.025657594658308004]], "chi2_level": 0.997, "chi2_df": 3, "chi2_threshold": 13.931422665512084, "N_raw": 36, "N_roi": 23, "N_inlier": 22, "refit": true}
{"timestamp": "17:26:49.951192", "frame": 34, "mu": [-1.6623540264380203, 4.9439510365767685, 0.5902702128397311], "Sigma": [[0.02789038107250705, -0.0034030591268855636, -0.046443352961074415], [-0.0034030591268855636, 0.0014766432395778627, 0.0060634069994865356], [-0.046443352961074415, 0.0060634069994865356, 0.08523153998158499]], "chi2_level": 0.997, "chi2_df": 3, "chi2_threshold": 13.931422665512084, "N_raw": 44, "N_roi": 22, "N_inlier": 22, "refit": true}
{"timestamp": "17:26:50.003509", "frame": 35, "mu": [-1.7423766532265816, 4.9616574934990805, 0.7082666098132718], "Sigma": [[0.005125207813294261, -0.0013369594284163549, -0.0066511625603409156], [-0.0013369594284163549, 0.0018269594166942607, 0.0018046525933226045], [-0.0066511625603409156, 0.0018046525933226045, 0.009742882141622312]], "chi2_level": 0.997, "chi2_df": 3, "chi2_threshold": 13.931422665512084, "N_raw": 17, "N_roi": 7, "N_inlier": 7, "refit": true}
{"timestamp": "17:26:50.065194", "frame": 36, "mu": [-1.6610912499955026, 4.912154553458802, 0.5898994458852704], "Sigma": [[0.03298061757138027, 0.00043328905024486784, -0.027491534960961073], [0.00043328905024486773, 0.002632357081085593, -0.0011674706322446547], [-0.027491534960961073, -0.001167470632244655, 0.025082141567582393]], "chi2_level": 0.997, "chi2_df": 3, "chi2_threshold": 13.931422665512084, "N_raw": 59, "N_roi": 35, "N_inlier": 35, "refit": true}
{"timestamp": "17:26:50.118187", "frame": 37, "mu": [-1.613134146506898, 4.90472434363036, 0.5535648000898776], "Sigma": [[0.028213545205595335, 0.0005860257550806216, -0.017974731251335592], [0.0005860257550806217, 0.0028514870964661937, 0.0010334707149778797], [-0.017974731251335592, 0.0010334707149778802, 0.013756628483171671]], "chi2_level": 0.997, "chi2_df": 3, "chi2_threshold": 13.931422665512084, "N_raw": 51, "N_roi": 26, "N_inlier": 26, "refit": true}
{"timestamp": "17:26:50.170186", "frame": 38, "mu": [-1.5512278919545737, 4.84019465364103, 0.3898675362552447], "Sigma": [[0.016480240901331055, 0.0007141097643329277, -0.015059807596087871], [0.0007141097643329278, 0.0014595271056394106, -0.001276572477470061], [-0.01505980759608787, -0.001276572477470061, 0.021074788048215012]], "chi2_level": 0.997, "chi2_df": 3, "chi2_threshold": 13.931422665512084, "N_raw": 24, "N_roi": 22, "N_inlier": 21, "refit": true}
{"timestamp": "17:26:50.279773", "frame": 40, "mu": [-1.3258900132181128, 4.711678847883879, 0.2046354483039816], "Sigma": [[0.026627236411929767, 0.001591586359332333, -0.016250686569138043], [0.001591586359332333, 0.0015508631070677073, -0.00111767794847018], [-0.016250686569138043, -0.00111767794847018, 0.01338876277160662]], "chi2_level": 0.997, "chi2_df": 3, "chi2_threshold": 13.931422665512084, "N_raw": 28, "N_roi": 26, "N_inlier": 25, "refit": true}
{"timestamp": "17:26:50.333533", "frame": 41, "mu": [-1.3191163295101844, 4.7562842373369705, 0.46849472390186586], "Sigma": [[0.004734200742234752, 0.003164935235930636, -0.0005843770777311362], [0.003164935235930636, 0.0105474947707527, -6.298505177342463e-05], [-0.0005843770777311362, -6.298505177342463e-05, 0.0017233715616540538]], "chi2_level": 0.997, "chi2_df": 3, "chi2_threshold": 13.931422665512084, "N_raw": 15, "N_roi": 11, "N_inlier": 11, "refit": true}
{"timestamp": "17:26:50.390395", "frame": 42, "mu": [-1.4179890264711579, 4.6990972338069685, 0.6203391807020664], "Sigma": [[0.022149231025367137, 0.005209533604547503, -0.01356588846835344], [0.005209533604547504, 0.004588546676307476, -0.003997768660794562], [-0.01356588846835344, -0.003997768660794562, 0.010930301514905993]], "chi2_level": 0.997, "chi2_df": 3, "chi2_threshold": 13.931422665512084, "N_raw": 30, "N_roi": 26, "N_inlier": 26, "refit": true}
{"timestamp": "17:26:50.445049", "frame": 43, "mu": [-1.416836244887426, 4.635928458154193, 0.5497651967179451], "Sigma": [[0.018181062086659185, 0.005252834853197078, -0.009144416341343492], [0.005252834853197079, 0.006090945391696435, -0.004964098999606172], [-0.009144416341343494, -0.004964098999606172, 0.010852829199315796]], "chi2_level": 0.997, "chi2_df": 3, "chi2_threshold": 13.931422665512084, "N_raw": 28, "N_roi": 27, "N_inlier": 27, "refit": true}
{"timestamp": "17:26:50.501578", "frame": 44, "mu": [-1.3832715756083143, 4.5974720211446805, 0.6912374060159493], "Sigma": [[0.02449995859825207, 0.005747645538870279, -0.0034160586775139404], [0.005747645538870279, 0.004102733671577186, -0.0033374260118252327], [-0.003416058677513941, -0.0033374260118252327, 0.004779358788538851]], "chi2_level": 0.997, "chi2_df": 3, "chi2_threshold": 13.931422665512084, "N_raw": 37, "N_roi": 34, "N_inlier": 34, "refit": true}
{"timestamp": "17:26:50.556491", "frame": 45, "mu": [-1.3604848229093296, 4.558190188413271, 0.7709021847724697], "Sigma": [[0.02756441425727852, 0.005309573031619025, -0.02012971287326777], [0.005309573031619025, 0.004766939519690503, -0.006109036203722956], [-0.02012971287326777, -0.006109036203722957, 0.019391017976122117]], "chi2_level": 0.997, "chi2_df": 3, "chi2_threshold": 13.931422665512084, "N_raw": 44, "N_roi": 44, "N_inlier": 44, "refit": true}
{"timestamp": "17:26:50.608411", "frame": 46, "mu": [-1.22571482176278, 4.582229856500922, 0.8674062153740679], "Sigma": [[0.00910222781819456, 0.0011860864211754125, -0.006723272158239231], [0.001186086421175413, 0.004036761709055355, -0.005935310016760918], [-0.006723272158239231, -0.005935310016760918, 0.02923962724421479]], "chi2_level": 0.997, "chi2_df": 3, "chi2_threshold": 13.931422665512084, "N_raw": 18, "N_roi": 18, "N_inlier": 17, "refit": true}
{"timestamp": "17:26:50.720175", "frame": 48, "mu": [-0.9657345606991143, 4.548423282402403, 0.3587799742535145], "Sigma": [[0.02061074702141763, -0.001610476298925536, -0.0179509305606992], [-0.0016104762989255362, 0.0019916229693577882, 0.0005685941436169675], [-0.0179509305606992, 0.0005685941436169677, 0.02532980438049728]], "chi2_level": 0.997, "chi2_df": 3, "chi2_threshold": 13.931422665512084, "N_raw": 34, "N_roi": 34, "N_inlier": 32, "refit": true}
{"timestamp": "17:26:50.782129", "frame": 49, "mu": [-0.9808742352895276, 4.4763204616137875, 0.47720109488389073], "Sigma": [[0.03553248848637586, -0.0003291359317105045, -0.04764057689970065], [-0.00032913593171050474, 0.002323105860572004, -0.004360543930409023], [-0.04764057689970065, -0.004360543930409024, 0.12461346325518033]], "chi2_level": 0.997, "chi2_df": 3, "chi2_threshold": 13.931422665512084, "N_raw": 77, "N_roi": 75, "N_inlier": 74, "refit": true}
{"timestamp": "17:26:50.838645", "frame": 50, "mu": [-0.9810810264610054, 4.390884666237173, 0.5381974052677025], "Sigma": [[0.03845262193043618, 0.000567513545735036, -0.053433776982087226], [0.0005675135457350361, 0.0029177710672542052, -0.005912392482007383], [-0.053433776982087226, -0.005912392482007383, 0.12373531495614398]], "chi2_level": 0.997, "chi2_df": 3, "chi2_threshold": 13.931422665512084, "N_raw": 81, "N_roi": 81, "N_inlier": 80, "refit": true}
{"timestamp": "17:26:50.888756", "frame": 51, "mu": [-0.9445887188280647, 4.344586972336091, 0.6204794119565358], "Sigma": [[0.03312375005595321, 0.0038027571192585288, -0.03743553274529274], [0.0038027571192585288, 0.00216228611464112, -0.0032859410210890404], [-0.03743553274529274, -0.0032859410210890404, 0.09226326577214428]], "chi2_level": 0.997, "chi2_df": 3, "chi2_threshold": 13.931422665512084, "N_raw": 56, "N_roi": 54, "N_inlier": 54, "refit": true}
{"timestamp": "17:26:50.940703", "frame": 52, "mu": [-0.9421054078896329, 4.281197011568606, 0.5213102449776632], "Sigma": [[0.036257680580684216, 0.006879599313718546, -0.03849655230563473], [0.006879599313718546, 0.0029956732312263886, -0.008687920524598772], [-0.03849655230563473, -0.008687920524598772, 0.051377480234383474]], "chi2_level": 0.997, "chi2_df": 3, "chi2_threshold": 13.931422665512084, "N_raw": 36, "N_roi": 35, "N_inlier": 35, "refit": true}
{"timestamp": "17:26:51.106048", "frame": 55, "mu": [-0.8262983409950913, 4.200743814196824, 0.5866927994315502], "Sigma": [[0.02199000329566211, 0.0014352608994293837, -0.015357970366780757], [0.0014352608994293839, 0.003057032475267748, -0.002374190801847605], [-0.015357970366780759, -0.002374190801847605, 0.02443795672461096]], "chi2_level": 0.997, "chi2_df": 3, "chi2_threshold": 13.931422665512084, "N_raw": 44, "N_roi": 44, "N_inlier": 44, "refit": true}
{"timestamp": "17:26:51.162673", "frame": 56, "mu": [-0.8161580826319742, 4.17264346040234, 0.6523629234332655], "Sigma": [[0.020487037716858416, -0.001370239091996418, -0.01591460512142761], [-0.0013702390919964173, 0.003445684633377046, -0.0014658618952159857], [-0.015914605121427606, -0.0014658618952159861, 0.017059704719753835]], "chi2_level": 0.997, "chi2_df": 3, "chi2_threshold": 13.931422665512084, "N_raw": 45, "N_roi": 44, "N_inlier": 44, "refit": true}
{"timestamp": "17:26:51.219202", "frame": 57, "mu": [-0.7538174312110418, 4.153004604348417, 0.7976819512343721], "Sigma": [[0.03499976334675571, 0.0036772772226321207, -0.011379863905450623], [0.0036772772226321203, 0.004999156789603711, -0.0030137384452262185], [-0.011379863905450623, -0.0030137384452262185, 0.007676726765551602]], "chi2_level": 0.997, "chi2_df": 3, "chi2_threshold": 13.931422665512084, "N_raw": 62, "N_roi": 60, "N_inlier": 57, "refit": true}
{"timestamp": "17:26:51.276952", "frame": 58, "mu": [-0.6676424075337751, 4.12209091875562, 0.8089431607720315], "Sigma": [[0.03682969178980146, 0.004863879969222903, -0.015835150636412974], [0.004863879969222904, 0.004960633812652914, -0.007345000445614533], [-0.015835150636412977, -0.007345000445614531, 0.015820653570001703]], "chi2_level": 0.997, "chi2_df": 3, "chi2_threshold": 13.931422665512084, "N_raw": 71, "N_roi": 68, "N_inlier": 66, "refit": true}
{"timestamp": "17:26:51.327767", "frame": 59, "mu": [-0.6163018693857469, 4.059365740667564, 0.6305056311604115], "Sigma": [[0.025576155207727234, 0.004930768251848679, -0.004084729726684485], [0.0049307682518486785, 0.005826329836801241, -0.010474705182452805], [-0.004084729726684485, -0.010474705182452805, 0.03747930542661227]], "chi2_level": 0.997, "chi2_df": 3, "chi2_threshold": 13.931422665512084, "N_raw": 44, "N_roi": 40, "N_inlier": 39, "refit": true}
{"timestamp": "17:26:51.383775", "frame": 60, "mu": [-0.5619499736157769, 3.976950665717149, 0.5845059405647972], "Sigma": [[0.03086075409352653, 0.0004639272843434295, -0.0226673219223502], [0.0004639272843434295, 0.004043091702915725, -0.0014520526585591607], [-0.0226673219223502, -0.0014520526585591607, 0.01941451516477619]], "chi2_level": 0.997, "chi2_df": 3, "chi2_threshold": 13.931422665512084, "N_raw": 54, "N_roi": 49, "N_inlier": 49, "refit": true}
{"timestamp": "17:26:51.440491", "frame": 61, "mu": [-0.498662918644351, 3.9375395042878347, 0.5422952665293026], "Sigma": [[0.03311016377611361, 0.0018909014728060122, -0.01622251490483973], [0.0018909014728060124, 0.005252729842962165, -0.00207681153547339], [-0.01622251490483973, -0.00207681153547339, 0.01909471629883785]], "chi2_level": 0.997, "chi2_df": 3, "chi2_threshold": 13.931422665512084, "N_raw": 68, "N_roi": 63, "N_inlier": 62, "refit": true}
{"timestamp": "17:26:51.492824", "frame": 62, "mu": [-0.5013499138419911, 3.884495645544804, 0.540716433079408], "Sigma": [[0.025846384184456353, -0.003255414908724743, -0.014101535142010319], [-0.0032554149087247438, 0.002352279121624717, -0.0007503078175170447], [-0.014101535142010319, -0.0007503078175170448, 0.01591156540948306]], "chi2_level": 0.997, "chi2_df": 3, "chi2_threshold": 13.931422665512084, "N_raw": 46, "N_roi": 45, "N_inlier": 44, "refit": true}
{"timestamp": "17:26:51.550047", "frame": 63, "mu": [-0.37789348859105903, 3.84253839830517, 0.6935045095360349], "Sigma": [[0.028037259056621834, 0.0009291334607698432, -0.0124731492551605], [0.0009291334607698434, 0.00287677627774239, -0.004353259545861436], [-0.0124731492551605, -0.004353259545861436, 0.013898316360458502]], "chi2_level": 0.997, "chi2_df": 3, "chi2_threshold": 13.931422665512084, "N_raw": 61, "N_roi": 60, "N_inlier": 57, "refit": true}
{"timestamp": "17:26:51.608206", "frame": 64, "mu": [-0.2918877957940732, 3.8447274764581176, 0.712166175498483], "Sigma": [[0.03059526607452257, 0.008065898510208518, -0.00944972461032586], [0.00806589851020852, 0.011693108115210002, -0.0025028922099705614], [-0.00944972461032586, -0.002502892209970562, 0.00855373446675268]], "chi2_level": 0.997, "chi2_df": 3, "chi2_threshold": 13.931422665512084, "N_raw": 81, "N_roi": 81, "N_inlier": 78, "refit": true}
{"timestamp": "17:26:51.658086", "frame": 65, "mu": [-0.36561205348808773, 3.7316292175079746, 0.7106244667879543], "Sigma": [[0.019369066061831527, 0.00047535698211226783, -0.009406576692923245], [0.0004753569821122679, 0.004634705855665669, -0.0024366840810686836], [-0.009406576692923246, -0.0024366840810686836, 0.007419834283502639]], "chi2_level": 0.997, "chi2_df": 3, "chi2_threshold": 13.931422665512084, "N_raw": 46, "N_roi": 46, "N_inlier": 45, "refit": true}
{"timestamp": "17:26:51.715234", "frame": 66, "mu": [-0.29907373766296785, 3.7185001606026544, 0.821827466402505], "Sigma": [[0.02299807312828796, 0.0033510481008275795, 0.0017073149844332727], [0.0033510481008275795, 0.00643056137882632, -0.00303622493884881], [0.0017073149844332727, -0.00303622493884881, 0.005009604067487963]], "chi2_level": 0.997, "chi2_df": 3, "chi2_threshold": 13.931422665512084, "N_raw": 70, "N_roi": 69, "N_inlier": 66, "refit": true}
{"timestamp": "17:26:51.768739", "frame": 67, "mu": [-0.24812105761104572, 3.6269881218011455, 0.8062111338405066], "Sigma": [[0.019287579755050497, -0.00019978148660405068, -0.0037341989390208274], [-0.00019978148660405106, 0.006096137245939523, 0.0008198091544042144], [-0.0037341989390208266, 0.0008198091544042144, 0.002192158336453877]], "chi2_level": 0.997, "chi2_df": 3, "chi2_threshold": 13.931422665512084, "N_raw": 52, "N_roi": 52, "N_inlier": 52, "refit": true}
{"timestamp": "17:26:51.828641", "frame": 68, "mu": [-0.12789489970813145, 3.594893582280662, 0.6700028314140793], "Sigma": [[0.03636342820579874, 0.008923479376301568, -0.025147178506048567], [0.008923479376301568, 0.010419132288125478, -0.01048352385360034], [-0.02514717850604857, -0.01048352385360034, 0.024410968142761096]], "chi2_level": 0.997, "chi2_df": 3, "chi2_threshold": 13.931422665512084, "N_raw": 86, "N_roi": 86, "N_inlier": 82, "refit": true}
{"timestamp": "17:26:51.880925", "frame": 69, "mu": [-0.19588563871909753, 3.548090361199215, 0.8450233067095945], "Sigma": [[0.021127821854973642, -0.0008005574020490721, -0.015580120575201658], [-0.0008005574020490721, 0.006434305549453338, -0.005811967891630682], [-0.015580120575201658, -0.005811967891630682, 0.025256922582909923]], "chi2_level": 0.997, "chi2_df": 3, "chi2_threshold": 13.931422665512084, "N_raw": 67, "N_roi": 67, "N_inlier": 63, "refit": true}
{"timestamp": "17:26:51.938327", "frame": 70, "mu": [-0.08358536040662864, 3.7476874915724827, -0.18168308577780645], "Sigma": [[0.026251187583484246, 0.0077661213789086995, -0.018349957519178287], [0.0077661213789086995, 0.01201826333776304, -0.008965520474181293], [-0.018349957519178284, -0.008965520474181293, 0.015572612930896063]], "chi2_level": 0.997, "chi2_df": 3, "chi2_threshold": 13.931422665512084, "N_raw": 91, "N_roi": 91, "N_inlier": 87, "refit": true}
{"timestamp": "17:26:51.987293", "frame": 71, "mu": [-0.13314778478684935, 3.457220334757636, 0.9316914828264479], "Sigma": [[0.013946626852408649, -0.00033528378937715026, -0.008345109072273923], [-0.00033528378937715036, 0.004623681300198119, -0.0042270868867039756], [-0.008345109072273923, -0.004227086886703974, 0.018599422698623958]], "chi2_level": 0.997, "chi2_df": 3, "chi2_threshold": 13.931422665512084, "N_raw": 41, "N_roi": 41, "N_inlier": 38, "refit": true}
{"timestamp": "17:26:52.046042", "frame": 72, "mu": [0.028282080221447174, 3.447272092684287, 0.8036465225975935], "Sigma": [[0.018204796878501878, -0.0011924491925868622, -0.00852730975019518], [-0.001192449192586862, 0.006271875695785947, -0.001991807671907916], [-0.00852730975019518, -0.0019918076719079155, 0.006073925036753423]], "chi2_level": 0.997, "chi2_df": 3, "chi2_threshold": 13.931422665512084, "N_raw": 68, "N_roi": 65, "N_inlier": 64, "refit": true}
{"timestamp": "17:26:52.103310", "frame": 73, "mu": [0.04503692521015521, 3.5706095549515005, -0.06570133610468915], "Sigma": [[0.024118800601384258, -0.004408176192248771, 0.02746643620115591], [-0.004408176192248771, 0.015707922695362603, -0.037062244821327923], [0.02746643620115591, -0.037062244821327923, 0.16052720224485195]], "chi2_level": 0.997, "chi2_df": 3, "chi2_threshold": 13.931422665512084, "N_raw": 82, "N_roi": 79, "N_inlier": 78, "refit": true}
{"timestamp": "17:26:52.159937", "frame": 74, "mu": [0.1491664360503203, 3.370404715503576, 0.752929984991589], "Sigma": [[0.029034140681817065, 0.0003485197876711759, -0.029690456910342868], [0.00034851978767117594, 0.005517626024524285, -0.005210528695775979], [-0.029690456910342868, -0.005210528695775979, 0.04024594666294305]], "chi2_level": 0.997, "chi2_df": 3, "chi2_threshold": 13.931422665512084, "N_raw": 94, "N_roi": 91, "N_inlier": 91, "refit": true}
{"timestamp": "17:26:52.216395", "frame": 75, "mu": [0.16986566146321505, 3.345634734060065, 0.8818939457931777], "Sigma": [[0.02390496754875196, 0.0012744562802823522, -0.009691032095053061], [0.0012744562802823522, 0.006234800124300238, -0.0025695509526838184], [-0.009691032095053061, -0.0025695509526838184, 0.005924245331954068]], "chi2_level": 0.997, "chi2_df": 3, "chi2_threshold": 13.931422665512084, "N_raw": 77, "N_roi": 75, "N_inlier": 73, "refit": true}
{"timestamp": "17:26:52.266034", "frame": 76, "mu": [0.17641851057456062, 3.3088550755211275, 0.9649855993248162], "Sigma": [[0.018520784538063967, 0.0004953847344488724, -0.0017722210981492418], [0.0004953847344488726, 0.00279601013659673, -0.005639518655411537], [-0.0017722210981492422, -0.005639518655411537, 0.014736725576713414]], "chi2_level": 0.997, "chi2_df": 3, "chi2_threshold": 13.931422665512084, "N_raw": 70, "N_roi": 69, "N_inlier": 66, "refit": true}
{"timestamp": "17:26:52.315004", "frame": 77, "mu": [0.21451078620672773, 3.243231318472017, 0.7302595763733195], "Sigma": [[0.010881068603664631, -0.0009193552230340862, -0.01528953702994823], [-0.0009193552230340864, 0.0008837534316321224, -0.004012890904344261], [-0.015289537029948235, -0.004012890904344261, 0.14305268353129086]], "chi2_level": 0.997, "chi2_df": 3, "chi2_threshold": 13.931422665512084, "N_raw": 30, "N_roi": 30, "N_inlier": 29, "refit": true}
{"timestamp": "17:26:52.376271", "frame": 78, "mu": [0.3200742764224755, 3.1732397548655906, 0.755756193581563], "Sigma": [[0.022154540121498367, -0.0020799397677769313, 0.0016435946231518972], [-0.0020799397677769317, 0.0018796768884770914, -0.003411372313471696], [0.0016435946231518972, -0.003411372313471696, 0.024723823117845538]], "chi2_level": 0.997, "chi2_df": 3, "chi2_threshold": 13.931422665512084, "N_raw": 74, "N_roi": 74, "N_inlier": 70, "refit": true}
{"timestamp": "17:26:52.433120", "frame": 79, "mu": [0.3633733708154051, 3.174279152715982, 0.9327199450832822], "Sigma": [[0.02229183522431756, 0.0030334645842550433, -0.003650377702192991], [0.0030334645842550433, 0.003604517286697761, -0.006619282455040228], [-0.003650377702192991, -0.006619282455040228, 0.019564259820825516]], "chi2_level": 0.997, "chi2_df": 3, "chi2_threshold": 13.931422665512084, "N_raw": 83, "N_roi": 83, "N_inlier": 81, "refit": true}
{"timestamp": "17:26:52.487048", "frame": 80, "mu": [0.34764814799676386, 3.0851495370230415, 0.7549999725654202], "Sigma": [[0.020191386903189838, -0.0038495544380925777, -0.0052816566976772806], [-0.0038495544380925777, 0.0017066342982964664, -0.003082794886488778], [-0.00528165669767728, -0.003082794886488778, 0.030844331585866747]], "chi2_level": 0.997, "chi2_df": 3, "chi2_threshold": 13.931422665512084, "N_raw": 78, "N_roi": 78, "N_inlier": 75, "refit": true}
{"timestamp": "17:26:52.543272", "frame": 81, "mu": [0.5210983157141397, 3.0936964015612283, 0.8774463303083794], "Sigma": [[0.027792057501981507, 0.004586892174702067, -0.010789201198034722], [0.0045868921747020674, 0.0063251230411553476, -0.009691834553615076], [-0.010789201198034722, -0.009691834553615076, 0.022999343526263705]], "chi2_level": 0.997, "chi2_df": 3, "chi2_threshold": 13.931422665512084, "N_raw": 85, "N_roi": 82, "N_inlier": 81, "refit": true}
{"timestamp": "17:26:52.599644", "frame": 82, "mu": [0.5355623500952029, 3.097107356473265, -0.46009185129579155], "Sigma": [[0.030770446695247047, 0.005183361696034625, 0.10132869824479504], [0.005183361696034625, 0.011175991771371048, 0.002713655387687472], [0.10132869824479504, 0.002713655387687472, 0.48423524709388494]], "chi2_level": 0.997, "chi2_df": 3, "chi2_threshold": 13.931422665512084, "N_raw": 86, "N_roi": 86, "N_inlier": 84, "refit": true}
{"timestamp": "17:26:52.654837", "frame": 83, "mu": [0.6691567710539703, 2.9911291632975923, 0.8064599041998398], "Sigma": [[0.04722406867857977, 0.004102141612797213, -0.026345724449803293], [0.004102141612797212, 0.002542664639995371, -0.008661257318911021], [-0.026345724449803293, -0.008661257318911021, 0.042900049680705585]], "chi2_level": 0.997, "chi2_df": 3, "chi2_threshold": 13.931422665512084, "N_raw": 95, "N_roi": 95, "N_inlier": 91, "refit": true}
{"timestamp": "17:26:52.708096", "frame": 84, "mu": [0.6059250303898691, 2.911982873448653, 0.8870553623670435], "Sigma": [[0.017270521896244305, -0.0005391995113354929, 0.004737398437353504], [-0.0005391995113354929, 0.0032373223577066568, -0.007046629345286186], [0.004737398437353504, -0.007046629345286187, 0.029288169097045565]], "chi2_level": 0.997, "chi2_df": 3, "chi2_threshold": 13.931422665512084, "N_raw": 82, "N_roi": 81, "N_inlier": 79, "refit": true}
{"timestamp": "17:26:52.754914", "frame": 85, "mu": [0.6407031776818786, 2.8692091366750807, 1.1170860687189763], "Sigma": [[0.008143202978676012, 1.2120437532202755e-05, 0.004625318655491525], [1.2120437532202647e-05, 0.0012700781112380702, -0.0005946322599655529], [0.004625318655491525, -0.0005946322599655529, 0.012964729193231935]], "chi2_level": 0.997, "chi2_df": 3, "chi2_threshold": 13.931422665512084, "N_raw": 27, "N_roi": 27, "N_inlier": 25, "refit": true}
{"timestamp": "17:26:52.811524", "frame": 86, "mu": [0.7081598871811748, 2.8279746710103484, 1.1825280859527538], "Sigma": [[0.013009010572014023, -0.0007069496905790656, 0.0025193984755530778], [-0.0007069496905790655, 0.002355106398033739, -0.0010883065657893436], [0.0025193984755530778, -0.0010883065657893436, 0.0023143861629462774]], "chi2_level": 0.997, "chi2_df": 3, "chi2_threshold": 13.931422665512084, "N_raw": 41, "N_roi": 41, "N_inlier": 40, "refit": true}
{"timestamp": "17:26:52.871569", "frame": 87, "mu": [0.7740161479359895, 2.779163613949457, 1.0372749131037349], "Sigma": [[0.01263384793341822, -0.0013013513885149776, -0.0005986357793562257], [-0.0013013513885149774, 0.0032857846453022135, -0.007723973169126177], [-0.000598635779356226, -0.007723973169126177, 0.09270784539318166]], "chi2_level": 0.997, "chi2_df": 3, "chi2_threshold": 13.931422665512084, "N_raw": 71, "N_roi": 70, "N_inlier": 68, "refit": true}
{"timestamp": "17:26:52.923711", "frame": 88, "mu": [0.7652651074258269, 2.693388001061148, 0.9351565647268569], "Sigma": [[0.014570707442205495, 0.0013591820217348119, 0.0031440685861135317], [0.0013591820217348114, 0.005340964438557895, 0.00030403669760956987], [0.0031440685861135313, 0.00030403669760956987, 0.0013269533628595335]], "chi2_level": 0.997, "chi2_df": 3, "chi2_threshold": 13.931422665512084, "N_raw": 56, "N_roi": 55, "N_inlier": 51, "refit": true}
{"timestamp": "17:26:52.979606", "frame": 89, "mu": [0.8685104041901145, 2.5902249969394497, 0.799185189575991], "Sigma": [[0.014307517403024004, 0.004322495517917794, 0.017151028322576433], [0.004322495517917795, 0.010090219538735032, 0.008835323074254456], [0.01715102832257643, 0.008835323074254456, 0.048179547593134545]], "chi2_level": 0.997, "chi2_df": 3, "chi2_threshold": 13.931422665512084, "N_raw": 62, "N_roi": 61, "N_inlier": 58, "refit": true}
{"timestamp": "17:26:53.032665", "frame": 90, "mu": [0.8801811776582179, 2.5812934315876483, 0.9070566369660376], "Sigma": [[0.013304559463390745, -0.0044885665818894735, -0.0063426109426194775], [-0.004488566581889474, 0.006103400499000815, -0.00458396234957695], [-0.006342610942619477, -0.004583962349576951, 0.07571847857397623]], "chi2_level": 0.997, "chi2_df": 3, "chi2_threshold": 13.931422665512084, "N_raw": 47, "N_roi": 47, "N_inlier": 46, "refit": true}
{"timestamp": "17:26:53.086679", "frame": 91, "mu": [0.9366040667573092, 2.554296359960873, 0.9059518645591197], "Sigma": [[0.017752868515103975, -0.009592658583422495, -0.041228298758829524], [-0.009592658583422495, 0.007166680514747935, 0.022342317666176635], [-0.041228298758829524, 0.022342317666176635, 0.15444481488140768]], "chi2_level": 0.997, "chi2_df": 3, "chi2_threshold": 13.931422665512084, "N_raw": 40, "N_roi": 40, "N_inlier": 39, "refit": true}
{"timestamp": "17:26:53.144705", "frame": 92, "mu": [0.9602412152502292, 2.5417708430868453, 0.8436715823171542], "Sigma": [[0.012099801619445207, -0.0045057560389705036, -0.0033360625188176146], [-0.0045057560389705036, 0.00637665218053465, -0.00320015786705387], [-0.0033360625188176146, -0.00320015786705387, 0.042222226989860764]], "chi2_level": 0.997, "chi2_df": 3, "chi2_threshold": 13.931422665512084, "N_raw": 58, "N_roi": 58, "N_inlier": 55, "refit": true}
{"timestamp": "17:26:53.196606", "frame": 93, "mu": [1.0599732828403088, 2.4366228123774247, 0.8877005648560076], "Sigma": [[0.019625771993407003, -0.0009442548118202591, -0.02304952567354278], [-0.0009442548118202595, 0.004413277925850945, 0.01335410395551979], [-0.02304952567354278, 0.01335410395551979, 0.11963490777715478]], "chi2_level": 0.997, "chi2_df": 3, "chi2_threshold": 13.931422665512084, "N_raw": 38, "N_roi": 36, "N_inlier": 35, "refit": true}
{"timestamp": "17:26:53.251443", "frame": 94, "mu": [1.0516289850552178, 2.4318294456861245, 1.0897521576377969], "Sigma": [[0.01025649493172882, -0.003182203629730794, -0.0045146356102580745], [-0.003182203629730794, 0.0032251508621420196, -0.0012594646652535329], [-0.0045146356102580745, -0.0012594646652535329, 0.024285119901212956]], "chi2_level": 0.997, "chi2_df": 3, "chi2_threshold": 13.931422665512084, "N_raw": 42, "N_roi": 42, "N_inlier": 39, "refit": true}
{"timestamp": "17:26:53.305570", "frame": 95, "mu": [1.1808130615695016, 2.3890832436157385, 0.9649280951196973], "Sigma": [[0.012862017014816573, -0.006165061050957977, -0.019153876853047536], [-0.006165061050957975, 0.003946520358495405, 0.0075514553933652955], [-0.019153876853047536, 0.007551455393365297, 0.1389267282823553]], "chi2_level": 0.997, "chi2_df": 3, "chi2_threshold": 13.931422665512084, "N_raw": 35, "N_roi": 34, "N_inlier": 33, "refit": true}
{"timestamp": "17:26:53.362443", "frame": 96, "mu": [1.168937753904273, 2.3567875405895595, 1.0980223517025727], "Sigma": [[0.011426019079038277, -0.0046265463892864195, -0.0014654514904050495], [-0.0046265463892864195, 0.004364981747556257, -0.001170431111186535], [-0.0014654514904050497, -0.001170431111186535, 0.0056585739486825415]], "chi2_level": 0.997, "chi2_df": 3, "chi2_threshold": 13.931422665512084, "N_raw": 46, "N_roi": 46, "N_inlier": 43, "refit": true}
{"timestamp": "17:26:53.415601", "frame": 97, "mu": [1.227611616003967, 2.3229863452095465, 1.0765220046159187], "Sigma": [[0.007917342114561621, -0.003638617827551353, -0.0038509352604204914], [-0.003638617827551353, 0.008049229799351233, 0.030758901903627376], [-0.0038509352604204914, 0.030758901903627376, 0.265457461533621]], "chi2_level": 0.997, "chi2_df": 3, "chi2_threshold": 13.931422665512084, "N_raw": 30, "N_roi": 30, "N_inlier": 30, "refit": true}
{"timestamp": "17:26:53.469071", "frame": 98, "mu": [1.2342968092221058, 2.336750177651652, 1.2447279300781529], "Sigma": [[0.007426658025506111, -0.0033515506436471157, -0.001452311540782087], [-0.0033515506436471157, 0.00372803851259071, 0.0008066500812884837], [-0.0014523115407820873, 0.0008066500812884837, 0.0007526582663914954]], "chi2_level": 0.997, "chi2_df": 3, "chi2_threshold": 13.931422665512084, "N_raw": 27, "N_roi": 25, "N_inlier": 24, "refit": true}
{"timestamp": "17:26:53.530799", "frame": 99, "mu": [1.283494278097846, 2.2947009573583683, 1.0847253167088817], "Sigma": [[0.014087365860178456, -0.0043228393624888855, -0.0072102267314550356], [-0.0043228393624888855, 0.00498144699226285, -0.00144754117643981], [-0.007210226731455035, -0.0014475411764398104, 0.024277292613503747]], "chi2_level": 0.997, "chi2_df": 3, "chi2_threshold": 13.931422665512084, "N_raw": 71, "N_roi": 71, "N_inlier": 70, "refit": true}
{"timestamp": "17:26:53.677500", "frame": 100, "mu": [1.3170447752917618, 2.239504229710063, 1.0459568447078678], "Sigma": [[0.01187282337407706, -0.006390057352804129, -0.007949430142914667], [-0.006390057352804129, 0.005380790596104847, -0.001132779788717802], [-0.007949430142914667, -0.001132779788717802, 0.02502112467828561]], "chi2_level": 0.997, "chi2_df": 3, "chi2_threshold": 13.931422665512084, "N_raw": 66, "N_roi": 66, "N_inlier": 63, "refit": true}
{"timestamp": "17:26:53.698177", "frame": 101, "mu": [1.3645138443522145, 2.212030348049698, 1.0847665377741982], "Sigma": [[0.0024946770381533553, 0.0007073629786609173, -0.0007003994926008693], [0.0007073629786609173, 0.003765166012604538, 0.005732312956929105], [-0.0007003994926008693, 0.005732312956929105, 0.038284247412322274]], "chi2_level": 0.997, "chi2_df": 3, "chi2_threshold": 13.931422665512084, "N_raw": 11, "N_roi": 10, "N_inlier": 10, "refit": true}
{"timestamp": "17:26:53.730825", "frame": 102, "mu": [1.3814611154340766, 2.177779229742841, 1.0820026574809978], "Sigma": [[0.012466915437630057, -0.006594349249681078, -0.004200888020240153], [-0.006594349249681077, 0.005223087006193288, -0.0023444761764730877], [-0.004200888020240153, -0.0023444761764730877, 0.03445686234942071]], "chi2_level": 0.997, "chi2_df": 3, "chi2_threshold": 13.931422665512084, "N_raw": 67, "N_roi": 65, "N_inlier": 61, "refit": true}
{"timestamp": "17:26:53.756300", "frame": 103, "mu": [1.3881505700025965, 2.0947958904287063, 0.7766671877054401], "Sigma": [[0.017707741010093144, -0.008150875126787695, -0.058276247505725055], [-0.008150875126787695, 0.004648812836601524, 0.025307313819786504], [-0.05827624750572505, 0.025307313819786504, 0.23901781217417947]], "chi2_level": 0.997, "chi2_df": 3, "chi2_threshold": 13.931422665512084, "N_raw": 26, "N_roi": 26, "N_inlier": 25, "refit": true}
{"timestamp": "17:26:53.802440", "frame": 104, "mu": [1.4501007624551492, 2.091605540504062, 0.9958486451284135], "Sigma": [[0.010416077045865195, -0.0037308821180010803, -0.005681619034733184], [-0.0037308821180010807, 0.0045517145107782245, -0.000209555543935311], [-0.005681619034733185, -0.000209555543935311, 0.005521126027291738]], "chi2_level": 0.997, "chi2_df": 3, "chi2_threshold": 13.931422665512084, "N_raw": 46, "N_roi": 45, "N_inlier": 42, "refit": true}
{"timestamp": "17:26:53.853167", "frame": 105, "mu": [1.4740541280353532, 2.000281290243528, 0.8332661032265958], "Sigma": [[0.0072785863985164465, -0.003591541401802093, -0.023720857133376412], [-0.0035915414018020935, 0.005440986812998423, 0.02563716850639435], [-0.023720857133376412, 0.02563716850639435, 0.18180872845141421]], "chi2_level": 0.997, "chi2_df": 3, "chi2_threshold": 13.931422665512084, "N_raw": 14, "N_roi": 14, "N_inlier": 14, "refit": true}
{"timestamp": "17:26:53.907045", "frame": 106, "mu": [1.5221804244625223, 1.96579173902206, 0.9497151895784435], "Sigma": [[0.01201501876211916, -0.0021767952008029706, -0.02758930832316326], [-0.0021767952008029706, 0.0017633565779954614, 0.006304233581450531], [-0.02758930832316326, 0.006304233581450531, 0.06925035549659275]], "chi2_level": 0.997, "chi2_df": 3, "chi2_threshold": 13.931422665512084, "N_raw": 7, "N_roi": 7, "N_inlier": 7, "refit": true}
{"timestamp": "17:26:54.016781", "frame": 108, "mu": [1.5832621068392592, 1.908220956356773, 1.2360476675213237], "Sigma": [[0.004466104201353942, 0.00018295334492145893, 0.000383458095193793], [0.00018295334492145936, 0.002388038464240937, -0.00028778591915191976], [0.0003834580951937929, -0.00028778591915191987, 0.0005282474425890358]], "chi2_level": 0.997, "chi2_df": 3, "chi2_threshold": 13.931422665512084, "N_raw": 11, "N_roi": 11, "N_inlier": 11, "refit": true}
{"timestamp": "17:26:54.401716", "frame": 115, "mu": [1.6628507366544274, 1.536267244935377, 1.3222826696228593], "Sigma": [[0.20516521394926124, 0.19068208010502646, -0.06445482670479377], [0.19068208010502646, 0.18228892123310303, -0.059413416592268245], [-0.06445482670479377, -0.059413416592268245, 0.026065013624697004]], "chi2_level": 0.997, "chi2_df": 3, "chi2_threshold": 13.931422665512084, "N_raw": 7, "N_roi": 7, "N_inlier": 7, "refit": true}
{"timestamp": "17:26:54.566800", "frame": 118, "mu": [2.0362448429461306, 1.4604310175865018, 1.2376229185481944], "Sigma": [[0.0025685206993731873, -0.0002671477352907067, 0.0007204095859484683], [-0.00026714773529070665, 0.005735533097322129, -0.0006748398028878814], [0.0007204095859484683, -0.0006748398028878814, 0.0006834791073628193]], "chi2_level": 0.997, "chi2_df": 3, "chi2_threshold": 13.931422665512084, "N_raw": 15, "N_roi": 15, "N_inlier": 14, "refit": true}
