{"timestamp": "15:17:08.184787", "frame": 40, "mu": [-2.0902797796566235, 4.971246255479596, 0.8311116450531922], "Sigma": [[0.009454456904616422, -7.895876217817605e-05, 0.00011116313991916648], [-7.895876217817611e-05, 0.0005082009555710464, -0.00034400042665776555], [0.00011116313991916637, -0.0003440004266577656, 0.0005337790661390027]], "chi2_level": 0.997, "chi2_df": 3, "chi2_threshold": 13.931422665512084, "N_raw": 23, "N_roi": 7, "N_inlier": 7, "refit": true}
{"timestamp": "15:17:08.350018", "frame": 43, "mu": [-2.011397303745792, 4.8055393521523175, 0.36839707584095005], "Sigma": [[0.028624986263038242, 0.00686690332937624, -0.009492276717941263], [0.006866903329376242, 0.002040503579168319, -0.0033158530642732947], [-0.009492276717941265, -0.0033158530642732947, 0.01881273327940741]], "chi2_level": 0.997, "chi2_df": 3, "chi2_threshold": 13.931422665512084, "N_raw": 24, "N_roi": 24, "N_inlier": 24, "refit": true}
{"timestamp": "15:17:08.517960", "frame": 46, "mu": [-2.034768172577256, 4.706191474652687, 0.7270046454589056], "Sigma": [[0.03126005945850158, 0.009175754414269047, -0.004943668832834302], [0.009175754414269047, 0.004058194150761785, -0.004789131335926088], [-0.0049436688328343015, -0.004789131335926088, 0.014897016194411293]], "chi2_level": 0.997, "chi2_df": 3, "chi2_threshold": 13.931422665512084, "N_raw": 32, "N_roi": 32, "N_inlier": 32, "refit": true}
{"timestamp": "15:17:08.570351", "frame": 47, "mu": [-1.7336262164180396, 4.100203755323294, -0.014601604823142971], "Sigma": [[0.6184704368073937, -1.3487608891688896, 0.0067976663942672655], [-1.3487608891688896, 2.945821301664207, -0.014162499013377572], [0.0067976663942672585, -0.014162499013377572, 0.041207582466224024]], "chi2_level": 0.997, "chi2_df": 3, "chi2_threshold": 13.931422665512084, "N_raw": 8, "N_roi": 8, "N_inlier": 8, "refit": true}
{"timestamp": "15:17:08.682558", "frame": 49, "mu": [-1.9672026438158525, 4.60532718736831, 0.6985069684559461], "Sigma": [[0.028178610053534413, 0.006103948497122195, -0.012958186410088356], [0.006103948497122194, 0.002509613785407795, -0.005865883841097375], [-0.012958186410088357, -0.005865883841097375, 0.019276794235958405]], "chi2_level": 0.997, "chi2_df": 3, "chi2_threshold": 13.931422665512084, "N_raw": 33, "N_roi": 33, "N_inlier": 33, "refit": true}
{"timestamp": "15:17:08.737966", "frame": 50, "mu": [-2.068366198589738, 4.520753643565388, 0.5704024689246423], "Sigma": [[0.029728444282020094, 0.004327991292144057, -0.017181864176430445], [0.004327991292144057, 0.0027820025154567042, -0.004169038588407793], [-0.017181864176430445, -0.004169038588407793, 0.015085825513378046]], "chi2_level": 0.997, "chi2_df": 3, "chi2_threshold": 13.931422665512084, "N_raw": 36, "N_roi": 35, "N_inlier": 35, "refit": true}
{"timestamp": "15:17:08.794228", "frame": 51, "mu": [-2.107075361195625, 4.494841737762024, 0.8027953233930875], "Sigma": [[0.025710570321318793, 0.00372002953992047, -0.024865723966482005], [0.00372002953992047, 0.0027228544811514115, -0.007757585129875051], [-0.024865723966482005, -0.007757585129875051, 0.036505721338724303]], "chi2_level": 0.997, "chi2_df": 3, "chi2_threshold": 13.931422665512084, "N_raw": 39, "N_roi": 37, "N_inlier": 37, "refit": true}
{"timestamp": "15:17:08.958280", "frame": 54, "mu": [-1.9748853079195225, 4.319670386825819, 0.5789043873349861], "Sigma": [[0.021633795495442393, 0.0036602882172076462, -0.02167151508264402], [0.0036602882172076462, 0.0016039470275702116, -0.006935984298188267], [-0.02167151508264402, -0.006935984298188267, 0.05742310769553384]], "chi2_level": 0.997, "chi2_df": 3, "chi2_threshold": 13.931422665512084, "N_raw": 43, "N_roi": 43, "N_inlier": 43, "refit": true}
{"timestamp": "15:17:09.012243", "frame": 55, "mu": [-1.9389403474110638, 4.255125248050618, 0.5005537133453697], "Sigma": [[0.012308068501992295, 0.00029508687419569333, -0.006439478433382852], [0.0002950868741956933, 0.00131927929930534, -0.001825154564803755], [-0.006439478433382852, -0.001825154564803755, 0.008458857032208906]], "chi2_level": 0.997, "chi2_df": 3, "chi2_threshold": 13.931422665512084, "N_raw": 23, "N_roi": 20, "N_inlier": 19, "refit": true}
{"timestamp": "15:17:09.122436", "frame": 57, "mu": [-2.177067851915689, 4.16203049727987, 0.7538138555051465], "Sigma": [[0.03144699197441668, 0.006641929655954437, -0.007300311959379887], [0.006641929655954436, 0.0029680623247671295, -0.004218441733928569], [-0.007300311959379886, -0.004218441733928569, 0.009686114276170358]], "chi2_level": 0.997, "chi2_df": 3, "chi2_threshold": 13.931422665512084, "N_raw": 34, "N_roi": 34, "N_inlier": 34, "refit": true}
{"timestamp": "15:17:09.175824", "frame": 58, "mu": [-2.124525778366435, 4.150005202837484, 0.7444054098207902], "Sigma": [[0.01754148788624897, 0.00168490546410277, -0.008768119663732912], [0.00168490546410277, 0.0013567256383079371, -0.0021908325672791618], [-0.008768119663732914, -0.0021908325672791613, 0.009290362804489692]], "chi2_level": 0.997, "chi2_df": 3, "chi2_threshold": 13.931422665512084, "N_raw": 19, "N_roi": 19, "N_inlier": 19, "refit": true}
{"timestamp": "15:17:09.231833", "frame": 59, "mu": [-2.0401458696209525, 4.073709421079654, 0.8024944187438724], "Sigma": [[0.020496229687168514, 0.00620464048006387, -0.00845213268791589], [0.00620464048006387, 0.0033542936458007284, -0.004692086134330248], [-0.008452132687915892, -0.004692086134330248, 0.010816106656620743]], "chi2_level": 0.997, "chi2_df": 3, "chi2_threshold": 13.931422665512084, "N_raw": 26, "N_roi": 26, "N_inlier": 25, "refit": true}
{"timestamp": "15:17:09.286976", "frame": 60, "mu": [-2.0518185434153304, 4.046215499830401, 0.5841468621383269], "Sigma": [[0.018972024637699515, 0.0018908355844058035, -0.00866105001861251], [0.0018908355844058037, 0.0017280220650597287, -0.002261872936105185], [-0.00866105001861251, -0.002261872936105185, 0.008963802010181314]], "chi2_level": 0.997, "chi2_df": 3, "chi2_threshold": 13.931422665512084, "N_raw": 24, "N_roi": 24, "N_inlier": 23, "refit": true}
{"timestamp": "15:17:09.341840", "frame": 61, "mu": [-1.9390205276304975, 3.994222200032063, 0.8490114237236828], "Sigma": [[0.015084275840820604, 0.0017212202136883488, -0.013185510070781937], [0.0017212202136883488, 0.0014152523530484827, -0.0037884314205480904], [-0.013185510070781937, -0.0037884314205480904, 0.02058832231057595]], "chi2_level": 0.997, "chi2_df": 3, "chi2_threshold": 13.931422665512084, "N_raw": 23, "N_roi": 23, "N_inlier": 23, "refit": true}
{"timestamp": "15:17:09.397367", "frame": 62, "mu": [-1.9798609233758997, 3.9754878546382013, 0.6227000047693311], "Sigma": [[0.022015659153825504, 0.0013849017293337666, -0.006769386888242397], [0.0013849017293337666, 0.001683518467025064, -0.003097504958898935], [-0.006769386888242397, -0.0030975049588989343, 0.010662820164383389]], "chi2_level": 0.997, "chi2_df": 3, "chi2_threshold": 13.931422665512084, "N_raw": 28, "N_roi": 28, "N_inlier": 28, "refit": true}
{"timestamp": "15:17:09.453852", "frame": 63, "mu": [-1.897721347959166, 3.9014194578102326, 0.7044977099271644], "Sigma": [[0.02543654684216557, 0.004791987225883894, -0.0019974753494659795], [0.004791987225883894, 0.00311503480192109, -0.003310412082134965], [-0.0019974753494659795, -0.003310412082134965, 0.009809873451661238]], "chi2_level": 0.997, "chi2_df": 3, "chi2_threshold": 13.931422665512084, "N_raw": 44, "N_roi": 44, "N_inlier": 44, "refit": true}
{"timestamp": "15:17:09.511042", "frame": 64, "mu": [-1.9419134996938736, 3.875266334232564, 0.7751208396789006], "Sigma": [[0.030789153601128175, 0.005978808952451951, -0.01180463975529233], [0.00597880895245195, 0.0029052591755306103, -0.006316655694136903], [-0.01180463975529233, -0.006316655694136903, 0.02024789849593122]], "chi2_level": 0.997, "chi2_df": 3, "chi2_threshold": 13.931422665512084, "N_raw": 52, "N_roi": 50, "N_inlier": 50, "refit": true}
{"timestamp": "15:17:09.567323", "frame": 65, "mu": [-1.9633327897152022, 3.7898747716907866, 0.6655123972965343], "Sigma": [[0.027815201700157176, 0.006421481766423152, -0.0087295797118942], [0.00642148176642315, 0.0030429593905436335, 0.0013540734544090682], [-0.0087295797118942, 0.0013540734544090684, 0.10056870955434828]], "chi2_level": 0.997, "chi2_df": 3, "chi2_threshold": 13.931422665512084, "N_raw": 64, "N_roi": 64, "N_inlier": 64, "refit": true}
{"timestamp": "15:17:09.615462", "frame": 66, "mu": [-1.9087396469559383, 3.7266797868426433, 0.6045764029475075], "Sigma": [[0.00886377616424723, -0.0014778114216691116, 0.009698744305207143], [-0.0014778114216691116, 0.0021546212061515626, -0.003032157618442271], [0.009698744305207143, -0.0030321576184422715, 0.03954327946969078]], "chi2_level": 0.997, "chi2_df": 3, "chi2_threshold": 13.931422665512084, "N_raw": 8, "N_roi": 7, "N_inlier": 7, "refit": true}
{"timestamp": "15:17:09.669655", "frame": 67, "mu": [-2.0118412346169583, 3.6877289041241186, 0.8152149261096615], "Sigma": [[0.009327355286967043, 0.00195221513864238, -0.003111406031129375], [0.00195221513864238, 0.0010675544869913395, -0.0027190726757347285], [-0.0031114060311293744, -0.0027190726757347285, 0.014374560414502012]], "chi2_level": 0.997, "chi2_df": 3, "chi2_threshold": 13.931422665512084, "N_raw": 14, "N_roi": 12, "N_inlier": 12, "refit": true}
{"timestamp": "15:17:09.782769", "frame": 69, "mu": [-1.9294444025275048, 3.597672803811055, 0.6964137655412816], "Sigma": [[0.01566360680794027, 0.004479451494428653, -0.007468691888261781], [0.004479451494428653, 0.002455406751147326, -0.005021763577828547], [-0.007468691888261783, -0.005021763577828547, 0.019202980057678044]], "chi2_level": 0.997, "chi2_df": 3, "chi2_threshold": 13.931422665512084, "N_raw": 32, "N_roi": 32, "N_inlier": 31, "refit": true}
{"timestamp": "15:17:09.836926", "frame": 70, "mu": [-1.915587342283556, 3.568968647753657, 0.8431983740796676], "Sigma": [[0.013117811123432315, 0.002714037915773, -0.010253574015820796], [0.002714037915773, 0.0011554023661494467, -0.004259779212863935], [-0.010253574015820794, -0.004259779212863934, 0.026552649793200194]], "chi2_level": 0.997, "chi2_df": 3, "chi2_threshold": 13.931422665512084, "N_raw": 25, "N_roi": 24, "N_inlier": 23, "refit": true}
{"timestamp": "15:17:09.892579", "frame": 71, "mu": [-1.9526505412862765, 3.514644053137567, 0.91091180162182], "Sigma": [[0.015492392828680713, 0.004129308444447224, -0.01665993003685133], [0.004129308444447224, 0.002189411516862302, -0.007482121789598328], [-0.01665993003685133, -0.007482121789598328, 0.04274297113268096]], "chi2_level": 0.997, "chi2_df": 3, "chi2_threshold": 13.931422665512084, "N_raw": 34, "N_roi": 34, "N_inlier": 32, "refit": true}
{"timestamp": "15:17:09.949634", "frame": 72, "mu": [-2.003945814037319, 3.433439597408449, 0.8883530725007528], "Sigma": [[0.01951247161753045, 0.0037339956210029777, -0.014576857096378706], [0.0037339956210029777, 0.0027105459023330017, -0.007603477508056919], [-0.014576857096378706, -0.007603477508056919, 0.02820104455369704]], "chi2_level": 0.997, "chi2_df": 3, "chi2_threshold": 13.931422665512084, "N_raw": 46, "N_roi": 46, "N_inlier": 45, "refit": true}
{"timestamp": "15:17:10.001894", "frame": 73, "mu": [-1.9446727649808417, 3.3563396317297975, 0.6630986240943267], "Sigma": [[0.01228975825130176, 0.0012530052412802267, -0.015127170878823492], [0.0012530052412802264, 0.0016590830322779024, -0.0038637093319419205], [-0.015127170878823492, -0.0038637093319419205, 0.025587919678410894]], "chi2_level": 0.997, "chi2_df": 3, "chi2_threshold": 13.931422665512084, "N_raw": 28, "N_roi": 28, "N_inlier": 27, "refit": true}
{"timestamp": "15:17:10.058939", "frame": 74, "mu": [-1.9823443874489053, 3.3480411579227893, 0.9794758191728814], "Sigma": [[0.014524015077473454, 0.0031223585540238914, -0.015625716545642113], [0.0031223585540238914, 0.0021758793392893227, -0.008879176828932363], [-0.015625716545642113, -0.008879176828932363, 0.0474575041730544]], "chi2_level": 0.997, "chi2_df": 3, "chi2_threshold": 13.931422665512084, "N_raw": 42, "N_roi": 42, "N_inlier": 42, "refit": true}
{"timestamp": "15:17:10.113356", "frame": 75, "mu": [-1.9515903302602946, 3.305689097023538, 1.0130043099892627], "Sigma": [[0.012232367280251382, 0.0042938819373308824, -0.0027499698336368402], [0.004293881937330883, 0.0028355414495070375, -0.004535493796618148], [-0.0027499698336368407, -0.004535493796618148, 0.021795900355590838]], "chi2_level": 0.997, "chi2_df": 3, "chi2_threshold": 13.931422665512084, "N_raw": 24, "N_roi": 24, "N_inlier": 24, "refit": true}
{"timestamp": "15:17:10.164948", "frame": 76, "mu": [-2.0084972443857145, 3.2162702076584053, 0.7586421923497705], "Sigma": [[0.008967962335757482, 0.0030754531633079406, -0.007173299938198341], [0.0030754531633079406, 0.0011644876279355014, -0.002284407395155518], [-0.007173299938198341, -0.002284407395155518, 0.022708660677348728]], "chi2_level": 0.997, "chi2_df": 3, "chi2_threshold": 13.931422665512084, "N_raw": 13, "N_roi": 13, "N_inlier": 12, "refit": true}
{"timestamp": "15:17:10.221229", "frame": 77, "mu": [-1.9417988629163507, 3.177373610479713, 0.905208720335364], "Sigma": [[0.00935239285091883, 0.0018711617915091372, -0.006958885704873786], [0.0018711617915091374, 0.0020614415041095174, -0.007264160990619782], [-0.006958885704873786, -0.007264160990619781, 0.029015913053037228]], "chi2_level": 0.997, "chi2_df": 3, "chi2_threshold": 13.931422665512084, "N_raw": 18, "N_roi": 18, "N_inlier": 18, "refit": true}
{"timestamp": "15:17:10.274767", "frame": 78, "mu": [-1.94893900154122, 3.1336322232734144, 0.9902075690866998], "Sigma": [[0.007294855770470056, 0.002686737460044768, 0.0017117928286274346], [0.002686737460044768, 0.0016909751403924847, -0.0015688310425780354], [0.0017117928286274346, -0.0015688310425780352, 0.018647818566622756]], "chi2_level": 0.997, "chi2_df": 3, "chi2_threshold": 13.931422665512084, "N_raw": 16, "N_roi": 16, "N_inlier": 16, "refit": true}
{"timestamp": "15:17:10.333361", "frame": 79, "mu": [-2.007078088786972, 3.0302479219792944, 0.9451433293765129], "Sigma": [[0.016224756356836414, 0.0033266978163734653, -0.003528118234284214], [0.0033266978163734653, 0.0021505366128010653, -0.003181691892334952], [-0.003528118234284214, -0.003181691892334952, 0.00782445627521897]], "chi2_level": 0.997, "chi2_df": 3, "chi2_threshold": 13.931422665512084, "N_raw": 30, "N_roi": 30, "N_inlier": 29, "refit": true}
{"timestamp": "15:17:10.387999", "frame": 80, "mu": [-1.9615929103171221, 2.9899818754095535, 0.9346098170309597], "Sigma": [[0.01167477607173118, 0.003146094843281067, -0.005985765689369273], [0.003146094843281067, 0.0024970191507382167, -0.0040019867500031975], [-0.005985765689369274, -0.0040019867500031975, 0.01048155316196455]], "chi2_level": 0.997, "chi2_df": 3, "chi2_threshold": 13.931422665512084, "N_raw": 31, "N_roi": 31, "N_inlier": 30, "refit": true}
{"timestamp": "15:17:10.442092", "frame": 81, "mu": [-2.0199027127401545, 2.9234201004003633, 0.8794117688122093], "Sigma": [[0.01005122355240541, 0.0013715126831377814, -0.006199224798626982], [0.0013715126831377817, 0.002837289763214479, -0.003009821628272809], [-0.006199224798626981, -0.003009821628272809, 0.007143742061476969]], "chi2_level": 0.997, "chi2_df": 3, "chi2_threshold": 13.931422665512084, "N_raw": 29, "N_roi": 29, "N_inlier": 28, "refit": true}
{"timestamp": "15:17:10.494620", "frame": 82, "mu": [-2.0067150640390747, 2.9496929181926097, 0.8846080105464146], "Sigma": [[0.003595653764656953, -0.0019807399891824565, 0.007229805651413797], [-0.0019807399891824565, 0.001550990415968515, -0.005823290453703474], [0.007229805651413797, -0.005823290453703474, 0.033302057156772626]], "chi2_level": 0.997, "chi2_df": 3, "chi2_threshold": 13.931422665512084, "N_raw": 10, "N_roi": 10, "N_inlier": 10, "refit": true}
{"timestamp": "15:17:10.554408", "frame": 83, "mu": [-2.0051756822340594, 2.8666907358806144, 0.7418854905632581], "Sigma": [[0.016512011167960382, 0.0029541104702096154, -0.013360838347256909], [0.0029541104702096145, 0.0016423519607641963, -0.005396922112793516], [-0.01336083834725691, -0.005396922112793516, 0.023765569301382898]], "chi2_level": 0.997, "chi2_df": 3, "chi2_threshold": 13.931422665512084, "N_raw": 40, "N_roi": 40, "N_inlier": 39, "refit": true}
{"timestamp": "15:17:10.608611", "frame": 84, "mu": [-1.9307469275567337, 2.86042367145312, 0.9063348959761355], "Sigma": [[0.01939257499583062, 0.0009514522473649078, 0.0027402599176242354], [0.000951452247364908, 0.0015920172649230094, -0.003562055903229116], [0.0027402599176242354, -0.003562055903229116, 0.016644036660866744]], "chi2_level": 0.997, "chi2_df": 3, "chi2_threshold": 13.931422665512084, "N_raw": 31, "N_roi": 31, "N_inlier": 31, "refit": true}
{"timestamp": "15:17:10.664547", "frame": 85, "mu": [-2.060382234889047, 2.710451545743574, 0.7867899205822007], "Sigma": [[0.026423595386490327, 0.008632307759930506, 0.011739540514729379], [0.008632307759930506, 0.004723113513196735, 0.006898893828798512], [0.011739540514729382, 0.006898893828798514, 0.06291835252955422]], "chi2_level": 0.997, "chi2_df": 3, "chi2_threshold": 13.931422665512084, "N_raw": 46, "N_roi": 46, "N_inlier": 46, "refit": true}
{"timestamp": "15:17:10.769655", "frame": 87, "mu": [-2.0021121889333915, 2.6281700710882427, 0.7221935222674742], "Sigma": [[0.017179062974322177, 0.005179070342856414, 0.013776479809175558], [0.005179070342856414, 0.00533527893102565, 0.00333687470034941], [0.013776479809175558, 0.00333687470034941, 0.027404202836954585]], "chi2_level": 0.997, "chi2_df": 3, "chi2_threshold": 13.931422665512084, "N_raw": 17, "N_roi": 17, "N_inlier": 16, "refit": true}
{"timestamp": "15:17:10.831619", "frame": 88, "mu": [-1.9259847904925478, 2.592226686677137, 0.8980640082387451], "Sigma": [[0.016261499490725962, 0.00270087577196188, 0.002728417120561555], [0.0027008757719618804, 0.0041162484507626445, -0.00018263362947914088], [0.0027284171205615554, -0.00018263362947914055, 0.03411957359641911]], "chi2_level": 0.997, "chi2_df": 3, "chi2_threshold": 13.931422665512084, "N_raw": 59, "N_roi": 59, "N_inlier": 57, "refit": true}
{"timestamp": "15:17:10.885376", "frame": 89, "mu": [-1.9625195634142039, 2.5338927253830077, 0.8897436639059934], "Sigma": [[0.01878959444525201, 0.006840980625987309, 0.003768166314375596], [0.00684098062598731, 0.004300680249967341, -0.0017610470602516983], [0.0037681663143755966, -0.0017610470602516981, 0.012709728872404317]], "chi2_level": 0.997, "chi2_df": 3, "chi2_threshold": 13.931422665512084, "N_raw": 49, "N_roi": 49, "N_inlier": 49, "refit": true}
{"timestamp": "15:17:10.939291", "frame": 90, "mu": [-1.8658772243909163, 2.70006122002999, -0.3699008180659944], "Sigma": [[0.01417501649251028, 0.0033112188513879154, -0.00494229199395586], [0.0033112188513879145, 0.004770224873752868, -0.00584211921632698], [-0.004942291993955861, -0.00584211921632698, 0.008723935856743172]], "chi2_level": 0.997, "chi2_df": 3, "chi2_threshold": 13.931422665512084, "N_raw": 42, "N_roi": 42, "N_inlier": 41, "refit": true}
{"timestamp": "15:17:10.992632", "frame": 91, "mu": [-1.9681189807366175, 2.407471204699633, 1.158936059037429], "Sigma": [[0.008156517341553376, 0.0033110913895103974, -0.0060043175248713524], [0.003311091389510397, 0.003411893198409364, -0.006321256383078917], [-0.0060043175248713524, -0.006321256383078917, 0.013014938525149707]], "chi2_level": 0.997, "chi2_df": 3, "chi2_threshold": 13.931422665512084, "N_raw": 32, "N_roi": 32, "N_inlier": 31, "refit": true}
{"timestamp": "15:17:11.047617", "frame": 92, "mu": [-1.9402640042910992, 2.3662134407179227, 1.141267994801043], "Sigma": [[0.009264283275058441, 0.003408528503970312, -0.0035039600875599467], [0.003408528503970312, 0.0034361691771078234, -0.004776415545258301], [-0.0035039600875599467, -0.004776415545258301, 0.00849518626211714]], "chi2_level": 0.997, "chi2_df": 3, "chi2_threshold": 13.931422665512084, "N_raw": 31, "N_roi": 30, "N_inlier": 28, "refit": true}
{"timestamp": "15:17:11.102262", "frame": 93, "mu": [-2.0818522280145446, 2.282615462423132, 1.0269885137749215], "Sigma": [[0.006694180486053552, 0.0023623944441711893, 0.01011154945525174], [0.0023623944441711897, 0.0017647598809618326, 0.00031412181115283793], [0.010111549455251738, 0.0003141218111528377, 0.03526702619898521]], "chi2_level": 0.997, "chi2_df": 3, "chi2_threshold": 13.931422665512084, "N_raw": 26, "N_roi": 26, "N_inlier": 24, "refit": true}
{"timestamp": "15:17:11.158879", "frame": 94, "mu": [-2.0069768472681098, 2.2442561519630586, 1.1563668334111903], "Sigma": [[0.0177736258675094, 0.010806219820598508, -0.012553701309106383], [0.010806219820598508, 0.010154902993191333, -0.018031631421441513], [-0.012553701309106383, -0.018031631421441513, 0.048353045177066206]], "chi2_level": 0.997, "chi2_df": 3, "chi2_threshold": 13.931422665512084, "N_raw": 43, "N_roi": 43, "N_inlier": 42, "refit": true}
{"timestamp": "15:17:11.216704", "frame": 95, "mu": [-2.0201481677825206, 2.147059117504026, 1.255106503698066], "Sigma": [[0.021766837310077888, 0.01698140903919452, -0.025698844434923342], [0.01698140903919452, 0.01764149264124574, -0.02769608908124701], [-0.025698844434923346, -0.027696089081247013, 0.09092558016344697]], "chi2_level": 0.997, "chi2_df": 3, "chi2_threshold": 13.931422665512084, "N_raw": 51, "N_roi": 51, "N_inlier": 51, "refit": true}
{"timestamp": "15:17:11.276210", "frame": 96, "mu": [-2.000695132750238, 2.113681388777453, 1.2062529261380992], "Sigma": [[0.025710099861021782, 0.01842424740137244, -0.021778259033658542], [0.018424247401372437, 0.02081685160701677, -0.025151936990539872], [-0.021778259033658542, -0.025151936990539872, 0.047284217545421434]], "chi2_level": 0.997, "chi2_df": 3, "chi2_threshold": 13.931422665512084, "N_raw": 87, "N_roi": 87, "N_inlier": 87, "refit": true}
{"timestamp": "15:17:11.328470", "frame": 97, "mu": [-2.040483946756222, 1.9830240192217923, 1.3622819134128092], "Sigma": [[0.02450165140802345, 0.016603064654825132, -0.019377479626426893], [0.016603064654825132, 0.018172277738257116, -0.015747067357022186], [-0.019377479626426893, -0.015747067357022186, 0.020571871604266954]], "chi2_level": 0.997, "chi2_df": 3, "chi2_threshold": 13.931422665512084, "N_raw": 68, "N_roi": 68, "N_inlier": 66, "refit": true}
{"timestamp": "15:17:11.380909", "frame": 98, "mu": [-2.079972811466382, 1.8621840137596946, 1.3580111996347346], "Sigma": [[0.02322606032082499, 0.020133574365043726, -0.015777007963338543], [0.020133574365043726, 0.020912745958045778, -0.01705959152541924], [-0.015777007963338543, -0.01705959152541924, 0.01927058196754281]], "chi2_level": 0.997, "chi2_df": 3, "chi2_threshold": 13.931422665512084, "N_raw": 52, "N_roi": 52, "N_inlier": 50, "refit": true}
{"timestamp": "15:17:11.439333", "frame": 99, "mu": [-1.9561926845590296, 2.114161319855508, -0.3678538652484872], "Sigma": [[0.024259070412653364, 0.028616772400626246, -0.03317447201490796], [0.028616772400626246, 0.04301957090781301, -0.05851416826995065], [-0.03317447201490796, -0.05851416826995065, 0.10321073686831998]], "chi2_level": 0.997, "chi2_df": 3, "chi2_threshold": 13.931422665512084, "N_raw": 74, "N_roi": 74, "N_inlier": 72, "refit": true}
{"timestamp": "15:17:11.546305", "frame": 100, "mu": [-2.024511735510957, 1.7913846162233793, 1.389976939087805], "Sigma": [[0.02144443810173917, 0.013708231052351704, -0.021967279063586954], [0.013708231052351704, 0.01290513966599422, -0.01701842396470015], [-0.021967279063586954, -0.01701842396470015, 0.02687397053590808]], "chi2_level": 0.997, "chi2_df": 3, "chi2_threshold": 13.931422665512084, "N_raw": 48, "N_roi": 48, "N_inlier": 47, "refit": true}
{"timestamp": "15:17:11.568369", "frame": 101, "mu": [-2.100715144872309, 1.678461136819697, 1.4143324539211368], "Sigma": [[0.019367854466510907, 0.014630141543090388, -0.028112585187592267], [0.014630141543090388, 0.016841787667013074, -0.024926653864977992], [-0.028112585187592267, -0.024926653864977992, 0.0703122910505958]], "chi2_level": 0.997, "chi2_df": 3, "chi2_threshold": 13.931422665512084, "N_raw": 51, "N_roi": 51, "N_inlier": 50, "refit": true}
{"timestamp": "15:17:11.602845", "frame": 102, "mu": [-2.039049982102983, 1.68836085450831, 1.2781007537392701], "Sigma": [[0.024705773600900663, 0.017027104322788852, -0.015300098482156006], [0.01702710432278885, 0.017174573931251092, -0.014943316220098788], [-0.015300098482156006, -0.014943316220098786, 0.015099654282362577]], "chi2_level": 0.997, "chi2_df": 3, "chi2_threshold": 13.931422665512084, "N_raw": 63, "N_roi": 63, "N_inlier": 62, "refit": true}
{"timestamp": "15:17:11.654408", "frame": 103, "mu": [-2.1333787087730913, 1.6495916664849113, 1.1448439711967175], "Sigma": [[0.03427335632430722, 0.02149428930308052, -0.019964885092430808], [0.02149428930308052, 0.016282857233319008, -0.01883435284314142], [-0.019964885092430808, -0.018834352843141423, 0.05985852428413543]], "chi2_level": 0.997, "chi2_df": 3, "chi2_threshold": 13.931422665512084, "N_raw": 40, "N_roi": 40, "N_inlier": 40, "refit": true}
{"timestamp": "15:17:11.709023", "frame": 104, "mu": [-2.0997964854710296, 1.5720387390994468, 1.2544743201854807], "Sigma": [[0.02121943142823532, 0.011698550368155255, -0.014831592689323306], [0.011698550368155253, 0.010519595919524496, -0.012579614147026921], [-0.014831592689323306, -0.012579614147026921, 0.05886528007306976]], "chi2_level": 0.997, "chi2_df": 3, "chi2_threshold": 13.931422665512084, "N_raw": 42, "N_roi": 42, "N_inlier": 42, "refit": true}
{"timestamp": "15:17:11.770990", "frame": 105, "mu": [-1.9789776276275077, 1.724090074734761, -0.1947952445833404], "Sigma": [[0.022571046489974454, 0.015433309248675937, 0.07546935456407741], [0.015433309248675935, 0.023422807448552865, 0.021444379086477616], [0.07546935456407741, 0.021444379086477616, 0.4281762339252586]], "chi2_level": 0.997, "chi2_df": 3, "chi2_threshold": 13.931422665512084, "N_raw": 93, "N_roi": 93, "N_inlier": 93, "refit": true}
{"timestamp": "15:17:11.826737", "frame": 106, "mu": [-1.95831383254158, 1.6038740352336187, 1.2682498245691236], "Sigma": [[0.027648867681042057, 0.015800222789742767, -0.024555472143942055], [0.015800222789742767, 0.014521412913428755, -0.01947218159507585], [-0.024555472143942058, -0.01947218159507585, 0.03327123006097539]], "chi2_level": 0.997, "chi2_df": 3, "chi2_threshold": 13.931422665512084, "N_raw": 86, "N_roi": 86, "N_inlier": 82, "refit": true}
{"timestamp": "15:17:11.881382", "frame": 107, "mu": [-2.043831735161671, 1.4803059156859106, 1.0304697257352622], "Sigma": [[0.020267748789662657, 0.009991650579177603, 0.011527539875650578], [0.009991650579177605, 0.008034701566169117, -0.005710497526403457], [0.011527539875650576, -0.005710497526403457, 0.09985509885255808]], "chi2_level": 0.997, "chi2_df": 3, "chi2_threshold": 13.931422665512084, "N_raw": 60, "N_roi": 60, "N_inlier": 59, "refit": true}
{"timestamp": "15:17:11.931219", "frame": 108, "mu": [-1.960407834030083, 1.4645007195620439, 1.2719812446394638], "Sigma": [[0.010647873583217912, 0.006775408541881937, -0.0068606982774419316], [0.006775408541881937, 0.010650834061122565, -0.012015190658302002], [-0.006860698277441932, -0.012015190658302002, 0.015283838993934049]], "chi2_level": 0.997, "chi2_df": 3, "chi2_threshold": 13.931422665512084, "N_raw": 53, "N_roi": 53, "N_inlier": 53, "refit": true}
{"timestamp": "15:17:11.990925", "frame": 109, "mu": [-1.916879960402953, 1.407818160419647, 1.2373537369753664], "Sigma": [[0.012811365496357507, 0.008822906394603515, -0.011505035617559296], [0.008822906394603518, 0.014426458702080222, -0.017886049408107806], [-0.011505035617559296, -0.017886049408107806, 0.02835837843917879]], "chi2_level": 0.997, "chi2_df": 3, "chi2_threshold": 13.931422665512084, "N_raw": 81, "N_roi": 81, "N_inlier": 79, "refit": true}
{"timestamp": "15:17:12.041402", "frame": 110, "mu": [-1.9275176055195056, 1.331488240244625, 1.2685991048419318], "Sigma": [[0.00954804214655783, 0.008157422795349761, -0.009458527901485766], [0.00815742279534976, 0.012271223180966727, -0.016483594324848604], [-0.009458527901485766, -0.016483594324848604, 0.02770747955496885]], "chi2_level": 0.997, "chi2_df": 3, "chi2_threshold": 13.931422665512084, "N_raw": 53, "N_roi": 53, "N_inlier": 53, "refit": true}
{"timestamp": "15:17:12.100940", "frame": 111, "mu": [-1.903993091841037, 1.3227866597747386, 1.2867657716500498], "Sigma": [[0.012949752941577497, 0.00998424767427924, -0.010579846791343288], [0.009984247674279238, 0.019959686571106482, -0.019142036894937098], [-0.01057984679134329, -0.019142036894937098, 0.020255499773701034]], "chi2_level": 0.997, "chi2_df": 3, "chi2_threshold": 13.931422665512084, "N_raw": 88, "N_roi": 88, "N_inlier": 86, "refit": true}
{"timestamp": "15:17:12.151504", "frame": 112, "mu": [-1.9690322940035336, 1.158062831619806, 1.1968111040947198], "Sigma": [[0.009784201439802978, 0.008507231788167384, 0.013332580480356352], [0.008507231788167384, 0.013947219757657399, 0.01026476475419095], [0.013332580480356352, 0.010264764754190952, 0.06117676997714407]], "chi2_level": 0.997, "chi2_df": 3, "chi2_threshold": 13.931422665512084, "N_raw": 52, "N_roi": 52, "N_inlier": 52, "refit": true}
{"timestamp": "15:17:12.207084", "frame": 113, "mu": [-1.9305892203951318, 1.1416820564013357, 1.1500678633249946], "Sigma": [[0.007847015434505208, 0.004956140168782659, 0.0021520581033644182], [0.004956140168782658, 0.009598882305543267, -0.00926628615409701], [0.0021520581033644174, -0.009266286154097012, 0.03317261893625996]], "chi2_level": 0.997, "chi2_df": 3, "chi2_threshold": 13.931422665512084, "N_raw": 61, "N_roi": 61, "N_inlier": 61, "refit": true}
{"timestamp": "15:17:12.258798", "frame": 114, "mu": [-1.910297100514768, 1.033616204184948, 1.2422824800787688], "Sigma": [[0.005160345484222934, 0.004556983898374677, -0.001920581122852838], [0.004556983898374677, 0.008765698425046252, -0.0037377623035728946], [-0.0019205811228528381, -0.0037377623035728938, 0.032072098427625]], "chi2_level": 0.997, "chi2_df": 3, "chi2_threshold": 13.931422665512084, "N_raw": 32, "N_roi": 32, "N_inlier": 32, "refit": true}
{"timestamp": "15:17:12.313841", "frame": 115, "mu": [-1.98391712073353, 0.9359266741341657, 0.9657688098669714], "Sigma": [[0.008705632678497326, 0.010482654180532767, 0.005929989813148579], [0.010482654180532767, 0.014696214540238948, 0.0076360337239999], [0.005929989813148579, 0.0076360337239998995, 0.02433947728965686]], "chi2_level": 0.997, "chi2_df": 3, "chi2_threshold": 13.931422665512084, "N_raw": 43, "N_roi": 43, "N_inlier": 43, "refit": true}
{"timestamp": "15:17:12.372969", "frame": 116, "mu": [-1.9037020936183562, 0.9985608189591701, 1.1449335465202635], "Sigma": [[0.007144447791312478, 0.005503580144327214, 0.001942978585616552], [0.005503580144327214, 0.009009984309983059, -0.007370943128224218], [0.0019429785856165515, -0.007370943128224218, 0.04184479873293391]], "chi2_level": 0.997, "chi2_df": 3, "chi2_threshold": 13.931422665512084, "N_raw": 71, "N_roi": 71, "N_inlier": 71, "refit": true}
{"timestamp": "15:17:12.429636", "frame": 117, "mu": [-1.9048832855134024, 0.965713778446877, 1.1625037026677814], "Sigma": [[0.008034797820653035, 0.0054802590538543285, -0.00037387044345703005], [0.005480259053854328, 0.012713003044647, -0.012390314110451467], [-0.00037387044345703015, -0.012390314110451467, 0.018869181973897975]], "chi2_level": 0.997, "chi2_df": 3, "chi2_threshold": 13.931422665512084, "N_raw": 68, "N_roi": 68, "N_inlier": 68, "refit": true}
{"timestamp": "15:17:12.478191", "frame": 118, "mu": [-1.875307429283965, 0.9664830237423546, 1.19464501472343], "Sigma": [[0.005696517607049616, 0.0008651321813003307, 0.0012368343504567602], [0.0008651321813003307, 0.014229694774145589, -0.009919736220081667], [0.0012368343504567604, -0.009919736220081668, 0.01002238161281463]], "chi2_level": 0.997, "chi2_df": 3, "chi2_threshold": 13.931422665512084, "N_raw": 35, "N_roi": 35, "N_inlier": 35, "refit": true}
{"timestamp": "15:17:12.536065", "frame": 119, "mu": [-1.8738580265611846, 0.9144002081342524, 1.15893030389259], "Sigma": [[0.008519488917235097, 0.005220585877099337, 0.0020550860483807966], [0.005220585877099337, 0.00814945601398137, -0.0057980515383009475], [0.0020550860483807966, -0.0057980515383009475, 0.014309599171827316]], "chi2_level": 0.997, "chi2_df": 3, "chi2_threshold": 13.931422665512084, "N_raw": 56, "N_roi": 56, "N_inlier": 56, "refit": true}
{"timestamp": "15:17:12.589392", "frame": 120, "mu": [-1.829396898556375, 0.8500880330963915, 1.2734686330469864], "Sigma": [[0.011837661738622813, 0.006719189664420249, 0.007673434991768074], [0.006719189664420249, 0.010473925864852032, -0.0010718258209009262], [0.007673434991768074, -0.0010718258209009256, 0.020127922554455974]], "chi2_level": 0.997, "chi2_df": 3, "chi2_threshold": 13.931422665512084, "N_raw": 41, "N_roi": 41, "N_inlier": 41, "refit": true}
{"timestamp": "15:17:12.643034", "frame": 121, "mu": [-1.7979169135846558, 0.8333743875232826, 1.3319311121130102], "Sigma": [[0.006919298922334006, 0.00598197299690259, -0.004126095499659175], [0.00598197299690259, 0.011158568316845299, -0.005467825140171178], [-0.004126095499659175, -0.0054678251401711776, 0.003441770488871479]], "chi2_level": 0.997, "chi2_df": 3, "chi2_threshold": 13.931422665512084, "N_raw": 33, "N_roi": 33, "N_inlier": 31, "refit": true}
{"timestamp": "15:17:12.699029", "frame": 122, "mu": [-1.8155615176510502, 0.7635290404867332, -0.8412825186121957], "Sigma": [[0.005971766918227483, 0.0058466995770455246, 0.00793036278939392], [0.005846699577045525, 0.015181041232164186, 0.005546987876341784], [0.007930362789393918, 0.005546987876341784, 0.03907263262825525]], "chi2_level": 0.997, "chi2_df": 3, "chi2_threshold": 13.931422665512084, "N_raw": 42, "N_roi": 42, "N_inlier": 42, "refit": true}
{"timestamp": "15:17:12.806421", "frame": 124, "mu": [-1.7264436222540873, 0.7426243022565037, 1.228327030358851], "Sigma": [[0.003662544394268031, 0.004565659680869767, -0.0005121397696207573], [0.004565659680869767, 0.007766284987155285, -0.0032334552234676733], [-0.0005121397696207573, -0.0032334552234676733, 0.005615959478139662]], "chi2_level": 0.997, "chi2_df": 3, "chi2_threshold": 13.931422665512084, "N_raw": 18, "N_roi": 18, "N_inlier": 18, "refit": true}
{"timestamp": "15:17:12.864815", "frame": 125, "mu": [-1.4160822363474725, 0.5527161554544407, 0.9909279019418593], "Sigma": [[1.2429474387868555, -0.05084715850194334, 0.02255699622419727], [-0.05084715850194334, 0.011518090718341848, -0.0045338396906774575], [0.02255699622419727, -0.0045338396906774575, 0.00807714961851897]], "chi2_level": 0.997, "chi2_df": 3, "chi2_threshold": 13.931422665512084, "N_raw": 52, "N_roi": 52, "N_inlier": 52, "refit": true}
{"timestamp": "15:17:12.921091", "frame": 126, "mu": [-1.7441203664116323, 0.8321072344452902, -0.6319170968945131], "Sigma": [[0.00826666863155881, 0.006509730161102166, 0.0010255138884294002], [0.006509730161102166, 0.010852773389513817, -0.005265242328000877], [0.0010255138884294004, -0.005265242328000877, 0.009388124454376335]], "chi2_level": 0.997, "chi2_df": 3, "chi2_threshold": 13.931422665512084, "N_raw": 50, "N_roi": 50, "N_inlier": 50, "refit": true}
{"timestamp": "15:17:13.045415", "frame": 127, "mu": [-1.722194417504754, 0.7751350247543446, -0.7092493217059489], "Sigma": [[0.004531062426358615, 0.0041761400911074645, 0.002947346402380456], [0.0041761400911074645, 0.01062520747288928, -0.007365938263289381], [0.002947346402380456, -0.007365938263289381, 0.027288514513247295]], "chi2_level": 0.997, "chi2_df": 3, "chi2_threshold": 13.931422665512084, "N_raw": 47, "N_roi": 47, "N_inlier": 46, "refit": true}
{"timestamp": "15:17:13.073638", "frame": 128, "mu": [-1.6846583895735459, 0.5944998498171721, 1.2268205509835006], "Sigma": [[0.005111366240550625, 0.004645805947612675, -0.0021271469921010718], [0.004645805947612675, 0.01156008110107744, -0.006101395698769624], [-0.0021271469921010718, -0.006101395698769624, 0.005586690737450652]], "chi2_level": 0.997, "chi2_df": 3, "chi2_threshold": 13.931422665512084, "N_raw": 36, "N_roi": 36, "N_inlier": 35, "refit": true}
{"timestamp": "15:17:13.103909", "frame": 129, "mu": [-1.7522374071501288, 0.5986781323084446, 1.15937648083693], "Sigma": [[0.005034777552976209, 0.0066814569179795575, -0.0014441004350110535], [0.0066814569179795575, 0.010551395487021649, -0.003279839007398446], [-0.0014441004350110535, -0.003279839007398446, 0.00572245272960441]], "chi2_level": 0.997, "chi2_df": 3, "chi2_threshold": 13.931422665512084, "N_raw": 27, "N_roi": 27, "N_inlier": 26, "refit": true}
{"timestamp": "15:17:13.681395", "frame": 140, "mu": [0.7040143047886616, 0.3437438070229172, 0.8708644306773708], "Sigma": [[2.001542219143797, 0.06651120879520452, -0.042045898664497254], [0.0665112087952045, 0.006604907684155634, -0.0035675894027029508], [-0.042045898664497254, -0.003567589402702951, 0.004124679249774574]], "chi2_level": 0.997, "chi2_df": 3, "chi2_threshold": 13.931422665512084, "N_raw": 7, "N_roi": 7, "N_inlier": 7, "refit": true}
{"timestamp": "15:17:13.794032", "frame": 142, "mu": [0.9181311928384469, 0.3828536651984763, 0.917587303220726], "Sigma": [[1.572665246187518, 0.07317653140260166, -0.01287037062817644], [0.07317653140260166, 0.01320542210351404, -0.0013000435035589448], [-0.012870370628176444, -0.001300043503558945, 0.0033373943885811673]], "chi2_level": 0.997, "chi2_df": 3, "chi2_threshold": 13.931422665512084, "N_raw": 16, "N_roi": 16, "N_inlier": 16, "refit": true}
