{"timestamp": "14:53:21.341562", "frame": 67, "mu": [1.4727784232562056, 1.0545789324384962, 1.4622402706990913], "Sigma": [[0.004375800801408418, -0.0006216990346302981, 0.00013541605738047187], [-0.0006216990346302982, 0.002929526998824171, -5.680312570577117e-05], [0.0001354160573804719, -5.6803125705771115e-05, 0.00015676555827868807]], "chi2_level": 0.997, "chi2_df": 3, "chi2_threshold": 13.931422665512084, "N_raw": 22, "N_roi": 22, "N_inlier": 21, "refit": true}
{"timestamp": "14:53:21.394742", "frame": 68, "mu": [1.4248963224420788, 1.1289455085033497, 1.5225621180797522], "Sigma": [[0.0038301227985846854, 0.0002903681087030896, -0.0003719896046011761], [0.00029036810870308955, 0.0008622908830715588, -0.0003056284911647248], [-0.0003719896046011761, -0.0003056284911647248, 0.00012883912130297795]], "chi2_level": 0.997, "chi2_df": 3, "chi2_threshold": 13.931422665512084, "N_raw": 7, "N_roi": 7, "N_inlier": 7, "refit": true}
{"timestamp": "14:53:21.506496", "frame": 70, "mu": [1.3109765655164556, 1.2675501508248312, 1.54045363256841], "Sigma": [[0.0038725342611721117, -0.0008099166532603598, -0.0003776522387455607], [-0.0008099166532603597, 0.003998372518831293, 0.00024895462077354494], [-0.0003776522387455607, 0.0002489546207735449, 0.000210818923930933]], "chi2_level": 0.997, "chi2_df": 3, "chi2_threshold": 13.931422665512084, "N_raw": 23, "N_roi": 23, "N_inlier": 23, "refit": true}
{"timestamp": "14:53:21.565765", "frame": 71, "mu": [1.2499836330910898, 1.3214395863001756, 1.5398578707324475], "Sigma": [[0.005243371109753867, -0.0015177820092461781, -0.0018353667252490212], [-0.0015177820092461783, 0.0049082162840863005, -0.0013327286486938777], [-0.0018353667252490212, -0.0013327286486938777, 0.0017725908551161431]], "chi2_level": 0.997, "chi2_df": 3, "chi2_threshold": 13.931422665512084, "N_raw": 41, "N_roi": 41, "N_inlier": 41, "refit": true}
{"timestamp": "14:53:21.726528", "frame": 74, "mu": [1.1992877615097366, 1.350128566776219, 1.1958556231368795], "Sigma": [[0.0034536152668747933, 0.0016742694340300926, 0.00048557072509373966], [0.0016742694340300926, 0.006006319678000335, 0.010263914051448409], [0.00048557072509373966, 0.010263914051448409, 0.24465229281213752]], "chi2_level": 0.997, "chi2_df": 3, "chi2_threshold": 13.931422665512084, "N_raw": 8, "N_roi": 8, "N_inlier": 8, "refit": true}
{"timestamp": "14:53:21.781421", "frame": 75, "mu": [1.0774264231825157, 1.2331935253447301, 0.7248957028324216], "Sigma": [[0.006933403910472052, -0.001570651195599855, 0.027199650225751736], [-0.001570651195599855, 0.009717808571733535, 0.00980783978553763], [0.027199650225751736, 0.00980783978553763, 0.34724901204781883]], "chi2_level": 0.997, "chi2_df": 3, "chi2_threshold": 13.931422665512084, "N_raw": 9, "N_roi": 9, "N_inlier": 9, "refit": true}
{"timestamp": "14:53:21.838226", "frame": 76, "mu": [1.0348268327814842, 1.3882352988963855, -0.5623481396567424], "Sigma": [[0.004643584557086693, -0.0011169616102571184, -0.005579703556079353], [-0.001116961610257118, 0.0035453036049955685, 0.007640266393474342], [-0.005579703556079351, 0.007640266393474341, 0.04679486114661078]], "chi2_level": 0.997, "chi2_df": 3, "chi2_threshold": 13.931422665512084, "N_raw": 24, "N_roi": 24, "N_inlier": 22, "refit": true}
{"timestamp": "14:53:21.893598", "frame": 77, "mu": [1.0131570477923546, 1.4680215332859807, -0.5446810091153576], "Sigma": [[0.0037772525435219475, -0.0015720408527145455, -0.0027770935091809305], [-0.0015720408527145455, 0.0013616897832228205, -4.416328634285281e-05], [-0.002777093509180931, -4.416328634285281e-05, 0.01343062497928499]], "chi2_level": 0.997, "chi2_df": 3, "chi2_threshold": 13.931422665512084, "N_raw": 24, "N_roi": 24, "N_inlier": 23, "refit": true}
{"timestamp": "14:53:21.950130", "frame": 78, "mu": [0.9733826973278045, 1.2686378908299711, 0.9904392939096065], "Sigma": [[0.004579541064153143, -0.0005593752621143124, -0.0010162827191349704], [-0.0005593752621143124, 0.0050467384547932944, -0.00028950838650371413], [-0.0010162827191349704, -0.0002895083865037143, 0.0007328807297729522]], "chi2_level": 0.997, "chi2_df": 3, "chi2_threshold": 13.931422665512084, "N_raw": 32, "N_roi": 32, "N_inlier": 32, "refit": true}
{"timestamp": "14:53:22.115617", "frame": 81, "mu": [0.8625026613341046, 1.4165956919411598, 1.0246967763061272], "Sigma": [[0.019872191316206777, -0.0014291578104943504, -0.010451617778506134], [-0.0014291578104943504, 0.0032239379986638197, 0.0005465428761869588], [-0.010451617778506134, 0.0005465428761869588, 0.007054380915648894]], "chi2_level": 0.997, "chi2_df": 3, "chi2_threshold": 13.931422665512084, "N_raw": 35, "N_roi": 35, "N_inlier": 35, "refit": true}
{"timestamp": "14:53:22.171814", "frame": 82, "mu": [0.9087803257370155, 1.4575495065312287, 1.1957908414155338], "Sigma": [[0.004155017962028692, -0.0018633416218886614, -0.007613836433590368], [-0.0018633416218886614, 0.002445080866673228, 0.005452328166267652], [-0.007613836433590367, 0.005452328166267651, 0.05138705103780278]], "chi2_level": 0.997, "chi2_df": 3, "chi2_threshold": 13.931422665512084, "N_raw": 44, "N_roi": 44, "N_inlier": 42, "refit": true}
{"timestamp": "14:53:22.224403", "frame": 83, "mu": [0.8466175802445827, 1.5093246858994027, 1.233519148511492], "Sigma": [[0.0020407367557160197, -0.00044171689345084796, -0.005947349488001354], [-0.0004417168934508481, 0.00573842707761982, 0.012020016891429884], [-0.005947349488001355, 0.012020016891429884, 0.15073938098215747]], "chi2_level": 0.997, "chi2_df": 3, "chi2_threshold": 13.931422665512084, "N_raw": 30, "N_roi": 29, "N_inlier": 28, "refit": true}
{"timestamp": "14:53:22.280798", "frame": 84, "mu": [0.9139009436927666, 1.409379681625131, 0.11221759452574834], "Sigma": [[0.009586939861686723, -0.008955477478636571, -0.03750835823667392], [-0.008955477478636571, 0.015544785662024326, 0.042927871980469434], [-0.03750835823667392, 0.042927871980469434, 0.3500520635886713]], "chi2_level": 0.997, "chi2_df": 3, "chi2_threshold": 13.931422665512084, "N_raw": 32, "N_roi": 32, "N_inlier": 32, "refit": true}
{"timestamp": "14:53:22.337821", "frame": 85, "mu": [0.6730110956052939, 1.8421933306675322, -0.509650673144587], "Sigma": [[0.005626358162489945, 0.002961984806984841, -0.0226422390236463], [0.0029619848069848413, 0.005664900921503538, -0.026220108412168437], [-0.0226422390236463, -0.026220108412168437, 0.19641305300682974]], "chi2_level": 0.997, "chi2_df": 3, "chi2_threshold": 13.931422665512084, "N_raw": 40, "N_roi": 39, "N_inlier": 38, "refit": true}
{"timestamp": "14:53:22.392291", "frame": 86, "mu": [0.8274631029885013, 1.4676398625106695, 0.45337952914641805], "Sigma": [[0.004321003434512785, -0.004836071855064893, -0.022252274884036652], [-0.004836071855064893, 0.01457162699260627, 0.08786059773857119], [-0.022252274884036655, 0.08786059773857119, 0.7105544680454924]], "chi2_level": 0.997, "chi2_df": 3, "chi2_threshold": 13.931422665512084, "N_raw": 40, "N_roi": 40, "N_inlier": 40, "refit": true}
{"timestamp": "14:53:22.454070", "frame": 87, "mu": [0.739302280048148, 1.5817079018029152, 0.9560914306357997], "Sigma": [[0.00936819053082891, -0.007190113957784163, -0.01815301953567468], [-0.007190113957784163, 0.010457094193495074, 0.03684691981141924], [-0.018153019535674685, 0.03684691981141925, 0.3886996869467756]], "chi2_level": 0.997, "chi2_df": 3, "chi2_threshold": 13.931422665512084, "N_raw": 90, "N_roi": 89, "N_inlier": 89, "refit": true}
{"timestamp": "14:53:22.498181", "frame": 88, "mu": [0.7287264119488859, 1.6257496461761172, 1.168574603167792], "Sigma": [[0.0013657520248495658, -0.00046473590594913724, -0.01084472886923565], [-0.0004647359059491373, 0.009005024790744467, 0.007833319689178163], [-0.010844728869235648, 0.007833319689178163, 0.289558513254157]], "chi2_level": 0.997, "chi2_df": 3, "chi2_threshold": 13.931422665512084, "N_raw": 14, "N_roi": 14, "N_inlier": 14, "refit": true}
{"timestamp": "14:53:22.551419", "frame": 89, "mu": [0.6539680743910231, 1.668080251278395, 0.7027038562047194], "Sigma": [[0.010948427874096311, -0.013485011858990752, -0.05661595989758837], [-0.01348501185899075, 0.017644946070357305, 0.06985942341288202], [-0.05661595989758837, 0.06985942341288202, 0.5952636123133168]], "chi2_level": 0.997, "chi2_df": 3, "chi2_threshold": 13.931422665512084, "N_raw": 9, "N_roi": 9, "N_inlier": 9, "refit": true}
{"timestamp": "14:53:22.619491", "frame": 90, "mu": [0.668125246412486, 1.6593369737315462, 0.5152309414969292], "Sigma": [[0.007975704047686896, -0.0065255267132525736, -0.026299948048812458], [-0.0065255267132525736, 0.010005423412988159, 0.04888734304883407], [-0.026299948048812458, 0.04888734304883407, 0.4414988612351797]], "chi2_level": 0.997, "chi2_df": 3, "chi2_threshold": 13.931422665512084, "N_raw": 95, "N_roi": 95, "N_inlier": 95, "refit": true}
{"timestamp": "14:53:22.670738", "frame": 91, "mu": [0.6289651142087168, 1.7012514426336065, 0.5444215931355783], "Sigma": [[0.013891183877451438, -0.020754840422707463, -0.07500294434598273], [-0.020754840422707463, 0.04567462176232088, 0.16593283841673248], [-0.07500294434598273, 0.16593283841673248, 0.6956736993496221]], "chi2_level": 0.997, "chi2_df": 3, "chi2_threshold": 13.931422665512084, "N_raw": 64, "N_roi": 64, "N_inlier": 61, "refit": true}
{"timestamp": "14:53:22.726726", "frame": 92, "mu": [0.5533694496976133, 1.742419857765602, 0.5297939873108464], "Sigma": [[0.014301284745458774, -0.02165445148317085, -0.06643379144561189], [-0.021654451483170852, 0.05626005480229577, 0.1740034592205294], [-0.06643379144561189, 0.17400345922052937, 0.6530274070490275]], "chi2_level": 0.997, "chi2_df": 3, "chi2_threshold": 13.931422665512084, "N_raw": 71, "N_roi": 71, "N_inlier": 71, "refit": true}
{"timestamp": "14:53:22.779333", "frame": 93, "mu": [0.4871656027500881, 1.8363021577150982, 0.9968765902436415], "Sigma": [[0.010571619448447657, -0.017724673056176005, -0.06022544259091868], [-0.01772467305617601, 0.04068179571620454, 0.13998403156968536], [-0.06022544259091868, 0.13998403156968536, 0.5313127696421344]], "chi2_level": 0.997, "chi2_df": 3, "chi2_threshold": 13.931422665512084, "N_raw": 48, "N_roi": 47, "N_inlier": 46, "refit": true}
{"timestamp": "14:53:22.838626", "frame": 94, "mu": [0.5307837108264419, 1.8398336179342303, 0.9065111522430003], "Sigma": [[0.009036085595287175, -0.010539401274002963, -0.037015841870560964], [-0.010539401274002963, 0.02400877064342115, 0.08537271127314518], [-0.037015841870560964, 0.08537271127314518, 0.3946301810845691]], "chi2_level": 0.997, "chi2_df": 3, "chi2_threshold": 13.931422665512084, "N_raw": 80, "N_roi": 79, "N_inlier": 79, "refit": true}
{"timestamp": "14:53:22.890959", "frame": 95, "mu": [0.4641098220224117, 1.8212943404152673, 0.7432521089754512], "Sigma": [[0.006685860097160191, -0.0002396375280928009, 0.011890847630886336], [-0.000239637528092801, 0.006450383644357539, 0.010554761395593245], [0.011890847630886334, 0.010554761395593245, 0.1741896519613503]], "chi2_level": 0.997, "chi2_df": 3, "chi2_threshold": 13.931422665512084, "N_raw": 60, "N_roi": 60, "N_inlier": 59, "refit": true}
{"timestamp": "14:53:22.943688", "frame": 96, "mu": [0.43658458168052794, 2.081477445498213, -0.45537143233882077], "Sigma": [[0.005907658784810165, 0.0012357062434060343, 0.008548827273930089], [0.0012357062434060339, 0.00839896111950774, 0.03558553781240597], [0.008548827273930089, 0.035585537812405976, 0.3209994784703451]], "chi2_level": 0.997, "chi2_df": 3, "chi2_threshold": 13.931422665512084, "N_raw": 47, "N_roi": 47, "N_inlier": 46, "refit": true}
{"timestamp": "14:53:22.995041", "frame": 97, "mu": [0.3379731321651338, 2.025603810567195, 1.1723470069334931], "Sigma": [[0.003156900982470366, -0.00104340245246726, -0.002295204302296405], [-0.0010434024524672602, 0.008938531247171361, 0.04212423058098026], [-0.002295204302296405, 0.04212423058098026, 0.35318718118614123]], "chi2_level": 0.997, "chi2_df": 3, "chi2_threshold": 13.931422665512084, "N_raw": 26, "N_roi": 26, "N_inlier": 26, "refit": true}
{"timestamp": "14:53:23.048463", "frame": 98, "mu": [0.259137273622142, 2.0457444162356815, 1.010656309840692], "Sigma": [[0.011478927338137162, -0.004810188575028769, -0.017176515855800066], [-0.004810188575028769, 0.01004933984569316, 0.04074091549299795], [-0.017176515855800066, 0.04074091549299795, 0.38830956916723736]], "chi2_level": 0.997, "chi2_df": 3, "chi2_threshold": 13.931422665512084, "N_raw": 19, "N_roi": 19, "N_inlier": 19, "refit": true}
{"timestamp": "14:53:23.109090", "frame": 99, "mu": [0.396827314100056, 1.996035193147997, 1.271614772776747], "Sigma": [[0.006679180012287606, -0.0007096859325314387, -0.008697996283689778], [-0.0007096859325314387, 0.002405765758947494, -0.005278402614787119], [-0.00869799628368978, -0.005278402614787119, 0.03345691808867762]], "chi2_level": 0.997, "chi2_df": 3, "chi2_threshold": 13.931422665512084, "N_raw": 61, "N_roi": 61, "N_inlier": 57, "refit": true}
{"timestamp": "14:53:23.198445", "frame": 100, "mu": [0.3027576700330152, 1.989248761214636, 1.2077648245028143], "Sigma": [[0.005423560196020951, -0.0016608836285102806, -0.0008414863435621425], [-0.0016608836285102809, 0.006669525723901239, 0.0013959454725638752], [-0.0008414863435621425, 0.0013959454725638754, 0.001013594181052598]], "chi2_level": 0.997, "chi2_df": 3, "chi2_threshold": 13.931422665512084, "N_raw": 39, "N_roi": 39, "N_inlier": 38, "refit": true}
{"timestamp": "14:53:23.215924", "frame": 101, "mu": [0.27168153598545786, 2.032903768629186, 1.3787478646259248], "Sigma": [[0.005153766278319327, 0.0006243299610193189, 0.003771510414094146], [0.0006243299610193188, 0.0029173335973686036, -0.0005602226966655298], [0.003771510414094146, -0.0005602226966655298, 0.00819767250070921]], "chi2_level": 0.997, "chi2_df": 3, "chi2_threshold": 13.931422665512084, "N_raw": 39, "N_roi": 39, "N_inlier": 38, "refit": true}
{"timestamp": "14:53:23.273130", "frame": 102, "mu": [0.2638119462671688, 2.0563300734516785, 0.9480279356952559], "Sigma": [[0.009179343563017835, 0.0021500006697833286, -0.0019570034597339594], [0.0021500006697833286, 0.003342722479437302, -0.0029882170739650915], [-0.00195700345973396, -0.0029882170739650915, 0.010499018075733413]], "chi2_level": 0.997, "chi2_df": 3, "chi2_threshold": 13.931422665512084, "N_raw": 49, "N_roi": 49, "N_inlier": 46, "refit": true}
{"timestamp": "14:53:23.333608", "frame": 103, "mu": [0.16222970960020058, 2.062035689838351, 1.1575627671668403], "Sigma": [[0.00939494503230861, 0.001975695535821233, -0.010982445874369012], [0.001975695535821233, 0.003384348504219325, -0.006392114870505007], [-0.010982445874369012, -0.006392114870505006, 0.06705661568581303]], "chi2_level": 0.997, "chi2_df": 3, "chi2_threshold": 13.931422665512084, "N_raw": 84, "N_roi": 84, "N_inlier": 79, "refit": true}
{"timestamp": "14:53:23.384849", "frame": 104, "mu": [0.2729546348828557, 2.102119804569117, 0.20768620219510517], "Sigma": [[0.016152310996808764, 0.00197193297590288, 0.01430435165465032], [0.00197193297590288, 0.003331413825600551, 0.010452562763525509], [0.014304351654650322, 0.010452562763525512, 0.19589045897058704]], "chi2_level": 0.997, "chi2_df": 3, "chi2_threshold": 13.931422665512084, "N_raw": 52, "N_roi": 52, "N_inlier": 51, "refit": true}
{"timestamp": "14:53:23.446815", "frame": 105, "mu": [0.1444722050562787, 2.1534197722875676, 0.9161632515203635], "Sigma": [[0.013290667395571968, 0.001451733219717507, -0.034712154775582746], [0.001451733219717507, 0.004814713054050187, -0.010252601810304074], [-0.034712154775582746, -0.010252601810304076, 0.25650520824312517]], "chi2_level": 0.997, "chi2_df": 3, "chi2_threshold": 13.931422665512084, "N_raw": 106, "N_roi": 106, "N_inlier": 105, "refit": true}
{"timestamp": "14:53:23.498409", "frame": 106, "mu": [0.07392571038252115, 2.1226368580493267, 1.1388561515216922], "Sigma": [[0.009185501705774481, 0.0008862987842474159, -0.0053069935602133396], [0.0008862987842474161, 0.0016568585497928944, -0.0046419431418619735], [-0.00530699356021334, -0.0046419431418619735, 0.03458589528357936]], "chi2_level": 0.997, "chi2_df": 3, "chi2_threshold": 13.931422665512084, "N_raw": 86, "N_roi": 85, "N_inlier": 81, "refit": true}
{"timestamp": "14:53:23.554724", "frame": 107, "mu": [0.0430539317753201, 2.173900239951421, 1.2549353551189664], "Sigma": [[0.00957512643360501, 0.0006849336954964804, -0.007319212145915258], [0.0006849336954964805, 0.004345006305471779, -0.00664386621851957], [-0.007319212145915258, -0.006643866218519569, 0.017418109134613162]], "chi2_level": 0.997, "chi2_df": 3, "chi2_threshold": 13.931422665512084, "N_raw": 83, "N_roi": 83, "N_inlier": 81, "refit": true}
{"timestamp": "14:53:23.605567", "frame": 108, "mu": [0.03278724036568746, 2.2272289560012464, 1.2938323498228188], "Sigma": [[0.0064725294117049135, 0.00038496721434234005, 0.007052835749228342], [0.00038496721434234005, 0.0020305389895513316, -0.0038915143147105415], [0.007052835749228341, -0.0038915143147105415, 0.10010192717412499]], "chi2_level": 0.997, "chi2_df": 3, "chi2_threshold": 13.931422665512084, "N_raw": 63, "N_roi": 63, "N_inlier": 59, "refit": true}
{"timestamp": "14:53:23.662195", "frame": 109, "mu": [-0.008290046220998205, 2.28843004518952, 1.1855465765808209], "Sigma": [[0.00787357810482325, -0.002200080362923894, -0.007580523589816391], [-0.002200080362923894, 0.0029154208652427084, 0.009548440200152615], [-0.007580523589816391, 0.009548440200152613, 0.18496387167529427]], "chi2_level": 0.997, "chi2_df": 3, "chi2_threshold": 13.931422665512084, "N_raw": 73, "N_roi": 71, "N_inlier": 69, "refit": true}
{"timestamp": "14:53:23.717200", "frame": 110, "mu": [-0.049687341808436605, 2.2956806093839726, 1.3300042910720116], "Sigma": [[0.009776340484700623, -0.0005302547617408308, -0.003685081661764719], [-0.0005302547617408308, 0.004025823645203129, -0.003736384788305645], [-0.003685081661764719, -0.0037363847883056453, 0.021572678443619483]], "chi2_level": 0.997, "chi2_df": 3, "chi2_threshold": 13.931422665512084, "N_raw": 76, "N_roi": 76, "N_inlier": 73, "refit": true}
{"timestamp": "14:53:23.773583", "frame": 111, "mu": [-0.0662748355915183, 2.3210290196387384, 1.3929951111140513], "Sigma": [[0.010948433311035696, 0.00013089484454987524, -0.005704557567710428], [0.00013089484454987524, 0.006126560838695068, -0.00390354864238738], [-0.005704557567710428, -0.00390354864238738, 0.007748158451843063]], "chi2_level": 0.997, "chi2_df": 3, "chi2_threshold": 13.931422665512084, "N_raw": 84, "N_roi": 81, "N_inlier": 77, "refit": true}
{"timestamp": "14:53:23.829218", "frame": 112, "mu": [-0.0733939467836997, 2.3369694450182825, 1.1590878386839538], "Sigma": [[0.010229808904083317, -0.0027334487806253763, -0.02132454068253875], [-0.0027334487806253763, 0.004589867423025354, 0.017498439229512035], [-0.021324540682538754, 0.017498439229512035, 0.2703996839453998]], "chi2_level": 0.997, "chi2_df": 3, "chi2_threshold": 13.931422665512084, "N_raw": 83, "N_roi": 81, "N_inlier": 81, "refit": true}
{"timestamp": "14:53:23.882654", "frame": 113, "mu": [-0.13869230636393368, 2.5556767674805205, -0.45205259871445985], "Sigma": [[0.007506522458454685, -0.0010297833357890839, 0.033680171371003015], [-0.0010297833357890839, 0.02725868693090988, -0.10647665243253598], [0.033680171371003015, -0.10647665243253598, 0.6814107803300621]], "chi2_level": 0.997, "chi2_df": 3, "chi2_threshold": 13.931422665512084, "N_raw": 77, "N_roi": 77, "N_inlier": 76, "refit": true}
{"timestamp": "14:53:23.938806", "frame": 114, "mu": [-0.15438622481071823, 2.4056528271137276, 1.0563291474255707], "Sigma": [[0.010307412176703626, 0.0037421638318533147, -0.0006579482983357365], [0.0037421638318533147, 0.008946165228448611, 0.027707022105677673], [-0.0006579482983357361, 0.027707022105677673, 0.37718998291018596]], "chi2_level": 0.997, "chi2_df": 3, "chi2_threshold": 13.931422665512084, "N_raw": 85, "N_roi": 85, "N_inlier": 85, "refit": true}
{"timestamp": "14:53:23.991258", "frame": 115, "mu": [-0.23801101399015412, 2.3980785110346767, 0.8466255311708262], "Sigma": [[0.009403160355051456, -0.002578945839076256, -0.01437985338786957], [-0.002578945839076256, 0.003992973328318319, 0.014474884567746857], [-0.014379853387869571, 0.01447488456774686, 0.34373212100105915]], "chi2_level": 0.997, "chi2_df": 3, "chi2_threshold": 13.931422665512084, "N_raw": 71, "N_roi": 71, "N_inlier": 70, "refit": true}
{"timestamp": "14:53:24.055019", "frame": 116, "mu": [-0.24298801167742384, 2.4364388332962266, -0.3595486912998847], "Sigma": [[0.011785479916024811, -0.0015586676916582096, 0.08241583165371089], [-0.0015586676916582091, 0.014839032141738186, 0.04386169803519745], [0.08241583165371089, 0.04386169803519745, 1.2420065433298653]], "chi2_level": 0.997, "chi2_df": 3, "chi2_threshold": 13.931422665512084, "N_raw": 126, "N_roi": 126, "N_inlier": 126, "refit": true}
{"timestamp": "14:53:24.104777", "frame": 117, "mu": [-0.31065780025206013, 2.647471492381699, -0.06015245470499746], "Sigma": [[0.01192766493733495, -0.007261854671775387, 0.05874449406252161], [-0.007261854671775384, 0.027524613246241707, -0.0847538548610188], [0.05874449406252161, -0.0847538548610188, 0.558816775012171]], "chi2_level": 0.997, "chi2_df": 3, "chi2_threshold": 13.931422665512084, "N_raw": 89, "N_roi": 89, "N_inlier": 88, "refit": true}
{"timestamp": "14:53:24.153450", "frame": 118, "mu": [-0.35931066920804877, 2.4727853076404145, 1.1357578517654532], "Sigma": [[0.010802626113331855, 0.0005988627361762278, 0.004410753922025354], [0.0005988627361762278, 0.004179469501083168, -0.00988982609365167], [0.004410753922025354, -0.009889826093651672, 0.17111222878457585]], "chi2_level": 0.997, "chi2_df": 3, "chi2_threshold": 13.931422665512084, "N_raw": 50, "N_roi": 50, "N_inlier": 50, "refit": true}
{"timestamp": "14:53:24.215846", "frame": 119, "mu": [-0.3383157047805626, 2.7179731525211, -0.2243804650030642], "Sigma": [[0.01755289114657268, -0.003568079788230514, 0.024536918558459117], [-0.003568079788230514, 0.026703994240526763, -0.07509764147963231], [0.024536918558459114, -0.07509764147963233, 0.28929984113878443]], "chi2_level": 0.997, "chi2_df": 3, "chi2_threshold": 13.931422665512084, "N_raw": 104, "N_roi": 104, "N_inlier": 104, "refit": true}
{"timestamp": "14:53:24.267148", "frame": 120, "mu": [-0.3696942096066715, 2.564548530999012, 1.3978343411405167], "Sigma": [[0.014477108552076247, 0.0015226017802173742, -0.006605140482390555], [0.0015226017802173742, 0.008203458295906388, 8.829868142839966e-05], [-0.006605140482390555, 8.829868142839982e-05, 0.003925073320583069]], "chi2_level": 0.997, "chi2_df": 3, "chi2_threshold": 13.931422665512084, "N_raw": 74, "N_roi": 74, "N_inlier": 70, "refit": true}
{"timestamp": "14:53:24.321472", "frame": 121, "mu": [-0.42442508880487717, 2.591301968082891, 1.3669079237664248], "Sigma": [[0.014744937957928679, 0.004513843887531529, -0.007024698171296174], [0.004513843887531529, 0.009223837955956644, 0.0003765167226009231], [-0.007024698171296174, 0.0003765167226009235, 0.01206983119316859]], "chi2_level": 0.997, "chi2_df": 3, "chi2_threshold": 13.931422665512084, "N_raw": 67, "N_roi": 67, "N_inlier": 63, "refit": true}
{"timestamp": "14:53:24.374830", "frame": 122, "mu": [-0.4702408206147202, 2.6181950270241123, 1.231463294040136], "Sigma": [[0.012450933685515895, 0.0017825224245707927, -0.0069781865496399914], [0.0017825224245707932, 0.005012948465517741, -0.004819468795949165], [-0.006978186549639992, -0.004819468795949165, 0.019735764927332963]], "chi2_level": 0.997, "chi2_df": 3, "chi2_threshold": 13.931422665512084, "N_raw": 67, "N_roi": 67, "N_inlier": 65, "refit": true}
{"timestamp": "14:53:24.432320", "frame": 123, "mu": [-0.5225368504998097, 2.6747041815980386, -0.5257084673314161], "Sigma": [[0.014388055348964484, 0.009202367229728729, 0.02891695154356278], [0.009202367229728729, 0.013697040095368622, 0.022840480301733797], [0.028916951543562778, 0.022840480301733797, 0.09583745332269762]], "chi2_level": 0.997, "chi2_df": 3, "chi2_threshold": 13.931422665512084, "N_raw": 72, "N_roi": 70, "N_inlier": 67, "refit": true}
{"timestamp": "14:53:24.493126", "frame": 124, "mu": [-0.43877530587988745, 2.877401032983864, -0.16381487138280723], "Sigma": [[0.027014079578656876, 0.018575149364596352, -0.03632291227943554], [0.018575149364596352, 0.02525774780858934, -0.04149820621743377], [-0.03632291227943554, -0.04149820621743377, 0.0818512824175331]], "chi2_level": 0.997, "chi2_df": 3, "chi2_threshold": 13.931422665512084, "N_raw": 117, "N_roi": 117, "N_inlier": 115, "refit": true}
{"timestamp": "14:53:24.542686", "frame": 125, "mu": [-0.5201809309985537, 2.7147512281615027, 1.1191481539005066], "Sigma": [[0.02218061514523172, 0.005888984466976372, -0.047530803553022694], [0.005888984466976374, 0.0074166262433949795, -0.015010369329364014], [-0.04753080355302268, -0.015010369329364014, 0.14843202954506216]], "chi2_level": 0.997, "chi2_df": 3, "chi2_threshold": 13.931422665512084, "N_raw": 76, "N_roi": 76, "N_inlier": 73, "refit": true}
{"timestamp": "14:53:24.599032", "frame": 126, "mu": [-0.5979603231461984, 2.730038919782635, 0.8524414700993602], "Sigma": [[0.013281779490000483, 0.0025378447294206125, 0.009627894404882549], [0.0025378447294206116, 0.006147902140482974, -0.004796837495684636], [0.009627894404882547, -0.004796837495684636, 0.4451330081794455]], "chi2_level": 0.997, "chi2_df": 3, "chi2_threshold": 13.931422665512084, "N_raw": 86, "N_roi": 84, "N_inlier": 84, "refit": true}
{"timestamp": "14:53:24.658104", "frame": 127, "mu": [-0.5907493610495622, 2.776109055564359, 0.8341103442858526], "Sigma": [[0.01571598295215146, 0.00408954192390139, -0.015295019725681553], [0.00408954192390139, 0.0073730486825803595, -0.024575507123472003], [-0.015295019725681558, -0.024575507123472003, 0.4153548977603109]], "chi2_level": 0.997, "chi2_df": 3, "chi2_threshold": 13.931422665512084, "N_raw": 109, "N_roi": 109, "N_inlier": 109, "refit": true}
{"timestamp": "14:53:24.701563", "frame": 128, "mu": [-0.6979333786531623, 2.736688418260693, 0.6789148465902675], "Sigma": [[0.008661198593815459, 0.00025615654461935103, -0.020635619478840815], [0.000256156544619351, 0.0019096158161266777, 0.015891645759485477], [-0.020635619478840815, 0.015891645759485474, 0.5576645773156558]], "chi2_level": 0.997, "chi2_df": 3, "chi2_threshold": 13.931422665512084, "N_raw": 37, "N_roi": 36, "N_inlier": 35, "refit": true}
{"timestamp": "14:53:24.759332", "frame": 129, "mu": [-0.6603567312204492, 2.827085551333602, 1.1115900439623376], "Sigma": [[0.011985019187073983, 0.002107802715922569, -0.013035595643634048], [0.002107802715922569, 0.004270038511097616, -0.013524267651507544], [-0.013035595643634048, -0.013524267651507545, 0.19556676788587013]], "chi2_level": 0.997, "chi2_df": 3, "chi2_threshold": 13.931422665512084, "N_raw": 57, "N_roi": 57, "N_inlier": 56, "refit": true}
{"timestamp": "14:53:24.815096", "frame": 130, "mu": [-0.6938193704303707, 2.8439633565893097, 1.228170884260317], "Sigma": [[0.009686054082441093, 0.0004238519029699378, -0.0006597966429706093], [0.00042385190296993796, 0.0047098676330203865, -0.007124172038816113], [-0.0006597966429706082, -0.007124172038816113, 0.16876582684085864]], "chi2_level": 0.997, "chi2_df": 3, "chi2_threshold": 13.931422665512084, "N_raw": 54, "N_roi": 54, "N_inlier": 54, "refit": true}
{"timestamp": "14:53:24.868797", "frame": 131, "mu": [-0.7344361896097671, 2.8628726280673473, 1.0102448346093318], "Sigma": [[0.010582253254369131, 0.0010366745903314617, 0.0015847381608270366], [0.0010366745903314617, 0.005436730504581649, 0.03251245318115987], [0.001584738160827038, 0.03251245318115987, 0.5248017423515591]], "chi2_level": 0.997, "chi2_df": 3, "chi2_threshold": 13.931422665512084, "N_raw": 56, "N_roi": 56, "N_inlier": 55, "refit": true}
{"timestamp": "14:53:24.919753", "frame": 132, "mu": [-0.7006835387813227, 2.8835732862879118, 0.7290075992847606], "Sigma": [[0.00685791764510673, 0.0022422554098330627, 0.009847888907905358], [0.002242255409833063, 0.006892782043500624, 0.04231369114968489], [0.00984788890790536, 0.04231369114968489, 0.351284742515139]], "chi2_level": 0.997, "chi2_df": 3, "chi2_threshold": 13.931422665512084, "N_raw": 19, "N_roi": 19, "N_inlier": 18, "refit": true}
{"timestamp": "14:53:24.971400", "frame": 133, "mu": [-0.7799884380183295, 2.832730195490557, 0.5957339485360398], "Sigma": [[0.009984583436712999, -0.004731321503983936, -0.057883298437308967], [-0.004731321503983936, 0.011928422734483182, 0.05189952704702708], [-0.057883298437308967, 0.05189952704702708, 0.4410303970928526]], "chi2_level": 0.997, "chi2_df": 3, "chi2_threshold": 13.931422665512084, "N_raw": 8, "N_roi": 8, "N_inlier": 8, "refit": true}
{"timestamp": "14:53:25.034321", "frame": 134, "mu": [-0.8760027503364658, 2.9124275227432626, 0.7178955174478285], "Sigma": [[0.014212877756123789, 0.006976045103670798, 0.046369660160706025], [0.006976045103670798, 0.008190687411622074, 0.044970819019762964], [0.046369660160706025, 0.044970819019762964, 0.4462461091470645]], "chi2_level": 0.997, "chi2_df": 3, "chi2_threshold": 13.931422665512084, "N_raw": 62, "N_roi": 62, "N_inlier": 62, "refit": true}
{"timestamp": "14:53:25.094246", "frame": 135, "mu": [-0.82796496479651, 2.9596816336445038, 0.7405251989514899], "Sigma": [[0.01776049682800089, 0.003274466793926953, -0.0018040142859426277], [0.003274466793926953, 0.007019666208287055, 0.022362061252057957], [-0.0018040142859426268, 0.022362061252057957, 0.202648731562828]], "chi2_level": 0.997, "chi2_df": 3, "chi2_threshold": 13.931422665512084, "N_raw": 85, "N_roi": 85, "N_inlier": 83, "refit": true}
{"timestamp": "14:53:25.142382", "frame": 136, "mu": [-0.8905131747418548, 3.073516130960943, 0.5042865599745842], "Sigma": [[0.0187809885086431, 0.007975706509738755, 0.05820153151438828], [0.007975706509738754, 0.008971269236264652, 0.03064142932959253], [0.05820153151438828, 0.03064142932959253, 0.31669508550857445]], "chi2_level": 0.997, "chi2_df": 3, "chi2_threshold": 13.931422665512084, "N_raw": 46, "N_roi": 46, "N_inlier": 46, "refit": true}
{"timestamp": "14:53:25.194131", "frame": 137, "mu": [-0.90605226013305, 3.1046974499842923, 0.625751246925486], "Sigma": [[0.0047169596937657815, 0.002722387966923789, 0.010962036200283225], [0.002722387966923788, 0.004080411046151526, 0.0016032412350119576], [0.010962036200283225, 0.0016032412350119572, 0.1527402263538866]], "chi2_level": 0.997, "chi2_df": 3, "chi2_threshold": 13.931422665512084, "N_raw": 18, "N_roi": 17, "N_inlier": 16, "refit": true}
{"timestamp": "14:53:25.249441", "frame": 138, "mu": [-0.9463108845388004, 3.0808385797854863, 0.692292398157482], "Sigma": [[0.0050063884177683, 0.000943756122957398, 0.007059598573302643], [0.000943756122957398, 0.0035093342568687175, -0.013445521829098965], [0.0070595985733026435, -0.013445521829098967, 0.22058521692717753]], "chi2_level": 0.997, "chi2_df": 3, "chi2_threshold": 13.931422665512084, "N_raw": 22, "N_roi": 22, "N_inlier": 22, "refit": true}
{"timestamp": "14:53:25.306302", "frame": 139, "mu": [-1.018543037116752, 3.1142012853052803, 0.7754965120638293], "Sigma": [[0.007565800214140946, 0.0018048472747510967, 0.01911674783041327], [0.0018048472747510967, 0.002322342499636373, 0.011940735615772517], [0.01911674783041327, 0.011940735615772517, 0.4180776857347171]], "chi2_level": 0.997, "chi2_df": 3, "chi2_threshold": 13.931422665512084, "N_raw": 33, "N_roi": 33, "N_inlier": 32, "refit": true}
{"timestamp": "14:53:25.356574", "frame": 140, "mu": [-1.0154226755604558, 3.156225349108474, 0.8874228918175465], "Sigma": [[0.006181867955570064, -0.002108468161247702, 0.024567466771563483], [-0.0021084681612477015, 0.004803281296399434, -0.026125809531382348], [0.024567466771563483, -0.026125809531382348, 0.1829490451103458]], "chi2_level": 0.997, "chi2_df": 3, "chi2_threshold": 13.931422665512084, "N_raw": 7, "N_roi": 7, "N_inlier": 7, "refit": true}
{"timestamp": "14:53:25.420085", "frame": 141, "mu": [-1.0793694756058312, 3.1330228817359016, 1.0722764542416499], "Sigma": [[0.01238378165891235, 0.0034721686720305127, -0.004484766189181815], [0.0034721686720305127, 0.009620397241012496, -0.02199969400130968], [-0.004484766189181814, -0.02199969400130968, 0.06385718819734992]], "chi2_level": 0.997, "chi2_df": 3, "chi2_threshold": 13.931422665512084, "N_raw": 63, "N_roi": 63, "N_inlier": 62, "refit": true}
{"timestamp": "14:53:25.471044", "frame": 142, "mu": [-1.162800236912536, 3.1483152288359824, 0.9399077602412761], "Sigma": [[0.009249187647794034, 0.0014567949413367318, -0.00045024645815498103], [0.0014567949413367318, 0.008609540598161667, -0.03701613217879769], [-0.00045024645815498103, -0.03701613217879769, 0.19400603879744088]], "chi2_level": 0.997, "chi2_df": 3, "chi2_threshold": 13.931422665512084, "N_raw": 37, "N_roi": 36, "N_inlier": 36, "refit": true}
{"timestamp": "14:53:25.522228", "frame": 143, "mu": [-1.1584979347054332, 3.244095191223365, 0.5190650004544923], "Sigma": [[0.007087281851833626, -0.003859850946464333, 0.03122569215017537], [-0.003859850946464333, 0.0030623426652377607, -0.02096348822187812], [0.03122569215017537, -0.02096348822187812, 0.1763163464711167]], "chi2_level": 0.997, "chi2_df": 3, "chi2_threshold": 13.931422665512084, "N_raw": 8, "N_roi": 8, "N_inlier": 8, "refit": true}
{"timestamp": "14:53:25.582176", "frame": 144, "mu": [-1.1596058609277193, 3.227299250895977, 1.3223862306282839], "Sigma": [[0.016096351289172264, 0.0032309702909678103, -0.007222803908980597], [0.0032309702909678103, 0.006067801487093075, -0.002231724801057179], [-0.007222803908980597, -0.002231724801057179, 0.014281039993501077]], "chi2_level": 0.997, "chi2_df": 3, "chi2_threshold": 13.931422665512084, "N_raw": 50, "N_roi": 50, "N_inlier": 47, "refit": true}
{"timestamp": "14:53:25.632450", "frame": 145, "mu": [-1.2018122308679642, 3.221377380633374, 1.282018319473394], "Sigma": [[0.009960322013385705, 0.005000211391575762, -0.01572737119129876], [0.005000211391575762, 0.004867688255005091, -0.008895545100968929], [-0.01572737119129876, -0.00889554510096893, 0.06414859215381208]], "chi2_level": 0.997, "chi2_df": 3, "chi2_threshold": 13.931422665512084, "N_raw": 16, "N_roi": 16, "N_inlier": 15, "refit": true}
{"timestamp": "14:53:25.688607", "frame": 146, "mu": [-1.250676527853872, 3.2291075199574006, 1.1114945820354294], "Sigma": [[0.012088568641113536, 0.0036392551064771362, -0.02096526649042934], [0.0036392551064771362, 0.0016887540838114224, -0.008700168671021104], [-0.02096526649042934, -0.008700168671021104, 0.06808635218494997]], "chi2_level": 0.997, "chi2_df": 3, "chi2_threshold": 13.931422665512084, "N_raw": 22, "N_roi": 20, "N_inlier": 19, "refit": true}
{"timestamp": "14:53:25.747070", "frame": 147, "mu": [-1.2884946628127103, 3.238742525544416, 1.3530550326252169], "Sigma": [[0.01822204153978941, 0.004570045250548892, -0.016074784065926995], [0.004570045250548892, 0.005447515750383945, -0.004330572123587986], [-0.016074784065926995, -0.004330572123587985, 0.03638694720537512]], "chi2_level": 0.997, "chi2_df": 3, "chi2_threshold": 13.931422665512084, "N_raw": 44, "N_roi": 44, "N_inlier": 43, "refit": true}
{"timestamp": "14:53:25.805505", "frame": 148, "mu": [-1.280065565850879, 3.297320996686251, 1.0294718342650528], "Sigma": [[0.02454925428306307, 0.007977994132179669, -0.03598479748677709], [0.007977994132179669, 0.006141487642890076, -0.018892419425054194], [-0.03598479748677709, -0.018892419425054194, 0.0974197675120779]], "chi2_level": 0.997, "chi2_df": 3, "chi2_threshold": 13.931422665512084, "N_raw": 68, "N_roi": 67, "N_inlier": 66, "refit": true}
{"timestamp": "14:53:25.862072", "frame": 149, "mu": [-1.3232756494263036, 3.3335070959234914, 1.0819689857332009], "Sigma": [[0.024819218089786262, 0.009289016332322382, -0.03282818673904009], [0.009289016332322382, 0.00902234745931206, -0.023710002623736265], [-0.03282818673904009, -0.023710002623736265, 0.08797348760552912]], "chi2_level": 0.997, "chi2_df": 3, "chi2_threshold": 13.931422665512084, "N_raw": 78, "N_roi": 78, "N_inlier": 77, "refit": true}
{"timestamp": "14:53:25.914139", "frame": 150, "mu": [-1.3870815656079216, 3.3326484903214255, 1.2352289743756717], "Sigma": [[0.018997392272377633, 0.00624508021103896, -0.014426986548885714], [0.00624508021103896, 0.005597804257202644, -0.009299752193128199], [-0.014426986548885716, -0.009299752193128199, 0.020667445099944864]], "chi2_level": 0.997, "chi2_df": 3, "chi2_threshold": 13.931422665512084, "N_raw": 54, "N_roi": 54, "N_inlier": 52, "refit": true}
{"timestamp": "14:53:25.963398", "frame": 151, "mu": [-1.4462619356318294, 3.380342305263542, 1.1132513211427872], "Sigma": [[0.00373875041654613, 0.0013942358209295812, 0.007468419327551011], [0.001394235820929581, 0.0030983369197547647, -0.003942847255535107], [0.007468419327551013, -0.003942847255535107, 0.2901048287214308]], "chi2_level": 0.997, "chi2_df": 3, "chi2_threshold": 13.931422665512084, "N_raw": 15, "N_roi": 14, "N_inlier": 13, "refit": true}
{"timestamp": "14:53:26.019369", "frame": 152, "mu": [-1.4876182170307135, 3.172489386108685, 0.7567798107738086], "Sigma": [[0.011366015625640475, 0.050713248167682426, 0.042351713992074866], [0.050713248167682426, 0.7469071982065643, 0.69455170911103], [0.04235171399207487, 0.69455170911103, 1.0162567560335254]], "chi2_level": 0.997, "chi2_df": 3, "chi2_threshold": 13.931422665512084, "N_raw": 33, "N_roi": 33, "N_inlier": 33, "refit": true}
{"timestamp": "14:53:26.076426", "frame": 153, "mu": [-1.4991948125074241, 3.4045026608758437, 1.1336932712338235], "Sigma": [[0.012096453215132186, 0.004454759199322027, -0.021561062459362706], [0.004454759199322027, 0.006069686025723169, -0.022980498022784582], [-0.02156106245936271, -0.022980498022784582, 0.12367811932856168]], "chi2_level": 0.997, "chi2_df": 3, "chi2_threshold": 13.931422665512084, "N_raw": 36, "N_roi": 36, "N_inlier": 36, "refit": true}
{"timestamp": "14:53:26.137632", "frame": 154, "mu": [-1.4607608347314804, 3.487230544664943, 0.9094315166978345], "Sigma": [[0.018129424318756866, 0.00641002835129072, -0.02258490161854722], [0.00641002835129072, 0.011209496581997975, -0.04255029488388065], [-0.02258490161854722, -0.04255029488388065, 0.1772064456189861]], "chi2_level": 0.997, "chi2_df": 3, "chi2_threshold": 13.931422665512084, "N_raw": 76, "N_roi": 76, "N_inlier": 75, "refit": true}
{"timestamp": "14:53:26.188845", "frame": 155, "mu": [-1.517468345294342, 3.423569067326099, 1.2104919219526158], "Sigma": [[0.02023415065679406, 0.006286366960957233, -0.016820932481838607], [0.006286366960957233, 0.005564581966071045, -0.009409070597496402], [-0.016820932481838607, -0.009409070597496402, 0.021994686518717298]], "chi2_level": 0.997, "chi2_df": 3, "chi2_threshold": 13.931422665512084, "N_raw": 53, "N_roi": 53, "N_inlier": 50, "refit": true}
{"timestamp": "14:53:26.239098", "frame": 156, "mu": [-1.631516303652058, 3.419419490743664, 1.4457143627296098], "Sigma": [[0.011691563373152119, 0.002570904980352556, -0.009714386543568066], [0.002570904980352556, 0.003613850135683521, -0.002450954649767894], [-0.009714386543568066, -0.002450954649767894, 0.009491918320544381]], "chi2_level": 0.997, "chi2_df": 3, "chi2_threshold": 13.931422665512084, "N_raw": 25, "N_roi": 23, "N_inlier": 23, "refit": true}
{"timestamp": "14:53:26.295665", "frame": 157, "mu": [-1.629348091006871, 3.4414373791164774, 1.2763997848809172], "Sigma": [[0.015195791275278725, 0.004649384411526548, -0.009023692305658132], [0.004649384411526548, 0.003670882648940936, -0.0050362895873496665], [-0.009023692305658132, -0.0050362895873496665, 0.025263380400053208]], "chi2_level": 0.997, "chi2_df": 3, "chi2_threshold": 13.931422665512084, "N_raw": 36, "N_roi": 36, "N_inlier": 33, "refit": true}
