{"timestamp": "15:36:06.069156", "frame": 67, "mu": [1.7660055221500082, 1.2748585701318351, 1.4540457776754085], "Sigma": [[0.0035075779238304275, -0.0017016314453321964, 0.00015331607275859572], [-0.0017016314453321964, 0.0038948705911793944, -0.0006449583983340297], [0.00015331607275859575, -0.0006449583983340297, 0.00036832355306043994]], "chi2_level": 0.997, "chi2_df": 3, "chi2_threshold": 13.931422665512084, "N_raw": 16, "N_roi": 16, "N_inlier": 15, "refit": true}
{"timestamp": "15:36:06.233161", "frame": 70, "mu": [1.7362314804618106, 1.5289188549324229, -0.24324193972985075], "Sigma": [[0.005179811641434609, -2.6338112111229985e-05, -0.0033226972987167786], [-2.633811211123004e-05, 0.001273059670253296, 0.007009621360152735], [-0.003322697298716777, 0.007009621360152733, 0.0588502992860528]], "chi2_level": 0.997, "chi2_df": 3, "chi2_threshold": 13.931422665512084, "N_raw": 7, "N_roi": 7, "N_inlier": 7, "refit": true}
{"timestamp": "15:36:06.620836", "frame": 77, "mu": [1.6559664751994905, 1.7406459604493627, 1.4312850244453739], "Sigma": [[0.008537320684454066, -0.002543188911012469, 0.0028426541716512132], [-0.0025431889110124695, 0.004334970293730016, -0.0009714589238710569], [0.0028426541716512132, -0.000971458923871057, 0.0019662226596363526]], "chi2_level": 0.997, "chi2_df": 3, "chi2_threshold": 13.931422665512084, "N_raw": 32, "N_roi": 32, "N_inlier": 31, "refit": true}
{"timestamp": "15:36:06.677594", "frame": 78, "mu": [1.6113748164260877, 1.826565445229086, 1.366428496686599], "Sigma": [[0.006167793375755564, -0.002917377469000486, 0.0008836416469268182], [-0.002917377469000486, 0.004457025875760164, -0.002281976075536873], [0.0008836416469268182, -0.0022819760755368734, 0.0023052103824480743]], "chi2_level": 0.997, "chi2_df": 3, "chi2_threshold": 13.931422665512084, "N_raw": 32, "N_roi": 32, "N_inlier": 31, "refit": true}
{"timestamp": "15:36:06.731696", "frame": 79, "mu": [1.670075419415813, 1.8523701342983951, 1.4205251539229788], "Sigma": [[0.0038710514743253554, -0.0025930043260579097, -0.00014072970896512096], [-0.00259300432605791, 0.0033224380514433882, -0.0019952491520414777], [-0.00014072970896512085, -0.0019952491520414777, 0.003758956896990285]], "chi2_level": 0.997, "chi2_df": 3, "chi2_threshold": 13.931422665512084, "N_raw": 21, "N_roi": 19, "N_inlier": 19, "refit": true}
{"timestamp": "15:36:06.898479", "frame": 82, "mu": [1.6148453842973804, 2.0212925723387385, 1.4709603727797476], "Sigma": [[0.0066878843117242305, -0.0037086106187407927, -0.00204520346244488], [-0.0037086106187407923, 0.005798924464381155, 0.0006340656032340439], [-0.0020452034624448803, 0.0006340656032340439, 0.0017144954794133863]], "chi2_level": 0.997, "chi2_df": 3, "chi2_threshold": 13.931422665512084, "N_raw": 31, "N_roi": 31, "N_inlier": 30, "refit": true}
{"timestamp": "15:36:06.952842", "frame": 83, "mu": [1.5367748471460776, 2.042424939383846, 1.373764503815707], "Sigma": [[0.005447104776580088, -0.002727647053987577, -0.002949867549331607], [-0.002727647053987577, 0.004206122920646098, -8.77178864883703e-05], [-0.002949867549331607, -8.77178864883703e-05, 0.0033199708878999014]], "chi2_level": 0.997, "chi2_df": 3, "chi2_threshold": 13.931422665512084, "N_raw": 24, "N_roi": 24, "N_inlier": 23, "refit": true}
{"timestamp": "15:36:07.009148", "frame": 84, "mu": [1.540796005126564, 2.0758863356412216, 1.376216945274387], "Sigma": [[0.007672142264737463, -0.003208548485790355, -0.0023601208200700295], [-0.0032085484857903544, 0.004618702172816069, -0.002360139107930261], [-0.0023601208200700295, -0.0023601391079302605, 0.005835684431489093]], "chi2_level": 0.997, "chi2_df": 3, "chi2_threshold": 13.931422665512084, "N_raw": 36, "N_roi": 36, "N_inlier": 36, "refit": true}
{"timestamp": "15:36:07.114482", "frame": 86, "mu": [1.6826584899234391, 2.095124663584477, 1.0264044047385723], "Sigma": [[0.03099537204816265, -0.008711568190302974, -0.08498032501980526], [-0.008711568190302974, 0.007680510873647667, 0.033186420159095245], [-0.08498032501980526, 0.033186420159095245, 0.2505583370988335]], "chi2_level": 0.997, "chi2_df": 3, "chi2_threshold": 13.931422665512084, "N_raw": 8, "N_roi": 8, "N_inlier": 8, "refit": true}
{"timestamp": "15:36:07.173551", "frame": 87, "mu": [1.5604458401296375, 2.1850172562906502, 1.483186396170783], "Sigma": [[0.006933275375587676, -0.0033803359595481605, 0.001045585463375293], [-0.0033803359595481605, 0.007671036396422409, -8.296586849484728e-06], [0.001045585463375293, -8.296586849484782e-06, 0.0008790507957067646]], "chi2_level": 0.997, "chi2_df": 3, "chi2_threshold": 13.931422665512084, "N_raw": 37, "N_roi": 37, "N_inlier": 36, "refit": true}
{"timestamp": "15:36:07.227399", "frame": 88, "mu": [1.5514940381519091, 2.2325230986544367, -0.4657410471590489], "Sigma": [[0.00442560296115121, -0.0006424696045257477, 0.0044420171165628335], [-0.0006424696045257477, 0.00314807791857044, -0.002699724553492897], [0.0044420171165628335, -0.002699724553492897, 0.03140406110756917]], "chi2_level": 0.997, "chi2_df": 3, "chi2_threshold": 13.931422665512084, "N_raw": 23, "N_roi": 23, "N_inlier": 22, "refit": true}
{"timestamp": "15:36:07.556638", "frame": 94, "mu": [1.5910496716532363, 2.488717784125489, 1.5177749467266535], "Sigma": [[0.004621187083621302, -0.0012565251759991383, -0.0009436582721677152], [-0.001256525175999138, 0.003919952548312017, 0.0021204451432383998], [-0.0009436582721677152, 0.0021204451432383998, 0.02177369319065428]], "chi2_level": 0.997, "chi2_df": 3, "chi2_threshold": 13.931422665512084, "N_raw": 21, "N_roi": 21, "N_inlier": 19, "refit": true}
{"timestamp": "15:36:07.612170", "frame": 95, "mu": [1.4896064291867148, 2.507219938082989, 1.4765296480299515], "Sigma": [[0.0065077020139278794, -0.0016910905741793192, -0.00026989971949577794], [-0.0016910905741793197, 0.005113263331661765, 0.0020530105646735593], [-0.00026989971949577805, 0.0020530105646735593, 0.002161507912297864]], "chi2_level": 0.997, "chi2_df": 3, "chi2_threshold": 13.931422665512084, "N_raw": 28, "N_roi": 28, "N_inlier": 27, "refit": true}
{"timestamp": "15:36:07.667953", "frame": 96, "mu": [1.5637414820215128, 2.502555691909596, 1.3779215519056356], "Sigma": [[0.007833639566905122, -0.0012838341775595835, -0.00733245402794826], [-0.0012838341775595838, 0.0036097157783511, -0.0004199477529125257], [-0.007332454027948262, -0.0004199477529125258, 0.01476349402724691]], "chi2_level": 0.997, "chi2_df": 3, "chi2_threshold": 13.931422665512084, "N_raw": 33, "N_roi": 33, "N_inlier": 32, "refit": true}
{"timestamp": "15:36:07.722224", "frame": 97, "mu": [1.6321061534473318, 2.4710944381047524, 0.9889598368466486], "Sigma": [[0.009196965468501019, -0.0060264695357184, -0.025325653378360347], [-0.006026469535718401, 0.00988680264208939, 0.04451295212401616], [-0.025325653378360347, 0.04451295212401615, 0.3289863546218453]], "chi2_level": 0.997, "chi2_df": 3, "chi2_threshold": 13.931422665512084, "N_raw": 25, "N_roi": 23, "N_inlier": 23, "refit": true}
{"timestamp": "15:36:07.777231", "frame": 98, "mu": [1.5268770489092012, 2.5956085331918914, 1.4151077365088218], "Sigma": [[0.0075860317001294275, -0.0026644443112813173, -0.0028292507874137975], [-0.0026644443112813173, 0.0038305637115641027, 0.0016314861771314403], [-0.0028292507874137975, 0.0016314861771314403, 0.005174765556399674]], "chi2_level": 0.997, "chi2_df": 3, "chi2_threshold": 13.931422665512084, "N_raw": 26, "N_roi": 23, "N_inlier": 21, "refit": true}
{"timestamp": "15:36:07.830987", "frame": 99, "mu": [1.5643090530093224, 2.59719607397986, 1.317997204602857], "Sigma": [[0.006191879349045712, -0.0009663525443623039, -0.011814442362008874], [-0.0009663525443623039, 0.0032263824805857746, 0.004738965439110358], [-0.011814442362008874, 0.004738965439110358, 0.07362704466466606]], "chi2_level": 0.997, "chi2_df": 3, "chi2_threshold": 13.931422665512084, "N_raw": 16, "N_roi": 16, "N_inlier": 15, "refit": true}
{"timestamp": "15:36:07.915206", "frame": 100, "mu": [1.5925909055945537, 2.6293710545451594, 1.054995775532753], "Sigma": [[0.005666769314400572, 0.00020238882326139782, -0.025747117579410173], [0.0002023888232613977, 0.0010861681635415735, 0.0019741242924119547], [-0.025747117579410173, 0.001974124292411954, 0.13708151694005324]], "chi2_level": 0.997, "chi2_df": 3, "chi2_threshold": 13.931422665512084, "N_raw": 7, "N_roi": 7, "N_inlier": 7, "refit": true}
{"timestamp": "15:36:07.940739", "frame": 101, "mu": [1.6098079896258735, 2.675604190193855, 1.1857600227875191], "Sigma": [[0.007197590793753144, 0.0017577446052219866, -0.026801599260408045], [0.0017577446052219863, 0.0026498324250030262, -0.0035004280228003322], [-0.026801599260408045, -0.0035004280228003314, 0.17120404831882383]], "chi2_level": 0.997, "chi2_df": 3, "chi2_threshold": 13.931422665512084, "N_raw": 9, "N_roi": 7, "N_inlier": 7, "refit": true}
{"timestamp": "15:36:07.994260", "frame": 102, "mu": [1.478760628615997, 2.5303353353521194, 1.368664557834527], "Sigma": [[0.1990025647869219, 0.33946328270616755, -0.07396574722891087], [0.33946328270616755, 0.5941705062045044, -0.09261661815815747], [-0.07396574722891089, -0.09261661815815747, 0.2103839503190459]], "chi2_level": 0.997, "chi2_df": 3, "chi2_threshold": 13.931422665512084, "N_raw": 9, "N_roi": 8, "N_inlier": 8, "refit": true}
{"timestamp": "15:36:08.160533", "frame": 105, "mu": [1.5261639445448083, 2.8848748980807533, 1.4407345213310183], "Sigma": [[0.003160494298777637, -0.0005897667618967267, -0.0010391222941747524], [-0.0005897667618967267, 0.0028911066788411713, 0.0013649174687028962], [-0.0010391222941747524, 0.0013649174687028962, 0.0015263678567079754]], "chi2_level": 0.997, "chi2_df": 3, "chi2_threshold": 13.931422665512084, "N_raw": 14, "N_roi": 14, "N_inlier": 13, "refit": true}
{"timestamp": "15:36:08.216960", "frame": 106, "mu": [1.56180301740011, 2.8601730222104282, 1.3609529539322645], "Sigma": [[0.007235634772056128, -0.003576085409400202, -0.0018688724377960183], [-0.003576085409400202, 0.0041533583813226724, 0.001238610712866976], [-0.0018688724377960181, 0.001238610712866976, 0.0014612370854155323]], "chi2_level": 0.997, "chi2_df": 3, "chi2_threshold": 13.931422665512084, "N_raw": 22, "N_roi": 22, "N_inlier": 20, "refit": true}
{"timestamp": "15:36:08.274890", "frame": 107, "mu": [1.5860707877758469, 2.9269723797836558, 1.416556143731094], "Sigma": [[0.011796958044839467, -0.0032006290799404986, -0.0037107823820566677], [-0.003200629079940499, 0.006358766362299072, 0.0013865160139702132], [-0.0037107823820566677, 0.0013865160139702132, 0.0025666837136348202]], "chi2_level": 0.997, "chi2_df": 3, "chi2_threshold": 13.931422665512084, "N_raw": 44, "N_roi": 42, "N_inlier": 41, "refit": true}
{"timestamp": "15:36:08.327687", "frame": 108, "mu": [1.6026596104118576, 2.926840933291431, 1.3553736005300574], "Sigma": [[0.0102886415134794, -0.0027413810295327102, -0.0070274095684329085], [-0.0027413810295327102, 0.0026314429339659665, 0.0008177652605248472], [-0.0070274095684329085, 0.0008177652605248471, 0.00724898531852436]], "chi2_level": 0.997, "chi2_df": 3, "chi2_threshold": 13.931422665512084, "N_raw": 24, "N_roi": 24, "N_inlier": 24, "refit": true}
{"timestamp": "15:36:08.383061", "frame": 109, "mu": [1.5433963047945758, 2.9665516699632537, 1.2803470033857483], "Sigma": [[0.008180991503309146, -0.002454995348527366, -0.0033636789870133597], [-0.002454995348527366, 0.0036042088338034068, -0.0008361408024450466], [-0.00336367898701336, -0.0008361408024450464, 0.006311588205210223]], "chi2_level": 0.997, "chi2_df": 3, "chi2_threshold": 13.931422665512084, "N_raw": 28, "N_roi": 22, "N_inlier": 22, "refit": true}
{"timestamp": "15:36:08.438305", "frame": 110, "mu": [1.6062316948540625, 2.988930880341958, 1.306369046731433], "Sigma": [[0.01567940351643913, -0.006029129009366694, -0.008550168326150595], [-0.006029129009366695, 0.0037683462268470955, 0.0009692296018456146], [-0.008550168326150593, 0.0009692296018456144, 0.011024720587327803]], "chi2_level": 0.997, "chi2_df": 3, "chi2_threshold": 13.931422665512084, "N_raw": 32, "N_roi": 32, "N_inlier": 31, "refit": true}
{"timestamp": "15:36:08.491011", "frame": 111, "mu": [1.5712639305587028, 3.0101371014816873, 1.3984720131135724], "Sigma": [[0.007729844643429464, -0.003736131755564097, -0.00290894873867525], [-0.0037361317555640967, 0.0038095339884443857, 0.0013184724611274234], [-0.0029089487386752496, 0.0013184724611274234, 0.002464936429964985]], "chi2_level": 0.997, "chi2_df": 3, "chi2_threshold": 13.931422665512084, "N_raw": 21, "N_roi": 21, "N_inlier": 20, "refit": true}
{"timestamp": "15:36:08.545970", "frame": 112, "mu": [1.5663814945969343, 3.0616716287987726, 1.3402600801279467], "Sigma": [[0.00643177587098779, -0.002879259299661623, -0.0032707164017212794], [-0.002879259299661623, 0.0020809509120383093, -0.0013935670880846677], [-0.00327071640172128, -0.0013935670880846677, 0.02557329048747045]], "chi2_level": 0.997, "chi2_df": 3, "chi2_threshold": 13.931422665512084, "N_raw": 16, "N_roi": 16, "N_inlier": 16, "refit": true}
{"timestamp": "15:36:08.602372", "frame": 113, "mu": [1.6978459622989581, 3.074094210554609, 1.1001580004952967], "Sigma": [[0.01291591800527399, -0.006253954142167346, -0.008794064134838589], [-0.006253954142167346, 0.005107764457562634, 0.0030246467419718336], [-0.00879406413483859, 0.0030246467419718336, 0.0099665349190945]], "chi2_level": 0.997, "chi2_df": 3, "chi2_threshold": 13.931422665512084, "N_raw": 23, "N_roi": 23, "N_inlier": 23, "refit": true}
{"timestamp": "15:36:08.658154", "frame": 114, "mu": [1.6371930877939427, 3.1199630370297458, 1.0100387631049117], "Sigma": [[0.01029111324644068, -0.004746694079510323, -0.007042782418371778], [-0.004746694079510323, 0.00639840774420682, -0.005865036301228102], [-0.007042782418371777, -0.005865036301228102, 0.037743774188732565]], "chi2_level": 0.997, "chi2_df": 3, "chi2_threshold": 13.931422665512084, "N_raw": 29, "N_roi": 28, "N_inlier": 26, "refit": true}
{"timestamp": "15:36:08.766013", "frame": 116, "mu": [1.589276258091427, 3.204552666260909, 1.408486054989779], "Sigma": [[0.007393286037389145, -0.003999620602872095, -0.005068691381176863], [-0.003999620602872095, 0.004420237885624655, 0.0024582992753488706], [-0.005068691381176863, 0.0024582992753488706, 0.005509691243263721]], "chi2_level": 0.997, "chi2_df": 3, "chi2_threshold": 13.931422665512084, "N_raw": 19, "N_roi": 19, "N_inlier": 16, "refit": true}
{"timestamp": "15:36:08.824964", "frame": 117, "mu": [1.6197438091056833, 3.2248479693509675, 1.2156017812412265], "Sigma": [[0.019422556065783376, -0.006755149541012759, -0.010709088201071103], [-0.006755149541012759, 0.005467794350987519, 0.0002655605675283369], [-0.010709088201071106, 0.00026556056752833734, 0.012357794303031343]], "chi2_level": 0.997, "chi2_df": 3, "chi2_threshold": 13.931422665512084, "N_raw": 48, "N_roi": 48, "N_inlier": 46, "refit": true}
{"timestamp": "15:36:08.875976", "frame": 118, "mu": [1.5311005056023363, 3.2579010776801134, 1.4335219087819857], "Sigma": [[0.010126596001942725, -0.004100146012990291, -0.004644478645895996], [-0.004100146012990292, 0.0035072349421124806, 0.002194083832944879], [-0.004644478645895996, 0.002194083832944879, 0.005626949161660416]], "chi2_level": 0.997, "chi2_df": 3, "chi2_threshold": 13.931422665512084, "N_raw": 20, "N_roi": 18, "N_inlier": 17, "refit": true}
{"timestamp": "15:36:08.932147", "frame": 119, "mu": [1.5521680716025488, 3.2961030958335966, 1.3537392142533202], "Sigma": [[0.011459817651772675, -0.006287526280714682, -0.008879726664809991], [-0.006287526280714681, 0.005161289978519528, 0.0052195115810574665], [-0.008879726664809991, 0.0052195115810574665, 0.02523464330360724]], "chi2_level": 0.997, "chi2_df": 3, "chi2_threshold": 13.931422665512084, "N_raw": 23, "N_roi": 23, "N_inlier": 22, "refit": true}
{"timestamp": "15:36:09.040899", "frame": 121, "mu": [1.6387880646517337, 3.353098484550693, 1.2194303828245894], "Sigma": [[0.007386566135891499, -0.002105654014588651, -0.008133842670077829], [-0.002105654014588651, 0.002595007688617541, 0.009196716394205676], [-0.008133842670077829, 0.009196716394205676, 0.07551311286537721]], "chi2_level": 0.997, "chi2_df": 3, "chi2_threshold": 13.931422665512084, "N_raw": 18, "N_roi": 15, "N_inlier": 15, "refit": true}
{"timestamp": "15:36:09.095596", "frame": 122, "mu": [1.4587348530294515, 3.153078591725271, 1.2650235332926154], "Sigma": [[0.2006177928528423, 0.4087049655746411, -0.1335982775752305], [0.40870496557464114, 0.8439713089655284, -0.24609916928969186], [-0.1335982775752305, -0.24609916928969186, 0.23951022745142975]], "chi2_level": 0.997, "chi2_df": 3, "chi2_threshold": 13.931422665512084, "N_raw": 10, "N_roi": 7, "N_inlier": 7, "refit": true}
{"timestamp": "15:36:09.152197", "frame": 123, "mu": [1.6192655080556146, 3.494849151931116, 1.4530143985398734], "Sigma": [[0.011371368463121043, -0.004653842671593517, -0.0008996130768284801], [-0.004653842671593517, 0.003520128060130987, 0.0006279737597293437], [-0.00089961307682848, 0.0006279737597293437, 0.02906950523053203]], "chi2_level": 0.997, "chi2_df": 3, "chi2_threshold": 13.931422665512084, "N_raw": 23, "N_roi": 23, "N_inlier": 22, "refit": true}
{"timestamp": "15:36:09.259963", "frame": 125, "mu": [1.6226636868906315, 3.573825223885199, 1.3608967843710023], "Sigma": [[0.004450948969913214, -0.00040103695677739496, -0.0095734386195299], [-0.00040103695677739496, 0.001783540174662589, 0.00035886447272933276], [-0.009573438619529898, 0.00035886447272933265, 0.022820886356343828]], "chi2_level": 0.997, "chi2_df": 3, "chi2_threshold": 13.931422665512084, "N_raw": 8, "N_roi": 8, "N_inlier": 8, "refit": true}
{"timestamp": "15:36:09.316975", "frame": 126, "mu": [1.583164743493016, 3.5623620928792485, 1.2923378954816365], "Sigma": [[0.010889599002443713, -0.004776817685757868, -0.00583741276044335], [-0.004776817685757867, 0.004932866669198273, 0.0023948530653446574], [-0.00583741276044335, 0.002394853065344658, 0.004700902239861227]], "chi2_level": 0.997, "chi2_df": 3, "chi2_threshold": 13.931422665512084, "N_raw": 23, "N_roi": 22, "N_inlier": 21, "refit": true}
{"timestamp": "15:36:09.372945", "frame": 127, "mu": [1.5650453785136773, 3.6143366065125293, 1.3801015039874331], "Sigma": [[0.015149001687838426, -0.006672384003551091, -0.005792857134195284], [-0.006672384003551091, 0.007021524130035941, 0.0038261144218272327], [-0.005792857134195284, 0.003826114421827233, 0.0040061287260829545]], "chi2_level": 0.997, "chi2_df": 3, "chi2_threshold": 13.931422665512084, "N_raw": 36, "N_roi": 35, "N_inlier": 33, "refit": true}
{"timestamp": "15:36:09.484188", "frame": 129, "mu": [1.553180876248703, 3.6881425337039224, 1.464295014175498], "Sigma": [[0.019382982934448803, -0.007320359185816723, -0.007625191679320794], [-0.0073203591858167225, 0.006931354380452551, 0.005023043825092413], [-0.007625191679320794, 0.005023043825092413, 0.00667227048283865]], "chi2_level": 0.997, "chi2_df": 3, "chi2_threshold": 13.931422665512084, "N_raw": 37, "N_roi": 37, "N_inlier": 36, "refit": true}
{"timestamp": "15:36:09.538855", "frame": 130, "mu": [1.5630168763922287, 3.7593315612361184, 1.5250010270636054], "Sigma": [[0.02198695121788497, -0.007995241243580713, -0.004856786438552239], [-0.007995241243580713, 0.007546427245779423, 0.0064365431697799725], [-0.00485678643855224, 0.0064365431697799725, 0.0072907453990878794]], "chi2_level": 0.997, "chi2_df": 3, "chi2_threshold": 13.931422665512084, "N_raw": 41, "N_roi": 39, "N_inlier": 38, "refit": true}
{"timestamp": "15:36:09.594499", "frame": 131, "mu": [1.5413218325208933, 3.7719471321692937, 1.368266560905985], "Sigma": [[0.020729743862661035, -0.006216044966490126, -0.008496972258985032], [-0.006216044966490125, 0.005620356717740245, 0.001123982999940187], [-0.00849697225898503, 0.001123982999940187, 0.005438970448744355]], "chi2_level": 0.997, "chi2_df": 3, "chi2_threshold": 13.931422665512084, "N_raw": 42, "N_roi": 42, "N_inlier": 42, "refit": true}
{"timestamp": "15:36:09.700390", "frame": 133, "mu": [1.5922154650304412, 3.7855299200383854, 1.1318479665712604], "Sigma": [[0.013189820654161707, -0.007788199339593205, -0.03775600793096145], [-0.007788199339593205, 0.005355730656638073, 0.023349315169077046], [-0.03775600793096145, 0.023349315169077046, 0.13689062800357113]], "chi2_level": 0.997, "chi2_df": 3, "chi2_threshold": 13.931422665512084, "N_raw": 12, "N_roi": 12, "N_inlier": 12, "refit": true}
{"timestamp": "15:36:09.755949", "frame": 134, "mu": [1.5102993668734042, 3.8917149967335822, 1.4206436601983197], "Sigma": [[0.015021051258204817, -0.005854449098282131, -0.028635517685041086], [-0.005854449098282131, 0.00467013983735385, 0.015177277712226364], [-0.028635517685041082, 0.015177277712226364, 0.07978029146490409]], "chi2_level": 0.997, "chi2_df": 3, "chi2_threshold": 13.931422665512084, "N_raw": 19, "N_roi": 19, "N_inlier": 18, "refit": true}
{"timestamp": "15:36:09.811139", "frame": 135, "mu": [1.600674135186581, 3.9012237034014987, 0.9597335686480304], "Sigma": [[0.005841357596616755, -0.0014783670578630394, -0.0036229658523600676], [-0.0014783670578630394, 0.0024140030123062624, 0.003715096207126792], [-0.0036229658523600676, 0.003715096207126792, 0.3041694760946794]], "chi2_level": 0.997, "chi2_df": 3, "chi2_threshold": 13.931422665512084, "N_raw": 14, "N_roi": 11, "N_inlier": 11, "refit": true}
{"timestamp": "15:36:09.867069", "frame": 136, "mu": [1.6682580012759027, 3.854898520412171, 0.9508822810386462], "Sigma": [[0.010019360918279565, -0.0007385505436067032, -0.0037124412020777633], [-0.0007385505436067036, 0.13928641408791081, 0.19787419496642042], [-0.003712441202077764, 0.19787419496642042, 0.2896101416200153]], "chi2_level": 0.997, "chi2_df": 3, "chi2_threshold": 13.931422665512084, "N_raw": 22, "N_roi": 20, "N_inlier": 18, "refit": true}
{"timestamp": "15:36:09.920502", "frame": 137, "mu": [1.7004580050543654, 3.9203784266455117, 0.8868482358226626], "Sigma": [[0.006549580497389579, -0.0026934011076781283, -0.0005983557678623095], [-0.0026934011076781283, 0.003145093874797995, -7.86557655554833e-05], [-0.0005983557678623095, -7.86557655554833e-05, 0.00030194018274748235]], "chi2_level": 0.997, "chi2_df": 3, "chi2_threshold": 13.931422665512084, "N_raw": 11, "N_roi": 11, "N_inlier": 11, "refit": true}
{"timestamp": "15:36:10.032032", "frame": 139, "mu": [1.5311433067884423, 4.01919948714262, 1.4052233361711854], "Sigma": [[0.009987209142877705, -0.002983622800671489, -0.000545467189451923], [-0.002983622800671489, 0.0029590403960040278, 6.0816431615153864e-05], [-0.000545467189451923, 6.081643161515389e-05, 0.00017478766803249277]], "chi2_level": 0.997, "chi2_df": 3, "chi2_threshold": 13.931422665512084, "N_raw": 22, "N_roi": 22, "N_inlier": 20, "refit": true}
{"timestamp": "15:36:10.086135", "frame": 140, "mu": [1.5757072661233447, 4.0459729806296085, 1.3224441110258909], "Sigma": [[0.013026302236182044, -0.004210033570122805, -0.007125031316875788], [-0.004210033570122805, 0.003739277146214715, 0.0022435186958169057], [-0.007125031316875788, 0.0022435186958169057, 0.0048752172458150864]], "chi2_level": 0.997, "chi2_df": 3, "chi2_threshold": 13.931422665512084, "N_raw": 22, "N_roi": 22, "N_inlier": 22, "refit": true}
{"timestamp": "15:36:10.251520", "frame": 143, "mu": [1.6373202809932585, 4.131888615419045, 1.1209437092252759], "Sigma": [[0.014202373804803258, -0.0059211257912853855, -0.007438668014235945], [-0.0059211257912853855, 0.004311213237431481, 0.002683399885594801], [-0.0074386680142359465, 0.002683399885594801, 0.005624369878143682]], "chi2_level": 0.997, "chi2_df": 3, "chi2_threshold": 13.931422665512084, "N_raw": 23, "N_roi": 23, "N_inlier": 21, "refit": true}
{"timestamp": "15:36:10.469621", "frame": 147, "mu": [1.5152821579555245, 3.8918234292986726, 1.140027464841456], "Sigma": [[0.3008002918023421, 0.623367954024145, -0.18309077807254615], [0.623367954024145, 1.6606903173146454, -0.28738549909560485], [-0.18309077807254615, -0.28738549909560485, 0.19682152672900516]], "chi2_level": 0.997, "chi2_df": 3, "chi2_threshold": 13.931422665512084, "N_raw": 7, "N_roi": 7, "N_inlier": 7, "refit": true}
{"timestamp": "15:36:10.582019", "frame": 149, "mu": [1.4860785765310818, 4.427092490711509, 1.4078900309241746], "Sigma": [[0.01807930047458821, -0.006246230943854477, -0.008156832184522], [-0.006246230943854477, 0.0035093340864040326, 0.001264984496145365], [-0.008156832184522, 0.001264984496145365, 0.009604957145407341]], "chi2_level": 0.997, "chi2_df": 3, "chi2_threshold": 13.931422665512084, "N_raw": 23, "N_roi": 23, "N_inlier": 22, "refit": true}
{"timestamp": "15:36:10.635176", "frame": 150, "mu": [1.5430464612237125, 4.422056877420186, 1.2372684084584347], "Sigma": [[0.009116548511159403, -0.0024794058783830157, -0.009271935474775703], [-0.0024794058783830157, 0.002456874178760746, 0.0001600413592817262], [-0.009271935474775703, 0.0001600413592817261, 0.014997968273926016]], "chi2_level": 0.997, "chi2_df": 3, "chi2_threshold": 13.931422665512084, "N_raw": 13, "N_roi": 11, "N_inlier": 11, "refit": true}
{"timestamp": "15:36:10.857171", "frame": 154, "mu": [1.5739039396512076, 4.54334391818881, 1.4131567875542164], "Sigma": [[0.010249277911339918, -0.0024611371495327546, -0.007307730365316821], [-0.002461137149532755, 0.00299170349183694, 0.0012839782119197212], [-0.007307730365316821, 0.0012839782119197212, 0.006898891992672722]], "chi2_level": 0.997, "chi2_df": 3, "chi2_threshold": 13.931422665512084, "N_raw": 20, "N_roi": 18, "N_inlier": 18, "refit": true}
{"timestamp": "15:36:10.910106", "frame": 155, "mu": [1.6592132657312502, 4.542910026487656, 0.8925252910323002], "Sigma": [[0.023553378197462265, -0.004358818690086602, -0.06055975487437408], [-0.004358818690086603, 0.001522079605069001, 0.0117006976702746], [-0.06055975487437408, 0.0117006976702746, 0.16684595528393023]], "chi2_level": 0.997, "chi2_df": 3, "chi2_threshold": 13.931422665512084, "N_raw": 9, "N_roi": 7, "N_inlier": 7, "refit": true}
{"timestamp": "15:36:10.967520", "frame": 156, "mu": [1.6776484118133985, 4.521187634070417, 0.9825727308959705], "Sigma": [[0.021537479608327345, -0.0069010685498359665, -0.012870452327127833], [-0.0069010685498359665, 0.003965499507200493, 0.001961992873962034], [-0.012870452327127833, 0.001961992873962034, 0.014227965124338568]], "chi2_level": 0.997, "chi2_df": 3, "chi2_threshold": 13.931422665512084, "N_raw": 28, "N_roi": 27, "N_inlier": 27, "refit": true}
{"timestamp": "15:36:11.020574", "frame": 157, "mu": [1.2905999375337855, 3.6592582750125553, 0.21993231348920816], "Sigma": [[0.4792057630341467, 1.2932908328143364, 0.05260238881027943], [1.2932908328143362, 3.583447645947942, 0.23594692554418742], [0.05260238881027943, 0.23594692554418742, 0.10336872046623954]], "chi2_level": 0.997, "chi2_df": 3, "chi2_threshold": 13.931422665512084, "N_raw": 9, "N_roi": 7, "N_inlier": 7, "refit": true}
{"timestamp": "15:36:11.074911", "frame": 158, "mu": [1.6551793167072955, 4.631528843632539, 1.1727339173324882], "Sigma": [[0.01717541957434077, -0.004353494847139685, -0.010201989401927809], [-0.004353494847139685, 0.0029465071853522345, 0.002066932600058668], [-0.010201989401927809, 0.002066932600058668, 0.009309437421465517]], "chi2_level": 0.997, "chi2_df": 3, "chi2_threshold": 13.931422665512084, "N_raw": 14, "N_roi": 14, "N_inlier": 13, "refit": true}
{"timestamp": "15:36:11.354186", "frame": 163, "mu": [1.5805718027705993, 4.81009871795596, 1.159938454711175], "Sigma": [[0.030011363614482964, -0.010542531401770144, -0.02750827470850887], [-0.010542531401770142, 0.005471080285541062, 0.004769724395970555], [-0.02750827470850887, 0.004769724395970555, 0.061898373050105586]], "chi2_level": 0.997, "chi2_df": 3, "chi2_threshold": 13.931422665512084, "N_raw": 41, "N_roi": 40, "N_inlier": 40, "refit": true}
{"timestamp": "15:36:11.407363", "frame": 164, "mu": [1.5334968745267172, 4.862319446993449, 1.21290868318832], "Sigma": [[0.03143029512407486, -0.008850880218242702, -0.016167326639203256], [-0.008850880218242702, 0.0038186196953029564, 0.002146787694753075], [-0.016167326639203256, 0.002146787694753075, 0.020414798771734848]], "chi2_level": 0.997, "chi2_df": 3, "chi2_threshold": 13.931422665512084, "N_raw": 28, "N_roi": 27, "N_inlier": 27, "refit": true}
