{"timestamp": "15:25:51.261609", "frame": 34, "mu": [-2.371499478294749, 1.0316923217450626, 1.281866473486359], "Sigma": [[0.005536261519010499, 0.00721795204380242, -0.005044100026669407], [0.00721795204380242, 0.011690582775694612, -0.008454774801550467], [-0.005044100026669407, -0.008454774801550467, 0.00686154525456376]], "chi2_level": 0.997, "chi2_df": 3, "chi2_threshold": 13.931422665512084, "N_raw": 19, "N_roi": 19, "N_inlier": 19, "refit": true}
{"timestamp": "15:25:51.316898", "frame": 35, "mu": [-2.372488105362247, 1.049192447244746, 1.3292609807847335], "Sigma": [[0.004428075426444299, 0.005559421192171971, -0.0036331215640682344], [0.005559421192171971, 0.010656013827032053, -0.005880064277716061], [-0.0036331215640682344, -0.005880064277716059, 0.0039061356795822154]], "chi2_level": 0.997, "chi2_df": 3, "chi2_threshold": 13.931422665512084, "N_raw": 17, "N_roi": 16, "N_inlier": 16, "refit": true}
{"timestamp": "15:25:51.370970", "frame": 36, "mu": [-2.352637718113071, 1.043220244820188, 1.246193941438784], "Sigma": [[0.007608284785431854, 0.011384465376844854, -0.004715938660774265], [0.011384465376844854, 0.01953297959095219, -0.008762106137393763], [-0.004715938660774265, -0.008762106137393765, 0.004823065714377803]], "chi2_level": 0.997, "chi2_df": 3, "chi2_threshold": 13.931422665512084, "N_raw": 22, "N_roi": 22, "N_inlier": 22, "refit": true}
{"timestamp": "15:25:51.427531", "frame": 37, "mu": [-2.284253893427348, 1.080217051779497, 1.2056761433425287], "Sigma": [[0.008471478142772857, 0.009321065553570547, -0.006473042901353287], [0.009321065553570547, 0.019398195849425367, -0.007853422860556947], [-0.006473042901353287, -0.00785342286055695, 0.0053072797381585]], "chi2_level": 0.997, "chi2_df": 3, "chi2_threshold": 13.931422665512084, "N_raw": 24, "N_roi": 24, "N_inlier": 23, "refit": true}
{"timestamp": "15:25:51.539516", "frame": 39, "mu": [-2.290296962955388, 1.0954436524245594, 1.19734191394542], "Sigma": [[0.008604122548818609, 0.008493431793331703, -0.004314921639069439], [0.008493431793331703, 0.013864936640419963, -0.008762252598595416], [-0.004314921639069439, -0.008762252598595416, 0.00710688059216951]], "chi2_level": 0.997, "chi2_df": 3, "chi2_threshold": 13.931422665512084, "N_raw": 36, "N_roi": 36, "N_inlier": 36, "refit": true}
{"timestamp": "15:25:51.593310", "frame": 40, "mu": [-2.2271437097121103, 1.0988437737847683, 1.2472764617918242], "Sigma": [[0.008112889687550287, 0.009586765003386007, -0.0044779467739398], [0.009586765003386007, 0.015598822271602019, -0.008289508062812074], [-0.004477946773939801, -0.008289508062812074, 0.005167212653653052]], "chi2_level": 0.997, "chi2_df": 3, "chi2_threshold": 13.931422665512084, "N_raw": 30, "N_roi": 30, "N_inlier": 29, "refit": true}
{"timestamp": "15:25:51.647309", "frame": 41, "mu": [-2.239386601203728, 1.167133191242898, 1.2546749607275784], "Sigma": [[0.005181899589832845, 0.005638694330725686, -0.0035146665969419738], [0.005638694330725686, 0.008911886137036458, -0.00728965668918616], [-0.0035146665969419738, -0.00728965668918616, 0.008949559574930295]], "chi2_level": 0.997, "chi2_df": 3, "chi2_threshold": 13.931422665512084, "N_raw": 26, "N_roi": 26, "N_inlier": 25, "refit": true}
{"timestamp": "15:25:51.702408", "frame": 42, "mu": [-2.2759941431990063, 1.1206649013766712, 1.050721469732782], "Sigma": [[0.0040405972313578625, 0.004304996321242429, -0.0021887751259967157], [0.004304996321242429, 0.008488551844396256, -0.0052554543011149955], [-0.002188775125996716, -0.0052554543011149955, 0.005634727739039026]], "chi2_level": 0.997, "chi2_df": 3, "chi2_threshold": 13.931422665512084, "N_raw": 22, "N_roi": 22, "N_inlier": 22, "refit": true}
{"timestamp": "15:25:51.760925", "frame": 43, "mu": [-2.1909100368152803, 1.1999100596695604, 1.2562542662805984], "Sigma": [[0.007754669652802768, 0.007101442737484155, -0.0037928151574867894], [0.007101442737484155, 0.011341893461385444, -0.009056113328277559], [-0.00379281515748679, -0.009056113328277559, 0.011221978343897824]], "chi2_level": 0.997, "chi2_df": 3, "chi2_threshold": 13.931422665512084, "N_raw": 44, "N_roi": 44, "N_inlier": 41, "refit": true}
{"timestamp": "15:25:51.813643", "frame": 44, "mu": [-2.17575773596963, 1.1792981341523232, 1.2624339367859174], "Sigma": [[0.007353162713138027, 0.007447672269085997, -0.005605787544280682], [0.007447672269085997, 0.015065084647512208, -0.007986604236175095], [-0.005605787544280682, -0.007986604236175095, 0.005637543051659259]], "chi2_level": 0.997, "chi2_df": 3, "chi2_threshold": 13.931422665512084, "N_raw": 33, "N_roi": 33, "N_inlier": 33, "refit": true}
{"timestamp": "15:25:51.923531", "frame": 46, "mu": [-2.11004435383106, 1.3339323543304253, -0.5781979365213451], "Sigma": [[0.006126880807410129, 0.006377705504766289, 0.004895064091966915], [0.0063777055047662895, 0.01740300621145169, 0.011013434376118382], [0.004895064091966916, 0.011013434376118385, 0.019800260686768684]], "chi2_level": 0.997, "chi2_df": 3, "chi2_threshold": 13.931422665512084, "N_raw": 32, "N_roi": 32, "N_inlier": 32, "refit": true}
{"timestamp": "15:25:51.981341", "frame": 47, "mu": [-2.066088674355664, 1.3656221813609517, 1.3579591801118367], "Sigma": [[0.009998243126418572, 0.008481396551836877, -0.006496936893191663], [0.008481396551836877, 0.011425313638453193, -0.011805042275684133], [-0.006496936893191663, -0.011805042275684133, 0.020394787040810783]], "chi2_level": 0.997, "chi2_df": 3, "chi2_threshold": 13.931422665512084, "N_raw": 50, "N_roi": 50, "N_inlier": 50, "refit": true}
{"timestamp": "15:25:52.088577", "frame": 49, "mu": [-1.9184173527267476, 1.3953617197698078, 1.3337338775215373], "Sigma": [[0.00953226401946295, 0.00798098421269642, -0.007368778479810333], [0.00798098421269642, 0.01053732028052063, -0.009165376113704313], [-0.007368778479810334, -0.009165376113704313, 0.008929957133611678]], "chi2_level": 0.997, "chi2_df": 3, "chi2_threshold": 13.931422665512084, "N_raw": 25, "N_roi": 25, "N_inlier": 25, "refit": true}
{"timestamp": "15:25:52.198335", "frame": 51, "mu": [-1.9824883351444498, 1.5313518003830084, 1.287574632853597], "Sigma": [[0.014208916251951887, 0.0036230800179211115, -0.002610609073942073], [0.003623080017921112, 0.00861391872394277, -0.005601890685396779], [-0.002610609073942073, -0.005601890685396779, 0.009594955262549804]], "chi2_level": 0.997, "chi2_df": 3, "chi2_threshold": 13.931422665512084, "N_raw": 19, "N_roi": 19, "N_inlier": 19, "refit": true}
{"timestamp": "15:25:52.256412", "frame": 52, "mu": [-1.969143147589899, 1.5142366842310337, 1.32379939010684], "Sigma": [[0.013151492575255216, 0.007719308780066275, -0.00935536389751947], [0.007719308780066275, 0.010463544941389779, -0.008519675356237627], [-0.00935536389751947, -0.008519675356237627, 0.009578105293443976]], "chi2_level": 0.997, "chi2_df": 3, "chi2_threshold": 13.931422665512084, "N_raw": 37, "N_roi": 37, "N_inlier": 36, "refit": true}
{"timestamp": "15:25:52.371398", "frame": 54, "mu": [-1.8667622416426226, 1.744324745246535, 1.3504566080033622], "Sigma": [[0.021034309090992714, 0.012840005371479245, -0.01778806520021148], [0.012840005371479245, 0.012658066814992344, -0.015043114759767915], [-0.01778806520021148, -0.015043114759767915, 0.021902074323275834]], "chi2_level": 0.997, "chi2_df": 3, "chi2_threshold": 13.931422665512084, "N_raw": 67, "N_roi": 67, "N_inlier": 65, "refit": true}
{"timestamp": "15:25:52.419710", "frame": 55, "mu": [-1.690518540053173, 1.7754720857995812, 1.2580731147421607], "Sigma": [[0.013629122155645506, 0.008803281650567799, -0.01069213648657157], [0.008803281650567799, 0.013457366131051767, -0.018838770495123107], [-0.01069213648657157, -0.018838770495123107, 0.07828764456004897]], "chi2_level": 0.997, "chi2_df": 3, "chi2_threshold": 13.931422665512084, "N_raw": 18, "N_roi": 18, "N_inlier": 17, "refit": true}
{"timestamp": "15:25:52.526402", "frame": 57, "mu": [-1.58364693981797, 1.9511324918593749, 1.1207613294033756], "Sigma": [[0.0017138020326107368, 0.0007408655761589411, 0.008612534073992272], [0.0007408655761589411, 0.004601706476034021, 0.007028132738601561], [0.008612534073992272, 0.007028132738601563, 0.18031479426295974]], "chi2_level": 0.997, "chi2_df": 3, "chi2_threshold": 13.931422665512084, "N_raw": 10, "N_roi": 8, "N_inlier": 8, "refit": true}
{"timestamp": "15:25:52.584252", "frame": 58, "mu": [-1.5756239586715404, 1.9954277630984967, 1.455837893140759], "Sigma": [[0.008225663535757597, -0.0009777960699023465, -0.0057657870594212315], [-0.000977796069902347, 0.002387598402230233, 0.0017979725815571571], [-0.0057657870594212315, 0.0017979725815571571, 0.00495071262600266]], "chi2_level": 0.997, "chi2_df": 3, "chi2_threshold": 13.931422665512084, "N_raw": 22, "N_roi": 19, "N_inlier": 19, "refit": true}
{"timestamp": "15:25:52.637333", "frame": 59, "mu": [-1.511712243283579, 2.061998873003106, 1.0272600315340574], "Sigma": [[0.0039268569029507535, -9.422205239152637e-06, -0.011853559580124774], [-9.422205239152637e-06, 0.0016507522896900453, -0.014234121349417001], [-0.011853559580124774, -0.014234121349417001, 0.19263816925199273]], "chi2_level": 0.997, "chi2_df": 3, "chi2_threshold": 13.931422665512084, "N_raw": 8, "N_roi": 8, "N_inlier": 8, "refit": true}
{"timestamp": "15:25:52.754378", "frame": 61, "mu": [-1.4205743695462534, 2.1960025181662663, 1.4159027986174275], "Sigma": [[0.010756761382208537, 0.00435782811615306, -0.010767965832437162], [0.00435782811615306, 0.0057896850492539275, -0.010085470688721242], [-0.010767965832437162, -0.010085470688721242, 0.02178859080607621]], "chi2_level": 0.997, "chi2_df": 3, "chi2_threshold": 13.931422665512084, "N_raw": 60, "N_roi": 59, "N_inlier": 56, "refit": true}
{"timestamp": "15:25:52.807539", "frame": 62, "mu": [-1.3934305205655757, 2.2511072480527945, -0.5387091713998649], "Sigma": [[0.00683777455868801, 0.003374866202061808, -0.005804717725597398], [0.003374866202061808, 0.02443892243574262, -0.040153473545379854], [-0.005804717725597398, -0.04015347354537985, 0.08937907062826798]], "chi2_level": 0.997, "chi2_df": 3, "chi2_threshold": 13.931422665512084, "N_raw": 40, "N_roi": 39, "N_inlier": 36, "refit": true}
{"timestamp": "15:25:52.861754", "frame": 63, "mu": [-1.2611974883424095, 2.235028312208634, 1.2553625571097087], "Sigma": [[0.007011581327929946, 0.000892067760939051, -0.008940436244762071], [0.000892067760939051, 0.0037896796171912224, -0.007925090666265839], [-0.008940436244762071, -0.00792509066626584, 0.17188284575097632]], "chi2_level": 0.997, "chi2_df": 3, "chi2_threshold": 13.931422665512084, "N_raw": 33, "N_roi": 33, "N_inlier": 32, "refit": true}
{"timestamp": "15:25:52.920029", "frame": 64, "mu": [-1.2430120429637954, 2.3299491147968103, 1.1621547100341856], "Sigma": [[0.01181689031640847, 0.0007473192724081696, -0.01284150863683912], [0.0007473192724081692, 0.005129600943979947, -0.015593663781321234], [-0.012841508636839118, -0.015593663781321234, 0.07554827014870467]], "chi2_level": 0.997, "chi2_df": 3, "chi2_threshold": 13.931422665512084, "N_raw": 56, "N_roi": 56, "N_inlier": 54, "refit": true}
{"timestamp": "15:25:52.978168", "frame": 65, "mu": [-1.15326112651483, 2.341616619579838, 1.2607371645725813], "Sigma": [[0.011284940435285195, 0.0009613946558477419, -0.006694369354150059], [0.0009613946558477421, 0.005683268476744217, -0.005430991016880486], [-0.006694369354150059, -0.005430991016880486, 0.013067420795046766]], "chi2_level": 0.997, "chi2_df": 3, "chi2_threshold": 13.931422665512084, "N_raw": 73, "N_roi": 73, "N_inlier": 67, "refit": true}
{"timestamp": "15:25:53.029109", "frame": 66, "mu": [-1.0776221929314362, 2.357558492415269, 0.9569207538364197], "Sigma": [[0.011862931750939073, 0.0011148164423795477, 0.017844366196911918], [0.0011148164423795475, 0.003765991303460021, 0.005897138304524078], [0.017844366196911914, 0.005897138304524078, 0.16447626721492367]], "chi2_level": 0.997, "chi2_df": 3, "chi2_threshold": 13.931422665512084, "N_raw": 50, "N_roi": 48, "N_inlier": 47, "refit": true}
{"timestamp": "15:25:53.085915", "frame": 67, "mu": [-1.1212172927544446, 2.380822586716795, 0.7261071126139654], "Sigma": [[0.030317997911646574, 0.0019561653768920403, 0.06376326867128809], [0.0019561653768920403, 0.002552279803896842, -0.003408285238637355], [0.06376326867128809, -0.003408285238637355, 0.22541517207934078]], "chi2_level": 0.997, "chi2_df": 3, "chi2_threshold": 13.931422665512084, "N_raw": 66, "N_roi": 66, "N_inlier": 65, "refit": true}
{"timestamp": "15:25:53.145915", "frame": 68, "mu": [-1.047707453061494, 2.4693393257665197, -0.6955830465596256], "Sigma": [[0.021671589419996883, 0.0005783668794593583, 0.10808679311986621], [0.0005783668794593582, 0.007339008789037294, 0.0015351236318777266], [0.10808679311986621, 0.0015351236318777264, 0.8810895863219931]], "chi2_level": 0.997, "chi2_df": 3, "chi2_threshold": 13.931422665512084, "N_raw": 94, "N_roi": 94, "N_inlier": 93, "refit": true}
{"timestamp": "15:25:53.191807", "frame": 69, "mu": [-1.0164050614731064, 2.564323771110626, 0.6213673167403637], "Sigma": [[0.016457055146405716, -0.0007834027399860123, 0.03699994781373915], [-0.0007834027399860125, 0.0023284567378442952, -0.009338901262916898], [0.03699994781373915, -0.009338901262916897, 0.14608659251178577]], "chi2_level": 0.997, "chi2_df": 3, "chi2_threshold": 13.931422665512084, "N_raw": 25, "N_roi": 25, "N_inlier": 25, "refit": true}
{"timestamp": "15:25:53.249569", "frame": 70, "mu": [-0.9138579185104143, 2.556393548750683, 1.010843486570227], "Sigma": [[0.013255017366264896, 0.00020190620918169482, 0.004664678800055313], [0.00020190620918169498, 0.0023671718592454686, -0.00528404339597204], [0.004664678800055312, -0.005284043395972041, 0.052610098550160585]], "chi2_level": 0.997, "chi2_df": 3, "chi2_threshold": 13.931422665512084, "N_raw": 58, "N_roi": 56, "N_inlier": 54, "refit": true}
{"timestamp": "15:25:53.301909", "frame": 71, "mu": [-0.8283594650409138, 2.631027733302547, 1.1070290489852919], "Sigma": [[0.008263838739364903, -0.00044212703408148184, -0.006768776151323017], [-0.0004421270340814819, 0.0008245668123299798, -0.002036932154408998], [-0.006768776151323017, -0.002036932154408998, 0.015425605619969422]], "chi2_level": 0.997, "chi2_df": 3, "chi2_threshold": 13.931422665512084, "N_raw": 39, "N_roi": 39, "N_inlier": 35, "refit": true}
{"timestamp": "15:25:53.362578", "frame": 72, "mu": [-0.840573098147662, 2.663657597996198, 1.2249523934230693], "Sigma": [[0.013435710354219648, -0.000810352630550719, -0.007888829355151252], [-0.0008103526305507189, 0.0034891564920919473, -0.0057452064049977915], [-0.007888829355151252, -0.005745206404997791, 0.02152079777795181]], "chi2_level": 0.997, "chi2_df": 3, "chi2_threshold": 13.931422665512084, "N_raw": 74, "N_roi": 74, "N_inlier": 70, "refit": true}
{"timestamp": "15:25:53.417914", "frame": 73, "mu": [-0.7770341376560264, 2.691973891127959, 1.2370350328737347], "Sigma": [[0.014341646097080931, 0.0005172690660270196, -0.0033935432664397897], [0.0005172690660270197, 0.004031806389448846, -0.006234120629652672], [-0.00339354326643979, -0.006234120629652673, 0.01451617322748317]], "chi2_level": 0.997, "chi2_df": 3, "chi2_threshold": 13.931422665512084, "N_raw": 78, "N_roi": 78, "N_inlier": 73, "refit": true}
{"timestamp": "15:25:53.471995", "frame": 74, "mu": [-0.729777518512558, 2.7522120777012877, 1.2094489011855838], "Sigma": [[0.011855017585216975, 0.00029925996486477745, -0.008962983812085948], [0.0002992599648647775, 0.0020891081799730904, -0.006077191071264823], [-0.008962983812085948, -0.006077191071264824, 0.03972212827957995]], "chi2_level": 0.997, "chi2_df": 3, "chi2_threshold": 13.931422665512084, "N_raw": 69, "N_roi": 67, "N_inlier": 65, "refit": true}
{"timestamp": "15:25:53.527051", "frame": 75, "mu": [-0.6902505912106531, 2.801812465877183, 1.2829512100895861], "Sigma": [[0.01224885420612471, -0.0015771049096071636, -0.010320195249535547], [-0.0015771049096071639, 0.004850787675571074, -0.0033165341765016816], [-0.010320195249535547, -0.0033165341765016816, 0.01606388736366254]], "chi2_level": 0.997, "chi2_df": 3, "chi2_threshold": 13.931422665512084, "N_raw": 68, "N_roi": 68, "N_inlier": 63, "refit": true}
{"timestamp": "15:25:53.585700", "frame": 76, "mu": [-0.6695928805448246, 2.8812207434320456, 1.1185428986189918], "Sigma": [[0.015812450857123406, -0.0046576495063394546, 0.0008351106450572539], [-0.0046576495063394546, 0.005846269374434706, -0.013281381834509692], [0.0008351106450572542, -0.013281381834509692, 0.07424271443689401]], "chi2_level": 0.997, "chi2_df": 3, "chi2_threshold": 13.931422665512084, "N_raw": 100, "N_roi": 99, "N_inlier": 96, "refit": true}
{"timestamp": "15:25:53.636247", "frame": 77, "mu": [-0.5996017724053364, 2.8856629253884143, 1.3010927799628058], "Sigma": [[0.015072379206665409, -0.0011425895880574674, -0.005962690396400262], [-0.0011425895880574676, 0.004334414828288564, -0.003587953102437344], [-0.005962690396400262, -0.003587953102437344, 0.010524593696913227]], "chi2_level": 0.997, "chi2_df": 3, "chi2_threshold": 13.931422665512084, "N_raw": 66, "N_roi": 66, "N_inlier": 62, "refit": true}
{"timestamp": "15:25:53.692915", "frame": 78, "mu": [-0.6004208763323856, 2.9946762993753375, 0.8423296267586551], "Sigma": [[0.01319206079218443, -0.002121163703511792, 0.003940255740658514], [-0.002121163703511792, 0.002108760848172781, -0.014960911233759464], [0.003940255740658516, -0.014960911233759465, 0.3229334525428792]], "chi2_level": 0.997, "chi2_df": 3, "chi2_threshold": 13.931422665512084, "N_raw": 75, "N_roi": 69, "N_inlier": 69, "refit": true}
{"timestamp": "15:25:53.744726", "frame": 79, "mu": [-0.5841250856213003, 3.0716911438225942, 0.7913659620706531], "Sigma": [[0.0149463083820126, -0.0003899673920761212, 0.00261293618810189], [-0.0003899673920761211, 0.0014484483392041472, -0.007422332433242026], [0.00261293618810189, -0.007422332433242026, 0.13422578193052667]], "chi2_level": 0.997, "chi2_df": 3, "chi2_threshold": 13.931422665512084, "N_raw": 57, "N_roi": 57, "N_inlier": 56, "refit": true}
{"timestamp": "15:25:53.799732", "frame": 80, "mu": [-0.4600857428068261, 3.0368714537267794, 0.860118559288046], "Sigma": [[0.015199358960506204, 0.0010496287950672598, -0.03284099139671222], [0.00104962879506726, 0.0015344954798330315, -0.013769064456748034], [-0.03284099139671222, -0.013769064456748033, 0.3409834239571945]], "chi2_level": 0.997, "chi2_df": 3, "chi2_threshold": 13.931422665512084, "N_raw": 56, "N_roi": 56, "N_inlier": 56, "refit": true}
{"timestamp": "15:25:53.854409", "frame": 81, "mu": [-0.44142948268263715, 3.0878536644701358, 1.3435040566233207], "Sigma": [[0.015191718729182674, 0.001085128397279409, -0.004732591502531795], [0.001085128397279409, 0.0033930455894678174, -0.006968461303777405], [-0.004732591502531794, -0.006968461303777405, 0.16215147797706345]], "chi2_level": 0.997, "chi2_df": 3, "chi2_threshold": 13.931422665512084, "N_raw": 50, "N_roi": 48, "N_inlier": 47, "refit": true}
{"timestamp": "15:25:53.908723", "frame": 82, "mu": [-0.3788215563695166, 3.1100348552658748, 1.259583927570457], "Sigma": [[0.017405411751410964, -0.00015195638278602962, -0.011262715254013622], [-0.00015195638278602954, 0.0014050757914632291, -0.002767636868571151], [-0.011262715254013622, -0.002767636868571151, 0.01779376820878793]], "chi2_level": 0.997, "chi2_df": 3, "chi2_threshold": 13.931422665512084, "N_raw": 47, "N_roi": 45, "N_inlier": 42, "refit": true}
{"timestamp": "15:25:53.963378", "frame": 83, "mu": [-0.3163993792581026, 3.1690836247358667, 1.1287466937637032], "Sigma": [[0.015583906227427042, -0.0019687535404177892, -0.009188400113704344], [-0.0019687535404177897, 0.0028143630527563187, -0.0025472812762500894], [-0.009188400113704344, -0.0025472812762500894, 0.01251453522115601]], "chi2_level": 0.997, "chi2_df": 3, "chi2_threshold": 13.931422665512084, "N_raw": 50, "N_roi": 50, "N_inlier": 49, "refit": true}
{"timestamp": "15:25:54.016393", "frame": 84, "mu": [-0.26301324901125, 3.2279768091523553, 1.3523644986238523], "Sigma": [[0.008914353560931645, -0.00040772335331659454, -0.004567624150775962], [-0.00040772335331659454, 0.0018214745507163846, -0.004794321475056956], [-0.004567624150775963, -0.004794321475056956, 0.022949765135465015]], "chi2_level": 0.997, "chi2_df": 3, "chi2_threshold": 13.931422665512084, "N_raw": 37, "N_roi": 37, "N_inlier": 35, "refit": true}
{"timestamp": "15:25:54.076555", "frame": 85, "mu": [-0.3522606223086153, 3.277571373344701, 0.9046548168287876], "Sigma": [[0.021017259757676883, 0.006280046166520191, 0.03064401393230799], [0.006280046166520191, 0.00624505417716018, 0.027421965300983498], [0.030644013932307985, 0.027421965300983498, 0.2790773659461267]], "chi2_level": 0.997, "chi2_df": 3, "chi2_threshold": 13.931422665512084, "N_raw": 67, "N_roi": 64, "N_inlier": 63, "refit": true}
{"timestamp": "15:25:54.128724", "frame": 86, "mu": [-0.3260140841399979, 3.320878332719432, 0.7845810969914444], "Sigma": [[0.01693975269456241, 0.007270339311399032, 0.04647590437652197], [0.007270339311399032, 0.00520835741723449, 0.03258729259474051], [0.04647590437652197, 0.03258729259474051, 0.2966497749137732]], "chi2_level": 0.997, "chi2_df": 3, "chi2_threshold": 13.931422665512084, "N_raw": 47, "N_roi": 47, "N_inlier": 46, "refit": true}
{"timestamp": "15:25:54.232476", "frame": 88, "mu": [-0.05021765800397856, 3.4240666472593633, 1.014620356222839], "Sigma": [[0.0024203102379735998, 0.0008912450477983678, 0.015352325053007869], [0.0008912450477983678, 0.002906044798611763, -0.013674628229748057], [0.015352325053007869, -0.013674628229748059, 0.35892130343296025]], "chi2_level": 0.997, "chi2_df": 3, "chi2_threshold": 13.931422665512084, "N_raw": 7, "N_roi": 7, "N_inlier": 7, "refit": true}
{"timestamp": "15:25:54.288373", "frame": 89, "mu": [-0.016807115449894137, 3.524507746869127, 1.2376796110574668], "Sigma": [[0.004214907386468848, -4.921514515892787e-05, 0.01835901363753086], [-4.9215145158927544e-05, 0.0037025567101523034, -0.015382766475197266], [0.01835901363753086, -0.015382766475197266, 0.2963512569807349]], "chi2_level": 0.997, "chi2_df": 3, "chi2_threshold": 13.931422665512084, "N_raw": 16, "N_roi": 14, "N_inlier": 14, "refit": true}
{"timestamp": "15:25:54.344306", "frame": 90, "mu": [0.008329603337141557, 3.5877617813325573, 1.3525054452610443], "Sigma": [[0.008206835618622316, -0.0014035306261233962, 0.004632124908920543], [-0.0014035306261233962, 0.001445768941568612, -0.0006340423097352195], [0.0046321249089205435, -0.0006340423097352195, 0.2100475338903574]], "chi2_level": 0.997, "chi2_df": 3, "chi2_threshold": 13.931422665512084, "N_raw": 25, "N_roi": 25, "N_inlier": 24, "refit": true}
{"timestamp": "15:25:54.456931", "frame": 92, "mu": [0.13395800487080417, 3.601582997003285, 1.3293301699143913], "Sigma": [[0.01428073075548066, -0.00177256106599379, -0.0007816976403478171], [-0.00177256106599379, 0.003408826466651221, -0.003734031587722941], [-0.0007816976403478171, -0.003734031587722941, 0.00677423421732281]], "chi2_level": 0.997, "chi2_df": 3, "chi2_threshold": 13.931422665512084, "N_raw": 43, "N_roi": 43, "N_inlier": 43, "refit": true}
{"timestamp": "15:25:54.511720", "frame": 93, "mu": [0.17285148463746705, 3.688571250355696, 1.2507279396818327], "Sigma": [[0.009748043020216743, -0.0040268470552192, 0.012579474988774084], [-0.004026847055219201, 0.004324979624106086, -0.012602933210769815], [0.012579474988774084, -0.012602933210769815, 0.051566468092544414]], "chi2_level": 0.997, "chi2_df": 3, "chi2_threshold": 13.931422665512084, "N_raw": 33, "N_roi": 31, "N_inlier": 30, "refit": true}
{"timestamp": "15:25:54.564022", "frame": 94, "mu": [0.22228308587086687, 3.726338201611009, 1.4040366580881736], "Sigma": [[0.006557099424728196, -0.0015675967727750602, 0.0023401891633508367], [-0.0015675967727750602, 0.003631200269552163, -0.0035828260519431237], [0.0023401891633508375, -0.0035828260519431233, 0.006409044151460201]], "chi2_level": 0.997, "chi2_df": 3, "chi2_threshold": 13.931422665512084, "N_raw": 22, "N_roi": 22, "N_inlier": 19, "refit": true}
{"timestamp": "15:25:54.623361", "frame": 95, "mu": [0.22857232481404263, 3.7941397837949387, 1.1214735157193625], "Sigma": [[0.008185231568070772, -0.00024763638469465577, 0.008840744231551873], [-0.00024763638469465577, 0.00042032883505090145, -0.0008452907483340166], [0.008840744231551873, -0.0008452907483340166, 0.07681400055148753]], "chi2_level": 0.997, "chi2_df": 3, "chi2_threshold": 13.931422665512084, "N_raw": 52, "N_roi": 28, "N_inlier": 27, "refit": true}
{"timestamp": "15:25:54.676999", "frame": 96, "mu": [0.32176202315392266, 3.81503824537468, 1.5150058871665277], "Sigma": [[0.012625565751606097, -0.0018019219181108442, -0.007439855302050508], [-0.0018019219181108445, 0.003162875949830204, 0.0001644496527837621], [-0.007439855302050508, 0.0001644496527837621, 0.006972272857869431]], "chi2_level": 0.997, "chi2_df": 3, "chi2_threshold": 13.931422665512084, "N_raw": 33, "N_roi": 33, "N_inlier": 32, "refit": true}
{"timestamp": "15:25:54.783352", "frame": 98, "mu": [0.4167115859110891, 3.6926077445698366, 1.4297557483115555], "Sigma": [[0.010586591123051145, 0.08534731219255759, -0.016185197212752633], [0.08534731219255759, 0.9570873840812202, -0.19417789225574897], [-0.016185197212752633, -0.19417789225574897, 0.04144376237613719]], "chi2_level": 0.997, "chi2_df": 3, "chi2_threshold": 13.931422665512084, "N_raw": 12, "N_roi": 8, "N_inlier": 8, "refit": true}
{"timestamp": "15:25:54.956994", "frame": 100, "mu": [0.5112310338694622, 4.084235675376431, 1.3318639431701729], "Sigma": [[0.008916275257080556, -0.00351844855022428, 0.012691836715856233], [-0.00351844855022428, 0.008694208758572974, -0.02932665166265344], [0.012691836715856233, -0.02932665166265344, 0.15515237614865526]], "chi2_level": 0.997, "chi2_df": 3, "chi2_threshold": 13.931422665512084, "N_raw": 19, "N_roi": 17, "N_inlier": 17, "refit": true}
{"timestamp": "15:25:54.999698", "frame": 101, "mu": [0.601770427530076, 4.109276508203, 1.053305182867517], "Sigma": [[0.004352639061267858, -0.001938618556020216, 0.013084416013061699], [-0.001938618556020216, 0.005278846029946805, -0.021512975422254745], [0.013084416013061699, -0.021512975422254742, 0.14178748348031572]], "chi2_level": 0.997, "chi2_df": 3, "chi2_threshold": 13.931422665512084, "N_raw": 19, "N_roi": 15, "N_inlier": 15, "refit": true}
{"timestamp": "15:25:55.018827", "frame": 102, "mu": [0.6328850365287508, 4.085413332059934, 1.2173671771028567], "Sigma": [[0.010407619027666628, -0.002308185730540412, -0.007267010200186039], [-0.002308185730540412, 0.001751407345118905, -0.0012239107717059948], [-0.007267010200186039, -0.0012239107717059946, 0.01614188832511312]], "chi2_level": 0.997, "chi2_df": 3, "chi2_threshold": 13.931422665512084, "N_raw": 27, "N_roi": 23, "N_inlier": 21, "refit": true}
{"timestamp": "15:25:55.064499", "frame": 103, "mu": [0.6016365960764125, 4.174363470527136, 0.9712535946341032], "Sigma": [[0.01580248630485409, -0.0022063534856191116, 0.013017078559486465], [-0.002206353485619112, 0.002367211082816306, 0.00414584874308487], [0.013017078559486465, 0.00414584874308487, 0.15820489740331953]], "chi2_level": 0.997, "chi2_df": 3, "chi2_threshold": 13.931422665512084, "N_raw": 55, "N_roi": 50, "N_inlier": 50, "refit": true}
{"timestamp": "15:25:55.279106", "frame": 107, "mu": [0.8481508761757746, 4.408676290915971, 1.4945651933111304], "Sigma": [[0.018252488661240053, -0.0038563352897945896, -0.00602144285822977], [-0.0038563352897945896, 0.002315222769602887, 0.0004774020070650674], [-0.00602144285822977, 0.00047740200706506753, 0.005903631058264427]], "chi2_level": 0.997, "chi2_df": 3, "chi2_threshold": 13.931422665512084, "N_raw": 25, "N_roi": 25, "N_inlier": 24, "refit": true}
{"timestamp": "15:25:55.497169", "frame": 111, "mu": [1.139632578354603, 4.514474500332627, 0.9142360357533301], "Sigma": [[0.006499596781962149, 0.0007462009895683952, -0.029588569425077645], [0.0007462009895683952, 0.001419745847436629, -0.004134943184329603], [-0.029588569425077645, -0.004134943184329604, 0.17979370522855168]], "chi2_level": 0.997, "chi2_df": 3, "chi2_threshold": 13.931422665512084, "N_raw": 9, "N_roi": 7, "N_inlier": 7, "refit": true}
