{"timestamp": "15:05:31.259218", "frame": 3, "mu": [0.8967722046338298, 1.6261479220620805, 1.1886444890777197], "Sigma": [[0.0031799618072782154, 0.0015777213038479288, -0.008388418909579552], [0.0015777213038479288, 0.001848787346769734, -0.0071198708188992465], [-0.008388418909579549, -0.0071198708188992465, 0.09147839226647596]], "chi2_level": 0.997, "chi2_df": 3, "chi2_threshold": 13.931422665512084, "N_raw": 7, "N_roi": 7, "N_inlier": 7, "refit": true}
{"timestamp": "15:05:31.644116", "frame": 10, "mu": [0.8832506880473483, 1.5346698622502157, 0.8678005360658151], "Sigma": [[0.0025988892747128844, -0.0021064596242263887, 0.005426766575461922], [-0.002106459624226389, 0.007325543000410306, 0.027893798642024365], [0.0054267665754619224, 0.027893798642024365, 0.39985189828309503]], "chi2_level": 0.997, "chi2_df": 3, "chi2_threshold": 13.931422665512084, "N_raw": 9, "N_roi": 9, "N_inlier": 9, "refit": true}
{"timestamp": "15:05:31.700678", "frame": 11, "mu": [0.8716287195038154, 1.5433464184964112, 0.8667253267929345], "Sigma": [[0.0032543260458578306, -0.004821649705968209, -0.007837757414404912], [-0.004821649705968209, 0.013374944624650569, 0.03476017632096046], [-0.00783775741440491, 0.03476017632096046, 0.1885915714510524]], "chi2_level": 0.997, "chi2_df": 3, "chi2_threshold": 13.931422665512084, "N_raw": 28, "N_roi": 27, "N_inlier": 27, "refit": true}
{"timestamp": "15:05:31.764385", "frame": 12, "mu": [0.8993584765245899, 1.538586056979331, 1.042896118542081], "Sigma": [[0.005987317636865423, -0.003436429622804024, -0.00451810363908497], [-0.003436429622804024, 0.007194226232864764, 0.026903902929198104], [-0.004518103639084969, 0.026903902929198104, 0.21537522602950107]], "chi2_level": 0.997, "chi2_df": 3, "chi2_threshold": 13.931422665512084, "N_raw": 81, "N_roi": 80, "N_inlier": 79, "refit": true}
{"timestamp": "15:05:31.815582", "frame": 13, "mu": [0.8811700643235482, 1.6991841915925736, -0.28624801788708787], "Sigma": [[0.007687081432471607, -0.0006952806407593449, 0.0011321118691462104], [-0.0006952806407593447, 0.004576879590577509, -0.01376368190375847], [0.0011321118691462097, -0.01376368190375847, 0.13337905197174538]], "chi2_level": 0.997, "chi2_df": 3, "chi2_threshold": 13.931422665512084, "N_raw": 55, "N_roi": 55, "N_inlier": 53, "refit": true}
{"timestamp": "15:05:31.875866", "frame": 14, "mu": [0.8928068970936991, 1.5492400568409312, 1.1819803036309597], "Sigma": [[0.008993222932390589, -0.006142323566828638, -0.018724926706905648], [-0.006142323566828637, 0.0059629158536146825, 0.015304762073827865], [-0.018724926706905648, 0.015304762073827863, 0.06810811701704646]], "chi2_level": 0.997, "chi2_df": 3, "chi2_threshold": 13.931422665512084, "N_raw": 72, "N_roi": 72, "N_inlier": 68, "refit": true}
{"timestamp": "15:05:31.927531", "frame": 15, "mu": [0.8444822853869556, 1.605714577970921, 1.3865968015283325], "Sigma": [[0.007114006902371317, -0.002268906938405412, -0.0035620453125551096], [-0.0022689069384054118, 0.00430363090180581, -0.0012799590805963358], [-0.00356204531255511, -0.0012799590805963354, 0.005421760601838269]], "chi2_level": 0.997, "chi2_df": 3, "chi2_threshold": 13.931422665512084, "N_raw": 57, "N_roi": 57, "N_inlier": 56, "refit": true}
{"timestamp": "15:05:31.986574", "frame": 16, "mu": [0.8516223131012972, 1.7071013610351211, -0.21227144638052756], "Sigma": [[0.00732876654383205, -0.0006919452880057931, -0.008190120717440639], [-0.0006919452880057933, 0.0048895384490143376, 0.0008915228784215183], [-0.008190120717440639, 0.0008915228784215183, 0.041803173449677974]], "chi2_level": 0.997, "chi2_df": 3, "chi2_threshold": 13.931422665512084, "N_raw": 71, "N_roi": 71, "N_inlier": 64, "refit": true}
{"timestamp": "15:05:32.037628", "frame": 17, "mu": [0.844440484356375, 1.539122374558049, 1.2192407309145894], "Sigma": [[0.0061588382092591645, -0.004563973064934396, -0.013624188304209969], [-0.004563973064934396, 0.005994706090180772, 0.014128890014782016], [-0.013624188304209969, 0.014128890014782016, 0.07996695808317163]], "chi2_level": 0.997, "chi2_df": 3, "chi2_threshold": 13.931422665512084, "N_raw": 48, "N_roi": 48, "N_inlier": 46, "refit": true}
{"timestamp": "15:05:32.085574", "frame": 18, "mu": [0.9200084964580395, 1.4596868277528077, 0.785201361672297], "Sigma": [[0.010916743438438122, 0.006045203407396901, 0.005283600810435742], [0.006045203407396901, 0.007185577841683126, 0.011597477670365135], [0.005283600810435746, 0.011597477670365137, 0.38441516143611837]], "chi2_level": 0.997, "chi2_df": 3, "chi2_threshold": 13.931422665512084, "N_raw": 9, "N_roi": 9, "N_inlier": 9, "refit": true}
{"timestamp": "15:05:32.151394", "frame": 19, "mu": [0.8255419656584553, 1.507510950406815, 1.2046056001024341], "Sigma": [[0.006022175264405246, -0.0018285348518112033, -0.0030924938162490935], [-0.0018285348518112033, 0.0028345470987994814, 0.0038114866242193466], [-0.0030924938162490935, 0.003811486624219347, 0.05308869289687495]], "chi2_level": 0.997, "chi2_df": 3, "chi2_threshold": 13.931422665512084, "N_raw": 78, "N_roi": 78, "N_inlier": 75, "refit": true}
{"timestamp": "15:05:32.204225", "frame": 20, "mu": [0.7997594787197774, 1.5198421775393451, 1.358299541181549], "Sigma": [[0.010729474700561287, -0.0007032961598156573, -0.005137162704135209], [-0.0007032961598156573, 0.0033784968202782715, -0.0007908587245260592], [-0.005137162704135209, -0.0007908587245260593, 0.004042491951036837]], "chi2_level": 0.997, "chi2_df": 3, "chi2_threshold": 13.931422665512084, "N_raw": 63, "N_roi": 63, "N_inlier": 62, "refit": true}
{"timestamp": "15:05:32.259571", "frame": 21, "mu": [0.7314044835769633, 1.5334684507781124, 1.3497295557501519], "Sigma": [[0.005042321897951114, -0.0005387703517383778, -0.0020253698671661136], [-0.0005387703517383777, 0.004860650711503884, -0.003166412945273964], [-0.0020253698671661136, -0.003166412945273964, 0.005472468781718678]], "chi2_level": 0.997, "chi2_df": 3, "chi2_threshold": 13.931422665512084, "N_raw": 64, "N_roi": 64, "N_inlier": 61, "refit": true}
{"timestamp": "15:05:32.312101", "frame": 22, "mu": [0.7057024263023166, 1.4473602029080221, 0.8632833715617896], "Sigma": [[0.003923505320569237, -0.002108115234286654, -0.0013922197514818976], [-0.0021081152342866537, 0.003276168425887513, 0.005921513374815001], [-0.0013922197514818976, 0.005921513374815002, 0.03904137439492313]], "chi2_level": 0.997, "chi2_df": 3, "chi2_threshold": 13.931422665512084, "N_raw": 42, "N_roi": 42, "N_inlier": 39, "refit": true}
{"timestamp": "15:05:32.374099", "frame": 23, "mu": [0.6830305552581587, 1.4377998919155723, 1.0785964779297825], "Sigma": [[0.00652494422931999, -0.002550357526593525, -0.0113612387750164], [-0.0025503575265935245, 0.0078039924533121, 0.021861532378890523], [-0.011361238775016397, 0.021861532378890526, 0.13764160438190795]], "chi2_level": 0.997, "chi2_df": 3, "chi2_threshold": 13.931422665512084, "N_raw": 100, "N_roi": 100, "N_inlier": 98, "refit": true}
{"timestamp": "15:05:32.421726", "frame": 24, "mu": [0.5945641206105634, 1.6079259878735948, -0.2808010409303098], "Sigma": [[0.005519115430937609, 0.0009725854523805362, -0.012422114412254475], [0.0009725854523805362, 0.007100989334004804, -0.02097474325574168], [-0.012422114412254475, -0.02097474325574168, 0.11860120253908847]], "chi2_level": 0.997, "chi2_df": 3, "chi2_threshold": 13.931422665512084, "N_raw": 38, "N_roi": 38, "N_inlier": 36, "refit": true}
{"timestamp": "15:05:32.478836", "frame": 25, "mu": [0.6450917973835244, 1.6731042463860155, -0.7953096444127127], "Sigma": [[0.005622127717353255, -0.001888710066976976, -0.002994092395625283], [-0.001888710066976976, 0.004290230192665052, -0.002697048848646284], [-0.0029940923956252832, -0.002697048848646284, 0.012101376317373663]], "chi2_level": 0.997, "chi2_df": 3, "chi2_threshold": 13.931422665512084, "N_raw": 57, "N_roi": 57, "N_inlier": 54, "refit": true}
{"timestamp": "15:05:32.538963", "frame": 26, "mu": [0.5542871544122336, 1.4957983607562901, 1.1503526455492825], "Sigma": [[0.0050396025468245126, -0.002357933247354252, -0.0033913938416743794], [-0.002357933247354252, 0.002029120540373553, 0.0004907593457162973], [-0.00339139384167438, 0.0004907593457162978, 0.05526034673198825]], "chi2_level": 0.997, "chi2_df": 3, "chi2_threshold": 13.931422665512084, "N_raw": 91, "N_roi": 91, "N_inlier": 86, "refit": true}
{"timestamp": "15:05:32.588810", "frame": 27, "mu": [0.5351430864020292, 1.6274309087939896, -0.32161382132082866], "Sigma": [[0.0028813647239562417, -0.0031469654802607078, 0.0036100071972444614], [-0.0031469654802607078, 0.01621307046871759, -0.02450394712188588], [0.0036100071972444614, -0.024503947121885885, 0.0409906236394867]], "chi2_level": 0.997, "chi2_df": 3, "chi2_threshold": 13.931422665512084, "N_raw": 53, "N_roi": 51, "N_inlier": 47, "refit": true}
{"timestamp": "15:05:32.648189", "frame": 28, "mu": [0.4981320732134354, 1.6436945723246255, -0.34863989756911545], "Sigma": [[0.005249729546626516, -0.0013143393295093567, 0.0010149527247203484], [-0.0013143393295093567, 0.016145805891744042, -0.032779260520465245], [0.0010149527247203484, -0.032779260520465245, 0.0928041745980028]], "chi2_level": 0.997, "chi2_df": 3, "chi2_threshold": 13.931422665512084, "N_raw": 87, "N_roi": 87, "N_inlier": 87, "refit": true}
{"timestamp": "15:05:32.697748", "frame": 29, "mu": [0.49836703284263273, 1.4972733538997276, 1.4542889734095108], "Sigma": [[0.0057990422696311186, 0.0007536089554900456, -0.0029057185952801106], [0.0007536089554900455, 0.004010364625632112, -0.0007147628497936019], [-0.0029057185952801106, -0.0007147628497936018, 0.0022607563315861735]], "chi2_level": 0.997, "chi2_df": 3, "chi2_threshold": 13.931422665512084, "N_raw": 55, "N_roi": 55, "N_inlier": 50, "refit": true}
{"timestamp": "15:05:32.757200", "frame": 30, "mu": [0.4360538040086802, 1.520147738114388, 1.2270338227335742], "Sigma": [[0.006078856801555466, -0.003621837109202995, 0.009465689592002741], [-0.003621837109202995, 0.006802134890774401, -0.018766274480355997], [0.00946568959200274, -0.018766274480355994, 0.1111531512284623]], "chi2_level": 0.997, "chi2_df": 3, "chi2_threshold": 13.931422665512084, "N_raw": 81, "N_roi": 81, "N_inlier": 78, "refit": true}
{"timestamp": "15:05:32.806871", "frame": 31, "mu": [0.3556492762227281, 1.4673867853088745, 0.9712805220002627], "Sigma": [[0.006113895028608838, -0.0031466299247491043, -0.01252523407550658], [-0.0031466299247491043, 0.013226369116580062, 0.07301838688116745], [-0.01252523407550658, 0.07301838688116745, 1.3992438059744736]], "chi2_level": 0.997, "chi2_df": 3, "chi2_threshold": 13.931422665512084, "N_raw": 40, "N_roi": 40, "N_inlier": 37, "refit": true}
{"timestamp": "15:05:32.868515", "frame": 32, "mu": [0.36596804620044965, 1.5212565187683562, -0.29108043051080573], "Sigma": [[0.008691529145520365, -0.0005015881822498316, 0.09280724577520445], [-0.0005015881822498316, 0.009300083992056332, 0.000666659898712126], [0.09280724577520445, 0.0006666598987121273, 1.6370775027003908]], "chi2_level": 0.997, "chi2_df": 3, "chi2_threshold": 13.931422665512084, "N_raw": 95, "N_roi": 95, "N_inlier": 94, "refit": true}
{"timestamp": "15:05:32.920913", "frame": 33, "mu": [0.3546276732094529, 1.4847774374904208, 1.3919512809626788], "Sigma": [[0.007059300551067926, 0.00035163940047563936, -0.006928573407373941], [0.0003516394004756393, 0.004726735240228613, -0.0016875877447735752], [-0.006928573407373941, -0.0016875877447735752, 0.00779585403949287]], "chi2_level": 0.997, "chi2_df": 3, "chi2_threshold": 13.931422665512084, "N_raw": 73, "N_roi": 73, "N_inlier": 70, "refit": true}
{"timestamp": "15:05:32.974209", "frame": 34, "mu": [0.36764635211773034, 1.4752620321673031, 1.2775755477401791], "Sigma": [[0.00881606908029814, -0.00037025911114552524, 0.010582472795984784], [-0.00037025911114552535, 0.004091576483495351, -0.0016818001027081027], [0.010582472795984786, -0.0016818001027081029, 0.06042771167598851]], "chi2_level": 0.997, "chi2_df": 3, "chi2_threshold": 13.931422665512084, "N_raw": 66, "N_roi": 65, "N_inlier": 62, "refit": true}
{"timestamp": "15:05:33.022262", "frame": 35, "mu": [0.1742911637311646, 1.7410966014866804, -0.7767307184170674], "Sigma": [[0.03272422237560798, -0.026400140620964182, 0.09410520911344412], [-0.02640014062096418, 0.03801370369857118, -0.07953372488448901], [0.09410520911344412, -0.07953372488448901, 0.28482486228199116]], "chi2_level": 0.997, "chi2_df": 3, "chi2_threshold": 13.931422665512084, "N_raw": 12, "N_roi": 10, "N_inlier": 10, "refit": true}
{"timestamp": "15:05:33.088223", "frame": 36, "mu": [0.27377189575201644, 1.4185651538839419, 0.7621513588723149], "Sigma": [[0.0057801866039658084, -0.002224886888306918, 0.008352885193702227], [-0.002224886888306918, 0.012223488162071075, 0.04899564714999491], [0.008352885193702227, 0.04899564714999491, 0.3960742987135674]], "chi2_level": 0.997, "chi2_df": 3, "chi2_threshold": 13.931422665512084, "N_raw": 91, "N_roi": 91, "N_inlier": 90, "refit": true}
{"timestamp": "15:05:33.138977", "frame": 37, "mu": [0.15330393816019455, 1.5123285606974475, 1.45900011673526], "Sigma": [[0.0038330133146021825, -0.001866098518073241, -0.003003250652180674], [-0.001866098518073241, 0.0060441535063366246, 0.0015314594070060454], [-0.0030032506521806743, 0.0015314594070060452, 0.007735738838415609]], "chi2_level": 0.997, "chi2_df": 3, "chi2_threshold": 13.931422665512084, "N_raw": 59, "N_roi": 58, "N_inlier": 55, "refit": true}
{"timestamp": "15:05:33.194684", "frame": 38, "mu": [0.1471154938738893, 1.4655689196907833, 1.258836026479007], "Sigma": [[0.003985734658254918, -0.0017698061407781082, -0.008234051880409253], [-0.0017698061407781082, 0.00468477002937479, 0.015526873956123085], [-0.008234051880409253, 0.015526873956123085, 0.13647438289183564]], "chi2_level": 0.997, "chi2_df": 3, "chi2_threshold": 13.931422665512084, "N_raw": 65, "N_roi": 65, "N_inlier": 64, "refit": true}
{"timestamp": "15:05:33.246576", "frame": 39, "mu": [0.11980010040370999, 1.439382906517058, 1.2204363470687114], "Sigma": [[0.00436293296998951, -0.0020953490392062583, -0.014649910043421109], [-0.0020953490392062583, 0.003325096559886973, 0.008184832833017365], [-0.014649910043421109, 0.008184832833017365, 0.1373721793515516]], "chi2_level": 0.997, "chi2_df": 3, "chi2_threshold": 13.931422665512084, "N_raw": 48, "N_roi": 48, "N_inlier": 47, "refit": true}
{"timestamp": "15:05:33.305621", "frame": 40, "mu": [0.06048660517159084, 1.4849605521487836, 1.3006394313563787], "Sigma": [[0.005322032884823902, 0.0016592274006022078, 0.00960363462096139], [0.0016592274006022078, 0.006192477878730423, 0.011515518325525354], [0.00960363462096139, 0.011515518325525354, 0.07382460044442686]], "chi2_level": 0.997, "chi2_df": 3, "chi2_threshold": 13.931422665512084, "N_raw": 75, "N_roi": 75, "N_inlier": 72, "refit": true}
{"timestamp": "15:05:33.355947", "frame": 41, "mu": [0.012078709776763338, 1.474187219786545, 1.417999991008139], "Sigma": [[0.0033379785105114856, -0.0010368451205547975, -5.596897178919744e-05], [-0.0010368451205547975, 0.004038427464566106, 0.0010157732313439386], [-5.596897178919739e-05, 0.0010157732313439386, 0.0038633401242586162]], "chi2_level": 0.997, "chi2_df": 3, "chi2_threshold": 13.931422665512084, "N_raw": 42, "N_roi": 42, "N_inlier": 40, "refit": true}
{"timestamp": "15:05:33.412108", "frame": 42, "mu": [0.030339768033676745, 1.4851579307641147, 1.3555084652012441], "Sigma": [[0.003251346069087749, -0.00017642761790503253, -0.0009376974234702735], [-0.00017642761790503256, 0.004173403715504318, -0.0014054435854522845], [-0.0009376974234702735, -0.0014054435854522845, 0.0010471038796924152]], "chi2_level": 0.997, "chi2_df": 3, "chi2_threshold": 13.931422665512084, "N_raw": 49, "N_roi": 49, "N_inlier": 48, "refit": true}
{"timestamp": "15:05:33.465842", "frame": 43, "mu": [-0.022128206539623954, 1.5046201768966363, 1.0884937305458964], "Sigma": [[0.004102992437718994, 0.00024149175621584887, 0.002162723137680026], [0.00024149175621584887, 0.001341971440409234, 0.0062640681885090576], [0.0021627231376800254, 0.0062640681885090576, 0.04473067353539384]], "chi2_level": 0.997, "chi2_df": 3, "chi2_threshold": 13.931422665512084, "N_raw": 39, "N_roi": 39, "N_inlier": 36, "refit": true}
{"timestamp": "15:05:33.518617", "frame": 44, "mu": [-0.10457172535178527, 1.4008998244022932, 0.30450744090358683], "Sigma": [[0.0056146876493046, 0.0035899770013376547, 0.03604589155062968], [0.003589977001337655, 0.010080934906234, 0.05179712735428765], [0.03604589155062968, 0.05179712735428765, 0.40456742791035816]], "chi2_level": 0.997, "chi2_df": 3, "chi2_threshold": 13.931422665512084, "N_raw": 23, "N_roi": 23, "N_inlier": 23, "refit": true}
{"timestamp": "15:05:33.574439", "frame": 45, "mu": [-0.12514340716717484, 1.4435191658480184, 1.3028982731622023], "Sigma": [[0.004141127612261325, 7.799855143531979e-05, 0.015049109860667806], [7.799855143531985e-05, 0.0029460737295569322, 0.003216116257615144], [0.015049109860667806, 0.0032161162576151425, 0.19144762929082018]], "chi2_level": 0.997, "chi2_df": 3, "chi2_threshold": 13.931422665512084, "N_raw": 31, "N_roi": 31, "N_inlier": 30, "refit": true}
{"timestamp": "15:05:33.630961", "frame": 46, "mu": [-0.15092332587061208, 1.4360785347988727, 1.3802355389703302], "Sigma": [[0.003829087502494158, -4.830980630740741e-05, -0.0003592991397042783], [-4.830980630740744e-05, 0.003589111082772471, 0.001252961969204579], [-0.00035929913970427825, 0.001252961969204579, 0.0060759851432254436]], "chi2_level": 0.997, "chi2_df": 3, "chi2_threshold": 13.931422665512084, "N_raw": 42, "N_roi": 40, "N_inlier": 38, "refit": true}
{"timestamp": "15:05:33.684917", "frame": 47, "mu": [-0.17602755785394367, 1.4171251977020163, 1.321372172063368], "Sigma": [[0.0022613671378023427, -0.0004167980690028627, -0.0005305007977626273], [-0.0004167980690028626, 0.003438411338934683, 0.0003123279522519072], [-0.0005305007977626272, 0.00031232795225190715, 0.0055930370052293095]], "chi2_level": 0.997, "chi2_df": 3, "chi2_threshold": 13.931422665512084, "N_raw": 38, "N_roi": 37, "N_inlier": 34, "refit": true}
{"timestamp": "15:05:33.739225", "frame": 48, "mu": [-0.17432674511265972, 1.569160990182263, -0.4047194943401137], "Sigma": [[0.006306685993540722, -0.006554927164030868, 0.029807737974106165], [-0.006554927164030868, 0.014685624715619147, -0.05046809767365601], [0.029807737974106165, -0.05046809767365601, 0.21874814852085406]], "chi2_level": 0.997, "chi2_df": 3, "chi2_threshold": 13.931422665512084, "N_raw": 26, "N_roi": 26, "N_inlier": 24, "refit": true}
{"timestamp": "15:05:33.791193", "frame": 49, "mu": [-0.2196053693415595, 1.426699710140974, 1.346936513402486], "Sigma": [[0.0011774712182668027, 3.6459727616955116e-05, -0.00030214522406593267], [3.645972761695511e-05, 0.0022929424133448506, -0.00019720387357463533], [-0.00030214522406593256, -0.00019720387357463528, 0.007616785720358265]], "chi2_level": 0.997, "chi2_df": 3, "chi2_threshold": 13.931422665512084, "N_raw": 15, "N_roi": 15, "N_inlier": 14, "refit": true}
{"timestamp": "15:05:33.906305", "frame": 51, "mu": [-0.3088115420142228, 1.3799308085912707, 1.0691491829206103], "Sigma": [[0.008052400813391064, -0.001574460816534598, -0.025700315404402006], [-0.001574460816534598, 0.005003831377326392, 0.014940756479648888], [-0.025700315404402006, 0.014940756479648888, 0.14863069699717543]], "chi2_level": 0.997, "chi2_df": 3, "chi2_threshold": 13.931422665512084, "N_raw": 44, "N_roi": 44, "N_inlier": 43, "refit": true}
{"timestamp": "15:05:33.965684", "frame": 52, "mu": [-0.3683844426391677, 1.3791273628168654, 1.3226641177185217], "Sigma": [[0.0038249647141115253, -0.000859845981429918, -0.0017325976559029815], [-0.0008598459814299182, 0.006576930036376634, -0.0016570889411788104], [-0.0017325976559029815, -0.0016570889411788104, 0.0016931682155907975]], "chi2_level": 0.997, "chi2_df": 3, "chi2_threshold": 13.931422665512084, "N_raw": 71, "N_roi": 70, "N_inlier": 64, "refit": true}
{"timestamp": "15:05:34.021271", "frame": 53, "mu": [-0.4185829988806905, 1.3871710141730844, 1.3662364919065157], "Sigma": [[0.004451233266654647, -0.0006291816266981362, -0.003443818854341306], [-0.0006291816266981362, 0.006462395068548045, -0.00261757510304691], [-0.003443818854341306, -0.00261757510304691, 0.008051641150625172]], "chi2_level": 0.997, "chi2_df": 3, "chi2_threshold": 13.931422665512084, "N_raw": 75, "N_roi": 75, "N_inlier": 72, "refit": true}
{"timestamp": "15:05:34.075647", "frame": 54, "mu": [-0.42165851410182287, 1.400336847046558, 1.2380848677287861], "Sigma": [[0.004656044362765502, -0.0005942637321410003, -0.010720650178326388], [-0.0005942637321410004, 0.003946270359317761, 0.005846746309626815], [-0.01072065017832639, 0.005846746309626815, 0.06649897833756727]], "chi2_level": 0.997, "chi2_df": 3, "chi2_threshold": 13.931422665512084, "N_raw": 78, "N_roi": 78, "N_inlier": 77, "refit": true}
{"timestamp": "15:05:34.132239", "frame": 55, "mu": [-0.4776749775720946, 1.4020079727308987, 1.2672005702332223], "Sigma": [[0.004390669258507072, -0.001042155944820728, -0.006699369417591297], [-0.001042155944820728, 0.0023776051784268662, 0.0006421149288863212], [-0.006699369417591297, 0.0006421149288863211, 0.0477276680134326]], "chi2_level": 0.997, "chi2_df": 3, "chi2_threshold": 13.931422665512084, "N_raw": 80, "N_roi": 80, "N_inlier": 78, "refit": true}
{"timestamp": "15:05:34.184762", "frame": 56, "mu": [-0.5194370619649253, 1.3961624714909595, 1.357305344500505], "Sigma": [[0.005058383326334545, -0.0012861981623385366, -0.003717672250580649], [-0.0012861981623385366, 0.005142383007098134, 0.00671328856430798], [-0.003717672250580649, 0.006713288564307981, 0.046906672886744605]], "chi2_level": 0.997, "chi2_df": 3, "chi2_threshold": 13.931422665512084, "N_raw": 69, "N_roi": 69, "N_inlier": 69, "refit": true}
{"timestamp": "15:05:34.236297", "frame": 57, "mu": [-0.5473716187488736, 1.3532096348227136, 1.2297575342063853], "Sigma": [[0.003458691222491787, -0.00243382675534111, -0.009934203317529706], [-0.00243382675534111, 0.006573617553243586, 0.006609426466265069], [-0.009934203317529706, 0.006609426466265069, 0.07458467890180918]], "chi2_level": 0.997, "chi2_df": 3, "chi2_threshold": 13.931422665512084, "N_raw": 37, "N_roi": 37, "N_inlier": 36, "refit": true}
{"timestamp": "15:05:34.296628", "frame": 58, "mu": [-0.5716277085665901, 1.388493360589092, 1.2007682302680036], "Sigma": [[0.006175897264994822, -0.0030964903853139044, -0.01415797865283425], [-0.003096490385313904, 0.006891779168084603, 0.020486063906778096], [-0.01415797865283425, 0.0204860639067781, 0.10106938769303092]], "chi2_level": 0.997, "chi2_df": 3, "chi2_threshold": 13.931422665512084, "N_raw": 80, "N_roi": 80, "N_inlier": 80, "refit": true}
{"timestamp": "15:05:34.352588", "frame": 59, "mu": [-0.602750664665303, 1.3689759982674348, 1.1737864730927008], "Sigma": [[0.006053093618001718, -0.0005838099638032302, -0.012644264383568665], [-0.0005838099638032302, 0.0028852462652446025, 0.0026165044870332457], [-0.012644264383568667, 0.0026165044870332457, 0.055504349787550006]], "chi2_level": 0.997, "chi2_df": 3, "chi2_threshold": 13.931422665512084, "N_raw": 83, "N_roi": 81, "N_inlier": 77, "refit": true}
{"timestamp": "15:05:34.402205", "frame": 60, "mu": [-0.6667372173173062, 1.3354408573689467, 1.2296300221381102], "Sigma": [[0.006598359937213183, -0.002404301650687498, -0.02275229100346602], [-0.002404301650687498, 0.003158640930651449, 0.016845864702842828], [-0.022752291003466023, 0.016845864702842828, 0.1423218818886763]], "chi2_level": 0.997, "chi2_df": 3, "chi2_threshold": 13.931422665512084, "N_raw": 49, "N_roi": 49, "N_inlier": 48, "refit": true}
{"timestamp": "15:05:34.457468", "frame": 61, "mu": [-0.7371405135424112, 1.4218626470698197, 1.4858390246202198], "Sigma": [[0.004791635937702653, -0.0002038331051187239, -0.0028769649407042776], [-0.0002038331051187239, 0.00472891022125125, -0.0020392210090954674], [-0.0028769649407042776, -0.002039221009095467, 0.0048968931828257435]], "chi2_level": 0.997, "chi2_df": 3, "chi2_threshold": 13.931422665512084, "N_raw": 57, "N_roi": 57, "N_inlier": 55, "refit": true}
{"timestamp": "15:05:34.516321", "frame": 62, "mu": [-0.7740128049061445, 1.3983410492579225, 1.3574015225418399], "Sigma": [[0.005582904814897171, 5.2063549776949585e-05, -0.0038625820786263683], [5.2063549776949585e-05, 0.007844854870970197, -0.003380350518110529], [-0.0038625820786263683, -0.003380350518110529, 0.005564254349176183]], "chi2_level": 0.997, "chi2_df": 3, "chi2_threshold": 13.931422665512084, "N_raw": 76, "N_roi": 74, "N_inlier": 71, "refit": true}
{"timestamp": "15:05:34.572680", "frame": 63, "mu": [-0.7763573622062097, 1.4074071584621692, 1.2362785809682872], "Sigma": [[0.006074855247412852, 0.002733163525726022, -0.006234215898355322], [0.002733163525726022, 0.005891043076335921, -0.008810275727557933], [-0.006234215898355322, -0.008810275727557933, 0.02401353371437987]], "chi2_level": 0.997, "chi2_df": 3, "chi2_threshold": 13.931422665512084, "N_raw": 88, "N_roi": 88, "N_inlier": 86, "refit": true}
{"timestamp": "15:05:34.628747", "frame": 64, "mu": [-0.7873894201691054, 1.4302500627275478, 1.2166242238074365], "Sigma": [[0.006662812309525002, 0.0032555323386255835, -0.0072917556893469715], [0.0032555323386255835, 0.009701746167720928, -0.0053490228317954885], [-0.007291755689346971, -0.0053490228317954885, 0.03533244805892996]], "chi2_level": 0.997, "chi2_df": 3, "chi2_threshold": 13.931422665512084, "N_raw": 97, "N_roi": 97, "N_inlier": 94, "refit": true}
{"timestamp": "15:05:34.679349", "frame": 65, "mu": [-0.8509709441553397, 1.423186293098645, 1.2954706192039105], "Sigma": [[0.00550721587818793, 0.001139128949309699, -0.003912190396673339], [0.001139128949309699, 0.004080971043808965, -0.0040907289283371295], [-0.003912190396673339, -0.00409072892833713, 0.010885253901364704]], "chi2_level": 0.997, "chi2_df": 3, "chi2_threshold": 13.931422665512084, "N_raw": 63, "N_roi": 63, "N_inlier": 59, "refit": true}
{"timestamp": "15:05:34.737958", "frame": 66, "mu": [-0.831514604517099, 1.4837809989225454, 1.2393228326907146], "Sigma": [[0.00475652245280109, -0.0008010151106771582, -0.006459325433809952], [-0.0008010151106771582, 0.004409326211086397, 0.006878142936814612], [-0.006459325433809952, 0.006878142936814613, 0.11256411640861731]], "chi2_level": 0.997, "chi2_df": 3, "chi2_threshold": 13.931422665512084, "N_raw": 84, "N_roi": 84, "N_inlier": 81, "refit": true}
{"timestamp": "15:05:34.789057", "frame": 67, "mu": [-0.8772797473503657, 1.4464025868546682, 0.7513559357882592], "Sigma": [[0.005233127473630435, 0.003099464440931214, 0.014362285327768462], [0.003099464440931214, 0.006836311165287097, 0.02144376722725965], [0.014362285327768464, 0.02144376722725965, 0.23534308053841954]], "chi2_level": 0.997, "chi2_df": 3, "chi2_threshold": 13.931422665512084, "N_raw": 60, "N_roi": 60, "N_inlier": 59, "refit": true}
{"timestamp": "15:05:34.852483", "frame": 68, "mu": [-0.9129278746757463, 1.4947997232936874, -0.2771125675623436], "Sigma": [[0.007324718745782328, -0.00028888499351923, 0.0253437304605804], [-0.0002888849935192299, 0.002616257613145053, -0.005282808804482781], [0.0253437304605804, -0.005282808804482781, 0.4457713444023024]], "chi2_level": 0.997, "chi2_df": 3, "chi2_threshold": 13.931422665512084, "N_raw": 113, "N_roi": 113, "N_inlier": 113, "refit": true}
{"timestamp": "15:05:34.900452", "frame": 69, "mu": [-0.9201468695174462, 1.5455948306481089, 1.0164273681282439], "Sigma": [[0.0056462047690799, 0.0008249382524550175, 0.01668953551750329], [0.0008249382524550175, 0.0018013447948737485, 0.004456399669079477], [0.01668953551750329, 0.0044563996690794765, 0.2557991631326377]], "chi2_level": 0.997, "chi2_df": 3, "chi2_threshold": 13.931422665512084, "N_raw": 66, "N_roi": 66, "N_inlier": 66, "refit": true}
{"timestamp": "15:05:34.956460", "frame": 70, "mu": [-0.9043891874957003, 1.5627774334899178, 1.1778569099792646], "Sigma": [[0.007531286152442095, 0.0016687669642428827, 0.009315770524184166], [0.0016687669642428827, 0.002398824679817246, -0.002855953056062794], [0.009315770524184166, -0.0028559530560627938, 0.14146918634755415]], "chi2_level": 0.997, "chi2_df": 3, "chi2_threshold": 13.931422665512084, "N_raw": 78, "N_roi": 78, "N_inlier": 77, "refit": true}
{"timestamp": "15:05:35.014693", "frame": 71, "mu": [-0.8737765020430984, 1.6042326522578687, 1.2610162125529651], "Sigma": [[0.008356254569262622, 0.0005337288130526631, -0.00469924702513338], [0.0005337288130526631, 0.002110464646022892, -0.001197080838156853], [-0.00469924702513338, -0.001197080838156853, 0.049763173651052844]], "chi2_level": 0.997, "chi2_df": 3, "chi2_threshold": 13.931422665512084, "N_raw": 92, "N_roi": 92, "N_inlier": 88, "refit": true}
{"timestamp": "15:05:35.065166", "frame": 72, "mu": [-0.9351936635561242, 1.618148713247224, 1.2711082758473375], "Sigma": [[0.008766840442576643, 0.00031245125828191213, 0.00026076156608687007], [0.0003124512582819121, 0.0018118947547485225, -0.002023759550899943], [0.00026076156608686963, -0.002023759550899943, 0.07431581691103945]], "chi2_level": 0.997, "chi2_df": 3, "chi2_threshold": 13.931422665512084, "N_raw": 67, "N_roi": 67, "N_inlier": 65, "refit": true}
{"timestamp": "15:05:35.118791", "frame": 73, "mu": [-0.9470305826334371, 1.7898460227468946, -0.3590023312619519], "Sigma": [[0.005497064287717248, 0.0020155931001022516, -0.0014655719570207755], [0.0020155931001022516, 0.004509720643187353, -0.009812259155020191], [-0.001465571957020775, -0.00981225915502019, 0.02900881385366709]], "chi2_level": 0.997, "chi2_df": 3, "chi2_threshold": 13.931422665512084, "N_raw": 57, "N_roi": 57, "N_inlier": 57, "refit": true}
{"timestamp": "15:05:35.171184", "frame": 74, "mu": [-0.9971781401551448, 1.6468776912650616, 1.359026008930991], "Sigma": [[0.005923242361058154, 0.0007925168057085468, -0.0036635880006405815], [0.0007925168057085468, 0.0026304573558698415, -0.0016834239063477508], [-0.003663588000640582, -0.001683423906347751, 0.015685944263866637]], "chi2_level": 0.997, "chi2_df": 3, "chi2_threshold": 13.931422665512084, "N_raw": 44, "N_roi": 44, "N_inlier": 42, "refit": true}
{"timestamp": "15:05:35.228900", "frame": 75, "mu": [-0.9852054318450667, 1.7226459906344016, 1.213096049466813], "Sigma": [[0.005954011813866935, 0.0014317895677505642, -0.010200174385970068], [0.0014317895677505642, 0.0017119208231261818, -0.006042427067436865], [-0.010200174385970068, -0.006042427067436865, 0.0560293907905143]], "chi2_level": 0.997, "chi2_df": 3, "chi2_threshold": 13.931422665512084, "N_raw": 66, "N_roi": 65, "N_inlier": 63, "refit": true}
{"timestamp": "15:05:35.282450", "frame": 76, "mu": [-1.0024942302048179, 1.723082108822798, 1.224877305289939], "Sigma": [[0.007771529613378451, 0.00040791346907937163, -0.015551633698186575], [0.0004079134690793717, 0.0024080835356273408, -0.0050409290981674945], [-0.015551633698186575, -0.005040929098167494, 0.1443822750754604]], "chi2_level": 0.997, "chi2_df": 3, "chi2_threshold": 13.931422665512084, "N_raw": 46, "N_roi": 46, "N_inlier": 45, "refit": true}
{"timestamp": "15:05:35.344290", "frame": 77, "mu": [-0.9981894652504193, 1.7659578373160152, 1.0045269526177016], "Sigma": [[0.011641560977668814, -3.7950750149121505e-05, -0.029240239413128012], [-3.7950750149121505e-05, 0.004934285765471695, -0.0031907701327065323], [-0.029240239413128012, -0.0031907701327065323, 0.15587074810858215]], "chi2_level": 0.997, "chi2_df": 3, "chi2_threshold": 13.931422665512084, "N_raw": 98, "N_roi": 98, "N_inlier": 96, "refit": true}
{"timestamp": "15:05:35.399915", "frame": 78, "mu": [-0.9865654876476315, 1.7928627368713754, -0.4697867516102324], "Sigma": [[0.007928489667231435, -0.004635303721208434, 0.015454237838836819], [-0.004635303721208434, 0.018154147915726542, -0.04359085136818999], [0.015454237838836819, -0.04359085136819, 0.18372090673097338]], "chi2_level": 0.997, "chi2_df": 3, "chi2_threshold": 13.931422665512084, "N_raw": 99, "N_roi": 99, "N_inlier": 96, "refit": true}
{"timestamp": "15:05:35.447841", "frame": 79, "mu": [-0.9683426515055553, 1.8643572990087658, 1.1972251374838534], "Sigma": [[0.0065166892130110315, 0.00038584210435848475, 0.003006717687422802], [0.0003858421043584847, 0.003061618958038661, 0.0035433603991502074], [0.0030067176874228017, 0.0035433603991502074, 0.13337373285579898]], "chi2_level": 0.997, "chi2_df": 3, "chi2_threshold": 13.931422665512084, "N_raw": 46, "N_roi": 46, "N_inlier": 45, "refit": true}
{"timestamp": "15:05:35.506825", "frame": 80, "mu": [-1.0014354893538782, 1.8646996603201171, 0.9823674205687934], "Sigma": [[0.0074913882376380905, -0.0013343864057449486, -0.012789747526750925], [-0.0013343864057449486, 0.006362535348586267, 0.02629624002466846], [-0.012789747526750925, 0.026296240024668457, 0.29056626230628557]], "chi2_level": 0.997, "chi2_df": 3, "chi2_threshold": 13.931422665512084, "N_raw": 81, "N_roi": 81, "N_inlier": 81, "refit": true}
{"timestamp": "15:05:35.561059", "frame": 81, "mu": [-1.0497623833606076, 1.9422424037941575, 0.6377572944990452], "Sigma": [[0.00864708667686304, -0.0009370183226747725, -0.01699410206588608], [-0.0009370183226747724, 0.004741391565824294, -0.022839076155810684], [-0.016994102065886075, -0.022839076155810684, 0.3734340178771713]], "chi2_level": 0.997, "chi2_df": 3, "chi2_threshold": 13.931422665512084, "N_raw": 63, "N_roi": 63, "N_inlier": 62, "refit": true}
{"timestamp": "15:05:35.618825", "frame": 82, "mu": [-1.029394143011887, 1.9795563212379854, 1.0088996101724932], "Sigma": [[0.007572166198571292, 0.0006165919549144399, -0.007100870511446531], [0.0006165919549144399, 0.004709188866780209, -0.015044264900125285], [-0.007100870511446531, -0.015044264900125285, 0.21859459025212793]], "chi2_level": 0.997, "chi2_df": 3, "chi2_threshold": 13.931422665512084, "N_raw": 89, "N_roi": 89, "N_inlier": 89, "refit": true}
{"timestamp": "15:05:35.668823", "frame": 83, "mu": [-1.0527841556945354, 1.9887792594724176, 1.2262770953940203], "Sigma": [[0.006679719688538535, 0.0012388342007191775, -0.0071258311988671155], [0.0012388342007191775, 0.003119013325466594, -0.007858672429960412], [-0.0071258311988671155, -0.007858672429960412, 0.07109613192900624]], "chi2_level": 0.997, "chi2_df": 3, "chi2_threshold": 13.931422665512084, "N_raw": 55, "N_roi": 54, "N_inlier": 52, "refit": true}
{"timestamp": "15:05:35.722765", "frame": 84, "mu": [-1.0501760650423229, 2.021512232920754, 1.2199289431942792], "Sigma": [[0.006080467954103828, 0.0026636150355261075, -0.0016024969904397585], [0.002663615035526107, 0.004794616246464719, -0.004047291856375955], [-0.001602496990439759, -0.004047291856375954, 0.10114184262155484]], "chi2_level": 0.997, "chi2_df": 3, "chi2_threshold": 13.931422665512084, "N_raw": 54, "N_roi": 54, "N_inlier": 52, "refit": true}
{"timestamp": "15:05:35.776531", "frame": 85, "mu": [-1.10135507004065, 2.0385958069109686, 1.1601778602559591], "Sigma": [[0.005429468611236968, 0.000477292394170172, -0.002843832306734535], [0.000477292394170172, 0.0009719203070190028, -0.0035256550678345183], [-0.002843832306734535, -0.0035256550678345183, 0.152250604839783]], "chi2_level": 0.997, "chi2_df": 3, "chi2_threshold": 13.931422665512084, "N_raw": 48, "N_roi": 48, "N_inlier": 46, "refit": true}
{"timestamp": "15:05:35.832238", "frame": 86, "mu": [-1.1432389859857732, 2.0525350748641187, 1.352166123017072], "Sigma": [[0.008040604586927706, 0.002287838619984461, -0.006223924401801164], [0.0022878386199844604, 0.006981721056958517, -0.021695734060939553], [-0.006223924401801164, -0.02169573406093955, 0.1292158786645388]], "chi2_level": 0.997, "chi2_df": 3, "chi2_threshold": 13.931422665512084, "N_raw": 46, "N_roi": 46, "N_inlier": 45, "refit": true}
{"timestamp": "15:05:35.881394", "frame": 87, "mu": [-1.1136075232979659, 2.162531230946054, 0.7763200030534428], "Sigma": [[0.007173647902993074, -0.005431844347395243, 0.024871667952890707], [-0.005431844347395243, 0.014917904226219086, -0.06092528261152352], [0.024871667952890707, -0.06092528261152352, 0.3668798680962599]], "chi2_level": 0.997, "chi2_df": 3, "chi2_threshold": 13.931422665512084, "N_raw": 10, "N_roi": 10, "N_inlier": 10, "refit": true}
{"timestamp": "15:05:35.942484", "frame": 88, "mu": [-1.094364288345598, 2.125082336216716, 0.84254526898426], "Sigma": [[0.005870912888792299, 0.00020760111224153773, -0.0009805227994344034], [0.0002076011122415378, 0.004803373795319911, 0.0122761382201063], [-0.0009805227994344043, 0.0122761382201063, 0.14147948239804778]], "chi2_level": 0.997, "chi2_df": 3, "chi2_threshold": 13.931422665512084, "N_raw": 50, "N_roi": 50, "N_inlier": 49, "refit": true}
{"timestamp": "15:05:36.004535", "frame": 89, "mu": [-1.0911354088270993, 2.1890879624953428, 0.9569227421619937], "Sigma": [[0.01038092087833485, 0.0015416874923126038, -0.0006037039599695248], [0.0015416874923126036, 0.0029258711525843874, -0.0016394603206713976], [-0.0006037039599695251, -0.0016394603206713978, 0.1137542873845036]], "chi2_level": 0.997, "chi2_df": 3, "chi2_threshold": 13.931422665512084, "N_raw": 99, "N_roi": 99, "N_inlier": 98, "refit": true}
{"timestamp": "15:05:36.059163", "frame": 90, "mu": [-1.0890951305182954, 2.1932059919171882, 0.8817774956782086], "Sigma": [[0.01292104469418375, 0.004947882780317834, 0.014763866763652177], [0.004947882780317834, 0.007299497132097745, 0.024552342982810085], [0.014763866763652177, 0.02455234298281008, 0.1616966406048596]], "chi2_level": 0.997, "chi2_df": 3, "chi2_threshold": 13.931422665512084, "N_raw": 92, "N_roi": 92, "N_inlier": 91, "refit": true}
{"timestamp": "15:05:36.114877", "frame": 91, "mu": [-1.0797357043744404, 2.2982483713057835, -0.2903778876965177], "Sigma": [[0.014540230895714773, 0.0037095056057782367, 0.08568023768721116], [0.0037095056057782367, 0.007003114469641135, 0.024110488875048637], [0.08568023768721114, 0.024110488875048637, 0.7672701503280058]], "chi2_level": 0.997, "chi2_df": 3, "chi2_threshold": 13.931422665512084, "N_raw": 100, "N_roi": 100, "N_inlier": 99, "refit": true}
{"timestamp": "15:05:36.162999", "frame": 92, "mu": [-1.143742657238682, 2.4220068524473537, -0.10538901246375929], "Sigma": [[0.010031142344813056, 0.0030161952530253886, -0.0053406301741539715], [0.003016195253025388, 0.009531282821918724, -0.017240207689485094], [-0.0053406301741539715, -0.017240207689485094, 0.04370444990248247]], "chi2_level": 0.997, "chi2_df": 3, "chi2_threshold": 13.931422665512084, "N_raw": 53, "N_roi": 53, "N_inlier": 51, "refit": true}
{"timestamp": "15:05:36.213809", "frame": 93, "mu": [-1.099664067447162, 2.337560031842042, 1.0346566618514235], "Sigma": [[0.006114993749772562, 0.002024563777054763, 0.019596681935261182], [0.0020245637770547626, 0.00438944078987155, 0.01855654395471644], [0.019596681935261186, 0.018556543954716447, 0.3429042700695483]], "chi2_level": 0.997, "chi2_df": 3, "chi2_threshold": 13.931422665512084, "N_raw": 21, "N_roi": 21, "N_inlier": 20, "refit": true}
{"timestamp": "15:05:36.276196", "frame": 94, "mu": [-1.0653250612297016, 2.3808760443303982, 1.171104328866001], "Sigma": [[0.012009986965939882, 0.0017786841984873281, -0.005003488126118994], [0.0017786841984873283, 0.005165174814777158, -0.010017402730569024], [-0.005003488126118994, -0.010017402730569024, 0.05308636486369049]], "chi2_level": 0.997, "chi2_df": 3, "chi2_threshold": 13.931422665512084, "N_raw": 75, "N_roi": 75, "N_inlier": 71, "refit": true}
{"timestamp": "15:05:36.341019", "frame": 95, "mu": [-1.1048097461109383, 2.4383342475852676, 0.717218229486256], "Sigma": [[0.021381048809342804, -0.001140945504641883, 0.02052943662027237], [-0.001140945504641883, 0.004467864158933125, -0.013253689920989591], [0.020529436620272373, -0.013253689920989593, 0.32436070044145515]], "chi2_level": 0.997, "chi2_df": 3, "chi2_threshold": 13.931422665512084, "N_raw": 144, "N_roi": 144, "N_inlier": 143, "refit": true}
