{"timestamp": "15:03:46.226346", "frame": 9, "mu": [1.9731887306693352, 0.9154308791424148, 1.178962498739554], "Sigma": [[0.0024691312223091453, -0.003024264957570523, 0.0013063161685163784], [-0.0030242649575705233, 0.009600156595060647, -0.014211559517655051], [0.0013063161685163789, -0.014211559517655051, 0.0419060056662431]], "chi2_level": 0.997, "chi2_df": 3, "chi2_threshold": 13.931422665512084, "N_raw": 12, "N_roi": 12, "N_inlier": 12, "refit": true}
{"timestamp": "15:03:46.504704", "frame": 14, "mu": [1.982079099851894, 0.9438849805045427, 1.0881754349464492], "Sigma": [[0.004683117629660159, -0.005639162262651737, -0.004372394484459023], [-0.005639162262651737, 0.012695989647051367, -0.0015191854901999212], [-0.004372394484459024, -0.0015191854901999212, 0.013597065701177106]], "chi2_level": 0.997, "chi2_df": 3, "chi2_threshold": 13.931422665512084, "N_raw": 37, "N_roi": 37, "N_inlier": 37, "refit": true}
{"timestamp": "15:03:46.557030", "frame": 15, "mu": [1.9689852602016116, 0.9609608784984986, 1.10061139878559], "Sigma": [[0.003122273254674468, -0.0038327730110815595, -0.009180588930659584], [-0.003832773011081559, 0.01147029966252145, 0.019142352239712328], [-0.009180588930659584, 0.019142352239712328, 0.04405959852198593]], "chi2_level": 0.997, "chi2_df": 3, "chi2_threshold": 13.931422665512084, "N_raw": 10, "N_roi": 10, "N_inlier": 10, "refit": true}
{"timestamp": "15:03:46.669137", "frame": 17, "mu": [1.9881567350846159, 0.9256001827013334, 1.1475030506341488], "Sigma": [[0.003656343348748899, -0.0050572217790822264, -0.002054879810761982], [-0.0050572217790822264, 0.015043884643118554, -0.006743265349251753], [-0.002054879810761982, -0.006743265349251753, 0.014036990765640972]], "chi2_level": 0.997, "chi2_df": 3, "chi2_threshold": 13.931422665512084, "N_raw": 36, "N_roi": 36, "N_inlier": 36, "refit": true}
{"timestamp": "15:03:46.721141", "frame": 18, "mu": [1.9837767412434046, 0.9117222661582258, 1.1112843801813916], "Sigma": [[0.008450825190752105, -0.007852456510746349, -0.02006906060859384], [-0.007852456510746349, 0.009600259724775207, 0.021717311501816154], [-0.02006906060859384, 0.02171731150181615, 0.05459235119824914]], "chi2_level": 0.997, "chi2_df": 3, "chi2_threshold": 13.931422665512084, "N_raw": 8, "N_roi": 8, "N_inlier": 8, "refit": true}
{"timestamp": "15:03:46.778222", "frame": 19, "mu": [1.984637546757882, 0.9171633842694321, 1.2100309556006632], "Sigma": [[0.004593987244769078, -0.007941795583016945, 0.0030331338384302453], [-0.007941795583016945, 0.0223222949041978, -0.013554226013670697], [0.003033133838430245, -0.013554226013670696, 0.02298306089650357]], "chi2_level": 0.997, "chi2_df": 3, "chi2_threshold": 13.931422665512084, "N_raw": 24, "N_roi": 24, "N_inlier": 24, "refit": true}
{"timestamp": "15:03:46.833666", "frame": 20, "mu": [1.958932061404548, 0.9625703357694517, 1.2199953966783046], "Sigma": [[0.005773314551354657, -0.004487236653943316, 0.0004015594554963684], [-0.004487236653943316, 0.012030583226670563, -0.0033207976487469658], [0.0004015594554963684, -0.0033207976487469658, 0.0011248336455493585]], "chi2_level": 0.997, "chi2_df": 3, "chi2_threshold": 13.931422665512084, "N_raw": 32, "N_roi": 32, "N_inlier": 31, "refit": true}
{"timestamp": "15:03:46.890159", "frame": 21, "mu": [1.9690077719755323, 0.9808990859905342, 1.089993787388628], "Sigma": [[0.002869076536608407, -0.004226780675057014, -0.003347375207792345], [-0.004226780675057014, 0.010986988666598519, -0.003605354909218498], [-0.0033473752077923455, -0.0036053549092184977, 0.03282684063855913]], "chi2_level": 0.997, "chi2_df": 3, "chi2_threshold": 13.931422665512084, "N_raw": 37, "N_roi": 37, "N_inlier": 37, "refit": true}
{"timestamp": "15:03:46.941315", "frame": 22, "mu": [1.9366199145819072, 1.0291941956650374, 0.8162702896907765], "Sigma": [[0.003997002554932752, -0.004191249796084722, -0.001669073812324474], [-0.004191249796084722, 0.005181729189074766, 0.0010457904196474455], [-0.0016690738123244743, 0.0010457904196474455, 0.003475132316214221]], "chi2_level": 0.997, "chi2_df": 3, "chi2_threshold": 13.931422665512084, "N_raw": 13, "N_roi": 13, "N_inlier": 13, "refit": true}
{"timestamp": "15:03:47.000355", "frame": 23, "mu": [1.9593410502162025, 1.1015266919188413, -0.5804132851840621], "Sigma": [[0.007446156602020371, -0.004681884844971512, -0.0030617659496150816], [-0.004681884844971513, 0.01851141388740705, 0.0016018327345442736], [-0.0030617659496150816, 0.0016018327345442736, 0.0026887884350026304]], "chi2_level": 0.997, "chi2_df": 3, "chi2_threshold": 13.931422665512084, "N_raw": 44, "N_roi": 44, "N_inlier": 43, "refit": true}
{"timestamp": "15:03:47.053576", "frame": 24, "mu": [1.9317326693759473, 0.9217063724850376, 1.144681995870592], "Sigma": [[0.00694194870894592, -0.00972620230245358, 0.0059823655241952635], [-0.00972620230245358, 0.022980416409939353, -0.018045495189181877], [0.005982365524195264, -0.018045495189181877, 0.02575620869875334]], "chi2_level": 0.997, "chi2_df": 3, "chi2_threshold": 13.931422665512084, "N_raw": 24, "N_roi": 24, "N_inlier": 23, "refit": true}
{"timestamp": "15:03:47.160482", "frame": 26, "mu": [1.6961120677560442, 0.9099865247169654, 1.1083703800757922], "Sigma": [[0.3302195512854099, 0.13895487839017237, -0.20539089276507316], [0.13895487839017237, 0.07591195798114174, -0.10493726277438355], [-0.20539089276507316, -0.10493726277438355, 0.14967391262700264]], "chi2_level": 0.997, "chi2_df": 3, "chi2_threshold": 13.931422665512084, "N_raw": 7, "N_roi": 7, "N_inlier": 7, "refit": true}
{"timestamp": "15:03:47.215066", "frame": 27, "mu": [1.961661993037902, 0.8690926011294242, 0.9945586048662436], "Sigma": [[0.0004878915892957604, -4.475487110896012e-06, -0.0009671602419626562], [-4.475487110895958e-06, 0.0028404975282336252, -0.0022083191090308714], [-0.0009671602419626562, -0.0022083191090308714, 0.004894516520052674]], "chi2_level": 0.997, "chi2_df": 3, "chi2_threshold": 13.931422665512084, "N_raw": 8, "N_roi": 8, "N_inlier": 8, "refit": true}
{"timestamp": "15:03:47.270757", "frame": 28, "mu": [1.8151223482382877, 0.8519471713195241, 1.3230645446334766], "Sigma": [[0.22922938505043627, 0.07376657052222507, -0.09109405931571896], [0.07376657052222507, 0.030526824456269933, -0.028786419644595336], [-0.09109405931571896, -0.028786419644595333, 0.04016867472914231]], "chi2_level": 0.997, "chi2_df": 3, "chi2_threshold": 13.931422665512084, "N_raw": 10, "N_roi": 10, "N_inlier": 10, "refit": true}
{"timestamp": "15:03:47.327290", "frame": 29, "mu": [1.9095639215699314, 0.9145779062521578, 1.2589081023326036], "Sigma": [[0.004279156402332125, -0.005295532204758625, -0.000593299204886894], [-0.005295532204758626, 0.009401613546400763, -0.001087648997173295], [-0.0005932992048868938, -0.0010876489971732948, 0.0018743850191680579]], "chi2_level": 0.997, "chi2_df": 3, "chi2_threshold": 13.931422665512084, "N_raw": 20, "N_roi": 20, "N_inlier": 19, "refit": true}
{"timestamp": "15:03:47.381756", "frame": 30, "mu": [1.860677534366553, 1.0702636760346762, 1.1149054413846293], "Sigma": [[0.0026722706524824166, -0.003534443191878801, 0.006679966121914783], [-0.003534443191878801, 0.008111926447059076, -0.012700724271620419], [0.006679966121914783, -0.012700724271620417, 0.03307282893189404]], "chi2_level": 0.997, "chi2_df": 3, "chi2_threshold": 13.931422665512084, "N_raw": 13, "N_roi": 13, "N_inlier": 13, "refit": true}
{"timestamp": "15:03:47.437556", "frame": 31, "mu": [1.8402962309820146, 0.9774865933785563, 1.207073764330221], "Sigma": [[0.003305619199912367, -0.00407892605533447, -0.0012422027175498379], [-0.00407892605533447, 0.01051086672103576, -0.00957272071059358], [-0.001242202717549838, -0.00957272071059358, 0.023993469042135153]], "chi2_level": 0.997, "chi2_df": 3, "chi2_threshold": 13.931422665512084, "N_raw": 23, "N_roi": 23, "N_inlier": 22, "refit": true}
{"timestamp": "15:03:47.493867", "frame": 32, "mu": [1.802625099585362, 0.9730907560165372, 1.195672034548594], "Sigma": [[0.004334832913383921, -0.006031791678143058, -0.0009535835499964373], [-0.006031791678143057, 0.018260921354727053, -0.014875897829764556], [-0.0009535835499964373, -0.014875897829764558, 0.03200818210653127]], "chi2_level": 0.997, "chi2_df": 3, "chi2_threshold": 13.931422665512084, "N_raw": 30, "N_roi": 30, "N_inlier": 30, "refit": true}
{"timestamp": "15:03:47.549990", "frame": 33, "mu": [1.7742200948422326, 1.0086538795090254, 1.2054175885850928], "Sigma": [[0.0027417314465578327, -0.0002540499172453809, -0.007768963387581291], [-0.0002540499172453809, 0.004178870483344264, -0.009871606085318424], [-0.007768963387581292, -0.009871606085318424, 0.08215003795397108]], "chi2_level": 0.997, "chi2_df": 3, "chi2_threshold": 13.931422665512084, "N_raw": 18, "N_roi": 18, "N_inlier": 18, "refit": true}
{"timestamp": "15:03:47.603110", "frame": 34, "mu": [1.7586264021853557, 0.9824863102420618, 1.3212552469826075], "Sigma": [[0.0034019163814676097, -0.0025017866517566055, -0.0032560388089978255], [-0.002501786651756606, 0.005081510551463912, -0.006585870959901917], [-0.0032560388089978255, -0.006585870959901918, 0.04566191061466863]], "chi2_level": 0.997, "chi2_df": 3, "chi2_threshold": 13.931422665512084, "N_raw": 16, "N_roi": 16, "N_inlier": 16, "refit": true}
{"timestamp": "15:03:47.657422", "frame": 35, "mu": [1.7972572936577644, 0.9073007103082038, 1.1317909995974254], "Sigma": [[0.0023742325392324187, -0.0014133485725519991, -0.0011239068784647706], [-0.0014133485725519996, 0.004520393443995754, -0.011263252297309756], [-0.0011239068784647706, -0.011263252297309758, 0.0476269273664294]], "chi2_level": 0.997, "chi2_df": 3, "chi2_threshold": 13.931422665512084, "N_raw": 7, "N_roi": 7, "N_inlier": 7, "refit": true}
{"timestamp": "15:03:47.712861", "frame": 36, "mu": [1.611378714542746, 0.8717581046075887, 1.3728985288828095], "Sigma": [[0.22713728841864744, 0.10262141727485535, -0.11698303265330055], [0.10262141727485535, 0.04925772622206975, -0.05428850578553633], [-0.11698303265330055, -0.05428850578553634, 0.07240878434553406]], "chi2_level": 0.997, "chi2_df": 3, "chi2_threshold": 13.931422665512084, "N_raw": 7, "N_roi": 7, "N_inlier": 7, "refit": true}
{"timestamp": "15:03:47.769764", "frame": 37, "mu": [1.7148558905260656, 1.1060079432238594, -0.44724974572289455], "Sigma": [[0.005331766136597191, -0.004916927160566956, -0.000861256712572654], [-0.004916927160566956, 0.012759699979386026, -0.004297911242131402], [-0.0008612567125726542, -0.004297911242131403, 0.005180053922067804]], "chi2_level": 0.997, "chi2_df": 3, "chi2_threshold": 13.931422665512084, "N_raw": 29, "N_roi": 29, "N_inlier": 28, "refit": true}
{"timestamp": "15:03:47.822700", "frame": 38, "mu": [1.6482631470476758, 1.0805794127080217, 1.0797012314715868], "Sigma": [[0.0006944892556865295, 0.00014695065227959733, 0.002798297156650591], [0.00014695065227959738, 0.003197878023180803, -0.005611320173363155], [0.0027982971566505917, -0.005611320173363156, 0.07029858879309275]], "chi2_level": 0.997, "chi2_df": 3, "chi2_threshold": 13.931422665512084, "N_raw": 8, "N_roi": 8, "N_inlier": 8, "refit": true}
{"timestamp": "15:03:47.878859", "frame": 39, "mu": [1.6732609954396533, 0.9912895897501628, 1.3414660341386937], "Sigma": [[0.002355117400635875, -0.0016645607073221581, -0.000763580098640131], [-0.0016645607073221581, 0.00546949077436879, -0.00035427834109265404], [-0.000763580098640131, -0.00035427834109265404, 0.0007088234526034492]], "chi2_level": 0.997, "chi2_df": 3, "chi2_threshold": 13.931422665512084, "N_raw": 15, "N_roi": 15, "N_inlier": 14, "refit": true}
{"timestamp": "15:03:47.934587", "frame": 40, "mu": [1.6845168848159067, 0.9256570518361706, 1.2134982726757229], "Sigma": [[0.002712165606020468, -0.0027308375232321758, -0.001332428501309661], [-0.0027308375232321758, 0.006562416530467136, -0.0033754350037197164], [-0.001332428501309661, -0.0033754350037197164, 0.00968608821696555]], "chi2_level": 0.997, "chi2_df": 3, "chi2_threshold": 13.931422665512084, "N_raw": 19, "N_roi": 19, "N_inlier": 19, "refit": true}
{"timestamp": "15:03:47.991906", "frame": 41, "mu": [1.5796603233020665, 1.12611075409275, 1.2090243196155344], "Sigma": [[0.003037690237203559, -0.002799373774795448, -0.0030975442474263344], [-0.002799373774795448, 0.007382292641054816, -0.008700988683191269], [-0.003097544247426335, -0.008700988683191269, 0.03490296128950693]], "chi2_level": 0.997, "chi2_df": 3, "chi2_threshold": 13.931422665512084, "N_raw": 37, "N_roi": 37, "N_inlier": 35, "refit": true}
{"timestamp": "15:03:48.049270", "frame": 42, "mu": [1.5350447700361216, 1.2620577326116633, -0.44364067968361187], "Sigma": [[0.00328909582337825, -0.0044981451721547655, 0.003359513732513329], [-0.004498145172154765, 0.02002565146743958, -0.030638019601156793], [0.003359513732513329, -0.030638019601156793, 0.07371349050757176]], "chi2_level": 0.997, "chi2_df": 3, "chi2_threshold": 13.931422665512084, "N_raw": 48, "N_roi": 48, "N_inlier": 47, "refit": true}
{"timestamp": "15:03:48.101343", "frame": 43, "mu": [1.5752990070486281, 0.9177553266793823, 1.368084758540884], "Sigma": [[0.006089181847857071, -0.005702117247434375, -0.007793837849976001], [-0.005702117247434375, 0.007821110307317103, 0.004815746613545926], [-0.007793837849976, 0.004815746613545926, 0.01600829726748086]], "chi2_level": 0.997, "chi2_df": 3, "chi2_threshold": 13.931422665512084, "N_raw": 35, "N_roi": 35, "N_inlier": 32, "refit": true}
{"timestamp": "15:03:48.156312", "frame": 44, "mu": [1.524263756232211, 0.9902360338954991, 1.3449941176368354], "Sigma": [[0.005757959231051435, -0.001390159508991491, 0.0012184830318620159], [-0.0013901595089914909, 0.010292774822245021, 0.0055773326669081935], [0.0012184830318620159, 0.005577332666908193, 0.11399994815160441]], "chi2_level": 0.997, "chi2_df": 3, "chi2_threshold": 13.931422665512084, "N_raw": 33, "N_roi": 33, "N_inlier": 31, "refit": true}
{"timestamp": "15:03:48.210706", "frame": 45, "mu": [1.4497693522133592, 1.0210310072526776, 1.2193979284601055], "Sigma": [[0.00402768535624471, 0.003005173332176912, 0.01629510899142312], [0.003005173332176912, 0.012861616908557551, 0.034679105827462614], [0.01629510899142312, 0.034679105827462614, 0.26789413488740416]], "chi2_level": 0.997, "chi2_df": 3, "chi2_threshold": 13.931422665512084, "N_raw": 25, "N_roi": 25, "N_inlier": 25, "refit": true}
{"timestamp": "15:03:48.267632", "frame": 46, "mu": [1.4611424973689233, 0.9903137761361787, 1.3204889250231766], "Sigma": [[0.0048825362610363165, -0.00297129848773179, -0.007589876342558126], [-0.0029712984877317905, 0.006867420927132939, -0.0028701705044860207], [-0.007589876342558126, -0.0028701705044860202, 0.05232086170955918]], "chi2_level": 0.997, "chi2_df": 3, "chi2_threshold": 13.931422665512084, "N_raw": 39, "N_roi": 39, "N_inlier": 38, "refit": true}
{"timestamp": "15:03:48.320583", "frame": 47, "mu": [1.4206923066675334, 0.9996223843749363, 1.3311403530861854], "Sigma": [[0.004750493457726949, -0.003754368773163116, -0.00279570070153841], [-0.003754368773163116, 0.007547107873924957, -0.002152093868384164], [-0.0027957007015384106, -0.002152093868384164, 0.0066234854548537165]], "chi2_level": 0.997, "chi2_df": 3, "chi2_threshold": 13.931422665512084, "N_raw": 38, "N_roi": 38, "N_inlier": 38, "refit": true}
{"timestamp": "15:03:48.377940", "frame": 48, "mu": [1.3740574166403718, 1.016090287926207, 1.2892352854131124], "Sigma": [[0.008139390050445243, -0.0058170122103442055, -0.004001250851300795], [-0.0058170122103442055, 0.008073076922048922, 0.000489085977346735], [-0.004001250851300795, 0.0004890859773467349, 0.004287451575552344]], "chi2_level": 0.997, "chi2_df": 3, "chi2_threshold": 13.931422665512084, "N_raw": 46, "N_roi": 46, "N_inlier": 44, "refit": true}
{"timestamp": "15:03:48.429404", "frame": 49, "mu": [1.266289963519236, 1.0502567635536677, 1.3691084372061557], "Sigma": [[0.004950638814402229, -0.003566626195543657, -0.004280608773186185], [-0.003566626195543657, 0.004633387446732047, 0.001659044540208496], [-0.004280608773186186, 0.0016590445402084957, 0.010029757775319502]], "chi2_level": 0.997, "chi2_df": 3, "chi2_threshold": 13.931422665512084, "N_raw": 24, "N_roi": 24, "N_inlier": 23, "refit": true}
{"timestamp": "15:03:48.484431", "frame": 50, "mu": [1.3074033024093108, 0.9419894348069666, 0.9828431871869103], "Sigma": [[0.003468387247332636, -0.004827357232234668, -0.011928516009473433], [-0.004827357232234669, 0.011980614369967658, 0.023426727818455555], [-0.011928516009473433, 0.023426727818455555, 0.07638368002571516]], "chi2_level": 0.997, "chi2_df": 3, "chi2_threshold": 13.931422665512084, "N_raw": 18, "N_roi": 18, "N_inlier": 17, "refit": true}
{"timestamp": "15:03:48.543644", "frame": 51, "mu": [1.2005047443812615, 1.0484123883304204, 1.445661207283547], "Sigma": [[0.006191857089541858, -0.0019448081268581701, -0.0023560256466911497], [-0.0019448081268581697, 0.006205617339685331, -0.0016813065144658172], [-0.0023560256466911497, -0.001681306514465817, 0.0022823280412681]], "chi2_level": 0.997, "chi2_df": 3, "chi2_threshold": 13.931422665512084, "N_raw": 52, "N_roi": 52, "N_inlier": 52, "refit": true}
{"timestamp": "15:03:48.599218", "frame": 52, "mu": [1.1717725775205183, 1.0398695824901831, 1.4277328435749383], "Sigma": [[0.006158111690245087, -0.003793168780385993, -0.007095143448786862], [-0.003793168780385993, 0.0060177684422915165, 0.006441339946833136], [-0.007095143448786862, 0.006441339946833136, 0.03206132440022315]], "chi2_level": 0.997, "chi2_df": 3, "chi2_threshold": 13.931422665512084, "N_raw": 50, "N_roi": 50, "N_inlier": 49, "refit": true}
{"timestamp": "15:03:48.652497", "frame": 53, "mu": [1.1059676588289178, 1.064263496609804, 1.486912002107563], "Sigma": [[0.005494525943248159, -0.003892871433164799, -0.007495230848580923], [-0.003892871433164799, 0.012577240830710348, 0.01783445670137332], [-0.007495230848580923, 0.01783445670137332, 0.03890690053719001]], "chi2_level": 0.997, "chi2_df": 3, "chi2_threshold": 13.931422665512084, "N_raw": 39, "N_roi": 39, "N_inlier": 38, "refit": true}
{"timestamp": "15:03:48.707522", "frame": 54, "mu": [1.0583359551289655, 1.0705661684490213, 1.45738482738008], "Sigma": [[0.004952572090616644, -0.0015082966141270302, -0.006837397079282273], [-0.0015082966141270297, 0.005346228909819445, 0.007273600222968153], [-0.006837397079282273, 0.007273600222968153, 0.04028420948774239]], "chi2_level": 0.997, "chi2_df": 3, "chi2_threshold": 13.931422665512084, "N_raw": 39, "N_roi": 39, "N_inlier": 38, "refit": true}
{"timestamp": "15:03:48.761387", "frame": 55, "mu": [1.1337337723020133, 0.9779875964028663, 0.9687410475651924], "Sigma": [[0.002288109400851666, -0.0014072721761106328, -0.001181502685388909], [-0.0014072721761106328, 0.003542989867236817, -0.002126737920294849], [-0.001181502685388909, -0.002126737920294849, 0.01373290308000886]], "chi2_level": 0.997, "chi2_df": 3, "chi2_threshold": 13.931422665512084, "N_raw": 33, "N_roi": 33, "N_inlier": 32, "refit": true}
{"timestamp": "15:03:48.814766", "frame": 56, "mu": [1.1082126224389568, 0.9279867703472758, 0.8949092102411218], "Sigma": [[0.00887056371261583, -0.009331846422914724, -0.026735708658792875], [-0.009331846422914724, 0.023160762211529223, 0.060258819806849065], [-0.026735708658792868, 0.06025881980684907, 0.3125001090800156]], "chi2_level": 0.997, "chi2_df": 3, "chi2_threshold": 13.931422665512084, "N_raw": 14, "N_roi": 14, "N_inlier": 14, "refit": true}
{"timestamp": "15:03:48.873856", "frame": 57, "mu": [0.9882771075524942, 1.0112783974771598, 1.322335140284464], "Sigma": [[0.006172553397778024, -0.0023451297279910724, -0.008596270411448411], [-0.0023451297279910724, 0.004995009609336747, 0.011097134652535142], [-0.008596270411448411, 0.011097134652535142, 0.10469429993413676]], "chi2_level": 0.997, "chi2_df": 3, "chi2_threshold": 13.931422665512084, "N_raw": 54, "N_roi": 54, "N_inlier": 51, "refit": true}
{"timestamp": "15:03:48.925522", "frame": 58, "mu": [0.8774334452665408, 1.0477742073356786, 1.2905739057811274], "Sigma": [[0.003362347112104687, 0.00036516260963055495, 0.005078182317224751], [0.000365162609630555, 0.012168787595156156, 0.04512085854215491], [0.005078182317224752, 0.04512085854215491, 0.2632325346444733]], "chi2_level": 0.997, "chi2_df": 3, "chi2_threshold": 13.931422665512084, "N_raw": 27, "N_roi": 27, "N_inlier": 26, "refit": true}
{"timestamp": "15:03:48.980246", "frame": 59, "mu": [0.8327519720441777, 1.0265031676126941, 1.07761509376206], "Sigma": [[0.016011932288452255, -0.004190531125501593, -0.04043971705250099], [-0.004190531125501593, 0.006469893645154012, 0.04111603131202554], [-0.04043971705250099, 0.04111603131202554, 0.42245174594884316]], "chi2_level": 0.997, "chi2_df": 3, "chi2_threshold": 13.931422665512084, "N_raw": 25, "N_roi": 25, "N_inlier": 22, "refit": true}
{"timestamp": "15:03:49.040493", "frame": 60, "mu": [0.8885797320344574, 1.0162790222642462, 1.3226052085336173], "Sigma": [[0.00612205542235197, -0.001965918481009669, -0.007394718882675247], [-0.0019659184810096693, 0.0032139528506263957, 0.0005321524558339983], [-0.007394718882675247, 0.0005321524558339984, 0.013480539086922597]], "chi2_level": 0.997, "chi2_df": 3, "chi2_threshold": 13.931422665512084, "N_raw": 61, "N_roi": 61, "N_inlier": 57, "refit": true}
{"timestamp": "15:03:49.091827", "frame": 61, "mu": [0.7854270906675688, 0.9957444382749753, 1.4012168513955467], "Sigma": [[0.004818881616057063, -0.0025905004371898736, -0.004501294286767868], [-0.002590500437189873, 0.003562838164471593, 0.0017590273807057246], [-0.004501294286767868, 0.0017590273807057248, 0.004726449327726705]], "chi2_level": 0.997, "chi2_df": 3, "chi2_threshold": 13.931422665512084, "N_raw": 36, "N_roi": 36, "N_inlier": 34, "refit": true}
{"timestamp": "15:03:49.149169", "frame": 62, "mu": [0.7652052716956993, 1.0096912808943523, 1.3205293695993625], "Sigma": [[0.0049332902573568345, -0.0039001172398102496, -0.011714358028116233], [-0.0039001172398102496, 0.0066921193377370075, 0.010108905756353372], [-0.011714358028116233, 0.01010890575635337, 0.054620357549252416]], "chi2_level": 0.997, "chi2_df": 3, "chi2_threshold": 13.931422665512084, "N_raw": 55, "N_roi": 55, "N_inlier": 54, "refit": true}
{"timestamp": "15:03:49.205718", "frame": 63, "mu": [0.7121553752764483, 1.1214285338778396, -0.331002257479854], "Sigma": [[0.0039479680862697765, -3.503433595045249e-05, -0.002561378762782271], [-3.50343359504526e-05, 0.004833089070497401, -0.0029711406965674363], [-0.002561378762782271, -0.0029711406965674363, 0.01671214065524474]], "chi2_level": 0.997, "chi2_df": 3, "chi2_threshold": 13.931422665512084, "N_raw": 61, "N_roi": 61, "N_inlier": 59, "refit": true}
{"timestamp": "15:03:49.262351", "frame": 64, "mu": [0.7063298021196387, 1.0304396362159969, 1.3696917407705431], "Sigma": [[0.005625797300112304, 6.164634304649765e-05, -0.0038341846547834037], [6.164634304649773e-05, 0.0046754120376774075, 0.0015533658886941765], [-0.0038341846547834037, 0.001553365888694176, 0.035033091895606966]], "chi2_level": 0.997, "chi2_df": 3, "chi2_threshold": 13.931422665512084, "N_raw": 79, "N_roi": 79, "N_inlier": 78, "refit": true}
{"timestamp": "15:03:49.319053", "frame": 65, "mu": [0.6861816794878016, 1.000788301605711, 1.4052592775448158], "Sigma": [[0.008418971293053287, -0.00019157310148784203, -0.006765193095857996], [-0.00019157310148784233, 0.005176913125988552, -0.0009719089431562708], [-0.006765193095857996, -0.0009719089431562708, 0.006109454900849807]], "chi2_level": 0.997, "chi2_df": 3, "chi2_threshold": 13.931422665512084, "N_raw": 82, "N_roi": 82, "N_inlier": 79, "refit": true}
{"timestamp": "15:03:49.372693", "frame": 66, "mu": [0.6291268524394211, 0.9804399482388545, 1.2979102976707033], "Sigma": [[0.005523951761592924, -0.0004509471312760448, -0.002806863355078892], [-0.00045094713127604493, 0.0027498927853009227, -0.0013619593094856455], [-0.002806863355078892, -0.0013619593094856455, 0.04208012333245935]], "chi2_level": 0.997, "chi2_df": 3, "chi2_threshold": 13.931422665512084, "N_raw": 77, "N_roi": 77, "N_inlier": 76, "refit": true}
{"timestamp": "15:03:49.431098", "frame": 67, "mu": [0.590529955142968, 1.0024361809104494, 1.335369108636569], "Sigma": [[0.006286393008050583, -0.0018004490842786765, -0.006821029210152941], [-0.001800449084278676, 0.004750287441417248, 0.004999552478833034], [-0.006821029210152942, 0.004999552478833033, 0.04574620909019241]], "chi2_level": 0.997, "chi2_df": 3, "chi2_threshold": 13.931422665512084, "N_raw": 96, "N_roi": 96, "N_inlier": 90, "refit": true}
{"timestamp": "15:03:49.483152", "frame": 68, "mu": [0.5887329682826001, 1.0097679169758216, 1.2659630603001024], "Sigma": [[0.0030733517496929876, -0.0004629529857778378, -0.002804118712595541], [-0.0004629529857778378, 0.001367491261235586, -0.0031658730567472016], [-0.002804118712595541, -0.0031658730567472016, 0.024128069244576646]], "chi2_level": 0.997, "chi2_df": 3, "chi2_threshold": 13.931422665512084, "N_raw": 76, "N_roi": 76, "N_inlier": 72, "refit": true}
{"timestamp": "15:03:49.540137", "frame": 69, "mu": [0.49218201594010363, 1.023936778128219, 1.306230056624613], "Sigma": [[0.003243561251126136, 0.0006900207751532916, -0.0033514819328828564], [0.0006900207751532917, 0.0031737831891467507, -0.0057972823835665925], [-0.0033514819328828564, -0.0057972823835665925, 0.03010179244653243]], "chi2_level": 0.997, "chi2_df": 3, "chi2_threshold": 13.931422665512084, "N_raw": 90, "N_roi": 90, "N_inlier": 86, "refit": true}
{"timestamp": "15:03:49.595893", "frame": 70, "mu": [0.4838919854562228, 0.9787430429361456, 1.0837812571224188], "Sigma": [[0.007274911687749246, -0.005252095170740156, 0.008966961750081985], [-0.005252095170740156, 0.006858058418135165, -0.01551163465330419], [0.008966961750081985, -0.01551163465330419, 0.08314281373850647]], "chi2_level": 0.997, "chi2_df": 3, "chi2_threshold": 13.931422665512084, "N_raw": 99, "N_roi": 99, "N_inlier": 94, "refit": true}
{"timestamp": "15:03:49.647017", "frame": 71, "mu": [0.4009120879024188, 1.0021281676551186, 1.3466048472594223], "Sigma": [[0.003372095583517863, -0.0006010461461546188, -0.007907756927072209], [-0.0006010461461546187, 0.0021692333323549817, 0.0007077602495329856], [-0.007907756927072209, 0.0007077602495329855, 0.034403141502659024]], "chi2_level": 0.997, "chi2_df": 3, "chi2_threshold": 13.931422665512084, "N_raw": 65, "N_roi": 64, "N_inlier": 59, "refit": true}
{"timestamp": "15:03:49.713370", "frame": 72, "mu": [0.38205970885306484, 1.0063023730946954, 0.32866841408604097], "Sigma": [[0.00597621381520192, -0.0008599117510279915, 0.04455124960383454], [-0.0008599117510279918, 0.008221144907650541, -0.04447760996856362], [0.044551249603834546, -0.04447760996856362, 0.9886346394950057]], "chi2_level": 0.997, "chi2_df": 3, "chi2_threshold": 13.931422665512084, "N_raw": 142, "N_roi": 142, "N_inlier": 138, "refit": true}
{"timestamp": "15:03:49.766420", "frame": 73, "mu": [0.3178194972166064, 0.9936649654017162, 1.233641947286016], "Sigma": [[0.003793042284492617, -1.5508780935051077e-05, -0.002789625609279268], [-1.5508780935050968e-05, 0.002729897486544122, -0.002504949673270372], [-0.0027896256092792685, -0.002504949673270372, 0.04345847482758436]], "chi2_level": 0.997, "chi2_df": 3, "chi2_threshold": 13.931422665512084, "N_raw": 129, "N_roi": 129, "N_inlier": 124, "refit": true}
{"timestamp": "15:03:49.815851", "frame": 74, "mu": [0.2687852710394586, 0.9777146202460814, 1.283110731431628], "Sigma": [[0.002410098810751826, 0.00011923080985335157, 0.0007934304510672913], [0.00011923080985335157, 0.0023890020658088916, 0.002645586995191995], [0.0007934304510672915, 0.0026455869951919953, 0.08181631099113554]], "chi2_level": 0.997, "chi2_df": 3, "chi2_threshold": 13.931422665512084, "N_raw": 86, "N_roi": 86, "N_inlier": 83, "refit": true}
{"timestamp": "15:03:49.863059", "frame": 75, "mu": [0.21100726784131607, 0.9529621695137845, 1.3726002278334075], "Sigma": [[0.002166928514409216, -0.0002807764981849072, -0.003590576521941887], [-0.0002807764981849072, 0.0014008259423500759, 0.0029536749416338094], [-0.0035905765219418876, 0.00295367494163381, 0.0453677995909232]], "chi2_level": 0.997, "chi2_df": 3, "chi2_threshold": 13.931422665512084, "N_raw": 42, "N_roi": 42, "N_inlier": 39, "refit": true}
{"timestamp": "15:03:49.924063", "frame": 76, "mu": [0.13514003020732449, 0.9601029245801573, 1.2310136784036205], "Sigma": [[0.002710339518460929, -0.0010934710603268754, 0.005690261930728423], [-0.0010934710603268754, 0.0037938071666399967, 0.0017868216788133897], [0.005690261930728423, 0.0017868216788133897, 0.09511005859951278]], "chi2_level": 0.997, "chi2_df": 3, "chi2_threshold": 13.931422665512084, "N_raw": 86, "N_roi": 86, "N_inlier": 85, "refit": true}
{"timestamp": "15:03:49.980186", "frame": 77, "mu": [0.11327297676456889, 0.9522005266885624, 1.2821774694361348], "Sigma": [[0.004011694185720199, -0.0010633982178353402, 0.005220341870641073], [-0.0010633982178353402, 0.0020887250494855546, -0.00517732250698657], [0.005220341870641073, -0.00517732250698657, 0.05533936996681574]], "chi2_level": 0.997, "chi2_df": 3, "chi2_threshold": 13.931422665512084, "N_raw": 86, "N_roi": 85, "N_inlier": 81, "refit": true}
{"timestamp": "15:03:50.029862", "frame": 78, "mu": [0.06205792074441718, 1.0052760657449833, 1.52182970153813], "Sigma": [[0.0017486940701493302, -0.00037067476055142217, 0.000337667811064075], [-0.00037067476055142217, 0.005674665435037369, 0.001454455673658154], [0.000337667811064075, 0.0014544556736581543, 0.015541921033450123]], "chi2_level": 0.997, "chi2_df": 3, "chi2_threshold": 13.931422665512084, "N_raw": 58, "N_roi": 58, "N_inlier": 56, "refit": true}
{"timestamp": "15:03:50.084386", "frame": 79, "mu": [0.09866879644022016, 0.9582864477207529, 1.3623157248544808], "Sigma": [[0.004246539433318136, 0.00017961570945209342, -0.008296462661501627], [0.00017961570945209347, 0.0006374082117347231, 0.00011728195302647908], [-0.008296462661501627, 0.00011728195302647919, 0.032158698809247044]], "chi2_level": 0.997, "chi2_df": 3, "chi2_threshold": 13.931422665512084, "N_raw": 54, "N_roi": 54, "N_inlier": 52, "refit": true}
{"timestamp": "15:03:50.141411", "frame": 80, "mu": [0.02920210489604619, 0.9578038231126133, 1.3386728046437197], "Sigma": [[0.002350502855702806, 0.0004942727050032324, -0.0005168373585572656], [0.0004942727050032324, 0.0019200329396119123, -0.0018805549927605682], [-0.0005168373585572656, -0.001880554992760568, 0.006751044392868528]], "chi2_level": 0.997, "chi2_df": 3, "chi2_threshold": 13.931422665512084, "N_raw": 61, "N_roi": 61, "N_inlier": 57, "refit": true}
{"timestamp": "15:03:50.193921", "frame": 81, "mu": [-0.04235430430138888, 1.169174592943487, -0.7011009528771284], "Sigma": [[0.003222386571526386, -0.0039470509366995405, 0.010327816052851126], [-0.0039470509366995405, 0.010007797663294264, -0.028972197679961953], [0.010327816052851126, -0.028972197679961953, 0.09051124544090755]], "chi2_level": 0.997, "chi2_df": 3, "chi2_threshold": 13.931422665512084, "N_raw": 38, "N_roi": 38, "N_inlier": 36, "refit": true}
{"timestamp": "15:03:50.248806", "frame": 82, "mu": [-0.11127478178642079, 0.9961639334237073, 1.2846825630483834], "Sigma": [[0.0013934756811672955, -0.0003154964776544206, -0.0006258638345280988], [-0.00031549647765442064, 0.0012894979389038617, -0.001712789863106794], [-0.0006258638345280987, -0.001712789863106794, 0.014281818628755348]], "chi2_level": 0.997, "chi2_df": 3, "chi2_threshold": 13.931422665512084, "N_raw": 49, "N_roi": 49, "N_inlier": 46, "refit": true}
{"timestamp": "15:03:50.308403", "frame": 83, "mu": [-0.12181707007093345, 0.9992894523451161, 1.429975327937067], "Sigma": [[0.0019095792912935969, 0.000646731524961203, -0.0015765523500675593], [0.0006467315249612031, 0.006154880398424957, -0.003872367351251328], [-0.0015765523500675589, -0.003872367351251328, 0.009755703942914362]], "chi2_level": 0.997, "chi2_df": 3, "chi2_threshold": 13.931422665512084, "N_raw": 77, "N_roi": 77, "N_inlier": 72, "refit": true}
{"timestamp": "15:03:50.364027", "frame": 84, "mu": [-0.192685949155671, 0.9724707995156, 1.3982789778996925], "Sigma": [[0.0033702264171765217, -0.0009745386389032587, -0.007218465254581311], [-0.0009745386389032586, 0.0039499889831393405, -0.004786921251839151], [-0.00721846525458131, -0.004786921251839151, 0.0624175806837136]], "chi2_level": 0.997, "chi2_df": 3, "chi2_threshold": 13.931422665512084, "N_raw": 83, "N_roi": 82, "N_inlier": 79, "refit": true}
{"timestamp": "15:03:50.416607", "frame": 85, "mu": [-0.242957109476143, 0.9678739556173773, 1.4594890693308118], "Sigma": [[0.003075059959879774, -0.0007463312447731843, -0.0010443324732980269], [-0.0007463312447731844, 0.002217145800521657, -0.002011108078059334], [-0.0010443324732980269, -0.0020111080780593335, 0.003651074121852057]], "chi2_level": 0.997, "chi2_df": 3, "chi2_threshold": 13.931422665512084, "N_raw": 59, "N_roi": 59, "N_inlier": 55, "refit": true}
{"timestamp": "15:03:50.472245", "frame": 86, "mu": [-0.2839520811964197, 0.9777053814757886, 1.4524338799519934], "Sigma": [[0.003073052794230889, -0.0008585041460490374, -0.0015247514872143795], [-0.0008585041460490372, 0.004092736067901105, -0.0033245591215244593], [-0.0015247514872143795, -0.0033245591215244593, 0.004941454084212299]], "chi2_level": 0.997, "chi2_df": 3, "chi2_threshold": 13.931422665512084, "N_raw": 73, "N_roi": 73, "N_inlier": 72, "refit": true}
{"timestamp": "15:03:50.526608", "frame": 87, "mu": [-0.32960874305638094, 0.9869536742257319, 1.4772785836500448], "Sigma": [[0.003797462111413935, -0.0018735448171983372, -0.0010547333394668795], [-0.0018735448171983372, 0.003190826468634402, -0.0016680102027228545], [-0.0010547333394668797, -0.0016680102027228545, 0.003058999029517482]], "chi2_level": 0.997, "chi2_df": 3, "chi2_threshold": 13.931422665512084, "N_raw": 63, "N_roi": 63, "N_inlier": 62, "refit": true}
{"timestamp": "15:03:50.584624", "frame": 88, "mu": [-0.36408270055797853, 0.9855946147255428, 1.4341124672114876], "Sigma": [[0.0036626163902191092, -0.0012590077986776981, -0.004018976279614155], [-0.0012590077986776981, 0.004848137591599427, -0.0025764411172096513], [-0.004018976279614155, -0.0025764411172096513, 0.009820334917053664]], "chi2_level": 0.997, "chi2_df": 3, "chi2_threshold": 13.931422665512084, "N_raw": 90, "N_roi": 89, "N_inlier": 86, "refit": true}
{"timestamp": "15:03:50.634820", "frame": 89, "mu": [-0.3967026434877744, 0.9434406136638888, 1.485373137974827], "Sigma": [[0.0037716361568564576, -0.0009167655421583969, -0.002424005671579987], [-0.0009167655421583969, 0.0021871334327130585, -0.0012779428510038637], [-0.002424005671579987, -0.0012779428510038637, 0.003810424449300304]], "chi2_level": 0.997, "chi2_df": 3, "chi2_threshold": 13.931422665512084, "N_raw": 56, "N_roi": 56, "N_inlier": 55, "refit": true}
{"timestamp": "15:03:50.690220", "frame": 90, "mu": [-0.502231684645578, 1.0785136928775805, -0.22483408118327866], "Sigma": [[0.005982799125007172, -0.002941211007852603, -0.0022577885285204415], [-0.002941211007852603, 0.003372730136626902, -0.0001295982414195193], [-0.0022577885285204415, -0.0001295982414195193, 0.0019253970625093362]], "chi2_level": 0.997, "chi2_df": 3, "chi2_threshold": 13.931422665512084, "N_raw": 60, "N_roi": 56, "N_inlier": 53, "refit": true}
{"timestamp": "15:03:50.748545", "frame": 91, "mu": [-0.5601803779258069, 1.0092941755424272, 1.519781228339102], "Sigma": [[0.004541138827998228, 0.0011609248291183784, -0.006105401933294189], [0.0011609248291183784, 0.0031818978331123065, -0.006248786665310141], [-0.006105401933294189, -0.00624878666531014, 0.01869960824731228]], "chi2_level": 0.997, "chi2_df": 3, "chi2_threshold": 13.931422665512084, "N_raw": 84, "N_roi": 84, "N_inlier": 79, "refit": true}
{"timestamp": "15:03:50.802721", "frame": 92, "mu": [-0.5279192165038241, 0.9671123964097346, 1.4160225805978162], "Sigma": [[0.0027935416092714997, -0.000652728502410792, -0.0007121426521402728], [-0.000652728502410792, 0.0020865925137987344, -0.004157683080114333], [-0.0007121426521402728, -0.004157683080114332, 0.011904672725922494]], "chi2_level": 0.997, "chi2_df": 3, "chi2_threshold": 13.931422665512084, "N_raw": 70, "N_roi": 70, "N_inlier": 67, "refit": true}
{"timestamp": "15:03:50.857300", "frame": 93, "mu": [-0.5813291235473487, 1.0833317608060904, -0.25415016097946846], "Sigma": [[0.0030210834016812806, -0.0005112141756925129, -0.0010212552442766408], [-0.0005112141756925129, 0.006135895359158167, -0.004800047132088197], [-0.0010212552442766408, -0.004800047132088196, 0.005454853823813306]], "chi2_level": 0.997, "chi2_df": 3, "chi2_threshold": 13.931422665512084, "N_raw": 74, "N_roi": 73, "N_inlier": 70, "refit": true}
{"timestamp": "15:03:50.912581", "frame": 94, "mu": [-0.6907366227758023, 0.9672927177049097, 1.544098843049324], "Sigma": [[0.00437607945695974, -0.0016817701405330658, 0.0003691682535514764], [-0.001681770140533066, 0.004287543679088481, -0.0038653194811625238], [0.0003691682535514764, -0.0038653194811625238, 0.004107074812542517]], "chi2_level": 0.997, "chi2_df": 3, "chi2_threshold": 13.931422665512084, "N_raw": 71, "N_roi": 71, "N_inlier": 68, "refit": true}
{"timestamp": "15:03:50.965720", "frame": 95, "mu": [-0.7174383507070627, 0.9341755237589848, 1.4135340027809025], "Sigma": [[0.005667974511897082, -0.002008322734332253, 0.0016348037442166805], [-0.0020083227343322533, 0.0030835571070173783, -0.0025922361794183035], [0.0016348037442166807, -0.0025922361794183035, 0.0027020113711576205]], "chi2_level": 0.997, "chi2_df": 3, "chi2_threshold": 13.931422665512084, "N_raw": 61, "N_roi": 61, "N_inlier": 60, "refit": true}
{"timestamp": "15:03:51.023237", "frame": 96, "mu": [-0.8767190906761835, 0.8675459608951087, 1.6151363571109671], "Sigma": [[0.022065622677761187, 0.011733501480341059, -0.015613925633378356], [0.011733501480341059, 0.011349219907489267, -0.011966952796437785], [-0.015613925633378356, -0.011966952796437785, 0.014340322335530396]], "chi2_level": 0.997, "chi2_df": 3, "chi2_threshold": 13.931422665512084, "N_raw": 87, "N_roi": 87, "N_inlier": 83, "refit": true}
{"timestamp": "15:03:51.072698", "frame": 97, "mu": [-1.0072164160737627, 0.7899958966240868, 1.688809977110811], "Sigma": [[0.024026020228557057, 0.010861069089220767, -0.03428640289128913], [0.010861069089220767, 0.007927268167490082, -0.0174759592521696], [-0.03428640289128913, -0.0174759592521696, 0.0601945846490097]], "chi2_level": 0.997, "chi2_df": 3, "chi2_threshold": 13.931422665512084, "N_raw": 34, "N_roi": 34, "N_inlier": 33, "refit": true}
{"timestamp": "15:03:51.132513", "frame": 98, "mu": [-0.9916189443644656, 0.8176461534527043, 1.6461198006375326], "Sigma": [[0.015306582470910999, 0.006132151117521944, -0.009158305787152753], [0.006132151117521944, 0.006366556309814651, -0.005631171339156862], [-0.009158305787152753, -0.005631171339156863, 0.007016346409134998]], "chi2_level": 0.997, "chi2_df": 3, "chi2_threshold": 13.931422665512084, "N_raw": 72, "N_roi": 72, "N_inlier": 68, "refit": true}
{"timestamp": "15:03:51.188819", "frame": 99, "mu": [-0.9381506421554158, 0.8195252445789197, 1.43245554901537], "Sigma": [[0.018384885527960748, 0.00275479638891662, -0.044524414376050044], [0.0027547963889166206, 0.005970441908723032, 0.0006389360565222527], [-0.044524414376050044, 0.0006389360565222528, 0.14898402958276338]], "chi2_level": 0.997, "chi2_df": 3, "chi2_threshold": 13.931422665512084, "N_raw": 88, "N_roi": 88, "N_inlier": 86, "refit": true}
{"timestamp": "15:03:51.334654", "frame": 100, "mu": [-1.0943518732826893, 0.7704738575336979, 1.626682200244743], "Sigma": [[0.015253529159032676, 0.003631607650131146, -0.018838056566523376], [0.003631607650131146, 0.004517243125958964, -0.007261337416702645], [-0.018838056566523376, -0.007261337416702645, 0.03911141569893253]], "chi2_level": 0.997, "chi2_df": 3, "chi2_threshold": 13.931422665512084, "N_raw": 47, "N_roi": 47, "N_inlier": 45, "refit": true}
