{"timestamp": "15:47:54.049923", "frame": 2, "mu": [1.0354819694187367, 1.5692675085581076, -0.13484708121504657], "Sigma": [[0.0019672360828278295, 0.00027810584237688776, -0.00146852367618388], [0.0002781058423768878, 0.0015486810081600038, -0.0003269745746041695], [-0.00146852367618388, -0.00032697457460416937, 0.0013205398977896219]], "chi2_level": 0.997, "chi2_df": 3, "chi2_threshold": 13.931422665512084, "N_raw": 10, "N_roi": 10, "N_inlier": 10, "refit": true}
{"timestamp": "15:47:54.271645", "frame": 6, "mu": [1.0391145349324333, 1.4691982181398435, 1.4529384039936464], "Sigma": [[0.0038677489045931073, -0.0010216754917769613, -0.0054955441743655895], [-0.0010216754917769613, 0.0017576988909125222, 0.0007463507742230916], [-0.0054955441743655895, 0.0007463507742230917, 0.013710076398334036]], "chi2_level": 0.997, "chi2_df": 3, "chi2_threshold": 13.931422665512084, "N_raw": 22, "N_roi": 22, "N_inlier": 21, "refit": true}
{"timestamp": "15:47:54.379951", "frame": 8, "mu": [1.0960372104171294, 1.4701651183341944, 1.251448491031992], "Sigma": [[0.012096056289627066, -0.0029993512250061963, -0.0445135060131489], [-0.0029993512250061963, 0.004261224684053623, 0.016938077480632578], [-0.0445135060131489, 0.016938077480632578, 0.17848508679423383]], "chi2_level": 0.997, "chi2_df": 3, "chi2_threshold": 13.931422665512084, "N_raw": 7, "N_roi": 7, "N_inlier": 7, "refit": true}
{"timestamp": "15:47:54.546522", "frame": 11, "mu": [1.1590912567680398, 1.5663471189602833, -0.3565309974538428], "Sigma": [[0.0061173749283537585, -0.00027173386889626307, -0.007107252301516314], [-0.0002717338688962632, 0.002016676513569392, -0.0007899619366273798], [-0.007107252301516314, -0.0007899619366273799, 0.01009102367067624]], "chi2_level": 0.997, "chi2_df": 3, "chi2_threshold": 13.931422665512084, "N_raw": 19, "N_roi": 19, "N_inlier": 18, "refit": true}
{"timestamp": "15:47:54.605266", "frame": 12, "mu": [1.1848765009725684, 1.4206833807506603, 1.2227339476036465], "Sigma": [[0.007737300322670948, -0.00391054669141817, -0.005616482458751547], [-0.00391054669141817, 0.0071622179305205706, 0.0014340410591922573], [-0.005616482458751547, 0.0014340410591922573, 0.006756976825121465]], "chi2_level": 0.997, "chi2_df": 3, "chi2_threshold": 13.931422665512084, "N_raw": 40, "N_roi": 40, "N_inlier": 39, "refit": true}
{"timestamp": "15:47:54.661453", "frame": 13, "mu": [1.101311437966955, 1.584052138065907, -0.34977124110611424], "Sigma": [[0.00545189156608149, -0.0002154977805393116, -0.006695746542716558], [-0.0002154977805393116, 0.004601501591264108, -0.0049490970734560776], [-0.006695746542716559, -0.0049490970734560776, 0.014766895557660005]], "chi2_level": 0.997, "chi2_df": 3, "chi2_threshold": 13.931422665512084, "N_raw": 48, "N_roi": 48, "N_inlier": 48, "refit": true}
{"timestamp": "15:47:54.711137", "frame": 14, "mu": [1.0123103169161318, 1.4393547826571602, 1.409908345602234], "Sigma": [[0.00430272764657967, -2.9888075650004865e-05, -0.008214948237065355], [-2.9888075650004974e-05, 0.002389360232806962, 0.0020771409880766317], [-0.008214948237065355, 0.002077140988076632, 0.038386468979979306]], "chi2_level": 0.997, "chi2_df": 3, "chi2_threshold": 13.931422665512084, "N_raw": 17, "N_roi": 17, "N_inlier": 16, "refit": true}
{"timestamp": "15:47:54.771528", "frame": 15, "mu": [1.1555681576812877, 1.3273244324425255, 1.1087761868795154], "Sigma": [[0.004901906840975003, -0.002360081349415134, -0.004230691704430113], [-0.002360081349415134, 0.00731679034750445, 0.02320259326987835], [-0.004230691704430114, 0.02320259326987835, 0.12465856203669876]], "chi2_level": 0.997, "chi2_df": 3, "chi2_threshold": 13.931422665512084, "N_raw": 47, "N_roi": 47, "N_inlier": 46, "refit": true}
{"timestamp": "15:47:54.829207", "frame": 16, "mu": [1.1316893457523518, 1.337643210917289, 1.1173487983443593], "Sigma": [[0.005054480866311305, -0.003196164135626259, -0.006037668736289043], [-0.003196164135626259, 0.0030739454048764065, 0.0007494692139301334], [-0.006037668736289044, 0.0007494692139301333, 0.02465202747097147]], "chi2_level": 0.997, "chi2_df": 3, "chi2_threshold": 13.931422665512084, "N_raw": 53, "N_roi": 53, "N_inlier": 51, "refit": true}
{"timestamp": "15:47:54.879137", "frame": 17, "mu": [1.1264510885005103, 1.3649969556430122, 1.1848659819291827], "Sigma": [[0.006795861407393282, -0.0023703481811412296, -0.010483469577442514], [-0.00237034818114123, 0.004150827159533547, 0.00011008309264565197], [-0.010483469577442514, 0.00011008309264565197, 0.03744740250124655]], "chi2_level": 0.997, "chi2_df": 3, "chi2_threshold": 13.931422665512084, "N_raw": 18, "N_roi": 18, "N_inlier": 17, "refit": true}
{"timestamp": "15:47:54.932933", "frame": 18, "mu": [1.0829811949105161, 1.3690724942407215, 1.1861378670954086], "Sigma": [[0.012315717170118916, -0.004947048502759155, -0.023962394884439422], [-0.004947048502759155, 0.004464143316306771, 0.010114345573998006], [-0.023962394884439422, 0.010114345573998006, 0.052756549025187276]], "chi2_level": 0.997, "chi2_df": 3, "chi2_threshold": 13.931422665512084, "N_raw": 14, "N_roi": 14, "N_inlier": 14, "refit": true}
{"timestamp": "15:47:54.994314", "frame": 19, "mu": [1.153517354278443, 1.2562540791026904, 1.060831507932247], "Sigma": [[0.01038722374983625, -0.007359523895446153, -0.013923996355207609], [-0.007359523895446153, 0.00606997311606645, 0.008390485319167333], [-0.013923996355207609, 0.008390485319167333, 0.02773646857202212]], "chi2_level": 0.997, "chi2_df": 3, "chi2_threshold": 13.931422665512084, "N_raw": 53, "N_roi": 53, "N_inlier": 53, "refit": true}
{"timestamp": "15:47:55.048213", "frame": 20, "mu": [1.0766031314334885, 1.3224971931259053, 1.2490267474355492], "Sigma": [[0.008389776801959598, -0.005190446912488749, -0.012468922184218332], [-0.005190446912488749, 0.00379841093473263, 0.007201256101236754], [-0.01246892218421833, 0.007201256101236756, 0.03784356901981266]], "chi2_level": 0.997, "chi2_df": 3, "chi2_threshold": 13.931422665512084, "N_raw": 50, "N_roi": 50, "N_inlier": 47, "refit": true}
{"timestamp": "15:47:55.099016", "frame": 21, "mu": [1.0180166831825794, 1.319636176698617, 1.2595655058547697], "Sigma": [[0.00860060759261887, -0.0045559781425976095, -0.014054319332306543], [-0.0045559781425976095, 0.004378033924810925, 0.008496213491976939], [-0.014054319332306546, 0.00849621349197694, 0.02748072285303651]], "chi2_level": 0.997, "chi2_df": 3, "chi2_threshold": 13.931422665512084, "N_raw": 17, "N_roi": 17, "N_inlier": 17, "refit": true}
{"timestamp": "15:47:55.160356", "frame": 22, "mu": [0.9794992209515988, 1.3170299935334966, 1.3613573745357992], "Sigma": [[0.009930457518913798, -0.002874993155024449, -0.009443628117639855], [-0.002874993155024449, 0.0048540855739858165, 0.0012068207854144634], [-0.009443628117639855, 0.0012068207854144634, 0.012165112778502128]], "chi2_level": 0.997, "chi2_df": 3, "chi2_threshold": 13.931422665512084, "N_raw": 67, "N_roi": 67, "N_inlier": 65, "refit": true}
{"timestamp": "15:47:55.209286", "frame": 23, "mu": [0.9311406897984885, 1.2788636586571493, 1.3263348365115715], "Sigma": [[0.010179338414012968, -0.005574057080872606, -0.02149967072730402], [-0.005574057080872606, 0.005916328077720822, 0.011793462990082687], [-0.02149967072730402, 0.011793462990082687, 0.05093916531940527]], "chi2_level": 0.997, "chi2_df": 3, "chi2_threshold": 13.931422665512084, "N_raw": 22, "N_roi": 22, "N_inlier": 22, "refit": true}
{"timestamp": "15:47:55.265803", "frame": 24, "mu": [0.9642323222560101, 1.204412492674349, 1.1812736803599913], "Sigma": [[0.0055069069286566045, -0.003807094998266658, -0.009579080600165272], [-0.003807094998266658, 0.003075404838808472, 0.006259795340328125], [-0.009579080600165272, 0.006259795340328125, 0.025318844651502595]], "chi2_level": 0.997, "chi2_df": 3, "chi2_threshold": 13.931422665512084, "N_raw": 26, "N_roi": 26, "N_inlier": 25, "refit": true}
{"timestamp": "15:47:55.320973", "frame": 25, "mu": [0.9162556996011498, 1.2175692918768692, 1.4038501462929247], "Sigma": [[0.005132568176376043, -0.0022460342105373133, -0.003427772048728606], [-0.0022460342105373133, 0.002917592010574557, 0.00014954590685949744], [-0.003427772048728606, 0.00014954590685949736, 0.0038922918746763006]], "chi2_level": 0.997, "chi2_df": 3, "chi2_threshold": 13.931422665512084, "N_raw": 39, "N_roi": 39, "N_inlier": 38, "refit": true}
{"timestamp": "15:47:55.381054", "frame": 26, "mu": [0.9231219492737034, 1.1577557841112884, 1.282871651251632], "Sigma": [[0.010757712763422547, -0.006418855941540253, -0.018298652865153926], [-0.006418855941540254, 0.00778183940193053, 0.014908498155306387], [-0.018298652865153926, 0.014908498155306387, 0.057329928764088434]], "chi2_level": 0.997, "chi2_df": 3, "chi2_threshold": 13.931422665512084, "N_raw": 71, "N_roi": 71, "N_inlier": 71, "refit": true}
{"timestamp": "15:47:55.434244", "frame": 27, "mu": [0.8421246801384372, 1.203568075172408, 1.440235551360495], "Sigma": [[0.005193881902904369, -0.00023293708791106654, -0.0029808901044563645], [-0.0002329370879110666, 0.0046926008659927045, -0.0014849310121911562], [-0.0029808901044563645, -0.001484931012191156, 0.0026989613319555517]], "chi2_level": 0.997, "chi2_df": 3, "chi2_threshold": 13.931422665512084, "N_raw": 57, "N_roi": 57, "N_inlier": 56, "refit": true}
{"timestamp": "15:47:55.493219", "frame": 28, "mu": [0.863239113385909, 1.1312917193071768, 1.2340954252133032], "Sigma": [[0.006307154555030122, -0.0018133282590560656, -0.007742093397217314], [-0.0018133282590560656, 0.003342141781620794, -0.0020274819702563282], [-0.007742093397217315, -0.0020274819702563287, 0.0242651561855937]], "chi2_level": 0.997, "chi2_df": 3, "chi2_threshold": 13.931422665512084, "N_raw": 85, "N_roi": 85, "N_inlier": 83, "refit": true}
{"timestamp": "15:47:55.537372", "frame": 29, "mu": [0.7624304497786917, 1.1729520227060815, 1.284753251244037], "Sigma": [[0.006010254933164994, -0.0021260059800677035, -0.018580261652986655], [-0.0021260059800677035, 0.004600628629885283, 0.014367196651086947], [-0.01858026165298665, 0.014367196651086947, 0.1673892150423559]], "chi2_level": 0.997, "chi2_df": 3, "chi2_threshold": 13.931422665512084, "N_raw": 8, "N_roi": 8, "N_inlier": 8, "refit": true}
{"timestamp": "15:47:55.599218", "frame": 30, "mu": [0.7595374320787336, 1.1276388445521321, 1.4027411696765233], "Sigma": [[0.00486270206235273, -0.0018725808944059011, -0.007974647593061615], [-0.0018725808944059011, 0.005137950136663348, 0.004557805043665466], [-0.007974647593061615, 0.004557805043665466, 0.037912376255931135]], "chi2_level": 0.997, "chi2_df": 3, "chi2_threshold": 13.931422665512084, "N_raw": 57, "N_roi": 57, "N_inlier": 55, "refit": true}
{"timestamp": "15:47:55.656137", "frame": 31, "mu": [0.7310880143297394, 1.2269970660048157, -0.28084029424434503], "Sigma": [[0.004959851225281827, 0.0005252104589183069, -0.006816312975887322], [0.000525210458918307, 0.006038103844916377, -0.00452664387445359], [-0.006816312975887322, -0.00452664387445359, 0.02729516921044827]], "chi2_level": 0.997, "chi2_df": 3, "chi2_threshold": 13.931422665512084, "N_raw": 62, "N_roi": 62, "N_inlier": 60, "refit": true}
{"timestamp": "15:47:55.705850", "frame": 32, "mu": [0.7136354878936592, 1.2348477091622678, -0.3264506883467233], "Sigma": [[0.0037045473661014173, -0.0004505029402246696, -0.002642571971799273], [-0.0004505029402246696, 0.008113439944349297, -0.014488269356487766], [-0.002642571971799272, -0.014488269356487766, 0.03739504280532084]], "chi2_level": 0.997, "chi2_df": 3, "chi2_threshold": 13.931422665512084, "N_raw": 35, "N_roi": 35, "N_inlier": 34, "refit": true}
{"timestamp": "15:47:55.768762", "frame": 33, "mu": [0.7435435687958799, 1.111531461964663, 1.0320406060287821], "Sigma": [[0.004368944133845421, -0.001658260217008308, 0.002239900140032864], [-0.001658260217008308, 0.0036002393987217846, -0.011528179339151179], [0.002239900140032864, -0.011528179339151179, 0.058131792851205]], "chi2_level": 0.997, "chi2_df": 3, "chi2_threshold": 13.931422665512084, "N_raw": 86, "N_roi": 85, "N_inlier": 85, "refit": true}
{"timestamp": "15:47:55.820930", "frame": 34, "mu": [0.7208066745710439, 1.0562283956827885, 1.334720119570521], "Sigma": [[0.005788561741777646, -0.001639115027539575, -0.0028380284403580567], [-0.001639115027539575, 0.002733175408852162, -0.005190684561554332], [-0.002838028440358057, -0.00519068456155433, 0.03309702041220142]], "chi2_level": 0.997, "chi2_df": 3, "chi2_threshold": 13.931422665512084, "N_raw": 63, "N_roi": 63, "N_inlier": 60, "refit": true}
{"timestamp": "15:47:55.879425", "frame": 35, "mu": [0.718750954085557, 1.0691130814184109, 1.2430004513850506], "Sigma": [[0.005552926114737155, -0.0017873133622315588, -0.003321721597239637], [-0.001787313362231559, 0.00840430886658431, -0.010655700750883566], [-0.003321721597239637, -0.010655700750883566, 0.03131295912246265]], "chi2_level": 0.997, "chi2_df": 3, "chi2_threshold": 13.931422665512084, "N_raw": 86, "N_roi": 86, "N_inlier": 83, "refit": true}
{"timestamp": "15:47:55.934202", "frame": 36, "mu": [0.6509390706456016, 1.0632204701231898, 1.3278139947806817], "Sigma": [[0.006869123644261636, -0.001202437379380882, -0.0012621021583891097], [-0.001202437379380882, 0.003655435009628107, -0.006490968179463361], [-0.0012621021583891097, -0.006490968179463362, 0.06894244372698]], "chi2_level": 0.997, "chi2_df": 3, "chi2_threshold": 13.931422665512084, "N_raw": 78, "N_roi": 78, "N_inlier": 74, "refit": true}
{"timestamp": "15:47:55.983525", "frame": 37, "mu": [0.6184871390857241, 1.0227450682082562, 1.3419830269624702], "Sigma": [[0.003612200193638721, -0.0011642322977982078, -0.00621769136088196], [-0.0011642322977982078, 0.002296421365816579, 0.00244397459313529], [-0.00621769136088196, 0.0024439745931352902, 0.11851920306711519]], "chi2_level": 0.997, "chi2_df": 3, "chi2_threshold": 13.931422665512084, "N_raw": 49, "N_roi": 48, "N_inlier": 45, "refit": true}
{"timestamp": "15:47:56.038445", "frame": 38, "mu": [0.5949050006607165, 0.9966686161050524, 1.212081295827137], "Sigma": [[0.00625221312496452, -0.004068935296410815, -0.023675836914389646], [-0.004068935296410815, 0.0065261973658947425, 0.020950712574346282], [-0.023675836914389646, 0.020950712574346282, 0.24837651093582175]], "chi2_level": 0.997, "chi2_df": 3, "chi2_threshold": 13.931422665512084, "N_raw": 44, "N_roi": 44, "N_inlier": 43, "refit": true}
{"timestamp": "15:47:56.092016", "frame": 39, "mu": [0.49068538672645784, 1.0217420501703067, 1.4405734634446092], "Sigma": [[0.0026631065939644568, -0.0006131198576080452, -0.0022749628873039124], [-0.0006131198576080452, 0.0029406315898562454, -0.000557719444435379], [-0.0022749628873039124, -0.000557719444435379, 0.0035746564463589622]], "chi2_level": 0.997, "chi2_df": 3, "chi2_threshold": 13.931422665512084, "N_raw": 45, "N_roi": 45, "N_inlier": 41, "refit": true}
{"timestamp": "15:47:56.145366", "frame": 40, "mu": [0.4867586080655105, 0.9660194296018678, 1.2784046931651474], "Sigma": [[0.011922571340185746, -0.0022076628512351687, -0.053085372883455446], [-0.0022076628512351687, 0.002116481744248364, 0.009359303136966432], [-0.053085372883455446, 0.009359303136966432, 0.2683492526112849]], "chi2_level": 0.997, "chi2_df": 3, "chi2_threshold": 13.931422665512084, "N_raw": 25, "N_roi": 25, "N_inlier": 24, "refit": true}
{"timestamp": "15:47:56.208459", "frame": 41, "mu": [0.46216160517725907, 1.0145189550998304, 1.3519796916286022], "Sigma": [[0.004556434973258407, -0.0006700818247618868, -0.005914290863643666], [-0.0006700818247618868, 0.004099183057217873, -0.0012730827347855749], [-0.005914290863643666, -0.0012730827347855746, 0.017543581266630595]], "chi2_level": 0.997, "chi2_df": 3, "chi2_threshold": 13.931422665512084, "N_raw": 85, "N_roi": 85, "N_inlier": 81, "refit": true}
{"timestamp": "15:47:56.264200", "frame": 42, "mu": [0.37885495209766573, 1.0255531995422358, 1.2726887242663198], "Sigma": [[0.002949857129606373, -0.00017706258458331442, 0.002260168570733544], [-0.0001770625845833144, 0.004640516982221833, 0.0014432634804517847], [0.0022601685707335437, 0.0014432634804517849, 0.08355341553522996]], "chi2_level": 0.997, "chi2_df": 3, "chi2_threshold": 13.931422665512084, "N_raw": 82, "N_roi": 82, "N_inlier": 80, "refit": true}
{"timestamp": "15:47:56.317262", "frame": 43, "mu": [0.3895463994801962, 0.979517423707839, 1.3543453863508625], "Sigma": [[0.006213309432303111, -0.0012192416144689822, -0.0034868242357828957], [-0.001219241614468982, 0.0023196689234276837, -0.0012417738766698219], [-0.0034868242357828953, -0.0012417738766698219, 0.0043493265543154865]], "chi2_level": 0.997, "chi2_df": 3, "chi2_threshold": 13.931422665512084, "N_raw": 77, "N_roi": 77, "N_inlier": 73, "refit": true}
{"timestamp": "15:47:56.368612", "frame": 44, "mu": [0.38509716034628266, 1.0586173220579034, -0.5998988687144907], "Sigma": [[0.0031790616228371425, 0.0029893176616858043, 0.0010107795226832745], [0.0029893176616858043, 0.008752289159775594, 0.008801001165697167], [0.0010107795226832745, 0.008801001165697167, 0.038681626967273924]], "chi2_level": 0.997, "chi2_df": 3, "chi2_threshold": 13.931422665512084, "N_raw": 46, "N_roi": 46, "N_inlier": 46, "refit": true}
{"timestamp": "15:47:56.422519", "frame": 45, "mu": [0.2751129488951402, 0.9679285426794743, 1.2649883544323046], "Sigma": [[0.005519090189570322, -0.0024374333156833472, -0.014594398712134625], [-0.0024374333156833472, 0.007167462834748127, 0.02700023562309429], [-0.014594398712134625, 0.02700023562309429, 0.17534269946551687]], "chi2_level": 0.997, "chi2_df": 3, "chi2_threshold": 13.931422665512084, "N_raw": 48, "N_roi": 48, "N_inlier": 47, "refit": true}
{"timestamp": "15:47:56.484839", "frame": 46, "mu": [0.2623618824748634, 0.9761838276667574, 1.2594059953534025], "Sigma": [[0.005555937188679273, -0.00038896410039486863, -0.007891875507872344], [-0.0003889641003948684, 0.0044577150528774465, 0.008279786336104267], [-0.007891875507872344, 0.008279786336104267, 0.07165807542042855]], "chi2_level": 0.997, "chi2_df": 3, "chi2_threshold": 13.931422665512084, "N_raw": 97, "N_roi": 97, "N_inlier": 96, "refit": true}
{"timestamp": "15:47:56.537730", "frame": 47, "mu": [0.20126936810503526, 1.009807240887059, 1.2561162698070025], "Sigma": [[0.0029902253479108807, 0.0006344240580326678, -0.013328886772614214], [0.000634424058032668, 0.0033688596463801756, -0.008900899008279351], [-0.013328886772614216, -0.008900899008279353, 0.19489687337339712]], "chi2_level": 0.997, "chi2_df": 3, "chi2_threshold": 13.931422665512084, "N_raw": 73, "N_roi": 73, "N_inlier": 72, "refit": true}
{"timestamp": "15:47:56.584616", "frame": 48, "mu": [0.24077222390378808, 0.9323232017634345, 0.8747551634614394], "Sigma": [[0.00601350839620497, -0.0009926112959088218, 0.030853018105130782], [-0.0009926112959088218, 0.0036657943095766703, -0.013930671860936873], [0.030853018105130782, -0.013930671860936873, 0.4048253887886642]], "chi2_level": 0.997, "chi2_df": 3, "chi2_threshold": 13.931422665512084, "N_raw": 18, "N_roi": 18, "N_inlier": 17, "refit": true}
{"timestamp": "15:47:56.647702", "frame": 49, "mu": [0.14155647972849061, 0.9865922953141918, 1.4398685968318463], "Sigma": [[0.003854066948129723, 8.98345312171454e-05, -0.002204258708244266], [8.983453121714537e-05, 0.004562226808905831, -0.0025836590516523034], [-0.002204258708244266, -0.0025836590516523034, 0.0029707286974514284]], "chi2_level": 0.997, "chi2_df": 3, "chi2_threshold": 13.931422665512084, "N_raw": 85, "N_roi": 85, "N_inlier": 83, "refit": true}
{"timestamp": "15:47:56.701656", "frame": 50, "mu": [0.07041012623313735, 0.9466174948432344, 1.2300565899070424], "Sigma": [[0.0016774548298509084, 0.00034252098168646884, 0.005957476911101434], [0.0003425209816864688, 0.0045297556417260056, 0.017502980255018376], [0.005957476911101434, 0.017502980255018376, 0.17619122027370412]], "chi2_level": 0.997, "chi2_df": 3, "chi2_threshold": 13.931422665512084, "N_raw": 65, "N_roi": 65, "N_inlier": 63, "refit": true}
{"timestamp": "15:47:56.758075", "frame": 51, "mu": [0.0651450830930429, 0.9486364390889301, 1.3883306934635613], "Sigma": [[0.002444379296524659, 0.00023990555451738454, -0.00217253601199307], [0.00023990555451738457, 0.0016293880149567087, -0.00254875974287359], [-0.00217253601199307, -0.00254875974287359, 0.01244590674447975]], "chi2_level": 0.997, "chi2_df": 3, "chi2_threshold": 13.931422665512084, "N_raw": 75, "N_roi": 75, "N_inlier": 72, "refit": true}
{"timestamp": "15:47:56.811147", "frame": 52, "mu": [0.050533498863246776, 0.952400502887543, 1.375282822514262], "Sigma": [[0.003276725401963951, 0.00036090916762383633, -0.004384528333503519], [0.0003609091676238364, 0.0013124672796000568, -0.002757189654421381], [-0.004384528333503518, -0.002757189654421381, 0.013636592098336132]], "chi2_level": 0.997, "chi2_df": 3, "chi2_threshold": 13.931422665512084, "N_raw": 70, "N_roi": 70, "N_inlier": 69, "refit": true}
{"timestamp": "15:47:56.871145", "frame": 53, "mu": [0.009115478117944342, 0.9755366504288816, -0.637233816273668], "Sigma": [[0.0032551382426472828, 0.00305594313258805, 0.0035594524229709615], [0.00305594313258805, 0.0070041951896400645, 0.004272525533914239], [0.0035594524229709615, 0.004272525533914239, 0.033948548467904065]], "chi2_level": 0.997, "chi2_df": 3, "chi2_threshold": 13.931422665512084, "N_raw": 102, "N_roi": 102, "N_inlier": 100, "refit": true}
{"timestamp": "15:47:56.920617", "frame": 54, "mu": [-0.06691598265631313, 0.9448292479873697, 1.3574881513465136], "Sigma": [[0.0019923221952519157, -0.00039803157595609946, -0.0017488408628748655], [-0.0003980315759560995, 0.0017853111591831633, -0.0029040483353650103], [-0.001748840862874866, -0.0029040483353650103, 0.009591233676926917]], "chi2_level": 0.997, "chi2_df": 3, "chi2_threshold": 13.931422665512084, "N_raw": 62, "N_roi": 62, "N_inlier": 61, "refit": true}
{"timestamp": "15:47:56.976968", "frame": 55, "mu": [-0.10080859175339434, 0.9303461402164457, 1.3841930871433041], "Sigma": [[0.002405475687043541, -0.00025794013644108083, -0.0018675542325929076], [-0.00025794013644108083, 0.0009873869836182368, -0.002085683566461507], [-0.0018675542325929074, -0.0020856835664615067, 0.01331693975896356]], "chi2_level": 0.997, "chi2_df": 3, "chi2_threshold": 13.931422665512084, "N_raw": 71, "N_roi": 71, "N_inlier": 71, "refit": true}
{"timestamp": "15:47:57.023835", "frame": 56, "mu": [-0.12516711406815723, 0.9094976819981271, 1.1326124605263979], "Sigma": [[0.020457465350526817, -0.0044136281151515005, -0.07101488460164194], [-0.0044136281151515005, 0.0036870979163244086, 0.01680214491058474], [-0.07101488460164194, 0.01680214491058474, 0.2560708145527984]], "chi2_level": 0.997, "chi2_df": 3, "chi2_threshold": 13.931422665512084, "N_raw": 11, "N_roi": 11, "N_inlier": 11, "refit": true}
{"timestamp": "15:47:57.082043", "frame": 57, "mu": [-0.19122218885663628, 0.8528373656004545, 1.271621311867404], "Sigma": [[0.0019602875506388165, -0.0005585997572714308, -0.0011451927062567523], [-0.0005585997572714308, 0.00211149888970987, -0.0014384389205601975], [-0.0011451927062567523, -0.0014384389205601975, 0.0026035808790660564]], "chi2_level": 0.997, "chi2_df": 3, "chi2_threshold": 13.931422665512084, "N_raw": 43, "N_roi": 43, "N_inlier": 43, "refit": true}
{"timestamp": "15:47:57.138540", "frame": 58, "mu": [-0.2668010423624076, 0.9333232982741264, 1.4795485629340328], "Sigma": [[0.002446823189746434, -0.0007237144068047774, -0.0003566929402894499], [-0.0007237144068047774, 0.003471042970696372, -0.0022108426667386254], [-0.0003566929402894499, -0.002210842666738625, 0.002672846393919505]], "chi2_level": 0.997, "chi2_df": 3, "chi2_threshold": 13.931422665512084, "N_raw": 60, "N_roi": 60, "N_inlier": 59, "refit": true}
{"timestamp": "15:47:57.198154", "frame": 59, "mu": [-0.291328151039516, 0.9419167166040284, 1.4538317380836066], "Sigma": [[0.0037561674756934633, -0.00032931185204204585, -0.0028341745618586274], [-0.0003293118520420458, 0.003236481074871904, -0.00333361576187824], [-0.0028341745618586274, -0.00333361576187824, 0.0072004487899912425]], "chi2_level": 0.997, "chi2_df": 3, "chi2_threshold": 13.931422665512084, "N_raw": 86, "N_roi": 86, "N_inlier": 84, "refit": true}
{"timestamp": "15:47:57.254984", "frame": 60, "mu": [-0.3123976902119195, 0.9255998179480988, 1.431447003447039], "Sigma": [[0.0033367977596780955, -0.0019749519013554503, -0.0035091679753184737], [-0.0019749519013554503, 0.0049021748558210195, 0.0008925865078862328], [-0.003509167975318474, 0.0008925865078862325, 0.01792218572702379]], "chi2_level": 0.997, "chi2_df": 3, "chi2_threshold": 13.931422665512084, "N_raw": 88, "N_roi": 88, "N_inlier": 86, "refit": true}
{"timestamp": "15:47:57.309613", "frame": 61, "mu": [-0.363972848712275, 0.9471281232008063, 1.4762473008589254], "Sigma": [[0.0029994723742691565, -0.0016996646578056965, -0.0023851673392762587], [-0.0016996646578056965, 0.004100554645645496, -0.0014866086569612974], [-0.0023851673392762587, -0.0014866086569612976, 0.017878413744391017]], "chi2_level": 0.997, "chi2_df": 3, "chi2_threshold": 13.931422665512084, "N_raw": 83, "N_roi": 83, "N_inlier": 81, "refit": true}
{"timestamp": "15:47:57.360207", "frame": 62, "mu": [-0.405376211185502, 0.9228544012427735, 1.4535103448692204], "Sigma": [[0.0028458155305585643, -0.0006598301041784891, -0.0023033019452776437], [-0.0006598301041784891, 0.002045362420388005, -0.00023723487699256083], [-0.0023033019452776437, -0.00023723487699256127, 0.014648913079935056]], "chi2_level": 0.997, "chi2_df": 3, "chi2_threshold": 13.931422665512084, "N_raw": 52, "N_roi": 50, "N_inlier": 48, "refit": true}
{"timestamp": "15:47:57.408989", "frame": 63, "mu": [-0.42771472510670167, 0.9300917153768625, 0.8106933272089221], "Sigma": [[0.00420927095499171, -0.003350629535238195, 0.017949973548518763], [-0.003350629535238195, 0.0076197405053493785, -0.04152539600951713], [0.017949973548518766, -0.04152539600951713, 0.3917805041665542]], "chi2_level": 0.997, "chi2_df": 3, "chi2_threshold": 13.931422665512084, "N_raw": 10, "N_roi": 10, "N_inlier": 10, "refit": true}
{"timestamp": "15:47:57.471147", "frame": 64, "mu": [-0.5104421650344738, 0.9070248794553446, 1.4224640117681746], "Sigma": [[0.004359914185384226, -0.002625249763896085, -0.0002578259330830693], [-0.002625249763896085, 0.004435799054969319, -0.002251015355420627], [-0.00025782593308306924, -0.0022510153554206264, 0.002814248118051364]], "chi2_level": 0.997, "chi2_df": 3, "chi2_threshold": 13.931422665512084, "N_raw": 72, "N_roi": 72, "N_inlier": 69, "refit": true}
{"timestamp": "15:47:57.523948", "frame": 65, "mu": [-0.5194885149107921, 0.9608531098420231, 1.4695311738497057], "Sigma": [[0.002686948760082772, 0.0001392676570311582, -0.0048514249292661085], [0.00013926765703115818, 0.002995337983050711, -0.0008260031297346623], [-0.0048514249292661085, -0.0008260031297346623, 0.025613897195910645]], "chi2_level": 0.997, "chi2_df": 3, "chi2_threshold": 13.931422665512084, "N_raw": 49, "N_roi": 48, "N_inlier": 45, "refit": true}
{"timestamp": "15:47:57.572791", "frame": 66, "mu": [-0.5433908626446046, 0.892501599556844, 1.2916619820552644], "Sigma": [[0.03225918772468906, -0.037475959764270796, 0.017214998602247296], [-0.037475959764270796, 0.04467424316937751, -0.023897078133893048], [0.017214998602247296, -0.023897078133893048, 0.07533703635962577]], "chi2_level": 0.997, "chi2_df": 3, "chi2_threshold": 13.931422665512084, "N_raw": 10, "N_roi": 9, "N_inlier": 9, "refit": true}
{"timestamp": "15:47:57.637502", "frame": 67, "mu": [-0.5960662138901305, 0.9659205992737067, 1.2629897654625446], "Sigma": [[0.0038491269700451406, -0.0007657030447939923, -0.007854522418182536], [-0.0007657030447939924, 0.004553533396834169, 0.015712605582307203], [-0.007854522418182536, 0.015712605582307203, 0.11218472683703279]], "chi2_level": 0.997, "chi2_df": 3, "chi2_threshold": 13.931422665512084, "N_raw": 77, "N_roi": 77, "N_inlier": 77, "refit": true}
{"timestamp": "15:47:57.690350", "frame": 68, "mu": [-0.675031966673995, 0.9756554667724215, 1.256876234055249], "Sigma": [[0.005782203385849431, 2.3894746528747218e-05, -0.011684892309377432], [2.389474652874725e-05, 0.0022518916873070964, -0.010315297913416694], [-0.011684892309377432, -0.010315297913416694, 0.11274539865006841]], "chi2_level": 0.997, "chi2_df": 3, "chi2_threshold": 13.931422665512084, "N_raw": 52, "N_roi": 52, "N_inlier": 48, "refit": true}
{"timestamp": "15:47:57.741125", "frame": 69, "mu": [-0.7249118794135148, 0.9856083885813487, 1.4798820037974563], "Sigma": [[0.002876439785583512, -0.0003763420973802446, -0.0005114620891769978], [-0.0003763420973802446, 0.0011867150896542765, -0.0017628652686298484], [-0.0005114620891769978, -0.0017628652686298481, 0.008782088278099643]], "chi2_level": 0.997, "chi2_df": 3, "chi2_threshold": 13.931422665512084, "N_raw": 39, "N_roi": 39, "N_inlier": 38, "refit": true}
{"timestamp": "15:47:57.796625", "frame": 70, "mu": [-0.8030591617564311, 0.8906085957246705, 1.304926571333168], "Sigma": [[0.014364844837193722, 0.0015351569375641194, -0.02054034985026584], [0.0015351569375641194, 0.004511128368081344, 0.0031207066134756193], [-0.02054034985026584, 0.0031207066134756193, 0.055960059777557726]], "chi2_level": 0.997, "chi2_df": 3, "chi2_threshold": 13.931422665512084, "N_raw": 33, "N_roi": 33, "N_inlier": 32, "refit": true}
{"timestamp": "15:47:57.847882", "frame": 71, "mu": [-0.7578815287946796, 0.978807442321746, 1.2137053435165577], "Sigma": [[0.002358083735412811, -0.0006746763341527742, -0.004771773757196639], [-0.0006746763341527742, 0.0074123605572108345, -0.005405459097276158], [-0.00477177375719664, -0.005405459097276158, 0.02554297308915818]], "chi2_level": 0.997, "chi2_df": 3, "chi2_threshold": 13.931422665512084, "N_raw": 11, "N_roi": 11, "N_inlier": 11, "refit": true}
{"timestamp": "15:47:57.908395", "frame": 72, "mu": [-0.8873996368278605, 0.9902538228323198, 1.5074013999158336], "Sigma": [[0.024890246465301444, 0.011841273899988557, -0.01806872201632114], [0.011841273899988559, 0.011455424046480906, -0.008075834141907934], [-0.01806872201632114, -0.008075834141907934, 0.03415062564200994]], "chi2_level": 0.997, "chi2_df": 3, "chi2_threshold": 13.931422665512084, "N_raw": 52, "N_roi": 52, "N_inlier": 50, "refit": true}
{"timestamp": "15:47:57.961663", "frame": 73, "mu": [-1.1176600764976636, 0.8525409128130169, 1.5322038484381073], "Sigma": [[0.027451869039285606, 0.027275968867022667, -0.010646195393121761], [0.027275968867022667, 0.03279196359409878, -0.004197720953532434], [-0.010646195393121761, -0.004197720953532434, 0.05155028434625588]], "chi2_level": 0.997, "chi2_df": 3, "chi2_threshold": 13.931422665512084, "N_raw": 31, "N_roi": 31, "N_inlier": 31, "refit": true}
{"timestamp": "15:47:58.023857", "frame": 74, "mu": [-1.0210610114359842, 0.9763266671851829, 1.437902830771324], "Sigma": [[0.037155649314466924, 0.009465399646636709, -0.05786348143088757], [0.009465399646636709, 0.006020724809188731, -0.01382018995199628], [-0.05786348143088758, -0.01382018995199628, 0.11070123342248919]], "chi2_level": 0.997, "chi2_df": 3, "chi2_threshold": 13.931422665512084, "N_raw": 95, "N_roi": 95, "N_inlier": 95, "refit": true}
{"timestamp": "15:47:58.073418", "frame": 75, "mu": [-1.09049059759776, 0.9555758915132764, 1.4749186622215393], "Sigma": [[0.039171072733921175, 0.02203502243355408, -0.05021943715809046], [0.02203502243355408, 0.014340430823748597, -0.032030117597743935], [-0.05021943715809046, -0.032030117597743935, 0.0840326947051567]], "chi2_level": 0.997, "chi2_df": 3, "chi2_threshold": 13.931422665512084, "N_raw": 47, "N_roi": 47, "N_inlier": 47, "refit": true}
{"timestamp": "15:47:58.130550", "frame": 76, "mu": [-1.1471853647386148, 1.0050930807312592, 1.6130852247140173], "Sigma": [[0.0245932806357408, 0.016620308548425958, -0.014909237724952448], [0.016620308548425958, 0.01735454604547117, -0.01624576432690634], [-0.014909237724952448, -0.016245764326906345, 0.0160284461724415]], "chi2_level": 0.997, "chi2_df": 3, "chi2_threshold": 13.931422665512084, "N_raw": 66, "N_roi": 66, "N_inlier": 63, "refit": true}
{"timestamp": "15:47:58.185227", "frame": 77, "mu": [-1.1469745171356975, 1.0304933361640347, 1.5828863424337634], "Sigma": [[0.012817964257267212, 0.008370781694703639, -0.02227751922532018], [0.008370781694703639, 0.009159426339933783, -0.013183707010553911], [-0.02227751922532018, -0.013183707010553911, 0.057959628775905575]], "chi2_level": 0.997, "chi2_df": 3, "chi2_threshold": 13.931422665512084, "N_raw": 68, "N_roi": 68, "N_inlier": 65, "refit": true}
{"timestamp": "15:47:58.238227", "frame": 78, "mu": [-1.272138912378057, 0.9560426150282105, 1.552050237151692], "Sigma": [[0.022496919744527062, 0.010434962939781533, -0.027194011180617768], [0.010434962939781533, 0.01001831262278398, -0.018391968553180142], [-0.02719401118061777, -0.018391968553180142, 0.051134763812810125]], "chi2_level": 0.997, "chi2_df": 3, "chi2_threshold": 13.931422665512084, "N_raw": 50, "N_roi": 50, "N_inlier": 48, "refit": true}
{"timestamp": "15:47:58.292227", "frame": 79, "mu": [-1.173586597488172, 1.0418388507346732, 1.3218450819083811], "Sigma": [[0.024855364723772498, 0.01797536378487025, -0.026672007529495112], [0.01797536378487025, 0.017393653024820006, -0.021401215879176046], [-0.026672007529495112, -0.021401215879176046, 0.07659340863587452]], "chi2_level": 0.997, "chi2_df": 3, "chi2_threshold": 13.931422665512084, "N_raw": 40, "N_roi": 40, "N_inlier": 40, "refit": true}
{"timestamp": "15:47:58.354929", "frame": 80, "mu": [-1.1938907282503721, 1.0483034007620518, 1.1659483460540032], "Sigma": [[0.033937804057809585, 0.02873440657810488, -0.04922682135402942], [0.028734406578104877, 0.027160720944938967, -0.044547572062994034], [-0.04922682135402942, -0.044547572062994034, 0.16915919580662714]], "chi2_level": 0.997, "chi2_df": 3, "chi2_threshold": 13.931422665512084, "N_raw": 100, "N_roi": 100, "N_inlier": 98, "refit": true}
{"timestamp": "15:47:58.411567", "frame": 81, "mu": [-1.2766195867226744, 1.0264307922253808, 1.224664205414218], "Sigma": [[0.03983669634613132, 0.026768027564619188, -0.0759508650694429], [0.026768027564619188, 0.021958048092101157, -0.05696318133957216], [-0.07595086506944292, -0.05696318133957215, 0.21704926233414804]], "chi2_level": 0.997, "chi2_df": 3, "chi2_threshold": 13.931422665512084, "N_raw": 105, "N_roi": 105, "N_inlier": 105, "refit": true}
{"timestamp": "15:47:58.469760", "frame": 82, "mu": [-1.2745967832171279, 1.0931828292305126, 1.1360155221880555], "Sigma": [[0.03342613518336873, 0.024690002606246125, -0.08341553516061229], [0.024690002606246122, 0.026216623991519708, -0.07258790055822748], [-0.08341553516061229, -0.07258790055822748, 0.2768799185934308]], "chi2_level": 0.997, "chi2_df": 3, "chi2_threshold": 13.931422665512084, "N_raw": 131, "N_roi": 131, "N_inlier": 131, "refit": true}
{"timestamp": "15:47:58.524760", "frame": 83, "mu": [-1.3424957118587977, 1.0700767766296604, 1.1229185371791037], "Sigma": [[0.03596133966988303, 0.03052706340350703, -0.06969627469729216], [0.03052706340350703, 0.0338375044902134, -0.07660081713657896], [-0.06969627469729214, -0.07660081713657896, 0.2443332133666227]], "chi2_level": 0.997, "chi2_df": 3, "chi2_threshold": 13.931422665512084, "N_raw": 131, "N_roi": 131, "N_inlier": 131, "refit": true}
{"timestamp": "15:47:58.576258", "frame": 84, "mu": [-1.376444490939643, 1.1025389963980845, 1.3825523016094234], "Sigma": [[0.022156737203714347, 0.015315254804176715, -0.034025958090568825], [0.015315254804176715, 0.018913207544036793, -0.039367847456463656], [-0.034025958090568825, -0.039367847456463656, 0.11209722674121672]], "chi2_level": 0.997, "chi2_df": 3, "chi2_threshold": 13.931422665512084, "N_raw": 97, "N_roi": 97, "N_inlier": 95, "refit": true}
{"timestamp": "15:47:58.625787", "frame": 85, "mu": [-1.4901749484227063, 1.037881298190468, 1.524624140465067], "Sigma": [[0.012454163170028013, 0.00559627469313593, -0.006660091970624919], [0.005596274693135931, 0.008876277512355325, -0.00666237999533612], [-0.006660091970624919, -0.0066623799953361195, 0.008508051090182035]], "chi2_level": 0.997, "chi2_df": 3, "chi2_threshold": 13.931422665512084, "N_raw": 65, "N_roi": 65, "N_inlier": 63, "refit": true}
{"timestamp": "15:47:58.684060", "frame": 86, "mu": [-1.4219873229154794, 1.2158914323314933, 0.1995050205526258], "Sigma": [[0.01936405477654709, 0.008877379861212155, 0.058993351009584555], [0.008877379861212157, 0.009927991349848371, 0.022723990920821814], [0.058993351009584555, 0.022723990920821814, 0.41516880343777773]], "chi2_level": 0.997, "chi2_df": 3, "chi2_threshold": 13.931422665512084, "N_raw": 91, "N_roi": 91, "N_inlier": 91, "refit": true}
{"timestamp": "15:47:58.731467", "frame": 87, "mu": [-1.4940396391642368, 1.0502904696967421, 1.5365087226939702], "Sigma": [[0.011589223220339447, 0.01523724455362585, -0.0022716049079849806], [0.01523724455362585, 0.050270340584720435, 0.04440631463746461], [-0.0022716049079849815, 0.04440631463746461, 0.09976323374215851]], "chi2_level": 0.997, "chi2_df": 3, "chi2_threshold": 13.931422665512084, "N_raw": 40, "N_roi": 40, "N_inlier": 39, "refit": true}
{"timestamp": "15:47:58.790839", "frame": 88, "mu": [-1.4533915284932442, 1.1863726265727403, 1.4092303025546629], "Sigma": [[0.019952495229117323, 0.013114480979596582, -0.005696656688928887], [0.013114480979596582, 0.011235724240961165, -0.00684482636731826], [-0.005696656688928886, -0.00684482636731826, 0.006984748792310665]], "chi2_level": 0.997, "chi2_df": 3, "chi2_threshold": 13.931422665512084, "N_raw": 73, "N_roi": 73, "N_inlier": 71, "refit": true}
{"timestamp": "15:47:58.845668", "frame": 89, "mu": [-1.5608715235206323, 1.1647440763830548, -0.5144305924270636], "Sigma": [[0.019259920556958333, 0.01195209342626783, -0.00578394643259451], [0.01195209342626783, 0.01205029704790868, -0.0055667797155013726], [-0.00578394643259451, -0.0055667797155013726, 0.0043364938121159295]], "chi2_level": 0.997, "chi2_df": 3, "chi2_threshold": 13.931422665512084, "N_raw": 66, "N_roi": 66, "N_inlier": 63, "refit": true}
{"timestamp": "15:47:58.905424", "frame": 90, "mu": [-1.4809024268701887, 1.3261531828286153, 1.4183922722960678], "Sigma": [[0.01914922812893185, 0.008602243996887766, -0.019078716295822636], [0.008602243996887766, 0.008741140813628926, -0.014644406850612699], [-0.019078716295822636, -0.0146444068506127, 0.04366937498873173]], "chi2_level": 0.997, "chi2_df": 3, "chi2_threshold": 13.931422665512084, "N_raw": 104, "N_roi": 104, "N_inlier": 104, "refit": true}
{"timestamp": "15:47:58.957862", "frame": 91, "mu": [-1.5530180756514478, 1.2901786762418583, 1.3984509928646363], "Sigma": [[0.016570696856565304, 0.01227298166570754, -0.013316117590241448], [0.01227298166570754, 0.012938160070543296, -0.015279647720976314], [-0.013316117590241447, -0.015279647720976314, 0.02198626749955901]], "chi2_level": 0.997, "chi2_df": 3, "chi2_threshold": 13.931422665512084, "N_raw": 81, "N_roi": 81, "N_inlier": 76, "refit": true}
{"timestamp": "15:47:59.013007", "frame": 92, "mu": [-1.5279798351189886, 1.407868198416431, 1.4147670616996606], "Sigma": [[0.020140392456292032, 0.0138319466717216, -0.010727158419485504], [0.013831946671721596, 0.011775207707369137, -0.011553730534241533], [-0.010727158419485504, -0.011553730534241533, 0.030942946813602847]], "chi2_level": 0.997, "chi2_df": 3, "chi2_threshold": 13.931422665512084, "N_raw": 85, "N_roi": 85, "N_inlier": 81, "refit": true}
{"timestamp": "15:47:59.067053", "frame": 93, "mu": [-1.6423894551616198, 1.3479746308628726, 1.420660580440477], "Sigma": [[0.012496912972335723, 0.009518128232601782, -0.008169516958275481], [0.009518128232601782, 0.010765535802393261, -0.014095990411638556], [-0.008169516958275481, -0.014095990411638556, 0.028815031471564296]], "chi2_level": 0.997, "chi2_df": 3, "chi2_threshold": 13.931422665512084, "N_raw": 71, "N_roi": 71, "N_inlier": 67, "refit": true}
