{"timestamp": "14:52:48.164973", "frame": 12, "mu": [-1.705040061493576, 4.961887497133074, 0.6440204761881807], "Sigma": [[0.011301539468828661, 0.0007663570574174796, -0.0010111664230342673], [0.0007663570574174795, 0.0004265322011392114, -0.00022886171437620892], [-0.0010111664230342669, -0.00022886171437620892, 0.006689581963122637]], "chi2_level": 0.997, "chi2_df": 3, "chi2_threshold": 13.931422665512084, "N_raw": 12, "N_roi": 8, "N_inlier": 8, "refit": true}
{"timestamp": "14:52:48.387832", "frame": 16, "mu": [-1.7311589224375177, 4.9538465975172326, 0.9054839175992301], "Sigma": [[0.022055938770047995, 0.0024620382678061303, 0.003693329658584591], [0.0024620382678061303, 0.0008668550162344133, -0.0010217301781726452], [0.003693329658584591, -0.0010217301781726452, 0.010141053725746639]], "chi2_level": 0.997, "chi2_df": 3, "chi2_threshold": 13.931422665512084, "N_raw": 33, "N_roi": 21, "N_inlier": 21, "refit": true}
{"timestamp": "14:52:48.553411", "frame": 19, "mu": [-1.5548566270151527, 4.951863242506126, 0.5112405590760551], "Sigma": [[0.015490800043362172, 0.001309731635637963, -0.011379944855832873], [0.0013097316356379628, 0.0008670502180090481, -0.0014872746645108507], [-0.011379944855832875, -0.0014872746645108507, 0.01565242134972418]], "chi2_level": 0.997, "chi2_df": 3, "chi2_threshold": 13.931422665512084, "N_raw": 24, "N_roi": 19, "N_inlier": 18, "refit": true}
{"timestamp": "14:52:48.610722", "frame": 20, "mu": [-1.6033470744882292, 4.940531914773036, 0.7805965452172803], "Sigma": [[0.017512937244810955, 0.0031040922038225423, -0.00562047775027338], [0.0031040922038225423, 0.001293540142084309, -0.0019835884499099597], [-0.00562047775027338, -0.0019835884499099597, 0.006384192269943577]], "chi2_level": 0.997, "chi2_df": 3, "chi2_threshold": 13.931422665512084, "N_raw": 27, "N_roi": 19, "N_inlier": 19, "refit": true}
{"timestamp": "14:52:48.722238", "frame": 22, "mu": [-1.4945453892397587, 4.8818332898104835, 0.7272065470364351], "Sigma": [[0.0223245085907834, 0.00501290321731014, -0.008489460885343796], [0.005012903217310141, 0.0036682441844556697, -0.0041620367767786675], [-0.008489460885343796, -0.004162036776778667, 0.00855927075956738]], "chi2_level": 0.997, "chi2_df": 3, "chi2_threshold": 13.931422665512084, "N_raw": 46, "N_roi": 34, "N_inlier": 34, "refit": true}
{"timestamp": "14:52:48.778219", "frame": 23, "mu": [-1.3976795196951284, 4.875019612250442, 0.573531852463131], "Sigma": [[0.030693514180441313, 0.005046547587485555, -0.012736286187622929], [0.005046547587485555, 0.0055433850130984985, -0.0029147058183453564], [-0.012736286187622929, -0.002914705818345356, 0.007614239472361129]], "chi2_level": 0.997, "chi2_df": 3, "chi2_threshold": 13.931422665512084, "N_raw": 52, "N_roi": 45, "N_inlier": 45, "refit": true}
{"timestamp": "14:52:48.831864", "frame": 24, "mu": [-1.437281122766329, 4.826137255783524, 0.790660086359614], "Sigma": [[0.031954644372700416, 0.005688345915323127, -0.009682599430802772], [0.005688345915323127, 0.002899471605694451, -0.004343727628295551], [-0.009682599430802774, -0.004343727628295551, 0.011278531283345068]], "chi2_level": 0.997, "chi2_df": 3, "chi2_threshold": 13.931422665512084, "N_raw": 43, "N_roi": 40, "N_inlier": 40, "refit": true}
{"timestamp": "14:52:48.884165", "frame": 25, "mu": [-1.3191410310164828, 4.850275003833988, 0.4735599815755892], "Sigma": [[0.023678499196895277, 0.0034786714441794146, -0.017760358005594494], [0.0034786714441794146, 0.002131230500959611, -0.0068088232530392825], [-0.017760358005594494, -0.0068088232530392825, 0.0462762906079599]], "chi2_level": 0.997, "chi2_df": 3, "chi2_threshold": 13.931422665512084, "N_raw": 27, "N_roi": 27, "N_inlier": 27, "refit": true}
{"timestamp": "14:52:48.938823", "frame": 26, "mu": [-1.3098394511182438, 4.858177268793516, 0.4789858678720504], "Sigma": [[0.019256854485461068, 0.0010956120937740336, -0.018630833431417207], [0.0010956120937740336, 0.003497656432515865, -0.0030640641985218097], [-0.018630833431417207, -0.0030640641985218097, 0.02709530220433034]], "chi2_level": 0.997, "chi2_df": 3, "chi2_threshold": 13.931422665512084, "N_raw": 26, "N_roi": 24, "N_inlier": 23, "refit": true}
{"timestamp": "14:52:49.106481", "frame": 29, "mu": [-1.4350688012288724, 4.825388748841716, -0.007100445258903988], "Sigma": [[0.028801877266617808, 0.007896414040261212, -0.01109896541265355], [0.007896414040261212, 0.006433347265317261, -0.004556186110313625], [-0.011098965412653553, -0.004556186110313626, 0.006943307103140611]], "chi2_level": 0.997, "chi2_df": 3, "chi2_threshold": 13.931422665512084, "N_raw": 46, "N_roi": 44, "N_inlier": 44, "refit": true}
{"timestamp": "14:52:49.270385", "frame": 32, "mu": [-1.1357095112651703, 4.662358391226351, 0.3915841771552965], "Sigma": [[0.032891204251539116, 0.0021913059415289175, -0.019953026825092944], [0.002191305941528918, 0.003297692699908897, -0.0020310517669159763], [-0.019953026825092944, -0.0020310517669159763, 0.023580686238279486]], "chi2_level": 0.997, "chi2_df": 3, "chi2_threshold": 13.931422665512084, "N_raw": 38, "N_roi": 38, "N_inlier": 37, "refit": true}
{"timestamp": "14:52:49.330153", "frame": 33, "mu": [-1.115783573845965, 4.832078199868929, -0.4051663654284852], "Sigma": [[0.036589875831275584, 0.013703084474551055, 0.0020895334491920466], [0.013703084474551055, 0.015133086399528492, 0.010779781237776877], [0.0020895334491920466, 0.010779781237776877, 0.12548029933874308]], "chi2_level": 0.997, "chi2_df": 3, "chi2_threshold": 13.931422665512084, "N_raw": 65, "N_roi": 59, "N_inlier": 59, "refit": true}
{"timestamp": "14:52:49.383548", "frame": 34, "mu": [-1.196237904219098, 4.557432042261935, 0.6427831598271585], "Sigma": [[0.028977049527634205, 0.005165382474142947, -0.014309309097190012], [0.005165382474142948, 0.004675480822053001, -0.005132253383578074], [-0.014309309097190012, -0.005132253383578074, 0.010746945045703444]], "chi2_level": 0.997, "chi2_df": 3, "chi2_threshold": 13.931422665512084, "N_raw": 53, "N_roi": 50, "N_inlier": 50, "refit": true}
{"timestamp": "14:52:49.435995", "frame": 35, "mu": [-1.1252166875489367, 4.541827536005742, 0.6601557280408106], "Sigma": [[0.02183845784327189, 0.001512030529959026, -0.013930461821062227], [0.0015120305299590265, 0.002776476053160475, -0.002397869329293919], [-0.013930461821062227, -0.002397869329293919, 0.011791955755013154]], "chi2_level": 0.997, "chi2_df": 3, "chi2_threshold": 13.931422665512084, "N_raw": 38, "N_roi": 35, "N_inlier": 35, "refit": true}
{"timestamp": "14:52:49.488411", "frame": 36, "mu": [-1.2140876059735708, 4.680531983254444, -0.09396817681253103], "Sigma": [[0.013568560075178255, 0.003313517976393473, -0.005065287800381523], [0.0033135179763934736, 0.003388953313435706, -0.002292827077315418], [-0.005065287800381523, -0.0022928270773154174, 0.0037230940343803746]], "chi2_level": 0.997, "chi2_df": 3, "chi2_threshold": 13.931422665512084, "N_raw": 21, "N_roi": 21, "N_inlier": 21, "refit": true}
{"timestamp": "14:52:49.545621", "frame": 37, "mu": [-1.083380765088482, 4.483002921730753, 0.6495153219664538], "Sigma": [[0.016350582464390338, 0.0034316826681061773, -0.006288982885730218], [0.0034316826681061773, 0.006070158250189874, 0.002031504710350163], [-0.006288982885730218, 0.002031504710350163, 0.005476347750993447]], "chi2_level": 0.997, "chi2_df": 3, "chi2_threshold": 13.931422665512084, "N_raw": 33, "N_roi": 30, "N_inlier": 30, "refit": true}
{"timestamp": "14:52:49.603977", "frame": 38, "mu": [-1.0680028787985565, 4.504858683560683, 0.8656954784583534], "Sigma": [[0.03331010859187392, 0.005402173182355185, -0.01748674544790979], [0.005402173182355185, 0.0045866830184529955, -0.007366873223928021], [-0.017486745447909787, -0.0073668732239280214, 0.017481825459050408]], "chi2_level": 0.997, "chi2_df": 3, "chi2_threshold": 13.931422665512084, "N_raw": 58, "N_roi": 58, "N_inlier": 58, "refit": true}
{"timestamp": "14:52:49.656479", "frame": 39, "mu": [-1.0002880692089018, 4.442017778918568, 0.6731674142274382], "Sigma": [[0.02889889138279041, 0.0034126607480996166, -0.011938552682103282], [0.0034126607480996166, 0.002800691982935261, -0.0037533135249449437], [-0.011938552682103282, -0.0037533135249449437, 0.009621908770283552]], "chi2_level": 0.997, "chi2_df": 3, "chi2_threshold": 13.931422665512084, "N_raw": 42, "N_roi": 42, "N_inlier": 42, "refit": true}
{"timestamp": "14:52:49.708801", "frame": 40, "mu": [-1.0311369390634886, 4.412557410206523, 0.7101434392651262], "Sigma": [[0.02168404149836774, 0.001974899206032843, -0.015591084666382135], [0.001974899206032843, 0.0018778343405663203, -0.002756971820857297], [-0.015591084666382135, -0.002756971820857297, 0.014814034976415041]], "chi2_level": 0.997, "chi2_df": 3, "chi2_threshold": 13.931422665512084, "N_raw": 27, "N_roi": 27, "N_inlier": 26, "refit": true}
{"timestamp": "14:52:49.769198", "frame": 41, "mu": [-1.0075470925397383, 4.405606622275105, 0.7023843310719571], "Sigma": [[0.03347802741955481, 0.005174837673317771, -0.014812162249957935], [0.005174837673317771, 0.006428368933765082, -0.002899327940514768], [-0.014812162249957935, -0.002899327940514768, 0.008308026728192428]], "chi2_level": 0.997, "chi2_df": 3, "chi2_threshold": 13.931422665512084, "N_raw": 58, "N_roi": 58, "N_inlier": 57, "refit": true}
{"timestamp": "14:52:49.824845", "frame": 42, "mu": [-0.9384790891799442, 4.3945868551142295, 0.7496451202689459], "Sigma": [[0.03440716867922078, 0.0075888717859412345, -0.007256041917213279], [0.007588871785941233, 0.008170541195728095, -0.0029121985135580515], [-0.007256041917213279, -0.0029121985135580515, 0.002943257724375238]], "chi2_level": 0.997, "chi2_df": 3, "chi2_threshold": 13.931422665512084, "N_raw": 64, "N_roi": 62, "N_inlier": 61, "refit": true}
{"timestamp": "14:52:49.878323", "frame": 43, "mu": [-0.961448608304702, 4.3072708128458554, 0.7035946612771945], "Sigma": [[0.028530919051282334, 0.0019186023758210268, -0.01760147880245081], [0.001918602375821027, 0.004029527928019658, -0.0027684015703773896], [-0.01760147880245081, -0.0027684015703773896, 0.0132392232483516]], "chi2_level": 0.997, "chi2_df": 3, "chi2_threshold": 13.931422665512084, "N_raw": 49, "N_roi": 48, "N_inlier": 48, "refit": true}
{"timestamp": "14:52:49.934996", "frame": 44, "mu": [-0.8567273489756418, 4.308757709544956, 0.6553981333664962], "Sigma": [[0.03481061328457266, 0.004104166278206284, -0.017988056213137805], [0.004104166278206284, 0.008908965718001796, -0.0010511131612455588], [-0.017988056213137805, -0.0010511131612455592, 0.015196383375678753]], "chi2_level": 0.997, "chi2_df": 3, "chi2_threshold": 13.931422665512084, "N_raw": 67, "N_roi": 66, "N_inlier": 65, "refit": true}
{"timestamp": "14:52:49.989194", "frame": 45, "mu": [-0.8358611372431248, 4.32561584014195, 0.7510674792312418], "Sigma": [[0.03937051369543046, 0.00399145814002389, -0.011016626139605468], [0.00399145814002389, 0.004460533835593355, -0.004306692078173517], [-0.011016626139605468, -0.004306692078173517, 0.009102414817223093]], "chi2_level": 0.997, "chi2_df": 3, "chi2_threshold": 13.931422665512084, "N_raw": 61, "N_roi": 61, "N_inlier": 60, "refit": true}
{"timestamp": "14:52:50.044267", "frame": 46, "mu": [-0.7809271529626397, 4.391087912967334, -0.952893588416856], "Sigma": [[0.0329354942546402, 0.022275669874571802, 0.07824395577194374], [0.022275669874571802, 0.02746978330245792, 0.07377132488788196], [0.07824395577194374, 0.07377132488788196, 0.2822289307814501]], "chi2_level": 0.997, "chi2_df": 3, "chi2_threshold": 13.931422665512084, "N_raw": 60, "N_roi": 60, "N_inlier": 59, "refit": true}
{"timestamp": "14:52:50.093065", "frame": 47, "mu": [-0.7848167875556403, 4.266652005086384, 0.4993191995987409], "Sigma": [[0.00475149496588922, 0.0017250927878184057, 0.0013106901288564758], [0.001725092787818406, 0.009812495430210538, -0.0167756225382439], [0.0013106901288564754, -0.016775622538243905, 0.12068306928778426]], "chi2_level": 0.997, "chi2_df": 3, "chi2_threshold": 13.931422665512084, "N_raw": 14, "N_roi": 14, "N_inlier": 14, "refit": true}
{"timestamp": "14:52:50.150737", "frame": 48, "mu": [-0.6515046238475002, 4.377981156124309, 0.7820604619788751], "Sigma": [[0.03097320645980218, 0.00581709951480864, -0.00436584829086499], [0.00581709951480864, 0.007485224301259954, 0.001214854849647232], [-0.00436584829086499, 0.001214854849647232, 0.0035944838802938403]], "chi2_level": 0.997, "chi2_df": 3, "chi2_threshold": 13.931422665512084, "N_raw": 38, "N_roi": 37, "N_inlier": 37, "refit": true}
{"timestamp": "14:52:50.209205", "frame": 49, "mu": [-0.8213244645121983, 4.16438886856043, 0.7336497003653069], "Sigma": [[0.029877177747688492, 0.0033663632006963075, -0.009912338829611702], [0.0033663632006963075, 0.009560110151354387, 0.0009919792360638647], [-0.009912338829611702, 0.0009919792360638647, 0.004463487077987471]], "chi2_level": 0.997, "chi2_df": 3, "chi2_threshold": 13.931422665512084, "N_raw": 60, "N_roi": 60, "N_inlier": 60, "refit": true}
{"timestamp": "14:52:50.260907", "frame": 50, "mu": [-0.8047509834474988, 4.150818044345169, 0.794696246415315], "Sigma": [[0.028274384721951033, 0.001891884817901431, -0.015190685529023883], [0.001891884817901431, 0.004489142103636331, -0.0016847147546656437], [-0.015190685529023881, -0.0016847147546656437, 0.010845434378009193]], "chi2_level": 0.997, "chi2_df": 3, "chi2_threshold": 13.931422665512084, "N_raw": 40, "N_roi": 40, "N_inlier": 39, "refit": true}
{"timestamp": "14:52:50.318325", "frame": 51, "mu": [-0.7255478173966114, 4.106179389749693, 0.7432604937131857], "Sigma": [[0.028578054461691677, 0.0018432799560895025, -0.02074171232636189], [0.0018432799560895022, 0.006261575261585033, -0.003589387280160584], [-0.020741712326361895, -0.003589387280160584, 0.020617334887384566]], "chi2_level": 0.997, "chi2_df": 3, "chi2_threshold": 13.931422665512084, "N_raw": 60, "N_roi": 60, "N_inlier": 60, "refit": true}
{"timestamp": "14:52:50.376075", "frame": 52, "mu": [-0.6815071243130488, 4.066426808446602, 0.6540626379826802], "Sigma": [[0.03664647202443101, 0.010088939809060494, -0.016635697485562102], [0.010088939809060494, 0.010599981653210648, -0.006643283547055472], [-0.016635697485562102, -0.006643283547055472, 0.011588311985582885]], "chi2_level": 0.997, "chi2_df": 3, "chi2_threshold": 13.931422665512084, "N_raw": 70, "N_roi": 70, "N_inlier": 70, "refit": true}
{"timestamp": "14:52:50.428437", "frame": 53, "mu": [-0.6892925889738437, 4.0788970509440015, 0.9934970868307669], "Sigma": [[0.028903794940195668, 0.004387640800839759, -0.004873352870935566], [0.004387640800839759, 0.005708396828145191, -0.0007109092870397327], [-0.004873352870935566, -0.0007109092870397328, 0.0057254391183318475]], "chi2_level": 0.997, "chi2_df": 3, "chi2_threshold": 13.931422665512084, "N_raw": 51, "N_roi": 51, "N_inlier": 50, "refit": true}
{"timestamp": "14:52:50.483927", "frame": 54, "mu": [-0.6234516262898445, 4.05301102200093, 0.7446006272062725], "Sigma": [[0.02701071883363218, 0.0031765020115078106, -0.014795203884736943], [0.0031765020115078106, 0.006644697148956539, -0.004450857267072271], [-0.014795203884736943, -0.004450857267072271, 0.014165471720679407]], "chi2_level": 0.997, "chi2_df": 3, "chi2_threshold": 13.931422665512084, "N_raw": 60, "N_roi": 60, "N_inlier": 59, "refit": true}
{"timestamp": "14:52:50.539246", "frame": 55, "mu": [-0.5961484016232456, 4.054251296836364, 0.8651287214848972], "Sigma": [[0.03360963433466879, 0.0049931448125725515, -0.016798761354077978], [0.0049931448125725515, 0.0043304847818580105, -0.0012665314634889018], [-0.016798761354077978, -0.0012665314634889018, 0.05013993556975338]], "chi2_level": 0.997, "chi2_df": 3, "chi2_threshold": 13.931422665512084, "N_raw": 54, "N_roi": 51, "N_inlier": 50, "refit": true}
{"timestamp": "14:52:50.593475", "frame": 56, "mu": [-0.6424002945719041, 4.0071442913470285, 0.974710720847224], "Sigma": [[0.02595340431741855, 0.0026405743926928675, -0.02429040771436211], [0.0026405743926928675, 0.0034729102687329804, -0.001633709910956905], [-0.02429040771436211, -0.0016337099109569046, 0.04568315200392984]], "chi2_level": 0.997, "chi2_df": 3, "chi2_threshold": 13.931422665512084, "N_raw": 40, "N_roi": 39, "N_inlier": 37, "refit": true}
{"timestamp": "14:52:50.649163", "frame": 57, "mu": [-0.4233709909535478, 4.03095517469887, 0.6655977527914252], "Sigma": [[0.02221588525110886, 0.0019556285941767304, -0.013580590016522818], [0.001955628594176731, 0.0026217882170677057, -0.005931072878491452], [-0.013580590016522818, -0.005931072878491454, 0.02517438691513441]], "chi2_level": 0.997, "chi2_df": 3, "chi2_threshold": 13.931422665512084, "N_raw": 54, "N_roi": 51, "N_inlier": 50, "refit": true}
{"timestamp": "14:52:50.702273", "frame": 58, "mu": [-0.516548414941869, 3.968052532226686, 0.8247998917131542], "Sigma": [[0.02682470591403266, 0.0011674239515904665, -0.009454229697005012], [0.0011674239515904665, 0.0019184816375563396, -0.002607714278987937], [-0.009454229697005012, -0.0026077142789879375, 0.008329586804883046]], "chi2_level": 0.997, "chi2_df": 3, "chi2_threshold": 13.931422665512084, "N_raw": 42, "N_roi": 42, "N_inlier": 40, "refit": true}
{"timestamp": "14:52:50.752324", "frame": 59, "mu": [-0.4159045301193497, 3.94449281979436, 1.0292337516702879], "Sigma": [[0.008760315832394018, 0.0014796472377609075, 0.0018201548854979177], [0.0014796472377609077, 0.0014065632435399645, -0.001742106767065238], [0.0018201548854979177, -0.001742106767065238, 0.006059296346270677]], "chi2_level": 0.997, "chi2_df": 3, "chi2_threshold": 13.931422665512084, "N_raw": 20, "N_roi": 20, "N_inlier": 20, "refit": true}
{"timestamp": "14:52:50.865765", "frame": 61, "mu": [-0.45667176583267866, 3.864811398946272, 0.9015301250903427], "Sigma": [[0.020438626274618885, 0.0021804207884720405, -0.007585040895625696], [0.0021804207884720405, 0.003618913611030984, -0.000601600004739341], [-0.007585040895625696, -0.0006016000047393407, 0.004646200733290098]], "chi2_level": 0.997, "chi2_df": 3, "chi2_threshold": 13.931422665512084, "N_raw": 37, "N_roi": 37, "N_inlier": 36, "refit": true}
{"timestamp": "14:52:50.923860", "frame": 62, "mu": [-0.4069130234893484, 3.8729748488072713, 1.013355909952147], "Sigma": [[0.02557244289387966, -6.702192444235221e-06, -0.00520059787582666], [-6.702192444235384e-06, 0.0020498008269392294, -0.00432278207129399], [-0.005200597875826659, -0.00432278207129399, 0.014647945202319934]], "chi2_level": 0.997, "chi2_df": 3, "chi2_threshold": 13.931422665512084, "N_raw": 53, "N_roi": 53, "N_inlier": 52, "refit": true}
{"timestamp": "14:52:50.983329", "frame": 63, "mu": [-0.3243037057591591, 3.859055643265114, 1.051299637890342], "Sigma": [[0.027904681516933004, 0.0001435024250733691, -0.010741468606942056], [0.00014350242507336927, 0.005187807147938952, -0.006159505099106398], [-0.010741468606942056, -0.006159505099106398, 0.015727326882904808]], "chi2_level": 0.997, "chi2_df": 3, "chi2_threshold": 13.931422665512084, "N_raw": 77, "N_roi": 75, "N_inlier": 72, "refit": true}
{"timestamp": "14:52:51.031577", "frame": 64, "mu": [-0.329878432429344, 3.8544625161444257, 1.0017159092253227], "Sigma": [[0.014488302027098726, 0.001947189718619267, 0.0012551091684950882], [0.001947189718619267, 0.0034256010210010615, 0.001552597402353753], [0.0012551091684950882, 0.001552597402353753, 0.0041772339063259655]], "chi2_level": 0.997, "chi2_df": 3, "chi2_threshold": 13.931422665512084, "N_raw": 31, "N_roi": 31, "N_inlier": 30, "refit": true}
{"timestamp": "14:52:51.089860", "frame": 65, "mu": [-0.18929604994400961, 3.8345764855295146, 0.9082666859532548], "Sigma": [[0.02903003692752474, 0.011840057204131463, 0.0010462681132540619], [0.011840057204131463, 0.0076361087900952114, -0.007297997695327864], [0.001046268113254062, -0.007297997695327864, 0.03627119152395114]], "chi2_level": 0.997, "chi2_df": 3, "chi2_threshold": 13.931422665512084, "N_raw": 64, "N_roi": 64, "N_inlier": 62, "refit": true}
{"timestamp": "14:52:51.147356", "frame": 66, "mu": [-0.13681561700657896, 3.82121951748823, 0.9476626486052964], "Sigma": [[0.03109320861276385, 0.008304734347990173, -0.021632842967789306], [0.008304734347990174, 0.008050347924327067, -0.012675448018126822], [-0.021632842967789306, -0.012675448018126822, 0.043351195881562325]], "chi2_level": 0.997, "chi2_df": 3, "chi2_threshold": 13.931422665512084, "N_raw": 76, "N_roi": 76, "N_inlier": 75, "refit": true}
{"timestamp": "14:52:51.202909", "frame": 67, "mu": [-0.11160231935056776, 3.799091995115288, 0.8231915865110007], "Sigma": [[0.033562197901096096, 0.008919358873584887, -0.015292402599511408], [0.008919358873584887, 0.008927484061785543, -0.009521225969146485], [-0.015292402599511408, -0.009521225969146487, 0.02128176983765149]], "chi2_level": 0.997, "chi2_df": 3, "chi2_threshold": 13.931422665512084, "N_raw": 90, "N_roi": 89, "N_inlier": 89, "refit": true}
{"timestamp": "14:52:51.257360", "frame": 68, "mu": [-0.1308719950016196, 3.9087623428431746, -0.041128045788537154], "Sigma": [[0.03277895675909486, 0.0028305372105947436, 0.023930192800019054], [0.002830537210594743, 0.008407074130115452, -0.00870361331055416], [0.02393019280001906, -0.00870361331055416, 0.08550932531005559]], "chi2_level": 0.997, "chi2_df": 3, "chi2_threshold": 13.931422665512084, "N_raw": 80, "N_roi": 80, "N_inlier": 80, "refit": true}
{"timestamp": "14:52:51.308361", "frame": 69, "mu": [-0.12203800498926312, 3.7070818378430057, 0.7991021142680071], "Sigma": [[0.020463407746038643, 0.0013529575185530773, -0.002609638363924036], [0.0013529575185530773, 0.0046195069600731406, -0.0014332006982541317], [-0.002609638363924035, -0.0014332006982541317, 0.0010549690301213774]], "chi2_level": 0.997, "chi2_df": 3, "chi2_threshold": 13.931422665512084, "N_raw": 52, "N_roi": 51, "N_inlier": 50, "refit": true}
{"timestamp": "14:52:51.360297", "frame": 70, "mu": [-0.05332792953974815, 3.7087695701424344, 0.9046269599208306], "Sigma": [[0.014875793709542218, -0.00196982490620701, -0.006309310080803311], [-0.0019698249062070094, 0.0016855787627220284, -0.0009462155633397492], [-0.006309310080803311, -0.000946215563339749, 0.006806423133769098]], "chi2_level": 0.997, "chi2_df": 3, "chi2_threshold": 13.931422665512084, "N_raw": 34, "N_roi": 34, "N_inlier": 32, "refit": true}
{"timestamp": "14:52:51.417656", "frame": 71, "mu": [0.008709380430381828, 3.718347478293097, 0.9177471875168246], "Sigma": [[0.021460954887539893, 0.0020088938633134653, -0.004864440727508917], [0.0020088938633134653, 0.006338587518218588, 0.001963413365878036], [-0.004864440727508917, 0.0019634133658780364, 0.0031166316661969885]], "chi2_level": 0.997, "chi2_df": 3, "chi2_threshold": 13.931422665512084, "N_raw": 51, "N_roi": 51, "N_inlier": 50, "refit": true}
{"timestamp": "14:52:51.472585", "frame": 72, "mu": [-0.023113385180140847, 3.5289505534722094, 0.7866550493733524], "Sigma": [[0.018807236247304848, -0.0010718248151343978, -0.003414809673057198], [-0.0010718248151343982, 0.0027563208547878785, -0.00025681471036345335], [-0.003414809673057198, -0.0002568147103634534, 0.009168273179052605]], "chi2_level": 0.997, "chi2_df": 3, "chi2_threshold": 13.931422665512084, "N_raw": 44, "N_roi": 44, "N_inlier": 42, "refit": true}
{"timestamp": "14:52:51.527886", "frame": 73, "mu": [0.003075704393543987, 3.5733401000483793, 0.8605955398743772], "Sigma": [[0.01966571288547685, 0.00018488150308261422, -0.002102571963797403], [0.00018488150308261427, 0.003778463637675784, -0.0022397075791635085], [-0.002102571963797403, -0.0022397075791635085, 0.0026855793213790146]], "chi2_level": 0.997, "chi2_df": 3, "chi2_threshold": 13.931422665512084, "N_raw": 52, "N_roi": 52, "N_inlier": 52, "refit": true}
{"timestamp": "14:52:51.585224", "frame": 74, "mu": [0.012918319289222907, 3.5278601303867076, 0.8713199014362074], "Sigma": [[0.02258977212187676, 0.0006462133243300423, -0.0031126063753744732], [0.0006462133243300425, 0.008475638227347192, 0.0031967804979149677], [-0.003112606375374473, 0.0031967804979149673, 0.005014552340924976]], "chi2_level": 0.997, "chi2_df": 3, "chi2_threshold": 13.931422665512084, "N_raw": 65, "N_roi": 65, "N_inlier": 62, "refit": true}
{"timestamp": "14:52:51.639109", "frame": 75, "mu": [0.03329356224046072, 3.544323610842799, 0.9532919228272415], "Sigma": [[0.021539387822422658, -0.0019879192943369284, -0.008250649871819707], [-0.0019879192943369284, 0.004261381905560018, -0.0014551435201607798], [-0.008250649871819709, -0.00145514352016078, 0.005841497551953115]], "chi2_level": 0.997, "chi2_df": 3, "chi2_threshold": 13.931422665512084, "N_raw": 57, "N_roi": 57, "N_inlier": 57, "refit": true}
{"timestamp": "14:52:51.689936", "frame": 76, "mu": [0.1002411180429345, 3.6148761310307034, 1.1011887897667783], "Sigma": [[0.010054466513760062, -0.00132988837693675, -0.012865400868683324], [-0.00132988837693675, 0.0018643957760403796, -0.0012981138528239304], [-0.012865400868683326, -0.0012981138528239304, 0.048788851489700844]], "chi2_level": 0.997, "chi2_df": 3, "chi2_threshold": 13.931422665512084, "N_raw": 28, "N_roi": 28, "N_inlier": 27, "refit": true}
{"timestamp": "14:52:51.747145", "frame": 77, "mu": [0.15015222353675373, 3.530646615212728, 1.2206193253930593], "Sigma": [[0.0167122979031335, -0.0017138337546368945, -0.006290696030775594], [-0.0017138337546368945, 0.003454993672383054, -0.002684391022451234], [-0.006290696030775595, -0.002684391022451234, 0.009567989891948748]], "chi2_level": 0.997, "chi2_df": 3, "chi2_threshold": 13.931422665512084, "N_raw": 51, "N_roi": 51, "N_inlier": 49, "refit": true}
{"timestamp": "14:52:51.806222", "frame": 78, "mu": [0.1638338655104974, 3.5275144290282667, 1.2722529697983145], "Sigma": [[0.020202761682659845, -0.001950162711842183, -0.003269606945026519], [-0.0019501627118421825, 0.004965466382512269, -0.005589621500349537], [-0.003269606945026519, -0.005589621500349537, 0.01260705036406019]], "chi2_level": 0.997, "chi2_df": 3, "chi2_threshold": 13.931422665512084, "N_raw": 70, "N_roi": 70, "N_inlier": 68, "refit": true}
{"timestamp": "14:52:51.857158", "frame": 79, "mu": [0.21301518221795004, 3.5113951550152662, 0.38497778878623284], "Sigma": [[0.015287759817772422, 0.00022252467849801023, -0.00017521308196220446], [0.0002225246784980102, 0.0032297174241298224, -0.00015542386063621178], [-0.00017521308196220446, -0.00015542386063621178, 0.0004706439017525059]], "chi2_level": 0.997, "chi2_df": 3, "chi2_threshold": 13.931422665512084, "N_raw": 42, "N_roi": 42, "N_inlier": 39, "refit": true}
{"timestamp": "14:52:51.913597", "frame": 80, "mu": [0.225142548937448, 3.4622324263331063, 1.2233896392452002], "Sigma": [[0.0176007129945802, -0.000640566636767845, -0.006869903784062259], [-0.0006405666367678449, 0.003987852526558522, -0.006092901891673118], [-0.0068699037840622606, -0.006092901891673117, 0.12497894771161885]], "chi2_level": 0.997, "chi2_df": 3, "chi2_threshold": 13.931422665512084, "N_raw": 54, "N_roi": 54, "N_inlier": 53, "refit": true}
{"timestamp": "14:52:51.965144", "frame": 81, "mu": [0.2535008656377794, 3.4322704793016077, 1.167305556367214], "Sigma": [[0.00957979281238671, -0.0005476655361529722, -0.0028430214018757335], [-0.0005476655361529723, 0.0010736461936842136, -0.0035675592140397786], [-0.002843021401875733, -0.0035675592140397795, 0.022861857435225348]], "chi2_level": 0.997, "chi2_df": 3, "chi2_threshold": 13.931422665512084, "N_raw": 33, "N_roi": 33, "N_inlier": 32, "refit": true}
{"timestamp": "14:52:52.022741", "frame": 82, "mu": [0.32694608060072794, 3.408436415259744, 1.2470024378205482], "Sigma": [[0.016778192514720763, -0.003993167569148907, -0.0062722829874877276], [-0.003993167569148907, 0.00308303875890714, -0.0028301224154116686], [-0.0062722829874877276, -0.0028301224154116686, 0.023499004261875664]], "chi2_level": 0.997, "chi2_df": 3, "chi2_threshold": 13.931422665512084, "N_raw": 54, "N_roi": 54, "N_inlier": 53, "refit": true}
{"timestamp": "14:52:52.079223", "frame": 83, "mu": [0.3451437456230906, 3.4008851146205963, 1.2401318141036592], "Sigma": [[0.019236385798339185, -0.0014867394403474898, -0.004795065675953706], [-0.0014867394403474898, 0.0032983238632199206, -0.004041100230234529], [-0.004795065675953706, -0.004041100230234529, 0.009317415426116117]], "chi2_level": 0.997, "chi2_df": 3, "chi2_threshold": 13.931422665512084, "N_raw": 59, "N_roi": 59, "N_inlier": 57, "refit": true}
{"timestamp": "14:52:52.126952", "frame": 84, "mu": [0.4043839646596378, 3.3682989909192966, 0.9054100417443072], "Sigma": [[0.0037253211537041572, 0.0019199537842963142, 0.01865675932016613], [0.0019199537842963142, 0.0032931244677831444, -0.0040319909484684575], [0.01865675932016613, -0.0040319909484684575, 0.2667046230954541]], "chi2_level": 0.997, "chi2_df": 3, "chi2_threshold": 13.931422665512084, "N_raw": 8, "N_roi": 8, "N_inlier": 8, "refit": true}
{"timestamp": "14:52:52.185209", "frame": 85, "mu": [0.42777633476674637, 3.2933860487049635, 0.9921157818882564], "Sigma": [[0.014887488403375544, -0.0017402544564438483, -0.006957163586984819], [-0.0017402544564438488, 0.002683990043319263, -8.689414419021403e-05], [-0.006957163586984819, -8.689414419021414e-05, 0.004408516310753974]], "chi2_level": 0.997, "chi2_df": 3, "chi2_threshold": 13.931422665512084, "N_raw": 38, "N_roi": 38, "N_inlier": 37, "refit": true}
{"timestamp": "14:52:52.240749", "frame": 86, "mu": [0.48806519421726086, 3.261970610284809, 0.9124893551136113], "Sigma": [[0.01675950330617399, 0.00046374132902110836, -0.0013707883026395505], [0.0004637413290211083, 0.003971340740372562, 0.001630954559016946], [-0.0013707883026395505, 0.001630954559016946, 0.001483962766944235]], "chi2_level": 0.997, "chi2_df": 3, "chi2_threshold": 13.931422665512084, "N_raw": 38, "N_roi": 38, "N_inlier": 38, "refit": true}
{"timestamp": "14:52:52.296781", "frame": 87, "mu": [0.4917785190572865, 3.2602737915407376, 1.0264499372079554], "Sigma": [[0.009195409371347926, -0.0019626983798984306, -0.011013194606859997], [-0.00196269837989843, 0.0014088066406969038, 0.004287568326845564], [-0.011013194606859997, 0.004287568326845563, 0.12266799903787508]], "chi2_level": 0.997, "chi2_df": 3, "chi2_threshold": 13.931422665512084, "N_raw": 45, "N_roi": 45, "N_inlier": 42, "refit": true}
{"timestamp": "14:52:52.351956", "frame": 88, "mu": [0.44323164997305203, 3.158340392430137, 0.7852358262348035], "Sigma": [[0.015849531513716278, -0.0017890572081541386, 0.0006603728354548891], [-0.0017890572081541386, 0.0014866550377491364, -0.0020576086595484864], [0.0006603728354548891, -0.0020576086595484864, 0.006304832067908476]], "chi2_level": 0.997, "chi2_df": 3, "chi2_threshold": 13.931422665512084, "N_raw": 44, "N_roi": 44, "N_inlier": 41, "refit": true}
{"timestamp": "14:52:52.407769", "frame": 89, "mu": [0.5276651345280837, 3.3800530206048953, -0.31712903621769506], "Sigma": [[0.015195312602246, -0.002228131285561223, -0.006188519134838287], [-0.0022281312855612235, 0.004423564666146361, -0.0036315158084086964], [-0.006188519134838287, -0.003631515808408697, 0.008593113867227624]], "chi2_level": 0.997, "chi2_df": 3, "chi2_threshold": 13.931422665512084, "N_raw": 54, "N_roi": 54, "N_inlier": 51, "refit": true}
{"timestamp": "14:52:52.462143", "frame": 90, "mu": [0.5246192186502909, 3.286727226930691, -0.32988103759983567], "Sigma": [[0.013307892089643433, 0.002824296243269049, 0.025591638872385983], [0.0028242962432690494, 0.011052604517982373, -0.0035726981029145406], [0.025591638872385983, -0.0035726981029145385, 0.16442269501245968]], "chi2_level": 0.997, "chi2_df": 3, "chi2_threshold": 13.931422665512084, "N_raw": 42, "N_roi": 42, "N_inlier": 41, "refit": true}
{"timestamp": "14:52:52.515142", "frame": 91, "mu": [0.5348512111179679, 3.130496670086826, 0.8312317616021451], "Sigma": [[0.015883149872718424, -0.004132662573565441, -0.00954485760271851], [-0.004132662573565442, 0.0042148899723916345, 0.00610682730239024], [-0.00954485760271851, 0.00610682730239024, 0.017500226111893762]], "chi2_level": 0.997, "chi2_df": 3, "chi2_threshold": 13.931422665512084, "N_raw": 31, "N_roi": 31, "N_inlier": 28, "refit": true}
{"timestamp": "14:52:52.573098", "frame": 92, "mu": [0.6086656507489782, 3.131486853112614, 0.9066942331611747], "Sigma": [[0.01201825564147945, -0.002320021642119287, 0.0026225026338559066], [-0.0023200216421192864, 0.002573118597431487, -0.00580786229473318], [0.0026225026338559066, -0.00580786229473318, 0.04088412930063577]], "chi2_level": 0.997, "chi2_df": 3, "chi2_threshold": 13.931422665512084, "N_raw": 50, "N_roi": 50, "N_inlier": 47, "refit": true}
{"timestamp": "14:52:52.625787", "frame": 93, "mu": [0.6902831027432988, 3.1094651911447198, 0.963378657973281], "Sigma": [[0.010639405671857493, -0.002318649880347524, -0.009250619378958836], [-0.0023186498803475235, 0.0011665028582705775, -0.00016765281327195847], [-0.009250619378958835, -0.00016765281327195847, 0.0620461329040741]], "chi2_level": 0.997, "chi2_df": 3, "chi2_threshold": 13.931422665512084, "N_raw": 37, "N_roi": 37, "N_inlier": 35, "refit": true}
{"timestamp": "14:52:52.680929", "frame": 94, "mu": [0.7179885336743963, 3.0281387891330764, 0.9580210012901317], "Sigma": [[0.011601877758674117, -0.0018005448910157296, -0.000649331169339862], [-0.0018005448910157296, 0.0011088944022323646, 0.002249198752198054], [-0.0006493311693398617, 0.002249198752198054, 0.06159077224185211]], "chi2_level": 0.997, "chi2_df": 3, "chi2_threshold": 13.931422665512084, "N_raw": 40, "N_roi": 40, "N_inlier": 38, "refit": true}
{"timestamp": "14:52:52.735670", "frame": 95, "mu": [0.7639651704202268, 3.0136640564240493, 0.9411144068721302], "Sigma": [[0.014375231756293823, -0.004105950735844032, -0.005272421125802923], [-0.004105950735844032, 0.0022017764649125376, -0.0005380998095218053], [-0.005272421125802923, -0.0005380998095218053, 0.00854675416634864]], "chi2_level": 0.997, "chi2_df": 3, "chi2_threshold": 13.931422665512084, "N_raw": 40, "N_roi": 40, "N_inlier": 39, "refit": true}
{"timestamp": "14:52:52.790112", "frame": 96, "mu": [0.7423778125729368, 2.951397272612546, 0.9581628283251324], "Sigma": [[0.007637329563441185, -0.0003491387092603538, 0.0026469246849678643], [-0.00034913870926035393, 0.0008443808970345265, -0.0016551456611168065], [0.0026469246849678647, -0.0016551456611168065, 0.01866638522775077]], "chi2_level": 0.997, "chi2_df": 3, "chi2_threshold": 13.931422665512084, "N_raw": 31, "N_roi": 31, "N_inlier": 31, "refit": true}
{"timestamp": "14:52:52.844743", "frame": 97, "mu": [0.8070385371787582, 2.92517211740609, 1.0780652029691826], "Sigma": [[0.007730682672951227, 0.00129758564416775, 0.003578522123367224], [0.00129758564416775, 0.0016103265676153426, -0.0012966688370134106], [0.003578522123367224, -0.0012966688370134108, 0.011722640750949318]], "chi2_level": 0.997, "chi2_df": 3, "chi2_threshold": 13.931422665512084, "N_raw": 31, "N_roi": 31, "N_inlier": 29, "refit": true}
{"timestamp": "14:52:52.902860", "frame": 98, "mu": [0.8080204232107476, 2.8979274949546694, 0.9604522100731427], "Sigma": [[0.015262539322622991, -0.003699173966275664, -0.005909191348826626], [-0.0036991739662756646, 0.004545187791946348, -0.0005193917767133603], [-0.005909191348826626, -0.0005193917767133604, 0.008652152289524604]], "chi2_level": 0.997, "chi2_df": 3, "chi2_threshold": 13.931422665512084, "N_raw": 53, "N_roi": 53, "N_inlier": 53, "refit": true}
{"timestamp": "14:52:52.961436", "frame": 99, "mu": [0.8273438523965013, 2.860742450961486, 0.9411110256697192], "Sigma": [[0.014925263477950259, -0.001950023078812868, 0.00040481308045515205], [-0.0019500230788128676, 0.005274690805909492, -0.0034078106574888553], [0.00040481308045515205, -0.0034078106574888553, 0.0038704079759558693]], "chi2_level": 0.997, "chi2_df": 3, "chi2_threshold": 13.931422665512084, "N_raw": 63, "N_roi": 63, "N_inlier": 61, "refit": true}
{"timestamp": "14:52:53.097260", "frame": 100, "mu": [0.8616209936080138, 2.6240726177097096, 0.7613221521785459], "Sigma": [[0.07341017290504676, 0.1814004700106891, -0.14135172978803837], [0.18140047001068907, 0.5324843213413429, -0.2967890303580384], [-0.14135172978803837, -0.2967890303580384, 0.3794833625104344]], "chi2_level": 0.997, "chi2_df": 3, "chi2_threshold": 13.931422665512084, "N_raw": 9, "N_roi": 9, "N_inlier": 9, "refit": true}
{"timestamp": "14:52:53.129270", "frame": 101, "mu": [0.8591062313649734, 2.984254211084553, -0.3932751470280704], "Sigma": [[0.009993333982118624, 0.004166030836231553, -0.02691449055895643], [0.004166030836231553, 0.007047779095913251, -0.03073440652555035], [-0.02691449055895643, -0.03073440652555035, 0.15808852202621804]], "chi2_level": 0.997, "chi2_df": 3, "chi2_threshold": 13.931422665512084, "N_raw": 21, "N_roi": 20, "N_inlier": 19, "refit": true}
{"timestamp": "14:52:53.160741", "frame": 102, "mu": [0.9479317955117159, 2.752897747742858, 0.7141757695469888], "Sigma": [[0.009809651655175309, 0.000468335660372414, -0.025747155651430646], [0.00046833566037241415, 0.004162370582755057, 0.002420588870301783], [-0.025747155651430643, 0.0024205888703017825, 0.1463412330930762]], "chi2_level": 0.997, "chi2_df": 3, "chi2_threshold": 13.931422665512084, "N_raw": 17, "N_roi": 15, "N_inlier": 15, "refit": true}
{"timestamp": "14:52:53.191385", "frame": 103, "mu": [1.0165142926425124, 2.8101448896814265, 0.5387454928180264], "Sigma": [[0.017107897629328225, -0.00607636703468733, -0.03923754512961588], [-0.00607636703468733, 0.006333382038121369, 0.024615752836898173], [-0.03923754512961588, 0.024615752836898173, 0.24680615724638882]], "chi2_level": 0.997, "chi2_df": 3, "chi2_threshold": 13.931422665512084, "N_raw": 7, "N_roi": 7, "N_inlier": 7, "refit": true}
{"timestamp": "14:52:53.453358", "frame": 108, "mu": [1.18694132038381, 2.7023699614237655, 1.1838492721957536], "Sigma": [[0.013999345739639742, -0.005385130002943027, -0.007781546843586664], [-0.005385130002943027, 0.006481820651923071, 0.000568235442268473], [-0.007781546843586664, 0.0005682354422684732, 0.007185341777363566]], "chi2_level": 0.997, "chi2_df": 3, "chi2_threshold": 13.931422665512084, "N_raw": 57, "N_roi": 57, "N_inlier": 54, "refit": true}
{"timestamp": "14:52:53.504129", "frame": 109, "mu": [1.1832205851614046, 2.592771858766484, 1.029592449971604], "Sigma": [[0.005988704121114544, -0.002731259354170202, -0.0015128359842718597], [-0.0027312593541702025, 0.002065356982834059, -0.0010123489777254823], [-0.00151283598427186, -0.0010123489777254823, 0.006609729446352982]], "chi2_level": 0.997, "chi2_df": 3, "chi2_threshold": 13.931422665512084, "N_raw": 23, "N_roi": 23, "N_inlier": 21, "refit": true}
{"timestamp": "14:52:53.615506", "frame": 111, "mu": [1.2763114290666944, 2.591367122056689, 0.9785703847896149], "Sigma": [[0.008358667094654234, -0.002652199975703174, -0.002534850595037031], [-0.002652199975703174, 0.0045942754041396845, -0.0014058496268562954], [-0.002534850595037031, -0.0014058496268562954, 0.005698501636827923]], "chi2_level": 0.997, "chi2_df": 3, "chi2_threshold": 13.931422665512084, "N_raw": 40, "N_roi": 40, "N_inlier": 38, "refit": true}
{"timestamp": "14:52:53.666719", "frame": 112, "mu": [1.2556056960188382, 2.544358592195194, 0.7921691124574907], "Sigma": [[0.006239902470872016, 0.0012721863558376283, -0.02139356385663952], [0.0012721863558376283, 0.00085163483997323, -0.001905124666680674], [-0.02139356385663952, -0.0019051246666806742, 0.14001201180940445]], "chi2_level": 0.997, "chi2_df": 3, "chi2_threshold": 13.931422665512084, "N_raw": 9, "N_roi": 9, "N_inlier": 9, "refit": true}
{"timestamp": "14:52:53.725356", "frame": 113, "mu": [1.2650537969473192, 2.59097363113689, 1.2788675917587744], "Sigma": [[0.010249319782253128, -0.0039244832633613565, -0.0005923048517978063], [-0.0039244832633613565, 0.0040347866780445435, -0.001487286689656627], [-0.0005923048517978062, -0.0014872866896566272, 0.004259474208940839]], "chi2_level": 0.997, "chi2_df": 3, "chi2_threshold": 13.931422665512084, "N_raw": 37, "N_roi": 37, "N_inlier": 36, "refit": true}
