{"timestamp": "14:44:10.116684", "frame": 41, "mu": [-0.24426682481245807, 0.12889240644645922, 1.3726286379468908], "Sigma": [[0.2259682350640431, -0.0031448151641598064, 0.030708580876231427], [-0.0031448151641598064, 0.00902448851500868, -0.042243613497299284], [0.03070858087623142, -0.042243613497299284, 0.24484790605546786]], "chi2_level": 0.997, "chi2_df": 3, "chi2_threshold": 13.931422665512084, "N_raw": 31, "N_roi": 31, "N_inlier": 30, "refit": true}
{"timestamp": "14:44:10.174142", "frame": 42, "mu": [0.14883709132534523, 0.10639455966442651, 1.5406215810100514], "Sigma": [[0.3001578096980527, 0.009857511890349887, 0.0012504548837059997], [0.009857511890349887, 0.0016047483783825777, -0.0009712293678035451], [0.0012504548837059984, -0.0009712293678035451, 0.0022346468723225157]], "chi2_level": 0.997, "chi2_df": 3, "chi2_threshold": 13.931422665512084, "N_raw": 26, "N_roi": 26, "N_inlier": 24, "refit": true}
{"timestamp": "14:44:10.225380", "frame": 43, "mu": [-0.13739798673089695, 0.25750677468243766, -0.5750928357131355], "Sigma": [[0.24297593047633714, -0.016116121315816877, -0.026395644788847615], [-0.016116121315816877, 0.02012461160445069, -0.017958529687725662], [-0.026395644788847615, -0.017958529687725662, 0.030895543903581686]], "chi2_level": 0.997, "chi2_df": 3, "chi2_threshold": 13.931422665512084, "N_raw": 9, "N_roi": 9, "N_inlier": 9, "refit": true}
{"timestamp": "14:44:10.288537", "frame": 44, "mu": [-0.36243072616773936, 0.17122433806846454, 1.0918492862936389], "Sigma": [[0.15774176097120227, -0.005131705963596493, 0.07197866197025193], [-0.005131705963596493, 0.0054738336263956, -0.04206532495539002], [0.07197866197025193, -0.04206532495539002, 0.5059102108235461]], "chi2_level": 0.997, "chi2_df": 3, "chi2_threshold": 13.931422665512084, "N_raw": 55, "N_roi": 55, "N_inlier": 54, "refit": true}
{"timestamp": "14:44:10.341179", "frame": 45, "mu": [-0.45037533865377116, 0.16310938265472488, 1.4669744402207812], "Sigma": [[0.11842283185701373, 1.4114274017566742e-05, 0.0025635570519171287], [1.4114274017566742e-05, 0.0019374670284950362, -0.006502397108549626], [0.0025635570519171287, -0.006502397108549626, 0.10947128611226895]], "chi2_level": 0.997, "chi2_df": 3, "chi2_threshold": 13.931422665512084, "N_raw": 44, "N_roi": 44, "N_inlier": 43, "refit": true}
{"timestamp": "14:44:10.394619", "frame": 46, "mu": [-0.48070034920313043, 0.3248203091486906, -0.638294855101019], "Sigma": [[0.006369623613760801, 0.0023465115845365024, 0.0005722003955733086], [0.002346511584536503, 0.014983631206116824, -0.02625090475398191], [0.0005722003955733078, -0.026250904753981903, 0.08048008846196614]], "chi2_level": 0.997, "chi2_df": 3, "chi2_threshold": 13.931422665512084, "N_raw": 38, "N_roi": 38, "N_inlier": 36, "refit": true}
{"timestamp": "14:44:10.452843", "frame": 47, "mu": [-0.37324245434244596, 0.17441925043265236, 1.5376345156190172], "Sigma": [[0.23343384741432724, -0.007023166906802939, -0.0016679608790695919], [-0.007023166906802939, 0.0022706820974060615, 0.000762529220728674], [-0.0016679608790695919, 0.0007625292207286741, 0.003691401116713328]], "chi2_level": 0.997, "chi2_df": 3, "chi2_threshold": 13.931422665512084, "N_raw": 57, "N_roi": 57, "N_inlier": 54, "refit": true}
{"timestamp": "14:44:10.507004", "frame": 48, "mu": [-0.6178090826062961, 0.21316783265845793, 1.5480076327840784], "Sigma": [[0.0052924943446022174, 0.0016212157617379649, -0.0041994828161621145], [0.001621215761737965, 0.0021991476051658318, -0.0041821521990686675], [-0.004199482816162115, -0.0041821521990686675, 0.011732258010446804]], "chi2_level": 0.997, "chi2_df": 3, "chi2_threshold": 13.931422665512084, "N_raw": 41, "N_roi": 41, "N_inlier": 39, "refit": true}
{"timestamp": "14:44:10.561075", "frame": 49, "mu": [-0.6553455609769024, 0.2873037743298909, 1.5438664950614716], "Sigma": [[0.005963785482728641, 0.0010618787836895035, -0.003710575296802355], [0.0010618787836895037, 0.0018946178361537148, -0.0037197382283453116], [-0.003710575296802356, -0.0037197382283453116, 0.011279400126235692]], "chi2_level": 0.997, "chi2_df": 3, "chi2_threshold": 13.931422665512084, "N_raw": 45, "N_roi": 45, "N_inlier": 42, "refit": true}
{"timestamp": "14:44:10.623898", "frame": 50, "mu": [-0.5588717435270028, 0.38867657189380117, 1.4000036572343184], "Sigma": [[0.007005620356360073, 0.00195195102409901, -0.006068708401297628], [0.00195195102409901, 0.0023794611270442135, -0.0061315948490653464], [-0.006068708401297628, -0.006131594849065347, 0.01816120163042835]], "chi2_level": 0.997, "chi2_df": 3, "chi2_threshold": 13.931422665512084, "N_raw": 98, "N_roi": 98, "N_inlier": 98, "refit": true}
{"timestamp": "14:44:10.667520", "frame": 51, "mu": [-0.5557175848834084, 0.4405457636909717, 1.4500162981225098], "Sigma": [[0.00042355608728626335, -0.0006583721621836566, 0.0012564790707696551], [-0.0006583721621836566, 0.002835065054653016, -0.005882866837307711], [0.001256479070769655, -0.0058828668373077115, 0.013397387876847985]], "chi2_level": 0.997, "chi2_df": 3, "chi2_threshold": 13.931422665512084, "N_raw": 13, "N_roi": 13, "N_inlier": 12, "refit": true}
{"timestamp": "14:44:10.721532", "frame": 52, "mu": [-0.636078751698582, 0.43447235080574664, 1.2150017332520906], "Sigma": [[0.005453733189189315, 0.000670750244221655, 0.010433945750624729], [0.000670750244221655, 0.0018244792307921705, -0.0039054436079967677], [0.01043394575062473, -0.0039054436079967677, 0.2823405955594696]], "chi2_level": 0.997, "chi2_df": 3, "chi2_threshold": 13.931422665512084, "N_raw": 15, "N_roi": 10, "N_inlier": 10, "refit": true}
{"timestamp": "14:44:10.776402", "frame": 53, "mu": [-0.620723136675039, 0.42583179518060166, 0.8686279742537468], "Sigma": [[0.005755113911839595, 0.0037226287929792577, 0.03902617467583182], [0.0037226287929792573, 0.004869352293935308, 0.03475961164395874], [0.03902617467583182, 0.034759611643958736, 0.4376613164910597]], "chi2_level": 0.997, "chi2_df": 3, "chi2_threshold": 13.931422665512084, "N_raw": 12, "N_roi": 10, "N_inlier": 9, "refit": true}
{"timestamp": "14:44:10.838522", "frame": 54, "mu": [-0.4975200752822804, 0.5332432653382494, 1.2839516297020959], "Sigma": [[0.003372524913877198, 0.0004859139177749536, -0.002508357726004213], [0.00048591391777495356, 0.0010924443950061978, -0.0030552948400372907], [-0.0025083577260042126, -0.0030552948400372907, 0.010938596461153808]], "chi2_level": 0.997, "chi2_df": 3, "chi2_threshold": 13.931422665512084, "N_raw": 65, "N_roi": 63, "N_inlier": 60, "refit": true}
{"timestamp": "14:44:10.894866", "frame": 55, "mu": [-0.5596163227319796, 0.5104947852788738, 1.3372661514953736], "Sigma": [[0.013705135139325378, 0.003652055824649824, -0.015453754116282798], [0.003652055824649824, 0.0027258663151033475, -0.008051105263253616], [-0.015453754116282798, -0.008051105263253616, 0.028817222803096624]], "chi2_level": 0.997, "chi2_df": 3, "chi2_threshold": 13.931422665512084, "N_raw": 66, "N_roi": 66, "N_inlier": 65, "refit": true}
{"timestamp": "14:44:10.948538", "frame": 56, "mu": [-0.6214602703733263, 0.5443034814282751, 1.4363971569501905], "Sigma": [[0.028362333646114016, 0.009332806753587669, -0.03243275820583076], [0.00933280675358767, 0.004594860555569705, -0.012793681772434935], [-0.032432758205830754, -0.012793681772434933, 0.04334970270870559]], "chi2_level": 0.997, "chi2_df": 3, "chi2_threshold": 13.931422665512084, "N_raw": 63, "N_roi": 63, "N_inlier": 63, "refit": true}
{"timestamp": "14:44:11.001217", "frame": 57, "mu": [-0.8280908560691187, 0.5296693955592361, 1.6419359290750073], "Sigma": [[0.00948799085701228, 0.0036073117865245054, -0.003858161809280228], [0.003607311786524506, 0.003446227676473606, -0.004179949505718709], [-0.003858161809280228, -0.0041799495057187105, 0.005753166438902612]], "chi2_level": 0.997, "chi2_df": 3, "chi2_threshold": 13.931422665512084, "N_raw": 36, "N_roi": 35, "N_inlier": 34, "refit": true}
{"timestamp": "14:44:11.054593", "frame": 58, "mu": [-0.6200463858957727, 0.5762151594290787, 1.4333473993973045], "Sigma": [[0.04649311577800597, 0.014925038885064822, -0.04891652238801521], [0.014925038885064822, 0.006137728303395558, -0.01747301698443774], [-0.04891652238801521, -0.01747301698443774, 0.05570004914505916]], "chi2_level": 0.997, "chi2_df": 3, "chi2_threshold": 13.931422665512084, "N_raw": 38, "N_roi": 38, "N_inlier": 38, "refit": true}
{"timestamp": "14:44:11.107140", "frame": 59, "mu": [-0.7400414041068313, 0.5882628880136453, 1.5246387648503474], "Sigma": [[0.01257993461995271, 0.007451516330032271, -0.0205030072818312], [0.007451516330032271, 0.005280507035000821, -0.015003875307076957], [-0.0205030072818312, -0.015003875307076957, 0.048367125598477986]], "chi2_level": 0.997, "chi2_df": 3, "chi2_threshold": 13.931422665512084, "N_raw": 18, "N_roi": 18, "N_inlier": 18, "refit": true}
{"timestamp": "14:44:11.165979", "frame": 60, "mu": [-0.8286485904375026, 0.5666211392270921, 1.6545623534324172], "Sigma": [[0.012603726501547, 0.0051839088442918145, -0.014559255268536835], [0.0051839088442918145, 0.004383146136571421, -0.009084702738093314], [-0.014559255268536834, -0.009084702738093316, 0.027555409579756614]], "chi2_level": 0.997, "chi2_df": 3, "chi2_threshold": 13.931422665512084, "N_raw": 41, "N_roi": 41, "N_inlier": 39, "refit": true}
{"timestamp": "14:44:11.216876", "frame": 61, "mu": [-0.680589945280634, 0.7188988103267558, 1.236822691379714], "Sigma": [[0.02285348052674383, 0.007119189649891505, -0.043264677941979794], [0.007119189649891505, 0.005914400251500733, -0.03527440563694654], [-0.043264677941979794, -0.03527440563694654, 0.2788344364684344]], "chi2_level": 0.997, "chi2_df": 3, "chi2_threshold": 13.931422665512084, "N_raw": 14, "N_roi": 14, "N_inlier": 14, "refit": true}
{"timestamp": "14:44:11.272499", "frame": 62, "mu": [-0.5619476505339295, 0.7553801049196619, 1.410283713763595], "Sigma": [[0.002173729160978604, 0.000957778270637859, -0.0035320732726417787], [0.000957778270637859, 0.0013097168760914637, -0.002655363502412576], [-0.0035320732726417787, -0.002655363502412576, 0.008362288201605202]], "chi2_level": 0.997, "chi2_df": 3, "chi2_threshold": 13.931422665512084, "N_raw": 23, "N_roi": 23, "N_inlier": 22, "refit": true}
{"timestamp": "14:44:11.336593", "frame": 63, "mu": [-0.6394851594249933, 0.9566581299245209, -0.4153245830882869], "Sigma": [[0.0016948322285693141, 0.0005589546526799192, -0.0004808301507902981], [0.0005589546526799193, 0.007837490362096192, -0.011797858416473588], [-0.00048083015079029796, -0.011797858416473586, 0.02360941989911711]], "chi2_level": 0.997, "chi2_df": 3, "chi2_threshold": 13.931422665512084, "N_raw": 74, "N_roi": 74, "N_inlier": 71, "refit": true}
{"timestamp": "14:44:11.387926", "frame": 64, "mu": [-0.6658092612433038, 0.8193865388103768, 1.488742225926459], "Sigma": [[0.002232257794699352, -0.00036968844044767943, 0.0003018874871472428], [-0.0003696884404476795, 0.002109344477446779, -0.0030216987091006174], [0.0003018874871472429, -0.0030216987091006174, 0.0049338860626938754]], "chi2_level": 0.997, "chi2_df": 3, "chi2_threshold": 13.931422665512084, "N_raw": 49, "N_roi": 49, "N_inlier": 48, "refit": true}
{"timestamp": "14:44:11.441766", "frame": 65, "mu": [-0.6679971992700746, 0.8645734594732744, 1.482607180498193], "Sigma": [[0.0037671214446460214, -0.0001933970548909583, -0.003893662064286438], [-0.00019339705489095825, 0.0011608850482702174, -0.001970062266700179], [-0.0038936620642864373, -0.001970062266700179, 0.025203710991351193]], "chi2_level": 0.997, "chi2_df": 3, "chi2_threshold": 13.931422665512084, "N_raw": 47, "N_roi": 47, "N_inlier": 42, "refit": true}
{"timestamp": "14:44:11.495339", "frame": 66, "mu": [-0.6401414172706769, 0.9298879420927803, 1.5720559030059882], "Sigma": [[0.0017901947073960828, -0.000713994790014351, -0.00036518157197433683], [-0.000713994790014351, 0.0033553796852214242, -0.0022750956882905335], [-0.00036518157197433683, -0.0022750956882905335, 0.004947611966754874]], "chi2_level": 0.997, "chi2_df": 3, "chi2_threshold": 13.931422665512084, "N_raw": 39, "N_roi": 39, "N_inlier": 38, "refit": true}
{"timestamp": "14:44:11.559672", "frame": 67, "mu": [-0.6192017832754682, 0.9589185683672564, 1.2545887134433897], "Sigma": [[0.004980095149665854, 0.0008395587424753629, -0.00472049520910729], [0.0008395587424753629, 0.0007155738489663424, -0.002189359043540686], [-0.00472049520910729, -0.002189359043540686, 0.05030017448504624]], "chi2_level": 0.997, "chi2_df": 3, "chi2_threshold": 13.931422665512084, "N_raw": 101, "N_roi": 101, "N_inlier": 94, "refit": true}
{"timestamp": "14:44:11.612183", "frame": 68, "mu": [-0.6647777140873936, 0.9890892793574938, 1.3265516468119745], "Sigma": [[0.030132545475605878, 0.010011383627773337, -0.029834369246501145], [0.010011383627773337, 0.0069290863333704355, -0.014148981977586284], [-0.02983436924650115, -0.014148981977586284, 0.16053749878071047]], "chi2_level": 0.997, "chi2_df": 3, "chi2_threshold": 13.931422665512084, "N_raw": 76, "N_roi": 76, "N_inlier": 73, "refit": true}
{"timestamp": "14:44:11.670078", "frame": 69, "mu": [-0.6384584981760669, 1.0762335125670288, 1.3637317200204493], "Sigma": [[0.022097125317453913, 0.007894094460297527, -0.02882871668430566], [0.007894094460297527, 0.006571855076292933, -0.009890113661593758], [-0.028828716684305658, -0.009890113661593758, 0.0747881904914695]], "chi2_level": 0.997, "chi2_df": 3, "chi2_threshold": 13.931422665512084, "N_raw": 94, "N_roi": 94, "N_inlier": 89, "refit": true}
{"timestamp": "14:44:11.724556", "frame": 70, "mu": [-0.7613816315496512, 1.1123001369899859, 1.2850326061973059], "Sigma": [[0.022560478927868693, 0.012455101735655266, -0.016916884857248956], [0.012455101735655267, 0.012178635785868584, -0.02951441472202254], [-0.016916884857248956, -0.029514414722022538, 0.1892710376994385]], "chi2_level": 0.997, "chi2_df": 3, "chi2_threshold": 13.931422665512084, "N_raw": 88, "N_roi": 88, "N_inlier": 88, "refit": true}
{"timestamp": "14:44:11.779439", "frame": 71, "mu": [-0.6274413087623874, 1.1708385726680524, 1.3842536277708677], "Sigma": [[0.005828051028443744, -0.0013399885720350787, -0.007115019072390937], [-0.0013399885720350787, 0.00299180433285348, -0.0013030273322288855], [-0.007115019072390938, -0.0013030273322288855, 0.04273037367469937]], "chi2_level": 0.997, "chi2_df": 3, "chi2_threshold": 13.931422665512084, "N_raw": 98, "N_roi": 98, "N_inlier": 89, "refit": true}
{"timestamp": "14:44:11.830498", "frame": 72, "mu": [-0.753589877886444, 1.2552545835523434, -0.4893736634717265], "Sigma": [[0.009653451101862196, 0.005537876725247236, -0.007293108185354646], [0.005537876725247236, 0.011295672639154994, -0.009750285126022046], [-0.007293108185354645, -0.009750285126022046, 0.04038562794881578]], "chi2_level": 0.997, "chi2_df": 3, "chi2_threshold": 13.931422665512084, "N_raw": 64, "N_roi": 64, "N_inlier": 64, "refit": true}
{"timestamp": "14:44:11.882561", "frame": 73, "mu": [-0.6114864904621433, 1.2312594832972983, 1.2965828993549064], "Sigma": [[0.003277063745728505, 0.0007389090633657066, -0.0012772782672574924], [0.0007389090633657067, 0.0022827133113239263, 0.002241301039823592], [-0.0012772782672574921, 0.002241301039823592, 0.045078184127904423]], "chi2_level": 0.997, "chi2_df": 3, "chi2_threshold": 13.931422665512084, "N_raw": 53, "N_roi": 53, "N_inlier": 51, "refit": true}
{"timestamp": "14:44:11.934807", "frame": 74, "mu": [-0.6196393650077234, 1.235189021671118, 0.9729347648119482], "Sigma": [[0.008924079142733722, -0.0019579483821610443, -0.020888038061395657], [-0.0019579483821610443, 0.00156640207228997, 0.004562290432808258], [-0.020888038061395657, 0.004562290432808258, 0.0702911116446262]], "chi2_level": 0.997, "chi2_df": 3, "chi2_threshold": 13.931422665512084, "N_raw": 39, "N_roi": 39, "N_inlier": 38, "refit": true}
{"timestamp": "14:44:11.991711", "frame": 75, "mu": [-0.5570600169273676, 1.2549247434443513, 0.8580853869940707], "Sigma": [[0.005621712800813341, -0.001993703670349967, -0.003102634857287483], [-0.001993703670349967, 0.007342522342913413, 0.010381527160236425], [-0.003102634857287483, 0.010381527160236425, 0.05324140806082182]], "chi2_level": 0.997, "chi2_df": 3, "chi2_threshold": 13.931422665512084, "N_raw": 50, "N_roi": 50, "N_inlier": 49, "refit": true}
{"timestamp": "14:44:12.048935", "frame": 76, "mu": [-0.6303282331799996, 1.407419683185934, 1.2814819441611025], "Sigma": [[0.006587099544311733, -0.0011250750190877684, 0.0009457789053641298], [-0.0011250750190877684, 0.0031039136749715715, -0.0016699479496203626], [0.00094577890536413, -0.0016699479496203626, 0.010386411371201422]], "chi2_level": 0.997, "chi2_df": 3, "chi2_threshold": 13.931422665512084, "N_raw": 66, "N_roi": 66, "N_inlier": 65, "refit": true}
{"timestamp": "14:44:12.102312", "frame": 77, "mu": [-0.5959762579593397, 1.383484303990118, 0.879955866155578], "Sigma": [[0.006265257648840109, 0.0003669534354956436, 0.0032013380852446496], [0.0003669534354956437, 0.002396177065203519, 0.004211325674719137], [0.0032013380852446496, 0.0042113256747191375, 0.028398243088021444]], "chi2_level": 0.997, "chi2_df": 3, "chi2_threshold": 13.931422665512084, "N_raw": 44, "N_roi": 44, "N_inlier": 42, "refit": true}
{"timestamp": "14:44:12.160607", "frame": 78, "mu": [-0.689126540155562, 1.4755983670115573, 1.2397455765548642], "Sigma": [[0.005950037422311878, -0.001079660854117094, 0.002613053464151082], [-0.0010796608541170944, 0.003719538305301985, -0.0119247082409569], [0.002613053464151082, -0.0119247082409569, 0.09991433385920355]], "chi2_level": 0.997, "chi2_df": 3, "chi2_threshold": 13.931422665512084, "N_raw": 69, "N_roi": 69, "N_inlier": 65, "refit": true}
{"timestamp": "14:44:12.221042", "frame": 79, "mu": [-0.6697372034675747, 1.5053575997751838, 1.319886380958656], "Sigma": [[0.010427002264758492, -0.0003320054355988344, -0.00400766007449797], [-0.0003320054355988344, 0.0035062098821156944, -0.004889249996837248], [-0.004007660074497969, -0.004889249996837248, 0.021263759072025788]], "chi2_level": 0.997, "chi2_df": 3, "chi2_threshold": 13.931422665512084, "N_raw": 101, "N_roi": 101, "N_inlier": 96, "refit": true}
{"timestamp": "14:44:12.278587", "frame": 80, "mu": [-0.6983071753269043, 1.535739263631178, 1.1152682045057603], "Sigma": [[0.008075949920005073, -0.001445300532571827, -0.02019409976169267], [-0.001445300532571827, 0.002926574173626956, 0.010089475421405657], [-0.02019409976169267, 0.010089475421405657, 0.1998160407805549]], "chi2_level": 0.997, "chi2_df": 3, "chi2_threshold": 13.931422665512084, "N_raw": 119, "N_roi": 119, "N_inlier": 117, "refit": true}
{"timestamp": "14:44:12.336543", "frame": 81, "mu": [-0.6736287213185697, 1.5893357295142483, 0.057562548208188624], "Sigma": [[0.007257617616828732, -0.0002380306915034929, 0.043069894425006826], [-0.0002380306915034931, 0.0051080733387517336, 0.007989570875020127], [0.043069894425006826, 0.007989570875020127, 0.5644921998990552]], "chi2_level": 0.997, "chi2_df": 3, "chi2_threshold": 13.931422665512084, "N_raw": 140, "N_roi": 140, "N_inlier": 140, "refit": true}
{"timestamp": "14:44:12.386675", "frame": 82, "mu": [-0.7030715815249713, 1.6495758090614132, 0.8326394782260477], "Sigma": [[0.007520828076367396, -0.0003127329606355027, 0.00933228268955158], [-0.0003127329606355026, 0.004618788353305933, -0.015969787358809606], [0.00933228268955158, -0.015969787358809606, 0.3422845133761489]], "chi2_level": 0.997, "chi2_df": 3, "chi2_threshold": 13.931422665512084, "N_raw": 105, "N_roi": 105, "N_inlier": 104, "refit": true}
{"timestamp": "14:44:12.433007", "frame": 83, "mu": [-0.7048372919589455, 1.737513796588328, 0.7058024983796045], "Sigma": [[0.00517965996335214, 0.0013778418946804702, 0.0008521188859247891], [0.00137784189468047, 0.006421172283173341, -0.024849356678448144], [0.0008521188859247891, -0.024849356678448144, 0.18519831483132956]], "chi2_level": 0.997, "chi2_df": 3, "chi2_threshold": 13.931422665512084, "N_raw": 49, "N_roi": 49, "N_inlier": 48, "refit": true}
{"timestamp": "14:44:12.492854", "frame": 84, "mu": [-0.6842299846804374, 1.7086218273472795, 1.2520271806263683], "Sigma": [[0.0073592995008311705, -0.0004620529837716281, -0.002138068457982507], [-0.0004620529837716281, 0.0022464536125357897, -0.0038568704770657425], [-0.002138068457982507, -0.0038568704770657425, 0.032018304831949604]], "chi2_level": 0.997, "chi2_df": 3, "chi2_threshold": 13.931422665512084, "N_raw": 83, "N_roi": 83, "N_inlier": 80, "refit": true}
{"timestamp": "14:44:12.551206", "frame": 85, "mu": [-0.7196709684663269, 1.9251121731949037, -0.7401576954708213], "Sigma": [[0.006502740459380224, 0.0038464308960999716, 0.0065118040136164694], [0.0038464308960999716, 0.047798623556500094, -0.06788725614745263], [0.0065118040136164694, -0.06788725614745263, 0.17665943695148298]], "chi2_level": 0.997, "chi2_df": 3, "chi2_threshold": 13.931422665512084, "N_raw": 104, "N_roi": 104, "N_inlier": 104, "refit": true}
{"timestamp": "14:44:12.600382", "frame": 86, "mu": [-0.6335945745886619, 1.8585849849592133, 1.0160165696193608], "Sigma": [[0.008127460478408335, -0.0008286214265916291, -0.0024605553726372255], [-0.0008286214265916291, 0.0025897351240389823, -0.004704357350343306], [-0.0024605553726372255, -0.004704357350343304, 0.09716463609676343]], "chi2_level": 0.997, "chi2_df": 3, "chi2_threshold": 13.931422665512084, "N_raw": 67, "N_roi": 67, "N_inlier": 65, "refit": true}
{"timestamp": "14:44:12.661235", "frame": 87, "mu": [-0.7318742871309489, 1.868725932558651, 1.099828104606336], "Sigma": [[0.008780970052719295, 0.0016083402326354892, -0.004402920822994257], [0.0016083402326354892, 0.003092176215836134, -0.010349540270980208], [-0.0044029208229942555, -0.010349540270980208, 0.10303544410488949]], "chi2_level": 0.997, "chi2_df": 3, "chi2_threshold": 13.931422665512084, "N_raw": 101, "N_roi": 101, "N_inlier": 96, "refit": true}
{"timestamp": "14:44:12.714661", "frame": 88, "mu": [-0.7382893542220759, 1.9011221468505681, 0.8523659682921717], "Sigma": [[0.009156979000323537, -0.002552198767042423, -0.004152282760278856], [-0.0025521987670424234, 0.00790254116875952, 0.006471783797862927], [-0.0041522827602788566, 0.006471783797862927, 0.1506420178142945]], "chi2_level": 0.997, "chi2_df": 3, "chi2_threshold": 13.931422665512084, "N_raw": 91, "N_roi": 91, "N_inlier": 90, "refit": true}
{"timestamp": "14:44:12.766147", "frame": 89, "mu": [-0.7669674032341912, 1.91534475187285, 0.7482316580991968], "Sigma": [[0.006160959995110816, -0.001176522127013311, -0.006719025390139732], [-0.001176522127013311, 0.004758312701004988, 0.01589949433615831], [-0.006719025390139732, 0.01589949433615831, 0.14579390034178985]], "chi2_level": 0.997, "chi2_df": 3, "chi2_threshold": 13.931422665512084, "N_raw": 71, "N_roi": 71, "N_inlier": 70, "refit": true}
{"timestamp": "14:44:12.823943", "frame": 90, "mu": [-0.7860005181446419, 1.9526145823043126, 1.054885902622001], "Sigma": [[0.00834150482131381, 0.001689720886848707, 0.0038188881099461888], [0.0016897208868487073, 0.01768453857974317, 0.055393379300175676], [0.0038188881099461896, 0.055393379300175676, 0.3431273418670191]], "chi2_level": 0.997, "chi2_df": 3, "chi2_threshold": 13.931422665512084, "N_raw": 86, "N_roi": 86, "N_inlier": 85, "refit": true}
{"timestamp": "14:44:12.878211", "frame": 91, "mu": [-0.7618231858439757, 2.1338405686215536, -0.08330098638630207], "Sigma": [[0.0071666755630028734, 0.001935885655406902, 0.0036281019447063456], [0.0019358856554069015, 0.011591320234514292, -0.009040105477022874], [0.003628101944706346, -0.009040105477022874, 0.050677603366691276]], "chi2_level": 0.997, "chi2_df": 3, "chi2_threshold": 13.931422665512084, "N_raw": 78, "N_roi": 78, "N_inlier": 76, "refit": true}
{"timestamp": "14:44:12.934201", "frame": 92, "mu": [-0.7559161878889442, 2.082611908192466, 1.0787252723953389], "Sigma": [[0.010008443060361047, 0.0004292414611682671, -0.018615908626011667], [0.000429241461168267, 0.005656056759264757, 0.0036326213782350066], [-0.018615908626011667, 0.003632621378235007, 0.2532045464616355]], "chi2_level": 0.997, "chi2_df": 3, "chi2_threshold": 13.931422665512084, "N_raw": 93, "N_roi": 93, "N_inlier": 93, "refit": true}
{"timestamp": "14:44:12.994494", "frame": 93, "mu": [-0.8106342110736476, 2.3555869062159887, -0.5991242151304705], "Sigma": [[0.014845057239228862, -0.0032712107650682814, 0.04088244640783207], [-0.0032712107650682814, 0.027421878087990445, -0.04803310854599479], [0.04088244640783207, -0.04803310854599478, 0.2576699725624308]], "chi2_level": 0.997, "chi2_df": 3, "chi2_threshold": 13.931422665512084, "N_raw": 121, "N_roi": 121, "N_inlier": 121, "refit": true}
{"timestamp": "14:44:13.049573", "frame": 94, "mu": [-0.800794173275621, 2.2960162379556346, -0.701757701397194], "Sigma": [[0.0143797955208351, -0.010995820873440539, 0.0035508752462567197], [-0.010995820873440539, 0.0228761420644926, -0.011006873948350926], [0.0035508752462567197, -0.011006873948350926, 0.373006091798441]], "chi2_level": 0.997, "chi2_df": 3, "chi2_threshold": 13.931422665512084, "N_raw": 123, "N_roi": 123, "N_inlier": 123, "refit": true}
{"timestamp": "14:44:13.098691", "frame": 95, "mu": [-0.7625907648185039, 2.382402352374995, -0.2398298782334431], "Sigma": [[0.010149466372211308, 3.989121514712241e-05, -0.0030228336684644955], [3.9891215147122396e-05, 0.014960159441102303, -0.033574405202034294], [-0.003022833668464495, -0.033574405202034294, 0.09233656781735235]], "chi2_level": 0.997, "chi2_df": 3, "chi2_threshold": 13.931422665512084, "N_raw": 85, "N_roi": 85, "N_inlier": 83, "refit": true}
{"timestamp": "14:44:13.151056", "frame": 96, "mu": [-0.7721241323150293, 2.245505737224158, 1.1871678526987999], "Sigma": [[0.010749121793217046, 0.0012560531411026634, -0.010095792294789505], [0.0012560531411026634, 0.004785228827970515, -0.0047385469645556295], [-0.010095792294789503, -0.0047385469645556295, 0.01920296129742561]], "chi2_level": 0.997, "chi2_df": 3, "chi2_threshold": 13.931422665512084, "N_raw": 72, "N_roi": 72, "N_inlier": 68, "refit": true}
{"timestamp": "14:44:13.207227", "frame": 97, "mu": [-0.787657337114206, 2.450208075957383, -0.3020802154083652], "Sigma": [[0.011474995533787702, 0.007008259471186277, -0.017996530210146685], [0.007008259471186277, 0.03756494012114009, -0.07332621692240096], [-0.017996530210146685, -0.07332621692240096, 0.2127175832729252]], "chi2_level": 0.997, "chi2_df": 3, "chi2_threshold": 13.931422665512084, "N_raw": 75, "N_roi": 75, "N_inlier": 74, "refit": true}
{"timestamp": "14:44:13.261533", "frame": 98, "mu": [-0.8243853427254881, 2.3475822016448054, 1.0180437770166124], "Sigma": [[0.01581334014733445, -0.001989372669130227, -0.03790311218831058], [-0.0019893726691302275, 0.002991013797894169, 0.00507178234237527], [-0.03790311218831058, 0.00507178234237527, 0.14416045838950564]], "chi2_level": 0.997, "chi2_df": 3, "chi2_threshold": 13.931422665512084, "N_raw": 67, "N_roi": 67, "N_inlier": 64, "refit": true}
{"timestamp": "14:44:13.310797", "frame": 99, "mu": [-0.8413779363756465, 2.425123191864516, 0.7228276085197213], "Sigma": [[0.011177790072024723, -0.0005870194864919282, -0.022345989394146122], [-0.0005870194864919284, 0.0019163415193849075, -0.0029165707663458946], [-0.02234598939414612, -0.0029165707663458937, 0.06982616127756427]], "chi2_level": 0.997, "chi2_df": 3, "chi2_threshold": 13.931422665512084, "N_raw": 39, "N_roi": 39, "N_inlier": 38, "refit": true}
{"timestamp": "14:44:13.471962", "frame": 100, "mu": [-0.9103876067821822, 2.484004609701878, 1.273234606055121], "Sigma": [[0.01076564699909551, 0.00128470816679509, -0.0074932126112763325], [0.0012847081667950902, 0.002001398136996075, -0.0054331147728346706], [-0.007493212611276334, -0.0054331147728346706, 0.07081042480623184]], "chi2_level": 0.997, "chi2_df": 3, "chi2_threshold": 13.931422665512084, "N_raw": 61, "N_roi": 61, "N_inlier": 58, "refit": true}
{"timestamp": "14:44:13.496806", "frame": 101, "mu": [-0.8166797721257705, 2.5331268157222575, 0.722301949038265], "Sigma": [[0.014603121429552529, -0.0010218099601393656, 0.0131902642269829], [-0.0010218099601393656, 0.004683556977623639, -0.005342782851338722], [0.0131902642269829, -0.005342782851338722, 0.12151155690160793]], "chi2_level": 0.997, "chi2_df": 3, "chi2_threshold": 13.931422665512084, "N_raw": 117, "N_roi": 117, "N_inlier": 115, "refit": true}
{"timestamp": "14:44:13.527566", "frame": 102, "mu": [-0.8245451592785028, 2.5719159148004938, 0.5204134950069436], "Sigma": [[0.009371150534777892, 0.002930728032910765, -0.007312547222126533], [0.0029307280329107653, 0.002855036281046088, -0.014930334663993901], [-0.007312547222126534, -0.014930334663993901, 0.343775068170964]], "chi2_level": 0.997, "chi2_df": 3, "chi2_threshold": 13.931422665512084, "N_raw": 54, "N_roi": 54, "N_inlier": 54, "refit": true}
{"timestamp": "14:44:13.558490", "frame": 103, "mu": [-0.8166901141120265, 2.5826425204433248, 0.9892206902898324], "Sigma": [[0.011799655283235887, 4.520383003810664e-05, 0.006860769855118165], [4.5203830038106614e-05, 0.0020294942504855053, -0.003151167314309588], [0.006860769855118165, -0.003151167314309589, 0.21897448732583127]], "chi2_level": 0.997, "chi2_df": 3, "chi2_threshold": 13.931422665512084, "N_raw": 80, "N_roi": 80, "N_inlier": 79, "refit": true}
{"timestamp": "14:44:13.591792", "frame": 104, "mu": [-0.8754864345953796, 2.6304059388350844, 1.0211104584350763], "Sigma": [[0.006729514338959906, -1.9037064324452246e-05, -0.01593418299527673], [-1.9037064324452246e-05, 0.002247432296925122, -0.0038487601352220763], [-0.015934182995276734, -0.0038487601352220767, 0.1897696305621146]], "chi2_level": 0.997, "chi2_df": 3, "chi2_threshold": 13.931422665512084, "N_raw": 42, "N_roi": 42, "N_inlier": 41, "refit": true}
{"timestamp": "14:44:13.641595", "frame": 105, "mu": [-0.8888790821039608, 2.759293593648696, 0.4826605046621392], "Sigma": [[0.009383365259367669, 0.0004166337550015742, -0.0018332744486980208], [0.00041663375500157425, 0.003486511764781897, -0.011674602680859316], [-0.0018332744486980208, -0.011674602680859316, 0.19499059143412956]], "chi2_level": 0.997, "chi2_df": 3, "chi2_threshold": 13.931422665512084, "N_raw": 46, "N_roi": 46, "N_inlier": 45, "refit": true}
{"timestamp": "14:44:13.703089", "frame": 106, "mu": [-0.8674401097968465, 2.7552097150085335, 0.9141416521650625], "Sigma": [[0.00882759892496755, -0.0004756866108009801, -0.005508486759869478], [-0.00047568661080098023, 0.004971024380372449, -0.020998871723509914], [-0.005508486759869479, -0.020998871723509914, 0.29034855731754533]], "chi2_level": 0.997, "chi2_df": 3, "chi2_threshold": 13.931422665512084, "N_raw": 86, "N_roi": 86, "N_inlier": 86, "refit": true}
{"timestamp": "14:44:13.758449", "frame": 107, "mu": [-0.8867943118417464, 2.7607256327197467, 1.0156244160233558], "Sigma": [[0.012497853987774449, 0.0010150085869369495, 0.002895170804066448], [0.0010150085869369497, 0.004422483627508327, -0.018486415116802775], [0.002895170804066447, -0.018486415116802775, 0.22930421352053315]], "chi2_level": 0.997, "chi2_df": 3, "chi2_threshold": 13.931422665512084, "N_raw": 86, "N_roi": 86, "N_inlier": 86, "refit": true}
{"timestamp": "14:44:13.811979", "frame": 108, "mu": [-0.9099564566008387, 2.879702656800278, -0.27681859097426154], "Sigma": [[0.01316096200341848, 0.0030560406410078973, 0.031530449984849496], [0.0030560406410078973, 0.026191989762483492, -0.01993894493556308], [0.031530449984849496, -0.01993894493556308, 0.2016711264645449]], "chi2_level": 0.997, "chi2_df": 3, "chi2_threshold": 13.931422665512084, "N_raw": 79, "N_roi": 79, "N_inlier": 78, "refit": true}
{"timestamp": "14:44:13.867498", "frame": 109, "mu": [-0.9336353055775277, 2.91005137217465, 0.055514971976765165], "Sigma": [[0.011862680040846493, 0.0008774799388787157, 0.007183519588659376], [0.0008774799388787159, 0.014811582574062846, -0.027338699092556273], [0.007183519588659376, -0.027338699092556276, 0.16865492309686322]], "chi2_level": 0.997, "chi2_df": 3, "chi2_threshold": 13.931422665512084, "N_raw": 79, "N_roi": 79, "N_inlier": 78, "refit": true}
{"timestamp": "14:44:13.922197", "frame": 110, "mu": [-0.9305300945495661, 2.8828515019268335, 1.0531395811964768], "Sigma": [[0.012469506177282442, 0.0019221141154789137, -0.016285922936004275], [0.0019221141154789137, 0.0047997101628313955, -0.003285076757163728], [-0.016285922936004275, -0.0032850767571637285, 0.13484974361401644]], "chi2_level": 0.997, "chi2_df": 3, "chi2_threshold": 13.931422665512084, "N_raw": 76, "N_roi": 76, "N_inlier": 74, "refit": true}
{"timestamp": "14:44:13.976239", "frame": 111, "mu": [-0.8965137456430352, 2.9745579428614732, 1.1208217567249024], "Sigma": [[0.015427686858894942, 0.00022924237175304583, 0.0012886588436302675], [0.00022924237175304593, 0.002360096150754579, -0.008723451629461615], [0.0012886588436302672, -0.008723451629461615, 0.11999747635459934]], "chi2_level": 0.997, "chi2_df": 3, "chi2_threshold": 13.931422665512084, "N_raw": 74, "N_roi": 74, "N_inlier": 72, "refit": true}
{"timestamp": "14:44:14.030917", "frame": 112, "mu": [-0.9199130830229043, 3.148533818832055, -0.18590083920556671], "Sigma": [[0.01393994679066622, 0.002933745445824831, -0.010236315886879302], [0.002933745445824831, 0.03829421028731022, -0.11140740727199734], [-0.010236315886879302, -0.11140740727199733, 0.36830030960960536]], "chi2_level": 0.997, "chi2_df": 3, "chi2_threshold": 13.931422665512084, "N_raw": 74, "N_roi": 74, "N_inlier": 74, "refit": true}
{"timestamp": "14:44:14.087850", "frame": 113, "mu": [-0.9304100598037294, 3.031030831964373, 1.341967428255676], "Sigma": [[0.01657731852652993, 0.0022220228198885066, -0.012131918400064948], [0.0022220228198885066, 0.008305829755160402, -0.0065829396146018584], [-0.01213191840006495, -0.006582939614601858, 0.033941088984419714]], "chi2_level": 0.997, "chi2_df": 3, "chi2_threshold": 13.931422665512084, "N_raw": 82, "N_roi": 82, "N_inlier": 78, "refit": true}
{"timestamp": "14:44:14.142267", "frame": 114, "mu": [-0.9193247787717289, 3.071773419261513, 1.2959088728476642], "Sigma": [[0.01683651318156161, 0.0019298372737161474, -0.012001461869411301], [0.0019298372737161474, 0.006222312378286349, -0.005302166075101953], [-0.012001461869411301, -0.005302166075101953, 0.017101318400036924]], "chi2_level": 0.997, "chi2_df": 3, "chi2_threshold": 13.931422665512084, "N_raw": 75, "N_roi": 75, "N_inlier": 71, "refit": true}
{"timestamp": "14:44:14.198049", "frame": 115, "mu": [-0.9584736753647962, 3.129896677595922, -0.49726987406269774], "Sigma": [[0.019578163277934102, 0.002403067507740525, 0.03182815183180829], [0.002403067507740524, 0.007491774690222425, 0.0004162403137938772], [0.03182815183180829, 0.0004162403137938776, 0.36447169016322045]], "chi2_level": 0.997, "chi2_df": 3, "chi2_threshold": 13.931422665512084, "N_raw": 81, "N_roi": 81, "N_inlier": 80, "refit": true}
{"timestamp": "14:44:14.250430", "frame": 116, "mu": [-0.9352540113787061, 3.1410753215982283, 1.325620593829162], "Sigma": [[0.013429239653590686, 0.0014314487646007617, -0.0070808142147012814], [0.0014314487646007617, 0.007312451416519575, -0.003438342301635867], [-0.0070808142147012814, -0.0034383423016358665, 0.015340913238222507]], "chi2_level": 0.997, "chi2_df": 3, "chi2_threshold": 13.931422665512084, "N_raw": 66, "N_roi": 66, "N_inlier": 62, "refit": true}
{"timestamp": "14:44:14.307358", "frame": 117, "mu": [-1.0175440840714174, 3.2480993116611723, 0.9620288264973158], "Sigma": [[0.019837326412298406, -0.003475601853337706, 0.01574302269724165], [-0.003475601853337706, 0.0067177691889873025, -0.03098828915325183], [0.01574302269724165, -0.030988289153251834, 0.17787892467776953]], "chi2_level": 0.997, "chi2_df": 3, "chi2_threshold": 13.931422665512084, "N_raw": 72, "N_roi": 72, "N_inlier": 71, "refit": true}
{"timestamp": "14:44:14.361517", "frame": 118, "mu": [-0.9448009881869412, 3.2413105261091175, -0.8081216801187412], "Sigma": [[0.016005837519846126, -0.0007320375629320833, -0.0068566968604985255], [-0.0007320375629320829, 0.005980878780842305, -0.012472085119984759], [-0.0068566968604985255, -0.012472085119984759, 0.05024448989449705]], "chi2_level": 0.997, "chi2_df": 3, "chi2_threshold": 13.931422665512084, "N_raw": 67, "N_roi": 67, "N_inlier": 64, "refit": true}
{"timestamp": "14:44:14.415006", "frame": 119, "mu": [-0.993974111244112, 3.237615952253142, 1.3377924725344392], "Sigma": [[0.019095280985633917, 0.0015489486373276855, -0.017429872506099068], [0.0015489486373276855, 0.00510909459112516, -0.0035718318043486187], [-0.017429872506099068, -0.0035718318043486182, 0.03559943428561867]], "chi2_level": 0.997, "chi2_df": 3, "chi2_threshold": 13.931422665512084, "N_raw": 61, "N_roi": 61, "N_inlier": 58, "refit": true}
{"timestamp": "14:44:14.469832", "frame": 120, "mu": [-0.9776088905707756, 3.311799752964357, 1.2656752507290607], "Sigma": [[0.01825596024595784, 0.0014529269515480862, -0.010216063210566458], [0.0014529269515480862, 0.00468289467096943, -0.0060505317904321985], [-0.010216063210566458, -0.0060505317904321985, 0.017197748764104258]], "chi2_level": 0.997, "chi2_df": 3, "chi2_threshold": 13.931422665512084, "N_raw": 70, "N_roi": 70, "N_inlier": 66, "refit": true}
{"timestamp": "14:44:14.525841", "frame": 121, "mu": [-0.9701612026137812, 3.0595746045332657, 0.8460530520887355], "Sigma": [[0.015341703439900373, -0.02214532209399998, -0.03130135392196991], [-0.02214532209399998, 0.8295758709498269, 0.9440025560081569], [-0.03130135392196991, 0.9440025560081569, 1.2091669842645876]], "chi2_level": 0.997, "chi2_df": 3, "chi2_threshold": 13.931422665512084, "N_raw": 74, "N_roi": 74, "N_inlier": 73, "refit": true}
{"timestamp": "14:44:14.578946", "frame": 122, "mu": [-1.013883121274499, 3.422833927010787, 1.2565920822104433], "Sigma": [[0.014937353391629377, 0.00327090076600018, -0.01453321083898217], [0.0032709007660001797, 0.0061172466266860475, -0.00787184643501673], [-0.01453321083898217, -0.00787184643501673, 0.036785497136485996]], "chi2_level": 0.997, "chi2_df": 3, "chi2_threshold": 13.931422665512084, "N_raw": 61, "N_roi": 61, "N_inlier": 58, "refit": true}
{"timestamp": "14:44:14.631754", "frame": 123, "mu": [-0.9335326839647267, 3.517517427592656, 0.8676462167860053], "Sigma": [[0.016782553617282647, -0.0011415190092572552, -0.028896611081796947], [-0.0011415190092572555, 0.0022537356922533434, -0.002827410865339437], [-0.028896611081796947, -0.002827410865339437, 0.08666135998169427]], "chi2_level": 0.997, "chi2_df": 3, "chi2_threshold": 13.931422665512084, "N_raw": 51, "N_roi": 51, "N_inlier": 49, "refit": true}
{"timestamp": "14:44:14.691786", "frame": 124, "mu": [-1.0172185050242077, 3.482584603102406, 1.2876687932203854], "Sigma": [[0.02155816479973966, 0.0046611030098372645, -0.012498333737536154], [0.0046611030098372645, 0.009055377372642151, -0.010964326096536782], [-0.012498333737536154, -0.010964326096536782, 0.018261737233765438]], "chi2_level": 0.997, "chi2_df": 3, "chi2_threshold": 13.931422665512084, "N_raw": 87, "N_roi": 87, "N_inlier": 84, "refit": true}
{"timestamp": "14:44:14.747038", "frame": 125, "mu": [-1.030990758286656, 3.536487976302587, 1.218127734582941], "Sigma": [[0.018043893260243686, 0.002731652838395566, -0.022037445133400273], [0.002731652838395566, 0.008067128306784285, -0.021117102925315722], [-0.022037445133400273, -0.02111710292531572, 0.12197758436712001]], "chi2_level": 0.997, "chi2_df": 3, "chi2_threshold": 13.931422665512084, "N_raw": 82, "N_roi": 82, "N_inlier": 79, "refit": true}
{"timestamp": "14:44:14.801040", "frame": 126, "mu": [-1.044662769295418, 3.571816614211399, 1.320344172998934], "Sigma": [[0.021122818518829967, 0.0025377409864611672, -0.01499047680744025], [0.002537740986461167, 0.007443705064519727, -0.005516777375305768], [-0.01499047680744025, -0.005516777375305768, 0.015555098880944225]], "chi2_level": 0.997, "chi2_df": 3, "chi2_threshold": 13.931422665512084, "N_raw": 75, "N_roi": 75, "N_inlier": 70, "refit": true}
