{"timestamp": "16:45:27.389792", "frame": 34, "mu": [-0.179612272575091, 0.3303664199761631, 1.2743714670061834], "Sigma": [[1.4870271571209421, -0.037375119834265585, -0.16139494389032844], [-0.037375119834265585, 0.005556990548121394, 0.006790209698909257], [-0.16139494389032844, 0.006790209698909257, 0.042511420462038166]], "chi2_level": 0.997, "chi2_df": 3, "chi2_threshold": 13.931422665512084, "N_raw": 33, "N_roi": 33, "N_inlier": 33, "refit": true}
{"timestamp": "16:45:27.444125", "frame": 35, "mu": [-0.4405524894445438, 0.32554489115820523, 1.4030872571249338], "Sigma": [[1.1873732833163326, -0.02723518239202881, 0.020086784243545514], [-0.02723518239202881, 0.0033643075889826088, -0.0018912744239878332], [0.02008678424354551, -0.0018912744239878332, 0.0020772975408788934]], "chi2_level": 0.997, "chi2_df": 3, "chi2_threshold": 13.931422665512084, "N_raw": 28, "N_roi": 28, "N_inlier": 26, "refit": true}
{"timestamp": "16:45:27.503437", "frame": 36, "mu": [-0.407819415199644, 0.3158717381708384, 1.349695751464327], "Sigma": [[1.2330006775693472, -0.008512243792002723, 0.019305309710703922], [-0.008512243792002723, 0.0033820281472638275, -0.0017456686663239788], [0.019305309710703926, -0.0017456686663239788, 0.003975027338457618]], "chi2_level": 0.997, "chi2_df": 3, "chi2_threshold": 13.931422665512084, "N_raw": 57, "N_roi": 57, "N_inlier": 57, "refit": true}
{"timestamp": "16:45:27.556205", "frame": 37, "mu": [-0.6282639945786936, 0.35172489938616003, 1.395783181518253], "Sigma": [[0.9292888401901657, -0.019520708259017007, -0.0460473088671872], [-0.01952070825901701, 0.007349561638365767, 0.003865011432871806], [-0.04604730886718719, 0.003865011432871806, 0.012265352774468124]], "chi2_level": 0.997, "chi2_df": 3, "chi2_threshold": 13.931422665512084, "N_raw": 38, "N_roi": 38, "N_inlier": 38, "refit": true}
{"timestamp": "16:45:27.612926", "frame": 38, "mu": [-0.7506133099171379, 0.35654399293080524, 1.4193287713633345], "Sigma": [[0.6669297881855455, -0.0163736238789733, 0.0014668375332683083], [-0.0163736238789733, 0.005129812149121451, -0.0016346646797889717], [0.0014668375332683088, -0.001634664679788972, 0.0030029772929212103]], "chi2_level": 0.997, "chi2_df": 3, "chi2_threshold": 13.931422665512084, "N_raw": 48, "N_roi": 48, "N_inlier": 47, "refit": true}
{"timestamp": "16:45:27.673336", "frame": 39, "mu": [-1.0841822577948725, 0.5597111453144532, -0.4265727666070485], "Sigma": [[0.008958373995737312, 0.004801753470474708, 0.003967822136551025], [0.004801753470474708, 0.00821760091956206, -0.0011767335509741286], [0.003967822136551025, -0.0011767335509741284, 0.010247769653966907]], "chi2_level": 0.997, "chi2_df": 3, "chi2_threshold": 13.931422665512084, "N_raw": 79, "N_roi": 79, "N_inlier": 74, "refit": true}
{"timestamp": "16:45:27.722694", "frame": 40, "mu": [-1.0669958189612194, 0.4762839184908878, 1.4779383531816885], "Sigma": [[0.009125367960161515, 0.0038268125425049695, 0.0035407496008495122], [0.0038268125425049704, 0.0038886967234529773, -0.00039682715312892077], [0.0035407496008495122, -0.0003968271531289208, 0.003668276836115027]], "chi2_level": 0.997, "chi2_df": 3, "chi2_threshold": 13.931422665512084, "N_raw": 54, "N_roi": 54, "N_inlier": 53, "refit": true}
{"timestamp": "16:45:27.778822", "frame": 41, "mu": [-1.0606382292349996, 0.5137946190986378, 1.5233774397274658], "Sigma": [[0.008125194490323142, 0.005469885142803626, 0.004093058210150983], [0.005469885142803626, 0.008661231797323178, 0.0011865381025860117], [0.004093058210150983, 0.0011865381025860117, 0.00491824551597213]], "chi2_level": 0.997, "chi2_df": 3, "chi2_threshold": 13.931422665512084, "N_raw": 55, "N_roi": 55, "N_inlier": 55, "refit": true}
{"timestamp": "16:45:27.835155", "frame": 42, "mu": [-0.9750153931580177, 0.6560109342566666, 1.5860452756568957], "Sigma": [[0.006020247732595899, 0.0009634544635165599, -0.001022385301242349], [0.00096345446351656, 0.004157702920831108, -0.0035447291675234334], [-0.001022385301242349, -0.0035447291675234334, 0.00409919491759115]], "chi2_level": 0.997, "chi2_df": 3, "chi2_threshold": 13.931422665512084, "N_raw": 66, "N_roi": 66, "N_inlier": 63, "refit": true}
{"timestamp": "16:45:27.893812", "frame": 43, "mu": [-0.9375491221749535, 0.6925714670918138, 1.5102657661025567], "Sigma": [[0.010225929176096922, 0.006981824468247145, 0.0008519873508810609], [0.006981824468247145, 0.008501585001621726, -0.0005174920188631037], [0.0008519873508810608, -0.000517492018863104, 0.014674916135567958]], "chi2_level": 0.997, "chi2_df": 3, "chi2_threshold": 13.931422665512084, "N_raw": 93, "N_roi": 93, "N_inlier": 92, "refit": true}
{"timestamp": "16:45:27.944854", "frame": 44, "mu": [-0.9881301303605653, 0.6943101714520746, 1.3924254262471067], "Sigma": [[0.03019769797715084, 0.012552922471544655, -0.044531028760022455], [0.012552922471544653, 0.01189248802563866, -0.01625479017735281], [-0.04453102876002245, -0.01625479017735281, 0.16416483545968671]], "chi2_level": 0.997, "chi2_df": 3, "chi2_threshold": 13.931422665512084, "N_raw": 44, "N_roi": 44, "N_inlier": 43, "refit": true}
{"timestamp": "16:45:27.995158", "frame": 45, "mu": [-0.7423025876727746, 0.8209165642911568, 1.1918590772667264], "Sigma": [[0.006243602217619022, -0.00555967952745897, -0.0025399792423249517], [-0.00555967952745897, 0.00793710375246407, 0.013024157950402994], [-0.0025399792423249517, 0.013024157950402994, 0.04278280650855915]], "chi2_level": 0.997, "chi2_df": 3, "chi2_threshold": 13.931422665512084, "N_raw": 7, "N_roi": 7, "N_inlier": 7, "refit": true}
{"timestamp": "16:45:28.051533", "frame": 46, "mu": [-0.8697070673137209, 0.8624061831578975, 1.5840114102254865], "Sigma": [[0.03664859926257648, 0.022235676109638516, -0.058013091650055956], [0.022235676109638516, 0.0211328339229188, -0.02386994951515007], [-0.058013091650055956, -0.023869949515150066, 0.1286721911328264]], "chi2_level": 0.997, "chi2_df": 3, "chi2_threshold": 13.931422665512084, "N_raw": 21, "N_roi": 21, "N_inlier": 20, "refit": true}
{"timestamp": "16:45:28.110180", "frame": 47, "mu": [-0.6947202597545059, 1.0392133545832278, 1.4603557216416685], "Sigma": [[0.006037460968168338, -0.0014917497834526098, 0.0002085588373729747], [-0.00149174978345261, 0.0019129286571725403, 0.0005588164964125636], [0.00020855883737297474, 0.0005588164964125638, 0.018429473642256042]], "chi2_level": 0.997, "chi2_df": 3, "chi2_threshold": 13.931422665512084, "N_raw": 51, "N_roi": 51, "N_inlier": 47, "refit": true}
{"timestamp": "16:45:28.165460", "frame": 48, "mu": [-0.6284345763476733, 1.111363916413226, 1.5218860436874595], "Sigma": [[0.003617400769123121, -0.0018668783058833215, -0.004431612966202555], [-0.0018668783058833215, 0.004883768741744327, 0.007174427483694359], [-0.004431612966202555, 0.007174427483694359, 0.052328800265180615]], "chi2_level": 0.997, "chi2_df": 3, "chi2_threshold": 13.931422665512084, "N_raw": 49, "N_roi": 49, "N_inlier": 46, "refit": true}
{"timestamp": "16:45:28.222181", "frame": 49, "mu": [-0.565763964273351, 1.2310887586997001, 1.5008892656268473], "Sigma": [[0.0038607015590481496, -0.0013426216940697322, -0.002354661029455277], [-0.0013426216940697322, 0.002854683466251601, -0.002189332148091065], [-0.002354661029455277, -0.002189332148091065, 0.021366642823437386]], "chi2_level": 0.997, "chi2_df": 3, "chi2_threshold": 13.931422665512084, "N_raw": 60, "N_roi": 60, "N_inlier": 55, "refit": true}
{"timestamp": "16:45:28.281455", "frame": 50, "mu": [-0.5207089188581766, 1.2524736462216681, 1.1277003264631726], "Sigma": [[0.005894977018161318, -0.0014023791550305945, 0.025602382601545685], [-0.0014023791550305943, 0.005937761527689516, -0.008534733919327263], [0.025602382601545685, -0.008534733919327263, 0.39409150851401825]], "chi2_level": 0.997, "chi2_df": 3, "chi2_threshold": 13.931422665512084, "N_raw": 90, "N_roi": 90, "N_inlier": 90, "refit": true}
{"timestamp": "16:45:28.341959", "frame": 51, "mu": [-0.4427071138181417, 1.2179272786840531, 1.293317899795331], "Sigma": [[0.006949295849298702, -0.002583160044092328, -0.01006469097843534], [-0.002583160044092328, 0.008700342854528515, 0.007299362282776957], [-0.010064690978435343, 0.007299362282776957, 0.04678803204871121]], "chi2_level": 0.997, "chi2_df": 3, "chi2_threshold": 13.931422665512084, "N_raw": 117, "N_roi": 117, "N_inlier": 113, "refit": true}
{"timestamp": "16:45:28.392121", "frame": 52, "mu": [-0.3852158500410797, 1.3031563650992035, 1.4599245089823754], "Sigma": [[0.0047105383809748266, -0.003514416156051168, -0.005280876012169868], [-0.003514416156051168, 0.01242620276470212, 0.006018405573484496], [-0.005280876012169868, 0.006018405573484496, 0.009272069738388912]], "chi2_level": 0.997, "chi2_df": 3, "chi2_threshold": 13.931422665512084, "N_raw": 82, "N_roi": 78, "N_inlier": 73, "refit": true}
{"timestamp": "16:45:28.445927", "frame": 53, "mu": [-0.33607221323011544, 1.3712778287002554, 1.4140919752171772], "Sigma": [[0.0045736774852133105, -0.0027897444132291864, -0.004176593622858811], [-0.0027897444132291864, 0.018265389761645164, 0.024992552670971446], [-0.004176593622858811, 0.024992552670971446, 0.07852265280247243]], "chi2_level": 0.997, "chi2_df": 3, "chi2_threshold": 13.931422665512084, "N_raw": 83, "N_roi": 83, "N_inlier": 80, "refit": true}
{"timestamp": "16:45:28.501615", "frame": 54, "mu": [-0.31652825499016396, 1.4069003598755412, 1.3205470992855188], "Sigma": [[0.004836044756379296, 0.004190430882144477, 0.010655304084145537], [0.004190430882144477, 0.017363245439497632, 0.038413475674808045], [0.010655304084145539, 0.038413475674808045, 0.12181970245779962]], "chi2_level": 0.997, "chi2_df": 3, "chi2_threshold": 13.931422665512084, "N_raw": 86, "N_roi": 86, "N_inlier": 83, "refit": true}
{"timestamp": "16:45:28.557878", "frame": 55, "mu": [-0.25493024933719727, 1.6095971351537062, -0.16176160200949719], "Sigma": [[0.007082611485088875, 0.0007244482529106948, 0.00862822779321127], [0.0007244482529106948, 0.008118246888118326, 0.0013300078153390003], [0.00862822779321127, 0.0013300078153390008, 0.04204744343978676]], "chi2_level": 0.997, "chi2_df": 3, "chi2_threshold": 13.931422665512084, "N_raw": 96, "N_roi": 92, "N_inlier": 85, "refit": true}
{"timestamp": "16:45:28.615341", "frame": 56, "mu": [-0.17921858695883763, 1.488051812155552, 1.2555744234869075], "Sigma": [[0.010106710418366487, 0.0006924472840230908, 0.015065668288933583], [0.0006924472840230908, 0.007965844733303395, 0.013600975514566665], [0.015065668288933583, 0.013600975514566665, 0.09106839016643348]], "chi2_level": 0.997, "chi2_df": 3, "chi2_threshold": 13.931422665512084, "N_raw": 104, "N_roi": 101, "N_inlier": 98, "refit": true}
{"timestamp": "16:45:28.668106", "frame": 57, "mu": [-0.19488003624143643, 1.7586335316112804, -0.19538219294279224], "Sigma": [[0.023684983074056226, -0.010666425586673918, 0.08140245474704941], [-0.010666425586673918, 0.01838788124070627, -0.0739418825315643], [0.08140245474704941, -0.0739418825315643, 0.6140038654470262]], "chi2_level": 0.997, "chi2_df": 3, "chi2_threshold": 13.931422665512084, "N_raw": 88, "N_roi": 85, "N_inlier": 85, "refit": true}
{"timestamp": "16:45:28.728457", "frame": 58, "mu": [-0.17117720395099842, 1.6386734523728363, 0.9204832121069646], "Sigma": [[0.03269650826630299, -0.003145620437411269, 0.07505084288040487], [-0.0031456204374112695, 0.00678098742464141, 0.007659983549511037], [0.07505084288040487, 0.007659983549511036, 0.29315873175973695]], "chi2_level": 0.997, "chi2_df": 3, "chi2_threshold": 13.931422665512084, "N_raw": 135, "N_roi": 134, "N_inlier": 133, "refit": true}
{"timestamp": "16:45:28.778526", "frame": 59, "mu": [-0.096005347917537, 1.7500206824158604, 0.9341058521891857], "Sigma": [[0.025199765551525487, -0.012273638575715083, 0.06936058128205438], [-0.012273638575715083, 0.01005221090111816, -0.03955699640303423], [0.06936058128205438, -0.03955699640303423, 0.2703299369848709]], "chi2_level": 0.997, "chi2_df": 3, "chi2_threshold": 13.931422665512084, "N_raw": 91, "N_roi": 91, "N_inlier": 89, "refit": true}
{"timestamp": "16:45:28.827161", "frame": 60, "mu": [-0.05519848799365276, 1.851333156735203, 0.916063314799826], "Sigma": [[0.007817560966522053, -0.0072669997678781375, 0.02813683759323828], [-0.0072669997678781375, 0.012498374279398991, -0.023887947517259846], [0.02813683759323828, -0.02388794751725985, 0.35174857612225935]], "chi2_level": 0.997, "chi2_df": 3, "chi2_threshold": 13.931422665512084, "N_raw": 55, "N_roi": 53, "N_inlier": 53, "refit": true}
{"timestamp": "16:45:28.882615", "frame": 61, "mu": [0.08498953886621402, 1.8425190621774705, 1.5763323427202462], "Sigma": [[0.0056931775242045546, 0.002953160382105578, 0.014939699128871114], [0.0029531603821055775, 0.028086988174398735, 0.0529927120359486], [0.014939699128871114, 0.05299271203594861, 0.17770770982236467]], "chi2_level": 0.997, "chi2_df": 3, "chi2_threshold": 13.931422665512084, "N_raw": 45, "N_roi": 43, "N_inlier": 39, "refit": true}
{"timestamp": "16:45:28.936611", "frame": 62, "mu": [0.1602107770511784, 1.8461349857796345, 1.355285141957011], "Sigma": [[0.004066637076387645, 0.003273443302305796, 0.01638786301669866], [0.003273443302305796, 0.011602628833978485, 0.03765207368802009], [0.01638786301669866, 0.03765207368802009, 0.1750811002566461]], "chi2_level": 0.997, "chi2_df": 3, "chi2_threshold": 13.931422665512084, "N_raw": 53, "N_roi": 41, "N_inlier": 38, "refit": true}
{"timestamp": "16:45:28.988743", "frame": 63, "mu": [0.17902287833660194, 2.070882140204541, -0.010786684820395423], "Sigma": [[0.0070059414431794574, -0.004928084966279316, 0.012421666239102932], [-0.004928084966279316, 0.0067000353658093, -0.01417863107292788], [0.012421666239102933, -0.01417863107292788, 0.04492683262127739]], "chi2_level": 0.997, "chi2_df": 3, "chi2_threshold": 13.931422665512084, "N_raw": 31, "N_roi": 28, "N_inlier": 28, "refit": true}
{"timestamp": "16:45:29.039424", "frame": 64, "mu": [0.17209466183948577, 1.8099856852986789, 1.0640971223185702], "Sigma": [[0.007580680026980698, 0.014964966025353701, 0.0317900066145551], [0.0149649660253537, 0.24122300468996025, -0.09819129263310956], [0.0317900066145551, -0.09819129263310956, 0.3867686272630155]], "chi2_level": 0.997, "chi2_df": 3, "chi2_threshold": 13.931422665512084, "N_raw": 10, "N_roi": 9, "N_inlier": 9, "refit": true}
{"timestamp": "16:45:29.096531", "frame": 65, "mu": [0.2184638979503738, 2.01708559647342, 0.8765322746644231], "Sigma": [[0.005201358668720156, 0.007482411686552856, 0.027518392314613182], [0.007482411686552857, 0.03510673191282153, 0.09260010676980376], [0.027518392314613182, 0.09260010676980376, 0.30113456419717105]], "chi2_level": 0.997, "chi2_df": 3, "chi2_threshold": 13.931422665512084, "N_raw": 24, "N_roi": 24, "N_inlier": 24, "refit": true}
{"timestamp": "16:45:29.150216", "frame": 66, "mu": [0.3335047570202285, 2.1520506769687655, 1.2480854023397066], "Sigma": [[0.009361117388724, -0.0036381223792662284, 0.027829451318223074], [-0.0036381223792662284, 0.012398546619114088, 0.009290018779203739], [0.027829451318223068, 0.009290018779203735, 0.13243941778267532]], "chi2_level": 0.997, "chi2_df": 3, "chi2_threshold": 13.931422665512084, "N_raw": 14, "N_roi": 14, "N_inlier": 13, "refit": true}
{"timestamp": "16:45:29.208270", "frame": 67, "mu": [0.3891788947925613, 2.2133287987020713, 1.2267740769820163], "Sigma": [[0.008302735805281862, -0.004285351894622086, 0.024713920928253183], [-0.004285351894622087, 0.005835004739732179, 0.0011291990173908188], [0.024713920928253183, 0.0011291990173908193, 0.28199280871108406]], "chi2_level": 0.997, "chi2_df": 3, "chi2_threshold": 13.931422665512084, "N_raw": 34, "N_roi": 33, "N_inlier": 32, "refit": true}
{"timestamp": "16:45:29.262285", "frame": 68, "mu": [0.43767568495711895, 2.262875146949981, 1.0662672636807826], "Sigma": [[0.004121711909514734, -0.0025578333050177066, -0.025889092815781133], [-0.0025578333050177066, 0.004939179656165294, 0.025403688258569392], [-0.025889092815781133, 0.02540368825856939, 0.30713984829973134]], "chi2_level": 0.997, "chi2_df": 3, "chi2_threshold": 13.931422665512084, "N_raw": 26, "N_roi": 22, "N_inlier": 22, "refit": true}
{"timestamp": "16:45:29.314431", "frame": 69, "mu": [0.4884886392232256, 2.539245456313796, -0.2276469532696133], "Sigma": [[0.0018633102067784947, 0.0018879151469543, -0.0029921623913354333], [0.0018879151469542994, 0.036308674607223174, -0.09088618558622108], [-0.0029921623913354333, -0.0908861855862211, 0.25350371794256504]], "chi2_level": 0.997, "chi2_df": 3, "chi2_threshold": 13.931422665512084, "N_raw": 10, "N_roi": 10, "N_inlier": 9, "refit": true}
{"timestamp": "16:45:29.371359", "frame": 70, "mu": [0.568564672581192, 2.356109233265957, 1.0188895458187386], "Sigma": [[0.0018852354789411637, 0.0013395799556826435, 0.0026028988743721877], [0.0013395799556826435, 0.005105495356119174, 0.009545759864519601], [0.0026028988743721877, 0.0095457598645196, 0.42465880417587826]], "chi2_level": 0.997, "chi2_df": 3, "chi2_threshold": 13.931422665512084, "N_raw": 21, "N_roi": 19, "N_inlier": 19, "refit": true}
{"timestamp": "16:45:29.426333", "frame": 71, "mu": [0.5690115792101191, 2.388172067777051, 1.0911443580928921], "Sigma": [[0.002558033425951838, -3.1910836636758744e-05, -0.0035087233682073427], [-3.19108366367588e-05, 0.0015615703717641093, -0.0043391784991902195], [-0.0035087233682073427, -0.0043391784991902195, 0.1850706412422979]], "chi2_level": 0.997, "chi2_df": 3, "chi2_threshold": 13.931422665512084, "N_raw": 20, "N_roi": 20, "N_inlier": 19, "refit": true}
{"timestamp": "16:45:29.479972", "frame": 72, "mu": [0.5837539654404109, 2.4040059816168786, 0.6870641809766356], "Sigma": [[0.009702703882926513, -0.002640193389229381, 0.0308285256914395], [-0.0026401933892293812, 0.0015909292545833453, -0.00692961498055843], [0.0308285256914395, -0.00692961498055843, 0.1295017500574409]], "chi2_level": 0.997, "chi2_df": 3, "chi2_threshold": 13.931422665512084, "N_raw": 16, "N_roi": 16, "N_inlier": 15, "refit": true}
{"timestamp": "16:45:29.533976", "frame": 73, "mu": [0.6398667260610352, 2.439065884088432, 0.7230325027217908], "Sigma": [[0.008563459200260868, -0.001978604902052672, 0.02558267325421283], [-0.001978604902052672, 0.001737117372164573, -0.0068337276637579405], [0.025582673254212835, -0.0068337276637579405, 0.10110906270880501]], "chi2_level": 0.997, "chi2_df": 3, "chi2_threshold": 13.931422665512084, "N_raw": 12, "N_roi": 12, "N_inlier": 12, "refit": true}
{"timestamp": "16:45:29.591095", "frame": 74, "mu": [0.7510479065309389, 2.6115112830907687, 1.36429254462027], "Sigma": [[0.01054458469294413, 0.0032494988150120487, 0.02975876723202441], [0.0032494988150120496, 0.006001369493550286, 0.021324302023438456], [0.02975876723202441, 0.021324302023438452, 0.15024165646012194]], "chi2_level": 0.997, "chi2_df": 3, "chi2_threshold": 13.931422665512084, "N_raw": 24, "N_roi": 24, "N_inlier": 24, "refit": true}
{"timestamp": "16:45:29.646933", "frame": 75, "mu": [0.7974244741483127, 2.72766304443843, -0.23848238000992358], "Sigma": [[0.012345768806883149, 0.0022473756818393456, 0.039357255592427906], [0.0022473756818393456, 0.005130852570450526, 0.021270083311797364], [0.039357255592427906, 0.021270083311797368, 0.2334604142372713]], "chi2_level": 0.997, "chi2_df": 3, "chi2_threshold": 13.931422665512084, "N_raw": 28, "N_roi": 28, "N_inlier": 26, "refit": true}
{"timestamp": "16:45:29.701361", "frame": 76, "mu": [0.9503488061426395, 2.669214335596177, 1.1495998016470332], "Sigma": [[0.004110820996826203, -0.0005157961480071502, -0.0014554599201639412], [-0.0005157961480071499, 0.003430668836010293, -0.006835799759397528], [-0.0014554599201639417, -0.006835799759397528, 0.23749660428699318]], "chi2_level": 0.997, "chi2_df": 3, "chi2_threshold": 13.931422665512084, "N_raw": 23, "N_roi": 23, "N_inlier": 23, "refit": true}
{"timestamp": "16:45:29.760564", "frame": 77, "mu": [0.9933284948283859, 2.6635614783666695, 1.250895471519826], "Sigma": [[0.012035415688981647, -0.0022207827124434386, 0.002232209897578595], [-0.0022207827124434386, 0.004258626635393409, -0.0044156697281188505], [0.002232209897578595, -0.0044156697281188505, 0.00763541159084793]], "chi2_level": 0.997, "chi2_df": 3, "chi2_threshold": 13.931422665512084, "N_raw": 53, "N_roi": 53, "N_inlier": 52, "refit": true}
{"timestamp": "16:45:29.811552", "frame": 78, "mu": [0.9652158431942361, 2.789335119816933, 1.1585522041809457], "Sigma": [[0.007966166389755155, -0.00614297793500865, 0.014258451148721821], [-0.00614297793500865, 0.009735277255750466, -0.027157684140487113], [0.014258451148721821, -0.027157684140487113, 0.10845554831204596]], "chi2_level": 0.997, "chi2_df": 3, "chi2_threshold": 13.931422665512084, "N_raw": 24, "N_roi": 24, "N_inlier": 23, "refit": true}
{"timestamp": "16:45:29.869344", "frame": 79, "mu": [1.1341780560296832, 2.7464498708951783, 1.2492394408952923], "Sigma": [[0.010070161344076652, -0.004504353040459764, 0.0066074649169374266], [-0.004504353040459765, 0.005577987792497714, -0.00980668946066816], [0.006607464916937427, -0.009806689460668159, 0.1765988029351571]], "chi2_level": 0.997, "chi2_df": 3, "chi2_threshold": 13.931422665512084, "N_raw": 42, "N_roi": 42, "N_inlier": 41, "refit": true}
{"timestamp": "16:45:29.925462", "frame": 80, "mu": [1.1483458864927196, 2.7711455633035613, 1.3827578154508915], "Sigma": [[0.01171340847310571, -0.0036829566314711694, -0.005005818613765343], [-0.00368295663147117, 0.005909537208618038, -0.0005111619802912395], [-0.005005818613765343, -0.0005111619802912395, 0.004675340889638374]], "chi2_level": 0.997, "chi2_df": 3, "chi2_threshold": 13.931422665512084, "N_raw": 52, "N_roi": 52, "N_inlier": 50, "refit": true}
{"timestamp": "16:45:29.978614", "frame": 81, "mu": [1.1842553712508348, 2.827959863432108, 1.4998663374947057], "Sigma": [[0.012658850832283255, -0.003700367028715571, -0.0013485465068606792], [-0.003700367028715571, 0.004682830854181791, 0.0027063469462797474], [-0.0013485465068606792, 0.0027063469462797474, 0.017008748197470062]], "chi2_level": 0.997, "chi2_df": 3, "chi2_threshold": 13.931422665512084, "N_raw": 40, "N_roi": 40, "N_inlier": 38, "refit": true}
{"timestamp": "16:45:30.030391", "frame": 82, "mu": [1.2059922626124246, 2.8889467957763175, 1.2359607668308392], "Sigma": [[0.00649371746082397, -0.0028810716043327607, 0.012412345814051354], [-0.0028810716043327607, 0.0027557111176840223, -0.009543601797650124], [0.012412345814051352, -0.009543601797650124, 0.058484346023804576]], "chi2_level": 0.997, "chi2_df": 3, "chi2_threshold": 13.931422665512084, "N_raw": 17, "N_roi": 17, "N_inlier": 17, "refit": true}
{"timestamp": "16:45:30.084724", "frame": 83, "mu": [1.1784915624028527, 3.0274185767596253, 1.2441621127178535], "Sigma": [[0.006260295657273937, -0.005055889499636439, 0.00528721640065322], [-0.005055889499636439, 0.0056977763301131485, -0.004011316399518914], [0.00528721640065322, -0.004011316399518914, 0.02675656193525915]], "chi2_level": 0.997, "chi2_df": 3, "chi2_threshold": 13.931422665512084, "N_raw": 18, "N_roi": 18, "N_inlier": 18, "refit": true}
{"timestamp": "16:45:30.142316", "frame": 84, "mu": [1.1836103491304206, 3.184193755208794, -0.23207961972695149], "Sigma": [[0.011255624160349283, -0.006411827500611345, 0.03142332725229728], [-0.006411827500611346, 0.007952574536165472, -0.02588462907344663], [0.03142332725229729, -0.02588462907344663, 0.25708951152447473]], "chi2_level": 0.997, "chi2_df": 3, "chi2_threshold": 13.931422665512084, "N_raw": 33, "N_roi": 33, "N_inlier": 33, "refit": true}
{"timestamp": "16:45:30.303974", "frame": 87, "mu": [1.443400872451916, 3.1433001717315996, 1.0162779143418796], "Sigma": [[0.005651625257703023, -0.006531288260806968, -0.056472041763335826], [-0.006531288260806968, 0.013439115572637758, 0.06604441376903117], [-0.056472041763335826, 0.06604441376903117, 0.5878715379308119]], "chi2_level": 0.997, "chi2_df": 3, "chi2_threshold": 13.931422665512084, "N_raw": 9, "N_roi": 7, "N_inlier": 7, "refit": true}
{"timestamp": "16:45:30.470463", "frame": 90, "mu": [1.4653115158745933, 3.40578393775524, 1.4135909726785736], "Sigma": [[0.005348435236260181, -0.0024250780150403307, -0.0030811938692428434], [-0.0024250780150403307, 0.0036792584440983687, 0.001173369488996105], [-0.0030811938692428434, 0.0011733694889961047, 0.037975028749104946]], "chi2_level": 0.997, "chi2_df": 3, "chi2_threshold": 13.931422665512084, "N_raw": 20, "N_roi": 20, "N_inlier": 19, "refit": true}
{"timestamp": "16:45:30.524778", "frame": 91, "mu": [1.437806898758957, 3.068760985810963, 1.1044458152995282], "Sigma": [[0.2096553408959, 0.39453961860488346, -0.12988414708929183], [0.3945396186048835, 0.7463711220596647, -0.26111510682377953], [-0.12988414708929183, -0.26111510682377953, 0.17876679092608602]], "chi2_level": 0.997, "chi2_df": 3, "chi2_threshold": 13.931422665512084, "N_raw": 7, "N_roi": 7, "N_inlier": 7, "refit": true}
{"timestamp": "16:45:30.583092", "frame": 92, "mu": [1.6025079333876082, 3.404257697046283, 1.0501089532293453], "Sigma": [[0.012588374416081273, -0.007064001816538645, 0.0012512374115053555], [-0.007064001816538644, 0.006581900630408865, -0.004092235047725835], [0.0012512374115053557, -0.004092235047725835, 0.015244356985998032]], "chi2_level": 0.997, "chi2_df": 3, "chi2_threshold": 13.931422665512084, "N_raw": 40, "N_roi": 38, "N_inlier": 37, "refit": true}
{"timestamp": "16:45:30.636281", "frame": 93, "mu": [1.6040708463243374, 3.488555248601826, 1.16857775636272], "Sigma": [[0.011754915632515406, -0.0039607898425890525, 0.008028157368739625], [-0.0039607898425890525, 0.003455949638851561, 0.002446286150441496], [0.008028157368739625, 0.002446286150441496, 0.06686606305871785]], "chi2_level": 0.997, "chi2_df": 3, "chi2_threshold": 13.931422665512084, "N_raw": 17, "N_roi": 17, "N_inlier": 17, "refit": true}
{"timestamp": "16:45:30.747509", "frame": 95, "mu": [1.7593392547438267, 3.5386012624932746, 1.1363177462669576], "Sigma": [[0.017622853607491877, -0.008984964823429493, -0.011026116302854267], [-0.008984964823429493, 0.006085706873783603, 0.0021495755583228592], [-0.011026116302854267, 0.00214957555832286, 0.020943006008823546]], "chi2_level": 0.997, "chi2_df": 3, "chi2_threshold": 13.931422665512084, "N_raw": 34, "N_roi": 34, "N_inlier": 34, "refit": true}
{"timestamp": "16:45:30.799062", "frame": 96, "mu": [1.8367640052250995, 3.5398103860975283, 1.1971817459672294], "Sigma": [[0.003392943358360935, 2.35469574776223e-06, -0.009410078667001064], [2.3546957477623386e-06, 0.002341006611086767, -0.0023896616052793513], [-0.009410078667001064, -0.0023896616052793513, 0.03368150232736117]], "chi2_level": 0.997, "chi2_df": 3, "chi2_threshold": 13.931422665512084, "N_raw": 9, "N_roi": 8, "N_inlier": 8, "refit": true}
{"timestamp": "16:45:30.857702", "frame": 97, "mu": [1.8447010627175262, 3.5695241240611795, 1.4073733861880335], "Sigma": [[0.017091436343930677, -0.006184761085271259, -0.004668698708855911], [-0.006184761085271258, 0.005632816090906314, -0.0017728291744921261], [-0.004668698708855911, -0.0017728291744921261, 0.007723170611843697]], "chi2_level": 0.997, "chi2_df": 3, "chi2_threshold": 13.931422665512084, "N_raw": 40, "N_roi": 38, "N_inlier": 38, "refit": true}
{"timestamp": "16:45:30.910118", "frame": 98, "mu": [1.8462164928852562, 3.7174098399387323, 1.112834999886808], "Sigma": [[0.0034573881453414737, 0.0011856916603996445, -0.008907617463256318], [0.0011856916603996445, 0.008170074568878645, -0.03242930514131549], [-0.008907617463256318, -0.03242930514131549, 0.15252677439213352]], "chi2_level": 0.997, "chi2_df": 3, "chi2_threshold": 13.931422665512084, "N_raw": 13, "N_roi": 13, "N_inlier": 11, "refit": true}
{"timestamp": "16:45:30.965819", "frame": 99, "mu": [1.8949507028062054, 3.6624235958309534, 1.2152405623967655], "Sigma": [[0.013589908955093951, -0.006100016433027989, -0.006729033408228903], [-0.006100016433027989, 0.004985805054847927, 0.001546281494569057], [-0.006729033408228902, 0.001546281494569057, 0.006985535930299941]], "chi2_level": 0.997, "chi2_df": 3, "chi2_threshold": 13.931422665512084, "N_raw": 24, "N_roi": 24, "N_inlier": 22, "refit": true}
{"timestamp": "16:45:31.098782", "frame": 100, "mu": [1.9395382390654772, 3.7516860921985162, 1.2168079520131598], "Sigma": [[0.027551972470705118, -0.005786886048755763, -0.0342078366719307], [-0.005786886048755762, 0.010639231087830372, 0.0033532162796512284], [-0.0342078366719307, 0.003353216279651228, 0.05063738814568178]], "chi2_level": 0.997, "chi2_df": 3, "chi2_threshold": 13.931422665512084, "N_raw": 30, "N_roi": 27, "N_inlier": 26, "refit": true}
{"timestamp": "16:45:31.184236", "frame": 103, "mu": [1.9955160255299267, 3.7823926279819746, 1.1124367384799423], "Sigma": [[0.0038508929214810445, -0.00014038592749449218, -0.001416835720126201], [-0.0001403859274944922, 0.0023467838407807305, -0.003271307654545028], [-0.001416835720126201, -0.003271307654545028, 0.0077900526490443335]], "chi2_level": 0.997, "chi2_df": 3, "chi2_threshold": 13.931422665512084, "N_raw": 12, "N_roi": 8, "N_inlier": 8, "refit": true}
