{"timestamp": "17:06:02.725074", "frame": 1, "mu": [1.2983969940872573, 1.1637201898741303, 0.8975111921439689], "Sigma": [[0.012058239241196896, -0.008617251583814205, -0.006976755165302171], [-0.008617251583814205, 0.009137394951484697, 0.003652835712356486], [-0.006976755165302171, 0.0036528357123564855, 0.005337775266650679]], "chi2_level": 0.997, "chi2_df": 3, "chi2_threshold": 13.931422665512084, "N_raw": 39, "N_roi": 39, "N_inlier": 38, "refit": true}
{"timestamp": "17:06:02.779222", "frame": 2, "mu": [1.1919650500542829, 1.2536770222012872, 1.0225765312503932], "Sigma": [[0.014108462866581396, -0.005824404518904577, -0.020981090437491707], [-0.005824404518904577, 0.004424622234769291, 0.005675424469863131], [-0.020981090437491707, 0.005675424469863132, 0.039874588177151234]], "chi2_level": 0.997, "chi2_df": 3, "chi2_threshold": 13.931422665512084, "N_raw": 24, "N_roi": 24, "N_inlier": 24, "refit": true}
{"timestamp": "17:06:02.834310", "frame": 3, "mu": [1.1893779716511819, 1.2474868766153404, 1.2543684446690657], "Sigma": [[0.008986332528083096, -0.0033977514263308466, -0.006379950383128584], [-0.0033977514263308466, 0.008245086313363563, -0.0031871595773773085], [-0.006379950383128584, -0.0031871595773773085, 0.014385038015895685]], "chi2_level": 0.997, "chi2_df": 3, "chi2_threshold": 13.931422665512084, "N_raw": 32, "N_roi": 32, "N_inlier": 31, "refit": true}
{"timestamp": "17:06:02.891190", "frame": 4, "mu": [1.147645613517458, 1.245320790948151, 1.295812067452474], "Sigma": [[0.009824566922313033, -0.0019584852507870195, -0.009761968985868971], [-0.0019584852507870195, 0.002419124066215719, 0.00022089164281294238], [-0.009761968985868971, 0.0002208916428129421, 0.012699103894983533]], "chi2_level": 0.997, "chi2_df": 3, "chi2_threshold": 13.931422665512084, "N_raw": 39, "N_roi": 39, "N_inlier": 39, "refit": true}
{"timestamp": "17:06:02.948502", "frame": 5, "mu": [1.115787859886945, 1.2583276579198817, 1.343667466697653], "Sigma": [[0.008599957917985268, -0.0029934195186182636, -0.005536041123127979], [-0.0029934195186182636, 0.005620815707457178, -0.0003054656064493056], [-0.005536041123127979, -0.00030546560644930564, 0.006821304697747168]], "chi2_level": 0.997, "chi2_df": 3, "chi2_threshold": 13.931422665512084, "N_raw": 51, "N_roi": 51, "N_inlier": 51, "refit": true}
{"timestamp": "17:06:02.999228", "frame": 6, "mu": [1.1798052490200592, 1.2085155509004346, 1.2991542613275593], "Sigma": [[0.010653045722768482, -0.0024591167297313447, -0.008137387667606306], [-0.0024591167297313447, 0.0024782912135340577, 0.0007113903311539344], [-0.008137387667606306, 0.0007113903311539347, 0.0079044745232547]], "chi2_level": 0.997, "chi2_df": 3, "chi2_threshold": 13.931422665512084, "N_raw": 22, "N_roi": 22, "N_inlier": 21, "refit": true}
{"timestamp": "17:06:03.054832", "frame": 7, "mu": [1.167200803355285, 1.2266176965558195, 1.3614356903006528], "Sigma": [[0.006805080938791335, -0.0027039625523717203, -0.004348232261478392], [-0.0027039625523717203, 0.0030446198745489273, 0.0003520783650104492], [-0.004348232261478392, 0.0003520783650104491, 0.004411580559752513]], "chi2_level": 0.997, "chi2_df": 3, "chi2_threshold": 13.931422665512084, "N_raw": 31, "N_roi": 31, "N_inlier": 30, "refit": true}
{"timestamp": "17:06:03.164242", "frame": 9, "mu": [0.9458689094571329, 1.312653534298272, 1.472032254602252], "Sigma": [[0.0032288967775780707, 0.0013710987310803706, -0.008144144737448978], [0.0013710987310803704, 0.003351837614163765, -0.006038913685247259], [-0.008144144737448978, -0.006038913685247258, 0.032946791039178955]], "chi2_level": 0.997, "chi2_df": 3, "chi2_threshold": 13.931422665512084, "N_raw": 14, "N_roi": 14, "N_inlier": 14, "refit": true}
{"timestamp": "17:06:03.220699", "frame": 10, "mu": [1.0057556383846538, 1.299166766444162, 1.3937180479303326], "Sigma": [[0.013475706001306204, -0.0012677474708311508, -0.03171404367079256], [-0.001267747470831151, 0.002512963901234989, 0.002735673696802266], [-0.03171404367079256, 0.002735673696802267, 0.08607013758144308]], "chi2_level": 0.997, "chi2_df": 3, "chi2_threshold": 13.931422665512084, "N_raw": 23, "N_roi": 23, "N_inlier": 23, "refit": true}
{"timestamp": "17:06:03.276495", "frame": 11, "mu": [0.9723516565220917, 1.3140237624131896, 1.5231355145180254], "Sigma": [[0.006307252266033, 0.0004726509064405862, -0.009583561216855205], [0.0004726509064405862, 0.0029923869098564407, -0.004793901959593109], [-0.009583561216855207, -0.004793901959593108, 0.02770494550032794]], "chi2_level": 0.997, "chi2_df": 3, "chi2_threshold": 13.931422665512084, "N_raw": 27, "N_roi": 27, "N_inlier": 26, "refit": true}
{"timestamp": "17:06:03.329998", "frame": 12, "mu": [1.101249423253799, 1.4634949475873191, -0.3996598588487653], "Sigma": [[0.008084408743577723, 0.0022890176652831645, -0.011679924523360918], [0.0022890176652831645, 0.005519590146261844, -0.005797797368952154], [-0.011679924523360917, -0.005797797368952154, 0.022179539847888504]], "chi2_level": 0.997, "chi2_df": 3, "chi2_threshold": 13.931422665512084, "N_raw": 20, "N_roi": 20, "N_inlier": 20, "refit": true}
{"timestamp": "17:06:03.383710", "frame": 13, "mu": [1.042309522813366, 1.3818468954604053, 1.3252761701536322], "Sigma": [[0.009045455412479957, 0.003485462225381047, -0.01939991393832284], [0.0034854622253810467, 0.0024867302278723164, -0.0072994325636687825], [-0.01939991393832284, -0.0072994325636687825, 0.05619692091681003]], "chi2_level": 0.997, "chi2_df": 3, "chi2_threshold": 13.931422665512084, "N_raw": 8, "N_roi": 8, "N_inlier": 8, "refit": true}
{"timestamp": "17:06:03.439421", "frame": 14, "mu": [1.028934318892926, 1.3517243379495243, -0.7632069740632839], "Sigma": [[0.006282324451995828, -0.007501413250704835, -0.03541434788381539], [-0.007501413250704834, 0.05580162223864485, 0.13111496971472103], [-0.03541434788381538, 0.13111496971472103, 0.5476028157081031]], "chi2_level": 0.997, "chi2_df": 3, "chi2_threshold": 13.931422665512084, "N_raw": 12, "N_roi": 12, "N_inlier": 11, "refit": true}
{"timestamp": "17:06:03.495263", "frame": 15, "mu": [1.0808813843107141, 1.337513950385725, 1.3348851438377174], "Sigma": [[0.007205453328434264, -0.001841381058589807, -0.007118866434935048], [-0.0018413810585898066, 0.0019156097513971877, -0.00026236689445449386], [-0.007118866434935048, -0.0002623668944544938, 0.013847752239620164]], "chi2_level": 0.997, "chi2_df": 3, "chi2_threshold": 13.931422665512084, "N_raw": 20, "N_roi": 20, "N_inlier": 20, "refit": true}
{"timestamp": "17:06:03.550053", "frame": 16, "mu": [0.8731349685961379, 1.4275266072706227, 1.502865442858049], "Sigma": [[0.0034556518393690813, -0.0014265767229397278, -0.0067811226579368045], [-0.0014265767229397278, 0.0031515832720817316, 0.0010787048417494221], [-0.0067811226579368045, 0.0010787048417494225, 0.019314370516095983]], "chi2_level": 0.997, "chi2_df": 3, "chi2_threshold": 13.931422665512084, "N_raw": 19, "N_roi": 19, "N_inlier": 17, "refit": true}
{"timestamp": "17:06:03.604514", "frame": 17, "mu": [1.1011269163236985, 1.3417495061743423, 1.2802825732936878], "Sigma": [[0.004437165177160131, -0.0018379542209128765, -0.007936404934899378], [-0.0018379542209128767, 0.0041675562411994755, 0.008619175152797384], [-0.007936404934899376, 0.008619175152797382, 0.03740149005342556]], "chi2_level": 0.997, "chi2_df": 3, "chi2_threshold": 13.931422665512084, "N_raw": 13, "N_roi": 13, "N_inlier": 13, "refit": true}
{"timestamp": "17:06:03.662977", "frame": 18, "mu": [1.0443733929216015, 1.3726388038737845, 1.2799964058628146], "Sigma": [[0.005856236346771253, -0.0015544622183954143, -0.0036206047699117757], [-0.0015544622183954145, 0.0017976649015476144, -0.00220306479691901], [-0.0036206047699117757, -0.00220306479691901, 0.06035429173755822]], "chi2_level": 0.997, "chi2_df": 3, "chi2_threshold": 13.931422665512084, "N_raw": 30, "N_roi": 30, "N_inlier": 30, "refit": true}
{"timestamp": "17:06:03.719655", "frame": 19, "mu": [1.1265243655233192, 1.350342608255458, 0.9935842744209247], "Sigma": [[0.006368040317589955, -0.0028314667737322063, -0.004767159886945601], [-0.0028314667737322063, 0.005694172351154047, 0.0003001331103765038], [-0.004767159886945602, 0.0003001331103765037, 0.011742352526393673]], "chi2_level": 0.997, "chi2_df": 3, "chi2_threshold": 13.931422665512084, "N_raw": 46, "N_roi": 46, "N_inlier": 45, "refit": true}
{"timestamp": "17:06:03.772405", "frame": 20, "mu": [0.9630759702651607, 1.3373387474799867, 1.3727482224695151], "Sigma": [[0.006659139644851121, -0.0032592447485767914, -0.008378658054963215], [-0.0032592447485767914, 0.00218164419313151, 0.004163972691880961], [-0.008378658054963215, 0.004163972691880961, 0.01620869184136772]], "chi2_level": 0.997, "chi2_df": 3, "chi2_threshold": 13.931422665512084, "N_raw": 30, "N_roi": 30, "N_inlier": 29, "refit": true}
{"timestamp": "17:06:03.823238", "frame": 21, "mu": [1.0388629493221402, 1.293316179139488, 1.1761341802992265], "Sigma": [[0.012629270027700092, -0.00696748815935141, -0.02702144714073007], [-0.006967488159351409, 0.005139016209556934, 0.014151904660086945], [-0.02702144714073007, 0.014151904660086945, 0.059540531960491]], "chi2_level": 0.997, "chi2_df": 3, "chi2_threshold": 13.931422665512084, "N_raw": 8, "N_roi": 8, "N_inlier": 8, "refit": true}
{"timestamp": "17:06:03.879737", "frame": 22, "mu": [0.9956865004499733, 1.4660621434547432, -0.5082799400734814], "Sigma": [[0.012721610296715606, 0.002532358068527993, -0.027165027497560473], [0.0025323580685279925, 0.0012528859923611041, -0.004817467717111262], [-0.027165027497560473, -0.0048174677171112625, 0.060798261623029246]], "chi2_level": 0.997, "chi2_df": 3, "chi2_threshold": 13.931422665512084, "N_raw": 8, "N_roi": 8, "N_inlier": 8, "refit": true}
{"timestamp": "17:06:03.941225", "frame": 23, "mu": [1.048232599214123, 1.2736875508114516, 1.1058238442567363], "Sigma": [[0.007408496613836833, -0.005517934201079084, -0.009401402974184177], [-0.005517934201079084, 0.005801528309201972, 0.006388783122977172], [-0.009401402974184177, 0.006388783122977172, 0.029497491235671105]], "chi2_level": 0.997, "chi2_df": 3, "chi2_threshold": 13.931422665512084, "N_raw": 60, "N_roi": 60, "N_inlier": 58, "refit": true}
{"timestamp": "17:06:03.992902", "frame": 24, "mu": [1.0215874762151504, 1.2279283296765344, 1.2608605273189908], "Sigma": [[0.007021949897707773, -0.002467004666318437, -0.0017586575942415634], [-0.0024670046663184367, 0.0034619973254807696, 0.00018538044185864079], [-0.0017586575942415634, 0.00018538044185864079, 0.0008654062411221937]], "chi2_level": 0.997, "chi2_df": 3, "chi2_threshold": 13.931422665512084, "N_raw": 35, "N_roi": 35, "N_inlier": 34, "refit": true}
{"timestamp": "17:06:04.048086", "frame": 25, "mu": [1.0585994108203078, 1.1846538300066924, 1.1745749316236205], "Sigma": [[0.0035873652013304327, -0.0016033414457904392, -0.003964527331855702], [-0.0016033414457904392, 0.003631245555938084, -0.0005071113671391524], [-0.003964527331855702, -0.0005071113671391524, 0.01600950864769809]], "chi2_level": 0.997, "chi2_df": 3, "chi2_threshold": 13.931422665512084, "N_raw": 40, "N_roi": 40, "N_inlier": 39, "refit": true}
{"timestamp": "17:06:04.101108", "frame": 26, "mu": [0.9645967504485882, 1.374886329694438, -0.40512026746602936], "Sigma": [[0.002468680176594536, -0.0009375969996071145, -0.0015987660732517737], [-0.0009375969996071145, 0.003440770067485491, -8.928257836050312e-05], [-0.0015987660732517737, -8.928257836050328e-05, 0.0015513621646005271]], "chi2_level": 0.997, "chi2_df": 3, "chi2_threshold": 13.931422665512084, "N_raw": 22, "N_roi": 22, "N_inlier": 21, "refit": true}
{"timestamp": "17:06:04.154605", "frame": 27, "mu": [0.8342293238155674, 1.2071012003959838, 1.1190056810708713], "Sigma": [[0.007057795023629265, -0.005558276158257243, -0.008717021260604063], [-0.005558276158257243, 0.010772404709325563, 0.01430955458377145], [-0.008717021260604063, 0.01430955458377145, 0.14334079404858835]], "chi2_level": 0.997, "chi2_df": 3, "chi2_threshold": 13.931422665512084, "N_raw": 10, "N_roi": 10, "N_inlier": 10, "refit": true}
{"timestamp": "17:06:04.217156", "frame": 28, "mu": [0.9215449404464641, 1.3301362860245989, -0.6777158989650672], "Sigma": [[0.005923982033589671, -0.001979225260709853, -0.006457744644711813], [-0.001979225260709853, 0.005465791766175512, -0.005201482260493413], [-0.006457744644711811, -0.005201482260493413, 0.022550135439460592]], "chi2_level": 0.997, "chi2_df": 3, "chi2_threshold": 13.931422665512084, "N_raw": 67, "N_roi": 67, "N_inlier": 66, "refit": true}
{"timestamp": "17:06:04.267090", "frame": 29, "mu": [0.8416553507948175, 1.0792095771678225, 1.3134861958706252], "Sigma": [[0.013416844426514817, -0.007799349399144567, -0.011726073829395405], [-0.007799349399144567, 0.005644396367968655, 0.0028508348048005877], [-0.011726073829395403, 0.0028508348048005877, 0.03542043332829215]], "chi2_level": 0.997, "chi2_df": 3, "chi2_threshold": 13.931422665512084, "N_raw": 22, "N_roi": 22, "N_inlier": 21, "refit": true}
{"timestamp": "17:06:04.321948", "frame": 30, "mu": [0.8357061447617109, 1.0537147418521164, 0.7617783277751372], "Sigma": [[0.0035798878096598564, -0.0019610579359972046, 0.0010018881996804961], [-0.0019610579359972046, 0.010372980882338088, 0.04102027018575703], [0.0010018881996804964, 0.04102027018575703, 0.4393575663304087]], "chi2_level": 0.997, "chi2_df": 3, "chi2_threshold": 13.931422665512084, "N_raw": 12, "N_roi": 12, "N_inlier": 12, "refit": true}
{"timestamp": "17:06:04.375051", "frame": 31, "mu": [0.8688904589571966, 0.9925141296072101, 1.0526830249554238], "Sigma": [[0.016216019146729207, -0.011049316574170439, -0.0340165006849935], [-0.011049316574170437, 0.010358455025301493, 0.02591123762196834], [-0.0340165006849935, 0.02591123762196835, 0.0859427508716448]], "chi2_level": 0.997, "chi2_df": 3, "chi2_threshold": 13.931422665512084, "N_raw": 14, "N_roi": 14, "N_inlier": 14, "refit": true}
{"timestamp": "17:06:04.433639", "frame": 32, "mu": [0.7720105397858303, 1.028368236732162, 1.359343568457642], "Sigma": [[0.01107325611701498, -0.004453439984105755, -0.009625240156873372], [-0.004453439984105757, 0.006939537594466565, -0.0014816667631680155], [-0.009625240156873374, -0.001481666763168016, 0.016382178819521715]], "chi2_level": 0.997, "chi2_df": 3, "chi2_threshold": 13.931422665512084, "N_raw": 42, "N_roi": 42, "N_inlier": 39, "refit": true}
{"timestamp": "17:06:04.493543", "frame": 33, "mu": [0.6794072834261168, 1.069486033212307, 1.380252480183492], "Sigma": [[0.004611139334810439, -0.0002527580459221617, -0.007998758239677148], [-0.00025275804592216164, 0.005076818504933397, -0.004315380279665021], [-0.007998758239677146, -0.004315380279665021, 0.06865110622245399]], "chi2_level": 0.997, "chi2_df": 3, "chi2_threshold": 13.931422665512084, "N_raw": 76, "N_roi": 76, "N_inlier": 76, "refit": true}
{"timestamp": "17:06:04.547225", "frame": 34, "mu": [0.6414980277358436, 1.0314018612240288, 1.4695126441557345], "Sigma": [[0.003903898128872141, -0.0007503532078408135, -0.001095375526259287], [-0.0007503532078408139, 0.0054750739895110135, -0.0035657487015143823], [-0.001095375526259287, -0.003565748701514382, 0.010319853558012671]], "chi2_level": 0.997, "chi2_df": 3, "chi2_threshold": 13.931422665512084, "N_raw": 59, "N_roi": 59, "N_inlier": 55, "refit": true}
{"timestamp": "17:06:04.602431", "frame": 35, "mu": [0.606299278343448, 1.0338794216750085, 1.4374316543248695], "Sigma": [[0.004086612626131642, -1.126812131312193e-05, -0.0067717449429890355], [-1.1268121313121916e-05, 0.0031524267211751806, -0.00206809942152216], [-0.0067717449429890355, -0.00206809942152216, 0.02488843904261264]], "chi2_level": 0.997, "chi2_df": 3, "chi2_threshold": 13.931422665512084, "N_raw": 50, "N_roi": 50, "N_inlier": 47, "refit": true}
{"timestamp": "17:06:04.664832", "frame": 36, "mu": [0.6164195025466215, 1.0271772606364136, 1.3725141736416593], "Sigma": [[0.0060265517729043, 0.00011407765523436064, -0.00852057722445749], [0.00011407765523436056, 0.0038162387821105877, -0.004169760916308133], [-0.00852057722445749, -0.004169760916308134, 0.03603739187818554]], "chi2_level": 0.997, "chi2_df": 3, "chi2_threshold": 13.931422665512084, "N_raw": 91, "N_roi": 91, "N_inlier": 86, "refit": true}
{"timestamp": "17:06:04.716746", "frame": 37, "mu": [0.5036233956611651, 1.1200432619262002, 1.2945165332129336], "Sigma": [[0.013499197153827565, -0.017828801264252757, 0.011594614643439638], [-0.017828801264252757, 0.03229049814315242, -0.02756023923505322], [0.011594614643439638, -0.02756023923505322, 0.03185057175926424]], "chi2_level": 0.997, "chi2_df": 3, "chi2_threshold": 13.931422665512084, "N_raw": 85, "N_roi": 85, "N_inlier": 80, "refit": true}
{"timestamp": "17:06:04.761112", "frame": 38, "mu": [0.4764201132327905, 1.1232002777484174, 0.9649543743891693], "Sigma": [[0.014788649660224801, -0.013849210677858487, 0.01871502319669564], [-0.013849210677858485, 0.02326323030637082, 0.006380045115450334], [0.01871502319669564, 0.0063800451154503324, 0.23424764995607003]], "chi2_level": 0.997, "chi2_df": 3, "chi2_threshold": 13.931422665512084, "N_raw": 16, "N_roi": 16, "N_inlier": 16, "refit": true}
{"timestamp": "17:06:04.817673", "frame": 39, "mu": [0.4965274570351195, 1.0158477606013385, 0.8879400568309493], "Sigma": [[0.012134641642679642, -0.00261037064363585, -0.07290955331368384], [-0.0026103706436358502, 0.0026661544566964094, 0.015104203579195449], [-0.07290955331368384, 0.015104203579195452, 0.5794088710196328]], "chi2_level": 0.997, "chi2_df": 3, "chi2_threshold": 13.931422665512084, "N_raw": 34, "N_roi": 34, "N_inlier": 34, "refit": true}
{"timestamp": "17:06:04.882670", "frame": 40, "mu": [0.420673350248002, 1.0987179922981554, -0.0027113854429303688], "Sigma": [[0.01638690400098931, -0.008356793795932606, 0.09750968059629422], [-0.008356793795932604, 0.012276185199811778, -0.06409724217292272], [0.09750968059629421, -0.06409724217292272, 0.7069937637264135]], "chi2_level": 0.997, "chi2_df": 3, "chi2_threshold": 13.931422665512084, "N_raw": 99, "N_roi": 99, "N_inlier": 99, "refit": true}
{"timestamp": "17:06:04.934904", "frame": 41, "mu": [0.3412849632339162, 1.107128995555352, 1.2135003674755054], "Sigma": [[0.0033421619755549907, -0.0017585918776342766, -0.00040250464912901056], [-0.0017585918776342766, 0.010680673598510649, -0.022645101988867815], [-0.0004025046491290105, -0.022645101988867815, 0.06654876998849749]], "chi2_level": 0.997, "chi2_df": 3, "chi2_threshold": 13.931422665512084, "N_raw": 75, "N_roi": 75, "N_inlier": 71, "refit": true}
{"timestamp": "17:06:04.986445", "frame": 42, "mu": [0.3538750527137687, 1.0265373218093916, 1.412406411428272], "Sigma": [[0.004122370168722556, 0.00022771409454174816, -0.00355480742533598], [0.0002277140945417482, 0.002769990577882769, -0.002066930661532367], [-0.00355480742533598, -0.002066930661532367, 0.006283436604364642]], "chi2_level": 0.997, "chi2_df": 3, "chi2_threshold": 13.931422665512084, "N_raw": 62, "N_roi": 62, "N_inlier": 58, "refit": true}
{"timestamp": "17:06:05.041179", "frame": 43, "mu": [0.4195667314722915, 0.9645278961777259, 1.2354596701200924], "Sigma": [[0.004614448228014808, -0.005789473178528707, 0.0006329625172782924], [-0.005789473178528707, 0.010742411053972776, -0.003211110106165164], [0.0006329625172782924, -0.003211110106165164, 0.005113648453162439]], "chi2_level": 0.997, "chi2_df": 3, "chi2_threshold": 13.931422665512084, "N_raw": 63, "N_roi": 63, "N_inlier": 59, "refit": true}
{"timestamp": "17:06:05.092334", "frame": 44, "mu": [0.32947002050017726, 0.9976563790641257, 1.1622338341684508], "Sigma": [[0.04203687616096605, -0.04671253896574761, 0.010593810146932219], [-0.04671253896574761, 0.055150033115124744, -0.0132996182405933], [0.01059381014693222, -0.013299618240593301, 0.003947454023522654]], "chi2_level": 0.997, "chi2_df": 3, "chi2_threshold": 13.931422665512084, "N_raw": 29, "N_roi": 29, "N_inlier": 28, "refit": true}
{"timestamp": "17:06:05.164252", "frame": 45, "mu": [0.22817473009857064, 1.0646610556491019, 1.3165661946985536], "Sigma": [[0.005171925970899043, -0.0025789479996414684, -0.0017789726605360735], [-0.0025789479996414684, 0.008471271781558532, -0.011186406102930434], [-0.0017789726605360735, -0.011186406102930434, 0.042646162561282557]], "chi2_level": 0.997, "chi2_df": 3, "chi2_threshold": 13.931422665512084, "N_raw": 150, "N_roi": 150, "N_inlier": 149, "refit": true}
{"timestamp": "17:06:05.207715", "frame": 46, "mu": [0.15542110371462067, 0.8442638257636099, 0.8732080695025473], "Sigma": [[0.008694508367249913, -0.025881895934558218, -0.06610104667929803], [-0.025881895934558218, 0.11581044668244445, 0.29011128270715747], [-0.06610104667929803, 0.2901112827071575, 0.7581378224842664]], "chi2_level": 0.997, "chi2_df": 3, "chi2_threshold": 13.931422665512084, "N_raw": 64, "N_roi": 63, "N_inlier": 62, "refit": true}
{"timestamp": "17:06:05.259759", "frame": 47, "mu": [0.2649235343580767, 0.8303704125678286, 1.1155134810408258], "Sigma": [[0.016270547814350587, -0.009974132262693596, -0.01801037005919652], [-0.009974132262693596, 0.061599748382432776, 0.14801870249183752], [-0.01801037005919652, 0.14801870249183752, 0.3752381339453902]], "chi2_level": 0.997, "chi2_df": 3, "chi2_threshold": 13.931422665512084, "N_raw": 50, "N_roi": 50, "N_inlier": 49, "refit": true}
{"timestamp": "17:06:05.317267", "frame": 48, "mu": [0.06549035629194822, 1.110225902493668, 1.5582449192933996], "Sigma": [[0.03625159772634536, -0.020207062923835437, 0.03883358168233947], [-0.020207062923835437, 0.06197997467176405, 0.1799591806306094], [0.03883358168233947, 0.1799591806306094, 0.8949389678683976]], "chi2_level": 0.997, "chi2_df": 3, "chi2_threshold": 13.931422665512084, "N_raw": 68, "N_roi": 68, "N_inlier": 68, "refit": true}
{"timestamp": "17:06:05.366461", "frame": 49, "mu": [0.03545018438308176, 1.0466497547191391, 1.1867547589311398], "Sigma": [[0.002804252199648505, -0.0028392358664861258, -0.0024606814187994315], [-0.0028392358664861253, 0.008487886310115333, -0.011009231011508285], [-0.0024606814187994315, -0.011009231011508283, 0.15307551235487674]], "chi2_level": 0.997, "chi2_df": 3, "chi2_threshold": 13.931422665512084, "N_raw": 21, "N_roi": 21, "N_inlier": 21, "refit": true}
{"timestamp": "17:06:05.422589", "frame": 50, "mu": [-0.1185176740960854, 1.3014430237580072, -0.5527302215706963], "Sigma": [[0.007724580647855348, -0.007499573200679132, 0.010205398964333636], [-0.007499573200679132, 0.013582957838836762, -0.015544013375198118], [0.010205398964333635, -0.015544013375198118, 0.02543075762980173]], "chi2_level": 0.997, "chi2_df": 3, "chi2_threshold": 13.931422665512084, "N_raw": 29, "N_roi": 29, "N_inlier": 26, "refit": true}
{"timestamp": "17:06:05.476056", "frame": 51, "mu": [-0.054294021427588886, 1.0476386309917383, 0.9942437983606247], "Sigma": [[0.014073125872424356, -0.02031040538674154, -0.021036818948930083], [-0.020310405386741545, 0.034362235515980104, 0.015514031915166256], [-0.021036818948930083, 0.015514031915166255, 0.17148390238817887]], "chi2_level": 0.997, "chi2_df": 3, "chi2_threshold": 13.931422665512084, "N_raw": 24, "N_roi": 24, "N_inlier": 23, "refit": true}
{"timestamp": "17:06:05.538447", "frame": 52, "mu": [0.06338453757572758, 1.0227687569756205, -0.5524735582471668], "Sigma": [[0.015236589452720843, -0.012602905621141237, 0.006420607621469652], [-0.012602905621141237, 0.015720847698093853, -0.007998703177520737], [0.006420607621469652, -0.007998703177520737, 0.008618056355222928]], "chi2_level": 0.997, "chi2_df": 3, "chi2_threshold": 13.931422665512084, "N_raw": 82, "N_roi": 82, "N_inlier": 78, "refit": true}
{"timestamp": "17:06:05.595719", "frame": 53, "mu": [-0.06770662716559989, 0.9347074981407878, 1.1934778829709494], "Sigma": [[0.014447124063761916, -0.01218532975656898, 0.01664559531398656], [-0.01218532975656898, 0.014800505345480932, -0.013683704909909705], [0.01664559531398656, -0.013683704909909705, 0.03628237350239194]], "chi2_level": 0.997, "chi2_df": 3, "chi2_threshold": 13.931422665512084, "N_raw": 91, "N_roi": 91, "N_inlier": 91, "refit": true}
{"timestamp": "17:06:05.655493", "frame": 54, "mu": [-0.12749285934099971, 1.0489013348468157, -0.3880719162204459], "Sigma": [[0.010214663911268396, -0.006635614453395257, -0.0038280386019628335], [-0.006635614453395257, 0.013472782114625492, -0.012603275491742151], [-0.003828038601962833, -0.01260327549174215, 0.03345811651598668]], "chi2_level": 0.997, "chi2_df": 3, "chi2_threshold": 13.931422665512084, "N_raw": 118, "N_roi": 118, "N_inlier": 117, "refit": true}
{"timestamp": "17:06:05.700694", "frame": 55, "mu": [-0.15503580055012278, 0.9524378141908539, 1.341742878927698], "Sigma": [[0.004555436301517806, -0.0034040634437456484, 0.0038232729982372766], [-0.0034040634437456484, 0.0033957647011565333, -0.005382743871495484], [0.0038232729982372766, -0.005382743871495484, 0.016377667003708143]], "chi2_level": 0.997, "chi2_df": 3, "chi2_threshold": 13.931422665512084, "N_raw": 45, "N_roi": 45, "N_inlier": 44, "refit": true}
{"timestamp": "17:06:05.763341", "frame": 56, "mu": [-0.2773113612825409, 0.9661164611474641, 1.3861857658124361], "Sigma": [[0.005208486149392182, -0.0034131331634819446, 0.006450313504680111], [-0.0034131331634819437, 0.007712129582069449, -0.017026807607713662], [0.006450313504680111, -0.017026807607713662, 0.04885216263555486]], "chi2_level": 0.997, "chi2_df": 3, "chi2_threshold": 13.931422665512084, "N_raw": 107, "N_roi": 107, "N_inlier": 107, "refit": true}
{"timestamp": "17:06:05.817458", "frame": 57, "mu": [-0.24271164711421567, 0.9525050744575895, 0.20665979803741688], "Sigma": [[0.0061177362427621545, -0.004640427669589086, 0.03826255161252768], [-0.004640427669589086, 0.008506284292096433, -0.04439424964172966], [0.03826255161252769, -0.04439424964172966, 0.46762140480874864]], "chi2_level": 0.997, "chi2_df": 3, "chi2_threshold": 13.931422665512084, "N_raw": 95, "N_roi": 95, "N_inlier": 95, "refit": true}
{"timestamp": "17:06:05.866582", "frame": 58, "mu": [-0.24503098041114071, 0.8443635011689258, 1.4232493527029904], "Sigma": [[0.002155453408192394, -0.0039141905302828555, -0.004073032362543878], [-0.0039141905302828555, 0.01642040149477912, 0.008908981492137098], [-0.004073032362543878, 0.008908981492137098, 0.012168353968640444]], "chi2_level": 0.997, "chi2_df": 3, "chi2_threshold": 13.931422665512084, "N_raw": 65, "N_roi": 65, "N_inlier": 65, "refit": true}
{"timestamp": "17:06:05.931102", "frame": 59, "mu": [-0.266746352279986, 0.8665214385063993, 1.3801461473640546], "Sigma": [[0.004655774806231436, -0.005264920932023373, -0.005304946983045897], [-0.005264920932023373, 0.01039377507043691, 0.003176816140383315], [-0.005304946983045898, 0.003176816140383315, 0.009533936103908527]], "chi2_level": 0.997, "chi2_df": 3, "chi2_threshold": 13.931422665512084, "N_raw": 103, "N_roi": 101, "N_inlier": 96, "refit": true}
{"timestamp": "17:06:05.981679", "frame": 60, "mu": [-0.3367496622904076, 0.9053220841718357, 1.3112677502368226], "Sigma": [[0.0041742909286790865, -0.004597573531694749, -0.005760234446498228], [-0.00459757353169475, 0.00959085431260477, 2.097490248074811e-05], [-0.005760234446498227, 2.097490248074833e-05, 0.16191855177557232]], "chi2_level": 0.997, "chi2_df": 3, "chi2_threshold": 13.931422665512084, "N_raw": 98, "N_roi": 98, "N_inlier": 98, "refit": true}
{"timestamp": "17:06:06.039972", "frame": 61, "mu": [-0.3920899243098759, 0.9855196542690416, -0.36530120781974945], "Sigma": [[0.009789267376153729, -0.003909967177155213, -0.010410973211124993], [-0.0039099671771552135, 0.009143441280343063, 0.007182568502855488], [-0.010410973211124993, 0.007182568502855488, 0.02389788015767648]], "chi2_level": 0.997, "chi2_df": 3, "chi2_threshold": 13.931422665512084, "N_raw": 123, "N_roi": 122, "N_inlier": 120, "refit": true}
{"timestamp": "17:06:06.088437", "frame": 62, "mu": [-0.40158606641618894, 0.9685782508230721, -0.4567312309163599], "Sigma": [[0.003565550716023753, -0.002663879245593335, 9.797013695086407e-06], [-0.0026638792455933344, 0.013150105679427279, 0.005386272375050721], [9.797013695086462e-06, 0.005386272375050721, 0.005715675530951712]], "chi2_level": 0.997, "chi2_df": 3, "chi2_threshold": 13.931422665512084, "N_raw": 74, "N_roi": 74, "N_inlier": 71, "refit": true}
{"timestamp": "17:06:06.144280", "frame": 63, "mu": [-0.548166436285842, 0.9630557816871349, 1.5240797811468332], "Sigma": [[0.00484410522435273, -0.0023952886510265744, -0.00237473378295564], [-0.0023952886510265744, 0.004575938680414831, -0.002309766496345563], [-0.00237473378295564, -0.002309766496345563, 0.008590605095811615]], "chi2_level": 0.997, "chi2_df": 3, "chi2_threshold": 13.931422665512084, "N_raw": 82, "N_roi": 82, "N_inlier": 79, "refit": true}
{"timestamp": "17:06:06.197456", "frame": 64, "mu": [-0.5579943726136444, 0.9398072974174373, 1.4722963149490678], "Sigma": [[0.0055554065345101685, -0.006464112633277898, -0.006562872334082783], [-0.006464112633277898, 0.014153240388221968, 0.010399211969836545], [-0.006562872334082784, 0.010399211969836545, 0.02203792340405164]], "chi2_level": 0.997, "chi2_df": 3, "chi2_threshold": 13.931422665512084, "N_raw": 66, "N_roi": 66, "N_inlier": 62, "refit": true}
{"timestamp": "17:06:06.253200", "frame": 65, "mu": [-0.5842397560587459, 0.967140082177757, 1.4361220567248367], "Sigma": [[0.005913925366964628, -0.006199843894627638, -0.007462903581776043], [-0.006199843894627638, 0.011858612050947097, 0.006612346016810623], [-0.007462903581776043, 0.006612346016810623, 0.016662584683425526]], "chi2_level": 0.997, "chi2_df": 3, "chi2_threshold": 13.931422665512084, "N_raw": 76, "N_roi": 76, "N_inlier": 73, "refit": true}
{"timestamp": "17:06:06.307573", "frame": 66, "mu": [-0.6489119579505982, 0.9946060602428699, 1.5321662249948491], "Sigma": [[0.00639194191765029, -0.00549350857579973, -0.006626791812501443], [-0.00549350857579973, 0.010063635935978999, 0.004887584730643671], [-0.006626791812501443, 0.004887584730643671, 0.008629071308206225]], "chi2_level": 0.997, "chi2_df": 3, "chi2_threshold": 13.931422665512084, "N_raw": 73, "N_roi": 73, "N_inlier": 69, "refit": true}
{"timestamp": "17:06:06.361697", "frame": 67, "mu": [-0.6386960278166947, 1.059603960810592, -0.3259360757146683], "Sigma": [[0.00566624685757515, -0.003615217848259748, -0.003448628691390469], [-0.0036152178482597485, 0.008102896695647807, 0.004699302700350489], [-0.003448628691390469, 0.004699302700350489, 0.005894517622955679]], "chi2_level": 0.997, "chi2_df": 3, "chi2_threshold": 13.931422665512084, "N_raw": 63, "N_roi": 63, "N_inlier": 61, "refit": true}
{"timestamp": "17:06:06.416171", "frame": 68, "mu": [-0.7390984941735622, 1.1133819992871075, -0.19570256555806018], "Sigma": [[0.005140962256433258, -0.001017574056475441, -0.0021156427345331514], [-0.001017574056475441, 0.003768621193792192, -0.0010870832535092155], [-0.0021156427345331514, -0.0010870832535092155, 0.0025402988332299307]], "chi2_level": 0.997, "chi2_df": 3, "chi2_threshold": 13.931422665512084, "N_raw": 59, "N_roi": 59, "N_inlier": 55, "refit": true}
{"timestamp": "17:06:06.472517", "frame": 69, "mu": [-0.7868910808396072, 1.036112156973283, 1.5933085338282817], "Sigma": [[0.013534345763690862, 0.003866681330122468, -0.008124499675944242], [0.003866681330122468, 0.008825956907864514, -0.0026955615439889693], [-0.008124499675944242, -0.0026955615439889693, 0.009156740294409537]], "chi2_level": 0.997, "chi2_df": 3, "chi2_threshold": 13.931422665512084, "N_raw": 66, "N_roi": 66, "N_inlier": 64, "refit": true}
{"timestamp": "17:06:06.521231", "frame": 70, "mu": [-1.0407354288791242, 0.8553877992067723, 1.6736171287686752], "Sigma": [[0.03868154745152776, 0.009964135425934904, -0.03179978044353722], [0.009964135425934903, 0.010324132451650812, -0.00940942744465928], [-0.03179978044353722, -0.00940942744465928, 0.03596157617047476]], "chi2_level": 0.997, "chi2_df": 3, "chi2_threshold": 13.931422665512084, "N_raw": 24, "N_roi": 24, "N_inlier": 23, "refit": true}
{"timestamp": "17:06:06.573850", "frame": 71, "mu": [-0.8796494009927618, 0.9834721162114259, 1.5084517896285745], "Sigma": [[0.03432795037079855, 0.007394471594085659, -0.045159621644949285], [0.007394471594085659, 0.018268143395357976, -0.01425565397865239], [-0.045159621644949285, -0.014255653978652392, 0.08308758304942004]], "chi2_level": 0.997, "chi2_df": 3, "chi2_threshold": 13.931422665512084, "N_raw": 14, "N_roi": 14, "N_inlier": 14, "refit": true}
{"timestamp": "17:06:06.630068", "frame": 72, "mu": [-0.8783144463491924, 0.87654523264288, 1.35357764366106], "Sigma": [[0.028350576595502434, -0.0027024245418937774, -0.03784159427303091], [-0.002702424541893778, 0.0031680449808921423, 0.0023178621437521672], [-0.03784159427303092, 0.0023178621437521664, 0.07194438019056555]], "chi2_level": 0.997, "chi2_df": 3, "chi2_threshold": 13.931422665512084, "N_raw": 26, "N_roi": 26, "N_inlier": 23, "refit": true}
{"timestamp": "17:06:06.692896", "frame": 73, "mu": [-0.985684109320565, 0.9329673712002716, 1.5122672124285954], "Sigma": [[0.02668266531515442, 0.004721290443804961, -0.023553429514810913], [0.004721290443804961, 0.010158109146303945, -0.003939839503192007], [-0.02355342951481091, -0.003939839503192007, 0.02319465308159809]], "chi2_level": 0.997, "chi2_df": 3, "chi2_threshold": 13.931422665512084, "N_raw": 77, "N_roi": 76, "N_inlier": 75, "refit": true}
{"timestamp": "17:06:06.750325", "frame": 74, "mu": [-1.1274221568849407, 0.962451388422448, 1.6886771526162943], "Sigma": [[0.018433475535242647, 0.008660930588312871, -0.011872372234883693], [0.008660930588312871, 0.013297301437273881, -0.005304552969258602], [-0.011872372234883691, -0.005304552969258602, 0.012485856709632594]], "chi2_level": 0.997, "chi2_df": 3, "chi2_threshold": 13.931422665512084, "N_raw": 89, "N_roi": 89, "N_inlier": 86, "refit": true}
{"timestamp": "17:06:06.808351", "frame": 75, "mu": [-1.103709808237598, 0.9013770355043567, 1.5083811411846777], "Sigma": [[0.021522038707630555, 0.008749652617152992, -0.016816931868771808], [0.008749652617152992, 0.020079884870554038, -0.0022019134770821193], [-0.01681693186877181, -0.0022019134770821193, 0.016905064163863604]], "chi2_level": 0.997, "chi2_df": 3, "chi2_threshold": 13.931422665512084, "N_raw": 103, "N_roi": 103, "N_inlier": 102, "refit": true}
{"timestamp": "17:06:06.865473", "frame": 76, "mu": [-1.130807593666583, 0.8834472643218375, 1.5150132818723645], "Sigma": [[0.02312128969143194, 0.004274325298224432, -0.0179047440770952], [0.004274325298224432, 0.01819104473776542, 0.005127847341655482], [-0.0179047440770952, 0.005127847341655482, 0.022963551300485475]], "chi2_level": 0.997, "chi2_df": 3, "chi2_threshold": 13.931422665512084, "N_raw": 116, "N_roi": 116, "N_inlier": 114, "refit": true}
{"timestamp": "17:06:06.915353", "frame": 77, "mu": [-1.1697264610285139, 0.8071723174515708, 1.4600929843725003], "Sigma": [[0.017457818162991183, 0.007225956935562962, -0.008741295444583127], [0.007225956935562963, 0.012701363400276925, -0.0035817107856955617], [-0.008741295444583129, -0.0035817107856955617, 0.007565768480498008]], "chi2_level": 0.997, "chi2_df": 3, "chi2_threshold": 13.931422665512084, "N_raw": 81, "N_roi": 81, "N_inlier": 80, "refit": true}
{"timestamp": "17:06:06.966654", "frame": 78, "mu": [-1.2444545359658612, 0.7939916859716012, 1.4872790658287656], "Sigma": [[0.01405909428053718, 0.004094861239988708, -0.013422099792960104], [0.004094861239988708, 0.026778398215554035, 0.010008362512333668], [-0.013422099792960105, 0.01000836251233367, 0.027375760417653924]], "chi2_level": 0.997, "chi2_df": 3, "chi2_threshold": 13.931422665512084, "N_raw": 59, "N_roi": 59, "N_inlier": 56, "refit": true}
{"timestamp": "17:06:07.026259", "frame": 79, "mu": [-1.195748393301211, 0.9148239171000758, 1.3010310520521495], "Sigma": [[0.026472979864515283, 0.019331764502560824, -0.060722775669737425], [0.019331764502560828, 0.029895835072568343, -0.0558431352833889], [-0.060722775669737425, -0.0558431352833889, 0.1777270715818301]], "chi2_level": 0.997, "chi2_df": 3, "chi2_threshold": 13.931422665512084, "N_raw": 98, "N_roi": 98, "N_inlier": 98, "refit": true}
{"timestamp": "17:06:07.087537", "frame": 80, "mu": [-1.224395718335757, 1.07681710307457, -0.4434384123919288], "Sigma": [[0.026672888056899692, 0.02885951382953723, -0.03958025324207824], [0.02885951382953723, 0.06246702005101252, -0.07314603483569143], [-0.03958025324207824, -0.07314603483569143, 0.12986697496651775]], "chi2_level": 0.997, "chi2_df": 3, "chi2_threshold": 13.931422665512084, "N_raw": 136, "N_roi": 136, "N_inlier": 134, "refit": true}
{"timestamp": "17:06:07.143159", "frame": 81, "mu": [-1.2501474509073012, 0.9809961849169156, 0.2267726681933608], "Sigma": [[0.03001728434442206, 0.019325577155734124, 0.07357402405223068], [0.019325577155734124, 0.030538263980403425, 0.062430211974000886], [0.07357402405223068, 0.062430211974000886, 0.6119107857544077]], "chi2_level": 0.997, "chi2_df": 3, "chi2_threshold": 13.931422665512084, "N_raw": 140, "N_roi": 140, "N_inlier": 140, "refit": true}
{"timestamp": "17:06:07.192903", "frame": 82, "mu": [-1.2500259619697942, 1.2832370894518788, -0.6852434723482185], "Sigma": [[0.02594302630229583, 0.046278792743356514, -0.05799099560236086], [0.046278792743356514, 0.117889050638817, -0.13905471680540366], [-0.05799099560236086, -0.13905471680540363, 0.186555895217734]], "chi2_level": 0.997, "chi2_df": 3, "chi2_threshold": 13.931422665512084, "N_raw": 98, "N_roi": 98, "N_inlier": 97, "refit": true}
{"timestamp": "17:06:07.246975", "frame": 83, "mu": [-1.3066228127922328, 0.9488393027828467, 1.1904200916685095], "Sigma": [[0.023530183107657598, 0.02261799862397828, -0.0264373105769434], [0.02261799862397828, 0.03693434109106419, -0.05022751202732238], [-0.0264373105769434, -0.05022751202732238, 0.14023070335537102]], "chi2_level": 0.997, "chi2_df": 3, "chi2_threshold": 13.931422665512084, "N_raw": 97, "N_roi": 97, "N_inlier": 96, "refit": true}
{"timestamp": "17:06:07.301131", "frame": 84, "mu": [-1.3773585449361296, 0.9102193836528267, 1.3987347748733543], "Sigma": [[0.016124193763735008, 0.0082445324081332, -0.006628647741674258], [0.0082445324081332, 0.020453476476764668, -0.002283364988782232], [-0.006628647741674257, -0.002283364988782232, 0.008261202868505846]], "chi2_level": 0.997, "chi2_df": 3, "chi2_threshold": 13.931422665512084, "N_raw": 99, "N_roi": 99, "N_inlier": 99, "refit": true}
{"timestamp": "17:06:07.359667", "frame": 85, "mu": [-1.4059152563415716, 1.0474486851573275, -0.330796883216252], "Sigma": [[0.020220146470123518, 0.010586542424329637, -0.006163705537139588], [0.010586542424329637, 0.020681641346655996, -0.0003668832038383514], [-0.006163705537139588, -0.00036688320383835123, 0.005480366560905124]], "chi2_level": 0.997, "chi2_df": 3, "chi2_threshold": 13.931422665512084, "N_raw": 110, "N_roi": 110, "N_inlier": 108, "refit": true}
{"timestamp": "17:06:07.415096", "frame": 86, "mu": [-1.3531388030906069, 1.1806930153656698, -0.26491557904203167], "Sigma": [[0.02076978220585663, 0.011538483638982005, -0.006729713714300582], [0.011538483638982005, 0.01764223788265809, -0.004982329023175259], [-0.006729713714300582, -0.004982329023175258, 0.0033435670798323317]], "chi2_level": 0.997, "chi2_df": 3, "chi2_threshold": 13.931422665512084, "N_raw": 114, "N_roi": 114, "N_inlier": 112, "refit": true}
{"timestamp": "17:06:07.468218", "frame": 87, "mu": [-1.384658681085123, 1.2118693528911513, -0.3607395350625434], "Sigma": [[0.01565730606875232, 0.009609113805125458, -0.0008119636807007785], [0.009609113805125458, 0.014496422892728606, -0.008463431948251755], [-0.0008119636807007785, -0.008463431948251755, 0.008793951223582001]], "chi2_level": 0.997, "chi2_df": 3, "chi2_threshold": 13.931422665512084, "N_raw": 102, "N_roi": 102, "N_inlier": 102, "refit": true}
