{"timestamp": "16:13:56.953925", "frame": 19, "mu": [0.17909742961349942, 0.16432272021910732, 1.3336444077855985], "Sigma": [[0.23824120383180925, -0.033126135714976065, 0.16292007640190534], [-0.033126135714976065, 0.021911543927205825, -0.06251313682218027], [0.1629200764019053, -0.06251313682218027, 0.20756007612196836]], "chi2_level": 0.997, "chi2_df": 3, "chi2_threshold": 13.931422665512084, "N_raw": 13, "N_roi": 13, "N_inlier": 13, "refit": true}
{"timestamp": "16:13:57.009775", "frame": 20, "mu": [-0.38995610601274067, 0.13377865802128366, 1.3976593883949229], "Sigma": [[0.09745233245316387, -0.002469208861152617, 0.029907031847442592], [-0.002469208861152617, 0.0018332025647848711, -0.013280193934258524], [0.029907031847442592, -0.013280193934258522, 0.20640504595191841]], "chi2_level": 0.997, "chi2_df": 3, "chi2_threshold": 13.931422665512084, "N_raw": 21, "N_roi": 21, "N_inlier": 21, "refit": true}
{"timestamp": "16:13:57.067136", "frame": 21, "mu": [-0.3938384468324105, 0.1411620390982251, 1.5979093805728175], "Sigma": [[0.15338619520058508, -0.0015377007142591066, 0.0012940604844452592], [-0.0015377007142591069, 0.000966951673733125, -0.0007380886110618152], [0.0012940604844452587, -0.0007380886110618153, 0.0032708519662584456]], "chi2_level": 0.997, "chi2_df": 3, "chi2_threshold": 13.931422665512084, "N_raw": 31, "N_roi": 31, "N_inlier": 30, "refit": true}
{"timestamp": "16:13:57.122477", "frame": 22, "mu": [-0.5057867098894676, 0.21121021318359035, 1.5745257486168711], "Sigma": [[0.005081813955718192, 0.001656053230512673, -0.004814645526117081], [0.001656053230512673, 0.0016456671633588102, -0.003451462838196532], [-0.0048146455261170815, -0.003451462838196532, 0.016357935101823654]], "chi2_level": 0.997, "chi2_df": 3, "chi2_threshold": 13.931422665512084, "N_raw": 31, "N_roi": 31, "N_inlier": 29, "refit": true}
{"timestamp": "16:13:57.180513", "frame": 23, "mu": [-0.43977772543142124, 0.339160085908184, 1.471782269398082], "Sigma": [[0.0009348810321638767, -0.00038067186324309513, 2.157671543525139e-05], [-0.0003806718632430952, 0.0010555808846125388, -0.0014549565207448716], [2.1576715435251336e-05, -0.0014549565207448716, 0.0031740874173453743]], "chi2_level": 0.997, "chi2_df": 3, "chi2_threshold": 13.931422665512084, "N_raw": 39, "N_roi": 39, "N_inlier": 38, "refit": true}
{"timestamp": "16:13:57.238183", "frame": 24, "mu": [-0.5800300404961292, 0.3006142341136552, 1.6328676225870238], "Sigma": [[0.004823484310447817, 7.179137574183536e-05, -0.0016119958879631587], [7.179137574183544e-05, 0.0031266605872141114, -0.0011263387794452698], [-0.001611995887963159, -0.0011263387794452698, 0.0019316056868804656]], "chi2_level": 0.997, "chi2_df": 3, "chi2_threshold": 13.931422665512084, "N_raw": 61, "N_roi": 61, "N_inlier": 59, "refit": true}
{"timestamp": "16:13:57.289329", "frame": 25, "mu": [-0.5848453587939068, 0.3343870421708647, 1.6440218841056238], "Sigma": [[0.007620310109266023, 0.0013265999823816295, -0.0072667704211597794], [0.0013265999823816295, 0.0016937436426793732, -0.0031256613764052404], [-0.0072667704211597794, -0.00312566137640524, 0.012525560120337065]], "chi2_level": 0.997, "chi2_df": 3, "chi2_threshold": 13.931422665512084, "N_raw": 34, "N_roi": 34, "N_inlier": 32, "refit": true}
{"timestamp": "16:13:57.346710", "frame": 26, "mu": [-0.4867405970295532, 0.38262392251205446, 1.514810166210246], "Sigma": [[0.01372506178051327, -0.002571328888089054, -0.01763715058415411], [-0.002571328888089054, 0.0016026367772384188, 0.003600620930196254], [-0.01763715058415411, 0.003600620930196254, 0.030058495657193963]], "chi2_level": 0.997, "chi2_df": 3, "chi2_threshold": 13.931422665512084, "N_raw": 58, "N_roi": 58, "N_inlier": 58, "refit": true}
{"timestamp": "16:13:57.404934", "frame": 27, "mu": [-0.47394177478456345, 0.4241307280901928, 1.520410854308991], "Sigma": [[0.024067244895414563, 0.000979533524506296, -0.02473422467753285], [0.000979533524506296, 0.0015869604096634667, -0.0031460579249396846], [-0.02473422467753285, -0.003146057924939684, 0.029507930989446082]], "chi2_level": 0.997, "chi2_df": 3, "chi2_threshold": 13.931422665512084, "N_raw": 67, "N_roi": 67, "N_inlier": 65, "refit": true}
{"timestamp": "16:13:57.462165", "frame": 28, "mu": [-0.4550418190962665, 0.5042027386236222, 1.4127917865645965], "Sigma": [[0.007196355084168997, 0.00016852947947674707, -0.008112617484694003], [0.0001685294794767472, 0.0021287442506846433, -0.003587145441270101], [-0.008112617484694003, -0.003587145441270101, 0.01644708952363179]], "chi2_level": 0.997, "chi2_df": 3, "chi2_threshold": 13.931422665512084, "N_raw": 81, "N_roi": 81, "N_inlier": 80, "refit": true}
{"timestamp": "16:13:57.518782", "frame": 29, "mu": [-0.44701878353835106, 0.538369574564432, 1.3940743538609857], "Sigma": [[0.011442220909788853, 4.511132083690688e-05, -0.010721178139649954], [4.511132083690683e-05, 0.0018887645290611508, -0.003332236749361891], [-0.010721178139649954, -0.0033322367493618904, 0.02123152129205509]], "chi2_level": 0.997, "chi2_df": 3, "chi2_threshold": 13.931422665512084, "N_raw": 96, "N_roi": 96, "N_inlier": 94, "refit": true}
{"timestamp": "16:13:57.573122", "frame": 30, "mu": [-0.5132228703065687, 0.5542289915370024, 1.4779197423047004], "Sigma": [[0.03197772853290347, 0.005191076751881039, -0.0351149223291991], [0.005191076751881039, 0.002691043767413398, -0.008430388661824356], [-0.0351149223291991, -0.008430388661824356, 0.04490918836761369]], "chi2_level": 0.997, "chi2_df": 3, "chi2_threshold": 13.931422665512084, "N_raw": 88, "N_roi": 88, "N_inlier": 87, "refit": true}
{"timestamp": "16:13:57.624794", "frame": 31, "mu": [-0.4667776743231665, 0.6145648296150497, 1.4187720370232964], "Sigma": [[0.03753562716642063, 0.006875833886733454, -0.03190325876947515], [0.006875833886733454, 0.0034529957946035084, -0.008218214402246932], [-0.03190325876947515, -0.008218214402246932, 0.031068982588100987]], "chi2_level": 0.997, "chi2_df": 3, "chi2_threshold": 13.931422665512084, "N_raw": 65, "N_roi": 65, "N_inlier": 64, "refit": true}
{"timestamp": "16:13:57.674753", "frame": 32, "mu": [-0.42872972564154926, 0.6637629508537353, 1.3335509609577048], "Sigma": [[0.0008588149934637276, -0.0004818765815790665, 0.0005470867674882863], [-0.0004818765815790665, 0.0023924245669508072, -0.0026187075695137943], [0.0005470867674882864, -0.0026187075695137943, 0.0034007035413864874]], "chi2_level": 0.997, "chi2_df": 3, "chi2_threshold": 13.931422665512084, "N_raw": 31, "N_roi": 31, "N_inlier": 31, "refit": true}
{"timestamp": "16:13:57.736806", "frame": 33, "mu": [-0.6288769266511797, 0.7249121999010493, 0.02444289193918563], "Sigma": [[0.03470319999556833, 0.01171595242306843, 0.04901812900540267], [0.01171595242306843, 0.01587096907719846, -0.02365365862743509], [0.04901812900540267, -0.02365365862743509, 0.38316983912075736]], "chi2_level": 0.997, "chi2_df": 3, "chi2_threshold": 13.931422665512084, "N_raw": 91, "N_roi": 91, "N_inlier": 91, "refit": true}
{"timestamp": "16:13:57.794384", "frame": 34, "mu": [-0.6179627407216034, 0.7837750670730111, 1.5816715332517326], "Sigma": [[0.022472919606938705, 0.005160623680571814, -0.023871636038441862], [0.005160623680571814, 0.009661882480336894, -0.004293057383390015], [-0.023871636038441862, -0.0042930573833900145, 0.03401458734268056]], "chi2_level": 0.997, "chi2_df": 3, "chi2_threshold": 13.931422665512084, "N_raw": 93, "N_roi": 93, "N_inlier": 92, "refit": true}
{"timestamp": "16:13:57.844821", "frame": 35, "mu": [-0.43643563461518897, 0.823416168915201, 1.1138709071872015], "Sigma": [[0.004049411544262652, -0.0022491355687956813, 0.01610604695838215], [-0.0022491355687956813, 0.002464758715462532, -0.013592555919698214], [0.01610604695838215, -0.013592555919698214, 0.1406785366839106]], "chi2_level": 0.997, "chi2_df": 3, "chi2_threshold": 13.931422665512084, "N_raw": 56, "N_roi": 56, "N_inlier": 55, "refit": true}
{"timestamp": "16:13:57.900672", "frame": 36, "mu": [-0.6174305313137186, 0.880729667521659, 1.47386268863912], "Sigma": [[0.020286437092238197, 0.011910691175166774, -0.026528779464061045], [0.011910691175166774, 0.010711867221923325, -0.025368263099781418], [-0.02652877946406105, -0.025368263099781414, 0.1691834275575598]], "chi2_level": 0.997, "chi2_df": 3, "chi2_threshold": 13.931422665512084, "N_raw": 71, "N_roi": 71, "N_inlier": 71, "refit": true}
{"timestamp": "16:13:57.951164", "frame": 37, "mu": [-0.4732636983802852, 0.9657102795574289, 1.422529621353609], "Sigma": [[0.004102581709292411, -0.0031915448903734986, -0.002391208685080198], [-0.0031915448903734986, 0.003980622375788028, 0.0005795971753980672], [-0.0023912086850801976, 0.0005795971753980671, 0.002814164663092138]], "chi2_level": 0.997, "chi2_df": 3, "chi2_threshold": 13.931422665512084, "N_raw": 45, "N_roi": 45, "N_inlier": 43, "refit": true}
{"timestamp": "16:13:58.009444", "frame": 38, "mu": [-0.6124929121630502, 1.018671273921408, -0.27514960556830353], "Sigma": [[0.025688494483003536, 0.01707285127277547, -0.022093901273037113], [0.01707285127277547, 0.014927020919109144, -0.023185579810005366], [-0.022093901273037113, -0.023185579810005366, 0.09724047145263669]], "chi2_level": 0.997, "chi2_df": 3, "chi2_threshold": 13.931422665512084, "N_raw": 63, "N_roi": 63, "N_inlier": 60, "refit": true}
{"timestamp": "16:13:58.070947", "frame": 39, "mu": [-0.5569038799520596, 1.051435923636372, 1.4486730616717653], "Sigma": [[0.006561880837163953, -0.0026525808945270686, -0.0006660725943161455], [-0.0026525808945270686, 0.006173660872133256, -0.004008176698892966], [-0.0006660725943161453, -0.004008176698892965, 0.005889936358706879]], "chi2_level": 0.997, "chi2_df": 3, "chi2_threshold": 13.931422665512084, "N_raw": 104, "N_roi": 104, "N_inlier": 99, "refit": true}
{"timestamp": "16:13:58.127406", "frame": 40, "mu": [-0.5667937240660539, 1.1169205778165578, 1.4836631018746858], "Sigma": [[0.007671641697421751, -0.002483673071534678, -0.004064864979994268], [-0.002483673071534678, 0.004679309169547706, -0.003923018116411937], [-0.0040648649799942685, -0.003923018116411936, 0.0098627868693785]], "chi2_level": 0.997, "chi2_df": 3, "chi2_threshold": 13.931422665512084, "N_raw": 112, "N_roi": 112, "N_inlier": 103, "refit": true}
{"timestamp": "16:13:58.183791", "frame": 41, "mu": [-0.519432869039442, 1.1446459230004102, 1.2751674282542536], "Sigma": [[0.0069298177050395775, 0.000768002428152976, 0.0035306569453523373], [0.000768002428152976, 0.0021999198238296354, 0.004407656685161337], [0.0035306569453523373, 0.004407656685161337, 0.057206283428730534]], "chi2_level": 0.997, "chi2_df": 3, "chi2_threshold": 13.931422665512084, "N_raw": 126, "N_roi": 125, "N_inlier": 121, "refit": true}
{"timestamp": "16:13:58.232253", "frame": 42, "mu": [-0.5233975267879031, 1.3674142412889594, -0.2871780782289024], "Sigma": [[0.003383298166552822, 2.5041291915339076e-05, 0.00018026754919959532], [2.5041291915338913e-05, 0.0041137111928172595, -0.01379803853071096], [0.0001802675491995949, -0.01379803853071096, 0.08595202217809626]], "chi2_level": 0.997, "chi2_df": 3, "chi2_threshold": 13.931422665512084, "N_raw": 80, "N_roi": 80, "N_inlier": 77, "refit": true}
{"timestamp": "16:13:58.284991", "frame": 43, "mu": [-0.5308380642224605, 1.277358484231272, 1.4562366151822836], "Sigma": [[0.004976125314927306, -0.0010370490500943568, -0.0028754553391055282], [-0.001037049050094357, 0.004039270845484276, -0.0016206956334443034], [-0.0028754553391055282, -0.0016206956334443032, 0.010479713412009624]], "chi2_level": 0.997, "chi2_df": 3, "chi2_threshold": 13.931422665512084, "N_raw": 64, "N_roi": 64, "N_inlier": 61, "refit": true}
{"timestamp": "16:13:58.341575", "frame": 44, "mu": [-0.5521580811897429, 1.3034288577796906, 1.3519384291648116], "Sigma": [[0.007436865371303908, 0.0009657242132950676, 0.014453130557784157], [0.0009657242132950676, 0.004979460950369715, 0.005807721111968431], [0.014453130557784157, 0.005807721111968431, 0.10321292464434781]], "chi2_level": 0.997, "chi2_df": 3, "chi2_threshold": 13.931422665512084, "N_raw": 87, "N_roi": 87, "N_inlier": 85, "refit": true}
{"timestamp": "16:13:58.397723", "frame": 45, "mu": [-0.4629218390405908, 1.4077798469388898, 1.3221762887837047], "Sigma": [[0.006000705880264378, -0.00026455751604818043, 0.0011619548120182187], [-0.00026455751604818065, 0.005934035315831503, 0.0026789570814099405], [0.0011619548120182196, 0.0026789570814099396, 0.11467174332640596]], "chi2_level": 0.997, "chi2_df": 3, "chi2_threshold": 13.931422665512084, "N_raw": 85, "N_roi": 84, "N_inlier": 80, "refit": true}
{"timestamp": "16:13:58.455813", "frame": 46, "mu": [-0.5460367321872807, 1.4761457479026279, 0.11949139424463386], "Sigma": [[0.011906065045292279, -0.0023410331628276144, 0.07711325010564796], [-0.0023410331628276144, 0.0054616310305325285, -0.007316055023962639], [0.07711325010564796, -0.007316055023962639, 0.7971049629470902]], "chi2_level": 0.997, "chi2_df": 3, "chi2_threshold": 13.931422665512084, "N_raw": 105, "N_roi": 104, "N_inlier": 102, "refit": true}
{"timestamp": "16:13:58.512864", "frame": 47, "mu": [-0.5305759227491756, 1.516149641024152, 1.2359683510975286], "Sigma": [[0.014354976708573705, -0.0037708613098969184, 0.022335698556652756], [-0.0037708613098969184, 0.004609086116696935, -0.015554057433632496], [0.02233569855665276, -0.015554057433632496, 0.19735039937017565]], "chi2_level": 0.997, "chi2_df": 3, "chi2_threshold": 13.931422665512084, "N_raw": 120, "N_roi": 120, "N_inlier": 120, "refit": true}
{"timestamp": "16:13:58.569067", "frame": 48, "mu": [-0.587133200029309, 1.5823629229059255, 1.0325533436232421], "Sigma": [[0.013037444712600736, -0.0055273033508184705, 0.020480136191952193], [-0.0055273033508184705, 0.009716125454336996, -0.004156894649527693], [0.020480136191952193, -0.0041568946495276924, 0.3075336329574063]], "chi2_level": 0.997, "chi2_df": 3, "chi2_threshold": 13.931422665512084, "N_raw": 126, "N_roi": 126, "N_inlier": 126, "refit": true}
{"timestamp": "16:13:58.617404", "frame": 49, "mu": [-0.5656864644121876, 1.609686903205128, 1.4541650364986327], "Sigma": [[0.004744578041275598, 0.0019823695935088062, 0.0020640076412829235], [0.0019823695935088062, 0.004695508976255098, 0.01691509965181412], [0.0020640076412829235, 0.01691509965181412, 0.24037273487045338]], "chi2_level": 0.997, "chi2_df": 3, "chi2_threshold": 13.931422665512084, "N_raw": 46, "N_roi": 46, "N_inlier": 45, "refit": true}
{"timestamp": "16:13:58.668080", "frame": 50, "mu": [-0.541533300035213, 1.7805787843844707, -0.3145863998797138], "Sigma": [[0.004672690270465217, 0.0012393448854868313, -0.00895112153960859], [0.0012393448854868309, 0.007143443979404429, -0.02275126343058803], [-0.00895112153960859, -0.02275126343058803, 0.1043549121797145]], "chi2_level": 0.997, "chi2_df": 3, "chi2_threshold": 13.931422665512084, "N_raw": 58, "N_roi": 58, "N_inlier": 55, "refit": true}
{"timestamp": "16:13:58.726504", "frame": 51, "mu": [-0.6050248904402129, 1.7271416119430931, -0.43872788787353884], "Sigma": [[0.007309689707008917, 0.00039458978033746206, 0.018860284824690925], [0.00039458978033746184, 0.010972580059305778, -0.0016148264426052025], [0.01886028482469092, -0.0016148264426052027, 0.16400676952818288]], "chi2_level": 0.997, "chi2_df": 3, "chi2_threshold": 13.931422665512084, "N_raw": 76, "N_roi": 76, "N_inlier": 74, "refit": true}
{"timestamp": "16:13:58.779244", "frame": 52, "mu": [-0.7074442999257705, 1.6885298845160523, 1.3416661234828713], "Sigma": [[0.014562365272279934, -0.0022359213957433067, 0.0005946260731224621], [-0.0022359213957433063, 0.0015463103485743343, -0.0013425742081514516], [0.0005946260731224625, -0.0013425742081514518, 0.02070268043475578]], "chi2_level": 0.997, "chi2_df": 3, "chi2_threshold": 13.931422665512084, "N_raw": 64, "N_roi": 64, "N_inlier": 60, "refit": true}
{"timestamp": "16:13:58.839143", "frame": 53, "mu": [-0.5802995543840709, 1.8058675764453977, 1.192717591118206], "Sigma": [[0.006026606624681198, -0.00022020139425983648, 0.0020855368347560367], [-0.00022020139425983658, 0.005651299892008362, 0.009714796220587584], [0.0020855368347560362, 0.009714796220587584, 0.12203473300281753]], "chi2_level": 0.997, "chi2_df": 3, "chi2_threshold": 13.931422665512084, "N_raw": 99, "N_roi": 99, "N_inlier": 96, "refit": true}
{"timestamp": "16:13:58.891515", "frame": 54, "mu": [-0.6031148587334839, 1.9186829933040046, 1.4782075155989944], "Sigma": [[0.007331031646333522, -0.0007334933148708815, -0.008042189043165837], [-0.0007334933148708817, 0.007296531889800609, -0.002587640790760507], [-0.008042189043165835, -0.002587640790760507, 0.011611868220492247]], "chi2_level": 0.997, "chi2_df": 3, "chi2_threshold": 13.931422665512084, "N_raw": 79, "N_roi": 79, "N_inlier": 74, "refit": true}
{"timestamp": "16:13:58.944586", "frame": 55, "mu": [-0.6262882382088649, 1.9317377678486616, 1.3382219350425237], "Sigma": [[0.008502884551539218, -0.0005973389624848879, 0.003149838748750456], [-0.0005973389624848878, 0.0038772032593511717, -0.005778493434505489], [0.0031498387487504556, -0.00577849343450549, 0.09079514126408948]], "chi2_level": 0.997, "chi2_df": 3, "chi2_threshold": 13.931422665512084, "N_raw": 62, "N_roi": 62, "N_inlier": 59, "refit": true}
{"timestamp": "16:13:59.001936", "frame": 56, "mu": [-0.6223030304322962, 2.094986239402645, -0.28731803825832136], "Sigma": [[0.015361427070102648, -0.003298217201619974, -0.00043638945430217544], [-0.003298217201619975, 0.022012761809617733, -0.07212206519128456], [-0.0004363894543021746, -0.07212206519128456, 0.28668071161396985]], "chi2_level": 0.997, "chi2_df": 3, "chi2_threshold": 13.931422665512084, "N_raw": 84, "N_roi": 84, "N_inlier": 83, "refit": true}
{"timestamp": "16:13:59.055340", "frame": 57, "mu": [-0.6383780515999081, 2.0969171852936017, 0.7993370141578898], "Sigma": [[0.0059804822879367435, -0.00017359240430709586, -0.005604062722053739], [-0.00017359240430709602, 0.010642413305041306, -0.034842712520402094], [-0.00560406272205374, -0.03484271252040209, 0.14975574904743646]], "chi2_level": 0.997, "chi2_df": 3, "chi2_threshold": 13.931422665512084, "N_raw": 71, "N_roi": 70, "N_inlier": 68, "refit": true}
{"timestamp": "16:13:59.117893", "frame": 58, "mu": [-0.7169371154243573, 2.129916795846366, 1.1048922294191594], "Sigma": [[0.028740775768774738, -0.006855409280705138, 0.04716662657140928], [-0.006855409280705138, 0.008993752448021383, -0.030874273097539165], [0.047166626571409284, -0.03087427309753916, 0.30154472735614674]], "chi2_level": 0.997, "chi2_df": 3, "chi2_threshold": 13.931422665512084, "N_raw": 117, "N_roi": 117, "N_inlier": 117, "refit": true}
{"timestamp": "16:13:59.171752", "frame": 59, "mu": [-0.6983216227815523, 2.1314225754722336, 1.2538319075728477], "Sigma": [[0.010844331161754843, -0.0014845484842808297, -0.005553296272740841], [-0.0014845484842808297, 0.00966127401828286, -0.02167633935505051], [-0.005553296272740841, -0.02167633935505051, 0.14522665164196952]], "chi2_level": 0.997, "chi2_df": 3, "chi2_threshold": 13.931422665512084, "N_raw": 108, "N_roi": 108, "N_inlier": 106, "refit": true}
{"timestamp": "16:13:59.224596", "frame": 60, "mu": [-0.6979326798834059, 2.178860265849074, 1.1398649603173905], "Sigma": [[0.011474354938040993, -0.0016694069438227834, 0.013597761519145048], [-0.0016694069438227834, 0.007720408322067373, -0.018917236868149667], [0.013597761519145048, -0.018917236868149667, 0.2984828346584188]], "chi2_level": 0.997, "chi2_df": 3, "chi2_threshold": 13.931422665512084, "N_raw": 102, "N_roi": 102, "N_inlier": 101, "refit": true}
{"timestamp": "16:13:59.278562", "frame": 61, "mu": [-0.7006978923549351, 2.263167441528378, 1.4383463154081848], "Sigma": [[0.012622011825210057, -0.0017918003701378519, -0.007662532162441009], [-0.001791800370137852, 0.009255620541386145, -0.001317523126071612], [-0.007662532162441009, -0.001317523126071612, 0.007783230151372371]], "chi2_level": 0.997, "chi2_df": 3, "chi2_threshold": 13.931422665512084, "N_raw": 94, "N_roi": 94, "N_inlier": 90, "refit": true}
{"timestamp": "16:13:59.332480", "frame": 62, "mu": [-0.7927024210577843, 2.2996039661186773, 1.1116156465803526], "Sigma": [[0.012824745572184283, -0.0018019878295508402, 0.029551094208832753], [-0.00180198782955084, 0.00604476251182758, 0.006541399073067233], [0.029551094208832753, 0.006541399073067233, 0.4724539492248267]], "chi2_level": 0.997, "chi2_df": 3, "chi2_threshold": 13.931422665512084, "N_raw": 83, "N_roi": 83, "N_inlier": 82, "refit": true}
{"timestamp": "16:13:59.386483", "frame": 63, "mu": [-0.7439308896288188, 2.250639286998797, 1.05109404069785], "Sigma": [[0.011042183750009938, 0.010690482941000142, 0.024205715984988448], [0.010690482941000142, 0.1639592536419578, 0.266230431966327], [0.024205715984988448, 0.26623043196632706, 0.7413236326618021]], "chi2_level": 0.997, "chi2_df": 3, "chi2_threshold": 13.931422665512084, "N_raw": 77, "N_roi": 77, "N_inlier": 76, "refit": true}
{"timestamp": "16:13:59.444873", "frame": 64, "mu": [-0.790578982431772, 2.3789274043322344, 0.8000580856350987], "Sigma": [[0.013587476296807378, 0.007618405594805216, 0.04931547298369161], [0.007618405594805216, 0.021243146022079475, 0.08274644171194212], [0.04931547298369161, 0.08274644171194213, 0.6561226038386236]], "chi2_level": 0.997, "chi2_df": 3, "chi2_threshold": 13.931422665512084, "N_raw": 108, "N_roi": 107, "N_inlier": 106, "refit": true}
{"timestamp": "16:13:59.505860", "frame": 65, "mu": [-0.8092993137026664, 2.7001241646484764, -0.6103158035925706], "Sigma": [[0.016810944002962708, -0.0034686263816598303, 0.012987784845299485], [-0.0034686263816598294, 0.04620198781602464, -0.13759460511926663], [0.012987784845299484, -0.13759460511926663, 0.45095517449719846]], "chi2_level": 0.997, "chi2_df": 3, "chi2_threshold": 13.931422665512084, "N_raw": 138, "N_roi": 138, "N_inlier": 138, "refit": true}
{"timestamp": "16:13:59.548920", "frame": 66, "mu": [-0.7800642055014049, 2.516295137349395, 1.3374224901935274], "Sigma": [[0.00905295488695809, -0.0006794232151582508, 0.0009885320004300161], [-0.000679423215158251, 0.006841810263909915, 0.0018993026735743262], [0.0009885320004300144, 0.0018993026735743268, 0.2011768281944064]], "chi2_level": 0.997, "chi2_df": 3, "chi2_threshold": 13.931422665512084, "N_raw": 56, "N_roi": 56, "N_inlier": 55, "refit": true}
{"timestamp": "16:13:59.611436", "frame": 67, "mu": [-0.748091054481511, 2.808142095349371, -0.3812091347061112], "Sigma": [[0.01543051013286914, -0.0034458016655017844, 0.013742069378780405], [-0.003445801665501784, 0.043549178724027124, -0.1370205860481402], [0.013742069378780404, -0.1370205860481402, 0.5230185033500075]], "chi2_level": 0.997, "chi2_df": 3, "chi2_threshold": 13.931422665512084, "N_raw": 116, "N_roi": 116, "N_inlier": 116, "refit": true}
{"timestamp": "16:13:59.664639", "frame": 68, "mu": [-0.717512473198345, 2.7107855421751377, -0.3738132843476663], "Sigma": [[0.012352921986661563, -0.0007904600634548134, 0.06558727685790142], [-0.0007904600634548134, 0.006736914633878115, 0.008932029082498627], [0.06558727685790142, 0.008932029082498629, 0.8526377820054377]], "chi2_level": 0.997, "chi2_df": 3, "chi2_threshold": 13.931422665512084, "N_raw": 94, "N_roi": 94, "N_inlier": 93, "refit": true}
{"timestamp": "16:13:59.727623", "frame": 69, "mu": [-0.8204916231438977, 2.762513696961266, 0.9195770068239656], "Sigma": [[0.0271043898597207, -0.007719029865721275, 0.046613865083314096], [-0.007719029865721275, 0.012258075264361639, -0.03516688509626412], [0.046613865083314096, -0.03516688509626412, 0.37750477586989745]], "chi2_level": 0.997, "chi2_df": 3, "chi2_threshold": 13.931422665512084, "N_raw": 150, "N_roi": 150, "N_inlier": 146, "refit": true}
{"timestamp": "16:13:59.777195", "frame": 70, "mu": [-0.7411133068782765, 2.8733378331864587, 0.1848389347859689], "Sigma": [[0.016427144554235926, -0.011190955963379181, 0.06445944180684336], [-0.011190955963379181, 0.03328029299171502, -0.09281857053185408], [0.06445944180684336, -0.09281857053185408, 0.5158670553779842]], "chi2_level": 0.997, "chi2_df": 3, "chi2_threshold": 13.931422665512084, "N_raw": 105, "N_roi": 105, "N_inlier": 105, "refit": true}
{"timestamp": "16:13:59.832540", "frame": 71, "mu": [-0.7233465394391738, 2.864853720711829, 0.3069699212496474], "Sigma": [[0.01668817933068672, -0.0030563289862632586, 0.030665388655787523], [-0.003056328986263258, 0.012267616957164334, -0.02789741398208072], [0.030665388655787523, -0.02789741398208072, 0.27397919536804355]], "chi2_level": 0.997, "chi2_df": 3, "chi2_threshold": 13.931422665512084, "N_raw": 114, "N_roi": 114, "N_inlier": 112, "refit": true}
{"timestamp": "16:13:59.884705", "frame": 72, "mu": [-0.7477214388519002, 2.853099947215756, 1.1693802977947436], "Sigma": [[0.017450193796789065, 0.0010683007436799157, -0.012795973478117267], [0.0010683007436799162, 0.005338942068559051, -0.011018700168979852], [-0.012795973478117267, -0.011018700168979852, 0.10233551686914553]], "chi2_level": 0.997, "chi2_df": 3, "chi2_threshold": 13.931422665512084, "N_raw": 96, "N_roi": 96, "N_inlier": 93, "refit": true}
{"timestamp": "16:13:59.932472", "frame": 73, "mu": [-0.7618729578076006, 1.8354082607307651, -0.4143410545591968], "Sigma": [[0.016578030605620818, 0.088317020775743, 0.08134861053508449], [0.088317020775743, 1.158903973795556, 1.1516930520796533], [0.08134861053508449, 1.1516930520796533, 1.2244181145479152]], "chi2_level": 0.997, "chi2_df": 3, "chi2_threshold": 13.931422665512084, "N_raw": 42, "N_roi": 42, "N_inlier": 42, "refit": true}
{"timestamp": "16:13:59.991680", "frame": 74, "mu": [-0.7888854753050062, 3.0005712283935386, 1.143481702908772], "Sigma": [[0.014325467221956198, 2.1957013613677426e-05, -0.023786796260485216], [2.1957013613677534e-05, 0.009713986102162106, -0.01532346068546478], [-0.023786796260485216, -0.01532346068546478, 0.3834411327902793]], "chi2_level": 0.997, "chi2_df": 3, "chi2_threshold": 13.931422665512084, "N_raw": 78, "N_roi": 78, "N_inlier": 73, "refit": true}
{"timestamp": "16:14:00.049385", "frame": 75, "mu": [-0.8514056161469278, 2.8707412229015734, 0.9219440830896303], "Sigma": [[0.015837491601963516, 0.046231672808209154, 0.05793265818185966], [0.046231672808209154, 0.42862695993083105, 0.5349624211370092], [0.057932658181859664, 0.5349624211370092, 0.9693807123298838]], "chi2_level": 0.997, "chi2_df": 3, "chi2_threshold": 13.931422665512084, "N_raw": 96, "N_roi": 95, "N_inlier": 95, "refit": true}
{"timestamp": "16:14:00.102957", "frame": 76, "mu": [-0.8674540905280308, 3.129307574414473, 1.0099949190061066], "Sigma": [[0.01490583369576619, 0.0024262839622446277, 0.017352367053646373], [0.0024262839622446277, 0.00788463691530976, -0.02190403885613542], [0.017352367053646373, -0.02190403885613542, 0.5091255825454805]], "chi2_level": 0.997, "chi2_df": 3, "chi2_threshold": 13.931422665512084, "N_raw": 84, "N_roi": 84, "N_inlier": 82, "refit": true}
{"timestamp": "16:14:00.153700", "frame": 77, "mu": [-0.8514581625153066, 3.1828236728877433, 1.2334338305405406], "Sigma": [[0.014516657365592862, 0.001356117257304748, -0.01128692495825527], [0.0013561172573047483, 0.004395702531518873, -0.006510846735039635], [-0.01128692495825527, -0.006510846735039635, 0.06833331367888376]], "chi2_level": 0.997, "chi2_df": 3, "chi2_threshold": 13.931422665512084, "N_raw": 56, "N_roi": 56, "N_inlier": 54, "refit": true}
{"timestamp": "16:14:00.204568", "frame": 78, "mu": [-0.8308719736444345, 3.2288977113630626, 1.1436610898180422], "Sigma": [[0.00868989310491495, -0.0014362483778528642, -0.00142639218835582], [-0.0014362483778528642, 0.0014167447565451837, -0.003944733516433733], [-0.00142639218835582, -0.003944733516433733, 0.03880835778426342]], "chi2_level": 0.997, "chi2_df": 3, "chi2_threshold": 13.931422665512084, "N_raw": 29, "N_roi": 29, "N_inlier": 27, "refit": true}
{"timestamp": "16:14:00.266090", "frame": 79, "mu": [-0.8679759803035787, 3.3023848852564495, 1.0895965202731688], "Sigma": [[0.012806791793996585, 0.0007467304997831773, -0.007518187270958411], [0.0007467304997831774, 0.005921371244377382, -0.02354984327887669], [-0.007518187270958411, -0.02354984327887669, 0.1436908622831415]], "chi2_level": 0.997, "chi2_df": 3, "chi2_threshold": 13.931422665512084, "N_raw": 81, "N_roi": 81, "N_inlier": 80, "refit": true}
{"timestamp": "16:14:00.316652", "frame": 80, "mu": [-0.9159194288964887, 3.430682752240992, -0.02756063855065998], "Sigma": [[0.017118189758548397, 0.0023758907490163653, -0.0030686811859749635], [0.0023758907490163653, 0.011696380181795042, -0.014970908279684447], [-0.0030686811859749635, -0.014970908279684447, 0.02260548075906236]], "chi2_level": 0.997, "chi2_df": 3, "chi2_threshold": 13.931422665512084, "N_raw": 50, "N_roi": 50, "N_inlier": 48, "refit": true}
{"timestamp": "16:14:00.374966", "frame": 81, "mu": [-0.8883050325207833, 3.3257421431941476, 1.1796267463351762], "Sigma": [[0.020097926166470104, 0.0006934254958375026, -0.006136489819330496], [0.0006934254958375026, 0.00431809686790206, -0.005757964516364242], [-0.006136489819330495, -0.005757964516364242, 0.018571693737925558]], "chi2_level": 0.997, "chi2_df": 3, "chi2_threshold": 13.931422665512084, "N_raw": 73, "N_roi": 73, "N_inlier": 69, "refit": true}
{"timestamp": "16:14:00.434875", "frame": 82, "mu": [-0.867786596100142, 3.46988625829083, 0.8888983148694285], "Sigma": [[0.01748260592694842, 0.00026374474500380973, -0.0012029712314598285], [0.00026374474500380973, 0.008899073472402605, -0.03497927413201119], [-0.0012029712314598276, -0.03497927413201119, 0.44346295997282326]], "chi2_level": 0.997, "chi2_df": 3, "chi2_threshold": 13.931422665512084, "N_raw": 104, "N_roi": 104, "N_inlier": 102, "refit": true}
{"timestamp": "16:14:00.486331", "frame": 83, "mu": [-0.8866443457235337, 3.5575832041267144, 0.05264134539218052], "Sigma": [[0.019902666502652103, 0.002651059295481483, -0.005999741077648535], [0.002651059295481483, 0.008579248208120798, -0.008872034307808856], [-0.0059997410776485354, -0.008872034307808856, 0.011864347668037194]], "chi2_level": 0.997, "chi2_df": 3, "chi2_threshold": 13.931422665512084, "N_raw": 72, "N_roi": 72, "N_inlier": 68, "refit": true}
{"timestamp": "16:14:00.539657", "frame": 84, "mu": [-0.902730528865425, 3.530986732501145, 1.281306991631145], "Sigma": [[0.017933655840562772, 0.002515237079547093, 0.0027673692664339005], [0.002515237079547093, 0.002926021568574362, -0.007338361943353108], [0.0027673692664338997, -0.007338361943353108, 0.04836171943421558]], "chi2_level": 0.997, "chi2_df": 3, "chi2_threshold": 13.931422665512084, "N_raw": 67, "N_roi": 67, "N_inlier": 64, "refit": true}
{"timestamp": "16:14:00.594830", "frame": 85, "mu": [-0.8996688215595132, 3.6651442256960216, 0.1807072512578102], "Sigma": [[0.020913108009433752, 0.0018747731704807213, -0.006395533449825827], [0.0018747731704807217, 0.011365553523880903, -0.016578457739865354], [-0.006395533449825826, -0.016578457739865358, 0.03223294604419054]], "chi2_level": 0.997, "chi2_df": 3, "chi2_threshold": 13.931422665512084, "N_raw": 69, "N_roi": 69, "N_inlier": 66, "refit": true}
{"timestamp": "16:14:00.652435", "frame": 86, "mu": [-0.8813703768627048, 3.704098905232542, 1.2231671947989697], "Sigma": [[0.018546932210328652, 0.002503269321694989, -0.00953429474605929], [0.002503269321694989, 0.00969220574244392, -0.017946470204687894], [-0.00953429474605929, -0.017946470204687894, 0.1591995553108839]], "chi2_level": 0.997, "chi2_df": 3, "chi2_threshold": 13.931422665512084, "N_raw": 79, "N_roi": 77, "N_inlier": 77, "refit": true}
{"timestamp": "16:14:00.707992", "frame": 87, "mu": [-0.8674826982086297, 3.4866514369913912, 0.8149208577917773], "Sigma": [[0.020305571928951577, 0.01136076282131969, -0.0010449306292637504], [0.01136076282131969, 0.5957465444163953, 0.7938303849002941], [-0.0010449306292637513, 0.7938303849002941, 1.243673596642797]], "chi2_level": 0.997, "chi2_df": 3, "chi2_threshold": 13.931422665512084, "N_raw": 88, "N_roi": 88, "N_inlier": 88, "refit": true}
{"timestamp": "16:14:00.759688", "frame": 88, "mu": [-0.8450724775479208, 3.784392991756792, 1.4250137503133384], "Sigma": [[0.020217281069209295, 0.002589729350687465, -0.011549005895379046], [0.002589729350687465, 0.008604012713377072, 0.0007771721319766986], [-0.011549005895379046, 0.0007771721319766988, 0.009439693415231648]], "chi2_level": 0.997, "chi2_df": 3, "chi2_threshold": 13.931422665512084, "N_raw": 67, "N_roi": 67, "N_inlier": 64, "refit": true}
{"timestamp": "16:14:00.815285", "frame": 89, "mu": [-0.8534225590067601, 3.846500472538737, 0.44681922635042953], "Sigma": [[0.022353169555846524, 0.004969823987710836, -0.0031350579126958353], [0.004969823987710835, 0.009042003565344226, -0.0009692061762243164], [-0.0031350579126958353, -0.0009692061762243165, 0.0017154643470762112]], "chi2_level": 0.997, "chi2_df": 3, "chi2_threshold": 13.931422665512084, "N_raw": 70, "N_roi": 70, "N_inlier": 66, "refit": true}
{"timestamp": "16:14:00.867974", "frame": 90, "mu": [-0.8938827724792835, 3.880067981880327, 1.4103562297324042], "Sigma": [[0.018137983327593435, 0.003516695090061364, 0.0030752409738087527], [0.003516695090061364, 0.006574094947939875, -0.0017592149294076028], [0.0030752409738087527, -0.0017592149294076028, 0.013366884958888301]], "chi2_level": 0.997, "chi2_df": 3, "chi2_threshold": 13.931422665512084, "N_raw": 52, "N_roi": 52, "N_inlier": 49, "refit": true}
{"timestamp": "16:14:00.925270", "frame": 91, "mu": [-0.9271581785883362, 3.9025332964485444, 1.131814128290537], "Sigma": [[0.024939180335237548, 0.0010200857189229674, -0.012527225715843141], [0.0010200857189229672, 0.00609445486296969, -0.013796179615435358], [-0.012527225715843141, -0.01379617961543536, 0.04723969059462366]], "chi2_level": 0.997, "chi2_df": 3, "chi2_threshold": 13.931422665512084, "N_raw": 69, "N_roi": 69, "N_inlier": 67, "refit": true}
{"timestamp": "16:14:00.978672", "frame": 92, "mu": [-0.8737911104238874, 3.9628723718755534, 1.377951869140583], "Sigma": [[0.021501480524001686, 0.0017484174963938157, -0.00649892003961579], [0.0017484174963938162, 0.005371739197946256, -0.006475607338848426], [-0.006498920039615789, -0.006475607338848426, 0.013471344881877166]], "chi2_level": 0.997, "chi2_df": 3, "chi2_threshold": 13.931422665512084, "N_raw": 63, "N_roi": 63, "N_inlier": 62, "refit": true}
{"timestamp": "16:14:01.032722", "frame": 93, "mu": [-0.8581179743457478, 4.004478208199769, 1.3754098121811809], "Sigma": [[0.02159955741881972, 0.002103329519900615, -0.00494350248260719], [0.002103329519900615, 0.004950922464911778, -0.001889000298437084], [-0.00494350248260719, -0.0018890002984370837, 0.003147928100361509]], "chi2_level": 0.997, "chi2_df": 3, "chi2_threshold": 13.931422665512084, "N_raw": 52, "N_roi": 52, "N_inlier": 51, "refit": true}
{"timestamp": "16:14:01.088604", "frame": 94, "mu": [-0.8969107184907172, 4.112251454747108, 1.2644221728940557], "Sigma": [[0.023821050418688445, 0.0032285900565862027, -0.01484527729603978], [0.0032285900565862027, 0.0057038229603244206, -0.006729186374155772], [-0.01484527729603978, -0.006729186374155772, 0.01718276456427868]], "chi2_level": 0.997, "chi2_df": 3, "chi2_threshold": 13.931422665512084, "N_raw": 62, "N_roi": 62, "N_inlier": 61, "refit": true}
{"timestamp": "16:14:01.143563", "frame": 95, "mu": [-0.9111348627323375, 4.131457173429536, 1.379305266974645], "Sigma": [[0.025380127829133497, 0.004509555769444349, -0.0013122554398482663], [0.004509555769444348, 0.007092642028634908, -0.0012128061856977138], [-0.0013122554398482663, -0.0012128061856977138, 0.0002215252005925781]], "chi2_level": 0.997, "chi2_df": 3, "chi2_threshold": 13.931422665512084, "N_raw": 62, "N_roi": 62, "N_inlier": 59, "refit": true}
{"timestamp": "16:14:01.195239", "frame": 96, "mu": [-0.9154917796912954, 4.166939309515908, 1.3500182024510523], "Sigma": [[0.015903682508455468, 0.002918521529472638, -0.0023207929454914585], [0.002918521529472638, 0.0036453952324870566, -0.002794933485011984], [-0.0023207929454914585, -0.002794933485011984, 0.0061775904130482165]], "chi2_level": 0.997, "chi2_df": 3, "chi2_threshold": 13.931422665512084, "N_raw": 37, "N_roi": 37, "N_inlier": 34, "refit": true}
{"timestamp": "16:14:01.254852", "frame": 97, "mu": [-1.0113670375674917, 4.095548945230681, 0.8181364069921622], "Sigma": [[0.02108959278232094, 0.033998689970459864, 0.035775077751522694], [0.03399868997045987, 0.4036941200651318, 0.4517617886107973], [0.0357750777515227, 0.4517617886107973, 0.9447770641666721]], "chi2_level": 0.997, "chi2_df": 3, "chi2_threshold": 13.931422665512084, "N_raw": 61, "N_roi": 61, "N_inlier": 59, "refit": true}
{"timestamp": "16:14:01.307274", "frame": 98, "mu": [-0.9530764732117264, 4.2771984010310895, 1.2511680425836904], "Sigma": [[0.026960369417053872, 0.0011290073465718598, -0.021261490435889714], [0.0011290073465718598, 0.004536800085583058, -0.003225037953084085], [-0.02126149043588971, -0.0032250379530840852, 0.0203076023975512]], "chi2_level": 0.997, "chi2_df": 3, "chi2_threshold": 13.931422665512084, "N_raw": 56, "N_roi": 56, "N_inlier": 53, "refit": true}
{"timestamp": "16:14:01.360150", "frame": 99, "mu": [-0.9536356976977013, 4.3154909938914185, 1.227759000392179], "Sigma": [[0.017142691526676516, 0.0015601677345153568, -0.009285717486062467], [0.0015601677345153568, 0.002729843260117382, -0.0030702748200685717], [-0.009285717486062467, -0.003070274820068572, 0.00906983918410338]], "chi2_level": 0.997, "chi2_df": 3, "chi2_threshold": 13.931422665512084, "N_raw": 37, "N_roi": 37, "N_inlier": 34, "refit": true}
{"timestamp": "16:14:01.550164", "frame": 100, "mu": [-0.9173690113373953, 4.428983739428228, 0.37511495517708826], "Sigma": [[0.0217883908668555, 0.003964639070439984, -0.006293613902494402], [0.0039646390704399835, 0.004113747058089811, -0.0030720411056844796], [-0.006293613902494402, -0.0030720411056844796, 0.004482006392587293]], "chi2_level": 0.997, "chi2_df": 3, "chi2_threshold": 13.931422665512084, "N_raw": 34, "N_roi": 34, "N_inlier": 34, "refit": true}
{"timestamp": "16:14:01.576727", "frame": 101, "mu": [-0.9740629289047116, 4.382336023557948, 1.0928702213689134], "Sigma": [[0.027159225374667983, 0.0025609198931820292, -0.00962542301906664], [0.0025609198931820292, 0.005301423829640045, -0.005197670290997651], [-0.009625423019066638, -0.005197670290997651, 0.010238248885989957]], "chi2_level": 0.997, "chi2_df": 3, "chi2_threshold": 13.931422665512084, "N_raw": 56, "N_roi": 56, "N_inlier": 53, "refit": true}
{"timestamp": "16:14:01.606458", "frame": 102, "mu": [-0.9297632452323782, 4.467318474417813, 0.438986458288269], "Sigma": [[0.027676255551895637, 0.004136966389390716, 0.0029700097389799736], [0.004136966389390716, 0.009170387404848308, -0.008500592556068635], [0.0029700097389799745, -0.008500592556068635, 0.013288816500616604]], "chi2_level": 0.997, "chi2_df": 3, "chi2_threshold": 13.931422665512084, "N_raw": 59, "N_roi": 59, "N_inlier": 55, "refit": true}
{"timestamp": "16:14:01.638604", "frame": 103, "mu": [-0.9509140023720815, 4.4818048986220305, 1.3291243448279035], "Sigma": [[0.005436179079930044, 0.001673102715356293, -0.005830867574875814], [0.0016731027153562932, 0.0029963142945905095, -0.007207156876267128], [-0.005830867574875814, -0.007207156876267128, 0.021973030386573198]], "chi2_level": 0.997, "chi2_df": 3, "chi2_threshold": 13.931422665512084, "N_raw": 14, "N_roi": 14, "N_inlier": 12, "refit": true}
{"timestamp": "16:14:01.670704", "frame": 104, "mu": [-0.9478746348581616, 4.548871852798564, 1.1179148773352856], "Sigma": [[0.008972459922448413, -0.0016562893494480595, -0.0005207188342469421], [-0.00165628934944806, 0.009494212216165811, -0.004001979896968797], [-0.0005207188342469422, -0.004001979896968797, 0.017667760043304843]], "chi2_level": 0.997, "chi2_df": 3, "chi2_threshold": 13.931422665512084, "N_raw": 23, "N_roi": 22, "N_inlier": 20, "refit": true}
