{"timestamp": "16:14:48.982944", "frame": 20, "mu": [0.6762048605536898, 4.948377341013758, 0.7562578614897064], "Sigma": [[0.017603635101962195, -0.001080273488885002, -0.007903955792100101], [-0.0010802734888850022, 0.0009340060569967972, -0.0007866999763896557], [-0.007903955792100103, -0.0007866999763896556, 0.009263718487421897]], "chi2_level": 0.997, "chi2_df": 3, "chi2_threshold": 13.931422665512084, "N_raw": 45, "N_roi": 18, "N_inlier": 18, "refit": true}
{"timestamp": "16:14:49.095268", "frame": 22, "mu": [0.5510956618953495, 4.889807577106035, 1.0284323545982297], "Sigma": [[0.03388142371543376, -0.0035520622747579837, -0.010245306399326401], [-0.003552062274757984, 0.005306552352646962, 0.004354145457924001], [-0.010245306399326401, 0.004354145457924001, 0.006797642904647512]], "chi2_level": 0.997, "chi2_df": 3, "chi2_threshold": 13.931422665512084, "N_raw": 55, "N_roi": 44, "N_inlier": 43, "refit": true}
{"timestamp": "16:14:49.150322", "frame": 23, "mu": [0.5288032663542332, 4.87383949038936, 0.9370741484888676], "Sigma": [[0.028254884102187454, -0.0022939618659712216, -0.016115222225240308], [-0.0022939618659712216, 0.003963838399333783, -0.0015789419155314195], [-0.016115222225240308, -0.0015789419155314197, 0.014070784523010537]], "chi2_level": 0.997, "chi2_df": 3, "chi2_threshold": 13.931422665512084, "N_raw": 42, "N_roi": 40, "N_inlier": 40, "refit": true}
{"timestamp": "16:14:49.258132", "frame": 25, "mu": [0.5589519486381322, 4.856719766239442, 0.6987224424736673], "Sigma": [[0.024286521089055105, -0.00195562664389105, -0.008734377792934393], [-0.00195562664389105, 0.0038847539137930446, 0.001994644918889552], [-0.008734377792934393, 0.001994644918889552, 0.005491987463154437]], "chi2_level": 0.997, "chi2_df": 3, "chi2_threshold": 13.931422665512084, "N_raw": 37, "N_roi": 34, "N_inlier": 33, "refit": true}
{"timestamp": "16:14:49.312268", "frame": 26, "mu": [0.6499227839832629, 4.703267290576177, 0.5608469159590304], "Sigma": [[0.017969213167981404, -0.005521517355101049, -0.014930038515520263], [-0.005521517355101048, 0.0034398154235197034, 0.004846644096955019], [-0.014930038515520263, 0.004846644096955019, 0.016114638105511905]], "chi2_level": 0.997, "chi2_df": 3, "chi2_threshold": 13.931422665512084, "N_raw": 25, "N_roi": 23, "N_inlier": 21, "refit": true}
{"timestamp": "16:14:49.369396", "frame": 27, "mu": [0.42313877758488716, 4.772417483568529, -1.1992675244406144], "Sigma": [[0.026744125503530454, -0.00757603910818151, -0.014357741110556287], [-0.00757603910818151, 0.005154539324467716, 0.0033302450030127627], [-0.014357741110556287, 0.0033302450030127627, 0.013821951299750323]], "chi2_level": 0.997, "chi2_df": 3, "chi2_threshold": 13.931422665512084, "N_raw": 37, "N_roi": 35, "N_inlier": 34, "refit": true}
{"timestamp": "16:14:49.430223", "frame": 28, "mu": [0.3936650806480155, 4.689703890139819, 0.9607894921059433], "Sigma": [[0.028246380500822774, -0.007853570017830231, -0.013107258040683975], [-0.007853570017830231, 0.007926169908313947, -0.007231311061295549], [-0.013107258040683977, -0.007231311061295549, 0.04387915578648066]], "chi2_level": 0.997, "chi2_df": 3, "chi2_threshold": 13.931422665512084, "N_raw": 74, "N_roi": 72, "N_inlier": 71, "refit": true}
{"timestamp": "16:14:49.481226", "frame": 29, "mu": [0.30395497689579815, 4.727774291604321, 0.8197888491271077], "Sigma": [[0.0271756637558228, -0.0038528026974001288, -0.0063591053709339965], [-0.0038528026974001288, 0.005007292335924423, -0.0013124096771971578], [-0.0063591053709339965, -0.0013124096771971582, 0.009196694935260069]], "chi2_level": 0.997, "chi2_df": 3, "chi2_threshold": 13.931422665512084, "N_raw": 50, "N_roi": 48, "N_inlier": 47, "refit": true}
{"timestamp": "16:14:49.540674", "frame": 30, "mu": [0.3969817626513067, 4.62240149149701, 0.8749889532845693], "Sigma": [[0.035563630324752876, -0.010630211293807092, -0.007580901271104334], [-0.010630211293807092, 0.009244307853603816, -0.0051109082622805635], [-0.0075809012711043336, -0.005110908262280564, 0.017357886778629428]], "chi2_level": 0.997, "chi2_df": 3, "chi2_threshold": 13.931422665512084, "N_raw": 79, "N_roi": 77, "N_inlier": 77, "refit": true}
{"timestamp": "16:14:49.594697", "frame": 31, "mu": [0.5591462193743802, 4.489982853887373, 0.7580996125942101], "Sigma": [[0.03777815936588841, -0.009248718306260817, -0.051924551179059655], [-0.009248718306260817, 0.004131270795023315, 0.007092076583889048], [-0.051924551179059655, 0.00709207658388905, 0.1188910131963883]], "chi2_level": 0.997, "chi2_df": 3, "chi2_threshold": 13.931422665512084, "N_raw": 73, "N_roi": 73, "N_inlier": 73, "refit": true}
{"timestamp": "16:14:49.649534", "frame": 32, "mu": [0.42554539972500105, 4.524273499093395, 0.6846478516635268], "Sigma": [[0.036274862008778115, -0.010258487773075097, -0.023347151367524473], [-0.010258487773075097, 0.005777251033889662, 0.0005897591753112436], [-0.023347151367524473, 0.0005897591753112434, 0.03611758539219591]], "chi2_level": 0.997, "chi2_df": 3, "chi2_threshold": 13.931422665512084, "N_raw": 70, "N_roi": 69, "N_inlier": 68, "refit": true}
{"timestamp": "16:14:49.699383", "frame": 33, "mu": [0.47473395270581276, 4.449435278354326, 0.6547085693966023], "Sigma": [[0.02005284055405039, -0.009999352042593553, -0.016977724385360927], [-0.009999352042593553, 0.0074281653561895635, 0.0059821280611200974], [-0.016977724385360927, 0.005982128061120097, 0.041634503698300726]], "chi2_level": 0.997, "chi2_df": 3, "chi2_threshold": 13.931422665512084, "N_raw": 33, "N_roi": 32, "N_inlier": 32, "refit": true}
{"timestamp": "16:14:49.757542", "frame": 34, "mu": [0.5622041189928195, 4.5207447835035754, -0.07804098647827573], "Sigma": [[0.023840724412687912, -0.004128558653285871, -0.010425862237824043], [-0.004128558653285871, 0.008125284512216722, -0.013164184679014194], [-0.010425862237824041, -0.013164184679014194, 0.042269031818536695]], "chi2_level": 0.997, "chi2_df": 3, "chi2_threshold": 13.931422665512084, "N_raw": 56, "N_roi": 55, "N_inlier": 55, "refit": true}
{"timestamp": "16:14:49.813526", "frame": 35, "mu": [0.5211747115114675, 4.326308331257258, 0.9531287887724393], "Sigma": [[0.02874133654385674, -0.007851655288195125, -0.008103994674607711], [-0.007851655288195125, 0.005829328096243926, -0.004844950781340394], [-0.008103994674607711, -0.004844950781340394, 0.021411334733507606]], "chi2_level": 0.997, "chi2_df": 3, "chi2_threshold": 13.931422665512084, "N_raw": 65, "N_roi": 65, "N_inlier": 65, "refit": true}
{"timestamp": "16:14:49.863988", "frame": 36, "mu": [0.5645548392033798, 4.252905120426137, 0.8969138740490132], "Sigma": [[0.015647738330520085, -0.0005510308121742216, -0.02233611112224064], [-0.0005510308121742216, 0.0013597712308726845, -0.004310748101575355], [-0.02233611112224064, -0.0043107481015753546, 0.06523883803358585]], "chi2_level": 0.997, "chi2_df": 3, "chi2_threshold": 13.931422665512084, "N_raw": 27, "N_roi": 27, "N_inlier": 27, "refit": true}
{"timestamp": "16:14:49.921137", "frame": 37, "mu": [0.5686424709861039, 4.355000724723844, -0.0019266703508786429], "Sigma": [[0.02486189074692994, -0.0019894814886380723, -0.011553982453587904], [-0.001989481488638072, 0.005498251852602353, -0.006053273020179637], [-0.011553982453587904, -0.006053273020179637, 0.016800349658200164]], "chi2_level": 0.997, "chi2_df": 3, "chi2_threshold": 13.931422665512084, "N_raw": 53, "N_roi": 53, "N_inlier": 52, "refit": true}
{"timestamp": "16:14:49.973589", "frame": 38, "mu": [0.5087236658214231, 4.1701237931924116, 0.9325425266673977], "Sigma": [[0.018578045959226352, -0.003511486532885803, -0.009217396801610623], [-0.0035114865328858026, 0.002622258840224988, 0.0006401614004415532], [-0.009217396801610623, 0.0006401614004415534, 0.00646136901966123]], "chi2_level": 0.997, "chi2_df": 3, "chi2_threshold": 13.931422665512084, "N_raw": 27, "N_roi": 27, "N_inlier": 25, "refit": true}
{"timestamp": "16:14:50.037987", "frame": 39, "mu": [0.5741839495760477, 4.1180541788185, 0.7729368660758776], "Sigma": [[0.025805899752881563, 0.0004276384210974559, 0.0060704814375316845], [0.0004276384210974562, 0.008164958826017003, -0.001014906290662315], [0.0060704814375316845, -0.001014906290662315, 0.011376654938800872]], "chi2_level": 0.997, "chi2_df": 3, "chi2_threshold": 13.931422665512084, "N_raw": 70, "N_roi": 68, "N_inlier": 68, "refit": true}
{"timestamp": "16:14:50.089003", "frame": 40, "mu": [0.6240452555574062, 4.065435366507873, 0.7641881117259683], "Sigma": [[0.03581203559269068, 0.0014630515675780158, -0.0024770883387100202], [0.001463051567578016, 0.006213377443996041, -0.0007380547841422406], [-0.00247708833871002, -0.0007380547841422405, 0.006726767605610215]], "chi2_level": 0.997, "chi2_df": 3, "chi2_threshold": 13.931422665512084, "N_raw": 72, "N_roi": 72, "N_inlier": 70, "refit": true}
{"timestamp": "16:14:50.141319", "frame": 41, "mu": [0.5631375828506577, 4.04345544590278, 0.7118227189809314], "Sigma": [[0.024835802454619485, 0.0018456763328837595, -0.002489650845519498], [0.0018456763328837593, 0.005869956876070423, 0.0008149154954601051], [-0.0024896508455194977, 0.0008149154954601048, 0.002767530016390312]], "chi2_level": 0.997, "chi2_df": 3, "chi2_threshold": 13.931422665512084, "N_raw": 53, "N_roi": 51, "N_inlier": 50, "refit": true}
{"timestamp": "16:14:50.197021", "frame": 42, "mu": [0.5394293143981381, 3.972286182149958, 1.0102677480725277], "Sigma": [[0.025773442012449414, -0.004161306457621178, 0.001772081334082601], [-0.004161306457621177, 0.0024576403940323433, -0.0036363249548496974], [0.0017720813340826012, -0.003636324954849697, 0.02355794604862485]], "chi2_level": 0.997, "chi2_df": 3, "chi2_threshold": 13.931422665512084, "N_raw": 55, "N_roi": 55, "N_inlier": 53, "refit": true}
{"timestamp": "16:14:50.256043", "frame": 43, "mu": [0.5801530130815654, 3.8821735961217345, 0.8328982670788019], "Sigma": [[0.02401826592801514, -0.005381915623886334, -0.00622151550515722], [-0.005381915623886334, 0.002990451951752332, -0.0010886051106465898], [-0.00622151550515722, -0.0010886051106465898, 0.05344045382383347]], "chi2_level": 0.997, "chi2_df": 3, "chi2_threshold": 13.931422665512084, "N_raw": 66, "N_roi": 66, "N_inlier": 66, "refit": true}
{"timestamp": "16:14:50.307098", "frame": 44, "mu": [0.5373119910197031, 3.8458401392116217, 0.7477028865351655], "Sigma": [[0.024969112233044773, -0.002471932487157835, -0.005065274493968729], [-0.002471932487157835, 0.0017498513472386649, -0.0033650579074409586], [-0.005065274493968729, -0.0033650579074409586, 0.030878976185364077]], "chi2_level": 0.997, "chi2_df": 3, "chi2_threshold": 13.931422665512084, "N_raw": 61, "N_roi": 61, "N_inlier": 60, "refit": true}
{"timestamp": "16:14:50.359377", "frame": 45, "mu": [0.5416639082676254, 3.752401923740157, 0.8324526322195893], "Sigma": [[0.014570000733523622, -0.0037876000559591296, -0.0012341119848380772], [-0.0037876000559591296, 0.002091002441988643, -0.002336972138307562], [-0.001234111984838077, -0.002336972138307562, 0.019178774420444616]], "chi2_level": 0.997, "chi2_df": 3, "chi2_threshold": 13.931422665512084, "N_raw": 36, "N_roi": 36, "N_inlier": 34, "refit": true}
{"timestamp": "16:14:50.416753", "frame": 46, "mu": [0.5564991301773718, 3.709738019114537, 0.6574856608686137], "Sigma": [[0.015321071413226887, -0.0003524556635665328, -0.00046801802058463226], [-0.00035245566356653267, 0.005491565667735169, -0.010330874268342791], [-0.00046801802058463226, -0.010330874268342791, 0.06071513759627682]], "chi2_level": 0.997, "chi2_df": 3, "chi2_threshold": 13.931422665512084, "N_raw": 53, "N_roi": 53, "N_inlier": 52, "refit": true}
{"timestamp": "16:14:50.465869", "frame": 47, "mu": [0.5745008476849659, 3.863966600533197, -0.3260302032290367], "Sigma": [[0.009530241425350106, 0.0068468943642390825, -0.007156338104214178], [0.0068468943642390825, 0.02601617375886575, -0.07533623394988907], [-0.00715633810421418, -0.07533623394988907, 0.25184961519486543]], "chi2_level": 0.997, "chi2_df": 3, "chi2_threshold": 13.931422665512084, "N_raw": 13, "N_roi": 10, "N_inlier": 10, "refit": true}
{"timestamp": "16:14:50.530967", "frame": 48, "mu": [0.539676424962339, 3.6005066154828187, 0.8193079946661775], "Sigma": [[0.022110526306355405, -0.0004530740265084222, -0.001259276531688823], [-0.00045307402650842233, 0.003719164280269501, -0.008949039316958073], [-0.001259276531688823, -0.008949039316958073, 0.026900770854869503]], "chi2_level": 0.997, "chi2_df": 3, "chi2_threshold": 13.931422665512084, "N_raw": 78, "N_roi": 76, "N_inlier": 76, "refit": true}
{"timestamp": "16:14:50.587642", "frame": 49, "mu": [0.610257945665577, 3.5496964889730735, 0.832039419449303], "Sigma": [[0.026095510813893753, -0.0033374639248369554, -0.026669654458502855], [-0.0033374639248369554, 0.005689686647905174, -0.005582780639249987], [-0.026669654458502855, -0.005582780639249987, 0.05819775325114143]], "chi2_level": 0.997, "chi2_df": 3, "chi2_threshold": 13.931422665512084, "N_raw": 95, "N_roi": 95, "N_inlier": 95, "refit": true}
{"timestamp": "16:14:50.641710", "frame": 50, "mu": [0.5376109279430169, 3.522799282325841, 0.7975081625821662], "Sigma": [[0.03169073019192942, -0.007247357026283693, -0.029287083892223283], [-0.007247357026283692, 0.0064602179358590394, 0.0015965241690232264], [-0.029287083892223283, 0.0015965241690232262, 0.0440761042180687]], "chi2_level": 0.997, "chi2_df": 3, "chi2_threshold": 13.931422665512084, "N_raw": 91, "N_roi": 91, "N_inlier": 89, "refit": true}
{"timestamp": "16:14:50.698147", "frame": 51, "mu": [0.5310970170631188, 3.481051992658876, 0.8397154759668071], "Sigma": [[0.026534472167815758, -0.002371004686116038, -0.012807165896181114], [-0.002371004686116038, 0.007430805411010782, -0.005515454140267745], [-0.012807165896181114, -0.005515454140267745, 0.02736896176863767]], "chi2_level": 0.997, "chi2_df": 3, "chi2_threshold": 13.931422665512084, "N_raw": 100, "N_roi": 100, "N_inlier": 97, "refit": true}
{"timestamp": "16:14:50.751145", "frame": 52, "mu": [0.5756605843454521, 3.3965369430334267, 0.6813389632426381], "Sigma": [[0.02866491917378579, -0.006717011577199514, -0.006968295653520223], [-0.006717011577199514, 0.005733969149078733, -0.0011731546418417382], [-0.006968295653520223, -0.0011731546418417382, 0.011364914188883761]], "chi2_level": 0.997, "chi2_df": 3, "chi2_threshold": 13.931422665512084, "N_raw": 75, "N_roi": 75, "N_inlier": 72, "refit": true}
{"timestamp": "16:14:50.800576", "frame": 53, "mu": [0.559558838297662, 3.5284145631109896, -0.19640092014828753], "Sigma": [[0.012416491687803472, 0.0002870920473080342, -0.005459906100000103], [0.0002870920473080344, 0.004458889772317004, -0.010001440101878853], [-0.005459906100000103, -0.010001440101878853, 0.02868115670090198]], "chi2_level": 0.997, "chi2_df": 3, "chi2_threshold": 13.931422665512084, "N_raw": 42, "N_roi": 42, "N_inlier": 41, "refit": true}
{"timestamp": "16:14:50.862012", "frame": 54, "mu": [0.5681050677613448, 3.3662834332894254, 0.8014900589604926], "Sigma": [[0.03201878431651246, 0.00040869493714031796, -0.021913549915738413], [0.0004086949371403182, 0.006127165900294606, -0.0034534347541423623], [-0.021913549915738413, -0.0034534347541423623, 0.025772313606007]], "chi2_level": 0.997, "chi2_df": 3, "chi2_threshold": 13.931422665512084, "N_raw": 87, "N_roi": 87, "N_inlier": 84, "refit": true}
{"timestamp": "16:14:50.912976", "frame": 55, "mu": [0.5260497829585672, 3.3331528949906444, 0.8081368556771957], "Sigma": [[0.025320528578526937, -0.001984118229351698, -0.017667277340218723], [-0.0019841182293516986, 0.005321783877041449, 0.0015619803781618336], [-0.017667277340218723, 0.0015619803781618336, 0.014770835984929625]], "chi2_level": 0.997, "chi2_df": 3, "chi2_threshold": 13.931422665512084, "N_raw": 65, "N_roi": 65, "N_inlier": 61, "refit": true}
{"timestamp": "16:14:50.970157", "frame": 56, "mu": [0.4686191869282296, 3.214807596864271, 0.7648988530699539], "Sigma": [[0.019867011704816088, -0.006712500811659252, -0.008206421706914427], [-0.006712500811659252, 0.004745329703629546, -0.008463319471532811], [-0.008206421706914427, -0.008463319471532811, 0.15024326806550733]], "chi2_level": 0.997, "chi2_df": 3, "chi2_threshold": 13.931422665512084, "N_raw": 79, "N_roi": 79, "N_inlier": 78, "refit": true}
{"timestamp": "16:14:51.025909", "frame": 57, "mu": [0.5420039452815849, 3.3519205111617625, -0.2944019821806023], "Sigma": [[0.02173557147577875, -0.007913314155499587, -0.0025817521196654183], [-0.007913314155499588, 0.009188238848214863, -0.010604274258752173], [-0.0025817521196654183, -0.010604274258752173, 0.0231641428259498]], "chi2_level": 0.997, "chi2_df": 3, "chi2_threshold": 13.931422665512084, "N_raw": 80, "N_roi": 80, "N_inlier": 76, "refit": true}
{"timestamp": "16:14:51.077215", "frame": 58, "mu": [0.6203591685800068, 3.0642133465721844, 0.7894954459165056], "Sigma": [[0.012712960434326948, -0.0013879366007102161, -0.004437361472326042], [-0.0013879366007102161, 0.0021273423007255304, -0.0027659781531083746], [-0.004437361472326043, -0.002765978153108374, 0.05161328701310127]], "chi2_level": 0.997, "chi2_df": 3, "chi2_threshold": 13.931422665512084, "N_raw": 58, "N_roi": 58, "N_inlier": 56, "refit": true}
{"timestamp": "16:14:51.139643", "frame": 59, "mu": [0.5888903221015943, 3.259441189642471, -0.38117146637854], "Sigma": [[0.01802891169912656, -0.021053940136099177, 0.07684933419512455], [-0.02105394013609918, 0.06450328609067067, -0.21786509191288495], [0.07684933419512455, -0.21786509191288495, 0.7740428243231524]], "chi2_level": 0.997, "chi2_df": 3, "chi2_threshold": 13.931422665512084, "N_raw": 102, "N_roi": 102, "N_inlier": 101, "refit": true}
{"timestamp": "16:14:51.189362", "frame": 60, "mu": [0.7078840796435683, 2.9917288656726497, 0.769200482105326], "Sigma": [[0.0355947771518115, 0.001610161635798156, -0.005362932927925815], [0.001610161635798156, 0.0036797363423628883, -0.005895614986018649], [-0.005362932927925814, -0.00589561498601865, 0.09363302504830542]], "chi2_level": 0.997, "chi2_df": 3, "chi2_threshold": 13.931422665512084, "N_raw": 69, "N_roi": 68, "N_inlier": 66, "refit": true}
{"timestamp": "16:14:51.253595", "frame": 61, "mu": [0.6083356229865217, 2.9789901270738737, 0.9235008509212763], "Sigma": [[0.03866099258084185, -0.006582381024224168, -0.0040798405942836635], [-0.006582381024224168, 0.006389679099537592, -0.00985035492818874], [-0.0040798405942836635, -0.009850354928188738, 0.028747279758191878]], "chi2_level": 0.997, "chi2_df": 3, "chi2_threshold": 13.931422665512084, "N_raw": 132, "N_roi": 132, "N_inlier": 128, "refit": true}
{"timestamp": "16:14:51.296817", "frame": 62, "mu": [0.6121780756519118, 2.9136157478328735, -0.9024640427130783], "Sigma": [[0.02271078433515212, 0.000869134902952085, 0.07495202987463581], [0.000869134902952085, 0.006868543881671155, -0.00671383590824828], [0.07495202987463581, -0.006713835908248282, 0.4636560600891545]], "chi2_level": 0.997, "chi2_df": 3, "chi2_threshold": 13.931422665512084, "N_raw": 51, "N_roi": 51, "N_inlier": 50, "refit": true}
{"timestamp": "16:14:51.357484", "frame": 63, "mu": [0.6368319136440317, 2.820954162374449, 0.9422284191230279], "Sigma": [[0.015377980394153357, -0.003385163409165249, -0.0033963595553684394], [-0.0033851634091652495, 0.003809215846401585, -0.008404349795752702], [-0.0033963595553684394, -0.0084043497957527, 0.04611038380451528]], "chi2_level": 0.997, "chi2_df": 3, "chi2_threshold": 13.931422665512084, "N_raw": 91, "N_roi": 91, "N_inlier": 88, "refit": true}
{"timestamp": "16:14:51.403925", "frame": 64, "mu": [0.5635900268534413, 2.822086695956813, 0.7573700598530944], "Sigma": [[0.01912048161695029, 0.000464017025294127, -0.02251678801151911], [0.00046401702529412676, 0.004730251976735098, -0.01834323478815049], [-0.02251678801151911, -0.01834323478815049, 0.12987971219769714]], "chi2_level": 0.997, "chi2_df": 3, "chi2_threshold": 13.931422665512084, "N_raw": 27, "N_roi": 27, "N_inlier": 26, "refit": true}
{"timestamp": "16:14:51.465377", "frame": 65, "mu": [0.5869699511618612, 2.7441675187458148, 0.8848205721157888], "Sigma": [[0.01534235501849272, -0.0031331414988614442, 0.0034031885863019086], [-0.0031331414988614442, 0.0030271077983992393, -0.007365956741422613], [0.0034031885863019086, -0.007365956741422612, 0.03109998065863214]], "chi2_level": 0.997, "chi2_df": 3, "chi2_threshold": 13.931422665512084, "N_raw": 83, "N_roi": 83, "N_inlier": 80, "refit": true}
{"timestamp": "16:14:51.520468", "frame": 66, "mu": [0.6369749720234832, 2.6839860556417157, 0.8005007304831675], "Sigma": [[0.01724961503772747, -0.005455043652658445, -0.0004221864328244529], [-0.005455043652658446, 0.004126101425380104, -0.006339413680190106], [-0.0004221864328244531, -0.006339413680190106, 0.025753231455165938]], "chi2_level": 0.997, "chi2_df": 3, "chi2_threshold": 13.931422665512084, "N_raw": 81, "N_roi": 81, "N_inlier": 80, "refit": true}
{"timestamp": "16:14:51.576401", "frame": 67, "mu": [0.6000717077433718, 2.6027165549583784, 0.9396071198186408], "Sigma": [[0.014991823945506256, -0.002658433061000032, 0.012422857434476006], [-0.0026584330610000314, 0.002034311199358814, -0.005030667624470778], [0.012422857434476008, -0.005030667624470778, 0.0930035571765074]], "chi2_level": 0.997, "chi2_df": 3, "chi2_threshold": 13.931422665512084, "N_raw": 87, "N_roi": 87, "N_inlier": 87, "refit": true}
{"timestamp": "16:14:51.634323", "frame": 68, "mu": [0.6182877238332319, 2.6054918858153435, 1.0102652235265739], "Sigma": [[0.014858889742570113, -0.005398778263592095, 0.0010612312627133339], [-0.005398778263592095, 0.04006515820621002, -0.009155875365947122], [0.0010612312627133343, -0.009155875365947122, 0.03579068404013641]], "chi2_level": 0.997, "chi2_df": 3, "chi2_threshold": 13.931422665512084, "N_raw": 103, "N_roi": 103, "N_inlier": 101, "refit": true}
{"timestamp": "16:14:51.687874", "frame": 69, "mu": [0.6522505956961843, 2.4939099647966563, 1.0166511748150087], "Sigma": [[0.02232828301619859, 0.00023257680732660375, -0.01752548111266944], [0.0002325768073266038, 0.002262485405011465, -0.008289440477981313], [-0.01752548111266944, -0.008289440477981313, 0.06501527570352923]], "chi2_level": 0.997, "chi2_df": 3, "chi2_threshold": 13.931422665512084, "N_raw": 91, "N_roi": 91, "N_inlier": 88, "refit": true}
{"timestamp": "16:14:51.746771", "frame": 70, "mu": [0.5261878870855397, 2.5932859189216275, -0.49847325281350596], "Sigma": [[0.01867657944696024, -0.014902767188209223, -0.01222463502042581], [-0.014902767188209225, 0.02501677316619622, 0.01483187998806575], [-0.01222463502042581, 0.01483187998806575, 0.08970190047716195]], "chi2_level": 0.997, "chi2_df": 3, "chi2_threshold": 13.931422665512084, "N_raw": 109, "N_roi": 109, "N_inlier": 105, "refit": true}
{"timestamp": "16:14:51.799459", "frame": 71, "mu": [0.5751278010291171, 2.4078749771287664, 0.9573038228266529], "Sigma": [[0.02772081520879809, -0.004525446209762168, -0.004770955822251252], [-0.004525446209762168, 0.006546939101347412, -0.006454808370877933], [-0.004770955822251252, -0.006454808370877933, 0.021918661531656995]], "chi2_level": 0.997, "chi2_df": 3, "chi2_threshold": 13.931422665512084, "N_raw": 97, "N_roi": 97, "N_inlier": 93, "refit": true}
{"timestamp": "16:14:51.856710", "frame": 72, "mu": [0.645875989924069, 2.354637993707212, 0.9449626343250372], "Sigma": [[0.022640405356200446, -3.985490488931897e-06, -0.014471080257870984], [-3.98549048893187e-06, 0.002962587116948949, -0.006540437118264907], [-0.014471080257870984, -0.006540437118264907, 0.03663296628726739]], "chi2_level": 0.997, "chi2_df": 3, "chi2_threshold": 13.931422665512084, "N_raw": 116, "N_roi": 116, "N_inlier": 111, "refit": true}
{"timestamp": "16:14:51.916035", "frame": 73, "mu": [0.5905286571411523, 2.32636194160507, 0.7021911276776696], "Sigma": [[0.026102728130468305, -0.0004791568419039631, -0.015351998623870218], [-0.0004791568419039629, 0.005698905822500118, -0.006162164341620816], [-0.01535199862387022, -0.006162164341620818, 0.18954534052995767]], "chi2_level": 0.997, "chi2_df": 3, "chi2_threshold": 13.931422665512084, "N_raw": 150, "N_roi": 150, "N_inlier": 148, "refit": true}
{"timestamp": "16:14:51.971093", "frame": 74, "mu": [0.6373589977896542, 2.2433728163005577, -0.1914015418327215], "Sigma": [[0.033027789907969736, -0.007834649128357758, 0.125618844078285], [-0.007834649128357758, 0.00660634218175279, -0.03266304330047731], [0.125618844078285, -0.03266304330047731, 0.9723274980153223]], "chi2_level": 0.997, "chi2_df": 3, "chi2_threshold": 13.931422665512084, "N_raw": 140, "N_roi": 140, "N_inlier": 139, "refit": true}
{"timestamp": "16:14:52.020035", "frame": 75, "mu": [0.5540650106565992, 2.2396233725722396, 1.2973106060513802], "Sigma": [[0.01253394565821399, -0.0026930106336242763, -0.010951657419024598], [-0.002693010633624277, 0.006321195782087335, -0.04943577558146041], [-0.010951657419024593, -0.0494357755814604, 1.5477562570417536]], "chi2_level": 0.997, "chi2_df": 3, "chi2_threshold": 13.931422665512084, "N_raw": 103, "N_roi": 103, "N_inlier": 102, "refit": true}
{"timestamp": "16:14:52.073925", "frame": 76, "mu": [0.56107861292254, 2.175456478779602, 0.8187091532105975], "Sigma": [[0.015688506729025394, -0.0022449588012101044, 0.005349017133088559], [-0.0022449588012101044, 0.004140410160938949, -0.00793275493571962], [0.005349017133088559, -0.00793275493571962, 0.18119483860074465]], "chi2_level": 0.997, "chi2_df": 3, "chi2_threshold": 13.931422665512084, "N_raw": 98, "N_roi": 98, "N_inlier": 97, "refit": true}
{"timestamp": "16:14:52.121023", "frame": 77, "mu": [0.6920040438060261, 2.103730710354577, 0.8009108578046683], "Sigma": [[0.019941907345969206, -0.0011221483459392778, -0.028267706155822657], [-0.0011221483459392776, 0.0015838813921495536, -0.0013507799527883403], [-0.028267706155822657, -0.0013507799527883405, 0.06094244420028526]], "chi2_level": 0.997, "chi2_df": 3, "chi2_threshold": 13.931422665512084, "N_raw": 42, "N_roi": 41, "N_inlier": 39, "refit": true}
{"timestamp": "16:14:52.183459", "frame": 78, "mu": [0.8129284339040745, 2.1027217056100875, 0.8850577695414175], "Sigma": [[0.017149485025490296, -0.0008662732401781964, -0.014144345556830551], [-0.0008662732401781965, 0.004545628858306248, -0.005731357249257286], [-0.014144345556830551, -0.005731357249257286, 0.027409233867696385]], "chi2_level": 0.997, "chi2_df": 3, "chi2_threshold": 13.931422665512084, "N_raw": 98, "N_roi": 98, "N_inlier": 93, "refit": true}
{"timestamp": "16:14:52.245622", "frame": 79, "mu": [0.6888954488304818, 2.0341524104788906, -0.22722913627708263], "Sigma": [[0.019372917342517774, -0.0062371781277211005, 0.11437992185292867], [-0.0062371781277211005, 0.011550669332484666, -0.08281980783058784], [0.11437992185292867, -0.08281980783058784, 1.3343363061188287]], "chi2_level": 0.997, "chi2_df": 3, "chi2_threshold": 13.931422665512084, "N_raw": 141, "N_roi": 137, "N_inlier": 137, "refit": true}
{"timestamp": "16:14:52.297768", "frame": 80, "mu": [0.6428344137862928, 2.07296015459443, -0.0524614458532105], "Sigma": [[0.014291708536542744, -0.010918522743293416, 0.060392389649616414], [-0.010918522743293416, 0.019554578474166074, -0.09741309078334259], [0.060392389649616414, -0.09741309078334259, 0.5365706600175454]], "chi2_level": 0.997, "chi2_df": 3, "chi2_threshold": 13.931422665512084, "N_raw": 114, "N_roi": 114, "N_inlier": 111, "refit": true}
{"timestamp": "16:14:52.352425", "frame": 81, "mu": [0.6780058692898303, 1.95040416902677, -1.012378581263488], "Sigma": [[0.021748884354863596, 0.006745300839975328, 0.003064614892014504], [0.006745300839975327, 0.009079807023480662, 0.008285610224405965], [0.003064614892014503, 0.008285610224405965, 0.08688487265067504]], "chi2_level": 0.997, "chi2_df": 3, "chi2_threshold": 13.931422665512084, "N_raw": 121, "N_roi": 121, "N_inlier": 118, "refit": true}
{"timestamp": "16:14:52.411977", "frame": 82, "mu": [0.664059948020669, 1.8844768736065165, 0.9116746300701364], "Sigma": [[0.03788669746857111, -0.0028538747322310364, -0.012911172662073995], [-0.0028538747322310364, 0.004881930633520534, -0.001231767853743607], [-0.012911172662073995, -0.0012317678537436061, 0.05015068113003209]], "chi2_level": 0.997, "chi2_df": 3, "chi2_threshold": 13.931422665512084, "N_raw": 150, "N_roi": 150, "N_inlier": 146, "refit": true}
{"timestamp": "16:14:52.460115", "frame": 83, "mu": [0.6772047543440896, 1.8425391499714612, 0.8704708475549051], "Sigma": [[0.06263952366510066, -0.0009918721892959454, -0.010052951783921082], [-0.0009918721892959457, 0.00516955435941364, 0.0049862933908376515], [-0.010052951783921082, 0.00498629339083765, 0.07294320250161923]], "chi2_level": 0.997, "chi2_df": 3, "chi2_threshold": 13.931422665512084, "N_raw": 80, "N_roi": 80, "N_inlier": 78, "refit": true}
{"timestamp": "16:14:52.521831", "frame": 84, "mu": [0.6239885969179011, 1.68461652228051, 0.6031613078646184], "Sigma": [[0.017259023341271836, -0.0061634527586536415, -0.013712557455467681], [-0.006163452758653641, 0.011212316330921259, 0.039241302025673774], [-0.01371255745546768, 0.039241302025673774, 0.40240661895625957]], "chi2_level": 0.997, "chi2_df": 3, "chi2_threshold": 13.931422665512084, "N_raw": 150, "N_roi": 150, "N_inlier": 149, "refit": true}
{"timestamp": "16:14:52.573123", "frame": 85, "mu": [0.6277558551975119, 1.6850405920674154, 1.0601784374496404], "Sigma": [[0.01067524545533888, -0.002310166993473219, 0.014786449003057065], [-0.002310166993473219, 0.003356968106919633, -0.007362129790504051], [0.014786449003057065, -0.007362129790504051, 0.0683654793921846]], "chi2_level": 0.997, "chi2_df": 3, "chi2_threshold": 13.931422665512084, "N_raw": 127, "N_roi": 127, "N_inlier": 122, "refit": true}
{"timestamp": "16:14:52.622039", "frame": 86, "mu": [0.6181454312841065, 1.667698545522472, 1.0347920867555573], "Sigma": [[0.009240983775164082, -0.0007744669911320084, 0.00518567683326846], [-0.0007744669911320084, 0.002762324271339244, 0.002206984968636798], [0.005185676833268461, 0.002206984968636798, 0.0710515122320691]], "chi2_level": 0.997, "chi2_df": 3, "chi2_threshold": 13.931422665512084, "N_raw": 80, "N_roi": 80, "N_inlier": 78, "refit": true}
{"timestamp": "16:14:52.682126", "frame": 87, "mu": [0.5622973985312333, 1.6498592825484144, 1.064784554851102], "Sigma": [[0.013710055098643798, -0.007088411882236579, 0.012231137561999212], [-0.007088411882236579, 0.007280688412585284, -0.013311253956906683], [0.012231137561999214, -0.013311253956906683, 0.05001529562592063]], "chi2_level": 0.997, "chi2_df": 3, "chi2_threshold": 13.931422665512084, "N_raw": 121, "N_roi": 121, "N_inlier": 117, "refit": true}
{"timestamp": "16:14:52.736841", "frame": 88, "mu": [0.6215805840112983, 1.577648491136261, -0.11290180492181201], "Sigma": [[0.008277479226279772, -0.004275047088176697, 0.06787998382866178], [-0.004275047088176697, 0.010019785607255647, -0.0793152296264801], [0.06787998382866178, -0.07931522962648009, 1.1873374855656085]], "chi2_level": 0.997, "chi2_df": 3, "chi2_threshold": 13.931422665512084, "N_raw": 119, "N_roi": 119, "N_inlier": 117, "refit": true}
{"timestamp": "16:14:52.790557", "frame": 89, "mu": [0.5648804426862788, 1.5213126791548057, -0.38455666348831546], "Sigma": [[0.010292370653279282, -0.003620960784928276, 0.07102433422242926], [-0.003620960784928276, 0.0039244707072218195, -0.041498467401447206], [0.07102433422242926, -0.041498467401447206, 1.1167858635680878]], "chi2_level": 0.997, "chi2_df": 3, "chi2_threshold": 13.931422665512084, "N_raw": 103, "N_roi": 103, "N_inlier": 102, "refit": true}
{"timestamp": "16:14:52.844439", "frame": 90, "mu": [0.5506989031414579, 1.472944355309962, 1.019770392298859], "Sigma": [[0.007343555637273795, -0.0044095675434652915, -0.004460139289677035], [-0.0044095675434652915, 0.0045629019939126695, -0.001176412638006883], [-0.004460139289677036, -0.0011764126380068825, 0.03438631737422854]], "chi2_level": 0.997, "chi2_df": 3, "chi2_threshold": 13.931422665512084, "N_raw": 95, "N_roi": 95, "N_inlier": 92, "refit": true}
{"timestamp": "16:14:52.901647", "frame": 91, "mu": [0.6200212410797791, 1.422162610613311, 1.0016657805541125], "Sigma": [[0.03187831994472157, -0.0023063850989926186, -0.017187364791809906], [-0.002306385098992618, 0.003620532206377588, -0.004819864128536936], [-0.017187364791809902, -0.0048198641285369355, 0.0314821422290254]], "chi2_level": 0.997, "chi2_df": 3, "chi2_threshold": 13.931422665512084, "N_raw": 113, "N_roi": 113, "N_inlier": 109, "refit": true}
{"timestamp": "16:14:52.958383", "frame": 92, "mu": [0.5564625135960116, 1.3368647904707631, 1.1129546898355738], "Sigma": [[0.006960438670836054, -0.0036996673243362126, 0.007531961123891287], [-0.0036996673243362126, 0.005941481981261885, -0.010357338885721374], [0.007531961123891288, -0.010357338885721375, 0.05417919573115636]], "chi2_level": 0.997, "chi2_df": 3, "chi2_threshold": 13.931422665512084, "N_raw": 123, "N_roi": 123, "N_inlier": 117, "refit": true}
{"timestamp": "16:14:53.005028", "frame": 93, "mu": [0.5889465139877851, 1.2612058646622852, 1.0346986121800523], "Sigma": [[0.007487861374933717, -0.0010722138868549476, 0.005098432950914092], [-0.0010722138868549476, 0.002926832335612272, 0.00434716826957615], [0.005098432950914092, 0.00434716826957615, 0.08702746775934425]], "chi2_level": 0.997, "chi2_df": 3, "chi2_threshold": 13.931422665512084, "N_raw": 70, "N_roi": 70, "N_inlier": 68, "refit": true}
{"timestamp": "16:14:53.066241", "frame": 94, "mu": [0.5785991956802173, 1.2512858042332748, 1.1035385844948775], "Sigma": [[0.017015711746050807, 0.0007518601199423377, -0.012767539889179617], [0.0007518601199423372, 0.0040730696879930335, -0.0051109324387587345], [-0.012767539889179617, -0.0051109324387587345, 0.02255257364901015]], "chi2_level": 0.997, "chi2_df": 3, "chi2_threshold": 13.931422665512084, "N_raw": 115, "N_roi": 115, "N_inlier": 114, "refit": true}
{"timestamp": "16:14:53.115913", "frame": 95, "mu": [0.5025523725412311, 1.194649355506191, 1.1533130619561893], "Sigma": [[0.007315271849446956, -0.005142763873222107, 0.0001452762890186874], [-0.005142763873222107, 0.006658917336429852, -0.005358551739591726], [0.00014527628901868763, -0.005358551739591726, 0.07618534542941519]], "chi2_level": 0.997, "chi2_df": 3, "chi2_threshold": 13.931422665512084, "N_raw": 70, "N_roi": 70, "N_inlier": 67, "refit": true}
{"timestamp": "16:14:53.167116", "frame": 96, "mu": [0.5520837306972706, 1.0729442373266262, 1.2697876189735702], "Sigma": [[0.016563656790118925, -0.007829579289184239, 0.009270700142615973], [-0.007829579289184239, 0.005002039949299475, -0.010779430454804187], [0.009270700142615974, -0.010779430454804187, 0.056106376725121004]], "chi2_level": 0.997, "chi2_df": 3, "chi2_threshold": 13.931422665512084, "N_raw": 53, "N_roi": 53, "N_inlier": 50, "refit": true}
{"timestamp": "16:14:53.223051", "frame": 97, "mu": [0.5382888075324872, 1.0688756928661567, 1.1606126268039392], "Sigma": [[0.018539158464245142, -0.007201167392712923, -0.012280792143210512], [-0.007201167392712924, 0.00619167956144382, -0.006085286162579747], [-0.012280792143210512, -0.006085286162579746, 0.15277814093981715]], "chi2_level": 0.997, "chi2_df": 3, "chi2_threshold": 13.931422665512084, "N_raw": 55, "N_roi": 55, "N_inlier": 52, "refit": true}
{"timestamp": "16:14:53.274965", "frame": 98, "mu": [0.6827979417384872, 1.0075447482694204, 1.1532283706018174], "Sigma": [[0.0044579365733565905, 0.000912995284399437, 0.006439544666214426], [0.0009129952843994372, 0.005616544737137154, -0.012181274999634222], [0.006439544666214426, -0.012181274999634225, 0.18712163605342622]], "chi2_level": 0.997, "chi2_df": 3, "chi2_threshold": 13.931422665512084, "N_raw": 36, "N_roi": 36, "N_inlier": 35, "refit": true}
{"timestamp": "16:14:53.328782", "frame": 99, "mu": [0.49477184484742864, 0.9843821037316403, 1.2053654856992142], "Sigma": [[0.0051253741359479745, -0.0023475419767032984, -0.0009886551480748], [-0.0023475419767032984, 0.0022493045423817764, -0.002432119286584948], [-0.0009886551480748, -0.002432119286584948, 0.03905364459021572]], "chi2_level": 0.997, "chi2_df": 3, "chi2_threshold": 13.931422665512084, "N_raw": 31, "N_roi": 31, "N_inlier": 28, "refit": true}
{"timestamp": "16:14:53.532223", "frame": 100, "mu": [0.5969736579024598, 0.9298890383018783, 1.2024406286740346], "Sigma": [[0.0019397908383407215, -0.002150254934203529, 0.00850152288354968], [-0.002150254934203529, 0.010012798349093285, -0.04216780456712268], [0.00850152288354968, -0.04216780456712267, 0.21270017228459373]], "chi2_level": 0.997, "chi2_df": 3, "chi2_threshold": 13.931422665512084, "N_raw": 23, "N_roi": 23, "N_inlier": 22, "refit": true}
{"timestamp": "16:14:53.537153", "frame": 101, "mu": [0.5839660973385782, 1.03959637249746, -0.45418516795771285], "Sigma": [[0.008364206730752584, -0.005395177564104889, 0.00524579695652605], [-0.005395177564104889, 0.012349134392728426, -0.012134077697091074], [0.00524579695652605, -0.012134077697091074, 0.013983758223712492]], "chi2_level": 0.997, "chi2_df": 3, "chi2_threshold": 13.931422665512084, "N_raw": 65, "N_roi": 65, "N_inlier": 64, "refit": true}
{"timestamp": "16:14:53.566420", "frame": 102, "mu": [0.6816734369844004, 0.7466077175147713, 1.4914097139128193], "Sigma": [[0.00128007187409691, -0.0008380532070477452, 0.00021467168408243956], [-0.0008380532070477452, 0.005895754627794223, -0.0064306782765722464], [0.0002146716840824395, -0.0064306782765722464, 0.00853410901139584]], "chi2_level": 0.997, "chi2_df": 3, "chi2_threshold": 13.931422665512084, "N_raw": 22, "N_roi": 22, "N_inlier": 20, "refit": true}
{"timestamp": "16:14:53.596987", "frame": 103, "mu": [0.6505369000769561, 0.7439402851305357, 1.3496505820428635], "Sigma": [[0.005975874414412559, -0.004886895260596684, 0.0038735655110179084], [-0.004886895260596684, 0.005718642575983681, -0.007684121149523159], [0.0038735655110179084, -0.007684121149523159, 0.032936941018245146]], "chi2_level": 0.997, "chi2_df": 3, "chi2_threshold": 13.931422665512084, "N_raw": 35, "N_roi": 35, "N_inlier": 32, "refit": true}
{"timestamp": "16:14:53.627533", "frame": 104, "mu": [0.6316839022186598, 0.6972403803603386, 1.3515539733840636], "Sigma": [[0.007272621638231626, -0.005222838818317785, 0.006516671578883294], [-0.005222838818317785, 0.005667772689298249, -0.008488586907635185], [0.006516671578883294, -0.008488586907635185, 0.022849334237502322]], "chi2_level": 0.997, "chi2_df": 3, "chi2_threshold": 13.931422665512084, "N_raw": 62, "N_roi": 62, "N_inlier": 58, "refit": true}
{"timestamp": "16:14:53.675792", "frame": 105, "mu": [0.5826940855438992, 0.7039788280923106, 1.1611147253113099], "Sigma": [[0.0029388274847537204, -0.0008484306756757769, -0.005821370186575027], [-0.0008484306756757768, 0.0034232264633203935, 0.009059592237364359], [-0.005821370186575026, 0.009059592237364359, 0.11898222646903756]], "chi2_level": 0.997, "chi2_df": 3, "chi2_threshold": 13.931422665512084, "N_raw": 18, "N_roi": 18, "N_inlier": 18, "refit": true}
{"timestamp": "16:14:53.820409", "frame": 106, "mu": [0.6387154130486833, 0.6003087414428988, 0.9624344996602977], "Sigma": [[0.0041142143863375285, -0.0017150983485392942, 0.010339596200281756], [-0.0017150983485392944, 0.00212403501845377, -0.0049082029799739895], [0.010339596200281756, -0.004908202979973989, 0.0899871727220751]], "chi2_level": 0.997, "chi2_df": 3, "chi2_threshold": 13.931422665512084, "N_raw": 35, "N_roi": 35, "N_inlier": 34, "refit": true}
{"timestamp": "16:14:53.850612", "frame": 107, "mu": [0.6724055481867071, 0.5875162648142658, 1.270016478982546], "Sigma": [[0.005074904104444615, -0.004132022691352315, 0.012232100304180597], [-0.004132022691352315, 0.009013950760377382, -0.015449761760638064], [0.012232100304180595, -0.015449761760638062, 0.05890139753480758]], "chi2_level": 0.997, "chi2_df": 3, "chi2_threshold": 13.931422665512084, "N_raw": 51, "N_roi": 51, "N_inlier": 50, "refit": true}
