{"timestamp": "17:17:02.800432", "frame": 14, "mu": [2.1956037673561464, 2.177969818847664, 1.0611967103226911], "Sigma": [[0.003322968071084125, -0.0015550410645115188, -0.003268633317616438], [-0.0015550410645115186, 0.00393044617201329, 0.0027311835495638275], [-0.0032686333176164383, 0.002731183549563827, 0.06789871677982445]], "chi2_level": 0.997, "chi2_df": 3, "chi2_threshold": 13.931422665512084, "N_raw": 23, "N_roi": 21, "N_inlier": 21, "refit": true}
{"timestamp": "17:17:02.852861", "frame": 15, "mu": [2.212215567961106, 2.172698542095466, 1.5127238366946776], "Sigma": [[0.006124761621895509, -0.0031341751093557227, 0.0010510319893858207], [-0.0031341751093557227, 0.004642074411791742, -0.0009622293172121104], [0.0010510319893858207, -0.0009622293172121104, 0.0002780499120401673]], "chi2_level": 0.997, "chi2_df": 3, "chi2_threshold": 13.931422665512084, "N_raw": 13, "N_roi": 13, "N_inlier": 12, "refit": true}
{"timestamp": "17:17:03.127898", "frame": 20, "mu": [2.0073248664842365, 2.2179448412277596, 0.9834255960209644], "Sigma": [[0.003898553397222668, -0.004473551861211659, 0.0011544619238116045], [-0.004473551861211659, 0.008322340070132666, -0.0038421636717604762], [0.0011544619238116045, -0.0038421636717604762, 0.0034503363979457003]], "chi2_level": 0.997, "chi2_df": 3, "chi2_threshold": 13.931422665512084, "N_raw": 12, "N_roi": 12, "N_inlier": 12, "refit": true}
{"timestamp": "17:17:03.183837", "frame": 21, "mu": [1.9171218285101448, 2.2835082600446746, 1.0764085245603425], "Sigma": [[0.0029939633730872, -0.003656658793070925, 0.0038304626255952568], [-0.003656658793070925, 0.009883119424783848, -0.004214252137567202], [0.0038304626255952568, -0.004214252137567203, 0.015706082735353982]], "chi2_level": 0.997, "chi2_df": 3, "chi2_threshold": 13.931422665512084, "N_raw": 15, "N_roi": 15, "N_inlier": 15, "refit": true}
{"timestamp": "17:17:03.296518", "frame": 23, "mu": [1.8268619958360006, 2.333932069744956, 1.1580885424670426], "Sigma": [[0.016352508874049154, -0.02241555665127174, 0.005576069359758804], [-0.02241555665127174, 0.03630092113435182, -0.013734579590061014], [0.005576069359758804, -0.013734579590061014, 0.010635626363591185]], "chi2_level": 0.997, "chi2_df": 3, "chi2_threshold": 13.931422665512084, "N_raw": 38, "N_roi": 38, "N_inlier": 38, "refit": true}
{"timestamp": "17:17:03.517810", "frame": 27, "mu": [1.726861674379307, 2.186920877790772, -0.09963232203030113], "Sigma": [[0.005093209480496936, -0.0014867157534823258, -0.0030353773674827687], [-0.0014867157534823258, 0.006241503667028775, -0.006561103901139836], [-0.0030353773674827687, -0.006561103901139835, 0.016267975341427904]], "chi2_level": 0.997, "chi2_df": 3, "chi2_threshold": 13.931422665512084, "N_raw": 30, "N_roi": 30, "N_inlier": 30, "refit": true}
{"timestamp": "17:17:03.572278", "frame": 28, "mu": [1.6035924800395425, 2.1998725248308575, 1.6003457097951035], "Sigma": [[0.004561308155557189, -0.0019026224222555067, -0.00016351113034700798], [-0.0019026224222555067, 0.005480522194387758, 0.00037206141064558446], [-0.00016351113034700804, 0.00037206141064558424, 0.0015538080609030361]], "chi2_level": 0.997, "chi2_df": 3, "chi2_threshold": 13.931422665512084, "N_raw": 22, "N_roi": 22, "N_inlier": 21, "refit": true}
{"timestamp": "17:17:03.740666", "frame": 31, "mu": [1.4399448376439536, 2.16734833845568, -0.297873603707481], "Sigma": [[0.010439263715419084, -0.0031868301711564474, -0.0014654633368826313], [-0.0031868301711564465, 0.007485013596727887, 0.0019343305432581882], [-0.0014654633368826313, 0.0019343305432581882, 0.004835901235219399]], "chi2_level": 0.997, "chi2_df": 3, "chi2_threshold": 13.931422665512084, "N_raw": 54, "N_roi": 54, "N_inlier": 51, "refit": true}
{"timestamp": "17:17:03.793817", "frame": 32, "mu": [1.4994387906980855, 2.1199945038196892, 0.8444603791007185], "Sigma": [[0.007762209861351178, -0.00017887831486276492, -0.004800237103805789], [-0.00017887831486276514, 0.009164323142744407, -0.00713278291375188], [-0.004800237103805788, -0.00713278291375188, 0.1309344884308224]], "chi2_level": 0.997, "chi2_df": 3, "chi2_threshold": 13.931422665512084, "N_raw": 30, "N_roi": 29, "N_inlier": 28, "refit": true}
{"timestamp": "17:17:03.856744", "frame": 33, "mu": [1.3967484557615037, 2.1311888759391606, -0.35156847505082783], "Sigma": [[0.013347811919829315, 0.00018545072553656657, 0.05059469964451189], [0.00018545072553656681, 0.011459671695561132, -0.031094069763953895], [0.05059469964451189, -0.031094069763953895, 0.4646230450751051]], "chi2_level": 0.997, "chi2_df": 3, "chi2_threshold": 13.931422665512084, "N_raw": 84, "N_roi": 83, "N_inlier": 83, "refit": true}
{"timestamp": "17:17:03.906283", "frame": 34, "mu": [1.302854296180954, 2.079380770107251, 1.1488320953943774], "Sigma": [[0.009055043320973937, -0.0018168185902949444, -0.015524226193541948], [-0.0018168185902949449, 0.006008725541907951, -0.004931191088794536], [-0.015524226193541948, -0.004931191088794536, 0.10532215552821081]], "chi2_level": 0.997, "chi2_df": 3, "chi2_threshold": 13.931422665512084, "N_raw": 46, "N_roi": 46, "N_inlier": 45, "refit": true}
{"timestamp": "17:17:03.960418", "frame": 35, "mu": [1.3281341279853156, 2.25250476515837, -0.05453353636260069], "Sigma": [[0.007304193678415955, -0.0006334557983290034, 0.005268848154773503], [-0.0006334557983290034, 0.006151827104462482, 0.005582464344590605], [0.005268848154773503, 0.005582464344590605, 0.013307007612046074]], "chi2_level": 0.997, "chi2_df": 3, "chi2_threshold": 13.931422665512084, "N_raw": 44, "N_roi": 44, "N_inlier": 42, "refit": true}
{"timestamp": "17:17:04.016280", "frame": 36, "mu": [1.3154120616498117, 2.216695138023207, 1.2830306819524313], "Sigma": [[0.010687661512705558, -0.005126927565730004, -0.009134394060985917], [-0.005126927565730004, 0.004240985989183093, 0.0021097366692518623], [-0.009134394060985917, 0.0021097366692518623, 0.027459096220592415]], "chi2_level": 0.997, "chi2_df": 3, "chi2_threshold": 13.931422665512084, "N_raw": 52, "N_roi": 50, "N_inlier": 49, "refit": true}
{"timestamp": "17:17:04.071102", "frame": 37, "mu": [1.2541210011331732, 2.191502097986297, 1.3690092671818972], "Sigma": [[0.009380766485506781, -0.006040983027107564, -0.011612924797653017], [-0.006040983027107564, 0.009558236242867911, 0.021784025197091432], [-0.011612924797653017, 0.021784025197091432, 0.09379311056593978]], "chi2_level": 0.997, "chi2_df": 3, "chi2_threshold": 13.931422665512084, "N_raw": 52, "N_roi": 52, "N_inlier": 50, "refit": true}
{"timestamp": "17:17:04.125872", "frame": 38, "mu": [1.239815509949421, 2.2032496871002594, 1.2582667079059318], "Sigma": [[0.004824997487362944, -0.003143372019066481, -0.00015035544139711137], [-0.0031433720190664816, 0.008990935398701114, 0.0136098416203551], [-0.00015035544139711116, 0.013609841620355098, 0.10782791400469587]], "chi2_level": 0.997, "chi2_df": 3, "chi2_threshold": 13.931422665512084, "N_raw": 43, "N_roi": 43, "N_inlier": 43, "refit": true}
{"timestamp": "17:17:04.177406", "frame": 39, "mu": [1.2231344445771737, 2.093193991076545, 0.7921485097370597], "Sigma": [[0.007552224622692361, -0.0037389140570175095, -0.014341016315301689], [-0.0037389140570175095, 0.003729483837205239, 0.006718932376170055], [-0.014341016315301689, 0.006718932376170054, 0.14474137756773295]], "chi2_level": 0.997, "chi2_df": 3, "chi2_threshold": 13.931422665512084, "N_raw": 30, "N_roi": 30, "N_inlier": 30, "refit": true}
{"timestamp": "17:17:04.239819", "frame": 40, "mu": [1.201704773742569, 2.2844820200144325, -0.4655776831822724], "Sigma": [[0.009611361473136315, -0.0006698987114878292, -0.026622209964833908], [-0.0006698987114878291, 0.009375842227690206, -0.03225948607187081], [-0.026622209964833908, -0.03225948607187081, 0.22699711969645422]], "chi2_level": 0.997, "chi2_df": 3, "chi2_threshold": 13.931422665512084, "N_raw": 68, "N_roi": 68, "N_inlier": 67, "refit": true}
{"timestamp": "17:17:04.288754", "frame": 41, "mu": [1.1592398022448442, 2.105714083573179, 1.3758817179217553], "Sigma": [[0.006362563722903506, -0.0022167375564828553, -0.0012748421988939833], [-0.0022167375564828558, 0.0034595606145283644, -0.0005634376202427064], [-0.0012748421988939833, -0.0005634376202427066, 0.007202194919874959]], "chi2_level": 0.997, "chi2_df": 3, "chi2_threshold": 13.931422665512084, "N_raw": 34, "N_roi": 34, "N_inlier": 31, "refit": true}
{"timestamp": "17:17:04.346740", "frame": 42, "mu": [1.1168674201171185, 2.112675222987209, 1.108323087097598], "Sigma": [[0.005473922707276221, -0.0025643440460125047, -0.003548201269623616], [-0.0025643440460125042, 0.003378110743155519, -0.007392890538755], [-0.003548201269623616, -0.007392890538755, 0.06231365156311407]], "chi2_level": 0.997, "chi2_df": 3, "chi2_threshold": 13.931422665512084, "N_raw": 47, "N_roi": 45, "N_inlier": 42, "refit": true}
{"timestamp": "17:17:04.399343", "frame": 43, "mu": [1.041845602859406, 2.1604328904590333, 1.0909040711076798], "Sigma": [[0.005065912111928614, -0.0027198050012995152, -0.01273686581127335], [-0.002719805001299515, 0.0032560668771356876, 0.006836473111799386], [-0.01273686581127335, 0.006836473111799387, 0.1515900800828667]], "chi2_level": 0.997, "chi2_df": 3, "chi2_threshold": 13.931422665512084, "N_raw": 38, "N_roi": 38, "N_inlier": 37, "refit": true}
{"timestamp": "17:17:04.459008", "frame": 44, "mu": [1.0497426154417009, 2.11013249346441, 1.0294570505013552], "Sigma": [[0.00783303503621338, -0.003156545940104909, -0.004076662982115238], [-0.003156545940104909, 0.0031944483743281014, -0.010154952901860989], [-0.004076662982115238, -0.010154952901860989, 0.14786814412162735]], "chi2_level": 0.997, "chi2_df": 3, "chi2_threshold": 13.931422665512084, "N_raw": 67, "N_roi": 67, "N_inlier": 66, "refit": true}
{"timestamp": "17:17:04.514459", "frame": 45, "mu": [0.9527455879520432, 2.094572589376521, 0.956475938123758], "Sigma": [[0.015957563455944193, -0.0017781953692310773, 0.01980402537786494], [-0.0017781953692310773, 0.0037672728919800635, -0.011300837156335553], [0.019804025377864937, -0.011300837156335555, 0.22404112767249354]], "chi2_level": 0.997, "chi2_df": 3, "chi2_threshold": 13.931422665512084, "N_raw": 68, "N_roi": 68, "N_inlier": 67, "refit": true}
{"timestamp": "17:17:04.566409", "frame": 46, "mu": [0.948956185806361, 2.0538451197499326, 1.0095894314804255], "Sigma": [[0.0058401767600273465, -0.0006636657220266385, -0.007528724728872296], [-0.0006636657220266383, 0.007684263214722333, -0.029553165282963027], [-0.007528724728872296, -0.029553165282963027, 0.169083054935409]], "chi2_level": 0.997, "chi2_df": 3, "chi2_threshold": 13.931422665512084, "N_raw": 40, "N_roi": 40, "N_inlier": 39, "refit": true}
{"timestamp": "17:17:04.626835", "frame": 47, "mu": [0.8358745306024701, 2.1050822834803937, 1.3647409008879987], "Sigma": [[0.009335199454591768, -0.003861473739114278, -0.0040988444621492814], [-0.0038614737391142783, 0.006619899564937666, 0.0045113348130128815], [-0.004098844462149281, 0.0045113348130128815, 0.07801438976020697]], "chi2_level": 0.997, "chi2_df": 3, "chi2_threshold": 13.931422665512084, "N_raw": 87, "N_roi": 87, "N_inlier": 83, "refit": true}
{"timestamp": "17:17:04.682393", "frame": 48, "mu": [0.8148530330334965, 2.1659987813491823, -0.34668776457796835], "Sigma": [[0.007424529897151099, -0.009094820817173218, 0.04299361230531594], [-0.009094820817173218, 0.0296140425040195, -0.11102299654993215], [0.04299361230531595, -0.11102299654993215, 0.9069085683077288]], "chi2_level": 0.997, "chi2_df": 3, "chi2_threshold": 13.931422665512084, "N_raw": 87, "N_roi": 86, "N_inlier": 85, "refit": true}
{"timestamp": "17:17:04.735736", "frame": 49, "mu": [0.7419419269138191, 2.097551702870496, 1.4099257639535248], "Sigma": [[0.007376553820503521, -0.008102404555839578, -0.008913174642437786], [-0.008102404555839578, 0.023691567200349213, -0.008981259557596221], [-0.008913174642437786, -0.008981259557596223, 0.09342971964398186]], "chi2_level": 0.997, "chi2_df": 3, "chi2_threshold": 13.931422665512084, "N_raw": 69, "N_roi": 69, "N_inlier": 69, "refit": true}
{"timestamp": "17:17:04.787041", "frame": 50, "mu": [0.7514570427856262, 1.9795565759852258, 1.2363014514284576], "Sigma": [[0.006482086176313651, -0.004492165686177121, 0.0036328078851140364], [-0.004492165686177122, 0.007787696442565331, -0.007057782779082236], [0.003632807885114037, -0.007057782779082235, 0.032811924751558294]], "chi2_level": 0.997, "chi2_df": 3, "chi2_threshold": 13.931422665512084, "N_raw": 47, "N_roi": 47, "N_inlier": 47, "refit": true}
{"timestamp": "17:17:04.842259", "frame": 51, "mu": [0.6482964691867917, 2.0578729509056233, 1.417317339965072], "Sigma": [[0.008235796662813398, -0.004995852313076201, -0.004525252042411661], [-0.004995852313076201, 0.01336347338358535, 0.009050807418891443], [-0.004525252042411661, 0.009050807418891445, 0.01626059564409801]], "chi2_level": 0.997, "chi2_df": 3, "chi2_threshold": 13.931422665512084, "N_raw": 58, "N_roi": 58, "N_inlier": 55, "refit": true}
{"timestamp": "17:17:04.896150", "frame": 52, "mu": [0.6174002636293386, 2.0537332789725897, 1.3834741753380189], "Sigma": [[0.008028845105867986, -0.005593504096346114, -0.0007493477652180375], [-0.005593504096346114, 0.011234946857927558, 0.0005264785587563265], [-0.0007493477652180374, 0.0005264785587563267, 0.015557761679000767]], "chi2_level": 0.997, "chi2_df": 3, "chi2_threshold": 13.931422665512084, "N_raw": 48, "N_roi": 48, "N_inlier": 45, "refit": true}
{"timestamp": "17:17:04.953913", "frame": 53, "mu": [0.5444627832045578, 2.0359932903451936, 1.2098970401055307], "Sigma": [[0.008074565040606213, -0.006362133362285964, 0.005010208504516363], [-0.006362133362285964, 0.011999411748257608, -0.013705140604830853], [0.005010208504516363, -0.013705140604830853, 0.03290653952970917]], "chi2_level": 0.997, "chi2_df": 3, "chi2_threshold": 13.931422665512084, "N_raw": 62, "N_roi": 62, "N_inlier": 60, "refit": true}
{"timestamp": "17:17:05.011502", "frame": 54, "mu": [0.49491154846371654, 2.1005126803131686, 1.3874067141665403], "Sigma": [[0.005411786117598545, -0.0038738784265330553, -0.0023734075584082633], [-0.0038738784265330553, 0.010469658752873296, 0.0017866953435449852], [-0.0023734075584082625, 0.001786695343544985, 0.024828255455696217]], "chi2_level": 0.997, "chi2_df": 3, "chi2_threshold": 13.931422665512084, "N_raw": 72, "N_roi": 66, "N_inlier": 62, "refit": true}
{"timestamp": "17:17:05.061723", "frame": 55, "mu": [0.41027433665779034, 2.1892821913757365, 1.5281395380497025], "Sigma": [[0.005931653809795473, -0.0017240351685101384, -0.008904966931704016], [-0.0017240351685101384, 0.006960217615046441, 0.011116248469482844], [-0.008904966931704016, 0.011116248469482844, 0.19803567817487466]], "chi2_level": 0.997, "chi2_df": 3, "chi2_threshold": 13.931422665512084, "N_raw": 50, "N_roi": 47, "N_inlier": 46, "refit": true}
{"timestamp": "17:17:05.113166", "frame": 56, "mu": [0.23583593248249857, 2.2584397882822107, 1.106259930652062], "Sigma": [[0.018484636611165402, -0.012899846628882779, -0.02707629545040126], [-0.012899846628882779, 0.011672486883035732, 0.017980953499540927], [-0.02707629545040126, 0.017980953499540927, 0.24144314189524432]], "chi2_level": 0.997, "chi2_df": 3, "chi2_threshold": 13.931422665512084, "N_raw": 28, "N_roi": 28, "N_inlier": 27, "refit": true}
{"timestamp": "17:17:05.169555", "frame": 57, "mu": [0.2961140319619283, 2.2264946155659735, 1.6173028531128053], "Sigma": [[0.006523856606678333, -0.001248101422400105, -0.009143997130894126], [-0.001248101422400105, 0.0035113409490483867, 0.009302074841350573], [-0.009143997130894125, 0.009302074841350573, 0.1562249471522853]], "chi2_level": 0.997, "chi2_df": 3, "chi2_threshold": 13.931422665512084, "N_raw": 44, "N_roi": 44, "N_inlier": 41, "refit": true}
{"timestamp": "17:17:05.281795", "frame": 59, "mu": [0.19031329352514484, 2.218104356093217, 1.6842508057976344], "Sigma": [[0.008715542008885028, -0.0032416819173873056, -0.0018640500604877588], [-0.0032416819173873056, 0.006549561991070798, 0.002411489596195367], [-0.0018640500604877588, 0.0024114895961953675, 0.016896133335344656]], "chi2_level": 0.997, "chi2_df": 3, "chi2_threshold": 13.931422665512084, "N_raw": 60, "N_roi": 58, "N_inlier": 56, "refit": true}
{"timestamp": "17:17:05.343686", "frame": 60, "mu": [0.23498135295537662, 2.15664883725198, 1.3137717281199943], "Sigma": [[0.015151514047800992, -0.009880927617864764, -0.053070235619044184], [-0.009880927617864764, 0.014282520903656375, 0.040719346262543685], [-0.053070235619044184, 0.040719346262543685, 0.3346580627365638]], "chi2_level": 0.997, "chi2_df": 3, "chi2_threshold": 13.931422665512084, "N_raw": 102, "N_roi": 101, "N_inlier": 101, "refit": true}
{"timestamp": "17:17:05.395870", "frame": 61, "mu": [0.12644441924286787, 2.2195201923906995, 1.4265476291118036], "Sigma": [[0.00827522198214017, -0.0006865661246107544, -0.002099520868948432], [-0.0006865661246107543, 0.002180018718812065, -0.005703302490965765], [-0.002099520868948433, -0.005703302490965766, 0.057967267799260015]], "chi2_level": 0.997, "chi2_df": 3, "chi2_threshold": 13.931422665512084, "N_raw": 77, "N_roi": 75, "N_inlier": 73, "refit": true}
{"timestamp": "17:17:05.445365", "frame": 62, "mu": [0.04179566017971975, 2.2090816383816034, 1.2060229278206118], "Sigma": [[0.0060227571437653825, 0.00014207976707016778, 0.0015332402143792764], [0.00014207976707016762, 0.0030656664645465634, 0.006667585299844056], [0.0015332402143792764, 0.006667585299844058, 0.077495964235133]], "chi2_level": 0.997, "chi2_df": 3, "chi2_threshold": 13.931422665512084, "N_raw": 41, "N_roi": 41, "N_inlier": 39, "refit": true}
{"timestamp": "17:17:05.510728", "frame": 63, "mu": [0.0012256973922201292, 2.177429581779498, 1.0779986321331425], "Sigma": [[0.016511775400827933, -0.005051131444727033, 0.014319543829147529], [-0.0050511314447270325, 0.009483680303327675, -0.004474758371207831], [0.014319543829147529, -0.004474758371207831, 0.2411261870235288]], "chi2_level": 0.997, "chi2_df": 3, "chi2_threshold": 13.931422665512084, "N_raw": 108, "N_roi": 106, "N_inlier": 105, "refit": true}
{"timestamp": "17:17:05.561902", "frame": 64, "mu": [0.0302493387117905, 2.1524684729815258, 1.3855663625018073], "Sigma": [[0.013220889577360668, -0.008864409183083729, 0.0009255934450069474], [-0.008864409183083729, 0.011281110283252774, -0.005519042975100032], [0.0009255934450069475, -0.005519042975100032, 0.006707595717791982]], "chi2_level": 0.997, "chi2_df": 3, "chi2_threshold": 13.931422665512084, "N_raw": 74, "N_roi": 72, "N_inlier": 67, "refit": true}
{"timestamp": "17:17:05.618912", "frame": 65, "mu": [-0.17445015499060848, 2.046447209146987, 0.6918471908381658], "Sigma": [[0.059997409319737266, 0.005472928819137364, 0.15639308302116467], [0.005472928819137364, 0.0035434067317134488, 0.021798978763959566], [0.1563930830211647, 0.021798978763959566, 0.5172118210786193]], "chi2_level": 0.997, "chi2_df": 3, "chi2_threshold": 13.931422665512084, "N_raw": 95, "N_roi": 95, "N_inlier": 94, "refit": true}
{"timestamp": "17:17:05.678670", "frame": 66, "mu": [-0.1817213021475432, 2.1066004988831217, 0.9203391434172248], "Sigma": [[0.053968526054004755, 0.007904853620841375, 0.14440730763345083], [0.007904853620841375, 0.0077882983653529475, 0.031800308191222336], [0.1444073076334508, 0.031800308191222336, 0.5021561404724649]], "chi2_level": 0.997, "chi2_df": 3, "chi2_threshold": 13.931422665512084, "N_raw": 125, "N_roi": 125, "N_inlier": 124, "refit": true}
{"timestamp": "17:17:05.725749", "frame": 67, "mu": [-0.08187973252529024, 2.1365238518752725, 1.4588070475658568], "Sigma": [[0.009155164583310666, -0.002180937601064896, -0.0005485192291845274], [-0.0021809376010648958, 0.007048826888250197, -0.0016857734335085498], [-0.0005485192291845276, -0.0016857734335085496, 0.007232570019765833]], "chi2_level": 0.997, "chi2_df": 3, "chi2_threshold": 13.931422665512084, "N_raw": 79, "N_roi": 79, "N_inlier": 74, "refit": true}
{"timestamp": "17:17:05.778971", "frame": 68, "mu": [-0.1777032922987712, 2.0722241470568186, 1.3948338042153337], "Sigma": [[0.018830306943622793, -0.007802824794082894, 0.004545378386811476], [-0.007802824794082894, 0.007748683438768461, -0.00253710585350551], [0.004545378386811476, -0.00253710585350551, 0.009091115142474975]], "chi2_level": 0.997, "chi2_df": 3, "chi2_threshold": 13.931422665512084, "N_raw": 65, "N_roi": 65, "N_inlier": 61, "refit": true}
{"timestamp": "17:17:05.832550", "frame": 69, "mu": [-0.1903261153819545, 1.9999382699944546, 1.1077190865118758], "Sigma": [[0.007941660741004818, -0.0024957138444662128, 0.018232667227736782], [-0.002495713844466213, 0.005435084503748821, 0.007809179367028507], [0.01823266722773678, 0.007809179367028507, 0.37631383040312366]], "chi2_level": 0.997, "chi2_df": 3, "chi2_threshold": 13.931422665512084, "N_raw": 56, "N_roi": 53, "N_inlier": 52, "refit": true}
{"timestamp": "17:17:05.886745", "frame": 70, "mu": [-0.26281308523688557, 2.022131468365873, 1.3475187045184815], "Sigma": [[0.007769856468430889, -0.0034117221839971923, -0.013987402929306357], [-0.0034117221839971923, 0.007473274612287779, -0.0030730406495514083], [-0.013987402929306357, -0.003073040649551408, 0.1652687279133396]], "chi2_level": 0.997, "chi2_df": 3, "chi2_threshold": 13.931422665512084, "N_raw": 51, "N_roi": 49, "N_inlier": 48, "refit": true}
{"timestamp": "17:17:05.940117", "frame": 71, "mu": [-0.2792385380312033, 2.0739293362176583, -0.06815650552464318], "Sigma": [[0.007064053404473027, 0.002106723058237201, -0.0010679627305946638], [0.002106723058237201, 0.004871843946453487, 0.0024252200177642684], [-0.001067962730594664, 0.0024252200177642684, 0.0031612599191334994]], "chi2_level": 0.997, "chi2_df": 3, "chi2_threshold": 13.931422665512084, "N_raw": 48, "N_roi": 48, "N_inlier": 45, "refit": true}
{"timestamp": "17:17:05.997503", "frame": 72, "mu": [-0.3134834724112951, 2.0569551745311143, 1.1898451053847607], "Sigma": [[0.00819681460305699, -0.0014852801042649136, -0.007227550915135733], [-0.0014852801042649134, 0.0025735815440374767, -0.0006816529288455916], [-0.007227550915135734, -0.0006816529288455916, 0.036210059940323135]], "chi2_level": 0.997, "chi2_df": 3, "chi2_threshold": 13.931422665512084, "N_raw": 60, "N_roi": 60, "N_inlier": 58, "refit": true}
{"timestamp": "17:17:06.053038", "frame": 73, "mu": [-0.4176746766263328, 2.0722046846963083, 1.6313338399394453], "Sigma": [[0.005657827882735347, 0.00044382019611483416, -0.0010365743258127639], [0.0004438201961148344, 0.010451737937127965, 0.007618727853253153], [-0.0010365743258127639, 0.007618727853253152, 0.007971646998745403]], "chi2_level": 0.997, "chi2_df": 3, "chi2_threshold": 13.931422665512084, "N_raw": 62, "N_roi": 60, "N_inlier": 59, "refit": true}
{"timestamp": "17:17:06.114240", "frame": 74, "mu": [-0.44778959323467904, 2.0616183094564295, 1.2186643508370814], "Sigma": [[0.010240017236886157, -0.0016163896853681145, 0.010879482832770715], [-0.0016163896853681147, 0.013177654312388333, -0.03213329450948218], [0.010879482832770715, -0.03213329450948218, 0.17527601991186767]], "chi2_level": 0.997, "chi2_df": 3, "chi2_threshold": 13.931422665512084, "N_raw": 104, "N_roi": 101, "N_inlier": 101, "refit": true}
{"timestamp": "17:17:06.170944", "frame": 75, "mu": [-0.5184047252929056, 2.0404440681146068, 1.2094562541976304], "Sigma": [[0.007860678504800255, 0.0014003571319148602, -0.008333902067767513], [0.0014003571319148606, 0.010215032247634523, -0.008970404821835101], [-0.008333902067767514, -0.008970404821835101, 0.36478388473305556]], "chi2_level": 0.997, "chi2_df": 3, "chi2_threshold": 13.931422665512084, "N_raw": 107, "N_roi": 107, "N_inlier": 107, "refit": true}
{"timestamp": "17:17:06.221027", "frame": 76, "mu": [-0.5428970689039474, 1.9853349408627499, 1.3234121959033682], "Sigma": [[0.0070167636377630365, 5.866340037953511e-05, -0.010268038428001157], [5.8663400379535275e-05, 0.012387817567657557, -0.00515636441587457], [-0.010268038428001159, -0.005156364415874571, 0.057084819061720846]], "chi2_level": 0.997, "chi2_df": 3, "chi2_threshold": 13.931422665512084, "N_raw": 77, "N_roi": 77, "N_inlier": 74, "refit": true}
{"timestamp": "17:17:06.272482", "frame": 77, "mu": [-0.5998715897889751, 1.9493754307660256, 1.3000995720633943], "Sigma": [[0.007141336337973102, -0.002717260906775789, 0.008337717569574379], [-0.002717260906775789, 0.008820521312205308, -0.020237475601534313], [0.008337717569574379, -0.02023747560153431, 0.09421890669867677]], "chi2_level": 0.997, "chi2_df": 3, "chi2_threshold": 13.931422665512084, "N_raw": 56, "N_roi": 56, "N_inlier": 53, "refit": true}
{"timestamp": "17:17:06.333326", "frame": 78, "mu": [-0.6430156181140008, 2.1077048648081824, 0.13030705970291845], "Sigma": [[0.00717932548818423, -0.00017244095372704737, 0.008940306890112439], [-0.00017244095372704737, 0.010270133487783021, 0.009193773116143165], [0.00894030689011244, 0.009193773116143165, 0.14585776856376864]], "chi2_level": 0.997, "chi2_df": 3, "chi2_threshold": 13.931422665512084, "N_raw": 80, "N_roi": 80, "N_inlier": 78, "refit": true}
{"timestamp": "17:17:06.381950", "frame": 79, "mu": [-0.6301018850116874, 2.0513108443192793, 0.7643588276645359], "Sigma": [[0.017783138335955857, -0.0074996105405690855, -0.07403478204436822], [-0.007499610540569085, 0.009083776039289738, 0.03121199609429963], [-0.07403478204436822, 0.031211996094299633, 0.4733770037586503]], "chi2_level": 0.997, "chi2_df": 3, "chi2_threshold": 13.931422665512084, "N_raw": 53, "N_roi": 53, "N_inlier": 53, "refit": true}
{"timestamp": "17:17:06.430714", "frame": 80, "mu": [-0.7132920154198639, 2.045585265054887, 0.8402923000189584], "Sigma": [[0.01681764863161226, -0.0032500484377773016, -0.06921142046295115], [-0.0032500484377773016, 0.010584474564011527, -0.002077589025477328], [-0.06921142046295115, -0.0020775890254773246, 0.6523565469213691]], "chi2_level": 0.997, "chi2_df": 3, "chi2_threshold": 13.931422665512084, "N_raw": 11, "N_roi": 11, "N_inlier": 11, "refit": true}
{"timestamp": "17:17:06.499862", "frame": 81, "mu": [-0.7806961334517453, 2.0419888103526973, 1.2145985237735217], "Sigma": [[0.008810447279334391, -0.0003581817021532095, -0.0005148344696273397], [-0.0003581817021532095, 0.006034061164605557, -0.008401325380013983], [-0.0005148344696273397, -0.008401325380013983, 0.1478106253093692]], "chi2_level": 0.997, "chi2_df": 3, "chi2_threshold": 13.931422665512084, "N_raw": 107, "N_roi": 103, "N_inlier": 101, "refit": true}
{"timestamp": "17:17:06.554776", "frame": 82, "mu": [-0.765236109238879, 2.2845542161777725, -0.43957695820147025], "Sigma": [[0.01895286166640638, 0.01569555132700298, -0.06357539282467888], [0.015695551327002975, 0.029656929898374637, -0.1035327874713126], [-0.06357539282467889, -0.1035327874713126, 0.4269361522710812]], "chi2_level": 0.997, "chi2_df": 3, "chi2_threshold": 13.931422665512084, "N_raw": 98, "N_roi": 98, "N_inlier": 97, "refit": true}
{"timestamp": "17:17:06.606409", "frame": 83, "mu": [-0.8733457786673158, 2.1437536303776534, 0.02346714961605765], "Sigma": [[0.0070364413687448975, 0.0024459706285978856, -0.007694545029131803], [0.0024459706285978856, 0.010843067966920887, -0.011430127404130156], [-0.007694545029131803, -0.011430127404130156, 0.03622162028590808]], "chi2_level": 0.997, "chi2_df": 3, "chi2_threshold": 13.931422665512084, "N_raw": 75, "N_roi": 72, "N_inlier": 69, "refit": true}
{"timestamp": "17:17:06.659820", "frame": 84, "mu": [-0.8784846440072556, 1.9950757148444394, 1.208277298127558], "Sigma": [[0.005437343896323049, -0.00031055197892233485, 0.00521413430099098], [-0.00031055197892233485, 0.0022228625276075865, -0.013250593301739801], [0.00521413430099098, -0.013250593301739803, 0.150337413333894]], "chi2_level": 0.997, "chi2_df": 3, "chi2_threshold": 13.931422665512084, "N_raw": 42, "N_roi": 40, "N_inlier": 40, "refit": true}
{"timestamp": "17:17:06.711869", "frame": 85, "mu": [-0.9437900697531333, 2.069750988496461, 1.4965900963614547], "Sigma": [[0.00853811338066769, -0.0009996531444871545, -0.004095705173380778], [-0.0009996531444871545, 0.00935973697738156, 0.004673770071933367], [-0.0040957051733807774, 0.004673770071933368, 0.03897710447856939]], "chi2_level": 0.997, "chi2_df": 3, "chi2_threshold": 13.931422665512084, "N_raw": 66, "N_roi": 65, "N_inlier": 62, "refit": true}
{"timestamp": "17:17:06.766319", "frame": 86, "mu": [-1.058134560942958, 1.9775262805852825, 1.1007844398124318], "Sigma": [[0.02089083802975917, -0.0002909106857726141, 0.07689592403887516], [-0.00029091068577261384, 0.003938679975921473, 0.006589305553698326], [0.07689592403887516, 0.006589305553698326, 0.4710571004871516]], "chi2_level": 0.997, "chi2_df": 3, "chi2_threshold": 13.931422665512084, "N_raw": 47, "N_roi": 44, "N_inlier": 44, "refit": true}
{"timestamp": "17:17:06.826631", "frame": 87, "mu": [-1.0242743373109053, 1.9692715967084375, 1.3612223664795802], "Sigma": [[0.012546755695809568, -0.0034287784297432396, -0.010276598363274988], [-0.003428778429743239, 0.013243960568544337, 0.0059615993570136016], [-0.010276598363274988, 0.0059615993570136016, 0.010711569081194562]], "chi2_level": 0.997, "chi2_df": 3, "chi2_threshold": 13.931422665512084, "N_raw": 88, "N_roi": 88, "N_inlier": 85, "refit": true}
{"timestamp": "17:17:06.881773", "frame": 88, "mu": [-1.1631463543549116, 2.0152915400645597, 1.3957051311537925], "Sigma": [[0.03446549122963882, -0.018252815593521394, -0.0017602017304717635], [-0.018252815593521394, 0.017695911960387133, -0.006293428344253806], [-0.0017602017304717635, -0.006293428344253806, 0.018597723488817202]], "chi2_level": 0.997, "chi2_df": 3, "chi2_threshold": 13.931422665512084, "N_raw": 81, "N_roi": 79, "N_inlier": 76, "refit": true}
{"timestamp": "17:17:06.932197", "frame": 89, "mu": [-1.1921214167169503, 1.9776563506938194, 1.533332135956344], "Sigma": [[0.019254839450725855, -0.007478720596809598, -0.005392013807492906], [-0.0074787205968095995, 0.008974414611741175, -0.002467163418852576], [-0.0053920138074929035, -0.0024671634188525755, 0.02487829147837453]], "chi2_level": 0.997, "chi2_df": 3, "chi2_threshold": 13.931422665512084, "N_raw": 57, "N_roi": 52, "N_inlier": 49, "refit": true}
{"timestamp": "17:17:06.988640", "frame": 90, "mu": [-1.3829131801141463, 1.9377535853415597, 1.4807762619681577], "Sigma": [[0.11501396839763273, 0.02366507063382771, -0.020089293023011927], [0.02366507063382771, 0.01953619218797766, -0.025786566088936237], [-0.020089293023011927, -0.025786566088936237, 0.05550925859328502]], "chi2_level": 0.997, "chi2_df": 3, "chi2_threshold": 13.931422665512084, "N_raw": 63, "N_roi": 59, "N_inlier": 57, "refit": true}
{"timestamp": "17:17:07.044066", "frame": 91, "mu": [-1.2760421955228496, 2.0371807307338505, 1.1214684884810966], "Sigma": [[0.008656525017988867, 0.006093922708808833, -0.02453079429217888], [0.0060939227088088336, 0.026061016915481724, -0.08059358387797043], [-0.024530794292178883, -0.08059358387797043, 0.3102610908033447]], "chi2_level": 0.997, "chi2_df": 3, "chi2_threshold": 13.931422665512084, "N_raw": 70, "N_roi": 67, "N_inlier": 66, "refit": true}
{"timestamp": "17:17:07.096411", "frame": 92, "mu": [-1.3858231769135665, 1.893851450396125, 1.3627581518027125], "Sigma": [[0.004358085455499349, 0.002233787670217351, -0.005155151176272774], [0.0022337876702173513, 0.020945313341730876, -0.05362700907153958], [-0.005155151176272774, -0.05362700907153958, 0.18367006701213065]], "chi2_level": 0.997, "chi2_df": 3, "chi2_threshold": 13.931422665512084, "N_raw": 45, "N_roi": 43, "N_inlier": 42, "refit": true}
{"timestamp": "17:17:07.153071", "frame": 93, "mu": [-1.46021277156869, 1.906968477716596, 1.3530299684193101], "Sigma": [[0.005771549819628206, 0.0026782354312900577, -0.004083633494802008], [0.0026782354312900577, 0.02408427922640425, -0.05679762022899448], [-0.004083633494802008, -0.05679762022899448, 0.18933666199182614]], "chi2_level": 0.997, "chi2_df": 3, "chi2_threshold": 13.931422665512084, "N_raw": 63, "N_roi": 63, "N_inlier": 59, "refit": true}
{"timestamp": "17:17:07.211040", "frame": 94, "mu": [-1.6134054349233915, 1.7154716024248882, 1.5339118186964136], "Sigma": [[0.04613584202635598, 0.04218236581378898, -0.040481701163607595], [0.04218236581378898, 0.04857084449911933, -0.04406171988075535], [-0.040481701163607595, -0.04406171988075535, 0.04390040181542773]], "chi2_level": 0.997, "chi2_df": 3, "chi2_threshold": 13.931422665512084, "N_raw": 90, "N_roi": 90, "N_inlier": 88, "refit": true}
{"timestamp": "17:17:07.267023", "frame": 95, "mu": [-1.70894205451608, 1.6627591886943631, 1.6367261250423963], "Sigma": [[0.03555470342873643, 0.0292891958530219, -0.029282624598457485], [0.0292891958530219, 0.03317103944309803, -0.02409984775802498], [-0.029282624598457485, -0.024099847758024977, 0.031113529653041608]], "chi2_level": 0.997, "chi2_df": 3, "chi2_threshold": 13.931422665512084, "N_raw": 95, "N_roi": 95, "N_inlier": 92, "refit": true}
{"timestamp": "17:17:07.322979", "frame": 96, "mu": [-1.7239575152397637, 1.7606396692789534, 1.6046196516416034], "Sigma": [[0.019202504468622934, 0.016449616784452163, -0.012557511921968734], [0.016449616784452163, 0.028294670711373364, -0.015106892767522875], [-0.012557511921968734, -0.015106892767522875, 0.015421737689238659]], "chi2_level": 0.997, "chi2_df": 3, "chi2_threshold": 13.931422665512084, "N_raw": 98, "N_roi": 98, "N_inlier": 97, "refit": true}
{"timestamp": "17:17:07.371663", "frame": 97, "mu": [-1.784815724554885, 1.6939482378209056, 1.8182883249523742], "Sigma": [[0.015993549600597047, 0.018072542540526225, -0.0109442184175231], [0.018072542540526225, 0.026829400649365665, -0.01137541792733012], [-0.0109442184175231, -0.01137541792733012, 0.011435772029003274]], "chi2_level": 0.997, "chi2_df": 3, "chi2_threshold": 13.931422665512084, "N_raw": 52, "N_roi": 52, "N_inlier": 50, "refit": true}
{"timestamp": "17:17:07.425381", "frame": 98, "mu": [-1.8185549294966674, 1.7126669260706076, 1.4057102374770523], "Sigma": [[0.016499610578374194, 0.02331303996434407, -0.01701989365181089], [0.02331303996434407, 0.05324863894737952, -0.03486815985527831], [-0.01701989365181089, -0.03486815985527831, 0.024750826289219357]], "chi2_level": 0.997, "chi2_df": 3, "chi2_threshold": 13.931422665512084, "N_raw": 46, "N_roi": 46, "N_inlier": 44, "refit": true}
{"timestamp": "17:17:07.485231", "frame": 99, "mu": [-1.8586106664120574, 1.774188722687795, 1.568810209536492], "Sigma": [[0.02084174473116915, 0.020675047798424724, -0.013578353446780761], [0.020675047798424724, 0.034769513246541255, -0.0175202608986711], [-0.013578353446780761, -0.0175202608986711, 0.026900337417753096]], "chi2_level": 0.997, "chi2_df": 3, "chi2_threshold": 13.931422665512084, "N_raw": 79, "N_roi": 79, "N_inlier": 77, "refit": true}
{"timestamp": "17:17:07.649648", "frame": 100, "mu": [-1.9244834982889643, 1.742755596770678, 1.7277553727940775], "Sigma": [[0.02334821893101771, 0.023034197535127535, -0.03663777767435551], [0.02303419753512754, 0.03784955364876787, -0.03658107293371625], [-0.03663777767435551, -0.03658107293371625, 0.10617284072126185]], "chi2_level": 0.997, "chi2_df": 3, "chi2_threshold": 13.931422665512084, "N_raw": 103, "N_roi": 103, "N_inlier": 101, "refit": true}
{"timestamp": "17:17:07.688641", "frame": 101, "mu": [-2.0172828426195637, 1.6303322008036947, 1.7008175536520547], "Sigma": [[0.019460492494661436, 0.012067287015227366, -0.018182998654816644], [0.012067287015227366, 0.02444096901185746, -0.011171372293436895], [-0.01818299865481664, -0.011171372293436895, 0.022087362787391582]], "chi2_level": 0.997, "chi2_df": 3, "chi2_threshold": 13.931422665512084, "N_raw": 92, "N_roi": 92, "N_inlier": 87, "refit": true}
{"timestamp": "17:17:07.718523", "frame": 102, "mu": [-2.083858875111722, 1.6113259413403214, 1.5882044117403875], "Sigma": [[0.012796800035185503, 0.0068005086517008454, -0.017670881652320558], [0.006800508651700846, 0.018954769171943164, -0.014762307891594549], [-0.01767088165232056, -0.014762307891594549, 0.054360214573583185]], "chi2_level": 0.997, "chi2_df": 3, "chi2_threshold": 13.931422665512084, "N_raw": 55, "N_roi": 55, "N_inlier": 52, "refit": true}
{"timestamp": "17:17:07.752126", "frame": 103, "mu": [-2.0711632129081865, 1.7281809748785866, 1.7880438772287648], "Sigma": [[0.019421528776112997, 0.014288771685350959, -0.013803113102453073], [0.01428877168535096, 0.022735528124856012, -0.008939403429599771], [-0.013803113102453073, -0.008939403429599771, 0.013149996406945873]], "chi2_level": 0.997, "chi2_df": 3, "chi2_threshold": 13.931422665512084, "N_raw": 77, "N_roi": 77, "N_inlier": 73, "refit": true}
{"timestamp": "17:17:07.782392", "frame": 104, "mu": [-2.093874470231386, 1.7291521689432743, 1.6756968526626903], "Sigma": [[0.01873924346564732, 0.016114508900345152, -0.01670249021404026], [0.016114508900345152, 0.030110142670774435, -0.01551260469331989], [-0.01670249021404026, -0.015512604693319889, 0.020496333280455935]], "chi2_level": 0.997, "chi2_df": 3, "chi2_threshold": 13.931422665512084, "N_raw": 89, "N_roi": 89, "N_inlier": 86, "refit": true}
{"timestamp": "17:17:07.812844", "frame": 105, "mu": [-2.176451583088481, 1.700359470447193, 1.7278331892649286], "Sigma": [[0.010647826547065045, 0.007866154011064993, -0.013082805037076588], [0.007866154011064993, 0.018172709978000523, -0.018918495130946716], [-0.013082805037076591, -0.018918495130946712, 0.043014547038594114]], "chi2_level": 0.997, "chi2_df": 3, "chi2_threshold": 13.931422665512084, "N_raw": 50, "N_roi": 50, "N_inlier": 48, "refit": true}
{"timestamp": "17:17:07.867958", "frame": 106, "mu": [-2.2183178724517605, 1.7121093802071956, 1.7350321950554068], "Sigma": [[0.013790793127431871, 0.009336715371215363, -0.006345958387160651], [0.009336715371215363, 0.018220336812052568, -0.01930483959152575], [-0.006345958387160651, -0.01930483959152575, 0.05663125004737668]], "chi2_level": 0.997, "chi2_df": 3, "chi2_threshold": 13.931422665512084, "N_raw": 60, "N_roi": 60, "N_inlier": 57, "refit": true}
{"timestamp": "17:17:07.923639", "frame": 107, "mu": [-2.1887036329202663, 1.7258737486415783, 1.4269689930045748], "Sigma": [[0.013219237598809422, 0.012741032209240884, -0.01566299513088361], [0.012741032209240884, 0.02466755138169092, -0.02256591958704366], [-0.01566299513088361, -0.02256591958704366, 0.03184819352404416]], "chi2_level": 0.997, "chi2_df": 3, "chi2_threshold": 13.931422665512084, "N_raw": 64, "N_roi": 64, "N_inlier": 61, "refit": true}
{"timestamp": "17:17:07.977389", "frame": 108, "mu": [-2.2653512193415746, 1.6976674890890457, 1.6570111304851114], "Sigma": [[0.011232078898065675, 0.009290200530508285, -0.014903217329893786], [0.009290200530508285, 0.023539984801099666, -0.018630441204875378], [-0.014903217329893786, -0.01863044120487538, 0.03476457504003318]], "chi2_level": 0.997, "chi2_df": 3, "chi2_threshold": 13.931422665512084, "N_raw": 62, "N_roi": 62, "N_inlier": 61, "refit": true}
{"timestamp": "17:17:08.034030", "frame": 109, "mu": [-2.2375819213535655, 1.6576391439652853, 1.5490566489594728], "Sigma": [[0.017291551270497158, 0.012966993987765123, -0.018197624624445356], [0.012966993987765123, 0.02661207939233554, -0.009472600410526087], [-0.018197624624445356, -0.009472600410526088, 0.022369744299627334]], "chi2_level": 0.997, "chi2_df": 3, "chi2_threshold": 13.931422665512084, "N_raw": 69, "N_roi": 68, "N_inlier": 68, "refit": true}
{"timestamp": "17:17:08.086408", "frame": 110, "mu": [-2.3012595744011275, 1.6413687605473426, 1.5635772749379926], "Sigma": [[0.009913343983980513, 0.005398173166434941, -0.010617676019432545], [0.005398173166434942, 0.016670852855221862, -0.005983189502937615], [-0.010617676019432545, -0.005983189502937615, 0.014621557211698858]], "chi2_level": 0.997, "chi2_df": 3, "chi2_threshold": 13.931422665512084, "N_raw": 50, "N_roi": 47, "N_inlier": 47, "refit": true}
