{"timestamp": "17:22:34.939851", "frame": 1, "mu": [1.370089922821394, 1.464157360206505, -0.6087800865650528], "Sigma": [[0.003999323298350683, -0.003490425737294955, 0.0054915207935050826], [-0.003490425737294955, 0.01666859786948275, -0.0590340825444701], [0.0054915207935050826, -0.0590340825444701, 0.26955979581492706]], "chi2_level": 0.997, "chi2_df": 3, "chi2_threshold": 13.931422665512084, "N_raw": 26, "N_roi": 26, "N_inlier": 25, "refit": true}
{"timestamp": "17:22:34.990975", "frame": 2, "mu": [1.295653075233625, 1.279003651645868, 0.8032122545148561], "Sigma": [[0.004336651070995673, 0.0004479358672568799, 0.017331686931141135], [0.0004479358672568798, 0.004222325631555674, 0.026044333384643112], [0.017331686931141135, 0.026044333384643112, 0.4521624302729717]], "chi2_level": 0.997, "chi2_df": 3, "chi2_threshold": 13.931422665512084, "N_raw": 10, "N_roi": 10, "N_inlier": 10, "refit": true}
{"timestamp": "17:22:35.045975", "frame": 3, "mu": [1.284907877129362, 1.2419128872659417, 0.9142289572190649], "Sigma": [[0.00944343304820093, -0.007808841232849117, 0.045475616977473425], [-0.007808841232849118, 0.020844849517627127, -0.026116707034848197], [0.045475616977473425, -0.026116707034848197, 0.3562674478195102]], "chi2_level": 0.997, "chi2_df": 3, "chi2_threshold": 13.931422665512084, "N_raw": 11, "N_roi": 11, "N_inlier": 11, "refit": true}
{"timestamp": "17:22:35.105087", "frame": 4, "mu": [1.2379244664924913, 1.309025044209939, 1.4342974557381059], "Sigma": [[0.006301368228947166, -0.0018339740192517128, 0.01423316712988176], [-0.0018339740192517126, 0.00825192892820612, -0.004360278566169228], [0.01423316712988176, -0.004360278566169228, 0.08701874704371557]], "chi2_level": 0.997, "chi2_df": 3, "chi2_threshold": 13.931422665512084, "N_raw": 41, "N_roi": 41, "N_inlier": 39, "refit": true}
{"timestamp": "17:22:35.160553", "frame": 5, "mu": [1.2818853611851533, 1.2835788573038844, 1.4548914303269904], "Sigma": [[0.0025185935694800425, -0.0007836713403940945, -0.0017190459078563261], [-0.0007836713403940943, 0.004324147746856389, -0.00021972634535720033], [-0.0017190459078563261, -0.0002197263453572003, 0.0015669958393726862]], "chi2_level": 0.997, "chi2_df": 3, "chi2_threshold": 13.931422665512084, "N_raw": 23, "N_roi": 23, "N_inlier": 21, "refit": true}
{"timestamp": "17:22:35.377840", "frame": 9, "mu": [1.106299690647221, 1.2702638708399678, 1.084955302768617], "Sigma": [[0.007832692074187563, -0.006351815022115977, -0.05010367016886138], [-0.006351815022115976, 0.012172183612993335, 0.06103447905476529], [-0.050103670168861386, 0.06103447905476529, 0.4245036662212805]], "chi2_level": 0.997, "chi2_df": 3, "chi2_threshold": 13.931422665512084, "N_raw": 10, "N_roi": 10, "N_inlier": 10, "refit": true}
{"timestamp": "17:22:35.440847", "frame": 10, "mu": [1.051611600512457, 1.2707438441436762, 1.2358788794696873], "Sigma": [[0.005608511132152193, -0.004936604529288182, -0.011457638917001203], [-0.004936604529288182, 0.006882544982484219, 0.018025829511564527], [-0.011457638917001203, 0.018025829511564527, 0.07992082751865917]], "chi2_level": 0.997, "chi2_df": 3, "chi2_threshold": 13.931422665512084, "N_raw": 66, "N_roi": 66, "N_inlier": 64, "refit": true}
{"timestamp": "17:22:35.491083", "frame": 11, "mu": [0.9754028454751091, 1.402374237497962, 0.9704493307288852], "Sigma": [[0.002566711327478772, -0.0010244249654999232, 0.0032295136767032436], [-0.0010244249654999232, 0.002693979082761684, -0.010946007391555445], [0.0032295136767032436, -0.010946007391555445, 0.15201982772678355]], "chi2_level": 0.997, "chi2_df": 3, "chi2_threshold": 13.931422665512084, "N_raw": 24, "N_roi": 24, "N_inlier": 22, "refit": true}
{"timestamp": "17:22:35.551841", "frame": 12, "mu": [0.8769386538024198, 1.4004445083240535, 1.0725375699950543], "Sigma": [[0.006781414950935435, -0.0024263691130232273, 0.013182275076725609], [-0.0024263691130232273, 0.003526024046034617, -0.00956373078448633], [0.013182275076725609, -0.00956373078448633, 0.18158544863503556]], "chi2_level": 0.997, "chi2_df": 3, "chi2_threshold": 13.931422665512084, "N_raw": 77, "N_roi": 77, "N_inlier": 76, "refit": true}
{"timestamp": "17:22:35.614518", "frame": 13, "mu": [0.8633502757415102, 1.2481212668704815, 0.5514195575558373], "Sigma": [[0.009144026868982523, -0.00622919345234375, 0.007549518020201542], [-0.00622919345234375, 0.04490082514891832, 0.08815883142725542], [0.007549518020201541, 0.08815883142725542, 0.26339007723892716]], "chi2_level": 0.997, "chi2_df": 3, "chi2_threshold": 13.931422665512084, "N_raw": 114, "N_roi": 114, "N_inlier": 113, "refit": true}
{"timestamp": "17:22:35.666474", "frame": 14, "mu": [0.8208105557792399, 1.2476071092703032, 0.9990539950987416], "Sigma": [[0.01147278296963933, 0.005811688936327566, 0.04374659863697751], [0.005811688936327566, 0.017970309499097295, 0.08044358748869264], [0.04374659863697752, 0.08044358748869265, 0.528391163731513]], "chi2_level": 0.997, "chi2_df": 3, "chi2_threshold": 13.931422665512084, "N_raw": 92, "N_roi": 92, "N_inlier": 91, "refit": true}
{"timestamp": "17:22:35.719974", "frame": 15, "mu": [0.7610451689137079, 1.4025054824290304, 1.2342586086580933], "Sigma": [[0.011989277151856869, -0.006455519931360639, 0.02135020828134871], [-0.006455519931360638, 0.006733205874666003, -0.017444134542315352], [0.02135020828134871, -0.017444134542315352, 0.0991452803789367]], "chi2_level": 0.997, "chi2_df": 3, "chi2_threshold": 13.931422665512084, "N_raw": 90, "N_roi": 90, "N_inlier": 88, "refit": true}
{"timestamp": "17:22:35.773633", "frame": 16, "mu": [0.7835846191929884, 1.3316674182715065, -0.5637586695945486], "Sigma": [[0.00982230697995169, -0.006731763973280872, 0.010523205707090243], [-0.006731763973280871, 0.011443199692939313, -0.014515114079693301], [0.010523205707090245, -0.014515114079693301, 0.04939171156778751]], "chi2_level": 0.997, "chi2_df": 3, "chi2_threshold": 13.931422665512084, "N_raw": 70, "N_roi": 70, "N_inlier": 66, "refit": true}
{"timestamp": "17:22:35.833755", "frame": 17, "mu": [0.6834204878926332, 1.3420178742733506, 0.9548469612323627], "Sigma": [[0.01603026862570997, -0.003464468819501874, 0.05027119803153393], [-0.0034644688195018735, 0.023434494669985123, 0.006439067182251415], [0.050271198031533924, 0.006439067182251415, 0.25989572848536274]], "chi2_level": 0.997, "chi2_df": 3, "chi2_threshold": 13.931422665512084, "N_raw": 112, "N_roi": 112, "N_inlier": 109, "refit": true}
{"timestamp": "17:22:35.885376", "frame": 18, "mu": [0.741084306298359, 1.26908263530317, 1.1951117499154498], "Sigma": [[0.010946221186879792, -0.014676982718918461, 0.008255396057137477], [-0.014676982718918458, 0.02753912499500971, -0.011301468454298847], [0.008255396057137477, -0.011301468454298847, 0.047718916412617995]], "chi2_level": 0.997, "chi2_df": 3, "chi2_threshold": 13.931422665512084, "N_raw": 83, "N_roi": 83, "N_inlier": 80, "refit": true}
{"timestamp": "17:22:35.949886", "frame": 19, "mu": [0.6523229931488594, 1.3370522614208098, 0.3746287555693551], "Sigma": [[0.010045779011545299, -0.010339981486509603, 0.08067531342437168], [-0.010339981486509605, 0.02409680277319398, -0.15350698135875074], [0.08067531342437168, -0.15350698135875074, 1.4368706863742595]], "chi2_level": 0.997, "chi2_df": 3, "chi2_threshold": 13.931422665512084, "N_raw": 150, "N_roi": 150, "N_inlier": 145, "refit": true}
{"timestamp": "17:22:36.001645", "frame": 20, "mu": [0.6653466472726407, 1.2061738236538389, 1.4029772367204285], "Sigma": [[0.006816523014513643, -0.00171276477439106, -0.007843441215093262], [-0.00171276477439106, 0.010739512806393594, 0.008674668850737515], [-0.007843441215093262, 0.008674668850737515, 0.07873271395168792]], "chi2_level": 0.997, "chi2_df": 3, "chi2_threshold": 13.931422665512084, "N_raw": 125, "N_roi": 125, "N_inlier": 118, "refit": true}
{"timestamp": "17:22:36.050398", "frame": 21, "mu": [0.623378784219172, 1.1831850520034453, 1.449354785548937], "Sigma": [[0.004880709365175041, -0.0005797299384641564, -0.004593323767644982], [-0.0005797299384641563, 0.00463009107355108, 0.0036970401677147396], [-0.004593323767644982, 0.0036970401677147396, 0.051708668292592276]], "chi2_level": 0.997, "chi2_df": 3, "chi2_threshold": 13.931422665512084, "N_raw": 85, "N_roi": 85, "N_inlier": 82, "refit": true}
{"timestamp": "17:22:36.102384", "frame": 22, "mu": [0.5335734193771386, 1.1987492082003157, 1.5446866914691866], "Sigma": [[0.003462159591671861, -0.0004106051464146468, -0.0027049414853604708], [-0.0004106051464146469, 0.008599884909686705, 0.0017888560617889762], [-0.0027049414853604708, 0.0017888560617889762, 0.0031668073117431987]], "chi2_level": 0.997, "chi2_df": 3, "chi2_threshold": 13.931422665512084, "N_raw": 66, "N_roi": 66, "N_inlier": 62, "refit": true}
{"timestamp": "17:22:36.156355", "frame": 23, "mu": [0.5318386128419369, 1.1698470967833685, 1.5593540291164505], "Sigma": [[0.00530252845609214, -0.00010798796249620583, -0.0025111053460762267], [-0.00010798796249620585, 0.004377162465895177, -0.0005101651884295306], [-0.002511105346076227, -0.0005101651884295306, 0.0016586058838745717]], "chi2_level": 0.997, "chi2_df": 3, "chi2_threshold": 13.931422665512084, "N_raw": 66, "N_roi": 66, "N_inlier": 62, "refit": true}
{"timestamp": "17:22:36.216013", "frame": 24, "mu": [0.47171376957354083, 1.1850867456460183, 1.2149546263907358], "Sigma": [[0.004569383776946536, -0.0002406833440650765, -0.011195550013386723], [-0.00024068334406507672, 0.008394738970223775, -0.011796063977748406], [-0.011195550013386723, -0.011796063977748406, 0.46025947048759447]], "chi2_level": 0.997, "chi2_df": 3, "chi2_threshold": 13.931422665512084, "N_raw": 95, "N_roi": 95, "N_inlier": 94, "refit": true}
{"timestamp": "17:22:36.268283", "frame": 25, "mu": [0.4372312880363638, 1.2061089977549477, 1.6237010873015367], "Sigma": [[0.004438671875055793, 0.0012142803214736458, -0.0020729485918206635], [0.0012142803214736455, 0.005734359388859103, -0.0023779155765463315], [-0.0020729485918206635, -0.0023779155765463315, 0.0017920279075469556]], "chi2_level": 0.997, "chi2_df": 3, "chi2_threshold": 13.931422665512084, "N_raw": 72, "N_roi": 72, "N_inlier": 69, "refit": true}
{"timestamp": "17:22:36.325353", "frame": 26, "mu": [0.3921219133036466, 1.2800422554777302, 0.10749625791691661], "Sigma": [[0.0043507826056008985, 0.001560534715524771, 0.03251541667178265], [0.0015605347155247709, 0.009320857221653857, -0.019688618000592364], [0.03251541667178265, -0.019688618000592364, 0.5866671172116337]], "chi2_level": 0.997, "chi2_df": 3, "chi2_threshold": 13.931422665512084, "N_raw": 85, "N_roi": 85, "N_inlier": 83, "refit": true}
{"timestamp": "17:22:36.377021", "frame": 27, "mu": [0.34760563375486686, 1.231450147340557, 1.589053950796174], "Sigma": [[0.0036265968111399505, 0.000735166300328422, -0.0018012188868282784], [0.0007351663003284218, 0.005338949875067362, -0.002211293222501604], [-0.0018012188868282784, -0.0022112932225016035, 0.0019227472920443172]], "chi2_level": 0.997, "chi2_df": 3, "chi2_threshold": 13.931422665512084, "N_raw": 67, "N_roi": 67, "N_inlier": 64, "refit": true}
{"timestamp": "17:22:36.426984", "frame": 28, "mu": [0.21722673536574663, 1.2550965813304384, 0.9421254858553495], "Sigma": [[0.0164831873671418, 0.00790355226083559, 0.013492219638325875], [0.00790355226083559, 0.0058190835092337065, 5.530270906870319e-05], [0.013492219638325871, 5.530270906870319e-05, 0.43946017331167825]], "chi2_level": 0.997, "chi2_df": 3, "chi2_threshold": 13.931422665512084, "N_raw": 11, "N_roi": 11, "N_inlier": 11, "refit": true}
{"timestamp": "17:22:36.485941", "frame": 29, "mu": [0.2650231946992823, 1.198838441678586, 1.192725195498333], "Sigma": [[0.0032315413903883173, -0.0010764882235203396, -0.002426562885429118], [-0.0010764882235203398, 0.0067173811631288756, -0.01491253386852428], [-0.0024265628854291173, -0.014912533868524282, 0.2680563765365135]], "chi2_level": 0.997, "chi2_df": 3, "chi2_threshold": 13.931422665512084, "N_raw": 66, "N_roi": 66, "N_inlier": 64, "refit": true}
{"timestamp": "17:22:36.537981", "frame": 30, "mu": [0.20434220020338845, 1.344248281502388, -0.3375624626513096], "Sigma": [[0.001508194538810026, -0.003242993189751645, 0.010061565312744974], [-0.003242993189751645, 0.020094768825098676, -0.05833909893593127], [0.010061565312744975, -0.05833909893593127, 0.21538891646375816]], "chi2_level": 0.997, "chi2_df": 3, "chi2_threshold": 13.931422665512084, "N_raw": 35, "N_roi": 35, "N_inlier": 34, "refit": true}
{"timestamp": "17:22:36.652127", "frame": 32, "mu": [0.0985164315250977, 1.3111332047717794, 0.1133832979079548], "Sigma": [[0.003078322719874815, -0.0001559639878274629, 0.0108220573252325], [-0.00015596398782746304, 0.0081960756963123, -0.0077565656085301], [0.0108220573252325, -0.007756565608530101, 0.17794211671984145]], "chi2_level": 0.997, "chi2_df": 3, "chi2_threshold": 13.931422665512084, "N_raw": 75, "N_roi": 75, "N_inlier": 72, "refit": true}
{"timestamp": "17:22:36.710783", "frame": 33, "mu": [0.06331751418104935, 1.2850205905364442, 1.6686430900044764], "Sigma": [[0.003854726833263331, 0.0006893923945068967, -0.00150795250014633], [0.0006893923945068968, 0.007165586425411192, -0.0015321607416195605], [-0.00150795250014633, -0.0015321607416195603, 0.0009206051262019717]], "chi2_level": 0.997, "chi2_df": 3, "chi2_threshold": 13.931422665512084, "N_raw": 84, "N_roi": 81, "N_inlier": 78, "refit": true}
{"timestamp": "17:22:36.764451", "frame": 34, "mu": [0.024734180260420027, 1.2686875343013186, 1.612071579192384], "Sigma": [[0.0032524191518628924, -0.0007900301677425405, -0.0015129262455703045], [-0.0007900301677425405, 0.007949262389778914, -0.0007063519275811168], [-0.0015129262455703045, -0.0007063519275811168, 0.0010538018620212418]], "chi2_level": 0.997, "chi2_df": 3, "chi2_threshold": 13.931422665512084, "N_raw": 78, "N_roi": 78, "N_inlier": 74, "refit": true}
{"timestamp": "17:22:36.820020", "frame": 35, "mu": [-0.08456023896499365, 1.3053732971956256, 1.50896493774877], "Sigma": [[0.014530042702600101, -0.007884084611672518, 0.033585940969418866], [-0.007884084611672518, 0.009899460383640252, -0.021116595376609103], [0.033585940969418866, -0.021116595376609103, 0.10257088678977515]], "chi2_level": 0.997, "chi2_df": 3, "chi2_threshold": 13.931422665512084, "N_raw": 87, "N_roi": 87, "N_inlier": 83, "refit": true}
{"timestamp": "17:22:36.884670", "frame": 36, "mu": [-0.1834448314518332, 1.4562870373812213, -0.45939490447106657], "Sigma": [[0.02947594359775505, -0.028679103267975275, 0.07815502968589974], [-0.028679103267975275, 0.03805588116283694, -0.0942488757978864], [0.07815502968589974, -0.0942488757978864, 0.43721157226499346]], "chi2_level": 0.997, "chi2_df": 3, "chi2_threshold": 13.931422665512084, "N_raw": 147, "N_roi": 143, "N_inlier": 141, "refit": true}
{"timestamp": "17:22:36.934185", "frame": 37, "mu": [-0.21907149489215394, 1.3039892340513461, 1.3585420490594249], "Sigma": [[0.037551180514668006, -0.01482235569396696, 0.06236364338368339], [-0.01482235569396696, 0.012095678633982667, -0.025985598535358517], [0.06236364338368339, -0.025985598535358517, 0.11906133536371075]], "chi2_level": 0.997, "chi2_df": 3, "chi2_threshold": 13.931422665512084, "N_raw": 107, "N_roi": 107, "N_inlier": 103, "refit": true}
{"timestamp": "17:22:36.981012", "frame": 38, "mu": [-0.13065966631869314, 1.1927223375499398, 1.342330040836412], "Sigma": [[0.023451777925958782, -0.008390555156865192, 0.02805971047369198], [-0.00839055515686519, 0.012181615060033837, -0.010114472547248041], [0.02805971047369198, -0.01011447254724804, 0.037512557240655955]], "chi2_level": 0.997, "chi2_df": 3, "chi2_threshold": 13.931422665512084, "N_raw": 54, "N_roi": 54, "N_inlier": 52, "refit": true}
{"timestamp": "17:22:37.040802", "frame": 39, "mu": [-0.30937534691834556, 1.286108458977307, -0.18487993936786074], "Sigma": [[0.0399230676653435, -0.018030806300969357, 0.1659662112208513], [-0.018030806300969354, 0.013831508811834635, -0.06142031992766816], [0.1659662112208513, -0.06142031992766816, 1.0989009897998077]], "chi2_level": 0.997, "chi2_df": 3, "chi2_threshold": 13.931422665512084, "N_raw": 92, "N_roi": 92, "N_inlier": 92, "refit": true}
{"timestamp": "17:22:37.093028", "frame": 40, "mu": [-0.22800421877972815, 1.2886504674997774, -0.1822276902194387], "Sigma": [[0.0030153151838677797, -0.00024113177203803155, -0.0025515603295152844], [-0.00024113177203803157, 0.00796207783256586, -0.0012996159185720943], [-0.0025515603295152844, -0.0012996159185720943, 0.0026847463249736387]], "chi2_level": 0.997, "chi2_df": 3, "chi2_threshold": 13.931422665512084, "N_raw": 76, "N_roi": 76, "N_inlier": 73, "refit": true}
{"timestamp": "17:22:37.140147", "frame": 41, "mu": [-0.32256041116838824, 1.2852912179040117, 1.2839114654069732], "Sigma": [[0.011437174375588116, -0.005695564053630682, 0.008830128527990175], [-0.005695564053630681, 0.009231937705409587, -0.012760670403987578], [0.008830128527990174, -0.012760670403987574, 0.36925369085952836]], "chi2_level": 0.997, "chi2_df": 3, "chi2_threshold": 13.931422665512084, "N_raw": 17, "N_roi": 17, "N_inlier": 17, "refit": true}
{"timestamp": "17:22:37.199983", "frame": 42, "mu": [-0.344133658863559, 1.2194651255480455, -0.06489848299854924], "Sigma": [[0.0027204938255934643, -0.0006005704512719895, -0.0016272159051963892], [-0.0006005704512719895, 0.003539597859159513, 0.00021799457873736394], [-0.0016272159051963892, 0.000217994578737364, 0.001569715009971957]], "chi2_level": 0.997, "chi2_df": 3, "chi2_threshold": 13.931422665512084, "N_raw": 45, "N_roi": 45, "N_inlier": 43, "refit": true}
{"timestamp": "17:22:37.342510", "frame": 43, "mu": [-0.34439170282629056, 1.289195287897417, -0.3354477246894041], "Sigma": [[0.003269856908675853, -0.0002197650403520016, -0.000798451881542431], [-0.0002197650403520016, 0.0025519572491462202, -0.006218397041989451], [-0.0007984518815424304, -0.006218397041989451, 0.12975844945431117]], "chi2_level": 0.997, "chi2_df": 3, "chi2_threshold": 13.931422665512084, "N_raw": 69, "N_roi": 69, "N_inlier": 69, "refit": true}
{"timestamp": "17:22:37.350394", "frame": 44, "mu": [-0.4417844324713062, 1.2862469593074588, -0.06350722473000626], "Sigma": [[0.003609158038745018, -0.001382318905926575, -0.0009790740507608134], [-0.0013823189059265753, 0.004356296705267578, -0.0029958333806360854], [-0.0009790740507608134, -0.0029958333806360854, 0.003494376304435825]], "chi2_level": 0.997, "chi2_df": 3, "chi2_threshold": 13.931422665512084, "N_raw": 54, "N_roi": 54, "N_inlier": 51, "refit": true}
{"timestamp": "17:22:37.386313", "frame": 45, "mu": [-0.4696831079470648, 1.171888922287599, 1.437053601544901], "Sigma": [[0.007597934937106474, -0.003401527293248846, -0.02598633145926556], [-0.003401527293248846, 0.005085230051429556, 0.014350545464017508], [-0.025986331459265558, 0.014350545464017508, 0.133541877792367]], "chi2_level": 0.997, "chi2_df": 3, "chi2_threshold": 13.931422665512084, "N_raw": 80, "N_roi": 80, "N_inlier": 77, "refit": true}
{"timestamp": "17:22:37.425317", "frame": 46, "mu": [-0.5124645744093487, 1.1087296319249655, 1.4509702080092663], "Sigma": [[0.006373105738311783, -0.002913818126937269, -0.0223996619845171], [-0.002913818126937269, 0.0076989653715527325, 0.013912370223794726], [-0.0223996619845171, 0.01391237022379473, 0.11897089355894831]], "chi2_level": 0.997, "chi2_df": 3, "chi2_threshold": 13.931422665512084, "N_raw": 87, "N_roi": 87, "N_inlier": 84, "refit": true}
{"timestamp": "17:22:37.482578", "frame": 47, "mu": [-0.5672427732644653, 1.1965362697350326, 0.1955321206700916], "Sigma": [[0.009035040624992415, -0.001580852045076513, 0.029452720617059464], [-0.0015808520450765126, 0.007991523454687507, -0.01619952007771774], [0.029452720617059464, -0.01619952007771774, 0.18449771363310452]], "chi2_level": 0.997, "chi2_df": 3, "chi2_threshold": 13.931422665512084, "N_raw": 102, "N_roi": 102, "N_inlier": 101, "refit": true}
{"timestamp": "17:22:37.543692", "frame": 48, "mu": [-0.5787179543125468, 1.243163308742751, 1.2951212104222516], "Sigma": [[0.014400104687702588, 0.013123783689045168, -0.04311517440337907], [0.013123783689045168, 0.03161361897863222, -0.0512621053856053], [-0.04311517440337907, -0.0512621053856053, 0.2456122317057082]], "chi2_level": 0.997, "chi2_df": 3, "chi2_threshold": 13.931422665512084, "N_raw": 141, "N_roi": 141, "N_inlier": 138, "refit": true}
{"timestamp": "17:22:37.593380", "frame": 49, "mu": [-0.6264315495433302, 1.2435686193341842, 1.2340962066529417], "Sigma": [[0.016263567289110784, 0.01641178525998667, -0.05423592743020767], [0.01641178525998667, 0.03736944387496159, -0.040319181151332595], [-0.05423592743020768, -0.040319181151332595, 0.25902530243764144]], "chi2_level": 0.997, "chi2_df": 3, "chi2_threshold": 13.931422665512084, "N_raw": 101, "N_roi": 101, "N_inlier": 94, "refit": true}
{"timestamp": "17:22:37.650544", "frame": 50, "mu": [-0.7950858902223924, 1.1855877050057237, 1.6482115276439273], "Sigma": [[0.02719550620490186, 0.021905436848143223, -0.016348627377615547], [0.021905436848143223, 0.02571353134495911, -0.015841483786631177], [-0.016348627377615547, -0.015841483786631177, 0.03578476118432951]], "chi2_level": 0.997, "chi2_df": 3, "chi2_threshold": 13.931422665512084, "N_raw": 119, "N_roi": 119, "N_inlier": 113, "refit": true}
{"timestamp": "17:22:37.701368", "frame": 51, "mu": [-0.882218930090383, 1.1441725385614632, 1.615514341726828], "Sigma": [[0.03763172634782129, 0.028219205347358535, -0.02325198576375706], [0.028219205347358535, 0.03097237833692159, -0.018857071226893528], [-0.02325198576375706, -0.018857071226893528, 0.0525004292889375]], "chi2_level": 0.997, "chi2_df": 3, "chi2_threshold": 13.931422665512084, "N_raw": 93, "N_roi": 93, "N_inlier": 89, "refit": true}
{"timestamp": "17:22:37.763159", "frame": 52, "mu": [-0.8904919063590054, 1.1542350108937056, 1.3158880231771732], "Sigma": [[0.029959505583541053, 0.02310600028910422, -0.03766062832756766], [0.02310600028910422, 0.03698563223429106, -0.04213443991175524], [-0.03766062832756766, -0.04213443991175524, 0.14279580049653967]], "chi2_level": 0.997, "chi2_df": 3, "chi2_threshold": 13.931422665512084, "N_raw": 142, "N_roi": 142, "N_inlier": 139, "refit": true}
{"timestamp": "17:22:37.812108", "frame": 53, "mu": [-0.9945822960280921, 1.228480712167211, -0.335660276613864], "Sigma": [[0.037723115401363166, 0.04012331427496969, -0.057620719139817256], [0.04012331427496969, 0.06983416181890498, -0.13034436391024748], [-0.057620719139817256, -0.13034436391024748, 0.34905001170923833]], "chi2_level": 0.997, "chi2_df": 3, "chi2_threshold": 13.931422665512084, "N_raw": 94, "N_roi": 94, "N_inlier": 91, "refit": true}
{"timestamp": "17:22:37.875362", "frame": 54, "mu": [-1.0609017478656515, 1.2335194550468993, -0.24821722504202826], "Sigma": [[0.030235321548419465, 0.026690860875858594, -0.016697170792758155], [0.026690860875858594, 0.045413266164925616, -0.06228660500524261], [-0.016697170792758155, -0.06228660500524261, 0.17340923463498722]], "chi2_level": 0.997, "chi2_df": 3, "chi2_threshold": 13.931422665512084, "N_raw": 150, "N_roi": 150, "N_inlier": 150, "refit": true}
{"timestamp": "17:22:37.923093", "frame": 55, "mu": [-1.1625599937460367, 1.1334270954359535, 1.8474818875036323], "Sigma": [[0.029819717528198425, 0.019510141142384058, -0.01421991127551886], [0.019510141142384054, 0.019570825088958587, -0.012936396241120788], [-0.01421991127551886, -0.012936396241120786, 0.016688078604803137]], "chi2_level": 0.997, "chi2_df": 3, "chi2_threshold": 13.931422665512084, "N_raw": 107, "N_roi": 107, "N_inlier": 102, "refit": true}
{"timestamp": "17:22:37.982524", "frame": 56, "mu": [-1.209282911397434, 1.1418602478423159, 1.605435248812088], "Sigma": [[0.02870664111513916, 0.02205670227480149, -0.02820040546892799], [0.02205670227480149, 0.02921096788793113, -0.04270553721345417], [-0.02820040546892799, -0.04270553721345417, 0.19974915681156072]], "chi2_level": 0.997, "chi2_df": 3, "chi2_threshold": 13.931422665512084, "N_raw": 139, "N_roi": 139, "N_inlier": 136, "refit": true}
{"timestamp": "17:22:38.033059", "frame": 57, "mu": [-1.1980305434886822, 1.206911830282186, 1.7827176452841385], "Sigma": [[0.03041027838039556, 0.020973691124189273, -0.018932990461338048], [0.020973691124189273, 0.022885675666383644, -0.03476453347173007], [-0.018932990461338048, -0.03476453347173007, 0.14240879110289176]], "chi2_level": 0.997, "chi2_df": 3, "chi2_threshold": 13.931422665512084, "N_raw": 101, "N_roi": 101, "N_inlier": 99, "refit": true}
{"timestamp": "17:22:38.083182", "frame": 58, "mu": [-1.206874055907188, 1.229741174494061, 1.6937480370834574], "Sigma": [[0.044369644715116764, 0.03055708777159691, -0.030072748922469444], [0.030557087771596908, 0.029458959011533933, -0.04323504713090868], [-0.030072748922469448, -0.04323504713090868, 0.14190270855638856]], "chi2_level": 0.997, "chi2_df": 3, "chi2_threshold": 13.931422665512084, "N_raw": 67, "N_roi": 67, "N_inlier": 65, "refit": true}
{"timestamp": "17:22:38.147215", "frame": 59, "mu": [-1.343148606552202, 1.1908558075949551, 0.00432078306544828], "Sigma": [[0.027479594049657968, 0.027378505907433605, 0.01069352474048526], [0.027378505907433605, 0.04000447482675114, -0.004330342345908931], [0.01069352474048526, -0.004330342345908932, 0.043498876571405026]], "chi2_level": 0.997, "chi2_df": 3, "chi2_threshold": 13.931422665512084, "N_raw": 98, "N_roi": 98, "N_inlier": 96, "refit": true}
{"timestamp": "17:22:38.191910", "frame": 60, "mu": [-1.3756138146731904, 1.2465715033218225, 0.012402942052012545], "Sigma": [[0.042263385040474444, 0.047029827118948174, -0.02478801697502126], [0.04702982711894817, 0.06532869749355924, -0.03896098693831406], [-0.02478801697502126, -0.038960986938314054, 0.02882949352941433]], "chi2_level": 0.997, "chi2_df": 3, "chi2_threshold": 13.931422665512084, "N_raw": 62, "N_roi": 62, "N_inlier": 59, "refit": true}
{"timestamp": "17:22:38.252907", "frame": 61, "mu": [-1.3451478522757316, 1.2694681312328364, 0.5143520406548254], "Sigma": [[0.024643997755907976, 0.01908846380271796, 0.07618343511649256], [0.01908846380271796, 0.024311874826050465, 0.08181934154559928], [0.07618343511649256, 0.08181934154559928, 0.4552920513379338]], "chi2_level": 0.997, "chi2_df": 3, "chi2_threshold": 13.931422665512084, "N_raw": 100, "N_roi": 100, "N_inlier": 98, "refit": true}
{"timestamp": "17:22:38.303480", "frame": 62, "mu": [-1.3813333516628945, 1.284760608027984, 1.9033415898203248], "Sigma": [[0.02471357234342207, 0.019396254136177668, -0.01801893169247904], [0.019396254136177668, 0.0210485534684414, -0.023200344515306278], [-0.01801893169247904, -0.023200344515306278, 0.04499774595638535]], "chi2_level": 0.997, "chi2_df": 3, "chi2_threshold": 13.931422665512084, "N_raw": 76, "N_roi": 76, "N_inlier": 71, "refit": true}
{"timestamp": "17:22:38.356582", "frame": 63, "mu": [-1.3937709976621644, 1.3467132183558663, 1.7419294274431734], "Sigma": [[0.03352529243365217, 0.031074531423622126, -0.04428674390083477], [0.031074531423622126, 0.043283266666384226, -0.0768045372606207], [-0.04428674390083477, -0.0768045372606207, 0.16866837734181936]], "chi2_level": 0.997, "chi2_df": 3, "chi2_threshold": 13.931422665512084, "N_raw": 69, "N_roi": 69, "N_inlier": 66, "refit": true}
{"timestamp": "17:22:38.406457", "frame": 64, "mu": [-1.2836446955899854, 1.5579019070079585, 1.2996120206892918], "Sigma": [[0.018716341359322524, 0.012832048437866854, -0.043802737271881005], [0.012832048437866856, 0.029647232610117532, -0.08697462281250068], [-0.043802737271881005, -0.08697462281250068, 0.3663483203951335]], "chi2_level": 0.997, "chi2_df": 3, "chi2_threshold": 13.931422665512084, "N_raw": 23, "N_roi": 23, "N_inlier": 23, "refit": true}
{"timestamp": "17:22:38.466809", "frame": 65, "mu": [-1.420015700040119, 1.4170152423187083, 1.7519236194654173], "Sigma": [[0.041057229461931646, 0.03584661157148228, -0.04889134348534607], [0.03584661157148228, 0.04058627580625691, -0.052830222820662985], [-0.04889134348534607, -0.05283022282066299, 0.09621654820850598]], "chi2_level": 0.997, "chi2_df": 3, "chi2_threshold": 13.931422665512084, "N_raw": 74, "N_roi": 74, "N_inlier": 70, "refit": true}
{"timestamp": "17:22:38.528403", "frame": 66, "mu": [-1.4517569915923754, 1.4643262472376457, 1.7751934491147632], "Sigma": [[0.02609157391133407, 0.02700745184997964, -0.04178345165061464], [0.02700745184997964, 0.038096127490018644, -0.0566869639125923], [-0.041783451650614645, -0.0566869639125923, 0.13343976524215634]], "chi2_level": 0.997, "chi2_df": 3, "chi2_threshold": 13.931422665512084, "N_raw": 108, "N_roi": 108, "N_inlier": 106, "refit": true}
{"timestamp": "17:22:38.572757", "frame": 67, "mu": [-1.3651714308698515, 1.5179760020423365, 1.581951967733375], "Sigma": [[0.035192578106624225, 0.025009486582098048, -0.031119866313490722], [0.025009486582098044, 0.0275608341106945, -0.0521024930721794], [-0.03111986631349072, -0.0521024930721794, 0.20731205710347742]], "chi2_level": 0.997, "chi2_df": 3, "chi2_threshold": 13.931422665512084, "N_raw": 42, "N_roi": 42, "N_inlier": 40, "refit": true}
{"timestamp": "17:22:38.626795", "frame": 68, "mu": [-1.33098891737806, 1.6236373394827697, 1.4887722857726926], "Sigma": [[0.022474896424180796, 0.015899562567945804, -0.02298830970440474], [0.015899562567945804, 0.02814595853804245, -0.06893105125565133], [-0.022988309704404745, -0.06893105125565133, 0.25582623640461793]], "chi2_level": 0.997, "chi2_df": 3, "chi2_threshold": 13.931422665512084, "N_raw": 32, "N_roi": 32, "N_inlier": 32, "refit": true}
{"timestamp": "17:22:38.684293", "frame": 69, "mu": [-1.3836502688483785, 1.6008528854725215, 1.7031001186937411], "Sigma": [[0.04755280079634132, 0.02991420396689528, -0.033882459351412875], [0.02991420396689528, 0.023323552713698306, -0.025559254121258923], [-0.033882459351412875, -0.025559254121258923, 0.039732324112114706]], "chi2_level": 0.997, "chi2_df": 3, "chi2_threshold": 13.931422665512084, "N_raw": 50, "N_roi": 50, "N_inlier": 47, "refit": true}
{"timestamp": "17:22:38.742144", "frame": 70, "mu": [-1.4373244569285384, 1.6382110707987292, 1.5619552295648187], "Sigma": [[0.05915466329176791, 0.03331859485546003, -0.024745778184308325], [0.03331859485546002, 0.03642139678540669, -0.057896869481351455], [-0.024745778184308325, -0.05789686948135145, 0.1528972948655049]], "chi2_level": 0.997, "chi2_df": 3, "chi2_threshold": 13.931422665512084, "N_raw": 66, "N_roi": 65, "N_inlier": 64, "refit": true}
{"timestamp": "17:22:38.794400", "frame": 71, "mu": [-1.2604536178521328, 1.7883031834275505, 1.5298113372882922], "Sigma": [[0.008457910323631567, 3.8119121034386295e-05, -0.00485318051330067], [3.811912103438635e-05, 0.0031126970638264482, -0.004654546704195081], [-0.00485318051330067, -0.004654546704195081, 0.013184248527505318]], "chi2_level": 0.997, "chi2_df": 3, "chi2_threshold": 13.931422665512084, "N_raw": 54, "N_roi": 53, "N_inlier": 50, "refit": true}
{"timestamp": "17:22:38.845879", "frame": 72, "mu": [-1.6335493737703854, 1.6133314532899907, 1.5511223542250707], "Sigma": [[0.09270747304387625, 0.08177209919165845, -0.10995388833394633], [0.08177209919165845, 0.08350494336040228, -0.13433602003953543], [-0.10995388833394633, -0.13433602003953543, 0.30919453897067345]], "chi2_level": 0.997, "chi2_df": 3, "chi2_threshold": 13.931422665512084, "N_raw": 25, "N_roi": 25, "N_inlier": 25, "refit": true}
{"timestamp": "17:22:38.903303", "frame": 73, "mu": [-1.2443551105964121, 1.8781397636491608, 1.530144053165572], "Sigma": [[0.006762160518375148, 0.00021877644172570046, 0.005875061473730018], [0.00021877644172570057, 0.005400824938495099, -0.013600374139390994], [0.005875061473730019, -0.013600374139390995, 0.12870891973084497]], "chi2_level": 0.997, "chi2_df": 3, "chi2_threshold": 13.931422665512084, "N_raw": 46, "N_roi": 43, "N_inlier": 40, "refit": true}
{"timestamp": "17:22:39.014984", "frame": 75, "mu": [-1.2606122630574967, 1.9891365808044967, -0.1759987569770611], "Sigma": [[0.00907118608585558, 0.003896872859775736, 0.024773468442562348], [0.003896872859775736, 0.010566691476670506, 0.013153985529671574], [0.024773468442562348, 0.013153985529671574, 0.10232113596263759]], "chi2_level": 0.997, "chi2_df": 3, "chi2_threshold": 13.931422665512084, "N_raw": 51, "N_roi": 51, "N_inlier": 48, "refit": true}
{"timestamp": "17:22:39.070575", "frame": 76, "mu": [-1.2454654373220766, 2.0275165627670795, 1.4636310142979445], "Sigma": [[0.012772139212403095, -0.0010946520041065333, 0.007931619642411838], [-0.0010946520041065335, 0.0040273911810933165, -0.010174418625501707], [0.007931619642411838, -0.010174418625501705, 0.1250938138142379]], "chi2_level": 0.997, "chi2_df": 3, "chi2_threshold": 13.931422665512084, "N_raw": 62, "N_roi": 62, "N_inlier": 60, "refit": true}
{"timestamp": "17:22:39.124768", "frame": 77, "mu": [-1.3644368437254473, 2.2293906800128567, -0.24204211958122063], "Sigma": [[0.03785472210126976, -0.02262745991361123, 0.057919189028523645], [-0.02262745991361123, 0.02918474821441721, -0.06415297073704104], [0.057919189028523645, -0.06415297073704104, 0.15248400216841276]], "chi2_level": 0.997, "chi2_df": 3, "chi2_threshold": 13.931422665512084, "N_raw": 53, "N_roi": 53, "N_inlier": 51, "refit": true}
{"timestamp": "17:22:39.181819", "frame": 78, "mu": [-1.268535871693568, 2.095627430099336, 1.5555748417535822], "Sigma": [[0.012221303867404996, -0.0017241969848676526, 0.004927394071621218], [-0.001724196984867653, 0.010498290642708632, -0.02363484507133182], [0.0049273940716212175, -0.023634845071331824, 0.09091235469403625]], "chi2_level": 0.997, "chi2_df": 3, "chi2_threshold": 13.931422665512084, "N_raw": 69, "N_roi": 69, "N_inlier": 67, "refit": true}
{"timestamp": "17:22:39.243125", "frame": 79, "mu": [-1.375257518011206, 2.1855759379985087, 1.3533379448461447], "Sigma": [[0.0262342691762407, -0.004924328429558611, 0.04060001093447679], [-0.004924328429558611, 0.011376894818793568, -0.04019770414662753], [0.04060001093447679, -0.04019770414662753, 0.22290847832256486]], "chi2_level": 0.997, "chi2_df": 3, "chi2_threshold": 13.931422665512084, "N_raw": 107, "N_roi": 107, "N_inlier": 106, "refit": true}
{"timestamp": "17:22:39.290536", "frame": 80, "mu": [-1.2796104880643393, 2.2175286647886843, 1.4580889166583328], "Sigma": [[0.008841827312343745, 0.0022993745336384475, -0.009808868195688193], [0.0022993745336384475, 0.002524287858740723, -0.008558260519704387], [-0.009808868195688193, -0.008558260519704387, 0.04639342399243853]], "chi2_level": 0.997, "chi2_df": 3, "chi2_threshold": 13.931422665512084, "N_raw": 51, "N_roi": 51, "N_inlier": 49, "refit": true}
{"timestamp": "17:22:39.344299", "frame": 81, "mu": [-1.2541163836393925, 2.2350693264930004, 1.457846398287417], "Sigma": [[0.010762992564577438, 0.003649369283700336, -0.008989322668059456], [0.0036493692837003358, 0.00500828689489501, -0.009740640450322935], [-0.008989322668059456, -0.009740640450322937, 0.021046178415371056]], "chi2_level": 0.997, "chi2_df": 3, "chi2_threshold": 13.931422665512084, "N_raw": 57, "N_roi": 57, "N_inlier": 57, "refit": true}
{"timestamp": "17:22:39.400003", "frame": 82, "mu": [-1.2477898802512262, 2.3004908677671803, 1.4424841274701137], "Sigma": [[0.008949179662636012, 0.00282104425410023, -0.01039065534624006], [0.0028210442541002304, 0.0032202095058532364, -0.01007728094050218], [-0.01039065534624006, -0.01007728094050218, 0.038553330379742]], "chi2_level": 0.997, "chi2_df": 3, "chi2_threshold": 13.931422665512084, "N_raw": 54, "N_roi": 54, "N_inlier": 51, "refit": true}
{"timestamp": "17:22:39.454608", "frame": 83, "mu": [-1.364114902005046, 2.301735110492611, 1.6642508171451753], "Sigma": [[0.008006772606525001, 0.0032118498711340574, -0.011965049680659753], [0.0032118498711340574, 0.005833602530147295, -0.009480990577525036], [-0.011965049680659753, -0.009480990577525036, 0.05338838597221753]], "chi2_level": 0.997, "chi2_df": 3, "chi2_threshold": 13.931422665512084, "N_raw": 51, "N_roi": 49, "N_inlier": 46, "refit": true}
{"timestamp": "17:22:39.514406", "frame": 84, "mu": [-1.3442259452784688, 2.4225616738097084, 0.18864465206733771], "Sigma": [[0.013708117335651545, 0.009583130103576207, -0.015622998084088692], [0.009583130103576209, 0.019723206613877216, -0.026168347750532665], [-0.015622998084088695, -0.026168347750532665, 0.04724393622401099]], "chi2_level": 0.997, "chi2_df": 3, "chi2_threshold": 13.931422665512084, "N_raw": 83, "N_roi": 83, "N_inlier": 79, "refit": true}
{"timestamp": "17:22:39.564208", "frame": 85, "mu": [-1.2696683587162851, 2.5126771347497994, 1.1239567801900716], "Sigma": [[0.009711585991454965, -8.240540072893727e-06, 0.00610403230740989], [-8.240540072894154e-06, 0.004648970850235916, -0.0059443109702455345], [0.00610403230740989, -0.0059443109702455345, 0.09653404729317701]], "chi2_level": 0.997, "chi2_df": 3, "chi2_threshold": 13.931422665512084, "N_raw": 47, "N_roi": 47, "N_inlier": 46, "refit": true}
{"timestamp": "17:22:39.623462", "frame": 86, "mu": [-1.3282586800842608, 2.431239117660091, 1.162481343579548], "Sigma": [[0.01211804733947441, 0.001167300073050465, -0.029023505428102548], [0.001167300073050465, 0.014223658736645084, 0.008050509344670012], [-0.02902350542810255, 0.008050509344670012, 0.3726843982278293]], "chi2_level": 0.997, "chi2_df": 3, "chi2_threshold": 13.931422665512084, "N_raw": 80, "N_roi": 80, "N_inlier": 79, "refit": true}
{"timestamp": "17:22:39.678250", "frame": 87, "mu": [-1.3312852523868308, 2.6113608673448647, -0.01566239580565666], "Sigma": [[0.010123911673470936, 0.006213579364539744, -0.010947886820419878], [0.006213579364539744, 0.04238462351309841, -0.08910847331200711], [-0.010947886820419878, -0.08910847331200711, 0.21093164211038026]], "chi2_level": 0.997, "chi2_df": 3, "chi2_threshold": 13.931422665512084, "N_raw": 66, "N_roi": 66, "N_inlier": 64, "refit": true}
{"timestamp": "17:22:39.732682", "frame": 88, "mu": [-1.386389733702432, 2.6138939097381373, 1.1368234652596587], "Sigma": [[0.013642166110566305, 0.009349437397624217, -0.048082962528058854], [0.009349437397624217, 0.017491621761462427, -0.07747431923403025], [-0.048082962528058854, -0.07747431923403025, 0.38933918735433654]], "chi2_level": 0.997, "chi2_df": 3, "chi2_threshold": 13.931422665512084, "N_raw": 70, "N_roi": 70, "N_inlier": 68, "refit": true}
{"timestamp": "17:22:39.789169", "frame": 89, "mu": [-1.3470154257904159, 2.655563510773008, 1.2746073095688752], "Sigma": [[0.013012442696255238, 0.005561958685528444, -0.01620706180414989], [0.0055619586855284436, 0.024716039283182865, -0.06596871742870956], [-0.01620706180414989, -0.06596871742870956, 0.1913918140635048]], "chi2_level": 0.997, "chi2_df": 3, "chi2_threshold": 13.931422665512084, "N_raw": 77, "N_roi": 76, "N_inlier": 74, "refit": true}
{"timestamp": "17:22:39.849384", "frame": 90, "mu": [-1.3881699476997391, 2.9015189009334303, -0.3657946442997605], "Sigma": [[0.012524023315126956, -0.004294824432060892, 0.013834915000637531], [-0.004294824432060893, 0.06595691840263271, -0.122286094312932], [0.013834915000637535, -0.122286094312932, 0.3064583340552585]], "chi2_level": 0.997, "chi2_df": 3, "chi2_threshold": 13.931422665512084, "N_raw": 106, "N_roi": 106, "N_inlier": 104, "refit": true}
{"timestamp": "17:22:39.896641", "frame": 91, "mu": [-1.4286886965086676, 2.6873630129423307, 1.2906700698794433], "Sigma": [[0.011691908988502864, 0.006320904102013344, -0.012043829998067274], [0.006320904102013344, 0.01822616261072811, -0.04337577475220966], [-0.012043829998067275, -0.04337577475220966, 0.10880005980628073]], "chi2_level": 0.997, "chi2_df": 3, "chi2_threshold": 13.931422665512084, "N_raw": 60, "N_roi": 60, "N_inlier": 58, "refit": true}
