{"timestamp": "16:46:36.937979", "frame": 17, "mu": [2.0326226923538595, 2.166976361650949, 1.000657500653897], "Sigma": [[0.006625247351648923, -0.006624104092022763, -0.0009204870274706802], [-0.006624104092022763, 0.007174034538934333, -0.0006200600922127294], [-0.0009204870274706805, -0.00062006009221273, 0.03039274600419468]], "chi2_level": 0.997, "chi2_df": 3, "chi2_threshold": 13.931422665512084, "N_raw": 24, "N_roi": 24, "N_inlier": 24, "refit": true}
{"timestamp": "16:46:36.994681", "frame": 18, "mu": [2.0024589741822525, 2.0953357378557844, 0.8247402743263841], "Sigma": [[0.009377814429694969, -0.008754016561131967, -0.002619079667877418], [-0.008754016561131967, 0.010351132097709057, 0.0020687245983293636], [-0.002619079667877418, 0.0020687245983293636, 0.0036867400238582964]], "chi2_level": 0.997, "chi2_df": 3, "chi2_threshold": 13.931422665512084, "N_raw": 25, "N_roi": 25, "N_inlier": 23, "refit": true}
{"timestamp": "16:46:37.157170", "frame": 21, "mu": [1.8626814632630198, 2.1635106660550254, 0.9398683869786194], "Sigma": [[0.00428142779586758, -0.007294677748460784, -0.00140116358729531], [-0.007294677748460784, 0.016649261517935693, 0.0004781780598721885], [-0.0014011635872953104, 0.0004781780598721884, 0.035804203638232245]], "chi2_level": 0.997, "chi2_df": 3, "chi2_threshold": 13.931422665512084, "N_raw": 10, "N_roi": 10, "N_inlier": 10, "refit": true}
{"timestamp": "16:46:37.216003", "frame": 22, "mu": [1.8458984758511459, 2.183113810818413, 1.2177384340743183], "Sigma": [[0.00956750907959074, -0.008997658403381403, -0.001974889865665447], [-0.008997658403381405, 0.011404956847419486, 0.007569669978779698], [-0.001974889865665447, 0.007569669978779698, 0.06884513951735796]], "chi2_level": 0.997, "chi2_df": 3, "chi2_threshold": 13.931422665512084, "N_raw": 35, "N_roi": 34, "N_inlier": 34, "refit": true}
{"timestamp": "16:46:37.268562", "frame": 23, "mu": [1.7705464245623854, 2.2257326198965, 0.8882618286956486], "Sigma": [[0.002662382723977738, -0.0035821078866098708, -0.0009038059943063454], [-0.0035821078866098708, 0.012950931680926562, -0.011728983044940793], [-0.0009038059943063456, -0.011728983044940793, 0.03114053454549684]], "chi2_level": 0.997, "chi2_df": 3, "chi2_threshold": 13.931422665512084, "N_raw": 12, "N_roi": 12, "N_inlier": 12, "refit": true}
{"timestamp": "16:46:37.324555", "frame": 24, "mu": [1.6558947300529812, 2.2871900838953674, 1.1118338464997186], "Sigma": [[0.008688478450615803, -0.010599009196862007, 0.011798284225156164], [-0.010599009196862007, 0.017755219129594012, -0.021952377368622867], [0.011798284225156164, -0.021952377368622867, 0.03024162050990116]], "chi2_level": 0.997, "chi2_df": 3, "chi2_threshold": 13.931422665512084, "N_raw": 26, "N_roi": 26, "N_inlier": 25, "refit": true}
{"timestamp": "16:46:37.380283", "frame": 25, "mu": [1.5505296476757289, 2.347819885350153, 0.9649042339489572], "Sigma": [[0.008045070166574492, -0.009661482268085636, 0.002959155091572529], [-0.009661482268085636, 0.020138539952796873, -0.014337746497714908], [0.0029591550915725293, -0.014337746497714908, 0.02740170318794483]], "chi2_level": 0.997, "chi2_df": 3, "chi2_threshold": 13.931422665512084, "N_raw": 28, "N_roi": 26, "N_inlier": 26, "refit": true}
{"timestamp": "16:46:37.435532", "frame": 26, "mu": [1.607944432754901, 2.1196623106319423, 1.2316096420291363], "Sigma": [[0.007468102522869727, -0.004767667844855097, -0.002499895781882911], [-0.004767667844855097, 0.005931316233172619, -0.001790649607436929], [-0.002499895781882911, -0.001790649607436929, 0.0073128197325863205]], "chi2_level": 0.997, "chi2_df": 3, "chi2_threshold": 13.931422665512084, "N_raw": 34, "N_roi": 32, "N_inlier": 30, "refit": true}
{"timestamp": "16:46:37.488460", "frame": 27, "mu": [1.5000951508990954, 2.0767686295811645, 1.3371896621937913], "Sigma": [[0.0019044533286655153, -0.0010977871206187995, -0.0037246033404757487], [-0.0010977871206187995, 0.00520884656985347, 0.006251895071209208], [-0.0037246033404757487, 0.006251895071209208, 0.0456547794517719]], "chi2_level": 0.997, "chi2_df": 3, "chi2_threshold": 13.931422665512084, "N_raw": 15, "N_roi": 15, "N_inlier": 14, "refit": true}
{"timestamp": "16:46:37.599469", "frame": 29, "mu": [1.424167396056325, 1.9868888387783619, 1.2441401055799726], "Sigma": [[0.005448372622305918, -0.0031130417258955394, -0.000648712232905816], [-0.0031130417258955394, 0.004898801974957772, 0.001173492511248484], [-0.000648712232905816, 0.001173492511248484, 0.0008801450344777159]], "chi2_level": 0.997, "chi2_df": 3, "chi2_threshold": 13.931422665512084, "N_raw": 23, "N_roi": 23, "N_inlier": 22, "refit": true}
{"timestamp": "16:46:37.660878", "frame": 30, "mu": [1.3474989317434591, 1.9448550950186672, 1.1311752449569563], "Sigma": [[0.010026712340589442, -0.001613747787697357, 0.0023662553289395096], [-0.0016137477876973574, 0.013782490891385673, 0.004820009070661063], [0.0023662553289395096, 0.004820009070661064, 0.009725751029846309]], "chi2_level": 0.997, "chi2_df": 3, "chi2_threshold": 13.931422665512084, "N_raw": 67, "N_roi": 67, "N_inlier": 64, "refit": true}
{"timestamp": "16:46:37.714755", "frame": 31, "mu": [1.2860955362589614, 1.958613741585595, 1.100267289895166], "Sigma": [[0.009672872276426193, -0.0003885038782063271, 0.001700208125527554], [-0.00038850387820632695, 0.015637778758397496, 0.00759263310201593], [0.0017002081255275542, 0.00759263310201593, 0.008683725589970881]], "chi2_level": 0.997, "chi2_df": 3, "chi2_threshold": 13.931422665512084, "N_raw": 63, "N_roi": 63, "N_inlier": 61, "refit": true}
{"timestamp": "16:46:37.772668", "frame": 32, "mu": [1.2242167776119108, 1.987975027287181, -0.6892164999525255], "Sigma": [[0.011649362847543908, -0.0021142047664223715, 0.02928796296459752], [-0.002114204766422372, 0.01169800238676834, -0.015552641680394445], [0.029287962964597517, -0.015552641680394448, 0.33880227771535437]], "chi2_level": 0.997, "chi2_df": 3, "chi2_threshold": 13.931422665512084, "N_raw": 76, "N_roi": 76, "N_inlier": 75, "refit": true}
{"timestamp": "16:46:37.829332", "frame": 33, "mu": [1.1857845953583879, 2.026501436057375, 1.2167139575039199], "Sigma": [[0.011804585184281386, -0.0002838628212169552, 0.0034560848834944823], [-0.00028386282121695475, 0.020991406016878295, 0.0160191468091068], [0.003456084883494482, 0.0160191468091068, 0.018116048323298106]], "chi2_level": 0.997, "chi2_df": 3, "chi2_threshold": 13.931422665512084, "N_raw": 86, "N_roi": 83, "N_inlier": 80, "refit": true}
{"timestamp": "16:46:37.881496", "frame": 34, "mu": [1.1753575671058927, 2.003103355522096, 1.2582389659371658], "Sigma": [[0.00946353802567151, -0.0017651338416300316, 0.0019453872731868605], [-0.0017651338416300316, 0.006546242450130331, 0.0008340191571437052], [0.0019453872731868605, 0.0008340191571437052, 0.0016306550704259634]], "chi2_level": 0.997, "chi2_df": 3, "chi2_threshold": 13.931422665512084, "N_raw": 52, "N_roi": 51, "N_inlier": 48, "refit": true}
{"timestamp": "16:46:37.934910", "frame": 35, "mu": [1.1431624153719502, 2.066167697717454, 1.1636568745349376], "Sigma": [[0.006952553043647628, -6.265123126871478e-05, 0.0007619729856220202], [-6.265123126871473e-05, 0.01126952040752433, 0.002685457548302055], [0.0007619729856220202, 0.0026854575483020553, 0.006186277934494377]], "chi2_level": 0.997, "chi2_df": 3, "chi2_threshold": 13.931422665512084, "N_raw": 56, "N_roi": 55, "N_inlier": 52, "refit": true}
{"timestamp": "16:46:37.988093", "frame": 36, "mu": [1.1016807809400295, 2.1173679806776646, 1.2908166886936785], "Sigma": [[0.007260921128923516, -0.0028571110202856554, -0.0006010753069312636], [-0.002857111020285655, 0.00953169558170168, 0.002547407689867172], [-0.0006010753069312636, 0.002547407689867172, 0.0019593282158531797]], "chi2_level": 0.997, "chi2_df": 3, "chi2_threshold": 13.931422665512084, "N_raw": 48, "N_roi": 48, "N_inlier": 47, "refit": true}
{"timestamp": "16:46:38.047650", "frame": 37, "mu": [1.0600209843192236, 2.2139295128264718, -0.22705575754301682], "Sigma": [[0.008765113449735473, -0.0021696196068243493, 0.028622705115930715], [-0.0021696196068243497, 0.011324146336377761, -0.027773622548136867], [0.028622705115930715, -0.027773622548136864, 0.23190270731121312]], "chi2_level": 0.997, "chi2_df": 3, "chi2_threshold": 13.931422665512084, "N_raw": 76, "N_roi": 76, "N_inlier": 73, "refit": true}
{"timestamp": "16:46:38.100520", "frame": 38, "mu": [1.0039618329570958, 2.193533130346862, 1.3619289211188932], "Sigma": [[0.00805810090165173, -0.004213053816058071, -0.0038503190593974015], [-0.004213053816058071, 0.00927150133135502, 0.002538244066882163], [-0.0038503190593974015, 0.0025382440668821633, 0.002977775392166938]], "chi2_level": 0.997, "chi2_df": 3, "chi2_threshold": 13.931422665512084, "N_raw": 55, "N_roi": 55, "N_inlier": 52, "refit": true}
{"timestamp": "16:46:38.154956", "frame": 39, "mu": [0.9882934082470048, 2.1107507065822224, -0.7193824095926348], "Sigma": [[0.006434452367232662, 0.0009327730485902257, 0.021339183254677912], [0.0009327730485902255, 0.004333568537525457, 0.009402435166892445], [0.021339183254677912, 0.009402435166892448, 0.1900503808390019]], "chi2_level": 0.997, "chi2_df": 3, "chi2_threshold": 13.931422665512084, "N_raw": 56, "N_roi": 56, "N_inlier": 54, "refit": true}
{"timestamp": "16:46:38.209138", "frame": 40, "mu": [0.889611378447025, 2.1006478902261794, 0.8612868146896618], "Sigma": [[0.007669824727231019, -0.0036832033205032484, 0.008605108694313664], [-0.0036832033205032484, 0.007679919110550225, -0.012266754547940913], [0.008605108694313664, -0.012266754547940911, 0.05733116686804897]], "chi2_level": 0.997, "chi2_df": 3, "chi2_threshold": 13.931422665512084, "N_raw": 53, "N_roi": 51, "N_inlier": 49, "refit": true}
{"timestamp": "16:46:38.267158", "frame": 41, "mu": [0.812259558385293, 2.2040408819450388, 0.7341650593468265], "Sigma": [[0.017936133735103284, -0.022206485815668014, -0.005592951478641764], [-0.022206485815668014, 0.05209976685948376, 0.062102022264294496], [-0.005592951478641765, 0.062102022264294496, 0.2886332309574721]], "chi2_level": 0.997, "chi2_df": 3, "chi2_threshold": 13.931422665512084, "N_raw": 72, "N_roi": 72, "N_inlier": 72, "refit": true}
{"timestamp": "16:46:38.316737", "frame": 42, "mu": [0.7129052643915802, 2.3314985035370617, 0.7946521244771546], "Sigma": [[0.015771925777460734, -0.019332730671380235, -0.026261837904874456], [-0.019332730671380232, 0.03149536080552637, 0.033206645896372636], [-0.02626183790487446, 0.033206645896372636, 0.17732984713978048]], "chi2_level": 0.997, "chi2_df": 3, "chi2_threshold": 13.931422665512084, "N_raw": 37, "N_roi": 37, "N_inlier": 36, "refit": true}
{"timestamp": "16:46:38.378703", "frame": 43, "mu": [0.7043913122649975, 2.3508269028256024, -0.2535284568609392], "Sigma": [[0.00932234706715602, -0.011505570662535583, 0.02475193867134544], [-0.011505570662535583, 0.029611425949507022, -0.06482927707010924], [0.02475193867134544, -0.06482927707010924, 0.3649492984912198]], "chi2_level": 0.997, "chi2_df": 3, "chi2_threshold": 13.931422665512084, "N_raw": 82, "N_roi": 82, "N_inlier": 81, "refit": true}
{"timestamp": "16:46:38.427427", "frame": 44, "mu": [0.704234197143821, 2.151658227515101, 1.1835967039966584], "Sigma": [[0.005121547613419353, -0.0009525722719786478, -0.00941098700230137], [-0.0009525722719786478, 0.0034293315982292334, 0.0027124999001994178], [-0.00941098700230137, 0.0027124999001994178, 0.22948845786143693]], "chi2_level": 0.997, "chi2_df": 3, "chi2_threshold": 13.931422665512084, "N_raw": 35, "N_roi": 35, "N_inlier": 34, "refit": true}
{"timestamp": "16:46:38.483400", "frame": 45, "mu": [0.5100851426976056, 2.0803788321516268, 0.6546477511774152], "Sigma": [[0.023153793080848462, 0.0008205488568873925, 0.05799092282785542], [0.0008205488568873927, 0.0031470878919428354, 0.018375178091308363], [0.05799092282785542, 0.01837517809130836, 0.4179790901072971]], "chi2_level": 0.997, "chi2_df": 3, "chi2_threshold": 13.931422665512084, "N_raw": 43, "N_roi": 43, "N_inlier": 41, "refit": true}
{"timestamp": "16:46:38.543881", "frame": 46, "mu": [0.5817864514090212, 2.0936932842605542, -1.0196319902521092], "Sigma": [[0.008409465166615058, 0.0018781265596933122, 0.004729567188892029], [0.001878126559693312, 0.007363648711754363, 0.017955740637440865], [0.004729567188892028, 0.01795574063744087, 0.26057081761291334]], "chi2_level": 0.997, "chi2_df": 3, "chi2_threshold": 13.931422665512084, "N_raw": 73, "N_roi": 69, "N_inlier": 65, "refit": true}
{"timestamp": "16:46:38.600041", "frame": 47, "mu": [0.5050898535681165, 2.1100108379325606, -0.23430725712073708], "Sigma": [[0.007672251016476012, -0.002888023026524511, 0.04151287003198912], [-0.002888023026524511, 0.007431655195246118, -0.0076148553946533025], [0.04151287003198912, -0.0076148553946533025, 0.813023829155958]], "chi2_level": 0.997, "chi2_df": 3, "chi2_threshold": 13.931422665512084, "N_raw": 89, "N_roi": 83, "N_inlier": 79, "refit": true}
{"timestamp": "16:46:38.652143", "frame": 48, "mu": [0.43102010253581213, 2.1133449000726925, 1.522084540071681], "Sigma": [[0.007663018410824913, -0.0033656022209998344, -0.00734388739322577], [-0.003365602220999835, 0.01229627578196236, 0.009678784890186039], [-0.007343887393225771, 0.009678784890186039, 0.012416131748560665]], "chi2_level": 0.997, "chi2_df": 3, "chi2_threshold": 13.931422665512084, "N_raw": 72, "N_roi": 72, "N_inlier": 68, "refit": true}
{"timestamp": "16:46:38.706129", "frame": 49, "mu": [0.4120170739061443, 2.1635481321689887, -0.004370844372059979], "Sigma": [[0.006702946934644236, -0.0010390969979598647, -0.005560888834328738], [-0.0010390969979598647, 0.008326025933019307, 0.008659047427709583], [-0.005560888834328738, 0.008659047427709583, 0.013358809975817426]], "chi2_level": 0.997, "chi2_df": 3, "chi2_threshold": 13.931422665512084, "N_raw": 69, "N_roi": 69, "N_inlier": 66, "refit": true}
{"timestamp": "16:46:38.764815", "frame": 50, "mu": [0.3095948850668431, 2.105664733153426, 1.4108979906987722], "Sigma": [[0.00861581860610149, -0.003020101909375304, -0.010039987303103723], [-0.0030201019093753045, 0.007865928479685726, 0.002419058429561144], [-0.010039987303103723, 0.002419058429561144, 0.035943279692778954]], "chi2_level": 0.997, "chi2_df": 3, "chi2_threshold": 13.931422665512084, "N_raw": 84, "N_roi": 82, "N_inlier": 79, "refit": true}
{"timestamp": "16:46:38.817855", "frame": 51, "mu": [0.2583735764196078, 2.066437955088868, 1.5014416282581817], "Sigma": [[0.007114411318982125, -0.00236284143028058, -0.007868755976284137], [-0.00236284143028058, 0.014898244603963919, 0.015466602762969671], [-0.007868755976284137, 0.015466602762969671, 0.02190786020823684]], "chi2_level": 0.997, "chi2_df": 3, "chi2_threshold": 13.931422665512084, "N_raw": 75, "N_roi": 75, "N_inlier": 69, "refit": true}
{"timestamp": "16:46:38.875146", "frame": 52, "mu": [0.2148767312960525, 2.1227108582644916, 0.09011354991771285], "Sigma": [[0.008173050002379766, 0.00107648294816557, 0.05636555566448441], [0.00107648294816557, 0.010897871765440456, -0.007354333637030128], [0.0563655556644844, -0.007354333637030129, 0.5439713249013015]], "chi2_level": 0.997, "chi2_df": 3, "chi2_threshold": 13.931422665512084, "N_raw": 89, "N_roi": 86, "N_inlier": 82, "refit": true}
{"timestamp": "16:46:39.014920", "frame": 53, "mu": [0.18823373421693365, 2.3246889777799313, -0.6186305994091632], "Sigma": [[0.00623062012478631, -0.0036633755809212967, 0.00395554155621629], [-0.0036633755809212967, 0.012738838065022916, -0.0359030299667069], [0.00395554155621629, -0.03590302996670689, 0.12600008772703875]], "chi2_level": 0.997, "chi2_df": 3, "chi2_threshold": 13.931422665512084, "N_raw": 36, "N_roi": 30, "N_inlier": 28, "refit": true}
{"timestamp": "16:46:39.043063", "frame": 54, "mu": [0.01565793138027065, 1.9273676660975183, 0.9739853121419381], "Sigma": [[0.02483180274433365, 0.03245652932228777, 0.11312447100104348], [0.03245652932228777, 0.26301289411418943, 0.3047597773076966], [0.11312447100104348, 0.30475977730769654, 0.7769037217440425]], "chi2_level": 0.997, "chi2_df": 3, "chi2_threshold": 13.931422665512084, "N_raw": 89, "N_roi": 89, "N_inlier": 89, "refit": true}
{"timestamp": "16:46:39.074925", "frame": 55, "mu": [0.04165179745416687, 2.142531191611686, 1.5530448781249573], "Sigma": [[0.008113390087452339, 0.0007428434877580045, -0.0023187721459643797], [0.0007428434877580048, 0.013336517105988216, 0.006551173113297415], [-0.0023187721459643797, 0.006551173113297415, 0.007153616471343958]], "chi2_level": 0.997, "chi2_df": 3, "chi2_threshold": 13.931422665512084, "N_raw": 89, "N_roi": 86, "N_inlier": 81, "refit": true}
{"timestamp": "16:46:39.105292", "frame": 56, "mu": [-0.04139083529347805, 2.1548334624841066, 1.3872289861684033], "Sigma": [[0.010417140331560696, 0.00245679973258219, 0.02843317321016982], [0.002456799732582191, 0.011258820073473735, 0.02718389575438166], [0.02843317321016982, 0.027183895754381657, 0.3236586044278182]], "chi2_level": 0.997, "chi2_df": 3, "chi2_threshold": 13.931422665512084, "N_raw": 81, "N_roi": 79, "N_inlier": 79, "refit": true}
{"timestamp": "16:46:39.150168", "frame": 57, "mu": [-0.07069272402860466, 2.1063730250767065, 1.4656864796118467], "Sigma": [[0.009827494804294635, 0.003302933896801351, -0.0026208406034809706], [0.003302933896801352, 0.01330737805349252, 0.004440286326309217], [-0.0026208406034809706, 0.004440286326309217, 0.003957535387357426]], "chi2_level": 0.997, "chi2_df": 3, "chi2_threshold": 13.931422665512084, "N_raw": 88, "N_roi": 88, "N_inlier": 84, "refit": true}
{"timestamp": "16:46:39.204671", "frame": 58, "mu": [-0.12693404209613598, 2.128803308734225, 1.4240233306211734], "Sigma": [[0.00822312060789704, -0.0009315591193359659, -0.003994235555037451], [-0.0009315591193359661, 0.011751378326874435, 0.008892295277121594], [-0.003994235555037451, 0.008892295277121594, 0.03680615905776921]], "chi2_level": 0.997, "chi2_df": 3, "chi2_threshold": 13.931422665512084, "N_raw": 88, "N_roi": 88, "N_inlier": 85, "refit": true}
{"timestamp": "16:46:39.251807", "frame": 59, "mu": [-0.1773064333580094, 2.181527434362238, -0.27671840467970493], "Sigma": [[0.003296470240002441, -0.003841779413857869, 0.011955286609076462], [-0.003841779413857869, 0.026012040649504888, -0.0707478222452208], [0.011955286609076462, -0.0707478222452208, 0.25315029091707547]], "chi2_level": 0.997, "chi2_df": 3, "chi2_threshold": 13.931422665512084, "N_raw": 28, "N_roi": 27, "N_inlier": 26, "refit": true}
{"timestamp": "16:46:39.315049", "frame": 60, "mu": [-0.20461319982531806, 2.148803909342318, -0.12679567361865904], "Sigma": [[0.011571952634347243, -0.005251147622897156, 0.030691919104994737], [-0.005251147622897156, 0.019939517028638915, -0.018216732813246914], [0.030691919104994733, -0.018216732813246914, 0.41836747706749117]], "chi2_level": 0.997, "chi2_df": 3, "chi2_threshold": 13.931422665512084, "N_raw": 94, "N_roi": 92, "N_inlier": 91, "refit": true}
{"timestamp": "16:46:39.368585", "frame": 61, "mu": [-0.30016575597648726, 2.1242910937668715, 1.416116653904797], "Sigma": [[0.008942748751860945, -0.001653041607100249, -0.0029664899561347748], [-0.001653041607100249, 0.010093806356943057, 0.019299820250688108], [-0.0029664899561347748, 0.019299820250688104, 0.18287430472558747]], "chi2_level": 0.997, "chi2_df": 3, "chi2_threshold": 13.931422665512084, "N_raw": 78, "N_roi": 76, "N_inlier": 75, "refit": true}
{"timestamp": "16:46:39.423408", "frame": 62, "mu": [-0.32794260348081744, 2.1035203727410248, 1.3572195793507498], "Sigma": [[0.007634831171388536, -0.0003707731026538883, -0.0005717374599572946], [-0.0003707731026538883, 0.010331256893366803, 0.011527866189209167], [-0.0005717374599572944, 0.011527866189209167, 0.07302117273419212]], "chi2_level": 0.997, "chi2_df": 3, "chi2_threshold": 13.931422665512084, "N_raw": 80, "N_roi": 79, "N_inlier": 76, "refit": true}
{"timestamp": "16:46:39.479883", "frame": 63, "mu": [-0.4184123356180805, 2.057726393032386, 0.907445281563448], "Sigma": [[0.013685191990888305, 0.005211162370454458, 0.04422168535080763], [0.005211162370454458, 0.005896658516443908, 0.0341890996375582], [0.04422168535080763, 0.0341890996375582, 0.35478242574474844]], "chi2_level": 0.997, "chi2_df": 3, "chi2_threshold": 13.931422665512084, "N_raw": 83, "N_roi": 78, "N_inlier": 77, "refit": true}
{"timestamp": "16:46:39.528592", "frame": 64, "mu": [-0.42445983785508945, 2.0671487205482397, 0.9246013603162312], "Sigma": [[0.004148424457796169, -0.0006980097386679212, 0.001217503557125935], [-0.0006980097386679212, 0.0022056460784665617, -0.00470363087171271], [0.0012175035571259352, -0.00470363087171271, 0.014317247498750798]], "chi2_level": 0.997, "chi2_df": 3, "chi2_threshold": 13.931422665512084, "N_raw": 42, "N_roi": 32, "N_inlier": 30, "refit": true}
{"timestamp": "16:46:39.584219", "frame": 65, "mu": [-0.5369853341343115, 2.0930679379249906, 1.020743409577986], "Sigma": [[0.005234748409019376, -0.0013416818454348718, 0.008568099996741694], [-0.0013416818454348718, 0.00390575344342431, 0.007794163707604101], [0.008568099996741695, 0.007794163707604101, 0.13840227893723442]], "chi2_level": 0.997, "chi2_df": 3, "chi2_threshold": 13.931422665512084, "N_raw": 23, "N_roi": 23, "N_inlier": 22, "refit": true}
{"timestamp": "16:46:39.691735", "frame": 67, "mu": [-0.5885107028300929, 2.015661910855909, 1.0960916128689064], "Sigma": [[0.008005681868810817, -0.003939829770786168, 0.015072591798362293], [-0.003939829770786168, 0.005016540217696323, -0.01446679879134937], [0.015072591798362291, -0.014466798791349371, 0.12851273647379455]], "chi2_level": 0.997, "chi2_df": 3, "chi2_threshold": 13.931422665512084, "N_raw": 38, "N_roi": 38, "N_inlier": 36, "refit": true}
{"timestamp": "16:46:39.743531", "frame": 68, "mu": [-0.5712434969647601, 2.105647011097987, 0.5534383325534064], "Sigma": [[0.005439370162727407, 0.003721145019292837, -0.03755732738256677], [0.003721145019292837, 0.010229637181264578, -0.031705404677375315], [-0.03755732738256677, -0.031705404677375315, 0.44389540957946116]], "chi2_level": 0.997, "chi2_df": 3, "chi2_threshold": 13.931422665512084, "N_raw": 12, "N_roi": 12, "N_inlier": 12, "refit": true}
{"timestamp": "16:46:39.809469", "frame": 69, "mu": [-0.6802149718266027, 2.0569137210983612, 0.7642388462178925], "Sigma": [[0.010493394611174831, -0.0009362581439318349, -0.008173589653058984], [-0.0009362581439318352, 0.01714624373088594, -0.058861808836868076], [-0.008173589653058984, -0.058861808836868076, 0.25700502869157893]], "chi2_level": 0.997, "chi2_df": 3, "chi2_threshold": 13.931422665512084, "N_raw": 96, "N_roi": 96, "N_inlier": 95, "refit": true}
{"timestamp": "16:46:39.867748", "frame": 70, "mu": [-0.7614431953068885, 2.024543892502316, -0.42197610120322127], "Sigma": [[0.009480324394921809, -0.0013228199163325765, 0.03574304684926986], [-0.0013228199163325765, 0.015219955426317168, 0.009646049575072625], [0.03574304684926986, 0.009646049575072623, 0.47772762531224816]], "chi2_level": 0.997, "chi2_df": 3, "chi2_threshold": 13.931422665512084, "N_raw": 110, "N_roi": 108, "N_inlier": 108, "refit": true}
{"timestamp": "16:46:39.917431", "frame": 71, "mu": [-0.8278199491856311, 2.0084183170883194, -0.5770695607218638], "Sigma": [[0.005682966536759436, 0.001759127993619333, 0.003003867476329151], [0.001759127993619332, 0.0314187477209341, 0.007352421280222293], [0.0030038674763291505, 0.007352421280222293, 0.08817666019159881]], "chi2_level": 0.997, "chi2_df": 3, "chi2_threshold": 13.931422665512084, "N_raw": 63, "N_roi": 63, "N_inlier": 61, "refit": true}
{"timestamp": "16:46:39.974841", "frame": 72, "mu": [-0.8936624805582816, 1.9663522922542525, 1.0494802427274152], "Sigma": [[0.00742129508885076, -0.000601854477020957, 0.015364960916674433], [-0.0006018544770209569, 0.012765815455108763, -0.006312333115489216], [0.015364960916674435, -0.006312333115489216, 0.4427179623111287]], "chi2_level": 0.997, "chi2_df": 3, "chi2_threshold": 13.931422665512084, "N_raw": 88, "N_roi": 88, "N_inlier": 88, "refit": true}
{"timestamp": "16:46:40.025284", "frame": 73, "mu": [-0.9802401181089673, 2.0037039423751195, -0.38506684250273804], "Sigma": [[0.004838493219714428, -0.0003261815528268133, 0.005741840450116233], [-0.00032618155282681345, 0.019400832999996565, 0.013270887902578018], [0.005741840450116234, 0.01327088790257802, 0.08563018168546468]], "chi2_level": 0.997, "chi2_df": 3, "chi2_threshold": 13.931422665512084, "N_raw": 56, "N_roi": 55, "N_inlier": 52, "refit": true}
{"timestamp": "16:46:40.083974", "frame": 74, "mu": [-1.0193707714594165, 1.996542894636355, -0.23911618783633817], "Sigma": [[0.008148461830914673, 0.0017125710252051624, 0.01919408931251443], [0.0017125710252051624, 0.014337236352350895, 0.031287694183568866], [0.01919408931251443, 0.031287694183568866, 0.36256360306932117]], "chi2_level": 0.997, "chi2_df": 3, "chi2_threshold": 13.931422665512084, "N_raw": 87, "N_roi": 84, "N_inlier": 84, "refit": true}
{"timestamp": "16:46:40.137674", "frame": 75, "mu": [-1.0930999542252566, 2.0295908426061184, 1.4379077860522764], "Sigma": [[0.0077570365277192035, 0.002168309268492663, -0.015263098793956544], [0.002168309268492663, 0.006959980637599735, -0.002769708220054274], [-0.015263098793956544, -0.0027697082200542743, 0.14247368525076345]], "chi2_level": 0.997, "chi2_df": 3, "chi2_threshold": 13.931422665512084, "N_raw": 72, "N_roi": 72, "N_inlier": 69, "refit": true}
{"timestamp": "16:46:40.190474", "frame": 76, "mu": [-1.1712175767329716, 1.923205220262165, 1.3709092106600957], "Sigma": [[0.0058763041884423136, 6.002414464520314e-05, -0.005139781834320092], [6.0024144645203035e-05, 0.006641045819276566, -0.005951676852526313], [-0.005139781834320092, -0.005951676852526313, 0.013808661619177787]], "chi2_level": 0.997, "chi2_df": 3, "chi2_threshold": 13.931422665512084, "N_raw": 59, "N_roi": 58, "N_inlier": 55, "refit": true}
{"timestamp": "16:46:40.241997", "frame": 77, "mu": [-1.2407154336610582, 1.927277715591464, 1.2155183068507474], "Sigma": [[0.006632784459948555, -0.0009692543614533745, 0.0035482814057801477], [-0.0009692543614533743, 0.010177129655882473, -0.03312025575832491], [0.00354828140578015, -0.03312025575832491, 0.3181472891211096]], "chi2_level": 0.997, "chi2_df": 3, "chi2_threshold": 13.931422665512084, "N_raw": 35, "N_roi": 34, "N_inlier": 33, "refit": true}
{"timestamp": "16:46:40.301840", "frame": 78, "mu": [-1.3248485743901097, 1.9662962211865356, 1.5135595058643334], "Sigma": [[0.009279186071019558, 0.000927223130041951, -0.014075161319262716], [0.0009272231300419508, 0.010687544702840822, -0.014376987489806528], [-0.014075161319262716, -0.014376987489806528, 0.14571719615571635]], "chi2_level": 0.997, "chi2_df": 3, "chi2_threshold": 13.931422665512084, "N_raw": 69, "N_roi": 66, "N_inlier": 62, "refit": true}
{"timestamp": "16:46:40.354097", "frame": 79, "mu": [-1.3372967534737872, 1.9195203169482844, 1.312072471279208], "Sigma": [[0.006272477850093733, 0.0018795852858978757, -0.013568627655529244], [0.0018795852858978755, 0.011987197943962639, -0.027649503325390914], [-0.013568627655529244, -0.027649503325390914, 0.15001633666604114]], "chi2_level": 0.997, "chi2_df": 3, "chi2_threshold": 13.931422665512084, "N_raw": 54, "N_roi": 54, "N_inlier": 51, "refit": true}
{"timestamp": "16:46:40.410029", "frame": 80, "mu": [-1.4095254276447986, 1.9530116744401333, 1.4804277007109403], "Sigma": [[0.010353195077995368, -0.0006306490692268277, -0.01756553760002233], [-0.0006306490692268277, 0.011304585301848597, -0.017889366553595847], [-0.017565537600022326, -0.017889366553595847, 0.17702267081984877]], "chi2_level": 0.997, "chi2_df": 3, "chi2_threshold": 13.931422665512084, "N_raw": 58, "N_roi": 54, "N_inlier": 53, "refit": true}
{"timestamp": "16:46:40.469986", "frame": 81, "mu": [-1.374247835258973, 1.9611069436207396, 1.1426238708436376], "Sigma": [[0.028094582774094237, 0.005604992814501663, -0.09493263919794015], [0.005604992814501663, 0.010515335929633695, -0.02358147851166352], [-0.09493263919794015, -0.02358147851166352, 0.4227739937580957]], "chi2_level": 0.997, "chi2_df": 3, "chi2_threshold": 13.931422665512084, "N_raw": 84, "N_roi": 84, "N_inlier": 82, "refit": true}
{"timestamp": "16:46:40.516108", "frame": 82, "mu": [-1.5457195101281815, 1.9822053371413864, 1.4174925264049738], "Sigma": [[0.007916511968096767, 0.0004397002300653553, 0.02571086355958214], [0.00043970023006535507, 0.012918946250430493, -0.011800718634008988], [0.025710863559582145, -0.01180071863400899, 0.20661664992546633]], "chi2_level": 0.997, "chi2_df": 3, "chi2_threshold": 13.931422665512084, "N_raw": 33, "N_roi": 33, "N_inlier": 33, "refit": true}
{"timestamp": "16:46:40.573907", "frame": 83, "mu": [-1.5766398332406086, 1.964655160246849, 1.4507683617485503], "Sigma": [[0.014090395799729613, 0.007954431846022056, -0.023908162139990547], [0.00795443184602206, 0.014020518250659081, -0.01144246857218027], [-0.023908162139990547, -0.011442468572180267, 0.17540448730601024]], "chi2_level": 0.997, "chi2_df": 3, "chi2_threshold": 13.931422665512084, "N_raw": 49, "N_roi": 49, "N_inlier": 47, "refit": true}
{"timestamp": "16:46:40.628028", "frame": 84, "mu": [-1.699337230951425, 1.9468047340248038, 0.05350231792562533], "Sigma": [[0.024806440183586017, 0.026118224499711015, -0.02399376607968226], [0.02611822449971101, 0.04560888032390214, -0.05838166299034145], [-0.02399376607968226, -0.05838166299034145, 0.1450644544093292]], "chi2_level": 0.997, "chi2_df": 3, "chi2_threshold": 13.931422665512084, "N_raw": 46, "N_roi": 46, "N_inlier": 45, "refit": true}
{"timestamp": "16:46:40.682904", "frame": 85, "mu": [-1.5930304119916618, 1.862897015974909, 1.3243879137924404], "Sigma": [[0.010546981290061375, 0.0007227827395613647, -0.013985790676273386], [0.0007227827395613646, 0.0027725961714985406, -0.004473693384559104], [-0.013985790676273386, -0.004473693384559104, 0.034986173731898336]], "chi2_level": 0.997, "chi2_df": 3, "chi2_threshold": 13.931422665512084, "N_raw": 49, "N_roi": 48, "N_inlier": 43, "refit": true}
{"timestamp": "16:46:40.743986", "frame": 86, "mu": [-1.7633942952132802, 1.8221592928832955, 1.6187335170405284], "Sigma": [[0.03231498269694838, 0.017147816422352746, -0.03615973362368719], [0.017147816422352746, 0.01924617174525451, -0.01534000390240921], [-0.0361597336236872, -0.01534000390240921, 0.04345257660519594]], "chi2_level": 0.997, "chi2_df": 3, "chi2_threshold": 13.931422665512084, "N_raw": 73, "N_roi": 73, "N_inlier": 73, "refit": true}
{"timestamp": "16:46:40.792729", "frame": 87, "mu": [-2.090399400567027, 1.631382873163259, 1.9680461710669104], "Sigma": [[0.014943462523304264, 0.013748712722467424, -0.011737610257573156], [0.013748712722467426, 0.016690723125849023, -0.012362266387705406], [-0.011737610257573156, -0.012362266387705406, 0.010802329743861925]], "chi2_level": 0.997, "chi2_df": 3, "chi2_threshold": 13.931422665512084, "N_raw": 27, "N_roi": 27, "N_inlier": 26, "refit": true}
{"timestamp": "16:46:40.850863", "frame": 88, "mu": [-2.0183512525283986, 1.6314849869460621, 0.2384386683127376], "Sigma": [[0.0175069899477507, 0.015757838856837344, -0.014265446087694502], [0.015757838856837344, 0.02233152448373206, -0.00862890680831074], [-0.014265446087694502, -0.00862890680831074, 0.01737890905915422]], "chi2_level": 0.997, "chi2_df": 3, "chi2_threshold": 13.931422665512084, "N_raw": 58, "N_roi": 58, "N_inlier": 56, "refit": true}
{"timestamp": "16:46:40.906056", "frame": 89, "mu": [-2.0146166999182085, 1.6737755636348188, 1.571018358601321], "Sigma": [[0.0256771060101373, 0.016654378800405767, -0.04019206998599302], [0.016654378800405767, 0.02243054570327268, -0.034150972063196956], [-0.04019206998599302, -0.03415097206319696, 0.09622671849144118]], "chi2_level": 0.997, "chi2_df": 3, "chi2_threshold": 13.931422665512084, "N_raw": 65, "N_roi": 65, "N_inlier": 64, "refit": true}
{"timestamp": "16:46:40.959241", "frame": 90, "mu": [-2.059460668591089, 1.6765220653717674, 1.5363659140517274], "Sigma": [[0.01000888543568069, 0.007882815896293499, -0.02095040598203893], [0.007882815896293499, 0.028752854100367913, -0.0270642125051294], [-0.02095040598203893, -0.027064212505129408, 0.09681605328800225]], "chi2_level": 0.997, "chi2_df": 3, "chi2_threshold": 13.931422665512084, "N_raw": 49, "N_roi": 49, "N_inlier": 48, "refit": true}
{"timestamp": "16:46:41.014985", "frame": 91, "mu": [-2.0927981397862063, 1.6233494205252426, 1.5217908450061286], "Sigma": [[0.010486753534253667, 0.0076801664352469925, -0.016705874606610657], [0.007680166435246992, 0.02756526704393298, -0.04012525355718878], [-0.016705874606610653, -0.04012525355718878, 0.11052983817458664]], "chi2_level": 0.997, "chi2_df": 3, "chi2_threshold": 13.931422665512084, "N_raw": 56, "N_roi": 56, "N_inlier": 55, "refit": true}
{"timestamp": "16:46:41.067825", "frame": 92, "mu": [-2.14584507443704, 1.5683085615889871, 1.5691820482576837], "Sigma": [[0.01189256291679428, 0.005791795569019119, -0.013137188292330248], [0.005791795569019119, 0.015051963079750147, -0.005097761405364004], [-0.01313718829233025, -0.005097761405364004, 0.016385195179471873]], "chi2_level": 0.997, "chi2_df": 3, "chi2_threshold": 13.931422665512084, "N_raw": 49, "N_roi": 49, "N_inlier": 46, "refit": true}
{"timestamp": "16:46:41.124976", "frame": 93, "mu": [-2.1408269051164917, 1.6343426248479571, 1.558518280648265], "Sigma": [[0.014679182474239827, 0.011271946960432459, -0.014726834694961945], [0.011271946960432459, 0.023216995057221558, -0.009689224326062347], [-0.014726834694961945, -0.009689224326062349, 0.016329534193301225]], "chi2_level": 0.997, "chi2_df": 3, "chi2_threshold": 13.931422665512084, "N_raw": 65, "N_roi": 65, "N_inlier": 65, "refit": true}
{"timestamp": "16:46:41.177214", "frame": 94, "mu": [-2.1858616791059826, 1.5569692115355593, 1.545710740712051], "Sigma": [[0.00945875887899572, 0.005734143758745973, -0.010789097871711516], [0.005734143758745973, 0.013341324668376031, -0.0048492186349986515], [-0.010789097871711516, -0.004849218634998651, 0.013442959800077038]], "chi2_level": 0.997, "chi2_df": 3, "chi2_threshold": 13.931422665512084, "N_raw": 39, "N_roi": 39, "N_inlier": 38, "refit": true}
{"timestamp": "16:46:41.234276", "frame": 95, "mu": [-2.2612247192052672, 1.5482041822199517, 1.5065213294500144], "Sigma": [[0.01198238456922676, 0.006164202687682401, -0.009190766125159778], [0.006164202687682401, 0.017018468570746383, -0.007419755543013431], [-0.009190766125159778, -0.007419755543013431, 0.010083968537051036]], "chi2_level": 0.997, "chi2_df": 3, "chi2_threshold": 13.931422665512084, "N_raw": 57, "N_roi": 57, "N_inlier": 56, "refit": true}
{"timestamp": "16:46:41.288007", "frame": 96, "mu": [-2.2762774491757947, 1.56599184803012, 1.3880248571375056], "Sigma": [[0.008749157900763837, 0.00643297417216713, -0.006004599237809348], [0.00643297417216713, 0.013834363255133776, -0.013184522394455547], [-0.006004599237809348, -0.013184522394455547, 0.018457727979906996]], "chi2_level": 0.997, "chi2_df": 3, "chi2_threshold": 13.931422665512084, "N_raw": 47, "N_roi": 47, "N_inlier": 46, "refit": true}
{"timestamp": "16:46:41.344627", "frame": 97, "mu": [-2.309633780203578, 1.5803940553376314, 1.328948459931151], "Sigma": [[0.007876359658905496, 0.0070278644734432915, -0.007260960073202884], [0.0070278644734432915, 0.01631337890626295, -0.020355297621447062], [-0.007260960073202883, -0.020355297621447062, 0.032045787168333166]], "chi2_level": 0.997, "chi2_df": 3, "chi2_threshold": 13.931422665512084, "N_raw": 54, "N_roi": 53, "N_inlier": 50, "refit": true}
{"timestamp": "16:46:41.401911", "frame": 98, "mu": [-2.3200139760412086, 1.6422184180125818, 1.264632562944871], "Sigma": [[0.009736859067184609, 0.009364846309296307, -0.007693125294340878], [0.009364846309296305, 0.02173742595583377, -0.018443036613434563], [-0.007693125294340878, -0.018443036613434563, 0.01884481525698979]], "chi2_level": 0.997, "chi2_df": 3, "chi2_threshold": 13.931422665512084, "N_raw": 72, "N_roi": 63, "N_inlier": 60, "refit": true}
{"timestamp": "16:46:41.453370", "frame": 99, "mu": [-2.3866273857797617, 1.5774691814155322, 1.3621882556140026], "Sigma": [[0.004627776154220365, 0.0029307768536683204, -0.002356528551475917], [0.0029307768536683204, 0.011208879166932863, -0.008947600826215176], [-0.002356528551475917, -0.008947600826215176, 0.009717141570019445]], "chi2_level": 0.997, "chi2_df": 3, "chi2_threshold": 13.931422665512084, "N_raw": 45, "N_roi": 30, "N_inlier": 29, "refit": true}
{"timestamp": "16:46:41.623110", "frame": 100, "mu": [-2.4124967011326177, 1.6496373836692153, 1.2140879088503471], "Sigma": [[0.0035192684309572433, 0.0024412093503038113, -0.005103417076639496], [0.0024412093503038113, 0.010053196925732881, -0.012128260350120695], [-0.005103417076639496, -0.012128260350120693, 0.04097859035430771]], "chi2_level": 0.997, "chi2_df": 3, "chi2_threshold": 13.931422665512084, "N_raw": 49, "N_roi": 29, "N_inlier": 28, "refit": true}
{"timestamp": "16:46:41.629678", "frame": 101, "mu": [-2.4155122465954046, 1.8157937663624593, -0.2417224443676675], "Sigma": [[0.004532148118164739, 0.007787957794144988, -0.014439162927803447], [0.007787957794144988, 0.03272953261968864, -0.03985992116825625], [-0.014439162927803444, -0.03985992116825625, 0.08107902112712463]], "chi2_level": 0.997, "chi2_df": 3, "chi2_threshold": 13.931422665512084, "N_raw": 53, "N_roi": 22, "N_inlier": 22, "refit": true}
