{"timestamp": "16:46:15.390603", "frame": 10, "mu": [-2.4157140956283176, 3.0534261210601534, 1.2924437283069299], "Sigma": [[0.0027018690945186134, 0.0018842114027755432, -0.0008524564966694073], [0.0018842114027755432, 0.0039668738536351176, -0.0012602424620061913], [-0.0008524564966694073, -0.001260242462006191, 0.0007426491443819218]], "chi2_level": 0.997, "chi2_df": 3, "chi2_threshold": 13.931422665512084, "N_raw": 45, "N_roi": 10, "N_inlier": 10, "refit": true}
{"timestamp": "16:46:15.444860", "frame": 11, "mu": [-2.3802971513876052, 2.889143452279482, 1.0929451144651274], "Sigma": [[0.005028919165266065, 0.0015141486486189171, -0.005130331676966977], [0.0015141486486189174, 0.004093828889408257, -0.0032645720900500983], [-0.005130331676966977, -0.0032645720900500983, 0.0069653780913980995]], "chi2_level": 0.997, "chi2_df": 3, "chi2_threshold": 13.931422665512084, "N_raw": 41, "N_roi": 20, "N_inlier": 20, "refit": true}
{"timestamp": "16:46:15.505766", "frame": 12, "mu": [-2.351027565242238, 2.9398124530086416, 1.1632293106814238], "Sigma": [[0.009161865421138022, 0.001268281604969528, -0.008735165539413045], [0.001268281604969528, 0.00640996882366452, -0.0010430169423818732], [-0.008735165539413045, -0.0010430169423818734, 0.010793525169814187]], "chi2_level": 0.997, "chi2_df": 3, "chi2_threshold": 13.931422665512084, "N_raw": 62, "N_roi": 30, "N_inlier": 28, "refit": true}
{"timestamp": "16:46:15.620698", "frame": 14, "mu": [-2.3027305912455756, 3.0037672180708475, 1.3389079419251904], "Sigma": [[0.014582964872896021, 0.006408328686669184, -0.00876414894604952], [0.006408328686669184, 0.018075113894404415, -0.0008335268220687631], [-0.00876414894604952, -0.0008335268220687629, 0.010651681316708793]], "chi2_level": 0.997, "chi2_df": 3, "chi2_threshold": 13.931422665512084, "N_raw": 76, "N_roi": 57, "N_inlier": 55, "refit": true}
{"timestamp": "16:46:15.672101", "frame": 15, "mu": [-2.3182628336110875, 3.019092436625817, 1.415517511856705], "Sigma": [[0.013143804562946457, 0.007881670679393878, -0.013065429129272898], [0.007881670679393878, 0.016269493228116685, -0.00884911957573005], [-0.013065429129272898, -0.00884911957573005, 0.017213518575246348]], "chi2_level": 0.997, "chi2_df": 3, "chi2_threshold": 13.931422665512084, "N_raw": 68, "N_roi": 47, "N_inlier": 47, "refit": true}
{"timestamp": "16:46:15.777422", "frame": 17, "mu": [-2.192989189687566, 2.9244065889670217, 1.3033576183266384], "Sigma": [[0.018941733755887404, 0.007874846124358058, -0.019549146617964884], [0.007874846124358058, 0.007512014499625223, -0.009602357305954719], [-0.019549146617964884, -0.009602357305954719, 0.02189711757547278]], "chi2_level": 0.997, "chi2_df": 3, "chi2_threshold": 13.931422665512084, "N_raw": 41, "N_roi": 41, "N_inlier": 40, "refit": true}
{"timestamp": "16:46:15.829748", "frame": 18, "mu": [-1.9934963646752026, 3.161576518042465, -0.34940090179279926], "Sigma": [[0.008560223378985592, 0.006127006934372273, 0.013155471287550968], [0.006127006934372272, 0.010259132617817123, 0.02022827967554683], [0.013155471287550966, 0.02022827967554683, 0.07272591435918058]], "chi2_level": 0.997, "chi2_df": 3, "chi2_threshold": 13.931422665512084, "N_raw": 24, "N_roi": 21, "N_inlier": 20, "refit": true}
{"timestamp": "16:46:15.890295", "frame": 19, "mu": [-1.995075522526853, 3.080296557569487, 1.1387099270685352], "Sigma": [[0.016620423603379394, 0.006002467140172093, -0.024098280121023982], [0.006002467140172093, 0.008034558039169581, -0.013715734001366811], [-0.024098280121023982, -0.013715734001366813, 0.04595687394208654]], "chi2_level": 0.997, "chi2_df": 3, "chi2_threshold": 13.931422665512084, "N_raw": 56, "N_roi": 54, "N_inlier": 54, "refit": true}
{"timestamp": "16:46:15.942176", "frame": 20, "mu": [-2.0346316368343658, 3.0697932572882682, 0.9385407733840517], "Sigma": [[0.012450662871333349, 0.004585089948403755, 0.007495121123386747], [0.004585089948403755, 0.005628401317768252, -0.006559775155143006], [0.0074951211233867466, -0.006559775155143007, 0.3278995047715259]], "chi2_level": 0.997, "chi2_df": 3, "chi2_threshold": 13.931422665512084, "N_raw": 44, "N_roi": 44, "N_inlier": 44, "refit": true}
{"timestamp": "16:46:15.996959", "frame": 21, "mu": [-1.928045653639163, 3.058204631972022, 1.0785338351409814], "Sigma": [[0.009991486051491817, 0.0016303240166362734, -0.012909894248755382], [0.0016303240166362734, 0.003608744671088772, -0.0064483211481022], [-0.012909894248755384, -0.0064483211481022, 0.025550420686154172]], "chi2_level": 0.997, "chi2_df": 3, "chi2_threshold": 13.931422665512084, "N_raw": 35, "N_roi": 35, "N_inlier": 33, "refit": true}
{"timestamp": "16:46:16.060702", "frame": 22, "mu": [-1.7901002201808354, 3.238808806030959, 1.070754221222946], "Sigma": [[0.03202996286123519, 0.022845616095883363, -0.040719533620776044], [0.022845616095883363, 0.03319490177441318, -0.039365400933306656], [-0.040719533620776044, -0.03936540093330666, 0.07026340652286614]], "chi2_level": 0.997, "chi2_df": 3, "chi2_threshold": 13.931422665512084, "N_raw": 102, "N_roi": 102, "N_inlier": 102, "refit": true}
{"timestamp": "16:46:16.111287", "frame": 23, "mu": [-1.8200134666754024, 3.13398482312839, 1.1419869205317157], "Sigma": [[0.02148504470884431, 0.006559264522549483, -0.019830954311964848], [0.006559264522549483, 0.007220415505230766, -0.013090736378420731], [-0.019830954311964848, -0.013090736378420731, 0.03442826097141349]], "chi2_level": 0.997, "chi2_df": 3, "chi2_threshold": 13.931422665512084, "N_raw": 67, "N_roi": 66, "N_inlier": 66, "refit": true}
{"timestamp": "16:46:16.162083", "frame": 24, "mu": [-1.7215469726349146, 3.1747217460419273, 1.3586265069591454], "Sigma": [[0.011803559349867558, 0.004302761310247363, -0.012424674357747884], [0.004302761310247363, 0.004339930372676304, -0.0069945506154566045], [-0.012424674357747884, -0.0069945506154566045, 0.02887551183275404]], "chi2_level": 0.997, "chi2_df": 3, "chi2_threshold": 13.931422665512084, "N_raw": 37, "N_roi": 34, "N_inlier": 33, "refit": true}
{"timestamp": "16:46:16.213181", "frame": 25, "mu": [-1.6941978007168066, 3.1344749254918876, 1.3602448090274881], "Sigma": [[0.015211652760074123, 0.0028996594827598297, -0.055081956533176345], [0.0028996594827598297, 0.003181407113975905, -0.008089818494971736], [-0.055081956533176345, -0.008089818494971738, 0.24091582865997402]], "chi2_level": 0.997, "chi2_df": 3, "chi2_threshold": 13.931422665512084, "N_raw": 13, "N_roi": 10, "N_inlier": 10, "refit": true}
{"timestamp": "16:46:16.277662", "frame": 26, "mu": [-1.618424843942539, 3.190443787331582, -0.20876777033197816], "Sigma": [[0.022349579535465645, 0.012496314711289322, 0.038467775711390345], [0.01249631471128932, 0.018651216193195215, 0.033717603673412366], [0.038467775711390345, 0.033717603673412366, 0.1242648344132552]], "chi2_level": 0.997, "chi2_df": 3, "chi2_threshold": 13.931422665512084, "N_raw": 75, "N_roi": 72, "N_inlier": 72, "refit": true}
{"timestamp": "16:46:16.331185", "frame": 27, "mu": [-1.4942967996195435, 3.168098101536494, 1.135521740646098], "Sigma": [[0.018402861694942266, 0.010562191142581497, -0.018536096645842257], [0.010562191142581497, 0.02179230247477657, -0.01745466033571803], [-0.018536096645842257, -0.01745466033571803, 0.04122812206227507]], "chi2_level": 0.997, "chi2_df": 3, "chi2_threshold": 13.931422665512084, "N_raw": 64, "N_roi": 64, "N_inlier": 64, "refit": true}
{"timestamp": "16:46:16.385747", "frame": 28, "mu": [-1.4454706166998825, 3.1506546314602133, 1.1566739338666974], "Sigma": [[0.01995201512404875, 0.003212752349229279, -0.023334125631749712], [0.0032127523492292785, 0.004910666714355995, -0.009593741207376669], [-0.023334125631749712, -0.009593741207376669, 0.05585863893071906]], "chi2_level": 0.997, "chi2_df": 3, "chi2_threshold": 13.931422665512084, "N_raw": 62, "N_roi": 60, "N_inlier": 59, "refit": true}
{"timestamp": "16:46:16.438747", "frame": 29, "mu": [-1.3726874394370088, 3.104353113061003, 0.9891012663713958], "Sigma": [[0.01688608362692775, 0.004236859388931601, -0.01312596637908798], [0.004236859388931601, 0.004257350790461293, -0.006384586040041854], [-0.013125966379087983, -0.006384586040041855, 0.014662094077856038]], "chi2_level": 0.997, "chi2_df": 3, "chi2_threshold": 13.931422665512084, "N_raw": 49, "N_roi": 47, "N_inlier": 43, "refit": true}
{"timestamp": "16:46:16.490747", "frame": 30, "mu": [-1.3562509040634674, 3.0520502789951, 1.2307715279251368], "Sigma": [[0.008457464220474315, -0.00046704340098005937, -0.006874732183252577], [-0.00046704340098005937, 0.004994494668805547, 0.0020700033931264888], [-0.006874732183252578, 0.0020700033931264888, 0.007739267611004145]], "chi2_level": 0.997, "chi2_df": 3, "chi2_threshold": 13.931422665512084, "N_raw": 30, "N_roi": 26, "N_inlier": 24, "refit": true}
{"timestamp": "16:46:16.546888", "frame": 31, "mu": [-1.2677390390719843, 3.061442164804638, 1.2025102439086113], "Sigma": [[0.01192159211816751, -0.0001115084764963462, -0.014803231293972973], [-0.00011150847649634641, 0.004607334998868354, 0.002036873889541411], [-0.014803231293972973, 0.002036873889541411, 0.020601408917631896]], "chi2_level": 0.997, "chi2_df": 3, "chi2_threshold": 13.931422665512084, "N_raw": 34, "N_roi": 33, "N_inlier": 33, "refit": true}
{"timestamp": "16:46:16.609433", "frame": 32, "mu": [-1.2338398505071053, 3.0756236603430973, 1.105082464570562], "Sigma": [[0.01858727471101982, 0.00035884101481136995, -0.012300038776897754], [0.0003588410148113706, 0.006974563278000724, -0.007616383309352036], [-0.012300038776897754, -0.007616383309352036, 0.02052761416149557]], "chi2_level": 0.997, "chi2_df": 3, "chi2_threshold": 13.931422665512084, "N_raw": 82, "N_roi": 80, "N_inlier": 77, "refit": true}
{"timestamp": "16:46:16.660092", "frame": 33, "mu": [-1.1806006667502758, 3.039777459828499, 1.1155398514675738], "Sigma": [[0.018370687135297915, -0.0001537954596430314, -0.005397604071248262], [-0.0001537954596430314, 0.004415314684749343, -0.004743869835933196], [-0.005397604071248261, -0.004743869835933197, 0.013107170109595051]], "chi2_level": 0.997, "chi2_df": 3, "chi2_threshold": 13.931422665512084, "N_raw": 53, "N_roi": 53, "N_inlier": 49, "refit": true}
{"timestamp": "16:46:16.719086", "frame": 34, "mu": [-1.1033942337639517, 3.0561077301368433, 1.0640115358794784], "Sigma": [[0.01813558508595281, 0.0012834929071019851, -0.008599556040290168], [0.0012834929071019851, 0.0068458019951289995, -0.007407034952042625], [-0.008599556040290168, -0.007407034952042625, 0.013667680552489889]], "chi2_level": 0.997, "chi2_df": 3, "chi2_threshold": 13.931422665512084, "N_raw": 81, "N_roi": 81, "N_inlier": 78, "refit": true}
{"timestamp": "16:46:16.767416", "frame": 35, "mu": [-0.9807616204920481, 3.0358177979409486, 0.9175801531364537], "Sigma": [[0.015204583619345092, 0.004741286678576215, -0.027194825704322446], [0.004741286678576214, 0.005369710679325864, -0.024220769876955504], [-0.027194825704322446, -0.024220769876955504, 0.13466479895459624]], "chi2_level": 0.997, "chi2_df": 3, "chi2_threshold": 13.931422665512084, "N_raw": 37, "N_roi": 33, "N_inlier": 32, "refit": true}
{"timestamp": "16:46:16.826597", "frame": 36, "mu": [-0.9744638796425402, 3.1608884383512756, 0.6541285038804676], "Sigma": [[0.022628782833114196, 0.0045399192813830634, -0.041477911575888905], [0.0045399192813830634, 0.005188253438380753, -0.02207907485235407], [-0.041477911575888905, -0.02207907485235407, 0.15620919398394348]], "chi2_level": 0.997, "chi2_df": 3, "chi2_threshold": 13.931422665512084, "N_raw": 64, "N_roi": 64, "N_inlier": 64, "refit": true}
{"timestamp": "16:46:16.878186", "frame": 37, "mu": [-0.9138498308423607, 3.2320681467866517, -0.033217738321403914], "Sigma": [[0.010446290457312041, 0.002845061226825235, -0.003714450470500289], [0.0028450612268252355, 0.009467033387635238, -0.015709774716276933], [-0.003714450470500289, -0.015709774716276933, 0.050128615117787295]], "chi2_level": 0.997, "chi2_df": 3, "chi2_threshold": 13.931422665512084, "N_raw": 40, "N_roi": 40, "N_inlier": 38, "refit": true}
{"timestamp": "16:46:16.936123", "frame": 38, "mu": [-0.8978309620382172, 3.088005138784615, 1.1623529810223259], "Sigma": [[0.015037245190638827, 0.001040352814737236, -0.010318807293803856], [0.0010403528147372363, 0.003613114945869348, -0.005499387375587575], [-0.010318807293803856, -0.005499387375587575, 0.01978906382538745]], "chi2_level": 0.997, "chi2_df": 3, "chi2_threshold": 13.931422665512084, "N_raw": 60, "N_roi": 56, "N_inlier": 53, "refit": true}
{"timestamp": "16:46:16.989746", "frame": 39, "mu": [-0.8032281132227594, 3.2704030844125858, 1.2994881900138264], "Sigma": [[0.015105216558724882, 0.00012603026167078393, -0.015893458825360855], [0.00012603026167078388, 0.00403266557761719, -0.0032658984413478985], [-0.015893458825360855, -0.0032658984413478985, 0.027189988733863565]], "chi2_level": 0.997, "chi2_df": 3, "chi2_threshold": 13.931422665512084, "N_raw": 55, "N_roi": 55, "N_inlier": 53, "refit": true}
{"timestamp": "16:46:17.043745", "frame": 40, "mu": [-0.7666993688608007, 3.148398880593165, 1.0597342144036956], "Sigma": [[0.01334782274542857, 0.0018123982188700026, -0.010897824395776032], [0.0018123982188700026, 0.0021342977423733115, -0.002774458599661133], [-0.010897824395776032, -0.002774458599661132, 0.058911320132368945]], "chi2_level": 0.997, "chi2_df": 3, "chi2_threshold": 13.931422665512084, "N_raw": 52, "N_roi": 51, "N_inlier": 49, "refit": true}
{"timestamp": "16:46:17.099920", "frame": 41, "mu": [-0.678996332219635, 3.1625513508733425, 1.053276007636825], "Sigma": [[0.016310589858853506, -0.00023672109846381654, -0.01359309483757385], [-0.00023672109846381665, 0.004056588214146555, -0.0013944847382986447], [-0.01359309483757385, -0.0013944847382986452, 0.015407909482188146]], "chi2_level": 0.997, "chi2_df": 3, "chi2_threshold": 13.931422665512084, "N_raw": 57, "N_roi": 55, "N_inlier": 53, "refit": true}
{"timestamp": "16:46:17.153309", "frame": 42, "mu": [-0.6536729283959788, 3.1288116226838465, 1.0233912860804362], "Sigma": [[0.008567981060178526, -0.00025044152720635573, -0.0093650251556986], [-0.00025044152720635573, 0.0008113341168019653, -0.0017341021813991912], [-0.0093650251556986, -0.0017341021813991908, 0.02531752821005461]], "chi2_level": 0.997, "chi2_df": 3, "chi2_threshold": 13.931422665512084, "N_raw": 41, "N_roi": 34, "N_inlier": 31, "refit": true}
{"timestamp": "16:46:17.215041", "frame": 43, "mu": [-0.6549728123772988, 3.15854778748666, -0.7193943237790916], "Sigma": [[0.018128015875750407, 0.008592018571477032, 0.036019031402373], [0.008592018571477034, 0.011264511356431141, 0.03047175980186957], [0.036019031402372996, 0.03047175980186957, 0.13803707241990007]], "chi2_level": 0.997, "chi2_df": 3, "chi2_threshold": 13.931422665512084, "N_raw": 60, "N_roi": 58, "N_inlier": 53, "refit": true}
{"timestamp": "16:46:17.268217", "frame": 44, "mu": [-0.48482889832553044, 3.2460059211740866, 0.7932968762884036], "Sigma": [[0.03884377510420706, 0.010600976474527828, -0.06549322589461741], [0.010600976474527828, 0.008053964187310669, -0.027255639971398557], [-0.06549322589461741, -0.027255639971398557, 0.18942889084468353]], "chi2_level": 0.997, "chi2_df": 3, "chi2_threshold": 13.931422665512084, "N_raw": 78, "N_roi": 70, "N_inlier": 69, "refit": true}
{"timestamp": "16:46:17.324532", "frame": 45, "mu": [-0.47819458837227613, 3.2554829073022207, 1.2217379358861251], "Sigma": [[0.027673877661281154, 0.010285317941418036, -0.025432694494498802], [0.010285317941418036, 0.01623982333813827, -0.01745549980182792], [-0.025432694494498802, -0.01745549980182792, 0.044578920260274595]], "chi2_level": 0.997, "chi2_df": 3, "chi2_threshold": 13.931422665512084, "N_raw": 86, "N_roi": 84, "N_inlier": 81, "refit": true}
{"timestamp": "16:46:17.378888", "frame": 46, "mu": [-0.4680985257156881, 3.2654299391664265, 0.0020191245602169394], "Sigma": [[0.020205410610414826, 0.004141060179361473, -0.015492879455790018], [0.004141060179361473, 0.008989927973116957, -0.0076834209280003014], [-0.015492879455790016, -0.0076834209280003014, 0.022409823110885095]], "chi2_level": 0.997, "chi2_df": 3, "chi2_threshold": 13.931422665512084, "N_raw": 79, "N_roi": 75, "N_inlier": 74, "refit": true}
{"timestamp": "16:46:17.433678", "frame": 47, "mu": [-0.3797657701630422, 3.1585826971154822, 1.1530494244975458], "Sigma": [[0.020671374512798688, 0.0015797876679195287, -0.00956103617705774], [0.0015797876679195287, 0.004309987793113939, -0.006487885865522926], [-0.00956103617705774, -0.006487885865522926, 0.020114506927896736]], "chi2_level": 0.997, "chi2_df": 3, "chi2_threshold": 13.931422665512084, "N_raw": 79, "N_roi": 77, "N_inlier": 73, "refit": true}
{"timestamp": "16:46:17.486947", "frame": 48, "mu": [-0.32557062857844044, 3.108607750197212, 0.9759147299109763], "Sigma": [[0.01667696299291086, 0.0017623697012496594, -0.005902879120263261], [0.0017623697012496594, 0.0041232853395327855, -0.005098191539648168], [-0.005902879120263261, -0.005098191539648168, 0.01168473249548234]], "chi2_level": 0.997, "chi2_df": 3, "chi2_threshold": 13.931422665512084, "N_raw": 66, "N_roi": 64, "N_inlier": 61, "refit": true}
{"timestamp": "16:46:17.536145", "frame": 49, "mu": [-0.27760490417199424, 3.2901390293340413, -0.3224059451329832], "Sigma": [[0.008163243960720669, 0.0005183520176800141, -0.003158366197242026], [0.0005183520176800141, 0.010731878066108048, -0.018930236594288316], [-0.003158366197242026, -0.018930236594288316, 0.038479070775967336]], "chi2_level": 0.997, "chi2_df": 3, "chi2_threshold": 13.931422665512084, "N_raw": 30, "N_roi": 30, "N_inlier": 29, "refit": true}
{"timestamp": "16:46:17.594323", "frame": 50, "mu": [-0.18008710622868426, 3.2427230321813605, 0.07194786918215716], "Sigma": [[0.01689388954890038, 0.0033310900397641218, -0.002464561010345078], [0.0033310900397641218, 0.005695615707385419, 0.0015484144004276562], [-0.0024645610103450786, 0.0015484144004276564, 0.002237391724497861]], "chi2_level": 0.997, "chi2_df": 3, "chi2_threshold": 13.931422665512084, "N_raw": 56, "N_roi": 56, "N_inlier": 56, "refit": true}
{"timestamp": "16:46:17.648816", "frame": 51, "mu": [-0.14640114971512944, 3.114934491630717, 1.3294974942844568], "Sigma": [[0.012000433623740163, -0.00021979526640686356, -0.00883510084096703], [-0.00021979526640686372, 0.003972399793420212, -0.00023820327566475224], [-0.008835100840967032, -0.00023820327566475235, 0.008931435199818939]], "chi2_level": 0.997, "chi2_df": 3, "chi2_threshold": 13.931422665512084, "N_raw": 45, "N_roi": 45, "N_inlier": 44, "refit": true}
{"timestamp": "16:46:17.707273", "frame": 52, "mu": [-0.06838348516145848, 3.1211488128497615, 1.2159533088175485], "Sigma": [[0.014433107917752468, -0.0014338509878469505, -0.008836924798089955], [-0.0014338509878469505, 0.0038967774897456404, -0.005208066406980435], [-0.008836924798089955, -0.005208066406980436, 0.02216579031250626]], "chi2_level": 0.997, "chi2_df": 3, "chi2_threshold": 13.931422665512084, "N_raw": 68, "N_roi": 68, "N_inlier": 65, "refit": true}
{"timestamp": "16:46:17.758063", "frame": 53, "mu": [-0.01662814855042429, 3.101907029212133, 1.342991159487745], "Sigma": [[0.012019403179854013, -0.0017199098345118372, -0.0063573803356590675], [-0.0017199098345118372, 0.003694027524721354, 0.0013228288426080032], [-0.0063573803356590675, 0.0013228288426080032, 0.00788445978972924]], "chi2_level": 0.997, "chi2_df": 3, "chi2_threshold": 13.931422665512084, "N_raw": 40, "N_roi": 40, "N_inlier": 38, "refit": true}
{"timestamp": "16:46:17.818793", "frame": 54, "mu": [0.017243793424790918, 3.1538064253135936, 1.3407352604814993], "Sigma": [[0.015626759573528833, -0.0003857192377734271, -0.003438263313876396], [-0.0003857192377734271, 0.005023748331717926, -0.0038080167599365902], [-0.0034382633138763962, -0.0038080167599365902, 0.0149657514596443]], "chi2_level": 0.997, "chi2_df": 3, "chi2_threshold": 13.931422665512084, "N_raw": 73, "N_roi": 70, "N_inlier": 66, "refit": true}
{"timestamp": "16:46:17.872645", "frame": 55, "mu": [0.04280049409057016, 3.219141476574928, 0.2337835980651114], "Sigma": [[0.01338853598768469, -0.0005105482011361547, -0.007179419098813342], [-0.000510548201136155, 0.007069146276213267, 0.0013230062712070623], [-0.007179419098813342, 0.0013230062712070625, 0.005712350367027615]], "chi2_level": 0.997, "chi2_df": 3, "chi2_threshold": 13.931422665512084, "N_raw": 63, "N_roi": 63, "N_inlier": 60, "refit": true}
{"timestamp": "16:46:17.928577", "frame": 56, "mu": [0.09143236863247618, 3.1961577607889153, 1.2852349817075608], "Sigma": [[0.015466136505270229, -0.001873939792788595, 0.003201441715467059], [-0.001873939792788595, 0.0038923557036698794, -0.007102336155546592], [0.003201441715467058, -0.007102336155546594, 0.03907619237787925]], "chi2_level": 0.997, "chi2_df": 3, "chi2_threshold": 13.931422665512084, "N_raw": 74, "N_roi": 70, "N_inlier": 67, "refit": true}
{"timestamp": "16:46:17.982567", "frame": 57, "mu": [0.14190195979216527, 3.2033354704955808, 1.041581403756344], "Sigma": [[0.01095483293304136, -0.0013319547820277978, 0.010741387766962502], [-0.0013319547820277978, 0.005206565936685613, -0.011306872014941696], [0.010741387766962502, -0.011306872014941696, 0.44257667259240546]], "chi2_level": 0.997, "chi2_df": 3, "chi2_threshold": 13.931422665512084, "N_raw": 67, "N_roi": 63, "N_inlier": 63, "refit": true}
{"timestamp": "16:46:18.035178", "frame": 58, "mu": [0.18165220314000574, 3.3565210026156485, 0.08606654665378197], "Sigma": [[0.012412032318278884, -0.0025026833021302634, -0.0035082553163586056], [-0.0025026833021302634, 0.013170531398080686, -0.019120184887135957], [-0.003508255316358606, -0.019120184887135957, 0.03856118321422173]], "chi2_level": 0.997, "chi2_df": 3, "chi2_threshold": 13.931422665512084, "N_raw": 53, "N_roi": 50, "N_inlier": 47, "refit": true}
{"timestamp": "16:46:18.092131", "frame": 59, "mu": [0.23706076266291082, 3.2681551468673162, 1.297920185946729], "Sigma": [[0.016982462706711256, -0.0026435343046885555, -0.007267209516171687], [-0.002643534304688555, 0.004810704621309519, -0.005543523463568269], [-0.007267209516171686, -0.0055435234635682696, 0.01679698449287093]], "chi2_level": 0.997, "chi2_df": 3, "chi2_threshold": 13.931422665512084, "N_raw": 71, "N_roi": 71, "N_inlier": 67, "refit": true}
{"timestamp": "16:46:18.146228", "frame": 60, "mu": [0.309941058077689, 3.288166298511697, 1.287217551306014], "Sigma": [[0.016772492901987828, -0.0019198065671546978, -0.008661531023848456], [-0.0019198065671546978, 0.003956470957707234, -0.00033552719990015585], [-0.008661531023848456, -0.00033552719990015596, 0.03657278544701202]], "chi2_level": 0.997, "chi2_df": 3, "chi2_threshold": 13.931422665512084, "N_raw": 61, "N_roi": 60, "N_inlier": 57, "refit": true}
{"timestamp": "16:46:18.199165", "frame": 61, "mu": [0.37776461550955415, 3.199120487470121, 1.3132506087289049], "Sigma": [[0.00992938388622355, -0.0009368078847690445, -0.006082305863523804], [-0.0009368078847690447, 0.002797313344607791, -0.004503261681766517], [-0.006082305863523803, -0.004503261681766517, 0.05591069662383638]], "chi2_level": 0.997, "chi2_df": 3, "chi2_threshold": 13.931422665512084, "N_raw": 39, "N_roi": 39, "N_inlier": 36, "refit": true}
{"timestamp": "16:46:18.253488", "frame": 62, "mu": [0.4072068422800147, 3.30524743747248, 0.15712343002623164], "Sigma": [[0.011156772408343191, -0.0006369587301654471, -0.0045568513284161595], [-0.0006369587301654472, 0.005062126420690522, -0.005587858569204627], [-0.004556851328416159, -0.005587858569204627, 0.011388737995910425]], "chi2_level": 0.997, "chi2_df": 3, "chi2_threshold": 13.931422665512084, "N_raw": 42, "N_roi": 42, "N_inlier": 41, "refit": true}
{"timestamp": "16:46:18.310942", "frame": 63, "mu": [0.49083702668928536, 3.2257893018745825, 1.1593796164207553], "Sigma": [[0.01648111758241605, -0.006888937954539839, -0.023047967699059237], [-0.006888937954539841, 0.005514270946785674, 0.00589902288616813], [-0.023047967699059233, 0.00589902288616813, 0.04840505542231567]], "chi2_level": 0.997, "chi2_df": 3, "chi2_threshold": 13.931422665512084, "N_raw": 62, "N_roi": 56, "N_inlier": 54, "refit": true}
{"timestamp": "16:46:18.365861", "frame": 64, "mu": [0.5277116974605236, 3.2002395703611795, 1.1015189761557924], "Sigma": [[0.01312249446644168, -0.005211520249022127, -0.014508851436399682], [-0.005211520249022127, 0.004735166121733676, 0.0024938035323700284], [-0.01450885143639968, 0.002493803532370029, 0.02454625810371213]], "chi2_level": 0.997, "chi2_df": 3, "chi2_threshold": 13.931422665512084, "N_raw": 53, "N_roi": 51, "N_inlier": 47, "refit": true}
{"timestamp": "16:46:18.548430", "frame": 66, "mu": [0.6063254001107757, 3.392122996722427, -0.028193770249126907], "Sigma": [[0.012199845068054724, -0.0006038349942819336, -0.01550411661811848], [-0.0006038349942819334, 0.006190294235120579, 0.009453015085149858], [-0.015504116618118482, 0.009453015085149858, 0.06087469603699583]], "chi2_level": 0.997, "chi2_df": 3, "chi2_threshold": 13.931422665512084, "N_raw": 43, "N_roi": 43, "N_inlier": 41, "refit": true}
{"timestamp": "16:46:18.580893", "frame": 67, "mu": [0.6965661879949867, 3.2111895119512734, 1.103787691235855], "Sigma": [[0.015474886380488282, -0.00179899376652539, -0.0035770306633558183], [-0.00179899376652539, 0.009490228560203448, 0.003977882027368989], [-0.0035770306633558183, 0.003977882027368989, 0.0036185395386720857]], "chi2_level": 0.997, "chi2_df": 3, "chi2_threshold": 13.931422665512084, "N_raw": 62, "N_roi": 62, "N_inlier": 61, "refit": true}
{"timestamp": "16:46:18.608362", "frame": 68, "mu": [0.7377711644196229, 3.145132550025072, 0.9968575648911953], "Sigma": [[0.012463176583015904, -0.00281086251916536, -0.0035828656781941586], [-0.00281086251916536, 0.0049916384605191875, -0.0009786550958580174], [-0.0035828656781941586, -0.0009786550958580172, 0.004307536967723446]], "chi2_level": 0.997, "chi2_df": 3, "chi2_threshold": 13.931422665512084, "N_raw": 50, "N_roi": 50, "N_inlier": 48, "refit": true}
{"timestamp": "16:46:18.639308", "frame": 69, "mu": [0.7721432088431681, 3.142703143986661, 0.9069118317430656], "Sigma": [[0.011158692599803056, -0.0011510643348662528, 0.004285268001162025], [-0.0011510643348662528, 0.008158169319691475, -0.012584241656438542], [0.004285268001162025, -0.012584241656438542, 0.024616352092805934]], "chi2_level": 0.997, "chi2_df": 3, "chi2_threshold": 13.931422665512084, "N_raw": 47, "N_roi": 44, "N_inlier": 43, "refit": true}
{"timestamp": "16:46:18.694565", "frame": 70, "mu": [0.7651624299295154, 3.3230225607302715, -0.31051912158981165], "Sigma": [[0.012484210788534606, -0.002744202588739012, 0.008174833343184413], [-0.0027442025887390127, 0.009428129861752137, -0.009734459167727838], [0.008174833343184413, -0.009734459167727838, 0.01412337269249843]], "chi2_level": 0.997, "chi2_df": 3, "chi2_threshold": 13.931422665512084, "N_raw": 45, "N_roi": 41, "N_inlier": 39, "refit": true}
{"timestamp": "16:46:18.748132", "frame": 71, "mu": [0.8480635678059721, 3.2226997280846295, 0.8071457876662558], "Sigma": [[0.007740514976822889, -0.002417866535296945, 0.005499156295892878], [-0.002417866535296945, 0.019501782241374464, -0.03856119004966816], [0.0054991562958928795, -0.03856119004966817, 0.08508259064268058]], "chi2_level": 0.997, "chi2_df": 3, "chi2_threshold": 13.931422665512084, "N_raw": 43, "N_roi": 39, "N_inlier": 39, "refit": true}
{"timestamp": "16:46:18.799905", "frame": 72, "mu": [0.8967323640807523, 3.3781287190288127, 0.6724113856943799], "Sigma": [[0.007223016852439138, -0.010497521689975116, 0.01678093638550404], [-0.010497521689975114, 0.026460086432249442, -0.048870740846496424], [0.01678093638550404, -0.048870740846496424, 0.13424962605244065]], "chi2_level": 0.997, "chi2_df": 3, "chi2_threshold": 13.931422665512084, "N_raw": 21, "N_roi": 19, "N_inlier": 19, "refit": true}
{"timestamp": "16:46:18.854413", "frame": 73, "mu": [0.9702905033348492, 3.2989248040053902, 1.2603690203504472], "Sigma": [[0.004134069681752085, -0.0034402454297635626, -0.005769840635478534], [-0.003440245429763563, 0.009054463604474292, 7.372160823397285e-05], [-0.005769840635478534, 7.372160823397285e-05, 0.12258107966457978]], "chi2_level": 0.997, "chi2_df": 3, "chi2_threshold": 13.931422665512084, "N_raw": 20, "N_roi": 17, "N_inlier": 17, "refit": true}
{"timestamp": "16:46:18.914559", "frame": 74, "mu": [1.1006200046280474, 3.2748110716153076, 1.4736189939131308], "Sigma": [[0.015397153720753374, -0.007015697859045942, -0.012618363847531244], [-0.007015697859045942, 0.009109691753245617, 0.0077752239857160075], [-0.012618363847531244, 0.007775223985716007, 0.01390278039969225]], "chi2_level": 0.997, "chi2_df": 3, "chi2_threshold": 13.931422665512084, "N_raw": 52, "N_roi": 49, "N_inlier": 46, "refit": true}
{"timestamp": "16:46:18.968053", "frame": 75, "mu": [1.1030500988440939, 3.361167983558758, 1.3256438237609351], "Sigma": [[0.012457847596390558, -0.0033380741857792972, -0.0193718208466678], [-0.0033380741857792972, 0.007130901422103989, -0.02058071666976976], [-0.0193718208466678, -0.02058071666976976, 0.2313980319227429]], "chi2_level": 0.997, "chi2_df": 3, "chi2_threshold": 13.931422665512084, "N_raw": 44, "N_roi": 44, "N_inlier": 43, "refit": true}
{"timestamp": "16:46:19.021431", "frame": 76, "mu": [1.1906262465184618, 3.2905533342895734, 1.451042508962896], "Sigma": [[0.010554023004474292, -0.0050582699109342905, -0.009972420135004127], [-0.0050582699109342905, 0.007121802232338322, 0.008024970346282155], [-0.009972420135004127, 0.008024970346282155, 0.07769021426787988]], "chi2_level": 0.997, "chi2_df": 3, "chi2_threshold": 13.931422665512084, "N_raw": 38, "N_roi": 38, "N_inlier": 36, "refit": true}
{"timestamp": "16:46:19.079146", "frame": 77, "mu": [1.2463849078752431, 3.240600996740821, 1.2268060755469745], "Sigma": [[0.013666102205260721, -0.0056013117245822305, -0.00539090548250782], [-0.0056013117245822305, 0.004867534235666959, -0.0033357180941166725], [-0.00539090548250782, -0.0033357180941166725, 0.03249159341070844]], "chi2_level": 0.997, "chi2_df": 3, "chi2_threshold": 13.931422665512084, "N_raw": 50, "N_roi": 46, "N_inlier": 43, "refit": true}
{"timestamp": "16:46:19.134326", "frame": 78, "mu": [1.265246396102271, 3.399099478377493, 0.08949142237124345], "Sigma": [[0.011234363491274163, -0.0025999161816804644, -0.004630350335120984], [-0.0025999161816804644, 0.013918348964768073, -0.04530954236429929], [-0.004630350335120984, -0.04530954236429929, 0.26616710430978147]], "chi2_level": 0.997, "chi2_df": 3, "chi2_threshold": 13.931422665512084, "N_raw": 54, "N_roi": 54, "N_inlier": 53, "refit": true}
{"timestamp": "16:46:19.188015", "frame": 79, "mu": [1.359390778161136, 3.339533562321481, 1.369656117780121], "Sigma": [[0.015306885272364327, -0.007321337225711483, -0.015551532795405127], [-0.007321337225711483, 0.006382864943340652, 0.006586038922068921], [-0.015551532795405127, 0.006586038922068922, 0.019052350710212166]], "chi2_level": 0.997, "chi2_df": 3, "chi2_threshold": 13.931422665512084, "N_raw": 41, "N_roi": 38, "N_inlier": 37, "refit": true}
{"timestamp": "16:46:19.294830", "frame": 81, "mu": [1.4150849191197366, 3.372062400712995, 1.4362430028605346], "Sigma": [[0.011978231871062707, 0.0009308572955488408, 0.03225874632661021], [0.0009308572955488408, 0.007612501431787436, 0.030671611510041573], [0.03225874632661021, 0.030671611510041573, 0.27404116397058137]], "chi2_level": 0.997, "chi2_df": 3, "chi2_threshold": 13.931422665512084, "N_raw": 20, "N_roi": 17, "N_inlier": 17, "refit": true}
{"timestamp": "16:46:19.349953", "frame": 82, "mu": [1.444429152602879, 3.415536322834294, 1.5864960585406385], "Sigma": [[0.00739217847008625, -8.160726770858401e-05, 0.023180373570669224], [-8.160726770858401e-05, 0.003933736446497062, 0.017726094434603167], [0.023180373570669224, 0.017726094434603164, 0.2893580006636239]], "chi2_level": 0.997, "chi2_df": 3, "chi2_threshold": 13.931422665512084, "N_raw": 19, "N_roi": 19, "N_inlier": 19, "refit": true}
{"timestamp": "16:46:19.409022", "frame": 83, "mu": [1.5249448024626941, 3.412125262617861, 1.7065307304466903], "Sigma": [[0.019903339599666572, -0.007793838602483312, -0.00870753860631824], [-0.007793838602483312, 0.0092622756774122, 0.006276710576239146], [-0.008707538606318238, 0.006276710576239146, 0.009795924367679829]], "chi2_level": 0.997, "chi2_df": 3, "chi2_threshold": 13.931422665512084, "N_raw": 54, "N_roi": 53, "N_inlier": 52, "refit": true}
{"timestamp": "16:46:19.462840", "frame": 84, "mu": [1.561185137948554, 3.4467395134895895, 1.7563476526044492], "Sigma": [[0.018208950582572662, -0.007690677419823857, -0.006099674682652801], [-0.007690677419823857, 0.007091903801113909, 0.002095235971140585], [-0.006099674682652802, 0.002095235971140585, 0.004010235792574843]], "chi2_level": 0.997, "chi2_df": 3, "chi2_threshold": 13.931422665512084, "N_raw": 41, "N_roi": 41, "N_inlier": 40, "refit": true}
{"timestamp": "16:46:19.520046", "frame": 85, "mu": [1.6186775598235617, 3.4297645839789825, 1.5707702452679377], "Sigma": [[0.022945696715084, -0.008574529362445366, -0.01742497836745978], [-0.008574529362445366, 0.007734045127716549, 0.003058982402690491], [-0.01742497836745978, 0.0030589824026904908, 0.01984471329604412]], "chi2_level": 0.997, "chi2_df": 3, "chi2_threshold": 13.931422665512084, "N_raw": 53, "N_roi": 53, "N_inlier": 52, "refit": true}
{"timestamp": "16:46:19.574094", "frame": 86, "mu": [1.688240812641435, 3.3492202101954245, 1.34046023165423], "Sigma": [[0.018336178152762977, -0.01053735813092609, -0.011123217004239263], [-0.01053735813092609, 0.016129932354666022, 0.01765050113123031], [-0.011123217004239263, 0.01765050113123031, 0.022263509987670002]], "chi2_level": 0.997, "chi2_df": 3, "chi2_threshold": 13.931422665512084, "N_raw": 48, "N_roi": 48, "N_inlier": 47, "refit": true}
{"timestamp": "16:46:19.626009", "frame": 87, "mu": [1.684153371166207, 3.314772184568942, 1.3102113877691908], "Sigma": [[0.009186844903103267, -0.0072428268901272505, -0.011555290564445379], [-0.007242826890127249, 0.014124650429987815, 0.022244400542604254], [-0.011555290564445379, 0.022244400542604254, 0.03829221493719419]], "chi2_level": 0.997, "chi2_df": 3, "chi2_threshold": 13.931422665512084, "N_raw": 29, "N_roi": 26, "N_inlier": 26, "refit": true}
{"timestamp": "16:46:19.679671", "frame": 88, "mu": [1.7604162147322178, 3.3950415471157074, 0.10699356683360245], "Sigma": [[0.008586603355091918, -0.0032083228736923186, -0.008748076708374675], [-0.0032083228736923186, 0.00431827966556285, 0.005140608831113384], [-0.008748076708374672, 0.005140608831113384, 0.012033651805186145]], "chi2_level": 0.997, "chi2_df": 3, "chi2_threshold": 13.931422665512084, "N_raw": 22, "N_roi": 22, "N_inlier": 22, "refit": true}
{"timestamp": "16:46:19.733894", "frame": 89, "mu": [1.7878725004733176, 3.323589768519674, 1.4037784536013176], "Sigma": [[0.007055606881754994, -0.0038802073322588165, -0.0030931962006443205], [-0.0038802073322588165, 0.006228483232928049, 0.007043899479760608], [-0.003093196200644321, 0.007043899479760608, 0.009193129159133064]], "chi2_level": 0.997, "chi2_df": 3, "chi2_threshold": 13.931422665512084, "N_raw": 20, "N_roi": 20, "N_inlier": 19, "refit": true}
{"timestamp": "16:46:19.843513", "frame": 91, "mu": [1.8720895541125164, 3.249069649360887, 1.177409148543438], "Sigma": [[0.005646753223595439, -0.00293338054337272, -0.002393271473126405], [-0.00293338054337272, 0.0068678361477612975, 0.0061758674802131095], [-0.002393271473126405, 0.0061758674802131095, 0.00819600480674535]], "chi2_level": 0.997, "chi2_df": 3, "chi2_threshold": 13.931422665512084, "N_raw": 17, "N_roi": 15, "N_inlier": 15, "refit": true}
{"timestamp": "16:46:19.903928", "frame": 92, "mu": [1.9125516954867647, 3.3431574280415397, 0.20443078445364857], "Sigma": [[0.009902989929062939, -0.0015996498298853179, -0.006836103270502062], [-0.0015996498298853179, 0.0024467157943311273, 0.0013419384677126824], [-0.006836103270502062, 0.0013419384677126826, 0.005605399546870104]], "chi2_level": 0.997, "chi2_df": 3, "chi2_threshold": 13.931422665512084, "N_raw": 14, "N_roi": 13, "N_inlier": 12, "refit": true}
{"timestamp": "16:46:20.505872", "frame": 102, "mu": [2.1613454279900632, 3.399298080194388, 1.567619409841006], "Sigma": [[0.004231742806868739, -0.0004624449796168706, 0.0014910334948653476], [-0.0004624449796168705, 0.004198522075048651, 0.0013389300978664744], [0.0014910334948653476, 0.0013389300978664744, 0.002266496251553296]], "chi2_level": 0.997, "chi2_df": 3, "chi2_threshold": 13.931422665512084, "N_raw": 21, "N_roi": 11, "N_inlier": 10, "refit": true}
{"timestamp": "16:46:20.537028", "frame": 103, "mu": [2.346995915608, 3.507371837035651, 1.2096591174035525], "Sigma": [[0.01481700498270838, 0.003543428749191977, -0.01636977496948697], [0.0035434287491919775, 0.005052654206600052, -0.005175533105330657], [-0.016369774969486973, -0.005175533105330657, 0.04477101497368738]], "chi2_level": 0.997, "chi2_df": 3, "chi2_threshold": 13.931422665512084, "N_raw": 42, "N_roi": 16, "N_inlier": 16, "refit": true}
