{"timestamp": "17:06:05.700152", "frame": 2, "mu": [2.378533790684068, 4.934179861957791, 1.2002186638447232], "Sigma": [[0.007975554937930783, -0.003133404296056112, -0.002689853779291155], [-0.003133404296056112, 0.002870414140249906, -0.0024057255727449804], [-0.002689853779291155, -0.0024057255727449804, 0.03734241970465745]], "chi2_level": 0.997, "chi2_df": 3, "chi2_threshold": 13.931422665512084, "N_raw": 51, "N_roi": 13, "N_inlier": 13, "refit": true}
{"timestamp": "17:06:05.921622", "frame": 6, "mu": [2.2937249027680995, 4.729932972855586, 0.43992199893601563], "Sigma": [[0.01703855270157187, -0.005684784397442616, 0.0050250927236603175], [-0.005684784397442616, 0.003593848802141163, -0.005976914418917999], [0.005025092723660318, -0.005976914418918001, 0.07278579957932842]], "chi2_level": 0.997, "chi2_df": 3, "chi2_threshold": 13.931422665512084, "N_raw": 63, "N_roi": 27, "N_inlier": 26, "refit": true}
{"timestamp": "17:06:06.143023", "frame": 10, "mu": [2.2232224316479035, 4.5167468640384305, 0.9668653005054357], "Sigma": [[0.028397482761715193, -0.015611805058169403, -0.014505561068419593], [-0.015611805058169403, 0.012107462649193728, 0.002167103178545472], [-0.014505561068419591, 0.002167103178545472, 0.023389069210405115]], "chi2_level": 0.997, "chi2_df": 3, "chi2_threshold": 13.931422665512084, "N_raw": 52, "N_roi": 46, "N_inlier": 46, "refit": true}
{"timestamp": "17:06:06.195532", "frame": 11, "mu": [2.184799108447627, 4.472830144088839, 1.1242193643661822], "Sigma": [[0.03285341609255078, -0.01809166285980933, -0.021805985325479654], [-0.01809166285980933, 0.012934836374569257, 0.010396864411243167], [-0.021805985325479654, 0.010396864411243167, 0.019985011989295663]], "chi2_level": 0.997, "chi2_df": 3, "chi2_threshold": 13.931422665512084, "N_raw": 38, "N_roi": 38, "N_inlier": 38, "refit": true}
{"timestamp": "17:06:06.249923", "frame": 12, "mu": [2.1648414863034633, 4.447161638650025, 0.9883240383249275], "Sigma": [[0.028377683580191534, -0.013051546518989097, -0.005718525375435761], [-0.013051546518989097, 0.00838536340341278, -0.00032488081148732763], [-0.005718525375435762, -0.0003248808114873278, 0.009598229619034015]], "chi2_level": 0.997, "chi2_df": 3, "chi2_threshold": 13.931422665512084, "N_raw": 35, "N_roi": 35, "N_inlier": 35, "refit": true}
{"timestamp": "17:06:06.304117", "frame": 13, "mu": [2.068943090633634, 4.413128371787742, 1.0610416354324108], "Sigma": [[0.02603624038639255, -0.013007595379946689, -0.009427385616824782], [-0.013007595379946685, 0.009101476468178323, 0.0039410868036935665], [-0.009427385616824782, 0.0039410868036935665, 0.006157971945290361]], "chi2_level": 0.997, "chi2_df": 3, "chi2_threshold": 13.931422665512084, "N_raw": 28, "N_roi": 26, "N_inlier": 26, "refit": true}
{"timestamp": "17:06:06.357347", "frame": 14, "mu": [2.059131043937092, 4.31133287752292, 0.8842438564117725], "Sigma": [[0.014306925690540257, -0.006550817764083847, -0.008304005782856122], [-0.006550817764083849, 0.006154895032480759, 0.004209087059879608], [-0.00830400578285612, 0.004209087059879607, 0.006278448863332133]], "chi2_level": 0.997, "chi2_df": 3, "chi2_threshold": 13.931422665512084, "N_raw": 18, "N_roi": 18, "N_inlier": 18, "refit": true}
{"timestamp": "17:06:06.410573", "frame": 15, "mu": [2.1265079250484558, 4.113722295463364, 0.7180308535800334], "Sigma": [[0.015755158539916523, -0.008165247328920761, -0.014630572076262768], [-0.008165247328920761, 0.007374219321894702, 0.006711290606051109], [-0.014630572076262768, 0.006711290606051109, 0.018807325661826163]], "chi2_level": 0.997, "chi2_df": 3, "chi2_threshold": 13.931422665512084, "N_raw": 10, "N_roi": 10, "N_inlier": 10, "refit": true}
{"timestamp": "17:06:06.525682", "frame": 17, "mu": [1.8319407878220013, 4.133092307121969, 1.0585541775623164], "Sigma": [[0.024874084963914793, -0.013911687694079616, -0.01150083909158599], [-0.013911687694079616, 0.011143832775469728, 0.004018054514973848], [-0.01150083909158599, 0.004018054514973849, 0.01003329778685807]], "chi2_level": 0.997, "chi2_df": 3, "chi2_threshold": 13.931422665512084, "N_raw": 41, "N_roi": 39, "N_inlier": 39, "refit": true}
{"timestamp": "17:06:06.580177", "frame": 18, "mu": [1.7724307721929178, 4.081157102317903, 1.0170019628921911], "Sigma": [[0.014004983364751708, -0.005527169526872212, -0.007771612923253201], [-0.005527169526872212, 0.006173756489725262, 0.002581502132442973], [-0.007771612923253201, 0.002581502132442973, 0.007113226041279222]], "chi2_level": 0.997, "chi2_df": 3, "chi2_threshold": 13.931422665512084, "N_raw": 32, "N_roi": 28, "N_inlier": 28, "refit": true}
{"timestamp": "17:06:06.634065", "frame": 19, "mu": [1.7502757103746713, 4.065350181732924, 0.9081312884438677], "Sigma": [[0.011537203250387621, -0.008722765009970221, -0.010398424341060501], [-0.008722765009970221, 0.009293364882745089, 0.002518854876223331], [-0.010398424341060501, 0.0025188548762233305, 0.024644597990297747]], "chi2_level": 0.997, "chi2_df": 3, "chi2_threshold": 13.931422665512084, "N_raw": 25, "N_roi": 25, "N_inlier": 25, "refit": true}
{"timestamp": "17:06:06.693022", "frame": 20, "mu": [1.7177064224291556, 3.957140128728659, 1.1293481103681218], "Sigma": [[0.024178986916341995, -0.016263768784468908, -0.01595396183598613], [-0.016263768784468908, 0.01702266518626826, 0.0056105380322133466], [-0.01595396183598613, 0.0056105380322133466, 0.030152615181373365]], "chi2_level": 0.997, "chi2_df": 3, "chi2_threshold": 13.931422665512084, "N_raw": 57, "N_roi": 57, "N_inlier": 57, "refit": true}
{"timestamp": "17:06:06.744855", "frame": 21, "mu": [1.6368588024181205, 3.9310967511724044, 0.84005662391896], "Sigma": [[0.015220973151007927, -0.01431535011907822, 0.0016123409598838758], [-0.01431535011907822, 0.021156756813272566, -0.003039808250377053], [0.0016123409598838758, -0.0030398082503770535, 0.018862940067509985]], "chi2_level": 0.997, "chi2_df": 3, "chi2_threshold": 13.931422665512084, "N_raw": 33, "N_roi": 33, "N_inlier": 32, "refit": true}
{"timestamp": "17:06:07.076504", "frame": 27, "mu": [1.2328860117077287, 3.6157405194912373, 0.9951515420241728], "Sigma": [[0.01773940659063784, -0.007616896511093579, -0.005627471416924371], [-0.007616896511093579, 0.004134920264646528, -0.0012659730326334763], [-0.005627471416924372, -0.0012659730326334765, 0.03848855544174623]], "chi2_level": 0.997, "chi2_df": 3, "chi2_threshold": 13.931422665512084, "N_raw": 45, "N_roi": 45, "N_inlier": 44, "refit": true}
{"timestamp": "17:06:07.131458", "frame": 28, "mu": [1.1845907212174496, 3.6815285604221133, -0.00394735871082749], "Sigma": [[0.018111957842781887, -0.00432065912333859, -0.006880398022289957], [-0.00432065912333859, 0.006402935665534885, -0.00545186486069874], [-0.006880398022289956, -0.00545186486069874, 0.014148883773545185]], "chi2_level": 0.997, "chi2_df": 3, "chi2_threshold": 13.931422665512084, "N_raw": 45, "N_roi": 45, "N_inlier": 43, "refit": true}
{"timestamp": "17:06:07.191747", "frame": 29, "mu": [1.0991503035520929, 3.703375851206991, -0.24180275283593144], "Sigma": [[0.022702648541400614, -0.014403513807227568, -0.004976765230438451], [-0.014403513807227568, 0.01944600083961505, -0.0050962400840550166], [-0.004976765230438451, -0.005096240084055017, 0.0341133357820978]], "chi2_level": 0.997, "chi2_df": 3, "chi2_threshold": 13.931422665512084, "N_raw": 74, "N_roi": 72, "N_inlier": 70, "refit": true}
{"timestamp": "17:06:07.244552", "frame": 30, "mu": [1.0140453854741096, 3.5174129609630302, 0.8026768037661401], "Sigma": [[0.012863638526078087, -0.003383856172544537, 0.0011974833913524488], [-0.003383856172544537, 0.007833031044268019, -0.0036432478545448633], [0.0011974833913524496, -0.0036432478545448633, 0.017009415347348716]], "chi2_level": 0.997, "chi2_df": 3, "chi2_threshold": 13.931422665512084, "N_raw": 60, "N_roi": 57, "N_inlier": 53, "refit": true}
{"timestamp": "17:06:07.297356", "frame": 31, "mu": [0.9309947800208329, 3.409300748023032, 0.776370482623808], "Sigma": [[0.01037246597310389, -0.0017566762431863287, -0.00044306639416550947], [-0.0017566762431863287, 0.005715291437247568, 0.0023184207115735443], [-0.0004430663941655096, 0.0023184207115735447, 0.0017369769395649145]], "chi2_level": 0.997, "chi2_df": 3, "chi2_threshold": 13.931422665512084, "N_raw": 31, "N_roi": 31, "N_inlier": 28, "refit": true}
{"timestamp": "17:06:07.349713", "frame": 32, "mu": [0.8407112114434215, 3.4174376242209306, 0.9488007732206866], "Sigma": [[0.011847584645169275, -0.006866120642750872, -0.01392810058092751], [-0.0068661206427508715, 0.007729484113080046, 0.008511387049518385], [-0.01392810058092751, 0.008511387049518385, 0.019411688463977544]], "chi2_level": 0.997, "chi2_df": 3, "chi2_threshold": 13.931422665512084, "N_raw": 36, "N_roi": 36, "N_inlier": 34, "refit": true}
{"timestamp": "17:06:07.409837", "frame": 33, "mu": [0.8691937574214085, 3.4653145196871393, -0.27199666897644537], "Sigma": [[0.016844711562000313, -0.0038308533278154913, 0.012738346807921441], [-0.003830853327815492, 0.007978493799893446, -0.013931744996583457], [0.012738346807921441, -0.013931744996583457, 0.1178404115256178]], "chi2_level": 0.997, "chi2_df": 3, "chi2_threshold": 13.931422665512084, "N_raw": 66, "N_roi": 65, "N_inlier": 64, "refit": true}
{"timestamp": "17:06:07.464277", "frame": 34, "mu": [0.8543560563720596, 3.197231568839015, 0.9065507922459661], "Sigma": [[0.017859070739047835, -0.005766419181969591, -0.005844163089732341], [-0.005766419181969592, 0.0032383329967047487, -0.002868845360065324], [-0.005844163089732341, -0.002868845360065324, 0.029121827670001297]], "chi2_level": 0.997, "chi2_df": 3, "chi2_threshold": 13.931422665512084, "N_raw": 63, "N_roi": 63, "N_inlier": 61, "refit": true}
{"timestamp": "17:06:07.512154", "frame": 35, "mu": [0.7507101340921492, 3.2154151046114228, 0.8914065962938014], "Sigma": [[0.004567813778371396, -0.003099677419519599, 0.0011592953875707033], [-0.0030996774195195986, 0.003854411261560719, -0.005253123288811683], [0.0011592953875707033, -0.005253123288811682, 0.041306961113181245]], "chi2_level": 0.997, "chi2_df": 3, "chi2_threshold": 13.931422665512084, "N_raw": 12, "N_roi": 12, "N_inlier": 12, "refit": true}
{"timestamp": "17:06:07.576267", "frame": 36, "mu": [0.6543196560802, 3.195863314021653, 0.9410552466173799], "Sigma": [[0.018068685273774157, -0.01285024260013553, -0.012659632411934992], [-0.012850242600135528, 0.017183487053171312, 0.006293024445356437], [-0.01265963241193499, 0.006293024445356438, 0.015349733712690895]], "chi2_level": 0.997, "chi2_df": 3, "chi2_threshold": 13.931422665512084, "N_raw": 74, "N_roi": 74, "N_inlier": 73, "refit": true}
{"timestamp": "17:06:07.625387", "frame": 37, "mu": [0.6487175876521188, 3.109927792237483, 0.858201617034238], "Sigma": [[0.02714642899997212, -0.021459029720369706, -0.013078054734107222], [-0.021459029720369706, 0.018395595609799215, 0.010025182195605296], [-0.013078054734107222, 0.010025182195605296, 0.018384914928476867]], "chi2_level": 0.997, "chi2_df": 3, "chi2_threshold": 13.931422665512084, "N_raw": 30, "N_roi": 28, "N_inlier": 27, "refit": true}
{"timestamp": "17:06:07.687911", "frame": 38, "mu": [0.6037718126170503, 3.217895507756043, -0.19075883118884535], "Sigma": [[0.029682539814383443, -0.023663027205001234, -0.013892140390006745], [-0.023663027205001234, 0.02615781206159995, 0.006237917684853141], [-0.013892140390006746, 0.006237917684853141, 0.01780828232369726]], "chi2_level": 0.997, "chi2_df": 3, "chi2_threshold": 13.931422665512084, "N_raw": 82, "N_roi": 82, "N_inlier": 82, "refit": true}
{"timestamp": "17:06:07.740765", "frame": 39, "mu": [0.6777335424385108, 2.9825233223085266, -0.16898803351596395], "Sigma": [[0.019981742275701705, -0.003250347399081378, -0.005518001318459143], [-0.003250347399081377, 0.006368242936407072, 0.00519770457833631], [-0.005518001318459143, 0.00519770457833631, 0.01359361446686774]], "chi2_level": 0.997, "chi2_df": 3, "chi2_threshold": 13.931422665512084, "N_raw": 71, "N_roi": 69, "N_inlier": 67, "refit": true}
{"timestamp": "17:06:07.838087", "frame": 40, "mu": [0.514592414343338, 3.0018114687115394, -0.2688299350073612], "Sigma": [[0.013348023297447196, -0.0050837194807960145, 0.007266088497949362], [-0.0050837194807960145, 0.01754445105347896, 0.006304723895913716], [0.007266088497949363, 0.006304723895913716, 0.026040139759424576]], "chi2_level": 0.997, "chi2_df": 3, "chi2_threshold": 13.931422665512084, "N_raw": 89, "N_roi": 85, "N_inlier": 81, "refit": true}
{"timestamp": "17:06:07.851100", "frame": 41, "mu": [0.45182831325588485, 2.8852544873445596, 1.1458716385589054], "Sigma": [[0.012104746351509165, 0.0004568527835907782, -0.00584489444951418], [0.0004568527835907782, 0.00788883981487126, 0.00461475199514663], [-0.00584489444951418, 0.00461475199514663, 0.05526502931047393]], "chi2_level": 0.997, "chi2_df": 3, "chi2_threshold": 13.931422665512084, "N_raw": 76, "N_roi": 73, "N_inlier": 69, "refit": true}
{"timestamp": "17:06:07.908024", "frame": 42, "mu": [0.29794083969161933, 2.915706684390453, 1.3651037532219947], "Sigma": [[0.016530243484462595, -0.0019817686935751882, -0.029818792192457793], [-0.001981768693575188, 0.004019729588658072, -0.0016403608135238594], [-0.029818792192457793, -0.0016403608135238587, 0.14302738304795887]], "chi2_level": 0.997, "chi2_df": 3, "chi2_threshold": 13.931422665512084, "N_raw": 78, "N_roi": 75, "N_inlier": 70, "refit": true}
{"timestamp": "17:06:07.962822", "frame": 43, "mu": [0.19721078228884042, 2.7525627579938625, 1.1247144119488264], "Sigma": [[0.024918412896810706, 0.014257887418370814, 0.007584780250937169], [0.014257887418370817, 0.01915804974006402, 0.01248135849592968], [0.00758478025093717, 0.01248135849592968, 0.03527634946935133]], "chi2_level": 0.997, "chi2_df": 3, "chi2_threshold": 13.931422665512084, "N_raw": 87, "N_roi": 87, "N_inlier": 87, "refit": true}
{"timestamp": "17:06:08.019088", "frame": 44, "mu": [0.21497482136016124, 2.6777406467098066, 1.0115051903567367], "Sigma": [[0.02639798375952737, 0.012270773702321103, -0.00046001488552077543], [0.012270773702321103, 0.015370693005070274, -0.0019408855000321893], [-0.00046001488552077576, -0.0019408855000321895, 0.01098409592781348]], "chi2_level": 0.997, "chi2_df": 3, "chi2_threshold": 13.931422665512084, "N_raw": 77, "N_roi": 70, "N_inlier": 67, "refit": true}
{"timestamp": "17:06:08.075499", "frame": 45, "mu": [0.20812445784512104, 2.6852981785750893, 1.264845053264731], "Sigma": [[0.017626731969252445, -0.006785614115114862, -0.0045561416054401], [-0.006785614115114861, 0.006763350933538403, -0.0018562329651830856], [-0.0045561416054401005, -0.0018562329651830856, 0.01960650223285433]], "chi2_level": 0.997, "chi2_df": 3, "chi2_threshold": 13.931422665512084, "N_raw": 101, "N_roi": 87, "N_inlier": 83, "refit": true}
{"timestamp": "17:06:08.134597", "frame": 46, "mu": [0.16620157928718543, 2.647585413703697, 0.4968877169225894], "Sigma": [[0.017361142793693683, -0.005175644035035612, 0.08923479395288414], [-0.005175644035035612, 0.011779722983885703, -0.027469753304482536], [0.08923479395288414, -0.027469753304482536, 0.6040467387095075]], "chi2_level": 0.997, "chi2_df": 3, "chi2_threshold": 13.931422665512084, "N_raw": 118, "N_roi": 98, "N_inlier": 93, "refit": true}
{"timestamp": "17:06:08.189086", "frame": 47, "mu": [0.03257485793095523, 2.656520919246464, 1.2245455823820877], "Sigma": [[0.019872685666398604, -0.006935263109764091, 0.010401996565676558], [-0.006935263109764091, 0.01500948190683631, -0.008054683855910374], [0.010401996565676558, -0.008054683855910374, 0.02898735710302198]], "chi2_level": 0.997, "chi2_df": 3, "chi2_threshold": 13.931422665512084, "N_raw": 120, "N_roi": 117, "N_inlier": 113, "refit": true}
{"timestamp": "17:06:08.242561", "frame": 48, "mu": [0.01164263789524362, 2.554571148302006, -0.2990445444138173], "Sigma": [[0.02228874257272058, -0.008925566116185845, 0.12349258483213613], [-0.008925566116185845, 0.012897869794377978, -0.04497199104267996], [0.12349258483213613, -0.04497199104267997, 1.0832094838453312]], "chi2_level": 0.997, "chi2_df": 3, "chi2_threshold": 13.931422665512084, "N_raw": 108, "N_roi": 108, "N_inlier": 106, "refit": true}
{"timestamp": "17:06:08.297147", "frame": 49, "mu": [-0.0403391814482962, 2.464750094524125, 0.7369552701337962], "Sigma": [[0.014567815374722707, -0.009082089937144263, -0.02323525682838581], [-0.009082089937144263, 0.01985970625878565, 0.06387318453281658], [-0.023235256828385814, 0.06387318453281658, 0.2950092936555941]], "chi2_level": 0.997, "chi2_df": 3, "chi2_threshold": 13.931422665512084, "N_raw": 105, "N_roi": 105, "N_inlier": 104, "refit": true}
{"timestamp": "17:06:08.351383", "frame": 50, "mu": [-0.2216162204238268, 2.6666269048415088, -0.23335078227672384], "Sigma": [[0.014014142413265448, -0.0019684780316752562, 0.003868398421836351], [-0.001968478031675256, 0.010350970584691246, -0.015698219067538433], [0.003868398421836351, -0.015698219067538433, 0.07639123384284771]], "chi2_level": 0.997, "chi2_df": 3, "chi2_threshold": 13.931422665512084, "N_raw": 84, "N_roi": 84, "N_inlier": 81, "refit": true}
{"timestamp": "17:06:08.402573", "frame": 51, "mu": [-0.1394823284167575, 2.4224062410590665, 1.2120824002269135], "Sigma": [[0.012081342382392899, -0.0034533978689769576, 0.00357097333927818], [-0.003453397868976957, 0.003732307378048555, -0.00848498359471911], [0.0035709733392781814, -0.00848498359471911, 0.05714150998434646]], "chi2_level": 0.997, "chi2_df": 3, "chi2_threshold": 13.931422665512084, "N_raw": 80, "N_roi": 79, "N_inlier": 75, "refit": true}
{"timestamp": "17:06:08.460829", "frame": 52, "mu": [-0.19891011937572403, 2.3927676677525787, 0.8803651335430587], "Sigma": [[0.007339082528714851, -0.0010224593662854359, -0.01135793692883811], [-0.0010224593662854354, 0.014497006609668378, -0.0009589192519516092], [-0.011357936928838108, -0.0009589192519516127, 0.5641119708492933]], "chi2_level": 0.997, "chi2_df": 3, "chi2_threshold": 13.931422665512084, "N_raw": 63, "N_roi": 60, "N_inlier": 59, "refit": true}
{"timestamp": "17:06:08.510405", "frame": 53, "mu": [-0.20257924821305026, 2.2609112749377043, 1.1735916439624294], "Sigma": [[0.01811594624539243, -0.007550085451216031, 0.008286252053057313], [-0.007550085451216031, 0.005410225862191856, -0.0022395475305387012], [0.008286252053057313, -0.0022395475305387017, 0.08441409891339177]], "chi2_level": 0.997, "chi2_df": 3, "chi2_threshold": 13.931422665512084, "N_raw": 62, "N_roi": 59, "N_inlier": 55, "refit": true}
{"timestamp": "17:06:08.567683", "frame": 54, "mu": [-0.3148973220830314, 2.3944684262879963, -0.34668613841172663], "Sigma": [[0.03096905804489105, -0.012985629934595316, -0.0068133350986467195], [-0.012985629934595316, 0.01077041822352698, -0.00795714683603458], [-0.006813335098646718, -0.00795714683603458, 0.031815546126741104]], "chi2_level": 0.997, "chi2_df": 3, "chi2_threshold": 13.931422665512084, "N_raw": 77, "N_roi": 77, "N_inlier": 74, "refit": true}
{"timestamp": "17:06:08.619894", "frame": 55, "mu": [-0.4947916208120152, 2.206893745485028, 1.0368875992213142], "Sigma": [[0.03808159750950525, -0.016367503669685635, -0.004773399315119662], [-0.016367503669685635, 0.00902552882588233, -0.000571650118278236], [-0.004773399315119662, -0.000571650118278236, 0.007625844109832487]], "chi2_level": 0.997, "chi2_df": 3, "chi2_threshold": 13.931422665512084, "N_raw": 59, "N_roi": 56, "N_inlier": 53, "refit": true}
{"timestamp": "17:06:08.675420", "frame": 56, "mu": [-0.3394549893935442, 2.1707935093982664, -0.14954378017674308], "Sigma": [[0.017734247115330476, -0.010487342188806148, 0.005675426920861477], [-0.010487342188806148, 0.014092442255106604, -0.01071926802975476], [0.005675426920861478, -0.010719268029754762, 0.01739271066473609]], "chi2_level": 0.997, "chi2_df": 3, "chi2_threshold": 13.931422665512084, "N_raw": 62, "N_roi": 59, "N_inlier": 54, "refit": true}
{"timestamp": "17:06:08.731497", "frame": 57, "mu": [-0.35991407311829654, 1.990270140482366, 1.3214087563247672], "Sigma": [[0.00989438205449585, -0.002849889647811652, -0.0031714185851698102], [-0.002849889647811652, 0.006138150187513392, -0.0021766866988595615], [-0.00317141858516981, -0.002176686698859562, 0.006518736090129848]], "chi2_level": 0.997, "chi2_df": 3, "chi2_threshold": 13.931422665512084, "N_raw": 69, "N_roi": 69, "N_inlier": 65, "refit": true}
{"timestamp": "17:06:08.784881", "frame": 58, "mu": [-0.4578832086114566, 1.9766828431511785, 1.3402463340028996], "Sigma": [[0.008411616395376952, -0.004990647601819534, -0.004492832130875779], [-0.004990647601819534, 0.006351576298333455, 0.0009557147613526264], [-0.004492832130875779, 0.0009557147613526266, 0.007707071943714461]], "chi2_level": 0.997, "chi2_df": 3, "chi2_threshold": 13.931422665512084, "N_raw": 61, "N_roi": 59, "N_inlier": 55, "refit": true}
{"timestamp": "17:06:08.844062", "frame": 59, "mu": [-0.5501064952461215, 1.8627479363178616, 1.2763605085857321], "Sigma": [[0.011213555428022609, -0.00974672835331676, -0.012759295488732256], [-0.009746728353316757, 0.017472857426049447, 0.01127693975229031], [-0.012759295488732253, 0.01127693975229031, 0.0432052434193882]], "chi2_level": 0.997, "chi2_df": 3, "chi2_threshold": 13.931422665512084, "N_raw": 91, "N_roi": 89, "N_inlier": 85, "refit": true}
{"timestamp": "17:06:08.898158", "frame": 60, "mu": [-0.526011025529047, 1.8347737299858138, 1.2935360034148633], "Sigma": [[0.007457135995166277, -0.004556164732035345, -0.005854157228524417], [-0.004556164732035345, 0.012727341889200093, 0.004936026753826976], [-0.005854157228524418, 0.004936026753826976, 0.011998593958721285]], "chi2_level": 0.997, "chi2_df": 3, "chi2_threshold": 13.931422665512084, "N_raw": 83, "N_roi": 83, "N_inlier": 78, "refit": true}
{"timestamp": "17:06:08.952835", "frame": 61, "mu": [-0.6131463966416224, 1.769825811311564, -0.37784910999880894], "Sigma": [[0.009303483286098077, 0.0005778987878467456, 0.031439359513392565], [0.0005778987878467454, 0.020480204495601402, 0.017349464203433144], [0.031439359513392565, 0.017349464203433147, 0.27154795856152075]], "chi2_level": 0.997, "chi2_df": 3, "chi2_threshold": 13.931422665512084, "N_raw": 77, "N_roi": 77, "N_inlier": 76, "refit": true}
{"timestamp": "17:06:09.006167", "frame": 62, "mu": [-0.7035790813420113, 1.7999715513049943, -0.43953372153986914], "Sigma": [[0.009870517475465674, -0.0022349646786435943, 0.017107879686034454], [-0.0022349646786435935, 0.012080066082465446, 0.0027586084020203134], [0.017107879686034454, 0.002758608402020313, 0.10723727983740902]], "chi2_level": 0.997, "chi2_df": 3, "chi2_threshold": 13.931422665512084, "N_raw": 65, "N_roi": 65, "N_inlier": 63, "refit": true}
{"timestamp": "17:06:09.062607", "frame": 63, "mu": [-0.7886611387746889, 1.7798649433889935, -0.2475699830394612], "Sigma": [[0.0076559434021165685, -0.0007443718352445293, -0.004497835554175484], [-0.0007443718352445293, 0.011424325396040479, 0.008189963897461704], [-0.004497835554175484, 0.008189963897461704, 0.023453321693918477]], "chi2_level": 0.997, "chi2_df": 3, "chi2_threshold": 13.931422665512084, "N_raw": 80, "N_roi": 78, "N_inlier": 72, "refit": true}
{"timestamp": "17:06:09.111512", "frame": 64, "mu": [-0.9828665271071391, 1.6736811684180175, 1.6164819458905906], "Sigma": [[0.008569259078493749, 0.0015963043522521797, -0.009030953068831013], [0.0015963043522521801, 0.0037450316791948464, -0.0012485772152348441], [-0.009030953068831013, -0.0012485772152348437, 0.025526710557491897]], "chi2_level": 0.997, "chi2_df": 3, "chi2_threshold": 13.931422665512084, "N_raw": 40, "N_roi": 38, "N_inlier": 36, "refit": true}
{"timestamp": "17:06:09.174265", "frame": 65, "mu": [-1.0005000876936845, 1.5387191002041825, 1.6119009961284931], "Sigma": [[0.04372526981549048, 0.021034354616180747, -0.04332516695407464], [0.02103435461618075, 0.02493427457648134, -0.023916780166865985], [-0.04332516695407464, -0.023916780166865985, 0.046947394555967005]], "chi2_level": 0.997, "chi2_df": 3, "chi2_threshold": 13.931422665512084, "N_raw": 98, "N_roi": 95, "N_inlier": 92, "refit": true}
{"timestamp": "17:06:09.228628", "frame": 66, "mu": [-1.0970814770046087, 1.486431762467042, 0.06477930072509616], "Sigma": [[0.05305472972725825, 0.04125851722285649, -0.031271042945808125], [0.04125851722285649, 0.0423528174485288, -0.021682805758836514], [-0.031271042945808125, -0.021682805758836514, 0.0234100399498907]], "chi2_level": 0.997, "chi2_df": 3, "chi2_threshold": 13.931422665512084, "N_raw": 80, "N_roi": 80, "N_inlier": 76, "refit": true}
{"timestamp": "17:06:09.281718", "frame": 67, "mu": [-1.2542290169071417, 1.3778612933723113, 1.7597937872894762], "Sigma": [[0.05235230835029815, 0.04344691462724136, -0.040950186607069616], [0.04344691462724135, 0.04505807026657481, -0.039328748973545886], [-0.040950186607069616, -0.039328748973545886, 0.04426461534405998]], "chi2_level": 0.997, "chi2_df": 3, "chi2_threshold": 13.931422665512084, "N_raw": 67, "N_roi": 67, "N_inlier": 63, "refit": true}
{"timestamp": "17:06:09.335889", "frame": 68, "mu": [-1.2839249296902544, 1.3268715523305654, 0.10385493827357345], "Sigma": [[0.02737413384662995, 0.03284133021662491, -0.016842343120922275], [0.03284133021662491, 0.056816477724793396, -0.037249997364808045], [-0.016842343120922275, -0.037249997364808045, 0.034603207080910976]], "chi2_level": 0.997, "chi2_df": 3, "chi2_threshold": 13.931422665512084, "N_raw": 67, "N_roi": 67, "N_inlier": 64, "refit": true}
{"timestamp": "17:06:09.402965", "frame": 69, "mu": [-1.353162802034938, 1.2773041489151755, 1.5786836486004234], "Sigma": [[0.028614358240315038, 0.00671798883821625, 0.011742869054295127], [0.00671798883821625, 0.015943264963144695, -0.018004110054187582], [0.011742869054295127, -0.018004110054187582, 0.05891848581077644]], "chi2_level": 0.997, "chi2_df": 3, "chi2_threshold": 13.931422665512084, "N_raw": 150, "N_roi": 150, "N_inlier": 145, "refit": true}
{"timestamp": "17:06:09.457533", "frame": 70, "mu": [-1.3804441164105858, 1.1947147030571679, 1.5660462834068016], "Sigma": [[0.03210671118594819, 0.0098002892830595, 0.009101392718518503], [0.009800289283059501, 0.013436168879073934, -0.020340975569720893], [0.009101392718518503, -0.020340975569720893, 0.1169658629690202]], "chi2_level": 0.997, "chi2_df": 3, "chi2_threshold": 13.931422665512084, "N_raw": 139, "N_roi": 139, "N_inlier": 139, "refit": true}
{"timestamp": "17:06:09.510210", "frame": 71, "mu": [-1.4383280495855553, 1.1111136085116389, 1.5672761632132903], "Sigma": [[0.029271793944376387, 0.009110667443258785, 0.027708639151856732], [0.009110667443258787, 0.011707382092129405, -0.00641828959178138], [0.027708639151856732, -0.006418289591781379, 0.08216110328322773]], "chi2_level": 0.997, "chi2_df": 3, "chi2_threshold": 13.931422665512084, "N_raw": 122, "N_roi": 122, "N_inlier": 118, "refit": true}
{"timestamp": "17:06:09.559962", "frame": 72, "mu": [-1.4893732729259952, 1.0085485962446534, 1.6784755202618828], "Sigma": [[0.028363076822063838, 0.011279641774757989, 0.01860257067199813], [0.011279641774757989, 0.011186239269649968, -0.0015478550887479785], [0.01860257067199813, -0.001547855088747978, 0.07292204898724597]], "chi2_level": 0.997, "chi2_df": 3, "chi2_threshold": 13.931422665512084, "N_raw": 89, "N_roi": 89, "N_inlier": 86, "refit": true}
{"timestamp": "17:06:09.610504", "frame": 73, "mu": [-1.4262134865131197, 0.953402382596477, 1.5962252214904393], "Sigma": [[0.010834439559906315, 0.0011594913224708668, -0.0066391584298438845], [0.0011594913224708665, 0.007020381262397297, -0.0022094243729151855], [-0.006639158429843885, -0.0022094243729151855, 0.007432216640335001]], "chi2_level": 0.997, "chi2_df": 3, "chi2_threshold": 13.931422665512084, "N_raw": 60, "N_roi": 60, "N_inlier": 58, "refit": true}
{"timestamp": "17:06:09.668174", "frame": 74, "mu": [-1.3830161115950546, 0.9757046066377273, -0.38276122222323783], "Sigma": [[0.009828556612414293, 0.00236717355407913, -0.0006230356219611255], [0.0023671735540791296, 0.016480368667481645, 0.011184689196389375], [-0.0006230356219611257, 0.011184689196389375, 0.01092246990623094]], "chi2_level": 0.997, "chi2_df": 3, "chi2_threshold": 13.931422665512084, "N_raw": 59, "N_roi": 59, "N_inlier": 56, "refit": true}
{"timestamp": "17:06:09.716167", "frame": 75, "mu": [-1.5234094099587012, 0.881666938654786, 1.6730139687487329], "Sigma": [[0.005634013304654471, 0.003426295698894975, -0.0025758594763154335], [0.003426295698894975, 0.009045935475135455, -0.007226600977105585], [-0.002575859476315433, -0.007226600977105585, 0.007919508173184637]], "chi2_level": 0.997, "chi2_df": 3, "chi2_threshold": 13.931422665512084, "N_raw": 44, "N_roi": 44, "N_inlier": 42, "refit": true}
{"timestamp": "17:06:09.774825", "frame": 76, "mu": [-1.4812982818304485, 0.8673684577177113, -0.32595622829669574], "Sigma": [[0.010030616532332119, 0.0019688727160400987, -0.002771709768951818], [0.0019688727160400987, 0.019032361120034463, 0.005392978606406326], [-0.002771709768951818, 0.005392978606406326, 0.005378807316820948]], "chi2_level": 0.997, "chi2_df": 3, "chi2_threshold": 13.931422665512084, "N_raw": 67, "N_roi": 67, "N_inlier": 66, "refit": true}
{"timestamp": "17:06:09.830150", "frame": 77, "mu": [-1.509059794309207, 0.8699291175724714, -0.4217024779036528], "Sigma": [[0.009488611275650946, -0.0027465356923627223, 0.003109325478107277], [-0.0027465356923627223, 0.014914856751100204, -0.005839878218170469], [0.0031093254781072773, -0.005839878218170469, 0.033452599713815825]], "chi2_level": 0.997, "chi2_df": 3, "chi2_threshold": 13.931422665512084, "N_raw": 64, "N_roi": 64, "N_inlier": 64, "refit": true}
{"timestamp": "17:06:09.880515", "frame": 78, "mu": [-1.528373740007084, 0.8200453743843789, -0.3621738078571104], "Sigma": [[0.003549967614874847, 0.0021692742928983567, -0.0008909300053062303], [0.002169274292898357, 0.015826179768438104, -0.0015076725365128518], [-0.0008909300053062303, -0.0015076725365128516, 0.000796789995186813]], "chi2_level": 0.997, "chi2_df": 3, "chi2_threshold": 13.931422665512084, "N_raw": 37, "N_roi": 37, "N_inlier": 37, "refit": true}
{"timestamp": "17:06:09.939804", "frame": 79, "mu": [-1.6252482967756552, 0.6654057352432796, 1.3267672814202858], "Sigma": [[0.00887606763230366, 0.002401479644351398, -0.0003389697473061168], [0.0024014796443513975, 0.011070397351187979, -0.00443358157154238], [-0.0003389697473061167, -0.00443358157154238, 0.011642448382804007]], "chi2_level": 0.997, "chi2_df": 3, "chi2_threshold": 13.931422665512084, "N_raw": 64, "N_roi": 64, "N_inlier": 60, "refit": true}
{"timestamp": "17:06:09.992788", "frame": 80, "mu": [-1.6224346315264766, 0.653403285220858, 1.3167894527572364], "Sigma": [[0.005922205710097838, 0.0033124266941851263, 0.0015376397509787585], [0.0033124266941851263, 0.007066480283099979, -0.004153199139386277], [0.0015376397509787585, -0.004153199139386277, 0.01169092459853206]], "chi2_level": 0.997, "chi2_df": 3, "chi2_threshold": 13.931422665512084, "N_raw": 48, "N_roi": 48, "N_inlier": 48, "refit": true}
{"timestamp": "17:06:10.048393", "frame": 81, "mu": [-1.6947372649360921, 0.6688766667111837, 1.2840189204273345], "Sigma": [[0.006905493023089521, 0.0038733185247194547, 0.003184640153492285], [0.0038733185247194547, 0.009647434084168622, -0.0009213012165858027], [0.0031846401534922847, -0.0009213012165858028, 0.02369620131326177]], "chi2_level": 0.997, "chi2_df": 3, "chi2_threshold": 13.931422665512084, "N_raw": 58, "N_roi": 58, "N_inlier": 58, "refit": true}
{"timestamp": "17:06:10.097364", "frame": 82, "mu": [-1.8157808858384015, 0.5310348200497373, 1.0515022086721297], "Sigma": [[0.0038465318540241815, 0.004070103830129641, -0.002308568182293828], [0.004070103830129641, 0.0073553671598105335, -0.0035215221059748487], [-0.0023085681822938285, -0.0035215221059748487, 0.002264268035846741]], "chi2_level": 0.997, "chi2_df": 3, "chi2_threshold": 13.931422665512084, "N_raw": 15, "N_roi": 15, "N_inlier": 14, "refit": true}
{"timestamp": "17:06:10.152337", "frame": 83, "mu": [-1.8414120805488468, 0.6002559247739635, 1.0948576748810037], "Sigma": [[0.004863704265527632, 0.006759218223767707, -0.0009017197231723516], [0.006759218223767707, 0.011500121390620474, -0.0024020428661796385], [-0.0009017197231723516, -0.0024020428661796385, 0.005151328850420142]], "chi2_level": 0.997, "chi2_df": 3, "chi2_threshold": 13.931422665512084, "N_raw": 20, "N_roi": 20, "N_inlier": 20, "refit": true}
{"timestamp": "17:06:10.536520", "frame": 90, "mu": [0.527249009712766, 0.3677471640251178, 0.7625901386800423], "Sigma": [[2.950540267064522, 0.0849975782053432, -0.02311143074493028], [0.0849975782053432, 0.007756926910516648, -0.002283500925758358], [-0.02311143074493028, -0.002283500925758358, 0.0013207044582967487]], "chi2_level": 0.997, "chi2_df": 3, "chi2_threshold": 13.931422665512084, "N_raw": 15, "N_roi": 15, "N_inlier": 15, "refit": true}
{"timestamp": "17:06:10.592978", "frame": 91, "mu": [0.41629150964686723, 0.5046843068724677, 0.5765871309373631], "Sigma": [[4.73559799697984, 0.1435497765192143, -0.006872127701148138], [0.1435497765192143, 0.02175545404681211, -0.0017227532945397336], [-0.006872127701148145, -0.0017227532945397334, 0.0022577614871671027]], "chi2_level": 0.997, "chi2_df": 3, "chi2_threshold": 13.931422665512084, "N_raw": 15, "N_roi": 15, "N_inlier": 15, "refit": true}
