{"timestamp": "17:11:52.354623", "frame": 1, "mu": [1.1433720065847583, 1.8054575847939434, 1.1582191844773921], "Sigma": [[0.010831214378133064, -0.002876141409111999, -0.004544634881944018], [-0.0028761414091119986, 0.0035582878813000558, -0.008118339345861238], [-0.004544634881944018, -0.008118339345861238, 0.08131130431548159]], "chi2_level": 0.997, "chi2_df": 3, "chi2_threshold": 13.931422665512084, "N_raw": 112, "N_roi": 112, "N_inlier": 109, "refit": true}
{"timestamp": "17:11:52.414588", "frame": 2, "mu": [1.133256917709833, 1.7411748464042651, 1.2214631701149494], "Sigma": [[0.014218145007184626, -0.004447104978306077, -0.018813307813474327], [-0.004447104978306077, 0.0057132786804506485, 0.004021174686209711], [-0.018813307813474327, 0.004021174686209711, 0.08068591322363071]], "chi2_level": 0.997, "chi2_df": 3, "chi2_threshold": 13.931422665512084, "N_raw": 116, "N_roi": 116, "N_inlier": 113, "refit": true}
{"timestamp": "17:11:52.468389", "frame": 3, "mu": [1.1131875129791964, 1.6929802592043037, 1.18070252659465], "Sigma": [[0.014851691929780345, -0.00427699580311898, -0.02337996737400453], [-0.00427699580311898, 0.0043630002606570234, 0.000744339464046391], [-0.02337996737400453, 0.0007443394640463904, 0.07987503489216899]], "chi2_level": 0.997, "chi2_df": 3, "chi2_threshold": 13.931422665512084, "N_raw": 117, "N_roi": 117, "N_inlier": 114, "refit": true}
{"timestamp": "17:11:52.524014", "frame": 4, "mu": [1.031257136168006, 1.679640477774865, 1.1532226151268425], "Sigma": [[0.011019711946939903, -0.004983146130671614, -0.008109062036290436], [-0.004983146130671615, 0.005160088298001663, -0.003849537292117322], [-0.008109062036290436, -0.0038495372921173226, 0.06121103833219355]], "chi2_level": 0.997, "chi2_df": 3, "chi2_threshold": 13.931422665512084, "N_raw": 114, "N_roi": 114, "N_inlier": 110, "refit": true}
{"timestamp": "17:11:52.581127", "frame": 5, "mu": [1.0094594222717401, 1.61516271635809, 1.2228742844687273], "Sigma": [[0.014980798394095857, -0.0060929098257190804, -0.02207668132054265], [-0.0060929098257190804, 0.008029436965940733, 0.001935836382290193], [-0.02207668132054265, 0.0019358363822901928, 0.06097919330524443]], "chi2_level": 0.997, "chi2_df": 3, "chi2_threshold": 13.931422665512084, "N_raw": 130, "N_roi": 129, "N_inlier": 124, "refit": true}
{"timestamp": "17:11:52.633784", "frame": 6, "mu": [0.937385336373667, 1.6632264734370616, 0.34740365157427966], "Sigma": [[0.015650063557207376, -0.005929255039877937, 0.04534247745153215], [-0.005929255039877937, 0.018420078476087967, -0.08674108750789092], [0.04534247745153215, -0.08674108750789092, 0.5531603539011343]], "chi2_level": 0.997, "chi2_df": 3, "chi2_threshold": 13.931422665512084, "N_raw": 115, "N_roi": 115, "N_inlier": 114, "refit": true}
{"timestamp": "17:11:52.691312", "frame": 7, "mu": [0.9191814133248138, 1.5453497710885007, 1.15854992461366], "Sigma": [[0.019350074683861705, -0.01140072552258839, -0.04079175605203607], [-0.01140072552258839, 0.011522558787404939, 0.030918386786771928], [-0.04079175605203607, 0.030918386786771924, 0.1757499891675103]], "chi2_level": 0.997, "chi2_df": 3, "chi2_threshold": 13.931422665512084, "N_raw": 126, "N_roi": 123, "N_inlier": 119, "refit": true}
{"timestamp": "17:11:52.743535", "frame": 8, "mu": [0.8576468585331619, 1.5236580577369105, 1.2886306054414727], "Sigma": [[0.017549404879086357, -0.006908826697268215, -0.03692395503717244], [-0.006908826697268215, 0.006195075000221719, 0.014425923676722437], [-0.03692395503717244, 0.014425923676722437, 0.12230175561938365]], "chi2_level": 0.997, "chi2_df": 3, "chi2_threshold": 13.931422665512084, "N_raw": 113, "N_roi": 113, "N_inlier": 111, "refit": true}
{"timestamp": "17:11:52.803083", "frame": 9, "mu": [0.8849947185335315, 1.4540654324558728, 1.2095799497331248], "Sigma": [[0.02020342312740911, -0.007249326843387271, -0.02942678255723026], [-0.007249326843387272, 0.00598891694302673, 0.007278744277295338], [-0.02942678255723026, 0.007278744277295338, 0.06843239388604223]], "chi2_level": 0.997, "chi2_df": 3, "chi2_threshold": 13.931422665512084, "N_raw": 142, "N_roi": 142, "N_inlier": 137, "refit": true}
{"timestamp": "17:11:52.856692", "frame": 10, "mu": [0.7974737466920372, 1.4142703243551158, 1.1126697897200941], "Sigma": [[0.022360938431632893, -0.012529440654865562, -0.04040325941871195], [-0.012529440654865562, 0.016053178089841722, 0.045912180973692526], [-0.04040325941871195, 0.045912180973692526, 0.2007208061221191]], "chi2_level": 0.997, "chi2_df": 3, "chi2_threshold": 13.931422665512084, "N_raw": 131, "N_roi": 131, "N_inlier": 130, "refit": true}
{"timestamp": "17:11:52.906563", "frame": 11, "mu": [0.6568242780850055, 1.4700590375578706, 1.300098097675465], "Sigma": [[0.03082530662249189, -0.01984119447938397, -0.007789813700439557], [-0.01984119447938397, 0.016848899293268237, -0.004458595007907606], [-0.007789813700439558, -0.004458595007907605, 0.06166707845039132]], "chi2_level": 0.997, "chi2_df": 3, "chi2_threshold": 13.931422665512084, "N_raw": 102, "N_roi": 101, "N_inlier": 97, "refit": true}
{"timestamp": "17:11:52.963634", "frame": 12, "mu": [0.5914128931762757, 1.4640495089745855, 1.2435210583911567], "Sigma": [[0.028072578934274242, -0.019676404168606658, 0.0033192891393640112], [-0.019676404168606658, 0.016326548332323068, -0.008658351155894983], [0.0033192891393640112, -0.008658351155894983, 0.029640863685830666]], "chi2_level": 0.997, "chi2_df": 3, "chi2_threshold": 13.931422665512084, "N_raw": 116, "N_roi": 116, "N_inlier": 111, "refit": true}
{"timestamp": "17:11:53.020638", "frame": 13, "mu": [0.5264709481876715, 1.4463293484472601, 1.3108658947496612], "Sigma": [[0.036065250729327335, -0.026980486332779982, -0.004441290814327586], [-0.026980486332779982, 0.024719582846339096, -0.006246919012223559], [-0.004441290814327587, -0.006246919012223559, 0.037299930863310266]], "chi2_level": 0.997, "chi2_df": 3, "chi2_threshold": 13.931422665512084, "N_raw": 129, "N_roi": 129, "N_inlier": 121, "refit": true}
{"timestamp": "17:11:53.070553", "frame": 14, "mu": [0.5364886781960003, 1.3399928554746245, 1.3773796257465627], "Sigma": [[0.02899997213716912, -0.017355318895115695, -0.04198294274225456], [-0.0173553188951157, 0.014727442706870302, 0.024061762836029944], [-0.041982942742254566, 0.024061762836029944, 0.07740963135301997]], "chi2_level": 0.997, "chi2_df": 3, "chi2_threshold": 13.931422665512084, "N_raw": 93, "N_roi": 93, "N_inlier": 88, "refit": true}
{"timestamp": "17:11:53.126355", "frame": 15, "mu": [0.509171132364318, 1.2596118097897424, 1.264476982177649], "Sigma": [[0.017282071286471856, -0.014522512714381076, -0.0259049610910511], [-0.014522512714381075, 0.01576455499380412, 0.01830505359753428], [-0.0259049610910511, 0.01830505359753428, 0.06620023790292237]], "chi2_level": 0.997, "chi2_df": 3, "chi2_threshold": 13.931422665512084, "N_raw": 103, "N_roi": 102, "N_inlier": 96, "refit": true}
{"timestamp": "17:11:53.188151", "frame": 16, "mu": [0.3651928204615873, 1.3334181015030608, 1.3865157295983837], "Sigma": [[0.01135613160820089, -0.01049950083740761, -0.02113005245761396], [-0.010499500837407607, 0.018094381988494092, 0.017538039114689527], [-0.02113005245761396, 0.017538039114689527, 0.06176025878707668]], "chi2_level": 0.997, "chi2_df": 3, "chi2_threshold": 13.931422665512084, "N_raw": 150, "N_roi": 150, "N_inlier": 146, "refit": true}
{"timestamp": "17:11:53.237476", "frame": 17, "mu": [0.27432038244693735, 1.3314075159087895, 1.3761880007053202], "Sigma": [[0.006475550223539958, -0.0032699294570216605, 0.003975417344746755], [-0.003269929457021661, 0.013456966618708264, 0.019424558420278404], [0.003975417344746755, 0.019424558420278407, 0.23952190190337055]], "chi2_level": 0.997, "chi2_df": 3, "chi2_threshold": 13.931422665512084, "N_raw": 108, "N_roi": 105, "N_inlier": 105, "refit": true}
{"timestamp": "17:11:53.292296", "frame": 18, "mu": [0.21680989735625023, 1.3850475995953213, -0.15142031067452486], "Sigma": [[0.005662183889603171, -0.002530483378401478, -0.007367035608834891], [-0.002530483378401478, 0.01352073512216873, 0.010961030451978741], [-0.007367035608834892, 0.010961030451978743, 0.02333447714765947]], "chi2_level": 0.997, "chi2_df": 3, "chi2_threshold": 13.931422665512084, "N_raw": 109, "N_roi": 107, "N_inlier": 104, "refit": true}
{"timestamp": "17:11:53.344950", "frame": 19, "mu": [0.12934609090505095, 1.3363828644640423, 1.6308637348923212], "Sigma": [[0.004597523626626315, -0.0014231144126015936, -0.0032155413137285893], [-0.0014231144126015936, 0.014539588856215608, 0.009645921495135094], [-0.0032155413137285893, 0.009645921495135094, 0.010164905722914218]], "chi2_level": 0.997, "chi2_df": 3, "chi2_threshold": 13.931422665512084, "N_raw": 88, "N_roi": 88, "N_inlier": 84, "refit": true}
{"timestamp": "17:11:53.401106", "frame": 20, "mu": [0.05417654646055374, 1.4211767190298303, 0.4014978606375326], "Sigma": [[0.004204195799681918, -0.001362214945174096, 0.04635232116571186], [-0.0013622149451740962, 0.01683206827481666, -0.03338430554857287], [0.04635232116571186, -0.03338430554857287, 0.7360866963477916]], "chi2_level": 0.997, "chi2_df": 3, "chi2_threshold": 13.931422665512084, "N_raw": 99, "N_roi": 95, "N_inlier": 93, "refit": true}
{"timestamp": "17:11:53.452191", "frame": 21, "mu": [-0.016134198441851315, 1.2940435688806042, 1.5306487419542945], "Sigma": [[0.003051833032264961, -0.0013661092384815192, 0.0014588549223150025], [-0.0013661092384815196, 0.013695852887880845, 0.008392969712031463], [0.0014588549223150025, 0.008392969712031465, 0.04045988950271183]], "chi2_level": 0.997, "chi2_df": 3, "chi2_threshold": 13.931422665512084, "N_raw": 73, "N_roi": 70, "N_inlier": 66, "refit": true}
{"timestamp": "17:11:53.509468", "frame": 22, "mu": [-0.06721711262609721, 1.3895934527512617, 0.3276174865650793], "Sigma": [[0.003785518747857405, 0.00014901959751685388, 0.027181697529231205], [0.00014901959751685378, 0.01091580492013536, 0.007557214752670327], [0.027181697529231205, 0.007557214752670327, 0.4476321549016918]], "chi2_level": 0.997, "chi2_df": 3, "chi2_threshold": 13.931422665512084, "N_raw": 89, "N_roi": 89, "N_inlier": 87, "refit": true}
{"timestamp": "17:11:53.564284", "frame": 23, "mu": [-0.1616342778710467, 1.4024738235522514, 1.6261559732141389], "Sigma": [[0.005123309734419656, -0.0013947613152356128, -8.493370757877084e-05], [-0.0013947613152356128, 0.007430070537198683, -0.004210052622100364], [-8.493370757877084e-05, -0.004210052622100364, 0.004627281438034667]], "chi2_level": 0.997, "chi2_df": 3, "chi2_threshold": 13.931422665512084, "N_raw": 89, "N_roi": 89, "N_inlier": 84, "refit": true}
{"timestamp": "17:11:53.617961", "frame": 24, "mu": [-0.21850334277126798, 1.368741534696827, 1.5509288350070976], "Sigma": [[0.00470319188012801, -0.001816766662361521, -0.0011592588592665293], [-0.001816766662361521, 0.010154236913307123, 0.0001478055852817861], [-0.0011592588592665293, 0.00014780558528178613, 0.0024525785512466217]], "chi2_level": 0.997, "chi2_df": 3, "chi2_threshold": 13.931422665512084, "N_raw": 83, "N_roi": 82, "N_inlier": 79, "refit": true}
{"timestamp": "17:11:53.671840", "frame": 25, "mu": [-0.32107149965507775, 1.3620311585859, 1.6379295684131479], "Sigma": [[0.003438478497282422, -0.0008008186076862212, -0.0025302821175235794], [-0.0008008186076862215, 0.008108343397397978, -0.0007408738951899133], [-0.0025302821175235794, -0.0007408738951899133, 0.00404896470488846]], "chi2_level": 0.997, "chi2_df": 3, "chi2_threshold": 13.931422665512084, "N_raw": 76, "N_roi": 76, "N_inlier": 72, "refit": true}
{"timestamp": "17:11:53.731529", "frame": 26, "mu": [-0.3790325058657739, 1.4374561520692553, -0.19070527471203952], "Sigma": [[0.004703380670808561, 0.0007469330435917604, 0.004393507911369648], [0.0007469330435917602, 0.013301950075802904, -0.010726861347136608], [0.004393507911369648, -0.010726861347136608, 0.07276871798192802]], "chi2_level": 0.997, "chi2_df": 3, "chi2_threshold": 13.931422665512084, "N_raw": 109, "N_roi": 109, "N_inlier": 106, "refit": true}
{"timestamp": "17:11:53.786644", "frame": 27, "mu": [-0.4539058149945317, 1.4005848130147887, -0.13899972350040157], "Sigma": [[0.005571629870860272, 0.0017792301726791116, -0.002516376669690105], [0.0017792301726791118, 0.012301459991462252, 0.003709808457786506], [-0.002516376669690105, 0.003709808457786506, 0.006601990045625456]], "chi2_level": 0.997, "chi2_df": 3, "chi2_threshold": 13.931422665512084, "N_raw": 101, "N_roi": 101, "N_inlier": 97, "refit": true}
{"timestamp": "17:11:53.841826", "frame": 28, "mu": [-0.4939221628296883, 1.3800749224878177, 0.16091850375725575], "Sigma": [[0.0063972628202458226, -0.0015195806520757302, 0.02191727487486833], [-0.0015195806520757302, 0.008387423337270309, -0.012674775236756752], [0.02191727487486833, -0.01267477523675675, 0.28316520089782404]], "chi2_level": 0.997, "chi2_df": 3, "chi2_threshold": 13.931422665512084, "N_raw": 102, "N_roi": 102, "N_inlier": 102, "refit": true}
{"timestamp": "17:11:53.896275", "frame": 29, "mu": [-0.5469855368676797, 1.422294052428851, 1.361113521748231], "Sigma": [[0.00448212014142712, 0.0009673397901291496, -0.009154288597954842], [0.0009673397901291496, 0.002989403644065877, -0.004747781999303508], [-0.009154288597954842, -0.004747781999303509, 0.09040139471305425]], "chi2_level": 0.997, "chi2_df": 3, "chi2_threshold": 13.931422665512084, "N_raw": 95, "N_roi": 92, "N_inlier": 88, "refit": true}
{"timestamp": "17:11:53.951642", "frame": 30, "mu": [-0.690532148307775, 1.3555494751523443, 1.4441732730864003], "Sigma": [[0.006516696148339767, 0.0005851662584805323, -0.016904491042175975], [0.0005851662584805323, 0.007181640785525216, 0.013509501572848599], [-0.016904491042175975, 0.013509501572848599, 0.16076667822018983]], "chi2_level": 0.997, "chi2_df": 3, "chi2_threshold": 13.931422665512084, "N_raw": 103, "N_roi": 103, "N_inlier": 100, "refit": true}
{"timestamp": "17:11:54.008118", "frame": 31, "mu": [-0.731884888151891, 1.5116774445626824, -0.32614425100312144], "Sigma": [[0.016091609036628693, 0.01561230064013033, -0.04564972128235947], [0.01561230064013033, 0.02555444606201189, -0.059740239978428936], [-0.04564972128235948, -0.059740239978428936, 0.18130853800486138]], "chi2_level": 0.997, "chi2_df": 3, "chi2_threshold": 13.931422665512084, "N_raw": 109, "N_roi": 109, "N_inlier": 107, "refit": true}
{"timestamp": "17:11:54.063397", "frame": 32, "mu": [-0.7939583669341305, 1.4526761105756116, 1.2486859194545452], "Sigma": [[0.016288799422966092, -0.0013202573817864807, -0.03778073714814046], [-0.00132025738178648, 0.013323159134762593, -0.03281881775693751], [-0.03778073714814046, -0.03281881775693752, 0.3823852701464206]], "chi2_level": 0.997, "chi2_df": 3, "chi2_threshold": 13.931422665512084, "N_raw": 107, "N_roi": 107, "N_inlier": 103, "refit": true}
{"timestamp": "17:11:54.120094", "frame": 33, "mu": [-0.8086637185379033, 1.4522125944744224, 1.1497330766779503], "Sigma": [[0.013548278444442173, 0.0006020704566951435, -0.04511322716223955], [0.0006020704566951431, 0.007068801334631974, -0.022105685375615268], [-0.04511322716223955, -0.022105685375615265, 0.3614920192007335]], "chi2_level": 0.997, "chi2_df": 3, "chi2_threshold": 13.931422665512084, "N_raw": 122, "N_roi": 122, "N_inlier": 112, "refit": true}
{"timestamp": "17:11:54.172383", "frame": 34, "mu": [-0.9027659168993798, 1.4967916329235997, 1.2506159649940893], "Sigma": [[0.00721351165424105, 0.0005788409849967606, -0.017018314503197435], [0.0005788409849967605, 0.005363089263535153, -0.03135918555171222], [-0.017018314503197435, -0.03135918555171222, 0.45337309033129175]], "chi2_level": 0.997, "chi2_df": 3, "chi2_threshold": 13.931422665512084, "N_raw": 100, "N_roi": 100, "N_inlier": 96, "refit": true}
{"timestamp": "17:11:54.225100", "frame": 35, "mu": [-1.0287768066962213, 1.4840953052548411, 0.2574371110464517], "Sigma": [[0.03707568126881167, 0.026394234306224083, 0.0010216976884184473], [0.026394234306224083, 0.035579942805356826, -0.006179995937483709], [0.001021697688418447, -0.00617999593748371, 0.09491338979912042]], "chi2_level": 0.997, "chi2_df": 3, "chi2_threshold": 13.931422665512084, "N_raw": 85, "N_roi": 85, "N_inlier": 84, "refit": true}
{"timestamp": "17:11:54.278091", "frame": 36, "mu": [-1.1998488139505739, 1.41768026114526, 1.4968943209912757], "Sigma": [[0.11287696612297136, 0.09055826464394003, -0.12391721142256217], [0.09055826464394001, 0.09287018056139917, -0.15702865394925622], [-0.12391721142256217, -0.15702865394925622, 0.3559155485210304]], "chi2_level": 0.997, "chi2_df": 3, "chi2_threshold": 13.931422665512084, "N_raw": 79, "N_roi": 79, "N_inlier": 77, "refit": true}
{"timestamp": "17:11:54.327547", "frame": 37, "mu": [-1.133842151450202, 1.5570250416424423, 1.614904212838444], "Sigma": [[0.041970991391087856, 0.030808089649701838, -0.02448007816689434], [0.030808089649701838, 0.03605288474218984, -0.05170422344967862], [-0.02448007816689434, -0.05170422344967862, 0.2724452486252952]], "chi2_level": 0.997, "chi2_df": 3, "chi2_threshold": 13.931422665512084, "N_raw": 47, "N_roi": 47, "N_inlier": 47, "refit": true}
{"timestamp": "17:11:54.384843", "frame": 38, "mu": [-1.0325010975853222, 1.6802962059608522, 1.7327265342625382], "Sigma": [[0.012770146954362216, 0.005512542271453525, -0.007541219377001546], [0.005512542271453524, 0.010807603575441796, -0.011474283147117174], [-0.007541219377001546, -0.011474283147117174, 0.023397176301547855]], "chi2_level": 0.997, "chi2_df": 3, "chi2_threshold": 13.931422665512084, "N_raw": 62, "N_roi": 62, "N_inlier": 55, "refit": true}
{"timestamp": "17:11:54.440692", "frame": 39, "mu": [-1.0486038776016084, 1.6978172630741497, 1.489653917087578], "Sigma": [[0.007518107382164492, 0.0013915352372077475, -0.01115404856779689], [0.001391535237207747, 0.00747339540943357, 0.011131832839176809], [-0.01115404856779689, 0.011131832839176809, 0.19415306284590259]], "chi2_level": 0.997, "chi2_df": 3, "chi2_threshold": 13.931422665512084, "N_raw": 64, "N_roi": 64, "N_inlier": 62, "refit": true}
{"timestamp": "17:11:54.493980", "frame": 40, "mu": [-1.1830074275064137, 1.7086552307562897, 0.17621999780425682], "Sigma": [[0.08135666095436592, 0.06355904644555917, -0.048480053631656375], [0.06355904644555918, 0.06873271982545043, -0.05150395808969767], [-0.048480053631656375, -0.05150395808969767, 0.06889008789467056]], "chi2_level": 0.997, "chi2_df": 3, "chi2_threshold": 13.931422665512084, "N_raw": 52, "N_roi": 52, "N_inlier": 48, "refit": true}
{"timestamp": "17:11:54.546163", "frame": 41, "mu": [-1.1513423124443056, 1.7671502490879623, 1.4269201555473974], "Sigma": [[0.03789655040434778, 0.02570267618371473, -0.03669302502141356], [0.02570267618371473, 0.029887716906981325, -0.035674859841265075], [-0.036693025021413556, -0.035674859841265075, 0.2745793792276589]], "chi2_level": 0.997, "chi2_df": 3, "chi2_threshold": 13.931422665512084, "N_raw": 40, "N_roi": 40, "N_inlier": 39, "refit": true}
{"timestamp": "17:11:54.603385", "frame": 42, "mu": [-1.1516901845734666, 1.900647227759145, 1.1814371189429744], "Sigma": [[0.00608974734369899, 0.004150021983874641, 0.00813044094391437], [0.004150021983874641, 0.023918271781543623, 0.034738385036815256], [0.008130440943914368, 0.034738385036815256, 0.24887023406622363]], "chi2_level": 0.997, "chi2_df": 3, "chi2_threshold": 13.931422665512084, "N_raw": 50, "N_roi": 50, "N_inlier": 50, "refit": true}
{"timestamp": "17:11:54.662559", "frame": 43, "mu": [-1.1383612179999947, 1.9567366584547743, 1.659656823785673], "Sigma": [[0.0075114956574254725, 0.002029442886058117, -0.007046903212146811], [0.002029442886058117, 0.008904400202745646, -0.01694050662255222], [-0.007046903212146811, -0.01694050662255222, 0.06055591000058642]], "chi2_level": 0.997, "chi2_df": 3, "chi2_threshold": 13.931422665512084, "N_raw": 83, "N_roi": 83, "N_inlier": 78, "refit": true}
{"timestamp": "17:11:54.719591", "frame": 44, "mu": [-1.1924078205173392, 2.074226900580711, 0.3353354342198701], "Sigma": [[0.01981588830347577, -0.010930505794422615, 0.07988083472614348], [-0.010930505794422613, 0.020770080881469005, -0.03808103712573993], [0.07988083472614348, -0.038081037125739924, 0.49827339962864264]], "chi2_level": 0.997, "chi2_df": 3, "chi2_threshold": 13.931422665512084, "N_raw": 97, "N_roi": 97, "N_inlier": 97, "refit": true}
{"timestamp": "17:11:54.769455", "frame": 45, "mu": [-1.3340605523160995, 2.1783622651169106, 1.1188890284836668], "Sigma": [[0.02698742313680242, -0.009316929897219012, 0.04702357459186998], [-0.009316929897219012, 0.017243426476679414, -0.04998244521790203], [0.04702357459186999, -0.04998244521790203, 0.2134194890185138]], "chi2_level": 0.997, "chi2_df": 3, "chi2_threshold": 13.931422665512084, "N_raw": 53, "N_roi": 53, "N_inlier": 52, "refit": true}
{"timestamp": "17:11:54.831249", "frame": 46, "mu": [-1.2441707575055034, 2.196983547568732, 1.2295124790751946], "Sigma": [[0.03886938498311851, -0.0020018416311369264, 0.05311302016384276], [-0.002001841631136926, 0.0045630900048379336, -0.021725853048585424], [0.05311302016384276, -0.021725853048585424, 0.19541196670727315]], "chi2_level": 0.997, "chi2_df": 3, "chi2_threshold": 13.931422665512084, "N_raw": 103, "N_roi": 103, "N_inlier": 102, "refit": true}
{"timestamp": "17:11:54.874736", "frame": 47, "mu": [-1.1905379777918847, 2.2119398066872678, 1.3062955049144789], "Sigma": [[0.004549136856046423, -0.0038790384452071927, 0.023862019940454234], [-0.0038790384452071927, 0.008330455092661287, -0.041830477339731664], [0.023862019940454234, -0.041830477339731664, 0.3886816131484549]], "chi2_level": 0.997, "chi2_df": 3, "chi2_threshold": 13.931422665512084, "N_raw": 15, "N_roi": 15, "N_inlier": 14, "refit": true}
{"timestamp": "17:11:54.929062", "frame": 48, "mu": [-1.230822587462973, 2.041072573621425, 0.7658719682891597], "Sigma": [[0.009981120828237143, 0.03333307233714681, 0.016116761863122026], [0.03333307233714681, 0.3451162459786759, 0.36249897950769305], [0.016116761863122032, 0.36249897950769305, 0.5652896852131162]], "chi2_level": 0.997, "chi2_df": 3, "chi2_threshold": 13.931422665512084, "N_raw": 27, "N_roi": 27, "N_inlier": 27, "refit": true}
{"timestamp": "17:11:54.992674", "frame": 49, "mu": [-1.199165768858813, 2.3664925835684483, 1.3639204837805798], "Sigma": [[0.009271751691694691, 0.001832372347493401, -0.00863627891426888], [0.001832372347493401, 0.0035818644256280516, -0.007793205068220094], [-0.00863627891426888, -0.0077932050682200955, 0.10580713862455343]], "chi2_level": 0.997, "chi2_df": 3, "chi2_threshold": 13.931422665512084, "N_raw": 80, "N_roi": 80, "N_inlier": 77, "refit": true}
{"timestamp": "17:11:55.043084", "frame": 50, "mu": [-1.2730124293090708, 2.4636739443373967, 1.3598515025876772], "Sigma": [[0.009654766894227998, 0.002667776383678756, -0.00997965152618276], [0.002667776383678756, 0.004307647142837665, -0.008264664171286476], [-0.00997965152618276, -0.008264664171286476, 0.03995491288832362]], "chi2_level": 0.997, "chi2_df": 3, "chi2_threshold": 13.931422665512084, "N_raw": 50, "N_roi": 49, "N_inlier": 47, "refit": true}
{"timestamp": "17:11:55.101550", "frame": 51, "mu": [-1.2452799131276828, 2.4944333607017892, 1.5027126135192153], "Sigma": [[0.011405530741008666, -0.002214590013278383, 0.006780099992669538], [-0.0022145900132783825, 0.007614903872710121, -0.02001047173778138], [0.006780099992669536, -0.02001047173778138, 0.09297645564331355]], "chi2_level": 0.997, "chi2_df": 3, "chi2_threshold": 13.931422665512084, "N_raw": 75, "N_roi": 75, "N_inlier": 73, "refit": true}
{"timestamp": "17:11:55.160140", "frame": 52, "mu": [-1.2450056797939761, 2.5578781070229892, 1.3831177489765256], "Sigma": [[0.016564925005119864, -0.002017638574171849, 0.008281657958239434], [-0.002017638574171849, 0.006973800284930619, -0.018511097401802942], [0.008281657958239435, -0.018511097401802946, 0.10016765579931095]], "chi2_level": 0.997, "chi2_df": 3, "chi2_threshold": 13.931422665512084, "N_raw": 102, "N_roi": 102, "N_inlier": 100, "refit": true}
{"timestamp": "17:11:55.220424", "frame": 53, "mu": [-1.2574994776960466, 2.793521524377509, -0.16061610661809914], "Sigma": [[0.01792102710499905, -0.01344328279294828, 0.0326116038872474], [-0.01344328279294828, 0.05358410288013231, -0.11587407862069081], [0.0326116038872474, -0.11587407862069081, 0.2769918898363298]], "chi2_level": 0.997, "chi2_df": 3, "chi2_threshold": 13.931422665512084, "N_raw": 112, "N_roi": 112, "N_inlier": 108, "refit": true}
{"timestamp": "17:11:55.270595", "frame": 54, "mu": [-1.2379230647266701, 2.739682399173842, 0.9833026759169811], "Sigma": [[0.018485784178060433, -0.0029139699744087783, 0.02016901046354346], [-0.0029139699744087783, 0.016745504910230986, -0.06750297006925673], [0.020169010463543458, -0.06750297006925673, 0.3147327262943412]], "chi2_level": 0.997, "chi2_df": 3, "chi2_threshold": 13.931422665512084, "N_raw": 93, "N_roi": 93, "N_inlier": 92, "refit": true}
{"timestamp": "17:11:55.323079", "frame": 55, "mu": [-1.287010537185688, 2.788282829507588, 1.071428414476087], "Sigma": [[0.020553416555338565, -0.0065652995266520554, 0.038917620900612515], [-0.0065652995266520554, 0.009958176321839363, -0.04183897323110345], [0.03891762090061252, -0.04183897323110345, 0.22368514686404664]], "chi2_level": 0.997, "chi2_df": 3, "chi2_threshold": 13.931422665512084, "N_raw": 81, "N_roi": 81, "N_inlier": 81, "refit": true}
{"timestamp": "17:11:55.376990", "frame": 56, "mu": [-1.273857966176859, 2.7773523094609636, 1.0893118451083188], "Sigma": [[0.012231888884474197, -0.001235895285202866, 0.026503642060528722], [-0.001235895285202866, 0.003736414827614623, -0.02295791231600567], [0.026503642060528722, -0.02295791231600567, 0.24104906115027358]], "chi2_level": 0.997, "chi2_df": 3, "chi2_threshold": 13.931422665512084, "N_raw": 63, "N_roi": 63, "N_inlier": 62, "refit": true}
{"timestamp": "17:11:55.427845", "frame": 57, "mu": [-1.3422021434415101, 2.82303590376501, 0.738092551061905], "Sigma": [[0.025551243010776905, 0.0027789570292728214, 0.019505185070590285], [0.0027789570292728214, 0.002036174293221766, -0.002540360194093846], [0.01950518507059029, -0.0025403601940938462, 0.05522569527201973]], "chi2_level": 0.997, "chi2_df": 3, "chi2_threshold": 13.931422665512084, "N_raw": 44, "N_roi": 44, "N_inlier": 43, "refit": true}
{"timestamp": "17:11:55.483548", "frame": 58, "mu": [-0.9977445222963021, 2.8436511590329747, 1.181391666572098], "Sigma": [[0.028739174838762052, -0.0063394924552280605, -0.017929617403931078], [-0.0063394924552280605, 0.003692458080494874, 0.0010760704610848196], [-0.017929617403931078, 0.0010760704610848193, 0.026542621969881563]], "chi2_level": 0.997, "chi2_df": 3, "chi2_threshold": 13.931422665512084, "N_raw": 55, "N_roi": 53, "N_inlier": 50, "refit": true}
{"timestamp": "17:11:55.540744", "frame": 59, "mu": [-0.976905689220128, 2.8979481357516366, 1.2725517075602404], "Sigma": [[0.024702950146014428, -0.002420530971422345, -0.004316553599895054], [-0.002420530971422346, 0.005164621191315431, 4.126067192953089e-05], [-0.004316553599895054, 4.126067192953089e-05, 0.04715663872709763]], "chi2_level": 0.997, "chi2_df": 3, "chi2_threshold": 13.931422665512084, "N_raw": 65, "N_roi": 63, "N_inlier": 60, "refit": true}
{"timestamp": "17:11:55.603372", "frame": 60, "mu": [-1.1218229857235282, 2.992211828304777, 1.0369715252566953], "Sigma": [[0.05858989089681357, -0.0055770013325768236, 0.041877267047821735], [-0.0055770013325768236, 0.00827904096345018, -0.007282188254320888], [0.04187726704782174, -0.007282188254320888, 0.06542787204144919]], "chi2_level": 0.997, "chi2_df": 3, "chi2_threshold": 13.931422665512084, "N_raw": 117, "N_roi": 117, "N_inlier": 117, "refit": true}
{"timestamp": "17:11:55.652612", "frame": 61, "mu": [-0.9665135875906445, 3.0687946218137805, 1.2831931181329335], "Sigma": [[0.018108083635650987, -0.0016566172120554344, -0.0067275076528693165], [-0.0016566172120554346, 0.006114665884080273, -0.013626110137183383], [-0.006727507652869316, -0.013626110137183383, 0.042365112353151206]], "chi2_level": 0.997, "chi2_df": 3, "chi2_threshold": 13.931422665512084, "N_raw": 75, "N_roi": 74, "N_inlier": 72, "refit": true}
{"timestamp": "17:11:55.707546", "frame": 62, "mu": [-1.088568810996798, 3.2760994059361925, -0.26816458412576283], "Sigma": [[0.04111925368837578, -0.012621492330279926, 0.10850525088302118], [-0.012621492330279926, 0.03268066544615785, -0.0523674499644038], [0.10850525088302118, -0.0523674499644038, 0.3880593556880087]], "chi2_level": 0.997, "chi2_df": 3, "chi2_threshold": 13.931422665512084, "N_raw": 83, "N_roi": 79, "N_inlier": 79, "refit": true}
{"timestamp": "17:11:55.756732", "frame": 63, "mu": [-0.9517350231539529, 3.2044474457922068, 1.3819390558370437], "Sigma": [[0.01123973807403592, 0.0010614605844552335, -0.004173272406218448], [0.0010614605844552335, 0.0027590381659499197, -0.0034625312470835993], [-0.004173272406218449, -0.0034625312470835993, 0.006734437966554041]], "chi2_level": 0.997, "chi2_df": 3, "chi2_threshold": 13.931422665512084, "N_raw": 41, "N_roi": 39, "N_inlier": 36, "refit": true}
{"timestamp": "17:11:55.812259", "frame": 64, "mu": [-0.9103939345319442, 3.195638344751035, 1.225093706935269], "Sigma": [[0.011014024884128287, 7.840768567138119e-05, 0.013054713392359021], [7.840768567138123e-05, 0.0029329593919708826, -0.00672194037595223], [0.013054713392359023, -0.00672194037595223, 0.12580659504467098]], "chi2_level": 0.997, "chi2_df": 3, "chi2_threshold": 13.931422665512084, "N_raw": 45, "N_roi": 42, "N_inlier": 41, "refit": true}
{"timestamp": "17:11:55.862029", "frame": 65, "mu": [-0.8879534407393604, 3.336159137531471, 0.885014409377487], "Sigma": [[0.014623817428238648, -0.017362686651114328, 0.06086314740089501], [-0.017362686651114328, 0.024034941158406438, -0.07326044392938047], [0.06086314740089501, -0.07326044392938047, 0.3006751583703678]], "chi2_level": 0.997, "chi2_df": 3, "chi2_threshold": 13.931422665512084, "N_raw": 12, "N_roi": 12, "N_inlier": 11, "refit": true}
{"timestamp": "17:11:55.919863", "frame": 66, "mu": [-0.8311974020367074, 3.325064876499321, 1.3153936244467654], "Sigma": [[0.008591752956770199, 0.00018398692187024772, -0.002271834367988069], [0.00018398692187024772, 0.002082079354121128, -0.0028732157847242462], [-0.002271834367988069, -0.0028732157847242462, 0.008024257243901139]], "chi2_level": 0.997, "chi2_df": 3, "chi2_threshold": 13.931422665512084, "N_raw": 29, "N_roi": 25, "N_inlier": 23, "refit": true}
{"timestamp": "17:11:55.975647", "frame": 67, "mu": [-0.7542095598551583, 3.3001716786346726, 1.4377368061955906], "Sigma": [[0.010618189049306748, -0.0051249386564750825, 0.009969250669411336], [-0.0051249386564750825, 0.014542921298996906, -0.025181615193644074], [0.009969250669411336, -0.025181615193644074, 0.05016793940873901]], "chi2_level": 0.997, "chi2_df": 3, "chi2_threshold": 13.931422665512084, "N_raw": 30, "N_roi": 28, "N_inlier": 25, "refit": true}
{"timestamp": "17:11:56.034430", "frame": 68, "mu": [-0.7717276393572355, 3.43264864073381, 1.316710545283689], "Sigma": [[0.023565866856022553, -0.02068914280282489, 0.02214828097554724], [-0.020689142802824894, 0.033925740123955675, -0.03981264339092638], [0.02214828097554724, -0.03981264339092638, 0.058356854552594796]], "chi2_level": 0.997, "chi2_df": 3, "chi2_threshold": 13.931422665512084, "N_raw": 59, "N_roi": 56, "N_inlier": 55, "refit": true}
{"timestamp": "17:11:56.091238", "frame": 69, "mu": [-0.7069862014781081, 3.5149258822456217, 0.17622546705822836], "Sigma": [[0.015138622321039706, -0.0022488621512337654, 0.014693359298624174], [-0.0022488621512337654, 0.021981382083138865, -0.03664050867677036], [0.014693359298624177, -0.03664050867677035, 0.10985875250754198]], "chi2_level": 0.997, "chi2_df": 3, "chi2_threshold": 13.931422665512084, "N_raw": 68, "N_roi": 52, "N_inlier": 51, "refit": true}
{"timestamp": "17:11:56.145839", "frame": 70, "mu": [-0.6137330580317472, 3.4486890234331202, 1.3516384505823993], "Sigma": [[0.01763209802366204, 9.670964339997571e-05, 0.0025615344806017293], [9.67096433999755e-05, 0.0051614911439083295, -0.008791368722921713], [0.00256153448060173, -0.008791368722921713, 0.021453415995069624]], "chi2_level": 0.997, "chi2_df": 3, "chi2_threshold": 13.931422665512084, "N_raw": 70, "N_roi": 69, "N_inlier": 68, "refit": true}
{"timestamp": "17:11:56.201085", "frame": 71, "mu": [-0.5246266044142566, 3.451178020934888, 1.4714593609938595], "Sigma": [[0.01734765859836676, -0.0004043266792720751, 0.008689153220321178], [-0.0004043266792720753, 0.006654874624381714, -0.009141441821670445], [0.008689153220321178, -0.009141441821670445, 0.10358568517049097]], "chi2_level": 0.997, "chi2_df": 3, "chi2_threshold": 13.931422665512084, "N_raw": 68, "N_roi": 59, "N_inlier": 57, "refit": true}
{"timestamp": "17:11:56.259267", "frame": 72, "mu": [-0.49039764671589475, 3.4815311048353257, 1.1956899354200872], "Sigma": [[0.01853460423513197, 0.0009875805636212407, 0.017136059023978023], [0.0009875805636212404, 0.009595931098179316, -0.037585171007456314], [0.017136059023978027, -0.037585171007456314, 0.38004996425885595]], "chi2_level": 0.997, "chi2_df": 3, "chi2_threshold": 13.931422665512084, "N_raw": 86, "N_roi": 74, "N_inlier": 74, "refit": true}
{"timestamp": "17:11:56.310228", "frame": 73, "mu": [-0.32178836589174364, 3.4284350427932484, 1.0763469627782845], "Sigma": [[0.017080859087965257, -0.002696203173450054, -0.026584335049324573], [-0.0026962031734500537, 0.0022268854915049423, -0.00029751017457355], [-0.026584335049324573, -0.0002975101745735497, 0.06347426352323095]], "chi2_level": 0.997, "chi2_df": 3, "chi2_threshold": 13.931422665512084, "N_raw": 55, "N_roi": 51, "N_inlier": 48, "refit": true}
{"timestamp": "17:11:56.366732", "frame": 74, "mu": [-0.20982821865870668, 3.375678798676025, 0.8411934430254405], "Sigma": [[0.023893388477407775, -0.005973625967791668, -0.03432806122634786], [-0.005973625967791668, 0.005039008920965881, 0.0045008512185274714], [-0.03432806122634786, 0.004500851218527471, 0.0651159170516602]], "chi2_level": 0.997, "chi2_df": 3, "chi2_threshold": 13.931422665512084, "N_raw": 74, "N_roi": 72, "N_inlier": 69, "refit": true}
{"timestamp": "17:11:56.422073", "frame": 75, "mu": [-0.3111123335663087, 3.431317647678566, 1.342079098168144], "Sigma": [[0.025109938836110582, 0.0041734570751408035, 0.004867829475327564], [0.0041734570751408035, 0.00654949214544978, 0.002186605464102728], [0.0048678294753275635, 0.002186605464102728, 0.0057204956008961244]], "chi2_level": 0.997, "chi2_df": 3, "chi2_threshold": 13.931422665512084, "N_raw": 67, "N_roi": 67, "N_inlier": 62, "refit": true}
{"timestamp": "17:11:56.470639", "frame": 76, "mu": [-0.19925300276635102, 3.6691162493439466, 0.20570506617317133], "Sigma": [[0.01429912614804891, 0.004676728608076788, 0.008302817049111053], [0.004676728608076788, 0.07469946162079316, -0.16555172524782588], [0.008302817049111053, -0.16555172524782588, 0.46281685799191563]], "chi2_level": 0.997, "chi2_df": 3, "chi2_threshold": 13.931422665512084, "N_raw": 24, "N_roi": 22, "N_inlier": 22, "refit": true}
{"timestamp": "17:11:56.531136", "frame": 77, "mu": [-0.20969122934971557, 3.4424890186763517, 1.2156656858905905], "Sigma": [[0.018085894552207986, 0.0036934314343423256, 0.00785219233609734], [0.0036934314343423256, 0.012630142934575046, -0.010891804046878648], [0.00785219233609734, -0.010891804046878645, 0.04511566816128121]], "chi2_level": 0.997, "chi2_df": 3, "chi2_threshold": 13.931422665512084, "N_raw": 67, "N_roi": 66, "N_inlier": 62, "refit": true}
{"timestamp": "17:11:56.584661", "frame": 78, "mu": [-0.14062745414067893, 3.4647242193492858, 1.2251203010356584], "Sigma": [[0.033140041783928584, 0.021249941144374184, 0.005412993869681489], [0.021249941144374188, 0.022209211969791948, -0.0016652703426089676], [0.00541299386968149, -0.0016652703426089674, 0.0076419993271846206]], "chi2_level": 0.997, "chi2_df": 3, "chi2_threshold": 13.931422665512084, "N_raw": 59, "N_roi": 58, "N_inlier": 55, "refit": true}
{"timestamp": "17:11:56.643589", "frame": 79, "mu": [0.06639290849748138, 3.5943162376676847, 1.2648144132478576], "Sigma": [[0.03887500603082554, 0.024259712902527812, -0.005232307858836231], [0.024259712902527812, 0.03156169420474876, -0.010412777962450648], [-0.005232307858836231, -0.01041277796245065, 0.012411780487928686]], "chi2_level": 0.997, "chi2_df": 3, "chi2_threshold": 13.931422665512084, "N_raw": 91, "N_roi": 91, "N_inlier": 87, "refit": true}
{"timestamp": "17:11:56.696156", "frame": 80, "mu": [0.06184852670885517, 3.5184295184681575, 1.3997605256515109], "Sigma": [[0.024643839891992248, 0.013230930067997262, -0.008681220894714882], [0.013230930067997264, 0.020931373439299676, -0.011170066097931822], [-0.00868122089471488, -0.011170066097931822, 0.01285824545314003]], "chi2_level": 0.997, "chi2_df": 3, "chi2_threshold": 13.931422665512084, "N_raw": 66, "N_roi": 66, "N_inlier": 64, "refit": true}
{"timestamp": "17:11:56.752663", "frame": 81, "mu": [0.07280631627823142, 3.447499739513387, 1.4924194311990582], "Sigma": [[0.01813881347640766, 0.0007417281870360507, -0.006373476407605662], [0.0007417281870360506, 0.007186283956361298, -0.001774385148070429], [-0.0063734764076056605, -0.0017743851480704286, 0.005147161319706992]], "chi2_level": 0.997, "chi2_df": 3, "chi2_threshold": 13.931422665512084, "N_raw": 73, "N_roi": 67, "N_inlier": 64, "refit": true}
{"timestamp": "17:11:56.801817", "frame": 82, "mu": [0.11954644930284511, 3.4305722253515545, 0.43280499692991903], "Sigma": [[0.01146038028260809, -0.0001006215416031199, -0.0025681198797086347], [-0.00010062154160311995, 0.002592398839414458, 0.0007598488459588976], [-0.002568119879708634, 0.0007598488459588975, 0.008042643206602508]], "chi2_level": 0.997, "chi2_df": 3, "chi2_threshold": 13.931422665512084, "N_raw": 33, "N_roi": 32, "N_inlier": 31, "refit": true}
{"timestamp": "17:11:56.854369", "frame": 83, "mu": [0.18174750001414527, 3.523132862776716, 1.2748038410598292], "Sigma": [[0.009197057025872344, 0.001273224828477156, -0.014208600873892651], [0.001273224828477156, 0.0044795899816553655, -0.02500692810826947], [-0.014208600873892651, -0.02500692810826947, 0.18184502719741183]], "chi2_level": 0.997, "chi2_df": 3, "chi2_threshold": 13.931422665512084, "N_raw": 27, "N_roi": 27, "N_inlier": 26, "refit": true}
{"timestamp": "17:11:56.914209", "frame": 84, "mu": [0.24350018702834816, 3.4019926805274157, 1.5064161806421157], "Sigma": [[0.015820257111612956, -0.0010799362967112039, -0.004104113995116228], [-0.0010799362967112034, 0.0054783145397454885, 0.0003427035480449833], [-0.004104113995116228, 0.0003427035480449833, 0.0031319475838270574]], "chi2_level": 0.997, "chi2_df": 3, "chi2_threshold": 13.931422665512084, "N_raw": 59, "N_roi": 56, "N_inlier": 53, "refit": true}
{"timestamp": "17:11:56.969562", "frame": 85, "mu": [0.3210065738789935, 3.4430065986081533, 1.5362447996824753], "Sigma": [[0.012157651776761506, -0.0026998447813608504, 0.00047269802818578587], [-0.0026998447813608504, 0.007936952781948317, -0.024716743041806138], [0.00047269802818578673, -0.024716743041806138, 0.2062103019503192]], "chi2_level": 0.997, "chi2_df": 3, "chi2_threshold": 13.931422665512084, "N_raw": 51, "N_roi": 48, "N_inlier": 48, "refit": true}
{"timestamp": "17:11:57.021817", "frame": 86, "mu": [0.39573082665431686, 3.357174456346768, 1.3697631391105733], "Sigma": [[0.015551505232623924, 0.0006115936709181534, -0.0249797946017015], [0.0006115936709181534, 0.0038352797583784868, -0.005193655323900334], [-0.0249797946017015, -0.005193655323900334, 0.1257677150497284]], "chi2_level": 0.997, "chi2_df": 3, "chi2_threshold": 13.931422665512084, "N_raw": 42, "N_roi": 40, "N_inlier": 39, "refit": true}
