{"timestamp": "17:25:54.817326", "frame": 20, "mu": [-2.309670999314201, 4.369268263432417, 1.3540906484554318], "Sigma": [[0.012573742588382548, 0.003542879746343924, -0.008854574692989234], [0.003542879746343924, 0.006894371752225137, 0.0019926355110551413], [-0.008854574692989234, 0.001992635511055141, 0.013021814893546521]], "chi2_level": 0.997, "chi2_df": 3, "chi2_threshold": 13.931422665512084, "N_raw": 41, "N_roi": 24, "N_inlier": 24, "refit": true}
{"timestamp": "17:25:54.872369", "frame": 21, "mu": [-2.3091911244899306, 4.377530614453322, 1.2389037475203435], "Sigma": [[0.014811036306061882, 0.004628493804022999, -0.017766462429206886], [0.004628493804022999, 0.0049352818100902845, -0.004728595990309902], [-0.017766462429206886, -0.004728595990309902, 0.024896780651076606]], "chi2_level": 0.997, "chi2_df": 3, "chi2_threshold": 13.931422665512084, "N_raw": 24, "N_roi": 20, "N_inlier": 19, "refit": true}
{"timestamp": "17:25:54.929000", "frame": 22, "mu": [-2.3001458992442303, 4.343583576276316, 1.2340869839204445], "Sigma": [[0.016465580067245043, 0.004565951945981556, -0.015224454129079698], [0.004565951945981556, 0.0062923932011270745, -0.0037120199471697996], [-0.015224454129079698, -0.0037120199471697996, 0.016930649576050644]], "chi2_level": 0.997, "chi2_df": 3, "chi2_threshold": 13.931422665512084, "N_raw": 40, "N_roi": 28, "N_inlier": 28, "refit": true}
{"timestamp": "17:25:55.036173", "frame": 24, "mu": [-2.298384582181865, 4.288589106656399, 1.4454273344209796], "Sigma": [[0.011946101362229204, 0.0028378419436245732, -0.012951194840238434], [0.0028378419436245732, 0.005604225745493703, 0.002868362349079026], [-0.012951194840238434, 0.0028683623490790263, 0.024228573228048042]], "chi2_level": 0.997, "chi2_df": 3, "chi2_threshold": 13.931422665512084, "N_raw": 22, "N_roi": 18, "N_inlier": 18, "refit": true}
{"timestamp": "17:25:55.092048", "frame": 25, "mu": [-2.238295693935635, 4.218559822844743, 1.2415547632387205], "Sigma": [[0.019115932600578273, 0.007176426774153027, -0.0180103381656165], [0.007176426774153026, 0.005044804630436378, -0.008354686250346476], [-0.0180103381656165, -0.008354686250346476, 0.021321381948694346]], "chi2_level": 0.997, "chi2_df": 3, "chi2_threshold": 13.931422665512084, "N_raw": 25, "N_roi": 24, "N_inlier": 24, "refit": true}
{"timestamp": "17:25:55.152104", "frame": 26, "mu": [-2.2195472125697777, 4.2833252186138004, 1.403990691219712], "Sigma": [[0.02304495479359668, 0.010090193309605634, -0.009744548053096243], [0.010090193309605634, 0.014521083363459376, -0.0009031436654410795], [-0.009744548053096243, -0.0009031436654410795, 0.0071504982151284575]], "chi2_level": 0.997, "chi2_df": 3, "chi2_threshold": 13.931422665512084, "N_raw": 59, "N_roi": 53, "N_inlier": 51, "refit": true}
{"timestamp": "17:25:55.257875", "frame": 28, "mu": [-2.154279408187674, 4.355786534162409, 0.29349384344589413], "Sigma": [[0.022001930372691436, 0.011521058836806588, -0.01373854817208824], [0.01152105883680659, 0.010085402487343085, -0.00727414816756519], [-0.01373854817208824, -0.00727414816756519, 0.01068407089634948]], "chi2_level": 0.997, "chi2_df": 3, "chi2_threshold": 13.931422665512084, "N_raw": 36, "N_roi": 34, "N_inlier": 34, "refit": true}
{"timestamp": "17:25:55.314799", "frame": 29, "mu": [-2.118749635394297, 4.3049049064225535, 1.1992100442767262], "Sigma": [[0.02986388766182376, 0.011739396869286864, -0.017971871370813297], [0.011739396869286864, 0.006853435453639094, -0.011280356597224869], [-0.017971871370813297, -0.011280356597224869, 0.021706451557335877]], "chi2_level": 0.997, "chi2_df": 3, "chi2_threshold": 13.931422665512084, "N_raw": 45, "N_roi": 40, "N_inlier": 40, "refit": true}
{"timestamp": "17:25:55.369460", "frame": 30, "mu": [-2.0202598925148574, 4.32666650329512, 1.009498171953456], "Sigma": [[0.02468203694716736, 0.009041010650322898, -0.01737822041960711], [0.009041010650322898, 0.007130001398787497, -0.007370772559289028], [-0.01737822041960711, -0.007370772559289027, 0.016875873376912907]], "chi2_level": 0.997, "chi2_df": 3, "chi2_threshold": 13.931422665512084, "N_raw": 37, "N_roi": 36, "N_inlier": 34, "refit": true}
{"timestamp": "17:25:55.425305", "frame": 31, "mu": [-1.9876372253513837, 4.333049709269127, 1.2167553511072713], "Sigma": [[0.02268467871051006, 0.006713588358818386, -0.01591998853590562], [0.006713588358818386, 0.005210637396771637, -0.011134098278140575], [-0.015919988535905625, -0.011134098278140575, 0.030429669463742315]], "chi2_level": 0.997, "chi2_df": 3, "chi2_threshold": 13.931422665512084, "N_raw": 47, "N_roi": 46, "N_inlier": 44, "refit": true}
{"timestamp": "17:25:55.484577", "frame": 32, "mu": [-1.8554047334402384, 4.460108967183578, 1.1822809509150254], "Sigma": [[0.03314326154682488, 0.02163389620399077, -0.024823602693928783], [0.02163389620399077, 0.029011301570584746, -0.022175885668066022], [-0.024823602693928783, -0.022175885668066025, 0.03515855660215863]], "chi2_level": 0.997, "chi2_df": 3, "chi2_threshold": 13.931422665512084, "N_raw": 70, "N_roi": 65, "N_inlier": 64, "refit": true}
{"timestamp": "17:25:55.532046", "frame": 33, "mu": [-1.8774675372637482, 4.346401577398311, 1.1364436612537656], "Sigma": [[0.009973324196470101, -0.000913568191142252, 0.005611110305342355], [-0.0009135681911422518, 0.0044724505883976815, -0.01847621846108815], [0.005611110305342354, -0.01847621846108815, 0.1156991887773384]], "chi2_level": 0.997, "chi2_df": 3, "chi2_threshold": 13.931422665512084, "N_raw": 20, "N_roi": 20, "N_inlier": 19, "refit": true}
{"timestamp": "17:25:55.593090", "frame": 34, "mu": [-1.8015709422397252, 4.306827659288152, 1.1166289535981553], "Sigma": [[0.029134901732364202, 0.010571933858935838, -0.02872975628908326], [0.010571933858935838, 0.011872385813343682, -0.02110989537878855], [-0.02872975628908326, -0.02110989537878855, 0.05906545379332771]], "chi2_level": 0.997, "chi2_df": 3, "chi2_threshold": 13.931422665512084, "N_raw": 69, "N_roi": 69, "N_inlier": 66, "refit": true}
{"timestamp": "17:25:55.645393", "frame": 35, "mu": [-1.7494803716083331, 4.361791041048677, 0.22987319307666926], "Sigma": [[0.026568523494682292, 0.012686662263872332, -0.013998609073878562], [0.012686662263872332, 0.011773796135393658, -0.0099608671864198], [-0.013998609073878562, -0.0099608671864198, 0.010831765355748443]], "chi2_level": 0.997, "chi2_df": 3, "chi2_threshold": 13.931422665512084, "N_raw": 46, "N_roi": 46, "N_inlier": 46, "refit": true}
{"timestamp": "17:25:55.808630", "frame": 38, "mu": [-1.5724669860648883, 4.249150685387236, 1.1153820073767657], "Sigma": [[0.01996688960181308, 0.0038575291233960605, -0.01120281788155234], [0.0038575291233960605, 0.004071214640159957, -0.002942055089481265], [-0.01120281788155234, -0.002942055089481265, 0.008065964836026835]], "chi2_level": 0.997, "chi2_df": 3, "chi2_threshold": 13.931422665512084, "N_raw": 36, "N_roi": 32, "N_inlier": 32, "refit": true}
{"timestamp": "17:25:55.864436", "frame": 39, "mu": [-1.5598038291144118, 4.197711502426495, 1.2373143708732912], "Sigma": [[0.02664911625724702, 0.00528198355143306, -0.016417144991732045], [0.00528198355143306, 0.0037446382302234052, -0.004525753290074869], [-0.016417144991732045, -0.004525753290074869, 0.013360069076755148]], "chi2_level": 0.997, "chi2_df": 3, "chi2_threshold": 13.931422665512084, "N_raw": 42, "N_roi": 38, "N_inlier": 37, "refit": true}
{"timestamp": "17:25:55.917396", "frame": 40, "mu": [-1.486630371388528, 4.207236983193212, 1.288363240292992], "Sigma": [[0.010980623118658278, 0.001991382670634086, -0.00778747995321567], [0.001991382670634086, 0.002751833855887184, -0.0005836194343336702], [-0.00778747995321567, -0.0005836194343336705, 0.006872258012558029]], "chi2_level": 0.997, "chi2_df": 3, "chi2_threshold": 13.931422665512084, "N_raw": 23, "N_roi": 19, "N_inlier": 18, "refit": true}
{"timestamp": "17:25:56.031715", "frame": 42, "mu": [-1.317243613517079, 4.215654947183269, 1.1677351968362368], "Sigma": [[0.01790358847248707, 0.002902651592600368, -0.013787823112442293], [0.002902651592600368, 0.0029527916366279996, -0.004320805083505544], [-0.013787823112442293, -0.004320805083505544, 0.014174519688616024]], "chi2_level": 0.997, "chi2_df": 3, "chi2_threshold": 13.931422665512084, "N_raw": 49, "N_roi": 35, "N_inlier": 34, "refit": true}
{"timestamp": "17:25:56.084732", "frame": 43, "mu": [-1.3318630755419567, 4.234676197586085, 0.4219462289161648], "Sigma": [[0.026266536359802486, 0.010489321304940093, -0.012420466052792435], [0.010489321304940093, 0.00853185443715863, -0.004001472234647526], [-0.012420466052792435, -0.004001472234647526, 0.007610345750105943]], "chi2_level": 0.997, "chi2_df": 3, "chi2_threshold": 13.931422665512084, "N_raw": 47, "N_roi": 47, "N_inlier": 47, "refit": true}
{"timestamp": "17:25:56.220031", "frame": 44, "mu": [-1.343938666431965, 4.404950946897632, 0.30239943473712694], "Sigma": [[0.015719440616429513, 0.0037914314087735927, -0.0017565501982677626], [0.0037914314087735927, 0.0029428023870131013, -0.0009910868626579158], [-0.0017565501982677624, -0.0009910868626579158, 0.00046596653451565434]], "chi2_level": 0.997, "chi2_df": 3, "chi2_threshold": 13.931422665512084, "N_raw": 21, "N_roi": 16, "N_inlier": 16, "refit": true}
{"timestamp": "17:25:56.246515", "frame": 45, "mu": [-1.270059842623523, 4.222552948777443, 1.3637758722074738], "Sigma": [[0.017388170237908295, 0.0037380312705255596, -0.005348630634421134], [0.0037380312705255596, 0.002633008092402074, -0.001074258271390924], [-0.005348630634421134, -0.001074258271390924, 0.002146839040299121]], "chi2_level": 0.997, "chi2_df": 3, "chi2_threshold": 13.931422665512084, "N_raw": 28, "N_roi": 26, "N_inlier": 24, "refit": true}
{"timestamp": "17:25:56.278923", "frame": 46, "mu": [-1.112559012150888, 4.260989676331117, 1.2070952380373292], "Sigma": [[0.011356750841507814, 0.0012335275830857666, -0.00551030821539303], [0.0012335275830857666, 0.0012836505567451562, -0.0007005623134743497], [-0.00551030821539303, -0.0007005623134743497, 0.003728784162790624]], "chi2_level": 0.997, "chi2_df": 3, "chi2_threshold": 13.931422665512084, "N_raw": 20, "N_roi": 16, "N_inlier": 15, "refit": true}
{"timestamp": "17:25:56.356527", "frame": 48, "mu": [-1.1477960132084113, 4.294033011489466, 1.1797777263771962], "Sigma": [[0.015182325871874215, 0.002226377384121423, -0.008252686677148943], [0.002226377384121423, 0.0009629325633011824, -0.004139604966101239], [-0.008252686677148943, -0.004139604966101239, 0.024974600374077057]], "chi2_level": 0.997, "chi2_df": 3, "chi2_threshold": 13.931422665512084, "N_raw": 28, "N_roi": 26, "N_inlier": 24, "refit": true}
{"timestamp": "17:25:56.417581", "frame": 49, "mu": [-1.1251396795876587, 4.404166647673419, 0.393422903716192], "Sigma": [[0.024482056043136455, 0.00940781222839113, -0.010642669334161439], [0.00940781222839113, 0.012838799407279831, -0.014347052585405456], [-0.010642669334161439, -0.014347052585405454, 0.018062715385957304]], "chi2_level": 0.997, "chi2_df": 3, "chi2_threshold": 13.931422665512084, "N_raw": 65, "N_roi": 62, "N_inlier": 59, "refit": true}
{"timestamp": "17:25:56.474851", "frame": 50, "mu": [-1.0894239108128696, 4.348535536758594, 1.190877184441027], "Sigma": [[0.025105453829458398, 0.003785508589304835, -0.02492327885017059], [0.0037855085893048345, 0.005057455835253031, -0.012558000240245651], [-0.02492327885017059, -0.01255800024024565, 0.04739804700351598]], "chi2_level": 0.997, "chi2_df": 3, "chi2_threshold": 13.931422665512084, "N_raw": 69, "N_roi": 65, "N_inlier": 63, "refit": true}
{"timestamp": "17:25:56.520203", "frame": 51, "mu": [-0.9123559936035328, 4.435809172168137, 0.9978063606207497], "Sigma": [[0.003833292937131318, 0.0023583170843589274, -0.0041514240170636395], [0.0023583170843589274, 0.018967520801889036, -0.008923542482738698], [-0.0041514240170636395, -0.008923542482738698, 0.01283915377364457]], "chi2_level": 0.997, "chi2_df": 3, "chi2_threshold": 13.931422665512084, "N_raw": 15, "N_roi": 15, "N_inlier": 15, "refit": true}
{"timestamp": "17:25:56.637636", "frame": 53, "mu": [-0.982869310383189, 4.363168315398249, 1.218615154253385], "Sigma": [[0.0271632889376796, 0.0037114867626990124, -0.012261390370821475], [0.003711486762699013, 0.009549090325171167, -0.0028152181520777276], [-0.012261390370821475, -0.0028152181520777276, 0.0073192179229291015]], "chi2_level": 0.997, "chi2_df": 3, "chi2_threshold": 13.931422665512084, "N_raw": 68, "N_roi": 66, "N_inlier": 65, "refit": true}
{"timestamp": "17:25:56.693970", "frame": 54, "mu": [-0.9245223974616015, 4.334609358739369, 1.2466240245803144], "Sigma": [[0.030271771224699595, 0.005297388031451391, -0.013198194114071422], [0.00529738803145139, 0.008645889526759978, -0.0013993137503991988], [-0.013198194114071422, -0.0013993137503991988, 0.00678344587075022]], "chi2_level": 0.997, "chi2_df": 3, "chi2_threshold": 13.931422665512084, "N_raw": 69, "N_roi": 66, "N_inlier": 65, "refit": true}
{"timestamp": "17:25:56.743481", "frame": 55, "mu": [-0.8839891231165734, 4.320505187782669, 1.3364239293163636], "Sigma": [[0.017177969256554272, 0.0026517278694466948, 7.882508435066955e-05], [0.002651727869446695, 0.002293731048962312, -0.0013986393738398125], [7.882508435066955e-05, -0.0013986393738398125, 0.0025560556569757206]], "chi2_level": 0.997, "chi2_df": 3, "chi2_threshold": 13.931422665512084, "N_raw": 27, "N_roi": 27, "N_inlier": 25, "refit": true}
{"timestamp": "17:25:56.852372", "frame": 57, "mu": [-0.8130541545817069, 4.291962785605824, 1.161333877423304], "Sigma": [[0.008171848399814016, 0.0031093947799140267, -0.009837471074383325], [0.0031093947799140263, 0.0027709528260829014, -0.005414921264943794], [-0.009837471074383325, -0.005414921264943794, 0.022495318130302023]], "chi2_level": 0.997, "chi2_df": 3, "chi2_threshold": 13.931422665512084, "N_raw": 25, "N_roi": 11, "N_inlier": 11, "refit": true}
{"timestamp": "17:25:56.909162", "frame": 58, "mu": [-0.7989465884322494, 4.23214560590169, 1.00357514012752], "Sigma": [[0.02026694946095033, 0.005875942539853361, -0.0005589494870062852], [0.005875942539853361, 0.00539871427480073, -0.000610972727754774], [-0.0005589494870062853, -0.0006109727277547741, 0.0006901915316776641]], "chi2_level": 0.997, "chi2_df": 3, "chi2_threshold": 13.931422665512084, "N_raw": 39, "N_roi": 35, "N_inlier": 33, "refit": true}
{"timestamp": "17:25:56.966958", "frame": 59, "mu": [-0.6944962550930035, 4.296488658986538, 1.1825529567523771], "Sigma": [[0.03544922656250221, 0.005550457622655342, -0.0040724006234606905], [0.005550457622655342, 0.007920566870340163, -0.0010494973615773453], [-0.0040724006234606905, -0.0010494973615773453, 0.0015532494884888586]], "chi2_level": 0.997, "chi2_df": 3, "chi2_threshold": 13.931422665512084, "N_raw": 65, "N_roi": 65, "N_inlier": 65, "refit": true}
{"timestamp": "17:25:57.023784", "frame": 60, "mu": [-0.6484798211297015, 4.30440713191766, 1.2523345778000752], "Sigma": [[0.030641207590827255, 0.007644213106271821, 0.0017318967773519856], [0.007644213106271821, 0.011988024421738939, 0.006695751937118249], [0.0017318967773519856, 0.00669575193711825, 0.006339038070244913]], "chi2_level": 0.997, "chi2_df": 3, "chi2_threshold": 13.931422665512084, "N_raw": 66, "N_roi": 66, "N_inlier": 63, "refit": true}
{"timestamp": "17:25:57.073654", "frame": 61, "mu": [-0.5309571743068301, 4.2560331665558255, 1.2848514052505864], "Sigma": [[0.027545718074738296, 0.002443674082324367, -0.00928202505518265], [0.002443674082324367, 0.00371627617775447, 0.0010554869961827329], [-0.00928202505518265, 0.0010554869961827329, 0.0055137677452644146]], "chi2_level": 0.997, "chi2_df": 3, "chi2_threshold": 13.931422665512084, "N_raw": 37, "N_roi": 37, "N_inlier": 36, "refit": true}
{"timestamp": "17:25:57.129193", "frame": 62, "mu": [-0.5734195061121549, 4.352647101056546, 1.3236938865342576], "Sigma": [[0.01284872007350768, 0.0014362558272242678, -0.008676132904551319], [0.0014362558272242678, 0.008447809451959965, -0.015564705689988774], [-0.008676132904551319, -0.015564705689988776, 0.04169585512098231]], "chi2_level": 0.997, "chi2_df": 3, "chi2_threshold": 13.931422665512084, "N_raw": 35, "N_roi": 31, "N_inlier": 30, "refit": true}
{"timestamp": "17:25:57.186745", "frame": 63, "mu": [-0.5175129544400477, 4.32076240153219, 1.4849003408428172], "Sigma": [[0.025862286917223337, 0.003899385644828858, -0.010203446182347932], [0.003899385644828858, 0.007484127472563221, 0.006206104226902282], [-0.010203446182347932, 0.006206104226902282, 0.014217719254608886]], "chi2_level": 0.997, "chi2_df": 3, "chi2_threshold": 13.931422665512084, "N_raw": 50, "N_roi": 48, "N_inlier": 47, "refit": true}
{"timestamp": "17:25:57.238548", "frame": 64, "mu": [-0.3735657639713418, 4.301428735687303, 1.2906065805929952], "Sigma": [[0.017042696219517817, -0.003543375136963441, -0.013563932251098303], [-0.003543375136963441, 0.003653547048103606, 0.005446988649751268], [-0.013563932251098303, 0.005446988649751268, 0.0142229171052511]], "chi2_level": 0.997, "chi2_df": 3, "chi2_threshold": 13.931422665512084, "N_raw": 36, "N_roi": 20, "N_inlier": 18, "refit": true}
{"timestamp": "17:25:57.293079", "frame": 65, "mu": [-0.44224089445560055, 4.2396121980983725, 1.3913333604146985], "Sigma": [[0.0237362451104714, 0.0004168957736367469, -0.00822587538034036], [0.0004168957736367473, 0.00260569367442731, -0.0005123976659696005], [-0.00822587538034036, -0.0005123976659696004, 0.004127693665226314]], "chi2_level": 0.997, "chi2_df": 3, "chi2_threshold": 13.931422665512084, "N_raw": 33, "N_roi": 33, "N_inlier": 33, "refit": true}
{"timestamp": "17:25:57.348032", "frame": 66, "mu": [-0.3755730229475506, 4.26804340863113, 1.3819640719339137], "Sigma": [[0.025126084040913398, 0.001611092895353628, -0.012911638641285219], [0.001611092895353628, 0.002237753738131812, -0.0011490394384497979], [-0.012911638641285219, -0.0011490394384497979, 0.0076873759476588375]], "chi2_level": 0.997, "chi2_df": 3, "chi2_threshold": 13.931422665512084, "N_raw": 30, "N_roi": 27, "N_inlier": 27, "refit": true}
{"timestamp": "17:25:57.405024", "frame": 67, "mu": [-0.38094651254917034, 4.290312978033962, 1.427909664744273], "Sigma": [[0.024190261229338393, 0.0032126438540835533, -0.027036303716914838], [0.003212643854083554, 0.008818140687738221, -0.01623466370573143], [-0.027036303716914838, -0.01623466370573143, 0.07975382431782979]], "chi2_level": 0.997, "chi2_df": 3, "chi2_threshold": 13.931422665512084, "N_raw": 43, "N_roi": 41, "N_inlier": 40, "refit": true}
{"timestamp": "17:25:57.456944", "frame": 68, "mu": [-0.29938638329779876, 4.332507302710259, 1.272656848336674], "Sigma": [[0.017300248791984395, 0.008956880922369553, -0.029863567061144035], [0.008956880922369551, 0.018241083140265138, -0.06190479507341821], [-0.029863567061144035, -0.06190479507341821, 0.28339630792750004]], "chi2_level": 0.997, "chi2_df": 3, "chi2_threshold": 13.931422665512084, "N_raw": 17, "N_roi": 17, "N_inlier": 17, "refit": true}
{"timestamp": "17:25:57.509625", "frame": 69, "mu": [-0.33922462176202667, 4.278767458562044, 1.3372643998477372], "Sigma": [[0.010144732745397494, -0.0013694230620360406, 0.01213575078612961], [-0.0013694230620360404, 0.004192477754041625, -0.025622961617684896], [0.01213575078612961, -0.025622961617684896, 0.17649396516132657]], "chi2_level": 0.997, "chi2_df": 3, "chi2_threshold": 13.931422665512084, "N_raw": 14, "N_roi": 14, "N_inlier": 13, "refit": true}
{"timestamp": "17:25:57.570098", "frame": 70, "mu": [-0.24053064816990827, 4.282332535485753, 1.3678763026444685], "Sigma": [[0.024221925233043208, -0.0005265071322923455, -0.011090982953201399], [-0.0005265071322923455, 0.004884840912857076, -0.00561990299878263], [-0.011090982953201399, -0.00561990299878263, 0.01581877353028261]], "chi2_level": 0.997, "chi2_df": 3, "chi2_threshold": 13.931422665512084, "N_raw": 48, "N_roi": 47, "N_inlier": 47, "refit": true}
{"timestamp": "17:25:57.626326", "frame": 71, "mu": [-0.2109919299425392, 4.3323742084280115, 1.4105455952323935], "Sigma": [[0.028647380273229987, -0.0003046203789144542, -0.017982559491328216], [-0.0003046203789144543, 0.005219707578379492, -0.0020234734511999294], [-0.017982559491328216, -0.0020234734511999294, 0.015382102534165486]], "chi2_level": 0.997, "chi2_df": 3, "chi2_threshold": 13.931422665512084, "N_raw": 55, "N_roi": 55, "N_inlier": 55, "refit": true}
{"timestamp": "17:25:57.681277", "frame": 72, "mu": [-0.18287841711972394, 4.327069700161854, 1.3322404325880204], "Sigma": [[0.026892506236472408, 0.002211419896786194, -0.016244783589348007], [0.002211419896786194, 0.0035099040147059278, -0.0066147395576059325], [-0.016244783589348007, -0.0066147395576059325, 0.021111479722826395]], "chi2_level": 0.997, "chi2_df": 3, "chi2_threshold": 13.931422665512084, "N_raw": 55, "N_roi": 54, "N_inlier": 50, "refit": true}
{"timestamp": "17:25:57.735648", "frame": 73, "mu": [-0.07867972088055253, 4.333690261876456, 0.5740466186943323], "Sigma": [[0.030142693624753837, 0.007886482082078374, -0.024006255926506327], [0.007886482082078376, 0.005674755033057309, -0.004858041944516281], [-0.024006255926506327, -0.004858041944516281, 0.023062943117969355]], "chi2_level": 0.997, "chi2_df": 3, "chi2_threshold": 13.931422665512084, "N_raw": 50, "N_roi": 48, "N_inlier": 48, "refit": true}
{"timestamp": "17:25:57.787678", "frame": 74, "mu": [0.027165805095431914, 4.379533862043687, -0.11297635174667243], "Sigma": [[0.017229968019211207, 0.0033297323961973034, 0.04401475211473349], [0.003329732396197303, 0.003704565704587813, 0.019652510749689253], [0.04401475211473349, 0.019652510749689253, 0.2171284427832231]], "chi2_level": 0.997, "chi2_df": 3, "chi2_threshold": 13.931422665512084, "N_raw": 28, "N_roi": 27, "N_inlier": 27, "refit": true}
{"timestamp": "17:25:57.848080", "frame": 75, "mu": [-0.026875992385375077, 4.369842901901638, 0.40568395071534646], "Sigma": [[0.034225555777671245, 0.004782019654237442, -0.029416359202037216], [0.004782019654237441, 0.006255310952192444, -0.0048039995920982955], [-0.02941635920203722, -0.0048039995920982955, 0.027353752635788705]], "chi2_level": 0.997, "chi2_df": 3, "chi2_threshold": 13.931422665512084, "N_raw": 65, "N_roi": 61, "N_inlier": 61, "refit": true}
{"timestamp": "17:25:57.899423", "frame": 76, "mu": [0.009617069068460635, 4.3770177692731815, 1.3356687048997795], "Sigma": [[0.019379192130793872, 0.0014852742618051578, -0.0036310784442503546], [0.0014852742618051578, 0.0029019677204373895, -0.0013297703017405263], [-0.0036310784442503546, -0.0013297703017405263, 0.002141656639968021]], "chi2_level": 0.997, "chi2_df": 3, "chi2_threshold": 13.931422665512084, "N_raw": 37, "N_roi": 36, "N_inlier": 34, "refit": true}
{"timestamp": "17:25:57.956055", "frame": 77, "mu": [0.015119680765716197, 4.319178736938247, 1.4253713263299073], "Sigma": [[0.025276968083483987, -0.0006234053220712469, -0.00810965028051652], [-0.0006234053220712467, 0.004176324435765273, 0.00399847521932532], [-0.00810965028051652, 0.00399847521932532, 0.007464248674143921]], "chi2_level": 0.997, "chi2_df": 3, "chi2_threshold": 13.931422665512084, "N_raw": 46, "N_roi": 44, "N_inlier": 41, "refit": true}
{"timestamp": "17:25:58.013273", "frame": 78, "mu": [0.10014667992214105, 4.331336483692982, 1.3178909146320161], "Sigma": [[0.02221468077541327, -0.0009044570509984252, -0.010619579928958843], [-0.0009044570509984251, 0.004940198873324998, -0.007191549844551607], [-0.010619579928958843, -0.007191549844551607, 0.03255244794716756]], "chi2_level": 0.997, "chi2_df": 3, "chi2_threshold": 13.931422665512084, "N_raw": 58, "N_roi": 52, "N_inlier": 50, "refit": true}
{"timestamp": "17:25:58.070043", "frame": 79, "mu": [0.16781069288032882, 4.355166001416046, 1.2488055054744387], "Sigma": [[0.025780094026291632, 0.0025352282578264816, -0.013283482650144464], [0.002535228257826482, 0.008639445906700816, -0.012872487859830176], [-0.013283482650144465, -0.012872487859830178, 0.03635794010732118]], "chi2_level": 0.997, "chi2_df": 3, "chi2_threshold": 13.931422665512084, "N_raw": 74, "N_roi": 63, "N_inlier": 60, "refit": true}
{"timestamp": "17:25:58.120424", "frame": 80, "mu": [0.19149930126499964, 4.285921122571801, 1.2448873209980071], "Sigma": [[0.014429264209477002, 0.0001347418895846758, -0.008105171484239095], [0.00013474188958467558, 0.00321410979701141, -5.749561992823081e-05], [-0.008105171484239095, -5.749561992823089e-05, 0.00597167782560699]], "chi2_level": 0.997, "chi2_df": 3, "chi2_threshold": 13.931422665512084, "N_raw": 42, "N_roi": 33, "N_inlier": 30, "refit": true}
{"timestamp": "17:25:58.176181", "frame": 81, "mu": [0.20340405268048103, 4.271564107951917, 1.2893349104310283], "Sigma": [[0.023057531048010397, -0.00040557990611093844, -0.00968125455611519], [-0.00040557990611093844, 0.004861602228853294, -0.0002466595116696757], [-0.00968125455611519, -0.0002466595116696755, 0.005756422366106098]], "chi2_level": 0.997, "chi2_df": 3, "chi2_threshold": 13.931422665512084, "N_raw": 52, "N_roi": 51, "N_inlier": 49, "refit": true}
{"timestamp": "17:25:58.230430", "frame": 82, "mu": [0.2581383621281629, 4.248742676217154, 1.2596913294646737], "Sigma": [[0.020084123762404114, -0.002646737527262859, -0.005472956658353241], [-0.0026467375272628585, 0.00974764775680227, -0.010144370770627503], [-0.005472956658353241, -0.010144370770627504, 0.021950224576440927]], "chi2_level": 0.997, "chi2_df": 3, "chi2_threshold": 13.931422665512084, "N_raw": 42, "N_roi": 39, "N_inlier": 38, "refit": true}
{"timestamp": "17:25:58.284246", "frame": 83, "mu": [0.3179830596552278, 4.255699975792854, 0.4279741581225788], "Sigma": [[0.02288631554413524, 0.0006308399766322647, -0.010981744313329937], [0.0006308399766322647, 0.0035060819436618564, -0.0024175510056551617], [-0.010981744313329937, -0.0024175510056551617, 0.008808154077577518]], "chi2_level": 0.997, "chi2_df": 3, "chi2_threshold": 13.931422665512084, "N_raw": 40, "N_roi": 38, "N_inlier": 38, "refit": true}
{"timestamp": "17:25:58.343471", "frame": 84, "mu": [0.29438569922704466, 4.252271029257313, 1.4831544768752951], "Sigma": [[0.01878294743721446, -0.0014727879057629563, -0.008745786829028079], [-0.0014727879057629567, 0.010589993292703033, 0.001980398752608538], [-0.008745786829028077, 0.0019803987526085375, 0.005674190983054517]], "chi2_level": 0.997, "chi2_df": 3, "chi2_threshold": 13.931422665512084, "N_raw": 32, "N_roi": 32, "N_inlier": 31, "refit": true}
{"timestamp": "17:25:58.448118", "frame": 86, "mu": [0.4317677820326632, 4.308375396103232, 1.257284468434323], "Sigma": [[0.01174439993377928, 0.0010091394026801204, -0.011824526967614244], [0.0010091394026801202, 0.010444473173615217, -0.016676899636022462], [-0.011824526967614244, -0.016676899636022462, 0.039135250759552674]], "chi2_level": 0.997, "chi2_df": 3, "chi2_threshold": 13.931422665512084, "N_raw": 33, "N_roi": 32, "N_inlier": 32, "refit": true}
{"timestamp": "17:25:58.500541", "frame": 87, "mu": [0.4198488119873137, 4.25405869625426, 1.3990263351112733], "Sigma": [[0.008308261846453354, 0.0006321404927713176, -0.010543443887236537], [0.0006321404927713177, 0.012828269066190546, -0.040454492410797974], [-0.010543443887236536, -0.040454492410797974, 0.15269782313163702]], "chi2_level": 0.997, "chi2_df": 3, "chi2_threshold": 13.931422665512084, "N_raw": 19, "N_roi": 19, "N_inlier": 19, "refit": true}
{"timestamp": "17:25:58.559223", "frame": 88, "mu": [0.5361552211504821, 4.249309178217019, 0.523047337450549], "Sigma": [[0.01586952756990412, 0.0025533663693516314, -0.014184830099743341], [0.0025533663693516314, 0.00829812111390173, -0.014807585977718057], [-0.014184830099743341, -0.01480758597771806, 0.03620345898623184]], "chi2_level": 0.997, "chi2_df": 3, "chi2_threshold": 13.931422665512084, "N_raw": 41, "N_roi": 41, "N_inlier": 41, "refit": true}
{"timestamp": "17:25:58.613414", "frame": 89, "mu": [0.57582535105718, 4.281178118849701, 1.3788770502435261], "Sigma": [[0.019098775835780013, -0.0033798670947541272, -0.012079418941819232], [-0.0033798670947541272, 0.0029194306735801185, -0.0008094354971341772], [-0.012079418941819232, -0.0008094354971341774, 0.01551610486209854]], "chi2_level": 0.997, "chi2_df": 3, "chi2_threshold": 13.931422665512084, "N_raw": 35, "N_roi": 35, "N_inlier": 35, "refit": true}
{"timestamp": "17:25:58.832409", "frame": 93, "mu": [0.7679026735167306, 4.385984111113009, 1.4110198736628692], "Sigma": [[0.013171294779013213, 5.051341018971799e-05, -0.02024932285756137], [5.0513410189717935e-05, 0.0064853021260293, -0.009407675179269378], [-0.02024932285756137, -0.009407675179269378, 0.05505640218240715]], "chi2_level": 0.997, "chi2_df": 3, "chi2_threshold": 13.931422665512084, "N_raw": 31, "N_roi": 29, "N_inlier": 27, "refit": true}
{"timestamp": "17:25:58.946946", "frame": 95, "mu": [0.7716617650328291, 4.22894210376784, 0.652969428696111], "Sigma": [[0.013991453509938244, -0.0017496209808815907, -0.006135846498343792], [-0.001749620980881591, 0.0031133987209981265, -2.0301646989734243e-05], [-0.006135846498343792, -2.0301646989734243e-05, 0.005352834033240686]], "chi2_level": 0.997, "chi2_df": 3, "chi2_threshold": 13.931422665512084, "N_raw": 56, "N_roi": 29, "N_inlier": 28, "refit": true}
{"timestamp": "17:25:59.001983", "frame": 96, "mu": [0.7765889656707019, 4.291079697933908, 1.5816316544555198], "Sigma": [[0.021676932616224047, -0.004956926921137007, -0.01235895568243871], [-0.004956926921137007, 0.0059498918821609395, 0.001105563552210824], [-0.01235895568243871, 0.0011055635522108243, 0.011449509022342192]], "chi2_level": 0.997, "chi2_df": 3, "chi2_threshold": 13.931422665512084, "N_raw": 53, "N_roi": 49, "N_inlier": 48, "refit": true}
{"timestamp": "17:25:59.053593", "frame": 97, "mu": [0.9501214542459271, 4.238911389970013, 1.1199456035265325], "Sigma": [[0.018509091390176854, -0.006180311144612149, -0.018321620288140307], [-0.006180311144612149, 0.004015865273636953, 0.003952237064045458], [-0.018321620288140307, 0.003952237064045457, 0.023904199746411975]], "chi2_level": 0.997, "chi2_df": 3, "chi2_threshold": 13.931422665512084, "N_raw": 35, "N_roi": 31, "N_inlier": 31, "refit": true}
{"timestamp": "17:25:59.108420", "frame": 98, "mu": [0.9228307926127358, 4.290844309963815, 0.5003148269566841], "Sigma": [[0.02097163735645953, -0.0004424087693214719, -0.017421026239020584], [-0.000442408769321472, 0.002414401005474209, 0.0035140735341496828], [-0.01742102623902058, 0.0035140735341496828, 0.02362282361793256]], "chi2_level": 0.997, "chi2_df": 3, "chi2_threshold": 13.931422665512084, "N_raw": 36, "N_roi": 36, "N_inlier": 36, "refit": true}
{"timestamp": "17:25:59.166944", "frame": 99, "mu": [0.9437965024837892, 4.269395933848286, 0.38655740276385814], "Sigma": [[0.023958943012929487, -0.0028497547836641487, -0.013060302642385356], [-0.002849754783664149, 0.005917225786777916, 0.0016076838334662872], [-0.013060302642385358, 0.0016076838334662877, 0.008938771611122677]], "chi2_level": 0.997, "chi2_df": 3, "chi2_threshold": 13.931422665512084, "N_raw": 52, "N_roi": 52, "N_inlier": 52, "refit": true}
{"timestamp": "17:25:59.299019", "frame": 100, "mu": [0.9606623776509932, 4.248663620103572, 1.263969726305091], "Sigma": [[0.014319930066968503, -0.0042197093894465795, -0.004025234115825947], [-0.0042197093894465795, 0.006082057550919705, 0.0058614801838901415], [-0.004025234115825947, 0.0058614801838901415, 0.007708247712787786]], "chi2_level": 0.997, "chi2_df": 3, "chi2_threshold": 13.931422665512084, "N_raw": 31, "N_roi": 31, "N_inlier": 31, "refit": true}
{"timestamp": "17:25:59.334951", "frame": 101, "mu": [1.0322382557528977, 4.204531887125996, 1.1285567519991186], "Sigma": [[0.02371236028935574, -0.0032756650937411057, -0.011799466906357614], [-0.0032756650937411057, 0.006424798167414806, -0.0001155538600156588], [-0.011799466906357614, -0.0001155538600156589, 0.009834441009737536]], "chi2_level": 0.997, "chi2_df": 3, "chi2_threshold": 13.931422665512084, "N_raw": 57, "N_roi": 56, "N_inlier": 56, "refit": true}
{"timestamp": "17:25:59.368074", "frame": 102, "mu": [1.0060383807200672, 4.22580199894116, 0.49142389529518354], "Sigma": [[0.019244684003158194, -0.003599564360218098, 0.0018214912024855272], [-0.003599564360218098, 0.006523300301263616, -0.008108425581107165], [0.0018214912024855266, -0.008108425581107165, 0.012788149311910874]], "chi2_level": 0.997, "chi2_df": 3, "chi2_threshold": 13.931422665512084, "N_raw": 40, "N_roi": 40, "N_inlier": 40, "refit": true}
{"timestamp": "17:25:59.435058", "frame": 104, "mu": [1.0491248526952752, 4.138870164939049, 1.2827707433167626], "Sigma": [[0.0076609966746930686, -0.0012047731303563782, -0.005263896677542944], [-0.0012047731303563782, 0.00235153799410686, 0.0019274791764618668], [-0.005263896677542944, 0.0019274791764618668, 0.005170980354884936]], "chi2_level": 0.997, "chi2_df": 3, "chi2_threshold": 13.931422665512084, "N_raw": 16, "N_roi": 16, "N_inlier": 16, "refit": true}
{"timestamp": "17:25:59.546239", "frame": 106, "mu": [1.0899923390773745, 4.1223823933074355, 1.4216779255736725], "Sigma": [[0.011443004012986426, 0.00019643822088328194, -0.014711148384832257], [0.00019643822088328194, 0.0015631119022366758, -0.0013058372309454988], [-0.014711148384832257, -0.001305837230945499, 0.024214973812281413]], "chi2_level": 0.997, "chi2_df": 3, "chi2_threshold": 13.931422665512084, "N_raw": 18, "N_roi": 18, "N_inlier": 17, "refit": true}
{"timestamp": "17:25:59.601913", "frame": 107, "mu": [1.0681265714666586, 4.103493972458978, 0.307000405631867], "Sigma": [[0.0175223495030957, 0.00013556028316513312, -0.016936975856074617], [0.00013556028316513312, 0.003119876089807537, -0.0010898898554487228], [-0.016936975856074617, -0.0010898898554487226, 0.018912866778414666]], "chi2_level": 0.997, "chi2_df": 3, "chi2_threshold": 13.931422665512084, "N_raw": 30, "N_roi": 30, "N_inlier": 30, "refit": true}
{"timestamp": "17:25:59.658207", "frame": 108, "mu": [1.1187494631609982, 4.0303071600794205, 1.2888721786514004], "Sigma": [[0.014914826401048907, -0.0021919761631537574, -0.012475531291930962], [-0.002191976163153758, 0.005874060373843126, 0.001342506639948856], [-0.012475531291930962, 0.0013425066399488557, 0.024198648704927994]], "chi2_level": 0.997, "chi2_df": 3, "chi2_threshold": 13.931422665512084, "N_raw": 34, "N_roi": 34, "N_inlier": 32, "refit": true}
{"timestamp": "17:25:59.766983", "frame": 110, "mu": [1.3211226632612894, 3.8550641697655204, 0.9671717289712571], "Sigma": [[0.022273149708356282, -0.0118960583193332, -0.021971108433029275], [-0.0118960583193332, 0.010222187069796907, 0.01390915029728905], [-0.021971108433029275, 0.013909150297289048, 0.024492103671747104]], "chi2_level": 0.997, "chi2_df": 3, "chi2_threshold": 13.931422665512084, "N_raw": 27, "N_roi": 27, "N_inlier": 27, "refit": true}
{"timestamp": "17:25:59.823183", "frame": 111, "mu": [1.280928112759248, 3.884868627675084, 1.1517371345501495], "Sigma": [[0.012434857119176043, -0.004272001715243053, -0.011650423314935468], [-0.004272001715243053, 0.010492510789679487, 0.014022431911909293], [-0.011650423314935468, 0.014022431911909293, 0.024709301643362734]], "chi2_level": 0.997, "chi2_df": 3, "chi2_threshold": 13.931422665512084, "N_raw": 32, "N_roi": 30, "N_inlier": 30, "refit": true}
{"timestamp": "17:25:59.876290", "frame": 112, "mu": [1.2050756491680135, 3.9022422517893007, 1.2631603081071192], "Sigma": [[0.012408792753870681, -0.003562531792904685, -0.006722877735336618], [-0.003562531792904686, 0.003513822984433025, 0.0015522669003275127], [-0.006722877735336618, 0.0015522669003275127, 0.006314142897785421]], "chi2_level": 0.997, "chi2_df": 3, "chi2_threshold": 13.931422665512084, "N_raw": 20, "N_roi": 20, "N_inlier": 20, "refit": true}
{"timestamp": "17:25:59.934183", "frame": 113, "mu": [1.3846472857719014, 3.8290961526194174, 1.049974974909124], "Sigma": [[0.029338418799024785, -0.0069655882847428924, -0.015152425549166541], [-0.0069655882847428924, 0.00430166392805584, 0.002114901671071674], [-0.015152425549166541, 0.0021149016710716746, 0.013491448644190716]], "chi2_level": 0.997, "chi2_df": 3, "chi2_threshold": 13.931422665512084, "N_raw": 42, "N_roi": 42, "N_inlier": 42, "refit": true}
{"timestamp": "17:25:59.990660", "frame": 114, "mu": [1.5055597310568598, 3.797695996280762, 1.0449189298324435], "Sigma": [[0.03305647514535387, -0.01218480959162351, -0.03610367677701096], [-0.012184809591623508, 0.006810929627866313, 0.010805439652717387], [-0.03610367677701096, 0.010805439652717387, 0.047140325375735335]], "chi2_level": 0.997, "chi2_df": 3, "chi2_threshold": 13.931422665512084, "N_raw": 48, "N_roi": 48, "N_inlier": 48, "refit": true}
{"timestamp": "17:26:00.045913", "frame": 115, "mu": [1.4744475564789137, 3.787551256104406, 1.1098959386275038], "Sigma": [[0.022785626371587302, -0.00808931203714324, -0.012388623488184952], [-0.00808931203714324, 0.006297131443375644, -0.0009851879591412649], [-0.012388623488184952, -0.0009851879591412649, 0.018116630456388227]], "chi2_level": 0.997, "chi2_df": 3, "chi2_threshold": 13.931422665512084, "N_raw": 52, "N_roi": 52, "N_inlier": 52, "refit": true}
{"timestamp": "17:26:00.152001", "frame": 117, "mu": [1.4927831101138382, 3.702343326100979, 1.3028069781066598], "Sigma": [[0.009970174116060411, -0.0030576327085905645, -0.0073595214611369645], [-0.0030576327085905645, 0.005834246632075581, -0.0014151147932367591], [-0.0073595214611369645, -0.0014151147932367587, 0.010625576775410069]], "chi2_level": 0.997, "chi2_df": 3, "chi2_threshold": 13.931422665512084, "N_raw": 23, "N_roi": 23, "N_inlier": 21, "refit": true}
{"timestamp": "17:26:00.209383", "frame": 118, "mu": [1.5050898246682818, 3.690567751560644, 1.0330214398837354], "Sigma": [[0.013771464805855756, -0.007085339481128899, -0.007576067395879303], [-0.007085339481128899, 0.0054638092799651075, 0.0001687122306804034], [-0.007576067395879303, 0.00016871223068040333, 0.0252365004706806]], "chi2_level": 0.997, "chi2_df": 3, "chi2_threshold": 13.931422665512084, "N_raw": 37, "N_roi": 37, "N_inlier": 34, "refit": true}
{"timestamp": "17:26:00.265201", "frame": 119, "mu": [1.5924322334987486, 3.578183279409904, 1.1129638478968178], "Sigma": [[0.01876668372841407, -0.012503286233491938, -0.0024692229429011826], [-0.012503286233491936, 0.010861962001197245, -0.002530304490061714], [-0.0024692229429011826, -0.002530304490061714, 0.017928927514985104]], "chi2_level": 0.997, "chi2_df": 3, "chi2_threshold": 13.931422665512084, "N_raw": 44, "N_roi": 44, "N_inlier": 44, "refit": true}
{"timestamp": "17:26:00.321347", "frame": 120, "mu": [1.6195075993658017, 3.5332486427829077, 1.076914191688908], "Sigma": [[0.02335955262410016, -0.022365745840085778, -0.006325683851932617], [-0.022365745840085778, 0.02661297526531546, 0.003839203997194869], [-0.006325683851932617, 0.003839203997194869, 0.018001031526129835]], "chi2_level": 0.997, "chi2_df": 3, "chi2_threshold": 13.931422665512084, "N_raw": 55, "N_roi": 55, "N_inlier": 54, "refit": true}
{"timestamp": "17:26:00.373519", "frame": 121, "mu": [1.4799163428528217, 3.6453779358917617, 0.8992298180968475], "Sigma": [[0.012316653380681785, -0.004956632572186594, -0.0020371305726834283], [-0.004956632572186594, 0.0041080747037065286, -0.005534185256420451], [-0.0020371305726834283, -0.0055341852564204505, 0.023822974230940614]], "chi2_level": 0.997, "chi2_df": 3, "chi2_threshold": 13.931422665512084, "N_raw": 30, "N_roi": 30, "N_inlier": 27, "refit": true}
{"timestamp": "17:26:00.428187", "frame": 122, "mu": [1.4972324809461193, 3.624583790410665, 1.0410005312648836], "Sigma": [[0.015901818030048694, -0.006690410459974318, -0.007012226280851589], [-0.006690410459974318, 0.0047890193052626834, -0.0007653267600627215], [-0.007012226280851589, -0.0007653267600627217, 0.017223837247429485]], "chi2_level": 0.997, "chi2_df": 3, "chi2_threshold": 13.931422665512084, "N_raw": 37, "N_roi": 37, "N_inlier": 37, "refit": true}
