{"timestamp": "17:06:25.077453", "frame": 20, "mu": [-0.6726912179650476, 0.3725160251562635, 0.9210552078239713], "Sigma": [[0.967303819709785, -0.006128997257794391, 0.23640377000970692], [-0.006128997257794388, 0.012265386562851326, -0.04866281980338777], [0.23640377000970692, -0.048662819803387776, 0.35177927244031176]], "chi2_level": 0.997, "chi2_df": 3, "chi2_threshold": 13.931422665512084, "N_raw": 16, "N_roi": 16, "N_inlier": 16, "refit": true}
{"timestamp": "17:06:25.137428", "frame": 21, "mu": [-0.794671231565042, 0.31366883672573764, 1.2946674561828666], "Sigma": [[0.7106952533354057, -0.010676088661285698, 0.06784641652017143], [-0.010676088661285695, 0.01715774706597879, -0.04347339116423887], [0.06784641652017143, -0.04347339116423887, 0.12034986846024734]], "chi2_level": 0.997, "chi2_df": 3, "chi2_threshold": 13.931422665512084, "N_raw": 44, "N_roi": 44, "N_inlier": 41, "refit": true}
{"timestamp": "17:06:25.189864", "frame": 22, "mu": [-1.1450832180349577, 0.3529284954371624, 1.3446333340383212], "Sigma": [[0.004004772801038582, 0.004099812785450522, 0.007430395670593195], [0.004099812785450522, 0.00637257124944528, 0.005879906331681942], [0.007430395670593195, 0.005879906331681941, 0.04579577643334022]], "chi2_level": 0.997, "chi2_df": 3, "chi2_threshold": 13.931422665512084, "N_raw": 31, "N_roi": 31, "N_inlier": 29, "refit": true}
{"timestamp": "17:06:25.248300", "frame": 23, "mu": [-0.9418607101945522, 0.38707503551269784, 1.4609074367211874], "Sigma": [[0.451399220222695, -0.024662303841643425, 0.0140047931975039], [-0.024662303841643418, 0.006422359831518565, -0.0045690823264726566], [0.0140047931975039, -0.004569082326472657, 0.008105598002949368]], "chi2_level": 0.997, "chi2_df": 3, "chi2_threshold": 13.931422665512084, "N_raw": 59, "N_roi": 59, "N_inlier": 58, "refit": true}
{"timestamp": "17:06:25.301894", "frame": 24, "mu": [-1.0733630316496017, 0.38787782272060845, 1.500197622881468], "Sigma": [[0.006490286190929564, 0.0012862451806928041, -0.0006201875987378491], [0.0012862451806928041, 0.005039563284314653, -0.003094139138393269], [-0.0006201875987378491, -0.003094139138393269, 0.002562304260302461]], "chi2_level": 0.997, "chi2_df": 3, "chi2_threshold": 13.931422665512084, "N_raw": 50, "N_roi": 50, "N_inlier": 48, "refit": true}
{"timestamp": "17:06:25.361611", "frame": 25, "mu": [-1.0937163463655515, 0.485203801122961, 1.5385849436329362], "Sigma": [[0.00894820288428474, 0.0005765130572635768, 0.0013927104620666993], [0.0005765130572635768, 0.005667504019755144, -0.004402179798609187], [0.0013927104620666993, -0.004402179798609187, 0.005844860032565148]], "chi2_level": 0.997, "chi2_df": 3, "chi2_threshold": 13.931422665512084, "N_raw": 79, "N_roi": 79, "N_inlier": 77, "refit": true}
{"timestamp": "17:06:25.416608", "frame": 26, "mu": [-1.085366266610488, 0.5269829699268185, 1.5810614649497843], "Sigma": [[0.008663257128527174, 0.0015449950257868396, -0.0009113806612361915], [0.0015449950257868399, 0.007444218187328497, -0.007361590657016], [-0.0009113806612361915, -0.007361590657016, 0.009708947133002271]], "chi2_level": 0.997, "chi2_df": 3, "chi2_threshold": 13.931422665512084, "N_raw": 77, "N_roi": 77, "N_inlier": 71, "refit": true}
{"timestamp": "17:06:25.477911", "frame": 27, "mu": [-0.990562849110216, 0.5940206057841195, 1.527434682194534], "Sigma": [[0.009045562247997114, 0.0012912953388627899, -0.0032586183825399065], [0.0012912953388627899, 0.0070105967963922135, -0.007942707068076958], [-0.003258618382539907, -0.00794270706807696, 0.011752969864914168]], "chi2_level": 0.997, "chi2_df": 3, "chi2_threshold": 13.931422665512084, "N_raw": 91, "N_roi": 91, "N_inlier": 85, "refit": true}
{"timestamp": "17:06:25.530015", "frame": 28, "mu": [-0.9275963307770825, 0.6356194143934596, 1.5325793252087287], "Sigma": [[0.007098759308778756, 0.0018466247811425758, -0.006111326105598351], [0.0018466247811425762, 0.009294940920069343, -0.011018387482050728], [-0.006111326105598351, -0.01101838748205073, 0.019629536346501053]], "chi2_level": 0.997, "chi2_df": 3, "chi2_threshold": 13.931422665512084, "N_raw": 77, "N_roi": 77, "N_inlier": 73, "refit": true}
{"timestamp": "17:06:25.589950", "frame": 29, "mu": [-0.941022234250367, 0.7380247662433592, 1.5769953704798407], "Sigma": [[0.011115515155328047, 0.004564527090344119, -0.0051137996787620175], [0.004564527090344119, 0.008553041974831472, -0.010184471579634626], [-0.0051137996787620175, -0.010184471579634626, 0.017600747862891432]], "chi2_level": 0.997, "chi2_df": 3, "chi2_threshold": 13.931422665512084, "N_raw": 110, "N_roi": 110, "N_inlier": 105, "refit": true}
{"timestamp": "17:06:25.638934", "frame": 30, "mu": [-0.9923546910243868, 0.7303922027169523, 1.666107935868662], "Sigma": [[0.010569622190938268, 0.004966054351061423, -0.006777216293538728], [0.004966054351061422, 0.011381865496116543, -0.015922715329962436], [-0.006777216293538727, -0.015922715329962436, 0.025531277987005302]], "chi2_level": 0.997, "chi2_df": 3, "chi2_threshold": 13.931422665512084, "N_raw": 70, "N_roi": 70, "N_inlier": 65, "refit": true}
{"timestamp": "17:06:25.697953", "frame": 31, "mu": [-0.8178861164356912, 0.9574280827178971, 1.4852814257999125], "Sigma": [[0.021054911544106214, 0.03408957700834973, -0.04070481817055338], [0.03408957700834972, 0.07569786566921927, -0.0893481241595368], [-0.04070481817055338, -0.0893481241595368, 0.10816610952300923]], "chi2_level": 0.997, "chi2_df": 3, "chi2_threshold": 13.931422665512084, "N_raw": 106, "N_roi": 102, "N_inlier": 99, "refit": true}
{"timestamp": "17:06:25.742675", "frame": 32, "mu": [-0.7254437670229759, 0.9792106428880585, 1.561175752804341], "Sigma": [[0.04137319614230967, 0.02315151979812475, -0.030908357165351133], [0.023151519798124753, 0.0438147186022511, -0.047040033056220364], [-0.030908357165351133, -0.04704003305622036, 0.07317032096922602]], "chi2_level": 0.997, "chi2_df": 3, "chi2_threshold": 13.931422665512084, "N_raw": 28, "N_roi": 28, "N_inlier": 27, "refit": true}
{"timestamp": "17:06:25.798128", "frame": 33, "mu": [-0.5420153083026436, 0.9896526914049111, 1.473389691900053], "Sigma": [[0.012752546635100823, 0.001722954436434379, -0.015301278370837617], [0.0017229544364343787, 0.011452366123780875, 0.001564471434634075], [-0.015301278370837617, 0.0015644714346340742, 0.020111981992305968]], "chi2_level": 0.997, "chi2_df": 3, "chi2_threshold": 13.931422665512084, "N_raw": 46, "N_roi": 46, "N_inlier": 42, "refit": true}
{"timestamp": "17:06:25.852672", "frame": 34, "mu": [-0.5899474033389088, 1.0767557667639613, 1.2110208786345176], "Sigma": [[0.004750447087051537, -0.003555517986057947, 0.01234206788903295], [-0.0035555179860579473, 0.006182163910022228, 0.010446319904809095], [0.01234206788903295, 0.010446319904809095, 0.3249268485776367]], "chi2_level": 0.997, "chi2_df": 3, "chi2_threshold": 13.931422665512084, "N_raw": 22, "N_roi": 22, "N_inlier": 22, "refit": true}
{"timestamp": "17:06:25.908089", "frame": 35, "mu": [-0.4463479168063008, 1.027924787115271, 1.0513275940955213], "Sigma": [[0.0033340974719395966, -0.0004317979104204305, 0.011784833491866624], [-0.00043179791042043055, 0.001942659488591121, -0.0007292332412303319], [0.011784833491866624, -0.0007292332412303319, 0.15097911080020163]], "chi2_level": 0.997, "chi2_df": 3, "chi2_threshold": 13.931422665512084, "N_raw": 39, "N_roi": 39, "N_inlier": 38, "refit": true}
{"timestamp": "17:06:25.976688", "frame": 36, "mu": [-0.4585399102744335, 1.147056700034596, 1.3491498597792382], "Sigma": [[0.005225442678249512, -0.0024555535122820164, -0.011082285472033113], [-0.0024555535122820155, 0.006818135949494249, 0.011034110488635217], [-0.011082285472033113, 0.011034110488635217, 0.11366971857199562]], "chi2_level": 0.997, "chi2_df": 3, "chi2_threshold": 13.931422665512084, "N_raw": 125, "N_roi": 125, "N_inlier": 122, "refit": true}
{"timestamp": "17:06:26.028862", "frame": 37, "mu": [-0.39003340941655706, 1.239684952378374, 1.319942592532444], "Sigma": [[0.005170774793778794, -0.002973047315158371, -0.013855190556349609], [-0.002973047315158371, 0.007867561432160082, -0.0019849342973542916], [-0.013855190556349609, -0.001984934297354291, 0.29269929943945727]], "chi2_level": 0.997, "chi2_df": 3, "chi2_threshold": 13.931422665512084, "N_raw": 94, "N_roi": 91, "N_inlier": 90, "refit": true}
{"timestamp": "17:06:26.082758", "frame": 38, "mu": [-0.35210062347585763, 1.2493746763910987, 1.4467393029271902], "Sigma": [[0.0045569887680902725, -0.0007271368879159092, 0.004064649770798682], [-0.0007271368879159092, 0.005825564426174177, 0.006665362756747242], [0.004064649770798682, 0.006665362756747241, 0.0500508181436542]], "chi2_level": 0.997, "chi2_df": 3, "chi2_threshold": 13.931422665512084, "N_raw": 93, "N_roi": 90, "N_inlier": 85, "refit": true}
{"timestamp": "17:06:26.135743", "frame": 39, "mu": [-0.3099264204045328, 1.288379878302846, 1.1270114475079915], "Sigma": [[0.00960844088947123, -0.0024428977043081325, 0.019045304986594867], [-0.0024428977043081325, 0.008312472039758526, -0.011879084079665394], [0.019045304986594867, -0.011879084079665392, 0.16950189495169546]], "chi2_level": 0.997, "chi2_df": 3, "chi2_threshold": 13.931422665512084, "N_raw": 80, "N_roi": 80, "N_inlier": 78, "refit": true}
{"timestamp": "17:06:26.195359", "frame": 40, "mu": [-0.5560918939287632, 2.0050104388599914, 0.8046132500552541], "Sigma": [[0.22468509208303417, -0.5503663406245458, 0.07942483723371728], [-0.5503663406245458, 1.480861427345493, -0.10569003595929954], [0.07942483723371728, -0.10569003595929952, 0.47606557646891867]], "chi2_level": 0.997, "chi2_df": 3, "chi2_threshold": 13.931422665512084, "N_raw": 113, "N_roi": 112, "N_inlier": 111, "refit": true}
{"timestamp": "17:06:26.256294", "frame": 41, "mu": [-0.25948153343532676, 1.5361904392482157, -0.6919606382987982], "Sigma": [[0.009078669455471478, -0.00017877150600882782, 0.027110618198109688], [-0.0001787715060088276, 0.0383175621586006, -0.05753156870958663], [0.02711061819810969, -0.05753156870958663, 0.38435763915581567]], "chi2_level": 0.997, "chi2_df": 3, "chi2_threshold": 13.931422665512084, "N_raw": 142, "N_roi": 141, "N_inlier": 138, "refit": true}
{"timestamp": "17:06:26.307630", "frame": 42, "mu": [-0.17204299848766066, 1.5007900319884717, 1.4405016547826006], "Sigma": [[0.007304832429509499, -0.0010791208186816817, 0.004070725605279274], [-0.0010791208186816822, 0.006963111934047338, 0.005858592218095839], [0.004070725605279274, 0.005858592218095839, 0.08877877312007709]], "chi2_level": 0.997, "chi2_df": 3, "chi2_threshold": 13.931422665512084, "N_raw": 114, "N_roi": 112, "N_inlier": 106, "refit": true}
{"timestamp": "17:06:26.364179", "frame": 43, "mu": [-0.17110410356850975, 1.5479252726322386, 1.3261659536035908], "Sigma": [[0.010056115995937268, -0.001906243985476487, 0.023627380491622704], [-0.001906243985476487, 0.008525205500646194, 0.0001536756075877859], [0.023627380491622704, 0.0001536756075877859, 0.23995967256961556]], "chi2_level": 0.997, "chi2_df": 3, "chi2_threshold": 13.931422665512084, "N_raw": 131, "N_roi": 128, "N_inlier": 128, "refit": true}
{"timestamp": "17:06:26.418324", "frame": 44, "mu": [-0.172238161302488, 1.6253709836392833, 0.8172396076105827], "Sigma": [[0.010189988262528735, -0.00017893977398520717, 0.02769899725819654], [-0.00017893977398520736, 0.008167380338499853, 0.01100197819860218], [0.02769899725819654, 0.01100197819860218, 0.7077071100489604]], "chi2_level": 0.997, "chi2_df": 3, "chi2_threshold": 13.931422665512084, "N_raw": 125, "N_roi": 124, "N_inlier": 123, "refit": true}
{"timestamp": "17:06:26.470078", "frame": 45, "mu": [-0.13438099717940805, 1.6542702378453698, 0.9633620827042286], "Sigma": [[0.007878458156529712, 0.0003530678537797644, 0.04159582992351018], [0.0003530678537797642, 0.009764088375420537, 0.022984877376541875], [0.04159582992351017, 0.022984877376541875, 0.8137597111656191]], "chi2_level": 0.997, "chi2_df": 3, "chi2_threshold": 13.931422665512084, "N_raw": 94, "N_roi": 92, "N_inlier": 89, "refit": true}
{"timestamp": "17:06:26.525947", "frame": 46, "mu": [-0.08615720780027537, 1.697986927351253, 0.7864841471173541], "Sigma": [[0.010154037102004675, -0.001763516967476605, 0.04457004234730264], [-0.0017635169674766048, 0.010908560809763714, 0.0026930890777024864], [0.044570042347302635, 0.0026930890777024847, 0.6586364270828474]], "chi2_level": 0.997, "chi2_df": 3, "chi2_threshold": 13.931422665512084, "N_raw": 101, "N_roi": 99, "N_inlier": 99, "refit": true}
{"timestamp": "17:06:26.573233", "frame": 47, "mu": [-0.016570910432246757, 1.7845141013285695, 1.647514120390588], "Sigma": [[0.004274468217104438, 3.865050050630244e-05, -0.0025639516933852837], [3.865050050630252e-05, 0.0044212638774602875, -0.003998357337096737], [-0.0025639516933852833, -0.003998357337096737, 0.1642932245214198]], "chi2_level": 0.997, "chi2_df": 3, "chi2_threshold": 13.931422665512084, "N_raw": 53, "N_roi": 52, "N_inlier": 50, "refit": true}
{"timestamp": "17:06:26.634926", "frame": 48, "mu": [0.03665531558118656, 1.3423950855438218, 0.5770308350322518], "Sigma": [[0.007742898955089815, 0.01646823692567456, 0.013019578470775242], [0.01646823692567456, 0.4949607657820256, 0.6148619909083715], [0.013019578470775242, 0.6148619909083715, 1.1071516282192928]], "chi2_level": 0.997, "chi2_df": 3, "chi2_threshold": 13.931422665512084, "N_raw": 99, "N_roi": 94, "N_inlier": 94, "refit": true}
{"timestamp": "17:06:26.689631", "frame": 49, "mu": [-0.04333685213293063, 1.8776310912863823, 0.8914380455087617], "Sigma": [[0.03685147607296972, 0.004570840031317499, 0.06145583473568007], [0.004570840031317499, 0.005834329625815285, -0.007353694927364504], [0.06145583473568007, -0.007353694927364504, 0.449001709770319]], "chi2_level": 0.997, "chi2_df": 3, "chi2_threshold": 13.931422665512084, "N_raw": 97, "N_roi": 95, "N_inlier": 94, "refit": true}
{"timestamp": "17:06:26.741398", "frame": 50, "mu": [0.0038975073474018487, 1.931749312005254, 0.5599316642408977], "Sigma": [[0.039332848530665945, 0.005392000955117494, 0.01929845162537842], [0.005392000955117494, 0.0035641873225452604, 0.01097138280225847], [0.019298451625378417, 0.01097138280225847, 0.3375551410320771]], "chi2_level": 0.997, "chi2_df": 3, "chi2_threshold": 13.931422665512084, "N_raw": 89, "N_roi": 86, "N_inlier": 85, "refit": true}
{"timestamp": "17:06:26.795568", "frame": 51, "mu": [0.14054140800512036, 1.961117204588628, 1.1072620969083224], "Sigma": [[0.024645965526094788, -0.0033877184028705144, 0.04399642790380739], [-0.0033877184028705144, 0.004165255923808092, -0.012769224665156871], [0.04399642790380739, -0.012769224665156873, 0.5227639250502565]], "chi2_level": 0.997, "chi2_df": 3, "chi2_threshold": 13.931422665512084, "N_raw": 78, "N_roi": 76, "N_inlier": 75, "refit": true}
{"timestamp": "17:06:26.846147", "frame": 52, "mu": [0.2787064028194014, 2.040319312436591, 1.3242938396964026], "Sigma": [[0.005321955588858882, -0.00021576722922131615, 0.0019145723028787403], [-0.00021576722922131625, 0.007564937735116483, -0.030583352408341362], [0.0019145723028787408, -0.030583352408341362, 0.24665863182190503]], "chi2_level": 0.997, "chi2_df": 3, "chi2_threshold": 13.931422665512084, "N_raw": 55, "N_roi": 55, "N_inlier": 54, "refit": true}
{"timestamp": "17:06:26.989665", "frame": 53, "mu": [0.3284715793584029, 1.994063357601797, 1.329711720121607], "Sigma": [[0.004180021741355187, 0.0026856312043662305, -0.001960692882852713], [0.0026856312043662314, 0.018928961988726404, 0.05238907663092169], [-0.001960692882852712, 0.05238907663092169, 0.4743379251934003]], "chi2_level": 0.997, "chi2_df": 3, "chi2_threshold": 13.931422665512084, "N_raw": 36, "N_roi": 36, "N_inlier": 34, "refit": true}
{"timestamp": "17:06:27.033268", "frame": 54, "mu": [0.38544639819248566, 2.1812161779183126, 0.020319772111970107], "Sigma": [[0.006229380321349437, 0.003190761543933467, -0.01104337207199386], [0.003190761543933467, 0.011294171590728139, -0.026794710168398878], [-0.011043372071993858, -0.026794710168398878, 0.08117450283771659]], "chi2_level": 0.997, "chi2_df": 3, "chi2_threshold": 13.931422665512084, "N_raw": 68, "N_roi": 65, "N_inlier": 60, "refit": true}
{"timestamp": "17:06:27.071015", "frame": 55, "mu": [0.35672701204675017, 2.1828491744990757, 1.4793122111348502], "Sigma": [[0.0067602455357526955, -0.0015973584881460263, -0.012955572971131077], [-0.001597358488146026, 0.004003745396705366, -0.0034020867697431238], [-0.012955572971131077, -0.0034020867697431238, 0.10715222997810131]], "chi2_level": 0.997, "chi2_df": 3, "chi2_threshold": 13.931422665512084, "N_raw": 76, "N_roi": 73, "N_inlier": 69, "refit": true}
{"timestamp": "17:06:27.095011", "frame": 56, "mu": [0.4514085044113157, 2.276259464490055, 1.3130474176500102], "Sigma": [[0.009031635995802348, 0.0003443422806849514, -0.00879810400033671], [0.00034434228068495155, 0.0047447508000881605, -0.005524317589895967], [-0.008798104000336713, -0.005524317589895967, 0.13413858744527207]], "chi2_level": 0.997, "chi2_df": 3, "chi2_threshold": 13.931422665512084, "N_raw": 66, "N_roi": 66, "N_inlier": 62, "refit": true}
{"timestamp": "17:06:27.124978", "frame": 57, "mu": [0.4928962789463054, 2.2147540584867333, 1.2787635926921659], "Sigma": [[0.005958954556214791, 0.011765283458826058, 0.0237404817227767], [0.01176528345882606, 0.07448635137776106, 0.14500804490415242], [0.023740481722776704, 0.14500804490415242, 0.45788641594113844]], "chi2_level": 0.997, "chi2_df": 3, "chi2_threshold": 13.931422665512084, "N_raw": 34, "N_roi": 32, "N_inlier": 30, "refit": true}
{"timestamp": "17:06:27.178784", "frame": 58, "mu": [0.5038535409856488, 2.354586204302687, 1.2239418989343087], "Sigma": [[0.008359040909536299, 0.001180024891989256, 0.019214831485584567], [0.001180024891989256, 0.011289219823238399, 0.009237366851771501], [0.019214831485584567, 0.0092373668517715, 0.20495640534978818]], "chi2_level": 0.997, "chi2_df": 3, "chi2_threshold": 13.931422665512084, "N_raw": 71, "N_roi": 71, "N_inlier": 68, "refit": true}
{"timestamp": "17:06:27.232730", "frame": 59, "mu": [0.5657147083170296, 2.3462980560071847, 1.1166928858675766], "Sigma": [[0.012578599159806093, 0.005482386191289096, 0.024032256604870565], [0.005482386191289096, 0.03292635543326988, 0.1065897119066718], [0.02403225660487057, 0.1065897119066718, 0.40345175581708376]], "chi2_level": 0.997, "chi2_df": 3, "chi2_threshold": 13.931422665512084, "N_raw": 59, "N_roi": 57, "N_inlier": 55, "refit": true}
{"timestamp": "17:06:27.281675", "frame": 60, "mu": [0.6972730632617541, 2.4608212009673367, 1.209692367352772], "Sigma": [[0.003622814056618389, 0.00048454834306082607, -0.018150596504480775], [0.0004845483430608261, 0.0020689420285798124, -0.017217444814709073], [-0.018150596504480775, -0.017217444814709073, 0.33498991765784]], "chi2_level": 0.997, "chi2_df": 3, "chi2_threshold": 13.931422665512084, "N_raw": 22, "N_roi": 19, "N_inlier": 18, "refit": true}
{"timestamp": "17:06:27.342954", "frame": 61, "mu": [0.7209007492777664, 2.5273730127527667, 1.2034713406292998], "Sigma": [[0.007036516974694239, -0.0037486729172981036, -0.023967212962371226], [-0.0037486729172981036, 0.038548680849441776, 0.07363679423646059], [-0.023967212962371226, 0.07363679423646059, 0.48766170069292086]], "chi2_level": 0.997, "chi2_df": 3, "chi2_threshold": 13.931422665512084, "N_raw": 67, "N_roi": 65, "N_inlier": 62, "refit": true}
{"timestamp": "17:06:27.399181", "frame": 62, "mu": [0.8642061450513868, 2.5388210298939913, 1.1506539552290864], "Sigma": [[0.010519264602166001, -0.002699040588413782, -0.02714997248905531], [-0.0026990405884137823, 0.0058203570775425305, 0.010482052624882795], [-0.027149972489055308, 0.010482052624882793, 0.5022870503701751]], "chi2_level": 0.997, "chi2_df": 3, "chi2_threshold": 13.931422665512084, "N_raw": 72, "N_roi": 69, "N_inlier": 67, "refit": true}
{"timestamp": "17:06:27.455820", "frame": 63, "mu": [0.82394330576351, 2.4782670575796537, -0.9408005253542925], "Sigma": [[0.012075751485503715, 0.012139520634238357, -0.006428373426441712], [0.012139520634238355, 0.28040494175110803, 0.49136737952617376], [-0.006428373426441718, 0.4913673795261738, 2.3790800851814926]], "chi2_level": 0.997, "chi2_df": 3, "chi2_threshold": 13.931422665512084, "N_raw": 80, "N_roi": 78, "N_inlier": 78, "refit": true}
{"timestamp": "17:06:27.502964", "frame": 64, "mu": [0.8340126070710111, 2.7371959611762477, 0.6567541650055102], "Sigma": [[0.011423963788381506, -0.0007412936632716276, 0.0028276141419653266], [-0.0007412936632716277, 0.0049413600723008, -0.01798958716471321], [0.0028276141419653258, -0.01798958716471321, 0.24251230851186226]], "chi2_level": 0.997, "chi2_df": 3, "chi2_threshold": 13.931422665512084, "N_raw": 29, "N_roi": 29, "N_inlier": 29, "refit": true}
{"timestamp": "17:06:27.564941", "frame": 65, "mu": [0.8841562513115678, 2.7033410725102147, 1.0562616967530642], "Sigma": [[0.0239058120531834, -0.008781050631025657, 0.04384888721790564], [-0.008781050631025657, 0.011561240024714656, 0.007292025826418108], [0.04384888721790564, 0.007292025826418108, 0.31853240419416784]], "chi2_level": 0.997, "chi2_df": 3, "chi2_threshold": 13.931422665512084, "N_raw": 73, "N_roi": 73, "N_inlier": 72, "refit": true}
{"timestamp": "17:06:27.614643", "frame": 66, "mu": [1.052426970879152, 2.6744038741055167, -0.8061899358915101], "Sigma": [[0.02699674311481752, -0.013769562637541926, 0.03878419835256919], [-0.013769562637541926, 0.010966064484954465, -0.015915283842507576], [0.03878419835256919, -0.015915283842507576, 0.12465873712071877]], "chi2_level": 0.997, "chi2_df": 3, "chi2_threshold": 13.931422665512084, "N_raw": 42, "N_roi": 42, "N_inlier": 40, "refit": true}
{"timestamp": "17:06:27.673034", "frame": 67, "mu": [1.042472286547827, 2.796152693412299, 1.2499389979231248], "Sigma": [[0.0252264153879146, -0.00292231068972514, 0.05613426822302197], [-0.00292231068972514, 0.007156060057281754, 0.005471464904772176], [0.05613426822302198, 0.005471464904772176, 0.2660002237399049]], "chi2_level": 0.997, "chi2_df": 3, "chi2_threshold": 13.931422665512084, "N_raw": 63, "N_roi": 62, "N_inlier": 60, "refit": true}
{"timestamp": "17:06:27.727076", "frame": 68, "mu": [1.133341050292783, 2.8752726491554235, 1.5061784669565879], "Sigma": [[0.013158368135594808, -0.004131603803338702, 0.0019262744637650925], [-0.004131603803338702, 0.003917443164605955, -0.0037242885300774868], [0.0019262744637650927, -0.003724288530077487, 0.06310631064289521]], "chi2_level": 0.997, "chi2_df": 3, "chi2_threshold": 13.931422665512084, "N_raw": 56, "N_roi": 54, "N_inlier": 51, "refit": true}
{"timestamp": "17:06:27.781986", "frame": 69, "mu": [1.2044404999235225, 2.9553878279329044, 1.419469151634428], "Sigma": [[0.01535148099378861, -0.005467873825696425, -0.0050800390071778214], [-0.005467873825696424, 0.005439352275229909, -0.003970145724355538], [-0.0050800390071778214, -0.003970145724355539, 0.015884350890729846]], "chi2_level": 0.997, "chi2_df": 3, "chi2_threshold": 13.931422665512084, "N_raw": 59, "N_roi": 58, "N_inlier": 55, "refit": true}
{"timestamp": "17:06:27.834952", "frame": 70, "mu": [1.2947497746142473, 2.992697322300006, 1.4123952736094265], "Sigma": [[0.011674911644356958, -0.005079761451728905, -0.009952814346332868], [-0.005079761451728905, 0.00609243542886976, -0.006204116672438071], [-0.009952814346332866, -0.006204116672438071, 0.04950396375047656]], "chi2_level": 0.997, "chi2_df": 3, "chi2_threshold": 13.931422665512084, "N_raw": 48, "N_roi": 47, "N_inlier": 45, "refit": true}
{"timestamp": "17:06:27.889956", "frame": 71, "mu": [1.3010307941576749, 3.060354453713267, 1.4090104898813551], "Sigma": [[0.012936794056414931, -0.004015648698112563, -0.009381206047093058], [-0.004015648698112563, 0.003691048509565432, -0.0032696811173341268], [-0.009381206047093058, -0.0032696811173341268, 0.02765309703537081]], "chi2_level": 0.997, "chi2_df": 3, "chi2_threshold": 13.931422665512084, "N_raw": 48, "N_roi": 45, "N_inlier": 45, "refit": true}
{"timestamp": "17:06:27.943063", "frame": 72, "mu": [1.2721982668857357, 3.1314923083684167, 1.541132850811396], "Sigma": [[0.01175630825526542, -0.003205768573594821, -0.010257629396360941], [-0.003205768573594821, 0.003075606219749904, 0.0013445866710526306], [-0.010257629396360941, 0.001344586671052631, 0.03185950336601255]], "chi2_level": 0.997, "chi2_df": 3, "chi2_threshold": 13.931422665512084, "N_raw": 38, "N_roi": 38, "N_inlier": 34, "refit": true}
{"timestamp": "17:06:27.999522", "frame": 73, "mu": [1.391865417438734, 3.1571481725846056, 1.0755760129790815], "Sigma": [[0.008546116405602896, -0.004850905835079267, -0.01997069106529028], [-0.004850905835079267, 0.004770143840281932, 0.009222886456451874], [-0.01997069106529028, 0.009222886456451874, 0.14194000708251506]], "chi2_level": 0.997, "chi2_df": 3, "chi2_threshold": 13.931422665512084, "N_raw": 44, "N_roi": 44, "N_inlier": 41, "refit": true}
{"timestamp": "17:06:28.158609", "frame": 76, "mu": [1.3723426578821298, 3.197119541780352, 1.248403223266982], "Sigma": [[0.0028653990874662064, -0.01097759558375757, -0.02847661142040116], [-0.01097759558375757, 0.2679455054900771, 0.5503572643480578], [-0.02847661142040116, 0.5503572643480578, 1.219932711292551]], "chi2_level": 0.997, "chi2_df": 3, "chi2_threshold": 13.931422665512084, "N_raw": 12, "N_roi": 12, "N_inlier": 12, "refit": true}
{"timestamp": "17:06:28.217560", "frame": 77, "mu": [1.4371342199038413, 3.464784427980441, 1.4877662913284415], "Sigma": [[0.016631607787432043, -0.006345986325276524, -0.005666390120255891], [-0.006345986325276524, 0.004352650785712676, -0.001605834085404024], [-0.005666390120255891, -0.0016058340854040241, 0.013473437947325919]], "chi2_level": 0.997, "chi2_df": 3, "chi2_threshold": 13.931422665512084, "N_raw": 37, "N_roi": 37, "N_inlier": 36, "refit": true}
{"timestamp": "17:06:28.271433", "frame": 78, "mu": [1.467516891950411, 3.5100208292968573, 1.643525096855629], "Sigma": [[0.008772312816467702, -0.003978465481604923, -0.0038501611308549913], [-0.003978465481604923, 0.0037334846800365007, -0.0047209186448273505], [-0.0038501611308549913, -0.0047209186448273505, 0.03988679404574413]], "chi2_level": 0.997, "chi2_df": 3, "chi2_threshold": 13.931422665512084, "N_raw": 25, "N_roi": 24, "N_inlier": 22, "refit": true}
{"timestamp": "17:06:28.329949", "frame": 79, "mu": [1.503429760411544, 3.4930326285183817, 0.6069986278327644], "Sigma": [[0.020846753532693107, -0.0047360014983488545, -0.00766342794423578], [-0.0047360014983488545, 0.004274403276918284, 0.0023725965856583684], [-0.00766342794423578, 0.002372596585658368, 0.005143849671231529]], "chi2_level": 0.997, "chi2_df": 3, "chi2_threshold": 13.931422665512084, "N_raw": 41, "N_roi": 40, "N_inlier": 38, "refit": true}
{"timestamp": "17:06:28.383700", "frame": 80, "mu": [1.5851062770215625, 3.5556791671210455, 1.6719403783295228], "Sigma": [[0.013355210158396897, -0.006398567285925267, -0.004267989286753827], [-0.006398567285925267, 0.005933746623260426, -0.00082589918850833], [-0.004267989286753827, -0.00082589918850833, 0.0070636454218651204]], "chi2_level": 0.997, "chi2_df": 3, "chi2_threshold": 13.931422665512084, "N_raw": 34, "N_roi": 32, "N_inlier": 31, "refit": true}
{"timestamp": "17:06:28.437845", "frame": 81, "mu": [1.5980880794092585, 3.618779722953088, 1.514943519430092], "Sigma": [[0.014814785398209894, -0.006466748206085423, -0.008587622186551194], [-0.006466748206085423, 0.005152243207360235, -0.00470475233766238], [-0.008587622186551194, -0.004704752337662379, 0.04977031762351968]], "chi2_level": 0.997, "chi2_df": 3, "chi2_threshold": 13.931422665512084, "N_raw": 38, "N_roi": 38, "N_inlier": 36, "refit": true}
{"timestamp": "17:06:28.546766", "frame": 83, "mu": [1.7012303166876261, 3.7227488424252977, 1.273746696323579], "Sigma": [[0.012370076901260645, -0.006314715841178811, -0.008403966592665263], [-0.006314715841178811, 0.004472365027106399, 0.00030259200777580124], [-0.008403966592665263, 0.00030259200777580167, 0.06870536661659304]], "chi2_level": 0.997, "chi2_df": 3, "chi2_threshold": 13.931422665512084, "N_raw": 31, "N_roi": 29, "N_inlier": 29, "refit": true}
{"timestamp": "17:06:28.606779", "frame": 84, "mu": [1.7716096537134371, 3.6991394306489296, 1.3087375399552459], "Sigma": [[0.014751483360665694, -0.011848306469046556, 0.00216491775321503], [-0.011848306469046556, 0.013741276513612977, -0.003962802959593602], [0.00216491775321503, -0.003962802959593602, 0.0029370826193296394]], "chi2_level": 0.997, "chi2_df": 3, "chi2_threshold": 13.931422665512084, "N_raw": 28, "N_roi": 28, "N_inlier": 27, "refit": true}
{"timestamp": "17:06:28.657896", "frame": 85, "mu": [1.7526743205783382, 3.8302129346307714, 1.2835392190859212], "Sigma": [[0.019508816388908855, -0.010253187254865851, -0.005331515743488911], [-0.01025318725486585, 0.007524464349564963, -0.0011521128732325746], [-0.005331515743488911, -0.0011521128732325742, 0.01370764722732187]], "chi2_level": 0.997, "chi2_df": 3, "chi2_threshold": 13.931422665512084, "N_raw": 33, "N_roi": 32, "N_inlier": 31, "refit": true}
{"timestamp": "17:06:28.711692", "frame": 86, "mu": [1.8153461832463362, 3.7553757517023776, 0.9916680362236507], "Sigma": [[0.013856199082163198, -0.007016929168701535, 0.01954474972661557], [-0.007016929168701535, 0.005877648106382536, -0.015708849381307476], [0.01954474972661557, -0.015708849381307476, 0.049950510049106486]], "chi2_level": 0.997, "chi2_df": 3, "chi2_threshold": 13.931422665512084, "N_raw": 24, "N_roi": 24, "N_inlier": 24, "refit": true}
{"timestamp": "17:06:28.818368", "frame": 88, "mu": [1.852649057286026, 3.9440711519373037, 1.7826135519658906], "Sigma": [[0.004428533035942667, -0.0011365947257432158, -0.004900217161317359], [-0.0011365947257432158, 0.0037233022830012712, -0.0007648626215789729], [-0.00490021716131736, -0.0007648626215789729, 0.027485126370171312]], "chi2_level": 0.997, "chi2_df": 3, "chi2_threshold": 13.931422665512084, "N_raw": 10, "N_roi": 10, "N_inlier": 10, "refit": true}
{"timestamp": "17:06:28.874362", "frame": 89, "mu": [1.9057089295914091, 4.011875914027416, 1.7814986045453085], "Sigma": [[0.007983398818961793, -0.004443723773446323, 0.0009264904015181276], [-0.004443723773446323, 0.004734644337956535, -0.0020877518961769552], [0.0009264904015181277, -0.0020877518961769552, 0.002608826304651371]], "chi2_level": 0.997, "chi2_df": 3, "chi2_threshold": 13.931422665512084, "N_raw": 14, "N_roi": 14, "N_inlier": 14, "refit": true}
{"timestamp": "17:06:29.041181", "frame": 92, "mu": [2.086495871841877, 4.138450792705256, 1.5586619901548378], "Sigma": [[0.02672392903370504, -0.0031431901544893737, -0.010141977122769492], [-0.0031431901544893737, 0.006326152887156916, -0.000761767777335968], [-0.010141977122769494, -0.0007617677773359675, 0.01145389364135818]], "chi2_level": 0.997, "chi2_df": 3, "chi2_threshold": 13.931422665512084, "N_raw": 29, "N_roi": 25, "N_inlier": 25, "refit": true}
{"timestamp": "17:06:29.713682", "frame": 104, "mu": [2.3045139281858242, 4.513092288104029, 0.9301939535520307], "Sigma": [[0.01534381721532136, -0.005875136286680025, -0.004635918271451965], [-0.005875136286680025, 0.0061861837443463645, -0.001402348865928658], [-0.004635918271451966, -0.001402348865928658, 0.006099285839625533]], "chi2_level": 0.997, "chi2_df": 3, "chi2_threshold": 13.931422665512084, "N_raw": 30, "N_roi": 19, "N_inlier": 19, "refit": true}
{"timestamp": "17:06:29.832935", "frame": 105, "mu": [2.283058526335425, 4.548363342596768, 0.9467900719467155], "Sigma": [[0.016950439626467598, -0.0049553032853753036, -0.007341155463643369], [-0.004955303285375304, 0.008113984150286184, -0.004477648753711604], [-0.007341155463643369, -0.004477648753711603, 0.012673643388987155]], "chi2_level": 0.997, "chi2_df": 3, "chi2_threshold": 13.931422665512084, "N_raw": 35, "N_roi": 27, "N_inlier": 27, "refit": true}
