{"timestamp": "17:14:56.801166", "frame": 9, "mu": [0.0394802499783744, 0.14066932546812067, 0.8636199355774643], "Sigma": [[0.4205715515092107, 0.0216398558858361, 0.44683138107705467], [0.0216398558858361, 0.002209810133398554, 0.030268657003103244], [0.44683138107705467, 0.03026865700310325, 0.5872031535422725]], "chi2_level": 0.997, "chi2_df": 3, "chi2_threshold": 13.931422665512084, "N_raw": 10, "N_roi": 10, "N_inlier": 10, "refit": true}
{"timestamp": "17:14:56.912571", "frame": 11, "mu": [0.3348104531961115, 0.1398312333065464, 1.4041342846605251], "Sigma": [[0.27925827182348295, -0.01028933429581384, 0.12447278930599796], [-0.010289334295813843, 0.004090861733457389, -0.022613070451488797], [0.12447278930599796, -0.022613070451488797, 0.1695841979571287]], "chi2_level": 0.997, "chi2_df": 3, "chi2_threshold": 13.931422665512084, "N_raw": 15, "N_roi": 15, "N_inlier": 15, "refit": true}
{"timestamp": "17:14:57.020126", "frame": 13, "mu": [-0.5710944048595434, 0.26212143767988244, 0.8356052207943699], "Sigma": [[0.014770553818807507, -0.009120938806316429, 0.0648491459237418], [-0.009120938806316429, 0.010093279183719696, -0.06537017136317691], [0.0648491459237418, -0.06537017136317691, 0.4663960110788771]], "chi2_level": 0.997, "chi2_df": 3, "chi2_threshold": 13.931422665512084, "N_raw": 10, "N_roi": 10, "N_inlier": 10, "refit": true}
{"timestamp": "17:14:57.083363", "frame": 14, "mu": [-0.17724107665049202, 0.17053933612719155, 1.4953862368097617], "Sigma": [[0.3100848656953929, -0.00045822968683408645, 0.013907860279059948], [-0.00045822968683408537, 0.004146815741152062, -0.004355008714831642], [0.013907860279059946, -0.004355008714831643, 0.010782443305594656]], "chi2_level": 0.997, "chi2_df": 3, "chi2_threshold": 13.931422665512084, "N_raw": 62, "N_roi": 62, "N_inlier": 61, "refit": true}
{"timestamp": "17:14:57.145479", "frame": 15, "mu": [-0.46604714205083003, 0.2780551111543018, 0.30980340603218126], "Sigma": [[0.10209039308243203, -0.011046321082993823, -0.003391548432748224], [-0.011046321082993823, 0.004279353770713577, -0.015730729949289646], [-0.0033915484327482204, -0.015730729949289646, 0.7224700507188578]], "chi2_level": 0.997, "chi2_df": 3, "chi2_threshold": 13.931422665512084, "N_raw": 116, "N_roi": 116, "N_inlier": 114, "refit": true}
{"timestamp": "17:14:57.202221", "frame": 16, "mu": [-0.4078859545433766, 0.23327969898960504, 1.5056959825167564], "Sigma": [[0.16490463778391118, -0.006561205347005324, 0.014894765806878171], [-0.006561205347005324, 0.0028069314190483355, -0.006471747486742363], [0.01489476580687817, -0.006471747486742363, 0.019547017321988283]], "chi2_level": 0.997, "chi2_df": 3, "chi2_threshold": 13.931422665512084, "N_raw": 104, "N_roi": 104, "N_inlier": 102, "refit": true}
{"timestamp": "17:14:57.251358", "frame": 17, "mu": [-0.5609745692222761, 0.23357980504358491, 1.6469649256106877], "Sigma": [[0.1462500988024904, -0.008343538962787986, 0.00694606752675966], [-0.008343538962787984, 0.002905080165423082, -0.002149330112458035], [0.0069460675267596595, -0.002149330112458035, 0.0022483556428212776]], "chi2_level": 0.997, "chi2_df": 3, "chi2_threshold": 13.931422665512084, "N_raw": 67, "N_roi": 67, "N_inlier": 65, "refit": true}
{"timestamp": "17:14:57.306942", "frame": 18, "mu": [-0.6220418311342426, 0.2870515621808429, 1.5896672849997622], "Sigma": [[0.012060415450114043, 0.00501723690395639, -0.01030959200657971], [0.00501723690395639, 0.004795565919335567, -0.008323835631839655], [-0.01030959200657971, -0.008323835631839655, 0.01833192443869307]], "chi2_level": 0.997, "chi2_df": 3, "chi2_threshold": 13.931422665512084, "N_raw": 73, "N_roi": 73, "N_inlier": 70, "refit": true}
{"timestamp": "17:14:57.361913", "frame": 19, "mu": [-0.674904159627792, 0.3272855228551629, 1.6455649878475875], "Sigma": [[0.006658329286263231, 0.001624339110234337, -0.001390649956400948], [0.0016243391102343375, 0.0026877249376426144, -0.003348266762496358], [-0.001390649956400948, -0.0033482667624963585, 0.0066529939775176435]], "chi2_level": 0.997, "chi2_df": 3, "chi2_threshold": 13.931422665512084, "N_raw": 68, "N_roi": 68, "N_inlier": 64, "refit": true}
{"timestamp": "17:14:57.417931", "frame": 20, "mu": [-0.7161519760747398, 0.4412730983208541, -0.21141029658577284], "Sigma": [[0.008122837490426426, -8.660756166409915e-05, 0.0014051207798515036], [-8.66075616640992e-05, 0.003428008769407722, -0.0021524762154947934], [0.0014051207798515036, -0.0021524762154947934, 0.0038274452623928527]], "chi2_level": 0.997, "chi2_df": 3, "chi2_threshold": 13.931422665512084, "N_raw": 77, "N_roi": 77, "N_inlier": 73, "refit": true}
{"timestamp": "17:14:57.472031", "frame": 21, "mu": [-0.7570707903245398, 0.4181781212538199, 1.6908228376955785], "Sigma": [[0.007149303576900226, 0.0008856721662508625, 0.0005555859504904142], [0.0008856721662508625, 0.0025967159232023564, -0.002891240565828813], [0.000555585950490414, -0.002891240565828813, 0.004357427335335497]], "chi2_level": 0.997, "chi2_df": 3, "chi2_threshold": 13.931422665512084, "N_raw": 70, "N_roi": 70, "N_inlier": 68, "refit": true}
{"timestamp": "17:14:57.526875", "frame": 22, "mu": [-0.7187477121750969, 0.46670663195583545, 1.7000074857566827], "Sigma": [[0.012116825171088428, 0.002834914222746376, -0.011121733146194288], [0.002834914222746376, 0.00550037493564389, -0.006639064369020429], [-0.011121733146194288, -0.006639064369020429, 0.016837175823981098]], "chi2_level": 0.997, "chi2_df": 3, "chi2_threshold": 13.931422665512084, "N_raw": 69, "N_roi": 69, "N_inlier": 67, "refit": true}
{"timestamp": "17:14:57.579068", "frame": 23, "mu": [-0.7268787433480268, 0.49712053932751477, 1.6981639397352963], "Sigma": [[0.011923810251819635, 0.00517215220897521, -0.016378044663710737], [0.00517215220897521, 0.0051669158913121745, -0.011379124689914638], [-0.016378044663710737, -0.011379124689914637, 0.03410750238776206]], "chi2_level": 0.997, "chi2_df": 3, "chi2_threshold": 13.931422665512084, "N_raw": 52, "N_roi": 52, "N_inlier": 49, "refit": true}
{"timestamp": "17:14:57.635399", "frame": 24, "mu": [-0.7847253684104399, 0.5374858567146662, 1.7468279882227273], "Sigma": [[0.011143812389666623, 0.0022592543328582007, -0.008264035716996809], [0.0022592543328582015, 0.004530620605814376, -0.008065095461728029], [-0.008264035716996809, -0.008065095461728027, 0.01978191529826929]], "chi2_level": 0.997, "chi2_df": 3, "chi2_threshold": 13.931422665512084, "N_raw": 54, "N_roi": 52, "N_inlier": 50, "refit": true}
{"timestamp": "17:14:57.688969", "frame": 25, "mu": [-0.8034264178897732, 0.555395329328152, 1.6739622433002233], "Sigma": [[0.009693122967526167, 0.003765999405470605, -0.012263378290118813], [0.003765999405470605, 0.003909492456022839, -0.008589490092377798], [-0.012263378290118813, -0.008589490092377798, 0.027592669767808112]], "chi2_level": 0.997, "chi2_df": 3, "chi2_threshold": 13.931422665512084, "N_raw": 45, "N_roi": 45, "N_inlier": 42, "refit": true}
{"timestamp": "17:14:57.740951", "frame": 26, "mu": [-0.7447597923081767, 0.6370522417226332, 1.4987410266927956], "Sigma": [[0.013756493077259511, 0.013981630273789892, -0.03639587932091859], [0.013981630273789892, 0.028168100475493993, -0.08501969961434998], [-0.03639587932091859, -0.08501969961434998, 0.2785795829083953]], "chi2_level": 0.997, "chi2_df": 3, "chi2_threshold": 13.931422665512084, "N_raw": 30, "N_roi": 30, "N_inlier": 30, "refit": true}
{"timestamp": "17:14:57.799517", "frame": 27, "mu": [-0.6751518947705535, 0.7087395337421619, 1.527907403810566], "Sigma": [[0.024585068451807933, 0.010232378933975692, -0.03381238328752853], [0.010232378933975696, 0.011253277121801193, -0.03243538158809174], [-0.03381238328752853, -0.03243538158809174, 0.10981164558137368]], "chi2_level": 0.997, "chi2_df": 3, "chi2_threshold": 13.931422665512084, "N_raw": 52, "N_roi": 51, "N_inlier": 48, "refit": true}
{"timestamp": "17:14:57.856695", "frame": 28, "mu": [-0.7067033055224922, 0.7355693702715002, 1.5961752173882378], "Sigma": [[0.02587360351272302, 0.015613836781440918, -0.044322717519901494], [0.01561383678144092, 0.01235924385363266, -0.030313526516352784], [-0.044322717519901494, -0.030313526516352784, 0.08728178901406242]], "chi2_level": 0.997, "chi2_df": 3, "chi2_threshold": 13.931422665512084, "N_raw": 71, "N_roi": 71, "N_inlier": 67, "refit": true}
{"timestamp": "17:14:57.916947", "frame": 29, "mu": [-0.685125656002857, 0.8784466281674824, 1.2479008102623612], "Sigma": [[0.025505054760142813, 0.011861026014105137, -0.03647696861495952], [0.011861026014105137, 0.0310354414528946, -0.08777768807944276], [-0.03647696861495951, -0.08777768807944275, 0.3933177574629573]], "chi2_level": 0.997, "chi2_df": 3, "chi2_threshold": 13.931422665512084, "N_raw": 105, "N_roi": 104, "N_inlier": 104, "refit": true}
{"timestamp": "17:14:57.974971", "frame": 30, "mu": [-0.6349924602938195, 0.8768179979721894, 1.4587863110309276], "Sigma": [[0.032520003404646815, 0.012693466353245808, -0.03922137479098328], [0.012693466353245808, 0.011526632563976059, -0.023260849203756512], [-0.03922137479098328, -0.023260849203756512, 0.09111871908451805]], "chi2_level": 0.997, "chi2_df": 3, "chi2_threshold": 13.931422665512084, "N_raw": 122, "N_roi": 122, "N_inlier": 120, "refit": true}
{"timestamp": "17:14:58.025449", "frame": 31, "mu": [-0.6264581319314484, 0.9114621256562315, 1.466830339038355], "Sigma": [[0.02962792598768129, 0.015710255643978654, -0.03246600362629017], [0.015710255643978654, 0.01346671686760263, -0.020057760971723133], [-0.03246600362629018, -0.020057760971723137, 0.10069089627831065]], "chi2_level": 0.997, "chi2_df": 3, "chi2_threshold": 13.931422665512084, "N_raw": 90, "N_roi": 90, "N_inlier": 87, "refit": true}
{"timestamp": "17:14:58.075014", "frame": 32, "mu": [-0.6812688572817783, 0.9997334162483082, 1.3729211666044205], "Sigma": [[0.021047716040672786, 0.00441420337362119, 0.008003017127779823], [0.00441420337362119, 0.014333328314922079, -0.063463413126366], [0.008003017127779823, -0.063463413126366, 0.36860010821598305]], "chi2_level": 0.997, "chi2_df": 3, "chi2_threshold": 13.931422665512084, "N_raw": 51, "N_roi": 51, "N_inlier": 51, "refit": true}
{"timestamp": "17:14:58.142279", "frame": 33, "mu": [-0.6182883888483429, 1.107405996365347, 0.19524351362461087], "Sigma": [[0.011468929044518657, -0.002496149229732943, 0.0365383732646999], [-0.002496149229732943, 0.0036368573242948053, 0.004312564045441086], [0.0365383732646999, 0.004312564045441087, 0.6451262932818452]], "chi2_level": 0.997, "chi2_df": 3, "chi2_threshold": 13.931422665512084, "N_raw": 135, "N_roi": 135, "N_inlier": 131, "refit": true}
{"timestamp": "17:14:58.194958", "frame": 34, "mu": [-0.5931243129965607, 1.1246357659236224, 1.3292726226143132], "Sigma": [[0.007089127205440378, -0.0037508503538460185, 0.00034987254585762076], [-0.0037508503538460185, 0.00645005115990758, -0.002083680427749769], [0.0003498725458576214, -0.0020836804277497697, 0.13231844927590822]], "chi2_level": 0.997, "chi2_df": 3, "chi2_threshold": 13.931422665512084, "N_raw": 117, "N_roi": 117, "N_inlier": 116, "refit": true}
{"timestamp": "17:14:58.254972", "frame": 35, "mu": [-0.6572837035453146, 1.2369107413823508, 0.35025110288174127], "Sigma": [[0.011196647906894995, -0.006589194242414143, 0.028256403864267664], [-0.006589194242414143, 0.010358933091192886, -0.01841158463750727], [0.028256403864267664, -0.01841158463750727, 0.3877422703689927]], "chi2_level": 0.997, "chi2_df": 3, "chi2_threshold": 13.931422665512084, "N_raw": 150, "N_roi": 150, "N_inlier": 145, "refit": true}
{"timestamp": "17:14:58.301942", "frame": 36, "mu": [-0.5371739209337635, 1.2011278049596685, 1.5445381096702997], "Sigma": [[0.006466315112718162, 0.0015013143787354277, -0.00874283746185684], [0.0015013143787354277, 0.0036820435208073394, -0.007395414327891485], [-0.00874283746185684, -0.007395414327891486, 0.02243065461000191]], "chi2_level": 0.997, "chi2_df": 3, "chi2_threshold": 13.931422665512084, "N_raw": 94, "N_roi": 94, "N_inlier": 90, "refit": true}
{"timestamp": "17:14:58.357768", "frame": 37, "mu": [-0.526289843738257, 1.268603066507165, 1.399288513314837], "Sigma": [[0.00472093059929108, 0.0006797089645426964, -0.007675013482330054], [0.0006797089645426964, 0.003067274208630583, -0.005033521427171392], [-0.007675013482330055, -0.005033521427171391, 0.06607626749279547]], "chi2_level": 0.997, "chi2_df": 3, "chi2_threshold": 13.931422665512084, "N_raw": 106, "N_roi": 105, "N_inlier": 101, "refit": true}
{"timestamp": "17:14:58.415209", "frame": 38, "mu": [-0.5800266837208201, 1.311995827467298, 1.4534321332610785], "Sigma": [[0.0067309221818176584, 0.0006261514094890255, -0.010195119611138703], [0.0006261514094890253, 0.0052848197413861145, -0.009286676356213015], [-0.010195119611138703, -0.009286676356213013, 0.04662241973961662]], "chi2_level": 0.997, "chi2_df": 3, "chi2_threshold": 13.931422665512084, "N_raw": 120, "N_roi": 120, "N_inlier": 118, "refit": true}
{"timestamp": "17:14:58.460584", "frame": 39, "mu": [-0.500153341137937, 1.347129516031142, 1.0417727681842963], "Sigma": [[0.007393498780564975, 0.001648093695415452, -0.003669963877478114], [0.001648093695415452, 0.0021532466883161664, -0.0013549965832855449], [-0.003669963877478114, -0.0013549965832855447, 0.04204579099821744]], "chi2_level": 0.997, "chi2_df": 3, "chi2_threshold": 13.931422665512084, "N_raw": 53, "N_roi": 53, "N_inlier": 50, "refit": true}
{"timestamp": "17:14:58.513207", "frame": 40, "mu": [-0.5704188694267674, 1.4006961366569275, 1.0949739768562312], "Sigma": [[0.004674701131250816, -0.0002588359491775596, -0.004190724995478312], [-0.00025883594917755953, 0.0033173811655849133, -0.003989291674638626], [-0.004190724995478311, -0.003989291674638627, 0.047938098300634946]], "chi2_level": 0.997, "chi2_df": 3, "chi2_threshold": 13.931422665512084, "N_raw": 43, "N_roi": 43, "N_inlier": 41, "refit": true}
{"timestamp": "17:14:58.573210", "frame": 41, "mu": [-0.5283821179670636, 1.4389845853323304, 1.175043916446433], "Sigma": [[0.007218707092297875, -0.0010605497124232552, 0.00878352912203974], [-0.0010605497124232552, 0.0030905707466637473, -0.0009791092435126776], [0.00878352912203974, -0.0009791092435126772, 0.10980088244035369]], "chi2_level": 0.997, "chi2_df": 3, "chi2_threshold": 13.931422665512084, "N_raw": 81, "N_roi": 81, "N_inlier": 79, "refit": true}
{"timestamp": "17:14:58.638967", "frame": 42, "mu": [-0.6224971669665795, 1.7330493187630984, -0.46870670476294884], "Sigma": [[0.009922636853039261, -0.0035878195491612, 0.011233033586193984], [-0.003587819549161201, 0.06518604322366492, -0.12703338520877855], [0.011233033586193984, -0.12703338520877855, 0.282553921683728]], "chi2_level": 0.997, "chi2_df": 3, "chi2_threshold": 13.931422665512084, "N_raw": 140, "N_roi": 140, "N_inlier": 139, "refit": true}
{"timestamp": "17:14:58.688750", "frame": 43, "mu": [-0.6512594449613095, 1.7710327634911243, -0.47498377734688885], "Sigma": [[0.0068786163572991214, 0.007548560456369357, -0.02430448501207432], [0.0075485604563693565, 0.05734687626754959, -0.13276022742876314], [-0.02430448501207432, -0.13276022742876314, 0.3601847371356752]], "chi2_level": 0.997, "chi2_df": 3, "chi2_threshold": 13.931422665512084, "N_raw": 113, "N_roi": 113, "N_inlier": 113, "refit": true}
{"timestamp": "17:14:58.742252", "frame": 44, "mu": [-0.5970554259229206, 1.7406907242985339, -0.36599774073776964], "Sigma": [[0.007956272470358367, -0.0011359335582502576, 0.004495127802589328], [-0.0011359335582502574, 0.02471495330263785, -0.056062620619918804], [0.004495127802589328, -0.056062620619918804, 0.14805328152955277]], "chi2_level": 0.997, "chi2_df": 3, "chi2_threshold": 13.931422665512084, "N_raw": 100, "N_roi": 100, "N_inlier": 98, "refit": true}
{"timestamp": "17:14:58.790808", "frame": 45, "mu": [-0.6378977596034598, 1.6817546627641287, 1.134730058334208], "Sigma": [[0.005423458071157427, -0.001831460131285486, 0.00923204192757619], [-0.0018314601312854864, 0.008805465381986954, -0.03956829408206813], [0.00923204192757619, -0.03956829408206813, 0.2892228889390114]], "chi2_level": 0.997, "chi2_df": 3, "chi2_threshold": 13.931422665512084, "N_raw": 54, "N_roi": 54, "N_inlier": 53, "refit": true}
{"timestamp": "17:14:58.854069", "frame": 46, "mu": [-0.7073109640630082, 1.6806346896248023, 1.2988369205422763], "Sigma": [[0.005439612463945333, 0.0018291706946076875, -0.013583415219339045], [0.0018291706946076875, 0.0082528772493315, -0.03252564292284683], [-0.013583415219339045, -0.032525642922846834, 0.29321793217847797]], "chi2_level": 0.997, "chi2_df": 3, "chi2_threshold": 13.931422665512084, "N_raw": 107, "N_roi": 107, "N_inlier": 106, "refit": true}
{"timestamp": "17:14:58.903784", "frame": 47, "mu": [-0.595828957238629, 1.6811510886037149, 1.437774347618154], "Sigma": [[0.009357481609687244, -0.0017843251589324887, -0.007847367593498189], [-0.0017843251589324885, 0.005033585244303373, -0.005461278723460493], [-0.007847367593498189, -0.005461278723460493, 0.04637546601754888]], "chi2_level": 0.997, "chi2_df": 3, "chi2_threshold": 13.931422665512084, "N_raw": 78, "N_roi": 78, "N_inlier": 74, "refit": true}
{"timestamp": "17:14:58.960722", "frame": 48, "mu": [-0.6121107316895437, 1.7334189252092616, 1.2826528791031906], "Sigma": [[0.01354877080850783, -0.001982395301995502, 0.004438585495502213], [-0.001982395301995502, 0.0016186397947522805, -0.0015157520396335015], [0.004438585495502213, -0.0015157520396335013, 0.05594058390907711]], "chi2_level": 0.997, "chi2_df": 3, "chi2_threshold": 13.931422665512084, "N_raw": 87, "N_roi": 87, "N_inlier": 83, "refit": true}
{"timestamp": "17:14:59.016242", "frame": 49, "mu": [-0.7292134522364178, 1.7799134844562052, -0.639330325809987], "Sigma": [[0.007382973433488119, 0.00047048695822666083, -0.0032389336417562686], [0.0004704869582266607, 0.005617604137822048, 0.002163350611767188], [-0.0032389336417562677, 0.0021633506117671895, 0.31910711418054966]], "chi2_level": 0.997, "chi2_df": 3, "chi2_threshold": 13.931422665512084, "N_raw": 98, "N_roi": 98, "N_inlier": 95, "refit": true}
{"timestamp": "17:14:59.075497", "frame": 50, "mu": [-0.6779948792395163, 1.8566191198679955, 1.0772367765751656], "Sigma": [[0.011445851413861735, -0.0013749681811937868, 0.02143934465526163], [-0.0013749681811937866, 0.004182098581834407, -0.020866748789326848], [0.02143934465526163, -0.020866748789326848, 0.40082926259483265]], "chi2_level": 0.997, "chi2_df": 3, "chi2_threshold": 13.931422665512084, "N_raw": 127, "N_roi": 127, "N_inlier": 125, "refit": true}
{"timestamp": "17:14:59.127965", "frame": 51, "mu": [-0.6831672403282466, 1.8932169863067836, 1.1321708651588462], "Sigma": [[0.015989444164861633, -0.0034473634033902736, 0.0359457283872783], [-0.0034473634033902727, 0.006105010711204644, -0.012585927644824815], [0.0359457283872783, -0.012585927644824815, 0.3085545005524302]], "chi2_level": 0.997, "chi2_df": 3, "chi2_threshold": 13.931422665512084, "N_raw": 100, "N_roi": 100, "N_inlier": 99, "refit": true}
{"timestamp": "17:14:59.179990", "frame": 52, "mu": [-0.6534747868575885, 2.049861133917352, -0.20852552638580663], "Sigma": [[0.009686396992172289, 0.0064217438039768995, -0.0003011806942830454], [0.0064217438039768995, 0.016068834765722108, -0.019654771433268714], [-0.0003011806942830452, -0.019654771433268714, 0.09291565700492152]], "chi2_level": 0.997, "chi2_df": 3, "chi2_threshold": 13.931422665512084, "N_raw": 80, "N_roi": 80, "N_inlier": 78, "refit": true}
{"timestamp": "17:14:59.236296", "frame": 53, "mu": [-0.5978324229640996, 1.9966044030154926, 1.3738177463695052], "Sigma": [[0.00909696969897024, -2.8557924930613055e-05, -0.0018487188505018203], [-2.855792493061306e-05, 0.005949246376417556, -0.0007597627636363742], [-0.0018487188505018205, -0.0007597627636363738, 0.05474963080533176]], "chi2_level": 0.997, "chi2_df": 3, "chi2_threshold": 13.931422665512084, "N_raw": 91, "N_roi": 91, "N_inlier": 87, "refit": true}
{"timestamp": "17:14:59.290679", "frame": 54, "mu": [-0.6636143366576033, 1.8349262188133848, 1.1966239559483753], "Sigma": [[0.02786393623767494, 0.07200225748350898, 0.10865426982893131], [0.07200225748350898, 0.2672606322863219, 0.39719156337559686], [0.10865426982893131, 0.39719156337559686, 0.6307528336539497]], "chi2_level": 0.997, "chi2_df": 3, "chi2_threshold": 13.931422665512084, "N_raw": 97, "N_roi": 97, "N_inlier": 94, "refit": true}
{"timestamp": "17:14:59.348092", "frame": 55, "mu": [-0.7274594937073685, 1.8904286773183996, -0.9854810469913111], "Sigma": [[0.04275652330863519, 0.08887972698226054, 0.18234983920859346], [0.08887972698226054, 0.3411679540342254, 0.46179612983409013], [0.18234983920859346, 0.46179612983409013, 1.0759063351219467]], "chi2_level": 0.997, "chi2_df": 3, "chi2_threshold": 13.931422665512084, "N_raw": 107, "N_roi": 107, "N_inlier": 107, "refit": true}
{"timestamp": "17:14:59.398134", "frame": 56, "mu": [-0.7266754888577338, 1.9312402818372647, 0.8798308941768307], "Sigma": [[0.020358967916071828, 0.051730184487634945, 0.09521414088872993], [0.051730184487634945, 0.22740399011131665, 0.3051414028970534], [0.09521414088872993, 0.3051414028970534, 1.077954751628859]], "chi2_level": 0.997, "chi2_df": 3, "chi2_threshold": 13.931422665512084, "N_raw": 74, "N_roi": 74, "N_inlier": 74, "refit": true}
{"timestamp": "17:14:59.447964", "frame": 57, "mu": [-0.6380765421548821, 2.169573287277102, 1.3458308760460578], "Sigma": [[0.005705018210854768, -0.001303414379651687, 0.016855040709431154], [-0.0013034143796516867, 0.003863372868182907, -0.010370835858656521], [0.016855040709431154, -0.010370835858656521, 0.19643908880578956]], "chi2_level": 0.997, "chi2_df": 3, "chi2_threshold": 13.931422665512084, "N_raw": 42, "N_roi": 42, "N_inlier": 40, "refit": true}
{"timestamp": "17:14:59.508949", "frame": 58, "mu": [-0.6320454173344074, 2.219263491626418, 1.4084782699016969], "Sigma": [[0.012301450878946631, -0.003070903019158309, 0.021145800680890628], [-0.0030709030191583084, 0.009263819463715984, -0.021361651949108842], [0.021145800680890628, -0.021361651949108842, 0.12725830037554126]], "chi2_level": 0.997, "chi2_df": 3, "chi2_threshold": 13.931422665512084, "N_raw": 80, "N_roi": 80, "N_inlier": 78, "refit": true}
{"timestamp": "17:14:59.564079", "frame": 59, "mu": [-0.6045220540433699, 2.2298935051622526, 1.093108608358118], "Sigma": [[0.008586550632520581, -0.0014965367944528782, 0.004413762123318023], [-0.0014965367944528782, 0.009606406959677662, 0.031073300403639044], [0.004413762123318022, 0.031073300403639047, 0.3810473853783168]], "chi2_level": 0.997, "chi2_df": 3, "chi2_threshold": 13.931422665512084, "N_raw": 83, "N_roi": 83, "N_inlier": 82, "refit": true}
{"timestamp": "17:14:59.617721", "frame": 60, "mu": [-0.6115315922097841, 2.4050984856098903, 0.07028931694766953], "Sigma": [[0.010140661464161671, -0.004894721371184953, 0.026568429950213215], [-0.004894721371184953, 0.01670040356052501, -0.04716549884731252], [0.026568429950213215, -0.04716549884731252, 0.28881422977101673]], "chi2_level": 0.997, "chi2_df": 3, "chi2_threshold": 13.931422665512084, "N_raw": 78, "N_roi": 78, "N_inlier": 76, "refit": true}
{"timestamp": "17:14:59.671106", "frame": 61, "mu": [-0.6231228345865955, 2.6003082382626013, -0.48193854604066894], "Sigma": [[0.012260971766293484, -0.0027649115195517195, 0.008334120977402236], [-0.0027649115195517195, 0.010756727261968819, -0.02905899933344171], [0.008334120977402236, -0.02905899933344171, 0.10183904593064567]], "chi2_level": 0.997, "chi2_df": 3, "chi2_threshold": 13.931422665512084, "N_raw": 60, "N_roi": 60, "N_inlier": 58, "refit": true}
{"timestamp": "17:14:59.732606", "frame": 62, "mu": [-0.6885185325761759, 2.3601510303093587, 1.1139471122698272], "Sigma": [[0.010389272328085201, -0.0015753109696665945, -0.012222613767285388], [-0.0015753109696665948, 0.0036153249299346836, 0.008931985762345447], [-0.012222613767285385, 0.008931985762345447, 0.29445651144031204]], "chi2_level": 0.997, "chi2_df": 3, "chi2_threshold": 13.931422665512084, "N_raw": 112, "N_roi": 112, "N_inlier": 111, "refit": true}
{"timestamp": "17:14:59.783472", "frame": 63, "mu": [-0.7617853089015301, 2.429885117311273, 1.5654990506551008], "Sigma": [[0.010944722641354978, 0.0017195272006137658, -0.006901186449976638], [0.0017195272006137658, 0.006644661399841535, -0.01834781051356167], [-0.006901186449976638, -0.01834781051356167, 0.10507088557511318]], "chi2_level": 0.997, "chi2_df": 3, "chi2_threshold": 13.931422665512084, "N_raw": 74, "N_roi": 64, "N_inlier": 62, "refit": true}
{"timestamp": "17:14:59.838775", "frame": 64, "mu": [-0.7209263497359627, 2.5036082246374955, 1.2171846639723767], "Sigma": [[0.009619040604058481, 0.0007642935474127428, -0.008022413201163325], [0.000764293547412743, 0.004255266582593979, -0.024230558657079845], [-0.008022413201163325, -0.024230558657079845, 0.28762194062916496]], "chi2_level": 0.997, "chi2_df": 3, "chi2_threshold": 13.931422665512084, "N_raw": 85, "N_roi": 85, "N_inlier": 83, "refit": true}
{"timestamp": "17:14:59.893401", "frame": 65, "mu": [-0.7470265916462671, 2.5318607670670144, 1.4102198365688], "Sigma": [[0.01108317302102147, 0.0020545634318888963, -0.013094127114704316], [0.002054563431888896, 0.00355869704862412, -0.016827833546688258], [-0.013094127114704314, -0.016827833546688258, 0.09372594396778897]], "chi2_level": 0.997, "chi2_df": 3, "chi2_threshold": 13.931422665512084, "N_raw": 78, "N_roi": 78, "N_inlier": 74, "refit": true}
{"timestamp": "17:14:59.950980", "frame": 66, "mu": [-0.7198666287986389, 2.62382765448429, 0.8882924413450182], "Sigma": [[0.01433635319807153, 0.0028570212223388257, -0.034017271061317064], [0.002857021222338825, 0.01124328242519831, -0.042139388532753674], [-0.034017271061317064, -0.042139388532753674, 0.4989152394818593]], "chi2_level": 0.997, "chi2_df": 3, "chi2_threshold": 13.931422665512084, "N_raw": 97, "N_roi": 97, "N_inlier": 96, "refit": true}
{"timestamp": "17:15:00.007572", "frame": 67, "mu": [-0.756657009527592, 2.8414816759348462, -0.35375633821073366], "Sigma": [[0.011617022728983436, -0.008077975304685223, 0.027019962635467108], [-0.008077975304685223, 0.04372849998735929, -0.10717841246411122], [0.027019962635467108, -0.10717841246411122, 0.3587567326937056]], "chi2_level": 0.997, "chi2_df": 3, "chi2_threshold": 13.931422665512084, "N_raw": 105, "N_roi": 105, "N_inlier": 102, "refit": true}
{"timestamp": "17:15:00.054394", "frame": 68, "mu": [-0.6682443837704, 2.6644567285445078, 1.2583643293695546], "Sigma": [[0.007012036952068845, -0.0023433512131431885, 0.006689281696334103], [-0.0023433512131431885, 0.006206830101867961, -0.019580808061116506], [0.006689281696334103, -0.019580808061116506, 0.18718551324003738]], "chi2_level": 0.997, "chi2_df": 3, "chi2_threshold": 13.931422665512084, "N_raw": 47, "N_roi": 47, "N_inlier": 44, "refit": true}
{"timestamp": "17:15:00.119463", "frame": 69, "mu": [-0.7540574001468275, 2.7918470911567197, 0.08109198686669614], "Sigma": [[0.011693494249825973, -0.006347652589003503, 0.06797411292192984], [-0.006347652589003503, 0.034435370830685, -0.06225530584290261], [0.06797411292192984, -0.062255305842902606, 0.6159163449631092]], "chi2_level": 0.997, "chi2_df": 3, "chi2_threshold": 13.931422665512084, "N_raw": 128, "N_roi": 128, "N_inlier": 127, "refit": true}
{"timestamp": "17:15:00.167673", "frame": 70, "mu": [-0.7419810522698332, 2.7121390810865664, 1.5369767119892241], "Sigma": [[0.011225486018237736, 0.00026100556300147636, -0.0042480877070806165], [0.0002610055630014764, 0.006463568709697438, -0.012723992653226907], [-0.0042480877070806165, -0.012723992653226907, 0.06672492083765366]], "chi2_level": 0.997, "chi2_df": 3, "chi2_threshold": 13.931422665512084, "N_raw": 72, "N_roi": 72, "N_inlier": 69, "refit": true}
{"timestamp": "17:15:00.220763", "frame": 71, "mu": [-0.7240269493035608, 2.726329470697113, 1.2532598967345687], "Sigma": [[0.01506742610789848, 0.0010570033655087827, 0.028920251338881504], [0.0010570033655087827, 0.0029557791780653116, -0.0016665853418525343], [0.028920251338881504, -0.001666585341852534, 0.19040519645209877]], "chi2_level": 0.997, "chi2_df": 3, "chi2_threshold": 13.931422665512084, "N_raw": 61, "N_roi": 61, "N_inlier": 61, "refit": true}
{"timestamp": "17:15:00.269993", "frame": 72, "mu": [-0.8060313983428502, 2.8226735944194723, 0.8232525653138213], "Sigma": [[0.008205514037671474, 0.0012696444507514194, 0.025068606219317568], [0.0012696444507514192, 0.00458590795675669, -0.011529633364994973], [0.025068606219317568, -0.011529633364994976, 0.19256455551072924]], "chi2_level": 0.997, "chi2_df": 3, "chi2_threshold": 13.931422665512084, "N_raw": 22, "N_roi": 22, "N_inlier": 22, "refit": true}
{"timestamp": "17:15:00.333798", "frame": 73, "mu": [-0.8679982984599601, 2.970245914009899, 0.04284867108865144], "Sigma": [[0.01511059760724618, 0.0010050414944894003, 0.0016369729831474072], [0.0010050414944894003, 0.014376780632261079, -0.02844529726018454], [0.0016369729831474079, -0.028445297260184535, 0.06145489097942302]], "chi2_level": 0.997, "chi2_df": 3, "chi2_threshold": 13.931422665512084, "N_raw": 74, "N_roi": 74, "N_inlier": 72, "refit": true}
{"timestamp": "17:15:00.389667", "frame": 74, "mu": [-0.8085638089299828, 2.9249802581808573, 1.3110842163505985], "Sigma": [[0.011657663533107402, 0.000733016953281521, 0.005689129161453026], [0.0007330169532815206, 0.003977348531501509, -0.0018388587478263391], [0.005689129161453026, -0.0018388587478263396, 0.10246517916301257]], "chi2_level": 0.997, "chi2_df": 3, "chi2_threshold": 13.931422665512084, "N_raw": 73, "N_roi": 73, "N_inlier": 71, "refit": true}
{"timestamp": "17:15:00.445128", "frame": 75, "mu": [-0.7920351977732316, 2.9891043124887564, -0.021661722931733664], "Sigma": [[0.01295981885422934, 0.0017506687184484933, 0.06779007710140222], [0.0017506687184484933, 0.010146740965364108, 0.009369424273159337], [0.06779007710140222, 0.009369424273159335, 0.4909266381543419]], "chi2_level": 0.997, "chi2_df": 3, "chi2_threshold": 13.931422665512084, "N_raw": 88, "N_roi": 88, "N_inlier": 87, "refit": true}
{"timestamp": "17:15:00.495262", "frame": 76, "mu": [-0.8091447535478633, 3.2498590325995425, -0.3857296640439172], "Sigma": [[0.011539336274589107, -0.001340942394028481, 0.009878621694487064], [-0.0013409423940284823, 0.03392245372130203, -0.10900142305807894], [0.009878621694487066, -0.10900142305807894, 0.3892600225685107]], "chi2_level": 0.997, "chi2_df": 3, "chi2_threshold": 13.931422665512084, "N_raw": 59, "N_roi": 59, "N_inlier": 58, "refit": true}
{"timestamp": "17:15:00.559034", "frame": 77, "mu": [-0.768331536576522, 2.932064715907222, 0.7245549309520005], "Sigma": [[0.0192355633567227, 0.03234770941160913, 0.03631007932059706], [0.03234770941160914, 0.2849526723833359, 0.35889973173409595], [0.03631007932059706, 0.358899731734096, 0.9125090983375382]], "chi2_level": 0.997, "chi2_df": 3, "chi2_threshold": 13.931422665512084, "N_raw": 115, "N_roi": 115, "N_inlier": 115, "refit": true}
{"timestamp": "17:15:00.612386", "frame": 78, "mu": [-0.7988543102559086, 2.87586667179726, -0.7920425648848004], "Sigma": [[0.023053571535375753, 0.028387775903145535, 0.15119380203895363], [0.028387775903145535, 0.5719853975447662, 0.6445746204827659], [0.1511938020389536, 0.6445746204827659, 1.754659406443904]], "chi2_level": 0.997, "chi2_df": 3, "chi2_threshold": 13.931422665512084, "N_raw": 105, "N_roi": 105, "N_inlier": 105, "refit": true}
{"timestamp": "17:15:00.666391", "frame": 79, "mu": [-0.7939110853440909, 3.1880671261068496, 1.2243096886878873], "Sigma": [[0.020108302604551008, -0.0053543977340711705, 0.0131786542595299], [-0.0053543977340711705, 0.011243394146667878, -0.034733127310725226], [0.0131786542595299, -0.034733127310725226, 0.13068194030898822]], "chi2_level": 0.997, "chi2_df": 3, "chi2_threshold": 13.931422665512084, "N_raw": 96, "N_roi": 96, "N_inlier": 95, "refit": true}
{"timestamp": "17:15:00.722108", "frame": 80, "mu": [-0.803516683722414, 3.232035469022129, 1.3008841997352498], "Sigma": [[0.027820713814035912, -0.010100825739868547, 0.03268606490730863], [-0.010100825739868547, 0.014132382105423991, -0.04151827670554062], [0.03268606490730863, -0.04151827670554062, 0.1810478286089583]], "chi2_level": 0.997, "chi2_df": 3, "chi2_threshold": 13.931422665512084, "N_raw": 106, "N_roi": 106, "N_inlier": 105, "refit": true}
{"timestamp": "17:15:00.775215", "frame": 81, "mu": [-0.7445143378976885, 3.2171231859039535, -0.2968515509610706], "Sigma": [[0.016176525697044957, 0.0007785959834852814, 0.04371424301395085], [0.0007785959834852815, 0.005228866253595831, -0.005005661102443514], [0.04371424301395085, -0.005005661102443515, 0.5876095780740158]], "chi2_level": 0.997, "chi2_df": 3, "chi2_threshold": 13.931422665512084, "N_raw": 88, "N_roi": 88, "N_inlier": 88, "refit": true}
{"timestamp": "17:15:00.822534", "frame": 82, "mu": [-0.6890439626877554, 3.261004302677517, 0.31073277033033814], "Sigma": [[0.010734817383885245, -0.0013343260111279079, 0.0026996589585128535], [-0.0013343260111279075, 0.01684925187686425, -0.03118212025278884], [0.0026996589585128535, -0.031182120252788843, 0.07500906135630893]], "chi2_level": 0.997, "chi2_df": 3, "chi2_threshold": 13.931422665512084, "N_raw": 32, "N_roi": 31, "N_inlier": 29, "refit": true}
{"timestamp": "17:15:00.877445", "frame": 83, "mu": [-0.8138129242057908, 3.2853229708885845, 0.20097018912420178], "Sigma": [[0.016338410270873703, 0.0029542318419778406, 0.03836186688151961], [0.0029542318419778406, 0.004544757679134682, 0.006188249872604421], [0.03836186688151961, 0.006188249872604421, 0.1507373730001665]], "chi2_level": 0.997, "chi2_df": 3, "chi2_threshold": 13.931422665512084, "N_raw": 46, "N_roi": 46, "N_inlier": 44, "refit": true}
{"timestamp": "17:15:00.936656", "frame": 84, "mu": [-0.7846282866526639, 3.3728878415945194, 1.4487702703268277], "Sigma": [[0.014153906307194963, 0.00015942104086753823, 0.0007622613458083203], [0.00015942104086753844, 0.007075419322380148, -0.027483372204519168], [0.0007622613458083212, -0.027483372204519168, 0.17251320978410997]], "chi2_level": 0.997, "chi2_df": 3, "chi2_threshold": 13.931422665512084, "N_raw": 64, "N_roi": 64, "N_inlier": 62, "refit": true}
{"timestamp": "17:15:00.984776", "frame": 85, "mu": [-0.824858304497052, 3.1196959691221817, 1.2474456093392465], "Sigma": [[0.009113743730266804, 0.05042487794219537, 0.07076262043421776], [0.05042487794219536, 0.6120106102335514, 0.8736746126038283], [0.07076262043421776, 0.8736746126038283, 1.2978920111727923]], "chi2_level": 0.997, "chi2_df": 3, "chi2_threshold": 13.931422665512084, "N_raw": 23, "N_roi": 23, "N_inlier": 23, "refit": true}
{"timestamp": "17:15:01.052224", "frame": 86, "mu": [-0.8958516147967532, 2.985054776485738, -0.16546836767876116], "Sigma": [[0.021547255140874653, 0.041111533898978134, 0.15857310091249566], [0.04111153389897813, 0.6349871188407161, 1.2398580019280794], [0.15857310091249566, 1.239858001928079, 3.294200839734092]], "chi2_level": 0.997, "chi2_df": 3, "chi2_threshold": 13.931422665512084, "N_raw": 110, "N_roi": 110, "N_inlier": 110, "refit": true}
{"timestamp": "17:15:01.102281", "frame": 87, "mu": [-0.8598455075875051, 3.4739933742709703, 1.650526297172901], "Sigma": [[0.01862614895896622, 0.0021138788023995735, -0.013139518164529379], [0.002113878802399573, 0.0061846638856779745, -0.011699948747419803], [-0.013139518164529379, -0.011699948747419805, 0.02902830153833646]], "chi2_level": 0.997, "chi2_df": 3, "chi2_threshold": 13.931422665512084, "N_raw": 71, "N_roi": 71, "N_inlier": 67, "refit": true}
{"timestamp": "17:15:01.154322", "frame": 88, "mu": [-0.8297029809091374, 3.5140815832087653, 1.5940223141365937], "Sigma": [[0.01227074839956434, 0.00038669406378714834, -0.009036070983514116], [0.00038669406378714845, 0.005586548468725508, -0.019655801567949542], [-0.009036070983514116, -0.019655801567949542, 0.08651997533252276]], "chi2_level": 0.997, "chi2_df": 3, "chi2_threshold": 13.931422665512084, "N_raw": 47, "N_roi": 47, "N_inlier": 45, "refit": true}
{"timestamp": "17:15:01.211683", "frame": 89, "mu": [-0.8458523163835959, 3.594082002092734, 0.43827334664707], "Sigma": [[0.012010574948871786, 0.0025933207839418473, -0.008109651793428405], [0.0025933207839418473, 0.04069690902289226, -0.08076268197319197], [-0.008109651793428405, -0.08076268197319197, 0.16960023492912665]], "chi2_level": 0.997, "chi2_df": 3, "chi2_threshold": 13.931422665512084, "N_raw": 69, "N_roi": 69, "N_inlier": 67, "refit": true}
{"timestamp": "17:15:01.266692", "frame": 90, "mu": [-0.8452620658265716, 3.6846202563232757, 1.2103944406127216], "Sigma": [[0.015130995892225415, -0.003797978653271152, 0.012601857691355373], [-0.003797978653271152, 0.01104663341139707, -0.04646228693695746], [0.012601857691355373, -0.04646228693695746, 0.2144866608771198]], "chi2_level": 0.997, "chi2_df": 3, "chi2_threshold": 13.931422665512084, "N_raw": 61, "N_roi": 61, "N_inlier": 61, "refit": true}
{"timestamp": "17:15:01.321536", "frame": 91, "mu": [-0.832410174524693, 3.6959739472562365, 1.237258856539503], "Sigma": [[0.016398966913756446, -0.001055968005585441, 0.009364603777290172], [-0.0010559680055854408, 0.009262746463480515, -0.03075613803896752], [0.00936460377729017, -0.03075613803896752, 0.14993307578294462]], "chi2_level": 0.997, "chi2_df": 3, "chi2_threshold": 13.931422665512084, "N_raw": 60, "N_roi": 60, "N_inlier": 58, "refit": true}
{"timestamp": "17:15:01.462296", "frame": 92, "mu": [-0.8215803685255778, 3.71565908436154, 1.3076387438375283], "Sigma": [[0.011900671351764128, 0.0023128167031355217, -0.007159667601883397], [0.0023128167031355217, 0.009677356135305518, -0.036869215941801065], [-0.007159667601883397, -0.036869215941801065, 0.1986668011456956]], "chi2_level": 0.997, "chi2_df": 3, "chi2_threshold": 13.931422665512084, "N_raw": 55, "N_roi": 55, "N_inlier": 55, "refit": true}
{"timestamp": "17:15:01.490104", "frame": 93, "mu": [-0.7467887506037176, 3.69480719325409, 1.499265821739799], "Sigma": [[0.015044139393807223, 0.00150659988191083, -0.005575320085366977], [0.00150659988191083, 0.0035185217662415183, -0.0049225419586497975], [-0.0055753200853669764, -0.0049225419586497975, 0.019347344233518995]], "chi2_level": 0.997, "chi2_df": 3, "chi2_threshold": 13.931422665512084, "N_raw": 47, "N_roi": 47, "N_inlier": 44, "refit": true}
{"timestamp": "17:15:01.521659", "frame": 94, "mu": [-0.7644711307968518, 3.4099870373717955, 1.034774662962898], "Sigma": [[0.018329615366296077, 0.02002520169720149, 0.02707009354098169], [0.020025201697201494, 0.7161679746691698, 1.0997997808605766], [0.027070093540981686, 1.0997997808605766, 1.7224600888008572]], "chi2_level": 0.997, "chi2_df": 3, "chi2_threshold": 13.931422665512084, "N_raw": 69, "N_roi": 69, "N_inlier": 68, "refit": true}
{"timestamp": "17:15:01.551693", "frame": 95, "mu": [-0.7749701153153039, 3.8064891075742926, 1.51348956252027], "Sigma": [[0.019714690818590928, 0.00047677423191050654, 0.0045733802263396225], [0.00047677423191050665, 0.004095793140368959, -0.00734194454287275], [0.0045733802263396225, -0.00734194454287275, 0.022999036931074038]], "chi2_level": 0.997, "chi2_df": 3, "chi2_threshold": 13.931422665512084, "N_raw": 61, "N_roi": 61, "N_inlier": 58, "refit": true}
{"timestamp": "17:15:01.596016", "frame": 96, "mu": [-0.8704807496488318, 3.9313903924040723, 1.2818834383543802], "Sigma": [[0.017694527965643705, -0.002720306962543594, 0.031206466785394824], [-0.0027203069625435943, 0.01010208556601056, -0.055316172982331976], [0.031206466785394828, -0.055316172982331976, 0.39354161602612914]], "chi2_level": 0.997, "chi2_df": 3, "chi2_threshold": 13.931422665512084, "N_raw": 56, "N_roi": 56, "N_inlier": 55, "refit": true}
