{"timestamp": "17:17:52.363059", "frame": 24, "mu": [-2.4267921875115372, 3.2786146929158115, 1.0734845732670162], "Sigma": [[0.0034588958221907166, 0.0024858524293308003, -0.002573081806142483], [0.0024858524293308007, 0.0031693291494863697, -0.004296218342715454], [-0.002573081806142484, -0.004296218342715453, 0.00840110164013178]], "chi2_level": 0.997, "chi2_df": 3, "chi2_threshold": 13.931422665512084, "N_raw": 25, "N_roi": 11, "N_inlier": 11, "refit": true}
{"timestamp": "17:17:52.420411", "frame": 25, "mu": [-2.3650613800587914, 3.2449343217244424, 1.121257343335909], "Sigma": [[0.007113022228721161, 0.002635300726170082, -0.0031101798991747913], [0.002635300726170082, 0.004136538716293916, -0.006401029985507069], [-0.0031101798991747913, -0.006401029985507067, 0.014611736202914307]], "chi2_level": 0.997, "chi2_df": 3, "chi2_threshold": 13.931422665512084, "N_raw": 39, "N_roi": 24, "N_inlier": 24, "refit": true}
{"timestamp": "17:17:52.479400", "frame": 26, "mu": [-2.375796911804224, 3.302246085896377, 0.056673466060925486], "Sigma": [[0.005352208310481378, 0.0021065108969032242, -0.0013468885882590169], [0.0021065108969032247, 0.009235595786321988, -0.0060228176420795455], [-0.001346888588259017, -0.006022817642079546, 0.006303425506396365]], "chi2_level": 0.997, "chi2_df": 3, "chi2_threshold": 13.931422665512084, "N_raw": 50, "N_roi": 25, "N_inlier": 25, "refit": true}
{"timestamp": "17:17:52.537153", "frame": 27, "mu": [-2.3237413302748915, 3.2305478320773, 1.1683148799196414], "Sigma": [[0.010599680860639468, 0.004373772665474014, -0.005094227064366391], [0.004373772665474014, 0.0066424323820697614, -0.007284981049508948], [-0.005094227064366391, -0.007284981049508949, 0.010229080103029827]], "chi2_level": 0.997, "chi2_df": 3, "chi2_threshold": 13.931422665512084, "N_raw": 68, "N_roi": 36, "N_inlier": 35, "refit": true}
{"timestamp": "17:17:52.591300", "frame": 28, "mu": [-2.282584759774528, 3.217176251792121, 1.2246761740279573], "Sigma": [[0.014586954465091668, 0.008157684215507369, -0.00953267162188573], [0.00815768421550737, 0.010889873083613959, -0.010838713674067727], [-0.00953267162188573, -0.010838713674067725, 0.012498835955320716]], "chi2_level": 0.997, "chi2_df": 3, "chi2_threshold": 13.931422665512084, "N_raw": 57, "N_roi": 43, "N_inlier": 43, "refit": true}
{"timestamp": "17:17:52.645692", "frame": 29, "mu": [-2.258727885351536, 3.1800214126443054, 1.2228228825967786], "Sigma": [[0.017644191448552365, 0.009969425777882863, -0.010150050703112241], [0.009969425777882863, 0.009233099293647757, -0.01037648926044845], [-0.010150050703112241, -0.01037648926044845, 0.01393453298112595]], "chi2_level": 0.997, "chi2_df": 3, "chi2_threshold": 13.931422665512084, "N_raw": 56, "N_roi": 38, "N_inlier": 38, "refit": true}
{"timestamp": "17:17:52.696303", "frame": 30, "mu": [-2.2606627807617, 3.13803284000474, 1.293495127212283], "Sigma": [[0.011363011932570909, 0.007793263722236736, -0.011012670626438558], [0.007793263722236736, 0.008229843689064062, -0.013708351203131483], [-0.01101267062643856, -0.013708351203131483, 0.025318214412951144]], "chi2_level": 0.997, "chi2_df": 3, "chi2_threshold": 13.931422665512084, "N_raw": 25, "N_roi": 14, "N_inlier": 14, "refit": true}
{"timestamp": "17:17:52.810201", "frame": 32, "mu": [-2.1423605738857847, 3.198561147671307, 0.1383569226027662], "Sigma": [[0.024160983363089483, 0.015046062969846676, -0.01511796072483891], [0.015046062969846676, 0.013983896434176237, -0.01091274235169749], [-0.01511796072483891, -0.01091274235169749, 0.011005636971616375]], "chi2_level": 0.997, "chi2_df": 3, "chi2_threshold": 13.931422665512084, "N_raw": 55, "N_roi": 44, "N_inlier": 44, "refit": true}
{"timestamp": "17:17:52.864112", "frame": 33, "mu": [-2.007795992153963, 3.201949084263272, 1.332954588809404], "Sigma": [[0.023036470821240308, 0.015726841887681628, -0.011938609774516397], [0.015726841887681628, 0.014296711550633591, -0.009810190303811488], [-0.011938609774516397, -0.009810190303811488, 0.00822617764499042]], "chi2_level": 0.997, "chi2_df": 3, "chi2_threshold": 13.931422665512084, "N_raw": 43, "N_roi": 37, "N_inlier": 37, "refit": true}
{"timestamp": "17:17:52.922464", "frame": 34, "mu": [-2.076340706103703, 3.0792398144913617, 1.2477573166273284], "Sigma": [[0.025192398668105482, 0.011280163782326047, -0.013865208181879873], [0.011280163782326047, 0.011634357159227473, -0.014983802906797463], [-0.013865208181879873, -0.014983802906797464, 0.02190127734750791]], "chi2_level": 0.997, "chi2_df": 3, "chi2_threshold": 13.931422665512084, "N_raw": 73, "N_roi": 73, "N_inlier": 73, "refit": true}
{"timestamp": "17:17:52.978617", "frame": 35, "mu": [-1.9881277474451167, 3.11048942634324, 1.1741240250458034], "Sigma": [[0.024193096025334124, 0.017582886634148323, -0.006559984398142526], [0.017582886634148323, 0.018661332932476668, -0.010397705057015334], [-0.006559984398142526, -0.010397705057015334, 0.024928270607605423]], "chi2_level": 0.997, "chi2_df": 3, "chi2_threshold": 13.931422665512084, "N_raw": 72, "N_roi": 70, "N_inlier": 68, "refit": true}
{"timestamp": "17:17:53.028567", "frame": 36, "mu": [-1.9548731266419563, 3.0789229278889434, 1.285802940570467], "Sigma": [[0.015133645097985584, 0.007631245883598665, -0.008545187264589593], [0.007631245883598665, 0.006999238292981232, -0.006826804808861414], [-0.008545187264589593, -0.006826804808861414, 0.008678953686531385]], "chi2_level": 0.997, "chi2_df": 3, "chi2_threshold": 13.931422665512084, "N_raw": 40, "N_roi": 38, "N_inlier": 37, "refit": true}
{"timestamp": "17:17:53.086901", "frame": 37, "mu": [-1.9871266221566726, 2.9583698964551557, 1.2098567180764683], "Sigma": [[0.021208073445711302, 0.008465020113116797, -0.01072263763480795], [0.008465020113116796, 0.010338820930075278, -0.009326248739856349], [-0.01072263763480795, -0.009326248739856349, 0.010412689321305063]], "chi2_level": 0.997, "chi2_df": 3, "chi2_threshold": 13.931422665512084, "N_raw": 63, "N_roi": 63, "N_inlier": 63, "refit": true}
{"timestamp": "17:17:53.142468", "frame": 38, "mu": [-1.8970694945767497, 2.9021896512844996, 1.1463912926785338], "Sigma": [[0.01689212947302866, 0.010472028099668273, -0.007450964875383958], [0.010472028099668275, 0.013706338320662528, -0.0048787015258441625], [-0.007450964875383958, -0.0048787015258441625, 0.004083239714929745]], "chi2_level": 0.997, "chi2_df": 3, "chi2_threshold": 13.931422665512084, "N_raw": 54, "N_roi": 51, "N_inlier": 50, "refit": true}
{"timestamp": "17:17:53.189571", "frame": 39, "mu": [-1.8847832585532978, 2.931343334379861, 1.2394533372863994], "Sigma": [[0.005436235732949082, 0.00380239118923136, -0.00635417083251621], [0.0038023911892313606, 0.00639286009780846, -0.012057342495368413], [-0.006354170832516209, -0.012057342495368412, 0.02714898202829156]], "chi2_level": 0.997, "chi2_df": 3, "chi2_threshold": 13.931422665512084, "N_raw": 19, "N_roi": 19, "N_inlier": 19, "refit": true}
{"timestamp": "17:17:53.251464", "frame": 40, "mu": [-1.8981041379815071, 2.8753395370705643, 1.2927536202441212], "Sigma": [[0.019284271775068938, 0.01021167931043837, -0.006582161363475811], [0.01021167931043837, 0.013495398786055783, -0.011377412698585613], [-0.0065821613634758115, -0.011377412698585613, 0.011873436916828945]], "chi2_level": 0.997, "chi2_df": 3, "chi2_threshold": 13.931422665512084, "N_raw": 68, "N_roi": 68, "N_inlier": 68, "refit": true}
{"timestamp": "17:17:53.307129", "frame": 41, "mu": [-1.8817526839424346, 2.841663192070831, 1.212944064229257], "Sigma": [[0.014253147320562194, 0.011414654190735096, -0.012234257376779575], [0.011414654190735096, 0.019783340538618965, -0.018625164752112164], [-0.012234257376779576, -0.018625164752112164, 0.01965091413817121]], "chi2_level": 0.997, "chi2_df": 3, "chi2_threshold": 13.931422665512084, "N_raw": 67, "N_roi": 67, "N_inlier": 67, "refit": true}
{"timestamp": "17:17:53.362195", "frame": 42, "mu": [-1.8537875167110534, 2.8113236752727597, 1.318092353616208], "Sigma": [[0.016543288536405774, 0.01182811615056877, -0.01254177116342131], [0.01182811615056877, 0.0270817953863603, -0.019571079221274996], [-0.012541771163421311, -0.019571079221274996, 0.01898786717198525]], "chi2_level": 0.997, "chi2_df": 3, "chi2_threshold": 13.931422665512084, "N_raw": 60, "N_roi": 59, "N_inlier": 57, "refit": true}
{"timestamp": "17:17:53.422993", "frame": 43, "mu": [-1.7235509316422182, 2.816829458499279, 1.128525037674216], "Sigma": [[0.022571968648012822, 0.006662090230088211, -0.030542331755193535], [0.006662090230088211, 0.03165317395535932, -0.01372127611974427], [-0.03054233175519354, -0.01372127611974427, 0.06330767908933876]], "chi2_level": 0.997, "chi2_df": 3, "chi2_threshold": 13.931422665512084, "N_raw": 104, "N_roi": 104, "N_inlier": 101, "refit": true}
{"timestamp": "17:17:53.477463", "frame": 44, "mu": [-1.7059316691718585, 2.780836384629769, -0.1280586516780362], "Sigma": [[0.017388824626182294, 0.009328366112414202, 0.05864900193683767], [0.009328366112414204, 0.02949696473247898, 0.07586904572415915], [0.05864900193683767, 0.07586904572415915, 0.5699343869927325]], "chi2_level": 0.997, "chi2_df": 3, "chi2_threshold": 13.931422665512084, "N_raw": 98, "N_roi": 96, "N_inlier": 96, "refit": true}
{"timestamp": "17:17:53.530112", "frame": 45, "mu": [-1.7150036009608554, 2.8192238457635774, -0.469995265055715], "Sigma": [[0.016254907807548173, 0.015701332751413357, 0.051209503220381716], [0.015701332751413357, 0.05359855280738299, 0.07249158814358647], [0.051209503220381716, 0.07249158814358647, 0.3844278996138772]], "chi2_level": 0.997, "chi2_df": 3, "chi2_threshold": 13.931422665512084, "N_raw": 83, "N_roi": 82, "N_inlier": 81, "refit": true}
{"timestamp": "17:17:53.584764", "frame": 46, "mu": [-1.6581091399069576, 2.7809605744119703, 1.229249739947266], "Sigma": [[0.015638483297007046, 0.011995484293229896, -0.016167531263519944], [0.011995484293229894, 0.027654201457476654, -0.026357549912014173], [-0.016167531263519948, -0.026357549912014173, 0.03495011739887713]], "chi2_level": 0.997, "chi2_df": 3, "chi2_threshold": 13.931422665512084, "N_raw": 71, "N_roi": 67, "N_inlier": 65, "refit": true}
{"timestamp": "17:17:53.634325", "frame": 47, "mu": [-1.6146307125441959, 2.6770956722710095, 1.1380917841192917], "Sigma": [[0.00970126081458085, 0.0030811707115718646, -0.01758522282667692], [0.0030811707115718646, 0.0026926764790956284, -0.010327022799112483], [-0.01758522282667692, -0.010327022799112483, 0.057614006142801995]], "chi2_level": 0.997, "chi2_df": 3, "chi2_threshold": 13.931422665512084, "N_raw": 46, "N_roi": 46, "N_inlier": 43, "refit": true}
{"timestamp": "17:17:53.696873", "frame": 48, "mu": [-1.524031962200319, 2.678238270898189, 1.114197897508206], "Sigma": [[0.01834729316861117, 0.011628591078131696, -0.03243594868748998], [0.011628591078131696, 0.017419838483050065, -0.036980765138737104], [-0.032435948687489974, -0.036980765138737104, 0.14966375721764993]], "chi2_level": 0.997, "chi2_df": 3, "chi2_threshold": 13.931422665512084, "N_raw": 97, "N_roi": 97, "N_inlier": 95, "refit": true}
{"timestamp": "17:17:53.751267", "frame": 49, "mu": [-1.442165483811789, 2.7235196659265695, -0.42377926109619357], "Sigma": [[0.016695283157397392, 0.014411973839846656, 0.023564317611552567], [0.014411973839846656, 0.026581461986240146, 0.022086595166118883], [0.023564317611552567, 0.022086595166118883, 0.0731641421405545]], "chi2_level": 0.997, "chi2_df": 3, "chi2_threshold": 13.931422665512084, "N_raw": 84, "N_roi": 82, "N_inlier": 81, "refit": true}
{"timestamp": "17:17:53.805612", "frame": 50, "mu": [-1.518712261755917, 2.5300360056158917, 1.354701275942766], "Sigma": [[0.01850820289585766, 0.009917436136664477, -0.0065842450733655175], [0.009917436136664475, 0.012032608286963396, -0.008717037104082266], [-0.0065842450733655175, -0.008717037104082268, 0.013672465696474291]], "chi2_level": 0.997, "chi2_df": 3, "chi2_threshold": 13.931422665512084, "N_raw": 80, "N_roi": 79, "N_inlier": 75, "refit": true}
{"timestamp": "17:17:53.860160", "frame": 51, "mu": [-1.4330375178502672, 2.6475067264476193, -0.052313332811883176], "Sigma": [[0.015208051789068868, 0.003372953922289408, 0.0369851574409947], [0.003372953922289408, 0.016950136972148058, -0.005991617794054259], [0.0369851574409947, -0.005991617794054259, 0.204232537874221]], "chi2_level": 0.997, "chi2_df": 3, "chi2_threshold": 13.931422665512084, "N_raw": 84, "N_roi": 84, "N_inlier": 82, "refit": true}
{"timestamp": "17:17:53.913404", "frame": 52, "mu": [-1.3930970193204, 2.553493322521067, 1.2699667497318363], "Sigma": [[0.01895963128104808, 0.005958882829013219, -0.010483507232003933], [0.005958882829013219, 0.005820125267818781, -0.007627141403332142], [-0.010483507232003933, -0.0076271414033321425, 0.012188015512415109]], "chi2_level": 0.997, "chi2_df": 3, "chi2_threshold": 13.931422665512084, "N_raw": 69, "N_roi": 68, "N_inlier": 64, "refit": true}
{"timestamp": "17:17:53.965502", "frame": 53, "mu": [-1.3291626881935552, 2.5413720332297642, 1.1433438758936265], "Sigma": [[0.013266104847120616, 0.0058622407234473145, -0.00991512542024034], [0.005862240723447314, 0.004774746370818971, -0.0089922357202036], [-0.00991512542024034, -0.008992235720203598, 0.1476461147323991]], "chi2_level": 0.997, "chi2_df": 3, "chi2_threshold": 13.931422665512084, "N_raw": 45, "N_roi": 45, "N_inlier": 44, "refit": true}
{"timestamp": "17:17:54.022883", "frame": 54, "mu": [-1.3381217042141502, 2.5146035429170746, -0.5463921852892638], "Sigma": [[0.017129171185964343, 0.011460521905642031, 0.018163131694129656], [0.011460521905642031, 0.01806454266709273, 0.018574789576788743], [0.018163131694129656, 0.018574789576788743, 0.05701985808757397]], "chi2_level": 0.997, "chi2_df": 3, "chi2_threshold": 13.931422665512084, "N_raw": 71, "N_roi": 71, "N_inlier": 68, "refit": true}
{"timestamp": "17:17:54.076883", "frame": 55, "mu": [-1.214822788638464, 2.6154423688563795, -0.24408658757236987], "Sigma": [[0.05105017068861465, 0.02980699406325662, -0.05264869761377296], [0.02980699406325662, 0.02466965370147002, -0.040274431847282084], [-0.05264869761377295, -0.040274431847282084, 0.06927913400984032]], "chi2_level": 0.997, "chi2_df": 3, "chi2_threshold": 13.931422665512084, "N_raw": 59, "N_roi": 59, "N_inlier": 56, "refit": true}
{"timestamp": "17:17:54.135351", "frame": 56, "mu": [-1.224095825860309, 2.4348041434466436, 1.4555431234946161], "Sigma": [[0.020967232071711653, 0.004117628402002714, -0.002095916515441134], [0.004117628402002714, 0.00490593881575632, -0.007137610226977864], [-0.002095916515441134, -0.007137610226977864, 0.03319550872205225]], "chi2_level": 0.997, "chi2_df": 3, "chi2_threshold": 13.931422665512084, "N_raw": 85, "N_roi": 85, "N_inlier": 81, "refit": true}
{"timestamp": "17:17:54.190897", "frame": 57, "mu": [-1.1533312929739044, 2.3993681831405547, 1.4284253813567558], "Sigma": [[0.027065897041631856, 0.00919516534550481, -0.02218349070321641], [0.00919516534550481, 0.007942081953878211, -0.01622609043203786], [-0.02218349070321641, -0.016226090432037855, 0.059799466164644655]], "chi2_level": 0.997, "chi2_df": 3, "chi2_threshold": 13.931422665512084, "N_raw": 81, "N_roi": 81, "N_inlier": 80, "refit": true}
{"timestamp": "17:17:54.242930", "frame": 58, "mu": [-1.0652005688079065, 2.363996730565668, 1.5120918063015414], "Sigma": [[0.012478280405722401, 0.0056930886262461415, -0.0029300275275879334], [0.005693088626246142, 0.008620161327665707, -0.002782094269009821], [-0.0029300275275879334, -0.002782094269009821, 0.03292307953357754]], "chi2_level": 0.997, "chi2_df": 3, "chi2_threshold": 13.931422665512084, "N_raw": 65, "N_roi": 65, "N_inlier": 64, "refit": true}
{"timestamp": "17:17:54.298934", "frame": 59, "mu": [-1.1370967056227554, 2.2904385379502767, 1.3951889792701018], "Sigma": [[0.015978433699703937, 0.002410413496017499, -0.009009962056830025], [0.002410413496017499, 0.0031179853849913697, -0.008328139170822774], [-0.009009962056830025, -0.008328139170822774, 0.02910202468382315]], "chi2_level": 0.997, "chi2_df": 3, "chi2_threshold": 13.931422665512084, "N_raw": 73, "N_roi": 72, "N_inlier": 70, "refit": true}
{"timestamp": "17:17:54.357380", "frame": 60, "mu": [-0.9894835516861572, 2.314671410000122, 1.1551604593135774], "Sigma": [[0.025908527829238862, 0.012086425956495919, -0.024902555193644288], [0.01208642595649592, 0.00891753225542111, -0.01653440820147708], [-0.024902555193644288, -0.016534408201477082, 0.03606245798169051]], "chi2_level": 0.997, "chi2_df": 3, "chi2_threshold": 13.931422665512084, "N_raw": 92, "N_roi": 92, "N_inlier": 89, "refit": true}
{"timestamp": "17:17:54.408670", "frame": 61, "mu": [-0.8357601007595727, 2.386157688931316, 1.0457044474629615], "Sigma": [[0.028933808054095025, 0.015218636807274404, -0.021011981953917586], [0.015218636807274403, 0.012817137439506996, -0.017340473016181447], [-0.021011981953917586, -0.017340473016181447, 0.02701403248289283]], "chi2_level": 0.997, "chi2_df": 3, "chi2_threshold": 13.931422665512084, "N_raw": 70, "N_roi": 70, "N_inlier": 67, "refit": true}
{"timestamp": "17:17:54.462847", "frame": 62, "mu": [-0.9613793505465169, 2.30822208516185, 1.0784650608582984], "Sigma": [[0.018795506614439357, 0.012510254417553521, -0.012935836273919456], [0.012510254417553521, 0.01157853628377607, -0.013520058026008317], [-0.012935836273919456, -0.013520058026008315, 0.02250992017391873]], "chi2_level": 0.997, "chi2_df": 3, "chi2_threshold": 13.931422665512084, "N_raw": 69, "N_roi": 69, "N_inlier": 64, "refit": true}
{"timestamp": "17:17:54.526993", "frame": 63, "mu": [-0.9659028302159107, 2.240000384471534, 1.2034728859130541], "Sigma": [[0.019507245699807503, 0.012236765547973373, -0.015477752728649053], [0.012236765547973372, 0.012516817554778245, -0.02531914164260097], [-0.015477752728649053, -0.02531914164260097, 0.07655087999392016]], "chi2_level": 0.997, "chi2_df": 3, "chi2_threshold": 13.931422665512084, "N_raw": 121, "N_roi": 121, "N_inlier": 116, "refit": true}
{"timestamp": "17:17:54.579809", "frame": 64, "mu": [-0.8695334803508667, 2.242113175658728, 1.223967277550575], "Sigma": [[0.01912362316353157, 0.014272975583745223, -0.01965207299026596], [0.014272975583745226, 0.01768334766759754, -0.025290811354301498], [-0.01965207299026596, -0.0252908113543015, 0.04726083893431461]], "chi2_level": 0.997, "chi2_df": 3, "chi2_threshold": 13.931422665512084, "N_raw": 105, "N_roi": 105, "N_inlier": 100, "refit": true}
{"timestamp": "17:17:54.633921", "frame": 65, "mu": [-0.8758243928863926, 2.1632792332732262, 1.2906097748863115], "Sigma": [[0.016468659435455796, 0.011361546577250163, -0.009590472477391091], [0.011361546577250163, 0.01595165368095111, -0.018755337164403377], [-0.009590472477391091, -0.018755337164403377, 0.03444801729723706]], "chi2_level": 0.997, "chi2_df": 3, "chi2_threshold": 13.931422665512084, "N_raw": 102, "N_roi": 102, "N_inlier": 98, "refit": true}
{"timestamp": "17:17:54.684283", "frame": 66, "mu": [-0.837678261061414, 1.947318674334346, 0.9953662307210954], "Sigma": [[0.011783767688356789, -0.003362271552160971, -0.030370714630194307], [-0.003362271552160971, 0.008803286521430299, 0.004196409722628927], [-0.030370714630194313, 0.004196409722628925, 0.12381666290856237]], "chi2_level": 0.997, "chi2_df": 3, "chi2_threshold": 13.931422665512084, "N_raw": 74, "N_roi": 74, "N_inlier": 72, "refit": true}
{"timestamp": "17:17:54.746329", "frame": 67, "mu": [-0.8110388700324683, 2.08234245381027, 0.09643574966559755], "Sigma": [[0.014217930034796907, 0.00026952452703151667, 0.048822276058332295], [0.0002695245270315172, 0.015962989304420576, 0.010540996012175684], [0.048822276058332295, 0.010540996012175684, 0.3965306911260381]], "chi2_level": 0.997, "chi2_df": 3, "chi2_threshold": 13.931422665512084, "N_raw": 124, "N_roi": 124, "N_inlier": 123, "refit": true}
{"timestamp": "17:17:54.802057", "frame": 68, "mu": [-0.7644611875968605, 1.9514651095147897, 1.1302992490538357], "Sigma": [[0.015212554850463597, -0.002998511318791649, -0.024114302913614646], [-0.002998511318791649, 0.015362853180601812, -0.002618990677922358], [-0.024114302913614646, -0.002618990677922358, 0.04896392402878297]], "chi2_level": 0.997, "chi2_df": 3, "chi2_threshold": 13.931422665512084, "N_raw": 127, "N_roi": 127, "N_inlier": 124, "refit": true}
{"timestamp": "17:17:54.848739", "frame": 69, "mu": [-0.7264179990603432, 1.942430695211739, 1.1196058036984682], "Sigma": [[0.010644585273167086, 0.00035203379709632587, -0.004976856187391152], [0.0003520337970963257, 0.007521650594884649, -0.0016879309628432032], [-0.004976856187391152, -0.001687930962843203, 0.0030790878599252164]], "chi2_level": 0.997, "chi2_df": 3, "chi2_threshold": 13.931422665512084, "N_raw": 73, "N_roi": 73, "N_inlier": 71, "refit": true}
{"timestamp": "17:17:54.908877", "frame": 70, "mu": [-0.6483927353338531, 1.912125561221468, 1.1054209781949416], "Sigma": [[0.015826071600769317, -0.0008402309415400818, -0.01725661276311443], [-0.000840230941540082, 0.01569839863581269, 0.005310396757161419], [-0.01725661276311443, 0.005310396757161419, 0.023347025241033346]], "chi2_level": 0.997, "chi2_df": 3, "chi2_threshold": 13.931422665512084, "N_raw": 109, "N_roi": 109, "N_inlier": 103, "refit": true}
{"timestamp": "17:17:54.959553", "frame": 71, "mu": [-0.6678465166741115, 1.9416199485349257, 1.2959093647069253], "Sigma": [[0.009862438957604544, 0.0005934345201076645, -0.01045105741555838], [0.0005934345201076644, 0.007130394335619725, -0.0044953558623484005], [-0.01045105741555838, -0.0044953558623484005, 0.016653142866678305]], "chi2_level": 0.997, "chi2_df": 3, "chi2_threshold": 13.931422665512084, "N_raw": 80, "N_roi": 80, "N_inlier": 76, "refit": true}
{"timestamp": "17:17:55.016316", "frame": 72, "mu": [-0.5942499827404013, 1.9702529513921654, 1.1786964960834503], "Sigma": [[0.009345335386523707, 0.001943835586440945, -0.008302475284966228], [0.001943835586440945, 0.003032094200699894, -0.007027417879974136], [-0.008302475284966228, -0.007027417879974136, 0.05314835761733611]], "chi2_level": 0.997, "chi2_df": 3, "chi2_threshold": 13.931422665512084, "N_raw": 89, "N_roi": 88, "N_inlier": 83, "refit": true}
{"timestamp": "17:17:55.068461", "frame": 73, "mu": [-0.6123569675903272, 1.9976320849794307, 1.4130740658660697], "Sigma": [[0.010195558173444847, 0.0031086606226310882, 0.0006097923694227726], [0.0031086606226310887, 0.007353239887509146, 0.000538840052019031], [0.0006097923694227726, 0.000538840052019031, 0.0009238720310725982]], "chi2_level": 0.997, "chi2_df": 3, "chi2_threshold": 13.931422665512084, "N_raw": 73, "N_roi": 73, "N_inlier": 68, "refit": true}
{"timestamp": "17:17:55.128975", "frame": 74, "mu": [-0.579905157719599, 2.058608947395017, -0.2847298971781814], "Sigma": [[0.011487569362038303, 0.003285498855765144, 0.0035343167955860684], [0.003285498855765144, 0.010337713020247675, -0.022740130660141515], [0.003534316795586068, -0.022740130660141515, 0.074372116381566]], "chi2_level": 0.997, "chi2_df": 3, "chi2_threshold": 13.931422665512084, "N_raw": 104, "N_roi": 104, "N_inlier": 100, "refit": true}
{"timestamp": "17:17:55.183815", "frame": 75, "mu": [-0.4447351344141104, 1.9589332703478177, 1.1045105713961398], "Sigma": [[0.034383158656782875, 0.006767032475959106, -0.025494746671544513], [0.006767032475959107, 0.004815683981376164, -0.0016857825462682633], [-0.02549474667154452, -0.0016857825462682633, 0.1805996009245668]], "chi2_level": 0.997, "chi2_df": 3, "chi2_threshold": 13.931422665512084, "N_raw": 103, "N_roi": 101, "N_inlier": 100, "refit": true}
{"timestamp": "17:17:55.237799", "frame": 76, "mu": [-0.30233043461842385, 1.9534576330234406, -0.33497442740403416], "Sigma": [[0.03831093000079395, 0.010224346399959595, 0.10585106738961383], [0.010224346399959597, 0.008097742608799207, 0.013241299948112285], [0.10585106738961383, 0.013241299948112285, 0.6644696855084217]], "chi2_level": 0.997, "chi2_df": 3, "chi2_threshold": 13.931422665512084, "N_raw": 96, "N_roi": 96, "N_inlier": 95, "refit": true}
{"timestamp": "17:17:55.289392", "frame": 77, "mu": [-0.4394863092306104, 1.8387671734763278, 0.964237447390155], "Sigma": [[0.030697259611153355, 0.008363373357827763, 0.009275495022570027], [0.008363373357827763, 0.007932632097337203, 0.0038803794158358837], [0.009275495022570027, 0.0038803794158358837, 0.05192120135159216]], "chi2_level": 0.997, "chi2_df": 3, "chi2_threshold": 13.931422665512084, "N_raw": 73, "N_roi": 73, "N_inlier": 70, "refit": true}
{"timestamp": "17:17:55.343329", "frame": 78, "mu": [-0.380398022212679, 1.8110397216597935, 1.141181658723187], "Sigma": [[0.018860682694385067, 0.00710080190700557, 0.01560904722164397], [0.007100801907005569, 0.005641100476829774, -0.0005803323145884202], [0.015609047221643968, -0.00058033231458842, 0.13183357368506152]], "chi2_level": 0.997, "chi2_df": 3, "chi2_threshold": 13.931422665512084, "N_raw": 65, "N_roi": 65, "N_inlier": 63, "refit": true}
{"timestamp": "17:17:55.404314", "frame": 79, "mu": [-0.22501686424524744, 1.8142199325695065, 1.1562106051583874], "Sigma": [[0.05682969477269281, 0.008936726683278688, -0.02598870435212522], [0.008936726683278688, 0.004290366127888783, -0.00030128568410641414], [-0.02598870435212522, -0.0003012856841064143, 0.08777950507932568]], "chi2_level": 0.997, "chi2_df": 3, "chi2_threshold": 13.931422665512084, "N_raw": 114, "N_roi": 114, "N_inlier": 110, "refit": true}
{"timestamp": "17:17:55.452773", "frame": 80, "mu": [-0.18181499727204914, 1.771771004273496, 1.3239293888791497], "Sigma": [[0.021152893395720226, 0.004704496714498907, -0.03567350977733092], [0.004704496714498907, 0.004264016213151563, -0.006622786072989936], [-0.03567350977733092, -0.006622786072989936, 0.08471357430675436]], "chi2_level": 0.997, "chi2_df": 3, "chi2_threshold": 13.931422665512084, "N_raw": 61, "N_roi": 61, "N_inlier": 57, "refit": true}
{"timestamp": "17:17:55.520830", "frame": 81, "mu": [-0.21797822791331478, 1.9098489755194286, -0.28445698936366937], "Sigma": [[0.01764061408413569, 0.002843544525820053, 0.03621356259793839], [0.0028435445258200524, 0.013606175355802547, -0.023186950063192734], [0.03621356259793839, -0.023186950063192734, 0.2044564230910581]], "chi2_level": 0.997, "chi2_df": 3, "chi2_threshold": 13.931422665512084, "N_raw": 146, "N_roi": 146, "N_inlier": 145, "refit": true}
{"timestamp": "17:17:55.574466", "frame": 82, "mu": [-0.1679035966642379, 1.7538419126335287, 1.1973805741862535], "Sigma": [[0.01707095669695027, 0.008046713104382007, -0.017568202300733426], [0.008046713104382007, 0.007813112588232458, -0.015070418758874242], [-0.017568202300733426, -0.015070418758874242, 0.04439132949193293]], "chi2_level": 0.997, "chi2_df": 3, "chi2_threshold": 13.931422665512084, "N_raw": 138, "N_roi": 137, "N_inlier": 132, "refit": true}
{"timestamp": "17:17:55.627235", "frame": 83, "mu": [-0.12283999126481254, 1.817029384003379, -0.33560738574078824], "Sigma": [[0.020197642592049453, 0.019919244693373674, 0.0063263501491694395], [0.019919244693373674, 0.02936847364631965, -0.004732077869491735], [0.00632635014916944, -0.004732077869491734, 0.10268045663698123]], "chi2_level": 0.997, "chi2_df": 3, "chi2_threshold": 13.931422665512084, "N_raw": 120, "N_roi": 119, "N_inlier": 114, "refit": true}
{"timestamp": "17:17:55.691925", "frame": 84, "mu": [-0.22012994720277285, 1.6258669491996602, 1.291182249834033], "Sigma": [[0.010605172248559096, 0.0051304613907097035, 0.011472868901575398], [0.0051304613907097035, 0.007643440830188312, -0.001840044188414612], [0.011472868901575398, -0.001840044188414612, 0.08519380119033752]], "chi2_level": 0.997, "chi2_df": 3, "chi2_threshold": 13.931422665512084, "N_raw": 150, "N_roi": 150, "N_inlier": 145, "refit": true}
{"timestamp": "17:17:55.741374", "frame": 85, "mu": [-0.1402047633068401, 1.62218468105025, 0.3420016461434149], "Sigma": [[0.009777853464795889, 0.001812760172468997, 0.06744389161262075], [0.0018127601724689973, 0.006459171537578292, 0.009100506588788256], [0.06744389161262075, 0.009100506588788254, 0.8988165134462898]], "chi2_level": 0.997, "chi2_df": 3, "chi2_threshold": 13.931422665512084, "N_raw": 150, "N_roi": 150, "N_inlier": 150, "refit": true}
{"timestamp": "17:17:55.793704", "frame": 86, "mu": [-0.16268382133628373, 1.5806845684705078, 1.1392795321396605], "Sigma": [[0.011188655347514306, 0.004905523867170403, 0.016077681603253086], [0.004905523867170403, 0.007017862964658808, 0.0016730024875078347], [0.016077681603253086, 0.0016730024875078356, 0.45913039838393654]], "chi2_level": 0.997, "chi2_df": 3, "chi2_threshold": 13.931422665512084, "N_raw": 128, "N_roi": 126, "N_inlier": 125, "refit": true}
{"timestamp": "17:17:55.844588", "frame": 87, "mu": [-0.13389094321085188, 1.6191020104653362, -0.5492181639553965], "Sigma": [[0.007560294805977656, 0.008270178592883967, -0.009297277861026215], [0.008270178592883965, 0.037703232885538396, -0.05600338422489384], [-0.009297277861026212, -0.05600338422489384, 0.5063072124589385]], "chi2_level": 0.997, "chi2_df": 3, "chi2_threshold": 13.931422665512084, "N_raw": 104, "N_roi": 104, "N_inlier": 103, "refit": true}
{"timestamp": "17:17:55.897900", "frame": 88, "mu": [-0.11963245381427838, 1.4754338173754558, 1.4892471630652067], "Sigma": [[0.007870021822118805, 0.002822806013319848, 0.007941886114559872], [0.002822806013319848, 0.005608903181473138, 0.0011034401852495059], [0.007941886114559872, 0.0011034401852495056, 0.027781993861529363]], "chi2_level": 0.997, "chi2_df": 3, "chi2_threshold": 13.931422665512084, "N_raw": 97, "N_roi": 97, "N_inlier": 92, "refit": true}
{"timestamp": "17:17:55.954484", "frame": 89, "mu": [-0.10166204001764811, 1.534025018304728, -0.37493641840027747], "Sigma": [[0.007008502219163993, 0.006550190653374796, -0.0012730215231570646], [0.006550190653374797, 0.019341885298189924, -0.020828327701005973], [-0.0012730215231570655, -0.020828327701005973, 0.10070855278196951]], "chi2_level": 0.997, "chi2_df": 3, "chi2_threshold": 13.931422665512084, "N_raw": 99, "N_roi": 99, "N_inlier": 97, "refit": true}
{"timestamp": "17:17:56.004566", "frame": 90, "mu": [-0.0776073063771002, 1.4044565418076054, -0.4137952270937805], "Sigma": [[0.006238877155828394, 0.0038787000582507832, 0.027965228813086843], [0.0038787000582507832, 0.012052342028420768, 0.00706487580952096], [0.027965228813086843, 0.00706487580952096, 0.21247901518986234]], "chi2_level": 0.997, "chi2_df": 3, "chi2_threshold": 13.931422665512084, "N_raw": 73, "N_roi": 72, "N_inlier": 68, "refit": true}
{"timestamp": "17:17:56.062661", "frame": 91, "mu": [-0.05938873750949125, 1.4602782671966594, -0.4923239421684999], "Sigma": [[0.006744332084194415, 0.00037952593317803275, 0.012737056621265916], [0.00037952593317803297, 0.014594491432904451, 0.0025544875904362245], [0.012737056621265917, 0.0025544875904362245, 0.06083402877176124]], "chi2_level": 0.997, "chi2_df": 3, "chi2_threshold": 13.931422665512084, "N_raw": 92, "N_roi": 91, "N_inlier": 85, "refit": true}
{"timestamp": "17:17:56.117921", "frame": 92, "mu": [-0.07037655011635557, 1.3590213607989654, 0.9220732836671862], "Sigma": [[0.009379384567476076, -0.00993116341965142, 0.022389865704897084], [-0.00993116341965142, 0.021342432510814056, -0.07272022592480568], [0.022389865704897084, -0.07272022592480568, 0.31252949545111547]], "chi2_level": 0.997, "chi2_df": 3, "chi2_threshold": 13.931422665512084, "N_raw": 93, "N_roi": 93, "N_inlier": 92, "refit": true}
{"timestamp": "17:17:56.172904", "frame": 93, "mu": [0.04729291971028961, 1.5103053219127607, -0.16339368796104767], "Sigma": [[0.007052783994576441, 0.0001628157270808972, -0.0012183976499821085], [0.00016281572708089733, 0.007089215003609859, -0.0034505284910258706], [-0.0012183976499821087, -0.003450528491025871, 0.014905826228421562]], "chi2_level": 0.997, "chi2_df": 3, "chi2_threshold": 13.931422665512084, "N_raw": 96, "N_roi": 96, "N_inlier": 92, "refit": true}
{"timestamp": "17:17:56.223289", "frame": 94, "mu": [0.09983688451904638, 1.3360713871954484, 1.3773080071098218], "Sigma": [[0.004817382551869315, 0.0038621925845754544, 0.001748807163033571], [0.003862192584575454, 0.006465412303602776, 0.0037753802667866224], [0.001748807163033571, 0.0037753802667866232, 0.015698161292357453]], "chi2_level": 0.997, "chi2_df": 3, "chi2_threshold": 13.931422665512084, "N_raw": 60, "N_roi": 60, "N_inlier": 55, "refit": true}
{"timestamp": "17:17:56.283974", "frame": 95, "mu": [0.12642950311107423, 1.4361258289644787, -0.18001562286718317], "Sigma": [[0.008982987408063952, 0.004019036279663046, 0.01267003138823898], [0.004019036279663046, 0.010716292019171576, 0.007203076491105693], [0.01267003138823898, 0.007203076491105692, 0.030819946737719588]], "chi2_level": 0.997, "chi2_df": 3, "chi2_threshold": 13.931422665512084, "N_raw": 113, "N_roi": 113, "N_inlier": 109, "refit": true}
{"timestamp": "17:17:56.344964", "frame": 96, "mu": [0.16613815729373774, 1.4793324928687341, -0.48258169473838075], "Sigma": [[0.015142810900747608, -0.012756666869615766, 0.04498653760440233], [-0.012756666869615766, 0.02534662819924077, -0.078848970768561], [0.04498653760440233, -0.078848970768561, 0.35459291905396123]], "chi2_level": 0.997, "chi2_df": 3, "chi2_threshold": 13.931422665512084, "N_raw": 137, "N_roi": 137, "N_inlier": 137, "refit": true}
{"timestamp": "17:17:56.393217", "frame": 97, "mu": [0.37113819314746954, 1.3529662107377036, 0.13989882908358364], "Sigma": [[0.023674803756690788, 0.003340927266150461, 0.038925067447639336], [0.003340927266150461, 0.009816996713519934, -0.02051356652478585], [0.038925067447639336, -0.02051356652478585, 0.21622171660501305]], "chi2_level": 0.997, "chi2_df": 3, "chi2_threshold": 13.931422665512084, "N_raw": 96, "N_roi": 96, "N_inlier": 91, "refit": true}
{"timestamp": "17:17:56.453993", "frame": 98, "mu": [0.3119560082530692, 1.4826953898700383, -0.6822137122187971], "Sigma": [[0.04594487836084099, -0.007311972650845891, 0.02085295842296466], [-0.007311972650845891, 0.02440371344639097, -0.08181053909834198], [0.020852958422964668, -0.08181053909834198, 0.31913090478054723]], "chi2_level": 0.997, "chi2_df": 3, "chi2_threshold": 13.931422665512084, "N_raw": 130, "N_roi": 130, "N_inlier": 129, "refit": true}
{"timestamp": "17:17:56.502779", "frame": 99, "mu": [0.26544313116165513, 1.2613034700837995, 1.2454978989185252], "Sigma": [[0.006872830092939471, 0.0014126106097481065, 0.020521120444779172], [0.0014126106097481065, 0.005939313384705317, 0.006397500023811098], [0.020521120444779172, 0.006397500023811098, 0.17798884238436444]], "chi2_level": 0.997, "chi2_df": 3, "chi2_threshold": 13.931422665512084, "N_raw": 84, "N_roi": 84, "N_inlier": 79, "refit": true}
{"timestamp": "17:17:56.710682", "frame": 100, "mu": [0.35408667741924477, 1.2004325137052414, 1.098444657165699], "Sigma": [[0.053356496412040155, -0.0061952992573841995, -0.03409518607496358], [-0.0061952992573841995, 0.0038847455987680093, 0.010442066885237728], [-0.03409518607496358, 0.010442066885237728, 0.07399969206527929]], "chi2_level": 0.997, "chi2_df": 3, "chi2_threshold": 13.931422665512084, "N_raw": 61, "N_roi": 61, "N_inlier": 59, "refit": true}
{"timestamp": "17:17:56.715222", "frame": 101, "mu": [0.5174278266285448, 1.3503989993932777, -0.31938140781674307], "Sigma": [[0.023864883408981, 0.012820026984055296, -0.035633303285741935], [0.012820026984055296, 0.013028938951303502, -0.02509524054590729], [-0.035633303285741935, -0.02509524054590729, 0.06348744445135575]], "chi2_level": 0.997, "chi2_df": 3, "chi2_threshold": 13.931422665512084, "N_raw": 126, "N_roi": 126, "N_inlier": 121, "refit": true}
{"timestamp": "17:17:56.743533", "frame": 102, "mu": [0.5767378153801569, 1.1430817022232316, 1.3046975774765468], "Sigma": [[0.035623174453723025, 0.005492324858014938, -0.043120835226961], [0.005492324858014938, 0.005271478696269924, -0.007798390071529113], [-0.043120835226961, -0.007798390071529113, 0.09962003709359016]], "chi2_level": 0.997, "chi2_df": 3, "chi2_threshold": 13.931422665512084, "N_raw": 79, "N_roi": 79, "N_inlier": 74, "refit": true}
{"timestamp": "17:17:56.775921", "frame": 103, "mu": [0.5323610048693119, 1.1393028411887045, 1.3298871625473567], "Sigma": [[0.031610633911753075, 0.0033706992805619526, -0.04506634868984437], [0.0033706992805619526, 0.0041159567030400164, -0.009233062202816254], [-0.04506634868984437, -0.009233062202816254, 0.07167857714351666]], "chi2_level": 0.997, "chi2_df": 3, "chi2_threshold": 13.931422665512084, "N_raw": 130, "N_roi": 130, "N_inlier": 122, "refit": true}
{"timestamp": "17:17:56.936512", "frame": 104, "mu": [0.4769607958477228, 1.1008662365160644, 1.3740206682396328], "Sigma": [[0.03136928315227103, 0.001983990701047862, -0.03311871662397606], [0.0019839907010478623, 0.004927870176084523, -0.009747520570246667], [-0.03311871662397606, -0.009747520570246667, 0.048998042895183745]], "chi2_level": 0.997, "chi2_df": 3, "chi2_threshold": 13.931422665512084, "N_raw": 75, "N_roi": 75, "N_inlier": 70, "refit": true}
{"timestamp": "17:17:56.960169", "frame": 105, "mu": [0.4607099902178216, 1.0148295545821144, 1.4258087646717201], "Sigma": [[0.002574881303814374, 1.0799253052839382e-05, 0.003914708232422132], [1.0799253052839435e-05, 0.0019278293919967927, -0.0011626523157544548], [0.003914708232422132, -0.0011626523157544553, 0.03493053071404277]], "chi2_level": 0.997, "chi2_df": 3, "chi2_threshold": 13.931422665512084, "N_raw": 78, "N_roi": 78, "N_inlier": 71, "refit": true}
{"timestamp": "17:17:56.992900", "frame": 106, "mu": [0.48333369173637275, 0.9762847832286079, 1.432151677019781], "Sigma": [[0.0032132159692616555, 0.0009844711693651866, 0.0017518292263130927], [0.0009844711693651866, 0.0035267252041103554, -0.0032338287664896953], [0.001751829226313093, -0.0032338287664896957, 0.02876310707256502]], "chi2_level": 0.997, "chi2_df": 3, "chi2_threshold": 13.931422665512084, "N_raw": 90, "N_roi": 90, "N_inlier": 87, "refit": true}
{"timestamp": "17:17:57.023891", "frame": 107, "mu": [0.48907894806317675, 0.9531914062088075, 1.4687838028387903], "Sigma": [[0.0036563153749282515, 0.0012494430075812488, 0.002899104449622787], [0.0012494430075812488, 0.0031520707261286198, -0.0020848910802662448], [0.002899104449622787, -0.0020848910802662448, 0.020246670985829485]], "chi2_level": 0.997, "chi2_df": 3, "chi2_threshold": 13.931422665512084, "N_raw": 87, "N_roi": 87, "N_inlier": 83, "refit": true}
{"timestamp": "17:17:57.082579", "frame": 109, "mu": [0.5301636403792015, 0.8418016380363732, 1.4006315786025687], "Sigma": [[0.007038685065716181, 0.006925453820156883, 0.002712743926135637], [0.006925453820156883, 0.008238661047039254, 0.004153765052030965], [0.002712743926135637, 0.004153765052030965, 0.010055205358037738]], "chi2_level": 0.997, "chi2_df": 3, "chi2_threshold": 13.931422665512084, "N_raw": 44, "N_roi": 44, "N_inlier": 42, "refit": true}
{"timestamp": "17:17:57.113479", "frame": 110, "mu": [0.5389653227084172, 0.8836672519718022, -0.5413022094183315], "Sigma": [[0.004150128659273212, 0.005328108594301545, 0.0048404395251078584], [0.005328108594301545, 0.010088347636787778, 0.005548538568895881], [0.0048404395251078584, 0.005548538568895881, 0.033811904804187554]], "chi2_level": 0.997, "chi2_df": 3, "chi2_threshold": 13.931422665512084, "N_raw": 85, "N_roi": 85, "N_inlier": 82, "refit": true}
{"timestamp": "17:17:57.152620", "frame": 111, "mu": [0.5336500008350895, 0.6914257184567637, 1.3152442294466005], "Sigma": [[0.0026533093547904682, -9.092148559725234e-05, -0.0009239513838071044], [-9.09214855972524e-05, 0.002242983111797662, -0.00027450868445791815], [-0.0009239513838071045, -0.0002745086844579182, 0.0007543055074557829]], "chi2_level": 0.997, "chi2_df": 3, "chi2_threshold": 13.931422665512084, "N_raw": 29, "N_roi": 29, "N_inlier": 26, "refit": true}
