{"timestamp": "13:55:23.966906", "frame": 14, "mu": [2.318066391226426, 1.8810350618141547, 1.0723908776946165], "Sigma": [[0.011056397981426129, -0.009903015069193635, 0.002401246949968314], [-0.009903015069193635, 0.01223488351583585, -0.003347593418617709], [0.002401246949968314, -0.0033475934186177085, 0.001055364652296212]], "chi2_level": 0.99, "chi2_df": 3, "chi2_threshold": 11.344866730144373, "N_raw": 19, "N_roi": 19, "N_inlier": 18, "refit": true}
{"timestamp": "13:55:24.021450", "frame": 15, "mu": [2.382643551952315, 1.6602866634633495, 1.1387645986286217], "Sigma": [[0.003645640730595829, -0.0037486531071158876, -0.0019252137094871902], [-0.0037486531071158876, 0.005035264078925476, -0.0017528512352877432], [-0.0019252137094871904, -0.0017528512352877436, 0.013726681877340293]], "chi2_level": 0.99, "chi2_df": 3, "chi2_threshold": 11.344866730144373, "N_raw": 18, "N_roi": 18, "N_inlier": 17, "refit": true}
{"timestamp": "13:55:24.077436", "frame": 16, "mu": [2.3285887534398806, 1.754865948797196, 1.1397701312057569], "Sigma": [[0.009260662135065791, -0.012057308123815674, 0.0006744956921985125], [-0.012057308123815674, 0.02238653406160155, -0.003884979016925081], [0.0006744956921985125, -0.0038849790169250813, 0.0020341818726662356]], "chi2_level": 0.99, "chi2_df": 3, "chi2_threshold": 11.344866730144373, "N_raw": 25, "N_roi": 25, "N_inlier": 25, "refit": true}
{"timestamp": "13:55:24.134578", "frame": 17, "mu": [2.3472471329807565, 1.6105096000891, 1.1870537562019885], "Sigma": [[0.005483025674162547, -0.005925511460285396, -0.002253602155708333], [-0.005925511460285396, 0.008876862792609188, -0.0016684515454871997], [-0.002253602155708333, -0.0016684515454871997, 0.008926453331264114]], "chi2_level": 0.99, "chi2_df": 3, "chi2_threshold": 11.344866730144373, "N_raw": 25, "N_roi": 25, "N_inlier": 24, "refit": true}
{"timestamp": "13:55:24.187406", "frame": 18, "mu": [2.2628245996494707, 1.7663034545987037, 0.9957235171860706], "Sigma": [[0.009952984932064467, -0.010074241771160465, -0.001379137616047309], [-0.010074241771160463, 0.01194336741588624, 0.0010373802672580983], [-0.001379137616047309, 0.0010373802672580985, 0.0004974475020023827]], "chi2_level": 0.99, "chi2_df": 3, "chi2_threshold": 11.344866730144373, "N_raw": 15, "N_roi": 14, "N_inlier": 13, "refit": true}
{"timestamp": "13:55:24.241490", "frame": 19, "mu": [1.9353370370796579, 1.674064294659587, 1.3390755969187538], "Sigma": [[0.37874572481012136, 0.3058896360778303, -0.17045667327400824], [0.3058896360778303, 0.2479113792612389, -0.1383992322621545], [-0.17045667327400824, -0.1383992322621545, 0.08873539498886338]], "chi2_level": 0.99, "chi2_df": 3, "chi2_threshold": 11.344866730144373, "N_raw": 6, "N_roi": 6, "N_inlier": 6, "refit": true}
{"timestamp": "13:55:24.300402", "frame": 20, "mu": [2.1603399617097043, 1.7917053673048218, 1.1037862353487393], "Sigma": [[0.008754717528415596, -0.01016091901252867, -0.002957222275506856], [-0.01016091901252867, 0.015114987475962622, -0.0026653605404879464], [-0.002957222275506856, -0.0026653605404879464, 0.01753247662020534]], "chi2_level": 0.99, "chi2_df": 3, "chi2_threshold": 11.344866730144373, "N_raw": 34, "N_roi": 34, "N_inlier": 34, "refit": true}
{"timestamp": "13:55:24.354780", "frame": 21, "mu": [2.1134824127827856, 1.8599411805378796, 1.13086164354426], "Sigma": [[0.010872741606214197, -0.01018915886059335, -0.004631638481647927], [-0.01018915886059335, 0.011496623748989436, 0.0022654809839478744], [-0.004631638481647927, 0.002265480983947874, 0.008095071747059679]], "chi2_level": 0.99, "chi2_df": 3, "chi2_threshold": 11.344866730144373, "N_raw": 26, "N_roi": 26, "N_inlier": 25, "refit": true}
{"timestamp": "13:55:24.407667", "frame": 22, "mu": [2.0539074543512603, 1.8590859565315594, 1.0314943859538286], "Sigma": [[0.008181701015096772, -0.007230680846841041, -0.0014426708395327537], [-0.007230680846841041, 0.010722048327723025, 0.002006746182680047], [-0.0014426708395327537, 0.002006746182680047, 0.0006061056757518804]], "chi2_level": 0.99, "chi2_df": 3, "chi2_threshold": 11.344866730144373, "N_raw": 19, "N_roi": 19, "N_inlier": 19, "refit": true}
{"timestamp": "13:55:24.466921", "frame": 23, "mu": [1.963357397924, 1.9085148405376395, 1.0659917034916935], "Sigma": [[0.01191729268400174, -0.009717558524657641, -0.003882493416739073], [-0.00971755852465764, 0.014449451902220101, 0.0015377959883200094], [-0.003882493416739073, 0.0015377959883200094, 0.0025054313402631642]], "chi2_level": 0.99, "chi2_df": 3, "chi2_threshold": 11.344866730144373, "N_raw": 45, "N_roi": 45, "N_inlier": 43, "refit": true}
{"timestamp": "13:55:24.519310", "frame": 24, "mu": [1.884346343514645, 1.9169540537023262, 1.0527096777546707], "Sigma": [[0.003975303837247678, -0.003979861063795325, -0.0010126168597848117], [-0.003979861063795325, 0.005546786588035516, -0.0030385194645278072], [-0.0010126168597848117, -0.0030385194645278072, 0.019919055880670694]], "chi2_level": 0.99, "chi2_df": 3, "chi2_threshold": 11.344866730144373, "N_raw": 24, "N_roi": 24, "N_inlier": 24, "refit": true}
{"timestamp": "13:55:24.575064", "frame": 25, "mu": [1.8708503149122004, 1.9867672223948516, 1.190728509237112], "Sigma": [[0.004810967369503119, -0.0033219780398836465, -0.001718898028877034], [-0.0033219780398836465, 0.003480831622735549, -0.0028064413191859843], [-0.001718898028877034, -0.0028064413191859843, 0.014555228301799004]], "chi2_level": 0.99, "chi2_df": 3, "chi2_threshold": 11.344866730144373, "N_raw": 29, "N_roi": 29, "N_inlier": 26, "refit": true}
{"timestamp": "13:55:24.634622", "frame": 26, "mu": [1.848841102133615, 1.8719264897894747, 1.188802346066204], "Sigma": [[0.008865827776953264, -0.00671993868104881, -0.002179002185811627], [-0.00671993868104881, 0.010074410079941384, -0.007342497297275279], [-0.0021790021858116276, -0.007342497297275279, 0.029542661109668238]], "chi2_level": 0.99, "chi2_df": 3, "chi2_threshold": 11.344866730144373, "N_raw": 61, "N_roi": 61, "N_inlier": 60, "refit": true}
{"timestamp": "13:55:24.685390", "frame": 27, "mu": [1.7483018089679638, 1.9457242232083152, 1.2974911731547434], "Sigma": [[0.008566865071310896, -0.006882573568296205, -0.007930356433430957], [-0.006882573568296204, 0.007145109623825423, 0.005413778592504862], [-0.007930356433430956, 0.005413778592504862, 0.02252333516230348]], "chi2_level": 0.99, "chi2_df": 3, "chi2_threshold": 11.344866730144373, "N_raw": 33, "N_roi": 33, "N_inlier": 33, "refit": true}
{"timestamp": "13:55:24.743599", "frame": 28, "mu": [1.730131704016669, 1.8797658271975035, 1.0637770423185202], "Sigma": [[0.007929446509973771, -0.00658919243237007, -0.006678102008820389], [-0.006589192432370071, 0.008435762744292788, 0.0009433439067272182], [-0.006678102008820389, 0.0009433439067272182, 0.050322737180045186]], "chi2_level": 0.99, "chi2_df": 3, "chi2_threshold": 11.344866730144373, "N_raw": 57, "N_roi": 57, "N_inlier": 54, "refit": true}
{"timestamp": "13:55:24.798048", "frame": 29, "mu": [1.7602902327611831, 1.7786958877529087, -1.1204211783901097], "Sigma": [[0.008133389101264727, -0.0004012486312364818, 0.006160550210234152], [-0.0004012486312364818, 0.009003506366855768, 0.012689712623404126], [0.006160550210234152, 0.012689712623404126, 0.06542226015195494]], "chi2_level": 0.99, "chi2_df": 3, "chi2_threshold": 11.344866730144373, "N_raw": 45, "N_roi": 45, "N_inlier": 42, "refit": true}
{"timestamp": "13:55:24.855504", "frame": 30, "mu": [1.6552997607309956, 1.8715849507635076, -0.8407391495704268], "Sigma": [[0.009651382160708913, -0.005835658828069885, -0.004711950448790557], [-0.005835658828069885, 0.012614490509004326, 0.02842406624342111], [-0.004711950448790557, 0.02842406624342111, 0.1390592335603726]], "chi2_level": 0.99, "chi2_df": 3, "chi2_threshold": 11.344866730144373, "N_raw": 60, "N_roi": 57, "N_inlier": 57, "refit": true}
{"timestamp": "13:55:24.906283", "frame": 31, "mu": [1.5765808724005443, 1.921746446859449, 1.2735015756794408], "Sigma": [[0.006846610914320288, -0.003745014193012186, -0.0032849937011454494], [-0.003745014193012186, 0.00433031015644598, 0.0014823126106291809], [-0.0032849937011454494, 0.0014823126106291806, 0.011710744603800487]], "chi2_level": 0.99, "chi2_df": 3, "chi2_threshold": 11.344866730144373, "N_raw": 34, "N_roi": 34, "N_inlier": 31, "refit": true}
{"timestamp": "13:55:24.961450", "frame": 32, "mu": [1.5302744846462226, 1.9894614401640727, 0.9757859414872785], "Sigma": [[0.007001947458398346, -0.006543897341920721, -0.011988961973431876], [-0.006543897341920721, 0.011011516486695275, 0.013565415376457066], [-0.011988961973431876, 0.013565415376457066, 0.07704865264113311]], "chi2_level": 0.99, "chi2_df": 3, "chi2_threshold": 11.344866730144373, "N_raw": 39, "N_roi": 39, "N_inlier": 36, "refit": true}
{"timestamp": "13:55:25.019053", "frame": 33, "mu": [1.4749561989023185, 1.9753860212481427, 1.2823214069300513], "Sigma": [[0.010336258341721286, -0.005731216138994601, -0.008863044511932342], [-0.005731216138994601, 0.006013067804787845, 0.0008633227903190745], [-0.008863044511932342, 0.0008633227903190746, 0.017007988653523893]], "chi2_level": 0.99, "chi2_df": 3, "chi2_threshold": 11.344866730144373, "N_raw": 53, "N_roi": 53, "N_inlier": 51, "refit": true}
{"timestamp": "13:55:25.073609", "frame": 34, "mu": [1.4720873224049453, 1.880394167989173, 1.088320448294398], "Sigma": [[0.015971432465516598, -0.018346740307977685, -0.04022322616818957], [-0.018346740307977685, 0.025640143533539113, 0.058189693356102266], [-0.04022322616818957, 0.058189693356102266, 0.19225235234104018]], "chi2_level": 0.99, "chi2_df": 3, "chi2_threshold": 11.344866730144373, "N_raw": 54, "N_roi": 52, "N_inlier": 47, "refit": true}
{"timestamp": "13:55:25.125452", "frame": 35, "mu": [1.3900773192762608, 1.986977606132414, 1.2337655303001198], "Sigma": [[0.0052030741810509115, -0.0006263739755158736, 0.006210833055018247], [-0.0006263739755158734, 0.0050404907311882964, 0.02489387672084482], [0.006210833055018248, 0.024893876720844817, 0.2250983152730827]], "chi2_level": 0.99, "chi2_df": 3, "chi2_threshold": 11.344866730144373, "N_raw": 26, "N_roi": 26, "N_inlier": 25, "refit": true}
{"timestamp": "13:55:25.183726", "frame": 36, "mu": [1.3988802746235587, 1.9231523083222575, 1.084944069097533], "Sigma": [[0.01029898826426801, -0.009746195149053467, -0.010578632750408955], [-0.009746195149053467, 0.013644600249098814, 0.006920507685875911], [-0.010578632750408955, 0.006920507685875911, 0.016668520171595973]], "chi2_level": 0.99, "chi2_df": 3, "chi2_threshold": 11.344866730144373, "N_raw": 57, "N_roi": 57, "N_inlier": 54, "refit": true}
{"timestamp": "13:55:25.239864", "frame": 37, "mu": [1.3706853530877405, 1.8174633343485809, 0.9031750325962529], "Sigma": [[0.009333410814965847, -0.007308466208563107, -0.014021787813231608], [-0.007308466208563107, 0.009615985199367651, 0.014430560668187459], [-0.01402178781323161, 0.014430560668187459, 0.07628014785300416]], "chi2_level": 0.99, "chi2_df": 3, "chi2_threshold": 11.344866730144373, "N_raw": 59, "N_roi": 59, "N_inlier": 56, "refit": true}
{"timestamp": "13:55:25.293863", "frame": 38, "mu": [1.2900501184386022, 1.8788697266119798, -0.9795254734050195], "Sigma": [[0.009481325070975967, -0.0061142457471620795, -0.021524404710737473], [-0.0061142457471620795, 0.0072511574718436105, 0.011451493592103996], [-0.021524404710737476, 0.011451493592103994, 0.09097662772915863]], "chi2_level": 0.99, "chi2_df": 3, "chi2_threshold": 11.344866730144373, "N_raw": 52, "N_roi": 52, "N_inlier": 49, "refit": true}
{"timestamp": "13:55:25.347581", "frame": 39, "mu": [1.2571509982097175, 1.8148678418873876, 1.0153115319781414], "Sigma": [[0.0069273010016878845, -0.007812240571607008, -0.01358837848525625], [-0.007812240571607008, 0.013633872917241534, 0.018206638214030874], [-0.013588378485256252, 0.018206638214030874, 0.05194875094958921]], "chi2_level": 0.99, "chi2_df": 3, "chi2_threshold": 11.344866730144373, "N_raw": 49, "N_roi": 48, "N_inlier": 44, "refit": true}
{"timestamp": "13:55:25.405559", "frame": 40, "mu": [1.1926259750843669, 1.858842626287235, 1.1040851551563458], "Sigma": [[0.011144079755247139, -0.009342445750703879, -0.01610392146269356], [-0.009342445750703879, 0.013846966082729329, 0.011157256702025168], [-0.01610392146269356, 0.011157256702025168, 0.035468892582188535]], "chi2_level": 0.99, "chi2_df": 3, "chi2_threshold": 11.344866730144373, "N_raw": 73, "N_roi": 73, "N_inlier": 70, "refit": true}
{"timestamp": "13:55:25.459817", "frame": 41, "mu": [1.1206168188023073, 1.8961673922457796, 1.1618931518282074], "Sigma": [[0.009135662214796189, -0.004580903617430045, -0.0030594890979949727], [-0.004580903617430045, 0.006206449467415074, -0.0005772437515992402], [-0.0030594890979949727, -0.0005772437515992402, 0.007708971976692447]], "chi2_level": 0.99, "chi2_df": 3, "chi2_threshold": 11.344866730144373, "N_raw": 61, "N_roi": 58, "N_inlier": 54, "refit": true}
{"timestamp": "13:55:25.517380", "frame": 42, "mu": [1.0922615995380482, 2.051558578665929, -0.5810555210833347], "Sigma": [[0.011077273239494001, 0.0012891750340914808, -0.042589438626827986], [0.001289175034091481, 0.019850238180321597, -0.022598972367929238], [-0.042589438626827986, -0.022598972367929238, 0.6205385415283098]], "chi2_level": 0.99, "chi2_df": 3, "chi2_threshold": 11.344866730144373, "N_raw": 74, "N_roi": 69, "N_inlier": 68, "refit": true}
{"timestamp": "13:55:25.563881", "frame": 43, "mu": [1.0429713576566868, 1.9958903424663534, 1.0404755823352523], "Sigma": [[0.0056106459704994074, -0.0036713179855087136, -0.03392208453139394], [-0.0036713179855087136, 0.009007849728473547, 0.07110937440204007], [-0.03392208453139395, 0.07110937440204007, 0.6720301219177313]], "chi2_level": 0.99, "chi2_df": 3, "chi2_threshold": 11.344866730144373, "N_raw": 17, "N_roi": 17, "N_inlier": 17, "refit": true}
{"timestamp": "13:55:25.622328", "frame": 44, "mu": [1.0190295330662402, 2.006727221788969, -1.0172214582942873], "Sigma": [[0.007969482377217703, 0.0027395672712675683, 0.02451477952420008], [0.0027395672712675683, 0.009958081011571862, 0.023310372162522443], [0.024514779524200083, 0.023310372162522443, 0.20892800383148288]], "chi2_level": 0.99, "chi2_df": 3, "chi2_threshold": 11.344866730144373, "N_raw": 44, "N_roi": 44, "N_inlier": 44, "refit": true}
{"timestamp": "13:55:25.675748", "frame": 45, "mu": [0.9336075616491063, 2.081301417888074, 1.163607162020188], "Sigma": [[0.012443083343288969, -0.0026684798931456426, -0.009142626074485467], [-0.002668479893145642, 0.003230604302055383, 0.02813635709902972], [-0.009142626074485467, 0.028136357099029716, 0.36078869171830025]], "chi2_level": 0.99, "chi2_df": 3, "chi2_threshold": 11.344866730144373, "N_raw": 32, "N_roi": 30, "N_inlier": 28, "refit": true}
{"timestamp": "13:55:25.732693", "frame": 46, "mu": [0.908728022962401, 2.0027081628227608, 1.0529749001591917], "Sigma": [[0.009005381074748178, -0.0045095265676586005, 0.011050481565500262], [-0.0045095265676586005, 0.009255844128375167, 0.0031245717299987724], [0.011050481565500262, 0.003124571729998773, 0.13693629465136573]], "chi2_level": 0.99, "chi2_df": 3, "chi2_threshold": 11.344866730144373, "N_raw": 48, "N_roi": 48, "N_inlier": 46, "refit": true}
{"timestamp": "13:55:25.793528", "frame": 47, "mu": [0.8091805262066025, 1.9547866325728767, 0.9791012407985702], "Sigma": [[0.014695233721375845, -0.0021577713312203404, 0.04089847060887087], [-0.0021577713312203404, 0.0060847353573185705, 0.0037653703776754], [0.04089847060887087, 0.0037653703776753997, 0.3074651784205407]], "chi2_level": 0.99, "chi2_df": 3, "chi2_threshold": 11.344866730144373, "N_raw": 89, "N_roi": 88, "N_inlier": 87, "refit": true}
{"timestamp": "13:55:25.845515", "frame": 48, "mu": [0.7518662143385493, 2.1131366409643246, -0.120313552400575], "Sigma": [[0.00835425257352521, -0.002251837642557653, -0.0038413964205759217], [-0.002251837642557653, 0.006331418959264377, 0.002298152291767947], [-0.0038413964205759217, 0.002298152291767947, 0.0178543993162743]], "chi2_level": 0.99, "chi2_df": 3, "chi2_threshold": 11.344866730144373, "N_raw": 60, "N_roi": 60, "N_inlier": 55, "refit": true}
{"timestamp": "13:55:25.902568", "frame": 49, "mu": [0.7148961384770725, 1.9724708441334153, 1.1416068397243417], "Sigma": [[0.008659509552797637, -0.004370795372128302, -1.4931521299421473e-05], [-0.004370795372128302, 0.005718885527382445, 0.0005240708244784215], [-1.4931521299421636e-05, 0.0005240708244784217, 0.05106837987877359]], "chi2_level": 0.99, "chi2_df": 3, "chi2_threshold": 11.344866730144373, "N_raw": 80, "N_roi": 80, "N_inlier": 75, "refit": true}
{"timestamp": "13:55:25.955050", "frame": 50, "mu": [0.6360381824953056, 2.1528790384637557, -0.5944185746957292], "Sigma": [[0.010984729848552524, 0.005299119444377521, -0.009798413212377979], [0.005299119444377521, 0.005679177333551578, -0.003002363475388563], [-0.009798413212377977, -0.0030023634753885632, 0.20407775212677817]], "chi2_level": 0.99, "chi2_df": 3, "chi2_threshold": 11.344866730144373, "N_raw": 57, "N_roi": 57, "N_inlier": 54, "refit": true}
{"timestamp": "13:55:26.008438", "frame": 51, "mu": [0.5924758361122942, 2.019149647122591, 1.2669252191688811], "Sigma": [[0.0065151272401857046, -0.0048589413117935375, -0.013858858387002005], [-0.004858941311793537, 0.009302423882269806, 0.027290638525047886], [-0.013858858387002005, 0.027290638525047886, 0.1676639111078209]], "chi2_level": 0.99, "chi2_df": 3, "chi2_threshold": 11.344866730144373, "N_raw": 47, "N_roi": 47, "N_inlier": 44, "refit": true}
{"timestamp": "13:55:26.062132", "frame": 52, "mu": [0.5382136768607457, 2.0365216588454054, 1.2594948727276123], "Sigma": [[0.005406819427641102, -0.004008992911209597, -0.009995082668137882], [-0.004008992911209597, 0.007088918194697332, 0.007758140999177969], [-0.009995082668137882, 0.007758140999177968, 0.08259658065329986]], "chi2_level": 0.99, "chi2_df": 3, "chi2_threshold": 11.344866730144373, "N_raw": 42, "N_roi": 42, "N_inlier": 40, "refit": true}
{"timestamp": "13:55:26.124912", "frame": 53, "mu": [0.4690495113615518, 2.1820708597699734, -0.3676478401807488], "Sigma": [[0.008313127920119567, -0.0048778464363840954, 0.06580709622615238], [-0.0048778464363840954, 0.03421944392103979, -0.08058447751918237], [0.06580709622615238, -0.08058447751918235, 0.9538105153302089]], "chi2_level": 0.99, "chi2_df": 3, "chi2_threshold": 11.344866730144373, "N_raw": 92, "N_roi": 89, "N_inlier": 89, "refit": true}
{"timestamp": "13:55:26.169079", "frame": 54, "mu": [0.3122716392841985, 2.033521995709257, 0.39056004182905085], "Sigma": [[0.01578940900714377, 0.0011470585959855897, 0.03424590999328695], [0.00114705859598559, 0.0022517997787609824, 0.021365032864946495], [0.03424590999328695, 0.021365032864946492, 0.40236257547780846]], "chi2_level": 0.99, "chi2_df": 3, "chi2_threshold": 11.344866730144373, "N_raw": 16, "N_roi": 15, "N_inlier": 14, "refit": true}
{"timestamp": "13:55:26.230191", "frame": 55, "mu": [0.4358051116733906, 2.1506392361235593, -0.2527367635293717], "Sigma": [[0.006989214790622103, -0.0005246692223235377, -0.008113338354563286], [-0.0005246692223235377, 0.00625253756600471, -0.0037389907107357808], [-0.008113338354563286, -0.0037389907107357803, 0.017414445734159685]], "chi2_level": 0.99, "chi2_df": 3, "chi2_threshold": 11.344866730144373, "N_raw": 70, "N_roi": 70, "N_inlier": 66, "refit": true}
{"timestamp": "13:55:26.291643", "frame": 56, "mu": [0.24572561869835646, 2.009905345786877, 0.7959721980784793], "Sigma": [[0.04636109386229992, -0.008815052058010617, 0.09241871547704618], [-0.008815052058010617, 0.008377624836434545, -0.014205918209213585], [0.09241871547704618, -0.014205918209213585, 0.2422006852516684]], "chi2_level": 0.99, "chi2_df": 3, "chi2_threshold": 11.344866730144373, "N_raw": 104, "N_roi": 104, "N_inlier": 99, "refit": true}
{"timestamp": "13:55:26.346863", "frame": 57, "mu": [0.20720476153134926, 1.981261690645459, 0.912555984450177], "Sigma": [[0.04510199118780408, -0.003377000151538467, 0.10124274790514938], [-0.0033770001515384665, 0.005615199200657176, -0.008018124611208644], [0.1012427479051494, -0.008018124611208644, 0.2922536735703856]], "chi2_level": 0.99, "chi2_df": 3, "chi2_threshold": 11.344866730144373, "N_raw": 104, "N_roi": 100, "N_inlier": 98, "refit": true}
{"timestamp": "13:55:26.395321", "frame": 58, "mu": [0.21218417381425253, 2.063904168617931, 1.1487453684522742], "Sigma": [[0.006950379271918764, -0.0013727881185786343, -0.0034456474836420236], [-0.0013727881185786341, 0.001026103144937552, -0.0022938142588688985], [-0.0034456474836420236, -0.002293814258868898, 0.02041019675501405]], "chi2_level": 0.99, "chi2_df": 3, "chi2_threshold": 11.344866730144373, "N_raw": 61, "N_roi": 61, "N_inlier": 54, "refit": true}
{"timestamp": "13:55:26.450186", "frame": 59, "mu": [0.20949452809822916, 1.938788645806164, 1.0962450090350937], "Sigma": [[0.007811280826380904, -0.0025253674958973155, 0.006483510976693455], [-0.002525367495897316, 0.004727078929509859, -0.009923602793938488], [0.006483510976693456, -0.009923602793938488, 0.07172832905878865]], "chi2_level": 0.99, "chi2_df": 3, "chi2_threshold": 11.344866730144373, "N_raw": 62, "N_roi": 62, "N_inlier": 59, "refit": true}
{"timestamp": "13:55:26.505796", "frame": 60, "mu": [0.14638859706851287, 1.991800018332698, -0.8112976789545441], "Sigma": [[0.009797174799516953, -0.0001901811996227119, 0.007959256996535748], [-0.000190181199622712, 0.007906335916980489, -0.005039185099202082], [0.007959256996535748, -0.005039185099202082, 0.07930793029638575]], "chi2_level": 0.99, "chi2_df": 3, "chi2_threshold": 11.344866730144373, "N_raw": 70, "N_roi": 69, "N_inlier": 66, "refit": true}
{"timestamp": "13:55:26.553930", "frame": 61, "mu": [0.020317637726204447, 2.040809776663756, 0.9903399790343856], "Sigma": [[0.005964752459204726, 0.0012983857154365602, -0.0041563186457133795], [0.0012983857154365602, 0.004769870931883816, -0.026904376862464316], [-0.0041563186457133795, -0.026904376862464316, 0.3529285226356181]], "chi2_level": 0.99, "chi2_df": 3, "chi2_threshold": 11.344866730144373, "N_raw": 18, "N_roi": 18, "N_inlier": 18, "refit": true}
{"timestamp": "13:55:26.612354", "frame": 62, "mu": [-0.0232305217563435, 2.1246301416534754, -0.13865987165247617], "Sigma": [[0.0056195402246657184, -0.0009371216231816516, -0.003107121975330416], [-0.0009371216231816516, 0.0037991869180433162, -0.0004896053052887729], [-0.0031071219753304163, -0.0004896053052887729, 0.004873772743514872]], "chi2_level": 0.99, "chi2_df": 3, "chi2_threshold": 11.344866730144373, "N_raw": 49, "N_roi": 46, "N_inlier": 42, "refit": true}
{"timestamp": "13:55:26.669936", "frame": 63, "mu": [-0.12006614633719759, 2.074506605663696, 1.2050141536346108], "Sigma": [[0.008349508036110306, -0.003159544905861689, -0.0013121989655436313], [-0.003159544905861689, 0.0035528690822975734, -0.00985436854157243], [-0.0013121989655436313, -0.009854368541572428, 0.11497806089526393]], "chi2_level": 0.99, "chi2_df": 3, "chi2_threshold": 11.344866730144373, "N_raw": 62, "N_roi": 62, "N_inlier": 59, "refit": true}
{"timestamp": "13:55:26.730666", "frame": 64, "mu": [-0.15058207610540866, 2.089093774155472, 0.9275071479839353], "Sigma": [[0.009951400610804172, -0.0007381640135416989, 0.01211709895056632], [-0.0007381640135416989, 0.004996935577191164, 0.02073896069581901], [0.01211709895056632, 0.020738960695819014, 0.31635786686540396]], "chi2_level": 0.99, "chi2_df": 3, "chi2_threshold": 11.344866730144373, "N_raw": 94, "N_roi": 94, "N_inlier": 93, "refit": true}
{"timestamp": "13:55:26.785305", "frame": 65, "mu": [-0.18852663588570906, 2.059240334859981, -0.251144608039479], "Sigma": [[0.010878632596484203, 3.4360142576612534e-05, 0.07527338515277995], [3.43601425766124e-05, 0.009665130624101643, -0.004943376591420499], [0.07527338515277995, -0.004943376591420499, 0.7645800715128118]], "chi2_level": 0.99, "chi2_df": 3, "chi2_threshold": 11.344866730144373, "N_raw": 91, "N_roi": 91, "N_inlier": 91, "refit": true}
{"timestamp": "13:55:26.838931", "frame": 66, "mu": [-0.21171285076210916, 2.1875441994856537, -0.117202501940584], "Sigma": [[0.008586049999644069, -0.004825430637735446, 0.030729487390790806], [-0.004825430637735446, 0.019709286622056597, -0.07207168950969048], [0.030729487390790806, -0.07207168950969048, 0.4683922949413704]], "chi2_level": 0.99, "chi2_df": 3, "chi2_threshold": 11.344866730144373, "N_raw": 91, "N_roi": 91, "N_inlier": 90, "refit": true}
{"timestamp": "13:55:26.890944", "frame": 67, "mu": [-0.3011910890320484, 2.0521108293191497, 1.1805215574231334], "Sigma": [[0.008897051977795348, -0.0013347983481089, -0.01231792672929833], [-0.0013347983481088997, 0.0046802768598462234, 0.004775608243755324], [-0.01231792672929833, 0.004775608243755324, 0.13375811845459223]], "chi2_level": 0.99, "chi2_df": 3, "chi2_threshold": 11.344866730144373, "N_raw": 68, "N_roi": 68, "N_inlier": 66, "refit": true}
{"timestamp": "13:55:26.942536", "frame": 68, "mu": [-0.34973639969156467, 2.0074743859465576, 1.0617117063194261], "Sigma": [[0.004900211000517505, -0.00039859032385842607, -0.014196989809533832], [-0.0003985903238584264, 0.006574564626486909, -0.006088192179013799], [-0.014196989809533832, -0.006088192179013799, 0.17825543642690075]], "chi2_level": 0.99, "chi2_df": 3, "chi2_threshold": 11.344866730144373, "N_raw": 42, "N_roi": 42, "N_inlier": 41, "refit": true}
{"timestamp": "13:55:27.003575", "frame": 69, "mu": [-0.4178951152924857, 2.089732685936896, 1.308800700094392], "Sigma": [[0.009363105794907638, -0.0029335137637933, -0.0042599295997986395], [-0.0029335137637933, 0.007416308165861892, -0.000880565410209906], [-0.00425992959979864, -0.0008805654102099061, 0.01840215692508365]], "chi2_level": 0.99, "chi2_df": 3, "chi2_threshold": 11.344866730144373, "N_raw": 86, "N_roi": 84, "N_inlier": 79, "refit": true}
{"timestamp": "13:55:27.059115", "frame": 70, "mu": [-0.48447254551593383, 2.1061997668212498, 1.425013494857272], "Sigma": [[0.00889087432184922, -0.0024788486865239164, -0.01080530237275855], [-0.002478848686523917, 0.012317658430431878, 0.00341699368187325], [-0.010805302372758552, 0.0034169936818732503, 0.014643606894102006]], "chi2_level": 0.99, "chi2_df": 3, "chi2_threshold": 11.344866730144373, "N_raw": 91, "N_roi": 91, "N_inlier": 85, "refit": true}
{"timestamp": "13:55:27.113196", "frame": 71, "mu": [-0.5170334586243165, 2.1887376776613072, -0.021156691019020894], "Sigma": [[0.00976710406670425, -0.0018258625867036353, -0.009071265653779024], [-0.0018258625867036353, 0.011167432339397959, 0.0037406845452851185], [-0.009071265653779024, 0.0037406845452851185, 0.013767967187409611]], "chi2_level": 0.99, "chi2_df": 3, "chi2_threshold": 11.344866730144373, "N_raw": 83, "N_roi": 79, "N_inlier": 77, "refit": true}
{"timestamp": "13:55:27.169384", "frame": 72, "mu": [-0.5758642226437, 2.1557172013118313, 1.150447091425039], "Sigma": [[0.006817335919688818, -0.0009027901229747392, -0.016330049467835134], [-0.0009027901229747394, 0.0074268991546216625, 0.020611810212213737], [-0.01633004946783513, 0.020611810212213737, 0.2605260052763954]], "chi2_level": 0.99, "chi2_df": 3, "chi2_threshold": 11.344866730144373, "N_raw": 85, "N_roi": 83, "N_inlier": 83, "refit": true}
{"timestamp": "13:55:27.222161", "frame": 73, "mu": [-0.6409761516076703, 2.147629036108441, 1.204442056543407], "Sigma": [[0.007745405202846342, -0.00030433021744155587, 0.004526982480341125], [-0.00030433021744155565, 0.008300545636171278, 0.014557853017975977], [0.004526982480341124, 0.014557853017975976, 0.2015710739939734]], "chi2_level": 0.99, "chi2_df": 3, "chi2_threshold": 11.344866730144373, "N_raw": 76, "N_roi": 76, "N_inlier": 76, "refit": true}
{"timestamp": "13:55:27.286772", "frame": 74, "mu": [-0.7416078073994978, 2.1383490868583355, 0.9951394874204271], "Sigma": [[0.014390531339440587, -0.0013801404731057314, 0.01948207354302926], [-0.0013801404731057314, 0.0061649850513170856, 0.008443760567566513], [0.01948207354302926, 0.008443760567566513, 0.29598890117004456]], "chi2_level": 0.99, "chi2_df": 3, "chi2_threshold": 11.344866730144373, "N_raw": 133, "N_roi": 129, "N_inlier": 129, "refit": true}
{"timestamp": "13:55:27.338217", "frame": 75, "mu": [-0.8058353602130733, 2.305293694667532, -0.4477586135919241], "Sigma": [[0.01982990949852159, -0.012323005375502454, 0.03872114870637258], [-0.012323005375502454, 0.022617562148734952, -0.06566171773365448], [0.03872114870637258, -0.06566171773365448, 0.2559229665635279]], "chi2_level": 0.99, "chi2_df": 3, "chi2_threshold": 11.344866730144373, "N_raw": 104, "N_roi": 102, "N_inlier": 102, "refit": true}
{"timestamp": "13:55:27.382365", "frame": 76, "mu": [-0.8153550428159206, 2.1870767015675088, 1.3988716556408023], "Sigma": [[0.006799940929820167, 0.0008960596584009641, -0.001470392849637406], [0.0008960596584009642, 0.005147964773984965, 0.015419222367149602], [-0.0014703928496374065, 0.015419222367149602, 0.16407705221264715]], "chi2_level": 0.99, "chi2_df": 3, "chi2_threshold": 11.344866730144373, "N_raw": 42, "N_roi": 42, "N_inlier": 40, "refit": true}
{"timestamp": "13:55:27.436364", "frame": 77, "mu": [-0.8581728398726677, 2.15895984977964, 1.323960265440172], "Sigma": [[0.009953839986495051, -0.0004268886944169798, 0.005931141335001168], [-0.0004268886944169796, 0.005121222532192048, 0.009079197115072525], [0.0059311413350011674, 0.009079197115072525, 0.11456256156827171]], "chi2_level": 0.99, "chi2_df": 3, "chi2_threshold": 11.344866730144373, "N_raw": 42, "N_roi": 42, "N_inlier": 40, "refit": true}
{"timestamp": "13:55:27.492565", "frame": 78, "mu": [-0.8967891869398343, 2.1285666458900354, 1.2833070601931515], "Sigma": [[0.012777204820702793, -0.002472258133254136, 0.01243611028007684], [-0.002472258133254136, 0.005609429716877949, 0.00622854483024095], [0.01243611028007684, 0.00622854483024095, 0.16216106448054135]], "chi2_level": 0.99, "chi2_df": 3, "chi2_threshold": 11.344866730144373, "N_raw": 48, "N_roi": 48, "N_inlier": 47, "refit": true}
{"timestamp": "13:55:27.546810", "frame": 79, "mu": [-0.9343399695176193, 2.1171280659372527, 1.379128091692684], "Sigma": [[0.008097499387112175, -0.0017299618889621777, -0.011493825111958067], [-0.0017299618889621777, 0.005878137153080254, 0.00487132504580684], [-0.011493825111958067, 0.004871325045806841, 0.019412780820591738]], "chi2_level": 0.99, "chi2_df": 3, "chi2_threshold": 11.344866730144373, "N_raw": 44, "N_roi": 44, "N_inlier": 40, "refit": true}
{"timestamp": "13:55:27.604591", "frame": 80, "mu": [-0.9640241635883824, 2.1152089478888074, 1.0767607391332017], "Sigma": [[0.012210764446717625, 0.0024833578819944027, -0.04418491741018348], [0.0024833578819944023, 0.00727373356815127, -0.020669306355031048], [-0.04418491741018349, -0.02066930635503105, 0.23968546189972442]], "chi2_level": 0.99, "chi2_df": 3, "chi2_threshold": 11.344866730144373, "N_raw": 59, "N_roi": 59, "N_inlier": 57, "refit": true}
{"timestamp": "13:55:27.660023", "frame": 81, "mu": [-0.9973808111085511, 2.422422281140195, -0.6029096417918971], "Sigma": [[0.010169405971329397, 0.01309879413241492, -0.0313858257208834], [0.01309879413241492, 0.04613440851782276, -0.09111284696927291], [-0.0313858257208834, -0.09111284696927291, 0.20242587992313815]], "chi2_level": 0.99, "chi2_df": 3, "chi2_threshold": 11.344866730144373, "N_raw": 51, "N_roi": 49, "N_inlier": 46, "refit": true}
{"timestamp": "13:55:27.716876", "frame": 82, "mu": [-1.1157545391854793, 2.14577643750704, 1.0576708822581466], "Sigma": [[0.012187273233708617, 0.0050608759452478395, -0.029214368730836413], [0.0050608759452478395, 0.008408933675821522, -0.023523066852689508], [-0.029214368730836413, -0.023523066852689505, 0.14511882462571485]], "chi2_level": 0.99, "chi2_df": 3, "chi2_threshold": 11.344866730144373, "N_raw": 76, "N_roi": 76, "N_inlier": 74, "refit": true}
{"timestamp": "13:55:27.773723", "frame": 83, "mu": [-1.165534610778137, 2.1265737650789847, 1.1255589410598428], "Sigma": [[0.010772426108795448, 0.005797996566107201, -0.01812253496895641], [0.005797996566107201, 0.012812114844315584, -0.016557067023215657], [-0.01812253496895641, -0.016557067023215657, 0.07638152515474221]], "chi2_level": 0.99, "chi2_df": 3, "chi2_threshold": 11.344866730144373, "N_raw": 84, "N_roi": 84, "N_inlier": 81, "refit": true}
{"timestamp": "13:55:27.824459", "frame": 84, "mu": [-1.2515205450082765, 2.2368600932078944, 0.861007533149794], "Sigma": [[0.007174426358479174, 0.001998515163117935, -0.00600227802089799], [0.001998515163117935, 0.003488770657264841, -0.022447735672473546], [-0.00600227802089799, -0.022447735672473546, 0.32000379324744693]], "chi2_level": 0.99, "chi2_df": 3, "chi2_threshold": 11.344866730144373, "N_raw": 59, "N_roi": 59, "N_inlier": 57, "refit": true}
{"timestamp": "13:55:27.878624", "frame": 85, "mu": [-1.3465466700596156, 2.2008703380069785, 1.4853232347046526], "Sigma": [[0.009486431162222449, 0.001434976068237032, -0.011420521756640606], [0.0014349760682370325, 0.0035596325523427493, -0.0066495362012546685], [-0.011420521756640607, -0.0066495362012546685, 0.023378513670773753]], "chi2_level": 0.99, "chi2_df": 3, "chi2_threshold": 11.344866730144373, "N_raw": 50, "N_roi": 50, "N_inlier": 47, "refit": true}
{"timestamp": "13:55:27.932259", "frame": 86, "mu": [-1.402762760874045, 2.172216885265265, 1.42966713040525], "Sigma": [[0.00844137227952675, 0.0010329751398828577, -0.010679557896067747], [0.001032975139882858, 0.004156103540152872, -0.003633708553754577], [-0.010679557896067747, -0.003633708553754577, 0.017768363123607273]], "chi2_level": 0.99, "chi2_df": 3, "chi2_threshold": 11.344866730144373, "N_raw": 42, "N_roi": 42, "N_inlier": 39, "refit": true}
{"timestamp": "13:55:27.983714", "frame": 87, "mu": [-1.4993437519128732, 2.1126731038056668, 1.5503578351059153], "Sigma": [[0.008549855810649166, 0.0011505258993650702, -0.00634836575839641], [0.0011505258993650702, 0.0027783529890649666, -5.999208469632778e-05], [-0.00634836575839641, -5.9992084696327836e-05, 0.005590188716549226]], "chi2_level": 0.99, "chi2_df": 3, "chi2_threshold": 11.344866730144373, "N_raw": 25, "N_roi": 25, "N_inlier": 23, "refit": true}
{"timestamp": "13:55:28.036606", "frame": 88, "mu": [-1.4982415741299449, 2.100501773150388, 1.2918262291966163], "Sigma": [[0.011184495108594582, -0.00524498240468159, -0.04794998940854659], [-0.00524498240468159, 0.009540518649224134, 0.008019566088883873], [-0.04794998940854659, 0.008019566088883873, 0.2716206854495546]], "chi2_level": 0.99, "chi2_df": 3, "chi2_threshold": 11.344866730144373, "N_raw": 6, "N_roi": 6, "N_inlier": 6, "refit": true}
{"timestamp": "13:55:28.092357", "frame": 89, "mu": [-1.5728166748216788, 2.2475965227580414, 1.4649700246746422], "Sigma": [[0.003092190197702474, 0.0008150477580069961, -0.004344834435816238], [0.0008150477580069959, 0.010256997928213359, -0.0030613399287641513], [-0.004344834435816238, -0.0030613399287641513, 0.012787336069385723]], "chi2_level": 0.99, "chi2_df": 3, "chi2_threshold": 11.344866730144373, "N_raw": 14, "N_roi": 14, "N_inlier": 13, "refit": true}
{"timestamp": "13:55:28.152278", "frame": 90, "mu": [-1.6873754308353108, 2.135974028717553, 1.5568232714381107], "Sigma": [[0.009645631825442466, 0.004241715689024021, -0.010301097881551324], [0.004241715689024022, 0.01101631493911851, -0.0020320220209392096], [-0.010301097881551324, -0.002032022020939209, 0.013741280856316361]], "chi2_level": 0.99, "chi2_df": 3, "chi2_threshold": 11.344866730144373, "N_raw": 52, "N_roi": 52, "N_inlier": 48, "refit": true}
{"timestamp": "13:55:28.206682", "frame": 91, "mu": [-1.7139297534407165, 2.1653797200338896, 1.4571273316991693], "Sigma": [[0.008470748514091977, 0.002300268276575314, -0.007878673749101315], [0.002300268276575314, 0.010257529968534055, -0.0004697894646547607], [-0.007878673749101315, -0.0004697894646547604, 0.010838929403346772]], "chi2_level": 0.99, "chi2_df": 3, "chi2_threshold": 11.344866730144373, "N_raw": 46, "N_roi": 46, "N_inlier": 45, "refit": true}
{"timestamp": "13:55:28.263743", "frame": 92, "mu": [-1.7897079865768668, 2.2060142746310505, 1.5668548383664045], "Sigma": [[0.012642141542441879, 0.004686973447066579, -0.01567388093095069], [0.004686973447066579, 0.009272069383642131, -0.0054284607466667375], [-0.01567388093095069, -0.0054284607466667375, 0.04139731151800652]], "chi2_level": 0.99, "chi2_df": 3, "chi2_threshold": 11.344866730144373, "N_raw": 58, "N_roi": 58, "N_inlier": 51, "refit": true}
{"timestamp": "13:55:28.322743", "frame": 93, "mu": [-2.012017437673744, 1.9664086414337096, 1.6889472033562318], "Sigma": [[0.0385643138085272, 0.028843838754732933, -0.04351478419264942], [0.028843838754732933, 0.030968937575439434, -0.023650990679257584], [-0.04351478419264941, -0.023650990679257584, 0.06443669280279696]], "chi2_level": 0.99, "chi2_df": 3, "chi2_threshold": 11.344866730144373, "N_raw": 83, "N_roi": 83, "N_inlier": 79, "refit": true}
{"timestamp": "13:55:28.374267", "frame": 94, "mu": [-1.9982500263107106, 2.1016454793521326, 1.407704226837891], "Sigma": [[0.027170970811401872, 0.017625508993487922, -0.02167192002762636], [0.017625508993487922, 0.015789793134804386, -0.016020618096710293], [-0.02167192002762636, -0.016020618096710293, 0.021633621156794017]], "chi2_level": 0.99, "chi2_df": 3, "chi2_threshold": 11.344866730144373, "N_raw": 58, "N_roi": 58, "N_inlier": 56, "refit": true}
{"timestamp": "13:55:28.427742", "frame": 95, "mu": [-1.9987554105898149, 2.2672546796079343, -0.30361936081518204], "Sigma": [[0.01606055072797387, 0.007913974409041746, 0.0010992397119847664], [0.007913974409041746, 0.020830731227603285, -0.03099546983624867], [0.0010992397119847649, -0.03099546983624867, 0.06786773978024457]], "chi2_level": 0.99, "chi2_df": 3, "chi2_threshold": 11.344866730144373, "N_raw": 50, "N_roi": 50, "N_inlier": 47, "refit": true}
{"timestamp": "13:55:28.485742", "frame": 96, "mu": [-2.1321255281208673, 2.0190841240197663, 1.6735669212169477], "Sigma": [[0.027393973900540353, 0.021141122699540736, -0.028389432538971075], [0.021141122699540736, 0.02550589942542561, -0.02319178225008167], [-0.028389432538971082, -0.02319178225008167, 0.04471950179633512]], "chi2_level": 0.99, "chi2_df": 3, "chi2_threshold": 11.344866730144373, "N_raw": 71, "N_roi": 71, "N_inlier": 67, "refit": true}
{"timestamp": "13:55:28.537860", "frame": 97, "mu": [-2.2239560132989387, 1.9563393253025718, 1.8106191760908743], "Sigma": [[0.02594057083745014, 0.025507481721809437, -0.03199415206658941], [0.025507481721809437, 0.03176037465132569, -0.031483237241632434], [-0.03199415206658941, -0.031483237241632434, 0.047138061416193075]], "chi2_level": 0.99, "chi2_df": 3, "chi2_threshold": 11.344866730144373, "N_raw": 47, "N_roi": 46, "N_inlier": 43, "refit": true}
{"timestamp": "13:55:28.590157", "frame": 98, "mu": [-2.2683861737510123, 1.806802319218778, 1.6388285760553503], "Sigma": [[0.018985819390739324, 0.01809238477823196, -0.01907499892029671], [0.01809238477823196, 0.028626757532736552, -0.011505320236788283], [-0.01907499892029671, -0.011505320236788283, 0.026075903567345828]], "chi2_level": 0.99, "chi2_df": 3, "chi2_threshold": 11.344866730144373, "N_raw": 32, "N_roi": 32, "N_inlier": 29, "refit": true}
{"timestamp": "13:55:28.644366", "frame": 99, "mu": [-2.247495693006601, 2.019220376923349, 1.5479069685796734], "Sigma": [[0.01642784688505807, 0.013448241365843685, -0.019419708272978058], [0.013448241365843685, 0.013200298900770232, -0.018955654138433503], [-0.019419708272978058, -0.018955654138433503, 0.030285003746019626]], "chi2_level": 0.99, "chi2_df": 3, "chi2_threshold": 11.344866730144373, "N_raw": 35, "N_roi": 33, "N_inlier": 32, "refit": true}
