{"timestamp": "14:58:26.664933", "frame": 8, "mu": [-2.3822308338030265, 4.9614651587542955, 0.8376841322748303], "Sigma": [[0.00907746053074928, 0.0018542187307202414, -0.0076357287382423835], [0.0018542187307202414, 0.0009169344776177491, -0.0022804268063738734], [-0.0076357287382423835, -0.0022804268063738734, 0.014815872887155709]], "chi2_level": 0.99, "chi2_df": 3, "chi2_threshold": 11.344866730144373, "N_raw": 27, "N_roi": 8, "N_inlier": 8, "refit": true}
{"timestamp": "14:58:26.720623", "frame": 9, "mu": [-2.3713862208797547, 4.949363641452731, 0.8118930649684046], "Sigma": [[0.007836000625649382, 0.0015793760504757795, -0.008248682530290666], [0.0015793760504757795, 0.0012026735036375087, -0.0034426376774849836], [-0.008248682530290666, -0.003442637677484984, 0.01797020441253727]], "chi2_level": 0.99, "chi2_df": 3, "chi2_threshold": 11.344866730144373, "N_raw": 38, "N_roi": 13, "N_inlier": 13, "refit": true}
{"timestamp": "14:58:26.774369", "frame": 10, "mu": [-2.3533282299044003, 4.920319959001535, 0.5349768937211328], "Sigma": [[0.0098165154610371, 0.0022843260534641014, -0.011023207510237127], [0.0022843260534641014, 0.0015161236643023133, -0.003594103443526629], [-0.011023207510237127, -0.003594103443526629, 0.01685239459100591]], "chi2_level": 0.99, "chi2_df": 3, "chi2_threshold": 11.344866730144373, "N_raw": 24, "N_roi": 14, "N_inlier": 14, "refit": true}
{"timestamp": "14:58:26.827410", "frame": 11, "mu": [-2.386131695663191, 4.893270809746564, 0.6261792251551289], "Sigma": [[0.006827055327449544, 0.0013876055705121923, -0.008762208861572331], [0.0013876055705121923, 0.0015393474021975922, -0.004089558388597602], [-0.008762208861572331, -0.004089558388597602, 0.018309331934513173]], "chi2_level": 0.99, "chi2_df": 3, "chi2_threshold": 11.344866730144373, "N_raw": 9, "N_roi": 8, "N_inlier": 8, "refit": true}
{"timestamp": "14:58:26.880762", "frame": 12, "mu": [-2.3352387052264336, 4.849821227492877, 0.4203862053692938], "Sigma": [[0.001658984854807832, 0.0011755005066523489, -0.0024946513013620218], [0.0011755005066523489, 0.0019986142893706127, -0.006632796798628432], [-0.0024946513013620218, -0.0066327967986284314, 0.04160967918223452]], "chi2_level": 0.99, "chi2_df": 3, "chi2_threshold": 11.344866730144373, "N_raw": 5, "N_roi": 5, "N_inlier": 5, "refit": true}
{"timestamp": "14:58:26.938343", "frame": 13, "mu": [-2.3186919920601037, 4.828266414818124, 0.6261408018700854], "Sigma": [[0.013625488447629607, 0.003390895695041338, -0.011531281484695594], [0.003390895695041338, 0.0017203531172604776, -0.004674113672075578], [-0.011531281484695595, -0.004674113672075578, 0.017744138485379746]], "chi2_level": 0.99, "chi2_df": 3, "chi2_threshold": 11.344866730144373, "N_raw": 22, "N_roi": 18, "N_inlier": 18, "refit": true}
{"timestamp": "14:58:27.047771", "frame": 15, "mu": [-2.354505560716344, 4.727587227249014, 0.8444965066537742], "Sigma": [[0.006854664965792168, 0.0026840354506599854, -0.006609412948394326], [0.0026840354506599846, 0.002394543829521036, -0.0048295377134733], [-0.006609412948394326, -0.0048295377134733, 0.013808079780977587]], "chi2_level": 0.99, "chi2_df": 3, "chi2_threshold": 11.344866730144373, "N_raw": 18, "N_roi": 13, "N_inlier": 13, "refit": true}
{"timestamp": "14:58:27.106896", "frame": 16, "mu": [-2.2891137187719353, 4.706948323193772, 0.7837138064180247], "Sigma": [[0.01340986168785315, 0.0034223731771419286, -0.009217039983192789], [0.0034223731771419286, 0.0035551900031872384, -0.005190100913276175], [-0.009217039983192789, -0.005190100913276175, 0.012819106317796737]], "chi2_level": 0.99, "chi2_df": 3, "chi2_threshold": 11.344866730144373, "N_raw": 38, "N_roi": 26, "N_inlier": 26, "refit": true}
{"timestamp": "14:58:27.218613", "frame": 18, "mu": [-2.289667749995739, 4.6186433864746155, 0.7785410144545948], "Sigma": [[0.01206530822430991, 0.0033655680103439442, -0.007315078259848538], [0.003365568010343944, 0.0029215123881166077, -0.004900333037967619], [-0.007315078259848538, -0.004900333037967619, 0.011621532912279584]], "chi2_level": 0.99, "chi2_df": 3, "chi2_threshold": 11.344866730144373, "N_raw": 39, "N_roi": 24, "N_inlier": 23, "refit": true}
{"timestamp": "14:58:27.273764", "frame": 19, "mu": [-2.317767858910509, 4.7556913052161525, 0.006945371347435681], "Sigma": [[0.009779501093807156, 0.00462141768047003, -0.005445105753076961], [0.00462141768047003, 0.007167328773426749, -0.007447871758003341], [-0.005445105753076961, -0.007447871758003341, 0.00948441378757643]], "chi2_level": 0.99, "chi2_df": 3, "chi2_threshold": 11.344866730144373, "N_raw": 38, "N_roi": 21, "N_inlier": 21, "refit": true}
{"timestamp": "14:58:27.327502", "frame": 20, "mu": [-2.29412448243797, 4.550482418162198, 0.7939343110279152], "Sigma": [[0.012378556845538466, 0.003456926447586659, -0.006689566050353682], [0.003456926447586659, 0.0025605812095936846, -0.005142826577025214], [-0.006689566050353682, -0.005142826577025213, 0.016171645044235787]], "chi2_level": 0.99, "chi2_df": 3, "chi2_threshold": 11.344866730144373, "N_raw": 37, "N_roi": 23, "N_inlier": 23, "refit": true}
{"timestamp": "14:58:27.551999", "frame": 24, "mu": [-2.316345598215368, 4.357054231188482, 0.6578926440569965], "Sigma": [[0.01337947980037139, 0.003970562604137852, -0.010104029492453745], [0.003970562604137852, 0.0023547424092614424, -0.0051202403814860145], [-0.010104029492453747, -0.005120240381486016, 0.08758666057012625]], "chi2_level": 0.99, "chi2_df": 3, "chi2_threshold": 11.344866730144373, "N_raw": 59, "N_roi": 36, "N_inlier": 36, "refit": true}
{"timestamp": "14:58:27.606622", "frame": 25, "mu": [-2.28818281277807, 4.310996243475378, 0.546717085146101], "Sigma": [[0.017017518012875973, 0.00533081776323166, -0.0033022655321514826], [0.00533081776323166, 0.002301837702224187, -0.0023944841124174127], [-0.003302265532151482, -0.0023944841124174136, 0.08262316662551118]], "chi2_level": 0.99, "chi2_df": 3, "chi2_threshold": 11.344866730144373, "N_raw": 64, "N_roi": 41, "N_inlier": 41, "refit": true}
{"timestamp": "14:58:27.659836", "frame": 26, "mu": [-2.270710915464362, 4.273326539991606, 0.7566415730142485], "Sigma": [[0.017135516030695054, 0.006139196391872671, -0.0126747499220265], [0.006139196391872671, 0.003177426712122572, -0.007825414711528294], [-0.0126747499220265, -0.007825414711528294, 0.02827140995409933]], "chi2_level": 0.99, "chi2_df": 3, "chi2_threshold": 11.344866730144373, "N_raw": 34, "N_roi": 30, "N_inlier": 28, "refit": true}
{"timestamp": "14:58:27.708180", "frame": 27, "mu": [-2.095072224115006, 3.7654568321094675, 0.8123560940989163], "Sigma": [[0.5655856689371995, -0.9182182753738365, 0.3404974617701461], [-0.9182182753738365, 1.4915678487139157, -0.552447362968012], [0.3404974617701461, -0.552447362968012, 0.2216930912118994]], "chi2_level": 0.99, "chi2_df": 3, "chi2_threshold": 11.344866730144373, "N_raw": 7, "N_roi": 6, "N_inlier": 6, "refit": true}
{"timestamp": "14:58:27.764805", "frame": 28, "mu": [-2.3243466858306525, 4.168585363013321, 0.6449935967754996], "Sigma": [[0.011679230319182306, 0.0038877362625670837, -0.0037104851773898033], [0.0038877362625670832, 0.002212827318312115, -0.002964721671204097], [-0.0037104851773898033, -0.002964721671204097, 0.00747115719271687]], "chi2_level": 0.99, "chi2_df": 3, "chi2_threshold": 11.344866730144373, "N_raw": 22, "N_roi": 17, "N_inlier": 16, "refit": true}
{"timestamp": "14:58:27.821963", "frame": 29, "mu": [-2.333146651207777, 4.1369990676997395, 0.7982231632168728], "Sigma": [[0.011823970899942573, 0.004050859418538265, -0.0074915536403257765], [0.004050859418538265, 0.002090909837529467, -0.004603687330884359], [-0.007491553640325775, -0.004603687330884359, 0.014886067001303172]], "chi2_level": 0.99, "chi2_df": 3, "chi2_threshold": 11.344866730144373, "N_raw": 23, "N_roi": 19, "N_inlier": 17, "refit": true}
{"timestamp": "14:58:27.930184", "frame": 31, "mu": [-2.3037346668467373, 3.9965417280004125, 0.7890435133798401], "Sigma": [[0.008061659325687462, 0.0012203863369116433, -0.011606304353508012], [0.0012203863369116433, 0.0005874774944524161, -0.003185208930582245], [-0.01160630435350801, -0.003185208930582245, 0.03489713857090285]], "chi2_level": 0.99, "chi2_df": 3, "chi2_threshold": 11.344866730144373, "N_raw": 17, "N_roi": 17, "N_inlier": 16, "refit": true}
{"timestamp": "14:58:27.983620", "frame": 32, "mu": [-2.3599385798246333, 3.9442231805413686, 0.8120528045368828], "Sigma": [[0.002863979755882172, -0.0011164428975046039, 0.0012857485598661389], [-0.0011164428975046039, 0.001490591721729115, -0.006058566299039236], [0.0012857485598661393, -0.006058566299039236, 0.037640489455111587]], "chi2_level": 0.99, "chi2_df": 3, "chi2_threshold": 11.344866730144373, "N_raw": 5, "N_roi": 5, "N_inlier": 5, "refit": true}
{"timestamp": "14:58:28.041777", "frame": 33, "mu": [-2.304083240076489, 3.9609277310479984, 0.9584706608351076], "Sigma": [[0.012516741768501745, 0.0032225846206895975, -0.012644055610994808], [0.0032225846206895966, 0.0037757969659956716, -0.003948060860894609], [-0.012644055610994808, -0.00394806086089461, 0.017050890560951486]], "chi2_level": 0.99, "chi2_df": 3, "chi2_threshold": 11.344866730144373, "N_raw": 24, "N_roi": 19, "N_inlier": 19, "refit": true}
{"timestamp": "14:58:28.097619", "frame": 34, "mu": [-2.3097203975519376, 3.881369190924202, 0.8969886732746497], "Sigma": [[0.01142287765999465, 0.002932585092408929, -0.010067199493086734], [0.002932585092408929, 0.0034066998597217265, -0.007092874705384196], [-0.010067199493086734, -0.007092874705384196, 0.020908329224577395]], "chi2_level": 0.99, "chi2_df": 3, "chi2_threshold": 11.344866730144373, "N_raw": 30, "N_roi": 25, "N_inlier": 24, "refit": true}
{"timestamp": "14:58:28.147607", "frame": 35, "mu": [-2.284906455581762, 3.8504325037363722, 0.796212697836593], "Sigma": [[0.010547074713307928, 0.002944062414376779, -0.007612078555452918], [0.0029440624143767784, 0.0028533665770536774, -0.014053800696282632], [-0.007612078555452917, -0.014053800696282629, 0.09239596094989336]], "chi2_level": 0.99, "chi2_df": 3, "chi2_threshold": 11.344866730144373, "N_raw": 6, "N_roi": 6, "N_inlier": 6, "refit": true}
{"timestamp": "14:58:28.203792", "frame": 36, "mu": [-2.2745138814760915, 3.796005360625004, 0.6944600212999151], "Sigma": [[0.001107179383012902, -7.146259839719162e-05, -0.00031578194684359355], [-7.146259839719155e-05, 0.002710583400141583, -0.006807367236538154], [-0.0003157819468435931, -0.006807367236538153, 0.018190384766532]], "chi2_level": 0.99, "chi2_df": 3, "chi2_threshold": 11.344866730144373, "N_raw": 6, "N_roi": 6, "N_inlier": 6, "refit": true}
{"timestamp": "14:58:28.260532", "frame": 37, "mu": [-2.176509295675287, 3.752457864757736, 0.708848375064066], "Sigma": [[0.005612068844075636, 0.0005094108292603549, -0.01332695294456196], [0.0005094108292603549, 0.0009963190951829833, -0.006532412555313951], [-0.01332695294456196, -0.006532412555313951, 0.10848604588511099]], "chi2_level": 0.99, "chi2_df": 3, "chi2_threshold": 11.344866730144373, "N_raw": 16, "N_roi": 16, "N_inlier": 16, "refit": true}
{"timestamp": "14:58:28.320587", "frame": 38, "mu": [-2.2039869101291782, 3.6634917963405274, 0.6645270790494089], "Sigma": [[0.020114829715462683, 0.0035693619532080087, -0.02045576597076973], [0.0035693619532080087, 0.002781810957865875, -0.011278238597002568], [-0.02045576597076973, -0.011278238597002568, 0.0623012755289174]], "chi2_level": 0.99, "chi2_df": 3, "chi2_threshold": 11.344866730144373, "N_raw": 55, "N_roi": 55, "N_inlier": 55, "refit": true}
{"timestamp": "14:58:28.375111", "frame": 39, "mu": [-2.2221129176333307, 3.6157100604013417, 0.853348513315586], "Sigma": [[0.025794556533493045, 0.008651005353699125, -0.017663995778949046], [0.008651005353699125, 0.005826637233294584, -0.010689204443852414], [-0.017663995778949046, -0.010689204443852414, 0.02346407081615457]], "chi2_level": 0.99, "chi2_df": 3, "chi2_threshold": 11.344866730144373, "N_raw": 51, "N_roi": 50, "N_inlier": 50, "refit": true}
{"timestamp": "14:58:28.428334", "frame": 40, "mu": [-2.191576548457514, 3.578169798204802, 0.8395555440174522], "Sigma": [[0.01812533807274145, 0.006943084845867447, -0.017188849862586383], [0.006943084845867446, 0.003986218399574655, -0.009901650550456612], [-0.017188849862586383, -0.009901650550456612, 0.028721397450750277]], "chi2_level": 0.99, "chi2_df": 3, "chi2_threshold": 11.344866730144373, "N_raw": 34, "N_roi": 34, "N_inlier": 34, "refit": true}
{"timestamp": "14:58:28.479454", "frame": 41, "mu": [-2.106861198378887, 3.7515071419088963, -0.33266280514242547], "Sigma": [[0.015646634917021306, 0.002012216668011992, -0.0037296600228217376], [0.0020122166680119915, 0.0011575784490201033, -0.0018339876548574407], [-0.0037296600228217368, -0.0018339876548574407, 0.0040754547088999666]], "chi2_level": 0.99, "chi2_df": 3, "chi2_threshold": 11.344866730144373, "N_raw": 12, "N_roi": 7, "N_inlier": 7, "refit": true}
{"timestamp": "14:58:28.536330", "frame": 42, "mu": [-2.117724293912323, 3.5242926871688587, 0.8787002241907292], "Sigma": [[0.017380008130271865, 0.003765701692907967, -0.016337841442492475], [0.003765701692907967, 0.0015577596015559575, -0.004968832143775435], [-0.016337841442492475, -0.004968832143775435, 0.02307489453381581]], "chi2_level": 0.99, "chi2_df": 3, "chi2_threshold": 11.344866730144373, "N_raw": 25, "N_roi": 24, "N_inlier": 23, "refit": true}
{"timestamp": "14:58:28.590454", "frame": 43, "mu": [-2.260012388089423, 3.425456009664006, 0.9899304185060432], "Sigma": [[0.013997884723154885, 0.000256261003399894, -0.0024501379820064473], [0.00025626100339989384, 0.001153606163249584, -0.002939705946535316], [-0.0024501379820064473, -0.002939705946535316, 0.011596425718456975]], "chi2_level": 0.99, "chi2_df": 3, "chi2_threshold": 11.344866730144373, "N_raw": 19, "N_roi": 19, "N_inlier": 19, "refit": true}
{"timestamp": "14:58:28.647123", "frame": 44, "mu": [-2.2476628209502136, 3.4234967742189673, 0.819587339471139], "Sigma": [[0.01790384909190658, 0.003820447229933496, -0.0005491482792716501], [0.003820447229933496, 0.0016189881324011096, -0.0020695989164837593], [-0.0005491482792716501, -0.0020695989164837593, 0.01628433125086644]], "chi2_level": 0.99, "chi2_df": 3, "chi2_threshold": 11.344866730144373, "N_raw": 35, "N_roi": 31, "N_inlier": 30, "refit": true}
{"timestamp": "14:58:28.704151", "frame": 45, "mu": [-2.1249536018374706, 3.3807224591560705, 1.0462246040653085], "Sigma": [[0.023317853640474225, 0.006413029935000999, -0.016411411961884354], [0.006413029935001001, 0.004233974324671462, -0.006822644365294162], [-0.016411411961884354, -0.006822644365294161, 0.016994127729571727]], "chi2_level": 0.99, "chi2_df": 3, "chi2_threshold": 11.344866730144373, "N_raw": 41, "N_roi": 41, "N_inlier": 39, "refit": true}
{"timestamp": "14:58:28.761571", "frame": 46, "mu": [-2.1746814890483885, 3.366369681557812, 0.8870326703234858], "Sigma": [[0.028794623812838125, 0.009678260252295408, 0.006848732016503076], [0.009678260252295408, 0.004983777305954898, -0.0018316171629677077], [0.006848732016503076, -0.0018316171629677077, 0.041516822633387795]], "chi2_level": 0.99, "chi2_df": 3, "chi2_threshold": 11.344866730144373, "N_raw": 62, "N_roi": 59, "N_inlier": 58, "refit": true}
{"timestamp": "14:58:28.813322", "frame": 47, "mu": [-2.1745664276342875, 3.292571136474758, 0.665149627060766], "Sigma": [[0.02200347842211134, 0.005731199960090829, -0.0040402422756567035], [0.005731199960090829, 0.003632196155327485, -0.002728084009414853], [-0.0040402422756567035, -0.0027280840094148526, 0.006438240531244871]], "chi2_level": 0.99, "chi2_df": 3, "chi2_threshold": 11.344866730144373, "N_raw": 33, "N_roi": 33, "N_inlier": 32, "refit": true}
{"timestamp": "14:58:28.867439", "frame": 48, "mu": [-2.275228958265147, 3.243413267932902, 0.7341881571618585], "Sigma": [[0.015958164422897818, 0.003989186436853872, -0.0038570572890429472], [0.003989186436853872, 0.0030962732096898224, -0.003160471479942711], [-0.0038570572890429472, -0.003160471479942711, 0.006081497885435497]], "chi2_level": 0.99, "chi2_df": 3, "chi2_threshold": 11.344866730144373, "N_raw": 30, "N_roi": 29, "N_inlier": 28, "refit": true}
{"timestamp": "14:58:28.921690", "frame": 49, "mu": [-2.264776598859913, 3.218037340315902, 0.7426786144367452], "Sigma": [[0.020342118657067663, 0.0037163109535581647, -0.007553848922240859], [0.0037163109535581647, 0.0023716001547964757, -0.004197700898219364], [-0.007553848922240859, -0.004197700898219364, 0.012032282911753792]], "chi2_level": 0.99, "chi2_df": 3, "chi2_threshold": 11.344866730144373, "N_raw": 29, "N_roi": 28, "N_inlier": 28, "refit": true}
{"timestamp": "14:58:28.977146", "frame": 50, "mu": [-2.2173711936462803, 3.415579261116908, -0.45755688097040054], "Sigma": [[0.019404912083720853, 0.00492645019385024, -0.001523154335763428], [0.00492645019385024, 0.0054423440182979075, -0.006149936506438774], [-0.001523154335763428, -0.006149936506438774, 0.013817132576767437]], "chi2_level": 0.99, "chi2_df": 3, "chi2_threshold": 11.344866730144373, "N_raw": 34, "N_roi": 34, "N_inlier": 34, "refit": true}
{"timestamp": "14:58:29.036078", "frame": 51, "mu": [-2.160631015020969, 3.1566313083482025, 0.7230757788838503], "Sigma": [[0.02476536549704112, 0.006321567163835014, 0.0021772690984501954], [0.006321567163835015, 0.004210383496053828, -0.002647223915703467], [0.0021772690984501954, -0.002647223915703467, 0.021636920970963987]], "chi2_level": 0.99, "chi2_df": 3, "chi2_threshold": 11.344866730144373, "N_raw": 55, "N_roi": 54, "N_inlier": 54, "refit": true}
{"timestamp": "14:58:29.084927", "frame": 52, "mu": [-2.2895722803616345, 3.0422915217013764, 0.9268326567019316], "Sigma": [[0.0021511377176146747, -0.0007098718999007563, 0.00444370787936503], [-0.0007098718999007563, 0.00025321619757610376, -0.0019385582730622997], [0.00444370787936503, -0.0019385582730622997, 0.13386146389582834]], "chi2_level": 0.99, "chi2_df": 3, "chi2_threshold": 11.344866730144373, "N_raw": 7, "N_roi": 7, "N_inlier": 7, "refit": true}
{"timestamp": "14:58:29.143321", "frame": 53, "mu": [-2.096012341594169, 3.0670874599995126, 0.8122472698236107], "Sigma": [[0.01378592093411901, 0.0038219217631517434, -0.011228334157135908], [0.003821921763151744, 0.0020043473356665033, -0.005085036851126438], [-0.011228334157135908, -0.005085036851126438, 0.049190215207391266]], "chi2_level": 0.99, "chi2_df": 3, "chi2_threshold": 11.344866730144373, "N_raw": 37, "N_roi": 37, "N_inlier": 37, "refit": true}
{"timestamp": "14:58:29.193344", "frame": 54, "mu": [-2.137432057331445, 3.00714883566737, 0.8846148696159752], "Sigma": [[0.0007191641025927056, -0.0007310446700476374, 0.004140567671130065], [-0.0007310446700476375, 0.0009729883007639727, -0.004986173751796026], [0.004140567671130066, -0.004986173751796025, 0.029603916568619316]], "chi2_level": 0.99, "chi2_df": 3, "chi2_threshold": 11.344866730144373, "N_raw": 5, "N_roi": 5, "N_inlier": 5, "refit": true}
{"timestamp": "14:58:29.252262", "frame": 55, "mu": [-2.207275882778915, 2.922912797402214, 1.0505085734083757], "Sigma": [[0.011345122204783295, 0.0063439243500744615, -0.008895128580336444], [0.0063439243500744615, 0.007321063055007039, -0.006916804914667856], [-0.008895128580336444, -0.006916804914667857, 0.010367560288238684]], "chi2_level": 0.99, "chi2_df": 3, "chi2_threshold": 11.344866730144373, "N_raw": 30, "N_roi": 30, "N_inlier": 30, "refit": true}
{"timestamp": "14:58:29.306904", "frame": 56, "mu": [-2.031397291807346, 2.9057320450956805, 0.5729378866250608], "Sigma": [[0.0180471020436059, 0.00485855866817129, -0.014878712778340745], [0.00485855866817129, 0.0024631692486567613, -0.004974143664644157], [-0.014878712778340745, -0.004974143664644157, 0.015268960813443219]], "chi2_level": 0.99, "chi2_df": 3, "chi2_threshold": 11.344866730144373, "N_raw": 28, "N_roi": 28, "N_inlier": 27, "refit": true}
{"timestamp": "14:58:29.367068", "frame": 57, "mu": [-2.1947923466174903, 2.8349996689581727, 1.0619203407299411], "Sigma": [[0.01717493466496106, 0.007960060117248674, -0.017823807650675844], [0.007960060117248674, 0.006231518751616815, -0.015550992933549595], [-0.017823807650675847, -0.015550992933549595, 0.054253086516152585]], "chi2_level": 0.99, "chi2_df": 3, "chi2_threshold": 11.344866730144373, "N_raw": 59, "N_roi": 57, "N_inlier": 55, "refit": true}
{"timestamp": "14:58:29.417644", "frame": 58, "mu": [-2.145695352709977, 2.8122472474097053, 0.7997192527773541], "Sigma": [[0.013173071253486266, 0.00774211051668551, -0.011888519537750256], [0.0077421105166855094, 0.005902003221778908, -0.008900165915020922], [-0.011888519537750254, -0.008900165915020922, 0.023946911665891225]], "chi2_level": 0.99, "chi2_df": 3, "chi2_threshold": 11.344866730144373, "N_raw": 30, "N_roi": 29, "N_inlier": 28, "refit": true}
{"timestamp": "14:58:29.471944", "frame": 59, "mu": [-2.076762253056035, 2.7394455573130814, 0.9626254882814969], "Sigma": [[0.012152244666148039, 0.0038729007986919653, -0.0061149275662852], [0.003872900798691966, 0.0028466097174642034, -0.005663393267786017], [-0.006114927566285201, -0.005663393267786017, 0.019773553269732756]], "chi2_level": 0.99, "chi2_df": 3, "chi2_threshold": 11.344866730144373, "N_raw": 27, "N_roi": 27, "N_inlier": 26, "refit": true}
{"timestamp": "14:58:29.529037", "frame": 60, "mu": [-2.162752537520259, 2.702921458366425, 1.0143442717358293], "Sigma": [[0.014739059157730067, 0.005161872142015958, -0.012488179628237046], [0.005161872142015958, 0.002733648474340041, -0.006327388820117821], [-0.012488179628237048, -0.006327388820117821, 0.03238228457380685]], "chi2_level": 0.99, "chi2_df": 3, "chi2_threshold": 11.344866730144373, "N_raw": 42, "N_roi": 37, "N_inlier": 36, "refit": true}
{"timestamp": "14:58:29.581933", "frame": 61, "mu": [-2.181918155080145, 2.627666701106119, 0.9330408310637903], "Sigma": [[0.010947087266779607, 0.002891155061713456, 0.005802666341990376], [0.002891155061713456, 0.0024075432643508444, -0.0021492427330690625], [0.005802666341990376, -0.002149242733069063, 0.016606552982977578]], "chi2_level": 0.99, "chi2_df": 3, "chi2_threshold": 11.344866730144373, "N_raw": 22, "N_roi": 15, "N_inlier": 15, "refit": true}
{"timestamp": "14:58:29.635610", "frame": 62, "mu": [-2.1912294885850336, 2.5823651444663067, 1.105974556615743], "Sigma": [[0.00646996683517203, 0.002309072742763285, 0.002885692048519247], [0.002309072742763285, 0.002548556020130677, -0.004873519429652546], [0.002885692048519246, -0.004873519429652546, 0.04191502480396482]], "chi2_level": 0.99, "chi2_df": 3, "chi2_threshold": 11.344866730144373, "N_raw": 17, "N_roi": 15, "N_inlier": 15, "refit": true}
{"timestamp": "14:58:29.691635", "frame": 63, "mu": [-2.027082500467237, 2.598016037779892, 0.8155828482236691], "Sigma": [[0.012036346714540626, 0.0014710725754752516, -0.0011724742764605682], [0.0014710725754752516, 0.0011195798043233743, -0.0021534991874076195], [-0.0011724742764605677, -0.0021534991874076195, 0.008781535739555124]], "chi2_level": 0.99, "chi2_df": 3, "chi2_threshold": 11.344866730144373, "N_raw": 16, "N_roi": 14, "N_inlier": 14, "refit": true}
{"timestamp": "14:58:29.748298", "frame": 64, "mu": [-2.1716701275803865, 2.4608666444010643, 0.8722764835876555], "Sigma": [[0.007201247324102882, 0.0012782602791669591, -0.0029264626052658616], [0.0012782602791669591, 0.0028460504137580514, -0.004560740116104042], [-0.0029264626052658616, -0.004560740116104042, 0.011169820641423663]], "chi2_level": 0.99, "chi2_df": 3, "chi2_threshold": 11.344866730144373, "N_raw": 36, "N_roi": 16, "N_inlier": 16, "refit": true}
{"timestamp": "14:58:29.802404", "frame": 65, "mu": [-2.1520078145351866, 2.2982702409728697, 0.8343093846106368], "Sigma": [[0.00790271404422669, 0.0016683049990971022, -0.004853218035283731], [0.0016683049990971022, 0.0017727514151619614, -0.004333407693324964], [-0.004853218035283731, -0.004333407693324964, 0.02219010817134965]], "chi2_level": 0.99, "chi2_df": 3, "chi2_threshold": 11.344866730144373, "N_raw": 25, "N_roi": 13, "N_inlier": 13, "refit": true}
{"timestamp": "14:58:29.854942", "frame": 66, "mu": [-2.176663692090561, 2.3084460028883376, 1.0137075116052192], "Sigma": [[0.009000090301985904, -0.001954449064068266, 0.005371122666165961], [-0.001954449064068266, 0.0013663230286151433, -0.0009360317227103093], [0.005371122666165961, -0.0009360317227103094, 0.00996272505423253]], "chi2_level": 0.99, "chi2_df": 3, "chi2_threshold": 11.344866730144373, "N_raw": 20, "N_roi": 6, "N_inlier": 6, "refit": true}
{"timestamp": "14:58:29.919419", "frame": 67, "mu": [-2.232470222206061, 2.300956798204382, -0.27577934968570383], "Sigma": [[0.019852428751176238, 0.027532744498367456, -0.0062021529069693805], [0.027532744498367456, 0.04761246964312537, -0.009557855358399151], [-0.0062021529069693805, -0.009557855358399151, 0.02755489516356899]], "chi2_level": 0.99, "chi2_df": 3, "chi2_threshold": 11.344866730144373, "N_raw": 84, "N_roi": 58, "N_inlier": 56, "refit": true}
{"timestamp": "14:58:29.975777", "frame": 68, "mu": [-2.2081862190810644, 2.135842394988348, 1.2034125875581094], "Sigma": [[0.024247977077594667, 0.015500741278935491, -0.01973810494492717], [0.015500741278935495, 0.015479042771269836, -0.018839642353625792], [-0.01973810494492717, -0.018839642353625792, 0.025146200470681418]], "chi2_level": 0.99, "chi2_df": 3, "chi2_threshold": 11.344866730144373, "N_raw": 89, "N_roi": 68, "N_inlier": 66, "refit": true}
{"timestamp": "14:58:30.031756", "frame": 69, "mu": [-2.1840641733319113, 2.084257589052599, 1.0605667014655653], "Sigma": [[0.031500959202827375, 0.018592768434884596, -0.018364853395513157], [0.018592768434884596, 0.014629189506994782, -0.018507813447270094], [-0.018364853395513157, -0.018507813447270094, 0.029568087804244237]], "chi2_level": 0.99, "chi2_df": 3, "chi2_threshold": 11.344866730144373, "N_raw": 93, "N_roi": 78, "N_inlier": 78, "refit": true}
{"timestamp": "14:58:30.075563", "frame": 70, "mu": [-2.1461654410150515, 2.028383057702775, 1.1880807360901489], "Sigma": [[0.03508017888914209, 0.025085441800926332, -0.04127618583611957], [0.025085441800926332, 0.02369867710972623, -0.034096408762279054], [-0.04127618583611957, -0.034096408762279054, 0.0530809347102501]], "chi2_level": 0.99, "chi2_df": 3, "chi2_threshold": 11.344866730144373, "N_raw": 13, "N_roi": 13, "N_inlier": 13, "refit": true}
{"timestamp": "14:58:30.139692", "frame": 71, "mu": [-2.2379376595558043, 1.9520444319363084, 1.303034876833088], "Sigma": [[0.03019584781444487, 0.021147745072362695, -0.038872176680036986], [0.021147745072362695, 0.021515581659124094, -0.036976204942892395], [-0.03887217668003699, -0.036976204942892395, 0.07480655523538624]], "chi2_level": 0.99, "chi2_df": 3, "chi2_threshold": 11.344866730144373, "N_raw": 80, "N_roi": 64, "N_inlier": 61, "refit": true}
{"timestamp": "14:58:30.195914", "frame": 72, "mu": [-2.165699148394145, 1.9006975801744195, 1.1933548325122818], "Sigma": [[0.03731501209464788, 0.024245440850315388, -0.034902568122062466], [0.024245440850315388, 0.021381898428224605, -0.029303521537904366], [-0.034902568122062466, -0.029303521537904366, 0.043347676795807116]], "chi2_level": 0.99, "chi2_df": 3, "chi2_threshold": 11.344866730144373, "N_raw": 87, "N_roi": 82, "N_inlier": 79, "refit": true}
{"timestamp": "14:58:30.245379", "frame": 73, "mu": [-2.242868023182943, 1.75273454958864, 1.270092189254239], "Sigma": [[0.019408469616319854, 0.018308744939471093, -0.015118427507265306], [0.018308744939471093, 0.021658454233449562, -0.020389428884950152], [-0.015118427507265306, -0.020389428884950152, 0.02849121481274202]], "chi2_level": 0.99, "chi2_df": 3, "chi2_threshold": 11.344866730144373, "N_raw": 52, "N_roi": 52, "N_inlier": 52, "refit": true}
{"timestamp": "14:58:30.302565", "frame": 74, "mu": [-2.2008326809604166, 1.7854791086921475, 1.295796656572487], "Sigma": [[0.023155539477052116, 0.01571188865447501, -0.02267556093192132], [0.01571188865447501, 0.01655293843026848, -0.021234339281188494], [-0.02267556093192132, -0.021234339281188494, 0.03049535398210566]], "chi2_level": 0.99, "chi2_df": 3, "chi2_threshold": 11.344866730144373, "N_raw": 72, "N_roi": 69, "N_inlier": 67, "refit": true}
{"timestamp": "14:58:30.359579", "frame": 75, "mu": [-2.180951197229459, 1.7117114063983128, 1.1940440130045724], "Sigma": [[0.029173556979905584, 0.020352292234662707, -0.030757894780273017], [0.020352292234662707, 0.01754078082750901, -0.026249547205172554], [-0.030757894780273024, -0.026249547205172558, 0.05800545422291854]], "chi2_level": 0.99, "chi2_df": 3, "chi2_threshold": 11.344866730144373, "N_raw": 79, "N_roi": 78, "N_inlier": 77, "refit": true}
{"timestamp": "14:58:30.415029", "frame": 76, "mu": [-2.1898601418910535, 1.66735298320568, 1.1119416335378984], "Sigma": [[0.022634951399468115, 0.016148125300346955, -0.013279860828099267], [0.016148125300346955, 0.015955441060201078, -0.01592784137957026], [-0.013279860828099267, -0.01592784137957026, 0.02111738715983002]], "chi2_level": 0.99, "chi2_df": 3, "chi2_threshold": 11.344866730144373, "N_raw": 78, "N_roi": 77, "N_inlier": 75, "refit": true}
{"timestamp": "14:58:30.465905", "frame": 77, "mu": [-2.205365421218195, 1.7295675664729317, -0.42193526706943085], "Sigma": [[0.015775635313062867, 0.01559556202738489, -0.005105874578013371], [0.015595562027384888, 0.02464983693965816, -0.007463043812611784], [-0.005105874578013371, -0.007463043812611784, 0.0028766188599141963]], "chi2_level": 0.99, "chi2_df": 3, "chi2_threshold": 11.344866730144373, "N_raw": 57, "N_roi": 57, "N_inlier": 56, "refit": true}
{"timestamp": "14:58:30.520703", "frame": 78, "mu": [-2.288999509976005, 1.4527100379845093, 1.1063773427647654], "Sigma": [[0.01171106751683183, 0.009056190369013145, -0.007160408968930639], [0.009056190369013145, 0.013985482133771937, -0.013909363015400597], [-0.007160408968930638, -0.013909363015400597, 0.016445432768092003]], "chi2_level": 0.99, "chi2_df": 3, "chi2_threshold": 11.344866730144373, "N_raw": 55, "N_roi": 53, "N_inlier": 53, "refit": true}
{"timestamp": "14:58:30.571518", "frame": 79, "mu": [-2.2165769024188537, 1.4670604177630087, 0.9863855834324361], "Sigma": [[0.009970024967349321, 0.00852900019580117, -0.004786877739469632], [0.008529000195801169, 0.009226920736481932, -0.008200208588034752], [-0.004786877739469633, -0.008200208588034753, 0.029351823797913134]], "chi2_level": 0.99, "chi2_df": 3, "chi2_threshold": 11.344866730144373, "N_raw": 22, "N_roi": 22, "N_inlier": 22, "refit": true}
{"timestamp": "14:58:30.631581", "frame": 80, "mu": [-2.2267182019261225, 1.4077062525781865, 0.9124938103163066], "Sigma": [[0.013587692063491265, 0.01016708903733133, -0.011718174283433734], [0.01016708903733133, 0.0085688210754755, -0.006632111664362504], [-0.011718174283433733, -0.006632111664362504, 0.06642521590404127]], "chi2_level": 0.99, "chi2_df": 3, "chi2_threshold": 11.344866730144373, "N_raw": 60, "N_roi": 60, "N_inlier": 58, "refit": true}
{"timestamp": "14:58:30.686874", "frame": 81, "mu": [-2.224879835764351, 1.3510559576326202, 1.0824758112381945], "Sigma": [[0.011213038929555946, 0.00833716333289115, -0.0044070491142477655], [0.00833716333289115, 0.010301738939781322, -0.009148107788786747], [-0.004407049114247766, -0.009148107788786747, 0.02386421265922222]], "chi2_level": 0.99, "chi2_df": 3, "chi2_threshold": 11.344866730144373, "N_raw": 58, "N_roi": 58, "N_inlier": 57, "refit": true}
{"timestamp": "14:58:30.744787", "frame": 82, "mu": [-2.151342008405761, 1.3396083421174967, 0.8818385977433623], "Sigma": [[0.021261058912551516, 0.020105554967929533, -0.008881938490712098], [0.020105554967929533, 0.022353858867554477, -0.014229223659595199], [-0.008881938490712097, -0.014229223659595197, 0.0206046777550246]], "chi2_level": 0.99, "chi2_df": 3, "chi2_threshold": 11.344866730144373, "N_raw": 83, "N_roi": 83, "N_inlier": 82, "refit": true}
{"timestamp": "14:58:30.800890", "frame": 83, "mu": [-2.173742736333642, 1.3049027791767462, 1.005863907678902], "Sigma": [[0.020569496679976207, 0.017622340892840253, -0.011068484487641193], [0.017622340892840253, 0.020308215684652693, -0.013245978586910697], [-0.011068484487641193, -0.013245978586910699, 0.041972627636128385]], "chi2_level": 0.99, "chi2_df": 3, "chi2_threshold": 11.344866730144373, "N_raw": 92, "N_roi": 92, "N_inlier": 91, "refit": true}
{"timestamp": "14:58:30.854574", "frame": 84, "mu": [-2.1457245049539004, 1.4741305156770967, -0.7323485196864479], "Sigma": [[0.014002144763368897, 0.0135929319383066, -0.0032585024933849925], [0.013592931938306602, 0.021211977563872494, -0.013212540295397816], [-0.0032585024933849925, -0.013212540295397816, 0.016410456379411388]], "chi2_level": 0.99, "chi2_df": 3, "chi2_threshold": 11.344866730144373, "N_raw": 76, "N_roi": 76, "N_inlier": 71, "refit": true}
{"timestamp": "14:58:30.905735", "frame": 85, "mu": [-2.1518825804223387, 1.1435795287736221, 0.8856142677762727], "Sigma": [[0.015406677513216381, 0.014539862033760547, -0.006150339489193052], [0.014539862033760547, 0.02255683379311576, -0.00963140171302867], [-0.006150339489193053, -0.00963140171302867, 0.005420683945736138]], "chi2_level": 0.99, "chi2_df": 3, "chi2_threshold": 11.344866730144373, "N_raw": 58, "N_roi": 58, "N_inlier": 57, "refit": true}
{"timestamp": "14:58:30.959270", "frame": 86, "mu": [-2.109901720069825, 1.092018450804099, 1.1036129935102879], "Sigma": [[0.006819294586852792, 0.0059071554028594375, -0.002490182040086139], [0.0059071554028594375, 0.012092859659263473, -0.006775395612112815], [-0.002490182040086139, -0.006775395612112815, 0.006575124263746011]], "chi2_level": 0.99, "chi2_df": 3, "chi2_threshold": 11.344866730144373, "N_raw": 39, "N_roi": 39, "N_inlier": 37, "refit": true}
{"timestamp": "14:58:31.016801", "frame": 87, "mu": [-2.1057936247571476, 1.0864745452727473, 0.9622848080550405], "Sigma": [[0.00963244116884415, 0.007163605812317815, -0.003877972988267809], [0.0071636058123178145, 0.010780394883396506, -0.010144912131545662], [-0.003877972988267809, -0.01014491213154566, 0.014664474502316234]], "chi2_level": 0.99, "chi2_df": 3, "chi2_threshold": 11.344866730144373, "N_raw": 59, "N_roi": 59, "N_inlier": 58, "refit": true}
{"timestamp": "14:58:31.073359", "frame": 88, "mu": [-2.0867994080728254, 0.9874373549599545, 1.0806027793738076], "Sigma": [[0.014488943580610902, 0.01009139213561672, -0.0018672461093801654], [0.01009139213561672, 0.01264242460246569, -0.008071243989526388], [-0.0018672461093801652, -0.008071243989526388, 0.013496023232185244]], "chi2_level": 0.99, "chi2_df": 3, "chi2_threshold": 11.344866730144373, "N_raw": 69, "N_roi": 69, "N_inlier": 68, "refit": true}
{"timestamp": "14:58:31.127456", "frame": 89, "mu": [-2.0907285020601054, 1.0200365666328566, -0.9292886356280464], "Sigma": [[0.012316145687836537, 0.020071664850214124, 0.006993416164358853], [0.020071664850214124, 0.05466601736755141, 0.012796954826506985], [0.0069934161643588535, 0.012796954826506985, 0.015449793134396938]], "chi2_level": 0.99, "chi2_df": 3, "chi2_threshold": 11.344866730144373, "N_raw": 62, "N_roi": 62, "N_inlier": 62, "refit": true}
{"timestamp": "14:58:31.182297", "frame": 90, "mu": [-2.0519605232352385, 0.9545757002386356, 1.1024383901162547], "Sigma": [[0.010294348800590802, 0.008544595028658574, 0.00034243694986290773], [0.008544595028658574, 0.010949920709236045, -0.0045465508591342055], [0.0003424369498629076, -0.0045465508591342055, 0.019389947725947737]], "chi2_level": 0.99, "chi2_df": 3, "chi2_threshold": 11.344866730144373, "N_raw": 59, "N_roi": 59, "N_inlier": 59, "refit": true}
{"timestamp": "14:58:31.236088", "frame": 91, "mu": [-2.0204122876260064, 0.962923029761789, 1.1478119151103583], "Sigma": [[0.011041227490422781, 0.006216157632712076, -0.004295172625545596], [0.006216157632712075, 0.00968777664802537, -0.008769489814713798], [-0.004295172625545596, -0.0087694898147138, 0.011696456328112137]], "chi2_level": 0.99, "chi2_df": 3, "chi2_threshold": 11.344866730144373, "N_raw": 56, "N_roi": 56, "N_inlier": 55, "refit": true}
{"timestamp": "14:58:31.293562", "frame": 92, "mu": [-2.0006500433285757, 0.8796780222866556, 1.1026948915838415], "Sigma": [[0.014432529887448546, 0.009204818479943349, -0.006284495897930814], [0.009204818479943349, 0.013053572200043027, -0.012589972575779873], [-0.006284495897930815, -0.012589972575779873, 0.01685025728572108]], "chi2_level": 0.99, "chi2_df": 3, "chi2_threshold": 11.344866730144373, "N_raw": 76, "N_roi": 76, "N_inlier": 76, "refit": true}
{"timestamp": "14:58:31.349250", "frame": 93, "mu": [-1.9815971427525778, 0.7909941778991277, 0.9843443906592637], "Sigma": [[0.013020693658246091, 0.014909910826768406, 0.002414503396168894], [0.014909910826768407, 0.020175389287424666, -0.0010879335764534756], [0.0024145033961688943, -0.0010879335764534758, 0.022287092968357423]], "chi2_level": 0.99, "chi2_df": 3, "chi2_threshold": 11.344866730144373, "N_raw": 73, "N_roi": 73, "N_inlier": 72, "refit": true}
{"timestamp": "14:58:31.407574", "frame": 94, "mu": [-1.9576983350990314, 0.8157427210483869, 0.9958220999618015], "Sigma": [[0.01795391553419624, 0.016121465664689343, 0.00316196186842228], [0.016121465664689343, 0.022253160451373728, -0.001236925984171779], [0.0031619618684222794, -0.0012369259841717795, 0.020964156932357786]], "chi2_level": 0.99, "chi2_df": 3, "chi2_threshold": 11.344866730144373, "N_raw": 92, "N_roi": 92, "N_inlier": 90, "refit": true}
{"timestamp": "14:58:31.460429", "frame": 95, "mu": [-1.9656956950476079, 0.7482348454034307, 0.9910523182486815], "Sigma": [[0.0108573364733117, 0.013020214505372659, 0.004382966606045787], [0.013020214505372659, 0.019071910782081668, 0.005192916039598745], [0.004382966606045787, 0.005192916039598745, 0.03862648700013349]], "chi2_level": 0.99, "chi2_df": 3, "chi2_threshold": 11.344866730144373, "N_raw": 80, "N_roi": 80, "N_inlier": 78, "refit": true}
{"timestamp": "14:58:31.512330", "frame": 96, "mu": [-1.9043135921442607, 0.9157947233868732, -0.8270188479977764], "Sigma": [[0.011758178159269916, 0.017885626856173682, 0.006658418641829296], [0.017885626856173682, 0.05544617730190735, 0.013456355252528307], [0.006658418641829296, 0.013456355252528307, 0.008964763204125908]], "chi2_level": 0.99, "chi2_df": 3, "chi2_threshold": 11.344866730144373, "N_raw": 63, "N_roi": 63, "N_inlier": 63, "refit": true}
{"timestamp": "14:58:31.566711", "frame": 97, "mu": [-1.8858375214126362, 0.7740132482694688, 1.0604782885567106], "Sigma": [[0.009154447496460954, 0.007456128023081253, 0.00027680402347334486], [0.007456128023081252, 0.011716075764831678, -0.005414667174673383], [0.00027680402347334454, -0.005414667174673383, 0.015073305105863908]], "chi2_level": 0.99, "chi2_df": 3, "chi2_threshold": 11.344866730144373, "N_raw": 63, "N_roi": 63, "N_inlier": 63, "refit": true}
{"timestamp": "14:58:31.619906", "frame": 98, "mu": [-1.8621415273880868, 0.6150483596251368, 0.9990599905129706], "Sigma": [[0.00828960833196943, 0.00886288007851366, 0.006111397215943408], [0.00886288007851366, 0.012558926720962526, 0.004180793599067358], [0.0061113972159434074, 0.004180793599067358, 0.019158113528564613]], "chi2_level": 0.99, "chi2_df": 3, "chi2_threshold": 11.344866730144373, "N_raw": 49, "N_roi": 49, "N_inlier": 48, "refit": true}
{"timestamp": "14:58:31.678298", "frame": 99, "mu": [-1.8264473290227512, 0.6349637746046322, 1.075650402848507], "Sigma": [[0.01010295687807474, 0.004603724142728333, -0.0021701710394365276], [0.004603724142728333, 0.015083377632346904, -0.007719918985180036], [-0.002170171039436528, -0.007719918985180036, 0.00580687872122441]], "chi2_level": 0.99, "chi2_df": 3, "chi2_threshold": 11.344866730144373, "N_raw": 65, "N_roi": 65, "N_inlier": 57, "refit": true}
