{"timestamp": "14:12:38.466594", "frame": 1, "mu": [1.1486986157998842, 1.0989159796528933, 1.1974107360495785], "Sigma": [[0.007319558796682457, -0.001995435395921077, -0.0015652784672015789], [-0.001995435395921077, 0.0018611683804434954, -0.0014340521768088346], [-0.0015652784672015789, -0.0014340521768088346, 0.004213833464272886]], "chi2_level": 0.99, "chi2_df": 3, "chi2_threshold": 11.344866730144373, "N_raw": 41, "N_roi": 41, "N_inlier": 39, "refit": true}
{"timestamp": "14:12:38.521151", "frame": 2, "mu": [1.0488910916657668, 1.196015906592384, 1.3120985095824722], "Sigma": [[0.010120789750727012, -0.0009690668611120534, -0.017668665833267372], [-0.0009690668611120533, 0.0012806504488725627, 0.0003330163877122784], [-0.017668665833267372, 0.0003330163877122782, 0.03750689130963773]], "chi2_level": 0.99, "chi2_df": 3, "chi2_threshold": 11.344866730144373, "N_raw": 40, "N_roi": 40, "N_inlier": 39, "refit": true}
{"timestamp": "14:12:38.582041", "frame": 3, "mu": [1.094363782166086, 1.1701380260472356, 1.2704407525818948], "Sigma": [[0.012068876283245553, -0.0028927485035937883, -0.01506371831852843], [-0.0028927485035937887, 0.003242143434987889, 0.0003903692586933908], [-0.015063718318528433, 0.0003903692586933908, 0.03255428525697593]], "chi2_level": 0.99, "chi2_df": 3, "chi2_threshold": 11.344866730144373, "N_raw": 64, "N_roi": 64, "N_inlier": 64, "refit": true}
{"timestamp": "14:12:38.630155", "frame": 4, "mu": [1.113759891074994, 1.1863988872137634, 1.299727603373947], "Sigma": [[0.004645908681528755, 0.0017177201578329302, -0.005098942502989102], [0.0017177201578329302, 0.0030655292997553403, -0.0035014325616701406], [-0.005098942502989102, -0.00350143256167014, 0.010360606843858434]], "chi2_level": 0.99, "chi2_df": 3, "chi2_threshold": 11.344866730144373, "N_raw": 17, "N_roi": 17, "N_inlier": 17, "refit": true}
{"timestamp": "14:12:38.683421", "frame": 5, "mu": [1.1022897592829457, 1.12804626334776, 1.352628974887065], "Sigma": [[0.009192363542649516, -0.001921269544301637, -0.012026779416045503], [-0.0019212695443016365, 0.004463212996669358, -0.0013896258985008328], [-0.012026779416045501, -0.0013896258985008332, 0.020697314363359236]], "chi2_level": 0.99, "chi2_df": 3, "chi2_threshold": 11.344866730144373, "N_raw": 7, "N_roi": 7, "N_inlier": 7, "refit": true}
{"timestamp": "14:12:38.738572", "frame": 6, "mu": [1.101951892326369, 1.1179286363792322, 1.2748093688844568], "Sigma": [[0.009773605392044268, -0.00461991703459835, -0.017133262987815357], [-0.00461991703459835, 0.00493544713267151, 0.00814728724453368], [-0.017133262987815357, 0.00814728724453368, 0.030835759945637267]], "chi2_level": 0.99, "chi2_df": 3, "chi2_threshold": 11.344866730144373, "N_raw": 7, "N_roi": 7, "N_inlier": 6, "refit": true}
{"timestamp": "14:12:38.795489", "frame": 7, "mu": [0.9939175699366414, 1.179597687213519, 1.494064930479747], "Sigma": [[0.006666429722814278, -0.002019132042489241, -0.004755611254633929], [-0.002019132042489241, 0.0026285854815958987, 0.0009300679121671023], [-0.004755611254633929, 0.0009300679121671024, 0.004455052362053979]], "chi2_level": 0.99, "chi2_df": 3, "chi2_threshold": 11.344866730144373, "N_raw": 27, "N_roi": 27, "N_inlier": 25, "refit": true}
{"timestamp": "14:12:38.852523", "frame": 8, "mu": [0.9860433568897795, 1.181341696723116, 1.5117808759326747], "Sigma": [[0.005970234067672384, -0.002954754175687326, -0.0030543642133239518], [-0.0029547541756873266, 0.00355209218531275, 0.0013577902740565587], [-0.0030543642133239518, 0.0013577902740565587, 0.0021880364203458644]], "chi2_level": 0.99, "chi2_df": 3, "chi2_threshold": 11.344866730144373, "N_raw": 29, "N_roi": 28, "N_inlier": 26, "refit": true}
{"timestamp": "14:12:38.905228", "frame": 9, "mu": [1.00851687686753, 1.1497523112209849, 1.4796996916014338], "Sigma": [[0.006829100564472573, -0.0028210043238044162, -0.007760463022888015], [-0.0028210043238044162, 0.002242185389655009, 0.0029435009807626264], [-0.007760463022888015, 0.0029435009807626264, 0.010157209506646626]], "chi2_level": 0.99, "chi2_df": 3, "chi2_threshold": 11.344866730144373, "N_raw": 17, "N_roi": 17, "N_inlier": 17, "refit": true}
{"timestamp": "14:12:38.959266", "frame": 10, "mu": [1.1753890581172828, 1.0692369519664888, 1.0004928923144643], "Sigma": [[0.0027934501231716494, -0.0027035884475699, -0.023189619455263048], [-0.0027035884475699, 0.007777830077952806, 0.02629197792572749], [-0.023189619455263048, 0.02629197792572749, 0.26208323865694716]], "chi2_level": 0.99, "chi2_df": 3, "chi2_threshold": 11.344866730144373, "N_raw": 7, "N_roi": 7, "N_inlier": 7, "refit": true}
{"timestamp": "14:12:39.012990", "frame": 11, "mu": [0.9464814377183142, 1.1792377261641158, 1.5072119283219312], "Sigma": [[0.002289500374338981, -0.0003328226068907597, -0.0008834961072799027], [-0.0003328226068907597, 0.001881354346671037, 8.711307432308896e-05], [-0.0008834961072799027, 8.711307432308897e-05, 0.0005907683645075761]], "chi2_level": 0.99, "chi2_df": 3, "chi2_threshold": 11.344866730144373, "N_raw": 14, "N_roi": 14, "N_inlier": 12, "refit": true}
{"timestamp": "14:12:39.068067", "frame": 12, "mu": [0.9933501050920955, 1.1382740022591065, 1.4326731659979728], "Sigma": [[0.011371122439139047, -0.007408092179847604, -0.016413808764579846], [-0.007408092179847604, 0.005460857083125141, 0.010623688062488802], [-0.016413808764579846, 0.010623688062488803, 0.0247155584201815]], "chi2_level": 0.99, "chi2_df": 3, "chi2_threshold": 11.344866730144373, "N_raw": 12, "N_roi": 12, "N_inlier": 11, "refit": true}
{"timestamp": "14:12:39.125603", "frame": 13, "mu": [1.076338379321326, 1.0887996229422, 1.3095987088789112], "Sigma": [[0.004334837678764347, -0.0038217911452035932, -0.0053654284722735035], [-0.0038217911452035932, 0.00435363923757808, 0.00408804707346974], [-0.0053654284722735035, 0.004088047073469739, 0.008501242486219343]], "chi2_level": 0.99, "chi2_df": 3, "chi2_threshold": 11.344866730144373, "N_raw": 24, "N_roi": 24, "N_inlier": 22, "refit": true}
{"timestamp": "14:12:39.177766", "frame": 14, "mu": [1.0530422040986154, 1.066674810492226, 1.3406549424751555], "Sigma": [[0.010052892771559569, -0.003750979329932168, -0.012736826542198649], [-0.003750979329932168, 0.0018062015180707787, 0.004915176740402746], [-0.01273682654219865, 0.004915176740402746, 0.01710459834906254]], "chi2_level": 0.99, "chi2_df": 3, "chi2_threshold": 11.344866730144373, "N_raw": 5, "N_roi": 5, "N_inlier": 5, "refit": true}
{"timestamp": "14:12:39.234502", "frame": 15, "mu": [1.1076148565285615, 1.0137561420803378, 1.1625389115060434], "Sigma": [[0.0027979415853976617, -0.0012105511153486844, -0.0034804966883010898], [-0.0012105511153486844, 0.0024309003567603675, 0.0002337945792116151], [-0.0034804966883010893, 0.00023379457921161482, 0.007532414745299919]], "chi2_level": 0.99, "chi2_df": 3, "chi2_threshold": 11.344866730144373, "N_raw": 20, "N_roi": 20, "N_inlier": 19, "refit": true}
{"timestamp": "14:12:39.291000", "frame": 16, "mu": [1.0802956121596718, 1.1148423002272494, 1.2664318847377118], "Sigma": [[0.0042681945633322275, -0.001293621991104092, -0.005000636477396292], [-0.001293621991104092, 0.00233612984145082, 5.0930372299565283e-05], [-0.005000636477396292, 5.093037229956539e-05, 0.009268142120925403]], "chi2_level": 0.99, "chi2_df": 3, "chi2_threshold": 11.344866730144373, "N_raw": 21, "N_roi": 21, "N_inlier": 19, "refit": true}
{"timestamp": "14:12:39.345318", "frame": 17, "mu": [0.9200802595763554, 1.2199080211710565, 1.508628524121168], "Sigma": [[0.003209841751254351, 0.0004437351020162677, -0.0016680974791940342], [0.0004437351020162677, 0.003062118809796896, -0.0001249708977764631], [-0.001668097479194034, -0.0001249708977764631, 0.0010489727253855932]], "chi2_level": 0.99, "chi2_df": 3, "chi2_threshold": 11.344866730144373, "N_raw": 28, "N_roi": 28, "N_inlier": 27, "refit": true}
{"timestamp": "14:12:39.398391", "frame": 18, "mu": [1.0787956375924674, 1.0033737055225456, 0.9804308024079035], "Sigma": [[0.049842162469542144, -0.050414536401495534, -0.1441351894733079], [-0.050414536401495534, 0.0570880354491697, 0.14972531923807247], [-0.1441351894733079, 0.14972531923807247, 0.42036901501754426]], "chi2_level": 0.99, "chi2_df": 3, "chi2_threshold": 11.344866730144373, "N_raw": 9, "N_roi": 9, "N_inlier": 9, "refit": true}
{"timestamp": "14:12:39.458114", "frame": 19, "mu": [0.8809649439729151, 1.2065890781842836, 1.4668722401641658], "Sigma": [[0.0038632030694050797, -0.0010399745598284255, -0.004889938890588411], [-0.0010399745598284257, 0.0032998086236793117, 0.00041721188434003833], [-0.004889938890588411, 0.00041721188434003833, 0.009702103341488749]], "chi2_level": 0.99, "chi2_df": 3, "chi2_threshold": 11.344866730144373, "N_raw": 39, "N_roi": 39, "N_inlier": 37, "refit": true}
{"timestamp": "14:12:39.510296", "frame": 20, "mu": [0.8573547023345001, 1.1881031722731443, 1.5032529996448742], "Sigma": [[0.0024631747885652897, -0.0004637338943314379, -0.0021068033954730787], [-0.0004637338943314379, 0.002207359417459211, -0.00019806341202920346], [-0.0021068033954730787, -0.00019806341202920346, 0.0021493469348432353]], "chi2_level": 0.99, "chi2_df": 3, "chi2_threshold": 11.344866730144373, "N_raw": 21, "N_roi": 21, "N_inlier": 19, "refit": true}
{"timestamp": "14:12:39.573576", "frame": 21, "mu": [0.9408401869746665, 1.0332858487868368, 0.7590148929173189], "Sigma": [[0.013574163755760133, -0.013273049076289302, -0.06074751900381706], [-0.0132730490762893, 0.019990562828783982, 0.08582071426155069], [-0.06074751900381706, 0.08582071426155068, 0.5298183131785469]], "chi2_level": 0.99, "chi2_df": 3, "chi2_threshold": 11.344866730144373, "N_raw": 82, "N_roi": 82, "N_inlier": 80, "refit": true}
{"timestamp": "14:12:39.626702", "frame": 22, "mu": [0.8297036551407365, 1.143948594580707, 1.2113547710949977], "Sigma": [[0.005013971039090951, -0.001186405625860811, -0.00341634353956383], [-0.001186405625860811, 0.013970342619820721, 0.05796351926288111], [-0.00341634353956383, 0.05796351926288111, 0.3521637211719234]], "chi2_level": 0.99, "chi2_df": 3, "chi2_threshold": 11.344866730144373, "N_raw": 57, "N_roi": 57, "N_inlier": 56, "refit": true}
{"timestamp": "14:12:39.680981", "frame": 23, "mu": [0.739168791450305, 1.0596143938902978, 0.8375976911907735], "Sigma": [[0.006307776519023016, 0.003177434283594743, 0.03296523012614829], [0.003177434283594742, 0.027173047178538495, 0.1159963906501847], [0.0329652301261483, 0.11599639065018469, 0.6231926192358447]], "chi2_level": 0.99, "chi2_df": 3, "chi2_threshold": 11.344866730144373, "N_raw": 60, "N_roi": 60, "N_inlier": 59, "refit": true}
{"timestamp": "14:12:39.738983", "frame": 24, "mu": [0.7995894578605537, 1.1764602649668723, 1.3829829378378462], "Sigma": [[0.005071214112039025, -0.0005168008034097544, -0.005751150670678097], [-0.0005168008034097543, 0.004380775567612988, -0.0035394303031305594], [-0.005751150670678097, -0.0035394303031305594, 0.011723274627462196]], "chi2_level": 0.99, "chi2_df": 3, "chi2_threshold": 11.344866730144373, "N_raw": 76, "N_roi": 76, "N_inlier": 70, "refit": true}
{"timestamp": "14:12:39.791656", "frame": 25, "mu": [0.7350363779015638, 1.1616989265987987, 1.453076472249521], "Sigma": [[0.0046927721249522955, -0.0007070147176001067, -0.002174120850520204], [-0.0007070147176001067, 0.005712101208994455, -0.00045060669084301456], [-0.002174120850520204, -0.0004506066908430145, 0.0016504246396272621]], "chi2_level": 0.99, "chi2_df": 3, "chi2_threshold": 11.344866730144373, "N_raw": 61, "N_roi": 61, "N_inlier": 57, "refit": true}
{"timestamp": "14:12:39.850319", "frame": 26, "mu": [0.7124985644308441, 1.2035306235936636, -0.15069867362112335], "Sigma": [[0.00731618751911246, -0.0034597858084888782, 0.020853104049008194], [-0.0034597858084888774, 0.010866582438432908, -0.058023678010988525], [0.02085310404900819, -0.058023678010988525, 0.5973789014026419]], "chi2_level": 0.99, "chi2_df": 3, "chi2_threshold": 11.344866730144373, "N_raw": 84, "N_roi": 84, "N_inlier": 80, "refit": true}
{"timestamp": "14:12:39.910336", "frame": 27, "mu": [0.6902623121768818, 1.029591078141559, 1.1769668278578365], "Sigma": [[0.00653397151453734, -0.005814483355129182, -0.014182094732147297], [-0.005814483355129182, 0.014002397346454436, 0.028594711839374565], [-0.014182094732147297, 0.028594711839374565, 0.09105816274216644]], "chi2_level": 0.99, "chi2_df": 3, "chi2_threshold": 11.344866730144373, "N_raw": 110, "N_roi": 110, "N_inlier": 105, "refit": true}
{"timestamp": "14:12:39.962048", "frame": 28, "mu": [0.613839802222349, 1.065355590897068, 1.2931378373140219], "Sigma": [[0.004641394676039725, -0.0015726883874028251, -0.007037607210124728], [-0.0015726883874028251, 0.0053815254221918985, 0.009948977187553791], [-0.007037607210124728, 0.009948977187553791, 0.058780449909736035]], "chi2_level": 0.99, "chi2_df": 3, "chi2_threshold": 11.344866730144373, "N_raw": 95, "N_roi": 95, "N_inlier": 92, "refit": true}
{"timestamp": "14:12:40.016154", "frame": 29, "mu": [0.5375755489012203, 1.1116269348095709, 1.2842772770446451], "Sigma": [[0.003320684579058944, -0.0012465641790665913, -0.0009809773441506104], [-0.0012465641790665913, 0.00362625054377098, -0.005281765381223674], [-0.0009809773441506102, -0.005281765381223674, 0.030273102707038948]], "chi2_level": 0.99, "chi2_df": 3, "chi2_threshold": 11.344866730144373, "N_raw": 91, "N_roi": 91, "N_inlier": 91, "refit": true}
{"timestamp": "14:12:40.066298", "frame": 30, "mu": [0.5197216273689569, 1.102577946963342, 1.4066547483820833], "Sigma": [[0.0034321173051157596, 0.0008469681999039084, -0.0017728430102252743], [0.0008469681999039084, 0.0034550850409821375, -0.0030270255355155234], [-0.001772843010225274, -0.0030270255355155234, 0.007242089788662526]], "chi2_level": 0.99, "chi2_df": 3, "chi2_threshold": 11.344866730144373, "N_raw": 56, "N_roi": 56, "N_inlier": 53, "refit": true}
{"timestamp": "14:12:40.125244", "frame": 31, "mu": [0.44867802323773726, 1.0976679637992506, 1.3078611969355547], "Sigma": [[0.002795493466414837, -3.6054607224926676e-05, -0.00029982491204396685], [-3.605460722492676e-05, 0.0020361948589403614, -0.004779940401471273], [-0.000299824912043967, -0.004779940401471273, 0.032872666003787895]], "chi2_level": 0.99, "chi2_df": 3, "chi2_threshold": 11.344866730144373, "N_raw": 86, "N_roi": 86, "N_inlier": 85, "refit": true}
{"timestamp": "14:12:40.178150", "frame": 32, "mu": [0.41910373105703314, 1.078909950943125, 1.3089194158083146], "Sigma": [[0.0030588537655681673, -0.0019193174024466051, -0.004220335982005167], [-0.001919317402446605, 0.005027295523672411, -0.0021128522897806683], [-0.004220335982005167, -0.0021128522897806683, 0.018513704195443452]], "chi2_level": 0.99, "chi2_df": 3, "chi2_threshold": 11.344866730144373, "N_raw": 68, "N_roi": 68, "N_inlier": 64, "refit": true}
{"timestamp": "14:12:40.228085", "frame": 33, "mu": [0.30108437713977754, 1.1883894313346075, 1.1185433734743373], "Sigma": [[0.0023398024953066024, -0.0013416487363224114, -0.008585977011928241], [-0.0013416487363224114, 0.0028225014159137564, 0.0030141736962165278], [-0.008585977011928241, 0.0030141736962165273, 0.20010024884885994]], "chi2_level": 0.99, "chi2_df": 3, "chi2_threshold": 11.344866730144373, "N_raw": 31, "N_roi": 31, "N_inlier": 30, "refit": true}
{"timestamp": "14:12:40.285302", "frame": 34, "mu": [0.3189300299715503, 1.062902918957471, 1.3791144583077044], "Sigma": [[0.0034446287367828144, -0.0005938936323628922, 0.0004586062012834685], [-0.000593893632362892, 0.0026270665044661468, -0.0017726537885244381], [0.0004586062012834685, -0.0017726537885244381, 0.004901850999340362]], "chi2_level": 0.99, "chi2_df": 3, "chi2_threshold": 11.344866730144373, "N_raw": 51, "N_roi": 51, "N_inlier": 46, "refit": true}
{"timestamp": "14:12:40.338779", "frame": 35, "mu": [0.2795439781997197, 1.0659535644707352, 1.080258678108769], "Sigma": [[0.011681876751508054, -0.0034921436511934647, 0.001759889242021211], [-0.0034921436511934642, 0.0027685823713200722, -0.0007902106778291972], [0.0017598892420212092, -0.0007902106778291975, 0.15372881162021548]], "chi2_level": 0.99, "chi2_df": 3, "chi2_threshold": 11.344866730144373, "N_raw": 41, "N_roi": 41, "N_inlier": 39, "refit": true}
{"timestamp": "14:12:40.396152", "frame": 36, "mu": [0.22201866342131787, 1.127119638089358, 1.062845089088364], "Sigma": [[0.0061055663482963715, -0.006309233056257909, -0.014099517445346252], [-0.006309233056257911, 0.01019220590917039, 0.015307007073643328], [-0.014099517445346252, 0.015307007073643328, 0.03854480355396812]], "chi2_level": 0.99, "chi2_df": 3, "chi2_threshold": 11.344866730144373, "N_raw": 53, "N_roi": 53, "N_inlier": 48, "refit": true}
{"timestamp": "14:12:40.448420", "frame": 37, "mu": [0.02682085339527624, 1.0743026843908212, 0.8667930956056716], "Sigma": [[0.004284310081866299, 0.000521230333149722, 0.005092024026687977], [0.0005212303331497219, 0.004821703578781139, -0.003287377733709094], [0.005092024026687978, -0.0032873777337090937, 0.08164897764237689]], "chi2_level": 0.99, "chi2_df": 3, "chi2_threshold": 11.344866730144373, "N_raw": 36, "N_roi": 36, "N_inlier": 34, "refit": true}
{"timestamp": "14:12:40.503151", "frame": 38, "mu": [0.1524096341845321, 1.0540089412548412, 1.2234800486607302], "Sigma": [[0.002268491948568204, -0.0009695929465773839, -0.003574622647135424], [-0.0009695929465773838, 0.0052119822208720025, -0.006874029160036014], [-0.003574622647135424, -0.006874029160036014, 0.05258652497206856]], "chi2_level": 0.99, "chi2_df": 3, "chi2_threshold": 11.344866730144373, "N_raw": 34, "N_roi": 33, "N_inlier": 29, "refit": true}
{"timestamp": "14:12:40.564066", "frame": 39, "mu": [0.011220988275449463, 1.1503040446729689, 1.3517927494691921], "Sigma": [[0.0026426899151482026, -0.003195371372002247, -0.00259114910237129], [-0.0031953713720022465, 0.011962651468093336, 0.010789424346113801], [-0.0025911491023712895, 0.010789424346113803, 0.04199611753638184]], "chi2_level": 0.99, "chi2_df": 3, "chi2_threshold": 11.344866730144373, "N_raw": 81, "N_roi": 81, "N_inlier": 77, "refit": true}
{"timestamp": "14:12:40.623351", "frame": 40, "mu": [-0.02859486181596591, 1.254520610447113, -0.5054620945206685], "Sigma": [[0.003162000648778822, 0.001263497988561313, 0.006948844896379797], [0.001263497988561313, 0.006536910881056122, 0.0008330787268916282], [0.006948844896379797, 0.0008330787268916277, 0.08015263993028812]], "chi2_level": 0.99, "chi2_df": 3, "chi2_threshold": 11.344866730144373, "N_raw": 109, "N_roi": 109, "N_inlier": 106, "refit": true}
{"timestamp": "14:12:40.671916", "frame": 41, "mu": [-0.07986987534446162, 1.2466610410387375, -0.32747247565329335], "Sigma": [[0.0028934547034881485, 0.0016052719499352161, 0.006157001143225596], [0.0016052719499352161, 0.006141688725628261, 0.004176965253808557], [0.006157001143225596, 0.004176965253808557, 0.0198389811308776]], "chi2_level": 0.99, "chi2_df": 3, "chi2_threshold": 11.344866730144373, "N_raw": 59, "N_roi": 57, "N_inlier": 56, "refit": true}
{"timestamp": "14:12:40.727256", "frame": 42, "mu": [-0.1514667518308227, 1.218176093599888, 1.523440765911836], "Sigma": [[0.0033103485424471535, -0.0005516598361044556, -0.0012916581834932122], [-0.0005516598361044556, 0.004730161583295012, -0.0033144448549707], [-0.0012916581834932122, -0.0033144448549706994, 0.005188290745641433]], "chi2_level": 0.99, "chi2_df": 3, "chi2_threshold": 11.344866730144373, "N_raw": 67, "N_roi": 67, "N_inlier": 66, "refit": true}
{"timestamp": "14:12:40.785380", "frame": 43, "mu": [-0.18094096038059762, 1.150562938496903, 1.3679947512596415], "Sigma": [[0.0033729149888483737, 0.00024527076108198694, 0.00035340610500862377], [0.00024527076108198705, 0.005609214426500712, -0.003677621321837017], [0.00035340610500862377, -0.003677621321837017, 0.0042052846487073215]], "chi2_level": 0.99, "chi2_df": 3, "chi2_threshold": 11.344866730144373, "N_raw": 83, "N_roi": 83, "N_inlier": 79, "refit": true}
{"timestamp": "14:12:40.842549", "frame": 44, "mu": [-0.24950778973863572, 1.1888231620683747, 1.3876352493613993], "Sigma": [[0.004000497814615015, -0.0006190486305733432, -0.00040229392308382625], [-0.0006190486305733433, 0.006647019905585473, -0.005145651551981802], [-0.00040229392308382636, -0.005145651551981802, 0.005457823308699173]], "chi2_level": 0.99, "chi2_df": 3, "chi2_threshold": 11.344866730144373, "N_raw": 99, "N_roi": 99, "N_inlier": 95, "refit": true}
{"timestamp": "14:12:40.902772", "frame": 45, "mu": [-0.28680450883368613, 1.176016102701712, 1.3696777240486082], "Sigma": [[0.003577940807142207, -0.0002810668978823109, -0.003232125734411042], [-0.00028106689788231094, 0.00702277999448775, 0.009587403378313746], [-0.0032321257344110426, 0.009587403378313748, 0.06274901208885461]], "chi2_level": 0.99, "chi2_df": 3, "chi2_threshold": 11.344866730144373, "N_raw": 111, "N_roi": 109, "N_inlier": 105, "refit": true}
{"timestamp": "14:12:40.951728", "frame": 46, "mu": [-0.34855781364395655, 1.1794403296263483, 1.4142319922578583], "Sigma": [[0.004396381899834912, -0.0010366407556981181, -0.0007881662184174701], [-0.0010366407556981184, 0.009514248435660051, -0.000906856674175896], [-0.00078816621841747, -0.0009068566741758963, 0.013894715355117533]], "chi2_level": 0.99, "chi2_df": 3, "chi2_threshold": 11.344866730144373, "N_raw": 95, "N_roi": 95, "N_inlier": 93, "refit": true}
{"timestamp": "14:12:41.012118", "frame": 47, "mu": [-0.42051564375233136, 1.1830675146916794, 1.3145125709006718], "Sigma": [[0.006965526847754605, -0.0015135766294276211, -0.008098745242466187], [-0.0015135766294276207, 0.009526121559395495, 0.00030608308683148066], [-0.008098745242466187, 0.00030608308683148055, 0.02894460871360703]], "chi2_level": 0.99, "chi2_df": 3, "chi2_threshold": 11.344866730144373, "N_raw": 124, "N_roi": 124, "N_inlier": 121, "refit": true}
{"timestamp": "14:12:41.062824", "frame": 48, "mu": [-0.4807902351362675, 1.119359022037385, 1.2904094705738447], "Sigma": [[0.004911305929326477, -0.0011447691273125437, -0.00288194373940886], [-0.0011447691273125437, 0.008821487564070831, 0.006806659312461804], [-0.0028819437394088598, 0.0068066593124618035, 0.030286724165374927]], "chi2_level": 0.99, "chi2_df": 3, "chi2_threshold": 11.344866730144373, "N_raw": 92, "N_roi": 92, "N_inlier": 88, "refit": true}
{"timestamp": "14:12:41.121814", "frame": 49, "mu": [-0.5192634153482272, 1.3520180804487316, -0.5383996006773192], "Sigma": [[0.008867236301567428, 0.00816935573411786, -0.021617002552413698], [0.00816935573411786, 0.02277501332608399, -0.030123782390051205], [-0.0216170025524137, -0.0301237823900512, 0.12473810386902176]], "chi2_level": 0.99, "chi2_df": 3, "chi2_threshold": 11.344866730144373, "N_raw": 127, "N_roi": 127, "N_inlier": 124, "refit": true}
{"timestamp": "14:12:41.176675", "frame": 50, "mu": [-0.5932548426239694, 1.2659254717860786, 0.029680739989288028], "Sigma": [[0.006415689340512073, -0.00031773603504124204, 0.03436659166322106], [-0.00031773603504124215, 0.007239371570763696, -0.002111413926346663], [0.03436659166322106, -0.0021114139263466647, 0.417753316748093]], "chi2_level": 0.99, "chi2_df": 3, "chi2_threshold": 11.344866730144373, "N_raw": 117, "N_roi": 114, "N_inlier": 114, "refit": true}
{"timestamp": "14:12:41.232874", "frame": 51, "mu": [-0.6454470414504613, 1.200296665084261, 1.1217230843923651], "Sigma": [[0.006748108768765655, 0.002061728013539444, -0.014857722124137215], [0.002061728013539444, 0.009358841262315938, 0.00736535285834865], [-0.014857722124137215, 0.007365352858348652, 0.17455002938325978]], "chi2_level": 0.99, "chi2_df": 3, "chi2_threshold": 11.344866730144373, "N_raw": 130, "N_roi": 130, "N_inlier": 123, "refit": true}
{"timestamp": "14:12:41.276561", "frame": 52, "mu": [-0.6910542215085845, 1.2999954611442552, 0.7922776518615827], "Sigma": [[0.004385994667649032, -0.000312996808745589, -0.02196204649439503], [-0.00031299680874558917, 0.0033427284135598844, -0.008538960171985837], [-0.02196204649439503, -0.008538960171985837, 0.3259573422445135]], "chi2_level": 0.99, "chi2_df": 3, "chi2_threshold": 11.344866730144373, "N_raw": 48, "N_roi": 48, "N_inlier": 47, "refit": true}
{"timestamp": "14:12:41.334208", "frame": 53, "mu": [-0.8624720720308102, 1.205226370923922, 1.4323164866881886], "Sigma": [[0.04450702462603647, 0.030819709680048372, -0.02704605228418169], [0.030819709680048372, 0.026910530628758277, -0.01473611978311257], [-0.027046052284181686, -0.014736119783112567, 0.03598158973539037]], "chi2_level": 0.99, "chi2_df": 3, "chi2_threshold": 11.344866730144373, "N_raw": 79, "N_roi": 79, "N_inlier": 76, "refit": true}
{"timestamp": "14:12:41.389344", "frame": 54, "mu": [-0.835643181290658, 1.2800242177916317, 1.4849024374844693], "Sigma": [[0.021608584585491357, 0.011439591399324876, -0.006639924167355945], [0.011439591399324874, 0.012859887649941502, -0.00490506524115977], [-0.006639924167355945, -0.004905065241159771, 0.0031418282060957526]], "chi2_level": 0.99, "chi2_df": 3, "chi2_threshold": 11.344866730144373, "N_raw": 83, "N_roi": 83, "N_inlier": 77, "refit": true}
{"timestamp": "14:12:41.445480", "frame": 55, "mu": [-0.8985897942171892, 1.271823159307972, 1.3737885577518667], "Sigma": [[0.05836900873925831, 0.042259800335325504, -0.029588589589776223], [0.042259800335325504, 0.033157410419791596, -0.02151298575391751], [-0.029588589589776223, -0.02151298575391751, 0.027167243491140032]], "chi2_level": 0.99, "chi2_df": 3, "chi2_threshold": 11.344866730144373, "N_raw": 83, "N_roi": 83, "N_inlier": 81, "refit": true}
{"timestamp": "14:12:41.504652", "frame": 56, "mu": [-0.9754418127312868, 1.2689811431620563, 1.4138036110526984], "Sigma": [[0.0574133143684566, 0.03984163189347696, -0.0373281344275106], [0.03984163189347696, 0.033044804258276064, -0.02904237957481669], [-0.03732813442751061, -0.029042379574816687, 0.04296184984575396]], "chi2_level": 0.99, "chi2_df": 3, "chi2_threshold": 11.344866730144373, "N_raw": 118, "N_roi": 118, "N_inlier": 114, "refit": true}
{"timestamp": "14:12:41.555922", "frame": 57, "mu": [-1.015269624498713, 1.2918675267754285, 1.4246836142026171], "Sigma": [[0.07175869546258151, 0.049363954539297886, -0.03858096475970905], [0.049363954539297886, 0.03700371490493116, -0.030813873372234967], [-0.03858096475970905, -0.030813873372234964, 0.03516983943741184]], "chi2_level": 0.99, "chi2_df": 3, "chi2_threshold": 11.344866730144373, "N_raw": 83, "N_roi": 83, "N_inlier": 78, "refit": true}
{"timestamp": "14:12:41.610617", "frame": 58, "mu": [-1.1013904244154835, 1.3235355566784137, 1.43093645969061], "Sigma": [[0.06599699923730744, 0.031086945372960285, -0.09279122681659135], [0.031086945372960285, 0.022589359278278067, -0.023976311877279645], [-0.09279122681659135, -0.023976311877279645, 0.2562845074869501]], "chi2_level": 0.99, "chi2_df": 3, "chi2_threshold": 11.344866730144373, "N_raw": 86, "N_roi": 86, "N_inlier": 86, "refit": true}
{"timestamp": "14:12:41.666500", "frame": 59, "mu": [-1.1340064762238562, 1.4115515294015077, 1.5523538410266866], "Sigma": [[0.048176425893610625, 0.0287094473166861, -0.06300794015129023], [0.0287094473166861, 0.025028952808844984, -0.02845703281039428], [-0.06300794015129023, -0.02845703281039428, 0.16461882843124387]], "chi2_level": 0.99, "chi2_df": 3, "chi2_threshold": 11.344866730144373, "N_raw": 94, "N_roi": 94, "N_inlier": 93, "refit": true}
{"timestamp": "14:12:41.723272", "frame": 60, "mu": [-1.1271787443001235, 1.4294065749132314, 1.2564539879164829], "Sigma": [[0.04208446896741376, 0.020162749659038727, -0.07697823542770035], [0.020162749659038727, 0.016290959655826897, -0.024318120855066544], [-0.07697823542770035, -0.024318120855066544, 0.29167593448746615]], "chi2_level": 0.99, "chi2_df": 3, "chi2_threshold": 11.344866730144373, "N_raw": 100, "N_roi": 100, "N_inlier": 96, "refit": true}
{"timestamp": "14:12:41.779569", "frame": 61, "mu": [-1.1706814878803442, 1.4737356904444474, 1.2199112726296266], "Sigma": [[0.06333320356914277, 0.04626459243619021, -0.06352472243732409], [0.0462645924361902, 0.039052683218937206, -0.04873825459104125], [-0.06352472243732409, -0.04873825459104125, 0.33675831472461043]], "chi2_level": 0.99, "chi2_df": 3, "chi2_threshold": 11.344866730144373, "N_raw": 113, "N_roi": 113, "N_inlier": 112, "refit": true}
{"timestamp": "14:12:41.833236", "frame": 62, "mu": [-1.230644574430112, 1.4327449831078196, 1.0448527359629616], "Sigma": [[0.09088185765260007, 0.09938428858704604, -0.008179534577015464], [0.09938428858704604, 0.12698142772978996, -0.013158814980793007], [-0.008179534577015469, -0.013158814980793007, 0.2906442324770845]], "chi2_level": 0.99, "chi2_df": 3, "chi2_threshold": 11.344866730144373, "N_raw": 96, "N_roi": 96, "N_inlier": 95, "refit": true}
{"timestamp": "14:12:41.884560", "frame": 63, "mu": [-1.1246091627993113, 1.6438437242900794, 1.4003583508132336], "Sigma": [[0.006592692041153232, 0.0012183657095190313, 0.002755852011934166], [0.0012183657095190315, 0.004445610668888696, -0.0022440513287687713], [0.0027558520119341655, -0.0022440513287687713, 0.1044115783511223]], "chi2_level": 0.99, "chi2_df": 3, "chi2_threshold": 11.344866730144373, "N_raw": 76, "N_roi": 76, "N_inlier": 69, "refit": true}
{"timestamp": "14:12:41.937965", "frame": 64, "mu": [-1.2107702761024832, 1.6477138999212517, 1.1862110050683006], "Sigma": [[0.0687999449796111, 0.04323800388363012, -0.07823616293054704], [0.04323800388363011, 0.035088337809395506, -0.07123979321209764], [-0.07823616293054703, -0.07123979321209765, 0.22479003683921403]], "chi2_level": 0.99, "chi2_df": 3, "chi2_threshold": 11.344866730144373, "N_raw": 67, "N_roi": 67, "N_inlier": 66, "refit": true}
{"timestamp": "14:12:41.990838", "frame": 65, "mu": [-1.0990330868348015, 1.7901308790117512, 1.3006659476267108], "Sigma": [[0.007100209562852139, 0.0015638746139453462, 0.01636342116882321], [0.0015638746139453462, 0.005744951712438376, -0.004685305890510593], [0.01636342116882321, -0.004685305890510593, 0.12743777341103482]], "chi2_level": 0.99, "chi2_df": 3, "chi2_threshold": 11.344866730144373, "N_raw": 48, "N_roi": 48, "N_inlier": 45, "refit": true}
{"timestamp": "14:12:42.047666", "frame": 66, "mu": [-1.1487129562589455, 1.7733603731660668, 1.3021487312026347], "Sigma": [[0.005878780411920769, 0.0013851134603501895, -0.00420993430220434], [0.0013851134603501897, 0.005056328631889876, -0.00021165423215801116], [-0.00420993430220434, -0.00021165423215801094, 0.06720485028217192]], "chi2_level": 0.99, "chi2_df": 3, "chi2_threshold": 11.344866730144373, "N_raw": 67, "N_roi": 67, "N_inlier": 66, "refit": true}
{"timestamp": "14:12:42.101300", "frame": 67, "mu": [-1.1531152527168522, 1.7964534774021947, 1.2220350747280788], "Sigma": [[0.013786527468087728, 0.004146266848728845, 0.013809869009230242], [0.004146266848728845, 0.005131395721652696, 0.004812106709738677], [0.013809869009230244, 0.004812106709738677, 0.06114039863613609]], "chi2_level": 0.99, "chi2_df": 3, "chi2_threshold": 11.344866730144373, "N_raw": 62, "N_roi": 62, "N_inlier": 57, "refit": true}
{"timestamp": "14:12:42.150225", "frame": 68, "mu": [-1.487098080404038, 1.7324609305967402, 1.4890008688860445], "Sigma": [[0.10266843583257158, 0.06569971162691264, -0.094834845253012], [0.06569971162691264, 0.04705305344376768, -0.056113920680209636], [-0.094834845253012, -0.056113920680209636, 0.17461182409369652]], "chi2_level": 0.99, "chi2_df": 3, "chi2_threshold": 11.344866730144373, "N_raw": 15, "N_roi": 14, "N_inlier": 14, "refit": true}
{"timestamp": "14:12:42.210388", "frame": 69, "mu": [-1.2752310105306048, 1.9257861628492807, 1.0844066171107858], "Sigma": [[0.009379348766660254, 0.0015389775440721313, -0.005550379458864982], [0.0015389775440721313, 0.003153465814320081, 0.011995195542296572], [-0.005550379458864981, 0.011995195542296572, 0.08995946424768067]], "chi2_level": 0.99, "chi2_df": 3, "chi2_threshold": 11.344866730144373, "N_raw": 58, "N_roi": 57, "N_inlier": 54, "refit": true}
{"timestamp": "14:12:42.265867", "frame": 70, "mu": [-1.203554685219682, 1.9302344451929425, 0.9949993919667341], "Sigma": [[0.007431549523994584, -0.004507620756626855, -0.011735964482818589], [-0.004507620756626855, 0.014173922445231232, 0.03295231532353524], [-0.01173596448281859, 0.03295231532353524, 0.30045420636993714]], "chi2_level": 0.99, "chi2_df": 3, "chi2_threshold": 11.344866730144373, "N_raw": 60, "N_roi": 60, "N_inlier": 56, "refit": true}
{"timestamp": "14:12:42.319151", "frame": 71, "mu": [-1.2128906337097694, 2.0020981000061937, 0.9516671320890737], "Sigma": [[0.004720205478138961, -0.002135811246650412, -0.008691918032229263], [-0.0021358112466504115, 0.005222746648671992, 0.00932345668113197], [-0.008691918032229263, 0.009323456681131971, 0.25398127287234035]], "chi2_level": 0.99, "chi2_df": 3, "chi2_threshold": 11.344866730144373, "N_raw": 41, "N_roi": 40, "N_inlier": 39, "refit": true}
{"timestamp": "14:12:42.376424", "frame": 72, "mu": [-1.323349943411165, 2.1063765666657606, 1.0427474287260485], "Sigma": [[0.008625297491526629, -0.0007078202405568607, 0.0067485011583582975], [-0.0007078202405568607, 0.002963291482533878, 0.0033374725205377984], [0.0067485011583582975, 0.003337472520537798, 0.26637284132146505]], "chi2_level": 0.99, "chi2_df": 3, "chi2_threshold": 11.344866730144373, "N_raw": 65, "N_roi": 65, "N_inlier": 63, "refit": true}
{"timestamp": "14:12:42.432470", "frame": 73, "mu": [-1.3163038536329446, 2.215949778062244, 0.8627346474413824], "Sigma": [[0.007757084184309054, 0.003101438605350168, 0.003967718281571884], [0.003101438605350168, 0.002300568071105784, 0.011125812528442608], [0.003967718281571884, 0.01112581252844261, 0.19514247527709608]], "chi2_level": 0.99, "chi2_df": 3, "chi2_threshold": 11.344866730144373, "N_raw": 61, "N_roi": 59, "N_inlier": 56, "refit": true}
{"timestamp": "14:12:42.487883", "frame": 74, "mu": [-1.3191223669315852, 2.2245453884729764, 0.9422553860498739], "Sigma": [[0.014721132370737968, 0.00017599369705750204, 0.02898334547116923], [0.00017599369705750234, 0.0029078231414372893, -0.0035042519430907035], [0.02898334547116923, -0.0035042519430907035, 0.17262942612276339]], "chi2_level": 0.99, "chi2_df": 3, "chi2_threshold": 11.344866730144373, "N_raw": 67, "N_roi": 67, "N_inlier": 65, "refit": true}
{"timestamp": "14:12:42.537511", "frame": 75, "mu": [-1.2937470730550986, 2.3208772018600965, 1.0878676587826182], "Sigma": [[0.008354387221484821, -0.0013318288201940437, 0.00691527866934569], [-0.0013318288201940435, 0.0029713040657083052, -0.01821059225046874], [0.00691527866934569, -0.018210592250468744, 0.12691517121846901]], "chi2_level": 0.99, "chi2_df": 3, "chi2_threshold": 11.344866730144373, "N_raw": 32, "N_roi": 32, "N_inlier": 30, "refit": true}
{"timestamp": "14:12:42.590145", "frame": 76, "mu": [-1.2716939459487966, 2.3970294806883454, 1.0349384366771126], "Sigma": [[0.010226479889636595, -0.008501895414774873, 0.033132993550016046], [-0.008501895414774873, 0.012335155288224906, -0.021899808756213057], [0.03313299355001605, -0.021899808756213057, 0.1830870963371314]], "chi2_level": 0.99, "chi2_df": 3, "chi2_threshold": 11.344866730144373, "N_raw": 17, "N_roi": 17, "N_inlier": 16, "refit": true}
{"timestamp": "14:12:42.646481", "frame": 77, "mu": [-1.3515036997841072, 2.3961818454911477, 1.0042469284323796], "Sigma": [[0.010015871984442008, 0.0009274532387002658, 0.005012035134195051], [0.0009274532387002658, 0.008473214417122036, -0.019444257956632564], [0.005012035134195051, -0.019444257956632564, 0.05950163028531786]], "chi2_level": 0.99, "chi2_df": 3, "chi2_threshold": 11.344866730144373, "N_raw": 28, "N_roi": 26, "N_inlier": 25, "refit": true}
{"timestamp": "14:12:42.706960", "frame": 78, "mu": [-1.25190860006097, 2.397908131270161, 0.9930380362610519], "Sigma": [[0.03432038823459874, 0.00713052226137668, 0.036286776953055364], [0.007130522261376681, 0.00380738330469111, 0.01167975140296556], [0.036286776953055364, 0.01167975140296556, 0.10097811756111978]], "chi2_level": 0.99, "chi2_df": 3, "chi2_threshold": 11.344866730144373, "N_raw": 65, "N_roi": 65, "N_inlier": 62, "refit": true}
{"timestamp": "14:12:42.767105", "frame": 79, "mu": [-1.310491754459802, 2.4542182556632586, 0.9680409453703698], "Sigma": [[0.024844107523055266, 0.006036539019975425, 0.0253449583498645], [0.006036539019975425, 0.004950463564059007, 0.013273867833260393], [0.0253449583498645, 0.013273867833260393, 0.10333375882515416]], "chi2_level": 0.99, "chi2_df": 3, "chi2_threshold": 11.344866730144373, "N_raw": 97, "N_roi": 97, "N_inlier": 97, "refit": true}
{"timestamp": "14:12:42.816230", "frame": 80, "mu": [-1.405343073571095, 2.4488101713126498, 0.8357572405125805], "Sigma": [[0.02216903747802028, 0.008791510341679042, 0.05276580321525308], [0.008791510341679042, 0.006299017688868987, 0.032847186973014496], [0.05276580321525308, 0.032847186973014496, 0.24389350410438868]], "chi2_level": 0.99, "chi2_df": 3, "chi2_threshold": 11.344866730144373, "N_raw": 57, "N_roi": 57, "N_inlier": 54, "refit": true}
{"timestamp": "14:12:42.865975", "frame": 81, "mu": [-1.2035724207232825, 2.6568598031689126, 0.9277862539239619], "Sigma": [[0.0151837620217326, 0.0023674297377096424, 0.027978826577661153], [0.0023674297377096424, 0.001285340290461788, 0.0008761457381717521], [0.027978826577661153, 0.0008761457381717519, 0.2122368825540383]], "chi2_level": 0.99, "chi2_df": 3, "chi2_threshold": 11.344866730144373, "N_raw": 26, "N_roi": 26, "N_inlier": 25, "refit": true}
{"timestamp": "14:12:42.919699", "frame": 82, "mu": [-1.2557048243804514, 2.6916545319978407, 0.9032812866367974], "Sigma": [[0.010794466591702986, -0.00027325544022331903, 0.025178282854299676], [-0.00027325544022331887, 0.004526314307075312, -0.005165391081828308], [0.025178282854299672, -0.005165391081828308, 0.2590331030551817]], "chi2_level": 0.99, "chi2_df": 3, "chi2_threshold": 11.344866730144373, "N_raw": 13, "N_roi": 13, "N_inlier": 12, "refit": true}
{"timestamp": "14:12:42.980707", "frame": 83, "mu": [-1.3169637564181298, 2.7193296738023016, 0.8046186447670406], "Sigma": [[0.023939454538630427, -0.002602707029729771, 0.03419459871053591], [-0.0026027070297297713, 0.0027852449284863764, -0.01563704610512638], [0.0341945987105359, -0.01563704610512638, 0.13079312757369124]], "chi2_level": 0.99, "chi2_df": 3, "chi2_threshold": 11.344866730144373, "N_raw": 62, "N_roi": 62, "N_inlier": 61, "refit": true}
{"timestamp": "14:12:43.035004", "frame": 84, "mu": [-1.3018108420476457, 2.7599401802318297, 0.843739986524817], "Sigma": [[0.028980978135185978, -0.0023385331646668, 0.04405983550707582], [-0.0023385331646668, 0.002695457464234796, -0.014626344121582199], [0.04405983550707582, -0.014626344121582199, 0.13771299863527553]], "chi2_level": 0.99, "chi2_df": 3, "chi2_threshold": 11.344866730144373, "N_raw": 50, "N_roi": 49, "N_inlier": 48, "refit": true}
{"timestamp": "14:12:43.144306", "frame": 86, "mu": [-1.1484019780960528, 2.867859669148217, 1.1091503609174278], "Sigma": [[0.014899975372248762, 0.0005913597055738538, -0.008004894906539085], [0.0005913597055738538, 0.0016452365940746927, -0.003223602591192345], [-0.008004894906539085, -0.003223602591192345, 0.011438161187757112]], "chi2_level": 0.99, "chi2_df": 3, "chi2_threshold": 11.344866730144373, "N_raw": 41, "N_roi": 41, "N_inlier": 39, "refit": true}
{"timestamp": "14:12:43.202222", "frame": 87, "mu": [-1.1711660703294637, 2.881892180092644, 0.917557742006579], "Sigma": [[0.012661833416235413, 9.424387249199623e-06, 0.0007234204069867748], [9.424387249199758e-06, 0.00411101907927259, -0.0025339922688356826], [0.0007234204069867744, -0.0025339922688356826, 0.17434744664288176]], "chi2_level": 0.99, "chi2_df": 3, "chi2_threshold": 11.344866730144373, "N_raw": 67, "N_roi": 67, "N_inlier": 67, "refit": true}
