{"timestamp": "13:53:01.223843", "frame": 1, "mu": [-0.5417369435735407, 0.18948806427660522, 1.5473640847917283], "Sigma": [[0.003834108774132417, 0.002830395674514375, -0.0014210794557070728], [0.002830395674514375, 0.0032994708466278226, -0.00303873885322574], [-0.001421079455707073, -0.0030387388532257405, 0.006035704625922239]], "chi2_level": 0.99, "chi2_df": 3, "chi2_threshold": 11.344866730144373, "N_raw": 48, "N_roi": 48, "N_inlier": 43, "refit": true}
{"timestamp": "13:53:01.279802", "frame": 2, "mu": [-0.5842546519826227, 0.18540016891220215, 1.5933690239902454], "Sigma": [[0.006970475921813332, 0.001617834638000833, -0.0020318179522270073], [0.0016178346380008334, 0.002563168978888305, -0.004139698757585701], [-0.0020318179522270073, -0.0041396987575857015, 0.010424747458054339]], "chi2_level": 0.99, "chi2_df": 3, "chi2_threshold": 11.344866730144373, "N_raw": 40, "N_roi": 40, "N_inlier": 36, "refit": true}
{"timestamp": "13:53:01.337607", "frame": 3, "mu": [-0.5206663534709302, 0.2870389095049402, -0.38008416455549465], "Sigma": [[0.08514190249432595, -0.002375266041294285, 0.0027383118831515564], [-0.002375266041294285, 0.0027382323361947753, -0.001033829811216936], [0.0027383118831515564, -0.001033829811216936, 0.002097577812644265]], "chi2_level": 0.99, "chi2_df": 3, "chi2_threshold": 11.344866730144373, "N_raw": 57, "N_roi": 57, "N_inlier": 53, "refit": true}
{"timestamp": "13:53:01.392002", "frame": 4, "mu": [-0.4636129685393845, 0.1835354626127116, 1.5869544573870726], "Sigma": [[0.18681272758708198, -0.0038135490701785135, 0.005853843176631345], [-0.0038135490701785135, 0.0025906103998951354, -0.00361021240969804], [0.005853843176631345, -0.00361021240969804, 0.007443646472519731]], "chi2_level": 0.99, "chi2_df": 3, "chi2_threshold": 11.344866730144373, "N_raw": 48, "N_roi": 48, "N_inlier": 46, "refit": true}
{"timestamp": "13:53:01.448396", "frame": 5, "mu": [-0.5760735215900787, 0.21454385754082045, 1.538116534393062], "Sigma": [[0.0059641121013493, 0.0033010477042275687, -0.0006573256262059331], [0.0033010477042275687, 0.0032096124342016214, -0.002762151050446346], [-0.0006573256262059331, -0.0027621510504463455, 0.005303254093451665]], "chi2_level": 0.99, "chi2_df": 3, "chi2_threshold": 11.344866730144373, "N_raw": 65, "N_roi": 65, "N_inlier": 58, "refit": true}
{"timestamp": "13:53:01.499919", "frame": 6, "mu": [-0.6039078261603147, 0.20907202102951655, 1.4202469887051983], "Sigma": [[0.004804885900849943, 0.0017573545116872373, -0.00936924696242828], [0.0017573545116872373, 0.002876991679604525, -0.00550649200373035], [-0.00936924696242828, -0.00550649200373035, 0.2260064360211886]], "chi2_level": 0.99, "chi2_df": 3, "chi2_threshold": 11.344866730144373, "N_raw": 38, "N_roi": 38, "N_inlier": 38, "refit": true}
{"timestamp": "13:53:01.555963", "frame": 7, "mu": [-0.6230972647567238, 0.2621809837417433, 1.5678543310502435], "Sigma": [[0.005606201206884174, 0.001863480430111131, -0.004730426306341137], [0.001863480430111131, 0.002980031456614773, -0.004525704967106783], [-0.004730426306341138, -0.004525704967106784, 0.009937330428684247]], "chi2_level": 0.99, "chi2_df": 3, "chi2_threshold": 11.344866730144373, "N_raw": 43, "N_roi": 43, "N_inlier": 39, "refit": true}
{"timestamp": "13:53:01.611867", "frame": 8, "mu": [-0.6706872687108183, 0.23345694370329187, 1.5573138635857986], "Sigma": [[0.006075279054626984, 0.0033927320307914448, -0.0015137848833920368], [0.0033927320307914448, 0.0031716659972237334, -0.00292701563743325], [-0.0015137848833920368, -0.00292701563743325, 0.007440226497262257]], "chi2_level": 0.99, "chi2_df": 3, "chi2_threshold": 11.344866730144373, "N_raw": 53, "N_roi": 53, "N_inlier": 48, "refit": true}
{"timestamp": "13:53:01.666237", "frame": 9, "mu": [-0.6628444183699962, 0.2731653870960568, 1.5937061999505437], "Sigma": [[0.005300891261570414, 0.0020992371201601647, -0.003692350368908586], [0.0020992371201601647, 0.0020353250705821843, -0.003278669034899588], [-0.003692350368908586, -0.0032786690348995885, 0.00794651799267831]], "chi2_level": 0.99, "chi2_df": 3, "chi2_threshold": 11.344866730144373, "N_raw": 46, "N_roi": 46, "N_inlier": 42, "refit": true}
{"timestamp": "13:53:01.716684", "frame": 10, "mu": [-0.5445951674560765, 0.38878519468995915, 1.1939315603447378], "Sigma": [[0.002568816831630511, -0.003385851189268416, 0.024646400352728123], [-0.0033858511892684157, 0.009114382679104069, -0.055349012199088464], [0.024646400352728123, -0.055349012199088464, 0.35438513113037723]], "chi2_level": 0.99, "chi2_df": 3, "chi2_threshold": 11.344866730144373, "N_raw": 17, "N_roi": 17, "N_inlier": 16, "refit": true}
{"timestamp": "13:53:01.774426", "frame": 11, "mu": [-0.4572201542698707, 0.38840973098232134, 1.359279036835958], "Sigma": [[0.0009055541053875801, -0.0001161023381945872, 0.00017779696833316043], [-0.00011610233819458714, 0.0005728572864409565, -0.0014080839122946032], [0.00017779696833316038, -0.0014080839122946032, 0.004642331165496672]], "chi2_level": 0.99, "chi2_df": 3, "chi2_threshold": 11.344866730144373, "N_raw": 37, "N_roi": 37, "N_inlier": 34, "refit": true}
{"timestamp": "13:53:01.825365", "frame": 12, "mu": [-0.5523785189195818, 0.5108174641714197, 0.9493772332273271], "Sigma": [[0.011038764410157434, -0.0022039698538465764, 0.013453978716669496], [-0.0022039698538465764, 0.016976272898036906, -0.0785345688415582], [0.013453978716669496, -0.07853456884155821, 0.4182321519872685]], "chi2_level": 0.99, "chi2_df": 3, "chi2_threshold": 11.344866730144373, "N_raw": 11, "N_roi": 11, "N_inlier": 11, "refit": true}
{"timestamp": "13:53:01.883804", "frame": 13, "mu": [-0.6187845773538625, 0.5444842396585149, -0.4677942996902026], "Sigma": [[0.016793088869920054, 0.0156110941246153, -0.0171875015771435], [0.0156110941246153, 0.01670510746835073, -0.01926996024091822], [-0.0171875015771435, -0.01926996024091822, 0.02355456591762032]], "chi2_level": 0.99, "chi2_df": 3, "chi2_threshold": 11.344866730144373, "N_raw": 30, "N_roi": 30, "N_inlier": 28, "refit": true}
{"timestamp": "13:53:01.937991", "frame": 14, "mu": [-0.7236460841031233, 0.410662729036594, 1.594539954046203], "Sigma": [[0.007899733792174731, 0.0021565290124655563, -0.004908586495582358], [0.002156529012465556, 0.0014416501010299932, -0.0025717182665027883], [-0.004908586495582358, -0.0025717182665027883, 0.006926895849516088]], "chi2_level": 0.99, "chi2_df": 3, "chi2_threshold": 11.344866730144373, "N_raw": 27, "N_roi": 27, "N_inlier": 26, "refit": true}
{"timestamp": "13:53:01.994038", "frame": 15, "mu": [-0.4334308592767511, 0.48641362038503366, 1.2223961171103328], "Sigma": [[0.0012968555865557527, -3.248060747563062e-05, 0.00040558595331329633], [-3.248060747563059e-05, 0.000858618961075928, -0.0011447531274975755], [0.00040558595331329633, -0.0011447531274975755, 0.0018391316300603612]], "chi2_level": 0.99, "chi2_df": 3, "chi2_threshold": 11.344866730144373, "N_raw": 31, "N_roi": 31, "N_inlier": 30, "refit": true}
{"timestamp": "13:53:02.051287", "frame": 16, "mu": [-0.4557452792002968, 0.5602224878008714, 1.280408571895503], "Sigma": [[0.015934492921383003, 0.003141882908802732, -0.014799367241171688], [0.003141882908802732, 0.002546105500817698, -0.0062084613347523085], [-0.014799367241171688, -0.0062084613347523085, 0.020905419757013974]], "chi2_level": 0.99, "chi2_df": 3, "chi2_threshold": 11.344866730144373, "N_raw": 49, "N_roi": 49, "N_inlier": 47, "refit": true}
{"timestamp": "13:53:02.108906", "frame": 17, "mu": [-0.41280898357811674, 0.6048050054268127, 1.2698949465305345], "Sigma": [[0.002026189679468149, 0.00017206385928629253, -0.001612542264804249], [0.00017206385928629253, 0.00046628331041120516, -0.0016439368138690424], [-0.0016125422648042489, -0.0016439368138690424, 0.011060162647634516]], "chi2_level": 0.99, "chi2_df": 3, "chi2_threshold": 11.344866730144373, "N_raw": 65, "N_roi": 62, "N_inlier": 59, "refit": true}
{"timestamp": "13:53:02.163180", "frame": 18, "mu": [-0.4015574871726144, 0.7960033925692049, -0.5710750670373246], "Sigma": [[0.004610705700498002, -0.001913199887910003, 0.00036532563487349503], [-0.001913199887910003, 0.0031019871159203446, -0.0008416907758804926], [0.0003653256348734949, -0.0008416907758804926, 0.0004846523297612416]], "chi2_level": 0.99, "chi2_df": 3, "chi2_threshold": 11.344866730144373, "N_raw": 57, "N_roi": 57, "N_inlier": 53, "refit": true}
{"timestamp": "13:53:02.215916", "frame": 19, "mu": [-0.37233347490879687, 0.6766787210297146, 1.253974507163295], "Sigma": [[0.0018215954771032283, -0.0008338824950366142, -5.103609662395289e-05], [-0.0008338824950366143, 0.001239016954128425, -0.0011694894325945293], [-5.103609662395278e-05, -0.0011694894325945293, 0.0022669529591270382]], "chi2_level": 0.99, "chi2_df": 3, "chi2_threshold": 11.344866730144373, "N_raw": 42, "N_roi": 39, "N_inlier": 38, "refit": true}
{"timestamp": "13:53:02.275354", "frame": 20, "mu": [-0.4461563123259659, 0.6953766395324551, 1.3353463834372163], "Sigma": [[0.004226428279893478, 0.0009658690151838715, -0.006534634122837663], [0.0009658690151838715, 0.0005705387281695861, -0.0023466788549354528], [-0.006534634122837663, -0.0023466788549354528, 0.020591655436615848]], "chi2_level": 0.99, "chi2_df": 3, "chi2_threshold": 11.344866730144373, "N_raw": 71, "N_roi": 71, "N_inlier": 67, "refit": true}
{"timestamp": "13:53:02.333338", "frame": 21, "mu": [-0.518720532755937, 0.7550960123456272, 1.4859489762555977], "Sigma": [[0.003168705930387733, -0.000769138370166621, -0.0017290944478454322], [-0.000769138370166621, 0.0013867965772346288, -0.0021434107850773518], [-0.001729094447845432, -0.0021434107850773518, 0.010211340812543549]], "chi2_level": 0.99, "chi2_df": 3, "chi2_threshold": 11.344866730144373, "N_raw": 71, "N_roi": 69, "N_inlier": 61, "refit": true}
{"timestamp": "13:53:02.380111", "frame": 22, "mu": [-0.46763356508050485, 0.9500027027081392, -0.4405726475068976], "Sigma": [[0.0012211709530085425, 0.001831201702564175, -0.004953020287168677], [0.001831201702564175, 0.017148335202482372, -0.03980359622020987], [-0.004953020287168677, -0.03980359622020987, 0.09877349646150657]], "chi2_level": 0.99, "chi2_df": 3, "chi2_threshold": 11.344866730144373, "N_raw": 33, "N_roi": 33, "N_inlier": 30, "refit": true}
{"timestamp": "13:53:02.444480", "frame": 23, "mu": [-0.40438789126057056, 0.8314518009373946, 1.3164391700362617], "Sigma": [[0.00407666816306372, 8.754177305021623e-05, -0.006633132797710649], [8.754177305021621e-05, 0.0014895192526363373, 2.733287407309258e-05], [-0.00663313279771065, 2.7332874073092688e-05, 0.0367169344833256]], "chi2_level": 0.99, "chi2_df": 3, "chi2_threshold": 11.344866730144373, "N_raw": 103, "N_roi": 103, "N_inlier": 101, "refit": true}
{"timestamp": "13:53:02.498584", "frame": 24, "mu": [-0.4202915214366269, 0.8665314575424444, 1.3038954651203245], "Sigma": [[0.00442946544140269, -0.003182569922599252, -0.0019231594647627045], [-0.003182569922599252, 0.003669948707934508, -0.0015404363407693824], [-0.0019231594647627043, -0.0015404363407693824, 0.011811196697961754]], "chi2_level": 0.99, "chi2_df": 3, "chi2_threshold": 11.344866730144373, "N_raw": 90, "N_roi": 90, "N_inlier": 86, "refit": true}
{"timestamp": "13:53:02.554452", "frame": 25, "mu": [-0.41947948225167264, 1.015475850900411, -0.06721359645891906], "Sigma": [[0.00299856406628199, -0.0009011083756813778, 0.02724328096717936], [-0.0009011083756813778, 0.009749903821833451, -0.019609958348395233], [0.02724328096717936, -0.019609958348395237, 0.4930401971648308]], "chi2_level": 0.99, "chi2_df": 3, "chi2_threshold": 11.344866730144373, "N_raw": 98, "N_roi": 98, "N_inlier": 96, "refit": true}
{"timestamp": "13:53:02.606558", "frame": 26, "mu": [-0.3922114461082442, 0.958466791689106, 1.1783494947270077], "Sigma": [[0.005745610727398753, 0.0006342170024216164, -0.002432358768221694], [0.0006342170024216164, 0.002286036374346951, -0.0016046614731448409], [-0.002432358768221694, -0.0016046614731448409, 0.02460466130109139]], "chi2_level": 0.99, "chi2_df": 3, "chi2_threshold": 11.344866730144373, "N_raw": 76, "N_roi": 76, "N_inlier": 74, "refit": true}
{"timestamp": "13:53:02.659443", "frame": 27, "mu": [-0.4584099459228443, 1.1863534634258175, -0.4436559713753643], "Sigma": [[0.004762144144251243, -0.001651278236981839, -0.0014158513572993198], [-0.001651278236981839, 0.003007155410963411, -0.0023920201542265962], [-0.0014158513572993198, -0.0023920201542265962, 0.006333932275369033]], "chi2_level": 0.99, "chi2_df": 3, "chi2_threshold": 11.344866730144373, "N_raw": 59, "N_roi": 58, "N_inlier": 54, "refit": true}
{"timestamp": "13:53:02.717704", "frame": 28, "mu": [-0.48267308216524163, 1.0932925308975034, 1.343572755589976], "Sigma": [[0.0057690453713837705, -0.0012529275328479854, -0.00471201006205458], [-0.0012529275328479854, 0.0013212149109577327, -0.0013808435856514241], [-0.00471201006205458, -0.0013808435856514241, 0.01524657888292145]], "chi2_level": 0.99, "chi2_df": 3, "chi2_threshold": 11.344866730144373, "N_raw": 82, "N_roi": 80, "N_inlier": 77, "refit": true}
{"timestamp": "13:53:02.776206", "frame": 29, "mu": [-0.47699390794245256, 1.1158914301849352, 1.1885689858796173], "Sigma": [[0.007268992584277933, 0.00025650198634627485, -0.005696660958766978], [0.00025650198634627485, 0.0012775770311645898, -0.0009116615886498871], [-0.005696660958766978, -0.000911661588649887, 0.030043463048952276]], "chi2_level": 0.99, "chi2_df": 3, "chi2_threshold": 11.344866730144373, "N_raw": 110, "N_roi": 106, "N_inlier": 102, "refit": true}
{"timestamp": "13:53:02.833515", "frame": 30, "mu": [-0.47235104132797945, 1.225096334425055, 1.3198862912730989], "Sigma": [[0.008203023774956035, -0.0016934601269382615, -0.009171856094117702], [-0.0016934601269382615, 0.0013887156288661191, -4.1157925450752814e-05], [-0.009171856094117702, -4.11579254507526e-05, 0.05115375379895679]], "chi2_level": 0.99, "chi2_df": 3, "chi2_threshold": 11.344866730144373, "N_raw": 123, "N_roi": 122, "N_inlier": 119, "refit": true}
{"timestamp": "13:53:02.885770", "frame": 31, "mu": [-0.46317699710745547, 1.2345524130943684, 1.1837056578050504], "Sigma": [[0.005728982170092495, -0.0014393035573329405, -0.013403035174063896], [-0.0014393035573329405, 0.002496390664419289, -0.0032809029442086887], [-0.013403035174063898, -0.0032809029442086883, 0.20843992947114537]], "chi2_level": 0.99, "chi2_df": 3, "chi2_threshold": 11.344866730144373, "N_raw": 101, "N_roi": 100, "N_inlier": 98, "refit": true}
{"timestamp": "13:53:02.940205", "frame": 32, "mu": [-0.4601288516770064, 1.2981866596373957, 1.2615575889411068], "Sigma": [[0.007362223560533099, -0.0011633737417688348, -0.02031816261242107], [-0.0011633737417688348, 0.00224874013891446, -0.0005973916279170541], [-0.02031816261242107, -0.0005973916279170546, 0.1164114312006312]], "chi2_level": 0.99, "chi2_df": 3, "chi2_threshold": 11.344866730144373, "N_raw": 99, "N_roi": 99, "N_inlier": 97, "refit": true}
{"timestamp": "13:53:02.998791", "frame": 33, "mu": [-0.4423968731881283, 1.3712242007458633, 0.9924771084254048], "Sigma": [[0.0046596227465045, -0.002548870045161314, -0.0025573121438814835], [-0.0025488700451613134, 0.0043533399806114864, -0.011505967464671129], [-0.002557312143881484, -0.011505967464671129, 0.2184054608194055]], "chi2_level": 0.99, "chi2_df": 3, "chi2_threshold": 11.344866730144373, "N_raw": 122, "N_roi": 122, "N_inlier": 121, "refit": true}
{"timestamp": "13:53:03.055518", "frame": 34, "mu": [-0.41885871616957826, 1.4385032508028615, 1.074598311540456], "Sigma": [[0.006744097245424832, -0.0015614814695980202, 0.011956757893076814], [-0.0015614814695980197, 0.010654496298210315, -0.018369349040037182], [0.011956757893076814, -0.018369349040037182, 0.22395544998979056]], "chi2_level": 0.99, "chi2_df": 3, "chi2_threshold": 11.344866730144373, "N_raw": 139, "N_roi": 139, "N_inlier": 138, "refit": true}
{"timestamp": "13:53:03.106784", "frame": 35, "mu": [-0.4781359560910854, 1.4486970479052768, 1.3461431045874446], "Sigma": [[0.007774468403051859, -0.001784581126154644, -0.017132727927267763], [-0.001784581126154644, 0.004119233708740004, 0.007708126335682321], [-0.01713272792726776, 0.007708126335682322, 0.09740791044646621]], "chi2_level": 0.99, "chi2_df": 3, "chi2_threshold": 11.344866730144373, "N_raw": 109, "N_roi": 109, "N_inlier": 104, "refit": true}
{"timestamp": "13:53:03.156943", "frame": 36, "mu": [-0.4338431624722339, 1.491566461402372, 1.3406813547976395], "Sigma": [[0.005884862776336743, 0.0006058038676676075, -0.001001518592179711], [0.0006058038676676075, 0.003337519465344178, -0.004184312097342664], [-0.001001518592179711, -0.004184312097342664, 0.006209774579272485]], "chi2_level": 0.99, "chi2_df": 3, "chi2_threshold": 11.344866730144373, "N_raw": 75, "N_roi": 75, "N_inlier": 71, "refit": true}
{"timestamp": "13:53:03.218605", "frame": 37, "mu": [-0.509449747494777, 1.5353990791702297, 1.183469344311261], "Sigma": [[0.011008858526721092, 0.001057760520070281, 0.0014886760309760117], [0.0010577605200702807, 0.002841550783812992, 0.009154090448640118], [0.0014886760309760119, 0.009154090448640118, 0.08403596115446821]], "chi2_level": 0.99, "chi2_df": 3, "chi2_threshold": 11.344866730144373, "N_raw": 124, "N_roi": 124, "N_inlier": 120, "refit": true}
{"timestamp": "13:53:03.270573", "frame": 38, "mu": [-0.5367512618797222, 1.610716248550423, 1.0152038292848158], "Sigma": [[0.009528477352234893, -0.001153336866416035, 0.025724790311484648], [-0.001153336866416035, 0.005048238156293831, -0.01472566403700135], [0.025724790311484648, -0.01472566403700135, 0.2528221966529788]], "chi2_level": 0.99, "chi2_df": 3, "chi2_threshold": 11.344866730144373, "N_raw": 108, "N_roi": 108, "N_inlier": 108, "refit": true}
{"timestamp": "13:53:03.331071", "frame": 39, "mu": [-0.506377307108334, 1.6768710481932971, -0.10604250966712883], "Sigma": [[0.010069968727127497, -0.004618359243673296, 0.057958054723037916], [-0.004618359243673296, 0.013819638920844169, -0.04589922857833806], [0.057958054723037916, -0.04589922857833806, 0.5822946286552924]], "chi2_level": 0.99, "chi2_df": 3, "chi2_threshold": 11.344866730144373, "N_raw": 141, "N_roi": 141, "N_inlier": 140, "refit": true}
{"timestamp": "13:53:03.379792", "frame": 40, "mu": [-0.4920904099932319, 1.7118700050256241, 1.224794083823504], "Sigma": [[0.006017408610179554, -0.00046947997767294805, 0.003735155904246265], [-0.0004694799776729481, 0.0018736257425852442, 0.000246364360729325], [0.003735155904246265, 0.000246364360729325, 0.06806149591135915]], "chi2_level": 0.99, "chi2_df": 3, "chi2_threshold": 11.344866730144373, "N_raw": 89, "N_roi": 89, "N_inlier": 84, "refit": true}
{"timestamp": "13:53:03.427454", "frame": 41, "mu": [-0.5154660943202247, 1.7426368198872106, 1.0891772887276843], "Sigma": [[0.00693349477897684, 0.0028661664966329907, 0.01693270092329445], [0.0028661664966329907, 0.0024277684943791525, 0.00837780682432927], [0.01693270092329445, 0.00837780682432927, 0.16704697960064815]], "chi2_level": 0.99, "chi2_df": 3, "chi2_threshold": 11.344866730144373, "N_raw": 44, "N_roi": 44, "N_inlier": 42, "refit": true}
{"timestamp": "13:53:03.489336", "frame": 42, "mu": [-0.49287151207223656, 1.8168500298697157, 0.8422425232238776], "Sigma": [[0.013649767258190606, -0.0003507850216740445, 0.05086956494916951], [-0.0003507850216740444, 0.0037215175749052646, -0.005138121481443553], [0.05086956494916951, -0.005138121481443552, 0.4746328834957914]], "chi2_level": 0.99, "chi2_df": 3, "chi2_threshold": 11.344866730144373, "N_raw": 106, "N_roi": 106, "N_inlier": 106, "refit": true}
{"timestamp": "13:53:03.538578", "frame": 43, "mu": [-0.5010409454890863, 1.856278099054052, 0.8275801002116083], "Sigma": [[0.01263721516235962, -0.0006636789191618324, 0.038912557093037405], [-0.0006636789191618324, 0.0022778573664722092, -0.012584707366513802], [0.03891255709303741, -0.012584707366513802, 0.40660723490676703]], "chi2_level": 0.99, "chi2_df": 3, "chi2_threshold": 11.344866730144373, "N_raw": 57, "N_roi": 57, "N_inlier": 56, "refit": true}
{"timestamp": "13:53:03.601851", "frame": 44, "mu": [-0.4329837351536811, 1.9441572929677897, 0.8379467639943311], "Sigma": [[0.014987840226593241, 0.0003904701296833115, 0.030619090712855], [0.00039047012968331126, 0.0046094233863124565, 0.007175862104636991], [0.030619090712855, 0.00717586210463699, 0.32172118163914376]], "chi2_level": 0.99, "chi2_df": 3, "chi2_threshold": 11.344866730144373, "N_raw": 119, "N_roi": 119, "N_inlier": 118, "refit": true}
{"timestamp": "13:53:03.660364", "frame": 45, "mu": [-0.4722687891669802, 2.0258277842299615, 1.0352922706884604], "Sigma": [[0.01871570546417667, -0.0033169581661089994, 0.017137496724839312], [-0.003316958166109, 0.00588063012053725, -0.017702769703810343], [0.01713749672483931, -0.017702769703810343, 0.18003038599707313]], "chi2_level": 0.99, "chi2_df": 3, "chi2_threshold": 11.344866730144373, "N_raw": 130, "N_roi": 130, "N_inlier": 127, "refit": true}
{"timestamp": "13:53:03.715173", "frame": 46, "mu": [-0.49605625110701046, 2.098768963258026, 0.940795588943439], "Sigma": [[0.015633589877232425, 0.0010086947514936775, 0.028568755116732736], [0.0010086947514936773, 0.003768301233022858, -0.00236135030823109], [0.028568755116732736, -0.0023613503082310907, 0.49701268771690293]], "chi2_level": 0.99, "chi2_df": 3, "chi2_threshold": 11.344866730144373, "N_raw": 133, "N_roi": 133, "N_inlier": 133, "refit": true}
{"timestamp": "13:53:03.765929", "frame": 47, "mu": [-0.4604510642387259, 2.1205022704973877, -0.14969021509088945], "Sigma": [[0.016530816830601872, 0.002059635613587729, 0.08536314899668473], [0.0020596356135877286, 0.0037045727378456315, 0.010399525658230699], [0.08536314899668473, 0.010399525658230699, 0.8244465543721275]], "chi2_level": 0.99, "chi2_df": 3, "chi2_threshold": 11.344866730144373, "N_raw": 107, "N_roi": 107, "N_inlier": 106, "refit": true}
{"timestamp": "13:53:03.818178", "frame": 48, "mu": [-0.47385542081489973, 2.164794061193289, 1.263406186349754], "Sigma": [[0.011825746739767976, -1.8428296607043106e-05, -0.017893721811953228], [-1.8428296607043174e-05, 0.0031907107580962215, -0.003704074401028531], [-0.01789372181195323, -0.003704074401028531, 0.06504946639216738]], "chi2_level": 0.99, "chi2_df": 3, "chi2_threshold": 11.344866730144373, "N_raw": 84, "N_roi": 84, "N_inlier": 80, "refit": true}
{"timestamp": "13:53:03.871755", "frame": 49, "mu": [-0.4687601313268728, 2.172310720503281, 1.0647629178534863], "Sigma": [[0.0063445585363768745, -0.002780304070334929, -0.015351418600490307], [-0.002780304070334929, 0.01048997603084173, 0.03759639014067441], [-0.015351418600490307, 0.03759639014067441, 0.22134308806822842]], "chi2_level": 0.99, "chi2_df": 3, "chi2_threshold": 11.344866730144373, "N_raw": 84, "N_roi": 84, "N_inlier": 81, "refit": true}
{"timestamp": "13:53:03.930142", "frame": 50, "mu": [-0.4835600796163249, 2.2572709608957346, 1.0842975858910973], "Sigma": [[0.012786702207513346, -0.0019227435909227805, -0.042754109527247834], [-0.0019227435909227803, 0.006814390808830462, 0.009335993431839277], [-0.042754109527247834, 0.009335993431839277, 0.3597429321670898]], "chi2_level": 0.99, "chi2_df": 3, "chi2_threshold": 11.344866730144373, "N_raw": 105, "N_roi": 105, "N_inlier": 105, "refit": true}
{"timestamp": "13:53:03.987185", "frame": 51, "mu": [-0.4866100252060863, 2.355563172624983, 0.9590253718875135], "Sigma": [[0.011998165050329773, 8.280057326960494e-05, -0.023911197339608448], [8.280057326960483e-05, 0.0033674390105008977, -0.0002664284590276338], [-0.023911197339608448, -0.00026642845902763446, 0.24171357995819268]], "chi2_level": 0.99, "chi2_df": 3, "chi2_threshold": 11.344866730144373, "N_raw": 109, "N_roi": 109, "N_inlier": 109, "refit": true}
{"timestamp": "13:53:04.039743", "frame": 52, "mu": [-0.4792073872298454, 2.4160848016452956, 1.2263913259485846], "Sigma": [[0.011850370332343966, 0.001533326836216118, -0.006551350273647465], [0.0015333268362161183, 0.003938146727078671, -0.01075471855859244], [-0.006551350273647465, -0.01075471855859244, 0.06385432791227283]], "chi2_level": 0.99, "chi2_df": 3, "chi2_threshold": 11.344866730144373, "N_raw": 94, "N_roi": 94, "N_inlier": 89, "refit": true}
{"timestamp": "13:53:04.099450", "frame": 53, "mu": [-0.5066038338906014, 2.4368865891728033, 0.7636559653983813], "Sigma": [[0.013673054613370131, -0.002162855210032555, -0.015583193464103879], [-0.0021628552100325547, 0.0049238224572906485, 0.01874219981497146], [-0.015583193464103879, 0.01874219981497146, 0.47894363498582593]], "chi2_level": 0.99, "chi2_df": 3, "chi2_threshold": 11.344866730144373, "N_raw": 134, "N_roi": 134, "N_inlier": 133, "refit": true}
{"timestamp": "13:53:04.147772", "frame": 54, "mu": [-0.5179711243585869, 2.511398017827307, 1.0948612045769186], "Sigma": [[0.01323557283817338, -0.00021298491713611872, 0.018903105698825577], [-0.00021298491713611883, 0.0034297368621716926, -0.007526460322039505], [0.018903105698825577, -0.007526460322039505, 0.3069058885724949]], "chi2_level": 0.99, "chi2_df": 3, "chi2_threshold": 11.344866730144373, "N_raw": 85, "N_roi": 85, "N_inlier": 84, "refit": true}
{"timestamp": "13:53:04.204078", "frame": 55, "mu": [-0.49107918203758116, 2.5456034688651665, 1.0762295849357637], "Sigma": [[0.012574448533163874, -0.0010978313319232216, -0.016722701811603503], [-0.0010978313319232218, 0.007931946472185739, 0.02426289685860563], [-0.0167227018116035, 0.02426289685860563, 0.5047637680645103]], "chi2_level": 0.99, "chi2_df": 3, "chi2_threshold": 11.344866730144373, "N_raw": 93, "N_roi": 93, "N_inlier": 93, "refit": true}
{"timestamp": "13:53:04.265670", "frame": 56, "mu": [-0.5092867465058387, 2.59772018530629, 0.8065739666983411], "Sigma": [[0.015449376942431165, 0.00021515844548127217, 0.011868995413101133], [0.00021515844548127228, 0.00406418566941805, 0.015960443865635072], [0.011868995413101135, 0.015960443865635072, 0.5155529298059283]], "chi2_level": 0.99, "chi2_df": 3, "chi2_threshold": 11.344866730144373, "N_raw": 136, "N_roi": 136, "N_inlier": 135, "refit": true}
{"timestamp": "13:53:04.319676", "frame": 57, "mu": [-0.5170580710289585, 2.670477153552549, 0.8501100347472449], "Sigma": [[0.013604509095394849, -0.00023168929024307467, -0.003733009843388763], [-0.00023168929024307457, 0.005115049114520829, -0.007429095098889959], [-0.003733009843388764, -0.007429095098889959, 0.47657772243782803]], "chi2_level": 0.99, "chi2_df": 3, "chi2_threshold": 11.344866730144373, "N_raw": 126, "N_roi": 126, "N_inlier": 125, "refit": true}
{"timestamp": "13:53:04.371794", "frame": 58, "mu": [-0.49402866206377516, 2.764230008622622, 0.7140059976259596], "Sigma": [[0.011434360055077588, -0.0010878997378733644, 0.0005077174045893398], [-0.0010878997378733649, 0.016154813665069347, -0.04034539734385225], [0.0005077174045893393, -0.04034539734385225, 0.1436582091760367]], "chi2_level": 0.99, "chi2_df": 3, "chi2_threshold": 11.344866730144373, "N_raw": 111, "N_roi": 111, "N_inlier": 111, "refit": true}
{"timestamp": "13:53:04.423817", "frame": 59, "mu": [-0.5499652398574062, 2.7862653853876362, 1.1315669632030674], "Sigma": [[0.013175664339882846, 0.0018223905989240403, -0.016570610531852485], [0.0018223905989240403, 0.0042074450793615405, -0.021315198969309116], [-0.016570610531852485, -0.021315198969309113, 0.22163554320676482]], "chi2_level": 0.99, "chi2_df": 3, "chi2_threshold": 11.344866730144373, "N_raw": 93, "N_roi": 93, "N_inlier": 93, "refit": true}
{"timestamp": "13:53:04.479667", "frame": 60, "mu": [-0.5459195477486803, 2.8586955311111275, -0.7022789257410935], "Sigma": [[0.015205517240040793, 0.003219831344041404, 0.027854655754791742], [0.003219831344041404, 0.009655155901385834, 0.01506931884694682], [0.027854655754791742, 0.015069318846946822, 0.2051736994082148]], "chi2_level": 0.99, "chi2_df": 3, "chi2_threshold": 11.344866730144373, "N_raw": 97, "N_roi": 97, "N_inlier": 94, "refit": true}
{"timestamp": "13:53:04.536498", "frame": 61, "mu": [-0.5831185895536259, 2.891684850729551, 0.8011656517897019], "Sigma": [[0.01644061290572337, -0.00017652474756307368, -0.011968362481405264], [-0.00017652474756307368, 0.0036377593512255885, 0.0032022433387570294], [-0.011968362481405266, 0.0032022433387570294, 0.29356111748250374]], "chi2_level": 0.99, "chi2_df": 3, "chi2_threshold": 11.344866730144373, "N_raw": 104, "N_roi": 104, "N_inlier": 103, "refit": true}
{"timestamp": "13:53:04.592016", "frame": 62, "mu": [-0.5572477970685542, 3.124067325824729, 0.022067794674931175], "Sigma": [[0.021238807160878802, -0.014284453961518635, 0.0905203113450914], [-0.014284453961518635, 0.02629322375436225, -0.10762362823893407], [0.09052031134509142, -0.10762362823893407, 0.6865312114667753]], "chi2_level": 0.99, "chi2_df": 3, "chi2_threshold": 11.344866730144373, "N_raw": 112, "N_roi": 112, "N_inlier": 111, "refit": true}
{"timestamp": "13:53:04.641991", "frame": 63, "mu": [-0.5604392794128192, 3.042375760427447, 1.205600284249284], "Sigma": [[0.017209763098128376, 0.00016303212177867207, -0.00188221458022763], [0.00016303212177867207, 0.0038893645137224498, -0.010188387336222685], [-0.001882214580227629, -0.010188387336222685, 0.06763314044635522]], "chi2_level": 0.99, "chi2_df": 3, "chi2_threshold": 11.344866730144373, "N_raw": 85, "N_roi": 85, "N_inlier": 82, "refit": true}
{"timestamp": "13:53:04.698292", "frame": 64, "mu": [-0.5291788743732367, 3.079170164216386, 0.8959641357263248], "Sigma": [[0.0175783242193275, 0.0021696706601525883, 0.0028632392306254095], [0.0021696706601525887, 0.0032696976347180557, 0.00427596897786481], [0.0028632392306254103, 0.00427596897786481, 0.40703927085394365]], "chi2_level": 0.99, "chi2_df": 3, "chi2_threshold": 11.344866730144373, "N_raw": 90, "N_roi": 90, "N_inlier": 90, "refit": true}
{"timestamp": "13:53:04.755949", "frame": 65, "mu": [-0.540873058877212, 3.140204442973744, -0.2515710107566833], "Sigma": [[0.01901190928706681, 0.0004826907233374601, 0.08633926369772915], [0.00048269072333746027, 0.005602331617174464, 7.259829283979375e-05], [0.08633926369772915, 7.259829283979505e-05, 0.9333694344367625]], "chi2_level": 0.99, "chi2_df": 3, "chi2_threshold": 11.344866730144373, "N_raw": 107, "N_roi": 107, "N_inlier": 107, "refit": true}
{"timestamp": "13:53:04.811664", "frame": 66, "mu": [-0.5441034691040219, 3.1910543516781966, 0.86031545566406], "Sigma": [[0.021518495407950217, 0.00011230066307471711, 0.01213487205224158], [0.00011230066307471711, 0.00435947041490599, -0.014347809704698487], [0.01213487205224158, -0.014347809704698487, 0.46442276336666183]], "chi2_level": 0.99, "chi2_df": 3, "chi2_threshold": 11.344866730144373, "N_raw": 111, "N_roi": 111, "N_inlier": 108, "refit": true}
{"timestamp": "13:53:04.863395", "frame": 67, "mu": [-0.5662033329470455, 3.259781411682194, -0.058567079171796786], "Sigma": [[0.02607997103405367, 0.004451454764273794, 0.0965831972707125], [0.004451454764273794, 0.013252076508689526, 0.006714800754580996], [0.0965831972707125, 0.006714800754580998, 0.4658990846392817]], "chi2_level": 0.99, "chi2_df": 3, "chi2_threshold": 11.344866730144373, "N_raw": 88, "N_roi": 88, "N_inlier": 85, "refit": true}
{"timestamp": "13:53:04.914990", "frame": 68, "mu": [-0.5616821823695924, 3.2809432942342167, 1.2392393544453861], "Sigma": [[0.02173276938504906, 0.002754445128634175, -0.00942021245168485], [0.0027544451286341744, 0.004878157645848816, -0.011495078383381804], [-0.00942021245168485, -0.011495078383381804, 0.04021949032908531]], "chi2_level": 0.99, "chi2_df": 3, "chi2_threshold": 11.344866730144373, "N_raw": 72, "N_roi": 72, "N_inlier": 67, "refit": true}
{"timestamp": "13:53:04.980991", "frame": 69, "mu": [-0.5637203741450699, 3.403810181347197, 0.9120360084301844], "Sigma": [[0.02559246607883664, -0.002420018761926265, -0.004064466442290968], [-0.0024200187619262646, 0.015684782424764024, -0.05400120705883521], [-0.004064466442290969, -0.05400120705883521, 0.3944779478843456]], "chi2_level": 0.99, "chi2_df": 3, "chi2_threshold": 11.344866730144373, "N_raw": 144, "N_roi": 144, "N_inlier": 144, "refit": true}
{"timestamp": "13:53:05.027677", "frame": 70, "mu": [-0.4476941342739726, 3.50331184217464, 0.053698096792262506], "Sigma": [[0.021634176443952144, -0.0009890091559618345, 0.006487456932230826], [-0.000989009155961835, 0.016859998902736432, -0.048278704371526864], [0.006487456932230827, -0.048278704371526864, 0.16623631913441922]], "chi2_level": 0.99, "chi2_df": 3, "chi2_threshold": 11.344866730144373, "N_raw": 81, "N_roi": 80, "N_inlier": 77, "refit": true}
{"timestamp": "13:53:05.081990", "frame": 71, "mu": [-0.5816921963078027, 3.4997194598432175, 1.2391775255932544], "Sigma": [[0.022000152859362365, -0.00029449126302048497, -0.002318176983909506], [-0.00029449126302048497, 0.009394240868596417, -0.011785551930214546], [-0.0023181769839095076, -0.011785551930214548, 0.27291022462999365]], "chi2_level": 0.99, "chi2_df": 3, "chi2_threshold": 11.344866730144373, "N_raw": 82, "N_roi": 82, "N_inlier": 81, "refit": true}
{"timestamp": "13:53:05.129192", "frame": 72, "mu": [-0.4542627136769568, 3.5398719534293095, 0.9703949895714274], "Sigma": [[0.011407042610790974, -0.0024698869522705984, -0.02420070453236242], [-0.0024698869522705984, 0.0036179136161219577, 0.0008408673861182818], [-0.02420070453236242, 0.000840867386118282, 0.07805682682332493]], "chi2_level": 0.99, "chi2_df": 3, "chi2_threshold": 11.344866730144373, "N_raw": 24, "N_roi": 24, "N_inlier": 22, "refit": true}
{"timestamp": "13:53:05.192679", "frame": 73, "mu": [-0.56949636874843, 3.5854037893528052, 1.4306429135417478], "Sigma": [[0.028384578995519813, 0.0032237383938194778, -0.021572518060493595], [0.0032237383938194773, 0.007847715890891222, -0.00556820072128867], [-0.021572518060493595, -0.00556820072128867, 0.04266583986146669]], "chi2_level": 0.99, "chi2_df": 3, "chi2_threshold": 11.344866730144373, "N_raw": 90, "N_roi": 90, "N_inlier": 85, "refit": true}
{"timestamp": "13:53:05.244128", "frame": 74, "mu": [-0.6031377400864325, 3.660879999583518, -0.011741539510535767], "Sigma": [[0.02177450632216199, 0.003748174706868837, 0.050919431782211796], [0.003748174706868837, 0.009734777971517625, 0.01025584533229755], [0.050919431782211796, 0.01025584533229755, 0.19556047852229544]], "chi2_level": 0.99, "chi2_df": 3, "chi2_threshold": 11.344866730144373, "N_raw": 66, "N_roi": 66, "N_inlier": 66, "refit": true}
{"timestamp": "13:53:05.294023", "frame": 75, "mu": [-0.49895457378728386, 3.7350006571866863, 1.2890100274191605], "Sigma": [[0.01735831236083231, -0.0034675376331677475, 0.03008280424698677], [-0.0034675376331677475, 0.003585950056718995, -0.019371318885351756], [0.030082804246986766, -0.019371318885351763, 0.1656914404350743]], "chi2_level": 0.99, "chi2_df": 3, "chi2_threshold": 11.344866730144373, "N_raw": 26, "N_roi": 26, "N_inlier": 25, "refit": true}
{"timestamp": "13:53:05.351826", "frame": 76, "mu": [-0.5523407928772386, 3.829919294312932, 0.2315718004272905], "Sigma": [[0.023909563627770213, 0.002186185577361021, -0.008475996559342319], [0.0021861855773610207, 0.0057736851267347076, -0.00559073204907377], [-0.008475996559342319, -0.00559073204907377, 0.00876884245462498]], "chi2_level": 0.99, "chi2_df": 3, "chi2_threshold": 11.344866730144373, "N_raw": 52, "N_roi": 52, "N_inlier": 50, "refit": true}
{"timestamp": "13:53:05.407560", "frame": 77, "mu": [-0.5487281244128289, 3.822243908168184, -0.7425454255226805], "Sigma": [[0.02983210268190131, 0.005980285096545121, 0.038983381072136974], [0.005980285096545121, 0.005728977989398022, 0.005350324766533689], [0.038983381072136974, 0.005350324766533689, 0.17464819723604844]], "chi2_level": 0.99, "chi2_df": 3, "chi2_threshold": 11.344866730144373, "N_raw": 61, "N_roi": 61, "N_inlier": 60, "refit": true}
{"timestamp": "13:53:05.461990", "frame": 78, "mu": [-0.6044442116977015, 3.853252207858525, 0.9515628772349184], "Sigma": [[0.023670977127386555, 0.0013809789387897798, -0.006968380923803332], [0.0013809789387897798, 0.010643934423505157, -0.013881185480164022], [-0.006968380923803333, -0.013881185480164022, 0.02584571351254033]], "chi2_level": 0.99, "chi2_df": 3, "chi2_threshold": 11.344866730144373, "N_raw": 53, "N_roi": 53, "N_inlier": 51, "refit": true}
{"timestamp": "13:53:05.513927", "frame": 79, "mu": [-0.47858393239472735, 3.93734451232085, 1.2024785253181363], "Sigma": [[0.013804263349484503, 0.00034529485788916076, 0.005821014425246109], [0.00034529485788916076, 0.0025630275058751316, -0.012116433296748523], [0.005821014425246111, -0.012116433296748524, 0.08996078630455251]], "chi2_level": 0.99, "chi2_df": 3, "chi2_threshold": 11.344866730144373, "N_raw": 31, "N_roi": 31, "N_inlier": 29, "refit": true}
{"timestamp": "13:53:05.571718", "frame": 80, "mu": [-0.5347650772310573, 4.005456862367817, 1.1438495317346054], "Sigma": [[0.012380160170347572, -2.588154469255295e-05, -0.006221157761015076], [-2.5881544692553057e-05, 0.006987196722191962, -0.02313632975332383], [-0.006221157761015077, -0.02313632975332383, 0.19698522886944173]], "chi2_level": 0.99, "chi2_df": 3, "chi2_threshold": 11.344866730144373, "N_raw": 52, "N_roi": 52, "N_inlier": 52, "refit": true}
{"timestamp": "13:53:05.623283", "frame": 81, "mu": [-0.6332312182792238, 4.045973283674859, 1.194941211893584], "Sigma": [[0.01650560492661667, 0.00038978963425693243, -0.005996578079741633], [0.00038978963425693243, 0.001622054257559391, -0.004912961560778624], [-0.005996578079741634, -0.004912961560778623, 0.027106703163375528]], "chi2_level": 0.99, "chi2_df": 3, "chi2_threshold": 11.344866730144373, "N_raw": 30, "N_roi": 30, "N_inlier": 29, "refit": true}
{"timestamp": "13:53:05.680406", "frame": 82, "mu": [-0.5501215171064155, 4.0891856411939065, 1.1739489337545055], "Sigma": [[0.01712529309701657, 0.0023807953948668035, -0.0008311436531600958], [0.0023807953948668035, 0.002487665486309703, -0.007451896466994074], [-0.0008311436531600958, -0.007451896466994074, 0.0802288754603002]], "chi2_level": 0.99, "chi2_df": 3, "chi2_threshold": 11.344866730144373, "N_raw": 43, "N_roi": 43, "N_inlier": 42, "refit": true}
{"timestamp": "13:53:05.736521", "frame": 83, "mu": [-0.584607884283227, 4.146720467105471, 1.2970849981480335], "Sigma": [[0.02789817091525653, 0.0009728015717988381, -0.010306168139401797], [0.0009728015717988381, 0.0023552981228280702, -0.005864469173399193], [-0.010306168139401797, -0.005864469173399193, 0.023224220172682972]], "chi2_level": 0.99, "chi2_df": 3, "chi2_threshold": 11.344866730144373, "N_raw": 49, "N_roi": 48, "N_inlier": 48, "refit": true}
{"timestamp": "13:53:05.788728", "frame": 84, "mu": [-0.6133588473544701, 4.232452913875981, 0.3894651175319209], "Sigma": [[0.018795289541012124, 0.004843409951185802, -0.00690141171209087], [0.004843409951185802, 0.005050407353733291, -0.0044689569664413155], [-0.00690141171209087, -0.0044689569664413155, 0.006619345646502674]], "chi2_level": 0.99, "chi2_df": 3, "chi2_threshold": 11.344866730144373, "N_raw": 32, "N_roi": 32, "N_inlier": 32, "refit": true}
{"timestamp": "13:53:05.847909", "frame": 85, "mu": [-0.5675165703232031, 4.237677494973662, 1.3291160136642124], "Sigma": [[0.03181741029495491, 0.002363994689770316, -0.014006158803015291], [0.002363994689770316, 0.004472287399582048, -0.004902168226388671], [-0.014006158803015291, -0.004902168226388671, 0.012176298368436264]], "chi2_level": 0.99, "chi2_df": 3, "chi2_threshold": 11.344866730144373, "N_raw": 56, "N_roi": 56, "N_inlier": 55, "refit": true}
{"timestamp": "13:53:05.904471", "frame": 86, "mu": [-0.5314681443133233, 4.285092702497851, 1.4100235510464265], "Sigma": [[0.032810569805647005, 0.0014517294424679467, -0.012316711117733692], [0.0014517294424679472, 0.005973872859018304, -0.006828028500692964], [-0.012316711117733692, -0.006828028500692964, 0.014131023738349685]], "chi2_level": 0.99, "chi2_df": 3, "chi2_threshold": 11.344866730144373, "N_raw": 67, "N_roi": 67, "N_inlier": 67, "refit": true}
