{"timestamp": "14:23:56.285829", "frame": 34, "mu": [-1.4777533723433491, 4.966544918980374, 0.5707581988740107], "Sigma": [[0.029848429057777716, 0.0013417473815717164, -0.016520392007640952], [0.0013417473815717164, 0.00042603490299068965, -0.0009732896624677944], [-0.016520392007640952, -0.0009732896624677944, 0.012457552748521533]], "chi2_level": 0.99, "chi2_df": 3, "chi2_threshold": 11.344866730144373, "N_raw": 42, "N_roi": 13, "N_inlier": 13, "refit": true}
{"timestamp": "14:23:56.340974", "frame": 35, "mu": [-1.467990193636916, 4.954402583534702, 0.7326156754012836], "Sigma": [[0.0338017836938674, 0.0017870037496406613, -0.012875756117060246], [0.0017870037496406617, 0.0008729980857842948, -0.0022465027281295944], [-0.012875756117060249, -0.0022465027281295944, 0.011495576433913331]], "chi2_level": 0.99, "chi2_df": 3, "chi2_threshold": 11.344866730144373, "N_raw": 42, "N_roi": 23, "N_inlier": 23, "refit": true}
{"timestamp": "14:23:56.451433", "frame": 37, "mu": [-1.227328106007532, 4.932663172235987, 0.6702535968463549], "Sigma": [[0.022553843087121446, 0.0020486673926840837, -0.005566826402641849], [0.002048667392684084, 0.0009931985816398821, -0.00154042749818259], [-0.005566826402641849, -0.00154042749818259, 0.006161764895946859]], "chi2_level": 0.99, "chi2_df": 3, "chi2_threshold": 11.344866730144373, "N_raw": 28, "N_roi": 22, "N_inlier": 21, "refit": true}
{"timestamp": "14:23:56.509182", "frame": 38, "mu": [-1.2246834167457923, 4.876829202416612, 0.7305023316752437], "Sigma": [[0.03455216602922902, 0.004604397181736548, -0.011647437218314747], [0.004604397181736547, 0.003004427971276328, -0.004445037140078864], [-0.011647437218314747, -0.004445037140078864, 0.01005029216782908]], "chi2_level": 0.99, "chi2_df": 3, "chi2_threshold": 11.344866730144373, "N_raw": 50, "N_roi": 45, "N_inlier": 44, "refit": true}
{"timestamp": "14:23:56.563526", "frame": 39, "mu": [-1.1251666199681574, 4.813228263042846, 0.5972297345502976], "Sigma": [[0.026144002341408214, 0.008910640369543189, -0.012192753234093443], [0.008910640369543189, 0.00579175729745169, -0.0060220358902392], [-0.012192753234093443, -0.006022035890239201, 0.010824620170668228]], "chi2_level": 0.99, "chi2_df": 3, "chi2_threshold": 11.344866730144373, "N_raw": 41, "N_roi": 38, "N_inlier": 37, "refit": true}
{"timestamp": "14:23:56.618307", "frame": 40, "mu": [-1.1178662338927274, 4.750135387116302, 0.6622836061112634], "Sigma": [[0.024747163322669193, 0.0030664487523053736, -0.014362993145665016], [0.0030664487523053736, 0.0026562494790914578, -0.003325121222331685], [-0.014362993145665016, -0.0033251212223316855, 0.013260491390623805]], "chi2_level": 0.99, "chi2_df": 3, "chi2_threshold": 11.344866730144373, "N_raw": 40, "N_roi": 36, "N_inlier": 35, "refit": true}
{"timestamp": "14:23:56.672631", "frame": 41, "mu": [-1.1112986605990187, 4.711653058871771, 0.7546618918805434], "Sigma": [[0.029737802284855494, 0.0034222537741577007, -0.014568711232756063], [0.0034222537741577007, 0.004334275507042028, -0.0003143926836776533], [-0.014568711232756063, -0.0003143926836776535, 0.00868918613889406]], "chi2_level": 0.99, "chi2_df": 3, "chi2_threshold": 11.344866730144373, "N_raw": 38, "N_roi": 38, "N_inlier": 38, "refit": true}
{"timestamp": "14:23:56.731822", "frame": 42, "mu": [-0.9150266558715097, 4.6670466568173925, 0.6104743652623428], "Sigma": [[0.041264931793814366, 0.0031425876336329175, -0.0226620714287248], [0.003142587633632918, 0.0036398935642281026, -0.004579846360637499], [-0.022662071428724805, -0.004579846360637499, 0.021585109888255405]], "chi2_level": 0.99, "chi2_df": 3, "chi2_threshold": 11.344866730144373, "N_raw": 61, "N_roi": 58, "N_inlier": 56, "refit": true}
{"timestamp": "14:23:56.787607", "frame": 43, "mu": [-0.9277843605267205, 4.742887194128827, 0.1699707920480821], "Sigma": [[0.035290439793333975, 0.006490029388316869, -0.013289373677794605], [0.006490029388316869, 0.005876747649330273, -0.0046379900388806945], [-0.013289373677794607, -0.0046379900388806945, 0.010777495394592627]], "chi2_level": 0.99, "chi2_df": 3, "chi2_threshold": 11.344866730144373, "N_raw": 58, "N_roi": 52, "N_inlier": 50, "refit": true}
{"timestamp": "14:23:56.840968", "frame": 44, "mu": [-0.7460875846672446, 4.58072194715268, 0.5644093044692066], "Sigma": [[0.024699707165817264, 0.002563872707995387, -0.02979971032721217], [0.0025638727079953876, 0.0012041284998044945, -0.007490637575247337], [-0.02979971032721217, -0.007490637575247337, 0.09405416123432973]], "chi2_level": 0.99, "chi2_df": 3, "chi2_threshold": 11.344866730144373, "N_raw": 45, "N_roi": 44, "N_inlier": 43, "refit": true}
{"timestamp": "14:23:56.890926", "frame": 45, "mu": [-0.7900389907562642, 4.504235330123006, 0.7766449197540308], "Sigma": [[0.017476191869853254, 0.0028468805726966674, -0.009214762234623234], [0.0028468805726966674, 0.0020818303411397655, -0.00438553839000376], [-0.009214762234623234, -0.00438553839000376, 0.016213711465777242]], "chi2_level": 0.99, "chi2_df": 3, "chi2_threshold": 11.344866730144373, "N_raw": 20, "N_roi": 20, "N_inlier": 19, "refit": true}
{"timestamp": "14:23:56.949263", "frame": 46, "mu": [-0.7494548467104695, 4.484823332550079, 0.7664735711952899], "Sigma": [[0.022608903955318803, 0.004760714920672786, -0.001913569750040607], [0.004760714920672786, 0.002795714929523743, -0.00481890172529105], [-0.0019135697500406077, -0.00481890172529105, 0.05720431618044661]], "chi2_level": 0.99, "chi2_df": 3, "chi2_threshold": 11.344866730144373, "N_raw": 50, "N_roi": 47, "N_inlier": 47, "refit": true}
{"timestamp": "14:23:57.006675", "frame": 47, "mu": [-0.7442912387858553, 4.403362914648987, 0.7026087840196318], "Sigma": [[0.029765152290262574, 0.0014276306365808291, -0.013485643644516392], [0.0014276306365808291, 0.0020960854607075716, -0.005855904366749407], [-0.01348564364451639, -0.005855904366749408, 0.05477907117886885]], "chi2_level": 0.99, "chi2_df": 3, "chi2_threshold": 11.344866730144373, "N_raw": 59, "N_roi": 56, "N_inlier": 54, "refit": true}
{"timestamp": "14:23:57.061587", "frame": 48, "mu": [-0.5889164531180003, 4.455453876071905, -0.7064094113159496], "Sigma": [[0.02903727157185279, 0.014035827266031448, 0.07342095597751774], [0.014035827266031446, 0.013789328320029647, 0.030468658407636417], [0.07342095597751774, 0.030468658407636417, 0.34435148160153395]], "chi2_level": 0.99, "chi2_df": 3, "chi2_threshold": 11.344866730144373, "N_raw": 53, "N_roi": 53, "N_inlier": 51, "refit": true}
{"timestamp": "14:23:57.120659", "frame": 49, "mu": [-0.4632945803054606, 4.408137977540655, 0.7854590192970858], "Sigma": [[0.045471644529954586, 0.0129315400874672, -0.017422005593252087], [0.012931540087467202, 0.01278415464861165, -0.012438107357535245], [-0.01742200559325209, -0.012438107357535245, 0.01742139234983657]], "chi2_level": 0.99, "chi2_df": 3, "chi2_threshold": 11.344866730144373, "N_raw": 87, "N_roi": 87, "N_inlier": 86, "refit": true}
{"timestamp": "14:23:57.173214", "frame": 50, "mu": [-0.45784623544424585, 4.444055281264513, 0.020480545605274507], "Sigma": [[0.03852770275974113, 0.00685630907975761, -0.009972191668187216], [0.006856309079757611, 0.008866247819340024, -0.01412033709214645], [-0.009972191668187216, -0.01412033709214645, 0.025239358258509106]], "chi2_level": 0.99, "chi2_df": 3, "chi2_threshold": 11.344866730144373, "N_raw": 70, "N_roi": 68, "N_inlier": 67, "refit": true}
{"timestamp": "14:23:57.229861", "frame": 51, "mu": [-0.4353232583549292, 4.2276992791835575, 0.826851398789676], "Sigma": [[0.0353454034411357, 0.003539352164036808, -0.0004428557695675035], [0.003539352164036807, 0.0023904527736652442, -0.006506844509931651], [-0.00044285576956750263, -0.006506844509931651, 0.03946308613809713]], "chi2_level": 0.99, "chi2_df": 3, "chi2_threshold": 11.344866730144373, "N_raw": 75, "N_roi": 72, "N_inlier": 70, "refit": true}
{"timestamp": "14:23:57.284364", "frame": 52, "mu": [-0.35854059726485105, 4.334942478046131, -0.11402272430500003], "Sigma": [[0.03219918162991631, 0.0016190939562355897, -0.0009136522197981268], [0.0016190939562355892, 0.008025038351872349, -0.019082077859761015], [-0.0009136522197981277, -0.019082077859761015, 0.05459786143889818]], "chi2_level": 0.99, "chi2_df": 3, "chi2_threshold": 11.344866730144373, "N_raw": 76, "N_roi": 72, "N_inlier": 71, "refit": true}
{"timestamp": "14:23:57.336468", "frame": 53, "mu": [-0.31049633061731785, 4.0806839923557, 0.7632315125203848], "Sigma": [[0.025264719848953142, 0.0009149350028977858, -0.0026102115379374362], [0.0009149350028977857, 0.0008278038631814035, -0.0034521186859673243], [-0.0026102115379374362, -0.0034521186859673243, 0.027393327394186855]], "chi2_level": 0.99, "chi2_df": 3, "chi2_threshold": 11.344866730144373, "N_raw": 53, "N_roi": 50, "N_inlier": 50, "refit": true}
{"timestamp": "14:23:57.389753", "frame": 54, "mu": [-0.22864348417500055, 4.141456608250767, -0.32264912589851447], "Sigma": [[0.020188236012270322, 0.008336676196620634, 0.05622854726373516], [0.008336676196620634, 0.011420098204352093, 0.03208692938293837], [0.05622854726373516, 0.03208692938293837, 0.23734124379863333]], "chi2_level": 0.99, "chi2_df": 3, "chi2_threshold": 11.344866730144373, "N_raw": 47, "N_roi": 47, "N_inlier": 47, "refit": true}
{"timestamp": "14:23:57.448934", "frame": 55, "mu": [-0.20235680494192732, 4.021907303081812, -1.0108541164564477], "Sigma": [[0.030289667109979747, 0.004455045414043342, 0.05572418278423757], [0.0044550454140433425, 0.006885285745362936, 0.008180156488217369], [0.05572418278423757, 0.008180156488217369, 0.38041043032116323]], "chi2_level": 0.99, "chi2_df": 3, "chi2_threshold": 11.344866730144373, "N_raw": 79, "N_roi": 79, "N_inlier": 78, "refit": true}
{"timestamp": "14:23:57.503946", "frame": 56, "mu": [-0.15474076009622414, 3.9557219342304046, 0.9150812656533641], "Sigma": [[0.028023407794480773, -0.0019135479784030585, -0.006141936715558272], [-0.0019135479784030585, 0.0037439065834788746, -0.006306697466631803], [-0.00614193671555827, -0.006306697466631803, 0.03131771108424217]], "chi2_level": 0.99, "chi2_df": 3, "chi2_threshold": 11.344866730144373, "N_raw": 78, "N_roi": 76, "N_inlier": 74, "refit": true}
{"timestamp": "14:23:57.564602", "frame": 57, "mu": [-0.046235221558601144, 3.9125175880556142, 0.7941280655556114], "Sigma": [[0.03331734432901, 0.003036260586568731, -0.014983714523572507], [0.003036260586568731, 0.00844447394587654, -0.010046943271747], [-0.014983714523572509, -0.010046943271747, 0.03430756074623942]], "chi2_level": 0.99, "chi2_df": 3, "chi2_threshold": 11.344866730144373, "N_raw": 107, "N_roi": 107, "N_inlier": 104, "refit": true}
{"timestamp": "14:23:57.615826", "frame": 58, "mu": [-0.026709132589842217, 3.8285209428793143, 0.8381140339050945], "Sigma": [[0.030061469309629104, 0.0008372810655715717, -0.019309983362709938], [0.0008372810655715717, 0.005625170112341856, -0.005780895965190361], [-0.019309983362709938, -0.005780895965190361, 0.030342132317794167]], "chi2_level": 0.99, "chi2_df": 3, "chi2_threshold": 11.344866730144373, "N_raw": 88, "N_roi": 88, "N_inlier": 85, "refit": true}
{"timestamp": "14:23:57.668805", "frame": 59, "mu": [-0.03431899846977205, 3.774221168132815, 0.8823804360168027], "Sigma": [[0.027735728596865038, 0.0009465362139796328, -0.01952034944384479], [0.0009465362139796326, 0.005788883027664266, -0.005037215019082106], [-0.01952034944384479, -0.005037215019082106, 0.020124498366966958]], "chi2_level": 0.99, "chi2_df": 3, "chi2_threshold": 11.344866730144373, "N_raw": 79, "N_roi": 79, "N_inlier": 76, "refit": true}
{"timestamp": "14:23:57.721803", "frame": 60, "mu": [0.03218238656010569, 3.7388832135197663, 0.811047900816235], "Sigma": [[0.021204657889495736, 0.0016069652605902708, -0.012620357560993053], [0.0016069652605902708, 0.004796014015024851, -0.00362006272568207], [-0.012620357560993053, -0.00362006272568207, 0.013049985346714433]], "chi2_level": 0.99, "chi2_df": 3, "chi2_threshold": 11.344866730144373, "N_raw": 59, "N_roi": 59, "N_inlier": 56, "refit": true}
{"timestamp": "14:23:57.768900", "frame": 61, "mu": [0.15178161739675494, 3.680530709030654, 0.5977034943025894], "Sigma": [[0.010701174729961214, -0.005396527395990606, -0.0016333814678664085], [-0.005396527395990605, 0.018421574964871665, -0.03895875784490337], [-0.001633381467866412, -0.03895875784490337, 0.17406973517042193]], "chi2_level": 0.99, "chi2_df": 3, "chi2_threshold": 11.344866730144373, "N_raw": 9, "N_roi": 9, "N_inlier": 9, "refit": true}
{"timestamp": "14:23:57.828307", "frame": 62, "mu": [0.195136383564555, 3.6335278367056483, 0.8260270769142981], "Sigma": [[0.01510635496623544, -0.0013229458502532743, -0.003137117172313331], [-0.0013229458502532743, 0.003449695895389331, -0.0023140172711800214], [-0.003137117172313331, -0.0023140172711800214, 0.004641448194014484]], "chi2_level": 0.99, "chi2_df": 3, "chi2_threshold": 11.344866730144373, "N_raw": 42, "N_roi": 42, "N_inlier": 38, "refit": true}
{"timestamp": "14:23:57.886404", "frame": 63, "mu": [0.20997720049605256, 3.520540968897957, 1.0268267543535425], "Sigma": [[0.020784404719993266, 0.00042723802883896543, -0.006859975288309094], [0.00042723802883896564, 0.007772333382332761, 0.0013474354667025136], [-0.006859975288309094, 0.0013474354667025136, 0.005934534154473509]], "chi2_level": 0.99, "chi2_df": 3, "chi2_threshold": 11.344866730144373, "N_raw": 66, "N_roi": 66, "N_inlier": 64, "refit": true}
{"timestamp": "14:23:57.943981", "frame": 64, "mu": [0.2726765776740868, 3.501050372841342, 0.9500431347190258], "Sigma": [[0.027528589415531192, 0.0005388498809691862, -0.013995496667879056], [0.0005388498809691862, 0.003949209331518077, -0.0044022247912149075], [-0.013995496667879057, -0.0044022247912149075, 0.014467733452082611]], "chi2_level": 0.99, "chi2_df": 3, "chi2_threshold": 11.344866730144373, "N_raw": 75, "N_roi": 75, "N_inlier": 72, "refit": true}
{"timestamp": "14:23:57.997827", "frame": 65, "mu": [0.3241754113721547, 3.4325067323825498, 0.8161746261906672], "Sigma": [[0.019388297187075756, -0.0006375549826238233, -0.013514614035330053], [-0.0006375549826238233, 0.004182898007618092, -0.0108164028318743], [-0.013514614035330053, -0.0108164028318743, 0.1027056938434793]], "chi2_level": 0.99, "chi2_df": 3, "chi2_threshold": 11.344866730144373, "N_raw": 70, "N_roi": 70, "N_inlier": 67, "refit": true}
{"timestamp": "14:23:58.052645", "frame": 66, "mu": [0.3320343486675364, 3.39614471445358, 1.037811716211586], "Sigma": [[0.01934427545313219, -0.001851324995237689, -0.001826738931197644], [-0.0018513249952376888, 0.0030794109334817228, -0.005101973758458797], [-0.0018267389311976442, -0.005101973758458797, 0.03036989472006745]], "chi2_level": 0.99, "chi2_df": 3, "chi2_threshold": 11.344866730144373, "N_raw": 71, "N_roi": 71, "N_inlier": 66, "refit": true}
{"timestamp": "14:23:58.108802", "frame": 67, "mu": [0.43932133182402644, 3.3399414887035412, 0.9475578038074532], "Sigma": [[0.02278803121582871, -0.00740676686322695, -0.019093431803503653], [-0.00740676686322695, 0.004603696573325059, 0.0002667445212738762], [-0.019093431803503653, 0.00026674452127387624, 0.04349429363386223]], "chi2_level": 0.99, "chi2_df": 3, "chi2_threshold": 11.344866730144373, "N_raw": 77, "N_roi": 77, "N_inlier": 75, "refit": true}
{"timestamp": "14:23:58.163831", "frame": 68, "mu": [0.5827991221064523, 3.3117034954015714, 0.8459464299795308], "Sigma": [[0.02974540968166227, -0.0005782166991604302, -0.027190510902668982], [-0.0005782166991604298, 0.004581509296509203, -0.01367517652036668], [-0.027190510902668986, -0.01367517652036668, 0.16452626609159993]], "chi2_level": 0.99, "chi2_df": 3, "chi2_threshold": 11.344866730144373, "N_raw": 75, "N_roi": 75, "N_inlier": 75, "refit": true}
{"timestamp": "14:23:58.219821", "frame": 69, "mu": [0.5546664358298663, 3.2010583416632907, 0.9029048352541783], "Sigma": [[0.018814862320729722, -0.0014082545967757617, -0.0036636312371702896], [-0.0014082545967757617, 0.0008995282114157057, -0.003141767667133065], [-0.003663631237170291, -0.003141767667133065, 0.04521599690007502]], "chi2_level": 0.99, "chi2_df": 3, "chi2_threshold": 11.344866730144373, "N_raw": 65, "N_roi": 65, "N_inlier": 63, "refit": true}
{"timestamp": "14:23:58.266802", "frame": 70, "mu": [0.6146186575522609, 3.130133387140153, 0.997893969485409], "Sigma": [[0.011808359419721247, -0.0018163443558735922, -0.01309735672375226], [-0.001816344355873592, 0.0015709993029275596, -0.0006915036971473061], [-0.01309735672375226, -0.0006915036971473062, 0.030139079478138823]], "chi2_level": 0.99, "chi2_df": 3, "chi2_threshold": 11.344866730144373, "N_raw": 27, "N_roi": 27, "N_inlier": 25, "refit": true}
{"timestamp": "14:23:58.322477", "frame": 71, "mu": [0.6968000571742565, 2.998214228817841, 0.6451560710717571], "Sigma": [[0.010019901093102359, -0.0018496965737725452, -0.0076251692888916174], [-0.0018496965737725452, 0.0010137170723085486, 0.0030458580876770204], [-0.007625169288891617, 0.0030458580876770204, 0.05528635779595473]], "chi2_level": 0.99, "chi2_df": 3, "chi2_threshold": 11.344866730144373, "N_raw": 37, "N_roi": 37, "N_inlier": 35, "refit": true}
{"timestamp": "14:23:58.383626", "frame": 72, "mu": [0.8165417547335406, 3.021635071037026, 0.8799050007311647], "Sigma": [[0.04032992665608327, 0.0047848104017669145, -0.016137169726265804], [0.0047848104017669145, 0.004632873478137017, -0.007939399746062024], [-0.016137169726265804, -0.007939399746062024, 0.04541814510287369]], "chi2_level": 0.99, "chi2_df": 3, "chi2_threshold": 11.344866730144373, "N_raw": 73, "N_roi": 70, "N_inlier": 66, "refit": true}
{"timestamp": "14:23:58.437812", "frame": 73, "mu": [0.929818656707047, 3.0185727669781306, 0.94869064426676], "Sigma": [[0.027829527202690683, 0.006505755239761079, -0.023190146037112423], [0.006505755239761079, 0.008402510547235882, -0.012683542204767223], [-0.023190146037112423, -0.012683542204767223, 0.03365184289826641]], "chi2_level": 0.99, "chi2_df": 3, "chi2_threshold": 11.344866730144373, "N_raw": 65, "N_roi": 65, "N_inlier": 63, "refit": true}
{"timestamp": "14:23:58.493072", "frame": 74, "mu": [0.7970691353742393, 2.8644302511850155, 0.9351125990258548], "Sigma": [[0.015728563084763284, -0.004049326176581843, -0.0011259054919802694], [-0.004049326176581843, 0.0019225741806525064, -0.0042562561285668645], [-0.0011259054919802699, -0.004256256128566865, 0.03862974996995705]], "chi2_level": 0.99, "chi2_df": 3, "chi2_threshold": 11.344866730144373, "N_raw": 70, "N_roi": 70, "N_inlier": 67, "refit": true}
{"timestamp": "14:23:58.546690", "frame": 75, "mu": [0.8202348443195846, 2.7987381390101724, 0.8818798305449335], "Sigma": [[0.01548530180385595, -0.0008055672901900461, 0.00394832457539699], [-0.0008055672901900461, 0.0013687310654978155, -0.002257954767542647], [0.00394832457539699, -0.002257954767542647, 0.023653326783392936]], "chi2_level": 0.99, "chi2_df": 3, "chi2_threshold": 11.344866730144373, "N_raw": 55, "N_roi": 55, "N_inlier": 53, "refit": true}
{"timestamp": "14:23:58.599705", "frame": 76, "mu": [0.8431060019559662, 2.648981506712263, 0.8181268532015669], "Sigma": [[0.015010707020214712, -0.0007981959489464859, 0.005757734278890177], [-0.0007981959489464859, 0.0010920214107206282, -0.0019969314610814404], [0.005757734278890177, -0.0019969314610814404, 0.015562892766374237]], "chi2_level": 0.99, "chi2_df": 3, "chi2_threshold": 11.344866730144373, "N_raw": 50, "N_roi": 50, "N_inlier": 46, "refit": true}
{"timestamp": "14:23:58.657804", "frame": 77, "mu": [0.9736455159921393, 2.799485782278391, -0.5480492339497216], "Sigma": [[0.012980247606494792, 0.0007559285043716908, -0.005057035921092889], [0.0007559285043716908, 0.008735409590047155, 0.0007451486107736744], [-0.005057035921092889, 0.0007451486107736742, 0.004257913573971212]], "chi2_level": 0.99, "chi2_df": 3, "chi2_threshold": 11.344866730144373, "N_raw": 59, "N_roi": 59, "N_inlier": 56, "refit": true}
{"timestamp": "14:23:58.713122", "frame": 78, "mu": [1.0284284226606188, 2.490285662758674, 0.8379576801197157], "Sigma": [[0.014070427637375553, -0.006219258725132081, -0.004248960988735199], [-0.006219258725132081, 0.011593908023694258, 0.004000870261578476], [-0.004248960988735199, 0.004000870261578476, 0.004098265970447277]], "chi2_level": 0.99, "chi2_df": 3, "chi2_threshold": 11.344866730144373, "N_raw": 64, "N_roi": 64, "N_inlier": 59, "refit": true}
{"timestamp": "14:23:58.767649", "frame": 79, "mu": [1.0428100788442622, 2.480474905628727, 0.9232306915024372], "Sigma": [[0.011357417603668091, -0.0047744784015007645, -0.0036367423556018744], [-0.0047744784015007645, 0.010303131127381323, 0.0006919285657973418], [-0.0036367423556018744, 0.0006919285657973418, 0.002017759517100463]], "chi2_level": 0.99, "chi2_df": 3, "chi2_threshold": 11.344866730144373, "N_raw": 64, "N_roi": 64, "N_inlier": 60, "refit": true}
{"timestamp": "14:23:58.824104", "frame": 80, "mu": [1.1277297587342086, 2.4675948456205177, 0.9918402973329125], "Sigma": [[0.014808446860266593, -0.006451616451799499, -0.003711069289926974], [-0.006451616451799499, 0.011253308376022021, 0.0013849594456842905], [-0.003711069289926973, 0.0013849594456842905, 0.011546424848581994]], "chi2_level": 0.99, "chi2_df": 3, "chi2_threshold": 11.344866730144373, "N_raw": 76, "N_roi": 76, "N_inlier": 71, "refit": true}
{"timestamp": "14:23:58.879762", "frame": 81, "mu": [1.1999106439337268, 2.618888459695487, -0.3079386881963598], "Sigma": [[0.014311026394469564, -0.004616035543737539, 0.005129147918449465], [-0.004616035543737539, 0.009370737629466675, -0.0061562014690527], [0.005129147918449465, -0.0061562014690527, 0.012466934698400512]], "chi2_level": 0.99, "chi2_df": 3, "chi2_threshold": 11.344866730144373, "N_raw": 75, "N_roi": 75, "N_inlier": 70, "refit": true}
{"timestamp": "14:23:58.930015", "frame": 82, "mu": [1.2333490058144863, 2.3812583654213877, 1.0251386958377136], "Sigma": [[0.01022606594175028, -0.0025470938069384083, 0.005041420857535375], [-0.0025470938069384083, 0.004550393335246704, -0.003287737351837899], [0.005041420857535375, -0.003287737351837899, 0.007388526713959395]], "chi2_level": 0.99, "chi2_df": 3, "chi2_threshold": 11.344866730144373, "N_raw": 48, "N_roi": 48, "N_inlier": 45, "refit": true}
{"timestamp": "14:23:58.986744", "frame": 83, "mu": [1.26584741543798, 2.3405748493986036, 1.025217713646302], "Sigma": [[0.01147211407226705, -0.006315595339550714, -0.009193326235762852], [-0.006315595339550714, 0.008940790724267973, 0.0010455511520719011], [-0.009193326235762852, 0.0010455511520719013, 0.02096606497322344]], "chi2_level": 0.99, "chi2_df": 3, "chi2_threshold": 11.344866730144373, "N_raw": 64, "N_roi": 64, "N_inlier": 62, "refit": true}
{"timestamp": "14:23:59.041286", "frame": 84, "mu": [1.3205650787581695, 2.3532892528484766, 1.2176007942755227], "Sigma": [[0.01374983074772152, -0.004339487342479647, 0.00019033768848341633], [-0.004339487342479647, 0.006566510586360632, -0.0022483003586511708], [0.00019033768848341633, -0.0022483003586511708, 0.0024430936785152257]], "chi2_level": 0.99, "chi2_df": 3, "chi2_threshold": 11.344866730144373, "N_raw": 59, "N_roi": 59, "N_inlier": 56, "refit": true}
{"timestamp": "14:23:59.093769", "frame": 85, "mu": [1.3576873586072198, 2.339193124516726, 1.3874124892470858], "Sigma": [[0.00970797271995829, -0.004750482099010706, -0.0038007766324259875], [-0.004750482099010706, 0.005334836256855438, 0.004311164655621957], [-0.0038007766324259875, 0.004311164655621957, 0.02808451502720146]], "chi2_level": 0.99, "chi2_df": 3, "chi2_threshold": 11.344866730144373, "N_raw": 42, "N_roi": 42, "N_inlier": 38, "refit": true}
{"timestamp": "14:23:59.149290", "frame": 86, "mu": [1.3901408486532172, 2.218686331454177, 0.9152222316887314], "Sigma": [[0.013326434204045185, -0.006468237936303261, -0.007668751312553233], [-0.006468237936303261, 0.005295947562231984, 0.001066881600464589], [-0.007668751312553235, 0.001066881600464589, 0.012200980694360264]], "chi2_level": 0.99, "chi2_df": 3, "chi2_threshold": 11.344866730144373, "N_raw": 45, "N_roi": 45, "N_inlier": 40, "refit": true}
{"timestamp": "14:23:59.206516", "frame": 87, "mu": [1.388894200924426, 2.241098114567198, 1.1498372871350677], "Sigma": [[0.008725984210216097, -0.003928335088239821, -0.0032498142772021633], [-0.0039283350882398215, 0.007201833327545709, -0.003948706031045806], [-0.003249814277202163, -0.003948706031045806, 0.011075166934169605]], "chi2_level": 0.99, "chi2_df": 3, "chi2_threshold": 11.344866730144373, "N_raw": 61, "N_roi": 61, "N_inlier": 55, "refit": true}
{"timestamp": "14:23:59.259909", "frame": 88, "mu": [1.4454163618310818, 2.070459914793812, 0.9325603469011636], "Sigma": [[0.008599775091557434, -0.0048384840355124355, -0.0005124603006321446], [-0.0048384840355124355, 0.0056920709742586785, 0.011697987682275927], [-0.0005124603006321444, 0.011697987682275927, 0.07469623438154718]], "chi2_level": 0.99, "chi2_df": 3, "chi2_threshold": 11.344866730144373, "N_raw": 47, "N_roi": 46, "N_inlier": 45, "refit": true}
{"timestamp": "14:23:59.314901", "frame": 89, "mu": [1.4104054514241204, 2.1436023421848533, 1.2352210724255253], "Sigma": [[0.008457897145918268, -0.004285522331076827, -0.004479321127111474], [-0.004285522331076827, 0.0057360404775696205, 0.0016582478591219598], [-0.004479321127111475, 0.00165824785912196, 0.025817332276983615]], "chi2_level": 0.99, "chi2_df": 3, "chi2_threshold": 11.344866730144373, "N_raw": 47, "N_roi": 47, "N_inlier": 46, "refit": true}
{"timestamp": "14:23:59.363878", "frame": 90, "mu": [1.4931491048425105, 2.0060349779451516, 0.9127815305277192], "Sigma": [[0.013659283499932388, -0.00846414419326688, -0.05044839745521397], [-0.008464144193266878, 0.015283930333886678, 0.046484826643336474], [-0.05044839745521397, 0.046484826643336474, 0.2549554925111229]], "chi2_level": 0.99, "chi2_df": 3, "chi2_threshold": 11.344866730144373, "N_raw": 7, "N_roi": 7, "N_inlier": 7, "refit": true}
{"timestamp": "14:23:59.418419", "frame": 91, "mu": [1.560375774455462, 1.9940899374739647, 0.9261013983000848], "Sigma": [[0.02426380722376982, -0.007466145774105472, -0.050110844281732084], [-0.007466145774105473, 0.004585470242176945, 0.018572069416943508], [-0.050110844281732084, 0.018572069416943508, 0.20891182838559313]], "chi2_level": 0.99, "chi2_df": 3, "chi2_threshold": 11.344866730144373, "N_raw": 8, "N_roi": 8, "N_inlier": 8, "refit": true}
{"timestamp": "14:23:59.476581", "frame": 92, "mu": [1.4352317975013869, 1.9662144376874138, 1.1281467073725149], "Sigma": [[0.00448928995805625, -0.0019621349940447536, -0.0018553653864545835], [-0.0019621349940447536, 0.001801802052933086, -0.0014733790243177264], [-0.0018553653864545833, -0.0014733790243177264, 0.007567597847885657]], "chi2_level": 0.99, "chi2_df": 3, "chi2_threshold": 11.344866730144373, "N_raw": 25, "N_roi": 25, "N_inlier": 22, "refit": true}
{"timestamp": "14:23:59.528530", "frame": 93, "mu": [1.5308758591840046, 1.9167865442852978, 1.1551922204743057], "Sigma": [[0.005604718803557083, -0.0010817971501251623, -0.009247721681875517], [-0.0010817971501251623, 0.0037983187093760117, 0.008767891416215444], [-0.009247721681875517, 0.008767891416215444, 0.03106135307122416]], "chi2_level": 0.99, "chi2_df": 3, "chi2_threshold": 11.344866730144373, "N_raw": 5, "N_roi": 5, "N_inlier": 5, "refit": true}
{"timestamp": "14:23:59.638341", "frame": 95, "mu": [1.6617516130243883, 1.9200086562763201, -0.5121375289919975], "Sigma": [[0.0002364972194785073, 0.000593208029616991, -0.003736858526790699], [0.000593208029616991, 0.0027433748009794965, -0.008042864360536799], [-0.003736858526790699, -0.0080428643605368, 0.0639233150297934]], "chi2_level": 0.99, "chi2_df": 3, "chi2_threshold": 11.344866730144373, "N_raw": 5, "N_roi": 5, "N_inlier": 5, "refit": true}
{"timestamp": "14:23:59.815308", "frame": 97, "mu": [1.781326873780692, 1.7114949547215637, 1.121711138301821], "Sigma": [[0.0012781650802164396, 0.0015531352385647617, -0.0013221200296198105], [0.001553135238564762, 0.0023283671791690945, -0.005623040532702673], [-0.0013221200296198105, -0.005623040532702673, 0.0463101756468495]], "chi2_level": 0.99, "chi2_df": 3, "chi2_threshold": 11.344866730144373, "N_raw": 6, "N_roi": 6, "N_inlier": 6, "refit": true}
{"timestamp": "14:24:00.022480", "frame": 100, "mu": [1.7378224089475551, 1.5322253564243677, -0.1712938241501698], "Sigma": [[0.3976450750310212, 0.34503301379980394, -0.09079264763745047], [0.34503301379980394, 0.30075963549464196, -0.07860706753560234], [-0.09079264763745049, -0.07860706753560236, 0.022097175825777582]], "chi2_level": 0.99, "chi2_df": 3, "chi2_threshold": 11.344866730144373, "N_raw": 6, "N_roi": 6, "N_inlier": 6, "refit": true}
{"timestamp": "14:24:00.080367", "frame": 102, "mu": [2.123613150468851, 1.4942096571099621, 1.1704302562830498], "Sigma": [[0.0012865336593565777, 0.0005683224024604982, -0.00347032637677296], [0.0005683224024604982, 0.0003322164733860339, -0.0013966227558811217], [-0.00347032637677296, -0.0013966227558811217, 0.04136669022486228]], "chi2_level": 0.99, "chi2_df": 3, "chi2_threshold": 11.344866730144373, "N_raw": 5, "N_roi": 5, "N_inlier": 5, "refit": true}
{"timestamp": "14:24:00.113259", "frame": 103, "mu": [2.1932827476091843, 1.4605203582265796, 1.049404952684688], "Sigma": [[0.005698248838203439, -0.0046907107003071906, 0.026226220334145647], [-0.00469071070030719, 0.014666523801552858, -0.06333323279066212], [0.026226220334145647, -0.06333323279066212, 0.28842399050329337]], "chi2_level": 0.99, "chi2_df": 3, "chi2_threshold": 11.344866730144373, "N_raw": 7, "N_roi": 7, "N_inlier": 7, "refit": true}
{"timestamp": "14:24:00.142091", "frame": 104, "mu": [1.9960480537351615, 1.1256866668530063, 1.4632764692113251], "Sigma": [[0.5453831072024878, 0.24648094484872768, -0.1553594685456059], [0.24648094484872768, 0.11363244199307179, -0.0654292292559909], [-0.1553594685456059, -0.0654292292559909, 0.062456416465574746]], "chi2_level": 0.99, "chi2_df": 3, "chi2_threshold": 11.344866730144373, "N_raw": 5, "N_roi": 5, "N_inlier": 5, "refit": true}
