{"timestamp": "14:49:03.228638", "frame": 1, "mu": [1.6670755557523393, 0.5645471443515137, 1.1246671400531638], "Sigma": [[0.40559368181993877, 0.09848433697696782, -0.25711386269015485], [0.09848433697696782, 0.028889797114027737, -0.06794898022382016], [-0.25711386269015485, -0.06794898022382016, 0.22735649485208603]], "chi2_level": 0.99, "chi2_df": 3, "chi2_threshold": 11.344866730144373, "N_raw": 5, "N_roi": 5, "N_inlier": 5, "refit": true}
{"timestamp": "14:49:03.286241", "frame": 2, "mu": [1.899083587327339, 0.5558231418178613, 1.065817831459134], "Sigma": [[0.0033347838594105514, -0.004033264570594761, -0.0020582300242623034], [-0.0040332645705947615, 0.009462336827636407, -0.0013766458902497187], [-0.0020582300242623043, -0.0013766458902497191, 0.06007552749074167]], "chi2_level": 0.99, "chi2_df": 3, "chi2_threshold": 11.344866730144373, "N_raw": 23, "N_roi": 23, "N_inlier": 21, "refit": true}
{"timestamp": "14:49:03.339346", "frame": 3, "mu": [1.8902963494316263, 0.5367254756745345, 1.215786269198162], "Sigma": [[0.00240327521380225, -0.000536938096181896, 3.101188247033905e-05], [-0.000536938096181896, 0.009513849963291417, -4.35851196779431e-05], [3.101188247033908e-05, -4.35851196779431e-05, 0.0005877778269401036]], "chi2_level": 0.99, "chi2_df": 3, "chi2_threshold": 11.344866730144373, "N_raw": 12, "N_roi": 12, "N_inlier": 12, "refit": true}
{"timestamp": "14:49:03.393214", "frame": 4, "mu": [1.803531557699608, 0.642127721738859, 1.1104028671092459], "Sigma": [[0.002183524218000506, 0.0013832182007429933, -0.009044848065809411], [0.0013832182007429935, 0.005161608746169453, -0.004581747207557975], [-0.009044848065809411, -0.004581747207557975, 0.05985214581716581]], "chi2_level": 0.99, "chi2_df": 3, "chi2_threshold": 11.344866730144373, "N_raw": 9, "N_roi": 9, "N_inlier": 8, "refit": true}
{"timestamp": "14:49:03.448758", "frame": 5, "mu": [1.832560793804688, 0.5813719591725527, 1.1913887715900264], "Sigma": [[0.004753873720243408, -0.0045742930385771026, -0.0007977948859532718], [-0.0045742930385771026, 0.01331802567380616, -0.01905449051002891], [-0.0007977948859532718, -0.019054490510028912, 0.06189102841182438]], "chi2_level": 0.99, "chi2_df": 3, "chi2_threshold": 11.344866730144373, "N_raw": 8, "N_roi": 8, "N_inlier": 8, "refit": true}
{"timestamp": "14:49:03.503301", "frame": 6, "mu": [1.7475100296217836, 0.5608492221771055, 1.2768277494180738], "Sigma": [[0.0015768916151279076, 0.0011134503941192704, -0.004112923652127351], [0.0011134503941192706, 0.005045434240616389, -0.009471815732414502], [-0.004112923652127351, -0.009471815732414502, 0.024875203610128]], "chi2_level": 0.99, "chi2_df": 3, "chi2_threshold": 11.344866730144373, "N_raw": 6, "N_roi": 6, "N_inlier": 6, "refit": true}
{"timestamp": "14:49:03.560301", "frame": 7, "mu": [1.7342587231790678, 0.6793296214567773, 1.171503611613959], "Sigma": [[0.0025092846791222355, -0.0032858612364843796, -0.001162065623156606], [-0.0032858612364843796, 0.012972907599884625, -0.001394941739801155], [-0.001162065623156606, -0.0013949417398011553, 0.0027282639345969726]], "chi2_level": 0.99, "chi2_df": 3, "chi2_threshold": 11.344866730144373, "N_raw": 19, "N_roi": 19, "N_inlier": 18, "refit": true}
{"timestamp": "14:49:03.615295", "frame": 8, "mu": [1.659065476708215, 0.6842519544126332, 1.1252157635072548], "Sigma": [[0.002089537568014552, -0.0021616099461210783, -0.00017265553644898977], [-0.0021616099461210783, 0.006781383201911766, -0.0026030666719276574], [-0.0001726555364489898, -0.002603066671927657, 0.0020832032926006677]], "chi2_level": 0.99, "chi2_df": 3, "chi2_threshold": 11.344866730144373, "N_raw": 19, "N_roi": 19, "N_inlier": 18, "refit": true}
{"timestamp": "14:49:03.672908", "frame": 9, "mu": [1.6743212278683817, 0.6322250511632179, 1.1592966906861126], "Sigma": [[0.004498400106094176, -0.004529346271087782, -0.001117723049227826], [-0.004529346271087782, 0.016489755955628065, -0.004382052780466492], [-0.001117723049227826, -0.004382052780466492, 0.0034014168748678856]], "chi2_level": 0.99, "chi2_df": 3, "chi2_threshold": 11.344866730144373, "N_raw": 39, "N_roi": 39, "N_inlier": 37, "refit": true}
{"timestamp": "14:49:03.727544", "frame": 10, "mu": [1.6318731870055083, 0.6226820317813737, 1.1831747039974512], "Sigma": [[0.002433540041237827, -0.0007056112217450619, -0.001217093393762357], [-0.0007056112217450616, 0.007798257040385844, -0.0017497962453816816], [-0.001217093393762357, -0.0017497962453816814, 0.00348645361557523]], "chi2_level": 0.99, "chi2_df": 3, "chi2_threshold": 11.344866730144373, "N_raw": 17, "N_roi": 17, "N_inlier": 17, "refit": true}
{"timestamp": "14:49:03.782083", "frame": 11, "mu": [1.574572139951094, 0.7364731581243178, 1.2297395251407472], "Sigma": [[0.002038396546004448, 0.0002885117827406275, -0.002037278439048071], [0.0002885117827406275, 0.004647729829256697, -0.0036672246857414603], [-0.002037278439048071, -0.0036672246857414603, 0.005307085290382777]], "chi2_level": 0.99, "chi2_df": 3, "chi2_threshold": 11.344866730144373, "N_raw": 17, "N_roi": 17, "N_inlier": 16, "refit": true}
{"timestamp": "14:49:03.838248", "frame": 12, "mu": [1.4839564109601895, 0.7503004436510123, 1.3421684696761138], "Sigma": [[0.0025616730883272565, -0.0016070435330487816, -0.0046616491418808356], [-0.001607043533048782, 0.003291283032188695, 0.00018529992575484641], [-0.0046616491418808356, 0.00018529992575484636, 0.016180668460115108]], "chi2_level": 0.99, "chi2_df": 3, "chi2_threshold": 11.344866730144373, "N_raw": 26, "N_roi": 26, "N_inlier": 26, "refit": true}
{"timestamp": "14:49:03.891436", "frame": 13, "mu": [1.5204546746602197, 0.8987035698666487, -0.5896976932198243], "Sigma": [[0.00311957851236994, -0.0018761537703349236, 0.00035865572229931285], [-0.0018761537703349236, 0.00830256353384124, 0.001883933918372346], [0.00035865572229931285, 0.001883933918372346, 0.0010024216386965703]], "chi2_level": 0.99, "chi2_df": 3, "chi2_threshold": 11.344866730144373, "N_raw": 20, "N_roi": 20, "N_inlier": 18, "refit": true}
{"timestamp": "14:49:03.948072", "frame": 14, "mu": [1.4041237044405583, 0.6080658230735803, 1.2692787104097136], "Sigma": [[0.005755630899693436, -0.008140948653831552, -0.004798322126620372], [-0.008140948653831552, 0.012243571533255771, 0.006118306604877145], [-0.004798322126620372, 0.006118306604877145, 0.007132334966622871]], "chi2_level": 0.99, "chi2_df": 3, "chi2_threshold": 11.344866730144373, "N_raw": 26, "N_roi": 26, "N_inlier": 25, "refit": true}
{"timestamp": "14:49:04.003019", "frame": 15, "mu": [1.4246391603344797, 0.7579050446328579, 1.4087329419684225], "Sigma": [[0.0033295130688552194, -0.0016054215489977762, -0.004360513009297091], [-0.0016054215489977762, 0.002683687076927313, -1.8347060690967977e-05], [-0.00436051300929709, -1.834706069096787e-05, 0.012392684428682011]], "chi2_level": 0.99, "chi2_df": 3, "chi2_threshold": 11.344866730144373, "N_raw": 26, "N_roi": 26, "N_inlier": 25, "refit": true}
{"timestamp": "14:49:04.058796", "frame": 16, "mu": [1.4315913175380977, 0.6759613276304908, 1.2068187412042435], "Sigma": [[0.0022255434062852953, -0.0007957492751694495, -0.0003617938749703706], [-0.0007957492751694497, 0.007127147838294721, -0.0031080458271266066], [-0.0003617938749703706, -0.003108045827126606, 0.0015926039453145128]], "chi2_level": 0.99, "chi2_df": 3, "chi2_threshold": 11.344866730144373, "N_raw": 27, "N_roi": 27, "N_inlier": 25, "refit": true}
{"timestamp": "14:49:04.111043", "frame": 17, "mu": [1.3159777969940132, 0.9436488521336566, -0.535273833060242], "Sigma": [[0.0017001481628113324, 0.0020263214775278196, -0.0038850324998022517], [0.00202632147752782, 0.0057954067822984685, -0.006472434901298347], [-0.003885032499802252, -0.006472434901298348, 0.0125387688376954]], "chi2_level": 0.99, "chi2_df": 3, "chi2_threshold": 11.344866730144373, "N_raw": 11, "N_roi": 11, "N_inlier": 11, "refit": true}
{"timestamp": "14:49:04.166934", "frame": 18, "mu": [1.3566559891690635, 0.5820184569249871, 1.1889287479357573], "Sigma": [[0.0019550139784283893, -0.002291020978742096, -0.0004971326038947976], [-0.002291020978742096, 0.008976455000878177, -0.006037940355224235], [-0.0004971326038947976, -0.006037940355224234, 0.010674084534174398]], "chi2_level": 0.99, "chi2_df": 3, "chi2_threshold": 11.344866730144373, "N_raw": 19, "N_roi": 19, "N_inlier": 18, "refit": true}
{"timestamp": "14:49:04.224475", "frame": 19, "mu": [1.317578494101668, 0.6470987410264969, 1.2837206585127423], "Sigma": [[0.003663729595859827, -0.003936134638375926, -0.001747170182680537], [-0.003936134638375925, 0.006264045755199228, -0.0031093710214168185], [-0.0017471701826805369, -0.0031093710214168176, 0.02163660312370055]], "chi2_level": 0.99, "chi2_df": 3, "chi2_threshold": 11.344866730144373, "N_raw": 27, "N_roi": 27, "N_inlier": 26, "refit": true}
{"timestamp": "14:49:04.275769", "frame": 20, "mu": [1.1970503608800254, 0.7698813185636534, 1.1802579873085772], "Sigma": [[0.006570682447249826, -0.0043828229540886585, -0.015237741760589], [-0.004382822954088659, 0.008202107562998277, 0.018591580712578496], [-0.015237741760589, 0.018591580712578496, 0.07044136435028775]], "chi2_level": 0.99, "chi2_df": 3, "chi2_threshold": 11.344866730144373, "N_raw": 8, "N_roi": 8, "N_inlier": 8, "refit": true}
{"timestamp": "14:49:04.332651", "frame": 21, "mu": [1.2027586755713524, 0.661751999554308, 1.3004544340010327], "Sigma": [[0.0035842900925250076, -0.0027922570823665227, -0.001695427830136375], [-0.0027922570823665227, 0.002909170045680555, 0.001253761257526862], [-0.0016954278301363748, 0.0012537612575268622, 0.0133176537643425]], "chi2_level": 0.99, "chi2_df": 3, "chi2_threshold": 11.344866730144373, "N_raw": 19, "N_roi": 19, "N_inlier": 18, "refit": true}
{"timestamp": "14:49:04.390812", "frame": 22, "mu": [1.197424649293507, 0.6528634443161739, 1.3434583068581136], "Sigma": [[0.007702181422333364, -0.0028336712916728745, -0.005105184891890893], [-0.0028336712916728754, 0.004407991706485843, 0.0003216143058403124], [-0.005105184891890893, 0.0003216143058403123, 0.005612459898816669]], "chi2_level": 0.99, "chi2_df": 3, "chi2_threshold": 11.344866730144373, "N_raw": 44, "N_roi": 44, "N_inlier": 43, "refit": true}
{"timestamp": "14:49:04.441541", "frame": 23, "mu": [1.0224192713342892, 0.7442363138879338, 1.221886184325111], "Sigma": [[0.0017056849431230584, -0.00045309921659189366, -0.004559269318350678], [-0.00045309921659189394, 0.010683254863445969, 0.014849138565259865], [-0.004559269318350678, 0.014849138565259866, 0.06207844781050174]], "chi2_level": 0.99, "chi2_df": 3, "chi2_threshold": 11.344866730144373, "N_raw": 7, "N_roi": 7, "N_inlier": 7, "refit": true}
{"timestamp": "14:49:04.495883", "frame": 24, "mu": [1.0490412272736596, 0.7830003848952664, 1.178869954921504], "Sigma": [[0.0008011041557511934, 0.0015611790755396878, -0.002408164824589018], [0.001561179075539688, 0.004269723670663072, -0.0056743675724032485], [-0.002408164824589018, -0.0056743675724032485, 0.014362362250514864]], "chi2_level": 0.99, "chi2_df": 3, "chi2_threshold": 11.344866730144373, "N_raw": 6, "N_roi": 6, "N_inlier": 6, "refit": true}
{"timestamp": "14:49:04.550123", "frame": 25, "mu": [0.9629074194525595, 0.7552376467804293, 1.3406740605783511], "Sigma": [[0.0033022565335779, -6.010802999195029e-05, -0.008674057834604076], [-6.010802999195029e-05, 0.002517105541589225, 0.0017236329351427175], [-0.008674057834604076, 0.0017236329351427175, 0.030799601325401136]], "chi2_level": 0.99, "chi2_df": 3, "chi2_threshold": 11.344866730144373, "N_raw": 10, "N_roi": 10, "N_inlier": 10, "refit": true}
{"timestamp": "14:49:04.606435", "frame": 26, "mu": [0.9531419303930606, 0.9615295077667488, -0.7630561789450028], "Sigma": [[0.007460717349489256, 0.005354307667605223, -0.024911824361296214], [0.005354307667605223, 0.00799496667888709, -0.01274155644787154], [-0.024911824361296218, -0.01274155644787154, 0.22288212434194218]], "chi2_level": 0.99, "chi2_df": 3, "chi2_threshold": 11.344866730144373, "N_raw": 15, "N_roi": 15, "N_inlier": 15, "refit": true}
{"timestamp": "14:49:04.663681", "frame": 27, "mu": [0.945873893072297, 0.7033888422708068, 1.1039924250334747], "Sigma": [[0.009503398638617327, -0.003669404614825556, -0.03105518973903007], [-0.003669404614825556, 0.009794957128745126, 0.02946077537543765], [-0.031055189739030067, 0.029460775375437655, 0.17945672926886483]], "chi2_level": 0.99, "chi2_df": 3, "chi2_threshold": 11.344866730144373, "N_raw": 27, "N_roi": 27, "N_inlier": 26, "refit": true}
{"timestamp": "14:49:04.718087", "frame": 28, "mu": [0.8591392362282227, 0.7074423019639376, 1.1805904703777192], "Sigma": [[0.0048183757340594284, -0.004306855683678176, -0.03248664972190305], [-0.004306855683678177, 0.00538365386472232, 0.03054860464230907], [-0.03248664972190305, 0.030548604642309064, 0.26513036010081037]], "chi2_level": 0.99, "chi2_df": 3, "chi2_threshold": 11.344866730144373, "N_raw": 19, "N_roi": 19, "N_inlier": 19, "refit": true}
{"timestamp": "14:49:04.771952", "frame": 29, "mu": [0.8972450145391413, 0.8957608901411716, -0.861705095264092], "Sigma": [[0.009094592616354737, 0.0077914940626854, -0.038249082580120775], [0.007791494062685401, 0.050359506981966215, -0.10845513598458462], [-0.038249082580120775, -0.10845513598458463, 0.31948720648083617]], "chi2_level": 0.99, "chi2_df": 3, "chi2_threshold": 11.344866730144373, "N_raw": 14, "N_roi": 14, "N_inlier": 14, "refit": true}
{"timestamp": "14:49:04.826108", "frame": 30, "mu": [0.8410225133579826, 0.615417222231222, 0.9227836639439979], "Sigma": [[0.014366638982977424, -0.004582290407410278, -0.060474205867428854], [-0.004582290407410279, 0.004249026254488751, 0.024465947047798274], [-0.06047420586742886, 0.024465947047798274, 0.345699348753746]], "chi2_level": 0.99, "chi2_df": 3, "chi2_threshold": 11.344866730144373, "N_raw": 12, "N_roi": 12, "N_inlier": 12, "refit": true}
{"timestamp": "14:49:04.885873", "frame": 31, "mu": [0.7836245017132165, 0.6411941222992292, 1.2895160250052031], "Sigma": [[0.005463421977220574, -0.0028758355557347093, -0.020590177278587314], [-0.0028758355557347093, 0.0023091365410124794, 0.00794023156049167], [-0.020590177278587314, 0.00794023156049167, 0.11596243894563474]], "chi2_level": 0.99, "chi2_df": 3, "chi2_threshold": 11.344866730144373, "N_raw": 43, "N_roi": 43, "N_inlier": 40, "refit": true}
{"timestamp": "14:49:04.942960", "frame": 32, "mu": [0.6851698754752001, 0.7983067833331159, -0.3377489384695329], "Sigma": [[0.003198996394664726, 0.00037886169476590006, -0.002464792661934143], [0.0003788616947659, 0.0033753647138827962, -0.0014069875467563153], [-0.0024647926619341424, -0.0014069875467563153, 0.017534871518006784]], "chi2_level": 0.99, "chi2_df": 3, "chi2_threshold": 11.344866730144373, "N_raw": 53, "N_roi": 52, "N_inlier": 49, "refit": true}
{"timestamp": "14:49:04.997553", "frame": 33, "mu": [0.6732959771377326, 0.806336200924253, -0.4503767303753249], "Sigma": [[0.0037458783107822222, 0.000646024208370667, -0.010469579196274698], [0.0006460242083706669, 0.006105522291112245, -0.022548364578737122], [-0.0104695791962747, -0.022548364578737122, 0.15159783995111192]], "chi2_level": 0.99, "chi2_df": 3, "chi2_threshold": 11.344866730144373, "N_raw": 45, "N_roi": 45, "N_inlier": 44, "refit": true}
{"timestamp": "14:49:05.059244", "frame": 34, "mu": [0.6944767259002153, 0.6967938083058225, -0.6873708795332429], "Sigma": [[0.00925223585217313, -0.0025687934589626246, -0.0156528753901733], [-0.0025687934589626246, 0.01402403074572871, 0.03121856711176195], [-0.0156528753901733, 0.03121856711176195, 0.16806876966625944]], "chi2_level": 0.99, "chi2_df": 3, "chi2_threshold": 11.344866730144373, "N_raw": 90, "N_roi": 90, "N_inlier": 88, "refit": true}
{"timestamp": "14:49:05.108307", "frame": 35, "mu": [0.6285173231823087, 0.8032351573240796, -0.4820155211938945], "Sigma": [[0.011462257952410015, 0.0010898223996206695, -0.03128575566108037], [0.0010898223996206695, 0.003554347542926549, -0.010632862990619774], [-0.03128575566108037, -0.010632862990619774, 0.15194803966948803]], "chi2_level": 0.99, "chi2_df": 3, "chi2_threshold": 11.344866730144373, "N_raw": 52, "N_roi": 52, "N_inlier": 50, "refit": true}
{"timestamp": "14:49:05.164076", "frame": 36, "mu": [0.588357417564205, 0.6782802338019068, 1.4108648802515131], "Sigma": [[0.0059759990487019835, -0.0009769599133636505, 0.003076600982745404], [-0.0009769599133636505, 0.002595478321251102, -0.0013858429686197243], [0.003076600982745404, -0.0013858429686197248, 0.022548835376362396]], "chi2_level": 0.99, "chi2_df": 3, "chi2_threshold": 11.344866730144373, "N_raw": 58, "N_roi": 58, "N_inlier": 53, "refit": true}
{"timestamp": "14:49:05.219045", "frame": 37, "mu": [0.5305000486628969, 0.6333268839315798, 1.3170870944061328], "Sigma": [[0.0022761782613791837, -0.002143468755471621, -0.002841018202767095], [-0.002143468755471621, 0.01000133245040133, 0.014776731615078247], [-0.002841018202767095, 0.014776731615078247, 0.04908854107680517]], "chi2_level": 0.99, "chi2_df": 3, "chi2_threshold": 11.344866730144373, "N_raw": 62, "N_roi": 59, "N_inlier": 54, "refit": true}
{"timestamp": "14:49:05.274507", "frame": 38, "mu": [0.46830909298840134, 0.7773356813198027, -0.649333362834019], "Sigma": [[0.009783900312270844, 0.0022928701708255146, 0.03119143387136648], [0.0022928701708255146, 0.005031436588180908, 0.01486483581087204], [0.03119143387136648, 0.01486483581087204, 0.1645233497511782]], "chi2_level": 0.99, "chi2_df": 3, "chi2_threshold": 11.344866730144373, "N_raw": 60, "N_roi": 60, "N_inlier": 57, "refit": true}
{"timestamp": "14:49:05.330320", "frame": 39, "mu": [0.4135124017381983, 0.8718742706082949, -0.3950069491243974], "Sigma": [[0.0033421162505926417, -0.0023556272541603654, 0.0009408727764008484], [-0.002355627254160365, 0.005732339845075791, -0.004418224306903995], [0.0009408727764008482, -0.004418224306903995, 0.0156209795602146]], "chi2_level": 0.99, "chi2_df": 3, "chi2_threshold": 11.344866730144373, "N_raw": 68, "N_roi": 68, "N_inlier": 64, "refit": true}
{"timestamp": "14:49:05.385541", "frame": 40, "mu": [0.33929542760489867, 0.8309490795089274, -0.4582352729782426], "Sigma": [[0.006399700934583964, 0.0031623503313734274, 0.014814094398691382], [0.0031623503313734274, 0.00477051232685348, 0.008083327129804512], [0.014814094398691385, 0.008083327129804512, 0.05766055255016465]], "chi2_level": 0.99, "chi2_df": 3, "chi2_threshold": 11.344866730144373, "N_raw": 73, "N_roi": 73, "N_inlier": 70, "refit": true}
{"timestamp": "14:49:05.445494", "frame": 41, "mu": [0.2670923882332487, 0.8877474122944732, -0.3949743740041684], "Sigma": [[0.011537625420483137, -0.003872270930432841, 0.014514534356422203], [-0.003872270930432841, 0.006161480044708519, -0.007764268741831536], [0.014514534356422203, -0.007764268741831536, 0.02675558822787831]], "chi2_level": 0.99, "chi2_df": 3, "chi2_threshold": 11.344866730144373, "N_raw": 98, "N_roi": 98, "N_inlier": 94, "refit": true}
{"timestamp": "14:49:05.494708", "frame": 42, "mu": [0.1727926959190142, 0.7220098564449955, -0.6923624370179171], "Sigma": [[0.014654493332899794, 0.004157938829266258, 0.02846412283461431], [0.004157938829266258, 0.0022876217023796493, 0.00880535937193084], [0.02846412283461431, 0.00880535937193084, 0.06517586062448313]], "chi2_level": 0.99, "chi2_df": 3, "chi2_threshold": 11.344866730144373, "N_raw": 67, "N_roi": 67, "N_inlier": 64, "refit": true}
{"timestamp": "14:49:05.551176", "frame": 43, "mu": [0.26054061953981195, 0.7220359584512105, 1.4289349616223548], "Sigma": [[0.0034810195917563892, -0.00017730747425428415, -0.003007865595385681], [-0.00017730747425428415, 0.0013491506627941459, -0.001000847085686216], [-0.003007865595385681, -0.001000847085686216, 0.007255289898765471]], "chi2_level": 0.99, "chi2_df": 3, "chi2_threshold": 11.344866730144373, "N_raw": 75, "N_roi": 75, "N_inlier": 71, "refit": true}
{"timestamp": "14:49:05.600446", "frame": 44, "mu": [0.18436137689004148, 0.7326891795912912, 1.47119154987196], "Sigma": [[0.0013276238206641187, 6.368858898967724e-05, -0.0019203925755018878], [6.368858898967727e-05, 0.0019240136111596045, -0.00022656287890757316], [-0.0019203925755018878, -0.00022656287890757316, 0.009979589776959978]], "chi2_level": 0.99, "chi2_df": 3, "chi2_threshold": 11.344866730144373, "N_raw": 38, "N_roi": 36, "N_inlier": 34, "refit": true}
{"timestamp": "14:49:05.658906", "frame": 45, "mu": [0.08000810759422361, 0.7568414316489179, -0.6107535204313821], "Sigma": [[0.015123328747399077, 0.004615395590170865, 0.026423563938869746], [0.004615395590170866, 0.0051913827363793364, 0.010049911974616077], [0.026423563938869746, 0.010049911974616075, 0.05728664790195618]], "chi2_level": 0.99, "chi2_df": 3, "chi2_threshold": 11.344866730144373, "N_raw": 66, "N_roi": 65, "N_inlier": 62, "refit": true}
{"timestamp": "14:49:05.717339", "frame": 46, "mu": [0.06573253690444547, 0.7746261743351106, 1.324679729853941], "Sigma": [[0.00984699163854826, -0.001398832585627062, 0.01526613994647151], [-0.0013988325856270618, 0.0014878601986422408, -0.004245418581202564], [0.01526613994647151, -0.004245418581202564, 0.03376070713444336]], "chi2_level": 0.99, "chi2_df": 3, "chi2_threshold": 11.344866730144373, "N_raw": 83, "N_roi": 83, "N_inlier": 80, "refit": true}
{"timestamp": "14:49:05.777610", "frame": 47, "mu": [-0.08161133534146522, 0.719152764017157, 0.9237859899843152], "Sigma": [[0.03956462874518737, 0.008646902118514842, 0.11458353260696771], [0.008646902118514842, 0.00278983169905148, 0.024482255102508614], [0.11458353260696771, 0.024482255102508614, 0.3574709985550723]], "chi2_level": 0.99, "chi2_df": 3, "chi2_threshold": 11.344866730144373, "N_raw": 115, "N_roi": 115, "N_inlier": 113, "refit": true}
{"timestamp": "14:49:05.821881", "frame": 48, "mu": [-0.045125167325364576, 0.663874959489049, 1.0418699902425221], "Sigma": [[0.011825808558871737, -0.003031743038160726, 0.034800154106328016], [-0.003031743038160726, 0.003050746885286425, -0.010282144112536066], [0.034800154106328016, -0.010282144112536067, 0.12524901528633067]], "chi2_level": 0.99, "chi2_df": 3, "chi2_threshold": 11.344866730144373, "N_raw": 30, "N_roi": 30, "N_inlier": 28, "refit": true}
{"timestamp": "14:49:05.881615", "frame": 49, "mu": [-0.08736345217551683, 0.8625029037516595, -0.6520076349017079], "Sigma": [[0.005346985051190707, -0.003472467364582307, 0.010473307438227303], [-0.003472467364582307, 0.010032705576770792, -0.018011426717129124], [0.010473307438227303, -0.018011426717129124, 0.051081205092743664]], "chi2_level": 0.99, "chi2_df": 3, "chi2_threshold": 11.344866730144373, "N_raw": 70, "N_roi": 70, "N_inlier": 66, "refit": true}
{"timestamp": "14:49:05.939861", "frame": 50, "mu": [-0.07234485599709779, 0.8090624368584893, -0.6298244421379372], "Sigma": [[0.003131527335468047, 0.0023900420379451173, 0.006976773792629783], [0.0023900420379451177, 0.01202952562801039, 0.007435910738623564], [0.006976773792629783, 0.007435910738623564, 0.030253053637995266]], "chi2_level": 0.99, "chi2_df": 3, "chi2_threshold": 11.344866730144373, "N_raw": 83, "N_roi": 83, "N_inlier": 76, "refit": true}
{"timestamp": "14:49:05.989929", "frame": 51, "mu": [-0.14553943429810892, 0.6069165657954986, 1.2189775308315363], "Sigma": [[0.003358003142886382, 0.0015762174551437766, 0.00546109446622195], [0.0015762174551437764, 0.007972827512120693, 0.004042381145987803], [0.00546109446622195, 0.004042381145987803, 0.01341473446176024]], "chi2_level": 0.99, "chi2_df": 3, "chi2_threshold": 11.344866730144373, "N_raw": 57, "N_roi": 57, "N_inlier": 54, "refit": true}
{"timestamp": "14:49:06.039370", "frame": 52, "mu": [-0.21203793487679284, 0.9105643352165699, -0.9746764737285853], "Sigma": [[0.010129378198220532, 0.015677684230013596, -0.05267236965378859], [0.015677684230013596, 0.031941672269828296, -0.08020734366170856], [-0.05267236965378859, -0.08020734366170856, 0.32457383698333286]], "chi2_level": 0.99, "chi2_df": 3, "chi2_threshold": 11.344866730144373, "N_raw": 12, "N_roi": 12, "N_inlier": 12, "refit": true}
{"timestamp": "14:49:06.096110", "frame": 53, "mu": [-0.223006413972599, 0.6846030657090273, 1.3157919450565232], "Sigma": [[0.01207352666379751, 0.00223786064222726, -0.050476967951621265], [0.0022378606422272596, 0.0044283222809722265, -0.004103542903062282], [-0.050476967951621265, -0.004103542903062283, 0.2565675152316221]], "chi2_level": 0.99, "chi2_df": 3, "chi2_threshold": 11.344866730144373, "N_raw": 38, "N_roi": 36, "N_inlier": 36, "refit": true}
{"timestamp": "14:49:06.155799", "frame": 54, "mu": [-0.3034678541410227, 0.7850491793032743, -0.413490573383146], "Sigma": [[0.0017204661998945156, 0.0008850468904043451, 0.0029869795682860353], [0.0008850468904043451, 0.00676416836009004, 0.0025939246693619743], [0.0029869795682860353, 0.002593924669361974, 0.00920715408432495]], "chi2_level": 0.99, "chi2_df": 3, "chi2_threshold": 11.344866730144373, "N_raw": 65, "N_roi": 62, "N_inlier": 56, "refit": true}
{"timestamp": "14:49:06.216008", "frame": 55, "mu": [-0.3177815929794876, 0.7217947222326379, 1.4154927710973193], "Sigma": [[0.00191123444603227, -8.981378700149178e-05, -0.0016307767536822351], [-8.981378700149176e-05, 0.0020124011423311955, -0.0021792352137351067], [-0.0016307767536822347, -0.0021792352137351067, 0.021986883950513916]], "chi2_level": 0.99, "chi2_df": 3, "chi2_threshold": 11.344866730144373, "N_raw": 96, "N_roi": 92, "N_inlier": 89, "refit": true}
{"timestamp": "14:49:06.271851", "frame": 56, "mu": [-0.39055726119975764, 0.7023621193562755, 1.3979803007980607], "Sigma": [[0.002742142362611497, -0.002008854189670495, -0.002336969401421145], [-0.0020088541896704955, 0.002671940661626164, 0.0024084893253017246], [-0.002336969401421145, 0.0024084893253017246, 0.019352440837124757]], "chi2_level": 0.99, "chi2_df": 3, "chi2_threshold": 11.344866730144373, "N_raw": 89, "N_roi": 85, "N_inlier": 81, "refit": true}
{"timestamp": "14:49:06.326241", "frame": 57, "mu": [-0.3782138193433235, 0.6541327753560098, 1.30578651711196], "Sigma": [[0.0048155086081046765, -0.003402713965068857, -0.0033388374312600688], [-0.003402713965068857, 0.004153788635960034, 0.0038793982803285772], [-0.003338837431260069, 0.0038793982803285777, 0.015934032323834814]], "chi2_level": 0.99, "chi2_df": 3, "chi2_threshold": 11.344866730144373, "N_raw": 93, "N_roi": 91, "N_inlier": 86, "refit": true}
{"timestamp": "14:49:06.380982", "frame": 58, "mu": [-0.42643513771975666, 0.6606731612849676, 1.2803172792434059], "Sigma": [[0.004280422380504749, -0.001689655284110263, -0.0005338293350068343], [-0.001689655284110263, 0.002860316057526278, -0.002342015277469999], [-0.0005338293350068344, -0.002342015277469999, 0.013870740054643812]], "chi2_level": 0.99, "chi2_df": 3, "chi2_threshold": 11.344866730144373, "N_raw": 86, "N_roi": 86, "N_inlier": 77, "refit": true}
{"timestamp": "14:49:06.427364", "frame": 59, "mu": [-0.6051247157048474, 0.6263442927263286, 1.4795459654849474], "Sigma": [[0.025344600908872396, 0.009263150586751045, -0.024537569543270653], [0.009263150586751045, 0.007552044137142161, -0.0065220975352717325], [-0.024537569543270653, -0.0065220975352717325, 0.02987297018833789]], "chi2_level": 0.99, "chi2_df": 3, "chi2_threshold": 11.344866730144373, "N_raw": 39, "N_roi": 39, "N_inlier": 37, "refit": true}
{"timestamp": "14:49:06.485718", "frame": 60, "mu": [-0.5883276949228711, 0.6251507924193053, 1.4232051533568535], "Sigma": [[0.010794837237325607, -0.0016008210702547054, -0.01908632096688817], [-0.0016008210702547045, 0.007796622573010673, 0.008297581278551895], [-0.01908632096688817, 0.008297581278551895, 0.04798821068292791]], "chi2_level": 0.99, "chi2_df": 3, "chi2_threshold": 11.344866730144373, "N_raw": 64, "N_roi": 64, "N_inlier": 62, "refit": true}
{"timestamp": "14:49:06.540119", "frame": 61, "mu": [-0.5327165539683121, 0.631600727729277, 1.2124565317980267], "Sigma": [[0.002550285803908128, -0.0019937278859432288, 0.0013448192681222084], [-0.001993727885943229, 0.004000693009510308, -0.0031820038475009645], [0.0013448192681222084, -0.0031820038475009645, 0.008097803444425901]], "chi2_level": 0.99, "chi2_df": 3, "chi2_threshold": 11.344866730144373, "N_raw": 61, "N_roi": 61, "N_inlier": 59, "refit": true}
{"timestamp": "14:49:06.595677", "frame": 62, "mu": [-0.8165207469211679, 0.6319588445888613, -0.3969176999532926], "Sigma": [[0.02224190703885394, 0.014240050298169365, -0.02567288230065624], [0.014240050298169361, 0.016538583085911378, -0.02313551952401393], [-0.02567288230065624, -0.02313551952401393, 0.040129972442903776]], "chi2_level": 0.99, "chi2_df": 3, "chi2_threshold": 11.344866730144373, "N_raw": 66, "N_roi": 66, "N_inlier": 65, "refit": true}
{"timestamp": "14:49:06.661765", "frame": 63, "mu": [-0.8120617734485829, 0.6608306895962985, 1.4388602849421441], "Sigma": [[0.019911242539448634, 0.011841496511564183, -0.032305024989165425], [0.011841496511564183, 0.011620479737894214, -0.028493176743495413], [-0.03230502498916543, -0.028493176743495413, 0.08384086051619236]], "chi2_level": 0.99, "chi2_df": 3, "chi2_threshold": 11.344866730144373, "N_raw": 135, "N_roi": 135, "N_inlier": 133, "refit": true}
{"timestamp": "14:49:06.710170", "frame": 64, "mu": [-0.8962472269354249, 0.6635835327647965, -0.30101530213526184], "Sigma": [[0.010119713802896764, 0.004756544304758132, 0.0007038706404440863], [0.004756544304758132, 0.011849051825231665, -6.9093277970681734e-06], [0.0007038706404440859, -6.909327797067957e-06, 0.0074286859151042614]], "chi2_level": 0.99, "chi2_df": 3, "chi2_threshold": 11.344866730144373, "N_raw": 90, "N_roi": 90, "N_inlier": 88, "refit": true}
{"timestamp": "14:49:06.763918", "frame": 65, "mu": [-0.9067402186498952, 0.6412546603729118, -0.48650860597946033], "Sigma": [[0.023629503366647292, 0.007945963377669289, 0.011281625231980112], [0.007945963377669289, 0.005805526066332984, 0.001026562711672849], [0.011281625231980109, 0.0010265627116728474, 0.3231847440759375]], "chi2_level": 0.99, "chi2_df": 3, "chi2_threshold": 11.344866730144373, "N_raw": 82, "N_roi": 82, "N_inlier": 81, "refit": true}
{"timestamp": "14:49:06.823065", "frame": 66, "mu": [-0.9238138735397627, 0.7889340897087761, -0.4283690447414611], "Sigma": [[0.01048357823901478, 0.006676624416787449, -0.015049554589762697], [0.006676624416787449, 0.011115149538910353, -0.021197819134943452], [-0.015049554589762697, -0.021197819134943452, 0.06953641908128719]], "chi2_level": 0.99, "chi2_df": 3, "chi2_threshold": 11.344866730144373, "N_raw": 108, "N_roi": 108, "N_inlier": 108, "refit": true}
{"timestamp": "14:49:06.878932", "frame": 67, "mu": [-0.9387703994917139, 0.7517617049990842, -0.6377232652318888], "Sigma": [[0.013407191728839552, 0.01677475500779751, -0.018076557807133783], [0.01677475500779751, 0.035529961719533015, -0.03381813866212511], [-0.018076557807133783, -0.03381813866212511, 0.07297479093294437]], "chi2_level": 0.99, "chi2_df": 3, "chi2_threshold": 11.344866730144373, "N_raw": 119, "N_roi": 119, "N_inlier": 119, "refit": true}
{"timestamp": "14:49:06.928447", "frame": 68, "mu": [-1.0525106772209327, 0.5875439917149967, 1.415284858912384], "Sigma": [[0.011610680110210115, 0.0016186782611837085, -0.013993858751501016], [0.001618678261183709, 0.005180306853267717, -0.002739994230804759], [-0.013993858751501017, -0.002739994230804759, 0.04881284465814956]], "chi2_level": 0.99, "chi2_df": 3, "chi2_threshold": 11.344866730144373, "N_raw": 84, "N_roi": 84, "N_inlier": 83, "refit": true}
{"timestamp": "14:49:06.982399", "frame": 69, "mu": [-1.1062197329336936, 0.7514537404533697, -0.30886534251889414], "Sigma": [[0.010154097008218782, 0.004171257652697023, -0.001833773038625734], [0.004171257652697023, 0.009099282813244193, -0.005177640715204508], [-0.0018337730386257345, -0.0051776407152045074, 0.006905596799081344]], "chi2_level": 0.99, "chi2_df": 3, "chi2_threshold": 11.344866730144373, "N_raw": 79, "N_roi": 79, "N_inlier": 75, "refit": true}
{"timestamp": "14:49:07.036301", "frame": 70, "mu": [-1.1673443857898913, 0.5900457360837434, 1.477980002583422], "Sigma": [[0.008818093975535365, 0.0023580795855196617, -0.0057649490883500566], [0.0023580795855196617, 0.007912370007606688, -0.00489163388063364], [-0.005764949088350057, -0.00489163388063364, 0.016684284798089463]], "chi2_level": 0.99, "chi2_df": 3, "chi2_threshold": 11.344866730144373, "N_raw": 72, "N_roi": 72, "N_inlier": 69, "refit": true}
{"timestamp": "14:49:07.091472", "frame": 71, "mu": [-1.2194288939398115, 0.5346824092617943, 1.300289365125936], "Sigma": [[0.008417399501989178, 0.00216369595778333, 0.0015596964962942418], [0.00216369595778333, 0.011274608746516696, -0.01843999190294649], [0.001559696496294242, -0.01843999190294649, 0.08652579941804425]], "chi2_level": 0.99, "chi2_df": 3, "chi2_threshold": 11.344866730144373, "N_raw": 82, "N_roi": 82, "N_inlier": 82, "refit": true}
{"timestamp": "14:49:07.145738", "frame": 72, "mu": [-1.226798163249259, 0.4672764833914617, 1.3856296803790245], "Sigma": [[0.009725537799808998, 0.003705880428743185, -0.00134401159800057], [0.003705880428743184, 0.009055684432115935, -0.005954945105169977], [-0.00134401159800057, -0.0059549451051699774, 0.00592023320179681]], "chi2_level": 0.99, "chi2_df": 3, "chi2_threshold": 11.344866730144373, "N_raw": 73, "N_roi": 73, "N_inlier": 67, "refit": true}
{"timestamp": "14:49:07.202151", "frame": 73, "mu": [-1.272811920524635, 0.5280106049706561, 1.2731787780635382], "Sigma": [[0.008261336169531895, -0.00039061467028654226, -0.012428275614812315], [-0.0003906146702865425, 0.015106543429043665, 0.004895200359081747], [-0.012428275614812315, 0.004895200359081746, 0.072702153490187]], "chi2_level": 0.99, "chi2_df": 3, "chi2_threshold": 11.344866730144373, "N_raw": 84, "N_roi": 84, "N_inlier": 82, "refit": true}
{"timestamp": "14:49:07.256027", "frame": 74, "mu": [-1.342595401163745, 0.593537110620685, 1.3849639728004695], "Sigma": [[0.00602377177430519, 0.0010689007199304085, -0.0015513509211638966], [0.001068900719930408, 0.012720755231448692, -0.007554823282498584], [-0.0015513509211638968, -0.007554823282498584, 0.019394680600090572]], "chi2_level": 0.99, "chi2_df": 3, "chi2_threshold": 11.344866730144373, "N_raw": 74, "N_roi": 74, "N_inlier": 72, "refit": true}
{"timestamp": "14:49:07.310628", "frame": 75, "mu": [-1.3606712632446285, 0.7839760699018036, -0.4000385435796647], "Sigma": [[0.007206031521626196, -0.0005673161037362546, -0.0013800821496443186], [-0.0005673161037362545, 0.012977928150676575, -0.0017069730047394446], [-0.0013800821496443186, -0.0017069730047394444, 0.021816642134613203]], "chi2_level": 0.99, "chi2_df": 3, "chi2_threshold": 11.344866730144373, "N_raw": 77, "N_roi": 77, "N_inlier": 71, "refit": true}
{"timestamp": "14:49:07.366691", "frame": 76, "mu": [-1.4285489918971392, 0.7002000748766687, -0.5601936747208452], "Sigma": [[0.008416418515547744, 0.0007741730166905883, 0.004054575748229995], [0.0007741730166905881, 0.01654320142853381, -0.004972369702528205], [0.004054575748229995, -0.004972369702528205, 0.013971847971611018]], "chi2_level": 0.99, "chi2_df": 3, "chi2_threshold": 11.344866730144373, "N_raw": 81, "N_roi": 81, "N_inlier": 78, "refit": true}
{"timestamp": "14:49:07.422851", "frame": 77, "mu": [-1.1692136092464078, 0.5212545342458393, 1.2353667811392237], "Sigma": [[0.8876339151037559, -0.034883038621812724, -0.050828952564026184], [-0.03488303862181272, 0.015486487653252232, 0.0059369849345900505], [-0.05082895256402619, 0.0059369849345900505, 0.030172810227420778]], "chi2_level": 0.99, "chi2_df": 3, "chi2_threshold": 11.344866730144373, "N_raw": 91, "N_roi": 91, "N_inlier": 91, "refit": true}
{"timestamp": "14:49:07.477565", "frame": 78, "mu": [-1.2228904499264008, 0.5167290137433869, -0.73981029207387], "Sigma": [[0.842570796082633, -0.03729299053848853, -0.044757816023166516], [-0.03729299053848853, 0.02008943054350533, 0.0016963840620796773], [-0.044757816023166516, 0.001696384062079677, 0.01807551554755738]], "chi2_level": 0.99, "chi2_df": 3, "chi2_threshold": 11.344866730144373, "N_raw": 82, "N_roi": 82, "N_inlier": 80, "refit": true}
{"timestamp": "14:49:07.529554", "frame": 79, "mu": [-1.5461380583548228, 0.5923719809988048, 1.3040438206813116], "Sigma": [[0.008909009189439309, 0.0052248826702161804, 0.003298146032736254], [0.0052248826702161804, 0.011862142232694762, 0.0008325496220261193], [0.003298146032736254, 0.0008325496220261193, 0.018242256665390845]], "chi2_level": 0.99, "chi2_df": 3, "chi2_threshold": 11.344866730144373, "N_raw": 68, "N_roi": 68, "N_inlier": 63, "refit": true}
{"timestamp": "14:49:07.584454", "frame": 80, "mu": [-1.5980079206544688, 0.7686997172365876, -0.5851309627307342], "Sigma": [[0.007990158184263161, 0.006977337662507606, 0.006910446274702814], [0.006977337662507608, 0.01138471460831989, 0.0006895342473244664], [0.006910446274702815, 0.0006895342473244667, 0.02846840058117297]], "chi2_level": 0.99, "chi2_df": 3, "chi2_threshold": 11.344866730144373, "N_raw": 67, "N_roi": 67, "N_inlier": 61, "refit": true}
{"timestamp": "14:49:07.641121", "frame": 81, "mu": [-1.228940455906795, 0.5566150703827935, 1.0548254509090078], "Sigma": [[1.2453095982699063, -0.023296856138432825, -0.007811613940975207], [-0.023296856138432825, 0.015662268354084706, -0.005440072733722614], [-0.007811613940975207, -0.005440072733722614, 0.06489849544115318]], "chi2_level": 0.99, "chi2_df": 3, "chi2_threshold": 11.344866730144373, "N_raw": 83, "N_roi": 83, "N_inlier": 83, "refit": true}
{"timestamp": "14:49:07.700685", "frame": 82, "mu": [-1.624188548515078, 0.8639123212764789, -0.8093224769646781], "Sigma": [[0.011769704122315277, 0.015890655765140097, -0.012713293578753589], [0.0158906557651401, 0.04401027142911113, -0.05722742151645809], [-0.012713293578753589, -0.05722742151645809, 0.12412316000053757]], "chi2_level": 0.99, "chi2_df": 3, "chi2_threshold": 11.344866730144373, "N_raw": 107, "N_roi": 107, "N_inlier": 100, "refit": true}
{"timestamp": "14:49:07.752294", "frame": 83, "mu": [-1.501336194220515, 0.5966781941299146, 1.1349962572294758], "Sigma": [[0.661221962563566, -0.0210002203242781, -0.00023365840555403944], [-0.0210002203242781, 0.012497336136101064, -0.0019506978661863815], [-0.00023365840555403684, -0.0019506978661863819, 0.05070244204056981]], "chi2_level": 0.99, "chi2_df": 3, "chi2_threshold": 11.344866730144373, "N_raw": 83, "N_roi": 83, "N_inlier": 79, "refit": true}
{"timestamp": "14:49:07.805734", "frame": 84, "mu": [-1.70388515832372, 0.6716183173484905, 1.2022433625557765], "Sigma": [[0.012693689134013994, 0.005494868256898068, 0.015277307018037905], [0.005494868256898068, 0.012223620501625202, -0.003061232244408509], [0.015277307018037905, -0.0030612322444085105, 0.05797971130144898]], "chi2_level": 0.99, "chi2_df": 3, "chi2_threshold": 11.344866730144373, "N_raw": 72, "N_roi": 72, "N_inlier": 71, "refit": true}
{"timestamp": "14:49:07.856601", "frame": 85, "mu": [-1.6777987065517053, 0.7023321438008623, 1.3196909180872423], "Sigma": [[0.007448190882138407, 0.0028205316769730256, -0.002663403187530524], [0.0028205316769730256, 0.009415743030623655, -0.006094239390370362], [-0.002663403187530524, -0.0060942393903703615, 0.005607542303888355]], "chi2_level": 0.99, "chi2_df": 3, "chi2_threshold": 11.344866730144373, "N_raw": 47, "N_roi": 47, "N_inlier": 46, "refit": true}
{"timestamp": "14:49:07.910488", "frame": 86, "mu": [-1.7140632498822463, 0.7302225931248587, 1.331640324156727], "Sigma": [[0.006000213284491911, 0.00291437153677566, -0.003175635400471951], [0.00291437153677566, 0.007704566863446245, -0.006628021823439311], [-0.003175635400471951, -0.006628021823439312, 0.007225199278567267]], "chi2_level": 0.99, "chi2_df": 3, "chi2_threshold": 11.344866730144373, "N_raw": 42, "N_roi": 42, "N_inlier": 40, "refit": true}
