{"timestamp": "13:58:16.321349", "frame": 22, "mu": [-1.0232677919584183, 4.970607444990476, 0.6314166184027937], "Sigma": [[0.03323612433879665, 0.001181528477486836, -0.013901745572796534], [0.001181528477486836, 0.000524182867320534, -0.0019316284737632753], [-0.013901745572796534, -0.0019316284737632753, 0.01716887109556435]], "chi2_level": 0.99, "chi2_df": 3, "chi2_threshold": 11.344866730144373, "N_raw": 33, "N_roi": 23, "N_inlier": 23, "refit": true}
{"timestamp": "13:58:16.379680", "frame": 23, "mu": [-0.9672482287901006, 4.961256353048949, 0.6587508035045505], "Sigma": [[0.03313299881467417, 0.00052207571623363, -0.01719086772933616], [0.00052207571623363, 0.00047071352775345757, -0.0020871160315839715], [-0.01719086772933616, -0.0020871160315839715, 0.026597776651125064]], "chi2_level": 0.99, "chi2_df": 3, "chi2_threshold": 11.344866730144373, "N_raw": 41, "N_roi": 31, "N_inlier": 30, "refit": true}
{"timestamp": "13:58:16.490996", "frame": 25, "mu": [-0.9228272995351352, 4.8755972444881515, 0.8770186418440243], "Sigma": [[0.030649700392037953, 0.007028069652179466, 0.007437714661294087], [0.007028069652179466, 0.002619133380663271, -0.0010704019703736405], [0.007437714661294087, -0.0010704019703736407, 0.013844562586855682]], "chi2_level": 0.99, "chi2_df": 3, "chi2_threshold": 11.344866730144373, "N_raw": 50, "N_roi": 28, "N_inlier": 28, "refit": true}
{"timestamp": "13:58:16.544976", "frame": 26, "mu": [-0.9079876711494062, 4.883285892338236, 0.7863737242086201], "Sigma": [[0.040137351657035844, 0.004203156192280496, -0.011213318852456279], [0.004203156192280496, 0.004322436184748612, -8.439525375875196e-05], [-0.011213318852456279, -8.439525375875202e-05, 0.0056523735864772015]], "chi2_level": 0.99, "chi2_df": 3, "chi2_threshold": 11.344866730144373, "N_raw": 47, "N_roi": 41, "N_inlier": 40, "refit": true}
{"timestamp": "13:58:16.602867", "frame": 27, "mu": [-0.9184945083003916, 4.809601618910565, 0.9023982047558483], "Sigma": [[0.03872963541596382, 0.008492722519955618, 0.001112409331203679], [0.008492722519955618, 0.004812267885650937, -0.0038663374794717462], [0.0011124093312036786, -0.0038663374794717462, 0.015239727689363393]], "chi2_level": 0.99, "chi2_df": 3, "chi2_threshold": 11.344866730144373, "N_raw": 59, "N_roi": 53, "N_inlier": 53, "refit": true}
{"timestamp": "13:58:16.655961", "frame": 28, "mu": [-0.8461089562003121, 4.790599202479704, 0.7769895380205032], "Sigma": [[0.037617655921894415, 0.0038807668057936626, -0.015875709134779988], [0.003880766805793663, 0.005860458526116555, -0.001194738910841419], [-0.015875709134779988, -0.0011947389108414193, 0.007990919756370033]], "chi2_level": 0.99, "chi2_df": 3, "chi2_threshold": 11.344866730144373, "N_raw": 49, "N_roi": 49, "N_inlier": 49, "refit": true}
{"timestamp": "13:58:16.714455", "frame": 29, "mu": [-0.7759397825235633, 4.768687285156383, 0.6099372808857152], "Sigma": [[0.037016686183900055, 0.004851653587093821, -0.026154966366628403], [0.004851653587093821, 0.007204776297229667, -0.008916387542227344], [-0.026154966366628406, -0.008916387542227344, 0.033582786038199905]], "chi2_level": 0.99, "chi2_df": 3, "chi2_threshold": 11.344866730144373, "N_raw": 71, "N_roi": 67, "N_inlier": 67, "refit": true}
{"timestamp": "13:58:16.765562", "frame": 30, "mu": [-0.8209088703131455, 4.703304736315155, 0.9835091988559834], "Sigma": [[0.03137486703257554, 0.005267553991058702, -0.003492973116491708], [0.005267553991058701, 0.0032601693601724785, -0.004788368572904031], [-0.003492973116491708, -0.004788368572904031, 0.017394336987577246]], "chi2_level": 0.99, "chi2_df": 3, "chi2_threshold": 11.344866730144373, "N_raw": 45, "N_roi": 44, "N_inlier": 43, "refit": true}
{"timestamp": "13:58:16.820601", "frame": 31, "mu": [-0.761598077170951, 4.714126130298008, 0.9593926325603641], "Sigma": [[0.036122803234735004, 0.004529345630991121, -0.012079562161196657], [0.004529345630991123, 0.0032997905014618993, -0.0061831993573936055], [-0.012079562161196657, -0.0061831993573936055, 0.016105447563896973]], "chi2_level": 0.99, "chi2_df": 3, "chi2_threshold": 11.344866730144373, "N_raw": 50, "N_roi": 50, "N_inlier": 50, "refit": true}
{"timestamp": "13:58:16.875109", "frame": 32, "mu": [-0.7586956862824027, 4.642114979865827, 0.8592567783916863], "Sigma": [[0.03556802832465246, 0.007530238558280921, -0.010872846206596721], [0.007530238558280921, 0.005107385868218904, -0.0047302491338668835], [-0.010872846206596721, -0.0047302491338668835, 0.008029503188380457]], "chi2_level": 0.99, "chi2_df": 3, "chi2_threshold": 11.344866730144373, "N_raw": 47, "N_roi": 47, "N_inlier": 47, "refit": true}
{"timestamp": "13:58:16.929625", "frame": 33, "mu": [-0.705229082380779, 4.629738425660963, 0.725350913602534], "Sigma": [[0.03502874821856429, 0.005367642487925027, -0.01860189693153108], [0.005367642487925027, 0.002842667213677455, -0.005025981327726077], [-0.01860189693153108, -0.005025981327726077, 0.014628516096066413]], "chi2_level": 0.99, "chi2_df": 3, "chi2_threshold": 11.344866730144373, "N_raw": 40, "N_roi": 39, "N_inlier": 38, "refit": true}
{"timestamp": "13:58:16.989887", "frame": 34, "mu": [-0.5905031345538094, 4.751633167382693, -0.12330904017294966], "Sigma": [[0.04251829090226837, 0.002264210088881255, -0.018179732604345935], [0.002264210088881256, 0.015221825318791026, -0.02705885352369921], [-0.01817973260434593, -0.02705885352369921, 0.05854631681976112]], "chi2_level": 0.99, "chi2_df": 3, "chi2_threshold": 11.344866730144373, "N_raw": 78, "N_roi": 73, "N_inlier": 73, "refit": true}
{"timestamp": "13:58:17.042979", "frame": 35, "mu": [-0.5507672989823792, 4.553445889152361, 0.5770262551696652], "Sigma": [[0.03267957593377856, 0.0028176068498742897, -0.02843597874716659], [0.0028176068498742893, 0.0017216705104477028, -0.005147647857827362], [-0.028435978747166586, -0.005147647857827361, 0.10344397666158248]], "chi2_level": 0.99, "chi2_df": 3, "chi2_threshold": 11.344866730144373, "N_raw": 62, "N_roi": 62, "N_inlier": 62, "refit": true}
{"timestamp": "13:58:17.097323", "frame": 36, "mu": [-0.5618533057326266, 4.483923972552199, 0.8200785358029017], "Sigma": [[0.03655794969970731, 0.0031007113423906804, -0.027908249730812483], [0.0031007113423906804, 0.00313624318342412, -0.007614161511794596], [-0.027908249730812483, -0.007614161511794596, 0.04300907683302829]], "chi2_level": 0.99, "chi2_df": 3, "chi2_threshold": 11.344866730144373, "N_raw": 60, "N_roi": 60, "N_inlier": 60, "refit": true}
{"timestamp": "13:58:17.145597", "frame": 37, "mu": [-0.5969136143434955, 4.453287390314461, 0.6486381768697193], "Sigma": [[0.0015488115157915449, 0.0006615306442539412, 0.0009423629297043682], [0.0006615306442539414, 0.004437847565325628, -0.01906040526635585], [0.0009423629297043673, -0.019060405266355846, 0.10926239978920489]], "chi2_level": 0.99, "chi2_df": 3, "chi2_threshold": 11.344866730144373, "N_raw": 9, "N_roi": 5, "N_inlier": 5, "refit": true}
{"timestamp": "13:58:17.204391", "frame": 38, "mu": [-0.47417225929271917, 4.598114606902546, -0.028028859246498877], "Sigma": [[0.03233869336083699, 0.007219500729860738, -0.01205861062977419], [0.007219500729860737, 0.005370105267869176, -0.004571570219365887], [-0.01205861062977419, -0.004571570219365887, 0.007374348886527565]], "chi2_level": 0.99, "chi2_df": 3, "chi2_threshold": 11.344866730144373, "N_raw": 45, "N_roi": 44, "N_inlier": 44, "refit": true}
{"timestamp": "13:58:17.263328", "frame": 39, "mu": [-0.5051396830309336, 4.352483788028487, 0.6637329970344287], "Sigma": [[0.04100803099981205, 0.0006426012855585367, -0.02157029842097308], [0.0006426012855585369, 0.004733648253008849, -0.005725672281115724], [-0.021570298420973077, -0.005725672281115724, 0.02303096517332346]], "chi2_level": 0.99, "chi2_df": 3, "chi2_threshold": 11.344866730144373, "N_raw": 67, "N_roi": 67, "N_inlier": 65, "refit": true}
{"timestamp": "13:58:17.317268", "frame": 40, "mu": [-0.4791515872707702, 4.330435128315707, 0.749165156493469], "Sigma": [[0.03324383902007218, -0.002465778270651181, -0.022156709348265097], [-0.0024657782706511804, 0.003572514815369949, -0.0014296444810054508], [-0.022156709348265097, -0.0014296444810054506, 0.02652551397854716]], "chi2_level": 0.99, "chi2_df": 3, "chi2_threshold": 11.344866730144373, "N_raw": 58, "N_roi": 57, "N_inlier": 52, "refit": true}
{"timestamp": "13:58:17.375133", "frame": 41, "mu": [-0.36548657392575357, 4.353695462721461, 0.9065700729561759], "Sigma": [[0.04363829713653983, 0.007819911141639286, -0.01858742335135418], [0.007819911141639286, 0.006157927053188419, -0.008524807349649772], [-0.01858742335135418, -0.008524807349649772, 0.01806323214168335]], "chi2_level": 0.99, "chi2_df": 3, "chi2_threshold": 11.344866730144373, "N_raw": 81, "N_roi": 78, "N_inlier": 73, "refit": true}
{"timestamp": "13:58:17.425720", "frame": 42, "mu": [-0.47379088663398233, 4.248950439965089, 0.8662844251879875], "Sigma": [[0.0380645706800869, 0.0007566967220710096, -0.01717996178263825], [0.0007566967220710098, 0.003221409347170021, -0.0012104047022570529], [-0.01717996178263825, -0.0012104047022570529, 0.009506252026864068]], "chi2_level": 0.99, "chi2_df": 3, "chi2_threshold": 11.344866730144373, "N_raw": 48, "N_roi": 48, "N_inlier": 46, "refit": true}
{"timestamp": "13:58:17.481336", "frame": 43, "mu": [-0.34654954584086906, 4.257880681537179, 0.9328310443040434], "Sigma": [[0.017928748900291912, 0.0018410241916338782, -0.008595175475669152], [0.0018410241916338782, 0.005677320995034977, -0.00244289069955679], [-0.008595175475669152, -0.00244289069955679, 0.006231273324138683]], "chi2_level": 0.99, "chi2_df": 3, "chi2_threshold": 11.344866730144373, "N_raw": 51, "N_roi": 51, "N_inlier": 47, "refit": true}
{"timestamp": "13:58:17.537597", "frame": 44, "mu": [-0.24031546109164023, 4.22289202575651, 0.8303993087228777], "Sigma": [[0.03364814144541002, 0.0023011235407693043, -0.0006770392892664632], [0.002301123540769304, 0.0025602523176776895, -0.0031269221902985806], [-0.0006770392892664636, -0.0031269221902985806, 0.01994675435149179]], "chi2_level": 0.99, "chi2_df": 3, "chi2_threshold": 11.344866730144373, "N_raw": 62, "N_roi": 62, "N_inlier": 60, "refit": true}
{"timestamp": "13:58:17.591348", "frame": 45, "mu": [-0.30929570772074316, 4.2018992249323555, 0.8497108111621723], "Sigma": [[0.03868525060333321, 0.012576104179543374, -0.006456890647901798], [0.012576104179543376, 0.010312183250915522, 0.0026096557084101008], [-0.006456890647901798, 0.002609655708410101, 0.008067709350109547]], "chi2_level": 0.99, "chi2_df": 3, "chi2_threshold": 11.344866730144373, "N_raw": 55, "N_roi": 55, "N_inlier": 54, "refit": true}
{"timestamp": "13:58:17.647959", "frame": 46, "mu": [-0.1906966660760699, 4.127890769084107, 0.8947791706689426], "Sigma": [[0.02442293705942644, 0.0037284764878396997, -0.005778911752259667], [0.0037284764878397006, 0.003220153031008027, -0.006878492972444666], [-0.005778911752259668, -0.006878492972444666, 0.0177263806901548]], "chi2_level": 0.99, "chi2_df": 3, "chi2_threshold": 11.344866730144373, "N_raw": 59, "N_roi": 59, "N_inlier": 58, "refit": true}
{"timestamp": "13:58:17.699618", "frame": 47, "mu": [-0.1545635662644304, 4.049703724456369, 1.013256324770246], "Sigma": [[0.019465946064706616, -0.0021330542148515616, -0.018231966589529594], [-0.0021330542148515616, 0.0022513802258408606, 0.0011864901899792321], [-0.018231966589529594, 0.0011864901899792321, 0.02433297262255183]], "chi2_level": 0.99, "chi2_df": 3, "chi2_threshold": 11.344866730144373, "N_raw": 38, "N_roi": 38, "N_inlier": 36, "refit": true}
{"timestamp": "13:58:17.756474", "frame": 48, "mu": [-0.07874355557774003, 4.035999494280447, 0.8375940720191419], "Sigma": [[0.029268013317942466, 0.0004139879610652109, -0.008730316791879432], [0.00041398796106521086, 0.004470071687485317, -0.0010028845308418665], [-0.008730316791879432, -0.0010028845308418665, 0.004188220565573178]], "chi2_level": 0.99, "chi2_df": 3, "chi2_threshold": 11.344866730144373, "N_raw": 57, "N_roi": 57, "N_inlier": 56, "refit": true}
{"timestamp": "13:58:17.814727", "frame": 49, "mu": [-0.08752674578455572, 4.056307963642446, 0.8552679203762754], "Sigma": [[0.026452851699265235, 0.008803550999679277, -0.0015039537769850966], [0.008803550999679277, 0.013247296419589437, -0.002431804213568224], [-0.0015039537769850966, -0.002431804213568224, 0.0007361855320537817]], "chi2_level": 0.99, "chi2_df": 3, "chi2_threshold": 11.344866730144373, "N_raw": 80, "N_roi": 78, "N_inlier": 76, "refit": true}
{"timestamp": "13:58:17.866429", "frame": 50, "mu": [-0.08330715142131209, 4.078600819730474, -0.01754201021807235], "Sigma": [[0.02427413247358639, 0.0022061412206575487, 0.0034205362653559855], [0.0022061412206575487, 0.00618308101331791, -0.002063265766249804], [0.0034205362653559855, -0.002063265766249804, 0.003213552294037653]], "chi2_level": 0.99, "chi2_df": 3, "chi2_threshold": 11.344866730144373, "N_raw": 57, "N_roi": 57, "N_inlier": 56, "refit": true}
{"timestamp": "13:58:17.923870", "frame": 51, "mu": [-0.04157309879530772, 3.908844502561988, 0.9963100582133804], "Sigma": [[0.022668673137995192, 0.0034790824415921414, 0.004297976059647667], [0.003479082441592142, 0.004813164906997554, -0.005464850011634072], [0.0042979760596476655, -0.005464850011634072, 0.014596782512860482]], "chi2_level": 0.99, "chi2_df": 3, "chi2_threshold": 11.344866730144373, "N_raw": 65, "N_roi": 65, "N_inlier": 65, "refit": true}
{"timestamp": "13:58:17.980225", "frame": 52, "mu": [0.024738959261312945, 3.837929848998415, 0.8567277302582166], "Sigma": [[0.029618674793427856, 0.00476677269349203, -0.01105354935382851], [0.00476677269349203, 0.00781686692046204, -0.0022900152334839486], [-0.011053549353828507, -0.002290015233483948, 0.017181631269100855]], "chi2_level": 0.99, "chi2_df": 3, "chi2_threshold": 11.344866730144373, "N_raw": 80, "N_roi": 80, "N_inlier": 77, "refit": true}
{"timestamp": "13:58:18.030224", "frame": 53, "mu": [0.00018940688647953868, 3.8036300491395907, 1.031363246253649], "Sigma": [[0.01237665443613852, -0.00044135935909379544, -0.004504681220994976], [-0.00044135935909379544, 0.0031410081024652106, -0.0016436214577777468], [-0.004504681220994976, -0.0016436214577777468, 0.005814919949606575]], "chi2_level": 0.99, "chi2_df": 3, "chi2_threshold": 11.344866730144373, "N_raw": 38, "N_roi": 38, "N_inlier": 35, "refit": true}
{"timestamp": "13:58:18.092726", "frame": 54, "mu": [0.05666400878817571, 3.739615031990305, 0.935129044984307], "Sigma": [[0.03051385002255328, 0.006453492918993841, -0.008558197677177951], [0.006453492918993841, 0.010392227072187522, -0.0024914026140668015], [-0.008558197677177953, -0.0024914026140668015, 0.011812001428770298]], "chi2_level": 0.99, "chi2_df": 3, "chi2_threshold": 11.344866730144373, "N_raw": 92, "N_roi": 92, "N_inlier": 87, "refit": true}
{"timestamp": "13:58:18.148252", "frame": 55, "mu": [0.14741817301063606, 3.7238795291285327, 0.8053802477175144], "Sigma": [[0.021810517421032953, 0.0036968792581059005, -0.005628943735082952], [0.003696879258105901, 0.01379708908930847, -0.004183799705302462], [-0.005628943735082952, -0.004183799705302462, 0.005883493576606681]], "chi2_level": 0.99, "chi2_df": 3, "chi2_threshold": 11.344866730144373, "N_raw": 91, "N_roi": 91, "N_inlier": 87, "refit": true}
{"timestamp": "13:58:18.199385", "frame": 56, "mu": [0.10314545855141957, 3.652081877928556, 0.99122212667152], "Sigma": [[0.023934276312337688, -0.0022322744806157328, -0.01065871347043618], [-0.0022322744806157323, 0.00674936040024294, -0.0011574087619756778], [-0.01065871347043618, -0.0011574087619756778, 0.008786139227889943]], "chi2_level": 0.99, "chi2_df": 3, "chi2_threshold": 11.344866730144373, "N_raw": 74, "N_roi": 74, "N_inlier": 70, "refit": true}
{"timestamp": "13:58:18.251189", "frame": 57, "mu": [0.1754207167113576, 3.611509903177693, 0.9922856563374308], "Sigma": [[0.022835921151026603, 0.001423345512175767, -0.0012373151384661545], [0.0014233455121757668, 0.0041616921951736765, -0.0009235522659421261], [-0.0012373151384661545, -0.0009235522659421261, 0.0005652089564918339]], "chi2_level": 0.99, "chi2_df": 3, "chi2_threshold": 11.344866730144373, "N_raw": 56, "N_roi": 56, "N_inlier": 53, "refit": true}
{"timestamp": "13:58:18.305135", "frame": 58, "mu": [0.17438273873186727, 3.606358732957877, 1.0029642265185932], "Sigma": [[0.018278679627212233, -0.00046981550383914234, -0.010751076626374855], [-0.00046981550383914255, 0.005027337424783958, -0.0025437879527084165], [-0.010751076626374855, -0.002543787952708417, 0.05252239018025011]], "chi2_level": 0.99, "chi2_df": 3, "chi2_threshold": 11.344866730144373, "N_raw": 45, "N_roi": 45, "N_inlier": 43, "refit": true}
{"timestamp": "13:58:18.362425", "frame": 59, "mu": [0.2998659433005339, 3.6095524202758416, 1.0007533390625898], "Sigma": [[0.02427900223837945, -0.0018820328990317718, -0.004641015139770608], [-0.0018820328990317718, 0.005477339285161506, -3.512637729649373e-05], [-0.004641015139770608, -3.512637729649368e-05, 0.0027941814337203532]], "chi2_level": 0.99, "chi2_df": 3, "chi2_threshold": 11.344866730144373, "N_raw": 61, "N_roi": 61, "N_inlier": 60, "refit": true}
{"timestamp": "13:58:18.415645", "frame": 60, "mu": [0.3473763871470906, 3.5365238969261092, 0.9684343168059214], "Sigma": [[0.015575814838967071, 0.0002459704357029112, -0.005606692953354343], [0.0002459704357029112, 0.0037821923019445225, -0.003142146868307433], [-0.005606692953354343, -0.003142146868307433, 0.00662524769787702]], "chi2_level": 0.99, "chi2_df": 3, "chi2_threshold": 11.344866730144373, "N_raw": 50, "N_roi": 50, "N_inlier": 46, "refit": true}
{"timestamp": "13:58:18.470779", "frame": 61, "mu": [0.35706565358977105, 3.5417359936123387, 0.9722747709136152], "Sigma": [[0.019024402540542197, -0.0015727123378911315, -0.01265213585961724], [-0.0015727123378911315, 0.0035514380208939355, -0.0019070680771018427], [-0.01265213585961724, -0.0019070680771018427, 0.01961638351542907]], "chi2_level": 0.99, "chi2_df": 3, "chi2_threshold": 11.344866730144373, "N_raw": 54, "N_roi": 54, "N_inlier": 51, "refit": true}
{"timestamp": "13:58:18.530065", "frame": 62, "mu": [0.4105439794557493, 3.5114110218591463, 1.050608647533836], "Sigma": [[0.02770841233370201, -0.0011500005150402995, -0.010794155310070122], [-0.0011500005150402995, 0.005988425011778725, -0.002444498045681893], [-0.01079415531007012, -0.002444498045681893, 0.007985458682030305]], "chi2_level": 0.99, "chi2_df": 3, "chi2_threshold": 11.344866730144373, "N_raw": 80, "N_roi": 80, "N_inlier": 76, "refit": true}
{"timestamp": "13:58:18.585512", "frame": 63, "mu": [0.4214600285049501, 3.4505777892794383, 0.9838135139408968], "Sigma": [[0.02310344443406499, -0.0012947840397117708, -0.014675491298624537], [-0.0012947840397117708, 0.003972889189702559, -0.0057254512862113], [-0.014675491298624537, -0.005725451286211299, 0.025340362367197944]], "chi2_level": 0.99, "chi2_df": 3, "chi2_threshold": 11.344866730144373, "N_raw": 80, "N_roi": 80, "N_inlier": 75, "refit": true}
{"timestamp": "13:58:18.638571", "frame": 64, "mu": [0.4594674968245721, 3.3936027753614386, 0.904568741358514], "Sigma": [[0.024969257897360923, 0.0012534974485101447, -0.008471696920717791], [0.0012534974485101445, 0.006409626360368005, -0.0008329671378402946], [-0.008471696920717791, -0.0008329671378402941, 0.0062290115620365905]], "chi2_level": 0.99, "chi2_df": 3, "chi2_threshold": 11.344866730144373, "N_raw": 64, "N_roi": 64, "N_inlier": 60, "refit": true}
{"timestamp": "13:58:18.697044", "frame": 65, "mu": [0.5994456486977676, 3.460727147357735, -0.3279793252816505], "Sigma": [[0.032677187101415116, 0.005469709524090238, 0.1150935944347857], [0.005469709524090238, 0.012636370948747564, 0.00565988966152729], [0.1150935944347857, 0.005659889661527289, 0.5546458728701115]], "chi2_level": 0.99, "chi2_df": 3, "chi2_threshold": 11.344866730144373, "N_raw": 94, "N_roi": 93, "N_inlier": 90, "refit": true}
{"timestamp": "13:58:18.749558", "frame": 66, "mu": [0.5677652185733253, 3.3416626659208974, 0.9972935723031147], "Sigma": [[0.021134172768212348, 0.0003550026875770161, 0.004061932382735037], [0.00035500268757701614, 0.0031754330918425744, -0.006464095799610873], [0.004061932382735039, -0.006464095799610872, 0.028414693855739886]], "chi2_level": 0.99, "chi2_df": 3, "chi2_threshold": 11.344866730144373, "N_raw": 75, "N_roi": 75, "N_inlier": 72, "refit": true}
{"timestamp": "13:58:18.804790", "frame": 67, "mu": [0.6613657500881338, 3.2724461960039326, 0.9416225623351531], "Sigma": [[0.017355911123897665, -0.002111545623661118, -0.004130900205697894], [-0.002111545623661118, 0.0013518868951788688, -0.004629859107805353], [-0.004130900205697894, -0.004629859107805353, 0.06907040297884151]], "chi2_level": 0.99, "chi2_df": 3, "chi2_threshold": 11.344866730144373, "N_raw": 73, "N_roi": 73, "N_inlier": 72, "refit": true}
{"timestamp": "13:58:18.858445", "frame": 68, "mu": [0.7081025175655357, 3.278709410343396, 1.1317671330571537], "Sigma": [[0.02529439773562911, -0.00121570881354198, -0.02232089842660525], [-0.00121570881354198, 0.0031142120674493394, -0.0051546119639596325], [-0.02232089842660525, -0.0051546119639596325, 0.041231761115346516]], "chi2_level": 0.99, "chi2_df": 3, "chi2_threshold": 11.344866730144373, "N_raw": 64, "N_roi": 64, "N_inlier": 60, "refit": true}
{"timestamp": "13:58:18.911576", "frame": 69, "mu": [0.7371724344321535, 3.1375238595039416, 0.7801486238291774], "Sigma": [[0.01685120275288323, -0.0027970110196878072, -0.006071854078142546], [-0.0027970110196878072, 0.003354906384391671, -0.0023883192167474016], [-0.006071854078142546, -0.002388319216747401, 0.009158471093702552]], "chi2_level": 0.99, "chi2_df": 3, "chi2_threshold": 11.344866730144373, "N_raw": 56, "N_roi": 56, "N_inlier": 53, "refit": true}
{"timestamp": "13:58:18.966541", "frame": 70, "mu": [0.7759685995400353, 3.0981043524018452, 0.8881302543676183], "Sigma": [[0.015492925698824173, -0.0030253023191795176, 0.0028081799340295456], [-0.0030253023191795176, 0.0034895019571067566, -0.0038212375622286164], [0.0028081799340295456, -0.0038212375622286164, 0.006587841466994165]], "chi2_level": 0.99, "chi2_df": 3, "chi2_threshold": 11.344866730144373, "N_raw": 56, "N_roi": 56, "N_inlier": 54, "refit": true}
{"timestamp": "13:58:19.023065", "frame": 71, "mu": [0.7836808144799434, 3.0446802999967297, 0.8578360484335313], "Sigma": [[0.01689165286151749, -0.003222335053297183, -0.011209904571822572], [-0.003222335053297183, 0.0023554333143092927, -0.0020893838156328254], [-0.011209904571822572, -0.0020893838156328254, 0.02905351377476842]], "chi2_level": 0.99, "chi2_df": 3, "chi2_threshold": 11.344866730144373, "N_raw": 68, "N_roi": 66, "N_inlier": 60, "refit": true}
{"timestamp": "13:58:19.077593", "frame": 72, "mu": [0.7859491241353174, 3.0081409717805783, 0.9019976619505047], "Sigma": [[0.01736130395535595, -0.00442091125295058, -0.009134213958947646], [-0.00442091125295058, 0.0032026364681169333, -0.0021675313493419385], [-0.009134213958947644, -0.0021675313493419385, 0.018776068653380072]], "chi2_level": 0.99, "chi2_df": 3, "chi2_threshold": 11.344866730144373, "N_raw": 62, "N_roi": 62, "N_inlier": 61, "refit": true}
{"timestamp": "13:58:19.132664", "frame": 73, "mu": [0.8547342369079034, 2.9093476443312465, 0.7290928971146454], "Sigma": [[0.016043638911901248, -0.004059807948317885, -0.004158362159031211], [-0.004059807948317885, 0.00832092502525181, 0.0006997030677245557], [-0.004158362159031211, 0.0006997030677245557, 0.0029250664104510304]], "chi2_level": 0.99, "chi2_df": 3, "chi2_threshold": 11.344866730144373, "N_raw": 59, "N_roi": 59, "N_inlier": 58, "refit": true}
{"timestamp": "13:58:19.190144", "frame": 74, "mu": [0.8899710424244727, 2.866257949928156, 0.8013989409728919], "Sigma": [[0.018391158193978702, -0.002617020239408032, -0.002367502390510248], [-0.0026170202394080323, 0.006976784688511127, -0.003321228087519817], [-0.002367502390510248, -0.003321228087519817, 0.004516246262568459]], "chi2_level": 0.99, "chi2_df": 3, "chi2_threshold": 11.344866730144373, "N_raw": 77, "N_roi": 73, "N_inlier": 72, "refit": true}
{"timestamp": "13:58:19.242035", "frame": 75, "mu": [0.9318013289619851, 2.7570372094382742, 0.7105999819319153], "Sigma": [[0.016093483892051105, -0.003730077837287348, 0.0004934194014399093], [-0.003730077837287348, 0.006004610086132516, -0.0011998681288786439], [0.0004934194014399093, -0.0011998681288786439, 0.001286814457803731]], "chi2_level": 0.99, "chi2_df": 3, "chi2_threshold": 11.344866730144373, "N_raw": 57, "N_roi": 57, "N_inlier": 54, "refit": true}
{"timestamp": "13:58:19.298666", "frame": 76, "mu": [1.0098967471238223, 2.9768263653349876, -0.4178252011997594], "Sigma": [[0.02279681784670428, -0.0007397989617091692, -0.024924372204922395], [-0.000739798961709169, 0.007090386745191378, -0.0036384724663283993], [-0.024924372204922395, -0.0036384724663283993, 0.05754596656300716]], "chi2_level": 0.99, "chi2_df": 3, "chi2_threshold": 11.344866730144373, "N_raw": 69, "N_roi": 69, "N_inlier": 65, "refit": true}
{"timestamp": "13:58:19.352407", "frame": 77, "mu": [1.0209643125832755, 2.767652662154109, 0.9737503559168191], "Sigma": [[0.016110532964428215, -0.004160261019336862, -0.0048927932837322385], [-0.004160261019336862, 0.010217849137815588, 0.006505949279080617], [-0.0048927932837322385, 0.006505949279080617, 0.006479273671815389]], "chi2_level": 0.99, "chi2_df": 3, "chi2_threshold": 11.344866730144373, "N_raw": 61, "N_roi": 58, "N_inlier": 54, "refit": true}
{"timestamp": "13:58:19.406380", "frame": 78, "mu": [1.0916194984138055, 2.6658589410645237, 0.7902354024712405], "Sigma": [[0.013140142216935281, -0.0018869276560575408, 0.00039984417110558673], [-0.0018869276560575408, 0.006574070089327636, 0.000947619514254802], [0.0003998441711055867, 0.000947619514254802, 0.004502583856334538]], "chi2_level": 0.99, "chi2_df": 3, "chi2_threshold": 11.344866730144373, "N_raw": 55, "N_roi": 54, "N_inlier": 50, "refit": true}
{"timestamp": "13:58:19.462113", "frame": 79, "mu": [1.21678925627325, 2.6699841685150507, 0.7086759448861634], "Sigma": [[0.028440113071923588, -0.01251714582677713, -0.05858223610557186], [-0.01251714582677713, 0.009635250755077195, 0.020648509742985408], [-0.05858223610557185, 0.020648509742985408, 0.23059568929907173]], "chi2_level": 0.99, "chi2_df": 3, "chi2_threshold": 11.344866730144373, "N_raw": 56, "N_roi": 56, "N_inlier": 54, "refit": true}
{"timestamp": "13:58:19.514591", "frame": 80, "mu": [1.1778866133503467, 2.7192087369563382, 0.92987700632095], "Sigma": [[0.005309918073707235, 0.0008127098850188416, -0.0011842440175070948], [0.0008127098850188416, 0.010258957484224987, 0.0031560340300405883], [-0.0011842440175070953, 0.0031560340300405883, 0.09308010002669098]], "chi2_level": 0.99, "chi2_df": 3, "chi2_threshold": 11.344866730144373, "N_raw": 36, "N_roi": 36, "N_inlier": 34, "refit": true}
{"timestamp": "13:58:19.569123", "frame": 81, "mu": [1.2391317437605005, 2.596619462251218, 0.9991211765457608], "Sigma": [[0.010945976695506529, -0.0032760620005513417, -0.0032208103287578063], [-0.0032760620005513417, 0.003571610702766945, -0.0028081550910777024], [-0.0032208103287578063, -0.0028081550910777024, 0.03281080796398266]], "chi2_level": 0.99, "chi2_df": 3, "chi2_threshold": 11.344866730144373, "N_raw": 41, "N_roi": 41, "N_inlier": 37, "refit": true}
{"timestamp": "13:58:19.626349", "frame": 82, "mu": [1.264631423594987, 2.6222732448028414, 1.0333469712541703], "Sigma": [[0.012404924290191811, -0.005458647979786252, -0.0033008622094617976], [-0.005458647979786253, 0.005652097498259813, -0.0033372337195329426], [-0.003300862209461797, -0.003337233719532943, 0.08607395653459307]], "chi2_level": 0.99, "chi2_df": 3, "chi2_threshold": 11.344866730144373, "N_raw": 53, "N_roi": 53, "N_inlier": 51, "refit": true}
{"timestamp": "13:58:19.675475", "frame": 83, "mu": [1.3720229943480415, 2.6312078267710914, 0.49882911275120484], "Sigma": [[0.014280718024301196, 0.00013121920853217234, -0.01829407823383682], [0.00013121920853217234, 0.0022823522031716935, 0.013269132697819623], [-0.01829407823383682, 0.013269132697819623, 0.38649317211537976]], "chi2_level": 0.99, "chi2_df": 3, "chi2_threshold": 11.344866730144373, "N_raw": 12, "N_roi": 12, "N_inlier": 12, "refit": true}
{"timestamp": "13:58:19.734479", "frame": 84, "mu": [1.2891270210111234, 2.5058857600790487, 0.9745908225433482], "Sigma": [[0.01243080391713263, -0.0040743799234253105, -0.0029458119749746284], [-0.0040743799234253105, 0.0022975784803147764, -0.0007015574213206439], [-0.002945811974974629, -0.0007015574213206437, 0.024293824203958668]], "chi2_level": 0.99, "chi2_df": 3, "chi2_threshold": 11.344866730144373, "N_raw": 50, "N_roi": 50, "N_inlier": 48, "refit": true}
{"timestamp": "13:58:19.793401", "frame": 85, "mu": [1.3448713314579348, 2.635641851808731, -0.6252598598611647], "Sigma": [[0.01500901977997309, 0.0025216720135364046, 0.010132544511203722], [0.002521672013536404, 0.010155518467179533, 0.0026959644472710933], [0.010132544511203722, 0.0026959644472710938, 0.08108971601536794]], "chi2_level": 0.99, "chi2_df": 3, "chi2_threshold": 11.344866730144373, "N_raw": 73, "N_roi": 71, "N_inlier": 67, "refit": true}
{"timestamp": "13:58:19.847282", "frame": 86, "mu": [1.3280582581873033, 2.6025286680538753, -0.33988958561932575], "Sigma": [[0.017479221876549624, -0.003818607103876311, -0.008499496749069854], [-0.003818607103876311, 0.006410826202664797, -0.007032807094334175], [-0.008499496749069854, -0.007032807094334175, 0.02603209153055939]], "chi2_level": 0.99, "chi2_df": 3, "chi2_threshold": 11.344866730144373, "N_raw": 62, "N_roi": 62, "N_inlier": 57, "refit": true}
{"timestamp": "13:58:19.903979", "frame": 87, "mu": [1.373567634716552, 2.432660519511734, 1.0914413659202828], "Sigma": [[0.015191521961586484, -0.006598730510913499, -0.004518366878728049], [-0.006598730510913499, 0.0062763344991826385, -0.0025120152966212716], [-0.00451836687872805, -0.0025120152966212716, 0.00959483120648165]], "chi2_level": 0.99, "chi2_df": 3, "chi2_threshold": 11.344866730144373, "N_raw": 71, "N_roi": 67, "N_inlier": 61, "refit": true}
{"timestamp": "13:58:19.958365", "frame": 88, "mu": [1.4164251993485186, 2.368683907121179, 1.0766939324123568], "Sigma": [[0.017538522094024726, -0.0058428317524186445, -0.013669295939792433], [-0.0058428317524186445, 0.00488557174711634, 0.001658135772253259], [-0.013669295939792433, 0.0016581357722532588, 0.030881804681463423]], "chi2_level": 0.99, "chi2_df": 3, "chi2_threshold": 11.344866730144373, "N_raw": 68, "N_roi": 68, "N_inlier": 65, "refit": true}
{"timestamp": "13:58:20.012249", "frame": 89, "mu": [1.4292972796644288, 2.370489494625482, 1.1601158697096672], "Sigma": [[0.0115227525261747, -0.0030405967438153084, -0.001761106723914285], [-0.003040596743815308, 0.004593645083492994, -0.0014744285526215471], [-0.0017611067239142843, -0.0014744285526215471, 0.021589274258954166]], "chi2_level": 0.99, "chi2_df": 3, "chi2_threshold": 11.344866730144373, "N_raw": 56, "N_roi": 56, "N_inlier": 56, "refit": true}
{"timestamp": "13:58:20.063345", "frame": 90, "mu": [1.4121342198285987, 2.3256815658983716, 1.1865700332004214], "Sigma": [[0.009177222193514209, -0.003051713014351461, -0.0029213690713204977], [-0.0030517130143514616, 0.0031190609492354193, -0.0008088028654998766], [-0.0029213690713204977, -0.0008088028654998766, 0.006214652525944094]], "chi2_level": 0.99, "chi2_df": 3, "chi2_threshold": 11.344866730144373, "N_raw": 36, "N_roi": 36, "N_inlier": 34, "refit": true}
{"timestamp": "13:58:20.115576", "frame": 91, "mu": [1.4648992423879694, 2.4178069854197393, 0.04935810271363923], "Sigma": [[0.006146527603281853, -2.0708924558694096e-05, 0.00210841493224744], [-2.0708924558694096e-05, 0.002666558173400484, 7.058447317623414e-05], [0.00210841493224744, 7.058447317623458e-05, 0.014499388194124512]], "chi2_level": 0.99, "chi2_df": 3, "chi2_threshold": 11.344866730144373, "N_raw": 22, "N_roi": 22, "N_inlier": 22, "refit": true}
{"timestamp": "13:58:20.170242", "frame": 92, "mu": [1.4781441231059467, 2.2380729828397974, 1.2621350833150857], "Sigma": [[0.0033623519436688436, 0.0005416110236703524, 0.0006240720380568526], [0.0005416110236703526, 0.0035209164721088627, 4.37914563185081e-05], [0.0006240720380568526, 4.37914563185081e-05, 0.0009865777286445882]], "chi2_level": 0.99, "chi2_df": 3, "chi2_threshold": 11.344866730144373, "N_raw": 13, "N_roi": 13, "N_inlier": 11, "refit": true}
{"timestamp": "13:58:20.223786", "frame": 93, "mu": [1.5388647218050464, 2.239865853721046, 1.173868213004135], "Sigma": [[0.0014488692269541755, 0.0014787660292753565, -0.0031138178514406307], [0.0014787660292753565, 0.0038357116086794422, -0.0015918771529218338], [-0.003113817851440631, -0.0015918771529218338, 0.008170182440166407]], "chi2_level": 0.99, "chi2_df": 3, "chi2_threshold": 11.344866730144373, "N_raw": 5, "N_roi": 5, "N_inlier": 5, "refit": true}
{"timestamp": "13:58:20.279096", "frame": 94, "mu": [1.5610407359555756, 2.207034018020482, 1.4070969601744268], "Sigma": [[0.005048750709082586, 0.004762841203980346, 0.0032711769037097288], [0.004762841203980346, 0.004736636017040036, 0.003589557888767944], [0.0032711769037097288, 0.003589557888767943, 0.005545301117912399]], "chi2_level": 0.99, "chi2_df": 3, "chi2_threshold": 11.344866730144373, "N_raw": 5, "N_roi": 5, "N_inlier": 5, "refit": true}
{"timestamp": "13:58:20.335958", "frame": 95, "mu": [1.5691786409578197, 2.1510757696003004, 1.415437350007483], "Sigma": [[0.010716696718699252, 0.001080904139850464, 0.013087161879946959], [0.001080904139850464, 0.0027966243479180027, 0.0028179759720429586], [0.013087161879946959, 0.0028179759720429586, 0.018361459433553558]], "chi2_level": 0.99, "chi2_df": 3, "chi2_threshold": 11.344866730144373, "N_raw": 27, "N_roi": 24, "N_inlier": 24, "refit": true}
{"timestamp": "13:58:20.497989", "frame": 98, "mu": [1.4850560992331214, 1.8849726549822332, 1.6158389144540406], "Sigma": [[0.2688190699530286, 0.3612544674645778, -0.03103392990722473], [0.3612544674645778, 0.4859576290658371, -0.04267405700185846], [-0.031033929907224728, -0.04267405700185846, 0.005662992913975396]], "chi2_level": 0.99, "chi2_df": 3, "chi2_threshold": 11.344866730144373, "N_raw": 5, "N_roi": 5, "N_inlier": 5, "refit": true}
