{"timestamp": "14:00:03.171643", "frame": 18, "mu": [2.418903553542259, 4.784204772003853, 0.8554212263700631], "Sigma": [[0.003819909748115523, -0.0010432429340725131, -0.0013690374282901182], [-0.0010432429340725131, 0.001419772098476866, -0.00090627502746239], [-0.0013690374282901182, -0.0009062750274623898, 0.006719679793773125]], "chi2_level": 0.99, "chi2_df": 3, "chi2_threshold": 11.344866730144373, "N_raw": 47, "N_roi": 7, "N_inlier": 7, "refit": true}
{"timestamp": "14:00:03.225385", "frame": 19, "mu": [2.4267180891158535, 4.802452232673328, 0.859419476355448], "Sigma": [[0.002573340944434177, -0.0016468899802263718, 2.894925316337764e-05], [-0.0016468899802263718, 0.0031984694729773307, -0.0015368965664946921], [2.894925316337764e-05, -0.0015368965664946926, 0.0013386003172683708]], "chi2_level": 0.99, "chi2_df": 3, "chi2_threshold": 11.344866730144373, "N_raw": 36, "N_roi": 7, "N_inlier": 7, "refit": true}
{"timestamp": "14:00:03.279908", "frame": 20, "mu": [2.3896565447226816, 4.654960078739558, 0.9186559164071101], "Sigma": [[0.0069753558924792155, -0.0033625648997771384, 0.0008999659455314079], [-0.003362564899777138, 0.0042743405874312, -0.001068872250520231], [0.0008999659455314078, -0.001068872250520231, 0.00026915451974532313]], "chi2_level": 0.99, "chi2_df": 3, "chi2_threshold": 11.344866730144373, "N_raw": 34, "N_roi": 14, "N_inlier": 12, "refit": true}
{"timestamp": "14:00:03.385593", "frame": 22, "mu": [2.0981872643861337, 3.9517733019861114, 0.9023920639271258], "Sigma": [[0.6653137735135934, 1.2783514029797893, -0.29523386412516933], [1.2783514029797893, 2.462408230993951, -0.5707984788251395], [-0.29523386412516933, -0.5707984788251395, 0.14200704933277228]], "chi2_level": 0.99, "chi2_df": 3, "chi2_threshold": 11.344866730144373, "N_raw": 7, "N_roi": 5, "N_inlier": 5, "refit": true}
{"timestamp": "14:00:03.443504", "frame": 23, "mu": [2.397568462192999, 4.516280008521223, 0.9732881115177314], "Sigma": [[0.0022754797923613254, -0.001102781982325659, 0.0004397230265479658], [-0.0011027819823256591, 0.0019850293601748896, -0.0019748661030336086], [0.0004397230265479658, -0.0019748661030336086, 0.004874739180902301]], "chi2_level": 0.99, "chi2_df": 3, "chi2_threshold": 11.344866730144373, "N_raw": 29, "N_roi": 7, "N_inlier": 7, "refit": true}
{"timestamp": "14:00:03.498649", "frame": 24, "mu": [2.404017857433825, 4.48192749861278, 0.9062122059907608], "Sigma": [[0.0036818771783483327, -0.0010377741665636502, -0.001970462687017473], [-0.00103777416656365, 0.0010750999179877329, -0.0034866082144598583], [-0.001970462687017473, -0.0034866082144598583, 0.031413255091815584]], "chi2_level": 0.99, "chi2_df": 3, "chi2_threshold": 11.344866730144373, "N_raw": 26, "N_roi": 13, "N_inlier": 12, "refit": true}
{"timestamp": "14:00:03.555258", "frame": 25, "mu": [2.3173096409054565, 4.6302601466100395, -0.03985204989425278], "Sigma": [[0.015615240622455867, -0.006485730131103587, -0.004385236346874172], [-0.006485730131103587, 0.006438514223511238, 0.0059792661887080375], [-0.004385236346874172, 0.0059792661887080375, 0.010651335390622208]], "chi2_level": 0.99, "chi2_df": 3, "chi2_threshold": 11.344866730144373, "N_raw": 42, "N_roi": 25, "N_inlier": 24, "refit": true}
{"timestamp": "14:00:03.611291", "frame": 26, "mu": [2.3368661240375825, 4.414626948420391, 0.7508527025259816], "Sigma": [[0.011928877503967964, -0.006509827586205849, -0.000831998231387208], [-0.006509827586205849, 0.0052643891416430935, -0.0002110995508725113], [-0.0008319982313872079, -0.0002110995508725113, 0.007608165217415848]], "chi2_level": 0.99, "chi2_df": 3, "chi2_threshold": 11.344866730144373, "N_raw": 26, "N_roi": 18, "N_inlier": 17, "refit": true}
{"timestamp": "14:00:03.663426", "frame": 27, "mu": [2.318064339317502, 4.381148558327928, 0.7156968843105336], "Sigma": [[0.0008593574549450123, 0.0006254123581806672, -0.003672209965736459], [0.0006254123581806674, 0.005047106640930825, -0.0032182584662344012], [-0.003672209965736459, -0.003218258466234401, 0.025454598407798575]], "chi2_level": 0.99, "chi2_df": 3, "chi2_threshold": 11.344866730144373, "N_raw": 8, "N_roi": 5, "N_inlier": 5, "refit": true}
{"timestamp": "14:00:03.724017", "frame": 28, "mu": [2.2862656121719542, 4.304608678894385, 0.7646054281713056], "Sigma": [[0.01752559265108144, -0.010665597668465154, -0.007871227715906523], [-0.010665597668465154, 0.008893164535471449, -0.0007669797637598287], [-0.007871227715906523, -0.000766979763759829, 0.022461286119681137]], "chi2_level": 0.99, "chi2_df": 3, "chi2_threshold": 11.344866730144373, "N_raw": 51, "N_roi": 37, "N_inlier": 37, "refit": true}
{"timestamp": "14:00:03.778538", "frame": 29, "mu": [2.267121228269044, 4.282484546807065, 0.6938059860004471], "Sigma": [[0.015511163906346366, -0.0118208841552167, -0.002953911303633359], [-0.011820884155216699, 0.012380993163489167, -0.00209877472271779], [-0.002953911303633359, -0.0020987747227177896, 0.013061452570718208]], "chi2_level": 0.99, "chi2_df": 3, "chi2_threshold": 11.344866730144373, "N_raw": 40, "N_roi": 35, "N_inlier": 35, "refit": true}
{"timestamp": "14:00:03.834545", "frame": 30, "mu": [2.2485589703444413, 4.222419198189542, 0.7183232325535119], "Sigma": [[0.017838545193824593, -0.009889072744278787, -0.003290610558023971], [-0.009889072744278787, 0.007595920176846914, -0.0035042866650814653], [-0.0032906105580239697, -0.0035042866650814657, 0.021245597576996948]], "chi2_level": 0.99, "chi2_df": 3, "chi2_threshold": 11.344866730144373, "N_raw": 47, "N_roi": 38, "N_inlier": 38, "refit": true}
{"timestamp": "14:00:03.884761", "frame": 31, "mu": [2.264393581207583, 4.3310468154147905, -0.16522249398292002], "Sigma": [[0.0124797504445991, -0.008050351324312793, -0.00745970729759789], [-0.008050351324312793, 0.012882257804926179, -0.0017344173497732588], [-0.00745970729759789, -0.0017344173497732588, 0.011787671419687899]], "chi2_level": 0.99, "chi2_df": 3, "chi2_threshold": 11.344866730144373, "N_raw": 20, "N_roi": 15, "N_inlier": 15, "refit": true}
{"timestamp": "14:00:03.938202", "frame": 32, "mu": [2.244878531542829, 4.111076887353679, 0.9422900817145167], "Sigma": [[0.006548474808013255, 0.0004877428853820746, -0.015158904449055727], [0.0004877428853820745, 0.0001845582401188578, -0.0016346382006694688], [-0.015158904449055727, -0.0016346382006694688, 0.041300410868186574]], "chi2_level": 0.99, "chi2_df": 3, "chi2_threshold": 11.344866730144373, "N_raw": 7, "N_roi": 5, "N_inlier": 5, "refit": true}
{"timestamp": "14:00:03.997422", "frame": 33, "mu": [2.232116853034758, 4.030133114110365, 0.5654695393810711], "Sigma": [[0.020610843078691578, -0.012357804771719962, -0.002321451797705726], [-0.012357804771719962, 0.010623507797711993, -0.002329051000464193], [-0.002321451797705726, -0.0023290510004641933, 0.010686936960435297]], "chi2_level": 0.99, "chi2_df": 3, "chi2_threshold": 11.344866730144373, "N_raw": 45, "N_roi": 41, "N_inlier": 41, "refit": true}
{"timestamp": "14:00:04.052645", "frame": 34, "mu": [2.2177112866322695, 3.9498101382172077, 0.690362829612888], "Sigma": [[0.017600972849539313, -0.011879620947539173, -0.004832536685675319], [-0.011879620947539173, 0.009665836974024455, -0.0007858185011263277], [-0.004832536685675319, -0.0007858185011263277, 0.01712411746414644]], "chi2_level": 0.99, "chi2_df": 3, "chi2_threshold": 11.344866730144373, "N_raw": 35, "N_roi": 34, "N_inlier": 33, "refit": true}
{"timestamp": "14:00:04.109938", "frame": 35, "mu": [2.08542845598849, 3.9835008616489893, 0.8526287984646311], "Sigma": [[0.031189027144860375, -0.02133981487742659, -0.026796780494655916], [-0.021339814877426592, 0.016178434430760752, 0.01341873861051154], [-0.026796780494655913, 0.013418738610511537, 0.054945580423522766]], "chi2_level": 0.99, "chi2_df": 3, "chi2_threshold": 11.344866730144373, "N_raw": 56, "N_roi": 53, "N_inlier": 53, "refit": true}
{"timestamp": "14:00:04.160942", "frame": 36, "mu": [2.098639497983698, 3.9311740063313416, 0.9246112748290284], "Sigma": [[0.027945679478383154, -0.014277582520139614, -0.003035754649408258], [-0.014277582520139614, 0.00917022536238751, 0.0003832588031099613], [-0.0030357546494082584, 0.00038325880310996117, 0.004041988484387076]], "chi2_level": 0.99, "chi2_df": 3, "chi2_threshold": 11.344866730144373, "N_raw": 29, "N_roi": 29, "N_inlier": 28, "refit": true}
{"timestamp": "14:00:04.218341", "frame": 37, "mu": [2.0536388078023053, 3.8755212923254465, 0.7817555324590629], "Sigma": [[0.028163032895156023, -0.016076960433579892, -0.006605829048227917], [-0.016076960433579895, 0.010896041344574581, 0.0013599635385809711], [-0.006605829048227917, 0.0013599635385809713, 0.009980409928095606]], "chi2_level": 0.99, "chi2_df": 3, "chi2_threshold": 11.344866730144373, "N_raw": 42, "N_roi": 40, "N_inlier": 39, "refit": true}
{"timestamp": "14:00:04.275974", "frame": 38, "mu": [2.0176283942856825, 3.83029373269831, 0.6271957040806025], "Sigma": [[0.026471534341749828, -0.016127940334201254, -0.0016341013359251768], [-0.016127940334201254, 0.011491212247128797, -0.004230381445697025], [-0.001634101335925176, -0.004230381445697025, 0.05414181581228428]], "chi2_level": 0.99, "chi2_df": 3, "chi2_threshold": 11.344866730144373, "N_raw": 61, "N_roi": 61, "N_inlier": 61, "refit": true}
{"timestamp": "14:00:04.332095", "frame": 39, "mu": [1.9629530271755564, 3.9063214936688735, -0.805147871346787], "Sigma": [[0.026749816555724792, 0.0008750174272339327, 0.0665631021513475], [0.0008750174272339329, 0.005876479683925019, 0.010843672345029112], [0.0665631021513475, 0.010843672345029112, 0.37650072161586384]], "chi2_level": 0.99, "chi2_df": 3, "chi2_threshold": 11.344866730144373, "N_raw": 68, "N_roi": 67, "N_inlier": 67, "refit": true}
{"timestamp": "14:00:04.381642", "frame": 40, "mu": [1.9428762619152313, 3.739239814594918, 0.6817232844142103], "Sigma": [[0.01759095550219301, -0.010780308001749794, -0.006477219203852926], [-0.010780308001749794, 0.007105222374971459, 0.0044132518654539845], [-0.006477219203852925, 0.004413251865453984, 0.03679385715108378]], "chi2_level": 0.99, "chi2_df": 3, "chi2_threshold": 11.344866730144373, "N_raw": 33, "N_roi": 33, "N_inlier": 32, "refit": true}
{"timestamp": "14:00:04.436432", "frame": 41, "mu": [1.9504617813703913, 3.680651057285459, 0.5426530211777453], "Sigma": [[0.0170227002256364, -0.00792309337283338, -0.004978606180942411], [-0.00792309337283338, 0.005039133517477781, 0.0010015707780440775], [-0.004978606180942411, 0.0010015707780440775, 0.007244068544483722]], "chi2_level": 0.99, "chi2_df": 3, "chi2_threshold": 11.344866730144373, "N_raw": 27, "N_roi": 27, "N_inlier": 26, "refit": true}
{"timestamp": "14:00:04.489558", "frame": 42, "mu": [1.8316477057069822, 3.666804981169513, 0.7391308806073114], "Sigma": [[0.012267899353571374, -0.006815329971485593, -0.004362263181327229], [-0.006815329971485593, 0.008366421443870505, 0.0007255904247789278], [-0.004362263181327229, 0.0007255904247789276, 0.003682045303325712]], "chi2_level": 0.99, "chi2_df": 3, "chi2_threshold": 11.344866730144373, "N_raw": 24, "N_roi": 24, "N_inlier": 23, "refit": true}
{"timestamp": "14:00:04.551452", "frame": 43, "mu": [1.8073758586883846, 3.6781399940598933, 0.6779553246847796], "Sigma": [[0.024414433832481406, -0.016378307961206217, -0.01284856704334842], [-0.016378307961206217, 0.018489452175299726, 0.00140902878921995], [-0.012848567043348419, 0.00140902878921995, 0.018359273574015858]], "chi2_level": 0.99, "chi2_df": 3, "chi2_threshold": 11.344866730144373, "N_raw": 68, "N_roi": 68, "N_inlier": 68, "refit": true}
{"timestamp": "14:00:04.606688", "frame": 44, "mu": [1.7511396365995697, 3.6097427933364448, 0.6376659900182369], "Sigma": [[0.02348677946006357, -0.018942912604834494, -0.00989825597234465], [-0.018942912604834494, 0.02072212501672286, -0.0003543753965024372], [-0.00989825597234465, -0.0003543753965024373, 0.028703820427285393]], "chi2_level": 0.99, "chi2_df": 3, "chi2_threshold": 11.344866730144373, "N_raw": 70, "N_roi": 70, "N_inlier": 69, "refit": true}
{"timestamp": "14:00:04.658037", "frame": 45, "mu": [1.7040555181804882, 3.7502748461850444, -0.4077813741998899], "Sigma": [[0.019329764278633366, -0.0069894255235918405, -0.01778779993987606], [-0.0069894255235918405, 0.007604342439711608, 0.007917123404719796], [-0.01778779993987606, 0.007917123404719796, 0.019999951579533472]], "chi2_level": 0.99, "chi2_df": 3, "chi2_threshold": 11.344866730144373, "N_raw": 40, "N_roi": 40, "N_inlier": 40, "refit": true}
{"timestamp": "14:00:04.714463", "frame": 46, "mu": [1.687101560404593, 3.5024233999786056, 0.7663137228423964], "Sigma": [[0.02363705027399932, -0.010918531413237951, -0.009983158249272744], [-0.01091853141323795, 0.007591083626695121, 0.0017137130504948463], [-0.009983158249272745, 0.0017137130504948463, 0.012274345128407338]], "chi2_level": 0.99, "chi2_df": 3, "chi2_threshold": 11.344866730144373, "N_raw": 48, "N_roi": 48, "N_inlier": 48, "refit": true}
{"timestamp": "14:00:04.769277", "frame": 47, "mu": [1.6179560845728505, 3.4677531602822578, 0.6435699131596316], "Sigma": [[0.02645557120455406, -0.005919905741341968, 0.010537400776793712], [-0.005919905741341968, 0.006605030063654169, -0.0029115999728765328], [0.010537400776793712, -0.0029115999728765328, 0.0055028788101294775]], "chi2_level": 0.99, "chi2_df": 3, "chi2_threshold": 11.344866730144373, "N_raw": 51, "N_roi": 51, "N_inlier": 50, "refit": true}
{"timestamp": "14:00:04.825818", "frame": 48, "mu": [1.6073576293886316, 3.4609501143835475, 0.6822845254130745], "Sigma": [[0.02155635613196489, -0.012681165816917285, 0.0027704443860198736], [-0.012681165816917283, 0.013055217295815666, -0.004676259257339128], [0.0027704443860198736, -0.004676259257339128, 0.0022040550795402185]], "chi2_level": 0.99, "chi2_df": 3, "chi2_threshold": 11.344866730144373, "N_raw": 61, "N_roi": 60, "N_inlier": 56, "refit": true}
{"timestamp": "14:00:04.876531", "frame": 49, "mu": [1.639186528480552, 3.288648459518448, 0.7284134563711642], "Sigma": [[0.02127053055176952, -0.012060486248894366, -0.006903751377624031], [-0.012060486248894366, 0.007378098622292342, 0.003748886630772931], [-0.00690375137762403, 0.0037488866307729303, 0.019768671701744654]], "chi2_level": 0.99, "chi2_df": 3, "chi2_threshold": 11.344866730144373, "N_raw": 28, "N_roi": 28, "N_inlier": 27, "refit": true}
{"timestamp": "14:00:04.931674", "frame": 50, "mu": [1.4204505318151315, 3.410371248222138, 0.5916510175573274], "Sigma": [[0.015344169032818248, -0.009631112863478189, -0.0006088575412862896], [-0.009631112863478189, 0.007694473800832451, -0.0044812552458902335], [-0.0006088575412862905, -0.0044812552458902335, 0.039719384234967854]], "chi2_level": 0.99, "chi2_df": 3, "chi2_threshold": 11.344866730144373, "N_raw": 34, "N_roi": 34, "N_inlier": 34, "refit": true}
{"timestamp": "14:00:04.992274", "frame": 51, "mu": [1.4925336268383433, 3.3022522109749026, 0.6821498051151158], "Sigma": [[0.026493970391000245, -0.019072761728072395, -0.013717246600367815], [-0.019072761728072395, 0.016290907987692664, 0.004074499557369212], [-0.013717246600367815, 0.004074499557369212, 0.027884250518042383]], "chi2_level": 0.99, "chi2_df": 3, "chi2_threshold": 11.344866730144373, "N_raw": 72, "N_roi": 72, "N_inlier": 72, "refit": true}
{"timestamp": "14:00:05.046706", "frame": 52, "mu": [1.3467876869851405, 3.3672217903193347, 0.7876372078591357], "Sigma": [[0.015721736434149904, -0.010605248999536205, -0.0018071278297418288], [-0.010605248999536205, 0.009997017592860357, -0.006214523486807881], [-0.0018071278297418288, -0.006214523486807882, 0.044213196078209976]], "chi2_level": 0.99, "chi2_df": 3, "chi2_threshold": 11.344866730144373, "N_raw": 63, "N_roi": 63, "N_inlier": 62, "refit": true}
{"timestamp": "14:00:05.102460", "frame": 53, "mu": [1.368299113596443, 3.2760510028339143, 0.8368139604918278], "Sigma": [[0.019645937498666055, -0.012621190465389804, -0.005270169417100746], [-0.012621190465389804, 0.013390514069333117, -0.0046611501173989475], [-0.005270169417100746, -0.004661150117398947, 0.021497343295099114]], "chi2_level": 0.99, "chi2_df": 3, "chi2_threshold": 11.344866730144373, "N_raw": 70, "N_roi": 70, "N_inlier": 70, "refit": true}
{"timestamp": "14:00:05.155340", "frame": 54, "mu": [1.3167517820540455, 3.2593139838515284, 0.7787556812983062], "Sigma": [[0.024530032062416572, -0.018868354538481742, 0.002512768349280745], [-0.018868354538481746, 0.017903260013161018, -0.005566259146485911], [0.0025127683492807444, -0.00556625914648591, 0.007495774026704551]], "chi2_level": 0.99, "chi2_df": 3, "chi2_threshold": 11.344866730144373, "N_raw": 56, "N_roi": 53, "N_inlier": 53, "refit": true}
{"timestamp": "14:00:05.216043", "frame": 55, "mu": [1.3406286658672344, 3.115362844776791, 0.6508520069538435], "Sigma": [[0.03040350310097292, -0.01754156481083511, 0.0008761473471407599], [-0.01754156481083511, 0.016255953827543454, -0.006732222539860051], [0.00087614734714076, -0.006732222539860051, 0.024272035282949397]], "chi2_level": 0.99, "chi2_df": 3, "chi2_threshold": 11.344866730144373, "N_raw": 99, "N_roi": 99, "N_inlier": 99, "refit": true}
{"timestamp": "14:00:05.268200", "frame": 56, "mu": [1.2460509655630607, 3.12096244036515, 0.78943377230799], "Sigma": [[0.027235084592389186, -0.028267691153319105, -0.004945232634022078], [-0.028267691153319105, 0.036154421429934885, 0.0007803921213293156], [-0.004945232634022078, 0.0007803921213293159, 0.015470183376194638]], "chi2_level": 0.99, "chi2_df": 3, "chi2_threshold": 11.344866730144373, "N_raw": 67, "N_roi": 67, "N_inlier": 63, "refit": true}
{"timestamp": "14:00:05.321169", "frame": 57, "mu": [1.3654677653083458, 2.9497296637909227, 0.8433022906994854], "Sigma": [[0.01990518011863221, -0.010292386603421355, -0.006987686113299844], [-0.010292386603421355, 0.008279670515610913, 5.08975226119381e-05], [-0.006987686113299845, 5.089752261193777e-05, 0.01194434559327271]], "chi2_level": 0.99, "chi2_df": 3, "chi2_threshold": 11.344866730144373, "N_raw": 61, "N_roi": 61, "N_inlier": 56, "refit": true}
{"timestamp": "14:00:05.380363", "frame": 58, "mu": [1.102741177969088, 3.2666124699723094, -0.3555361807265845], "Sigma": [[0.020042866961373612, -0.012631621165322956, 0.008219287760645528], [-0.012631621165322956, 0.01628608399800281, -0.021121057869892622], [0.008219287760645526, -0.021121057869892622, 0.04572437830139745]], "chi2_level": 0.99, "chi2_df": 3, "chi2_threshold": 11.344866730144373, "N_raw": 69, "N_roi": 69, "N_inlier": 67, "refit": true}
{"timestamp": "14:00:05.434220", "frame": 59, "mu": [1.11937835232318, 2.9638422676183893, 0.6923030163704172], "Sigma": [[0.024776283591560852, -0.012161185731925768, 0.013329836030254252], [-0.012161185731925768, 0.00819429810785096, -0.01064528303543636], [0.013329836030254252, -0.01064528303543636, 0.03819393762470117]], "chi2_level": 0.99, "chi2_df": 3, "chi2_threshold": 11.344866730144373, "N_raw": 85, "N_roi": 85, "N_inlier": 83, "refit": true}
{"timestamp": "14:00:05.485156", "frame": 60, "mu": [1.097401634235165, 2.870887851098625, 0.8799231299593491], "Sigma": [[0.019938037790154774, -0.0028971586206195483, 0.0004653913230938994], [-0.0028971586206195483, 0.008498823714062595, 0.005806529148283052], [0.0004653913230938993, 0.005806529148283052, 0.004889659489090558]], "chi2_level": 0.99, "chi2_df": 3, "chi2_threshold": 11.344866730144373, "N_raw": 47, "N_roi": 47, "N_inlier": 46, "refit": true}
{"timestamp": "14:00:05.542150", "frame": 61, "mu": [1.054320608479009, 2.8512932674021645, 0.6909964276202829], "Sigma": [[0.012713500658414522, -0.0036261541350161904, 0.007551285025851591], [-0.0036261541350161904, 0.004660253530824892, -0.008551564173180648], [0.007551285025851591, -0.008551564173180648, 0.020817822217541318]], "chi2_level": 0.99, "chi2_df": 3, "chi2_threshold": 11.344866730144373, "N_raw": 66, "N_roi": 66, "N_inlier": 65, "refit": true}
{"timestamp": "14:00:05.599209", "frame": 62, "mu": [0.9835188814894544, 2.862582344331057, 0.8588932715198999], "Sigma": [[0.018316144726477787, -0.005524392886724535, -0.0035767849215448235], [-0.005524392886724536, 0.0030869485829998805, -0.0037218697829768934], [-0.0035767849215448248, -0.0037218697829768926, 0.03676097008661466]], "chi2_level": 0.99, "chi2_df": 3, "chi2_threshold": 11.344866730144373, "N_raw": 76, "N_roi": 76, "N_inlier": 73, "refit": true}
{"timestamp": "14:00:05.651083", "frame": 63, "mu": [1.0350969355661908, 2.7695311646050835, 0.8083589741710705], "Sigma": [[0.016048862479013618, -0.004891573131599179, 0.0013153709042210589], [-0.004891573131599179, 0.004189997540220359, -0.003921517072596383], [0.0013153709042210595, -0.003921517072596383, 0.007228339893318935]], "chi2_level": 0.99, "chi2_df": 3, "chi2_threshold": 11.344866730144373, "N_raw": 61, "N_roi": 59, "N_inlier": 57, "refit": true}
{"timestamp": "14:00:05.705846", "frame": 64, "mu": [0.9212578979781958, 2.968339915751508, -0.22564369439862073], "Sigma": [[0.017646444558224547, -0.002529594604035819, -0.020304967294676665], [-0.0025295946040358184, 0.0038878162189429706, -0.004484286882765153], [-0.020304967294676665, -0.004484286882765153, 0.042129782897666716]], "chi2_level": 0.99, "chi2_df": 3, "chi2_threshold": 11.344866730144373, "N_raw": 56, "N_roi": 56, "N_inlier": 54, "refit": true}
{"timestamp": "14:00:05.768859", "frame": 65, "mu": [0.8124536904140853, 2.8003039172031494, 0.7636846815449139], "Sigma": [[0.026319398631107757, -0.01915645860033043, -0.00048128997653554305], [-0.01915645860033043, 0.021336319936217932, -0.00634407238332866], [-0.00048128997653554316, -0.00634407238332866, 0.04551541713335181]], "chi2_level": 0.99, "chi2_df": 3, "chi2_threshold": 11.344866730144373, "N_raw": 112, "N_roi": 111, "N_inlier": 107, "refit": true}
{"timestamp": "14:00:05.821495", "frame": 66, "mu": [0.7775087647985476, 2.719753776980818, 0.7683180611156506], "Sigma": [[0.02010746572686799, -0.007781106197858973, -0.005796125821803031], [-0.007781106197858973, 0.006074721563361024, -0.002907597901589791], [-0.005796125821803031, -0.002907597901589791, 0.018287682255776243]], "chi2_level": 0.99, "chi2_df": 3, "chi2_threshold": 11.344866730144373, "N_raw": 85, "N_roi": 85, "N_inlier": 79, "refit": true}
{"timestamp": "14:00:05.870696", "frame": 67, "mu": [0.7610202422878641, 2.691213465663938, 0.7729551280233233], "Sigma": [[0.02081367212859181, -0.010084286189428705, 0.015994252148783056], [-0.010084286189428707, 0.01103373801766119, -0.0060126884477301095], [0.015994252148783052, -0.00601268844773011, 0.044241023441267735]], "chi2_level": 0.99, "chi2_df": 3, "chi2_threshold": 11.344866730144373, "N_raw": 55, "N_roi": 53, "N_inlier": 50, "refit": true}
{"timestamp": "14:00:05.929172", "frame": 68, "mu": [0.6123799112089802, 2.672618807479738, 0.6680775482770346], "Sigma": [[0.019471141488164978, -0.01010890348838381, -0.0005307599302079456], [-0.010108903488383812, 0.01555692939140184, 0.000644059074034558], [-0.0005307599302079457, 0.000644059074034558, 0.0029187231479347424]], "chi2_level": 0.99, "chi2_df": 3, "chi2_threshold": 11.344866730144373, "N_raw": 82, "N_roi": 80, "N_inlier": 78, "refit": true}
{"timestamp": "14:00:05.987996", "frame": 69, "mu": [0.5949082477123366, 2.6898062056487837, 0.8402256467015276], "Sigma": [[0.0216720622610731, -0.013631876340085638, -0.005856130613415306], [-0.013631876340085641, 0.014530831387590757, -0.0021006265521714986], [-0.005856130613415306, -0.002100626552171498, 0.011612319868647933]], "chi2_level": 0.99, "chi2_df": 3, "chi2_threshold": 11.344866730144373, "N_raw": 101, "N_roi": 100, "N_inlier": 97, "refit": true}
{"timestamp": "14:00:06.040755", "frame": 70, "mu": [0.6567838552170463, 2.5652497669048415, 0.8028382938115705], "Sigma": [[0.03503985982887551, -0.021775277266770046, -0.003629539768681744], [-0.021775277266770046, 0.01724636352762169, -0.0019122218363281122], [-0.0036295397686817435, -0.0019122218363281126, 0.009077785206304425]], "chi2_level": 0.99, "chi2_df": 3, "chi2_threshold": 11.344866730144373, "N_raw": 82, "N_roi": 80, "N_inlier": 77, "refit": true}
{"timestamp": "14:00:06.098957", "frame": 71, "mu": [0.5102496906236951, 2.591112202177025, 0.925112098121624], "Sigma": [[0.023439567601890983, -0.015890951858426202, -0.0011179157512215313], [-0.015890951858426202, 0.014931945140337195, -0.00893120979843091], [-0.0011179157512215304, -0.00893120979843091, 0.027234317722932243]], "chi2_level": 0.99, "chi2_df": 3, "chi2_threshold": 11.344866730144373, "N_raw": 114, "N_roi": 114, "N_inlier": 112, "refit": true}
{"timestamp": "14:00:06.152275", "frame": 72, "mu": [0.42496716928258904, 2.551478555606272, 0.9890246351743837], "Sigma": [[0.03398192708936449, -0.01829586031996961, 0.02189201298402619], [-0.01829586031996961, 0.012911977992475782, -0.020031230976190875], [0.02189201298402619, -0.020031230976190875, 0.05348503163315668]], "chi2_level": 0.99, "chi2_df": 3, "chi2_threshold": 11.344866730144373, "N_raw": 95, "N_roi": 93, "N_inlier": 90, "refit": true}
{"timestamp": "14:00:06.207715", "frame": 73, "mu": [0.440275615230393, 2.4565222187948375, 0.8894586907118548], "Sigma": [[0.021354441299386028, -0.01432383135263404, -0.005552522046909787], [-0.014323831352634042, 0.01672343240064238, 0.00022263498135597596], [-0.005552522046909786, 0.00022263498135597628, 0.025798443473605565]], "chi2_level": 0.99, "chi2_df": 3, "chi2_threshold": 11.344866730144373, "N_raw": 99, "N_roi": 98, "N_inlier": 93, "refit": true}
{"timestamp": "14:00:06.264560", "frame": 74, "mu": [0.38156622599140666, 2.4332112691090972, 0.9697843277748367], "Sigma": [[0.016788111039522532, -0.00703438650276955, 0.0012314379829834903], [-0.00703438650276955, 0.009295758133397518, -0.010532933928065095], [0.0012314379829834903, -0.010532933928065095, 0.02051954366118118]], "chi2_level": 0.99, "chi2_df": 3, "chi2_threshold": 11.344866730144373, "N_raw": 112, "N_roi": 112, "N_inlier": 111, "refit": true}
{"timestamp": "14:00:06.317796", "frame": 75, "mu": [0.31832017949219926, 2.4327652098268784, -0.6052830762505244], "Sigma": [[0.03196813247427701, -0.021013393766297683, 0.11860253392510581], [-0.021013393766297683, 0.01968664675354566, -0.06687108453930884], [0.11860253392510581, -0.06687108453930884, 0.8738925303208259]], "chi2_level": 0.99, "chi2_df": 3, "chi2_threshold": 11.344866730144373, "N_raw": 96, "N_roi": 96, "N_inlier": 95, "refit": true}
{"timestamp": "14:00:06.370739", "frame": 76, "mu": [0.36499875596058245, 2.3848607817176153, -0.7074422688496288], "Sigma": [[0.015057595375421258, 0.0002312703174005621, 0.016850410300636633], [0.00023127031740056205, 0.0037973589029018312, 0.007687714445073705], [0.016850410300636637, 0.007687714445073705, 0.17553532976192474]], "chi2_level": 0.99, "chi2_df": 3, "chi2_threshold": 11.344866730144373, "N_raw": 90, "N_roi": 90, "N_inlier": 87, "refit": true}
{"timestamp": "14:00:06.429256", "frame": 77, "mu": [0.3234224628379608, 2.3213210419909545, -0.8090015180416195], "Sigma": [[0.019663559233338616, 0.0036599476389585165, 0.03480456110383863], [0.0036599476389585165, 0.006094452199555587, 0.008869868350923866], [0.03480456110383863, 0.008869868350923866, 0.12342608715344468]], "chi2_level": 0.99, "chi2_df": 3, "chi2_threshold": 11.344866730144373, "N_raw": 108, "N_roi": 108, "N_inlier": 105, "refit": true}
{"timestamp": "14:00:06.485084", "frame": 78, "mu": [0.23935478202997598, 2.1714005742256366, 0.9300008983559306], "Sigma": [[0.015803653417230556, -0.00916969083794371, -0.013724932444354625], [-0.00916969083794371, 0.01655246395848304, 0.012199074633752683], [-0.013724932444354623, 0.012199074633752683, 0.04962223759959514]], "chi2_level": 0.99, "chi2_df": 3, "chi2_threshold": 11.344866730144373, "N_raw": 114, "N_roi": 112, "N_inlier": 107, "refit": true}
{"timestamp": "14:00:06.539372", "frame": 79, "mu": [0.21913791232735486, 2.1527357794659325, 0.8165716021819885], "Sigma": [[0.01797086815395335, -0.006978944836126921, 0.01756294523886332], [-0.006978944836126921, 0.015223556658732658, 0.011397167257974444], [0.01756294523886332, 0.011397167257974442, 0.20583125042081687]], "chi2_level": 0.99, "chi2_df": 3, "chi2_threshold": 11.344866730144373, "N_raw": 110, "N_roi": 109, "N_inlier": 108, "refit": true}
{"timestamp": "14:00:06.590840", "frame": 80, "mu": [0.1784635130196284, 2.188716143406931, 1.06052010143239], "Sigma": [[0.012491711397853888, -0.006625382509909101, -0.005181174547788943], [-0.006625382509909101, 0.009504092164318634, 0.0005477378205668123], [-0.005181174547788943, 0.0005477378205668122, 0.013081136240605586]], "chi2_level": 0.99, "chi2_df": 3, "chi2_threshold": 11.344866730144373, "N_raw": 86, "N_roi": 86, "N_inlier": 80, "refit": true}
{"timestamp": "14:00:06.649379", "frame": 81, "mu": [0.11483982664630712, 2.133053231165352, 0.9090681976436208], "Sigma": [[0.016731789712416803, -0.0018626535473640123, -0.05131174712604687], [-0.0018626535473640123, 0.010477831332865065, -0.018574108720753546], [-0.05131174712604688, -0.018574108720753546, 0.3233605427472311]], "chi2_level": 0.99, "chi2_df": 3, "chi2_threshold": 11.344866730144373, "N_raw": 107, "N_roi": 107, "N_inlier": 104, "refit": true}
{"timestamp": "14:00:06.703612", "frame": 82, "mu": [0.10748390290590248, 2.0869173514883066, 1.0013823778876816], "Sigma": [[0.012572614327697938, -0.0019527512792695862, 0.010444751505176235], [-0.0019527512792695857, 0.0038782721690193206, 0.0016318166290288372], [0.010444751505176233, 0.0016318166290288367, 0.1530772780631191]], "chi2_level": 0.99, "chi2_df": 3, "chi2_threshold": 11.344866730144373, "N_raw": 99, "N_roi": 99, "N_inlier": 96, "refit": true}
{"timestamp": "14:00:06.755750", "frame": 83, "mu": [0.004670293070293404, 2.0872827986151137, 1.0851344673392163], "Sigma": [[0.013199626688740104, -0.0019612544445563205, 0.003217417873728069], [-0.00196125444455632, 0.006809822495977535, -0.0012520973357450487], [0.0032174178737280684, -0.0012520973357450487, 0.006785651880515756]], "chi2_level": 0.99, "chi2_df": 3, "chi2_threshold": 11.344866730144373, "N_raw": 81, "N_roi": 81, "N_inlier": 74, "refit": true}
{"timestamp": "14:00:06.810822", "frame": 84, "mu": [-0.02073262801345517, 2.1386987701468216, 0.07740108621601606], "Sigma": [[0.015790360877906494, -0.01233265071781546, 0.06907977648307996], [-0.01233265071781546, 0.017539884225375293, -0.07284071106544848], [0.06907977648307996, -0.07284071106544848, 0.5131017635808628]], "chi2_level": 0.99, "chi2_df": 3, "chi2_threshold": 11.344866730144373, "N_raw": 92, "N_roi": 90, "N_inlier": 87, "refit": true}
{"timestamp": "14:00:06.867421", "frame": 85, "mu": [-0.09727994484510176, 2.1430657773948165, -0.2134121077739698], "Sigma": [[0.010764646993308253, -0.0016010696449771937, -0.0028940208463727156], [-0.0016010696449771937, 0.007663788569321904, -0.008647980485216736], [-0.0028940208463727156, -0.008647980485216736, 0.013548548035832613]], "chi2_level": 0.99, "chi2_df": 3, "chi2_threshold": 11.344866730144373, "N_raw": 98, "N_roi": 97, "N_inlier": 91, "refit": true}
{"timestamp": "14:00:06.921260", "frame": 86, "mu": [-0.04457323585768339, 1.940319875774837, 0.8719855245328567], "Sigma": [[0.01310607436228644, -0.00570576780281692, -0.03834959549851877], [-0.005705767802816921, 0.005038958116177414, 0.02179571888691987], [-0.03834959549851877, 0.02179571888691987, 0.221445371903958]], "chi2_level": 0.99, "chi2_df": 3, "chi2_threshold": 11.344866730144373, "N_raw": 96, "N_roi": 96, "N_inlier": 93, "refit": true}
{"timestamp": "14:00:06.975211", "frame": 87, "mu": [-0.14035049285966425, 2.0715192313593676, -0.4321134433826384], "Sigma": [[0.010477477454827298, -0.002342813961291377, 0.0023904365720655548], [-0.0023428139612913772, 0.013961025036476836, -0.05804767323857269], [0.002390436572065556, -0.0580476732385727, 0.29323242617211226]], "chi2_level": 0.99, "chi2_df": 3, "chi2_threshold": 11.344866730144373, "N_raw": 78, "N_roi": 77, "N_inlier": 77, "refit": true}
{"timestamp": "14:00:07.033631", "frame": 88, "mu": [-0.217639618084889, 2.1630169768570227, -0.9457901870210985], "Sigma": [[0.012519941767784091, -0.008789725010682151, 0.016231282671925987], [-0.008789725010682151, 0.024867420202776144, -0.07730542926012182], [0.016231282671925987, -0.07730542926012182, 0.27791139032410345]], "chi2_level": 0.99, "chi2_df": 3, "chi2_threshold": 11.344866730144373, "N_raw": 105, "N_roi": 103, "N_inlier": 100, "refit": true}
{"timestamp": "14:00:07.092358", "frame": 89, "mu": [-0.26271215323920777, 1.8355746355313427, 0.7980588077785482], "Sigma": [[0.02441039624740047, -0.002059442051575784, 0.02845064372629339], [-0.002059442051575784, 0.0033583217836655344, -0.0070815912992897865], [0.028450643726293388, -0.007081591299289785, 0.3376595616931681]], "chi2_level": 0.99, "chi2_df": 3, "chi2_threshold": 11.344866730144373, "N_raw": 132, "N_roi": 129, "N_inlier": 123, "refit": true}
{"timestamp": "14:00:07.141675", "frame": 90, "mu": [-0.309690931699136, 1.766869353491781, 1.0144002382653863], "Sigma": [[0.02437383625540329, -0.0028679522709150118, 0.007697858272388557], [-0.0028679522709150118, 0.003026388283153586, -0.009285112924058566], [0.007697858272388559, -0.009285112924058566, 0.15725914968773938]], "chi2_level": 0.99, "chi2_df": 3, "chi2_threshold": 11.344866730144373, "N_raw": 95, "N_roi": 95, "N_inlier": 93, "refit": true}
{"timestamp": "14:00:07.204281", "frame": 91, "mu": [-0.33639492471644444, 1.7687709271537861, 0.7893264577415138], "Sigma": [[0.02132658641104842, -0.001879576213791994, -0.02694014307076112], [-0.0018795762137919936, 0.0068969125716571225, -0.03312615781855391], [-0.02694014307076112, -0.03312615781855391, 0.3338034120493681]], "chi2_level": 0.99, "chi2_df": 3, "chi2_threshold": 11.344866730144373, "N_raw": 150, "N_roi": 150, "N_inlier": 149, "refit": true}
{"timestamp": "14:00:07.253523", "frame": 92, "mu": [-0.3226257804325113, 1.689191804523055, 1.08550165597933], "Sigma": [[0.00816513666087578, -0.001324366435282152, -0.016654172749991397], [-0.001324366435282152, 0.0023913428020300113, -0.0033365656144176232], [-0.016654172749991397, -0.0033365656144176232, 0.07555291420818001]], "chi2_level": 0.99, "chi2_df": 3, "chi2_threshold": 11.344866730144373, "N_raw": 100, "N_roi": 100, "N_inlier": 93, "refit": true}
{"timestamp": "14:00:07.308707", "frame": 93, "mu": [-0.4214676736258878, 1.596929832745899, 1.0266121072238794], "Sigma": [[0.00975206383070232, -0.0003413195585201499, -0.006280882405590294], [-0.0003413195585201499, 0.005630132646837461, 0.022249140348727832], [-0.006280882405590294, 0.022249140348727835, 0.21123749297470798]], "chi2_level": 0.99, "chi2_df": 3, "chi2_threshold": 11.344866730144373, "N_raw": 110, "N_roi": 109, "N_inlier": 106, "refit": true}
{"timestamp": "14:00:07.362809", "frame": 94, "mu": [-0.45162176998984704, 1.580842948731696, 1.154445419552102], "Sigma": [[0.008380326288351272, -0.0030476812580153417, -0.017400227818295158], [-0.0030476812580153417, 0.002630148807814312, 0.004232800617715601], [-0.017400227818295158, 0.004232800617715601, 0.07012135656023141]], "chi2_level": 0.99, "chi2_df": 3, "chi2_threshold": 11.344866730144373, "N_raw": 94, "N_roi": 94, "N_inlier": 89, "refit": true}
{"timestamp": "14:00:07.413259", "frame": 95, "mu": [-0.5607359056501775, 1.5828234953871372, 1.2442217950943248], "Sigma": [[0.014662383323582311, -0.0010321422687714133, 0.016070048026480724], [-0.0010321422687714133, 0.002711906394686631, -0.006693454754657877], [0.016070048026480724, -0.006693454754657877, 0.05587176300366045]], "chi2_level": 0.99, "chi2_df": 3, "chi2_threshold": 11.344866730144373, "N_raw": 76, "N_roi": 76, "N_inlier": 71, "refit": true}
{"timestamp": "14:00:07.465525", "frame": 96, "mu": [-0.5176719824160866, 1.5039845441118882, 1.3074473697858142], "Sigma": [[0.004966836482134303, -0.0024284765570205015, -0.004337274125026317], [-0.0024284765570205015, 0.004113129779173892, -0.00022139133691370804], [-0.004337274125026317, -0.0002213913369137082, 0.008293867300307348]], "chi2_level": 0.99, "chi2_df": 3, "chi2_threshold": 11.344866730144373, "N_raw": 56, "N_roi": 56, "N_inlier": 52, "refit": true}
{"timestamp": "14:00:07.523151", "frame": 97, "mu": [-0.5973576935898048, 1.476731753389221, 1.3755348779988938], "Sigma": [[0.0062327192578199115, -0.002460726014434687, -0.006518509382606877], [-0.002460726014434687, 0.005311526834866552, -0.0006498945901854948], [-0.006518509382606877, -0.0006498945901854946, 0.009927913936419445]], "chi2_level": 0.99, "chi2_df": 3, "chi2_threshold": 11.344866730144373, "N_raw": 72, "N_roi": 72, "N_inlier": 68, "refit": true}
{"timestamp": "14:00:07.574801", "frame": 98, "mu": [-0.5975003964556583, 1.5698421139692136, -0.2721819289647768], "Sigma": [[0.0035417895285286, -0.0008216224041087127, -0.0036546114332060018], [-0.0008216224041087129, 0.00758929388287149, -0.005123815638746018], [-0.0036546114332060018, -0.005123815638746018, 0.01168324488264989]], "chi2_level": 0.99, "chi2_df": 3, "chi2_threshold": 11.344866730144373, "N_raw": 50, "N_roi": 50, "N_inlier": 46, "refit": true}
{"timestamp": "14:00:07.632851", "frame": 99, "mu": [-0.6266838304159491, 1.386538908861885, 1.231728347075374], "Sigma": [[0.00580458163522925, -0.0029579725339274696, -0.003963278935201505], [-0.002957972533927469, 0.005215034546049609, -0.0018239166210983907], [-0.003963278935201505, -0.0018239166210983907, 0.008676935832595887]], "chi2_level": 0.99, "chi2_df": 3, "chi2_threshold": 11.344866730144373, "N_raw": 73, "N_roi": 73, "N_inlier": 68, "refit": true}
{"timestamp": "14:00:07.812145", "frame": 100, "mu": [-0.6173520087357998, 1.306697573512642, 1.181154208157207], "Sigma": [[0.0033423603369434826, 0.0005744134548804409, -0.007409369101978765], [0.0005744134548804409, 0.002072951166028212, -0.003916989833606209], [-0.007409369101978765, -0.003916989833606209, 0.030042704452097228]], "chi2_level": 0.99, "chi2_df": 3, "chi2_threshold": 11.344866730144373, "N_raw": 33, "N_roi": 33, "N_inlier": 30, "refit": true}
{"timestamp": "14:00:07.816310", "frame": 101, "mu": [-0.8001634302717502, 1.4367482563254061, -0.30619799015503407], "Sigma": [[0.005621617569844742, 0.0012651917958567621, -0.004665965172374015], [0.0012651917958567621, 0.005771010434728714, -0.004470634103550546], [-0.004665965172374015, -0.004470634103550546, 0.013688338605799691]], "chi2_level": 0.99, "chi2_df": 3, "chi2_threshold": 11.344866730144373, "N_raw": 60, "N_roi": 60, "N_inlier": 57, "refit": true}
{"timestamp": "14:00:07.855636", "frame": 102, "mu": [-0.8868203287777946, 1.361579274572173, 1.4097595710628799], "Sigma": [[0.0036178306543193095, 0.0022715481752764825, -0.004356170431143866], [0.0022715481752764825, 0.005743627978421701, -0.005012446386695829], [-0.004356170431143866, -0.00501244638669583, 0.011002989329485844]], "chi2_level": 0.99, "chi2_df": 3, "chi2_threshold": 11.344866730144373, "N_raw": 49, "N_roi": 49, "N_inlier": 45, "refit": true}
{"timestamp": "14:00:07.887367", "frame": 103, "mu": [-0.8613678539275698, 1.2427945030375143, 0.7913461250834561], "Sigma": [[0.005576250073368245, -0.0011143581596281837, -0.005431846312196147], [-0.0011143581596281835, 0.0030991105248031467, -0.0063825147915811155], [-0.005431846312196146, -0.006382514791581117, 0.32550355658671515]], "chi2_level": 0.99, "chi2_df": 3, "chi2_threshold": 11.344866730144373, "N_raw": 10, "N_roi": 10, "N_inlier": 10, "refit": true}
{"timestamp": "14:00:07.919199", "frame": 104, "mu": [-0.9795178222339719, 1.2055620026001372, 1.3119145966268204], "Sigma": [[0.012334078996702278, -0.00034119167466386115, -0.0450483539412901], [-0.00034119167466386136, 0.0032971752746491865, -0.002607153168755187], [-0.0450483539412901, -0.002607153168755188, 0.19705743403663697]], "chi2_level": 0.99, "chi2_df": 3, "chi2_threshold": 11.344866730144373, "N_raw": 26, "N_roi": 26, "N_inlier": 24, "refit": true}
