{"timestamp": "14:32:18.535844", "frame": 1, "mu": [1.8091090540755965, 0.7550757325709581, 1.234228415873155], "Sigma": [[0.0012517814485487686, 0.0014683317900052797, -0.004432828792961516], [0.0014683317900052797, 0.0022963966365156492, -0.0069305440764023205], [-0.004432828792961516, -0.006930544076402321, 0.027038032028701656]], "chi2_level": 0.99, "chi2_df": 3, "chi2_threshold": 11.344866730144373, "N_raw": 6, "N_roi": 6, "N_inlier": 6, "refit": true}
{"timestamp": "14:32:18.596426", "frame": 2, "mu": [1.7967441627655731, 0.7669121496433497, 1.2483670819798935], "Sigma": [[0.006270264171540456, -0.004335698541703598, -0.0025971713880465694], [-0.004335698541703596, 0.011914812088604768, -0.004843053795550334], [-0.0025971713880465694, -0.004843053795550334, 0.0097134986957409]], "chi2_level": 0.99, "chi2_df": 3, "chi2_threshold": 11.344866730144373, "N_raw": 46, "N_roi": 46, "N_inlier": 44, "refit": true}
{"timestamp": "14:32:18.649541", "frame": 3, "mu": [1.7627891969602494, 0.9257802390224965, -0.57178118223169], "Sigma": [[0.0021081800349696984, -0.0015613998934059974, 0.0002261569570291232], [-0.0015613998934059972, 0.013461321282355106, -0.014808537533378515], [0.0002261569570291233, -0.014808537533378515, 0.022520827106525712]], "chi2_level": 0.99, "chi2_df": 3, "chi2_threshold": 11.344866730144373, "N_raw": 17, "N_roi": 17, "N_inlier": 17, "refit": true}
{"timestamp": "14:32:18.707699", "frame": 4, "mu": [1.7665322511127273, 0.6389959328097309, 1.1909282048705359], "Sigma": [[0.005295323820145699, -0.004888067938823956, -0.002411289728863905], [-0.004888067938823956, 0.012824048579562021, -0.00193567979923844], [-0.002411289728863905, -0.00193567979923844, 0.004526924470792753]], "chi2_level": 0.99, "chi2_df": 3, "chi2_threshold": 11.344866730144373, "N_raw": 39, "N_roi": 39, "N_inlier": 34, "refit": true}
{"timestamp": "14:32:18.763175", "frame": 5, "mu": [1.673050029631457, 0.700851452964544, 1.1847956297196935], "Sigma": [[0.004479685612935816, -0.004062850699644288, -0.0017682728898977193], [-0.004062850699644288, 0.01074491126449943, -0.003311737164109026], [-0.0017682728898977193, -0.003311737164109026, 0.005974016649321062]], "chi2_level": 0.99, "chi2_df": 3, "chi2_threshold": 11.344866730144373, "N_raw": 38, "N_roi": 38, "N_inlier": 36, "refit": true}
{"timestamp": "14:32:18.818630", "frame": 6, "mu": [1.613874532255465, 0.8644134991322552, -0.5685000735603782], "Sigma": [[0.0062982505131927765, -0.0036092125144141472, -0.006146984637814476], [-0.0036092125144141472, 0.01078252460995983, 0.001402405741461321], [-0.006146984637814476, 0.0014024057414613205, 0.007578242018035748]], "chi2_level": 0.99, "chi2_df": 3, "chi2_threshold": 11.344866730144373, "N_raw": 39, "N_roi": 39, "N_inlier": 38, "refit": true}
{"timestamp": "14:32:18.869998", "frame": 7, "mu": [1.5145578442689116, 0.7303712466098704, 1.2929860946173999], "Sigma": [[0.003720448011144216, -0.0015759756722314982, -0.004381976942011366], [-0.0015759756722314982, 0.0019880685771814597, 0.0018997550901230934], [-0.004381976942011366, 0.0018997550901230938, 0.008069233216467861]], "chi2_level": 0.99, "chi2_df": 3, "chi2_threshold": 11.344866730144373, "N_raw": 17, "N_roi": 17, "N_inlier": 16, "refit": true}
{"timestamp": "14:32:18.923599", "frame": 8, "mu": [1.5121093568576174, 0.6474771507933678, 1.1798155345282435], "Sigma": [[0.004456884902371304, -0.0036980952859720214, -0.00588910047472349], [-0.0036980952859720214, 0.0050276029479162775, 0.0037156456722867706], [-0.00588910047472349, 0.0037156456722867706, 0.009337539637664627]], "chi2_level": 0.99, "chi2_df": 3, "chi2_threshold": 11.344866730144373, "N_raw": 14, "N_roi": 14, "N_inlier": 14, "refit": true}
{"timestamp": "14:32:18.978207", "frame": 9, "mu": [1.3929974287925815, 0.7500123983512998, 1.2463032967695167], "Sigma": [[0.005096986551197855, -0.001717276021541267, -0.007525818120239931], [-0.001717276021541267, 0.0009429598566975847, 0.0029328468006847162], [-0.007525818120239931, 0.002932846800684716, 0.03636676500757632]], "chi2_level": 0.99, "chi2_df": 3, "chi2_threshold": 11.344866730144373, "N_raw": 7, "N_roi": 7, "N_inlier": 7, "refit": true}
{"timestamp": "14:32:19.033695", "frame": 10, "mu": [1.2693188332924312, 0.7826188257053441, 1.3659821134363257], "Sigma": [[0.0022705164577794374, -0.0013253670761256085, -0.0027904069850759787], [-0.0013253670761256085, 0.0013041924643051159, 0.0009111676410061807], [-0.0027904069850759796, 0.0009111676410061809, 0.008085980059062033]], "chi2_level": 0.99, "chi2_df": 3, "chi2_threshold": 11.344866730144373, "N_raw": 16, "N_roi": 16, "N_inlier": 15, "refit": true}
{"timestamp": "14:32:19.092483", "frame": 11, "mu": [1.2831458761448393, 0.7212797472540106, 1.279553869173201], "Sigma": [[0.006713043608215805, -0.006070122115344903, -0.009828637240701377], [-0.006070122115344903, 0.008086681339259478, 0.008853324916369195], [-0.009828637240701377, 0.008853324916369195, 0.021272778732648216]], "chi2_level": 0.99, "chi2_df": 3, "chi2_threshold": 11.344866730144373, "N_raw": 40, "N_roi": 40, "N_inlier": 37, "refit": true}
{"timestamp": "14:32:19.144216", "frame": 12, "mu": [1.142842772096275, 0.8297550334884624, 1.3342051498014096], "Sigma": [[0.005794331721681198, -0.0007537841233400933, -0.010468474448307081], [-0.0007537841233400932, 0.004675306213043415, -0.0007210195482581982], [-0.010468474448307081, -0.0007210195482581982, 0.021010108217197697]], "chi2_level": 0.99, "chi2_df": 3, "chi2_threshold": 11.344866730144373, "N_raw": 8, "N_roi": 8, "N_inlier": 7, "refit": true}
{"timestamp": "14:32:19.202798", "frame": 13, "mu": [1.1663499772689907, 0.7393823712417879, 1.019544187899867], "Sigma": [[0.00855767611184034, -0.00732249011245107, -0.020766012677168353], [-0.00732249011245107, 0.00954811133252015, 0.01766396577062447], [-0.020766012677168353, 0.01766396577062447, 0.0718194921740074]], "chi2_level": 0.99, "chi2_df": 3, "chi2_threshold": 11.344866730144373, "N_raw": 36, "N_roi": 36, "N_inlier": 34, "refit": true}
{"timestamp": "14:32:19.258167", "frame": 14, "mu": [1.1015862782425556, 0.8311166562677514, 1.0070263936796935], "Sigma": [[0.0031289701416015512, -0.003021261169913715, -0.004891321369581305], [-0.003021261169913715, 0.004853106960034778, 0.0024198661428124083], [-0.0048913213695813045, 0.0024198661428124083, 0.026438681574736535]], "chi2_level": 0.99, "chi2_df": 3, "chi2_threshold": 11.344866730144373, "N_raw": 40, "N_roi": 40, "N_inlier": 36, "refit": true}
{"timestamp": "14:32:19.309975", "frame": 15, "mu": [1.0233337880595275, 0.7594296850270954, 0.8818590351664382], "Sigma": [[0.014536590725418342, -0.016991550994415693, -0.05088820583020455], [-0.016991550994415693, 0.029791992257800874, 0.07933189337096017], [-0.05088820583020455, 0.07933189337096018, 0.32064703565044483]], "chi2_level": 0.99, "chi2_df": 3, "chi2_threshold": 11.344866730144373, "N_raw": 15, "N_roi": 15, "N_inlier": 15, "refit": true}
{"timestamp": "14:32:19.368780", "frame": 16, "mu": [0.8139071696795104, 0.8628931363557054, 1.3968363005055726], "Sigma": [[0.0048182308640413425, -0.0003655696212237535, -0.006892190123519264], [-0.0003655696212237535, 0.003757009970052509, -0.0060519009724524665], [-0.006892190123519264, -0.0060519009724524665, 0.03121631054340799]], "chi2_level": 0.99, "chi2_df": 3, "chi2_threshold": 11.344866730144373, "N_raw": 44, "N_roi": 42, "N_inlier": 37, "refit": true}
{"timestamp": "14:32:19.423351", "frame": 17, "mu": [0.7506638535398306, 0.8480251058334577, 1.3469710923826284], "Sigma": [[0.0036723896674180274, 0.0003869499909991062, -0.0007936014123010441], [0.0003869499909991064, 0.003566070867738121, -0.009838192904233115], [-0.0007936014123010437, -0.009838192904233115, 0.06164057058984536]], "chi2_level": 0.99, "chi2_df": 3, "chi2_threshold": 11.344866730144373, "N_raw": 34, "N_roi": 34, "N_inlier": 31, "refit": true}
{"timestamp": "14:32:19.480839", "frame": 18, "mu": [0.7269323214963752, 0.8128946521282221, 1.3273031154761343], "Sigma": [[0.00491462012260679, 0.0007038292210996057, -0.007991997122356582], [0.0007038292210996056, 0.006070146288223825, -0.009615136870577327], [-0.007991997122356582, -0.009615136870577327, 0.03024942504888844]], "chi2_level": 0.99, "chi2_df": 3, "chi2_threshold": 11.344866730144373, "N_raw": 55, "N_roi": 55, "N_inlier": 49, "refit": true}
{"timestamp": "14:32:19.535840", "frame": 19, "mu": [0.656869624379114, 0.7803150815170813, 1.4103787459842232], "Sigma": [[0.0040421566992670166, -0.00018391282209423662, -0.0034244830629424202], [-0.00018391282209423668, 0.003842489402772176, -0.0026977793515509016], [-0.0034244830629424207, -0.0026977793515509016, 0.007793623727530034]], "chi2_level": 0.99, "chi2_df": 3, "chi2_threshold": 11.344866730144373, "N_raw": 58, "N_roi": 58, "N_inlier": 54, "refit": true}
{"timestamp": "14:32:19.593315", "frame": 20, "mu": [0.5777221862630088, 0.7942495882683904, 1.4425530345118525], "Sigma": [[0.005735893493585512, 0.00016685468631931835, -0.004243131276159721], [0.00016685468631931843, 0.003357612568912208, -0.0022931669323619894], [-0.004243131276159721, -0.0022931669323619894, 0.00562635637434132]], "chi2_level": 0.99, "chi2_df": 3, "chi2_threshold": 11.344866730144373, "N_raw": 74, "N_roi": 72, "N_inlier": 67, "refit": true}
{"timestamp": "14:32:19.647424", "frame": 21, "mu": [0.5373109884768408, 0.7963325791308021, 1.4366108123838723], "Sigma": [[0.006484026120157489, -0.0007506647528117169, -0.00537217523130052], [-0.0007506647528117169, 0.002469795006018827, -0.001007025224701288], [-0.00537217523130052, -0.0010070252247012877, 0.007537308421257493]], "chi2_level": 0.99, "chi2_df": 3, "chi2_threshold": 11.344866730144373, "N_raw": 66, "N_roi": 66, "N_inlier": 63, "refit": true}
{"timestamp": "14:32:19.707390", "frame": 22, "mu": [0.4455239355913225, 0.8168880577128296, 1.3923333319724682], "Sigma": [[0.007530480623959414, -0.0036653306029829505, -0.002714639506465028], [-0.0036653306029829514, 0.0042302663547415026, 0.0005279640979913303], [-0.0027146395064650284, 0.0005279640979913301, 0.009942010302498775]], "chi2_level": 0.99, "chi2_df": 3, "chi2_threshold": 11.344866730144373, "N_raw": 106, "N_roi": 106, "N_inlier": 102, "refit": true}
{"timestamp": "14:32:19.752894", "frame": 23, "mu": [0.3785807498249667, 0.7922667973490024, 1.2563290600531896], "Sigma": [[0.002101208594327898, 0.000260598162511412, -0.0079002218058985], [0.00026059816251141195, 0.001632957679790066, -0.013691646603661333], [-0.0079002218058985, -0.013691646603661333, 0.22924778186738928]], "chi2_level": 0.99, "chi2_df": 3, "chi2_threshold": 11.344866730144373, "N_raw": 31, "N_roi": 31, "N_inlier": 31, "refit": true}
{"timestamp": "14:32:19.810276", "frame": 24, "mu": [0.2918646027727587, 0.8088435323092688, 1.439465717723914], "Sigma": [[0.002573558466475088, -0.0006046965671606679, -0.0017691871140669132], [-0.0006046965671606679, 0.002035076539876318, -0.0012448046824331447], [-0.0017691871140669132, -0.0012448046824331447, 0.006988202635382926]], "chi2_level": 0.99, "chi2_df": 3, "chi2_threshold": 11.344866730144373, "N_raw": 57, "N_roi": 57, "N_inlier": 53, "refit": true}
{"timestamp": "14:32:19.870369", "frame": 25, "mu": [0.22217708221708524, 0.8522949081447151, 1.359093130503416], "Sigma": [[0.002347599601877551, -0.0008252692207051276, -0.0005976549383327344], [-0.0008252692207051275, 0.0020318786324965933, -0.0013531947601456498], [-0.0005976549383327344, -0.0013531947601456496, 0.01914137754900049]], "chi2_level": 0.99, "chi2_df": 3, "chi2_threshold": 11.344866730144373, "N_raw": 87, "N_roi": 87, "N_inlier": 83, "refit": true}
{"timestamp": "14:32:19.923115", "frame": 26, "mu": [0.13533741185137882, 0.8210354907332326, 1.4559989382381924], "Sigma": [[0.0023845143344544844, -0.0007953035815431294, -0.004091536436988678], [-0.0007953035815431292, 0.003333927126537684, 0.0004989238142090044], [-0.004091536436988678, 0.0004989238142090045, 0.0196506384238624]], "chi2_level": 0.99, "chi2_df": 3, "chi2_threshold": 11.344866730144373, "N_raw": 62, "N_roi": 62, "N_inlier": 56, "refit": true}
{"timestamp": "14:32:19.979271", "frame": 27, "mu": [0.08328448330135617, 0.850027699956827, 1.3987451847289258], "Sigma": [[0.006324892068527969, -0.0004724004144745364, -0.0034323075774840076], [-0.0004724004144745364, 0.0010362857024495272, -0.0014824594580893277], [-0.003432307577484007, -0.0014824594580893277, 0.005864307741915728]], "chi2_level": 0.99, "chi2_df": 3, "chi2_threshold": 11.344866730144373, "N_raw": 85, "N_roi": 85, "N_inlier": 80, "refit": true}
{"timestamp": "14:32:20.036809", "frame": 28, "mu": [-0.0015052019116825344, 0.8452543434355668, 1.33449719403568], "Sigma": [[0.0029747741060045735, -0.0011453981826789117, -0.0013554213960133192], [-0.0011453981826789117, 0.0018551212853457988, -0.0028715227951213486], [-0.0013554213960133192, -0.002871522795121349, 0.01787252429841245]], "chi2_level": 0.99, "chi2_df": 3, "chi2_threshold": 11.344866730144373, "N_raw": 95, "N_roi": 95, "N_inlier": 91, "refit": true}
{"timestamp": "14:32:20.083943", "frame": 29, "mu": [-0.05232860891109526, 0.8204484224696836, 1.4170010616006008], "Sigma": [[0.0022694510399963322, -4.6646561292104524e-05, -0.0019467628492607874], [-4.6646561292104524e-05, 0.0011142667069854043, -0.0010653739220474379], [-0.0019467628492607874, -0.001065373922047438, 0.0031610708108406873]], "chi2_level": 0.99, "chi2_df": 3, "chi2_threshold": 11.344866730144373, "N_raw": 43, "N_roi": 43, "N_inlier": 41, "refit": true}
{"timestamp": "14:32:20.139888", "frame": 30, "mu": [-0.1503423090620981, 0.7847409800086671, 1.395329059199813], "Sigma": [[0.0022905137324490954, -0.0004861408371098069, -0.001553865036423721], [-0.00048614083710980685, 0.000721911987674196, -0.0008135713622800033], [-0.001553865036423721, -0.0008135713622800034, 0.009074393711598419]], "chi2_level": 0.99, "chi2_df": 3, "chi2_threshold": 11.344866730144373, "N_raw": 60, "N_roi": 60, "N_inlier": 56, "refit": true}
{"timestamp": "14:32:20.202051", "frame": 31, "mu": [-0.2265762192231478, 0.8416507880955928, 1.3776434146757026], "Sigma": [[0.0037195561800502036, -0.0013790780995924447, -0.004710153425677842], [-0.0013790780995924447, 0.0024095319258089156, -0.001769774051489801], [-0.004710153425677841, -0.0017697740514898007, 0.018662358699534733]], "chi2_level": 0.99, "chi2_df": 3, "chi2_threshold": 11.344866730144373, "N_raw": 107, "N_roi": 107, "N_inlier": 104, "refit": true}
{"timestamp": "14:32:20.258076", "frame": 32, "mu": [-0.29068581672217303, 0.8223433667819389, 1.4522293560457018], "Sigma": [[0.0034729760368472293, -0.0012523461120227503, -0.004786962986628503], [-0.0012523461120227503, 0.004076224142585366, 0.00030441660634030203], [-0.004786962986628503, 0.0003044166063403021, 0.019021986638134147]], "chi2_level": 0.99, "chi2_df": 3, "chi2_threshold": 11.344866730144373, "N_raw": 92, "N_roi": 89, "N_inlier": 86, "refit": true}
{"timestamp": "14:32:20.311348", "frame": 33, "mu": [-0.34435338463873344, 0.8844040362318574, 0.07980637705494215], "Sigma": [[0.00467883273108601, -0.0011410154576983805, 0.03768880269072671], [-0.0011410154576983805, 0.0047340971739746815, -0.021574163532540554], [0.03768880269072671, -0.021574163532540554, 0.5571392208860296]], "chi2_level": 0.99, "chi2_df": 3, "chi2_threshold": 11.344866730144373, "N_raw": 95, "N_roi": 91, "N_inlier": 87, "refit": true}
{"timestamp": "14:32:20.359506", "frame": 34, "mu": [-0.36281275005525593, 0.8021103019438879, 1.3224298676862178], "Sigma": [[0.0012033243979701369, 0.00011374445977342775, -0.001195222057714074], [0.0001137444597734277, 0.0016705075888660465, -0.0004303271613104556], [-0.001195222057714074, -0.00043032716131045527, 0.011733514262506685]], "chi2_level": 0.99, "chi2_df": 3, "chi2_threshold": 11.344866730144373, "N_raw": 46, "N_roi": 46, "N_inlier": 42, "refit": true}
{"timestamp": "14:32:20.419199", "frame": 35, "mu": [-0.5091680811821869, 0.7107101987137164, 1.3960227902834645], "Sigma": [[0.022980965206893016, 0.0054037272442650506, -0.018123613055050874], [0.0054037272442650506, 0.006041076363210003, -0.003954999127989087], [-0.018123613055050874, -0.003954999127989087, 0.02177583342547848]], "chi2_level": 0.99, "chi2_df": 3, "chi2_threshold": 11.344866730144373, "N_raw": 84, "N_roi": 84, "N_inlier": 78, "refit": true}
{"timestamp": "14:32:20.476963", "frame": 36, "mu": [-0.6437789523660788, 0.7029038729218251, 1.465466210683494], "Sigma": [[0.024712250906928496, 0.006932564883971143, -0.023374897051580405], [0.006932564883971144, 0.0041004650275393096, -0.00933647905064311], [-0.023374897051580402, -0.00933647905064311, 0.029731680818811015]], "chi2_level": 0.99, "chi2_df": 3, "chi2_threshold": 11.344866730144373, "N_raw": 94, "N_roi": 94, "N_inlier": 91, "refit": true}
{"timestamp": "14:32:20.525380", "frame": 37, "mu": [-0.7628115457822365, 0.6665954069173539, 1.3639167625189548], "Sigma": [[0.03174330267438727, 0.015016715398579976, -0.06590892062167729], [0.015016715398579976, 0.009899990795660625, -0.040288729847749824], [-0.0659089206216773, -0.040288729847749824, 0.18589120470832834]], "chi2_level": 0.99, "chi2_df": 3, "chi2_threshold": 11.344866730144373, "N_raw": 45, "N_roi": 43, "N_inlier": 42, "refit": true}
{"timestamp": "14:32:20.579377", "frame": 38, "mu": [-0.9352293278652084, 0.5990880551408021, 1.6269295685628065], "Sigma": [[0.01631418228752999, 0.0021601413877447434, -0.013729857612013101], [0.0021601413877447434, 0.002953065265982115, -0.005129265108716752], [-0.013729857612013101, -0.00512926510871675, 0.02306389965442026]], "chi2_level": 0.99, "chi2_df": 3, "chi2_threshold": 11.344866730144373, "N_raw": 48, "N_roi": 48, "N_inlier": 46, "refit": true}
{"timestamp": "14:32:20.639206", "frame": 39, "mu": [-0.8017150617086412, 0.6394215510832596, 1.2703254962043684], "Sigma": [[0.02940836842832801, 0.00886996743611791, -0.046209626119396344], [0.00886996743611791, 0.0046248454041872885, -0.017158281301678867], [-0.04620962611939635, -0.017158281301678867, 0.08767392786333066]], "chi2_level": 0.99, "chi2_df": 3, "chi2_threshold": 11.344866730144373, "N_raw": 87, "N_roi": 87, "N_inlier": 85, "refit": true}
{"timestamp": "14:32:20.692692", "frame": 40, "mu": [-1.0108424740923587, 0.6045122608976081, 1.5483481020046193], "Sigma": [[0.009497420294422928, 0.0028597431472343633, -0.0020342027352519268], [0.0028597431472343633, 0.00454640975310289, -0.004496178064519456], [-0.0020342027352519268, -0.004496178064519456, 0.0095720383863092]], "chi2_level": 0.99, "chi2_df": 3, "chi2_threshold": 11.344866730144373, "N_raw": 69, "N_roi": 69, "N_inlier": 66, "refit": true}
{"timestamp": "14:32:20.747144", "frame": 41, "mu": [-1.0406265772489225, 0.6419841949936204, 1.5167938230543874], "Sigma": [[0.011013121021165239, 0.0023295098376007366, -0.00540152364870038], [0.002329509837600736, 0.007773541954195649, -0.006709017862823405], [-0.00540152364870038, -0.006709017862823406, 0.010504200566995244]], "chi2_level": 0.99, "chi2_df": 3, "chi2_threshold": 11.344866730144373, "N_raw": 60, "N_roi": 60, "N_inlier": 58, "refit": true}
{"timestamp": "14:32:20.805604", "frame": 42, "mu": [-1.059183211967121, 0.7075936922130063, -0.4124056067637675], "Sigma": [[0.01465050193471217, 0.010328660344748525, -0.01522543903375714], [0.010328660344748525, 0.01940519277568355, -0.018717123574195305], [-0.015225439033757143, -0.018717123574195305, 0.030169095752124973]], "chi2_level": 0.99, "chi2_df": 3, "chi2_threshold": 11.344866730144373, "N_raw": 93, "N_roi": 93, "N_inlier": 90, "refit": true}
{"timestamp": "14:32:20.858298", "frame": 43, "mu": [-1.1452928289884987, 0.612277998630344, 1.468943842434005], "Sigma": [[0.008452847161046417, 0.0006451285219566046, -0.004943058992315867], [0.0006451285219566044, 0.010645549369101481, -0.006090006882446411], [-0.004943058992315867, -0.006090006882446412, 0.009576204424859514]], "chi2_level": 0.99, "chi2_df": 3, "chi2_threshold": 11.344866730144373, "N_raw": 70, "N_roi": 70, "N_inlier": 67, "refit": true}
{"timestamp": "14:32:20.911157", "frame": 44, "mu": [-1.2090241802823931, 0.6042992192126874, 1.4129395303914472], "Sigma": [[0.012308534795612997, 0.006946319432298854, -0.01314160667655069], [0.006946319432298853, 0.016997902868815237, -0.015314258598543073], [-0.01314160667655069, -0.015314258598543073, 0.025204806545124334]], "chi2_level": 0.99, "chi2_df": 3, "chi2_threshold": 11.344866730144373, "N_raw": 65, "N_roi": 65, "N_inlier": 63, "refit": true}
{"timestamp": "14:32:20.970512", "frame": 45, "mu": [-1.2349326919168675, 0.6151891501024369, 1.270498867338168], "Sigma": [[0.024130046027304446, 0.022299551728738605, -0.03808682263145892], [0.022299551728738605, 0.03145731230603297, -0.047623218318326443], [-0.03808682263145892, -0.047623218318326443, 0.08963100844883345]], "chi2_level": 0.99, "chi2_df": 3, "chi2_threshold": 11.344866730144373, "N_raw": 74, "N_roi": 74, "N_inlier": 73, "refit": true}
{"timestamp": "14:32:21.024149", "frame": 46, "mu": [-1.2890756500850757, 0.6531980710168612, 1.2362177895140427], "Sigma": [[0.019867687512480563, 0.022795686504722225, -0.026035162710391746], [0.022795686504722225, 0.04094610828918236, -0.039963036477483775], [-0.026035162710391746, -0.03996303647748377, 0.06195449733008152]], "chi2_level": 0.99, "chi2_df": 3, "chi2_threshold": 11.344866730144373, "N_raw": 82, "N_roi": 82, "N_inlier": 79, "refit": true}
{"timestamp": "14:32:21.077925", "frame": 47, "mu": [-1.4089889640723383, 0.5218279496379793, 1.2906426157024644], "Sigma": [[0.007593900193867554, 0.005459259820004882, 0.0018372856797442784], [0.005459259820004882, 0.010009414819363745, -0.0063621817590139825], [0.0018372856797442784, -0.0063621817590139825, 0.02061002995833422]], "chi2_level": 0.99, "chi2_df": 3, "chi2_threshold": 11.344866730144373, "N_raw": 78, "N_roi": 78, "N_inlier": 74, "refit": true}
{"timestamp": "14:32:21.131766", "frame": 48, "mu": [-1.4412151517545588, 0.805668306985846, -0.40082222336262413], "Sigma": [[0.0075474907100129785, 0.0033796515794404587, -0.0008352190797457479], [0.0033796515794404587, 0.019996408871677376, -0.001323568003433752], [-0.0008352190797457479, -0.0013235680034337522, 0.0033301633806987942]], "chi2_level": 0.99, "chi2_df": 3, "chi2_threshold": 11.344866730144373, "N_raw": 66, "N_roi": 66, "N_inlier": 63, "refit": true}
{"timestamp": "14:32:21.188284", "frame": 49, "mu": [-1.5023860350352458, 0.6441773670365718, 1.3024325160222836], "Sigma": [[0.010079498312369449, 0.008704533687825623, 0.005908217215905578], [0.008704533687825625, 0.01145017726229912, -9.662792649783717e-06], [0.005908217215905578, -9.662792649784042e-06, 0.024074232788635533]], "chi2_level": 0.99, "chi2_df": 3, "chi2_threshold": 11.344866730144373, "N_raw": 80, "N_roi": 80, "N_inlier": 79, "refit": true}
{"timestamp": "14:32:21.244303", "frame": 50, "mu": [-1.1984924307298754, 0.6081490726299532, 1.1879475426433757], "Sigma": [[1.0895255751239705, -0.06584399413005329, -0.03159038452230109], [-0.06584399413005328, 0.026266296072949204, 0.01756948657154137], [-0.03159038452230109, 0.017569486571541365, 0.038574545601837394]], "chi2_level": 0.99, "chi2_df": 3, "chi2_threshold": 11.344866730144373, "N_raw": 83, "N_roi": 83, "N_inlier": 82, "refit": true}
{"timestamp": "14:32:21.300769", "frame": 51, "mu": [-1.5935009489162246, 0.776890611952449, 1.3811845198850061], "Sigma": [[0.011526693879915726, 0.011386169544177392, 0.007972637769828792], [0.011386169544177392, 0.024958760487973138, 0.016556103725279214], [0.007972637769828792, 0.016556103725279214, 0.05358133663144422]], "chi2_level": 0.99, "chi2_df": 3, "chi2_threshold": 11.344866730144373, "N_raw": 90, "N_roi": 90, "N_inlier": 87, "refit": true}
{"timestamp": "14:32:21.355592", "frame": 52, "mu": [-1.6671453988955258, 0.7798688596746821, 1.3017243023129297], "Sigma": [[0.015613211605893447, 0.013361098373031208, 0.009464297960590968], [0.013361098373031208, 0.018198524234390633, 0.006462383063457797], [0.009464297960590966, 0.006462383063457798, 0.03557295103896956]], "chi2_level": 0.99, "chi2_df": 3, "chi2_threshold": 11.344866730144373, "N_raw": 95, "N_roi": 95, "N_inlier": 95, "refit": true}
{"timestamp": "14:32:21.408541", "frame": 53, "mu": [-1.7146942309382827, 0.9065941789483475, 1.3703275282829972], "Sigma": [[0.01271176953188542, 0.007102187598991104, -0.001282604003076657], [0.007102187598991104, 0.010023020595844543, -0.0057796515996064515], [-0.0012826040030766569, -0.0057796515996064515, 0.026243030978450568]], "chi2_level": 0.99, "chi2_df": 3, "chi2_threshold": 11.344866730144373, "N_raw": 82, "N_roi": 82, "N_inlier": 81, "refit": true}
{"timestamp": "14:32:21.464485", "frame": 54, "mu": [-1.7849513941208408, 0.8785120128523815, 1.315298509176233], "Sigma": [[0.011170827071433204, 0.008990828111735568, 0.0036484013807805762], [0.008990828111735568, 0.012335173276216837, 0.000477602662697486], [0.0036484013807805762, 0.00047760266269748666, 0.0378777108020176]], "chi2_level": 0.99, "chi2_df": 3, "chi2_threshold": 11.344866730144373, "N_raw": 79, "N_roi": 79, "N_inlier": 76, "refit": true}
{"timestamp": "14:32:21.517558", "frame": 55, "mu": [-1.8248344278240278, 0.94316793671519, 1.3475283325840879], "Sigma": [[0.010450950037949826, 0.005439720713154255, -0.0055887286698929305], [0.005439720713154255, 0.00948032705041482, -0.012792287243006099], [-0.005588728669892929, -0.012792287243006099, 0.06679916604610237]], "chi2_level": 0.99, "chi2_df": 3, "chi2_threshold": 11.344866730144373, "N_raw": 74, "N_roi": 74, "N_inlier": 72, "refit": true}
{"timestamp": "14:32:21.571593", "frame": 56, "mu": [-1.8519706828491564, 0.9463790806300154, 1.3441509947737984], "Sigma": [[0.013345239261867337, 0.007027901808783784, -3.5336379209710686e-05], [0.007027901808783784, 0.008632779783568632, -0.004138395171723132], [-3.533637920971047e-05, -0.004138395171723132, 0.018295994315785692]], "chi2_level": 0.99, "chi2_df": 3, "chi2_threshold": 11.344866730144373, "N_raw": 67, "N_roi": 67, "N_inlier": 65, "refit": true}
{"timestamp": "14:32:21.627183", "frame": 57, "mu": [-1.8704954736150912, 1.0106665317459198, 1.2040940723954259], "Sigma": [[0.012511812445865054, 0.004341107254673053, 0.004930794112415984], [0.004341107254673053, 0.009199533775479204, -0.01826006679023517], [0.004930794112415983, -0.01826006679023517, 0.07415309308572313]], "chi2_level": 0.99, "chi2_df": 3, "chi2_threshold": 11.344866730144373, "N_raw": 75, "N_roi": 75, "N_inlier": 75, "refit": true}
{"timestamp": "14:32:21.683131", "frame": 58, "mu": [-1.9682521417699341, 1.0832914536715128, 1.2115153564454761], "Sigma": [[0.013976615236427917, 0.0035297091480463545, 0.015065124047150075], [0.003529709148046354, 0.010069915198554153, -0.018428303608979613], [0.015065124047150078, -0.018428303608979613, 0.11547336774241804]], "chi2_level": 0.99, "chi2_df": 3, "chi2_threshold": 11.344866730144373, "N_raw": 78, "N_roi": 78, "N_inlier": 78, "refit": true}
{"timestamp": "14:32:21.737268", "frame": 59, "mu": [-1.992472931295655, 1.1293215271663206, 1.3593103043865171], "Sigma": [[0.015375110277153539, 0.00634179788686502, 0.006488149390115909], [0.00634179788686502, 0.011111742847787652, -0.009154881937772955], [0.006488149390115909, -0.009154881937772953, 0.06994368737512055]], "chi2_level": 0.99, "chi2_df": 3, "chi2_threshold": 11.344866730144373, "N_raw": 65, "N_roi": 65, "N_inlier": 63, "refit": true}
{"timestamp": "14:32:21.791506", "frame": 60, "mu": [-2.004626510251655, 1.173820828378271, 1.3870368997011335], "Sigma": [[0.015287534769262666, 0.009877157582191199, -0.00909119147420627], [0.009877157582191199, 0.017199357715616252, -0.012592002473198255], [-0.00909119147420627, -0.012592002473198255, 0.011275748769550915]], "chi2_level": 0.99, "chi2_df": 3, "chi2_threshold": 11.344866730144373, "N_raw": 68, "N_roi": 68, "N_inlier": 68, "refit": true}
{"timestamp": "14:32:21.845522", "frame": 61, "mu": [-2.0646923209663837, 1.1970101614854702, 1.4551604813004], "Sigma": [[0.017022573646248193, 0.006724246011538173, -0.012811581044710642], [0.006724246011538172, 0.012548214748234384, -0.010353169026171288], [-0.012811581044710642, -0.010353169026171288, 0.014647991952068158]], "chi2_level": 0.99, "chi2_df": 3, "chi2_threshold": 11.344866730144373, "N_raw": 63, "N_roi": 63, "N_inlier": 63, "refit": true}
{"timestamp": "14:32:21.907910", "frame": 62, "mu": [-2.118029484648006, 1.202207786565493, 1.2442357068219043], "Sigma": [[0.029241266491478488, 0.023638059039274677, 0.019913882027144725], [0.023638059039274677, 0.035738892559051785, 0.03733902386689375], [0.019913882027144725, 0.03733902386689375, 0.10753443759998402]], "chi2_level": 0.99, "chi2_df": 3, "chi2_threshold": 11.344866730144373, "N_raw": 111, "N_roi": 110, "N_inlier": 110, "refit": true}
{"timestamp": "14:32:21.963373", "frame": 63, "mu": [-2.035414805646197, 1.3705451035514251, 1.25086233815925], "Sigma": [[0.028988753203483854, 0.02118717092831557, 0.012674262713677461], [0.02118717092831557, 0.022725412290696464, 0.006788761220367967], [0.012674262713677463, 0.006788761220367966, 0.06112320515568004]], "chi2_level": 0.99, "chi2_df": 3, "chi2_threshold": 11.344866730144373, "N_raw": 113, "N_roi": 113, "N_inlier": 113, "refit": true}
{"timestamp": "14:32:22.013470", "frame": 64, "mu": [-2.0125605305016334, 1.498488315040717, 1.2689152966525274], "Sigma": [[0.02631466415572836, 0.020052572900942374, 0.005075626239901192], [0.020052572900942374, 0.020213404312821197, 0.0058929986705200995], [0.005075626239901191, 0.0058929986705200995, 0.060988472368676924]], "chi2_level": 0.99, "chi2_df": 3, "chi2_threshold": 11.344866730144373, "N_raw": 80, "N_roi": 80, "N_inlier": 79, "refit": true}
{"timestamp": "14:32:22.069271", "frame": 65, "mu": [-2.113356963839701, 1.5715458106784113, 1.5511956072454836], "Sigma": [[0.019555781572096823, 0.011871075723728875, -0.012123892074731343], [0.011871075723728875, 0.0179127773645046, -0.015689171228069416], [-0.012123892074731342, -0.015689171228069416, 0.029955156668016233]], "chi2_level": 0.99, "chi2_df": 3, "chi2_threshold": 11.344866730144373, "N_raw": 82, "N_roi": 78, "N_inlier": 72, "refit": true}
{"timestamp": "14:32:22.120272", "frame": 66, "mu": [-2.1843522614521715, 1.6157505530619407, 1.5736952995541795], "Sigma": [[0.013360243568133057, 0.01099918492699121, -0.010871978643726292], [0.01099918492699121, 0.016517897709511037, -0.01499822769059591], [-0.010871978643726292, -0.014998227690595911, 0.020111385398718644]], "chi2_level": 0.99, "chi2_df": 3, "chi2_threshold": 11.344866730144373, "N_raw": 59, "N_roi": 57, "N_inlier": 54, "refit": true}
{"timestamp": "14:32:22.182115", "frame": 67, "mu": [-2.231898004603118, 1.6582658411772433, 1.448204816826938], "Sigma": [[0.019409596258321192, 0.010501314152596277, 0.004733090604078184], [0.010501314152596277, 0.01860460889230652, -0.019158533759507188], [0.004733090604078184, -0.019158533759507188, 0.11725600858513623]], "chi2_level": 0.99, "chi2_df": 3, "chi2_threshold": 11.344866730144373, "N_raw": 105, "N_roi": 83, "N_inlier": 83, "refit": true}
{"timestamp": "14:32:22.228621", "frame": 68, "mu": [-2.239651771706141, 1.6514109219405988, 1.5372580867237327], "Sigma": [[0.012464438187479557, 0.00781852095031504, -0.008849521528757913], [0.007818520950315041, 0.011950903037043036, -0.010034670351778175], [-0.008849521528757915, -0.010034670351778177, 0.011645790383814488]], "chi2_level": 0.99, "chi2_df": 3, "chi2_threshold": 11.344866730144373, "N_raw": 43, "N_roi": 43, "N_inlier": 42, "refit": true}
{"timestamp": "14:32:22.287604", "frame": 69, "mu": [-2.257478338848627, 1.8288642340140657, 0.1498658354994726], "Sigma": [[0.01560274068487374, 0.01622614902683541, -0.007757556050825972], [0.01622614902683541, 0.0326598102867387, -0.01747860729982025], [-0.007757556050825972, -0.01747860729982025, 0.01994628138592415]], "chi2_level": 0.99, "chi2_df": 3, "chi2_threshold": 11.344866730144373, "N_raw": 78, "N_roi": 73, "N_inlier": 67, "refit": true}
{"timestamp": "14:32:22.339396", "frame": 70, "mu": [-2.230653452666513, 1.9133343271428396, 1.4263018581441085], "Sigma": [[0.017700433676632613, 0.014659371983214738, -0.012382351737917236], [0.014659371983214738, 0.015896636460725484, -0.010489114859634049], [-0.012382351737917236, -0.010489114859634049, 0.05353500716909375]], "chi2_level": 0.99, "chi2_df": 3, "chi2_threshold": 11.344866730144373, "N_raw": 52, "N_roi": 52, "N_inlier": 51, "refit": true}
{"timestamp": "14:32:22.394837", "frame": 71, "mu": [-2.359398126079666, 1.9072836703153613, 1.606152166278799], "Sigma": [[0.009480569678856682, 0.008058298603881861, -0.009431001442002242], [0.008058298603881861, 0.014106851536834266, -0.019691346733030156], [-0.009431001442002242, -0.019691346733030156, 0.04090954818506532]], "chi2_level": 0.99, "chi2_df": 3, "chi2_threshold": 11.344866730144373, "N_raw": 57, "N_roi": 36, "N_inlier": 35, "refit": true}
{"timestamp": "14:32:22.456358", "frame": 72, "mu": [-2.289487736507476, 2.10307042326697, 1.4912372760658426], "Sigma": [[0.014139706710302092, 0.010856401433685096, -0.014813055253038707], [0.010856401433685093, 0.019447352932013568, -0.021416103122012982], [-0.014813055253038707, -0.021416103122012982, 0.051505197592785684]], "chi2_level": 0.99, "chi2_df": 3, "chi2_threshold": 11.344866730144373, "N_raw": 102, "N_roi": 69, "N_inlier": 67, "refit": true}
{"timestamp": "14:32:22.504520", "frame": 73, "mu": [-2.387081079712909, 2.0934239776372574, 1.76235454874527], "Sigma": [[0.005742784692122607, 0.00568403333228362, -0.005911149145189707], [0.00568403333228362, 0.013395572020080236, -0.013567952356924025], [-0.005911149145189706, -0.013567952356924023, 0.026104163295441914]], "chi2_level": 0.99, "chi2_df": 3, "chi2_threshold": 11.344866730144373, "N_raw": 53, "N_roi": 23, "N_inlier": 22, "refit": true}
{"timestamp": "14:32:22.559441", "frame": 74, "mu": [-2.3471579897693875, 2.337603602812333, -0.04216746032799367], "Sigma": [[0.00910127965732691, 0.008709217190365087, -0.0068541795263164645], [0.008709217190365087, 0.021024959685848926, -0.018449345400677546], [-0.0068541795263164645, -0.018449345400677546, 0.023300745300453646]], "chi2_level": 0.99, "chi2_df": 3, "chi2_threshold": 11.344866730144373, "N_raw": 58, "N_roi": 26, "N_inlier": 25, "refit": true}
{"timestamp": "14:32:22.619871", "frame": 75, "mu": [-2.352704472307379, 2.3324052853947093, 0.14912709201630267], "Sigma": [[0.00880250490512799, 0.006012275057434539, 0.002335602896056243], [0.006012275057434539, 0.024645543872545913, -0.037324891730440436], [0.002335602896056243, -0.03732489173044043, 0.10911197103890931]], "chi2_level": 0.99, "chi2_df": 3, "chi2_threshold": 11.344866730144373, "N_raw": 92, "N_roi": 33, "N_inlier": 33, "refit": true}
{"timestamp": "14:32:22.663016", "frame": 76, "mu": [-2.2488259436696136, 2.5779316717572844, -0.20131441953232984], "Sigma": [[0.016219610367946592, -0.008532093524849748, 0.022403527624673972], [-0.008532093524849748, 0.013471540039846063, -0.02836040437366761], [0.022403527624673972, -0.02836040437366761, 0.08031722054977113]], "chi2_level": 0.99, "chi2_df": 3, "chi2_threshold": 11.344866730144373, "N_raw": 8, "N_roi": 7, "N_inlier": 7, "refit": true}
{"timestamp": "14:32:22.719483", "frame": 77, "mu": [-2.1958330677131186, 2.5362791276246686, 1.188925823290548], "Sigma": [[0.017562274229325325, 0.003758249803692343, 0.02174791058927015], [0.003758249803692343, 0.004263588992300498, 0.003083988330137501], [0.02174791058927015, 0.003083988330137501, 0.055760465610926735]], "chi2_level": 0.99, "chi2_df": 3, "chi2_threshold": 11.344866730144373, "N_raw": 18, "N_roi": 15, "N_inlier": 14, "refit": true}
{"timestamp": "14:32:22.775792", "frame": 78, "mu": [-2.2292098200589963, 2.5481867524451696, 1.3575550621326504], "Sigma": [[0.01810428172785004, 6.37470449491482e-05, 0.01888994441146334], [6.374704494914864e-05, 0.006982172373617964, 0.026644782137512736], [0.018889944411463345, 0.026644782137512736, 0.14198839021210005]], "chi2_level": 0.99, "chi2_df": 3, "chi2_threshold": 11.344866730144373, "N_raw": 27, "N_roi": 11, "N_inlier": 10, "refit": true}
{"timestamp": "14:32:22.836139", "frame": 79, "mu": [-2.377814238995999, 2.6243934242895417, 1.4882378089746173], "Sigma": [[0.008375707020712482, 0.004251566418123966, 0.0023163691990951505], [0.004251566418123966, 0.007476060177774822, 0.00567051335644289], [0.0023163691990951505, 0.005670513356442891, 0.0670862453554418]], "chi2_level": 0.99, "chi2_df": 3, "chi2_threshold": 11.344866730144373, "N_raw": 64, "N_roi": 24, "N_inlier": 22, "refit": true}
{"timestamp": "14:32:22.889329", "frame": 80, "mu": [-2.3434864717042325, 2.706870765738274, 0.2049028099727909], "Sigma": [[0.010547888401632155, 0.0019330132377165215, 0.014917018080392423], [0.0019330132377165215, 0.002745260743794603, 0.009019799291989492], [0.014917018080392423, 0.009019799291989492, 0.09072027843353739]], "chi2_level": 0.99, "chi2_df": 3, "chi2_threshold": 11.344866730144373, "N_raw": 52, "N_roi": 17, "N_inlier": 16, "refit": true}
{"timestamp": "14:32:22.940822", "frame": 81, "mu": [-2.2540298497004945, 2.7869005352630465, 0.3743659391961984], "Sigma": [[0.011106896890503962, 0.005636765743844892, -0.00688937867642874], [0.005636765743844892, 0.006569939323432786, -0.002530600269468379], [-0.006889378676428739, -0.002530600269468379, 0.0063383446317064876]], "chi2_level": 0.99, "chi2_df": 3, "chi2_threshold": 11.344866730144373, "N_raw": 29, "N_roi": 28, "N_inlier": 27, "refit": true}
{"timestamp": "14:32:22.993692", "frame": 82, "mu": [-2.223102567174334, 2.891193504591442, 1.557907361092401], "Sigma": [[0.009105880531693556, -0.002872710241231311, 4.789224900051889e-05], [-0.002872710241231311, 0.0023267110382687085, 0.0023152019654553834], [4.789224900051932e-05, 0.002315201965455383, 0.004584837909471177]], "chi2_level": 0.99, "chi2_df": 3, "chi2_threshold": 11.344866730144373, "N_raw": 11, "N_roi": 5, "N_inlier": 5, "refit": true}
{"timestamp": "14:32:23.051224", "frame": 83, "mu": [-2.2832847231410747, 2.94263071162028, 0.30813964281437006], "Sigma": [[0.013049113467860862, 0.006991371362015121, 0.008207077741299664], [0.006991371362015122, 0.007908585757061944, 0.0037316121459010313], [0.008207077741299664, 0.003731612145901032, 0.041643645864981836]], "chi2_level": 0.99, "chi2_df": 3, "chi2_threshold": 11.344866730144373, "N_raw": 29, "N_roi": 28, "N_inlier": 27, "refit": true}
{"timestamp": "14:32:23.157809", "frame": 85, "mu": [-2.272111278944354, 3.0894098190106782, 1.502553328441228], "Sigma": [[0.0022792070816808375, 0.00011990635909043995, -0.00037429304192131276], [0.00011990635909044005, 0.0015498681104318091, -0.0033815969259444823], [-0.0003742930419213132, -0.0033815969259444823, 0.01093458862973445]], "chi2_level": 0.99, "chi2_df": 3, "chi2_threshold": 11.344866730144373, "N_raw": 7, "N_roi": 7, "N_inlier": 7, "refit": true}
{"timestamp": "14:32:23.213708", "frame": 86, "mu": [-2.2035635984130177, 3.142354002282005, 1.5168995184059357], "Sigma": [[0.008225545027106191, 0.002007929975154341, -0.0066212643035591014], [0.002007929975154341, 0.003530787689443824, -0.0028445612352788916], [-0.0066212643035591014, -0.0028445612352788916, 0.0075170761535031235]], "chi2_level": 0.99, "chi2_df": 3, "chi2_threshold": 11.344866730144373, "N_raw": 16, "N_roi": 16, "N_inlier": 16, "refit": true}
{"timestamp": "14:32:23.268465", "frame": 87, "mu": [-2.1718317034211614, 3.2432895813234714, 1.043371273799953], "Sigma": [[0.003178840264781177, 0.0001316477760071701, 0.006495578810765324], [0.00013164777600717, 0.0018988970730897134, -0.007596316576657195], [0.006495578810765325, -0.007596316576657192, 0.15916331841309528]], "chi2_level": 0.99, "chi2_df": 3, "chi2_threshold": 11.344866730144373, "N_raw": 12, "N_roi": 12, "N_inlier": 12, "refit": true}
