{"timestamp": "14:30:35.291616", "frame": 1, "mu": [1.1151537620606298, 0.7727498983052687, 1.4853720152095289], "Sigma": [[0.12262909525971688, 0.08106627295722041, -0.03738305336199493], [0.08106627295722041, 0.053945106581760896, -0.025088872794611736], [-0.03738305336199493, -0.02508887279461174, 0.013604063189555742]], "chi2_level": 0.99, "chi2_df": 3, "chi2_threshold": 11.344866730144373, "N_raw": 6, "N_roi": 6, "N_inlier": 6, "refit": true}
{"timestamp": "14:30:35.347528", "frame": 2, "mu": [1.219791635463456, 0.8301803439796838, 1.5025371949268906], "Sigma": [[0.002199538277345797, 0.00013104009465631094, -0.0017585176662248145], [0.00013104009465631097, 0.0025289965732905196, -0.0013080364192103347], [-0.0017585176662248145, -0.0013080364192103347, 0.0022943001573854462]], "chi2_level": 0.99, "chi2_df": 3, "chi2_threshold": 11.344866730144373, "N_raw": 15, "N_roi": 15, "N_inlier": 14, "refit": true}
{"timestamp": "14:30:35.402787", "frame": 3, "mu": [1.2502445657473542, 0.8508148293231005, 1.4489794295850678], "Sigma": [[0.0044892555375184925, -0.0018899806934972552, -0.002972856929104687], [-0.0018899806934972552, 0.003517886726402961, -0.0005549625303813508], [-0.002972856929104687, -0.0005549625303813509, 0.003484520291494012]], "chi2_level": 0.99, "chi2_df": 3, "chi2_threshold": 11.344866730144373, "N_raw": 17, "N_roi": 17, "N_inlier": 14, "refit": true}
{"timestamp": "14:30:35.456682", "frame": 4, "mu": [1.0837578063231286, 0.8933196965823121, 1.496884130337585], "Sigma": [[0.10563610642616399, 0.07514369611939009, -0.07374223583493716], [0.0751436961193901, 0.05549452904099625, -0.050650056279809], [-0.07374223583493716, -0.050650056279809, 0.054136583486583435]], "chi2_level": 0.99, "chi2_df": 3, "chi2_threshold": 11.344866730144373, "N_raw": 6, "N_roi": 6, "N_inlier": 6, "refit": true}
{"timestamp": "14:30:35.511830", "frame": 5, "mu": [1.2226223208233016, 1.022452611726916, 1.2700316550501392], "Sigma": [[0.006809034972379209, -0.0033104034747246853, -0.01582558001084944], [-0.0033104034747246853, 0.004733908570346038, 0.009069705825868869], [-0.01582558001084944, 0.009069705825868869, 0.03840176011463262]], "chi2_level": 0.99, "chi2_df": 3, "chi2_threshold": 11.344866730144373, "N_raw": 7, "N_roi": 7, "N_inlier": 7, "refit": true}
{"timestamp": "14:30:35.568392", "frame": 6, "mu": [1.3560058523910272, 1.0337431207750196, 0.9215466225799942], "Sigma": [[0.017559972902499374, 0.0036161805368372883, -0.06478039128576801], [0.0036161805368372883, 0.006840858395309766, -0.02770233540852745], [-0.06478039128576801, -0.02770233540852745, 0.3202777360961448]], "chi2_level": 0.99, "chi2_df": 3, "chi2_threshold": 11.344866730144373, "N_raw": 11, "N_roi": 11, "N_inlier": 10, "refit": true}
{"timestamp": "14:30:35.623797", "frame": 7, "mu": [1.20400806498138, 1.0354533675481052, 1.3782652705870042], "Sigma": [[0.011073971812785181, -0.009085305757252343, -0.03445960711292524], [-0.009085305757252339, 0.012132135911077464, 0.0389618493013229], [-0.03445960711292524, 0.0389618493013229, 0.1615095271004431]], "chi2_level": 0.99, "chi2_df": 3, "chi2_threshold": 11.344866730144373, "N_raw": 18, "N_roi": 18, "N_inlier": 17, "refit": true}
{"timestamp": "14:30:35.679363", "frame": 8, "mu": [1.1511599905983072, 1.1358102662047211, 1.5477979640269806], "Sigma": [[0.004272776778922898, -0.0018966463005566498, -0.003172290845182657], [-0.00189664630055665, 0.0033628853645896748, 0.001796914881503735], [-0.003172290845182657, 0.001796914881503735, 0.004131334474436292]], "chi2_level": 0.99, "chi2_df": 3, "chi2_threshold": 11.344866730144373, "N_raw": 23, "N_roi": 23, "N_inlier": 20, "refit": true}
{"timestamp": "14:30:35.735926", "frame": 9, "mu": [1.1604140870343966, 1.1507981158397416, 1.5012020249792206], "Sigma": [[0.003396106649069172, -0.0004582029112090285, -0.0021467246628405403], [-0.00045820291120902837, 0.0022574259308662296, -0.00048219582833357603], [-0.0021467246628405403, -0.0004821958283335761, 0.0019951773321911486]], "chi2_level": 0.99, "chi2_df": 3, "chi2_threshold": 11.344866730144373, "N_raw": 23, "N_roi": 23, "N_inlier": 22, "refit": true}
{"timestamp": "14:30:35.790445", "frame": 10, "mu": [1.36251961114391, 1.0587134938925093, 0.9685915368895172], "Sigma": [[0.029144792397968744, -0.012312421025851596, -0.11030908964585219], [-0.012312421025851596, 0.021445206155526142, 0.05152125139689338], [-0.11030908964585219, 0.05152125139689338, 0.4618174747326624]], "chi2_level": 0.99, "chi2_df": 3, "chi2_threshold": 11.344866730144373, "N_raw": 12, "N_roi": 12, "N_inlier": 12, "refit": true}
{"timestamp": "14:30:35.849222", "frame": 11, "mu": [1.2095512818376792, 1.1660218861047023, 1.46993948140874], "Sigma": [[0.005925473017975229, -0.00045627953037151686, -0.004281437877246585], [-0.00045627953037151686, 0.0029903551434605816, -0.0013416878794896248], [-0.004281437877246585, -0.0013416878794896248, 0.006195470062969434]], "chi2_level": 0.99, "chi2_df": 3, "chi2_threshold": 11.344866730144373, "N_raw": 42, "N_roi": 42, "N_inlier": 40, "refit": true}
{"timestamp": "14:30:35.906418", "frame": 12, "mu": [1.2622626374439139, 1.259547292189768, -0.23935524848156212], "Sigma": [[0.007039855358233691, -0.0012792262920042236, -0.006288400584762106], [-0.0012792262920042238, 0.004978959764342309, -0.001484346706536651], [-0.006288400584762106, -0.0014843467065366507, 0.0076253355201857985]], "chi2_level": 0.99, "chi2_df": 3, "chi2_threshold": 11.344866730144373, "N_raw": 47, "N_roi": 47, "N_inlier": 46, "refit": true}
{"timestamp": "14:30:35.958939", "frame": 13, "mu": [1.275614370544904, 1.1612523195507316, 1.4267058586635368], "Sigma": [[0.0071955503086649246, -0.0022115160217046227, -0.0032375006202560227], [-0.0022115160217046227, 0.004287408920786749, -0.0002598373760989848], [-0.003237500620256022, -0.00025983737609898487, 0.0023339894477000314]], "chi2_level": 0.99, "chi2_df": 3, "chi2_threshold": 11.344866730144373, "N_raw": 38, "N_roi": 38, "N_inlier": 38, "refit": true}
{"timestamp": "14:30:36.010223", "frame": 14, "mu": [1.299994783064722, 1.1235917551797836, 1.2006545501931447], "Sigma": [[0.024288012580450442, -0.007024634799284614, -0.09121648943672334], [-0.007024634799284614, 0.003679747856162536, 0.033119160393432864], [-0.09121648943672334, 0.033119160393432864, 0.41124421864019806]], "chi2_level": 0.99, "chi2_df": 3, "chi2_threshold": 11.344866730144373, "N_raw": 11, "N_roi": 11, "N_inlier": 10, "refit": true}
{"timestamp": "14:30:36.064994", "frame": 15, "mu": [1.3169422589276307, 1.1838046914773896, 1.2971326820974216], "Sigma": [[0.009444023599091625, -0.001151957489864332, -0.009820074563960437], [-0.001151957489864332, 0.009614472747443883, -0.012680467217436339], [-0.009820074563960437, -0.01268046721743634, 0.03927885104619334]], "chi2_level": 0.99, "chi2_df": 3, "chi2_threshold": 11.344866730144373, "N_raw": 15, "N_roi": 15, "N_inlier": 15, "refit": true}
{"timestamp": "14:30:36.119095", "frame": 16, "mu": [1.3749081200521012, 1.112885731127976, 1.0419026375048162], "Sigma": [[0.0005234695875649993, 0.001372138368498042, -0.0028460474065399267], [0.0013721383684980422, 0.006289614555771374, -0.007697003722815182], [-0.0028460474065399267, -0.007697003722815183, 0.05077634238943531]], "chi2_level": 0.99, "chi2_df": 3, "chi2_threshold": 11.344866730144373, "N_raw": 6, "N_roi": 6, "N_inlier": 6, "refit": true}
{"timestamp": "14:30:36.177703", "frame": 17, "mu": [1.1936081034490031, 1.1566386687323618, 1.4220977186838477], "Sigma": [[0.005553248214602313, -0.0031330913095747267, -0.004616965512033911], [-0.0031330913095747263, 0.0032875155589009867, 0.0015843489442938557], [-0.004616965512033911, 0.001584348944293856, 0.004984187813056629]], "chi2_level": 0.99, "chi2_df": 3, "chi2_threshold": 11.344866730144373, "N_raw": 27, "N_roi": 27, "N_inlier": 25, "refit": true}
{"timestamp": "14:30:36.234100", "frame": 18, "mu": [1.1450158933031984, 1.1934081570494626, 1.4899938630932248], "Sigma": [[0.006193419209230599, -0.001487616355967183, -0.0036629845971427443], [-0.001487616355967183, 0.003728935540988895, 0.00035778842700196476], [-0.0036629845971427443, 0.00035778842700196476, 0.0027836135824540224]], "chi2_level": 0.99, "chi2_df": 3, "chi2_threshold": 11.344866730144373, "N_raw": 41, "N_roi": 41, "N_inlier": 37, "refit": true}
{"timestamp": "14:30:36.289127", "frame": 19, "mu": [1.0998335796122074, 1.1991600862166685, 1.4744785692772573], "Sigma": [[0.005938494382151787, -0.0022476444435159406, -0.0036422413912261934], [-0.0022476444435159406, 0.004458689878520888, 0.0008115957176784112], [-0.003642241391226194, 0.0008115957176784112, 0.002696312414128478]], "chi2_level": 0.99, "chi2_df": 3, "chi2_threshold": 11.344866730144373, "N_raw": 39, "N_roi": 39, "N_inlier": 37, "refit": true}
{"timestamp": "14:30:36.344172", "frame": 20, "mu": [1.1670176882393402, 1.1644529947023665, 1.2585850038170254], "Sigma": [[0.019580581828052404, -0.008579722089697744, -0.03539742341711104], [-0.008579722089697742, 0.005552410245775416, 0.016844347218246868], [-0.03539742341711104, 0.016844347218246868, 0.07929770445838083]], "chi2_level": 0.99, "chi2_df": 3, "chi2_threshold": 11.344866730144373, "N_raw": 35, "N_roi": 35, "N_inlier": 33, "refit": true}
{"timestamp": "14:30:36.397608", "frame": 21, "mu": [1.0763392314515137, 1.2086701861413263, 1.4058846571300172], "Sigma": [[0.010319211800138115, -0.0064671916943257485, -0.018635028719348204], [-0.0064671916943257485, 0.006474225857947792, 0.013156206105939785], [-0.018635028719348204, 0.013156206105939785, 0.04110583217970596]], "chi2_level": 0.99, "chi2_df": 3, "chi2_threshold": 11.344866730144373, "N_raw": 24, "N_roi": 24, "N_inlier": 21, "refit": true}
{"timestamp": "14:30:36.449231", "frame": 22, "mu": [1.1068417094863168, 1.1985005054879658, 1.2849102444599803], "Sigma": [[0.027256373147578054, -0.0053722257112494955, -0.04865722060996935], [-0.005372225711249496, 0.002158469880599475, 0.012101300633117392], [-0.04865722060996935, 0.012101300633117392, 0.1556803280337846]], "chi2_level": 0.99, "chi2_df": 3, "chi2_threshold": 11.344866730144373, "N_raw": 7, "N_roi": 7, "N_inlier": 7, "refit": true}
{"timestamp": "14:30:36.503743", "frame": 23, "mu": [1.0932114043148855, 1.1811952704644195, 0.8821586214584213], "Sigma": [[0.016482314638589405, -0.010738421279681346, -0.05106719839111629], [-0.010738421279681346, 0.010523352209367405, 0.02605936720003791], [-0.05106719839111629, 0.026059367200037906, 0.4323642114503844]], "chi2_level": 0.99, "chi2_df": 3, "chi2_threshold": 11.344866730144373, "N_raw": 10, "N_roi": 10, "N_inlier": 10, "refit": true}
{"timestamp": "14:30:36.560036", "frame": 24, "mu": [1.0953986437946992, 1.1720465756209308, 0.9599131323088395], "Sigma": [[0.0625565775323762, -0.03447316342497275, -0.1680874319600369], [-0.03447316342497275, 0.02045016930633503, 0.09439268793888202], [-0.16808743196003692, 0.09439268793888202, 0.4684117408570199]], "chi2_level": 0.99, "chi2_df": 3, "chi2_threshold": 11.344866730144373, "N_raw": 12, "N_roi": 12, "N_inlier": 12, "refit": true}
{"timestamp": "14:30:36.617678", "frame": 25, "mu": [0.8950158697965257, 1.3653468656975283, -0.1978584235281538], "Sigma": [[0.004464969683009977, 5.151482697373944e-05, -0.004465987712018762], [5.1514826973739496e-05, 0.0028211509950991217, 0.0011907636730729555], [-0.004465987712018762, 0.0011907636730729555, 0.008933945366919173]], "chi2_level": 0.99, "chi2_df": 3, "chi2_threshold": 11.344866730144373, "N_raw": 34, "N_roi": 34, "N_inlier": 30, "refit": true}
{"timestamp": "14:30:36.670783", "frame": 26, "mu": [1.0403158602838087, 1.0668855176150596, 0.9614756377146846], "Sigma": [[0.028480380163661462, -0.019489262767481703, -0.08873371054856946], [-0.019489262767481703, 0.014899813775601529, 0.06892787334227334], [-0.08873371054856946, 0.06892787334227334, 0.3306811575317719]], "chi2_level": 0.99, "chi2_df": 3, "chi2_threshold": 11.344866730144373, "N_raw": 9, "N_roi": 9, "N_inlier": 8, "refit": true}
{"timestamp": "14:30:36.729124", "frame": 27, "mu": [0.8609993995561419, 1.2731238106245024, 1.4100006763526711], "Sigma": [[0.005739226765529299, -0.0020057516830386556, -0.004922614228942127], [-0.0020057516830386556, 0.002614771738830085, 0.0006959486424383752], [-0.004922614228942127, 0.0006959486424383753, 0.006152478334339498]], "chi2_level": 0.99, "chi2_df": 3, "chi2_threshold": 11.344866730144373, "N_raw": 42, "N_roi": 42, "N_inlier": 38, "refit": true}
{"timestamp": "14:30:36.789676", "frame": 28, "mu": [0.8728665581646998, 1.2533132221916543, 1.3084653914462452], "Sigma": [[0.013607568436908404, -0.0069533718798997154, -0.02868459354880865], [-0.0069533718798997154, 0.007416136766502241, 0.01889265604619087], [-0.028684593548808646, 0.018892656046190875, 0.10189367375179745]], "chi2_level": 0.99, "chi2_df": 3, "chi2_threshold": 11.344866730144373, "N_raw": 84, "N_roi": 84, "N_inlier": 80, "refit": true}
{"timestamp": "14:30:36.843060", "frame": 29, "mu": [0.8246581942640107, 1.249759769622258, 0.9472689943451329], "Sigma": [[0.01332098196097369, -0.0034844081458813925, -0.06077016329421221], [-0.0034844081458813925, 0.024388988925426347, 0.05029175395269274], [-0.06077016329421221, 0.05029175395269274, 0.43977547373679987]], "chi2_level": 0.99, "chi2_df": 3, "chi2_threshold": 11.344866730144373, "N_raw": 64, "N_roi": 64, "N_inlier": 63, "refit": true}
{"timestamp": "14:30:36.900373", "frame": 30, "mu": [0.7676055420670312, 1.3569569297259119, -0.10857840091458308], "Sigma": [[0.00692803545046065, -0.0022416402192087966, 0.0179283065710168], [-0.0022416402192087966, 0.009945353857147236, -0.05613204107120847], [0.017928306571016798, -0.05613204107120847, 0.47289717512775215]], "chi2_level": 0.99, "chi2_df": 3, "chi2_threshold": 11.344866730144373, "N_raw": 84, "N_roi": 84, "N_inlier": 81, "refit": true}
{"timestamp": "14:30:36.950670", "frame": 31, "mu": [0.6629302533894286, 1.2514485597454974, 1.3405961185276432], "Sigma": [[0.011604350931134105, -0.005865890356640129, -0.03745946318157994], [-0.005865890356640129, 0.006275947081016342, 0.022679179792445287], [-0.03745946318157994, 0.022679179792445287, 0.16541569169963297]], "chi2_level": 0.99, "chi2_df": 3, "chi2_threshold": 11.344866730144373, "N_raw": 49, "N_roi": 49, "N_inlier": 45, "refit": true}
{"timestamp": "14:30:37.008773", "frame": 32, "mu": [0.6150149419384546, 1.2335446511932326, 1.0562102717689192], "Sigma": [[0.014936294445779092, 0.0010185957977382246, 0.05578837254450906], [0.0010185957977382246, 0.0029509363193146836, 0.013720290076548722], [0.05578837254450906, 0.013720290076548722, 0.35809805590156896]], "chi2_level": 0.99, "chi2_df": 3, "chi2_threshold": 11.344866730144373, "N_raw": 67, "N_roi": 67, "N_inlier": 64, "refit": true}
{"timestamp": "14:30:37.064688", "frame": 33, "mu": [0.5143730317009174, 1.3005450340293156, 1.1135579770574013], "Sigma": [[0.01935205586616435, -0.0034017942045903708, 0.05316525277719366], [-0.0034017942045903703, 0.0038847879511562395, -0.010403861900527295], [0.05316525277719365, -0.010403861900527295, 0.2422264244198106]], "chi2_level": 0.99, "chi2_df": 3, "chi2_threshold": 11.344866730144373, "N_raw": 77, "N_roi": 77, "N_inlier": 74, "refit": true}
{"timestamp": "14:30:37.119086", "frame": 34, "mu": [0.4443237016530123, 1.4139059958689015, -0.3608209518370872], "Sigma": [[0.006447356331587718, -0.00037800913721451916, -0.014686126910101193], [-0.0003780091372145192, 0.003871901949249929, -0.0010140114375539033], [-0.014686126910101191, -0.0010140114375539033, 0.042675252911607994]], "chi2_level": 0.99, "chi2_df": 3, "chi2_threshold": 11.344866730144373, "N_raw": 67, "N_roi": 67, "N_inlier": 61, "refit": true}
{"timestamp": "14:30:37.176318", "frame": 35, "mu": [0.43964152414786933, 1.2421296806321036, 1.2343084968369074], "Sigma": [[0.010548314580080598, -0.0043639218822042565, -0.018521297246355158], [-0.0043639218822042565, 0.002961067936473419, 0.006651981318135032], [-0.018521297246355158, 0.006651981318135032, 0.04177526623271199]], "chi2_level": 0.99, "chi2_df": 3, "chi2_threshold": 11.344866730144373, "N_raw": 82, "N_roi": 82, "N_inlier": 76, "refit": true}
{"timestamp": "14:30:37.229695", "frame": 36, "mu": [0.3535026581261678, 1.375116662055144, -0.29179903170383653], "Sigma": [[0.004633343704870333, -0.0003581929887283818, -0.0037832539415219545], [-0.00035819298872838174, 0.00871282484323964, -0.015620988188806171], [-0.0037832539415219545, -0.015620988188806171, 0.07180374109098248]], "chi2_level": 0.99, "chi2_df": 3, "chi2_threshold": 11.344866730144373, "N_raw": 71, "N_roi": 69, "N_inlier": 65, "refit": true}
{"timestamp": "14:30:37.280120", "frame": 37, "mu": [0.3058589904352883, 1.2748549151910629, 1.294507537076922], "Sigma": [[0.002464194975295883, -0.0018886222674263427, -0.002585988016790994], [-0.0018886222674263425, 0.004076076128788687, 0.004442992903243816], [-0.002585988016790994, 0.0044429929032438155, 0.10164952504479986]], "chi2_level": 0.99, "chi2_df": 3, "chi2_threshold": 11.344866730144373, "N_raw": 44, "N_roi": 44, "N_inlier": 40, "refit": true}
{"timestamp": "14:30:37.331226", "frame": 38, "mu": [0.25828589443662797, 1.2127216548295214, 0.8063983393053202], "Sigma": [[0.001793928309021541, -0.0035280811264733073, 6.856296295523322e-05], [-0.0035280811264733073, 0.015202287677987493, -0.049322531783683135], [6.856296295523279e-05, -0.049322531783683135, 0.40541084482281736]], "chi2_level": 0.99, "chi2_df": 3, "chi2_threshold": 11.344866730144373, "N_raw": 18, "N_roi": 18, "N_inlier": 18, "refit": true}
{"timestamp": "14:30:37.391264", "frame": 39, "mu": [0.15107123653620103, 1.2719598946431887, 0.9448099632841478], "Sigma": [[0.0068075545972331826, -0.005567678183161276, -0.04289540149824796], [-0.005567678183161276, 0.009064510399603161, 0.057887106037741325], [-0.04289540149824796, 0.05788710603774132, 0.505831224891644]], "chi2_level": 0.99, "chi2_df": 3, "chi2_threshold": 11.344866730144373, "N_raw": 53, "N_roi": 53, "N_inlier": 52, "refit": true}
{"timestamp": "14:30:37.443213", "frame": 40, "mu": [0.05137938446131356, 1.3468468240839688, 1.1445006138945069], "Sigma": [[0.0037395706350124994, -0.0014505923395694035, 0.0189718624025743], [-0.0014505923395694035, 0.005625087401030434, -0.007444898459090759], [0.0189718624025743, -0.007444898459090759, 0.20208884377901495]], "chi2_level": 0.99, "chi2_df": 3, "chi2_threshold": 11.344866730144373, "N_raw": 33, "N_roi": 31, "N_inlier": 30, "refit": true}
{"timestamp": "14:30:37.508399", "frame": 41, "mu": [0.04788806885180715, 1.2545317326074366, 1.2906353097343046], "Sigma": [[0.006373787913801442, -0.001775946449824459, -0.0150559994822328], [-0.001775946449824459, 0.0037277629337613078, 0.0031986064926161533], [-0.0150559994822328, 0.0031986064926161537, 0.06411777250025386]], "chi2_level": 0.99, "chi2_df": 3, "chi2_threshold": 11.344866730144373, "N_raw": 102, "N_roi": 102, "N_inlier": 98, "refit": true}
{"timestamp": "14:30:37.568144", "frame": 42, "mu": [0.0033254590544218128, 1.287907056379707, 0.12139455235851776], "Sigma": [[0.014019290503062108, -0.010107715762191022, 0.02443080056744527], [-0.010107715762191022, 0.014009620857239826, -0.047798027604687474], [0.02443080056744527, -0.047798027604687474, 0.3515407304757103]], "chi2_level": 0.99, "chi2_df": 3, "chi2_threshold": 11.344866730144373, "N_raw": 127, "N_roi": 127, "N_inlier": 126, "refit": true}
{"timestamp": "14:30:37.616806", "frame": 43, "mu": [-0.1286003780996938, 1.2843534167396453, 1.4464544029758852], "Sigma": [[0.005211521439037115, -0.0019240209457961363, -0.004618714713329725], [-0.0019240209457961363, 0.006690211502958513, -0.0003675351588347662], [-0.004618714713329725, -0.00036753515883476614, 0.005766887916853649]], "chi2_level": 0.99, "chi2_df": 3, "chi2_threshold": 11.344866730144373, "N_raw": 81, "N_roi": 81, "N_inlier": 76, "refit": true}
{"timestamp": "14:30:37.675947", "frame": 44, "mu": [-0.14277754622120484, 1.3008083715826202, 1.1515041979047027], "Sigma": [[0.0074891188262188125, 0.004505630538276701, -0.02114925443846008], [0.004505630538276701, 0.014084434464225979, -0.02325915790133379], [-0.02114925443846008, -0.02325915790133379, 0.10076632789605745]], "chi2_level": 0.99, "chi2_df": 3, "chi2_threshold": 11.344866730144373, "N_raw": 117, "N_roi": 117, "N_inlier": 113, "refit": true}
{"timestamp": "14:30:37.728430", "frame": 45, "mu": [-0.2548041195994254, 1.2948048484766599, 1.3644097888053848], "Sigma": [[0.0046949862426835355, -0.0028607864655775745, -0.007585387416212045], [-0.002860786465577574, 0.006802354675289803, 0.0032960745165563554], [-0.007585387416212045, 0.003296074516556356, 0.03544551627051288]], "chi2_level": 0.99, "chi2_df": 3, "chi2_threshold": 11.344866730144373, "N_raw": 96, "N_roi": 96, "N_inlier": 92, "refit": true}
{"timestamp": "14:30:37.783035", "frame": 46, "mu": [-0.3171950152071272, 1.391425317677207, -0.3469309599931871], "Sigma": [[0.0036947591968445916, -0.0006145460773822741, -0.006545724188836781], [-0.000614546077382274, 0.009069914935667089, -8.576906893865662e-07], [-0.006545724188836781, -8.576906893865933e-07, 0.05510815682764576]], "chi2_level": 0.99, "chi2_df": 3, "chi2_threshold": 11.344866730144373, "N_raw": 98, "N_roi": 96, "N_inlier": 93, "refit": true}
{"timestamp": "14:30:37.841623", "frame": 47, "mu": [-0.3776490634810258, 1.43066223480338, -0.3439091715701422], "Sigma": [[0.0068784564552479685, 0.0040636113480782676, -0.013198232594853313], [0.0040636113480782676, 0.013755694340739128, -0.008392848730868312], [-0.013198232594853313, -0.008392848730868312, 0.053637387650507774]], "chi2_level": 0.99, "chi2_df": 3, "chi2_threshold": 11.344866730144373, "N_raw": 116, "N_roi": 116, "N_inlier": 112, "refit": true}
{"timestamp": "14:30:37.895401", "frame": 48, "mu": [-0.4345025621526782, 1.2669026914542987, 1.3293451062779116], "Sigma": [[0.006773298312621464, -0.005437651171776407, -0.011794706316208933], [-0.005437651171776407, 0.01875780609035734, 0.01767631859593201], [-0.011794706316208933, 0.01767631859593201, 0.05250373795893758]], "chi2_level": 0.99, "chi2_df": 3, "chi2_threshold": 11.344866730144373, "N_raw": 114, "N_roi": 114, "N_inlier": 110, "refit": true}
{"timestamp": "14:30:37.948941", "frame": 49, "mu": [-0.4885220447935551, 1.1915477716480516, 1.2363604929187917], "Sigma": [[0.005794019368211281, 0.0024397684009384753, -0.005826634257794752], [0.0024397684009384757, 0.013174636050632009, -0.006204566158645384], [-0.0058266342577947515, -0.006204566158645385, 0.018658993951672496]], "chi2_level": 0.99, "chi2_df": 3, "chi2_threshold": 11.344866730144373, "N_raw": 99, "N_roi": 99, "N_inlier": 95, "refit": true}
{"timestamp": "14:30:37.999746", "frame": 50, "mu": [-0.627901874100153, 1.3690195330024557, -0.21134532993034344], "Sigma": [[0.0065486168492260325, -0.0025337696858598715, -0.006831905323116005], [-0.0025337696858598715, 0.007525960126803201, 0.0038976430947589803], [-0.006831905323116005, 0.0038976430947589803, 0.011873343696307935]], "chi2_level": 0.99, "chi2_df": 3, "chi2_threshold": 11.344866730144373, "N_raw": 67, "N_roi": 67, "N_inlier": 62, "refit": true}
{"timestamp": "14:30:38.056706", "frame": 51, "mu": [-0.6673510407596502, 1.345756766332497, 1.324052037795973], "Sigma": [[0.00615533033470531, -0.0012019173419737963, -0.01299461724869144], [-0.0012019173419737963, 0.005935224005503963, 0.005431302822811165], [-0.01299461724869144, 0.005431302822811165, 0.06355268075082121]], "chi2_level": 0.99, "chi2_df": 3, "chi2_threshold": 11.344866730144373, "N_raw": 93, "N_roi": 93, "N_inlier": 89, "refit": true}
{"timestamp": "14:30:38.112282", "frame": 52, "mu": [-0.7781778127220089, 1.3694017436572525, -0.04953331784155231], "Sigma": [[0.012549006998310696, 0.004344163465331491, 0.010072994694538432], [0.004344163465331491, 0.012448861007584923, 0.00012178433048192302], [0.010072994694538432, 0.0001217843304819215, 0.16701234672617288]], "chi2_level": 0.99, "chi2_df": 3, "chi2_threshold": 11.344866730144373, "N_raw": 88, "N_roi": 88, "N_inlier": 80, "refit": true}
{"timestamp": "14:30:38.163706", "frame": 53, "mu": [-0.9109034435250456, 1.2934490075480933, 1.467808178235031], "Sigma": [[0.030592215088164607, 0.0217485856126238, -0.02964438581161792], [0.021748585612623803, 0.02754360905473683, -0.0198422551250923], [-0.029644385811617917, -0.0198422551250923, 0.03813807159015051]], "chi2_level": 0.99, "chi2_df": 3, "chi2_threshold": 11.344866730144373, "N_raw": 65, "N_roi": 65, "N_inlier": 62, "refit": true}
{"timestamp": "14:30:38.219002", "frame": 54, "mu": [-0.8984891016872489, 1.4481744095718718, -0.5442608904319408], "Sigma": [[0.06825079905763812, 0.055797490250957434, -0.128493024801285], [0.055797490250957434, 0.05122133856843526, -0.11359609501508358], [-0.12849302480128502, -0.11359609501508358, 0.36068400675657647]], "chi2_level": 0.99, "chi2_df": 3, "chi2_threshold": 11.344866730144373, "N_raw": 72, "N_roi": 72, "N_inlier": 70, "refit": true}
{"timestamp": "14:30:38.276212", "frame": 55, "mu": [-0.9719907752923376, 1.2317069638226312, 0.9888489352848453], "Sigma": [[0.07295540637662959, 0.03657919286008934, -0.12991555833412624], [0.03657919286008934, 0.02836493446487756, -0.05759139058902276], [-0.12991555833412627, -0.05759139058902275, 0.3397924318376789]], "chi2_level": 0.99, "chi2_df": 3, "chi2_threshold": 11.344866730144373, "N_raw": 86, "N_roi": 86, "N_inlier": 86, "refit": true}
{"timestamp": "14:30:38.340955", "frame": 56, "mu": [-1.1878282683419852, 1.2312823824943684, 1.4288152157460292], "Sigma": [[0.04567648518572748, 0.03142317368018507, -0.059883990795070854], [0.03142317368018507, 0.03484290455281306, -0.040002978200861454], [-0.059883990795070854, -0.040002978200861454, 0.1879200230441553]], "chi2_level": 0.99, "chi2_df": 3, "chi2_threshold": 11.344866730144373, "N_raw": 150, "N_roi": 150, "N_inlier": 150, "refit": true}
{"timestamp": "14:30:38.384994", "frame": 57, "mu": [-1.2363457973216692, 1.2815491318996528, 1.2773694653597607], "Sigma": [[0.04661130721945392, 0.036270720108124974, -0.0817545955808125], [0.036270720108124974, 0.036644346622794824, -0.08698703937036424], [-0.0817545955808125, -0.08698703937036424, 0.29300423144804355]], "chi2_level": 0.99, "chi2_df": 3, "chi2_threshold": 11.344866730144373, "N_raw": 73, "N_roi": 73, "N_inlier": 72, "refit": true}
{"timestamp": "14:30:38.449810", "frame": 58, "mu": [-1.202102419279493, 1.4153176871530422, -0.2549496909380034], "Sigma": [[0.07172863037609573, 0.05287139392112038, -0.05527823693710796], [0.05287139392112038, 0.047874493281543216, -0.04408182463904937], [-0.05527823693710796, -0.04408182463904937, 0.06836132874053207]], "chi2_level": 0.99, "chi2_df": 3, "chi2_threshold": 11.344866730144373, "N_raw": 150, "N_roi": 150, "N_inlier": 148, "refit": true}
{"timestamp": "14:30:38.506460", "frame": 59, "mu": [-1.3634494470770253, 1.32694426012808, 1.5539919179242134], "Sigma": [[0.04172481279601032, 0.032618565997993, -0.022342461118138895], [0.032618565997993, 0.03861858466580896, -0.0180949060452366], [-0.022342461118138895, -0.0180949060452366, 0.013009500430879346]], "chi2_level": 0.99, "chi2_df": 3, "chi2_threshold": 11.344866730144373, "N_raw": 149, "N_roi": 149, "N_inlier": 147, "refit": true}
{"timestamp": "14:30:38.556171", "frame": 60, "mu": [-1.3252392699112112, 1.3854226665176537, 1.4728999540506242], "Sigma": [[0.09903452132782972, 0.07167543652505796, -0.0722094761480066], [0.07167543652505796, 0.061394686788800834, -0.04270313826104656], [-0.0722094761480066, -0.04270313826104656, 0.0985062503054017]], "chi2_level": 0.99, "chi2_df": 3, "chi2_threshold": 11.344866730144373, "N_raw": 112, "N_roi": 112, "N_inlier": 107, "refit": true}
{"timestamp": "14:30:38.615138", "frame": 61, "mu": [-1.4714363427050112, 1.4446293245658914, -0.10087376920931071], "Sigma": [[0.06552973739685511, 0.053689891100800136, -0.03900340681757242], [0.053689891100800136, 0.05842894470064153, -0.015964948447547093], [-0.03900340681757242, -0.015964948447547093, 0.0676727760397278]], "chi2_level": 0.99, "chi2_df": 3, "chi2_threshold": 11.344866730144373, "N_raw": 141, "N_roi": 141, "N_inlier": 139, "refit": true}
{"timestamp": "14:30:38.666297", "frame": 62, "mu": [-1.4633236987782277, 1.5508572516024157, -0.0729564475767694], "Sigma": [[0.05609070652056947, 0.054795796086502105, -0.0353313182122132], [0.054795796086502105, 0.06552291755528195, -0.03583736630007524], [-0.0353313182122132, -0.03583736630007524, 0.0272421705360747]], "chi2_level": 0.99, "chi2_df": 3, "chi2_threshold": 11.344866730144373, "N_raw": 112, "N_roi": 112, "N_inlier": 110, "refit": true}
{"timestamp": "14:30:38.722272", "frame": 63, "mu": [-1.42108196710473, 1.6550630697316095, -0.460267341111404], "Sigma": [[0.11520256476185292, 0.08651391028444701, -0.11257052965147143], [0.08651391028444701, 0.0756227185286055, -0.08804514791123344], [-0.11257052965147145, -0.08804514791123344, 0.29486144676826004]], "chi2_level": 0.99, "chi2_df": 3, "chi2_threshold": 11.344866730144373, "N_raw": 123, "N_roi": 123, "N_inlier": 122, "refit": true}
{"timestamp": "14:30:38.774445", "frame": 64, "mu": [-1.356018021430756, 1.6497174718754486, 1.178474865057023], "Sigma": [[0.10304985463632803, 0.0634181642717625, -0.09832486127162815], [0.0634181642717625, 0.04372596681468256, -0.06447074507882844], [-0.09832486127162815, -0.06447074507882844, 0.11537901228427486]], "chi2_level": 0.99, "chi2_df": 3, "chi2_threshold": 11.344866730144373, "N_raw": 102, "N_roi": 101, "N_inlier": 98, "refit": true}
{"timestamp": "14:30:38.829249", "frame": 65, "mu": [-1.2562500186289938, 1.8594853598535077, 1.3285199051667647], "Sigma": [[0.05190406033983569, 0.028573256986257466, -0.040206421285765244], [0.028573256986257466, 0.023304701521907084, -0.031520446570663635], [-0.040206421285765244, -0.031520446570663635, 0.0592898816603396]], "chi2_level": 0.99, "chi2_df": 3, "chi2_threshold": 11.344866730144373, "N_raw": 98, "N_roi": 98, "N_inlier": 92, "refit": true}
{"timestamp": "14:30:38.882128", "frame": 66, "mu": [-1.2520934116393312, 1.9593754028500248, 1.2946501839651487], "Sigma": [[0.01893061247083852, 0.0014321014984676277, 0.01090871719532505], [0.0014321014984676277, 0.006776993273758893, 0.004305537019360141], [0.01090871719532505, 0.004305537019360142, 0.08216673989245157]], "chi2_level": 0.99, "chi2_df": 3, "chi2_threshold": 11.344866730144373, "N_raw": 91, "N_roi": 91, "N_inlier": 81, "refit": true}
{"timestamp": "14:30:38.933740", "frame": 67, "mu": [-1.3155368025053475, 2.008587393949348, -0.017679660621312324], "Sigma": [[0.01204061084270284, -0.000523731657932629, -0.003802307065582773], [-0.0005237316579326293, 0.006845186813726264, -0.003267076549516314], [-0.003802307065582773, -0.003267076549516314, 0.016835016687540963]], "chi2_level": 0.99, "chi2_df": 3, "chi2_threshold": 11.344866730144373, "N_raw": 60, "N_roi": 60, "N_inlier": 55, "refit": true}
{"timestamp": "14:30:38.986498", "frame": 68, "mu": [-1.3381783394382671, 2.1156377921411993, -0.4356734335533102], "Sigma": [[0.015527954715306791, 0.002740282140724453, 0.002335666736055734], [0.002740282140724453, 0.004986559407378422, 0.003634725152790904], [0.0023356667360557334, 0.003634725152790905, 0.026788613859686547]], "chi2_level": 0.99, "chi2_df": 3, "chi2_threshold": 11.344866730144373, "N_raw": 58, "N_roi": 58, "N_inlier": 54, "refit": true}
{"timestamp": "14:30:39.037373", "frame": 69, "mu": [-1.6260237806556823, 1.9888430060838922, -0.05075249454519737], "Sigma": [[0.08115417088212692, 0.0686357726873206, 0.00368659111953033], [0.0686357726873206, 0.0719755795431129, 0.003954812953991442], [0.00368659111953033, 0.003954812953991442, 0.030659812820391347]], "chi2_level": 0.99, "chi2_df": 3, "chi2_threshold": 11.344866730144373, "N_raw": 25, "N_roi": 25, "N_inlier": 23, "refit": true}
{"timestamp": "14:30:39.090194", "frame": 70, "mu": [-1.3421139980841053, 2.1222385168124096, 1.3124181138369984], "Sigma": [[0.0014572184539267867, 8.152835403156703e-05, 0.005329184834132099], [8.152835403156726e-05, 0.00683938482876074, 0.019276351239760365], [0.005329184834132099, 0.019276351239760365, 0.13478802141839877]], "chi2_level": 0.99, "chi2_df": 3, "chi2_threshold": 11.344866730144373, "N_raw": 15, "N_roi": 15, "N_inlier": 14, "refit": true}
{"timestamp": "14:30:39.154045", "frame": 71, "mu": [-1.3777220209484267, 2.3335049770525726, 0.18469153280961992], "Sigma": [[0.013625853339568065, 0.004475077895528943, -0.012784682673007815], [0.004475077895528943, 0.011269318883003596, -0.004217169630108393], [-0.012784682673007815, -0.004217169630108393, 0.014252975204911304]], "chi2_level": 0.99, "chi2_df": 3, "chi2_threshold": 11.344866730144373, "N_raw": 70, "N_roi": 70, "N_inlier": 69, "refit": true}
{"timestamp": "14:30:39.210226", "frame": 72, "mu": [-1.3794948814800314, 2.3333908371452776, 1.33377277931535], "Sigma": [[0.013307197111129859, -5.597204601202172e-05, -0.005838760552823431], [-5.597204601202172e-05, 0.011943311697316229, 0.019366051850649393], [-0.005838760552823432, 0.019366051850649393, 0.11070658183437426]], "chi2_level": 0.99, "chi2_df": 3, "chi2_threshold": 11.344866730144373, "N_raw": 77, "N_roi": 77, "N_inlier": 75, "refit": true}
{"timestamp": "14:30:39.263404", "frame": 73, "mu": [-1.4338179013292178, 2.4780923015719316, -0.007239703051399725], "Sigma": [[0.007694882099426802, 0.0032816376624795916, -0.00945388568856326], [0.0032816376624795916, 0.013969566070876476, -0.025992390957901686], [-0.009453885688563262, -0.025992390957901686, 0.18314805891125827]], "chi2_level": 0.99, "chi2_df": 3, "chi2_threshold": 11.344866730144373, "N_raw": 63, "N_roi": 63, "N_inlier": 61, "refit": true}
{"timestamp": "14:30:39.317833", "frame": 74, "mu": [-1.43441763158703, 2.490068480209035, 0.09389732193260585], "Sigma": [[0.012761737876137748, 0.003831287940205301, -0.007636786005386545], [0.003831287940205301, 0.010705404916407391, -0.012648557752914234], [-0.007636786005386545, -0.012648557752914232, 0.034617243162729974]], "chi2_level": 0.99, "chi2_df": 3, "chi2_threshold": 11.344866730144373, "N_raw": 61, "N_roi": 61, "N_inlier": 56, "refit": true}
{"timestamp": "14:30:39.370094", "frame": 75, "mu": [-1.5242143855951533, 2.4950884752180436, 1.2424576732866064], "Sigma": [[0.008225894811062848, 0.0026782582676063995, -0.018875512595147702], [0.0026782582676063995, 0.005062433449489795, -0.01750980735108114], [-0.018875512595147702, -0.01750980735108114, 0.22400993739864508]], "chi2_level": 0.99, "chi2_df": 3, "chi2_threshold": 11.344866730144373, "N_raw": 44, "N_roi": 44, "N_inlier": 43, "refit": true}
{"timestamp": "14:30:39.425167", "frame": 76, "mu": [-1.5337218340092962, 2.488152092777934, 0.5611461672660845], "Sigma": [[0.012643126649681579, 0.006308440435422927, 0.01298954066989653], [0.006308440435422927, 0.00506790778154938, 0.008531290485255416], [0.01298954066989653, 0.008531290485255416, 0.19029168933458654]], "chi2_level": 0.99, "chi2_df": 3, "chi2_threshold": 11.344866730144373, "N_raw": 50, "N_roi": 50, "N_inlier": 48, "refit": true}
{"timestamp": "14:30:39.485243", "frame": 77, "mu": [-1.5131962450078136, 2.6789481908100847, 0.9687400127999909], "Sigma": [[0.015900317452940498, -0.0005120552022277601, 0.01654885125827403], [-0.0005120552022277598, 0.006788899959464194, -0.011042212625669037], [0.01654885125827403, -0.011042212625669037, 0.25257503449702073]], "chi2_level": 0.99, "chi2_df": 3, "chi2_threshold": 11.344866730144373, "N_raw": 77, "N_roi": 77, "N_inlier": 77, "refit": true}
{"timestamp": "14:30:39.530652", "frame": 78, "mu": [-1.4001445543559685, 2.77460299395686, 0.9560505974220129], "Sigma": [[0.035959759797339695, -0.025438852651875933, 0.07420322722888387], [-0.025438852651875937, 0.021012057259090278, -0.048561772927995975], [0.07420322722888387, -0.048561772927995975, 0.17948707329220995]], "chi2_level": 0.99, "chi2_df": 3, "chi2_threshold": 11.344866730144373, "N_raw": 11, "N_roi": 11, "N_inlier": 10, "refit": true}
{"timestamp": "14:30:39.594273", "frame": 79, "mu": [-1.4419241578103352, 2.7365187526326307, 1.2446523975863624], "Sigma": [[0.03882168030427686, 0.0001861044245152022, -0.009520582535953833], [0.0001861044245152021, 0.003922381591295953, -0.003032050893933759], [-0.009520582535953831, -0.003032050893933759, 0.019150558677721974]], "chi2_level": 0.99, "chi2_df": 3, "chi2_threshold": 11.344866730144373, "N_raw": 82, "N_roi": 82, "N_inlier": 79, "refit": true}
{"timestamp": "14:30:39.651976", "frame": 80, "mu": [-1.374733209886722, 2.7992763799535414, 1.1901238320268723], "Sigma": [[0.045435821979752794, -0.010453231694331055, -0.022086588976608798], [-0.010453231694331055, 0.00867274488366039, 0.013938340907306241], [-0.02208658897660879, 0.013938340907306241, 0.09224623664731398]], "chi2_level": 0.99, "chi2_df": 3, "chi2_threshold": 11.344866730144373, "N_raw": 86, "N_roi": 86, "N_inlier": 84, "refit": true}
{"timestamp": "14:30:39.703827", "frame": 81, "mu": [-1.4939565544244775, 2.8950992212691626, 1.1587069909177108], "Sigma": [[0.021835867330268714, 0.006446637514418174, 0.01492028546396746], [0.006446637514418174, 0.007566494102015789, 0.020387412808539236], [0.014920285463967462, 0.020387412808539236, 0.13087023632319897]], "chi2_level": 0.99, "chi2_df": 3, "chi2_threshold": 11.344866730144373, "N_raw": 68, "N_roi": 67, "N_inlier": 66, "refit": true}
{"timestamp": "14:30:39.760992", "frame": 82, "mu": [-1.4878107934789826, 2.9305510126401324, 1.0588413685561475], "Sigma": [[0.048190082014377494, 0.008129574798397095, 0.04157490026218924], [0.008129574798397095, 0.006801044868014803, 0.01592196444962354], [0.041574900262189234, 0.015921964449623544, 0.10611698961164173]], "chi2_level": 0.99, "chi2_df": 3, "chi2_threshold": 11.344866730144373, "N_raw": 83, "N_roi": 83, "N_inlier": 82, "refit": true}
{"timestamp": "14:30:39.807166", "frame": 83, "mu": [-1.2164187640177924, 2.9482283062315324, 1.2503369163872182], "Sigma": [[0.010786551619401138, -0.003367344370749942, -0.011653128226048269], [-0.003367344370749942, 0.0043634223920512236, 0.004552283131382012], [-0.011653128226048266, 0.004552283131382012, 0.015069017673887504]], "chi2_level": 0.99, "chi2_df": 3, "chi2_threshold": 11.344866730144373, "N_raw": 22, "N_roi": 21, "N_inlier": 20, "refit": true}
{"timestamp": "14:30:39.863806", "frame": 84, "mu": [-1.252962365461983, 3.0925258161981906, 1.4693917816787017], "Sigma": [[0.014673186234501727, 0.0006097522523646889, -0.013517705862352618], [0.0006097522523646887, 0.005777653804481195, 0.0019611770642769372], [-0.013517705862352618, 0.0019611770642769372, 0.019923545913927858]], "chi2_level": 0.99, "chi2_df": 3, "chi2_threshold": 11.344866730144373, "N_raw": 47, "N_roi": 47, "N_inlier": 44, "refit": true}
{"timestamp": "14:30:39.916734", "frame": 85, "mu": [-1.2238385693493445, 3.110074779667745, 1.2054382139406452], "Sigma": [[0.012793284611911001, -0.0037810655566907015, 0.017301266970667657], [-0.0037810655566907015, 0.0053518708049489225, -0.016272052955691806], [0.017301266970667663, -0.01627205295569181, 0.0768177083361523]], "chi2_level": 0.99, "chi2_df": 3, "chi2_threshold": 11.344866730144373, "N_raw": 24, "N_roi": 24, "N_inlier": 23, "refit": true}
{"timestamp": "14:30:39.973116", "frame": 86, "mu": [-1.5513691261875258, 3.5260827162863193, -0.502640295638432], "Sigma": [[0.025456063217072673, -0.007717209304772316, 0.028815561720729375], [-0.007717209304772316, 0.01565860651878911, -0.03530023615146929], [0.028815561720729372, -0.03530023615146929, 0.09694186270162905]], "chi2_level": 0.99, "chi2_df": 3, "chi2_threshold": 11.344866730144373, "N_raw": 27, "N_roi": 27, "N_inlier": 26, "refit": true}
