{"timestamp": "13:54:58.357197", "frame": 24, "mu": [-2.42234278758795, 3.3115531227735038, 1.0522016382916755], "Sigma": [[0.004088311817041435, 0.0024447683728037162, -0.0016418891031283727], [0.002444768372803716, 0.0051473844407141, -0.0024486840962054963], [-0.0016418891031283727, -0.0024486840962054963, 0.0014078873325185357]], "chi2_level": 0.99, "chi2_df": 3, "chi2_threshold": 11.344866730144373, "N_raw": 34, "N_roi": 14, "N_inlier": 13, "refit": true}
{"timestamp": "13:54:58.409869", "frame": 25, "mu": [-2.4145326094266304, 3.2385475673703104, 1.0190270237275143], "Sigma": [[0.005128351023948943, 0.0010709055288075351, -0.00140656670043008], [0.0010709055288075351, 0.002132558410012058, -0.002859470639685663], [-0.00140656670043008, -0.002859470639685663, 0.007772276612065678]], "chi2_level": 0.99, "chi2_df": 3, "chi2_threshold": 11.344866730144373, "N_raw": 22, "N_roi": 13, "N_inlier": 13, "refit": true}
{"timestamp": "13:54:58.467831", "frame": 26, "mu": [-2.3407523885282275, 3.3125334789103316, 1.1618186099902281], "Sigma": [[0.009082207511009887, 0.0026219316476311107, -0.0037855714176739746], [0.0026219316476311107, 0.0028515541750031687, -0.008068647501674717], [-0.003785571417673974, -0.008068647501674717, 0.03268564308299234]], "chi2_level": 0.99, "chi2_df": 3, "chi2_threshold": 11.344866730144373, "N_raw": 40, "N_roi": 32, "N_inlier": 31, "refit": true}
{"timestamp": "13:54:58.521921", "frame": 27, "mu": [-2.4245305001433644, 3.1775460769182513, 0.9711612782303618], "Sigma": [[0.0018277913424994921, -0.00012912744620430735, 0.00029196030487449573], [-0.0001291274462043074, 0.002285514259685072, -0.0017667834712971541], [0.00029196030487449584, -0.001766783471297154, 0.004247204035563816]], "chi2_level": 0.99, "chi2_df": 3, "chi2_threshold": 11.344866730144373, "N_raw": 8, "N_roi": 8, "N_inlier": 7, "refit": true}
{"timestamp": "13:54:58.576955", "frame": 28, "mu": [-2.326590390316869, 3.2656643532497442, 1.2005731371711146], "Sigma": [[0.009239238577646101, 0.004811612401451482, -0.004511624688198084], [0.004811612401451482, 0.004452217122935276, -0.004580610065241636], [-0.004511624688198084, -0.004580610065241636, 0.006525793409194451]], "chi2_level": 0.99, "chi2_df": 3, "chi2_threshold": 11.344866730144373, "N_raw": 20, "N_roi": 20, "N_inlier": 19, "refit": true}
{"timestamp": "13:54:58.689169", "frame": 30, "mu": [-2.2006244620474855, 3.286707224141658, 1.1808632907125833], "Sigma": [[0.0173401935967481, 0.009790475230175677, -0.0035796243779341744], [0.009790475230175677, 0.007985155727961057, -0.005502135155232262], [-0.0035796243779341744, -0.005502135155232262, 0.007360310702040706]], "chi2_level": 0.99, "chi2_df": 3, "chi2_threshold": 11.344866730144373, "N_raw": 35, "N_roi": 35, "N_inlier": 35, "refit": true}
{"timestamp": "13:54:58.797159", "frame": 32, "mu": [-2.078803405912689, 3.3316681332629523, 0.7552917637486717], "Sigma": [[0.005167364699544447, 0.001645171648618217, -0.004665527775213724], [0.0016451716486182173, 0.003401178361637438, -0.016340944312568988], [-0.004665527775213724, -0.016340944312568988, 0.17365582715875602]], "chi2_level": 0.99, "chi2_df": 3, "chi2_threshold": 11.344866730144373, "N_raw": 22, "N_roi": 22, "N_inlier": 21, "refit": true}
{"timestamp": "13:54:58.855017", "frame": 33, "mu": [-2.04597115848368, 3.307786011704568, 1.1240502353203912], "Sigma": [[0.018172345656050703, 0.008592332793670332, -0.01698985726498027], [0.008592332793670332, 0.006490263277438458, -0.012035066651858302], [-0.01698985726498027, -0.0120350666518583, 0.0535590060010524]], "chi2_level": 0.99, "chi2_df": 3, "chi2_threshold": 11.344866730144373, "N_raw": 43, "N_roi": 43, "N_inlier": 41, "refit": true}
{"timestamp": "13:54:58.909454", "frame": 34, "mu": [-2.0186610960311597, 3.329539100664919, 1.227087341319689], "Sigma": [[0.01610896306431745, 0.006456411681884167, -0.012672501878559117], [0.006456411681884167, 0.005304983121970639, -0.007121644274398436], [-0.012672501878559117, -0.007121644274398436, 0.015495319966787874]], "chi2_level": 0.99, "chi2_df": 3, "chi2_threshold": 11.344866730144373, "N_raw": 35, "N_roi": 35, "N_inlier": 34, "refit": true}
{"timestamp": "13:54:58.961007", "frame": 35, "mu": [-1.8577701210617223, 3.3572411291263404, 0.9899680841826811], "Sigma": [[0.005361510519301125, 0.0003193414777284054, -0.003968937769410678], [0.0003193414777284054, 0.0009037997822060423, -0.002680791281478413], [-0.003968937769410678, -0.002680791281478413, 0.020382171444575763]], "chi2_level": 0.99, "chi2_df": 3, "chi2_threshold": 11.344866730144373, "N_raw": 15, "N_roi": 13, "N_inlier": 13, "refit": true}
{"timestamp": "13:54:59.018703", "frame": 36, "mu": [-1.8602948560673032, 3.260716302140633, 1.1079194750280872], "Sigma": [[0.012770934448717507, 0.0035843106265933786, -0.009384217832574624], [0.0035843106265933786, 0.003405283672443994, -0.0031314049178184857], [-0.009384217832574624, -0.0031314049178184852, 0.009256636830126076]], "chi2_level": 0.99, "chi2_df": 3, "chi2_threshold": 11.344866730144373, "N_raw": 27, "N_roi": 27, "N_inlier": 26, "refit": true}
{"timestamp": "13:54:59.074008", "frame": 37, "mu": [-1.7966138639829965, 3.2838230958558805, 1.1462894805944968], "Sigma": [[0.016658214360174055, 0.0030037880190746996, -0.021564082233052236], [0.0030037880190746996, 0.004634735517683016, -0.0028883713612999243], [-0.021564082233052232, -0.0028883713612999247, 0.029822520050327282]], "chi2_level": 0.99, "chi2_df": 3, "chi2_threshold": 11.344866730144373, "N_raw": 35, "N_roi": 35, "N_inlier": 34, "refit": true}
{"timestamp": "13:54:59.128823", "frame": 38, "mu": [-1.724733967347829, 3.3070817852637537, 1.0715554855908038], "Sigma": [[0.017092297454771505, -0.002422963441531963, -0.03177553976612525], [-0.002422963441531963, 0.004509101266242341, 0.004841378018572029], [-0.031775539766125245, 0.004841378018572028, 0.06416447716197192]], "chi2_level": 0.99, "chi2_df": 3, "chi2_threshold": 11.344866730144373, "N_raw": 37, "N_roi": 37, "N_inlier": 36, "refit": true}
{"timestamp": "13:54:59.184892", "frame": 39, "mu": [-1.6748503169341227, 3.3948644521625235, -0.15592647377697225], "Sigma": [[0.02040057540660111, 0.008786937852753904, -0.014153155697069417], [0.008786937852753904, 0.007792323769975196, -0.00567194867940278], [-0.014153155697069417, -0.00567194867940278, 0.011194627101853538]], "chi2_level": 0.99, "chi2_df": 3, "chi2_threshold": 11.344866730144373, "N_raw": 45, "N_roi": 42, "N_inlier": 42, "refit": true}
{"timestamp": "13:54:59.239889", "frame": 40, "mu": [-1.6398441023820607, 3.285308230424596, 1.0690157248298733], "Sigma": [[0.01873738621068594, 0.002985242751579931, -0.017159230794094028], [0.002985242751579931, 0.004218711642149644, -0.0031663746765791248], [-0.017159230794094024, -0.003166374676579125, 0.0166844638572599]], "chi2_level": 0.99, "chi2_df": 3, "chi2_threshold": 11.344866730144373, "N_raw": 40, "N_roi": 40, "N_inlier": 40, "refit": true}
{"timestamp": "13:54:59.292792", "frame": 41, "mu": [-1.616359170496248, 3.3000715862305006, 1.1595592206283207], "Sigma": [[0.011876037805673185, 0.002578500460359813, -0.013889375100926658], [0.002578500460359813, 0.004214330768266573, -0.0038340674493186275], [-0.013889375100926658, -0.0038340674493186275, 0.028521015758763514]], "chi2_level": 0.99, "chi2_df": 3, "chi2_threshold": 11.344866730144373, "N_raw": 29, "N_roi": 28, "N_inlier": 25, "refit": true}
{"timestamp": "13:54:59.351241", "frame": 42, "mu": [-1.5265418735998209, 3.256027765338926, 0.8753933009074718], "Sigma": [[0.014335134254227389, 0.0009982775138487308, -0.007080516283573711], [0.0009982775138487308, 0.004207338751210681, -0.003723414451189782], [-0.007080516283573711, -0.003723414451189782, 0.007529612536682647]], "chi2_level": 0.99, "chi2_df": 3, "chi2_threshold": 11.344866730144373, "N_raw": 51, "N_roi": 50, "N_inlier": 47, "refit": true}
{"timestamp": "13:54:59.405350", "frame": 43, "mu": [-1.5050151938443017, 3.292017247495483, 1.1032759448765488], "Sigma": [[0.012633604293140368, 0.0024048849391831192, -0.008127571258166731], [0.0024048849391831192, 0.0027584147839012814, -0.003913614436410207], [-0.008127571258166731, -0.003913614436410207, 0.010942190262338572]], "chi2_level": 0.99, "chi2_df": 3, "chi2_threshold": 11.344866730144373, "N_raw": 38, "N_roi": 36, "N_inlier": 33, "refit": true}
{"timestamp": "13:54:59.455792", "frame": 44, "mu": [-1.3406333882302608, 3.396686614619165, 0.5373409850687239], "Sigma": [[0.02238783050722352, 0.006714671955209689, -0.07248362124628027], [0.006714671955209689, 0.005362469527800391, -0.035566675215271334], [-0.07248362124628027, -0.035566675215271334, 0.307387625590536]], "chi2_level": 0.99, "chi2_df": 3, "chi2_threshold": 11.344866730144373, "N_raw": 12, "N_roi": 8, "N_inlier": 8, "refit": true}
{"timestamp": "13:54:59.513875", "frame": 45, "mu": [-1.3440591129013497, 3.3593709169262933, 1.232292169095611], "Sigma": [[0.01331257930513406, 0.0034484936477900494, -0.010296353459613272], [0.0034484936477900494, 0.0023414909954270705, -0.0020041414947020997], [-0.010296353459613272, -0.0020041414947020997, 0.028258718779438453]], "chi2_level": 0.99, "chi2_df": 3, "chi2_threshold": 11.344866730144373, "N_raw": 31, "N_roi": 26, "N_inlier": 24, "refit": true}
{"timestamp": "13:54:59.570792", "frame": 46, "mu": [-1.2940036927478915, 3.4044128865320604, -0.6051366869013313], "Sigma": [[0.017249424376403158, 0.008635095413245534, 0.004199222000921937], [0.008635095413245534, 0.017645341809696583, 0.003546079060138724], [0.004199222000921935, 0.0035460790601387245, 0.0759799871564496]], "chi2_level": 0.99, "chi2_df": 3, "chi2_threshold": 11.344866730144373, "N_raw": 48, "N_roi": 44, "N_inlier": 42, "refit": true}
{"timestamp": "13:54:59.624209", "frame": 47, "mu": [-1.2706281074059815, 3.42961804976944, 0.28293198291657734], "Sigma": [[0.01093282767480318, 0.003792016018133426, -0.004885417080415847], [0.003792016018133426, 0.004158854679984507, -0.0007549074052763092], [-0.004885417080415847, -0.000754907405276309, 0.004395162858343214]], "chi2_level": 0.99, "chi2_df": 3, "chi2_threshold": 11.344866730144373, "N_raw": 34, "N_roi": 28, "N_inlier": 27, "refit": true}
{"timestamp": "13:54:59.677616", "frame": 48, "mu": [-1.1415467554549885, 3.323470775225626, 1.153864053803561], "Sigma": [[0.010439388731256672, 0.002137615979651737, -0.005783847999774576], [0.002137615979651737, 0.0035568290084283115, -0.000806990724624431], [-0.005783847999774576, -0.0008069907246244311, 0.004442801095972295]], "chi2_level": 0.99, "chi2_df": 3, "chi2_threshold": 11.344866730144373, "N_raw": 30, "N_roi": 30, "N_inlier": 29, "refit": true}
{"timestamp": "13:54:59.733477", "frame": 49, "mu": [-1.1279847148471054, 3.370785735145526, 1.1383332332337917], "Sigma": [[0.010483314130136012, 0.0026751256294487253, -0.001512174150394403], [0.0026751256294487253, 0.0027101799202069055, 0.0015524912348143071], [-0.0015121741503944038, 0.0015524912348143065, 0.13398999219042973]], "chi2_level": 0.99, "chi2_df": 3, "chi2_threshold": 11.344866730144373, "N_raw": 30, "N_roi": 28, "N_inlier": 27, "refit": true}
{"timestamp": "13:54:59.791811", "frame": 50, "mu": [-1.0463634977516596, 3.3291669232959498, 1.0473820424393565], "Sigma": [[0.017220831932263807, 0.0011706123321075293, -0.012197875007949685], [0.0011706123321075293, 0.005534200375305549, -0.0008763066389272133], [-0.012197875007949683, -0.0008763066389272132, 0.01023367019998158]], "chi2_level": 0.99, "chi2_df": 3, "chi2_threshold": 11.344866730144373, "N_raw": 55, "N_roi": 55, "N_inlier": 51, "refit": true}
{"timestamp": "13:54:59.847702", "frame": 51, "mu": [-1.022959896176159, 3.2624067520862066, 0.8712168087332189], "Sigma": [[0.012439567122130004, 0.0004904674401738432, -0.00956392461492873], [0.0004904674401738432, 0.00886304000104152, 0.0004817461610348232], [-0.00956392461492873, 0.0004817461610348232, 0.01042261579280377]], "chi2_level": 0.99, "chi2_df": 3, "chi2_threshold": 11.344866730144373, "N_raw": 58, "N_roi": 58, "N_inlier": 54, "refit": true}
{"timestamp": "13:54:59.901817", "frame": 52, "mu": [-0.9415425934328409, 3.308604731537776, 0.9239650703729442], "Sigma": [[0.0164550007202812, 0.003737797923433702, -0.019763540442438606], [0.003737797923433703, 0.005893776859644956, -0.006751524998607173], [-0.019763540442438606, -0.006751524998607173, 0.05578486414333758]], "chi2_level": 0.99, "chi2_df": 3, "chi2_threshold": 11.344866730144373, "N_raw": 49, "N_roi": 49, "N_inlier": 47, "refit": true}
{"timestamp": "13:54:59.959394", "frame": 53, "mu": [-0.903323008937907, 3.3483922367168684, -0.9494168636694108], "Sigma": [[0.017760457398247456, 0.014955397405025684, 0.01794607448143378], [0.014955397405025687, 0.02615796539570034, 0.02386231503238699], [0.01794607448143378, 0.023862315032386987, 0.09774223549767681]], "chi2_level": 0.99, "chi2_df": 3, "chi2_threshold": 11.344866730144373, "N_raw": 69, "N_roi": 69, "N_inlier": 66, "refit": true}
{"timestamp": "13:55:00.018945", "frame": 54, "mu": [-0.7645145878266445, 3.3956332461669385, 0.8326853563158161], "Sigma": [[0.024046915558620346, 0.009624949790565916, -0.032013286021493836], [0.009624949790565916, 0.012088276426190385, -0.020488486802786414], [-0.03201328602149384, -0.020488486802786414, 0.07370537312199817]], "chi2_level": 0.99, "chi2_df": 3, "chi2_threshold": 11.344866730144373, "N_raw": 96, "N_roi": 96, "N_inlier": 92, "refit": true}
{"timestamp": "13:55:00.071687", "frame": 55, "mu": [-0.7827615528386421, 3.3488799657189023, 0.7813222519805456], "Sigma": [[0.018446428240790957, 0.010867878980280776, -0.011617196872169371], [0.010867878980280778, 0.021048611798589318, -0.004590201231289863], [-0.011617196872169371, -0.004590201231289863, 0.009598193062322109]], "chi2_level": 0.99, "chi2_df": 3, "chi2_threshold": 11.344866730144373, "N_raw": 82, "N_roi": 81, "N_inlier": 77, "refit": true}
{"timestamp": "13:55:00.125556", "frame": 56, "mu": [-0.6564073569069461, 3.391851072404774, 0.6956262900058963], "Sigma": [[0.01755136152975628, 0.003082485010667767, -0.03706131678041273], [0.0030824850106677673, 0.010107635732812816, 0.0014258984576679405], [-0.03706131678041273, 0.0014258984576679392, 0.21807525147233184]], "chi2_level": 0.99, "chi2_df": 3, "chi2_threshold": 11.344866730144373, "N_raw": 76, "N_roi": 75, "N_inlier": 75, "refit": true}
{"timestamp": "13:55:00.175515", "frame": 57, "mu": [-0.7035730375196783, 3.321028868867585, 1.2160951759261813], "Sigma": [[0.009582984570676216, 0.002173797490209808, -0.004771352552793684], [0.0021737974902098075, 0.006071014943303075, -0.004800108558067659], [-0.004771352552793684, -0.004800108558067659, 0.010666867554212927]], "chi2_level": 0.99, "chi2_df": 3, "chi2_threshold": 11.344866730144373, "N_raw": 35, "N_roi": 34, "N_inlier": 32, "refit": true}
{"timestamp": "13:55:00.231076", "frame": 58, "mu": [-0.6385444212458717, 3.2868847665282246, 1.2204654050551198], "Sigma": [[0.013515040161459992, -4.009589368191276e-05, -0.011300681841624798], [-4.0095893681913196e-05, 0.004940390795894283, -0.0003732154524585482], [-0.011300681841624798, -0.00037321545245854826, 0.013293900176362968]], "chi2_level": 0.99, "chi2_df": 3, "chi2_threshold": 11.344866730144373, "N_raw": 47, "N_roi": 47, "N_inlier": 45, "refit": true}
{"timestamp": "13:55:00.281243", "frame": 59, "mu": [-0.571635094807768, 3.3421734828246445, 0.703273965578011], "Sigma": [[0.001837391846296922, 0.000848583327290044, 0.01948271400505372], [0.0008485833272900442, 0.007071780717227018, 0.0016183345229135518], [0.01948271400505372, 0.00161833452291355, 0.4641312029046814]], "chi2_level": 0.99, "chi2_df": 3, "chi2_threshold": 11.344866730144373, "N_raw": 12, "N_roi": 9, "N_inlier": 8, "refit": true}
{"timestamp": "13:55:00.338761", "frame": 60, "mu": [-0.5093443856888992, 3.309485696780027, 0.9261181556143401], "Sigma": [[0.00541662361888567, 0.0008742407978032887, -0.010269388005115437], [0.0008742407978032886, 0.0026940979321892207, -0.012336590479689206], [-0.010269388005115437, -0.012336590479689206, 0.2558314132603209]], "chi2_level": 0.99, "chi2_df": 3, "chi2_threshold": 11.344866730144373, "N_raw": 25, "N_roi": 22, "N_inlier": 22, "refit": true}
{"timestamp": "13:55:00.395021", "frame": 61, "mu": [-0.45141675051263747, 3.306402814889378, 1.1771697032919113], "Sigma": [[0.010652017955667692, 0.0015606135875598003, -0.010121675334811599], [0.0015606135875598005, 0.003887065274972114, -0.0062497956378114], [-0.010121675334811599, -0.0062497956378114, 0.1595566160945591]], "chi2_level": 0.99, "chi2_df": 3, "chi2_threshold": 11.344866730144373, "N_raw": 37, "N_roi": 35, "N_inlier": 34, "refit": true}
{"timestamp": "13:55:00.446684", "frame": 62, "mu": [-0.42389840082500924, 3.2851060560544294, 0.7114483066568862], "Sigma": [[0.002782212270920764, 0.00026276707320979376, -0.03027855423515784], [0.0002627670732097937, 0.004200807215752236, 0.005729108757217261], [-0.030278554235157844, 0.005729108757217263, 0.6083121786052031]], "chi2_level": 0.99, "chi2_df": 3, "chi2_threshold": 11.344866730144373, "N_raw": 12, "N_roi": 9, "N_inlier": 9, "refit": true}
{"timestamp": "13:55:00.505055", "frame": 63, "mu": [-0.3672873935452381, 3.259831264678784, 1.3583845385984943], "Sigma": [[0.017630957068340378, 0.004783891086281064, 0.00424108452371589], [0.004783891086281065, 0.007190930396184396, 0.008851171922963271], [0.00424108452371589, 0.008851171922963271, 0.012856847913590647]], "chi2_level": 0.99, "chi2_df": 3, "chi2_threshold": 11.344866730144373, "N_raw": 43, "N_roi": 41, "N_inlier": 39, "refit": true}
{"timestamp": "13:55:00.559754", "frame": 64, "mu": [-0.326094086498703, 3.2657881746224025, 1.3651631442195524], "Sigma": [[0.010749430954584282, 0.002885763106968862, 0.0022075886160356456], [0.002885763106968862, 0.005916560839483721, 0.006762075768534415], [0.0022075886160356456, 0.006762075768534415, 0.013818311045698783]], "chi2_level": 0.99, "chi2_df": 3, "chi2_threshold": 11.344866730144373, "N_raw": 38, "N_roi": 34, "N_inlier": 31, "refit": true}
{"timestamp": "13:55:00.612074", "frame": 65, "mu": [-0.25434388793186813, 3.2736492844973757, 1.0592928894754543], "Sigma": [[0.009506200883384712, 0.0014393339447820422, -0.025371452064531855], [0.0014393339447820422, 0.0014727096146936903, -0.010007572809494566], [-0.025371452064531855, -0.010007572809494564, 0.14957489760217427]], "chi2_level": 0.99, "chi2_df": 3, "chi2_threshold": 11.344866730144373, "N_raw": 22, "N_roi": 22, "N_inlier": 20, "refit": true}
{"timestamp": "13:55:00.667044", "frame": 66, "mu": [-0.18505560201293117, 3.229141875059672, 0.8095737905024547], "Sigma": [[0.012653526609044936, 0.0058967645535947825, -0.05267025563212839], [0.0058967645535947825, 0.007903196264059968, -0.019210059386812466], [-0.0526702556321284, -0.019210059386812472, 0.25878638507633994]], "chi2_level": 0.99, "chi2_df": 3, "chi2_threshold": 11.344866730144373, "N_raw": 15, "N_roi": 7, "N_inlier": 7, "refit": true}
{"timestamp": "13:55:00.721515", "frame": 67, "mu": [-0.1798248568693623, 3.247310992755578, 0.8931049454366606], "Sigma": [[0.0013376115853537872, -0.002773382648127886, 0.008615590849952367], [-0.002773382648127886, 0.014364130274700631, -0.048246641100078404], [0.008615590849952365, -0.048246641100078404, 0.18448840233679278]], "chi2_level": 0.99, "chi2_df": 3, "chi2_threshold": 11.344866730144373, "N_raw": 11, "N_roi": 6, "N_inlier": 6, "refit": true}
{"timestamp": "13:55:00.781987", "frame": 68, "mu": [-0.10624537223621566, 3.3289756302562914, -0.44292663543481947], "Sigma": [[0.01312797728852082, 0.00388332792935895, 0.03647948594480241], [0.0038833279293589503, 0.006975204941493475, 0.02038606555579668], [0.03647948594480241, 0.02038606555579668, 0.2087546211605853]], "chi2_level": 0.99, "chi2_df": 3, "chi2_threshold": 11.344866730144373, "N_raw": 52, "N_roi": 52, "N_inlier": 49, "refit": true}
{"timestamp": "13:55:00.832428", "frame": 69, "mu": [-0.055348456622746456, 3.2096402417484646, 1.0427306207403977], "Sigma": [[0.006307095617900117, -0.00024072155325765838, 0.007152682434764837], [-0.00024072155325765838, 0.0016468702417600978, -0.0028165095957421293], [0.007152682434764833, -0.0028165095957421293, 0.17185935459045568]], "chi2_level": 0.99, "chi2_df": 3, "chi2_threshold": 11.344866730144373, "N_raw": 19, "N_roi": 18, "N_inlier": 18, "refit": true}
{"timestamp": "13:55:00.885905", "frame": 70, "mu": [0.07112729303947851, 3.2619018033061122, 0.676171536326116], "Sigma": [[0.001847708047410369, 0.0009166283452623507, 0.015467246100240823], [0.0009166283452623507, 0.0018345784207181685, 0.005308133439045196], [0.015467246100240823, 0.0053081334390451965, 0.2283352011631557]], "chi2_level": 0.99, "chi2_df": 3, "chi2_threshold": 11.344866730144373, "N_raw": 9, "N_roi": 9, "N_inlier": 9, "refit": true}
{"timestamp": "13:55:00.940416", "frame": 71, "mu": [0.043571756931895356, 3.270486429868604, 0.7199898148303745], "Sigma": [[0.0028154537360794204, 0.0015089976050322099, -0.0036943442083366765], [0.0015089976050322099, 0.0058840989664758975, -0.003934087415813069], [-0.0036943442083366765, -0.003934087415813069, 0.5406867690924544]], "chi2_level": 0.99, "chi2_df": 3, "chi2_threshold": 11.344866730144373, "N_raw": 8, "N_roi": 8, "N_inlier": 8, "refit": true}
{"timestamp": "13:55:00.996201", "frame": 72, "mu": [0.14645996123985897, 3.4720528216240836, -0.4226581304906686], "Sigma": [[0.0016462262446639891, 0.003416331666668635, -0.004618890955288106], [0.003416331666668635, 0.029147323001071482, -0.09239032317198491], [-0.004618890955288106, -0.0923903231719849, 0.3533492184289388]], "chi2_level": 0.99, "chi2_df": 3, "chi2_threshold": 11.344866730144373, "N_raw": 9, "N_roi": 9, "N_inlier": 9, "refit": true}
{"timestamp": "13:55:01.049992", "frame": 73, "mu": [0.2527476006878606, 3.3750082999898234, 0.7414963891747286], "Sigma": [[0.004708855391406936, 0.003111529857672673, 0.0045433771445444575], [0.003111529857672673, 0.00623005334546477, -0.030254652749562815], [0.0045433771445444575, -0.03025465274956281, 0.37208048781097963]], "chi2_level": 0.99, "chi2_df": 3, "chi2_threshold": 11.344866730144373, "N_raw": 8, "N_roi": 8, "N_inlier": 8, "refit": true}
{"timestamp": "13:55:01.106288", "frame": 74, "mu": [0.3705149856344002, 3.323314255362251, 0.48783456720822826], "Sigma": [[0.021591765766528697, -0.010000945196831562, -0.05194016306911228], [-0.010000945196831562, 0.008514477312619203, 0.0039941432974567445], [-0.05194016306911228, 0.003994143297456742, 0.38017791855818683]], "chi2_level": 0.99, "chi2_df": 3, "chi2_threshold": 11.344866730144373, "N_raw": 15, "N_roi": 15, "N_inlier": 15, "refit": true}
{"timestamp": "13:55:01.159990", "frame": 75, "mu": [0.4468437299669613, 3.507662273987366, -0.21691869951398834], "Sigma": [[0.029526554904355445, 0.03213641294146206, -0.11422945659279717], [0.03213641294146206, 0.0381941128025744, -0.12941359971673375], [-0.11422945659279717, -0.12941359971673375, 0.4721819157403872]], "chi2_level": 0.99, "chi2_df": 3, "chi2_threshold": 11.344866730144373, "N_raw": 8, "N_roi": 6, "N_inlier": 6, "refit": true}
{"timestamp": "13:55:01.215045", "frame": 76, "mu": [0.5873011663545165, 3.1832153349176564, 0.38046603201542784], "Sigma": [[0.0539430139476083, 0.01485622452295913, -0.08379419310683112], [0.014856224522959129, 0.0054521441108915745, -0.022444595634634672], [-0.08379419310683112, -0.022444595634634672, 0.13746624256962134]], "chi2_level": 0.99, "chi2_df": 3, "chi2_threshold": 11.344866730144373, "N_raw": 6, "N_roi": 6, "N_inlier": 6, "refit": true}
{"timestamp": "13:55:01.275038", "frame": 77, "mu": [0.4279908465547353, 3.3169254220868853, 0.039746316334255544], "Sigma": [[0.00894199330561435, -0.002035841146621999, -0.005891076011154444], [-0.002035841146621999, 0.0035475131295828327, 0.007626328716223774], [-0.005891076011154442, 0.0076263287162237755, 0.020093921994575634]], "chi2_level": 0.99, "chi2_df": 3, "chi2_threshold": 11.344866730144373, "N_raw": 39, "N_roi": 35, "N_inlier": 32, "refit": true}
{"timestamp": "13:55:01.384348", "frame": 78, "mu": [0.4941850002270582, 3.3272465242739426, 0.1085085089846902], "Sigma": [[0.017031214940285224, 0.0018473541346506446, -0.013689808535171356], [0.001847354134650645, 0.010896128617638525, -0.011748522450802398], [-0.01368980853517136, -0.011748522450802398, 0.04207640978237696]], "chi2_level": 0.99, "chi2_df": 3, "chi2_threshold": 11.344866730144373, "N_raw": 52, "N_roi": 48, "N_inlier": 46, "refit": true}
{"timestamp": "13:55:01.399151", "frame": 79, "mu": [0.38726158484260126, 3.3204157404656476, 0.34492627544845017], "Sigma": [[0.021005071870420042, -0.009344808702357632, 0.07778571602992493], [-0.009344808702357633, 0.00774669949203564, -0.038761976968638666], [0.07778571602992493, -0.03876197696863867, 0.30753277195869694]], "chi2_level": 0.99, "chi2_df": 3, "chi2_threshold": 11.344866730144373, "N_raw": 23, "N_roi": 12, "N_inlier": 12, "refit": true}
{"timestamp": "13:55:01.441386", "frame": 80, "mu": [0.6245654871289122, 3.3446296246452514, 0.34446838202005], "Sigma": [[0.016431632872480915, -0.006085649656928644, -0.005022988459476714], [-0.006085649656928644, 0.004305581448529466, -0.0026214588234043934], [-0.005022988459476716, -0.0026214588234043934, 0.03408883749735939]], "chi2_level": 0.99, "chi2_df": 3, "chi2_threshold": 11.344866730144373, "N_raw": 44, "N_roi": 42, "N_inlier": 39, "refit": true}
{"timestamp": "13:55:01.549498", "frame": 82, "mu": [0.7846475564549236, 3.119631590940107, 1.0484747583902894], "Sigma": [[0.010629071164610532, -0.0030225622537098608, -0.0022962347680860256], [-0.0030225622537098608, 0.0023838185332902394, -0.0018186893998390072], [-0.0022962347680860256, -0.001818689399839007, 0.007072306739064339]], "chi2_level": 0.99, "chi2_df": 3, "chi2_threshold": 11.344866730144373, "N_raw": 37, "N_roi": 37, "N_inlier": 35, "refit": true}
{"timestamp": "13:55:01.600180", "frame": 83, "mu": [0.8228706577259929, 3.1702393985829422, 0.8427645565513087], "Sigma": [[0.0030576803353938595, 0.0036015773585917317, -0.014162307338044716], [0.0036015773585917317, 0.009712264278416956, -0.024427695159945428], [-0.014162307338044716, -0.024427695159945428, 0.08458353669024941]], "chi2_level": 0.99, "chi2_df": 3, "chi2_threshold": 11.344866730144373, "N_raw": 9, "N_roi": 9, "N_inlier": 9, "refit": true}
{"timestamp": "13:55:01.659957", "frame": 84, "mu": [0.8156031770397906, 3.220018818238697, 1.2325739588154732], "Sigma": [[0.01342344293864346, -0.0040461631530744, -0.007379639723175563], [-0.0040461631530744, 0.003045611085624879, -1.5470204498742714e-05], [-0.007379639723175563, -1.5470204498742605e-05, 0.009211939585111503]], "chi2_level": 0.99, "chi2_df": 3, "chi2_threshold": 11.344866730144373, "N_raw": 40, "N_roi": 40, "N_inlier": 37, "refit": true}
{"timestamp": "13:55:01.710767", "frame": 85, "mu": [0.9501954865631552, 3.189175145151816, 1.097545031023516], "Sigma": [[0.0021625732687976925, 0.00045373101926613976, -0.009884472089063928], [0.00045373101926613976, 0.004918439933671712, -0.006627632166627732], [-0.009884472089063928, -0.006627632166627732, 0.3687704041240729]], "chi2_level": 0.99, "chi2_df": 3, "chi2_threshold": 11.344866730144373, "N_raw": 16, "N_roi": 16, "N_inlier": 16, "refit": true}
{"timestamp": "13:55:01.765167", "frame": 86, "mu": [0.9590221992284058, 3.167372087866328, 0.970513561111908], "Sigma": [[0.0013006864053777254, -0.001202713539928418, -0.007392204705513361], [-0.001202713539928418, 0.007091337252228255, -0.008625794706057307], [-0.007392204705513361, -0.008625794706057307, 0.19465993911333795]], "chi2_level": 0.99, "chi2_df": 3, "chi2_threshold": 11.344866730144373, "N_raw": 5, "N_roi": 5, "N_inlier": 5, "refit": true}
{"timestamp": "13:55:01.820420", "frame": 87, "mu": [0.910021299957429, 3.259459932905936, 0.6874193042208755], "Sigma": [[0.0030082483261908606, 0.0009022181964482554, -0.017660467526680018], [0.0009022181964482555, 0.004079488191293028, 0.01765872854147294], [-0.017660467526680018, 0.01765872854147294, 0.3345618936799373]], "chi2_level": 0.99, "chi2_df": 3, "chi2_threshold": 11.344866730144373, "N_raw": 10, "N_roi": 10, "N_inlier": 9, "refit": true}
{"timestamp": "13:55:01.875089", "frame": 88, "mu": [0.9781790585795355, 3.187389252148657, 0.9026506472040711], "Sigma": [[0.0036991486637503943, -0.0025181722250502813, 0.010929621904487055], [-0.0025181722250502817, 0.00936101111388308, 0.020389889207652407], [0.010929621904487055, 0.02038988920765241, 0.35209356044297574]], "chi2_level": 0.99, "chi2_df": 3, "chi2_threshold": 11.344866730144373, "N_raw": 9, "N_roi": 9, "N_inlier": 9, "refit": true}
{"timestamp": "13:55:01.931196", "frame": 89, "mu": [1.068223819054854, 3.422117088004832, -0.20319309950902992], "Sigma": [[0.010622297227629043, -0.011205597687008947, 0.029769470434766743], [-0.011205597687008947, 0.037283311188810196, -0.06347389416740351], [0.029769470434766743, -0.06347389416740351, 0.14726771146595913]], "chi2_level": 0.99, "chi2_df": 3, "chi2_threshold": 11.344866730144373, "N_raw": 12, "N_roi": 12, "N_inlier": 12, "refit": true}
{"timestamp": "13:55:01.990005", "frame": 90, "mu": [1.1826348820538368, 3.2332146264547106, 1.2311681281005507], "Sigma": [[0.01435581557871987, -0.005352363551194092, -0.0063507046670953915], [-0.005352363551194093, 0.0041399225677330115, 0.002855829529738378], [-0.0063507046670953915, 0.002855829529738377, 0.04264083282073558]], "chi2_level": 0.99, "chi2_df": 3, "chi2_threshold": 11.344866730144373, "N_raw": 41, "N_roi": 41, "N_inlier": 37, "refit": true}
{"timestamp": "13:55:02.047502", "frame": 91, "mu": [1.2429634773081473, 3.2411077628182055, 1.2343185240520878], "Sigma": [[0.01814801131240512, -0.005702664974342397, -0.0009560080879101353], [-0.005702664974342398, 0.004837696867138552, 0.012988230791395768], [-0.0009560080879101353, 0.012988230791395767, 0.19116723279562287]], "chi2_level": 0.99, "chi2_df": 3, "chi2_threshold": 11.344866730144373, "N_raw": 50, "N_roi": 48, "N_inlier": 47, "refit": true}
{"timestamp": "13:55:02.097399", "frame": 92, "mu": [1.3400630151266264, 3.15123847592844, 0.916795342049858], "Sigma": [[0.007703990466879588, -0.003913409860812253, 0.01722543683749953], [-0.003913409860812253, 0.003547555363516135, -0.0016394561804965488], [0.01722543683749953, -0.0016394561804965492, 0.26531842130143507]], "chi2_level": 0.99, "chi2_df": 3, "chi2_threshold": 11.344866730144373, "N_raw": 21, "N_roi": 21, "N_inlier": 20, "refit": true}
{"timestamp": "13:55:02.149707", "frame": 93, "mu": [1.315654229234979, 3.187230451188021, 0.6935396069744836], "Sigma": [[0.0032755544721548074, -0.0030852762913086956, 0.01819490903656237], [-0.003085276291308695, 0.00550099093736469, -0.026659239190448575], [0.018194909036562373, -0.026659239190448575, 0.2397554156641321]], "chi2_level": 0.99, "chi2_df": 3, "chi2_threshold": 11.344866730144373, "N_raw": 9, "N_roi": 9, "N_inlier": 9, "refit": true}
{"timestamp": "13:55:02.211951", "frame": 94, "mu": [1.3850591232855556, 3.2339866933327452, 1.3795059166782462], "Sigma": [[0.017859528162392273, -0.009182581429303992, -0.02458186316252082], [-0.009182581429303992, 0.009359768295123357, 0.010754410464706491], [-0.024581863162520815, 0.010754410464706488, 0.05492556171832344]], "chi2_level": 0.99, "chi2_df": 3, "chi2_threshold": 11.344866730144373, "N_raw": 54, "N_roi": 54, "N_inlier": 51, "refit": true}
{"timestamp": "13:55:02.261937", "frame": 95, "mu": [1.465632720621402, 3.294447777248471, 0.06688042178631014], "Sigma": [[0.015371751660599635, 0.008136248020762188, -0.041844295254501035], [0.008136248020762188, 0.020315132167614526, -0.051184968945356596], [-0.04184429525450103, -0.051184968945356596, 0.19801592319299974]], "chi2_level": 0.99, "chi2_df": 3, "chi2_threshold": 11.344866730144373, "N_raw": 19, "N_roi": 19, "N_inlier": 19, "refit": true}
{"timestamp": "13:55:02.315809", "frame": 96, "mu": [1.5324958104975768, 3.1032839215572507, 0.9008633346486165], "Sigma": [[0.018039249267096963, -9.395321411690381e-06, -0.04826134712140148], [-9.395321411689948e-06, 0.002918698386835129, -0.009799020126920532], [-0.04826134712140148, -0.009799020126920532, 0.1779130365686584]], "chi2_level": 0.99, "chi2_df": 3, "chi2_threshold": 11.344866730144373, "N_raw": 14, "N_roi": 14, "N_inlier": 14, "refit": true}
{"timestamp": "13:55:02.369646", "frame": 97, "mu": [1.620942546010422, 3.1128718885869286, 0.9169729465240656], "Sigma": [[0.005208749514595753, 0.0023152323530441672, -0.019516209531670076], [0.0023152323530441672, 0.0038285256774465283, -0.017873748376840776], [-0.019516209531670076, -0.017873748376840776, 0.1412984179066539]], "chi2_level": 0.99, "chi2_df": 3, "chi2_threshold": 11.344866730144373, "N_raw": 7, "N_roi": 7, "N_inlier": 7, "refit": true}
{"timestamp": "13:55:02.424857", "frame": 98, "mu": [1.6017254986766818, 3.212455859588306, 1.1483568752128581], "Sigma": [[0.005213101113896126, -0.0015015032018977637, -0.03393693035312394], [-0.0015015032018977637, 0.00871860305103286, 0.004404142788860286], [-0.03393693035312394, 0.004404142788860286, 0.24257789151828296]], "chi2_level": 0.99, "chi2_df": 3, "chi2_threshold": 11.344866730144373, "N_raw": 5, "N_roi": 5, "N_inlier": 5, "refit": true}
{"timestamp": "13:55:02.485115", "frame": 99, "mu": [1.628943213594066, 3.1633411320208262, 1.1360608441914923], "Sigma": [[0.014120437488085292, -0.008028331122285556, -0.006032795021497949], [-0.008028331122285556, 0.013432723149884343, 0.013517677053651204], [-0.006032795021497948, 0.013517677053651204, 0.015323929609580117]], "chi2_level": 0.99, "chi2_df": 3, "chi2_threshold": 11.344866730144373, "N_raw": 39, "N_roi": 37, "N_inlier": 36, "refit": true}
{"timestamp": "13:55:02.605077", "frame": 100, "mu": [1.6586717372041635, 3.177975105374932, 1.2310093387624486], "Sigma": [[0.013533334593523306, -0.009256475725233294, -0.008242858642498827], [-0.009256475725233294, 0.013160863183844957, 0.010615080159888867], [-0.008242858642498827, 0.010615080159888867, 0.034719632283598895]], "chi2_level": 0.99, "chi2_df": 3, "chi2_threshold": 11.344866730144373, "N_raw": 38, "N_roi": 38, "N_inlier": 36, "refit": true}
{"timestamp": "13:55:02.617489", "frame": 101, "mu": [1.694624546519258, 3.2923958774056636, 0.5272471741291063], "Sigma": [[0.005319386278108239, -0.0016470906227707052, -0.00027446047444716756], [-0.0016470906227707052, 0.008865685548157323, -0.024709058142019024], [-0.00027446047444716756, -0.024709058142019024, 0.13861741821218707]], "chi2_level": 0.99, "chi2_df": 3, "chi2_threshold": 11.344866730144373, "N_raw": 22, "N_roi": 22, "N_inlier": 21, "refit": true}
{"timestamp": "13:55:02.647321", "frame": 102, "mu": [1.740880571314769, 3.2272455778034694, 1.3934956235800784], "Sigma": [[0.0008869083923189137, 0.0028796428287181488, 0.0031470543340598495], [0.0028796428287181488, 0.01036938704021556, 0.01111184470281381], [0.00314705433405985, 0.011111844702813806, 0.013212810182326964]], "chi2_level": 0.99, "chi2_df": 3, "chi2_threshold": 11.344866730144373, "N_raw": 5, "N_roi": 5, "N_inlier": 5, "refit": true}
{"timestamp": "13:55:02.702270", "frame": 103, "mu": [1.759415170954661, 3.3233040058294563, 1.5495677778629988], "Sigma": [[0.007750384774643825, -0.0036546927760502893, -0.0011043067614312993], [-0.00365469277605029, 0.005104166804971327, 0.0012033448205313831], [-0.0011043067614312993, 0.0012033448205313831, 0.0022808807368113857]], "chi2_level": 0.99, "chi2_df": 3, "chi2_threshold": 11.344866730144373, "N_raw": 24, "N_roi": 22, "N_inlier": 21, "refit": true}
{"timestamp": "13:55:02.758172", "frame": 104, "mu": [1.768234247371911, 3.309245181673304, 1.5430149662093438], "Sigma": [[0.007431134752858014, -0.0034023760490962535, 0.0009574176692975695], [-0.0034023760490962535, 0.0057507717336033135, -0.001137705991758832], [0.0009574176692975696, -0.001137705991758832, 0.00024104406246016393]], "chi2_level": 0.99, "chi2_df": 3, "chi2_threshold": 11.344866730144373, "N_raw": 26, "N_roi": 26, "N_inlier": 24, "refit": true}
{"timestamp": "13:55:02.809685", "frame": 105, "mu": [1.7817012853865832, 3.311211040506855, 1.5282647134614953], "Sigma": [[0.0016764673847786014, -0.0011219349311611191, 0.00021212599721695159], [-0.001121934931161119, 0.006336285010624602, 0.0013039979075512062], [0.00021212599721695164, 0.0013039979075512064, 0.0014018046621617373]], "chi2_level": 0.99, "chi2_df": 3, "chi2_threshold": 11.344866730144373, "N_raw": 8, "N_roi": 8, "N_inlier": 8, "refit": true}
{"timestamp": "13:55:02.865298", "frame": 106, "mu": [1.8964383051946256, 3.300341060794563, 1.5180715342411975], "Sigma": [[0.0021551215878242414, -0.0005319886311582642, -0.0025026740746452603], [-0.0005319886311582643, 0.004597932879454758, 0.0006329910751592482], [-0.00250267407464526, 0.0006329910751592482, 0.0034630547809105395]], "chi2_level": 0.99, "chi2_df": 3, "chi2_threshold": 11.344866730144373, "N_raw": 5, "N_roi": 5, "N_inlier": 5, "refit": true}
{"timestamp": "13:55:02.921072", "frame": 107, "mu": [1.9565398227039208, 3.2383608426160158, 0.8086989318387683], "Sigma": [[0.002723642729206093, -0.0030345679342463987, -0.019227444376341864], [-0.003034567934246399, 0.006620598122908318, 0.03820404399002358], [-0.019227444376341864, 0.038204043990023584, 0.3165822352943661]], "chi2_level": 0.99, "chi2_df": 3, "chi2_threshold": 11.344866730144373, "N_raw": 11, "N_roi": 11, "N_inlier": 11, "refit": true}
{"timestamp": "13:55:02.975239", "frame": 108, "mu": [1.9997084018350972, 3.2790823857343074, 1.2186705653831815], "Sigma": [[0.0008185069121613085, 0.0008144451789523991, -0.004796259230572237], [0.000814445178952399, 0.00854235237359524, 0.03527117316069653], [-0.004796259230572236, 0.03527117316069653, 0.25629082566730976]], "chi2_level": 0.99, "chi2_df": 3, "chi2_threshold": 11.344866730144373, "N_raw": 6, "N_roi": 6, "N_inlier": 6, "refit": true}
{"timestamp": "13:55:03.030757", "frame": 109, "mu": [1.9617560098479787, 3.3820722170645294, 1.5244581772811632], "Sigma": [[0.00697249788127045, -0.0030676883110791996, 0.0014266202233519654], [-0.003067688311079199, 0.005176480599166401, 0.0011530652319313307], [0.0014266202233519654, 0.0011530652319313307, 0.0018880487298367043]], "chi2_level": 0.99, "chi2_df": 3, "chi2_threshold": 11.344866730144373, "N_raw": 18, "N_roi": 18, "N_inlier": 17, "refit": true}
{"timestamp": "13:55:03.085473", "frame": 110, "mu": [2.020313689253353, 3.383014520830033, 1.5044341296596033], "Sigma": [[0.0003770983258447853, 0.0009469744661153652, -0.0026951175376656077], [0.0009469744661153652, 0.004782514718815079, -0.005253848432486694], [-0.0026951175376656077, -0.005253848432486694, 0.04238625201705338]], "chi2_level": 0.99, "chi2_df": 3, "chi2_threshold": 11.344866730144373, "N_raw": 8, "N_roi": 5, "N_inlier": 5, "refit": true}
{"timestamp": "13:55:03.141507", "frame": 111, "mu": [2.133660965804473, 3.365369130918693, 1.4999836454358169], "Sigma": [[0.0029613843755755187, -5.2723020114694215e-05, 0.009493144778676918], [-5.2723020114694215e-05, 0.005578184428977293, 0.020412113620958156], [0.009493144778676918, 0.020412113620958156, 0.222545591139738]], "chi2_level": 0.99, "chi2_df": 3, "chi2_threshold": 11.344866730144373, "N_raw": 11, "N_roi": 11, "N_inlier": 11, "refit": true}
{"timestamp": "13:55:03.195373", "frame": 112, "mu": [2.099524663198116, 3.4003850743957336, 1.5663518447989324], "Sigma": [[0.0006680194353802819, 0.0007819238765242001, 0.0011880435876501384], [0.0007819238765242, 0.006458205305391448, 0.025737673484049112], [0.0011880435876501388, 0.02573767348404911, 0.26573249612228483]], "chi2_level": 0.99, "chi2_df": 3, "chi2_threshold": 11.344866730144373, "N_raw": 8, "N_roi": 5, "N_inlier": 5, "refit": true}
