{"timestamp": "17:41:44.356193", "frame": 6, "mu": [-2.3812162580613974, 4.967490234731479, 1.0829552454199896], "Sigma": [[0.005947805344945714, 0.0006966980170545488, -0.0006160654014663678], [0.000696698017054549, 0.00037779484634391453, -0.0003664954390648884], [-0.0006160654014663678, -0.00036649543906488844, 0.0006040355296610259]], "chi2_level": 0.95, "chi2_df": 3, "chi2_threshold": 7.814727903251179, "N_raw": 52, "N_roi": 7, "N_inlier": 6, "refit": true}
{"timestamp": "17:41:44.466961", "frame": 8, "mu": [-2.3426268264286927, 4.946184445024169, 0.8780549127279846], "Sigma": [[0.013356385134233687, 0.0022187448959364677, -0.003633624553031395], [0.002218744895936468, 0.0012487360478915775, -0.0019216215343326626], [-0.003633624553031396, -0.0019216215343326626, 0.0060733630882499915]], "chi2_level": 0.95, "chi2_df": 3, "chi2_threshold": 7.814727903251179, "N_raw": 53, "N_roi": 14, "N_inlier": 14, "refit": true}
{"timestamp": "17:41:44.518030", "frame": 9, "mu": [-2.3445533411082495, 4.946186946800175, 0.9249988266136973], "Sigma": [[0.010020058373095221, 0.0008610950393248148, -0.00684443174067526], [0.000861095039324815, 0.0009535792788824906, -0.0011038233574392755], [-0.00684443174067526, -0.0011038233574392757, 0.00743351633982603]], "chi2_level": 0.95, "chi2_df": 3, "chi2_threshold": 7.814727903251179, "N_raw": 28, "N_roi": 12, "N_inlier": 12, "refit": true}
{"timestamp": "17:41:44.570245", "frame": 10, "mu": [-2.2681229819180118, 4.95308432707074, 0.8112531687946052], "Sigma": [[0.0078032906771591, 0.001172942858027974, -0.000786994518793881], [0.0011729428580279741, 0.0009248524347238517, -0.0009298392177482374], [-0.0007869945187938813, -0.0009298392177482375, 0.001197995388807341]], "chi2_level": 0.95, "chi2_df": 3, "chi2_threshold": 7.814727903251179, "N_raw": 14, "N_roi": 10, "N_inlier": 10, "refit": true}
{"timestamp": "17:41:44.738937", "frame": 13, "mu": [-2.2253337742366455, 4.84039651954607, 0.6589198498533988], "Sigma": [[0.029126596110494708, 0.009188087427349848, -0.0074181436405001515], [0.009188087427349848, 0.005160789013601573, -0.005009065918502516], [-0.007418143640500152, -0.005009065918502516, 0.007231909314692247]], "chi2_level": 0.95, "chi2_df": 3, "chi2_threshold": 7.814727903251179, "N_raw": 37, "N_roi": 34, "N_inlier": 34, "refit": true}
{"timestamp": "17:41:44.852480", "frame": 15, "mu": [-2.194870943340976, 4.7520258285165475, 0.6726476245105497], "Sigma": [[0.028937361427868295, 0.00610868527984366, -0.00443913729762981], [0.0061086852798436595, 0.003186726365880733, -0.004973437242442362], [-0.00443913729762981, -0.004973437242442362, 0.01853908647850445]], "chi2_level": 0.95, "chi2_df": 3, "chi2_threshold": 7.814727903251179, "N_raw": 45, "N_roi": 43, "N_inlier": 42, "refit": true}
{"timestamp": "17:41:44.905486", "frame": 16, "mu": [-2.288908885480339, 4.6304419607395895, 0.5366035593473124], "Sigma": [[0.012748962370588519, 0.0028365068913245558, -0.008253551061842893], [0.0028365068913245558, 0.0014367141309379126, 0.0041266145502286845], [-0.008253551061842893, 0.0041266145502286845, 0.07825124038154842]], "chi2_level": 0.95, "chi2_df": 3, "chi2_threshold": 7.814727903251179, "N_raw": 28, "N_roi": 25, "N_inlier": 24, "refit": true}
{"timestamp": "17:41:44.960478", "frame": 17, "mu": [-2.2401404687695776, 4.775606008176468, -0.06816536956902322], "Sigma": [[0.018811974898723147, 0.007196792132817246, -0.004184405038365519], [0.007196792132817246, 0.004702646463776524, -0.003773312152812987], [-0.004184405038365519, -0.003773312152812987, 0.005423543662241232]], "chi2_level": 0.95, "chi2_df": 3, "chi2_threshold": 7.814727903251179, "N_raw": 29, "N_roi": 22, "N_inlier": 21, "refit": true}
{"timestamp": "17:41:45.015144", "frame": 18, "mu": [-2.227812497211949, 4.544459010464854, 0.7626188654228262], "Sigma": [[0.020440179167356395, 0.005775333902875166, -0.012216970566726762], [0.005775333902875165, 0.003241800464003899, -0.004372315579404169], [-0.01221697056672676, -0.004372315579404169, 0.00965012206248813]], "chi2_level": 0.95, "chi2_df": 3, "chi2_threshold": 7.814727903251179, "N_raw": 25, "N_roi": 23, "N_inlier": 22, "refit": true}
{"timestamp": "17:41:45.070460", "frame": 19, "mu": [-2.2393383033542467, 4.501305504191414, 0.7719709448559611], "Sigma": [[0.022155245361954574, 0.006719463608156804, -0.011840003827887042], [0.006719463608156805, 0.0053822677496005, -0.005297611432988864], [-0.01184000382788704, -0.005297611432988864, 0.009035223659837067]], "chi2_level": 0.95, "chi2_df": 3, "chi2_threshold": 7.814727903251179, "N_raw": 36, "N_roi": 33, "N_inlier": 32, "refit": true}
{"timestamp": "17:41:45.122096", "frame": 20, "mu": [-2.283697567585526, 4.3798418328367, 0.6576018293168672], "Sigma": [[0.015555838096461792, 0.0050326376525056645, -0.01110196026168811], [0.0050326376525056645, 0.0021445188904704302, -0.004005282577429226], [-0.011101960261688108, -0.004005282577429226, 0.010142077307156867]], "chi2_level": 0.95, "chi2_df": 3, "chi2_threshold": 7.814727903251179, "N_raw": 14, "N_roi": 12, "N_inlier": 11, "refit": true}
{"timestamp": "17:41:45.178195", "frame": 21, "mu": [-2.283478994446623, 4.369269203821062, 0.7341920392663736], "Sigma": [[0.015618254627732043, 0.005051029466630668, -0.009240822403472543], [0.005051029466630668, 0.0030024947173395364, -0.0040739960635666345], [-0.009240822403472543, -0.0040739960635666345, 0.009582760367008432]], "chi2_level": 0.95, "chi2_df": 3, "chi2_threshold": 7.814727903251179, "N_raw": 21, "N_roi": 19, "N_inlier": 19, "refit": true}
{"timestamp": "17:41:45.232309", "frame": 22, "mu": [-2.260175293237741, 4.3401350511511705, 0.7439413411255927], "Sigma": [[0.00038376426396196495, -0.0007819834517668544, 0.0017513121794105932], [-0.0007819834517668545, 0.0027959825546728457, -0.0043580060998773896], [0.0017513121794105932, -0.0043580060998773896, 0.0229007928951775]], "chi2_level": 0.95, "chi2_df": 3, "chi2_threshold": 7.814727903251179, "N_raw": 5, "N_roi": 5, "N_inlier": 5, "refit": true}
{"timestamp": "17:41:45.291467", "frame": 23, "mu": [-2.270152655898207, 4.2994285679988815, 0.8939276177344244], "Sigma": [[0.021135948719533976, 0.0062390119247342805, -0.013673174385468119], [0.006239011924734281, 0.0054717446794150465, -0.005520908922580479], [-0.013673174385468119, -0.005520908922580478, 0.010861478041869705]], "chi2_level": 0.95, "chi2_df": 3, "chi2_threshold": 7.814727903251179, "N_raw": 39, "N_roi": 31, "N_inlier": 31, "refit": true}
{"timestamp": "17:41:45.342811", "frame": 24, "mu": [-2.2497949717546346, 4.239569232705861, 0.6262800176794], "Sigma": [[0.012669745644045974, 0.001852776651705734, -0.012858615072514665], [0.001852776651705734, 0.0008981794047487303, -0.0023329462755864736], [-0.012858615072514661, -0.002332946275586473, 0.01463127398251637]], "chi2_level": 0.95, "chi2_df": 3, "chi2_threshold": 7.814727903251179, "N_raw": 12, "N_roi": 12, "N_inlier": 10, "refit": true}
{"timestamp": "17:41:45.399696", "frame": 25, "mu": [-2.207845219058492, 4.1359127977687224, 0.46064150084910505], "Sigma": [[0.023072693830880786, -0.0028575849397638265, -0.0345018716714997], [-0.002857584939763827, 0.0023745651148941774, 0.003157904581204373], [-0.0345018716714997, 0.0031579045812043733, 0.05719648070753327]], "chi2_level": 0.95, "chi2_df": 3, "chi2_threshold": 7.814727903251179, "N_raw": 30, "N_roi": 30, "N_inlier": 29, "refit": true}
{"timestamp": "17:41:45.453546", "frame": 26, "mu": [-2.1645923063158383, 4.100219542685823, 0.42471275248345663], "Sigma": [[0.020865573665760667, 0.004797784786669401, -0.012655008772381309], [0.004797784786669401, 0.002449831731079385, -0.0036414642054921264], [-0.012655008772381309, -0.0036414642054921264, 0.01085234398670821]], "chi2_level": 0.95, "chi2_df": 3, "chi2_threshold": 7.814727903251179, "N_raw": 22, "N_roi": 22, "N_inlier": 22, "refit": true}
{"timestamp": "17:41:45.508387", "frame": 27, "mu": [-2.2845108477535714, 3.985045413666003, 0.358729465994733], "Sigma": [[0.01554418628542514, 0.0002777176713580466, -0.013380363523083489], [0.0002777176713580467, 0.001764382216745306, -0.0004774320399673491], [-0.013380363523083489, -0.00047743203996734895, 0.013202709655463813]], "chi2_level": 0.95, "chi2_df": 3, "chi2_threshold": 7.814727903251179, "N_raw": 18, "N_roi": 18, "N_inlier": 17, "refit": true}
{"timestamp": "17:41:45.565623", "frame": 28, "mu": [-2.1651186032824823, 3.946593168814818, 0.35078727168143964], "Sigma": [[0.021362260085651025, 0.0031063737700090513, -0.01610197888648502], [0.0031063737700090513, 0.0006565089189683545, -0.002373023393318928], [-0.01610197888648502, -0.0023730233933189275, 0.03699503991724794]], "chi2_level": 0.95, "chi2_df": 3, "chi2_threshold": 7.814727903251179, "N_raw": 33, "N_roi": 33, "N_inlier": 32, "refit": true}
{"timestamp": "17:41:45.621573", "frame": 29, "mu": [-2.202390253588008, 4.117258747195423, -0.2102546009679317], "Sigma": [[0.02425612384329127, 0.010411307752296775, -0.014977500515250344], [0.010411307752296777, 0.007839057938910347, -0.010129786745500987], [-0.014977500515250347, -0.010129786745500987, 0.015033889247674393]], "chi2_level": 0.95, "chi2_df": 3, "chi2_threshold": 7.814727903251179, "N_raw": 39, "N_roi": 36, "N_inlier": 35, "refit": true}
{"timestamp": "17:41:45.671453", "frame": 30, "mu": [-2.2581657179505603, 3.82322263545638, 0.7207690234404087], "Sigma": [[0.0007335964240794993, -0.0006650177089373966, 0.0018484896663437415], [-0.0006650177089373967, 0.001402614958610433, -0.006018162872142484], [0.001848489666343742, -0.006018162872142484, 0.03311733336996904]], "chi2_level": 0.95, "chi2_df": 3, "chi2_threshold": 7.814727903251179, "N_raw": 6, "N_roi": 6, "N_inlier": 5, "refit": true}
{"timestamp": "17:41:45.731386", "frame": 31, "mu": [-2.2460658316556175, 3.7703731265771188, 0.8271431607214991], "Sigma": [[0.025399972088508325, 0.00706960735015995, -0.014318030591582837], [0.00706960735015995, 0.005032736236022023, -0.00566831797916682], [-0.014318030591582837, -0.00566831797916682, 0.010389274546965841]], "chi2_level": 0.95, "chi2_df": 3, "chi2_threshold": 7.814727903251179, "N_raw": 39, "N_roi": 36, "N_inlier": 35, "refit": true}
{"timestamp": "17:41:45.781551", "frame": 32, "mu": [-2.2256102895907084, 3.7150891440623193, 0.7716028522866515], "Sigma": [[0.00836425322668848, -0.0035788956703180315, 0.0013458562233572525], [-0.003578895670318031, 0.0019325583886589995, -0.0007016846799392218], [0.0013458562233572527, -0.0007016846799392218, 0.0002571115702982171]], "chi2_level": 0.95, "chi2_df": 3, "chi2_threshold": 7.814727903251179, "N_raw": 5, "N_roi": 5, "N_inlier": 5, "refit": true}
{"timestamp": "17:41:45.841336", "frame": 33, "mu": [-2.272960339858382, 3.622895587297187, 0.4574826647727617], "Sigma": [[0.016367028351529072, 0.0031411249963727616, -0.01181593283207559], [0.0031411249963727616, 0.002224841393418455, -0.0038411618524121674], [-0.01181593283207559, -0.0038411618524121674, 0.018352713766358393]], "chi2_level": 0.95, "chi2_df": 3, "chi2_threshold": 7.814727903251179, "N_raw": 30, "N_roi": 30, "N_inlier": 29, "refit": true}
{"timestamp": "17:41:45.895914", "frame": 34, "mu": [-2.174480744313957, 3.59955516753389, 0.861070580138669], "Sigma": [[0.02146572409330936, 0.0066498372672203, -0.011253554961379387], [0.0066498372672203, 0.00428370690128374, -0.005233598888319823], [-0.011253554961379387, -0.005233598888319822, 0.008851038153748044]], "chi2_level": 0.95, "chi2_df": 3, "chi2_threshold": 7.814727903251179, "N_raw": 36, "N_roi": 36, "N_inlier": 33, "refit": true}
{"timestamp": "17:41:45.951690", "frame": 35, "mu": [-2.181763832280688, 3.552806085355447, 0.9601450639165272], "Sigma": [[0.02542062165242121, 0.00961678005312826, -0.008365710413272123], [0.00961678005312826, 0.006914977534959967, -0.004272761993366495], [-0.008365710413272123, -0.004272761993366495, 0.004926179960330732]], "chi2_level": 0.95, "chi2_df": 3, "chi2_threshold": 7.814727903251179, "N_raw": 40, "N_roi": 40, "N_inlier": 39, "refit": true}
{"timestamp": "17:41:46.001526", "frame": 36, "mu": [-2.377323349218815, 3.450590942117046, 0.785451997907217], "Sigma": [[0.0034342025712750454, 0.0002967376046653011, 0.0014002977591518293], [0.0002967376046653011, 0.0007968754667275357, -0.00342967678024657], [0.0014002977591518293, -0.00342967678024657, 0.02542785636031928]], "chi2_level": 0.95, "chi2_df": 3, "chi2_threshold": 7.814727903251179, "N_raw": 8, "N_roi": 7, "N_inlier": 7, "refit": true}
{"timestamp": "17:41:46.060141", "frame": 37, "mu": [-2.3069716864229575, 3.377767276458242, 0.5125800273111653], "Sigma": [[0.012710070527734188, 0.005015921498140201, -0.004650522689125625], [0.005015921498140201, 0.0027959140352628595, -0.004118029037725666], [-0.004650522689125625, -0.004118029037725666, 0.01703884467936531]], "chi2_level": 0.95, "chi2_df": 3, "chi2_threshold": 7.814727903251179, "N_raw": 36, "N_roi": 29, "N_inlier": 28, "refit": true}
{"timestamp": "17:41:46.119583", "frame": 38, "mu": [-2.2798105110601794, 3.3521129714822346, 0.8828753460559071], "Sigma": [[0.0194084233509648, 0.007794111044392286, -0.0055139792393332585], [0.007794111044392286, 0.006511841580760141, -0.0065737759721168024], [-0.005513979239333259, -0.0065737759721168024, 0.03977878817346179]], "chi2_level": 0.95, "chi2_df": 3, "chi2_threshold": 7.814727903251179, "N_raw": 60, "N_roi": 54, "N_inlier": 52, "refit": true}
{"timestamp": "17:41:46.168910", "frame": 39, "mu": [-2.3701254393400526, 3.2065028536569087, 0.520920356377906], "Sigma": [[0.005626090119631351, 0.0012645985021023547, -0.0012004760581260942], [0.001264598502102355, 0.0006382637427565546, -0.0004000948822842474], [-0.0012004760581260942, -0.00040009488228424743, 0.02386332661189322]], "chi2_level": 0.95, "chi2_df": 3, "chi2_threshold": 7.814727903251179, "N_raw": 19, "N_roi": 16, "N_inlier": 15, "refit": true}
{"timestamp": "17:41:46.225544", "frame": 40, "mu": [-2.2357054191390717, 3.1824646400590515, 0.8844252674647506], "Sigma": [[0.015150063869710425, 0.005653357842558729, -0.005868754317742196], [0.005653357842558729, 0.003830656515781939, -0.005083421560329375], [-0.005868754317742196, -0.005083421560329375, 0.010050955314147724]], "chi2_level": 0.95, "chi2_df": 3, "chi2_threshold": 7.814727903251179, "N_raw": 33, "N_roi": 33, "N_inlier": 32, "refit": true}
{"timestamp": "17:41:46.284263", "frame": 41, "mu": [-2.2716252046385015, 3.3102837501568456, -0.341760718861168], "Sigma": [[0.011327472197485049, 0.001731408908786819, 0.004149638407550291], [0.001731408908786819, 0.00638088029822523, -0.008502577758962692], [0.004149638407550291, -0.008502577758962692, 0.017655885795746562]], "chi2_level": 0.95, "chi2_df": 3, "chi2_threshold": 7.814727903251179, "N_raw": 52, "N_roi": 42, "N_inlier": 39, "refit": true}
{"timestamp": "17:41:46.338229", "frame": 42, "mu": [-2.2839333811520275, 3.035616915097798, 0.9682263695999573], "Sigma": [[0.014560548866977784, 0.00568066645904099, -0.008167718631414914], [0.00568066645904099, 0.005663413822109844, -0.00690616259717615], [-0.008167718631414914, -0.00690616259717615, 0.011527857671940004]], "chi2_level": 0.95, "chi2_df": 3, "chi2_threshold": 7.814727903251179, "N_raw": 46, "N_roi": 39, "N_inlier": 38, "refit": true}
{"timestamp": "17:41:46.389368", "frame": 43, "mu": [-2.2892960174633066, 2.976750138591049, 0.9470732785625243], "Sigma": [[0.008158308056911931, -0.00020698412455663815, 0.0051370200768373975], [-0.00020698412455663796, 0.0007764672779216391, -0.0011871198781172505], [0.0051370200768373975, -0.0011871198781172505, 0.01207545483433466]], "chi2_level": 0.95, "chi2_df": 3, "chi2_threshold": 7.814727903251179, "N_raw": 16, "N_roi": 7, "N_inlier": 7, "refit": true}
{"timestamp": "17:41:46.443810", "frame": 44, "mu": [-2.2273188287377894, 2.907803835915818, 0.797735188021811], "Sigma": [[0.0022443121474999984, -0.0021465650440893914, 0.004129803125361269], [-0.0021465650440893914, 0.00217393640407533, -0.003507784768912052], [0.00412980312536127, -0.003507784768912052, 0.009260424781662512]], "chi2_level": 0.95, "chi2_df": 3, "chi2_threshold": 7.814727903251179, "N_raw": 26, "N_roi": 5, "N_inlier": 5, "refit": true}
{"timestamp": "17:41:46.503025", "frame": 45, "mu": [-2.2499891315959903, 3.040647953273402, -0.15738271677968907], "Sigma": [[0.016545114180278108, 0.007556019170469256, -0.008661038244885035], [0.007556019170469256, 0.0066761087071991665, -0.006089438696988002], [-0.008661038244885035, -0.006089438696988002, 0.007730365332026226]], "chi2_level": 0.95, "chi2_df": 3, "chi2_threshold": 7.814727903251179, "N_raw": 45, "N_roi": 33, "N_inlier": 32, "refit": true}
{"timestamp": "17:41:46.560501", "frame": 46, "mu": [-2.225237357413947, 2.8055091825865883, 0.9786539553432378], "Sigma": [[0.020385457172414717, 0.007515113185964634, -0.010700088899121177], [0.007515113185964634, 0.011662375401510997, -0.006765431679329886], [-0.010700088899121177, -0.0067654316793298854, 0.009077331409545293]], "chi2_level": 0.95, "chi2_df": 3, "chi2_threshold": 7.814727903251179, "N_raw": 69, "N_roi": 62, "N_inlier": 60, "refit": true}
{"timestamp": "17:41:46.610753", "frame": 47, "mu": [-2.277681842676287, 2.7646332392443282, 0.9851673419645754], "Sigma": [[0.011609374057596248, 0.005448042610919137, -0.01034874876074617], [0.005448042610919137, 0.003115263621977603, -0.006474662357333837], [-0.01034874876074617, -0.006474662357333837, 0.04127536505719944]], "chi2_level": 0.95, "chi2_df": 3, "chi2_threshold": 7.814727903251179, "N_raw": 34, "N_roi": 34, "N_inlier": 33, "refit": true}
{"timestamp": "17:41:46.666636", "frame": 48, "mu": [-2.253819689070742, 2.7014197388581325, 0.8628595370030636], "Sigma": [[0.008554198014086621, 0.003817498759366271, -0.004870559732781013], [0.003817498759366271, 0.00210068727991522, -0.0032451001447689667], [-0.004870559732781012, -0.0032451001447689667, 0.013737834751794487]], "chi2_level": 0.95, "chi2_df": 3, "chi2_threshold": 7.814727903251179, "N_raw": 43, "N_roi": 21, "N_inlier": 19, "refit": true}
{"timestamp": "17:41:46.716696", "frame": 49, "mu": [-2.22202587583786, 2.657286777433172, 0.9361937842496961], "Sigma": [[0.0018663278553074124, 0.0013525649557944552, 0.004717576536566289], [0.0013525649557944554, 0.0027389928886078574, -0.002858265053355192], [0.004717576536566289, -0.002858265053355192, 0.07676426239312972]], "chi2_level": 0.95, "chi2_df": 3, "chi2_threshold": 7.814727903251179, "N_raw": 6, "N_roi": 6, "N_inlier": 6, "refit": true}
{"timestamp": "17:41:46.778901", "frame": 50, "mu": [-2.259358133569832, 2.5462249335650844, 1.0096896694748199], "Sigma": [[0.016403932120845694, 0.006288297780293879, -0.01595023911780547], [0.006288297780293879, 0.005870431234589695, -0.011863536420281633], [-0.01595023911780547, -0.011863536420281633, 0.03666516322313633]], "chi2_level": 0.95, "chi2_df": 3, "chi2_threshold": 7.814727903251179, "N_raw": 60, "N_roi": 54, "N_inlier": 53, "refit": true}
{"timestamp": "17:41:46.829311", "frame": 51, "mu": [-2.212540026308325, 2.5053861991454385, 0.811151616111608], "Sigma": [[0.005907036766695854, 0.0001288270334343757, -0.0038962724185748372], [0.00012882703343437563, 0.0010865051355704546, -0.0019098510434882635], [-0.0038962724185748372, -0.0019098510434882635, 0.02731295379275754]], "chi2_level": 0.95, "chi2_df": 3, "chi2_threshold": 7.814727903251179, "N_raw": 24, "N_roi": 18, "N_inlier": 16, "refit": true}
{"timestamp": "17:41:46.886501", "frame": 52, "mu": [-2.2009741428491556, 2.3942660660912964, 0.7436374308760106], "Sigma": [[0.012609481527384832, 0.00443875155385739, -0.00620692512063835], [0.004438751553857389, 0.0030577734452896955, -0.0057783266123930255], [-0.00620692512063835, -0.005778326612393026, 0.0156349541132609]], "chi2_level": 0.95, "chi2_df": 3, "chi2_threshold": 7.814727903251179, "N_raw": 41, "N_roi": 41, "N_inlier": 38, "refit": true}
{"timestamp": "17:41:46.938158", "frame": 53, "mu": [-2.2010501110680543, 2.2688070723505542, 0.827242800377539], "Sigma": [[0.008610336581403892, 0.0009860874706968603, 0.00199544232428914], [0.0009860874706968603, 0.001851502151335039, -0.0024628526246999504], [0.00199544232428914, -0.0024628526246999504, 0.00826873728895419]], "chi2_level": 0.95, "chi2_df": 3, "chi2_threshold": 7.814727903251179, "N_raw": 17, "N_roi": 15, "N_inlier": 14, "refit": true}
{"timestamp": "17:41:46.994185", "frame": 54, "mu": [-2.202347552301735, 2.253913315888521, 0.8737724457431286], "Sigma": [[0.010276145407878062, 0.004796912462496327, 0.0013164856099179539], [0.004796912462496327, 0.002787601142222689, 0.0008653268920922357], [0.0013164856099179539, 0.0008653268920922357, 0.014593030760581237]], "chi2_level": 0.95, "chi2_df": 3, "chi2_threshold": 7.814727903251179, "N_raw": 30, "N_roi": 24, "N_inlier": 23, "refit": true}
{"timestamp": "17:41:47.054507", "frame": 55, "mu": [-2.1746826624177733, 2.344124102347877, -0.3205733815660106], "Sigma": [[0.020011988464168348, 0.017002525664535795, -0.014055600971896186], [0.017002525664535795, 0.019878030393735275, -0.014277623304101717], [-0.014055600971896185, -0.014277623304101717, 0.014529667822370957]], "chi2_level": 0.95, "chi2_df": 3, "chi2_threshold": 7.814727903251179, "N_raw": 61, "N_roi": 45, "N_inlier": 41, "refit": true}
{"timestamp": "17:41:47.104174", "frame": 56, "mu": [-2.2748509426415366, 2.1220143734011745, 1.2326483329312725], "Sigma": [[0.013411084304035497, 0.007593207469637967, -0.006664911402384505], [0.007593207469637967, 0.008235190907050952, -0.012146291262058457], [-0.006664911402384508, -0.012146291262058458, 0.027113340937689683]], "chi2_level": 0.95, "chi2_df": 3, "chi2_threshold": 7.814727903251179, "N_raw": 22, "N_roi": 6, "N_inlier": 6, "refit": true}
{"timestamp": "17:41:47.158345", "frame": 57, "mu": [-2.315180820217956, 1.9005591093356882, 1.1729705885836166], "Sigma": [[0.01752303678741755, 0.016477882414319567, -0.019576259081400905], [0.016477882414319567, 0.019471297961740974, -0.026297436692876864], [-0.019576259081400905, -0.026297436692876864, 0.0402389128488883]], "chi2_level": 0.95, "chi2_df": 3, "chi2_threshold": 7.814727903251179, "N_raw": 20, "N_roi": 14, "N_inlier": 14, "refit": true}
{"timestamp": "17:41:47.218007", "frame": 58, "mu": [-2.308133336601349, 1.9198649952938098, 1.200550458950453], "Sigma": [[0.013474962614873735, 0.00806331017379211, -0.008708435466255056], [0.00806331017379211, 0.009363834402295148, -0.010646697042966474], [-0.008708435466255058, -0.010646697042966474, 0.014172111096723323]], "chi2_level": 0.95, "chi2_df": 3, "chi2_threshold": 7.814727903251179, "N_raw": 55, "N_roi": 46, "N_inlier": 44, "refit": true}
{"timestamp": "17:41:47.270934", "frame": 59, "mu": [-2.3425397984301624, 1.7903553967651167, 1.068120085198462], "Sigma": [[0.01201328946430474, 0.008471339732978212, -0.0050117796233452114], [0.008471339732978214, 0.009142667667471073, -0.008791480127341456], [-0.0050117796233452114, -0.008791480127341456, 0.012759958575818802]], "chi2_level": 0.95, "chi2_df": 3, "chi2_threshold": 7.814727903251179, "N_raw": 33, "N_roi": 28, "N_inlier": 26, "refit": true}
{"timestamp": "17:41:47.322600", "frame": 60, "mu": [-2.3314603983526414, 1.8330498781592497, 0.9855074653655211], "Sigma": [[0.01191537962817835, 0.006536871887353968, -0.0038195488618053227], [0.006536871887353968, 0.005346814278902843, -0.007116748932140579], [-0.0038195488618053223, -0.007116748932140579, 0.01723173842822776]], "chi2_level": 0.95, "chi2_df": 3, "chi2_threshold": 7.814727903251179, "N_raw": 12, "N_roi": 6, "N_inlier": 6, "refit": true}
{"timestamp": "17:41:47.380723", "frame": 61, "mu": [-2.316542085799669, 1.6556722979862377, 1.2371573136486047], "Sigma": [[0.009324763803015458, 0.007479567778013321, -0.004300689837571393], [0.007479567778013321, 0.011258124991315668, -0.00714729467541332], [-0.004300689837571393, -0.00714729467541332, 0.0060703421742902795]], "chi2_level": 0.95, "chi2_df": 3, "chi2_threshold": 7.814727903251179, "N_raw": 42, "N_roi": 38, "N_inlier": 36, "refit": true}
{"timestamp": "17:41:47.437721", "frame": 62, "mu": [-2.3123877433807025, 1.627124914185239, 1.162743025245238], "Sigma": [[0.01036598644863301, 0.006849316058426811, -0.005377312854628944], [0.006849316058426811, 0.008119801761679887, -0.009450232509232152], [-0.005377312854628944, -0.009450232509232152, 0.01684138419327345]], "chi2_level": 0.95, "chi2_df": 3, "chi2_threshold": 7.814727903251179, "N_raw": 48, "N_roi": 43, "N_inlier": 39, "refit": true}
{"timestamp": "17:41:47.490723", "frame": 63, "mu": [-2.302871469239304, 1.4745898096662156, 1.2220735743991553], "Sigma": [[0.010227541731645995, 0.00921224777581444, -0.008110953785601577], [0.009212247775814442, 0.010028787622650333, -0.010391343861884693], [-0.008110953785601577, -0.010391343861884693, 0.016148054906140102]], "chi2_level": 0.95, "chi2_df": 3, "chi2_threshold": 7.814727903251179, "N_raw": 35, "N_roi": 34, "N_inlier": 29, "refit": true}
{"timestamp": "17:41:47.548511", "frame": 64, "mu": [-2.2613444747098783, 1.4760218559903084, 1.2011616981863857], "Sigma": [[0.01226574431603279, 0.010273347430370824, -0.006819561649317065], [0.010273347430370824, 0.012761748083177251, -0.011662901907730519], [-0.006819561649317065, -0.011662901907730519, 0.01774017410817396]], "chi2_level": 0.95, "chi2_df": 3, "chi2_threshold": 7.814727903251179, "N_raw": 53, "N_roi": 53, "N_inlier": 51, "refit": true}
{"timestamp": "17:41:47.603716", "frame": 65, "mu": [-2.233269943988501, 1.4203063872846124, 1.1999733967248338], "Sigma": [[0.010549072973913843, 0.009390514203905458, -0.0062349682763734576], [0.009390514203905458, 0.013785115200174015, -0.008704612829031184], [-0.0062349682763734576, -0.008704612829031184, 0.0067144309657117965]], "chi2_level": 0.95, "chi2_df": 3, "chi2_threshold": 7.814727903251179, "N_raw": 45, "N_roi": 45, "N_inlier": 39, "refit": true}
{"timestamp": "17:41:47.661963", "frame": 66, "mu": [-2.2207550017755633, 1.3478468109368706, 1.0461337664265495], "Sigma": [[0.01896854999906733, 0.01451253845546524, -0.0071563287755949615], [0.01451253845546524, 0.018218142502764566, -0.012608781426449464], [-0.0071563287755949615, -0.012608781426449464, 0.01130615434614133]], "chi2_level": 0.95, "chi2_df": 3, "chi2_threshold": 7.814727903251179, "N_raw": 74, "N_roi": 73, "N_inlier": 72, "refit": true}
{"timestamp": "17:41:47.718088", "frame": 67, "mu": [-2.239713868959487, 1.2796475495393127, 1.0416827306326992], "Sigma": [[0.0153631598791491, 0.011501211428029786, -0.005878121526874346], [0.011501211428029786, 0.012803089421946396, -0.01410092127974024], [-0.005878121526874346, -0.01410092127974024, 0.033116210581728894]], "chi2_level": 0.95, "chi2_df": 3, "chi2_threshold": 7.814727903251179, "N_raw": 83, "N_roi": 82, "N_inlier": 79, "refit": true}
{"timestamp": "17:41:47.771268", "frame": 68, "mu": [-2.1969848218209873, 1.243600910567836, 1.0104068707414302], "Sigma": [[0.013552540166907923, 0.013020146101961078, -0.004316651872065942], [0.013020146101961078, 0.01786176336900505, -0.012155550773761608], [-0.004316651872065943, -0.012155550773761608, 0.01798336213470199]], "chi2_level": 0.95, "chi2_df": 3, "chi2_threshold": 7.814727903251179, "N_raw": 70, "N_roi": 70, "N_inlier": 67, "refit": true}
{"timestamp": "17:41:47.826426", "frame": 69, "mu": [-2.203802188887587, 1.1762997152245693, 1.0027939800320291], "Sigma": [[0.017851572645967567, 0.013509047543345712, -0.004643615108302746], [0.013509047543345712, 0.0167759539181251, -0.010209399893262878], [-0.004643615108302746, -0.010209399893262878, 0.010357222220475642]], "chi2_level": 0.95, "chi2_df": 3, "chi2_threshold": 7.814727903251179, "N_raw": 72, "N_roi": 72, "N_inlier": 71, "refit": true}
{"timestamp": "17:41:47.878934", "frame": 70, "mu": [-2.194994993546133, 1.1045589329043155, 1.023349557710495], "Sigma": [[0.010604536701697106, 0.010049263581088614, -0.0001786112480240598], [0.010049263581088614, 0.011577668305162455, -0.004869747824378816], [-0.0001786112480240598, -0.004869747824378815, 0.02270241801595734]], "chi2_level": 0.95, "chi2_df": 3, "chi2_threshold": 7.814727903251179, "N_raw": 56, "N_roi": 56, "N_inlier": 55, "refit": true}
{"timestamp": "17:41:47.930802", "frame": 71, "mu": [-2.1776289952875634, 1.0878443845415489, 1.0870065491647722], "Sigma": [[0.008462362231884091, 0.006206281860200263, -0.004970145554751741], [0.006206281860200263, 0.009912758012279938, -0.007609103829264017], [-0.004970145554751741, -0.007609103829264017, 0.007839698122247102]], "chi2_level": 0.95, "chi2_df": 3, "chi2_threshold": 7.814727903251179, "N_raw": 38, "N_roi": 38, "N_inlier": 36, "refit": true}
{"timestamp": "17:41:47.988950", "frame": 72, "mu": [-2.167937213034159, 0.9688994575506588, 0.9690559397151758], "Sigma": [[0.011091529446997756, 0.009575412547128567, -0.0011718611775790408], [0.009575412547128567, 0.011469726084047388, -0.005097485683332384], [-0.0011718611775790406, -0.005097485683332383, 0.0119896758225669]], "chi2_level": 0.95, "chi2_df": 3, "chi2_threshold": 7.814727903251179, "N_raw": 51, "N_roi": 51, "N_inlier": 50, "refit": true}
{"timestamp": "17:41:48.046037", "frame": 73, "mu": [-2.12696124107333, 0.9512444175134274, 0.9880775429825741], "Sigma": [[0.011660477597494872, 0.012123036616651052, 0.002291897847905739], [0.012123036616651052, 0.01944461920429571, -0.0031712304278395265], [0.002291897847905739, -0.0031712304278395265, 0.023135083517471882]], "chi2_level": 0.95, "chi2_df": 3, "chi2_threshold": 7.814727903251179, "N_raw": 69, "N_roi": 69, "N_inlier": 69, "refit": true}
{"timestamp": "17:41:48.099114", "frame": 74, "mu": [-2.1425885093724806, 0.8588708374821786, 0.9826300804986057], "Sigma": [[0.01206710035785404, 0.00988174473551362, -0.0034324432011317973], [0.009881744735513618, 0.014536656546327178, -0.007595743242127863], [-0.0034324432011317973, -0.007595743242127863, 0.01305566775234022]], "chi2_level": 0.95, "chi2_df": 3, "chi2_threshold": 7.814727903251179, "N_raw": 56, "N_roi": 56, "N_inlier": 55, "refit": true}
{"timestamp": "17:41:48.150894", "frame": 75, "mu": [-2.0855462729792063, 0.8907668854925199, 0.9843108298680049], "Sigma": [[0.009372385507015931, 0.0061108326056962484, 0.001912251293346178], [0.0061108326056962484, 0.008485345789650676, -0.0024243207962124087], [0.001912251293346178, -0.002424320796212409, 0.009355235865767997]], "chi2_level": 0.95, "chi2_df": 3, "chi2_threshold": 7.814727903251179, "N_raw": 34, "N_roi": 34, "N_inlier": 32, "refit": true}
{"timestamp": "17:41:48.203394", "frame": 76, "mu": [-1.9957890484972556, 0.792487041953957, 1.005091928703432], "Sigma": [[0.005212237445443346, 0.007391581117785436, -0.002327503107681695], [0.007391581117785436, 0.011619156754031598, -0.003813744913971032], [-0.002327503107681695, -0.0038137449139710325, 0.003940666902648945]], "chi2_level": 0.95, "chi2_df": 3, "chi2_threshold": 7.814727903251179, "N_raw": 19, "N_roi": 19, "N_inlier": 19, "refit": true}
{"timestamp": "17:41:48.263060", "frame": 77, "mu": [-2.0052509635009548, 0.765245399734158, 1.0989878445445043], "Sigma": [[0.01111095405004396, 0.011115395718319963, -0.0007394706305239463], [0.011115395718319963, 0.01804102665363861, -0.0067499597736635115], [-0.0007394706305239461, -0.0067499597736635115, 0.007860493710934086]], "chi2_level": 0.95, "chi2_df": 3, "chi2_threshold": 7.814727903251179, "N_raw": 56, "N_roi": 56, "N_inlier": 54, "refit": true}
{"timestamp": "17:41:48.371540", "frame": 79, "mu": [-1.9436775667140367, 0.7615204937349211, 1.09929920106803], "Sigma": [[0.005979980142858038, 0.004030080806166403, 7.367213412976191e-05], [0.004030080806166403, 0.013007497957186252, -0.004260527240541762], [7.367213412976184e-05, -0.004260527240541762, 0.0018086719378367867]], "chi2_level": 0.95, "chi2_df": 3, "chi2_threshold": 7.814727903251179, "N_raw": 41, "N_roi": 41, "N_inlier": 35, "refit": true}
{"timestamp": "17:41:48.429034", "frame": 80, "mu": [-1.9295215080970096, 0.6385000666788377, 1.044827091441463], "Sigma": [[0.00857720523178006, 0.0086605831058513, 0.00021234302300843948], [0.0086605831058513, 0.013553271348451405, -0.0052690090209581136], [0.00021234302300843954, -0.005269009020958114, 0.008669479893665552]], "chi2_level": 0.95, "chi2_df": 3, "chi2_threshold": 7.814727903251179, "N_raw": 55, "N_roi": 55, "N_inlier": 47, "refit": true}
{"timestamp": "17:41:48.483770", "frame": 81, "mu": [-1.885356360711602, 0.8475416376406404, -0.6961605605430523], "Sigma": [[0.008235644936832289, 0.007033300580374278, -0.0007117301394822778], [0.007033300580374277, 0.0165943294001385, -0.004547485223136746], [-0.0007117301394822778, -0.004547485223136746, 0.0024127591175425885]], "chi2_level": 0.95, "chi2_df": 3, "chi2_threshold": 7.814727903251179, "N_raw": 51, "N_roi": 51, "N_inlier": 44, "refit": true}
{"timestamp": "17:41:48.537954", "frame": 82, "mu": [-1.8612227742541003, 0.6369490008239506, 1.1101557430083306], "Sigma": [[0.006566085095205377, 0.005189654909797123, -0.0015353567343292193], [0.005189654909797122, 0.012553415045343767, -0.007282652020609907], [-0.0015353567343292193, -0.007282652020609907, 0.00571238424580973]], "chi2_level": 0.95, "chi2_df": 3, "chi2_threshold": 7.814727903251179, "N_raw": 46, "N_roi": 46, "N_inlier": 42, "refit": true}
{"timestamp": "17:41:48.596266", "frame": 83, "mu": [-0.8177008960908205, 0.526298358941343, 0.9943788675466738], "Sigma": [[2.877675557094365, -0.026770594657688006, -0.014664489733694637], [-0.026770594657688017, 0.011642717183784313, -0.0003970673717397352], [-0.01466448973369464, -0.0003970673717397351, 0.014374506866365775]], "chi2_level": 0.95, "chi2_df": 3, "chi2_threshold": 7.814727903251179, "N_raw": 66, "N_roi": 66, "N_inlier": 64, "refit": true}
{"timestamp": "17:41:48.649051", "frame": 84, "mu": [-1.4112557818451497, 0.5671230381883478, 1.0711036988939198], "Sigma": [[1.3436312804733084, -0.039455862903309526, 0.02774608414383122], [-0.03945586290330953, 0.012104824833133047, -0.003900596176618339], [0.027746084143831215, -0.003900596176618339, 0.00856356591323877]], "chi2_level": 0.95, "chi2_df": 3, "chi2_threshold": 7.814727903251179, "N_raw": 52, "N_roi": 52, "N_inlier": 50, "refit": true}
{"timestamp": "17:41:48.700674", "frame": 85, "mu": [-1.1094651750949198, 0.485534287870263, 1.0015403413265147], "Sigma": [[2.0601341752956452, -0.04316740084354957, -0.05145769405096444], [-0.04316740084354957, 0.01169268658073342, 0.005719573060377538], [-0.05145769405096444, 0.005719573060377539, 0.020966060117618195]], "chi2_level": 0.95, "chi2_df": 3, "chi2_threshold": 7.814727903251179, "N_raw": 35, "N_roi": 35, "N_inlier": 33, "refit": true}
{"timestamp": "17:41:48.757100", "frame": 86, "mu": [-0.14136413402950218, 0.4378913730797261, 0.9444555465115843], "Sigma": [[3.0089282550388736, 0.027640425409196298, -0.07638980551624587], [0.027640425409196305, 0.009712455681715361, -0.0006984523832134124], [-0.07638980551624586, -0.0006984523832134123, 0.01945041381301508]], "chi2_level": 0.95, "chi2_df": 3, "chi2_threshold": 7.814727903251179, "N_raw": 47, "N_roi": 47, "N_inlier": 47, "refit": true}
{"timestamp": "17:41:48.812137", "frame": 87, "mu": [-0.07907169398658837, 0.3794301747388093, 0.9479853820091766], "Sigma": [[2.835538407620531, 0.03821447203613765, -0.05086136767972112], [0.03821447203613765, 0.009953993025770722, 0.0038650735056256916], [-0.05086136767972112, 0.003865073505625692, 0.014803359209223132]], "chi2_level": 0.95, "chi2_df": 3, "chi2_threshold": 7.814727903251179, "N_raw": 46, "N_roi": 46, "N_inlier": 44, "refit": true}
{"timestamp": "17:41:48.868976", "frame": 88, "mu": [-0.30414892351299383, 0.420916669278403, 1.029972681221233], "Sigma": [[2.739888711496161, 0.006975999441211321, -0.018926397530929295], [0.006975999441211321, 0.0060029694768950126, 0.0017622201041463449], [-0.018926397530929295, 0.0017622201041463449, 0.014069865754009552]], "chi2_level": 0.95, "chi2_df": 3, "chi2_threshold": 7.814727903251179, "N_raw": 54, "N_roi": 54, "N_inlier": 52, "refit": true}
{"timestamp": "17:41:48.920949", "frame": 89, "mu": [0.1823932481120573, 0.6119983308006683, -0.928218552015999], "Sigma": [[2.5899296337423543, 0.06685549251476694, 0.01796314286513185], [0.06685549251476694, 0.006067247306735747, -0.000911224581654825], [0.01796314286513185, -0.000911224581654825, 0.006591762602785222]], "chi2_level": 0.95, "chi2_df": 3, "chi2_threshold": 7.814727903251179, "N_raw": 31, "N_roi": 31, "N_inlier": 29, "refit": true}
{"timestamp": "17:41:49.018547", "frame": 90, "mu": [0.4397080388271366, 0.6277633678778416, -0.8777146934302729], "Sigma": [[2.3274900811731216, 0.08924226050110796, -0.021899273969495606], [0.08924226050110796, 0.010801198473396794, 0.0013082594321917691], [-0.021899273969495606, 0.0013082594321917696, 0.014162102727577145]], "chi2_level": 0.95, "chi2_df": 3, "chi2_threshold": 7.814727903251179, "N_raw": 47, "N_roi": 47, "N_inlier": 46, "refit": true}
{"timestamp": "17:41:49.050455", "frame": 91, "mu": [0.3182841036785022, 0.6043738253105033, -0.8644951082891066], "Sigma": [[2.3407887403641086, 0.0712227497876676, -0.0012054594182938569], [0.07122274978766759, 0.00969666283138582, -0.0006539511142671478], [-0.00120545941829385, -0.0006539511142671478, 0.010693912210018502]], "chi2_level": 0.95, "chi2_df": 3, "chi2_threshold": 7.814727903251179, "N_raw": 45, "N_roi": 45, "N_inlier": 43, "refit": true}
{"timestamp": "17:41:49.087239", "frame": 92, "mu": [0.02936449566731912, 0.6112856396285844, -0.8634952064934829], "Sigma": [[2.4203279454150963, 0.06275883482975572, -0.05777654980409781], [0.06275883482975572, 0.007784418463726832, -0.002102623425610975], [-0.05777654980409781, -0.002102623425610975, 0.012999755622843698]], "chi2_level": 0.95, "chi2_df": 3, "chi2_threshold": 7.814727903251179, "N_raw": 35, "N_roi": 35, "N_inlier": 34, "refit": true}
{"timestamp": "17:41:49.142407", "frame": 93, "mu": [0.1788255354779893, 0.42668923771325, -0.9713884744552584], "Sigma": [[2.382742165205211, -0.05473786740729412, -0.037634947502435], [-0.05473786740729412, 0.017156913807394647, -0.0007480832487376534], [-0.037634947502435005, -0.0007480832487376534, 0.00444858152886647]], "chi2_level": 0.95, "chi2_df": 3, "chi2_threshold": 7.814727903251179, "N_raw": 48, "N_roi": 48, "N_inlier": 45, "refit": true}
{"timestamp": "17:41:49.199459", "frame": 94, "mu": [0.104657438660192, 0.3373084856398236, 1.0627829105408038], "Sigma": [[2.189461017694728, 0.06256663882094235, -0.031207134102339718], [0.06256663882094234, 0.006803757597185668, -0.00047797399417385763], [-0.03120713410233972, -0.0004779739941738572, 0.01626941133310543]], "chi2_level": 0.95, "chi2_df": 3, "chi2_threshold": 7.814727903251179, "N_raw": 50, "N_roi": 50, "N_inlier": 49, "refit": true}
{"timestamp": "17:41:49.251851", "frame": 95, "mu": [0.41384033599252706, 0.5422719300768003, -0.9167805913743394], "Sigma": [[1.991305574155089, 0.05849512895408498, -0.026512546395902906], [0.05849512895408497, 0.006294625489247054, -0.002048696511281186], [-0.026512546395902902, -0.002048696511281186, 0.010212235391073866]], "chi2_level": 0.95, "chi2_df": 3, "chi2_threshold": 7.814727903251179, "N_raw": 36, "N_roi": 36, "N_inlier": 34, "refit": true}
{"timestamp": "17:41:49.309050", "frame": 96, "mu": [0.18478776735598335, 0.30550255904071394, 1.0212670733972147], "Sigma": [[2.0666496954488474, 0.06012825849115931, -0.02671672924132467], [0.06012825849115931, 0.0093395097817575, 0.001434209013510432], [-0.026716729241324667, 0.001434209013510432, 0.013260122232029395]], "chi2_level": 0.95, "chi2_df": 3, "chi2_threshold": 7.814727903251179, "N_raw": 52, "N_roi": 52, "N_inlier": 51, "refit": true}
