{"timestamp": "18:18:23.004566", "frame": 17, "mu": [-0.1116787047328518, 0.3192125243319322, 0.4086482605676463], "Sigma": [[1.7993807866846734, 0.040982509779418703, 0.45355792960306396], [0.040982509779418703, 0.005238633331643415, 0.011846045734300363], [0.45355792960306385, 0.011846045734300363, 0.11532150381697137]], "chi2_level": 0.95, "chi2_df": 3, "chi2_threshold": 7.814727903251179, "N_raw": 5, "N_roi": 5, "N_inlier": 5, "refit": true}
{"timestamp": "18:18:23.278353", "frame": 22, "mu": [-0.7545759284584223, 0.18958219563622775, 1.2270971736304574], "Sigma": [[0.7691851429241444, 0.0029663726315426664, -0.010104696800998843], [0.0029663726315426672, 0.0004600966247991102, -0.0003104915231067837], [-0.010104696800998845, -0.0003104915231067837, 0.000834642693353889]], "chi2_level": 0.95, "chi2_df": 3, "chi2_threshold": 7.814727903251179, "N_raw": 7, "N_roi": 7, "N_inlier": 7, "refit": true}
{"timestamp": "18:18:23.335004", "frame": 23, "mu": [0.8827981668501945, 0.25440926419282367, 0.8896084432839242], "Sigma": [[1.0037637072976362, 0.04785314521046262, -0.012521738805435764], [0.047853145210462626, 0.008985131045555731, -0.0006156799096898107], [-0.012521738805435764, -0.0006156799096898107, 0.0013905908860751182]], "chi2_level": 0.95, "chi2_df": 3, "chi2_threshold": 7.814727903251179, "N_raw": 15, "N_roi": 15, "N_inlier": 13, "refit": true}
{"timestamp": "18:18:23.389283", "frame": 24, "mu": [0.4298218175544998, 0.22521895330784067, 1.1735932370677846], "Sigma": [[1.2108486110670444, 0.027225526493226057, -0.03894448232245451], [0.027225526493226057, 0.002397796771746257, -0.0010405244741555127], [-0.03894448232245451, -0.0010405244741555127, 0.002324265967180763]], "chi2_level": 0.95, "chi2_df": 3, "chi2_threshold": 7.814727903251179, "N_raw": 12, "N_roi": 12, "N_inlier": 12, "refit": true}
{"timestamp": "18:18:23.443912", "frame": 25, "mu": [-1.2247080876134522, 0.4927378023606749, -0.7854092604599529], "Sigma": [[0.01380741939747688, -0.005970585905652027, 0.019741621747380075], [-0.005970585905652027, 0.0036438471257386525, -0.010255609864940344], [0.019741621747380075, -0.010255609864940344, 0.032746587530110394]], "chi2_level": 0.95, "chi2_df": 3, "chi2_threshold": 7.814727903251179, "N_raw": 12, "N_roi": 12, "N_inlier": 11, "refit": true}
{"timestamp": "18:18:23.499377", "frame": 26, "mu": [0.3503900738631702, 0.2740759344146654, 1.2760711897211996], "Sigma": [[1.004626392624306, 0.03128023971376552, 0.026357538420148922], [0.03128023971376551, 0.009318607719980039, -0.004964321942372628], [0.026357538420148922, -0.004964321942372627, 0.010314883100244735]], "chi2_level": 0.95, "chi2_df": 3, "chi2_threshold": 7.814727903251179, "N_raw": 18, "N_roi": 18, "N_inlier": 17, "refit": true}
{"timestamp": "18:18:23.557491", "frame": 27, "mu": [0.36560956209540785, 0.24725695488303975, 1.2620094719285817], "Sigma": [[1.021341378027188, 0.030605053439354633, -0.02326652366917087], [0.03060505343935463, 0.004943852263700162, -0.0006965263767727565], [-0.02326652366917087, -0.0006965263767727565, 0.008579712996766431]], "chi2_level": 0.95, "chi2_df": 3, "chi2_threshold": 7.814727903251179, "N_raw": 28, "N_roi": 28, "N_inlier": 25, "refit": true}
{"timestamp": "18:18:23.722864", "frame": 30, "mu": [0.21587498831906962, 0.22341164029863944, 1.2969300801017427], "Sigma": [[1.0462032916670123, 0.025620151794184757, -0.02322360698978123], [0.02562015179418476, 0.003240358499273289, -5.701157292153068e-05], [-0.023223606989781233, -5.701157292153041e-05, 0.00668755575050913]], "chi2_level": 0.95, "chi2_df": 3, "chi2_threshold": 7.814727903251179, "N_raw": 32, "N_roi": 32, "N_inlier": 30, "refit": true}
{"timestamp": "18:18:23.775916", "frame": 31, "mu": [-0.01881297805801383, 0.22442893616202286, 1.2892157240553195], "Sigma": [[1.0352882332040003, -0.003739841205203415, -0.033718555335474645], [-0.0037398412052034144, 0.0026684011613219427, 0.0010691644637845573], [-0.03371855533547464, 0.0010691644637845573, 0.005984674611074904]], "chi2_level": 0.95, "chi2_df": 3, "chi2_threshold": 7.814727903251179, "N_raw": 24, "N_roi": 24, "N_inlier": 20, "refit": true}
{"timestamp": "18:18:23.835299", "frame": 32, "mu": [-1.1042649453362838, 0.4801537121035547, -0.5883262012689259], "Sigma": [[0.004926033378435362, -6.141554386382115e-05, 0.0016738375773345093], [-6.141554386382112e-05, 0.004834157923432362, -0.0027390757636221313], [0.0016738375773345097, -0.0027390757636221313, 0.002688481828444178]], "chi2_level": 0.95, "chi2_df": 3, "chi2_threshold": 7.814727903251179, "N_raw": 52, "N_roi": 52, "N_inlier": 45, "refit": true}
{"timestamp": "18:18:23.888609", "frame": 33, "mu": [-0.44551415008926826, 0.24823186043191314, 1.3076135199668364], "Sigma": [[0.9783241442981055, -0.01338132615346116, 0.012224519555835988], [-0.013381326153461158, 0.0034931728661441236, -0.0006039120065588114], [0.012224519555835988, -0.0006039120065588115, 0.0015756245534421975]], "chi2_level": 0.95, "chi2_df": 3, "chi2_threshold": 7.814727903251179, "N_raw": 41, "N_roi": 41, "N_inlier": 38, "refit": true}
{"timestamp": "18:18:23.947249", "frame": 34, "mu": [-1.0887984122676193, 0.3441909802434366, 1.2947193081247395], "Sigma": [[0.0064021291457228005, 0.0035300653760067025, -0.00017451560265932113], [0.0035300653760067025, 0.005190962110777012, -0.0037922489587933765], [-0.00017451560265932113, -0.0037922489587933765, 0.005710974478598435]], "chi2_level": 0.95, "chi2_df": 3, "chi2_threshold": 7.814727903251179, "N_raw": 67, "N_roi": 67, "N_inlier": 62, "refit": true}
{"timestamp": "18:18:23.999428", "frame": 35, "mu": [-1.0535644735627254, 0.3829495072589572, 1.3589612117516485], "Sigma": [[0.005391180776794906, 0.0031023431680275862, 0.0016627521020556252], [0.0031023431680275867, 0.0036099914848768903, 0.0002250661517012128], [0.0016627521020556252, 0.0002250661517012128, 0.005962566477661303]], "chi2_level": 0.95, "chi2_df": 3, "chi2_threshold": 7.814727903251179, "N_raw": 48, "N_roi": 48, "N_inlier": 47, "refit": true}
{"timestamp": "18:18:24.055278", "frame": 36, "mu": [-1.0441647302073211, 0.4757420971866943, 1.3811108048087823], "Sigma": [[0.004600687352780354, 0.0017526450941366472, 0.001589574227533579], [0.0017526450941366472, 0.002396158819490897, -0.0011588400457611533], [0.001589574227533579, -0.0011588400457611533, 0.007512555946375133]], "chi2_level": 0.95, "chi2_df": 3, "chi2_threshold": 7.814727903251179, "N_raw": 49, "N_roi": 48, "N_inlier": 44, "refit": true}
{"timestamp": "18:18:24.113426", "frame": 37, "mu": [-1.088100019884302, 0.46071925193938745, 1.4017822324324607], "Sigma": [[0.00904438741414349, 0.005336773169685228, 0.002219448083019995], [0.005336773169685228, 0.005472003945039509, -0.0018360820848008319], [0.002219448083019995, -0.0018360820848008319, 0.007270127770492853]], "chi2_level": 0.95, "chi2_df": 3, "chi2_threshold": 7.814727903251179, "N_raw": 74, "N_roi": 74, "N_inlier": 72, "refit": true}
{"timestamp": "18:18:24.164720", "frame": 38, "mu": [-1.0508886666319226, 0.5279998175668528, 1.4597901666070416], "Sigma": [[0.004876402188228812, 0.0017101426093384011, -1.3302570132575132e-05], [0.0017101426093384011, 0.004160071240872239, -0.0032756819253897283], [-1.3302570132575078e-05, -0.0032756819253897283, 0.0035488880098961165]], "chi2_level": 0.95, "chi2_df": 3, "chi2_threshold": 7.814727903251179, "N_raw": 53, "N_roi": 53, "N_inlier": 52, "refit": true}
{"timestamp": "18:18:24.225187", "frame": 39, "mu": [-1.0135627689126103, 0.5019609208977621, 1.415733616604213], "Sigma": [[0.009562746838367968, 0.0022188279587162397, -0.0007563024211383922], [0.0022188279587162397, 0.004857944568394764, -0.004224811133323795], [-0.0007563024211383923, -0.004224811133323794, 0.00455449276844503]], "chi2_level": 0.95, "chi2_df": 3, "chi2_threshold": 7.814727903251179, "N_raw": 86, "N_roi": 86, "N_inlier": 83, "refit": true}
{"timestamp": "18:18:24.280023", "frame": 40, "mu": [-1.0385836403146824, 0.5476996256968696, 1.476965868533693], "Sigma": [[0.011970877417148983, 0.004711393481499708, 0.004052255970657885], [0.004711393481499708, 0.004803629886925198, -0.0012301154426796082], [0.004052255970657885, -0.0012301154426796084, 0.008364577506554689]], "chi2_level": 0.95, "chi2_df": 3, "chi2_threshold": 7.814727903251179, "N_raw": 61, "N_roi": 61, "N_inlier": 59, "refit": true}
{"timestamp": "18:18:24.334669", "frame": 41, "mu": [-0.9808371779670187, 0.5925931091709837, 1.5433608716594367], "Sigma": [[0.006227761963327183, 0.0021069242265001715, 0.00152539183213567], [0.0021069242265001715, 0.0036472003445875605, -0.0028291839184747805], [0.00152539183213567, -0.0028291839184747805, 0.008259013041220887]], "chi2_level": 0.95, "chi2_df": 3, "chi2_threshold": 7.814727903251179, "N_raw": 64, "N_roi": 64, "N_inlier": 59, "refit": true}
{"timestamp": "18:18:24.391434", "frame": 42, "mu": [-0.9092845324322413, 0.6523944929391303, 1.5239162425860437], "Sigma": [[0.009953811710703695, 0.004509800145967911, -0.005117007628496916], [0.004509800145967911, 0.006820017476698669, -0.00553676114850293], [-0.005117007628496916, -0.00553676114850293, 0.0071440159253923574]], "chi2_level": 0.95, "chi2_df": 3, "chi2_threshold": 7.814727903251179, "N_raw": 82, "N_roi": 82, "N_inlier": 77, "refit": true}
{"timestamp": "18:18:24.449822", "frame": 43, "mu": [-0.9068678606031909, 0.6785454279947343, 1.5096128101924315], "Sigma": [[0.015633471140397984, 0.007032120750807504, -0.012692597590282519], [0.007032120750807504, 0.007442570165057747, -0.010834256072097646], [-0.012692597590282519, -0.010834256072097648, 0.02261016174596787]], "chi2_level": 0.95, "chi2_df": 3, "chi2_threshold": 7.814727903251179, "N_raw": 96, "N_roi": 96, "N_inlier": 92, "refit": true}
{"timestamp": "18:18:24.497971", "frame": 44, "mu": [-0.75200000858267, 0.8017704123833492, 1.2545624458845483], "Sigma": [[0.039455792668943085, 0.027866347600171842, -0.07031477731469007], [0.027866347600171842, 0.02298535210791608, -0.05404719024682888], [-0.07031477731469007, -0.05404719024682888, 0.13484953061519311]], "chi2_level": 0.95, "chi2_df": 3, "chi2_threshold": 7.814727903251179, "N_raw": 47, "N_roi": 47, "N_inlier": 45, "refit": true}
{"timestamp": "18:18:24.552477", "frame": 45, "mu": [-0.5350695499889553, 1.0019360996355378, 0.9971323712580835], "Sigma": [[0.003565875594674585, 0.0011843543887426482, -0.0005839779818059676], [0.0011843543887426482, 0.0038438718418383464, -0.003759665214614162], [-0.0005839779818059675, -0.0037596652146141625, 0.005451463296993257]], "chi2_level": 0.95, "chi2_df": 3, "chi2_threshold": 7.814727903251179, "N_raw": 46, "N_roi": 46, "N_inlier": 40, "refit": true}
{"timestamp": "18:18:24.604320", "frame": 46, "mu": [-0.8606082409791516, 0.7241849333321878, 1.4226567820100104], "Sigma": [[0.048198230595363475, 0.020923751497314555, -0.06937603388005618], [0.02092375149731456, 0.013987052705763838, -0.03916957396633759], [-0.06937603388005618, -0.0391695739663376, 0.12937084040363697]], "chi2_level": 0.95, "chi2_df": 3, "chi2_threshold": 7.814727903251179, "N_raw": 28, "N_roi": 28, "N_inlier": 25, "refit": true}
{"timestamp": "18:18:24.657873", "frame": 47, "mu": [-0.7746136033737976, 0.7440572616412806, 1.3175617138818463], "Sigma": [[0.04039394377042135, 0.024647270550729204, -0.05177426322625381], [0.024647270550729204, 0.018161442332488276, -0.034562464316791164], [-0.05177426322625381, -0.034562464316791164, 0.08319198174364817]], "chi2_level": 0.95, "chi2_df": 3, "chi2_threshold": 7.814727903251179, "N_raw": 20, "N_roi": 20, "N_inlier": 19, "refit": true}
{"timestamp": "18:18:24.721943", "frame": 48, "mu": [-0.5522121449387181, 0.9975881852100204, 1.2225669335634883], "Sigma": [[0.020432357533506553, 0.021743144458177894, -0.029721139985055427], [0.021743144458177897, 0.029213714543393717, -0.03831250508531991], [-0.029721139985055427, -0.03831250508531991, 0.05179971472029376]], "chi2_level": 0.95, "chi2_df": 3, "chi2_threshold": 7.814727903251179, "N_raw": 85, "N_roi": 84, "N_inlier": 81, "refit": true}
{"timestamp": "18:18:24.777320", "frame": 49, "mu": [-0.5191414047326836, 1.041730672120528, 1.1002082373637763], "Sigma": [[0.009469675346096015, 0.009283221815407208, -0.018318845834423975], [0.009283221815407208, 0.016735388838244023, -0.031102766375513576], [-0.018318845834423975, -0.031102766375513576, 0.06132872369638132]], "chi2_level": 0.95, "chi2_df": 3, "chi2_threshold": 7.814727903251179, "N_raw": 75, "N_roi": 71, "N_inlier": 68, "refit": true}
{"timestamp": "18:18:24.822714", "frame": 50, "mu": [-0.4067980633388121, 1.1162850594206648, 1.0214377810009174], "Sigma": [[0.0063209664444126516, 0.009405846646249121, -0.003711653216393922], [0.009405846646249121, 0.023805817989752703, -0.007507123083603391], [-0.0037116532163939215, -0.007507123083603391, 0.0034410567859792934]], "chi2_level": 0.95, "chi2_df": 3, "chi2_threshold": 7.814727903251179, "N_raw": 21, "N_roi": 18, "N_inlier": 16, "refit": true}
{"timestamp": "18:18:24.881075", "frame": 51, "mu": [-0.40781127570434733, 1.0298556175219478, 1.011370895569487], "Sigma": [[0.0033903818833444827, 0.004078033920666154, -0.0038986369008001294], [0.004078033920666154, 0.013854097218004497, 0.003232953822918922], [-0.00389863690080013, 0.0032329538229189216, 0.022455370465521478]], "chi2_level": 0.95, "chi2_df": 3, "chi2_threshold": 7.814727903251179, "N_raw": 39, "N_roi": 37, "N_inlier": 34, "refit": true}
{"timestamp": "18:18:24.942242", "frame": 52, "mu": [-0.32508570912910556, 1.123944558858552, 0.9564043519510189], "Sigma": [[0.004684178289233036, 0.004473264789519262, 0.0019523993737487816], [0.004473264789519262, 0.01885147764714154, 0.0025889855285571527], [0.0019523993737487816, 0.002588985528557153, 0.0031440625183891905]], "chi2_level": 0.95, "chi2_df": 3, "chi2_threshold": 7.814727903251179, "N_raw": 81, "N_roi": 81, "N_inlier": 74, "refit": true}
{"timestamp": "18:18:24.990935", "frame": 53, "mu": [-0.4000599959114166, 0.9565777863005657, 1.235849494115217], "Sigma": [[0.0019154144387151593, -0.001052092032579911, -0.0011592916018079063], [-0.001052092032579911, 0.00218593223007145, -0.004579928870261533], [-0.0011592916018079063, -0.0045799288702615334, 0.023838727861325546]], "chi2_level": 0.95, "chi2_df": 3, "chi2_threshold": 7.814727903251179, "N_raw": 41, "N_roi": 41, "N_inlier": 37, "refit": true}
{"timestamp": "18:18:25.058254", "frame": 54, "mu": [-0.35915825853074573, 1.095507298750868, 0.08858951308788816], "Sigma": [[0.005186442015911271, 0.0011457166590526223, 0.04016619933274258], [0.0011457166590526223, 0.01276647409710389, -0.0025251036898477045], [0.04016619933274258, -0.0025251036898477006, 0.5651047271190187]], "chi2_level": 0.95, "chi2_df": 3, "chi2_threshold": 7.814727903251179, "N_raw": 129, "N_roi": 129, "N_inlier": 125, "refit": true}
{"timestamp": "18:18:25.107374", "frame": 55, "mu": [-0.3196133217737538, 1.0941466833499054, 1.1349769016217974], "Sigma": [[0.00676320197805851, 0.005735850086639025, -0.008746446512524157], [0.005735850086639025, 0.0140357290536626, -0.016020469083795813], [-0.008746446512524157, -0.016020469083795813, 0.021987584834175854]], "chi2_level": 0.95, "chi2_df": 3, "chi2_threshold": 7.814727903251179, "N_raw": 80, "N_roi": 80, "N_inlier": 77, "refit": true}
{"timestamp": "18:18:25.163093", "frame": 56, "mu": [-0.3125010729683178, 1.0193975871427245, 1.1618667721226257], "Sigma": [[0.0029811068064747644, -0.001780327470697429, -0.003989375907476538], [-0.001780327470697429, 0.003266910301299572, 0.005846498933282907], [-0.003989375907476538, 0.005846498933282908, 0.0452215680013222]], "chi2_level": 0.95, "chi2_df": 3, "chi2_threshold": 7.814727903251179, "N_raw": 89, "N_roi": 89, "N_inlier": 82, "refit": true}
{"timestamp": "18:18:25.223549", "frame": 57, "mu": [-0.2898997709086281, 1.1378158673387517, 1.2044355279849628], "Sigma": [[0.008289671236066535, 0.0058260758025241105, -0.007632961100307592], [0.005826075802524111, 0.020325943679786358, -0.012020824449280418], [-0.007632961100307592, -0.012020824449280418, 0.014182428268239634]], "chi2_level": 0.95, "chi2_df": 3, "chi2_threshold": 7.814727903251179, "N_raw": 124, "N_roi": 124, "N_inlier": 118, "refit": true}
{"timestamp": "18:18:25.277749", "frame": 58, "mu": [-0.2033298646180087, 1.263887930735629, 0.13033782210362943], "Sigma": [[0.007305053731240171, 0.003974584768385126, 0.047440330973342576], [0.003974584768385126, 0.0077376847658915514, 0.030765880622543512], [0.047440330973342576, 0.030765880622543512, 0.551023337709971]], "chi2_level": 0.95, "chi2_df": 3, "chi2_threshold": 7.814727903251179, "N_raw": 110, "N_roi": 110, "N_inlier": 105, "refit": true}
{"timestamp": "18:18:25.331615", "frame": 59, "mu": [-0.29740895839888504, 1.2688159980509965, -0.5744047336558965], "Sigma": [[0.005231659815519687, 0.002095838535741432, 0.0056158459522035725], [0.002095838535741432, 0.00712358682198286, 0.0022556478194256653], [0.0056158459522035725, 0.0022556478194256644, 0.05300928518125196]], "chi2_level": 0.95, "chi2_df": 3, "chi2_threshold": 7.814727903251179, "N_raw": 109, "N_roi": 108, "N_inlier": 107, "refit": true}
{"timestamp": "18:18:25.387113", "frame": 60, "mu": [-0.291649437516171, 1.1852183670823295, 1.220700482264335], "Sigma": [[0.005792672203582156, -0.005640741308842677, -0.0015482828609590072], [-0.005640741308842677, 0.01109108248365734, -0.0029841008628457765], [-0.0015482828609590072, -0.0029841008628457765, 0.009575253863189288]], "chi2_level": 0.95, "chi2_df": 3, "chi2_threshold": 7.814727903251179, "N_raw": 113, "N_roi": 113, "N_inlier": 101, "refit": true}
{"timestamp": "18:18:25.440204", "frame": 61, "mu": [-0.24055513067035114, 1.2659492771798408, -0.18298415894011466], "Sigma": [[0.0043813707621531755, -0.0014933459071392893, 0.042270802991096715], [-0.0014933459071392896, 0.011989976962464614, -0.034283702837884004], [0.042270802991096715, -0.034283702837884004, 0.6263460887384228]], "chi2_level": 0.95, "chi2_df": 3, "chi2_threshold": 7.814727903251179, "N_raw": 97, "N_roi": 97, "N_inlier": 95, "refit": true}
{"timestamp": "18:18:25.492137", "frame": 62, "mu": [-0.21051185734038258, 1.1905624536535788, 1.198005645509074], "Sigma": [[0.004206139824549753, -0.0013879389978691148, -0.00018318560767348438], [-0.0013879389978691148, 0.004382372129304397, -0.0034433899436951457], [-0.00018318560767348438, -0.0034433899436951457, 0.003866280797568811]], "chi2_level": 0.95, "chi2_df": 3, "chi2_threshold": 7.814727903251179, "N_raw": 78, "N_roi": 77, "N_inlier": 72, "refit": true}
{"timestamp": "18:18:25.552573", "frame": 63, "mu": [-0.20274625614982528, 1.224600336574799, 0.8177389136377232], "Sigma": [[0.005149608021094884, 0.0005687795054375199, 0.006490694073175073], [0.0005687795054375201, 0.009311448868837677, -0.01617643957583178], [0.006490694073175074, -0.016176439575831782, 0.25351868933443794]], "chi2_level": 0.95, "chi2_df": 3, "chi2_threshold": 7.814727903251179, "N_raw": 117, "N_roi": 117, "N_inlier": 114, "refit": true}
{"timestamp": "18:18:25.606298", "frame": 64, "mu": [-0.19587648446805023, 1.324920679578946, 0.9301004534925399], "Sigma": [[0.004318871480792011, 0.0004674889633889007, -0.007101685117954581], [0.0004674889633889007, 0.005175314013388724, 0.005951753477640015], [-0.00710168511795458, 0.005951753477640015, 0.3458014508493674]], "chi2_level": 0.95, "chi2_df": 3, "chi2_threshold": 7.814727903251179, "N_raw": 107, "N_roi": 107, "N_inlier": 104, "refit": true}
{"timestamp": "18:18:25.657031", "frame": 65, "mu": [-0.12910448556192852, 1.3186204596359294, 0.966120336444891], "Sigma": [[0.00711597820971785, -0.003948780152550928, 0.002406874990916768], [-0.003948780152550928, 0.0053903876281832875, 0.008179642883372366], [0.002406874990916769, 0.008179642883372367, 0.24885370488748504]], "chi2_level": 0.95, "chi2_df": 3, "chi2_threshold": 7.814727903251179, "N_raw": 76, "N_roi": 76, "N_inlier": 71, "refit": true}
{"timestamp": "18:18:25.714598", "frame": 66, "mu": [-0.10829856182556796, 1.4228741176022028, 1.0383884649115092], "Sigma": [[0.0066472394893999035, 0.0002119005273787984, 0.015193564811558709], [0.0002119005273787984, 0.005442490964934728, 0.001700907977853478], [0.015193564811558709, 0.0017009079778534785, 0.34827224553994063]], "chi2_level": 0.95, "chi2_df": 3, "chi2_threshold": 7.814727903251179, "N_raw": 101, "N_roi": 99, "N_inlier": 98, "refit": true}
{"timestamp": "18:18:25.767140", "frame": 67, "mu": [-0.06845767640086435, 1.6150039597214398, -0.49271235769666966], "Sigma": [[0.004060301837073557, -0.0021635455905334383, 0.012731579782802125], [-0.0021635455905334383, 0.008142685623930437, -0.03257270099897959], [0.012731579782802125, -0.03257270099897959, 0.20698440645590246]], "chi2_level": 0.95, "chi2_df": 3, "chi2_threshold": 7.814727903251179, "N_raw": 77, "N_roi": 77, "N_inlier": 72, "refit": true}
{"timestamp": "18:18:25.821965", "frame": 68, "mu": [-0.06411698241754774, 1.6718159723528103, -0.63293251064972], "Sigma": [[0.004911245244685453, -0.005118827387977635, 0.025367750547945697], [-0.0051188273879776355, 0.014669073914895149, -0.0661899461779489], [0.025367750547945697, -0.0661899461779489, 0.35731343426376555]], "chi2_level": 0.95, "chi2_df": 3, "chi2_threshold": 7.814727903251179, "N_raw": 82, "N_roi": 82, "N_inlier": 75, "refit": true}
{"timestamp": "18:18:25.876866", "frame": 69, "mu": [0.004755052126729263, 1.4793508636874013, 1.2187330706806327], "Sigma": [[0.004966994731707713, -0.0014974868414051952, -0.010548254335287558], [-0.0014974868414051954, 0.002814278730963678, 0.0060216289036316316], [-0.010548254335287558, 0.006021628903631632, 0.06338174748860936]], "chi2_level": 0.95, "chi2_df": 3, "chi2_threshold": 7.814727903251179, "N_raw": 88, "N_roi": 88, "N_inlier": 85, "refit": true}
{"timestamp": "18:18:25.927096", "frame": 70, "mu": [-0.02184900292089566, 1.552853410357173, 1.133447689730212], "Sigma": [[0.00713691965280218, -0.007261511967206002, -0.022609719751283362], [-0.007261511967206002, 0.012809570964639345, 0.035157281426007526], [-0.022609719751283366, 0.035157281426007526, 0.12433876663127984]], "chi2_level": 0.95, "chi2_df": 3, "chi2_threshold": 7.814727903251179, "N_raw": 43, "N_roi": 43, "N_inlier": 40, "refit": true}
{"timestamp": "18:18:25.986584", "frame": 71, "mu": [0.024133680065561925, 1.5681337543952159, 1.082083608391389], "Sigma": [[0.004635045546929214, -0.0014855396144967024, -0.015371537483854902], [-0.0014855396144967024, 0.003958677371548718, 0.005586687613846687], [-0.015371537483854902, 0.005586687613846687, 0.14874284571684415]], "chi2_level": 0.95, "chi2_df": 3, "chi2_threshold": 7.814727903251179, "N_raw": 73, "N_roi": 73, "N_inlier": 68, "refit": true}
{"timestamp": "18:18:26.043702", "frame": 72, "mu": [0.028741408487886106, 1.5982721864767924, 1.1449624499277204], "Sigma": [[0.004444179059680936, -0.001664819378887846, -0.005364933351134322], [-0.0016648193788878457, 0.005225179081806621, 0.01851908117040535], [-0.005364933351134323, 0.01851908117040535, 0.26499444573582526]], "chi2_level": 0.95, "chi2_df": 3, "chi2_threshold": 7.814727903251179, "N_raw": 88, "N_roi": 88, "N_inlier": 84, "refit": true}
{"timestamp": "18:18:26.097082", "frame": 73, "mu": [0.10066142703429887, 1.5767932948077432, 0.8735400251828424], "Sigma": [[0.009701981506020571, -0.004629187739456305, -0.05244379644947161], [-0.004629187739456305, 0.005916223444461251, 0.03315074993508362], [-0.052443796449471614, 0.03315074993508362, 0.5083101616494138]], "chi2_level": 0.95, "chi2_df": 3, "chi2_threshold": 7.814727903251179, "N_raw": 81, "N_roi": 81, "N_inlier": 80, "refit": true}
{"timestamp": "18:18:26.148703", "frame": 74, "mu": [0.06624992916685449, 1.7790350179158974, -0.25791660909587816], "Sigma": [[0.004222004062817167, 0.0002653946238932693, 0.0036905204429886285], [0.0002653946238932693, 0.005689645130926797, 0.0015583380820997838], [0.0036905204429886285, 0.0015583380820997843, 0.019751754432239952]], "chi2_level": 0.95, "chi2_df": 3, "chi2_threshold": 7.814727903251179, "N_raw": 56, "N_roi": 56, "N_inlier": 52, "refit": true}
{"timestamp": "18:18:26.201928", "frame": 75, "mu": [0.12672519575250843, 1.7359767818645166, 1.3360196525345285], "Sigma": [[0.002637552849502984, -8.71325461349539e-06, -0.006170095959327885], [-8.71325461349539e-06, 0.0010807623165596822, -0.002320540216281847], [-0.006170095959327885, -0.002320540216281847, 0.09025895584393188]], "chi2_level": 0.95, "chi2_df": 3, "chi2_threshold": 7.814727903251179, "N_raw": 42, "N_roi": 42, "N_inlier": 38, "refit": true}
{"timestamp": "18:18:26.255748", "frame": 76, "mu": [0.13494866923600357, 1.7569136415320012, 1.365392282791677], "Sigma": [[0.0036659749472037735, -0.0005776147990156719, -0.014244896150801054], [-0.000577614799015672, 0.003248824467491044, 0.0058358006082810734], [-0.014244896150801056, 0.005835800608281072, 0.16680217189105628]], "chi2_level": 0.95, "chi2_df": 3, "chi2_threshold": 7.814727903251179, "N_raw": 37, "N_roi": 37, "N_inlier": 34, "refit": true}
{"timestamp": "18:18:26.318150", "frame": 77, "mu": [0.11292694076121601, 1.7680978969046692, -0.39892361023004286], "Sigma": [[0.015071530103433707, 0.006740091337317075, 0.13034413275030643], [0.0067400913373170755, 0.009106105359661562, 0.05109972801783603], [0.13034413275030643, 0.05109972801783603, 1.3437640957812296]], "chi2_level": 0.95, "chi2_df": 3, "chi2_threshold": 7.814727903251179, "N_raw": 90, "N_roi": 90, "N_inlier": 83, "refit": true}
{"timestamp": "18:18:26.373294", "frame": 78, "mu": [0.1929108919391643, 1.7727380898348004, 1.1065068595950283], "Sigma": [[0.015620966454169848, 0.0011320183727539298, 0.035715758605122674], [0.00113201837275393, 0.003285256792018785, 0.004584590465289807], [0.035715758605122674, 0.004584590465289806, 0.14454906191557507]], "chi2_level": 0.95, "chi2_df": 3, "chi2_threshold": 7.814727903251179, "N_raw": 84, "N_roi": 84, "N_inlier": 79, "refit": true}
{"timestamp": "18:18:26.429064", "frame": 79, "mu": [0.14159376413912045, 1.8263073717545009, 0.9388357400429392], "Sigma": [[0.018731427069684517, 0.005316567318722118, 0.0576134128375077], [0.005316567318722118, 0.005625533164118342, 0.026766811412814957], [0.05761341283750769, 0.02676681141281496, 0.29798569901667776]], "chi2_level": 0.95, "chi2_df": 3, "chi2_threshold": 7.814727903251179, "N_raw": 88, "N_roi": 88, "N_inlier": 83, "refit": true}
{"timestamp": "18:18:26.488227", "frame": 80, "mu": [0.21901526313068184, 1.8485906913707135, 1.0181841223397254], "Sigma": [[0.02367052222265061, 0.004095999215646327, 0.05317377111429175], [0.0040959992156463275, 0.003781422197625266, 0.01933284025983397], [0.05317377111429176, 0.01933284025983397, 0.25386962735760465]], "chi2_level": 0.95, "chi2_df": 3, "chi2_threshold": 7.814727903251179, "N_raw": 118, "N_roi": 118, "N_inlier": 114, "refit": true}
{"timestamp": "18:18:26.542193", "frame": 81, "mu": [0.3156749846535738, 1.876380851800933, 1.028385989406765], "Sigma": [[0.02070360480597025, -0.006203639357428079, 0.02426506884360555], [-0.006203639357428079, 0.003989278099580278, -0.006245879109970246], [0.02426506884360555, -0.006245879109970247, 0.17044818661527508]], "chi2_level": 0.95, "chi2_df": 3, "chi2_threshold": 7.814727903251179, "N_raw": 117, "N_roi": 117, "N_inlier": 113, "refit": true}
{"timestamp": "18:18:26.591719", "frame": 82, "mu": [0.38206400014078334, 1.9701220448651942, -0.43391087152091096], "Sigma": [[0.007425588536104102, 0.003147093905747523, 0.022818678606725533], [0.003147093905747523, 0.0051391814130029795, 0.008506044934915153], [0.022818678606725536, 0.008506044934915153, 0.16022911973393014]], "chi2_level": 0.95, "chi2_df": 3, "chi2_threshold": 7.814727903251179, "N_raw": 68, "N_roi": 68, "N_inlier": 64, "refit": true}
{"timestamp": "18:18:26.649702", "frame": 83, "mu": [0.3911822563149097, 2.111437785072806, -0.46278446235383686], "Sigma": [[0.011954122672827439, -0.012267457293217158, 0.022958469285167704], [-0.012267457293217158, 0.02875183998327273, -0.05813168677123824], [0.022958469285167704, -0.05813168677123824, 0.1301903562894404]], "chi2_level": 0.95, "chi2_df": 3, "chi2_threshold": 7.814727903251179, "N_raw": 100, "N_roi": 100, "N_inlier": 95, "refit": true}
{"timestamp": "18:18:26.706226", "frame": 84, "mu": [0.43901971082636093, 2.0664947707667105, 0.012328039839741022], "Sigma": [[0.008650579205735021, -0.013253673280781034, 0.059686944008958805], [-0.013253673280781034, 0.049660775150154296, -0.16614501196485126], [0.059686944008958805, -0.16614501196485126, 0.7149430217145867]], "chi2_level": 0.95, "chi2_df": 3, "chi2_threshold": 7.814727903251179, "N_raw": 104, "N_roi": 104, "N_inlier": 99, "refit": true}
{"timestamp": "18:18:26.756415", "frame": 85, "mu": [0.46827818085964235, 1.9206595511795508, 1.1829947378505845], "Sigma": [[0.006789430162950587, -0.0009644898829157084, -0.0022407148303423764], [-0.0009644898829157083, 0.003440487982450544, -0.0021566379982142234], [-0.002240714830342377, -0.0021566379982142234, 0.019980923432515486]], "chi2_level": 0.95, "chi2_df": 3, "chi2_threshold": 7.814727903251179, "N_raw": 71, "N_roi": 71, "N_inlier": 67, "refit": true}
{"timestamp": "18:18:26.811953", "frame": 86, "mu": [0.492590982618777, 1.9405287567352556, 1.130457468830669], "Sigma": [[0.007105305719973255, -0.0014552569608312534, -0.0018935790765834087], [-0.0014552569608312534, 0.003394303753660544, -0.002114114840620394], [-0.0018935790765834087, -0.002114114840620394, 0.03950913143510874]], "chi2_level": 0.95, "chi2_df": 3, "chi2_threshold": 7.814727903251179, "N_raw": 77, "N_roi": 77, "N_inlier": 74, "refit": true}
{"timestamp": "18:18:26.867848", "frame": 87, "mu": [0.5421307876762809, 1.963510891081634, 0.7680122726019483], "Sigma": [[0.01038223890297974, -0.003229661171237073, -0.041724981729230365], [-0.003229661171237073, 0.00772725557718671, 0.023208984794229955], [-0.041724981729230365, 0.023208984794229955, 0.4545574636739114]], "chi2_level": 0.95, "chi2_df": 3, "chi2_threshold": 7.814727903251179, "N_raw": 84, "N_roi": 84, "N_inlier": 83, "refit": true}
{"timestamp": "18:18:26.920581", "frame": 88, "mu": [0.5082772859426732, 2.0489044226105944, 1.1904149056063693], "Sigma": [[0.007274471368399485, -0.003075937377272845, -0.004026125851763058], [-0.003075937377272845, 0.0026565440969959393, -0.0010897658398968631], [-0.004026125851763058, -0.0010897658398968631, 0.03281305134510651]], "chi2_level": 0.95, "chi2_df": 3, "chi2_threshold": 7.814727903251179, "N_raw": 66, "N_roi": 66, "N_inlier": 64, "refit": true}
{"timestamp": "18:18:26.971493", "frame": 89, "mu": [0.5297050840672384, 2.0595981869053004, 1.0940929290141874], "Sigma": [[0.004113606340295467, -0.0013970269817915348, -0.0025603846651344403], [-0.0013970269817915348, 0.0014340725068569678, 0.0040353280404027605], [-0.0025603846651344403, 0.0040353280404027605, 0.058553289030863376]], "chi2_level": 0.95, "chi2_df": 3, "chi2_threshold": 7.814727903251179, "N_raw": 46, "N_roi": 46, "N_inlier": 41, "refit": true}
{"timestamp": "18:18:27.028438", "frame": 90, "mu": [0.539748727083386, 2.0837239709300093, 1.1601205376708816], "Sigma": [[0.006958934380067392, -0.0012877138400864485, -0.0012229935591460714], [-0.0012877138400864485, 0.0023500012625539608, 0.0024318227606655004], [-0.0012229935591460703, 0.0024318227606655004, 0.048755100773485424]], "chi2_level": 0.95, "chi2_df": 3, "chi2_threshold": 7.814727903251179, "N_raw": 62, "N_roi": 62, "N_inlier": 60, "refit": true}
{"timestamp": "18:18:27.086845", "frame": 91, "mu": [0.583122078905436, 2.0889061291126647, 0.9690166757522028], "Sigma": [[0.007582372965063291, -0.0026270442240742195, -0.019552835836741358], [-0.0026270442240742195, 0.0049458456563721085, 0.021904221589425298], [-0.019552835836741358, 0.021904221589425298, 0.20647451479935028]], "chi2_level": 0.95, "chi2_df": 3, "chi2_threshold": 7.814727903251179, "N_raw": 79, "N_roi": 79, "N_inlier": 77, "refit": true}
{"timestamp": "18:18:27.139693", "frame": 92, "mu": [0.6032658151421414, 2.160762395902991, 1.1689483973134627], "Sigma": [[0.007521684088241177, -0.0025739345503533223, -0.00351930586852209], [-0.002573934550353322, 0.0028542099801035416, -0.0029382618748998958], [-0.00351930586852209, -0.0029382618748998958, 0.025076954366278607]], "chi2_level": 0.95, "chi2_df": 3, "chi2_threshold": 7.814727903251179, "N_raw": 64, "N_roi": 64, "N_inlier": 62, "refit": true}
{"timestamp": "18:18:27.194109", "frame": 93, "mu": [0.6120163831043215, 2.2187087286266687, 1.1398352505877734], "Sigma": [[0.005690737772402329, -0.0023504982689940266, -0.003156762073531748], [-0.0023504982689940266, 0.0027330905673144026, -0.002145223727883293], [-0.003156762073531748, -0.002145223727883293, 0.028138750436148982]], "chi2_level": 0.95, "chi2_df": 3, "chi2_threshold": 7.814727903251179, "N_raw": 57, "N_roi": 57, "N_inlier": 52, "refit": true}
{"timestamp": "18:18:27.251503", "frame": 94, "mu": [0.6800878228219608, 2.23182870381063, 0.7407172874817881], "Sigma": [[0.013611772699045963, -0.006602849923494367, -0.048347336006453384], [-0.006602849923494367, 0.004598776993902581, 0.031131110531956576], [-0.048347336006453384, 0.031131110531956576, 0.3754742457311136]], "chi2_level": 0.95, "chi2_df": 3, "chi2_threshold": 7.814727903251179, "N_raw": 78, "N_roi": 78, "N_inlier": 74, "refit": true}
{"timestamp": "18:18:27.298764", "frame": 95, "mu": [0.7046973548624372, 2.1541437073925738, 0.6460812765515832], "Sigma": [[0.0039247406943171475, -0.005879655728443023, -0.02809421393613353], [-0.005879655728443024, 0.0224389936423494, 0.1179797143713496], [-0.02809421393613353, 0.11797971437134958, 0.6554355181689246]], "chi2_level": 0.95, "chi2_df": 3, "chi2_threshold": 7.814727903251179, "N_raw": 22, "N_roi": 22, "N_inlier": 20, "refit": true}
{"timestamp": "18:18:27.355103", "frame": 96, "mu": [0.7322252178454421, 2.3120078716328005, 1.091569552396532], "Sigma": [[0.008144509289082528, -0.002664818483098689, 0.0023188232302081145], [-0.002664818483098689, 0.0025289199957654156, -0.0027484324374736197], [0.0023188232302081145, -0.0027484324374736197, 0.005644027684002669]], "chi2_level": 0.95, "chi2_df": 3, "chi2_threshold": 7.814727903251179, "N_raw": 41, "N_roi": 41, "N_inlier": 36, "refit": true}
{"timestamp": "18:18:27.414331", "frame": 97, "mu": [0.7574267908870115, 2.3006036788616853, 0.8966687994362474], "Sigma": [[0.005524538659629457, -0.0021592164623065796, 0.00047367575904270326], [-0.0021592164623065796, 0.001636188697324927, -0.000645845591420664], [0.0004736757590427035, -0.0006458455914206639, 0.09425669745946852]], "chi2_level": 0.95, "chi2_df": 3, "chi2_threshold": 7.814727903251179, "N_raw": 63, "N_roi": 63, "N_inlier": 57, "refit": true}
{"timestamp": "18:18:27.470060", "frame": 98, "mu": [0.778537331044947, 2.3675353214911445, 1.1059436281840394], "Sigma": [[0.009535213269818451, -0.004033574426921951, -0.006336394000338369], [-0.004033574426921951, 0.00424169973188955, -0.0030852359308850916], [-0.006336394000338369, -0.0030852359308850925, 0.021317538198905087]], "chi2_level": 0.95, "chi2_df": 3, "chi2_threshold": 7.814727903251179, "N_raw": 64, "N_roi": 64, "N_inlier": 60, "refit": true}
{"timestamp": "18:18:27.522030", "frame": 99, "mu": [0.8073301934975644, 2.5416121813958186, -0.31995072168978905], "Sigma": [[0.005782092630676282, -0.0011615602124259968, -0.002892148380622653], [-0.001161560212425997, 0.006679107448248878, -0.014656060928649956], [-0.0028921483806226534, -0.014656060928649956, 0.03925336132309269]], "chi2_level": 0.95, "chi2_df": 3, "chi2_threshold": 7.814727903251179, "N_raw": 44, "N_roi": 44, "N_inlier": 39, "refit": true}
{"timestamp": "18:18:27.707469", "frame": 100, "mu": [0.8377975230267138, 2.6395188020853855, -0.5061514975711303], "Sigma": [[0.010002891979364463, 0.0005353835349242035, -0.01566288855361026], [0.0005353835349242032, 0.012753731332268089, -0.03247874501804668], [-0.01566288855361026, -0.032478745018046686, 0.13234277758878263]], "chi2_level": 0.95, "chi2_df": 3, "chi2_threshold": 7.814727903251179, "N_raw": 68, "N_roi": 68, "N_inlier": 64, "refit": true}
{"timestamp": "18:18:27.745440", "frame": 101, "mu": [0.8374223274451912, 2.4891873587434863, 1.0811490635144605], "Sigma": [[0.011713046665860417, -0.004181048723995322, -0.0037293026304852086], [-0.004181048723995323, 0.0019529043432916313, -0.0006785030789003369], [-0.003729302630485209, -0.0006785030789003372, 0.06391568138437417]], "chi2_level": 0.95, "chi2_df": 3, "chi2_threshold": 7.814727903251179, "N_raw": 72, "N_roi": 72, "N_inlier": 66, "refit": true}
{"timestamp": "18:18:27.775414", "frame": 102, "mu": [0.8256408178965491, 2.5541489095794585, 1.1962116250861081], "Sigma": [[0.008724230097563077, -0.0021619748770824133, 0.007807831572286738], [-0.0021619748770824133, 0.0024624728157452355, 0.0002647886766372023], [0.007807831572286739, 0.0002647886766372025, 0.07215467241967717]], "chi2_level": 0.95, "chi2_df": 3, "chi2_threshold": 7.814727903251179, "N_raw": 45, "N_roi": 45, "N_inlier": 41, "refit": true}
{"timestamp": "18:18:27.808279", "frame": 103, "mu": [0.8436396732255976, 2.493187173723885, 0.4705241857604343], "Sigma": [[0.008651856771852366, -0.006392978593256583, -0.025144996025064998], [-0.006392978593256583, 0.009100061940179132, 0.029567199554040153], [-0.025144996025064998, 0.029567199554040153, 0.24595464741756806]], "chi2_level": 0.95, "chi2_df": 3, "chi2_threshold": 7.814727903251179, "N_raw": 43, "N_roi": 43, "N_inlier": 40, "refit": true}
{"timestamp": "18:18:27.839316", "frame": 104, "mu": [0.8954024752472428, 2.51536078593767, 0.9291632670242336], "Sigma": [[0.01871714373096697, -0.005349866161028165, 0.034774937912650725], [-0.005349866161028165, 0.0035968683732374458, -0.0152931122165055], [0.034774937912650725, -0.0152931122165055, 0.13606980246011827]], "chi2_level": 0.95, "chi2_df": 3, "chi2_threshold": 7.814727903251179, "N_raw": 60, "N_roi": 60, "N_inlier": 56, "refit": true}
{"timestamp": "18:18:27.871450", "frame": 105, "mu": [0.862027346065171, 2.592639373809129, 0.5757845103729924], "Sigma": [[0.006491361428350874, -0.0021789450708470477, 0.011897016407687987], [-0.0021789450708470477, 0.001697956236365875, -0.0005116742630771104], [0.011897016407687987, -0.0005116742630771102, 0.07124292509731658]], "chi2_level": 0.95, "chi2_df": 3, "chi2_threshold": 7.814727903251179, "N_raw": 18, "N_roi": 18, "N_inlier": 17, "refit": true}
{"timestamp": "18:18:27.907417", "frame": 106, "mu": [0.8304659572013656, 2.5891661788622438, 0.40497162108241386], "Sigma": [[0.01322497767397487, -0.0035599562043050316, -0.0022631910064953], [-0.0035599562043050316, 0.0019277638170263165, 0.0008083272674646639], [-0.0022631910064953, 0.0008083272674646638, 0.015696959272041563]], "chi2_level": 0.95, "chi2_df": 3, "chi2_threshold": 7.814727903251179, "N_raw": 53, "N_roi": 53, "N_inlier": 47, "refit": true}
{"timestamp": "18:18:27.963601", "frame": 107, "mu": [0.9505455900497637, 2.8995150326908434, -0.5266957311417585], "Sigma": [[0.015274628576131854, -0.007942736977728454, 0.021986290718746467], [-0.007942736977728454, 0.00999338389145762, -0.023943788704860428], [0.02198629071874647, -0.02394378870486042, 0.08099476149461428]], "chi2_level": 0.95, "chi2_df": 3, "chi2_threshold": 7.814727903251179, "N_raw": 61, "N_roi": 61, "N_inlier": 59, "refit": true}
{"timestamp": "18:18:28.014492", "frame": 108, "mu": [0.880850172707516, 2.7374892253919363, 0.4752300058507558], "Sigma": [[0.008969570149524446, -0.0023875516960389976, 0.0025780146034308222], [-0.002387551696038998, 0.0009487487663849883, -0.0011957961114754095], [0.0025780146034308222, -0.0011957961114754095, 0.013284571169698185]], "chi2_level": 0.95, "chi2_df": 3, "chi2_threshold": 7.814727903251179, "N_raw": 31, "N_roi": 31, "N_inlier": 26, "refit": true}
