{"timestamp": "17:22:37.458340", "frame": 34, "mu": [1.652996798575935, 0.49684374380807006, 1.2216461675204058], "Sigma": [[0.0012707353597669407, 0.002219114165399273, -0.002136894327014846], [0.0022191141653992736, 0.008910569636011903, -0.005151726030266912], [-0.002136894327014846, -0.005151726030266911, 0.004205466205208293]], "chi2_level": 0.95, "chi2_df": 3, "chi2_threshold": 7.814727903251179, "N_raw": 5, "N_roi": 5, "N_inlier": 5, "refit": true}
{"timestamp": "17:22:37.514512", "frame": 35, "mu": [1.7105997833331144, 0.5177933840255609, 1.308353117942271], "Sigma": [[0.003747964061330114, -0.0013570331521072965, -0.00023563785038060317], [-0.0013570331521072965, 0.009325400761847331, 0.00031614238313686636], [-0.00023563785038060311, 0.00031614238313686636, 0.0002854121461093814]], "chi2_level": 0.95, "chi2_df": 3, "chi2_threshold": 7.814727903251179, "N_raw": 15, "N_roi": 15, "N_inlier": 14, "refit": true}
{"timestamp": "17:22:37.568043", "frame": 36, "mu": [1.7142109701379633, 0.700595104021182, -0.6185484263439749], "Sigma": [[0.0074772858200110775, -0.0015157451640220772, -0.004186532132560514], [-0.0015157451640220772, 0.00152344839563632, 0.0021055304604607984], [-0.004186532132560514, 0.002105530460460798, 0.005669349702686879]], "chi2_level": 0.95, "chi2_df": 3, "chi2_threshold": 7.814727903251179, "N_raw": 5, "N_roi": 5, "N_inlier": 5, "refit": true}
{"timestamp": "17:22:37.624691", "frame": 37, "mu": [1.6662394159314238, 0.6068639312819737, 1.2474145357213153], "Sigma": [[0.002877633921971536, -0.002284779938426429, 8.099108035571337e-05], [-0.002284779938426429, 0.0060128987749304185, -0.0017991155801437156], [8.099108035571344e-05, -0.0017991155801437156, 0.0007207392806876051]], "chi2_level": 0.95, "chi2_df": 3, "chi2_threshold": 7.814727903251179, "N_raw": 17, "N_roi": 17, "N_inlier": 16, "refit": true}
{"timestamp": "17:22:37.679729", "frame": 38, "mu": [1.7088068254705464, 0.5915812489695556, 1.2355911669449458], "Sigma": [[0.008407803571237082, -0.004109081837369978, -0.005006363856226427], [-0.004109081837369978, 0.002219890421420628, 0.0025435086204472104], [-0.005006363856226428, 0.00254350862044721, 0.0037277323904190986]], "chi2_level": 0.95, "chi2_df": 3, "chi2_threshold": 7.814727903251179, "N_raw": 5, "N_roi": 5, "N_inlier": 5, "refit": true}
{"timestamp": "17:22:37.791872", "frame": 40, "mu": [1.710363476292279, 0.7374917216275235, 1.2377206320389], "Sigma": [[0.004904724755244296, -0.001463261139411787, 0.0012185795062282527], [-0.0014632611394117868, 0.005415283675384132, -0.0010570860216326966], [0.0012185795062282527, -0.0010570860216326966, 0.0011071258399659425]], "chi2_level": 0.95, "chi2_df": 3, "chi2_threshold": 7.814727903251179, "N_raw": 23, "N_roi": 23, "N_inlier": 22, "refit": true}
{"timestamp": "17:22:37.849173", "frame": 41, "mu": [1.6522505166181203, 0.8478090408949822, 1.2165736411871249], "Sigma": [[0.004674734167035038, -0.004089089436904798, -0.0012512889111343786], [-0.004089089436904798, 0.008050198893635747, -0.000562885442475114], [-0.0012512889111343784, -0.000562885442475114, 0.0017397944788900626]], "chi2_level": 0.95, "chi2_df": 3, "chi2_threshold": 7.814727903251179, "N_raw": 27, "N_roi": 27, "N_inlier": 26, "refit": true}
{"timestamp": "17:22:37.902117", "frame": 42, "mu": [1.5923112024797952, 0.9403001761598087, 1.2321740705816393], "Sigma": [[0.001676244597347373, -0.0010728136699607415, -0.0003215672643320607], [-0.0010728136699607413, 0.006638815152764116, -1.2303524194190381e-05], [-0.0003215672643320608, -1.2303524194190381e-05, 0.0002519065147791952]], "chi2_level": 0.95, "chi2_df": 3, "chi2_threshold": 7.814727903251179, "N_raw": 12, "N_roi": 12, "N_inlier": 11, "refit": true}
{"timestamp": "17:22:37.955196", "frame": 43, "mu": [1.6034150250122932, 1.042662989575569, 1.1056353819222142], "Sigma": [[0.005797136314489824, -0.0010116104423319866, -0.007299140133946397], [-0.0010116104423319864, 0.004025579962481372, 0.001201808016041436], [-0.007299140133946397, 0.001201808016041436, 0.009708152817828771]], "chi2_level": 0.95, "chi2_df": 3, "chi2_threshold": 7.814727903251179, "N_raw": 6, "N_roi": 6, "N_inlier": 6, "refit": true}
{"timestamp": "17:22:38.009743", "frame": 44, "mu": [1.7076616926653823, 1.0420177399551165, 1.361007273868718], "Sigma": [[0.0055194760013258974, 0.0019153441829809058, -0.014303601125937995], [0.0019153441829809058, 0.001740766815760903, -0.008496578801528265], [-0.014303601125937997, -0.008496578801528265, 0.059191652775550795]], "chi2_level": 0.95, "chi2_df": 3, "chi2_threshold": 7.814727903251179, "N_raw": 10, "N_roi": 10, "N_inlier": 8, "refit": true}
{"timestamp": "17:22:38.064898", "frame": 45, "mu": [1.6187615440082577, 1.1418356430733168, 1.173996465875586], "Sigma": [[0.0020390481774084698, 0.00014694756999526106, -0.006170222369555884], [0.00014694756999526106, 0.0006399023623915673, 0.00017839047192276617], [-0.0061702223695558845, 0.00017839047192276617, 0.020291266192238]], "chi2_level": 0.95, "chi2_df": 3, "chi2_threshold": 7.814727903251179, "N_raw": 5, "N_roi": 5, "N_inlier": 5, "refit": true}
{"timestamp": "17:22:38.121931", "frame": 46, "mu": [1.636220492226804, 1.1426999407490541, 1.2827834522365735], "Sigma": [[0.0022569544750350615, -0.002826233370291615, -0.0019865374898725696], [-0.002826233370291615, 0.0035690360873738202, 0.0026771647741931468], [-0.0019865374898725696, 0.0026771647741931463, 0.011578553995235647]], "chi2_level": 0.95, "chi2_df": 3, "chi2_threshold": 7.814727903251179, "N_raw": 17, "N_roi": 17, "N_inlier": 15, "refit": true}
{"timestamp": "17:22:38.174999", "frame": 47, "mu": [1.5953315076846841, 1.2788277582387377, 1.2363867380848004], "Sigma": [[0.003946484625398984, -0.0030690125646683844, -0.007725023079869094], [-0.0030690125646683844, 0.0034770323436863954, 0.006631777020700225], [-0.007725023079869094, 0.006631777020700224, 0.027882397036596188]], "chi2_level": 0.95, "chi2_df": 3, "chi2_threshold": 7.814727903251179, "N_raw": 8, "N_roi": 8, "N_inlier": 8, "refit": true}
{"timestamp": "17:22:38.230119", "frame": 48, "mu": [1.5476984464730041, 1.3679951657644787, 1.2005285291449495], "Sigma": [[0.0023393128617341186, 0.00045301169185633006, -0.006188026740545699], [0.00045301169185633006, 0.0005230584260149756, -0.0013224716632902916], [-0.006188026740545699, -0.0013224716632902916, 0.016710548998242116]], "chi2_level": 0.95, "chi2_df": 3, "chi2_threshold": 7.814727903251179, "N_raw": 5, "N_roi": 5, "N_inlier": 5, "refit": true}
{"timestamp": "17:22:38.284907", "frame": 49, "mu": [1.552799096678397, 1.4283833778813846, 1.1677066908005982], "Sigma": [[0.0025014849779932177, -1.0791626078183409e-05, -0.00253588417078129], [-1.0791626078183463e-05, 0.00196090924019349, -0.004732521876915607], [-0.00253588417078129, -0.004732521876915606, 0.014629097462397572]], "chi2_level": 0.95, "chi2_df": 3, "chi2_threshold": 7.814727903251179, "N_raw": 5, "N_roi": 5, "N_inlier": 5, "refit": true}
{"timestamp": "17:22:38.340178", "frame": 50, "mu": [1.5428568409635293, 1.5025726176843217, 1.1175315657242528], "Sigma": [[0.005812266313702351, -0.0020260867392533264, -0.010536313952156633], [-0.0020260867392533264, 0.0012562067679341997, 0.004196205282708707], [-0.010536313952156633, 0.004196205282708707, 0.020207042195056764]], "chi2_level": 0.95, "chi2_df": 3, "chi2_threshold": 7.814727903251179, "N_raw": 5, "N_roi": 5, "N_inlier": 5, "refit": true}
{"timestamp": "17:22:38.397870", "frame": 51, "mu": [1.523297175724215, 1.5710812494951827, 1.1771920409661092], "Sigma": [[0.004674718817800769, -0.0044612135298221466, -0.004853877517229507], [-0.0044612135298221466, 0.005119135562081238, 0.004952288204290891], [-0.004853877517229507, 0.004952288204290891, 0.021578585318999224]], "chi2_level": 0.95, "chi2_df": 3, "chi2_threshold": 7.814727903251179, "N_raw": 30, "N_roi": 29, "N_inlier": 28, "refit": true}
{"timestamp": "17:22:38.450899", "frame": 52, "mu": [1.4893353478549605, 1.6448199303731124, 1.09521616887492], "Sigma": [[0.0008010462156236447, -0.0010822895053568494, -0.006360440872292844], [-0.0010822895053568492, 0.0032348323396025986, 0.012779849785391581], [-0.006360440872292844, 0.012779849785391581, 0.0741259329160512]], "chi2_level": 0.95, "chi2_df": 3, "chi2_threshold": 7.814727903251179, "N_raw": 8, "N_roi": 5, "N_inlier": 5, "refit": true}
{"timestamp": "17:22:38.505733", "frame": 53, "mu": [1.5995882539400954, 1.5844241463661135, 1.0334611569750423], "Sigma": [[0.0036087240778082032, -0.0033023545199381815, -0.01289051678253558], [-0.0033023545199381815, 0.0042448024613458615, 0.013038895159860621], [-0.01289051678253558, 0.013038895159860621, 0.04906271250751955]], "chi2_level": 0.95, "chi2_df": 3, "chi2_threshold": 7.814727903251179, "N_raw": 7, "N_roi": 5, "N_inlier": 5, "refit": true}
{"timestamp": "17:22:38.560188", "frame": 54, "mu": [1.5566416594192756, 1.7298317196270456, 0.9619422699594147], "Sigma": [[0.0034926774766799486, -0.0022521240958368128, -0.014601113427651309], [-0.0022521240958368128, 0.0028312134908367076, 0.008425740165999607], [-0.014601113427651309, 0.008425740165999607, 0.07724464001832071]], "chi2_level": 0.95, "chi2_df": 3, "chi2_threshold": 7.814727903251179, "N_raw": 7, "N_roi": 7, "N_inlier": 7, "refit": true}
{"timestamp": "17:22:38.615059", "frame": 55, "mu": [1.5408243262824606, 1.895483063821689, 1.4064985504149967], "Sigma": [[0.0144012299750919, -0.002356484427775451, -0.008051664693746786], [-0.0023564844277754503, 0.004729394419779181, 0.010980984700635575], [-0.008051664693746784, 0.010980984700635575, 0.03465175073482462]], "chi2_level": 0.95, "chi2_df": 3, "chi2_threshold": 7.814727903251179, "N_raw": 6, "N_roi": 5, "N_inlier": 5, "refit": true}
{"timestamp": "17:22:38.672230", "frame": 56, "mu": [1.4844710101410064, 1.9667279173196142, 1.4117958922695069], "Sigma": [[0.004247348980298104, -0.00481110707000975, -0.008037289270752656], [-0.00481110707000975, 0.012585276807728543, 0.018385517467394245], [-0.008037289270752656, 0.018385517467394245, 0.03596167370677074]], "chi2_level": 0.95, "chi2_df": 3, "chi2_threshold": 7.814727903251179, "N_raw": 25, "N_roi": 22, "N_inlier": 20, "refit": true}
{"timestamp": "17:22:38.726056", "frame": 57, "mu": [1.5282404854171514, 1.933211731801741, 1.0006946149937181], "Sigma": [[0.00630960682851659, 0.001481671764839346, -0.002436629917069392], [0.0014816717648393463, 0.003823792097603994, 0.032175641551414426], [-0.002436629917069392, 0.03217564155141443, 0.34844657502720244]], "chi2_level": 0.95, "chi2_df": 3, "chi2_threshold": 7.814727903251179, "N_raw": 9, "N_roi": 8, "N_inlier": 7, "refit": true}
{"timestamp": "17:22:38.779989", "frame": 58, "mu": [1.4648801215233986, 2.0963149428203574, 1.3310221715425503], "Sigma": [[0.00705106474748531, 0.0022971052647909134, -0.0015963751177223945], [0.002297105264790913, 0.0014339481130637916, -0.00021616947009536476], [-0.0015963751177223945, -0.00021616947009536476, 0.0016177375938994769]], "chi2_level": 0.95, "chi2_df": 3, "chi2_threshold": 7.814727903251179, "N_raw": 8, "N_roi": 7, "N_inlier": 6, "refit": true}
{"timestamp": "17:22:38.835362", "frame": 59, "mu": [1.5306287439370234, 2.138959932897707, 1.140111708327051], "Sigma": [[0.003774574487149987, 0.0034705325084790377, -0.01526499285011746], [0.0034705325084790377, 0.0034764217554376707, -0.0197299965173466], [-0.015264992850117457, -0.019729996517346596, 0.4623059830155255]], "chi2_level": 0.95, "chi2_df": 3, "chi2_threshold": 7.814727903251179, "N_raw": 10, "N_roi": 8, "N_inlier": 7, "refit": true}
{"timestamp": "17:22:38.891434", "frame": 60, "mu": [1.5306012853363158, 2.1561094834737538, 1.0375770031401697], "Sigma": [[0.005533040529500194, -0.0004138532102747263, -0.016364233263274068], [-0.00041385321027472623, 0.001930145505126266, 0.013416258850535802], [-0.016364233263274068, 0.013416258850535802, 0.3168929997289521]], "chi2_level": 0.95, "chi2_df": 3, "chi2_threshold": 7.814727903251179, "N_raw": 10, "N_roi": 8, "N_inlier": 8, "refit": true}
{"timestamp": "17:22:38.945477", "frame": 61, "mu": [1.4970989252682345, 2.207902900863329, 0.9792337743369447], "Sigma": [[0.004836906783020936, 0.0006493074288986549, -0.0024880618230408366], [0.0006493074288986547, 0.00054661410032215, 0.0007172679824178607], [-0.002488061823040835, 0.0007172679824178615, 0.32225406945890406]], "chi2_level": 0.95, "chi2_df": 3, "chi2_threshold": 7.814727903251179, "N_raw": 8, "N_roi": 8, "N_inlier": 7, "refit": true}
{"timestamp": "17:22:39.001235", "frame": 62, "mu": [1.5500889623589913, 2.402884322716286, -0.4793273275408433], "Sigma": [[0.026057053680547018, -0.005124343028814992, -0.05955372763310671], [-0.005124343028814992, 0.003683317552088172, 0.011943758801968823], [-0.05955372763310671, 0.011943758801968823, 0.14001348593590493]], "chi2_level": 0.95, "chi2_df": 3, "chi2_threshold": 7.814727903251179, "N_raw": 11, "N_roi": 8, "N_inlier": 8, "refit": true}
{"timestamp": "17:22:39.055565", "frame": 63, "mu": [1.4609336188375797, 2.331597870324549, 1.1832580520486629], "Sigma": [[0.0139991240047755, -0.0039024670378907207, -0.021388041786133676], [-0.0039024670378907203, 0.00323363523001654, 0.005582411869494051], [-0.021388041786133676, 0.005582411869494051, 0.03324537473422305]], "chi2_level": 0.95, "chi2_df": 3, "chi2_threshold": 7.814727903251179, "N_raw": 6, "N_roi": 6, "N_inlier": 6, "refit": true}
{"timestamp": "17:22:39.110371", "frame": 64, "mu": [1.6211338001403168, 2.3003477242374264, 0.6997304975679342], "Sigma": [[0.024086070565549768, -0.016760361166255105, -0.045755208313326134], [-0.01676036116625511, 0.015193523587623806, 0.03545628685768823], [-0.045755208313326134, 0.03545628685768823, 0.09344034136466046]], "chi2_level": 0.95, "chi2_df": 3, "chi2_threshold": 7.814727903251179, "N_raw": 9, "N_roi": 9, "N_inlier": 9, "refit": true}
{"timestamp": "17:22:39.165532", "frame": 65, "mu": [1.4677143309112297, 2.449289947708654, 0.8293500227984413], "Sigma": [[0.0057758961099533416, 0.00044999085598564466, -0.02904358795420725], [0.00044999085598564455, 0.0018717708377557467, -0.008903684951220297], [-0.02904358795420725, -0.008903684951220295, 0.33962113079291983]], "chi2_level": 0.95, "chi2_df": 3, "chi2_threshold": 7.814727903251179, "N_raw": 10, "N_roi": 7, "N_inlier": 7, "refit": true}
{"timestamp": "17:22:39.222364", "frame": 66, "mu": [1.4126961607115245, 2.648137397562081, 0.03614192305672804], "Sigma": [[0.0050100039793326825, -0.001117010332388756, -0.0036176920879893953], [-0.001117010332388756, 0.0021673917472695607, 2.9346583937403287e-05], [-0.0036176920879893953, 2.934658393740345e-05, 0.0052425899754731655]], "chi2_level": 0.95, "chi2_df": 3, "chi2_threshold": 7.814727903251179, "N_raw": 22, "N_roi": 22, "N_inlier": 18, "refit": true}
{"timestamp": "17:22:39.277750", "frame": 67, "mu": [1.442515780122541, 2.6651083613244055, -0.33145693266707477], "Sigma": [[0.005541172486949075, 0.0010660611167224018, 0.01894524778359505], [0.0010660611167224014, 0.002069272859251103, 0.005749771981510698], [0.018945247783595052, 0.005749771981510698, 0.10417715333608563]], "chi2_level": 0.95, "chi2_df": 3, "chi2_threshold": 7.814727903251179, "N_raw": 21, "N_roi": 21, "N_inlier": 18, "refit": true}
{"timestamp": "17:22:39.334187", "frame": 68, "mu": [1.4567880168186362, 2.628351049696981, 1.256475341326083], "Sigma": [[0.007450142072789513, -0.004180269782421345, -0.005551191996951313], [-0.004180269782421345, 0.004382882674619937, 0.0012012048234420532], [-0.005551191996951313, 0.0012012048234420526, 0.008866119047243668]], "chi2_level": 0.95, "chi2_df": 3, "chi2_threshold": 7.814727903251179, "N_raw": 33, "N_roi": 30, "N_inlier": 28, "refit": true}
{"timestamp": "17:22:39.388139", "frame": 69, "mu": [1.4949272055315148, 2.6949539324467104, 1.1739534276462702], "Sigma": [[0.0061536792184730075, -0.004532884561590254, -0.007838159676199746], [-0.004532884561590254, 0.004101062487845524, 0.004256858648879428], [-0.007838159676199746, 0.004256858648879428, 0.01673428311593081]], "chi2_level": 0.95, "chi2_df": 3, "chi2_threshold": 7.814727903251179, "N_raw": 24, "N_roi": 20, "N_inlier": 19, "refit": true}
{"timestamp": "17:22:39.440389", "frame": 70, "mu": [1.5020238957196455, 2.847434239170029, -0.4219193469761987], "Sigma": [[0.0030072736448328798, 0.0024484277571411315, -0.011556658540519384], [0.0024484277571411315, 0.003109246263683603, -0.008641112208771394], [-0.011556658540519384, -0.008641112208771394, 0.04575453279331271]], "chi2_level": 0.95, "chi2_df": 3, "chi2_threshold": 7.814727903251179, "N_raw": 9, "N_roi": 8, "N_inlier": 6, "refit": true}
{"timestamp": "17:22:39.498098", "frame": 71, "mu": [1.472209819100818, 2.816881907943479, 1.2048699721258718], "Sigma": [[0.010036458409030577, -0.004870873923758691, -0.006986877140904703], [-0.004870873923758691, 0.0048830111049484775, 0.0023235188965297364], [-0.0069868771409047035, 0.002323518896529736, 0.007407781341472192]], "chi2_level": 0.95, "chi2_df": 3, "chi2_threshold": 7.814727903251179, "N_raw": 33, "N_roi": 31, "N_inlier": 30, "refit": true}
{"timestamp": "17:22:39.550565", "frame": 72, "mu": [1.491620620384292, 2.858438009989266, 1.15781046805158], "Sigma": [[0.005325685230781996, -0.0032096799385130056, -0.021051417647183292], [-0.003209679938513005, 0.0075906497593075635, 0.024424385312303006], [-0.021051417647183296, 0.024424385312303006, 0.11940671765255045]], "chi2_level": 0.95, "chi2_df": 3, "chi2_threshold": 7.814727903251179, "N_raw": 7, "N_roi": 5, "N_inlier": 5, "refit": true}
{"timestamp": "17:22:39.608315", "frame": 73, "mu": [1.4869144634433797, 2.9745153957193122, 1.3913374378815841], "Sigma": [[0.007285695443376182, -0.003731612317880286, -0.0011462281008160716], [-0.003731612317880286, 0.004266753967392688, 0.0038544331647175573], [-0.0011462281008160719, 0.0038544331647175573, 0.03494655926856251]], "chi2_level": 0.95, "chi2_df": 3, "chi2_threshold": 7.814727903251179, "N_raw": 27, "N_roi": 24, "N_inlier": 21, "refit": true}
{"timestamp": "17:22:39.660466", "frame": 74, "mu": [1.5140035960077984, 3.0064276779184747, 1.1758248339433481], "Sigma": [[0.0026000864999114796, -0.0006635560856035108, -0.01341750203625197], [-0.0006635560856035108, 0.0031586425786592097, 0.010784076308084409], [-0.01341750203625197, 0.010784076308084409, 0.10079250597975653]], "chi2_level": 0.95, "chi2_df": 3, "chi2_threshold": 7.814727903251179, "N_raw": 6, "N_roi": 5, "N_inlier": 5, "refit": true}
{"timestamp": "17:22:39.719526", "frame": 75, "mu": [1.486090008156986, 3.08826135365777, 1.0492494926321874], "Sigma": [[0.010291896976101441, -0.005087845337463903, -0.005814868543596226], [-0.005087845337463903, 0.003688275901511006, 0.007447496689117169], [-0.005814868543596227, 0.007447496689117169, 0.07773619315261428]], "chi2_level": 0.95, "chi2_df": 3, "chi2_threshold": 7.814727903251179, "N_raw": 43, "N_roi": 40, "N_inlier": 38, "refit": true}
{"timestamp": "17:22:39.776026", "frame": 76, "mu": [1.5066817806203536, 3.0869333794859726, 1.1434010007241002], "Sigma": [[0.01254141567336492, -0.0065810096529495335, -0.0031732645722302552], [-0.006581009652949534, 0.005854407992079313, -0.00018469836534521807], [-0.0031732645722302544, -0.000184698365345218, 0.004178794551559028]], "chi2_level": 0.95, "chi2_df": 3, "chi2_threshold": 7.814727903251179, "N_raw": 35, "N_roi": 33, "N_inlier": 32, "refit": true}
{"timestamp": "17:22:39.829617", "frame": 77, "mu": [1.5426239971951774, 3.2517649936001782, 0.004172347091934566], "Sigma": [[0.016721575215544775, -0.005585293908215717, -0.005746960468680818], [-0.005585293908215716, 0.005595715160770058, 0.00042305155724184286], [-0.005746960468680817, 0.00042305155724184254, 0.004038170432696875]], "chi2_level": 0.95, "chi2_df": 3, "chi2_threshold": 7.814727903251179, "N_raw": 38, "N_roi": 38, "N_inlier": 38, "refit": true}
{"timestamp": "17:22:39.880128", "frame": 78, "mu": [1.5433002437402248, 3.263821492778538, 0.9680205931901908], "Sigma": [[0.0033455821140490837, 6.89641337405014e-05, -0.001639753746160889], [6.896413374050139e-05, 0.0009374532958194456, -0.00682443637913251], [-0.0016397537461608899, -0.00682443637913251, 0.12248991693320337]], "chi2_level": 0.95, "chi2_df": 3, "chi2_threshold": 7.814727903251179, "N_raw": 7, "N_roi": 7, "N_inlier": 7, "refit": true}
{"timestamp": "17:22:39.937181", "frame": 79, "mu": [1.532781040555885, 3.4053646551576797, -0.0874252006043141], "Sigma": [[0.008291640222463183, -0.000851322641553019, -0.005192348682876147], [-0.0008513226415530191, 0.007819351641095032, -0.00923748843391542], [-0.005192348682876147, -0.009237488433915418, 0.018779591045533544]], "chi2_level": 0.95, "chi2_df": 3, "chi2_threshold": 7.814727903251179, "N_raw": 19, "N_roi": 17, "N_inlier": 15, "refit": true}
{"timestamp": "17:22:39.991708", "frame": 80, "mu": [1.495285411309524, 3.348177212070483, 1.3848053336750792], "Sigma": [[0.014633997882013422, -0.005103998038539583, -0.027656592026102534], [-0.005103998038539583, 0.003918828919879472, 0.011022607969089576], [-0.027656592026102534, 0.011022607969089576, 0.09268906592314165]], "chi2_level": 0.95, "chi2_df": 3, "chi2_threshold": 7.814727903251179, "N_raw": 24, "N_roi": 24, "N_inlier": 23, "refit": true}
{"timestamp": "17:22:40.045280", "frame": 81, "mu": [1.5846840702684133, 3.3829392027774006, 1.0760363416525385], "Sigma": [[0.007775580775650275, -0.0009370235996026175, -0.022634698497408432], [-0.0009370235996026176, 0.0001629512686180547, 0.0023669061386246103], [-0.022634698497408432, 0.0023669061386246103, 0.07239585995088577]], "chi2_level": 0.95, "chi2_df": 3, "chi2_threshold": 7.814727903251179, "N_raw": 8, "N_roi": 5, "N_inlier": 5, "refit": true}
{"timestamp": "17:22:40.102157", "frame": 82, "mu": [1.6820141189368831, 3.3559179705694278, 0.6873721536394536], "Sigma": [[0.01214579810814617, -0.007372148999193426, -0.02020177444091734], [-0.007372148999193426, 0.004990206700771569, 0.012685301539098064], [-0.02020177444091734, 0.012685301539098064, 0.06682652766172983]], "chi2_level": 0.95, "chi2_df": 3, "chi2_threshold": 7.814727903251179, "N_raw": 19, "N_roi": 19, "N_inlier": 18, "refit": true}
{"timestamp": "17:22:40.156777", "frame": 83, "mu": [1.6350347663443345, 3.42579340689563, 0.7167094801456709], "Sigma": [[0.01219994061880533, -0.007138198762355124, -0.022684205747849705], [-0.007138198762355124, 0.004827684514920764, 0.011759362813464243], [-0.022684205747849708, 0.011759362813464243, 0.08208295785600002]], "chi2_level": 0.95, "chi2_df": 3, "chi2_threshold": 7.814727903251179, "N_raw": 16, "N_roi": 16, "N_inlier": 15, "refit": true}
{"timestamp": "17:22:40.210733", "frame": 84, "mu": [1.58142535651659, 3.4856777125460763, 0.8833662704445349], "Sigma": [[0.013700901822315419, -0.008305102161772607, -0.04834938230802861], [-0.008305102161772607, 0.007120526814911599, 0.03251943203752143], [-0.04834938230802863, 0.03251943203752143, 0.17841609006247564]], "chi2_level": 0.95, "chi2_df": 3, "chi2_threshold": 7.814727903251179, "N_raw": 7, "N_roi": 6, "N_inlier": 6, "refit": true}
{"timestamp": "17:22:40.265913", "frame": 85, "mu": [1.5323672443452017, 3.6409710364257197, 1.1173806542555], "Sigma": [[0.005673919322531907, -0.0007189116941045804, -0.0075367494352151605], [-0.0007189116941045803, 0.0008261724638723674, -0.0009241699334198037], [-0.0075367494352151605, -0.0009241699334198038, 0.017833763106281326]], "chi2_level": 0.95, "chi2_df": 3, "chi2_threshold": 7.814727903251179, "N_raw": 12, "N_roi": 12, "N_inlier": 10, "refit": true}
{"timestamp": "17:22:40.325928", "frame": 86, "mu": [1.5131068793294147, 3.689782209575358, 1.2090221955372522], "Sigma": [[0.026857690349990887, -0.008475078060403936, -0.02382205484221827], [-0.008475078060403936, 0.004842379815962055, 0.004629351580167225], [-0.023822054842218266, 0.004629351580167226, 0.030228609616570378]], "chi2_level": 0.95, "chi2_df": 3, "chi2_threshold": 7.814727903251179, "N_raw": 49, "N_roi": 49, "N_inlier": 48, "refit": true}
{"timestamp": "17:22:40.375909", "frame": 87, "mu": [1.4789410574117554, 3.7451771205643034, 1.228660499821893], "Sigma": [[0.004440850666189104, 0.002368921392561257, -0.009890422470443958], [0.0023689213925612565, 0.001421702837142362, -0.0051279796733369135], [-0.009890422470443956, -0.0051279796733369135, 0.025199314671536945]], "chi2_level": 0.95, "chi2_df": 3, "chi2_threshold": 7.814727903251179, "N_raw": 6, "N_roi": 6, "N_inlier": 5, "refit": true}
{"timestamp": "17:22:40.433969", "frame": 88, "mu": [1.5061029019706866, 3.80193313164365, 1.2329509473847502], "Sigma": [[0.01748441806751672, -0.006574830373214767, -0.013714768165079723], [-0.006574830373214767, 0.003880688845417512, 0.0024594818110526447], [-0.013714768165079723, 0.0024594818110526442, 0.020086303586511624]], "chi2_level": 0.95, "chi2_df": 3, "chi2_threshold": 7.814727903251179, "N_raw": 35, "N_roi": 35, "N_inlier": 33, "refit": true}
{"timestamp": "17:22:40.489010", "frame": 89, "mu": [1.5050514519955205, 3.8211749822296475, 1.1967884318169355], "Sigma": [[0.015622093342265142, -0.0077574499431123, -0.014285274829557297], [-0.0077574499431123005, 0.00542978618082397, 0.00427143446446904], [-0.014285274829557297, 0.00427143446446904, 0.021863028926503623]], "chi2_level": 0.95, "chi2_df": 3, "chi2_threshold": 7.814727903251179, "N_raw": 32, "N_roi": 32, "N_inlier": 29, "refit": true}
{"timestamp": "17:22:40.544447", "frame": 90, "mu": [1.490206276326103, 3.891006252336008, 1.2670014614935345], "Sigma": [[0.018270320865638512, -0.007154898452829835, -0.010704843051704497], [-0.007154898452829834, 0.005831037063268158, 0.003431391666409475], [-0.010704843051704497, 0.003431391666409475, 0.012123112592586596]], "chi2_level": 0.95, "chi2_df": 3, "chi2_threshold": 7.814727903251179, "N_raw": 39, "N_roi": 39, "N_inlier": 36, "refit": true}
{"timestamp": "17:22:40.597544", "frame": 91, "mu": [1.4439318124551936, 3.9656262633803494, 1.3745447792281273], "Sigma": [[0.015342831692902686, -0.005619660155224266, -0.007654987446503184], [-0.005619660155224266, 0.0038180930149933684, 0.0027976113573410432], [-0.007654987446503184, 0.0027976113573410432, 0.006708396352844713]], "chi2_level": 0.95, "chi2_df": 3, "chi2_threshold": 7.814727903251179, "N_raw": 24, "N_roi": 24, "N_inlier": 23, "refit": true}
{"timestamp": "17:22:40.708903", "frame": 93, "mu": [1.4423190613073307, 4.068022626870226, 1.382988734648233], "Sigma": [[0.01706494378129419, -0.0059999066112782565, -0.006253068216893826], [-0.0059999066112782565, 0.005065939641952587, 0.001461890721517331], [-0.006253068216893826, 0.0014618907215173315, 0.0055434200155765135]], "chi2_level": 0.95, "chi2_df": 3, "chi2_threshold": 7.814727903251179, "N_raw": 34, "N_roi": 34, "N_inlier": 32, "refit": true}
{"timestamp": "17:22:40.765984", "frame": 94, "mu": [1.4927976444969708, 4.098436554715684, 1.1987665605100037], "Sigma": [[0.019638722663368687, -0.007418222935394594, -0.01491589560662725], [-0.007418222935394595, 0.004490045780860264, 0.0043107584502594986], [-0.014915895606627252, 0.0043107584502594986, 0.0551092666980365]], "chi2_level": 0.95, "chi2_df": 3, "chi2_threshold": 7.814727903251179, "N_raw": 41, "N_roi": 39, "N_inlier": 38, "refit": true}
{"timestamp": "17:22:40.815644", "frame": 95, "mu": [1.4599424114156414, 4.193629499258504, 1.1294102297986883], "Sigma": [[0.0016558551686958586, 0.00035176725661639584, -0.009512694122464044], [0.0003517672566163958, 0.0006327428983076252, 0.001691984301632754], [-0.009512694122464044, 0.0016919843016327545, 0.13867309288854737]], "chi2_level": 0.95, "chi2_df": 3, "chi2_threshold": 7.814727903251179, "N_raw": 9, "N_roi": 6, "N_inlier": 5, "refit": true}
{"timestamp": "17:22:40.870406", "frame": 96, "mu": [1.4549828054608078, 4.147465973445829, 0.6148226113497861], "Sigma": [[0.006972287150024021, -0.003469376056362457, -0.013931601712163878], [-0.003469376056362457, 0.005009375036360006, 0.008834899573847024], [-0.013931601712163878, 0.008834899573847024, 0.058382034888734585]], "chi2_level": 0.95, "chi2_df": 3, "chi2_threshold": 7.814727903251179, "N_raw": 8, "N_roi": 8, "N_inlier": 8, "refit": true}
{"timestamp": "17:22:40.926432", "frame": 97, "mu": [1.4476116086261583, 4.287558689028305, 1.0825289723782565], "Sigma": [[0.017608310240492694, -0.006994673315780971, -0.008634410103878071], [-0.006994673315780971, 0.0034412914533110514, 0.0028853572391297757], [-0.008634410103878071, 0.0028853572391297757, 0.007139280617376895]], "chi2_level": 0.95, "chi2_df": 3, "chi2_threshold": 7.814727903251179, "N_raw": 15, "N_roi": 15, "N_inlier": 13, "refit": true}
{"timestamp": "17:22:41.129065", "frame": 100, "mu": [1.484423281242722, 4.523226523087949, 0.3473425546177925], "Sigma": [[0.013302802435896346, -0.00258173569902632, -0.005341274351956129], [-0.00258173569902632, 0.002922064296481291, -0.001803424032266877], [-0.005341274351956129, -0.0018034240322668772, 0.007240575610643529]], "chi2_level": 0.95, "chi2_df": 3, "chi2_threshold": 7.814727903251179, "N_raw": 17, "N_roi": 17, "N_inlier": 17, "refit": true}
{"timestamp": "17:22:41.202227", "frame": 102, "mu": [1.4545222282788102, 4.57021039449895, 1.3945747431227784], "Sigma": [[0.017260718308006275, -0.00576299230591581, -0.008617513706210438], [-0.00576299230591581, 0.003883435244319906, 0.0030053818745630284], [-0.008617513706210438, 0.0030053818745630276, 0.00702338359819839]], "chi2_level": 0.95, "chi2_df": 3, "chi2_threshold": 7.814727903251179, "N_raw": 21, "N_roi": 21, "N_inlier": 20, "refit": true}
{"timestamp": "17:22:41.254613", "frame": 103, "mu": [1.5552666202107848, 4.607857511643884, 1.2854531526052484], "Sigma": [[0.014817593543446864, -0.00025326120565488165, -0.031082771599499792], [-0.00025326120565488165, 0.0008276334318416557, 0.001990079091207999], [-0.031082771599499792, 0.001990079091207999, 0.06866411522997692]], "chi2_level": 0.95, "chi2_df": 3, "chi2_threshold": 7.814727903251179, "N_raw": 5, "N_roi": 5, "N_inlier": 5, "refit": true}
{"timestamp": "17:22:41.309894", "frame": 104, "mu": [1.5712467525257465, 4.758941564489268, 0.10272404972978481], "Sigma": [[0.018410536367829924, 0.00582590278474707, -0.04201969610410557], [0.00582590278474707, 0.004318805198409606, -0.013678612506837905], [-0.04201969610410557, -0.013678612506837905, 0.09632136222135229]], "chi2_level": 0.95, "chi2_df": 3, "chi2_threshold": 7.814727903251179, "N_raw": 6, "N_roi": 6, "N_inlier": 6, "refit": true}
{"timestamp": "17:22:41.364927", "frame": 105, "mu": [1.5055463442463217, 4.720885366397014, 1.1085484130893986], "Sigma": [[0.02247064976937322, -0.00334652803700016, -0.04662389504259307], [-0.0033465280370001595, 0.0011383657323363015, 0.007702897246614722], [-0.046623895042593066, 0.007702897246614722, 0.09827685755290028]], "chi2_level": 0.95, "chi2_df": 3, "chi2_threshold": 7.814727903251179, "N_raw": 6, "N_roi": 5, "N_inlier": 5, "refit": true}
{"timestamp": "17:22:41.419848", "frame": 106, "mu": [1.5615739737914969, 4.712110639288307, 0.9367095385726296], "Sigma": [[0.0431794807695332, -0.010954653098965775, -0.09154056518510961], [-0.010954653098965777, 0.003930490861562816, 0.024987026414800315], [-0.0915405651851096, 0.024987026414800315, 0.20014551535449443]], "chi2_level": 0.95, "chi2_df": 3, "chi2_threshold": 7.814727903251179, "N_raw": 6, "N_roi": 6, "N_inlier": 6, "refit": true}
