{"timestamp": "17:32:23.018217", "frame": 21, "mu": [1.0872192005512122, 0.6083088254751245, -0.5137140147435347], "Sigma": [[1.1488182454548952, 0.045576305515234145, 0.052555512326043635], [0.045576305515234145, 0.005600320346603178, 0.002538675570469321], [0.05255551232604364, 0.0025386755704693217, 0.01279253688724019]], "chi2_level": 0.99, "chi2_df": 3, "chi2_threshold": 11.344866730144373, "N_raw": 22, "N_roi": 22, "N_inlier": 22, "refit": true}
{"timestamp": "17:32:23.076120", "frame": 22, "mu": [1.4635478602609937, 0.5222778324376285, 1.3469072343831252], "Sigma": [[0.006510586861223733, -0.007373650717854291, -0.006717088951209467], [-0.007373650717854291, 0.013298415534103708, 0.006350190533808239], [-0.006717088951209466, 0.006350190533808239, 0.013228219591889957]], "chi2_level": 0.99, "chi2_df": 3, "chi2_threshold": 11.344866730144373, "N_raw": 40, "N_roi": 40, "N_inlier": 39, "refit": true}
{"timestamp": "17:32:23.130944", "frame": 23, "mu": [1.418748849710415, 0.5762560522063216, 1.382447102362358], "Sigma": [[0.007266345462142388, -0.004227210171417888, -0.008986224974657552], [-0.004227210171417887, 0.007596887052410781, 0.0064042165736229485], [-0.00898622497465755, 0.0064042165736229485, 0.01776814192039238]], "chi2_level": 0.99, "chi2_df": 3, "chi2_threshold": 11.344866730144373, "N_raw": 22, "N_roi": 22, "N_inlier": 20, "refit": true}
{"timestamp": "17:32:23.187853", "frame": 24, "mu": [1.4175985876891468, 0.5517255053351374, 1.2905578811807203], "Sigma": [[0.009483271208001595, -0.006438925406242279, -0.01027342496452321], [-0.006438925406242279, 0.01106501475177944, 0.005858021407133181], [-0.01027342496452321, 0.005858021407133181, 0.01631955242727832]], "chi2_level": 0.99, "chi2_df": 3, "chi2_threshold": 11.344866730144373, "N_raw": 40, "N_roi": 40, "N_inlier": 40, "refit": true}
{"timestamp": "17:32:23.242934", "frame": 25, "mu": [1.3640184817025391, 0.5154768555606698, 1.2655990649533264], "Sigma": [[0.0060145757822270135, -0.005724170477600259, -0.008977892212758373], [-0.005724170477600259, 0.007669882562492907, 0.0073787106334849955], [-0.008977892212758371, 0.007378710633484995, 0.019435609175526853]], "chi2_level": 0.99, "chi2_df": 3, "chi2_threshold": 11.344866730144373, "N_raw": 35, "N_roi": 35, "N_inlier": 33, "refit": true}
{"timestamp": "17:32:23.296048", "frame": 26, "mu": [1.3228970349934, 0.600956637201381, 1.2952207835923906], "Sigma": [[0.002707097215963453, -0.001743746739621477, -0.002898571651494004], [-0.0017437467396214767, 0.008558826970539184, -0.011219919590145663], [-0.002898571651494004, -0.011219919590145663, 0.029006742247943435]], "chi2_level": 0.99, "chi2_df": 3, "chi2_threshold": 11.344866730144373, "N_raw": 25, "N_roi": 25, "N_inlier": 24, "refit": true}
{"timestamp": "17:32:23.349891", "frame": 27, "mu": [1.3109780675654938, 0.5289753189715967, 1.1714827617378216], "Sigma": [[0.005700595026749214, -0.005146396406343397, -0.0056971487096748605], [-0.005146396406343397, 0.015650461278579032, 0.0006887175583569763], [-0.0056971487096748605, 0.0006887175583569758, 0.023001934762481142]], "chi2_level": 0.99, "chi2_df": 3, "chi2_threshold": 11.344866730144373, "N_raw": 20, "N_roi": 20, "N_inlier": 20, "refit": true}
{"timestamp": "17:32:23.405572", "frame": 28, "mu": [1.2263010000156997, 0.5976067501913906, 1.212868883684503], "Sigma": [[0.0037779888231925267, -0.002600380825177875, -0.004583884970075504], [-0.002600380825177875, 0.006954686704895436, -0.005099447552176501], [-0.004583884970075504, -0.005099447552176502, 0.0411271382458782]], "chi2_level": 0.99, "chi2_df": 3, "chi2_threshold": 11.344866730144373, "N_raw": 19, "N_roi": 19, "N_inlier": 19, "refit": true}
{"timestamp": "17:32:23.465982", "frame": 29, "mu": [1.1889823001305826, 0.6381845228942341, 1.219740796147783], "Sigma": [[0.004069438911146607, -0.002034043266622443, -0.0051711397966269675], [-0.002034043266622443, 0.0072568950357998685, -0.007390357318556028], [-0.0051711397966269675, -0.007390357318556027, 0.029076214278684773]], "chi2_level": 0.99, "chi2_df": 3, "chi2_threshold": 11.344866730144373, "N_raw": 54, "N_roi": 54, "N_inlier": 54, "refit": true}
{"timestamp": "17:32:23.516446", "frame": 30, "mu": [1.1255203649853784, 0.6927456936669018, 1.1161527968357448], "Sigma": [[0.0027951503545857737, 0.0002587942614294356, -0.005642669280424121], [0.0002587942614294355, 0.004947802893841497, -0.0085866085913416], [-0.005642669280424121, -0.0085866085913416, 0.02951367243825093]], "chi2_level": 0.99, "chi2_df": 3, "chi2_threshold": 11.344866730144373, "N_raw": 27, "N_roi": 27, "N_inlier": 26, "refit": true}
{"timestamp": "17:32:23.680062", "frame": 33, "mu": [0.8631952886002471, 0.6721332335565714, 1.3966251703968358], "Sigma": [[0.005309290972329477, -0.0032466287798573116, -0.005052436601042197], [-0.003246628779857312, 0.004222159618972327, 0.0032654155551982977], [-0.005052436601042197, 0.0032654155551982977, 0.0052361105051346455]], "chi2_level": 0.99, "chi2_df": 3, "chi2_threshold": 11.344866730144373, "N_raw": 18, "N_roi": 18, "N_inlier": 15, "refit": true}
{"timestamp": "17:32:23.738997", "frame": 34, "mu": [0.8638124277025075, 0.6332451482027278, 1.2746116320237029], "Sigma": [[0.005806207843855563, -0.0014740106853229496, -0.008750524240786735], [-0.0014740106853229496, 0.002595176563832472, 0.0008716670214170136], [-0.008750524240786735, 0.0008716670214170137, 0.0159856970317854]], "chi2_level": 0.99, "chi2_df": 3, "chi2_threshold": 11.344866730144373, "N_raw": 50, "N_roi": 50, "N_inlier": 47, "refit": true}
{"timestamp": "17:32:23.792331", "frame": 35, "mu": [0.8099323274120493, 0.7827361819032448, -0.4659990886594484], "Sigma": [[0.004155965775211467, 0.00043636643319584057, -0.004563241865095952], [0.00043636643319584057, 0.0011895169596409128, -0.0008325529557748116], [-0.004563241865095952, -0.0008325529557748116, 0.005832805675926802]], "chi2_level": 0.99, "chi2_df": 3, "chi2_threshold": 11.344866730144373, "N_raw": 30, "N_roi": 30, "N_inlier": 28, "refit": true}
{"timestamp": "17:32:23.850913", "frame": 36, "mu": [0.726382327023461, 0.6413327301049321, 1.4021257358727068], "Sigma": [[0.0052867235693836, -0.00047347498697588577, -0.004749132058500194], [-0.0004734749869758859, 0.0019387562057299249, -0.0010770029257646475], [-0.004749132058500194, -0.0010770029257646473, 0.007011703879772503]], "chi2_level": 0.99, "chi2_df": 3, "chi2_threshold": 11.344866730144373, "N_raw": 58, "N_roi": 58, "N_inlier": 55, "refit": true}
{"timestamp": "17:32:23.958504", "frame": 38, "mu": [0.6086988176548157, 0.6133468599404721, 1.4401194517022287], "Sigma": [[0.0028245942175526458, -0.0004302494217771776, -0.0023983143968957237], [-0.0004302494217771775, 0.0015782872217061101, -0.000977821542924151], [-0.0023983143968957237, -0.000977821542924151, 0.005039131011188895]], "chi2_level": 0.99, "chi2_df": 3, "chi2_threshold": 11.344866730144373, "N_raw": 43, "N_roi": 43, "N_inlier": 40, "refit": true}
{"timestamp": "17:32:24.015866", "frame": 39, "mu": [0.6029199948878755, 0.624789687819434, 1.3748488747800807], "Sigma": [[0.0029583551753923475, -0.0014679027046258048, -0.002528472627986924], [-0.0014679027046258048, 0.0017359655509404251, -0.00013178308115237395], [-0.002528472627986924, -0.00013178308115237395, 0.006680504637172678]], "chi2_level": 0.99, "chi2_df": 3, "chi2_threshold": 11.344866730144373, "N_raw": 54, "N_roi": 54, "N_inlier": 49, "refit": true}
{"timestamp": "17:32:24.067402", "frame": 40, "mu": [0.5611194925198884, 0.6370737930645836, 1.3758675555690605], "Sigma": [[0.002470102129406376, 7.737243228733657e-05, -0.004463835650093662], [7.737243228733667e-05, 0.0024369477382283527, -0.005865801451397504], [-0.004463835650093662, -0.005865801451397503, 0.07339706775736052]], "chi2_level": 0.99, "chi2_df": 3, "chi2_threshold": 11.344866730144373, "N_raw": 36, "N_roi": 35, "N_inlier": 32, "refit": true}
{"timestamp": "17:32:24.124985", "frame": 41, "mu": [0.46495519672993235, 0.7509123079875399, -0.4274729691790163], "Sigma": [[0.0033974686701046435, 0.0003891313350822696, -0.0037240242830888907], [0.0003891313350822696, 0.0013526269343978482, -0.0015010207769776851], [-0.0037240242830888907, -0.0015010207769776851, 0.005409897555015483]], "chi2_level": 0.99, "chi2_df": 3, "chi2_threshold": 11.344866730144373, "N_raw": 54, "N_roi": 54, "N_inlier": 49, "refit": true}
{"timestamp": "17:32:24.177247", "frame": 42, "mu": [0.3903118241736641, 0.6311915047123146, 1.2024421371995595], "Sigma": [[0.00680091779635517, 0.00199110922470254, 0.02607288404278547], [0.00199110922470254, 0.001953871575924014, 0.011789420242523857], [0.02607288404278547, 0.011789420242523857, 0.2551286570719669]], "chi2_level": 0.99, "chi2_df": 3, "chi2_threshold": 11.344866730144373, "N_raw": 32, "N_roi": 32, "N_inlier": 30, "refit": true}
{"timestamp": "17:32:24.232173", "frame": 43, "mu": [0.35389506154403955, 0.6747281850807235, 1.147145907760116], "Sigma": [[0.0048174224887533815, -0.00044229577472504035, 0.014747014650871632], [-0.00044229577472504035, 0.0015605170804578526, -0.008893001839336277], [0.014747014650871632, -0.008893001839336275, 0.2315105270963885]], "chi2_level": 0.99, "chi2_df": 3, "chi2_threshold": 11.344866730144373, "N_raw": 31, "N_roi": 31, "N_inlier": 30, "refit": true}
{"timestamp": "17:32:24.290051", "frame": 44, "mu": [0.29585650880014935, 0.7035949481402296, 1.3203961258704708], "Sigma": [[0.0015375913492144953, -0.00011888195094360094, -0.0005451512388768634], [-0.00011888195094360091, 0.0029484750945260917, -0.005065406064630018], [-0.0005451512388768636, -0.005065406064630018, 0.02435366155694373]], "chi2_level": 0.99, "chi2_df": 3, "chi2_threshold": 11.344866730144373, "N_raw": 58, "N_roi": 58, "N_inlier": 55, "refit": true}
{"timestamp": "17:32:24.346449", "frame": 45, "mu": [0.24704762231316033, 0.6859325231671982, 1.3372535322291947], "Sigma": [[0.0018425521321088253, -0.00026655190163140746, -0.0024360151157210522], [-0.00026655190163140746, 0.0007775434697941695, -0.0002998289033732317], [-0.0024360151157210522, -0.0002998289033732317, 0.010739607914158187]], "chi2_level": 0.99, "chi2_df": 3, "chi2_threshold": 11.344866730144373, "N_raw": 62, "N_roi": 62, "N_inlier": 57, "refit": true}
{"timestamp": "17:32:24.404998", "frame": 46, "mu": [0.16505082290587297, 0.7060463740872274, 1.2669689365573131], "Sigma": [[0.0023511606130407524, -0.0012549596096248132, 0.00033682056958689094], [-0.001254959609624813, 0.0017492628028498048, -0.0006084601569436611], [0.000336820569586891, -0.0006084601569436611, 0.01830762755872105]], "chi2_level": 0.99, "chi2_df": 3, "chi2_threshold": 11.344866730144373, "N_raw": 83, "N_roi": 83, "N_inlier": 79, "refit": true}
{"timestamp": "17:32:24.456966", "frame": 47, "mu": [0.12056613628411912, 0.6986783518379605, 1.3073838379900369], "Sigma": [[0.0015138806273882752, -0.000573703430249027, -0.0016705892779808815], [-0.0005737034302490271, 0.0009436564252367541, -0.0008383937108467768], [-0.0016705892779808815, -0.0008383937108467768, 0.010821454903859431]], "chi2_level": 0.99, "chi2_df": 3, "chi2_threshold": 11.344866730144373, "N_raw": 62, "N_roi": 62, "N_inlier": 58, "refit": true}
{"timestamp": "17:32:24.510290", "frame": 48, "mu": [0.07370727635557106, 0.6317327692466063, 1.2363111530696906], "Sigma": [[0.0016798909213914545, -0.0019049633689053626, -0.0011333226660174755], [-0.0019049633689053626, 0.0053440800241806264, -0.0009800401766348423], [-0.0011333226660174755, -0.0009800401766348423, 0.004029511809549029]], "chi2_level": 0.99, "chi2_df": 3, "chi2_threshold": 11.344866730144373, "N_raw": 59, "N_roi": 59, "N_inlier": 55, "refit": true}
{"timestamp": "17:32:24.566501", "frame": 49, "mu": [0.021363504861936777, 0.6307364268634243, 1.2499730420324133], "Sigma": [[0.0012368716277248264, -0.00031573281672312456, 0.00014009912499947114], [-0.0003157328167231246, 0.002718491016543627, -0.0023398486695113616], [0.00014009912499947114, -0.0023398486695113616, 0.0022659684112959254]], "chi2_level": 0.99, "chi2_df": 3, "chi2_threshold": 11.344866730144373, "N_raw": 54, "N_roi": 54, "N_inlier": 49, "refit": true}
{"timestamp": "17:32:24.616843", "frame": 50, "mu": [0.000628264685275864, 0.7299878843837624, 1.2836682958396675], "Sigma": [[0.002063453867495277, -0.0007824611771462384, 0.0010544379271853863], [-0.0007824611771462384, 0.0010494177448264132, -0.001421027648188878], [0.0010544379271853863, -0.001421027648188878, 0.00253103761398534]], "chi2_level": 0.99, "chi2_df": 3, "chi2_threshold": 11.344866730144373, "N_raw": 39, "N_roi": 39, "N_inlier": 38, "refit": true}
{"timestamp": "17:32:24.678961", "frame": 51, "mu": [-0.08820857061108603, 0.67736128554626, 1.3178787605986266], "Sigma": [[0.0026959252974359258, -0.000636267475533509, -0.0034542228323710023], [-0.000636267475533509, 0.002109832065747375, -0.0023847102183859226], [-0.0034542228323710023, -0.002384710218385923, 0.01067059560691788]], "chi2_level": 0.99, "chi2_df": 3, "chi2_threshold": 11.344866730144373, "N_raw": 89, "N_roi": 89, "N_inlier": 87, "refit": true}
{"timestamp": "17:32:24.729892", "frame": 52, "mu": [-0.12292725283030989, 0.6538758394859092, 1.1871314637172716], "Sigma": [[0.0021122015019441037, -0.001544144455716591, -0.00012401482663166555], [-0.001544144455716591, 0.0029382323675728175, -0.0009317637735857722], [-0.00012401482663166555, -0.0009317637735857722, 0.0037682453529149004]], "chi2_level": 0.99, "chi2_df": 3, "chi2_threshold": 11.344866730144373, "N_raw": 50, "N_roi": 50, "N_inlier": 45, "refit": true}
{"timestamp": "17:32:24.783760", "frame": 53, "mu": [-0.15475899217709135, 0.6006891118118882, 1.2133982644481014], "Sigma": [[0.0013862288288277124, -0.001013436177116557, 0.00035150128386488857], [-0.001013436177116557, 0.006206126813648888, -0.0012788141953216899], [0.00035150128386488846, -0.0012788141953216899, 0.0012390088831454253]], "chi2_level": 0.99, "chi2_df": 3, "chi2_threshold": 11.344866730144373, "N_raw": 46, "N_roi": 46, "N_inlier": 43, "refit": true}
{"timestamp": "17:32:24.834630", "frame": 54, "mu": [-0.4043839499153445, 1.2257534404627168, 0.1368959739723779], "Sigma": [[0.0441882832524796, -0.1795287706094529, 0.3174252363724374], [-0.17952877060945294, 1.225015712293659, -1.7128346051883323], [0.31742523637243747, -1.7128346051883323, 2.6852650477755478]], "chi2_level": 0.99, "chi2_df": 3, "chi2_threshold": 11.344866730144373, "N_raw": 11, "N_roi": 11, "N_inlier": 11, "refit": true}
{"timestamp": "17:32:24.896193", "frame": 55, "mu": [-0.30709158919869356, 0.6117362101982208, 1.2217604117689327], "Sigma": [[0.0020311118804547785, 0.0006908149966315092, 0.0010657839679940437], [0.0006908149966315092, 0.0021594520932876247, -0.00010618762578191779], [0.0010657839679940435, -0.00010618762578191781, 0.006732229496386391]], "chi2_level": 0.99, "chi2_df": 3, "chi2_threshold": 11.344866730144373, "N_raw": 58, "N_roi": 58, "N_inlier": 56, "refit": true}
{"timestamp": "17:32:24.952699", "frame": 56, "mu": [-0.35854795552650287, 0.6233879518573745, 1.2468104681044117], "Sigma": [[0.003364431964999597, -0.0006687107115214345, 0.0005999572006965556], [-0.0006687107115214345, 0.0016123050910633269, -0.001557986360638565], [0.0005999572006965556, -0.001557986360638565, 0.00379720007205877]], "chi2_level": 0.99, "chi2_df": 3, "chi2_threshold": 11.344866730144373, "N_raw": 69, "N_roi": 69, "N_inlier": 66, "refit": true}
{"timestamp": "17:32:25.005861", "frame": 57, "mu": [-0.4630002665475323, 0.6229957935188397, 1.3043523398725898], "Sigma": [[0.0021018392014396374, -0.0012264227408894644, -0.000298914196252849], [-0.0012264227408894644, 0.001243831658320909, -0.0011553937963268302], [-0.000298914196252849, -0.0011553937963268302, 0.00613243972510941]], "chi2_level": 0.99, "chi2_df": 3, "chi2_threshold": 11.344866730144373, "N_raw": 56, "N_roi": 56, "N_inlier": 52, "refit": true}
{"timestamp": "17:32:25.060340", "frame": 58, "mu": [-0.4650456884525575, 0.5839453647895428, 1.1433540296046365], "Sigma": [[0.0020089925989665485, -0.0015833403608698589, 6.843522870649872e-05], [-0.0015833403608698589, 0.008512302372866223, -0.017366262949891634], [6.843522870649861e-05, -0.017366262949891634, 0.048732897040930756]], "chi2_level": 0.99, "chi2_df": 3, "chi2_threshold": 11.344866730144373, "N_raw": 55, "N_roi": 55, "N_inlier": 51, "refit": true}
{"timestamp": "17:32:25.111557", "frame": 59, "mu": [-0.7552653394779513, 0.5029941485389099, 1.500012615756974], "Sigma": [[0.018309571690434037, 0.006155828688605123, -0.026585956519776452], [0.006155828688605123, 0.0034127103369578377, -0.009926101889246756], [-0.026585956519776452, -0.009926101889246756, 0.04728129618468937]], "chi2_level": 0.99, "chi2_df": 3, "chi2_threshold": 11.344866730144373, "N_raw": 25, "N_roi": 23, "N_inlier": 23, "refit": true}
{"timestamp": "17:32:25.173409", "frame": 60, "mu": [-0.6188581761100969, 0.5538306826338982, 1.3019104768825616], "Sigma": [[0.016741013611434236, 0.00217885829509533, -0.01878592217628234], [0.00217885829509533, 0.0028042704572724397, -0.006611110973390553], [-0.01878592217628234, -0.006611110973390553, 0.029447255525768636]], "chi2_level": 0.99, "chi2_df": 3, "chi2_threshold": 11.344866730144373, "N_raw": 82, "N_roi": 82, "N_inlier": 77, "refit": true}
{"timestamp": "17:32:25.224773", "frame": 61, "mu": [-0.7771053952466939, 0.5243911160629866, 1.459087306426123], "Sigma": [[0.021961098851482588, 0.008073428821217293, -0.023728997991722484], [0.008073428821217293, 0.005811068557392618, -0.012399433577458046], [-0.023728997991722484, -0.012399433577458048, 0.03255434777411441]], "chi2_level": 0.99, "chi2_df": 3, "chi2_threshold": 11.344866730144373, "N_raw": 52, "N_roi": 52, "N_inlier": 51, "refit": true}
{"timestamp": "17:32:25.278345", "frame": 62, "mu": [-0.8877437975457795, 0.49875661228057655, 1.5108499398866118], "Sigma": [[0.010011182421221, 0.0033629436954831825, -0.006281787306050009], [0.0033629436954831834, 0.004557288395055295, -0.007573323357411156], [-0.006281787306050007, -0.007573323357411155, 0.015294386444492932]], "chi2_level": 0.99, "chi2_df": 3, "chi2_threshold": 11.344866730144373, "N_raw": 43, "N_roi": 43, "N_inlier": 40, "refit": true}
{"timestamp": "17:32:25.336980", "frame": 63, "mu": [-0.9124259372926345, 0.46722839744048167, 1.5064076426899882], "Sigma": [[0.007363998348785214, 0.0018550366263440064, -0.004948731154303412], [0.0018550366263440064, 0.0038171409866883037, -0.006557515156675899], [-0.004948731154303412, -0.006557515156675899, 0.016232770834663984]], "chi2_level": 0.99, "chi2_df": 3, "chi2_threshold": 11.344866730144373, "N_raw": 68, "N_roi": 68, "N_inlier": 65, "refit": true}
{"timestamp": "17:32:25.391368", "frame": 64, "mu": [-0.9619975294830714, 0.48189584771964356, 1.4994032893133613], "Sigma": [[0.00716379465804626, 0.0022495980569037614, -0.0007795275059080278], [0.0022495980569037614, 0.0023675823287112653, -0.0031644358995110353], [-0.0007795275059080277, -0.0031644358995110353, 0.00788545545339023]], "chi2_level": 0.99, "chi2_df": 3, "chi2_threshold": 11.344866730144373, "N_raw": 63, "N_roi": 63, "N_inlier": 60, "refit": true}
{"timestamp": "17:32:25.447193", "frame": 65, "mu": [-0.9266682258103409, 0.5036966134647839, 1.300082758420974], "Sigma": [[0.013439561424475993, 0.005974980429847838, -0.02365450486301273], [0.005974980429847839, 0.004656821796741082, -0.014398321000918984], [-0.02365450486301273, -0.014398321000918984, 0.06291929182090125]], "chi2_level": 0.99, "chi2_df": 3, "chi2_threshold": 11.344866730144373, "N_raw": 71, "N_roi": 71, "N_inlier": 69, "refit": true}
{"timestamp": "17:32:25.498598", "frame": 66, "mu": [-1.0081238988202128, 0.3709053688459777, 1.3490273354464946], "Sigma": [[0.004645357926631652, 0.004320420194673048, -0.0018727723806082459], [0.004320420194673049, 0.005037289587378041, -0.0032486270161290838], [-0.001872772380608246, -0.0032486270161290838, 0.01222284253436987]], "chi2_level": 0.99, "chi2_df": 3, "chi2_threshold": 11.344866730144373, "N_raw": 44, "N_roi": 44, "N_inlier": 41, "refit": true}
{"timestamp": "17:32:25.556233", "frame": 67, "mu": [-1.085358769467212, 0.5028440194417887, 1.4405706934249565], "Sigma": [[0.00661297017158785, 0.0009254653404871345, -0.0027119122689863717], [0.0009254653404871345, 0.004404689593869591, -0.00250050574375468], [-0.0027119122689863717, -0.00250050574375468, 0.013969754159811476]], "chi2_level": 0.99, "chi2_df": 3, "chi2_threshold": 11.344866730144373, "N_raw": 62, "N_roi": 62, "N_inlier": 60, "refit": true}
{"timestamp": "17:32:25.612149", "frame": 68, "mu": [-1.1446683170706287, 0.4077644552784364, 1.3124910542966344], "Sigma": [[0.005553079528163018, 0.00036198114845196105, -0.0009237225641051305], [0.00036198114845196116, 0.007424568530636654, -0.00682767308444394], [-0.0009237225641051305, -0.00682767308444394, 0.008139987673529915]], "chi2_level": 0.99, "chi2_df": 3, "chi2_threshold": 11.344866730144373, "N_raw": 68, "N_roi": 68, "N_inlier": 65, "refit": true}
{"timestamp": "17:32:25.666720", "frame": 69, "mu": [-1.2354957640750377, 0.4645757778892079, 1.387159952160354], "Sigma": [[0.007204737630251757, 0.0007396389580275342, -0.0016936443315268535], [0.0007396389580275342, 0.008155542414270455, -0.005954532692898079], [-0.0016936443315268535, -0.0059545326928980786, 0.007481226935129854]], "chi2_level": 0.99, "chi2_df": 3, "chi2_threshold": 11.344866730144373, "N_raw": 64, "N_roi": 64, "N_inlier": 61, "refit": true}
{"timestamp": "17:32:25.720363", "frame": 70, "mu": [-1.271762019882719, 0.4393591733798468, 1.336794216411531], "Sigma": [[0.005376236920669677, 0.002429851559386648, -0.0017752497608357187], [0.0024298515593866475, 0.0067813282308857165, -0.0036801061334292336], [-0.0017752497608357187, -0.0036801061334292336, 0.01575275378272956]], "chi2_level": 0.99, "chi2_df": 3, "chi2_threshold": 11.344866730144373, "N_raw": 59, "N_roi": 59, "N_inlier": 57, "refit": true}
{"timestamp": "17:32:25.776883", "frame": 71, "mu": [-1.311854636050422, 0.5046286463992575, 1.4113929539304075], "Sigma": [[0.00834475903964858, -0.0006353651731901056, -0.002177730385903985], [-0.0006353651731901056, 0.00884327377051944, -0.005320817690860027], [-0.0021777303859039847, -0.005320817690860027, 0.008972590428010125]], "chi2_level": 0.99, "chi2_df": 3, "chi2_threshold": 11.344866730144373, "N_raw": 70, "N_roi": 70, "N_inlier": 64, "refit": true}
{"timestamp": "17:32:25.830866", "frame": 72, "mu": [-1.3504813211024733, 0.4717399545784627, 1.362286090042046], "Sigma": [[0.007081858202514157, 8.523012307237081e-05, -0.0017733198023797163], [8.52301230723707e-05, 0.006431262386165701, -0.005387294759055554], [-0.0017733198023797163, -0.005387294759055554, 0.006288045180323274]], "chi2_level": 0.99, "chi2_df": 3, "chi2_threshold": 11.344866730144373, "N_raw": 58, "N_roi": 58, "N_inlier": 56, "refit": true}
{"timestamp": "17:32:25.881557", "frame": 73, "mu": [-1.371351593925242, 0.5508958401005108, 1.3261430209387002], "Sigma": [[0.004023792806590955, 0.0037686214776897764, 0.005125783532011042], [0.0037686214776897764, 0.010948824441474672, 0.007422183989484481], [0.005125783532011041, 0.007422183989484479, 0.02121272241122211]], "chi2_level": 0.99, "chi2_df": 3, "chi2_threshold": 11.344866730144373, "N_raw": 29, "N_roi": 29, "N_inlier": 28, "refit": true}
{"timestamp": "17:32:25.938054", "frame": 74, "mu": [-1.3866738882933438, 0.4678370680811535, 1.346133453019844], "Sigma": [[0.005863242092050113, 0.0005288052791884501, -0.002286105105038491], [0.0005288052791884501, 0.007861600560195183, -0.0034996972045801683], [-0.002286105105038491, -0.0034996972045801683, 0.002765141600829613]], "chi2_level": 0.99, "chi2_df": 3, "chi2_threshold": 11.344866730144373, "N_raw": 40, "N_roi": 40, "N_inlier": 39, "refit": true}
{"timestamp": "17:32:25.994818", "frame": 75, "mu": [-1.4403229541104576, 0.4915915587282661, 1.2772632742152843], "Sigma": [[0.0056062370667647335, 0.0009859812503877673, -0.00019629219780582352], [0.0009859812503877675, 0.007214830283245618, -0.003685159490996542], [-0.0001962921978058234, -0.003685159490996542, 0.005621592963062008]], "chi2_level": 0.99, "chi2_df": 3, "chi2_threshold": 11.344866730144373, "N_raw": 49, "N_roi": 49, "N_inlier": 45, "refit": true}
{"timestamp": "17:32:26.050956", "frame": 76, "mu": [-1.0439108886395847, 0.44375767032042523, 1.2763477900562092], "Sigma": [[1.109789518227567, -0.03267920115296192, 0.024598675256334877], [-0.03267920115296192, 0.00698504618010116, -0.0046022431553659855], [0.024598675256334877, -0.0046022431553659855, 0.005229773390769917]], "chi2_level": 0.99, "chi2_df": 3, "chi2_threshold": 11.344866730144373, "N_raw": 58, "N_roi": 58, "N_inlier": 56, "refit": true}
{"timestamp": "17:32:26.101804", "frame": 77, "mu": [-1.5241689500921778, 0.5045435385115017, 1.2976981917675237], "Sigma": [[0.004148268021954345, 0.0038043783103571464, -0.0014276358925504177], [0.0038043783103571464, 0.008336454757853426, -0.004623278745589283], [-0.001427635892550418, -0.004623278745589283, 0.004972302838876829]], "chi2_level": 0.99, "chi2_df": 3, "chi2_threshold": 11.344866730144373, "N_raw": 32, "N_roi": 32, "N_inlier": 29, "refit": true}
{"timestamp": "17:32:26.154817", "frame": 78, "mu": [-1.1603800481190272, 0.4767759868770866, 1.2297630542066245], "Sigma": [[0.9898689948067462, -0.0309721823726698, 0.01884007423262629], [-0.030972182372669795, 0.006224679274595223, -0.0030915696968364615], [0.018840074232626295, -0.0030915696968364624, 0.0023637637009565407]], "chi2_level": 0.99, "chi2_df": 3, "chi2_threshold": 11.344866730144373, "N_raw": 21, "N_roi": 21, "N_inlier": 21, "refit": true}
{"timestamp": "17:32:26.209724", "frame": 79, "mu": [-1.5844388051619653, 0.7760734489995974, -0.6025124555331247], "Sigma": [[0.0065802465755722865, 0.004942528740800488, 0.001303706579639078], [0.004942528740800488, 0.008435079941075162, -0.00012270021924759133], [0.0013037065796390776, -0.00012270021924759144, 0.006146771931508148]], "chi2_level": 0.99, "chi2_df": 3, "chi2_threshold": 11.344866730144373, "N_raw": 21, "N_roi": 21, "N_inlier": 21, "refit": true}
{"timestamp": "17:32:26.268337", "frame": 80, "mu": [-1.2439617269590817, 0.48912822493506386, 1.0692387869186157], "Sigma": [[1.3268377887539111, -0.024488159267743927, -0.008481855182306696], [-0.024488159267743927, 0.011043335312741525, 0.003536117977030311], [-0.008481855182306697, 0.003536117977030311, 0.018674054676763058]], "chi2_level": 0.99, "chi2_df": 3, "chi2_threshold": 11.344866730144373, "N_raw": 44, "N_roi": 44, "N_inlier": 43, "refit": true}
{"timestamp": "17:32:26.321800", "frame": 81, "mu": [-1.3466657699290356, 0.5034400061958781, 1.0410560056682472], "Sigma": [[1.2423037991853785, -0.030628162313249108, 0.004608073614668424], [-0.030628162313249104, 0.009683079449609088, -0.00024113792895270154], [0.004608073614668426, -0.00024113792895270143, 0.011385943534260387]], "chi2_level": 0.99, "chi2_df": 3, "chi2_threshold": 11.344866730144373, "N_raw": 35, "N_roi": 35, "N_inlier": 35, "refit": true}
{"timestamp": "17:32:26.381514", "frame": 82, "mu": [-1.05288647781454, 0.4954574171718814, 1.0771648927253095], "Sigma": [[2.029004516054174, -0.020725243059429577, 0.0019014502456877608], [-0.02072524305942957, 0.007852627889800198, -0.001481352671856198], [0.0019014502456877608, -0.0014813526718561983, 0.02104434131843119]], "chi2_level": 0.99, "chi2_df": 3, "chi2_threshold": 11.344866730144373, "N_raw": 65, "N_roi": 65, "N_inlier": 64, "refit": true}
{"timestamp": "17:32:26.437440", "frame": 83, "mu": [-1.224530666869782, 0.6142858174365647, -0.7924366461657495], "Sigma": [[1.6411644434461359, -0.09395823573050835, -0.039607759851728944], [-0.09395823573050835, 0.032644257942595845, 0.005777671662117007], [-0.039607759851728944, 0.005777671662117007, 0.01731198924935819]], "chi2_level": 0.99, "chi2_df": 3, "chi2_threshold": 11.344866730144373, "N_raw": 71, "N_roi": 71, "N_inlier": 68, "refit": true}
{"timestamp": "17:32:26.486457", "frame": 84, "mu": [-1.7684444972546063, 0.6064521483501443, 1.2207755598269903], "Sigma": [[0.006903486053200022, 0.004963022508456045, -0.004406098120101473], [0.004963022508456045, 0.009121911158211182, -0.004789650047946615], [-0.004406098120101473, -0.004789650047946615, 0.004059919140197103]], "chi2_level": 0.99, "chi2_df": 3, "chi2_threshold": 11.344866730144373, "N_raw": 30, "N_roi": 30, "N_inlier": 28, "refit": true}
{"timestamp": "17:32:26.542693", "frame": 85, "mu": [-1.8237653864967722, 0.5696094260441679, 1.1176843667151957], "Sigma": [[0.008085276648436168, 0.004752567963691004, -0.002271591811097636], [0.004752567963691003, 0.00672511716617377, -0.005315303116242285], [-0.002271591811097636, -0.005315303116242287, 0.00744365059479525]], "chi2_level": 0.99, "chi2_df": 3, "chi2_threshold": 11.344866730144373, "N_raw": 47, "N_roi": 47, "N_inlier": 42, "refit": true}
{"timestamp": "17:32:26.601184", "frame": 86, "mu": [-1.5527939707948184, 0.5688221577280076, 1.105439135204698], "Sigma": [[1.0232822555147338, -0.03346559264302239, 0.037556448069607576], [-0.03346559264302239, 0.00987245087808728, -0.007251420744156831], [0.037556448069607576, -0.007251420744156831, 0.010042083093899699]], "chi2_level": 0.99, "chi2_df": 3, "chi2_threshold": 11.344866730144373, "N_raw": 58, "N_roi": 58, "N_inlier": 57, "refit": true}
{"timestamp": "17:32:26.653918", "frame": 87, "mu": [-1.8723338582802034, 0.6070225191325226, 1.1203621339026448], "Sigma": [[0.009158750034535265, 0.005768501505088608, -0.0031462753211357877], [0.005768501505088607, 0.007343162454427124, -0.005399530847447017], [-0.0031462753211357877, -0.005399530847447017, 0.008677737928768749]], "chi2_level": 0.99, "chi2_df": 3, "chi2_threshold": 11.344866730144373, "N_raw": 46, "N_roi": 46, "N_inlier": 44, "refit": true}
{"timestamp": "17:32:26.707293", "frame": 88, "mu": [-1.8619530606825876, 0.6061124114495726, 1.1118868301258145], "Sigma": [[0.007655758209607716, 0.005158852327189742, -0.0016431060446953265], [0.005158852327189742, 0.008873582470620424, -0.005732693020149476], [-0.0016431060446953267, -0.005732693020149477, 0.006218154246222188]], "chi2_level": 0.99, "chi2_df": 3, "chi2_threshold": 11.344866730144373, "N_raw": 41, "N_roi": 41, "N_inlier": 40, "refit": true}
{"timestamp": "17:32:26.762921", "frame": 89, "mu": [-1.9022912520820752, 0.6406986027449029, 1.1476892924492421], "Sigma": [[0.008287862713614898, 0.0051710935460243706, -0.0037602893047105758], [0.00517109354602437, 0.01228549712867199, -0.007582314899149513], [-0.0037602893047105758, -0.007582314899149513, 0.0059119608892274364]], "chi2_level": 0.99, "chi2_df": 3, "chi2_threshold": 11.344866730144373, "N_raw": 45, "N_roi": 45, "N_inlier": 43, "refit": true}
{"timestamp": "17:32:26.817363", "frame": 90, "mu": [-1.8947809884449462, 0.6139840102240007, 1.0951995795360423], "Sigma": [[0.00724664755184523, 0.00626832479685936, -0.0012805330644130378], [0.00626832479685936, 0.012534682739011363, -0.005350319294331883], [-0.0012805330644130378, -0.005350319294331883, 0.0038745182327431255]], "chi2_level": 0.99, "chi2_df": 3, "chi2_threshold": 11.344866730144373, "N_raw": 41, "N_roi": 41, "N_inlier": 38, "refit": true}
{"timestamp": "17:32:26.871610", "frame": 91, "mu": [-1.8685775584416653, 0.6336078741044238, 1.007929313501576], "Sigma": [[0.00508933840963382, 0.0067986132673870745, 0.0009571401185793041], [0.0067986132673870745, 0.010632750366818206, -0.000810885209417328], [0.0009571401185793042, -0.0008108852094173278, 0.009313336838580025]], "chi2_level": 0.99, "chi2_df": 3, "chi2_threshold": 11.344866730144373, "N_raw": 23, "N_roi": 23, "N_inlier": 22, "refit": true}
{"timestamp": "17:32:26.926130", "frame": 92, "mu": [-1.906360155576614, 0.8128452115187498, 1.1449072440707684], "Sigma": [[0.004848292380302076, 0.001667775723201721, -0.001825985352575715], [0.001667775723201721, 0.010199912235468572, -0.00395395824828565], [-0.0018259853525757145, -0.00395395824828565, 0.0037999478379591484]], "chi2_level": 0.99, "chi2_df": 3, "chi2_threshold": 11.344866730144373, "N_raw": 33, "N_roi": 33, "N_inlier": 33, "refit": true}
{"timestamp": "17:32:26.981112", "frame": 93, "mu": [-2.020860174555959, 0.7340338041879272, 1.1108099479069458], "Sigma": [[0.0061235901029579095, 0.005682231839807391, -0.005042929323872493], [0.005682231839807391, 0.012849061316216158, -0.008947005864617288], [-0.005042929323872493, -0.008947005864617288, 0.00808083587005332]], "chi2_level": 0.99, "chi2_df": 3, "chi2_threshold": 11.344866730144373, "N_raw": 33, "N_roi": 33, "N_inlier": 33, "refit": true}
{"timestamp": "17:32:27.037421", "frame": 94, "mu": [-2.009661056464612, 0.7589433075799319, 1.1465847352642777], "Sigma": [[0.00949674803483613, 0.007360306650786632, -0.0040877528969624315], [0.00736030665078663, 0.015475526377051383, -0.0071459425709861045], [-0.0040877528969624315, -0.0071459425709861045, 0.004364609553953705]], "chi2_level": 0.99, "chi2_df": 3, "chi2_threshold": 11.344866730144373, "N_raw": 41, "N_roi": 41, "N_inlier": 41, "refit": true}
{"timestamp": "17:32:27.093901", "frame": 95, "mu": [-2.0412946406075863, 0.8087918597633125, 1.1393860333693155], "Sigma": [[0.011220537325618654, 0.007148461705637429, -0.006063487207434319], [0.007148461705637429, 0.013483246129471379, -0.010272848728848294], [-0.006063487207434319, -0.010272848728848292, 0.009506207883947146]], "chi2_level": 0.99, "chi2_df": 3, "chi2_threshold": 11.344866730144373, "N_raw": 53, "N_roi": 53, "N_inlier": 52, "refit": true}
{"timestamp": "17:32:27.146518", "frame": 96, "mu": [-2.0554418316177885, 0.8675626704186328, 1.1275771047631729], "Sigma": [[0.006861971035877482, 0.004926278180770127, -0.00560257444441937], [0.004926278180770128, 0.006727693886945345, -0.007661919305806468], [-0.00560257444441937, -0.007661919305806468, 0.011055395064516452]], "chi2_level": 0.99, "chi2_df": 3, "chi2_threshold": 11.344866730144373, "N_raw": 33, "N_roi": 33, "N_inlier": 32, "refit": true}
{"timestamp": "17:32:27.203212", "frame": 97, "mu": [-2.0456915843831522, 0.8994296741099472, 1.251196190331079], "Sigma": [[0.011922031043053411, 0.008812102683326849, -0.003378490331608469], [0.008812102683326849, 0.01362333582640223, -0.007386003277344091], [-0.003378490331608469, -0.007386003277344091, 0.006067160862926135]], "chi2_level": 0.99, "chi2_df": 3, "chi2_threshold": 11.344866730144373, "N_raw": 48, "N_roi": 48, "N_inlier": 48, "refit": true}
{"timestamp": "17:32:27.263652", "frame": 98, "mu": [-2.163395115183185, 0.8194041570812345, 0.9641979328075398], "Sigma": [[0.024013413089019796, 0.02412218280578503, 0.029496402647283003], [0.024122182805785028, 0.03406883206183296, 0.026943278581970896], [0.029496402647283, 0.026943278581970896, 0.08251265475201433]], "chi2_level": 0.99, "chi2_df": 3, "chi2_threshold": 11.344866730144373, "N_raw": 82, "N_roi": 79, "N_inlier": 72, "refit": true}
{"timestamp": "17:32:27.316955", "frame": 99, "mu": [-2.092438865606782, 0.888043505736029, 1.0504398220508047], "Sigma": [[0.024232352548463877, 0.017569202903290025, 0.02901716924071622], [0.017569202903290025, 0.016159366833413267, 0.013912435739130164], [0.02901716924071622, 0.013912435739130164, 0.06952103196864196]], "chi2_level": 0.99, "chi2_df": 3, "chi2_threshold": 11.344866730144373, "N_raw": 67, "N_roi": 63, "N_inlier": 63, "refit": true}
{"timestamp": "17:32:27.460952", "frame": 100, "mu": [-2.0869711382421845, 0.9926771219692705, 1.1818963745679711], "Sigma": [[0.022020713225439817, 0.013111436441189265, 0.01900070183134926], [0.013111436441189263, 0.014743958781466162, 0.005413252078703617], [0.01900070183134926, 0.005413252078703618, 0.0567443157620624]], "chi2_level": 0.99, "chi2_df": 3, "chi2_threshold": 11.344866730144373, "N_raw": 72, "N_roi": 67, "N_inlier": 66, "refit": true}
{"timestamp": "17:32:27.489674", "frame": 101, "mu": [-2.0427221821284314, 0.9675397467998015, 1.1364160540400576], "Sigma": [[0.01402666022899199, 0.011822064312625762, -0.0025849775083353383], [0.011822064312625762, 0.018424014138212267, -0.00718865842030575], [-0.0025849775083353383, -0.00718865842030575, 0.006317104184576548]], "chi2_level": 0.99, "chi2_df": 3, "chi2_threshold": 11.344866730144373, "N_raw": 60, "N_roi": 58, "N_inlier": 57, "refit": true}
{"timestamp": "17:32:27.521232", "frame": 102, "mu": [-2.05080430627061, 1.0152572298119422, 1.131237457686884], "Sigma": [[0.011108499008773512, 0.009096706567203228, 0.0012819030737792197], [0.009096706567203228, 0.011238944130760568, -0.004249294923272897], [0.0012819030737792197, -0.004249294923272897, 0.012356605455946646]], "chi2_level": 0.99, "chi2_df": 3, "chi2_threshold": 11.344866730144373, "N_raw": 54, "N_roi": 54, "N_inlier": 54, "refit": true}
{"timestamp": "17:32:27.552915", "frame": 103, "mu": [-2.0925601697809775, 1.0804145277924255, 1.2614174799793738], "Sigma": [[0.012699319864511253, 0.0060038507954250815, -0.007438900628945373], [0.0060038507954250815, 0.010537102052466192, -0.009004229346842682], [-0.007438900628945373, -0.009004229346842682, 0.01246209056385859]], "chi2_level": 0.99, "chi2_df": 3, "chi2_threshold": 11.344866730144373, "N_raw": 55, "N_roi": 55, "N_inlier": 55, "refit": true}
{"timestamp": "17:32:27.590760", "frame": 104, "mu": [-2.1333512460258888, 1.176893598076716, 1.345041021004551], "Sigma": [[0.013741234638543562, 0.0035284685613159407, -0.01158491745810068], [0.0035284685613159415, 0.015054610353435962, -0.006349890832593426], [-0.011584917458100679, -0.006349890832593426, 0.013091857509892136]], "chi2_level": 0.99, "chi2_df": 3, "chi2_threshold": 11.344866730144373, "N_raw": 58, "N_roi": 58, "N_inlier": 58, "refit": true}
{"timestamp": "17:32:27.644289", "frame": 105, "mu": [-2.1225964343515495, 1.2046261510777754, 1.3104776276644508], "Sigma": [[0.012178075874318302, 0.004629723957803058, -0.007243240928637221], [0.004629723957803058, 0.01057128375225692, -0.006840713757537452], [-0.0072432409286372216, -0.006840713757537453, 0.007804683371559769]], "chi2_level": 0.99, "chi2_df": 3, "chi2_threshold": 11.344866730144373, "N_raw": 52, "N_roi": 52, "N_inlier": 52, "refit": true}
{"timestamp": "17:32:27.700090", "frame": 106, "mu": [-2.1153620308369545, 1.2557448443280863, 1.248521350868169], "Sigma": [[0.012201959478759674, 0.006163261424761653, -0.005261078801421401], [0.006163261424761653, 0.011334489431972917, -0.007482091664365636], [-0.005261078801421401, -0.007482091664365637, 0.005613919165836904]], "chi2_level": 0.99, "chi2_df": 3, "chi2_threshold": 11.344866730144373, "N_raw": 55, "N_roi": 55, "N_inlier": 54, "refit": true}
{"timestamp": "17:32:27.756140", "frame": 107, "mu": [-2.1589561092457137, 1.348830111045737, 1.2447554785687616], "Sigma": [[0.011928265302365895, 0.00720561729317256, -0.0012903806506199351], [0.007205617293172561, 0.011106847248784192, -0.006405428855493705], [-0.0012903806506199351, -0.006405428855493705, 0.013554311463040545]], "chi2_level": 0.99, "chi2_df": 3, "chi2_threshold": 11.344866730144373, "N_raw": 57, "N_roi": 57, "N_inlier": 57, "refit": true}
{"timestamp": "17:32:27.811138", "frame": 108, "mu": [-2.2013908991828104, 1.3746761919836963, 1.1624777544328424], "Sigma": [[0.010769430447892563, 0.007346796463329385, 0.001991408588904504], [0.007346796463329385, 0.007923110081246165, -0.0017248656600408606], [0.001991408588904504, -0.0017248656600408604, 0.05990510840923211]], "chi2_level": 0.99, "chi2_df": 3, "chi2_threshold": 11.344866730144373, "N_raw": 61, "N_roi": 61, "N_inlier": 61, "refit": true}
{"timestamp": "17:32:27.864811", "frame": 109, "mu": [-2.193446347876865, 1.4753119647363793, 1.2782374807699064], "Sigma": [[0.01177088445374728, 0.0062816598613616645, -0.007919213663034545], [0.0062816598613616645, 0.009865114483450168, -0.010779490733353655], [-0.007919213663034545, -0.010779490733353655, 0.017281265291450174]], "chi2_level": 0.99, "chi2_df": 3, "chi2_threshold": 11.344866730144373, "N_raw": 55, "N_roi": 55, "N_inlier": 54, "refit": true}
