{"timestamp": "18:27:49.927857", "frame": 1, "mu": [1.5890376149337042, 0.8663876192302665, 0.9904866865601593], "Sigma": [[0.004152728829835223, -0.007606215870497339, 0.011460935915146854], [-0.007606215870497339, 0.024584469296679404, -0.03441216144789228], [0.011460935915146853, -0.03441216144789228, 0.048632580429529115]], "chi2_level": 0.95, "chi2_df": 3, "chi2_threshold": 7.814727903251179, "N_raw": 7, "N_roi": 7, "N_inlier": 6, "refit": true}
{"timestamp": "18:27:49.983158", "frame": 2, "mu": [1.5495846980012327, 0.7652985042247535, 0.9929619291714262], "Sigma": [[0.002297144312437583, 4.9114150773230195e-05, 0.0005875455614525482], [4.911415077323036e-05, 0.012735324204268723, -0.003666872014561797], [0.0005875455614525482, -0.003666872014561797, 0.05153631470624048]], "chi2_level": 0.95, "chi2_df": 3, "chi2_threshold": 7.814727903251179, "N_raw": 6, "N_roi": 6, "N_inlier": 6, "refit": true}
{"timestamp": "18:27:50.039071", "frame": 3, "mu": [1.5702565056633682, 0.8656333331287248, 1.195671993557806], "Sigma": [[0.001257996065206122, -0.0007540155083269582, 0.0045617491448828335], [-0.0007540155083269581, 0.010865218471753292, -0.02640729097120421], [0.0045617491448828335, -0.026407290971204214, 0.08216304848197672]], "chi2_level": 0.95, "chi2_df": 3, "chi2_threshold": 7.814727903251179, "N_raw": 7, "N_roi": 7, "N_inlier": 7, "refit": true}
{"timestamp": "18:27:50.094585", "frame": 4, "mu": [1.563931928381199, 0.8212686517958467, 1.4146105925454968], "Sigma": [[0.002203554925932741, -0.002117363073969235, -0.0019422836461620867], [-0.002117363073969235, 0.0038685665089697513, 0.0003776402294391245], [-0.0019422836461620867, 0.00037764022943912443, 0.0037787875793516947]], "chi2_level": 0.95, "chi2_df": 3, "chi2_threshold": 7.814727903251179, "N_raw": 16, "N_roi": 16, "N_inlier": 15, "refit": true}
{"timestamp": "18:27:50.149143", "frame": 5, "mu": [1.5151013947363376, 0.9271624157759637, 1.501638164266033], "Sigma": [[0.0012258344490219816, 0.0014127163462655113, -0.003360122358591412], [0.0014127163462655113, 0.006032690140581848, -0.00018856570131513001], [-0.003360122358591411, -0.00018856570131513045, 0.05170241810381495]], "chi2_level": 0.95, "chi2_df": 3, "chi2_threshold": 7.814727903251179, "N_raw": 10, "N_roi": 10, "N_inlier": 8, "refit": true}
{"timestamp": "18:27:50.208570", "frame": 6, "mu": [1.5755257572181822, 0.8114704222637765, 1.3206884685281532], "Sigma": [[0.004619394915438773, -0.002700206336473068, -0.0050215279094167585], [-0.002700206336473068, 0.00793357650772211, -0.000462770831067133], [-0.0050215279094167585, -0.000462770831067133, 0.010182477057284499]], "chi2_level": 0.95, "chi2_df": 3, "chi2_threshold": 7.814727903251179, "N_raw": 39, "N_roi": 39, "N_inlier": 36, "refit": true}
{"timestamp": "18:27:50.260278", "frame": 7, "mu": [1.349266670432292, 0.721930192542757, 1.4219085181406108], "Sigma": [[0.3113962727190819, 0.13390446163788328, -0.14827085956380465], [0.13390446163788328, 0.05889806662557158, -0.05885365291958898], [-0.14827085956380465, -0.05885365291958898, 0.09145987228057202]], "chi2_level": 0.95, "chi2_df": 3, "chi2_threshold": 7.814727903251179, "N_raw": 9, "N_roi": 9, "N_inlier": 8, "refit": true}
{"timestamp": "18:27:50.318389", "frame": 8, "mu": [1.5468952443782364, 0.8537565522578682, -0.6564104474330965], "Sigma": [[0.004030538669431757, -0.0015473426798642265, -0.004391226822119015], [-0.0015473426798642265, 0.0027302993630686353, 0.00529870844805354], [-0.004391226822119015, 0.005298708448053539, 0.04822243827524878]], "chi2_level": 0.95, "chi2_df": 3, "chi2_threshold": 7.814727903251179, "N_raw": 44, "N_roi": 44, "N_inlier": 43, "refit": true}
{"timestamp": "18:27:50.371441", "frame": 9, "mu": [1.5495122651293967, 0.9194516403950126, -0.47966295577773377], "Sigma": [[0.0034014242729497783, -0.0041720420876041305, -0.005635749872375544], [-0.0041720420876041305, 0.006163718949667489, 0.005871221218794372], [-0.005635749872375544, 0.005871221218794372, 0.01166921979668477]], "chi2_level": 0.95, "chi2_df": 3, "chi2_threshold": 7.814727903251179, "N_raw": 16, "N_roi": 16, "N_inlier": 14, "refit": true}
{"timestamp": "18:27:50.425970", "frame": 10, "mu": [1.5412096866945686, 0.8080122265492514, 1.2588016658207413], "Sigma": [[0.0023645309577046167, -0.0003656299784916848, -0.0048564223264150885], [-0.0003656299784916847, 0.00014509476404384917, 0.0005008223838387812], [-0.0048564223264150885, 0.000500822383838781, 0.025569377092539612]], "chi2_level": 0.95, "chi2_df": 3, "chi2_threshold": 7.814727903251179, "N_raw": 5, "N_roi": 5, "N_inlier": 5, "refit": true}
{"timestamp": "18:27:50.482020", "frame": 11, "mu": [1.5461846586961565, 0.7909410524440122, 1.1092622841825561], "Sigma": [[0.0034502291420596444, -0.0014279811762535216, -0.008873229887324747], [-0.0014279811762535214, 0.007281566714017878, -0.002626409935206394], [-0.008873229887324748, -0.0026264099352063925, 0.05077613529923325]], "chi2_level": 0.95, "chi2_df": 3, "chi2_threshold": 7.814727903251179, "N_raw": 11, "N_roi": 11, "N_inlier": 11, "refit": true}
{"timestamp": "18:27:50.536529", "frame": 12, "mu": [1.5013020476423293, 0.8178409208659692, 1.2540020055445646], "Sigma": [[0.004090333691612229, -0.0029619945978895212, -0.009775923917451494], [-0.0029619945978895212, 0.003208830884013916, 0.007533365240697233], [-0.009775923917451494, 0.007533365240697233, 0.03689202240139005]], "chi2_level": 0.95, "chi2_df": 3, "chi2_threshold": 7.814727903251179, "N_raw": 10, "N_roi": 10, "N_inlier": 10, "refit": true}
{"timestamp": "18:27:50.592718", "frame": 13, "mu": [1.5192528175807452, 0.7147305055158583, 1.160849848133279], "Sigma": [[0.004043464981984473, -0.004526194566300305, -0.004216062407994037], [-0.004526194566300306, 0.01370555586805959, 0.0054392473116481495], [-0.004216062407994037, 0.0054392473116481495, 0.015083105811780845]], "chi2_level": 0.95, "chi2_df": 3, "chi2_threshold": 7.814727903251179, "N_raw": 30, "N_roi": 30, "N_inlier": 30, "refit": true}
{"timestamp": "18:27:50.648701", "frame": 14, "mu": [1.502682563372155, 0.7582090257555074, 1.1374221613788855], "Sigma": [[0.003644022417786775, -0.0027338695218228006, -0.0012823058060082724], [-0.0027338695218228, 0.008371370367017652, -0.0015849305222956672], [-0.0012823058060082724, -0.0015849305222956672, 0.002251208405270099]], "chi2_level": 0.95, "chi2_df": 3, "chi2_threshold": 7.814727903251179, "N_raw": 32, "N_roi": 32, "N_inlier": 29, "refit": true}
{"timestamp": "18:27:50.703137", "frame": 15, "mu": [1.4494222450822434, 0.7629866695296027, 1.1532665255707153], "Sigma": [[0.0023391655144511213, -0.001134943954391347, -0.0005783807687456091], [-0.001134943954391347, 0.005684258923723119, -0.001524812459957288], [-0.0005783807687456091, -0.001524812459957288, 0.0009977369228927836]], "chi2_level": 0.95, "chi2_df": 3, "chi2_threshold": 7.814727903251179, "N_raw": 23, "N_roi": 23, "N_inlier": 21, "refit": true}
{"timestamp": "18:27:50.761612", "frame": 16, "mu": [1.3852530519185378, 0.8686836338488765, 1.2165852831552986], "Sigma": [[0.004057195678644067, -0.0034084057480314443, -0.005522794056989572], [-0.003408405748031444, 0.00731908728086435, -0.0028278487397957637], [-0.005522794056989572, -0.0028278487397957637, 0.024989054921116603]], "chi2_level": 0.95, "chi2_df": 3, "chi2_threshold": 7.814727903251179, "N_raw": 46, "N_roi": 46, "N_inlier": 45, "refit": true}
{"timestamp": "18:27:50.814685", "frame": 17, "mu": [1.3401911725035678, 0.9039153243499067, 1.4461627777414927], "Sigma": [[0.004527133908627939, -0.0014004957549440034, -0.0007109706779751558], [-0.0014004957549440032, 0.004746037874328523, 0.0014224907445353407], [-0.0007109706779751558, 0.0014224907445353403, 0.011301094379659241]], "chi2_level": 0.95, "chi2_df": 3, "chi2_threshold": 7.814727903251179, "N_raw": 31, "N_roi": 31, "N_inlier": 29, "refit": true}
{"timestamp": "18:27:50.870410", "frame": 18, "mu": [1.3334692634364231, 0.8151834404329016, 1.2971594860971194], "Sigma": [[0.007628653922521073, -0.010012782772077778, -0.009103710435323178], [-0.010012782772077778, 0.01715898512676018, 0.01062075381855812], [-0.009103710435323178, 0.01062075381855812, 0.014531108306828902]], "chi2_level": 0.95, "chi2_df": 3, "chi2_threshold": 7.814727903251179, "N_raw": 39, "N_roi": 39, "N_inlier": 38, "refit": true}
{"timestamp": "18:27:50.921775", "frame": 19, "mu": [1.2813496116797336, 0.931860158489579, 1.170077091929925], "Sigma": [[0.0014715157532735927, -0.0030658956771472037, 0.0010907403393354952], [-0.0030658956771472037, 0.01259806953969238, -0.008365903307487162], [0.0010907403393354952, -0.008365903307487162, 0.007906505010558729]], "chi2_level": 0.95, "chi2_df": 3, "chi2_threshold": 7.814727903251179, "N_raw": 16, "N_roi": 16, "N_inlier": 14, "refit": true}
{"timestamp": "18:27:50.977268", "frame": 20, "mu": [1.1932998441808833, 0.9890172573718196, 1.348530723754772], "Sigma": [[0.0031335198978308127, -0.0026722140580927338, -0.003902275980319253], [-0.002672214058092734, 0.00433294237062788, 0.0007545160219819059], [-0.0039022759803192526, 0.0007545160219819059, 0.009284964560626134]], "chi2_level": 0.95, "chi2_df": 3, "chi2_threshold": 7.814727903251179, "N_raw": 22, "N_roi": 22, "N_inlier": 20, "refit": true}
{"timestamp": "18:27:51.034501", "frame": 21, "mu": [1.1625394976587395, 1.0295618704679586, 1.2183150523173871], "Sigma": [[0.005058680869974563, -0.002224268482583604, -0.016967434222441416], [-0.002224268482583604, 0.0025412959405734237, 0.0030974193381234196], [-0.016967434222441416, 0.00309741933812342, 0.07614186235032341]], "chi2_level": 0.95, "chi2_df": 3, "chi2_threshold": 7.814727903251179, "N_raw": 30, "N_roi": 30, "N_inlier": 29, "refit": true}
{"timestamp": "18:27:51.090100", "frame": 22, "mu": [1.1797787551010106, 0.9740926529443561, 1.0227726949180302], "Sigma": [[0.0032759047344110255, -0.00014823338029966015, -0.004626173171108794], [-0.00014823338029966025, 0.0035023855722264258, -0.005184193075785009], [-0.004626173171108794, -0.005184193075785009, 0.015847759479359184]], "chi2_level": 0.95, "chi2_df": 3, "chi2_threshold": 7.814727903251179, "N_raw": 29, "N_roi": 29, "N_inlier": 26, "refit": true}
{"timestamp": "18:27:51.154898", "frame": 23, "mu": [1.1296408245893559, 0.9863700282077856, 1.2382147413350137], "Sigma": [[0.00548933234567323, -0.00248707795354231, -0.0074066725107432806], [-0.00248707795354231, 0.0044124164635048506, -0.0014434505090909972], [-0.00740667251074328, -0.0014434505090909972, 0.04802840210334565]], "chi2_level": 0.95, "chi2_df": 3, "chi2_threshold": 7.814727903251179, "N_raw": 77, "N_roi": 77, "N_inlier": 77, "refit": true}
{"timestamp": "18:27:51.203406", "frame": 24, "mu": [1.0954176316547402, 0.948632409773635, 1.202438229190003], "Sigma": [[0.0049905654998728365, -0.0023037308324621235, -0.008418843047761434], [-0.002303730832462123, 0.002776268151767373, 0.0012580642174522998], [-0.008418843047761432, 0.0012580642174522998, 0.022765640312164163]], "chi2_level": 0.95, "chi2_df": 3, "chi2_threshold": 7.814727903251179, "N_raw": 54, "N_roi": 54, "N_inlier": 51, "refit": true}
{"timestamp": "18:27:51.257779", "frame": 25, "mu": [1.0352726019448275, 0.962722197661068, 1.320845178635589], "Sigma": [[0.005721362010752197, -0.00537919263020899, -0.00961293191601098], [-0.00537919263020899, 0.008018147767985864, 0.011952883106265518], [-0.009612931916010982, 0.011952883106265518, 0.034316895596492994]], "chi2_level": 0.95, "chi2_df": 3, "chi2_threshold": 7.814727903251179, "N_raw": 58, "N_roi": 58, "N_inlier": 54, "refit": true}
{"timestamp": "18:27:51.315510", "frame": 26, "mu": [1.0265561919165838, 0.9301329851629747, 1.1843404237226869], "Sigma": [[0.007915211489927984, -0.0047842903873602655, -0.012287177301633919], [-0.004784290387360264, 0.006863042673903373, 0.007537431835895815], [-0.012287177301633919, 0.007537431835895815, 0.033266261240407415]], "chi2_level": 0.95, "chi2_df": 3, "chi2_threshold": 7.814727903251179, "N_raw": 66, "N_roi": 66, "N_inlier": 64, "refit": true}
{"timestamp": "18:27:51.365357", "frame": 27, "mu": [1.059830069554461, 1.0634098935569147, -0.6063739095393272], "Sigma": [[0.004338108831944314, -0.0013547743538516776, -0.00557522359109394], [-0.0013547743538516776, 0.0027026356426960822, 0.0007211813421665025], [-0.005575223591093939, 0.0007211813421665025, 0.009867768302624152]], "chi2_level": 0.95, "chi2_df": 3, "chi2_threshold": 7.814727903251179, "N_raw": 31, "N_roi": 31, "N_inlier": 27, "refit": true}
{"timestamp": "18:27:51.424588", "frame": 28, "mu": [0.9843650315692475, 0.932753782514124, 1.2843937092760729], "Sigma": [[0.0065078096280673575, -0.0026765369171245423, -0.009524853166495838], [-0.0026765369171245423, 0.0032571999986529066, 0.001316398019931231], [-0.009524853166495838, 0.0013163980199312312, 0.019697184992905986]], "chi2_level": 0.95, "chi2_df": 3, "chi2_threshold": 7.814727903251179, "N_raw": 65, "N_roi": 65, "N_inlier": 62, "refit": true}
{"timestamp": "18:27:51.476417", "frame": 29, "mu": [0.9213096862063967, 0.949806701493047, 1.3846605666710772], "Sigma": [[0.004536607661654064, -0.0014303855834102777, -0.0034452272714032344], [-0.0014303855834102777, 0.00473830863517851, 8.805535123593533e-05], [-0.0034452272714032344, 8.805535123593533e-05, 0.0063297591089227475]], "chi2_level": 0.95, "chi2_df": 3, "chi2_threshold": 7.814727903251179, "N_raw": 46, "N_roi": 46, "N_inlier": 42, "refit": true}
{"timestamp": "18:27:51.525597", "frame": 30, "mu": [0.9127984428511308, 0.947817270886093, 1.0175105534004294], "Sigma": [[0.009288057588105426, -0.0011662718867035328, 0.034734396361841655], [-0.0011662718867035328, 0.0008236370751621385, -0.009550090952683887], [0.034734396361841655, -0.009550090952683887, 0.21118483017982423]], "chi2_level": 0.95, "chi2_df": 3, "chi2_threshold": 7.814727903251179, "N_raw": 8, "N_roi": 8, "N_inlier": 8, "refit": true}
{"timestamp": "18:27:51.585796", "frame": 31, "mu": [0.8359547827202365, 1.0547600087755007, -0.41396428079462405], "Sigma": [[0.0055928302220889315, 0.0005848145415433222, -0.01214464235184612], [0.0005848145415433222, 0.002817454553906101, -0.004118573806547633], [-0.012144642351846119, -0.004118573806547633, 0.03712659149210727]], "chi2_level": 0.95, "chi2_df": 3, "chi2_threshold": 7.814727903251179, "N_raw": 39, "N_roi": 39, "N_inlier": 35, "refit": true}
{"timestamp": "18:27:51.641579", "frame": 32, "mu": [0.823294789947993, 1.0116675310692014, -0.4628692114043653], "Sigma": [[0.006874005082096583, -0.0020006435868757766, -0.003962757719915914], [-0.0020006435868757766, 0.0034665642174170883, 0.0033056218821502824], [-0.003962757719915915, 0.003305621882150282, 0.007606309348512335]], "chi2_level": 0.95, "chi2_df": 3, "chi2_threshold": 7.814727903251179, "N_raw": 40, "N_roi": 40, "N_inlier": 37, "refit": true}
{"timestamp": "18:27:51.693175", "frame": 33, "mu": [0.7612200991683672, 0.8634317824973745, 1.1012940640945708], "Sigma": [[0.004263030466147307, 0.0001413799943688015, 0.00774501147572245], [0.0001413799943688015, 0.003761209276767895, -0.009732964798346544], [0.007745011475722451, -0.009732964798346544, 0.3060793012150816]], "chi2_level": 0.95, "chi2_df": 3, "chi2_threshold": 7.814727903251179, "N_raw": 19, "N_roi": 19, "N_inlier": 18, "refit": true}
{"timestamp": "18:27:51.753657", "frame": 34, "mu": [0.8050102313548131, 0.8381278656579618, 1.2501114499563255], "Sigma": [[0.00459754964935085, -0.001014222170031, -0.004192498999501775], [-0.0010142221700309997, 0.003354834014374868, -0.0026440442444368535], [-0.004192498999501776, -0.0026440442444368535, 0.009872113126736415]], "chi2_level": 0.95, "chi2_df": 3, "chi2_threshold": 7.814727903251179, "N_raw": 60, "N_roi": 60, "N_inlier": 56, "refit": true}
{"timestamp": "18:27:51.806662", "frame": 35, "mu": [0.6993113880281051, 0.9414583288143272, -0.4636215471752777], "Sigma": [[0.005354372878620856, 0.0034184088454675605, 0.0012087390212017928], [0.0034184088454675605, 0.0038418865540762303, 0.0013290328965949478], [0.0012087390212017928, 0.0013290328965949478, 0.012271608486282644]], "chi2_level": 0.95, "chi2_df": 3, "chi2_threshold": 7.814727903251179, "N_raw": 53, "N_roi": 53, "N_inlier": 53, "refit": true}
{"timestamp": "18:27:51.863369", "frame": 36, "mu": [0.6690741261659561, 0.9762092856338985, -0.33468838707401805], "Sigma": [[0.005549308816755648, 0.0006182023446049444, -0.003991037860770556], [0.0006182023446049444, 0.003288109517469158, -0.0009287384329379038], [-0.003991037860770557, -0.0009287384329379038, 0.0033336825124224787]], "chi2_level": 0.95, "chi2_df": 3, "chi2_threshold": 7.814727903251179, "N_raw": 57, "N_roi": 57, "N_inlier": 54, "refit": true}
{"timestamp": "18:27:51.919410", "frame": 37, "mu": [0.6346540331481941, 0.8524173883038334, 1.4366623303912613], "Sigma": [[0.004240334919333685, 0.0008138672620284564, -0.0024647029600582716], [0.0008138672620284564, 0.004420250272892278, -0.0019621588137066484], [-0.0024647029600582716, -0.0019621588137066484, 0.002084370620689845]], "chi2_level": 0.95, "chi2_df": 3, "chi2_threshold": 7.814727903251179, "N_raw": 62, "N_roi": 62, "N_inlier": 61, "refit": true}
{"timestamp": "18:27:51.974147", "frame": 38, "mu": [0.5986038145580556, 0.8464729107308626, 1.4353457660935771], "Sigma": [[0.004091088344787307, 0.00023126521058755028, -0.0017480261472199736], [0.00023126521058755022, 0.003021070828979574, -0.002764217526138619], [-0.0017480261472199736, -0.002764217526138619, 0.011115535511951562]], "chi2_level": 0.95, "chi2_df": 3, "chi2_threshold": 7.814727903251179, "N_raw": 59, "N_roi": 59, "N_inlier": 53, "refit": true}
{"timestamp": "18:27:52.029700", "frame": 39, "mu": [0.5928351115480599, 0.8282165558474007, 1.364756678657578], "Sigma": [[0.006031681236454824, -0.001092763345990594, -0.005744317248969439], [-0.0010927633459905939, 0.0017291381954780583, -0.0013102134217574854], [-0.005744317248969439, -0.0013102134217574854, 0.013605724317743586]], "chi2_level": 0.95, "chi2_df": 3, "chi2_threshold": 7.814727903251179, "N_raw": 63, "N_roi": 63, "N_inlier": 57, "refit": true}
{"timestamp": "18:27:52.083689", "frame": 40, "mu": [0.5200685966245754, 0.8829640173571699, 1.0758421406534455], "Sigma": [[0.006653223806312506, -0.005956097262115505, 0.017909446430913575], [-0.005956097262115503, 0.008976386343078596, -0.028513561609551315], [0.017909446430913575, -0.028513561609551315, 0.10252759213318202]], "chi2_level": 0.95, "chi2_df": 3, "chi2_threshold": 7.814727903251179, "N_raw": 58, "N_roi": 58, "N_inlier": 54, "refit": true}
{"timestamp": "18:27:52.135754", "frame": 41, "mu": [0.44489158396682654, 0.9188365578876406, 0.9031012963234714], "Sigma": [[0.01572684451043979, -0.0054911500781525315, 0.026409818113260812], [-0.0054911500781525315, 0.012660926815491105, 0.0174185407873504], [0.026409818113260812, 0.0174185407873504, 0.20844054173779594]], "chi2_level": 0.95, "chi2_df": 3, "chi2_threshold": 7.814727903251179, "N_raw": 36, "N_roi": 36, "N_inlier": 34, "refit": true}
{"timestamp": "18:27:52.197425", "frame": 42, "mu": [0.4413188411069192, 0.9802523880686789, -0.1406029425276664], "Sigma": [[0.012873450881071212, -0.0053079046555145875, 0.08618838810417556], [-0.005307904655514589, 0.007754476158610204, -0.06125526093341658], [0.08618838810417556, -0.061255260933416586, 0.8065982374905419]], "chi2_level": 0.95, "chi2_df": 3, "chi2_threshold": 7.814727903251179, "N_raw": 91, "N_roi": 91, "N_inlier": 86, "refit": true}
{"timestamp": "18:27:52.252326", "frame": 43, "mu": [0.439848466873094, 0.987936562366622, -0.3610700468282209], "Sigma": [[0.006368459333569714, 0.0014928709258954672, -0.005644013324365309], [0.0014928709258954674, 0.00321518126136273, -0.002343184929611179], [-0.005644013324365309, -0.0023431849296111787, 0.0059192859264347985]], "chi2_level": 0.95, "chi2_df": 3, "chi2_threshold": 7.814727903251179, "N_raw": 77, "N_roi": 77, "N_inlier": 70, "refit": true}
{"timestamp": "18:27:52.310466", "frame": 44, "mu": [0.3880778181310135, 1.0383490338137316, -0.4074307821021121], "Sigma": [[0.004527232400982508, 0.0017951934110682051, -0.006930305810994349], [0.0017951934110682053, 0.006064916217985129, -0.007116811987334848], [-0.006930305810994349, -0.007116811987334848, 0.018982660934017962]], "chi2_level": 0.95, "chi2_df": 3, "chi2_threshold": 7.814727903251179, "N_raw": 102, "N_roi": 102, "N_inlier": 100, "refit": true}
{"timestamp": "18:27:52.363125", "frame": 45, "mu": [0.3250694761380578, 0.9124256503061006, 1.412554747276169], "Sigma": [[0.004657899679431158, -0.0010630290401822456, -0.0045032967998852825], [-0.0010630290401822456, 0.004592037692978165, -0.0013222216656743131], [-0.0045032967998852825, -0.0013222216656743131, 0.006411484888162654]], "chi2_level": 0.95, "chi2_df": 3, "chi2_threshold": 7.814727903251179, "N_raw": 82, "N_roi": 82, "N_inlier": 80, "refit": true}
{"timestamp": "18:27:52.416898", "frame": 46, "mu": [0.3031525700489628, 0.9255838233252918, 1.402997613702721], "Sigma": [[0.0064554313375733965, 0.0006385386741319945, -0.005777213087491235], [0.0006385386741319944, 0.0034024829490071212, -0.0026479019710981128], [-0.005777213087491235, -0.0026479019710981123, 0.006909572209359556]], "chi2_level": 0.95, "chi2_df": 3, "chi2_threshold": 7.814727903251179, "N_raw": 84, "N_roi": 84, "N_inlier": 83, "refit": true}
{"timestamp": "18:27:52.472233", "frame": 47, "mu": [0.26362744583268727, 0.9220477309256435, 1.4090194998420862], "Sigma": [[0.0041434258692337805, 0.0006557276983260834, -0.004124527218172976], [0.0006557276983260834, 0.0024531163003178092, -0.0028153708921355267], [-0.004124527218172976, -0.0028153708921355262, 0.007128148997601042]], "chi2_level": 0.95, "chi2_df": 3, "chi2_threshold": 7.814727903251179, "N_raw": 75, "N_roi": 75, "N_inlier": 71, "refit": true}
{"timestamp": "18:27:52.523859", "frame": 48, "mu": [0.2327343137222802, 0.8805298421285783, 1.383051411216947], "Sigma": [[0.003301829027031656, -0.0006532372394180223, -0.004230408147422965], [-0.0006532372394180223, 0.0010261404713240425, -0.000304758623965517], [-0.004230408147422965, -0.00030475862396551703, 0.010040661466642396]], "chi2_level": 0.95, "chi2_df": 3, "chi2_threshold": 7.814727903251179, "N_raw": 61, "N_roi": 61, "N_inlier": 56, "refit": true}
{"timestamp": "18:27:52.574366", "frame": 49, "mu": [0.13835469375465448, 0.9130967739816592, 1.4991730176266764], "Sigma": [[0.0020766586343420497, 0.000148018590558788, -0.0014601837305488515], [0.000148018590558788, 0.001502088100262251, -0.0008337656979604306], [-0.0014601837305488515, -0.0008337656979604306, 0.0015473148740737964]], "chi2_level": 0.95, "chi2_df": 3, "chi2_threshold": 7.814727903251179, "N_raw": 34, "N_roi": 34, "N_inlier": 29, "refit": true}
{"timestamp": "18:27:52.630081", "frame": 50, "mu": [0.10807722278662131, 1.0190214404602636, -0.2587033008365502], "Sigma": [[0.0012041480016712076, 0.00011517806842550699, -0.0010066722834962674], [0.00011517806842550703, 0.0022356595004983247, -0.0011220744299835885], [-0.0010066722834962674, -0.0011220744299835887, 0.0018017627892000425]], "chi2_level": 0.95, "chi2_df": 3, "chi2_threshold": 7.814727903251179, "N_raw": 33, "N_roi": 33, "N_inlier": 30, "refit": true}
{"timestamp": "18:27:52.682434", "frame": 51, "mu": [0.06591763229538843, 0.9392273539116776, 1.4769710482415594], "Sigma": [[0.004656606146139546, 0.0009731407983164366, -0.007982624363014565], [0.0009731407983164366, 0.0007840458748475955, -0.0028537951914254026], [-0.007982624363014565, -0.0028537951914254026, 0.018065952298453498]], "chi2_level": 0.95, "chi2_df": 3, "chi2_threshold": 7.814727903251179, "N_raw": 23, "N_roi": 23, "N_inlier": 19, "refit": true}
{"timestamp": "18:27:52.744214", "frame": 52, "mu": [0.043689491997291906, 0.9086400288366322, 1.4296171330989316], "Sigma": [[0.0016546464296321518, 1.0071694355268167e-05, -0.001300129797461907], [1.0071694355268153e-05, 0.0022340920237606853, -0.002132631864223554], [-0.001300129797461907, -0.0021326318642235537, 0.009289998649779906]], "chi2_level": 0.95, "chi2_df": 3, "chi2_threshold": 7.814727903251179, "N_raw": 68, "N_roi": 68, "N_inlier": 63, "refit": true}
{"timestamp": "18:27:52.793768", "frame": 53, "mu": [0.03582061544911683, 0.9052168894288247, 1.417395363711173], "Sigma": [[0.0017998643525985669, 0.0003390281804215081, -0.001243220528763859], [0.00033902818042150804, 0.0005486131107809328, -0.0008260595710564295], [-0.001243220528763859, -0.0008260595710564295, 0.010484588440651832]], "chi2_level": 0.95, "chi2_df": 3, "chi2_threshold": 7.814727903251179, "N_raw": 24, "N_roi": 24, "N_inlier": 20, "refit": true}
{"timestamp": "18:27:52.853016", "frame": 54, "mu": [0.031177411240156515, 1.033166427878653, -0.41341932601363374], "Sigma": [[0.0020917353731179636, 0.0005904635745772643, -0.0021789793247110932], [0.0005904635745772642, 0.002132970611139511, -0.003216987997071094], [-0.0021789793247110932, -0.0032169879970710934, 0.00628376907168213]], "chi2_level": 0.95, "chi2_df": 3, "chi2_threshold": 7.814727903251179, "N_raw": 55, "N_roi": 55, "N_inlier": 51, "refit": true}
{"timestamp": "18:27:52.901634", "frame": 55, "mu": [-0.04220715589033622, 1.053590513504711, -0.4469873384030803], "Sigma": [[0.00048252859239824133, -7.698694800433509e-05, 0.0006269322179295327], [-7.69869480043351e-05, 0.0008718572969211336, -0.0027721527171874604], [0.0006269322179295327, -0.0027721527171874604, 0.015165822018110847]], "chi2_level": 0.95, "chi2_df": 3, "chi2_threshold": 7.814727903251179, "N_raw": 15, "N_roi": 15, "N_inlier": 12, "refit": true}
{"timestamp": "18:27:52.956979", "frame": 56, "mu": [-0.21191289757912518, 1.179306631445969, -0.9076434665277302], "Sigma": [[0.05858682834767252, -0.03352189188372195, 0.12084062852040951], [-0.03352189188372195, 0.02418539025802703, -0.07796419215989539], [0.12084062852040951, -0.07796419215989539, 0.2862725438515839]], "chi2_level": 0.95, "chi2_df": 3, "chi2_threshold": 7.814727903251179, "N_raw": 12, "N_roi": 12, "N_inlier": 11, "refit": true}
{"timestamp": "18:27:53.022428", "frame": 57, "mu": [-0.09938085623383479, 0.867767712636627, 1.1598461351686982], "Sigma": [[0.0034778354900310386, 0.0004205006930142848, -0.004412469402866423], [0.00042050069301428493, 0.001058059099634349, -0.0024354194012139365], [-0.004412469402866423, -0.0024354194012139365, 0.016849800521718084]], "chi2_level": 0.95, "chi2_df": 3, "chi2_threshold": 7.814727903251179, "N_raw": 84, "N_roi": 84, "N_inlier": 81, "refit": true}
{"timestamp": "18:27:53.074498", "frame": 58, "mu": [-0.1435234494553875, 0.8458071009922049, 1.2864062419621858], "Sigma": [[0.002228984114396309, 0.0014868737247583099, -0.00045941410184145335], [0.0014868737247583097, 0.0028487248863329163, -0.0024133422569544427], [-0.0004594141018414534, -0.0024133422569544423, 0.005586976860184782]], "chi2_level": 0.95, "chi2_df": 3, "chi2_threshold": 7.814727903251179, "N_raw": 60, "N_roi": 60, "N_inlier": 56, "refit": true}
{"timestamp": "18:27:53.129826", "frame": 59, "mu": [-0.18163862330372765, 0.8054428079335647, 1.2531857181481016], "Sigma": [[0.0026388423269408283, 0.0013582632371276504, -0.0001087532094108044], [0.0013582632371276502, 0.0019405316529176693, -0.002456760431371813], [-0.0001087532094108044, -0.0024567604313718125, 0.007047266129482881]], "chi2_level": 0.95, "chi2_df": 3, "chi2_threshold": 7.814727903251179, "N_raw": 66, "N_roi": 66, "N_inlier": 65, "refit": true}
{"timestamp": "18:27:53.187725", "frame": 60, "mu": [-0.23744955044201313, 0.8536852437021721, 1.281014612841019], "Sigma": [[0.0024680168376320522, 5.203113836259779e-05, -0.0021281266500468646], [5.203113836259779e-05, 0.0011215524093258452, -0.0018672176491517205], [-0.0021281266500468646, -0.0018672176491517205, 0.01687216442658339]], "chi2_level": 0.95, "chi2_df": 3, "chi2_threshold": 7.814727903251179, "N_raw": 82, "N_roi": 82, "N_inlier": 77, "refit": true}
{"timestamp": "18:27:53.239345", "frame": 61, "mu": [-0.3223173266266211, 0.8711847795515192, 1.3637371311979454], "Sigma": [[0.0025074151353641824, 0.0012816204388785822, -0.004034014743724392], [0.0012816204388785822, 0.003176449995245761, -0.0036909936331023397], [-0.004034014743724392, -0.0036909936331023397, 0.019192640112795138]], "chi2_level": 0.95, "chi2_df": 3, "chi2_threshold": 7.814727903251179, "N_raw": 59, "N_roi": 59, "N_inlier": 55, "refit": true}
{"timestamp": "18:27:53.297089", "frame": 62, "mu": [-0.3177988670079934, 0.9495813013675428, -0.44592334431959346], "Sigma": [[0.003287172366120781, -0.0010814961117505389, -0.00413471073260945], [-0.0010814961117505389, 0.0035164309331707578, -0.0024292131216437653], [-0.00413471073260945, -0.0024292131216437653, 0.011366603804732643]], "chi2_level": 0.95, "chi2_df": 3, "chi2_threshold": 7.814727903251179, "N_raw": 84, "N_roi": 84, "N_inlier": 79, "refit": true}
{"timestamp": "18:27:53.350201", "frame": 63, "mu": [-0.29673685592282484, 0.8885729563185971, -0.6087624886956088], "Sigma": [[0.002298362053182826, -0.000702468169697318, -0.00021661729637400683], [-0.000702468169697318, 0.004785490306647163, -0.002425247384775086], [-0.00021661729637400683, -0.002425247384775086, 0.002264087078355898]], "chi2_level": 0.95, "chi2_df": 3, "chi2_threshold": 7.814727903251179, "N_raw": 66, "N_roi": 66, "N_inlier": 62, "refit": true}
{"timestamp": "18:27:53.404718", "frame": 64, "mu": [-0.3446930871846559, 0.8478017957395668, -0.6994600822358286], "Sigma": [[0.0028476011301651998, 0.0007410958676577237, 0.0034821088702025253], [0.0007410958676577234, 0.007876824237936918, 0.0024330868160683406], [0.0034821088702025253, 0.0024330868160683406, 0.009796782465886342]], "chi2_level": 0.95, "chi2_df": 3, "chi2_threshold": 7.814727903251179, "N_raw": 63, "N_roi": 63, "N_inlier": 61, "refit": true}
{"timestamp": "18:27:53.464021", "frame": 65, "mu": [-0.44694024699302914, 0.9446108711741296, -0.4313938257435611], "Sigma": [[0.004621866151462032, -0.002341557498008967, -0.009232789334299451], [-0.0023415574980089676, 0.0047280815937220085, 0.003038823913932748], [-0.009232789334299451, 0.003038823913932748, 0.03454324566012863]], "chi2_level": 0.95, "chi2_df": 3, "chi2_threshold": 7.814727903251179, "N_raw": 96, "N_roi": 95, "N_inlier": 84, "refit": true}
{"timestamp": "18:27:53.520032", "frame": 66, "mu": [-0.5164418410927185, 0.8849906487560519, 0.2000827166602649], "Sigma": [[0.004646554031674255, -0.00342057474443486, 0.028813576985212967], [-0.0034205747444348593, 0.006962611113064192, -0.03806995125431727], [0.028813576985212967, -0.03806995125431727, 0.4196409325473473]], "chi2_level": 0.95, "chi2_df": 3, "chi2_threshold": 7.814727903251179, "N_raw": 108, "N_roi": 108, "N_inlier": 100, "refit": true}
{"timestamp": "18:27:53.572274", "frame": 67, "mu": [-0.564562540009648, 0.7541851960414779, 1.199293315829371], "Sigma": [[0.04227766941102713, 0.012493766490738467, -0.06278149106052111], [0.012493766490738467, 0.006273362665680381, -0.017504921132978826], [-0.06278149106052111, -0.017504921132978826, 0.11059636784792848]], "chi2_level": 0.95, "chi2_df": 3, "chi2_threshold": 7.814727903251179, "N_raw": 84, "N_roi": 83, "N_inlier": 78, "refit": true}
{"timestamp": "18:27:53.629410", "frame": 68, "mu": [-0.6809358313289443, 0.8501051770400392, -0.4588425022416628], "Sigma": [[0.06184800586479555, 0.034492336454918615, -0.08796231654634351], [0.034492336454918615, 0.02310424294629016, -0.05334848685728539], [-0.08796231654634351, -0.053348486857285396, 0.13452880300896083]], "chi2_level": 0.95, "chi2_df": 3, "chi2_threshold": 7.814727903251179, "N_raw": 66, "N_roi": 65, "N_inlier": 60, "refit": true}
{"timestamp": "18:27:53.677243", "frame": 69, "mu": [-0.952772797543245, 0.6853810247196733, 1.706205465007916], "Sigma": [[0.016675830802310783, 0.00631295823079029, -0.01765854496120297], [0.00631295823079029, 0.005930494540770856, -0.009774045671154181], [-0.017658544961202973, -0.009774045671154181, 0.02765808245118955]], "chi2_level": 0.95, "chi2_df": 3, "chi2_threshold": 7.814727903251179, "N_raw": 50, "N_roi": 49, "N_inlier": 44, "refit": true}
{"timestamp": "18:27:53.732814", "frame": 70, "mu": [-0.9475380239043281, 0.6862031243307727, 1.6152517137146258], "Sigma": [[0.029682332975758313, 0.008449247542787306, -0.03421792430238174], [0.008449247542787306, 0.005729084489127959, -0.013211727144626345], [-0.03421792430238174, -0.013211727144626345, 0.05485542389914444]], "chi2_level": 0.95, "chi2_df": 3, "chi2_threshold": 7.814727903251179, "N_raw": 55, "N_roi": 55, "N_inlier": 54, "refit": true}
{"timestamp": "18:27:53.785397", "frame": 71, "mu": [-0.9744088206639266, 0.7139581682822925, 1.6601063358169126], "Sigma": [[0.01951375024556179, 0.00760731137698044, -0.028277945171738813], [0.00760731137698044, 0.005944408855882201, -0.014632624384336943], [-0.02827794517173881, -0.014632624384336943, 0.05544054563474221]], "chi2_level": 0.95, "chi2_df": 3, "chi2_threshold": 7.814727903251179, "N_raw": 34, "N_roi": 32, "N_inlier": 30, "refit": true}
{"timestamp": "18:27:53.850539", "frame": 72, "mu": [-0.9140648445981387, 0.7436440903373828, 1.3826491030943193], "Sigma": [[0.03777165018719651, 0.010196434864218121, -0.07056622658061941], [0.010196434864218121, 0.008200994695238358, -0.02044703023637225], [-0.07056622658061942, -0.020447030236372246, 0.14935174029239065]], "chi2_level": 0.95, "chi2_df": 3, "chi2_threshold": 7.814727903251179, "N_raw": 103, "N_roi": 103, "N_inlier": 100, "refit": true}
{"timestamp": "18:27:53.900435", "frame": 73, "mu": [-1.0197360675202263, 0.8442677524686681, -0.22966017715128334], "Sigma": [[0.01847721356484657, 0.00868347498462684, -0.014375809527904085], [0.00868347498462684, 0.00991110788670368, -0.009216506308907933], [-0.014375809527904085, -0.009216506308907933, 0.014294884524582012]], "chi2_level": 0.95, "chi2_df": 3, "chi2_threshold": 7.814727903251179, "N_raw": 71, "N_roi": 71, "N_inlier": 67, "refit": true}
{"timestamp": "18:27:53.951382", "frame": 74, "mu": [-1.0951106994053952, 0.7471333048335994, 1.630988044443126], "Sigma": [[0.011087107110358395, 0.002321930035343092, -0.004914931117559701], [0.0023219300353430924, 0.0040946991044848845, -0.00509312261023313], [-0.004914931117559701, -0.00509312261023313, 0.008276027685843202]], "chi2_level": 0.95, "chi2_df": 3, "chi2_threshold": 7.814727903251179, "N_raw": 39, "N_roi": 39, "N_inlier": 36, "refit": true}
{"timestamp": "18:27:54.013742", "frame": 75, "mu": [-1.0150210758704596, 0.8083154208998983, -0.0023468504321200777], "Sigma": [[0.01541433295200107, 0.004525118007602512, 0.06066852400448554], [0.004525118007602513, 0.007778782889238525, 0.008557853014182335], [0.06066852400448555, 0.008557853014182335, 0.5570553561783371]], "chi2_level": 0.95, "chi2_df": 3, "chi2_threshold": 7.814727903251179, "N_raw": 91, "N_roi": 91, "N_inlier": 90, "refit": true}
{"timestamp": "18:27:54.064082", "frame": 76, "mu": [-1.1267420994317323, 0.8073873108886745, 1.6523503190291227], "Sigma": [[0.006895566494459459, 0.001896676112109595, -0.004126470212134706], [0.001896676112109595, 0.006077797660846501, -0.0034600667734500873], [-0.004126470212134706, -0.0034600667734500873, 0.00406510303811508]], "chi2_level": 0.95, "chi2_df": 3, "chi2_threshold": 7.814727903251179, "N_raw": 57, "N_roi": 57, "N_inlier": 54, "refit": true}
{"timestamp": "18:27:54.117585", "frame": 77, "mu": [-1.1315128955628584, 0.7709724117834973, 1.5725720224397979], "Sigma": [[0.007023853163221143, 0.0023263161358527094, -0.003140893936564388], [0.0023263161358527094, 0.003970602095722462, -0.0036195495824635784], [-0.003140893936564388, -0.003619549582463578, 0.00432042517638521]], "chi2_level": 0.95, "chi2_df": 3, "chi2_threshold": 7.814727903251179, "N_raw": 50, "N_roi": 50, "N_inlier": 47, "refit": true}
{"timestamp": "18:27:54.180472", "frame": 78, "mu": [-1.1327426641618354, 0.7086399190118279, 1.4249604849461228], "Sigma": [[0.013461655309870516, 0.0013830923468627489, -0.0066502119635604975], [0.0013830923468627489, 0.005851670116246019, -0.003204071094802122], [-0.0066502119635604975, -0.0032040710948021225, 0.004814716875684913]], "chi2_level": 0.95, "chi2_df": 3, "chi2_threshold": 7.814727903251179, "N_raw": 79, "N_roi": 79, "N_inlier": 77, "refit": true}
{"timestamp": "18:27:54.231931", "frame": 79, "mu": [-1.1885098184643197, 0.7246844060510924, 1.4333874983616577], "Sigma": [[0.01141764801847183, 0.001295962926017274, -0.005203558323392293], [0.001295962926017274, 0.006745798048687492, -0.0036781932653178863], [-0.005203558323392293, -0.0036781932653178863, 0.00454470987646724]], "chi2_level": 0.95, "chi2_df": 3, "chi2_threshold": 7.814727903251179, "N_raw": 77, "N_roi": 77, "N_inlier": 73, "refit": true}
{"timestamp": "18:27:54.289173", "frame": 80, "mu": [-1.1808810854156284, 0.8666045926176507, -0.40540210354850637], "Sigma": [[0.010343413257064473, 0.0036845777194035112, -0.004294180255256824], [0.003684577719403512, 0.016100721460005935, -0.002559688569290606], [-0.004294180255256824, -0.002559688569290606, 0.002492971496179615]], "chi2_level": 0.95, "chi2_df": 3, "chi2_threshold": 7.814727903251179, "N_raw": 95, "N_roi": 95, "N_inlier": 92, "refit": true}
{"timestamp": "18:27:54.342120", "frame": 81, "mu": [-1.249339856260292, 0.7617751757839255, 1.4212357815719716], "Sigma": [[0.013582120042679934, 0.005427564380701547, -0.006188827187028219], [0.005427564380701547, 0.014945393220511511, -0.004672855543951079], [-0.006188827187028219, -0.004672855543951079, 0.0036546205962787346]], "chi2_level": 0.95, "chi2_df": 3, "chi2_threshold": 7.814727903251179, "N_raw": 89, "N_roi": 89, "N_inlier": 88, "refit": true}
{"timestamp": "18:27:54.397391", "frame": 82, "mu": [-1.3004622175343865, 0.7977249929451108, 1.4736734455350282], "Sigma": [[0.010202838553532387, 0.0025212689998495913, -0.004470566258434571], [0.0025212689998495913, 0.009696004953487958, -0.0049165949731457105], [-0.004470566258434571, -0.00491659497314571, 0.006722728574743296]], "chi2_level": 0.95, "chi2_df": 3, "chi2_threshold": 7.814727903251179, "N_raw": 79, "N_roi": 79, "N_inlier": 76, "refit": true}
{"timestamp": "18:27:54.450398", "frame": 83, "mu": [-1.3374140869286575, 0.7338506993864286, 1.402330613073691], "Sigma": [[0.01215056363379367, 0.004878858762821993, -0.004703565279232393], [0.004878858762821993, 0.009845572040919582, -0.005539721335877184], [-0.004703565279232392, -0.005539721335877184, 0.004477158768717569]], "chi2_level": 0.95, "chi2_df": 3, "chi2_threshold": 7.814727903251179, "N_raw": 74, "N_roi": 74, "N_inlier": 72, "refit": true}
{"timestamp": "18:27:54.508060", "frame": 84, "mu": [-1.386455781382629, 0.742973003741275, 1.384914813327499], "Sigma": [[0.012986828956156295, 0.00602183046705804, -0.004957185548688856], [0.00602183046705804, 0.016725524857963296, -0.005788144465167686], [-0.004957185548688856, -0.005788144465167686, 0.003875049560483489]], "chi2_level": 0.95, "chi2_df": 3, "chi2_threshold": 7.814727903251179, "N_raw": 84, "N_roi": 84, "N_inlier": 81, "refit": true}
{"timestamp": "18:27:54.564586", "frame": 85, "mu": [-1.3484892722384105, 0.7827504977479464, 1.1716841898641868], "Sigma": [[0.026100819081465654, 0.022605604955772837, -0.04643024512027919], [0.022605604955772837, 0.03026089837616739, -0.04805201350733058], [-0.046430245120279184, -0.04805201350733058, 0.12575413522472328]], "chi2_level": 0.95, "chi2_df": 3, "chi2_threshold": 7.814727903251179, "N_raw": 101, "N_roi": 101, "N_inlier": 101, "refit": true}
{"timestamp": "18:27:54.630829", "frame": 86, "mu": [-1.3906513280532478, 0.7618501020239922, 1.1208385893416961], "Sigma": [[0.032782636908240514, 0.029412001555514624, -0.055188494936444926], [0.029412001555514624, 0.03554637136389753, -0.061537837929971057], [-0.055188494936444926, -0.061537837929971057, 0.1422326717015349]], "chi2_level": 0.95, "chi2_df": 3, "chi2_threshold": 7.814727903251179, "N_raw": 115, "N_roi": 115, "N_inlier": 107, "refit": true}
