{"timestamp": "17:48:17.309158", "frame": 1, "mu": [2.284591243491528, 4.556603291530964, 1.2758605826572715], "Sigma": [[0.01935057704257026, -0.010160244678765668, -0.008295553105318949], [-0.010160244678765668, 0.007331162776284536, 0.0038493522291239935], [-0.008295553105318949, 0.0038493522291239935, 0.005438560173411059]], "chi2_level": 0.99, "chi2_df": 3, "chi2_threshold": 11.344866730144373, "N_raw": 29, "N_roi": 23, "N_inlier": 21, "refit": true}
{"timestamp": "17:48:17.693787", "frame": 8, "mu": [2.2895102293155385, 4.486984605317514, 1.289456645064175], "Sigma": [[0.015241079912225196, -0.008017607700400097, -0.00761142745426035], [-0.008017607700400095, 0.006327498595920117, 0.00379796759019401], [-0.00761142745426035, 0.003797967590194011, 0.006022928564948235]], "chi2_level": 0.99, "chi2_df": 3, "chi2_threshold": 11.344866730144373, "N_raw": 22, "N_roi": 20, "N_inlier": 20, "refit": true}
{"timestamp": "17:48:17.912250", "frame": 12, "mu": [2.102820084418685, 4.523763162187656, 0.37060665837260026], "Sigma": [[0.009365497336903174, -0.003738152970254392, -0.00580592198905786], [-0.003738152970254392, 0.00417428306931955, -0.0002784885263624966], [-0.00580592198905786, -0.00027848852636249615, 0.008770794823868307]], "chi2_level": 0.99, "chi2_df": 3, "chi2_threshold": 11.344866730144373, "N_raw": 11, "N_roi": 11, "N_inlier": 10, "refit": true}
{"timestamp": "17:48:17.971131", "frame": 13, "mu": [2.0894159773362913, 4.559971790770874, 0.08327410723384443], "Sigma": [[0.022016237285473965, -0.007405528505164044, -0.014568403491965717], [-0.007405528505164044, 0.020045943530503804, -0.03313643721438479], [-0.014568403491965719, -0.0331364372143848, 0.10637067633607977]], "chi2_level": 0.99, "chi2_df": 3, "chi2_threshold": 11.344866730144373, "N_raw": 34, "N_roi": 34, "N_inlier": 33, "refit": true}
{"timestamp": "17:48:18.132073", "frame": 16, "mu": [1.9495906809121473, 4.511335426575506, 0.2598660907376571], "Sigma": [[0.0066703743787532455, -0.00254928978243154, -0.0059793899105900356], [-0.00254928978243154, 0.002982938009961335, 0.003669812257925365], [-0.0059793899105900356, 0.0036698122579253657, 0.008125956428163304]], "chi2_level": 0.99, "chi2_df": 3, "chi2_threshold": 11.344866730144373, "N_raw": 11, "N_roi": 11, "N_inlier": 10, "refit": true}
{"timestamp": "17:48:18.246443", "frame": 18, "mu": [1.798297725320251, 4.4153496702617305, -0.9611119703311064], "Sigma": [[0.019292907706035686, -0.008642517161192083, -0.009736032411709587], [-0.008642517161192083, 0.007535059321659945, 0.00394244129994884], [-0.009736032411709587, 0.00394244129994884, 0.007844454747001035]], "chi2_level": 0.99, "chi2_df": 3, "chi2_threshold": 11.344866730144373, "N_raw": 39, "N_roi": 36, "N_inlier": 34, "refit": true}
{"timestamp": "17:48:18.300826", "frame": 19, "mu": [1.8495226104226292, 4.3833356184388785, 0.8555350344015615], "Sigma": [[0.01805034926045857, -0.008314617916710686, -0.010208452953382156], [-0.008314617916710686, 0.005773885876453681, 0.0033962440131846835], [-0.010208452953382156, 0.0033962440131846835, 0.008155231225171205]], "chi2_level": 0.99, "chi2_df": 3, "chi2_threshold": 11.344866730144373, "N_raw": 27, "N_roi": 25, "N_inlier": 24, "refit": true}
{"timestamp": "17:48:18.355345", "frame": 20, "mu": [1.8119081678054698, 4.364117022760264, 0.7165323951863217], "Sigma": [[0.02088572399683231, -0.011293772204184212, -0.011553059568973074], [-0.011293772204184212, 0.008276234349998262, 0.006612800476346109], [-0.011553059568973074, 0.006612800476346109, 0.007917549908196798]], "chi2_level": 0.99, "chi2_df": 3, "chi2_threshold": 11.344866730144373, "N_raw": 27, "N_roi": 24, "N_inlier": 24, "refit": true}
{"timestamp": "17:48:18.409322", "frame": 21, "mu": [1.810300798379551, 4.332958644850655, 0.6584373729604016], "Sigma": [[0.009984874917298603, -0.004770002639403597, -0.00561975533699088], [-0.004770002639403597, 0.005111632778469762, 0.002234403078063641], [-0.00561975533699088, 0.002234403078063641, 0.005867604221092267]], "chi2_level": 0.99, "chi2_df": 3, "chi2_threshold": 11.344866730144373, "N_raw": 22, "N_roi": 20, "N_inlier": 19, "refit": true}
{"timestamp": "17:48:18.465153", "frame": 22, "mu": [1.6755599422504297, 4.370060997175186, 0.71399043303046], "Sigma": [[0.026130959232434768, -0.01238053575898113, -0.018714475613662233], [-0.01238053575898113, 0.008925155042796324, 0.00895241932126236], [-0.018714475613662233, 0.00895241932126236, 0.015132991993487933]], "chi2_level": 0.99, "chi2_df": 3, "chi2_threshold": 11.344866730144373, "N_raw": 33, "N_roi": 33, "N_inlier": 32, "refit": true}
{"timestamp": "17:48:18.522816", "frame": 23, "mu": [1.5744920514871588, 4.391752947976248, 0.7664991149915078], "Sigma": [[0.035027175878159525, -0.01498927704357168, -0.017712194120237744], [-0.014989277043571678, 0.008593471067788813, 0.0033229358079026458], [-0.017712194120237744, 0.003322935807902647, 0.026789159719675937]], "chi2_level": 0.99, "chi2_df": 3, "chi2_threshold": 11.344866730144373, "N_raw": 51, "N_roi": 51, "N_inlier": 51, "refit": true}
{"timestamp": "17:48:18.573832", "frame": 24, "mu": [1.5677043395400596, 4.345884354949193, 0.5828914122948842], "Sigma": [[0.02363385568061859, -0.009281157891414465, -0.0014248536130196528], [-0.009281157891414465, 0.004738678305145918, -0.0005751696613351488], [-0.001424853613019653, -0.0005751696613351487, 0.002782465197481122]], "chi2_level": 0.99, "chi2_df": 3, "chi2_threshold": 11.344866730144373, "N_raw": 25, "N_roi": 25, "N_inlier": 23, "refit": true}
{"timestamp": "17:48:18.849941", "frame": 29, "mu": [1.0217004601901236, 4.369358886811225, 0.9553831882130024], "Sigma": [[0.011385477300708676, -0.004707899818824958, -0.007191872208106919], [-0.004707899818824958, 0.006252378680036783, 0.0043022532266064305], [-0.007191872208106919, 0.004302253226606431, 0.007040911890515388]], "chi2_level": 0.99, "chi2_df": 3, "chi2_threshold": 11.344866730144373, "N_raw": 30, "N_roi": 27, "N_inlier": 27, "refit": true}
{"timestamp": "17:48:18.906226", "frame": 30, "mu": [0.9535562457117658, 4.29700207634426, 0.9200688520872069], "Sigma": [[0.011288206915978698, -0.0034891310039913822, -0.0055399048585580025], [-0.0034891310039913822, 0.004597695205981674, 0.0027874632040845856], [-0.0055399048585580025, 0.0027874632040845856, 0.004408900960274377]], "chi2_level": 0.99, "chi2_df": 3, "chi2_threshold": 11.344866730144373, "N_raw": 27, "N_roi": 20, "N_inlier": 20, "refit": true}
{"timestamp": "17:48:18.966382", "frame": 31, "mu": [0.8515224524098771, 4.279971643307884, 0.9224289783702971], "Sigma": [[0.025776610363024702, -0.010460577693174471, -0.01672948721360147], [-0.010460577693174471, 0.009027118338689693, 0.008276299859023246], [-0.01672948721360147, 0.008276299859023246, 0.013267402238603914]], "chi2_level": 0.99, "chi2_df": 3, "chi2_threshold": 11.344866730144373, "N_raw": 68, "N_roi": 45, "N_inlier": 44, "refit": true}
{"timestamp": "17:48:19.015052", "frame": 32, "mu": [0.6370648854139285, 4.435744479751801, 1.4128387117152612], "Sigma": [[0.016939510055551388, -0.003802016399193027, -0.008308104561499058], [-0.003802016399193026, 0.002928612517669017, 0.003384450753239894], [-0.00830810456149906, 0.0033844507532398947, 0.006736509059591629]], "chi2_level": 0.99, "chi2_df": 3, "chi2_threshold": 11.344866730144373, "N_raw": 26, "N_roi": 24, "N_inlier": 23, "refit": true}
{"timestamp": "17:48:19.071168", "frame": 33, "mu": [0.6813289979847831, 4.263315254361935, 0.891855207949936], "Sigma": [[0.02360250169570222, -0.00510160672549056, -0.01078200552152008], [-0.00510160672549056, 0.002703718172729042, 0.001256275139938697], [-0.01078200552152008, 0.0012562751399386972, 0.007817690033021634]], "chi2_level": 0.99, "chi2_df": 3, "chi2_threshold": 11.344866730144373, "N_raw": 34, "N_roi": 30, "N_inlier": 28, "refit": true}
{"timestamp": "17:48:19.123553", "frame": 34, "mu": [0.5447640453718041, 4.533488945790001, 0.3919806374042127], "Sigma": [[0.008887889396578868, 0.0008038781812967901, -0.011142054521222706], [0.0008038781812967901, 0.0024309991243215406, -0.0047589539102299416], [-0.011142054521222708, -0.0047589539102299416, 0.02331523831400082]], "chi2_level": 0.99, "chi2_df": 3, "chi2_threshold": 11.344866730144373, "N_raw": 18, "N_roi": 16, "N_inlier": 16, "refit": true}
{"timestamp": "17:48:19.184249", "frame": 35, "mu": [0.5036476789128067, 4.482143841588301, 1.196874726978332], "Sigma": [[0.01270552144588964, -0.0026932908009979746, -0.00948665843716507], [-0.0026932908009979746, 0.0022294349141598222, 0.0017659494401669625], [-0.00948665843716507, 0.0017659494401669623, 0.010495703255107475]], "chi2_level": 0.99, "chi2_df": 3, "chi2_threshold": 11.344866730144373, "N_raw": 57, "N_roi": 21, "N_inlier": 20, "refit": true}
{"timestamp": "17:48:19.235678", "frame": 36, "mu": [0.3534074901270573, 4.4197003651100255, 0.9599463559587933], "Sigma": [[0.011893526330306542, -0.0019556872535328776, -0.0015193153846493565], [-0.0019556872535328776, 0.006783888639234401, -0.015921170046120214], [-0.0015193153846493554, -0.015921170046120217, 0.09799197802029497]], "chi2_level": 0.99, "chi2_df": 3, "chi2_threshold": 11.344866730144373, "N_raw": 32, "N_roi": 24, "N_inlier": 24, "refit": true}
{"timestamp": "17:48:19.291335", "frame": 37, "mu": [0.3461549395045302, 4.5556359118297935, 0.0994535617016791], "Sigma": [[0.02409773197793419, 1.1665285865793715e-05, -0.014133692181282301], [1.166528586579404e-05, 0.002726099079003103, -0.0016668038139311132], [-0.014133692181282301, -0.0016668038139311132, 0.011162165827277217]], "chi2_level": 0.99, "chi2_df": 3, "chi2_threshold": 11.344866730144373, "N_raw": 36, "N_roi": 33, "N_inlier": 30, "refit": true}
{"timestamp": "17:48:19.400739", "frame": 39, "mu": [0.11607347656770697, 4.474810871213298, 1.1673029843808806], "Sigma": [[0.01918894618352498, -0.0017294341579050672, -0.01189660417874242], [-0.001729434157905067, 0.003177974538517897, 0.0019381356340606218], [-0.01189660417874242, 0.0019381356340606218, 0.009819751982927805]], "chi2_level": 0.99, "chi2_df": 3, "chi2_threshold": 11.344866730144373, "N_raw": 37, "N_roi": 33, "N_inlier": 31, "refit": true}
{"timestamp": "17:48:19.457743", "frame": 40, "mu": [0.022345816339152474, 4.478813880040924, 1.2386875809093891], "Sigma": [[0.024421397099610755, -0.0018798837273848639, -0.01267016877783152], [-0.0018798837273848637, 0.0021518234542814933, -0.0011896938273465744], [-0.01267016877783152, -0.0011896938273465744, 0.012770107793719824]], "chi2_level": 0.99, "chi2_df": 3, "chi2_threshold": 11.344866730144373, "N_raw": 41, "N_roi": 39, "N_inlier": 37, "refit": true}
{"timestamp": "17:48:19.676303", "frame": 44, "mu": [-0.29663546834657284, 4.440664353147625, 1.0432312922712508], "Sigma": [[0.019598046678679915, -0.0015499025508232474, -0.00757018337440373], [-0.0015499025508232476, 0.002194561723559204, -0.0016748544525765244], [-0.0075701833744037305, -0.0016748544525765244, 0.007029337733154841]], "chi2_level": 0.99, "chi2_df": 3, "chi2_threshold": 11.344866730144373, "N_raw": 36, "N_roi": 36, "N_inlier": 34, "refit": true}
{"timestamp": "17:48:19.729209", "frame": 45, "mu": [-0.41641242816991453, 4.334997579249622, 1.0364842352802566], "Sigma": [[0.022326170175670644, -0.0005145276849307646, -0.008836713852833513], [-0.0005145276849307647, 0.001746356779934401, -0.0008473993939669576], [-0.008836713852833513, -0.0008473993939669576, 0.005952775254736653]], "chi2_level": 0.99, "chi2_df": 3, "chi2_threshold": 11.344866730144373, "N_raw": 26, "N_roi": 26, "N_inlier": 26, "refit": true}
{"timestamp": "17:48:19.788011", "frame": 46, "mu": [-0.45345866535103385, 4.446062879439103, 0.026417286272421847], "Sigma": [[0.020817027884073414, 0.0026388064156839313, 0.0012694599171060722], [0.0026388064156839313, 0.002820633103847055, -0.003006256225393628], [0.0012694599171060722, -0.003006256225393628, 0.005758561510713426]], "chi2_level": 0.99, "chi2_df": 3, "chi2_threshold": 11.344866730144373, "N_raw": 39, "N_roi": 32, "N_inlier": 29, "refit": true}
{"timestamp": "17:48:19.846298", "frame": 47, "mu": [-0.6271234811266868, 4.463188991262031, -0.07239860761676163], "Sigma": [[0.024769174569638674, 0.003987897573309973, 0.030472420252027323], [0.003987897573309971, 0.021609687099294214, 0.005307351718725557], [0.030472420252027323, 0.005307351718725558, 0.16101685104032507]], "chi2_level": 0.99, "chi2_df": 3, "chi2_threshold": 11.344866730144373, "N_raw": 69, "N_roi": 41, "N_inlier": 40, "refit": true}
{"timestamp": "17:48:19.898528", "frame": 48, "mu": [-0.6930677510753255, 4.293458761553018, 0.9271201373353666], "Sigma": [[0.029921839052303043, -0.0005114887689842958, -0.019401339015670344], [-0.000511488768984296, 0.006710418566925571, 0.008090475773476704], [-0.019401339015670344, 0.008090475773476706, 0.023508904928499084]], "chi2_level": 0.99, "chi2_df": 3, "chi2_threshold": 11.344866730144373, "N_raw": 48, "N_roi": 42, "N_inlier": 39, "refit": true}
{"timestamp": "17:48:19.954389", "frame": 49, "mu": [-0.7380408563196705, 4.232154633265237, 0.8276200928546606], "Sigma": [[0.02568985739421245, 8.700106473623261e-06, -0.013294436243863242], [8.700106473623261e-06, 0.005692062497732241, 0.003350635873137656], [-0.013294436243863242, 0.003350635873137656, 0.010685330425362292]], "chi2_level": 0.99, "chi2_df": 3, "chi2_threshold": 11.344866730144373, "N_raw": 54, "N_roi": 43, "N_inlier": 40, "refit": true}
{"timestamp": "17:48:20.009806", "frame": 50, "mu": [-0.8449428989495642, 4.412166864524895, 0.12043521619892117], "Sigma": [[0.022623970733143907, 0.007966683386675479, -0.012217222072802219], [0.007966683386675479, 0.021560299407059554, -0.016470245734225463], [-0.01221722207280222, -0.016470245734225463, 0.04325817642229948]], "chi2_level": 0.99, "chi2_df": 3, "chi2_threshold": 11.344866730144373, "N_raw": 52, "N_roi": 49, "N_inlier": 48, "refit": true}
{"timestamp": "17:48:20.169738", "frame": 53, "mu": [-1.0912941946072265, 4.471845113695046, 0.25168864751842573], "Sigma": [[0.010849788463176685, 0.003437112448275728, -0.0048593560789671805], [0.003437112448275728, 0.005146757693014867, 0.002261341250229301], [-0.00485935607896718, 0.002261341250229301, 0.0069659171101029566]], "chi2_level": 0.99, "chi2_df": 3, "chi2_threshold": 11.344866730144373, "N_raw": 20, "N_roi": 20, "N_inlier": 18, "refit": true}
{"timestamp": "17:48:20.232458", "frame": 54, "mu": [-1.2367320179434858, 4.420208767978, 0.3523699600357354], "Sigma": [[0.026612556392485515, 0.010654300708502238, -0.01403930826565058], [0.010654300708502238, 0.011516168196237743, -0.0013039325674246496], [-0.01403930826565058, -0.0013039325674246499, 0.016123834424550575]], "chi2_level": 0.99, "chi2_df": 3, "chi2_threshold": 11.344866730144373, "N_raw": 67, "N_roi": 64, "N_inlier": 64, "refit": true}
{"timestamp": "17:48:20.287259", "frame": 55, "mu": [-1.324283369234699, 4.402579160276562, 0.29869577859999297], "Sigma": [[0.022725090388666054, 0.009070271420144297, -0.006041513682389485], [0.009070271420144297, 0.010293651341735006, 0.009280344909387372], [-0.006041513682389485, 0.009280344909387372, 0.031164900851536188]], "chi2_level": 0.99, "chi2_df": 3, "chi2_threshold": 11.344866730144373, "N_raw": 67, "N_roi": 62, "N_inlier": 58, "refit": true}
{"timestamp": "17:48:20.339243", "frame": 56, "mu": [-1.4512059300102202, 4.339683913778418, 1.2332198189489436], "Sigma": [[0.03062910026283473, 0.011776449780105391, -0.0017496224386920622], [0.011776449780105391, 0.013455146405143049, 0.00797124449154359], [-0.001749622438692062, 0.007971244491543591, 0.013007547533044414]], "chi2_level": 0.99, "chi2_df": 3, "chi2_threshold": 11.344866730144373, "N_raw": 59, "N_roi": 54, "N_inlier": 54, "refit": true}
{"timestamp": "17:48:20.393288", "frame": 57, "mu": [-1.5439789829746626, 4.352892795712102, 1.1103140954691497], "Sigma": [[0.025264214974552324, 0.009724659174861972, -0.013167240423767724], [0.009724659174861972, 0.015894913558253843, 0.012669165560039636], [-0.013167240423767726, 0.012669165560039636, 0.041001538670151313]], "chi2_level": 0.99, "chi2_df": 3, "chi2_threshold": 11.344866730144373, "N_raw": 47, "N_roi": 47, "N_inlier": 46, "refit": true}
{"timestamp": "17:48:20.447348", "frame": 58, "mu": [-1.6696159923066636, 4.381159510302523, 0.36306854007373246], "Sigma": [[0.022949011632193345, 0.014960632013035517, -0.009854690527450324], [0.014960632013035515, 0.014334957312279505, 0.002413911710207288], [-0.009854690527450322, 0.002413911710207288, 0.04304394924820615]], "chi2_level": 0.99, "chi2_df": 3, "chi2_threshold": 11.344866730144373, "N_raw": 43, "N_roi": 39, "N_inlier": 38, "refit": true}
{"timestamp": "17:48:20.508068", "frame": 59, "mu": [-1.7239248773302078, 4.253234751883914, 0.9610770554545851], "Sigma": [[0.027151639918877146, 0.00785486314120867, -0.01819815894668211], [0.00785486314120867, 0.009466032095792136, -0.002982998882859745], [-0.01819815894668211, -0.002982998882859745, 0.01583321745807351]], "chi2_level": 0.99, "chi2_df": 3, "chi2_threshold": 11.344866730144373, "N_raw": 67, "N_roi": 49, "N_inlier": 47, "refit": true}
{"timestamp": "17:48:20.561075", "frame": 60, "mu": [-1.781758920071584, 4.247533683970905, 0.9687202142690523], "Sigma": [[0.027510574837633774, 0.008664392006280212, -0.016378779566323345], [0.008664392006280212, 0.014437112503849396, 1.3710020588196298e-05], [-0.016378779566323345, 1.3710020588195647e-05, 0.01488950445906458]], "chi2_level": 0.99, "chi2_df": 3, "chi2_threshold": 11.344866730144373, "N_raw": 65, "N_roi": 59, "N_inlier": 58, "refit": true}
{"timestamp": "17:48:20.612938", "frame": 61, "mu": [-1.8700172708401412, 4.3744276027472955, 1.2274680697770366], "Sigma": [[0.014178949521925516, 0.004270051910341587, -0.012668436508579628], [0.004270051910341586, 0.008283399566101064, 0.0013704277035339269], [-0.012668436508579628, 0.0013704277035339273, 0.03436000100867618]], "chi2_level": 0.99, "chi2_df": 3, "chi2_threshold": 11.344866730144373, "N_raw": 43, "N_roi": 27, "N_inlier": 25, "refit": true}
{"timestamp": "17:48:20.669060", "frame": 62, "mu": [-1.94874363364164, 4.346566564871165, 0.33386463217094675], "Sigma": [[0.02638514833145065, 0.010208510272662017, -0.020535261513346517], [0.010208510272662018, 0.009063033811045272, -0.0017669138697477406], [-0.020535261513346517, -0.0017669138697477406, 0.02591237265934021]], "chi2_level": 0.99, "chi2_df": 3, "chi2_threshold": 11.344866730144373, "N_raw": 51, "N_roi": 49, "N_inlier": 47, "refit": true}
{"timestamp": "17:48:20.720490", "frame": 63, "mu": [-1.967267400895499, 4.4193495301063646, 0.21286010098457855], "Sigma": [[0.01660414203971678, 0.006608712761364597, -0.010694557867211654], [0.006608712761364598, 0.006421732654335685, -0.0041205463456712756], [-0.010694557867211654, -0.004120546345671275, 0.008601543190969799]], "chi2_level": 0.99, "chi2_df": 3, "chi2_threshold": 11.344866730144373, "N_raw": 27, "N_roi": 27, "N_inlier": 26, "refit": true}
{"timestamp": "17:48:20.777036", "frame": 64, "mu": [-2.1819212151028933, 4.346488101683495, 1.3431199151619002], "Sigma": [[0.02804044588283429, 0.01036672945842233, -0.0180179003621874], [0.01036672945842233, 0.008266661323904132, -0.006857640781431787], [-0.0180179003621874, -0.006857640781431786, 0.013564894418134013]], "chi2_level": 0.99, "chi2_df": 3, "chi2_threshold": 11.344866730144373, "N_raw": 44, "N_roi": 39, "N_inlier": 39, "refit": true}
