{"timestamp": "17:33:42.324711", "frame": 1, "mu": [1.5585263380445282, 0.9860346647258345, 1.3352206119264651], "Sigma": [[0.0021359630221286985, -0.001981253788416661, -0.002363410719225379], [-0.001981253788416661, 0.004976643718461964, 0.0032084250396970044], [-0.0023634107192253796, 0.0032084250396970044, 0.024422886980419986]], "chi2_level": 0.99, "chi2_df": 3, "chi2_threshold": 11.344866730144373, "N_raw": 25, "N_roi": 25, "N_inlier": 24, "refit": true}
{"timestamp": "17:33:42.489619", "frame": 4, "mu": [1.514505698708095, 1.1527328884199848, -0.36695659899953326], "Sigma": [[0.0023422554250782245, -0.0028869028035190024, 0.004056210856486463], [-0.0028869028035190024, 0.03360667968200959, -0.03518189794240667], [0.004056210856486463, -0.03518189794240667, 0.03964391837432307]], "chi2_level": 0.99, "chi2_df": 3, "chi2_threshold": 11.344866730144373, "N_raw": 16, "N_roi": 16, "N_inlier": 14, "refit": true}
{"timestamp": "17:33:42.544423", "frame": 5, "mu": [1.5436515895067442, 1.033325640522452, 1.205849687430404], "Sigma": [[0.0031990998610883646, -0.004258309229676187, 0.0012206280908683901], [-0.004258309229676188, 0.018255255612953637, -0.021032428154271116], [0.0012206280908683901, -0.021032428154271116, 0.03291996724098724]], "chi2_level": 0.99, "chi2_df": 3, "chi2_threshold": 11.344866730144373, "N_raw": 17, "N_roi": 17, "N_inlier": 17, "refit": true}
{"timestamp": "17:33:42.599089", "frame": 6, "mu": [1.5725429273010714, 0.9859635725994704, -0.7297379946019743], "Sigma": [[0.004118808603639349, 0.0005782383853092564, 0.0015644517748925934], [0.0005782383853092564, 0.0029403344551067927, 0.0031680733313542344], [0.0015644517748925934, 0.003168073331354235, 0.014133911865046192]], "chi2_level": 0.99, "chi2_df": 3, "chi2_threshold": 11.344866730144373, "N_raw": 19, "N_roi": 19, "N_inlier": 19, "refit": true}
{"timestamp": "17:33:42.764376", "frame": 9, "mu": [1.554963641625319, 0.840115187101982, 1.3041531661257022], "Sigma": [[0.006963651739748336, -0.005634701317113159, -0.0035963627342044703], [-0.005634701317113159, 0.006377189611187496, 0.002314110248520737], [-0.00359636273420447, 0.0023141102485207364, 0.0024202467090960245]], "chi2_level": 0.99, "chi2_df": 3, "chi2_threshold": 11.344866730144373, "N_raw": 19, "N_roi": 19, "N_inlier": 19, "refit": true}
{"timestamp": "17:33:42.818065", "frame": 10, "mu": [1.500294586173616, 0.9756589192084767, 1.3008499829268152], "Sigma": [[0.002780658580109668, 0.00018625998864436855, -0.004219523699128426], [0.00018625998864436866, 0.002299578762331916, -0.0008517679241278303], [-0.004219523699128426, -0.0008517679241278303, 0.007716900896386198]], "chi2_level": 0.99, "chi2_df": 3, "chi2_threshold": 11.344866730144373, "N_raw": 10, "N_roi": 10, "N_inlier": 10, "refit": true}
{"timestamp": "17:33:43.150284", "frame": 16, "mu": [1.5219198954811146, 1.0825800293797363, -0.5427744319401697], "Sigma": [[0.002812639267640335, -0.0008829754205746217, -0.004498551167657839], [-0.0008829754205746215, 0.0038254669443246185, -0.0015099318425716639], [-0.004498551167657839, -0.0015099318425716639, 0.011061475624496315]], "chi2_level": 0.99, "chi2_df": 3, "chi2_threshold": 11.344866730144373, "N_raw": 22, "N_roi": 22, "N_inlier": 20, "refit": true}
{"timestamp": "17:33:43.203685", "frame": 17, "mu": [1.4615640861383181, 0.9604887411775787, 1.2716567286543587], "Sigma": [[0.0014678951866404198, -0.0007313691521108468, 0.0015579585471327592], [-0.0007313691521108466, 0.007990760314853365, -0.022443602434943775], [0.0015579585471327596, -0.022443602434943775, 0.07434241766802153]], "chi2_level": 0.99, "chi2_df": 3, "chi2_threshold": 11.344866730144373, "N_raw": 14, "N_roi": 14, "N_inlier": 14, "refit": true}
{"timestamp": "17:33:43.259544", "frame": 18, "mu": [1.4795068459481757, 0.9600412379255971, 1.1290398860751765], "Sigma": [[0.0045626758517189085, -0.0041858070318855495, -0.00417654386057934], [-0.0041858070318855495, 0.0095125497900232, -0.0027968515546816343], [-0.00417654386057934, -0.0027968515546816343, 0.020185924725428742]], "chi2_level": 0.99, "chi2_df": 3, "chi2_threshold": 11.344866730144373, "N_raw": 25, "N_roi": 25, "N_inlier": 23, "refit": true}
{"timestamp": "17:33:43.313952", "frame": 19, "mu": [1.4733203619263784, 0.8981665183152321, 1.363973402350894], "Sigma": [[0.0021178048051238903, -0.0003674847354533734, -0.0016434737112650728], [-0.00036748473545337334, 0.007434682564333589, -0.010501164587587075], [-0.0016434737112650728, -0.010501164587587075, 0.02464889133320731]], "chi2_level": 0.99, "chi2_df": 3, "chi2_threshold": 11.344866730144373, "N_raw": 16, "N_roi": 16, "N_inlier": 15, "refit": true}
{"timestamp": "17:33:43.479613", "frame": 22, "mu": [1.419252396119518, 0.8592007929528466, 1.2043612963609185], "Sigma": [[0.0029559647776670776, -0.0013322798166743614, -0.004226232959434419], [-0.0013322798166743616, 0.003524995576405082, -0.0029934270368562137], [-0.004226232959434419, -0.0029934270368562137, 0.016103701356933686]], "chi2_level": 0.99, "chi2_df": 3, "chi2_threshold": 11.344866730144373, "N_raw": 19, "N_roi": 19, "N_inlier": 17, "refit": true}
{"timestamp": "17:33:43.535511", "frame": 23, "mu": [1.3978556499771417, 0.8835860204617206, 1.2478151268358177], "Sigma": [[0.004599738693769028, -0.003360525035480076, -0.002299945886885806], [-0.003360525035480076, 0.006144762993557808, -0.002158858936319766], [-0.002299945886885806, -0.002158858936319766, 0.006513151034518783]], "chi2_level": 0.99, "chi2_df": 3, "chi2_threshold": 11.344866730144373, "N_raw": 33, "N_roi": 33, "N_inlier": 33, "refit": true}
{"timestamp": "17:33:43.592718", "frame": 24, "mu": [1.3808043071433471, 0.8602489888798178, 1.2964075525478664], "Sigma": [[0.002790665753513056, -0.0015611469965705867, -0.0031099672143686022], [-0.0015611469965705867, 0.002613054141360034, -0.0007734998047420509], [-0.003109967214368602, -0.0007734998047420507, 0.007680639394327989]], "chi2_level": 0.99, "chi2_df": 3, "chi2_threshold": 11.344866730144373, "N_raw": 23, "N_roi": 23, "N_inlier": 22, "refit": true}
{"timestamp": "17:33:43.647066", "frame": 25, "mu": [1.3387989330361223, 0.8095035071314376, 1.1400766825073205], "Sigma": [[0.004552934169635837, -0.003947155486660392, -0.002126790181557907], [-0.003947155486660392, 0.004932787159068661, -0.0002681434495836264], [-0.002126790181557907, -0.0002681434495836263, 0.007767922870430911]], "chi2_level": 0.99, "chi2_df": 3, "chi2_threshold": 11.344866730144373, "N_raw": 25, "N_roi": 25, "N_inlier": 24, "refit": true}
{"timestamp": "17:33:43.700329", "frame": 26, "mu": [1.239353110870956, 0.8667407958051864, 1.1919161070803204], "Sigma": [[0.0027438164723061344, -0.0023266118690026486, -0.006045782999024107], [-0.002326611869002649, 0.004714851709463719, 0.009405786601227227], [-0.006045782999024108, 0.009405786601227227, 0.0452799377659718]], "chi2_level": 0.99, "chi2_df": 3, "chi2_threshold": 11.344866730144373, "N_raw": 17, "N_roi": 17, "N_inlier": 16, "refit": true}
{"timestamp": "17:33:43.756214", "frame": 27, "mu": [1.1702336478220519, 1.1845775003329062, -0.786147580163424], "Sigma": [[0.031010292029194177, -0.008167054688843399, 0.001972150974704743], [-0.0081670546888434, 0.0188958478618916, -0.06930934576062028], [0.0019721509747047516, -0.06930934576062028, 0.33031940386862474]], "chi2_level": 0.99, "chi2_df": 3, "chi2_threshold": 11.344866730144373, "N_raw": 18, "N_roi": 18, "N_inlier": 18, "refit": true}
{"timestamp": "17:33:43.814947", "frame": 28, "mu": [1.0931946817990637, 0.9077516601181562, 1.2784805083871358], "Sigma": [[0.004214067815951439, -0.0041886001417988615, -0.00625600415478389], [-0.004188600141798861, 0.005567905280391183, 0.005816266840964008], [-0.00625600415478389, 0.005816266840964008, 0.017799419057337437]], "chi2_level": 0.99, "chi2_df": 3, "chi2_threshold": 11.344866730144373, "N_raw": 41, "N_roi": 41, "N_inlier": 38, "refit": true}
{"timestamp": "17:33:43.870993", "frame": 29, "mu": [1.1078502611359318, 0.8214293847692093, 1.1060652740138646], "Sigma": [[0.010100756624365381, -0.007774759179269595, -0.01583406659665591], [-0.007774759179269595, 0.010676917286100226, 0.012958172324029706], [-0.01583406659665591, 0.012958172324029706, 0.03723630269490271]], "chi2_level": 0.99, "chi2_df": 3, "chi2_threshold": 11.344866730144373, "N_raw": 54, "N_roi": 54, "N_inlier": 51, "refit": true}
{"timestamp": "17:33:43.925458", "frame": 30, "mu": [0.9966444760107487, 1.0778836067151696, -0.49101029783901207], "Sigma": [[0.005508794646624161, -0.001034904836600154, -0.006176690932275734], [-0.0010349048366001539, 0.001821882982173515, -0.001116369582588329], [-0.006176690932275734, -0.001116369582588329, 0.013926952880583142]], "chi2_level": 0.99, "chi2_df": 3, "chi2_threshold": 11.344866730144373, "N_raw": 46, "N_roi": 46, "N_inlier": 45, "refit": true}
{"timestamp": "17:33:43.981596", "frame": 31, "mu": [0.9511590847940667, 0.972758258022741, 1.3605872452411647], "Sigma": [[0.009438654423800192, -0.003436312785622761, -0.010178057310874313], [-0.0034363127856227604, 0.0027528814946076664, 0.00263444134395939], [-0.010178057310874311, 0.00263444134395939, 0.014104471605457428]], "chi2_level": 0.99, "chi2_df": 3, "chi2_threshold": 11.344866730144373, "N_raw": 54, "N_roi": 52, "N_inlier": 52, "refit": true}
{"timestamp": "17:33:44.032474", "frame": 32, "mu": [0.8546177489857644, 0.9683476810914126, 1.3932681834165719], "Sigma": [[0.003194714744434617, -0.0016308344262744691, -0.00327791810439797], [-0.0016308344262744693, 0.0026403215606036, 0.0012562757654576732], [-0.00327791810439797, 0.001256275765457673, 0.00661152633818463]], "chi2_level": 0.99, "chi2_df": 3, "chi2_threshold": 11.344866730144373, "N_raw": 27, "N_roi": 27, "N_inlier": 25, "refit": true}
{"timestamp": "17:33:44.093293", "frame": 33, "mu": [0.8833419468586856, 0.9276422843571285, 1.0902481792180367], "Sigma": [[0.006452672843945153, -0.004723970345473129, -0.0013310746560803214], [-0.004723970345473129, 0.006673337145439531, -0.011511706469721905], [-0.001331074656080322, -0.011511706469721904, 0.08281664412288231]], "chi2_level": 0.99, "chi2_df": 3, "chi2_threshold": 11.344866730144373, "N_raw": 66, "N_roi": 66, "N_inlier": 66, "refit": true}
{"timestamp": "17:33:44.141486", "frame": 34, "mu": [0.814602637416349, 0.9411814782031325, 1.2425158613128453], "Sigma": [[0.003961326872167083, -0.0033235657501046777, -0.007765296564398588], [-0.0033235657501046777, 0.008166178020149338, -0.008292841315416737], [-0.007765296564398588, -0.008292841315416737, 0.08581901187626101]], "chi2_level": 0.99, "chi2_df": 3, "chi2_threshold": 11.344866730144373, "N_raw": 15, "N_roi": 15, "N_inlier": 14, "refit": true}
{"timestamp": "17:33:44.201488", "frame": 35, "mu": [0.7394535092561614, 0.9564980057593254, 1.3854217897106471], "Sigma": [[0.003396261759288961, -0.0013239210535173538, -0.0019209234778301725], [-0.0013239210535173538, 0.0041897326260212754, -0.005228238797674214], [-0.0019209234778301723, -0.005228238797674214, 0.024527610340582255]], "chi2_level": 0.99, "chi2_df": 3, "chi2_threshold": 11.344866730144373, "N_raw": 50, "N_roi": 50, "N_inlier": 46, "refit": true}
{"timestamp": "17:33:44.255345", "frame": 36, "mu": [0.7615154539397063, 0.9187819491805755, 1.1644004004491921], "Sigma": [[0.00442697239538182, -0.0009743596190856229, -0.007918426030456713], [-0.0009743596190856229, 0.0030611841315119283, 0.005973134330963546], [-0.007918426030456713, 0.005973134330963546, 0.07471329382553948]], "chi2_level": 0.99, "chi2_df": 3, "chi2_threshold": 11.344866730144373, "N_raw": 44, "N_roi": 44, "N_inlier": 41, "refit": true}
{"timestamp": "17:33:44.314870", "frame": 37, "mu": [0.7019045466490756, 0.9289222413354661, 1.3664842668549233], "Sigma": [[0.005265844929176427, 0.00013765772502964593, -0.0038893957443712217], [0.00013765772502964593, 0.002495438982523199, -0.0026550424320325406], [-0.0038893957443712217, -0.0026550424320325406, 0.00654468238032849]], "chi2_level": 0.99, "chi2_df": 3, "chi2_threshold": 11.344866730144373, "N_raw": 72, "N_roi": 72, "N_inlier": 67, "refit": true}
{"timestamp": "17:33:44.364340", "frame": 38, "mu": [0.6596652832008455, 0.8657245545778778, 1.2701627993499902], "Sigma": [[0.0051544762439272316, -0.003237020762789675, -0.014090645288990712], [-0.0032370207627896753, 0.004669830641573651, 0.013459864627559954], [-0.014090645288990712, 0.013459864627559952, 0.06355786913850758]], "chi2_level": 0.99, "chi2_df": 3, "chi2_threshold": 11.344866730144373, "N_raw": 38, "N_roi": 38, "N_inlier": 37, "refit": true}
{"timestamp": "17:33:44.420222", "frame": 39, "mu": [0.5995506051030693, 0.9349549322435633, 1.2372648861770805], "Sigma": [[0.008324297512485089, -0.0024555730930970764, 0.015802893347886156], [-0.0024555730930970764, 0.0058803595914974265, -0.011104577371217061], [0.015802893347886156, -0.011104577371217061, 0.10124204197991997]], "chi2_level": 0.99, "chi2_df": 3, "chi2_threshold": 11.344866730144373, "N_raw": 44, "N_roi": 44, "N_inlier": 41, "refit": true}
{"timestamp": "17:33:44.477679", "frame": 40, "mu": [0.5818754969524665, 0.8738254063769336, 1.3486081821078262], "Sigma": [[0.006977075370773524, -0.0018908827614257638, -0.0059554822807542235], [-0.0018908827614257636, 0.0023166695049643615, 0.0004509723622039351], [-0.0059554822807542235, 0.00045097236220393504, 0.006634310739010407]], "chi2_level": 0.99, "chi2_df": 3, "chi2_threshold": 11.344866730144373, "N_raw": 57, "N_roi": 57, "N_inlier": 54, "refit": true}
{"timestamp": "17:33:44.534218", "frame": 41, "mu": [0.47126140444688647, 0.9100272109264466, 1.3613073234603066], "Sigma": [[0.0033485042958171264, 0.0006686668871665075, -0.0038064104037705514], [0.0006686668871665075, 0.003674891164555171, -0.0039928191693374875], [-0.0038064104037705514, -0.0039928191693374875, 0.02330164141494712]], "chi2_level": 0.99, "chi2_df": 3, "chi2_threshold": 11.344866730144373, "N_raw": 71, "N_roi": 71, "N_inlier": 66, "refit": true}
{"timestamp": "17:33:44.592906", "frame": 42, "mu": [0.40344437120413046, 0.9117058932837188, 1.3830594803096672], "Sigma": [[0.003854219307271056, -0.0004620592647199993, -0.0018753471365496328], [-0.0004620592647199993, 0.0029506488677536963, -0.0024500417426522596], [-0.0018753471365496328, -0.0024500417426522596, 0.00400568977718757]], "chi2_level": 0.99, "chi2_df": 3, "chi2_threshold": 11.344866730144373, "N_raw": 74, "N_roi": 74, "N_inlier": 68, "refit": true}
{"timestamp": "17:33:44.645323", "frame": 43, "mu": [0.3668319947750439, 0.8581834316923068, 1.1516493779068007], "Sigma": [[0.0031176732755343, -0.0017603008246073527, -0.008713367674205962], [-0.0017603008246073527, 0.003601982587152647, 0.009085732431859356], [-0.008713367674205962, 0.009085732431859356, 0.06654873790269025]], "chi2_level": 0.99, "chi2_df": 3, "chi2_threshold": 11.344866730144373, "N_raw": 71, "N_roi": 71, "N_inlier": 70, "refit": true}
{"timestamp": "17:33:44.704026", "frame": 44, "mu": [0.3221567469232119, 0.8939000501017801, 1.2983405964389962], "Sigma": [[0.0036679891798940103, -0.0005862643475472938, -0.004884745914583233], [-0.0005862643475472936, 0.0034658107517118574, -0.0017225740341983247], [-0.004884745914583233, -0.0017225740341983249, 0.03882176832257371]], "chi2_level": 0.99, "chi2_df": 3, "chi2_threshold": 11.344866730144373, "N_raw": 102, "N_roi": 102, "N_inlier": 99, "refit": true}
{"timestamp": "17:33:44.753087", "frame": 45, "mu": [0.27649678232656427, 0.8966709022501141, 1.427784165115022], "Sigma": [[0.003369000883472425, 0.0003356025795239971, -0.002614983572322355], [0.0003356025795239971, 0.001793081317439768, -0.002046089565085068], [-0.002614983572322355, -0.002046089565085068, 0.005825435179857195]], "chi2_level": 0.99, "chi2_df": 3, "chi2_threshold": 11.344866730144373, "N_raw": 59, "N_roi": 59, "N_inlier": 55, "refit": true}
{"timestamp": "17:33:44.813038", "frame": 46, "mu": [0.2399915122897478, 0.8752083387027457, 0.8637898873889418], "Sigma": [[0.004572894070556422, -0.0008255570030590513, 0.0008454132148097257], [-0.0008255570030590513, 0.004837229881292318, 0.011632736798629688], [0.0008454132148097248, 0.011632736798629691, 0.520590193226442]], "chi2_level": 0.99, "chi2_df": 3, "chi2_threshold": 11.344866730144373, "N_raw": 104, "N_roi": 104, "N_inlier": 101, "refit": true}
{"timestamp": "17:33:44.861718", "frame": 47, "mu": [0.1897064211322499, 0.9002352141349267, 1.177235739540883], "Sigma": [[0.0024328652452788677, -0.000574302406812902, 0.00022480329027909182], [-0.000574302406812902, 0.00392853999405966, -0.0017645338200094987], [0.00022480329027909176, -0.0017645338200094987, 0.007473584969976755]], "chi2_level": 0.99, "chi2_df": 3, "chi2_threshold": 11.344866730144373, "N_raw": 55, "N_roi": 55, "N_inlier": 51, "refit": true}
{"timestamp": "17:33:44.918875", "frame": 48, "mu": [0.17159928332633098, 1.015782970760587, -0.4891876791880837], "Sigma": [[0.002701784205059931, 0.0015811916416267218, -0.0009469122802073617], [0.0015811916416267218, 0.005201171713382561, -0.0028650414696458357], [-0.0009469122802073617, -0.0028650414696458357, 0.002774509538835776]], "chi2_level": 0.99, "chi2_df": 3, "chi2_threshold": 11.344866730144373, "N_raw": 71, "N_roi": 71, "N_inlier": 66, "refit": true}
{"timestamp": "17:33:44.965900", "frame": 49, "mu": [0.05354986941121049, 0.7881693856563875, 1.2422729670766566], "Sigma": [[0.0010862382494813744, 1.3737356701436638e-05, 0.0010322432342799357], [1.3737356701436638e-05, 0.0004964950790381226, -5.927156676974443e-05], [0.0010322432342799357, -5.927156676974443e-05, 0.0024038714250434654]], "chi2_level": 0.99, "chi2_df": 3, "chi2_threshold": 11.344866730144373, "N_raw": 21, "N_roi": 21, "N_inlier": 18, "refit": true}
{"timestamp": "17:33:45.025590", "frame": 50, "mu": [0.0120839231475456, 0.7657662899891335, 1.1181488986465207], "Sigma": [[0.001511906286675696, -0.0012196280398195708, -0.0003195693640326812], [-0.0012196280398195708, 0.009101035350801692, 0.00014963181849984435], [-0.0003195693640326812, 0.00014963181849984462, 0.002997074499139421]], "chi2_level": 0.99, "chi2_df": 3, "chi2_threshold": 11.344866730144373, "N_raw": 50, "N_roi": 50, "N_inlier": 46, "refit": true}
{"timestamp": "17:33:45.088215", "frame": 51, "mu": [-0.03653186614797978, 0.8697800536613518, 1.1379164740176269], "Sigma": [[0.0033947440669236896, -0.0009894719343910455, -0.0001541514722130564], [-0.0009894719343910457, 0.005474004813095439, -0.0040816890176935215], [-0.0001541514722130563, -0.0040816890176935215, 0.014381144627242071]], "chi2_level": 0.99, "chi2_df": 3, "chi2_threshold": 11.344866730144373, "N_raw": 102, "N_roi": 102, "N_inlier": 98, "refit": true}
{"timestamp": "17:33:45.146901", "frame": 52, "mu": [-0.06778105738768195, 0.8669927212523416, 1.1593901874908195], "Sigma": [[0.003030273922544605, -0.001589436087440031, -0.0032175421696436692], [-0.0015894360874400312, 0.0029242023735363866, 0.0030852552757561135], [-0.003217542169643669, 0.0030852552757561135, 0.04195920744729989]], "chi2_level": 0.99, "chi2_df": 3, "chi2_threshold": 11.344866730144373, "N_raw": 124, "N_roi": 124, "N_inlier": 122, "refit": true}
{"timestamp": "17:33:45.200342", "frame": 53, "mu": [-0.12981585552816804, 0.8576283776007482, 1.1531089230375606], "Sigma": [[0.0034261372568479337, -0.0009583332382964582, -0.005003470978283558], [-0.0009583332382964583, 0.005890702993696082, 0.010942760750205345], [-0.005003470978283559, 0.010942760750205345, 0.046526028126599686]], "chi2_level": 0.99, "chi2_df": 3, "chi2_threshold": 11.344866730144373, "N_raw": 109, "N_roi": 109, "N_inlier": 105, "refit": true}
{"timestamp": "17:33:45.256079", "frame": 54, "mu": [-0.20264556217976903, 0.9028422676662916, 1.205686681265621], "Sigma": [[0.0049716805861369125, -0.0022976295350520173, -0.010769899227081325], [-0.0022976295350520173, 0.0027467371235717505, 0.0054494069837004045], [-0.010769899227081325, 0.0054494069837004045, 0.06555654467625895]], "chi2_level": 0.99, "chi2_df": 3, "chi2_threshold": 11.344866730144373, "N_raw": 118, "N_roi": 118, "N_inlier": 113, "refit": true}
{"timestamp": "17:33:45.308155", "frame": 55, "mu": [-0.24637985624399858, 0.8513313479625041, 1.1519163931099774], "Sigma": [[0.0024543353058690846, -0.00041951449041302194, -0.0030731842450640798], [-0.0004195144904130219, 0.00246850711273393, 0.00499670510339095], [-0.0030731842450640793, 0.00499670510339095, 0.03967896546781528]], "chi2_level": 0.99, "chi2_df": 3, "chi2_threshold": 11.344866730144373, "N_raw": 91, "N_roi": 91, "N_inlier": 87, "refit": true}
{"timestamp": "17:33:45.361606", "frame": 56, "mu": [-0.31887314051339155, 1.0582688458178031, -0.4549602989853625], "Sigma": [[0.0033912855892193235, -0.0011517517406110212, -0.005284616996893357], [-0.001151751740611021, 0.007747911767165975, -0.001685537882274889], [-0.005284616996893357, -0.0016855378822748892, 0.014423324375661208]], "chi2_level": 0.99, "chi2_df": 3, "chi2_threshold": 11.344866730144373, "N_raw": 87, "N_roi": 87, "N_inlier": 87, "refit": true}
{"timestamp": "17:33:45.417470", "frame": 57, "mu": [-0.32469072658220693, 0.8860771208395013, 1.2624284860452022], "Sigma": [[0.004405510352349123, -0.003644024473115644, -0.004397636455118131], [-0.003644024473115644, 0.006048247602882841, 0.0017678453682516712], [-0.004397636455118131, 0.0017678453682516712, 0.01999299960021128]], "chi2_level": 0.99, "chi2_df": 3, "chi2_threshold": 11.344866730144373, "N_raw": 96, "N_roi": 96, "N_inlier": 94, "refit": true}
{"timestamp": "17:33:45.475735", "frame": 58, "mu": [-0.38720167316357235, 0.901924351845874, 1.3068136955107763], "Sigma": [[0.006868673907405152, -0.005530580180992887, -0.00892753856315896], [-0.005530580180992887, 0.007272027347721951, 0.0037597325735073696], [-0.00892753856315896, 0.00375973257350737, 0.025202282258355503]], "chi2_level": 0.99, "chi2_df": 3, "chi2_threshold": 11.344866730144373, "N_raw": 120, "N_roi": 120, "N_inlier": 118, "refit": true}
{"timestamp": "17:33:45.524742", "frame": 59, "mu": [-0.4322124528872774, 1.0349571237248578, -0.3843491053403455], "Sigma": [[0.0032610235698226474, -0.0028595058893178867, -0.0053208847926856095], [-0.0028595058893178867, 0.005825533145612921, 0.00047700598730307975], [-0.0053208847926856095, 0.00047700598730307986, 0.021191944584614986]], "chi2_level": 0.99, "chi2_df": 3, "chi2_threshold": 11.344866730144373, "N_raw": 74, "N_roi": 74, "N_inlier": 72, "refit": true}
{"timestamp": "17:33:45.580185", "frame": 60, "mu": [-0.5305492423105235, 0.9307649044920736, 1.4163972442771955], "Sigma": [[0.00416328183410829, -0.004132567250436979, -0.006040482733589869], [-0.004132567250436978, 0.007667111668608847, 0.005162579036952343], [-0.00604048273358987, 0.005162579036952343, 0.016907690754135996]], "chi2_level": 0.99, "chi2_df": 3, "chi2_threshold": 11.344866730144373, "N_raw": 72, "N_roi": 72, "N_inlier": 67, "refit": true}
{"timestamp": "17:33:45.627477", "frame": 61, "mu": [-0.7043631213984287, 0.9140478191424013, 1.246088424348357], "Sigma": [[0.038030252224495, 0.020627470633541097, -0.031427734999332164], [0.020627470633541097, 0.01830743830358307, -0.026004209118621464], [-0.031427734999332164, -0.026004209118621464, 0.2535958531030795]], "chi2_level": 0.99, "chi2_df": 3, "chi2_threshold": 11.344866730144373, "N_raw": 24, "N_roi": 24, "N_inlier": 24, "refit": true}
{"timestamp": "17:33:45.688858", "frame": 62, "mu": [-0.5918987212611033, 0.8722391013620537, 1.2254623748734856], "Sigma": [[0.00764784384008035, -0.001655900942248184, -0.005539946993959861], [-0.0016559009422481845, 0.008741282642823854, -0.006709132719262239], [-0.005539946993959861, -0.00670913271926224, 0.013380949348818479]], "chi2_level": 0.99, "chi2_df": 3, "chi2_threshold": 11.344866730144373, "N_raw": 70, "N_roi": 67, "N_inlier": 60, "refit": true}
{"timestamp": "17:33:45.739766", "frame": 63, "mu": [-0.6739326700138605, 0.9759849957082327, 1.1759129458855808], "Sigma": [[0.0033345006778234968, -0.002776151208408144, 0.0006360232984041804], [-0.002776151208408144, 0.004572681947471238, -0.008146198372294185], [0.0006360232984041806, -0.008146198372294185, 0.11137992388719438]], "chi2_level": 0.99, "chi2_df": 3, "chi2_threshold": 11.344866730144373, "N_raw": 39, "N_roi": 39, "N_inlier": 36, "refit": true}
{"timestamp": "17:33:45.797042", "frame": 64, "mu": [-0.818825410230061, 0.8871954059106187, 1.4076795258438555], "Sigma": [[0.02878436998937127, 0.009529115993107441, -0.01664410688966182], [0.009529115993107441, 0.00688564127020148, -0.008787269603601646], [-0.01664410688966182, -0.008787269603601645, 0.013405194112515251]], "chi2_level": 0.99, "chi2_df": 3, "chi2_threshold": 11.344866730144373, "N_raw": 64, "N_roi": 64, "N_inlier": 63, "refit": true}
{"timestamp": "17:33:45.848287", "frame": 65, "mu": [-0.8762986470951396, 0.8415334816222568, 1.2317108392656584], "Sigma": [[0.04937850911746877, 0.017347877471496333, -0.0761729576000577], [0.017347877471496333, 0.009065366633573138, -0.030032301798919053], [-0.0761729576000577, -0.030032301798919053, 0.13374045346718041]], "chi2_level": 0.99, "chi2_df": 3, "chi2_threshold": 11.344866730144373, "N_raw": 34, "N_roi": 34, "N_inlier": 32, "refit": true}
{"timestamp": "17:33:45.908036", "frame": 66, "mu": [-1.1070758048212874, 0.8101603818856178, 1.635284566192841], "Sigma": [[0.011246718657624208, 0.006638726730139977, -0.007027630045815528], [0.006638726730139977, 0.009600836012076333, -0.008245947170759705], [-0.007027630045815527, -0.008245947170759705, 0.007922154598819094]], "chi2_level": 0.99, "chi2_df": 3, "chi2_threshold": 11.344866730144373, "N_raw": 72, "N_roi": 72, "N_inlier": 70, "refit": true}
{"timestamp": "17:33:45.962553", "frame": 67, "mu": [-1.1064614630639924, 0.8548849070133361, 1.5521309861537074], "Sigma": [[0.01427176342125694, 0.005566344162482749, -0.009717901890629158], [0.005566344162482749, 0.006256413169584937, -0.006830443804561338], [-0.009717901890629158, -0.006830443804561338, 0.010839848566401253]], "chi2_level": 0.99, "chi2_df": 3, "chi2_threshold": 11.344866730144373, "N_raw": 62, "N_roi": 62, "N_inlier": 59, "refit": true}
{"timestamp": "17:33:46.020385", "frame": 68, "mu": [-1.0425626332156124, 0.8259851974757618, -0.44539358174465604], "Sigma": [[0.023385196035538323, 0.00535729584825515, 0.010167388467552538], [0.00535729584825515, 0.00564387289197657, 0.009762137073841402], [0.01016738846755254, 0.009762137073841402, 0.18458464157706614]], "chi2_level": 0.99, "chi2_df": 3, "chi2_threshold": 11.344866730144373, "N_raw": 81, "N_roi": 81, "N_inlier": 79, "refit": true}
{"timestamp": "17:33:46.079428", "frame": 69, "mu": [-1.0804786321667894, 0.8346670272139958, -0.05609154517500385], "Sigma": [[0.028071141159241177, 0.015711052488029082, 0.07629577517179742], [0.015711052488029082, 0.018916910496110557, 0.049011333452107904], [0.07629577517179742, 0.049011333452107904, 0.541464595159942]], "chi2_level": 0.99, "chi2_df": 3, "chi2_threshold": 11.344866730144373, "N_raw": 111, "N_roi": 110, "N_inlier": 110, "refit": true}
{"timestamp": "17:33:46.134845", "frame": 70, "mu": [-1.1264495396420349, 0.8043489978295294, 1.2810552762915521], "Sigma": [[0.018112866834829815, 0.009195897843901122, -0.024921558148963914], [0.009195897843901124, 0.017584092702577405, -0.03554081768680706], [-0.024921558148963917, -0.03554081768680706, 0.09519684561853432]], "chi2_level": 0.99, "chi2_df": 3, "chi2_threshold": 11.344866730144373, "N_raw": 111, "N_roi": 111, "N_inlier": 111, "refit": true}
{"timestamp": "17:33:46.187960", "frame": 71, "mu": [-1.1710962672887764, 0.7800529628681877, 1.2911156830117345], "Sigma": [[0.015560987322423338, 0.012232882726037345, -0.02021954339644233], [0.012232882726037345, 0.019409059755553605, -0.03027097008445354], [-0.020219543396442333, -0.03027097008445354, 0.07147727350684116]], "chi2_level": 0.99, "chi2_df": 3, "chi2_threshold": 11.344866730144373, "N_raw": 94, "N_roi": 94, "N_inlier": 89, "refit": true}
{"timestamp": "17:33:46.242765", "frame": 72, "mu": [-1.2145092531941875, 0.778169861057282, 1.3744668234088575], "Sigma": [[0.01490538601981506, 0.0033681428746091878, -0.010622937354224593], [0.0033681428746091878, 0.01320315088892954, -0.003954118348443373], [-0.010622937354224593, -0.003954118348443372, 0.012679188205411406]], "chi2_level": 0.99, "chi2_df": 3, "chi2_threshold": 11.344866730144373, "N_raw": 95, "N_roi": 95, "N_inlier": 92, "refit": true}
{"timestamp": "17:33:46.300670", "frame": 73, "mu": [-1.229843651392183, 0.8204481417901167, 1.4125918663159032], "Sigma": [[0.021545189045552533, 0.00611292634475029, -0.00786584986285175], [0.00611292634475029, 0.008423370701030913, -0.007119105389695258], [-0.00786584986285175, -0.007119105389695258, 0.007437013600084937]], "chi2_level": 0.99, "chi2_df": 3, "chi2_threshold": 11.344866730144373, "N_raw": 121, "N_roi": 121, "N_inlier": 119, "refit": true}
{"timestamp": "17:33:46.351023", "frame": 74, "mu": [-1.2719071218218168, 0.7918791418284259, 1.3776908379959991], "Sigma": [[0.018176862646960504, 0.0052802933837999486, -0.012299830095440053], [0.0052802933837999486, 0.017068463311817786, 0.0023996818760407173], [-0.012299830095440051, 0.002399681876040718, 0.02382869269033963]], "chi2_level": 0.99, "chi2_df": 3, "chi2_threshold": 11.344866730144373, "N_raw": 85, "N_roi": 84, "N_inlier": 80, "refit": true}
{"timestamp": "17:33:46.402463", "frame": 75, "mu": [-1.247754255143814, 0.8314091163593719, 1.3140147699173113], "Sigma": [[0.012629069645085195, 0.008186165072519569, -0.004150996358005343], [0.008186165072519569, 0.008853805235541358, -0.004592847733067378], [-0.004150996358005343, -0.004592847733067378, 0.012523853637041246]], "chi2_level": 0.99, "chi2_df": 3, "chi2_threshold": 11.344866730144373, "N_raw": 60, "N_roi": 60, "N_inlier": 57, "refit": true}
{"timestamp": "17:33:46.458389", "frame": 76, "mu": [-1.300076721792839, 0.8995982015754619, 1.4572515872495686], "Sigma": [[0.013917691395381735, 0.0034456059503828497, -0.012229337492421038], [0.0034456059503828497, 0.005414122131334731, -0.004506487433596381], [-0.012229337492421038, -0.004506487433596381, 0.015634111775441318]], "chi2_level": 0.99, "chi2_df": 3, "chi2_threshold": 11.344866730144373, "N_raw": 68, "N_roi": 68, "N_inlier": 64, "refit": true}
{"timestamp": "17:33:46.516358", "frame": 77, "mu": [-1.3052401279624462, 0.8776391385301886, 1.3473653679355382], "Sigma": [[0.015320831865951878, 0.00915314209412271, -0.003661955507513476], [0.00915314209412271, 0.013988833164688531, -0.0057093825564548655], [-0.0036619555075134754, -0.0057093825564548655, 0.0035408113217427904]], "chi2_level": 0.99, "chi2_df": 3, "chi2_threshold": 11.344866730144373, "N_raw": 92, "N_roi": 92, "N_inlier": 91, "refit": true}
{"timestamp": "17:33:46.566775", "frame": 78, "mu": [-1.3526080698537264, 0.9662139286613185, 1.5170584119802228], "Sigma": [[0.015204632370732376, 0.005762671481615569, -0.0068256660701499685], [0.005762671481615569, 0.005944794016415274, -0.005599176211455883], [-0.0068256660701499685, -0.005599176211455883, 0.007379038868903689]], "chi2_level": 0.99, "chi2_df": 3, "chi2_threshold": 11.344866730144373, "N_raw": 59, "N_roi": 59, "N_inlier": 56, "refit": true}
{"timestamp": "17:33:46.628374", "frame": 79, "mu": [-1.2778935881845546, 1.160365936288194, -0.5098930564054821], "Sigma": [[0.013743319970496564, 0.008611190653793791, -0.012826116724703306], [0.008611190653793791, 0.011782228188420441, -0.016788120565241125], [-0.012826116724703306, -0.016788120565241125, 0.04957991150260697]], "chi2_level": 0.99, "chi2_df": 3, "chi2_threshold": 11.344866730144373, "N_raw": 100, "N_roi": 100, "N_inlier": 100, "refit": true}
{"timestamp": "17:33:46.680232", "frame": 80, "mu": [-1.3574510055096747, 1.0436804902770678, 1.4719435594079249], "Sigma": [[0.02016281029801912, 0.006973288615561583, -0.017760795149383203], [0.006973288615561583, 0.008845548409802638, -0.005910976759661702], [-0.017760795149383203, -0.005910976759661701, 0.016046047661081395]], "chi2_level": 0.99, "chi2_df": 3, "chi2_threshold": 11.344866730144373, "N_raw": 74, "N_roi": 74, "N_inlier": 72, "refit": true}
{"timestamp": "17:33:46.734806", "frame": 81, "mu": [-1.3657795484121888, 0.9920623601232272, 1.206970370099715], "Sigma": [[0.01661121425368401, 0.01937068158944892, -0.00470946024315627], [0.01937068158944892, 0.04600320059292861, 0.024592380203387488], [-0.004709460243156269, 0.024592380203387488, 0.06266836643908484]], "chi2_level": 0.99, "chi2_df": 3, "chi2_threshold": 11.344866730144373, "N_raw": 75, "N_roi": 75, "N_inlier": 73, "refit": true}
{"timestamp": "17:33:46.795691", "frame": 82, "mu": [-1.3999397181880586, 1.074970209640432, -0.03087013468348007], "Sigma": [[0.02091816224467525, 0.017733829145459158, 0.09109628362153108], [0.017733829145459158, 0.03877362795936241, 0.07870532502851058], [0.09109628362153106, 0.07870532502851058, 0.6380473666894032]], "chi2_level": 0.99, "chi2_df": 3, "chi2_threshold": 11.344866730144373, "N_raw": 119, "N_roi": 119, "N_inlier": 114, "refit": true}
{"timestamp": "17:33:46.846625", "frame": 83, "mu": [-1.3942366600877123, 1.1371428980786527, 1.3895407838550642], "Sigma": [[0.018129159563167352, 0.010110709367734231, -0.011019908617701366], [0.010110709367734231, 0.010409024745292301, -0.009846665298918623], [-0.011019908617701366, -0.009846665298918622, 0.013888167275089637]], "chi2_level": 0.99, "chi2_df": 3, "chi2_threshold": 11.344866730144373, "N_raw": 85, "N_roi": 85, "N_inlier": 81, "refit": true}
{"timestamp": "17:33:46.906592", "frame": 84, "mu": [-1.4335382441698021, 1.2479908617684108, 0.3832725453162197], "Sigma": [[0.023284713126438643, 0.00546630886939601, 0.07222398737588558], [0.005466308869396008, 0.009562386597632337, 0.02415558319355359], [0.07222398737588559, 0.024155583193553588, 0.5228057726371237]], "chi2_level": 0.99, "chi2_df": 3, "chi2_threshold": 11.344866730144373, "N_raw": 116, "N_roi": 116, "N_inlier": 116, "refit": true}
{"timestamp": "17:33:46.962616", "frame": 85, "mu": [-1.4092944474531737, 1.2239292438185803, 1.15735131159201], "Sigma": [[0.02344538260874302, 0.012003213955555276, -0.0485676007381345], [0.012003213955555276, 0.01455737949147057, -0.03760498200521484], [-0.04856760073813451, -0.03760498200521484, 0.2448431429699617]], "chi2_level": 0.99, "chi2_df": 3, "chi2_threshold": 11.344866730144373, "N_raw": 123, "N_roi": 123, "N_inlier": 123, "refit": true}
{"timestamp": "17:33:47.014384", "frame": 86, "mu": [-1.461953944611589, 1.244238880279719, 1.488631657095881], "Sigma": [[0.023149438828874356, 0.005427621681500294, -0.03098654796185018], [0.005427621681500294, 0.013997697205432978, -0.004328573261240544], [-0.03098654796185018, -0.004328573261240543, 0.04664763022472429]], "chi2_level": 0.99, "chi2_df": 3, "chi2_threshold": 11.344866730144373, "N_raw": 107, "N_roi": 107, "N_inlier": 102, "refit": true}
{"timestamp": "17:33:47.068569", "frame": 87, "mu": [-1.5307473973600745, 1.2708059170351704, 1.4673965730999283], "Sigma": [[0.02668859425428137, 0.01345511100999933, -0.035745471961403714], [0.013455111009999332, 0.016503140313741962, -0.04205922361990383], [-0.03574547196140372, -0.04205922361990383, 0.18998072125370363]], "chi2_level": 0.99, "chi2_df": 3, "chi2_threshold": 11.344866730144373, "N_raw": 93, "N_roi": 93, "N_inlier": 92, "refit": true}
{"timestamp": "17:33:47.120021", "frame": 88, "mu": [-1.6303239773375489, 1.2762152683523407, 1.7429028853251467], "Sigma": [[0.022952399834164437, 0.013878985360583147, -0.016259374153546745], [0.013878985360583147, 0.015061773546476637, -0.013831948221569742], [-0.01625937415354675, -0.013831948221569742, 0.01664298687503825]], "chi2_level": 0.99, "chi2_df": 3, "chi2_threshold": 11.344866730144373, "N_raw": 74, "N_roi": 74, "N_inlier": 73, "refit": true}
{"timestamp": "17:33:47.175423", "frame": 89, "mu": [-1.535469443638124, 1.3247924052939788, 1.5063846835554422], "Sigma": [[0.032761869111486305, 0.015664347625229197, -0.02734174365287277], [0.015664347625229197, 0.011711226962658682, -0.015107153778450098], [-0.027341743652872768, -0.015107153778450096, 0.029540993380978865]], "chi2_level": 0.99, "chi2_df": 3, "chi2_threshold": 11.344866730144373, "N_raw": 82, "N_roi": 82, "N_inlier": 80, "refit": true}
{"timestamp": "17:33:47.227402", "frame": 90, "mu": [-1.6039323171718556, 1.325950474914711, 1.6474718012944392], "Sigma": [[0.041175010451743946, 0.018997998310392786, -0.04360546171793084], [0.018997998310392783, 0.01527250250305462, -0.021756498540068198], [-0.04360546171793084, -0.021756498540068198, 0.05055700748198376]], "chi2_level": 0.99, "chi2_df": 3, "chi2_threshold": 11.344866730144373, "N_raw": 70, "N_roi": 70, "N_inlier": 67, "refit": true}
{"timestamp": "17:33:47.286412", "frame": 91, "mu": [-1.577849820146184, 1.4101531001888288, 1.591018008506912], "Sigma": [[0.029289222775403374, 0.013911534489940622, -0.03170331441410262], [0.013911534489940622, 0.01526611074755234, -0.013299308854908197], [-0.03170331441410262, -0.013299308854908199, 0.0374387292867448]], "chi2_level": 0.99, "chi2_df": 3, "chi2_threshold": 11.344866730144373, "N_raw": 88, "N_roi": 88, "N_inlier": 85, "refit": true}
{"timestamp": "17:33:47.337426", "frame": 92, "mu": [-1.5114292770880167, 1.4590281630244253, 1.3880211445489896], "Sigma": [[0.06243380881022176, 0.01766425642161549, -0.08038345731296992], [0.01766425642161549, 0.008892198231748192, -0.02405408227513249], [-0.08038345731296992, -0.02405408227513249, 0.10947424405358706]], "chi2_level": 0.99, "chi2_df": 3, "chi2_threshold": 11.344866730144373, "N_raw": 37, "N_roi": 37, "N_inlier": 35, "refit": true}
{"timestamp": "17:33:47.393296", "frame": 93, "mu": [-1.5638320004145692, 1.5189338595040824, 1.3613771252411664], "Sigma": [[0.023546587894314013, 0.013561369567135828, -0.01812304465363255], [0.013561369567135828, 0.012022189959834633, -0.01414617450728188], [-0.018123044653632545, -0.01414617450728188, 0.01943617936946717]], "chi2_level": 0.99, "chi2_df": 3, "chi2_threshold": 11.344866730144373, "N_raw": 70, "N_roi": 70, "N_inlier": 67, "refit": true}
{"timestamp": "17:33:47.446984", "frame": 94, "mu": [-1.4972694895039471, 1.6497921507090512, 1.4198815885077505], "Sigma": [[0.01336748800810005, 0.0018180610332702758, -0.015847781754328154], [0.0018180610332702758, 0.009591026085869958, 0.0011271643400599782], [-0.015847781754328154, 0.0011271643400599786, 0.02245716992923124]], "chi2_level": 0.99, "chi2_df": 3, "chi2_threshold": 11.344866730144373, "N_raw": 55, "N_roi": 55, "N_inlier": 53, "refit": true}
{"timestamp": "17:33:47.504888", "frame": 95, "mu": [-1.5655457299295978, 1.689763456769189, 1.3665838977660825], "Sigma": [[0.01582103653739696, 0.008090392769651705, -0.008474173567513607], [0.008090392769651705, 0.011046388618866755, -0.01188406493484924], [-0.008474173567513607, -0.011884064934849238, 0.015497614222931179]], "chi2_level": 0.99, "chi2_df": 3, "chi2_threshold": 11.344866730144373, "N_raw": 74, "N_roi": 74, "N_inlier": 73, "refit": true}
{"timestamp": "17:33:47.557074", "frame": 96, "mu": [-1.4671607830346212, 1.8334091281423661, 1.3729445078681632], "Sigma": [[0.008849098277722374, 0.0007877781094855127, -0.005338076282910686], [0.0007877781094855127, 0.006189747871939148, -0.0013928505373052872], [-0.005338076282910686, -0.0013928505373052872, 0.015047774806450571]], "chi2_level": 0.99, "chi2_df": 3, "chi2_threshold": 11.344866730144373, "N_raw": 52, "N_roi": 52, "N_inlier": 50, "refit": true}
{"timestamp": "17:33:47.606116", "frame": 97, "mu": [-1.513587981485158, 1.858263928578887, 0.8725102136137891], "Sigma": [[0.009010439920604362, -0.003402791915177809, -0.01064290984528345], [-0.003402791915177809, 0.0030371169107507095, -0.0034269086819722905], [-0.010642909845283448, -0.0034269086819722905, 0.2648663563053557]], "chi2_level": 0.99, "chi2_df": 3, "chi2_threshold": 11.344866730144373, "N_raw": 16, "N_roi": 16, "N_inlier": 15, "refit": true}
