{"timestamp": "17:46:04.103466", "frame": 1, "mu": [-0.5975198079992857, 0.12370593020568545, 0.9749383587232399], "Sigma": [[0.006793329973358881, 0.0017467794959595342, 0.039815229995450264], [0.0017467794959595345, 0.002191067522602068, 0.017537982063580027], [0.039815229995450264, 0.017537982063580024, 0.2965753416364316]], "chi2_level": 0.95, "chi2_df": 3, "chi2_threshold": 7.814727903251179, "N_raw": 9, "N_roi": 9, "N_inlier": 8, "refit": true}
{"timestamp": "17:46:04.162405", "frame": 2, "mu": [-0.5918506327769232, 0.1562561138928865, 1.292538598998346], "Sigma": [[0.001607117655141267, 0.0006990565850153176, -9.147361702586468e-05], [0.0006990565850153176, 0.0010635945766417517, -0.0008676025696356057], [-9.147361702586474e-05, -0.0008676025696356058, 0.006863960859073015]], "chi2_level": 0.95, "chi2_df": 3, "chi2_threshold": 7.814727903251179, "N_raw": 42, "N_roi": 41, "N_inlier": 35, "refit": true}
{"timestamp": "17:46:04.219380", "frame": 3, "mu": [-0.5484849716461387, 0.4189083545201704, -0.6473778090354715], "Sigma": [[0.0014746307207635565, -0.0003269825545944424, 0.0004558296808801376], [-0.00032698255459444244, 0.0022638184931519974, -0.001687346411864926], [0.0004558296808801376, -0.001687346411864926, 0.0017376329552312244]], "chi2_level": 0.95, "chi2_df": 3, "chi2_threshold": 7.814727903251179, "N_raw": 41, "N_roi": 41, "N_inlier": 37, "refit": true}
{"timestamp": "17:46:04.273520", "frame": 4, "mu": [-0.571100993178512, 0.4923965324454471, -0.5869497363220721], "Sigma": [[0.0075317276395151355, 0.0017302576630766442, 0.0031879467445153882], [0.0017302576630766442, 0.005840235594059434, -0.017968104819862864], [0.0031879467445153882, -0.01796810481986286, 0.06841392401178518]], "chi2_level": 0.95, "chi2_df": 3, "chi2_threshold": 7.814727903251179, "N_raw": 33, "N_roi": 33, "N_inlier": 29, "refit": true}
{"timestamp": "17:46:04.332896", "frame": 5, "mu": [-0.5869841084916841, 0.5542785846061874, -0.5374643488450006], "Sigma": [[0.011913312514052051, 0.007026698110927037, -0.01485547503417], [0.007026698110927037, 0.00673355469627586, -0.012218972684589735], [-0.01485547503417, -0.012218972684589737, 0.025152092161812988]], "chi2_level": 0.95, "chi2_df": 3, "chi2_threshold": 7.814727903251179, "N_raw": 60, "N_roi": 60, "N_inlier": 54, "refit": true}
{"timestamp": "17:46:04.385795", "frame": 6, "mu": [-0.685444895068284, 0.3666149471612273, 1.5290408737408014], "Sigma": [[0.010965560563679295, 0.0038451882670449723, -0.0052139246226561315], [0.0038451882670449723, 0.0021470318653755895, -0.003655041745589845], [-0.0052139246226561315, -0.0036550417455898454, 0.014277582045224965]], "chi2_level": 0.95, "chi2_df": 3, "chi2_threshold": 7.814727903251179, "N_raw": 46, "N_roi": 45, "N_inlier": 42, "refit": true}
{"timestamp": "17:46:04.447555", "frame": 7, "mu": [-0.5815618816594779, 0.45888493852235607, 1.4071198928878281], "Sigma": [[0.020227712618278836, 0.003279580078779193, -0.0222765350587689], [0.003279580078779193, 0.0018736800289224287, -0.006214111206760008], [-0.0222765350587689, -0.006214111206760008, 0.03741879852707014]], "chi2_level": 0.95, "chi2_df": 3, "chi2_threshold": 7.814727903251179, "N_raw": 96, "N_roi": 96, "N_inlier": 92, "refit": true}
{"timestamp": "17:46:04.499916", "frame": 8, "mu": [-0.5116171367676466, 0.5393194676942432, 1.2952751073937738], "Sigma": [[0.0022829243306652152, -0.000741078957875071, 0.00024690551854480525], [-0.0007410789578750712, 0.0017465637539185155, -0.0026325451117376374], [0.00024690551854480525, -0.0026325451117376374, 0.007426855667880121]], "chi2_level": 0.95, "chi2_df": 3, "chi2_threshold": 7.814727903251179, "N_raw": 66, "N_roi": 66, "N_inlier": 63, "refit": true}
{"timestamp": "17:46:04.556876", "frame": 9, "mu": [-0.4871072961698471, 0.5901380410993317, 1.2484525809358482], "Sigma": [[0.00479832521290959, -0.002062907748628974, 0.001217359340177191], [-0.002062907748628974, 0.0016027563735260516, -0.0018191102819573428], [0.001217359340177191, -0.0018191102819573428, 0.005355983664011216]], "chi2_level": 0.95, "chi2_df": 3, "chi2_threshold": 7.814727903251179, "N_raw": 90, "N_roi": 90, "N_inlier": 77, "refit": true}
{"timestamp": "17:46:04.612639", "frame": 10, "mu": [-0.5589004147904633, 0.7560735253057839, -0.492424342913082], "Sigma": [[0.030141869150862824, 0.012930483705055581, -0.030999416964175356], [0.012930483705055581, 0.010773754452455516, -0.01843574428757917], [-0.03099941696417536, -0.018435744287579166, 0.038371231419691024]], "chi2_level": 0.95, "chi2_df": 3, "chi2_threshold": 7.814727903251179, "N_raw": 89, "N_roi": 89, "N_inlier": 86, "refit": true}
{"timestamp": "17:46:04.658050", "frame": 11, "mu": [-0.7785572917458405, 0.6252532092491934, 1.4810806373442886], "Sigma": [[0.03176756792891548, 0.012570327837643126, -0.04655744918044911], [0.012570327837643124, 0.01103385061952226, -0.03751020860453733], [-0.0465574491804491, -0.03751020860453733, 0.15331773795391873]], "chi2_level": 0.95, "chi2_df": 3, "chi2_threshold": 7.814727903251179, "N_raw": 28, "N_roi": 28, "N_inlier": 25, "refit": true}
{"timestamp": "17:46:04.712058", "frame": 12, "mu": [-0.5462506935418959, 0.906363504871082, -0.6327340250509599], "Sigma": [[0.0014174687068424995, 0.0011159710580891946, -0.0022214129384804746], [0.0011159710580891948, 0.0024527570319968542, -0.005873234688558132], [-0.0022214129384804746, -0.005873234688558132, 0.018302191481550413]], "chi2_level": 0.95, "chi2_df": 3, "chi2_threshold": 7.814727903251179, "N_raw": 24, "N_roi": 24, "N_inlier": 21, "refit": true}
{"timestamp": "17:46:04.773668", "frame": 13, "mu": [-0.5743974361560052, 0.8196411891564312, 1.2867086026320138], "Sigma": [[0.00297005485113367, 0.0012766521092920915, -0.006780910833949659], [0.0012766521092920915, 0.0015723842705816357, -0.005754520235906254], [-0.006780910833949659, -0.005754520235906254, 0.029910527709834836]], "chi2_level": 0.95, "chi2_df": 3, "chi2_threshold": 7.814727903251179, "N_raw": 68, "N_roi": 68, "N_inlier": 66, "refit": true}
{"timestamp": "17:46:04.828465", "frame": 14, "mu": [-0.6759319400525413, 0.8261425934475515, 1.3191435925715187], "Sigma": [[0.04186088612273628, 0.013249020034916473, -0.0644097295980316], [0.013249020034916473, 0.005605270141461776, -0.020056853810357225], [-0.0644097295980316, -0.020056853810357222, 0.13273581621581984]], "chi2_level": 0.95, "chi2_df": 3, "chi2_threshold": 7.814727903251179, "N_raw": 60, "N_roi": 60, "N_inlier": 59, "refit": true}
{"timestamp": "17:46:04.885332", "frame": 15, "mu": [-0.6665023875452141, 1.1058556854886652, -0.29076991613021697], "Sigma": [[0.003597928231359287, -0.0006701591682753568, -0.001647013284308432], [-0.000670159168275357, 0.004831636265197065, -0.005695933561330323], [-0.001647013284308432, -0.005695933561330324, 0.010005304798426507]], "chi2_level": 0.95, "chi2_df": 3, "chi2_threshold": 7.814727903251179, "N_raw": 76, "N_roi": 75, "N_inlier": 70, "refit": true}
{"timestamp": "17:46:04.942348", "frame": 16, "mu": [-0.6101444793146648, 1.0137880702710074, 1.0533528117146918], "Sigma": [[0.004589659823869378, 0.0012369153886897426, -0.010543781208795575], [0.0012369153886897426, 0.001404931874090018, -0.003467033892549801], [-0.010543781208795573, -0.003467033892549801, 0.06858607341203936]], "chi2_level": 0.95, "chi2_df": 3, "chi2_threshold": 7.814727903251179, "N_raw": 85, "N_roi": 85, "N_inlier": 72, "refit": true}
{"timestamp": "17:46:04.995798", "frame": 17, "mu": [-0.589647040998481, 1.3044814111180185, -0.5460862510026935], "Sigma": [[0.003766021656088643, -0.001174968473868907, 0.002495033776914993], [-0.001174968473868907, 0.006621108555230473, -0.02037066649374756], [0.002495033776914993, -0.02037066649374756, 0.07282988947252003]], "chi2_level": 0.95, "chi2_df": 3, "chi2_threshold": 7.814727903251179, "N_raw": 76, "N_roi": 75, "N_inlier": 70, "refit": true}
{"timestamp": "17:46:05.052218", "frame": 18, "mu": [-0.6531064074387457, 1.187859364450996, 1.321350537538704], "Sigma": [[0.0054430967777520005, -0.0014080409516848526, -0.006440874503884166], [-0.0014080409516848522, 0.001720687966502449, -0.0014229280611462614], [-0.006440874503884166, -0.0014229280611462614, 0.03529316607279599]], "chi2_level": 0.95, "chi2_df": 3, "chi2_threshold": 7.814727903251179, "N_raw": 87, "N_roi": 87, "N_inlier": 81, "refit": true}
{"timestamp": "17:46:05.104479", "frame": 19, "mu": [-0.6668499009119541, 1.2387656459912915, 1.2345548223722231], "Sigma": [[0.0050855473319155265, -0.001165284482354309, -0.011468217653524236], [-0.001165284482354309, 0.0028096157383322973, -0.003532896177459376], [-0.011468217653524236, -0.003532896177459376, 0.0896374229132712]], "chi2_level": 0.95, "chi2_df": 3, "chi2_threshold": 7.814727903251179, "N_raw": 66, "N_roi": 66, "N_inlier": 63, "refit": true}
{"timestamp": "17:46:05.160701", "frame": 20, "mu": [-0.6850647058736085, 1.3190505915703594, 1.21398440035674], "Sigma": [[0.00523366461013203, 0.0008485407077067455, -0.01152571188662204], [0.0008485407077067457, 0.0050025787848168276, -0.019065108414668925], [-0.01152571188662204, -0.019065108414668925, 0.09170982287526022]], "chi2_level": 0.95, "chi2_df": 3, "chi2_threshold": 7.814727903251179, "N_raw": 70, "N_roi": 70, "N_inlier": 66, "refit": true}
{"timestamp": "17:46:05.215138", "frame": 21, "mu": [-0.7119136597466393, 1.404779033402113, 1.3557651581721457], "Sigma": [[0.006705349746969549, -0.0027493404464559866, -0.00361686782438461], [-0.0027493404464559866, 0.0069416951407113864, -0.000200589271137787], [-0.00361686782438461, -0.00020058927113778707, 0.0028232157564153744]], "chi2_level": 0.95, "chi2_df": 3, "chi2_threshold": 7.814727903251179, "N_raw": 73, "N_roi": 73, "N_inlier": 67, "refit": true}
{"timestamp": "17:46:05.270915", "frame": 22, "mu": [-0.6721400452305251, 1.4559270026584605, 1.27606774281157], "Sigma": [[0.006582553006994356, -0.0006339945965932481, -0.002802568692577858], [-0.0006339945965932481, 0.002926765292593134, -0.004827568389844725], [-0.002802568692577858, -0.004827568389844726, 0.013576098500772387]], "chi2_level": 0.95, "chi2_df": 3, "chi2_threshold": 7.814727903251179, "N_raw": 82, "N_roi": 82, "N_inlier": 77, "refit": true}
{"timestamp": "17:46:05.321209", "frame": 23, "mu": [-0.7316495738886615, 1.7176116056114896, -0.623042776040157], "Sigma": [[0.00822243559995736, -0.0026534966587611446, 0.010645708441353343], [-0.0026534966587611446, 0.00943179925726555, -0.019806203942713332], [0.010645708441353343, -0.019806203942713332, 0.06809640126835521]], "chi2_level": 0.95, "chi2_df": 3, "chi2_threshold": 7.814727903251179, "N_raw": 50, "N_roi": 50, "N_inlier": 47, "refit": true}
{"timestamp": "17:46:05.386561", "frame": 24, "mu": [-0.7220299187860507, 1.6211799843637045, 1.197964746071125], "Sigma": [[0.007755789437520266, -0.00013251964201231036, 0.0034295333516371515], [-0.00013251964201231034, 0.005004272044172133, -0.010771796563129666], [0.0034295333516371515, -0.010771796563129665, 0.18700716321966085]], "chi2_level": 0.95, "chi2_df": 3, "chi2_threshold": 7.814727903251179, "N_raw": 114, "N_roi": 114, "N_inlier": 110, "refit": true}
{"timestamp": "17:46:05.438230", "frame": 25, "mu": [-0.7157302047003872, 1.6220029685411685, 1.1774141599099073], "Sigma": [[0.008060686268885262, 0.004542647906014734, 0.00465980532965213], [0.004542647906014734, 0.013464076724245847, 0.02983404550381029], [0.00465980532965213, 0.029834045503810285, 0.12422198622143454]], "chi2_level": 0.95, "chi2_df": 3, "chi2_threshold": 7.814727903251179, "N_raw": 93, "N_roi": 93, "N_inlier": 89, "refit": true}
{"timestamp": "17:46:05.496664", "frame": 26, "mu": [-0.7523732691272383, 1.7378442540321615, 1.0610784178844066], "Sigma": [[0.010021655843789034, 0.0007264529419738846, 0.014644612671585245], [0.0007264529419738846, 0.0033059273990375393, 0.004630508859368609], [0.014644612671585245, 0.004630508859368609, 0.16935844537180236]], "chi2_level": 0.95, "chi2_df": 3, "chi2_threshold": 7.814727903251179, "N_raw": 118, "N_roi": 118, "N_inlier": 108, "refit": true}
{"timestamp": "17:46:05.550182", "frame": 27, "mu": [-0.7896180286283325, 1.8094640322753461, 0.9196001814297574], "Sigma": [[0.015354138814743052, 0.00491673312431168, 0.03975558406951287], [0.00491673312431168, 0.004101623910587863, 0.018313695181021303], [0.03975558406951287, 0.018313695181021303, 0.2867622669709184]], "chi2_level": 0.95, "chi2_df": 3, "chi2_threshold": 7.814727903251179, "N_raw": 102, "N_roi": 102, "N_inlier": 100, "refit": true}
{"timestamp": "17:46:05.608601", "frame": 28, "mu": [-0.7341865088192521, 1.8732930388684723, 1.0355353101752436], "Sigma": [[0.013402884089289661, 0.006513849261803116, 0.017519154028395906], [0.006513849261803116, 0.008303359037883517, 0.020856244575432965], [0.017519154028395906, 0.020856244575432965, 0.1783728348844538]], "chi2_level": 0.95, "chi2_df": 3, "chi2_threshold": 7.814727903251179, "N_raw": 128, "N_roi": 128, "N_inlier": 125, "refit": true}
{"timestamp": "17:46:05.663547", "frame": 29, "mu": [-0.7547471635851157, 1.9556650876976136, 0.8681104111985586], "Sigma": [[0.01926259507795332, 0.0011765876305942656, 0.04932724926175093], [0.0011765876305942656, 0.0026716654430665983, 0.008254389407926544], [0.04932724926175093, 0.008254389407926542, 0.3335359483776967]], "chi2_level": 0.95, "chi2_df": 3, "chi2_threshold": 7.814727903251179, "N_raw": 130, "N_roi": 130, "N_inlier": 125, "refit": true}
{"timestamp": "17:46:05.719417", "frame": 30, "mu": [-0.7917302498572012, 2.05534206479279, 0.986144158090145], "Sigma": [[0.02229453827488358, -0.0017447517899438988, 0.03503393913792407], [-0.0017447517899438986, 0.0034375710183193907, -0.011192472638254795], [0.03503393913792407, -0.011192472638254795, 0.1745001134065681]], "chi2_level": 0.95, "chi2_df": 3, "chi2_threshold": 7.814727903251179, "N_raw": 133, "N_roi": 133, "N_inlier": 130, "refit": true}
{"timestamp": "17:46:05.775960", "frame": 31, "mu": [-0.7995969601315869, 2.1277057481899515, 0.9491356329730916], "Sigma": [[0.025388875615290123, -0.00445625749581623, 0.0344855856573305], [-0.00445625749581623, 0.0037502094473908063, -0.019256054938015223], [0.0344855856573305, -0.019256054938015223, 0.1715733588628838]], "chi2_level": 0.95, "chi2_df": 3, "chi2_threshold": 7.814727903251179, "N_raw": 135, "N_roi": 135, "N_inlier": 132, "refit": true}
{"timestamp": "17:46:05.823450", "frame": 32, "mu": [-0.7481576714998162, 2.2395013989535304, -0.07404400380316219], "Sigma": [[0.010787930718054489, 0.0015946721867888469, 0.04324295405827187], [0.001594672186788847, 0.009701935137576669, -0.004490798773599576], [0.04324295405827187, -0.004490798773599576, 0.30442131062880146]], "chi2_level": 0.95, "chi2_df": 3, "chi2_threshold": 7.814727903251179, "N_raw": 88, "N_roi": 88, "N_inlier": 84, "refit": true}
{"timestamp": "17:46:05.874405", "frame": 33, "mu": [-0.757771921405459, 2.249182246571497, 1.275008655026839], "Sigma": [[0.008308673470589495, -0.0012255650872159875, -0.012711657546559282], [-0.0012255650872159878, 0.003698424514527175, -0.0022400821796407294], [-0.012711657546559282, -0.0022400821796407285, 0.03885636803930264]], "chi2_level": 0.95, "chi2_df": 3, "chi2_threshold": 7.814727903251179, "N_raw": 67, "N_roi": 67, "N_inlier": 62, "refit": true}
{"timestamp": "17:46:05.936314", "frame": 34, "mu": [-0.7560456513002778, 2.2400869605475546, 0.9485350099002728], "Sigma": [[0.009597291368826264, -0.0019765628124217725, -0.017025421598301053], [-0.0019765628124217725, 0.006797191781293561, 0.02360264914068238], [-0.017025421598301053, 0.02360264914068238, 0.21557232992196962]], "chi2_level": 0.95, "chi2_df": 3, "chi2_threshold": 7.814727903251179, "N_raw": 120, "N_roi": 120, "N_inlier": 115, "refit": true}
{"timestamp": "17:46:05.987530", "frame": 35, "mu": [-0.8066314980271372, 2.325005646309811, 1.0408914701055716], "Sigma": [[0.011036300881902298, -0.00391905212057492, -0.028085480532362626], [-0.003919052120574919, 0.011409554997540846, 0.04316870605172256], [-0.028085480532362622, 0.04316870605172256, 0.2409303965116921]], "chi2_level": 0.95, "chi2_df": 3, "chi2_threshold": 7.814727903251179, "N_raw": 83, "N_roi": 83, "N_inlier": 80, "refit": true}
{"timestamp": "17:46:06.045449", "frame": 36, "mu": [-0.8249389203950138, 2.349349460805062, 0.7087912447313671], "Sigma": [[0.016073830229370187, 0.00565772789144788, 0.027867680760945972], [0.005657727891447881, 0.0321448881708366, 0.08741215232868968], [0.027867680760945972, 0.08741215232868971, 0.46058784577657264]], "chi2_level": 0.95, "chi2_df": 3, "chi2_threshold": 7.814727903251179, "N_raw": 114, "N_roi": 113, "N_inlier": 102, "refit": true}
{"timestamp": "17:46:06.093488", "frame": 37, "mu": [-0.8122213248441809, 2.470765753886404, 0.7469814179478897], "Sigma": [[0.009193507070378084, -0.003810355339142977, -0.014315258484492957], [-0.003810355339142976, 0.017514852392787383, 0.05061308839024387], [-0.014315258484492959, 0.05061308839024387, 0.24410651049888962]], "chi2_level": 0.95, "chi2_df": 3, "chi2_threshold": 7.814727903251179, "N_raw": 62, "N_roi": 62, "N_inlier": 59, "refit": true}
{"timestamp": "17:46:06.152776", "frame": 38, "mu": [-0.8025025809978834, 2.5999476309823404, 1.0558010943184521], "Sigma": [[0.013618157469854425, -0.00023252793839826847, -0.009017229757428214], [-0.00023252793839826847, 0.0026861498375292947, -0.0015840849696629493], [-0.009017229757428214, -0.0015840849696629493, 0.08166222095883617]], "chi2_level": 0.95, "chi2_df": 3, "chi2_threshold": 7.814727903251179, "N_raw": 97, "N_roi": 97, "N_inlier": 93, "refit": true}
{"timestamp": "17:46:06.204553", "frame": 39, "mu": [-0.8152012143298344, 2.6781539888597643, 1.0350025663992113], "Sigma": [[0.017244463510611298, -0.0008926295540642328, -0.002492612673831923], [-0.0008926295540642329, 0.003081808733256697, -0.003283240272742707], [-0.0024926126738319225, -0.0032832402727427067, 0.00600806087815453]], "chi2_level": 0.95, "chi2_df": 3, "chi2_threshold": 7.814727903251179, "N_raw": 68, "N_roi": 66, "N_inlier": 63, "refit": true}
{"timestamp": "17:46:06.259857", "frame": 40, "mu": [-0.9399972209776766, 2.7466966861173936, 1.194331731710291], "Sigma": [[0.11056114087146307, 0.016469704712316482, 0.010516426778151323], [0.016469704712316482, 0.004468278033210366, -0.0004672381290440954], [0.010516426778151323, -0.0004672381290440954, 0.010960264404026381]], "chi2_level": 0.95, "chi2_df": 3, "chi2_threshold": 7.814727903251179, "N_raw": 74, "N_roi": 74, "N_inlier": 70, "refit": true}
{"timestamp": "17:46:06.315568", "frame": 41, "mu": [-0.9223232030257739, 2.8398796630452425, 0.9673786714481779], "Sigma": [[0.016416252959974526, 0.0008514228524517718, 0.005969705580156564], [0.0008514228524517718, 0.0017456935633701693, -0.009336939821289084], [0.005969705580156563, -0.009336939821289084, 0.0898238738417328]], "chi2_level": 0.95, "chi2_df": 3, "chi2_threshold": 7.814727903251179, "N_raw": 79, "N_roi": 77, "N_inlier": 74, "refit": true}
{"timestamp": "17:46:06.371475", "frame": 42, "mu": [-0.8801327986349285, 2.940755370318684, 1.1411488268022643], "Sigma": [[0.020603121054946202, -0.00516559735490371, 0.018614783495092813], [-0.00516559735490371, 0.008111781160903908, -0.026740003239690086], [0.01861478349509281, -0.026740003239690086, 0.12515464153211717]], "chi2_level": 0.95, "chi2_df": 3, "chi2_threshold": 7.814727903251179, "N_raw": 84, "N_roi": 84, "N_inlier": 81, "refit": true}
{"timestamp": "17:46:06.426709", "frame": 43, "mu": [-0.8889284658313297, 2.93901304777812, 0.730479957917302], "Sigma": [[0.016205791863721883, 0.0015336807732099882, 0.028845553133932576], [0.0015336807732099882, 0.0027444234394634497, 0.01249141714300758], [0.02884555313393258, 0.01249141714300758, 0.349041036934981]], "chi2_level": 0.95, "chi2_df": 3, "chi2_threshold": 7.814727903251179, "N_raw": 91, "N_roi": 91, "N_inlier": 90, "refit": true}
{"timestamp": "17:46:06.482341", "frame": 44, "mu": [-0.890291534065058, 2.98220075856141, 0.7223356825285349], "Sigma": [[0.017590513165769893, 0.0033609069984913186, 0.02630725652332001], [0.003360906998491318, 0.0027077430149935657, -0.0011691276492601748], [0.02630725652332001, -0.001169127649260175, 0.2165118708782691]], "chi2_level": 0.95, "chi2_df": 3, "chi2_threshold": 7.814727903251179, "N_raw": 86, "N_roi": 86, "N_inlier": 84, "refit": true}
{"timestamp": "17:46:06.535536", "frame": 45, "mu": [-0.8750821922162109, 3.0587736394529452, 1.2027829327858188], "Sigma": [[0.016457441470595975, 0.001564362390319108, 0.00097370531460796], [0.0015643623903191081, 0.003213352795063558, -0.005491362755563474], [0.000973705314607961, -0.005491362755563474, 0.025536327811095678]], "chi2_level": 0.95, "chi2_df": 3, "chi2_threshold": 7.814727903251179, "N_raw": 74, "N_roi": 74, "N_inlier": 68, "refit": true}
{"timestamp": "17:46:06.588199", "frame": 46, "mu": [-0.957865394747976, 3.1376147161416497, 1.1147491525254327], "Sigma": [[0.016734549017189543, -0.0007491255948593699, -0.02071355388945246], [-0.00074912559485937, 0.002659204916034011, 0.00030516372493462427], [-0.02071355388945246, 0.00030516372493462405, 0.08346387162229536]], "chi2_level": 0.95, "chi2_df": 3, "chi2_threshold": 7.814727903251179, "N_raw": 72, "N_roi": 72, "N_inlier": 67, "refit": true}
{"timestamp": "17:46:06.643824", "frame": 47, "mu": [-0.9880762400140325, 3.1418949854336393, 0.9222128622755189], "Sigma": [[0.016076125562332694, 0.001448843112977298, -0.0030333420937116917], [0.001448843112977298, 0.0024901076101410736, 0.014129847588135586], [-0.003033342093711691, 0.014129847588135586, 0.13840690557350568]], "chi2_level": 0.95, "chi2_df": 3, "chi2_threshold": 7.814727903251179, "N_raw": 63, "N_roi": 63, "N_inlier": 60, "refit": true}
{"timestamp": "17:46:06.698253", "frame": 48, "mu": [-0.9852287112121108, 3.2937997982164, 1.2376132046734776], "Sigma": [[0.02037198271402192, 0.00016967781581437766, 0.0034796817322836336], [0.00016967781581437772, 0.002241099333937396, -0.0034819459079416556], [0.0034796817322836336, -0.003481945907941655, 0.03072342627645933]], "chi2_level": 0.95, "chi2_df": 3, "chi2_threshold": 7.814727903251179, "N_raw": 64, "N_roi": 63, "N_inlier": 61, "refit": true}
{"timestamp": "17:46:06.750806", "frame": 49, "mu": [-0.9849356789048314, 3.3733836322726014, 1.2754795911970538], "Sigma": [[0.01506113801883468, -0.0006762450829420209, 0.007847448623939627], [-0.0006762450829420209, 0.0020403224338366313, -0.004356141149677693], [0.007847448623939627, -0.004356141149677693, 0.037946712903457025]], "chi2_level": 0.95, "chi2_df": 3, "chi2_threshold": 7.814727903251179, "N_raw": 50, "N_roi": 50, "N_inlier": 48, "refit": true}
{"timestamp": "17:46:06.809581", "frame": 50, "mu": [-0.9398438368352015, 3.437163585737124, 1.3049903434104086], "Sigma": [[0.019388696567968933, 0.000189811333416188, 0.0006132489989034832], [0.00018981133341618796, 0.004745349721310218, -0.0061510438066910075], [0.0006132489989034828, -0.006151043806691008, 0.036284109280533126]], "chi2_level": 0.95, "chi2_df": 3, "chi2_threshold": 7.814727903251179, "N_raw": 76, "N_roi": 76, "N_inlier": 74, "refit": true}
{"timestamp": "17:46:06.864269", "frame": 51, "mu": [-0.9238296505047348, 3.5104546190319064, 1.1890204525680348], "Sigma": [[0.022264508820673067, 0.0016352516173883916, 0.00302393089465317], [0.0016352516173883916, 0.002848861898407712, -0.007578019046363708], [0.0030239308946531695, -0.007578019046363708, 0.03243217936554582]], "chi2_level": 0.95, "chi2_df": 3, "chi2_threshold": 7.814727903251179, "N_raw": 71, "N_roi": 71, "N_inlier": 68, "refit": true}
{"timestamp": "17:46:06.918512", "frame": 52, "mu": [-0.9241615740630069, 3.568483980359701, 1.2697751808604985], "Sigma": [[0.019446742834861183, 0.0009877258797007103, -0.007916137513634937], [0.0009877258797007103, 0.0036631936855503096, -0.006113217123508169], [-0.007916137513634935, -0.006113217123508169, 0.020064786461406033]], "chi2_level": 0.95, "chi2_df": 3, "chi2_threshold": 7.814727903251179, "N_raw": 59, "N_roi": 59, "N_inlier": 55, "refit": true}
{"timestamp": "17:46:06.972588", "frame": 53, "mu": [-0.961787257238174, 3.6179251474141263, 1.17843447186381], "Sigma": [[0.021743343163786157, -0.001198260404738895, -0.013552794153759463], [-0.0011982604047388952, 0.0034227707308415864, -0.008501391754662944], [-0.013552794153759463, -0.008501391754662944, 0.04945702508799897]], "chi2_level": 0.95, "chi2_df": 3, "chi2_threshold": 7.814727903251179, "N_raw": 64, "N_roi": 64, "N_inlier": 58, "refit": true}
{"timestamp": "17:46:07.028415", "frame": 54, "mu": [-0.9190390509727926, 3.6786857523081586, 1.2925717288981298], "Sigma": [[0.015769115305231604, 0.00027863473422945603, -0.010039036290305878], [0.0002786347342294561, 0.005065587526843098, -0.00543059398368014], [-0.010039036290305878, -0.00543059398368014, 0.027649932074876406]], "chi2_level": 0.95, "chi2_df": 3, "chi2_threshold": 7.814727903251179, "N_raw": 61, "N_roi": 61, "N_inlier": 56, "refit": true}
{"timestamp": "17:46:07.080521", "frame": 55, "mu": [-0.935326231342842, 3.736748536713237, 1.3119825466017818], "Sigma": [[0.014339266790489729, 0.001454182428425101, -0.011572773984869306], [0.001454182428425101, 0.0028347504603143006, -0.0033971047133782755], [-0.011572773984869307, -0.0033971047133782755, 0.013178443711028389]], "chi2_level": 0.95, "chi2_df": 3, "chi2_threshold": 7.814727903251179, "N_raw": 40, "N_roi": 39, "N_inlier": 36, "refit": true}
{"timestamp": "17:46:07.132023", "frame": 56, "mu": [-1.0592405015753268, 3.763067668720866, 0.15357188030179433], "Sigma": [[0.02184749817708051, 0.0028845317036406398, 0.03062804450917938], [0.0028845317036406398, 0.005750033719885003, 0.008495356048091283], [0.03062804450917938, 0.008495356048091283, 0.2766351229295844]], "chi2_level": 0.95, "chi2_df": 3, "chi2_threshold": 7.814727903251179, "N_raw": 30, "N_roi": 30, "N_inlier": 29, "refit": true}
{"timestamp": "17:46:07.190942", "frame": 57, "mu": [-0.9137452247888721, 3.839002686184731, 0.9437048738071645], "Sigma": [[0.01244672709456526, 0.0003952186925987745, -0.015605701074022831], [0.00039521869259877463, 0.0018095003817043226, -3.4311945678736034e-05], [-0.01560570107402283, -3.431194567873571e-05, 0.10323044506733078]], "chi2_level": 0.95, "chi2_df": 3, "chi2_threshold": 7.814727903251179, "N_raw": 52, "N_roi": 52, "N_inlier": 49, "refit": true}
{"timestamp": "17:46:07.245031", "frame": 58, "mu": [-0.9660550697725483, 3.90436967006057, 1.3025890021490352], "Sigma": [[0.012019247565110467, 0.002413446703259176, -0.012580256628679273], [0.0024134467032591754, 0.0035453959078923895, -0.0029662275619262], [-0.012580256628679273, -0.0029662275619262, 0.05224930269319115]], "chi2_level": 0.95, "chi2_df": 3, "chi2_threshold": 7.814727903251179, "N_raw": 40, "N_roi": 40, "N_inlier": 38, "refit": true}
{"timestamp": "17:46:07.301037", "frame": 59, "mu": [-0.9464947514277804, 4.001502846599976, 1.1780781171290957], "Sigma": [[0.017471367525912173, 0.0005657932122210263, -0.025967220983875466], [0.0005657932122210262, 0.002647596453983031, -0.0030886457101489996], [-0.025967220983875466, -0.003088645710148999, 0.07991189344071842]], "chi2_level": 0.95, "chi2_df": 3, "chi2_threshold": 7.814727903251179, "N_raw": 51, "N_roi": 51, "N_inlier": 48, "refit": true}
{"timestamp": "17:46:07.355001", "frame": 60, "mu": [-0.9169228764543124, 4.006018373144376, 0.827876656930509], "Sigma": [[0.02403817749207801, -0.008409643937515136, -0.052045542002368265], [-0.008409643937515135, 0.006263046817744942, 0.030333766643167275], [-0.052045542002368265, 0.030333766643167275, 0.2090314059351484]], "chi2_level": 0.95, "chi2_df": 3, "chi2_threshold": 7.814727903251179, "N_raw": 44, "N_roi": 44, "N_inlier": 41, "refit": true}
{"timestamp": "17:46:07.403582", "frame": 61, "mu": [-0.9925951909186109, 4.165551862055191, 0.9342914674089977], "Sigma": [[0.002589360383029547, 0.003411010542591452, -0.005182136285504563], [0.003411010542591452, 0.004674252639426138, -0.006906541173075777], [-0.005182136285504563, -0.0069065411730757755, 0.019926242569825448]], "chi2_level": 0.95, "chi2_df": 3, "chi2_threshold": 7.814727903251179, "N_raw": 6, "N_roi": 5, "N_inlier": 5, "refit": true}
{"timestamp": "17:46:07.464261", "frame": 62, "mu": [-0.9527609274564306, 4.212127378970247, 1.3457184345002258], "Sigma": [[0.017183777399705932, 0.003619034582377758, -0.015623393614318887], [0.003619034582377758, 0.002837376673490637, -0.007058352522597431], [-0.015623393614318887, -0.007058352522597431, 0.027741661061381696]], "chi2_level": 0.95, "chi2_df": 3, "chi2_threshold": 7.814727903251179, "N_raw": 41, "N_roi": 38, "N_inlier": 37, "refit": true}
{"timestamp": "17:46:07.517179", "frame": 63, "mu": [-0.8739993809861961, 4.312255044691323, 1.3340825178548252], "Sigma": [[0.013486096092756415, 0.0026057484544583804, 0.0012040031535182618], [0.0026057484544583804, 0.002144082872267639, -0.0005966870273458518], [0.0012040031535182618, -0.0005966870273458518, 0.002019604041278292]], "chi2_level": 0.95, "chi2_df": 3, "chi2_threshold": 7.814727903251179, "N_raw": 19, "N_roi": 19, "N_inlier": 17, "refit": true}
{"timestamp": "17:46:07.576493", "frame": 64, "mu": [-0.9239318653516236, 4.398635435944635, 0.3674091254829719], "Sigma": [[0.031046750320066704, 0.003319828447954274, -0.009407936543881844], [0.003319828447954274, 0.005771193664480367, -0.003650086262300003], [-0.009407936543881844, -0.003650086262300003, 0.006216089278424483]], "chi2_level": 0.95, "chi2_df": 3, "chi2_threshold": 7.814727903251179, "N_raw": 55, "N_roi": 55, "N_inlier": 52, "refit": true}
{"timestamp": "17:46:07.630823", "frame": 65, "mu": [-0.9231543210054683, 4.434209221338094, 0.41332866542401264], "Sigma": [[0.030247888180408133, 0.005157184082579763, -0.012324984025775249], [0.005157184082579763, 0.004302690904659522, -0.003159051675424817], [-0.012324984025775249, -0.003159051675424817, 0.006407098242303122]], "chi2_level": 0.95, "chi2_df": 3, "chi2_threshold": 7.814727903251179, "N_raw": 46, "N_roi": 46, "N_inlier": 42, "refit": true}
{"timestamp": "17:46:07.685326", "frame": 66, "mu": [-0.9784723056137282, 4.427732266249812, 1.124447202752825], "Sigma": [[0.030787153584384885, 0.003446822231078454, -0.005613499627626976], [0.003446822231078454, 0.0023539104170157373, -0.005357422630326986], [-0.005613499627626976, -0.0053574226303269865, 0.016566689726000627]], "chi2_level": 0.95, "chi2_df": 3, "chi2_threshold": 7.814727903251179, "N_raw": 50, "N_roi": 49, "N_inlier": 45, "refit": true}
{"timestamp": "17:46:07.739583", "frame": 67, "mu": [-0.9946209071253019, 4.4959959050755485, 1.186581844638626], "Sigma": [[0.021938972402651757, 0.0030531133400860883, 0.0004164023369893822], [0.0030531133400860883, 0.0025189765863905655, -0.0030923397335900185], [0.0004164023369893822, -0.0030923397335900185, 0.0071609315557960365]], "chi2_level": 0.95, "chi2_df": 3, "chi2_threshold": 7.814727903251179, "N_raw": 40, "N_roi": 40, "N_inlier": 36, "refit": true}
{"timestamp": "17:46:07.791998", "frame": 68, "mu": [-1.0378709409003233, 4.545944585728935, 1.1838442971800576], "Sigma": [[0.013354789736253588, 0.0024289257764975435, -0.0076770113826566365], [0.0024289257764975435, 0.0025017736430995, -0.002861344955313842], [-0.0076770113826566365, -0.0028613449553138424, 0.007733394612792434]], "chi2_level": 0.95, "chi2_df": 3, "chi2_threshold": 7.814727903251179, "N_raw": 26, "N_roi": 26, "N_inlier": 25, "refit": true}
{"timestamp": "17:46:07.848955", "frame": 69, "mu": [-1.0361447222078601, 4.599613151418065, 1.1070005687946818], "Sigma": [[0.01787441416462011, 0.0029672759625479625, 0.0022974298538043195], [0.0029672759625479625, 0.001267642654989576, -0.0038484591203352177], [0.002297429853804319, -0.0038484591203352173, 0.02818540618105143]], "chi2_level": 0.95, "chi2_df": 3, "chi2_threshold": 7.814727903251179, "N_raw": 35, "N_roi": 35, "N_inlier": 32, "refit": true}
{"timestamp": "17:46:07.900900", "frame": 70, "mu": [-1.09760962451537, 4.616894175571029, 0.7505334758033952], "Sigma": [[0.009527491910704152, -0.0002821321183120006, -0.005550601719085469], [-0.00028213211831200065, 0.0001997682287889036, -0.0004190251879458965], [-0.00555060171908547, -0.0004190251879458964, 0.05795656458339739]], "chi2_level": 0.95, "chi2_df": 3, "chi2_threshold": 7.814727903251179, "N_raw": 14, "N_roi": 14, "N_inlier": 12, "refit": true}
{"timestamp": "17:46:07.958991", "frame": 71, "mu": [-1.0661316359506132, 4.710807370728198, 0.9774661607751355], "Sigma": [[0.020432920760389436, 0.002996762489325318, 0.010159045760047964], [0.0029967624893253177, 0.0009847907241386446, 0.0001584070800634144], [0.010159045760047966, 0.0001584070800634144, 0.10015831625824093]], "chi2_level": 0.95, "chi2_df": 3, "chi2_threshold": 7.814727903251179, "N_raw": 43, "N_roi": 43, "N_inlier": 41, "refit": true}
{"timestamp": "17:46:08.013166", "frame": 72, "mu": [-1.09537873126329, 4.78915333125229, 1.109832732106434], "Sigma": [[0.022922074665057655, 0.002709937560268023, -0.004597004501402885], [0.002709937560268023, 0.0008853263830360257, -0.003735811447915212], [-0.004597004501402886, -0.003735811447915213, 0.03399281193541395]], "chi2_level": 0.95, "chi2_df": 3, "chi2_threshold": 7.814727903251179, "N_raw": 34, "N_roi": 34, "N_inlier": 33, "refit": true}
{"timestamp": "17:46:08.069381", "frame": 73, "mu": [-1.0702689932303846, 4.83937153359674, 1.1469414885478975], "Sigma": [[0.0330689751656638, 0.002835194776705405, 0.01210746527263894], [0.002835194776705405, 0.001277604750213676, -0.0035052822271685047], [0.012107465272638942, -0.0035052822271685047, 0.034763889271951204]], "chi2_level": 0.95, "chi2_df": 3, "chi2_threshold": 7.814727903251179, "N_raw": 46, "N_roi": 46, "N_inlier": 42, "refit": true}
{"timestamp": "17:46:08.123653", "frame": 74, "mu": [-0.9781095385629776, 4.90500284016015, 1.2371778675064595], "Sigma": [[0.02357394268907634, 0.0017853329087432564, -0.005751386126358456], [0.0017853329087432564, 0.0019947641716591413, -0.003937110239154733], [-0.005751386126358456, -0.003937110239154733, 0.011356734156858764]], "chi2_level": 0.95, "chi2_df": 3, "chi2_threshold": 7.814727903251179, "N_raw": 34, "N_roi": 34, "N_inlier": 34, "refit": true}
{"timestamp": "17:46:08.175855", "frame": 75, "mu": [-0.9661318973842983, 4.971105140425983, 1.1501579834153728], "Sigma": [[0.01382305913834088, -0.0011536894430630225, -0.006293952065611291], [-0.0011536894430630227, 0.00045228804412085716, -0.0006143278172216619], [-0.006293952065611291, -0.0006143278172216619, 0.009240296361985636]], "chi2_level": 0.95, "chi2_df": 3, "chi2_threshold": 7.814727903251179, "N_raw": 18, "N_roi": 13, "N_inlier": 12, "refit": true}
{"timestamp": "17:46:08.231558", "frame": 76, "mu": [-0.9366380513745857, 4.982064657578356, 1.3054234223743455], "Sigma": [[0.02881232705624947, 0.001772385960268916, -0.021672202429904152], [0.001772385960268916, 0.00014931595622220915, -0.001204650925895751], [-0.021672202429904152, -0.001204650925895751, 0.017549697172243115]], "chi2_level": 0.95, "chi2_df": 3, "chi2_threshold": 7.814727903251179, "N_raw": 26, "N_roi": 10, "N_inlier": 9, "refit": true}
{"timestamp": "17:46:08.290231", "frame": 77, "mu": [-0.9398179872638641, 4.980244245767336, 1.3327037131849733], "Sigma": [[0.011055593854359275, -9.618166328110797e-05, -0.008489022640942638], [-9.618166328110797e-05, 0.0003219273571333004, 2.9433599439986622e-05], [-0.008489022640942638, 2.9433599439986622e-05, 0.007678226151263357]], "chi2_level": 0.95, "chi2_df": 3, "chi2_threshold": 7.814727903251179, "N_raw": 42, "N_roi": 9, "N_inlier": 8, "refit": true}
