{"timestamp": "18:27:50.094585", "frame": 4, "mu": [1.563931928381199, 0.8212686517958467, 1.4146105925454968], "Sigma": [[0.002203554925932741, -0.002117363073969235, -0.0019422836461620867], [-0.002117363073969235, 0.0038685665089697513, 0.0003776402294391245], [-0.0019422836461620867, 0.00037764022943912443, 0.0037787875793516947]], "chi2_level": 0.99, "chi2_df": 3, "chi2_threshold": 11.344866730144373, "N_raw": 16, "N_roi": 16, "N_inlier": 15, "refit": true}
{"timestamp": "18:27:50.149143", "frame": 5, "mu": [1.5224006309203133, 0.9113586796199373, 1.3621236460692268], "Sigma": [[0.0015479961447430325, 0.0017058715104633303, -0.011152447531846747], [0.0017058715104633303, 0.014976399749821121, -0.0012489142003128985], [-0.011152447531846745, -0.0012489142003128968, 0.1878453443715603]], "chi2_level": 0.99, "chi2_df": 3, "chi2_threshold": 11.344866730144373, "N_raw": 10, "N_roi": 10, "N_inlier": 10, "refit": true}
{"timestamp": "18:27:50.208570", "frame": 6, "mu": [1.5755257572181822, 0.8114704222637765, 1.3206884685281532], "Sigma": [[0.004619394915438773, -0.002700206336473068, -0.0050215279094167585], [-0.002700206336473068, 0.00793357650772211, -0.000462770831067133], [-0.0050215279094167585, -0.000462770831067133, 0.010182477057284499]], "chi2_level": 0.99, "chi2_df": 3, "chi2_threshold": 11.344866730144373, "N_raw": 39, "N_roi": 39, "N_inlier": 36, "refit": true}
{"timestamp": "18:27:50.318389", "frame": 8, "mu": [1.547611180383837, 0.8550196363932948, -0.663125803525178], "Sigma": [[0.004002262830523729, -0.0014653237292702077, -0.004635023501141249], [-0.0014653237292702077, 0.002791814931265249, 0.004669802181616854], [-0.004635023501141249, 0.004669802181616854, 0.050402049745145845]], "chi2_level": 0.99, "chi2_df": 3, "chi2_threshold": 11.344866730144373, "N_raw": 44, "N_roi": 44, "N_inlier": 44, "refit": true}
{"timestamp": "18:27:50.371441", "frame": 9, "mu": [1.5529455949243196, 0.9230212069534088, -0.48849567797806875], "Sigma": [[0.003495986776688796, -0.0037247289343071803, -0.006019953925697982], [-0.0037247289343071803, 0.00615331765410632, 0.004940598818493085], [-0.006019953925697982, 0.004940598818493087, 0.012785808005063582]], "chi2_level": 0.99, "chi2_df": 3, "chi2_threshold": 11.344866730144373, "N_raw": 16, "N_roi": 16, "N_inlier": 15, "refit": true}
{"timestamp": "18:27:50.482020", "frame": 11, "mu": [1.5461846586961565, 0.7909410524440122, 1.1092622841825561], "Sigma": [[0.0034502291420596444, -0.0014279811762535216, -0.008873229887324747], [-0.0014279811762535214, 0.007281566714017878, -0.002626409935206394], [-0.008873229887324748, -0.0026264099352063925, 0.05077613529923325]], "chi2_level": 0.99, "chi2_df": 3, "chi2_threshold": 11.344866730144373, "N_raw": 11, "N_roi": 11, "N_inlier": 11, "refit": true}
{"timestamp": "18:27:50.536529", "frame": 12, "mu": [1.5013020476423293, 0.8178409208659692, 1.2540020055445646], "Sigma": [[0.004090333691612229, -0.0029619945978895212, -0.009775923917451494], [-0.0029619945978895212, 0.003208830884013916, 0.007533365240697233], [-0.009775923917451494, 0.007533365240697233, 0.03689202240139005]], "chi2_level": 0.99, "chi2_df": 3, "chi2_threshold": 11.344866730144373, "N_raw": 10, "N_roi": 10, "N_inlier": 10, "refit": true}
{"timestamp": "18:27:50.592718", "frame": 13, "mu": [1.5192528175807452, 0.7147305055158583, 1.160849848133279], "Sigma": [[0.004043464981984473, -0.004526194566300305, -0.004216062407994037], [-0.004526194566300306, 0.01370555586805959, 0.0054392473116481495], [-0.004216062407994037, 0.0054392473116481495, 0.015083105811780845]], "chi2_level": 0.99, "chi2_df": 3, "chi2_threshold": 11.344866730144373, "N_raw": 30, "N_roi": 30, "N_inlier": 30, "refit": true}
{"timestamp": "18:27:50.648701", "frame": 14, "mu": [1.4986929829976856, 0.7596040610923426, 1.146211482187937], "Sigma": [[0.003981696444197236, -0.002803074735125457, -0.002251942077214941], [-0.002803074735125457, 0.008147396248459188, -0.0011778196654307987], [-0.002251942077214941, -0.0011778196654307987, 0.004406623521754045]], "chi2_level": 0.99, "chi2_df": 3, "chi2_threshold": 11.344866730144373, "N_raw": 32, "N_roi": 32, "N_inlier": 30, "refit": true}
{"timestamp": "18:27:50.703137", "frame": 15, "mu": [1.4375274709102543, 0.7740243567987019, 1.1798851711531877], "Sigma": [[0.003669541114541177, -0.0023867011862245494, -0.0038892337618551833], [-0.002386701186224549, 0.006485707154232923, 0.0016713743507146593], [-0.0038892337618551833, 0.0016713743507146593, 0.008378727481508868]], "chi2_level": 0.99, "chi2_df": 3, "chi2_threshold": 11.344866730144373, "N_raw": 23, "N_roi": 23, "N_inlier": 23, "refit": true}
{"timestamp": "18:27:50.761612", "frame": 16, "mu": [1.3852530519185378, 0.8686836338488765, 1.2165852831552986], "Sigma": [[0.004057195678644067, -0.0034084057480314443, -0.005522794056989572], [-0.003408405748031444, 0.00731908728086435, -0.0028278487397957637], [-0.005522794056989572, -0.0028278487397957637, 0.024989054921116603]], "chi2_level": 0.99, "chi2_df": 3, "chi2_threshold": 11.344866730144373, "N_raw": 46, "N_roi": 46, "N_inlier": 45, "refit": true}
{"timestamp": "18:27:50.814685", "frame": 17, "mu": [1.3401911725035678, 0.9039153243499067, 1.4461627777414927], "Sigma": [[0.004527133908627939, -0.0014004957549440034, -0.0007109706779751558], [-0.0014004957549440032, 0.004746037874328523, 0.0014224907445353407], [-0.0007109706779751558, 0.0014224907445353403, 0.011301094379659241]], "chi2_level": 0.99, "chi2_df": 3, "chi2_threshold": 11.344866730144373, "N_raw": 31, "N_roi": 31, "N_inlier": 29, "refit": true}
{"timestamp": "18:27:50.870410", "frame": 18, "mu": [1.3344889465299183, 0.8198423301034075, 1.2934524613268477], "Sigma": [[0.0074725836899368885, -0.009575522293084992, -0.009013921601068278], [-0.00957552229308499, 0.01754383640273041, 0.009692143259969341], [-0.009013921601068278, 0.009692143259969341, 0.014680738667768294]], "chi2_level": 0.99, "chi2_df": 3, "chi2_threshold": 11.344866730144373, "N_raw": 39, "N_roi": 39, "N_inlier": 39, "refit": true}
{"timestamp": "18:27:50.921775", "frame": 19, "mu": [1.2762425369202552, 0.9359535340707885, 1.1850628577498177], "Sigma": [[0.002204521740039858, -0.002420658813660487, -0.0013849059667897395], [-0.0024206588136604875, 0.011924439067998883, -0.008350749521988228], [-0.0013849059667897393, -0.008350749521988228, 0.013504077422583641]], "chi2_level": 0.99, "chi2_df": 3, "chi2_threshold": 11.344866730144373, "N_raw": 16, "N_roi": 16, "N_inlier": 16, "refit": true}
{"timestamp": "18:27:50.977268", "frame": 20, "mu": [1.1888935816015596, 0.9859311325859309, 1.3546865050553343], "Sigma": [[0.0034154297465911906, -0.0022598745898369187, -0.00431705153046782], [-0.0022598745898369187, 0.004347795382661408, 0.0003099952255633904], [-0.00431705153046782, 0.0003099952255633905, 0.009695195148568035]], "chi2_level": 0.99, "chi2_df": 3, "chi2_threshold": 11.344866730144373, "N_raw": 22, "N_roi": 22, "N_inlier": 21, "refit": true}
{"timestamp": "18:27:51.034501", "frame": 21, "mu": [1.15960882868671, 1.0271695116156239, 1.2296073568244172], "Sigma": [[0.005115451467615109, -0.0019539779777139467, -0.017275032178141796], [-0.0019539779777139467, 0.0026083854877421916, 0.0022488790374318893], [-0.017275032178141796, 0.0022488790374318897, 0.07694768351181958]], "chi2_level": 0.99, "chi2_df": 3, "chi2_threshold": 11.344866730144373, "N_raw": 30, "N_roi": 30, "N_inlier": 30, "refit": true}
{"timestamp": "18:27:51.090100", "frame": 22, "mu": [1.1757627161974602, 0.9736129367269013, 1.0619756956529873], "Sigma": [[0.0033115732449475613, -0.00011035813209284284, -0.006335987826720747], [-0.00011035813209284284, 0.0032480828604690578, -0.005042725445256714], [-0.006335987826720747, -0.005042725445256714, 0.03411763299778929]], "chi2_level": 0.99, "chi2_df": 3, "chi2_threshold": 11.344866730144373, "N_raw": 29, "N_roi": 29, "N_inlier": 28, "refit": true}
{"timestamp": "18:27:51.154898", "frame": 23, "mu": [1.1296408245893559, 0.9863700282077856, 1.2382147413350137], "Sigma": [[0.00548933234567323, -0.00248707795354231, -0.0074066725107432806], [-0.00248707795354231, 0.0044124164635048506, -0.0014434505090909972], [-0.00740667251074328, -0.0014434505090909972, 0.04802840210334565]], "chi2_level": 0.99, "chi2_df": 3, "chi2_threshold": 11.344866730144373, "N_raw": 77, "N_roi": 77, "N_inlier": 77, "refit": true}
{"timestamp": "18:27:51.203406", "frame": 24, "mu": [1.0954176316547402, 0.948632409773635, 1.202438229190003], "Sigma": [[0.0049905654998728365, -0.0023037308324621235, -0.008418843047761434], [-0.002303730832462123, 0.002776268151767373, 0.0012580642174522998], [-0.008418843047761432, 0.0012580642174522998, 0.022765640312164163]], "chi2_level": 0.99, "chi2_df": 3, "chi2_threshold": 11.344866730144373, "N_raw": 54, "N_roi": 54, "N_inlier": 51, "refit": true}
{"timestamp": "18:27:51.257779", "frame": 25, "mu": [1.034091771790972, 0.962235147861674, 1.3228669935669155], "Sigma": [[0.005789941429865263, -0.005268476665511251, -0.00973228630775132], [-0.005268476665511251, 0.007954784937842284, 0.011734101744281078], [-0.00973228630775132, 0.011734101744281075, 0.034331050663713274]], "chi2_level": 0.99, "chi2_df": 3, "chi2_threshold": 11.344866730144373, "N_raw": 58, "N_roi": 58, "N_inlier": 55, "refit": true}
{"timestamp": "18:27:51.315510", "frame": 26, "mu": [1.0247765080557438, 0.9296515647481967, 1.1826287859891598], "Sigma": [[0.00798546433748299, -0.00465519550332948, -0.011903274733812738], [-0.00465519550332948, 0.006768302351404311, 0.007468617440742038], [-0.011903274733812738, 0.007468617440742038, 0.032918795769110006]], "chi2_level": 0.99, "chi2_df": 3, "chi2_threshold": 11.344866730144373, "N_raw": 66, "N_roi": 66, "N_inlier": 65, "refit": true}
{"timestamp": "18:27:51.365357", "frame": 27, "mu": [1.0480576593217832, 1.0746000820541912, -0.6604754555080374], "Sigma": [[0.0055711012702718814, -0.0021410343473639427, -0.0013390714530947829], [-0.0021410343473639427, 0.004867014759995182, -0.012602798503771476], [-0.0013390714530947825, -0.012602798503771476, 0.0832078044124118]], "chi2_level": 0.99, "chi2_df": 3, "chi2_threshold": 11.344866730144373, "N_raw": 31, "N_roi": 31, "N_inlier": 30, "refit": true}
{"timestamp": "18:27:51.424588", "frame": 28, "mu": [0.9843650315692475, 0.932753782514124, 1.2843937092760729], "Sigma": [[0.0065078096280673575, -0.0026765369171245423, -0.009524853166495838], [-0.0026765369171245423, 0.0032571999986529066, 0.001316398019931231], [-0.009524853166495838, 0.0013163980199312312, 0.019697184992905986]], "chi2_level": 0.99, "chi2_df": 3, "chi2_threshold": 11.344866730144373, "N_raw": 65, "N_roi": 65, "N_inlier": 62, "refit": true}
{"timestamp": "18:27:51.476417", "frame": 29, "mu": [0.9213096862063967, 0.949806701493047, 1.3846605666710772], "Sigma": [[0.004536607661654064, -0.0014303855834102777, -0.0034452272714032344], [-0.0014303855834102777, 0.00473830863517851, 8.805535123593533e-05], [-0.0034452272714032344, 8.805535123593533e-05, 0.0063297591089227475]], "chi2_level": 0.99, "chi2_df": 3, "chi2_threshold": 11.344866730144373, "N_raw": 46, "N_roi": 46, "N_inlier": 42, "refit": true}
{"timestamp": "18:27:51.585796", "frame": 31, "mu": [0.8359547827202365, 1.0547600087755007, -0.41396428079462405], "Sigma": [[0.0055928302220889315, 0.0005848145415433222, -0.01214464235184612], [0.0005848145415433222, 0.002817454553906101, -0.004118573806547633], [-0.012144642351846119, -0.004118573806547633, 0.03712659149210727]], "chi2_level": 0.99, "chi2_df": 3, "chi2_threshold": 11.344866730144373, "N_raw": 39, "N_roi": 39, "N_inlier": 35, "refit": true}
{"timestamp": "18:27:51.641579", "frame": 32, "mu": [0.823294789947993, 1.0116675310692014, -0.4628692114043653], "Sigma": [[0.006874005082096583, -0.0020006435868757766, -0.003962757719915914], [-0.0020006435868757766, 0.0034665642174170883, 0.0033056218821502824], [-0.003962757719915915, 0.003305621882150282, 0.007606309348512335]], "chi2_level": 0.99, "chi2_df": 3, "chi2_threshold": 11.344866730144373, "N_raw": 40, "N_roi": 40, "N_inlier": 37, "refit": true}
{"timestamp": "18:27:51.693175", "frame": 33, "mu": [0.7612200991683672, 0.8634317824973745, 1.1012940640945708], "Sigma": [[0.004263030466147307, 0.0001413799943688015, 0.00774501147572245], [0.0001413799943688015, 0.003761209276767895, -0.009732964798346544], [0.007745011475722451, -0.009732964798346544, 0.3060793012150816]], "chi2_level": 0.99, "chi2_df": 3, "chi2_threshold": 11.344866730144373, "N_raw": 19, "N_roi": 19, "N_inlier": 18, "refit": true}
{"timestamp": "18:27:51.753657", "frame": 34, "mu": [0.8050102313548131, 0.8381278656579618, 1.2501114499563255], "Sigma": [[0.00459754964935085, -0.001014222170031, -0.004192498999501775], [-0.0010142221700309997, 0.003354834014374868, -0.0026440442444368535], [-0.004192498999501776, -0.0026440442444368535, 0.009872113126736415]], "chi2_level": 0.99, "chi2_df": 3, "chi2_threshold": 11.344866730144373, "N_raw": 60, "N_roi": 60, "N_inlier": 56, "refit": true}
{"timestamp": "18:27:51.806662", "frame": 35, "mu": [0.6993113880281051, 0.9414583288143272, -0.4636215471752777], "Sigma": [[0.005354372878620856, 0.0034184088454675605, 0.0012087390212017928], [0.0034184088454675605, 0.0038418865540762303, 0.0013290328965949478], [0.0012087390212017928, 0.0013290328965949478, 0.012271608486282644]], "chi2_level": 0.99, "chi2_df": 3, "chi2_threshold": 11.344866730144373, "N_raw": 53, "N_roi": 53, "N_inlier": 53, "refit": true}
{"timestamp": "18:27:51.863369", "frame": 36, "mu": [0.6690741261659561, 0.9762092856338985, -0.33468838707401805], "Sigma": [[0.005549308816755648, 0.0006182023446049444, -0.003991037860770556], [0.0006182023446049444, 0.003288109517469158, -0.0009287384329379038], [-0.003991037860770557, -0.0009287384329379038, 0.0033336825124224787]], "chi2_level": 0.99, "chi2_df": 3, "chi2_threshold": 11.344866730144373, "N_raw": 57, "N_roi": 57, "N_inlier": 54, "refit": true}
{"timestamp": "18:27:51.919410", "frame": 37, "mu": [0.6346540331481941, 0.8524173883038334, 1.4366623303912613], "Sigma": [[0.004240334919333685, 0.0008138672620284564, -0.0024647029600582716], [0.0008138672620284564, 0.004420250272892278, -0.0019621588137066484], [-0.0024647029600582716, -0.0019621588137066484, 0.002084370620689845]], "chi2_level": 0.99, "chi2_df": 3, "chi2_threshold": 11.344866730144373, "N_raw": 62, "N_roi": 62, "N_inlier": 61, "refit": true}
{"timestamp": "18:27:51.974147", "frame": 38, "mu": [0.5978177966435636, 0.8513023060656144, 1.410522219779368], "Sigma": [[0.003991574455705662, 9.789720078586167e-05, -0.0010978319110849847], [9.789720078586172e-05, 0.0036715223358829534, -0.006447462341647545], [-0.0010978319110849844, -0.006447462341647545, 0.0303045518122778]], "chi2_level": 0.99, "chi2_df": 3, "chi2_threshold": 11.344866730144373, "N_raw": 59, "N_roi": 59, "N_inlier": 55, "refit": true}
{"timestamp": "18:27:52.029700", "frame": 39, "mu": [0.5893622122097377, 0.8337790185794441, 1.3406861223249558], "Sigma": [[0.0061675396819944875, -0.001602890888105504, -0.003184018123120167], [-0.001602890888105504, 0.0025484048252947997, -0.005043969322073732], [-0.003184018123120167, -0.005043969322073731, 0.029619618059675196]], "chi2_level": 0.99, "chi2_df": 3, "chi2_threshold": 11.344866730144373, "N_raw": 63, "N_roi": 63, "N_inlier": 59, "refit": true}
{"timestamp": "18:27:52.083689", "frame": 40, "mu": [0.5206877848212702, 0.8847543704037575, 1.0750251895183178], "Sigma": [[0.006586303281510517, -0.005794606185220201, 0.017621675468079114], [-0.005794606185220201, 0.00907415822472498, -0.028214075381125185], [0.017621675468079114, -0.028214075381125185, 0.10112947473908958]], "chi2_level": 0.99, "chi2_df": 3, "chi2_threshold": 11.344866730144373, "N_raw": 58, "N_roi": 58, "N_inlier": 55, "refit": true}
{"timestamp": "18:27:52.135754", "frame": 41, "mu": [0.44860490452414103, 0.9101474688925699, 0.8787954956168021], "Sigma": [[0.015505009959715984, -0.006034394674686454, 0.020824153872504407], [-0.006034394674686454, 0.01374162944753191, 0.022473626170210655], [0.020824153872504407, 0.022473626170210655, 0.24241811889042422]], "chi2_level": 0.99, "chi2_df": 3, "chi2_threshold": 11.344866730144373, "N_raw": 36, "N_roi": 36, "N_inlier": 36, "refit": true}
{"timestamp": "18:27:52.197425", "frame": 42, "mu": [0.4413188411069192, 0.9802523880686789, -0.1406029425276664], "Sigma": [[0.012873450881071212, -0.0053079046555145875, 0.08618838810417556], [-0.005307904655514589, 0.007754476158610204, -0.06125526093341658], [0.08618838810417556, -0.061255260933416586, 0.8065982374905419]], "chi2_level": 0.99, "chi2_df": 3, "chi2_threshold": 11.344866730144373, "N_raw": 91, "N_roi": 91, "N_inlier": 86, "refit": true}
{"timestamp": "18:27:52.252326", "frame": 43, "mu": [0.439848466873094, 0.987936562366622, -0.3610700468282209], "Sigma": [[0.006368459333569714, 0.0014928709258954672, -0.005644013324365309], [0.0014928709258954674, 0.00321518126136273, -0.002343184929611179], [-0.005644013324365309, -0.0023431849296111787, 0.0059192859264347985]], "chi2_level": 0.99, "chi2_df": 3, "chi2_threshold": 11.344866730144373, "N_raw": 77, "N_roi": 77, "N_inlier": 70, "refit": true}
{"timestamp": "18:27:52.310466", "frame": 44, "mu": [0.3880778181310135, 1.0383490338137316, -0.4074307821021121], "Sigma": [[0.004527232400982508, 0.0017951934110682051, -0.006930305810994349], [0.0017951934110682053, 0.006064916217985129, -0.007116811987334848], [-0.006930305810994349, -0.007116811987334848, 0.018982660934017962]], "chi2_level": 0.99, "chi2_df": 3, "chi2_threshold": 11.344866730144373, "N_raw": 102, "N_roi": 102, "N_inlier": 100, "refit": true}
{"timestamp": "18:27:52.363125", "frame": 45, "mu": [0.3250694761380578, 0.9124256503061006, 1.412554747276169], "Sigma": [[0.004657899679431158, -0.0010630290401822456, -0.0045032967998852825], [-0.0010630290401822456, 0.004592037692978165, -0.0013222216656743131], [-0.0045032967998852825, -0.0013222216656743131, 0.006411484888162654]], "chi2_level": 0.99, "chi2_df": 3, "chi2_threshold": 11.344866730144373, "N_raw": 82, "N_roi": 82, "N_inlier": 80, "refit": true}
{"timestamp": "18:27:52.416898", "frame": 46, "mu": [0.3031525700489628, 0.9255838233252918, 1.402997613702721], "Sigma": [[0.0064554313375733965, 0.0006385386741319945, -0.005777213087491235], [0.0006385386741319944, 0.0034024829490071212, -0.0026479019710981128], [-0.005777213087491235, -0.0026479019710981123, 0.006909572209359556]], "chi2_level": 0.99, "chi2_df": 3, "chi2_threshold": 11.344866730144373, "N_raw": 84, "N_roi": 84, "N_inlier": 83, "refit": true}
{"timestamp": "18:27:52.472233", "frame": 47, "mu": [0.26362744583268727, 0.9220477309256435, 1.4090194998420862], "Sigma": [[0.0041434258692337805, 0.0006557276983260834, -0.004124527218172976], [0.0006557276983260834, 0.0024531163003178092, -0.0028153708921355267], [-0.004124527218172976, -0.0028153708921355262, 0.007128148997601042]], "chi2_level": 0.99, "chi2_df": 3, "chi2_threshold": 11.344866730144373, "N_raw": 75, "N_roi": 75, "N_inlier": 71, "refit": true}
{"timestamp": "18:27:52.523859", "frame": 48, "mu": [0.2327343137222802, 0.8805298421285783, 1.383051411216947], "Sigma": [[0.003301829027031656, -0.0006532372394180223, -0.004230408147422965], [-0.0006532372394180223, 0.0010261404713240425, -0.000304758623965517], [-0.004230408147422965, -0.00030475862396551703, 0.010040661466642396]], "chi2_level": 0.99, "chi2_df": 3, "chi2_threshold": 11.344866730144373, "N_raw": 61, "N_roi": 61, "N_inlier": 56, "refit": true}
{"timestamp": "18:27:52.574366", "frame": 49, "mu": [0.14335857968059068, 0.9172534334404667, 1.4936637617598063], "Sigma": [[0.0027263728409478646, 0.0007407338213733885, -0.0022032638951441667], [0.0007407338213733884, 0.0019481029754795285, -0.0014637840532857583], [-0.0022032638951441667, -0.0014637840532857583, 0.0023675056360604593]], "chi2_level": 0.99, "chi2_df": 3, "chi2_threshold": 11.344866730144373, "N_raw": 34, "N_roi": 34, "N_inlier": 30, "refit": true}
{"timestamp": "18:27:52.630081", "frame": 50, "mu": [0.10807722278662131, 1.0190214404602636, -0.2587033008365502], "Sigma": [[0.0012041480016712076, 0.00011517806842550699, -0.0010066722834962674], [0.00011517806842550703, 0.0022356595004983247, -0.0011220744299835885], [-0.0010066722834962674, -0.0011220744299835887, 0.0018017627892000425]], "chi2_level": 0.99, "chi2_df": 3, "chi2_threshold": 11.344866730144373, "N_raw": 33, "N_roi": 33, "N_inlier": 30, "refit": true}
{"timestamp": "18:27:52.682434", "frame": 51, "mu": [0.059159837557979975, 0.9410371731685461, 1.4454533428812377], "Sigma": [[0.004656140450423402, 0.0006101121605005795, -0.004684464973197003], [0.0006101121605005794, 0.0012862833594537288, -0.004954977401406227], [-0.004684464973197002, -0.004954977401406226, 0.0316695184175112]], "chi2_level": 0.99, "chi2_df": 3, "chi2_threshold": 11.344866730144373, "N_raw": 23, "N_roi": 23, "N_inlier": 22, "refit": true}
{"timestamp": "18:27:52.744214", "frame": 52, "mu": [0.043689491997291906, 0.9086400288366322, 1.4296171330989316], "Sigma": [[0.0016546464296321518, 1.0071694355268167e-05, -0.001300129797461907], [1.0071694355268153e-05, 0.0022340920237606853, -0.002132631864223554], [-0.001300129797461907, -0.0021326318642235537, 0.009289998649779906]], "chi2_level": 0.99, "chi2_df": 3, "chi2_threshold": 11.344866730144373, "N_raw": 68, "N_roi": 68, "N_inlier": 63, "refit": true}
{"timestamp": "18:27:52.793768", "frame": 53, "mu": [0.04476358550526254, 0.9101983031900531, 1.3054481759060628], "Sigma": [[0.0025826021592647223, 0.0009324727675940204, -0.003980019717175785], [0.0009324727675940205, 0.0008970262437524719, -0.0013598998831587284], [-0.003980019717175785, -0.0013598998831587288, 0.15819791466490105]], "chi2_level": 0.99, "chi2_df": 3, "chi2_threshold": 11.344866730144373, "N_raw": 24, "N_roi": 24, "N_inlier": 23, "refit": true}
{"timestamp": "18:27:52.853016", "frame": 54, "mu": [0.031177411240156515, 1.033166427878653, -0.41341932601363374], "Sigma": [[0.0020917353731179636, 0.0005904635745772643, -0.0021789793247110932], [0.0005904635745772642, 0.002132970611139511, -0.003216987997071094], [-0.0021789793247110932, -0.0032169879970710934, 0.00628376907168213]], "chi2_level": 0.99, "chi2_df": 3, "chi2_threshold": 11.344866730144373, "N_raw": 55, "N_roi": 55, "N_inlier": 51, "refit": true}
{"timestamp": "18:27:52.901634", "frame": 55, "mu": [-0.04220715589033622, 1.053590513504711, -0.4469873384030803], "Sigma": [[0.00048252859239824133, -7.698694800433509e-05, 0.0006269322179295327], [-7.69869480043351e-05, 0.0008718572969211336, -0.0027721527171874604], [0.0006269322179295327, -0.0027721527171874604, 0.015165822018110847]], "chi2_level": 0.99, "chi2_df": 3, "chi2_threshold": 11.344866730144373, "N_raw": 15, "N_roi": 15, "N_inlier": 12, "refit": true}
{"timestamp": "18:27:52.956979", "frame": 56, "mu": [-0.21191289757912518, 1.179306631445969, -0.9076434665277302], "Sigma": [[0.05858682834767252, -0.03352189188372195, 0.12084062852040951], [-0.03352189188372195, 0.02418539025802703, -0.07796419215989539], [0.12084062852040951, -0.07796419215989539, 0.2862725438515839]], "chi2_level": 0.99, "chi2_df": 3, "chi2_threshold": 11.344866730144373, "N_raw": 12, "N_roi": 12, "N_inlier": 11, "refit": true}
{"timestamp": "18:27:53.022428", "frame": 57, "mu": [-0.09938085623383479, 0.867767712636627, 1.1598461351686982], "Sigma": [[0.0034778354900310386, 0.0004205006930142848, -0.004412469402866423], [0.00042050069301428493, 0.001058059099634349, -0.0024354194012139365], [-0.004412469402866423, -0.0024354194012139365, 0.016849800521718084]], "chi2_level": 0.99, "chi2_df": 3, "chi2_threshold": 11.344866730144373, "N_raw": 84, "N_roi": 84, "N_inlier": 81, "refit": true}
{"timestamp": "18:27:53.074498", "frame": 58, "mu": [-0.1435234494553875, 0.8458071009922049, 1.2864062419621858], "Sigma": [[0.002228984114396309, 0.0014868737247583099, -0.00045941410184145335], [0.0014868737247583097, 0.0028487248863329163, -0.0024133422569544427], [-0.0004594141018414534, -0.0024133422569544423, 0.005586976860184782]], "chi2_level": 0.99, "chi2_df": 3, "chi2_threshold": 11.344866730144373, "N_raw": 60, "N_roi": 60, "N_inlier": 56, "refit": true}
{"timestamp": "18:27:53.129826", "frame": 59, "mu": [-0.18163862330372765, 0.8054428079335647, 1.2531857181481016], "Sigma": [[0.0026388423269408283, 0.0013582632371276504, -0.0001087532094108044], [0.0013582632371276502, 0.0019405316529176693, -0.002456760431371813], [-0.0001087532094108044, -0.0024567604313718125, 0.007047266129482881]], "chi2_level": 0.99, "chi2_df": 3, "chi2_threshold": 11.344866730144373, "N_raw": 66, "N_roi": 66, "N_inlier": 65, "refit": true}
{"timestamp": "18:27:53.187725", "frame": 60, "mu": [-0.23744955044201313, 0.8536852437021721, 1.281014612841019], "Sigma": [[0.0024680168376320522, 5.203113836259779e-05, -0.0021281266500468646], [5.203113836259779e-05, 0.0011215524093258452, -0.0018672176491517205], [-0.0021281266500468646, -0.0018672176491517205, 0.01687216442658339]], "chi2_level": 0.99, "chi2_df": 3, "chi2_threshold": 11.344866730144373, "N_raw": 82, "N_roi": 82, "N_inlier": 77, "refit": true}
{"timestamp": "18:27:53.239345", "frame": 61, "mu": [-0.3223173266266211, 0.8711847795515192, 1.3637371311979454], "Sigma": [[0.0025074151353641824, 0.0012816204388785822, -0.004034014743724392], [0.0012816204388785822, 0.003176449995245761, -0.0036909936331023397], [-0.004034014743724392, -0.0036909936331023397, 0.019192640112795138]], "chi2_level": 0.99, "chi2_df": 3, "chi2_threshold": 11.344866730144373, "N_raw": 59, "N_roi": 59, "N_inlier": 55, "refit": true}
{"timestamp": "18:27:53.297089", "frame": 62, "mu": [-0.31744181002773864, 0.9506977291285882, -0.4473085500320245], "Sigma": [[0.003285433047020327, -0.0010133589729571944, -0.004183770688153841], [-0.0010133589729571944, 0.0036847951335549547, -0.002650631113588541], [-0.004183770688153841, -0.002650631113588541, 0.011587220527701203]], "chi2_level": 0.99, "chi2_df": 3, "chi2_threshold": 11.344866730144373, "N_raw": 84, "N_roi": 84, "N_inlier": 80, "refit": true}
{"timestamp": "18:27:53.350201", "frame": 63, "mu": [-0.29673685592282484, 0.8885729563185971, -0.6087624886956088], "Sigma": [[0.002298362053182826, -0.000702468169697318, -0.00021661729637400683], [-0.000702468169697318, 0.004785490306647163, -0.002425247384775086], [-0.00021661729637400683, -0.002425247384775086, 0.002264087078355898]], "chi2_level": 0.99, "chi2_df": 3, "chi2_threshold": 11.344866730144373, "N_raw": 66, "N_roi": 66, "N_inlier": 62, "refit": true}
{"timestamp": "18:27:53.404718", "frame": 64, "mu": [-0.34479892278416874, 0.8490969489777298, -0.7034719417604832], "Sigma": [[0.002805864996272903, 0.0007209883806891473, 0.003458181317486024], [0.0007209883806891472, 0.007870043892471854, 0.0020537572817002], [0.003458181317486024, 0.0020537572817002003, 0.01071316437461835]], "chi2_level": 0.99, "chi2_df": 3, "chi2_threshold": 11.344866730144373, "N_raw": 63, "N_roi": 63, "N_inlier": 62, "refit": true}
{"timestamp": "18:27:53.464021", "frame": 65, "mu": [-0.44694024699302914, 0.9446108711741296, -0.4313938257435611], "Sigma": [[0.004621866151462032, -0.002341557498008967, -0.009232789334299451], [-0.0023415574980089676, 0.0047280815937220085, 0.003038823913932748], [-0.009232789334299451, 0.003038823913932748, 0.03454324566012863]], "chi2_level": 0.99, "chi2_df": 3, "chi2_threshold": 11.344866730144373, "N_raw": 96, "N_roi": 95, "N_inlier": 84, "refit": true}
{"timestamp": "18:27:53.520032", "frame": 66, "mu": [-0.5164418410927185, 0.8849906487560519, 0.2000827166602649], "Sigma": [[0.004646554031674255, -0.00342057474443486, 0.028813576985212967], [-0.0034205747444348593, 0.006962611113064192, -0.03806995125431727], [0.028813576985212967, -0.03806995125431727, 0.4196409325473473]], "chi2_level": 0.99, "chi2_df": 3, "chi2_threshold": 11.344866730144373, "N_raw": 108, "N_roi": 108, "N_inlier": 100, "refit": true}
{"timestamp": "18:27:53.572274", "frame": 67, "mu": [-0.5628768738164999, 0.7550358900310385, 1.188746270691516], "Sigma": [[0.04223104314571045, 0.01254744558192355, -0.0642514294722971], [0.012547445581923548, 0.006300738818136275, -0.018370558758355582], [-0.0642514294722971, -0.018370558758355582, 0.12225810964288486]], "chi2_level": 0.99, "chi2_df": 3, "chi2_threshold": 11.344866730144373, "N_raw": 84, "N_roi": 83, "N_inlier": 79, "refit": true}
{"timestamp": "18:27:53.629410", "frame": 68, "mu": [-0.6787658917397246, 0.8525405021296037, -0.4577735439630503], "Sigma": [[0.06096470193950676, 0.0341419003271288, -0.08622379496124599], [0.0341419003271288, 0.02299740908840289, -0.052230095265842394], [-0.08622379496124599, -0.0522300952658424, 0.1321207927114285]], "chi2_level": 0.99, "chi2_df": 3, "chi2_threshold": 11.344866730144373, "N_raw": 66, "N_roi": 65, "N_inlier": 61, "refit": true}
{"timestamp": "18:27:53.677243", "frame": 69, "mu": [-0.9364337400795535, 0.6847027740683053, 1.6830703472853388], "Sigma": [[0.02146048612666346, 0.005834561738313184, -0.02454930713520859], [0.005834561738313184, 0.0060064785203967136, -0.00778129135159839], [-0.02454930713520859, -0.00778129135159839, 0.0418839299020248]], "chi2_level": 0.99, "chi2_df": 3, "chi2_threshold": 11.344866730144373, "N_raw": 50, "N_roi": 49, "N_inlier": 46, "refit": true}
{"timestamp": "18:27:53.732814", "frame": 70, "mu": [-0.9475380239043281, 0.6862031243307727, 1.6152517137146258], "Sigma": [[0.029682332975758313, 0.008449247542787306, -0.03421792430238174], [0.008449247542787306, 0.005729084489127959, -0.013211727144626345], [-0.03421792430238174, -0.013211727144626345, 0.05485542389914444]], "chi2_level": 0.99, "chi2_df": 3, "chi2_threshold": 11.344866730144373, "N_raw": 55, "N_roi": 55, "N_inlier": 54, "refit": true}
{"timestamp": "18:27:53.785397", "frame": 71, "mu": [-0.9744088206639266, 0.7139581682822925, 1.6601063358169126], "Sigma": [[0.01951375024556179, 0.00760731137698044, -0.028277945171738813], [0.00760731137698044, 0.005944408855882201, -0.014632624384336943], [-0.02827794517173881, -0.014632624384336943, 0.05544054563474221]], "chi2_level": 0.99, "chi2_df": 3, "chi2_threshold": 11.344866730144373, "N_raw": 34, "N_roi": 32, "N_inlier": 30, "refit": true}
{"timestamp": "18:27:53.850539", "frame": 72, "mu": [-0.9080972662905007, 0.744954189359693, 1.3848625997877302], "Sigma": [[0.037837067055338826, 0.01002512020341862, -0.06809194815507617], [0.01002512020341862, 0.00821735773226155, -0.01956807440529881], [-0.06809194815507616, -0.01956807440529881, 0.1450850562158343]], "chi2_level": 0.99, "chi2_df": 3, "chi2_threshold": 11.344866730144373, "N_raw": 103, "N_roi": 103, "N_inlier": 103, "refit": true}
{"timestamp": "18:27:53.900435", "frame": 73, "mu": [-1.0082371382388868, 0.8484829852580943, -0.24579165362938543], "Sigma": [[0.020558895752386168, 0.009266088714833393, -0.017710155949279046], [0.009266088714833393, 0.010540155435201341, -0.010688373867068047], [-0.017710155949279043, -0.010688373867068047, 0.019578268052509867]], "chi2_level": 0.99, "chi2_df": 3, "chi2_threshold": 11.344866730144373, "N_raw": 71, "N_roi": 71, "N_inlier": 70, "refit": true}
{"timestamp": "18:27:53.951382", "frame": 74, "mu": [-1.0780731921479605, 0.7519393456708825, 1.6108474969034416], "Sigma": [[0.015173735412908769, 0.0026153853469737766, -0.009533663946280049], [0.0026153853469737766, 0.005514418723855926, -0.006533559583915591], [-0.009533663946280049, -0.006533559583915591, 0.013877162188470831]], "chi2_level": 0.99, "chi2_df": 3, "chi2_threshold": 11.344866730144373, "N_raw": 39, "N_roi": 39, "N_inlier": 38, "refit": true}
{"timestamp": "18:27:54.013742", "frame": 75, "mu": [-1.015213263736547, 0.8110711511588913, -0.006908884535707341], "Sigma": [[0.015236102261102525, 0.004427393420012399, 0.06002842513808088], [0.004427393420012398, 0.008325179695702798, 0.0074011466193807445], [0.060028425138080876, 0.007401146619380746, 0.5522499965138433]], "chi2_level": 0.99, "chi2_df": 3, "chi2_threshold": 11.344866730144373, "N_raw": 91, "N_roi": 91, "N_inlier": 91, "refit": true}
{"timestamp": "18:27:54.064082", "frame": 76, "mu": [-1.1267420994317323, 0.8073873108886745, 1.6523503190291227], "Sigma": [[0.006895566494459459, 0.001896676112109595, -0.004126470212134706], [0.001896676112109595, 0.006077797660846501, -0.0034600667734500873], [-0.004126470212134706, -0.0034600667734500873, 0.00406510303811508]], "chi2_level": 0.99, "chi2_df": 3, "chi2_threshold": 11.344866730144373, "N_raw": 57, "N_roi": 57, "N_inlier": 54, "refit": true}
{"timestamp": "18:27:54.117585", "frame": 77, "mu": [-1.1315128955628584, 0.7709724117834973, 1.5725720224397979], "Sigma": [[0.007023853163221143, 0.0023263161358527094, -0.003140893936564388], [0.0023263161358527094, 0.003970602095722462, -0.0036195495824635784], [-0.003140893936564388, -0.003619549582463578, 0.00432042517638521]], "chi2_level": 0.99, "chi2_df": 3, "chi2_threshold": 11.344866730144373, "N_raw": 50, "N_roi": 50, "N_inlier": 47, "refit": true}
{"timestamp": "18:27:54.180472", "frame": 78, "mu": [-1.1325107973917254, 0.7072073678999629, 1.4251939179762532], "Sigma": [[0.013372980719622405, 0.0013270427361984298, -0.006595187024888103], [0.0013270427361984298, 0.006095135795434204, -0.0032276671338594565], [-0.006595187024888103, -0.0032276671338594565, 0.004787907430687436]], "chi2_level": 0.99, "chi2_df": 3, "chi2_threshold": 11.344866730144373, "N_raw": 79, "N_roi": 79, "N_inlier": 78, "refit": true}
{"timestamp": "18:27:54.231931", "frame": 79, "mu": [-1.1863944005537492, 0.7274711636515966, 1.4279820751499566], "Sigma": [[0.011617064140100294, 0.0017344384722828242, -0.006019660753127563], [0.0017344384722828242, 0.007258999563869536, -0.004793918623430371], [-0.006019660753127563, -0.004793918623430371, 0.0067419967932336854]], "chi2_level": 0.99, "chi2_df": 3, "chi2_threshold": 11.344866730144373, "N_raw": 77, "N_roi": 77, "N_inlier": 74, "refit": true}
{"timestamp": "18:27:54.289173", "frame": 80, "mu": [-1.1810502556967817, 0.8665518276783657, -0.40721955390665265], "Sigma": [[0.010221228415792451, 0.003971045041308617, -0.004283947051623409], [0.003971045041308617, 0.017298064030133665, -0.0028894598053034026], [-0.00428394705162341, -0.0028894598053034026, 0.0027007814836750464]], "chi2_level": 0.99, "chi2_df": 3, "chi2_threshold": 11.344866730144373, "N_raw": 95, "N_roi": 95, "N_inlier": 94, "refit": true}
{"timestamp": "18:27:54.342120", "frame": 81, "mu": [-1.249339856260292, 0.7617751757839255, 1.4212357815719716], "Sigma": [[0.013582120042679934, 0.005427564380701547, -0.006188827187028219], [0.005427564380701547, 0.014945393220511511, -0.004672855543951079], [-0.006188827187028219, -0.004672855543951079, 0.0036546205962787346]], "chi2_level": 0.99, "chi2_df": 3, "chi2_threshold": 11.344866730144373, "N_raw": 89, "N_roi": 89, "N_inlier": 88, "refit": true}
{"timestamp": "18:27:54.397391", "frame": 82, "mu": [-1.3004622175343865, 0.7977249929451108, 1.4736734455350282], "Sigma": [[0.010202838553532387, 0.0025212689998495913, -0.004470566258434571], [0.0025212689998495913, 0.009696004953487958, -0.0049165949731457105], [-0.004470566258434571, -0.00491659497314571, 0.006722728574743296]], "chi2_level": 0.99, "chi2_df": 3, "chi2_threshold": 11.344866730144373, "N_raw": 79, "N_roi": 79, "N_inlier": 76, "refit": true}
{"timestamp": "18:27:54.450398", "frame": 83, "mu": [-1.3374140869286575, 0.7338506993864286, 1.402330613073691], "Sigma": [[0.01215056363379367, 0.004878858762821993, -0.004703565279232393], [0.004878858762821993, 0.009845572040919582, -0.005539721335877184], [-0.004703565279232392, -0.005539721335877184, 0.004477158768717569]], "chi2_level": 0.99, "chi2_df": 3, "chi2_threshold": 11.344866730144373, "N_raw": 74, "N_roi": 74, "N_inlier": 72, "refit": true}
{"timestamp": "18:27:54.508060", "frame": 84, "mu": [-1.386455781382629, 0.742973003741275, 1.384914813327499], "Sigma": [[0.012986828956156295, 0.00602183046705804, -0.004957185548688856], [0.00602183046705804, 0.016725524857963296, -0.005788144465167686], [-0.004957185548688856, -0.005788144465167686, 0.003875049560483489]], "chi2_level": 0.99, "chi2_df": 3, "chi2_threshold": 11.344866730144373, "N_raw": 84, "N_roi": 84, "N_inlier": 81, "refit": true}
{"timestamp": "18:27:54.564586", "frame": 85, "mu": [-1.3484892722384105, 0.7827504977479464, 1.1716841898641868], "Sigma": [[0.026100819081465654, 0.022605604955772837, -0.04643024512027919], [0.022605604955772837, 0.03026089837616739, -0.04805201350733058], [-0.046430245120279184, -0.04805201350733058, 0.12575413522472328]], "chi2_level": 0.99, "chi2_df": 3, "chi2_threshold": 11.344866730144373, "N_raw": 101, "N_roi": 101, "N_inlier": 101, "refit": true}
{"timestamp": "18:27:54.630829", "frame": 86, "mu": [-1.3932476593040326, 0.7635464639435882, 1.1143279541020226], "Sigma": [[0.03343029851641437, 0.028608101094815264, -0.052535279934986835], [0.02860810109481526, 0.03566142607291562, -0.06254033503376336], [-0.052535279934986835, -0.06254033503376336, 0.1467839770949319]], "chi2_level": 0.99, "chi2_df": 3, "chi2_threshold": 11.344866730144373, "N_raw": 115, "N_roi": 115, "N_inlier": 108, "refit": true}
{"timestamp": "18:27:54.674508", "frame": 87, "mu": [-1.4685754737526855, 0.7890184097033957, 1.346150037376508], "Sigma": [[0.014855388090583215, 0.0065785241738294115, -0.0036205253947520404], [0.0065785241738294115, 0.013982842547465664, -0.008992010492670968], [-0.00362052539475204, -0.008992010492670968, 0.006662626726389432]], "chi2_level": 0.99, "chi2_df": 3, "chi2_threshold": 11.344866730144373, "N_raw": 101, "N_roi": 101, "N_inlier": 98, "refit": true}
{"timestamp": "18:27:54.729363", "frame": 88, "mu": [-1.4567485845605133, 0.8579728099407685, 1.3197760800975933], "Sigma": [[0.01565846063728567, 0.006761839083496075, -0.006474284776797164], [0.006761839083496076, 0.011912338212789935, -0.0076013924826573275], [-0.006474284776797164, -0.0076013924826573275, 0.005975961901373766]], "chi2_level": 0.99, "chi2_df": 3, "chi2_threshold": 11.344866730144373, "N_raw": 92, "N_roi": 92, "N_inlier": 88, "refit": true}
{"timestamp": "18:27:54.783124", "frame": 89, "mu": [-1.4837859290164759, 0.9513260739351805, -0.6284988203019662], "Sigma": [[0.014331712006875722, 0.009074052808201545, -0.0006885897518588237], [0.009074052808201546, 0.02336519147399062, 0.0012330764244188638], [-0.0006885897518588237, 0.0012330764244188638, 0.01023663281936673]], "chi2_level": 0.99, "chi2_df": 3, "chi2_threshold": 11.344866730144373, "N_raw": 85, "N_roi": 85, "N_inlier": 80, "refit": true}
{"timestamp": "18:27:54.838392", "frame": 90, "mu": [-1.531531242219874, 0.9569108442248611, 1.3769621947941257], "Sigma": [[0.014017301926691528, 0.004483006959587673, -0.006820724071217992], [0.004483006959587673, 0.010796888283991156, -0.006663102200274739], [-0.006820724071217992, -0.006663102200274739, 0.007969830032658946]], "chi2_level": 0.99, "chi2_df": 3, "chi2_threshold": 11.344866730144373, "N_raw": 83, "N_roi": 83, "N_inlier": 81, "refit": true}
{"timestamp": "18:27:54.893127", "frame": 91, "mu": [-1.5027360232500746, 0.9205727827864291, 1.2839809360462955], "Sigma": [[0.01475416790700268, 0.006850836264966119, -0.007545510264081895], [0.006850836264966119, 0.0147182877504946, -0.007551324462146314], [-0.007545510264081895, -0.007551324462146314, 0.00591301758718404]], "chi2_level": 0.99, "chi2_df": 3, "chi2_threshold": 11.344866730144373, "N_raw": 84, "N_roi": 84, "N_inlier": 84, "refit": true}
{"timestamp": "18:27:54.947280", "frame": 92, "mu": [-1.5140469287103702, 0.9679320068708588, 1.2808845489150789], "Sigma": [[0.016102457224284973, 0.007208374952236097, -0.008994554258804315], [0.007208374952236097, 0.013826944577790531, -0.00812102876983947], [-0.008994554258804315, -0.00812102876983947, 0.0073067315570216045]], "chi2_level": 0.99, "chi2_df": 3, "chi2_threshold": 11.344866730144373, "N_raw": 87, "N_roi": 87, "N_inlier": 87, "refit": true}
