{"timestamp": "18:01:24.636263", "frame": 1, "mu": [1.5270360051765444, 0.9048418512254125, 1.2438801740065923], "Sigma": [[0.004357617780143247, -0.005033163974990354, -0.0001944159149130664], [-0.005033163974990353, 0.009657083841096663, -0.009911532377794303], [-0.00019441591491306705, -0.009911532377794303, 0.03525295708695628]], "chi2_level": 0.95, "chi2_df": 3, "chi2_threshold": 7.814727903251179, "N_raw": 40, "N_roi": 40, "N_inlier": 37, "refit": true}
{"timestamp": "18:01:24.689144", "frame": 2, "mu": [1.4788726910048169, 1.0099489641587078, 1.2142241352963001], "Sigma": [[0.0011166547943230595, 0.00010227064789713634, -0.002398649209061546], [0.00010227064789713645, 0.00792311484614202, -0.013508470792517834], [-0.002398649209061546, -0.013508470792517834, 0.06631577272847025]], "chi2_level": 0.95, "chi2_df": 3, "chi2_threshold": 7.814727903251179, "N_raw": 9, "N_roi": 9, "N_inlier": 9, "refit": true}
{"timestamp": "18:01:24.745342", "frame": 3, "mu": [1.4766404972397966, 0.9504550123418849, 1.1917024841487507], "Sigma": [[0.005330685149143717, -0.006005532223245004, -0.0006443401350850449], [-0.006005532223245004, 0.015551957347118017, -0.016837709926266303], [-0.0006443401350850453, -0.016837709926266303, 0.04405202659687709]], "chi2_level": 0.95, "chi2_df": 3, "chi2_threshold": 7.814727903251179, "N_raw": 17, "N_roi": 17, "N_inlier": 14, "refit": true}
{"timestamp": "18:01:24.802097", "frame": 4, "mu": [1.516957590249072, 0.8767237991785787, -0.7731049187629342], "Sigma": [[0.004777384366907641, -0.00026277129524946807, -0.0020121787568693128], [-0.00026277129524946807, 0.004778559829656953, -0.00014472856765727123], [-0.0020121787568693128, -0.00014472856765727112, 0.015571906386430549]], "chi2_level": 0.95, "chi2_df": 3, "chi2_threshold": 7.814727903251179, "N_raw": 37, "N_roi": 37, "N_inlier": 36, "refit": true}
{"timestamp": "18:01:24.855437", "frame": 5, "mu": [1.5626821568044535, 0.760517672508997, 1.214056042071775], "Sigma": [[0.0034274983517787096, -0.0014064248505274634, -0.0006209894072661756], [-0.0014064248505274634, 0.0043271969208576655, -0.0014948180995142178], [-0.0006209894072661756, -0.0014948180995142178, 0.0010724666533324563]], "chi2_level": 0.95, "chi2_df": 3, "chi2_threshold": 7.814727903251179, "N_raw": 23, "N_roi": 22, "N_inlier": 21, "refit": true}
{"timestamp": "18:01:24.908984", "frame": 6, "mu": [1.4596823408383512, 0.8247441418441613, 1.329164160754486], "Sigma": [[0.004552103065813565, -0.0017069055672713517, -0.005020902172599804], [-0.0017069055672713517, 0.0016458447237418523, 0.001103723516568418], [-0.005020902172599804, 0.0011037235165684178, 0.006818052806371689]], "chi2_level": 0.95, "chi2_df": 3, "chi2_threshold": 7.814727903251179, "N_raw": 15, "N_roi": 15, "N_inlier": 12, "refit": true}
{"timestamp": "18:01:24.962493", "frame": 7, "mu": [1.421284878062139, 0.876771096944499, 1.0587970592113893], "Sigma": [[0.002233953710960082, -0.004014316245192556, 0.002436155044346571], [-0.004014316245192556, 0.01996087855543253, -0.020091493632097293], [0.002436155044346571, -0.020091493632097293, 0.046146111192820506]], "chi2_level": 0.95, "chi2_df": 3, "chi2_threshold": 7.814727903251179, "N_raw": 7, "N_roi": 7, "N_inlier": 7, "refit": true}
{"timestamp": "18:01:25.021318", "frame": 8, "mu": [1.3721685738046965, 1.1368988351738833, -0.6393307413835757], "Sigma": [[0.005313283694971539, -0.003336172652269211, -0.001456103008796282], [-0.0033361726522692105, 0.006742761147121482, -0.00029653083763980537], [-0.001456103008796282, -0.00029653083763980537, 0.0016952289052574582]], "chi2_level": 0.95, "chi2_df": 3, "chi2_threshold": 7.814727903251179, "N_raw": 36, "N_roi": 36, "N_inlier": 32, "refit": true}
{"timestamp": "18:01:25.077925", "frame": 9, "mu": [1.383195993346389, 0.7325842414634514, 1.1134261092679751], "Sigma": [[0.005405259363861361, -0.005191122498591752, -0.001659453973914151], [-0.005191122498591752, 0.008975458571334697, -0.00128894477098223], [-0.001659453973914151, -0.00128894477098223, 0.003908852406031148]], "chi2_level": 0.95, "chi2_df": 3, "chi2_threshold": 7.814727903251179, "N_raw": 39, "N_roi": 39, "N_inlier": 35, "refit": true}
{"timestamp": "18:01:25.129905", "frame": 10, "mu": [1.230087636089638, 0.8872389489727166, 1.2443846577553834], "Sigma": [[0.015736914633898293, -0.005919320740480748, -0.035175384643532454], [-0.005919320740480748, 0.006759341837366275, 0.006978718412938168], [-0.035175384643532454, 0.006978718412938168, 0.09321224272615544]], "chi2_level": 0.95, "chi2_df": 3, "chi2_threshold": 7.814727903251179, "N_raw": 21, "N_roi": 21, "N_inlier": 19, "refit": true}
{"timestamp": "18:01:25.184684", "frame": 11, "mu": [1.169767801108026, 0.922564155210148, 1.2294757018279316], "Sigma": [[0.020458171131807337, -0.004912282353981563, -0.04267357688767091], [-0.004912282353981563, 0.0038797456174591016, 0.006573096142094899], [-0.042673576887670914, 0.006573096142094899, 0.09775280741338734]], "chi2_level": 0.95, "chi2_df": 3, "chi2_threshold": 7.814727903251179, "N_raw": 19, "N_roi": 19, "N_inlier": 17, "refit": true}
{"timestamp": "18:01:25.241940", "frame": 12, "mu": [1.1037470944066992, 0.8734860530142446, 1.1319711445959522], "Sigma": [[0.00422687419800478, -0.0022092195463551145, -0.009480550985271147], [-0.0022092195463551145, 0.003158652114242953, 0.005799618765395722], [-0.009480550985271147, 0.005799618765395721, 0.033843739989025595]], "chi2_level": 0.95, "chi2_df": 3, "chi2_threshold": 7.814727903251179, "N_raw": 30, "N_roi": 30, "N_inlier": 29, "refit": true}
{"timestamp": "18:01:25.300446", "frame": 13, "mu": [1.075657001888498, 0.8027565045647922, 1.1527290232031935], "Sigma": [[0.006828912116050697, -0.005795871123969336, -0.007824083895662618], [-0.005795871123969334, 0.005659572488803656, 0.00681005533583752], [-0.007824083895662616, 0.00681005533583752, 0.019270002667355818]], "chi2_level": 0.95, "chi2_df": 3, "chi2_threshold": 7.814727903251179, "N_raw": 54, "N_roi": 54, "N_inlier": 49, "refit": true}
{"timestamp": "18:01:25.355415", "frame": 14, "mu": [0.9999968208774547, 0.8613060804397821, 1.2249614852764033], "Sigma": [[0.008495034972214337, -0.004772374625887, -0.013236113447398477], [-0.0047723746258870004, 0.0039957423130656195, 0.005901409452107513], [-0.013236113447398477, 0.005901409452107512, 0.024601536410196984]], "chi2_level": 0.95, "chi2_df": 3, "chi2_threshold": 7.814727903251179, "N_raw": 56, "N_roi": 56, "N_inlier": 54, "refit": true}
{"timestamp": "18:01:25.410062", "frame": 15, "mu": [0.9886633322360534, 0.8795023046430868, 1.1300579242766533], "Sigma": [[0.0035585593227897222, -0.00015394993082358814, -0.0030798273312135933], [-0.0001539499308235882, 0.004315037506362471, -0.0030674497381671896], [-0.0030798273312135933, -0.0030674497381671896, 0.006702656721381096]], "chi2_level": 0.95, "chi2_df": 3, "chi2_threshold": 7.814727903251179, "N_raw": 46, "N_roi": 46, "N_inlier": 44, "refit": true}
{"timestamp": "18:01:25.470265", "frame": 16, "mu": [0.8681872418801357, 0.8791497466342336, 1.0522461718221638], "Sigma": [[0.004507639237120844, -0.002200946149480039, -0.0008376383887517451], [-0.002200946149480039, 0.0018834702478637002, 0.0014888518557993062], [-0.0008376383887517452, 0.0014888518557993062, 0.09798459272932311]], "chi2_level": 0.95, "chi2_df": 3, "chi2_threshold": 7.814727903251179, "N_raw": 88, "N_roi": 88, "N_inlier": 85, "refit": true}
{"timestamp": "18:01:25.520996", "frame": 17, "mu": [0.8607589450411539, 0.8225211204418575, 1.1793006846326786], "Sigma": [[0.006781838438328231, -0.005132034593036636, -0.005725400931477642], [-0.005132034593036636, 0.0084221535355688, -0.0041895849071029185], [-0.005725400931477642, -0.0041895849071029185, 0.035433022165345995]], "chi2_level": 0.95, "chi2_df": 3, "chi2_threshold": 7.814727903251179, "N_raw": 49, "N_roi": 49, "N_inlier": 47, "refit": true}
{"timestamp": "18:01:25.576820", "frame": 18, "mu": [0.7560819779651196, 0.9067459225388038, 1.1297537528462571], "Sigma": [[0.0027087067600825715, -0.000995642913839023, -0.004337548701541145], [-0.000995642913839023, 0.006048206941104257, -0.008409090559779741], [-0.004337548701541146, -0.008409090559779741, 0.06271405141717659]], "chi2_level": 0.95, "chi2_df": 3, "chi2_threshold": 7.814727903251179, "N_raw": 60, "N_roi": 60, "N_inlier": 58, "refit": true}
{"timestamp": "18:01:25.629194", "frame": 19, "mu": [0.7089520259986918, 0.9285157550926094, 1.0994643622479472], "Sigma": [[0.002174637178084044, -0.0011771503359010822, -0.0013716290221186358], [-0.0011771503359010822, 0.0054359059291830235, -0.013290136884149404], [-0.0013716290221186362, -0.013290136884149404, 0.05773361418488747]], "chi2_level": 0.95, "chi2_df": 3, "chi2_threshold": 7.814727903251179, "N_raw": 48, "N_roi": 48, "N_inlier": 47, "refit": true}
{"timestamp": "18:01:25.687389", "frame": 20, "mu": [0.6482864177785309, 0.870422221810076, 1.3970341433288835], "Sigma": [[0.0051433860868332565, -0.000658787936136986, -0.0025464708938764576], [-0.000658787936136986, 0.004196835213928027, -0.001968347539982215], [-0.0025464708938764576, -0.001968347539982215, 0.009959417459415813]], "chi2_level": 0.95, "chi2_df": 3, "chi2_threshold": 7.814727903251179, "N_raw": 67, "N_roi": 67, "N_inlier": 63, "refit": true}
{"timestamp": "18:01:25.743696", "frame": 21, "mu": [0.5244842014381572, 0.894342272119172, 1.2758117602951091], "Sigma": [[0.028994614247142062, -0.014797447206887443, 0.032221787745461826], [-0.01479744720688744, 0.011247854530964826, -0.02261291043787559], [0.032221787745461826, -0.02261291043787559, 0.059865608918560013]], "chi2_level": 0.95, "chi2_df": 3, "chi2_threshold": 7.814727903251179, "N_raw": 76, "N_roi": 76, "N_inlier": 72, "refit": true}
{"timestamp": "18:01:25.799533", "frame": 22, "mu": [0.5102356555422198, 0.8637570313108278, 1.3522810445735582], "Sigma": [[0.002953719889182955, 0.00024773437656290867, -0.0018410880593955816], [0.00024773437656290867, 0.004073455217863636, -0.005415011580373394], [-0.0018410880593955816, -0.005415011580373394, 0.012350489563246544]], "chi2_level": 0.95, "chi2_df": 3, "chi2_threshold": 7.814727903251179, "N_raw": 72, "N_roi": 72, "N_inlier": 67, "refit": true}
{"timestamp": "18:01:25.856727", "frame": 23, "mu": [0.44098069493258624, 0.9667503744374185, -0.0334226436841729], "Sigma": [[0.006834893614110314, -0.004944620967588883, 0.044944562537844616], [-0.004944620967588883, 0.01581165800224203, -0.07965161345203006], [0.04494456253784462, -0.07965161345203006, 0.667989154425593]], "chi2_level": 0.95, "chi2_df": 3, "chi2_threshold": 7.814727903251179, "N_raw": 90, "N_roi": 90, "N_inlier": 84, "refit": true}
{"timestamp": "18:01:25.909160", "frame": 24, "mu": [0.35441632156219033, 0.8468065624484189, 1.3073136535951002], "Sigma": [[0.002589626447180195, -0.00027914729580943553, 0.0012325066696947098], [-0.00027914729580943553, 0.0023687981404629617, -0.003623794523521083], [0.0012325066696947102, -0.003623794523521083, 0.031299843010535885]], "chi2_level": 0.95, "chi2_df": 3, "chi2_threshold": 7.814727903251179, "N_raw": 76, "N_roi": 76, "N_inlier": 72, "refit": true}
{"timestamp": "18:01:25.962887", "frame": 25, "mu": [0.28618558044281733, 0.9519558729499794, -0.37445595785477037], "Sigma": [[0.002768761335453608, 0.00020660840063068826, 9.96406536576269e-05], [0.00020660840063068834, 0.003444936319011719, -0.0023208764370769228], [9.964065365762709e-05, -0.0023208764370769228, 0.007922841097279077]], "chi2_level": 0.95, "chi2_df": 3, "chi2_threshold": 7.814727903251179, "N_raw": 64, "N_roi": 64, "N_inlier": 59, "refit": true}
{"timestamp": "18:01:26.017876", "frame": 26, "mu": [0.2273664074325631, 0.8297650183718225, 1.339247896908385], "Sigma": [[0.00413813159390246, -0.0005052688382776772, -0.002410552424682795], [-0.0005052688382776772, 0.0014595264982148297, 0.0005415598459927541], [-0.002410552424682795, 0.000541559845992754, 0.011001571368847026]], "chi2_level": 0.95, "chi2_df": 3, "chi2_threshold": 7.814727903251179, "N_raw": 71, "N_roi": 71, "N_inlier": 67, "refit": true}
{"timestamp": "18:01:26.070442", "frame": 27, "mu": [0.1065288602480155, 0.7825812917159504, 1.3608579698668926], "Sigma": [[0.002520389089505914, 0.003014228407999842, 0.003579656473468624], [0.003014228407999842, 0.007495805905236796, 0.008626419950912935], [0.003579656473468624, 0.008626419950912935, 0.020492314405891828]], "chi2_level": 0.95, "chi2_df": 3, "chi2_threshold": 7.814727903251179, "N_raw": 49, "N_roi": 49, "N_inlier": 45, "refit": true}
{"timestamp": "18:01:26.128961", "frame": 28, "mu": [0.05140853466159334, 0.8420482791406276, 1.2890085408615397], "Sigma": [[0.0022338134249977257, -0.0011452027532566171, 0.000248792865110877], [-0.001145202753256617, 0.0028176875944925673, -0.004493523852167801], [0.0002487928651108769, -0.004493523852167801, 0.010709783855980749]], "chi2_level": 0.95, "chi2_df": 3, "chi2_threshold": 7.814727903251179, "N_raw": 78, "N_roi": 78, "N_inlier": 75, "refit": true}
{"timestamp": "18:01:26.183031", "frame": 29, "mu": [-0.022866558372868568, 0.8047638995504295, 1.2174179695676028], "Sigma": [[0.006069733037800126, -0.00236447199185773, 0.004618121346981958], [-0.0023644719918577304, 0.004812223443511949, -0.003067120389508694], [0.004618121346981958, -0.003067120389508694, 0.005509198616339813]], "chi2_level": 0.95, "chi2_df": 3, "chi2_threshold": 7.814727903251179, "N_raw": 71, "N_roi": 71, "N_inlier": 68, "refit": true}
{"timestamp": "18:01:26.241248", "frame": 30, "mu": [-0.10680297068705494, 0.8374765044287859, 1.2794951592330848], "Sigma": [[0.0019060600684070153, -0.0005574066311468794, -0.0007840466236350374], [-0.0005574066311468794, 0.000963824476963841, -0.0004758534123186925], [-0.0007840466236350374, -0.0004758534123186925, 0.03236028583815254]], "chi2_level": 0.95, "chi2_df": 3, "chi2_threshold": 7.814727903251179, "N_raw": 93, "N_roi": 93, "N_inlier": 89, "refit": true}
{"timestamp": "18:01:26.294553", "frame": 31, "mu": [-0.17332577145750128, 0.7607596267300711, 1.2762679802031414], "Sigma": [[0.0023982022951687196, 0.0025899917530669645, 0.0030304699118242928], [0.0025899917530669645, 0.014332354887301018, 0.003887683056292329], [0.0030304699118242928, 0.003887683056292329, 0.008460839709407772]], "chi2_level": 0.95, "chi2_df": 3, "chi2_threshold": 7.814727903251179, "N_raw": 82, "N_roi": 82, "N_inlier": 77, "refit": true}
{"timestamp": "18:01:26.351441", "frame": 32, "mu": [-0.19146136230099145, 0.7526144856684646, 1.1307706874501426], "Sigma": [[0.003510880834511645, -0.0016722097932396734, -0.009939262621044944], [-0.0016722097932396736, 0.003070579108389473, 0.01138851176767178], [-0.009939262621044944, 0.01138851176767178, 0.07359857623272718]], "chi2_level": 0.95, "chi2_df": 3, "chi2_threshold": 7.814727903251179, "N_raw": 86, "N_roi": 86, "N_inlier": 81, "refit": true}
{"timestamp": "18:01:26.403222", "frame": 33, "mu": [-0.2800340081410295, 0.9815961635465469, -0.6618654553732806], "Sigma": [[0.002570940136965064, 0.0002973514410164827, -0.00836285355719379], [0.0002973514410164828, 0.005058634787399579, -0.00017780117327125891], [-0.00836285355719379, -0.00017780117327125924, 0.055927921853976846]], "chi2_level": 0.95, "chi2_df": 3, "chi2_threshold": 7.814727903251179, "N_raw": 63, "N_roi": 63, "N_inlier": 58, "refit": true}
{"timestamp": "18:01:26.464982", "frame": 34, "mu": [-0.3722116257157825, 0.8125861881152079, 1.301208068007847], "Sigma": [[0.005766857795425122, -0.0014890672341331748, -0.004982699817002995], [-0.0014890672341331748, 0.0017667017099699267, -0.0015369604527007946], [-0.004982699817002995, -0.0015369604527007946, 0.015856011342370226]], "chi2_level": 0.95, "chi2_df": 3, "chi2_threshold": 7.814727903251179, "N_raw": 118, "N_roi": 118, "N_inlier": 109, "refit": true}
{"timestamp": "18:01:26.510250", "frame": 35, "mu": [-0.429247709849839, 0.7963492153749357, 1.1763545477056232], "Sigma": [[0.00277889279977135, -0.0004762388849945509, -0.0029356392814357335], [-0.000476238884994551, 0.000593222403754233, 0.001735758634560412], [-0.0029356392814357335, 0.001735758634560412, 0.021244733356318497]], "chi2_level": 0.95, "chi2_df": 3, "chi2_threshold": 7.814727903251179, "N_raw": 43, "N_roi": 43, "N_inlier": 39, "refit": true}
{"timestamp": "18:01:26.571315", "frame": 36, "mu": [-0.6411343849872246, 0.8626523172053435, -0.3569912081766669], "Sigma": [[0.03174548741090505, 0.01403576389425373, -0.034281203005715605], [0.01403576389425373, 0.01338556909961156, -0.012942295097301392], [-0.034281203005715605, -0.012942295097301392, 0.05794965635524202]], "chi2_level": 0.95, "chi2_df": 3, "chi2_threshold": 7.814727903251179, "N_raw": 106, "N_roi": 106, "N_inlier": 105, "refit": true}
{"timestamp": "18:01:26.618665", "frame": 37, "mu": [-0.9324833122045928, 0.6632971483871759, 1.6208872714324511], "Sigma": [[0.017196473344262976, 0.009382105977280581, -0.014068555192835688], [0.009382105977280581, 0.008509720226442622, -0.01019919748729017], [-0.014068555192835687, -0.01019919748729017, 0.01761762909649562]], "chi2_level": 0.95, "chi2_df": 3, "chi2_threshold": 7.814727903251179, "N_raw": 42, "N_roi": 42, "N_inlier": 38, "refit": true}
{"timestamp": "18:01:26.674238", "frame": 38, "mu": [-0.966387460588082, 0.6992109392463843, 1.6817241864584105], "Sigma": [[0.019221143902486394, 0.007237339494210135, -0.016265084440218493], [0.007237339494210134, 0.006317285619288824, -0.011768179876748405], [-0.016265084440218493, -0.011768179876748405, 0.027277891358766928]], "chi2_level": 0.95, "chi2_df": 3, "chi2_threshold": 7.814727903251179, "N_raw": 45, "N_roi": 45, "N_inlier": 42, "refit": true}
{"timestamp": "18:01:26.730017", "frame": 39, "mu": [-1.0164251604638814, 0.7059867722860953, 1.6831800091682916], "Sigma": [[0.008724001411275094, 0.0035174168921860245, -0.004108834794965349], [0.0035174168921860245, 0.004637634885727568, -0.00601973116499328], [-0.004108834794965349, -0.00601973116499328, 0.009234143933807195]], "chi2_level": 0.95, "chi2_df": 3, "chi2_threshold": 7.814727903251179, "N_raw": 59, "N_roi": 59, "N_inlier": 56, "refit": true}
{"timestamp": "18:01:26.785258", "frame": 40, "mu": [-0.9723730889974359, 0.7302219574168706, 1.3134183563745503], "Sigma": [[0.03331512025028303, 0.015446288943235978, -0.04906980220610474], [0.015446288943235978, 0.00887481424589246, -0.02545921756080083], [-0.04906980220610474, -0.025459217560800825, 0.08779470691679397]], "chi2_level": 0.95, "chi2_df": 3, "chi2_threshold": 7.814727903251179, "N_raw": 56, "N_roi": 56, "N_inlier": 51, "refit": true}
{"timestamp": "18:01:26.843207", "frame": 41, "mu": [-1.00271483349567, 0.594607485993243, 1.2816450816300862], "Sigma": [[0.020995585921236327, 0.008402224244352642, -0.009161029994691795], [0.008402224244352642, 0.020228993019393435, -0.0029898064581410696], [-0.009161029994691795, -0.00298980645814107, 0.007439522420207823]], "chi2_level": 0.95, "chi2_df": 3, "chi2_threshold": 7.814727903251179, "N_raw": 81, "N_roi": 81, "N_inlier": 77, "refit": true}
{"timestamp": "18:01:26.902718", "frame": 42, "mu": [-1.0551255689281012, 0.6088094611959165, 1.2895352211420663], "Sigma": [[0.011752488357020367, 0.009818768699386894, -0.0015846436702349575], [0.009818768699386892, 0.015225475031956471, -0.007351014477312457], [-0.0015846436702349575, -0.007351014477312457, 0.006452113146924384]], "chi2_level": 0.95, "chi2_df": 3, "chi2_threshold": 7.814727903251179, "N_raw": 104, "N_roi": 104, "N_inlier": 96, "refit": true}
{"timestamp": "18:01:26.955736", "frame": 43, "mu": [-1.203715160411035, 0.7640448614292533, -0.4601727521207761], "Sigma": [[0.01506020201274969, 0.006224674290928338, -0.002275548385685969], [0.006224674290928338, 0.01323062480960445, -0.0011211647797689428], [-0.002275548385685969, -0.0011211647797689426, 0.0009531210260685323]], "chi2_level": 0.95, "chi2_df": 3, "chi2_threshold": 7.814727903251179, "N_raw": 85, "N_roi": 85, "N_inlier": 81, "refit": true}
{"timestamp": "18:01:27.087437", "frame": 44, "mu": [-1.2292952169587175, 0.8442301706686783, -0.45635400595070963], "Sigma": [[0.014159922521302668, 0.0068676100471432595, 0.0016390772129685556], [0.0068676100471432595, 0.012753579904762953, -0.0029658433311532304], [0.0016390772129685554, -0.002965843331153231, 0.0026519155813292433]], "chi2_level": 0.95, "chi2_df": 3, "chi2_threshold": 7.814727903251179, "N_raw": 106, "N_roi": 101, "N_inlier": 98, "refit": true}
{"timestamp": "18:01:27.120714", "frame": 45, "mu": [-1.3185835790357383, 0.8396560778942372, -0.42019986104618207], "Sigma": [[0.015313922810123275, 0.008897678991458947, -0.00024201718213822515], [0.008897678991458947, 0.013412067957890903, -0.003581578807688443], [-0.00024201718213822472, -0.003581578807688443, 0.004529488843063292]], "chi2_level": 0.95, "chi2_df": 3, "chi2_threshold": 7.814727903251179, "N_raw": 91, "N_roi": 91, "N_inlier": 85, "refit": true}
{"timestamp": "18:01:27.139833", "frame": 46, "mu": [-1.3971847536640303, 0.8504225401750182, -0.44020989568754776], "Sigma": [[0.013113092688214818, 0.008220097661358691, -0.0018873776309859618], [0.008220097661358691, 0.016878467891012994, -0.004650518222778708], [-0.0018873776309859618, -0.004650518222778708, 0.0024917735826528397]], "chi2_level": 0.95, "chi2_df": 3, "chi2_threshold": 7.814727903251179, "N_raw": 85, "N_roi": 85, "N_inlier": 81, "refit": true}
{"timestamp": "18:01:27.174368", "frame": 47, "mu": [-1.4050802529423603, 1.0090617537807274, -0.5241372635297711], "Sigma": [[0.014133714137543003, 0.019332564781218232, -0.025964860604921806], [0.01933256478121823, 0.04513907799665683, -0.058894756195346926], [-0.025964860604921806, -0.05889475619534693, 0.08930840003282431]], "chi2_level": 0.95, "chi2_df": 3, "chi2_threshold": 7.814727903251179, "N_raw": 74, "N_roi": 74, "N_inlier": 73, "refit": true}
{"timestamp": "18:01:27.233719", "frame": 48, "mu": [-1.4050749473240736, 1.0891333322429242, -0.7259456405832064], "Sigma": [[0.015402596085670453, 0.03109814678023331, -0.024248125730822016], [0.031098146780233316, 0.11268736087371459, -0.09157311814101954], [-0.024248125730822016, -0.09157311814101954, 0.11070638414028026]], "chi2_level": 0.95, "chi2_df": 3, "chi2_threshold": 7.814727903251179, "N_raw": 104, "N_roi": 104, "N_inlier": 104, "refit": true}
{"timestamp": "18:01:27.288046", "frame": 49, "mu": [-1.4931801564302392, 1.0296849438110578, -0.3787368362571758], "Sigma": [[0.013955031721784791, 0.006447917039649956, -0.005206291817104275], [0.006447917039649956, 0.016142753037707243, -0.006333889522708058], [-0.005206291817104275, -0.006333889522708057, 0.004217888938743698]], "chi2_level": 0.95, "chi2_df": 3, "chi2_threshold": 7.814727903251179, "N_raw": 96, "N_roi": 96, "N_inlier": 92, "refit": true}
{"timestamp": "18:01:27.343045", "frame": 50, "mu": [-1.5096476935811567, 1.0789279617654841, -0.36555481137810514], "Sigma": [[0.015231413839897553, 0.008913357750463247, -0.008060104268707645], [0.008913357750463249, 0.019800065422397376, -0.00749568908482636], [-0.008060104268707645, -0.00749568908482636, 0.005556340488786572]], "chi2_level": 0.95, "chi2_df": 3, "chi2_threshold": 7.814727903251179, "N_raw": 96, "N_roi": 96, "N_inlier": 94, "refit": true}
{"timestamp": "18:01:27.395338", "frame": 51, "mu": [-1.582160901416577, 0.9937922317275758, 1.4258534587907934], "Sigma": [[0.013183288310304955, 0.004487814717521996, -0.010908436072394362], [0.004487814717521996, 0.012273568073145355, -0.008626261332721989], [-0.010908436072394362, -0.008626261332721989, 0.012059160041673017]], "chi2_level": 0.95, "chi2_df": 3, "chi2_threshold": 7.814727903251179, "N_raw": 78, "N_roi": 78, "N_inlier": 77, "refit": true}
{"timestamp": "18:01:27.460221", "frame": 52, "mu": [-1.6611908984745667, 1.1331384088707293, -0.39932840315323304], "Sigma": [[0.01384718156653065, 0.00951942575112947, 0.003707323380461203], [0.00951942575112947, 0.01904528754281202, -0.0030266252186372114], [0.003707323380461203, -0.0030266252186372114, 0.021388894383990754]], "chi2_level": 0.95, "chi2_df": 3, "chi2_threshold": 7.814727903251179, "N_raw": 96, "N_roi": 96, "N_inlier": 92, "refit": true}
{"timestamp": "18:01:27.509294", "frame": 53, "mu": [-1.6869307334240955, 1.1757448443053653, -0.505996288370332], "Sigma": [[0.025330228770651053, 0.015119932339831277, 0.007424164638242564], [0.015119932339831277, 0.018727246692508224, -0.004832862365824069], [0.007424164638242564, -0.004832862365824069, 0.01700154545202396]], "chi2_level": 0.95, "chi2_df": 3, "chi2_threshold": 7.814727903251179, "N_raw": 118, "N_roi": 118, "N_inlier": 118, "refit": true}
{"timestamp": "18:01:27.562084", "frame": 54, "mu": [-1.7379629168134796, 1.210535676119479, -0.45374492250738363], "Sigma": [[0.015644200419578282, 0.01419667890829685, 0.012486445366415282], [0.01419667890829685, 0.0230785981146751, 0.008773405956329014], [0.012486445366415284, 0.008773405956329014, 0.06469612090666026]], "chi2_level": 0.95, "chi2_df": 3, "chi2_threshold": 7.814727903251179, "N_raw": 97, "N_roi": 97, "N_inlier": 97, "refit": true}
{"timestamp": "18:01:27.615646", "frame": 55, "mu": [-1.8104843497037117, 1.269761953138099, -0.5900175119264353], "Sigma": [[0.012680841287307362, 0.014208056054200377, -0.0022664713073407726], [0.014208056054200377, 0.022001478960767804, -0.0058714335847610466], [-0.0022664713073407726, -0.005871433584761046, 0.14742809153744926]], "chi2_level": 0.95, "chi2_df": 3, "chi2_threshold": 7.814727903251179, "N_raw": 96, "N_roi": 96, "N_inlier": 95, "refit": true}
{"timestamp": "18:01:27.676906", "frame": 56, "mu": [-1.7810967199408259, 1.3460128691990452, -0.5946428146748117], "Sigma": [[0.018713723712745167, 0.022066286139603604, 0.015825903921674732], [0.022066286139603607, 0.04875268682733616, 0.017535730473512968], [0.015825903921674732, 0.017535730473512968, 0.042443750134707886]], "chi2_level": 0.95, "chi2_df": 3, "chi2_threshold": 7.814727903251179, "N_raw": 127, "N_roi": 127, "N_inlier": 121, "refit": true}
{"timestamp": "18:01:27.729088", "frame": 57, "mu": [-1.8754072189847086, 1.412365683013957, -0.4614620611369804], "Sigma": [[0.01901809508878967, 0.012569528734289244, 0.010112091991039147], [0.012569528734289244, 0.017438671862516606, -0.00600416189539614], [0.010112091991039145, -0.006004161895396139, 0.04818979931654914]], "chi2_level": 0.95, "chi2_df": 3, "chi2_threshold": 7.814727903251179, "N_raw": 105, "N_roi": 105, "N_inlier": 100, "refit": true}
{"timestamp": "18:01:27.790974", "frame": 58, "mu": [-1.8331859916888182, 1.4977907644968522, -0.24325621584999557], "Sigma": [[0.019086317850138118, 0.014485375795596753, -0.006127133615231978], [0.014485375795596753, 0.021788116405433888, -0.009646291399156086], [-0.006127133615231978, -0.009646291399156088, 0.007886413980270396]], "chi2_level": 0.95, "chi2_df": 3, "chi2_threshold": 7.814727903251179, "N_raw": 86, "N_roi": 86, "N_inlier": 83, "refit": true}
{"timestamp": "18:01:27.839729", "frame": 59, "mu": [-1.9216518189306977, 1.561718387649085, -0.22626591856568223], "Sigma": [[0.03456715799483841, 0.008963951252106632, 0.024959867861881466], [0.008963951252106628, 0.02630535789049336, -0.007911562682247715], [0.024959867861881466, -0.007911562682247714, 0.06148736733517259]], "chi2_level": 0.95, "chi2_df": 3, "chi2_threshold": 7.814727903251179, "N_raw": 110, "N_roi": 110, "N_inlier": 107, "refit": true}
{"timestamp": "18:01:27.892259", "frame": 60, "mu": [-1.9723250202493023, 1.6487031043657434, -0.3727783213518544], "Sigma": [[0.03818486982124712, -0.002346441583187478, 0.030008783669842606], [-0.0023464415831874787, 0.023875624577186436, -0.02851005248685278], [0.030008783669842606, -0.02851005248685278, 0.061573682295556945]], "chi2_level": 0.95, "chi2_df": 3, "chi2_threshold": 7.814727903251179, "N_raw": 97, "N_roi": 92, "N_inlier": 87, "refit": true}
{"timestamp": "18:01:27.946825", "frame": 61, "mu": [-1.9491483775106493, 1.6491462307409215, -0.09891437700391462], "Sigma": [[0.021914920937526713, 0.017884441856095393, -0.01578802710210786], [0.017884441856095393, 0.027679742285230992, -0.017731234749764666], [-0.015788027102107857, -0.017731234749764666, 0.01691647628974255]], "chi2_level": 0.95, "chi2_df": 3, "chi2_threshold": 7.814727903251179, "N_raw": 92, "N_roi": 92, "N_inlier": 88, "refit": true}
{"timestamp": "18:01:27.996005", "frame": 62, "mu": [-2.027297720211896, 1.5790254095535707, 1.5385856994982932], "Sigma": [[0.012875721850129801, 0.004984601836509687, -0.012759569247929268], [0.004984601836509687, 0.012765652207311157, -0.00592331875373792], [-0.012759569247929268, -0.0059233187537379205, 0.014711583721389821]], "chi2_level": 0.95, "chi2_df": 3, "chi2_threshold": 7.814727903251179, "N_raw": 60, "N_roi": 60, "N_inlier": 58, "refit": true}
{"timestamp": "18:01:28.056777", "frame": 63, "mu": [-2.0507599847250644, 1.7259501215106545, 0.01318378887549049], "Sigma": [[0.025521493635063286, 0.02192555985494974, -0.015764203516420428], [0.02192555985494974, 0.033633382210206175, -0.013691030112043766], [-0.015764203516420428, -0.013691030112043766, 0.011875042574013154]], "chi2_level": 0.95, "chi2_df": 3, "chi2_threshold": 7.814727903251179, "N_raw": 95, "N_roi": 95, "N_inlier": 93, "refit": true}
{"timestamp": "18:01:28.106920", "frame": 64, "mu": [-2.028979173248505, 1.793806118473775, -0.04114121756463648], "Sigma": [[0.02307569108117684, 0.02301105710262359, -0.01427016312848352], [0.02301105710262359, 0.028776448821009437, -0.0148545608891435], [-0.01427016312848352, -0.0148545608891435, 0.010350546438958505]], "chi2_level": 0.95, "chi2_df": 3, "chi2_threshold": 7.814727903251179, "N_raw": 62, "N_roi": 62, "N_inlier": 59, "refit": true}
{"timestamp": "18:01:28.161965", "frame": 65, "mu": [-2.2005584656460337, 1.7092978655275177, 1.5976215560785176], "Sigma": [[0.02348362847531975, 0.012480262713574499, -0.0256749119663496], [0.012480262713574499, 0.017481050341719154, -0.011323704024563674], [-0.025674911966349596, -0.011323704024563674, 0.03649610080572541]], "chi2_level": 0.95, "chi2_df": 3, "chi2_threshold": 7.814727903251179, "N_raw": 68, "N_roi": 68, "N_inlier": 66, "refit": true}
{"timestamp": "18:01:28.217185", "frame": 66, "mu": [-2.1661278723399087, 1.9171032853772612, 0.08545645332946065], "Sigma": [[0.02203270689300918, 0.0198180850323178, -0.012611705238222243], [0.019818085032317797, 0.027451523570841536, -0.01704349907017492], [-0.012611705238222245, -0.01704349907017492, 0.027687895664419905]], "chi2_level": 0.95, "chi2_df": 3, "chi2_threshold": 7.814727903251179, "N_raw": 68, "N_roi": 68, "N_inlier": 66, "refit": true}
{"timestamp": "18:01:28.271077", "frame": 67, "mu": [-2.260618230710914, 1.9310310628657632, 0.16780334853080767], "Sigma": [[0.017632537167440857, 0.01780126503803201, -0.012879657878838706], [0.01780126503803201, 0.024897988881012953, -0.013648709187431721], [-0.012879657878838706, -0.013648709187431721, 0.011279130542362443]], "chi2_level": 0.95, "chi2_df": 3, "chi2_threshold": 7.814727903251179, "N_raw": 55, "N_roi": 48, "N_inlier": 44, "refit": true}
{"timestamp": "18:01:28.329551", "frame": 68, "mu": [-2.23857207389406, 2.068990608437057, -0.22813786345769937], "Sigma": [[0.02130560531745108, 0.019434461528583385, -0.0017798378884455305], [0.019434461528583385, 0.025877403246526078, -0.007136758602432922], [-0.001779837888445531, -0.007136758602432923, 0.05392956232723228]], "chi2_level": 0.95, "chi2_df": 3, "chi2_threshold": 7.814727903251179, "N_raw": 78, "N_roi": 65, "N_inlier": 62, "refit": true}
{"timestamp": "18:01:28.381915", "frame": 69, "mu": [-2.2244520815476205, 2.0754462217465295, 1.5679715325352674], "Sigma": [[0.02574766751562288, 0.021521366516663205, -0.03149391825942302], [0.021521366516663205, 0.025563584137283372, -0.034101415663385565], [-0.03149391825942302, -0.034101415663385565, 0.08791976337250487]], "chi2_level": 0.95, "chi2_df": 3, "chi2_threshold": 7.814727903251179, "N_raw": 66, "N_roi": 54, "N_inlier": 50, "refit": true}
{"timestamp": "18:01:28.441755", "frame": 70, "mu": [-2.168421613620001, 2.283227233141803, -0.4946896926397918], "Sigma": [[0.026795026244782513, 0.024425509486641767, 0.005239052542979065], [0.024425509486641763, 0.030399493581461268, -0.007357047385748648], [0.005239052542979069, -0.007357047385748649, 0.21758624669488572]], "chi2_level": 0.95, "chi2_df": 3, "chi2_threshold": 7.814727903251179, "N_raw": 96, "N_roi": 83, "N_inlier": 81, "refit": true}
{"timestamp": "18:01:28.490674", "frame": 71, "mu": [-2.300625946598957, 2.253557337234676, 1.7043754736802121], "Sigma": [[0.019056576826739655, 0.01613089968238095, -0.023252380711463815], [0.01613089968238095, 0.02863697503259274, -0.04765808558490349], [-0.023252380711463815, -0.04765808558490349, 0.17116429305389833]], "chi2_level": 0.95, "chi2_df": 3, "chi2_threshold": 7.814727903251179, "N_raw": 49, "N_roi": 31, "N_inlier": 29, "refit": true}
{"timestamp": "18:01:28.546431", "frame": 72, "mu": [-2.1480974349468376, 2.361461786700013, 1.0688128804371781], "Sigma": [[0.015565978261849222, 0.00669744066548864, 0.03690166554280878], [0.00669744066548864, 0.006892180807530159, 0.023582610706539702], [0.03690166554280878, 0.023582610706539702, 0.25454947864782995]], "chi2_level": 0.95, "chi2_df": 3, "chi2_threshold": 7.814727903251179, "N_raw": 61, "N_roi": 51, "N_inlier": 51, "refit": true}
{"timestamp": "18:01:28.602806", "frame": 73, "mu": [-2.163932521997277, 2.4701066159585965, 1.4653151905265367], "Sigma": [[0.013944893308289632, 0.005390743753367754, 0.0015152043791932881], [0.005390743753367754, 0.005920033114084459, -0.006264125746952507], [0.001515204379193288, -0.006264125746952507, 0.04117461589448641]], "chi2_level": 0.95, "chi2_df": 3, "chi2_threshold": 7.814727903251179, "N_raw": 66, "N_roi": 47, "N_inlier": 44, "refit": true}
{"timestamp": "18:01:28.654836", "frame": 74, "mu": [-2.2609714088437562, 2.638260648948756, -0.6285281278671161], "Sigma": [[0.006577193604525778, 0.0024437405256403574, 0.022452144733599154], [0.0024437405256403574, 0.00399156651563764, 0.0036547706359119792], [0.022452144733599157, 0.003654770635911982, 0.16741667498835164]], "chi2_level": 0.95, "chi2_df": 3, "chi2_threshold": 7.814727903251179, "N_raw": 46, "N_roi": 13, "N_inlier": 12, "refit": true}
{"timestamp": "18:01:28.703342", "frame": 75, "mu": [-2.1337548642920443, 2.781952532313132, -0.1358222717651506], "Sigma": [[0.01375329684199802, -0.002063703985521266, 0.03806183892011536], [-0.002063703985521266, 0.0035100394925241195, 0.00011423106985514252], [0.03806183892011536, 0.00011423106985514252, 0.14403164581349348]], "chi2_level": 0.95, "chi2_df": 3, "chi2_threshold": 7.814727903251179, "N_raw": 9, "N_roi": 7, "N_inlier": 7, "refit": true}
{"timestamp": "18:01:28.762493", "frame": 76, "mu": [-2.24380807871691, 2.8877917252435994, -0.5407204934362487], "Sigma": [[0.018920504934182437, 0.007902213197708209, 0.02705156376469206], [0.007902213197708209, 0.005749486353826804, 0.0062880511098682545], [0.027051563764692057, 0.0062880511098682545, 0.13362615764036168]], "chi2_level": 0.95, "chi2_df": 3, "chi2_threshold": 7.814727903251179, "N_raw": 36, "N_roi": 34, "N_inlier": 33, "refit": true}
{"timestamp": "18:01:28.813504", "frame": 77, "mu": [-2.1973914617540817, 2.942048944406029, -0.12675974991555916], "Sigma": [[0.037871683476934995, -0.0008738511038663861, 0.041918351004670715], [-0.000873851103866386, 0.0015639091106251272, -0.0006288180306634699], [0.041918351004670715, -0.0006288180306634691, 0.05907848930665703]], "chi2_level": 0.95, "chi2_df": 3, "chi2_threshold": 7.814727903251179, "N_raw": 8, "N_roi": 8, "N_inlier": 8, "refit": true}
{"timestamp": "18:01:28.869485", "frame": 78, "mu": [-2.026635108223145, 2.947457312356373, 0.1511796084765505], "Sigma": [[0.005332379767623851, 0.001881699225728552, -0.004615205420606075], [0.0018816992257285523, 0.008621829517071047, -0.011766686750748542], [-0.004615205420606075, -0.01176668675074854, 0.0211789660984116]], "chi2_level": 0.95, "chi2_df": 3, "chi2_threshold": 7.814727903251179, "N_raw": 19, "N_roi": 17, "N_inlier": 14, "refit": true}
{"timestamp": "18:01:28.924187", "frame": 79, "mu": [-2.1225439049605663, 3.158735985376582, -0.07115830403998796], "Sigma": [[0.03246284172172954, -0.015566714844044404, 0.04567131915707663], [-0.015566714844044404, 0.026799907995639756, -0.04467605876660451], [0.04567131915707663, -0.04467605876660451, 0.10545465467987414]], "chi2_level": 0.95, "chi2_df": 3, "chi2_threshold": 7.814727903251179, "N_raw": 10, "N_roi": 9, "N_inlier": 9, "refit": true}
{"timestamp": "18:01:28.977378", "frame": 80, "mu": [-2.1130300622858593, 3.0962863137469747, 0.9752898767342351], "Sigma": [[0.03377062346272246, -0.008912157563281911, 0.05769566210360988], [-0.00891215756328191, 0.0043741774623800795, -0.018936762535786418], [0.05769566210360988, -0.018936762535786418, 0.11666488147372182]], "chi2_level": 0.95, "chi2_df": 3, "chi2_threshold": 7.814727903251179, "N_raw": 9, "N_roi": 9, "N_inlier": 8, "refit": true}
{"timestamp": "18:01:29.037078", "frame": 81, "mu": [-2.028429328401445, 3.112463854879388, 1.564772614322697], "Sigma": [[0.015811796931821557, 0.005892293251151989, -0.014829292785661195], [0.005892293251151988, 0.0052056681592435065, -0.006659093621502512], [-0.014829292785661195, -0.006659093621502512, 0.01564391659010765]], "chi2_level": 0.95, "chi2_df": 3, "chi2_threshold": 7.814727903251179, "N_raw": 34, "N_roi": 34, "N_inlier": 30, "refit": true}
{"timestamp": "18:01:29.090230", "frame": 82, "mu": [-1.9963957604458538, 3.208759274127054, 0.3840520005542631], "Sigma": [[0.0075181614780669625, 0.004292789201784573, -0.004381774179521888], [0.004292789201784573, 0.007702787321298061, -0.005916647530370443], [-0.004381774179521888, -0.0059166475303704434, 0.007931183534185772]], "chi2_level": 0.95, "chi2_df": 3, "chi2_threshold": 7.814727903251179, "N_raw": 25, "N_roi": 25, "N_inlier": 24, "refit": true}
{"timestamp": "18:01:29.145331", "frame": 83, "mu": [-2.017493404292857, 3.225742452563304, 1.6163327639437202], "Sigma": [[0.007107889965639971, 0.00383209054645426, -0.008112902374287707], [0.00383209054645426, 0.004285917400086114, -0.005669680526116645], [-0.008112902374287707, -0.005669680526116645, 0.01347045958437622]], "chi2_level": 0.95, "chi2_df": 3, "chi2_threshold": 7.814727903251179, "N_raw": 20, "N_roi": 20, "N_inlier": 17, "refit": true}
{"timestamp": "18:01:29.204177", "frame": 84, "mu": [-1.9324217263769212, 3.390686681084508, 0.08534950170364536], "Sigma": [[0.011907596090668762, 0.010197344763778055, -0.01777539655628064], [0.010197344763778055, 0.021330478470508882, -0.06285930085474312], [-0.01777539655628064, -0.06285930085474312, 0.25078198685771785]], "chi2_level": 0.95, "chi2_df": 3, "chi2_threshold": 7.814727903251179, "N_raw": 48, "N_roi": 47, "N_inlier": 46, "refit": true}
{"timestamp": "18:01:29.255724", "frame": 85, "mu": [-1.8796188476185367, 3.3957782954697247, 1.2919152256561397], "Sigma": [[0.012604464251415171, 0.004327718602176176, -0.008285565140463002], [0.004327718602176176, 0.0025971032764712746, -0.004739155279029399], [-0.008285565140463, -0.0047391552790293995, 0.013487434390528965]], "chi2_level": 0.95, "chi2_df": 3, "chi2_threshold": 7.814727903251179, "N_raw": 24, "N_roi": 24, "N_inlier": 22, "refit": true}
{"timestamp": "18:01:29.308192", "frame": 86, "mu": [-1.7965635663530557, 3.610413921316322, -0.16304341774913625], "Sigma": [[0.00014583803651554666, -2.7749210749377674e-06, 0.00018512367704801415], [-2.7749210749377674e-06, 0.03041980709724223, -0.08287458562238524], [0.00018512367704801437, -0.08287458562238524, 0.27337594288791073]], "chi2_level": 0.95, "chi2_df": 3, "chi2_threshold": 7.814727903251179, "N_raw": 7, "N_roi": 7, "N_inlier": 6, "refit": true}
