{"timestamp": "18:37:57.663310", "frame": 1, "mu": [1.219658898341875, 1.4420607142764243, 0.9872314292041061], "Sigma": [[0.0022403284675244868, -0.0009569624163614286, -0.00043982300652011094], [-0.0009569624163614286, 0.0018561132973885562, -0.0018145610696630211], [-0.00043982300652011094, -0.0018145610696630211, 0.004008572841841514]], "chi2_level": 0.95, "chi2_df": 3, "chi2_threshold": 7.814727903251179, "N_raw": 24, "N_roi": 24, "N_inlier": 23, "refit": true}
{"timestamp": "18:37:57.717896", "frame": 2, "mu": [1.1780474310279736, 1.5557762741823442, 1.3575581130090102], "Sigma": [[0.0022901720832831417, -0.0014682869649904054, -0.005788439797289181], [-0.0014682869649904054, 0.0017057291118183916, 0.004543469221993334], [-0.005788439797289181, 0.004543469221993333, 0.05197147527017638]], "chi2_level": 0.95, "chi2_df": 3, "chi2_threshold": 7.814727903251179, "N_raw": 13, "N_roi": 13, "N_inlier": 13, "refit": true}
{"timestamp": "18:37:57.773079", "frame": 3, "mu": [1.133080249259138, 1.563496186924378, 1.4999539499891494], "Sigma": [[0.0032760758825841367, -0.001333504274130168, -0.0005613780248291168], [-0.001333504274130168, 0.0030075602947561546, 0.0005893555781177265], [-0.0005613780248291168, 0.0005893555781177266, 0.0005915981574407122]], "chi2_level": 0.95, "chi2_df": 3, "chi2_threshold": 7.814727903251179, "N_raw": 21, "N_roi": 21, "N_inlier": 20, "refit": true}
{"timestamp": "18:37:57.827844", "frame": 4, "mu": [1.2122002946749968, 1.541865154474831, 1.1477518549823191], "Sigma": [[0.00355200077067774, -0.0011831125465379896, -0.005000185491509288], [-0.0011831125465379898, 0.0030767076232574857, -0.0008338592789749876], [-0.005000185491509288, -0.0008338592789749875, 0.01954296690406089]], "chi2_level": 0.95, "chi2_df": 3, "chi2_threshold": 7.814727903251179, "N_raw": 20, "N_roi": 20, "N_inlier": 19, "refit": true}
{"timestamp": "18:37:57.886481", "frame": 5, "mu": [1.1997036159947683, 1.5243862275946571, 1.0357026358525363], "Sigma": [[0.005330874692515453, -0.0031394088710681818, -0.003932332871476765], [-0.0031394088710681818, 0.0034730029634391724, -0.00033791204218813124], [-0.003932332871476765, -0.0003379120421881312, 0.011500794754852094]], "chi2_level": 0.95, "chi2_df": 3, "chi2_threshold": 7.814727903251179, "N_raw": 43, "N_roi": 43, "N_inlier": 41, "refit": true}
{"timestamp": "18:37:57.942451", "frame": 6, "mu": [1.1478605344268717, 1.6562183870413234, -0.4184171081516346], "Sigma": [[0.00612541865739246, -0.002382254134272054, -0.008886117340427177], [-0.0023822541342720543, 0.0038537611218043446, -0.0028731620189656375], [-0.008886117340427177, -0.0028731620189656375, 0.0406075642425954]], "chi2_level": 0.95, "chi2_df": 3, "chi2_threshold": 7.814727903251179, "N_raw": 50, "N_roi": 50, "N_inlier": 50, "refit": true}
{"timestamp": "18:37:57.994321", "frame": 7, "mu": [1.1685209180165945, 1.5038025645448458, 1.4192667679485123], "Sigma": [[0.0034837689643415475, -0.0026018017020157823, -0.0047503853329883385], [-0.002601801702015782, 0.005054404896664146, 0.008029369994098302], [-0.0047503853329883385, 0.008029369994098302, 0.02642214340992744]], "chi2_level": 0.95, "chi2_df": 3, "chi2_threshold": 7.814727903251179, "N_raw": 23, "N_roi": 23, "N_inlier": 21, "refit": true}
{"timestamp": "18:37:58.055841", "frame": 8, "mu": [1.2372637248551674, 1.4671909340508495, -0.8678813219658937], "Sigma": [[0.0061299852067279665, 0.0038246567850724338, 0.0076860958953600695], [0.0038246567850724333, 0.005589396601300773, 0.011368507882676918], [0.007686095895360068, 0.011368507882676918, 0.0532181287788535]], "chi2_level": 0.95, "chi2_df": 3, "chi2_threshold": 7.814727903251179, "N_raw": 50, "N_roi": 50, "N_inlier": 47, "refit": true}
{"timestamp": "18:37:58.115069", "frame": 9, "mu": [1.2876855396672784, 1.353322443283365, 1.0982825804045713], "Sigma": [[0.01339029457292838, -0.01089895047017233, -0.02417165520692087], [-0.01089895047017233, 0.011327942341015258, 0.01628830495121408], [-0.02417165520692087, 0.01628830495121408, 0.063131809591672]], "chi2_level": 0.95, "chi2_df": 3, "chi2_threshold": 7.814727903251179, "N_raw": 84, "N_roi": 84, "N_inlier": 82, "refit": true}
{"timestamp": "18:37:58.167886", "frame": 10, "mu": [1.2123489467426667, 1.3847636161609476, 1.1966373812022468], "Sigma": [[0.008278673358627793, -0.006093415805000417, -0.012093560279039916], [-0.006093415805000417, 0.0055288304932732055, 0.010129167488060689], [-0.012093560279039916, 0.010129167488060689, 0.05877261820861547]], "chi2_level": 0.95, "chi2_df": 3, "chi2_threshold": 7.814727903251179, "N_raw": 67, "N_roi": 67, "N_inlier": 66, "refit": true}
{"timestamp": "18:37:58.229495", "frame": 11, "mu": [1.2304090626398163, 1.4024913334131548, 1.15658403429031], "Sigma": [[0.008052679310423834, -0.003919747781510557, -0.00778629521171809], [-0.003919747781510557, 0.0023708329737452843, 0.0020078070079066097], [-0.00778629521171809, 0.0020078070079066097, 0.04937212376445674]], "chi2_level": 0.95, "chi2_df": 3, "chi2_threshold": 7.814727903251179, "N_raw": 80, "N_roi": 80, "N_inlier": 76, "refit": true}
{"timestamp": "18:37:58.272146", "frame": 12, "mu": [1.1978677675700287, 1.4077540624872709, 1.458633258799989], "Sigma": [[0.005361416105569178, -0.0034971005519452026, -0.0006832176865192174], [-0.0034971005519452026, 0.004031739078639013, -0.0005232022190504333], [-0.0006832176865192174, -0.0005232022190504333, 0.001075350884252851]], "chi2_level": 0.95, "chi2_df": 3, "chi2_threshold": 7.814727903251179, "N_raw": 30, "N_roi": 30, "N_inlier": 28, "refit": true}
{"timestamp": "18:37:58.335885", "frame": 13, "mu": [1.2537694662008603, 1.3080786101189064, 1.1061182224700103], "Sigma": [[0.010706380829731606, -0.004619681499985031, -0.010242227991575384], [-0.004619681499985031, 0.005638189092842287, 0.0019022698759102435], [-0.010242227991575384, 0.001902269875910243, 0.04623523367788912]], "chi2_level": 0.95, "chi2_df": 3, "chi2_threshold": 7.814727903251179, "N_raw": 93, "N_roi": 93, "N_inlier": 91, "refit": true}
{"timestamp": "18:37:58.389808", "frame": 14, "mu": [1.2365877224576158, 1.330896034226196, 1.2095899641554722], "Sigma": [[0.009295458887444824, -0.0037062462720066753, -0.008237311794994082], [-0.0037062462720066753, 0.004354545456890282, -0.0014054838780855723], [-0.008237311794994082, -0.0014054838780855723, 0.030275206452983587]], "chi2_level": 0.95, "chi2_df": 3, "chi2_threshold": 7.814727903251179, "N_raw": 76, "N_roi": 76, "N_inlier": 76, "refit": true}
{"timestamp": "18:37:58.440634", "frame": 15, "mu": [1.2954226735026932, 1.2411366950085418, 1.2328937224750578], "Sigma": [[0.007716790155956392, -0.005559846133395261, -0.011598657777012206], [-0.005559846133395261, 0.004817143079493172, 0.008615423636371548], [-0.011598657777012206, 0.008615423636371548, 0.035143589031683575]], "chi2_level": 0.95, "chi2_df": 3, "chi2_threshold": 7.814727903251179, "N_raw": 48, "N_roi": 48, "N_inlier": 45, "refit": true}
{"timestamp": "18:37:58.495949", "frame": 16, "mu": [1.2504944578314294, 1.2732345510736098, 1.2808555197155387], "Sigma": [[0.004008490273132845, -0.001630407858999766, -0.005220939765204273], [-0.001630407858999766, 0.002929371944462888, 0.0021781490545094715], [-0.005220939765204273, 0.0021781490545094715, 0.04575712433332911]], "chi2_level": 0.95, "chi2_df": 3, "chi2_threshold": 7.814727903251179, "N_raw": 52, "N_roi": 52, "N_inlier": 51, "refit": true}
{"timestamp": "18:37:58.549541", "frame": 17, "mu": [1.258824044677748, 1.2515872403348944, 1.1080420500542445], "Sigma": [[0.0029355749392988573, -0.0006048770204789283, -0.0020611928820035595], [-0.0006048770204789281, 0.004973902057208891, -0.005603597796678891], [-0.0020611928820035595, -0.005603597796678891, 0.0188606041466228]], "chi2_level": 0.95, "chi2_df": 3, "chi2_threshold": 7.814727903251179, "N_raw": 41, "N_roi": 41, "N_inlier": 37, "refit": true}
{"timestamp": "18:37:58.606197", "frame": 18, "mu": [1.4118222947984003, 1.0433487226623326, 1.202892967863908], "Sigma": [[0.0216190534648665, -0.018320811631907893, -0.0064584960418609845], [-0.018320811631907893, 0.01761555224182782, 0.003718719995018434], [-0.0064584960418609845, 0.003718719995018434, 0.004783826890641662]], "chi2_level": 0.95, "chi2_df": 3, "chi2_threshold": 7.814727903251179, "N_raw": 52, "N_roi": 52, "N_inlier": 49, "refit": true}
{"timestamp": "18:37:58.660568", "frame": 19, "mu": [1.2381687961422725, 1.2269116910377127, 1.1115202962208877], "Sigma": [[0.005142280382580062, -0.0012885328660580952, -0.003501267250807995], [-0.0012885328660580952, 0.004705336419622849, -0.004386989081856599], [-0.003501267250807995, -0.004386989081856599, 0.01260943313492908]], "chi2_level": 0.95, "chi2_df": 3, "chi2_threshold": 7.814727903251179, "N_raw": 54, "N_roi": 54, "N_inlier": 52, "refit": true}
{"timestamp": "18:37:58.714179", "frame": 20, "mu": [1.3053567097214174, 1.1115441139632367, 1.0280357428022946], "Sigma": [[0.004529852137856788, -0.004382157095948153, 0.003939809045830923], [-0.004382157095948153, 0.006904358338502163, -0.009478458680742713], [0.003939809045830923, -0.009478458680742714, 0.0498511831079677]], "chi2_level": 0.95, "chi2_df": 3, "chi2_threshold": 7.814727903251179, "N_raw": 37, "N_roi": 37, "N_inlier": 34, "refit": true}
{"timestamp": "18:37:58.768688", "frame": 21, "mu": [1.2423611022486554, 1.153541492651425, 1.0359651320800107], "Sigma": [[0.0026559863330402364, -0.0014614661840722616, -0.00043177268743599655], [-0.0014614661840722618, 0.0031660470533530567, -0.0019110731319209244], [-0.00043177268743599645, -0.0019110731319209244, 0.012958618731036207]], "chi2_level": 0.95, "chi2_df": 3, "chi2_threshold": 7.814727903251179, "N_raw": 40, "N_roi": 40, "N_inlier": 38, "refit": true}
{"timestamp": "18:37:58.830391", "frame": 22, "mu": [1.240822194015264, 1.1835232666575766, 1.0532752941214816], "Sigma": [[0.005256936956538853, -0.002517938943034124, -0.004872471694507684], [-0.002517938943034124, 0.004620368362559899, -0.005800171785818594], [-0.004872471694507685, -0.005800171785818594, 0.028326384887180367]], "chi2_level": 0.95, "chi2_df": 3, "chi2_threshold": 7.814727903251179, "N_raw": 80, "N_roi": 80, "N_inlier": 76, "refit": true}
{"timestamp": "18:37:58.881583", "frame": 23, "mu": [1.219588920640665, 1.1909951730177624, 0.9618398210135832], "Sigma": [[0.003878963303852869, -0.00271613948650851, -0.0026441876067681554], [-0.00271613948650851, 0.004602995045603859, -0.0035634945994417726], [-0.002644187606768155, -0.0035634945994417726, 0.020858963873603975]], "chi2_level": 0.95, "chi2_df": 3, "chi2_threshold": 7.814727903251179, "N_raw": 59, "N_roi": 59, "N_inlier": 57, "refit": true}
{"timestamp": "18:37:58.934344", "frame": 24, "mu": [1.1824794824975764, 1.1531126636068105, 1.1460241814653798], "Sigma": [[0.002879747914028048, -0.0019186108192211222, -0.0009452793374002887], [-0.0019186108192211222, 0.0026623491383553173, -0.0020222712449535028], [-0.000945279337400289, -0.0020222712449535028, 0.01552586237677064]], "chi2_level": 0.95, "chi2_df": 3, "chi2_threshold": 7.814727903251179, "N_raw": 44, "N_roi": 44, "N_inlier": 39, "refit": true}
{"timestamp": "18:37:58.990114", "frame": 25, "mu": [1.0998713740379245, 1.104418771192938, 1.2388583070204833], "Sigma": [[0.006801493006766634, -0.00468484443595679, -0.00740955356686265], [-0.004684844435956791, 0.005605244837819314, 0.003391691826746427], [-0.007409553566862651, 0.0033916918267464266, 0.01500946409564565]], "chi2_level": 0.95, "chi2_df": 3, "chi2_threshold": 7.814727903251179, "N_raw": 53, "N_roi": 53, "N_inlier": 50, "refit": true}
{"timestamp": "18:37:59.048466", "frame": 26, "mu": [1.0936089942099119, 1.1111650283995882, 1.1539825718219312], "Sigma": [[0.008288535461171762, -0.004616612055143485, -0.008770458302843854], [-0.004616612055143486, 0.006428707965999429, 0.0022702441612411344], [-0.008770458302843854, 0.0022702441612411344, 0.020607669185288446]], "chi2_level": 0.95, "chi2_df": 3, "chi2_threshold": 7.814727903251179, "N_raw": 71, "N_roi": 71, "N_inlier": 67, "refit": true}
{"timestamp": "18:37:59.107134", "frame": 27, "mu": [1.0817516599574228, 1.1181732075663102, 1.032862301277816], "Sigma": [[0.005661503163313582, -0.0023162697811563043, -0.010108212515663413], [-0.0023162697811563043, 0.005521216616692015, -0.004811403221399458], [-0.010108212515663413, -0.004811403221399458, 0.04503873826348902]], "chi2_level": 0.95, "chi2_df": 3, "chi2_threshold": 7.814727903251179, "N_raw": 87, "N_roi": 87, "N_inlier": 85, "refit": true}
{"timestamp": "18:37:59.158377", "frame": 28, "mu": [1.0350138890866292, 1.0952310616844891, 0.9818855557897186], "Sigma": [[0.004199970755465345, -0.0028133925022109938, -0.0010730183482665421], [-0.002813392502210994, 0.011078313623848502, -0.012336242546847214], [-0.001073018348266542, -0.012336242546847214, 0.02202475426383128]], "chi2_level": 0.95, "chi2_df": 3, "chi2_threshold": 7.814727903251179, "N_raw": 66, "N_roi": 65, "N_inlier": 62, "refit": true}
{"timestamp": "18:37:59.216042", "frame": 29, "mu": [0.9709674685345118, 1.0981460006294963, 1.0934846406414793], "Sigma": [[0.0061451109532781, -0.005135951930145666, -0.0019834964914437793], [-0.005135951930145666, 0.010191810504865615, -0.010466057209649163], [-0.0019834964914437797, -0.010466057209649163, 0.041582955529619076]], "chi2_level": 0.95, "chi2_df": 3, "chi2_threshold": 7.814727903251179, "N_raw": 86, "N_roi": 86, "N_inlier": 81, "refit": true}
{"timestamp": "18:37:59.267133", "frame": 30, "mu": [0.9366634834665026, 1.1023480997213002, 1.2039373604370618], "Sigma": [[0.005982810199583035, -0.0029966935652057033, -0.007852514085559923], [-0.0029966935652057038, 0.0025588951874790196, 0.0017673221592189444], [-0.007852514085559925, 0.0017673221592189444, 0.018156057466262365]], "chi2_level": 0.95, "chi2_df": 3, "chi2_threshold": 7.814727903251179, "N_raw": 59, "N_roi": 59, "N_inlier": 54, "refit": true}
{"timestamp": "18:37:59.318752", "frame": 31, "mu": [0.8591473353128906, 1.1018374518834568, 1.2997648084930449], "Sigma": [[0.002910284449603969, -0.0015269468932977092, -0.0027839769998268334], [-0.001526946893297709, 0.0017981460116138785, -0.0005928043659695367], [-0.0027839769998268334, -0.0005928043659695366, 0.012441907432133173]], "chi2_level": 0.95, "chi2_df": 3, "chi2_threshold": 7.814727903251179, "N_raw": 39, "N_roi": 39, "N_inlier": 34, "refit": true}
{"timestamp": "18:37:59.385176", "frame": 32, "mu": [0.8238632309601717, 1.40073410504358, -0.5658490496859475], "Sigma": [[0.007854624660216273, -0.0025656846165090785, -0.0009418108625154152], [-0.0025656846165090785, 0.024264372161897432, -0.03636384152794261], [-0.0009418108625154154, -0.03636384152794261, 0.06570982744184053]], "chi2_level": 0.95, "chi2_df": 3, "chi2_threshold": 7.814727903251179, "N_raw": 112, "N_roi": 112, "N_inlier": 111, "refit": true}
{"timestamp": "18:37:59.433101", "frame": 33, "mu": [0.7957201529395764, 1.1595256212907805, 1.1957662919958476], "Sigma": [[0.004815212382195848, -0.0025714602648982737, -0.0002671141708389528], [-0.0025714602648982737, 0.01508685912237748, -0.021076060125655847], [-0.00026711417083895273, -0.021076060125655847, 0.0380037353190303]], "chi2_level": 0.95, "chi2_df": 3, "chi2_threshold": 7.814727903251179, "N_raw": 64, "N_roi": 64, "N_inlier": 64, "refit": true}
{"timestamp": "18:37:59.486974", "frame": 34, "mu": [0.7823528348995141, 1.2048760076610854, -0.565200791383661], "Sigma": [[0.0036088820337418196, 0.0013731182647557215, 0.005298859573279536], [0.0013731182647557217, 0.0035702762332573204, -0.0022210776179146133], [0.005298859573279537, -0.0022210776179146133, 0.07561770970910546]], "chi2_level": 0.95, "chi2_df": 3, "chi2_threshold": 7.814727903251179, "N_raw": 59, "N_roi": 59, "N_inlier": 54, "refit": true}
{"timestamp": "18:37:59.540686", "frame": 35, "mu": [0.7042867521820569, 1.1478979871034545, 1.3824938398456792], "Sigma": [[0.003982868901902639, -0.0015837039080764366, -0.002204278421891197], [-0.0015837039080764366, 0.0037361757720282135, -0.003965455454317369], [-0.002204278421891197, -0.003965455454317369, 0.034964259200377726]], "chi2_level": 0.95, "chi2_df": 3, "chi2_threshold": 7.814727903251179, "N_raw": 49, "N_roi": 49, "N_inlier": 44, "refit": true}
{"timestamp": "18:37:59.592390", "frame": 36, "mu": [0.6705352358818893, 1.0993550109275392, 1.275005506101623], "Sigma": [[0.002920548144631693, -0.0012714522178062949, -0.004290411403982612], [-0.0012714522178062949, 0.002485039336992927, 0.013627760792375683], [-0.004290411403982612, 0.013627760792375683, 0.168284799502018]], "chi2_level": 0.95, "chi2_df": 3, "chi2_threshold": 7.814727903251179, "N_raw": 32, "N_roi": 32, "N_inlier": 28, "refit": true}
{"timestamp": "18:37:59.662738", "frame": 37, "mu": [0.6416175167360513, 1.120458055165054, 1.125087547038854], "Sigma": [[0.006896459777802924, -0.004059786348236576, 0.010317268012381316], [-0.004059786348236576, 0.008836809218634285, -0.019770864360790417], [0.010317268012381316, -0.019770864360790417, 0.0714938289590028]], "chi2_level": 0.95, "chi2_df": 3, "chi2_threshold": 7.814727903251179, "N_raw": 103, "N_roi": 103, "N_inlier": 98, "refit": true}
{"timestamp": "18:37:59.707381", "frame": 38, "mu": [0.5767892176098526, 1.0969498465541556, 1.2991235057637858], "Sigma": [[0.005213803882609507, -0.0011260278002089997, 0.0071169856588906965], [-0.0011260278002089997, 0.0018308510120779527, -0.003717878058039242], [0.0071169856588906965, -0.003717878058039242, 0.04054627298441557]], "chi2_level": 0.95, "chi2_df": 3, "chi2_threshold": 7.814727903251179, "N_raw": 60, "N_roi": 60, "N_inlier": 52, "refit": true}
{"timestamp": "18:37:59.767442", "frame": 39, "mu": [0.4445202706398748, 1.1645002808868006, 1.0996729936926382], "Sigma": [[0.004066006039368718, -0.0011051707302948057, 0.010090878690749514], [-0.001105170730294806, 0.00432812030096381, -0.008089133389959317], [0.010090878690749514, -0.008089133389959317, 0.0633659704096417]], "chi2_level": 0.95, "chi2_df": 3, "chi2_threshold": 7.814727903251179, "N_raw": 86, "N_roi": 86, "N_inlier": 81, "refit": true}
{"timestamp": "18:37:59.821817", "frame": 40, "mu": [0.4172826168579719, 1.2332878424308706, -0.34032390303037646], "Sigma": [[0.008893156599376154, -0.0026839250230366496, 0.06966004162157358], [-0.002683925023036649, 0.018054034504172728, -0.067102620017303], [0.06966004162157358, -0.067102620017303, 0.8089976824017002]], "chi2_level": 0.95, "chi2_df": 3, "chi2_threshold": 7.814727903251179, "N_raw": 88, "N_roi": 88, "N_inlier": 87, "refit": true}
{"timestamp": "18:37:59.879362", "frame": 41, "mu": [0.43962884065488295, 1.082475876972518, 1.1816822880564881], "Sigma": [[0.004595040403597314, -0.002643161512704324, -0.0035309619910439804], [-0.002643161512704324, 0.004330003996500487, 0.001172834031086029], [-0.0035309619910439804, 0.0011728340310860294, 0.034801823830769414]], "chi2_level": 0.95, "chi2_df": 3, "chi2_threshold": 7.814727903251179, "N_raw": 101, "N_roi": 101, "N_inlier": 98, "refit": true}
{"timestamp": "18:37:59.934170", "frame": 42, "mu": [0.36750148964259854, 1.1092651774644235, 1.2614052693252962], "Sigma": [[0.0037347723396878012, -0.0005936370485180606, -0.004394860662522317], [-0.0005936370485180606, 0.0033985586630744776, -0.003407300630623179], [-0.004394860662522318, -0.003407300630623179, 0.02692584502418345]], "chi2_level": 0.95, "chi2_df": 3, "chi2_threshold": 7.814727903251179, "N_raw": 104, "N_roi": 104, "N_inlier": 101, "refit": true}
{"timestamp": "18:37:59.992699", "frame": 43, "mu": [0.33376502490345183, 1.0747808820982645, 0.009543880751080053], "Sigma": [[0.0035497833404837206, -0.0004933372178047244, 0.039723157445354665], [-0.0004933372178047244, 0.003284209230814194, -0.0016212865022596284], [0.039723157445354665, -0.001621286502259628, 1.1701930746168863]], "chi2_level": 0.95, "chi2_df": 3, "chi2_threshold": 7.814727903251179, "N_raw": 118, "N_roi": 115, "N_inlier": 110, "refit": true}
{"timestamp": "18:38:00.041701", "frame": 44, "mu": [0.2859482081198479, 1.0864314835967979, 1.2041760281031957], "Sigma": [[0.0036361353841033277, -0.0014484865008902335, -0.007840730150086735], [-0.001448486500890234, 0.004725135095618958, 0.009866884368431953], [-0.007840730150086735, 0.009866884368431951, 0.0712163667934038]], "chi2_level": 0.95, "chi2_df": 3, "chi2_threshold": 7.814727903251179, "N_raw": 89, "N_roi": 89, "N_inlier": 89, "refit": true}
{"timestamp": "18:38:00.100003", "frame": 45, "mu": [0.2065137786439715, 1.1360501350479744, 1.2004876714509793], "Sigma": [[0.008199009274780152, -0.003962204475599758, 0.004466266392980476], [-0.003962204475599758, 0.00655203628140607, -0.008133770098675691], [0.004466266392980476, -0.008133770098675691, 0.05336651611213618]], "chi2_level": 0.95, "chi2_df": 3, "chi2_threshold": 7.814727903251179, "N_raw": 115, "N_roi": 115, "N_inlier": 112, "refit": true}
{"timestamp": "18:38:00.151462", "frame": 46, "mu": [0.15000229486628325, 1.0498268870179122, 1.0612642275150426], "Sigma": [[0.009959025095255751, -0.00759103624636207, 0.010228101475556521], [-0.00759103624636207, 0.01347642485138301, -0.015096719923091636], [0.010228101475556521, -0.015096719923091636, 0.019696642393672036]], "chi2_level": 0.95, "chi2_df": 3, "chi2_threshold": 7.814727903251179, "N_raw": 84, "N_roi": 84, "N_inlier": 80, "refit": true}
{"timestamp": "18:38:00.198108", "frame": 47, "mu": [0.1039078126458549, 1.1198122421437744, 1.373366092378748], "Sigma": [[0.0019124260254255092, -0.001488538938546233, -1.0843695227527855e-05], [-0.001488538938546233, 0.00483444756914174, -0.005114498627735228], [-1.0843695227528071e-05, -0.005114498627735228, 0.07630954805624544]], "chi2_level": 0.95, "chi2_df": 3, "chi2_threshold": 7.814727903251179, "N_raw": 31, "N_roi": 31, "N_inlier": 28, "refit": true}
{"timestamp": "18:38:00.262141", "frame": 48, "mu": [0.06852932758264645, 1.106606658623508, 1.219857632108271], "Sigma": [[0.00438657242314422, -0.00279708951721235, -0.010192196717873348], [-0.00279708951721235, 0.0049922544765743275, 0.008679169299012803], [-0.010192196717873348, 0.008679169299012803, 0.053059649443213175]], "chi2_level": 0.95, "chi2_df": 3, "chi2_threshold": 7.814727903251179, "N_raw": 103, "N_roi": 103, "N_inlier": 100, "refit": true}
{"timestamp": "18:38:00.321358", "frame": 49, "mu": [0.0025289930910267467, 1.1602997236958488, 1.2006452490855033], "Sigma": [[0.0038193149214670605, -0.0019157394255038239, -0.007748592258488863], [-0.0019157394255038237, 0.00555320501389723, 0.010895675781651421], [-0.007748592258488863, 0.010895675781651421, 0.08169235135205008]], "chi2_level": 0.95, "chi2_df": 3, "chi2_threshold": 7.814727903251179, "N_raw": 117, "N_roi": 117, "N_inlier": 115, "refit": true}
{"timestamp": "18:38:00.374977", "frame": 50, "mu": [-0.041160770454847194, 1.1214324726705807, 1.187143777306208], "Sigma": [[0.0035872480412605023, -0.0030828963028407485, -0.006837639445568024], [-0.003082896302840748, 0.0047509396245183555, 0.007706112010884733], [-0.006837639445568024, 0.007706112010884733, 0.06677747627428224]], "chi2_level": 0.95, "chi2_df": 3, "chi2_threshold": 7.814727903251179, "N_raw": 112, "N_roi": 112, "N_inlier": 109, "refit": true}
{"timestamp": "18:38:00.431368", "frame": 51, "mu": [-0.09487966723388683, 1.1704776185966048, 0.032750373323695986], "Sigma": [[0.004663514273234675, -0.0022141995750391053, 0.045827204733490966], [-0.0022141995750391053, 0.0045753741500976905, -0.018168156951113866], [0.045827204733490966, -0.018168156951113866, 0.7652910616100616]], "chi2_level": 0.95, "chi2_df": 3, "chi2_threshold": 7.814727903251179, "N_raw": 117, "N_roi": 115, "N_inlier": 113, "refit": true}
{"timestamp": "18:38:00.484237", "frame": 52, "mu": [-0.14573737967037254, 1.1675721022665815, 1.2168767226762731], "Sigma": [[0.004631442466920026, -0.0022584942541739633, -0.007769798334593157], [-0.0022584942541739633, 0.009537729392486602, 0.021918816505119034], [-0.007769798334593156, 0.021918816505119034, 0.09161190267190307]], "chi2_level": 0.95, "chi2_df": 3, "chi2_threshold": 7.814727903251179, "N_raw": 112, "N_roi": 112, "N_inlier": 108, "refit": true}
{"timestamp": "18:38:00.542653", "frame": 53, "mu": [-0.24193344815029713, 1.1939602182479045, 0.9969780908061612], "Sigma": [[0.011953507356934135, -0.006027817941920003, -0.003546076188134353], [-0.006027817941920004, 0.006691851823761907, 0.02029875377817197], [-0.0035460761881343523, 0.02029875377817197, 0.293657282538445]], "chi2_level": 0.95, "chi2_df": 3, "chi2_threshold": 7.814727903251179, "N_raw": 128, "N_roi": 128, "N_inlier": 126, "refit": true}
{"timestamp": "18:38:00.595162", "frame": 54, "mu": [-0.22516123261652027, 1.218522349517736, 1.2902160457898078], "Sigma": [[0.004498526516718213, 0.0002549643318547218, -0.007100142376265391], [0.00025496433185472176, 0.0030149070698686463, -0.003995216043221915], [-0.007100142376265391, -0.003995216043221915, 0.03450676798053964]], "chi2_level": 0.95, "chi2_df": 3, "chi2_threshold": 7.814727903251179, "N_raw": 105, "N_roi": 105, "N_inlier": 100, "refit": true}
{"timestamp": "18:38:00.651398", "frame": 55, "mu": [-0.2698296047167507, 1.0796764680501736, 0.8644709610769229], "Sigma": [[0.006194969241869984, -0.0024646104609687674, -0.002572325251856044], [-0.0024646104609687674, 0.005352608040615994, -0.0044375875799911695], [-0.0025723252518560433, -0.0044375875799911695, 0.24253609156717046]], "chi2_level": 0.95, "chi2_df": 3, "chi2_threshold": 7.814727903251179, "N_raw": 116, "N_roi": 116, "N_inlier": 110, "refit": true}
{"timestamp": "18:38:00.704085", "frame": 56, "mu": [-0.3248283593441948, 1.1709414356648402, 1.2883694321994368], "Sigma": [[0.004026528225586409, -0.002708029390055591, -0.007142458323276807], [-0.002708029390055591, 0.0065299936027053826, 0.0035047539454041415], [-0.007142458323276807, 0.0035047539454041415, 0.033016453519055286]], "chi2_level": 0.95, "chi2_df": 3, "chi2_threshold": 7.814727903251179, "N_raw": 98, "N_roi": 98, "N_inlier": 93, "refit": true}
{"timestamp": "18:38:00.756303", "frame": 57, "mu": [-0.3868046014355346, 1.3681032649027245, -0.33491377058627547], "Sigma": [[0.004878686939672717, -0.00012850279312100893, -0.005596388622614285], [-0.00012850279312100898, 0.007143583369859772, -0.005071290752060631], [-0.005596388622614285, -0.005071290752060631, 0.020334560287020385]], "chi2_level": 0.95, "chi2_df": 3, "chi2_threshold": 7.814727903251179, "N_raw": 89, "N_roi": 89, "N_inlier": 86, "refit": true}
{"timestamp": "18:38:00.812006", "frame": 58, "mu": [-0.41623296281964395, 1.204069265658394, 1.2840237561402374], "Sigma": [[0.004717368792593724, -0.000275283033452009, -0.0041112285281703605], [-0.00027528303345200893, 0.004406441386617299, -0.004659238945367766], [-0.0041112285281703605, -0.004659238945367766, 0.015882941054376213]], "chi2_level": 0.95, "chi2_df": 3, "chi2_threshold": 7.814727903251179, "N_raw": 92, "N_roi": 91, "N_inlier": 87, "refit": true}
{"timestamp": "18:38:00.868529", "frame": 59, "mu": [-0.4391205776721142, 1.3331119657743704, 0.04972122618947644], "Sigma": [[0.004941752390992291, -0.0024588726136974305, 0.0229775427910389], [-0.0024588726136974305, 0.007830594055095567, -0.03320632854944665], [0.0229775427910389, -0.03320632854944665, 0.3407798576073963]], "chi2_level": 0.95, "chi2_df": 3, "chi2_threshold": 7.814727903251179, "N_raw": 97, "N_roi": 96, "N_inlier": 95, "refit": true}
{"timestamp": "18:38:00.919347", "frame": 60, "mu": [-0.5186435970783776, 1.2557869843595026, 1.3589194466027548], "Sigma": [[0.004120857857108798, -0.0014583279965238879, -0.005351363987677469], [-0.0014583279965238879, 0.003050132310083527, 0.002182720810719742], [-0.005351363987677469, 0.0021827208107197417, 0.03508231604175841]], "chi2_level": 0.95, "chi2_df": 3, "chi2_threshold": 7.814727903251179, "N_raw": 76, "N_roi": 76, "N_inlier": 73, "refit": true}
{"timestamp": "18:38:00.972958", "frame": 61, "mu": [-0.5740543909620968, 1.369393258548631, -0.23172600930714574], "Sigma": [[0.003548896212773123, -0.001050097298584277, -0.002829984794866595], [-0.001050097298584277, 0.006438960730789567, -0.004497533396032273], [-0.002829984794866595, -0.004497533396032273, 0.015915508620892187]], "chi2_level": 0.95, "chi2_df": 3, "chi2_threshold": 7.814727903251179, "N_raw": 64, "N_roi": 62, "N_inlier": 60, "refit": true}
{"timestamp": "18:38:01.026658", "frame": 62, "mu": [-0.6427400655879423, 1.1882324177173564, 1.185503401853372], "Sigma": [[0.0035649468066614714, -0.0019892067982780694, -0.006353061083633738], [-0.0019892067982780694, 0.00413765755029387, 0.005875551938008351], [-0.006353061083633738, 0.005875551938008351, 0.049427966976220025]], "chi2_level": 0.95, "chi2_df": 3, "chi2_threshold": 7.814727903251179, "N_raw": 58, "N_roi": 58, "N_inlier": 56, "refit": true}
{"timestamp": "18:38:01.085779", "frame": 63, "mu": [-0.6824575057435043, 1.2228769467111111, 1.155950342975355], "Sigma": [[0.00594353642380755, -0.0020289057085164756, 0.0019525594801898414], [-0.002028905708516475, 0.005416362245253769, 0.013391883502600024], [0.0019525594801898406, 0.013391883502600024, 0.205872929065172]], "chi2_level": 0.95, "chi2_df": 3, "chi2_threshold": 7.814727903251179, "N_raw": 81, "N_roi": 81, "N_inlier": 77, "refit": true}
{"timestamp": "18:38:01.141698", "frame": 64, "mu": [-0.7290963937912225, 1.1851332318841008, 0.9997735954671971], "Sigma": [[0.010271156051714152, 0.00328435309384473, -0.03069860536078336], [0.0032843530938447304, 0.0037032468322013767, -0.015594776825174732], [-0.03069860536078336, -0.01559477682517473, 0.14536579058045554]], "chi2_level": 0.95, "chi2_df": 3, "chi2_threshold": 7.814727903251179, "N_raw": 87, "N_roi": 87, "N_inlier": 84, "refit": true}
{"timestamp": "18:38:01.198821", "frame": 65, "mu": [-0.8154388661709175, 1.2748544367985035, 1.305259834869187], "Sigma": [[0.008125540283603312, 0.0007881886542129855, -0.0200829291657156], [0.0007881886542129855, 0.006819504249739749, -0.0030419436015944783], [-0.020082929165715593, -0.003041943601594478, 0.12560045600631284]], "chi2_level": 0.95, "chi2_df": 3, "chi2_threshold": 7.814727903251179, "N_raw": 100, "N_roi": 100, "N_inlier": 87, "refit": true}
{"timestamp": "18:38:01.258133", "frame": 66, "mu": [-0.8454245090047969, 1.2905658033839018, 1.1360592412105728], "Sigma": [[0.009333339167867251, 0.0005479822733415143, -0.02787403239936509], [0.0005479822733415146, 0.0077337876199841706, -0.01628024299158556], [-0.02787403239936509, -0.01628024299158556, 0.1956028579411226]], "chi2_level": 0.95, "chi2_df": 3, "chi2_threshold": 7.814727903251179, "N_raw": 131, "N_roi": 131, "N_inlier": 117, "refit": true}
{"timestamp": "18:38:01.314457", "frame": 67, "mu": [-0.9161581321844541, 1.288772895958044, 0.06057612472543644], "Sigma": [[0.022414381983637786, 0.012865879380321292, 0.054682577972271815], [0.012865879380321292, 0.015761050411090105, 0.03368908281193106], [0.054682577972271815, 0.033689082811931066, 0.572376240083363]], "chi2_level": 0.95, "chi2_df": 3, "chi2_threshold": 7.814727903251179, "N_raw": 138, "N_roi": 138, "N_inlier": 129, "refit": true}
{"timestamp": "18:38:01.368337", "frame": 68, "mu": [-1.009862824082804, 1.3205193352310793, 1.2166169647907168], "Sigma": [[0.03813310979302624, 0.02226095681421901, -0.049700617461589075], [0.02226095681421901, 0.022538219076683613, -0.05337734717326162], [-0.049700617461589075, -0.053377347173261626, 0.2157363205498452]], "chi2_level": 0.95, "chi2_df": 3, "chi2_threshold": 7.814727903251179, "N_raw": 127, "N_roi": 127, "N_inlier": 122, "refit": true}
{"timestamp": "18:38:01.424491", "frame": 69, "mu": [-1.0761041319679292, 1.2621812509158672, 1.3727199980703275], "Sigma": [[0.04482767143090503, 0.028036478160457713, -0.02978168057191384], [0.028036478160457713, 0.02692998108574346, -0.02393149331321721], [-0.02978168057191384, -0.023931493313217207, 0.032387699352578514]], "chi2_level": 0.95, "chi2_df": 3, "chi2_threshold": 7.814727903251179, "N_raw": 136, "N_roi": 136, "N_inlier": 122, "refit": true}
{"timestamp": "18:38:01.481961", "frame": 70, "mu": [-1.0383773184647296, 1.355448895187887, 0.5199121292533214], "Sigma": [[0.053161309077760205, 0.02514967164198365, 0.11283860703411687], [0.02514967164198365, 0.02457461216654775, 0.028064039722581313], [0.11283860703411687, 0.028064039722581313, 0.5279706826347964]], "chi2_level": 0.95, "chi2_df": 3, "chi2_threshold": 7.814727903251179, "N_raw": 150, "N_roi": 150, "N_inlier": 149, "refit": true}
{"timestamp": "18:38:01.531554", "frame": 71, "mu": [-0.9510130895071743, 1.4169477564496962, 1.1419816495594546], "Sigma": [[0.022193654252881383, 0.012040534396453306, -0.015842456629292394], [0.012040534396453306, 0.008405315887637325, -0.011228158509537813], [-0.01584245662929239, -0.011228158509537813, 0.06000747029170452]], "chi2_level": 0.95, "chi2_df": 3, "chi2_threshold": 7.814727903251179, "N_raw": 115, "N_roi": 115, "N_inlier": 102, "refit": true}
{"timestamp": "18:38:01.579455", "frame": 72, "mu": [-0.9116867093553875, 1.482867033728709, 1.1874066230498432], "Sigma": [[0.005968612140141755, -0.0005896036165845894, -0.006171030988216572], [-0.0005896036165845893, 0.0015814683453521312, -0.0006842200540024702], [-0.006171030988216572, -0.0006842200540024702, 0.026398577213193043]], "chi2_level": 0.95, "chi2_df": 3, "chi2_threshold": 7.814727903251179, "N_raw": 73, "N_roi": 73, "N_inlier": 58, "refit": true}
{"timestamp": "18:38:01.638793", "frame": 73, "mu": [-1.0651991414759916, 1.6242103044521565, -0.8002309895753523], "Sigma": [[0.05584492259442439, 0.03108796364971053, -0.02306006777468756], [0.03108796364971053, 0.05277565987315347, -0.0477072063752094], [-0.02306006777468756, -0.0477072063752094, 0.3358849691880289]], "chi2_level": 0.95, "chi2_df": 3, "chi2_threshold": 7.814727903251179, "N_raw": 100, "N_roi": 100, "N_inlier": 94, "refit": true}
{"timestamp": "18:38:01.695364", "frame": 74, "mu": [-0.9999335624306656, 1.5854434508538557, 1.0327669401072994], "Sigma": [[0.03899515442003934, 0.01629800483444439, 0.024165218492285125], [0.016298004834444386, 0.02345528447637412, -0.02512249202693994], [0.024165218492285125, -0.025122492026939933, 0.18084538282722148]], "chi2_level": 0.95, "chi2_df": 3, "chi2_threshold": 7.814727903251179, "N_raw": 112, "N_roi": 112, "N_inlier": 95, "refit": true}
{"timestamp": "18:38:01.747394", "frame": 75, "mu": [-1.0221564012683655, 1.655264404503213, 0.8026124421064667], "Sigma": [[0.015286510024144098, -0.0012671304202350692, 0.04973420003179391], [-0.001267130420235069, 0.006973325879066094, -0.011795121083030914], [0.04973420003179391, -0.011795121083030914, 0.3540585166715146]], "chi2_level": 0.95, "chi2_df": 3, "chi2_threshold": 7.814727903251179, "N_raw": 88, "N_roi": 88, "N_inlier": 88, "refit": true}
{"timestamp": "18:38:01.806827", "frame": 76, "mu": [-1.0392825965230141, 1.8018788736795557, -0.13953389257834464], "Sigma": [[0.02014190361706366, -0.015487425117933669, 0.06449255032248744], [-0.01548742511793367, 0.03008476955791782, -0.07117784481125491], [0.06449255032248742, -0.07117784481125493, 0.473054539153171]], "chi2_level": 0.95, "chi2_df": 3, "chi2_threshold": 7.814727903251179, "N_raw": 121, "N_roi": 121, "N_inlier": 120, "refit": true}
{"timestamp": "18:38:01.861364", "frame": 77, "mu": [-1.046952732792209, 1.981078563602722, -0.6641015425045984], "Sigma": [[0.018997884274394677, -0.015396020700253029, 0.045878019805427064], [-0.015396020700253029, 0.03335649732888485, -0.08142873529166383], [0.045878019805427064, -0.08142873529166383, 0.2558695398876552]], "chi2_level": 0.95, "chi2_df": 3, "chi2_threshold": 7.814727903251179, "N_raw": 112, "N_roi": 112, "N_inlier": 107, "refit": true}
{"timestamp": "18:38:01.914134", "frame": 78, "mu": [-1.0503506489477197, 1.9944098822921004, -0.5316744895926838], "Sigma": [[0.013975121815388935, -0.006407511635434416, 0.02620217584129244], [-0.006407511635434416, 0.01797451515387534, -0.05677568189139609], [0.02620217584129244, -0.05677568189139609, 0.21744078275764336]], "chi2_level": 0.95, "chi2_df": 3, "chi2_threshold": 7.814727903251179, "N_raw": 101, "N_roi": 101, "N_inlier": 98, "refit": true}
{"timestamp": "18:38:01.968869", "frame": 79, "mu": [-1.0276091572906634, 1.81631726187099, 1.0781907561866242], "Sigma": [[0.016224581612434383, -0.0038992678269189, 0.013357520782770336], [-0.0038992678269189, 0.002800330340580786, -0.010305715467757586], [0.013357520782770336, -0.010305715467757588, 0.12293217141440509]], "chi2_level": 0.95, "chi2_df": 3, "chi2_threshold": 7.814727903251179, "N_raw": 101, "N_roi": 101, "N_inlier": 98, "refit": true}
{"timestamp": "18:38:02.023071", "frame": 80, "mu": [-1.0148093152717488, 1.8439526521739809, -0.330426454562167], "Sigma": [[0.010495479833337812, 4.2992327870989904e-05, 0.03855428518417521], [4.2992327870989904e-05, 0.005168079831607274, 0.00047698477570936606], [0.03855428518417521, 0.00047698477570936454, 0.4273818792124237]], "chi2_level": 0.95, "chi2_df": 3, "chi2_threshold": 7.814727903251179, "N_raw": 94, "N_roi": 94, "N_inlier": 91, "refit": true}
{"timestamp": "18:38:02.066637", "frame": 81, "mu": [-1.1501292250918427, 2.011510871191251, -0.08674196421004893], "Sigma": [[0.005333726728442658, -0.00401177422837899, 0.007985067205668071], [-0.0040117742283789885, 0.014150633965990393, -0.03390032254391864], [0.007985067205668073, -0.03390032254391864, 0.10143077114558167]], "chi2_level": 0.95, "chi2_df": 3, "chi2_threshold": 7.814727903251179, "N_raw": 16, "N_roi": 16, "N_inlier": 14, "refit": true}
{"timestamp": "18:38:02.131614", "frame": 82, "mu": [-1.049079002723281, 2.0982714112651832, -0.3400712776534268], "Sigma": [[0.010909272356895575, 0.0028302358760960164, 0.0013273643828884357], [0.002830235876096016, 0.03439727135131336, -0.04628674532521965], [0.0013273643828884346, -0.04628674532521966, 0.12299184968427582]], "chi2_level": 0.95, "chi2_df": 3, "chi2_threshold": 7.814727903251179, "N_raw": 96, "N_roi": 96, "N_inlier": 90, "refit": true}
{"timestamp": "18:38:02.184355", "frame": 83, "mu": [-1.0810202012733963, 1.9657367049703998, 1.2017219844223734], "Sigma": [[0.00949537918538434, 0.000595188305628911, -0.008538497635029552], [0.0005951883056289111, 0.004585176445200511, -0.00555732538961895], [-0.008538497635029552, -0.00555732538961895, 0.017522889797917766]], "chi2_level": 0.95, "chi2_df": 3, "chi2_threshold": 7.814727903251179, "N_raw": 69, "N_roi": 69, "N_inlier": 66, "refit": true}
{"timestamp": "18:38:02.239588", "frame": 84, "mu": [-1.069669096111924, 2.1585264977307217, -0.18154373904448057], "Sigma": [[0.009762068310710342, 0.0021144688112555866, -0.008057643177788901], [0.0021144688112555866, 0.009256185494386622, -0.005257270849305018], [-0.008057643177788901, -0.005257270849305018, 0.025531402503756913]], "chi2_level": 0.95, "chi2_df": 3, "chi2_threshold": 7.814727903251179, "N_raw": 81, "N_roi": 81, "N_inlier": 76, "refit": true}
{"timestamp": "18:38:02.292212", "frame": 85, "mu": [-1.0878596717699986, 2.29110848316465, -0.6117168275896324], "Sigma": [[0.008611628533767915, 0.001536679915677968, -0.021450758315685596], [0.001536679915677968, 0.002849429643414199, 0.001359101415992772], [-0.021450758315685596, 0.0013591014159927725, 0.1853900127805457]], "chi2_level": 0.95, "chi2_df": 3, "chi2_threshold": 7.814727903251179, "N_raw": 63, "N_roi": 63, "N_inlier": 58, "refit": true}
{"timestamp": "18:38:02.348372", "frame": 86, "mu": [-1.0938217770129075, 2.3403206097570872, -0.5465964528535915], "Sigma": [[0.010170797131006963, 0.0009562891479724592, -0.005730678141333791], [0.0009562891479724591, 0.0022446989088286563, -0.010476785995510654], [-0.005730678141333792, -0.010476785995510652, 0.1491308342587256]], "chi2_level": 0.95, "chi2_df": 3, "chi2_threshold": 7.814727903251179, "N_raw": 68, "N_roi": 68, "N_inlier": 66, "refit": true}
