{"timestamp": "17:36:13.944393", "frame": 1, "mu": [1.8371126682872125, 1.0985607707212202, 1.3030092735137582], "Sigma": [[0.006576629598019698, -0.004802573523520381, -0.006738018527205761], [-0.004802573523520381, 0.006690273945831298, 0.004147177655668351], [-0.006738018527205762, 0.004147177655668352, 0.009858212639508515]], "chi2_level": 0.95, "chi2_df": 3, "chi2_threshold": 7.814727903251179, "N_raw": 23, "N_roi": 23, "N_inlier": 22, "refit": true}
{"timestamp": "17:36:13.999018", "frame": 2, "mu": [1.771432353924448, 1.2291753838421409, 1.2095837622231491], "Sigma": [[0.002791247263265583, -0.0012494686046451043, -0.0025183659349390895], [-0.0012494686046451043, 0.0072845031700882615, -0.011575686701397574], [-0.0025183659349390895, -0.011575686701397574, 0.03948872552416423]], "chi2_level": 0.95, "chi2_df": 3, "chi2_threshold": 7.814727903251179, "N_raw": 10, "N_roi": 10, "N_inlier": 10, "refit": true}
{"timestamp": "17:36:14.056383", "frame": 3, "mu": [1.850944594168446, 1.1936726699406295, 1.2790642110490629], "Sigma": [[0.005408051423473884, -0.004028157065223815, -0.0015394383913929683], [-0.004028157065223816, 0.010095229710655471, -0.0013898527778882985], [-0.0015394383913929683, -0.0013898527778882987, 0.0017599795680249082]], "chi2_level": 0.95, "chi2_df": 3, "chi2_threshold": 7.814727903251179, "N_raw": 36, "N_roi": 36, "N_inlier": 33, "refit": true}
{"timestamp": "17:36:14.109572", "frame": 4, "mu": [1.8997067013558273, 1.0354897010589665, 1.3370922959838465], "Sigma": [[0.004538679642740176, -0.0024495883508004563, -0.00037489442066126994], [-0.0024495883508004563, 0.003743331624333181, 0.00017993479008673096], [-0.00037489442066126994, 0.00017993479008673099, 0.0010878102324128373]], "chi2_level": 0.95, "chi2_df": 3, "chi2_threshold": 7.814727903251179, "N_raw": 10, "N_roi": 10, "N_inlier": 9, "refit": true}
{"timestamp": "17:36:14.169009", "frame": 5, "mu": [1.8394069927966283, 1.1480751903050455, 1.2238517365094579], "Sigma": [[0.006712712482858283, -0.004471499158751315, -0.003050339006711266], [-0.004471499158751315, 0.008170302159277767, -0.0016054626625930692], [-0.003050339006711266, -0.0016054626625930694, 0.004541917633664281]], "chi2_level": 0.95, "chi2_df": 3, "chi2_threshold": 7.814727903251179, "N_raw": 38, "N_roi": 38, "N_inlier": 36, "refit": true}
{"timestamp": "17:36:14.221295", "frame": 6, "mu": [1.9134531507847286, 0.9561051963147059, 1.15533765335591], "Sigma": [[0.005530038739287109, -0.006040011875633431, -0.0026832858070602998], [-0.006040011875633432, 0.009994921362956424, 0.001007782034434815], [-0.0026832858070602993, 0.001007782034434815, 0.004615489610171829]], "chi2_level": 0.95, "chi2_df": 3, "chi2_threshold": 7.814727903251179, "N_raw": 21, "N_roi": 21, "N_inlier": 19, "refit": true}
{"timestamp": "17:36:14.278504", "frame": 7, "mu": [1.8319414051264369, 1.1321184032455802, 1.2838748346351787], "Sigma": [[0.006714237103007192, -0.00403066473739797, 0.00027649391961045554], [-0.004030664737397971, 0.008836790907425347, -0.0018327705510004255], [0.00027649391961045554, -0.0018327705510004255, 0.00048550501825371354]], "chi2_level": 0.95, "chi2_df": 3, "chi2_threshold": 7.814727903251179, "N_raw": 33, "N_roi": 33, "N_inlier": 31, "refit": true}
{"timestamp": "17:36:14.334463", "frame": 8, "mu": [1.8608145061872121, 1.03680312087202, 1.2356335603233897], "Sigma": [[0.007331925027697452, -0.004925462908646278, -0.004107568410296557], [-0.004925462908646278, 0.010436025425696134, -0.0016961019533145265], [-0.004107568410296557, -0.0016961019533145265, 0.006442701282825927]], "chi2_level": 0.95, "chi2_df": 3, "chi2_threshold": 7.814727903251179, "N_raw": 43, "N_roi": 43, "N_inlier": 41, "refit": true}
{"timestamp": "17:36:14.388382", "frame": 9, "mu": [1.8501875973797148, 1.0823594393898361, 1.2324956530495428], "Sigma": [[0.005871005859372779, -0.005879770722458302, -0.0008867217272823203], [-0.005879770722458301, 0.013017486635054592, -0.0003058930720425876], [-0.0008867217272823203, -0.0003058930720425875, 0.0007601172636934855]], "chi2_level": 0.95, "chi2_df": 3, "chi2_threshold": 7.814727903251179, "N_raw": 33, "N_roi": 33, "N_inlier": 30, "refit": true}
{"timestamp": "17:36:14.445798", "frame": 10, "mu": [1.7107857086158247, 1.2177414037973684, 1.133137888514782], "Sigma": [[0.007689332784633762, -0.006108390952674191, -0.002898346565697518], [-0.006108390952674191, 0.009196061673357297, -0.003924046588559868], [-0.002898346565697518, -0.003924046588559868, 0.01613698193272895]], "chi2_level": 0.95, "chi2_df": 3, "chi2_threshold": 7.814727903251179, "N_raw": 52, "N_roi": 52, "N_inlier": 52, "refit": true}
{"timestamp": "17:36:14.499572", "frame": 11, "mu": [1.7616369997798182, 1.120711012382605, 1.2477571093158093], "Sigma": [[0.007231905243335025, -0.002677552891943189, -0.0035262390026978476], [-0.002677552891943189, 0.009307569479404277, -0.0008669398792374275], [-0.0035262390026978476, -0.0008669398792374274, 0.003027223653228375]], "chi2_level": 0.95, "chi2_df": 3, "chi2_threshold": 7.814727903251179, "N_raw": 44, "N_roi": 44, "N_inlier": 42, "refit": true}
{"timestamp": "17:36:14.555458", "frame": 12, "mu": [1.7675501650754917, 1.1335629887878331, 1.2295536895569807], "Sigma": [[0.007672099170443241, -0.0033642658175818997, 0.0001515337003513093], [-0.0033642658175818997, 0.009377233413573683, -0.0008040039949702559], [0.00015153370035130934, -0.0008040039949702559, 0.0008828138432822589]], "chi2_level": 0.95, "chi2_df": 3, "chi2_threshold": 7.814727903251179, "N_raw": 40, "N_roi": 40, "N_inlier": 38, "refit": true}
{"timestamp": "17:36:14.610075", "frame": 13, "mu": [1.7735209341461367, 1.201514483197242, -0.6350071955228064], "Sigma": [[0.005179275800096574, -0.0013124960567724483, 0.001167901328255918], [-0.0013124960567724485, 0.0068388108037370455, 0.0005805784709687332], [0.0011679013282559182, 0.0005805784709687332, 0.01913841719094069]], "chi2_level": 0.95, "chi2_df": 3, "chi2_threshold": 7.814727903251179, "N_raw": 38, "N_roi": 38, "N_inlier": 36, "refit": true}
{"timestamp": "17:36:14.667072", "frame": 14, "mu": [1.746682969448744, 1.090031882024991, 1.209281293353798], "Sigma": [[0.009542170618484948, -0.0031715314007772586, -0.0020684334128912175], [-0.0031715314007772586, 0.007791676724028111, -0.003060316467357024], [-0.0020684334128912175, -0.003060316467357024, 0.005705477659435481]], "chi2_level": 0.95, "chi2_df": 3, "chi2_threshold": 7.814727903251179, "N_raw": 54, "N_roi": 54, "N_inlier": 52, "refit": true}
{"timestamp": "17:36:14.720108", "frame": 15, "mu": [1.796974056031258, 0.9720850280204966, 1.1750830497802893], "Sigma": [[0.008394437316945266, -0.005174501995124839, 0.0025383121493066357], [-0.00517450199512484, 0.008218109122960095, -0.0036094312175216922], [0.0025383121493066357, -0.0036094312175216922, 0.005121334570407288]], "chi2_level": 0.95, "chi2_df": 3, "chi2_threshold": 7.814727903251179, "N_raw": 40, "N_roi": 40, "N_inlier": 37, "refit": true}
{"timestamp": "17:36:14.772887", "frame": 16, "mu": [1.6735906820534545, 1.2755988795487674, -0.545022322263886], "Sigma": [[0.0032861581712699253, -0.0007149320774946683, -0.0049377160636540855], [-0.0007149320774946682, 0.011523109985263135, -0.013396553968135362], [-0.0049377160636540855, -0.013396553968135362, 0.029196684510792593]], "chi2_level": 0.95, "chi2_df": 3, "chi2_threshold": 7.814727903251179, "N_raw": 24, "N_roi": 24, "N_inlier": 23, "refit": true}
{"timestamp": "17:36:14.831876", "frame": 17, "mu": [1.6614958768812642, 1.06021108102173, 1.1224452251137862], "Sigma": [[0.009644138709185388, -0.008524948788446035, -0.004122582002154723], [-0.008524948788446035, 0.016630615190909012, -0.003861158077268364], [-0.004122582002154723, -0.0038611580772683644, 0.013991935968636302]], "chi2_level": 0.95, "chi2_df": 3, "chi2_threshold": 7.814727903251179, "N_raw": 53, "N_roi": 53, "N_inlier": 51, "refit": true}
{"timestamp": "17:36:14.886506", "frame": 18, "mu": [1.6232625179001607, 1.077297216158299, 1.2080850228680384], "Sigma": [[0.007137174114632193, -0.00235015766207484, -0.007715122056908515], [-0.0023501576620748406, 0.011035150001407687, -0.00954748915270782], [-0.007715122056908516, -0.00954748915270782, 0.030830103686798404]], "chi2_level": 0.95, "chi2_df": 3, "chi2_threshold": 7.814727903251179, "N_raw": 50, "N_roi": 50, "N_inlier": 48, "refit": true}
{"timestamp": "17:36:14.940920", "frame": 19, "mu": [1.5989675420602, 0.9856627282466874, 1.166040488437997], "Sigma": [[0.009206709840678137, -0.006505193804153892, -0.01187840660720452], [-0.006505193804153892, 0.007467384862504068, 0.003236078969879125], [-0.011878406607204522, 0.003236078969879125, 0.035442634497752035]], "chi2_level": 0.95, "chi2_df": 3, "chi2_threshold": 7.814727903251179, "N_raw": 46, "N_roi": 46, "N_inlier": 43, "refit": true}
{"timestamp": "17:36:14.995722", "frame": 20, "mu": [1.5923698095000425, 0.9364356908871259, 1.2173104912631068], "Sigma": [[0.009499166924995918, -0.003127928923781925, -0.010659182486058408], [-0.003127928923781925, 0.005612331767078178, -0.0014692049150140964], [-0.010659182486058408, -0.0014692049150140962, 0.02201629424253155]], "chi2_level": 0.95, "chi2_df": 3, "chi2_threshold": 7.814727903251179, "N_raw": 45, "N_roi": 45, "N_inlier": 44, "refit": true}
{"timestamp": "17:36:15.048480", "frame": 21, "mu": [1.5871630720520746, 1.1175728081361467, -0.5726956380425422], "Sigma": [[0.00336936944436412, -0.0019421003805757577, -0.002160715483595878], [-0.0019421003805757577, 0.005608559305860447, -0.0010387548557542633], [-0.0021607154835958774, -0.0010387548557542633, 0.0033106939149485396]], "chi2_level": 0.95, "chi2_df": 3, "chi2_threshold": 7.814727903251179, "N_raw": 26, "N_roi": 26, "N_inlier": 23, "refit": true}
{"timestamp": "17:36:15.104602", "frame": 22, "mu": [1.5237536823923068, 0.9753580031993628, 1.144901124673456], "Sigma": [[0.007194980144244263, -0.007092180759123701, -0.002427693583060966], [-0.007092180759123701, 0.013560879979339068, -0.0010645884096221751], [-0.0024276935830609657, -0.0010645884096221751, 0.003937027930427541]], "chi2_level": 0.95, "chi2_df": 3, "chi2_threshold": 7.814727903251179, "N_raw": 41, "N_roi": 41, "N_inlier": 40, "refit": true}
{"timestamp": "17:36:15.158916", "frame": 23, "mu": [1.5338947178850912, 0.821029637460825, 1.101814203260996], "Sigma": [[0.00520338797426309, -0.0051634462212839325, -0.0004906500106506876], [-0.0051634462212839325, 0.01106197204689193, -0.0020550079159220315], [-0.0004906500106506876, -0.0020550079159220315, 0.0023822067459869367]], "chi2_level": 0.95, "chi2_df": 3, "chi2_threshold": 7.814727903251179, "N_raw": 35, "N_roi": 35, "N_inlier": 34, "refit": true}
{"timestamp": "17:36:15.215114", "frame": 24, "mu": [1.5137459538858362, 0.9709715001521093, -0.582864773630732], "Sigma": [[0.006004550460669027, -0.004061316507240519, -0.001299921100375102], [-0.004061316507240519, 0.015728319494386127, 0.0019090381629893692], [-0.001299921100375102, 0.001909038162989369, 0.0008894400344220926]], "chi2_level": 0.95, "chi2_df": 3, "chi2_threshold": 7.814727903251179, "N_raw": 42, "N_roi": 42, "N_inlier": 40, "refit": true}
{"timestamp": "17:36:15.268906", "frame": 25, "mu": [1.4280504595973083, 0.8122295800932301, 1.1770474105916748], "Sigma": [[0.006846962274951291, -0.006393414773848033, -0.001433722927622445], [-0.006393414773848033, 0.01187421988579108, 0.0003169919260840023], [-0.001433722927622445, 0.00031699192608400237, 0.0008339034123318903]], "chi2_level": 0.95, "chi2_df": 3, "chi2_threshold": 7.814727903251179, "N_raw": 31, "N_roi": 31, "N_inlier": 30, "refit": true}
{"timestamp": "17:36:15.322436", "frame": 26, "mu": [1.2786305676869247, 0.9547105792946765, 1.1119301104846548], "Sigma": [[0.002585511759652313, -0.0009649885568615641, -0.000916863784629436], [-0.0009649885568615641, 0.0030970626226485935, -0.0015750654736458327], [-0.0009168637846294362, -0.0015750654736458327, 0.0023461897346646055]], "chi2_level": 0.95, "chi2_df": 3, "chi2_threshold": 7.814727903251179, "N_raw": 23, "N_roi": 23, "N_inlier": 21, "refit": true}
{"timestamp": "17:36:15.377979", "frame": 27, "mu": [1.3893535125871046, 0.6873681678025585, 1.1447926553781662], "Sigma": [[0.0030899691489283364, -0.0025703634200657252, -0.0011289300634802575], [-0.0025703634200657252, 0.00709027129477014, -0.0019258811482206115], [-0.0011289300634802573, -0.001925881148220611, 0.002875136596622095]], "chi2_level": 0.95, "chi2_df": 3, "chi2_threshold": 7.814727903251179, "N_raw": 27, "N_roi": 27, "N_inlier": 23, "refit": true}
{"timestamp": "17:36:15.432503", "frame": 28, "mu": [1.0969202976087224, 0.9554604366558581, 1.3470367460073427], "Sigma": [[0.0031191016099222945, -0.002288896587597351, -0.007714560160780265], [-0.002288896587597351, 0.0039779987271931945, 0.007561937295931336], [-0.007714560160780265, 0.007561937295931338, 0.029455119835267933]], "chi2_level": 0.95, "chi2_df": 3, "chi2_threshold": 7.814727903251179, "N_raw": 17, "N_roi": 17, "N_inlier": 16, "refit": true}
{"timestamp": "17:36:15.486436", "frame": 29, "mu": [1.0812642517853652, 0.9298350891172437, 1.2749513512536346], "Sigma": [[0.006526966512840948, -0.004105252178104657, -0.011466443239162929], [-0.004105252178104657, 0.0031025752924424468, 0.007174095210772579], [-0.011466443239162929, 0.007174095210772578, 0.02291203556808553]], "chi2_level": 0.95, "chi2_df": 3, "chi2_threshold": 7.814727903251179, "N_raw": 20, "N_roi": 20, "N_inlier": 19, "refit": true}
{"timestamp": "17:36:15.545308", "frame": 30, "mu": [1.0505701363448816, 0.8982390862752833, 1.251733155885268], "Sigma": [[0.005752170933362889, -0.003554543129168063, -0.008661037707154998], [-0.0035545431291680633, 0.0032877237599106763, 0.004182687717666158], [-0.008661037707154998, 0.004182687717666158, 0.01739980683217095]], "chi2_level": 0.95, "chi2_df": 3, "chi2_threshold": 7.814727903251179, "N_raw": 43, "N_roi": 43, "N_inlier": 41, "refit": true}
{"timestamp": "17:36:15.599946", "frame": 31, "mu": [1.02194112611868, 0.8620851494166722, 1.2365326013220428], "Sigma": [[0.004069194723594636, -0.0034224723270210936, -0.007953396157587387], [-0.0034224723270210944, 0.0035315960798542566, 0.006043666891874845], [-0.007953396157587387, 0.006043666891874845, 0.02339779321400145]], "chi2_level": 0.95, "chi2_df": 3, "chi2_threshold": 7.814727903251179, "N_raw": 38, "N_roi": 38, "N_inlier": 36, "refit": true}
{"timestamp": "17:36:15.657459", "frame": 32, "mu": [0.9387493570696434, 1.0719659931614052, -0.47840241485916635], "Sigma": [[0.008179566951700164, 0.002050718143861159, -0.015595644745378993], [0.002050718143861159, 0.00486847270045043, -0.006807771570585521], [-0.015595644745378993, -0.006807771570585521, 0.04067471736070385]], "chi2_level": 0.95, "chi2_df": 3, "chi2_threshold": 7.814727903251179, "N_raw": 60, "N_roi": 60, "N_inlier": 59, "refit": true}
{"timestamp": "17:36:15.712730", "frame": 33, "mu": [0.9018129495970517, 0.8698746275668428, 1.3220095601757718], "Sigma": [[0.005666588766456332, -0.0029252618522414876, -0.005362890865871655], [-0.002925261852241488, 0.0029628482817842423, 0.0012012945004012308], [-0.005362890865871655, 0.0012012945004012305, 0.00973321476075994]], "chi2_level": 0.95, "chi2_df": 3, "chi2_threshold": 7.814727903251179, "N_raw": 53, "N_roi": 53, "N_inlier": 50, "refit": true}
{"timestamp": "17:36:15.760935", "frame": 34, "mu": [0.9090640896653406, 0.7702861008612707, 1.1970497866410146], "Sigma": [[0.0043349204294798075, -0.0030314989870738503, -0.009219414206386299], [-0.00303149898707385, 0.005125795214574135, 0.004288949212314877], [-0.009219414206386299, 0.004288949212314876, 0.031226347805842925]], "chi2_level": 0.95, "chi2_df": 3, "chi2_threshold": 7.814727903251179, "N_raw": 7, "N_roi": 7, "N_inlier": 7, "refit": true}
{"timestamp": "17:36:15.825886", "frame": 35, "mu": [0.8350414993859601, 0.808008010159885, 1.276392013794071], "Sigma": [[0.00891252740548438, -0.0010680276653806278, -0.010966604377209387], [-0.0010680276653806278, 0.002819143882526946, -0.000807203397560071], [-0.010966604377209383, -0.0008072033975600711, 0.018281695536654135]], "chi2_level": 0.95, "chi2_df": 3, "chi2_threshold": 7.814727903251179, "N_raw": 79, "N_roi": 79, "N_inlier": 77, "refit": true}
{"timestamp": "17:36:15.879279", "frame": 36, "mu": [0.7448690786005231, 0.7765162092581633, 1.3562216394959903], "Sigma": [[0.006679135963297797, -0.001034379187905356, -0.005845699818791877], [-0.001034379187905356, 0.0028356258944879018, -0.0006324156149884729], [-0.005845699818791877, -0.0006324156149884729, 0.006507169286827217]], "chi2_level": 0.95, "chi2_df": 3, "chi2_threshold": 7.814727903251179, "N_raw": 59, "N_roi": 59, "N_inlier": 58, "refit": true}
{"timestamp": "17:36:15.925862", "frame": 37, "mu": [0.7214990124586754, 0.7637371955258196, 1.3401203302098446], "Sigma": [[0.002973336765301028, 0.0005936472926722971, -0.0036449658795425126], [0.0005936472926722971, 0.0010558464176039892, -0.0018831429839680437], [-0.003644965879542513, -0.0018831429839680437, 0.006224773569596196]], "chi2_level": 0.95, "chi2_df": 3, "chi2_threshold": 7.814727903251179, "N_raw": 15, "N_roi": 15, "N_inlier": 14, "refit": true}
{"timestamp": "17:36:15.987358", "frame": 38, "mu": [0.6714591817921788, 0.7384098730520415, 1.3430088708141155], "Sigma": [[0.007532170671461607, -0.0012479538661645242, -0.006608876993849357], [-0.0012479538661645242, 0.002053256738044601, -0.00021344003515448253], [-0.006608876993849356, -0.00021344003515448256, 0.007123050505023524]], "chi2_level": 0.95, "chi2_df": 3, "chi2_threshold": 7.814727903251179, "N_raw": 65, "N_roi": 65, "N_inlier": 62, "refit": true}
{"timestamp": "17:36:16.043900", "frame": 39, "mu": [0.6129167681631922, 0.7301729026319627, 1.3803872884684683], "Sigma": [[0.006107884342760986, -0.0007669806324891586, -0.005998149909900101], [-0.0007669806324891587, 0.002389271727935226, 0.0008281203166390632], [-0.005998149909900101, 0.0008281203166390632, 0.013212434430433538]], "chi2_level": 0.95, "chi2_df": 3, "chi2_threshold": 7.814727903251179, "N_raw": 70, "N_roi": 70, "N_inlier": 67, "refit": true}
{"timestamp": "17:36:16.097942", "frame": 40, "mu": [0.5315735033758073, 0.8601295964872313, -0.43908221609386144], "Sigma": [[0.0033543406043952803, 0.0026439390402675372, 0.0015650042515605016], [0.0026439390402675372, 0.004457297635576355, 0.0015284640783749808], [0.0015650042515605016, 0.0015284640783749808, 0.012624987796034009]], "chi2_level": 0.95, "chi2_df": 3, "chi2_threshold": 7.814727903251179, "N_raw": 60, "N_roi": 60, "N_inlier": 56, "refit": true}
{"timestamp": "17:36:16.149692", "frame": 41, "mu": [0.4575321188942204, 0.7437920013435868, 1.4095418523254462], "Sigma": [[0.0026425844366565936, -0.0004452415809946535, -0.003161798905264428], [-0.0004452415809946536, 0.0012919810085132279, -0.0007482678159143876], [-0.003161798905264428, -0.0007482678159143875, 0.008120665502625598]], "chi2_level": 0.95, "chi2_df": 3, "chi2_threshold": 7.814727903251179, "N_raw": 40, "N_roi": 40, "N_inlier": 36, "refit": true}
{"timestamp": "17:36:16.204985", "frame": 42, "mu": [0.41048316371346594, 0.9171207592488922, -0.44879570731237306], "Sigma": [[0.007375275376462751, 0.002191252419709377, -0.009784493082646093], [0.002191252419709377, 0.006514531201957933, -0.024896570238713295], [-0.009784493082646093, -0.024896570238713295, 0.11237551469664744]], "chi2_level": 0.95, "chi2_df": 3, "chi2_threshold": 7.814727903251179, "N_raw": 43, "N_roi": 43, "N_inlier": 39, "refit": true}
{"timestamp": "17:36:16.262511", "frame": 43, "mu": [0.3783382896697058, 0.7473670283811109, 1.3392731473135955], "Sigma": [[0.0030944454472951423, -0.0010483019917755434, -0.0018959361078359517], [-0.0010483019917755434, 0.002489093157586585, -0.0018434583179011866], [-0.0018959361078359515, -0.0018434583179011866, 0.009126756967226108]], "chi2_level": 0.95, "chi2_df": 3, "chi2_threshold": 7.814727903251179, "N_raw": 61, "N_roi": 61, "N_inlier": 55, "refit": true}
{"timestamp": "17:36:16.316848", "frame": 44, "mu": [0.323335680000114, 0.7228923801064392, 1.2974027792207845], "Sigma": [[0.0043513453901128174, 0.0015215353507981506, -0.0007718456779534206], [0.0015215353507981506, 0.005809582985646539, -0.009764336660553154], [-0.0007718456779534214, -0.009764336660553154, 0.06400018137351916]], "chi2_level": 0.95, "chi2_df": 3, "chi2_threshold": 7.814727903251179, "N_raw": 53, "N_roi": 53, "N_inlier": 45, "refit": true}
{"timestamp": "17:36:16.373738", "frame": 45, "mu": [0.296260848440478, 0.7638216961472056, 1.309805225259543], "Sigma": [[0.004056629480187787, 1.3509721033248172e-06, -0.0044239115749948425], [1.3509721033248037e-06, 0.0014253372227309247, -0.0013897750396664565], [-0.004423911574994843, -0.0013897750396664563, 0.007161040938536231]], "chi2_level": 0.95, "chi2_df": 3, "chi2_threshold": 7.814727903251179, "N_raw": 70, "N_roi": 70, "N_inlier": 64, "refit": true}
{"timestamp": "17:36:16.428644", "frame": 46, "mu": [0.18814614979040142, 0.732213639705243, 1.2403414626095715], "Sigma": [[0.002635858592856624, -0.001462886477468446, -0.004366533427963491], [-0.001462886477468446, 0.0015365287032128893, 0.0009192133556864697], [-0.004366533427963491, 0.0009192133556864696, 0.013248554943794216]], "chi2_level": 0.95, "chi2_df": 3, "chi2_threshold": 7.814727903251179, "N_raw": 69, "N_roi": 69, "N_inlier": 66, "refit": true}
{"timestamp": "17:36:16.484709", "frame": 47, "mu": [0.10816981712502437, 0.7337141972653706, 1.1916596485386501], "Sigma": [[0.0021715378776120463, -0.00047980399667203885, 0.003158642820464527], [-0.00047980399667203885, 0.009614686314759629, -0.0021514497943903926], [0.0031586428204645276, -0.0021514497943903926, 0.011093288010253407]], "chi2_level": 0.95, "chi2_df": 3, "chi2_threshold": 7.814727903251179, "N_raw": 79, "N_roi": 79, "N_inlier": 75, "refit": true}
{"timestamp": "17:36:16.541737", "frame": 48, "mu": [0.08388347621018426, 0.7859504130892021, 1.3580815897162124], "Sigma": [[0.003974533101306626, -0.0011188213570169907, -0.00536595759626527], [-0.0011188213570169907, 0.0020680409726453073, -0.0002611335380880678], [-0.00536595759626527, -0.0002611335380880677, 0.010978717015411785]], "chi2_level": 0.95, "chi2_df": 3, "chi2_threshold": 7.814727903251179, "N_raw": 85, "N_roi": 85, "N_inlier": 79, "refit": true}
{"timestamp": "17:36:16.594004", "frame": 49, "mu": [0.005591294009836026, 0.7117443738668665, 1.2493458477903485], "Sigma": [[0.0025400363821652967, -0.0015541967741041108, -0.008910807688006894], [-0.0015541967741041108, 0.0077088343778570325, 0.0015806089160273413], [-0.008910807688006894, 0.0015806089160273413, 0.08966945217150529]], "chi2_level": 0.95, "chi2_df": 3, "chi2_threshold": 7.814727903251179, "N_raw": 68, "N_roi": 68, "N_inlier": 64, "refit": true}
{"timestamp": "17:36:16.644630", "frame": 50, "mu": [-0.057618035905742125, 0.7327234680706126, 1.2953081289937527], "Sigma": [[0.0017247390127888374, 0.00038323838255187797, 0.0007482292152996529], [0.00038323838255187797, 0.001948982923195582, -0.0010335256700655033], [0.0007482292152996528, -0.0010335256700655033, 0.0014136536054871354]], "chi2_level": 0.95, "chi2_df": 3, "chi2_threshold": 7.814727903251179, "N_raw": 43, "N_roi": 43, "N_inlier": 41, "refit": true}
{"timestamp": "17:36:16.702511", "frame": 51, "mu": [-0.13112693880092124, 0.777679715145641, 1.421225818731312], "Sigma": [[0.0018864885987686303, -0.00030539965688708925, 0.0006926828636453832], [-0.0003053996568870892, 0.0010636222728724243, -0.001966124583006933], [0.0006926828636453832, -0.001966124583006933, 0.005943040712810367]], "chi2_level": 0.95, "chi2_df": 3, "chi2_threshold": 7.814727903251179, "N_raw": 61, "N_roi": 61, "N_inlier": 59, "refit": true}
{"timestamp": "17:36:16.760799", "frame": 52, "mu": [-0.16319152203600595, 0.7494014326421792, 1.2964262559304667], "Sigma": [[0.002288867484966506, -0.0004683472139513372, -0.00011417289238573103], [-0.0004683472139513372, 0.0027263239112148975, -0.0028392647518076884], [-0.00011417289238573103, -0.0028392647518076884, 0.007450856794102355]], "chi2_level": 0.95, "chi2_df": 3, "chi2_threshold": 7.814727903251179, "N_raw": 83, "N_roi": 83, "N_inlier": 81, "refit": true}
{"timestamp": "17:36:16.816764", "frame": 53, "mu": [-0.19737769501231417, 0.7767026467932321, 1.3650421405657487], "Sigma": [[0.002979697838320321, -0.0004129812277720588, -0.002693640632830939], [-0.0004129812277720588, 0.0016100091363019427, -0.002764656594846444], [-0.002693640632830939, -0.0027646565948464446, 0.015545622895839568]], "chi2_level": 0.95, "chi2_df": 3, "chi2_threshold": 7.814727903251179, "N_raw": 93, "N_roi": 93, "N_inlier": 90, "refit": true}
{"timestamp": "17:36:16.874159", "frame": 54, "mu": [-0.2579047109796678, 0.7737941846083624, 1.3788932990497396], "Sigma": [[0.0032439068904070987, -0.0005345887655610913, -0.003195981582635146], [-0.0005345887655610912, 0.0017799416427603683, -0.0031829239152406357], [-0.003195981582635146, -0.0031829239152406357, 0.014456730299378799]], "chi2_level": 0.95, "chi2_df": 3, "chi2_threshold": 7.814727903251179, "N_raw": 105, "N_roi": 105, "N_inlier": 101, "refit": true}
{"timestamp": "17:36:16.927494", "frame": 55, "mu": [-0.29975299662899385, 0.7642866357923006, 1.34420030974961], "Sigma": [[0.0026234774451340498, -0.0001317088563333814, -0.00358748127140818], [-0.0001317088563333814, 0.0016794215637736907, -0.0033372984621910656], [-0.00358748127140818, -0.0033372984621910656, 0.014862938112949744]], "chi2_level": 0.95, "chi2_df": 3, "chi2_threshold": 7.814727903251179, "N_raw": 88, "N_roi": 88, "N_inlier": 85, "refit": true}
{"timestamp": "17:36:16.980307", "frame": 56, "mu": [-0.374024043122697, 0.7817332202410321, 1.3644316427579684], "Sigma": [[0.0023272695506631486, -0.0006401348374385017, -0.002110905941256555], [-0.0006401348374385017, 0.001995309689175581, -0.0031883506800197015], [-0.002110905941256555, -0.0031883506800197015, 0.01248841803136331]], "chi2_level": 0.95, "chi2_df": 3, "chi2_threshold": 7.814727903251179, "N_raw": 78, "N_roi": 78, "N_inlier": 75, "refit": true}
{"timestamp": "17:36:17.035862", "frame": 57, "mu": [-0.38883175492155686, 0.696528660876071, 1.244091008559626], "Sigma": [[0.0039371255107819225, -0.0016483328834677705, -0.0015680893268820843], [-0.0016483328834677705, 0.0020798085752711977, 0.0009468560658411124], [-0.0015680893268820845, 0.0009468560658411124, 0.01091032219940387]], "chi2_level": 0.95, "chi2_df": 3, "chi2_threshold": 7.814727903251179, "N_raw": 80, "N_roi": 80, "N_inlier": 75, "refit": true}
{"timestamp": "17:36:17.085934", "frame": 58, "mu": [-0.4234849162613565, 0.7380854328883338, 1.2327018999278738], "Sigma": [[0.002602581152713262, 0.001497637136672068, 0.0017318752854099857], [0.0014976371366720682, 0.0020354980771557147, 0.0009871673745236748], [0.001731875285409986, 0.0009871673745236748, 0.008604910766877203]], "chi2_level": 0.95, "chi2_df": 3, "chi2_threshold": 7.814727903251179, "N_raw": 47, "N_roi": 47, "N_inlier": 41, "refit": true}
{"timestamp": "17:36:17.142242", "frame": 59, "mu": [-0.6524809136549441, 0.7213147608852813, 1.4845404364974717], "Sigma": [[0.016522727185367535, 0.005737294058494152, -0.012945259627648842], [0.005737294058494151, 0.003850526101394541, -0.007689579404910568], [-0.012945259627648842, -0.007689579404910567, 0.018697159847519622]], "chi2_level": 0.95, "chi2_df": 3, "chi2_threshold": 7.814727903251179, "N_raw": 64, "N_roi": 64, "N_inlier": 62, "refit": true}
{"timestamp": "17:36:17.196526", "frame": 60, "mu": [-0.6495553833009552, 0.613732433535754, 1.3122383157082056], "Sigma": [[0.04615968812560358, 0.002014040400579284, -0.063916483640405], [0.002014040400579284, 0.0018041531448727713, -0.0050217921703294005], [-0.063916483640405, -0.0050217921703294005, 0.0952364958128897]], "chi2_level": 0.95, "chi2_df": 3, "chi2_threshold": 7.814727903251179, "N_raw": 59, "N_roi": 59, "N_inlier": 57, "refit": true}
{"timestamp": "17:36:17.251762", "frame": 61, "mu": [-0.8130444632431687, 0.656745637604096, 1.4311497607937862], "Sigma": [[0.02585179469946304, 0.009752141464921142, -0.050342935651442364], [0.009752141464921142, 0.005774869476777126, -0.02165613628549835], [-0.050342935651442364, -0.02165613628549835, 0.1209064955995784]], "chi2_level": 0.95, "chi2_df": 3, "chi2_threshold": 7.814727903251179, "N_raw": 57, "N_roi": 57, "N_inlier": 55, "refit": true}
{"timestamp": "17:36:17.309627", "frame": 62, "mu": [-0.8699030697048995, 0.6776188185652621, 1.5132941442985295], "Sigma": [[0.018399535875551494, 0.005214987740013499, -0.019372913084996765], [0.005214987740013499, 0.004003653529538532, -0.0011634220713259767], [-0.019372913084996765, -0.0011634220713259771, 0.05847959546146071]], "chi2_level": 0.95, "chi2_df": 3, "chi2_threshold": 7.814727903251179, "N_raw": 75, "N_roi": 74, "N_inlier": 70, "refit": true}
{"timestamp": "17:36:17.363779", "frame": 63, "mu": [-0.9242040028081127, 0.647045868780839, 1.4114109233337242], "Sigma": [[0.021327306055018317, 0.004429236075700324, -0.04004733293596001], [0.004429236075700324, 0.0034963158094092647, -0.00819367652563254], [-0.04004733293596001, -0.00819367652563254, 0.10808193632537358]], "chi2_level": 0.95, "chi2_df": 3, "chi2_threshold": 7.814727903251179, "N_raw": 74, "N_roi": 74, "N_inlier": 68, "refit": true}
{"timestamp": "17:36:17.426580", "frame": 64, "mu": [-0.9127718342724467, 0.6990016612199142, 1.4202793450123972], "Sigma": [[0.021588011224015876, 0.006276492694193923, -0.03379361916637652], [0.006276492694193923, 0.005866381137316448, -0.005323014331164744], [-0.03379361916637652, -0.005323014331164743, 0.10633434098588909]], "chi2_level": 0.95, "chi2_df": 3, "chi2_threshold": 7.814727903251179, "N_raw": 118, "N_roi": 118, "N_inlier": 117, "refit": true}
{"timestamp": "17:36:17.477373", "frame": 65, "mu": [-0.975569350503139, 0.7133762905417035, 1.4045226416984007], "Sigma": [[0.022908088558976615, 0.0053836634883355355, -0.035060948001324185], [0.0053836634883355355, 0.003096371363750041, -0.010122086345052617], [-0.035060948001324185, -0.010122086345052617, 0.08175645298842435]], "chi2_level": 0.95, "chi2_df": 3, "chi2_threshold": 7.814727903251179, "N_raw": 86, "N_roi": 86, "N_inlier": 81, "refit": true}
{"timestamp": "17:36:17.531601", "frame": 66, "mu": [-0.9510375138155578, 0.6358828727893019, 1.2265822483655922], "Sigma": [[0.017618615172964074, 0.01039085941096023, -0.02289097590394644], [0.01039085941096023, 0.007944282836795363, -0.01146190535512513], [-0.02289097590394644, -0.011461905355125129, 0.0593830627654194]], "chi2_level": 0.95, "chi2_df": 3, "chi2_threshold": 7.814727903251179, "N_raw": 88, "N_roi": 88, "N_inlier": 82, "refit": true}
{"timestamp": "17:36:17.586314", "frame": 67, "mu": [-1.0777854619086895, 0.6389270291868459, -0.43588374237260186], "Sigma": [[0.024313508150003677, 0.014743833005988121, 0.054973556034945095], [0.014743833005988121, 0.011411095917216093, 0.030414148454541268], [0.054973556034945095, 0.030414148454541268, 0.31229776252330615]], "chi2_level": 0.95, "chi2_df": 3, "chi2_threshold": 7.814727903251179, "N_raw": 85, "N_roi": 85, "N_inlier": 82, "refit": true}
{"timestamp": "17:36:17.639139", "frame": 68, "mu": [-1.13614282608132, 0.731497413445571, 1.3941105087018668], "Sigma": [[0.00997638448773497, 0.0033722985769989782, -0.0054112945183556254], [0.0033722985769989782, 0.00729691737379595, -0.004338155901322881], [-0.0054112945183556254, -0.004338155901322881, 0.0050391956408519555]], "chi2_level": 0.95, "chi2_df": 3, "chi2_threshold": 7.814727903251179, "N_raw": 74, "N_roi": 74, "N_inlier": 71, "refit": true}
{"timestamp": "17:36:17.696862", "frame": 69, "mu": [-1.195946820887068, 0.7485846052670395, 1.381991066264447], "Sigma": [[0.014234760713373191, 0.003209435731837554, -0.009025598606832268], [0.003209435731837554, 0.007470577657591217, -0.005122970714243702], [-0.009025598606832268, -0.0051229707142437025, 0.009269363736311405]], "chi2_level": 0.95, "chi2_df": 3, "chi2_threshold": 7.814727903251179, "N_raw": 88, "N_roi": 88, "N_inlier": 82, "refit": true}
{"timestamp": "17:36:17.750963", "frame": 70, "mu": [-1.2505442085971556, 0.7282329728278668, 1.3451576944713937], "Sigma": [[0.011426994885749277, 0.0052305661888421735, -0.004607653875848622], [0.0052305661888421735, 0.00936370175630793, -0.006537898266039416], [-0.0046076538758486225, -0.006537898266039416, 0.008380771365683392]], "chi2_level": 0.95, "chi2_df": 3, "chi2_threshold": 7.814727903251179, "N_raw": 88, "N_roi": 88, "N_inlier": 84, "refit": true}
{"timestamp": "17:36:17.808092", "frame": 71, "mu": [-1.3048165389770292, 0.7910622896343283, -0.3110172849754223], "Sigma": [[0.01535361246261806, 0.005963115400603564, 0.0389102175721026], [0.005963115400603564, 0.011304361200262554, 0.032137108585832935], [0.0389102175721026, 0.032137108585832935, 0.4255242663398943]], "chi2_level": 0.95, "chi2_df": 3, "chi2_threshold": 7.814727903251179, "N_raw": 88, "N_roi": 88, "N_inlier": 87, "refit": true}
{"timestamp": "17:36:17.861417", "frame": 72, "mu": [-1.369645603700029, 0.9174936642405507, -0.44630708356369037], "Sigma": [[0.012438566844163463, 0.007642798459101009, -0.0016706332791037704], [0.007642798459101009, 0.014039656321560014, -0.0067185215097439], [-0.0016706332791037704, -0.0067185215097439, 0.005832822542528092]], "chi2_level": 0.95, "chi2_df": 3, "chi2_threshold": 7.814727903251179, "N_raw": 86, "N_roi": 86, "N_inlier": 83, "refit": true}
{"timestamp": "17:36:17.917282", "frame": 73, "mu": [-1.3980583626572298, 0.8705388015219647, 1.3800511165325706], "Sigma": [[0.013394857744798995, 0.005474718587448008, -0.006559607914663607], [0.005474718587448007, 0.013915769285879122, -0.007022281981958423], [-0.006559607914663608, -0.007022281981958423, 0.005302291127535891]], "chi2_level": 0.95, "chi2_df": 3, "chi2_threshold": 7.814727903251179, "N_raw": 92, "N_roi": 92, "N_inlier": 88, "refit": true}
{"timestamp": "17:36:17.977224", "frame": 74, "mu": [-1.393193683972341, 0.9391881556943796, 1.0979198824284278], "Sigma": [[0.014348791201305056, 0.007988959367880678, -0.026326848204699584], [0.007988959367880678, 0.014717589886979332, -0.032405996526348804], [-0.026326848204699584, -0.032405996526348804, 0.17696925497707894]], "chi2_level": 0.95, "chi2_df": 3, "chi2_threshold": 7.814727903251179, "N_raw": 130, "N_roi": 130, "N_inlier": 130, "refit": true}
{"timestamp": "17:36:18.029918", "frame": 75, "mu": [-1.4554036091304292, 0.990059331251814, 1.360349396055805], "Sigma": [[0.015051276819472994, 0.00873607255034626, -0.011494731946680235], [0.008736072550346259, 0.015742687950727852, -0.01272472436629165], [-0.011494731946680235, -0.01272472436629165, 0.032594527515763805]], "chi2_level": 0.95, "chi2_df": 3, "chi2_threshold": 7.814727903251179, "N_raw": 108, "N_roi": 108, "N_inlier": 102, "refit": true}
{"timestamp": "17:36:18.082963", "frame": 76, "mu": [-1.4875249198719724, 1.0308011365005108, 1.435893947184522], "Sigma": [[0.015532171306235557, 0.0066311856683863675, -0.011035355969970798], [0.0066311856683863675, 0.013409511407090362, -0.00891488685934913], [-0.011035355969970798, -0.00891488685934913, 0.010916532972463141]], "chi2_level": 0.95, "chi2_df": 3, "chi2_threshold": 7.814727903251179, "N_raw": 91, "N_roi": 91, "N_inlier": 89, "refit": true}
{"timestamp": "17:36:18.141440", "frame": 77, "mu": [-1.507359532721266, 1.0835034418039844, 1.4358702461536033], "Sigma": [[0.023409145662584327, 0.008809523123495928, -0.01858890318147153], [0.008809523123495925, 0.013755779146356945, -0.012100754030298868], [-0.01858890318147153, -0.012100754030298868, 0.019502506957772628]], "chi2_level": 0.95, "chi2_df": 3, "chi2_threshold": 7.814727903251179, "N_raw": 122, "N_roi": 121, "N_inlier": 111, "refit": true}
{"timestamp": "17:36:18.194530", "frame": 78, "mu": [-1.5269437665081709, 1.1428378148153848, 1.399372334767825], "Sigma": [[0.020820901009150364, 0.008835216077038703, -0.022725709199336773], [0.008835216077038703, 0.010497816253656646, -0.014986434900858854], [-0.022725709199336773, -0.014986434900858854, 0.045122999431102734]], "chi2_level": 0.95, "chi2_df": 3, "chi2_threshold": 7.814727903251179, "N_raw": 111, "N_roi": 111, "N_inlier": 107, "refit": true}
{"timestamp": "17:36:18.244431", "frame": 79, "mu": [-1.6345428015370518, 1.1669615152383994, 1.5875499690617474], "Sigma": [[0.01355193231008889, 0.007378528688892237, -0.012395404048509542], [0.007378528688892237, 0.013944311501632346, -0.008683386159290665], [-0.012395404048509542, -0.008683386159290667, 0.012846370707169794]], "chi2_level": 0.95, "chi2_df": 3, "chi2_threshold": 7.814727903251179, "N_raw": 71, "N_roi": 71, "N_inlier": 67, "refit": true}
{"timestamp": "17:36:18.297855", "frame": 80, "mu": [-1.6333580848441132, 1.1551128609870114, 1.4143025833031957], "Sigma": [[0.014040270737183343, 0.004491415537148717, -0.013650365623805647], [0.004491415537148717, 0.01113619769241522, -0.0035202663765078043], [-0.013650365623805647, -0.003520266376507804, 0.01472627553442812]], "chi2_level": 0.95, "chi2_df": 3, "chi2_threshold": 7.814727903251179, "N_raw": 65, "N_roi": 65, "N_inlier": 63, "refit": true}
{"timestamp": "17:36:18.356734", "frame": 81, "mu": [-1.6825739964259288, 1.249838540485235, 1.5024790939045543], "Sigma": [[0.017558414494895685, 0.010000934381498919, -0.013741028033526208], [0.010000934381498919, 0.017753272327403306, -0.011970001330386764], [-0.013741028033526208, -0.011970001330386764, 0.015186178379495797]], "chi2_level": 0.95, "chi2_df": 3, "chi2_threshold": 7.814727903251179, "N_raw": 93, "N_roi": 93, "N_inlier": 90, "refit": true}
{"timestamp": "17:36:18.413672", "frame": 82, "mu": [-1.7192477441992748, 1.3434355264240123, 0.2755922967826577], "Sigma": [[0.016338685362714232, 0.006376645958669049, 0.05724236392960864], [0.006376645958669049, 0.011305961214087059, 0.027915453469168423], [0.05724236392960863, 0.027915453469168423, 0.5017803549584511]], "chi2_level": 0.95, "chi2_df": 3, "chi2_threshold": 7.814727903251179, "N_raw": 107, "N_roi": 107, "N_inlier": 103, "refit": true}
{"timestamp": "17:36:18.468197", "frame": 83, "mu": [-1.7646071937152834, 1.3767462841103641, 1.4252706117688787], "Sigma": [[0.01678536883679665, 0.01143195009522113, -0.009566662122317115], [0.01143195009522113, 0.019347966725977155, -0.010508353991680788], [-0.009566662122317115, -0.010508353991680786, 0.02700005631289386]], "chi2_level": 0.95, "chi2_df": 3, "chi2_threshold": 7.814727903251179, "N_raw": 100, "N_roi": 100, "N_inlier": 95, "refit": true}
{"timestamp": "17:36:18.521829", "frame": 84, "mu": [-1.7896663926230048, 1.4639303027082071, -0.2653737814695417], "Sigma": [[0.01572129038257364, 0.012049750825416747, 0.0020474236735265367], [0.012049750825416747, 0.02553644558586239, 0.008230763466233342], [0.0020474236735265367, 0.008230763466233342, 0.01524637111714896]], "chi2_level": 0.95, "chi2_df": 3, "chi2_threshold": 7.814727903251179, "N_raw": 84, "N_roi": 84, "N_inlier": 80, "refit": true}
{"timestamp": "17:36:18.578952", "frame": 85, "mu": [-1.8167873697179848, 1.4665305917940312, 1.3793868425894165], "Sigma": [[0.01974293961389649, 0.013116061852355226, -0.015872742002715018], [0.013116061852355226, 0.01780702520015149, -0.018088808256749432], [-0.015872742002715018, -0.018088808256749432, 0.03649357891465535]], "chi2_level": 0.95, "chi2_df": 3, "chi2_threshold": 7.814727903251179, "N_raw": 104, "N_roi": 104, "N_inlier": 100, "refit": true}
{"timestamp": "17:36:18.633244", "frame": 86, "mu": [-1.875718446595724, 1.4722429331966316, 1.3554574057189082], "Sigma": [[0.018186696543135924, 0.014401154648032415, -0.017901077757884732], [0.014401154648032412, 0.017055052513789408, -0.020584539715725776], [-0.01790107775788473, -0.020584539715725776, 0.05500760926617765]], "chi2_level": 0.95, "chi2_df": 3, "chi2_threshold": 7.814727903251179, "N_raw": 95, "N_roi": 95, "N_inlier": 88, "refit": true}
