{"timestamp": "18:07:03.874622", "frame": 1, "mu": [-2.050259910958952, 4.958950316464257, 1.0657575749833177], "Sigma": [[0.016660971413250934, 0.0009374864193157355, -0.0006205196556712482], [0.0009374864193157354, 0.0003958031817290096, -0.0001026434985087941], [-0.0006205196556712482, -0.0001026434985087941, 3.7528687605767094e-05]], "chi2_level": 0.95, "chi2_df": 3, "chi2_threshold": 7.814727903251179, "N_raw": 33, "N_roi": 6, "N_inlier": 6, "refit": true}
{"timestamp": "18:07:04.205790", "frame": 7, "mu": [-1.9811399490758639, 4.9503103603020575, 1.056025873745948], "Sigma": [[0.015434103608388667, 0.0022567350424060766, 0.001568982909776774], [0.0022567350424060766, 0.0007436136618141525, -0.002146182970428629], [0.001568982909776773, -0.002146182970428629, 0.020092134395433843]], "chi2_level": 0.95, "chi2_df": 3, "chi2_threshold": 7.814727903251179, "N_raw": 39, "N_roi": 14, "N_inlier": 13, "refit": true}
{"timestamp": "18:07:04.318933", "frame": 9, "mu": [-2.007191262476744, 4.931671065491504, 0.5690390235144996], "Sigma": [[0.014231818500206252, 0.0021815304382945037, -0.00278212661525337], [0.0021815304382945037, 0.0016273617141935057, -0.0005600943344207877], [-0.00278212661525337, -0.0005600943344207877, 0.0007532208059715578]], "chi2_level": 0.95, "chi2_df": 3, "chi2_threshold": 7.814727903251179, "N_raw": 64, "N_roi": 14, "N_inlier": 14, "refit": true}
{"timestamp": "18:07:04.374415", "frame": 10, "mu": [-1.806191675883645, 4.9173355773883305, 0.4432844397777357], "Sigma": [[0.04765120616834215, 0.001983930505384202, -0.0357256391981986], [0.001983930505384202, 0.0021317266688205753, -0.002957924733132014], [-0.0357256391981986, -0.0029579247331320145, 0.03386301359487836]], "chi2_level": 0.95, "chi2_df": 3, "chi2_threshold": 7.814727903251179, "N_raw": 49, "N_roi": 41, "N_inlier": 40, "refit": true}
{"timestamp": "18:07:04.426812", "frame": 11, "mu": [-1.730060024241787, 4.92873706552979, 0.5255741170472936], "Sigma": [[0.021803659032336758, 0.003538373404010405, -0.0054539389854850765], [0.0035383734040104055, 0.0020321441162033968, -0.0018665050431975968], [-0.0054539389854850765, -0.0018665050431975964, 0.014828525147442711]], "chi2_level": 0.95, "chi2_df": 3, "chi2_threshold": 7.814727903251179, "N_raw": 32, "N_roi": 30, "N_inlier": 29, "refit": true}
{"timestamp": "18:07:04.478911", "frame": 12, "mu": [-1.8767098198743262, 4.9495596875577945, 0.764074464432267], "Sigma": [[0.024842833320032967, -0.0005904885818685615, 0.008373394946783998], [-0.0005904885818685618, 0.0009495570256825766, -0.0032723869728487273], [0.008373394946783998, -0.0032723869728487273, 0.0239841568185501]], "chi2_level": 0.95, "chi2_df": 3, "chi2_threshold": 7.814727903251179, "N_raw": 14, "N_roi": 10, "N_inlier": 10, "refit": true}
{"timestamp": "18:07:04.590343", "frame": 14, "mu": [-1.7334127649751525, 4.842670148986689, 0.5785260033922447], "Sigma": [[0.021325673733825108, 0.005807461862970856, -0.0035022151221476665], [0.005807461862970856, 0.0019663005263630155, -0.0018553025855716145], [-0.0035022151221476665, -0.0018553025855716145, 0.01460073828630459]], "chi2_level": 0.95, "chi2_df": 3, "chi2_threshold": 7.814727903251179, "N_raw": 24, "N_roi": 23, "N_inlier": 22, "refit": true}
{"timestamp": "18:07:04.648169", "frame": 15, "mu": [-1.9005925011976252, 4.940110697204457, -0.19987541080520335], "Sigma": [[0.026319310331685882, 0.0032129994203227846, 0.00143652079422933], [0.0032129994203227846, 0.0012756204028361556, -0.0016805805832395587], [0.00143652079422933, -0.0016805805832395583, 0.006264336211965461]], "chi2_level": 0.95, "chi2_df": 3, "chi2_threshold": 7.814727903251179, "N_raw": 40, "N_roi": 18, "N_inlier": 17, "refit": true}
{"timestamp": "18:07:04.698991", "frame": 16, "mu": [-1.7484412799092865, 4.7218833975406245, 0.3598398760150805], "Sigma": [[0.012551713254049893, 0.0019100788479342907, -0.004446201506565738], [0.0019100788479342907, 0.000541803758355927, 0.00040434354915762057], [-0.004446201506565738, 0.0004043435491576207, 0.03030731451041086]], "chi2_level": 0.95, "chi2_df": 3, "chi2_threshold": 7.814727903251179, "N_raw": 13, "N_roi": 13, "N_inlier": 11, "refit": true}
{"timestamp": "18:07:04.756675", "frame": 17, "mu": [-1.6533142156093057, 4.708247624168559, 0.6823256639120492], "Sigma": [[0.025792182996498728, 0.006501867180118069, -0.012467193315542437], [0.006501867180118069, 0.0024348049146805132, -0.004379163147975752], [-0.012467193315542437, -0.004379163147975752, 0.01386701121508155]], "chi2_level": 0.95, "chi2_df": 3, "chi2_threshold": 7.814727903251179, "N_raw": 31, "N_roi": 29, "N_inlier": 26, "refit": true}
{"timestamp": "18:07:04.813325", "frame": 18, "mu": [-1.813864962098306, 4.6675868227749575, 0.6436107050169078], "Sigma": [[0.03492550731179965, 0.0069110423520234165, -0.005459455078380601], [0.0069110423520234165, 0.0024097747554881204, -0.003927542364730111], [-0.005459455078380601, -0.003927542364730112, 0.015702238435849357]], "chi2_level": 0.95, "chi2_df": 3, "chi2_threshold": 7.814727903251179, "N_raw": 41, "N_roi": 39, "N_inlier": 38, "refit": true}
{"timestamp": "18:07:04.867132", "frame": 19, "mu": [-1.745939682899898, 4.615617941251868, 0.6300615616238578], "Sigma": [[0.02763496026971344, 0.005356541586392402, -0.008884684308535236], [0.005356541586392401, 0.0026661343529719283, -0.004189603853246161], [-0.008884684308535234, -0.004189603853246161, 0.010085900105927552]], "chi2_level": 0.95, "chi2_df": 3, "chi2_threshold": 7.814727903251179, "N_raw": 34, "N_roi": 34, "N_inlier": 34, "refit": true}
{"timestamp": "18:07:04.923917", "frame": 20, "mu": [-1.8742601058752464, 4.575394748082983, 0.6524219214444158], "Sigma": [[0.04001662802113695, 0.008380579094314845, -0.008583969255137044], [0.008380579094314847, 0.003475445431281229, -0.004083299799615928], [-0.008583969255137044, -0.004083299799615928, 0.008019198423439374]], "chi2_level": 0.95, "chi2_df": 3, "chi2_threshold": 7.814727903251179, "N_raw": 49, "N_roi": 40, "N_inlier": 39, "refit": true}
{"timestamp": "18:07:04.978095", "frame": 21, "mu": [-1.6755850370284189, 4.544976068629649, 0.8100985621452087], "Sigma": [[0.039869261456976425, 0.0020082110631476613, -0.04015398224791482], [0.0020082110631476613, 0.003456313881902118, -0.0025265598473492236], [-0.04015398224791482, -0.0025265598473492227, 0.04433799789974455]], "chi2_level": 0.95, "chi2_df": 3, "chi2_threshold": 7.814727903251179, "N_raw": 44, "N_roi": 44, "N_inlier": 43, "refit": true}
{"timestamp": "18:07:05.027559", "frame": 22, "mu": [-1.6594773412019, 4.5030840536416346, 0.45344005186226993], "Sigma": [[0.004927406840124716, 0.00020159577921406317, -0.004926840284713635], [0.00020159577921406312, 0.0021807289582829407, -0.001559109884255582], [-0.004926840284713635, -0.0015591098842555817, 0.0069477816426764425]], "chi2_level": 0.95, "chi2_df": 3, "chi2_threshold": 7.814727903251179, "N_raw": 9, "N_roi": 9, "N_inlier": 8, "refit": true}
{"timestamp": "18:07:05.086849", "frame": 23, "mu": [-1.841236585972467, 4.60780568316958, 0.054922094281440854], "Sigma": [[0.028374161929687725, 0.0057418086696035, -0.004907531787115784], [0.0057418086696035, 0.004932730202981132, -0.005951665963209271], [-0.004907531787115784, -0.005951665963209271, 0.00936193460088419]], "chi2_level": 0.95, "chi2_df": 3, "chi2_threshold": 7.814727903251179, "N_raw": 35, "N_roi": 35, "N_inlier": 33, "refit": true}
{"timestamp": "18:07:05.141949", "frame": 24, "mu": [-1.7283634951679396, 4.429149412487563, 0.7237909747922872], "Sigma": [[0.025041663226277218, 0.003434938885063761, -0.02103820938276143], [0.00343493888506376, 0.0019661129194804895, -0.005948828337272909], [-0.02103820938276143, -0.005948828337272909, 0.028437786894737773]], "chi2_level": 0.95, "chi2_df": 3, "chi2_threshold": 7.814727903251179, "N_raw": 35, "N_roi": 35, "N_inlier": 34, "refit": true}
{"timestamp": "18:07:05.192890", "frame": 25, "mu": [-1.706768124230206, 4.435981617157462, 0.7851175140239945], "Sigma": [[0.02075855924341425, -0.001435716027258632, 0.005267486181629962], [-0.001435716027258632, 0.0005830381045812619, -0.0012689308863849571], [0.005267486181629963, -0.0012689308863849571, 0.006442985080222995]], "chi2_level": 0.95, "chi2_df": 3, "chi2_threshold": 7.814727903251179, "N_raw": 8, "N_roi": 8, "N_inlier": 8, "refit": true}
{"timestamp": "18:07:05.252452", "frame": 26, "mu": [-1.7298693454086476, 4.452305132820842, -0.8093080106073153], "Sigma": [[0.027378936110925754, 0.018342358220256056, 0.03861167438047472], [0.018342358220256056, 0.019022100839746016, 0.04285973731591893], [0.03861167438047473, 0.04285973731591893, 0.15345620764539167]], "chi2_level": 0.95, "chi2_df": 3, "chi2_threshold": 7.814727903251179, "N_raw": 35, "N_roi": 35, "N_inlier": 35, "refit": true}
{"timestamp": "18:07:05.307734", "frame": 27, "mu": [-1.6216689082437048, 4.5503318893099145, -0.5202906133292193], "Sigma": [[0.03920807774946604, 0.007785342234904416, -0.04364725078382834], [0.007785342234904417, 0.004876925059198958, -0.011129771639203487], [-0.04364725078382834, -0.011129771639203485, 0.05541837653653415]], "chi2_level": 0.95, "chi2_df": 3, "chi2_threshold": 7.814727903251179, "N_raw": 43, "N_roi": 43, "N_inlier": 42, "refit": true}
{"timestamp": "18:07:05.364244", "frame": 28, "mu": [-1.7341052442895633, 4.245410970241707, 0.6536169624720216], "Sigma": [[0.03358665713964991, 0.006817480178781789, -0.017415661585214112], [0.006817480178781789, 0.004287237380927842, -0.007047958146501708], [-0.017415661585214112, -0.007047958146501709, 0.015751946139506513]], "chi2_level": 0.95, "chi2_df": 3, "chi2_threshold": 7.814727903251179, "N_raw": 49, "N_roi": 49, "N_inlier": 49, "refit": true}
{"timestamp": "18:07:05.419909", "frame": 29, "mu": [-1.7222564976292296, 4.196385706575906, 0.5361506133267077], "Sigma": [[0.033103203400037015, 0.003944348931007193, -0.021177856758230477], [0.003944348931007192, 0.00182764154665886, -0.006792762215931086], [-0.021177856758230477, -0.006792762215931086, 0.036564526262370015]], "chi2_level": 0.95, "chi2_df": 3, "chi2_threshold": 7.814727903251179, "N_raw": 53, "N_roi": 53, "N_inlier": 52, "refit": true}
{"timestamp": "18:07:05.473049", "frame": 30, "mu": [-1.6822378907742686, 4.131272280695382, 0.5989907454905491], "Sigma": [[0.02551729358337987, 0.0029240550585675723, -0.018860300509889433], [0.0029240550585675727, 0.0006761219955440112, -0.0022388127007034], [-0.018860300509889433, -0.0022388127007034004, 0.053879720548804806]], "chi2_level": 0.95, "chi2_df": 3, "chi2_threshold": 7.814727903251179, "N_raw": 40, "N_roi": 40, "N_inlier": 39, "refit": true}
{"timestamp": "18:07:05.530019", "frame": 31, "mu": [-1.687971522128364, 4.071663251018048, 0.5565761124448069], "Sigma": [[0.03215435830147269, 0.0037293391501741872, -0.026252809918119686], [0.0037293391501741872, 0.00130148182125709, -0.0061123031579107655], [-0.02625280991811969, -0.0061123031579107655, 0.04926279340355687]], "chi2_level": 0.95, "chi2_df": 3, "chi2_threshold": 7.814727903251179, "N_raw": 54, "N_roi": 54, "N_inlier": 52, "refit": true}
{"timestamp": "18:07:05.581668", "frame": 32, "mu": [-1.6705050547967986, 4.043854964090798, 0.4690992275721498], "Sigma": [[0.024139801516044022, 0.006179828103622265, -0.01165448478682665], [0.006179828103622265, 0.0022151941586443544, -0.004572731691660474], [-0.011654484786826649, -0.004572731691660474, 0.017122198578420525]], "chi2_level": 0.95, "chi2_df": 3, "chi2_threshold": 7.814727903251179, "N_raw": 29, "N_roi": 29, "N_inlier": 26, "refit": true}
{"timestamp": "18:07:05.634922", "frame": 33, "mu": [-1.692094554835044, 4.016326823899933, 0.7922767520750854], "Sigma": [[0.014549316391584589, 0.0043892008545700165, -0.00683156439086006], [0.0043892008545700165, 0.0017599473528374836, -0.0035974595529181972], [-0.00683156439086006, -0.0035974595529181972, 0.014074622605557452]], "chi2_level": 0.95, "chi2_df": 3, "chi2_threshold": 7.814727903251179, "N_raw": 20, "N_roi": 20, "N_inlier": 19, "refit": true}
{"timestamp": "18:07:05.743384", "frame": 35, "mu": [-1.5870895212874983, 3.958619718639, 0.49138077343260766], "Sigma": [[0.014723288969660703, -0.0006491348742456895, -0.006558091019810916], [-0.0006491348742456896, 0.001494744305429238, 0.0002469035845656407], [-0.006558091019810915, 0.0002469035845656406, 0.004370690602769896]], "chi2_level": 0.95, "chi2_df": 3, "chi2_threshold": 7.814727903251179, "N_raw": 13, "N_roi": 13, "N_inlier": 12, "refit": true}
{"timestamp": "18:07:05.804876", "frame": 36, "mu": [-1.679387234980828, 4.108169158880309, -0.2887301058436589], "Sigma": [[0.03260183542887774, 0.0044881709425061, -0.0054365449450408405], [0.004488170942506101, 0.004108837261427584, -0.005990683618076252], [-0.00543654494504084, -0.005990683618076251, 0.01531346656028146]], "chi2_level": 0.95, "chi2_df": 3, "chi2_threshold": 7.814727903251179, "N_raw": 48, "N_roi": 48, "N_inlier": 46, "refit": true}
{"timestamp": "18:07:05.859465", "frame": 37, "mu": [-1.7078505248973772, 4.0734075893643205, -0.35222055664964136], "Sigma": [[0.021384384843730023, 0.00425782264568429, 0.0008739727945252559], [0.00425782264568429, 0.004590584929665955, -0.006897530998472406], [0.0008739727945252562, -0.006897530998472406, 0.016999973578956308]], "chi2_level": 0.95, "chi2_df": 3, "chi2_threshold": 7.814727903251179, "N_raw": 41, "N_roi": 41, "N_inlier": 40, "refit": true}
{"timestamp": "18:07:05.913650", "frame": 38, "mu": [-1.7358751898546365, 3.822384873370478, 0.794181020958604], "Sigma": [[0.022967176334228977, 0.004295031484892786, -0.01881730802171809], [0.004295031484892785, 0.002108579346781145, -0.007172149392364207], [-0.01881730802171809, -0.007172149392364207, 0.03447732730688503]], "chi2_level": 0.95, "chi2_df": 3, "chi2_threshold": 7.814727903251179, "N_raw": 45, "N_roi": 45, "N_inlier": 44, "refit": true}
{"timestamp": "18:07:05.971390", "frame": 39, "mu": [-1.7311281248387005, 3.7721409794247847, 0.8629685541050781], "Sigma": [[0.028394565774765675, 0.006776976270024725, -0.007649851377719958], [0.006776976270024725, 0.0051513935820659065, -0.0079698896427054], [-0.007649851377719957, -0.0079698896427054, 0.018010475837343776]], "chi2_level": 0.95, "chi2_df": 3, "chi2_threshold": 7.814727903251179, "N_raw": 65, "N_roi": 65, "N_inlier": 63, "refit": true}
{"timestamp": "18:07:06.027376", "frame": 40, "mu": [-1.754954548652889, 3.685665934257691, 0.50187332996457], "Sigma": [[0.03542289165843862, 0.0030559412183124497, -0.009115971974533421], [0.0030559412183124497, 0.003151454026871508, 0.012498058020893717], [-0.00911597197453342, 0.012498058020893717, 0.10422187151865006]], "chi2_level": 0.95, "chi2_df": 3, "chi2_threshold": 7.814727903251179, "N_raw": 69, "N_roi": 68, "N_inlier": 67, "refit": true}
{"timestamp": "18:07:06.077393", "frame": 41, "mu": [-1.695471673482275, 3.6964205911392365, 0.8617441141316438], "Sigma": [[0.021263535475155637, 0.006363645214313403, 0.006679961378265872], [0.006363645214313403, 0.003347804843136181, 0.0021966312710277798], [0.006679961378265871, 0.0021966312710277793, 0.035222683879883046]], "chi2_level": 0.95, "chi2_df": 3, "chi2_threshold": 7.814727903251179, "N_raw": 28, "N_roi": 28, "N_inlier": 28, "refit": true}
{"timestamp": "18:07:06.137620", "frame": 42, "mu": [-1.7342999931860632, 3.852386393801095, -0.4401573340125915], "Sigma": [[0.029417636945735126, 0.002241812011759358, 0.0037490770746843594], [0.0022418120117593575, 0.00762680662333731, -0.01966354617284737], [0.00374907707468436, -0.01966354617284737, 0.05957678084113746]], "chi2_level": 0.95, "chi2_df": 3, "chi2_threshold": 7.814727903251179, "N_raw": 76, "N_roi": 76, "N_inlier": 72, "refit": true}
{"timestamp": "18:07:06.191408", "frame": 43, "mu": [-1.7564313394684066, 3.56140153043288, 0.6998352038178886], "Sigma": [[0.023935137215742714, 0.0038073547539445736, -0.006135911113269865], [0.003807354753944574, 0.001635245226526226, -0.005541131889729829], [-0.006135911113269865, -0.005541131889729829, 0.03073335940562641]], "chi2_level": 0.95, "chi2_df": 3, "chi2_threshold": 7.814727903251179, "N_raw": 63, "N_roi": 61, "N_inlier": 57, "refit": true}
{"timestamp": "18:07:06.245139", "frame": 44, "mu": [-1.7497790791175536, 3.5043280447759972, 0.5572133153016533], "Sigma": [[0.026049152049265313, 0.0035449913219079204, 0.00015023761224526784], [0.0035449913219079204, 0.0014611028660253304, -0.0031865048129580006], [0.00015023761224526827, -0.003186504812958, 0.024524141397035903]], "chi2_level": 0.95, "chi2_df": 3, "chi2_threshold": 7.814727903251179, "N_raw": 62, "N_roi": 59, "N_inlier": 57, "refit": true}
{"timestamp": "18:07:06.298179", "frame": 45, "mu": [-1.7687189675568327, 3.4697259291162954, 0.8474856160159159], "Sigma": [[0.01500197314551943, 0.0034838438763685, -0.010163859833051514], [0.0034838438763685, 0.002285728866254019, -0.006332178646983307], [-0.010163859833051514, -0.006332178646983307, 0.024011073653121422]], "chi2_level": 0.95, "chi2_df": 3, "chi2_threshold": 7.814727903251179, "N_raw": 40, "N_roi": 40, "N_inlier": 39, "refit": true}
{"timestamp": "18:07:06.352638", "frame": 46, "mu": [-1.6879284238454106, 3.4394989461070913, 0.9305625498565052], "Sigma": [[0.02129573743752816, 0.005807974276950562, -0.01151496902729497], [0.005807974276950562, 0.004783878440760261, -0.00460674521139907], [-0.011514969027294972, -0.00460674521139907, 0.008183810311242464]], "chi2_level": 0.95, "chi2_df": 3, "chi2_threshold": 7.814727903251179, "N_raw": 42, "N_roi": 42, "N_inlier": 41, "refit": true}
{"timestamp": "18:07:06.409217", "frame": 47, "mu": [-1.7605638798608927, 3.3618096125334342, 0.762986781142502], "Sigma": [[0.01895280634753861, 0.006599612332080078, -0.0058305168526779005], [0.0065996123320800765, 0.0027944266156567496, -0.004955028527211111], [-0.0058305168526779, -0.00495502852721111, 0.05273021833029048]], "chi2_level": 0.95, "chi2_df": 3, "chi2_threshold": 7.814727903251179, "N_raw": 54, "N_roi": 54, "N_inlier": 53, "refit": true}
{"timestamp": "18:07:06.464656", "frame": 48, "mu": [-1.708013433393614, 3.3483513311167923, 0.793491812570333], "Sigma": [[0.014601968014548631, 0.0019879716515863247, -0.009906961022695875], [0.0019879716515863247, 0.0013767776006029652, -0.005605549811869067], [-0.009906961022695875, -0.005605549811869067, 0.03288305480380093]], "chi2_level": 0.95, "chi2_df": 3, "chi2_threshold": 7.814727903251179, "N_raw": 45, "N_roi": 45, "N_inlier": 43, "refit": true}
{"timestamp": "18:07:06.519325", "frame": 49, "mu": [-1.7027423561850474, 3.274542928234813, 0.8470920789011946], "Sigma": [[0.01741314737440528, 0.005451324655293683, -0.01803144240956444], [0.005451324655293683, 0.003039659774218958, -0.009055471187676615], [-0.01803144240956444, -0.009055471187676615, 0.03439235837193037]], "chi2_level": 0.95, "chi2_df": 3, "chi2_threshold": 7.814727903251179, "N_raw": 45, "N_roi": 45, "N_inlier": 43, "refit": true}
{"timestamp": "18:07:06.573918", "frame": 50, "mu": [-1.7314806785648984, 3.2508045445645144, 0.82346190600632], "Sigma": [[0.020881932843443998, 0.0005675258427538626, -0.021305163670908196], [0.0005675258427538625, 0.000868027809201444, -0.0035667162493775457], [-0.0213051636709082, -0.0035667162493775452, 0.050243013473312725]], "chi2_level": 0.95, "chi2_df": 3, "chi2_threshold": 7.814727903251179, "N_raw": 50, "N_roi": 50, "N_inlier": 48, "refit": true}
{"timestamp": "18:07:06.628803", "frame": 51, "mu": [-1.6238795889398174, 3.21750004007684, 0.8286012703791377], "Sigma": [[0.022467612098443585, 0.005322437943503866, -0.0164994171779249], [0.005322437943503866, 0.003117746076020816, -0.0063662130232688095], [-0.0164994171779249, -0.0063662130232688095, 0.017725099177795536]], "chi2_level": 0.95, "chi2_df": 3, "chi2_threshold": 7.814727903251179, "N_raw": 45, "N_roi": 45, "N_inlier": 44, "refit": true}
{"timestamp": "18:07:06.681754", "frame": 52, "mu": [-1.671411700029841, 3.1674347523177446, 0.7663572643930995], "Sigma": [[0.014443244745357912, 0.0018209053372959516, -0.016322752962208684], [0.0018209053372959519, 0.001430683849898234, -0.004799106716424172], [-0.016322752962208684, -0.004799106716424172, 0.03008828763361943]], "chi2_level": 0.95, "chi2_df": 3, "chi2_threshold": 7.814727903251179, "N_raw": 34, "N_roi": 34, "N_inlier": 33, "refit": true}
{"timestamp": "18:07:06.741884", "frame": 53, "mu": [-1.7082484741215906, 3.117776552298748, 0.7331141781158277], "Sigma": [[0.022183866587748506, 0.002178894428677479, -0.017261757303813303], [0.0021788944286774796, 0.0024359445036863693, -0.007589161817350726], [-0.017261757303813303, -0.007589161817350726, 0.0333816123767304]], "chi2_level": 0.95, "chi2_df": 3, "chi2_threshold": 7.814727903251179, "N_raw": 65, "N_roi": 65, "N_inlier": 64, "refit": true}
{"timestamp": "18:07:06.793237", "frame": 54, "mu": [-1.6748140418831499, 3.0784660749737256, 0.9538793389594378], "Sigma": [[0.012779063586192374, 0.004570256164930776, -0.009334363634897482], [0.004570256164930776, 0.003988071672189673, -0.004562288373944087], [-0.009334363634897482, -0.004562288373944087, 0.016225980614933102]], "chi2_level": 0.95, "chi2_df": 3, "chi2_threshold": 7.814727903251179, "N_raw": 36, "N_roi": 36, "N_inlier": 33, "refit": true}
{"timestamp": "18:07:06.844832", "frame": 55, "mu": [-1.7160714728690536, 3.026766001594392, 0.7132824401039437], "Sigma": [[0.005511606292108816, -0.00040081186759622755, -0.002179632614594292], [-0.00040081186759622755, 0.0010963247181248583, -0.005247262403118444], [-0.002179632614594293, -0.005247262403118444, 0.03801347162291971]], "chi2_level": 0.95, "chi2_df": 3, "chi2_threshold": 7.814727903251179, "N_raw": 17, "N_roi": 17, "N_inlier": 16, "refit": true}
{"timestamp": "18:07:06.904706", "frame": 56, "mu": [-1.6621542296191278, 2.9492462578925256, 0.7405222302846286], "Sigma": [[0.018005439406399412, 0.002177892041869801, -0.005443269013963875], [0.002177892041869801, 0.0026149800043294463, -0.00570839520099399], [-0.005443269013963876, -0.00570839520099399, 0.016344230603261095]], "chi2_level": 0.95, "chi2_df": 3, "chi2_threshold": 7.814727903251179, "N_raw": 58, "N_roi": 58, "N_inlier": 57, "refit": true}
{"timestamp": "18:07:06.964997", "frame": 57, "mu": [-1.6648085177231715, 2.8783546397412842, 0.6993956327482199], "Sigma": [[0.0242446790702684, 0.0005265604007158324, -0.008923991307482768], [0.0005265604007158324, 0.0020736854249302087, -0.006417318440784477], [-0.008923991307482768, -0.006417318440784477, 0.03272900711189114]], "chi2_level": 0.95, "chi2_df": 3, "chi2_threshold": 7.814727903251179, "N_raw": 79, "N_roi": 79, "N_inlier": 77, "refit": true}
{"timestamp": "18:07:07.013236", "frame": 58, "mu": [-1.689424290396799, 2.816257903582364, 0.7496622124076323], "Sigma": [[0.01237458876383366, 0.0028345014028510656, -0.007459606435658424], [0.0028345014028510656, 0.002177487828809822, -0.005226330854288768], [-0.007459606435658423, -0.005226330854288768, 0.017897627406011196]], "chi2_level": 0.95, "chi2_df": 3, "chi2_threshold": 7.814727903251179, "N_raw": 40, "N_roi": 40, "N_inlier": 39, "refit": true}
{"timestamp": "18:07:07.068709", "frame": 59, "mu": [-1.5992378506364866, 2.7632766091297976, 0.7321085383964041], "Sigma": [[0.014207564657027785, 0.0038905822780472875, -0.010322552405705022], [0.0038905822780472875, 0.0027311943625533577, -0.00703262665499324], [-0.010322552405705022, -0.007032626654993239, 0.021688799816736486]], "chi2_level": 0.95, "chi2_df": 3, "chi2_threshold": 7.814727903251179, "N_raw": 50, "N_roi": 50, "N_inlier": 49, "refit": true}
{"timestamp": "18:07:07.120264", "frame": 60, "mu": [-1.5855634108090564, 2.7404530596831416, 0.654755897724036], "Sigma": [[0.0102282754041545, 0.0003091875662155684, -0.0052175260394172925], [0.00030918756621556846, 0.0012115033943510955, -0.0019091846061809685], [-0.0052175260394172925, -0.0019091846061809685, 0.007848697671634425]], "chi2_level": 0.95, "chi2_df": 3, "chi2_threshold": 7.814727903251179, "N_raw": 20, "N_roi": 20, "N_inlier": 18, "refit": true}
{"timestamp": "18:07:07.173746", "frame": 61, "mu": [-1.8184043154864726, 2.6674181920686495, 1.07890990596545], "Sigma": [[0.02066817601254963, -0.0012937979915813554, 0.008256891911342955], [-0.0012937979915813552, 0.002044675370529402, -0.006645417870306633], [0.008256891911342955, -0.006645417870306632, 0.032938463528997625]], "chi2_level": 0.95, "chi2_df": 3, "chi2_threshold": 7.814727903251179, "N_raw": 10, "N_roi": 10, "N_inlier": 10, "refit": true}
{"timestamp": "18:07:07.234546", "frame": 62, "mu": [-1.6180786115960981, 2.614722270318584, 0.9102537032966912], "Sigma": [[0.013784568832564953, 0.00034255011800012384, -0.014611322131364856], [0.00034255011800012384, 0.0015596266126338954, -0.004658996590443127], [-0.014611322131364856, -0.004658996590443127, 0.03740201239358949]], "chi2_level": 0.95, "chi2_df": 3, "chi2_threshold": 7.814727903251179, "N_raw": 54, "N_roi": 54, "N_inlier": 51, "refit": true}
{"timestamp": "18:07:07.288617", "frame": 63, "mu": [-1.6403890831791874, 2.5817011301787067, 0.7362279453706894], "Sigma": [[0.10060511388354984, 0.012220892151958575, -0.04218865428308491], [0.012220892151958576, 0.004645704139985141, -0.0056013501902608814], [-0.04218865428308491, -0.0056013501902608814, 0.018887287862914118]], "chi2_level": 0.95, "chi2_df": 3, "chi2_threshold": 7.814727903251179, "N_raw": 37, "N_roi": 33, "N_inlier": 32, "refit": true}
{"timestamp": "18:07:07.348421", "frame": 64, "mu": [-1.692565051829126, 2.5020188256484612, 0.7784521486117506], "Sigma": [[0.06150994785099605, 0.004275322721866096, 0.0038054725441328285], [0.004275322721866096, 0.003382746709502945, -0.002849063692251076], [0.0038054725441328276, -0.002849063692251076, 0.008603260793810491]], "chi2_level": 0.95, "chi2_df": 3, "chi2_threshold": 7.814727903251179, "N_raw": 73, "N_roi": 73, "N_inlier": 72, "refit": true}
{"timestamp": "18:07:07.398182", "frame": 65, "mu": [-1.9516980836095243, 2.4682367270248045, 0.8335717247677445], "Sigma": [[0.013573950806638582, 0.004119547413767334, -0.008207632459306138], [0.004119547413767334, 0.0024842369127210037, -0.003836822314721856], [-0.008207632459306138, -0.003836822314721856, 0.014530382679499297]], "chi2_level": 0.95, "chi2_df": 3, "chi2_threshold": 7.814727903251179, "N_raw": 38, "N_roi": 38, "N_inlier": 34, "refit": true}
{"timestamp": "18:07:07.455924", "frame": 66, "mu": [-1.6264296625406969, 2.4732231033713226, 0.9527952213946315], "Sigma": [[0.026708922295558102, 0.0006137775380288925, -0.013023471382604438], [0.0006137775380288926, 0.0031517808162315492, -0.0036225185705142824], [-0.013023471382604438, -0.0036225185705142824, 0.014004556191105584]], "chi2_level": 0.95, "chi2_df": 3, "chi2_threshold": 7.814727903251179, "N_raw": 64, "N_roi": 64, "N_inlier": 61, "refit": true}
{"timestamp": "18:07:07.509379", "frame": 67, "mu": [-1.6071330107947572, 2.4438815130620437, 0.991231758054522], "Sigma": [[0.016792611506717375, 0.0033029462644776635, -0.014806790961727623], [0.0033029462644776635, 0.0024929173651956796, -0.0052566642670678135], [-0.014806790961727621, -0.005256664267067814, 0.017767713400504523]], "chi2_level": 0.95, "chi2_df": 3, "chi2_threshold": 7.814727903251179, "N_raw": 45, "N_roi": 45, "N_inlier": 43, "refit": true}
{"timestamp": "18:07:07.561317", "frame": 68, "mu": [-1.665285457246709, 2.400152894624361, 1.0779725527041186], "Sigma": [[0.01103161744234626, 0.0029047995208402564, -0.006531338897986923], [0.002904799520840256, 0.0015727584565251587, -0.0026620913311876772], [-0.006531338897986922, -0.0026620913311876772, 0.00843527498547019]], "chi2_level": 0.95, "chi2_df": 3, "chi2_threshold": 7.814727903251179, "N_raw": 26, "N_roi": 26, "N_inlier": 24, "refit": true}
{"timestamp": "18:07:07.615897", "frame": 69, "mu": [-1.6885443408742984, 2.3627656762223697, 1.0192111765453278], "Sigma": [[0.007788869296673196, 0.002722814017906099, -0.005750512527031876], [0.002722814017906099, 0.0019457195170236145, -0.0034422713672045686], [-0.005750512527031876, -0.003442271367204568, 0.007987375852483998]], "chi2_level": 0.95, "chi2_df": 3, "chi2_threshold": 7.814727903251179, "N_raw": 25, "N_roi": 25, "N_inlier": 23, "refit": true}
{"timestamp": "18:07:07.672127", "frame": 70, "mu": [-1.7790403759958835, 2.25440968223191, 1.1604084969259931], "Sigma": [[0.006469049136929251, 0.0022423708660359006, -0.00842521129462263], [0.0022423708660359006, 0.0032124193208963123, -0.006452239598403279], [-0.00842521129462263, -0.00645223959840328, 0.029720042003757264]], "chi2_level": 0.95, "chi2_df": 3, "chi2_threshold": 7.814727903251179, "N_raw": 36, "N_roi": 36, "N_inlier": 35, "refit": true}
{"timestamp": "18:07:07.726913", "frame": 71, "mu": [-1.8683493837525609, 2.1292998327143886, 1.226189008163696], "Sigma": [[0.014173901504436702, 0.008842014017294765, -0.016821182298173015], [0.008842014017294765, 0.008885288370012765, -0.015038525513820289], [-0.016821182298173015, -0.015038525513820289, 0.029874649836538394]], "chi2_level": 0.95, "chi2_df": 3, "chi2_threshold": 7.814727903251179, "N_raw": 35, "N_roi": 35, "N_inlier": 28, "refit": true}
{"timestamp": "18:07:07.783793", "frame": 72, "mu": [-1.7599258908469244, 2.09428407700816, 0.9812988247847297], "Sigma": [[0.007477756598341171, 0.0036199890574725663, -0.0037345070630284668], [0.0036199890574725663, 0.0027759207821166903, -0.005131742517726914], [-0.0037345070630284663, -0.005131742517726914, 0.019883063089297316]], "chi2_level": 0.95, "chi2_df": 3, "chi2_threshold": 7.814727903251179, "N_raw": 39, "N_roi": 39, "N_inlier": 38, "refit": true}
{"timestamp": "18:07:07.838540", "frame": 73, "mu": [-1.8943126029310084, 1.9820629740203235, 1.0829499466878805], "Sigma": [[0.02954729016174031, 0.022512140053820625, -0.011140126697643835], [0.022512140053820625, 0.020685513180080918, -0.010548088194884168], [-0.011140126697643837, -0.010548088194884168, 0.006538298706131425]], "chi2_level": 0.95, "chi2_df": 3, "chi2_threshold": 7.814727903251179, "N_raw": 49, "N_roi": 49, "N_inlier": 42, "refit": true}
{"timestamp": "18:07:07.890184", "frame": 74, "mu": [-2.0951659437159313, 1.8533766603689816, 1.4035892526166944], "Sigma": [[0.04670774950948456, 0.036651586916311735, -0.045957077414778], [0.036651586916311735, 0.03059424529177419, -0.04178983398768685], [-0.045957077414778, -0.04178983398768685, 0.07988586783159049]], "chi2_level": 0.95, "chi2_df": 3, "chi2_threshold": 7.814727903251179, "N_raw": 16, "N_roi": 16, "N_inlier": 14, "refit": true}
{"timestamp": "18:07:07.951546", "frame": 75, "mu": [-1.7795546932130404, 1.9871775185448026, 1.0060059274349582], "Sigma": [[0.012068800937627222, 0.003398060919468697, -0.0019622887035020617], [0.003398060919468697, 0.0025891263873219807, -0.005254907636438137], [-0.0019622887035020617, -0.005254907636438138, 0.023583381463878433]], "chi2_level": 0.95, "chi2_df": 3, "chi2_threshold": 7.814727903251179, "N_raw": 65, "N_roi": 65, "N_inlier": 58, "refit": true}
{"timestamp": "18:07:08.004423", "frame": 76, "mu": [-2.0157339689574094, 1.788869734413819, 1.1232274573108685], "Sigma": [[0.056999330359441006, 0.038355044400976736, -0.08960182798276096], [0.038355044400976736, 0.030327158228149347, -0.06503575009105828], [-0.08960182798276096, -0.06503575009105828, 0.16321386891867942]], "chi2_level": 0.95, "chi2_df": 3, "chi2_threshold": 7.814727903251179, "N_raw": 48, "N_roi": 48, "N_inlier": 47, "refit": true}
{"timestamp": "18:07:08.061471", "frame": 77, "mu": [-2.008171455249111, 1.7422770021662413, 1.2124519152030167], "Sigma": [[0.056233211595341934, 0.0339630719714638, -0.07653577542825593], [0.0339630719714638, 0.02381568495664419, -0.050065369139240416], [-0.07653577542825594, -0.05006536913924041, 0.13929013118460715]], "chi2_level": 0.95, "chi2_df": 3, "chi2_threshold": 7.814727903251179, "N_raw": 63, "N_roi": 63, "N_inlier": 60, "refit": true}
{"timestamp": "18:07:08.114102", "frame": 78, "mu": [-2.1219310530975504, 1.6075958353756645, 1.310892848130457], "Sigma": [[0.02414110177728016, 0.018062482036597736, -0.023818425947990537], [0.018062482036597736, 0.01592889541488641, -0.024676554371889807], [-0.023818425947990537, -0.024676554371889807, 0.1557185308960125]], "chi2_level": 0.95, "chi2_df": 3, "chi2_threshold": 7.814727903251179, "N_raw": 42, "N_roi": 42, "N_inlier": 40, "refit": true}
{"timestamp": "18:07:08.170743", "frame": 79, "mu": [-2.026474423047519, 1.819825114433364, -0.5003173878095889], "Sigma": [[0.028942224463945693, 0.021816864379095413, 0.0044827567503292805], [0.021816864379095413, 0.026712954038116785, -0.01888632467578372], [0.0044827567503292805, -0.01888632467578372, 0.06351701289720313]], "chi2_level": 0.95, "chi2_df": 3, "chi2_threshold": 7.814727903251179, "N_raw": 58, "N_roi": 58, "N_inlier": 56, "refit": true}
{"timestamp": "18:07:08.222926", "frame": 80, "mu": [-1.9671775856732336, 1.6240015120438336, 0.9466952701501642], "Sigma": [[0.031089284822895538, 0.022020372965989635, -0.00323420520475911], [0.02202037296598964, 0.016863472710595625, -0.0032577825806981552], [-0.0032342052047591094, -0.0032577825806981552, 0.01133447340553183]], "chi2_level": 0.95, "chi2_df": 3, "chi2_threshold": 7.814727903251179, "N_raw": 40, "N_roi": 40, "N_inlier": 36, "refit": true}
{"timestamp": "18:07:08.279734", "frame": 81, "mu": [-2.045346147789732, 1.618168713429561, -0.4068289495018029], "Sigma": [[0.0199931349221585, 0.018012767282220614, -0.006046216804461286], [0.018012767282220614, 0.027039107492117107, -0.02826657683661027], [-0.006046216804461285, -0.02826657683661027, 0.07839929649696725]], "chi2_level": 0.95, "chi2_df": 3, "chi2_threshold": 7.814727903251179, "N_raw": 50, "N_roi": 50, "N_inlier": 47, "refit": true}
{"timestamp": "18:07:08.336671", "frame": 82, "mu": [-1.961112311085443, 1.4499885239565957, 1.026504728042903], "Sigma": [[0.04336279192026728, 0.02603976555643607, 0.005977069317484656], [0.02603976555643607, 0.017971231881399204, 0.0001746162494524325], [0.005977069317484655, 0.00017461624945243272, 0.038094163426148686]], "chi2_level": 0.95, "chi2_df": 3, "chi2_threshold": 7.814727903251179, "N_raw": 72, "N_roi": 72, "N_inlier": 69, "refit": true}
{"timestamp": "18:07:08.386089", "frame": 83, "mu": [-1.9924222862229255, 1.442217567674382, 0.8626948272238921], "Sigma": [[0.02555498058075646, 0.016294329591029246, 0.007204750887751547], [0.016294329591029246, 0.011641443221755279, 0.00245006738184046], [0.007204750887751546, 0.0024500673818404605, 0.015526593732381968]], "chi2_level": 0.95, "chi2_df": 3, "chi2_threshold": 7.814727903251179, "N_raw": 25, "N_roi": 25, "N_inlier": 23, "refit": true}
{"timestamp": "18:07:08.442933", "frame": 84, "mu": [-1.9316913588037448, 1.3376845137543327, 1.308510294346855], "Sigma": [[0.009657937782286958, 0.0075098384850263294, -0.007249356473561869], [0.0075098384850263294, 0.008281192052783022, -0.010247615117428936], [-0.007249356473561868, -0.010247615117428936, 0.015599695754596311]], "chi2_level": 0.95, "chi2_df": 3, "chi2_threshold": 7.814727903251179, "N_raw": 43, "N_roi": 43, "N_inlier": 39, "refit": true}
{"timestamp": "18:07:08.497743", "frame": 85, "mu": [-1.9209050736242592, 1.241136671720264, 1.148686787455136], "Sigma": [[0.009300189131668506, 0.008381653079508278, -0.001493674523699595], [0.008381653079508278, 0.009815117849950941, -0.004727704344363743], [-0.001493674523699595, -0.004727704344363745, 0.04113224510507159]], "chi2_level": 0.95, "chi2_df": 3, "chi2_threshold": 7.814727903251179, "N_raw": 38, "N_roi": 38, "N_inlier": 37, "refit": true}
{"timestamp": "18:07:08.554291", "frame": 86, "mu": [-1.8912802114358762, 1.3366298821179539, -0.2538872252615264], "Sigma": [[0.012938428184841208, 0.007318927454837537, -0.007064693994415919], [0.007318927454837537, 0.011809793383924542, -0.0038276436428848733], [-0.00706469399441592, -0.0038276436428848733, 0.004557613605572302]], "chi2_level": 0.95, "chi2_df": 3, "chi2_threshold": 7.814727903251179, "N_raw": 50, "N_roi": 50, "N_inlier": 49, "refit": true}
{"timestamp": "18:07:08.610096", "frame": 87, "mu": [-1.847819112056652, 1.256420204309503, 1.2310967202768972], "Sigma": [[0.011167192162508638, 0.006384941604739404, -0.0045278468530162205], [0.006384941604739404, 0.009870242670219045, -0.00848333985841503], [-0.0045278468530162205, -0.00848333985841503, 0.01738590749052459]], "chi2_level": 0.95, "chi2_df": 3, "chi2_threshold": 7.814727903251179, "N_raw": 54, "N_roi": 54, "N_inlier": 52, "refit": true}
{"timestamp": "18:07:08.663444", "frame": 88, "mu": [-1.9263908855455298, 1.1073506254346261, 1.107108619897188], "Sigma": [[0.009203227119827255, 0.007322750324235171, -0.005132441909259952], [0.007322750324235171, 0.01036930703966517, -0.009923298195774356], [-0.005132441909259952, -0.009923298195774356, 0.01498411021146623]], "chi2_level": 0.95, "chi2_df": 3, "chi2_threshold": 7.814727903251179, "N_raw": 48, "N_roi": 48, "N_inlier": 45, "refit": true}
{"timestamp": "18:07:08.723540", "frame": 89, "mu": [-1.8223838397561907, 1.1270433474564818, 1.1360890108606339], "Sigma": [[0.016425600012366287, 0.010973091774120682, -0.0035522998932405727], [0.010973091774120682, 0.01014832524404607, -0.008502304649090192], [-0.003552299893240573, -0.008502304649090192, 0.02071448857463566]], "chi2_level": 0.95, "chi2_df": 3, "chi2_threshold": 7.814727903251179, "N_raw": 84, "N_roi": 84, "N_inlier": 83, "refit": true}
{"timestamp": "18:07:08.779299", "frame": 90, "mu": [-1.7544904283683984, 1.1944373955170016, 1.1820240206044614], "Sigma": [[0.021353661699989555, 0.011122077000390427, -0.011316188652766304], [0.011122077000390425, 0.01003255012127918, -0.010982027823623612], [-0.011316188652766304, -0.010982027823623612, 0.02180204118655876]], "chi2_level": 0.95, "chi2_df": 3, "chi2_threshold": 7.814727903251179, "N_raw": 86, "N_roi": 86, "N_inlier": 83, "refit": true}
{"timestamp": "18:07:08.833066", "frame": 91, "mu": [-1.8662610071002537, 0.9785759015197311, 1.286148548784036], "Sigma": [[0.009631847365454202, 0.00613467007994482, -0.0038737467479912596], [0.00613467007994482, 0.012173145616337337, -0.012006691349539668], [-0.0038737467479912596, -0.01200669134953967, 0.014328191459139267]], "chi2_level": 0.95, "chi2_df": 3, "chi2_threshold": 7.814727903251179, "N_raw": 67, "N_roi": 67, "N_inlier": 65, "refit": true}
{"timestamp": "18:07:08.886147", "frame": 92, "mu": [-1.8647987558986077, 0.9607155170560562, 1.3254973909620806], "Sigma": [[0.010438159316139846, 0.007235373181171427, -0.004161180836076301], [0.007235373181171425, 0.01292579688215907, -0.01233617302958112], [-0.004161180836076301, -0.01233617302958112, 0.016060956002557962]], "chi2_level": 0.95, "chi2_df": 3, "chi2_threshold": 7.814727903251179, "N_raw": 66, "N_roi": 66, "N_inlier": 65, "refit": true}
{"timestamp": "18:07:08.941266", "frame": 93, "mu": [-1.8290823674136627, 0.9175271737155479, 1.2375364920646348], "Sigma": [[0.008101952626682877, 0.0047769520076869024, -0.0038845880924462026], [0.0047769520076869024, 0.012765796702315467, -0.012615350946397253], [-0.003884588092446202, -0.012615350946397251, 0.014136314050429448]], "chi2_level": 0.95, "chi2_df": 3, "chi2_threshold": 7.814727903251179, "N_raw": 63, "N_roi": 63, "N_inlier": 62, "refit": true}
{"timestamp": "18:07:08.993603", "frame": 94, "mu": [-1.845396866156235, 1.1385733349670184, -0.5843338576116593], "Sigma": [[0.007573589139948302, 0.004307598427056102, -0.002712028385538485], [0.004307598427056102, 0.009555424256291039, -0.005411930074041627], [-0.002712028385538485, -0.005411930074041627, 0.004714208560739167]], "chi2_level": 0.95, "chi2_df": 3, "chi2_threshold": 7.814727903251179, "N_raw": 44, "N_roi": 44, "N_inlier": 43, "refit": true}
