{"timestamp": "18:05:46.785781", "frame": 18, "mu": [-2.108174037135671, 4.689496279254533, -0.029981184296813186], "Sigma": [[0.023594966067476575, -0.00023773469457171524, -0.024128130694765867], [-0.00023773469457171514, 0.0008366293177087913, 8.058116425137631e-05], [-0.024128130694765867, 8.058116425137631e-05, 0.02715086088855955]], "chi2_level": 0.95, "chi2_df": 3, "chi2_threshold": 7.814727903251179, "N_raw": 22, "N_roi": 22, "N_inlier": 20, "refit": true}
{"timestamp": "18:05:46.894828", "frame": 20, "mu": [-2.040194034686392, 4.795257195339937, 0.644511185052987], "Sigma": [[0.019890622114142588, 0.00773450926503955, -0.004639048431140856], [0.00773450926503955, 0.004472684437695885, -0.001852869146285183], [-0.004639048431140856, -0.001852869146285183, 0.0012743624414762002]], "chi2_level": 0.95, "chi2_df": 3, "chi2_threshold": 7.814727903251179, "N_raw": 16, "N_roi": 16, "N_inlier": 15, "refit": true}
{"timestamp": "18:05:47.008422", "frame": 22, "mu": [-2.0932561082502477, 4.861807889938162, -0.532641573117185], "Sigma": [[0.02982560310528745, 0.006023622096603094, 0.0021022012011845826], [0.006023622096603095, 0.003135366884100914, -0.004868418021408161], [0.0021022012011845826, -0.004868418021408161, 0.017916437985062518]], "chi2_level": 0.95, "chi2_df": 3, "chi2_threshold": 7.814727903251179, "N_raw": 35, "N_roi": 35, "N_inlier": 33, "refit": true}
{"timestamp": "18:05:47.060960", "frame": 23, "mu": [-2.0886668109820357, 4.50509861426579, 0.4966446695051866], "Sigma": [[0.005900690188095568, 0.00015449636228785733, 0.014796092808579235], [0.00015449636228785738, 0.0002348984523153897, 0.001146829981502648], [0.014796092808579235, 0.0011468299815026479, 0.0424551512678745]], "chi2_level": 0.95, "chi2_df": 3, "chi2_threshold": 7.814727903251179, "N_raw": 6, "N_roi": 5, "N_inlier": 5, "refit": true}
{"timestamp": "18:05:47.115828", "frame": 24, "mu": [-1.9715091163572271, 4.475476795191849, 0.4150655597943417], "Sigma": [[0.038257169228143977, 0.00047893181380527527, 0.01532332194567718], [0.0004789318138052755, 0.0005548965784736424, 0.0002709527214702034], [0.01532332194567718, 0.0002709527214702031, 0.010934590977807574]], "chi2_level": 0.95, "chi2_df": 3, "chi2_threshold": 7.814727903251179, "N_raw": 6, "N_roi": 6, "N_inlier": 6, "refit": true}
{"timestamp": "18:05:47.173346", "frame": 25, "mu": [-2.022601191241874, 4.382360759221111, 0.6176517848901586], "Sigma": [[0.018793819625427175, 0.004689054946796733, -0.012530357557769064], [0.004689054946796733, 0.0027821604555734306, -0.003770033839643229], [-0.012530357557769062, -0.003770033839643229, 0.011208344578907093]], "chi2_level": 0.95, "chi2_df": 3, "chi2_threshold": 7.814727903251179, "N_raw": 24, "N_roi": 24, "N_inlier": 22, "refit": true}
{"timestamp": "18:05:47.225872", "frame": 26, "mu": [-2.0709462970883217, 4.481924560346101, -0.5480615896407305], "Sigma": [[0.010309765197945412, 0.0062626248525855695, 0.06395919604711069], [0.0062626248525855695, 0.009918697015715664, 0.05716393320282265], [0.06395919604711067, 0.05716393320282265, 0.4823006605036813]], "chi2_level": 0.95, "chi2_df": 3, "chi2_threshold": 7.814727903251179, "N_raw": 6, "N_roi": 6, "N_inlier": 6, "refit": true}
{"timestamp": "18:05:47.283319", "frame": 27, "mu": [-2.0373780417544616, 4.247581936675067, 0.33413541790584805], "Sigma": [[0.015301604066259853, 0.0011517681186013038, -0.0031015450802097913], [0.0011517681186013033, 0.0005951214917189809, -0.001377166621505293], [-0.0031015450802097918, -0.001377166621505293, 0.011390482238576761]], "chi2_level": 0.95, "chi2_df": 3, "chi2_threshold": 7.814727903251179, "N_raw": 21, "N_roi": 21, "N_inlier": 20, "refit": true}
{"timestamp": "18:05:47.338827", "frame": 28, "mu": [-2.116148405656889, 4.159810253195008, 0.7466096643452825], "Sigma": [[0.025988153798488567, 0.008004083669835623, -0.017408981462833567], [0.008004083669835623, 0.004048275115515984, -0.00606721639769762], [-0.017408981462833567, -0.00606721639769762, 0.013851420218535946]], "chi2_level": 0.95, "chi2_df": 3, "chi2_threshold": 7.814727903251179, "N_raw": 27, "N_roi": 27, "N_inlier": 26, "refit": true}
{"timestamp": "18:05:47.395682", "frame": 29, "mu": [-2.1025405542585074, 4.069596711032122, 0.5807036624300425], "Sigma": [[0.03116806958072598, 0.008287805825036604, -0.01708664530325177], [0.008287805825036606, 0.004032871592836356, -0.006730666543695114], [-0.01708664530325177, -0.006730666543695114, 0.014751542451923774]], "chi2_level": 0.95, "chi2_df": 3, "chi2_threshold": 7.814727903251179, "N_raw": 40, "N_roi": 40, "N_inlier": 39, "refit": true}
{"timestamp": "18:05:47.448138", "frame": 30, "mu": [-2.011666036859322, 3.957891806201945, 0.44524251463744824], "Sigma": [[0.016218366667024392, 0.0019876951209073317, -0.016346635890042885], [0.0019876951209073317, 0.0006101101473400606, -0.002245037947787983], [-0.016346635890042885, -0.002245037947787983, 0.02940559023279367]], "chi2_level": 0.95, "chi2_df": 3, "chi2_threshold": 7.814727903251179, "N_raw": 22, "N_roi": 22, "N_inlier": 21, "refit": true}
{"timestamp": "18:05:47.506245", "frame": 31, "mu": [-2.048277270754582, 4.165893291467791, -0.40570755007569603], "Sigma": [[0.028347413870896697, 0.009189009635824778, -0.018776859171434193], [0.00918900963582478, 0.006228703164490718, -0.011951153062215225], [-0.018776859171434193, -0.011951153062215223, 0.025288151967630353]], "chi2_level": 0.95, "chi2_df": 3, "chi2_threshold": 7.814727903251179, "N_raw": 42, "N_roi": 42, "N_inlier": 41, "refit": true}
{"timestamp": "18:05:47.558999", "frame": 32, "mu": [-2.010417233707686, 3.8018290613695327, 0.5928295379924093], "Sigma": [[0.018949969061632845, 0.0035340895263032863, -0.0130760256745471], [0.0035340895263032863, 0.0012092871634085418, -0.003742209139182494], [-0.0130760256745471, -0.0037422091391824943, 0.022460398587752874]], "chi2_level": 0.95, "chi2_df": 3, "chi2_threshold": 7.814727903251179, "N_raw": 25, "N_roi": 25, "N_inlier": 24, "refit": true}
{"timestamp": "18:05:47.614251", "frame": 33, "mu": [-2.028409985192753, 3.7628647364203727, 0.5719129499317629], "Sigma": [[0.0190842648113221, 0.0037623405657204673, -0.008778808086305597], [0.0037623405657204664, 0.001708222965250377, -0.00299397636975431], [-0.008778808086305597, -0.00299397636975431, 0.009255937845486393]], "chi2_level": 0.95, "chi2_df": 3, "chi2_threshold": 7.814727903251179, "N_raw": 26, "N_roi": 26, "N_inlier": 24, "refit": true}
{"timestamp": "18:05:47.666910", "frame": 34, "mu": [-2.021055391872892, 3.67043921648159, 0.5442063779197831], "Sigma": [[0.020318107546293943, 0.0012682643078192814, -0.004823848579711953], [0.0012682643078192814, 0.0012718034305400751, -0.0024450400535171203], [-0.004823848579711954, -0.0024450400535171203, 0.009792408672404137]], "chi2_level": 0.95, "chi2_df": 3, "chi2_threshold": 7.814727903251179, "N_raw": 14, "N_roi": 14, "N_inlier": 14, "refit": true}
{"timestamp": "18:05:47.722122", "frame": 35, "mu": [-2.1025670215311183, 3.5828083039095917, 0.7667935443378749], "Sigma": [[0.010770167564549444, -0.0011038327780758064, 0.003623737277655714], [-0.0011038327780758062, 0.0016208671281365248, -0.005102837635128557], [0.0036237372776557137, -0.005102837635128557, 0.020025910254927504]], "chi2_level": 0.95, "chi2_df": 3, "chi2_threshold": 7.814727903251179, "N_raw": 12, "N_roi": 12, "N_inlier": 11, "refit": true}
{"timestamp": "18:05:47.776120", "frame": 36, "mu": [-2.019539091913421, 3.5078677534242253, 0.6210364804499429], "Sigma": [[0.0007649536975130772, -0.001164648066114695, 0.003815367499834316], [-0.0011646480661146952, 0.0017842274395719867, -0.0057171506099773575], [0.003815367499834317, -0.005717150609977356, 0.03988789540368159]], "chi2_level": 0.95, "chi2_df": 3, "chi2_threshold": 7.814727903251179, "N_raw": 6, "N_roi": 6, "N_inlier": 6, "refit": true}
{"timestamp": "18:05:47.834154", "frame": 37, "mu": [-2.0860425527847593, 3.4214937970254455, 0.9062749975103954], "Sigma": [[0.01645001627700933, 0.003909234016305749, -0.011663694178653627], [0.003909234016305749, 0.002436090100389871, -0.004803828951034041], [-0.011663694178653625, -0.004803828951034041, 0.016096382343759902]], "chi2_level": 0.95, "chi2_df": 3, "chi2_threshold": 7.814727903251179, "N_raw": 30, "N_roi": 30, "N_inlier": 29, "refit": true}
{"timestamp": "18:05:47.891838", "frame": 38, "mu": [-2.1115958286609775, 3.3050296356938857, 0.8803291654905769], "Sigma": [[0.01671459506228167, 0.002956696562090265, -0.011355777689255686], [0.0029566965620902645, 0.002651484630441988, -0.0056485143760642564], [-0.011355777689255685, -0.005648514376064256, 0.019313263642329048]], "chi2_level": 0.95, "chi2_df": 3, "chi2_threshold": 7.814727903251179, "N_raw": 42, "N_roi": 42, "N_inlier": 40, "refit": true}
{"timestamp": "18:05:47.948086", "frame": 39, "mu": [-2.141357554151409, 3.4782822450774313, -0.6651860953321415], "Sigma": [[0.01796608217481662, 0.0037413629434666727, -0.01059996033322926], [0.0037413629434666722, 0.002415195027270901, -0.01007375291735443], [-0.01059996033322926, -0.01007375291735443, 0.12560180226323905]], "chi2_level": 0.95, "chi2_df": 3, "chi2_threshold": 7.814727903251179, "N_raw": 48, "N_roi": 47, "N_inlier": 46, "refit": true}
{"timestamp": "18:05:48.003494", "frame": 40, "mu": [-2.170365872952746, 3.3442728102321837, -0.8271787970114622], "Sigma": [[0.04236914490662243, 0.011348491100918809, 0.01671022470306891], [0.011348491100918807, 0.0058062924163833525, -0.003147431119396634], [0.016710224703068915, -0.003147431119396634, 0.03617747045104161]], "chi2_level": 0.95, "chi2_df": 3, "chi2_threshold": 7.814727903251179, "N_raw": 55, "N_roi": 54, "N_inlier": 53, "refit": true}
{"timestamp": "18:05:48.053143", "frame": 41, "mu": [-1.9557943029700238, 3.052258605884222, 0.6089042945698983], "Sigma": [[0.012434576819534799, 0.0030842458063728402, 0.005765445795060628], [0.0030842458063728402, 0.0019858834611454386, 0.0020949689360114], [0.005765445795060628, 0.0020949689360114003, 0.010761759914971643]], "chi2_level": 0.95, "chi2_df": 3, "chi2_threshold": 7.814727903251179, "N_raw": 13, "N_roi": 13, "N_inlier": 11, "refit": true}
{"timestamp": "18:05:48.107782", "frame": 42, "mu": [-1.99739804230803, 2.9387521702358463, 0.8097920580766941], "Sigma": [[0.007208582233833717, 2.3841612056608498e-05, -0.006247827548347058], [2.384161205660843e-05, 0.001588164575007898, -0.001447199946157244], [-0.006247827548347058, -0.001447199946157244, 0.008152864387530063]], "chi2_level": 0.95, "chi2_df": 3, "chi2_threshold": 7.814727903251179, "N_raw": 22, "N_roi": 22, "N_inlier": 20, "refit": true}
{"timestamp": "18:05:48.161697", "frame": 43, "mu": [-2.06533796153707, 2.8933110489916425, 0.8751923547591942], "Sigma": [[0.00038776032199129703, -0.0008730184646824554, 0.0022221007102185683], [-0.0008730184646824553, 0.002769033448310966, -0.006261005112288517], [0.0022221007102185683, -0.006261005112288517, 0.01827885601057032]], "chi2_level": 0.95, "chi2_df": 3, "chi2_threshold": 7.814727903251179, "N_raw": 5, "N_roi": 5, "N_inlier": 5, "refit": true}
{"timestamp": "18:05:48.219820", "frame": 44, "mu": [-2.091138248768945, 2.98727461485283, -0.33128902882217587], "Sigma": [[0.011424456905585802, 0.0058655767660338405, -0.0072578261954630435], [0.0058655767660338405, 0.0058459157440058996, -0.007532903112414847], [-0.0072578261954630435, -0.007532903112414848, 0.01108065494023093]], "chi2_level": 0.95, "chi2_df": 3, "chi2_threshold": 7.814727903251179, "N_raw": 31, "N_roi": 31, "N_inlier": 29, "refit": true}
{"timestamp": "18:05:48.277723", "frame": 45, "mu": [-2.055257150392151, 2.7282696683374, 0.7740244474845263], "Sigma": [[0.012041975258570913, 0.003745968316772986, -0.0056138798491801615], [0.003745968316772986, 0.002135790111824626, -0.004771906407286311], [-0.005613879849180161, -0.004771906407286311, 0.02953275576885895]], "chi2_level": 0.95, "chi2_df": 3, "chi2_threshold": 7.814727903251179, "N_raw": 44, "N_roi": 44, "N_inlier": 41, "refit": true}
{"timestamp": "18:05:48.334928", "frame": 46, "mu": [-2.0983263505948333, 2.585504635482101, 0.7630355543758597], "Sigma": [[0.01744202422000337, 0.0048649663820220825, -0.006683142604169905], [0.0048649663820220825, 0.002688564439771849, 0.0007569078770813247], [-0.006683142604169904, 0.0007569078770813249, 0.08022830008572442]], "chi2_level": 0.95, "chi2_df": 3, "chi2_threshold": 7.814727903251179, "N_raw": 66, "N_roi": 66, "N_inlier": 64, "refit": true}
{"timestamp": "18:05:48.387558", "frame": 47, "mu": [-2.1090863243478815, 2.5316242129684348, 0.9744388115403777], "Sigma": [[0.0140636813491889, 0.005263745269367332, -0.009959705895123478], [0.005263745269367331, 0.004511251653926007, -0.007709065216787426], [-0.009959705895123478, -0.007709065216787426, 0.016583477815746178]], "chi2_level": 0.95, "chi2_df": 3, "chi2_threshold": 7.814727903251179, "N_raw": 45, "N_roi": 45, "N_inlier": 43, "refit": true}
{"timestamp": "18:05:48.442396", "frame": 48, "mu": [-2.036152372205205, 2.4418886591050106, 0.6776736686206024], "Sigma": [[0.0167605182884092, 0.005190373264391103, -0.006463801849706529], [0.005190373264391103, 0.0031074532019445666, -0.005428902479551781], [-0.006463801849706529, -0.005428902479551782, 0.015659939844347506]], "chi2_level": 0.95, "chi2_df": 3, "chi2_threshold": 7.814727903251179, "N_raw": 50, "N_roi": 50, "N_inlier": 49, "refit": true}
{"timestamp": "18:05:48.496153", "frame": 49, "mu": [-2.0342657650386826, 2.366372759757324, 0.818739033814475], "Sigma": [[0.010920503722746952, 0.00293720846351198, -0.010110532403252662], [0.0029372084635119794, 0.0014476064578137547, -0.004632862596771307], [-0.010110532403252662, -0.004632862596771307, 0.030218816324236248]], "chi2_level": 0.95, "chi2_df": 3, "chi2_threshold": 7.814727903251179, "N_raw": 41, "N_roi": 40, "N_inlier": 37, "refit": true}
{"timestamp": "18:05:48.551119", "frame": 50, "mu": [-2.0381248423975356, 2.2515757758245436, 0.8356046586316825], "Sigma": [[0.011066752169236816, 0.0035871622381829656, -0.004721849595800752], [0.0035871622381829656, 0.004227997472620283, -0.0054967350164667], [-0.004721849595800752, -0.0054967350164667, 0.009021090804099522]], "chi2_level": 0.95, "chi2_df": 3, "chi2_threshold": 7.814727903251179, "N_raw": 44, "N_roi": 43, "N_inlier": 42, "refit": true}
{"timestamp": "18:05:48.605287", "frame": 51, "mu": [-2.111568492912619, 2.096971544025635, 0.8304197328008777], "Sigma": [[0.016141289164101517, 0.008775864652234872, -0.023847489932322583], [0.008775864652234872, 0.0064892692321899354, -0.008673537314239019], [-0.023847489932322583, -0.008673537314239019, 0.07199626244913991]], "chi2_level": 0.95, "chi2_df": 3, "chi2_threshold": 7.814727903251179, "N_raw": 35, "N_roi": 32, "N_inlier": 29, "refit": true}
{"timestamp": "18:05:48.660108", "frame": 52, "mu": [-2.049118246282191, 2.0152483871898075, 0.9220535032318798], "Sigma": [[0.024145892741524882, 0.012232857963599181, -0.0180882466589681], [0.012232857963599181, 0.007023324270788175, -0.01069502780895185], [-0.0180882466589681, -0.01069502780895185, 0.019570218960236627]], "chi2_level": 0.95, "chi2_df": 3, "chi2_threshold": 7.814727903251179, "N_raw": 32, "N_roi": 28, "N_inlier": 25, "refit": true}
{"timestamp": "18:05:48.711418", "frame": 53, "mu": [-2.195189714194901, 1.9031099844334618, 0.9440676122761893], "Sigma": [[0.048616807021871135, 0.023367065167659004, -0.01247594787875217], [0.023367065167659008, 0.01474026485819283, -0.01149950086949983], [-0.01247594787875217, -0.01149950086949983, 0.020423673358543764]], "chi2_level": 0.95, "chi2_df": 3, "chi2_threshold": 7.814727903251179, "N_raw": 15, "N_roi": 13, "N_inlier": 13, "refit": true}
{"timestamp": "18:05:48.766368", "frame": 54, "mu": [-2.176613624654881, 1.7567832205014535, 1.0738486585175293], "Sigma": [[0.04226554094102054, 0.02640922433938166, -0.039392921131444325], [0.026409224339381657, 0.019399765110528287, -0.029427252097252495], [-0.039392921131444325, -0.029427252097252495, 0.05133770837928869]], "chi2_level": 0.95, "chi2_df": 3, "chi2_threshold": 7.814727903251179, "N_raw": 16, "N_roi": 16, "N_inlier": 16, "refit": true}
{"timestamp": "18:05:48.821802", "frame": 55, "mu": [-2.073604230782756, 1.7204234978160449, 0.9656705263015344], "Sigma": [[0.03379618020784423, 0.021039010402360735, -0.027323198959374816], [0.021039010402360735, 0.016596553313589273, -0.022991644635699665], [-0.027323198959374816, -0.022991644635699665, 0.035470540947709]], "chi2_level": 0.95, "chi2_df": 3, "chi2_threshold": 7.814727903251179, "N_raw": 12, "N_roi": 12, "N_inlier": 12, "refit": true}
{"timestamp": "18:05:48.877517", "frame": 56, "mu": [-2.0679813754069882, 1.6380771640069756, 0.9686493568768308], "Sigma": [[0.02017657668121466, 0.010754901165036681, -0.01650827957137784], [0.01075490116503668, 0.007006269862230395, -0.012890192698916092], [-0.01650827957137784, -0.012890192698916092, 0.03723418824135864]], "chi2_level": 0.95, "chi2_df": 3, "chi2_threshold": 7.814727903251179, "N_raw": 17, "N_roi": 17, "N_inlier": 15, "refit": true}
{"timestamp": "18:05:48.936708", "frame": 57, "mu": [-2.0330333348760554, 1.5191983351765057, 1.0059150990446282], "Sigma": [[0.018578149167904755, 0.014226587370211374, -0.013363172777205532], [0.014226587370211374, 0.01428489536382607, -0.012557793788054276], [-0.013363172777205532, -0.012557793788054276, 0.012629248309191403]], "chi2_level": 0.95, "chi2_df": 3, "chi2_threshold": 7.814727903251179, "N_raw": 48, "N_roi": 48, "N_inlier": 45, "refit": true}
{"timestamp": "18:05:48.995018", "frame": 58, "mu": [-2.076537053210331, 1.4438875251909895, 1.0793775989625896], "Sigma": [[0.019045198587423137, 0.013354777765898461, -0.009537520590351206], [0.013354777765898461, 0.01906986388340933, -0.010769032882282181], [-0.009537520590351206, -0.010769032882282181, 0.006995320243970002]], "chi2_level": 0.95, "chi2_df": 3, "chi2_threshold": 7.814727903251179, "N_raw": 72, "N_roi": 72, "N_inlier": 71, "refit": true}
{"timestamp": "18:05:49.046396", "frame": 59, "mu": [-2.1088383699760884, 1.3541478744426618, 1.100221377313605], "Sigma": [[0.012423382826433441, 0.00737715343367513, -0.009453886420801007], [0.00737715343367513, 0.009076147246945691, -0.009029352146540003], [-0.009453886420801007, -0.009029352146540003, 0.010700559933099563]], "chi2_level": 0.95, "chi2_df": 3, "chi2_threshold": 7.814727903251179, "N_raw": 46, "N_roi": 46, "N_inlier": 45, "refit": true}
{"timestamp": "18:05:49.106322", "frame": 60, "mu": [-2.0853445879901096, 1.2104271728267075, 0.9535474217839474], "Sigma": [[0.01645538238958216, 0.015232921364426366, -0.005289129436279483], [0.015232921364426364, 0.018829016949415966, -0.010131157922969227], [-0.005289129436279484, -0.010131157922969227, 0.013654366609452842]], "chi2_level": 0.95, "chi2_df": 3, "chi2_threshold": 7.814727903251179, "N_raw": 75, "N_roi": 75, "N_inlier": 70, "refit": true}
{"timestamp": "18:05:49.158558", "frame": 61, "mu": [-2.0511096259476247, 1.3893758895191253, -0.6282577485335958], "Sigma": [[0.015153959137376098, 0.014649005368259744, -0.004996902975482349], [0.014649005368259744, 0.01955656988741008, -0.009755266680771323], [-0.004996902975482349, -0.009755266680771323, 0.008584470000201317]], "chi2_level": 0.95, "chi2_df": 3, "chi2_threshold": 7.814727903251179, "N_raw": 59, "N_roi": 59, "N_inlier": 56, "refit": true}
{"timestamp": "18:05:49.213680", "frame": 62, "mu": [-2.0817246782314855, 1.1109087481324498, 1.121631404097178], "Sigma": [[0.012257976106956166, 0.007936974611411372, -0.007354463286441232], [0.007936974611411372, 0.012998084509414346, -0.009338195870817858], [-0.007354463286441232, -0.00933819587081786, 0.016456064285777425]], "chi2_level": 0.95, "chi2_df": 3, "chi2_threshold": 7.814727903251179, "N_raw": 62, "N_roi": 62, "N_inlier": 59, "refit": true}
{"timestamp": "18:05:49.268464", "frame": 63, "mu": [-2.0724750375461407, 1.006705075648748, 1.1038386258984698], "Sigma": [[0.009709509172189658, 0.006698380096138821, -0.0017123858556762823], [0.006698380096138821, 0.012562111187934563, -0.009250940298870112], [-0.0017123858556762823, -0.009250940298870112, 0.010178407443583356]], "chi2_level": 0.95, "chi2_df": 3, "chi2_threshold": 7.814727903251179, "N_raw": 56, "N_roi": 56, "N_inlier": 55, "refit": true}
{"timestamp": "18:05:49.322431", "frame": 64, "mu": [-2.0496662688918237, 0.9762221925123118, 1.084442041766923], "Sigma": [[0.007418421810678985, 0.005503440323436864, 0.0008135499022014619], [0.005503440323436864, 0.00866696030998462, -0.005633951634943079], [0.0008135499022014619, -0.005633951634943077, 0.01361231565262986]], "chi2_level": 0.95, "chi2_df": 3, "chi2_threshold": 7.814727903251179, "N_raw": 49, "N_roi": 49, "N_inlier": 48, "refit": true}
{"timestamp": "18:05:49.378640", "frame": 65, "mu": [-2.0470467271367783, 0.8939155868323134, 0.9904058407183032], "Sigma": [[0.011105751752584646, 0.01104094249431783, 0.0005301438958268682], [0.011040942494317828, 0.014181133798573315, -0.0030783504255862473], [0.0005301438958268683, -0.0030783504255862473, 0.014122029415109441]], "chi2_level": 0.95, "chi2_df": 3, "chi2_threshold": 7.814727903251179, "N_raw": 56, "N_roi": 56, "N_inlier": 56, "refit": true}
{"timestamp": "18:05:49.437425", "frame": 66, "mu": [-2.0467796303946537, 0.7735023498997868, 0.9323502049957878], "Sigma": [[0.014084132783605248, 0.01768145507516087, 0.006792218784123158], [0.01768145507516087, 0.023740476739469184, 0.005278089620347847], [0.006792218784123158, 0.0052780896203478474, 0.03061478807163201]], "chi2_level": 0.95, "chi2_df": 3, "chi2_threshold": 7.814727903251179, "N_raw": 83, "N_roi": 83, "N_inlier": 77, "refit": true}
{"timestamp": "18:05:49.487751", "frame": 67, "mu": [-1.9572748812015617, 0.8188701166752534, 1.0458157608115746], "Sigma": [[0.007912333162656706, 0.006895831303976519, 0.0015555714864787572], [0.006895831303976519, 0.009000204064596546, -0.0006474937950261778], [0.0015555714864787572, -0.0006474937950261778, 0.02050273111685931]], "chi2_level": 0.95, "chi2_df": 3, "chi2_threshold": 7.814727903251179, "N_raw": 51, "N_roi": 51, "N_inlier": 50, "refit": true}
{"timestamp": "18:05:49.541951", "frame": 68, "mu": [-1.9098939877244119, 0.754494004322109, 1.0666710069374954], "Sigma": [[0.007358595200711344, 0.0055783986734993934, 0.0005398378201273643], [0.0055783986734993934, 0.010719743686550603, -0.005044600574329363], [0.0005398378201273641, -0.005044600574329363, 0.006865478223190674]], "chi2_level": 0.95, "chi2_df": 3, "chi2_threshold": 7.814727903251179, "N_raw": 47, "N_roi": 47, "N_inlier": 45, "refit": true}
{"timestamp": "18:05:49.597392", "frame": 69, "mu": [-1.869773661129571, 0.6420197858622171, 0.9356317494816354], "Sigma": [[0.009197198452259138, 0.012105839812795748, 0.00835588727993124], [0.012105839812795748, 0.019698012951564564, 0.013464220205037165], [0.00835588727993124, 0.013464220205037165, 0.023184898411712864]], "chi2_level": 0.95, "chi2_df": 3, "chi2_threshold": 7.814727903251179, "N_raw": 47, "N_roi": 47, "N_inlier": 46, "refit": true}
{"timestamp": "18:05:49.650371", "frame": 70, "mu": [-1.8029027848838588, 0.6237094921460992, 1.0249982201739922], "Sigma": [[0.0076294476426877695, 0.010354799168820553, 0.008927419740216047], [0.010354799168820553, 0.016863832308939855, 0.013975973768420146], [0.008927419740216047, 0.013975973768420146, 0.027209859139496216]], "chi2_level": 0.95, "chi2_df": 3, "chi2_threshold": 7.814727903251179, "N_raw": 33, "N_roi": 33, "N_inlier": 31, "refit": true}
{"timestamp": "18:05:49.711034", "frame": 71, "mu": [-1.2665444459408803, 0.539056405198577, 1.0057718531414699], "Sigma": [[1.8116399028301278, -0.04148306230123587, 0.003579627773473733], [-0.04148306230123587, 0.011892353956455841, -0.0015518604493930817], [0.003579627773473736, -0.0015518604493930817, 0.015175071349245598]], "chi2_level": 0.95, "chi2_df": 3, "chi2_threshold": 7.814727903251179, "N_raw": 77, "N_roi": 77, "N_inlier": 74, "refit": true}
{"timestamp": "18:05:49.766283", "frame": 72, "mu": [-1.3505453856837066, 0.5100490208983048, 1.0418611103592714], "Sigma": [[1.3487481107109254, -0.02185977552182635, 0.04250880572537945], [-0.02185977552182635, 0.008772500648143436, -0.004683085406127734], [0.04250880572537945, -0.004683085406127735, 0.012641305019355639]], "chi2_level": 0.95, "chi2_df": 3, "chi2_threshold": 7.814727903251179, "N_raw": 68, "N_roi": 68, "N_inlier": 61, "refit": true}
{"timestamp": "18:05:49.819110", "frame": 73, "mu": [-1.742853289704387, 0.5471824957536906, 1.0879691240832945], "Sigma": [[0.008728212826039057, 0.0077638493323791725, 0.0017559961368941882], [0.007763849332379172, 0.011058856854733578, -0.0023941303108062275], [0.0017559961368941882, -0.0023941303108062275, 0.011766278650246119]], "chi2_level": 0.95, "chi2_df": 3, "chi2_threshold": 7.814727903251179, "N_raw": 62, "N_roi": 62, "N_inlier": 53, "refit": true}
{"timestamp": "18:05:49.875270", "frame": 74, "mu": [-1.4566442636846533, 0.47661628561672464, 1.03345138555536], "Sigma": [[0.77824001043768, -0.014442159621868499, -0.03197446832397105], [-0.014442159621868499, 0.008656196124963501, 0.001142878285640549], [-0.03197446832397105, 0.001142878285640549, 0.016953157256717543]], "chi2_level": 0.95, "chi2_df": 3, "chi2_threshold": 7.814727903251179, "N_raw": 69, "N_roi": 69, "N_inlier": 61, "refit": true}
{"timestamp": "18:05:49.933140", "frame": 75, "mu": [-0.8009741630296657, 0.5513353244348087, -0.8333876953643706], "Sigma": [[2.079509921860934, -0.028572471471878712, -0.11581670172435247], [-0.02857247147187872, 0.033409738433897204, 0.00034985078067502405], [-0.11581670172435247, 0.0003498507806750232, 0.024379358607226023]], "chi2_level": 0.95, "chi2_df": 3, "chi2_threshold": 7.814727903251179, "N_raw": 80, "N_roi": 80, "N_inlier": 72, "refit": true}
{"timestamp": "18:05:49.988458", "frame": 76, "mu": [-0.9123808126795518, 0.5975992955127746, -0.7497460204396635], "Sigma": [[1.7426543082870372, -0.10454659570094108, -0.05668610929454166], [-0.10454659570094105, 0.024105022979055153, 0.0029995854793096414], [-0.05668610929454166, 0.0029995854793096414, 0.009811656676181965]], "chi2_level": 0.95, "chi2_df": 3, "chi2_threshold": 7.814727903251179, "N_raw": 78, "N_roi": 78, "N_inlier": 70, "refit": true}
{"timestamp": "18:05:50.040832", "frame": 77, "mu": [-0.8407973611482491, 0.41179428644541805, 1.1030089062671429], "Sigma": [[1.7837902339447849, -0.025071844803754385, 0.04933486761409932], [-0.025071844803754385, 0.005328882462138271, -0.0020121355706981454], [0.04933486761409932, -0.002012135570698146, 0.013866726921105523]], "chi2_level": 0.95, "chi2_df": 3, "chi2_threshold": 7.814727903251179, "N_raw": 67, "N_roi": 67, "N_inlier": 63, "refit": true}
{"timestamp": "18:05:50.096394", "frame": 78, "mu": [-0.5318437938660706, 0.3886500090172628, 1.116962595344165], "Sigma": [[2.0498825754296672, 0.015045293329814911, 0.03410777732778808], [0.015045293329814913, 0.005497999989689035, -0.0022493503184073905], [0.03410777732778808, -0.0022493503184073905, 0.009871128440936272]], "chi2_level": 0.95, "chi2_df": 3, "chi2_threshold": 7.814727903251179, "N_raw": 74, "N_roi": 74, "N_inlier": 71, "refit": true}
{"timestamp": "18:05:50.148900", "frame": 79, "mu": [-0.17960190943201534, 0.3536670920162156, 1.0440414240211333], "Sigma": [[2.2204661470673885, 0.010923937760942037, 0.01210759166505256], [0.010923937760942037, 0.008747240439058413, 0.0020093102891160885], [0.012107591665052566, 0.0020093102891160885, 0.011441931544166811]], "chi2_level": 0.95, "chi2_df": 3, "chi2_threshold": 7.814727903251179, "N_raw": 56, "N_roi": 56, "N_inlier": 54, "refit": true}
{"timestamp": "18:05:50.203633", "frame": 80, "mu": [0.016175935994997004, 0.29727037892974234, 1.052003673575078], "Sigma": [[1.9896848144383827, 0.011321907774154236, -0.06135151885484332], [0.011321907774154236, 0.005203313160977959, 0.003660581444490724], [-0.06135151885484332, 0.003660581444490724, 0.02329576225452887]], "chi2_level": 0.95, "chi2_df": 3, "chi2_threshold": 7.814727903251179, "N_raw": 48, "N_roi": 48, "N_inlier": 46, "refit": true}
{"timestamp": "18:05:50.258130", "frame": 81, "mu": [-0.18897002596581794, 0.32392181627137046, 1.1756507463854708], "Sigma": [[1.8039874758206202, 0.02231843938040473, -0.02822722214177971], [0.02231843938040473, 0.005516349740738215, 0.0023604784473826457], [-0.02822722214177971, 0.0023604784473826457, 0.015073438969267404]], "chi2_level": 0.95, "chi2_df": 3, "chi2_threshold": 7.814727903251179, "N_raw": 52, "N_roi": 52, "N_inlier": 50, "refit": true}
{"timestamp": "18:05:50.315676", "frame": 82, "mu": [-0.4926253614522481, 0.33813111380447736, 1.2217254086965244], "Sigma": [[1.560070460907603, -0.009103377192053386, -0.011412178913738885], [-0.009103377192053388, 0.004965797993680225, 0.0008808986233244077], [-0.011412178913738882, 0.0008808986233244075, 0.014985758816682715]], "chi2_level": 0.95, "chi2_df": 3, "chi2_threshold": 7.814727903251179, "N_raw": 64, "N_roi": 64, "N_inlier": 64, "refit": true}
{"timestamp": "18:05:50.370489", "frame": 83, "mu": [-0.5729401265534665, 0.3480078571438892, 1.2535339937807508], "Sigma": [[1.4003939836193287, -0.008031094532262514, -0.00724775665982309], [-0.00803109453226252, 0.004120999333836288, -0.00033748185887034186], [-0.007247756659823084, -0.00033748185887034154, 0.0120446341860858]], "chi2_level": 0.95, "chi2_df": 3, "chi2_threshold": 7.814727903251179, "N_raw": 66, "N_roi": 66, "N_inlier": 65, "refit": true}
{"timestamp": "18:05:50.424492", "frame": 84, "mu": [-0.5338985854107657, 0.42847284897586807, -0.6773131481805839], "Sigma": [[1.3561885965160727, -0.058932837437530056, -0.0251125113288553], [-0.058932837437530056, 0.014747534252438759, -0.0011498340665063406], [-0.0251125113288553, -0.0011498340665063408, 0.005419128480429097]], "chi2_level": 0.95, "chi2_df": 3, "chi2_threshold": 7.814727903251179, "N_raw": 62, "N_roi": 62, "N_inlier": 60, "refit": true}
{"timestamp": "18:05:50.477299", "frame": 85, "mu": [-0.9309558286880032, 0.3226707019173423, 1.2314207301900093], "Sigma": [[0.6888774476622913, -0.01115395070178151, 0.0029431764548596443], [-0.011153950701781509, 0.003192810805037587, 0.0012668876919272366], [0.002943176454859646, 0.0012668876919272364, 0.011192355981967399]], "chi2_level": 0.95, "chi2_df": 3, "chi2_threshold": 7.814727903251179, "N_raw": 51, "N_roi": 51, "N_inlier": 47, "refit": true}
{"timestamp": "18:05:50.536781", "frame": 86, "mu": [-1.2157621173376312, 0.45261426845581165, 1.359075175202571], "Sigma": [[0.008560782035830116, 0.003728999780605092, -0.0015190392841589176], [0.003728999780605092, 0.005950166487329053, -0.005360720332555887], [-0.0015190392841589171, -0.005360720332555887, 0.011490989857119221]], "chi2_level": 0.95, "chi2_df": 3, "chi2_threshold": 7.814727903251179, "N_raw": 79, "N_roi": 79, "N_inlier": 77, "refit": true}
{"timestamp": "18:05:50.591074", "frame": 87, "mu": [-1.1614929768557736, 0.42637684144672433, 1.2809274264239863], "Sigma": [[0.0163673620553052, 0.00222126952574268, -0.007741918005327894], [0.0022212695257426804, 0.0033738715808417407, 0.00010102641788306972], [-0.0077419180053278965, 0.00010102641788306988, 0.013848042067422534]], "chi2_level": 0.95, "chi2_df": 3, "chi2_threshold": 7.814727903251179, "N_raw": 72, "N_roi": 72, "N_inlier": 70, "refit": true}
{"timestamp": "18:05:50.642906", "frame": 88, "mu": [-1.1629228930519806, 0.5491722623193452, -0.6133524814602337], "Sigma": [[0.008152636492594116, 0.0026714207862793956, -0.00034174731373850923], [0.0026714207862793956, 0.013953088853334822, 0.0012323625600340533], [-0.0003417473137385093, 0.0012323625600340533, 0.0035615001361211174]], "chi2_level": 0.95, "chi2_df": 3, "chi2_threshold": 7.814727903251179, "N_raw": 48, "N_roi": 48, "N_inlier": 45, "refit": true}
{"timestamp": "18:05:50.698573", "frame": 89, "mu": [-1.1878694291465355, 0.4965158037259443, 1.3763898633924934], "Sigma": [[0.004989490784661395, 0.0028473780126626624, 0.0006414354421684458], [0.0028473780126626624, 0.0037983224731529394, -0.0016570876028445486], [0.000641435442168446, -0.0016570876028445484, 0.011535231769139613]], "chi2_level": 0.95, "chi2_df": 3, "chi2_threshold": 7.814727903251179, "N_raw": 56, "N_roi": 56, "N_inlier": 53, "refit": true}
{"timestamp": "18:05:50.755936", "frame": 90, "mu": [-1.1384203710297567, 0.7690297396057711, -0.3881099123809637], "Sigma": [[0.006634666176983619, 0.0024435055359567316, 0.0002284481348172944], [0.0024435055359567316, 0.006093245808745333, -0.003981218852216013], [0.00022844813481729445, -0.003981218852216013, 0.004297898467288723]], "chi2_level": 0.95, "chi2_df": 3, "chi2_threshold": 7.814727903251179, "N_raw": 68, "N_roi": 68, "N_inlier": 64, "refit": true}
{"timestamp": "18:05:50.807118", "frame": 91, "mu": [-1.1488807928366402, 0.5907352778895392, 1.3295644765325256], "Sigma": [[0.008821935668055675, -0.0008818023726732593, -0.0028407433690243794], [-0.0008818023726732593, 0.004965193486453316, -0.0024692289487643236], [-0.0028407433690243794, -0.0024692289487643236, 0.002982827049156733]], "chi2_level": 0.95, "chi2_df": 3, "chi2_threshold": 7.814727903251179, "N_raw": 46, "N_roi": 46, "N_inlier": 43, "refit": true}
{"timestamp": "18:05:50.869942", "frame": 92, "mu": [-1.1081864480745516, 0.667852721989372, 1.3936786356273951], "Sigma": [[0.02050960131259193, 0.004793713147840999, -0.007985160644941265], [0.004793713147840999, 0.005650511318019131, -0.004509489298844973], [-0.007985160644941265, -0.004509489298844973, 0.005501248552570739]], "chi2_level": 0.95, "chi2_df": 3, "chi2_threshold": 7.814727903251179, "N_raw": 94, "N_roi": 94, "N_inlier": 91, "refit": true}
{"timestamp": "18:05:50.917666", "frame": 93, "mu": [-1.1948093211322355, 0.7413241761410204, 1.5745379113195204], "Sigma": [[0.008293887896589967, 0.003163073539618261, -0.001974858923019037], [0.003163073539618261, 0.003050208896414295, -0.0032427841531188226], [-0.0019748589230190365, -0.0032427841531188226, 0.007676122319846293]], "chi2_level": 0.95, "chi2_df": 3, "chi2_threshold": 7.814727903251179, "N_raw": 45, "N_roi": 45, "N_inlier": 39, "refit": true}
{"timestamp": "18:05:50.976598", "frame": 94, "mu": [-1.159024163119522, 0.8039503725840146, 1.5516253175329504], "Sigma": [[0.02682120890112034, 0.009165073013449692, -0.014494177907337612], [0.009165073013449692, 0.006765812155464959, -0.008270163384386606], [-0.014494177907337612, -0.008270163384386605, 0.014089811813681423]], "chi2_level": 0.95, "chi2_df": 3, "chi2_threshold": 7.814727903251179, "N_raw": 78, "N_roi": 78, "N_inlier": 76, "refit": true}
{"timestamp": "18:05:51.027696", "frame": 95, "mu": [-1.0798242130833386, 0.8594609755853682, 1.3611438023789368], "Sigma": [[0.057732706793198654, 0.016557013205542773, -0.09266683014357086], [0.016557013205542773, 0.006543940573740688, -0.028317706252242465], [-0.09266683014357086, -0.028317706252242468, 0.17171260291401022]], "chi2_level": 0.95, "chi2_df": 3, "chi2_threshold": 7.814727903251179, "N_raw": 50, "N_roi": 50, "N_inlier": 48, "refit": true}
{"timestamp": "18:05:51.080983", "frame": 96, "mu": [-1.0977342741123706, 0.915884506769138, 1.3425275842021465], "Sigma": [[0.05598510892656938, 0.022696246255396985, -0.08249129518325557], [0.022696246255396985, 0.010391060099875107, -0.034944647360412515], [-0.08249129518325558, -0.03494464736041251, 0.13303451473038744]], "chi2_level": 0.95, "chi2_df": 3, "chi2_threshold": 7.814727903251179, "N_raw": 37, "N_roi": 37, "N_inlier": 36, "refit": true}
{"timestamp": "18:05:51.135693", "frame": 97, "mu": [-1.0882175055725827, 1.025677074852192, 1.505769317577993], "Sigma": [[0.044336044629070134, 0.01983540308563188, -0.045610822229846026], [0.019835403085631878, 0.01311959918744087, -0.023161156871802074], [-0.045610822229846026, -0.023161156871802077, 0.05422336849554675]], "chi2_level": 0.95, "chi2_df": 3, "chi2_threshold": 7.814727903251179, "N_raw": 38, "N_roi": 38, "N_inlier": 36, "refit": true}
{"timestamp": "18:05:51.193135", "frame": 98, "mu": [-0.9871677593110262, 1.1486253126936676, 1.4563242539953873], "Sigma": [[0.03313728639354629, 0.02001380850559019, -0.03399114535505705], [0.02001380850559019, 0.01426708360251674, -0.02041452014323746], [-0.03399114535505705, -0.02041452014323746, 0.049926221836825144]], "chi2_level": 0.95, "chi2_df": 3, "chi2_threshold": 7.814727903251179, "N_raw": 52, "N_roi": 52, "N_inlier": 48, "refit": true}
{"timestamp": "18:05:51.252041", "frame": 99, "mu": [-0.9018242486289024, 1.296784013543731, -0.6735240749618372], "Sigma": [[0.00934615836616433, 0.0007871247487039109, 0.018388629443863283], [0.0007871247487039109, 0.013376164652543609, -0.004710597322058791], [0.018388629443863283, -0.004710597322058791, 0.11224392932314928]], "chi2_level": 0.95, "chi2_df": 3, "chi2_threshold": 7.814727903251179, "N_raw": 81, "N_roi": 81, "N_inlier": 75, "refit": true}
{"timestamp": "18:05:51.401804", "frame": 100, "mu": [-0.8767763131150554, 1.3008228883818223, 0.9704708244998821], "Sigma": [[0.008667532509375521, 0.0011784397475631716, 0.014066726649975828], [0.0011784397475631716, 0.0016118246064964336, 0.007646513925434395], [0.014066726649975828, 0.007646513925434395, 0.16995602031172244]], "chi2_level": 0.95, "chi2_df": 3, "chi2_threshold": 7.814727903251179, "N_raw": 113, "N_roi": 113, "N_inlier": 108, "refit": true}
{"timestamp": "18:05:51.465761", "frame": 101, "mu": [-0.8269550525807735, 1.384714972073967, 1.0259967499731002], "Sigma": [[0.0074526666291348425, -0.0022057990763077644, -0.0027789043394309608], [-0.0022057990763077644, 0.003163898447779988, -0.0012638975402484152], [-0.002778904339430961, -0.0012638975402484158, 0.11472244325575315]], "chi2_level": 0.95, "chi2_df": 3, "chi2_threshold": 7.814727903251179, "N_raw": 86, "N_roi": 86, "N_inlier": 81, "refit": true}
{"timestamp": "18:05:51.495730", "frame": 102, "mu": [-0.858157144117075, 1.4759029419857097, -0.2856561731313296], "Sigma": [[0.010272829158305302, -0.003626409554556837, 0.049317979152385505], [-0.003626409554556837, 0.003231252052158587, -0.012221807937480378], [0.049317979152385505, -0.012221807937480378, 0.6774278120621465]], "chi2_level": 0.95, "chi2_df": 3, "chi2_threshold": 7.814727903251179, "N_raw": 114, "N_roi": 114, "N_inlier": 110, "refit": true}
{"timestamp": "18:05:51.528278", "frame": 103, "mu": [-0.830856043688232, 1.5271421470033817, 1.205212298080507], "Sigma": [[0.0061592368559312514, -0.0015557266029200436, -0.0027214138204995153], [-0.0015557266029200436, 0.0017767994172725099, -0.0017876003592576914], [-0.0027214138204995153, -0.0017876003592576914, 0.028678012040006744]], "chi2_level": 0.95, "chi2_df": 3, "chi2_threshold": 7.814727903251179, "N_raw": 78, "N_roi": 78, "N_inlier": 70, "refit": true}
{"timestamp": "18:05:51.559260", "frame": 104, "mu": [-0.8036639626530314, 1.5870236617033295, 1.1646730916472956], "Sigma": [[0.0068781156382731684, 0.0002334749281244696, -0.004804118489725898], [0.0002334749281244696, 0.002194261330620279, -0.0037812470136629603], [-0.004804118489725898, -0.0037812470136629603, 0.03386290494141734]], "chi2_level": 0.95, "chi2_df": 3, "chi2_threshold": 7.814727903251179, "N_raw": 87, "N_roi": 87, "N_inlier": 82, "refit": true}
{"timestamp": "18:05:51.594074", "frame": 105, "mu": [-0.8207609671821506, 1.800287633996296, -0.3272568658550093], "Sigma": [[0.006846631219336342, 0.0014236650058712728, -0.0032341780019175402], [0.0014236650058712728, 0.005623552512274637, -0.0076017309230537265], [-0.0032341780019175402, -0.0076017309230537265, 0.02470188232492492]], "chi2_level": 0.95, "chi2_df": 3, "chi2_threshold": 7.814727903251179, "N_raw": 77, "N_roi": 77, "N_inlier": 70, "refit": true}
