{"timestamp": "17:23:58.718610", "frame": 13, "mu": [2.3376945754907648, 2.510351632401753, -0.6608135365752061], "Sigma": [[0.005643688669648623, -0.0035936594760082883, -0.0015588022914075446], [-0.0035936594760082883, 0.006379318080688183, 0.003133549938177854], [-0.0015588022914075441, 0.003133549938177854, 0.0019896452560357746]], "chi2_level": 0.99, "chi2_df": 3, "chi2_threshold": 11.344866730144373, "N_raw": 15, "N_roi": 13, "N_inlier": 12, "refit": true}
{"timestamp": "17:23:58.774436", "frame": 14, "mu": [2.354826984530367, 2.217934751329348, 0.7945773882656624], "Sigma": [[0.005217734123033512, -0.0050479112442235845, 0.004371757644712964], [-0.0050479112442235845, 0.010586722489639128, -0.011250629405629467], [0.004371757644712964, -0.011250629405629467, 0.022675168358476334]], "chi2_level": 0.99, "chi2_df": 3, "chi2_threshold": 11.344866730144373, "N_raw": 13, "N_roi": 13, "N_inlier": 13, "refit": true}
{"timestamp": "17:23:59.106484", "frame": 20, "mu": [2.243011130378015, 2.00398436897252, 1.093896338212197], "Sigma": [[0.008695921958869205, -0.010525425100528013, -0.0010555697419440673], [-0.010525425100528013, 0.016829626554334745, -0.0014140228943839107], [-0.0010555697419440673, -0.0014140228943839111, 0.0029953635105083413]], "chi2_level": 0.99, "chi2_df": 3, "chi2_threshold": 11.344866730144373, "N_raw": 27, "N_roi": 27, "N_inlier": 27, "refit": true}
{"timestamp": "17:23:59.214883", "frame": 22, "mu": [2.0201230563369363, 2.1090971662090126, 0.9985604857505928], "Sigma": [[0.003264340804734328, -0.001742838727481977, 6.96241441913525e-05], [-0.0017428387274819768, 0.003937176352352876, -0.0006210303185550629], [6.96241441913525e-05, -0.0006210303185550629, 0.0002216527441052914]], "chi2_level": 0.99, "chi2_df": 3, "chi2_threshold": 11.344866730144373, "N_raw": 10, "N_roi": 10, "N_inlier": 10, "refit": true}
{"timestamp": "17:23:59.439091", "frame": 26, "mu": [1.8403453156597573, 2.1242307617331444, 1.2428260298231781], "Sigma": [[0.010089487663970121, -0.00667440653411647, -0.0016154443760369504], [-0.00667440653411647, 0.009875106504497856, 0.0020532642883299324], [-0.0016154443760369504, 0.0020532642883299324, 0.0016177810209288223]], "chi2_level": 0.99, "chi2_df": 3, "chi2_threshold": 11.344866730144373, "N_raw": 36, "N_roi": 36, "N_inlier": 35, "refit": true}
{"timestamp": "17:23:59.496535", "frame": 27, "mu": [1.8294920655583629, 2.2517264262890104, -0.5722750339809209], "Sigma": [[0.008924594609844717, -0.007898202147864878, -0.006114893912929179], [-0.00789820214786488, 0.011236645840485128, -0.0024618783130203135], [-0.006114893912929179, -0.0024618783130203135, 0.03910928408148786]], "chi2_level": 0.99, "chi2_df": 3, "chi2_threshold": 11.344866730144373, "N_raw": 48, "N_roi": 48, "N_inlier": 46, "refit": true}
{"timestamp": "17:23:59.548282", "frame": 28, "mu": [1.7777182521035195, 2.0877250626629245, 1.0311443425124005], "Sigma": [[0.007544545290344829, -0.005937675247575307, -0.0019913221693335236], [-0.005937675247575307, 0.005162814282895343, -0.00036735846324283106], [-0.001991322169333523, -0.00036735846324283106, 0.015105040314444117]], "chi2_level": 0.99, "chi2_df": 3, "chi2_threshold": 11.344866730144373, "N_raw": 33, "N_roi": 33, "N_inlier": 32, "refit": true}
{"timestamp": "17:23:59.603727", "frame": 29, "mu": [1.752640540930182, 2.0064081642494993, 0.7967225079100714], "Sigma": [[0.008554181841945107, -0.006974185504860867, -0.003220930099788832], [-0.006974185504860867, 0.010156263503308501, 0.0011580036972586435], [-0.003220930099788832, 0.001158003697258643, 0.006187382542963049]], "chi2_level": 0.99, "chi2_df": 3, "chi2_threshold": 11.344866730144373, "N_raw": 40, "N_roi": 40, "N_inlier": 38, "refit": true}
{"timestamp": "17:23:59.714597", "frame": 31, "mu": [1.6009392870563726, 2.109228071905173, 1.097183467726402], "Sigma": [[0.009319500314962014, -0.0070724429240735295, -0.004622939228921717], [-0.0070724429240735295, 0.008149371736548216, -0.0009710958010007021], [-0.004622939228921717, -0.0009710958010007021, 0.012980067141664142]], "chi2_level": 0.99, "chi2_df": 3, "chi2_threshold": 11.344866730144373, "N_raw": 48, "N_roi": 48, "N_inlier": 47, "refit": true}
{"timestamp": "17:23:59.768006", "frame": 32, "mu": [1.5703058288909462, 2.0659619262035167, 0.8631704888687375], "Sigma": [[0.005811605847726802, -0.005506170946556447, -0.004753377461637499], [-0.005506170946556447, 0.010085219822255397, 0.0038846486115588904], [-0.004753377461637499, 0.0038846486115588904, 0.005125408575395437]], "chi2_level": 0.99, "chi2_df": 3, "chi2_threshold": 11.344866730144373, "N_raw": 29, "N_roi": 29, "N_inlier": 28, "refit": true}
{"timestamp": "17:23:59.825939", "frame": 33, "mu": [1.5601217123870612, 1.9329429629724397, 0.8387978555082396], "Sigma": [[0.009878239207537146, -0.008074282066572906, -0.00652854337187461], [-0.008074282066572906, 0.010317248556085087, 0.0033209841342288255], [-0.00652854337187461, 0.0033209841342288255, 0.01248173980407532]], "chi2_level": 0.99, "chi2_df": 3, "chi2_threshold": 11.344866730144373, "N_raw": 49, "N_roi": 49, "N_inlier": 47, "refit": true}
{"timestamp": "17:23:59.931717", "frame": 35, "mu": [1.4187133178391214, 1.9677098083283628, 1.0681483798937967], "Sigma": [[0.005351792710763235, -0.00457889634215566, -0.00557461615252426], [-0.00457889634215566, 0.007968405299307155, 0.004596657438257932], [-0.00557461615252426, 0.004596657438257932, 0.006984047271709923]], "chi2_level": 0.99, "chi2_df": 3, "chi2_threshold": 11.344866730144373, "N_raw": 25, "N_roi": 25, "N_inlier": 24, "refit": true}
{"timestamp": "17:23:59.991692", "frame": 36, "mu": [1.3629114279374073, 2.0302045533292956, 0.988491923973629], "Sigma": [[0.006332309161645128, -0.004417064134113649, -0.005984597989905322], [-0.00441706413411365, 0.011244878171958647, 0.0008703225437351068], [-0.005984597989905322, 0.0008703225437351066, 0.008298607811691991]], "chi2_level": 0.99, "chi2_df": 3, "chi2_threshold": 11.344866730144373, "N_raw": 49, "N_roi": 49, "N_inlier": 49, "refit": true}
{"timestamp": "17:24:00.047699", "frame": 37, "mu": [1.2964646356144687, 2.0363891422340115, 1.087082302729729], "Sigma": [[0.008744346557938163, -0.005828850145440098, -0.005388718065378352], [-0.005828850145440098, 0.008668695039594476, -0.002188132496163059], [-0.005388718065378351, -0.002188132496163059, 0.012719593909266089]], "chi2_level": 0.99, "chi2_df": 3, "chi2_threshold": 11.344866730144373, "N_raw": 62, "N_roi": 62, "N_inlier": 61, "refit": true}
{"timestamp": "17:24:00.099624", "frame": 38, "mu": [1.2248236233578957, 2.0181794174549985, 1.121448303121867], "Sigma": [[0.006145958809412448, -0.004140466360711915, -0.003069082693756716], [-0.004140466360711915, 0.005943648737241534, 0.0009315099476279796], [-0.003069082693756716, 0.0009315099476279794, 0.0027923431560435063]], "chi2_level": 0.99, "chi2_df": 3, "chi2_threshold": 11.344866730144373, "N_raw": 34, "N_roi": 34, "N_inlier": 33, "refit": true}
{"timestamp": "17:24:00.154368", "frame": 39, "mu": [1.209517912156311, 1.9692631414588857, 1.1534997862464436], "Sigma": [[0.006749697414909694, -0.006529857007551914, -0.007068911833511779], [-0.006529857007551914, 0.010898921313295467, 0.00648146271543076], [-0.007068911833511779, 0.00648146271543076, 0.008059822124111635]], "chi2_level": 0.99, "chi2_df": 3, "chi2_threshold": 11.344866730144373, "N_raw": 40, "N_roi": 40, "N_inlier": 37, "refit": true}
{"timestamp": "17:24:00.210928", "frame": 40, "mu": [1.1774832752199456, 2.152106684544944, -0.5425757405421443], "Sigma": [[0.00571263853928407, -0.0019529268757684545, -0.010912013675332753], [-0.0019529268757684545, 0.01196803335563221, -0.031050135700421935], [-0.010912013675332753, -0.031050135700421935, 0.15659036206886343]], "chi2_level": 0.99, "chi2_df": 3, "chi2_threshold": 11.344866730144373, "N_raw": 41, "N_roi": 41, "N_inlier": 40, "refit": true}
{"timestamp": "17:24:00.262341", "frame": 41, "mu": [1.0858310251908525, 1.9593931563278981, 0.5659280585998153], "Sigma": [[0.004950548158907548, 0.00015517466278195584, -0.002344795897206205], [0.00015517466278195595, 0.0032914729160054513, 0.022753778656530988], [-0.0023447958972062028, 0.022753778656530985, 0.44837277428895667]], "chi2_level": 0.99, "chi2_df": 3, "chi2_threshold": 11.344866730144373, "N_raw": 15, "N_roi": 15, "N_inlier": 15, "refit": true}
{"timestamp": "17:24:00.320785", "frame": 42, "mu": [1.0678470433915257, 1.9912095448466087, 1.1187639042488027], "Sigma": [[0.006422728947936995, -0.004970805929610205, -0.007742844061896485], [-0.004970805929610205, 0.008670943628640838, 0.013889864743365184], [-0.007742844061896485, 0.013889864743365182, 0.1561489546502646]], "chi2_level": 0.99, "chi2_df": 3, "chi2_threshold": 11.344866730144373, "N_raw": 39, "N_roi": 39, "N_inlier": 37, "refit": true}
{"timestamp": "17:24:00.379043", "frame": 43, "mu": [0.9978356283120393, 1.979839499542497, 1.1526479405543222], "Sigma": [[0.009440277676621645, -0.006652611745253141, -0.009595351321638553], [-0.006652611745253141, 0.010252035598631274, 0.005943924410339968], [-0.009595351321638553, 0.005943924410339968, 0.016619532816119865]], "chi2_level": 0.99, "chi2_df": 3, "chi2_threshold": 11.344866730144373, "N_raw": 63, "N_roi": 63, "N_inlier": 60, "refit": true}
{"timestamp": "17:24:00.436448", "frame": 44, "mu": [0.9178823966187107, 2.046393499404978, 1.1020823151096748], "Sigma": [[0.018111555623875095, -0.00658410657354804, 0.02061876719776121], [-0.00658410657354804, 0.008788365269189134, -0.004390973275056302], [0.02061876719776121, -0.0043909732750563035, 0.13242307479377666]], "chi2_level": 0.99, "chi2_df": 3, "chi2_threshold": 11.344866730144373, "N_raw": 83, "N_roi": 83, "N_inlier": 80, "refit": true}
{"timestamp": "17:24:00.490743", "frame": 45, "mu": [0.8805251822301973, 2.0594466280122457, 1.2974372787001698], "Sigma": [[0.00983922896097933, -0.004166539278422306, -0.0043012246870978415], [-0.004166539278422306, 0.010149413609057677, 0.002084219803974471], [-0.0043012246870978415, 0.002084219803974471, 0.002995972797566056]], "chi2_level": 0.99, "chi2_df": 3, "chi2_threshold": 11.344866730144373, "N_raw": 73, "N_roi": 72, "N_inlier": 66, "refit": true}
{"timestamp": "17:24:00.544999", "frame": 46, "mu": [0.7891305560977805, 2.07062454095266, 1.2298583386658333], "Sigma": [[0.010636551929118951, -0.002490855410212484, -0.004998495440883497], [-0.002490855410212484, 0.004610780165381074, -0.003329662652135559], [-0.004998495440883497, -0.003329662652135559, 0.009611314818290416]], "chi2_level": 0.99, "chi2_df": 3, "chi2_threshold": 11.344866730144373, "N_raw": 71, "N_roi": 71, "N_inlier": 68, "refit": true}
{"timestamp": "17:24:00.591328", "frame": 47, "mu": [0.7129380504602184, 2.2842454640876886, -0.37112493205417313], "Sigma": [[0.00698506770835905, 0.0036313878650685557, -0.059052902116101674], [0.0036313878650685565, 0.00772733828212963, -0.03811686165282306], [-0.059052902116101674, -0.03811686165282306, 0.5476389631731021]], "chi2_level": 0.99, "chi2_df": 3, "chi2_threshold": 11.344866730144373, "N_raw": 11, "N_roi": 11, "N_inlier": 11, "refit": true}
{"timestamp": "17:24:00.654524", "frame": 48, "mu": [0.648110334926252, 2.0601027067278554, 1.2710081623868825], "Sigma": [[0.009520304698007334, -0.00431649435058107, -0.007689293378749004], [-0.00431649435058107, 0.006867222052439885, 0.003444097284846443], [-0.007689293378749003, 0.0034440972848464426, 0.026517580665352085]], "chi2_level": 0.99, "chi2_df": 3, "chi2_threshold": 11.344866730144373, "N_raw": 71, "N_roi": 71, "N_inlier": 68, "refit": true}
{"timestamp": "17:24:00.708976", "frame": 49, "mu": [0.6041376480174314, 2.101574635386696, 1.3673942069023888], "Sigma": [[0.007491806520544674, -0.0010284168572215894, -0.004871033471128203], [-0.0010284168572215894, 0.006738477242715862, 0.00041161763914795323], [-0.004871033471128203, 0.0004116176391479533, 0.0064494365714948924]], "chi2_level": 0.99, "chi2_df": 3, "chi2_threshold": 11.344866730144373, "N_raw": 63, "N_roi": 61, "N_inlier": 59, "refit": true}
{"timestamp": "17:24:00.764859", "frame": 50, "mu": [0.5303221019076241, 2.0897777746430077, 1.3470759382036905], "Sigma": [[0.008592675696995294, -0.005448329646187442, -0.01021320335599977], [-0.005448329646187442, 0.010053291608716848, 0.005264364258538881], [-0.010213203355999772, 0.005264364258538881, 0.013999125685880026]], "chi2_level": 0.99, "chi2_df": 3, "chi2_threshold": 11.344866730144373, "N_raw": 69, "N_roi": 69, "N_inlier": 65, "refit": true}
{"timestamp": "17:24:00.821597", "frame": 51, "mu": [0.4898240787644815, 2.1004364643765556, 1.3026852281259165], "Sigma": [[0.010331953781111678, -0.0038386664991029566, -0.014953093053271596], [-0.0038386664991029566, 0.007227140751262653, 0.006012860344814269], [-0.014953093053271596, 0.00601286034481427, 0.04445735970337468]], "chi2_level": 0.99, "chi2_df": 3, "chi2_threshold": 11.344866730144373, "N_raw": 82, "N_roi": 82, "N_inlier": 79, "refit": true}
{"timestamp": "17:24:00.880036", "frame": 52, "mu": [0.3295831774432719, 2.0985059868828047, 1.0146963885955729], "Sigma": [[0.024485397184071122, 0.01142805053408259, 0.07680292037174793], [0.01142805053408259, 0.014643616500227523, 0.06147276167221748], [0.07680292037174793, 0.06147276167221747, 0.4334831251708586]], "chi2_level": 0.99, "chi2_df": 3, "chi2_threshold": 11.344866730144373, "N_raw": 106, "N_roi": 104, "N_inlier": 104, "refit": true}
{"timestamp": "17:24:00.930483", "frame": 53, "mu": [0.2622178283949125, 2.1018339650762834, 1.2195397899540756], "Sigma": [[0.02567428362360661, 0.003971181760570524, 0.05787842143125127], [0.003971181760570524, 0.008597031126327927, 0.02094781229139181], [0.05787842143125127, 0.02094781229139181, 0.226361213868542]], "chi2_level": 0.99, "chi2_df": 3, "chi2_threshold": 11.344866730144373, "N_raw": 78, "N_roi": 78, "N_inlier": 77, "refit": true}
{"timestamp": "17:24:00.986754", "frame": 54, "mu": [0.2346948850948431, 2.0985402124594263, 1.2763523123425566], "Sigma": [[0.02104485444332705, 0.0009474349975772674, 0.032759507370159265], [0.0009474349975772674, 0.007714393802762326, 0.007636423933825958], [0.03275950737015926, 0.007636423933825958, 0.11597137514661043]], "chi2_level": 0.99, "chi2_df": 3, "chi2_threshold": 11.344866730144373, "N_raw": 81, "N_roi": 81, "N_inlier": 78, "refit": true}
{"timestamp": "17:24:01.044713", "frame": 55, "mu": [0.06236555675571084, 2.139591504023142, -0.5530316807379607], "Sigma": [[0.040440452298029075, 0.015841605637471647, 0.15069408393936118], [0.015841605637471647, 0.014652356732953876, 0.08284092291806759], [0.15069408393936118, 0.08284092291806759, 0.7768540114134336]], "chi2_level": 0.99, "chi2_df": 3, "chi2_threshold": 11.344866730144373, "N_raw": 104, "N_roi": 103, "N_inlier": 101, "refit": true}
{"timestamp": "17:24:01.096944", "frame": 56, "mu": [0.10656313843778613, 2.119275413002032, 1.416264412915227], "Sigma": [[0.009929672762134403, -0.0009379663838823195, -0.004966147411574932], [-0.0009379663838823196, 0.0059893460793166665, -0.0025477684838801093], [-0.004966147411574932, -0.0025477684838801098, 0.00982529835739814]], "chi2_level": 0.99, "chi2_df": 3, "chi2_threshold": 11.344866730144373, "N_raw": 85, "N_roi": 83, "N_inlier": 78, "refit": true}
{"timestamp": "17:24:01.148880", "frame": 57, "mu": [0.04931208817913492, 2.099953739174638, 1.4244184387665975], "Sigma": [[0.008685125939770687, -0.0025003731157894086, -0.00761730072608932], [-0.0025003731157894086, 0.006268431810093951, 0.0015475653956440233], [-0.00761730072608932, 0.0015475653956440235, 0.008196195897583003]], "chi2_level": 0.99, "chi2_df": 3, "chi2_threshold": 11.344866730144373, "N_raw": 66, "N_roi": 66, "N_inlier": 62, "refit": true}
{"timestamp": "17:24:01.206644", "frame": 58, "mu": [-0.025342382411082363, 2.0885720234885166, 1.4299566140370605], "Sigma": [[0.008519390323559818, -0.0012695134723205441, -0.007040610102033218], [-0.0012695134723205441, 0.007777817772445662, 0.002297998643782041], [-0.007040610102033218, 0.002297998643782041, 0.006723652208447715]], "chi2_level": 0.99, "chi2_df": 3, "chi2_threshold": 11.344866730144373, "N_raw": 77, "N_roi": 69, "N_inlier": 66, "refit": true}
{"timestamp": "17:24:01.257899", "frame": 59, "mu": [-0.02628655395710605, 1.9648273981724935, 1.1955133646968037], "Sigma": [[0.006021495916330688, -4.257512076846797e-05, -0.0014401814214952194], [-4.257512076846808e-05, 0.00406279791378716, -0.0016179098301475838], [-0.0014401814214952194, -0.0016179098301475838, 0.0017542715157889256]], "chi2_level": 0.99, "chi2_df": 3, "chi2_threshold": 11.344866730144373, "N_raw": 55, "N_roi": 55, "N_inlier": 51, "refit": true}
{"timestamp": "17:24:01.311779", "frame": 60, "mu": [-0.10030718090833647, 1.9565229519530543, 1.1533924508516067], "Sigma": [[0.005934560642650957, -0.0013983637463490994, -0.0026416345643317848], [-0.0013983637463490994, 0.0051443166168442305, -0.01030237940082021], [-0.0026416345643317843, -0.01030237940082021, 0.0874153024097466]], "chi2_level": 0.99, "chi2_df": 3, "chi2_threshold": 11.344866730144373, "N_raw": 48, "N_roi": 45, "N_inlier": 43, "refit": true}
{"timestamp": "17:24:01.367312", "frame": 61, "mu": [-0.18835630191622713, 1.988276274193024, 1.2725991901483082], "Sigma": [[0.008503502984235639, -0.002814588732161575, -0.005927817121540724], [-0.0028145887321615755, 0.0061037928620333295, 0.0015500988507586907], [-0.005927817121540724, 0.001550098850758691, 0.005645130908770466]], "chi2_level": 0.99, "chi2_df": 3, "chi2_threshold": 11.344866730144373, "N_raw": 60, "N_roi": 60, "N_inlier": 57, "refit": true}
{"timestamp": "17:24:01.427554", "frame": 62, "mu": [-0.26737931217497085, 2.0468202099847472, 0.9773428666329651], "Sigma": [[0.014389561628451475, -0.004001676252867872, 0.02685334762613524], [-0.004001676252867872, 0.003798541451377725, -0.020670874736699783], [0.02685334762613524, -0.020670874736699783, 0.30761428082387604]], "chi2_level": 0.99, "chi2_df": 3, "chi2_threshold": 11.344866730144373, "N_raw": 87, "N_roi": 83, "N_inlier": 83, "refit": true}
{"timestamp": "17:24:01.478657", "frame": 63, "mu": [-0.3247740044844711, 1.9711750410979527, 0.9030671515265616], "Sigma": [[0.011661355541273481, 0.00212390955478027, 0.023741153752386855], [0.00212390955478027, 0.00412434729511843, 0.019940690967690338], [0.02374115375238685, 0.019940690967690338, 0.3665403844488701]], "chi2_level": 0.99, "chi2_df": 3, "chi2_threshold": 11.344866730144373, "N_raw": 54, "N_roi": 53, "N_inlier": 52, "refit": true}
{"timestamp": "17:24:01.539253", "frame": 64, "mu": [-0.35480248262324343, 2.1281718214460894, -0.9961280124402043], "Sigma": [[0.011209197980995836, 0.008835584700109679, 0.03603395843283487], [0.008835584700109679, 0.03473545322503816, -0.010251299168788768], [0.03603395843283487, -0.010251299168788773, 0.3965728110525471]], "chi2_level": 0.99, "chi2_df": 3, "chi2_threshold": 11.344866730144373, "N_raw": 100, "N_roi": 100, "N_inlier": 100, "refit": true}
{"timestamp": "17:24:01.593239", "frame": 65, "mu": [-0.4080009773063464, 1.9778394261155994, 0.9076848197111873], "Sigma": [[0.009041930180377902, -0.00041312072129090363, -0.005004856787496086], [-0.00041312072129090363, 0.003202737662692785, 0.002038484529967793], [-0.005004856787496087, 0.002038484529967793, 0.22048293293333313]], "chi2_level": 0.99, "chi2_df": 3, "chi2_threshold": 11.344866730144373, "N_raw": 92, "N_roi": 92, "N_inlier": 90, "refit": true}
{"timestamp": "17:24:01.645060", "frame": 66, "mu": [-0.46644872025066497, 1.9622939625388418, 0.8809011761162913], "Sigma": [[0.007916607241557802, 0.0010471620825723066, -0.009103734476671942], [0.0010471620825723066, 0.005154572935847893, -0.0023059463878074274], [-0.009103734476671942, -0.0023059463878074274, 0.060084573099919394]], "chi2_level": 0.99, "chi2_df": 3, "chi2_threshold": 11.344866730144373, "N_raw": 68, "N_roi": 68, "N_inlier": 66, "refit": true}
{"timestamp": "17:24:01.700037", "frame": 67, "mu": [-0.6001354623331228, 2.097791853645672, -0.5647841122172551], "Sigma": [[0.008024407230178828, 0.005541784360460343, 0.014208257551614058], [0.005541784360460343, 0.013188514597504771, 0.013546389595531564], [0.014208257551614058, 0.013546389595531564, 0.05325518286137337]], "chi2_level": 0.99, "chi2_df": 3, "chi2_threshold": 11.344866730144373, "N_raw": 73, "N_roi": 73, "N_inlier": 70, "refit": true}
{"timestamp": "17:24:01.757305", "frame": 68, "mu": [-0.6197141683940092, 2.0169040186265854, 1.1443667605693784], "Sigma": [[0.008191155317483963, -0.000833615075905043, -0.008189564690844234], [-0.0008336150759050431, 0.0058596488342963025, -0.0033961005254521323], [-0.008189564690844234, -0.0033961005254521323, 0.024598881906495416]], "chi2_level": 0.99, "chi2_df": 3, "chi2_threshold": 11.344866730144373, "N_raw": 84, "N_roi": 84, "N_inlier": 79, "refit": true}
{"timestamp": "17:24:01.813266", "frame": 69, "mu": [-0.6802011712815541, 1.9808220564467243, 1.005800366957509], "Sigma": [[0.010980468677034384, -0.002281002056464315, -0.025782422534656624], [-0.002281002056464315, 0.002957842833074502, 0.006546073075634862], [-0.025782422534656624, 0.006546073075634863, 0.20250158236986918]], "chi2_level": 0.99, "chi2_df": 3, "chi2_threshold": 11.344866730144373, "N_raw": 93, "N_roi": 92, "N_inlier": 91, "refit": true}
{"timestamp": "17:24:01.872559", "frame": 70, "mu": [-0.7212745372744745, 1.981291755966663, 0.9097459546833447], "Sigma": [[0.014204775618454865, -7.253514841456358e-05, -0.033604170139123535], [-7.25351484145635e-05, 0.0037743168372840947, -0.00033569956011251546], [-0.033604170139123535, -0.00033569956011251514, 0.18619638954741308]], "chi2_level": 0.99, "chi2_df": 3, "chi2_threshold": 11.344866730144373, "N_raw": 119, "N_roi": 119, "N_inlier": 117, "refit": true}
{"timestamp": "17:24:01.920375", "frame": 71, "mu": [-0.8046766899159673, 1.986879725487083, 1.0585258946025615], "Sigma": [[0.008376957314560219, -0.0005573783218472067, -0.005951315968087336], [-0.0005573783218472068, 0.0025224512446321854, -0.0031791098794816727], [-0.005951315968087336, -0.003179109879481673, 0.026919860742277823]], "chi2_level": 0.99, "chi2_df": 3, "chi2_threshold": 11.344866730144373, "N_raw": 71, "N_roi": 71, "N_inlier": 67, "refit": true}
{"timestamp": "17:24:01.972814", "frame": 72, "mu": [-0.854701047372687, 1.9669799649947914, 1.2084833901685763], "Sigma": [[0.007673481375950677, 0.001154477081295483, -0.005337063616005022], [0.001154477081295483, 0.0037629342928303285, -0.002895201566124784], [-0.005337063616005022, -0.002895201566124784, 0.007047923526348409]], "chi2_level": 0.99, "chi2_df": 3, "chi2_threshold": 11.344866730144373, "N_raw": 53, "N_roi": 53, "N_inlier": 49, "refit": true}
{"timestamp": "17:24:02.020578", "frame": 73, "mu": [-0.9281045834375141, 1.9169618110491773, 0.615995128145263], "Sigma": [[0.009102124250297668, 0.004131233751514174, 0.055882155698390064], [0.004131233751514174, 0.00772581508133749, 0.02067985503191928], [0.055882155698390064, 0.020679855031919287, 0.3967024785760807]], "chi2_level": 0.99, "chi2_df": 3, "chi2_threshold": 11.344866730144373, "N_raw": 10, "N_roi": 10, "N_inlier": 10, "refit": true}
{"timestamp": "17:24:02.080083", "frame": 74, "mu": [-1.023435731629876, 1.9134951444303359, 1.155602126073066], "Sigma": [[0.009459915824131342, 0.0017587771259079143, 0.0011203558250912622], [0.0017587771259079145, 0.0034168597681444885, 0.003513887142611557], [0.0011203558250912613, 0.0035138871426115574, 0.12087363520945357]], "chi2_level": 0.99, "chi2_df": 3, "chi2_threshold": 11.344866730144373, "N_raw": 45, "N_roi": 45, "N_inlier": 43, "refit": true}
{"timestamp": "17:24:02.139088", "frame": 75, "mu": [-1.0112028504721264, 1.956996869403047, 1.0794456761359499], "Sigma": [[0.007302505114063028, 0.0006150408565464025, -0.003950216943747807], [0.0006150408565464025, 0.002890055778882828, -0.0040338080353891905], [-0.003950216943747807, -0.0040338080353891905, 0.02670928547830083]], "chi2_level": 0.99, "chi2_df": 3, "chi2_threshold": 11.344866730144373, "N_raw": 62, "N_roi": 62, "N_inlier": 59, "refit": true}
{"timestamp": "17:24:02.195788", "frame": 76, "mu": [-1.1395498749017274, 1.9798977820761794, 1.2173409816422665], "Sigma": [[0.009761497828354953, -0.0009890174132611506, -0.008614696239846138], [-0.0009890174132611506, 0.004371711978613528, -0.006658290765738539], [-0.008614696239846138, -0.006658290765738539, 0.02838375114391574]], "chi2_level": 0.99, "chi2_df": 3, "chi2_threshold": 11.344866730144373, "N_raw": 81, "N_roi": 81, "N_inlier": 78, "refit": true}
{"timestamp": "17:24:02.249965", "frame": 77, "mu": [-1.2309254887164285, 2.1038697386402507, -0.21933898381956102], "Sigma": [[0.009994858496453735, 0.0028638228479290363, -0.007403739223429171], [0.0028638228479290363, 0.007806855014124789, -0.015381032927650596], [-0.0074037392234291705, -0.015381032927650598, 0.038073349769608474]], "chi2_level": 0.99, "chi2_df": 3, "chi2_threshold": 11.344866730144373, "N_raw": 74, "N_roi": 74, "N_inlier": 72, "refit": true}
{"timestamp": "17:24:02.303672", "frame": 78, "mu": [-1.2728089236272417, 1.962007740416079, 1.0585539618863828], "Sigma": [[0.011848197395092148, 0.0034114125775596424, -0.0219915065588904], [0.003411412577559643, 0.0033008731225068816, -0.015067259760735849], [-0.0219915065588904, -0.015067259760735847, 0.10816432693155548]], "chi2_level": 0.99, "chi2_df": 3, "chi2_threshold": 11.344866730144373, "N_raw": 65, "N_roi": 65, "N_inlier": 64, "refit": true}
{"timestamp": "17:24:02.355136", "frame": 79, "mu": [-1.3980645111915413, 1.903763381617949, 1.108971180687463], "Sigma": [[0.007380534589955106, 0.0034733601144144566, -0.0046445091819628396], [0.003473360114414456, 0.0034434262339376274, -0.005781970981172635], [-0.0046445091819628396, -0.005781970981172635, 0.013191078468073712]], "chi2_level": 0.99, "chi2_df": 3, "chi2_threshold": 11.344866730144373, "N_raw": 40, "N_roi": 40, "N_inlier": 38, "refit": true}
{"timestamp": "17:24:02.408229", "frame": 80, "mu": [-1.4398324373609952, 1.8554551283378211, 1.2193868089533852], "Sigma": [[0.009120330125547653, 0.006660165208918033, -0.027997402760395647], [0.006660165208918033, 0.009683602936310348, -0.02633173927937036], [-0.027997402760395647, -0.026331739279370353, 0.1499802256159383]], "chi2_level": 0.99, "chi2_df": 3, "chi2_threshold": 11.344866730144373, "N_raw": 30, "N_roi": 30, "N_inlier": 29, "refit": true}
{"timestamp": "17:24:02.467422", "frame": 81, "mu": [-1.5466792274939922, 1.8659916595843802, 1.3151156477268988], "Sigma": [[0.013577570954383654, 0.011361424785855643, -0.03130234534435978], [0.011361424785855643, 0.0179682188958282, -0.03209819609149567], [-0.03130234534435978, -0.03209819609149567, 0.16162077856814563]], "chi2_level": 0.99, "chi2_df": 3, "chi2_threshold": 11.344866730144373, "N_raw": 59, "N_roi": 59, "N_inlier": 57, "refit": true}
{"timestamp": "17:24:02.521867", "frame": 82, "mu": [-1.6256912503531682, 1.7948263294702402, 1.41489606331118], "Sigma": [[0.01608002337238373, 0.008801036475962561, -0.016867848254314578], [0.008801036475962563, 0.01584408586465639, -0.02891330460766619], [-0.016867848254314578, -0.02891330460766619, 0.10764302601878048]], "chi2_level": 0.99, "chi2_df": 3, "chi2_threshold": 11.344866730144373, "N_raw": 52, "N_roi": 52, "N_inlier": 50, "refit": true}
{"timestamp": "17:24:02.580199", "frame": 83, "mu": [-1.745839635303203, 1.7025719098322523, 1.4297242656567386], "Sigma": [[0.027412821637903678, 0.02597178543641027, -0.03488730221251275], [0.02597178543641027, 0.030721424687249768, -0.03585629694359867], [-0.03488730221251275, -0.03585629694359867, 0.05815511934022454]], "chi2_level": 0.99, "chi2_df": 3, "chi2_threshold": 11.344866730144373, "N_raw": 81, "N_roi": 81, "N_inlier": 77, "refit": true}
{"timestamp": "17:24:02.632789", "frame": 84, "mu": [-1.8149509903694183, 1.7335173453118748, 1.4919434399916085], "Sigma": [[0.014623386245844265, 0.01228833195242339, -0.01676371996419595], [0.01228833195242339, 0.013774175003584544, -0.019752774562681288], [-0.016763719964195945, -0.019752774562681288, 0.0441234349020126]], "chi2_level": 0.99, "chi2_df": 3, "chi2_threshold": 11.344866730144373, "N_raw": 61, "N_roi": 61, "N_inlier": 58, "refit": true}
{"timestamp": "17:24:02.683001", "frame": 85, "mu": [-1.9551698921189, 1.5336196891647516, 1.4919591895299238], "Sigma": [[0.0122722487911069, 0.007688864362405922, -0.011704319932069118], [0.007688864362405922, 0.011539532218546391, -0.008743712308070691], [-0.011704319932069118, -0.008743712308070691, 0.012773379159610316]], "chi2_level": 0.99, "chi2_df": 3, "chi2_threshold": 11.344866730144373, "N_raw": 32, "N_roi": 32, "N_inlier": 31, "refit": true}
{"timestamp": "17:24:02.742879", "frame": 86, "mu": [-1.998121266224001, 1.6242556461416404, 1.6041797437014609], "Sigma": [[0.01315311834901874, 0.006399124569372806, -0.012537361208486801], [0.006399124569372806, 0.015002882307222472, -0.004389818143129042], [-0.012537361208486801, -0.004389818143129042, 0.017129427610771252]], "chi2_level": 0.99, "chi2_df": 3, "chi2_threshold": 11.344866730144373, "N_raw": 60, "N_roi": 60, "N_inlier": 55, "refit": true}
{"timestamp": "17:24:02.799742", "frame": 87, "mu": [-1.9728921361235774, 1.6523307518229526, 1.240594603686832], "Sigma": [[0.019312166921863865, 0.012824088666887608, -0.0210522783480372], [0.01282408866688761, 0.015773156724340823, -0.019669069850692535], [-0.021052278348037197, -0.019669069850692535, 0.04033015503967978]], "chi2_level": 0.99, "chi2_df": 3, "chi2_threshold": 11.344866730144373, "N_raw": 72, "N_roi": 72, "N_inlier": 71, "refit": true}
{"timestamp": "17:24:02.854751", "frame": 88, "mu": [-2.0584859869107897, 1.5588721418450768, 1.1115828398955676], "Sigma": [[0.02461172900921022, 0.019429833310873355, -0.009341206685158737], [0.019429833310873355, 0.019203239373599607, -0.011281903234738079], [-0.009341206685158737, -0.011281903234738079, 0.009990196437564469]], "chi2_level": 0.99, "chi2_df": 3, "chi2_threshold": 11.344866730144373, "N_raw": 71, "N_roi": 71, "N_inlier": 68, "refit": true}
{"timestamp": "17:24:02.912401", "frame": 89, "mu": [-2.123200955050409, 1.6501493330131252, 1.2404255549122876], "Sigma": [[0.025837025119041526, 0.01993647761896072, -0.0180670664433566], [0.01993647761896072, 0.02033780972732695, -0.020872440617846284], [-0.018067066443356605, -0.020872440617846284, 0.032949368268923376]], "chi2_level": 0.99, "chi2_df": 3, "chi2_threshold": 11.344866730144373, "N_raw": 88, "N_roi": 87, "N_inlier": 85, "refit": true}
{"timestamp": "17:24:02.965959", "frame": 90, "mu": [-2.173861100329758, 1.6501895638300437, 1.311183775817398], "Sigma": [[0.017570882509097527, 0.014945406924580086, -0.013631843961618399], [0.014945406924580084, 0.020677873599241003, -0.021282356681069873], [-0.013631843961618399, -0.021282356681069873, 0.03369330518164576]], "chi2_level": 0.99, "chi2_df": 3, "chi2_threshold": 11.344866730144373, "N_raw": 83, "N_roi": 83, "N_inlier": 81, "refit": true}
{"timestamp": "17:24:03.017776", "frame": 91, "mu": [-2.246536822712008, 1.6024960924576708, 1.30993797599997], "Sigma": [[0.013010224501871252, 0.009801753643911507, -0.004630350408844634], [0.00980175364391151, 0.012084591703380209, -0.007533171916371696], [-0.004630350408844633, -0.007533171916371696, 0.044628607012350885]], "chi2_level": 0.99, "chi2_df": 3, "chi2_threshold": 11.344866730144373, "N_raw": 56, "N_roi": 55, "N_inlier": 54, "refit": true}
{"timestamp": "17:24:03.073734", "frame": 92, "mu": [-2.28385441802951, 1.6144823564852189, 1.1959154650548594], "Sigma": [[0.012005518389775054, 0.00884359519379058, -0.0034264004193789877], [0.00884359519379058, 0.009604973535639258, -0.011252410147150544], [-0.0034264004193789877, -0.011252410147150544, 0.06944178837996563]], "chi2_level": 0.99, "chi2_df": 3, "chi2_threshold": 11.344866730144373, "N_raw": 62, "N_roi": 61, "N_inlier": 61, "refit": true}
{"timestamp": "17:24:03.127564", "frame": 93, "mu": [-2.3201417756804346, 1.5814795294670998, 1.25017770950462], "Sigma": [[0.008638669612656863, 0.005872747134704655, -0.0029463646138181013], [0.005872747134704654, 0.01075386219710705, -0.012959092164230697], [-0.002946364613818101, -0.012959092164230697, 0.03283090533041089]], "chi2_level": 0.99, "chi2_df": 3, "chi2_threshold": 11.344866730144373, "N_raw": 59, "N_roi": 47, "N_inlier": 47, "refit": true}
{"timestamp": "17:24:03.181741", "frame": 94, "mu": [-2.3701622995117826, 1.6124628189740444, 1.4192704507810896], "Sigma": [[0.005964688289416616, 0.004657893297993079, -0.00254288807237758], [0.004657893297993079, 0.009307669718112569, -0.008245045627686043], [-0.0025428880723775806, -0.008245045627686043, 0.01003461821842542]], "chi2_level": 0.99, "chi2_df": 3, "chi2_threshold": 11.344866730144373, "N_raw": 53, "N_roi": 34, "N_inlier": 31, "refit": true}
{"timestamp": "17:24:03.234740", "frame": 95, "mu": [-2.3816076493083154, 1.539782949222237, 1.1850449091728728], "Sigma": [[0.005063085643243529, 0.002740600039081786, -0.0018625512651795594], [0.002740600039081786, 0.0070880510993283985, -0.006092885520411138], [-0.0018625512651795594, -0.006092885520411138, 0.007371562602454065]], "chi2_level": 0.99, "chi2_df": 3, "chi2_threshold": 11.344866730144373, "N_raw": 41, "N_roi": 30, "N_inlier": 29, "refit": true}
{"timestamp": "17:24:03.290427", "frame": 96, "mu": [-2.3871010700341446, 1.5428115290664777, 1.1603058499711791], "Sigma": [[0.0047166827366535565, 0.0027863897939132904, -0.0018802366910059326], [0.0027863897939132904, 0.009775686058617516, -0.007299509091202308], [-0.0018802366910059326, -0.007299509091202307, 0.006640460637289376]], "chi2_level": 0.99, "chi2_df": 3, "chi2_threshold": 11.344866730144373, "N_raw": 49, "N_roi": 31, "N_inlier": 31, "refit": true}
{"timestamp": "17:24:03.345408", "frame": 97, "mu": [-2.4329935515648917, 1.6065076928629267, 1.3333704563592659], "Sigma": [[0.002424856928087608, 0.0006255734221724803, 0.0008832027170693362], [0.0006255734221724801, 0.005419092820489349, -0.006187288156334231], [0.0008832027170693363, -0.006187288156334231, 0.016841961097664816]], "chi2_level": 0.99, "chi2_df": 3, "chi2_threshold": 11.344866730144373, "N_raw": 44, "N_roi": 18, "N_inlier": 18, "refit": true}
{"timestamp": "17:24:03.402241", "frame": 98, "mu": [-2.4395209485154354, 1.5728504793449782, 1.2217033527372843], "Sigma": [[0.0023228353564067163, 0.00015284523792958503, 0.0004335666986764495], [0.00015284523792958503, 0.008820393458499616, -0.007669493068600392], [0.0004335666986764496, -0.007669493068600392, 0.010860892653406928]], "chi2_level": 0.99, "chi2_df": 3, "chi2_threshold": 11.344866730144373, "N_raw": 58, "N_roi": 22, "N_inlier": 21, "refit": true}
{"timestamp": "17:24:03.457542", "frame": 99, "mu": [-2.447572542942181, 1.6174173843706239, 1.1831393866932278], "Sigma": [[0.0015458744425209993, 0.0007962858959891871, 0.00033897321144025605], [0.0007962858959891871, 0.004354078053341616, -0.006127885650377176], [0.00033897321144025583, -0.006127885650377177, 0.012112949554221373]], "chi2_level": 0.99, "chi2_df": 3, "chi2_threshold": 11.344866730144373, "N_raw": 59, "N_roi": 15, "N_inlier": 15, "refit": true}
