{"timestamp": "18:10:47.640703", "frame": 1, "mu": [2.3504385050650445, 4.350408876428074, 1.1069421708775053], "Sigma": [[0.00868792270242101, -0.0050060626315757105, -0.005158271578028929], [-0.0050060626315757105, 0.004695681399533886, 0.0015920820636995672], [-0.005158271578028931, 0.0015920820636995672, 0.007250080854975885]], "chi2_level": 0.95, "chi2_df": 3, "chi2_threshold": 7.814727903251179, "N_raw": 28, "N_roi": 17, "N_inlier": 16, "refit": true}
{"timestamp": "18:10:47.699464", "frame": 2, "mu": [2.3582614652247695, 4.298654814437693, 0.8704939521944639], "Sigma": [[0.007639566704389521, -0.004933393219203747, -0.0028521707827178625], [-0.004933393219203747, 0.005112564365614616, -0.002663421964615521], [-0.002852170782717863, -0.002663421964615521, 0.021775182250970502]], "chi2_level": 0.95, "chi2_df": 3, "chi2_threshold": 7.814727903251179, "N_raw": 50, "N_roi": 24, "N_inlier": 24, "refit": true}
{"timestamp": "18:10:47.758075", "frame": 3, "mu": [2.3646385374986574, 4.346878513193223, 0.9821346398696469], "Sigma": [[0.008922678777142472, -0.0016307767880139779, 0.0007192988592354838], [-0.0016307767880139777, 0.010800901911377982, 0.013187129739671356], [0.0007192988592354837, 0.013187129739671356, 0.017900314137541926]], "chi2_level": 0.95, "chi2_df": 3, "chi2_threshold": 7.814727903251179, "N_raw": 58, "N_roi": 23, "N_inlier": 22, "refit": true}
{"timestamp": "18:10:47.972119", "frame": 7, "mu": [2.4571079965150813, 4.405286544745474, 0.9794260753419464], "Sigma": [[0.0010299823877891888, -0.00041392169327800703, 0.00011448842798154356], [-0.00041392169327800703, 0.001331442662128936, -0.00032532420146927403], [0.00011448842798154358, -0.00032532420146927403, 8.074511354294942e-05]], "chi2_level": 0.95, "chi2_df": 3, "chi2_threshold": 7.814727903251179, "N_raw": 17, "N_roi": 5, "N_inlier": 5, "refit": true}
{"timestamp": "18:10:48.025589", "frame": 8, "mu": [2.0886168886327963, 3.761283239626191, 1.0885371816968559], "Sigma": [[0.5214429690239694, 0.9697452329474391, -0.19363772588170014], [0.969745232947439, 1.814243472732066, -0.3627882611360506], [-0.19363772588170014, -0.3627882611360506, 0.07314018368815213]], "chi2_level": 0.95, "chi2_df": 3, "chi2_threshold": 7.814727903251179, "N_raw": 11, "N_roi": 5, "N_inlier": 5, "refit": true}
{"timestamp": "18:10:48.080669", "frame": 9, "mu": [2.293123426668777, 4.3681475593336065, 0.323828407390629], "Sigma": [[0.0038063882527403056, -0.0019310931092397503, -0.001076703453270521], [-0.0019310931092397503, 0.0038887443214130173, 0.001417266643565735], [-0.001076703453270521, 0.001417266643565735, 0.0006960262737764999]], "chi2_level": 0.95, "chi2_df": 3, "chi2_threshold": 7.814727903251179, "N_raw": 14, "N_roi": 11, "N_inlier": 9, "refit": true}
{"timestamp": "18:10:48.138446", "frame": 10, "mu": [2.370523623730515, 4.372212768753728, 1.0685909473407222], "Sigma": [[0.005655187140301459, 0.00738638004856812, 0.0025220362132133117], [0.00738638004856812, 0.021323634564370753, 0.008732601206299453], [0.0025220362132133117, 0.008732601206299455, 0.005589073776014085]], "chi2_level": 0.95, "chi2_df": 3, "chi2_threshold": 7.814727903251179, "N_raw": 28, "N_roi": 10, "N_inlier": 10, "refit": true}
{"timestamp": "18:10:48.190542", "frame": 11, "mu": [2.352025983623587, 4.36756175375772, 1.0638809707917458], "Sigma": [[0.013367690458918714, 0.00014401903597099008, -0.009662738989205662], [0.00014401903597099008, 0.00017259388200880098, -0.0001347655586826138], [-0.009662738989205664, -0.00013476555868261375, 0.009572106168863738]], "chi2_level": 0.95, "chi2_df": 3, "chi2_threshold": 7.814727903251179, "N_raw": 13, "N_roi": 5, "N_inlier": 5, "refit": true}
{"timestamp": "18:10:48.250370", "frame": 12, "mu": [2.312600322609428, 4.437775281383362, 1.1293600561696648], "Sigma": [[0.010101587726272893, -9.617990514111457e-05, -0.005338169871707937], [-9.617990514111457e-05, 0.007259923602445321, -0.00602711028366084], [-0.005338169871707937, -0.006027110283660842, 0.013675715785185586]], "chi2_level": 0.95, "chi2_df": 3, "chi2_threshold": 7.814727903251179, "N_raw": 35, "N_roi": 24, "N_inlier": 22, "refit": true}
{"timestamp": "18:10:48.301279", "frame": 13, "mu": [2.3302369882410736, 4.558327970642406, 0.17686836801801717], "Sigma": [[0.008975063427739537, 0.005173568013801798, -0.011872866050908367], [0.005173568013801798, 0.003194488771020168, -0.0071482635319764214], [-0.011872866050908367, -0.0071482635319764214, 0.023635499893946067]], "chi2_level": 0.95, "chi2_df": 3, "chi2_threshold": 7.814727903251179, "N_raw": 14, "N_roi": 5, "N_inlier": 5, "refit": true}
{"timestamp": "18:10:48.359246", "frame": 14, "mu": [2.315971826069733, 4.477266416236023, 0.9908323820769507], "Sigma": [[0.014765555996501607, -0.008411841817590377, -0.00672284735699832], [-0.008411841817590377, 0.005711385434314411, 0.00253339138701548], [-0.00672284735699832, 0.00253339138701548, 0.00935092829147056]], "chi2_level": 0.95, "chi2_df": 3, "chi2_threshold": 7.814727903251179, "N_raw": 32, "N_roi": 18, "N_inlier": 17, "refit": true}
{"timestamp": "18:10:48.630395", "frame": 19, "mu": [2.4036965010771993, 4.432997433234031, 0.8480676843393463], "Sigma": [[0.0040877746959189784, -0.003967218238058503, -0.004397603917900925], [-0.003967218238058503, 0.004613606483198285, 0.004549444173147838], [-0.004397603917900925, 0.004549444173147838, 0.005533458400777224]], "chi2_level": 0.95, "chi2_df": 3, "chi2_threshold": 7.814727903251179, "N_raw": 13, "N_roi": 6, "N_inlier": 6, "refit": true}
{"timestamp": "18:10:48.799009", "frame": 22, "mu": [2.299678961557787, 4.512452934057733, 0.29672791542996535], "Sigma": [[0.02043887014481549, -0.008960165533524772, -0.010229974458361699], [-0.008960165533524772, 0.007725431167576712, 0.009004413562748613], [-0.010229974458361699, 0.009004413562748614, 0.013646950265814587]], "chi2_level": 0.95, "chi2_df": 3, "chi2_threshold": 7.814727903251179, "N_raw": 36, "N_roi": 30, "N_inlier": 30, "refit": true}
{"timestamp": "18:10:48.908369", "frame": 24, "mu": [2.305441810907233, 4.4472232811958605, 1.1543497195223262], "Sigma": [[0.01122053788082839, -0.003519537435674535, -4.446252326313086e-05], [-0.003519537435674535, 0.004145220383935962, 0.0004517027021496755], [-4.4462523263130846e-05, 0.0004517027021496755, 0.00023629365304747734]], "chi2_level": 0.95, "chi2_df": 3, "chi2_threshold": 7.814727903251179, "N_raw": 27, "N_roi": 21, "N_inlier": 19, "refit": true}
{"timestamp": "18:10:49.070821", "frame": 27, "mu": [2.2390565346739053, 4.480444753651604, 1.2746249036517978], "Sigma": [[0.0030111073645709852, -0.00022111784034525958, -0.0014944331012470588], [-0.00022111784034525958, 0.005765050668900858, 0.005790477095209506], [-0.0014944331012470586, 0.005790477095209506, 0.008153773430770108]], "chi2_level": 0.95, "chi2_df": 3, "chi2_threshold": 7.814727903251179, "N_raw": 14, "N_roi": 8, "N_inlier": 8, "refit": true}
{"timestamp": "18:10:49.130046", "frame": 28, "mu": [2.369868663937954, 4.607684877547989, 1.1772177837692128], "Sigma": [[0.009952887487216108, 0.014663950968559524, 0.006224223483406474], [0.014663950968559524, 0.025614491590826616, 0.013576449370286226], [0.006224223483406474, 0.013576449370286226, 0.011488875470803413]], "chi2_level": 0.95, "chi2_df": 3, "chi2_threshold": 7.814727903251179, "N_raw": 35, "N_roi": 8, "N_inlier": 8, "refit": true}
{"timestamp": "18:10:49.678936", "frame": 38, "mu": [1.9450282650255744, 4.378674885566723, 0.9949410364967028], "Sigma": [[0.02447367968673262, -0.01114190371483101, -0.005117783371441625], [-0.011141903714831012, 0.006805915013099201, 0.001861112916405588], [-0.005117783371441626, 0.0018611129164055884, 0.003121389861106759]], "chi2_level": 0.95, "chi2_df": 3, "chi2_threshold": 7.814727903251179, "N_raw": 30, "N_roi": 26, "N_inlier": 25, "refit": true}
{"timestamp": "18:10:49.733065", "frame": 39, "mu": [1.9707119699835889, 4.343855645970291, 0.9007544309208567], "Sigma": [[0.024386874705837815, -0.013223460711773488, -0.009254968364762972], [-0.01322346071177349, 0.008715656351414653, 0.0042553089186430516], [-0.009254968364762972, 0.0042553089186430516, 0.006242316058474655]], "chi2_level": 0.95, "chi2_df": 3, "chi2_threshold": 7.814727903251179, "N_raw": 26, "N_roi": 26, "N_inlier": 25, "refit": true}
{"timestamp": "18:10:49.789830", "frame": 40, "mu": [1.9300818165599871, 4.385641742627241, 1.0171997716718635], "Sigma": [[0.019195011372843705, -0.009234770262647247, -0.003495116785498588], [-0.009234770262647247, 0.010977712496354196, 0.004989373445060677], [-0.0034951167854985884, 0.004989373445060677, 0.004959775830416987]], "chi2_level": 0.95, "chi2_df": 3, "chi2_threshold": 7.814727903251179, "N_raw": 42, "N_roi": 39, "N_inlier": 37, "refit": true}
{"timestamp": "18:10:49.846992", "frame": 41, "mu": [1.9335914544026616, 4.376263650004912, 1.0067026826579457], "Sigma": [[0.028812307724903237, -0.013814983682375659, -0.010504170977347559], [-0.01381498368237566, 0.01025161209623275, 0.002446546230212492], [-0.010504170977347557, 0.002446546230212492, 0.009731778816578968]], "chi2_level": 0.95, "chi2_df": 3, "chi2_threshold": 7.814727903251179, "N_raw": 51, "N_roi": 47, "N_inlier": 45, "refit": true}
{"timestamp": "18:10:49.901063", "frame": 42, "mu": [1.8560194697898478, 4.4052428249216256, 0.9151978869614268], "Sigma": [[0.018676002058939913, -0.007490427772655343, -0.008262720616242603], [-0.0074904277726553425, 0.00806611215300561, 0.002234425865483657], [-0.008262720616242603, 0.002234425865483657, 0.005573960461732105]], "chi2_level": 0.95, "chi2_df": 3, "chi2_threshold": 7.814727903251179, "N_raw": 48, "N_roi": 43, "N_inlier": 41, "refit": true}
{"timestamp": "18:10:50.009351", "frame": 44, "mu": [1.7871292022356902, 4.414802567469724, 1.0020055784257622], "Sigma": [[0.016300230667613016, -0.008103037368281944, -0.005880582451780695], [-0.008103037368281944, 0.006632200806459818, 0.0008591488438678796], [-0.005880582451780695, 0.0008591488438678798, 0.009853283010313003]], "chi2_level": 0.95, "chi2_df": 3, "chi2_threshold": 7.814727903251179, "N_raw": 36, "N_roi": 33, "N_inlier": 31, "refit": true}
{"timestamp": "18:10:50.062641", "frame": 45, "mu": [1.7439331244091536, 4.41277233544875, 0.8045695587183976], "Sigma": [[0.010997949156353663, -0.006599399307486901, -0.008416867374152277], [-0.006599399307486903, 0.004558752647555694, 0.008680227848574792], [-0.008416867374152277, 0.008680227848574792, 0.05464638260006566]], "chi2_level": 0.95, "chi2_df": 3, "chi2_threshold": 7.814727903251179, "N_raw": 22, "N_roi": 20, "N_inlier": 18, "refit": true}
{"timestamp": "18:10:50.170507", "frame": 47, "mu": [1.693319344933415, 4.392283525021563, 0.7888950794033954], "Sigma": [[0.01390513058461452, -0.004854929364669143, -0.0001698079999850498], [-0.004854929364669143, 0.0017426277225906027, -0.0005940240113200984], [-0.0001698079999850498, -0.0005940240113200984, 0.010067678169369989]], "chi2_level": 0.95, "chi2_df": 3, "chi2_threshold": 7.814727903251179, "N_raw": 15, "N_roi": 15, "N_inlier": 12, "refit": true}
{"timestamp": "18:10:50.281621", "frame": 49, "mu": [1.5596796394641406, 4.383780153094272, 0.9434158353331338], "Sigma": [[0.02386241599613065, -0.009281858411516717, -0.009864440398991507], [-0.009281858411516717, 0.005488719767932352, 0.004129986023250376], [-0.009864440398991507, 0.004129986023250376, 0.006473924891252872]], "chi2_level": 0.95, "chi2_df": 3, "chi2_threshold": 7.814727903251179, "N_raw": 23, "N_roi": 23, "N_inlier": 23, "refit": true}
{"timestamp": "18:10:50.338695", "frame": 50, "mu": [1.5374888034547576, 4.328526150944917, 0.8386626141696201], "Sigma": [[0.02637450420864993, -0.012414391902551884, -0.009719853823801505], [-0.012414391902551884, 0.008945940444667585, 0.0031617476090373096], [-0.009719853823801507, 0.0031617476090373096, 0.005867509964492108]], "chi2_level": 0.95, "chi2_df": 3, "chi2_threshold": 7.814727903251179, "N_raw": 36, "N_roi": 36, "N_inlier": 36, "refit": true}
{"timestamp": "18:10:50.392233", "frame": 51, "mu": [1.541619474797838, 4.452431878138744, -0.02648507207203421], "Sigma": [[0.01463512497446678, -0.004685807575824734, -0.0034030998691254024], [-0.004685807575824734, 0.0035725565513153694, -0.00029540652269575437], [-0.0034030998691254024, -0.00029540652269575437, 0.0029809998120868954]], "chi2_level": 0.95, "chi2_df": 3, "chi2_threshold": 7.814727903251179, "N_raw": 18, "N_roi": 18, "N_inlier": 18, "refit": true}
{"timestamp": "18:10:50.445833", "frame": 52, "mu": [1.5694589560061916, 4.40366254923447, -0.13400085349344176], "Sigma": [[0.00826807810135258, -0.004787381869671772, -0.005878790707245479], [-0.004787381869671772, 0.005920578063564161, 0.004580869370934601], [-0.005878790707245479, 0.004580869370934601, 0.00611691714223476]], "chi2_level": 0.95, "chi2_df": 3, "chi2_threshold": 7.814727903251179, "N_raw": 17, "N_roi": 17, "N_inlier": 16, "refit": true}
{"timestamp": "18:10:50.502605", "frame": 53, "mu": [1.3817462415428476, 4.303434637971192, 0.901265702733304], "Sigma": [[0.017518037981988005, -0.009032731060925787, -0.012080859492464919], [-0.009032731060925787, 0.007504253376571462, 0.006775583083714641], [-0.012080859492464919, 0.006775583083714641, 0.010580443177844318]], "chi2_level": 0.95, "chi2_df": 3, "chi2_threshold": 7.814727903251179, "N_raw": 27, "N_roi": 25, "N_inlier": 24, "refit": true}
{"timestamp": "18:10:50.560669", "frame": 54, "mu": [1.3005097522551465, 4.31899528132051, 1.0555090068698103], "Sigma": [[0.021158241633990583, -0.007660561454204591, -0.009356671188135064], [-0.00766056145420459, 0.0063881653521845215, 0.004391964907456001], [-0.009356671188135064, 0.004391964907456001, 0.005713771705249111]], "chi2_level": 0.95, "chi2_df": 3, "chi2_threshold": 7.814727903251179, "N_raw": 37, "N_roi": 34, "N_inlier": 33, "refit": true}
{"timestamp": "18:10:50.609729", "frame": 55, "mu": [1.3047294160998655, 4.281157448969273, 0.9403376682716801], "Sigma": [[0.005638649029142776, -0.005465464755020197, -0.003645290397170797], [-0.005465464755020198, 0.01063443829135678, 0.0001578251337665907], [-0.003645290397170797, 0.00015782513376659047, 0.005093440343265641]], "chi2_level": 0.95, "chi2_df": 3, "chi2_threshold": 7.814727903251179, "N_raw": 6, "N_roi": 5, "N_inlier": 5, "refit": true}
{"timestamp": "18:10:50.665022", "frame": 56, "mu": [1.1948364123570099, 4.291375465561353, 0.794357140932466], "Sigma": [[0.008582351830157762, 0.005070309327892026, -0.0027234454780397724], [0.005070309327892026, 0.003239384354170971, -0.0014947621404901466], [-0.0027234454780397724, -0.0014947621404901466, 0.0009195753634156879]], "chi2_level": 0.95, "chi2_df": 3, "chi2_threshold": 7.814727903251179, "N_raw": 7, "N_roi": 5, "N_inlier": 5, "refit": true}
{"timestamp": "18:10:50.781625", "frame": 58, "mu": [1.1467120639279054, 4.337206520227633, 0.9229685386867706], "Sigma": [[0.018326633510864325, -0.006134153306775892, -0.006388550878540037], [-0.006134153306775893, 0.006957395723973227, -0.002469413661671958], [-0.006388550878540037, -0.002469413661671958, 0.008991527879545892]], "chi2_level": 0.95, "chi2_df": 3, "chi2_threshold": 7.814727903251179, "N_raw": 51, "N_roi": 51, "N_inlier": 50, "refit": true}
{"timestamp": "18:10:50.836537", "frame": 59, "mu": [1.0994271618424971, 4.442801758854559, 0.11016253203311124], "Sigma": [[0.01419708940828335, -0.0022530960719419056, -0.003195606859347067], [-0.002253096071941905, 0.005821547389640257, -0.0013685502983291572], [-0.003195606859347067, -0.0013685502983291572, 0.0030068473457062392]], "chi2_level": 0.95, "chi2_df": 3, "chi2_threshold": 7.814727903251179, "N_raw": 42, "N_roi": 42, "N_inlier": 38, "refit": true}
{"timestamp": "18:10:50.890775", "frame": 60, "mu": [0.9975601916488342, 4.40159180079016, 0.67031166213373], "Sigma": [[0.044502358096714226, -0.019954839058695002, 0.05162907765918973], [-0.019954839058695002, 0.012803242235520252, -0.0348722712069367], [0.05162907765918974, -0.0348722712069367, 0.13349140282466565]], "chi2_level": 0.95, "chi2_df": 3, "chi2_threshold": 7.814727903251179, "N_raw": 48, "N_roi": 47, "N_inlier": 46, "refit": true}
{"timestamp": "18:10:50.942540", "frame": 61, "mu": [1.0130532673839667, 4.350172430346974, 0.871451378048121], "Sigma": [[0.01081939120845794, -0.007150668618310341, 0.015718622217486038], [-0.007150668618310341, 0.010183491761206972, -0.02423062927628778], [0.015718622217486038, -0.02423062927628778, 0.09443563788472611]], "chi2_level": 0.95, "chi2_df": 3, "chi2_threshold": 7.814727903251179, "N_raw": 16, "N_roi": 14, "N_inlier": 14, "refit": true}
{"timestamp": "18:10:50.996648", "frame": 62, "mu": [0.8873959066056892, 4.415280277036494, 0.6605707271555618], "Sigma": [[0.012050458267010289, -0.009368454760628583, 0.04558991690293271], [-0.009368454760628583, 0.0163884537115263, -0.05420779880467538], [0.045589916902932716, -0.05420779880467538, 0.2657823003474223]], "chi2_level": 0.95, "chi2_df": 3, "chi2_threshold": 7.814727903251179, "N_raw": 16, "N_roi": 7, "N_inlier": 7, "refit": true}
{"timestamp": "18:10:51.055262", "frame": 63, "mu": [0.9118715712201508, 4.325175227951882, 1.0484884891697004], "Sigma": [[0.023211066006696687, -0.005109610296644647, -0.010786322587169168], [-0.005109610296644647, 0.005517237630232455, 0.0024203738031543104], [-0.010786322587169168, 0.0024203738031543104, 0.006566081037048096]], "chi2_level": 0.95, "chi2_df": 3, "chi2_threshold": 7.814727903251179, "N_raw": 45, "N_roi": 45, "N_inlier": 44, "refit": true}
{"timestamp": "18:10:51.111558", "frame": 64, "mu": [0.8759613148139891, 4.28836561696452, 0.9973837227697253], "Sigma": [[0.022131557674401156, -0.006856188848778699, -0.01258998012855398], [-0.006856188848778699, 0.00487384007329076, 0.002960653212734584], [-0.01258998012855398, 0.002960653212734584, 0.009604694519605843]], "chi2_level": 0.95, "chi2_df": 3, "chi2_threshold": 7.814727903251179, "N_raw": 43, "N_roi": 41, "N_inlier": 37, "refit": true}
{"timestamp": "18:10:51.166802", "frame": 65, "mu": [0.8398096272434372, 4.293355575932403, 0.9316370555025804], "Sigma": [[0.028041014431903856, -0.017070896773375983, -0.026234546145939123], [-0.017070896773375983, 0.015494642796817178, 0.017592347554087843], [-0.026234546145939126, 0.017592347554087843, 0.02681610062143699]], "chi2_level": 0.95, "chi2_df": 3, "chi2_threshold": 7.814727903251179, "N_raw": 52, "N_roi": 49, "N_inlier": 47, "refit": true}
{"timestamp": "18:10:51.224960", "frame": 66, "mu": [0.8387398834628282, 4.283095994971164, 0.841780635687525], "Sigma": [[0.024795382878730923, -0.009158743651069258, -0.014624592023097533], [-0.009158743651069258, 0.015796504410038374, 0.008026785425875649], [-0.014624592023097533, 0.008026785425875649, 0.010740156525210346]], "chi2_level": 0.95, "chi2_df": 3, "chi2_threshold": 7.814727903251179, "N_raw": 72, "N_roi": 71, "N_inlier": 70, "refit": true}
{"timestamp": "18:10:51.279095", "frame": 67, "mu": [0.759979133387612, 4.323453564547074, 0.8109701655018928], "Sigma": [[0.027549555392547682, -0.011461814050700797, -0.013740424907610934], [-0.011461814050700797, 0.012509366937278613, 0.004443193488496106], [-0.013740424907610934, 0.004443193488496107, 0.009203712425104078]], "chi2_level": 0.95, "chi2_df": 3, "chi2_threshold": 7.814727903251179, "N_raw": 68, "N_roi": 66, "N_inlier": 63, "refit": true}
{"timestamp": "18:10:51.329259", "frame": 68, "mu": [0.6562181900235124, 4.337149607696737, 1.0588216176736527], "Sigma": [[0.016449209593021617, -0.0032548852752870014, -0.009395403283620906], [-0.0032548852752870014, 0.0032279380321933154, 0.002044514768521238], [-0.009395403283620908, 0.002044514768521238, 0.006626094801725016]], "chi2_level": 0.95, "chi2_df": 3, "chi2_threshold": 7.814727903251179, "N_raw": 34, "N_roi": 31, "N_inlier": 29, "refit": true}
{"timestamp": "18:10:51.385874", "frame": 69, "mu": [0.6334537413942803, 4.344907572856094, 1.0614930863938683], "Sigma": [[0.024674280101144717, -0.005617740178563356, -0.010446573582871026], [-0.005617740178563356, 0.004958064121416289, 0.0022443028401006567], [-0.010446573582871026, 0.0022443028401006567, 0.006426976704956088]], "chi2_level": 0.95, "chi2_df": 3, "chi2_threshold": 7.814727903251179, "N_raw": 45, "N_roi": 42, "N_inlier": 41, "refit": true}
{"timestamp": "18:10:51.444564", "frame": 70, "mu": [0.5774061770531772, 4.323858258551414, 1.0770089761732993], "Sigma": [[0.03064221959363591, -0.005970298229546975, -0.011710446237064197], [-0.005970298229546975, 0.006091855909342905, 0.0021022007906582457], [-0.0117104462370642, 0.0021022007906582457, 0.005933602337299816]], "chi2_level": 0.95, "chi2_df": 3, "chi2_threshold": 7.814727903251179, "N_raw": 65, "N_roi": 58, "N_inlier": 55, "refit": true}
{"timestamp": "18:10:51.495426", "frame": 71, "mu": [0.4141469926873347, 4.364373368777939, 1.1104484645107262], "Sigma": [[0.007047696332448808, -0.0019088869974474144, -0.0035240788340891757], [-0.0019088869974474144, 0.0041667267858171205, 0.002030193812997844], [-0.0035240788340891753, 0.0020301938129978435, 0.003404119629598888]], "chi2_level": 0.95, "chi2_df": 3, "chi2_threshold": 7.814727903251179, "N_raw": 40, "N_roi": 16, "N_inlier": 16, "refit": true}
{"timestamp": "18:10:51.548992", "frame": 72, "mu": [0.4460776093988195, 4.416585186885531, 0.2279480456130977], "Sigma": [[0.023446097684452303, -0.0018509932653940518, -0.010366730420433817], [-0.0018509932653940518, 0.0023542194539304976, 0.0005613284341071047], [-0.010366730420433819, 0.0005613284341071048, 0.005947953777364212]], "chi2_level": 0.95, "chi2_df": 3, "chi2_threshold": 7.814727903251179, "N_raw": 34, "N_roi": 34, "N_inlier": 31, "refit": true}
{"timestamp": "18:10:51.602902", "frame": 73, "mu": [0.43529745954222326, 4.397949134283159, 1.0255736398370263], "Sigma": [[0.013194083098904621, -0.003808302813755207, -0.0052869845015608465], [-0.003808302813755207, 0.004231330083849133, -0.0036734348278815217], [-0.0052869845015608465, -0.0036734348278815217, 0.014127670816919137]], "chi2_level": 0.95, "chi2_df": 3, "chi2_threshold": 7.814727903251179, "N_raw": 27, "N_roi": 25, "N_inlier": 23, "refit": true}
{"timestamp": "18:10:51.660086", "frame": 74, "mu": [0.4264021519935484, 4.313551750254223, 0.997877116320362], "Sigma": [[0.016337992292551715, -0.004110307926426395, -0.006651730125775404], [-0.004110307926426395, 0.002492435229012829, -0.0005763732639300093], [-0.006651730125775403, -0.0005763732639300091, 0.013981859191408767]], "chi2_level": 0.95, "chi2_df": 3, "chi2_threshold": 7.814727903251179, "N_raw": 34, "N_roi": 30, "N_inlier": 28, "refit": true}
{"timestamp": "18:10:51.718754", "frame": 75, "mu": [0.3451523884615704, 4.331048010877072, 1.0061981485454634], "Sigma": [[0.02793853477147182, -0.004564153955759744, -0.012828899118636175], [-0.004564153955759744, 0.003702497828457469, -0.0023120504502703748], [-0.012828899118636175, -0.0023120504502703748, 0.014760079965485383]], "chi2_level": 0.95, "chi2_df": 3, "chi2_threshold": 7.814727903251179, "N_raw": 61, "N_roi": 56, "N_inlier": 54, "refit": true}
{"timestamp": "18:10:51.772287", "frame": 76, "mu": [0.27715888831589014, 4.350163841998907, 1.1072046793479782], "Sigma": [[0.019147923017663087, -0.0032136120862357315, -0.00821804053519007], [-0.0032136120862357315, 0.0045389190440890655, 0.00020432003231536888], [-0.00821804053519007, 0.00020432003231536877, 0.006027920436810341]], "chi2_level": 0.95, "chi2_df": 3, "chi2_threshold": 7.814727903251179, "N_raw": 54, "N_roi": 42, "N_inlier": 41, "refit": true}
{"timestamp": "18:10:51.821999", "frame": 77, "mu": [0.17793218016962037, 4.356163191203631, 1.136150177295304], "Sigma": [[0.0039887383474062265, 0.0007448285968044399, -0.001348534163864613], [0.0007448285968044399, 0.001441676473082093, -0.0003588421243890615], [-0.001348534163864613, -0.0003588421243890615, 0.0005743050816606586]], "chi2_level": 0.95, "chi2_df": 3, "chi2_threshold": 7.814727903251179, "N_raw": 18, "N_roi": 11, "N_inlier": 10, "refit": true}
{"timestamp": "18:10:51.884399", "frame": 78, "mu": [0.16674263737318448, 4.3052055840667105, 1.0078496711921103], "Sigma": [[0.025488817629298617, -0.004686464407530579, -0.007679887089449944], [-0.004686464407530578, 0.0053305624351170115, -0.0036296180163066655], [-0.007679887089449944, -0.0036296180163066655, 0.010463981883190362]], "chi2_level": 0.95, "chi2_df": 3, "chi2_threshold": 7.814727903251179, "N_raw": 67, "N_roi": 64, "N_inlier": 60, "refit": true}
{"timestamp": "18:10:51.934901", "frame": 79, "mu": [0.11409934457550869, 4.381035375058408, 1.0096875409763526], "Sigma": [[0.017322260925506767, -0.0055021669725292275, -0.0033411772962996774], [-0.005502166972529228, 0.006030172378399251, -0.00595778724311524], [-0.003341177296299677, -0.005957787243115241, 0.020361773616605936]], "chi2_level": 0.95, "chi2_df": 3, "chi2_threshold": 7.814727903251179, "N_raw": 27, "N_roi": 26, "N_inlier": 24, "refit": true}
{"timestamp": "18:10:51.992081", "frame": 80, "mu": [0.09530566577726396, 4.294417781878601, 1.0540661009878334], "Sigma": [[0.025264888652273856, -0.0021472067943817804, -0.00835707795786798], [-0.0021472067943817804, 0.003696296811753272, -0.0026692849572302123], [-0.00835707795786798, -0.0026692849572302123, 0.008118864397650702]], "chi2_level": 0.95, "chi2_df": 3, "chi2_threshold": 7.814727903251179, "N_raw": 53, "N_roi": 53, "N_inlier": 51, "refit": true}
{"timestamp": "18:10:52.039862", "frame": 81, "mu": [0.07324760074005295, 4.2451034431807555, 0.9878387414772886], "Sigma": [[0.0009011511294068831, -0.0012715786602761855, 0.00017143875769579247], [-0.0012715786602761853, 0.006788317450465937, -0.0008763775151773741], [0.00017143875769579247, -0.0008763775151773741, 0.0003820790173017264]], "chi2_level": 0.95, "chi2_df": 3, "chi2_threshold": 7.814727903251179, "N_raw": 5, "N_roi": 5, "N_inlier": 5, "refit": true}
{"timestamp": "18:10:52.097618", "frame": 82, "mu": [-0.002920042519374028, 4.201460893017396, 1.0083463124010037], "Sigma": [[0.01915353529217879, 0.00023164372607433132, -5.455420813423716e-05], [0.0002316437260743312, 0.0021109235790036816, -0.0004980165274841408], [-5.455420813423716e-05, -0.0004980165274841408, 0.0001185547747953049]], "chi2_level": 0.95, "chi2_df": 3, "chi2_threshold": 7.814727903251179, "N_raw": 30, "N_roi": 30, "N_inlier": 29, "refit": true}
{"timestamp": "18:10:52.156084", "frame": 83, "mu": [-0.04171980689344393, 4.184587633557991, 1.0303458872090627], "Sigma": [[0.030429718415032947, 0.0006154627742558102, -0.0030438962544671413], [0.0006154627742558103, 0.003688321750525413, 0.0009267926469622123], [-0.0030438962544671413, 0.0009267926469622123, 0.0019949361254382827]], "chi2_level": 0.95, "chi2_df": 3, "chi2_threshold": 7.814727903251179, "N_raw": 47, "N_roi": 47, "N_inlier": 45, "refit": true}
{"timestamp": "18:10:52.212438", "frame": 84, "mu": [-0.0740563437309532, 4.157072881341777, 1.001042774089091], "Sigma": [[0.027620519500643058, -0.0026609819153521792, -0.013783817940621473], [-0.0026609819153521792, 0.005650044961218255, 0.0024027903745020823], [-0.013783817940621473, 0.0024027903745020823, 0.008678421654404562]], "chi2_level": 0.95, "chi2_df": 3, "chi2_threshold": 7.814727903251179, "N_raw": 54, "N_roi": 54, "N_inlier": 53, "refit": true}
{"timestamp": "18:10:52.315318", "frame": 86, "mu": [-0.22681501798299522, 4.329626373583356, 0.9359327914741432], "Sigma": [[0.004236608651625089, -0.006811900309265635, 0.0255276898550121], [-0.006811900309265635, 0.012331159190452131, -0.03849435465043353], [0.025527689855012095, -0.03849435465043353, 0.1890864205488644]], "chi2_level": 0.95, "chi2_df": 3, "chi2_threshold": 7.814727903251179, "N_raw": 9, "N_roi": 8, "N_inlier": 7, "refit": true}
{"timestamp": "18:10:52.376219", "frame": 87, "mu": [-0.21978269205953563, 4.212335060370826, 1.1021251738593707], "Sigma": [[0.027947197227971336, -0.003920552974191612, -0.013861211567607714], [-0.003920552974191612, 0.005352891543329059, 0.0021132742918864075], [-0.013861211567607714, 0.0021132742918864075, 0.008130067299507389]], "chi2_level": 0.95, "chi2_df": 3, "chi2_threshold": 7.814727903251179, "N_raw": 52, "N_roi": 52, "N_inlier": 51, "refit": true}
{"timestamp": "18:10:52.431037", "frame": 88, "mu": [-0.27077978741355074, 4.20655959021215, 1.0288270392487968], "Sigma": [[0.019975286629125334, -0.0013450631774845298, -0.0038861000076188135], [-0.0013450631774845295, 0.004260490082939145, -0.0015932331796257601], [-0.0038861000076188135, -0.0015932331796257601, 0.003432865631614099]], "chi2_level": 0.95, "chi2_df": 3, "chi2_threshold": 7.814727903251179, "N_raw": 49, "N_roi": 49, "N_inlier": 46, "refit": true}
{"timestamp": "18:10:52.483846", "frame": 89, "mu": [-0.3541282188219467, 4.250543849710855, 1.1412418928109649], "Sigma": [[0.025781763417617405, -0.0012556452940395662, -0.01743457723192613], [-0.001255645294039566, 0.001961366653991522, -0.0008257104923518113], [-0.01743457723192613, -0.0008257104923518111, 0.014726632585074055]], "chi2_level": 0.95, "chi2_df": 3, "chi2_threshold": 7.814727903251179, "N_raw": 37, "N_roi": 37, "N_inlier": 35, "refit": true}
{"timestamp": "18:10:52.539249", "frame": 90, "mu": [-0.3758588871382836, 4.241062721227067, 1.1113733058081694], "Sigma": [[0.016604590111098827, -0.0010657960889615824, -0.009495085533125681], [-0.0010657960889615824, 0.002800808240517022, 0.0005581944334209585], [-0.009495085533125681, 0.0005581944334209583, 0.006949382833900896]], "chi2_level": 0.95, "chi2_df": 3, "chi2_threshold": 7.814727903251179, "N_raw": 32, "N_roi": 32, "N_inlier": 30, "refit": true}
{"timestamp": "18:10:52.594827", "frame": 91, "mu": [-0.5225714996105297, 4.318487874150409, 1.2320924799375657], "Sigma": [[0.023661981294303313, -0.0009309047271000495, -0.012288305770216888], [-0.0009309047271000497, 0.002839207220343324, -0.0005155478477366464], [-0.01228830577021689, -0.0005155478477366465, 0.007753870421693824]], "chi2_level": 0.95, "chi2_df": 3, "chi2_threshold": 7.814727903251179, "N_raw": 38, "N_roi": 38, "N_inlier": 34, "refit": true}
{"timestamp": "18:10:52.644892", "frame": 92, "mu": [-0.5504026831551272, 4.314299931698848, 1.1806123770294044], "Sigma": [[0.006132759989140801, -0.007331147015014976, -0.007293044687639895], [-0.007331147015014977, 0.009383035338903755, 0.009122887184578512], [-0.007293044687639894, 0.009122887184578512, 0.009483566465112416]], "chi2_level": 0.95, "chi2_df": 3, "chi2_threshold": 7.814727903251179, "N_raw": 6, "N_roi": 6, "N_inlier": 5, "refit": true}
{"timestamp": "18:10:52.702865", "frame": 93, "mu": [-0.5221215830042367, 4.258673251176119, 1.0875741064934632], "Sigma": [[0.014557207847358198, 0.0005016584516615734, -0.004711673943266676], [0.0005016584516615735, 0.0007243570840000498, -0.0018660341709697478], [-0.004711673943266676, -0.0018660341709697478, 0.01084809454961523]], "chi2_level": 0.95, "chi2_df": 3, "chi2_threshold": 7.814727903251179, "N_raw": 25, "N_roi": 23, "N_inlier": 19, "refit": true}
{"timestamp": "18:10:52.754419", "frame": 94, "mu": [-0.6006268266432575, 4.255235980624601, 0.8651319479952861], "Sigma": [[0.0007489708995489112, 0.0017004795928535692, -0.004667943976601778], [0.0017004795928535694, 0.0047611780991131955, -0.011690575881343243], [-0.004667943976601776, -0.011690575881343241, 0.03647750799441986]], "chi2_level": 0.95, "chi2_df": 3, "chi2_threshold": 7.814727903251179, "N_raw": 7, "N_roi": 6, "N_inlier": 6, "refit": true}
{"timestamp": "18:10:52.814159", "frame": 95, "mu": [-0.6747885376689075, 4.304204413680932, 0.18554858181541262], "Sigma": [[0.024950235356977324, 0.003983197842780962, -0.009363272449172578], [0.003983197842780962, 0.0032663015040487247, -0.0010623303885763588], [-0.009363272449172578, -0.0010623303885763588, 0.004909127635312405]], "chi2_level": 0.95, "chi2_df": 3, "chi2_threshold": 7.814727903251179, "N_raw": 41, "N_roi": 38, "N_inlier": 34, "refit": true}
{"timestamp": "18:10:52.865881", "frame": 96, "mu": [-0.7287094215425167, 4.231142068528164, 1.121202997140963], "Sigma": [[0.010419189568418625, 0.0005220075978310635, 0.004646956620894847], [0.0005220075978310634, 0.0011230120599090327, -0.0029594573014594646], [0.004646956620894846, -0.0029594573014594646, 0.01987367891757029]], "chi2_level": 0.95, "chi2_df": 3, "chi2_threshold": 7.814727903251179, "N_raw": 13, "N_roi": 13, "N_inlier": 12, "refit": true}
{"timestamp": "18:10:52.923807", "frame": 97, "mu": [-0.7667029208480524, 4.281303276801216, 0.6786719774257377], "Sigma": [[0.013250223470274247, 0.0016877463853069439, 0.005433792474828126], [0.001687746385306944, 0.0014024496329792158, 0.002424361131745877], [0.005433792474828126, 0.002424361131745877, 0.18256811563037087]], "chi2_level": 0.95, "chi2_df": 3, "chi2_threshold": 7.814727903251179, "N_raw": 34, "N_roi": 34, "N_inlier": 33, "refit": true}
{"timestamp": "18:10:52.983619", "frame": 98, "mu": [-0.8340930875501504, 4.257826547055812, 0.9043942636499762], "Sigma": [[0.03318986148749192, -0.004817197849602023, -0.0017496939522068133], [-0.004817197849602023, 0.007743087785025324, -0.01246928473002928], [-0.0017496939522068137, -0.01246928473002928, 0.027279553080348448]], "chi2_level": 0.95, "chi2_df": 3, "chi2_threshold": 7.814727903251179, "N_raw": 67, "N_roi": 63, "N_inlier": 60, "refit": true}
{"timestamp": "18:10:53.035271", "frame": 99, "mu": [-1.085973643000409, 4.456757551226857, 0.8340529279341983], "Sigma": [[0.024139691058015663, 0.001110477501053762, -0.009766183978316821], [0.0011104775010537615, 0.003552283434018577, -0.0039532811061795525], [-0.009766183978316821, -0.0039532811061795525, 0.009783732419833257]], "chi2_level": 0.95, "chi2_df": 3, "chi2_threshold": 7.814727903251179, "N_raw": 39, "N_roi": 38, "N_inlier": 34, "refit": true}
{"timestamp": "18:10:53.162004", "frame": 100, "mu": [-0.9998296200456438, 4.297178491679885, 0.7031084168687679], "Sigma": [[0.04478921676240556, -0.01443471528126777, 0.05702273122791657], [-0.01443471528126777, 0.005869843885574392, -0.015842611071622346], [0.05702273122791657, -0.015842611071622346, 0.10388477179259299]], "chi2_level": 0.95, "chi2_df": 3, "chi2_threshold": 7.814727903251179, "N_raw": 8, "N_roi": 6, "N_inlier": 6, "refit": true}
{"timestamp": "18:10:53.176045", "frame": 101, "mu": [-1.028789915856619, 4.2733399487174095, 0.6390874942323259], "Sigma": [[0.017904800250890397, -0.00691542774537583, 0.03243076543925602], [-0.00691542774537583, 0.0052652886475410745, -0.015263232388922835], [0.03243076543925602, -0.015263232388922835, 0.06731473352363984]], "chi2_level": 0.95, "chi2_df": 3, "chi2_threshold": 7.814727903251179, "N_raw": 5, "N_roi": 5, "N_inlier": 5, "refit": true}
{"timestamp": "18:10:53.205726", "frame": 102, "mu": [-1.139097532872997, 4.261287839538274, 0.871516753428833], "Sigma": [[0.02429992541949786, -0.0007698248486131044, 0.07223483983011807], [-0.0007698248486131044, 0.0030784784007610263, -0.0035460620937849637], [0.07223483983011808, -0.0035460620937849616, 0.2159046928674361]], "chi2_level": 0.95, "chi2_df": 3, "chi2_threshold": 7.814727903251179, "N_raw": 6, "N_roi": 6, "N_inlier": 6, "refit": true}
{"timestamp": "18:10:53.249707", "frame": 103, "mu": [-1.1406531044105712, 4.273397275735868, 0.7153861031094226], "Sigma": [[0.009706213835357295, -0.0065017516832436, 0.032215558491565564], [-0.0065017516832436, 0.010035200867918538, -0.02602750572281774], [0.032215558491565564, -0.026027505722817736, 0.1632694509565012]], "chi2_level": 0.95, "chi2_df": 3, "chi2_threshold": 7.814727903251179, "N_raw": 7, "N_roi": 7, "N_inlier": 7, "refit": true}
{"timestamp": "18:10:53.307421", "frame": 104, "mu": [-1.061603693029612, 4.122306275419695, 0.8626228632705847], "Sigma": [[0.013857037377781363, 0.0025655664317725175, -0.009181187930229855], [0.0025655664317725175, 0.00482800128635067, -0.004531561959026375], [-0.009181187930229855, -0.004531561959026375, 0.01649430225001591]], "chi2_level": 0.95, "chi2_df": 3, "chi2_threshold": 7.814727903251179, "N_raw": 25, "N_roi": 25, "N_inlier": 23, "refit": true}
{"timestamp": "18:10:53.360700", "frame": 105, "mu": [-1.0823180710238476, 4.263565439374128, 0.9284006545075886], "Sigma": [[0.002877892209844719, 0.0045062097492704675, -0.023821592730537404], [0.0045062097492704675, 0.017097972534665794, -0.024101308395173975], [-0.023821592730537407, -0.024101308395173975, 0.22653342182431252]], "chi2_level": 0.95, "chi2_df": 3, "chi2_threshold": 7.814727903251179, "N_raw": 10, "N_roi": 8, "N_inlier": 7, "refit": true}
{"timestamp": "18:10:53.420445", "frame": 106, "mu": [-1.1362981013868592, 4.258593209980052, 0.7405048157157523], "Sigma": [[0.017931591003923344, 0.007715355493287687, -0.026692341273304953], [0.007715355493287688, 0.019513356287728784, -0.05131865835374635], [-0.026692341273304953, -0.05131865835374635, 0.16114512291333047]], "chi2_level": 0.95, "chi2_df": 3, "chi2_threshold": 7.814727903251179, "N_raw": 48, "N_roi": 44, "N_inlier": 44, "refit": true}
{"timestamp": "18:10:53.470674", "frame": 107, "mu": [-1.2245073231121473, 4.3328707295861735, 0.7064632623509366], "Sigma": [[0.0032942784238095763, 0.0026505715518408807, -0.018382675701282183], [0.0026505715518408803, 0.009395720194457466, -0.04591765070354793], [-0.018382675701282183, -0.045917650703547926, 0.26893821231783016]], "chi2_level": 0.95, "chi2_df": 3, "chi2_threshold": 7.814727903251179, "N_raw": 10, "N_roi": 10, "N_inlier": 10, "refit": true}
{"timestamp": "18:10:53.529615", "frame": 108, "mu": [-1.288923640927255, 4.0394768917574355, 0.9967596501116898], "Sigma": [[0.017858584999845356, 0.0035496241088442872, -0.00923100365775158], [0.0035496241088442864, 0.0035952025234635746, -0.0021413019487586176], [-0.00923100365775158, -0.002141301948758617, 0.006072532030096999]], "chi2_level": 0.95, "chi2_df": 3, "chi2_threshold": 7.814727903251179, "N_raw": 38, "N_roi": 38, "N_inlier": 34, "refit": true}
{"timestamp": "18:10:53.584575", "frame": 109, "mu": [-1.3228862808770767, 4.088730347259743, 0.8923261115846898], "Sigma": [[0.01549474745938173, 0.003926955585406709, -0.008114165329944356], [0.003926955585406709, 0.0054431644182284375, -0.003899973279571538], [-0.008114165329944356, -0.0038999732795715375, 0.006539182018443416]], "chi2_level": 0.95, "chi2_df": 3, "chi2_threshold": 7.814727903251179, "N_raw": 42, "N_roi": 42, "N_inlier": 39, "refit": true}
{"timestamp": "18:10:53.642570", "frame": 110, "mu": [-1.4255474122535532, 4.087901094708739, 0.9703186680746371], "Sigma": [[0.02469515063055483, 0.005821317533590251, -0.015324369074523066], [0.0058213175335902504, 0.006455174045092702, -0.005475647301852741], [-0.015324369074523066, -0.005475647301852742, 0.011833357321524398]], "chi2_level": 0.95, "chi2_df": 3, "chi2_threshold": 7.814727903251179, "N_raw": 52, "N_roi": 52, "N_inlier": 51, "refit": true}
{"timestamp": "18:10:53.697635", "frame": 111, "mu": [-1.4345866210418494, 4.110904862103469, 1.004194868068113], "Sigma": [[0.02314647413975588, 0.00559802346765218, -0.01156821349939274], [0.00559802346765218, 0.005821934877831871, -0.005186857350459876], [-0.01156821349939274, -0.005186857350459876, 0.009649356595531062]], "chi2_level": 0.95, "chi2_df": 3, "chi2_threshold": 7.814727903251179, "N_raw": 51, "N_roi": 49, "N_inlier": 48, "refit": true}
{"timestamp": "18:10:53.746700", "frame": 112, "mu": [-1.4831883479236692, 4.140339441877303, 0.9740607347334819], "Sigma": [[0.01147775336935958, 0.003438555218517876, -0.007048387583632338], [0.0034385552185178764, 0.002900309784501079, -0.0022252561435233235], [-0.0070483875836323375, -0.002225256143523323, 0.005999069355916879]], "chi2_level": 0.95, "chi2_df": 3, "chi2_threshold": 7.814727903251179, "N_raw": 21, "N_roi": 20, "N_inlier": 19, "refit": true}
