{"timestamp": "17:50:49.163599", "frame": 1, "mu": [2.393405718765793, 2.0090663265869075, 0.7581549993689398], "Sigma": [[0.005287323125382214, -0.008106332669740987, 0.006862836316781367], [-0.008106332669740987, 0.023754281727567307, -0.0242786101544906], [0.006862836316781368, -0.0242786101544906, 0.02807695840377912]], "chi2_level": 0.95, "chi2_df": 3, "chi2_threshold": 7.814727903251179, "N_raw": 30, "N_roi": 14, "N_inlier": 14, "refit": true}
{"timestamp": "17:50:49.217282", "frame": 2, "mu": [2.401272766151813, 1.9474297971199168, 0.7642576580338624], "Sigma": [[0.0060192043959025904, -0.011776030156435644, 0.005960216374994742], [-0.011776030156435644, 0.03757082551826538, -0.022983405183646104], [0.005960216374994742, -0.022983405183646104, 0.015986858807913944]], "chi2_level": 0.95, "chi2_df": 3, "chi2_threshold": 7.814727903251179, "N_raw": 17, "N_roi": 13, "N_inlier": 13, "refit": true}
{"timestamp": "17:50:49.270056", "frame": 3, "mu": [2.420734197139564, 1.8206659157059133, 0.8990500861137868], "Sigma": [[0.0006648412444997682, 0.0012963016863660381, -0.003138643923010282], [0.0012963016863660384, 0.0025457416854387325, -0.006094864878249007], [-0.003138643923010282, -0.006094864878249007, 0.015325637826654265]], "chi2_level": 0.95, "chi2_df": 3, "chi2_threshold": 7.814727903251179, "N_raw": 8, "N_roi": 5, "N_inlier": 5, "refit": true}
{"timestamp": "17:50:49.326416", "frame": 4, "mu": [2.4451767265712765, 1.6899827353967165, 1.0584277020286346], "Sigma": [[0.00035450044266133077, -0.00019438394633007183, 0.00010752463139350784], [-0.00019438394633007183, 0.004396163222114185, -0.004886901758950993], [0.00010752463139350784, -0.004886901758950993, 0.0062538005410162165]], "chi2_level": 0.95, "chi2_df": 3, "chi2_threshold": 7.814727903251179, "N_raw": 13, "N_roi": 6, "N_inlier": 6, "refit": true}
{"timestamp": "17:50:49.381852", "frame": 5, "mu": [2.3431211503324767, 1.8124255064602013, 0.9954047922273204], "Sigma": [[0.0010989166081203353, 0.0023615940585245934, 0.0002501914542529921], [0.0023615940585245934, 0.018859625455262603, -0.00025185977547394645], [0.00025019145425299213, -0.00025185977547394645, 0.0024261036232643383]], "chi2_level": 0.95, "chi2_df": 3, "chi2_threshold": 7.814727903251179, "N_raw": 11, "N_roi": 7, "N_inlier": 6, "refit": true}
{"timestamp": "17:50:49.437423", "frame": 6, "mu": [2.3058846801688766, 1.7000700469850616, 1.0969067016315197], "Sigma": [[0.00606888412882454, -0.007732196998281285, -0.002183241049308806], [-0.007732196998281285, 0.01583632297148313, 0.0032659578946517445], [-0.002183241049308806, 0.0032659578946517445, 0.0010891128253037955]], "chi2_level": 0.95, "chi2_df": 3, "chi2_threshold": 7.814727903251179, "N_raw": 19, "N_roi": 17, "N_inlier": 16, "refit": true}
{"timestamp": "17:50:49.492717", "frame": 7, "mu": [2.2507495024515274, 1.810810063478518, 1.1687980760974193], "Sigma": [[0.007433130772059886, -0.004592096185833739, 0.001587274280111233], [-0.004592096185833739, 0.01103749099801579, 0.0009774891639518018], [0.0015872742801112329, 0.0009774891639518018, 0.001311649318192912]], "chi2_level": 0.95, "chi2_df": 3, "chi2_threshold": 7.814727903251179, "N_raw": 21, "N_roi": 17, "N_inlier": 16, "refit": true}
{"timestamp": "17:50:49.547842", "frame": 8, "mu": [2.222266330655156, 1.806082344040581, 1.118245588663278], "Sigma": [[0.006017718978529813, -0.005634926851869043, 0.0017531515896216504], [-0.005634926851869043, 0.010311292009849373, -0.0021282214346395674], [0.0017531515896216502, -0.002128221434639568, 0.0009391871670429942]], "chi2_level": 0.95, "chi2_df": 3, "chi2_threshold": 7.814727903251179, "N_raw": 19, "N_roi": 16, "N_inlier": 14, "refit": true}
{"timestamp": "17:50:49.602325", "frame": 9, "mu": [2.011969428265513, 1.8579594369949994, 0.9587661414831243], "Sigma": [[0.006150941008482934, -0.004833903563250426, 0.0011578969751551854], [-0.004833903563250426, 0.005895268484740427, -0.0017723793184895706], [0.0011578969751551852, -0.0017723793184895706, 0.0005740704285038275]], "chi2_level": 0.95, "chi2_df": 3, "chi2_threshold": 7.814727903251179, "N_raw": 21, "N_roi": 21, "N_inlier": 19, "refit": true}
{"timestamp": "17:50:49.659669", "frame": 10, "mu": [1.9353028181646748, 1.8852731181302893, 0.8521204266034618], "Sigma": [[0.004406472056731667, -0.0012359798036631388, 0.00039740602548867925], [-0.0012359798036631385, 0.004678297044735315, -0.00015966133792773258], [0.00039740602548867925, -0.00015966133792773258, 0.0016153102134437854]], "chi2_level": 0.95, "chi2_df": 3, "chi2_threshold": 7.814727903251179, "N_raw": 22, "N_roi": 16, "N_inlier": 15, "refit": true}
{"timestamp": "17:50:49.711111", "frame": 11, "mu": [1.9710620371951797, 1.904401659669293, 1.0785738501417115], "Sigma": [[0.0009148118205946533, 0.0011608628542633813, -0.00042672174247183886], [0.0011608628542633813, 0.0035633019867518396, -0.0007998260167952387], [-0.00042672174247183886, -0.0007998260167952387, 0.0002534692116220686]], "chi2_level": 0.95, "chi2_df": 3, "chi2_threshold": 7.814727903251179, "N_raw": 5, "N_roi": 5, "N_inlier": 5, "refit": true}
{"timestamp": "17:50:49.772305", "frame": 12, "mu": [1.92244922291156, 2.0268735699737204, 1.2169981232191986], "Sigma": [[0.00901002138393458, -0.005907706808506109, -0.0037284831448031854], [-0.005907706808506108, 0.007793371972832125, 0.0019602179227337464], [-0.0037284831448031854, 0.001960217922733747, 0.0050714335110011105]], "chi2_level": 0.95, "chi2_df": 3, "chi2_threshold": 7.814727903251179, "N_raw": 36, "N_roi": 33, "N_inlier": 31, "refit": true}
{"timestamp": "17:50:49.824893", "frame": 13, "mu": [1.8605394628124372, 1.9836094093182286, 1.2058356826872414], "Sigma": [[0.0037813770141559965, -0.0026035615757898003, -0.0027180381648848973], [-0.0026035615757898003, 0.005956376508575782, 0.0014713994128408366], [-0.0027180381648848973, 0.0014713994128408366, 0.020734927087410402]], "chi2_level": 0.95, "chi2_df": 3, "chi2_threshold": 7.814727903251179, "N_raw": 20, "N_roi": 20, "N_inlier": 19, "refit": true}
{"timestamp": "17:50:49.878178", "frame": 14, "mu": [1.831088966540598, 2.075123930949928, 1.2120778105769765], "Sigma": [[0.001623943138978151, 0.0011321722925517004, -0.0014626418932510534], [0.0011321722925517004, 0.005681263032572834, -0.020269831462235162], [-0.0014626418932510534, -0.020269831462235162, 0.07909430302854446]], "chi2_level": 0.95, "chi2_df": 3, "chi2_threshold": 7.814727903251179, "N_raw": 7, "N_roi": 7, "N_inlier": 6, "refit": true}
{"timestamp": "17:50:49.935241", "frame": 15, "mu": [1.712238020350175, 2.1841709854788447, 0.762167106780836], "Sigma": [[0.007708293814373519, -0.005360421801553183, 0.002703845123730791], [-0.005360421801553183, 0.006483971980261902, -0.007088088868731005], [0.002703845123730791, -0.007088088868731005, 0.019060658426678957]], "chi2_level": 0.95, "chi2_df": 3, "chi2_threshold": 7.814727903251179, "N_raw": 29, "N_roi": 28, "N_inlier": 25, "refit": true}
{"timestamp": "17:50:49.991553", "frame": 16, "mu": [1.676994521631613, 2.093145834077583, 1.0258761470117561], "Sigma": [[0.004586956746752933, -0.004092912922259096, 0.002748481588919587], [-0.004092912922259096, 0.010781895676156882, -0.022976988679689954], [0.0027484815889195864, -0.022976988679689954, 0.0695452786482728]], "chi2_level": 0.95, "chi2_df": 3, "chi2_threshold": 7.814727903251179, "N_raw": 29, "N_roi": 27, "N_inlier": 26, "refit": true}
{"timestamp": "17:50:50.047741", "frame": 17, "mu": [1.6797609121535289, 1.956179407540046, 0.8134904763128287], "Sigma": [[0.008400139363151425, -0.007939105032953492, -0.006565832042535266], [-0.00793910503295349, 0.008967708378902822, 0.005431506991921678], [-0.006565832042535266, 0.005431506991921678, 0.0148702776282939]], "chi2_level": 0.95, "chi2_df": 3, "chi2_threshold": 7.814727903251179, "N_raw": 36, "N_roi": 36, "N_inlier": 34, "refit": true}
{"timestamp": "17:50:50.108693", "frame": 18, "mu": [1.5861488708525766, 2.0259396533294365, 0.8195812829719129], "Sigma": [[0.01014422314842975, -0.010101869089678512, -0.004486611156075335], [-0.010101869089678512, 0.025106516938655253, -0.0036707782508011615], [-0.004486611156075335, -0.0036707782508011615, 0.026489926604579488]], "chi2_level": 0.95, "chi2_df": 3, "chi2_threshold": 7.814727903251179, "N_raw": 82, "N_roi": 82, "N_inlier": 81, "refit": true}
{"timestamp": "17:50:50.154106", "frame": 19, "mu": [1.5288058031459422, 2.0596147526961976, 0.8890225703967295], "Sigma": [[0.005103913309060995, -0.0007039901067212003, -0.017931008055886603], [-0.0007039901067212007, 0.008848077487751986, -0.018187945885064893], [-0.0179310080558866, -0.01818794588506489, 0.12005804937488523]], "chi2_level": 0.95, "chi2_df": 3, "chi2_threshold": 7.814727903251179, "N_raw": 12, "N_roi": 10, "N_inlier": 9, "refit": true}
{"timestamp": "17:50:50.212656", "frame": 20, "mu": [1.5290451253578425, 1.8818144820735088, 0.9350149957456914], "Sigma": [[0.008732690269407888, -0.006531653409178618, -0.005706595909042721], [-0.006531653409178618, 0.005962310335586021, 0.0033424604842659618], [-0.005706595909042723, 0.0033424604842659618, 0.017196358445913013]], "chi2_level": 0.95, "chi2_df": 3, "chi2_threshold": 7.814727903251179, "N_raw": 42, "N_roi": 42, "N_inlier": 36, "refit": true}
{"timestamp": "17:50:50.267084", "frame": 21, "mu": [1.4448240422787602, 1.8610389035758153, 0.9250024014160845], "Sigma": [[0.01017770425395941, -0.008364158895104702, -0.0040625175498475614], [-0.008364158895104702, 0.008635879833845896, 0.0013164779230175625], [-0.004062517549847561, 0.0013164779230175625, 0.005446365516130086]], "chi2_level": 0.95, "chi2_df": 3, "chi2_threshold": 7.814727903251179, "N_raw": 41, "N_roi": 41, "N_inlier": 40, "refit": true}
{"timestamp": "17:50:50.318683", "frame": 22, "mu": [1.3857916996440922, 1.7925916997973905, 0.7817482437922858], "Sigma": [[0.0032174716315435344, -0.0025028691998998935, -0.0028709249203693462], [-0.0025028691998998935, 0.00319308075055642, 0.001492985498639523], [-0.0028709249203693462, 0.001492985498639523, 0.012032244374273778]], "chi2_level": 0.95, "chi2_df": 3, "chi2_threshold": 7.814727903251179, "N_raw": 14, "N_roi": 14, "N_inlier": 12, "refit": true}
{"timestamp": "17:50:50.379742", "frame": 23, "mu": [1.332692939111864, 1.8396480714428345, 0.8999325103459938], "Sigma": [[0.007209554113765063, -0.005735919736656337, -0.004637094478900119], [-0.005735919736656337, 0.007417790115120361, 0.0013574560918152598], [-0.004637094478900118, 0.0013574560918152595, 0.0062177628329393156]], "chi2_level": 0.95, "chi2_df": 3, "chi2_threshold": 7.814727903251179, "N_raw": 40, "N_roi": 40, "N_inlier": 36, "refit": true}
{"timestamp": "17:50:50.435783", "frame": 24, "mu": [1.2191055153453687, 1.866816797480875, 1.162898359705912], "Sigma": [[0.010388397911231239, -0.005852685929273052, -0.007967395963042365], [-0.005852685929273052, 0.007932409224199697, 0.003559683440250932], [-0.007967395963042365, 0.003559683440250932, 0.021571343992014026]], "chi2_level": 0.95, "chi2_df": 3, "chi2_threshold": 7.814727903251179, "N_raw": 67, "N_roi": 67, "N_inlier": 65, "refit": true}
{"timestamp": "17:50:50.493572", "frame": 25, "mu": [1.1811380470207402, 1.7514333360431642, 0.9272910052618278], "Sigma": [[0.009500228322946265, -0.0031411966233690176, -0.0015892046527880978], [-0.003141196623369018, 0.009278208627180925, 0.0033536939604021927], [-0.0015892046527880978, 0.003353693960402193, 0.025259823667492843]], "chi2_level": 0.95, "chi2_df": 3, "chi2_threshold": 7.814727903251179, "N_raw": 74, "N_roi": 73, "N_inlier": 69, "refit": true}
{"timestamp": "17:50:50.548151", "frame": 26, "mu": [1.0827147419552037, 1.923955773926259, 1.2844032561008807], "Sigma": [[0.011472271284775803, -0.005950400385752792, -0.009552368798864692], [-0.005950400385752793, 0.0103179406866681, 0.0031489440680098884], [-0.009552368798864692, 0.0031489440680098884, 0.009885530618519484]], "chi2_level": 0.95, "chi2_df": 3, "chi2_threshold": 7.814727903251179, "N_raw": 75, "N_roi": 75, "N_inlier": 70, "refit": true}
{"timestamp": "17:50:50.601596", "frame": 27, "mu": [0.9602429206367934, 1.7120211874267695, 0.8126210663081295], "Sigma": [[0.009132726391773179, -0.0006099147693071659, 0.006324379966471639], [-0.0006099147693071661, 0.0057135574585844085, 0.003076820573159631], [0.0063243799664716395, 0.003076820573159631, 0.026113457704431294]], "chi2_level": 0.95, "chi2_df": 3, "chi2_threshold": 7.814727903251179, "N_raw": 60, "N_roi": 60, "N_inlier": 56, "refit": true}
{"timestamp": "17:50:50.655209", "frame": 28, "mu": [0.9412652454917082, 1.7557803915798098, 1.001924073095328], "Sigma": [[0.010063111414493628, 0.0015407325789463745, 0.014980173982530516], [0.0015407325789463743, 0.0018995710639206796, 0.0015187803732812184], [0.014980173982530516, 0.0015187803732812184, 0.03628479465219175]], "chi2_level": 0.95, "chi2_df": 3, "chi2_threshold": 7.814727903251179, "N_raw": 59, "N_roi": 59, "N_inlier": 55, "refit": true}
{"timestamp": "17:50:50.711873", "frame": 29, "mu": [0.9209119102700604, 1.8607305309095261, 1.215521474190915], "Sigma": [[0.009736682771579554, -0.002631970122286105, -0.0006283841306963625], [-0.002631970122286105, 0.0053141759661721995, -0.0035194986502223346], [-0.0006283841306963625, -0.0035194986502223346, 0.00753903713513827]], "chi2_level": 0.95, "chi2_df": 3, "chi2_threshold": 7.814727903251179, "N_raw": 74, "N_roi": 74, "N_inlier": 70, "refit": true}
{"timestamp": "17:50:50.770759", "frame": 30, "mu": [0.8441850522965819, 1.878976948035352, 1.1638641425568585], "Sigma": [[0.009770121592415032, -0.002349870809807241, -0.00010872831165128767], [-0.002349870809807241, 0.004819783459093562, -0.006189217069517089], [-0.00010872831165128764, -0.006189217069517089, 0.014525909036978134]], "chi2_level": 0.95, "chi2_df": 3, "chi2_threshold": 7.814727903251179, "N_raw": 90, "N_roi": 90, "N_inlier": 84, "refit": true}
{"timestamp": "17:50:50.825021", "frame": 31, "mu": [0.7715355318270954, 1.9154395157088995, 1.2204147210932006], "Sigma": [[0.010452871351146925, -0.0021522563353329506, -0.004592603567894531], [-0.0021522563353329506, 0.0028995405483662647, -0.0028613220032682254], [-0.004592603567894531, -0.0028613220032682254, 0.01987314786157626]], "chi2_level": 0.95, "chi2_df": 3, "chi2_threshold": 7.814727903251179, "N_raw": 80, "N_roi": 80, "N_inlier": 73, "refit": true}
{"timestamp": "17:50:50.876877", "frame": 32, "mu": [0.6679632226401478, 1.9372742747764915, 1.1567018969253806], "Sigma": [[0.01948203298064837, 0.0002064565175088853, 0.04498862019037065], [0.0002064565175088853, 0.0028840497000832523, 0.003747242227020407], [0.04498862019037066, 0.0037472422270204064, 0.2107230612859401]], "chi2_level": 0.95, "chi2_df": 3, "chi2_threshold": 7.814727903251179, "N_raw": 66, "N_roi": 66, "N_inlier": 63, "refit": true}
{"timestamp": "17:50:50.930663", "frame": 33, "mu": [0.5935111523364824, 1.9483948180938022, 1.3435049240862005], "Sigma": [[0.007083614752727603, -0.001112442234680874, -0.0023709954774948907], [-0.001112442234680874, 0.005302513591414097, -0.0030575461374113388], [-0.002370995477494891, -0.0030575461374113388, 0.005369494367776115]], "chi2_level": 0.95, "chi2_df": 3, "chi2_threshold": 7.814727903251179, "N_raw": 65, "N_roi": 65, "N_inlier": 61, "refit": true}
{"timestamp": "17:50:50.987547", "frame": 34, "mu": [0.502050517161319, 1.9208366295651378, 1.2702966491532997], "Sigma": [[0.008972862985684471, -0.0027983377370004794, -0.0005910181278261725], [-0.0027983377370004794, 0.004130054877184043, -0.001951932235398844], [-0.0005910181278261722, -0.0019519322353988443, 0.009889077089084238]], "chi2_level": 0.95, "chi2_df": 3, "chi2_threshold": 7.814727903251179, "N_raw": 68, "N_roi": 68, "N_inlier": 64, "refit": true}
{"timestamp": "17:50:51.043803", "frame": 35, "mu": [0.4796797809273334, 1.8676020801219557, 1.1829211769664854], "Sigma": [[0.007451905525805543, -0.002635247022600584, -0.003993363413550418], [-0.002635247022600584, 0.010033863813285518, -2.9031407629169677e-05], [-0.003993363413550418, -2.9031407629169677e-05, 0.0030278797567139977]], "chi2_level": 0.95, "chi2_df": 3, "chi2_threshold": 7.814727903251179, "N_raw": 79, "N_roi": 77, "N_inlier": 73, "refit": true}
{"timestamp": "17:50:51.096467", "frame": 36, "mu": [0.3999608784739769, 1.8661370250301588, 1.2465524237295014], "Sigma": [[0.007003332998534313, -0.000888147483345232, -0.0012093623386580361], [-0.000888147483345232, 0.0066807502104455786, 0.0010910161139402466], [-0.0012093623386580364, 0.0010910161139402466, 0.0031279427920433913]], "chi2_level": 0.95, "chi2_df": 3, "chi2_threshold": 7.814727903251179, "N_raw": 65, "N_roi": 65, "N_inlier": 60, "refit": true}
{"timestamp": "17:50:51.157979", "frame": 37, "mu": [0.29296208870161267, 1.8829628749003973, 0.7197421573934303], "Sigma": [[0.012980984040228604, -0.0008865312194518684, 0.01605983557320215], [-0.0008865312194518689, 0.0049946671130836956, 0.026629867436052543], [0.01605983557320215, 0.02662986743605254, 0.5173772007928036]], "chi2_level": 0.95, "chi2_df": 3, "chi2_threshold": 7.814727903251179, "N_raw": 107, "N_roi": 105, "N_inlier": 102, "refit": true}
{"timestamp": "17:50:51.208756", "frame": 38, "mu": [0.21311100202202257, 1.8715916614860078, 1.089291390001341], "Sigma": [[0.01592376814094016, 0.003627515764026347, 0.04655026144181568], [0.0036275157640263474, 0.011929461190841107, 0.0323550988037396], [0.04655026144181568, 0.0323550988037396, 0.2701319809313471]], "chi2_level": 0.95, "chi2_df": 3, "chi2_threshold": 7.814727903251179, "N_raw": 77, "N_roi": 77, "N_inlier": 73, "refit": true}
{"timestamp": "17:50:51.262078", "frame": 39, "mu": [0.20179071221897946, 1.8018027261580534, 1.1565154778949707], "Sigma": [[0.0061852301057437895, -0.004045924829235891, -0.010133696481581737], [-0.004045924829235891, 0.010724319624836033, 0.018991530401036634], [-0.010133696481581737, 0.018991530401036634, 0.05734763877184337]], "chi2_level": 0.95, "chi2_df": 3, "chi2_threshold": 7.814727903251179, "N_raw": 69, "N_roi": 69, "N_inlier": 65, "refit": true}
{"timestamp": "17:50:51.319355", "frame": 40, "mu": [0.01204344761044513, 1.7361389606419846, 0.624823583341171], "Sigma": [[0.0502489003104167, -0.008945340068710696, 0.076413661716568], [-0.008945340068710696, 0.01724107775471463, 0.012041803166883573], [0.07641366171656801, 0.012041803166883577, 0.2079940143129199]], "chi2_level": 0.95, "chi2_df": 3, "chi2_threshold": 7.814727903251179, "N_raw": 83, "N_roi": 82, "N_inlier": 79, "refit": true}
{"timestamp": "17:50:51.375000", "frame": 41, "mu": [0.017469965106158628, 1.8506997423894036, 1.2080509314126282], "Sigma": [[0.006661351884474611, -0.0016256908719127466, -0.002424991131044595], [-0.0016256908719127468, 0.008035060558303166, -0.0010317081084779255], [-0.002424991131044595, -0.0010317081084779257, 0.0016583191379989871]], "chi2_level": 0.95, "chi2_df": 3, "chi2_threshold": 7.814727903251179, "N_raw": 82, "N_roi": 78, "N_inlier": 71, "refit": true}
{"timestamp": "17:50:51.429872", "frame": 42, "mu": [-0.12350407610948728, 1.8046421247260898, -0.6129914240041942], "Sigma": [[0.03477218023058788, 0.009007845831672502, 0.1866210417225891], [0.009007845831672502, 0.006244629295713094, 0.04223197722455868], [0.1866210417225891, 0.04223197722455868, 1.3569616217345575]], "chi2_level": 0.95, "chi2_df": 3, "chi2_threshold": 7.814727903251179, "N_raw": 93, "N_roi": 93, "N_inlier": 90, "refit": true}
{"timestamp": "17:50:51.486279", "frame": 43, "mu": [-0.12467958660563425, 1.801494110096135, 1.0845026096469768], "Sigma": [[0.008848187604593273, -0.0006367765544741169, -0.009235553531831312], [-0.0006367765544741169, 0.01329295335762235, -0.015007201964571892], [-0.009235553531831312, -0.015007201964571892, 0.07203889094122472]], "chi2_level": 0.95, "chi2_df": 3, "chi2_threshold": 7.814727903251179, "N_raw": 95, "N_roi": 95, "N_inlier": 90, "refit": true}
{"timestamp": "17:50:51.543555", "frame": 44, "mu": [-0.24843635014813717, 1.8673393906200668, 0.7514704788300567], "Sigma": [[0.010077105203178272, 0.0032279811816690127, 0.017433861584613485], [0.003227981181669013, 0.007236213202357822, 0.0331377477078974], [0.017433861584613485, 0.0331377477078974, 0.4206087834741751]], "chi2_level": 0.95, "chi2_df": 3, "chi2_threshold": 7.814727903251179, "N_raw": 109, "N_roi": 107, "N_inlier": 105, "refit": true}
{"timestamp": "17:50:51.584367", "frame": 45, "mu": [-0.23566052317781164, 2.1779748900294122, -0.8847558409018998], "Sigma": [[0.0018320088936873912, 0.004330224044365897, -0.010893134273752995], [0.004330224044365897, 0.02891826470756502, -0.09976275340230689], [-0.010893134273752995, -0.0997627534023069, 0.37001227317866375]], "chi2_level": 0.95, "chi2_df": 3, "chi2_threshold": 7.814727903251179, "N_raw": 10, "N_roi": 10, "N_inlier": 9, "refit": true}
{"timestamp": "17:50:51.648942", "frame": 46, "mu": [-0.39438666638274006, 1.800464355262686, 1.3493663107858493], "Sigma": [[0.007241368507198624, -0.0014698211029050944, -0.004453817554914016], [-0.0014698211029050944, 0.009945085274302741, 0.002168207823009233], [-0.004453817554914016, 0.002168207823009233, 0.004862701464973245]], "chi2_level": 0.95, "chi2_df": 3, "chi2_threshold": 7.814727903251179, "N_raw": 80, "N_roi": 80, "N_inlier": 77, "refit": true}
{"timestamp": "17:50:51.707547", "frame": 47, "mu": [-0.44122564888017723, 1.769426055403318, 1.0559150416569263], "Sigma": [[0.008448701960452804, 0.0003320139311649638, 0.003554786916420802], [0.0003320139311649637, 0.004595335401983565, -0.01414543187727033], [0.003554786916420801, -0.01414543187727033, 0.14293296945186437]], "chi2_level": 0.95, "chi2_df": 3, "chi2_threshold": 7.814727903251179, "N_raw": 107, "N_roi": 107, "N_inlier": 102, "refit": true}
{"timestamp": "17:50:51.760526", "frame": 48, "mu": [-0.5001109599483464, 1.7185559977471967, 1.120171436453661], "Sigma": [[0.008310670891628397, 0.002401283133179611, -0.003638686482362427], [0.002401283133179611, 0.0069383299212935024, -0.0067521411282050504], [-0.003638686482362427, -0.0067521411282050504, 0.009947766251286705]], "chi2_level": 0.95, "chi2_df": 3, "chi2_threshold": 7.814727903251179, "N_raw": 94, "N_roi": 93, "N_inlier": 88, "refit": true}
{"timestamp": "17:50:51.814802", "frame": 49, "mu": [-0.5643812753333749, 1.7702501752644024, 1.2105518633808536], "Sigma": [[0.007854663190335384, 0.0021003937194771557, -0.003413228571293492], [0.002100393719477156, 0.00914604800574255, -0.0026658146311059026], [-0.003413228571293492, -0.0026658146311059026, 0.002285682909184917]], "chi2_level": 0.95, "chi2_df": 3, "chi2_threshold": 7.814727903251179, "N_raw": 80, "N_roi": 80, "N_inlier": 75, "refit": true}
{"timestamp": "17:50:51.870835", "frame": 50, "mu": [-0.6377231958596796, 1.7713361354054942, 1.220320289965283], "Sigma": [[0.009732257312176832, 0.0025601499504066074, -0.008538886958321754], [0.002560149950406608, 0.009430629931851975, -0.004672511454607115], [-0.008538886958321754, -0.004672511454607115, 0.015122753079552057]], "chi2_level": 0.95, "chi2_df": 3, "chi2_threshold": 7.814727903251179, "N_raw": 93, "N_roi": 93, "N_inlier": 88, "refit": true}
{"timestamp": "17:50:51.922971", "frame": 51, "mu": [-0.7205752542525995, 1.7900852690465126, 1.2333808337528633], "Sigma": [[0.008303263437675712, 0.002042209894268683, -0.009348017971096387], [0.002042209894268683, 0.008486181003054481, -0.0040711734624375795], [-0.009348017971096386, -0.0040711734624375795, 0.014298855963926358]], "chi2_level": 0.95, "chi2_df": 3, "chi2_threshold": 7.814727903251179, "N_raw": 77, "N_roi": 77, "N_inlier": 71, "refit": true}
{"timestamp": "17:50:51.982524", "frame": 52, "mu": [-0.7784041576247908, 1.748411580869214, 1.042879499799493], "Sigma": [[0.019514660849913414, -0.002017175067562877, -0.045711061206093], [-0.0020171750675628767, 0.008163152029291755, 0.002890856619649884], [-0.045711061206092994, 0.002890856619649884, 0.14051233918876882]], "chi2_level": 0.95, "chi2_df": 3, "chi2_threshold": 7.814727903251179, "N_raw": 104, "N_roi": 104, "N_inlier": 100, "refit": true}
{"timestamp": "17:50:52.036858", "frame": 53, "mu": [-0.8768686674296633, 1.8328991585666718, -0.35508539610249484], "Sigma": [[0.015484255545245263, -0.002036335464681189, 0.03298853735069817], [-0.002036335464681189, 0.010281092580404804, -0.0028223497027738253], [0.03298853735069817, -0.002822349702773826, 0.17396342128428016]], "chi2_level": 0.95, "chi2_df": 3, "chi2_threshold": 7.814727903251179, "N_raw": 95, "N_roi": 95, "N_inlier": 86, "refit": true}
{"timestamp": "17:50:52.091801", "frame": 54, "mu": [-0.9864822362296308, 1.8172056641614558, 1.3778969222004074], "Sigma": [[0.009442994867082303, -8.068732640160512e-05, -0.013293874529395502], [-8.068732640160499e-05, 0.0068842216748313334, -0.003099269538306779], [-0.0132938745293955, -0.0030992695383067785, 0.0507819824961826]], "chi2_level": 0.95, "chi2_df": 3, "chi2_threshold": 7.814727903251179, "N_raw": 96, "N_roi": 92, "N_inlier": 87, "refit": true}
{"timestamp": "17:50:52.145539", "frame": 55, "mu": [-1.0359094091612886, 1.805907578171758, 1.1599750647439084], "Sigma": [[0.014861648634864477, -0.00491379460386904, -0.04987854571342984], [-0.00491379460386904, 0.008813373072375934, 0.022522927190971095], [-0.04987854571342984, 0.022522927190971095, 0.24590371977920097]], "chi2_level": 0.95, "chi2_df": 3, "chi2_threshold": 7.814727903251179, "N_raw": 90, "N_roi": 90, "N_inlier": 87, "refit": true}
{"timestamp": "17:50:52.199179", "frame": 56, "mu": [-1.1326225831721728, 1.820749464816957, 1.31204583360652], "Sigma": [[0.00904919233154785, -0.0015014171196719374, -0.014527359003125653], [-0.0015014171196719376, 0.008039005135914627, 0.00283812817712994], [-0.014527359003125653, 0.002838128177129941, 0.08293313536632876]], "chi2_level": 0.95, "chi2_df": 3, "chi2_threshold": 7.814727903251179, "N_raw": 80, "N_roi": 80, "N_inlier": 75, "refit": true}
{"timestamp": "17:50:52.248907", "frame": 57, "mu": [-1.1958916519409462, 1.7746030779140833, 1.317025227245658], "Sigma": [[0.004537356055636714, 0.00020745531584464373, -0.0061873284286176515], [0.00020745531584464387, 0.009375182282657091, 0.001580906699050209], [-0.0061873284286176515, 0.0015809066990502092, 0.04511814950250927]], "chi2_level": 0.95, "chi2_df": 3, "chi2_threshold": 7.814727903251179, "N_raw": 49, "N_roi": 49, "N_inlier": 45, "refit": true}
{"timestamp": "17:50:52.303372", "frame": 58, "mu": [-1.3018576932589274, 1.8243151822213872, 1.2230020374665673], "Sigma": [[0.004989577934521982, 0.001564381503429577, -0.0008178910823644367], [0.0015643815034295768, 0.004279482167982259, 0.002983492660394174], [-0.0008178910823644363, 0.002983492660394175, 0.06793315594196876]], "chi2_level": 0.95, "chi2_df": 3, "chi2_threshold": 7.814727903251179, "N_raw": 40, "N_roi": 40, "N_inlier": 36, "refit": true}
{"timestamp": "17:50:52.355891", "frame": 59, "mu": [-1.3216421755310575, 1.6382617692739763, 1.1869753913256178], "Sigma": [[0.004019908692309904, 0.0018971572280817237, -0.0025003525805850314], [0.0018971572280817237, 0.004118518154406056, -0.0028205064742082655], [-0.0025003525805850314, -0.0028205064742082655, 0.003393285482785559]], "chi2_level": 0.95, "chi2_df": 3, "chi2_threshold": 7.814727903251179, "N_raw": 28, "N_roi": 28, "N_inlier": 24, "refit": true}
{"timestamp": "17:50:52.416460", "frame": 60, "mu": [-1.482439743243007, 1.7103167857644803, 1.2242080771568593], "Sigma": [[0.00995920239423569, 0.002710730693807775, -0.0030841869368866937], [0.002710730693807775, 0.004947847800033362, -0.006714674166001685], [-0.0030841869368866937, -0.006714674166001685, 0.0132892690334027]], "chi2_level": 0.95, "chi2_df": 3, "chi2_threshold": 7.814727903251179, "N_raw": 68, "N_roi": 68, "N_inlier": 65, "refit": true}
{"timestamp": "17:50:52.472047", "frame": 61, "mu": [-1.7582996784657774, 1.58876114896166, 1.6962736070074498], "Sigma": [[0.02710761869592196, 0.023316704637856872, -0.024897630207759903], [0.02331670463785687, 0.0280729904167027, -0.02477445252921086], [-0.024897630207759903, -0.02477445252921086, 0.03146008031454914]], "chi2_level": 0.95, "chi2_df": 3, "chi2_threshold": 7.814727903251179, "N_raw": 75, "N_roi": 75, "N_inlier": 72, "refit": true}
{"timestamp": "17:50:52.527523", "frame": 62, "mu": [-1.740000710860838, 1.6014826149044517, 1.5318221698932462], "Sigma": [[0.02319718716155634, 0.016734743257294547, -0.026837928763642535], [0.016734743257294547, 0.021273853303402493, -0.0210519161527734], [-0.026837928763642535, -0.0210519161527734, 0.034097892030144836]], "chi2_level": 0.95, "chi2_df": 3, "chi2_threshold": 7.814727903251179, "N_raw": 75, "N_roi": 75, "N_inlier": 70, "refit": true}
{"timestamp": "17:50:52.585896", "frame": 63, "mu": [-1.8393783360792673, 1.5881803161188308, 1.5900083116463575], "Sigma": [[0.018800377277744966, 0.012264949312795235, -0.015891357912033], [0.012264949312795235, 0.01739926655903555, -0.01581268667171611], [-0.015891357912033, -0.015812686671716106, 0.023541380209274307]], "chi2_level": 0.95, "chi2_df": 3, "chi2_threshold": 7.814727903251179, "N_raw": 90, "N_roi": 90, "N_inlier": 84, "refit": true}
{"timestamp": "17:50:52.735921", "frame": 64, "mu": [-1.8958203723113811, 1.6396890335280343, -0.2586424887335971], "Sigma": [[0.015601298931333567, 0.013705054044572774, -0.008921265496005928], [0.01370505404457277, 0.023799692916942453, -0.019677766741038664], [-0.008921265496005928, -0.019677766741038664, 0.027136501879865858]], "chi2_level": 0.95, "chi2_df": 3, "chi2_threshold": 7.814727903251179, "N_raw": 91, "N_roi": 91, "N_inlier": 86, "refit": true}
{"timestamp": "17:50:52.753181", "frame": 65, "mu": [-1.977911807050713, 1.6506507863290387, -0.2603750654384507], "Sigma": [[0.014985556602712643, 0.014173695179205201, -0.004981996174501572], [0.0141736951792052, 0.021541726456759336, -0.016622125756112292], [-0.004981996174501572, -0.016622125756112296, 0.028135111801927244]], "chi2_level": 0.95, "chi2_df": 3, "chi2_threshold": 7.814727903251179, "N_raw": 66, "N_roi": 66, "N_inlier": 59, "refit": true}
{"timestamp": "17:50:52.796995", "frame": 66, "mu": [-2.0573402608839704, 1.4798960857594272, 1.312361792802949], "Sigma": [[0.00989982756301168, 0.006653581332192881, -0.004810409221638303], [0.006653581332192881, 0.010479380124639734, -0.006078502562845524], [-0.004810409221638303, -0.006078502562845524, 0.0070141807440096396]], "chi2_level": 0.95, "chi2_df": 3, "chi2_threshold": 7.814727903251179, "N_raw": 45, "N_roi": 45, "N_inlier": 41, "refit": true}
{"timestamp": "17:50:52.829689", "frame": 67, "mu": [-2.0465262635091457, 1.4931621525056915, 1.303556736771286], "Sigma": [[0.01467286110421621, 0.009192857644096402, -0.01103361547714644], [0.009192857644096403, 0.018560286232994695, -0.012695157756990276], [-0.01103361547714644, -0.012695157756990278, 0.016892696352536186]], "chi2_level": 0.95, "chi2_df": 3, "chi2_threshold": 7.814727903251179, "N_raw": 81, "N_roi": 81, "N_inlier": 77, "refit": true}
{"timestamp": "17:50:52.860352", "frame": 68, "mu": [-2.0977651582846275, 1.4090457104147802, 1.2707478319799042], "Sigma": [[0.013577036139016186, 0.0069740375192302645, -0.009681691367517458], [0.006974037519230264, 0.012646731534976268, -0.008705751798443774], [-0.00968169136751746, -0.008705751798443774, 0.01884171820416785]], "chi2_level": 0.95, "chi2_df": 3, "chi2_threshold": 7.814727903251179, "N_raw": 65, "N_roi": 65, "N_inlier": 60, "refit": true}
{"timestamp": "17:50:52.910037", "frame": 69, "mu": [-2.2108493924564847, 1.440041511748466, -0.6412251083442784], "Sigma": [[0.010256090562018488, 0.0054772403600906495, -0.003329782797365604], [0.0054772403600906495, 0.01535365511621628, 0.0012334048942210657], [-0.0033297827973656044, 0.001233404894221065, 0.02237414715505933]], "chi2_level": 0.95, "chi2_df": 3, "chi2_threshold": 7.814727903251179, "N_raw": 54, "N_roi": 53, "N_inlier": 49, "refit": true}
{"timestamp": "17:50:52.964790", "frame": 70, "mu": [-2.2110452547939827, 1.4113233777014471, 1.3049287432714929], "Sigma": [[0.011454956667629423, 0.005710706150896557, -0.008017212427082978], [0.005710706150896557, 0.013756063033390257, -0.010456517143460402], [-0.008017212427082978, -0.010456517143460402, 0.018559046738112955]], "chi2_level": 0.95, "chi2_df": 3, "chi2_threshold": 7.814727903251179, "N_raw": 59, "N_roi": 59, "N_inlier": 58, "refit": true}
{"timestamp": "17:50:53.018103", "frame": 71, "mu": [-2.286879977224733, 1.3765708689461744, 1.365791396210568], "Sigma": [[0.010576833842115127, 0.007212163750710681, -0.009574977285568397], [0.007212163750710681, 0.014249757705125222, -0.01158692186968009], [-0.009574977285568397, -0.01158692186968009, 0.013234009525653628]], "chi2_level": 0.95, "chi2_df": 3, "chi2_threshold": 7.814727903251179, "N_raw": 47, "N_roi": 45, "N_inlier": 44, "refit": true}
{"timestamp": "17:50:53.080763", "frame": 72, "mu": [-2.2849166887906143, 1.392909626363431, 1.2097711137503007], "Sigma": [[0.01313004015037783, 0.01064936721220023, -0.008612740968293502], [0.01064936721220023, 0.019710359646609842, -0.014500277045873627], [-0.008612740968293502, -0.014500277045873627, 0.014468376036119347]], "chi2_level": 0.95, "chi2_df": 3, "chi2_threshold": 7.814727903251179, "N_raw": 72, "N_roi": 66, "N_inlier": 63, "refit": true}
{"timestamp": "17:50:53.130788", "frame": 73, "mu": [-2.33370665734619, 1.2999153680206392, 1.0712901088764346], "Sigma": [[0.007925284181767783, 0.007272716875529923, -0.002787359074052035], [0.007272716875529922, 0.01313544053392681, -0.012330403431215654], [-0.0027873590740520354, -0.012330403431215654, 0.023695274465633256]], "chi2_level": 0.95, "chi2_df": 3, "chi2_threshold": 7.814727903251179, "N_raw": 63, "N_roi": 52, "N_inlier": 51, "refit": true}
{"timestamp": "17:50:53.184046", "frame": 74, "mu": [-2.36903916769355, 1.3819534877761357, 1.1712312573188006], "Sigma": [[0.005128914597203577, 0.0045464096510476944, -0.0027011242176587682], [0.0045464096510476944, 0.012315979672628985, -0.010842215536306416], [-0.002701124217658768, -0.010842215536306416, 0.011681160677494641]], "chi2_level": 0.95, "chi2_df": 3, "chi2_threshold": 7.814727903251179, "N_raw": 51, "N_roi": 37, "N_inlier": 34, "refit": true}
{"timestamp": "17:50:53.238834", "frame": 75, "mu": [-2.4163143771396633, 1.4110409702701634, 0.9770983679078036], "Sigma": [[0.00275644257962949, 0.0016126875480676668, 0.0010422329026979547], [0.001612687548067667, 0.005065481836090379, -0.009545947123357813], [0.0010422329026979547, -0.009545947123357813, 0.03706430961524071]], "chi2_level": 0.95, "chi2_df": 3, "chi2_threshold": 7.814727903251179, "N_raw": 54, "N_roi": 31, "N_inlier": 31, "refit": true}
{"timestamp": "17:50:53.295120", "frame": 76, "mu": [-2.4336224222583653, 1.4969418510735792, 1.0185508664190939], "Sigma": [[0.0016531272177777963, 0.0008237680881199214, -0.0005421093793135589], [0.0008237680881199214, 0.002713775999348974, -0.008379721639946318], [-0.0005421093793135589, -0.00837972163994632, 0.043001176176570455]], "chi2_level": 0.95, "chi2_df": 3, "chi2_threshold": 7.814727903251179, "N_raw": 57, "N_roi": 20, "N_inlier": 18, "refit": true}
{"timestamp": "17:50:53.348977", "frame": 77, "mu": [-2.463685719217748, 1.4539504410678734, 0.8390212721523922], "Sigma": [[0.0007552485812950536, 0.00010846743671137838, 0.0020511318786879725], [0.00010846743671137843, 0.003378911336050703, -0.006415601549192246], [0.0020511318786879725, -0.006415601549192246, 0.04074533305595572]], "chi2_level": 0.95, "chi2_df": 3, "chi2_threshold": 7.814727903251179, "N_raw": 48, "N_roi": 12, "N_inlier": 12, "refit": true}
{"timestamp": "17:50:53.403079", "frame": 78, "mu": [-2.4525893799967884, 1.4425648649994145, 1.0628635322386064], "Sigma": [[0.001033957865816566, 0.0009561585932378168, -0.000412883495496543], [0.0009561585932378166, 0.0030953489039404177, -0.0014807625134738499], [-0.0004128834954965431, -0.0014807625134738499, 0.0007701987670645869]], "chi2_level": 0.95, "chi2_df": 3, "chi2_threshold": 7.814727903251179, "N_raw": 44, "N_roi": 6, "N_inlier": 6, "refit": true}
{"timestamp": "17:50:53.458043", "frame": 79, "mu": [-2.474197603444983, 1.4564697394193713, 1.0206792216028342], "Sigma": [[0.00041472740854088573, -3.60413911466711e-05, 3.678962434471841e-06], [-3.604139114667126e-05, 0.00879073856063049, 0.0009362182816999346], [3.678962434471814e-06, 0.0009362182816999348, 0.00046816085297013546]], "chi2_level": 0.95, "chi2_df": 3, "chi2_threshold": 7.814727903251179, "N_raw": 44, "N_roi": 5, "N_inlier": 5, "refit": true}
{"timestamp": "17:50:53.565925", "frame": 81, "mu": [-2.4565804238051467, 1.5180209345076199, -0.8063869917275723], "Sigma": [[0.0007716868756203261, 0.0013047209979734373, 0.001119891708887497], [0.0013047209979734373, 0.01130744522021226, 0.007981662574953308], [0.001119891708887497, 0.007981662574953308, 0.006992599933323624]], "chi2_level": 0.95, "chi2_df": 3, "chi2_threshold": 7.814727903251179, "N_raw": 44, "N_roi": 6, "N_inlier": 6, "refit": true}
