{"timestamp": "18:10:05.194737", "frame": 38, "mu": [1.7404632715075097, 0.7649111299831721, 1.2546744312864773], "Sigma": [[0.003330395599012394, -0.0012161582610954662, -0.0029911318575921576], [-0.0012161582610954662, 0.0005220767015769035, 0.0010371454632160826], [-0.0029911318575921576, 0.0010371454632160826, 0.003605377318705648]], "chi2_level": 0.95, "chi2_df": 3, "chi2_threshold": 7.814727903251179, "N_raw": 5, "N_roi": 5, "N_inlier": 5, "refit": true}
{"timestamp": "18:10:05.415390", "frame": 42, "mu": [1.7338720190556276, 0.9615293015022277, 1.3144044972769144], "Sigma": [[0.0015197278821802043, -0.0015151635203013768, -0.001037880194216158], [-0.001515163520301377, 0.0035729493504743164, -0.00015843987003515353], [-0.001037880194216158, -0.00015843987003515353, 0.0018896970264971021]], "chi2_level": 0.95, "chi2_df": 3, "chi2_threshold": 7.814727903251179, "N_raw": 12, "N_roi": 12, "N_inlier": 10, "refit": true}
{"timestamp": "18:10:05.469785", "frame": 43, "mu": [1.7096333774079042, 0.9493688552101591, 1.274218742631807], "Sigma": [[0.0011834870432424162, -0.000551675926649345, -1.7245112351974338e-05], [-0.0005516759266493449, 0.0022207996484687673, -0.0007809013721583393], [-1.7245112351974338e-05, -0.0007809013721583392, 0.00031845289465548397]], "chi2_level": 0.95, "chi2_df": 3, "chi2_threshold": 7.814727903251179, "N_raw": 8, "N_roi": 8, "N_inlier": 7, "refit": true}
{"timestamp": "18:10:05.581542", "frame": 45, "mu": [1.7020215766228795, 1.0025439979949835, 1.2577738500446896], "Sigma": [[0.002309892712958942, -0.0010985730287928338, -2.722869989731753e-05], [-0.0010985730287928338, 0.0027676473691142347, -0.0006202349674858894], [-2.722869989731753e-05, -0.0006202349674858895, 0.00021668211273302997]], "chi2_level": 0.95, "chi2_df": 3, "chi2_threshold": 7.814727903251179, "N_raw": 14, "N_roi": 14, "N_inlier": 13, "refit": true}
{"timestamp": "18:10:05.634730", "frame": 46, "mu": [1.7356868741117528, 1.0848017457654628, 1.172151628825595], "Sigma": [[0.004121413211519498, -0.0013709896303303359, -0.008243693583046626], [-0.001370989630330336, 0.0012828389262692283, 0.0037118431295580304], [-0.008243693583046625, 0.0037118431295580304, 0.017869414360818025]], "chi2_level": 0.95, "chi2_df": 3, "chi2_threshold": 7.814727903251179, "N_raw": 5, "N_roi": 5, "N_inlier": 5, "refit": true}
{"timestamp": "18:10:05.689426", "frame": 47, "mu": [1.7071432098675727, 1.0938500439701606, 1.118391385854348], "Sigma": [[0.0032897447149109384, -0.00035831634619438324, -0.0051919295889110515], [-0.00035831634619438324, 0.0007043006590003797, 0.0004925273766727304], [-0.0051919295889110515, 0.0004925273766727304, 0.00899979955014571]], "chi2_level": 0.95, "chi2_df": 3, "chi2_threshold": 7.814727903251179, "N_raw": 5, "N_roi": 5, "N_inlier": 5, "refit": true}
{"timestamp": "18:10:05.800526", "frame": 49, "mu": [1.722327526745589, 1.2744744656761313, 1.263174279960087], "Sigma": [[0.0022599796297531043, -0.0002804232324829819, -0.006817801328466407], [-0.0002804232324829819, 0.0009271101763132602, 0.0030640464291368363], [-0.006817801328466407, 0.0030640464291368363, 0.03354397234990062]], "chi2_level": 0.95, "chi2_df": 3, "chi2_threshold": 7.814727903251179, "N_raw": 5, "N_roi": 5, "N_inlier": 5, "refit": true}
{"timestamp": "18:10:05.910077", "frame": 51, "mu": [1.673942740604382, 1.218460824787066, 0.9482525222383843], "Sigma": [[0.0007770733232415611, -1.6779702561277245e-05, -0.00384090263242386], [-1.6779702561277245e-05, 0.006256038817009221, 0.012283046328388243], [-0.0038409026324238604, 0.012283046328388244, 0.04394027579711169]], "chi2_level": 0.95, "chi2_df": 3, "chi2_threshold": 7.814727903251179, "N_raw": 5, "N_roi": 5, "N_inlier": 5, "refit": true}
{"timestamp": "18:10:05.966010", "frame": 52, "mu": [1.5681034086004026, 1.2345545022747888, 0.8425995370152647], "Sigma": [[0.003169920666875153, 0.00036911944003643156, 0.00039202930113584224], [0.0003691194400364316, 0.000522224932840376, -0.0002877710671917379], [0.0003920293011358422, -0.0002877710671917379, 0.002182977421988549]], "chi2_level": 0.95, "chi2_df": 3, "chi2_threshold": 7.814727903251179, "N_raw": 13, "N_roi": 13, "N_inlier": 12, "refit": true}
{"timestamp": "18:10:06.020552", "frame": 53, "mu": [1.6228085147290272, 1.3439414731176877, 0.9830045554959578], "Sigma": [[0.008495047844022654, 0.005737662630918032, 0.00256785930983108], [0.005737662630918032, 0.0041438023553663095, 0.0021298592201291064], [0.00256785930983108, 0.0021298592201291064, 0.0017377211185377274]], "chi2_level": 0.95, "chi2_df": 3, "chi2_threshold": 7.814727903251179, "N_raw": 5, "N_roi": 5, "N_inlier": 5, "refit": true}
{"timestamp": "18:10:06.074295", "frame": 54, "mu": [1.6028454398766345, 1.4410071456217437, 0.9352340633802085], "Sigma": [[0.009537608869431927, 0.0022504554474389498, -0.0018920134688858946], [0.0022504554474389498, 0.002352958028977313, 0.0007031042311196297], [-0.0018920134688858946, 0.0007031042311196296, 0.001467963489774136]], "chi2_level": 0.95, "chi2_df": 3, "chi2_threshold": 7.814727903251179, "N_raw": 5, "N_roi": 5, "N_inlier": 5, "refit": true}
{"timestamp": "18:10:06.130289", "frame": 55, "mu": [1.6074287232652722, 1.4709385845470533, 1.008418640182126], "Sigma": [[0.021386333058510038, -0.004154874356637852, -0.0006287458368876093], [-0.004154874356637852, 0.003211727101541232, 0.001363427249043825], [-0.0006287458368876096, 0.0013634272490438252, 0.0011114282146791785]], "chi2_level": 0.95, "chi2_df": 3, "chi2_threshold": 7.814727903251179, "N_raw": 5, "N_roi": 5, "N_inlier": 5, "refit": true}
{"timestamp": "18:10:06.186935", "frame": 56, "mu": [1.4430637057262188, 1.6267003129802045, 1.0255994874118415], "Sigma": [[0.006243490821582065, 0.0003030792928324271, -0.0011018721554666095], [0.00030307929283242697, 0.0010036442685601628, -0.0005137916351156578], [-0.0011018721554666095, -0.0005137916351156578, 0.0004099853050796038]], "chi2_level": 0.95, "chi2_df": 3, "chi2_threshold": 7.814727903251179, "N_raw": 12, "N_roi": 12, "N_inlier": 10, "refit": true}
{"timestamp": "18:10:06.240301", "frame": 57, "mu": [1.6044776663881692, 1.6908317994924609, 0.9819447897930538], "Sigma": [[0.009594015365925704, 0.00380185973618049, -0.018424967908159805], [0.00380185973618049, 0.003028151076159178, -0.006415674421075271], [-0.018424967908159805, -0.006415674421075271, 0.04967318646663945]], "chi2_level": 0.95, "chi2_df": 3, "chi2_threshold": 7.814727903251179, "N_raw": 7, "N_roi": 7, "N_inlier": 7, "refit": true}
{"timestamp": "18:10:06.350206", "frame": 59, "mu": [1.7281525185760616, 1.7156457590627627, 1.3006523313447649], "Sigma": [[0.0077939998246340245, 0.0011225236704616459, -0.002614862168799681], [0.0011225236704616459, 0.0003322304062018042, -0.0006282677402152549], [-0.002614862168799681, -0.0006282677402152549, 0.005455968379019105]], "chi2_level": 0.95, "chi2_df": 3, "chi2_threshold": 7.814727903251179, "N_raw": 8, "N_roi": 5, "N_inlier": 5, "refit": true}
{"timestamp": "18:10:06.406185", "frame": 60, "mu": [1.6684817871886914, 1.7497175270266059, 1.296817463372174], "Sigma": [[0.002622523985886716, -0.0006135273870624461, 4.3073800280390214e-05], [-0.0006135273870624461, 0.0023444641043397114, -0.0007617239001290514], [4.3073800280390214e-05, -0.0007617239001290514, 0.00025853060500634784]], "chi2_level": 0.95, "chi2_df": 3, "chi2_threshold": 7.814727903251179, "N_raw": 14, "N_roi": 11, "N_inlier": 10, "refit": true}
{"timestamp": "18:10:06.459627", "frame": 61, "mu": [1.7271432793991335, 1.7683778118568085, 1.2337139824265193], "Sigma": [[0.002204148882810336, 0.0006296174685434629, -0.0010284850091624707], [0.0006296174685434629, 0.001803905076363242, -0.0036974288809858567], [-0.0010284850091624707, -0.0036974288809858563, 0.01089417093916144]], "chi2_level": 0.95, "chi2_df": 3, "chi2_threshold": 7.814727903251179, "N_raw": 9, "N_roi": 7, "N_inlier": 7, "refit": true}
{"timestamp": "18:10:06.516192", "frame": 62, "mu": [1.6468751634218382, 1.814165606214849, 1.1565341245114804], "Sigma": [[0.0020018604136761028, -0.0005507235782789765, -0.0018471636186643276], [-0.0005507235782789765, 0.0017114990089909803, -0.001997400214407708], [-0.0018471636186643279, -0.001997400214407708, 0.006388186042992343]], "chi2_level": 0.95, "chi2_df": 3, "chi2_threshold": 7.814727903251179, "N_raw": 13, "N_roi": 10, "N_inlier": 10, "refit": true}
{"timestamp": "18:10:06.625753", "frame": 64, "mu": [1.5939412977829555, 1.9667155318155638, 1.2494468927918518], "Sigma": [[0.0030097788387696165, -0.0020239176023618714, -0.0037942921584561183], [-0.0020239176023618714, 0.0030016179939594267, 0.00110825865708252], [-0.0037942921584561183, 0.00110825865708252, 0.00947330216771312]], "chi2_level": 0.95, "chi2_df": 3, "chi2_threshold": 7.814727903251179, "N_raw": 17, "N_roi": 17, "N_inlier": 15, "refit": true}
{"timestamp": "18:10:06.683173", "frame": 65, "mu": [1.6117891332600671, 1.9834652926847725, 1.2954245801925497], "Sigma": [[0.007144384104093681, -0.0029392655203774763, -0.002145008799901841], [-0.002939265520377476, 0.0024933884410222595, -0.00032292418216497574], [-0.002145008799901841, -0.00032292418216497585, 0.002584354202544585]], "chi2_level": 0.95, "chi2_df": 3, "chi2_threshold": 7.814727903251179, "N_raw": 29, "N_roi": 27, "N_inlier": 25, "refit": true}
{"timestamp": "18:10:06.740341", "frame": 66, "mu": [1.5791679968269838, 2.0745916506844746, 1.2395377958425677], "Sigma": [[0.006210596570755883, -0.0030186787309280892, -0.003484398881250808], [-0.003018678730928089, 0.003671789503200183, -0.00011841139763760802], [-0.003484398881250808, -0.00011841139763760797, 0.00429189947273477]], "chi2_level": 0.95, "chi2_df": 3, "chi2_threshold": 7.814727903251179, "N_raw": 27, "N_roi": 27, "N_inlier": 25, "refit": true}
{"timestamp": "18:10:06.792185", "frame": 67, "mu": [1.517732780116296, 2.0939547374689766, 1.1682307195335007], "Sigma": [[0.0023895660496165002, 0.00020849192223962846, -0.007691618087366903], [0.00020849192223962857, 0.0017182184210145154, -0.0006794201761618054], [-0.007691618087366903, -0.0006794201761618054, 0.027678830646035255]], "chi2_level": 0.95, "chi2_df": 3, "chi2_threshold": 7.814727903251179, "N_raw": 6, "N_roi": 6, "N_inlier": 5, "refit": true}
{"timestamp": "18:10:06.848247", "frame": 68, "mu": [1.5265981236255142, 2.163616831821415, 1.2905434905073108], "Sigma": [[0.004400758083314849, -0.0017642694494409044, -0.0008186903962491795], [-0.0017642694494409044, 0.00201441669832901, -0.0001893443180126952], [-0.0008186903962491795, -0.0001893443180126952, 0.0010929218392300587]], "chi2_level": 0.95, "chi2_df": 3, "chi2_threshold": 7.814727903251179, "N_raw": 18, "N_roi": 18, "N_inlier": 16, "refit": true}
{"timestamp": "18:10:06.905786", "frame": 69, "mu": [1.4570798875295432, 2.3237007042481372, -0.4705538970988944], "Sigma": [[0.0061879871428889704, -0.0022061569343023134, -0.0005458222954314657], [-0.0022061569343023134, 0.0028812279929823614, -0.0016525281350503879], [-0.0005458222954314658, -0.0016525281350503879, 0.0028480475027596853]], "chi2_level": 0.95, "chi2_df": 3, "chi2_threshold": 7.814727903251179, "N_raw": 32, "N_roi": 27, "N_inlier": 25, "refit": true}
{"timestamp": "18:10:06.959860", "frame": 70, "mu": [1.4594492441867974, 2.046956537053916, 0.8368416715574227], "Sigma": [[0.00688693504715076, -0.002035871619044371, 0.0002310002413869292], [-0.002035871619044371, 0.0019237544561291986, -0.0011608828352339495], [0.00023100024138692914, -0.0011608828352339495, 0.0014364105159876048]], "chi2_level": 0.95, "chi2_df": 3, "chi2_threshold": 7.814727903251179, "N_raw": 28, "N_roi": 27, "N_inlier": 24, "refit": true}
{"timestamp": "18:10:07.017265", "frame": 71, "mu": [1.4090924820594113, 2.0619912043805453, 0.7806081898074241], "Sigma": [[0.010042073743194596, -0.001326714264353711, 0.003847263409188829], [-0.0013267142643537107, 0.004215230012062576, -0.00046263966018211203], [0.003847263409188829, -0.00046263966018211225, 0.004338497156009411]], "chi2_level": 0.95, "chi2_df": 3, "chi2_threshold": 7.814727903251179, "N_raw": 41, "N_roi": 39, "N_inlier": 36, "refit": true}
{"timestamp": "18:10:07.073100", "frame": 72, "mu": [1.30842715962877, 2.10989333119691, 0.7580940396039366], "Sigma": [[0.010678548228291833, -0.002863441530432411, 0.0020918632145519368], [-0.0028634415304324115, 0.0021166698669281636, -0.0021090593397428675], [0.0020918632145519368, -0.002109059339742867, 0.006005779653780012]], "chi2_level": 0.95, "chi2_df": 3, "chi2_threshold": 7.814727903251179, "N_raw": 44, "N_roi": 40, "N_inlier": 39, "refit": true}
{"timestamp": "18:10:07.124671", "frame": 73, "mu": [1.3269960308676438, 2.229949667712958, 0.9829882810561937], "Sigma": [[0.003963897815145651, 0.0011538830295516854, 0.003005875523414902], [0.0011538830295516852, 0.004012559439796882, -0.0014793001056013048], [0.0030058755234149016, -0.0014793001056013048, 0.0069669864798623015]], "chi2_level": 0.95, "chi2_df": 3, "chi2_threshold": 7.814727903251179, "N_raw": 24, "N_roi": 24, "N_inlier": 23, "refit": true}
{"timestamp": "18:10:07.178053", "frame": 74, "mu": [1.4014136577021514, 2.517907676691968, -0.2100634255059689], "Sigma": [[0.010629294977457139, 0.005787875592337077, -0.000508423232691862], [0.005787875592337077, 0.0035709816111827437, -0.0009290911560478254], [-0.0005084232326918624, -0.0009290911560478256, 0.0031845196133706167]], "chi2_level": 0.95, "chi2_df": 3, "chi2_threshold": 7.814727903251179, "N_raw": 10, "N_roi": 6, "N_inlier": 6, "refit": true}
{"timestamp": "18:10:07.232583", "frame": 75, "mu": [1.3995356552760476, 2.4376998274200887, 1.2387419577324017], "Sigma": [[0.0020685657499612087, 0.0015480459254877026, -0.005031104844663255], [0.0015480459254877028, 0.002786060679068514, -0.0038935077022341858], [-0.005031104844663255, -0.0038935077022341858, 0.012255310012422752]], "chi2_level": 0.95, "chi2_df": 3, "chi2_threshold": 7.814727903251179, "N_raw": 10, "N_roi": 6, "N_inlier": 5, "refit": true}
{"timestamp": "18:10:07.287107", "frame": 76, "mu": [1.5318378553493381, 2.3696946821417693, 0.8194625548697682], "Sigma": [[0.016486130213176978, -0.013947605747038728, -0.048404333578069426], [-0.013947605747038728, 0.01411502987239359, 0.04080417860220388], [-0.048404333578069426, 0.04080417860220388, 0.14753428838005717]], "chi2_level": 0.95, "chi2_df": 3, "chi2_threshold": 7.814727903251179, "N_raw": 11, "N_roi": 11, "N_inlier": 10, "refit": true}
{"timestamp": "18:10:07.342039", "frame": 77, "mu": [1.331411312234564, 2.1993167538958587, 1.2549350452909238], "Sigma": [[0.2382696701589529, 0.3734269456466953, -0.12746675310786024], [0.37342694564669526, 0.6438858851913962, -0.1423888754470446], [-0.12746675310786024, -0.1423888754470446, 0.14139254867074855]], "chi2_level": 0.95, "chi2_df": 3, "chi2_threshold": 7.814727903251179, "N_raw": 10, "N_roi": 7, "N_inlier": 7, "refit": true}
{"timestamp": "18:10:07.399154", "frame": 78, "mu": [1.4796548657292723, 2.6222512684002184, 1.4535910307913096], "Sigma": [[0.007403335216862689, -0.0012719106608289946, 0.002825115918311618], [-0.0012719106608289944, 0.0031527752427312878, 0.0016066157716061228], [0.002825115918311618, 0.0016066157716061228, 0.0031885294800359505]], "chi2_level": 0.95, "chi2_df": 3, "chi2_threshold": 7.814727903251179, "N_raw": 23, "N_roi": 23, "N_inlier": 21, "refit": true}
{"timestamp": "18:10:07.453216", "frame": 79, "mu": [1.4776346477899327, 2.615354110608601, 1.329443252713034], "Sigma": [[0.003542110308397999, -0.0005146759913214782, -0.004114861977499443], [-0.0005146759913214783, 0.0017109629028445937, -0.0008389278567815174], [-0.004114861977499443, -0.0008389278567815174, 0.01190526325737845]], "chi2_level": 0.95, "chi2_df": 3, "chi2_threshold": 7.814727903251179, "N_raw": 15, "N_roi": 15, "N_inlier": 14, "refit": true}
{"timestamp": "18:10:07.507391", "frame": 80, "mu": [1.5521917296681313, 2.645888151696176, 1.2780188204844918], "Sigma": [[0.002848611420668035, -0.0005047186924082232, -0.0015462082795291265], [-0.0005047186924082231, 0.003251838648064961, 0.009096689646265638], [-0.0015462082795291263, 0.009096689646265636, 0.060277267894788045]], "chi2_level": 0.95, "chi2_df": 3, "chi2_threshold": 7.814727903251179, "N_raw": 11, "N_roi": 11, "N_inlier": 10, "refit": true}
{"timestamp": "18:10:07.564520", "frame": 81, "mu": [1.4769346118568738, 2.7547672895314665, 1.3468723878576099], "Sigma": [[0.005463779640526604, -0.00205415585804229, 0.0012031127033664017], [-0.0020541558580422906, 0.0025312153298454004, -0.0014889545021062114], [0.0012031127033664017, -0.0014889545021062114, 0.0022766724812683754]], "chi2_level": 0.95, "chi2_df": 3, "chi2_threshold": 7.814727903251179, "N_raw": 23, "N_roi": 20, "N_inlier": 19, "refit": true}
{"timestamp": "18:10:07.619346", "frame": 82, "mu": [1.5271117331982704, 2.7499034433485186, 1.1900066519772297], "Sigma": [[0.004916677795827307, -0.0024164178599200736, -0.0024578990433249126], [-0.0024164178599200736, 0.0025762365037834242, -0.0011830061775102057], [-0.0024578990433249126, -0.0011830061775102054, 0.009562500475132732]], "chi2_level": 0.95, "chi2_df": 3, "chi2_threshold": 7.814727903251179, "N_raw": 23, "N_roi": 21, "N_inlier": 19, "refit": true}
{"timestamp": "18:10:07.674841", "frame": 83, "mu": [1.556085604635087, 2.8177876442881025, 1.3480354248108053], "Sigma": [[0.00736048972127885, -0.004983200589019537, 1.4841672553104817e-05], [-0.004983200589019537, 0.004642276080349706, -0.0031967937305485234], [1.4841672553104817e-05, -0.0031967937305485234, 0.013580940889256717]], "chi2_level": 0.95, "chi2_df": 3, "chi2_threshold": 7.814727903251179, "N_raw": 30, "N_roi": 29, "N_inlier": 27, "refit": true}
{"timestamp": "18:10:07.730475", "frame": 84, "mu": [1.5455985387562285, 2.8473759281126174, 1.157214611789417], "Sigma": [[0.008122641931056952, -0.003535089084622653, -0.0050309128058191556], [-0.0035350890846226534, 0.0029359871060168994, -0.0003655233509992753], [-0.005030912805819156, -0.0003655233509992753, 0.014863761994455925]], "chi2_level": 0.95, "chi2_df": 3, "chi2_threshold": 7.814727903251179, "N_raw": 32, "N_roi": 32, "N_inlier": 28, "refit": true}
{"timestamp": "18:10:07.782227", "frame": 85, "mu": [1.5774151694178347, 2.8825323639426106, 1.1173034575328975], "Sigma": [[0.005961052791449703, 0.0015366165188437052, -0.022175174363604368], [0.0015366165188437052, 0.001508092756146987, -0.00869642217096964], [-0.022175174363604364, -0.00869642217096964, 0.12221558672590861]], "chi2_level": 0.95, "chi2_df": 3, "chi2_threshold": 7.814727903251179, "N_raw": 10, "N_roi": 7, "N_inlier": 7, "refit": true}
{"timestamp": "18:10:07.839871", "frame": 86, "mu": [1.5865868302198933, 2.8760008509528174, 1.0867923363043297], "Sigma": [[0.008358178084397922, -0.003009581488150244, -0.004256528655794555], [-0.003009581488150244, 0.0023221279596598683, -0.0005187084041157045], [-0.004256528655794555, -0.0005187084041157045, 0.009604283427195787]], "chi2_level": 0.95, "chi2_df": 3, "chi2_threshold": 7.814727903251179, "N_raw": 28, "N_roi": 28, "N_inlier": 25, "refit": true}
{"timestamp": "18:10:07.894043", "frame": 87, "mu": [1.5516442450119106, 2.9140862786288624, 1.0542469432347117], "Sigma": [[0.006890585334873504, -0.002317002540727163, -0.0004482649696904772], [-0.002317002540727163, 0.0025162458923188753, -0.0019783627810698217], [-0.0004482649696904772, -0.0019783627810698217, 0.005293743611645179]], "chi2_level": 0.95, "chi2_df": 3, "chi2_threshold": 7.814727903251179, "N_raw": 22, "N_roi": 22, "N_inlier": 19, "refit": true}
{"timestamp": "18:10:08.004060", "frame": 89, "mu": [1.6323893000086298, 2.980915870258137, 1.1208178945451253], "Sigma": [[0.009052259369834732, -0.00410900311087821, -0.004955219544338268], [-0.00410900311087821, 0.0030419836284685114, 0.0008984110113438222], [-0.0049552195443382675, 0.000898411011343822, 0.009078822846720902]], "chi2_level": 0.95, "chi2_df": 3, "chi2_threshold": 7.814727903251179, "N_raw": 22, "N_roi": 22, "N_inlier": 21, "refit": true}
{"timestamp": "18:10:08.058273", "frame": 90, "mu": [1.6825602246121159, 3.0324713215005334, 1.023770611547146], "Sigma": [[0.0056677546988716755, -0.00297541317360086, -0.007193793729896772], [-0.00297541317360086, 0.002468494607278043, 0.0016030051433706173], [-0.007193793729896772, 0.0016030051433706173, 0.018112427755203532]], "chi2_level": 0.95, "chi2_df": 3, "chi2_threshold": 7.814727903251179, "N_raw": 15, "N_roi": 13, "N_inlier": 13, "refit": true}
{"timestamp": "18:10:08.115778", "frame": 91, "mu": [1.6926907683285874, 3.0279129872051844, 0.9063403554507291], "Sigma": [[0.020527767108828587, -0.009045289071392872, -0.0136206699895545], [-0.009045289071392874, 0.006005478088055187, 0.003911559542251022], [-0.0136206699895545, 0.003911559542251022, 0.014238696107809918]], "chi2_level": 0.95, "chi2_df": 3, "chi2_threshold": 7.814727903251179, "N_raw": 39, "N_roi": 39, "N_inlier": 38, "refit": true}
{"timestamp": "18:10:08.166793", "frame": 92, "mu": [1.682307331005178, 3.0964441931600923, 0.9812190898646075], "Sigma": [[0.007364522217750629, -0.005303746297872054, -0.03304616508341321], [-0.005303746297872054, 0.004920647903187398, 0.02510374072234675], [-0.0330461650834132, 0.02510374072234675, 0.15117380954238413]], "chi2_level": 0.95, "chi2_df": 3, "chi2_threshold": 7.814727903251179, "N_raw": 6, "N_roi": 6, "N_inlier": 6, "refit": true}
{"timestamp": "18:10:08.226285", "frame": 93, "mu": [1.5919312946827897, 3.2946857061230403, -0.0016005733459861175], "Sigma": [[0.015270229597135502, -0.004457044618162242, -0.010335517893438492], [-0.004457044618162242, 0.004668312072044562, -0.001440774840089489], [-0.010335517893438492, -0.0014407748400894894, 0.01504299686640614]], "chi2_level": 0.95, "chi2_df": 3, "chi2_threshold": 7.814727903251179, "N_raw": 35, "N_roi": 35, "N_inlier": 34, "refit": true}
{"timestamp": "18:10:08.281682", "frame": 94, "mu": [1.5892138818981274, 3.208592842502113, 0.9745129974724548], "Sigma": [[0.016863473928084398, -0.006701337970242369, -0.005818571370264622], [-0.006701337970242369, 0.0038160142347171055, -0.00010704658162714105], [-0.005818571370264622, -0.00010704658162714089, 0.012257820464222956]], "chi2_level": 0.95, "chi2_df": 3, "chi2_threshold": 7.814727903251179, "N_raw": 36, "N_roi": 36, "N_inlier": 35, "refit": true}
{"timestamp": "18:10:08.338916", "frame": 95, "mu": [1.563510896984247, 3.1736260692287637, 0.686869825720093], "Sigma": [[0.031068657963553646, -0.010402920558210888, -0.020665317573770506], [-0.01040292055821089, 0.006919385432184399, 0.007849626348958534], [-0.020665317573770506, 0.007849626348958534, 0.024160096177668296]], "chi2_level": 0.95, "chi2_df": 3, "chi2_threshold": 7.814727903251179, "N_raw": 55, "N_roi": 52, "N_inlier": 51, "refit": true}
{"timestamp": "18:10:08.393811", "frame": 96, "mu": [1.4635653306053242, 3.290048538161647, 0.9334607668838442], "Sigma": [[0.020608432192631986, -0.0005764544833977753, 0.0044040399101154225], [-0.0005764544833977753, 0.0036423093481120607, -0.0008712539841383613], [0.0044040399101154225, -0.0008712539841383613, 0.005341324057129786]], "chi2_level": 0.95, "chi2_df": 3, "chi2_threshold": 7.814727903251179, "N_raw": 51, "N_roi": 48, "N_inlier": 46, "refit": true}
{"timestamp": "18:10:08.445205", "frame": 97, "mu": [1.4921900024444321, 3.360579304673212, 1.0424343793969781], "Sigma": [[0.03880618715002288, -0.008876918379633968, -0.024222535454759334], [-0.008876918379633968, 0.0048361386674034565, 0.0069992449688323416], [-0.02422253545475933, 0.0069992449688323416, 0.019688778580293675]], "chi2_level": 0.95, "chi2_df": 3, "chi2_threshold": 7.814727903251179, "N_raw": 31, "N_roi": 29, "N_inlier": 28, "refit": true}
{"timestamp": "18:10:08.500778", "frame": 98, "mu": [1.5332077858629332, 3.4189656989448403, 1.093632197688355], "Sigma": [[0.0189034388244371, -0.006136920297323537, -0.009947484022790373], [-0.006136920297323536, 0.0037001940156181704, 0.0016663382793271212], [-0.009947484022790373, 0.0016663382793271212, 0.008423581952173747]], "chi2_level": 0.95, "chi2_df": 3, "chi2_threshold": 7.814727903251179, "N_raw": 35, "N_roi": 33, "N_inlier": 33, "refit": true}
{"timestamp": "18:10:08.551329", "frame": 99, "mu": [1.4920926539319823, 3.4690823414584875, 1.1817078205358715], "Sigma": [[0.01106147864570689, 0.004802317182537015, -0.002163177286950035], [0.0048023171825370145, 0.002144842624933944, -0.0010118274449580848], [-0.002163177286950035, -0.0010118274449580848, 0.0006166180417519718]], "chi2_level": 0.95, "chi2_df": 3, "chi2_threshold": 7.814727903251179, "N_raw": 5, "N_roi": 5, "N_inlier": 5, "refit": true}
{"timestamp": "18:10:08.650394", "frame": 100, "mu": [1.6449642673486213, 3.494393809675718, 1.1073349490014703], "Sigma": [[0.0167795328373783, -0.005942913913664732, -0.0068746672517402815], [-0.005942913913664732, 0.004302470004254498, 0.0019880738412906894], [-0.0068746672517402815, 0.0019880738412906894, 0.003835986928791355]], "chi2_level": 0.95, "chi2_df": 3, "chi2_threshold": 7.814727903251179, "N_raw": 30, "N_roi": 28, "N_inlier": 27, "refit": true}
{"timestamp": "18:10:08.674255", "frame": 101, "mu": [1.5190841517203004, 3.5390584505402733, 1.1307831884220878], "Sigma": [[0.010498859995172975, -0.005807878540809581, -0.009060120336630345], [-0.005807878540809581, 0.004185486862437194, 0.003536180630081781], [-0.009060120336630345, 0.003536180630081781, 0.01429855105501372]], "chi2_level": 0.95, "chi2_df": 3, "chi2_threshold": 7.814727903251179, "N_raw": 24, "N_roi": 24, "N_inlier": 22, "refit": true}
{"timestamp": "18:10:08.718180", "frame": 102, "mu": [1.6763092617474389, 3.4823517157863657, 0.9412945547866887], "Sigma": [[0.012692129667885441, -0.004992826978453233, -0.006257757957904369], [-0.004992826978453233, 0.003458522240446585, 0.002451994842550447], [-0.006257757957904369, 0.0024519948425504477, 0.0039420274628545115]], "chi2_level": 0.95, "chi2_df": 3, "chi2_threshold": 7.814727903251179, "N_raw": 18, "N_roi": 18, "N_inlier": 18, "refit": true}
{"timestamp": "18:10:08.773133", "frame": 103, "mu": [1.6225560087523205, 3.5627588449777816, 1.1347947982240139], "Sigma": [[0.009825532254122683, -0.0036953379836398162, -0.005579035840637059], [-0.0036953379836398162, 0.002789297945080539, 0.0014034084689552454], [-0.0055790358406370595, 0.0014034084689552454, 0.005765839189639514]], "chi2_level": 0.95, "chi2_df": 3, "chi2_threshold": 7.814727903251179, "N_raw": 19, "N_roi": 19, "N_inlier": 18, "refit": true}
{"timestamp": "18:10:08.829933", "frame": 104, "mu": [1.6017840469492601, 3.6169974136754113, 1.2133291269855957], "Sigma": [[0.015531048884381156, -0.005983323995055592, -0.00814729207887273], [-0.005983323995055592, 0.004646874142878391, 0.001652099708838007], [-0.008147292078872732, 0.0016520997088380071, 0.007161894876179111]], "chi2_level": 0.95, "chi2_df": 3, "chi2_threshold": 7.814727903251179, "N_raw": 32, "N_roi": 32, "N_inlier": 31, "refit": true}
{"timestamp": "18:10:08.882528", "frame": 105, "mu": [1.557252894406308, 3.656523328574171, 1.2502769001163248], "Sigma": [[0.010501114871831628, -0.004862071353387557, -0.005411981196919793], [-0.004862071353387557, 0.0028249254399936, 0.0022087552917614984], [-0.005411981196919793, 0.002208755291761499, 0.004223369584545296]], "chi2_level": 0.95, "chi2_df": 3, "chi2_threshold": 7.814727903251179, "N_raw": 13, "N_roi": 13, "N_inlier": 12, "refit": true}
{"timestamp": "18:10:08.938650", "frame": 106, "mu": [1.558642463742943, 3.6985372376175865, 1.2465277161877444], "Sigma": [[0.015028506083304588, -0.006094941537090339, -0.004980896703255877], [-0.00609494153709034, 0.0043055517225016, 0.0007652791944970986], [-0.004980896703255877, 0.0007652791944970986, 0.004568724342103017]], "chi2_level": 0.95, "chi2_df": 3, "chi2_threshold": 7.814727903251179, "N_raw": 28, "N_roi": 28, "N_inlier": 27, "refit": true}
{"timestamp": "18:10:08.991261", "frame": 107, "mu": [1.584874182557954, 3.702960042009831, 0.9895701023587713], "Sigma": [[0.0035307979427150918, -0.0029510130250531784, -0.02542800203258], [-0.0029510130250531784, 0.002949297034369071, 0.02049673315173268], [-0.02542800203258, 0.02049673315173268, 0.18452199287346327]], "chi2_level": 0.95, "chi2_df": 3, "chi2_threshold": 7.814727903251179, "N_raw": 5, "N_roi": 5, "N_inlier": 5, "refit": true}
{"timestamp": "18:10:09.050615", "frame": 108, "mu": [1.5875356699056855, 3.789961910863397, 1.0498783139288674], "Sigma": [[0.0158818824866945, -0.0081589742308763, -0.012672048405447164], [-0.008158974230876302, 0.0052113930909083875, 0.004002729223726472], [-0.012672048405447164, 0.004002729223726472, 0.023563897286916463]], "chi2_level": 0.95, "chi2_df": 3, "chi2_threshold": 7.814727903251179, "N_raw": 36, "N_roi": 33, "N_inlier": 32, "refit": true}
{"timestamp": "18:10:09.103611", "frame": 109, "mu": [1.6060144947806738, 3.8013105488201933, 0.9009056207225827], "Sigma": [[0.0060909755239609625, -0.002627739814255132, -0.002850699151448678], [-0.002627739814255132, 0.002642715063602406, 0.0002434341660285562], [-0.002850699151448678, 0.00024343416602855636, 0.004518326132197811]], "chi2_level": 0.95, "chi2_df": 3, "chi2_threshold": 7.814727903251179, "N_raw": 16, "N_roi": 16, "N_inlier": 16, "refit": true}
{"timestamp": "18:10:09.157777", "frame": 110, "mu": [1.5922815094188105, 3.898861863876827, 1.1045549494241216], "Sigma": [[0.00533936581335531, -0.002934813648241916, -0.008770594837772486], [-0.002934813648241916, 0.0018328063986011451, 0.005524986880717394], [-0.008770594837772486, 0.005524986880717394, 0.05118315847717333]], "chi2_level": 0.95, "chi2_df": 3, "chi2_threshold": 7.814727903251179, "N_raw": 15, "N_roi": 10, "N_inlier": 10, "refit": true}
{"timestamp": "18:10:09.211777", "frame": 111, "mu": [1.5685765721732763, 3.9423752018754987, 0.9095604542860308], "Sigma": [[0.0026719387285330997, -0.0023901035135743885, -0.01614771036716253], [-0.0023901035135743885, 0.00418469066995648, 0.018537798570754112], [-0.01614771036716253, 0.018537798570754112, 0.14024984805790536]], "chi2_level": 0.95, "chi2_df": 3, "chi2_threshold": 7.814727903251179, "N_raw": 9, "N_roi": 7, "N_inlier": 7, "refit": true}
{"timestamp": "18:10:09.272777", "frame": 112, "mu": [1.592029555459128, 3.9997849942600685, 0.9941166255186396], "Sigma": [[0.02384815484484048, -0.010324295799574989, -0.011546176323218041], [-0.010324295799574987, 0.005343062301257922, 0.002437837686455141], [-0.011546176323218043, 0.0024378376864551406, 0.02242150875833554]], "chi2_level": 0.95, "chi2_df": 3, "chi2_threshold": 7.814727903251179, "N_raw": 49, "N_roi": 38, "N_inlier": 36, "refit": true}
{"timestamp": "18:10:09.326576", "frame": 113, "mu": [1.572629783385978, 4.048966258472769, 1.020897501561238], "Sigma": [[0.011533225273601412, -0.005123052916371051, -0.0074055028959281455], [-0.005123052916371051, 0.0029726499654313754, 0.001569777372231902], [-0.0074055028959281455, 0.0015697773722319016, 0.01487580469876317]], "chi2_level": 0.95, "chi2_df": 3, "chi2_threshold": 7.814727903251179, "N_raw": 35, "N_roi": 21, "N_inlier": 19, "refit": true}
{"timestamp": "18:10:09.379791", "frame": 114, "mu": [1.6008038190160674, 4.098999866326842, 0.9970576715193897], "Sigma": [[0.02193129301475452, -0.008599759774425151, -0.005608690171462695], [-0.008599759774425151, 0.004737294461773214, 0.0021244713804381725], [-0.005608690171462696, 0.0021244713804381725, 0.0031735150457356557]], "chi2_level": 0.95, "chi2_df": 3, "chi2_threshold": 7.814727903251179, "N_raw": 24, "N_roi": 24, "N_inlier": 23, "refit": true}
{"timestamp": "18:10:09.490003", "frame": 116, "mu": [1.6043824723047089, 4.193726361660117, 1.2737801778193119], "Sigma": [[0.015661762439276077, -0.0047943784891868214, -0.007572215840008125], [-0.0047943784891868214, 0.0036466999664260522, 0.0006188547475092982], [-0.007572215840008125, 0.0006188547475092982, 0.007116218860077719]], "chi2_level": 0.95, "chi2_df": 3, "chi2_threshold": 7.814727903251179, "N_raw": 31, "N_roi": 31, "N_inlier": 29, "refit": true}
{"timestamp": "18:10:09.544462", "frame": 117, "mu": [1.661699446837472, 4.208394532124548, 1.2544334811138442], "Sigma": [[0.01669248542712857, -0.00630074005415653, -0.014038289880274439], [-0.00630074005415653, 0.0039771371596522605, 0.003964204662462383], [-0.014038289880274439, 0.0039642046624623825, 0.017703145572583973]], "chi2_level": 0.95, "chi2_df": 3, "chi2_threshold": 7.814727903251179, "N_raw": 24, "N_roi": 24, "N_inlier": 23, "refit": true}
{"timestamp": "18:10:09.596344", "frame": 118, "mu": [1.69120080053926, 4.259421054045015, 0.9211447917643553], "Sigma": [[0.006168220469239533, -0.0027725382049075473, -0.026321211997100285], [-0.0027725382049075473, 0.002700652842482488, 0.013139479686115518], [-0.02632121199710029, 0.013139479686115518, 0.11735891577307848]], "chi2_level": 0.95, "chi2_df": 3, "chi2_threshold": 7.814727903251179, "N_raw": 5, "N_roi": 5, "N_inlier": 5, "refit": true}
{"timestamp": "18:10:09.653128", "frame": 119, "mu": [1.6502122557287127, 4.257708480800594, 1.0941884830012214], "Sigma": [[0.01348240450973425, -0.005256412724360043, -0.004930597974732279], [-0.005256412724360043, 0.002682073320262349, 0.0004912122261024881], [-0.004930597974732279, 0.0004912122261024881, 0.0072563809454623445]], "chi2_level": 0.95, "chi2_df": 3, "chi2_threshold": 7.814727903251179, "N_raw": 20, "N_roi": 20, "N_inlier": 18, "refit": true}
{"timestamp": "18:10:09.709094", "frame": 120, "mu": [1.5648706315003291, 4.3498031060966085, 1.119919768268201], "Sigma": [[0.02204670054307129, -0.007648794394510777, -0.004890193557003928], [-0.007648794394510777, 0.0037980671512586254, 0.0003890158303320972], [-0.004890193557003928, 0.00038901583033209723, 0.00638696952149151]], "chi2_level": 0.95, "chi2_df": 3, "chi2_threshold": 7.814727903251179, "N_raw": 24, "N_roi": 24, "N_inlier": 23, "refit": true}
{"timestamp": "18:10:09.761587", "frame": 121, "mu": [1.6836897807512368, 4.341542168987629, 0.8837002224995785], "Sigma": [[0.011977412503161164, -0.0031405459335861145, -0.032453382468826515], [-0.0031405459335861145, 0.001669267341887893, 0.01002017979218877], [-0.03245338246882651, 0.01002017979218877, 0.09370538574241608]], "chi2_level": 0.95, "chi2_df": 3, "chi2_threshold": 7.814727903251179, "N_raw": 5, "N_roi": 5, "N_inlier": 5, "refit": true}
{"timestamp": "18:10:09.820669", "frame": 122, "mu": [1.648041565615905, 4.5064308620114195, 0.060008946463199056], "Sigma": [[0.02938678995137531, -0.0034793333410700674, -0.0147460053649054], [-0.0034793333410700674, 0.0026440869959537816, -0.0010543409628984083], [-0.014746005364905399, -0.0010543409628984088, 0.013328616497473083]], "chi2_level": 0.95, "chi2_df": 3, "chi2_threshold": 7.814727903251179, "N_raw": 32, "N_roi": 30, "N_inlier": 29, "refit": true}
{"timestamp": "18:10:09.871642", "frame": 123, "mu": [1.677159909505562, 4.43019346531016, 0.9621941896142421], "Sigma": [[0.02419774012715309, -0.007344214691238129, -0.05421111234573586], [-0.007344214691238131, 0.002964458736993728, 0.01769183146866683], [-0.05421111234573586, 0.01769183146866683, 0.12457383650626287]], "chi2_level": 0.95, "chi2_df": 3, "chi2_threshold": 7.814727903251179, "N_raw": 5, "N_roi": 5, "N_inlier": 5, "refit": true}
{"timestamp": "18:10:09.930578", "frame": 124, "mu": [1.7251698867671266, 4.467628237758433, 0.8936608237268706], "Sigma": [[0.02700181618887347, -0.01187903224379707, -0.024852462524441458], [-0.01187903224379707, 0.006688796918609305, 0.007920417987121252], [-0.024852462524441458, 0.007920417987121252, 0.0371529548670019]], "chi2_level": 0.95, "chi2_df": 3, "chi2_threshold": 7.814727903251179, "N_raw": 37, "N_roi": 37, "N_inlier": 36, "refit": true}
{"timestamp": "18:10:09.982380", "frame": 125, "mu": [1.4746904947107193, 4.569427912094263, 1.0999520838413541], "Sigma": [[0.011137542566585298, 0.0001548196588973148, -0.005324665646022661], [0.00015481965889731464, 0.0010203369457143176, -0.00066135622979336], [-0.005324665646022661, -0.00066135622979336, 0.005060442293204029]], "chi2_level": 0.95, "chi2_df": 3, "chi2_threshold": 7.814727903251179, "N_raw": 8, "N_roi": 8, "N_inlier": 7, "refit": true}
{"timestamp": "18:10:10.035976", "frame": 126, "mu": [1.6420501753464063, 4.581614341293603, 0.8723525038537531], "Sigma": [[0.014782416430245663, 0.0017874129066513113, -0.015367257832765905], [0.0017874129066513113, 0.0003385582520568751, -0.001870506883435448], [-0.015367257832765905, -0.0018705068834354475, 0.02104828256155761]], "chi2_level": 0.95, "chi2_df": 3, "chi2_threshold": 7.814727903251179, "N_raw": 5, "N_roi": 5, "N_inlier": 5, "refit": true}
{"timestamp": "18:10:10.256830", "frame": 130, "mu": [1.6813777319423922, 4.75495521344597, 1.1199245801959663], "Sigma": [[0.011567372517524573, -0.003215084888569821, -0.0013799454413809644], [-0.0032150848885698206, 0.001447157866036696, -0.0003946282181776445], [-0.0013799454413809644, -0.0003946282181776445, 0.004199640614006677]], "chi2_level": 0.95, "chi2_df": 3, "chi2_threshold": 7.814727903251179, "N_raw": 10, "N_roi": 10, "N_inlier": 9, "refit": true}
{"timestamp": "18:10:10.312242", "frame": 131, "mu": [1.6105391346083753, 4.79108832045096, 1.1436065353077902], "Sigma": [[0.006148275910532563, -0.0008159951478891103, -0.007252970471067911], [-0.0008159951478891099, 0.002344911287499251, -0.002212362395933364], [-0.007252970471067911, -0.002212362395933364, 0.018668159870755076]], "chi2_level": 0.95, "chi2_df": 3, "chi2_threshold": 7.814727903251179, "N_raw": 8, "N_roi": 8, "N_inlier": 8, "refit": true}
{"timestamp": "18:10:10.752938", "frame": 139, "mu": [1.5810350030298472, 4.951532807662127, 0.8375304428469779], "Sigma": [[0.0056379882153490156, -0.0013787022159785138, -0.011115804120207143], [-0.0013787022159785138, 0.0010553296158539365, 0.0032367854795640185], [-0.011115804120207143, 0.0032367854795640185, 0.025589832640496524]], "chi2_level": 0.95, "chi2_df": 3, "chi2_threshold": 7.814727903251179, "N_raw": 17, "N_roi": 7, "N_inlier": 7, "refit": true}
{"timestamp": "18:10:10.809325", "frame": 140, "mu": [1.6354329586732967, 4.9369209790566355, 0.8371744587690888], "Sigma": [[0.008596934185989898, -0.0009244751258254908, -0.00043716157806502677], [-0.0009244751258254907, 0.0015350306196541443, 3.0463546099232332e-05], [-0.00043716157806502677, 3.0463546099232332e-05, 0.00015451016701456235]], "chi2_level": 0.95, "chi2_df": 3, "chi2_threshold": 7.814727903251179, "N_raw": 22, "N_roi": 12, "N_inlier": 10, "refit": true}
